Date,Song Title,Artist,Album,Duration
2025-03-29,Kuiim,ALEM,ALEM,3:28
2025-03-29,Homay,AY YOLA,AY YOLA,4:04
2025-03-29,like JENNIE,JENNIE,JENNIE,2:03
2025-03-29,Гасолина,Captown,Captown,1:45
2025-03-29,Просто так,Klava Koka,Klava Koka,2:53
2025-03-29,не расслабляйся,Skryptonite,Skryptonite,2:44
2025-03-29,Die With A Smile,Lady Gaga,Lady Gaga,4:11
2025-03-29,Канцлер,Экси,Экси,3:26
2025-03-29,Not Like Us,Kendrick Lamar,Kendrick Lamar,4:34
2025-03-29,TYNYSYM,De Lacure,De Lacure,3:33
2025-03-29,Seoul City,JENNIE,JENNIE,2:44
2025-03-29,Keipker,Ernar Amandyq,Ernar Amandyq,3:24
2025-03-29,luther,Kendrick Lamar,Kendrick Lamar,2:57
2025-03-29,Anxiety,Doechii,Doechii,4:09
2025-03-29,APT.,ROSÉ,ROSÉ,2:49
2025-03-29,WILDFLOWER,Billie Eilish,Billie Eilish,4:21
2025-03-29,Timeless,The Weeknd,The Weeknd,4:16
2025-03-29,Мерин,Пабло,Пабло,2:09
2025-03-29,ELESTET,ALEM,ALEM,3:13
2025-03-29,ExtraL,JENNIE,JENNIE,2:47
2025-03-29,PASSO BEM SOLTO (Slowed),ATLXS,ATLXS,1:56
2025-03-29,Есенин,NAVAI,NAVAI,2:50
2025-03-29,BIRDS OF A FEATHER,Billie Eilish,Billie Eilish,3:30
2025-03-29,I Got Love (feat. Рем Дигга),Miyagi & Эндшпиль,Miyagi & Эндшпиль,4:36
2025-03-29,AKETESIN (feat. V $ X V PRiNCE),De Lacure,De Lacure,3:16
