{
"lowlevel": {
    "average_loudness": 0.983608841896,
    "barkbands_crest": {
        "dmean": 3.13280057907,
        "dmean2": 4.6146774292,
        "dvar": 7.48643636703,
        "dvar2": 15.6263828278,
        "max": 26.2333621979,
        "mean": 11.4569473267,
        "median": 10.84953022,
        "min": 2.62500309944,
        "stdev": 4.37592554092,
        "var": 19.1487255096
    },
    "barkbands_flatness_db": {
        "dmean": 0.0307303797454,
        "dmean2": 0.0440754033625,
        "dvar": 0.000829387281556,
        "dvar2": 0.00168536393903,
        "max": 0.376353412867,
        "mean": 0.148369416595,
        "median": 0.146607115865,
        "min": 0.0282602403313,
        "stdev": 0.0499936044216,
        "var": 0.00249936035834
    },
    "barkbands_kurtosis": {
        "dmean": 5.95098686218,
        "dmean2": 8.72678661346,
        "dvar": 139.538894653,
        "dvar2": 284.632537842,
        "max": 264.917510986,
        "mean": 8.86351776123,
        "median": 4.53645372391,
        "min": -1.84511458874,
        "stdev": 16.0642166138,
        "var": 258.059082031
    },
    "barkbands_skewness": {
        "dmean": 0.828696906567,
        "dmean2": 1.20189833641,
        "dvar": 0.854301631451,
        "dvar2": 1.74033844471,
        "max": 15.7030267715,
        "mean": 2.44735956192,
        "median": 2.22640609741,
        "min": -1.21490061283,
        "stdev": 1.51502883434,
        "var": 2.29531240463
    },
    "barkbands_spread": {
        "dmean": 8.64235019684,
        "dmean2": 13.0768041611,
        "dvar": 99.8120193481,
        "dvar2": 205.876327515,
        "max": 99.4778823853,
        "mean": 26.9658946991,
        "median": 23.6521110535,
        "min": 1.55186319351,
        "stdev": 16.4725379944,
        "var": 271.344482422
    },
    "dissonance": {
        "dmean": 0.0173774156719,
        "dmean2": 0.0278123468161,
        "dvar": 0.000287448143354,
        "dvar2": 0.000585466157645,
        "max": 0.500000119209,
        "mean": 0.462951004505,
        "median": 0.46685090661,
        "min": 0.140633657575,
        "stdev": 0.0252669993788,
        "var": 0.000638421275653
    },
    "dynamic_complexity": 1.46632516384,
    "erbbands_crest": {
        "dmean": 2.8468670845,
        "dmean2": 4.49361038208,
        "dvar": 7.1722574234,
        "dvar2": 16.5234928131,
        "max": 27.0071964264,
        "mean": 8.93607616425,
        "median": 7.81194353104,
        "min": 2.65002083778,
        "stdev": 4.28745937347,
        "var": 18.3823070526
    },
    "erbbands_flatness_db": {
        "dmean": 0.0159080233425,
        "dmean2": 0.0225213989615,
        "dvar": 0.000231632904615,
        "dvar2": 0.000412752648117,
        "max": 0.239531427622,
        "mean": 0.124464564025,
        "median": 0.117032282054,
        "min": 0.0517457127571,
        "stdev": 0.0344321578741,
        "var": 0.00118557352107
    },
    "erbbands_kurtosis": {
        "dmean": 0.853328466415,
        "dmean2": 1.31993877888,
        "dvar": 1.20671498775,
        "dvar2": 2.59413719177,
        "max": 11.5560855865,
        "mean": -0.0253505948931,
        "median": -0.471002817154,
        "min": -1.82254290581,
        "stdev": 1.57480859756,
        "var": 2.48002195358
    },
    "erbbands_skewness": {
        "dmean": 0.413957804441,
        "dmean2": 0.629441857338,
        "dvar": 0.171126112342,
        "dvar2": 0.369504839182,
        "max": 3.43453741074,
        "mean": 0.537036061287,
        "median": 0.528232693672,
        "min": -1.66627717018,
        "stdev": 0.748253464699,
        "var": 0.559883236885
    },
    "erbbands_spread": {
        "dmean": 14.377035141,
        "dmean2": 21.1370010376,
        "dvar": 217.63053894,
        "dvar2": 461.023712158,
        "max": 178.960205078,
        "mean": 65.9910888672,
        "median": 62.3364372253,
        "min": 15.9032154083,
        "stdev": 27.2571678162,
        "var": 742.953186035
    },
    "hfc": {
        "dmean": 9.16965389252,
        "dmean2": 13.9415073395,
        "dvar": 134.74559021,
        "dvar2": 315.59765625,
        "max": 111.37348938,
        "mean": 30.0787830353,
        "median": 27.0263633728,
        "min": 7.38964808988e-05,
        "stdev": 16.9693889618,
        "var": 287.960174561
    },
    "loudness_ebu128": {
        "integrated": -7.7729883194,
        "loudness_range": 1.30192899704,
        "momentary": {
            "dmean": 0.611535668373,
            "dmean2": 0.88506925106,
            "dvar": 0.287590026855,
            "dvar2": 0.585939645767,
            "max": -6.26818990707,
            "mean": -7.86800050735,
            "median": -7.75805091858,
            "min": -11.6140232086,
            "stdev": 0.938130617142,
            "var": 0.880089044571
        },
        "short_term": {
            "dmean": 0.0737753137946,
            "dmean2": 0.109458245337,
            "dvar": 0.00355199817568,
            "dvar2": 0.00825501885265,
            "max": -6.9773015976,
            "mean": -7.81295204163,
            "median": -7.89717769623,
            "min": -8.85506153107,
            "stdev": 0.476241976023,
            "var": 0.226806432009
        }
    },
    "melbands_crest": {
        "dmean": 3.83935809135,
        "dmean2": 5.89566278458,
        "dvar": 11.6691198349,
        "dvar2": 24.9387569427,
        "max": 32.3575172424,
        "mean": 16.7026672363,
        "median": 16.1313495636,
        "min": 3.2305855751,
        "stdev": 5.48985099792,
        "var": 30.1384620667
    },
    "melbands_flatness_db": {
        "dmean": 0.038266800344,
        "dmean2": 0.0538938641548,
        "dvar": 0.00140898791142,
        "dvar2": 0.00284729152918,
        "max": 0.46515122056,
        "mean": 0.213104739785,
        "median": 0.212820127606,
        "min": 0.0444242954254,
        "stdev": 0.0665340572596,
        "var": 0.00442678108811
    },
    "melbands_kurtosis": {
        "dmean": 22.6574707031,
        "dmean2": 33.8124008179,
        "dvar": 2099.04663086,
        "dvar2": 4381.02197266,
        "max": 883.837036133,
        "mean": 38.7528839111,
        "median": 23.3238162994,
        "min": -1.08077609539,
        "stdev": 57.6150245667,
        "var": 3319.49121094
    },
    "melbands_skewness": {
        "dmean": 1.4100496769,
        "dmean2": 2.06826639175,
        "dvar": 2.70868515968,
        "dvar2": 5.53216934204,
        "max": 21.9377841949,
        "mean": 4.57071304321,
        "median": 4.09402227402,
        "min": -0.047098826617,
        "stdev": 2.5573592186,
        "var": 6.54008579254
    },
    "melbands_spread": {
        "dmean": 8.77486610413,
        "dmean2": 13.6654615402,
        "dvar": 166.589996338,
        "dvar2": 381.161224365,
        "max": 146.235076904,
        "mean": 19.1749515533,
        "median": 14.9635601044,
        "min": 0.619174182415,
        "stdev": 16.9750938416,
        "var": 288.153808594
    },
    "pitch_salience": {
        "dmean": 0.0923329591751,
        "dmean2": 0.137384340167,
        "dvar": 0.00794342346489,
        "dvar2": 0.0164406131953,
        "max": 0.914778649807,
        "mean": 0.504078626633,
        "median": 0.504114210606,
        "min": 0.0768827646971,
        "stdev": 0.134436741471,
        "var": 0.0180732384324
    },
    "silence_rate_20dB": {
        "dmean": 0,
        "dmean2": 0,
        "dvar": 0,
        "dvar2": 0,
        "max": 1,
        "mean": 1,
        "median": 1,
        "min": 1,
        "stdev": 0,
        "var": 0
    },
    "silence_rate_30dB": {
        "dmean": 0.0541795678437,
        "dmean2": 0.108443066478,
        "dvar": 0.0512449964881,
        "dvar2": 0.10752723366,
        "max": 1,
        "mean": 0.942768752575,
        "median": 1,
        "min": 0,
        "stdev": 0.232284516096,
        "var": 0.0539560988545
    },
    "silence_rate_60dB": {
        "dmean": 0.00232198135927,
        "dmean2": 0.00464755995199,
        "dvar": 0.00231662276201,
        "dvar2": 0.00462587736547,
        "max": 1,
        "mean": 0.00386697612703,
        "median": 0,
        "min": 0,
        "stdev": 0.0620637610555,
        "var": 0.0038519105874
    },
    "spectral_centroid": {
        "dmean": 332.050994873,
        "dmean2": 523.954711914,
        "dvar": 131345.09375,
        "dvar2": 310475.65625,
        "max": 3426.69262695,
        "mean": 1247.82275391,
        "median": 1194.29907227,
        "min": 260.417907715,
        "stdev": 557.992370605,
        "var": 311355.5
    },
    "spectral_complexity": {
        "dmean": 5.10603713989,
        "dmean2": 7.88923311234,
        "dvar": 36.9028320312,
        "dvar2": 78.5555801392,
        "max": 54,
        "mean": 17.7045631409,
        "median": 16,
        "min": 0,
        "stdev": 8.95702171326,
        "var": 80.2282409668
    },
    "spectral_decrease": {
        "dmean": 4.0167127402e-09,
        "dmean2": 5.68618574448e-09,
        "dvar": 2.96263008192e-17,
        "dvar2": 5.50980870119e-17,
        "max": -1.4285969597e-14,
        "mean": -1.11625384491e-08,
        "median": -9.32008781263e-09,
        "min": -4.60569040683e-08,
        "stdev": 8.43051317645e-09,
        "var": 7.10735486048e-17
    },
    "spectral_energy": {
        "dmean": 0.0154351992533,
        "dmean2": 0.0218008961529,
        "dvar": 0.000424447993282,
        "dvar2": 0.000788275327068,
        "max": 0.177627623081,
        "mean": 0.0448582917452,
        "median": 0.0377719812095,
        "min": 6.06211756349e-08,
        "stdev": 0.032284591347,
        "var": 0.00104229489807
    },
    "spectral_energyband_high": {
        "dmean": 0.000750942272134,
        "dmean2": 0.00112996145617,
        "dvar": 9.24971345739e-07,
        "dvar2": 2.04716116059e-06,
        "max": 0.00859323889017,
        "mean": 0.00200380105525,
        "median": 0.00161231064703,
        "min": 3.25649041066e-09,
        "stdev": 0.00156487990171,
        "var": 2.44884904532e-06
    },
    "spectral_energyband_low": {
        "dmean": 0.0131113622338,
        "dmean2": 0.0186958070844,
        "dvar": 0.000445375742856,
        "dvar2": 0.000828880583867,
        "max": 0.169465720654,
        "mean": 0.0243597943336,
        "median": 0.0164123158902,
        "min": 2.88540458193e-09,
        "stdev": 0.0302167385817,
        "var": 0.000913051248062
    },
    "spectral_energyband_middle_high": {
        "dmean": 0.00187080632895,
        "dmean2": 0.00303985574283,
        "dvar": 1.1149335478e-05,
        "dvar2": 2.87328039121e-05,
        "max": 0.0347235873342,
        "mean": 0.00351245747879,
        "median": 0.00237070117146,
        "min": 1.65340470204e-08,
        "stdev": 0.00376559817232,
        "var": 1.41797299875e-05
    },
    "spectral_energyband_middle_low": {
        "dmean": 0.00845082663,
        "dmean2": 0.0134121347219,
        "dvar": 0.000163533739396,
        "dvar2": 0.000376593583496,
        "max": 0.110346242785,
        "mean": 0.0186682529747,
        "median": 0.0155348666012,
        "min": 3.8659088375e-08,
        "stdev": 0.0163820758462,
        "var": 0.000268372416031
    },
    "spectral_entropy": {
        "dmean": 0.198185622692,
        "dmean2": 0.286138147116,
        "dvar": 0.0425275117159,
        "dvar2": 0.0854798033834,
        "max": 8.82258892059,
        "mean": 7.79715824127,
        "median": 7.79220581055,
        "min": 6.31456327438,
        "stdev": 0.381291121244,
        "var": 0.145382925868
    },
    "spectral_flux": {
        "dmean": 0.0379927866161,
        "dmean2": 0.0588594898582,
        "dvar": 0.00205310760066,
        "dvar2": 0.00369829544798,
        "max": 0.432454794645,
        "mean": 0.110856451094,
        "median": 0.0909576639533,
        "min": 0.000246213690843,
        "stdev": 0.0660797506571,
        "var": 0.0043665333651
    },
    "spectral_kurtosis": {
        "dmean": 0.716996371746,
        "dmean2": 1.06436872482,
        "dvar": 0.695634245872,
        "dvar2": 1.46317148209,
        "max": 11.3972463608,
        "mean": 2.04115867615,
        "median": 1.96277952194,
        "min": -1.18652009964,
        "stdev": 1.53233623505,
        "var": 2.34805417061
    },
    "spectral_rms": {
        "dmean": 0.00109277444426,
        "dmean2": 0.0015129809035,
        "dvar": 1.47053049204e-06,
        "dvar2": 2.59031639871e-06,
        "max": 0.0131641644984,
        "mean": 0.00622933590785,
        "median": 0.00607047881931,
        "min": 7.69042344473e-06,
        "stdev": 0.00222700694576,
        "var": 4.95955964652e-06
    },
    "spectral_rolloff": {
        "dmean": 868.563110352,
        "dmean2": 1453.09985352,
        "dvar": 2338291,
        "dvar2": 4740254,
        "max": 12316.9921875,
        "mean": 1481.0925293,
        "median": 645.99609375,
        "min": 64.599609375,
        "stdev": 2137.1027832,
        "var": 4567208.5
    },
    "spectral_skewness": {
        "dmean": 0.160637676716,
        "dmean2": 0.23342423141,
        "dvar": 0.0274194590747,
        "dvar2": 0.0548831745982,
        "max": 2.78013944626,
        "mean": 1.31845712662,
        "median": 1.31857645512,
        "min": 0.193399354815,
        "stdev": 0.336096584797,
        "var": 0.112960912287
    },
    "spectral_spread": {
        "dmean": 834873.9375,
        "dmean2": 1186578.5,
        "dvar": 804522295296,
        "dvar2": 1.51750626509e+12,
        "max": 14652664,
        "mean": 7560469,
        "median": 7264051,
        "min": 2879602.75,
        "stdev": 2012078.625,
        "var": 4.0484601856e+12
    },
    "spectral_strongpeak": {
        "dmean": 0.405234128237,
        "dmean2": 0.682008862495,
        "dvar": 0.257239460945,
        "dvar2": 0.602940440178,
        "max": 4.35196304321,
        "mean": 0.80555087328,
        "median": 0.614867568016,
        "min": 0.000222135655349,
        "stdev": 0.643021583557,
        "var": 0.413476794958
    },
    "zerocrossingrate": {
        "dmean": 0.0172780510038,
        "dmean2": 0.0193856358528,
        "dvar": 0.000324949243804,
        "dvar2": 0.00031390300137,
        "max": 0.3447265625,
        "mean": 0.0805645212531,
        "median": 0.07177734375,
        "min": 0.00634765625,
        "stdev": 0.0465661250055,
        "var": 0.00216840417124
    },
    "barkbands": {
        "dmean": [0.000351346097887, 0.0083863819018, 0.00537652056664, 0.00512072024867, 0.00349031062797, 0.00153991300613, 0.00075894058682, 0.00103917601518, 0.000722325756215, 0.0004311115772, 0.000277012208244, 0.00024092370586, 0.000255704188021, 0.000246889976552, 0.000296451267786, 0.000259652442764, 0.000260595203144, 0.000174971981323, 0.000190075865248, 0.000160646421136, 0.000134831745527, 0.000115797338367, 0.000126472732518, 0.000219429683057, 0.000226795978961, 6.78790165693e-05, 4.24682866651e-06],
        "dmean2": [0.000475431617815, 0.0113286888227, 0.00865125190467, 0.0082083735615, 0.00559077737853, 0.00240602833219, 0.00118495197967, 0.00161882839166, 0.00115799019113, 0.000659897632431, 0.000437549198978, 0.000391034554923, 0.000434666435467, 0.000412483030232, 0.000497379689477, 0.000443427357823, 0.000449247076176, 0.00028767742333, 0.000311526673613, 0.000269418669632, 0.000215488180402, 0.000185425276868, 0.000192412611796, 0.000319373095408, 0.000348702713381, 0.000104946411739, 7.16985869076e-06],
        "dvar": [4.4264569965e-07, 0.000319659418892, 0.000155606714543, 0.000152410022565, 2.70329237537e-05, 6.51827986076e-06, 1.72975865098e-06, 3.86846249967e-06, 1.96892119675e-06, 6.1107732563e-07, 3.62212801974e-07, 2.49953728826e-07, 3.21401472547e-07, 4.09692177072e-07, 2.9677147495e-07, 2.73746792345e-07, 3.26746885548e-07, 8.9542055548e-08, 6.49090381444e-08, 8.19338339397e-08, 2.53324543564e-08, 2.66573625396e-08, 4.16458405539e-08, 1.14943460972e-07, 6.89031693923e-08, 1.11705551475e-08, 9.04868610596e-11],
        "dvar2": [7.88515592376e-07, 0.000571709533688, 0.000427944556577, 0.000357812445145, 6.84114929754e-05, 1.57619142556e-05, 4.02321120418e-06, 8.94968252396e-06, 4.7227063078e-06, 1.26359759633e-06, 8.06815080523e-07, 5.89024864439e-07, 8.34648687942e-07, 1.11437384476e-06, 7.82161293955e-07, 7.35003311547e-07, 8.85445842869e-07, 2.28467726515e-07, 1.73855525532e-07, 2.3023021356e-07, 6.5004101657e-08, 6.46472884114e-08, 9.33143127213e-08, 2.49209250569e-07, 1.5787783525e-07, 2.51971652432e-08, 2.35970243345e-10],
        "max": [0.00567875243723, 0.164605841041, 0.110983997583, 0.103024326265, 0.0420508347452, 0.025155197829, 0.0205147601664, 0.0268406830728, 0.0165656972677, 0.0105015756562, 0.015845021233, 0.00930224079639, 0.00733798742294, 0.00846080202609, 0.00610014749691, 0.00439952174202, 0.0060105882585, 0.00279283965938, 0.00289957411587, 0.00289612147026, 0.00155301473569, 0.00194067636039, 0.00241347891279, 0.00458368659019, 0.00275912298821, 0.00124392414, 0.000133173540235],
        "mean": [0.000634059018921, 0.0132867926732, 0.00688595650718, 0.00562898535281, 0.00603459123522, 0.00280945072882, 0.00139504368417, 0.00156366615556, 0.000969053711742, 0.000683853519149, 0.000403389945859, 0.000338965532137, 0.000268617877737, 0.000272471515927, 0.000404038320994, 0.000303942448227, 0.000285087735392, 0.000228762510233, 0.000341073027812, 0.000267325551249, 0.000266829971224, 0.000217203836655, 0.000213968596654, 0.000436496164184, 0.000571142882109, 0.000142261356814, 5.25084078618e-06],
        "median": [6.80597440805e-05, 0.00427056383342, 0.00321020837873, 0.000783694675192, 0.00333209894598, 0.00122190080583, 0.000561336462852, 0.000547949341126, 0.000278956780676, 0.000224490388064, 0.000105257713585, 8.20257118903e-05, 9.13169933483e-05, 9.22197796172e-05, 0.000159438553965, 0.000123431411339, 0.000112647772767, 9.9715522083e-05, 0.00024237667094, 0.000185890297871, 0.000215766209294, 0.000139904630487, 7.86177333794e-05, 0.000247845251579, 0.000482507486595, 9.88300525933e-05, 9.10064557047e-07],
        "min": [6.27484064708e-10, 9.04272101643e-10, 9.27025456399e-10, 1.74877179404e-09, 8.68210126015e-09, 6.45052455894e-09, 3.09987324698e-09, 1.00825676697e-08, 7.84428522138e-09, 1.14345144464e-09, 2.42747599799e-09, 3.48181883325e-09, 2.91794299834e-09, 7.84250775432e-10, 1.51427692607e-09, 1.9405048679e-09, 7.05347114049e-10, 5.65823665699e-10, 1.25647470206e-09, 2.79676282133e-10, 1.88851587146e-10, 5.14023101861e-10, 5.39446765035e-10, 8.27095447686e-10, 8.13323852711e-10, 2.73319783473e-10, 3.48777582336e-12],
        "stdev": [0.00101981777698, 0.0238566752523, 0.0112223085016, 0.0135280638933, 0.00689326040447, 0.00378653476946, 0.0021595491562, 0.00269815837964, 0.00179522566032, 0.00123380403966, 0.00110547384247, 0.000770388811361, 0.00059054500889, 0.000568525341805, 0.000671872345265, 0.000501955742948, 0.000505599542521, 0.000325174827594, 0.000340289319865, 0.000306051748339, 0.000219432447921, 0.000234620136325, 0.000325631786836, 0.000564884976484, 0.000464905111585, 0.000150481690071, 1.29907903101e-05],
        "var": [1.04002833723e-06, 0.000569140946027, 0.00012594020518, 0.000183008523891, 4.75170418213e-05, 1.43378447319e-05, 4.66365281682e-06, 7.28005852579e-06, 3.22283517562e-06, 1.52227244143e-06, 1.22207245568e-06, 5.93498953094e-07, 3.48743441236e-07, 3.23221087228e-07, 4.51412432767e-07, 2.51959562547e-07, 2.55630908441e-07, 1.05738664047e-07, 1.15796815692e-07, 9.36676656238e-08, 4.81505999517e-08, 5.50466090488e-08, 1.06036061709e-07, 3.19095022405e-07, 2.16136754716e-07, 2.26447376406e-08, 1.68760644348e-10]
    },
    "erbbands": {
        "dmean": [0.228136584163, 2.03597688675, 5.11558866501, 14.0252122879, 11.6659078598, 12.248632431, 17.1401824951, 9.27401447296, 9.0487165451, 15.9393348694, 23.153055191, 18.1427497864, 11.2041521072, 13.5215148926, 9.21380805969, 11.4285202026, 12.00806427, 10.99477005, 13.9563751221, 15.7732172012, 13.6433172226, 13.789850235, 9.47370147705, 9.27380657196, 9.99829959869, 7.40866851807, 6.39421606064, 4.58506202698, 4.14970111847, 4.08311033249, 3.66382551193, 3.80306196213, 4.21462869644, 3.19331288338, 1.37890851498, 0.442457228899, 0.0998076349497, 0.0145393759012, 0.000454303750303, 2.39778091782e-05],
        "dmean2": [0.292644232512, 2.87701892853, 7.69482135773, 23.06366539, 18.1612854004, 19.2885856628, 26.556760788, 14.456076622, 14.2079992294, 25.2478027344, 35.4093589783, 29.1710700989, 16.8091392517, 20.9500637054, 14.3168802261, 18.7946624756, 20.1692619324, 18.5382518768, 23.3394966125, 26.6059837341, 23.4101390839, 24.0920829773, 15.9082155228, 15.2493619919, 16.7357139587, 12.3418369293, 10.1766548157, 7.55727767944, 6.63901472092, 6.43112230301, 5.53774356842, 5.61984586716, 6.31407833099, 4.9504904747, 2.10277628899, 0.672893583775, 0.156778767705, 0.0237123183906, 0.00073953520041, 3.55541087629e-05],
        "dvar": [0.202158614993, 21.7842578888, 120.625495911, 1052.05371094, 746.992431641, 336.175384521, 738.516235352, 265.846069336, 270.490447998, 890.391845703, 2145.79418945, 1315.01184082, 512.394226074, 692.091186523, 297.417388916, 568.143615723, 679.120910645, 684.784301758, 890.96295166, 1141.38464355, 840.203552246, 1032.49047852, 303.49118042, 162.423141479, 262.684417725, 156.706924438, 59.8115615845, 41.5356063843, 32.603553772, 43.7108383179, 33.677444458, 35.1988830566, 42.9956474304, 17.1189403534, 2.24586462975, 0.428452908993, 0.0301041789353, 0.000670078676194, 8.69639222856e-07, 8.44257552757e-10],
        "dvar2": [0.287587195635, 41.455871582, 308.530303955, 2758.52905273, 1720.52941895, 820.984436035, 1643.20446777, 678.066040039, 637.196533203, 2111.33886719, 4640.61083984, 3245.81689453, 1030.99841309, 1458.6307373, 658.124938965, 1355.26464844, 1756.11328125, 1858.2668457, 2320.02416992, 3084.50292969, 2271.69799805, 2820.35205078, 782.696411133, 422.081512451, 730.729370117, 433.59072876, 159.261764526, 108.321296692, 77.8245315552, 101.966133118, 78.6828079224, 72.8622283936, 94.5583724976, 39.4044456482, 5.26397895813, 1.00369691849, 0.0683417096734, 0.00174338789657, 2.26662859859e-06, 1.60005342309e-09],
        "max": [4.37446784973, 40.5907936096, 101.860649109, 251.102249146, 273.132080078, 178.157867432, 275.932067871, 201.169509888, 272.277160645, 462.809844971, 733.469604492, 502.685150146, 405.140838623, 340.564483643, 484.296386719, 436.001861572, 329.087585449, 257.949554443, 375.638885498, 421.007263184, 252.616973877, 359.642822266, 180.161422729, 135.027633667, 197.703094482, 123.308044434, 103.117416382, 71.7890701294, 76.8665618896, 69.5846252441, 65.9278411865, 77.6927947998, 102.789451599, 38.5110397339, 14.8572807312, 6.78946399689, 2.18382692337, 0.224807754159, 0.012134803459, 0.000348072964698],
        "mean": [0.392324060202, 2.94272732735, 7.1478099823, 16.200881958, 15.2097864151, 22.0472564697, 30.5133838654, 16.466506958, 17.5829658508, 27.4400100708, 35.3570251465, 25.0422859192, 19.3038425446, 20.498708725, 14.6511545181, 16.2872657776, 13.4945831299, 13.1343183517, 19.1209373474, 20.5208816528, 15.9921350479, 15.1316461563, 12.6694698334, 15.2690629959, 16.829044342, 13.1063051224, 12.6189575195, 8.82941818237, 7.83792591095, 6.93746757507, 6.10191392899, 6.80160617828, 8.80375957489, 7.62680673599, 3.24891138077, 0.966880977154, 0.19364118576, 0.0243300572038, 0.00076135492418, 8.2497135736e-05],
        "median": [0.085432946682, 0.879613101482, 3.84257650375, 3.84237933159, 6.19851827621, 10.7038230896, 12.8089199066, 8.82990646362, 8.18796825409, 10.3043994904, 12.6998882294, 8.95743274689, 5.95015287399, 6.2566652298, 5.17125749588, 4.4494562149, 4.78894853592, 5.41940450668, 7.16112804413, 8.88647079468, 7.33866882324, 6.11867332458, 5.97947216034, 9.65410423279, 11.0734243393, 9.100066185, 10.8682441711, 6.25825357437, 5.36177492142, 2.94395160675, 2.3658323288, 3.15467429161, 5.30612039566, 5.43141937256, 2.8641769886, 0.755808353424, 0.107586540282, 0.00983953569084, 0.000309838564135, 7.19834351912e-05],
        "min": [3.26324531841e-08, 1.90543289591e-07, 8.8749806082e-07, 3.77614401259e-06, 1.29986447064e-05, 3.25919645547e-05, 5.40160035598e-05, 4.89812555315e-05, 3.26373774442e-05, 0.000114138238132, 0.000241069952608, 0.000181328345207, 7.72759958636e-05, 4.34286012023e-05, 0.000119764350529, 0.000142469230923, 0.000134831832838, 6.79549848428e-05, 4.7886835091e-05, 0.000123126897961, 6.73102622386e-05, 4.15531612816e-05, 3.32654417434e-05, 5.14584789926e-05, 6.0246384237e-05, 1.23226145661e-05, 5.81518361287e-06, 8.47943283588e-06, 2.43068534473e-05, 1.24130674521e-05, 1.45758776853e-05, 1.55291600095e-05, 1.29816517074e-05, 1.35185109684e-05, 3.75284753318e-06, 1.30052126224e-06, 4.82256439227e-07, 1.06169238734e-07, 7.76204434061e-09, 7.24357074322e-10],
        "stdev": [0.693908214569, 5.59061050415, 10.8364543915, 33.4688148499, 29.4399719238, 28.736284256, 42.5981140137, 22.434223175, 26.6387901306, 47.5113716125, 63.9171791077, 44.2503089905, 39.3701438904, 38.4300003052, 32.8731460571, 36.1790237427, 27.8701534271, 24.2681083679, 35.3089485168, 35.326335907, 26.5330295563, 27.8031253815, 18.1168727875, 16.5768127441, 18.1261711121, 14.4217710495, 9.87862968445, 8.52322292328, 8.24136829376, 10.0330715179, 9.06369400024, 10.2136697769, 10.5622768402, 7.12712717056, 2.53509163857, 0.92784178257, 0.240957632661, 0.0337106250226, 0.0012903023744, 4.922973676e-05],
        "var": [0.481508612633, 31.2549247742, 117.428749084, 1120.16149902, 866.711914062, 825.774047852, 1814.59936523, 503.294372559, 709.62512207, 2257.33032227, 4085.40576172, 1958.08972168, 1550.00817871, 1476.86486816, 1080.64379883, 1308.92163086, 776.745483398, 588.941101074, 1246.72180176, 1247.95007324, 704.001647949, 773.013793945, 328.221099854, 274.790740967, 328.558105469, 207.987487793, 97.5873260498, 72.6453323364, 67.9201507568, 100.662521362, 82.1505432129, 104.319046021, 111.561698914, 50.7959442139, 6.42668914795, 0.860890328884, 0.0580605827272, 0.00113640620839, 1.66488030118e-06, 2.42356690272e-09]
    },
    "gfcc": {
        "mean": [36.0094299316, 53.9758911133, -88.1723709106, 33.4212913513, -69.6360473633, 13.9455089569, -52.8417434692, 18.1352405548, -35.4907951355, 10.6929922104, -21.028553009, -3.66713047028, -6.39938211441],
        "cov": [[2021.9342041, -30.3395290375, 244.920516968, 325.72479248, 294.492736816, 334.258209229, 215.334869385, 129.633773804, 70.1942825317, -54.2879257202, -50.582069397, 18.5765266418, -195.46321106], [-30.3395290375, 1049.09143066, 400.430358887, 408.748779297, 448.623199463, 228.727355957, 317.709838867, 123.689376831, 72.9262619019, 50.684009552, 69.2276535034, -84.7369003296, 76.6546936035], [244.920516968, 400.430358887, 1097.33361816, 650.241821289, 425.516937256, 415.90814209, 215.208511353, 124.630867004, 195.461090088, 14.1677026749, 35.8733901978, 21.2201747894, -95.2712173462], [325.72479248, 408.748779297, 650.241821289, 800.56439209, 514.510437012, 303.207214355, 200.588516235, 124.319541931, 206.377151489, -41.9318962097, 22.9998970032, 4.44738817215, -119.003761292], [294.492736816, 448.623199463, 425.516937256, 514.510437012, 613.043334961, 381.887023926, 251.677154541, 112.398361206, 171.781387329, 9.83661460876, 39.1428756714, -13.4670295715, -89.9563446045], [334.258209229, 228.727355957, 415.90814209, 303.207214355, 381.887023926, 543.484802246, 246.744140625, 56.2637252808, 183.424514771, 31.5550861359, 41.5648956299, 3.14725995064, -91.1578369141], [215.334869385, 317.709838867, 215.208511353, 200.588516235, 251.677154541, 246.744140625, 318.428649902, 128.843719482, 101.252609253, 65.0331954956, 49.7937049866, 1.60271239281, -31.4708480835], [129.633773804, 123.689376831, 124.630867004, 124.319541931, 112.398361206, 56.2637252808, 128.843719482, 229.138977051, 96.6523590088, 65.2224121094, 48.709197998, 20.2377719879, 33.5545845032], [70.1942825317, 72.9262619019, 195.461090088, 206.377151489, 171.781387329, 183.424514771, 101.252609253, 96.6523590088, 225.501693726, 45.2401695251, 51.3225364685, 46.8036346436, -39.8825149536], [-54.2879257202, 50.684009552, 14.1677026749, -41.9318962097, 9.83661460876, 31.5550861359, 65.0331954956, 65.2224121094, 45.2401695251, 143.469314575, 67.7329483032, 11.5049028397, 70.4805984497], [-50.582069397, 69.2276535034, 35.8733901978, 22.9998970032, 39.1428756714, 41.5648956299, 49.7937049866, 48.709197998, 51.3225364685, 67.7329483032, 122.830688477, 51.7601890564, 35.332244873], [18.5765266418, -84.7369003296, 21.2201747894, 4.44738817215, -13.4670295715, 3.14725995064, 1.60271239281, 20.2377719879, 46.8036346436, 11.5049028397, 51.7601890564, 125.071372986, 22.3420734406], [-195.46321106, 76.6546936035, -95.2712173462, -119.003761292, -89.9563446045, -91.1578369141, -31.4708480835, 33.5545845032, -39.8825149536, 70.4805984497, 35.332244873, 22.3420734406, 200.89881897]],
        "icov": [[0.000700725649949, 0.000120785087347, 0.000180945062311, -0.000318097998388, 5.58450337849e-05, -0.000540808076039, -0.000105761217128, -0.000625147484243, 0.000696696515661, -0.000131832537591, 0.000507595890667, -0.000476183078717, 0.000548765237909], [0.000120785087347, 0.00290682702325, -0.000635386793874, -8.36215403979e-05, -0.00161268073134, 0.00120791781228, -0.00285820080899, 0.00100941467099, -0.000332146970322, 0.00188558199443, -0.00184758449905, 0.0029586199671, -0.00286435056478], [0.000180945062311, -0.000635386793874, 0.00240447744727, -0.00205352017656, 0.00112873781472, -0.00186574016698, 0.00100428820588, -0.000880216481164, 0.00105057179462, -0.00142984709237, 0.00095076096477, -0.00132726202719, 0.000996088143438], [-0.000318097998388, -8.36215403979e-05, -0.00205352017656, 0.00520626176149, -0.00313599058427, 0.00198307679966, -0.00036904393346, 0.000214172090637, -0.00256628007628, 0.00266229291447, -0.000747448182665, 0.000790690071881, -0.000165353296325], [5.58450337849e-05, -0.00161268073134, 0.00112873781472, -0.00313599058427, 0.00656244996935, -0.00320225767791, 0.000609292997979, -0.00114273233339, 0.00083697430091, -0.00129166024271, 0.000673544069286, -0.000998959410936, 0.00173100759275], [-0.000540808076039, 0.00120791781228, -0.00186574016698, 0.00198307679966, -0.00320225767791, 0.00664911651984, -0.00377537240274, 0.00311904260889, -0.00377837009728, 0.00168863544241, -0.00156549119856, 0.00236073392443, -0.0015560737811], [-0.000105761217128, -0.00285820080899, 0.00100428820588, -0.00036904393346, 0.000609292997979, -0.00377537240274, 0.0101037416607, -0.00413126079366, 0.00215687882155, -0.00436554756016, 0.00164130644407, -0.00319640012458, 0.00410438748077], [-0.000625147484243, 0.00100941467099, -0.000880216481164, 0.000214172090637, -0.00114273233339, 0.00311904260889, -0.00413126079366, 0.00885702483356, -0.00385748874396, 0.00018469990755, -0.0015152762644, 0.00197822623886, -0.00329093192704], [0.000696696515661, -0.000332146970322, 0.00105057179462, -0.00256628007628, 0.00083697430091, -0.00377837009728, 0.00215687882155, -0.00385748874396, 0.011016449891, -0.00410264916718, 0.000822049740236, -0.00432427274063, 0.00338776991703], [-0.000131832537591, 0.00188558199443, -0.00142984709237, 0.00266229291447, -0.00129166024271, 0.00168863544241, -0.00436554756016, 0.00018469990755, -0.00410264916718, 0.0162278339267, -0.0074130226858, 0.00552416173741, -0.00629385001957], [0.000507595890667, -0.00184758449905, 0.00095076096477, -0.000747448182665, 0.000673544069286, -0.00156549119856, 0.00164130644407, -0.0015152762644, 0.000822049740236, -0.0074130226858, 0.0158814955503, -0.00770559627563, 0.00213611847721], [-0.000476183078717, 0.0029586199671, -0.00132726202719, 0.000790690071881, -0.000998959410936, 0.00236073392443, -0.00319640012458, 0.00197822623886, -0.00432427274063, 0.00552416173741, -0.00770559627563, 0.0150268012658, -0.00507290894166], [0.000548765237909, -0.00286435056478, 0.000996088143438, -0.000165353296325, 0.00173100759275, -0.0015560737811, 0.00410438748077, -0.00329093192704, 0.00338776991703, -0.00629385001957, 0.00213611847721, -0.00507290894166, 0.0113095929846]]
    },
    "melbands": {
        "dmean": [0.00220090104267, 0.002382787643, 0.00213570916094, 0.000775992521085, 0.000591733783949, 0.000225810217671, 0.000142411241541, 0.000179361362825, 0.000191345388885, 0.000102459460322, 5.56497252546e-05, 5.68719260627e-05, 3.69366971427e-05, 2.44255024882e-05, 3.5192399082e-05, 1.97885201487e-05, 2.21387163037e-05, 2.29699671763e-05, 2.08237943298e-05, 1.99251462618e-05, 1.64437133208e-05, 1.4580552488e-05, 1.23360750877e-05, 8.05899071565e-06, 7.86554119259e-06, 7.89524983702e-06, 6.26499922873e-06, 5.18661636306e-06, 4.68586313218e-06, 3.57060321221e-06, 2.64792492999e-06, 2.44215698331e-06, 2.51417964137e-06, 2.36648065766e-06, 2.1975679374e-06, 2.19562639359e-06, 2.57239207713e-06, 3.13828536491e-06, 3.16743239637e-06, 2.90472985398e-06],
        "dmean2": [0.00287851318717, 0.00344810332172, 0.00342951063067, 0.00121842208318, 0.000912245712243, 0.000348715955624, 0.000222667877097, 0.000285362824798, 0.00029370613629, 0.000165044169989, 8.36221151985e-05, 8.81265150383e-05, 5.77329665248e-05, 3.93817535951e-05, 5.87718350289e-05, 3.35709482897e-05, 3.75025483663e-05, 3.86399660783e-05, 3.50369482476e-05, 3.34196156473e-05, 2.83638200926e-05, 2.54117076111e-05, 2.098202458e-05, 1.33667163027e-05, 1.29667687361e-05, 1.31573960971e-05, 1.05768021967e-05, 8.68730330694e-06, 7.60810689826e-06, 5.82131679039e-06, 4.33485502072e-06, 4.00124326916e-06, 3.97093208448e-06, 3.77349078917e-06, 3.44358795701e-06, 3.38755808116e-06, 3.8742768993e-06, 4.78793663206e-06, 4.83385247207e-06, 4.57275655208e-06],
        "dvar": [2.05892429221e-05, 2.04671578103e-05, 2.18482637138e-05, 1.58790192017e-06, 7.14611701369e-07, 1.39087475759e-07, 6.58345200577e-08, 1.12594641166e-07, 1.39122363407e-07, 4.41251728489e-08, 1.29252075709e-08, 1.25715917676e-08, 6.1511631344e-09, 2.33866814803e-09, 5.19284748535e-09, 1.96398652896e-09, 2.8639137728e-09, 2.798951515e-09, 1.6667714986e-09, 1.50391510356e-09, 1.29268828974e-09, 1.17841680858e-09, 6.00749616719e-10, 2.07174791211e-10, 1.15535803147e-10, 1.28567143043e-10, 1.28886651352e-10, 7.36050873029e-11, 3.75817953147e-11, 1.84984267487e-11, 1.50295921542e-11, 1.16618598459e-11, 1.48057538452e-11, 1.63829973893e-11, 1.27358366908e-11, 1.44362195809e-11, 1.6692123378e-11, 2.60334150071e-11, 1.99930592915e-11, 1.35147370725e-11],
        "dvar2": [3.47827372025e-05, 4.0185819671e-05, 5.31189107278e-05, 3.88453736377e-06, 1.66611368968e-06, 3.54195748287e-07, 1.56490742143e-07, 2.79770489442e-07, 3.09878231519e-07, 1.10828096922e-07, 2.59386006007e-08, 2.64668393868e-08, 1.34027819954e-08, 5.61483970429e-09, 1.30151267541e-08, 5.26093701936e-09, 7.81231968006e-09, 7.35220728743e-09, 4.49200543429e-09, 4.02951449985e-09, 3.48004869366e-09, 3.23899462806e-09, 1.60249813419e-09, 5.27782928472e-10, 3.0251984251e-10, 3.43273964809e-10, 3.61336460752e-10, 2.0256786526e-10, 1.02031265381e-10, 4.73503805609e-11, 3.96316590656e-11, 2.81381168366e-11, 3.63375753099e-11, 3.91295607027e-11, 3.09174109925e-11, 3.24551774344e-11, 3.68893769698e-11, 5.88550042036e-11, 4.6784187635e-11, 3.20447904323e-11],
        "max": [0.0417836345732, 0.0388273671269, 0.0359023138881, 0.0113607728854, 0.00820954330266, 0.0039284187369, 0.00426524179056, 0.00441745808348, 0.00562410801649, 0.00322432327084, 0.00200209161267, 0.00134318275377, 0.00234294962138, 0.000945728330407, 0.000912714516744, 0.000505029573105, 0.000570053234696, 0.00069910986349, 0.000503914023284, 0.000398102827603, 0.000333585689077, 0.000380940065952, 0.000234097387874, 0.000147416256368, 0.000118965101137, 0.000147953614942, 0.000102669306216, 8.49237840157e-05, 8.11935024103e-05, 3.95459355786e-05, 4.09777567256e-05, 5.25879768247e-05, 3.90217355744e-05, 4.97422188346e-05, 3.23165440932e-05, 5.53740501346e-05, 5.61495216971e-05, 8.15154417069e-05, 5.32505255251e-05, 4.87266806886e-05],
        "mean": [0.00365922111087, 0.00388440256938, 0.00267720548436, 0.00127131969202, 0.00107567955274, 0.000407592597185, 0.000272514153039, 0.000298345956253, 0.0002838531218, 0.000138761723065, 9.28312292672e-05, 8.28899355838e-05, 5.56940940442e-05, 3.6054818338e-05, 4.13961533923e-05, 2.177440183e-05, 2.50587308983e-05, 2.9836255635e-05, 2.68778367172e-05, 2.53257385339e-05, 1.77058336703e-05, 1.53722194227e-05, 1.39971443787e-05, 1.08341710074e-05, 1.22016226669e-05, 1.34878828248e-05, 9.34794570639e-06, 8.55270627653e-06, 8.37882726046e-06, 6.42014583718e-06, 4.63216929347e-06, 4.38561528426e-06, 4.21984123022e-06, 3.68112569049e-06, 3.41666782333e-06, 3.61510728908e-06, 4.33425702795e-06, 5.89737237533e-06, 6.7912983468e-06, 6.39960308035e-06],
        "median": [0.000970825902186, 0.00241464562714, 0.000800454814453, 0.000585474015679, 0.000534042774234, 0.000201193703106, 0.000121009732538, 0.000118638716231, 0.000100092991488, 4.26529950346e-05, 2.46838772e-05, 2.38146931224e-05, 1.65832461789e-05, 1.06336365207e-05, 1.15328475658e-05, 8.18413082015e-06, 8.89609145815e-06, 1.01583855212e-05, 1.08967560664e-05, 1.09856873678e-05, 7.18911360309e-06, 5.80269124839e-06, 5.38164113095e-06, 5.07375807501e-06, 7.50163508201e-06, 8.64084540808e-06, 5.67871165913e-06, 5.35994013262e-06, 6.69901419315e-06, 5.02192051499e-06, 2.95451195598e-06, 2.99066095977e-06, 2.1416446998e-06, 1.28421265799e-06, 1.23739994251e-06, 1.47624689362e-06, 1.97427516468e-06, 3.31175351675e-06, 4.56666111859e-06, 4.57968417322e-06],
        "min": [3.00346358895e-10, 4.12081591072e-10, 8.92501073047e-10, 1.62004354376e-09, 1.87390103434e-09, 1.10117426289e-09, 5.27526355931e-10, 1.46734036033e-09, 1.98569605203e-09, 1.05564268438e-09, 3.47555567659e-10, 1.41887793181e-10, 3.71688929635e-10, 3.94302313023e-10, 3.52956996963e-10, 2.64065214139e-10, 1.00339334064e-10, 5.8275516357e-11, 1.27121452254e-10, 1.82090079126e-10, 5.24163629168e-11, 3.09185767267e-11, 6.13016581941e-11, 1.46160358122e-11, 4.41714720356e-11, 4.60625530774e-11, 2.83155842523e-11, 3.67102442195e-12, 2.38428721211e-12, 4.80448580226e-12, 4.12097526242e-12, 1.27565302072e-11, 1.07824348408e-11, 7.10686804545e-12, 8.97627978891e-12, 7.54557874516e-12, 1.16101295244e-11, 8.35061273602e-12, 9.350479592e-12, 1.3789270073e-11],
        "stdev": [0.006456727162, 0.00544128986076, 0.00518909422681, 0.00158061133698, 0.00134010682814, 0.000535208382644, 0.000410087610362, 0.000504366180394, 0.000498564622831, 0.000256447994616, 0.000196907465579, 0.000160656229127, 0.000154381952598, 7.34218847356e-05, 8.66789778229e-05, 4.31281514466e-05, 4.93313527841e-05, 5.84867993894e-05, 4.48269202025e-05, 4.0384955355e-05, 3.21885599988e-05, 2.93699249596e-05, 2.32847687585e-05, 1.60333183885e-05, 1.38792538564e-05, 1.4366421965e-05, 1.14108124762e-05, 1.01517416624e-05, 7.33940805731e-06, 5.85954512644e-06, 5.01826843902e-06, 4.7469711717e-06, 5.48434354641e-06, 5.86956775805e-06, 5.07636104885e-06, 6.07045240031e-06, 6.48576633466e-06, 7.74562067818e-06, 7.2753709901e-06, 6.09553762843e-06],
        "var": [4.16893271904e-05, 2.96076341328e-05, 2.69267002295e-05, 2.49833237831e-06, 1.79588619176e-06, 2.86448027964e-07, 1.68171837345e-07, 2.54385270182e-07, 2.48566664141e-07, 6.57655689906e-08, 3.87725513917e-08, 2.58104222439e-08, 2.38337864999e-08, 5.3907731612e-09, 7.51324513715e-09, 1.86003745739e-09, 2.43358244667e-09, 3.42070549664e-09, 2.00945282636e-09, 1.63094471262e-09, 1.03610342528e-09, 8.62592441919e-10, 5.42180467189e-10, 2.57067284126e-10, 1.9263368678e-10, 2.0639408238e-10, 1.30206637139e-10, 1.03057867795e-10, 5.38669109318e-11, 3.43342680675e-11, 2.51830188647e-11, 2.25337370291e-11, 3.00780234053e-11, 3.44518268081e-11, 2.5769440401e-11, 3.68503907944e-11, 4.20651673216e-11, 5.99946411994e-11, 5.29310206776e-11, 3.71555806955e-11]
    },
    "melbands128": {
