{
"lowlevel": {
    "average_loudness": 0.927926898003,
    "barkbands_crest": {
        "dmean": 1.60670006275,
        "dmean2": 2.53697276115,
        "dvar": 3.33743524551,
        "dvar2": 8.22381687164,
        "max": 25.1430625916,
        "mean": 16.2106971741,
        "median": 16.1078929901,
        "min": 4.04566764832,
        "stdev": 4.22924566269,
        "var": 17.8865184784
    },
    "barkbands_flatness_db": {
        "dmean": 0.0220643486828,
        "dmean2": 0.0333911664784,
        "dvar": 0.000660196004901,
        "dvar2": 0.0013854841236,
        "max": 0.556460559368,
        "mean": 0.408790826797,
        "median": 0.420483887196,
        "min": 0.0334325954318,
        "stdev": 0.0728855952621,
        "var": 0.00531231006607
    },
    "barkbands_kurtosis": {
        "dmean": 4.57229995728,
        "dmean2": 6.90244579315,
        "dvar": 58.0778121948,
        "dvar2": 134.926269531,
        "max": 112.971282959,
        "mean": 11.3499393463,
        "median": 5.5516576767,
        "min": -1.69136714935,
        "stdev": 15.259894371,
        "var": 232.864364624
    },
    "barkbands_skewness": {
        "dmean": 0.503792822361,
        "dmean2": 0.763332366943,
        "dvar": 0.372038155794,
        "dvar2": 0.821309387684,
        "max": 7.52196788788,
        "mean": 1.4935349226,
        "median": 1.25210607052,
        "min": -2.92057299614,
        "stdev": 1.61948478222,
        "var": 2.62273097038
    },
    "barkbands_spread": {
        "dmean": 0.640248596668,
        "dmean2": 0.944383621216,
        "dvar": 3.48162937164,
        "dvar2": 5.44582462311,
        "max": 88.6673583984,
        "mean": 2.81619000435,
        "median": 1.88679480553,
        "min": 0.252164274454,
        "stdev": 4.72143697739,
        "var": 22.2919654846
    },
    "dissonance": {
        "dmean": 0.0545855723321,
        "dmean2": 0.092388510704,
        "dvar": 0.00252652075142,
        "dvar2": 0.00675980746746,
        "max": 0.499745279551,
        "mean": 0.305771231651,
        "median": 0.303475409746,
        "min": 0.113625533879,
        "stdev": 0.0818852335215,
        "var": 0.00670519191772
    },
    "dynamic_complexity": 3.77861905098,
    "erbbands_crest": {
        "dmean": 1.94826197624,
        "dmean2": 2.95618391037,
        "dvar": 5.80612897873,
        "dvar2": 13.2288742065,
        "max": 31.6495380402,
        "mean": 17.6981391907,
        "median": 16.7442111969,
        "min": 2.7929725647,
        "stdev": 5.96498966217,
        "var": 35.5811004639
    },
    "erbbands_flatness_db": {
        "dmean": 0.0207098405808,
        "dmean2": 0.0302758961916,
        "dvar": 0.000644241634291,
        "dvar2": 0.00130539236125,
        "max": 0.495172351599,
        "mean": 0.360914766788,
        "median": 0.363877743483,
        "min": 0.0492384061217,
        "stdev": 0.0605988800526,
        "var": 0.00367222446948
    },
    "erbbands_kurtosis": {
        "dmean": 3.02553415298,
        "dmean2": 4.60734415054,
        "dvar": 23.7208385468,
        "dvar2": 53.9815483093,
        "max": 79.4558334351,
        "mean": 8.51382255554,
        "median": 3.01138162613,
        "min": -1.58341276646,
        "stdev": 14.337720871,
        "var": 205.570251465
    },
    "erbbands_skewness": {
        "dmean": 0.434142976999,
        "dmean2": 0.625006437302,
        "dvar": 0.307786107063,
        "dvar2": 0.616432368755,
        "max": 5.09551286697,
        "mean": 1.01731240749,
        "median": 0.896606266499,
        "min": -3.67754292488,
        "stdev": 1.48295128345,
        "var": 2.19914460182
    },
    "erbbands_spread": {
        "dmean": 1.37041831017,
        "dmean2": 2.04788923264,
        "dvar": 7.02856826782,
        "dvar2": 14.9774913788,
        "max": 89.7379302979,
        "mean": 7.27405738831,
        "median": 5.82473468781,
        "min": 0.458480060101,
        "stdev": 6.67893362045,
        "var": 44.6081542969
    },
    "hfc": {
        "dmean": 2.40689015388,
        "dmean2": 3.51426839828,
        "dvar": 37.6169700623,
        "dvar2": 84.1802368164,
        "max": 89.5856704712,
        "mean": 7.31601667404,
        "median": 4.60778617859,
        "min": 1.17616228964e-16,
        "stdev": 8.55815410614,
        "var": 73.2419967651
    },
    "loudness_ebu128": {
        "integrated": -17.7140827179,
        "loudness_range": 4.04976463318,
        "momentary": {
            "dmean": 0.825434625149,
            "dmean2": 0.767364084721,
            "dvar": 0.911135911942,
            "dvar2": 1.49935638905,
            "max": -11.5367479324,
            "mean": -18.8206424713,
            "median": -18.4042758942,
            "min": -36.7799530029,
            "stdev": 3.33013772964,
            "var": 11.0898170471
        },
        "short_term": {
            "dmean": 0.124713420868,
            "dmean2": 0.113885141909,
            "dvar": 0.019833099097,
            "dvar2": 0.016314342618,
            "max": -15.4939594269,
            "mean": -17.7974472046,
            "median": -17.8727664948,
            "min": -22.7334423065,
            "stdev": 1.42715907097,
            "var": 2.03678297997
        }
    },
    "melbands_crest": {
        "dmean": 2.00849103928,
        "dmean2": 3.22910523415,
        "dvar": 5.87818431854,
        "dvar2": 14.3974981308,
        "max": 30.8916339874,
        "mean": 20.3020820618,
        "median": 20.0229511261,
        "min": 2.12803602219,
        "stdev": 5.82185792923,
        "var": 33.8940315247
    },
    "melbands_flatness_db": {
        "dmean": 0.0239253360778,
        "dmean2": 0.0361848585308,
        "dvar": 0.000862802611664,
        "dvar2": 0.00178713432979,
        "max": 0.680637300014,
        "mean": 0.512091219425,
        "median": 0.528803110123,
        "min": 0.00386883062311,
        "stdev": 0.0871120914817,
        "var": 0.0075885169208
    },
    "melbands_kurtosis": {
        "dmean": 3.58919453621,
        "dmean2": 5.57534170151,
        "dvar": 55.244178772,
        "dvar2": 144.729660034,
        "max": 117.402832031,
        "mean": 9.72506427765,
        "median": 5.20547771454,
        "min": -1.74910247326,
        "stdev": 13.6093416214,
        "var": 185.214187622
    },
    "melbands_skewness": {
        "dmean": 0.414644181728,
        "dmean2": 0.620085179806,
        "dvar": 0.273568958044,
        "dvar2": 0.59304857254,
        "max": 6.5777630806,
        "mean": 1.54585254192,
        "median": 1.42448818684,
        "min": -2.31613588333,
        "stdev": 1.55658483505,
        "var": 2.42295646667
    },
    "melbands_spread": {
        "dmean": 0.861220955849,
        "dmean2": 1.29993546009,
        "dvar": 6.58114671707,
        "dvar2": 9.51793575287,
        "max": 147.050827026,
        "mean": 4.54349994659,
        "median": 2.73180031776,
        "min": 0.383121937513,
        "stdev": 10.0207719803,
        "var": 100.415870667
    },
    "pitch_salience": {
        "dmean": 0.0471666306257,
        "dmean2": 0.0758667141199,
        "dvar": 0.00322360009886,
        "dvar2": 0.00782600510865,
        "max": 0.851018965244,
        "mean": 0.411201059818,
        "median": 0.419914096594,
        "min": 0.07640311867,
        "stdev": 0.120983533561,
        "var": 0.0146370157599
    },
    "silence_rate_20dB": {
        "dmean": 0,
        "dmean2": 0,
        "dvar": 0,
        "dvar2": 0,
        "max": 1,
        "mean": 1,
        "median": 1,
        "min": 1,
        "stdev": 0,
        "var": 0
    },
    "silence_rate_30dB": {
        "dmean": 0.0108359130099,
        "dmean2": 0.0216886140406,
        "dvar": 0.010718408972,
        "dvar2": 0.0258658807725,
        "max": 1,
        "mean": 0.984532117844,
        "median": 1,
        "min": 0,
        "stdev": 0.123404093087,
        "var": 0.0152285695076
    },
    "silence_rate_60dB": {
        "dmean": 0.0139318881556,
        "dmean2": 0.0278853606433,
        "dvar": 0.013738039881,
        "dvar2": 0.0286571811885,
        "max": 1,
        "mean": 0.0819798931479,
        "median": 0,
        "min": 0,
        "stdev": 0.274335324764,
        "var": 0.0752598643303
    },
    "spectral_centroid": {
        "dmean": 29.4859867096,
        "dmean2": 40.0830192566,
        "dvar": 43095.2304688,
        "dvar2": 44102.5351562,
        "max": 10964.4804688,
        "mean": 347.521057129,
        "median": 278.140289307,
        "min": 159.673233032,
        "stdev": 407.682556152,
        "var": 166205.0625
    },
    "spectral_complexity": {
        "dmean": 0.795665621758,
        "dmean2": 1.36096048355,
        "dvar": 1.01706397533,
        "dvar2": 2.1749022007,
        "max": 13,
        "mean": 4.99767971039,
        "median": 5,
        "min": 0,
        "stdev": 1.98817336559,
        "var": 3.95283317566
    },
    "spectral_decrease": {
        "dmean": 1.66990377082e-09,
        "dmean2": 2.50867437934e-09,
        "dvar": 1.17443533504e-17,
        "dvar2": 2.48762641281e-17,
        "max": -2.99404196467e-29,
        "mean": -6.48827036542e-09,
        "median": -4.87609552735e-09,
        "min": -4.09419698144e-08,
        "stdev": 5.976691142e-09,
        "var": 3.57208385323e-17
    },
    "spectral_energy": {
        "dmean": 0.00651402957737,
        "dmean2": 0.00977612659335,
        "dvar": 0.000180284565431,
        "dvar2": 0.00038265628973,
        "max": 0.158524006605,
        "mean": 0.0251517239958,
        "median": 0.0189167968929,
        "min": 1.07811425242e-20,
        "stdev": 0.0232398696244,
        "var": 0.000540091539733
    },
    "spectral_energyband_high": {
        "dmean": 2.7907826734e-06,
        "dmean2": 5.06268315803e-06,
        "dvar": 2.47806691833e-10,
        "dvar2": 7.01791291746e-10,
        "max": 0.000220034344238,
        "mean": 2.18748800762e-06,
        "median": 3.39164159868e-07,
        "min": 7.92467703497e-21,
        "stdev": 1.22462643048e-05,
        "var": 1.49970980079e-10
    },
    "spectral_energyband_low": {
        "dmean": 0.00182993896306,
        "dmean2": 0.00292598828673,
        "dvar": 2.49630338658e-05,
        "dvar2": 4.4329008233e-05,
        "max": 0.0985280647874,
        "mean": 0.00666434457526,
        "median": 0.00366741372272,
        "min": 6.97197981716e-23,
        "stdev": 0.0107225300744,
        "var": 0.000114972659503
    },
    "spectral_energyband_middle_high": {
        "dmean": 0.00027213152498,
        "dmean2": 0.000409749802202,
        "dvar": 4.10698066844e-06,
        "dvar2": 1.07096011561e-05,
        "max": 0.0423690974712,
        "mean": 0.000469886697829,
        "median": 5.39198990737e-05,
        "min": 1.59932372504e-21,
        "stdev": 0.0020832431037,
        "var": 4.33990180682e-06
    },
    "spectral_energyband_middle_low": {
        "dmean": 0.00602364307269,
        "dmean2": 0.00908667221665,
        "dvar": 0.000157094691531,
        "dvar2": 0.000336934957886,
        "max": 0.154556900263,
        "mean": 0.0231333952397,
        "median": 0.0176372490823,
        "min": 3.49696258512e-22,
        "stdev": 0.021523995325,
        "var": 0.000463282340206
    },
    "spectral_entropy": {
        "dmean": 0.195968598127,
        "dmean2": 0.29525077343,
        "dvar": 0.061827160418,
        "dvar2": 0.136755913496,
        "max": 9.80617713928,
        "mean": 4.95379734039,
        "median": 4.86051750183,
        "min": 3.5209197998,
        "stdev": 0.677493035793,
        "var": 0.458996802568
    },
    "spectral_flux": {
        "dmean": 0.019794980064,
        "dmean2": 0.0308590754867,
        "dvar": 0.00111174979247,
        "dvar2": 0.00263388711028,
        "max": 0.335064828396,
        "mean": 0.0374468639493,
        "median": 0.0236616693437,
        "min": 1.03832283049e-10,
        "stdev": 0.0407798849046,
        "var": 0.00166299904231
    },
    "spectral_kurtosis": {
        "dmean": 21.6968593597,
        "dmean2": 35.2202835083,
        "dvar": 404.19909668,
        "dvar2": 1000.10913086,
        "max": 218.684616089,
        "mean": 76.1805114746,
        "median": 74.5829620361,
        "min": -1.19271457195,
        "stdev": 38.9777908325,
        "var": 1519.26806641
    },
    "spectral_rms": {
        "dmean": 0.00056491891155,
        "dmean2": 0.000819903973024,
        "dvar": 8.7591826059e-07,
        "dvar2": 1.71158876583e-06,
        "max": 0.0124361393973,
        "mean": 0.00448268372566,
        "median": 0.00429597636685,
        "min": 3.24317547644e-12,
        "stdev": 0.0021080377046,
        "var": 4.44382339992e-06
    },
    "spectral_rolloff": {
        "dmean": 47.0328292847,
        "dmean2": 71.688041687,
        "dvar": 66275.2421875,
        "dvar2": 60598.6367188,
        "max": 18798.4863281,
        "mean": 491.717376709,
        "median": 301.46484375,
        "min": 172.265625,
        "stdev": 1110.71728516,
        "var": 1233693
    },
    "spectral_skewness": {
        "dmean": 1.11077868938,
        "dmean2": 1.80062615871,
        "dvar": 0.991130530834,
        "dvar2": 2.38878941536,
        "max": 11.9812812805,
        "mean": 6.96907091141,
        "median": 7.097697258,
        "min": 0.00647157570347,
        "stdev": 2.10268807411,
        "var": 4.42129707336
    },
    "spectral_spread": {
        "dmean": 478170.09375,
        "dmean2": 779389,
        "dvar": 1.07969386906e+12,
        "dvar2": 1.45969250304e+12,
        "max": 41106440,
        "mean": 1615497.25,
        "median": 1320396.375,
        "min": 501679.28125,
        "stdev": 1529497.25,
        "var": 2.33936178381e+12
    },
    "spectral_strongpeak": {
        "dmean": 0.270502954721,
        "dmean2": 0.420972704887,
        "dvar": 0.359918564558,
        "dvar2": 0.8195489645,
        "max": 8.15463733673,
        "mean": 1.13125252724,
        "median": 0.849542379379,
        "min": 5.9385221185e-09,
        "stdev": 0.91808193922,
        "var": 0.842874467373
    },
    "zerocrossingrate": {
        "dmean": 0.00180724530946,
        "dmean2": 0.00212899711914,
        "dvar": 2.68907970167e-05,
        "dvar2": 1.81771902135e-05,
        "max": 0.48828125,
        "mean": 0.0172454286367,
        "median": 0.0126953125,
        "min": 0.00390625,
        "stdev": 0.0307527072728,
        "var": 0.000945728970692
    },
    "barkbands": {
        "dmean": [1.6647237544e-07, 0.000236726351432, 0.0005554134259, 0.0022940270137, 0.00196778634563, 0.000333151401719, 0.001022744691, 0.000712695764378, 0.00116197729949, 0.000196115637664, 2.11283822864e-05, 7.12531109457e-05, 4.65521634396e-06, 3.8360394683e-06, 7.59865883992e-07, 9.9105272966e-07, 4.52624021818e-07, 3.41506165569e-07, 4.87429247187e-07, 5.33314960194e-07, 4.63345912749e-07, 6.63722801164e-07, 4.62117867528e-07, 6.95062851719e-07, 3.09519833763e-07, 5.58030350817e-08, 1.5519264096e-08],
        "dmean2": [2.96088984442e-07, 0.000411611254094, 0.000897027901374, 0.00359912007116, 0.0030614589341, 0.000515773834195, 0.00155867647845, 0.0011075042421, 0.00163404876366, 0.000304198620142, 3.76900461561e-05, 0.000100515098893, 7.57544148655e-06, 5.21233778272e-06, 1.17716444947e-06, 1.38150494422e-06, 6.9475146347e-07, 5.81297967983e-07, 8.23272387152e-07, 9.43059603742e-07, 8.2413544078e-07, 1.21957600641e-06, 8.51435970617e-07, 1.2852041209e-06, 5.54571215616e-07, 9.96785374241e-08, 2.90483992416e-08],
        "dvar": [2.77107275928e-13, 1.68630180042e-07, 1.46797435718e-06, 4.15880203946e-05, 1.50321320689e-05, 8.68643383001e-07, 1.77556139533e-05, 8.71773045219e-06, 4.12367880926e-05, 3.9441415538e-06, 8.17836198763e-09, 2.14269476828e-07, 1.38230027424e-09, 2.38898956173e-10, 7.78294009102e-12, 1.65497095195e-11, 2.34353920818e-12, 2.66944496022e-12, 2.99712034704e-12, 9.79603984735e-12, 8.88788695419e-12, 1.680101544e-11, 1.03511851868e-11, 2.39368542349e-11, 3.83828689318e-12, 9.76810727573e-14, 1.95294626824e-14],
        "dvar2": [8.3833699531e-13, 4.70459241342e-07, 3.08451376441e-06, 8.22302463348e-05, 3.62791397492e-05, 2.00245744963e-06, 3.81693753297e-05, 2.06315853575e-05, 9.33785850066e-05, 1.0327169548e-05, 2.27477325865e-08, 5.00504938827e-07, 3.89821286362e-09, 4.74950245799e-10, 1.86121205253e-11, 3.19347291666e-11, 5.80977800591e-12, 7.26144144814e-12, 7.70692884511e-12, 2.75321380278e-11, 2.53649063559e-11, 4.87976048458e-11, 2.98493452178e-11, 6.91872323322e-11, 1.08184936704e-11, 2.75755031873e-13, 5.71192737748e-14],
        "max": [9.45667943597e-06, 0.00468408036977, 0.0190375614911, 0.117829956114, 0.0639903023839, 0.0167985856533, 0.062371596694, 0.0596624203026, 0.120279550552, 0.0418317876756, 0.00118303252384, 0.0105596389621, 0.000717189337593, 0.000270729855401, 5.43915775779e-05, 6.43112070975e-05, 2.30688219744e-05, 3.59814221156e-05, 2.67470022663e-05, 5.70651864109e-05, 5.74999976379e-05, 8.32025179989e-05, 4.49134277005e-05, 7.52048363211e-05, 2.51453948295e-05, 5.83772089158e-06, 2.8318272598e-06],
        "mean": [1.64254061019e-07, 0.00031071313424, 0.00125800608657, 0.00934323389083, 0.0073029207997, 0.0010379368905, 0.00199669739231, 0.00162109185476, 0.00179351621773, 0.000259755324805, 3.04155510094e-05, 0.0001755864796, 6.63848959448e-06, 7.84436360846e-06, 1.21582274915e-06, 1.97848021344e-06, 7.40155314816e-07, 3.71926034859e-07, 5.41117969988e-07, 4.46067360826e-07, 3.73690937749e-07, 5.02382874856e-07, 3.31436154966e-07, 4.7387510449e-07, 2.34847632896e-07, 5.6195215592e-08, 1.33164430594e-08],
        "median": [5.2988045951e-08, 0.000121131946798, 0.000638098223135, 0.00542956590652, 0.00323498644866, 0.000224970426643, 0.000209309480852, 0.000157195201609, 4.53789143648e-05, 4.79722802993e-06, 6.17667274128e-06, 7.96270069259e-06, 8.30202850466e-07, 1.13799148949e-06, 2.29770677151e-07, 2.6594742053e-07, 1.28611219452e-07, 1.00094226241e-07, 1.15101578047e-07, 8.56163069329e-08, 6.61101964283e-08, 6.25136848953e-08, 5.304676165e-08, 5.15750286922e-08, 3.60597027793e-08, 2.16023128274e-08, 5.81166226254e-09],
        "min": [7.39909719469e-25, 5.53542435016e-23, 1.08401881382e-23, 1.64149679701e-23, 1.08707531851e-22, 7.2747099227e-23, 2.6913337156e-23, 3.03899008079e-23, 9.37687845362e-23, 5.85892800324e-23, 7.34743595619e-23, 1.65040669694e-22, 8.41519074584e-23, 6.85451905946e-23, 2.15955506944e-22, 1.87553750187e-22, 1.49220524935e-22, 1.63954982519e-22, 2.07437929626e-22, 3.78715939482e-22, 4.70149537966e-22, 4.39925638736e-22, 8.82867578652e-22, 8.45499856038e-22, 1.22014481887e-21, 1.53848172331e-21, 2.56050890949e-21],
        "stdev": [4.59850411971e-07, 0.000496154185385, 0.00203085690737, 0.0136189088225, 0.0103476569057, 0.00192090880591, 0.00567790633067, 0.00446769921109, 0.00782916136086, 0.00197197729722, 9.51517358772e-05, 0.000664934399538, 3.15360921377e-05, 2.42148798861e-05, 3.48043045051e-06, 6.25376242169e-06, 2.1790926894e-06, 1.43497766203e-06, 1.62585899943e-06, 2.47468756243e-06, 2.29989677791e-06, 3.08611765831e-06, 2.42754435931e-06, 3.67635925613e-06, 1.52585653268e-06, 2.45020089551e-07, 1.0270597528e-07],
        "var": [2.11462412251e-13, 2.4616895189e-07, 4.12438021158e-06, 0.000185474666068, 0.000107073996332, 3.68989071831e-06, 3.22386222251e-05, 1.99603364308e-05, 6.12957737758e-05, 3.88869420931e-06, 9.05385277861e-09, 4.42137775281e-07, 9.94525017894e-10, 5.86360404675e-10, 1.21133962236e-11, 3.91095419938e-11, 4.748444693e-12, 2.05916100143e-12, 2.64341738603e-12, 6.12407867473e-12, 5.28952489448e-12, 9.52412194249e-12, 5.89297187437e-12, 1.35156174447e-11, 2.3282382966e-12, 6.00348424944e-14, 1.05485171853e-14]
    },
    "erbbands": {
        "dmean": [0.00175250589382, 0.0708866193891, 0.483161240816, 4.59647750854, 4.962641716, 7.58016300201, 8.20474052429, 3.00077676773, 11.4606285095, 19.9634475708, 18.5194339752, 25.0603733063, 8.32172679901, 2.68856072426, 1.81998610497, 1.76858603954, 0.280985236168, 0.177062883973, 0.0889380574226, 0.0526526495814, 0.0490894317627, 0.0302098542452, 0.0180189367384, 0.0235274620354, 0.0273420307785, 0.0231581125408, 0.0154407965019, 0.0228450447321, 0.0282567553222, 0.0141955185682, 0.0118253948167, 0.0114052258432, 0.0142840826884, 0.00544047215953, 0.00142051232979, 0.000345649285009, 0.000108380423626, 3.0270737625e-05, 4.06822800869e-06, 7.23137463865e-06],
        "dmean2": [0.00290229008533, 0.122675649822, 0.790643811226, 7.18789577484, 7.953145504, 12.1956033707, 12.3355646133, 4.59998226166, 16.3581027985, 33.3063278198, 26.1338176727, 35.5245132446, 11.8974609375, 4.06149673462, 2.72931337357, 2.44469952583, 0.433502495289, 0.245913341641, 0.132013767958, 0.0701471790671, 0.0701092928648, 0.0447042956948, 0.0301022492349, 0.0389410220087, 0.0469949059188, 0.0408165454865, 0.0273037068546, 0.0410753972828, 0.0516385510564, 0.0259035136551, 0.0216311234981, 0.0210812240839, 0.0266373138875, 0.009776215069, 0.00257956795394, 0.000608611851931, 0.000200060676434, 5.59458276257e-05, 6.38803840047e-06, 1.08289696072e-05],
        "dvar": [1.03886750367e-05, 0.0147501854226, 0.98443043232, 181.775527954, 116.807731628, 231.005630493, 419.258514404, 131.033508301, 3120.40112305, 12923.2285156, 5859.75830078, 23927.0566406, 3313.96020508, 565.133178711, 96.3041610718, 115.232330322, 3.16562080383, 0.570059776306, 0.175146237016, 0.0581299215555, 0.0503146648407, 0.00960205867887, 0.00740660401061, 0.00684664584696, 0.0152865992859, 0.0187127944082, 0.00778941903263, 0.0222128424793, 0.0342402905226, 0.00736143067479, 0.00665967585519, 0.00560810556635, 0.0123045602813, 0.00125641177874, 7.87134267739e-05, 3.72430895368e-06, 4.95638857956e-07, 8.27763955158e-08, 1.76564360355e-10, 2.23709634151e-10],
        "dvar2": [2.50089015026e-05, 0.0411279425025, 2.12959361076, 331.418060303, 270.346740723, 613.722351074, 832.098266602, 283.209991455, 5487.56396484, 33495.5742188, 13564.4853516, 53102.8671875, 8350.64453125, 1445.28259277, 235.960006714, 258.68371582, 8.76680088043, 1.17625653744, 0.367503702641, 0.106191657484, 0.0867434591055, 0.022484594956, 0.0205496586859, 0.0178738385439, 0.0417172648013, 0.0527556613088, 0.0216963626444, 0.0642181411386, 0.100190997124, 0.0207720641047, 0.0192079488188, 0.0160926338285, 0.0358895361423, 0.00355913583189, 0.000222210364882, 1.01762880149e-05, 1.43833142374e-06, 2.42956957663e-07, 4.63539900908e-10, 4.74185246624e-10],
        "max": [0.0436317063868, 1.40393877029, 15.7778739929, 253.733078003, 194.921600342, 232.510864258, 520.195922852, 177.086044312, 1041.82971191, 2292.06494141, 1592.24035645, 3140.23486328, 1059.24316406, 526.605163574, 207.504501343, 251.531814575, 34.5260848999, 14.386133194, 11.1723966599, 5.54729366302, 4.39529418945, 1.63817071915, 1.90992510319, 1.27812516689, 1.79586529732, 2.31020140648, 1.56993675232, 2.85290813446, 4.08175611496, 1.17624294758, 1.41824865341, 1.09420096874, 1.85405504704, 0.440378218889, 0.113516010344, 0.0259446054697, 0.015396730043, 0.0068049938418, 0.000222479633521, 0.0001795511198],
        "mean": [0.00296978419647, 0.10647906363, 1.28266608715, 18.4666728973, 17.7549629211, 23.164850235, 39.0023422241, 7.37192821503, 26.5407485962, 29.9982242584, 41.0766487122, 38.7968902588, 12.1265993118, 4.03963899612, 4.07233762741, 4.43277740479, 0.505178332329, 0.39183986187, 0.127048239112, 0.103581525385, 0.0982643738389, 0.0550673939288, 0.0221805423498, 0.0280040781945, 0.0256445482373, 0.019621219486, 0.0134888803586, 0.0173015091568, 0.0211107470095, 0.0107704428956, 0.0086233979091, 0.00820664968342, 0.00921491719782, 0.00390397012234, 0.0011409126455, 0.000326572800986, 0.000108747648483, 2.98233517242e-05, 1.28808915179e-05, 2.7778231015e-05],
        "median": [0.00148500455543, 0.0530320033431, 0.806484997272, 10.142832756, 12.1905117035, 12.6886453629, 5.48513889313, 2.04354286194, 1.93964147568, 5.23917341232, 5.10483217239, 1.36138951778, 0.49720621109, 0.454029321671, 0.511320054531, 0.264851182699, 0.0866495519876, 0.047626696527, 0.0317938998342, 0.0153799559921, 0.014211400412, 0.0103030614555, 0.00641655176878, 0.00727465050295, 0.00475613866001, 0.00385331199504, 0.00295555428602, 0.00249808840454, 0.00228882418014, 0.00185602915008, 0.00149972643703, 0.00122469174676, 0.000792913662735, 0.000481847964693, 0.00024019870034, 0.000106241117464, 4.44819124823e-05, 1.50175774252e-05, 9.28638837649e-06, 2.08188175748e-05],
        "min": [5.54728452677e-22, 1.50793927069e-20, 2.45401481784e-20, 2.34770239896e-20, 1.24797785916e-19, 5.63064272808e-19, 2.81214835091e-19, 7.42390774056e-19, 6.35420139132e-19, 5.20992264191e-19, 5.73113224781e-19, 2.45406496566e-18, 1.28656032882e-18, 2.67725587252e-18, 6.31529029832e-18, 3.80882385444e-18, 2.87886170808e-18, 4.34895542365e-18, 6.43820809657e-18, 1.25417860666e-17, 1.17454394386e-17, 6.36372875422e-18, 6.90284950872e-18, 1.07543968282e-17, 1.6533861446e-17, 1.40492110636e-17, 1.64590793555e-17, 1.95584059968e-17, 1.49990906851e-17, 2.24054442055e-17, 2.32059416259e-17, 2.07718998077e-17, 1.3883573109e-17, 1.18386519403e-17, 9.65257488149e-18, 5.75174951778e-18, 2.82218680803e-18, 1.09367690602e-18, 3.73156813206e-19, 4.14728196607e-20],
        "stdev": [0.00440699979663, 0.147770226002, 1.71438372135, 29.3061084747, 20.4631385803, 29.0194549561, 81.2446746826, 17.4054698944, 89.1646575928, 113.04108429, 106.147987366, 192.496246338, 60.2641601562, 24.5941562653, 13.6176538467, 16.1431884766, 1.65189313889, 1.24384057522, 0.497502297163, 0.371666967869, 0.361009329557, 0.151006415486, 0.0763136148453, 0.0790475308895, 0.103675283492, 0.107808940113, 0.0704416558146, 0.112889699638, 0.1379891783, 0.0668267905712, 0.0615918673575, 0.0568678155541, 0.0821458771825, 0.0274318531156, 0.00687221903354, 0.00156188569963, 0.00053209613543, 0.000210448415601, 1.4476616343e-05, 2.57324008999e-05],
        "var": [1.94216481759e-05, 0.0218360405415, 2.93911147118, 858.847961426, 418.74005127, 842.12878418, 6600.69677734, 302.950408936, 7950.33642578, 12778.2861328, 11267.3955078, 37054.8046875, 3631.76879883, 604.872558594, 185.440490723, 260.602508545, 2.72875094414, 1.54713928699, 0.24750854075, 0.138136342168, 0.130327731371, 0.0228029377759, 0.005823767744, 0.00624851230532, 0.0107485642657, 0.0116227678955, 0.00496202707291, 0.0127440849319, 0.0190410148352, 0.0044658202678, 0.00379355833866, 0.00323394825682, 0.00674794567749, 0.000752506544814, 4.72273932246e-05, 2.43948693424e-06, 2.83126297518e-07, 4.4288537282e-08, 2.09572414978e-10, 6.62156496301e-10]
    },
    "gfcc": {
        "mean": [-210.646652222, 191.882720947, -42.2008972168, -9.21307849884, -65.1181106567, -11.5890951157, -30.5443153381, -15.1894950867, -23.5986213684, -20.7095184326, -16.9056663513, -19.8194522858, -15.4002170563],
        "cov": [[6926.13476562, 1686.61499023, -325.229370117, -378.316436768, -221.622467041, -44.9671325684, 125.863136292, -59.8184204102, 4.03593015671, -297.165618896, -6.32262420654, -303.291351318, 16.9670772552], [1686.61499023, 1045.15222168, 242.602401733, -253.165603638, 64.6325149536, -155.411636353, 39.3835792542, -173.901657104, 16.7986030579, -197.319763184, 22.135061264, -92.9697494507, 67.5688552856], [-325.229370117, 242.602401733, 744.452514648, 209.485412598, 21.2061061859, -229.58392334, -119.280838013, -205.920425415, -82.1859207153, -86.6899108887, 10.4068908691, 32.4619522095, 78.4480361938], [-378.316436768, -253.165603638, 209.485412598, 361.168457031, 21.9690742493, -45.3375968933, -83.3801422119, 5.76114797592, -16.024930954, 43.5380249023, 1.95594584942, 19.2798099518, -17.24751091], [-221.622467041, 64.6325149536, 21.2061061859, 21.9690742493, 164.049072266, 28.1454563141, 15.8795986176, -10.7422971725, 20.4351272583, -20.3379917145, -5.67673158646, -11.8584022522, -20.474779129], [-44.9671325684, -155.411636353, -229.58392334, -45.3375968933, 28.1454563141, 212.9168396, 99.3747253418, 62.7811775208, -30.593957901, 8.79972648621, -25.133600235, -15.995256424, -38.2891578674], [125.863136292, 39.3835792542, -119.280838013, -83.3801422119, 15.8795986176, 99.3747253418, 128.831344604, 59.2098197937, -11.2063617706, -44.8971786499, -36.2753334045, -42.6301078796, -26.5034008026], [-59.8184204102, -173.901657104, -205.920425415, 5.76114797592, -10.7422971725, 62.7811775208, 59.2098197937, 197.144683838, 101.429176331, 53.4854621887, -43.216217041, -38.9967422485, -66.5934829712], [4.03593015671, 16.7986030579, -82.1859207153, -16.024930954, 20.4351272583, -30.593957901, -11.2063617706, 101.429176331, 155.461517334, 68.2889938354, -0.353939384222, -25.4790420532, -42.2120132446], [-297.165618896, -197.319763184, -86.6899108887, 43.5380249023, -20.3379917145, 8.79972648621, -44.8971786499, 53.4854621887, 68.2889938354, 139.711395264, 48.8541221619, 41.154914856, -30.2108345032], [-6.32262420654, 22.135061264, 10.4068908691, 1.95594584942, -5.67673158646, -25.133600235, -36.2753334045, -43.216217041, -0.353939384222, 48.8541221619, 103.953765869, 62.036605835, 15.9366884232], [-303.291351318, -92.9697494507, 32.4619522095, 19.2798099518, -11.8584022522, -15.995256424, -42.6301078796, -38.9967422485, -25.4790420532, 41.154914856, 62.036605835, 120.994293213, 59.2694664001], [16.9670772552, 67.5688552856, 78.4480361938, -17.24751091, -20.474779129, -38.2891578674, -26.5034008026, -66.5934829712, -42.2120132446, -30.2108345032, 15.9366884232, 59.2694664001, 133.257019043]],
        "icov": [[0.000577883503865, -0.00173571298365, 0.000882206484675, -0.00100424105767, 0.00138292112388, -0.000670982524753, 0.00104756187648, -0.00074084289372, 0.0008713498828, -1.35002255774e-05, 0.000139340525493, 0.000254547136137, 0.000158081660629], [-0.00173571298365, 0.00882840994745, -0.00333604682237, 0.00472040148452, -0.00451852986589, 0.00315797422081, -0.00500770192593, 0.0051660919562, -0.00670524826273, 0.00446866545826, -0.00414609769359, 0.00241412152536, -0.00157061498612], [0.000882206484675, -0.00333604682237, 0.0054109855555, -0.00434219604358, 0.00209419126622, 0.00227657868527, -0.000199376561795, 0.00239394931123, 0.00130139186513, 4.56453344668e-05, 0.00252953427844, -0.00125818653032, 0.000644077023026], [-0.00100424105767, 0.00472040148452, -0.00434219604358, 0.00841404870152, -0.00442412029952, 0.0006038628635, 0.00241844193079, -0.00290766684338, 0.00109034776688, 2.08872188523e-05, -0.00251462566666, 0.00222026999108, -0.000435352441855], [0.00138292112388, -0.00451852986589, 0.00209419126622, -0.00442412029952, 0.0121155176312, -0.00502303941175, 0.00146209041122, 0.00234732730314, -0.00416311249137, 0.00369272776879, 0.000804110837635, -0.00179366813973, 0.00241173873655], [-0.000670982524753, 0.00315797422081, 0.00227657868527, 0.0006038628635, -0.00502303941175, 0.0156268626451, -0.0111757675186, 0.00259624468163, 0.00433486374095, -0.00486880214885, 0.00200808956288, 3.57223325409e-05, 2.84418365482e-05], [0.00104756187648, -0.00500770192593, -0.000199376561795, 0.00241844193079, 0.00146209041122, -0.0111757675186, 0.0279705375433, -0.0143698612228, 0.00757688144222, 0.00640231696889, -0.00226587383077, 0.00225277943537, 0.00135218538344], [-0.00074084289372, 0.0051660919562, 0.00239394931123, -0.00290766684338, 0.00234732730314, 0.00259624468163, -0.0143698612228, 0.0255642216653, -0.0177222974598, 0.00180555658881, 0.005179295782, -0.00224258960225, 0.00188666628674], [0.0008713498828, -0.00670524826273, 0.00130139186513, 0.00109034776688, -0.00416311249137, 0.00433486374095, 0.00757688144222, -0.0177222974598, 0.0283462647349, -0.0145428394899, 0.00232629175298, 0.00345983635634, -0.000214439132833], [-1.35002255774e-05, 0.00446866545826, 4.56453344668e-05, 2.08872188523e-05, 0.00369272776879, -0.00486880214885, 0.00640231696889, 0.00180555658881, -0.0145428394899, 0.0281847529113, -0.0112043060362, -0.00259750895202, 0.00333406613208], [0.000139340525493, -0.00414609769359, 0.00252953427844, -0.00251462566666, 0.000804110837635, 0.00200808956288, -0.00226587383077, 0.005179295782, 0.00232629175298, -0.0112043060362, 0.0238301977515, -0.0115835592151, 0.00360704353079], [0.000254547136137, 0.00241412152536, -0.00125818653032, 0.00222026999108, -0.00179366813973, 3.57223325409e-05, 0.00225277943537, -0.00224258960225, 0.00345983635634, -0.00259750895202, -0.0115835592151, 0.0228059943765, -0.00941756367683], [0.000158081660629, -0.00157061498612, 0.000644077023026, -0.000435352441855, 0.00241173873655, 2.84418365482e-05, 0.00135218538344, 0.00188666628674, -0.000214439132833, 0.00333406613208, 0.00360704353079, -0.00941756367683, 0.0138808134943]]
    },
    "melbands": {
        "dmean": [3.93157097278e-05, 0.00023579892877, 0.000775156484451, 0.000370372988982, 0.000338378828019, 8.1162135757e-05, 0.000165899822605, 0.000203855423024, 0.000184063566849, 0.000139670723001, 3.92658876081e-05, 1.36831240525e-05, 4.28026851296e-06, 9.93249523162e-06, 8.32719138089e-07, 4.0483089947e-07, 3.09701420065e-07, 1.77272184487e-07, 5.87889203985e-08, 5.9875965519e-08, 6.03610601502e-08, 3.15702166631e-08, 1.71447602781e-08, 1.69600262723e-08, 1.97160030524e-08, 1.98425187392e-08, 2.14955413469e-08, 1.39603466565e-08, 9.44337941178e-09, 1.05413233698e-08, 1.34651818584e-08, 1.78553349883e-08, 1.0361309144e-08, 7.64175300816e-09, 6.60873844538e-09, 8.49352499444e-09, 5.7835496392e-09, 1.09215418931e-08, 6.24032336916e-09, 4.57860238612e-09],
        "dmean2": [6.7809902248e-05, 0.000384751561796, 0.00121495954227, 0.000583707937039, 0.000525762559846, 0.000123627920402, 0.000240289868088, 0.000345647596987, 0.000260682863882, 0.000196804612642, 5.6776945712e-05, 2.07019729714e-05, 6.79405957271e-06, 1.38745144795e-05, 1.26284635371e-06, 6.18466515334e-07, 4.33356433405e-07, 2.63112241328e-07, 8.64543991952e-08, 8.08690003851e-08, 8.69392025038e-08, 4.75710777437e-08, 2.84433525621e-08, 2.87853545444e-08, 3.2828477714e-08, 3.38710250958e-08, 3.76987401296e-08, 2.47604621251e-08, 1.68074478779e-08, 1.89009803364e-08, 2.44545361738e-08, 3.26285345409e-08, 1.8997328155e-08, 1.4024864825e-08, 1.20692442707e-08, 1.57499435716e-08, 1.06027222557e-08, 2.04732248932e-08, 1.14624345571e-08, 8.29379320777e-09],
        "dvar": [4.87952478423e-09, 2.68247504209e-07, 4.55792132925e-06, 5.29205067323e-07, 6.25955408395e-07, 1.10885828519e-07, 5.39180462056e-07, 1.33399055358e-06, 7.79033200615e-07, 7.12431301508e-07, 9.44558138372e-08, 1.68319331806e-08, 3.79846903931e-10, 4.26595914149e-09, 1.67937903167e-11, 6.83473026439e-12, 1.66399988406e-12, 8.59444893725e-13, 5.51600933441e-14, 7.50402276667e-14, 9.02555550371e-14, 1.14251666396e-14, 7.61358529255e-15, 5.24339059449e-15, 5.04978639132e-15, 5.13349992804e-15, 1.45876048057e-14, 7.9865872623e-15, 2.97602548446e-15, 5.0489478287e-15, 7.42373386885e-15, 1.54825561009e-14, 4.13493448059e-15, 2.43432568008e-15, 2.05984119091e-15, 4.30774741304e-15, 1.27783538654e-15, 7.60178273546e-15, 2.07056759264e-15, 8.99205200487e-16],
        "dvar2": [1.30457600278e-08, 5.41787471775e-07, 8.97458539839e-06, 1.39852136272e-06, 1.32573700284e-06, 2.26258720204e-07, 9.6963458418e-07, 3.43107467415e-06, 1.82573774055e-06, 1.57988938554e-06, 2.39525803636e-07, 4.2897113417e-08, 9.88468307206e-10, 9.82892789381e-09, 4.05931989411e-11, 1.85347692055e-11, 3.39303151548e-12, 1.75676064407e-12, 1.24850948807e-13, 1.43431382223e-13, 1.50956422926e-13, 2.56327280907e-14, 2.18404768825e-14, 1.39842725548e-14, 1.32465932551e-14, 1.34057067002e-14, 4.04947038087e-14, 2.27418757925e-14, 8.29621761507e-15, 1.44881411149e-14, 2.1448712286e-14, 4.55589071243e-14, 1.16866033588e-14, 6.9090690268e-15, 5.91049256792e-15, 1.25683375518e-14, 3.64758009834e-15, 2.22266324269e-14, 5.97276177152e-15, 2.55480192903e-15],
        "max": [0.000761775590945, 0.00893137790263, 0.0393324047327, 0.0133179035038, 0.0183352604508, 0.00552877783775, 0.0133556956425, 0.0238228067756, 0.0177890788764, 0.0170982349664, 0.005819006823, 0.00288747693412, 0.000340551341651, 0.00150655116886, 6.41748993075e-05, 4.96129832754e-05, 2.43799368036e-05, 2.57215415331e-05, 4.48979062639e-06, 6.36623963146e-06, 6.0338302319e-06, 1.94060476133e-06, 2.12195891436e-06, 1.40492295486e-06, 1.17078059247e-06, 9.59016347224e-07, 1.98902421289e-06, 1.437632136e-06, 1.03910304006e-06, 1.37573010761e-06, 1.55047348471e-06, 2.88999831355e-06, 9.89072987068e-07, 7.69320820382e-07, 8.05323452369e-07, 1.19262301723e-06, 5.50358436158e-07, 1.37707138492e-06, 7.86339114711e-07, 4.05460014008e-07],
        "mean": [5.4013045883e-05, 0.000691077380907, 0.00314478459768, 0.00125068670604, 0.00147158710752, 0.000189059283002, 0.000367628352251, 0.000343177380273, 0.000365499901818, 0.000213677951251, 5.60753978789e-05, 1.9990695364e-05, 8.53805067891e-06, 2.47466250585e-05, 1.49898880863e-06, 7.2361160619e-07, 6.57445866636e-07, 2.26360583611e-07, 1.0635289982e-07, 1.15061091321e-07, 1.15772337494e-07, 5.3531397981e-08, 2.36891111172e-08, 1.91283007211e-08, 2.34164261315e-08, 2.01063077299e-08, 1.77191683548e-08, 1.16454135224e-08, 8.29075830211e-09, 8.36340863231e-09, 9.95148230487e-09, 1.31312773988e-08, 7.77363595716e-09, 5.65489921556e-09, 4.86858198201e-09, 5.74798164621e-09, 4.27730428854e-09, 6.90533275005e-09, 4.25870094745e-09, 3.24987037281e-09],
        "median": [2.10960533877e-05, 0.00044517297647, 0.00190064893104, 0.000954840041231, 0.000341214588843, 4.70935556223e-05, 3.1760046113e-05, 4.44497673016e-05, 3.56365890184e-05, 4.76767399959e-06, 1.40449174069e-06, 1.42100986977e-06, 1.54682061293e-06, 7.02316413026e-07, 1.56246755978e-07, 8.20129884005e-08, 7.45986881157e-08, 3.75554591869e-08, 1.66218150355e-08, 1.74267906772e-08, 1.17551444134e-08, 7.95901922146e-09, 5.63274626941e-09, 5.42250555569e-09, 5.68195934747e-09, 3.45643647037e-09, 2.85873658079e-09, 2.33987473841e-09, 1.87704563004e-09, 1.52343970772e-09, 1.3937569987e-09, 1.33598054841e-09, 1.11489151244e-09, 9.73567004792e-10, 8.46403891419e-10, 8.00466859463e-10, 7.01196711805e-10, 5.51408252392e-10, 4.62837934645e-10, 3.71155939316e-10],
        "min": [1.03606285499e-23, 1.61004775262e-23, 7.03794247279e-24, 2.37508979166e-23, 1.41070544177e-23, 1.60254331882e-23, 9.04357635924e-24, 5.90591602974e-24, 4.74313781646e-24, 1.61848588217e-23, 6.33352202772e-24, 1.07620356883e-23, 1.67780759116e-23, 2.10519665239e-23, 3.37094700956e-24, 9.83271178806e-24, 6.97737846565e-24, 8.26697908565e-24, 1.81618830898e-23, 1.5796758189e-23, 1.39616657751e-23, 7.76500401469e-24, 4.01755105002e-24, 8.1080993439e-24, 8.57089248255e-24, 9.16368832067e-24, 1.45940608529e-23, 8.19691246005e-24, 1.00311947138e-23, 1.18873757464e-23, 1.03065829004e-23, 7.41462434389e-24, 1.01115070649e-23, 1.38046903436e-23, 1.35166251623e-23, 1.39001788007e-23, 1.1882125877e-23, 1.02069466126e-23, 7.80254984948e-24, 1.0603420215e-23],
        "stdev": [8.75217665453e-05, 0.000978043768555, 0.00445276731625, 0.00125195796136, 0.00286554312333, 0.000472448766232, 0.00115760671906, 0.00122544763144, 0.00108990457375, 0.00105141708627, 0.000318921607686, 0.000135743568535, 2.57631290879e-05, 9.53972194111e-05, 5.18187516718e-06, 2.62666480921e-06, 2.11959354601e-06, 1.11064923658e-06, 3.22662543795e-07, 4.11181730442e-07, 4.86158626245e-07, 1.67060434819e-07, 7.88989069633e-08, 6.75313742704e-08, 6.72479316677e-08, 6.61721060169e-08, 9.73845075691e-08, 6.93280171049e-08, 4.34821032513e-08, 5.43221254645e-08, 6.52053699923e-08, 9.20953695527e-08, 4.99090297978e-08, 3.81249805059e-08, 3.45865736051e-08, 4.85356963509e-08, 2.74418603396e-08, 6.43019291147e-08, 3.43118990997e-08, 2.30874235285e-08],
