{
"lowlevel": {
    "average_loudness": 0.899041116238,
    "barkbands_crest": {
        "dmean": 2.31536722183,
        "dmean2": 3.64384055138,
        "dvar": 5.21934604645,
        "dvar2": 11.3738498688,
        "max": 24.4771976471,
        "mean": 11.5843715668,
        "median": 10.0008993149,
        "min": 2.76682090759,
        "stdev": 5.40703678131,
        "var": 29.2360477448
    },
    "barkbands_flatness_db": {
        "dmean": 0.0212653856725,
        "dmean2": 0.031248986721,
        "dvar": 0.000369608140318,
        "dvar2": 0.000735695823096,
        "max": 0.360267937183,
        "mean": 0.14364734292,
        "median": 0.134463399649,
        "min": 0.0320309363306,
        "stdev": 0.0513554960489,
        "var": 0.00263738678768
    },
    "barkbands_kurtosis": {
        "dmean": 4.72716236115,
        "dmean2": 6.887611866,
        "dvar": 87.0018615723,
        "dvar2": 172.613494873,
        "max": 167.358901978,
        "mean": 9.61706447601,
        "median": 3.25260877609,
        "min": -1.94180333614,
        "stdev": 20.9250354767,
        "var": 437.857116699
    },
    "barkbands_skewness": {
        "dmean": 0.715833306313,
        "dmean2": 1.01793777943,
        "dvar": 0.556912600994,
        "dvar2": 1.07842314243,
        "max": 11.8016872406,
        "mean": 2.05466175079,
        "median": 1.71094584465,
        "min": -2.27464652061,
        "stdev": 2.07911515236,
        "var": 4.32271957397
    },
    "barkbands_spread": {
        "dmean": 9.56404876709,
        "dmean2": 14.4586648941,
        "dvar": 173.792007446,
        "dvar2": 343.161346436,
        "max": 123.543449402,
        "mean": 26.0687980652,
        "median": 19.8887310028,
        "min": 1.09273934364,
        "stdev": 21.0376434326,
        "var": 442.582458496
    },
    "dissonance": {
        "dmean": 0.0253899246454,
        "dmean2": 0.041703928262,
        "dvar": 0.00065340596484,
        "dvar2": 0.00166535354219,
        "max": 0.499963700771,
        "mean": 0.452619493008,
        "median": 0.461978673935,
        "min": 0.261032730341,
        "stdev": 0.0392171889544,
        "var": 0.00153798784595
    },
    "dynamic_complexity": 2.7734618187,
    "erbbands_crest": {
        "dmean": 3.07697582245,
        "dmean2": 4.94330024719,
        "dvar": 7.92019033432,
        "dvar2": 18.3826236725,
        "max": 23.9256839752,
        "mean": 9.24693012238,
        "median": 8.38025093079,
        "min": 2.41331338882,
        "stdev": 4.28340291977,
        "var": 18.3475418091
    },
    "erbbands_flatness_db": {
        "dmean": 0.0196221061051,
        "dmean2": 0.0279255602509,
        "dvar": 0.000358867779141,
        "dvar2": 0.00069804105442,
        "max": 0.321855872869,
        "mean": 0.140191346407,
        "median": 0.133737117052,
        "min": 0.0457521863282,
        "stdev": 0.0478599891067,
        "var": 0.00229057855904
    },
    "erbbands_kurtosis": {
        "dmean": 1.56415092945,
        "dmean2": 2.38416695595,
        "dvar": 4.80247497559,
        "dvar2": 10.8608818054,
        "max": 28.586561203,
        "mean": 1.64053702354,
        "median": 0.511990785599,
        "min": -1.80316400528,
        "stdev": 3.3379471302,
        "var": 11.1418905258
    },
    "erbbands_skewness": {
        "dmean": 0.521441221237,
        "dmean2": 0.764976263046,
        "dvar": 0.292515397072,
        "dvar2": 0.577706098557,
        "max": 3.97393918037,
        "mean": 0.701979577541,
        "median": 0.739698171616,
        "min": -4.80481481552,
        "stdev": 0.951513946056,
        "var": 0.905378818512
    },
    "erbbands_spread": {
        "dmean": 13.6806612015,
        "dmean2": 20.7955760956,
        "dvar": 242.811553955,
        "dvar2": 506.368621826,
        "max": 182.132827759,
        "mean": 48.7142829895,
        "median": 41.5617523193,
        "min": 5.81189966202,
        "stdev": 31.8766326904,
        "var": 1016.11975098
    },
    "hfc": {
        "dmean": 18.8732662201,
        "dmean2": 28.145778656,
        "dvar": 1488.82922363,
        "dvar2": 3265.12890625,
        "max": 514.153991699,
        "mean": 35.8713760376,
        "median": 22.3747406006,
        "min": 1.13299365253e-16,
        "stdev": 45.6790924072,
        "var": 2086.5793457
    },
    "loudness_ebu128": {
        "integrated": -9.31228923798,
        "loudness_range": 1.72860622406,
        "momentary": {
            "dmean": 0.690076291561,
            "dmean2": 0.736288607121,
            "dvar": 0.443517029285,
            "dvar2": 0.507684528828,
            "max": -6.48557376862,
            "mean": -9.69486618042,
            "median": -9.2092924118,
            "min": -17.641204834,
            "stdev": 2.03504228592,
            "var": 4.1413974762
        },
        "short_term": {
            "dmean": 0.0910591855645,
            "dmean2": 0.083708807826,
            "dvar": 0.00470086792484,
            "dvar2": 0.00484495516866,
            "max": -8.14078521729,
            "mean": -9.29630851746,
            "median": -9.30743026733,
            "min": -10.6609659195,
            "stdev": 0.599973618984,
            "var": 0.359968364239
        }
    },
    "melbands_crest": {
        "dmean": 3.53464460373,
        "dmean2": 5.44141817093,
        "dvar": 11.6982126236,
        "dvar2": 24.0858612061,
        "max": 36.009765625,
        "mean": 18.5559406281,
        "median": 17.0195846558,
        "min": 2.23693013191,
        "stdev": 8.62700271606,
        "var": 74.4251708984
    },
    "melbands_flatness_db": {
        "dmean": 0.0268630031496,
        "dmean2": 0.0388701111078,
        "dvar": 0.000638988160063,
        "dvar2": 0.00120203348342,
        "max": 0.46308991313,
        "mean": 0.208510816097,
        "median": 0.203770548105,
        "min": 0.0048665124923,
        "stdev": 0.0752768516541,
        "var": 0.00566660473123
    },
    "melbands_kurtosis": {
        "dmean": 14.5006332397,
        "dmean2": 20.885925293,
        "dvar": 910.897033691,
        "dvar2": 1551.18469238,
        "max": 949.855102539,
        "mean": 37.4785690308,
        "median": 12.2042417526,
        "min": -1.60213053226,
        "stdev": 90.9373855591,
        "var": 8269.60839844
    },
    "melbands_skewness": {
        "dmean": 1.02760207653,
        "dmean2": 1.4771720171,
        "dvar": 1.3863928318,
        "dvar2": 2.47402215004,
        "max": 26.4063358307,
        "mean": 3.62788367271,
        "median": 2.78447008133,
        "min": -0.679330646992,
        "stdev": 3.61221194267,
        "var": 13.048075676
    },
    "melbands_spread": {
        "dmean": 10.1894235611,
        "dmean2": 15.6620836258,
        "dvar": 396.383148193,
        "dvar2": 825.448791504,
        "max": 297.038696289,
        "mean": 23.9754047394,
        "median": 17.0094280243,
        "min": 0.786917567253,
        "stdev": 25.030828476,
        "var": 626.542358398
    },
    "pitch_salience": {
        "dmean": 0.0717489346862,
        "dmean2": 0.111274965107,
        "dvar": 0.00498493481427,
        "dvar2": 0.0109477797523,
        "max": 0.862060129642,
        "mean": 0.50939399004,
        "median": 0.53408396244,
        "min": 0.100338540971,
        "stdev": 0.174797579646,
        "var": 0.0305541940033
    },
    "silence_rate_20dB": {
        "dmean": 0,
        "dmean2": 0,
        "dvar": 0,
        "dvar2": 0,
        "max": 1,
        "mean": 1,
        "median": 1,
        "min": 1,
        "stdev": 0,
        "var": 0
    },
    "silence_rate_30dB": {
        "dmean": 0.0232198145241,
        "dmean2": 0.0464756004512,
        "dvar": 0.0226810313761,
        "dvar2": 0.0458641685545,
        "max": 1,
        "mean": 0.924980640411,
        "median": 1,
        "min": 0,
        "stdev": 0.263425588608,
        "var": 0.0693930462003
    },
    "silence_rate_60dB": {
        "dmean": 0.0208978336304,
        "dmean2": 0.0418280400336,
        "dvar": 0.0204611737281,
        "dvar2": 0.0447262600064,
        "max": 1,
        "mean": 0.0456303171813,
        "median": 0,
        "min": 0,
        "stdev": 0.208682179451,
        "var": 0.0435482524335
    },
    "spectral_centroid": {
        "dmean": 352.612670898,
        "dmean2": 531.497924805,
        "dvar": 317433.40625,
        "dvar2": 561146.875,
        "max": 11402.2724609,
        "mean": 1360.33947754,
        "median": 1152.04833984,
        "min": 306.395324707,
        "stdev": 812.731567383,
        "var": 660532.5625
    },
    "spectral_complexity": {
        "dmean": 4.02554178238,
        "dmean2": 5.73586368561,
        "dvar": 22.3840579987,
        "dvar2": 33.1254310608,
        "max": 59,
        "mean": 16.5537509918,
        "median": 14,
        "min": 0,
        "stdev": 10.0257043839,
        "var": 100.51474762
    },
    "spectral_decrease": {
        "dmean": 2.3322817011e-09,
        "dmean2": 3.44094641669e-09,
        "dvar": 1.12100873189e-17,
        "dvar2": 2.34267475642e-17,
        "max": -2.71108253169e-29,
        "mean": -1.04199182616e-08,
        "median": -7.98941002245e-09,
        "min": -4.78665818093e-08,
        "stdev": 8.81251072116e-09,
        "var": 7.76603415005e-17
    },
    "spectral_energy": {
        "dmean": 0.00976393651217,
        "dmean2": 0.0145146101713,
        "dvar": 0.000184868447832,
        "dvar2": 0.000384743150789,
        "max": 0.185187160969,
        "mean": 0.0425808690488,
        "median": 0.0337388962507,
        "min": 1.03789106033e-20,
        "stdev": 0.0343908369541,
        "var": 0.00118272961117
    },
    "spectral_energyband_high": {
        "dmean": 0.00163829349913,
        "dmean2": 0.00250153546222,
        "dvar": 1.38907671499e-05,
        "dvar2": 3.05966568703e-05,
        "max": 0.0501841083169,
        "mean": 0.00224704272114,
        "median": 0.000797888322268,
        "min": 7.65324062502e-21,
        "stdev": 0.00428552459925,
        "var": 1.83657193702e-05
    },
    "spectral_energyband_low": {
        "dmean": 0.00505587877706,
        "dmean2": 0.00784298032522,
        "dvar": 9.64136852417e-05,
        "dvar2": 0.000215001084143,
        "max": 0.156007483602,
        "mean": 0.0231006089598,
        "median": 0.0105707589537,
        "min": 1.40629047127e-22,
        "stdev": 0.0298842303455,
        "var": 0.000893067219295
    },
    "spectral_energyband_middle_high": {
        "dmean": 0.00313771399669,
        "dmean2": 0.00424553500488,
        "dvar": 3.95361930714e-05,
        "dvar2": 7.06206410541e-05,
        "max": 0.0710508748889,
        "mean": 0.00692968675867,
        "median": 0.00176613626536,
        "min": 1.42601615909e-21,
        "stdev": 0.0115479528904,
        "var": 0.000133355220896
    },
    "spectral_energyband_middle_low": {
        "dmean": 0.00496024684981,
        "dmean2": 0.00780278956518,
        "dvar": 7.41829280742e-05,
        "dvar2": 0.000186707344255,
        "max": 0.0831166952848,
        "mean": 0.0106955869123,
        "median": 0.0062443818897,
        "min": 2.84548388913e-22,
        "stdev": 0.0108292400837,
        "var": 0.00011727243691
    },
    "spectral_entropy": {
        "dmean": 0.191653549671,
        "dmean2": 0.27774694562,
        "dvar": 0.0404962226748,
        "dvar2": 0.0767065733671,
        "max": 9.79744434357,
        "mean": 7.82588577271,
        "median": 7.80604457855,
        "min": 6.7209444046,
        "stdev": 0.377886921167,
        "var": 0.142798528075
    },
    "spectral_flux": {
        "dmean": 0.0295709818602,
        "dmean2": 0.0458791144192,
        "dvar": 0.00120426504873,
        "dvar2": 0.00236497283913,
        "max": 0.391574621201,
        "mean": 0.0985101237893,
        "median": 0.0920255035162,
        "min": 1.01876937442e-10,
        "stdev": 0.0561135560274,
        "var": 0.00314873130992
    },
    "spectral_kurtosis": {
        "dmean": 1.2381746769,
        "dmean2": 1.85861861706,
        "dvar": 1.56423008442,
        "dvar2": 3.36235690117,
        "max": 15.9279117584,
        "mean": 2.94963884354,
        "median": 2.71288585663,
        "min": -1.5481313467,
        "stdev": 2.44625997543,
        "var": 5.98418807983
    },
    "spectral_rms": {
        "dmean": 0.000786378746852,
        "dmean2": 0.00113306147978,
        "dvar": 8.8230063966e-07,
        "dvar2": 1.67399821294e-06,
        "max": 0.0134413689375,
        "mean": 0.00587711716071,
        "median": 0.00573724647984,
        "min": 3.18210106702e-12,
        "stdev": 0.00264609837905,
        "var": 7.00183636582e-06
    },
    "spectral_rolloff": {
        "dmean": 959.044494629,
        "dmean2": 1624.73144531,
        "dvar": 4208947,
        "dvar2": 8678778,
        "max": 18453.9550781,
        "mean": 1795.5489502,
        "median": 882.861328125,
        "min": 64.599609375,
        "stdev": 2584.05102539,
        "var": 6677319.5
    },
    "spectral_skewness": {
        "dmean": 0.262055486441,
        "dmean2": 0.382040590048,
        "dvar": 0.0713496133685,
        "dvar2": 0.134130463004,
        "max": 3.49445056915,
        "mean": 1.50773000717,
        "median": 1.5243833065,
        "min": -0.315811157227,
        "stdev": 0.486901015043,
        "var": 0.237072601914
    },
    "spectral_spread": {
        "dmean": 1168205.625,
        "dmean2": 1603721.375,
        "dvar": 2.25705538355e+12,
        "dvar2": 3.13639095501e+12,
        "max": 40391400,
        "mean": 7087747,
        "median": 6539752.5,
        "min": 2201086.25,
        "stdev": 3064062.75,
        "var": 9.38848079053e+12
    },
    "spectral_strongpeak": {
        "dmean": 0.495494961739,
        "dmean2": 0.81784516573,
        "dvar": 0.782438457012,
        "dvar2": 1.94945895672,
        "max": 7.05357122421,
        "mean": 0.90128082037,
        "median": 0.595917999744,
        "min": 0,
        "stdev": 1.06038630009,
        "var": 1.12441921234
    },
    "zerocrossingrate": {
        "dmean": 0.0188120547682,
        "dmean2": 0.02212696895,
        "dvar": 0.000778112909757,
        "dvar2": 0.000952451548073,
        "max": 0.4970703125,
        "mean": 0.0774660259485,
        "median": 0.0615234375,
        "min": 0.00439453125,
        "stdev": 0.0566721484065,
        "var": 0.00321173248813
    },
    "barkbands": {
        "dmean": [0.00070919765858, 0.00395244266838, 0.00111880258191, 0.000963121769018, 0.00124572904315, 0.00161103310529, 0.00142951868474, 0.00149600475561, 0.000959247641731, 0.000886756868567, 0.000876686710399, 0.000660792982671, 0.000572197895963, 0.000360613281373, 0.000412011606386, 0.000377949007088, 0.000257293198956, 0.000200835202122, 0.000229023644351, 0.000143745797686, 0.000145703670569, 0.000129188891151, 0.000266165967332, 0.000516632455401, 0.00057289149845, 0.000178628979484, 7.77844707045e-06],
        "dmean2": [0.00109105510637, 0.00603359565139, 0.00196229154244, 0.00161346886307, 0.00205645686947, 0.00262387422845, 0.00222196150571, 0.00235164514743, 0.00153470109217, 0.00134391593747, 0.00136241992004, 0.00101843848825, 0.000819170323666, 0.000551177246962, 0.000627802452073, 0.000598950486165, 0.000402793317335, 0.000312610558467, 0.000355935102561, 0.000228134769714, 0.00022939874907, 0.000203087663976, 0.000443523458671, 0.000814967323095, 0.000883704167791, 0.000276994105661, 1.31918586703e-05],
        "dvar": [1.10130133635e-06, 6.40489015495e-05, 2.72732359008e-05, 8.62933393364e-06, 7.35846060707e-06, 9.26655229705e-06, 1.38054992931e-05, 1.05957997221e-05, 6.59650231682e-06, 5.5731716202e-06, 4.78287574879e-06, 2.77474350696e-06, 1.77655761036e-06, 8.02366116659e-07, 1.36094968184e-06, 1.52024949784e-06, 7.98797884727e-07, 4.38867061803e-07, 3.85283669857e-07, 1.8821890535e-07, 1.63042457757e-07, 1.17055378723e-07, 3.37173588605e-07, 1.99726400751e-06, 2.65378207587e-06, 3.60815192835e-07, 1.67857017175e-09],
        "dvar2": [2.19616981667e-06, 0.000127556675579, 7.83950235927e-05, 2.41150355578e-05, 1.87917685253e-05, 2.08354686038e-05, 3.33818607032e-05, 2.4472903533e-05, 1.66450463439e-05, 1.23936197269e-05, 1.07026071419e-05, 6.15958560957e-06, 3.42172234014e-06, 1.76615969849e-06, 2.97350493383e-06, 3.71165083379e-06, 1.80294114216e-06, 1.02918727407e-06, 8.3575315557e-07, 4.50122740858e-07, 3.6824562244e-07, 2.64927138005e-07, 8.34811942241e-07, 4.71638304589e-06, 5.83266228205e-06, 7.78536502821e-07, 4.19937284946e-09],
        "max": [0.0149484947324, 0.128304243088, 0.0807579010725, 0.042673394084, 0.0286509096622, 0.0411538779736, 0.0687535181642, 0.0369110107422, 0.0439828969538, 0.0285739395767, 0.0314529985189, 0.0235995613039, 0.0187758393586, 0.0139127373695, 0.0127655705437, 0.0145910894498, 0.0105625698343, 0.00839818362147, 0.00667146034539, 0.00486724171788, 0.00604863790795, 0.00382625474595, 0.00502421334386, 0.0182284768671, 0.0222366210073, 0.00836206320673, 0.00087967707077],
        "mean": [0.00299357483163, 0.0184650812298, 0.00137391872704, 0.00114345783368, 0.00193715386558, 0.00238367822021, 0.00177043979056, 0.00188707699999, 0.00132318469696, 0.00122585927602, 0.00130073761102, 0.00106870313175, 0.000965977378655, 0.000564457848668, 0.000536609266419, 0.000472533836728, 0.000304859393509, 0.000239036729909, 0.00028453671257, 0.000182980365935, 0.000186327742995, 0.000148940991494, 0.000267774332315, 0.000590580864809, 0.000745610042941, 0.0002113047085, 6.4738292167e-06],
        "median": [0.00234616640955, 0.00655413744971, 0.000320817343891, 0.000360984588042, 0.00100431416649, 0.000826756644528, 0.000400780176278, 0.000665891042445, 0.00043716916116, 0.000176488902071, 0.000301227206364, 0.000154452573042, 0.000136507485877, 0.000104499064037, 9.17358775041e-05, 0.000117952855362, 5.74311779928e-05, 6.69682849548e-05, 6.98814401403e-05, 4.96535067214e-05, 5.37271262147e-05, 4.62432690256e-05, 5.81496387895e-05, 0.000147599421325, 0.000187478741282, 3.3964006434e-05, 2.15017720961e-07],
        "min": [4.6041317686e-23, 6.18439560443e-23, 4.36453136141e-23, 1.03939784335e-23, 3.88190752177e-23, 7.7374393214e-23, 6.16466903309e-23, 3.12160054142e-23, 5.92045347405e-23, 4.22744532211e-23, 5.34379678342e-23, 9.71990862291e-23, 8.14053840872e-23, 1.85498836949e-22, 1.30553854485e-22, 1.02153397771e-22, 1.76898826822e-22, 1.8958749671e-22, 2.52513896134e-22, 2.92572808259e-22, 3.49758256668e-22, 5.6794870122e-22, 6.85634782836e-22, 6.87210384189e-22, 1.33671175298e-21, 1.79712985233e-21, 2.26196920783e-21],
        "stdev": [0.00321013201028, 0.025976780802, 0.00439873663709, 0.0025530885905, 0.00311382906511, 0.00410529924557, 0.00427971500903, 0.00365843297914, 0.00276686693542, 0.00309503893368, 0.00312001211569, 0.00271613453515, 0.00228406745009, 0.00146546005271, 0.00144260167144, 0.00129213684704, 0.000931933522224, 0.000667381100357, 0.000677552598063, 0.000442265358288, 0.000446119956905, 0.000352593517164, 0.000571323209442, 0.00147033296525, 0.0018517866265, 0.000689148495439, 3.87710533687e-05],
        "var": [1.03049478639e-05, 0.000674793147482, 1.93488831428e-05, 6.51826167086e-06, 9.69593111222e-06, 1.68534807017e-05, 1.83159609151e-05, 1.33841313072e-05, 7.65555250837e-06, 9.57926567935e-06, 9.73447549768e-06, 7.37738628231e-06, 5.21696438227e-06, 2.14757324102e-06, 2.08109963751e-06, 1.66961751802e-06, 8.68500080742e-07, 4.453975464e-07, 4.59077512005e-07, 1.95598644837e-07, 1.99023020286e-07, 1.24322184547e-07, 3.26410201978e-07, 2.16187891056e-06, 3.42911380358e-06, 4.74925656135e-07, 1.50319467984e-09]
    },
    "erbbands": {
        "dmean": [0.213536247611, 0.651641249657, 1.20638108253, 2.24166512489, 3.50436615944, 4.66324996948, 7.89860439301, 15.9988145828, 16.7609939575, 29.4540081024, 23.8460540771, 21.2126407623, 22.858423233, 32.1201057434, 33.9040756226, 25.4371681213, 24.5087490082, 19.3153018951, 19.5327625275, 20.1572208405, 18.8024253845, 14.2420110703, 11.8567237854, 11.1509428024, 9.76899147034, 6.54963302612, 5.92797088623, 5.61639118195, 4.83639574051, 4.80353450775, 8.32737541199, 10.2637491226, 8.98810386658, 7.03309440613, 3.9262714386, 1.2436658144, 0.247208759189, 0.0300591979176, 0.00094887270825, 4.2929819756e-05],
        "dmean2": [0.300044834614, 1.02818703651, 2.09858846664, 3.72740221024, 5.78811788559, 7.83112287521, 12.4833211899, 26.4435424805, 25.3344974518, 46.1228637695, 37.6065711975, 33.150226593, 35.8033866882, 46.5241127014, 47.8375434875, 37.7030792236, 34.11378479, 27.5984668732, 28.9518146515, 31.286989212, 29.499080658, 22.1122894287, 18.3743953705, 17.4811668396, 15.3031778336, 10.2346792221, 9.46080875397, 8.88910770416, 7.70644140244, 7.54114723206, 13.8087177277, 16.9142417908, 14.0831794739, 10.8909673691, 6.03527545929, 1.91323685646, 0.375985085964, 0.0473320260644, 0.00150126800872, 6.36275290162e-05],
        "dvar": [0.123475395143, 3.97965478897, 33.6163253784, 58.5788803101, 89.275680542, 125.304107666, 284.163513184, 1016.93768311, 1736.08093262, 4967.40576172, 3484.82592773, 2844.24658203, 4750.16699219, 7054.2421875, 7449.00927734, 4203.76171875, 2996.09472656, 1944.58435059, 2895.61328125, 3661.91796875, 3893.29443359, 2420.08984375, 1720.03015137, 1032.3536377, 775.08996582, 379.222473145, 298.473083496, 222.582595825, 185.218811035, 120.444564819, 332.763153076, 629.985168457, 725.317565918, 417.868865967, 132.915802002, 18.5276508331, 0.692872524261, 0.0115191014484, 1.99518799491e-05, 1.34322437617e-08],
        "dvar2": [0.170065790415, 9.81728458405, 95.8859863281, 161.997024536, 232.178375244, 319.40045166, 678.948913574, 2203.38256836, 3559.5715332, 12100.5673828, 8011.47460938, 6963.72509766, 11834.7001953, 14876.0019531, 15333.3105469, 9168.96875, 5288.20556641, 3779.47412109, 6478.21386719, 7956.42773438, 9558.50097656, 5199.34179688, 3958.18237305, 2343.15258789, 1671.51916504, 882.083190918, 697.516296387, 503.221923828, 434.246612549, 275.61831665, 834.885681152, 1517.5144043, 1698.2833252, 939.736938477, 300.833618164, 41.5304527283, 1.52834248543, 0.0267020091414, 4.88396653964e-05, 2.94415389845e-08],
        "max": [6.37686109543, 30.1686935425, 88.1964874268, 111.074913025, 125.873352051, 129.643859863, 201.608734131, 463.93838501, 625.586181641, 840.479370117, 763.362121582, 745.679260254, 1031.07995605, 1084.49682617, 1486.50927734, 1035.94372559, 775.894287109, 772.156616211, 778.894042969, 600.053161621, 780.826293945, 574.711975098, 534.143981934, 349.968078613, 324.532745361, 212.876586914, 227.640823364, 187.444488525, 152.879776001, 108.226928711, 154.214935303, 389.066680908, 431.974884033, 285.20425415, 203.766799927, 71.8550338745, 13.8604793549, 1.95411467552, 0.0932965278625, 0.00206140847877],
        "mean": [0.998954594135, 2.25947761536, 1.79940402508, 2.69857978821, 4.8594417572, 6.70827198029, 11.2871217728, 23.382396698, 25.0660400391, 38.8556175232, 29.9302158356, 30.146522522, 32.3635063171, 50.9919815063, 52.4776191711, 44.5766220093, 44.9639663696, 33.6694297791, 28.8345298767, 26.3703536987, 23.7376880646, 17.6569843292, 13.969455719, 14.0514183044, 12.8243551254, 8.55148792267, 7.67747449875, 7.01074504852, 5.52312088013, 5.14002037048, 8.40546417236, 11.1335773468, 10.4779891968, 8.76077747345, 4.94551753998, 1.48775207996, 0.286039590836, 0.0315972529352, 0.000958953110967, 9.16049903026e-05],
        "median": [0.346864432096, 0.954461634159, 0.599449515343, 0.956333398819, 2.01109099388, 3.10018730164, 4.29130601883, 7.64540863037, 5.32106161118, 15.3215065002, 9.95719051361, 10.8197889328, 9.02354049683, 8.54616451263, 11.5551462173, 6.31398105621, 6.394302845, 6.91155147552, 4.89795160294, 5.28910303116, 5.85073566437, 3.40578460693, 3.45902132988, 3.83830332756, 3.40251135826, 2.25784730911, 2.03349280357, 1.90022397041, 1.60070168972, 1.3026072979, 1.90376424789, 2.50780630112, 2.76848959923, 2.12269282341, 1.18568181992, 0.258240967989, 0.0434704087675, 0.00413020979613, 0.000146207778016, 6.2440718466e-05],
        "min": [2.80169870101e-21, 1.08968007916e-20, 4.12615590247e-20, 5.55938396174e-20, 1.09102305212e-19, 9.9386228812e-20, 1.26776117598e-19, 9.89292399579e-19, 1.03688258176e-18, 8.61873498022e-19, 5.24966350046e-19, 1.39414147473e-18, 1.36132649605e-18, 1.6312023393e-18, 3.45113337999e-18, 3.34121017557e-18, 4.07293931531e-18, 7.93282172024e-18, 7.05907497511e-18, 6.85335102086e-18, 6.00782933258e-18, 1.05424987979e-17, 1.19283100468e-17, 1.3486022662e-17, 1.13425611212e-17, 1.21098811544e-17, 1.269541005e-17, 1.8392273239e-17, 1.80947611881e-17, 2.0711140083e-17, 1.95816861679e-17, 1.53306015136e-17, 1.13345184441e-17, 1.59623921393e-17, 8.35240246851e-18, 6.10179208709e-18, 3.41482077148e-18, 1.38038153204e-18, 3.14661676364e-19, 3.25464067091e-20],
        "stdev": [1.46288383007, 3.29123997688, 4.94505977631, 6.69149780273, 9.29859924316, 12.2721328735, 20.2068805695, 43.4726791382, 60.2757339478, 75.0686798096, 65.5655136108, 61.9689559937, 74.2555923462, 125.324859619, 127.790245056, 109.112892151, 103.023017883, 79.9613571167, 75.6390991211, 68.9937667847, 64.8681411743, 52.9937400818, 41.7842903137, 34.0731124878, 30.4360904694, 20.4945678711, 18.7923316956, 16.1940097809, 13.6241254807, 11.2878370285, 17.9461784363, 25.6367855072, 28.0030174255, 22.8341846466, 12.7468938828, 4.79443883896, 0.943695187569, 0.114846505225, 0.00433801300824, 0.000137794471812],
        "var": [2.14002895355, 10.8322601318, 24.4536151886, 44.7761459351, 86.4639434814, 150.605239868, 408.318054199, 1889.8737793, 3633.1640625, 5635.30712891, 4298.83691406, 3840.15161133, 5513.89306641, 15706.3203125, 16330.3476562, 11905.6230469, 10613.7421875, 6393.81835938, 5721.2734375, 4760.14013672, 4207.87597656, 2808.33666992, 1745.92687988, 1160.97705078, 926.35559082, 420.027313232, 353.151763916, 262.24597168, 185.616790771, 127.415267944, 322.065307617, 657.244750977, 784.169006348, 521.399963379, 162.483306885, 22.9866447449, 0.890560626984, 0.0131897199899, 1.88183566934e-05, 1.89873166079e-08]
    },
    "gfcc": {
        "mean": [15.2807092667, 67.0108566284, -99.6054000854, 18.6618213654, -66.0250549316, 27.4268512726, -45.3079872131, 23.3700332642, -26.0686302185, 11.5000534058, -9.92085456848, 2.90330839157, -6.30731868744],
        "cov": [[5032.20800781, -394.888000488, 763.856689453, 443.662445068, 154.854522705, 532.193847656, 50.6507034302, 271.424804688, -30.542974472, 209.087463379, 77.6582565308, 173.892837524, 154.170806885], [-394.888000488, 1405.47180176, 46.2578811646, 172.004943848, 270.653564453, 76.1835174561, 313.077575684, 25.6209430695, 111.51461792, 4.55256414413, 153.929718018, -33.5992546082, 175.753601074], [763.856689453, 46.2578811646, 1895.7265625, 578.879211426, 175.047683716, 389.013122559, 55.1328926086, 236.380447388, 160.38130188, 136.3956604, 122.527671814, 214.383468628, 92.0592422485], [443.662445068, 172.004943848, 578.879211426, 592.791503906, 216.265289307, 151.229415894, 129.213424683, 48.9866027832, 121.687538147, 30.5397090912, 77.9774856567, 102.147926331, 105.132484436], [154.854522705, 270.653564453, 175.047683716, 216.265289307, 414.834503174, 133.779830933, 190.140563965, 54.1931114197, 14.4099063873, 66.3252105713, 46.2243728638, 46.1007041931, 126.159095764], [532.193847656, 76.1835174561, 389.013122559, 151.229415894, 133.779830933, 356.788146973, 183.080841064, 67.8195724487, 32.2083053589, 39.2705154419, 71.8469390869, 60.9059829712, 90.0382995605], [50.6507034302, 313.077575684, 55.1328926086, 129.213424683, 190.140563965, 183.080841064, 383.289825439, 53.6816635132, 46.0252227783, 57.1080322266, 37.2820930481, 43.4792060852, 109.602783203], [271.424804688, 25.6209430695, 236.380447388, 48.9866027832, 54.1931114197, 67.8195724487, 53.6816635132, 169.672286987, 44.8781700134, 51.2798843384, 18.0953083038, 10.3624010086, 39.2283096313], [-30.542974472, 111.51461792, 160.38130188, 121.687538147, 14.4099063873, 32.2083053589, 46.0252227783, 44.8781700134, 170.518035889, 19.3491725922, 45.9252166748, 28.5092544556, 11.3774528503], [209.087463379, 4.55256414413, 136.3956604, 30.5397090912, 66.3252105713, 39.2705154419, 57.1080322266, 51.2798843384, 19.3491725922, 144.027267456, 32.4612960815, 18.2214355469, 47.7944755554], [77.6582565308, 153.929718018, 122.527671814, 77.9774856567, 46.2243728638, 71.8469390869, 37.2820930481, 18.0953083038, 45.9252166748, 32.4612960815, 130.893112183, 35.8640785217, 39.0754051208], [173.892837524, -33.5992546082, 214.383468628, 102.147926331, 46.1007041931, 60.9059829712, 43.4792060852, 10.3624010086, 28.5092544556, 18.2214355469, 35.8640785217, 110.802604675, 25.8575267792], [154.170806885, 175.753601074, 92.0592422485, 105.132484436, 126.159095764, 90.0382995605, 109.602783203, 39.2283096313, 11.3774528503, 47.7944755554, 39.0754051208, 25.8575267792, 131.180801392]],
        "icov": [[0.000332419440383, -4.42223608843e-05, 0.000234116901993, -0.000419182149926, 0.000184315649676, -0.000735662179068, 0.000473281426821, -0.000608862377703, 0.000392132118577, -0.000566490693018, 0.000278409745079, -0.000535471888725, 0.000149541083374], [-4.42223608843e-05, 0.00153344532009, -0.00049022451276, 0.000491619808599, -0.000585545494687, 0.00125094782561, -0.00145047169644, 0.000757554953452, -0.000769678910729, 0.00143666984513, -0.00194112386089, 0.00205838121474, -0.00164682464674], [0.000234116901993, -0.00049022451276, 0.00172264419962, -0.00150629680138, 0.000472118379548, -0.00212972960435, 0.00168225064408, -0.00198778766207, 0.000478355941596, -0.00165662157815, 0.00104454217944, -0.00245521613397, 0.00131145969499], [-0.000419182149926, 0.000491619808599, -0.00150629680138, 0.00436068419367, -0.0016121736262, 0.00182784709614, -0.00136342970654, 0.00219487119466, -0.0024597835727, 0.00233714072965, -0.0011301538907, 0.000846631126478, -0.00229345681146], [0.000184315649676, -0.000585545494687, 0.000472118379548, -0.0016121736262, 0.00453824969009, -0.000970481021795, -0.000261901470367, -0.0010441740742, 0.00150602939539, -0.00153233273886, 0.000776691478677, -0.00115161878057, -0.00121541693807], [-0.000735662179068, 0.00125094782561, -0.00212972960435, 0.00182784709614, -0.000970481021795, 0.0081603936851, -0.004487386439, 0.00191415229347, -0.000675324699841, 0.00353184575215, -0.00383087410592, 0.00299061322585, -0.00294916494749], [0.000473281426821, -0.00145047169644, 0.00168225064408, -0.00136342970654, -0.000261901470367, -0.004487386439, 0.00698729185387, -0.00211831182241, 5.60635053262e-05, -0.00296320160851, 0.00318135181442, -0.00377500732429, 0.000297826423775], [-0.000608862377703, 0.000757554953452, -0.00198778766207, 0.00219487119466, -0.0010441740742, 0.00191415229347, -0.00211831182241, 0.0102702761069, -0.00300744688138, 0.000402647652663, -0.000770425598603, 0.00384528120048, -0.00268874643371], [0.000392132118577, -0.000769678910729, 0.000478355941596, -0.0024597835727, 0.00150602939539, -0.000675324699841, 5.60635053262e-05, -0.00300744688138, 0.00914006773382, -0.00151517603081, -0.00116085587069, -0.00182187091559, 0.00253786426038], [-0.000566490693018, 0.00143666984513, -0.00165662157815, 0.00233714072965, -0.00153233273886, 0.00353184575215, -0.00296320160851, 0.000402647652663, -0.00151517603081, 0.0116139017045, -0.00369930965826, 0.00283583439887, -0.00412168959156], [0.000278409745079, -0.00194112386089, 0.00104454217944, -0.0011301538907, 0.000776691478677, -0.00383087410592, 0.00318135181442, -0.000770425598603, -0.00116085587069, -0.00369930965826, 0.0129939122126, -0.00479618133977, 0.0004242870491], [-0.000535471888725, 0.00205838121474, -0.00245521613397, 0.000846631126478, -0.00115161878057, 0.00299061322585, -0.00377500732429, 0.00384528120048, -0.00182187091559, 0.00283583439887, -0.00479618133977, 0.0166121050715, -0.00274595199153], [0.000149541083374, -0.00164682464674, 0.00131145969499, -0.00229345681146, -0.00121541693807, -0.00294916494749, 0.000297826423775, -0.00268874643371, 0.00253786426038, -0.00412168959156, 0.0004242870491, -0.00274595199153, 0.0160161796957]]
    },
    "melbands": {
        "dmean": [0.00139337289147, 0.000632030656561, 0.000406640639994, 0.000263966532657, 0.000253794627497, 0.000331347808242, 0.000260144850472, 0.000336442695698, 0.000175046734512, 0.000143071141792, 0.00011774347513, 0.000133974026539, 0.000111142355308, 7.65542572481e-05, 6.72451569699e-05, 5.41969311598e-05, 3.44433610735e-05, 3.10273862851e-05, 3.23439671774e-05, 2.68607927865e-05, 2.20671645366e-05, 1.54955105245e-05, 1.19953319881e-05, 9.43339546211e-06, 9.45457395574e-06, 8.76583908394e-06, 5.76687580178e-06, 4.22602079198e-06, 3.75294371224e-06, 3.79276798412e-06, 3.18451225212e-06, 2.93101948046e-06, 2.31061403611e-06, 2.93014522867e-06, 4.42687496616e-06, 6.20874698143e-06, 6.54997802485e-06, 6.08676191405e-06, 7.05261982148e-06, 5.86165515415e-06],
        "dmean2": [0.00202315114439, 0.00105990690645, 0.000670388515573, 0.000431654392742, 0.000404447055189, 0.000545835646335, 0.000400401564548, 0.000528082833625, 0.000274997524684, 0.000225440002396, 0.00018485498731, 0.000194657826796, 0.000162240743521, 0.000113686153782, 9.84313955996e-05, 7.82147835707e-05, 5.03430092067e-05, 4.6669432777e-05, 4.94505075039e-05, 4.3031443056e-05, 3.49718902726e-05, 2.43991507887e-05, 1.85400840564e-05, 1.48146091306e-05, 1.50279684021e-05, 1.3938030861e-05, 9.02156898519e-06, 6.74877946949e-06, 6.13642441749e-06, 5.91858815824e-06, 5.16368163517e-06, 4.72023748443e-06, 3.67553570868e-06, 4.6893965191e-06, 7.40642371966e-06, 1.0315153304e-05, 1.0758974895e-05, 9.66988227447e-06, 1.09381462607e-05, 9.22377421375e-06],
        "dvar": [5.73213628741e-06, 6.79506501911e-06, 1.86025215498e-06, 3.98061501983e-07, 2.57434777495e-07, 4.06919525631e-07, 4.31434642678e-07, 5.75807348469e-07, 1.93419367633e-07, 1.45479873481e-07, 1.20833476558e-07, 1.27236233993e-07, 8.36979978658e-08, 3.83613034671e-08, 3.15510035875e-08, 1.64762621324e-08, 6.4000267308e-09, 7.69238095444e-09, 8.94296459109e-09, 7.04241376326e-09, 5.67131897e-09, 2.85857471027e-09, 1.62963165184e-09, 8.91571760864e-10, 7.44937056485e-10, 5.6715310226e-10, 3.35550448538e-10, 1.49984163977e-10, 1.3036967339e-10, 1.10756182004e-10, 7.15786874217e-11, 7.66509355987e-11, 2.79766418365e-11, 4.78614647914e-11, 9.60576132525e-11, 2.09712552879e-10, 2.80899192795e-10, 2.85270140843e-10, 5.73260883208e-10, 2.553238454e-10],
        "dvar2": [9.11548886506e-06, 1.83979009307e-05, 5.16913951287e-06, 1.01771649952e-06, 6.25921813935e-07, 8.77405170741e-07, 9.67295477494e-07, 1.37727010951e-06, 4.52873678114e-07, 3.62215985206e-07, 2.9850161809e-07, 2.72755357855e-07, 1.7918642925e-07, 8.26456414416e-08, 6.34530152865e-08, 3.25062750051e-08, 1.25870842638e-08, 1.77534822399e-08, 1.99786747146e-08, 1.65189479873e-08, 1.4567116402e-08, 6.22289819674e-09, 3.60306962044e-09, 2.05647610052e-09, 1.73914227464e-09, 1.26568755476e-09, 7.61577301223e-10, 3.56613849561e-10, 3.19673676419e-10, 2.5042143359e-10, 1.65796154583e-10, 1.83023485256e-10, 5.97316154871e-11, 1.14699576226e-10, 2.41936110035e-10, 5.2582033172e-10, 6.8297983935e-10, 6.86369683311e-10, 1.29322352826e-09, 5.81685033474e-10],
        "max": [0.041047938168, 0.038658183068, 0.0193418189883, 0.0070026544854, 0.00547611759976, 0.0093396641314, 0.0116671742871, 0.00821418315172, 0.00590886967257, 0.00582914147526, 0.00511475419626, 0.00477562565356, 0.00469523807988, 0.00351981865242, 0.00285665667616, 0.0016636805376, 0.00148108031135, 0.00137927255128, 0.00118152389769, 0.000884601147845, 0.00094172579702, 0.00065743381856, 0.000513887673151, 0.000364832405467, 0.000287745380774, 0.000276736944215, 0.00025500296033, 0.000126195824123, 0.000141171680298, 0.000174776054337, 9.46655927692e-05, 9.99780822895e-05, 5.90336640016e-05, 8.44303722261e-05, 8.65265101311e-05, 0.000200331036467, 0.000260176631855, 0.000289910909487, 0.000331049435772, 0.000196472770767],
        "mean": [0.0066796191968, 0.0014581164578, 0.000546401075553, 0.000399238138925, 0.000384620594559, 0.000510321639013, 0.000373793707695, 0.000444609904662, 0.000214571904507, 0.000199273126782, 0.000159887465998, 0.00020274988492, 0.000171032108483, 0.000126620405354, 0.000113252004667, 9.21523314901e-05, 5.74347286602e-05, 4.48230166512e-05, 4.01659563067e-05, 3.37944802595e-05, 2.59060871031e-05, 1.84313612408e-05, 1.38717987284e-05, 1.14000986287e-05, 1.13492715172e-05, 1.06248589873e-05, 7.39463121135e-06, 5.24592906004e-06, 4.72852889288e-06, 4.63180731458e-06, 3.82431062462e-06, 3.24688835462e-06, 2.58856789515e-06, 2.9181037462e-06, 4.39206542069e-06, 6.10422830505e-06, 7.07587787474e-06, 6.82999143464e-06, 8.07774995337e-06, 7.17389502825e-06],
        "median": [0.00265504047275, 0.00069325621007, 0.000221258989768, 0.00020017325005, 0.000158536655363, 0.000161574964295, 8.22055080789e-05, 0.000159911898663, 6.39355639578e-05, 6.91281020408e-05, 4.04735983466e-05, 3.16446457873e-05, 3.59709629265e-05, 2.34869185078e-05, 1.15242055472e-05, 1.5132192857e-05, 1.13028509077e-05, 7.3235732998e-06, 6.92390176482e-06, 8.29979489936e-06, 5.7436723182e-06, 3.35755021297e-06, 2.81601091956e-06, 3.3640201309e-06, 2.90667321678e-06, 2.56020803135e-06, 1.9858205178e-06, 1.28667909394e-06, 1.22749929687e-06, 1.14259432848e-06, 1.00611907783e-06, 8.20406853563e-07, 7.35094033644e-07, 5.7986039792e-07, 9.22580682072e-07, 1.21813332044e-06, 1.57108843268e-06, 1.7334137965e-06, 1.75313095951e-06, 1.67939765561e-06],
        "min": [2.33782368696e-23, 1.86476352362e-23, 1.04173405492e-23, 9.16627578444e-24, 3.78105488937e-24, 1.99277924023e-23, 1.46639933722e-23, 8.82776925912e-24, 4.21339168619e-24, 9.00793483468e-24, 6.87023064434e-24, 6.77333328163e-24, 1.00540574806e-23, 1.10397809913e-23, 1.04420610834e-23, 5.37897903316e-24, 1.74747852413e-23, 1.17840728331e-23, 9.63140631796e-24, 7.55574998211e-24, 6.91445103124e-24, 1.02410601136e-23, 1.08592375514e-23, 1.01984781908e-23, 1.11428874782e-23, 8.7608407222e-24, 7.94800554521e-24, 8.52384560703e-24, 8.5155105027e-24, 7.12850291585e-24, 1.22111132178e-23, 9.71134948209e-24, 1.09285579145e-23, 1.26398938297e-23, 1.14589445999e-23, 1.00974464081e-23, 9.36245286979e-24, 6.45024662042e-24, 1.10607362924e-23, 1.48519773482e-23],
        "stdev": [0.00935650989413, 0.00264370092191, 0.00118860218208, 0.000682351179421, 0.000633412157185, 0.000908063550014, 0.000867593975272, 0.000833185738884, 0.000488642603159, 0.000427912716987, 0.000377541698981, 0.000514458632097, 0.000422727229306, 0.000319735147059, 0.000295381207252, 0.000207310265978, 0.000144108882523, 0.000123364356114, 0.000109304128273, 9.11106617423e-05, 7.4506700912e-05, 5.68367067899e-05, 4.24842910434e-05, 3.05795729219e-05, 2.83378813037e-05, 2.55383001786e-05, 1.90574573935e-05, 1.28168012452e-05, 1.19074857139e-05, 1.1559516679e-05, 8.91157469596e-06, 8.59361625771e-06, 5.71252758164e-06, 6.83666485202e-06, 9.60040779319e-06, 1.40982447192e-05, 1.70232706296e-05, 1.72049967659e-05, 2.55338436546e-05, 1.79258368007e-05],
        "var": [8.75442710822e-05, 6.98915437169e-06, 1.41277519106e-06, 4.65603164912e-07, 4.0121099687e-07, 8.24579444725e-07, 7.52719302e-07, 6.94198490692e-07, 2.38771605154e-07, 1.83109293062e-07, 1.42537729175e-07, 2.6466767622e-07, 1.78698300601e-07, 1.02230572452e-07, 8.72500578453e-08, 4.29775468547e-08, 2.07673682695e-08, 1.52187631386e-08, 1.19473924087e-08, 8.30115265416e-09, 5.55124834989e-09, 3.23041127182e-09, 1.80491488422e-09, 9.35110322509e-10, 8.03035526964e-10, 6.52204790175e-10, 3.63186675179e-10, 1.64270402836e-10, 1.41788206176e-10, 1.33622418685e-10, 7.94161680862e-11, 7.38502384245e-11, 3.26329692435e-11, 4.67399834114e-11, 9.21678219856e-11, 1.98760508052e-10, 2.897917184e-10, 2.96011937184e-10, 6.51977194455e-10, 3.2133559702e-10]
    },
    "melbands128": {
