{
"lowlevel": {
    "average_loudness": 0.97976231575,
    "barkbands_crest": {
        "dmean": 2.5203742981,
        "dmean2": 3.91824269295,
        "dvar": 7.22544765472,
        "dvar2": 15.9261322021,
        "max": 25.356300354,
        "mean": 13.667506218,
        "median": 13.3321409225,
        "min": 3.20824456215,
        "stdev": 4.79698848724,
        "var": 23.0110988617
    },
    "barkbands_flatness_db": {
        "dmean": 0.0267144050449,
        "dmean2": 0.0379784479737,
        "dvar": 0.000637520337477,
        "dvar2": 0.00118187954649,
        "max": 0.305775672197,
        "mean": 0.170524477959,
        "median": 0.167654693127,
        "min": 0.0347791686654,
        "stdev": 0.0482569038868,
        "var": 0.00232872879133
    },
    "barkbands_kurtosis": {
        "dmean": 6.35490942001,
        "dmean2": 9.50037097931,
        "dvar": 93.7963943481,
        "dvar2": 190.904785156,
        "max": 109.13885498,
        "mean": 9.91881656647,
        "median": 5.4660987854,
        "min": -1.93554377556,
        "stdev": 13.7516088486,
        "var": 189.106735229
    },
    "barkbands_skewness": {
        "dmean": 0.834783613682,
        "dmean2": 1.20501971245,
        "dvar": 0.81207549572,
        "dvar2": 1.5828076601,
        "max": 9.72928237915,
        "mean": 2.45668816566,
        "median": 2.16053962708,
        "min": -2.03243660927,
        "stdev": 1.56707835197,
        "var": 2.45573472977
    },
    "barkbands_spread": {
        "dmean": 9.26582431793,
        "dmean2": 14.3181943893,
        "dvar": 159.122695923,
        "dvar2": 357.135070801,
        "max": 130.118423462,
        "mean": 20.0885620117,
        "median": 15.5495529175,
        "min": 1.46157205105,
        "stdev": 17.142370224,
        "var": 293.860870361
    },
    "dissonance": {
        "dmean": 0.0246581882238,
        "dmean2": 0.0407003387809,
        "dvar": 0.000640071928501,
        "dvar2": 0.00167742464691,
        "max": 0.499801933765,
        "mean": 0.458543151617,
        "median": 0.466768324375,
        "min": 0.27454906702,
        "stdev": 0.0321588888764,
        "var": 0.0010341941379
    },
    "dynamic_complexity": 2.31806373596,
    "erbbands_crest": {
        "dmean": 3.5565495491,
        "dmean2": 5.93391466141,
        "dvar": 9.92111873627,
        "dvar2": 24.5381526947,
        "max": 27.9533367157,
        "mean": 9.8794670105,
        "median": 8.73814201355,
        "min": 2.86023902893,
        "stdev": 4.66982555389,
        "var": 21.80727005
    },
    "erbbands_flatness_db": {
        "dmean": 0.0219784919173,
        "dmean2": 0.0326533429325,
        "dvar": 0.000404033780796,
        "dvar2": 0.000806261668913,
        "max": 0.372592955828,
        "mean": 0.142237976193,
        "median": 0.137416109443,
        "min": 0.0454200468957,
        "stdev": 0.0431052781641,
        "var": 0.00185806490481
    },
    "erbbands_kurtosis": {
        "dmean": 1.7786655426,
        "dmean2": 2.84219455719,
        "dvar": 6.87930679321,
        "dvar2": 16.3199768066,
        "max": 35.9616661072,
        "mean": 1.15323197842,
        "median": 0.0988669395447,
        "min": -1.72717928886,
        "stdev": 3.44857549667,
        "var": 11.8926725388
    },
    "erbbands_skewness": {
        "dmean": 0.578660786152,
        "dmean2": 0.882991492748,
        "dvar": 0.287924587727,
        "dvar2": 0.632996857166,
        "max": 5.03954601288,
        "mean": 0.528278887272,
        "median": 0.531472682953,
        "min": -3.15867376328,
        "stdev": 1.01349055767,
        "var": 1.02716314793
    },
    "erbbands_spread": {
        "dmean": 14.2803897858,
        "dmean2": 22.4234161377,
        "dvar": 229.897735596,
        "dvar2": 562.199707031,
        "max": 147.891815186,
        "mean": 44.4173431396,
        "median": 40.9893569946,
        "min": 2.22439646721,
        "stdev": 23.1304912567,
        "var": 535.019592285
    },
    "hfc": {
        "dmean": 14.784784317,
        "dmean2": 22.5860881805,
        "dvar": 635.054016113,
        "dvar2": 1438.38696289,
        "max": 244.73085022,
        "mean": 25.4971351624,
        "median": 18.6663913727,
        "min": 1.16362620202e-16,
        "stdev": 28.9408874512,
        "var": 837.574951172
    },
    "loudness_ebu128": {
        "integrated": -8.99547576904,
        "loudness_range": 1.08403778076,
        "momentary": {
            "dmean": 0.450966089964,
            "dmean2": 0.567696690559,
            "dvar": 0.178084895015,
            "dvar2": 0.258397072554,
            "max": -7.28664255142,
            "mean": -9.11401367188,
            "median": -8.93776416779,
            "min": -13.7956104279,
            "stdev": 1.06409478188,
            "var": 1.13229763508
        },
        "short_term": {
            "dmean": 0.0581177547574,
            "dmean2": 0.067559659481,
            "dvar": 0.00222956505604,
            "dvar2": 0.00315143051557,
            "max": -8.31927013397,
            "mean": -9.01284885406,
            "median": -8.94542694092,
            "min": -10.0757341385,
            "stdev": 0.37771448493,
            "var": 0.142668232322
        }
    },
    "melbands_crest": {
        "dmean": 3.51157927513,
        "dmean2": 5.20104503632,
        "dvar": 14.8955211639,
        "dvar2": 29.8541316986,
        "max": 36.1516304016,
        "mean": 24.1119022369,
        "median": 25.1413669586,
        "min": 3.44837331772,
        "stdev": 7.88823986053,
        "var": 62.2243270874
    },
    "melbands_flatness_db": {
        "dmean": 0.0324532575905,
        "dmean2": 0.0454478226602,
        "dvar": 0.00105492421426,
        "dvar2": 0.00175048119854,
        "max": 0.4217659235,
        "mean": 0.248090803623,
        "median": 0.248997017741,
        "min": 0.00961877405643,
        "stdev": 0.0677522048354,
        "var": 0.00459036137909
    },
    "melbands_kurtosis": {
        "dmean": 16.5549659729,
        "dmean2": 24.7116851807,
        "dvar": 693.149108887,
        "dvar2": 1517.5057373,
        "max": 333.214599609,
        "mean": 29.8181228638,
        "median": 17.3056812286,
        "min": -1.79720187187,
        "stdev": 37.2174568176,
        "var": 1385.13916016
    },
    "melbands_skewness": {
        "dmean": 1.19106018543,
        "dmean2": 1.69245624542,
        "dvar": 1.8181065321,
        "dvar2": 3.40156126022,
        "max": 14.9598779678,
        "mean": 3.94504523277,
        "median": 3.40841174126,
        "min": -0.296812355518,
        "stdev": 2.51529836655,
        "var": 6.32672548294
    },
    "melbands_spread": {
        "dmean": 7.05262041092,
        "dmean2": 10.7216959,
        "dvar": 130.577560425,
        "dvar2": 275.542633057,
        "max": 149.552261353,
        "mean": 16.254989624,
        "median": 12.5516414642,
        "min": 1.05186581612,
        "stdev": 16.093667984,
        "var": 259.006134033
    },
    "pitch_salience": {
        "dmean": 0.074107080698,
        "dmean2": 0.113994441926,
        "dvar": 0.00714238593355,
        "dvar2": 0.014963648282,
        "max": 0.867543399334,
        "mean": 0.422477453947,
        "median": 0.424128621817,
        "min": 0.0943453386426,
        "stdev": 0.146544262767,
        "var": 0.0214752200991
    },
    "silence_rate_20dB": {
        "dmean": 0,
        "dmean2": 0,
        "dvar": 0,
        "dvar2": 0,
        "max": 1,
        "mean": 1,
        "median": 1,
        "min": 1,
        "stdev": 0,
        "var": 0
    },
    "silence_rate_30dB": {
        "dmean": 0.0185758508742,
        "dmean2": 0.0371804796159,
        "dvar": 0.0182308107615,
        "dvar2": 0.0357979983091,
        "max": 1,
        "mean": 0.96674400568,
        "median": 1,
        "min": 0,
        "stdev": 0.179304555058,
        "var": 0.0321501232684
    },
    "silence_rate_60dB": {
        "dmean": 0.0100619196892,
        "dmean2": 0.0193648338318,
        "dvar": 0.00996056478471,
        "dvar2": 0.0236375667155,
        "max": 1,
        "mean": 0.0146945090964,
        "median": 0,
        "min": 0,
        "stdev": 0.120326548815,
        "var": 0.0144784785807
    },
    "spectral_centroid": {
        "dmean": 392.399200439,
        "dmean2": 587.616699219,
        "dvar": 310141.59375,
        "dvar2": 573626.9375,
        "max": 11058.1269531,
        "mean": 1337.18652344,
        "median": 1107.42785645,
        "min": 302.774047852,
        "stdev": 838.270080566,
        "var": 702696.75
    },
    "spectral_complexity": {
        "dmean": 4.28250789642,
        "dmean2": 6.15027093887,
        "dvar": 34.1731834412,
        "dvar2": 53.350063324,
        "max": 63,
        "mean": 16.9481830597,
        "median": 16,
        "min": 0,
        "stdev": 8.9866065979,
        "var": 80.7591018677
    },
    "spectral_decrease": {
        "dmean": 2.5352284716e-09,
        "dmean2": 3.68568997544e-09,
        "dvar": 1.49809572317e-17,
        "dvar2": 2.45207964947e-17,
        "max": 2.09675090266e-29,
        "mean": -1.30980222224e-08,
        "median": -1.23190675438e-08,
        "min": -5.09032211937e-08,
        "stdev": 6.83913459198e-09,
        "var": 4.67737648436e-17
    },
    "spectral_energy": {
        "dmean": 0.0103628793731,
        "dmean2": 0.0151158059016,
        "dvar": 0.000227079071919,
        "dvar2": 0.000374800525606,
        "max": 0.193429216743,
        "mean": 0.051747623831,
        "median": 0.0481955595315,
        "min": 1.04752933005e-20,
        "stdev": 0.0263929367065,
        "var": 0.000696587143466
    },
    "spectral_energyband_high": {
        "dmean": 0.00139756046701,
        "dmean2": 0.00226806872524,
        "dvar": 6.53363167658e-06,
        "dvar2": 1.57770446094e-05,
        "max": 0.0232322886586,
        "mean": 0.00145820016041,
        "median": 0.000477506167954,
        "min": 7.39795927861e-21,
        "stdev": 0.00276355631649,
        "var": 7.63724347053e-06
    },
    "spectral_energyband_low": {
        "dmean": 0.00483831111342,
        "dmean2": 0.00700781913474,
        "dvar": 0.000177055248059,
        "dvar2": 0.000268051109742,
        "max": 0.188411384821,
        "mean": 0.0314805917442,
        "median": 0.0303367860615,
        "min": 2.22952084706e-22,
        "stdev": 0.0223061405122,
        "var": 0.000497563916724
    },
    "spectral_energyband_middle_high": {
        "dmean": 0.00226578908041,
        "dmean2": 0.00310173863545,
        "dvar": 1.75139448402e-05,
        "dvar2": 2.64059999608e-05,
        "max": 0.0492630116642,
        "mean": 0.0045465528965,
        "median": 0.00272085517645,
        "min": 1.54782294715e-21,
        "stdev": 0.00617229612544,
        "var": 3.8097237848e-05
    },
    "spectral_energyband_middle_low": {
        "dmean": 0.00725505081937,
        "dmean2": 0.0114465430379,
        "dvar": 0.000125599093735,
        "dvar2": 0.000308545917505,
        "max": 0.103027112782,
        "mean": 0.0146464621648,
        "median": 0.00922058708966,
        "min": 3.6073003706e-22,
        "stdev": 0.0149808218703,
        "var": 0.000224425035412
    },
    "spectral_entropy": {
        "dmean": 0.24225692451,
        "dmean2": 0.355249226093,
        "dvar": 0.0529115796089,
        "dvar2": 0.100014649332,
        "max": 9.80508708954,
        "mean": 7.71309280396,
        "median": 7.66301059723,
        "min": 5.86263418198,
        "stdev": 0.463451385498,
        "var": 0.214787200093
    },
    "spectral_flux": {
        "dmean": 0.0326084904373,
        "dmean2": 0.0494024604559,
        "dvar": 0.00156760180835,
        "dvar2": 0.00280275661498,
        "max": 0.431962370872,
        "mean": 0.104633256793,
        "median": 0.091590076685,
        "min": 1.02348879372e-10,
        "stdev": 0.0603944063187,
        "var": 0.00364748411812
    },
    "spectral_kurtosis": {
        "dmean": 1.5784112215,
        "dmean2": 2.44589710236,
        "dvar": 2.23999881744,
        "dvar2": 5.01914262772,
        "max": 19.875169754,
        "mean": 3.54920601845,
        "median": 3.34809350967,
        "min": -1.31626427174,
        "stdev": 2.60918903351,
        "var": 6.80786800385
    },
    "spectral_rms": {
        "dmean": 0.000713512999937,
        "dmean2": 0.00103173498064,
        "dvar": 9.21146124711e-07,
        "dvar2": 1.4741084442e-06,
        "max": 0.0137372277677,
        "mean": 0.0068566785194,
        "median": 0.00685711717233,
        "min": 3.1968420966e-12,
        "stdev": 0.00186319556087,
        "var": 3.47149762092e-06
    },
    "spectral_rolloff": {
        "dmean": 663.113708496,
        "dmean2": 1111.15466309,
        "dvar": 2805875.75,
        "dvar2": 6320992,
        "max": 18970.7519531,
        "mean": 991.511413574,
        "median": 452.197265625,
        "min": 43.06640625,
        "stdev": 1850.71520996,
        "var": 3425147
    },
    "spectral_skewness": {
        "dmean": 0.298366427422,
        "dmean2": 0.448094785213,
        "dvar": 0.0771428197622,
        "dvar2": 0.17214050889,
        "max": 3.59507369995,
        "mean": 1.51641476154,
        "median": 1.51890492439,
        "min": -0.0569531135261,
        "stdev": 0.527749836445,
        "var": 0.278519868851
    },
    "spectral_spread": {
        "dmean": 1130912.125,
        "dmean2": 1671744.25,
        "dvar": 2.39090191565e+12,
        "dvar2": 4.06322754355e+12,
        "max": 41079020,
        "mean": 5722733.5,
        "median": 5128536,
        "min": 2784119,
        "stdev": 2456017,
        "var": 6.03201994752e+12
    },
    "spectral_strongpeak": {
        "dmean": 0.262424737215,
        "dmean2": 0.459491759539,
        "dvar": 0.324084460735,
        "dvar2": 0.832432806492,
        "max": 8.37532997131,
        "mean": 0.545873522758,
        "median": 0.326866209507,
        "min": 0,
        "stdev": 0.636836349964,
        "var": 0.405560523272
    },
    "zerocrossingrate": {
        "dmean": 0.0137145807967,
        "dmean2": 0.0168292503804,
        "dvar": 0.000473765569041,
        "dvar2": 0.00057421263773,
        "max": 0.50439453125,
        "mean": 0.0453610643744,
        "median": 0.03564453125,
        "min": 0.0029296875,
        "stdev": 0.0400493517518,
        "var": 0.00160395062994
    },
    "barkbands": {
        "dmean": [0.00113465148024, 0.00445368560031, 0.00169013568666, 0.000915093580261, 0.00269299070351, 0.00273011042736, 0.0020575246308, 0.00140982237644, 0.00111629616003, 0.000918172299862, 0.000484502204927, 0.000718764495105, 0.000334909709636, 0.000263652735157, 0.000163075586897, 0.000160093884915, 0.000180356379133, 0.000189431768376, 9.43271952565e-05, 0.000108285457827, 0.000151561471284, 0.000288240349619, 0.000366195483366, 0.000205483142054, 0.000311089272145, 0.000109198423161, 5.75041531192e-06],
        "dmean2": [0.00177820608951, 0.00651446962729, 0.00312413577922, 0.0016779017169, 0.00422752462327, 0.0044613131322, 0.00333479675464, 0.00218205386773, 0.00178722501732, 0.00143408647273, 0.00076926179463, 0.0011689257808, 0.000507689255755, 0.000409785396187, 0.000254713697359, 0.000243966802373, 0.000262148270849, 0.000298031867715, 0.000141659358633, 0.000170968400198, 0.000228145159781, 0.000475054665003, 0.000640376994852, 0.00034045818029, 0.000512592901941, 0.000176627567271, 8.86385078047e-06],
        "dvar": [4.13740281147e-06, 0.000186634424608, 5.0903596275e-05, 1.2365285329e-05, 3.26277804561e-05, 2.9440574508e-05, 2.29031193157e-05, 1.07848773041e-05, 6.02844511377e-06, 3.56931650458e-06, 1.01701391486e-06, 4.45698742624e-06, 5.19193463333e-07, 4.55182288306e-07, 1.22088891885e-07, 1.18259571025e-07, 9.2571688981e-08, 1.05680285856e-07, 6.04453163078e-08, 1.32867910452e-07, 1.4083808253e-07, 3.11972769396e-07, 3.49824347268e-07, 1.55244450184e-07, 8.67215021572e-07, 1.50218966155e-07, 7.27073012907e-10],
        "dvar2": [1.00578026831e-05, 0.000307414476993, 0.000145481433719, 3.67604261555e-05, 7.97021275503e-05, 6.85812483425e-05, 5.6535431213e-05, 2.55438535532e-05, 1.47642731463e-05, 7.94244988356e-06, 2.41093016484e-06, 9.76052069745e-06, 1.06548714029e-06, 9.60226543611e-07, 2.66925468395e-07, 2.7681377901e-07, 1.78165663556e-07, 2.1449895371e-07, 1.34413184583e-07, 3.19935509197e-07, 2.962705139e-07, 8.84233770648e-07, 9.51125457505e-07, 3.87761843967e-07, 2.11927795135e-06, 3.64941030284e-07, 1.72070180327e-09],
        "max": [0.0255082994699, 0.179913952947, 0.0906728059053, 0.0473389104009, 0.0479758530855, 0.0677308216691, 0.0702566802502, 0.0568741299212, 0.0278352703899, 0.0391405671835, 0.0102373315021, 0.0299485810101, 0.012520105578, 0.0109781473875, 0.0040525845252, 0.00332271354273, 0.00384451099671, 0.00438126502559, 0.00254860077985, 0.00409138668329, 0.00392356049269, 0.00478286854923, 0.00539462268353, 0.00346961081959, 0.0103839440271, 0.00491197733209, 0.000373798335204],
        "mean": [0.00589279131964, 0.0239517278969, 0.00151162885595, 0.000934989890084, 0.00367525033653, 0.00405735289678, 0.00252034515142, 0.00163734331727, 0.00129313557409, 0.00122058636043, 0.000607513647992, 0.000819829874672, 0.000431209773524, 0.000332408613758, 0.000214745363337, 0.000212700921111, 0.000341362814652, 0.000435668509454, 0.000131234599394, 0.000127226609038, 0.000193585743546, 0.000297000602586, 0.000316250574542, 0.00019694607181, 0.000287788017886, 0.000101859484857, 5.14302200827e-06],
        "median": [0.00433631055057, 0.0219991337508, 0.000650315661915, 0.00036262877984, 0.00106048560701, 0.000997694325633, 0.000687678752001, 0.000401946803322, 0.000330185022904, 0.000364655337762, 0.000202031893423, 0.000142654287629, 0.000113811576739, 7.1262504207e-05, 7.82468050602e-05, 6.77273055771e-05, 0.000184379387065, 0.000165830962942, 4.85285927425e-05, 4.91320352012e-05, 7.04241901985e-05, 0.000100639997981, 4.83869989694e-05, 5.47668241779e-05, 4.4054188038e-05, 1.10114224299e-05, 3.10024915962e-07],
        "min": [1.38520693295e-23, 1.39324952766e-22, 5.50162071374e-23, 1.80786014663e-23, 1.00874666866e-22, 1.36574873209e-23, 1.29413199481e-22, 3.87642304521e-23, 4.86887727493e-23, 9.94852114434e-23, 8.29032353088e-23, 9.50920071969e-23, 1.53238692085e-22, 1.3720205865e-22, 1.2970062253e-22, 1.13620885735e-22, 1.54537220244e-22, 1.5433895741e-22, 2.54479156908e-22, 3.50164071961e-22, 4.37304146663e-22, 4.85098414255e-22, 5.16192408131e-22, 7.98155579951e-22, 9.22330919726e-22, 1.60744437279e-21, 2.64069332622e-21],
        "stdev": [0.00488605443388, 0.0201765112579, 0.00542391324416, 0.00264122569934, 0.00665690144524, 0.00824439711869, 0.00560413906351, 0.0036371734459, 0.00265411939472, 0.00232713017613, 0.00116363808047, 0.00242114369757, 0.000886301393621, 0.000777120876592, 0.000392887828639, 0.000394931528717, 0.000451404630439, 0.000632276642136, 0.000261946261162, 0.000346578919562, 0.000412397959735, 0.000565019727219, 0.000591494841501, 0.000398441363359, 0.000922109989915, 0.000385994906537, 2.6580548365e-05],
        "var": [2.38735265157e-05, 0.000407091603847, 2.94188339467e-05, 6.97607265465e-06, 4.43143399025e-05, 6.79700824548e-05, 3.14063763653e-05, 1.32290306283e-05, 7.04434978616e-06, 5.41553436051e-06, 1.35405355195e-06, 5.86193709751e-06, 7.85530176017e-07, 6.03916816999e-07, 1.5436084766e-07, 1.55970909077e-07, 2.03766134632e-07, 3.99773739446e-07, 6.86158472263e-08, 1.20116951052e-07, 1.70072070205e-07, 3.19247305924e-07, 3.49866127181e-07, 1.58755511848e-07, 8.50286880905e-07, 1.48992072013e-07, 7.06525504768e-10]
    },
    "erbbands": {
        "dmean": [0.232574343681, 0.891474664211, 1.83616065979, 2.64151883125, 3.58856678009, 10.1612691879, 21.5154304504, 21.2351837158, 25.8283042908, 32.2642097473, 26.3454761505, 24.000825882, 32.1573066711, 23.4234371185, 18.3718833923, 27.5516891479, 15.7381572723, 12.9591941833, 9.62791347504, 8.10437011719, 9.18178844452, 9.56458950043, 10.8671541214, 5.42857599258, 5.21977376938, 4.57064676285, 5.3836555481, 6.69536542892, 9.98158836365, 12.3521537781, 9.30503177643, 4.94253396988, 3.30928111076, 3.73865914345, 2.07474827766, 0.671734809875, 0.162335440516, 0.0254865773022, 0.000672372174449, 3.35808108503e-05],
        "dmean2": [0.340953528881, 1.29314565659, 3.28625774384, 4.84897184372, 6.40837717056, 15.7661867142, 33.2965278625, 33.3612937927, 42.3104896545, 50.0792617798, 40.9758071899, 38.2573547363, 50.9011955261, 35.6772384644, 27.8394813538, 44.7685928345, 23.8797359467, 20.1629810333, 14.7937202454, 12.3661727905, 13.6003808975, 13.5841989517, 16.7424278259, 7.83705472946, 7.97837781906, 7.01142311096, 8.08869552612, 10.3575429916, 16.2243041992, 21.2728404999, 16.2587890625, 8.37176609039, 5.38621807098, 6.18975019455, 3.42505812645, 1.10472512245, 0.256732434034, 0.0390904545784, 0.00101315812208, 5.17597072758e-05],
        "dvar": [0.432482659817, 8.47986793518, 55.8579902649, 105.300346375, 170.564254761, 521.245422363, 1726.90844727, 2230.28588867, 3179.75415039, 5948.66162109, 4167.90966797, 3178.16235352, 6204.54443359, 1903.72924805, 1881.73571777, 6758.265625, 1067.8059082, 1124.19055176, 451.667999268, 354.993103027, 343.442687988, 269.26864624, 302.923828125, 152.488204956, 258.291442871, 210.281326294, 210.901412964, 233.960479736, 395.69128418, 464.440246582, 226.001495361, 73.3695297241, 48.362865448, 110.637420654, 47.5555686951, 5.90294933319, 0.293460190296, 0.0108924126253, 7.71991835791e-06, 6.72203315233e-09],
        "dvar2": [0.747341871262, 16.7896728516, 152.19442749, 307.345336914, 496.875091553, 1214.50549316, 4213.37451172, 4676.22753906, 7099.21923828, 13723.8486328, 9992.52246094, 7537.87451172, 15507.2568359, 4048.80297852, 4091.20922852, 14037.8603516, 2150.07226562, 2327.11621094, 958.280578613, 800.013977051, 768.847229004, 515.043457031, 601.333862305, 307.602905273, 589.058898926, 480.377075195, 436.1534729, 515.409973145, 1096.86889648, 1323.09423828, 606.904724121, 188.171539307, 119.110366821, 282.291534424, 114.860862732, 14.3883075714, 0.69554412365, 0.0246788617224, 1.74487595359e-05, 1.54388271056e-08],
        "max": [8.39310264587, 36.8272819519, 91.3241653442, 134.546966553, 144.192565918, 231.636474609, 514.793945312, 742.805480957, 612.453796387, 1235.14074707, 1113.04089355, 680.023498535, 1792.16833496, 621.970214844, 517.468933105, 1405.87939453, 512.273681641, 638.037109375, 235.505950928, 190.93522644, 178.617004395, 193.750213623, 257.865631104, 127.812942505, 163.167541504, 156.799346924, 154.948074341, 192.304611206, 179.998504639, 181.804199219, 148.903320312, 79.0447311401, 64.2032012939, 125.938148499, 88.3366241455, 31.5341453552, 6.65607404709, 1.37566411495, 0.0363870412111, 0.00108934100717],
        "mean": [1.37602496147, 2.6547036171, 1.85029745102, 2.81537532806, 3.80814409256, 13.3686933517, 33.722820282, 31.0266513824, 33.5121231079, 39.4374732971, 33.3160057068, 28.4466362, 40.5553665161, 32.4254989624, 23.1839199066, 32.4497337341, 21.5212535858, 17.7756404877, 13.0120630264, 10.615858078, 13.8997983932, 19.8023319244, 26.1575012207, 9.91127586365, 6.66176366806, 5.55213546753, 7.19027328491, 8.14262771606, 10.584561348, 11.1210403442, 8.11265277863, 4.49233961105, 3.28081846237, 3.43876743317, 1.88759255409, 0.60480761528, 0.154616892338, 0.025266347453, 0.000683304737322, 8.19419656182e-05],
        "median": [1.35460197926, 1.52773010731, 0.872797191143, 1.35120129585, 1.75005161762, 3.33610963821, 7.33659362793, 8.19478702545, 9.68844985962, 11.5940980911, 9.78759860992, 8.10443782806, 9.97699546814, 13.1664142609, 6.38962888718, 6.25747442245, 5.55131101608, 4.90535259247, 4.33014440536, 3.82936549187, 5.58600664139, 10.7455530167, 10.4492359161, 3.30344247818, 2.65453076363, 2.10726356506, 2.2818813324, 3.37913775444, 3.67087602615, 2.14869070053, 1.30700230598, 1.04201197624, 0.927866816521, 0.636753737926, 0.239371135831, 0.062028542161, 0.0174430795014, 0.00273953797296, 9.30172245717e-05, 6.26687251497e-05],
        "min": [4.8544931978e-21, 2.79324675692e-20, 5.85759485103e-20, 8.62526040127e-20, 2.09562279082e-19, 3.63191561572e-19, 1.80930727573e-19, 1.04010523865e-19, 8.80641605735e-19, 2.03513500174e-18, 1.41511008967e-18, 8.71049102364e-19, 1.34552910411e-18, 5.25440924243e-18, 2.10014746877e-18, 5.06791889179e-18, 6.69437890125e-18, 6.9636232955e-18, 7.73065381545e-18, 5.40848652077e-18, 7.22814076614e-18, 7.80990433558e-18, 8.1830711525e-18, 8.56079490742e-18, 1.68819175411e-17, 1.53096225589e-17, 1.87087839742e-17, 1.66360347953e-17, 1.7102263567e-17, 1.47414884444e-17, 1.68661283175e-17, 1.46116955345e-17, 1.28893839036e-17, 1.0618909607e-17, 7.19708509723e-18, 5.00901742832e-18, 3.34943710714e-18, 1.38716782518e-18, 3.51109890792e-19, 3.8360387816e-20],
        "stdev": [0.91944617033, 3.82432174683, 6.11431074142, 7.748711586, 10.0051794052, 26.7137718201, 65.1276931763, 70.4399337769, 70.8425521851, 87.4036102295, 69.1331634521, 59.756603241, 89.3597717285, 55.4761695862, 50.5309638977, 98.3226394653, 42.0301971436, 39.4784431458, 24.3402919769, 20.3489780426, 23.0464134216, 24.9436473846, 37.2864074707, 16.1354293823, 15.9732732773, 14.4533863068, 16.1962585449, 16.5428771973, 20.0808773041, 21.6818656921, 15.0542831421, 8.64649295807, 7.05988788605, 10.1968851089, 6.75884771347, 2.359811306, 0.561060070992, 0.110179364681, 0.00291670928709, 9.01202147361e-05],
        "var": [0.845381259918, 14.6254367828, 37.3847961426, 60.0425300598, 100.103607178, 713.625610352, 4241.61669922, 4961.78466797, 5018.66699219, 7639.390625, 4779.39404297, 3570.85180664, 7985.16943359, 3077.60546875, 2553.37817383, 9667.34082031, 1766.53735352, 1558.54748535, 592.449829102, 414.080871582, 531.137207031, 622.185546875, 1390.27624512, 260.352050781, 255.145446777, 208.900375366, 262.318817139, 273.666778564, 403.241607666, 470.103302002, 226.631454468, 74.7618331909, 49.8420143127, 103.976463318, 45.6820220947, 5.56870889664, 0.314788401127, 0.0121394926682, 8.50719243317e-06, 8.12165268371e-09]
    },
    "gfcc": {
        "mean": [15.3677158356, 83.4204559326, -96.246963501, 34.002368927, -62.7646102905, 23.146987915, -34.0872688293, 20.2175483704, -12.6781902313, 8.23061752319, -8.35103607178, 14.6967954636, -3.6050722599],
        "cov": [[3537.44628906, -306.99987793, 126.417137146, 181.466567993, -176.644439697, 180.214935303, -81.4324645996, 151.548416138, -11.0659923553, 153.637207031, -16.3773574829, 177.227615356, -89.706451416], [-306.99987793, 1417.13549805, 90.7932052612, 90.8588027954, 343.656341553, -128.822280884, 205.969650269, 27.1199531555, 163.438934326, -65.5013809204, 132.636810303, -66.1371688843, 152.435806274], [126.417137146, 90.7932052612, 1128.65270996, 444.749603271, 223.334197998, 164.410964966, 25.2148933411, 80.0180282593, 39.3238487244, 76.0027236938, 37.6072654724, 94.8700332642, 29.5440635681], [181.466567993, 90.8588027954, 444.749603271, 659.419799805, 203.498626709, 31.8777084351, 10.677605629, 134.06048584, 88.2385559082, -9.86853504181, 79.7285385132, 70.934715271, 82.1965866089], [-176.644439697, 343.656341553, 223.334197998, 203.498626709, 401.771270752, 76.5255508423, 117.373001099, 90.3836746216, 67.2835540771, 26.1483955383, 30.7837257385, -19.5095291138, 72.3145828247], [180.214935303, -128.822280884, 164.410964966, 31.8777084351, 76.5255508423, 398.358276367, 174.838470459, 39.0876808167, 66.6170730591, 45.810836792, -43.1880722046, -43.3875045776, -42.3457260132], [-81.4324645996, 205.969650269, 25.2148933411, 10.677605629, 117.373001099, 174.838470459, 262.461029053, 68.4128646851, 74.9346313477, 29.3070526123, 1.08156323433, -50.8484954834, 7.69943666458], [151.548416138, 27.1199531555, 80.0180282593, 134.06048584, 90.3836746216, 39.0876808167, 68.4128646851, 168.542266846, 76.8095321655, 23.7996482849, 26.6334857941, 12.3263196945, 15.6996212006], [-11.0659923553, 163.438934326, 39.3238487244, 88.2385559082, 67.2835540771, 66.6170730591, 74.9346313477, 76.8095321655, 213.226852417, 62.8617591858, 3.27240085602, -38.1951980591, -2.24566602707], [153.637207031, -65.5013809204, 76.0027236938, -9.86853504181, 26.1483955383, 45.810836792, 29.3070526123, 23.7996482849, 62.8617591858, 132.767059326, 4.69434785843, 0.268845021725, -17.5649166107], [-16.3773574829, 132.636810303, 37.6072654724, 79.7285385132, 30.7837257385, -43.1880722046, 1.08156323433, 26.6334857941, 3.27240085602, 4.69434785843, 114.088768005, 51.099155426, 29.213602066], [177.227615356, -66.1371688843, 94.8700332642, 70.934715271, -19.5095291138, -43.3875045776, -50.8484954834, 12.3263196945, -38.1951980591, 0.268845021725, 51.099155426, 119.790679932, 22.3528194427], [-89.706451416, 152.435806274, 29.5440635681, 82.1965866089, 72.3145828247, -42.3457260132, 7.69943666458, 15.6996212006, -2.24566602707, -17.5649166107, 29.213602066, 22.3528194427, 94.3959960938]],
        "icov": [[0.000525681127328, -0.00062627781881, 0.000344327243511, -0.000514359795488, 0.000629974645562, -0.000843145768158, 0.000807360862382, -0.00102372793481, 0.000999326119199, -0.00138811138459, 0.00113762111869, -0.00115574232768, 0.000781686452683], [-0.00062627781881, 0.00311133009382, -0.00108477368485, 0.00156377698295, -0.00214164867066, 0.00278607243672, -0.00302515155636, 0.00287413503975, -0.00374744297005, 0.00416622078046, -0.0040254611522, 0.00267150066793, -0.00268318038434], [0.000344327243511, -0.00108477368485, 0.00195091892965, -0.00156057893764, 0.000257178442553, -0.00161667552311, 0.00133444915991, -0.000838350388221, 0.00173032062594, -0.00249674753286, 0.00190659076907, -0.0021429839544, 0.0014295844594], [-0.000514359795488, 0.00156377698295, -0.00156057893764, 0.00400869967416, -0.00173577643, 0.00127861765213, -0.00074842205504, 0.000286823138595, -0.00318972137757, 0.00382741121575, -0.00316510628909, 0.00115890230518, -0.00275819655508], [0.000629974645562, -0.00214164867066, 0.000257178442553, -0.00173577643, 0.00582634937018, -0.00215841084719, 0.00111382780597, -0.00313336029649, 0.0029213228263, -0.0037275259383, 0.00244609382935, -0.000276862148894, -0.000828882097267], [-0.000843145768158, 0.00278607243672, -0.00161667552311, 0.00127861765213, -0.00215841084719, 0.00721899978817, -0.00589299062267, 0.00330120837316, -0.0037392762024, 0.00380678824149, -0.00221146154217, 0.00254485802725, -0.000383019651053], [0.000807360862382, -0.00302515155636, 0.00133444915991, -0.00074842205504, 0.00111382780597, -0.00589299062267, 0.0104813314974, -0.0050231795758, 0.00315974815749, -0.00428185192868, 0.00236279866658, -0.000656344054732, 0.00107274623588], [-0.00102372793481, 0.00287413503975, -0.000838350388221, 0.000286823138595, -0.00313336029649, 0.00330120837316, -0.0050231795758, 0.0123791713268, -0.00596106098965, 0.00421909987926, -0.00421454478055, 0.00107532052789, -0.00167644233443], [0.000999326119199, -0.00374744297005, 0.00173032062594, -0.00318972137757, 0.0029213228263, -0.0037392762024, 0.00315974815749, -0.00596106098965, 0.0123009467497, -0.00868471805006, 0.00474711926654, -0.000674980343319, 0.00342281721532], [-0.00138811138459, 0.00416622078046, -0.00249674753286, 0.00382741121575, -0.0037275259383, 0.00380678824149, -0.00428185192868, 0.00421909987926, -0.00868471805006, 0.0165688414127, -0.00661374116316, 0.00300577515736, -0.00217597768642], [0.00113762111869, -0.0040254611522, 0.00190659076907, -0.00316510628909, 0.00244609382935, -0.00221146154217, 0.00236279866658, -0.00421454478055, 0.00474711926654, -0.00661374116316, 0.0182256661355, -0.00928001012653, 0.0028225441929], [-0.00115574232768, 0.00267150066793, -0.0021429839544, 0.00115890230518, -0.000276862148894, 0.00254485802725, -0.000656344054732, 0.00107532052789, -0.000674980343319, 0.00300577515736, -0.00928001012653, 0.0177589710802, -0.00531250331551], [0.000781686452683, -0.00268318038434, 0.0014295844594, -0.00275819655508, -0.000828882097267, -0.000383019651053, 0.00107274623588, -0.00167644233443, 0.00342281721532, -0.00217597768642, 0.0028225441929, -0.00531250331551, 0.0183392632753]]
    },
    "melbands": {
        "dmean": [0.00153344264254, 0.000883880595211, 0.00045886830776, 0.000437893875642, 0.00069422123488, 0.000484930700622, 0.000402073288569, 0.000343226478435, 0.000216943604755, 0.000152163978782, 0.000161306103109, 9.79388059932e-05, 5.81230233365e-05, 7.93524013716e-05, 5.64280380786e-05, 2.99577150145e-05, 2.51416004176e-05, 1.68754395418e-05, 1.37018168971e-05, 9.87059502222e-06, 1.18933567137e-05, 1.0897588254e-05, 1.16371875265e-05, 8.40520897327e-06, 4.31370472143e-06, 3.47686477653e-06, 4.55506324215e-06, 2.63254105448e-06, 3.29982935909e-06, 3.48106095771e-06, 4.15849581259e-06, 5.34097398486e-06, 6.41333144813e-06, 7.57165980758e-06, 6.12781923337e-06, 3.91030016544e-06, 2.65655012299e-06, 2.23527285925e-06, 2.48294031735e-06, 3.45711328009e-06],
        "dmean2": [0.00227155536413, 0.00137135270052, 0.000843272311613, 0.000710324151441, 0.00107363937423, 0.000775631400757, 0.000652779883239, 0.000526856281795, 0.000341712933732, 0.000245040660957, 0.00025623300462, 0.000150497522554, 9.08561778488e-05, 0.000129028907395, 9.03258478502e-05, 4.65099910798e-05, 3.93179470848e-05, 2.66662427748e-05, 2.12985814869e-05, 1.50922978719e-05, 1.7920296159e-05, 1.56937658176e-05, 1.82919575309e-05, 1.29723075588e-05, 6.40857797407e-06, 5.20819503436e-06, 7.5690390986e-06, 3.96219456889e-06, 4.93119978273e-06, 5.20403091286e-06, 6.63211267238e-06, 8.66965547175e-06, 1.07766745714e-05, 1.3180759197e-05, 1.07803743958e-05, 6.6787997639e-06, 4.48319451607e-06, 3.66615495295e-06, 4.0274408093e-06, 5.76200818614e-06],
        "dvar": [2.00555477932e-05, 9.23116022022e-06, 3.24987399836e-06, 1.23318443457e-06, 1.61632488016e-06, 1.03618629055e-06, 7.71512191022e-07, 6.09868834545e-07, 2.61739501184e-07, 1.2110253067e-07, 1.52464195935e-07, 3.30358815859e-08, 1.53239163581e-08, 5.53938015457e-08, 2.55804053495e-08, 3.98468369411e-09, 4.19021173315e-09, 1.53194967822e-09, 9.46170475302e-10, 4.94578267229e-10, 5.75355207921e-10, 3.61478680322e-10, 3.31149885291e-10, 2.67967786849e-10, 9.36176691724e-11, 9.04660305001e-11, 2.91429685939e-10, 5.79991298044e-11, 8.00442837012e-11, 7.83803230653e-11, 8.4631329722e-11, 1.15099992037e-10, 1.53272158854e-10, 1.67257180328e-10, 1.00889553656e-10, 4.53492174368e-11, 2.15545359339e-11, 2.06160158389e-11, 3.51952286759e-11, 1.05671839334e-10],
        "dvar2": [3.30227048835e-05, 2.1555877538e-05, 9.43060967984e-06, 3.29633758156e-06, 3.82722237191e-06, 2.24365589929e-06, 1.77871038431e-06, 1.36952019147e-06, 6.22381946869e-07, 2.9119198075e-07, 3.78479114715e-07, 7.11015815114e-08, 3.45199282492e-08, 1.29843826358e-07, 5.08472091099e-08, 8.09231881505e-09, 8.97550034296e-09, 3.34762528809e-09, 2.14064277415e-09, 1.15951637181e-09, 1.27784782755e-09, 7.32134852743e-10, 6.82740974867e-10, 5.9523003193e-10, 1.87243234806e-10, 2.00196095812e-10, 7.5292283519e-10, 1.24220828068e-10, 1.66615082842e-10, 1.68767694264e-10, 1.91247392922e-10, 3.22741028347e-10, 4.31506053111e-10, 4.7465376074e-10, 2.8191179946e-10, 1.17842971492e-10, 5.48192533034e-11, 5.05257745365e-11, 8.55485335349e-11, 2.75286848872e-10],
        "max": [0.0604933537543, 0.0385039411485, 0.0235129315406, 0.0103686628863, 0.0141195608303, 0.0148210842162, 0.00938414596021, 0.0146071258932, 0.00799558963627, 0.00377726531588, 0.008878541179, 0.00256728800014, 0.00146182987373, 0.00260876608081, 0.00287348031998, 0.00106788997073, 0.00117869616952, 0.00039450294571, 0.000315650337143, 0.00023483314726, 0.000262955058133, 0.000197000263142, 0.000251697318163, 0.000226850970648, 9.98128889478e-05, 9.28287408897e-05, 0.000189468162716, 8.9469642262e-05, 9.7826407e-05, 0.00010028421093, 0.000124172322103, 9.32414113777e-05, 0.000107977641164, 0.000109171800432, 0.000104677157651, 6.03291846346e-05, 4.20861215389e-05, 4.47900274594e-05, 5.78140534344e-05, 0.00012392285862],
        "mean": [0.00916627794504, 0.00159980379976, 0.000494038569741, 0.000547968957108, 0.00111662351992, 0.000707171100657, 0.000519441789947, 0.000421965029091, 0.000263909547357, 0.000175766806933, 0.000201023285626, 0.000131122083985, 7.47349840822e-05, 8.93561300472e-05, 6.92462563165e-05, 3.99861455662e-05, 3.23827225657e-05, 2.13444509427e-05, 1.74424276338e-05, 1.23197451103e-05, 1.73256121343e-05, 1.94168769667e-05, 2.6609397537e-05, 1.80966217158e-05, 6.92450157658e-06, 4.57477290183e-06, 4.8837664508e-06, 3.27167435898e-06, 4.29552028436e-06, 4.4498265197e-06, 4.85954524265e-06, 5.79613606533e-06, 6.14684495304e-06, 6.48422565064e-06, 5.16571162734e-06, 3.34692231263e-06, 2.47920434049e-06, 2.20417541641e-06, 2.44370085056e-06, 3.08572589347e-06],
        "median": [0.00872632674873, 0.000830194621813, 0.000255719874986, 0.000191742408788, 0.000264551810687, 0.000189306563698, 0.000156277877977, 0.000114944050438, 7.5948642916e-05, 4.51546075055e-05, 4.85120908706e-05, 5.18494089192e-05, 2.35898478422e-05, 1.53858090925e-05, 1.35665886773e-05, 1.13343148769e-05, 7.78152934799e-06, 6.40035523247e-06, 6.02821637585e-06, 3.84017266697e-06, 6.68983284413e-06, 1.0491530702e-05, 1.23204863485e-05, 6.23666073807e-06, 2.17600245378e-06, 1.70934958987e-06, 1.83157374067e-06, 1.14233137083e-06, 1.22491474031e-06, 1.47080174884e-06, 1.80761901447e-06, 2.21144955503e-06, 1.60894353485e-06, 1.03782986116e-06, 8.04940668786e-07, 5.58952763186e-07, 6.43620467145e-07, 6.32559817859e-07, 5.84236943268e-07, 5.00540352277e-07],
        "min": [4.13961575773e-23, 3.26590276473e-23, 1.62866912983e-23, 2.3798677644e-23, 7.63614753013e-24, 2.40167440417e-24, 1.80907467688e-23, 1.90732351609e-23, 1.23509482796e-23, 4.86092973797e-24, 7.1925331778e-24, 2.1732856037e-23, 7.62130116789e-24, 1.08218321338e-23, 1.52049231835e-23, 1.27920903418e-23, 1.34238835188e-23, 1.20893241381e-23, 9.51777642659e-24, 6.8765470536e-24, 8.46488850955e-24, 7.53738766682e-24, 8.03686204871e-24, 8.69564215724e-24, 5.88781364412e-24, 1.24647335766e-23, 1.13121083975e-23, 9.97877885099e-24, 1.13190180302e-23, 1.13236801982e-23, 8.41930418214e-24, 8.79697134052e-24, 1.06501318246e-23, 7.02875382096e-24, 1.07263310549e-23, 7.10559439516e-24, 9.94673295444e-24, 8.02004195649e-24, 9.76440511113e-24, 8.87537938133e-24],
        "stdev": [0.00651045097038, 0.00322151533328, 0.00136746978387, 0.00107531470712, 0.00199717539363, 0.00151074212044, 0.00109912967309, 0.000914359115995, 0.000549150106963, 0.000370768626453, 0.000445476936875, 0.000227450480452, 0.000146637816215, 0.000253862439422, 0.000197678309632, 7.85494048614e-05, 7.49100945541e-05, 4.36457412434e-05, 3.40791484632e-05, 2.40480003413e-05, 2.97692749882e-05, 2.61382374447e-05, 3.42878411175e-05, 3.09219649353e-05, 1.20080967463e-05, 1.00491934063e-05, 1.48604922288e-05, 8.14086888568e-06, 1.01499554148e-05, 9.67779214989e-06, 9.93746834865e-06, 1.06853440229e-05, 1.25787009893e-05, 1.28009851323e-05, 9.70273958956e-06, 6.68218535793e-06, 4.72403007734e-06, 4.59978036815e-06, 6.07449101153e-06, 9.70442943071e-06],
        "var": [4.23859710281e-05, 1.03781612779e-05, 1.86997351648e-06, 1.1563016642e-06, 3.98870997742e-06, 2.28234171118e-06, 1.20808601878e-06, 8.36052549857e-07, 3.01565819427e-07, 1.37469370998e-07, 1.98449697564e-07, 5.17337177541e-08, 2.15026485506e-08, 6.44461408683e-08, 3.90767169733e-08, 6.17000939229e-09, 5.6115223579e-09, 1.90495064167e-09, 1.16138842987e-09, 5.78306291743e-10, 8.86209716722e-10, 6.83207490582e-10, 1.17565612801e-09, 9.56167922617e-10, 1.4419437866e-10, 1.00986281837e-10, 2.20834239784e-10, 6.62737503765e-11, 1.03021598197e-10, 9.36596633583e-11, 9.87532833285e-11, 1.14176570976e-10, 1.58223725788e-10, 1.63865213065e-10, 9.41431516077e-11, 4.4651598391e-11, 2.2316461179e-11, 2.11579781473e-11, 3.68994418354e-11, 9.41759517592e-11]
    },
    "melbands128": {
