{
"lowlevel": {
    "average_loudness": 0.979701757431,
    "barkbands_crest": {
        "dmean": 2.85982298851,
        "dmean2": 4.51142263412,
        "dvar": 7.92257356644,
        "dvar2": 16.9475536346,
        "max": 24.8206100464,
        "mean": 9.84004211426,
        "median": 8.72538948059,
        "min": 3.57402849197,
        "stdev": 4.32329559326,
        "var": 18.6908836365
    },
    "barkbands_flatness_db": {
        "dmean": 0.0279469657689,
        "dmean2": 0.0432337112725,
        "dvar": 0.00100953108631,
        "dvar2": 0.00235944218002,
        "max": 0.346311509609,
        "mean": 0.154583707452,
        "median": 0.146156221628,
        "min": 0.0248047597706,
        "stdev": 0.0552740991116,
        "var": 0.00305522605777
    },
    "barkbands_kurtosis": {
        "dmean": 4.86997461319,
        "dmean2": 7.85525465012,
        "dvar": 87.9489135742,
        "dvar2": 217.948791504,
        "max": 117.656791687,
        "mean": 6.3301820755,
        "median": 2.65152001381,
        "min": -1.94352519512,
        "stdev": 10.7506361008,
        "var": 115.576179504
    },
    "barkbands_skewness": {
        "dmean": 0.724232316017,
        "dmean2": 1.06068313122,
        "dvar": 0.851640403271,
        "dvar2": 1.74147439003,
        "max": 9.91498565674,
        "mean": 1.69230079651,
        "median": 1.48422431946,
        "min": -4.40533351898,
        "stdev": 1.437281847,
        "var": 2.06577920914
    },
    "barkbands_spread": {
        "dmean": 6.40755748749,
        "dmean2": 10.2297134399,
        "dvar": 91.2311096191,
        "dvar2": 222.245407104,
        "max": 124.793807983,
        "mean": 17.0923080444,
        "median": 15.3549566269,
        "min": 1.31500172615,
        "stdev": 11.1328086853,
        "var": 123.939430237
    },
    "dissonance": {
        "dmean": 0.0270577650517,
        "dmean2": 0.0443343855441,
        "dvar": 0.000646717846394,
        "dvar2": 0.00150804943405,
        "max": 0.499677598476,
        "mean": 0.445155382156,
        "median": 0.451694011688,
        "min": 0,
        "stdev": 0.0367060117424,
        "var": 0.00134733121376
    },
    "dynamic_complexity": 1.54358327389,
    "erbbands_crest": {
        "dmean": 2.79861664772,
        "dmean2": 4.71494865417,
        "dvar": 7.13895654678,
        "dvar2": 18.252325058,
        "max": 26.0819129944,
        "mean": 9.14808082581,
        "median": 8.48178482056,
        "min": 2.8295443058,
        "stdev": 3.51207327843,
        "var": 12.3346586227
    },
    "erbbands_flatness_db": {
        "dmean": 0.0217673089355,
        "dmean2": 0.031592618674,
        "dvar": 0.000494178035296,
        "dvar2": 0.000960643053986,
        "max": 0.29107233882,
        "mean": 0.159652337432,
        "median": 0.159779220819,
        "min": 0.0511988811195,
        "stdev": 0.0428250357509,
        "var": 0.001833983697
    },
    "erbbands_kurtosis": {
        "dmean": 1.3008518219,
        "dmean2": 2.07287597656,
        "dvar": 3.43431091309,
        "dvar2": 8.24387264252,
        "max": 24.0239124298,
        "mean": 1.43394351006,
        "median": 0.827394604683,
        "min": -1.64562880993,
        "stdev": 2.52871704102,
        "var": 6.39440965652
    },
    "erbbands_skewness": {
        "dmean": 0.443777322769,
        "dmean2": 0.685201942921,
        "dvar": 0.231172829866,
        "dvar2": 0.475732803345,
        "max": 3.88524031639,
        "mean": 0.683870017529,
        "median": 0.661957263947,
        "min": -3.56531071663,
        "stdev": 0.755814611912,
        "var": 0.571255683899
    },
    "erbbands_spread": {
        "dmean": 10.1346616745,
        "dmean2": 15.4630870819,
        "dvar": 194.582977295,
        "dvar2": 464.748321533,
        "max": 136.549224854,
        "mean": 33.5935554504,
        "median": 28.4891433716,
        "min": 4.85348796844,
        "stdev": 19.5069179535,
        "var": 380.519836426
    },
    "hfc": {
        "dmean": 10.4005975723,
        "dmean2": 16.091424942,
        "dvar": 330.513641357,
        "dvar2": 626.92578125,
        "max": 310.802154541,
        "mean": 29.8904266357,
        "median": 26.1450805664,
        "min": 1.85569911082e-06,
        "stdev": 27.7393379211,
        "var": 769.47088623
    },
    "loudness_ebu128": {
        "integrated": -8.27189350128,
        "loudness_range": 1.31107521057,
        "momentary": {
            "dmean": 0.473369300365,
            "dmean2": 0.551576852798,
            "dvar": 0.187390357256,
            "dvar2": 0.349098980427,
            "max": -6.45941257477,
            "mean": -8.47529792786,
            "median": -8.06670379639,
            "min": -15.7296981812,
            "stdev": 1.44788503647,
            "var": 2.09637093544
        },
        "short_term": {
            "dmean": 0.0596303120255,
            "dmean2": 0.064855530858,
            "dvar": 0.00178445351776,
            "dvar2": 0.00285375793464,
            "max": -7.33896446228,
            "mean": -8.19305896759,
            "median": -8.08825492859,
            "min": -10.3321504593,
            "stdev": 0.554536163807,
            "var": 0.307510375977
        }
    },
    "melbands_crest": {
        "dmean": 3.73529028893,
        "dmean2": 5.78587198257,
        "dvar": 13.6487293243,
        "dvar2": 24.224023819,
        "max": 36.8922348022,
        "mean": 14.4118061066,
        "median": 12.5143356323,
        "min": 3.32693624496,
        "stdev": 6.78575611115,
        "var": 46.0464859009
    },
    "melbands_flatness_db": {
        "dmean": 0.0324546992779,
        "dmean2": 0.0485303848982,
        "dvar": 0.00146619568113,
        "dvar2": 0.00296635669656,
        "max": 0.47796061635,
        "mean": 0.219008669257,
        "median": 0.20437631011,
        "min": 0.0309099759907,
        "stdev": 0.0701680257916,
        "var": 0.0049235522747
    },
    "melbands_kurtosis": {
        "dmean": 9.928150177,
        "dmean2": 15.7087163925,
        "dvar": 405.780303955,
        "dvar2": 976.746704102,
        "max": 232.955978394,
        "mean": 14.4703798294,
        "median": 6.61429023743,
        "min": -1.87254321575,
        "stdev": 23.545797348,
        "var": 554.404602051
    },
    "melbands_skewness": {
        "dmean": 0.926057040691,
        "dmean2": 1.33484768867,
        "dvar": 1.31698179245,
        "dvar2": 2.73921275139,
        "max": 12.5373811722,
        "mean": 2.45977568626,
        "median": 2.02436876297,
        "min": -1.46562373638,
        "stdev": 1.83264017105,
        "var": 3.35857009888
    },
    "melbands_spread": {
        "dmean": 7.25059652328,
        "dmean2": 11.4873456955,
        "dvar": 313.136810303,
        "dvar2": 696.606689453,
        "max": 244.958465576,
        "mean": 19.6288070679,
        "median": 16.8736190796,
        "min": 0.94030714035,
        "stdev": 21.3763465881,
        "var": 456.948181152
    },
    "pitch_salience": {
        "dmean": 0.0802097991109,
        "dmean2": 0.127004146576,
        "dvar": 0.00568496901542,
        "dvar2": 0.0120277227834,
        "max": 0.936933517456,
        "mean": 0.548267185688,
        "median": 0.56564438343,
        "min": 0.119752772152,
        "stdev": 0.128967404366,
        "var": 0.0166325923055
    },
    "silence_rate_20dB": {
        "dmean": 0,
        "dmean2": 0,
        "dvar": 0,
        "dvar2": 0,
        "max": 1,
        "mean": 1,
        "median": 1,
        "min": 1,
        "stdev": 0,
        "var": 0
    },
    "silence_rate_30dB": {
        "dmean": 0.0618716180325,
        "dmean2": 0.123839005828,
        "dvar": 0.058044552803,
        "dvar2": 0.108502045274,
        "max": 1,
        "mean": 0.911901056767,
        "median": 1,
        "min": 0,
        "stdev": 0.283437639475,
        "var": 0.0803368911147
    },
    "silence_rate_60dB": {
        "dmean": 0.00850734766573,
        "dmean2": 0.0162538699806,
        "dvar": 0.00843496713787,
        "dvar2": 0.0175376553088,
        "max": 1,
        "mean": 0.0131375575438,
        "median": 0,
        "min": 0,
        "stdev": 0.1138638556,
        "var": 0.0129649778828
    },
    "spectral_centroid": {
        "dmean": 238.429794312,
        "dmean2": 371.290649414,
        "dvar": 172231.609375,
        "dvar2": 301372.3125,
        "max": 5897.60302734,
        "mean": 994.984619141,
        "median": 925.10333252,
        "min": 231.855728149,
        "stdev": 610.56451416,
        "var": 372789.0625
    },
    "spectral_complexity": {
        "dmean": 3.66125297546,
        "dmean2": 5.86919498444,
        "dvar": 14.0306367874,
        "dvar2": 33.5268516541,
        "max": 46,
        "mean": 19.4969081879,
        "median": 20,
        "min": 0,
        "stdev": 7.80854225159,
        "var": 60.9733314514
    },
    "spectral_decrease": {
        "dmean": 5.43353229077e-09,
        "dmean2": 7.94172461127e-09,
        "dvar": 8.9308394484e-17,
        "dvar2": 1.87727740046e-16,
        "max": -5.06627578022e-17,
        "mean": -1.31236159717e-08,
        "median": -1.03322470579e-08,
        "min": -7.62716396707e-08,
        "stdev": 1.17846887804e-08,
        "var": 1.38878899992e-16
    },
    "spectral_energy": {
        "dmean": 0.02096365951,
        "dmean2": 0.0307115670294,
        "dvar": 0.0012818222167,
        "dvar2": 0.00269428198226,
        "max": 0.289767682552,
        "mean": 0.052242744714,
        "median": 0.0417799502611,
        "min": 3.59530433203e-10,
        "stdev": 0.0448358207941,
        "var": 0.00201025069691
    },
    "spectral_energyband_high": {
        "dmean": 0.000702652672771,
        "dmean2": 0.00105189590249,
        "dvar": 3.83320002584e-06,
        "dvar2": 6.34835259916e-06,
        "max": 0.0348249971867,
        "mean": 0.00115769042168,
        "median": 0.000417500006733,
        "min": 1.49146528461e-10,
        "stdev": 0.00298187811859,
        "var": 8.89159673534e-06
    },
    "spectral_energyband_low": {
        "dmean": 0.0154783064499,
        "dmean2": 0.0226519461721,
        "dvar": 0.00132900301833,
        "dvar2": 0.00278561189771,
        "max": 0.284126669168,
        "mean": 0.0230448115617,
        "median": 0.0103692673147,
        "min": 4.97521364384e-11,
        "stdev": 0.0434163585305,
        "var": 0.00188498024363
    },
    "spectral_energyband_middle_high": {
        "dmean": 0.00279856892303,
        "dmean2": 0.00421220762655,
        "dvar": 1.17866920846e-05,
        "dvar2": 2.63543588517e-05,
        "max": 0.0478921532631,
        "mean": 0.00756113883108,
        "median": 0.00524672446772,
        "min": 7.17422163343e-11,
        "stdev": 0.0076879770495,
        "var": 5.91049902141e-05
    },
    "spectral_energyband_middle_low": {
        "dmean": 0.0076763862744,
        "dmean2": 0.0120451329276,
        "dvar": 7.49899845687e-05,
        "dvar2": 0.000173464301042,
        "max": 0.0899513065815,
        "mean": 0.0215397197753,
        "median": 0.0193623788655,
        "min": 8.46472128502e-11,
        "stdev": 0.01285880059,
        "var": 0.000165348741575
    },
    "spectral_entropy": {
        "dmean": 0.229115217924,
        "dmean2": 0.336503118277,
        "dvar": 0.0676695033908,
        "dvar2": 0.136635303497,
        "max": 9.11836147308,
        "mean": 7.42651081085,
        "median": 7.50807332993,
        "min": 5.84234571457,
        "stdev": 0.488207042217,
        "var": 0.238346129656
    },
    "spectral_flux": {
        "dmean": 0.0455896370113,
        "dmean2": 0.0752886459231,
        "dvar": 0.00314032519236,
        "dvar2": 0.00789114832878,
        "max": 0.45568138361,
        "mean": 0.121071606874,
        "median": 0.106256298721,
        "min": 1.89612874237e-05,
        "stdev": 0.0686224102974,
        "var": 0.00470903562382
    },
    "spectral_kurtosis": {
        "dmean": 2.10900497437,
        "dmean2": 3.23238372803,
        "dvar": 8.41226005554,
        "dvar2": 17.5076980591,
        "max": 46.7251396179,
        "mean": 5.7213807106,
        "median": 4.65261507034,
        "min": -0.655837774277,
        "stdev": 4.4897274971,
        "var": 20.1576538086
    },
    "spectral_rms": {
        "dmean": 0.00127117079683,
        "dmean2": 0.00182500504889,
        "dvar": 2.85070518657e-06,
        "dvar2": 5.59082764084e-06,
        "max": 0.0168136898428,
        "mean": 0.00666783284396,
        "median": 0.00638442160562,
        "min": 5.92251126363e-07,
        "stdev": 0.00255118124187,
        "var": 6.50852553008e-06
    },
    "spectral_rolloff": {
        "dmean": 449.182281494,
        "dmean2": 762.663085938,
        "dvar": 1436237.25,
        "dvar2": 2928414,
        "max": 12532.3242188,
        "mean": 1154.40600586,
        "median": 925.927734375,
        "min": 43.06640625,
        "stdev": 1455.72949219,
        "var": 2119148.5
    },
    "spectral_skewness": {
        "dmean": 0.306116014719,
        "dmean2": 0.451192200184,
        "dvar": 0.121376127005,
        "dvar2": 0.251563549042,
        "max": 5.44622945786,
        "mean": 1.92724704742,
        "median": 1.84789896011,
        "min": -0.0297678541392,
        "stdev": 0.623382627964,
        "var": 0.388605922461
    },
    "spectral_spread": {
        "dmean": 877375.875,
        "dmean2": 1250494.625,
        "dvar": 1.18629190861e+12,
        "dvar2": 2.52088995021e+12,
        "max": 20793186,
        "mean": 5065671.5,
        "median": 4664605,
        "min": 1646681.75,
        "stdev": 1876616.125,
        "var": 3.52168784691e+12
    },
    "spectral_strongpeak": {
        "dmean": 0.713110983372,
        "dmean2": 1.20607876778,
        "dvar": 1.20995867252,
        "dvar2": 2.94396662712,
        "max": 15.6540060043,
        "mean": 1.12718749046,
        "median": 0.723877847195,
        "min": 0,
        "stdev": 1.23910284042,
        "var": 1.53537595272
    },
    "zerocrossingrate": {
        "dmean": 0.0123679032549,
        "dmean2": 0.0139700593427,
        "dvar": 0.000413191708503,
        "dvar2": 0.000392797373934,
        "max": 0.4326171875,
        "mean": 0.0518185645342,
        "median": 0.04443359375,
        "min": 0.00439453125,
        "stdev": 0.0410786643624,
        "var": 0.00168745673727
    },
    "barkbands": {
        "dmean": [0.0018051546067, 0.013507203199, 0.00171651714481, 0.00166550290305, 0.00347422482446, 0.00174918549601, 0.00269268313423, 0.00160277914256, 0.00197226647288, 0.000710133637767, 0.000446861726232, 0.000720302807167, 0.00114581314847, 0.000567517185118, 0.000439729890786, 0.000247154413955, 0.000145536760101, 9.76381925284e-05, 0.000102135702036, 0.000107683925307, 0.000109883476398, 0.000115345268568, 0.000124201236758, 0.00014723475033, 0.000157497823238, 9.33206974878e-05, 5.92310288994e-06],
        "dmean2": [0.00197739386931, 0.0203054826707, 0.00295153609477, 0.00262233195826, 0.00568817416206, 0.00272883544676, 0.00436840206385, 0.00252265692689, 0.00311108422466, 0.00104314496275, 0.000682853278704, 0.00109391112346, 0.00181033881381, 0.000949974753894, 0.000796436157543, 0.000398780684918, 0.000242638794589, 0.000163897348102, 0.000164020311786, 0.000173737702426, 0.000176867557457, 0.000167844831594, 0.000199202084332, 0.000206016629818, 0.000238044711296, 0.000148507257109, 1.03669717646e-05],
        "dvar": [1.73297739821e-05, 0.00127946247812, 1.10969522211e-05, 9.62850208452e-06, 2.83935569314e-05, 8.47782484925e-06, 2.23496790568e-05, 5.82338088861e-06, 1.08194262793e-05, 2.46993386099e-06, 6.67937797516e-07, 1.7773018044e-06, 2.87419425149e-06, 1.1107043747e-06, 1.16616467949e-06, 1.32328054292e-07, 4.67202418974e-08, 2.72054911932e-08, 2.04844567975e-08, 5.16185849619e-08, 5.97830123183e-08, 1.12363004234e-07, 1.10071631809e-07, 2.63246079157e-07, 3.62254326092e-07, 7.39650047876e-08, 5.55552770454e-10],
        "dvar2": [2.14594620047e-05, 0.00274325092323, 3.02718308376e-05, 2.40618774114e-05, 7.06485516275e-05, 1.88197755051e-05, 5.42465459148e-05, 1.30459857246e-05, 2.51414458035e-05, 4.11532755606e-06, 1.37565575642e-06, 3.78705067305e-06, 6.51790196571e-06, 2.89498711936e-06, 3.34881474373e-06, 2.75149233175e-07, 1.22426470739e-07, 7.21123356584e-08, 4.82273350144e-08, 1.24368071397e-07, 1.31485450083e-07, 2.06276141057e-07, 2.35814468397e-07, 3.79841878839e-07, 5.68351708807e-07, 1.64600947983e-07, 1.42589995367e-09],
        "max": [0.0465495400131, 0.266378849745, 0.0363907217979, 0.0380184613168, 0.0540710128844, 0.02973552607, 0.0421372614801, 0.0225695855916, 0.0427224971354, 0.0274315364659, 0.0144593669102, 0.0174843706191, 0.0220961272717, 0.0139612564817, 0.0081431157887, 0.00473148003221, 0.00280795106664, 0.00158263742924, 0.00165463564917, 0.00323646469042, 0.00301282457076, 0.00765682151541, 0.00604382762685, 0.0126714734361, 0.0131032308564, 0.00449021300301, 0.000350813701516],
        "mean": [0.00285894819535, 0.0162532255054, 0.00297927553765, 0.00283904070966, 0.00572130875662, 0.00304634659551, 0.00388392526656, 0.00243902765214, 0.00338378082961, 0.00121144915465, 0.000784672040027, 0.00132522347849, 0.00196079583839, 0.000832289108075, 0.00045684404904, 0.000435466936324, 0.000243887887336, 0.000155367975822, 0.000194913169253, 0.000156540671014, 0.000153487722855, 0.000189861588296, 0.000160117211635, 0.000239023647737, 0.000228279415751, 0.000104812737845, 4.85734108224e-06],
        "median": [1.89216334547e-05, 0.00358276162297, 0.00120658404194, 0.00104701449163, 0.0032717383001, 0.00182765722275, 0.00202985294163, 0.00125604029745, 0.00187168223783, 0.000378465570975, 0.000317239318974, 0.000479953276226, 0.000794104882516, 0.000353418814484, 0.000201751186978, 0.000273992540315, 0.000155678280862, 9.22237377381e-05, 0.000128427695017, 6.85735067236e-05, 6.04108790867e-05, 8.93374817679e-05, 5.00264977745e-05, 8.04320588941e-05, 5.06181459059e-05, 1.59120754688e-05, 1.41864632042e-07],
        "min": [1.81241410768e-11, 2.39226069509e-11, 1.20462398737e-11, 8.8482068894e-12, 1.34002713439e-11, 9.41287846279e-12, 1.12915701095e-11, 1.61117178626e-11, 2.14763363343e-11, 1.10659146776e-11, 5.75754938517e-12, 6.56410863165e-12, 7.82014210332e-12, 6.76307490913e-12, 4.77784088335e-12, 5.55889318951e-12, 8.11126936017e-13, 1.22245711817e-11, 1.01976482814e-11, 4.02379301753e-12, 2.69649840651e-12, 3.76756091602e-12, 1.2344474401e-11, 2.06748194953e-11, 3.90551098406e-11, 6.37437810869e-11, 2.53144033513e-12],
        "stdev": [0.00705434195697, 0.0391032546759, 0.00417209649459, 0.00437841797248, 0.00698146875948, 0.00374268041924, 0.00537062762305, 0.00319832167588, 0.00446536904201, 0.00271121319383, 0.00133601378184, 0.00224821199663, 0.00281802983955, 0.00127056613564, 0.000874537043273, 0.00058057816932, 0.000300258136122, 0.000192653402337, 0.000211605729419, 0.00027632387355, 0.000303156120935, 0.000457473099232, 0.000425270030973, 0.000797668937594, 0.000921006023418, 0.000317146885209, 2.15798008867e-05],
        "var": [4.97637411172e-05, 0.00152906449512, 1.74063879967e-05, 1.91705457837e-05, 4.87409088237e-05, 1.40076572279e-05, 2.88436385745e-05, 1.02292615338e-05, 1.99395217351e-05, 7.35067715141e-06, 1.784932806e-06, 5.05445677845e-06, 7.9412920968e-06, 1.61433831636e-06, 7.64815013099e-07, 3.37071043077e-07, 9.01549483956e-08, 3.71153312528e-08, 4.47769856748e-08, 7.63548797522e-08, 9.19036367009e-08, 2.09281637353e-07, 1.80854598852e-07, 6.36275728993e-07, 8.4825205704e-07, 1.00582141727e-07, 4.65687821638e-10]
    },
    "erbbands": {
        "dmean": [0.620632648468, 2.25992631912, 2.19634079933, 3.36242413521, 10.4889440536, 12.2731256485, 7.0250415802, 18.1064147949, 32.9123344421, 36.1274223328, 43.6671028137, 37.0215911865, 24.7082691193, 18.563211441, 14.7911272049, 27.5736503601, 43.1710014343, 38.1845703125, 24.2032909393, 15.7259883881, 13.1203689575, 8.20101070404, 5.03425168991, 4.86194992065, 5.28346538544, 4.72349596024, 3.98360133171, 4.76866674423, 4.21983957291, 3.68574404716, 3.56710982323, 2.98802828789, 2.66150045395, 1.70978367329, 1.16612708569, 0.568425297737, 0.144398868084, 0.0176510028541, 0.000628047040664, 3.67273751181e-05],
        "dmean2": [0.884215712547, 3.68645572662, 3.80125641823, 5.40040302277, 17.0251865387, 20.1814422607, 11.0226392746, 28.5420856476, 51.3271942139, 59.8327827454, 68.1918869019, 58.2122077942, 37.2640762329, 27.7678585052, 21.8814964294, 41.2062950134, 68.7798309326, 61.7781829834, 41.7049942017, 26.8012714386, 21.6489658356, 13.560956955, 8.52122783661, 7.8599152565, 8.33059692383, 7.64874267578, 6.2534828186, 7.66755962372, 6.19877672195, 5.9001531601, 5.52888441086, 4.33998680115, 3.9329969883, 2.65968513489, 1.71544277668, 0.883536219597, 0.233986094594, 0.0293387547135, 0.00104670051951, 5.44735703443e-05],
        "dvar": [2.7427175045, 38.0918502808, 18.0293121338, 29.4157810211, 326.307067871, 426.99005127, 119.02558136, 1026.50695801, 3314.87548828, 5536.10888672, 4497.98144531, 3799.06079102, 1840.82678223, 1193.42749023, 619.751037598, 2652.51489258, 4284.04785156, 4645.27490234, 2721.04516602, 1021.1762085, 366.645355225, 134.926086426, 81.0166320801, 50.2317771912, 57.633731842, 101.329910278, 98.5704956055, 102.01877594, 140.456329346, 127.714569092, 84.5325164795, 106.000854492, 79.4032821655, 39.8899688721, 24.3988628387, 3.22570109367, 0.16953240335, 0.00309423357248, 5.52033543499e-06, 4.43199876798e-09],
        "dvar2": [5.5275759697, 91.2083892822, 48.8578414917, 76.7824020386, 771.82800293, 1110.1184082, 273.110443115, 2307.30078125, 6648.359375, 14581.0761719, 9350.796875, 8800.24804688, 3477.83325195, 2272.6159668, 1197.77734375, 5614.56494141, 9762.79199219, 12442.6425781, 7463.28710938, 2799.70703125, 857.179077148, 344.283569336, 218.193237305, 123.675064087, 128.850601196, 238.801452637, 224.714080811, 223.02532959, 268.466705322, 263.784820557, 165.226119995, 150.879043579, 134.526672363, 77.0922393799, 35.3608512878, 6.23140192032, 0.410298258066, 0.00750619545579, 1.4503904822e-05, 9.90428272729e-09],
        "max": [11.3609867096, 44.9699325562, 41.4957199097, 66.6722717285, 259.558654785, 280.262542725, 164.021835327, 321.482971191, 775.420776367, 756.65826416, 709.880981445, 782.836486816, 695.41619873, 543.860839844, 512.75390625, 784.301452637, 892.157043457, 967.456848145, 380.868103027, 289.39956665, 193.724533081, 121.763366699, 88.6403808594, 103.993286133, 106.469429016, 124.793952942, 126.399375916, 158.466720581, 279.377075195, 244.848693848, 176.142562866, 251.877304077, 209.666320801, 120.961677551, 115.061912537, 37.2796630859, 5.67638015747, 0.692471444607, 0.0356430411339, 0.000743044016417],
        "mean": [0.736123919487, 2.57847118378, 3.80232524872, 6.52688550949, 17.3084106445, 19.0331859589, 14.5983324051, 29.6535053253, 51.9710159302, 49.8228645325, 72.8713531494, 63.9266548157, 46.5218315125, 37.2966194153, 29.8397140503, 54.767616272, 79.9850845337, 62.3565864563, 29.7158699036, 22.5824241638, 22.8418140411, 14.6391620636, 8.60426998138, 9.07743740082, 9.90772724152, 6.83128166199, 5.62594366074, 7.06138086319, 6.89975118637, 5.0701174736, 4.6322312355, 4.78399801254, 4.08335542679, 2.55537176132, 1.58818006516, 0.667008399963, 0.156062886119, 0.0181809253991, 0.000606316782068, 8.01257265266e-05],
        "median": [0.0446454435587, 1.02834260464, 1.90642547607, 3.71588134766, 8.58772659302, 9.44914054871, 9.70644950867, 16.3683223724, 27.027545929, 26.7338066101, 39.4028091431, 36.7188262939, 23.7367019653, 15.1558170319, 13.9266223907, 20.5540866852, 36.2635879517, 28.7060909271, 14.0326881409, 13.2161979675, 14.8047866821, 9.81144332886, 5.45065546036, 6.20609807968, 6.59372711182, 3.06419944763, 1.93424987793, 3.00317192078, 3.32262659073, 1.86134052277, 1.44733381271, 1.79809498787, 1.11046683788, 0.656279206276, 0.279182046652, 0.106162667274, 0.0232602618635, 0.00197172118351, 7.86889722804e-05, 5.60489279451e-05],
        "min": [9.26915710853e-10, 4.62440130633e-09, 1.29770221236e-08, 2.41749784635e-08, 3.53540237086e-08, 4.58258782032e-08, 5.94241917895e-08, 8.30791222484e-08, 1.33491980137e-07, 2.41980501414e-07, 3.999129774e-07, 4.88436910473e-07, 4.12598723187e-07, 2.907279395e-07, 2.3537924676e-07, 2.78458685443e-07, 3.48985622622e-07, 3.8606881958e-07, 2.48985628559e-07, 3.32697226213e-07, 2.08675700719e-07, 9.26187269101e-08, 6.38190101654e-07, 5.2858899835e-07, 4.55902721797e-07, 1.89608684309e-07, 1.27211194467e-07, 1.07944671868e-07, 1.43374862205e-07, 1.31784744895e-07, 3.69355745988e-07, 6.89010391852e-07, 2.78873841353e-07, 5.29528165316e-07, 1.95377467094e-07, 3.56352842346e-07, 8.40894855969e-08, 9.14096442983e-09, 8.54382675719e-10, 8.07183625495e-11],
        "stdev": [1.94786310196, 5.90276050568, 4.92189788818, 7.96721839905, 23.7276611328, 28.0276660919, 15.9259262085, 39.5784187317, 77.7755432129, 71.3691940308, 93.3763427734, 83.7442321777, 70.7118453979, 66.4254455566, 44.0858802795, 90.1196289062, 113.063392639, 84.3993682861, 50.0336723328, 31.9992294312, 27.8901195526, 16.2086868286, 10.2460393906, 9.92329216003, 10.9294977188, 12.1168203354, 12.8470363617, 12.6108970642, 15.6921901703, 14.4460372925, 12.2427186966, 16.1235160828, 13.2883071899, 9.25580215454, 7.25561571121, 2.31906914711, 0.435944676399, 0.0562866404653, 0.00215489370748, 8.15963867353e-05],
        "var": [3.79417085648, 34.8425788879, 24.2250804901, 63.4765701294, 563.00189209, 785.550109863, 253.635116577, 1566.45117188, 6049.03564453, 5093.56201172, 8719.14160156, 7013.09667969, 5000.16455078, 4412.33935547, 1943.56494141, 8121.54736328, 12783.3300781, 7123.25292969, 2503.3684082, 1023.95074463, 777.858764648, 262.721557617, 104.981323242, 98.4717178345, 119.453910828, 146.817337036, 165.046340942, 159.034729004, 246.244827271, 208.687988281, 149.884170532, 259.96774292, 176.579116821, 85.6698684692, 52.6439590454, 5.37808179855, 0.190047755837, 0.00316818570718, 4.64356662633e-06, 6.65797061927e-09]
    },
    "gfcc": {
        "mean": [28.8779525757, 95.0433044434, -106.802078247, 16.2210712433, -67.3484802246, 18.5598278046, -47.0089454651, 8.24318027496, -23.5728588104, 6.70361089706, -17.4832572937, -3.68215608597, -15.9883842468],
        "cov": [[3726.18286133, -756.577148438, -77.906867981, 171.596588135, 91.8802261353, 324.547637939, 155.060440063, 306.206390381, -12.1270093918, 210.388275146, -77.4570083618, 59.675239563, -175.814971924], [-756.577148438, 1533.4942627, -103.378555298, -45.7728462219, 371.638000488, -9.91172981262, 242.575286865, 39.2010498047, 224.082977295, -110.653045654, 187.745071411, 4.89866352081, 162.567642212], [-77.906867981, -103.378555298, 936.939025879, 351.707946777, 110.570632935, 71.5108795166, 39.044921875, 110.483604431, 119.514404297, 97.6992797852, 21.4974308014, 140.044143677, 88.3008575439], [171.596588135, -45.7728462219, 351.707946777, 427.03012085, 146.453277588, 83.199798584, 55.6100196838, 67.085899353, 124.034286499, 78.1087722778, 51.1545295715, 61.2669181824, 73.1195526123], [91.8802261353, 371.638000488, 110.570632935, 146.453277588, 364.177886963, 116.311195374, 137.926254272, 91.3782196045, 134.926681519, 51.2686386108, 57.8363380432, 29.0165309906, 55.0396347046], [324.547637939, -9.91172981262, 71.5108795166, 83.199798584, 116.311195374, 222.323913574, 166.527648926, 98.0929946899, 59.0097465515, 64.297454834, 49.5712127686, 35.4025802612, 28.2840442657], [155.060440063, 242.575286865, 39.044921875, 55.6100196838, 137.926254272, 166.527648926, 353.282867432, 120.510490417, 87.5442199707, 69.6172027588, 78.2387771606, 61.0473022461, 65.501991272], [306.206390381, 39.2010498047, 110.483604431, 67.085899353, 91.3782196045, 98.0929946899, 120.510490417, 179.364746094, 86.7672653198, 46.8757514954, 41.2198295593, 37.9569473267, 11.8687124252], [-12.1270093918, 224.082977295, 119.514404297, 124.034286499, 134.926681519, 59.0097465515, 87.5442199707, 86.7672653198, 196.203140259, 70.9643478394, 69.7867050171, 39.2398719788, 60.8819618225], [210.388275146, -110.653045654, 97.6992797852, 78.1087722778, 51.2686386108, 64.297454834, 69.6172027588, 46.8757514954, 70.9643478394, 146.100189209, 41.881729126, 34.3364334106, 19.5417881012], [-77.4570083618, 187.745071411, 21.4974308014, 51.1545295715, 57.8363380432, 49.5712127686, 78.2387771606, 41.2198295593, 69.7867050171, 41.881729126, 126.108421326, 41.0618972778, 41.9482650757], [59.675239563, 4.89866352081, 140.044143677, 61.2669181824, 29.0165309906, 35.4025802612, 61.0473022461, 37.9569473267, 39.2398719788, 34.3364334106, 41.0618972778, 106.34702301, 43.0379676819], [-175.814971924, 162.567642212, 88.3008575439, 73.1195526123, 55.0396347046, 28.2840442657, 65.501991272, 11.8687124252, 60.8819618225, 19.5417881012, 41.9482650757, 43.0379676819, 115.516349792]],
        "icov": [[0.00051240233006, -0.000143716053572, 0.000381331832614, -0.00048345545656, 0.000141794822412, -0.000648963439744, 0.000295165547868, -0.000948910135776, 0.000541744171642, -0.000910647213459, 0.000954472052399, -0.000766476907302, 0.000825610128231], [-0.000143716053572, 0.00314888730645, -0.000441475247499, 0.00186094199307, -0.00291473511606, 0.00255384948105, -0.002173056826, 0.00152483710553, -0.00297105684876, 0.00476720463485, -0.00418898556381, 0.00214609084651, -0.00217066588812], [0.000381331832614, -0.000441475247499, 0.00228665699251, -0.00181093649007, 0.00043156548054, -0.000649976951536, 0.000943067483604, -0.0016728816554, 0.000768433092162, -0.00161317980383, 0.00215525948443, -0.0027190183755, 0.000288961542537], [-0.00048345545656, 0.00186094199307, -0.00181093649007, 0.00561763346195, -0.00246962672099, 0.00114145630505, -0.000870499701705, 0.00193670752924, -0.00308898556978, 0.00283324485645, -0.00345820491202, 0.00209317309782, -0.00270980736241], [0.000141794822412, -0.00291473511606, 0.00043156548054, -0.00246962672099, 0.00707748299465, -0.00351796089672, 0.00132405897602, -0.00156052748207, 0.000593934557401, -0.00379859446548, 0.00392656261101, -0.00130759726744, 0.00184069178067], [-0.000648963439744, 0.00255384948105, -0.000649976951536, 0.00114145630505, -0.00351796089672, 0.0111390594393, -0.0046596233733, -0.000123354111565, -0.00127210805658, 0.00294357095845, -0.004776078742, 0.00271229585633, -0.00230746064335], [0.000295165547868, -0.002173056826, 0.000943067483604, -0.000870499701705, 0.00132405897602, -0.0046596233733, 0.00728083215654, -0.0033449633047, 0.00255580269732, -0.00425349408761, 0.00250108330511, -0.00299207284115, -0.000358182907803], [-0.000948910135776, 0.00152483710553, -0.0016728816554, 0.00193670752924, -0.00156052748207, -0.000123354111565, -0.0033449633047, 0.0124347517267, -0.0057050739415, 0.00417606718838, -0.00353302527219, 0.00122091232333, 0.000983998877928], [0.000541744171642, -0.00297105684876, 0.000768433092162, -0.00308898556978, 0.000593934557401, -0.00127210805658, 0.00255580269732, -0.0057050739415, 0.0140200769529, -0.00781921483576, 0.00199036719278, -0.00174282595981, -0.000600820290856], [-0.000910647213459, 0.00476720463485, -0.00161317980383, 0.00283324485645, -0.00379859446548, 0.00294357095845, -0.00425349408761, 0.00417606718838, -0.00781921483576, 0.0178688075393, -0.0084614418447, 0.00323310960084, -0.00261692004278], [0.000954472052399, -0.00418898556381, 0.00215525948443, -0.00345820491202, 0.00392656261101, -0.004776078742, 0.00250108330511, -0.00353302527219, 0.00199036719278, -0.0084614418447, 0.0186783056706, -0.00700725009665, 0.00234305695631], [-0.000766476907302, 0.00214609084651, -0.0027190183755, 0.00209317309782, -0.00130759726744, 0.00271229585633, -0.00299207284115, 0.00122091232333, -0.00174282595981, 0.00323310960084, -0.00700725009665, 0.0173565596342, -0.00545356050134], [0.000825610128231, -0.00217066588812, 0.000288961542537, -0.00270980736241, 0.00184069178067, -0.00230746064335, -0.000358182907803, 0.000983998877928, -0.000600820290856, -0.00261692004278, 0.00234305695631, -0.00545356050134, 0.016192831099]]
    },
    "melbands": {
        "dmean": [0.00447058165446, 0.00156433822121, 0.00073487352347, 0.000877355458215, 0.000259924243437, 0.000398904026952, 0.000498448964208, 0.000373682298232, 0.000397588009946, 0.00022715140949, 0.000129095540615, 8.13901351648e-05, 4.92589751957e-05, 6.13960510236e-05, 0.000106336148747, 0.00012443138985, 6.41716978862e-05, 4.08462474297e-05, 3.39650068781e-05, 1.70387174876e-05, 1.67336656887e-05, 9.94372112473e-06, 5.45811144548e-06, 4.48345872428e-06, 4.17754972659e-06, 4.36084519606e-06, 3.78040317628e-06, 3.35664253726e-06, 2.54073506767e-06, 2.97116662296e-06, 2.72386796496e-06, 2.59327089225e-06, 2.24479344979e-06, 2.08830829251e-06, 2.1811872557e-06, 2.0064464934e-06, 1.88633032394e-06, 1.99113515009e-06, 1.7896340978e-06, 1.3975109141e-06],
        "dmean2": [0.00645559839904, 0.00260175624862, 0.00117650162429, 0.00143444596324, 0.00040527296369, 0.000623973086476, 0.000791595841292, 0.000617534504272, 0.000618117162958, 0.000356279255357, 0.000194441308849, 0.000121024961118, 7.46569712646e-05, 9.20048987609e-05, 0.0001646742312, 0.000196874898393, 0.000104741746327, 6.95104536135e-05, 6.08307673247e-05, 2.74459034699e-05, 2.78258576145e-05, 1.64361717907e-05, 9.31251179281e-06, 7.53947733756e-06, 6.82144127495e-06, 7.0760129347e-06, 6.08502432442e-06, 5.51616403754e-06, 4.06581557399e-06, 4.88827436129e-06, 4.34985986431e-06, 3.83676206184e-06, 3.41820327776e-06, 3.47898821929e-06, 3.40173346558e-06, 3.10380482915e-06, 2.81660732071e-06, 2.95934046335e-06, 2.82758082903e-06, 2.16295097744e-06],
        "dvar": [0.000137895825901, 1.17585632324e-05, 1.47355751778e-06, 1.93770279111e-06, 1.26424026803e-07, 4.30061078305e-07, 7.06880030066e-07, 4.96885377288e-07, 4.09893260667e-07, 1.29849340169e-07, 5.50059908733e-08, 2.37224160315e-08, 6.79274636539e-09, 1.5255876562e-08, 3.42282220345e-08, 4.27525677082e-08, 1.39369520369e-08, 7.18335035899e-09, 6.13282402639e-09, 8.77480921258e-10, 6.03128436083e-10, 2.17708934214e-10, 9.51012602002e-11, 5.62274324323e-11, 3.99570897203e-11, 3.93219623529e-11, 4.42470331208e-11, 5.69147541596e-11, 4.37028260802e-11, 4.55562289281e-11, 3.23563918714e-11, 5.05593344968e-11, 4.41466203871e-11, 4.13838269209e-11, 3.08255435066e-11, 3.95622250238e-11, 4.61345128766e-11, 4.09239656052e-11, 4.67706047502e-11, 2.45001761934e-11],
        "dvar2": [0.00028920758632, 2.95006429951e-05, 3.68311270904e-06, 4.84833253722e-06, 3.02211759617e-07, 9.65527760854e-07, 1.55114753397e-06, 1.27466933009e-06, 8.46301986712e-07, 2.99025458617e-07, 1.02887888431e-07, 4.38522071988e-08, 1.40894300671e-08, 3.29001323962e-08, 8.20381984568e-08, 9.58273105311e-08, 3.73781965379e-08, 1.83953172694e-08, 1.77257639677e-08, 2.01084571216e-09, 1.46066214679e-09, 5.5747362282e-10, 2.63587179861e-10, 1.41629222239e-10, 9.85968667822e-11, 8.864865092e-11, 9.96633608974e-11, 1.36932520878e-10, 1.04906000553e-10, 1.03970318466e-10, 7.15145928587e-11, 9.74162139844e-11, 8.36651720126e-11, 9.39066671646e-11, 6.23195037242e-11, 8.05409211546e-11, 6.71470656854e-11, 6.71984620726e-11, 9.86635981248e-11, 4.69348275522e-11],
        "max": [0.0867989733815, 0.0279531627893, 0.0172488931566, 0.014348118566, 0.00474587036297, 0.00654162559658, 0.00991004053503, 0.00719407014549, 0.00695975450799, 0.00446752645075, 0.0038227357436, 0.00243728142232, 0.00150174915325, 0.00229054526426, 0.00259050703607, 0.00273593212478, 0.0017165185418, 0.000886362453457, 0.000666438834742, 0.000353905750671, 0.000234349747188, 0.00016562298697, 0.000116564195196, 0.000118363997899, 9.59118915489e-05, 8.11420977698e-05, 0.000108557651401, 0.000100881799881, 8.96238561836e-05, 8.110669296e-05, 0.000101305049611, 0.000162039796123, 0.000154593479238, 0.000125144128106, 0.000110831970233, 0.000144380290294, 0.000160350682563, 0.000146594815305, 0.000163837350556, 8.97019053809e-05],
        "mean": [0.00548776611686, 0.00235792249441, 0.00145211501513, 0.00141568423714, 0.00052884145407, 0.000681134231854, 0.000776905799285, 0.000524789269548, 0.000645098974928, 0.000393762660678, 0.00023218865681, 0.000157283051522, 9.44316925597e-05, 0.000113897993288, 0.000185253811651, 0.000197905275854, 9.94800866465e-05, 4.79267873743e-05, 3.67360553355e-05, 2.73978512269e-05, 2.64469381364e-05, 1.63476670423e-05, 8.67618928169e-06, 7.00248938301e-06, 7.1966642281e-06, 8.13959832158e-06, 5.87520162298e-06, 4.31507942267e-06, 3.46603633261e-06, 3.71174155589e-06, 4.15098747908e-06, 4.10597431255e-06, 3.33655452778e-06, 2.60012211584e-06, 2.67132713816e-06, 2.7167418466e-06, 3.01407067127e-06, 2.96129701383e-06, 2.52729364547e-06, 2.02139290195e-06],
        "median": [0.000680693192407, 0.00152857205831, 0.000913681462407, 0.000760839495342, 0.000370467430912, 0.000404967286158, 0.000421788834501, 0.000269981799647, 0.00032346212538, 0.000226529198699, 0.000106807186967, 5.90615018154e-05, 4.50212610303e-05, 4.64376353193e-05, 5.63554131077e-05, 7.61555711506e-05, 4.17263290728e-05, 2.07386547117e-05, 1.67343387147e-05, 1.54681729327e-05, 1.53657911142e-05, 1.02129870356e-05, 5.35457365913e-06, 3.94894232159e-06, 4.61079071101e-06, 5.27261636307e-06, 3.33478055836e-06, 1.45935837281e-06, 1.12258999252e-06, 1.24911525745e-06, 1.85903923011e-06, 1.98381212613e-06, 1.38469181366e-06, 8.05879551535e-07, 7.13088979865e-07, 9.7845156688e-07, 1.07971732177e-06, 8.0415247794e-07, 6.32670776213e-07, 4.75491276575e-07],
        "min": [8.32974054316e-12, 6.56510306188e-12, 4.48233637707e-12, 2.90575593101e-12, 2.100228845e-12, 1.87169182063e-12, 2.12279954899e-12, 2.830311506e-12, 3.39124973762e-12, 3.05085665932e-12, 2.01796283676e-12, 1.18880664861e-12, 7.83509650389e-13, 7.25320357161e-13, 7.32518863275e-13, 8.05492174696e-13, 7.00439272555e-13, 3.96217943437e-13, 3.82098595385e-13, 4.87990670008e-13, 1.74989349725e-13, 2.67934037858e-14, 3.97410918193e-13, 6.09110472564e-13, 4.03497059983e-13, 4.03999154009e-13, 2.086512522e-13, 1.06303149876e-13, 8.40474608313e-14, 6.2021527779e-14, 6.27319715813e-14, 8.64736952291e-14, 6.49234491038e-14, 7.32497084364e-14, 1.46566447672e-13, 3.82294754664e-13, 4.65436337475e-13, 1.12288765796e-13, 4.15285264944e-13, 4.46821941426e-13],
        "stdev": [0.0135764414445, 0.00341729447246, 0.00170596328098, 0.00180122733582, 0.000547707080841, 0.000839968561195, 0.00107381632552, 0.000722525001038, 0.000905680819415, 0.000507125165313, 0.000383119826438, 0.000296221318422, 0.000141061187605, 0.00019129680004, 0.000314654665999, 0.000312692631269, 0.000142875374877, 8.97477366379e-05, 6.48560380796e-05, 4.20692085754e-05, 3.31236115017e-05, 2.0218645659e-05, 1.04638238554e-05, 9.59307453741e-06, 8.45127306093e-06, 9.15402597457e-06, 8.28153406474e-06, 8.83149550646e-06, 8.41349992697e-06, 8.04003684607e-06, 7.18267483535e-06, 9.26861775952e-06, 8.89821330929e-06, 7.70685801399e-06, 7.0229625635e-06, 8.31591114547e-06, 1.0594611922e-05, 9.4565721156e-06, 9.26655775402e-06, 7.27889755581e-06],
        "var": [0.000184319753316, 1.16779010568e-05, 2.91031074084e-06, 3.24441975863e-06, 2.99983042851e-07, 7.05547222424e-07, 1.15308148452e-06, 5.22042398643e-07, 8.20257753276e-07, 2.57175940988e-07, 1.46780806176e-07, 8.77470682781e-08, 1.98982590405e-08, 3.65944643477e-08, 9.90075648133e-08, 9.77766774213e-08, 2.04133741022e-08, 8.05465560916e-09, 4.2063059702e-09, 1.7698181809e-09, 1.09717368524e-09, 4.08793610074e-10, 1.09491617162e-10, 9.20270873395e-11, 7.14240125377e-11, 8.37961852684e-11, 6.85838053016e-11, 7.7995318537e-11, 7.07869804439e-11, 6.46421874362e-11, 5.15908184229e-11, 8.59072812887e-11, 7.91781987197e-11, 5.9395655061e-11, 4.93220048137e-11, 6.91543766695e-11, 1.12245795991e-10, 8.94267576657e-11, 8.58690896166e-11, 5.29823476758e-11]
    },
    "melbands128": {
