{
"lowlevel": {
    "average_loudness": 0.966495752335,
    "barkbands_crest": {
        "dmean": 3.0231282711,
        "dmean2": 4.82687187195,
        "dvar": 7.97962808609,
        "dvar2": 20.5335330963,
        "max": 25.6795043945,
        "mean": 12.433350563,
        "median": 11.8101530075,
        "min": 3.42484068871,
        "stdev": 5.13792276382,
        "var": 26.3982524872
    },
    "barkbands_flatness_db": {
        "dmean": 0.0313656516373,
        "dmean2": 0.0442383140326,
        "dvar": 0.00104686548002,
        "dvar2": 0.00202697375789,
        "max": 0.513270020485,
        "mean": 0.158283084631,
        "median": 0.146255299449,
        "min": 0.0291750542819,
        "stdev": 0.0703333318233,
        "var": 0.00494677713141
    },
    "barkbands_kurtosis": {
        "dmean": 5.59895563126,
        "dmean2": 9.51209640503,
        "dvar": 596.36730957,
        "dvar2": 1501.01245117,
        "max": 688.735961914,
        "mean": 9.16927242279,
        "median": 3.2936372757,
        "min": -1.88856184483,
        "stdev": 32.5308151245,
        "var": 1058.25390625
    },
    "barkbands_skewness": {
        "dmean": 0.677199065685,
        "dmean2": 1.06182169914,
        "dvar": 0.818858802319,
        "dvar2": 1.79898166656,
        "max": 19.7026386261,
        "mean": 2.00140357018,
        "median": 1.64360892773,
        "min": -1.93986189365,
        "stdev": 1.68858969212,
        "var": 2.85133504868
    },
    "barkbands_spread": {
        "dmean": 6.65872621536,
        "dmean2": 10.5206756592,
        "dvar": 105.004013062,
        "dvar2": 242.998962402,
        "max": 115.132957458,
        "mean": 18.0090465546,
        "median": 15.6459884644,
        "min": 0.127845227718,
        "stdev": 13.5564508438,
        "var": 183.777359009
    },
    "dissonance": {
        "dmean": 0.0271806865931,
        "dmean2": 0.0443173311651,
        "dvar": 0.000501403468661,
        "dvar2": 0.00137543806341,
        "max": 0.499972164631,
        "mean": 0.444093972445,
        "median": 0.448196232319,
        "min": 0.299865633249,
        "stdev": 0.0327164717019,
        "var": 0.00107036763802
    },
    "dynamic_complexity": 2.75957751274,
    "erbbands_crest": {
        "dmean": 2.66059398651,
        "dmean2": 4.24572181702,
        "dvar": 6.6115398407,
        "dvar2": 16.6159858704,
        "max": 26.747423172,
        "mean": 9.3945646286,
        "median": 8.6474199295,
        "min": 2.92504906654,
        "stdev": 3.85678005219,
        "var": 14.8747520447
    },
    "erbbands_flatness_db": {
        "dmean": 0.0231047570705,
        "dmean2": 0.0334401726723,
        "dvar": 0.000474450149341,
        "dvar2": 0.00097935134545,
        "max": 0.276300013065,
        "mean": 0.149200171232,
        "median": 0.148966312408,
        "min": 0.0511177182198,
        "stdev": 0.0424253866076,
        "var": 0.00179991335608
    },
    "erbbands_kurtosis": {
        "dmean": 1.15381109715,
        "dmean2": 1.78749918938,
        "dvar": 2.09536933899,
        "dvar2": 5.08644104004,
        "max": 22.8571586609,
        "mean": 1.09886217117,
        "median": 0.603159189224,
        "min": -1.80731391907,
        "stdev": 2.27533054352,
        "var": 5.17712879181
    },
    "erbbands_skewness": {
        "dmean": 0.391967564821,
        "dmean2": 0.600487649441,
        "dvar": 0.157407984138,
        "dvar2": 0.368618071079,
        "max": 3.93794322014,
        "mean": 0.617402493954,
        "median": 0.628286719322,
        "min": -2.3476293087,
        "stdev": 0.720235466957,
        "var": 0.518739104271
    },
    "erbbands_spread": {
        "dmean": 9.83109092712,
        "dmean2": 14.9821825027,
        "dvar": 168.98550415,
        "dvar2": 402.617828369,
        "max": 153.435653687,
        "mean": 33.6082992554,
        "median": 28.6467628479,
        "min": 6.71599626541,
        "stdev": 18.1282176971,
        "var": 328.632293701
    },
    "hfc": {
        "dmean": 6.25650262833,
        "dmean2": 8.71333312988,
        "dvar": 85.862197876,
        "dvar2": 182.524139404,
        "max": 107.332130432,
        "mean": 16.714723587,
        "median": 10.1380052567,
        "min": 1.19569870752e-16,
        "stdev": 17.4397544861,
        "var": 304.145019531
    },
    "loudness_ebu128": {
        "integrated": -7.59160041809,
        "loudness_range": 2.37966632843,
        "momentary": {
            "dmean": 0.720241785049,
            "dmean2": 0.773178040981,
            "dvar": 0.390337646008,
            "dvar2": 0.533760011196,
            "max": -3.56638789177,
            "mean": -8.08327198029,
            "median": -7.92156410217,
            "min": -18.4847774506,
            "stdev": 2.1737177372,
            "var": 4.72504854202
        },
        "short_term": {
            "dmean": 0.0937306210399,
            "dmean2": 0.0972162783146,
            "dvar": 0.00631990795955,
            "dvar2": 0.00633769948035,
            "max": -6.16140413284,
            "mean": -7.69946670532,
            "median": -7.65536785126,
            "min": -10.0475330353,
            "stdev": 0.920804202557,
            "var": 0.847880423069
        }
    },
    "melbands_crest": {
        "dmean": 3.81373953819,
        "dmean2": 6.28100633621,
        "dvar": 14.5521240234,
        "dvar2": 39.1745262146,
        "max": 32.9360313416,
        "mean": 16.124048233,
        "median": 15.8039493561,
        "min": 2.21057033539,
        "stdev": 5.89684486389,
        "var": 34.7727775574
    },
    "melbands_flatness_db": {
        "dmean": 0.0389274805784,
        "dmean2": 0.055263787508,
        "dvar": 0.0016485521337,
        "dvar2": 0.0032648446504,
        "max": 0.640937685966,
        "mean": 0.243992477655,
        "median": 0.227166175842,
        "min": 0.0106981480494,
        "stdev": 0.0871376097202,
        "var": 0.00759296305478
    },
    "melbands_kurtosis": {
        "dmean": 9.70792484283,
        "dmean2": 15.8648710251,
        "dvar": 514.913269043,
        "dvar2": 1553.87207031,
        "max": 415.610351562,
        "mean": 16.2606563568,
        "median": 8.63523769379,
        "min": -1.14465844631,
        "stdev": 27.2728862762,
        "var": 743.810302734
    },
    "melbands_skewness": {
        "dmean": 0.837622106075,
        "dmean2": 1.30181610584,
        "dvar": 0.975392043591,
        "dvar2": 2.55709314346,
        "max": 16.5261878967,
        "mean": 2.74458861351,
        "median": 2.43434071541,
        "min": -0.519958138466,
        "stdev": 1.70445144176,
        "var": 2.90515470505
    },
    "melbands_spread": {
        "dmean": 6.06573009491,
        "dmean2": 9.53464698792,
        "dvar": 96.4390258789,
        "dvar2": 236.099578857,
        "max": 135.560745239,
        "mean": 17.1810283661,
        "median": 14.1871109009,
        "min": 0.311570882797,
        "stdev": 12.984251976,
        "var": 168.590805054
    },
    "pitch_salience": {
        "dmean": 0.0797669738531,
        "dmean2": 0.127808958292,
        "dvar": 0.00532882334664,
        "dvar2": 0.0132350018248,
        "max": 0.845522761345,
        "mean": 0.478845477104,
        "median": 0.481510639191,
        "min": 0.0422044619918,
        "stdev": 0.139139667153,
        "var": 0.0193598475307
    },
    "silence_rate_20dB": {
        "dmean": 0,
        "dmean2": 0,
        "dvar": 0,
        "dvar2": 0,
        "max": 1,
        "mean": 1,
        "median": 1,
        "min": 1,
        "stdev": 0,
        "var": 0
    },
    "silence_rate_30dB": {
        "dmean": 0,
        "dmean2": 0,
        "dvar": 0,
        "dvar2": 0,
        "max": 1,
        "mean": 1,
        "median": 1,
        "min": 1,
        "stdev": 0,
        "var": 0
    },
    "silence_rate_60dB": {
        "dmean": 0.0178018584847,
        "dmean2": 0.0348566994071,
        "dvar": 0.0174848083407,
        "dvar2": 0.0382898561656,
        "max": 1,
        "mean": 0.0348027832806,
        "median": 0,
        "min": 0,
        "stdev": 0.183281183243,
        "var": 0.0335919931531
    },
    "spectral_centroid": {
        "dmean": 241.260253906,
        "dmean2": 374.99005127,
        "dvar": 198318.578125,
        "dvar2": 354859.3125,
        "max": 11719.7861328,
        "mean": 972.524169922,
        "median": 901.936584473,
        "min": 94.9609069824,
        "stdev": 557.355957031,
        "var": 310645.6875
    },
    "spectral_complexity": {
        "dmean": 3.03560376167,
        "dmean2": 4.28040266037,
        "dvar": 8.72313499451,
        "dvar2": 15.4101953506,
        "max": 45,
        "mean": 14.407579422,
        "median": 14,
        "min": 0,
        "stdev": 6.80101966858,
        "var": 46.253868103
    },
    "spectral_decrease": {
        "dmean": 2.11187933807e-09,
        "dmean2": 3.14857406813e-09,
        "dvar": 5.24108915303e-18,
        "dvar2": 1.0999734462e-17,
        "max": -2.2516111679e-29,
        "mean": -7.43387351676e-09,
        "median": -6.95910307158e-09,
        "min": -2.325167614e-08,
        "stdev": 4.65099692093e-09,
        "var": 2.16317705981e-17
    },
    "spectral_energy": {
        "dmean": 0.00826212763786,
        "dmean2": 0.0122175514698,
        "dvar": 7.91920756456e-05,
        "dvar2": 0.000162705240655,
        "max": 0.089313223958,
        "mean": 0.0295732524246,
        "median": 0.0274806302041,
        "min": 1.09303145311e-20,
        "stdev": 0.0185292605311,
        "var": 0.000343333522324
    },
    "spectral_energyband_high": {
        "dmean": 0.000370578374714,
        "dmean2": 0.000572697783355,
        "dvar": 5.77936702939e-07,
        "dvar2": 1.48072797401e-06,
        "max": 0.01125545986,
        "mean": 0.000511185440701,
        "median": 0.000206986267585,
        "min": 7.96741173805e-21,
        "stdev": 0.000868429080583,
        "var": 7.54169036554e-07
    },
    "spectral_energyband_low": {
        "dmean": 0.00550799630582,
        "dmean2": 0.00878299120814,
        "dvar": 5.23465387232e-05,
        "dvar2": 0.000120902885101,
        "max": 0.0674182102084,
        "mean": 0.0148128662258,
        "median": 0.0116586871445,
        "min": 9.23399428667e-23,
        "stdev": 0.012801120989,
        "var": 0.000163868709933
    },
    "spectral_energyband_middle_high": {
        "dmean": 0.00177043257281,
        "dmean2": 0.00225310772657,
        "dvar": 9.89315867628e-06,
        "dvar2": 1.38332825372e-05,
        "max": 0.0658344179392,
        "mean": 0.0045578526333,
        "median": 0.00206976477057,
        "min": 1.62294633524e-21,
        "stdev": 0.00716692162678,
        "var": 5.13647646585e-05
    },
    "spectral_energyband_middle_low": {
        "dmean": 0.00412446493283,
        "dmean2": 0.00617044745013,
        "dvar": 3.21995430568e-05,
        "dvar2": 7.35882349545e-05,
        "max": 0.0684323981404,
        "mean": 0.0101903900504,
        "median": 0.00730490731075,
        "min": 2.39879398902e-22,
        "stdev": 0.00960632041097,
        "var": 9.22813924262e-05
    },
    "spectral_entropy": {
        "dmean": 0.274076253176,
        "dmean2": 0.384544461966,
        "dvar": 0.0810926780105,
        "dvar2": 0.167607828975,
        "max": 9.79100513458,
        "mean": 7.38754272461,
        "median": 7.40611696243,
        "min": 5.23138475418,
        "stdev": 0.493304640055,
        "var": 0.243349477649
    },
    "spectral_flux": {
        "dmean": 0.0249874666333,
        "dmean2": 0.0390415117145,
        "dvar": 0.00060815300094,
        "dvar2": 0.00142531294841,
        "max": 0.238234013319,
        "mean": 0.0799470767379,
        "median": 0.071907043457,
        "min": 1.04548147917e-10,
        "stdev": 0.0422750376165,
        "var": 0.00178717880044
    },
    "spectral_kurtosis": {
        "dmean": 2.48333191872,
        "dmean2": 3.75959801674,
        "dvar": 7.15064668655,
        "dvar2": 16.3238925934,
        "max": 27.2873058319,
        "mean": 6.27451848984,
        "median": 5.32737350464,
        "min": -1.34111750126,
        "stdev": 4.25229501724,
        "var": 18.0820121765
    },
    "spectral_rms": {
        "dmean": 0.000781923416071,
        "dmean2": 0.00113097962458,
        "dvar": 5.9973012867e-07,
        "dvar2": 1.1809819398e-06,
        "max": 0.00933460518718,
        "mean": 0.00506194587797,
        "median": 0.00517787318677,
        "min": 3.26553541152e-12,
        "stdev": 0.00179683649912,
        "var": 3.22862160829e-06
    },
    "spectral_rolloff": {
        "dmean": 443.830444336,
        "dmean2": 754.263244629,
        "dvar": 1409032.875,
        "dvar2": 2939271.75,
        "max": 18970.7519531,
        "mean": 1018.37054443,
        "median": 732.12890625,
        "min": 64.599609375,
        "stdev": 1347.06445312,
        "var": 1814582.625
    },
    "spectral_skewness": {
        "dmean": 0.348119616508,
        "dmean2": 0.514549255371,
        "dvar": 0.123353563249,
        "dvar2": 0.270744144917,
        "max": 4.20460224152,
        "mean": 2.00271892548,
        "median": 1.95715820789,
        "min": -0.0997011363506,
        "stdev": 0.582924723625,
        "var": 0.339801251888
    },
    "spectral_spread": {
        "dmean": 1135639.625,
        "dmean2": 1636689.25,
        "dvar": 2.61511420314e+12,
        "dvar2": 4.38891891917e+12,
        "max": 40617184,
        "mean": 5101355.5,
        "median": 4584678.5,
        "min": 2027172.5,
        "stdev": 2345853.5,
        "var": 5.50302855987e+12
    },
    "spectral_strongpeak": {
        "dmean": 0.430151641369,
        "dmean2": 0.707203030586,
        "dvar": 0.582442700863,
        "dvar2": 1.26317667961,
        "max": 8.43935489655,
        "mean": 0.789384663105,
        "median": 0.362325370312,
        "min": 0,
        "stdev": 1.13294577599,
        "var": 1.2835662365
    },
    "zerocrossingrate": {
        "dmean": 0.0121178403497,
        "dmean2": 0.0146113717929,
        "dvar": 0.000411944260122,
        "dvar2": 0.000500439316966,
        "max": 0.48681640625,
        "mean": 0.0444196201861,
        "median": 0.04052734375,
        "min": 0.00146484375,
        "stdev": 0.0332627370954,
        "var": 0.00110640958883
    },
    "barkbands": {
        "dmean": [0.00069189950591, 0.00462109362707, 0.00100477074739, 0.00088979647262, 0.000979990465567, 0.00100536528043, 0.000457762478618, 0.00137861387338, 0.00152379949577, 0.000460250827018, 0.000585805682931, 0.000327761546941, 0.000184066739166, 0.000160540177603, 0.00042178115109, 0.000304840767058, 0.000130974003696, 6.69533910695e-05, 6.9789661211e-05, 6.63001192152e-05, 5.76576276217e-05, 5.40610890312e-05, 5.8651825384e-05, 9.37458389672e-05, 8.17334148451e-05, 3.8768255763e-05, 3.11996586788e-06],
        "dmean2": [0.00113790482283, 0.00741341337562, 0.00159582030028, 0.00147355475929, 0.00155043159612, 0.00160962494556, 0.000723085191566, 0.0021824860014, 0.00222185649909, 0.000697586976457, 0.000809261924587, 0.000490470731165, 0.00027754745679, 0.000248711439781, 0.00058269884903, 0.000450052466476, 0.000191433282453, 0.000100924640719, 0.000110224798846, 0.000101623336377, 8.90170631465e-05, 8.57430059114e-05, 9.44437852013e-05, 0.000151960950461, 0.000130758722662, 6.1738443037e-05, 5.25540554008e-06],
        "dvar": [1.36620224112e-06, 3.67614193237e-05, 4.17601586378e-06, 3.14568137583e-06, 3.78633762921e-06, 3.90052900912e-06, 6.30390388778e-07, 1.30452490339e-05, 1.36332073453e-05, 1.23816005271e-06, 4.76226387036e-06, 7.75924945629e-07, 2.85904746988e-07, 1.00206591469e-07, 1.30398223064e-06, 7.680678209e-07, 8.2030354065e-08, 2.46740707865e-08, 2.95662001548e-08, 3.60768588337e-08, 1.32647413054e-08, 1.26941586132e-08, 1.71451404185e-08, 6.16577864321e-08, 8.35168449953e-08, 6.0638982724e-09, 1.92108010055e-10],
        "dvar2": [3.41688337357e-06, 8.89443399501e-05, 8.73399494594e-06, 8.18828084448e-06, 8.13787119114e-06, 8.81077085069e-06, 1.59498733865e-06, 2.99541152344e-05, 3.00147585222e-05, 2.42088049163e-06, 6.67672566124e-06, 1.72049487901e-06, 6.10273446e-07, 2.19929873424e-07, 2.56420639744e-06, 1.64845482686e-06, 1.64293112448e-07, 5.74902720984e-08, 6.96714579362e-08, 9.32192421033e-08, 2.86915842196e-08, 3.22096767036e-08, 4.19784882411e-08, 1.64712375295e-07, 2.33240797343e-07, 1.36297471087e-08, 5.17596909777e-10],
        "max": [0.00923693552613, 0.0590811669827, 0.0552666559815, 0.0251178517938, 0.0314793922007, 0.027392141521, 0.00895900651813, 0.0384443290532, 0.0544308163226, 0.0250496212393, 0.0506536103785, 0.0140972957015, 0.0118667520583, 0.00400023628026, 0.0221620425582, 0.0155213614926, 0.00447248574346, 0.00253204884939, 0.0028570049908, 0.00427453173324, 0.00230999989435, 0.00129926926456, 0.00233146315441, 0.00446968851611, 0.00524699455127, 0.00130287930369, 0.000336844153935],
        "mean": [0.00092533044517, 0.0114532178268, 0.00199890718795, 0.00112487445585, 0.00177680549677, 0.00170664431062, 0.000733106397092, 0.00215628137812, 0.00257255299948, 0.000695373048075, 0.000951782567427, 0.000516002415679, 0.000252805592027, 0.000245458795689, 0.000824003771413, 0.000627380504739, 0.000236318010138, 0.000106942316052, 9.87578168861e-05, 0.000102697536931, 7.88684992585e-05, 6.81378660374e-05, 6.85479753884e-05, 0.000106758161564, 9.70391411101e-05, 4.57978349004e-05, 2.84843554255e-06],
        "median": [0.000372486014385, 0.00805829558522, 0.00106984435115, 0.000363103055861, 0.000917350698728, 0.000796486798208, 0.000370670459233, 0.000416781782405, 0.00109205313493, 0.000289796094876, 0.000246473035077, 0.000231973725022, 9.54551942414e-05, 0.00012618128676, 0.000135618902277, 0.00010004935757, 7.75732187321e-05, 4.28435996582e-05, 3.49706861016e-05, 2.92882614303e-05, 2.62631219812e-05, 2.50510220212e-05, 2.20359215746e-05, 3.02604075841e-05, 2.39200871874e-05, 1.03302718344e-05, 2.64052914645e-07],
        "min": [4.74686518424e-24, 7.36513752158e-24, 4.70176182532e-23, 4.20242549409e-23, 2.40116795547e-23, 9.57188234504e-23, 2.65648468071e-23, 1.06736903667e-23, 3.85175662688e-23, 3.67927061223e-23, 6.57217943059e-23, 5.56752720247e-23, 2.95520674177e-23, 1.73762858599e-22, 8.54954196215e-23, 2.28010790945e-22, 1.25650370829e-22, 1.75970558417e-22, 3.43028982846e-22, 4.82128409745e-22, 5.40795932157e-22, 6.86957797238e-22, 6.05774846682e-22, 1.13949632473e-21, 1.23136072962e-21, 1.40521729227e-21, 2.43602347796e-21],
        "stdev": [0.00128247612156, 0.0110418172553, 0.00376372318715, 0.00224251905456, 0.00277850893326, 0.00284427404404, 0.00101908936631, 0.00492572365329, 0.0052668005228, 0.00140808825381, 0.00363414478488, 0.00126970210113, 0.000632635899819, 0.000418223266024, 0.00207790359855, 0.00150488654617, 0.000451756990515, 0.000208952682442, 0.000201635048143, 0.000260025466559, 0.000158416092745, 0.000118102056149, 0.000140523348819, 0.000257002247963, 0.000273440615274, 9.0768939117e-05, 1.26259556055e-05],
        "var": [1.64474499798e-06, 0.000121921737446, 1.41656119013e-05, 5.02889179188e-06, 7.72011208028e-06, 8.08989443613e-06, 1.03854301869e-06, 2.42627556872e-05, 2.77391864074e-05, 1.98271254703e-06, 1.32070081236e-05, 1.61214347827e-06, 4.00228145736e-07, 1.74910695705e-07, 4.31768376075e-06, 2.26468364417e-06, 2.04084386723e-07, 4.36612239696e-08, 4.06566904587e-08, 6.7613235899e-08, 2.50956606607e-08, 1.39480951233e-08, 1.97468104091e-08, 6.60501555672e-08, 7.47697654901e-08, 8.23900059288e-09, 1.59414759171e-10]
    },
    "erbbands": {
        "dmean": [0.176378905773, 0.923690021038, 1.16903889179, 2.08556962013, 2.77524256706, 3.63177800179, 7.01411390305, 7.9005651474, 5.63514375687, 14.6781730652, 34.5882797241, 32.3111038208, 15.3536186218, 18.8473834991, 16.3409938812, 12.2897539139, 8.97321605682, 6.38109827042, 10.2259302139, 24.6176872253, 15.7554998398, 7.47207736969, 3.87081098557, 3.16728425026, 3.68230438232, 2.86278223991, 2.54650020599, 2.11495614052, 1.85396063328, 1.79181706905, 1.76170837879, 1.64529955387, 1.73957908154, 0.988382697105, 0.554507255554, 0.220088973641, 0.0614113248885, 0.0108018163592, 0.000313557393383, 1.48752742462e-05],
        "dmean2": [0.295767962933, 1.44380784035, 1.8305157423, 3.43214178085, 4.42264032364, 5.82893133163, 10.929400444, 12.5019521713, 8.83377552032, 23.2282142639, 54.2984313965, 47.001247406, 23.0901069641, 27.3044242859, 22.8402194977, 18.434211731, 13.3090934753, 9.7969121933, 14.8569288254, 34.1613883972, 21.8600177765, 10.8032808304, 5.69771575928, 4.65774869919, 5.68132162094, 4.37387561798, 4.05166339874, 3.28959417343, 2.91296696663, 2.89035868645, 2.84992241859, 2.6576795578, 2.86787867546, 1.59291827679, 0.8981372118, 0.354603260756, 0.099996201694, 0.0177052821964, 0.000515180756338, 2.19546745939e-05],
        "dvar": [0.0676819980145, 1.44420838356, 4.08070230484, 14.8564872742, 36.5013046265, 61.9958343506, 180.672897339, 320.506561279, 93.4875183105, 1318.42236328, 7257.07421875, 7689.84033203, 880.772460938, 3444.09375, 3061.5078125, 1468.98413086, 753.592651367, 164.317352295, 857.857971191, 4431.31933594, 1593.66430664, 249.722473145, 83.6529846191, 46.7331314087, 128.937179565, 58.3594398499, 25.2676181793, 25.3915138245, 13.5923233032, 15.0443248749, 17.3188095093, 16.5389556885, 26.0638275146, 10.2726449966, 3.92057418823, 0.221806168556, 0.0153256803751, 0.00156613532454, 1.29307159114e-06, 6.07434658129e-10],
        "dvar2": [0.181106716394, 3.17334222794, 8.63101291656, 37.7410545349, 89.8151168823, 141.293670654, 398.215240479, 710.51739502, 228.624954224, 3094.63623047, 16709.3671875, 16730.3964844, 1786.4831543, 6001.47509766, 4926.08789062, 3516.84619141, 1639.73083496, 340.351318359, 1802.48706055, 8456.69433594, 2831.29199219, 469.945251465, 185.000320435, 99.190574646, 299.256713867, 164.390365601, 62.7422599792, 49.3780860901, 33.5574455261, 37.454372406, 43.9596710205, 42.5445976257, 71.0802154541, 27.8671627045, 10.9494781494, 0.511378586292, 0.0353940539062, 0.00415448611602, 3.38905147146e-06, 1.42235323519e-09],
        "max": [2.22434139252, 15.2939395905, 41.8073425293, 58.5073432922, 97.6441650391, 133.100982666, 234.294387817, 324.867980957, 108.488761902, 580.701965332, 1379.02124023, 1566.43725586, 535.657958984, 1310.24353027, 1208.85620117, 580.094909668, 645.41217041, 194.960861206, 692.356933594, 1419.46911621, 653.491088867, 263.688171387, 183.656280518, 130.131881714, 228.98614502, 140.857421875, 76.1690597534, 117.469337463, 39.6252593994, 55.8086051941, 66.8062286377, 72.2675704956, 89.3143463135, 57.196018219, 39.4999008179, 9.30490589142, 1.59076702595, 0.961508572102, 0.0231732819229, 0.000531420402694],
        "mean": [0.345742881298, 2.42935228348, 3.03552603722, 3.17184710503, 4.05978155136, 6.41441202164, 11.7258462906, 13.4637851715, 9.34949111938, 23.6634807587, 58.0361328125, 54.142490387, 27.7155361176, 33.2243614197, 26.9483642578, 18.8938179016, 13.3232984543, 10.7431344986, 18.3922328949, 51.3901824951, 37.0021133423, 15.4736967087, 6.77911615372, 4.96465110779, 5.57532405853, 4.66614437103, 3.40755391121, 2.9474158287, 2.44989061356, 2.16994047165, 1.98781716824, 1.94553172588, 1.91041886806, 1.15971374512, 0.654211163521, 0.263531923294, 0.0702100247145, 0.0116405002773, 0.000336168537615, 4.40972507931e-05],
        "median": [0.241790518165, 1.5556883812, 1.94858014584, 1.36930584908, 1.70879626274, 3.19631147385, 6.59492874146, 5.82929563522, 5.00587940216, 6.67183256149, 15.5125055313, 22.0245018005, 15.532705307, 13.55564785, 10.459523201, 8.84949207306, 5.86247968674, 5.81931209564, 6.3287525177, 7.66951274872, 5.61122369766, 5.02194929123, 2.79161787033, 1.98530769348, 1.70998442173, 1.39441561699, 1.20114326477, 0.954657435417, 0.88776665926, 0.767760932446, 0.600240051746, 0.579982638359, 0.478158980608, 0.279574066401, 0.163776308298, 0.0639535561204, 0.0156506393105, 0.00189893890638, 6.62790698698e-05, 3.78169861506e-05],
        "min": [3.11897224621e-22, 2.16875043605e-21, 3.55983315843e-20, 1.36038614679e-19, 6.20995440493e-20, 6.32162055645e-20, 1.81264999014e-19, 1.11137702016e-18, 7.48070971624e-19, 2.10712964863e-19, 2.35723468617e-19, 8.68926970503e-19, 8.5908879449e-19, 1.85852904582e-18, 3.2399243911e-18, 1.64849227526e-18, 1.64214521502e-18, 8.36249241763e-18, 5.23879000452e-18, 5.64334212183e-18, 1.2807167941e-17, 8.83104887561e-18, 1.08449565617e-17, 1.42044910625e-17, 1.96621377543e-17, 1.93535348657e-17, 1.77475719783e-17, 2.69980353388e-17, 2.75899955637e-17, 1.89919229348e-17, 1.71546042474e-17, 2.13423318299e-17, 2.02386694064e-17, 1.11582470828e-17, 9.19992262515e-18, 5.04472226587e-18, 2.93645022912e-18, 1.21216732344e-18, 3.14757706864e-19, 3.54541985938e-20],
        "stdev": [0.353032588959, 2.55261921883, 3.79381966591, 5.49260759354, 8.03734874725, 10.584731102, 18.3386192322, 26.4390716553, 12.6099653244, 45.031627655, 112.767967224, 123.348129272, 39.3712158203, 96.9006652832, 84.6019515991, 49.0102310181, 32.3771095276, 18.4600753784, 39.3509178162, 129.761993408, 90.2990264893, 29.0967788696, 12.8595314026, 9.37796497345, 13.9305276871, 9.96572208405, 6.33879137039, 6.81038618088, 4.07561445236, 4.10472631454, 4.23336172104, 4.29141712189, 5.09184265137, 3.18263077736, 1.83938968182, 0.542466342449, 0.140414461493, 0.0376604683697, 0.00108816009015, 3.51070266333e-05],
        "var": [0.124632015824, 6.51586532593, 14.3930673599, 30.1687393188, 64.5989761353, 112.036529541, 336.304931641, 699.024475098, 159.011230469, 2027.84765625, 12716.6152344, 15214.7607422, 1550.0925293, 9389.73828125, 7157.49023438, 2402.00292969, 1048.27722168, 340.774414062, 1548.49475098, 16838.1738281, 8153.91357422, 846.622558594, 165.367538452, 87.9462280273, 194.05960083, 99.315612793, 40.1802749634, 46.381362915, 16.6106319427, 16.848777771, 17.9213523865, 18.4162597656, 25.9268627167, 10.1291379929, 3.38335442543, 0.294269740582, 0.0197162199765, 0.00141831079964, 1.18409241168e-06, 1.23250343265e-09]
    },
    "gfcc": {
        "mean": [-11.3306341171, 102.368644714, -96.4399795532, 20.1212558746, -52.2871398926, 24.9768161774, -34.2195587158, 22.3982086182, -15.4245576859, 7.60453987122, -18.274394989, 3.42170619965, -4.04586029053],
        "cov": [[6201.15185547, -1522.10241699, -538.767150879, 39.5349769592, -513.038085938, 98.7298736572, -349.527282715, 302.223693848, -173.927856445, 180.995346069, -256.851165771, 109.712844849, -114.239257812], [-1522.10241699, 1323.3314209, 12.901550293, 18.007982254, 356.766967773, -97.6030197144, 202.377563477, -55.1416244507, 176.194595337, -95.9499816895, 143.273178101, -108.899803162, 112.226783752], [-538.767150879, 12.901550293, 819.103881836, 126.353050232, 40.9620246887, 104.202438354, 11.2269201279, -69.8057785034, -36.7653007507, 2.65095734596, 56.2672805786, 43.5881156921, -94.1033477783], [39.5349769592, 18.007982254, 126.353050232, 199.510055542, 69.6770858765, 46.1619338989, 39.1479187012, 27.3801860809, 39.0248451233, 4.20821380615, 10.1859674454, -10.2077159882, 13.7167367935], [-513.038085938, 356.766967773, 40.9620246887, 69.6770858765, 275.394195557, 30.0903644562, 103.838783264, 30.9993133545, 91.7780303955, -10.0519075394, 31.9622173309, -37.5660057068, 59.0154724121], [98.7298736572, -97.6030197144, 104.202438354, 46.1619338989, 30.0903644562, 162.9506073, 83.8956832886, 16.2187213898, -19.9741210938, 18.1286659241, 20.2071094513, 29.9499664307, -6.52312994003], [-349.527282715, 202.377563477, 11.2269201279, 39.1479187012, 103.838783264, 83.8956832886, 228.584945679, 23.5912780762, 10.28282547, 1.3306658268, 55.3143005371, -4.04027318954, 22.0901985168], [302.223693848, -55.1416244507, -69.8057785034, 27.3801860809, 30.9993133545, 16.2187213898, 23.5912780762, 124.645767212, 74.5322799683, 25.061208725, -21.8830623627, -15.0963182449, 17.0821647644], [-173.927856445, 176.194595337, -36.7653007507, 39.0248451233, 91.7780303955, -19.9741210938, 10.28282547, 74.5322799683, 175.592269897, 10.147313118, -3.69400024414, -37.6854820251, 39.9805717468], [180.995346069, -95.9499816895, 2.65095734596, 4.20821380615, -10.0519075394, 18.1286659241, 1.3306658268, 25.061208725, 10.147313118, 67.6544113159, 7.43449449539, 11.0702161789, -1.70947289467], [-256.851165771, 143.273178101, 56.2672805786, 10.1859674454, 31.9622173309, 20.2071094513, 55.3143005371, -21.8830623627, -3.69400024414, 7.43449449539, 92.4811859131, 18.0197753906, 8.86967945099], [109.712844849, -108.899803162, 43.5881156921, -10.2077159882, -37.5660057068, 29.9499664307, -4.04027318954, -15.0963182449, -37.6854820251, 11.0702161789, 18.0197753906, 88.1052322388, 2.31618833542], [-114.239257812, 112.226783752, -94.1033477783, 13.7167367935, 59.0154724121, -6.52312994003, 22.0901985168, 17.0821647644, 39.9805717468, -1.70947289467, 8.86967945099, 2.31618833542, 96.9063796997]],
        "icov": [[0.00036645430373, -0.000120718126709, 0.000312440504786, -0.000453998742159, 0.000390163768316, -0.000481381779537, 0.000656934338622, -0.00113959866576, 0.000718084105756, -0.000630448805168, 0.00048795240582, -0.000371210742742, 0.000377417949494], [-0.000120718126709, 0.00297134160064, -0.000380695826607, 0.00105379126035, -0.00218320824206, 0.00236377725378, -0.0020338234026, 0.00246171327308, -0.00245834165253, 0.00303660077043, -0.00340231927112, 0.00202327687293, -0.00125304074027], [0.000312440504786, -0.000380695826607, 0.00230605015531, -0.00167835573666, -0.000142687465996, -0.0015515537234, 0.00132346455939, 3.62393257092e-05, 0.000449478131486, -0.000761462899391, -6.55262338114e-05, -0.00143376900814, 0.00280188955367], [-0.000453998742159, 0.00105379126035, -0.00167835573666, 0.00752734439448, -0.00171523797326, 8.80374354892e-05, -0.00148195179645, 0.00084820803022, -0.00206391420215, 0.00180795718916, -0.00146937090904, 0.00213597458787, -0.00224523595534], [0.000390163768316, -0.00218320824206, -0.000142687465996, -0.00171523797326, 0.0084512680769, -0.00248863431625, -0.000165739736985, -0.00226661143824, -0.000100150966318, -0.00161720172036, 0.00214289524592, 0.000515088322572, -0.00198008795269], [-0.000481381779537, 0.00236377725378, -0.0015515537234, 8.80374354892e-05, -0.00248863431625, 0.0122323669493, -0.00568910455331, 0.00136592146009, -0.000890454219189, 0.0011565326713, -0.00199673813768, -0.00104312004987, -0.000833583762869], [0.000656934338622, -0.0020338234026, 0.00132346455939, -0.00148195179645, -0.000165739736985, -0.00568910455331, 0.0100496197119, -0.00502213416621, 0.00390601274557, -0.0017524153227, -0.00129300612025, -0.000576896767598, 0.00142687023617], [-0.00113959866576, 0.00246171327308, 3.62393257092e-05, 0.00084820803022, -0.00226661143824, 0.00136592146009, -0.00502213416621, 0.0193016361445, -0.00960296858102, -0.000231288664509, 0.000305257854052, 0.00207857880741, -0.00118428911082], [0.000718084105756, -0.00245834165253, 0.000449478131486, -0.00206391420215, -0.000100150966318, -0.000890454219189, 0.00390601274557, -0.00960296858102, 0.0137383351102, -0.00397355016321, 0.0022501652129, 0.00033394197817, -0.000726488477085], [-0.000630448805168, 0.00303660077043, -0.000761462899391, 0.00180795718916, -0.00161720172036, 0.0011565326713, -0.0017524153227, -0.000231288664509, -0.00397355016321, 0.0214245989919, -0.00685140118003, 0.000961322104558, -0.00113084889017], [0.00048795240582, -0.00340231927112, -6.55262338114e-05, -0.00146937090904, 0.00214289524592, -0.00199673813768, -0.00129300612025, 0.000305257854052, 0.0022501652129, -0.00685140118003, 0.0198479536921, -0.00562059460208, 0.000729786290321], [-0.000371210742742, 0.00202327687293, -0.00143376900814, 0.00213597458787, 0.000515088322572, -0.00104312004987, -0.000576896767598, 0.00207857880741, 0.00033394197817, 0.000961322104558, -0.00562059460208, 0.0174799915403, -0.00511835375801], [0.000377417949494, -0.00125304074027, 0.00280188955367, -0.00224523595534, -0.00198008795269, -0.000833583762869, 0.00142687023617, -0.00118428911082, -0.000726488477085, -0.00113084889017, 0.000729786290321, -0.00511835375801, 0.0166225191206]]
    },
    "melbands": {
        "dmean": [0.00142088555731, 0.000743212003727, 0.000359367142664, 0.000208748955629, 0.000220847068704, 0.000176811940037, 8.66074915393e-05, 0.000197333632968, 0.000310253119096, 0.000190125167137, 7.77209788794e-05, 7.68761165091e-05, 7.1149544965e-05, 3.49581860064e-05, 3.03067699861e-05, 1.51432832354e-05, 1.27254734252e-05, 1.62860596902e-05, 3.61030870408e-05, 2.49805761996e-05, 1.79826965905e-05, 8.71780957823e-06, 4.4857292778e-06, 3.35857885148e-06, 2.59255421042e-06, 2.67760833594e-06, 2.7815995054e-06, 1.82885025879e-06, 1.76332991941e-06, 1.36690243835e-06, 1.26744077988e-06, 1.10688563382e-06, 1.01916782569e-06, 1.00723514151e-06, 1.0362886087e-06, 9.47714624999e-07, 1.05871674805e-06, 1.32171658151e-06, 1.06656204935e-06, 7.70006693074e-07],
        "dmean2": [0.00232350942679, 0.00114945985842, 0.000586897833273, 0.000330690818373, 0.000344002532074, 0.000279654515907, 0.000135128837428, 0.000313818542054, 0.00048069760669, 0.000275375903584, 0.000118153220683, 0.000111761175503, 9.67457235674e-05, 5.47843083041e-05, 4.47747588623e-05, 2.33457467402e-05, 1.9713465008e-05, 2.47655389103e-05, 4.96591928822e-05, 3.55995689461e-05, 2.55040522461e-05, 1.29608706629e-05, 6.3198931457e-06, 5.15263536727e-06, 3.87656382372e-06, 4.16281591242e-06, 4.29072952102e-06, 2.87520083475e-06, 2.84079351331e-06, 2.1686303171e-06, 2.02306614483e-06, 1.76180913058e-06, 1.6317931113e-06, 1.63746744875e-06, 1.71613100974e-06, 1.55025861659e-06, 1.73520129465e-06, 2.1813582407e-06, 1.75492800736e-06, 1.23869074287e-06],
        "dvar": [3.73255988961e-06, 1.06534980659e-06, 4.21636116243e-07, 2.11919228832e-07, 1.53487448529e-07, 1.41103683404e-07, 2.14092583661e-08, 2.65557304147e-07, 5.76179502332e-07, 2.52914389876e-07, 2.3344073341e-08, 5.17840881287e-08, 6.70552111615e-08, 1.13619584852e-08, 7.508057287e-09, 2.2782820075e-09, 6.46726672215e-10, 1.94095228778e-09, 9.59766222053e-09, 6.14087225514e-09, 2.05640149353e-09, 3.77475023461e-10, 1.05783930227e-10, 7.94081189692e-11, 3.17188601773e-11, 4.2683356849e-11, 1.10456102598e-10, 2.21815239787e-11, 1.44869862634e-11, 9.30047965725e-12, 1.0514214499e-11, 5.9281737505e-12, 4.14144152999e-12, 5.07690157275e-12, 6.52324548545e-12, 4.7563359501e-12, 7.75683163534e-12, 1.51935599518e-11, 1.29116474457e-11, 5.99005133689e-12],
        "dvar2": [9.49117657001e-06, 2.14150782085e-06, 1.06988272819e-06, 4.50732272839e-07, 3.33243036721e-07, 3.14746785079e-07, 5.35496624821e-08, 6.0934934254e-07, 1.3276143136e-06, 5.38541428341e-07, 4.6995634051e-08, 9.04566732629e-08, 9.13792561619e-08, 2.79957070859e-08, 1.60550577277e-08, 5.15919929001e-09, 1.36657940519e-09, 4.43557990337e-09, 1.80442363273e-08, 1.36759865654e-08, 3.83314802122e-09, 7.87806875291e-10, 1.98129124218e-10, 1.88289731029e-10, 6.73486474922e-11, 9.64538796056e-11, 2.62920935024e-10, 6.56897244933e-11, 3.64987554069e-11, 2.16114383333e-11, 2.20758272773e-11, 1.49845240383e-11, 1.06627501967e-11, 1.23820866754e-11, 1.6930427546e-11, 1.19381579275e-11, 2.00480725771e-11, 4.15127793252e-11, 3.57515371474e-11, 1.62023137962e-11],
        "max": [0.0169416666031, 0.0149637395516, 0.00845438148826, 0.00789721403271, 0.00717965466902, 0.00647105742246, 0.00173723872285, 0.00692965695634, 0.0130306473002, 0.0103093702346, 0.00307891191915, 0.0048561678268, 0.00569180492312, 0.00164142157882, 0.00218122522347, 0.000956239702646, 0.000419641030021, 0.000867445545737, 0.00177327543497, 0.00155146105681, 0.000815289851744, 0.000326688576024, 0.000240697860136, 0.00017663250037, 0.000104654856841, 0.000114988448331, 0.000228182179853, 8.67317794473e-05, 7.14494235581e-05, 6.51598238619e-05, 6.00819694228e-05, 3.10787181661e-05, 2.31464109675e-05, 4.0419803554e-05, 4.46835874754e-05, 2.89308009087e-05, 5.03349947394e-05, 6.13807351328e-05, 7.57733578212e-05, 4.41708070866e-05],
        "mean": [0.0032036874909, 0.00215329416096, 0.000572278979234, 0.000359821744496, 0.000392602931242, 0.000304833403789, 0.00014287304657, 0.000317960191751, 0.000516540079843, 0.000314554141369, 0.000132545799715, 0.000132698289235, 0.000114436494187, 5.43479873159e-05, 4.58103058918e-05, 2.04878379009e-05, 2.01938255486e-05, 2.31572012126e-05, 6.9342313509e-05, 5.05422831338e-05, 4.01405559387e-05, 1.63094846357e-05, 7.5971647675e-06, 4.95193717143e-06, 3.85907105738e-06, 3.7638642425e-06, 4.25192502007e-06, 2.7734588457e-06, 2.20865922529e-06, 1.80722429377e-06, 1.66410040947e-06, 1.41531222653e-06, 1.24043549476e-06, 1.18130537885e-06, 1.11262306746e-06, 1.10928169761e-06, 1.22845472106e-06, 1.41675093346e-06, 1.14415013286e-06, 9.18053217447e-07],
        "median": [0.00232674577273, 0.00149384886026, 0.000266970717348, 0.000184669770533, 0.000236998908804, 0.000140815667692, 7.42902993807e-05, 6.25614848104e-05, 0.000140814445331, 0.000130089261802, 7.04111589584e-05, 5.30255965714e-05, 3.84041122743e-05, 1.78193859028e-05, 1.69950326381e-05, 8.04511819297e-06, 1.04928285509e-05, 8.5898764155e-06, 1.06063498606e-05, 7.27054157323e-06, 5.95109304413e-06, 5.07586219101e-06, 3.0295493616e-06, 1.9457891085e-06, 1.49824916207e-06, 1.25818223751e-06, 1.08754102257e-06, 8.48168610901e-07, 7.14215559583e-07, 5.39554889656e-07, 5.02974558003e-07, 4.77626940665e-07, 4.29138708569e-07, 4.05238893109e-07, 3.18584369552e-07, 3.00023714317e-07, 3.4723930753e-07, 3.53944983544e-07, 2.42810898499e-07, 2.18506926331e-07],
        "min": [2.9939484108e-24, 1.46474919798e-23, 1.96116895267e-23, 4.19635229064e-24, 5.47045455487e-24, 2.27251610143e-23, 1.05352121457e-23, 2.13012067325e-24, 2.18012222729e-24, 5.94599134702e-24, 4.56484933542e-24, 7.45568376515e-24, 9.53503275889e-24, 7.80663220466e-24, 2.43952040053e-24, 4.2717831704e-24, 1.77224702106e-23, 8.44506837931e-24, 5.96939527235e-24, 9.98379206204e-24, 1.6430910849e-23, 8.89843226357e-24, 8.22130246152e-24, 9.19465268892e-24, 1.17865758887e-23, 1.09457495603e-23, 2.00984387933e-23, 1.06947032546e-23, 1.17499924643e-23, 1.0965288856e-23, 1.64175128354e-23, 1.49315529031e-23, 1.3400238202e-23, 9.70051921072e-24, 9.16777619788e-24, 1.02894953843e-23, 1.46328475659e-23, 1.41018274253e-23, 1.15339755271e-23, 9.41643856584e-24],
        "stdev": [0.00307999155484, 0.00218686810695, 0.000919785175938, 0.00063986243913, 0.000553717312869, 0.000556426588446, 0.000189069207408, 0.000690369168296, 0.000992502551526, 0.000707701314241, 0.000200271577341, 0.000369118322851, 0.00041434407467, 0.000145237572724, 0.000113776120997, 5.27286392753e-05, 3.64850639016e-05, 5.06660653627e-05, 0.000177583118784, 0.000122916375403, 0.000100795936305, 3.23336498695e-05, 1.5193722902e-05, 1.0733824638e-05, 7.5854577517e-06, 7.8582943388e-06, 1.3442274394e-05, 5.61767001273e-06, 4.49126309832e-06, 3.97434996557e-06, 4.07167226513e-06, 2.55905274571e-06, 2.11911378756e-06, 2.41373186327e-06, 2.47640468842e-06, 2.33692935581e-06, 2.88358364742e-06, 3.86922101825e-06, 3.38240579367e-06, 2.46643980972e-06],
        "var": [9.48634806264e-06, 4.78239235235e-06, 8.46004752475e-07, 4.09423904557e-07, 3.06602885303e-07, 3.09610527438e-07, 3.57471634516e-08, 4.76609557154e-07, 9.85061205938e-07, 5.0084116765e-07, 4.010870569e-08, 1.36248331728e-07, 1.71681008965e-07, 2.10939514744e-08, 1.29450050679e-08, 2.78030953815e-09, 1.33115984902e-09, 2.56705035007e-09, 3.15357659986e-08, 1.51084353917e-08, 1.01598205404e-08, 1.04546482582e-09, 2.30849228622e-10, 1.15214990326e-10, 5.75391678748e-11, 6.17527903812e-11, 1.80694736951e-10, 3.15582143751e-11, 2.01714426412e-11, 1.57954569563e-11, 1.65785163375e-11, 6.54875112471e-12, 4.49064310043e-12, 5.82610132013e-12, 6.13258055449e-12, 5.46123909984e-12, 8.31505524157e-12, 1.49708717645e-11, 1.14406695922e-11, 6.08332481611e-12]
    },
    "melbands128": {
