{
"lowlevel": {
    "average_loudness": 0.921698570251,
    "barkbands_crest": {
        "dmean": 2.27663230896,
        "dmean2": 3.48965644836,
        "dvar": 7.64086008072,
        "dvar2": 16.3617210388,
        "max": 26.1709194183,
        "mean": 13.7095279694,
        "median": 13.8624610901,
        "min": 2.78212928772,
        "stdev": 4.82175922394,
        "var": 23.2493610382
    },
    "barkbands_flatness_db": {
        "dmean": 0.0268829148263,
        "dmean2": 0.0385742522776,
        "dvar": 0.00114344153553,
        "dvar2": 0.0022896900773,
        "max": 0.547237157822,
        "mean": 0.191653966904,
        "median": 0.181052431464,
        "min": 0.0523084774613,
        "stdev": 0.070332787931,
        "var": 0.00494670122862
    },
    "barkbands_kurtosis": {
        "dmean": 6.74478197098,
        "dmean2": 10.5267353058,
        "dvar": 208.548095703,
        "dvar2": 530.134094238,
        "max": 173.331604004,
        "mean": 11.5783872604,
        "median": 5.92027521133,
        "min": -1.87998640537,
        "stdev": 17.2781944275,
        "var": 298.536010742
    },
    "barkbands_skewness": {
        "dmean": 0.719649195671,
        "dmean2": 1.06688249111,
        "dvar": 0.944842338562,
        "dvar2": 2.15642023087,
        "max": 11.6477813721,
        "mean": 2.63066625595,
        "median": 2.3797647953,
        "min": -4.06493616104,
        "stdev": 1.65762317181,
        "var": 2.7477145195
    },
    "barkbands_spread": {
        "dmean": 6.42950105667,
        "dmean2": 9.73697662354,
        "dvar": 81.2698974609,
        "dvar2": 188.181488037,
        "max": 81.1643447876,
        "mean": 19.0064144135,
        "median": 16.75116539,
        "min": 0.443483769894,
        "stdev": 13.0405349731,
        "var": 170.055557251
    },
    "dissonance": {
        "dmean": 0.0257934723049,
        "dmean2": 0.0426196344197,
        "dvar": 0.000626537948847,
        "dvar2": 0.00167105183937,
        "max": 0.498488754034,
        "mean": 0.441034048796,
        "median": 0.448750287294,
        "min": 0.105598323047,
        "stdev": 0.0377027653158,
        "var": 0.00142149848398
    },
    "dynamic_complexity": 1.46085512638,
    "erbbands_crest": {
        "dmean": 2.6106595993,
        "dmean2": 4.2180762291,
        "dvar": 6.13135910034,
        "dvar2": 15.0698289871,
        "max": 27.2824764252,
        "mean": 9.0417766571,
        "median": 8.3793964386,
        "min": 2.36663269997,
        "stdev": 3.72420406342,
        "var": 13.8696956635
    },
    "erbbands_flatness_db": {
        "dmean": 0.0177395753562,
        "dmean2": 0.0265528168529,
        "dvar": 0.000460909999674,
        "dvar2": 0.000963669735938,
        "max": 0.449201226234,
        "mean": 0.15181492269,
        "median": 0.142003640532,
        "min": 0.0534795187414,
        "stdev": 0.0580818168819,
        "var": 0.0033734976314
    },
    "erbbands_kurtosis": {
        "dmean": 1.02950179577,
        "dmean2": 1.64230334759,
        "dvar": 2.96029901505,
        "dvar2": 7.15638065338,
        "max": 17.1232414246,
        "mean": 0.555963516235,
        "median": 0.140626072884,
        "min": -1.81455206871,
        "stdev": 1.99993872643,
        "var": 3.99975514412
    },
    "erbbands_skewness": {
        "dmean": 0.394339352846,
        "dmean2": 0.578878581524,
        "dvar": 0.21067251265,
        "dvar2": 0.461296826601,
        "max": 4.06861019135,
        "mean": 0.552594363689,
        "median": 0.588254332542,
        "min": -2.78471779823,
        "stdev": 0.740295231342,
        "var": 0.54803699255
    },
    "erbbands_spread": {
        "dmean": 13.2175359726,
        "dmean2": 20.1629676819,
        "dvar": 245.744338989,
        "dvar2": 562.499206543,
        "max": 185.488998413,
        "mean": 50.528339386,
        "median": 44.7097625732,
        "min": 2.78443336487,
        "stdev": 26.2424221039,
        "var": 688.664672852
    },
    "hfc": {
        "dmean": 12.8298511505,
        "dmean2": 20.2994022369,
        "dvar": 468.049255371,
        "dvar2": 1133.60791016,
        "max": 249.410827637,
        "mean": 32.8110809326,
        "median": 31.081193924,
        "min": 0.000167000995134,
        "stdev": 24.181722641,
        "var": 584.75567627
    },
    "loudness_ebu128": {
        "integrated": -8.18734836578,
        "loudness_range": 2.21775960922,
        "momentary": {
            "dmean": 0.488838672638,
            "dmean2": 0.5741340518,
            "dvar": 0.171754851937,
            "dvar2": 0.233233422041,
            "max": -5.89797592163,
            "mean": -8.43914699554,
            "median": -8.11608695984,
            "min": -15.0937480927,
            "stdev": 1.56519281864,
            "var": 2.44982838631
        },
        "short_term": {
            "dmean": 0.068244330585,
            "dmean2": 0.063543625176,
            "dvar": 0.00308350333944,
            "dvar2": 0.00257900659926,
            "max": -6.89139938354,
            "mean": -8.21671962738,
            "median": -8.09349727631,
            "min": -10.2705078125,
            "stdev": 0.770823657513,
            "var": 0.594169139862
        }
    },
    "melbands_crest": {
        "dmean": 2.80532574654,
        "dmean2": 4.22047233582,
        "dvar": 11.8338804245,
        "dvar2": 27.4343910217,
        "max": 37.5172386169,
        "mean": 22.8561191559,
        "median": 24.7480583191,
        "min": 4.08718252182,
        "stdev": 8.69209766388,
        "var": 75.5525588989
    },
    "melbands_flatness_db": {
        "dmean": 0.0305765047669,
        "dmean2": 0.0423574261367,
        "dvar": 0.00158369028941,
        "dvar2": 0.003015833674,
        "max": 0.726801633835,
        "mean": 0.252860784531,
        "median": 0.247071444988,
        "min": 0.0597797445953,
        "stdev": 0.0983587279916,
        "var": 0.00967443920672
    },
    "melbands_kurtosis": {
        "dmean": 18.7093353271,
        "dmean2": 29.283203125,
        "dvar": 1407.09619141,
        "dvar2": 3453.81494141,
        "max": 556.00177002,
        "mean": 36.4689254761,
        "median": 18.2991905212,
        "min": -1.12595963478,
        "stdev": 52.5523414612,
        "var": 2761.7487793
    },
    "melbands_skewness": {
        "dmean": 1.07909858227,
        "dmean2": 1.62149429321,
        "dvar": 2.06094551086,
        "dvar2": 4.54738521576,
        "max": 21.0875988007,
        "mean": 4.27047872543,
        "median": 3.69748735428,
        "min": -0.808148682117,
        "stdev": 2.69563746452,
        "var": 7.26646184921
    },
    "melbands_spread": {
        "dmean": 5.86517810822,
        "dmean2": 8.864610672,
        "dvar": 128.738006592,
        "dvar2": 283.970001221,
        "max": 220.365081787,
        "mean": 16.462928772,
        "median": 13.1122074127,
        "min": 0.246512249112,
        "stdev": 15.8497848511,
        "var": 251.215682983
    },
    "pitch_salience": {
        "dmean": 0.0698334798217,
        "dmean2": 0.10883077234,
        "dvar": 0.0070884260349,
        "dvar2": 0.0167953073978,
        "max": 0.853759288788,
        "mean": 0.430880099535,
        "median": 0.398681014776,
        "min": 0.121699631214,
        "stdev": 0.165133550763,
        "var": 0.0272690914571
    },
    "silence_rate_20dB": {
        "dmean": 0,
        "dmean2": 0,
        "dvar": 0,
        "dvar2": 0,
        "max": 1,
        "mean": 1,
        "median": 1,
        "min": 1,
        "stdev": 0,
        "var": 0
    },
    "silence_rate_30dB": {
        "dmean": 0.0773395225406,
        "dmean2": 0.154024764895,
        "dvar": 0.0713581964374,
        "dvar2": 0.158166721463,
        "max": 1,
        "mean": 0.566460609436,
        "median": 1,
        "min": 0,
        "stdev": 0.495565235615,
        "var": 0.245584905148
    },
    "silence_rate_60dB": {
        "dmean": 0.00541376648471,
        "dmean2": 0.0100619196892,
        "dvar": 0.00538444472477,
        "dvar2": 0.0130565231666,
        "max": 1,
        "mean": 0.00386398774572,
        "median": 0,
        "min": 0,
        "stdev": 0.0620405785739,
        "var": 0.00384903326631
    },
    "spectral_centroid": {
        "dmean": 267.203918457,
        "dmean2": 391.016082764,
        "dvar": 108694.945312,
        "dvar2": 220967.90625,
        "max": 5369.04980469,
        "mean": 1160.62988281,
        "median": 1142.35571289,
        "min": 170.829605103,
        "stdev": 558.660705566,
        "var": 312101.75
    },
    "spectral_complexity": {
        "dmean": 3.40525913239,
        "dmean2": 5.15944290161,
        "dvar": 17.0947341919,
        "dvar2": 34.0225791931,
        "max": 49,
        "mean": 15.8508501053,
        "median": 16,
        "min": 0,
        "stdev": 6.28227424622,
        "var": 39.4669723511
    },
    "spectral_decrease": {
        "dmean": 3.42682660026e-09,
        "dmean2": 4.86939377708e-09,
        "dvar": 4.25855541876e-17,
        "dvar2": 6.9246147813e-17,
        "max": -4.65854405832e-13,
        "mean": -2.05236538875e-08,
        "median": -1.92711517855e-08,
        "min": -7.65582228723e-08,
        "stdev": 1.56341961599e-08,
        "var": 2.44428112301e-16
    },
    "spectral_energy": {
        "dmean": 0.0135723343119,
        "dmean2": 0.019424021244,
        "dvar": 0.000640015292447,
        "dvar2": 0.00106080051046,
        "max": 0.292116671801,
        "mean": 0.0804371386766,
        "median": 0.0761843770742,
        "min": 1.77339052243e-06,
        "stdev": 0.0597216933966,
        "var": 0.00356668047607
    },
    "spectral_energyband_high": {
        "dmean": 0.00117148156278,
        "dmean2": 0.00191560364328,
        "dvar": 5.15957981406e-06,
        "dvar2": 1.28043384393e-05,
        "max": 0.0240336470306,
        "mean": 0.00175638194196,
        "median": 0.00117410591338,
        "min": 2.41719066985e-09,
        "stdev": 0.00227414863184,
        "var": 5.1717520364e-06
    },
    "spectral_energyband_low": {
        "dmean": 0.00935446098447,
        "dmean2": 0.0121307773516,
        "dvar": 0.000572156859562,
        "dvar2": 0.000823069363832,
        "max": 0.273939579725,
        "mean": 0.0555231496692,
        "median": 0.0475166961551,
        "min": 1.45183662426e-07,
        "stdev": 0.0576648302376,
        "var": 0.00332523277029
    },
    "spectral_energyband_middle_high": {
        "dmean": 0.00208906899206,
        "dmean2": 0.00278914649971,
        "dvar": 6.27804547548e-06,
        "dvar2": 9.53114522417e-06,
        "max": 0.0333951450884,
        "mean": 0.00587271666154,
        "median": 0.00457460805774,
        "min": 1.65945035491e-08,
        "stdev": 0.00525539275259,
        "var": 2.76191531157e-05
    },
    "spectral_energyband_middle_low": {
        "dmean": 0.00727691408247,
        "dmean2": 0.0123056117445,
        "dvar": 0.000270000571618,
        "dvar2": 0.000775097520091,
        "max": 0.145319968462,
        "mean": 0.0173670575023,
        "median": 0.015161507763,
        "min": 1.58483288715e-07,
        "stdev": 0.014151760377,
        "var": 0.000200272319489
    },
    "spectral_entropy": {
        "dmean": 0.258591145277,
        "dmean2": 0.381770074368,
        "dvar": 0.0891848802567,
        "dvar2": 0.203327074647,
        "max": 8.7308177948,
        "mean": 7.45040273666,
        "median": 7.48797130585,
        "min": 4.56582689285,
        "stdev": 0.579889714718,
        "var": 0.336272090673
    },
    "spectral_flux": {
        "dmean": 0.0416931472719,
        "dmean2": 0.0641545131803,
        "dvar": 0.00286149582826,
        "dvar2": 0.00514592044055,
        "max": 0.523039102554,
        "mean": 0.103637509048,
        "median": 0.0837773680687,
        "min": 0.00133168708999,
        "stdev": 0.0799542218447,
        "var": 0.00639267731458
    },
    "spectral_kurtosis": {
        "dmean": 3.04446935654,
        "dmean2": 4.79985237122,
        "dvar": 231.553192139,
        "dvar2": 514.33795166,
        "max": 444.260406494,
        "mean": 8.6761932373,
        "median": 2.33300375938,
        "min": -1.01774454117,
        "stdev": 41.9497184753,
        "var": 1759.77880859
    },
    "spectral_rms": {
        "dmean": 0.00077583064558,
        "dmean2": 0.00110573216807,
        "dvar": 1.59560681823e-06,
        "dvar2": 2.73983664556e-06,
        "max": 0.0168817024678,
        "mean": 0.00818174798042,
        "median": 0.00862120464444,
        "min": 4.15949180024e-05,
        "stdev": 0.00339620490558,
        "var": 1.15342081699e-05
    },
    "spectral_rolloff": {
        "dmean": 490.735107422,
        "dmean2": 836.56237793,
        "dvar": 1524891,
        "dvar2": 3706064,
        "max": 10852.734375,
        "mean": 1045.32629395,
        "median": 516.796875,
        "min": 43.06640625,
        "stdev": 1554.94641113,
        "var": 2417858.25
    },
    "spectral_skewness": {
        "dmean": 0.301679134369,
        "dmean2": 0.46315664053,
        "dvar": 0.336281955242,
        "dvar2": 0.773439884186,
        "max": 16.7965450287,
        "mean": 1.73205208778,
        "median": 1.45329022408,
        "min": -0.389125853777,
        "stdev": 1.83661818504,
        "var": 3.37316656113
    },
    "spectral_spread": {
        "dmean": 986302.9375,
        "dmean2": 1427046,
        "dvar": 1.40360587674e+12,
        "dvar2": 2.99036023194e+12,
        "max": 16403393,
        "mean": 6449284.5,
        "median": 6234354,
        "min": 244601.078125,
        "stdev": 2116391,
        "var": 4.47911087309e+12
    },
    "spectral_strongpeak": {
        "dmean": 0.320791125298,
        "dmean2": 0.532740712166,
        "dvar": 0.409952759743,
        "dvar2": 0.965254247189,
        "max": 7.08000230789,
        "mean": 0.875211596489,
        "median": 0.672819197178,
        "min": 0,
        "stdev": 0.848088562489,
        "var": 0.71925419569
    },
    "zerocrossingrate": {
        "dmean": 0.0118905734271,
        "dmean2": 0.014396738261,
        "dvar": 0.000239777364186,
        "dvar2": 0.000333364354447,
        "max": 0.37744140625,
        "mean": 0.0474904440343,
        "median": 0.03564453125,
        "min": 0.00048828125,
        "stdev": 0.0378159843385,
        "var": 0.00143004860729
    },
    "barkbands": {
        "dmean": [0.0026134068612, 0.00912206340581, 0.00305195059627, 0.00169543270022, 0.00347979017533, 0.00169003079645, 0.000716029375326, 0.0015931520611, 0.000833187950775, 0.000480703020003, 0.000317737081787, 0.000487776153022, 0.000396340561565, 0.000531492463779, 0.000485114695039, 0.000248861120781, 0.000237258194829, 0.000215103849769, 0.000184348522453, 0.000122981800814, 0.000104935184936, 0.000155903631821, 0.000340133643476, 0.00037890044041, 0.000222219299758, 6.80918092257e-05, 2.73428941e-06],
        "dmean2": [0.00393422599882, 0.0120362453163, 0.00560797238722, 0.0031491057016, 0.00577419484034, 0.00269775907509, 0.00115965516306, 0.00236488040537, 0.00122431130148, 0.00065490178531, 0.000443779863417, 0.000684096419718, 0.000576159975026, 0.000774423009716, 0.000737247755751, 0.000372247304767, 0.000355860800482, 0.000315547833452, 0.000270463817287, 0.000193740139366, 0.000168897095136, 0.000248415424721, 0.000562180473935, 0.000624963839073, 0.000364798703231, 0.000113715141197, 4.4924240683e-06],
        "dvar": [3.20822800859e-05, 0.000671239919029, 0.000191845057998, 6.43446619506e-05, 4.75318629469e-05, 1.32474851853e-05, 2.51240362559e-06, 9.43120176089e-06, 2.92995309792e-06, 1.36958396979e-06, 6.40018754439e-07, 8.4630960373e-07, 6.54218922591e-07, 9.75171701612e-07, 9.05023057385e-07, 3.63480950227e-07, 2.39676580804e-07, 1.37183889137e-07, 8.87922269044e-08, 6.55128218341e-08, 9.86620989352e-08, 8.96103529158e-08, 3.63127725223e-07, 3.84264467357e-07, 1.94070125303e-07, 2.10413340085e-08, 6.75649675097e-11],
        "dvar2": [6.95981652825e-05, 0.00101558142342, 0.000557196617592, 0.00019051496929, 0.000132911533001, 3.48463108821e-05, 5.82809934713e-06, 2.06062486541e-05, 6.74212151353e-06, 2.33311379816e-06, 1.06985316961e-06, 1.56171120125e-06, 1.30585692659e-06, 1.9932754185e-06, 2.01448256121e-06, 8.44815019718e-07, 4.91730190788e-07, 2.70860653018e-07, 1.89746501178e-07, 1.61126450848e-07, 2.41667606815e-07, 2.19620787334e-07, 9.4403736739e-07, 9.64314381235e-07, 4.87637180413e-07, 5.15501206166e-08, 1.47653403393e-10],
        "max": [0.0778323560953, 0.253237247467, 0.12461912632, 0.0796122178435, 0.0636030733585, 0.058047875762, 0.0276043806225, 0.0325529389083, 0.0248603448272, 0.0212610960007, 0.0140952812508, 0.0133553342894, 0.00892510917038, 0.0118783712387, 0.00914340745658, 0.00967056117952, 0.00840374827385, 0.00516122300178, 0.00363097246736, 0.00305952201597, 0.0038475592155, 0.00346978614107, 0.00606807041913, 0.00579888699576, 0.00422865571454, 0.00164574861992, 0.000152933745994],
        "mean": [0.0118431756273, 0.0406378358603, 0.00299664610066, 0.00193482404575, 0.00683944206685, 0.00286725023761, 0.00125331245363, 0.00255390675738, 0.00183040939737, 0.000770950515289, 0.000613923068158, 0.000831799057778, 0.000657583586872, 0.000832591147628, 0.000723421631847, 0.00035318301525, 0.000353242707206, 0.000342254090356, 0.000324363674736, 0.000186061763088, 0.000128220490296, 0.000241754372837, 0.000429855979746, 0.000532833102625, 0.000269682088401, 8.50818978506e-05, 3.48750518242e-06],
        "median": [0.00287246098742, 0.0239264015108, 0.000778602960054, 0.00042811332969, 0.00481492374092, 0.00137716368772, 0.00046373825171, 0.000859853054862, 0.000530093675479, 0.000210867088754, 9.18218574952e-05, 0.000239969260292, 0.000220581830945, 0.000277416023891, 0.000176314832061, 0.000133266148623, 0.000101687284769, 0.000135187350679, 0.000158312672284, 9.42211408983e-05, 4.85400632897e-05, 0.000147760380059, 0.000249595788773, 0.000364566920325, 0.000122078985441, 2.42641217483e-05, 2.05549056886e-07],
        "min": [1.68258823541e-10, 1.0701741715e-08, 1.78040977517e-08, 1.256883575e-08, 2.16208828618e-08, 8.73093064513e-09, 1.76376246941e-08, 2.16630251515e-08, 5.81937564803e-09, 9.04394070744e-09, 1.75552683501e-09, 1.10474251969e-09, 1.09113607039e-09, 1.24606125418e-09, 9.45783562578e-10, 7.84218245897e-10, 6.67324751014e-10, 5.6948928906e-10, 5.02488717302e-10, 4.74950079266e-10, 4.14467404841e-10, 3.65150992776e-10, 3.03815611558e-10, 2.92159713089e-10, 2.73584266353e-10, 2.6840227263e-10, 6.90065409328e-12],
        "stdev": [0.0162809621543, 0.0487885661423, 0.0106394113973, 0.00647311937064, 0.00722385058179, 0.00427461043, 0.00210316386074, 0.00413428852335, 0.00302860909142, 0.00172830256633, 0.00139848690014, 0.00145798840094, 0.00115295464639, 0.00145283574238, 0.00132561591454, 0.000701727753039, 0.000633682997432, 0.000537731917575, 0.000422668643296, 0.000285769463517, 0.000303843815345, 0.000321138650179, 0.000597385689616, 0.000647506385576, 0.000438255257905, 0.00017557166575, 1.31273100124e-05],
        "var": [0.000265069742454, 0.00238032429479, 0.000113197071187, 4.19012758357e-05, 5.2184015658e-05, 1.82722942554e-05, 4.42329837824e-06, 1.70923431142e-05, 9.17247234611e-06, 2.9870295748e-06, 1.95576558326e-06, 2.12573013414e-06, 1.32930438212e-06, 2.11073165701e-06, 1.75725756435e-06, 4.92421804665e-07, 4.01554132168e-07, 2.89155622113e-07, 1.78648775773e-07, 8.16641900769e-08, 9.23210663473e-08, 1.03130027185e-07, 3.5686966271e-07, 4.19264551965e-07, 1.92067673765e-07, 3.08254080039e-08, 1.72326264369e-10]
    },
    "erbbands": {
        "dmean": [0.477842241526, 1.71831548214, 3.2058160305, 4.9288482666, 7.27022314072, 13.4608011246, 20.2318267822, 10.9270887375, 9.34434509277, 16.0399589539, 35.2546615601, 17.9124755859, 15.9561948776, 12.9668741226, 14.232126236, 15.4943141937, 16.569770813, 19.5532150269, 28.0220394135, 21.4671497345, 13.576177597, 12.2819576263, 12.3430070877, 7.13420009613, 9.9333782196, 5.68758010864, 4.21558046341, 4.14113664627, 5.64717435837, 6.17787504196, 10.4285230637, 9.71038246155, 5.27743196487, 2.94914984703, 1.37105977535, 0.414259850979, 0.11793487519, 0.0135348141193, 0.000362024176866, 2.73319947155e-05],
        "dmean2": [0.633337914944, 2.22593736649, 5.52643013, 9.08582115173, 12.6509275436, 22.1273994446, 32.809551239, 17.064825058, 15.6359481812, 24.078086853, 53.0232429504, 26.4073619843, 22.0483455658, 17.750125885, 19.2879047394, 21.686460495, 23.3916492462, 27.6105003357, 43.0474281311, 31.922700882, 19.9523658752, 18.0369739532, 17.7418842316, 10.5001430511, 14.6188154221, 8.83739757538, 6.86999464035, 6.65088176727, 8.95095539093, 10.0487565994, 17.1354866028, 15.9040050507, 8.69902992249, 4.83340501785, 2.28023171425, 0.686433196068, 0.201510563493, 0.0221198666841, 0.000590210722294, 4.2085590394e-05],
        "dvar": [1.54370868206, 30.6642341614, 200.120513916, 517.811645508, 526.215942383, 615.048583984, 2095.49291992, 497.8515625, 375.120605469, 1158.65234375, 4650.06982422, 1502.07568359, 1078.31018066, 898.106750488, 699.228393555, 984.467834473, 1096.13146973, 1166.10839844, 3031.15087891, 2133.0144043, 992.422851562, 573.46685791, 418.843566895, 136.216003418, 299.926513672, 139.144210815, 186.00112915, 138.27696228, 125.107513428, 146.049438477, 306.367950439, 228.823471069, 85.8204727173, 32.1487388611, 7.51748657227, 0.722384512424, 0.0755052641034, 0.00111344642937, 8.7532202997e-07, 2.41326314487e-09],
        "dvar2": [2.52848482132, 54.2120132446, 552.977722168, 1517.94238281, 1539.45263672, 1692.54003906, 5614.23242188, 1244.83459473, 1005.97424316, 2365.52856445, 10491.0488281, 3594.22363281, 1990.60546875, 1437.92797852, 1154.46459961, 1817.35888672, 1886.63684082, 2154.57421875, 7207.52929688, 4334.31640625, 1968.86303711, 1221.9876709, 814.99987793, 306.855041504, 651.455505371, 338.390441895, 486.276550293, 328.880462646, 306.911682129, 359.597808838, 800.830322266, 575.022216797, 216.377807617, 79.3583908081, 19.3290691376, 1.81611275673, 0.190592691302, 0.00246143480763, 1.88307535609e-06, 5.12946574105e-09],
        "max": [12.4514818192, 50.0693702698, 134.092819214, 207.094116211, 201.207885742, 260.938446045, 689.814697266, 247.038772583, 190.2706604, 520.185119629, 654.563171387, 773.011901855, 485.42010498, 738.174743652, 416.015625, 477.321990967, 383.196594238, 587.594787598, 499.951965332, 671.268432617, 518.364501953, 463.916595459, 250.709838867, 177.057327271, 195.682601929, 140.722335815, 174.524505615, 143.745544434, 135.970123291, 135.254379272, 182.095993042, 143.799591064, 92.0664672852, 53.9252090454, 30.981754303, 9.3529548645, 2.67366433144, 0.463564306498, 0.0146177690476, 0.000597728649154],
        "mean": [2.31877851486, 4.5975279808, 3.61055231094, 5.95798969269, 9.81398582458, 26.4841156006, 31.8681201935, 21.1351737976, 15.4653434753, 31.1393966675, 56.4743041992, 38.842250824, 33.4112968445, 24.241859436, 30.5039672852, 27.5965690613, 31.7336597443, 33.8627548218, 41.075012207, 37.0375518799, 21.6836051941, 20.3890304565, 20.9265575409, 12.8023777008, 17.6722621918, 9.02663516998, 5.17546033859, 5.219643116, 8.46231746674, 8.60094070435, 13.5500221252, 14.2559890747, 6.75689554214, 3.56024456024, 1.62204408646, 0.515250504017, 0.137201756239, 0.0178017076105, 0.000528645236045, 0.000111042230856],
        "median": [0.931699872017, 1.88178038597, 1.22509717941, 2.3172621727, 3.99022674561, 17.0216522217, 17.0561637878, 9.75738716125, 8.1584777832, 12.8448266983, 21.8112564087, 16.1958560944, 9.24438095093, 9.11153030396, 12.3646068573, 9.4089012146, 11.4710350037, 12.9318180084, 15.009475708, 10.1205635071, 8.45179748535, 7.3516368866, 9.41546821594, 7.19860744476, 9.36102104187, 4.75562858582, 1.93738555908, 2.23294591904, 4.86007499695, 5.05292510986, 8.10209751129, 9.67496490479, 3.65399932861, 1.57153892517, 0.748171269894, 0.189460471272, 0.0298346839845, 0.00257782777771, 0.000120597753266, 0.000111004250357],
        "min": [7.82984443504e-07, 9.38360426517e-06, 7.33648339519e-05, 0.000280962616671, 0.000168504280737, 4.31818625657e-05, 2.20138936129e-05, 9.16913486435e-05, 0.000200364709599, 0.000376469572075, 0.000437177164713, 0.000128230938572, 0.00024546761415, 0.000183595286217, 5.98691513005e-05, 4.76917884953e-05, 5.00848400407e-05, 6.19199709035e-05, 5.67338211113e-05, 4.59585498902e-05, 4.17028895754e-05, 3.76517928089e-05, 3.22499327012e-05, 2.73662753898e-05, 2.50291814154e-05, 2.18136792682e-05, 1.78866939677e-05, 1.55295274453e-05, 1.30752296172e-05, 1.09078428068e-05, 8.4512776084e-06, 6.58438921164e-06, 4.64040886072e-06, 2.99830867334e-06, 1.98339444069e-06, 1.05495416847e-06, 5.01443309986e-07, 1.81811358857e-07, 4.2207382478e-08, 6.03541261412e-09],
        "stdev": [2.52226567268, 8.14293670654, 11.8409776688, 18.5125312805, 18.9373683929, 28.5071125031, 46.6031646729, 31.0215492249, 21.682100296, 48.1517486572, 88.5422439575, 60.323802948, 60.4284820557, 47.2769546509, 48.1312332153, 47.2328147888, 52.4722175598, 54.7380599976, 70.07837677, 77.7221832275, 40.6418571472, 32.2672576904, 30.7259979248, 15.4353265762, 23.6286754608, 13.6609144211, 12.7312335968, 11.4567203522, 11.9784975052, 12.3369636536, 17.7774543762, 16.427980423, 9.4426202774, 5.73188924789, 2.67221403122, 0.93388569355, 0.315798550844, 0.0507552959025, 0.00154208706226, 8.77634010976e-05],
        "var": [6.36182403564, 66.3074188232, 140.208755493, 342.71383667, 358.623901367, 812.655517578, 2171.85498047, 962.336486816, 470.113464355, 2318.59106445, 7839.72949219, 3638.96142578, 3651.6015625, 2235.1105957, 2316.61547852, 2230.9387207, 2753.33374023, 2996.25512695, 4910.97851562, 6040.73779297, 1651.76062012, 1041.17602539, 944.086914062, 238.249298096, 558.314331055, 186.620574951, 162.08430481, 131.256439209, 143.484405518, 152.200683594, 316.037872314, 269.878570557, 89.1630706787, 32.8545532227, 7.14072751999, 0.872142493725, 0.0997287333012, 0.00257609994151, 2.37803237724e-06, 7.70241470605e-09]
    },
    "gfcc": {
        "mean": [25.6405353546, 75.9340515137, -101.088348389, 25.915927887, -72.9582061768, 21.5499305725, -51.9498939514, 9.88814163208, -20.9432830811, -0.734029173851, -8.19088459015, 0.613078534603, -9.22041225433],
        "cov": [[4791.36767578, -1683.93518066, -204.600204468, 582.656921387, 203.694671631, 833.265380859, -249.023666382, 677.456970215, 51.7512321472, 294.707183838, -47.840675354, 260.560119629, -75.8129272461], [-1683.93518066, 2360.21850586, 988.713562012, 129.734619141, 737.803100586, 142.795303345, 834.229125977, 11.413602829, 411.6824646, 25.1727790833, 271.466430664, -65.5558929443, 101.11882019], [-204.600204468, 988.713562012, 1959.02160645, 535.400878906, 846.672302246, 561.941345215, 524.007568359, 339.61932373, 303.806396484, 257.717712402, 109.797554016, 113.408790588, 106.916824341], [582.656921387, 129.734619141, 535.400878906, 894.428283691, 417.97833252, 269.923370361, 245.225585938, 227.74180603, 284.076965332, 161.200180054, 93.4183425903, 89.8518371582, 160.082687378], [203.694671631, 737.803100586, 846.672302246, 417.97833252, 820.756835938, 431.874359131, 336.900482178, 329.809783936, 356.354492188, 189.992416382, 135.903396606, 84.1628341675, 111.300224304], [833.265380859, 142.795303345, 561.941345215, 269.923370361, 431.874359131, 565.18359375, 254.760879517, 302.969390869, 169.617141724, 174.169128418, 108.855834961, 96.0611801147, 20.6806697845], [-249.023666382, 834.229125977, 524.007568359, 245.225585938, 336.900482178, 254.760879517, 616.341918945, 103.99016571, 196.323059082, 90.2006530762, 171.680847168, 36.1767845154, 18.4595470428], [677.456970215, 11.413602829, 339.61932373, 227.74180603, 329.809783936, 302.969390869, 103.99016571, 342.823577881, 190.229598999, 131.236923218, 72.5928649902, 86.0171279907, 59.2412490845], [51.7512321472, 411.6824646, 303.806396484, 284.076965332, 356.354492188, 169.617141724, 196.323059082, 190.229598999, 356.848327637, 116.03553772, 99.803352356, 55.9152908325, 96.2925033569], [294.707183838, 25.1727790833, 257.717712402, 161.200180054, 189.992416382, 174.169128418, 90.2006530762, 131.236923218, 116.03553772, 174.00881958, 61.8412971497, 44.1199226379, 40.5376625061], [-47.840675354, 271.466430664, 109.797554016, 93.4183425903, 135.903396606, 108.855834961, 171.680847168, 72.5928649902, 99.803352356, 61.8412971497, 158.869903564, 35.2889213562, 28.5705757141], [260.560119629, -65.5558929443, 113.408790588, 89.8518371582, 84.1628341675, 96.0611801147, 36.1767845154, 86.0171279907, 55.9152908325, 44.1199226379, 35.2889213562, 109.591873169, 39.7520256042], [-75.8129272461, 101.11882019, 106.916824341, 160.082687378, 111.300224304, 20.6806697845, 18.4595470428, 59.2412490845, 96.2925033569, 40.5376625061, 28.5705757141, 39.7520256042, 140.508102417]],
        "icov": [[0.000794916704763, -5.256406439e-05, 0.000562380766496, -0.000672736496199, 0.000239400935243, -0.00108986708801, 0.000402035948355, -0.00123137794435, 0.000515003805049, -0.000694723334163, 0.00097757729236, -0.00107831973583, 0.00119618268218], [-5.256406439e-05, 0.00306882103905, -0.000898801139556, 0.00152853643522, -0.00231433310546, 0.00118351937272, -0.00281249871477, 0.0020332725253, -0.00190808868501, 0.00262671592645, -0.00242152367719, 0.00311790243722, -0.00196306896396], [0.000562380766496, -0.000898801139556, 0.00179403135553, -0.00100014195777, -0.000181885116035, -0.00126383441966, 0.000427910912549, -0.00131264782976, 0.00142375880387, -0.00186601851601, 0.00225321273319, -0.001909547369, 0.00119664915837], [-0.000672736496199, 0.00152853643522, -0.00100014195777, 0.00317020528018, -0.0013749509817, 0.00120875693392, -0.0020091116894, 0.00189571105875, -0.00190980907064, 0.00141108047683, -0.00158160517458, 0.00225276639685, -0.00335196126252], [0.000239400935243, -0.00231433310546, -0.000181885116035, -0.0013749509817, 0.00605666823685, -0.0023975155782, 0.00215019541793, -0.00275002513081, -0.000642520783003, -0.00175778428093, 0.00161605572794, -0.0015866861213, 0.000999589799903], [-0.00108986708801, 0.00118351937272, -0.00126383441966, 0.00120875693392, -0.0023975155782, 0.00721632968634, -0.00243646930903, -0.000582239939831, 8.91682502697e-05, 0.000127011735458, -0.00249286158942, 0.00124249293003, -0.000395051116357], [0.000402035948355, -0.00281249871477, 0.000427910912549, -0.0020091116894, 0.00215019541793, -0.00243646930903, 0.00620520440862, -0.00115572963841, 0.000866075453814, -0.00180102349259, -0.000332773488481, -0.00291568180546, 0.00335045368411], [-0.00123137794435, 0.0020332725253, -0.00131264782976, 0.00189571105875, -0.00275002513081, -0.000582239939831, -0.00115572963841, 0.0111136594787, -0.00393254635856, 0.00185929064173, -0.00317638902925, 0.00168108043727, -0.00322962016799], [0.000515003805049, -0.00190808868501, 0.00142375880387, -0.00190980907064, -0.000642520783003, 8.91682502697e-05, 0.000866075453814, -0.00393254635856, 0.00845880247653, -0.0033825756982, 0.00141348259058, -0.00261733611114, 0.000415665097535], [-0.000694723334163, 0.00262671592645, -0.00186601851601, 0.00141108047683, -0.00175778428093, 0.000127011735458, -0.00180102349259, 0.00185929064173, -0.0033825756982, 0.0131683684886, -0.0049486705102, 0.00351138995029, -0.00309478538111], [0.00097757729236, -0.00242152367719, 0.00225321273319, -0.00158160517458, 0.00161605572794, -0.00249286158942, -0.000332773488481, -0.00317638902925, 0.00141348259058, -0.0049486705102, 0.0140917180106, -0.00521514285356, 0.00189642002806], [-0.00107831973583, 0.00311790243722, -0.001909547369, 0.00225276639685, -0.0015866861213, 0.00124249293003, -0.00291568180546, 0.00168108043727, -0.00261733611114, 0.00351138995029, -0.00521514285356, 0.0173236057162, -0.00625104177743], [0.00119618268218, -0.00196306896396, 0.00119664915837, -0.00335196126252, 0.000999589799903, -0.000395051116357, 0.00335045368411, -0.00322962016799, 0.000415665097535, -0.00309478538111, 0.00189642002806, -0.00625104177743, 0.0142623251304]]
    },
    "melbands": {
        "dmean": [0.00318155856803, 0.001593233319, 0.000865474110469, 0.000732701679226, 0.000675671733916, 0.000255623453995, 0.0001435244194, 0.000219233494136, 0.000261405977653, 0.000112240537419, 8.35740211187e-05, 5.87416398048e-05, 5.04809322592e-05, 5.44961512787e-05, 3.67603170162e-05, 4.33044588135e-05, 3.85316416214e-05, 5.34907376277e-05, 3.07279042318e-05, 2.21163318201e-05, 1.60297695402e-05, 1.35295858854e-05, 1.37133511089e-05, 1.03326174212e-05, 5.43876876691e-06, 7.9798128354e-06, 6.14580130787e-06, 3.53530185748e-06, 2.807696319e-06, 2.37654785451e-06, 2.51901064985e-06, 3.14894646181e-06, 3.64120796803e-06, 3.73349826077e-06, 5.67210918234e-06, 7.45207580621e-06, 5.76653610551e-06, 4.15645217799e-06, 2.84675115836e-06, 2.44671105065e-06],
        "dmean2": [0.00418915180489, 0.00228826794773, 0.00157548044808, 0.00123029574752, 0.00109822279774, 0.000401584344218, 0.000236958978348, 0.000325336673995, 0.000396418530727, 0.000163972421433, 0.000116166476801, 8.0641664681e-05, 6.82179743308e-05, 7.75019943831e-05, 5.02754628542e-05, 6.15923563601e-05, 5.5021217122e-05, 8.12566868262e-05, 4.62716016045e-05, 3.4070941183e-05, 2.40212921199e-05, 2.00992162718e-05, 1.98761154024e-05, 1.54368535732e-05, 8.25245842861e-06, 1.17927165775e-05, 9.19950798561e-06, 5.55189535589e-06, 4.69140013593e-06, 3.81843256037e-06, 4.05438322559e-06, 5.00420173921e-06, 5.83591645409e-06, 6.1950113377e-06, 9.4261540653e-06, 1.21962648336e-05, 9.53415928961e-06, 6.88756426825e-06, 4.73294085168e-06, 4.01402621719e-06],
        "dvar": [7.20419920981e-05, 3.25636719936e-05, 1.48534154505e-05, 2.45289379563e-06, 2.02296382668e-06, 2.72120871614e-07, 8.67319940312e-08, 1.7750716097e-07, 2.39676921865e-07, 6.1978376209e-08, 3.07268095412e-08, 1.89994384669e-08, 1.25105277249e-08, 1.25550885244e-08, 6.82299816646e-09, 7.49266249045e-09, 4.39314540301e-09, 1.13032641025e-08, 3.58895690944e-09, 3.0215117075e-09, 1.5549564969e-09, 8.68980665203e-10, 4.34893648871e-10, 4.71815808645e-10, 8.07887229337e-11, 1.97578009509e-10, 1.10859606217e-10, 5.84240364421e-11, 9.14243888928e-11, 4.33180401271e-11, 4.70731335855e-11, 4.4481321404e-11, 4.00955449398e-11, 5.8910501477e-11, 9.73916225444e-11, 1.39883382655e-10, 7.79655437433e-11, 5.3441227138e-11, 2.71906542421e-11, 2.16866646169e-11],
        "dvar2": [0.000112518966489, 7.55941582611e-05, 4.35022593592e-05, 6.85639452058e-06, 5.44666727365e-06, 6.94010282132e-07, 2.28006371117e-07, 3.66042229416e-07, 5.4481239431e-07, 1.47025318142e-07, 5.61829409662e-08, 3.04926253136e-08, 1.95178948559e-08, 2.30148060609e-08, 1.10883586757e-08, 1.4190687736e-08, 8.59606341663e-09, 2.60151669096e-08, 7.68177876864e-09, 7.36216199115e-09, 3.04067060419e-09, 1.88276594315e-09, 8.93892238008e-10, 9.05747365998e-10, 1.89851523391e-10, 4.42935493838e-10, 2.42795894501e-10, 1.45256917605e-10, 2.4644433716e-10, 1.04533895429e-10, 1.11342032816e-10, 1.11008521819e-10, 9.82154843565e-11, 1.4772838508e-10, 2.5700885864e-10, 3.56274010294e-10, 1.95573279793e-10, 1.35910185883e-10, 6.76935799082e-11, 5.331104308e-11],
        "max": [0.0848402902484, 0.0558785833418, 0.0354526080191, 0.0136444000527, 0.0209052860737, 0.00669538788497, 0.00327017949894, 0.00490969838575, 0.00477784592658, 0.00483287731186, 0.00275029987097, 0.00313308113255, 0.00196062796749, 0.00180733844172, 0.00151800794993, 0.0011325503001, 0.000989079591818, 0.00109379854985, 0.000719865376595, 0.000982634373941, 0.000587415648624, 0.000543138303328, 0.000240630222834, 0.000413979054429, 0.000134487287141, 0.000185946599231, 0.000114178204967, 8.86762427399e-05, 0.000117680610856, 7.15443529771e-05, 8.58281273395e-05, 8.24921517051e-05, 7.06072023604e-05, 8.14856102807e-05, 0.00010362505418, 0.000121010096336, 7.79498514021e-05, 7.85010925028e-05, 4.76485147374e-05, 4.58077265648e-05],
        "mean": [0.0157109182328, 0.00295665627345, 0.00105864589568, 0.00134578975849, 0.00117831118405, 0.000474965228932, 0.000239807792241, 0.000411749992054, 0.000427159073297, 0.000241529691266, 0.000168713828316, 0.000102031117422, 0.000104741448013, 9.15234268177e-05, 6.40827493044e-05, 7.32763510314e-05, 6.1198748881e-05, 7.39048264222e-05, 4.75534507132e-05, 3.49281908711e-05, 2.3690830858e-05, 2.00856684387e-05, 2.25953099289e-05, 1.52747397806e-05, 9.17083798413e-06, 1.37765755426e-05, 1.0243476936e-05, 4.93303878102e-06, 3.23978224515e-06, 2.77792901215e-06, 3.04686682284e-06, 4.31874923379e-06, 5.64050833418e-06, 4.42410828327e-06, 6.74151533531e-06, 1.03861902971e-05, 8.10146684671e-06, 5.09401979798e-06, 3.37567439601e-06, 2.84108750748e-06],
        "median": [0.00829528644681, 0.00162914558314, 0.0004306192277, 0.000806808588095, 0.000720838317648, 0.000217299340875, 0.000119159565656, 0.000171147839865, 0.000174021406565, 7.54793145461e-05, 3.99320415454e-05, 3.46052147506e-05, 3.12077027047e-05, 2.89634881483e-05, 1.47975715663e-05, 2.30965088122e-05, 2.14333886106e-05, 2.13679613807e-05, 1.17205217975e-05, 9.0017747425e-06, 9.04136140889e-06, 6.23259711574e-06, 8.33971444081e-06, 6.1374021243e-06, 5.13847817274e-06, 6.37296489003e-06, 5.47725721844e-06, 2.2551002985e-06, 1.01064642877e-06, 1.01500700112e-06, 1.12229747629e-06, 2.25442386181e-06, 3.54750568476e-06, 2.16305761569e-06, 3.64557899957e-06, 6.68868324283e-06, 5.31627711098e-06, 2.56831799561e-06, 1.48575691128e-06, 1.1463454257e-06],
        "min": [2.75424150153e-09, 2.40123654294e-08, 1.84223232225e-08, 6.77505029856e-09, 7.05245639665e-10, 2.03663197418e-09, 3.23142890224e-09, 4.36251390568e-09, 3.27241100884e-09, 6.39204911224e-10, 1.26539190237e-09, 8.17019951693e-10, 2.15736192799e-10, 1.17927168031e-10, 1.31011021476e-10, 1.03747788138e-10, 1.17301002245e-10, 9.40254679671e-11, 6.95562982211e-11, 5.60975363384e-11, 4.74141073625e-11, 4.00973143577e-11, 3.18864552817e-11, 2.62850210347e-11, 2.15621583088e-11, 1.92768127849e-11, 1.71342124516e-11, 1.37122440139e-11, 1.13373633398e-11, 1.00207862841e-11, 8.59735720116e-12, 7.52645862301e-12, 6.60941353731e-12, 5.80284431617e-12, 4.95965031197e-12, 4.33500457753e-12, 3.9278563041e-12, 3.39808953545e-12, 2.73761178657e-12, 2.4405746521e-12],
        "stdev": [0.0171669404954, 0.00650344463065, 0.00305365282111, 0.00165324402042, 0.00147481320892, 0.000699448457453, 0.000346077635186, 0.000587580841966, 0.000641501217615, 0.0004035490565, 0.000316480203765, 0.000211179911275, 0.000203153787879, 0.000172578598722, 0.000139321520692, 0.000128958345158, 0.000101273748442, 0.000138914503623, 8.79736762727e-05, 7.46220393921e-05, 4.89670892421e-05, 3.76147727366e-05, 3.19703976857e-05, 3.01739764836e-05, 1.1388283383e-05, 1.91065246327e-05, 1.41472492032e-05, 8.44429905555e-06, 8.65418314788e-06, 6.52367680232e-06, 6.71295765642e-06, 6.86442763254e-06, 7.27832821212e-06, 7.43433110983e-06, 9.65917752183e-06, 1.3144958757e-05, 9.4606220955e-06, 7.36756828701e-06, 5.33874845132e-06, 4.72192459711e-06],
        "var": [0.000294703815598, 4.22947923653e-05, 9.32479542826e-06, 2.73321597888e-06, 2.17507385969e-06, 4.89228170863e-07, 1.19769723028e-07, 3.45251265799e-07, 4.11523842558e-07, 1.62851833352e-07, 1.00159716965e-07, 4.45969554619e-08, 4.12714591391e-08, 2.97833739893e-08, 1.94104874396e-08, 1.66302545068e-08, 1.02563726401e-08, 1.92972411384e-08, 7.73936825738e-09, 5.56844881316e-09, 2.39777597777e-09, 1.41487122018e-09, 1.0221062885e-09, 9.10468866966e-10, 1.29693006334e-10, 3.65059288354e-10, 2.00144650853e-10, 7.13061831803e-11, 7.48948819629e-11, 4.25583561448e-11, 4.50638033833e-11, 4.71203666363e-11, 5.2974059167e-11, 5.52692822064e-11, 9.3299708237e-11, 1.72789949016e-10, 8.95033699932e-11, 5.42810657533e-11, 2.85022352942e-11, 2.22965708396e-11]
    },
    "melbands128": {
