{
"lowlevel": {
    "average_loudness": 0.967167019844,
    "barkbands_crest": {
        "dmean": 2.56734585762,
        "dmean2": 4.11195135117,
        "dvar": 5.62243795395,
        "dvar2": 13.5671701431,
        "max": 24.4844036102,
        "mean": 10.906457901,
        "median": 10.53191185,
        "min": 2.38320851326,
        "stdev": 4.09216499329,
        "var": 16.7458133698
    },
    "barkbands_flatness_db": {
        "dmean": 0.0243370104581,
        "dmean2": 0.0351007543504,
        "dvar": 0.000518271233886,
        "dvar2": 0.00112052296754,
        "max": 0.292157441378,
        "mean": 0.129546031356,
        "median": 0.125146076083,
        "min": 0.0216939840466,
        "stdev": 0.0467544347048,
        "var": 0.0021859772969
    },
    "barkbands_kurtosis": {
        "dmean": 4.4374666214,
        "dmean2": 7.11811637878,
        "dvar": 64.4228515625,
        "dvar2": 163.749771118,
        "max": 95.3237304688,
        "mean": 6.52332496643,
        "median": 2.45263195038,
        "min": -1.90066063404,
        "stdev": 11.2406711578,
        "var": 126.35269165
    },
    "barkbands_skewness": {
        "dmean": 0.661362111568,
        "dmean2": 1.01327002048,
        "dvar": 0.538946449757,
        "dvar2": 1.24915635586,
        "max": 8.520652771,
        "mean": 1.99350452423,
        "median": 1.67053854465,
        "min": -1.13175523281,
        "stdev": 1.45168638229,
        "var": 2.10739350319
    },
    "barkbands_spread": {
        "dmean": 7.09812498093,
        "dmean2": 10.597240448,
        "dvar": 77.9397506714,
        "dvar2": 148.983673096,
        "max": 111.611846924,
        "mean": 24.6518821716,
        "median": 21.9832553864,
        "min": 1.97307956219,
        "stdev": 15.6629991531,
        "var": 245.329544067
    },
    "dissonance": {
        "dmean": 0.0154313743114,
        "dmean2": 0.025816867128,
        "dvar": 0.000216856904444,
        "dvar2": 0.000534570368472,
        "max": 0.499986320734,
        "mean": 0.471791267395,
        "median": 0.477280944586,
        "min": 0.246269911528,
        "stdev": 0.0234329830855,
        "var": 0.000549104704987
    },
    "dynamic_complexity": 2.36077809334,
    "erbbands_crest": {
        "dmean": 2.42946982384,
        "dmean2": 3.94367671013,
        "dvar": 5.21592903137,
        "dvar2": 13.3006029129,
        "max": 20.6472587585,
        "mean": 7.54339981079,
        "median": 6.62930727005,
        "min": 2.33968138695,
        "stdev": 3.50571036339,
        "var": 12.2900047302
    },
    "erbbands_flatness_db": {
        "dmean": 0.0153263388202,
        "dmean2": 0.0215592440218,
        "dvar": 0.00019681386766,
        "dvar2": 0.000366596359527,
        "max": 0.278873801231,
        "mean": 0.125434815884,
        "median": 0.121860645711,
        "min": 0.04293371737,
        "stdev": 0.0397656485438,
        "var": 0.00158130668569
    },
    "erbbands_kurtosis": {
        "dmean": 0.639960587025,
        "dmean2": 0.996042132378,
        "dvar": 0.511105537415,
        "dvar2": 1.14112997055,
        "max": 6.54772663116,
        "mean": 0.00355118955486,
        "median": -0.299490690231,
        "min": -1.65553069115,
        "stdev": 1.19371771812,
        "var": 1.42496192455
    },
    "erbbands_skewness": {
        "dmean": 0.334633558989,
        "dmean2": 0.509753167629,
        "dvar": 0.104568295181,
        "dvar2": 0.223698675632,
        "max": 2.35888552666,
        "mean": 0.101036503911,
        "median": 0.133790910244,
        "min": -2.48530173302,
        "stdev": 0.628214836121,
        "var": 0.394653886557
    },
    "erbbands_spread": {
        "dmean": 9.66137504578,
        "dmean2": 14.5874652863,
        "dvar": 108.309501648,
        "dvar2": 243.225036621,
        "max": 139.83480835,
        "mean": 46.4950065613,
        "median": 41.4749984741,
        "min": 10.6963701248,
        "stdev": 22.038482666,
        "var": 485.694702148
    },
    "hfc": {
        "dmean": 9.49340343475,
        "dmean2": 12.4193382263,
        "dvar": 191.262313843,
        "dvar2": 346.954467773,
        "max": 146.21031189,
        "mean": 24.6162700653,
        "median": 18.3446407318,
        "min": 0.000132758461405,
        "stdev": 22.0942783356,
        "var": 488.15713501
    },
    "loudness_ebu128": {
        "integrated": -7.64507913589,
        "loudness_range": 4.46891355515,
        "momentary": {
            "dmean": 0.500844061375,
            "dmean2": 0.550926923752,
            "dvar": 0.185198962688,
            "dvar2": 0.211964830756,
            "max": -5.21115970612,
            "mean": -8.08679485321,
            "median": -7.34216785431,
            "min": -16.6905670166,
            "stdev": 2.18789434433,
            "var": 4.78688144684
        },
        "short_term": {
            "dmean": 0.0744528099895,
            "dmean2": 0.0689166486263,
            "dvar": 0.00428272178397,
            "dvar2": 0.00390197476372,
            "max": -6.20981740952,
            "mean": -7.67796945572,
            "median": -7.27058124542,
            "min": -11.8190336227,
            "stdev": 1.37924778461,
            "var": 1.9023245573
        }
    },
    "melbands_crest": {
        "dmean": 3.659283638,
        "dmean2": 5.89991664886,
        "dvar": 10.8176574707,
        "dvar2": 27.24284935,
        "max": 36.1351203918,
        "mean": 17.6018562317,
        "median": 16.9444484711,
        "min": 4.97228336334,
        "stdev": 6.17298364639,
        "var": 38.1057281494
    },
    "melbands_flatness_db": {
        "dmean": 0.0300396122038,
        "dmean2": 0.0437219962478,
        "dvar": 0.000801946269348,
        "dvar2": 0.00170521473046,
        "max": 0.390401512384,
        "mean": 0.204451277852,
        "median": 0.199699625373,
        "min": 0.0532512031496,
        "stdev": 0.0599538683891,
        "var": 0.00359446625225
    },
    "melbands_kurtosis": {
        "dmean": 12.4696702957,
        "dmean2": 19.8481578827,
        "dvar": 465.641784668,
        "dvar2": 1196.99438477,
        "max": 264.512054443,
        "mean": 22.5570316315,
        "median": 11.0473356247,
        "min": -0.799139022827,
        "stdev": 29.9023532867,
        "var": 894.150695801
    },
    "melbands_skewness": {
        "dmean": 0.96086871624,
        "dmean2": 1.46500217915,
        "dvar": 1.1515007019,
        "dvar2": 2.70387840271,
        "max": 12.9827919006,
        "mean": 3.51276826859,
        "median": 3.02890777588,
        "min": -0.396760553122,
        "stdev": 2.15484547615,
        "var": 4.64335870743
    },
    "melbands_spread": {
        "dmean": 7.38596820831,
        "dmean2": 11.1933326721,
        "dvar": 97.1787490845,
        "dvar2": 211.545578003,
        "max": 166.541442871,
        "mean": 21.7342205048,
        "median": 18.2605667114,
        "min": 1.25761783123,
        "stdev": 16.027557373,
        "var": 256.882568359
    },
    "pitch_salience": {
        "dmean": 0.0769254267216,
        "dmean2": 0.121401101351,
        "dvar": 0.00518735172227,
        "dvar2": 0.0132768768817,
        "max": 0.923052728176,
        "mean": 0.503587543964,
        "median": 0.510088026524,
        "min": 0.149323776364,
        "stdev": 0.115442708135,
        "var": 0.0133270192891
    },
    "silence_rate_20dB": {
        "dmean": 0,
        "dmean2": 0,
        "dvar": 0,
        "dvar2": 0,
        "max": 1,
        "mean": 1,
        "median": 1,
        "min": 1,
        "stdev": 0,
        "var": 0
    },
    "silence_rate_30dB": {
        "dmean": 0.0356037169695,
        "dmean2": 0.0712625905871,
        "dvar": 0.0343360304832,
        "dvar2": 0.0770291611552,
        "max": 1,
        "mean": 0.956689894199,
        "median": 1,
        "min": 0,
        "stdev": 0.203554883599,
        "var": 0.0414345897734
    },
    "silence_rate_60dB": {
        "dmean": 0.0123839005828,
        "dmean2": 0.0240123942494,
        "dvar": 0.01223051548,
        "dvar2": 0.0311815813184,
        "max": 1,
        "mean": 0.0340293906629,
        "median": 0,
        "min": 0,
        "stdev": 0.18130454421,
        "var": 0.0328713394701
    },
    "spectral_centroid": {
        "dmean": 299.217987061,
        "dmean2": 458.654785156,
        "dvar": 100654.203125,
        "dvar2": 209382.671875,
        "max": 4169.68017578,
        "mean": 1404.79431152,
        "median": 1363.44152832,
        "min": 255.129959106,
        "stdev": 570.061401367,
        "var": 324969.96875
    },
    "spectral_complexity": {
        "dmean": 4.72291040421,
        "dmean2": 6.32145643234,
        "dvar": 26.8690490723,
        "dvar2": 38.8563537598,
        "max": 61,
        "mean": 20.9520492554,
        "median": 19,
        "min": 0,
        "stdev": 11.1631002426,
        "var": 124.614814758
    },
    "spectral_decrease": {
        "dmean": 3.63176022589e-09,
        "dmean2": 5.65849322953e-09,
        "dvar": 3.5652629219e-17,
        "dvar2": 8.72953545104e-17,
        "max": -2.39570546696e-14,
        "mean": -1.05464428302e-08,
        "median": -8.60797033653e-09,
        "min": -7.01851732288e-08,
        "stdev": 8.8436769019e-09,
        "var": 7.82106151312e-17
    },
    "spectral_energy": {
        "dmean": 0.0142863541842,
        "dmean2": 0.022048112005,
        "dvar": 0.000520871079061,
        "dvar2": 0.00126639031805,
        "max": 0.268676191568,
        "mean": 0.0420374535024,
        "median": 0.0347309745848,
        "min": 1.02461335416e-07,
        "stdev": 0.0342116616666,
        "var": 0.00117043766659
    },
    "spectral_energyband_high": {
        "dmean": 0.000656871998217,
        "dmean2": 0.000856421538629,
        "dvar": 1.42086491906e-06,
        "dvar2": 2.74767126029e-06,
        "max": 0.0127389458939,
        "mean": 0.00111484853551,
        "median": 0.000487699086079,
        "min": 1.60063173826e-09,
        "stdev": 0.00161961396225,
        "var": 2.62314938482e-06
    },
    "spectral_energyband_low": {
        "dmean": 0.0107864234596,
        "dmean2": 0.0175293181092,
        "dvar": 0.000492739491165,
        "dvar2": 0.00126112229191,
        "max": 0.241295978427,
        "mean": 0.0248015131801,
        "median": 0.0151100857183,
        "min": 7.54604490005e-10,
        "stdev": 0.0298451296985,
        "var": 0.000890731811523
    },
    "spectral_energyband_middle_high": {
        "dmean": 0.00253574596718,
        "dmean2": 0.00349737121724,
        "dvar": 1.46120937643e-05,
        "dvar2": 2.61143086391e-05,
        "max": 0.0568544529378,
        "mean": 0.00635239062831,
        "median": 0.00337385106832,
        "min": 6.24351272904e-08,
        "stdev": 0.00734817422926,
        "var": 5.39956672583e-05
    },
    "spectral_energyband_middle_low": {
        "dmean": 0.00510026048869,
        "dmean2": 0.00823976565152,
        "dvar": 6.10905844951e-05,
        "dvar2": 0.000155146684847,
        "max": 0.0899453163147,
        "mean": 0.0103668766096,
        "median": 0.00843429937959,
        "min": 3.82639697705e-08,
        "stdev": 0.00901026278734,
        "var": 8.11848367448e-05
    },
    "spectral_entropy": {
        "dmean": 0.166125178337,
        "dmean2": 0.22789260745,
        "dvar": 0.0267210360616,
        "dvar2": 0.0477702394128,
        "max": 8.83330821991,
        "mean": 7.750477314,
        "median": 7.73611927032,
        "min": 6.40305089951,
        "stdev": 0.359984844923,
        "var": 0.129589080811
    },
    "spectral_flux": {
        "dmean": 0.0306194704026,
        "dmean2": 0.0473889447749,
        "dvar": 0.00119433738291,
        "dvar2": 0.00297240982763,
        "max": 0.377054840326,
        "mean": 0.0998357087374,
        "median": 0.0862676650286,
        "min": 0.00032009583083,
        "stdev": 0.0575690604746,
        "var": 0.00331419683062
    },
    "spectral_kurtosis": {
        "dmean": 1.08816516399,
        "dmean2": 1.72258889675,
        "dvar": 1.16126835346,
        "dvar2": 2.8018643856,
        "max": 15.6422538757,
        "mean": 3.72889137268,
        "median": 3.45701217651,
        "min": -1.20413303375,
        "stdev": 1.92493963242,
        "var": 3.70539259911
    },
    "spectral_rms": {
        "dmean": 0.000988542451523,
        "dmean2": 0.00147755967919,
        "dvar": 1.43637851124e-06,
        "dvar2": 3.26485519508e-06,
        "max": 0.0161902178079,
        "mean": 0.00592837342992,
        "median": 0.00582098588347,
        "min": 9.99811345537e-06,
        "stdev": 0.00242209737189,
        "var": 5.8665555116e-06
    },
    "spectral_rolloff": {
        "dmean": 540.213256836,
        "dmean2": 865.132141113,
        "dvar": 1079300.875,
        "dvar2": 2059714.75,
        "max": 12726.1230469,
        "mean": 1279.76696777,
        "median": 818.26171875,
        "min": 43.06640625,
        "stdev": 1547.09387207,
        "var": 2393499.5
    },
    "spectral_skewness": {
        "dmean": 0.173526138067,
        "dmean2": 0.266258448362,
        "dvar": 0.0274427961558,
        "dvar2": 0.0554201342165,
        "max": 3.12245607376,
        "mean": 1.48739469051,
        "median": 1.4718490839,
        "min": 0.10329567641,
        "stdev": 0.339439719915,
        "var": 0.115219332278
    },
    "spectral_spread": {
        "dmean": 666017.9375,
        "dmean2": 931416.5625,
        "dvar": 651846811648,
        "dvar2": 1.05063088128e+12,
        "max": 15364127,
        "mean": 5113301,
        "median": 4758590.5,
        "min": 2387870.5,
        "stdev": 1658768.875,
        "var": 2.75151427994e+12
    },
    "spectral_strongpeak": {
        "dmean": 0.358793765306,
        "dmean2": 0.61639970541,
        "dvar": 0.441268593073,
        "dvar2": 0.974617302418,
        "max": 7.0004658699,
        "mean": 0.574098050594,
        "median": 0.307620733976,
        "min": 0,
        "stdev": 0.825199902058,
        "var": 0.680954873562
    },
    "zerocrossingrate": {
        "dmean": 0.0133253159001,
        "dmean2": 0.0149139473215,
        "dvar": 0.000262046523858,
        "dvar2": 0.000282570283161,
        "max": 0.34521484375,
        "mean": 0.0572784505785,
        "median": 0.05078125,
        "min": 0.00439453125,
        "stdev": 0.0365679897368,
        "var": 0.0013372177491
    },
    "barkbands": {
        "dmean": [0.00165688572451, 0.00746165728197, 0.00366802327335, 0.0020275535062, 0.00211392506026, 0.000748512858991, 0.000659088778775, 0.000981570337899, 0.00075483211549, 0.000624887878075, 0.000300745421555, 0.000560061133001, 0.000471321429359, 0.000489543483127, 0.000446854857728, 0.000354857300408, 0.000296418904327, 0.000185490294825, 0.000250073790085, 0.000149405968841, 0.00012238411, 0.000138217001222, 0.000137879309477, 0.000109860608063, 9.11461029318e-05, 6.2776642153e-05, 4.50596871815e-06],
        "dmean2": [0.00254821078852, 0.0122017115355, 0.00607097521424, 0.00355413509533, 0.00340491696261, 0.00120825425256, 0.00108585192356, 0.00159176788293, 0.00116897595581, 0.000854110287037, 0.000458005408291, 0.000875948171597, 0.000766627141275, 0.000756795809139, 0.000698572664987, 0.000567964743823, 0.000450592837296, 0.000284123671008, 0.000370794557966, 0.000223017588723, 0.000181858427823, 0.000195179105503, 0.000189038793906, 0.000149144907482, 0.000123551275465, 8.41022265377e-05, 7.15146143193e-06],
        "dvar": [1.64842567756e-05, 0.000272240984486, 7.16963040759e-05, 2.82489490928e-05, 1.01180075944e-05, 3.63738263331e-06, 1.85724763924e-06, 6.99078327671e-06, 2.53044390774e-06, 3.2931595797e-06, 5.81641302233e-07, 1.92033007806e-06, 1.062586648e-06, 1.08647702746e-06, 8.22022911962e-07, 3.40286504752e-07, 2.32402470601e-07, 8.08104942962e-08, 1.56170287369e-07, 9.14309694622e-08, 8.96579024356e-08, 6.08142869396e-08, 5.68291262937e-08, 3.96659238788e-08, 2.55813130678e-08, 1.59646926789e-08, 1.11658488011e-10],
        "dvar2": [3.91902540287e-05, 0.000650918576866, 0.00018789828755, 7.41468247725e-05, 2.65606595349e-05, 9.19687136047e-06, 4.54075188827e-06, 1.60202453117e-05, 5.95903384237e-06, 4.67323798148e-06, 1.23787276607e-06, 4.01821444029e-06, 2.40416261477e-06, 2.42883720603e-06, 1.85965188848e-06, 8.32767852899e-07, 4.88964531087e-07, 1.84247880952e-07, 3.36258096922e-07, 2.18827125309e-07, 2.04912737445e-07, 1.26616356511e-07, 1.13152580639e-07, 8.15806515675e-08, 4.82056705664e-08, 2.88598318576e-08, 2.77419753836e-10],
        "max": [0.0478717237711, 0.198695540428, 0.106957316399, 0.0651725977659, 0.030801108107, 0.0320085734129, 0.0169672612101, 0.0370712317526, 0.0214984230697, 0.0505832098424, 0.0149856740609, 0.024119630456, 0.013215216808, 0.0129983546212, 0.0124890245497, 0.00604498479515, 0.0049828402698, 0.00431215576828, 0.00530441198498, 0.00331259076484, 0.00436228839681, 0.00368480826728, 0.00255200383253, 0.00194089778233, 0.00137624365743, 0.00172770593781, 0.000142261167639],
        "mean": [0.00340483966284, 0.0154337529093, 0.00543992640451, 0.0022056621965, 0.00338648818433, 0.00114148680586, 0.000916398770642, 0.00121311342809, 0.00135331321508, 0.00105568557046, 0.000427275372203, 0.000804570969194, 0.000689630920533, 0.000692817615345, 0.00068509078119, 0.000575967424084, 0.000517533451784, 0.000353246170562, 0.000481468334328, 0.000239466564381, 0.000179521768587, 0.000242112961132, 0.000219968133024, 0.000159173185239, 0.000130126383738, 8.43541201903e-05, 4.51218238595e-06],
        "median": [0.00063149566995, 0.0089652845636, 0.0025923573412, 0.000828736636322, 0.00218134187162, 0.000513403734658, 0.000390309374779, 0.000317588826874, 0.000428317580372, 0.00028148572892, 0.000122090350487, 0.000273960584309, 0.000191577215446, 0.000165750010638, 0.000228164659347, 0.000255737133557, 0.000206256867386, 0.000150316860527, 0.000221953494474, 0.000122034143715, 7.54403008614e-05, 9.60883699008e-05, 8.68874776643e-05, 5.77424616495e-05, 3.4760498238e-05, 1.67859852809e-05, 5.25254336026e-07],
        "min": [3.75077108261e-10, 3.93606008897e-10, 1.16228499047e-10, 1.48537571132e-10, 1.14485010361e-09, 1.07426478824e-09, 7.19362081014e-09, 1.84404953529e-08, 8.99821461786e-09, 7.29475768679e-09, 1.04417967606e-08, 1.16243885628e-08, 1.19709584467e-08, 2.30542185342e-09, 4.40059350071e-10, 5.4103224123e-09, 7.12669923075e-09, 5.4279127859e-09, 8.73455863193e-10, 8.60175403128e-11, 2.95262495009e-11, 1.50117585029e-10, 7.22444992718e-10, 1.76525905005e-10, 3.50910633884e-10, 1.27196989053e-10, 1.5786378281e-12],
        "stdev": [0.00700713694096, 0.0211755223572, 0.00918113160878, 0.00528291752562, 0.0036420726683, 0.00215849047527, 0.0015769287711, 0.00297528412193, 0.00247186073102, 0.00319849676453, 0.00112033169717, 0.00182102422696, 0.00140483328141, 0.00138301413972, 0.00119757745415, 0.000809139513876, 0.000729142164346, 0.000483307405375, 0.000619929109234, 0.00035983484122, 0.000332844560035, 0.000354338873876, 0.000326961628161, 0.000253988633631, 0.000217531996896, 0.000173837994225, 1.08504191303e-05],
        "var": [4.9099966418e-05, 0.000448402744951, 8.42931694933e-05, 2.79092182609e-05, 1.32646937345e-05, 4.65908078695e-06, 2.48670426117e-06, 8.85231565917e-06, 6.11009545537e-06, 1.02303820313e-05, 1.25514316096e-06, 3.31612932314e-06, 1.97355666387e-06, 1.9127280666e-06, 1.43419163123e-06, 6.54706752812e-07, 5.31648311153e-07, 2.33586035847e-07, 3.84312130564e-07, 1.29481122713e-07, 1.10785499885e-07, 1.25556042008e-07, 1.0690389729e-07, 6.45102247177e-08, 4.73201708928e-08, 3.02196490054e-08, 1.17731588367e-10]
    },
    "erbbands": {
        "dmean": [0.324400424957, 1.41906356812, 4.22207736969, 4.92810678482, 7.51041555405, 7.46937894821, 6.55594158173, 6.68355131149, 8.2519865036, 14.2349977493, 19.1575679779, 16.234287262, 18.6131000519, 14.6878356934, 16.7426929474, 18.1670436859, 22.2849712372, 19.4495868683, 24.4314022064, 23.5777797699, 20.2391490936, 16.7031898499, 9.98420619965, 11.0770845413, 12.0036315918, 6.82464981079, 5.07584571838, 4.99392223358, 5.04159116745, 4.56686973572, 3.82359051704, 2.28243637085, 2.01906561852, 1.16565990448, 0.586947143078, 0.303546220064, 0.11535231024, 0.0183007139713, 0.000478103029309, 2.61566146946e-05],
        "dmean2": [0.526803910732, 2.30004382133, 6.84843015671, 8.54876613617, 12.6309299469, 12.1723852158, 10.6704959869, 10.6291952133, 13.8134441376, 23.195520401, 31.0412349701, 25.7471313477, 25.818523407, 20.8927650452, 25.2923965454, 27.2702484131, 35.7069168091, 30.0605144501, 39.220954895, 36.1207504272, 31.413898468, 25.0946617126, 14.932466507, 16.6778869629, 17.8411064148, 10.2369155884, 7.7502040863, 7.41293001175, 7.32419776917, 6.31954622269, 5.40419054031, 3.08060646057, 2.81898379326, 1.63272213936, 0.785548865795, 0.412386089563, 0.158394321799, 0.026151381433, 0.000697958632372, 3.73477305402e-05],
        "dvar": [0.648398220539, 9.99668979645, 94.6643676758, 137.222335815, 238.069946289, 157.064971924, 157.237197876, 370.738067627, 301.725799561, 839.037536621, 2801.23779297, 1490.6385498, 2216.72412109, 1132.12011719, 1173.16101074, 2185.74780273, 2483.85449219, 1717.26086426, 2993.31396484, 2427.92578125, 1017.28125, 810.005432129, 252.742233276, 271.062103271, 397.413604736, 181.913101196, 170.707824707, 147.837783813, 94.2584838867, 55.0462684631, 46.7440719604, 15.8294887543, 14.2872171402, 4.41906118393, 1.05409622192, 0.324759215117, 0.0701359659433, 0.00171579350717, 1.21354946714e-06, 1.47508161241e-09],
        "dvar2": [1.62552964687, 23.3749675751, 236.96875, 385.724914551, 647.645385742, 407.819458008, 393.935241699, 924.965515137, 717.379089355, 1986.49731445, 6709.39404297, 3738.57910156, 3774.88623047, 1895.8861084, 2585.19335938, 4401.30273438, 5502.34082031, 3632.99536133, 7767.45068359, 5511.43945312, 2500.63378906, 1761.00390625, 574.005249023, 606.892822266, 870.582763672, 421.450897217, 398.880249023, 347.029083252, 209.632232666, 104.41330719, 97.6539230347, 30.7790622711, 30.3306446075, 8.67652797699, 1.94148147106, 0.614025056362, 0.135006025434, 0.00360694550909, 2.72879356089e-06, 2.96534152788e-09],
        "max": [11.2042770386, 36.5971641541, 124.346931458, 113.73085022, 180.408569336, 130.814422607, 130.737701416, 299.72366333, 198.258071899, 313.184661865, 741.45892334, 655.970581055, 1211.21484375, 636.707519531, 536.405700684, 896.325927734, 665.415100098, 510.277191162, 682.354858398, 662.449401855, 423.600585938, 332.387298584, 213.596923828, 193.031997681, 274.999755859, 156.712341309, 197.20753479, 152.228607178, 142.477828979, 99.8289413452, 71.6398391724, 43.5308532715, 38.8251724243, 20.0350265503, 9.04290866852, 5.79457044601, 4.59390592575, 0.652200579643, 0.0158139504492, 0.000469960155897],
        "mean": [0.69085675478, 2.52986860275, 6.45461130142, 6.21531200409, 9.88461685181, 11.1647644043, 9.51399898529, 10.3929815292, 12.1455049515, 19.4368305206, 25.1033649445, 28.6431694031, 34.2933235168, 26.043176651, 25.6075344086, 28.4690666199, 34.3728713989, 29.6522388458, 35.3634529114, 36.7297286987, 35.7257003784, 30.556804657, 19.7039794922, 21.167634964, 23.4509716034, 11.4275398254, 7.77903079987, 6.98363733292, 8.44628715515, 7.82283735275, 6.13953447342, 3.51462388039, 2.72359013557, 1.62451910973, 0.847853004932, 0.423166036606, 0.14537897706, 0.0214912518859, 0.000560724467505, 6.62818201818e-05],
        "median": [0.382359147072, 1.22952449322, 3.13024687767, 3.21182799339, 5.51153564453, 6.49731016159, 4.77255868912, 4.27428293228, 5.83579158783, 7.20616817474, 8.86391544342, 10.440782547, 9.52405834198, 9.62172031403, 9.28130817413, 10.194735527, 9.48805236816, 8.3261384964, 11.6963043213, 11.4070911407, 15.963807106, 11.8047266006, 9.06314945221, 11.5079450607, 11.5985240936, 5.95474815369, 3.56981611252, 2.60358381271, 3.08895897865, 3.13282132149, 2.57431530952, 1.44678390026, 0.881028056145, 0.43570381403, 0.232130557299, 0.0903958231211, 0.026838151738, 0.00329733686522, 0.000100721277704, 5.15513893333e-05],
        "min": [1.7240273209e-08, 6.85038372694e-08, 1.37758320307e-07, 3.31181780666e-07, 1.42749320275e-06, 4.41420570496e-06, 7.43157943361e-06, 1.01685209302e-05, 5.66050985071e-05, 0.000242748355959, 0.000413922796724, 0.000215430845856, 0.000148920938955, 0.000354288262315, 0.000409014581237, 0.000512651749887, 0.000555426406208, 0.000227797412663, 3.47561581293e-05, 5.27691518073e-05, 0.000423132703872, 0.000334327836754, 0.000341969600413, 0.000135547335958, 2.12238828681e-05, 5.94129505771e-06, 1.64464779573e-06, 1.08337781057e-06, 3.35741128765e-06, 1.86501802091e-05, 1.88199537661e-05, 4.35789024777e-06, 4.30774980487e-06, 4.21985123467e-06, 1.78827622221e-06, 8.21824187369e-07, 1.80722437904e-07, 2.29659047335e-08, 1.58253288252e-09, 2.82678325192e-10],
        "stdev": [0.999285936356, 3.85276937485, 10.9368019104, 11.1863451004, 15.6329174042, 13.7700471878, 14.3863134384, 22.0528850555, 20.3372936249, 34.8139228821, 56.8817710876, 54.1046524048, 80.9517593384, 56.0165328979, 48.649105072, 61.9822387695, 69.9898147583, 55.718536377, 66.8722000122, 66.5363998413, 48.4875259399, 42.9322471619, 26.7011737823, 25.2861156464, 30.0733203888, 16.5788803101, 14.160993576, 13.2846670151, 13.2155237198, 10.9302883148, 9.14754676819, 5.36964321136, 4.62220096588, 2.74876618385, 1.43148684502, 0.787219464779, 0.341064989567, 0.049246955663, 0.001261323574, 5.76775091758e-05],
        "var": [0.998572349548, 14.843832016, 119.613632202, 125.134307861, 244.388092041, 189.614196777, 206.966018677, 486.329742432, 413.605529785, 1212.00927734, 3235.53588867, 2927.31347656, 6553.18701172, 3137.85205078, 2366.73535156, 3841.7980957, 4898.57373047, 3104.55517578, 4471.89111328, 4427.09277344, 2351.04003906, 1843.17773438, 712.952697754, 639.387634277, 904.404602051, 274.859283447, 200.533752441, 176.482376099, 174.65007019, 119.471206665, 83.6776046753, 28.8330669403, 21.3647422791, 7.55571556091, 2.04915452003, 0.619714438915, 0.116325326264, 0.00242526270449, 1.59093701768e-06, 3.32669491954e-09]
    },
    "gfcc": {
        "mean": [26.4508171082, 83.4205474854, -105.432365417, 40.2925834656, -48.9407196045, 23.7169685364, -36.5172767639, 16.3801193237, -22.1476154327, 2.2597360611, -17.6571998596, 2.69218730927, -14.6685228348],
        "cov": [[4006.89819336, -679.760742188, 136.086486816, 316.005310059, 129.77746582, 237.354370117, 54.5195083618, 126.767570496, 114.585670471, 290.978424072, -39.430103302, 100.432365417, -29.6914024353], [-679.760742188, 989.057189941, -219.570968628, -25.2603626251, 136.370452881, -78.4241638184, 132.086273193, 6.49533557892, 143.848434448, -62.0099182129, 143.158004761, -12.5336055756, 110.986068726], [136.086486816, -219.570968628, 740.032531738, 239.392318726, 76.2538604736, 97.3685073853, 16.2345581055, -20.2866210938, -49.4246406555, 111.541175842, -44.6492919922, 14.525809288, 42.4986228943], [316.005310059, -25.2603626251, 239.392318726, 350.150909424, 107.726585388, 20.2690029144, 20.726316452, -11.7465314865, 66.3777160645, 62.5231170654, -10.2251415253, -2.40541601181, 38.1748123169], [129.77746582, 136.370452881, 76.2538604736, 107.726585388, 185.115356445, 45.4492759705, 35.3170928955, -5.699634552, 56.3297576904, 48.1164016724, 12.7850322723, -3.3316192627, 25.7908706665], [237.354370117, -78.4241638184, 97.3685073853, 20.2690029144, 45.4492759705, 167.847381592, 78.0572967529, 21.6289081573, -0.0233582481742, 35.4992408752, -3.67525696754, -3.06626152992, 2.81400060654], [54.5195083618, 132.086273193, 16.2345581055, 20.726316452, 35.3170928955, 78.0572967529, 183.22038269, 47.2399520874, 33.5445022583, 10.291261673, 32.4647941589, 18.3298988342, 28.5619373322], [126.767570496, 6.49533557892, -20.2866210938, -11.7465314865, -5.699634552, 21.6289081573, 47.2399520874, 87.4826126099, 35.5707435608, 3.98042011261, 19.3440589905, 5.74246454239, -1.59674453735], [114.585670471, 143.848434448, -49.4246406555, 66.3777160645, 56.3297576904, -0.0233582481742, 33.5445022583, 35.5707435608, 130.217498779, 41.2986907959, 34.0756835938, 5.96098184586, 15.7816123962], [290.978424072, -62.0099182129, 111.541175842, 62.5231170654, 48.1164016724, 35.4992408752, 10.291261673, 3.98042011261, 41.2986907959, 128.128753662, 19.5629844666, 13.6946334839, 22.1184196472], [-39.430103302, 143.158004761, -44.6492919922, -10.2251415253, 12.7850322723, -3.67525696754, 32.4647941589, 19.3440589905, 34.0756835938, 19.5629844666, 88.0462722778, 31.3205089569, 24.8635253906], [100.432365417, -12.5336055756, 14.525809288, -2.40541601181, -3.3316192627, -3.06626152992, 18.3298988342, 5.74246454239, 5.96098184586, 13.6946334839, 31.3205089569, 76.7398681641, 29.4356975555], [-29.6914024353, 110.986068726, 42.4986228943, 38.1748123169, 25.7908706665, 2.81400060654, 28.5619373322, -1.59674453735, 15.7816123962, 22.1184196472, 24.8635253906, 29.4356975555, 95.1697540283]],
        "icov": [[0.000441266252892, 7.65460717957e-05, 0.000364361389074, -0.000527808209881, -7.96504173195e-05, -0.000506853975821, 0.00019646959845, -0.000754200969823, 0.000277297018329, -0.000996533082798, 0.000610425020568, -0.000898049154785, 0.000366272230167], [7.65460717957e-05, 0.00418487330899, -0.000387752632378, 0.00183792284224, -0.00288565200754, 0.00275912950747, -0.00285898637958, 0.002751840977, -0.0041113155894, 0.00414336659014, -0.00558681134135, 0.00459302868694, -0.0040581645444], [0.000364361389074, -0.000387752632378, 0.0029240322765, -0.00239433837123, 6.5171479946e-05, -0.0015027463669, 0.000578264298383, -0.0015748210717, 0.00320151378401, -0.00320160854608, 0.00212547928095, -0.00190385442693, 0.000294110475807], [-0.000527808209881, 0.00183792284224, -0.00239433837123, 0.00671314029023, -0.00266070710495, 0.00268705142662, -0.00190736353397, 0.00344524090178, -0.00547445053235, 0.00345065630972, -0.00233412231319, 0.00380326830782, -0.00312049756758], [-7.96504173195e-05, -0.00288565200754, 6.5171479946e-05, -0.00266070710495, 0.0101736485958, -0.00372126232833, 0.0014705308713, 0.000466272060294, -0.000118525480502, -0.00345031986944, 0.00305541814305, -0.00191166892182, 0.00191259500571], [-0.000506853975821, 0.00275912950747, -0.0015027463669, 0.00268705142662, -0.00372126232833, 0.0118611548096, -0.00618148641661, 0.0015616217861, -0.00147396803368, 0.00183939165436, -0.00323031097651, 0.0050862277858, -0.00215576589108], [0.00019646959845, -0.00285898637958, 0.000578264298383, -0.00190736353397, 0.0014705308713, -0.00618148641661, 0.0109479650855, -0.00550824310631, 0.00223827012815, -0.00173813616857, 0.00231916503981, -0.00452483119443, 0.00113489083014], [-0.000754200969823, 0.002751840977, -0.0015748210717, 0.00344524090178, 0.000466272060294, 0.0015616217861, -0.00550824310631, 0.0194745529443, -0.008922919631, 0.00564327277243, -0.00643051508814, 0.00484890211374, -0.00196752347983], [0.000277297018329, -0.0041113155894, 0.00320151378401, -0.00547445053235, -0.000118525480502, -0.00147396803368, 0.00223827012815, -0.008922919631, 0.0195217449218, -0.00929861608893, 0.00390648050234, -0.00484508136287, 0.00430348375812], [-0.000996533082798, 0.00414336659014, -0.00320160854608, 0.00345065630972, -0.00345031986944, 0.00183939165436, -0.00173813616857, 0.00564327277243, -0.00929861608893, 0.0187281388789, -0.00952065363526, 0.00610717572272, -0.00581260444596], [0.000610425020568, -0.00558681134135, 0.00212547928095, -0.00233412231319, 0.00305541814305, -0.00323031097651, 0.00231916503981, -0.00643051508814, 0.00390648050234, -0.00952065363526, 0.0255308952183, -0.0128213968128, 0.00401690369472], [-0.000898049154785, 0.00459302868694, -0.00190385442693, 0.00380326830782, -0.00191166892182, 0.0050862277858, -0.00452483119443, 0.00484890211374, -0.00484508136287, 0.00610717572272, -0.0128213968128, 0.0243635531515, -0.00930678006262], [0.000366272230167, -0.0040581645444, 0.000294110475807, -0.00312049756758, 0.00191259500571, -0.00215576589108, 0.00113489083014, -0.00196752347983, 0.00430348375812, -0.00581260444596, 0.00401690369472, -0.00930678006262, 0.0181129965931]]
    },
    "melbands": {
        "dmean": [0.00237147626467, 0.00186171766836, 0.000902679690626, 0.000501019181684, 0.00024813687196, 0.000144899197039, 0.000128272120492, 0.000177558322321, 0.000146480859257, 0.000102572514152, 9.84354701359e-05, 6.85472041368e-05, 5.01301838085e-05, 7.04428312019e-05, 4.53136890428e-05, 4.73376239825e-05, 3.83239166695e-05, 4.48952341685e-05, 3.20878280036e-05, 2.52407699008e-05, 2.48622218351e-05, 1.98283105419e-05, 1.22412939163e-05, 8.62848901306e-06, 9.54734241532e-06, 1.02141693787e-05, 7.217280654e-06, 4.34537605543e-06, 3.27593443217e-06, 3.0947715004e-06, 2.96795633403e-06, 2.8827416827e-06, 2.95398876915e-06, 2.53500661529e-06, 2.40027202381e-06, 1.83487054528e-06, 1.30807757159e-06, 1.47420246321e-06, 1.2280181636e-06, 9.49962725372e-07],
        "dmean2": [0.00384101644158, 0.00296648708172, 0.00154865672812, 0.000816704297904, 0.000403947604354, 0.000228793025599, 0.000212413127883, 0.000287580740405, 0.000238376451307, 0.000160352064995, 0.000134784932015, 9.64974751696e-05, 7.53011190682e-05, 0.000107913598185, 6.70373701723e-05, 7.78843095759e-05, 5.95601959503e-05, 7.34735440346e-05, 4.89606281917e-05, 3.99700074922e-05, 3.8888072595e-05, 3.01482541545e-05, 1.9121922378e-05, 1.33362264023e-05, 1.45699250425e-05, 1.52682532644e-05, 1.0967549315e-05, 6.59186798657e-06, 5.08881339556e-06, 4.67519748781e-06, 4.46734793513e-06, 4.28857083534e-06, 4.30987574873e-06, 3.57363160219e-06, 3.49256970367e-06, 2.53063990385e-06, 1.83101860785e-06, 2.10463713302e-06, 1.78325853994e-06, 1.35958077863e-06],
        "dvar": [2.99194380204e-05, 1.72071650013e-05, 4.34721641795e-06, 6.25209224836e-07, 2.1690345875e-07, 1.56629454295e-07, 7.12917938017e-08, 1.55212745767e-07, 1.49870814425e-07, 5.13846423189e-08, 6.49761204841e-08, 2.89357142691e-08, 1.30916664176e-08, 3.66078047875e-08, 9.89946880026e-09, 1.22368470912e-08, 7.14288139747e-09, 1.09252535907e-08, 3.96467836339e-09, 2.46136444559e-09, 1.53497947686e-09, 1.20435950102e-09, 4.47280018578e-10, 1.84038881357e-10, 2.10346073892e-10, 2.77215639333e-10, 1.5410810128e-10, 8.00210592233e-11, 6.54281073764e-11, 6.40220446102e-11, 4.94714165467e-11, 3.47638653975e-11, 2.47243215484e-11, 1.81433028323e-11, 1.89204745621e-11, 1.12330466109e-11, 5.27406720727e-12, 7.57093346349e-12, 5.48129076849e-12, 3.10111485102e-12],
        "dvar2": [7.32332773623e-05, 4.22652374255e-05, 1.18197258416e-05, 1.67159419107e-06, 5.37254550181e-07, 3.85436436545e-07, 1.72169464463e-07, 3.56274625801e-07, 3.67669173329e-07, 1.25310108956e-07, 1.05715550092e-07, 4.55176909497e-08, 2.73786397997e-08, 7.94958765482e-08, 2.15323634478e-08, 3.00691596067e-08, 1.53649217793e-08, 2.85523942267e-08, 8.75998562577e-09, 5.70743630135e-09, 3.91460286409e-09, 2.67362754158e-09, 9.53561563044e-10, 4.36627650702e-10, 4.83913298321e-10, 5.83881998306e-10, 3.6829697625e-10, 1.88927054556e-10, 1.54572160627e-10, 1.52093893035e-10, 1.16976719977e-10, 7.88932391638e-11, 5.42107678192e-11, 3.49992777815e-11, 4.17054620006e-11, 2.32828339941e-11, 1.08700800097e-11, 1.63735795755e-11, 1.14828589345e-11, 6.26699777143e-12],
        "max": [0.0731131434441, 0.0520926974714, 0.0234770812094, 0.00796381942928, 0.00463217962533, 0.00630630552769, 0.00310267391615, 0.00443863868713, 0.0051057790406, 0.00366691197269, 0.00675474014133, 0.00368211674504, 0.00209732959047, 0.00358483847231, 0.00143114768434, 0.00154855661094, 0.00104311807081, 0.00128217216115, 0.000718480150681, 0.000623311323579, 0.000499501882587, 0.000445551646408, 0.000288537965389, 0.000146544276504, 0.000163817996508, 0.000247590243816, 0.000138067291118, 0.000109101041744, 0.000118178330013, 0.000115034177725, 7.97490065452e-05, 9.39311066759e-05, 6.08282280155e-05, 5.24654715264e-05, 4.52766544186e-05, 3.51473936462e-05, 2.50067205343e-05, 2.40769222728e-05, 2.627070171e-05, 1.87795430975e-05],
        "mean": [0.00519260345027, 0.00316664669663, 0.0012336311629, 0.000781953101978, 0.000369940331439, 0.000225105701247, 0.000187675424968, 0.000243273781962, 0.000198940222617, 0.000181691415492, 0.00017683787155, 0.000116325136332, 7.53489875933e-05, 9.62540652836e-05, 6.95951166563e-05, 6.63093451294e-05, 5.46788651263e-05, 5.97758298682e-05, 4.9177040637e-05, 3.98976153519e-05, 4.11797918787e-05, 3.34000469593e-05, 2.13760122278e-05, 1.57559534273e-05, 1.68872193171e-05, 1.95083321159e-05, 1.24487232824e-05, 6.39105655864e-06, 4.95278845847e-06, 4.07617744713e-06, 4.01470970246e-06, 4.58722797703e-06, 4.98324197906e-06, 4.0999916564e-06, 3.74059118258e-06, 2.72684292213e-06, 1.91069557332e-06, 1.94296876543e-06, 1.6250361341e-06, 1.29965417273e-06],
        "median": [0.0030136583373, 0.00172815541737, 0.00065885100048, 0.000512459257152, 0.000188392121345, 9.09806985874e-05, 8.82574604475e-05, 8.15327875898e-05, 6.66780688334e-05, 6.15839744569e-05, 4.43834687758e-05, 3.78449840355e-05, 2.54427541222e-05, 3.3255037124e-05, 1.97741410375e-05, 1.77787351276e-05, 1.36109720188e-05, 1.76103494596e-05, 1.63145305123e-05, 1.42219632835e-05, 1.85253738891e-05, 1.11662266136e-05, 8.3906825239e-06, 6.90895967637e-06, 8.64210687723e-06, 8.65921538207e-06, 6.26875953458e-06, 2.98026247947e-06, 2.29832335208e-06, 1.40310476127e-06, 1.47438527165e-06, 1.56880275881e-06, 1.97924987333e-06, 1.51882261434e-06, 1.54769782057e-06, 1.04672994894e-06, 7.50269634864e-07, 6.30598265161e-07, 4.53107475096e-07, 3.26486031099e-07],
        "min": [1.49857432019e-10, 7.75995032121e-11, 8.45139166983e-11, 2.0604265516e-10, 2.56692056499e-10, 2.29582436395e-10, 1.02298824967e-09, 3.01979841133e-09, 3.30917537816e-09, 1.14158982267e-09, 7.22048698609e-10, 1.39633049567e-09, 1.4148150429e-09, 1.20105869694e-09, 1.50457790671e-09, 1.02128561164e-09, 3.33346072967e-10, 4.06098904504e-11, 3.45482496777e-11, 1.45375156357e-10, 6.09287453823e-10, 3.54686086057e-10, 3.13858217194e-10, 2.91675933406e-10, 9.08377262299e-11, 1.68685378166e-11, 5.38423038793e-12, 3.25415866129e-12, 9.02903728346e-13, 5.65234220106e-13, 6.59576831086e-13, 1.04387223691e-12, 4.64926317931e-12, 1.30746923704e-11, 1.38291799887e-11, 4.26334748754e-12, 1.77634220267e-12, 3.48214556148e-12, 3.48906732499e-12, 3.20857815143e-12],
        "stdev": [0.00711885560304, 0.00489057227969, 0.0020796218887, 0.00088159670122, 0.000532904057764, 0.000461133255158, 0.000308765389491, 0.000467353267595, 0.000420312513597, 0.000332268304192, 0.000444181030616, 0.000286209426122, 0.000167319667526, 0.000237153930357, 0.00014141718566, 0.000140474570799, 0.000110905479232, 0.000124420184875, 8.59603533172e-05, 6.6320397309e-05, 5.64245492569e-05, 5.02264265378e-05, 3.39236758009e-05, 2.07953544304e-05, 2.13105740841e-05, 2.59600183199e-05, 1.66098161571e-05, 1.04103964986e-05, 8.82936274138e-06, 8.3762115537e-06, 7.68577410781e-06, 7.67961137171e-06, 7.14167617843e-06, 6.03106855124e-06, 5.65250047657e-06, 4.36609616372e-06, 2.95855988952e-06, 3.31547448695e-06, 2.84638531411e-06, 2.25694930123e-06],
        "var": [5.06781070726e-05, 2.39176970354e-05, 4.32482693213e-06, 7.77212733283e-07, 2.83986707927e-07, 2.12643882946e-07, 9.53360697054e-08, 2.18419074827e-07, 1.76662609874e-07, 1.10402233133e-07, 1.97296799342e-07, 8.19158429977e-08, 2.79958705107e-08, 5.62419835148e-08, 1.99988203775e-08, 1.97331040397e-08, 1.23000258867e-08, 1.54803814212e-08, 7.38918215504e-09, 4.39839542565e-09, 3.1837297243e-09, 2.52269405365e-09, 1.15081577601e-09, 4.3244674508e-10, 4.54140586248e-10, 6.73922584404e-10, 2.75886008483e-10, 1.08376363439e-10, 7.7957647282e-11, 7.01609256804e-11, 5.9071129932e-11, 5.89764348469e-11, 5.10035381984e-11, 3.63737893971e-11, 3.1950761481e-11, 1.90627947455e-11, 8.75307725606e-12, 1.09923710759e-11, 8.10190890072e-12, 5.09381989713e-12]
    },
    "melbands128": {
