{
"lowlevel": {
    "average_loudness": 0.478059887886,
    "barkbands_crest": {
        "dmean": 1.52830994129,
        "dmean2": 2.22516751289,
        "dvar": 2.89768815041,
        "dvar2": 6.43214893341,
        "max": 23.0786056519,
        "mean": 10.8603858948,
        "median": 9.83456897736,
        "min": 2.72010660172,
        "stdev": 4.48217487335,
        "var": 20.0898914337
    },
    "barkbands_flatness_db": {
        "dmean": 0.0131053412333,
        "dmean2": 0.0193587522954,
        "dvar": 0.000276187405689,
        "dvar2": 0.000525393872522,
        "max": 0.285188138485,
        "mean": 0.190440490842,
        "median": 0.195469453931,
        "min": 0.0396080166101,
        "stdev": 0.039858173579,
        "var": 0.00158867402934
    },
    "barkbands_kurtosis": {
        "dmean": 1.2258348465,
        "dmean2": 1.76206958294,
        "dvar": 2.64796423912,
        "dvar2": 5.82617378235,
        "max": 21.3069057465,
        "mean": 2.38983798027,
        "median": 1.73838758469,
        "min": -1.74519443512,
        "stdev": 3.23260164261,
        "var": 10.449713707
    },
    "barkbands_skewness": {
        "dmean": 0.29619410634,
        "dmean2": 0.403583824635,
        "dvar": 0.114380665123,
        "dvar2": 0.207846403122,
        "max": 3.99422574043,
        "mean": 1.01638948917,
        "median": 1.01371395588,
        "min": -2.06733798981,
        "stdev": 0.817277550697,
        "var": 0.667942643166
    },
    "barkbands_spread": {
        "dmean": 2.93223047256,
        "dmean2": 4.18220806122,
        "dvar": 25.1575393677,
        "dvar2": 49.5819625854,
        "max": 78.0975418091,
        "mean": 15.5039834976,
        "median": 11.9557142258,
        "min": 2.94709730148,
        "stdev": 10.7837944031,
        "var": 116.290214539
    },
    "dissonance": {
        "dmean": 0.0228667873889,
        "dmean2": 0.0381621345878,
        "dvar": 0.000561379711144,
        "dvar2": 0.00153352506459,
        "max": 0.498857617378,
        "mean": 0.433907240629,
        "median": 0.439115941525,
        "min": 0.247631937265,
        "stdev": 0.0392626523972,
        "var": 0.00154155585915
    },
    "dynamic_complexity": 4.00063180923,
    "erbbands_crest": {
        "dmean": 1.99419355392,
        "dmean2": 2.86502313614,
        "dvar": 4.07225751877,
        "dvar2": 9.0362739563,
        "max": 29.6390323639,
        "mean": 12.3837270737,
        "median": 10.6707706451,
        "min": 3.21169376373,
        "stdev": 5.88963460922,
        "var": 34.6877975464
    },
    "erbbands_flatness_db": {
        "dmean": 0.0119636664167,
        "dmean2": 0.0168938487768,
        "dvar": 0.000228385237278,
        "dvar2": 0.000423414487159,
        "max": 0.336025238037,
        "mean": 0.233447834849,
        "median": 0.240056797862,
        "min": 0.0732217133045,
        "stdev": 0.0413808301091,
        "var": 0.0017123731086
    },
    "erbbands_kurtosis": {
        "dmean": 0.87834995985,
        "dmean2": 1.30072295666,
        "dvar": 1.22275733948,
        "dvar2": 2.64376425743,
        "max": 16.4047355652,
        "mean": 1.1330165863,
        "median": 0.258039712906,
        "min": -1.70534336567,
        "stdev": 2.68753743172,
        "var": 7.22285795212
    },
    "erbbands_skewness": {
        "dmean": 0.303154289722,
        "dmean2": 0.412146002054,
        "dvar": 0.10121910274,
        "dvar2": 0.179734066129,
        "max": 3.11840176582,
        "mean": 0.443451195955,
        "median": 0.478216081858,
        "min": -3.19331860542,
        "stdev": 0.914015650749,
        "var": 0.835424602032
    },
    "erbbands_spread": {
        "dmean": 4.1037735939,
        "dmean2": 5.99548387527,
        "dvar": 26.4621353149,
        "dvar2": 58.8029937744,
        "max": 69.6478729248,
        "mean": 23.9798545837,
        "median": 22.8596363068,
        "min": 3.50950527191,
        "stdev": 11.3965454102,
        "var": 129.881240845
    },
    "hfc": {
        "dmean": 3.08823347092,
        "dmean2": 4.13561153412,
        "dvar": 59.4704742432,
        "dvar2": 88.3645935059,
        "max": 206.641647339,
        "mean": 15.6350040436,
        "median": 8.2564125061,
        "min": 1.16675876809e-16,
        "stdev": 21.1970863342,
        "var": 449.316497803
    },
    "loudness_ebu128": {
        "integrated": -15.1108512878,
        "loudness_range": 7.86259078979,
        "momentary": {
            "dmean": 0.496620118618,
            "dmean2": 0.425397157669,
            "dvar": 0.201311126351,
            "dvar2": 0.193443059921,
            "max": -8.61358642578,
            "mean": -16.3050746918,
            "median": -16.0133781433,
            "min": -22.6148166656,
            "stdev": 3.24804210663,
            "var": 10.5497779846
        },
        "short_term": {
            "dmean": 0.1355651021,
            "dmean2": 0.0660205557942,
            "dvar": 0.012437033467,
            "dvar2": 0.00564965698868,
            "max": -10.713133812,
            "mean": -15.8722734451,
            "median": -15.7543420792,
            "min": -20.813085556,
            "stdev": 2.30102300644,
            "var": 5.29470729828
        }
    },
    "melbands_crest": {
        "dmean": 1.75336563587,
        "dmean2": 2.57908558846,
        "dvar": 3.70174026489,
        "dvar2": 8.75423049927,
        "max": 28.3645648956,
        "mean": 13.4900140762,
        "median": 12.3851985931,
        "min": 1.67274367809,
        "stdev": 4.85220432281,
        "var": 23.543888092
    },
    "melbands_flatness_db": {
        "dmean": 0.0156303625554,
        "dmean2": 0.0216207765043,
        "dvar": 0.000465815042844,
        "dvar2": 0.000739835319109,
        "max": 0.37076574564,
        "mean": 0.254834145308,
        "median": 0.259823173285,
        "min": 0.00525215966627,
        "stdev": 0.056084331125,
        "var": 0.00314545212314
    },
    "melbands_kurtosis": {
        "dmean": 1.88584911823,
        "dmean2": 2.68046879768,
        "dvar": 6.6033449173,
        "dvar2": 14.1245584488,
        "max": 40.3298034668,
        "mean": 4.95891809464,
        "median": 3.82391166687,
        "min": -1.81827521324,
        "stdev": 4.88369655609,
        "var": 23.8504905701
    },
    "melbands_skewness": {
        "dmean": 0.307605415583,
        "dmean2": 0.427478134632,
        "dvar": 0.113634496927,
        "dvar2": 0.23728364706,
        "max": 5.08934593201,
        "mean": 1.49652576447,
        "median": 1.51663148403,
        "min": -1.13412451744,
        "stdev": 0.946934103966,
        "var": 0.896684229374
    },
    "melbands_spread": {
        "dmean": 4.61981582642,
        "dmean2": 6.2137169838,
        "dvar": 113.179832458,
        "dvar2": 145.918457031,
        "max": 184.371261597,
        "mean": 21.5903778076,
        "median": 15.2989187241,
        "min": 3.64540958405,
        "stdev": 24.1984825134,
        "var": 585.56652832
    },
    "pitch_salience": {
        "dmean": 0.0436388142407,
        "dmean2": 0.0646102502942,
        "dvar": 0.00201246887445,
        "dvar2": 0.00456610694528,
        "max": 0.924232184887,
        "mean": 0.513090908527,
        "median": 0.511891126633,
        "min": 0.235954731703,
        "stdev": 0.0986758619547,
        "var": 0.00973692629486
    },
    "silence_rate_20dB": {
        "dmean": 0,
        "dmean2": 0,
        "dvar": 0,
        "dvar2": 0,
        "max": 1,
        "mean": 1,
        "median": 1,
        "min": 1,
        "stdev": 0,
        "var": 0
    },
    "silence_rate_30dB": {
        "dmean": 0,
        "dmean2": 0,
        "dvar": 0,
        "dvar2": 0,
        "max": 1,
        "mean": 1,
        "median": 1,
        "min": 1,
        "stdev": 0,
        "var": 0
    },
    "silence_rate_60dB": {
        "dmean": 0.0185758508742,
        "dmean2": 0.0364058874547,
        "dvar": 0.0182309467345,
        "dvar2": 0.0428256988525,
        "max": 1,
        "mean": 0.0324825979769,
        "median": 0,
        "min": 0,
        "stdev": 0.177278533578,
        "var": 0.0314276777208
    },
    "spectral_centroid": {
        "dmean": 156.337371826,
        "dmean2": 212.153900146,
        "dvar": 126382.835938,
        "dvar2": 139114.640625,
        "max": 10717.9921875,
        "mean": 1059.51794434,
        "median": 861.488647461,
        "min": 454.02154541,
        "stdev": 693.912658691,
        "var": 481514.8125
    },
    "spectral_complexity": {
        "dmean": 1.84674918652,
        "dmean2": 2.8659954071,
        "dvar": 4.3402929306,
        "dvar2": 7.62188053131,
        "max": 46,
        "mean": 14.539056778,
        "median": 14,
        "min": 0,
        "stdev": 4.81085252762,
        "var": 23.1443023682
    },
    "spectral_decrease": {
        "dmean": 7.30901839052e-10,
        "dmean2": 1.07947950578e-09,
        "dvar": 1.37537895049e-18,
        "dvar2": 3.10307935287e-18,
        "max": 3.8419542894e-29,
        "mean": -4.78217110356e-09,
        "median": -3.35310756938e-09,
        "min": -2.62331347756e-08,
        "stdev": 4.47841141948e-09,
        "var": 2.00561668935e-17
    },
    "spectral_energy": {
        "dmean": 0.00300200050697,
        "dmean2": 0.00440344912931,
        "dvar": 2.25112926273e-05,
        "dvar2": 5.08739431098e-05,
        "max": 0.107725158334,
        "mean": 0.0194671396166,
        "median": 0.0137794669718,
        "min": 1.04378480297e-20,
        "stdev": 0.0182180590928,
        "var": 0.000331897666911
    },
    "spectral_energyband_high": {
        "dmean": 0.000200795082492,
        "dmean2": 0.000249740318395,
        "dvar": 1.20981189866e-06,
        "dvar2": 1.4624549749e-06,
        "max": 0.0327426791191,
        "mean": 0.000468241632916,
        "median": 3.3636304579e-05,
        "min": 7.79072385894e-21,
        "stdev": 0.00247370498255,
        "var": 6.11921586824e-06
    },
    "spectral_energyband_low": {
        "dmean": 0.000371853326214,
        "dmean2": 0.000609682872891,
        "dvar": 4.75623096463e-07,
        "dvar2": 1.26562792957e-06,
        "max": 0.0097706252709,
        "mean": 0.00177532527596,
        "median": 0.00148617220111,
        "min": 8.02082403319e-23,
        "stdev": 0.00120885448996,
        "var": 1.46132924783e-06
    },
    "spectral_energyband_middle_high": {
        "dmean": 0.00119112967514,
        "dmean2": 0.00163382233586,
        "dvar": 8.54468271427e-06,
        "dvar2": 2.17497054109e-05,
        "max": 0.0886726155877,
        "mean": 0.00537987984717,
        "median": 0.00210504070856,
        "min": 1.42262918163e-21,
        "stdev": 0.011724518612,
        "var": 0.000137464347063
    },
    "spectral_energyband_middle_low": {
        "dmean": 0.00233208294958,
        "dmean2": 0.00340725551359,
        "dvar": 1.45152953337e-05,
        "dvar2": 2.93952816719e-05,
        "max": 0.0681454092264,
        "mean": 0.0125229945406,
        "median": 0.00936141144484,
        "min": 3.04385678459e-22,
        "stdev": 0.0118529926986,
        "var": 0.000140493444633
    },
    "spectral_entropy": {
        "dmean": 0.114559300244,
        "dmean2": 0.162503659725,
        "dvar": 0.0299584157765,
        "dvar2": 0.0458609089255,
        "max": 9.79859352112,
        "mean": 6.82217502594,
        "median": 6.75723218918,
        "min": 5.75569820404,
        "stdev": 0.432142019272,
        "var": 0.1867467314
    },
    "spectral_flux": {
        "dmean": 0.0117670334876,
        "dmean2": 0.0183033999056,
        "dvar": 0.000276496342849,
        "dvar2": 0.000613294483628,
        "max": 0.26293182373,
        "mean": 0.0420746169984,
        "median": 0.0289837941527,
        "min": 1.02165789717e-10,
        "stdev": 0.0328467339277,
        "var": 0.00107890798245
    },
    "spectral_kurtosis": {
        "dmean": 4.18762874603,
        "dmean2": 7.23714208603,
        "dvar": 17.1905193329,
        "dvar2": 50.4183006287,
        "max": 36.1696472168,
        "mean": 9.52220439911,
        "median": 8.42050552368,
        "min": -1.17940163612,
        "stdev": 5.73186302185,
        "var": 32.8542518616
    },
    "spectral_rms": {
        "dmean": 0.000322159117786,
        "dmean2": 0.000463650299935,
        "dvar": 2.00785066795e-07,
        "dvar2": 3.97458052248e-07,
        "max": 0.0102517176419,
        "mean": 0.00395698379725,
        "median": 0.00366652174853,
        "min": 3.19112314698e-12,
        "stdev": 0.00182608875912,
        "var": 3.33460002366e-06
    },
    "spectral_rolloff": {
        "dmean": 280.197662354,
        "dmean2": 424.309356689,
        "dvar": 539252.6875,
        "dvar2": 701027.625,
        "max": 18884.6191406,
        "mean": 1264.6661377,
        "median": 925.927734375,
        "min": 301.46484375,
        "stdev": 1274.20935059,
        "var": 1623609.5
    },
    "spectral_skewness": {
        "dmean": 0.378328770399,
        "dmean2": 0.634629249573,
        "dvar": 0.123655848205,
        "dvar2": 0.335974663496,
        "max": 4.25426292419,
        "mean": 2.02120089531,
        "median": 2.03178524971,
        "min": 0.0720641091466,
        "stdev": 0.614048242569,
        "var": 0.377055227757
    },
    "spectral_spread": {
        "dmean": 334058.3125,
        "dmean2": 477373.625,
        "dvar": 909881114624,
        "dvar2": 767659278336,
        "max": 39498560,
        "mean": 2887665.5,
        "median": 2656632,
        "min": 1328841.875,
        "stdev": 1647955.125,
        "var": 2.71575600333e+12
    },
    "spectral_strongpeak": {
        "dmean": 0.436101019382,
        "dmean2": 0.722554981709,
        "dvar": 0.573592424393,
        "dvar2": 1.48750698566,
        "max": 10.5540552139,
        "mean": 1.60883700848,
        "median": 1.00046873093,
        "min": 2.90038837392e-09,
        "stdev": 1.78323745728,
        "var": 3.17993569374
    },
    "zerocrossingrate": {
        "dmean": 0.00640925811604,
        "dmean2": 0.00677769165486,
        "dvar": 0.000329059839714,
        "dvar2": 0.000308567192405,
        "max": 0.5048828125,
        "mean": 0.0461106672883,
        "median": 0.0380859375,
        "min": 0.0078125,
        "stdev": 0.0367240086198,
        "var": 0.00134865287691
    },
    "barkbands": {
        "dmean": [3.1272918477e-06, 0.000152112304932, 0.000208383673453, 0.000201248927624, 0.000482127157738, 0.000990663422272, 0.0006678996142, 0.0004490466672, 0.000629117595963, 0.00072022411041, 0.000358019111445, 0.000229531404329, 0.000121164608572, 0.000213126273593, 0.000211704973481, 7.93057915871e-05, 0.000151557120262, 5.97521502641e-05, 4.86112621729e-05, 5.12687875016e-05, 0.000107820902485, 6.11422874499e-05, 3.07717673422e-05, 1.51796884893e-05, 1.57197464432e-05, 7.57569159759e-06, 4.03858280151e-07],
        "dmean2": [5.38455333299e-06, 0.000239350905758, 0.000345256004948, 0.000348698609741, 0.000744920980651, 0.00146071950439, 0.000991006265394, 0.000634375493973, 0.000785826705396, 0.000981175224297, 0.000517709355336, 0.000300999818137, 0.000169104212546, 0.000296273763524, 0.000265799229965, 0.000110654866148, 0.0002165116166, 8.53244710015e-05, 7.64715659898e-05, 7.33448396204e-05, 0.000128152139951, 8.92152820597e-05, 4.26870064985e-05, 2.10553953366e-05, 1.91400704352e-05, 9.22877734411e-06, 6.83932910306e-07],
        "dvar": [5.9485513737e-11, 4.98954477735e-08, 2.35912722246e-07, 3.64798296459e-07, 1.25280189422e-06, 3.76201342078e-06, 3.56346913577e-06, 1.57174690685e-06, 3.31150408783e-06, 7.42722477298e-06, 2.94757046504e-06, 4.88657178721e-07, 1.31626990196e-07, 3.66536454521e-07, 1.60116641723e-07, 7.39935117622e-08, 5.15903515463e-08, 9.17150444479e-08, 5.99913221322e-08, 3.99206676605e-08, 4.09408897895e-07, 1.44905882848e-07, 3.21150395166e-08, 7.06070535372e-09, 8.52681569796e-09, 2.24952612093e-09, 1.98855393957e-11],
        "dvar2": [1.59994559268e-10, 1.1776268849e-07, 6.45364366392e-07, 1.07669166027e-06, 3.0481878639e-06, 7.86762302596e-06, 7.88783927419e-06, 3.06620904666e-06, 5.59119416721e-06, 1.60499894264e-05, 6.32975661574e-06, 8.88329623194e-07, 2.63922999011e-07, 6.6966651957e-07, 3.07446043735e-07, 1.50807252908e-07, 1.19982587421e-07, 1.61020082601e-07, 1.3335902338e-07, 6.61777477262e-08, 5.13014640546e-07, 3.41679452731e-07, 7.04045248767e-08, 1.35100792775e-08, 1.17369332031e-08, 2.74480305151e-09, 5.1977599308e-11],
        "max": [0.000149748229887, 0.00562075991184, 0.00744011765346, 0.00979624595493, 0.0223808083683, 0.0301344264299, 0.0343968905509, 0.033302128315, 0.0461109876633, 0.0713665783405, 0.0400156714022, 0.0257928855717, 0.00879654753953, 0.013179496862, 0.00995244272053, 0.00814660359174, 0.00511614186689, 0.00946600735188, 0.00747570814565, 0.00403473107144, 0.0186659116298, 0.0110417166725, 0.00543757202104, 0.00209535751492, 0.00267450534739, 0.00170878029894, 0.00012053980754],
        "mean": [1.05817362055e-05, 0.0008701668703, 0.000644739018753, 0.000473997468362, 0.00139437732287, 0.00343187595718, 0.00204698974267, 0.00153852743097, 0.00251082982868, 0.00291404058225, 0.00082287058467, 0.00057463964913, 0.000233266560826, 0.000450746098068, 0.000380897719879, 0.000181972121936, 0.000280871900031, 0.000103165315522, 7.71502163843e-05, 9.12861723918e-05, 0.000202620140044, 0.000100597899291, 5.55052829441e-05, 2.81190350506e-05, 3.08703492919e-05, 1.6114950995e-05, 3.48896548985e-07],
        "median": [9.584862255e-07, 0.000883478089236, 0.000485432625283, 0.000171878607944, 0.000841562112328, 0.00157460547052, 0.000441732321633, 0.000132927612867, 0.000337992678396, 0.000204811542062, 0.000204061769182, 0.00024368983577, 0.000105684586742, 0.000104412436485, 0.000171901017893, 2.69150714303e-05, 0.000192913037608, 3.39917460224e-05, 3.94655617129e-05, 3.21878105751e-05, 9.32306102186e-06, 8.02789236332e-06, 2.71918315775e-06, 5.66028631965e-07, 6.73869521961e-07, 3.82330682669e-07, 1.50841099611e-08],
        "min": [4.25229712275e-24, 6.94886934808e-23, 8.36165422719e-24, 1.04964175441e-24, 3.49733278176e-23, 3.43567257351e-23, 9.95890192276e-23, 3.525569269e-23, 7.58397810743e-23, 9.03853096266e-23, 4.32171072929e-23, 9.76843051056e-23, 9.91132919255e-23, 9.90291741095e-23, 1.06413663178e-22, 1.19662689366e-22, 1.11464379833e-22, 2.90061580008e-22, 2.36121694689e-22, 3.31535292078e-22, 4.53708969882e-22, 4.0115700013e-22, 6.25659190204e-22, 1.05274040635e-21, 9.72122204477e-22, 1.77874103763e-21, 2.55159369578e-21],
        "stdev": [2.14333012991e-05, 0.00063149392372, 0.000735336681828, 0.000857163395267, 0.00180178356823, 0.00438229506835, 0.00406338181347, 0.0043153106235, 0.00578879378736, 0.00916149374098, 0.0030695151072, 0.00160340755247, 0.000568660965655, 0.00113762554247, 0.000620625680313, 0.000632787705399, 0.000312398653477, 0.000429381791037, 0.000304245884763, 0.000347891909769, 0.00121728226077, 0.000532374426257, 0.000287212984404, 0.000159419229021, 0.000191008832189, 0.000108431006083, 3.85147131965e-06],
        "var": [4.59386390039e-10, 3.98784607114e-07, 5.40720009212e-07, 7.34729042051e-07, 3.24642405758e-06, 1.92045117728e-05, 1.65110723174e-05, 1.86219058378e-05, 3.3510132198e-05, 8.39329732116e-05, 9.42192309594e-06, 2.57091573985e-06, 3.23375303424e-07, 1.29419174755e-06, 3.85176264217e-07, 4.00420304913e-07, 9.7592916859e-08, 1.8436871585e-07, 9.25655498918e-08, 1.21028790545e-07, 1.48177616666e-06, 2.83422536995e-07, 8.24913044539e-08, 2.54144918443e-08, 3.64843764089e-08, 1.17572831471e-08, 1.48338320793e-11]
    },
    "erbbands": {
        "dmean": [0.0029241531156, 0.0406955070794, 0.186020612717, 0.434545665979, 0.899681985378, 2.00810480118, 5.72143316269, 7.01629638672, 10.3234195709, 6.62607383728, 13.2938318253, 14.4465265274, 18.2692661285, 21.4181594849, 8.58605003357, 9.86746883392, 5.64402008057, 10.5128650665, 8.83102703094, 7.65486526489, 4.29065895081, 9.09246253967, 3.39755344391, 3.225492239, 2.48040604591, 2.05694246292, 3.88687109947, 3.93872380257, 2.32296943665, 1.4820445776, 0.746232271194, 0.399219840765, 0.214366942644, 0.189283415675, 0.105076961219, 0.0424839295447, 0.0144564164802, 0.00195874529891, 4.55298140878e-05, 4.78006904814e-06],
        "dmean2": [0.00443995930254, 0.0645001083612, 0.311795383692, 0.733597576618, 1.46216213703, 2.99769067764, 9.02839851379, 10.0248813629, 15.1668491364, 9.10182857513, 18.6453170776, 17.0897045135, 21.6667175293, 32.5415763855, 11.5241985321, 12.7246379852, 7.59967756271, 14.7800607681, 11.5803136826, 9.52516937256, 5.86841678619, 13.142165184, 4.81150531769, 4.64448976517, 4.03421783447, 2.88497805595, 4.95299291611, 4.72615289688, 3.43117308617, 2.25539374352, 1.01020729542, 0.611785888672, 0.263541638851, 0.232315555215, 0.135419905186, 0.0474904440343, 0.0176886282861, 0.00256524281576, 6.26440232736e-05, 6.72996611684e-06],
        "dvar": [2.71623175649e-05, 0.00344187696464, 0.171923309565, 1.4999268055, 4.28983068466, 26.0693912506, 91.2354125977, 339.071899414, 891.127624512, 345.885955811, 1344.9708252, 2023.96435547, 2739.22998047, 10803.3603516, 2344.41918945, 486.231231689, 216.093902588, 732.116210938, 399.130340576, 249.648925781, 145.418685913, 212.378707886, 337.188781738, 46.1276321411, 249.279968262, 97.5447311401, 526.832641602, 521.161621094, 182.066665649, 86.8291702271, 15.5234889984, 4.91886806488, 1.43366777897, 1.27124392986, 0.407888025045, 0.0517295561731, 0.0103291813284, 0.000348507455783, 1.62803132753e-07, 1.61450824931e-10],
        "dvar2": [5.94889897911e-05, 0.00841030105948, 0.46132466197, 4.25991153717, 12.5407600403, 66.1586914062, 234.148498535, 681.133117676, 2011.25817871, 682.053649902, 2754.65136719, 3050.76269531, 4242.63037109, 29385.0839844, 3610.9465332, 965.375793457, 441.192352295, 1448.97412109, 761.418640137, 532.850769043, 333.118652344, 496.120117188, 596.469177246, 83.5099334717, 647.096313477, 167.977096558, 787.848571777, 630.014709473, 396.130889893, 207.86038208, 29.8641910553, 10.5229539871, 2.22492170334, 2.09900736809, 0.596135735512, 0.0639213249087, 0.0160076227039, 0.000592131051235, 3.05802416278e-07, 2.5934535075e-10],
        "max": [0.096132799983, 1.48076629639, 6.90794849396, 15.0652170181, 31.7421531677, 113.122642517, 138.150878906, 315.450744629, 579.024414062, 369.143463135, 895.699157715, 1245.68444824, 1356.40039062, 3369.73461914, 1590.58349609, 822.796936035, 355.159820557, 772.718994141, 475.900543213, 346.709503174, 372.79095459, 306.438323975, 573.48248291, 206.386444092, 455.964294434, 193.110916138, 508.200714111, 713.235107422, 370.824462891, 269.658111572, 125.732185364, 48.5275650024, 30.7697124481, 29.2992324829, 18.3479213715, 7.55067014694, 3.64942073822, 0.689720928669, 0.0145351672545, 0.000450706167612],
        "mean": [0.0216587949544, 0.212542161345, 0.682528734207, 1.29031157494, 2.65876221657, 5.62258672714, 13.7075090408, 27.9959068298, 33.7336044312, 21.7504024506, 48.6818580627, 59.0296592712, 77.5906295776, 85.3601989746, 22.5426597595, 26.3995285034, 13.0274238586, 24.5800914764, 17.7770423889, 15.6606578827, 10.3214759827, 16.6533031464, 6.27316141129, 5.05214548111, 4.13447475433, 3.76596784592, 7.24913597107, 7.00517272949, 3.91713500023, 2.57270121574, 1.38431203365, 0.732437729836, 0.408590763807, 0.363635182381, 0.204358279705, 0.0852267667651, 0.0270913280547, 0.00296193291433, 7.7894590504e-05, 2.5919320251e-05],
        "median": [0.0170636568218, 0.206066220999, 0.480373173952, 0.678068161011, 1.51313626766, 3.06083917618, 6.06536102295, 8.35255813599, 7.28080129623, 5.12454414368, 7.11777019501, 9.02547836304, 5.1444401741, 15.3511428833, 3.96122455597, 11.688079834, 6.91971921921, 7.00570440292, 7.90924215317, 7.2118844986, 4.68384933472, 10.9423122406, 1.94950115681, 3.2866268158, 1.76524174213, 0.736371040344, 0.323068141937, 0.394297093153, 0.280451893806, 0.235579892993, 0.0561354644597, 0.01666463539, 0.00940984394401, 0.00661063892767, 0.00490966020152, 0.00256649567746, 0.000460365670733, 6.90059823683e-05, 1.01893101601e-05, 1.66450790857e-05],
        "min": [9.97457538988e-22, 1.82631963443e-20, 2.12657084871e-20, 5.37792969669e-21, 5.25826016885e-20, 1.0151371796e-19, 3.82698238174e-19, 1.93904124903e-19, 9.7821676137e-19, 1.64230372351e-18, 7.41020962962e-19, 1.73419604494e-18, 1.91113793958e-18, 3.57307407114e-18, 2.20439042393e-18, 3.65901027857e-18, 4.578055502e-18, 6.33934801925e-18, 3.10022433899e-18, 7.22568569409e-18, 7.47000589571e-18, 6.64155556092e-18, 1.04416621725e-17, 1.95844373706e-17, 1.22608416162e-17, 1.47775336668e-17, 1.82005460079e-17, 1.81950833071e-17, 1.2235422356e-17, 1.7838087044e-17, 1.8893177422e-17, 2.09602769573e-17, 1.59782558091e-17, 9.56002577866e-18, 8.05707831032e-18, 6.68003393506e-18, 3.2471946883e-18, 1.210573243e-18, 3.12750604806e-19, 4.16874633361e-20],
        "stdev": [0.0204563401639, 0.148065805435, 0.71494615078, 1.85479998589, 3.41858315468, 8.11679172516, 16.4972362518, 43.6879081726, 62.8154754639, 43.8963127136, 117.202163696, 141.382644653, 188.714447021, 368.691497803, 90.7776870728, 64.9915313721, 25.0798816681, 57.3265838623, 29.9330654144, 25.2448120117, 26.599937439, 20.3236198425, 25.2108592987, 9.11995410919, 18.5023384094, 16.7683944702, 42.8151092529, 42.8252258301, 20.9321613312, 12.7829275131, 7.18703603745, 4.01759147644, 2.40858125687, 2.26874876022, 1.25894618034, 0.517994344234, 0.202211603522, 0.0263665337116, 0.000553937861696, 3.16389559885e-05],
        "var": [0.00041846188833, 0.0219234805554, 0.511147975922, 3.44028306007, 11.6867113113, 65.8823013306, 272.158782959, 1908.63342285, 3945.78393555, 1926.88635254, 13736.3466797, 19989.0527344, 35613.1445312, 135933.421875, 8240.58886719, 4223.89941406, 629.000427246, 3286.3371582, 895.98840332, 637.300537109, 707.556640625, 413.049560547, 635.587463379, 83.1735687256, 342.336517334, 281.179077148, 1833.13342285, 1834, 438.15536499, 163.40322876, 51.6534843445, 16.1410427094, 5.80126333237, 5.14722061157, 1.58494544029, 0.268318116665, 0.0408895350993, 0.000695194059517, 3.06847141474e-07, 1.00102348632e-09]
    },
    "gfcc": {
        "mean": [-65.1857681274, 146.539215088, -144.438980103, 16.4826526642, -45.155330658, -6.90863227844, -28.0404129028, -2.24681973457, -16.8667545319, -1.59934282303, -14.1927146912, 3.25518226624, -7.41243505478],
        "cov": [[5514.00195312, -1766.17468262, 396.627105713, -133.331069946, -1295.02539062, 693.402648926, -548.148986816, 306.21105957, 182.222335815, 146.861740112, -345.948364258, 123.598503113, -193.444168091], [-1766.17468262, 1941.61962891, -526.571350098, -229.823120117, 817.7734375, -540.524536133, 355.08380127, -160.887649536, 65.2994003296, -146.823379517, 215.02053833, -111.078346252, 139.091430664], [396.627105713, -526.571350098, 383.817382812, 95.5448226929, -235.265548706, 159.705307007, -117.5442276, 80.7615356445, -20.9667987823, 83.9208145142, -32.3770179749, 60.7504005432, -42.4451789856], [-133.331069946, -229.823120117, 95.5448226929, 344.640197754, 63.914768219, 6.10915708542, -15.8632173538, -50.717300415, -50.1640396118, 8.24105167389, -2.19767189026, -4.48507738113, -12.5663642883], [-1295.02539062, 817.7734375, -235.265548706, 63.914768219, 697.422607422, -247.854736328, 259.164550781, -100.486045837, -82.364616394, -30.0017871857, 109.553657532, -42.7528991699, 112.842819214], [693.402648926, -540.524536133, 159.705307007, 6.10915708542, -247.854736328, 308.456115723, -67.4664916992, 58.5489082336, -10.4385471344, 47.5959472656, -42.2730522156, 54.6586380005, -31.7181777954], [-548.148986816, 355.08380127, -117.5442276, -15.8632173538, 259.164550781, -67.4664916992, 297.908752441, 5.12911462784, -60.1073913574, 3.39781212807, 67.574005127, 3.44026756287, 64.641784668], [306.21105957, -160.887649536, 80.7615356445, -50.717300415, -100.486045837, 58.5489082336, 5.12911462784, 171.785797119, 60.3617286682, 53.7843894958, 0.783404350281, 40.0159950256, -0.641492545605], [182.222335815, 65.2994003296, -20.9667987823, -50.1640396118, -82.364616394, -10.4385471344, -60.1073913574, 60.3617286682, 232.248214722, 26.9271297455, -26.5105705261, -28.5578136444, -26.4474143982], [146.861740112, -146.823379517, 83.9208145142, 8.24105167389, -30.0017871857, 47.5959472656, 3.39781212807, 53.7843894958, 26.9271297455, 166.21736145, 29.5482273102, 16.4236507416, 13.4235286713], [-345.948364258, 215.02053833, -32.3770179749, -2.19767189026, 109.553657532, -42.2730522156, 67.574005127, 0.783404350281, -26.5105705261, 29.5482273102, 144.661239624, 32.5368766785, 33.440196991], [123.598503113, -111.078346252, 60.7504005432, -4.48507738113, -42.7528991699, 54.6586380005, 3.44026756287, 40.0159950256, -28.5578136444, 16.4236507416, 32.5368766785, 104.063034058, 24.2961826324], [-193.444168091, 139.091430664, -42.4451789856, -12.5663642883, 112.842819214, -31.7181777954, 64.641784668, -0.641492545605, -26.4474143982, 13.4235286713, 33.440196991, 24.2961826324, 109.060768127]],
        "icov": [[0.000449131708592, -0.000317972735502, 0.000466782570584, -0.00028803726309, 0.000712225562893, -0.000704412930645, 0.000453196436865, -0.000613095180597, 0.000349205103703, -0.000571485317778, 0.000943621969782, -0.000405016791774, 9.25511412788e-05], [-0.000317972735502, 0.00403633434325, -0.000596772413701, 0.00298578408547, -0.00300112995319, 0.00335206999443, -0.0017373097362, 0.00251572183333, -0.00300611322746, 0.00284631224349, -0.00410669017583, 0.00141186127439, -0.000610034388956], [0.000466782570584, -0.000596772413701, 0.00598089909181, -0.00206868420355, 0.00158133357763, -0.00170727621298, 0.00188310060184, -0.00269176461734, 0.00197217985988, -0.00278748525307, 0.00189786532428, -0.00212832842954, 0.00112727459054], [-0.00028803726309, 0.00298578408547, -0.00206868420355, 0.00596487615258, -0.00315746548586, 0.00242441287264, -0.00114875787403, 0.00319977407344, -0.0020712625701, 0.0021005643066, -0.00299469614401, 0.00124012806918, 0.000116237984912], [0.000712225562893, -0.00300112995319, 0.00158133357763, -0.00315746548586, 0.00646087760106, -0.00136266741902, -0.000333360134391, -0.00150511099491, 0.00268924096599, -0.002644818509, 0.0028049852699, -0.00056529219728, -0.00130652461667], [-0.000704412930645, 0.00335206999443, -0.00170727621298, 0.00242441287264, -0.00136266741902, 0.00876152794808, -0.00242003472522, 0.00245879753493, -0.00197326252237, 0.00171037146356, -0.00287819188088, -0.000369993387721, -0.000226836506044], [0.000453196436865, -0.0017373097362, 0.00188310060184, -0.00114875787403, -0.000333360134391, -0.00242003472522, 0.00710556283593, -0.00354896276258, 0.00285140960477, -0.00182212633081, 0.00142211292405, -0.000566858274397, -0.000365303043509], [-0.000613095180597, 0.00251572183333, -0.00269176461734, 0.00319977407344, -0.00150511099491, 0.00245879753493, -0.00354896276258, 0.0117107387632, -0.0048397211358, 0.000767660618294, -0.00286069768481, -0.00159571156837, -0.000565515889321], [0.000349205103703, -0.00300611322746, 0.00197217985988, -0.0020712625701, 0.00268924096599, -0.00197326252237, 0.00285140960477, -0.0048397211358, 0.0084833605215, -0.00346950464882, 0.00367875536904, 0.000500390713569, 0.00115204532631], [-0.000571485317778, 0.00284631224349, -0.00278748525307, 0.0021005643066, -0.002644818509, 0.00171037146356, -0.00182212633081, 0.000767660618294, -0.00346950464882, 0.0106424493715, -0.00579685578123, 0.00290677603334, -0.00218946393579], [0.000943621969782, -0.00410669017583, 0.00189786532428, -0.00299469614401, 0.0028049852699, -0.00287819188088, 0.00142211292405, -0.00286069768481, 0.00367875536904, -0.00579685578123, 0.0150114847347, -0.00603934423998, 0.00105394178536], [-0.000405016791774, 0.00141186127439, -0.00212832842954, 0.00124012806918, -0.00056529219728, -0.000369993387721, -0.000566858274397, -0.00159571156837, 0.000500390713569, 0.00290677603334, -0.00603934423998, 0.0160742774606, -0.00436617573723], [9.25511412788e-05, -0.000610034388956, 0.00112727459054, 0.000116237984912, -0.00130652461667, -0.000226836506044, -0.000365303043509, -0.000565515889321, 0.00115204532631, -0.00218946393579, 0.00105394178536, -0.00436617573723, 0.0132609242573]]
    },
    "melbands": {
        "dmean": [3.34653013851e-05, 8.00126072136e-05, 8.1490870798e-05, 9.61490804912e-05, 0.00016474230506, 0.000174169632373, 0.000154025095981, 6.69718137942e-05, 0.000118180876598, 9.40139070735e-05, 9.17248398764e-05, 8.92253519851e-05, 3.35108379659e-05, 2.5066679882e-05, 1.74961387529e-05, 1.54913814185e-05, 2.239855894e-05, 1.33602725327e-05, 1.996476567e-05, 6.59494025967e-06, 4.93918196298e-06, 1.12938232633e-05, 4.46843023383e-06, 2.0505494831e-06, 2.8684253266e-06, 1.52923996666e-06, 2.21546565626e-06, 1.24938992485e-06, 2.08926098821e-06, 3.30510192725e-06, 2.06462777896e-06, 1.46152592606e-06, 9.91063984657e-07, 8.3548962948e-07, 4.59104768424e-07, 3.43194841435e-07, 2.41400726964e-07, 1.57141101909e-07, 1.61159192658e-07, 1.72348421756e-07],
        "dmean2": [5.13114282512e-05, 0.000132744709845, 0.00013880894403, 0.000143891244079, 0.000253230158705, 0.000249260192504, 0.000225337120355, 9.18702935451e-05, 0.000164473472978, 0.000108765343612, 0.000108906679088, 0.000135916372528, 4.78990223201e-05, 3.30359798681e-05, 2.31813191931e-05, 2.06726472243e-05, 3.18561069435e-05, 1.80899151019e-05, 2.4241167921e-05, 9.1460378826e-06, 7.06149694452e-06, 1.61825682881e-05, 6.58333465253e-06, 3.03058777718e-06, 4.20364585807e-06, 2.59825128524e-06, 3.23818267134e-06, 1.79477581241e-06, 2.97512974612e-06, 4.2377837417e-06, 2.71614544545e-06, 2.20072183765e-06, 1.53841972406e-06, 1.26315194393e-06, 6.43711871362e-07, 4.91590753882e-07, 3.75974110511e-07, 2.13524998571e-07, 2.0796093736e-07, 2.18124128537e-07],
        "dvar": [2.68940603121e-09, 2.40366695436e-08, 4.87295110929e-08, 4.98002563631e-08, 7.41942685067e-08, 1.72469214021e-07, 1.75902982846e-07, 3.259335557e-08, 1.07629119839e-07, 8.13781184661e-08, 7.29189011395e-08, 1.880258651e-07, 3.09692538281e-08, 6.80292888688e-09, 1.68201308437e-09, 1.77637615728e-09, 3.78806719326e-09, 1.35266442491e-09, 1.4937436843e-09, 4.42047509708e-10, 2.00467600853e-10, 2.46097364709e-10, 5.28551646894e-10, 9.32362104189e-11, 3.0452567551e-11, 1.54887297432e-10, 7.30338914345e-11, 4.42690398228e-11, 1.49372833547e-10, 4.35460945081e-10, 1.57632878972e-10, 7.77198166935e-11, 3.00778256468e-11, 2.95284387219e-11, 5.94964745873e-12, 2.96164568564e-12, 1.95620754838e-12, 8.38070064735e-13, 9.35822491548e-13, 1.13185166534e-12],
        "dvar2": [6.01012573043e-09, 6.43030304559e-08, 1.40308443974e-07, 1.30585590341e-07, 1.75259515345e-07, 3.47378460219e-07, 3.88872678059e-07, 6.15460606923e-08, 2.26194131869e-07, 1.24128234802e-07, 1.12018391007e-07, 4.9944554803e-07, 5.09793025572e-08, 9.88754056408e-09, 3.28846194719e-09, 3.68395225436e-09, 7.40523331544e-09, 2.41645969901e-09, 2.67041366797e-09, 7.71670505273e-10, 5.12639874994e-10, 5.97366267563e-10, 1.03693742481e-09, 1.6756035448e-10, 6.38649341744e-11, 3.92668647597e-10, 1.42949263537e-10, 8.75575653647e-11, 2.60445304212e-10, 6.69719002477e-10, 2.16887494076e-10, 1.8362300569e-10, 6.9747083109e-11, 7.26195006906e-11, 1.13986944883e-11, 6.19396938253e-12, 4.69567787431e-12, 1.4967646263e-12, 1.69241053463e-12, 2.01467922206e-12],
        "max": [0.00116469780914, 0.00265490543097, 0.00346958986484, 0.00389260333031, 0.00509696314111, 0.00649358937517, 0.0075245667249, 0.00369112333283, 0.00632641697302, 0.0078568328172, 0.00681816088036, 0.0134279215708, 0.00492676720023, 0.00312698096968, 0.00133932335302, 0.00117467995733, 0.00165143678896, 0.000876645906828, 0.00109385815449, 0.000681631965563, 0.000326421693899, 0.000263868452748, 0.000630735594314, 0.000271998607786, 0.00015580462059, 0.000353102659574, 0.000239957822487, 0.000136750633828, 0.000223678565817, 0.000537059968337, 0.000397640280426, 0.000239024826442, 0.000148194274516, 0.000153650820721, 7.3853887443e-05, 4.86678145535e-05, 3.26370063704e-05, 2.13953007915e-05, 2.35963580053e-05, 2.42408659687e-05],
        "mean": [0.000222140108235, 0.000330682640197, 0.000255346298218, 0.00029536843067, 0.000413238041801, 0.000659628596622, 0.000517204694916, 0.000224842136959, 0.000411417480791, 0.000382678146707, 0.000373722199583, 0.000349057401763, 7.95066807768e-05, 6.52051894576e-05, 4.25754078606e-05, 3.01913205476e-05, 4.8940317356e-05, 2.4500035579e-05, 3.41533850587e-05, 1.53432356456e-05, 1.00298102552e-05, 2.01700331672e-05, 8.16074862087e-06, 3.41453824149e-06, 4.2204123929e-06, 2.27023156185e-06, 3.69876534023e-06, 2.03310651159e-06, 3.72498857359e-06, 5.64479614695e-06, 3.50577374775e-06, 2.28389126278e-06, 1.64452637819e-06, 1.35306515858e-06, 8.41023108933e-07, 5.68737448248e-07, 3.98247806288e-07, 2.8117173656e-07, 2.72115840971e-07, 3.26684812535e-07],
        "median": [0.000217372580664, 0.000268089381279, 0.00014057973749, 0.000168109007063, 0.000213362029172, 0.000227103417274, 0.000108460022602, 4.01739380322e-05, 5.44149224879e-05, 5.0018341426e-05, 1.83218271559e-05, 5.23854869243e-05, 1.54867502715e-05, 2.23062834266e-05, 2.07860193768e-05, 1.32209725052e-05, 1.16692617667e-05, 8.54566769704e-06, 1.47869250213e-05, 2.36886262428e-06, 4.89546391691e-06, 1.38279901876e-05, 2.33345713241e-06, 1.53434291406e-06, 2.75953107121e-06, 5.25265249962e-07, 1.738466608e-06, 1.488794652e-07, 1.37111697995e-07, 2.59549153725e-07, 1.76564142862e-07, 1.23215855297e-07, 1.65558859067e-07, 1.06794722399e-07, 3.22912718786e-08, 1.06283577495e-08, 8.25836199425e-09, 5.13932052471e-09, 5.74542990961e-09, 3.97069666036e-09],
        "min": [1.50377667131e-23, 1.63360803018e-23, 1.99074689788e-24, 5.87418409983e-24, 1.08907864655e-23, 5.39972173623e-24, 1.63340213749e-23, 1.59757270626e-23, 7.1433689996e-24, 1.07317363298e-23, 8.99335826287e-24, 1.42731569699e-23, 6.25278093078e-24, 9.76322024205e-24, 9.38142891887e-24, 1.09073675329e-23, 1.18731415402e-23, 3.99286325356e-24, 8.55788337737e-24, 8.08733021398e-24, 9.27129052586e-24, 6.96923268794e-24, 5.74753208707e-24, 1.33087776687e-23, 1.66825385451e-23, 7.84745654537e-24, 9.50894670647e-24, 9.59415472829e-24, 1.28380848769e-23, 9.17552675627e-24, 1.02454619575e-23, 5.8669810109e-24, 9.23936926933e-24, 1.01711078728e-23, 1.16880329622e-23, 1.14361859627e-23, 1.28702096596e-23, 1.12772935992e-23, 1.03858878761e-23, 7.00561495289e-24],
        "stdev": [0.00017093984934, 0.000260033324594, 0.000342159561114, 0.000384089013096, 0.000491761951707, 0.000977986375801, 0.000939260236919, 0.000482114817714, 0.000932253780775, 0.000959442579187, 0.000954959890805, 0.00155785051174, 0.000317887315759, 0.000199938425794, 0.000103485559521, 6.94032714819e-05, 0.000122648896649, 5.37096893822e-05, 5.92655596847e-05, 5.11906764586e-05, 2.40896806645e-05, 2.17360502575e-05, 3.24662541971e-05, 1.21596940517e-05, 6.73258728057e-06, 1.44017312778e-05, 1.30760354295e-05, 1.00793622551e-05, 2.18126479012e-05, 3.53078794433e-05, 2.22197541007e-05, 1.26823451865e-05, 7.76628621679e-06, 7.06219270796e-06, 4.36031587014e-06, 3.11496614813e-06, 2.2477438506e-06, 1.6884841898e-06, 1.74453998625e-06, 2.07302286981e-06],
        "var": [2.9220432296e-08, 6.76173286251e-08, 1.17073163608e-07, 1.47524360727e-07, 2.41829809511e-07, 9.56457256507e-07, 8.82209803876e-07, 2.32434686609e-07, 8.6909710717e-07, 9.20530055737e-07, 9.11948404791e-07, 2.42689816332e-06, 1.01052336277e-07, 3.99753758984e-08, 1.07092610335e-08, 4.81681450282e-09, 1.50427528212e-08, 2.88473067656e-09, 3.51240636576e-09, 2.62048538424e-09, 5.80312742304e-10, 4.7245590773e-10, 1.05405772999e-09, 1.47858170152e-10, 4.53277311518e-11, 2.07409853181e-10, 1.70982700221e-10, 1.01593546076e-10, 4.75791628318e-10, 1.24664634171e-09, 4.93717511318e-10, 1.6084188148e-10, 6.031520422e-11, 4.98745662825e-11, 1.90123559257e-11, 9.70301443359e-12, 5.05235263348e-12, 2.85097878465e-12, 3.04341989978e-12, 4.29742352814e-12]
    },
    "melbands128": {
