{
"lowlevel": {
    "average_loudness": 0.853474795818,
    "barkbands_crest": {
        "dmean": 2.636531353,
        "dmean2": 4.14721775055,
        "dvar": 7.43078041077,
        "dvar2": 17.9334182739,
        "max": 25.3030967712,
        "mean": 12.2947788239,
        "median": 11.6326856613,
        "min": 3.80460309982,
        "stdev": 4.59812498093,
        "var": 21.1427536011
    },
    "barkbands_flatness_db": {
        "dmean": 0.0319375805557,
        "dmean2": 0.0446963235736,
        "dvar": 0.00103000749368,
        "dvar2": 0.00213635899127,
        "max": 0.405504703522,
        "mean": 0.189944759011,
        "median": 0.186848089099,
        "min": 0.0338939428329,
        "stdev": 0.0658293515444,
        "var": 0.00433350354433
    },
    "barkbands_kurtosis": {
        "dmean": 6.28084993362,
        "dmean2": 9.3788061142,
        "dvar": 148.788528442,
        "dvar2": 305.811431885,
        "max": 213.429473877,
        "mean": 10.797085762,
        "median": 5.88629341125,
        "min": -1.16759359837,
        "stdev": 16.6910953522,
        "var": 278.592681885
    },
    "barkbands_skewness": {
        "dmean": 0.705910682678,
        "dmean2": 1.03387737274,
        "dvar": 0.792470932007,
        "dvar2": 1.59494173527,
        "max": 11.5776157379,
        "mean": 2.14423799515,
        "median": 1.80633544922,
        "min": -1.7080051899,
        "stdev": 1.55287528038,
        "var": 2.41142177582
    },
    "barkbands_spread": {
        "dmean": 3.800552845,
        "dmean2": 5.84211301804,
        "dvar": 30.2380695343,
        "dvar2": 74.3771438599,
        "max": 71.2746887207,
        "mean": 11.2473373413,
        "median": 9.37614631653,
        "min": 0.705607771873,
        "stdev": 7.72435903549,
        "var": 59.6657218933
    },
    "dissonance": {
        "dmean": 0.0319617912173,
        "dmean2": 0.0529637522995,
        "dvar": 0.000787590863183,
        "dvar2": 0.00205882103182,
        "max": 0.49988129735,
        "mean": 0.424595981836,
        "median": 0.434616148472,
        "min": 0.217148199677,
        "stdev": 0.0510760806501,
        "var": 0.00260876584798
    },
    "dynamic_complexity": 2.74276399612,
    "erbbands_crest": {
        "dmean": 2.87499928474,
        "dmean2": 4.56037759781,
        "dvar": 7.56524610519,
        "dvar2": 18.2854423523,
        "max": 29.092464447,
        "mean": 11.6085062027,
        "median": 10.6295204163,
        "min": 3.29295659065,
        "stdev": 5.22006034851,
        "var": 27.2490310669
    },
    "erbbands_flatness_db": {
        "dmean": 0.0230660829693,
        "dmean2": 0.0316314920783,
        "dvar": 0.000489307916723,
        "dvar2": 0.000894515484106,
        "max": 0.376805871725,
        "mean": 0.17982852459,
        "median": 0.180592656136,
        "min": 0.0600999779999,
        "stdev": 0.0490294918418,
        "var": 0.00240389117971
    },
    "erbbands_kurtosis": {
        "dmean": 1.78943252563,
        "dmean2": 2.82462048531,
        "dvar": 8.55967330933,
        "dvar2": 19.5182285309,
        "max": 47.657913208,
        "mean": 3.45473432541,
        "median": 2.16261696815,
        "min": -1.61620283127,
        "stdev": 4.60680866241,
        "var": 21.2226848602
    },
    "erbbands_skewness": {
        "dmean": 0.39642816782,
        "dmean2": 0.621233224869,
        "dvar": 0.165692403913,
        "dvar2": 0.402224421501,
        "max": 5.69795179367,
        "mean": 1.13588583469,
        "median": 1.0881216526,
        "min": -1.38366270065,
        "stdev": 0.87546390295,
        "var": 0.766436994076
    },
    "erbbands_spread": {
        "dmean": 6.70804166794,
        "dmean2": 10.0362148285,
        "dvar": 84.3532485962,
        "dvar2": 183.306884766,
        "max": 126.779891968,
        "mean": 25.1424999237,
        "median": 22.020614624,
        "min": 3.45521950722,
        "stdev": 14.1277923584,
        "var": 199.594512939
    },
    "hfc": {
        "dmean": 7.71107053757,
        "dmean2": 12.2073478699,
        "dvar": 298.577362061,
        "dvar2": 786.759887695,
        "max": 188.288070679,
        "mean": 17.1390132904,
        "median": 12.6410131454,
        "min": 1.15659225514e-16,
        "stdev": 18.2933483124,
        "var": 334.646606445
    },
    "loudness_ebu128": {
        "integrated": -11.6934938431,
        "loudness_range": 5.82874298096,
        "momentary": {
            "dmean": 0.546151280403,
            "dmean2": 0.656598091125,
            "dvar": 0.345369726419,
            "dvar2": 0.478146165609,
            "max": -7.6674861908,
            "mean": -12.5729656219,
            "median": -12.4021167755,
            "min": -22.8450450897,
            "stdev": 2.87545180321,
            "var": 8.26822280884
        },
        "short_term": {
            "dmean": 0.101616866887,
            "dmean2": 0.089128151536,
            "dvar": 0.00913884211332,
            "dvar2": 0.01044884976,
            "max": -8.88983249664,
            "mean": -12.3393688202,
            "median": -12.2022705078,
            "min": -15.8260936737,
            "stdev": 2.11103606224,
            "var": 4.45647335052
        }
    },
    "melbands_crest": {
        "dmean": 3.44997286797,
        "dmean2": 5.21338176727,
        "dvar": 13.3230886459,
        "dvar2": 28.1181526184,
        "max": 37.8179283142,
        "mean": 17.6962356567,
        "median": 16.6388320923,
        "min": 3.08545303345,
        "stdev": 6.98757791519,
        "var": 48.8262481689
    },
    "melbands_flatness_db": {
        "dmean": 0.034632332623,
        "dmean2": 0.0483852103353,
        "dvar": 0.00138422439341,
        "dvar2": 0.00292518292554,
        "max": 0.524115502834,
        "mean": 0.271149724722,
        "median": 0.267638385296,
        "min": 0.0074005369097,
        "stdev": 0.0770030841231,
        "var": 0.00592947471887
    },
    "melbands_kurtosis": {
        "dmean": 10.5840330124,
        "dmean2": 15.9867200851,
        "dvar": 624.77734375,
        "dvar2": 1323.77893066,
        "max": 461.251922607,
        "mean": 17.5144481659,
        "median": 8.22765731812,
        "min": -1.13927674294,
        "stdev": 31.8455123901,
        "var": 1014.13671875
    },
    "melbands_skewness": {
        "dmean": 0.798212766647,
        "dmean2": 1.17677986622,
        "dvar": 1.35016548634,
        "dvar2": 2.68216395378,
        "max": 16.6785793304,
        "mean": 2.52636671066,
        "median": 2.02170801163,
        "min": -0.332295119762,
        "stdev": 1.9706556797,
        "var": 3.88348388672
    },
    "melbands_spread": {
        "dmean": 3.7986767292,
        "dmean2": 5.81367206573,
        "dvar": 33.4694061279,
        "dvar2": 72.2111282349,
        "max": 120.255409241,
        "mean": 11.9350137711,
        "median": 10.1165418625,
        "min": 0.512071788311,
        "stdev": 8.4775018692,
        "var": 71.8680419922
    },
    "pitch_salience": {
        "dmean": 0.0735378935933,
        "dmean2": 0.115875117481,
        "dvar": 0.00728366710246,
        "dvar2": 0.0172516405582,
        "max": 0.880781054497,
        "mean": 0.496630430222,
        "median": 0.511322855949,
        "min": 0.0758063793182,
        "stdev": 0.136110931635,
        "var": 0.0185261853039
    },
    "silence_rate_20dB": {
        "dmean": 0.0216550659388,
        "dmean2": 0.0433436520398,
        "dvar": 0.0211863592267,
        "dvar2": 0.0430117771029,
        "max": 1,
        "mean": 0.977588891983,
        "median": 1,
        "min": 0,
        "stdev": 0.148016378284,
        "var": 0.0219088476151
    },
    "silence_rate_30dB": {
        "dmean": 0.0433101318777,
        "dmean2": 0.0866873040795,
        "dvar": 0.0414351224899,
        "dvar2": 0.0869127139449,
        "max": 1,
        "mean": 0.911901056767,
        "median": 1,
        "min": 0,
        "stdev": 0.283436387777,
        "var": 0.0803361833096
    },
    "silence_rate_60dB": {
        "dmean": 0.00541376648471,
        "dmean2": 0.0100619196892,
        "dvar": 0.00538430828601,
        "dvar2": 0.0130565455183,
        "max": 1,
        "mean": 0.0115919625387,
        "median": 0,
        "min": 0,
        "stdev": 0.107040405273,
        "var": 0.0114576490596
    },
    "spectral_centroid": {
        "dmean": 154.517227173,
        "dmean2": 242.862930298,
        "dvar": 109846.671875,
        "dvar2": 177207.5625,
        "max": 10271.9755859,
        "mean": 739.989013672,
        "median": 657.985229492,
        "min": 216.185043335,
        "stdev": 430.093841553,
        "var": 184980.71875
    },
    "spectral_complexity": {
        "dmean": 3.21964430809,
        "dmean2": 5.1277089119,
        "dvar": 24.977437973,
        "dvar2": 56.3173332214,
        "max": 54,
        "mean": 13.9760437012,
        "median": 12,
        "min": 0,
        "stdev": 7.78648042679,
        "var": 60.6292762756
    },
    "spectral_decrease": {
        "dmean": 4.35230473883e-09,
        "dmean2": 6.3504699277e-09,
        "dvar": 1.08585176915e-16,
        "dvar2": 1.50438411563e-16,
        "max": -4.43550242599e-29,
        "mean": -1.3151096212e-08,
        "median": -7.70040564646e-09,
        "min": -1.15602681205e-07,
        "stdev": 1.84742745546e-08,
        "var": 3.41298850025e-16
    },
    "spectral_energy": {
        "dmean": 0.0168705303222,
        "dmean2": 0.0246893782169,
        "dvar": 0.00157673598733,
        "dvar2": 0.00220255320892,
        "max": 0.439631491899,
        "mean": 0.0511898770928,
        "median": 0.0303100533783,
        "min": 1.06580331691e-20,
        "stdev": 0.0705229267478,
        "var": 0.00497348280624
    },
    "spectral_energyband_high": {
        "dmean": 0.000373323971871,
        "dmean2": 0.00062165100826,
        "dvar": 1.27012742723e-06,
        "dvar2": 3.40284759659e-06,
        "max": 0.0120524438098,
        "mean": 0.000374831928639,
        "median": 0.000119163909403,
        "min": 7.76285174971e-21,
        "stdev": 0.000960335542914,
        "var": 9.22244339563e-07
    },
    "spectral_energyband_low": {
        "dmean": 0.0126904342324,
        "dmean2": 0.0171799622476,
        "dvar": 0.00158147583716,
        "dvar2": 0.00217643333599,
        "max": 0.420877546072,
        "mean": 0.0287155676633,
        "median": 0.00727422628552,
        "min": 3.83295396943e-23,
        "stdev": 0.0661136209965,
        "var": 0.00437101116404
    },
    "spectral_energyband_middle_high": {
        "dmean": 0.00217313272879,
        "dmean2": 0.00342939072289,
        "dvar": 1.79778617166e-05,
        "dvar2": 4.76255481772e-05,
        "max": 0.0441849790514,
        "mean": 0.00419081840664,
        "median": 0.00232772808522,
        "min": 1.73913552489e-21,
        "stdev": 0.00521785765886,
        "var": 2.72260385827e-05
    },
    "spectral_energyband_middle_low": {
        "dmean": 0.00643077725545,
        "dmean2": 0.0105938343331,
        "dvar": 0.000157088143169,
        "dvar2": 0.000426540005719,
        "max": 0.167970508337,
        "mean": 0.0180665068328,
        "median": 0.0150449536741,
        "min": 3.87876469992e-22,
        "stdev": 0.0146706439555,
        "var": 0.000215227788431
    },
    "spectral_entropy": {
        "dmean": 0.258921861649,
        "dmean2": 0.373772531748,
        "dvar": 0.0790060386062,
        "dvar2": 0.155372649431,
        "max": 9.80278587341,
        "mean": 7.0435295105,
        "median": 7.08369827271,
        "min": 5.20719671249,
        "stdev": 0.593043327332,
        "var": 0.351700365543
    },
    "spectral_flux": {
        "dmean": 0.0360486470163,
        "dmean2": 0.0554214678705,
        "dvar": 0.00296830385923,
        "dvar2": 0.00581522565335,
        "max": 0.57572722435,
        "mean": 0.0926415324211,
        "median": 0.0672617703676,
        "min": 1.03237751681e-10,
        "stdev": 0.0837075337768,
        "var": 0.0070069511421
    },
    "spectral_kurtosis": {
        "dmean": 2.60746335983,
        "dmean2": 4.04141426086,
        "dvar": 8.01227378845,
        "dvar2": 18.0380496979,
        "max": 37.4810523987,
        "mean": 7.57013273239,
        "median": 6.69232559204,
        "min": -1.20471847057,
        "stdev": 4.43030071259,
        "var": 19.6275634766
    },
    "spectral_rms": {
        "dmean": 0.000981660792604,
        "dmean2": 0.00143985275645,
        "dvar": 2.78667289422e-06,
        "dvar2": 3.99447526434e-06,
        "max": 0.020710112527,
        "mean": 0.00618615513667,
        "median": 0.00543790217489,
        "min": 3.22460569531e-12,
        "stdev": 0.00341655197553,
        "var": 1.16728269859e-05
    },
    "spectral_rolloff": {
        "dmean": 234.433197021,
        "dmean2": 390.563781738,
        "dvar": 432214.8125,
        "dvar2": 763748.625,
        "max": 18195.5566406,
        "mean": 665.815307617,
        "median": 602.9296875,
        "min": 21.533203125,
        "stdev": 705.899597168,
        "var": 498294.21875
    },
    "spectral_skewness": {
        "dmean": 0.319341301918,
        "dmean2": 0.484630137682,
        "dvar": 0.103210128844,
        "dvar2": 0.221952170134,
        "max": 5.06793022156,
        "mean": 2.2789247036,
        "median": 2.198158741,
        "min": 0.0330407619476,
        "stdev": 0.59961104393,
        "var": 0.359533399343
    },
    "spectral_spread": {
        "dmean": 847473.5625,
        "dmean2": 1206217.25,
        "dvar": 1.7375470551e+12,
        "dvar2": 2.26743681024e+12,
        "max": 40195080,
        "mean": 4597258.5,
        "median": 4341537,
        "min": 1946970.375,
        "stdev": 1793294.5,
        "var": 3.21590525952e+12
    },
    "spectral_strongpeak": {
        "dmean": 0.352980792522,
        "dmean2": 0.59205031395,
        "dvar": 0.277758300304,
        "dvar2": 0.666560947895,
        "max": 6.15759277344,
        "mean": 0.925550580025,
        "median": 0.609763026237,
        "min": 0,
        "stdev": 0.928649604321,
        "var": 0.862390041351
    },
    "zerocrossingrate": {
        "dmean": 0.0079956529662,
        "dmean2": 0.0097924573347,
        "dvar": 0.000240251552896,
        "dvar2": 0.000276256352663,
        "max": 0.49658203125,
        "mean": 0.0329121947289,
        "median": 0.0302734375,
        "min": 0.001953125,
        "stdev": 0.0219485145062,
        "var": 0.000481737253722
    },
    "barkbands": {
        "dmean": [0.00277684698813, 0.0108725307509, 0.00221559614874, 0.000832651916426, 0.00200927793048, 0.00236546923406, 0.00129286036827, 0.00158582837321, 0.00118409236893, 0.000752831518184, 0.000571430078708, 0.000487833633088, 0.000375258590793, 0.000206897995668, 0.000250540848356, 0.000115213988465, 0.000105370309029, 9.75071016001e-05, 9.21701648622e-05, 6.82558602421e-05, 7.54419743316e-05, 5.86970745644e-05, 6.41031001578e-05, 7.11787652108e-05, 6.04846136412e-05, 3.16441437462e-05, 2.9992418149e-06],
        "dmean2": [0.00427593849599, 0.0142806274816, 0.00400207843632, 0.00143871735781, 0.00335113960318, 0.00390640506521, 0.00211875350215, 0.00249688141048, 0.00194420863409, 0.00113048462663, 0.000900423678104, 0.000819558859803, 0.000617819139734, 0.000328058318701, 0.000423198798671, 0.000203252624488, 0.000181154275197, 0.000171890802449, 0.000157076894538, 0.000118955707876, 0.000131717228214, 9.95229784166e-05, 0.000110369372123, 0.00011851797899, 9.79512478807e-05, 5.29112840013e-05, 5.09078699906e-06],
        "dvar": [6.59229990561e-05, 0.00125326344278, 7.69945545471e-05, 5.08682433065e-06, 1.11325371108e-05, 2.04759217013e-05, 7.73780266172e-06, 1.00188417491e-05, 8.28395332064e-06, 2.10808366319e-06, 1.6665825342e-06, 1.06417849111e-06, 6.79302331719e-07, 2.40817939812e-07, 4.69748613341e-07, 1.0352540869e-07, 7.56649853884e-08, 8.44867571459e-08, 6.26247214086e-08, 5.65717819256e-08, 6.91115076279e-08, 3.32388729873e-08, 3.84927361097e-08, 3.9014320663e-08, 2.62661927763e-08, 7.34572136452e-09, 7.53146434107e-11],
        "dvar2": [0.000136390357511, 0.00164132774808, 0.000227553784498, 1.43999614011e-05, 3.0362903999e-05, 5.35892686457e-05, 1.94385775103e-05, 2.35939551203e-05, 2.19456469495e-05, 4.34751154899e-06, 3.84125496566e-06, 2.89788704322e-06, 1.59223202445e-06, 5.47129104689e-07, 1.26366001041e-06, 3.02956522091e-07, 2.11336001144e-07, 2.39526116275e-07, 1.7504729044e-07, 1.57547759727e-07, 1.9075359603e-07, 8.91834588401e-08, 1.06955724277e-07, 1.0399202921e-07, 6.85130316924e-08, 1.93283096195e-08, 1.97183699924e-10],
        "max": [0.0809102281928, 0.369320780039, 0.0744950771332, 0.0253386087716, 0.0338045731187, 0.0670469924808, 0.029487228021, 0.0380150862038, 0.02781368047, 0.0329694263637, 0.0204927735031, 0.010195652023, 0.0118067255244, 0.00742409843951, 0.0126898707822, 0.00322699034587, 0.00334191205911, 0.00386955705471, 0.00285949581303, 0.00246655358933, 0.00277496967465, 0.00230839150026, 0.0023203601595, 0.00187757459935, 0.00186607753858, 0.00076112075476, 9.95875016088e-05],
        "mean": [0.00441381940618, 0.0220963899046, 0.00232251477428, 0.00116070790682, 0.00414526462555, 0.00554049247876, 0.00199085474014, 0.0025774880778, 0.00205607456155, 0.00139800738543, 0.000937409990001, 0.000619590398856, 0.000486051983899, 0.000238029635511, 0.000323378189933, 0.0001311951346, 0.000125776059576, 0.000107114108687, 0.00011018315854, 6.81247693137e-05, 6.62939346512e-05, 5.26052972418e-05, 6.16229735897e-05, 7.13392873877e-05, 6.16276302026e-05, 2.56631701632e-05, 2.30090699915e-06],
        "median": [0.00035128442687, 0.00399943906814, 0.000622607476544, 0.000456008303445, 0.00283220177516, 0.00273725367151, 0.000689529813826, 0.000900297251064, 0.00073854776565, 0.000389923865441, 0.000198286259547, 0.00021155156719, 0.000134513451485, 6.36207914795e-05, 9.67374071479e-05, 4.3143350922e-05, 4.33106943092e-05, 3.39183497999e-05, 4.01529905503e-05, 2.09566478588e-05, 1.28792617033e-05, 9.87944531516e-06, 1.63672157214e-05, 1.89873135241e-05, 2.03456238523e-05, 4.34869616583e-06, 1.20304036955e-07],
        "min": [3.58347481489e-24, 3.65355800657e-24, 2.15540244252e-23, 2.06659185073e-23, 2.03574407612e-23, 7.99754821887e-23, 3.92636519803e-23, 3.70507709234e-23, 7.11931442179e-23, 1.79486467296e-22, 5.29814382511e-23, 1.16634233418e-22, 1.3197292059e-22, 1.17509389396e-22, 1.46076756455e-22, 8.8849517351e-23, 2.29456665699e-22, 2.35728905068e-22, 3.67013863218e-22, 2.81862399573e-22, 3.65323327987e-22, 4.16469509741e-22, 5.98328858018e-22, 9.28043130961e-22, 1.42993537152e-21, 1.78609761364e-21, 2.31463371332e-21],
        "stdev": [0.0105397310108, 0.0565574578941, 0.00682342471555, 0.00223477906547, 0.00466211978346, 0.00741896498948, 0.0035466500558, 0.00447123683989, 0.00357263279147, 0.00284522422589, 0.00214751856402, 0.0010602036491, 0.000942085986026, 0.000552159035578, 0.000746271980461, 0.000283369910903, 0.000254374841461, 0.000247929157922, 0.000221500144107, 0.000194094362087, 0.000215108564589, 0.000156921596499, 0.000162047726917, 0.000171763284015, 0.000142584365676, 7.34760105843e-05, 7.44097815186e-06],
        "var": [0.000111085922981, 0.00319874589331, 4.65591219836e-05, 4.99423777001e-06, 2.17353590415e-05, 5.50410441065e-05, 1.25787264551e-05, 1.99919595616e-05, 1.27637049445e-05, 8.09530047263e-06, 4.61183617517e-06, 1.124031769e-06, 8.87526027782e-07, 3.04879591795e-07, 5.56921861516e-07, 8.02984985171e-08, 6.47065618864e-08, 6.14688673295e-08, 4.90623115468e-08, 3.76726241313e-08, 4.62716940319e-08, 2.46243896385e-08, 2.6259465713e-08, 2.95026278962e-08, 2.03303009982e-08, 5.3987245785e-09, 5.53681545057e-11]
    },
    "erbbands": {
        "dmean": [0.598739981651, 1.95801103115, 2.78391385078, 2.5227162838, 3.55285024643, 7.8043794632, 14.5057973862, 21.7293758392, 17.8385982513, 21.4422187805, 36.9163475037, 30.8644180298, 22.0055217743, 24.6678562164, 21.6870136261, 21.3364162445, 15.841422081, 11.7931051254, 13.9834413528, 7.74163103104, 5.89266586304, 5.13933706284, 5.04287290573, 5.60724925995, 3.94909262657, 3.32980442047, 2.91294288635, 2.78684806824, 2.23479676247, 1.92106986046, 1.78315067291, 1.42617809772, 1.19812440872, 0.701018631458, 0.447632580996, 0.180247992277, 0.0484020188451, 0.00944642908871, 0.000326874986058, 2.45035189437e-05],
        "dmean2": [0.773642241955, 2.65639233589, 4.87365579605, 4.36365318298, 6.02725696564, 13.0254554749, 22.8130016327, 36.2967071533, 27.7760772705, 36.0866127014, 57.6782798767, 49.1268310547, 32.6074028015, 37.9614028931, 33.633556366, 35.7430038452, 26.1031684875, 18.2608470917, 23.3743114471, 13.2650079727, 10.4148445129, 8.84976959229, 8.82987499237, 9.6999130249, 6.80178070068, 5.82588386536, 5.00922250748, 4.86731243134, 3.82942175865, 3.27608561516, 3.05242323875, 2.39724373817, 1.99879705906, 1.13847696781, 0.745690584183, 0.301521927118, 0.081550590694, 0.0156072024256, 0.000557163672056, 3.6899738916e-05],
        "dvar": [3.95077085495, 47.0849952698, 136.207244873, 61.4116287231, 87.9075927734, 200.170211792, 432.665802002, 2004.10522461, 1298.42456055, 2956.984375, 5101.46191406, 4986.72363281, 2626.74316406, 2302.17333984, 2309.17431641, 1820.01660156, 1078.5333252, 720.344360352, 1245.54187012, 340.812011719, 273.523010254, 194.409179688, 197.873657227, 271.237091064, 138.146072388, 127.14540863, 105.009597778, 89.0993118286, 48.4064865112, 37.5074272156, 27.7036685944, 14.2782392502, 11.968662262, 3.01558065414, 1.78345024586, 0.235179439187, 0.0183634385467, 0.000619348953478, 9.82906385616e-07, 2.67926414388e-09],
        "dvar2": [5.37978553772, 90.3044586182, 386.87789917, 173.625701904, 242.774139404, 577.801269531, 1062.12915039, 5070.88378906, 2859.39135742, 7793.70800781, 11928.8583984, 12776.0019531, 5117.98583984, 4938.38916016, 5119.12792969, 4923.25537109, 2602.36157227, 1570.83178711, 3217.04907227, 922.81237793, 791.214233398, 538.665100098, 552.512451172, 768.312255859, 386.822479248, 355.234558105, 289.045562744, 243.575485229, 130.499710083, 102.988960266, 76.3061904907, 38.0169219971, 31.9975471497, 7.96594953537, 4.63353252411, 0.615110814571, 0.0482775382698, 0.00157130113803, 2.62142839347e-06, 4.66683713896e-09],
        "max": [20.9373970032, 72.4552688599, 111.286743164, 93.031036377, 115.444976807, 186.042984009, 313.940979004, 591.079284668, 561.465026855, 651.545349121, 1038.66015625, 655.133361816, 1323.72119141, 768.809204102, 1039.83532715, 476.082000732, 363.283508301, 380.672241211, 677.511779785, 238.390625, 182.013717651, 142.101699829, 159.354385376, 176.899261475, 175.855041504, 126.682044983, 138.120498657, 91.4739837646, 70.2192230225, 78.2809753418, 61.4966239929, 36.9161911011, 34.1518249512, 16.796377182, 17.3150920868, 4.36591243744, 1.40491557121, 0.200362741947, 0.0119207827374, 0.000491449667607],
        "mean": [1.06461834908, 3.25738978386, 3.07534599304, 3.46957707405, 5.1632809639, 15.7089996338, 37.0066337585, 45.8175849915, 34.2376441956, 28.0029850006, 63.7338027954, 58.5918731689, 40.2536811829, 40.1755714417, 37.9041099548, 30.3220443726, 21.8562698364, 15.614197731, 18.7296581268, 9.71960449219, 7.62562704086, 6.06063079834, 5.82644939423, 6.4080324173, 4.64320707321, 3.44141840935, 2.67763638496, 2.46846103668, 1.97930753231, 1.68468558788, 1.7710391283, 1.48717212677, 1.18012833595, 0.74042570591, 0.423188537359, 0.150294065475, 0.0391301698983, 0.00769403064623, 0.000275845144643, 6.38518467895e-05],
        "median": [0.171635150909, 0.577667832375, 0.825350403786, 1.38281679153, 2.73298788071, 9.25519180298, 22.281917572, 15.0087757111, 12.8132534027, 10.1900138855, 24.715057373, 23.7266044617, 12.6114740372, 15.6685914993, 10.8036804199, 12.5930366516, 7.51162338257, 4.86986637115, 5.806224823, 3.21659708023, 2.81314682961, 1.96653592587, 1.94871759415, 2.45059347153, 1.54721021652, 1.14925312996, 0.58996796608, 0.457314997911, 0.375106066465, 0.321274876595, 0.479031801224, 0.425748348236, 0.304252743721, 0.259606063366, 0.106898404658, 0.02629141137, 0.00636850250885, 0.000920281861909, 4.6861867304e-05, 3.73588736693e-05],
        "min": [2.39554842593e-22, 5.5975525107e-22, 1.53664793094e-20, 6.08461650885e-20, 6.51241105721e-20, 8.66678357555e-20, 3.84656097136e-19, 5.67357753777e-19, 5.8923280357e-19, 5.695156612e-19, 9.64266567134e-19, 1.9443012647e-18, 6.49210718529e-18, 2.77085963063e-18, 2.42961516112e-18, 4.67720633331e-18, 5.97794288346e-18, 7.86875161872e-18, 4.4743307755e-18, 7.26024778162e-18, 6.10301838235e-18, 1.30625128058e-17, 1.19286094862e-17, 1.94218533669e-17, 1.60185841727e-17, 1.40508819684e-17, 1.57708568141e-17, 1.32101496559e-17, 1.28379771101e-17, 2.5274253808e-17, 1.272123132e-17, 1.30646965626e-17, 1.8904764568e-17, 1.38761119399e-17, 1.12849603993e-17, 4.78312350202e-18, 4.13872912533e-18, 1.42442166183e-18, 3.25799146324e-19, 3.32122709463e-20],
        "stdev": [2.89939761162, 8.91531276703, 9.49278259277, 7.13191699982, 8.9402513504, 20.0154209137, 39.0330963135, 76.9951477051, 57.8731155396, 54.7335166931, 108.789772034, 95.4988632202, 95.1111679077, 66.7692871094, 86.2280960083, 47.0121612549, 38.1830101013, 32.0133934021, 41.1826782227, 20.0632381439, 15.0809841156, 12.7295789719, 12.4609603882, 13.7735042572, 10.3777713776, 9.24051761627, 8.44410610199, 7.81036567688, 5.93555641174, 5.10283041, 4.43534326553, 3.33889651299, 2.97679376602, 1.54282605648, 1.15910673141, 0.418297588825, 0.115838125348, 0.0220952164382, 0.000835167127661, 8.34054226289e-05],
        "var": [8.40650653839, 79.4828033447, 90.1129150391, 50.8642425537, 79.9281005859, 400.61706543, 1523.58251953, 5928.25244141, 3349.29760742, 2995.7578125, 11835.2138672, 9120.03320312, 9046.13476562, 4458.13818359, 7435.28515625, 2210.14331055, 1457.94213867, 1024.85742188, 1696.01293945, 402.533508301, 227.436096191, 162.042190552, 155.275543213, 189.70942688, 107.698135376, 85.3871688843, 71.3029327393, 61.0018119812, 35.2308273315, 26.0388774872, 19.6722698212, 11.148229599, 8.86130142212, 2.38031220436, 1.34352850914, 0.174972876906, 0.0134184705094, 0.000488198624225, 6.97504162872e-07, 6.95646473758e-09]
    },
    "gfcc": {
        "mean": [-15.1426553726, 113.662490845, -94.7232513428, 10.9703826904, -65.7733001709, 16.4224472046, -39.5373268127, 14.6470794678, -25.111366272, 2.99519252777, -6.51481771469, 0.775136351585, -4.11065292358],
        "cov": [[5352.37353516, -574.670593262, -352.014556885, 175.202072144, -37.9287185669, 364.008972168, 204.054931641, 178.188323975, 125.289527893, 407.403747559, -8.43754959106, 156.324493408, -255.616149902], [-574.670593262, 846.082580566, 85.6093826294, 96.0243301392, 195.103469849, -19.213886261, 111.925102234, 1.72785139084, 101.90246582, -65.6095962524, 133.90814209, -54.452495575, 138.320617676], [-352.014556885, 85.6093826294, 841.556640625, 111.958503723, 23.8205356598, 116.675140381, 67.648727417, 95.1001968384, -80.3528747559, -33.4593200684, 30.198141098, 70.9607467651, 103.70463562], [175.202072144, 96.0243301392, 111.958503723, 432.693786621, 276.227386475, 100.623680115, 85.3491210938, 71.9648590088, 189.385467529, 79.1475601196, 15.8597755432, 42.8997993469, 31.0853691101], [-37.9287185669, 195.103469849, 23.8205356598, 276.227386475, 433.152893066, 121.648216248, 145.721221924, 69.7170944214, 200.794036865, 100.851318359, 16.2875156403, 28.4286155701, 16.9778556824], [364.008972168, -19.213886261, 116.675140381, 100.623680115, 121.648216248, 251.04536438, 145.685897827, 60.6361656189, 49.8189735413, 61.1483230591, 40.3827629089, 37.073474884, 7.81790113449], [204.054931641, 111.925102234, 67.648727417, 85.3491210938, 145.721221924, 145.685897827, 213.966461182, 45.8771934509, 76.7208175659, 61.6723823547, 61.0627593994, 41.7114105225, 12.3802623749], [178.188323975, 1.72785139084, 95.1001968384, 71.9648590088, 69.7170944214, 60.6361656189, 45.8771934509, 140.06690979, 80.4949493408, 46.3913002014, 17.2643280029, 22.9001579285, 20.0975265503], [125.289527893, 101.90246582, -80.3528747559, 189.385467529, 200.794036865, 49.8189735413, 76.7208175659, 80.4949493408, 251.700195312, 110.036407471, 39.0988082886, 27.0933113098, 20.9292621613], [407.403747559, -65.6095962524, -33.4593200684, 79.1475601196, 100.851318359, 61.1483230591, 61.6723823547, 46.3913002014, 110.036407471, 160.940124512, 28.1374015808, 47.5493659973, -18.414056778], [-8.43754959106, 133.90814209, 30.198141098, 15.8597755432, 16.2875156403, 40.3827629089, 61.0627593994, 17.2643280029, 39.0988082886, 28.1374015808, 128.082061768, 26.1261577606, 47.4678077698], [156.324493408, -54.452495575, 70.9607467651, 42.8997993469, 28.4286155701, 37.073474884, 41.7114105225, 22.9001579285, 27.0933113098, 47.5493659973, 26.1261577606, 96.0411376953, 28.4648990631], [-255.616149902, 138.320617676, 103.70463562, 31.0853691101, 16.9778556824, 7.81790113449, 12.3802623749, 20.0975265503, 20.9292621613, -18.414056778, 47.4678077698, 28.4648990631, 135.940460205]],
        "icov": [[0.000354317104211, -0.000172941363417, 0.000299617997371, -0.000360812875442, 0.000573266879655, -0.000511666759849, -6.13397060079e-05, -0.000502482813317, 0.000415588991018, -0.000852977856994, 0.00032462895615, -0.000506044831127, 0.000546934083104], [-0.000172941363417, 0.00303555349819, -0.000531750207301, 0.000405218568631, -0.00178105640225, 0.00187628320418, -0.00161561823916, 0.000980620039627, -0.00103405851405, 0.00211897306144, -0.0028073086869, 0.00314860208891, -0.00221700640395], [0.000299617997371, -0.000531750207301, 0.00226574530825, -0.00121616933029, 0.000678242649883, -0.000959916273132, -0.000126887680381, -0.00212398823351, 0.002479466144, -0.000684674596414, 0.000626136898063, -0.00159846781753, -0.000408259074902], [-0.000360812875442, 0.000405218568631, -0.00121616933029, 0.00540868751705, -0.0028019035235, -0.000249643460847, 0.00105812889524, 0.00124187057372, -0.00354341370985, 0.00171366555151, -0.000157011367264, -0.000206026787055, -0.000439829978859], [0.000573266879655, -0.00178105640225, 0.000678242649883, -0.0028019035235, 0.00726674078032, -0.00198247795925, -0.00173897715285, -0.000721402000636, -0.00112776248716, -0.00290625379421, 0.00345994113013, -0.00122431584168, 0.00131313700695], [-0.000511666759849, 0.00187628320418, -0.000959916273132, -0.000249643460847, -0.00198247795925, 0.00916414428502, -0.00515229953453, -0.000485086900881, 0.000711156870238, 0.00080524769146, -0.00218242104165, 0.00258888676763, -0.00160081090871], [-6.13397060079e-05, -0.00161561823916, -0.000126887680381, 0.00105812889524, -0.00173897715285, -0.00515229953453, 0.0112509047613, -6.77102725604e-05, -0.000544686627109, -0.000330586190103, -0.00183253956493, -0.00342083885334, 0.00227753585204], [-0.000502482813317, 0.000980620039627, -0.00212398823351, 0.00124187057372, -0.000721402000636, -0.000485086900881, -6.77102725604e-05, 0.0118885766715, -0.00522660603747, 0.000852990720887, -0.000391573907109, 0.00159193540458, -0.00151612597983], [0.000415588991018, -0.00103405851405, 0.002479466144, -0.00354341370985, -0.00112776248716, 0.000711156870238, -0.000544686627109, -0.00522660603747, 0.012980716303, -0.00586474593729, -0.000424890400609, -0.000346553570125, -0.000897347577848], [-0.000852977856994, 0.00211897306144, -0.000684674596414, 0.00171366555151, -0.00290625379421, 0.00080524769146, -0.000330586190103, 0.000852990720887, -0.00586474593729, 0.0151810729876, -0.00371539173648, -0.00243338802829, 0.00135732500348], [0.00032462895615, -0.0028073086869, 0.000626136898063, -0.000157011367264, 0.00345994113013, -0.00218242104165, -0.00183253956493, -0.000391573907109, -0.000424890400609, -0.00371539173648, 0.0140430862084, -0.00315058417618, -0.00173843139783], [-0.000506044831127, 0.00314860208891, -0.00159846781753, -0.000206026787055, -0.00122431584168, 0.00258888676763, -0.00342083885334, 0.00159193540458, -0.000346553570125, -0.00243338802829, -0.00315058417618, 0.0186697263271, -0.00589397270232], [0.000546934083104, -0.00221700640395, -0.000408259074902, -0.000439829978859, 0.00131313700695, -0.00160081090871, 0.00227753585204, -0.00151612597983, -0.000897347577848, 0.00135732500348, -0.00173843139783, -0.00589397270232, 0.013160421513]]
    },
    "melbands": {
        "dmean": [0.00390897970647, 0.0016314338427, 0.000436494825408, 0.000399560260121, 0.000464395328891, 0.000457854155684, 0.000277621467831, 0.000245194882154, 0.000292025768431, 0.000185582699487, 0.000108532731247, 0.000101840145362, 7.52852138248e-05, 5.93229269725e-05, 4.60766968899e-05, 3.24239335896e-05, 2.17279030039e-05, 2.20831170736e-05, 1.55318921315e-05, 9.66943571257e-06, 6.70485496812e-06, 5.74078330828e-06, 4.84673455503e-06, 4.89363355882e-06, 4.72031069876e-06, 3.29925774167e-06, 2.57692477135e-06, 2.16323473978e-06, 1.73253943103e-06, 1.88455749139e-06, 1.60188403697e-06, 1.41449152125e-06, 9.30950704969e-07, 1.1754902971e-06, 1.10436224077e-06, 8.90998137493e-07, 8.90996943781e-07, 9.02668261915e-07, 6.80024868416e-07, 5.87143574649e-07],
        "dmean2": [0.00499417772517, 0.00250011123717, 0.000755163433496, 0.000674648152199, 0.000743562704884, 0.000764670548961, 0.000435375492088, 0.000410670385463, 0.000456546113128, 0.000298497936456, 0.000160442446941, 0.000156491296366, 0.000118657037092, 9.65019207797e-05, 7.76984888944e-05, 5.25205141457e-05, 3.35566837748e-05, 3.69456720364e-05, 2.67067425739e-05, 1.68975639099e-05, 1.18283787742e-05, 9.95351547317e-06, 8.2832402768e-06, 8.69322684593e-06, 8.18862736196e-06, 5.59807267564e-06, 4.60821956949e-06, 3.73388547814e-06, 2.94198412121e-06, 3.31063142767e-06, 2.79535674963e-06, 2.45928981712e-06, 1.53875612341e-06, 2.05054402613e-06, 1.91082108358e-06, 1.51933181769e-06, 1.50771620611e-06, 1.51275457938e-06, 1.12443615308e-06, 9.68202243712e-07],
        "dvar": [0.000156212438014, 4.00404423999e-05, 1.90713467418e-06, 6.01634383202e-07, 3.93511072616e-07, 8.72847067512e-07, 3.26797675143e-07, 3.63454091712e-07, 3.09692097744e-07, 1.9015205055e-07, 6.45276969635e-08, 4.08812219632e-08, 2.83451360161e-08, 1.55218788933e-08, 9.05668251505e-09, 6.05877925608e-09, 2.78531109288e-09, 2.86676504757e-09, 2.02893657431e-09, 6.61285803893e-10, 3.50576345731e-10, 2.58420063126e-10, 1.28114449605e-10, 2.53847831644e-10, 1.88030840897e-10, 7.57979304322e-11, 8.54620541002e-11, 4.87880673361e-11, 4.00053323801e-11, 4.00739164075e-11, 2.97112855152e-11, 2.10652311566e-11, 6.7404428393e-12, 1.53154277455e-11, 1.14486354424e-11, 5.6934023468e-12, 5.61697693566e-12, 6.77173117927e-12, 3.62839532725e-12, 2.103440035e-12],
        "dvar2": [0.000197288114578, 9.9343189504e-05, 5.42808402315e-06, 1.69663144334e-06, 9.79759306574e-07, 2.2137862743e-06, 7.57112388783e-07, 9.3984817795e-07, 7.35045489364e-07, 4.9051283213e-07, 1.25511263604e-07, 8.60319104845e-08, 6.59472760844e-08, 3.98208896968e-08, 2.45183375824e-08, 1.28869146465e-08, 6.18187190327e-09, 7.3066148687e-09, 5.61012347688e-09, 1.94326221781e-09, 1.01021213617e-09, 7.23388016155e-10, 3.41212724742e-10, 7.27390647715e-10, 5.32316302149e-10, 2.12178288828e-10, 2.41420189395e-10, 1.35956398917e-10, 1.10369845208e-10, 1.10627063066e-10, 8.15690709421e-11, 5.75709827033e-11, 1.73322484837e-11, 4.28246153816e-11, 3.18361934037e-11, 1.54039055816e-11, 1.48800138877e-11, 1.80974939895e-11, 9.70634683739e-12, 5.60366380034e-12],
        "max": [0.132077425718, 0.0683640688658, 0.014844735153, 0.00728337140754, 0.00845573283732, 0.0136669622734, 0.00869259238243, 0.00799738615751, 0.00785597600043, 0.00410817936063, 0.00648639490828, 0.003471004311, 0.00277300202288, 0.00126846169587, 0.00119162304327, 0.00134735356551, 0.000858257699292, 0.000915199692827, 0.000691901601385, 0.00022078701295, 0.000245711504249, 0.000186856777873, 0.00010795165872, 0.000233458951698, 0.000156815571245, 0.000135479436722, 8.86763591552e-05, 8.68384158821e-05, 0.000105656865344, 5.69562143937e-05, 5.13546801812e-05, 5.0070535508e-05, 2.81505672319e-05, 4.55714325653e-05, 4.02609839512e-05, 2.74411158898e-05, 2.29754477914e-05, 2.96319503832e-05, 1.97773024411e-05, 1.35904901981e-05],
        "mean": [0.00773622468114, 0.00234596431255, 0.000633299699984, 0.00071311427746, 0.00121743127238, 0.00100891804323, 0.000501179019921, 0.000326438079355, 0.000514135987032, 0.000340156810125, 0.000190106671653, 0.000159715549671, 0.000125957187265, 8.4604442236e-05, 5.87023459957e-05, 4.40417134087e-05, 2.66551596724e-05, 2.89465569949e-05, 1.8923125026e-05, 1.06979950942e-05, 8.606098163e-06, 6.47969272904e-06, 5.625733138e-06, 5.24942288394e-06, 5.18940487382e-06, 3.8868847696e-06, 2.50980610872e-06, 2.21216396312e-06, 1.62576247931e-06, 1.59150988566e-06, 1.39407927691e-06, 1.19042533697e-06, 8.77780507835e-07, 9.69128791439e-07, 1.03660170225e-06, 9.64960918282e-07, 8.84445967131e-07, 8.68883944349e-07, 6.7447587071e-07, 6.14334055626e-07],
        "median": [0.00140546693001, 0.000597618462052, 0.000296837068163, 0.000390893488657, 0.000830367789604, 0.000374015711714, 0.000179465074325, 0.000121202079754, 0.000198891502805, 0.000123257108498, 5.00669193571e-05, 5.41698427696e-05, 2.82973669528e-05, 3.34181604558e-05, 2.1367577574e-05, 1.19545657071e-05, 6.78317792335e-06, 8.3885015556e-06, 5.4344873206e-06, 3.40908400176e-06, 3.14131216328e-06, 2.06240929401e-06, 1.55967950377e-06, 1.77090441866e-06, 1.81226619134e-06, 1.26617715068e-06, 6.71001657793e-07, 7.16968202141e-07, 3.60429112334e-07, 2.85318321858e-07, 2.38756967974e-07, 2.02512865144e-07, 1.74167212208e-07, 1.66797661905e-07, 2.66059828391e-07, 2.69325596491e-07, 2.43559838964e-07, 2.03016298883e-07, 2.0550838542e-07, 2.10801971434e-07],
        "min": [1.30831575333e-24, 6.19039899369e-24, 1.0262348314e-23, 5.28932617457e-24, 1.0104825413e-23, 1.39201811578e-23, 8.83835892791e-24, 6.70587384132e-24, 6.98438039504e-24, 1.30526676649e-23, 3.22437649559e-23, 1.07379091664e-23, 7.2401677547e-24, 1.30189351837e-23, 1.17374677197e-23, 1.37665867841e-23, 1.43553468099e-23, 5.07460573035e-24, 1.24548878036e-23, 6.66895672867e-24, 6.4882093682e-24, 1.43398378045e-23, 1.15950870037e-23, 1.08411497597e-23, 1.63603772177e-23, 1.41648242795e-23, 8.7969192757e-24, 9.36355727506e-24, 9.52586461745e-24, 9.41523713068e-24, 7.01932535542e-24, 6.48090767166e-24, 1.02144897006e-23, 1.4895613978e-23, 6.97903112925e-24, 5.69929127056e-24, 9.13811818329e-24, 1.36514572682e-23, 1.2020825768e-23, 1.10647168845e-23],
        "stdev": [0.0197330806404, 0.00647121388465, 0.00123980292119, 0.00090466364054, 0.001180688967, 0.0015980694443, 0.000860890431795, 0.000626925379038, 0.000843484187499, 0.00057824223768, 0.000473507388961, 0.000287373608444, 0.000297923019389, 0.00014039738744, 9.67690866673e-05, 9.19084341149e-05, 6.14987075096e-05, 6.28943016636e-05, 4.41060037701e-05, 2.35413444898e-05, 1.70824969246e-05, 1.42306180351e-05, 1.13759579108e-05, 1.30278358483e-05, 1.14351787488e-05, 8.08018830867e-06, 7.42720612834e-06, 5.79171819481e-06, 5.19822924616e-06, 5.19199784321e-06, 4.49322442364e-06, 3.81921290682e-06, 2.39422524828e-06, 3.15426200359e-06, 2.790036433e-06, 2.13547696148e-06, 2.08112533073e-06, 2.24821951633e-06, 1.63470099324e-06, 1.283481879e-06],
        "var": [0.000389394466765, 4.18766103394e-05, 1.53711118855e-06, 8.18416253878e-07, 1.39402641253e-06, 2.55382610703e-06, 7.41132339499e-07, 3.93035406887e-07, 7.11465588665e-07, 3.34364074206e-07, 2.24209259159e-07, 8.2583582639e-08, 8.87581279585e-08, 1.97114271572e-08, 9.36425603726e-09, 8.44716030457e-09, 3.78209064067e-09, 3.95569310641e-09, 1.94533944509e-09, 5.54194912183e-10, 2.91811713682e-10, 2.02510480607e-10, 1.29412411343e-10, 1.69724498345e-10, 1.30763302963e-10, 6.52894474595e-11, 5.51633877466e-11, 3.35440009103e-11, 2.70215863574e-11, 2.69568412731e-11, 2.01890639623e-11, 1.45863859186e-11, 5.73231436277e-12, 9.94936945331e-12, 7.78430358367e-12, 4.56026145665e-12, 4.33108236775e-12, 5.05449068017e-12, 2.67224740599e-12, 1.64732561359e-12]
    },
    "melbands128": {
