{
"lowlevel": {
    "average_loudness": 0.820268273354,
    "barkbands_crest": {
        "dmean": 3.81656384468,
        "dmean2": 6.12499523163,
        "dvar": 13.8061342239,
        "dvar2": 31.5018367767,
        "max": 26.2386016846,
        "mean": 13.9644346237,
        "median": 12.823797226,
        "min": 2.60886979103,
        "stdev": 6.39762735367,
        "var": 40.9296379089
    },
    "barkbands_flatness_db": {
        "dmean": 0.0401996970177,
        "dmean2": 0.0571706332266,
        "dvar": 0.00166614400223,
        "dvar2": 0.00313223805279,
        "max": 0.499744057655,
        "mean": 0.191295787692,
        "median": 0.172927469015,
        "min": 0.0347783491015,
        "stdev": 0.0882875397801,
        "var": 0.00779468985274
    },
    "barkbands_kurtosis": {
        "dmean": 26.057352066,
        "dmean2": 43.0042953491,
        "dvar": 4878.72802734,
        "dvar2": 13636.4511719,
        "max": 1006.68115234,
        "mean": 31.7800140381,
        "median": 4.45253658295,
        "min": -1.79813790321,
        "stdev": 83.4635009766,
        "var": 6966.15625
    },
    "barkbands_skewness": {
        "dmean": 1.49093818665,
        "dmean2": 2.28356170654,
        "dvar": 4.66279554367,
        "dvar2": 11.9296455383,
        "max": 24.0962848663,
        "mean": 3.22404789925,
        "median": 2.01760649681,
        "min": -2.05497741699,
        "stdev": 3.50377130508,
        "var": 12.2764129639
    },
    "barkbands_spread": {
        "dmean": 6.32361030579,
        "dmean2": 9.82548427582,
        "dvar": 73.4776382446,
        "dvar2": 161.516296387,
        "max": 90.6596984863,
        "mean": 15.8991413116,
        "median": 14.151717186,
        "min": 0.180420979857,
        "stdev": 12.525935173,
        "var": 156.899047852
    },
    "dissonance": {
        "dmean": 0.0243401546031,
        "dmean2": 0.0396228134632,
        "dvar": 0.000486234755954,
        "dvar2": 0.00127555197105,
        "max": 0.499963313341,
        "mean": 0.452193468809,
        "median": 0.458195984364,
        "min": 0.279042690992,
        "stdev": 0.031870432198,
        "var": 0.00101572438143
    },
    "dynamic_complexity": 2.91340041161,
    "erbbands_crest": {
        "dmean": 3.61477208138,
        "dmean2": 5.71819972992,
        "dvar": 10.7657690048,
        "dvar2": 25.7975521088,
        "max": 28.9590072632,
        "mean": 10.6746139526,
        "median": 9.44428730011,
        "min": 2.74905085564,
        "stdev": 5.13463354111,
        "var": 26.3644618988
    },
    "erbbands_flatness_db": {
        "dmean": 0.0210127104074,
        "dmean2": 0.0308967810124,
        "dvar": 0.000394489237806,
        "dvar2": 0.000768663885538,
        "max": 0.375066488981,
        "mean": 0.166271030903,
        "median": 0.162467494607,
        "min": 0.0639740750194,
        "stdev": 0.040938038379,
        "var": 0.00167592312209
    },
    "erbbands_kurtosis": {
        "dmean": 1.06633448601,
        "dmean2": 1.73093855381,
        "dvar": 2.28881597519,
        "dvar2": 5.76015424728,
        "max": 17.4647865295,
        "mean": 0.390308260918,
        "median": -0.127583742142,
        "min": -1.72651684284,
        "stdev": 1.84612619877,
        "var": 3.40818190575
    },
    "erbbands_skewness": {
        "dmean": 0.443883836269,
        "dmean2": 0.680654585361,
        "dvar": 0.181278422475,
        "dvar2": 0.414379149675,
        "max": 4.06041240692,
        "mean": 0.737614572048,
        "median": 0.692622661591,
        "min": -2.74269533157,
        "stdev": 0.685840547085,
        "var": 0.470377266407
    },
    "erbbands_spread": {
        "dmean": 10.2209320068,
        "dmean2": 16.164730072,
        "dvar": 140.331359863,
        "dvar2": 350.023376465,
        "max": 173.604232788,
        "mean": 42.4394111633,
        "median": 39.2521057129,
        "min": 6.2091755867,
        "stdev": 17.0911369324,
        "var": 292.106933594
    },
    "hfc": {
        "dmean": 14.4219608307,
        "dmean2": 23.8531627655,
        "dvar": 1948.93286133,
        "dvar2": 5168.54589844,
        "max": 536.04486084,
        "mean": 23.3377132416,
        "median": 16.4576873779,
        "min": 1.21585517999e-16,
        "stdev": 39.2678947449,
        "var": 1541.96765137
    },
    "loudness_ebu128": {
        "integrated": -10.4190044403,
        "loudness_range": 2.17444705963,
        "momentary": {
            "dmean": 0.935085296631,
            "dmean2": 1.09713697433,
            "dvar": 0.865764081478,
            "dvar2": 1.68624460697,
            "max": -6.57098960876,
            "mean": -10.9028453827,
            "median": -10.5867595673,
            "min": -19.4663410187,
            "stdev": 2.16257286072,
            "var": 4.67672109604
        },
        "short_term": {
            "dmean": 0.113617405295,
            "dmean2": 0.120386630297,
            "dvar": 0.00712529057637,
            "dvar2": 0.01153627038,
            "max": -8.0874786377,
            "mean": -10.6231622696,
            "median": -10.5724391937,
            "min": -12.8889503479,
            "stdev": 0.847956001759,
            "var": 0.71902936697
        }
    },
    "melbands_crest": {
        "dmean": 4.62808418274,
        "dmean2": 6.62502813339,
        "dvar": 15.9771356583,
        "dvar2": 28.6771316528,
        "max": 36.4569969177,
        "mean": 18.6243495941,
        "median": 16.9383659363,
        "min": 1.69556510448,
        "stdev": 8.64159393311,
        "var": 74.6771469116
    },
    "melbands_flatness_db": {
        "dmean": 0.046402040869,
        "dmean2": 0.0641688555479,
        "dvar": 0.00242489087395,
        "dvar2": 0.00394021160901,
        "max": 0.650387167931,
        "mean": 0.237713903189,
        "median": 0.20295985043,
        "min": 0.00627851020545,
        "stdev": 0.120514459908,
        "var": 0.0145237343386
    },
    "melbands_kurtosis": {
        "dmean": 36.3359298706,
        "dmean2": 55.6406364441,
        "dvar": 7473.45263672,
        "dvar2": 17385.9921875,
        "max": 1387.39685059,
        "mean": 53.5050926208,
        "median": 12.5118455887,
        "min": -1.73404836655,
        "stdev": 113.199867249,
        "var": 12814.2099609
    },
    "melbands_skewness": {
        "dmean": 1.52326405048,
        "dmean2": 2.20524024963,
        "dvar": 3.8708114624,
        "dvar2": 8.17797756195,
        "max": 26.1824188232,
        "mean": 4.19227027893,
        "median": 2.93397331238,
        "min": -0.427935481071,
        "stdev": 3.51568436623,
        "var": 12.3600358963
    },
    "melbands_spread": {
        "dmean": 7.96748828888,
        "dmean2": 12.2193622589,
        "dvar": 172.663742065,
        "dvar2": 338.293212891,
        "max": 230.983840942,
        "mean": 17.8003368378,
        "median": 13.7562952042,
        "min": 0.168962419033,
        "stdev": 19.0050163269,
        "var": 361.190612793
    },
    "pitch_salience": {
        "dmean": 0.108097687364,
        "dmean2": 0.166981995106,
        "dvar": 0.0119318626821,
        "dvar2": 0.0254560429603,
        "max": 0.87692964077,
        "mean": 0.474791616201,
        "median": 0.501187741756,
        "min": 0.0620046444237,
        "stdev": 0.200431838632,
        "var": 0.0401729233563
    },
    "silence_rate_20dB": {
        "dmean": 0.00154798757285,
        "dmean2": 0.00309837330133,
        "dvar": 0.00154558056965,
        "dvar2": 0.00463790399954,
        "max": 1,
        "mean": 0.999226629734,
        "median": 1,
        "min": 0,
        "stdev": 0.0277991946787,
        "var": 0.000772795232479
    },
    "silence_rate_30dB": {
        "dmean": 0.078947365284,
        "dmean2": 0.158017039299,
        "dvar": 0.0727150142193,
        "dvar2": 0.1345962286,
        "max": 1,
        "mean": 0.770301640034,
        "median": 1,
        "min": 0,
        "stdev": 0.420641750097,
        "var": 0.176939472556
    },
    "silence_rate_60dB": {
        "dmean": 0.0340557284653,
        "dmean2": 0.0666150301695,
        "dvar": 0.0328958369792,
        "dvar2": 0.0745723545551,
        "max": 1,
        "mean": 0.0502706877887,
        "median": 0,
        "min": 0,
        "stdev": 0.218500673771,
        "var": 0.0477425418794
    },
    "spectral_centroid": {
        "dmean": 322.613433838,
        "dmean2": 497.455810547,
        "dvar": 219340.40625,
        "dvar2": 381692.28125,
        "max": 11189.2041016,
        "mean": 1181.77209473,
        "median": 1079.59106445,
        "min": 133.941146851,
        "stdev": 705.476257324,
        "var": 497696.71875
    },
    "spectral_complexity": {
        "dmean": 4.65634679794,
        "dmean2": 7.16111564636,
        "dvar": 40.4821510315,
        "dvar2": 75.6009902954,
        "max": 60,
        "mean": 14.7942771912,
        "median": 13,
        "min": 0,
        "stdev": 9.33309650421,
        "var": 87.1066818237
    },
    "spectral_decrease": {
        "dmean": 8.38054603491e-09,
        "dmean2": 1.31853328256e-08,
        "dvar": 1.99791064167e-16,
        "dvar2": 4.54772995232e-16,
        "max": 1.14206333662e-28,
        "mean": -1.60856643561e-08,
        "median": -5.60091528712e-09,
        "min": -9.16382205673e-08,
        "stdev": 2.20117648553e-08,
        "var": 4.84517774785e-16
    },
    "spectral_energy": {
        "dmean": 0.0327218361199,
        "dmean2": 0.0516697689891,
        "dvar": 0.00291009666398,
        "dvar2": 0.00665536057204,
        "max": 0.347549170256,
        "mean": 0.0628277957439,
        "median": 0.0232645813376,
        "min": 1.05971255341e-20,
        "stdev": 0.0834896042943,
        "var": 0.00697051407769
    },
    "spectral_energyband_high": {
        "dmean": 0.00110667280387,
        "dmean2": 0.00187385443132,
        "dvar": 2.68241947197e-05,
        "dvar2": 7.31983964215e-05,
        "max": 0.0691377222538,
        "mean": 0.00116803741548,
        "median": 0.000366925174603,
        "min": 8.02114616612e-21,
        "stdev": 0.00429350649938,
        "var": 1.84341988643e-05
    },
    "spectral_energyband_low": {
        "dmean": 0.0275309514254,
        "dmean2": 0.0431726872921,
        "dvar": 0.0031033474952,
        "dvar2": 0.00705262040719,
        "max": 0.346760302782,
        "mean": 0.045991808176,
        "median": 0.000649843190331,
        "min": 2.51812810204e-23,
        "stdev": 0.0841420963407,
        "var": 0.00707989279181
    },
    "spectral_energyband_middle_high": {
        "dmean": 0.00332174869254,
        "dmean2": 0.00534971198067,
        "dvar": 8.51203076309e-05,
        "dvar2": 0.00022229575552,
        "max": 0.0921791195869,
        "mean": 0.00468157557771,
        "median": 0.00204246328212,
        "min": 1.4821589227e-21,
        "stdev": 0.00896885432303,
        "var": 8.04403462098e-05
    },
    "spectral_energyband_middle_low": {
        "dmean": 0.00601350469515,
        "dmean2": 0.0100003071129,
        "dvar": 8.23608570499e-05,
        "dvar2": 0.000220969654038,
        "max": 0.0709157139063,
        "mean": 0.0116179995239,
        "median": 0.00809789635241,
        "min": 2.23358733037e-22,
        "stdev": 0.0111836232245,
        "var": 0.000125073434901
    },
    "spectral_entropy": {
        "dmean": 0.247148990631,
        "dmean2": 0.368158102036,
        "dvar": 0.0561142191291,
        "dvar2": 0.116500243545,
        "max": 9.80093574524,
        "mean": 7.46640872955,
        "median": 7.4337310791,
        "min": 5.41494607925,
        "stdev": 0.445919662714,
        "var": 0.198844343424
    },
    "spectral_flux": {
        "dmean": 0.0567787736654,
        "dmean2": 0.0868357717991,
        "dvar": 0.00517856981605,
        "dvar2": 0.0112437400967,
        "max": 0.485089719296,
        "mean": 0.126794397831,
        "median": 0.0928952395916,
        "min": 1.02942342151e-10,
        "stdev": 0.102858580649,
        "var": 0.0105798877776
    },
    "spectral_kurtosis": {
        "dmean": 1.65127408504,
        "dmean2": 2.73932051659,
        "dvar": 7.27702045441,
        "dvar2": 15.0721435547,
        "max": 112.6483078,
        "mean": 4.09604310989,
        "median": 3.14523506165,
        "min": -1.18745446205,
        "stdev": 6.49956512451,
        "var": 42.2443466187
    },
    "spectral_rms": {
        "dmean": 0.00183455250226,
        "dmean2": 0.00275935069658,
        "dvar": 5.86317810303e-06,
        "dvar2": 1.17748422781e-05,
        "max": 0.0184139180928,
        "mean": 0.00640459405258,
        "median": 0.00476415315643,
        "min": 3.2153784843e-12,
        "stdev": 0.00450295303017,
        "var": 2.02765841095e-05
    },
    "spectral_rolloff": {
        "dmean": 664.430603027,
        "dmean2": 1092.72387695,
        "dvar": 1787486.875,
        "dvar2": 3776746.5,
        "max": 18561.6210938,
        "mean": 1324.06640625,
        "median": 710.595703125,
        "min": 64.599609375,
        "stdev": 1704.61779785,
        "var": 2905722
    },
    "spectral_skewness": {
        "dmean": 0.256685674191,
        "dmean2": 0.417082101107,
        "dvar": 0.0785890445113,
        "dvar2": 0.192306578159,
        "max": 7.48037528992,
        "mean": 1.50802052021,
        "median": 1.4670933485,
        "min": -0.0347793921828,
        "stdev": 0.552527189255,
        "var": 0.305286288261
    },
    "spectral_spread": {
        "dmean": 710288.75,
        "dmean2": 1059251.5,
        "dvar": 1.65738132275e+12,
        "dvar2": 2.30565924045e+12,
        "max": 39822524,
        "mean": 5024166,
        "median": 4855384.5,
        "min": 732119.3125,
        "stdev": 1849320.375,
        "var": 3.41998593638e+12
    },
    "spectral_strongpeak": {
        "dmean": 0.559733688831,
        "dmean2": 0.905369341373,
        "dvar": 0.513190507889,
        "dvar2": 1.05658471584,
        "max": 10.9524898529,
        "mean": 1.14332652092,
        "median": 0.793740570545,
        "min": 7.0351933168e-09,
        "stdev": 1.19405949116,
        "var": 1.42577815056
    },
    "zerocrossingrate": {
        "dmean": 0.0144984005019,
        "dmean2": 0.0159691795707,
        "dvar": 0.000481271563331,
        "dvar2": 0.000534055579919,
        "max": 0.4970703125,
        "mean": 0.053611241281,
        "median": 0.04833984375,
        "min": 0.001953125,
        "stdev": 0.0434832759202,
        "var": 0.00189079518896
    },
    "barkbands": {
        "dmean": [0.00258231256157, 0.027102842927, 0.00313634891063, 0.00141359737609, 0.00203744811006, 0.000900790968444, 0.00103121914435, 0.00200098659843, 0.000925428699702, 0.00056049664272, 0.000226726770052, 0.000732860295102, 0.000745009281673, 0.000444024306489, 0.000382817001082, 0.000349900103174, 0.000258090178249, 0.000235866507865, 0.000218395056436, 0.000293637625873, 0.000336411700118, 0.000245932984399, 0.000158066730364, 0.000141950818943, 7.73899737396e-05, 4.36342452304e-05, 4.01720626542e-06],
        "dmean2": [0.00408622203395, 0.0450845807791, 0.00591537728906, 0.00259848171845, 0.00352145079523, 0.00146139366552, 0.00168802996632, 0.00295761600137, 0.00142578990199, 0.00095969933318, 0.000385377294151, 0.00128908548504, 0.00124048639555, 0.000689600652549, 0.000621094193775, 0.00058819714468, 0.000411404500483, 0.000389778491808, 0.000382351543522, 0.000516710220836, 0.000592619355302, 0.000399268930778, 0.000273042533081, 0.000233014012338, 0.000125444537844, 7.73353021941e-05, 7.4911131378e-06],
        "dvar": [4.51623636764e-05, 0.0031977139879, 7.62371928431e-05, 1.09175443868e-05, 1.73804510268e-05, 3.32120021085e-06, 5.31997966391e-06, 1.85917233466e-05, 5.34269565833e-06, 2.30817181546e-06, 6.69460632707e-07, 8.89377406565e-06, 4.1384018914e-06, 2.43925637733e-06, 1.37741574235e-06, 1.21475318338e-06, 3.04778239979e-07, 3.57405923523e-07, 6.97271559602e-07, 1.58465729783e-06, 3.90690502172e-06, 9.78133016361e-07, 5.38759650226e-07, 2.03327246595e-07, 4.92060721058e-08, 2.4577678559e-08, 4.71245820144e-10],
        "dvar2": [0.000120737036923, 0.00817703269422, 0.000231230354984, 3.13083000947e-05, 4.85706987092e-05, 7.58887154007e-06, 1.22643050418e-05, 3.57169665222e-05, 1.04683085738e-05, 6.36468666926e-06, 1.83322265457e-06, 2.57028241322e-05, 1.07621417555e-05, 4.98442886965e-06, 3.62338187188e-06, 2.99562498185e-06, 6.80480070514e-07, 9.54138727138e-07, 2.02187243303e-06, 4.47669572168e-06, 1.10859982669e-05, 2.41716998062e-06, 1.53443829731e-06, 5.15102726695e-07, 1.19442333357e-07, 6.83045087158e-08, 1.35842803672e-09],
        "max": [0.0513069368899, 0.319266885519, 0.0546862334013, 0.0277640335262, 0.0358230769634, 0.0345158018172, 0.0389425829053, 0.0527472272515, 0.0318785794079, 0.0257695708424, 0.0129807246849, 0.0401382483542, 0.0319413952529, 0.0318104028702, 0.0148499747738, 0.0104606794193, 0.00927510485053, 0.00680239778012, 0.0111452592537, 0.0155074791983, 0.0260086357594, 0.0120526384562, 0.0105312913656, 0.00474389409646, 0.00192542199511, 0.0015916575212, 0.000261508306721],
        "mean": [0.00294843735173, 0.0403036177158, 0.0021559454035, 0.00113059580326, 0.00276119215414, 0.00146093929652, 0.001314438181, 0.00360096548684, 0.00126459228341, 0.000608595611993, 0.00021232792642, 0.000682923244312, 0.000881135056261, 0.00047230932978, 0.000412497145589, 0.000348159723217, 0.000350974180037, 0.000352050818037, 0.000264478381723, 0.000275683734799, 0.000282480352325, 0.00029057066422, 0.000172355066752, 0.000153414628585, 8.76642079675e-05, 3.69710687664e-05, 2.50653783951e-06],
        "median": [5.32362435024e-07, 2.16982916754e-05, 0.000116346665891, 0.000206638302188, 0.00135059945751, 0.000575161306188, 0.000377638672944, 0.00054698868189, 0.000242270354647, 0.000206976430491, 4.43079115939e-05, 0.000121954923088, 0.000130253698444, 9.05642009457e-05, 8.41147702886e-05, 7.17856164556e-05, 0.000120344331663, 0.000109994507511, 8.03610819275e-05, 5.69615622226e-05, 5.76893653488e-05, 9.07745488803e-05, 4.92182807648e-05, 3.7854675611e-05, 1.55303023348e-05, 5.39837310498e-06, 1.96182181611e-08],
        "min": [8.91358864814e-24, 1.05503440756e-23, 4.11796121034e-24, 1.29559383296e-23, 1.65648357649e-23, 5.74538378216e-23, 3.08340421193e-23, 5.1319772174e-23, 4.12299792944e-23, 8.52063052552e-23, 5.25451350617e-23, 9.83408898142e-23, 7.72371061729e-23, 3.13515790493e-23, 9.48422790778e-23, 2.04977794317e-22, 2.38037377133e-22, 1.95217906224e-22, 2.44251834018e-22, 2.51528665661e-22, 4.48461441897e-22, 5.07835682706e-22, 5.58071809277e-22, 6.88395063942e-22, 1.27749977771e-21, 2.00419157735e-21, 2.67511179452e-21],
        "stdev": [0.00704756099731, 0.0768677443266, 0.00673322752118, 0.00275152013637, 0.00418917136267, 0.00281013618223, 0.00290494225919, 0.00713156769052, 0.00319769582711, 0.00138752243947, 0.000709923508111, 0.00233320193365, 0.00222694058903, 0.00186466553714, 0.00112150167115, 0.00103270623367, 0.000681981211528, 0.000659240526147, 0.000693017209414, 0.00102425052319, 0.00153997424059, 0.000912753806915, 0.000589356233831, 0.000427815772127, 0.00023610072094, 0.000127730760141, 1.63175791386e-05],
        "var": [4.96681132063e-05, 0.0059086503461, 4.53363500128e-05, 7.57086309022e-06, 1.7549156837e-05, 7.89686509961e-06, 8.43868929223e-06, 5.08592602273e-05, 1.02252579381e-05, 1.92521861209e-06, 5.0399137308e-07, 5.44383101442e-06, 4.95926406074e-06, 3.47697755387e-06, 1.25776591631e-06, 1.06648224119e-06, 4.65098338509e-07, 4.34598064203e-07, 4.80272888126e-07, 1.04908906451e-06, 2.37152062255e-06, 8.33119543131e-07, 3.47340744611e-07, 1.83026344303e-07, 5.57435484438e-08, 1.63151465671e-08, 2.66263372461e-10]
    },
    "erbbands": {
        "dmean": [1.15636456013, 5.82186603546, 4.20137786865, 4.36542463303, 5.02383899689, 7.7403922081, 8.15305995941, 6.42705869675, 11.2548809052, 23.8382701874, 45.4552307129, 23.98204422, 10.912314415, 17.4171638489, 14.9992275238, 27.8956279755, 32.8457794189, 24.7734184265, 17.8741073608, 20.3447933197, 17.5387477875, 14.1500110626, 13.4119186401, 10.026591301, 12.4216852188, 13.5669584274, 13.0382232666, 13.7262525558, 9.36209392548, 8.11753177643, 3.28450989723, 3.35485434532, 1.92762744427, 0.943706870079, 0.534764647484, 0.222555100918, 0.0711873918772, 0.0151187470183, 0.000416195980506, 4.71905732411e-05],
        "dmean2": [1.62662315369, 10.1876459122, 7.31990337372, 8.08504295349, 8.9322052002, 13.4319353104, 13.3349924088, 10.476600647, 18.7807579041, 37.4472312927, 64.3042297363, 35.840927124, 18.1651496887, 29.828207016, 25.4370975494, 49.4117546082, 55.2129516602, 36.6956748962, 28.8780345917, 34.1387557983, 29.0303001404, 22.5943470001, 21.8046340942, 17.4209346771, 21.3311786652, 23.8185958862, 23.3173809052, 23.9972743988, 15.3212394714, 13.994310379, 5.41909456253, 5.54249429703, 3.09190058708, 1.52392888069, 0.891838729382, 0.383690029383, 0.128500297666, 0.0275822076946, 0.000758661190048, 7.73438878241e-05],
        "dvar": [5.65581274033, 155.96925354, 122.053405762, 115.684631348, 158.231994629, 237.939819336, 286.343780518, 165.579956055, 629.593444824, 3401.19458008, 9381.90039062, 3350.63500977, 752.257019043, 2436.77685547, 3091.39599609, 13288.2089844, 7560.60302734, 6626.61376953, 2550.23242188, 3987.00805664, 3200.36547852, 969.922912598, 910.824890137, 1596.58764648, 1638.38562012, 3402.42675781, 5135.68896484, 6413.40527344, 1569.35290527, 1977.03601074, 112.810646057, 144.532150269, 26.080789566, 6.84215688705, 2.42763400078, 0.471395850182, 0.0844943895936, 0.00503949495032, 3.8545094867e-06, 7.09135283827e-09],
        "dvar2": [12.2085981369, 463.390258789, 332.175048828, 340.994476318, 448.38381958, 670.974121094, 646.124816895, 403.402801514, 1598.77807617, 8279.05371094, 17006.3671875, 6708.52050781, 2043.41479492, 6579.06738281, 8594.44628906, 38705.5546875, 21129.5449219, 12260.4414062, 6138.06542969, 10421.1289062, 8189.76855469, 2272.90161133, 2348.24951172, 4513.95458984, 4812.70117188, 9583.74707031, 14826.0996094, 17703.7871094, 3950.57983398, 5642.28955078, 299.91973877, 377.280853271, 60.708530426, 15.8047237396, 6.32093524933, 1.26944231987, 0.239158272743, 0.0142905684188, 1.100436657e-05, 1.81537469501e-08],
        "max": [16.2528305054, 63.4430809021, 80.5802764893, 81.9042510986, 98.8305740356, 152.44644165, 299.276763916, 257.922943115, 357.502227783, 1087.30541992, 1247.99804688, 910.016845703, 372.613494873, 857.94909668, 767.50390625, 1600.63269043, 999.443054199, 1763.66760254, 751.684020996, 651.723999023, 635.645385742, 433.180419922, 329.340362549, 551.558654785, 476.227142334, 706.561279297, 870.074951172, 1109.83117676, 498.251342773, 651.531677246, 135.406860352, 137.989334106, 50.9460372925, 23.8196334839, 16.2235469818, 6.30464744568, 3.14379477501, 0.777456045151, 0.0206625331193, 0.000740152783692],
        "mean": [1.73149633408, 6.66097593307, 3.94668745995, 3.49872469902, 5.28115940094, 10.021021843, 14.6229486465, 9.66310214996, 13.6122264862, 37.611579895, 81.050491333, 34.9060020447, 13.9892482758, 18.3818054199, 16.1663398743, 25.5040397644, 40.2943077087, 31.1350460052, 20.928560257, 21.3180465698, 18.4732627869, 19.7680244446, 21.5990085602, 12.2793912888, 15.0889673233, 12.9364366531, 10.5339012146, 12.1595659256, 10.9266338348, 8.61910057068, 3.9294128418, 3.48831224442, 2.24391651154, 1.0691382885, 0.58764487505, 0.216029763222, 0.0560030005872, 0.0102207725868, 0.000304752757074, 7.99154440756e-05],
        "median": [0.000483707699459, 0.0146641917527, 0.151867374778, 0.548471391201, 1.83470642567, 4.44660425186, 5.55074834824, 4.23545408249, 5.53126859665, 11.6634874344, 16.8267784119, 8.71905136108, 5.32063007355, 6.62302970886, 3.96421003342, 5.22709321976, 6.20894432068, 6.16138362885, 5.04400253296, 4.74857378006, 4.44650173187, 8.03299045563, 8.19738006592, 4.17713880539, 4.65476846695, 3.07597184181, 2.51102948189, 2.3707048893, 3.08490395546, 2.65880942345, 1.16076827049, 0.869845807552, 0.497232496738, 0.192812532187, 0.100661918521, 0.0365484952927, 0.00788057222962, 0.000620214967057, 5.08659140905e-05, 3.49437505065e-05],
        "min": [7.01155122587e-22, 8.21949442388e-22, 3.78191701652e-21, 2.47567887195e-20, 4.09953199585e-20, 5.31653213495e-20, 1.55659015691e-19, 7.0299304036e-19, 2.52472454304e-19, 9.15894699274e-19, 1.27027076441e-18, 9.45019935437e-19, 2.0779304315e-18, 2.09956823555e-18, 3.02094590151e-18, 4.38825932404e-18, 3.36395081817e-18, 2.31025610065e-18, 2.6583897439e-18, 9.07796973308e-18, 9.81802175735e-18, 1.46417205364e-17, 1.2143637568e-17, 1.17509592148e-17, 1.22817643226e-17, 1.2481063565e-17, 1.629874032e-17, 1.68639280171e-17, 1.68375442643e-17, 1.72217299541e-17, 1.48274457449e-17, 1.41698685908e-17, 1.25985968311e-17, 1.43190969364e-17, 8.24087949679e-18, 6.94007842654e-18, 3.68033499476e-18, 1.6949792053e-18, 3.73715832204e-19, 3.64123968605e-20],
        "stdev": [3.38006782532, 13.6576805115, 10.0478115082, 8.79177951813, 11.0632572174, 16.0696182251, 25.672662735, 17.97108078, 25.9776077271, 74.6736297607, 163.818771362, 80.7397994995, 28.2562236786, 45.1723556519, 47.0126304626, 89.0558547974, 90.2779464722, 115.084243774, 53.6270179749, 57.7029495239, 51.8746147156, 35.9192123413, 36.4448547363, 33.017288208, 35.1010932922, 47.4335632324, 54.9200286865, 64.1874008179, 35.9284591675, 34.7970123291, 9.80539703369, 10.8497495651, 5.44150829315, 2.86735033989, 1.58088898659, 0.612843632698, 0.226885870099, 0.0547298900783, 0.0014998796396, 0.000100979967101],
        "var": [11.4248590469, 186.532226562, 100.958518982, 77.2953872681, 122.3956604, 258.232635498, 659.085571289, 322.959777832, 674.836120605, 5576.15136719, 26836.5878906, 6518.91552734, 798.414123535, 2040.54174805, 2210.18725586, 7930.94580078, 8150.10742188, 13244.3837891, 2875.85717773, 3329.63037109, 2690.97558594, 1290.18969727, 1328.22741699, 1090.14123535, 1232.08666992, 2249.94287109, 3016.20947266, 4120.02246094, 1290.85424805, 1210.83215332, 96.1458053589, 117.717056274, 29.6100120544, 8.22169780731, 2.49921011925, 0.375577330589, 0.051477201283, 0.0029953608755, 2.24963901019e-06, 1.0196954392e-08]
    },
    "gfcc": {
        "mean": [-15.4292793274, 82.3153533936, -122.19430542, 27.1660480499, -73.9658660889, 5.44351100922, -45.4709014893, 4.8831319809, -21.2859172821, -0.202128097415, -16.4126358032, -2.56037402153, -14.6659488678],
        "cov": [[5037.19775391, -1118.35754395, -547.068847656, 92.595993042, -220.526824951, 366.170135498, 115.373283386, 256.441162109, 24.7252082825, 224.087844849, -10.6625967026, 189.635925293, -191.023147583], [-1118.35754395, 2150.73217773, 811.500671387, 541.242004395, 961.637756348, 91.5418395996, 666.280456543, 188.060775757, 412.83706665, -44.2281990051, 411.940002441, -57.93699646, 221.523483276], [-547.068847656, 811.500671387, 1495.32226562, 657.783630371, 829.971374512, 403.057403564, 479.34979248, 309.611541748, 308.166473389, 162.244506836, 252.538024902, 96.9216918945, 269.540679932], [92.595993042, 541.242004395, 657.783630371, 650.555603027, 496.100036621, 251.703094482, 397.391113281, 198.468551636, 279.467407227, 91.3347549438, 212.808044434, 58.738117218, 168.728042603], [-220.526824951, 961.637756348, 829.971374512, 496.100036621, 896.423950195, 283.222137451, 523.210571289, 252.929367065, 348.163085938, 118.605133057, 278.035491943, 65.4869232178, 215.514221191], [366.170135498, 91.5418395996, 403.057403564, 251.703094482, 283.222137451, 395.383422852, 306.489227295, 169.197143555, 140.887557983, 104.56312561, 148.545333862, 81.5182876587, 87.5496139526], [115.373283386, 666.280456543, 479.34979248, 397.391113281, 523.210571289, 306.489227295, 624.508728027, 213.510986328, 301.482971191, 82.0705566406, 280.370941162, 60.6824455261, 100.146789551], [256.441162109, 188.060775757, 309.611541748, 198.468551636, 252.929367065, 169.197143555, 213.510986328, 225.641815186, 159.174880981, 79.5687637329, 98.6543426514, 51.4111671448, 70.083984375], [24.7252082825, 412.83706665, 308.166473389, 279.467407227, 348.163085938, 140.887557983, 301.482971191, 159.174880981, 322.311523438, 93.5790786743, 147.845489502, 19.002866745, 116.375480652], [224.087844849, -44.2281990051, 162.244506836, 91.3347549438, 118.605133057, 104.56312561, 82.0705566406, 79.5687637329, 93.5790786743, 129.608932495, 40.7430648804, 41.112487793, 53.9934158325], [-10.6625967026, 411.940002441, 252.538024902, 212.808044434, 278.035491943, 148.545333862, 280.370941162, 98.6543426514, 147.845489502, 40.7430648804, 263.034545898, 66.8321914673, 55.9534835815], [189.635925293, -57.93699646, 96.9216918945, 58.738117218, 65.4869232178, 81.5182876587, 60.6824455261, 51.4111671448, 19.002866745, 41.112487793, 66.8321914673, 110.78528595, 47.1570129395], [-191.023147583, 221.523483276, 269.540679932, 168.728042603, 215.514221191, 87.5496139526, 100.146789551, 70.083984375, 116.375480652, 53.9934158325, 55.9534835815, 47.1570129395, 202.011123657]],
        "icov": [[0.000363841914805, 6.81863384671e-05, 0.000395632552681, -0.000344802858308, -8.94736003829e-05, -0.000316243473208, 2.55168324657e-05, -0.000471521372674, 0.00011388490384, -0.000472698506201, 0.000250041281106, -0.000474202010082, 0.000515007064678], [6.81863384671e-05, 0.00204600254074, -0.000229924320593, 0.000154606663273, -0.00144769018516, 0.00142634066287, -0.000978978350759, -0.000149360581418, -5.71905366087e-05, 0.00197968538851, -0.00193562521599, 0.00237507256679, -0.00105253688525], [0.000395632552681, -0.000229924320593, 0.00241011939943, -0.00143185583875, -0.00118531764019, -0.0011873516487, 0.000599068764132, -0.00116878258996, 0.00105875311419, -0.0012566834921, 0.000643371255137, -0.00053227529861, 0.000166040816111], [-0.000344802858308, 0.000154606663273, -0.00143185583875, 0.00427984260023, 1.86777185718e-06, 0.000201981980354, -0.00080073880963, 0.000368075037841, -0.001505853259, 0.00127054587938, -0.000994533183984, 0.000733112217858, -0.00134780514054], [-8.94736003829e-05, -0.00144769018516, -0.00118531764019, 1.86777185718e-06, 0.0050927544944, -0.000273030513199, -0.000925857806578, -0.000352425529854, -0.000779665424488, -0.00145185086876, 0.000339973892551, -0.000947099004406, -0.000686547718942], [-0.000316243473208, 0.00142634066287, -0.0011873516487, 0.000201981980354, -0.000273030513199, 0.00726667279378, -0.00325995031744, -0.00121223088354, 0.00149464223068, -0.000579349405598, -0.00183775194455, 0.00119121884927, -0.00174417870585], [2.55168324657e-05, -0.000978978350759, 0.000599068764132, -0.00080073880963, -0.000925857806578, -0.00325995031744, 0.0068123252131, -0.00051359354984, -0.00249988865107, 0.000640825892333, -0.00153280748054, -0.000976239622105, 0.00209002173506], [-0.000471521372674, -0.000149360581418, -0.00116878258996, 0.000368075037841, -0.000352425529854, -0.00121223088354, -0.00051359354984, 0.0103660244495, -0.00313509581611, -0.000439533789176, 0.000962020247243, -0.00203347811475, 0.000661425699946], [0.00011388490384, -5.71905366087e-05, 0.00105875311419, -0.001505853259, -0.000779665424488, 0.00149464223068, -0.00249988865107, -0.00313509581611, 0.0101330541074, -0.00444260891527, -0.00125155388378, 0.00361354998313, -0.00262048444711], [-0.000472698506201, 0.00197968538851, -0.0012566834921, 0.00127054587938, -0.00145185086876, -0.000579349405598, 0.000640825892333, -0.000439533789176, -0.00444260891527, 0.0159121584147, -0.00112140912097, -0.000348210131051, -0.00166932586581], [0.000250041281106, -0.00193562521599, 0.000643371255137, -0.000994533183984, 0.000339973892551, -0.00183775194455, -0.00153280748054, 0.000962020247243, -0.00125155388378, -0.00112140912097, 0.011085527949, -0.00718808732927, 0.00281936721876], [-0.000474202010082, 0.00237507256679, -0.00053227529861, 0.000733112217858, -0.000947099004406, 0.00119121884927, -0.000976239622105, -0.00203347811475, 0.00361354998313, -0.000348210131051, -0.00718808732927, 0.0185478329659, -0.00559885008261], [0.000515007064678, -0.00105253688525, 0.000166040816111, -0.00134780514054, -0.000686547718942, -0.00174417870585, 0.00209002173506, 0.000661425699946, -0.00262048444711, -0.00166932586581, 0.00281936721876, -0.00559885008261, 0.01020023413]]
    },
    "melbands": {
        "dmean": [0.00832606852055, 0.00350974337198, 0.000720443669707, 0.000474927772302, 0.000274511345197, 0.000151250424096, 0.000180019953405, 0.000309316790663, 0.000345686508808, 0.000129301493871, 5.59162253921e-05, 7.60301481932e-05, 4.03777885367e-05, 7.13561603334e-05, 7.6329568401e-05, 7.34551940695e-05, 4.24360150646e-05, 2.86360300379e-05, 3.09028800984e-05, 2.5667497539e-05, 1.92748157133e-05, 1.4304268916e-05, 1.6195961507e-05, 1.06755096567e-05, 8.01082387625e-06, 9.01508064999e-06, 9.14381689654e-06, 9.49865079747e-06, 7.67768597143e-06, 9.31675822358e-06, 7.53011363486e-06, 5.58588544664e-06, 4.28010798714e-06, 4.71397652291e-06, 1.7658193201e-06, 1.82283656613e-06, 2.18620198211e-06, 1.46206934915e-06, 1.06450238491e-06, 7.53367771722e-07],
        "dmean2": [0.013351727277, 0.00606144079939, 0.00133458082564, 0.000829146883916, 0.000451692962088, 0.000247555028182, 0.000298590312013, 0.000476712506497, 0.000487277808134, 0.000198019712116, 9.36269134399e-05, 0.000130294050905, 6.80792800267e-05, 0.000121983823192, 0.000137317590998, 0.000116731665912, 6.37387565803e-05, 4.65787597932e-05, 5.17940352438e-05, 4.27656559623e-05, 3.16389196087e-05, 2.33062601183e-05, 2.56533912761e-05, 1.81110863195e-05, 1.40251231642e-05, 1.5839079424e-05, 1.53538458108e-05, 1.68251226569e-05, 1.38418281495e-05, 1.65251294675e-05, 1.27623161461e-05, 9.05595425138e-06, 7.11469147063e-06, 8.33454760141e-06, 2.91106289296e-06, 2.97986366604e-06, 3.68972951037e-06, 2.37288213611e-06, 1.74752040039e-06, 1.2322461771e-06],
        "dvar": [0.000309986673528, 6.05579625699e-05, 3.35935737894e-06, 1.17890169804e-06, 2.58488114468e-07, 9.05218158209e-08, 1.50124478182e-07, 4.52148157137e-07, 4.99151667555e-07, 1.02670405511e-07, 2.04921519753e-08, 4.74321417698e-08, 2.11995718757e-08, 7.34219440801e-08, 9.50166167968e-08, 3.21564357364e-08, 2.15928519509e-08, 6.36104102725e-09, 1.15193223849e-08, 6.20517104366e-09, 3.73948605414e-09, 1.00671204706e-09, 1.12214781911e-09, 9.60291179908e-10, 1.07996223075e-09, 1.08696562862e-09, 8.07503008904e-10, 1.96964666799e-09, 1.69878444645e-09, 3.16101633757e-09, 1.64165447902e-09, 5.01936270325e-10, 3.09860304082e-10, 7.92162224705e-10, 2.27423184451e-11, 3.27243301901e-11, 6.74307623627e-11, 1.5115575458e-11, 8.38896313526e-12, 4.5496193618e-12],
        "dvar2": [0.000726974918507, 0.00015802840062, 9.88836200122e-06, 3.34774153998e-06, 6.02173656716e-07, 2.16597598524e-07, 3.71642130403e-07, 1.04583239136e-06, 8.95967673387e-07, 2.04918762847e-07, 5.54448540413e-08, 1.2858241405e-07, 5.83274122334e-08, 2.09900889558e-07, 2.78216447214e-07, 7.54551052751e-08, 4.1271906781e-08, 1.49722279019e-08, 3.13801074014e-08, 1.51161607675e-08, 9.67283320108e-09, 2.35847541497e-09, 2.53765986002e-09, 2.67145927602e-09, 3.04600278334e-09, 3.20183946023e-09, 2.29871766066e-09, 5.59103963127e-09, 4.94822272046e-09, 9.0126919261e-09, 4.4414147915e-09, 1.24296628545e-09, 8.01644528536e-10, 2.31319274846e-09, 6.06932976099e-11, 8.00473853868e-11, 1.81178488878e-10, 3.64237147388e-11, 1.92369783297e-11, 1.11518572155e-11],
        "max": [0.112170182168, 0.0532458648086, 0.0145459910855, 0.00989355705678, 0.00859894789755, 0.00601532775909, 0.0048646228388, 0.0121032828465, 0.0101299658418, 0.00505607901141, 0.00179421482608, 0.00387493730523, 0.00213629915379, 0.00382056413218, 0.00372701045126, 0.00317003205419, 0.00314169889316, 0.00100352161098, 0.0014811103465, 0.000858539657202, 0.000710606283974, 0.000335226592142, 0.000557331426535, 0.000401926226914, 0.000450396415545, 0.000452485546703, 0.000382241443731, 0.00056069123093, 0.00051547010662, 0.000716104463208, 0.00056835450232, 0.000272214703728, 0.000224207644351, 0.00041098613292, 5.45228103874e-05, 7.53692365834e-05, 8.93994874787e-05, 4.32514825661e-05, 2.58097661572e-05, 2.01069342438e-05],
        "mean": [0.0130452662706, 0.00409764237702, 0.000618874386419, 0.000581951695494, 0.000494148174766, 0.000229672397836, 0.000219071866013, 0.000517420645338, 0.000609120645095, 0.000177592461114, 6.66437481414e-05, 7.97029424575e-05, 4.16735529143e-05, 7.43940763641e-05, 6.28548004897e-05, 0.000102402969787, 4.88546793349e-05, 3.20332364936e-05, 3.09020324494e-05, 2.57815063378e-05, 1.99723763217e-05, 1.82604326255e-05, 2.58810814557e-05, 1.41925074786e-05, 9.18142268347e-06, 1.07299765659e-05, 1.04192167782e-05, 8.19817978481e-06, 6.03643366048e-06, 7.40588211556e-06, 6.72960231896e-06, 6.38983965473e-06, 5.14770817972e-06, 4.63540663986e-06, 2.15679210669e-06, 2.04036587093e-06, 2.12773852581e-06, 1.68061353634e-06, 1.17629997476e-06, 8.00029056336e-07],
        "median": [3.65982464245e-06, 7.91817583377e-05, 0.000136894406751, 0.000244056223892, 0.000218007684452, 9.7998919955e-05, 7.91796701378e-05, 0.00013414415298, 0.00013266618771, 3.36495577358e-05, 2.17580090975e-05, 2.67294963123e-05, 1.07331597974e-05, 1.34203719426e-05, 1.18238913274e-05, 1.40361398735e-05, 8.24261860544e-06, 7.3699384302e-06, 6.16615034232e-06, 5.57481325814e-06, 4.33548757428e-06, 6.27350436844e-06, 9.02244846657e-06, 4.74622675029e-06, 2.7726089229e-06, 3.02691228171e-06, 2.73645150628e-06, 1.51109134094e-06, 1.40498900691e-06, 1.16312764931e-06, 1.2187252878e-06, 1.77324363904e-06, 1.59828573487e-06, 1.25025599118e-06, 6.50230845167e-07, 5.0764271009e-07, 5.09194592269e-07, 3.7272661757e-07, 2.14693542944e-07, 1.2550020756e-07],
        "min": [4.54191793777e-24, 1.81974275844e-24, 5.01772846465e-24, 2.91604405767e-24, 5.48411762575e-24, 1.38111148268e-23, 4.07924076166e-24, 1.05179731683e-23, 9.78908620228e-24, 5.31461547747e-24, 1.07782175921e-23, 8.86659935946e-24, 8.55356673049e-24, 1.17907387077e-23, 8.57165136674e-24, 7.52600203738e-24, 3.70579519242e-24, 3.04226535238e-24, 9.43662867185e-24, 1.37879254716e-23, 1.01667494163e-23, 1.48113683665e-23, 1.12792499743e-23, 1.12392902251e-23, 9.00887121258e-24, 1.05250942157e-23, 8.90426588996e-24, 7.61444754435e-24, 8.09656304202e-24, 1.28772470877e-23, 9.2574838823e-24, 9.42450703518e-24, 1.02959695658e-23, 9.2173616278e-24, 7.86578415078e-24, 1.01840507137e-23, 7.997325129e-24, 8.5695537856e-24, 1.06234841033e-23, 1.210471087e-23],
        "stdev": [0.0248966552317, 0.0085598770529, 0.00149315712042, 0.00105905474629, 0.000754922977649, 0.000430132437032, 0.000426871149102, 0.000938161159866, 0.00119618151803, 0.000444604083896, 0.000143627388752, 0.000198813475436, 0.0001252356451, 0.000222964503337, 0.000235939383856, 0.000250549346674, 0.00019836165302, 8.41347573441e-05, 9.40058525885e-05, 7.53740096116e-05, 5.61129782e-05, 3.53296854883e-05, 4.45709811174e-05, 2.87438815576e-05, 2.69810570899e-05, 2.73166606348e-05, 2.58590498561e-05, 3.51202288584e-05, 3.12839729304e-05, 4.33577079093e-05, 3.33264069923e-05, 2.0715442588e-05, 1.56899695867e-05, 2.12441846088e-05, 4.68654070573e-06, 5.5376031014e-06, 7.14977932148e-06, 4.06164417655e-06, 3.08968196805e-06, 2.25168400902e-06],
        "var": [0.000619843427557, 7.32714906917e-05, 2.2295182589e-06, 1.12159693799e-06, 5.69908706893e-07, 1.85013917076e-07, 1.82218968803e-07, 8.80146387772e-07, 1.4308501477e-06, 1.97672804347e-07, 2.06288284232e-08, 3.95267960585e-08, 1.56839661258e-08, 4.97131686927e-08, 5.56673960261e-08, 6.27749798809e-08, 3.93473449378e-08, 7.07865766003e-09, 8.83710082888e-09, 5.68124169931e-09, 3.14866643869e-09, 1.24818655411e-09, 1.98657246209e-09, 8.26210710958e-10, 7.27977456094e-10, 7.46199935175e-10, 6.68690436356e-10, 1.23343035785e-09, 9.78687020314e-10, 1.87989090961e-09, 1.11064946129e-09, 4.29129565216e-10, 2.46175135832e-10, 4.51315346206e-10, 2.19636617921e-11, 3.06650468906e-11, 5.11193448682e-11, 1.64969548438e-11, 9.54613471604e-12, 5.07008064005e-12]
    },
    "melbands128": {
