{
"lowlevel": {
    "average_loudness": 0.31690043211,
    "barkbands_crest": {
        "dmean": 3.09969878197,
        "dmean2": 5.05108976364,
        "dvar": 7.93068885803,
        "dvar2": 19.6654834747,
        "max": 26.5805988312,
        "mean": 12.8172521591,
        "median": 12.1021671295,
        "min": 3.5678153038,
        "stdev": 4.69106149673,
        "var": 22.0060596466
    },
    "barkbands_flatness_db": {
        "dmean": 0.0343256928027,
        "dmean2": 0.0560025349259,
        "dvar": 0.00145696778782,
        "dvar2": 0.00333487312309,
        "max": 0.739081561565,
        "mean": 0.264359563589,
        "median": 0.248738437891,
        "min": 0.059550024569,
        "stdev": 0.0901370048523,
        "var": 0.00812468025833
    },
    "barkbands_kurtosis": {
        "dmean": 8.07872581482,
        "dmean2": 13.4648828506,
        "dvar": 695.991271973,
        "dvar2": 1423.39074707,
        "max": 558.179382324,
        "mean": 11.2120389938,
        "median": 4.32069063187,
        "min": -1.2747708559,
        "stdev": 36.2796478271,
        "var": 1316.21276855
    },
    "barkbands_skewness": {
        "dmean": 0.875466823578,
        "dmean2": 1.42351710796,
        "dvar": 1.45410847664,
        "dvar2": 3.33456945419,
        "max": 17.0796833038,
        "mean": 1.93697655201,
        "median": 1.58407008648,
        "min": -1.80155909061,
        "stdev": 1.66495966911,
        "var": 2.77209067345
    },
    "barkbands_spread": {
        "dmean": 2.80726337433,
        "dmean2": 4.75744581223,
        "dvar": 14.2664775848,
        "dvar2": 38.0491790771,
        "max": 35.1884307861,
        "mean": 8.72764587402,
        "median": 7.73880672455,
        "min": 0.0499178804457,
        "stdev": 5.22835111618,
        "var": 27.3356571198
    },
    "dissonance": {
        "dmean": 0.0346874855459,
        "dmean2": 0.0583217702806,
        "dvar": 0.0013071403373,
        "dvar2": 0.00344223505817,
        "max": 0.499995946884,
        "mean": 0.443989127874,
        "median": 0.452492386103,
        "min": 0,
        "stdev": 0.0418425574899,
        "var": 0.00175079959445
    },
    "dynamic_complexity": 5.84943628311,
    "erbbands_crest": {
        "dmean": 3.3299934864,
        "dmean2": 5.56512641907,
        "dvar": 7.98805522919,
        "dvar2": 21.1640396118,
        "max": 26.2830295563,
        "mean": 11.7268333435,
        "median": 10.9533252716,
        "min": 2.77735137939,
        "stdev": 4.91878604889,
        "var": 24.1944561005
    },
    "erbbands_flatness_db": {
        "dmean": 0.0239123441279,
        "dmean2": 0.0365399755538,
        "dvar": 0.000509859994054,
        "dvar2": 0.00109044869896,
        "max": 0.496391803026,
        "mean": 0.265106469393,
        "median": 0.247163847089,
        "min": 0.0865628570318,
        "stdev": 0.0880877301097,
        "var": 0.0077594476752
    },
    "erbbands_kurtosis": {
        "dmean": 1.78649783134,
        "dmean2": 2.83116316795,
        "dvar": 5.6908454895,
        "dvar2": 11.9004230499,
        "max": 55.7261810303,
        "mean": 3.53432178497,
        "median": 2.19907951355,
        "min": -1.62649941444,
        "stdev": 4.67831087112,
        "var": 21.886592865
    },
    "erbbands_skewness": {
        "dmean": 0.44571429491,
        "dmean2": 0.718849539757,
        "dvar": 0.183875232935,
        "dvar2": 0.457797676325,
        "max": 5.880027771,
        "mean": 0.911146104336,
        "median": 0.63636392355,
        "min": -1.2822791338,
        "stdev": 0.970539927483,
        "var": 0.941947758198
    },
    "erbbands_spread": {
        "dmean": 5.6055521965,
        "dmean2": 8.7479429245,
        "dvar": 52.9269294739,
        "dvar2": 121.555046082,
        "max": 80.0722503662,
        "mean": 18.9570522308,
        "median": 15.5244588852,
        "min": 2.53342580795,
        "stdev": 12.3354282379,
        "var": 152.162780762
    },
    "hfc": {
        "dmean": 5.75246906281,
        "dmean2": 8.87320899963,
        "dvar": 122.482200623,
        "dvar2": 282.30355835,
        "max": 158.215240479,
        "mean": 13.568365097,
        "median": 10.3773479462,
        "min": 1.19943703449e-16,
        "stdev": 15.1742582321,
        "var": 230.258102417
    },
    "loudness_ebu128": {
        "integrated": -11.0270023346,
        "loudness_range": 9.7332277298,
        "momentary": {
            "dmean": 1.73295092583,
            "dmean2": 2.09909486771,
            "dvar": 11.1033964157,
            "dvar2": 18.4085998535,
            "max": -7.08746814728,
            "mean": -13.9371042252,
            "median": -12.9630756378,
            "min": -50.9216079712,
            "stdev": 6.70036458969,
            "var": 44.8948860168
        },
        "short_term": {
            "dmean": 0.141633599997,
            "dmean2": 0.140500277281,
            "dvar": 0.0742804706097,
            "dvar2": 0.0628260821104,
            "max": -8.82612323761,
            "mean": -13.1476917267,
            "median": -14.1309375763,
            "min": -21.7677326202,
            "stdev": 3.73535633087,
            "var": 13.9528865814
        }
    },
    "melbands_crest": {
        "dmean": 3.68618941307,
        "dmean2": 5.99285745621,
        "dvar": 10.7147760391,
        "dvar2": 27.7597465515,
        "max": 37.3374404907,
        "mean": 16.4382266998,
        "median": 15.5547046661,
        "min": 2.58826899529,
        "stdev": 6.17726182938,
        "var": 38.1585617065
    },
    "melbands_flatness_db": {
        "dmean": 0.0366407483816,
        "dmean2": 0.0586494132876,
        "dvar": 0.00192417134531,
        "dvar2": 0.00419810786843,
        "max": 0.904967069626,
        "mean": 0.315021246672,
        "median": 0.295234560966,
        "min": 0.00682646594942,
        "stdev": 0.0981920361519,
        "var": 0.00964167527854
    },
    "melbands_kurtosis": {
        "dmean": 12.0451889038,
        "dmean2": 19.8926925659,
        "dvar": 809.9765625,
        "dvar2": 2066.39379883,
        "max": 442.810455322,
        "mean": 16.3971805573,
        "median": 6.91213035583,
        "min": -1.07791686058,
        "stdev": 34.4043426514,
        "var": 1183.65869141
    },
    "melbands_skewness": {
        "dmean": 0.99059253931,
        "dmean2": 1.58501875401,
        "dvar": 1.52982866764,
        "dvar2": 3.58512163162,
        "max": 15.0049934387,
        "mean": 2.37685847282,
        "median": 1.88185298443,
        "min": -0.865625858307,
        "stdev": 2.05298233032,
        "var": 4.21473646164
    },
    "melbands_spread": {
        "dmean": 3.62770366669,
        "dmean2": 6.00374937057,
        "dvar": 26.5270195007,
        "dvar2": 49.4408912659,
        "max": 134.527420044,
        "mean": 10.2732620239,
        "median": 9.24344730377,
        "min": 0.119844824076,
        "stdev": 6.61836051941,
        "var": 43.802696228
    },
    "pitch_salience": {
        "dmean": 0.0770586207509,
        "dmean2": 0.129114925861,
        "dvar": 0.006407443434,
        "dvar2": 0.0160609483719,
        "max": 0.909628868103,
        "mean": 0.533728301525,
        "median": 0.568936288357,
        "min": 0.0492342598736,
        "stdev": 0.156017929316,
        "var": 0.0243415962905
    },
    "silence_rate_20dB": {
        "dmean": 0.00773993786424,
        "dmean2": 0.0154918665066,
        "dvar": 0.00768003752455,
        "dvar2": 0.0214486252517,
        "max": 1,
        "mean": 0.993812859058,
        "median": 1,
        "min": 0,
        "stdev": 0.0784147754312,
        "var": 0.00614887755364
    },
    "silence_rate_30dB": {
        "dmean": 0.0851393193007,
        "dmean2": 0.169635936618,
        "dvar": 0.0778899267316,
        "dvar2": 0.16100011766,
        "max": 1,
        "mean": 0.867749392986,
        "median": 1,
        "min": 0,
        "stdev": 0.33875977993,
        "var": 0.114758193493
    },
    "silence_rate_60dB": {
        "dmean": 0.0317337475717,
        "dmean2": 0.0635166540742,
        "dvar": 0.0307267569005,
        "dvar2": 0.0641303882003,
        "max": 1,
        "mean": 0.197989165783,
        "median": 0,
        "min": 0,
        "stdev": 0.398483663797,
        "var": 0.158789232373
    },
    "spectral_centroid": {
        "dmean": 169.363800049,
        "dmean2": 281.526245117,
        "dvar": 124946.34375,
        "dvar2": 211686.640625,
        "max": 10824.2382812,
        "mean": 839.115905762,
        "median": 831.327026367,
        "min": 70.359413147,
        "stdev": 412.52130127,
        "var": 170173.8125
    },
    "spectral_complexity": {
        "dmean": 2.77941179276,
        "dmean2": 4.31371021271,
        "dvar": 13.7664022446,
        "dvar2": 29.6946983337,
        "max": 59,
        "mean": 12.8723897934,
        "median": 14,
        "min": 0,
        "stdev": 8.21161460876,
        "var": 67.4306182861
    },
    "spectral_decrease": {
        "dmean": 7.83773490554e-09,
        "dmean2": 1.21953052101e-08,
        "dvar": 2.34338970517e-16,
        "dvar2": 5.93446264742e-16,
        "max": 2.09397425335e-29,
        "mean": -1.35149278435e-08,
        "median": -6.70674271674e-09,
        "min": -1.22778033074e-07,
        "stdev": 1.96805007846e-08,
        "var": 3.87322120516e-16
    },
    "spectral_energy": {
        "dmean": 0.0299798566848,
        "dmean2": 0.046640034765,
        "dvar": 0.0034028373193,
        "dvar2": 0.00859037879854,
        "max": 0.473168313503,
        "mean": 0.0522391423583,
        "median": 0.0262888036668,
        "min": 1.08002234161e-20,
        "stdev": 0.075283639133,
        "var": 0.0056676263921
    },
    "spectral_energyband_high": {
        "dmean": 0.000129993713927,
        "dmean2": 0.000202491588425,
        "dvar": 1.56728020784e-07,
        "dvar2": 3.47315818772e-07,
        "max": 0.00805079843849,
        "mean": 0.00015230277495,
        "median": 4.40309449914e-05,
        "min": 7.45668587093e-21,
        "stdev": 0.000462959636934,
        "var": 2.14331635107e-07
    },
    "spectral_energyband_low": {
        "dmean": 0.0264414921403,
        "dmean2": 0.0422910712659,
        "dvar": 0.00330894207582,
        "dvar2": 0.00861331168562,
        "max": 0.445627272129,
        "mean": 0.03763442114,
        "median": 0.0124962795526,
        "min": 1.41455924817e-22,
        "stdev": 0.0684581845999,
        "var": 0.00468652322888
    },
    "spectral_energyband_middle_high": {
        "dmean": 0.00191652332433,
        "dmean2": 0.0031691850163,
        "dvar": 9.86012582871e-06,
        "dvar2": 2.45099599852e-05,
        "max": 0.048151422292,
        "mean": 0.00437233503908,
        "median": 0.00314024044201,
        "min": 1.68420859156e-21,
        "stdev": 0.00490493047982,
        "var": 2.4058341296e-05
    },
    "spectral_energyband_middle_low": {
        "dmean": 0.00747410859913,
        "dmean2": 0.0119106499478,
        "dvar": 0.000662745500449,
        "dvar2": 0.00168419175316,
        "max": 0.461457997561,
        "mean": 0.0123811503872,
        "median": 0.0076568829827,
        "min": 4.0419137569e-22,
        "stdev": 0.0239812657237,
        "var": 0.000575101119466
    },
    "spectral_entropy": {
        "dmean": 0.206395953894,
        "dmean2": 0.32615596056,
        "dvar": 0.0557122603059,
        "dvar2": 0.122802898288,
        "max": 9.79361438751,
        "mean": 6.92059803009,
        "median": 6.92608880997,
        "min": 4.44214773178,
        "stdev": 0.524141669273,
        "var": 0.274724513292
    },
    "spectral_flux": {
        "dmean": 0.0469809770584,
        "dmean2": 0.0771082192659,
        "dvar": 0.00548006407917,
        "dvar2": 0.0115382662043,
        "max": 0.774031698704,
        "mean": 0.104668483138,
        "median": 0.0801469087601,
        "min": 1.03924126249e-10,
        "stdev": 0.104411743581,
        "var": 0.0109018115327
    },
    "spectral_kurtosis": {
        "dmean": 5.71470212936,
        "dmean2": 9.76485538483,
        "dvar": 111.493965149,
        "dvar2": 305.403259277,
        "max": 176.667129517,
        "mean": 10.3646402359,
        "median": 6.35765838623,
        "min": -1.14831423759,
        "stdev": 12.4179983139,
        "var": 154.206680298
    },
    "spectral_rms": {
        "dmean": 0.00163073453587,
        "dmean2": 0.00242370925844,
        "dvar": 5.32791182195e-06,
        "dvar2": 1.2432231415e-05,
        "max": 0.0214855205268,
        "mean": 0.00566632440314,
        "median": 0.00506434729323,
        "min": 3.24604427539e-12,
        "stdev": 0.00434254761785,
        "var": 1.88577196241e-05
    },
    "spectral_rolloff": {
        "dmean": 184.581298828,
        "dmean2": 312.505371094,
        "dvar": 322239.84375,
        "dvar2": 434828.34375,
        "max": 18863.0859375,
        "mean": 767.487487793,
        "median": 861.328125,
        "min": 43.06640625,
        "stdev": 633.081054688,
        "var": 400791.625
    },
    "spectral_skewness": {
        "dmean": 0.494736582041,
        "dmean2": 0.818172037601,
        "dvar": 0.371725350618,
        "dvar2": 0.938848078251,
        "max": 9.9813375473,
        "mean": 2.18260717392,
        "median": 1.94407844543,
        "min": 0.00504984334111,
        "stdev": 0.949036717415,
        "var": 0.900670647621
    },
    "spectral_spread": {
        "dmean": 472513.09375,
        "dmean2": 671019.6875,
        "dvar": 1.18170517504e+12,
        "dvar2": 1.18652652749e+12,
        "max": 39725088,
        "mean": 2878624,
        "median": 2878345.75,
        "min": 397241.25,
        "stdev": 1523362.625,
        "var": 2.32063369216e+12
    },
    "spectral_strongpeak": {
        "dmean": 0.33945953846,
        "dmean2": 0.548488736153,
        "dvar": 0.202550411224,
        "dvar2": 0.485585361719,
        "max": 4.67363500595,
        "mean": 0.686103224754,
        "median": 0.454816073179,
        "min": 0,
        "stdev": 0.6700116992,
        "var": 0.448915690184
    },
    "zerocrossingrate": {
        "dmean": 0.00497162528336,
        "dmean2": 0.00619296450168,
        "dvar": 0.000211911072256,
        "dvar2": 0.000237173968344,
        "max": 0.4931640625,
        "mean": 0.0316136628389,
        "median": 0.03076171875,
        "min": 0.00048828125,
        "stdev": 0.0199784971774,
        "var": 0.000399140320951
    },
    "barkbands": {
        "dmean": [0.0014849336585, 0.0192875601351, 0.00799705740064, 0.00339985708706, 0.00280391261913, 0.000807567383163, 0.000715335307177, 0.000553814461455, 0.00121534662321, 0.000698631221894, 0.000873846001923, 0.000529903569259, 0.000258732645307, 0.000144036210258, 0.000103963095171, 9.64555001701e-05, 0.000107672502054, 0.000147982165799, 7.81850249041e-05, 5.99351296842e-05, 4.52991189377e-05, 3.44057916664e-05, 1.781111132e-05, 1.15953698696e-05, 3.19090713674e-06, 1.16104240533e-06, 6.31956993402e-08],
        "dmean2": [0.00243856129237, 0.0307613797486, 0.0136500066146, 0.00555283250287, 0.0048776040785, 0.00126941793133, 0.00110274320468, 0.000859005609527, 0.00195389753208, 0.00112225033808, 0.00143387925345, 0.000828276737593, 0.000430095067713, 0.000248252501478, 0.000181266237632, 0.000169647624716, 0.00019243718998, 0.00026844011154, 0.0001273216767, 0.000104123842902, 7.45319994166e-05, 5.23352573509e-05, 2.80941967503e-05, 1.70787152456e-05, 4.78430501971e-06, 1.66139250268e-06, 1.09097555878e-07],
        "dvar": [2.75250804407e-05, 0.00196998356842, 0.000589391333051, 0.000184728778549, 0.000420413067332, 2.54899373431e-06, 1.82124199455e-06, 9.22927881675e-07, 3.08902531287e-06, 1.84326131603e-06, 1.55308816829e-06, 7.67179017203e-07, 2.61542652424e-07, 2.03133268428e-07, 7.87730911611e-08, 1.34437868837e-07, 1.92125170884e-07, 4.5046377295e-07, 1.80257817561e-08, 4.08731075652e-08, 2.09455297551e-08, 9.0096010652e-09, 3.28371907443e-09, 1.1849411452e-09, 4.04844241464e-10, 1.02364866583e-10, 5.36638875698e-13],
        "dvar2": [8.85307963472e-05, 0.00487240543589, 0.00160299113486, 0.000505541276652, 0.00123569357675, 5.64731772101e-06, 4.12032022723e-06, 2.36438245338e-06, 7.75640273787e-06, 4.63729747935e-06, 3.97467920266e-06, 1.70374585196e-06, 6.48530885883e-07, 5.59852480819e-07, 2.21256655664e-07, 3.59200328148e-07, 5.33912555056e-07, 1.30464525228e-06, 3.87447869343e-08, 1.13663851664e-07, 5.3320782456e-08, 1.92959586087e-08, 6.61626886611e-09, 2.03574623825e-09, 8.06472333359e-10, 1.87470081126e-10, 1.33056868475e-12],
        "max": [0.062515988946, 0.358693420887, 0.291940480471, 0.266112208366, 0.372736990452, 0.0306096561253, 0.0204890724272, 0.0151782603934, 0.0223963446915, 0.0155741479248, 0.0169498156756, 0.0109632983804, 0.00841438397765, 0.00962374918163, 0.00417695892975, 0.00575067428872, 0.00464629149064, 0.00614419346675, 0.00202672672458, 0.00379311153665, 0.0021416794043, 0.00233529414982, 0.00131362956017, 0.000861101143528, 0.000506422948092, 0.000218236280489, 1.81040541065e-05],
        "mean": [0.00160938513, 0.0265084207058, 0.007360863965, 0.00376189593226, 0.00264078588225, 0.00132320867851, 0.0012288527796, 0.000932695867959, 0.00214705313556, 0.00116028345656, 0.0012917277636, 0.000886563560925, 0.000407388055464, 0.00019298560801, 0.000131957014673, 0.000100214834674, 0.000100934681541, 0.000126724873553, 0.000138623086968, 6.26085457043e-05, 4.24314239353e-05, 4.10887696489e-05, 1.86878787645e-05, 1.89133788808e-05, 3.66996232515e-06, 1.14765487069e-06, 5.50934728949e-08],
        "median": [4.04756101489e-05, 0.0074845305644, 0.00108736963011, 0.000544909969904, 0.0005575233954, 0.000697638606653, 0.000373159273295, 0.000392601301428, 0.00104893173557, 0.00043264272972, 0.00076049217023, 0.000432496832218, 0.00017435348127, 4.17741066485e-05, 2.11134574784e-05, 7.51462630433e-06, 6.21539993517e-06, 2.13398052438e-05, 8.41788059915e-05, 2.28859571507e-05, 2.81141137748e-06, 1.2618393157e-05, 4.65159246232e-06, 4.02533214583e-06, 5.54835992261e-07, 3.2672048178e-08, 3.54860335561e-10],
        "min": [1.19997279986e-22, 5.84391187814e-23, 4.71623616076e-23, 9.17705793529e-24, 3.99548834599e-23, 3.58673217934e-23, 8.03951940556e-23, 1.1508526401e-22, 5.13797382246e-23, 1.1107684087e-22, 7.14369527247e-23, 8.39179502466e-23, 1.2452632608e-22, 1.3561893472e-22, 1.59807189744e-22, 2.65032071092e-22, 1.99008010531e-22, 1.71086310345e-22, 1.43138634548e-22, 3.69416266529e-22, 3.88656722847e-22, 3.1969732979e-22, 5.5885304663e-22, 7.53706991365e-22, 1.22420640492e-21, 1.70370973801e-21, 2.66512968746e-21],
        "stdev": [0.00545491138473, 0.0522845350206, 0.0212981272489, 0.0120243467391, 0.0150766372681, 0.00213995785452, 0.00213020015508, 0.00136264879256, 0.00266943406314, 0.00206543225795, 0.00173626479227, 0.00122741644736, 0.000711234577466, 0.000506630109157, 0.000297757302178, 0.000344599800883, 0.000370454101358, 0.000514007057063, 0.000187072102563, 0.000187592449947, 0.000146350081195, 0.000113607246021, 6.75749179209e-05, 5.06272444909e-05, 2.42277983489e-05, 1.18178713819e-05, 6.83256246248e-07],
        "var": [2.97560582112e-05, 0.00273367250338, 0.000453610206023, 0.000144584904774, 0.000227304990403, 4.57941951026e-06, 4.53775282949e-06, 1.85681165021e-06, 7.12587871021e-06, 4.26601036452e-06, 3.0146154586e-06, 1.50655125708e-06, 5.05854643507e-07, 2.56674042021e-07, 8.86594122562e-08, 1.18749021283e-07, 1.37236241926e-07, 2.64203265488e-07, 3.49959705659e-08, 3.51909292817e-08, 2.14183462077e-08, 1.29066064503e-08, 4.56636906065e-09, 2.56311794011e-09, 5.86986237394e-10, 1.39662087451e-10, 4.66839078245e-13]
    },
    "erbbands": {
        "dmean": [0.527696967125, 4.64734697342, 9.86522197723, 10.3946714401, 9.59479427338, 9.40597248077, 7.4372882843, 6.64922952652, 8.92186260223, 10.0402345657, 12.9807395935, 31.911157608, 23.0723438263, 27.4668521881, 33.6772346497, 14.6428642273, 12.1796131134, 7.3852057457, 5.62043333054, 5.27453565598, 5.23885059357, 6.32073736191, 8.41007137299, 5.24840116501, 3.24666142464, 2.71736574173, 2.0071823597, 1.61698150635, 1.30124926567, 0.900727450848, 0.467486441135, 0.280693918467, 0.181638389826, 0.0490296855569, 0.0179060008377, 0.00662842253223, 0.00174325646367, 0.000258044572547, 1.89098718693e-05, 3.26997833326e-05],
        "dmean2": [0.796291530132, 7.55960226059, 16.6359500885, 17.2921581268, 16.7367935181, 16.1923351288, 11.484172821, 10.4815750122, 14.2317276001, 15.2441167831, 19.6140594482, 49.9381523132, 36.2346611023, 45.4930686951, 56.6958618164, 22.7871856689, 20.1944465637, 12.5922222137, 9.70671749115, 9.21438312531, 9.41508865356, 11.3104534149, 15.3327312469, 8.75368213654, 5.43538665771, 4.71276521683, 3.32438063622, 2.61027622223, 1.98481822014, 1.43352818489, 0.733425617218, 0.419830292463, 0.270745515823, 0.0730240792036, 0.0272798165679, 0.00922914873809, 0.00264201569371, 0.000407720712246, 2.87079928967e-05, 5.06870856043e-05],
        "dvar": [1.59346139431, 133.306808472, 765.97076416, 1431.30212402, 3567.23828125, 4151.85351562, 484.887664795, 112.440788269, 234.165893555, 347.833068848, 344.598480225, 2318.5, 1859.71887207, 3831.67675781, 2664.73901367, 727.549133301, 506.872528076, 707.802246094, 201.131790161, 294.425445557, 409.678649902, 692.94128418, 1522.42102051, 143.556060791, 62.5778884888, 81.4505157471, 41.8604888916, 25.5960063934, 11.9854946136, 7.34677362442, 2.51770043373, 0.86203700304, 0.312418013811, 0.069348923862, 0.0194633826613, 0.00286331679672, 0.000264336529654, 6.90379556545e-06, 4.87157381102e-09, 4.01452826537e-09],
        "dvar2": [3.68973875046, 352.066040039, 2074.71533203, 3888.43579102, 10027.6875, 12253.2783203, 1291.37646484, 246.732955933, 541.18170166, 823.525756836, 815.468505859, 5664.02929688, 4882.78173828, 10214.1171875, 7272.73681641, 1844.3359375, 1302.46276855, 1822.80737305, 557.735168457, 747.68145752, 1158.68322754, 1931.49707031, 4393.76123047, 383.141113281, 144.776885986, 225.474853516, 111.142051697, 60.9637527466, 26.1754779816, 17.2581348419, 4.73387145996, 1.60710835457, 0.592339217663, 0.139114186168, 0.0395792797208, 0.00510882586241, 0.000500430702232, 1.34950805659e-05, 9.9077066551e-09, 1.00495389788e-08],
        "max": [16.0421619415, 96.9532394409, 230.873001099, 663.322753906, 1086.32678223, 1125.53125, 324.361663818, 186.326553345, 224.832427979, 227.810409546, 213.507553101, 487.902954102, 687.25213623, 766.473876953, 785.725219727, 491.819152832, 341.113983154, 645.390869141, 188.91519165, 356.529937744, 192.490768433, 249.286849976, 351.415283203, 100.481140137, 169.486572266, 143.06350708, 100.022819519, 84.2107315063, 86.0534667969, 58.7959289551, 37.3675270081, 23.175321579, 13.4639453888, 6.65180778503, 3.73998880386, 1.28423511982, 0.312529176474, 0.0547682270408, 0.00144510401879, 0.000518775894307],
        "mean": [0.815187513828, 5.56947278976, 9.84034633636, 11.1308059692, 9.06449508667, 9.53882789612, 10.0350236893, 11.6796674728, 15.6268024445, 17.7525882721, 22.7971763611, 54.1349449158, 39.8912010193, 47.159198761, 56.2232589722, 28.1752910614, 21.2785243988, 11.4312915802, 8.02130126953, 6.62611198425, 5.38767290115, 5.9957036972, 7.19499397278, 7.58748340607, 5.26430654526, 2.87681674957, 1.90397262573, 1.55679881573, 1.56068623066, 0.968482553959, 0.502058565617, 0.381791591644, 0.309406548738, 0.0652515813708, 0.0191202387214, 0.00671975454316, 0.00177129253279, 0.000261088775005, 3.08228482027e-05, 5.80497908231e-05],
        "median": [0.187797352672, 1.46233856678, 1.96347355843, 2.24736714363, 1.88365602493, 2.06488847733, 3.25371146202, 6.67300033569, 6.45120096207, 7.0564866066, 12.4540672302, 24.3659286499, 23.5535411835, 15.6796388626, 38.0412712097, 16.8277950287, 10.5489387512, 3.300999403, 1.89806580544, 0.734021008015, 0.382077276707, 0.347524642944, 0.658997535706, 3.67159533501, 3.24240589142, 1.10839617252, 0.123681530356, 0.181522905827, 0.446037828922, 0.270176231861, 0.121197849512, 0.103997580707, 0.0576321929693, 0.0122355194762, 0.00218142103404, 0.000376758282073, 5.71683085582e-05, 5.45796683582e-06, 1.36952057801e-05, 3.00800420518e-05],
        "min": [1.10317883473e-21, 1.62888438536e-20, 6.33076477963e-20, 2.81796459384e-20, 1.21313559005e-19, 1.03734911163e-19, 1.34308992943e-19, 3.14534936785e-19, 9.0587009743e-19, 2.47886384043e-18, 1.37489970272e-18, 1.2836981805e-18, 3.54156386648e-18, 3.29430986201e-18, 2.26839600537e-18, 4.31431103164e-18, 5.95460480966e-18, 6.70800587466e-18, 7.86637182009e-18, 1.3921673048e-17, 1.10883221969e-17, 1.10235961411e-17, 8.32414515161e-18, 7.01577041568e-18, 1.21157979773e-17, 1.77140513111e-17, 1.37118710934e-17, 1.60089425554e-17, 1.12469349065e-17, 1.23854042631e-17, 1.65058977782e-17, 1.54103913555e-17, 1.38133917971e-17, 1.30862131847e-17, 9.57790446042e-18, 6.60232776114e-18, 3.10910019376e-18, 1.2596519367e-18, 3.89602120211e-19, 3.6865798465e-20],
        "stdev": [1.80667150021, 11.817232132, 25.0074005127, 33.1678924561, 46.5951004028, 47.3995018005, 21.6064395905, 16.1755752563, 24.4283714294, 28.1046848297, 27.8847370148, 71.9710769653, 61.3733863831, 89.2427597046, 68.9471054077, 39.6339988708, 31.8119106293, 30.3573188782, 15.9167346954, 18.9566669464, 17.3691749573, 22.007068634, 30.0601844788, 12.5915412903, 9.08549976349, 8.35623073578, 6.4434595108, 5.30231952667, 4.06822156906, 2.93698072433, 1.95451414585, 1.18937504292, 0.831098496914, 0.324178218842, 0.159231796861, 0.0644621551037, 0.0184147842228, 0.00291752489284, 8.35867540445e-05, 8.27704934636e-05],
        "var": [3.2640619278, 139.646972656, 625.370056152, 1100.10900879, 2171.10327148, 2246.71289062, 466.838256836, 261.649261475, 596.745300293, 789.873291016, 777.558532715, 5179.8359375, 3766.69262695, 7964.27050781, 4753.70361328, 1570.85375977, 1011.99768066, 921.566772461, 253.342437744, 359.355255127, 301.688262939, 484.311096191, 903.614685059, 158.546920776, 82.5463104248, 69.8265991211, 41.5181732178, 28.1145915985, 16.5504283905, 8.62585544586, 3.82012557983, 1.41461312771, 0.690724670887, 0.105091519654, 0.0253547672182, 0.00415536947548, 0.000339104299201, 8.51195090945e-06, 6.98674540445e-09, 6.85095402631e-09]
    },
    "gfcc": {
        "mean": [-123.216842651, 146.44833374, -148.843215942, 6.07736635208, -78.1219863892, 6.53993558884, -8.78329277039, -1.72674906254, -19.0153903961, -17.9723186493, 13.1784620285, -10.220407486, -3.75310492516],
        "cov": [[31511.234375, 1950.40844727, 4751.70654297, 6151.75195312, 2149.70483398, 3696.00708008, -534.130737305, 930.159179688, 1390.9473877, 526.770385742, -919.470092773, -392.135375977, 95.7212600708], [1950.40844727, 2422.43237305, 1630.22485352, 1070.09216309, 1405.03796387, 254.024108887, 289.16015625, 9.24403762817, 467.692138672, 64.3264083862, -185.531570435, -215.015213013, -31.1702690125], [4751.70654297, 1630.22485352, 2826.89135742, 1767.86315918, 1615.96618652, 1016.22918701, 200.069641113, 378.016723633, 439.723144531, 227.481552124, -260.312316895, -117.014381409, -15.1004896164], [6151.75195312, 1070.09216309, 1767.86315918, 1826.45703125, 1187.20056152, 953.891235352, 49.8211669922, 259.795776367, 456.806793213, 183.877502441, -288.416351318, -91.3425674438, 18.3002815247], [2149.70483398, 1405.03796387, 1615.96618652, 1187.20056152, 1615.71496582, 532.862121582, 192.380279541, 194.415893555, 422.680969238, 243.498016357, -291.575775146, -21.9026241302, 27.9650230408], [3696.00708008, 254.024108887, 1016.22918701, 953.891235352, 532.862121582, 738.873840332, -8.04817295074, 256.522705078, 192.538848877, 117.951126099, -114.293609619, -31.886259079, 28.4672241211], [-534.130737305, 289.16015625, 200.069641113, 49.8211669922, 192.380279541, -8.04817295074, 206.391174316, 12.0195732117, 53.4997406006, -17.083316803, 41.7144241333, -7.69771242142, -5.98178434372], [930.159179688, 9.24403762817, 378.016723633, 259.795776367, 194.415893555, 256.522705078, 12.0195732117, 170.955734253, 45.0966873169, 61.6116485596, -24.5343761444, 12.4523935318, 13.0547571182], [1390.9473877, 467.692138672, 439.723144531, 456.806793213, 422.680969238, 192.538848877, 53.4997406006, 45.0966873169, 229.692245483, 73.9449081421, -72.4277038574, -28.6506118774, 25.7241535187], [526.770385742, 64.3264083862, 227.481552124, 183.877502441, 243.498016357, 117.951126099, -17.083316803, 61.6116485596, 73.9449081421, 117.417198181, -66.7259216309, 34.1897125244, 15.4851531982], [-919.470092773, -185.531570435, -260.312316895, -288.416351318, -291.575775146, -114.293609619, 41.7144241333, -24.5343761444, -72.4277038574, -66.7259216309, 172.560913086, 7.08957004547, 15.3093757629], [-392.135375977, -215.015213013, -117.014381409, -91.3425674438, -21.9026241302, -31.886259079, -7.69771242142, 12.4523935318, -28.6506118774, 34.1897125244, 7.08957004547, 82.7128753662, 21.1016540527], [95.7212600708, -31.1702690125, -15.1004896164, 18.3002815247, 27.9650230408, 28.4672241211, -5.98178434372, 13.0547571182, 25.7241535187, 15.4851531982, 15.3093757629, 21.1016540527, 50.0686759949]],
        "icov": [[0.000202136623557, -0.000144034100231, 6.6026856075e-05, -0.000644961197395, 0.000537296989933, -0.000435879075667, 0.000306136906147, -4.37008238805e-05, -0.000320263323374, -0.000148806459038, 0.00030053028604, -8.26405812404e-05, -7.12648470653e-05], [-0.000144034100231, 0.00247612548992, -0.00077497959137, 0.000132817353006, -0.00199773674831, 0.0020623577293, -0.000407460844144, 0.000831783225294, -0.00131569814403, 0.00114328577183, -0.00113716814667, 0.00402928655967, 0.000184197691851], [6.6026856075e-05, -0.00077497959137, 0.00195874483325, -0.00093332817778, -0.000567164039239, -0.00114774075337, -0.000120623990369, -0.00114285515156, 0.00147918076254, -0.000907782989088, -0.000788199948147, 0.000247405376285, 0.00123363058083], [-0.000644961197395, 0.000132817353006, -0.00093332817778, 0.00683799991384, -0.00189508777112, -0.00341629842296, -0.000354224117473, 0.00241930107586, -0.00311504350975, 0.00296719744802, 0.00143962015864, -0.00157795019913, 0.00177024584264], [0.000537296989933, -0.00199773674831, -0.000567164039239, -0.00189508777112, 0.00603197794408, -0.00123340869322, -0.00152504583821, -0.000864234985784, -0.00135110609699, -0.00341633171774, 0.00479971058667, -0.00319863832556, -0.00274269049987], [-0.000435879075667, 0.0020623577293, -0.00114774075337, -0.00341629842296, -0.00123340869322, 0.0117495423183, 1.36518303862e-06, -0.00690807122737, 0.00166503083892, -0.000584634195548, -0.00227457936853, 0.00498378556222, -0.00324994372204], [0.000306136906147, -0.000407460844144, -0.000120623990369, -0.000354224117473, -0.00152504583821, 1.36518303862e-06, 0.0101301111281, -0.00147948984522, -0.00333801866509, 0.00490277959034, -0.00460207276046, -0.00340572115965, 0.00474237976596], [-4.37008238805e-05, 0.000831783225294, -0.00114285515156, 0.00241930107586, -0.000864234985784, -0.00690807122737, -0.00147948984522, 0.0171836633235, 0.000800655281637, -0.00329839321785, -0.00119861017447, -0.000996010494418, 0.0005206700298], [-0.000320263323374, -0.00131569814403, 0.00147918076254, -0.00311504350975, -0.00135110609699, 0.00166503083892, -0.00333801866509, 0.000800655281637, 0.0176451466978, -0.00812780391425, -0.00162538373843, 0.00512632681057, -0.00763717852533], [-0.000148806459038, 0.00114328577183, -0.000907782989088, 0.00296719744802, -0.00341633171774, -0.000584634195548, 0.00490277959034, -0.00329839321785, -0.00812780391425, 0.0248337518424, 0.00252525904216, -0.0100529491901, 0.00328428694047], [0.00030053028604, -0.00113716814667, -0.000788199948147, 0.00143962015864, 0.00479971058667, -0.00227457936853, -0.00460207276046, -0.00119861017447, -0.00162538373843, 0.00252525904216, 0.0159926079214, -0.00192448380403, -0.00769611308351], [-8.26405812404e-05, 0.00402928655967, 0.000247405376285, -0.00157795019913, -0.00319863832556, 0.00498378556222, -0.00340572115965, -0.000996010494418, 0.00512632681057, -0.0100529491901, -0.00192448380403, 0.0302193183452, -0.0095487004146], [-7.12648470653e-05, 0.000184197691851, 0.00123363058083, 0.00177024584264, -0.00274269049987, -0.00324994372204, 0.00474237976596, 0.0005206700298, -0.00763717852533, 0.00328428694047, -0.00769611308351, -0.0095487004146, 0.033044628799]]
    },
    "melbands": {
        "dmean": [0.00492995046079, 0.005129434634, 0.00167179713026, 0.000678102893289, 0.00028381543234, 0.00014648870274, 0.000143096083775, 0.000114083857625, 0.000112125082524, 0.000207065430004, 0.000115805538371, 0.000107500818558, 0.000112474117486, 6.83144389768e-05, 2.59511216427e-05, 3.00998417515e-05, 1.33589901452e-05, 9.66648440226e-06, 8.91699892236e-06, 6.67561289447e-06, 6.25543407295e-06, 7.13196232027e-06, 6.11866880718e-06, 7.57344105295e-06, 4.17906539951e-06, 2.82670907836e-06, 2.36249024965e-06, 1.67195344147e-06, 1.29552415729e-06, 1.05831759356e-06, 8.88617364581e-07, 7.05157674474e-07, 7.35054300094e-07, 4.24292892376e-07, 2.86763111035e-07, 2.08681086633e-07, 1.67919409932e-07, 1.55157252379e-07, 6.80716709667e-08, 3.45337731744e-08],
        "dmean2": [0.00763449026272, 0.00852579064667, 0.0027447368484, 0.00117940467317, 0.000446102174465, 0.000230624587857, 0.00022503969376, 0.000173418869963, 0.000170408995473, 0.000327857909724, 0.000179589769687, 0.000178209986188, 0.000186447927263, 0.000105411701952, 4.17789269704e-05, 5.10042227688e-05, 2.29053257499e-05, 1.67028119904e-05, 1.55002489919e-05, 1.16256805995e-05, 1.13153782877e-05, 1.28239089463e-05, 1.08154790723e-05, 1.38825353133e-05, 6.78196693116e-06, 4.77879484606e-06, 4.16046395912e-06, 2.88739556709e-06, 2.13983275898e-06, 1.75937202584e-06, 1.43982470036e-06, 1.09996619813e-06, 1.18091008972e-06, 6.84677331719e-07, 4.50409629593e-07, 3.16638761433e-07, 2.5154412242e-07, 2.38204393099e-07, 1.05010848017e-07, 5.07819244433e-08],
        "dvar": [0.000122090699733, 0.000182985560969, 3.39038087986e-05, 2.44838556682e-05, 1.03573643173e-06, 5.70799834065e-08, 6.37112123059e-08, 4.22814032675e-08, 2.30676171498e-08, 9.53427203854e-08, 4.75997694593e-08, 6.16953244048e-08, 2.50769964794e-08, 1.28520172282e-08, 2.95476954015e-09, 4.36662350722e-09, 2.32468089223e-09, 5.46980349903e-10, 5.70598568395e-10, 6.15959172556e-10, 6.23816387435e-10, 8.52315051869e-10, 6.78406886223e-10, 1.25665289286e-09, 6.73245070804e-11, 2.86743406797e-11, 6.5078040179e-11, 2.87286999745e-11, 1.70351215772e-11, 1.10128278025e-11, 7.51476051525e-12, 3.21088489998e-12, 5.12963456434e-12, 1.70545500465e-12, 1.01095358213e-12, 4.42364162878e-13, 2.92050780261e-13, 2.2184352608e-13, 7.66401983651e-14, 4.26670621035e-14],
        "dvar2": [0.000284274603473, 0.000495082407724, 8.54738682392e-05, 7.13571716915e-05, 2.92762001664e-06, 1.25987099864e-07, 1.46285799474e-07, 1.04873194573e-07, 5.37403082035e-08, 2.40248112959e-07, 1.24535105783e-07, 1.63919864349e-07, 6.92049439976e-08, 2.7622251153e-08, 7.44210071346e-09, 1.13548557223e-08, 5.88656501321e-09, 1.52085866123e-09, 1.55001289581e-09, 1.61834035062e-09, 1.78895032121e-09, 2.39842901095e-09, 1.8737280616e-09, 3.65747476749e-09, 1.66763158838e-10, 6.02687413864e-11, 1.78023457087e-10, 7.81351164325e-11, 4.51491517783e-11, 2.83278175223e-11, 1.71960102407e-11, 6.72703169211e-12, 1.25325591918e-11, 4.00305266365e-12, 2.00800530717e-12, 7.55938822823e-13, 5.67838419514e-13, 4.34688255443e-13, 1.69400517919e-13, 8.02691788905e-14],
        "max": [0.110226482153, 0.103278145194, 0.105183258653, 0.0909620448947, 0.0162760149688, 0.00365402759053, 0.00383836892433, 0.00270907813683, 0.00142985349521, 0.00295797153376, 0.00334018864669, 0.00313672260381, 0.0022656864021, 0.00127622426953, 0.00111021427438, 0.00123753643129, 0.00110427523032, 0.000334410491632, 0.000297350168694, 0.000481240276713, 0.000237014333834, 0.000264125643298, 0.000288460025331, 0.0003365452867, 7.83772338764e-05, 0.000102492471342, 0.000176034402102, 7.66853409004e-05, 6.2620958488e-05, 4.84288102598e-05, 4.75098604511e-05, 4.26335172961e-05, 5.53057216166e-05, 2.67711275228e-05, 2.43905014941e-05, 1.79637700057e-05, 1.35416612466e-05, 1.10043638415e-05, 6.75425781083e-06, 5.33214961251e-06],
        "mean": [0.00730428518727, 0.00590298837051, 0.00185485824477, 0.000621195184067, 0.000380663550459, 0.000256894069025, 0.000248906959314, 0.000200537062483, 0.000187574900337, 0.000352425704477, 0.000184528398677, 0.000179723603651, 0.000180795206688, 0.000115967151942, 4.71488201583e-05, 4.38083952758e-05, 1.86403322004e-05, 1.33351213663e-05, 1.09196571429e-05, 7.47507510823e-06, 5.90884792473e-06, 6.65877996653e-06, 5.54618236492e-06, 6.08979507888e-06, 6.3263228185e-06, 4.84971269543e-06, 2.68507847068e-06, 1.68322003447e-06, 1.21892628613e-06, 9.75784928414e-07, 8.49421212479e-07, 8.32199816614e-07, 8.589458389e-07, 4.21985106414e-07, 2.86514591608e-07, 2.41002368284e-07, 2.35661119063e-07, 2.6390102903e-07, 1.00719070417e-07, 3.93003212196e-08],
        "median": [0.00202151411213, 0.00161959056277, 0.000421105825808, 0.000139268115163, 0.000117534465971, 0.00014706850925, 9.34200797928e-05, 8.15125385998e-05, 0.000111184963316, 0.000152135587996, 9.36482538236e-05, 4.59672992292e-05, 0.000117908697575, 6.70802764944e-05, 2.43531339947e-05, 1.60418312589e-05, 4.18624085796e-06, 3.26589747601e-06, 1.20449283258e-06, 7.069384651e-07, 3.65617978559e-07, 3.53576126599e-07, 3.2418444107e-07, 8.64806168011e-07, 2.8390411444e-06, 2.74083163276e-06, 1.38642371894e-06, 4.73600948681e-07, 3.81842895081e-08, 4.14433571905e-08, 9.67041557942e-08, 2.08220825471e-07, 2.91745948289e-07, 8.87884397116e-08, 4.65358773738e-08, 6.68884609922e-08, 5.98879452696e-08, 4.52799682193e-08, 1.85178006262e-08, 5.81319392623e-09],
        "min": [1.7746628287e-23, 2.79395158205e-23, 7.97835696854e-24, 9.67060323862e-24, 4.16718731411e-24, 7.09056265061e-24, 1.49453989897e-23, 2.89520976785e-23, 9.54030234973e-24, 8.74332169922e-24, 1.72306864337e-23, 1.21848070732e-23, 7.85130934203e-24, 7.87126910065e-24, 1.45703019402e-23, 1.05702273147e-23, 1.30132545964e-23, 1.21629572038e-23, 1.51469434847e-23, 1.88435046658e-23, 1.2906520927e-23, 1.36126973765e-23, 5.82694986984e-24, 8.43863442977e-24, 5.23149833149e-24, 5.35352328061e-24, 1.42910104699e-23, 1.05711408156e-23, 7.34286008962e-24, 9.60319586313e-24, 1.00049319566e-23, 6.58319847638e-24, 5.65457035141e-24, 6.86003146169e-24, 9.59213682209e-24, 8.84193089009e-24, 9.91019528389e-24, 1.06594845595e-23, 7.57839186781e-24, 1.23535444208e-23],
        "stdev": [0.0146381054074, 0.0129876770079, 0.00541672017425, 0.00367266265675, 0.000881107756868, 0.000354846823029, 0.000400878314395, 0.000302566273604, 0.000221533307922, 0.000466699275421, 0.000309700059006, 0.00035732309334, 0.000217070046347, 0.000154301218572, 8.54485697346e-05, 7.83758951002e-05, 5.57803796255e-05, 2.66461574938e-05, 2.61177756329e-05, 2.54479218711e-05, 2.05337273655e-05, 2.41565867327e-05, 2.19543235289e-05, 2.66778042715e-05, 1.02095100374e-05, 7.05068623574e-06, 7.34268178348e-06, 5.08815628564e-06, 4.15553358835e-06, 3.31541127707e-06, 2.95065683531e-06, 2.16817738874e-06, 2.44338275479e-06, 1.37063943839e-06, 1.19100445772e-06, 8.65519155013e-07, 7.02758654825e-07, 7.02254340013e-07, 3.50648690528e-07, 2.57755772282e-07],
        "var": [0.000214274128666, 0.000168679762282, 2.93408593279e-05, 1.34884503495e-05, 7.76350930209e-07, 1.25916272964e-07, 1.60703422125e-07, 9.1546354497e-08, 4.90770091233e-08, 2.17808221237e-07, 9.59141246426e-08, 1.27679783191e-07, 4.71194034901e-08, 2.38088642135e-08, 7.30145854888e-09, 6.14278139466e-09, 3.11145065268e-09, 7.10017711292e-10, 6.82138179275e-10, 6.47596754e-10, 4.21633922221e-10, 5.83540715748e-10, 4.81992334933e-10, 7.11705250289e-10, 1.04234100518e-10, 4.97121788179e-11, 5.39149766499e-11, 2.58893340793e-11, 1.7268459232e-11, 1.09919512728e-11, 8.706375898e-12, 4.70099350072e-12, 5.97011979783e-12, 1.87865239858e-12, 1.41849162624e-12, 7.49123365337e-13, 4.93869756289e-13, 4.93161175959e-13, 1.22954503024e-13, 6.64380388812e-14]
    },
    "melbands128": {
