{
"lowlevel": {
    "average_loudness": 0.586739242077,
    "barkbands_crest": {
        "dmean": 2.48782730103,
        "dmean2": 3.9306447506,
        "dvar": 6.64982748032,
        "dvar2": 15.0757493973,
        "max": 25.794834137,
        "mean": 12.8359832764,
        "median": 11.7416524887,
        "min": 3.81195116043,
        "stdev": 5.18673801422,
        "var": 26.9022502899
    },
    "barkbands_flatness_db": {
        "dmean": 0.0316954664886,
        "dmean2": 0.0471862517297,
        "dvar": 0.00118722964544,
        "dvar2": 0.00256532500498,
        "max": 0.630610227585,
        "mean": 0.265070676804,
        "median": 0.245047807693,
        "min": 0.057729486376,
        "stdev": 0.114249557257,
        "var": 0.0130529617891
    },
    "barkbands_kurtosis": {
        "dmean": 7.46372270584,
        "dmean2": 11.8953723907,
        "dvar": 312.26852417,
        "dvar2": 717.513671875,
        "max": 233.266784668,
        "mean": 10.1628627777,
        "median": 3.33535575867,
        "min": -1.85372459888,
        "stdev": 22.3775482178,
        "var": 500.754699707
    },
    "barkbands_skewness": {
        "dmean": 0.865504324436,
        "dmean2": 1.27680408955,
        "dvar": 1.2405154705,
        "dvar2": 2.60060453415,
        "max": 13.2831602097,
        "mean": 1.86740064621,
        "median": 1.57799637318,
        "min": -7.27227640152,
        "stdev": 2.16073083878,
        "var": 4.6687579155
    },
    "barkbands_spread": {
        "dmean": 6.90734910965,
        "dmean2": 10.7068462372,
        "dvar": 148.976348877,
        "dvar2": 354.966827393,
        "max": 110.238548279,
        "mean": 15.7589817047,
        "median": 8.66390895844,
        "min": 0.128043726087,
        "stdev": 17.042634964,
        "var": 290.451385498
    },
    "dissonance": {
        "dmean": 0.0386730507016,
        "dmean2": 0.0633258894086,
        "dvar": 0.00144985434599,
        "dvar2": 0.00365191232413,
        "max": 0.499503046274,
        "mean": 0.408797085285,
        "median": 0.423304438591,
        "min": 0.070046082139,
        "stdev": 0.072302736342,
        "var": 0.00522768544033
    },
    "dynamic_complexity": 6.89391422272,
    "erbbands_crest": {
        "dmean": 3.259152174,
        "dmean2": 5.11367893219,
        "dvar": 9.38908290863,
        "dvar2": 20.6520557404,
        "max": 29.3746604919,
        "mean": 11.8383455276,
        "median": 10.4638338089,
        "min": 2.45214319229,
        "stdev": 5.45653820038,
        "var": 29.7738113403
    },
    "erbbands_flatness_db": {
        "dmean": 0.0223711542785,
        "dmean2": 0.0326395817101,
        "dvar": 0.000478973408462,
        "dvar2": 0.000979256699793,
        "max": 0.619201660156,
        "mean": 0.244126677513,
        "median": 0.208763405681,
        "min": 0.0394313260913,
        "stdev": 0.117015577853,
        "var": 0.0136926453561
    },
    "erbbands_kurtosis": {
        "dmean": 2.04155516624,
        "dmean2": 3.18298816681,
        "dvar": 10.1304321289,
        "dvar2": 22.3074550629,
        "max": 43.3451004028,
        "mean": 2.20116305351,
        "median": 0.554553747177,
        "min": -1.8667974472,
        "stdev": 5.06346321106,
        "var": 25.6386604309
    },
    "erbbands_skewness": {
        "dmean": 0.59743219614,
        "dmean2": 0.893703043461,
        "dvar": 0.423122256994,
        "dvar2": 0.915409326553,
        "max": 3.77608370781,
        "mean": 0.340494394302,
        "median": 0.332547843456,
        "min": -5.77007102966,
        "stdev": 1.164249897,
        "var": 1.35547792912
    },
    "erbbands_spread": {
        "dmean": 12.6988954544,
        "dmean2": 19.3175525665,
        "dvar": 402.437042236,
        "dvar2": 925.769104004,
        "max": 195.914703369,
        "mean": 33.9243583679,
        "median": 19.9937152863,
        "min": 0.369848698378,
        "stdev": 32.1220397949,
        "var": 1031.82556152
    },
    "hfc": {
        "dmean": 15.0745286942,
        "dmean2": 22.8001041412,
        "dvar": 1154.6574707,
        "dvar2": 2674.7565918,
        "max": 368.349884033,
        "mean": 27.8928813934,
        "median": 8.72865867615,
        "min": 1.18731030201e-16,
        "stdev": 44.7295532227,
        "var": 2000.73278809
    },
    "loudness_ebu128": {
        "integrated": -9.05621242523,
        "loudness_range": 13.8401508331,
        "momentary": {
            "dmean": 0.551526427269,
            "dmean2": 0.567708134651,
            "dvar": 0.252255320549,
            "dvar2": 0.29604434967,
            "max": -6.25083065033,
            "mean": -13.7789916992,
            "median": -9.42695999146,
            "min": -29.5165596008,
            "stdev": 6.77574920654,
            "var": 45.910774231
        },
        "short_term": {
            "dmean": 0.103986233473,
            "dmean2": 0.0753183066845,
            "dvar": 0.0166931878775,
            "dvar2": 0.00415178388357,
            "max": -7.5236415863,
            "mean": -13.2112998962,
            "median": -8.4894618988,
            "min": -22.5428752899,
            "stdev": 6.08663654327,
            "var": 37.0471420288
        }
    },
    "melbands_crest": {
        "dmean": 2.92264246941,
        "dmean2": 4.52801656723,
        "dvar": 9.4688911438,
        "dvar2": 18.3985614777,
        "max": 37.7994537354,
        "mean": 18.8083248138,
        "median": 16.8180084229,
        "min": 2.5084631443,
        "stdev": 8.46971130371,
        "var": 71.7360076904
    },
    "melbands_flatness_db": {
        "dmean": 0.0369288995862,
        "dmean2": 0.0530803799629,
        "dvar": 0.0018210997805,
        "dvar2": 0.0037703551352,
        "max": 0.740565955639,
        "mean": 0.349222093821,
        "median": 0.337379574776,
        "min": 0.00519140949473,
        "stdev": 0.149543181062,
        "var": 0.0223631616682
    },
    "melbands_kurtosis": {
        "dmean": 17.7823390961,
        "dmean2": 26.9320240021,
        "dvar": 2159.78320312,
        "dvar2": 4524.17333984,
        "max": 774.353759766,
        "mean": 27.5642375946,
        "median": 7.3533782959,
        "min": -1.86455559731,
        "stdev": 64.451133728,
        "var": 4153.94873047
    },
    "melbands_skewness": {
        "dmean": 1.16980159283,
        "dmean2": 1.72697496414,
        "dvar": 2.95789003372,
        "dvar2": 6.38388061523,
        "max": 22.4124488831,
        "mean": 3.09078264236,
        "median": 2.21442222595,
        "min": -4.1121263504,
        "stdev": 3.24734520912,
        "var": 10.5452508926
    },
    "melbands_spread": {
        "dmean": 9.35608959198,
        "dmean2": 14.5735578537,
        "dvar": 561.18572998,
        "dvar2": 1276.3684082,
        "max": 242.823425293,
        "mean": 18.8901615143,
        "median": 9.75174999237,
        "min": 0.391123712063,
        "stdev": 31.5347557068,
        "var": 994.440856934
    },
    "pitch_salience": {
        "dmean": 0.074345394969,
        "dmean2": 0.117001719773,
        "dvar": 0.00581567315385,
        "dvar2": 0.0127379819751,
        "max": 0.871889173985,
        "mean": 0.462046146393,
        "median": 0.471598953009,
        "min": 0.0479841679335,
        "stdev": 0.152408316731,
        "var": 0.0232282932848
    },
    "silence_rate_20dB": {
        "dmean": 0,
        "dmean2": 0,
        "dvar": 0,
        "dvar2": 0,
        "max": 1,
        "mean": 1,
        "median": 1,
        "min": 1,
        "stdev": 0,
        "var": 0
    },
    "silence_rate_30dB": {
        "dmean": 0.0448916405439,
        "dmean2": 0.0898528248072,
        "dvar": 0.0428762920201,
        "dvar2": 0.0941723063588,
        "max": 1,
        "mean": 0.858468651772,
        "median": 1,
        "min": 0,
        "stdev": 0.348569989204,
        "var": 0.121501028538
    },
    "silence_rate_60dB": {
        "dmean": 0.0379256978631,
        "dmean2": 0.0759101435542,
        "dvar": 0.0364871248603,
        "dvar2": 0.0825402736664,
        "max": 1,
        "mean": 0.374323278666,
        "median": 0,
        "min": 0,
        "stdev": 0.483945131302,
        "var": 0.234202876687
    },
    "spectral_centroid": {
        "dmean": 315.932281494,
        "dmean2": 475.071166992,
        "dvar": 417718.375,
        "dvar2": 828399.3125,
        "max": 11005.1337891,
        "mean": 1029.02062988,
        "median": 645.08190918,
        "min": 183.860229492,
        "stdev": 965.48638916,
        "var": 932163.9375
    },
    "spectral_complexity": {
        "dmean": 2.79643964767,
        "dmean2": 4.25019359589,
        "dvar": 19.8370513916,
        "dvar2": 42.4647941589,
        "max": 56,
        "mean": 10.2768754959,
        "median": 8,
        "min": 0,
        "stdev": 7.95613145828,
        "var": 63.3000297546
    },
    "spectral_decrease": {
        "dmean": 2.03232741747e-09,
        "dmean2": 3.20684279131e-09,
        "dvar": 1.93407598884e-17,
        "dvar2": 4.64307231174e-17,
        "max": 3.79443347266e-29,
        "mean": -1.04415791569e-08,
        "median": -3.83885234712e-09,
        "min": -5.5024582224e-08,
        "stdev": 1.19758896133e-08,
        "var": 1.43421934735e-16
    },
    "spectral_energy": {
        "dmean": 0.00816451758146,
        "dmean2": 0.012980398722,
        "dvar": 0.000303385575535,
        "dvar2": 0.000734184752218,
        "max": 0.222730964422,
        "mean": 0.0419389046729,
        "median": 0.0207106098533,
        "min": 1.06260510061e-20,
        "stdev": 0.0467108078301,
        "var": 0.00218189950101
    },
    "spectral_energyband_high": {
        "dmean": 0.00178619346116,
        "dmean2": 0.00273181684315,
        "dvar": 1.90393002413e-05,
        "dvar2": 4.33293462265e-05,
        "max": 0.0501267947257,
        "mean": 0.0023450080771,
        "median": 0.000143045035657,
        "min": 7.69502213169e-21,
        "stdev": 0.00526835955679,
        "var": 2.77556118817e-05
    },
    "spectral_energyband_low": {
        "dmean": 0.00526759913191,
        "dmean2": 0.00814361404628,
        "dvar": 0.000191707411432,
        "dvar2": 0.000433590001194,
        "max": 0.168696075678,
        "mean": 0.0266883857548,
        "median": 0.000708861509338,
        "min": 7.67247504813e-23,
        "stdev": 0.0387516468763,
        "var": 0.00150169013068
    },
    "spectral_energyband_middle_high": {
        "dmean": 0.00163790339138,
        "dmean2": 0.00241808430292,
        "dvar": 1.31809438244e-05,
        "dvar2": 3.15882862196e-05,
        "max": 0.0594058148563,
        "mean": 0.00317085674033,
        "median": 0.000421819422627,
        "min": 1.5578211091e-21,
        "stdev": 0.00587261887267,
        "var": 3.44876534655e-05
    },
    "spectral_energyband_middle_low": {
        "dmean": 0.00502093415707,
        "dmean2": 0.00806276407093,
        "dvar": 0.00015056481061,
        "dvar2": 0.000409568398027,
        "max": 0.118427157402,
        "mean": 0.0103866774589,
        "median": 0.00305257784203,
        "min": 3.66142253959e-22,
        "stdev": 0.0146327055991,
        "var": 0.000214116065763
    },
    "spectral_entropy": {
        "dmean": 0.242504552007,
        "dmean2": 0.33374363184,
        "dvar": 0.0808879509568,
        "dvar2": 0.145480588078,
        "max": 9.80310153961,
        "mean": 6.80190753937,
        "median": 6.96837902069,
        "min": 3.74066567421,
        "stdev": 1.07523107529,
        "var": 1.15612185001
    },
    "spectral_flux": {
        "dmean": 0.0276754517108,
        "dmean2": 0.0420813299716,
        "dvar": 0.00194286031183,
        "dvar2": 0.00355301750824,
        "max": 0.471458494663,
        "mean": 0.0713574439287,
        "median": 0.0450410880148,
        "min": 1.03082736791e-10,
        "stdev": 0.0747516527772,
        "var": 0.00558780925348
    },
    "spectral_kurtosis": {
        "dmean": 14.4740352631,
        "dmean2": 24.7479629517,
        "dvar": 816.663696289,
        "dvar2": 2398.44335938,
        "max": 400.770843506,
        "mean": 53.116481781,
        "median": 4.7917804718,
        "min": -1.19574296474,
        "stdev": 80.362953186,
        "var": 6458.20410156
    },
    "spectral_rms": {
        "dmean": 0.000569629482925,
        "dmean2": 0.000871005700901,
        "dvar": 9.56827307164e-07,
        "dvar2": 2.0665268039e-06,
        "max": 0.0147410482168,
        "mean": 0.00505116768181,
        "median": 0.0044950498268,
        "min": 3.21976386525e-12,
        "stdev": 0.00392450205982,
        "var": 1.54017179739e-05
    },
    "spectral_rolloff": {
        "dmean": 583.780151367,
        "dmean2": 980.036499023,
        "dvar": 2390521,
        "dvar2": 4403949.5,
        "max": 18453.9550781,
        "mean": 1302.25231934,
        "median": 645.99609375,
        "min": 43.06640625,
        "stdev": 2212.05786133,
        "var": 4893200.5
    },
    "spectral_skewness": {
        "dmean": 0.77103894949,
        "dmean2": 1.27193307877,
        "dvar": 1.2963155508,
        "dvar2": 3.71488809586,
        "max": 14.4875040054,
        "mean": 4.0931725502,
        "median": 1.95336353779,
        "min": -0.314719885588,
        "stdev": 3.7705373764,
        "var": 14.2169523239
    },
    "spectral_spread": {
        "dmean": 821535,
        "dmean2": 1194108,
        "dvar": 2.37295684813e+12,
        "dvar2": 3.17795755622e+12,
        "max": 41415612,
        "mean": 4476899.5,
        "median": 4665838.5,
        "min": 242239.359375,
        "stdev": 3532959.25,
        "var": 1.2481800962e+13
    },
    "spectral_strongpeak": {
        "dmean": 0.350151568651,
        "dmean2": 0.586996614933,
        "dvar": 0.910168647766,
        "dvar2": 2.26440358162,
        "max": 11.2297096252,
        "mean": 0.688303172588,
        "median": 0.351323395967,
        "min": 0,
        "stdev": 1.0957710743,
        "var": 1.20071423054
    },
    "zerocrossingrate": {
        "dmean": 0.0142183573917,
        "dmean2": 0.0158398281783,
        "dvar": 0.000717552320566,
        "dvar2": 0.000736531568691,
        "max": 0.50146484375,
        "mean": 0.0482601635158,
        "median": 0.02783203125,
        "min": 0.00146484375,
        "stdev": 0.0599601790309,
        "var": 0.00359522318467
    },
    "barkbands": {
        "dmean": [0.00101223599631, 0.00421699183062, 0.00196644337848, 0.00147080596071, 0.00157846696675, 0.000791179423686, 0.000873781100381, 0.00105368625373, 0.000920860853512, 0.000664283987135, 0.000465660879854, 0.00020401267102, 0.000249924691161, 0.000247962656431, 0.000211794031202, 8.68408315e-05, 0.000117822710308, 0.00016370746016, 0.000134865535074, 0.000116642404464, 0.000151420332259, 0.000313372991513, 0.000759551650845, 0.000411021319451, 0.000202404989977, 5.91227217228e-05, 3.63327922059e-06],
        "dmean2": [0.00160809175577, 0.00633199186996, 0.00357557437383, 0.00271852593869, 0.00251986924559, 0.00121588853654, 0.00142172060441, 0.0016351272352, 0.00133655092213, 0.00100065511651, 0.000736797752324, 0.000304635876091, 0.000397256138967, 0.000375798525056, 0.000343492254615, 0.000145634796354, 0.000175585490069, 0.000252983416431, 0.00020772809512, 0.000182056784979, 0.000219109788304, 0.000473808118841, 0.00123144686222, 0.000657355238218, 0.000295124395052, 8.19323249743e-05, 6.00540852247e-06],
        "dvar": [5.74910200157e-06, 0.000148552731844, 9.34667550609e-05, 4.05580503866e-05, 1.7541093257e-05, 5.22108166479e-06, 8.38456162455e-06, 9.31511749513e-06, 7.45276338421e-06, 6.44477177048e-06, 3.04549439534e-06, 3.82042827596e-07, 1.04326545625e-06, 6.37363825717e-07, 5.42484769994e-07, 1.06467275884e-07, 1.71816040506e-07, 1.87465431623e-07, 1.58688365559e-07, 1.16288724428e-07, 1.50364044771e-07, 9.18972034469e-07, 4.71763041787e-06, 1.06312256776e-06, 2.95109600756e-07, 3.90532015615e-08, 6.69678701382e-10],
        "dvar2": [1.38265040732e-05, 0.000302677799482, 0.000268932111794, 0.000118514057249, 4.33869827248e-05, 1.14793156172e-05, 1.82481744559e-05, 2.04754123843e-05, 1.65445344464e-05, 1.30350317704e-05, 7.49972059566e-06, 8.67133167048e-07, 2.68399185188e-06, 1.47331149947e-06, 1.38482505463e-06, 2.86451552256e-07, 3.9295082388e-07, 4.3821358986e-07, 3.58560924951e-07, 2.65913456587e-07, 2.99879815202e-07, 2.07330072044e-06, 1.15485745482e-05, 2.69226097771e-06, 5.59736406558e-07, 7.01257079072e-08, 1.62622304511e-09],
        "max": [0.0504217408597, 0.137294441462, 0.114030078053, 0.0700868442655, 0.0443460531533, 0.0370139740407, 0.0545857697725, 0.0461517497897, 0.0435166582465, 0.0541125983, 0.0318393930793, 0.010560374707, 0.0215070191771, 0.0117704607546, 0.0119136814028, 0.00566284405068, 0.00549933174625, 0.00570548186079, 0.00563219981268, 0.00472121452913, 0.00484713586047, 0.015811406076, 0.0246472097933, 0.0116118034348, 0.00762584200129, 0.00363597506657, 0.000703075027559],
        "mean": [0.00463920366019, 0.0196176301688, 0.00199447316118, 0.00156698643696, 0.00277820136398, 0.00142918259371, 0.00122570211533, 0.00156594719738, 0.00134496949613, 0.000995306530967, 0.000559544831049, 0.000283792498522, 0.000324108637869, 0.000312181364279, 0.000221709255129, 8.83123575477e-05, 0.000156495501869, 0.000234077393543, 0.00018524612824, 0.000159308867296, 0.000230601974181, 0.000393473397708, 0.000782041344792, 0.000472307030577, 0.000297706312267, 7.72495186538e-05, 3.1767172004e-06],
        "median": [1.20632705602e-07, 1.66950358107e-05, 0.000255381863099, 0.000188422447536, 0.000573081488255, 0.000228842967772, 0.00013144989498, 0.000171865744051, 0.000203963645617, 4.22112243541e-05, 3.69091103494e-05, 3.64634433936e-05, 1.95770226128e-05, 1.66107856785e-05, 1.68574970303e-05, 4.79524078401e-06, 5.43378700968e-06, 1.31171545945e-05, 8.46675266075e-06, 1.10499195216e-05, 1.16263845484e-05, 2.14233950828e-05, 2.42535679718e-05, 2.49834010901e-05, 1.19050691865e-05, 3.47522927768e-06, 5.48038325832e-09],
        "min": [3.92734811872e-23, 4.58218818258e-23, 1.33159137044e-23, 9.7872978546e-24, 1.17515813879e-22, 3.67484068493e-23, 8.29451332891e-23, 5.60062023299e-23, 4.8292786663e-23, 7.40091441467e-23, 3.28499982507e-23, 6.32703869549e-23, 8.12608584585e-23, 5.64164415551e-23, 2.03192154016e-22, 7.6003113147e-23, 2.10503922731e-22, 3.03464869524e-22, 2.88409339241e-22, 2.90143873977e-22, 5.06136690887e-22, 3.92339251771e-22, 5.83343832967e-22, 8.01968062664e-22, 1.15943085243e-21, 1.62892633004e-21, 2.76723964109e-21],
        "stdev": [0.00888776406646, 0.0319212377071, 0.00812918320298, 0.00556260254234, 0.00576650490984, 0.0039336415939, 0.00381958810613, 0.00420673936605, 0.00345729920082, 0.00385302421637, 0.00192706019152, 0.000855465594213, 0.00124436593615, 0.0010009650141, 0.000740027637221, 0.00030817501829, 0.00057807972189, 0.000580608379096, 0.00054640340386, 0.00044342171168, 0.000574663747102, 0.00112707284279, 0.00221006385982, 0.00113934534602, 0.0008112625801, 0.000282622233499, 2.48893084063e-05],
        "var": [7.89923433331e-05, 0.00101896538399, 6.60836158204e-05, 3.09425449814e-05, 3.32525814883e-05, 1.54735371325e-05, 1.45892536239e-05, 1.76966550498e-05, 1.19529177027e-05, 1.48457957039e-05, 3.71356100004e-06, 7.3182138749e-07, 1.5484464484e-06, 1.00193085473e-06, 5.47640922832e-07, 9.4971845499e-08, 3.34176178285e-07, 3.37106058623e-07, 2.98556699363e-07, 1.96622821136e-07, 3.30238435708e-07, 1.27029329633e-06, 4.88438263346e-06, 1.29810769067e-06, 6.58146973365e-07, 7.98753276854e-08, 6.19477635855e-10]
    },
    "erbbands": {
        "dmean": [0.223410710692, 0.759037435055, 1.98518657684, 3.86641550064, 4.9071097374, 5.71701383591, 6.08308362961, 6.39209890366, 10.1469564438, 17.3104553223, 23.9533195496, 19.6926784515, 23.870634079, 18.1004810333, 17.1255569458, 8.10887908936, 11.2034988403, 13.8716030121, 12.6208877563, 6.14193248749, 3.94113636017, 6.36453771591, 8.78142166138, 8.14192962646, 5.41207408905, 5.70458507538, 6.12540531158, 5.90651512146, 10.0440683365, 16.9348564148, 21.4581565857, 11.3037996292, 5.68076896667, 2.82628297806, 1.18413555622, 0.34429499507, 0.101706877351, 0.0166544951499, 0.000447416095994, 2.36856867559e-05],
        "dmean2": [0.299536764622, 1.18285286427, 3.50793552399, 7.22042560577, 8.49957466125, 8.98727321625, 9.18759346008, 10.0738830566, 16.476348877, 26.5466747284, 37.1855773926, 29.1174449921, 36.7987327576, 27.215587616, 26.5467243195, 12.0679683685, 17.5390949249, 20.6418323517, 20.2662658691, 10.0500640869, 6.35567235947, 9.63084220886, 13.4905185699, 11.9169158936, 8.2096118927, 8.95804786682, 9.32383918762, 8.34923458099, 15.209610939, 26.7013969421, 34.7724952698, 18.1703662872, 8.91526031494, 4.15675258636, 1.76320648193, 0.488044589758, 0.147890090942, 0.0252674072981, 0.000689582899213, 3.54921103281e-05],
        "dvar": [0.350287765265, 6.39806556702, 83.3021240234, 340.187988281, 281.809509277, 238.156417847, 671.3984375, 277.089080811, 981.085693359, 3792.60522461, 5509.47265625, 4818.9375, 7255.93261719, 6055.79199219, 3957.828125, 531.293579102, 2241.45092773, 1913.28381348, 2031.19335938, 395.566650391, 179.808441162, 510.890228271, 566.147827148, 550.471191406, 287.588104248, 289.384002686, 266.140167236, 268.194702148, 951.558349609, 2109.11035156, 3869.73950195, 936.63079834, 188.288864136, 57.6395530701, 11.6257915497, 1.17973220348, 0.131737858057, 0.0086655030027, 8.1227890405e-06, 4.75012429391e-09],
        "dvar2": [0.659724354744, 14.6653242111, 233.45880127, 990.585083008, 796.776733398, 507.254150391, 1202.21130371, 678.90612793, 2214.75219727, 7605.96533203, 12480.5996094, 11673.5976562, 15683.640625, 14531.4052734, 9719.56347656, 1208.13037109, 5771.12792969, 4161.44335938, 5158.87353516, 958.156494141, 447.437683105, 1215.57397461, 1347.86340332, 1165.82275391, 642.865661621, 663.153015137, 549.256652832, 583.071105957, 2199.9597168, 4909.31152344, 9591.1328125, 2299.73120117, 454.849884033, 116.265991211, 22.6147117615, 2.13835167885, 0.271695762873, 0.0191440545022, 1.87730784091e-05, 1.02618651354e-08],
        "max": [7.10236597061, 32.9339866638, 99.0450897217, 207.480484009, 174.696624756, 231.029067993, 574.464782715, 270.494903564, 509.615997314, 1456.00720215, 1270.33557129, 1227.4230957, 1285.28112793, 2002.58666992, 1031.12890625, 399.779052734, 978.632080078, 620.732971191, 790.567626953, 326.309051514, 183.50994873, 329.631622314, 324.324035645, 423.289764404, 233.11390686, 245.546218872, 201.581893921, 264.443847656, 467.192474365, 604.856384277, 705.546447754, 354.200256348, 130.477706909, 114.921607971, 49.9336967468, 21.5286312103, 8.85396003723, 2.36864948273, 0.0792392715812, 0.00160615413915],
        "mean": [1.013422966, 2.65010619164, 2.33500218391, 4.36006975174, 6.06076955795, 10.9366817474, 10.3349370956, 12.2532215118, 14.5521335602, 26.5285892487, 36.067276001, 28.8215084076, 38.0495834351, 26.6016349792, 21.8855457306, 12.447977066, 15.2812604904, 17.8872203827, 14.1369962692, 7.10157012939, 4.80231714249, 8.67288208008, 12.7085914612, 12.1860189438, 7.35051584244, 8.03069782257, 9.53285312653, 8.39492511749, 12.5519180298, 19.5961036682, 21.5456733704, 11.9980955124, 7.19206237793, 4.11378192902, 1.67076027393, 0.470558166504, 0.124203778803, 0.0178296994418, 0.000491562532261, 6.94906993886e-05],
        "median": [0.000272183388006, 0.0120449224487, 0.26944616437, 0.627277195454, 1.26747739315, 1.86860907078, 1.72800981998, 2.17554283142, 2.2207698822, 3.29493021965, 4.87902975082, 4.98164558411, 3.51276659966, 1.43648636341, 1.94202566147, 1.64898777008, 1.02163910866, 1.01980471611, 0.839453458786, 0.640711665154, 0.27615249157, 0.356040328741, 0.692005455494, 0.81988799572, 0.464589118958, 0.503083646297, 0.454104661942, 0.57835316658, 0.576520681381, 0.915254771709, 0.657904088497, 0.373334348202, 0.394439786673, 0.156662046909, 0.060208439827, 0.0205809716135, 0.0040574814193, 0.000486206554342, 4.10908542108e-05, 3.68370383512e-05],
        "min": [8.42636530766e-22, 1.18463039684e-20, 1.39043842624e-20, 4.590454319e-20, 2.71221330068e-19, 3.2791468659e-19, 3.89966803464e-19, 2.56557356512e-19, 7.38182544388e-19, 1.41179960946e-18, 1.34644758478e-18, 1.25642469154e-18, 2.08861181475e-18, 1.3442665163e-18, 1.42972502693e-18, 3.03317721444e-18, 4.19428671117e-18, 3.44576084191e-18, 6.70135575612e-18, 7.55556780391e-18, 5.75302130797e-18, 1.20804293887e-17, 1.73799646422e-17, 1.45034688775e-17, 1.46242504818e-17, 1.51379676925e-17, 1.4007952949e-17, 2.2516805877e-17, 1.47308525561e-17, 1.53893214109e-17, 1.63468640336e-17, 1.16781408511e-17, 1.60333410748e-17, 9.18592011174e-18, 9.90217580415e-18, 7.23978746917e-18, 2.8076174691e-18, 1.40154453442e-18, 4.31204471186e-19, 3.62965237201e-20],
        "stdev": [1.60110664368, 5.31507349014, 8.17171669006, 15.691075325, 15.6237077713, 27.1038227081, 44.0560874939, 32.2850875854, 41.2666053772, 86.3285446167, 101.742324829, 76.6857070923, 112.003341675, 110.823448181, 69.3047561646, 32.8276481628, 58.4129714966, 55.7573814392, 46.0323219299, 22.3313426971, 14.839553833, 29.6199016571, 31.7241077423, 34.5757064819, 21.8483791351, 21.9443492889, 24.57081604, 21.1267681122, 35.0546379089, 52.4980010986, 62.5369796753, 32.2380523682, 16.7719974518, 11.0458240509, 4.81350708008, 1.57447552681, 0.472021073103, 0.102783568203, 0.00294046010822, 0.000100855744677],
        "var": [2.56354236603, 28.2500038147, 66.7769470215, 246.209838867, 244.100250244, 734.6171875, 1940.9387207, 1042.3269043, 1702.93286133, 7452.61816406, 10351.5, 5880.69726562, 12544.7480469, 12281.8359375, 4803.14941406, 1077.65454102, 3412.07543945, 3108.88549805, 2118.97460938, 498.688903809, 220.212371826, 877.338562012, 1006.41906738, 1195.47949219, 477.351654053, 481.554473877, 603.724975586, 446.340332031, 1228.82751465, 2756.0402832, 3910.87402344, 1039.29199219, 281.29989624, 122.010238647, 23.1698493958, 2.47897315025, 0.222803905606, 0.0105644622818, 8.64630510478e-06, 1.01718811152e-08]
    },
    "gfcc": {
        "mean": [-123.364875793, 131.913223267, -87.0830001831, -9.04195404053, -61.7776832581, 14.1104955673, -36.0438346863, 0.793402731419, -21.3463878632, 0.197713509202, -21.850944519, -4.98356246948, -12.0510396957],
        "cov": [[33448.9023438, -14725.3964844, -153.095901489, 9413.64746094, -3945.55151367, 2861.68676758, 137.655090332, 3111.98193359, 406.835906982, 1141.11413574, 1597.53845215, 1434.89428711, -155.820755005], [-14725.3964844, 8906.83105469, 279.228485107, -4769.90625, 2479.99658203, -1035.74755859, 186.686126709, -1441.48583984, 109.191902161, -632.682495117, -492.435211182, -787.208618164, 157.514083862], [-153.095901489, 279.228485107, 927.121826172, 240.772567749, 206.17124939, 240.635055542, 142.824569702, 68.7508468628, 81.3479385376, 99.7625808716, 47.7596168518, 89.9813537598, 17.140827179], [9413.64746094, -4769.90625, 240.772567749, 3422.94775391, -1074.36645508, 791.136230469, 28.5663738251, 977.897338867, 161.701629639, 390.859466553, 477.255767822, 505.24420166, -6.84571695328], [-3945.55151367, 2479.99658203, 206.17124939, -1074.36645508, 1163.82019043, -121.553070068, 142.561096191, -298.315002441, 157.809707642, -146.924819946, -76.5296630859, -190.119644165, 55.2998008728], [2861.68676758, -1035.74755859, 240.635055542, 791.136230469, -121.553070068, 696.859924316, 274.9425354, 343.798431396, 126.575050354, 213.922698975, 233.864013672, 155.301956177, 0.50979667902], [137.655090332, 186.686126709, 142.824569702, 28.5663738251, 142.561096191, 274.9425354, 415.458648682, 146.71484375, 51.8617935181, 132.419311523, 42.9633369446, 42.0082054138, 2.24080324173], [3111.98193359, -1441.48583984, 68.7508468628, 977.897338867, -298.315002441, 343.798431396, 146.71484375, 541.54888916, 148.084014893, 106.084716797, 232.278106689, 125.895126343, 11.6397867203], [406.835906982, 109.191902161, 81.3479385376, 161.701629639, 157.809707642, 126.575050354, 51.8617935181, 148.084014893, 262.659851074, -29.4519729614, 150.830917358, -30.6801319122, 30.4693851471], [1141.11413574, -632.682495117, 99.7625808716, 390.859466553, -146.924819946, 213.922698975, 132.419311523, 106.084716797, -29.4519729614, 328.425079346, -1.84780931473, 138.882781982, -43.8675727844], [1597.53845215, -492.435211182, 47.7596168518, 477.255767822, -76.5296630859, 233.864013672, 42.9633369446, 232.278106689, 150.830917358, -1.84780931473, 311.493103027, 50.2685470581, 40.6602630615], [1434.89428711, -787.208618164, 89.9813537598, 505.24420166, -190.119644165, 155.301956177, 42.0082054138, 125.895126343, -30.6801319122, 138.882781982, 50.2685470581, 203.026077271, 2.96647763252], [-155.820755005, 157.514083862, 17.140827179, -6.84571695328, 55.2998008728, 0.50979667902, 2.24080324173, 11.6397867203, 30.4693851471, -43.8675727844, 40.6602630615, 2.96647763252, 112.983604431]],
        "icov": [[0.000270054617431, -8.43765519676e-05, 0.000263622263446, -0.000501748116221, 0.000334995915182, -0.000605557637755, 0.000299759936752, -0.000400092656491, 7.72527346271e-05, 0.000101461111626, -4.54409710073e-05, -0.000192356135813, 0.000333686883096], [-8.43765519676e-05, 0.00159069616348, -0.000720810494386, 0.00142858654726, -0.00130303215701, 0.00106373394374, -0.00124015007168, 0.00159567513037, -0.00085268804105, -1.6401962057e-05, -0.000847434916068, 0.000870472169481, -0.00113921728916], [0.000263622263446, -0.000720810494386, 0.00186837767251, -0.0011292733252, 0.000446094752988, -0.00131059787236, 0.00066974904621, -0.000800289562903, 0.000181400231668, 7.58889727877e-05, 0.000545566726942, -0.00106746947858, 0.000685574312229], [-0.000501748116221, 0.00142858654726, -0.0011292733252, 0.00308610615321, -0.00125729630236, 0.00144806841854, -0.000662781938445, 0.00060397136258, -0.000988605082966, -0.000438870483777, -0.000781457114499, -0.000252135214396, -0.00138148094993], [0.000334995915182, -0.00130303215701, 0.000446094752988, -0.00125729630236, 0.00325549812987, -0.00138785736635, 0.000405905680964, -0.000643037608825, -0.00093687576009, 0.000404491933296, 0.000816974381451, -0.000695222755894, 0.000739754817914], [-0.000605557637755, 0.00106373394374, -0.00131059787236, 0.00144806841854, -0.00138785736635, 0.00555337127298, -0.00305221951567, 0.00165032688528, -0.000894534809049, -0.00122280593496, -0.00210615759715, 0.00067921448499, -0.000980232143775], [0.000299759936752, -0.00124015007168, 0.00066974904621, -0.000662781938445, 0.000405905680964, -0.00305221951567, 0.00611002417281, -0.00385021790862, 0.00140508799814, -0.00123396224808, 0.00119833974168, -0.000988790299743, 0.000827835523523], [-0.000400092656491, 0.00159567513037, -0.000800289562903, 0.00060397136258, -0.000643037608825, 0.00165032688528, -0.00385021790862, 0.00829181913286, -0.00306869368069, 0.000441775133368, -0.00181641604286, 0.00136208219919, -0.00147193507291], [7.72527346271e-05, -0.00085268804105, 0.000181400231668, -0.000988605082966, -0.00093687576009, -0.000894534809049, 0.00140508799814, -0.00306869368069, 0.00844080373645, -0.000216706030187, -0.00215902249329, 0.00190030620433, 0.000325384608004], [0.000101461111626, -1.6401962057e-05, 7.58889727877e-05, -0.000438870483777, 0.000404491933296, -0.00122280593496, -0.00123396224808, 0.000441775133368, -0.000216706030187, 0.00595271866769, 0.00133425113745, -0.00288918870501, 0.00187655538321], [-4.54409710073e-05, -0.000847434916068, 0.000545566726942, -0.000781457114499, 0.000816974381451, -0.00210615759715, 0.00119833974168, -0.00181641604286, -0.00215902249329, 0.00133425113745, 0.00752576673403, -0.00109762116335, -0.000817599182483], [-0.000192356135813, 0.000870472169481, -0.00106746947858, -0.000252135214396, -0.000695222755894, 0.00067921448499, -0.000988790299743, 0.00136208219919, 0.00190030620433, -0.00288918870501, -0.00109762116335, 0.0115242069587, -0.00265748542733], [0.000333686883096, -0.00113921728916, 0.000685574312229, -0.00138148094993, 0.000739754817914, -0.000980232143775, 0.000827835523523, -0.00147193507291, 0.000325384608004, 0.00187655538321, -0.000817599182483, -0.00265748542733, 0.0114939846098]]
    },
    "melbands": {
        "dmean": [0.00150510121603, 0.000912123417947, 0.000680528522935, 0.000351554568624, 0.000225749128731, 0.000146702484926, 0.000162867087056, 0.000193980318727, 0.000191666753381, 0.000124705184135, 0.000119809199532, 7.46226287447e-05, 6.51715745335e-05, 2.61294717347e-05, 2.45932515099e-05, 2.25543099077e-05, 2.66950119112e-05, 2.08541478059e-05, 1.0925395145e-05, 7.81547350925e-06, 4.28175098932e-06, 6.33488070889e-06, 8.71104930411e-06, 8.32826935948e-06, 6.93699576004e-06, 4.64649156129e-06, 3.69643908016e-06, 3.94035851059e-06, 4.33873219663e-06, 3.41530585501e-06, 3.53758059646e-06, 4.95993481309e-06, 7.94353309175e-06, 1.13463984235e-05, 1.38301202242e-05, 1.06291699922e-05, 5.45226521353e-06, 4.56560246676e-06, 2.98557301903e-06, 2.24187419917e-06],
        "dmean2": [0.00207670032978, 0.00147179036867, 0.00124514673371, 0.000572174263652, 0.000344454194419, 0.000230855061091, 0.000264445261564, 0.000292920944048, 0.000299416395137, 0.000181553827133, 0.000185183496797, 0.000112474946945, 0.000102703525044, 3.86840074498e-05, 3.82089092454e-05, 3.52932584065e-05, 4.01049182983e-05, 3.35620970873e-05, 1.77884121513e-05, 1.30398157125e-05, 6.81711253492e-06, 9.52153277467e-06, 1.33836892928e-05, 1.27597195387e-05, 1.04474602267e-05, 7.35445155442e-06, 5.82640132052e-06, 6.17565819994e-06, 6.66280220685e-06, 5.20621370015e-06, 5.24309234606e-06, 7.57811994845e-06, 1.22954434119e-05, 1.85438384506e-05, 2.27724576689e-05, 1.74661799974e-05, 8.58216571942e-06, 7.26776079318e-06, 4.561269634e-06, 3.20616459248e-06],
        "dvar": [1.5615756638e-05, 1.21242255773e-05, 9.09592381504e-06, 9.8437124052e-07, 6.42411634999e-07, 1.42597485819e-07, 2.41036559601e-07, 3.86188816037e-07, 3.3093610341e-07, 1.61205036875e-07, 1.81208051231e-07, 1.1810886491e-07, 6.41379998001e-08, 5.90021231872e-09, 9.46042355565e-09, 6.41564890103e-09, 7.60047669246e-09, 5.68349634023e-09, 1.32134403419e-09, 9.26316467975e-10, 2.06849704032e-10, 5.43049660795e-10, 7.16404380263e-10, 4.99091989958e-10, 4.76386041726e-10, 2.35992753117e-10, 1.51301707274e-10, 1.31431074357e-10, 1.55217616538e-10, 9.79130179712e-11, 1.15020611091e-10, 2.30583482863e-10, 6.95817403695e-10, 9.5627272767e-10, 1.71440117658e-09, 9.52507184238e-10, 2.01787267451e-10, 1.29615665423e-10, 5.96284341348e-11, 3.82794698717e-11],
        "dvar2": [3.01524396491e-05, 3.16706464218e-05, 2.64375394181e-05, 2.6024579256e-06, 1.20485333355e-06, 3.49352205831e-07, 5.41641099971e-07, 7.80045581905e-07, 7.56606823415e-07, 3.71079664774e-07, 3.92292633933e-07, 2.81803494318e-07, 1.57764716846e-07, 1.29870407761e-08, 2.3287492823e-08, 1.50861971804e-08, 1.64761715382e-08, 1.45623850756e-08, 3.4648888203e-09, 2.4487785133e-09, 4.9537679514e-10, 1.27201338351e-09, 1.61610802518e-09, 1.09862685616e-09, 1.01870589742e-09, 5.79046255389e-10, 3.36283806357e-10, 2.9946925495e-10, 3.30249938507e-10, 2.13750517286e-10, 2.5768467915e-10, 5.44297051874e-10, 1.62167113071e-09, 2.33716468401e-09, 4.38751390774e-09, 2.28550134374e-09, 4.99802310649e-10, 3.3194860749e-10, 1.31763461253e-10, 7.55054074819e-11],
        "max": [0.0455143712461, 0.0377876013517, 0.033276244998, 0.0115153919905, 0.0159445200115, 0.00545285642147, 0.00767342466861, 0.0133267519996, 0.00960930995643, 0.0071809059009, 0.00643236050382, 0.00884520635009, 0.00482184858993, 0.00138704734854, 0.00224914704449, 0.0011526029557, 0.00140985834878, 0.00128792179748, 0.000513206003234, 0.000534655817319, 0.000171609484823, 0.000302998523694, 0.000371935369913, 0.00036195141729, 0.000397221563617, 0.00024848562316, 0.00016741057334, 0.000185634038644, 0.000201296599698, 0.000160543058882, 0.000185034805327, 0.000255272141658, 0.000506719981786, 0.000300876388792, 0.00043979860493, 0.000341121602105, 0.000168699072674, 0.000121071032481, 0.000103100908746, 9.25524946069e-05],
        "mean": [0.00721142906696, 0.00184903433546, 0.000790199381299, 0.000584445137065, 0.000405215017963, 0.00027112706448, 0.000235082334257, 0.000291839038255, 0.000278365099803, 0.000184558302863, 0.000187729907339, 0.000104807564639, 8.14822706161e-05, 3.62454629794e-05, 3.40592414432e-05, 2.93438442895e-05, 3.35947479471e-05, 2.2589103537e-05, 1.1883947991e-05, 8.05330637377e-06, 4.92567141919e-06, 8.09894208942e-06, 1.14670547191e-05, 1.20311533465e-05, 9.84971211437e-06, 5.58130113859e-06, 4.84578322357e-06, 5.28175087311e-06, 6.46521766612e-06, 4.84975907966e-06, 4.83675330543e-06, 6.11345285506e-06, 9.5812993095e-06, 1.22183600979e-05, 1.32507493618e-05, 1.06913557829e-05, 6.03020043854e-06, 5.31410069016e-06, 4.23228357249e-06, 3.15090119329e-06],
        "median": [2.63911488219e-06, 0.00012040042202, 0.000127316481667, 0.000124753962155, 6.6061031248e-05, 4.61642885057e-05, 3.38655481755e-05, 3.58677934855e-05, 3.3079773857e-05, 2.82898708974e-05, 1.60631861945e-05, 4.50302286481e-06, 6.43630119157e-06, 4.37906192019e-06, 2.93698758469e-06, 2.23515894504e-06, 1.69195595845e-06, 1.21734990444e-06, 1.05896015157e-06, 5.43836335964e-07, 2.49381571393e-07, 2.8892995374e-07, 4.30707842725e-07, 6.09894641457e-07, 5.02421471538e-07, 2.72268010804e-07, 2.85249171839e-07, 2.85399011091e-07, 2.62328711642e-07, 2.32967522606e-07, 2.72154579761e-07, 2.6577251333e-07, 3.64010446674e-07, 4.61330074586e-07, 3.95609816906e-07, 1.77447887495e-07, 1.97872353169e-07, 2.352932853e-07, 1.79833449465e-07, 9.79071472784e-08],
        "min": [1.21694471625e-23, 1.14279683987e-23, 1.21902462691e-23, 2.71155158952e-23, 1.17027815057e-23, 5.54594775464e-24, 1.33207778208e-23, 1.55151979548e-23, 1.07574658171e-23, 6.83763175629e-24, 1.09981086251e-23, 6.28073816126e-24, 4.3864535693e-24, 5.05679246225e-24, 1.05955095178e-23, 7.74919208671e-24, 6.15688621028e-24, 7.53781759602e-24, 1.873410228e-23, 5.44135071506e-24, 7.1896901231e-24, 1.30412717803e-23, 1.3761386613e-23, 1.34385673757e-23, 1.13404876686e-23, 1.12182284278e-23, 1.0909715183e-23, 9.70238092246e-24, 6.96216843854e-24, 1.13350429506e-23, 1.40663744385e-23, 8.46924775492e-24, 7.1822464316e-24, 9.26383500145e-24, 1.07578839134e-23, 6.20238297413e-24, 7.51826488962e-24, 1.21557620035e-23, 8.61401004191e-24, 7.38305965249e-24],
        "stdev": [0.0111454948783, 0.00432948721573, 0.00256186840124, 0.00122689665295, 0.0013488343684, 0.000690412998665, 0.000641596503556, 0.000861285370775, 0.000774363637902, 0.00047748722136, 0.000560161133762, 0.000486533012008, 0.000279192550806, 0.000107638734335, 0.000127337727463, 9.8800228443e-05, 0.000112116991659, 7.59774193284e-05, 3.62524406228e-05, 2.97010192298e-05, 1.63253553183e-05, 2.96968519251e-05, 3.69160043192e-05, 3.106431177e-05, 3.07000191242e-05, 1.73664866452e-05, 1.59802457347e-05, 1.46742113429e-05, 1.80230854312e-05, 1.35080808832e-05, 1.30674088723e-05, 1.68335664057e-05, 2.99894800264e-05, 3.29901049554e-05, 4.00148055633e-05, 3.16588993883e-05, 1.53968430823e-05, 1.27747653096e-05, 1.07936193672e-05, 8.95997800399e-06],
        "var": [0.000124222045997, 1.87444584299e-05, 6.56316979075e-06, 1.50527546339e-06, 1.81935399723e-06, 4.76670095395e-07, 4.11646055909e-07, 7.41812471006e-07, 5.99639065513e-07, 2.27994050306e-07, 3.13780475381e-07, 2.36714370772e-07, 7.7948485e-08, 1.15860974148e-08, 1.62148960925e-08, 9.76148584186e-09, 1.25702195319e-08, 5.77256775713e-09, 1.31423949501e-09, 8.8215057481e-10, 2.665171972e-10, 8.81902995076e-10, 1.36279143526e-09, 9.64991531127e-10, 9.42491196199e-10, 3.01594860197e-10, 2.5536825432e-10, 2.15332474074e-10, 3.24831606058e-10, 1.82468248844e-10, 1.70757186169e-10, 2.8336896718e-10, 8.99368912677e-10, 1.0883469681e-09, 1.60118462933e-09, 1.0022858099e-09, 2.37062786068e-10, 1.63194624481e-10, 1.16502210656e-10, 8.02811983558e-11]
    },
    "melbands128": {
