{
"lowlevel": {
    "average_loudness": 0.974968910217,
    "barkbands_crest": {
        "dmean": 3.38710546494,
        "dmean2": 5.27241182327,
        "dvar": 10.7018699646,
        "dvar2": 19.0668106079,
        "max": 26.5112686157,
        "mean": 12.0960187912,
        "median": 10.1326332092,
        "min": 2.41281104088,
        "stdev": 6.89994573593,
        "var": 47.6092529297
    },
    "barkbands_flatness_db": {
        "dmean": 0.0320930071175,
        "dmean2": 0.0461509861052,
        "dvar": 0.000940422178246,
        "dvar2": 0.00167397176847,
        "max": 0.496841490269,
        "mean": 0.145637854934,
        "median": 0.128663480282,
        "min": 0.0284594688565,
        "stdev": 0.0711797550321,
        "var": 0.00506655778736
    },
    "barkbands_kurtosis": {
        "dmean": 10.7510099411,
        "dmean2": 16.3126144409,
        "dvar": 2131.75683594,
        "dvar2": 3886.07324219,
        "max": 1290.33227539,
        "mean": 13.5323705673,
        "median": 1.63431692123,
        "min": -1.88214075565,
        "stdev": 57.6057395935,
        "var": 3318.42114258
    },
    "barkbands_skewness": {
        "dmean": 1.14409828186,
        "dmean2": 1.63729345798,
        "dvar": 1.97302734852,
        "dvar2": 3.55395722389,
        "max": 32.5534095764,
        "mean": 1.96390414238,
        "median": 1.34317791462,
        "min": -4.56166124344,
        "stdev": 2.83840656281,
        "var": 8.05655193329
    },
    "barkbands_spread": {
        "dmean": 9.92180347443,
        "dmean2": 14.8137998581,
        "dvar": 113.518188477,
        "dvar2": 249.424453735,
        "max": 104.644378662,
        "mean": 23.9266052246,
        "median": 20.5633926392,
        "min": 0.142163336277,
        "stdev": 16.7957630157,
        "var": 282.097686768
    },
    "dissonance": {
        "dmean": 0.0163573194295,
        "dmean2": 0.0250470135361,
        "dvar": 0.000587402959354,
        "dvar2": 0.00130764080677,
        "max": 0.499999850988,
        "mean": 0.472576886415,
        "median": 0.481402635574,
        "min": 0.0778805166483,
        "stdev": 0.0301986131817,
        "var": 0.000911956245545
    },
    "dynamic_complexity": 4.00106525421,
    "erbbands_crest": {
        "dmean": 2.49587893486,
        "dmean2": 4.10062503815,
        "dvar": 5.48601150513,
        "dvar2": 12.513666153,
        "max": 28.8632278442,
        "mean": 7.80943965912,
        "median": 6.87312698364,
        "min": 2.51242446899,
        "stdev": 3.57142996788,
        "var": 12.7551116943
    },
    "erbbands_flatness_db": {
        "dmean": 0.0232693552971,
        "dmean2": 0.0333493314683,
        "dvar": 0.000420364114689,
        "dvar2": 0.00086485571228,
        "max": 0.35510969162,
        "mean": 0.155700147152,
        "median": 0.15046313405,
        "min": 0.064423404634,
        "stdev": 0.0413826182485,
        "var": 0.00171252118889
    },
    "erbbands_kurtosis": {
        "dmean": 1.48601639271,
        "dmean2": 2.37034249306,
        "dvar": 4.08250808716,
        "dvar2": 9.52733802795,
        "max": 19.3279857635,
        "mean": 0.719088256359,
        "median": -0.0221984386444,
        "min": -1.81307601929,
        "stdev": 2.46001219749,
        "var": 6.05166053772
    },
    "erbbands_skewness": {
        "dmean": 0.561875462532,
        "dmean2": 0.817090630531,
        "dvar": 0.265886247158,
        "dvar2": 0.572321951389,
        "max": 3.64806127548,
        "mean": -0.1092870906,
        "median": -0.179578647017,
        "min": -3.20632052422,
        "stdev": 0.932567238808,
        "var": 0.869681656361
    },
    "erbbands_spread": {
        "dmean": 13.3280296326,
        "dmean2": 20.7962341309,
        "dvar": 222.697128296,
        "dvar2": 526.693969727,
        "max": 185.166748047,
        "mean": 41.8513221741,
        "median": 37.2112922668,
        "min": 3.47312831879,
        "stdev": 23.2424106598,
        "var": 540.209655762
    },
    "hfc": {
        "dmean": 10.69942379,
        "dmean2": 16.3504066467,
        "dvar": 859.627685547,
        "dvar2": 1909.30029297,
        "max": 242.430725098,
        "mean": 14.1873989105,
        "median": 5.81116580963,
        "min": 1.18525690886e-16,
        "stdev": 30.9309520721,
        "var": 956.723815918
    },
    "loudness_ebu128": {
        "integrated": -12.7212772369,
        "loudness_range": 1.71387481689,
        "momentary": {
            "dmean": 1.50615274906,
            "dmean2": 2.18142151833,
            "dvar": 3.2337436676,
            "dvar2": 4.9883389473,
            "max": -9.19882965088,
            "mean": -13.4154052734,
            "median": -12.8523168564,
            "min": -22.3905525208,
            "stdev": 2.77521133423,
            "var": 7.70179843903
        },
        "short_term": {
            "dmean": 0.144498616457,
            "dmean2": 0.204363048077,
            "dvar": 0.0184830799699,
            "dvar2": 0.0410096943378,
            "max": -11.7783966064,
            "mean": -12.7556524277,
            "median": -12.5898151398,
            "min": -14.2283401489,
            "stdev": 0.568688809872,
            "var": 0.323406934738
        }
    },
    "melbands_crest": {
        "dmean": 4.30329990387,
        "dmean2": 6.52429676056,
        "dvar": 15.6673927307,
        "dvar2": 31.4277057648,
        "max": 34.5387306213,
        "mean": 17.0045204163,
        "median": 15.2987213135,
        "min": 2.1728656292,
        "stdev": 8.90894889832,
        "var": 79.3693771362
    },
    "melbands_flatness_db": {
        "dmean": 0.0421427898109,
        "dmean2": 0.0586339943111,
        "dvar": 0.00160285399761,
        "dvar2": 0.00267151533626,
        "max": 0.605519533157,
        "mean": 0.196549132466,
        "median": 0.182292431593,
        "min": 0.00491473497823,
        "stdev": 0.104589164257,
        "var": 0.0109388930723
    },
    "melbands_kurtosis": {
        "dmean": 25.4007530212,
        "dmean2": 39.2502822876,
        "dvar": 3964.81103516,
        "dvar2": 8342.01464844,
        "max": 1312.84375,
        "mean": 36.0874404907,
        "median": 7.83289051056,
        "min": -1.76101911068,
        "stdev": 87.2212677002,
        "var": 7607.54931641
    },
    "melbands_skewness": {
        "dmean": 1.57946026325,
        "dmean2": 2.34285211563,
        "dvar": 3.78963494301,
        "dvar2": 8.11466026306,
        "max": 32.1989974976,
        "mean": 3.59046769142,
        "median": 2.47403669357,
        "min": -2.20255255699,
        "stdev": 3.65963935852,
        "var": 13.3929605484
    },
    "melbands_spread": {
        "dmean": 16.3658752441,
        "dmean2": 24.6044864655,
        "dvar": 549.205749512,
        "dvar2": 1246.69689941,
        "max": 237.1927948,
        "mean": 32.8388671875,
        "median": 22.5772647858,
        "min": 0.196476653218,
        "stdev": 33.3050994873,
        "var": 1109.22973633
    },
    "pitch_salience": {
        "dmean": 0.100164361298,
        "dmean2": 0.152531027794,
        "dvar": 0.00790264084935,
        "dvar2": 0.0174773670733,
        "max": 0.972890853882,
        "mean": 0.514262914658,
        "median": 0.561320006847,
        "min": 0.0131239462644,
        "stdev": 0.196644440293,
        "var": 0.038669038564
    },
    "silence_rate_20dB": {
        "dmean": 0,
        "dmean2": 0,
        "dvar": 0,
        "dvar2": 0,
        "max": 1,
        "mean": 1,
        "median": 1,
        "min": 1,
        "stdev": 0,
        "var": 0
    },
    "silence_rate_30dB": {
        "dmean": 0.0386996902525,
        "dmean2": 0.0774593353271,
        "dvar": 0.0372023321688,
        "dvar2": 0.0714587271214,
        "max": 1,
        "mean": 0.955143094063,
        "median": 1,
        "min": 0,
        "stdev": 0.206988349557,
        "var": 0.0428441762924
    },
    "silence_rate_60dB": {
        "dmean": 0.107585139573,
        "dmean2": 0.215336948633,
        "dvar": 0.0960099101067,
        "dvar2": 0.189107134938,
        "max": 1,
        "mean": 0.31399846077,
        "median": 0,
        "min": 0,
        "stdev": 0.464118599892,
        "var": 0.21540607512
    },
    "spectral_centroid": {
        "dmean": 466.737182617,
        "dmean2": 676.74432373,
        "dvar": 251988.1875,
        "dvar2": 444758.65625,
        "max": 11127.7636719,
        "mean": 1911.59143066,
        "median": 1781.61206055,
        "min": 164.037063599,
        "stdev": 926.441345215,
        "var": 858293.5625
    },
    "spectral_complexity": {
        "dmean": 5.10990715027,
        "dmean2": 7.6382651329,
        "dvar": 55.8299102783,
        "dvar2": 91.5139465332,
        "max": 64,
        "mean": 11.9883995056,
        "median": 9,
        "min": 0,
        "stdev": 11.5071077347,
        "var": 132.413528442
    },
    "spectral_decrease": {
        "dmean": 3.53379037143e-09,
        "dmean2": 4.99675456567e-09,
        "dvar": 3.4300360971e-17,
        "dvar2": 8.00446929249e-17,
        "max": 7.58369823083e-29,
        "mean": -5.92550275513e-09,
        "median": -2.26119079016e-09,
        "min": -5.35941850899e-08,
        "stdev": 8.66310312375e-09,
        "var": 7.50493492057e-17
    },
    "spectral_energy": {
        "dmean": 0.0139887426049,
        "dmean2": 0.0199562869966,
        "dvar": 0.000521826848853,
        "dvar2": 0.00122308160644,
        "max": 0.204281240702,
        "mean": 0.0236510559916,
        "median": 0.00938125699759,
        "min": 1.04644066666e-20,
        "stdev": 0.0338284857571,
        "var": 0.00114436645526
    },
    "spectral_energyband_high": {
        "dmean": 0.0008814468747,
        "dmean2": 0.00134226551745,
        "dvar": 6.55824032947e-06,
        "dvar2": 1.38766099553e-05,
        "max": 0.0203201528639,
        "mean": 0.000985305872746,
        "median": 0.00020577563555,
        "min": 7.77623285014e-21,
        "stdev": 0.00273224245757,
        "var": 7.46514888306e-06
    },
    "spectral_energyband_low": {
        "dmean": 0.0111085018143,
        "dmean2": 0.0156764667481,
        "dvar": 0.000472432555398,
        "dvar2": 0.00106938288081,
        "max": 0.195274591446,
        "mean": 0.0169212203473,
        "median": 0.00173844012897,
        "min": 1.11805824077e-22,
        "stdev": 0.0303822122514,
        "var": 0.000923078856431
    },
    "spectral_energyband_middle_high": {
        "dmean": 0.00253472127952,
        "dmean2": 0.0040033403784,
        "dvar": 5.30838187842e-05,
        "dvar2": 0.000125928796479,
        "max": 0.066129103303,
        "mean": 0.00316309067421,
        "median": 0.00103921873961,
        "min": 1.32428516162e-21,
        "stdev": 0.0073943217285,
        "var": 5.46759947611e-05
    },
    "spectral_energyband_middle_low": {
        "dmean": 0.00222393241711,
        "dmean2": 0.00333832227625,
        "dvar": 1.09773609438e-05,
        "dvar2": 2.53801754297e-05,
        "max": 0.0340270735323,
        "mean": 0.00324633321725,
        "median": 0.00156804069411,
        "min": 4.31254530153e-22,
        "stdev": 0.00434461608529,
        "var": 1.88756894204e-05
    },
    "spectral_entropy": {
        "dmean": 0.185585960746,
        "dmean2": 0.266253352165,
        "dvar": 0.0364145636559,
        "dvar2": 0.0713098198175,
        "max": 9.80710601807,
        "mean": 7.80755376816,
        "median": 7.81881904602,
        "min": 6.14571094513,
        "stdev": 0.344530105591,
        "var": 0.118700996041
    },
    "spectral_flux": {
        "dmean": 0.0320943072438,
        "dmean2": 0.0505995750427,
        "dvar": 0.0017405829858,
        "dvar2": 0.0039667733945,
        "max": 0.412925481796,
        "mean": 0.0779719054699,
        "median": 0.0587226711214,
        "min": 1.02295685811e-10,
        "stdev": 0.0629446133971,
        "var": 0.00396202458069
    },
    "spectral_kurtosis": {
        "dmean": 1.43382394314,
        "dmean2": 2.3317232132,
        "dvar": 2.05629587173,
        "dvar2": 5.00323581696,
        "max": 14.9282951355,
        "mean": 3.31964850426,
        "median": 3.01189088821,
        "min": -1.22927391529,
        "stdev": 2.04831814766,
        "var": 4.1956076622
    },
    "spectral_rms": {
        "dmean": 0.00126115954481,
        "dmean2": 0.00173023552634,
        "dvar": 2.22855965148e-06,
        "dvar2": 4.76464674648e-06,
        "max": 0.0141173219308,
        "mean": 0.00381820765324,
        "median": 0.00302530103363,
        "min": 3.19518044835e-12,
        "stdev": 0.00291470205411,
        "var": 8.49548814585e-06
    },
    "spectral_rolloff": {
        "dmean": 967.079040527,
        "dmean2": 1506.75695801,
        "dvar": 2306441.25,
        "dvar2": 4092011.75,
        "max": 18906.1523438,
        "mean": 2114.41870117,
        "median": 1378.125,
        "min": 64.599609375,
        "stdev": 2381.89160156,
        "var": 5673407.5
    },
    "spectral_skewness": {
        "dmean": 0.247686356306,
        "dmean2": 0.386486202478,
        "dvar": 0.0534998849034,
        "dvar2": 0.130233392119,
        "max": 2.88534259796,
        "mean": 1.21270608902,
        "median": 1.19264626503,
        "min": -0.0243187434971,
        "stdev": 0.381553500891,
        "var": 0.145583063364
    },
    "spectral_spread": {
        "dmean": 866072.1875,
        "dmean2": 1218323,
        "dvar": 1.29929904128e+12,
        "dvar2": 1.74606830797e+12,
        "max": 41213476,
        "mean": 4535996.5,
        "median": 4179850.5,
        "min": 1472155.625,
        "stdev": 1844491.25,
        "var": 3.40214782362e+12
    },
    "spectral_strongpeak": {
        "dmean": 0.314386337996,
        "dmean2": 0.514026045799,
        "dvar": 0.345458090305,
        "dvar2": 0.929420173168,
        "max": 7.21702528,
        "mean": 0.518146812916,
        "median": 0.370575487614,
        "min": 0,
        "stdev": 0.630675673485,
        "var": 0.397751808167
    },
    "zerocrossingrate": {
        "dmean": 0.0213324483484,
        "dmean2": 0.0224476996809,
        "dvar": 0.00080375187099,
        "dvar2": 0.000904178479686,
        "max": 0.49609375,
        "mean": 0.0763225480914,
        "median": 0.060546875,
        "min": 0.00244140625,
        "stdev": 0.0627850368619,
        "var": 0.0039419606328
    },
    "barkbands": {
        "dmean": [0.000384928105632, 0.00924057234079, 0.00217680772766, 0.000954441085923, 0.000414299021941, 0.000501140893903, 0.00043955311412, 0.000327505607856, 0.000270444579655, 0.000257522682659, 0.000528539181687, 0.000205867239856, 0.000207128745387, 0.000300627230899, 0.000240745954216, 0.000290203082841, 0.000248472526437, 0.000399718206609, 0.000277724204352, 0.000253623584285, 0.000347072782461, 0.000181475246791, 0.000105821032776, 5.8547117078e-05, 7.50273829908e-05, 2.21643640543e-05, 9.17973352443e-07],
        "dmean2": [0.000565976137295, 0.0130407996476, 0.00380553724244, 0.00156981498003, 0.000669673609082, 0.000792404112872, 0.000703075609636, 0.000522986287251, 0.000411463697674, 0.000391659588786, 0.000898895086721, 0.000340221682563, 0.000342352577718, 0.000523791008163, 0.000390957982745, 0.000467144913273, 0.000407818384701, 0.000659004377667, 0.000454897701275, 0.00037666602293, 0.000539441418368, 0.000281485175947, 0.000166157318745, 8.78258651937e-05, 0.000112857305794, 3.5700682929e-05, 1.52192080805e-06],
        "dvar": [7.05573540927e-07, 0.00041071898886, 3.07063673972e-05, 4.49315803053e-06, 6.07401375419e-07, 1.89039826637e-06, 1.33382820877e-06, 9.57220890996e-07, 5.0107161087e-07, 3.75335019953e-07, 2.27972509492e-06, 2.85261108957e-07, 2.70544262548e-07, 7.69342193507e-07, 4.56411584082e-07, 6.39162863081e-07, 5.48515458831e-07, 2.06931053981e-06, 7.46400189655e-07, 6.30377712696e-07, 1.30942794385e-06, 2.90272254233e-07, 6.98785385111e-08, 3.14151087366e-08, 3.22222675209e-08, 3.35368488535e-09, 1.1885499529e-11],
        "dvar2": [1.5674614815e-06, 0.000911630108021, 8.40269567561e-05, 1.15817829283e-05, 1.46350862451e-06, 4.45433397545e-06, 2.94003280032e-06, 2.45494516093e-06, 1.14213719371e-06, 8.26801567655e-07, 5.98649694439e-06, 6.84825010921e-07, 6.40127666429e-07, 2.04048751584e-06, 1.10116411633e-06, 1.52384450303e-06, 1.32204331749e-06, 5.09342316946e-06, 1.87053058198e-06, 1.23269501273e-06, 2.70675946012e-06, 6.8644123985e-07, 1.618151515e-07, 5.81039643066e-08, 7.19035284646e-08, 8.28485369198e-09, 3.08239302138e-11],
        "max": [0.00748895807192, 0.178726255894, 0.053331695497, 0.0182028561831, 0.00789955817163, 0.023610394448, 0.0193445719779, 0.0177109576762, 0.0107777845114, 0.00928252283484, 0.0205481536686, 0.00867736618966, 0.00502604758367, 0.00864399410784, 0.00897870212793, 0.00693320529535, 0.00861395802349, 0.0130305271596, 0.00829666666687, 0.00723693054169, 0.00943558290601, 0.00493082404137, 0.00279159029014, 0.00292811356485, 0.00162931089289, 0.00056192005286, 5.36473053216e-05],
        "mean": [0.000501787755638, 0.0138275027275, 0.00197241734713, 0.000983744626865, 0.000515831925441, 0.000576523016207, 0.000450592575362, 0.000319106475217, 0.000314763543429, 0.000314110802719, 0.000576753925998, 0.000230780453421, 0.000222764734644, 0.000275019119726, 0.000251903664321, 0.000338168465532, 0.000268549076281, 0.000339587044436, 0.000264793459792, 0.000275687547401, 0.000351620692527, 0.000189686470549, 0.000117271898489, 7.41531184758e-05, 7.71539271227e-05, 2.00464419322e-05, 7.43812790915e-07],
        "median": [1.12998277473e-05, 0.000695463968441, 0.000224656076171, 0.000173486201675, 0.000161394127645, 0.000141737604281, 7.78793473728e-05, 4.92772196594e-05, 7.06491991878e-05, 5.01420618093e-05, 7.96587701188e-05, 4.44896249974e-05, 6.51555892546e-05, 8.67040071171e-05, 5.18630877195e-05, 0.000123800506117, 6.81289966451e-05, 4.83690964757e-05, 6.56798656564e-05, 5.71728778596e-05, 5.45340590179e-05, 3.68086693925e-05, 1.81307677849e-05, 1.05618546513e-05, 6.88714635544e-06, 1.46540423884e-06, 3.72319988173e-08],
        "min": [1.91266378887e-23, 2.87231513111e-23, 4.16968713544e-23, 3.64428305337e-23, 7.90723121828e-23, 6.43441465537e-23, 2.1200097247e-23, 7.7126116599e-23, 1.27067442694e-22, 7.17400772607e-23, 6.02693833666e-23, 4.05549289297e-23, 8.52671611409e-23, 5.07041388127e-23, 1.52201737581e-22, 1.13736160401e-22, 9.4849599707e-23, 2.73581884423e-22, 2.73355626493e-22, 2.87105737129e-22, 4.55179558071e-22, 3.98278882138e-22, 6.0595685267e-22, 7.07733086576e-22, 1.29856814465e-21, 1.5560418428e-21, 2.84995689455e-21],
        "stdev": [0.00101566652302, 0.0273795928806, 0.00492648547515, 0.00215744157322, 0.000870526593644, 0.00152932200581, 0.00128286215477, 0.000931768270675, 0.000778879097197, 0.00075841328362, 0.0016638225643, 0.000637131684925, 0.000514371902682, 0.000749483180698, 0.000674545241054, 0.000788227713201, 0.000733928987756, 0.00129914015997, 0.000799023080617, 0.000867268594448, 0.00120016024448, 0.000533137761522, 0.000290523428703, 0.000250967859756, 0.00020355405286, 5.56060149393e-05, 3.07085247186e-06],
        "var": [1.03157856302e-06, 0.00074964214582, 2.42702571995e-05, 4.65455377707e-06, 7.57816565056e-07, 2.33882587963e-06, 1.64573543771e-06, 8.68192159942e-07, 6.06652690749e-07, 5.75190711061e-07, 2.76830564871e-06, 4.05936759762e-07, 2.64578460474e-07, 5.61725016723e-07, 4.5501127488e-07, 6.21302888248e-07, 5.38651761417e-07, 1.68776523424e-06, 6.38437882117e-07, 7.5215484685e-07, 1.44038449434e-06, 2.84235852632e-07, 8.44038581249e-08, 6.29848670997e-08, 4.1434255138e-08, 3.09202885518e-09, 9.43013549193e-12]
    },
    "erbbands": {
        "dmean": [0.358248561621, 1.78853070736, 2.40643262863, 3.18457627296, 1.75183403492, 1.37816560268, 2.33231925964, 4.72871255875, 6.14838171005, 7.08331632614, 6.11791276932, 5.63142728806, 7.64622449875, 13.4572095871, 17.4361000061, 7.67834281921, 8.08670330048, 14.3165388107, 14.9436511993, 12.3766527176, 15.5643415451, 14.262799263, 17.4449443817, 22.9103298187, 10.6410675049, 13.5756702423, 15.7473363876, 11.9023666382, 7.14409303665, 3.59534716606, 3.2094476223, 1.38888382912, 0.947122514248, 0.485045999289, 0.755179047585, 0.194831892848, 0.0324571691453, 0.00343654630706, 0.000125343314721, 1.98487887246e-05],
        "dmean2": [0.481351047754, 2.68792724609, 4.17242622375, 5.38494682312, 2.74446105957, 2.28111577034, 3.84564781189, 7.36678409576, 9.8047876358, 11.3044290543, 9.53600692749, 8.64700031281, 11.6189050674, 21.7921218872, 29.0204181671, 12.4661893845, 13.2436246872, 24.572177887, 25.2025146484, 19.6032524109, 24.9001197815, 23.0452251434, 28.7581329346, 38.278137207, 16.5537071228, 21.0316829681, 23.6844921112, 17.5992412567, 11.0573778152, 5.62200737, 5.02713251114, 2.10146403313, 1.4499655962, 0.713104188442, 1.17055392265, 0.306174904108, 0.0513456165791, 0.00539982132614, 0.000202089271625, 2.92917302431e-05],
        "dvar": [0.665001392365, 15.3733959198, 33.6651344299, 55.1026611328, 11.2647266388, 9.07100200653, 21.0567398071, 220.337799072, 230.369827271, 622.39050293, 233.236679077, 229.386825562, 415.159484863, 1175.56799316, 2807.26733398, 326.448760986, 389.42086792, 1779.45861816, 1917.6619873, 962.413024902, 1875.64978027, 1749.40673828, 3619.29370117, 7196.67871094, 871.494262695, 2109.04272461, 2760.74853516, 1419.33947754, 468.001159668, 87.9999847412, 62.5583572388, 14.6887607574, 8.74140167236, 1.75746238232, 4.02680778503, 0.252109825611, 0.00691827107221, 9.22906183405e-05, 1.70963602386e-07, 1.07730557808e-09],
        "dvar2": [1.34809315205, 37.4640617371, 92.7603302002, 145.697860718, 27.8848247528, 23.4851036072, 53.386177063, 516.542907715, 536.495483398, 1502.19067383, 559.359130859, 500.625732422, 935.529541016, 2951.6652832, 7337.94189453, 786.320678711, 914.359436035, 4565.50976562, 4798.41162109, 2205.04492188, 4368.55566406, 4128.69287109, 9031.04980469, 18181.1054688, 1946.92810059, 4554.45410156, 6151.62939453, 3029.51098633, 1108.39477539, 200.548736572, 141.213363647, 28.5160331726, 16.4047679901, 3.27868366241, 9.43062877655, 0.609979748726, 0.0169717501849, 0.00022351910593, 4.44651249154e-07, 2.62166555132e-09],
        "max": [7.64513874054, 38.5930976868, 52.5625152588, 56.5151557922, 35.8983459473, 31.3772087097, 46.0557060242, 256.946777344, 212.653259277, 441.704589844, 197.301269531, 219.941879272, 319.087371826, 424.950805664, 502.511169434, 276.4715271, 194.661254883, 457.478668213, 462.246459961, 461.297088623, 394.662628174, 444.046447754, 526.751281738, 704.22644043, 370.556427002, 413.695617676, 480.30947876, 311.936004639, 203.880950928, 83.6614837646, 98.5865936279, 58.071395874, 47.9575080872, 25.2723712921, 19.738866806, 5.02203321457, 0.896881043911, 0.109349191189, 0.00624652346596, 0.000249545410043],
        "mean": [0.555981874466, 2.47984004021, 2.46573543549, 3.13342380524, 2.12671947479, 1.59023272991, 2.67330789566, 5.37350702286, 6.39308261871, 7.24603176117, 6.60827684402, 6.68534803391, 9.4064540863, 16.6072921753, 19.2410640717, 9.39786243439, 9.24112606049, 13.1737098694, 14.447303772, 14.7954807281, 18.7862491608, 15.5452871323, 15.4427099228, 19.2222614288, 11.7446107864, 13.6904621124, 15.0504865646, 12.1887607574, 7.41392946243, 4.03806972504, 3.57815361023, 1.72265982628, 1.15588843822, 0.580839395523, 0.715949773788, 0.179832145572, 0.0292482636869, 0.00313773006201, 0.000116636794701, 3.24588290823e-05],
        "median": [0.0147680044174, 0.160484761, 0.453171789646, 0.50675547123, 0.647688627243, 0.381648868322, 0.520425975323, 1.21024644375, 1.26493501663, 1.32329332829, 1.28192257881, 1.42554485798, 1.64080023766, 2.67082166672, 2.5250415802, 2.22405910492, 2.72225928307, 3.42483639717, 3.85151028633, 4.42500400543, 6.77510547638, 4.08921575546, 2.68018889427, 2.78457307816, 3.17540359497, 2.57669043541, 2.37334322929, 1.91295969486, 1.30604112148, 0.905601978302, 0.491980433464, 0.280703216791, 0.142335101962, 0.0755652412772, 0.0437688454986, 0.0115497075021, 0.0020934692584, 0.000235118321143, 1.7249791199e-05, 1.42342469189e-05],
        "min": [1.26710327255e-21, 5.54325111252e-21, 4.14027613402e-20, 1.00346869847e-19, 6.33323275053e-20, 2.4916179315e-19, 6.33210739716e-19, 5.44428410595e-19, 3.95441084758e-19, 4.95075558226e-19, 2.08525222069e-18, 3.05527079501e-18, 2.8528392264e-18, 2.50000285457e-18, 1.61549180133e-18, 2.11766674056e-18, 3.7924121775e-18, 3.09466134257e-18, 5.37290038364e-18, 7.22449538118e-18, 6.64036855674e-18, 6.03634018035e-18, 1.18503631634e-17, 1.39971317722e-17, 1.53558917336e-17, 1.49142087194e-17, 1.67828808607e-17, 1.76837268699e-17, 1.70327109124e-17, 1.47001277594e-17, 1.66750115457e-17, 1.30934468792e-17, 1.37955908703e-17, 1.14428575977e-17, 1.14303506268e-17, 6.50629333279e-18, 2.49899183307e-18, 1.19206042391e-18, 4.29144300322e-19, 4.23342539516e-20],
        "stdev": [1.13926637173, 4.90589570999, 5.36373281479, 7.06746912003, 3.74509191513, 3.05286478996, 5.01442337036, 16.0729904175, 16.2325553894, 24.701625824, 16.1821079254, 17.0742454529, 23.6688289642, 42.6632461548, 55.5182685852, 22.5683403015, 20.0989208221, 37.0684623718, 40.1867599487, 33.484462738, 43.9254570007, 41.9608612061, 54.266708374, 74.855140686, 30.7969379425, 46.5522689819, 53.0994224548, 39.6595954895, 21.3652515411, 9.86489868164, 8.99645805359, 5.20161151886, 4.11058473587, 1.90199303627, 2.04265069962, 0.497280776501, 0.080622471869, 0.0093328114599, 0.000371603207896, 4.53573957202e-05],
        "var": [1.29792773724, 24.0678119659, 28.7696285248, 49.9491195679, 14.0257139206, 9.31998348236, 25.1444396973, 258.341003418, 263.495880127, 610.170288086, 261.860626221, 291.529846191, 560.213500977, 1820.15270996, 3082.27832031, 509.329956055, 403.966583252, 1374.07092285, 1614.97570801, 1121.20935059, 1929.44592285, 1760.71398926, 2944.87548828, 5603.29199219, 948.45135498, 2167.11376953, 2819.54858398, 1572.88354492, 456.473999023, 97.3162307739, 80.9362640381, 27.056760788, 16.8969078064, 3.6175775528, 4.17242193222, 0.247288167477, 0.00649998243898, 8.71013762662e-05, 1.38088950052e-07, 2.05729344671e-09]
    },
    "gfcc": {
        "mean": [-59.5674743652, 70.7194976807, -126.34147644, 50.0907096863, -51.7549667358, 20.6116142273, -31.7262153625, 10.6789836884, -19.9509983063, 8.27645683289, -16.7321453094, 3.02568435669, -8.04767227173],
        "cov": [[7854.40625, 318.709106445, 518.914978027, 372.243652344, 231.43737793, 387.851593018, 142.593093872, 292.251220703, 92.4832382202, 112.135253906, -101.471832275, 105.755317688, -12.7544593811], [318.709106445, 1736.24133301, 125.745018005, -15.4934844971, 339.38885498, -114.184394836, 343.374694824, -56.1616973877, 243.251251221, -70.9486541748, 135.942581177, -80.9955596924, 140.648849487], [518.914978027, 125.745018005, 1226.50292969, 514.712402344, 273.423248291, 233.991226196, 38.0334243774, 67.4070205688, 163.757980347, 104.114807129, 78.0283279419, 44.514289856, 44.6198043823], [372.243652344, -15.4934844971, 514.712402344, 807.627197266, 349.264160156, 88.5921936035, -70.0308761597, -27.970041275, 155.300079346, 88.7744445801, 131.232955933, -2.74917602539, 72.479095459], [231.43737793, 339.38885498, 273.423248291, 349.264160156, 576.514038086, 188.23399353, 121.68775177, 8.82923603058, 133.237030029, 45.8061523438, 89.5870666504, -19.4469242096, 74.9616394043], [387.851593018, -114.184394836, 233.991226196, 88.5921936035, 188.23399353, 317.083129883, 102.72958374, 77.6685562134, 32.2274017334, 12.0880680084, 12.1182489395, 24.3863487244, 13.5788383484], [142.593093872, 343.374694824, 38.0334243774, -70.0308761597, 121.68775177, 102.72958374, 395.371124268, 148.697570801, 66.4474334717, -10.8495645523, 33.3622550964, 10.7938928604, 40.3109931946], [292.251220703, -56.1616973877, 67.4070205688, -27.970041275, 8.82923603058, 77.6685562134, 148.697570801, 215.559188843, 57.0008888245, 43.0061645508, 9.38891601562, 19.9488506317, -2.81415939331], [92.4832382202, 243.251251221, 163.757980347, 155.300079346, 133.237030029, 32.2274017334, 66.4474334717, 57.0008888245, 216.640426636, 80.5658493042, 76.3501815796, 7.20080280304, 46.9605751038], [112.135253906, -70.9486541748, 104.114807129, 88.7744445801, 45.8061523438, 12.0880680084, -10.8495645523, 43.0061645508, 80.5658493042, 137.299758911, 39.4677658081, 26.5137271881, 5.07934904099], [-101.471832275, 135.942581177, 78.0283279419, 131.232955933, 89.5870666504, 12.1182489395, 33.3622550964, 9.38891601562, 76.3501815796, 39.4677658081, 125.178009033, 25.4094696045, 46.1799316406], [105.755317688, -80.9955596924, 44.514289856, -2.74917602539, -19.4469242096, 24.3863487244, 10.7938928604, 19.9488506317, 7.20080280304, 26.5137271881, 25.4094696045, 83.7919616699, 21.2310199738], [-12.7544593811, 140.648849487, 44.6198043823, 72.479095459, 74.9616394043, 13.5788383484, 40.3109931946, -2.81415939331, 46.9605751038, 5.07934904099, 46.1799316406, 21.2310199738, 101.518783569]],
        "icov": [[0.000189933867659, -0.000295551668387, 9.93972425931e-05, -0.000310050498229, 0.000149118131958, -0.000392512738472, 0.000228248361964, -0.000419269985287, 0.000280619831756, -0.000291459378786, 0.000604594999459, -0.000527751166373, 0.000171263018274], [-0.000295551668387, 0.00229559093714, -0.000721401884221, 0.00154118670616, -0.00126719661057, 0.00225288025104, -0.00180519500282, 0.00199667364359, -0.00238187378272, 0.00203719665296, -0.0021290932782, 0.00232048961334, -0.00111119810026], [9.93972425931e-05, -0.000721401884221, 0.00156151445117, -0.00129511277191, 0.000532372388989, -0.00145030068234, 0.000479292211821, -0.000635561824311, 0.000294391997159, -0.000873381330166, 0.00108932040166, -0.00127088883892, 0.000521004374605], [-0.000310050498229, 0.00154118670616, -0.00129511277191, 0.00379014690407, -0.00198600161821, 0.00184818159323, -0.00014112565259, 0.00137095910031, -0.00183471967466, 0.00121244671755, -0.00320946518332, 0.00245366478339, -0.00126276619267], [0.000149118131958, -0.00126719661057, 0.000532372388989, -0.00198600161821, 0.004389250651, -0.00312912999652, -0.000160656287335, 0.000204019277589, 0.00067056750413, -0.00183667184319, 0.00064749509329, 0.000576050777454, -0.000428066123277], [-0.000392512738472, 0.00225288025104, -0.00145030068234, 0.00184818159323, -0.00312912999652, 0.00747690303251, -0.0019908696413, 0.000517172680702, -0.00170777528547, 0.00281396647915, -0.00157408497762, 0.000594745099079, -0.000496442313306], [0.000228248361964, -0.00180519500282, 0.000479292211821, -0.00014112565259, -0.000160656287335, -0.0019908696413, 0.00607813335955, -0.00465435674414, 0.00122391991317, 0.00021072733216, 0.00066426768899, -0.00173395336606, -0.000254071172094], [-0.000419269985287, 0.00199667364359, -0.000635561824311, 0.00137095910031, 0.000204019277589, 0.000517172680702, -0.00465435674414, 0.0100276423618, -0.00333691807464, -0.000627917994279, -0.00148935103789, 0.00182227778714, 0.000259287713561], [0.000280619831756, -0.00238187378272, 0.000294391997159, -0.00183471967466, 0.00067056750413, -0.00170777528547, 0.00122391991317, -0.00333691807464, 0.0110750710592, -0.00571160297841, -0.000374928000383, -0.000382320518838, -0.000916327931918], [-0.000291459378786, 0.00203719665296, -0.000873381330166, 0.00121244671755, -0.00183667184319, 0.00281396647915, 0.00021072733216, -0.000627917994279, -0.00571160297841, 0.0134962564334, -0.00306481681764, -0.00143622350879, 0.00119926198386], [0.000604594999459, -0.0021290932782, 0.00108932040166, -0.00320946518332, 0.00064749509329, -0.00157408497762, 0.00066426768899, -0.00148935103789, -0.000374928000383, -0.00306481681764, 0.016069823876, -0.00613534962758, -0.00143442885019], [-0.000527751166373, 0.00232048961334, -0.00127088883892, 0.00245366478339, 0.000576050777454, 0.000594745099079, -0.00173395336606, 0.00182227778714, -0.000382320518838, -0.00143622350879, -0.00613534962758, 0.0190085433424, -0.00517600495368], [0.000171263018274, -0.00111119810026, 0.000521004374605, -0.00126276619267, -0.000428066123277, -0.000496442313306, -0.000254071172094, 0.000259287713561, -0.000916327931918, 0.00119926198386, -0.00143442885019, -0.00517600495368, 0.0146733913571]]
    },
    "melbands": {
        "dmean": [0.00284120393917, 0.00145442783833, 0.000487613608129, 9.64788487181e-05, 7.63262869441e-05, 0.000104670885776, 9.38122539083e-05, 7.692676445e-05, 4.62890966446e-05, 3.78970653401e-05, 3.81484605896e-05, 5.20943285665e-05, 6.48371787975e-05, 2.87558523269e-05, 1.98378838832e-05, 2.12715804082e-05, 2.68584572041e-05, 2.63767215074e-05, 1.73607859324e-05, 1.87606983673e-05, 1.82292642421e-05, 1.46262664202e-05, 1.48718863784e-05, 1.90654282051e-05, 1.94432850549e-05, 7.80923073762e-06, 7.27345286577e-06, 9.44727707974e-06, 1.01845698737e-05, 7.95141750132e-06, 6.78568858348e-06, 4.4519902076e-06, 2.76886453321e-06, 1.79506457698e-06, 2.04780735658e-06, 1.13848579986e-06, 8.00764325959e-07, 7.48173931697e-07, 5.13229224453e-07, 3.58717386462e-07],
        "dmean2": [0.00389295723289, 0.00235314760357, 0.000813854217995, 0.000150084204506, 0.000126278129756, 0.000163550430443, 0.000148787235958, 0.000122308309074, 7.17131479178e-05, 5.80752384849e-05, 5.83192304475e-05, 8.35702085169e-05, 0.000109235013952, 4.74253392895e-05, 3.27639754687e-05, 3.49469410139e-05, 4.64558252133e-05, 4.51406413049e-05, 2.85722398985e-05, 2.92671247735e-05, 2.92883050861e-05, 2.39196142502e-05, 2.46823892667e-05, 3.15248507832e-05, 3.28079440806e-05, 1.23453364722e-05, 1.12866964628e-05, 1.456064183e-05, 1.52861339302e-05, 1.2064189832e-05, 1.02856010926e-05, 7.08916104486e-06, 4.3267291403e-06, 2.88460864795e-06, 3.21796369462e-06, 1.79123935595e-06, 1.2165572798e-06, 1.16611556678e-06, 7.7693186995e-07, 5.26777967025e-07],
        "dvar": [4.03261983593e-05, 9.29104589886e-06, 1.19674780308e-06, 3.11469214864e-08, 2.2058820548e-08, 9.94892488393e-08, 5.32825126243e-08, 7.12380483492e-08, 1.22439809402e-08, 1.07991295906e-08, 1.04017807701e-08, 1.68592286798e-08, 3.67932599943e-08, 6.59007204362e-09, 1.89809123974e-09, 3.420896455e-09, 6.26964347106e-09, 5.86719517415e-09, 2.41194975104e-09, 2.34497821161e-09, 2.55636645186e-09, 1.72796887909e-09, 2.56083798611e-09, 4.54939019789e-09, 5.36511102212e-09, 4.49810522163e-10, 4.58070442688e-10, 1.06549824519e-09, 1.18646148461e-09, 6.34829022683e-10, 4.86481521733e-10, 2.01958755275e-10, 5.63512153606e-11, 2.30459002576e-11, 2.52398536099e-11, 8.27268201858e-12, 5.85175744666e-12, 5.96033292166e-12, 2.3678841006e-12, 1.02677447707e-12],
        "dvar2": [8.56140250107e-05, 2.47340176429e-05, 3.13522855322e-06, 7.48640047732e-08, 5.60389423754e-08, 2.31689242014e-07, 1.21900626482e-07, 1.77378609578e-07, 2.90806898562e-08, 2.38706281408e-08, 2.34736408089e-08, 4.22709760528e-08, 9.68698543602e-08, 1.67393974237e-08, 4.95982233062e-09, 8.0682891479e-09, 1.63705635714e-08, 1.49166368146e-08, 6.27871754588e-09, 5.45924727646e-09, 6.02123595428e-09, 4.11318401561e-09, 6.40486330639e-09, 1.12294458177e-08, 1.36595863509e-08, 1.07522368786e-09, 8.97007024214e-10, 2.38101849348e-09, 2.71472977431e-09, 1.28524457743e-09, 1.11166165162e-09, 5.10825493016e-10, 1.21141971454e-10, 5.63693362821e-11, 5.67939931195e-11, 1.89273614143e-11, 1.1055288629e-11, 1.12540142136e-11, 4.86959214271e-12, 1.92611681812e-12],
        "max": [0.0563176460564, 0.0273924972862, 0.00855016801506, 0.00197497662157, 0.0015791360056, 0.00539604015648, 0.00365055655129, 0.0050588757731, 0.00139343005139, 0.00143166072667, 0.00161967903841, 0.00162945373449, 0.00242233718745, 0.00109870010056, 0.000469902937766, 0.00054671720136, 0.000843968358822, 0.000673713977449, 0.000659620389342, 0.000579083687626, 0.000510708137881, 0.000449749670224, 0.000490652979352, 0.000556435959879, 0.000609029957559, 0.000312024989398, 0.000296849466395, 0.00029887034907, 0.000320511317113, 0.000215022286284, 0.000200094087631, 0.000145770900417, 6.69794899295e-05, 4.29882456956e-05, 5.61700508115e-05, 4.45935947937e-05, 4.48024802608e-05, 4.05314895033e-05, 2.77063991234e-05, 1.92116240214e-05],
        "mean": [0.00434393016621, 0.00185392983258, 0.000505091331434, 0.000122087920317, 8.8942979346e-05, 0.000119801326946, 9.79957258096e-05, 7.80061163823e-05, 5.05691205035e-05, 4.40005387645e-05, 4.6499655582e-05, 6.37305274722e-05, 7.23222910892e-05, 3.07057453028e-05, 2.28668395721e-05, 2.17872038775e-05, 2.37638214458e-05, 2.43186841544e-05, 1.80681854545e-05, 2.23093629756e-05, 2.12701397686e-05, 1.61278512678e-05, 1.34894062285e-05, 1.60726449394e-05, 1.59297505888e-05, 8.45214526635e-06, 8.23349728307e-06, 9.1783103926e-06, 9.51589117903e-06, 8.22766196507e-06, 6.61272815705e-06, 4.38941560787e-06, 3.00567216982e-06, 1.93196888176e-06, 2.30078535424e-06, 1.21971174849e-06, 1.00730812846e-06, 9.00053692021e-07, 5.84887345667e-07, 4.26695379474e-07],
        "median": [0.000173453765456, 0.000263829540927, 0.000100427336292, 4.15381873609e-05, 1.68418755493e-05, 2.86705471808e-05, 1.85769858945e-05, 1.25907918118e-05, 1.07682617454e-05, 8.91897707334e-06, 7.79710626375e-06, 1.01517098301e-05, 9.60158013186e-06, 4.13033922086e-06, 7.75692842581e-06, 5.4038032431e-06, 5.84189228903e-06, 6.16797615294e-06, 4.0714617171e-06, 7.76727483753e-06, 7.13951567377e-06, 4.2422293518e-06, 2.30596492656e-06, 2.41771067522e-06, 2.07077141567e-06, 2.32542129197e-06, 2.09446238841e-06, 1.49212871747e-06, 1.43700549415e-06, 1.20225627143e-06, 9.60381726145e-07, 7.12654298241e-07, 6.15440114871e-07, 3.7817542875e-07, 2.81066974139e-07, 1.70266375221e-07, 1.49218948309e-07, 9.8651938174e-08, 7.69638432985e-08, 5.26492520692e-08],
        "min": [1.09098839992e-23, 1.69730649724e-23, 1.54368845772e-23, 9.62294657361e-24, 2.21450800362e-23, 1.18648182688e-23, 5.82851378658e-24, 6.4459682333e-24, 1.85258714e-23, 1.91600161714e-23, 1.40696119237e-23, 1.01541118646e-23, 7.1836466597e-24, 3.58928477546e-24, 7.86738396069e-24, 8.55227299861e-24, 4.82462399253e-24, 7.06249971277e-24, 1.21065331387e-23, 7.91200903324e-24, 7.57913576365e-24, 6.24226659821e-24, 7.00759657148e-24, 1.37215333601e-23, 1.03478064047e-23, 1.30745751211e-23, 8.65560036656e-24, 9.99829526978e-24, 8.67269892668e-24, 1.26001383955e-23, 8.65854912862e-24, 1.04410047987e-23, 6.96376430415e-24, 8.64392049199e-24, 9.58871395463e-24, 8.15661981159e-24, 8.55082780543e-24, 9.36476028794e-24, 1.02301832995e-23, 8.93292126234e-24],
        "stdev": [0.00875034462661, 0.00338142854162, 0.00107222620863, 0.000202942333999, 0.000162184951478, 0.000343912804965, 0.000252165889833, 0.000256788101979, 0.000120288837934, 0.000115109265607, 0.000118351978017, 0.000162753611221, 0.000205516902497, 8.82991953404e-05, 4.70434206363e-05, 5.66410999454e-05, 6.83651960571e-05, 6.88754371367e-05, 4.67696045234e-05, 5.01689901284e-05, 5.0975359045e-05, 4.24371610279e-05, 4.58313370473e-05, 6.08393747825e-05, 6.39923309791e-05, 2.14833326027e-05, 2.33588089031e-05, 3.24664651998e-05, 3.42657622241e-05, 2.70931832347e-05, 2.21184836846e-05, 1.32253435368e-05, 7.93712933955e-06, 4.84958127345e-06, 5.84346662436e-06, 3.21598395203e-06, 3.37739857059e-06, 3.36159155268e-06, 2.02717728826e-06, 1.45562000853e-06],
        "var": [7.65685254009e-05, 1.14340582513e-05, 1.1496690604e-06, 4.11855900495e-08, 2.63039563464e-08, 1.18276020089e-07, 6.35876418187e-08, 6.59401280245e-08, 1.44694052295e-08, 1.32501432049e-08, 1.40071900745e-08, 2.64887400903e-08, 4.22371968511e-08, 7.796748136e-09, 2.2130832722e-09, 3.20821413879e-09, 4.67379956959e-09, 4.74382622073e-09, 2.18739582003e-09, 2.51692755526e-09, 2.59848720319e-09, 1.80091275226e-09, 2.10051154248e-09, 3.70142960726e-09, 4.09501854648e-09, 4.6153361688e-10, 5.45633982441e-10, 1.05407138573e-09, 1.17414256096e-09, 7.34040606076e-10, 4.89227325318e-10, 1.74909711714e-10, 6.29980234645e-11, 2.35184371977e-11, 3.41461026121e-11, 1.03425523354e-11, 1.14068208004e-11, 1.13002983707e-11, 4.10944759124e-12, 2.11882963431e-12]
    },
    "melbands128": {
