{
"lowlevel": {
    "average_loudness": 0.92899954319,
    "barkbands_crest": {
        "dmean": 2.25219321251,
        "dmean2": 3.74901509285,
        "dvar": 3.93893432617,
        "dvar2": 10.7516078949,
        "max": 23.8418426514,
        "mean": 10.9277486801,
        "median": 10.6053028107,
        "min": 4.47673892975,
        "stdev": 3.10713768005,
        "var": 9.65430450439
    },
    "barkbands_flatness_db": {
        "dmean": 0.0243630874902,
        "dmean2": 0.035421770066,
        "dvar": 0.000559632782824,
        "dvar2": 0.00121556851082,
        "max": 0.377650201321,
        "mean": 0.200135275722,
        "median": 0.194732964039,
        "min": 0.0754431113601,
        "stdev": 0.0531434230506,
        "var": 0.0028242233675
    },
    "barkbands_kurtosis": {
        "dmean": 5.5374546051,
        "dmean2": 8.80922889709,
        "dvar": 102.142112732,
        "dvar2": 263.080596924,
        "max": 236.055328369,
        "mean": 12.4175481796,
        "median": 9.09109210968,
        "min": -1.3112859726,
        "stdev": 13.4184589386,
        "var": 180.055038452
    },
    "barkbands_skewness": {
        "dmean": 0.588422954082,
        "dmean2": 0.911233067513,
        "dvar": 0.445013850927,
        "dvar2": 1.11210906506,
        "max": 12.2611618042,
        "mean": 2.57371997833,
        "median": 2.41000509262,
        "min": -0.124946705997,
        "stdev": 1.16416668892,
        "var": 1.35528409481
    },
    "barkbands_spread": {
        "dmean": 3.05682253838,
        "dmean2": 4.79927349091,
        "dvar": 27.4681186676,
        "dvar2": 56.6432380676,
        "max": 75.5776519775,
        "mean": 9.38405990601,
        "median": 7.08424901962,
        "min": 0.701282858849,
        "stdev": 8.66832447052,
        "var": 75.1398468018
    },
    "dissonance": {
        "dmean": 0.0282649882138,
        "dmean2": 0.0468352511525,
        "dvar": 0.00065200944664,
        "dvar2": 0.00176296627615,
        "max": 0.498015314341,
        "mean": 0.429115146399,
        "median": 0.435802161694,
        "min": 0.0781235769391,
        "stdev": 0.040093485266,
        "var": 0.00160748744383
    },
    "dynamic_complexity": 2.56382846832,
    "erbbands_crest": {
        "dmean": 2.14831900597,
        "dmean2": 3.40281319618,
        "dvar": 4.19185733795,
        "dvar2": 10.3427715302,
        "max": 27.1338596344,
        "mean": 9.3879365921,
        "median": 8.61757564545,
        "min": 3.05436110497,
        "stdev": 3.60473179817,
        "var": 12.9940919876
    },
    "erbbands_flatness_db": {
        "dmean": 0.0186219587922,
        "dmean2": 0.0246386900544,
        "dvar": 0.000339988269843,
        "dvar2": 0.000636011711322,
        "max": 0.316363871098,
        "mean": 0.171889707446,
        "median": 0.171962827444,
        "min": 0.056632231921,
        "stdev": 0.0449928566813,
        "var": 0.00202435720712
    },
    "erbbands_kurtosis": {
        "dmean": 1.22045373917,
        "dmean2": 1.90150368214,
        "dvar": 2.26537060738,
        "dvar2": 5.48627948761,
        "max": 24.4595584869,
        "mean": 1.87637245655,
        "median": 1.26135730743,
        "min": -1.79554486275,
        "stdev": 2.59590601921,
        "var": 6.73872852325
    },
    "erbbands_skewness": {
        "dmean": 0.336968660355,
        "dmean2": 0.512163698673,
        "dvar": 0.105821423233,
        "dvar2": 0.245274528861,
        "max": 3.76999020576,
        "mean": 1.04178261757,
        "median": 1.0026819706,
        "min": -1.45598995686,
        "stdev": 0.652154445648,
        "var": 0.425305426121
    },
    "erbbands_spread": {
        "dmean": 6.89129781723,
        "dmean2": 10.1290922165,
        "dvar": 101.502334595,
        "dvar2": 216.805938721,
        "max": 148.413864136,
        "mean": 32.0960769653,
        "median": 26.6913566589,
        "min": 5.45590829849,
        "stdev": 19.3802757263,
        "var": 375.595123291
    },
    "hfc": {
        "dmean": 3.98604536057,
        "dmean2": 5.68158769608,
        "dvar": 33.6834220886,
        "dvar2": 76.2678451538,
        "max": 74.7018051147,
        "mean": 14.1361370087,
        "median": 11.0802383423,
        "min": 0.000346825720044,
        "stdev": 11.3584899902,
        "var": 129.015304565
    },
    "loudness_ebu128": {
        "integrated": -12.8904724121,
        "loudness_range": 3.76639270782,
        "momentary": {
            "dmean": 0.598190009594,
            "dmean2": 0.65962857008,
            "dvar": 0.321591466665,
            "dvar2": 0.472464293242,
            "max": -10.1206817627,
            "mean": -13.3677978516,
            "median": -12.6485233307,
            "min": -19.5101985931,
            "stdev": 2.20115971565,
            "var": 4.84510421753
        },
        "short_term": {
            "dmean": 0.102581501007,
            "dmean2": 0.0933615267277,
            "dvar": 0.00704502640292,
            "dvar2": 0.00863565783948,
            "max": -11.1061134338,
            "mean": -13.0065193176,
            "median": -12.9232273102,
            "min": -16.744102478,
            "stdev": 1.28789281845,
            "var": 1.65866804123
        }
    },
    "melbands_crest": {
        "dmean": 2.56453561783,
        "dmean2": 4.23311710358,
        "dvar": 5.5136847496,
        "dvar2": 15.390537262,
        "max": 33.2106819153,
        "mean": 14.1853818893,
        "median": 13.6153964996,
        "min": 5.24530935287,
        "stdev": 4.0802116394,
        "var": 16.6481266022
    },
    "melbands_flatness_db": {
        "dmean": 0.0267782676965,
        "dmean2": 0.0395765639842,
        "dvar": 0.000713787216228,
        "dvar2": 0.00158651114907,
        "max": 0.501789927483,
        "mean": 0.289196074009,
        "median": 0.284695029259,
        "min": 0.11988004297,
        "stdev": 0.0647189840674,
        "var": 0.00418854737654
    },
    "melbands_kurtosis": {
        "dmean": 8.91563892365,
        "dmean2": 14.0489187241,
        "dvar": 243.175872803,
        "dvar2": 578.227661133,
        "max": 245.595092773,
        "mean": 21.2828979492,
        "median": 14.765499115,
        "min": -1.04059410095,
        "stdev": 22.2470302582,
        "var": 494.930358887
    },
    "melbands_skewness": {
        "dmean": 0.680747509003,
        "dmean2": 1.04877924919,
        "dvar": 0.606617808342,
        "dvar2": 1.49345672131,
        "max": 12.2769775391,
        "mean": 3.10062479973,
        "median": 2.85782313347,
        "min": -0.0708168968558,
        "stdev": 1.46982896328,
        "var": 2.16039729118
    },
    "melbands_spread": {
        "dmean": 2.54364418983,
        "dmean2": 4.07309675217,
        "dvar": 15.6473093033,
        "dvar2": 39.0936164856,
        "max": 57.9754524231,
        "mean": 8.55779838562,
        "median": 6.73643636703,
        "min": 0.637154459953,
        "stdev": 6.07321548462,
        "var": 36.8839454651
    },
    "pitch_salience": {
        "dmean": 0.0585480630398,
        "dmean2": 0.0963431969285,
        "dvar": 0.00330138136633,
        "dvar2": 0.00896379072219,
        "max": 0.932335317135,
        "mean": 0.5740660429,
        "median": 0.573532581329,
        "min": 0.182716578245,
        "stdev": 0.0870916172862,
        "var": 0.00758495042101
    },
    "silence_rate_20dB": {
        "dmean": 0,
        "dmean2": 0,
        "dvar": 0,
        "dvar2": 0,
        "max": 1,
        "mean": 1,
        "median": 1,
        "min": 1,
        "stdev": 0,
        "var": 0
    },
    "silence_rate_30dB": {
        "dmean": 0.0216718260199,
        "dmean2": 0.0433772280812,
        "dvar": 0.0212020017207,
        "dvar2": 0.0492412522435,
        "max": 1,
        "mean": 0.965197205544,
        "median": 1,
        "min": 0,
        "stdev": 0.183280691504,
        "var": 0.0335918106139
    },
    "silence_rate_60dB": {
        "dmean": 0.00232198135927,
        "dmean2": 0.00387296662666,
        "dvar": 0.00231661926955,
        "dvar2": 0.00385787454434,
        "max": 1,
        "mean": 0.00309358071536,
        "median": 0,
        "min": 0,
        "stdev": 0.0555338338017,
        "var": 0.00308400671929
    },
    "spectral_centroid": {
        "dmean": 107.828933716,
        "dmean2": 171.85697937,
        "dvar": 25324.4667969,
        "dvar2": 57726.328125,
        "max": 2557.90209961,
        "mean": 527.957092285,
        "median": 455.152709961,
        "min": 157.957580566,
        "stdev": 265.736175537,
        "var": 70615.7109375
    },
    "spectral_complexity": {
        "dmean": 2.02244591713,
        "dmean2": 3.14872193336,
        "dvar": 3.98324322701,
        "dvar2": 8.27066421509,
        "max": 32,
        "mean": 12.5483369827,
        "median": 12,
        "min": 0,
        "stdev": 4.50333356857,
        "var": 20.2800140381
    },
    "spectral_decrease": {
        "dmean": 2.98931790432e-09,
        "dmean2": 4.81578732447e-09,
        "dvar": 2.69105874588e-17,
        "dvar2": 6.42600023422e-17,
        "max": -1.32352868899e-13,
        "mean": -1.00434860428e-08,
        "median": -8.58574455975e-09,
        "min": -8.53011101754e-08,
        "stdev": 8.22817636248e-09,
        "var": 6.77028868703e-17
    },
    "spectral_energy": {
        "dmean": 0.0115477116778,
        "dmean2": 0.0185536630452,
        "dvar": 0.000394403323298,
        "dvar2": 0.000940779980738,
        "max": 0.326092272997,
        "mean": 0.0391886197031,
        "median": 0.0333705022931,
        "min": 5.30987222191e-07,
        "stdev": 0.0316478572786,
        "var": 0.00100158690475
    },
    "spectral_energyband_high": {
        "dmean": 0.000159742630785,
        "dmean2": 0.000227127005928,
        "dvar": 1.92499058471e-07,
        "dvar2": 3.86832567756e-07,
        "max": 0.0088274339214,
        "mean": 0.00030238967156,
        "median": 0.000134323898237,
        "min": 2.8534947738e-09,
        "stdev": 0.000635924923699,
        "var": 4.04400481102e-07
    },
    "spectral_energyband_low": {
        "dmean": 0.00632017757744,
        "dmean2": 0.0103879347444,
        "dvar": 0.000281908694888,
        "dvar2": 0.000676036230288,
        "max": 0.290266394615,
        "mean": 0.0162386707962,
        "median": 0.00819864030927,
        "min": 3.28971125896e-08,
        "stdev": 0.024931659922,
        "var": 0.000621587620117
    },
    "spectral_energyband_middle_high": {
        "dmean": 0.00102461886127,
        "dmean2": 0.00140702002682,
        "dvar": 5.07929007654e-06,
        "dvar2": 1.21517095977e-05,
        "max": 0.034115858376,
        "mean": 0.00277593312785,
        "median": 0.00119070860092,
        "min": 7.51334283677e-08,
        "stdev": 0.00403046002612,
        "var": 1.62446085596e-05
    },
    "spectral_energyband_middle_low": {
        "dmean": 0.00795475207269,
        "dmean2": 0.0131027493626,
        "dvar": 0.000118433643365,
        "dvar2": 0.000325581146171,
        "max": 0.113449908793,
        "mean": 0.0228030383587,
        "median": 0.0183876492083,
        "min": 4.2918361487e-07,
        "stdev": 0.0165656451136,
        "var": 0.000274420628557
    },
    "spectral_entropy": {
        "dmean": 0.234048381448,
        "dmean2": 0.327820628881,
        "dvar": 0.0577568858862,
        "dvar2": 0.123355261981,
        "max": 8.57825946808,
        "mean": 6.86906147003,
        "median": 6.87674093246,
        "min": 5.48951673508,
        "stdev": 0.528369486332,
        "var": 0.27917432785
    },
    "spectral_flux": {
        "dmean": 0.0276124123484,
        "dmean2": 0.0428413748741,
        "dvar": 0.0012930376688,
        "dvar2": 0.00278374948539,
        "max": 0.532252788544,
        "mean": 0.0771884843707,
        "median": 0.0651878044009,
        "min": 0.000728688726667,
        "stdev": 0.0529620870948,
        "var": 0.00280498270877
    },
    "spectral_kurtosis": {
        "dmean": 3.51568436623,
        "dmean2": 5.41816902161,
        "dvar": 24.916021347,
        "dvar2": 55.0638809204,
        "max": 87.4504852295,
        "mean": 10.2570943832,
        "median": 7.4374628067,
        "min": -0.721580266953,
        "stdev": 9.74484729767,
        "var": 94.9620513916
    },
    "spectral_rms": {
        "dmean": 0.000847659248393,
        "dmean2": 0.00134040962439,
        "dvar": 1.23826555409e-06,
        "dvar2": 2.79889468402e-06,
        "max": 0.0178364459425,
        "mean": 0.00575749529526,
        "median": 0.00570583809167,
        "min": 2.27604123211e-05,
        "stdev": 0.00225478294306,
        "var": 5.08404582433e-06
    },
    "spectral_rolloff": {
        "dmean": 176.831802368,
        "dmean2": 298.494842529,
        "dvar": 274006.375,
        "dvar2": 546186.5,
        "max": 8613.28125,
        "mean": 597.566467285,
        "median": 452.197265625,
        "min": 64.599609375,
        "stdev": 774.30657959,
        "var": 599550.6875
    },
    "spectral_skewness": {
        "dmean": 0.346030592918,
        "dmean2": 0.520251452923,
        "dvar": 0.134119778872,
        "dvar2": 0.285792142153,
        "max": 7.04667377472,
        "mean": 2.52441811562,
        "median": 2.37903046608,
        "min": 0.289989560843,
        "stdev": 0.853934764862,
        "var": 0.729204595089
    },
    "spectral_spread": {
        "dmean": 811232.3125,
        "dmean2": 1085265.875,
        "dvar": 971108712448,
        "dvar2": 1.68343529062e+12,
        "max": 18655626,
        "mean": 4417967,
        "median": 4265719.5,
        "min": 926770.3125,
        "stdev": 1942196.75,
        "var": 3.77212816589e+12
    },
    "spectral_strongpeak": {
        "dmean": 0.367593050003,
        "dmean2": 0.636759400368,
        "dvar": 0.269160300493,
        "dvar2": 0.675574660301,
        "max": 5.80604171753,
        "mean": 0.799971878529,
        "median": 0.595815598965,
        "min": 0.000842301291414,
        "stdev": 0.774695575237,
        "var": 0.600153207779
    },
    "zerocrossingrate": {
        "dmean": 0.00693873362616,
        "dmean2": 0.00846001133323,
        "dvar": 7.80874033808e-05,
        "dvar2": 8.31611614558e-05,
        "max": 0.20068359375,
        "mean": 0.0306261479855,
        "median": 0.0263671875,
        "min": 0.00390625,
        "stdev": 0.0215572547168,
        "var": 0.000464715209091
    },
    "barkbands": {
        "dmean": [0.000233148501138, 0.00239670462906, 0.00354446819983, 0.00387912127189, 0.00382543122396, 0.00120254664216, 0.00104316195939, 0.000864314381033, 0.000595204648562, 0.000320502382237, 0.000203495146707, 0.000306221598294, 0.000256628292846, 0.000166463229107, 0.000126655722852, 9.44601706578e-05, 5.09216115461e-05, 4.25450816692e-05, 1.61040661624e-05, 2.47536336246e-05, 2.42082678596e-05, 3.33733587468e-05, 2.78874431388e-05, 3.62505707017e-05, 3.70515299437e-05, 2.1877584004e-05, 2.60611204794e-06],
        "dmean2": [0.000292502925731, 0.00380297214724, 0.00600516982377, 0.00659479293972, 0.00625627115369, 0.00182425486855, 0.0015785319265, 0.00126226083376, 0.000831608776934, 0.000476705026813, 0.000303894659737, 0.000427235994721, 0.000397153868107, 0.000268031406449, 0.000184762218851, 0.000136000409839, 7.95155647211e-05, 6.53686220176e-05, 2.46129729931e-05, 3.73087314074e-05, 3.70883535652e-05, 4.88273835799e-05, 4.18802592321e-05, 5.49541728105e-05, 5.57325474801e-05, 3.39331891155e-05, 4.30793807027e-06],
        "dvar": [1.22360211208e-06, 0.000117746989417, 0.000113539048471, 3.69476038031e-05, 3.6303728848e-05, 5.30587385583e-06, 4.6019608817e-06, 6.70025610816e-06, 4.12091912949e-06, 5.34898447313e-07, 2.86797558147e-07, 7.38428298064e-07, 1.23053496281e-06, 4.68532931563e-07, 1.26970590486e-07, 5.01593433455e-08, 1.52109631557e-08, 7.64986829438e-09, 1.33756916654e-09, 1.93140414773e-09, 6.16004758314e-09, 1.96479739145e-08, 5.6973714635e-09, 7.10101488721e-09, 9.68406066448e-09, 2.01402383659e-09, 4.34315847175e-11],
        "dvar2": [1.60961758411e-06, 0.000263008259935, 0.00032369143446, 0.0001043061784, 0.000105137005448, 1.19130481835e-05, 1.12417492346e-05, 1.52598313434e-05, 9.26462507778e-06, 1.05833612452e-06, 5.67529639284e-07, 1.5488100189e-06, 3.28678561345e-06, 1.27079920276e-06, 2.98829775147e-07, 9.61107673447e-08, 3.83340861276e-08, 1.637592284e-08, 2.80788303719e-09, 4.13221679096e-09, 1.59260444832e-08, 3.75325726054e-08, 1.20323369046e-08, 1.4796230019e-08, 2.07796109208e-08, 4.48916548379e-09, 1.12437122113e-10],
        "max": [0.0208325888962, 0.179226994514, 0.178419709206, 0.0499294176698, 0.056707829237, 0.0385632961988, 0.0326506085694, 0.0595419742167, 0.0480914823711, 0.0179332867265, 0.0103657096624, 0.0178193878382, 0.0219313967973, 0.0108421826735, 0.00597364082932, 0.00447882572189, 0.00193521240726, 0.00117342919111, 0.00068398314761, 0.000642505590804, 0.00167657423299, 0.00254520820454, 0.00170605978929, 0.00136696873233, 0.0022683122661, 0.000600613828283, 6.00896673859e-05],
        "mean": [0.00062145863194, 0.00717982882634, 0.00563154742122, 0.00667682057247, 0.00812330283225, 0.00273738242686, 0.00212081545033, 0.00168777687941, 0.00120576354675, 0.000681310310028, 0.000385461898986, 0.000616325298324, 0.000371531874407, 0.000205882897717, 0.00020542468701, 0.000184856296983, 0.000100283235952, 8.97712816368e-05, 2.99995299429e-05, 4.96004613524e-05, 3.83124715881e-05, 4.7406538215e-05, 4.81429196952e-05, 6.2071812863e-05, 5.68119321542e-05, 2.85041987809e-05, 2.23359870688e-06],
        "median": [1.06410334411e-06, 0.000428937171819, 0.00225950079039, 0.00338349328376, 0.00542432488874, 0.00133088661823, 0.000750670209527, 0.000577960803639, 0.000298918341286, 0.000217739114305, 0.00012679467909, 9.89956533886e-05, 7.59791073506e-05, 5.94956036366e-05, 5.31379773747e-05, 4.42952332378e-05, 3.63282015314e-05, 2.53399102803e-05, 1.50882115122e-05, 1.98300822376e-05, 1.52876182256e-05, 9.39644269238e-06, 1.49663856064e-05, 1.99725745915e-05, 1.80266597454e-05, 9.24401228986e-06, 2.26902216127e-07],
        "min": [8.90069518089e-10, 1.37337732298e-08, 9.60270973849e-09, 1.03467865387e-08, 3.20519752961e-08, 3.87646288402e-08, 3.93867658488e-08, 8.71390568591e-08, 2.00013928975e-07, 3.82729652415e-08, 2.57456438391e-08, 1.38353817292e-08, 2.66313016084e-09, 8.77972916591e-10, 1.47693202113e-09, 1.45445000488e-09, 1.31353439237e-09, 2.12436757074e-09, 2.07631037363e-10, 2.01209077177e-10, 9.53168446949e-11, 2.11841877373e-10, 8.47582726227e-10, 8.2853784944e-10, 6.25365037532e-10, 1.27970828379e-10, 2.90098739301e-12],
        "stdev": [0.00234927632846, 0.0156850945204, 0.0108634745702, 0.00792068149894, 0.00774966366589, 0.00427154265344, 0.00392760243267, 0.00382963125594, 0.00313155073673, 0.00131663680077, 0.000846588925924, 0.00179238535929, 0.00122487661429, 0.000640313141048, 0.000469017686555, 0.000420390046202, 0.000179901035153, 0.000158054535859, 5.2410265198e-05, 7.25724967197e-05, 8.4994462668e-05, 0.000194015607121, 0.000102742102172, 0.000126269267639, 0.000136450820719, 5.53808276891e-05, 5.88521879763e-06],
        "var": [5.51909943169e-06, 0.000246022216743, 0.000118015079352, 6.27371991868e-05, 6.00572857365e-05, 1.82460771612e-05, 1.54260596901e-05, 1.46660750033e-05, 9.80661025096e-06, 1.73353237187e-06, 7.1671280466e-07, 3.21264542436e-06, 1.50032258261e-06, 4.1000089368e-07, 2.19977579263e-07, 1.76727795065e-07, 3.23643831734e-08, 2.49812348585e-08, 2.74683586987e-09, 5.26676746659e-09, 7.22405868459e-09, 3.76420530301e-08, 1.05559392338e-08, 1.59439288439e-08, 1.86188255924e-08, 3.06703595854e-09, 3.46358011716e-11]
    },
    "erbbands": {
        "dmean": [0.0870878174901, 0.558403849602, 3.08264040947, 8.28901386261, 16.1845302582, 11.2684803009, 7.36781930923, 12.4228925705, 11.7662057877, 18.503698349, 14.5836143494, 16.2362041473, 8.90182876587, 9.04743671417, 8.11947345734, 13.7373762131, 11.96733284, 8.63336277008, 6.89277410507, 5.33939647675, 4.1786198616, 2.65457653999, 2.74083781242, 1.01596689224, 0.908192753792, 1.24341773987, 0.731363236904, 1.21378111839, 1.15850543976, 0.941645741463, 0.792609035969, 0.696216762066, 0.695073008537, 0.521300256252, 0.212501361966, 0.115629047155, 0.0344839692116, 0.00797808449715, 0.000276535138255, 1.57752438099e-05],
        "dmean2": [0.136955618858, 0.871500790119, 5.1579914093, 13.913318634, 27.2290172577, 18.156162262, 11.6907835007, 18.6385955811, 17.928237915, 27.489118576, 21.0802650452, 22.3198432922, 12.6606664658, 13.1372423172, 11.4230136871, 19.2526321411, 17.9231700897, 13.8013820648, 10.7083768845, 7.48703861237, 5.82693338394, 4.00736188889, 4.1435251236, 1.51917672157, 1.35529541969, 1.84389960766, 1.11509978771, 1.86822724342, 1.70371353626, 1.33145403862, 1.1756310463, 1.04848790169, 1.04094743729, 0.78457826376, 0.315672516823, 0.178726255894, 0.0534293018281, 0.0126210208982, 0.000447373953648, 2.43780050369e-05],
        "dvar": [0.179031923413, 6.39544487, 107.819091797, 214.633346558, 766.381164551, 346.639801025, 116.118118286, 686.645629883, 561.187011719, 1616.04626465, 3676.10375977, 3121.21777344, 628.490356445, 350.052185059, 447.439331055, 1477.1418457, 2043.54992676, 1720.86682129, 544.241394043, 148.397964478, 81.1269683838, 41.6345901489, 34.0680732727, 3.51104044914, 5.07754230499, 4.89518642426, 2.06698918343, 23.8606090546, 26.3444480896, 12.1098937988, 3.56676912308, 2.77015566826, 2.95345163345, 2.14561653137, 0.258212149143, 0.0534857995808, 0.00538944313303, 0.000341632694472, 4.86912824726e-07, 5.69938374273e-10],
        "dvar2": [0.387557387352, 14.6120252609, 306.199279785, 595.557617188, 2260.29272461, 953.589294434, 291.737762451, 1432.24755859, 1371.34240723, 3454.06396484, 9050.33105469, 7130.98388672, 1206.17053223, 740.299194336, 765.973449707, 3267.11425781, 5225.46875, 4931.22412109, 1395.13623047, 312.539154053, 150.617721558, 104.537002563, 74.9739761353, 8.19578933716, 10.367931366, 10.7639951706, 4.73647499084, 62.1424827576, 52.5339927673, 22.0211315155, 7.16936826706, 5.78791570663, 6.5026922226, 4.75335073471, 0.547456741333, 0.11563692987, 0.0121252667159, 0.000856846745592, 1.25394160477e-06, 1.25829124897e-09],
        "max": [6.61123180389, 45.0347518921, 185.219421387, 170.805618286, 267.53515625, 239.741470337, 179.186157227, 490.221710205, 294.433502197, 554.590393066, 1631.98840332, 1326.70092773, 671.110839844, 294.953826904, 526.554199219, 855.57409668, 852.841247559, 824.123901367, 360.837280273, 146.407730103, 139.984664917, 100.319389343, 80.58152771, 29.4424247742, 42.5899429321, 36.3390235901, 23.379234314, 97.0924224854, 98.3036956787, 63.9810218811, 42.9555740356, 31.5893135071, 28.4494552612, 33.8842811584, 9.27314949036, 3.20541000366, 0.928538024426, 0.169153034687, 0.00724800070748, 0.000378236698452],
        "mean": [0.285448312759, 1.37143754959, 5.33871269226, 15.1327056885, 27.3999595642, 26.2667121887, 19.8831672668, 27.2342510223, 25.3613204956, 40.4930763245, 30.4825630188, 34.0359611511, 20.2365818024, 19.7786579132, 17.3061313629, 27.7762145996, 19.4724121094, 11.5709886551, 10.2147140503, 10.7319307327, 9.16693115234, 5.49460887909, 5.8642115593, 2.09157848358, 1.79462563992, 2.44148015976, 1.40836656094, 1.70993053913, 1.66706466675, 1.42405569553, 1.38879191875, 1.12687075138, 1.18407595158, 0.815139770508, 0.294734120369, 0.157516211271, 0.0426383316517, 0.00785616505891, 0.000272039993433, 5.0589973398e-05],
        "median": [0.00383680243976, 0.206412598491, 2.10354161263, 8.75353431702, 16.4843883514, 17.3622646332, 14.7900247574, 11.2958393097, 11.6408872604, 17.1690006256, 11.7325296402, 9.37586402893, 5.73767375946, 6.64025783539, 4.87864732742, 4.84844589233, 4.11930656433, 3.54320287704, 3.20120787621, 2.55890154839, 2.79214978218, 1.83203697205, 1.60907661915, 0.961658716202, 0.717835485935, 0.989778697491, 0.712698638439, 0.464828699827, 0.344241768122, 0.269132882357, 0.472520262003, 0.392515957355, 0.347120910883, 0.254449427128, 0.0784860551357, 0.0523684769869, 0.012464816682, 0.00151049427222, 6.46730841254e-05, 4.3552088755e-05],
        "min": [4.96340362588e-07, 2.81263282886e-06, 9.8114960565e-06, 2.53316411545e-05, 5.67528913962e-05, 0.000116838840768, 0.000217536493437, 0.000345649430528, 0.000490843609441, 0.000931307324208, 0.00264958431944, 0.00460384227335, 0.00242862314917, 0.000883963657543, 0.00101736816578, 0.000482861360069, 0.000153413653607, 5.7460667449e-05, 5.65597583773e-05, 8.52439188748e-05, 6.49111534585e-05, 7.38959133741e-05, 0.000113928610517, 4.77572029922e-05, 9.15853797778e-06, 1.17495073937e-05, 5.2170703384e-06, 4.62887237518e-06, 5.32992726221e-06, 1.26513323266e-05, 3.05639914586e-05, 1.02729500213e-05, 1.84481014003e-05, 9.26606662688e-06, 3.19791433867e-06, 8.23993673293e-07, 1.83100212325e-07, 3.36769581111e-08, 3.5606342319e-09, 8.61073046199e-10],
        "stdev": [0.692989587784, 2.99057078362, 10.5244970322, 17.6572208405, 31.8440322876, 28.385559082, 17.793138504, 51.0148582458, 39.3401184082, 66.9323730469, 90.1444168091, 86.6026535034, 44.9282112122, 35.6105575562, 38.1529197693, 80.1059188843, 56.2572555542, 34.9257621765, 25.5110301971, 21.7522621155, 18.1679153442, 9.98030185699, 10.5396318436, 3.05435943604, 3.21006178856, 3.61498355865, 2.02667832375, 5.06435108185, 6.89477396011, 4.97236347198, 2.69451212883, 2.28441858292, 2.53864359856, 1.94012784958, 0.73738348484, 0.310827881098, 0.0867767482996, 0.0179514344782, 0.000635239295661, 3.88170556107e-05],
        "var": [0.480234533548, 8.94351387024, 110.765029907, 311.77746582, 1014.0423584, 805.739929199, 316.59576416, 2602.515625, 1547.64477539, 4479.94238281, 8126.015625, 7500.01953125, 2018.54406738, 1268.11181641, 1455.64538574, 6416.95849609, 3164.87890625, 1219.80883789, 650.812683105, 473.160919189, 330.073120117, 99.6064300537, 111.083839417, 9.32911109924, 10.3044967651, 13.0681056976, 4.10742473602, 25.647649765, 47.5379104614, 24.7243995667, 7.26039552689, 5.21856880188, 6.44471120834, 3.76409626007, 0.543734431267, 0.0966139733791, 0.0075302044861, 0.000322254025377, 4.03528986226e-07, 1.5067637138e-09]
    },
    "gfcc": {
        "mean": [-21.8368415833, 120.20337677, -83.6771850586, 13.7911157608, -60.3514251709, 8.38956165314, -49.7432022095, 1.50410842896, -30.6442108154, -3.47370862961, -21.3827400208, -6.65244722366, -13.936750412],
        "cov": [[4145.03271484, -1574.12231445, 20.6568222046, 324.404541016, -151.634414673, 448.619293213, -236.987426758, 412.899383545, -34.0637245178, 188.831329346, 20.2872524261, 128.001373291, -78.3827667236], [-1574.12231445, 1374.609375, -50.3203430176, -80.1231918335, 324.160797119, -127.034706116, 272.898956299, -126.505020142, 123.01083374, -105.981010437, 155.032455444, -104.461677551, 109.708518982], [20.6568222046, -50.3203430176, 609.06829834, 323.861419678, 239.954727173, 168.705703735, 97.543510437, 90.9700164795, 102.211387634, 119.272918701, 13.2075147629, 117.320762634, 74.7162857056], [324.404541016, -80.1231918335, 323.861419678, 538.955810547, 268.325256348, 92.6301422119, 27.1883716583, 126.317024231, 179.050323486, 127.7212677, 61.543712616, 99.2172470093, 117.264297485], [-151.634414673, 324.160797119, 239.954727173, 268.325256348, 387.539825439, 53.2235641479, 91.0245056152, 68.0922470093, 147.044525146, 72.7517242432, 86.5697402954, 49.011302948, 97.1480178833], [448.619293213, -127.034706116, 168.705703735, 92.6301422119, 53.2235641479, 289.791931152, 109.630142212, 77.7123184204, -8.88593387604, 53.1530380249, 27.1766147614, 17.6548461914, 18.9504108429], [-236.987426758, 272.898956299, 97.543510437, 27.1883716583, 91.0245056152, 109.630142212, 253.539505005, 2.251932621, 0.222041130066, 10.0475549698, 41.2177391052, -9.29349040985, 16.7686023712], [412.899383545, -126.505020142, 90.9700164795, 126.317024231, 68.0922470093, 77.7123184204, 2.251932621, 146.266937256, 59.3098335266, 56.3131713867, 25.967710495, 29.5220413208, 26.120716095], [-34.0637245178, 123.01083374, 102.211387634, 179.050323486, 147.044525146, -8.88593387604, 0.222041130066, 59.3098335266, 167.402893066, 53.0300827026, 37.8159790039, 33.0872840881, 59.7595977783], [188.831329346, -105.981010437, 119.272918701, 127.7212677, 72.7517242432, 53.1530380249, 10.0475549698, 56.3131713867, 53.0300827026, 122.883346558, 18.7540588379, 32.11328125, 18.6428432465], [20.2872524261, 155.032455444, 13.2075147629, 61.543712616, 86.5697402954, 27.1766147614, 41.2177391052, 25.967710495, 37.8159790039, 18.7540588379, 105.4451828, 16.502664566, 30.7829494476], [128.001373291, -104.461677551, 117.320762634, 99.2172470093, 49.011302948, 17.6548461914, -9.29349040985, 29.5220413208, 33.0872840881, 32.11328125, 16.502664566, 91.7406005859, 29.0320186615], [-78.3827667236, 109.708518982, 74.7162857056, 117.264297485, 97.1480178833, 18.9504108429, 16.7686023712, 26.120716095, 59.7595977783, 18.6428432465, 30.7829494476, 29.0320186615, 103.02053833]],
        "icov": [[0.000751787854824, 0.000835874117911, 0.000500430061948, -0.00015608711692, -0.000309004535666, -0.000777844514232, 0.000188438090845, -0.00104468909558, -4.76233362861e-05, 0.00030730603612, -0.000863791268785, 4.56666202808e-05, 0.000382514495868], [0.000835874117911, 0.00569287640974, -0.000288120121695, 0.00234356452711, -0.0034872344695, 0.00178083952051, -0.0038071081508, 0.00200242642313, -0.00373681075871, 0.00362498825416, -0.00573276495561, 0.00576694076881, -0.003212825628], [0.000500430061948, -0.000288120121695, 0.00440594693646, -0.00145743193571, -0.00115371902939, -0.00235843844712, 5.695719301e-05, -0.000895875506103, 0.000657396682072, -0.00141841778532, 0.00273147178814, -0.00432176282629, 0.00116780702956], [-0.00015608711692, 0.00234356452711, -0.00145743193571, 0.00618422590196, -0.00259874388576, 0.00122487766203, -0.00167494418565, 0.000904356944375, -0.00393647467718, 0.000163406861247, -0.00235717231408, 0.00176413136069, -0.00386702921242], [-0.000309004535666, -0.0034872344695, -0.00115371902939, -0.00259874388576, 0.00841440446675, -0.000707924598828, 0.00135006732307, -0.0015621696366, -2.3234373657e-05, -0.00231355428696, 0.000611671828665, -0.00245021213777, 0.000584974652156], [-0.000777844514232, 0.00178083952051, -0.00235843844712, 0.00122487766203, -0.000707924598828, 0.00838515162468, -0.00445733219385, -0.000140293268487, 0.000481192255393, 0.000526399584487, -0.0027356564533, 0.00425990112126, -0.00304323527962], [0.000188438090845, -0.0038071081508, 5.695719301e-05, -0.00167494418565, 0.00135006732307, -0.00445733219385, 0.00925823487341, -0.00167312752455, 0.00346926017664, -0.00223602820188, 0.00207715341821, -0.00309176882729, 0.00316974939778], [-0.00104468909558, 0.00200242642313, -0.000895875506103, 0.000904356944375, -0.0015621696366, -0.000140293268487, -0.00167312752455, 0.0144796837121, -0.00497367652133, -0.000118471405585, -0.00273719313554, 0.0030024163425, -0.00232864567079], [-4.76233362861e-05, -0.00373681075871, 0.000657396682072, -0.00393647467718, -2.3234373657e-05, 0.000481192255393, 0.00346926017664, -0.00497367652133, 0.015513241291, -0.00415509333834, 0.00311074149795, -0.00374449929222, 0.000455703790067], [0.00030730603612, 0.00362498825416, -0.00141841778532, 0.000163406861247, -0.00231355428696, 0.000526399584487, -0.00223602820188, -0.000118471405585, -0.00415509333834, 0.0149777149782, -0.00426038587466, 0.0033959322609, -0.000289069925202], [-0.000863791268785, -0.00573276495561, 0.00273147178814, -0.00235717231408, 0.000611671828665, -0.0027356564533, 0.00207715341821, -0.00273719313554, 0.00311074149795, -0.00426038587466, 0.0196043308824, -0.00876918807626, 0.00201198970899], [4.56666202808e-05, 0.00576694076881, -0.00432176282629, 0.00176413136069, -0.00245021213777, 0.00425990112126, -0.00309176882729, 0.0030024163425, -0.00374449929222, 0.0033959322609, -0.00876918807626, 0.0239602793008, -0.00628568558022], [0.000382514495868, -0.003212825628, 0.00116780702956, -0.00386702921242, 0.000584974652156, -0.00304323527962, 0.00316974939778, -0.00232864567079, 0.000455703790067, -0.000289069925202, 0.00201198970899, -0.00628568558022, 0.0180147551]]
    },
    "melbands": {
        "dmean": [0.000674517301377, 0.00126851303503, 0.00163708196487, 0.000939439341892, 0.000294363300782, 0.000253793143202, 0.000195106826141, 0.000200145339477, 0.000111443718197, 9.92862842395e-05, 4.45624536951e-05, 3.84103732358e-05, 2.6572821298e-05, 3.42256207659e-05, 3.27069028572e-05, 2.36562736973e-05, 1.68436326931e-05, 1.15708016892e-05, 8.61470562086e-06, 7.91859019955e-06, 4.33919103671e-06, 2.65640687758e-06, 3.13497116622e-06, 1.94954418475e-06, 7.9957953858e-07, 5.83132703014e-07, 9.37898960274e-07, 8.04761270956e-07, 4.24037807534e-07, 6.39450547624e-07, 7.73893930273e-07, 6.8048615276e-07, 6.57100031276e-07, 4.98020199302e-07, 4.58499727074e-07, 5.00335204379e-07, 4.21345703217e-07, 4.74613642609e-07, 5.65822460885e-07, 4.22911085707e-07],
        "dmean2": [0.00110312295146, 0.00206935964525, 0.00276094814762, 0.00155741872732, 0.000472566433018, 0.000383253092878, 0.000295982288662, 0.000296012411127, 0.000163231627084, 0.00013584746921, 6.50504734949e-05, 5.60286134714e-05, 3.87438085454e-05, 4.83409858134e-05, 4.6940993343e-05, 3.77937940357e-05, 2.72146335192e-05, 1.82578751264e-05, 1.23798135974e-05, 1.11389272206e-05, 6.31342618362e-06, 4.09397625845e-06, 4.81113829665e-06, 2.93814514407e-06, 1.23685890685e-06, 9.0045818979e-07, 1.43275019582e-06, 1.21738605685e-06, 6.54257007682e-07, 9.93209482658e-07, 1.1955384025e-06, 1.00305953765e-06, 9.51272795646e-07, 7.34688057946e-07, 6.84879069013e-07, 7.57657176109e-07, 6.46301543838e-07, 7.2280937502e-07, 8.4727275862e-07, 6.50330548524e-07],
        "dvar": [1.05035242086e-05, 1.6830947061e-05, 6.95757125868e-06, 2.21785717258e-06, 1.90145172496e-07, 2.70334425068e-07, 1.59603388283e-07, 1.95116243162e-07, 2.14770409457e-07, 1.08326723591e-07, 1.62011524196e-08, 6.15837114637e-09, 4.81516959638e-09, 1.07553193018e-08, 1.036901498e-08, 1.26760602015e-08, 5.66143931735e-09, 1.74793812757e-09, 6.73446132193e-10, 4.03410277405e-10, 8.82112716205e-11, 3.49286329027e-11, 7.43262326686e-11, 1.64896256372e-11, 2.3507055677e-12, 2.2916664226e-12, 3.79049092461e-12, 2.05095857832e-12, 5.09860816761e-13, 3.89304864387e-12, 1.01095460128e-11, 9.04126946921e-12, 8.43449355498e-12, 3.03503012652e-12, 1.14444933565e-12, 1.35219157919e-12, 1.14438590982e-12, 1.29657048986e-12, 2.34350234531e-12, 1.50270486159e-12],
        "dvar2": [2.35585685004e-05, 4.50289917353e-05, 1.94967760763e-05, 6.40134157948e-06, 4.90234356221e-07, 5.8154847693e-07, 3.94255181391e-07, 4.10922098126e-07, 5.4015583828e-07, 2.40269059759e-07, 3.19221200584e-08, 1.30618404981e-08, 9.57474366459e-09, 2.41109052723e-08, 2.20146496588e-08, 3.58762690666e-08, 1.59207349526e-08, 4.47281456317e-09, 1.59115010057e-09, 7.56141038671e-10, 1.7021359322e-10, 8.39975936029e-11, 1.90392160371e-10, 3.54660432966e-11, 5.8066407585e-12, 4.99828477218e-12, 7.96501493233e-12, 4.57860442268e-12, 1.15168866197e-12, 1.01162906177e-11, 2.54405333605e-11, 1.90054465221e-11, 1.58704993591e-11, 6.1824022464e-12, 2.31475645943e-12, 3.03507913246e-12, 2.49844112413e-12, 2.81556332068e-12, 5.53841998305e-12, 3.36134462278e-12],
        "max": [0.045722015202, 0.0746591240168, 0.0261469893157, 0.0144655117765, 0.0069073587656, 0.00938109587878, 0.00556249590591, 0.00630564475432, 0.0121907526627, 0.00722742127255, 0.00337711605243, 0.00115600845311, 0.00171611865517, 0.00231299712323, 0.00235656090081, 0.00260480563156, 0.00129009236116, 0.000654857547488, 0.000461252318928, 0.000432433036622, 0.000149117186083, 7.55153014325e-05, 0.000174574088305, 7.48220045352e-05, 2.82569635601e-05, 2.87401744572e-05, 2.91275791824e-05, 2.43772028625e-05, 9.31822341954e-06, 4.32087035733e-05, 5.3303410823e-05, 5.97381367697e-05, 5.601306475e-05, 3.0601178878e-05, 2.3505430363e-05, 2.1948808353e-05, 1.99786136363e-05, 2.09353765968e-05, 3.31489936798e-05, 2.72716351901e-05],
        "mean": [0.00223143049516, 0.00245350040495, 0.00308807240799, 0.001912554726, 0.000827997282613, 0.000564540911, 0.000415855232859, 0.000436590373283, 0.000230542282225, 0.000203445844818, 9.5485462225e-05, 8.04752780823e-05, 5.11924081366e-05, 7.1317597758e-05, 5.68534051126e-05, 3.41616068908e-05, 2.05165106308e-05, 1.59926275956e-05, 1.47167020259e-05, 1.53815053636e-05, 9.2827476692e-06, 5.33195907337e-06, 6.15870203546e-06, 3.905655376e-06, 1.45373928717e-06, 1.04166826986e-06, 1.76867843038e-06, 1.51965298301e-06, 7.9599107039e-07, 9.53155506522e-07, 1.01045520751e-06, 9.34523882279e-07, 8.94051140676e-07, 7.56426970838e-07, 7.90327931099e-07, 7.87107012457e-07, 6.38764845462e-07, 7.71327052007e-07, 9.08826677914e-07, 6.16939587417e-07],
        "median": [6.40553334961e-05, 0.0012466161279, 0.00191550934687, 0.0012362266425, 0.000630628259387, 0.000243485730607, 0.000180539893336, 0.00018536731659, 7.57224333938e-05, 5.13034938194e-05, 2.65843973466e-05, 2.61924433289e-05, 1.59930023074e-05, 1.35497048177e-05, 9.79516516963e-06, 7.38315202398e-06, 6.21074286755e-06, 4.89462036057e-06, 3.44753971149e-06, 3.46912224813e-06, 3.05657340505e-06, 1.95499842448e-06, 1.34089520998e-06, 1.23096549487e-06, 6.68754921662e-07, 4.78094477785e-07, 5.65584230117e-07, 6.08469520103e-07, 3.87799190094e-07, 3.08300798224e-07, 2.01263546273e-07, 1.80749452738e-07, 1.3489896844e-07, 1.24453436001e-07, 2.43065699124e-07, 2.64145057827e-07, 1.81502031182e-07, 2.07202063507e-07, 2.52179631843e-07, 1.58322251309e-07],
        "min": [4.55144144595e-09, 4.73715067173e-09, 5.20335463605e-09, 6.13229644841e-09, 7.31144744748e-09, 7.7603159454e-09, 7.65455610008e-09, 1.14523679429e-08, 2.44597995191e-08, 2.89653812047e-08, 1.1296730662e-08, 3.26671534268e-09, 3.5806901888e-09, 1.92355886774e-09, 6.5624050638e-10, 1.78925721461e-10, 9.78789549411e-11, 7.11323222546e-11, 1.2440173891e-10, 1.17210977035e-10, 6.46007275451e-11, 7.32333776954e-11, 7.54040996309e-11, 1.28299024182e-10, 2.71462054224e-11, 8.01519788041e-12, 5.26054200201e-12, 7.75960806026e-12, 3.35720166944e-12, 1.77314987779e-12, 3.29045796686e-12, 3.5154559385e-12, 3.12904281478e-12, 7.83009854871e-12, 2.10815202101e-11, 7.34172358324e-12, 6.19996979104e-12, 1.60291571683e-11, 5.77335401708e-12, 9.90097934195e-12],
        "stdev": [0.00504172127694, 0.00444176979363, 0.00323250168003, 0.00188260816503, 0.000725969206542, 0.00100279436447, 0.000693294394296, 0.000707091356162, 0.000702010584064, 0.000525385665242, 0.000219792549615, 0.000146661113831, 0.000110194378067, 0.000213868246647, 0.000158619688591, 0.000105588675069, 6.50006331853e-05, 4.43184835603e-05, 3.52868773916e-05, 3.68695509678e-05, 1.81211635208e-05, 9.49386321736e-06, 1.22637511595e-05, 6.68925031277e-06, 2.34482399719e-06, 2.0579395823e-06, 2.93868856716e-06, 2.30035539062e-06, 1.09731445264e-06, 2.10610528484e-06, 3.38154291057e-06, 3.85934936276e-06, 4.08895903092e-06, 2.36594610215e-06, 1.5694809008e-06, 1.49255106408e-06, 1.44192335938e-06, 1.7380252757e-06, 1.98478505808e-06, 1.58730608746e-06],
        "var": [2.54189526459e-05, 1.97293193196e-05, 1.04490673039e-05, 3.54421331394e-06, 5.27031318143e-07, 1.00559657312e-06, 4.80657092794e-07, 4.99978170865e-07, 4.92818855946e-07, 2.76030078794e-07, 4.83087632119e-08, 2.1509480419e-08, 1.21428005428e-08, 4.57396289733e-08, 2.51602045864e-08, 1.11489688592e-08, 4.22508206199e-09, 1.96412797138e-09, 1.24516374989e-09, 1.35936373269e-09, 3.28376548175e-10, 9.01334423764e-11, 1.50399581678e-10, 4.4746067962e-11, 5.49819998558e-12, 4.23511486297e-12, 8.63589061373e-12, 5.29163475191e-12, 1.20409888657e-12, 4.43567925446e-12, 1.14348331151e-11, 1.48945768913e-11, 1.671958752e-11, 5.59770068839e-12, 2.46327047301e-12, 2.22770868592e-12, 2.07914284747e-12, 3.02073188511e-12, 3.93937139853e-12, 2.51954078261e-12]
    },
    "melbands128": {
