{
"lowlevel": {
    "average_loudness": 0.987133622169,
    "barkbands_crest": {
        "dmean": 2.46713113785,
        "dmean2": 3.98596048355,
        "dvar": 6.07640218735,
        "dvar2": 17.3112277985,
        "max": 21.9262485504,
        "mean": 12.5271759033,
        "median": 12.1229934692,
        "min": 3.34755921364,
        "stdev": 3.37525486946,
        "var": 11.3923454285
    },
    "barkbands_flatness_db": {
        "dmean": 0.0295497830957,
        "dmean2": 0.0397022776306,
        "dvar": 0.000820546236355,
        "dvar2": 0.00142166821752,
        "max": 0.362498164177,
        "mean": 0.182770162821,
        "median": 0.179399609566,
        "min": 0.0345714502037,
        "stdev": 0.052776735276,
        "var": 0.00278538372368
    },
    "barkbands_kurtosis": {
        "dmean": 4.56953048706,
        "dmean2": 7.33029794693,
        "dvar": 31.6042537689,
        "dvar2": 76.5208587646,
        "max": 51.4860343933,
        "mean": 6.23462533951,
        "median": 4.29140281677,
        "min": -1.89499175549,
        "stdev": 6.92903470993,
        "var": 48.0115242004
    },
    "barkbands_skewness": {
        "dmean": 0.72831094265,
        "dmean2": 1.14376318455,
        "dvar": 0.520452678204,
        "dvar2": 1.24355733395,
        "max": 6.2125749588,
        "mean": 1.98703658581,
        "median": 1.83326923847,
        "min": -2.05016589165,
        "stdev": 1.03514432907,
        "var": 1.0715239048
    },
    "barkbands_spread": {
        "dmean": 10.8517122269,
        "dmean2": 16.7793540955,
        "dvar": 264.107421875,
        "dvar2": 577.235351562,
        "max": 110.626663208,
        "mean": 18.8084373474,
        "median": 12.024810791,
        "min": 2.10604643822,
        "stdev": 18.8750076294,
        "var": 356.265899658
    },
    "dissonance": {
        "dmean": 0.0293312128633,
        "dmean2": 0.0482420511544,
        "dvar": 0.000805458927061,
        "dvar2": 0.00200430816039,
        "max": 0.500000119209,
        "mean": 0.441148489714,
        "median": 0.448240309954,
        "min": 0.113443568349,
        "stdev": 0.0399735346437,
        "var": 0.00159788352903
    },
    "dynamic_complexity": 1.12613368034,
    "erbbands_crest": {
        "dmean": 3.00133442879,
        "dmean2": 4.85549688339,
        "dvar": 7.88515901566,
        "dvar2": 19.6673088074,
        "max": 30.2353553772,
        "mean": 10.2242288589,
        "median": 9.35750293732,
        "min": 3.15180063248,
        "stdev": 4.29400348663,
        "var": 18.4384651184
    },
    "erbbands_flatness_db": {
        "dmean": 0.023122979328,
        "dmean2": 0.0330349989235,
        "dvar": 0.000472968065878,
        "dvar2": 0.000862235552631,
        "max": 0.311246573925,
        "mean": 0.153398871422,
        "median": 0.151150122285,
        "min": 0.0442729480565,
        "stdev": 0.0429352335632,
        "var": 0.00184343440924
    },
    "erbbands_kurtosis": {
        "dmean": 2.05171632767,
        "dmean2": 3.26139903069,
        "dvar": 6.20688009262,
        "dvar2": 13.8238306046,
        "max": 48.954498291,
        "mean": 2.30348730087,
        "median": 1.75157785416,
        "min": -1.8412541151,
        "stdev": 3.47386717796,
        "var": 12.0677537918
    },
    "erbbands_skewness": {
        "dmean": 0.569747626781,
        "dmean2": 0.85394847393,
        "dvar": 0.317852646112,
        "dvar2": 0.684851825237,
        "max": 3.92780923843,
        "mean": 0.677360832691,
        "median": 0.716051161289,
        "min": -2.77517724037,
        "stdev": 0.869853913784,
        "var": 0.756645798683
    },
    "erbbands_spread": {
        "dmean": 16.0070381165,
        "dmean2": 24.8910770416,
        "dvar": 447.069793701,
        "dvar2": 1019.97155762,
        "max": 137.869567871,
        "mean": 35.7975616455,
        "median": 25.5997924805,
        "min": 2.16627192497,
        "stdev": 27.09466362,
        "var": 734.120788574
    },
    "hfc": {
        "dmean": 24.8518066406,
        "dmean2": 39.4897117615,
        "dvar": 1443.62280273,
        "dvar2": 3390.26318359,
        "max": 242.483123779,
        "mean": 39.4159851074,
        "median": 25.5185203552,
        "min": 1.17817200765e-16,
        "stdev": 40.5844306946,
        "var": 1647.09606934
    },
    "loudness_ebu128": {
        "integrated": -6.37395000458,
        "loudness_range": 0.636691570282,
        "momentary": {
            "dmean": 0.223100662231,
            "dmean2": 0.309965282679,
            "dvar": 0.034029148519,
            "dvar2": 0.0557361729443,
            "max": -5.50082111359,
            "mean": -6.40184307098,
            "median": -6.31374359131,
            "min": -8.27894210815,
            "stdev": 0.503370165825,
            "var": 0.253381550312
        },
        "short_term": {
            "dmean": 0.0236357804388,
            "dmean2": 0.025142448023,
            "dvar": 0.000415965390857,
            "dvar2": 0.000457049405668,
            "max": -6.04473686218,
            "mean": -6.39532899857,
            "median": -6.36043262482,
            "min": -7.1968998909,
            "stdev": 0.229960992932,
            "var": 0.0528820604086
        }
    },
    "melbands_crest": {
        "dmean": 2.88783192635,
        "dmean2": 4.62477207184,
        "dvar": 9.60590934753,
        "dvar2": 26.5806941986,
        "max": 32.0646438599,
        "mean": 17.6290931702,
        "median": 17.204536438,
        "min": 2.24265503883,
        "stdev": 4.29139041901,
        "var": 18.4160308838
    },
    "melbands_flatness_db": {
        "dmean": 0.0367513261735,
        "dmean2": 0.0480479970574,
        "dvar": 0.00130187394097,
        "dvar2": 0.00236523826607,
        "max": 0.499030709267,
        "mean": 0.283896207809,
        "median": 0.28425437212,
        "min": 0.00698908092454,
        "stdev": 0.0637604519725,
        "var": 0.00406539486721
    },
    "melbands_kurtosis": {
        "dmean": 9.48730278015,
        "dmean2": 15.0747537613,
        "dvar": 187.27041626,
        "dvar2": 466.417144775,
        "max": 146.470184326,
        "mean": 15.4039554596,
        "median": 11.0476589203,
        "min": -1.26023638248,
        "stdev": 16.7760219574,
        "var": 281.434936523
    },
    "melbands_skewness": {
        "dmean": 0.91819524765,
        "dmean2": 1.39710843563,
        "dvar": 0.928026020527,
        "dvar2": 2.09680533409,
        "max": 10.4661979675,
        "mean": 2.93872666359,
        "median": 2.68545150757,
        "min": -0.307915359735,
        "stdev": 1.52304923534,
        "var": 2.31967902184
    },
    "melbands_spread": {
        "dmean": 6.96492004395,
        "dmean2": 10.8012857437,
        "dvar": 98.6945724487,
        "dvar2": 212.417648315,
        "max": 142.598999023,
        "mean": 14.3156452179,
        "median": 11.07878685,
        "min": 2.0198559761,
        "stdev": 11.4071388245,
        "var": 130.122817993
    },
    "pitch_salience": {
        "dmean": 0.0587345734239,
        "dmean2": 0.0957374125719,
        "dvar": 0.00330038880929,
        "dvar2": 0.00879568606615,
        "max": 0.79416435957,
        "mean": 0.434465169907,
        "median": 0.427694022655,
        "min": 0.157100185752,
        "stdev": 0.0787365138531,
        "var": 0.00619943859056
    },
    "silence_rate_20dB": {
        "dmean": 0,
        "dmean2": 0,
        "dvar": 0,
        "dvar2": 0,
        "max": 1,
        "mean": 1,
        "median": 1,
        "min": 1,
        "stdev": 0,
        "var": 0
    },
    "silence_rate_30dB": {
        "dmean": 0.0587780363858,
        "dmean2": 0.117647059262,
        "dvar": 0.0553236193955,
        "dvar2": 0.133217453957,
        "max": 1,
        "mean": 0.948995351791,
        "median": 1,
        "min": 0,
        "stdev": 0.220007523894,
        "var": 0.0484033077955
    },
    "silence_rate_60dB": {
        "dmean": 0.00077339517884,
        "dmean2": 0.00154798757285,
        "dvar": 0.000772794999648,
        "dvar2": 0.00154557928909,
        "max": 1,
        "mean": 0.00154559500515,
        "median": 0,
        "min": 0,
        "stdev": 0.0392836034298,
        "var": 0.00154320150614
    },
    "spectral_centroid": {
        "dmean": 304.228668213,
        "dmean2": 446.400634766,
        "dvar": 271225.28125,
        "dvar2": 454600.5625,
        "max": 10595.6425781,
        "mean": 875.75994873,
        "median": 683.184814453,
        "min": 255.604949951,
        "stdev": 656.8515625,
        "var": 431453.9375
    },
    "spectral_complexity": {
        "dmean": 3.61639595032,
        "dmean2": 5.47523212433,
        "dvar": 21.7446022034,
        "dvar2": 36.1750526428,
        "max": 50,
        "mean": 16.703245163,
        "median": 15,
        "min": 0,
        "stdev": 7.24873685837,
        "var": 52.5441894531
    },
    "spectral_decrease": {
        "dmean": 3.0314140087e-09,
        "dmean2": 4.71374095312e-09,
        "dvar": 8.9394459318e-18,
        "dvar2": 2.17388094237e-17,
        "max": -6.5542880737e-29,
        "mean": -1.9843184873e-08,
        "median": -1.96675244979e-08,
        "min": -3.70475419231e-08,
        "stdev": 4.19893408932e-09,
        "var": 1.76310470454e-17
    },
    "spectral_energy": {
        "dmean": 0.011632470414,
        "dmean2": 0.0182219762355,
        "dvar": 0.000130431770231,
        "dvar2": 0.000312537449645,
        "max": 0.144023194909,
        "mean": 0.0784678757191,
        "median": 0.0777806416154,
        "min": 1.09337419992e-20,
        "stdev": 0.0161558743566,
        "var": 0.000261012290139
    },
    "spectral_energyband_high": {
        "dmean": 0.00249404646456,
        "dmean2": 0.00405076891184,
        "dvar": 2.15178097278e-05,
        "dvar2": 4.9477450375e-05,
        "max": 0.0292830616236,
        "mean": 0.00234001805075,
        "median": 0.000279139261693,
        "min": 8.32957629026e-21,
        "stdev": 0.00495785893872,
        "var": 2.458036397e-05
    },
    "spectral_energyband_low": {
        "dmean": 0.00999893154949,
        "dmean2": 0.0156631674618,
        "dvar": 0.000140001706313,
        "dvar2": 0.00037605362013,
        "max": 0.117250286043,
        "mean": 0.0493642650545,
        "median": 0.0474716462195,
        "min": 8.36068676818e-23,
        "stdev": 0.0140013629571,
        "var": 0.000196038163267
    },
    "spectral_energyband_middle_high": {
        "dmean": 0.00307760946453,
        "dmean2": 0.00453527504578,
        "dvar": 2.08338715311e-05,
        "dvar2": 4.40360090579e-05,
        "max": 0.0405649878085,
        "mean": 0.00580785796046,
        "median": 0.00297273509204,
        "min": 1.42396951311e-21,
        "stdev": 0.00665783183649,
        "var": 4.43267235823e-05
    },
    "spectral_energyband_middle_low": {
        "dmean": 0.00770669151098,
        "dmean2": 0.0120237739757,
        "dvar": 7.42538904888e-05,
        "dvar2": 0.000169467282831,
        "max": 0.0843281149864,
        "mean": 0.0218766834587,
        "median": 0.0205402616411,
        "min": 2.81319385591e-22,
        "stdev": 0.0122947124764,
        "var": 0.000151159954839
    },
    "spectral_entropy": {
        "dmean": 0.301865041256,
        "dmean2": 0.408158093691,
        "dvar": 0.0955509766936,
        "dvar2": 0.171390473843,
        "max": 9.79581832886,
        "mean": 7.34470081329,
        "median": 7.24822998047,
        "min": 5.7345957756,
        "stdev": 0.551375806332,
        "var": 0.304015249014
    },
    "spectral_flux": {
        "dmean": 0.0360014028847,
        "dmean2": 0.0573878213763,
        "dvar": 0.00103183637839,
        "dvar2": 0.00226291222498,
        "max": 0.284198194742,
        "mean": 0.113310433924,
        "median": 0.107327125967,
        "min": 1.04564537584e-10,
        "stdev": 0.0499838665128,
        "var": 0.00249838689342
    },
    "spectral_kurtosis": {
        "dmean": 3.08329248428,
        "dmean2": 4.33266830444,
        "dvar": 12.2751932144,
        "dvar2": 24.410320282,
        "max": 41.4301719666,
        "mean": 6.88790273666,
        "median": 6.49023151398,
        "min": -1.23727488518,
        "stdev": 5.57870197296,
        "var": 31.1219177246
    },
    "spectral_rms": {
        "dmean": 0.000650819740258,
        "dmean2": 0.00101289339364,
        "dvar": 4.26006295129e-07,
        "dvar2": 9.64156924965e-07,
        "max": 0.0118537098169,
        "mean": 0.00869724247605,
        "median": 0.00871111638844,
        "min": 3.26604737179e-12,
        "stdev": 0.000954983057454,
        "var": 9.11992685815e-07
    },
    "spectral_rolloff": {
        "dmean": 889.391235352,
        "dmean2": 1628.85620117,
        "dvar": 3904312.75,
        "dvar2": 9626089,
        "max": 18453.9550781,
        "mean": 1039.2689209,
        "median": 538.330078125,
        "min": 64.599609375,
        "stdev": 1764.26916504,
        "var": 3112645.75
    },
    "spectral_skewness": {
        "dmean": 0.472133129835,
        "dmean2": 0.642064154148,
        "dvar": 0.223470106721,
        "dvar2": 0.409812659025,
        "max": 5.32318115234,
        "mean": 2.06863021851,
        "median": 2.14846348763,
        "min": -0.0213933363557,
        "stdev": 0.832880496979,
        "var": 0.69368994236
    },
    "spectral_spread": {
        "dmean": 1506211.125,
        "dmean2": 2020192.125,
        "dvar": 4.11952847258e+12,
        "dvar2": 6.97242904166e+12,
        "max": 40196228,
        "mean": 5494963,
        "median": 4491461,
        "min": 1364840.125,
        "stdev": 3010495,
        "var": 9.06308039475e+12
    },
    "spectral_strongpeak": {
        "dmean": 0.320821583271,
        "dmean2": 0.595196485519,
        "dvar": 0.529956877232,
        "dvar2": 1.40046012402,
        "max": 6.9345664978,
        "mean": 0.496201008558,
        "median": 0.298947125673,
        "min": 0,
        "stdev": 0.641748189926,
        "var": 0.411840707064
    },
    "zerocrossingrate": {
        "dmean": 0.0175898317248,
        "dmean2": 0.0217239800841,
        "dvar": 0.000600107014179,
        "dvar2": 0.000743182899896,
        "max": 0.4921875,
        "mean": 0.0431706272066,
        "median": 0.029296875,
        "min": 0.00244140625,
        "stdev": 0.0368556939065,
        "var": 0.00135834224056
    },
    "barkbands": {
        "dmean": [0.00147925189231, 0.00926382374018, 0.00212287064642, 0.000575035228394, 0.00195907754824, 0.00269786571153, 0.00211037532426, 0.00257458095439, 0.0025642409455, 0.000796598324087, 0.00100543699227, 0.000547365518287, 0.000946104642935, 0.00044160685502, 0.000199733942281, 0.000159077098942, 9.10381058929e-05, 0.00010781011224, 0.000108278502012, 0.000116830786283, 0.000123879159219, 0.000344240281265, 0.000436611124314, 0.0011632781243, 0.000344491185388, 0.000138430463267, 1.24648931887e-05],
        "dmean2": [0.0024324299302, 0.0152066750452, 0.00351678114384, 0.000969906337559, 0.00317114638165, 0.0041876276955, 0.00343281682581, 0.00422096066177, 0.00399476103485, 0.00124350411352, 0.00143624737393, 0.000860264233779, 0.00155789696146, 0.000704910489731, 0.000303340988467, 0.000252470665146, 0.000144048390212, 0.0001755177218, 0.000166249781614, 0.000182361138286, 0.000190666003618, 0.000534983817488, 0.000690668006428, 0.00199593277648, 0.000561002350878, 0.000208956174902, 2.0667539502e-05],
        "dvar": [8.27186067909e-06, 0.000145383819472, 6.99813517713e-06, 9.12457323921e-07, 9.05737124413e-06, 1.83671127161e-05, 1.84262898983e-05, 3.09966599161e-05, 1.75641634996e-05, 3.15005172524e-06, 4.56393172499e-06, 1.59695025559e-06, 3.43991041518e-06, 1.01575642475e-06, 2.03555160283e-07, 1.35047585559e-07, 5.48174234893e-08, 6.55052687648e-08, 6.0695796833e-08, 9.67526219142e-08, 1.78245628035e-07, 1.15505883969e-06, 8.42196982376e-07, 6.31164812148e-06, 4.56757589973e-07, 5.86788431178e-08, 7.53014317567e-10],
        "dvar2": [1.9076589524e-05, 0.000427537102951, 2.08064520848e-05, 2.75917818726e-06, 2.17187498492e-05, 4.16277216573e-05, 4.56647139799e-05, 7.47159283492e-05, 3.87923173548e-05, 6.78120113662e-06, 8.77533966559e-06, 3.75061358682e-06, 8.7459839051e-06, 2.3990507998e-06, 3.94643109303e-07, 3.14846687388e-07, 1.40069758459e-07, 1.65734078905e-07, 1.38108305237e-07, 2.40839938215e-07, 4.0168768578e-07, 2.67982682089e-06, 1.76421258402e-06, 1.6182058971e-05, 1.1071111885e-06, 1.2705345398e-07, 1.86395165969e-09],
        "max": [0.0286877993494, 0.103180512786, 0.0248146429658, 0.0156904868782, 0.0297398753464, 0.0475183315575, 0.0411847233772, 0.0731587260962, 0.052876163274, 0.0225136578083, 0.0378767512739, 0.0196974612772, 0.0208703558892, 0.0161752253771, 0.00793339125812, 0.00397368147969, 0.00300447992049, 0.00238128984347, 0.00229173875414, 0.00530101638287, 0.00667309947312, 0.0124449878931, 0.00819792225957, 0.014491437003, 0.00510778510943, 0.00188151933253, 0.000341844221111],
        "mean": [0.00292492494918, 0.0356402508914, 0.010005380027, 0.00136081175879, 0.00369666540064, 0.00498385773972, 0.00338140525855, 0.00410004798323, 0.0041491612792, 0.00103311613202, 0.00150698400103, 0.000679324846715, 0.00123338156845, 0.000546732277144, 0.00026771685225, 0.000183203359484, 0.000114013011626, 0.00013310048962, 0.00013194255007, 0.000139653682709, 0.000141605822137, 0.000344972650055, 0.000433780485764, 0.000876668782439, 0.000302997330436, 0.00014545286831, 1.07548457891e-05],
        "median": [0.00269425753504, 0.0333507433534, 0.00863927602768, 0.000892512791324, 0.00182638119441, 0.00189034687355, 0.00122148869559, 0.00220174319111, 0.00183226680383, 0.000257919309661, 0.000311150186462, 0.000254904967733, 0.00040703715058, 0.000162521158927, 7.82271235948e-05, 5.79616171308e-05, 4.50466395705e-05, 5.65884256503e-05, 5.02713264723e-05, 5.25755312992e-05, 2.57930187217e-05, 1.62746473507e-05, 3.62571554433e-05, 3.25280270772e-05, 4.14321475546e-05, 2.62535068032e-05, 1.2564306644e-06],
        "min": [1.75592328012e-23, 5.93119207978e-23, 5.67499672126e-24, 4.88827362909e-24, 1.17197215047e-22, 1.77111547898e-23, 3.68437264902e-23, 3.2082124201e-23, 7.01882490207e-23, 5.7677912184e-23, 2.39692593484e-23, 5.93544056907e-23, 6.21101682008e-23, 8.20213771691e-23, 1.28451596971e-22, 1.60321930951e-22, 2.90698651453e-22, 1.48736176961e-22, 2.4492280755e-22, 4.6645539701e-22, 4.12895982462e-22, 7.4690016936e-22, 6.96486782589e-22, 9.78094929136e-22, 1.3239330646e-21, 1.78209479457e-21, 2.30611108729e-21],
        "stdev": [0.00323567632586, 0.0129582248628, 0.00474045937881, 0.00192235142458, 0.00460268557072, 0.00675037223846, 0.00567489676178, 0.00665608560666, 0.00545273907483, 0.00217968877405, 0.00315024028532, 0.00142701924779, 0.0021557318978, 0.00118113984354, 0.000592796423007, 0.000390735367546, 0.00023415958276, 0.000255407387158, 0.000267644209089, 0.000318200618494, 0.000463901145849, 0.0011797179468, 0.00107721053064, 0.00223254016601, 0.000671481073368, 0.000275712867733, 2.65717171715e-05],
        "var": [1.04696018752e-05, 0.000167915583006, 2.24719551625e-05, 3.69543499801e-06, 2.11847145692e-05, 4.55675253761e-05, 3.22044506902e-05, 4.43034732598e-05, 2.97323622362e-05, 4.75104297948e-06, 9.92401328404e-06, 2.03638387575e-06, 4.64717959403e-06, 1.39509131714e-06, 3.51407607013e-07, 1.52674118681e-07, 5.48307106385e-08, 6.5232931945e-08, 7.16334298545e-08, 1.01251629303e-07, 2.15204266851e-07, 1.39173437219e-06, 1.16038245324e-06, 4.98423560202e-06, 4.50886801673e-07, 7.60175851156e-08, 7.06056157984e-10]
    },
    "erbbands": {
        "dmean": [0.406338691711, 1.74135553837, 2.42426156998, 2.18327641487, 1.92459392548, 8.41766166687, 19.2430820465, 22.140296936, 24.8279953003, 38.0053787231, 61.5934677124, 52.799949646, 27.9042320251, 35.0807952881, 24.386762619, 20.9042015076, 38.2137184143, 25.5460567474, 13.0989980698, 10.2808914185, 7.11439228058, 5.93097543716, 5.98650121689, 6.00834178925, 4.71758127213, 5.69625759125, 4.75618696213, 5.87019634247, 11.8697576523, 12.9223384857, 13.9818239212, 24.4404506683, 16.1377601624, 5.16446638107, 1.87673056126, 0.756353497505, 0.219798952341, 0.0398800559342, 0.00133416044991, 4.86587523483e-05],
        "dmean2": [0.656799674034, 2.80880689621, 4.00243854523, 3.67824077606, 3.20549154282, 13.4327001572, 30.6714782715, 33.4261207581, 41.5569992065, 60.1097145081, 97.9153518677, 82.1573028564, 42.80651474, 49.7960968018, 36.127620697, 32.4507255554, 62.5587806702, 41.3077316284, 20.5216808319, 15.9209442139, 10.7729940414, 9.57127666473, 9.60990810394, 9.23334026337, 7.28406047821, 8.84061431885, 7.33293771744, 8.98298931122, 18.506696701, 20.5607337952, 22.2141418457, 41.930683136, 27.8186035156, 8.42230987549, 3.03669404984, 1.1861770153, 0.326280713081, 0.0615695044398, 0.0021601151675, 7.63548887335e-05],
        "dvar": [0.362228453159, 4.19248056412, 7.1620721817, 12.0483856201, 7.94513130188, 220.350509644, 944.902160645, 1728.58374023, 3573.86108398, 3807.6628418, 15891.9101562, 7365.10107422, 2059.99243164, 4469.67773438, 2590.5859375, 1930.56433105, 5577.171875, 2497.31884766, 671.227844238, 511.590667725, 225.51234436, 265.015625, 205.276916504, 156.588516235, 148.22013855, 221.954437256, 248.241485596, 388.22744751, 1472.06652832, 1369.02209473, 770.552124023, 2775.44946289, 1198.13830566, 102.378181458, 12.8551435471, 1.86895704269, 0.143160939217, 0.00596538186073, 7.45170791561e-06, 5.55139045844e-09],
        "dvar2": [0.999782681465, 13.1253538132, 21.5657196045, 36.411190033, 21.9022674561, 507.843017578, 2190.62719727, 3827.4152832, 9633.39355469, 8999.26757812, 37961.1601562, 16538.9921875, 4547.38378906, 9069.109375, 5419.71923828, 4875.09130859, 14012.0449219, 5994.77294922, 1515.83178711, 1143.08117676, 496.609069824, 703.495910645, 527.620910645, 344.776275635, 341.803100586, 545.607055664, 597.91217041, 860.241699219, 3410.88500977, 3178.64379883, 1631.31750488, 7114.28417969, 3049.27563477, 246.823028564, 30.696603775, 4.25523662567, 0.297785520554, 0.0137225836515, 1.80727438419e-05, 1.3060899029e-08],
        "max": [5.43808507919, 17.639257431, 31.0626945496, 56.2380104065, 31.0031089783, 169.254180908, 365.933166504, 483.174804688, 639.026977539, 1066.43701172, 1681.53845215, 1056.44287109, 563.541381836, 1310.07580566, 732.884399414, 495.478027344, 760.21472168, 742.041259766, 430.002227783, 316.93447876, 223.504180908, 206.793365479, 142.253417969, 167.469894409, 127.705802917, 274.140594482, 270.644073486, 271.942657471, 398.79586792, 433.869812012, 263.984649658, 337.266113281, 189.666763306, 69.4933624268, 26.4842605591, 12.8460292816, 3.82038831711, 0.891981244087, 0.0313103497028, 0.000813378312159],
        "mean": [1.49208950996, 6.13812494278, 11.6280918121, 8.00722980499, 4.83164167404, 15.8193054199, 33.6782989502, 39.6684608459, 37.4280967712, 74.4151687622, 92.4732589722, 88.4948272705, 42.0287704468, 56.6842384338, 36.6091270447, 30.144159317, 49.6813621521, 34.2977333069, 18.2731533051, 13.1541824341, 9.12258529663, 7.183157444, 7.51050806046, 7.62641954422, 5.81715917587, 6.78060483932, 5.55112743378, 6.59814882278, 12.0072984695, 12.5102043152, 13.464507103, 18.7899475098, 12.2082519531, 4.47068214417, 1.69939208031, 0.735936641693, 0.24416321516, 0.0394539497793, 0.00126962468494, 0.00012685902766],
        "median": [1.41544556618, 6.04197120667, 11.5923776627, 5.27286529541, 3.70017671585, 6.13861942291, 17.4938278198, 14.1113767624, 16.3710403442, 44.6025238037, 43.9455947876, 44.4744033813, 19.3959083557, 18.6868400574, 11.9949073792, 13.0656347275, 17.0944976807, 11.9990310669, 6.56077384949, 4.48476409912, 3.17350721359, 2.83679056168, 3.13902664185, 3.21638417244, 2.33933353424, 2.5233001709, 1.50604867935, 0.825973987579, 0.597556710243, 0.612450361252, 1.07817745209, 0.873388528824, 0.455835402012, 0.501067578793, 0.261988818645, 0.110263779759, 0.0509907566011, 0.00677840970457, 0.00022445092327, 9.83363570413e-05],
        "min": [3.15548804953e-21, 7.87177301869e-21, 7.59667811167e-21, 1.35444597217e-20, 1.17736519843e-19, 5.14240764333e-19, 2.67112232827e-19, 2.28145925519e-19, 3.53499744828e-19, 6.76989687226e-19, 7.96936097624e-19, 1.87039391773e-18, 1.39539651452e-18, 1.4971891539e-18, 9.02464491451e-19, 2.60245971999e-18, 2.75084930443e-18, 3.44719413911e-18, 3.9338534448e-18, 1.05431721229e-17, 8.88519446414e-18, 1.58352842576e-17, 1.05469258685e-17, 1.35905311421e-17, 1.08759303397e-17, 2.15719720572e-17, 2.03799088416e-17, 1.67068546906e-17, 2.88039343978e-17, 2.36745361342e-17, 1.93400236976e-17, 2.05515587449e-17, 1.52257580253e-17, 1.06090322433e-17, 1.18433668697e-17, 5.92147291741e-18, 3.21280362036e-18, 1.47191878619e-18, 3.05424912355e-19, 3.41621554017e-20],
        "stdev": [0.671376347542, 2.29889845848, 3.73836398125, 7.09013795853, 4.02645492554, 23.6088581085, 42.0458946228, 65.8253326416, 67.7444839478, 87.101600647, 145.291473389, 112.008811951, 56.63646698, 99.3632736206, 72.1903305054, 48.092830658, 85.8476104736, 60.6433944702, 32.2484054565, 26.0816230774, 17.4316043854, 15.4179468155, 14.246556282, 14.6211109161, 12.4167947769, 15.3437490463, 16.1109714508, 22.5386543274, 41.7575302124, 40.0850830078, 32.3391876221, 47.248046875, 30.8685359955, 10.0821638107, 3.6081969738, 1.45207178593, 0.453005284071, 0.0824432522058, 0.00273658521473, 8.19217166281e-05],
        "var": [0.450746178627, 5.28493404388, 13.9753656387, 50.2700576782, 16.2123374939, 557.378173828, 1767.85717773, 4332.97412109, 4589.31494141, 7586.68847656, 21109.6132812, 12545.9736328, 3207.68945312, 9873.06054688, 5211.44433594, 2312.92041016, 7369.81201172, 3677.62133789, 1039.95959473, 680.251037598, 303.860809326, 237.71307373, 202.964355469, 213.776885986, 154.17678833, 235.430648804, 259.56338501, 507.990966797, 1743.69128418, 1606.81384277, 1045.82299805, 2232.37792969, 952.866516113, 101.650032043, 13.0190849304, 2.10851240158, 0.205213800073, 0.00679688993841, 7.48889806346e-06, 6.71116717754e-09]
    },
    "gfcc": {
        "mean": [37.840385437, 112.126739502, -74.0620193481, 18.6314086914, -53.648563385, 27.7854042053, -26.7499580383, 22.7171611786, -14.1704082489, 13.516251564, -6.04363298416, -0.0187958423048, -13.5206604004],
        "cov": [[3939.26147461, -1526.36108398, 61.7670860291, 50.3432502747, -445.930480957, 414.086151123, -324.672088623, 157.780960083, -192.116516113, 83.7018890381, -168.941238403, 237.403808594, -119.042877197], [-1526.36108398, 1794.14904785, -498.252075195, -266.990814209, 484.850006104, -419.193634033, 247.855621338, -50.3893928528, 41.276134491, -70.16796875, 161.078216553, -218.894577026, 100.055366516], [61.7670860291, -498.252075195, 510.900482178, 112.27936554, -253.380950928, 106.43081665, -103.980400085, 8.54430580139, 34.2914848328, 14.008854866, -29.1137428284, 50.8557548523, -34.5587310791], [50.3432502747, -266.990814209, 112.27936554, 337.909362793, -116.923675537, -24.3366947174, -9.76206111908, -73.5160903931, 82.1334838867, 5.53672742844, -39.3083572388, 35.6408157349, 18.2583808899], [-445.930480957, 484.850006104, -253.380950928, -116.923675537, 307.174713135, -134.19758606, 70.1084899902, 8.08581066132, -28.9067687988, -18.9254226685, 13.5831718445, -49.7682609558, 15.3970098495], [414.086151123, -419.193634033, 106.43081665, -24.3366947174, -134.19758606, 293.923400879, -42.4730262756, -13.8935890198, -15.0109434128, -9.75786876678, -16.1769714355, 9.95387077332, -45.2542457581], [-324.672088623, 247.855621338, -103.980400085, -9.76206111908, 70.1084899902, -42.4730262756, 152.410171509, -30.2098770142, 10.7074985504, -4.98049211502, 3.10972118378, -42.227432251, 12.8952264786], [157.780960083, -50.3893928528, 8.54430580139, -73.5160903931, 8.08581066132, -13.8935890198, -30.2098770142, 120.703491211, -23.9664916992, -16.1309165955, -19.6774330139, -7.63863801956, -0.425887703896], [-192.116516113, 41.276134491, 34.2914848328, 82.1334838867, -28.9067687988, -15.0109434128, 10.7074985504, -23.9664916992, 109.607826233, -1.83193850517, 6.68346977234, -14.3814964294, 12.611284256], [83.7018890381, -70.16796875, 14.008854866, 5.53672742844, -18.9254226685, -9.75786876678, -4.98049211502, -16.1309165955, -1.83193850517, 78.5863723755, 9.79804039001, 23.4016132355, -3.32606267929], [-168.941238403, 161.078216553, -29.1137428284, -39.3083572388, 13.5831718445, -16.1769714355, 3.10972118378, -19.6774330139, 6.68346977234, 9.79804039001, 103.804702759, -13.8118400574, 7.8917889595], [237.403808594, -218.894577026, 50.8557548523, 35.6408157349, -49.7682609558, 9.95387077332, -42.227432251, -7.63863801956, -14.3814964294, 23.4016132355, -13.8118400574, 105.173545837, -2.94679951668], [-119.042877197, 100.055366516, -34.5587310791, 18.2583808899, 15.3970098495, -45.2542457581, 12.8952264786, -0.425887703896, 12.611284256, -3.32606267929, 7.8917889595, -2.94679951668, 65.4753112793]],
        "icov": [[0.000687233812641, -4.99635498272e-05, 0.000969904300291, -0.000390945351683, 0.00112563942093, -0.000620416423772, 0.000940571539104, -0.000978878233582, 0.000886306515895, -0.000698345014825, 0.000721712072846, -0.00070183549542, 0.000736894493457], [-4.99635498272e-05, 0.00392158422619, 0.000313707423629, 0.00333025725558, -0.00164562603459, 0.00440416438505, -0.00176427059341, 0.0037055562716, -0.00204014126211, 0.00307021103799, -0.00263550691307, 0.00399547535926, -0.00199770275503], [0.000969904300291, 0.000313707423629, 0.00507960608229, -0.000383356120437, 0.00408492796123, -0.000213760868064, 0.0023750429973, -0.00126554898452, 0.000396526476834, -0.00065684132278, 0.00127963488922, -0.000617864890955, 0.00219589029439], [-0.000390945351683, 0.00333025725558, -0.000383356120437, 0.00892938207835, 0.000283093744656, 0.00577863259241, -0.00145932764281, 0.00738062150776, -0.00512272445485, 0.00388264795765, 0.000351391063305, 0.00290912832133, -0.00295692519285], [0.00112563942093, -0.00164562603459, 0.00408492796123, 0.000283093744656, 0.0103733008727, 0.000368623586837, 0.00198270217516, -0.00154276168905, 0.00260084937327, -0.000899002188817, 0.00349049689248, -0.00138044799678, 0.00302387773991], [-0.000620416423772, 0.00440416438505, -0.000213760868064, 0.00577863259241, 0.000368623586837, 0.0110305156559, -0.00191711517982, 0.00716683221981, -0.00263634580187, 0.00553315505385, -0.00219880021177, 0.00570398801938, -0.00031040806789], [0.000940571539104, -0.00176427059341, 0.0023750429973, -0.00145932764281, 0.00198270217516, -0.00191711517982, 0.0112872002646, 3.80493183911e-05, 0.00148809410166, -0.00243230024353, 0.00359384831972, 0.00045642114128, 0.00122981856111], [-0.000978878233582, 0.0037055562716, -0.00126554898452, 0.00738062150776, -0.00154276168905, 0.00716683221981, 3.80493183911e-05, 0.0173747800291, -0.00256410753354, 0.00604359433055, 0.000404190417612, 0.00615511322394, -0.00371750071645], [0.000886306515895, -0.00204014126211, 0.000396526476834, -0.00512272445485, 0.00260084937327, -0.00263634580187, 0.00148809410166, -0.00256410753354, 0.0146024776623, -0.00227000773884, 0.00069941370748, -0.000200435548322, 0.000602100801188], [-0.000698345014825, 0.00307021103799, -0.00065684132278, 0.00388264795765, -0.000899002188817, 0.00553315505385, -0.00243230024353, 0.00604359433055, -0.00227000773884, 0.0177805460989, -0.00377981271595, 0.000690114859026, -0.00100961525459], [0.000721712072846, -0.00263550691307, 0.00127963488922, 0.000351391063305, 0.00349049689248, -0.00219880021177, 0.00359384831972, 0.000404190417612, 0.00069941370748, -0.00377981271595, 0.0145978219807, -0.00164639134891, 0.000710977823474], [-0.00070183549542, 0.00399547535926, -0.000617864890955, 0.00290912832133, -0.00138044799678, 0.00570398801938, 0.00045642114128, 0.00615511322394, -0.000200435548322, 0.000690114859026, -0.00164639134891, 0.0176703371108, -0.00323448143899], [0.000736894493457, -0.00199770275503, 0.00219589029439, -0.00295692519285, 0.00302387773991, -0.00031040806789, 0.00122981856111, -0.00371750071645, 0.000602100801188, -0.00100961525459, 0.000710977823474, -0.00323448143899, 0.020058510825]]
    },
    "melbands": {
        "dmean": [0.00296445097774, 0.00131101917941, 0.00032692233799, 0.000338359968737, 0.000599853810854, 0.000494422216434, 0.000396049872506, 0.000466400873847, 0.000519073451869, 0.000335524906404, 0.000147014507093, 0.00014373488375, 0.000108602820546, 5.6538337958e-05, 8.67815833772e-05, 8.97037170944e-05, 4.57441528852e-05, 2.51492365351e-05, 1.55521574925e-05, 1.25460501295e-05, 7.41014855521e-06, 6.24859558229e-06, 5.31807427251e-06, 5.20578623764e-06, 5.10783456775e-06, 3.70166139874e-06, 3.33468733515e-06, 4.08776941185e-06, 3.21473044096e-06, 2.73548607765e-06, 3.64589595847e-06, 6.09969902143e-06, 7.93911567598e-06, 7.07533536115e-06, 6.95219932823e-06, 1.41226100823e-05, 1.48546641867e-05, 1.33362873385e-05, 6.56577731206e-06, 3.57196518053e-06],
        "dmean2": [0.00476264860481, 0.00210706074722, 0.000551194767468, 0.000543116650078, 0.000956924515776, 0.000755532586481, 0.000648640212603, 0.000745720637497, 0.00081749050878, 0.000518080894835, 0.000226482050493, 0.000205320888199, 0.000157976624905, 8.73681055964e-05, 0.000134921836434, 0.000147396625835, 7.33378910809e-05, 3.98235715693e-05, 2.3709018933e-05, 2.01089042093e-05, 1.15678130896e-05, 1.02201929622e-05, 8.61266562424e-06, 8.42621193442e-06, 7.94168227003e-06, 5.85793395658e-06, 5.26465191797e-06, 6.39757399767e-06, 5.14328121426e-06, 4.24760673923e-06, 5.67489905734e-06, 9.6639532785e-06, 1.24978505482e-05, 1.14115719043e-05, 1.05853996502e-05, 2.42583464569e-05, 2.53934958891e-05, 2.31336252909e-05, 1.08794229163e-05, 5.77757100473e-06],
        "dvar": [1.68678761838e-05, 1.77323977368e-06, 2.43089203877e-07, 3.58254027333e-07, 7.85501640621e-07, 7.21041203633e-07, 7.22982576917e-07, 5.89984608723e-07, 9.21079731597e-07, 2.9910000876e-07, 5.89947681817e-08, 7.29307103597e-08, 5.72855327619e-08, 1.79985182314e-08, 5.27535952699e-08, 3.78151163716e-08, 1.03341930568e-08, 2.44690889772e-09, 1.25029786524e-09, 9.35891808496e-10, 2.5554930394e-10, 2.90688889626e-10, 2.10375300513e-10, 1.28775795583e-10, 1.12485638859e-10, 9.66262278523e-11, 7.80911932341e-11, 1.11321854512e-10, 1.24687982161e-10, 8.70881491921e-11, 1.53167839523e-10, 3.91870536021e-10, 6.19089668419e-10, 3.95126431574e-10, 2.42478870316e-10, 8.87271756067e-10, 1.02713848538e-09, 8.46025249857e-10, 1.78170367349e-10, 4.78952016936e-11],
        "dvar2": [4.76378918393e-05, 5.28096052221e-06, 7.47047920413e-07, 8.33344017792e-07, 1.85175576917e-06, 1.60961485562e-06, 1.90202763406e-06, 1.43943600506e-06, 2.19171192839e-06, 6.43681516976e-07, 1.2958432194e-07, 1.49191166088e-07, 1.18979485819e-07, 3.8798518176e-08, 1.28973411506e-07, 9.53872856257e-08, 2.42653559468e-08, 5.97703442295e-09, 2.28271423985e-09, 2.2590922466e-09, 5.85514692286e-10, 7.71399000232e-10, 5.59501833752e-10, 3.1357041963e-10, 2.44395753635e-10, 2.27823121479e-10, 1.95405233661e-10, 2.70634042954e-10, 3.13736869817e-10, 1.98017741093e-10, 3.33765209914e-10, 8.54041559695e-10, 1.51407131277e-09, 9.2790070072e-10, 4.91406138003e-10, 2.28255214729e-09, 2.5943813764e-09, 2.17360840438e-09, 4.36549491001e-10, 1.14108070215e-10],
        "max": [0.0365174598992, 0.0145291592926, 0.00735736498609, 0.00728383008391, 0.0100890118629, 0.0100735807791, 0.00871560536325, 0.010472336784, 0.0111452788115, 0.0060862749815, 0.00288215838373, 0.00525928335264, 0.00408997293562, 0.00225006812252, 0.00289622973651, 0.00204469519667, 0.00170654454269, 0.000577540893573, 0.000469414313557, 0.000308867165586, 0.000213614606764, 0.000218138928176, 0.000160027702805, 0.000103226077044, 0.000147108978126, 0.000100484365248, 0.000164149387274, 0.000171046543983, 0.000186774996109, 0.000135066380608, 0.000167941718246, 0.000214710104046, 0.000259421241935, 0.000248805823503, 0.00018220327911, 0.000172368512722, 0.000218672590563, 0.000146299338667, 8.68821589393e-05, 5.37050545972e-05],
        "mean": [0.0112490998581, 0.00639718677849, 0.00130262924358, 0.000682570331264, 0.00109906832222, 0.000896497338545, 0.000613484357018, 0.00088510842761, 0.000757980102208, 0.00055363815045, 0.000207827877603, 0.000227203374379, 0.000162887605256, 7.04056801624e-05, 0.000109489403258, 0.000108444233774, 5.92676915403e-05, 3.22563719237e-05, 2.07989669434e-05, 1.43331781146e-05, 9.36740070756e-06, 7.24618121239e-06, 6.43733847028e-06, 6.50977062833e-06, 6.29365194982e-06, 4.28740440839e-06, 3.95845700041e-06, 4.67981180918e-06, 3.60612807526e-06, 3.00609849546e-06, 4.04706315749e-06, 6.40003781882e-06, 7.46874775359e-06, 6.68502570988e-06, 7.07991648596e-06, 1.10894543468e-05, 1.14462309284e-05, 9.8548571259e-06, 5.30793886355e-06, 3.204016366e-06],
        "median": [0.0104545764625, 0.00643849931657, 0.000941150239669, 0.000308020767989, 0.000685941777192, 0.000331676914357, 0.000249841832556, 0.000547357136384, 0.000327135145199, 0.000265229668003, 8.16764077172e-05, 7.32800763217e-05, 4.05637620133e-05, 2.36633004533e-05, 2.96233793051e-05, 3.47814275301e-05, 1.86647466762e-05, 1.07137821033e-05, 6.26215478405e-06, 4.5529613999e-06, 3.31827664013e-06, 2.65596327154e-06, 2.76781156572e-06, 2.76716673397e-06, 2.38707229983e-06, 1.61325942827e-06, 1.50454422965e-06, 1.60249942383e-06, 1.00298007055e-06, 5.57552937153e-07, 3.96091252242e-07, 3.37523545113e-07, 2.84609257051e-07, 3.54935309588e-07, 5.96723964463e-07, 6.44241424652e-07, 4.43484054813e-07, 3.03721577666e-07, 3.01607542497e-07, 4.39413440745e-07],
        "min": [2.26845062786e-23, 5.44598645617e-24, 4.28437891247e-24, 2.31403842626e-23, 1.4393497701e-23, 4.68344431733e-24, 6.20971938055e-24, 6.8639457895e-24, 7.88936951412e-24, 1.11178237895e-23, 7.51363979813e-24, 7.0292878798e-24, 3.07699120664e-24, 4.2922387281e-24, 8.25660556475e-24, 6.02420020045e-24, 6.82013876572e-24, 6.62189959796e-24, 9.56575415798e-24, 1.35108144128e-23, 1.00724126961e-23, 1.50121918426e-23, 1.543110696e-23, 7.24556040785e-24, 1.21721143012e-23, 6.17614861586e-24, 1.08515508907e-23, 1.55066482803e-23, 1.40944421095e-23, 9.221897578e-24, 1.00913469356e-23, 1.533879919e-23, 1.60616040385e-23, 1.2350764475e-23, 1.09340665302e-23, 1.14699610424e-23, 1.21158464306e-23, 1.09078802925e-23, 9.42423724475e-24, 8.82873482487e-24],
        "stdev": [0.0044476701878, 0.00178316526581, 0.00098114926368, 0.00096192851197, 0.00122054619715, 0.00135709962342, 0.00102772109676, 0.00101964001078, 0.00112560961861, 0.000748389284126, 0.000301669701003, 0.000397595373215, 0.000332217663527, 0.000163977063494, 0.000246137205977, 0.000217939523282, 0.000122521276353, 5.74590303586e-05, 4.56560264865e-05, 3.12947704515e-05, 1.81238483492e-05, 1.61308507813e-05, 1.36258013299e-05, 1.19386140796e-05, 1.25879478219e-05, 9.80036384135e-06, 8.67132257554e-06, 1.09868951768e-05, 1.08496988105e-05, 9.98513951345e-06, 1.43549159475e-05, 2.24137420446e-05, 2.59096523223e-05, 2.10741327464e-05, 1.89062120626e-05, 2.68435251201e-05, 2.91078740702e-05, 2.55366630881e-05, 1.27291323224e-05, 7.09313007974e-06],
        "var": [1.97817680601e-05, 3.17967851515e-06, 9.62653984971e-07, 9.25306494537e-07, 1.48973288105e-06, 1.84171938145e-06, 1.0562106354e-06, 1.0396657899e-06, 1.26699706016e-06, 5.60086562018e-07, 9.10046011882e-08, 1.58082087864e-07, 1.10368581829e-07, 2.68884754462e-08, 6.05835310807e-08, 4.74976360465e-08, 1.50114622954e-08, 3.30154037442e-09, 2.08447281658e-09, 9.79362591025e-10, 3.28473859224e-10, 2.6020435806e-10, 1.85662471508e-10, 1.42530515168e-10, 1.58456428534e-10, 9.60471355227e-11, 7.51918319275e-11, 1.20711857177e-10, 1.17715961978e-10, 9.97030027983e-11, 2.06063624497e-10, 5.02375863132e-10, 6.71310118605e-10, 4.44119074849e-10, 3.57444851495e-10, 7.20574877544e-10, 8.47268366577e-10, 6.52121190381e-10, 1.6203080544e-10, 5.03124937545e-11]
    },
    "melbands128": {
