{
"lowlevel": {
    "average_loudness": 0.973566770554,
    "barkbands_crest": {
        "dmean": 2.41799712181,
        "dmean2": 3.91815519333,
        "dvar": 6.11680936813,
        "dvar2": 16.2182407379,
        "max": 23.2326641083,
        "mean": 9.6187505722,
        "median": 8.85979175568,
        "min": 2.94481801987,
        "stdev": 3.73774623871,
        "var": 13.970746994
    },
    "barkbands_flatness_db": {
        "dmean": 0.0191005598754,
        "dmean2": 0.0293429791927,
        "dvar": 0.000387894018786,
        "dvar2": 0.00100443791598,
        "max": 0.380718201399,
        "mean": 0.122653461993,
        "median": 0.114137984812,
        "min": 0.0400664359331,
        "stdev": 0.0477750971913,
        "var": 0.0022824597545
    },
    "barkbands_kurtosis": {
        "dmean": 2.82132863998,
        "dmean2": 4.72967100143,
        "dvar": 31.00872612,
        "dvar2": 85.0687408447,
        "max": 76.7419967651,
        "mean": 3.79719209671,
        "median": 1.86692094803,
        "min": -1.68847548962,
        "stdev": 6.16886854172,
        "var": 38.05493927
    },
    "barkbands_skewness": {
        "dmean": 0.514720678329,
        "dmean2": 0.820792853832,
        "dvar": 0.439011275768,
        "dvar2": 1.11255514622,
        "max": 7.91779327393,
        "mean": 1.64325487614,
        "median": 1.48985087872,
        "min": -1.86732411385,
        "stdev": 1.00525927544,
        "var": 1.01054620743
    },
    "barkbands_spread": {
        "dmean": 5.04332113266,
        "dmean2": 7.63632297516,
        "dvar": 33.6979522705,
        "dvar2": 74.2872238159,
        "max": 76.8855438232,
        "mean": 21.8323249817,
        "median": 21.0948524475,
        "min": 2.19597434998,
        "stdev": 10.1794071198,
        "var": 103.62033844
    },
    "dissonance": {
        "dmean": 0.0169539116323,
        "dmean2": 0.0288538951427,
        "dvar": 0.000466611323645,
        "dvar2": 0.00113973906264,
        "max": 0.499737143517,
        "mean": 0.469670802355,
        "median": 0.474066853523,
        "min": 0.0507051348686,
        "stdev": 0.0238820258528,
        "var": 0.000570351199713
    },
    "dynamic_complexity": 1.68296432495,
    "erbbands_crest": {
        "dmean": 2.23601531982,
        "dmean2": 3.57785916328,
        "dvar": 4.97025299072,
        "dvar2": 12.5758981705,
        "max": 25.5695571899,
        "mean": 8.00904464722,
        "median": 7.07789945602,
        "min": 2.64250898361,
        "stdev": 3.5274848938,
        "var": 12.4431495667
    },
    "erbbands_flatness_db": {
        "dmean": 0.0128476880491,
        "dmean2": 0.0184049401432,
        "dvar": 0.000178484828211,
        "dvar2": 0.000345949083567,
        "max": 0.317812353373,
        "mean": 0.136601626873,
        "median": 0.132026001811,
        "min": 0.0555963069201,
        "stdev": 0.0411473438144,
        "var": 0.0016931038117
    },
    "erbbands_kurtosis": {
        "dmean": 0.585981070995,
        "dmean2": 0.937420487404,
        "dvar": 0.533528327942,
        "dvar2": 1.37048697472,
        "max": 8.52816009521,
        "mean": -0.080497674644,
        "median": -0.389851093292,
        "min": -1.74168932438,
        "stdev": 1.18942570686,
        "var": 1.4147336483
    },
    "erbbands_skewness": {
        "dmean": 0.293597877026,
        "dmean2": 0.454268723726,
        "dvar": 0.0725930631161,
        "dvar2": 0.171029657125,
        "max": 2.40080189705,
        "mean": 0.195027351379,
        "median": 0.226866781712,
        "min": -2.12336421013,
        "stdev": 0.560265183449,
        "var": 0.313897043467
    },
    "erbbands_spread": {
        "dmean": 6.77964544296,
        "dmean2": 10.3494491577,
        "dvar": 67.9198608398,
        "dvar2": 139.252426147,
        "max": 112.610847473,
        "mean": 38.8050880432,
        "median": 37.2917175293,
        "min": 10.4972314835,
        "stdev": 15.668926239,
        "var": 245.51524353
    },
    "hfc": {
        "dmean": 5.59903383255,
        "dmean2": 8.45820808411,
        "dvar": 61.6496543884,
        "dvar2": 140.010742188,
        "max": 88.3270339966,
        "mean": 25.3220443726,
        "median": 24.7922134399,
        "min": 1.19020874288e-16,
        "stdev": 13.2582216263,
        "var": 175.780441284
    },
    "loudness_ebu128": {
        "integrated": -8.45175743103,
        "loudness_range": 1.94489717484,
        "momentary": {
            "dmean": 0.378174155951,
            "dmean2": 0.439023435116,
            "dvar": 0.128381490707,
            "dvar2": 0.18758559227,
            "max": -6.43730545044,
            "mean": -8.60999584198,
            "median": -8.44053649902,
            "min": -13.4375486374,
            "stdev": 1.23033201694,
            "var": 1.51371693611
        },
        "short_term": {
            "dmean": 0.0571125373244,
            "dmean2": 0.0617241859436,
            "dvar": 0.00192594015971,
            "dvar2": 0.00291359820403,
            "max": -7.35992097855,
            "mean": -8.45481109619,
            "median": -8.19110012054,
            "min": -9.71908187866,
            "stdev": 0.723769843578,
            "var": 0.523842811584
        }
    },
    "melbands_crest": {
        "dmean": 2.74124145508,
        "dmean2": 4.41066741943,
        "dvar": 7.77783489227,
        "dvar2": 20.0329418182,
        "max": 26.9519062042,
        "mean": 13.0050859451,
        "median": 12.4485034943,
        "min": 2.50856113434,
        "stdev": 4.39512062073,
        "var": 19.3170852661
    },
    "melbands_flatness_db": {
        "dmean": 0.0237146914005,
        "dmean2": 0.0361397117376,
        "dvar": 0.000622702063993,
        "dvar2": 0.00154324108735,
        "max": 0.509385347366,
        "mean": 0.209880933166,
        "median": 0.200380295515,
        "min": 0.00814034044743,
        "stdev": 0.0594159625471,
        "var": 0.00353025668301
    },
    "melbands_kurtosis": {
        "dmean": 6.96268224716,
        "dmean2": 11.632569313,
        "dvar": 206.846115112,
        "dvar2": 596.188964844,
        "max": 165.941696167,
        "mean": 12.1529302597,
        "median": 7.7622795105,
        "min": -1.27056241035,
        "stdev": 15.2456531525,
        "var": 232.429931641
    },
    "melbands_skewness": {
        "dmean": 0.711328148842,
        "dmean2": 1.13369596004,
        "dvar": 0.889204084873,
        "dvar2": 2.34640455246,
        "max": 10.8837528229,
        "mean": 2.69077181816,
        "median": 2.48433423042,
        "min": -0.0451666712761,
        "stdev": 1.42009699345,
        "var": 2.01667547226
    },
    "melbands_spread": {
        "dmean": 5.29354190826,
        "dmean2": 8.08261299133,
        "dvar": 36.1134338379,
        "dvar2": 70.1481018066,
        "max": 125.116531372,
        "mean": 20.3594150543,
        "median": 19.3781700134,
        "min": 1.6856521368,
        "stdev": 10.7871932983,
        "var": 116.36353302
    },
    "pitch_salience": {
        "dmean": 0.0720308199525,
        "dmean2": 0.11978584528,
        "dvar": 0.0052680792287,
        "dvar2": 0.0146761778742,
        "max": 0.813871502876,
        "mean": 0.555242419243,
        "median": 0.561490058899,
        "min": 0.19682879746,
        "stdev": 0.106946825981,
        "var": 0.0114376228303
    },
    "silence_rate_20dB": {
        "dmean": 0,
        "dmean2": 0,
        "dvar": 0,
        "dvar2": 0,
        "max": 1,
        "mean": 1,
        "median": 1,
        "min": 1,
        "stdev": 0,
        "var": 0
    },
    "silence_rate_30dB": {
        "dmean": 0.0681114569306,
        "dmean2": 0.136328428984,
        "dvar": 0.06347194314,
        "dvar2": 0.153373897076,
        "max": 1,
        "mean": 0.949729323387,
        "median": 1,
        "min": 0,
        "stdev": 0.218501210213,
        "var": 0.047742780298
    },
    "silence_rate_60dB": {
        "dmean": 0.000773993786424,
        "dmean2": 0.00154918665066,
        "dvar": 0.000773391744588,
        "dvar2": 0.00154677091632,
        "max": 1,
        "mean": 0.00154679035768,
        "median": 0,
        "min": 0,
        "stdev": 0.0392987206578,
        "var": 0.00154438940808
    },
    "spectral_centroid": {
        "dmean": 219.059402466,
        "dmean2": 329.831817627,
        "dvar": 113810.710938,
        "dvar2": 175272.0625,
        "max": 10992.4697266,
        "mean": 1251.09814453,
        "median": 1241.07910156,
        "min": 247.92364502,
        "stdev": 513.789001465,
        "var": 263979.15625
    },
    "spectral_complexity": {
        "dmean": 3.63544893265,
        "dmean2": 5.74051141739,
        "dvar": 11.5133600235,
        "dvar2": 23.522895813,
        "max": 47,
        "mean": 24.3279190063,
        "median": 25,
        "min": 0,
        "stdev": 7.43432235718,
        "var": 55.2691459656
    },
    "spectral_decrease": {
        "dmean": 3.92552435002e-09,
        "dmean2": 6.47911502227e-09,
        "dvar": 5.61507868379e-17,
        "dvar2": 1.5317342801e-16,
        "max": 3.77057541362e-29,
        "mean": -1.09816955529e-08,
        "median": -9.626477393e-09,
        "min": -5.69286378038e-08,
        "stdev": 7.55252216322e-09,
        "var": 5.70405883315e-17
    },
    "spectral_energy": {
        "dmean": 0.0151450792328,
        "dmean2": 0.024943806231,
        "dvar": 0.000824831309728,
        "dvar2": 0.00224479893222,
        "max": 0.21836169064,
        "mean": 0.0437442362309,
        "median": 0.0386904589832,
        "min": 1.06532259895e-20,
        "stdev": 0.0291752312332,
        "var": 0.000851194083225
    },
    "spectral_energyband_high": {
        "dmean": 0.000259897875367,
        "dmean2": 0.000389107095543,
        "dvar": 3.56673211854e-07,
        "dvar2": 7.65196546126e-07,
        "max": 0.0106901740655,
        "mean": 0.000625534739811,
        "median": 0.000360200909199,
        "min": 7.88251586533e-21,
        "stdev": 0.000845254282467,
        "var": 7.14454813533e-07
    },
    "spectral_energyband_low": {
        "dmean": 0.00939429365098,
        "dmean2": 0.0157922301441,
        "dvar": 0.000527107680682,
        "dvar2": 0.00152188760694,
        "max": 0.203258723021,
        "mean": 0.0196826774627,
        "median": 0.0156119763851,
        "min": 2.50593278576e-23,
        "stdev": 0.0222928728908,
        "var": 0.000496972177643
    },
    "spectral_energyband_middle_high": {
        "dmean": 0.00184697262011,
        "dmean2": 0.00273243756965,
        "dvar": 4.56776433566e-06,
        "dvar2": 9.62889589573e-06,
        "max": 0.0261643473059,
        "mean": 0.00701629556715,
        "median": 0.00665599294007,
        "min": 1.44451230936e-21,
        "stdev": 0.00454688165337,
        "var": 2.06741315196e-05
    },
    "spectral_energyband_middle_low": {
        "dmean": 0.00778723554686,
        "dmean2": 0.0127149168402,
        "dvar": 0.000365500774933,
        "dvar2": 0.000931343238335,
        "max": 0.165968000889,
        "mean": 0.0176592376083,
        "median": 0.0134682664648,
        "min": 3.46636992812e-22,
        "stdev": 0.0190081615001,
        "var": 0.000361310201697
    },
    "spectral_entropy": {
        "dmean": 0.12015042454,
        "dmean2": 0.176642373204,
        "dvar": 0.0191290229559,
        "dvar2": 0.0377475954592,
        "max": 9.80850505829,
        "mean": 7.5737786293,
        "median": 7.60904884338,
        "min": 5.9603843689,
        "stdev": 0.357246160507,
        "var": 0.127624824643
    },
    "spectral_flux": {
        "dmean": 0.0309427995235,
        "dmean2": 0.0495175383985,
        "dvar": 0.00206695520319,
        "dvar2": 0.00437757885084,
        "max": 0.408396065235,
        "mean": 0.101282268763,
        "median": 0.0871233046055,
        "min": 1.03214464753e-10,
        "stdev": 0.0600871518254,
        "var": 0.00361046567559
    },
    "spectral_kurtosis": {
        "dmean": 1.52503681183,
        "dmean2": 2.51897931099,
        "dvar": 6.41305208206,
        "dvar2": 15.9473514557,
        "max": 67.6902542114,
        "mean": 6.49862337112,
        "median": 5.96404838562,
        "min": -1.16994869709,
        "stdev": 5.10876226425,
        "var": 26.0994510651
    },
    "spectral_rms": {
        "dmean": 0.000980530981906,
        "dmean2": 0.00155307492241,
        "dvar": 2.21581240112e-06,
        "dvar2": 5.67692404729e-06,
        "max": 0.0145957460627,
        "mean": 0.00626824144274,
        "median": 0.00614384142682,
        "min": 3.22387841249e-12,
        "stdev": 0.00184022658505,
        "var": 3.38643371833e-06
    },
    "spectral_rolloff": {
        "dmean": 408.546813965,
        "dmean2": 660.024047852,
        "dvar": 675891.5625,
        "dvar2": 1248109.125,
        "max": 18690.8203125,
        "mean": 1132.58337402,
        "median": 925.927734375,
        "min": 107.666015625,
        "stdev": 1015.82415771,
        "var": 1031898.6875
    },
    "spectral_skewness": {
        "dmean": 0.191103681922,
        "dmean2": 0.309655427933,
        "dvar": 0.0522779263556,
        "dvar2": 0.115175239742,
        "max": 5.94425582886,
        "mean": 1.87607431412,
        "median": 1.86007356644,
        "min": 0.00567404553294,
        "stdev": 0.463798701763,
        "var": 0.215109243989
    },
    "spectral_spread": {
        "dmean": 461103.84375,
        "dmean2": 625468.4375,
        "dvar": 981379645440,
        "dvar2": 911691612160,
        "max": 39576784,
        "mean": 4500845.5,
        "median": 4370067.5,
        "min": 982095.3125,
        "stdev": 1757255.875,
        "var": 3.08794805453e+12
    },
    "spectral_strongpeak": {
        "dmean": 0.39243683219,
        "dmean2": 0.670628488064,
        "dvar": 0.458699464798,
        "dvar2": 1.08473026752,
        "max": 6.51714134216,
        "mean": 0.748191058636,
        "median": 0.390897482634,
        "min": 0,
        "stdev": 0.920731842518,
        "var": 0.847747087479
    },
    "zerocrossingrate": {
        "dmean": 0.00891377869993,
        "dmean2": 0.0106533057988,
        "dvar": 0.000264191243332,
        "dvar2": 0.000300098123262,
        "max": 0.4990234375,
        "mean": 0.0533729530871,
        "median": 0.05126953125,
        "min": 0.00341796875,
        "stdev": 0.0255774985999,
        "var": 0.000654208473861
    },
    "barkbands": {
        "dmean": [0.000332342344336, 0.00628674961627, 0.00372753315605, 0.00131140951999, 0.005306661129, 0.00128069147468, 0.000782270741183, 0.000932832073886, 0.0012121781474, 0.000545681454241, 0.000837628787849, 0.000373937247787, 0.000320098799421, 0.000335461925715, 0.000252288620686, 0.000284790497972, 0.000309447525069, 0.000403718178859, 0.000219292909605, 6.89892549417e-05, 5.33909405931e-05, 5.36857078259e-05, 5.05636708112e-05, 5.24014139955e-05, 5.31464029336e-05, 3.02693242702e-05, 1.0448519788e-05],
        "dmean2": [0.00057165051112, 0.010609456338, 0.00633985036984, 0.00223846640438, 0.00903775170445, 0.00214462797157, 0.00125055923127, 0.00135229749139, 0.00178768020123, 0.000851658696774, 0.00126443768386, 0.000597692735028, 0.000505851989146, 0.000536887848284, 0.000396782590542, 0.000456820329418, 0.0004823130148, 0.000618042016868, 0.000352787115844, 0.000116212366265, 9.16313147172e-05, 9.09185182536e-05, 7.88719917182e-05, 7.8893302998e-05, 7.81975613791e-05, 4.54638175142e-05, 1.54701101565e-05],
        "dvar": [5.84187205277e-07, 0.0001995536295, 0.000103818070784, 5.2381851674e-06, 0.000278153456748, 4.52671656603e-06, 2.1759478841e-06, 2.08290089176e-06, 5.32700414624e-06, 8.96058111266e-07, 2.15081649912e-06, 5.6196205378e-07, 4.43735018507e-07, 4.01284381724e-07, 2.02449371045e-07, 2.6047382562e-07, 1.5947679799e-07, 3.37405765549e-07, 8.50131627317e-08, 1.42377780676e-08, 2.00992733568e-08, 2.28091607823e-08, 1.49886769663e-08, 2.93165953735e-08, 2.18192361956e-08, 3.00444313872e-09, 3.2190383692e-10],
        "dvar2": [1.67839732512e-06, 0.000580023042858, 0.000293278862955, 1.35407854032e-05, 0.000725518446416, 1.29340487547e-05, 5.16295676789e-06, 4.38898723587e-06, 1.10861683424e-05, 2.07893117476e-06, 4.69290353067e-06, 1.49834431795e-06, 1.06493200747e-06, 9.34493129989e-07, 4.92325909818e-07, 6.17169007455e-07, 3.74045242779e-07, 7.95664391262e-07, 2.1923881377e-07, 3.766703216e-08, 5.46885097208e-08, 5.81227794783e-08, 3.15401642581e-08, 6.16686932631e-08, 4.66005509736e-08, 6.87938683797e-09, 7.24073079272e-10],
        "max": [0.00974682159722, 0.130825802684, 0.0994898378849, 0.0198464151472, 0.146831527352, 0.0265011619776, 0.0285453181714, 0.0187611971051, 0.046314496547, 0.014479091391, 0.0190417841077, 0.0112566389143, 0.00845513027161, 0.00826377701014, 0.00609969347715, 0.00965365115553, 0.00605320371687, 0.00657318579033, 0.00407425686717, 0.00194706476759, 0.00263210106641, 0.0032424677629, 0.00191246613394, 0.00299890362658, 0.00305417645723, 0.000754312437493, 0.000205068587093],
        "mean": [0.000546936003957, 0.0119710713625, 0.00624607270584, 0.00206726207398, 0.00690874271095, 0.00240016845055, 0.00149048666935, 0.00177424657159, 0.00238124909811, 0.00107806944288, 0.00156119070016, 0.000581199128646, 0.00048324020463, 0.000534701859578, 0.000462405005237, 0.000540545443073, 0.000711442204192, 0.000826453382615, 0.000478150497656, 0.000132926783408, 8.896701911e-05, 9.64051505434e-05, 9.2661830422e-05, 9.49580426095e-05, 0.000109321314085, 7.01657991158e-05, 1.52115426317e-05],
        "median": [0.000117431060062, 0.00882937759161, 0.00401596073061, 0.00133463472594, 0.00347357732244, 0.00169059121981, 0.000644982035737, 0.000881685351487, 0.000826129631605, 0.000570253818296, 0.000769005855545, 0.000250613200478, 0.000193908112124, 0.000270878372248, 0.000257556559518, 0.000275518861599, 0.000475534005091, 0.000430098298239, 0.000346897344571, 8.91939125722e-05, 5.02790353494e-05, 5.02642287756e-05, 4.19839998358e-05, 4.14630194427e-05, 5.70083102502e-05, 3.98258198402e-05, 5.11854113938e-06],
        "min": [8.45701252228e-24, 8.78921052693e-24, 4.83525823196e-24, 5.20205685921e-24, 3.8402764919e-23, 3.06171432357e-23, 1.15231398915e-22, 8.07830233201e-23, 3.09800665837e-23, 1.05874265334e-22, 4.9960107295e-23, 4.87517143832e-23, 5.60357625257e-23, 1.57249046357e-22, 1.29385545173e-22, 1.11384029617e-22, 1.34896489592e-22, 1.97106754775e-22, 3.49269945457e-22, 2.71358028733e-22, 4.56757229394e-22, 6.22859680623e-22, 5.35779837029e-22, 1.02869855129e-21, 1.14591919235e-21, 1.63938321776e-21, 2.65606503195e-21],
        "stdev": [0.000896558107343, 0.0145814344287, 0.00915394537151, 0.00240638572723, 0.0148488273844, 0.00232519488782, 0.0028690805193, 0.00241372198798, 0.00396725768223, 0.00146361324005, 0.00230463012122, 0.000888169277459, 0.000818981498014, 0.000807666394394, 0.00062511843862, 0.000795415602624, 0.000734016532078, 0.000972792971879, 0.000436180765973, 0.000143485434819, 0.000140506541356, 0.000168446436874, 0.000163921184139, 0.000216858636122, 0.000200197217055, 8.51635777508e-05, 2.43139256781e-05],
        "var": [8.03816476491e-07, 0.000212618222577, 8.3794722741e-05, 5.79069273954e-06, 0.000220487680053, 5.40653127246e-06, 8.23162281449e-06, 5.82605389354e-06, 1.57391332323e-05, 2.14216356653e-06, 5.31131991011e-06, 7.88844715771e-07, 6.70730685215e-07, 6.52325013561e-07, 3.9077309566e-07, 6.32686010249e-07, 5.38780284387e-07, 9.46326110807e-07, 1.90253658161e-07, 2.05880699156e-08, 1.97420870762e-08, 2.83742025431e-08, 2.68701558781e-08, 4.70276653175e-08, 4.0078926844e-08, 7.2528347772e-09, 5.91166948727e-10]
    },
    "erbbands": {
        "dmean": [0.154635384679, 1.58387887478, 4.31864976883, 3.8282096386, 15.609377861, 16.8109416962, 11.6722888947, 10.4182672501, 8.90075016022, 17.262014389, 18.6206932068, 28.2141723633, 21.5202045441, 17.3762378693, 34.0173110962, 13.9489984512, 14.2738246918, 17.3172245026, 11.7296543121, 12.4363794327, 13.148106575, 16.021692276, 22.8156661987, 13.4407196045, 7.78543281555, 3.1697063446, 2.09455180168, 2.26775717735, 2.01001906395, 1.53575968742, 1.46227109432, 1.11698055267, 0.857923924923, 0.698095202446, 0.321706593037, 0.128745883703, 0.0591003447771, 0.0219677127898, 0.00087258045096, 2.6198611522e-05],
        "dmean2": [0.247929155827, 2.74229311943, 7.40275001526, 6.4683008194, 26.7815246582, 28.6334266663, 19.2124938965, 17.5085868835, 14.5018367767, 26.674621582, 27.5977687836, 42.1719856262, 32.8861427307, 27.3629760742, 50.3612632751, 21.7516689301, 22.2038345337, 27.7435646057, 18.098449707, 20.2739658356, 20.3752613068, 24.3353462219, 34.7903137207, 21.361240387, 12.4233722687, 5.34695339203, 3.56193351746, 3.89085507393, 3.38902592659, 2.52212762833, 2.25374937057, 1.71682500839, 1.34891831875, 1.02166891098, 0.49221393466, 0.194215551019, 0.0899528935552, 0.0330447517335, 0.00129774643574, 3.98609336116e-05],
        "dvar": [0.0992645174265, 15.1166934967, 147.041854858, 63.5708427429, 2992.93237305, 2066.48925781, 424.154449463, 324.943634033, 230.245239258, 806.051452637, 1204.01379395, 2880.50512695, 1643.07312012, 1014.67572021, 4605.29589844, 686.626037598, 902.544311523, 1039.15063477, 326.605010986, 718.288146973, 371.656738281, 460.090454102, 1101.4317627, 374.935577393, 99.9508361816, 27.006608963, 18.7961616516, 55.6812782288, 34.6069335938, 14.4285202026, 13.8147249222, 11.5051269531, 8.61790752411, 4.06709432602, 0.756729543209, 0.0811697393656, 0.0110350986943, 0.0013636010699, 2.13722569242e-06, 1.44739564778e-09],
        "dvar2": [0.225420445204, 46.4562187195, 420.463348389, 180.996459961, 7883.55761719, 5626.5234375, 1133.77478027, 934.871887207, 606.594482422, 1779.71569824, 2541.18017578, 5872.05419922, 4043.97680664, 2295.43994141, 9910.78808594, 1772.1229248, 2178.98901367, 2402.71606445, 681.21661377, 1738.15844727, 830.922546387, 1035.67993164, 2548.56884766, 936.886352539, 253.15625, 73.6462249756, 50.0099029541, 154.145812988, 89.1050949097, 33.2265281677, 30.392156601, 22.4814853668, 19.4559230804, 8.86800861359, 1.58123660088, 0.187595278025, 0.0244600139558, 0.00285350042395, 4.54748214906e-06, 3.23937965341e-09],
        "max": [3.05068349838, 35.1938438416, 113.609436035, 98.6333007812, 528.167419434, 423.061340332, 192.511932373, 289.116607666, 204.272293091, 422.583343506, 437.588867188, 1065.58361816, 635.305603027, 658.215270996, 1026.97473145, 337.762817383, 386.582489014, 412.195037842, 248.452529907, 379.317016602, 345.426269531, 407.029815674, 362.486480713, 266.196166992, 139.014694214, 64.7060012817, 47.0310974121, 171.915527344, 128.852676392, 60.1723136902, 63.2635421753, 61.3424797058, 59.6445541382, 37.4650192261, 19.4436511993, 4.65074205399, 1.27852725983, 0.392970055342, 0.0158420428634, 0.00033675582381],
        "mean": [0.282561630011, 2.88364553452, 7.16258144379, 7.54743671417, 16.601102829, 22.2431564331, 20.6724090576, 19.8155975342, 18.1128368378, 36.4735527039, 37.2272071838, 58.2816352844, 42.5480537415, 33.7825431824, 64.0912704468, 25.8357200623, 23.8555011749, 28.5404891968, 24.7489452362, 24.631187439, 31.149597168, 39.0775032043, 48.1685409546, 31.4116477966, 17.4323253632, 6.45357513428, 3.97982311249, 3.63956809044, 3.56081223488, 2.83407449722, 2.59784269333, 2.00883030891, 1.56507253647, 1.34653604031, 0.678411364555, 0.297041028738, 0.130096197128, 0.039734672755, 0.00141934328713, 7.86919845268e-05],
        "median": [0.195372834802, 2.04274630547, 4.35538339615, 5.62304067612, 6.09564971924, 11.8261508942, 13.9391403198, 14.0123786926, 9.81325531006, 18.2905216217, 17.4343910217, 22.2189826965, 24.7813930511, 17.6253433228, 29.9860801697, 12.3945999146, 10.3067474365, 14.701333046, 15.4136314392, 13.2678184509, 20.1253013611, 26.5544281006, 27.6495666504, 20.0056190491, 13.2046260834, 4.56593990326, 2.47770500183, 2.04827094078, 1.83736467361, 1.23826670647, 1.18301427364, 0.836917996407, 0.709221541882, 0.676726460457, 0.357608646154, 0.178452178836, 0.0724017396569, 0.0188930779696, 0.000560996471904, 6.3941712142e-05],
        "min": [2.45656990928e-22, 2.28298638085e-21, 4.91022408768e-21, 1.59646084405e-20, 2.85259276535e-20, 1.61681058572e-19, 1.81094806603e-19, 2.63410780532e-19, 1.28673062463e-18, 2.1408155968e-18, 1.05812871579e-18, 7.45521135687e-19, 2.86933155345e-18, 2.23607495691e-18, 2.81085236568e-18, 1.91547464073e-18, 2.06093724658e-18, 6.89611625853e-18, 7.85071163674e-18, 8.13592433913e-18, 5.03358800124e-18, 7.28175530473e-18, 8.60412924535e-18, 1.83333978317e-17, 1.64562338542e-17, 1.15641512268e-17, 1.58381446482e-17, 2.5083360375e-17, 1.97169732115e-17, 1.76407416022e-17, 1.67309736229e-17, 2.34662355123e-17, 1.31864302518e-17, 1.24649864826e-17, 8.43162734604e-18, 4.82354450984e-18, 3.67745020238e-18, 1.40135448967e-18, 3.62992702182e-19, 3.63579224935e-20],
        "stdev": [0.384159862995, 3.65083909035, 10.6579837799, 7.72570514679, 47.4100570679, 40.1272163391, 22.5277118683, 19.8251094818, 25.0006599426, 52.9985313416, 59.7129859924, 96.0813446045, 55.6281394958, 49.4842338562, 108.760902405, 35.3833732605, 37.3558044434, 41.8459434509, 29.3004989624, 35.6013565063, 35.3555793762, 39.2551116943, 54.6047554016, 31.2171440125, 15.7205982208, 6.37297058105, 4.87365531921, 6.9311542511, 6.47784328461, 4.77630090714, 4.83765459061, 4.40775251389, 3.62286376953, 2.60927033424, 1.23232388496, 0.396813809872, 0.16397048533, 0.0552967265248, 0.00209188670851, 5.56805389351e-05],
        "var": [0.147578790784, 13.3286266327, 113.59261322, 59.6865196228, 2247.71362305, 1610.19335938, 507.497772217, 393.034973145, 625.03302002, 2808.84448242, 3565.64086914, 9231.625, 3094.48999023, 2448.68945312, 11828.9345703, 1251.98303223, 1395.45605469, 1751.08288574, 858.519226074, 1267.45654297, 1250.01696777, 1540.96374512, 2981.67919922, 974.510070801, 247.137207031, 40.6147537231, 23.7525177002, 48.0409011841, 41.9624557495, 22.8130512238, 23.4029006958, 19.4282817841, 13.1251420975, 6.80829143524, 1.51862204075, 0.157461211085, 0.0268863197416, 0.00305772782303, 4.37599010183e-06, 3.10032244322e-09]
    },
    "gfcc": {
        "mean": [42.2876091003, 97.0233535767, -101.47454834, 23.2038326263, -41.5615158081, 9.3312292099, -37.5158691406, 22.3408641815, -26.6478099823, -0.80287861824, -17.203294754, 6.76217937469, -14.2791242599],
        "cov": [[4166.21923828, -1183.91503906, 52.324180603, 72.6360015869, -264.574920654, 239.900161743, -164.980484009, 165.005706787, -100.172187805, 145.042953491, -168.806915283, 91.9998550415, -210.324539185], [-1183.91503906, 1009.05023193, -123.511909485, -38.8325309753, 190.078048706, -188.572036743, 113.47593689, -34.847442627, 45.352809906, -101.232963562, 126.545799255, -43.7802772522, 115.138427734], [52.324180603, -123.511909485, 491.824401855, 64.7320251465, -6.79844093323, 68.6675491333, 52.3471488953, -18.4235954285, 25.6777553558, 65.4917068481, -18.6164512634, 62.5419998169, -21.4790439606], [72.6360015869, -38.8325309753, 64.7320251465, 201.522369385, 6.18786001205, -11.4899377823, -53.1372337341, 10.5704612732, 28.2385978699, 10.0239601135, -10.3712749481, -4.3221988678, 35.9450645447], [-264.574920654, 190.078048706, -6.79844093323, 6.18786001205, 217.407562256, -41.1382865906, 52.5797042847, 41.4742698669, 32.7698669434, 1.33651578426, 28.8044967651, 9.46969890594, 22.809053421], [239.900161743, -188.572036743, 68.6675491333, -11.4899377823, -41.1382865906, 184.04864502, 54.2532234192, -5.28257846832, -14.5992145538, 24.5267276764, -5.24532413483, 10.699095726, -18.9939785004], [-164.980484009, 113.47593689, 52.3471488953, -53.1372337341, 52.5797042847, 54.2532234192, 181.113510132, 16.2514705658, 27.9152030945, 9.37408161163, 24.2402153015, 14.1506729126, -5.60283517838], [165.005706787, -34.847442627, -18.4235954285, 10.5704612732, 41.4742698669, -5.28257846832, 16.2514705658, 161.737701416, 28.7925758362, 8.77247810364, 12.8907928467, 23.693447113, 1.15031433105], [-100.172187805, 45.352809906, 25.6777553558, 28.2385978699, 32.7698669434, -14.5992145538, 27.9152030945, 28.7925758362, 88.115562439, 38.3548088074, 1.76345384121, -0.0470821261406, 16.0241165161], [145.042953491, -101.232963562, 65.4917068481, 10.0239601135, 1.33651578426, 24.5267276764, 9.37408161163, 8.77247810364, 38.3548088074, 90.0198364258, -0.29941251874, 13.9551973343, -11.4889659882], [-168.806915283, 126.545799255, -18.6164512634, -10.3712749481, 28.8044967651, -5.24532413483, 24.2402153015, 12.8907928467, 1.76345384121, -0.29941251874, 75.7913208008, 12.6769294739, 12.6746168137], [91.9998550415, -43.7802772522, 62.5419998169, -4.3221988678, 9.46969890594, 10.699095726, 14.1506729126, 23.693447113, -0.0470821261406, 13.9551973343, 12.6769294739, 70.9122695923, 11.3312349319], [-210.324539185, 115.138427734, -21.4790439606, 35.9450645447, 22.809053421, -18.9939785004, -5.60283517838, 1.15031433105, 16.0241165161, -11.4889659882, 12.6746168137, 11.3312349319, 80.6491470337]],
        "icov": [[0.000470939470688, 4.12183690059e-05, 0.000283588393359, -0.000408480293117, 0.000257906911429, -0.000398150208639, 0.000225295458222, -0.000529578421265, 0.000611008959822, -0.000728093844373, 0.000840414024424, -0.00087717367569, 0.00104943930637], [4.12183690059e-05, 0.00365575379692, -0.000473801832413, 0.00092756410595, -0.00125019659754, 0.00311237992719, -0.00222800578922, 0.00126901129261, -0.00130755163264, 0.00312986085191, -0.0046824705787, 0.00321503193118, -0.00374768814072], [0.000283588393359, -0.000473801832413, 0.00334923667833, -0.00192368018907, 0.000355080555892, -0.00107889680658, -0.000625462154858, 0.000519430555869, 0.000295825098874, -0.00206105224788, 0.00210537621751, -0.00405850680545, 0.00264694052748], [-0.000408480293117, 0.00092756410595, -0.00192368018907, 0.00775918317959, -0.000942609272897, 0.000556819199119, 0.0021395990625, 2.44404577643e-06, -0.00294690509327, 0.00189520372078, -0.00182713719551, 0.00366669101641, -0.00518626673147], [0.000257906911429, -0.00125019659754, 0.000355080555892, -0.000942609272897, 0.00655935285613, 0.000390403787605, -0.00113933044486, -0.00178154744208, 0.000205520598684, -0.00160072406288, 0.00091521901777, -0.00159216753673, 0.000966216553934], [-0.000398150208639, 0.00311237992719, -0.00107889680658, 0.000556819199119, 0.000390403787605, 0.0105541767552, -0.00535312388092, 0.00120711687487, 0.00153425266035, 0.000654623203445, -0.00415018526837, 0.00371520221233, -0.00411242991686], [0.000225295458222, -0.00222800578922, -0.000625462154858, 0.0021395990625, -0.00113933044486, -0.00535312388092, 0.0105943446979, -0.00104565545917, -0.00319492351264, -4.7344487939e-06, 0.00116284471005, -0.00252170604654, 0.00326624512672], [-0.000529578421265, 0.00126901129261, 0.000519430555869, 2.44404577643e-06, -0.00178154744208, 0.00120711687487, -0.00104565545917, 0.0087138786912, -0.00410312321037, 0.00276555260643, -0.0031014198903, -0.00153891509399, -0.000551473698579], [0.000611008959822, -0.00130755163264, 0.000295825098874, -0.00294690509327, 0.000205520598684, 0.00153425266035, -0.00319492351264, -0.00410312321037, 0.021396106109, -0.0115968547761, 0.00447218539193, 0.00149750558194, -0.00182429642882], [-0.000728093844373, 0.00312986085191, -0.00206105224788, 0.00189520372078, -0.00160072406288, 0.000654623203445, -4.7344487939e-06, 0.00276555260643, -0.0115968547761, 0.0212833601981, -0.00658186711371, 0.00113972078543, -0.000983239617199], [0.000840414024424, -0.0046824705787, 0.00210537621751, -0.00182713719551, 0.00091521901777, -0.00415018526837, 0.00116284471005, -0.0031014198903, 0.00447218539193, -0.00658186711371, 0.0231117289513, -0.00824825745076, 0.00484094396234], [-0.00087717367569, 0.00321503193118, -0.00405850680545, 0.00366669101641, -0.00159216753673, 0.00371520221233, -0.00252170604654, -0.00153891509399, 0.00149750558194, 0.00113972078543, -0.00824825745076, 0.0246622283012, -0.0107245445251], [0.00104943930637, -0.00374768814072, 0.00264694052748, -0.00518626673147, 0.000966216553934, -0.00411242991686, 0.00326624512672, -0.000551473698579, -0.00182429642882, -0.000983239617199, 0.00484094396234, -0.0107245445251, 0.0234644319862]]
    },
    "melbands": {
        "dmean": [0.00153255602345, 0.00206398917362, 0.00097436690703, 0.00123984075617, 0.000450303312391, 0.000230290577747, 0.000146370017319, 0.000192340972717, 0.000165205055964, 0.000184474294656, 0.000106628613139, 6.74072580296e-05, 0.000103608646896, 5.73310571781e-05, 3.38992940669e-05, 3.30356342602e-05, 3.58092038368e-05, 2.00276645046e-05, 1.94865970116e-05, 2.30192435993e-05, 1.58126022143e-05, 1.7452515749e-05, 2.4789620511e-05, 1.64234352269e-05, 1.17357330964e-05, 8.52033008414e-06, 3.22533560393e-06, 2.05236824513e-06, 1.42309829698e-06, 1.27545774831e-06, 1.45944500218e-06, 1.27828616314e-06, 9.47970136167e-07, 9.2766566695e-07, 1.00227930488e-06, 6.91386560447e-07, 7.34986372208e-07, 6.21262813638e-07, 6.41139536128e-07, 6.44831516183e-07],
        "dmean2": [0.00251851440407, 0.00356933660805, 0.00163495691959, 0.0021484028548, 0.000736515969038, 0.000384294748073, 0.000235479848925, 0.000290915719233, 0.000241885412834, 0.000275122059975, 0.000163428776432, 0.000107682622911, 0.000156178837642, 8.88144786586e-05, 5.34185492143e-05, 5.1435403293e-05, 5.72028220631e-05, 3.16707373713e-05, 3.0700914067e-05, 3.72573340428e-05, 2.51816527452e-05, 2.74356643786e-05, 3.84809791285e-05, 2.56408529822e-05, 1.8660144633e-05, 1.38212772072e-05, 5.3905587265e-06, 3.5420232507e-06, 2.4083151402e-06, 2.16016201193e-06, 2.51696428677e-06, 2.19393905354e-06, 1.57565352765e-06, 1.51883523358e-06, 1.55401630764e-06, 1.08736037419e-06, 1.11589133667e-06, 9.87360863292e-07, 1.00680483683e-06, 9.4495680969e-07],
        "dvar": [1.04942519101e-05, 3.21325969708e-05, 4.73709496873e-06, 1.78691716428e-05, 6.49239666473e-07, 1.48408332734e-07, 6.59088712496e-08, 9.39788620258e-08, 1.09074903776e-07, 1.34901171123e-07, 4.14233305435e-08, 1.58064050737e-08, 3.65921870582e-08, 1.13163016735e-08, 4.94054885891e-09, 4.35500613349e-09, 4.79599648884e-09, 1.14144071972e-09, 1.52597356973e-09, 2.24652429992e-09, 4.48339254611e-10, 5.88696091874e-10, 1.07536979321e-09, 6.41590280903e-10, 2.86255241733e-10, 1.30288627109e-10, 3.15229231607e-11, 1.05134061179e-11, 8.1996579665e-12, 9.17230354169e-12, 2.76615778894e-11, 1.47682699403e-11, 5.75478206755e-12, 4.8381619891e-12, 7.12501455405e-12, 2.88195248915e-12, 5.79120649005e-12, 4.61372693522e-12, 4.61494427742e-12, 2.65745541891e-12],
        "dvar2": [2.82028431684e-05, 9.48727756622e-05, 1.25137221403e-05, 4.76114328194e-05, 1.78267009687e-06, 4.28681374842e-07, 1.64716865925e-07, 2.00631419034e-07, 2.24959308071e-07, 2.71505768978e-07, 1.01958200105e-07, 3.51337945403e-08, 7.95027332856e-08, 2.75246510029e-08, 1.15552483138e-08, 1.00210897358e-08, 1.11206457376e-08, 2.52579668292e-09, 3.90265286754e-09, 5.38934274985e-09, 1.00469788045e-09, 1.32613708903e-09, 2.54816101553e-09, 1.47277978702e-09, 7.42679584498e-10, 3.33807037567e-10, 8.0295964322e-11, 2.94039549653e-11, 2.21748609058e-11, 2.46807869281e-11, 7.75827804778e-11, 3.94871149667e-11, 1.38612454847e-11, 1.08323463047e-11, 1.63514670554e-11, 6.41933207979e-12, 1.13952467254e-11, 1.0637943651e-11, 1.05964325856e-11, 5.92695770935e-12],
        "max": [0.0305765345693, 0.0508801601827, 0.0194354150444, 0.035923846066, 0.0073597189039, 0.00578833650798, 0.00419014133513, 0.00445738201961, 0.00453008944169, 0.0079509196803, 0.00315976352431, 0.00276092602871, 0.00263729365543, 0.00148237589747, 0.000854918675032, 0.000747170066461, 0.000825568859, 0.000417429866502, 0.000483688345412, 0.000950524292421, 0.000327564601321, 0.000400090968469, 0.000360868638381, 0.000319670216413, 0.000248086958891, 0.000141155338497, 0.000112174384412, 2.89705658361e-05, 3.11405965476e-05, 3.99030614062e-05, 0.000127906736452, 8.08676122688e-05, 4.36592708866e-05, 3.93443006033e-05, 5.21365727764e-05, 2.43277336267e-05, 4.74451335322e-05, 4.65239063487e-05, 3.633428787e-05, 3.25180408254e-05],
        "mean": [0.00299966637976, 0.0037726983428, 0.00157671014313, 0.00144907145295, 0.000815412087832, 0.000441738055088, 0.00029413291486, 0.000402158388169, 0.000315946817864, 0.000371088914108, 0.00019910481933, 0.000121023287647, 0.000196570836124, 0.000103243066405, 5.43492351426e-05, 4.91342107125e-05, 5.49125761609e-05, 3.87469299312e-05, 3.35552394972e-05, 3.97961302951e-05, 3.54418043571e-05, 3.89943816117e-05, 4.94984487887e-05, 3.3912670915e-05, 2.48844098678e-05, 1.7345575543e-05, 6.29381520412e-06, 3.6889259718e-06, 2.58348813986e-06, 2.03626609618e-06, 2.15857517105e-06, 2.14047099689e-06, 1.61843411206e-06, 1.61897628459e-06, 1.64717232565e-06, 1.20576157769e-06, 1.22998244478e-06, 1.06500260699e-06, 1.09987752239e-06, 1.18712750918e-06],
        "median": [0.00231943465769, 0.0027201094199, 0.00106590532232, 0.000681879697368, 0.000549207208678, 0.000311131298076, 0.000143932338688, 0.000200758571737, 0.000127725783386, 0.000136036993354, 0.000112166701001, 5.65279478906e-05, 9.58155869739e-05, 4.99532325193e-05, 2.24622053793e-05, 1.79219805432e-05, 2.62379708147e-05, 2.30154819292e-05, 1.85045391845e-05, 1.70562852873e-05, 2.3580447305e-05, 2.49706426985e-05, 3.06268848362e-05, 1.88404646906e-05, 1.51657031893e-05, 1.23728814287e-05, 4.04021602662e-06, 2.45166620516e-06, 1.60852403042e-06, 1.06378524833e-06, 1.16470107514e-06, 1.13240969313e-06, 7.33235935968e-07, 7.05765557996e-07, 6.95769074355e-07, 5.43121075225e-07, 4.78407741866e-07, 4.74199850942e-07, 4.96830750762e-07, 5.8418260096e-07],
        "min": [3.62751691923e-24, 2.86124800426e-24, 2.58137829889e-24, 6.73370327633e-24, 7.50078767626e-24, 6.15722147617e-24, 2.22286109397e-23, 2.44584083299e-23, 7.04559442357e-24, 4.74313781646e-24, 1.47033385987e-23, 9.13833906434e-24, 7.64932860699e-24, 7.07994852713e-24, 3.83308618252e-24, 7.1555466454e-24, 1.30245439848e-23, 1.37819553723e-23, 8.85406278195e-24, 1.06624688203e-23, 4.89905617438e-24, 6.64418491853e-24, 9.31939131956e-24, 8.18220730392e-24, 1.57409099924e-23, 1.28910024553e-23, 9.20361809311e-24, 7.37859785521e-24, 9.6700991565e-24, 1.05996171166e-23, 1.62471583229e-23, 1.29975586309e-23, 7.24130529213e-24, 1.02341394369e-23, 8.80728017483e-24, 1.37427474076e-23, 1.33882869593e-23, 8.45686894959e-24, 9.57426123398e-24, 1.09604917928e-23],
        "stdev": [0.00361705361865, 0.00499205198139, 0.00202804454602, 0.00363259180449, 0.000862829969265, 0.000428673927672, 0.000477787980344, 0.000575973070227, 0.0005944778095, 0.000645606603939, 0.000275191327091, 0.000194321779418, 0.000306239991914, 0.000151987333084, 9.15940327104e-05, 8.64839021233e-05, 8.76929916558e-05, 4.96823085996e-05, 4.85897653562e-05, 6.84219266986e-05, 3.804437074e-05, 4.2380324885e-05, 5.33789097972e-05, 3.99545206164e-05, 2.59417629422e-05, 1.679437446e-05, 7.19911849956e-06, 3.94885682908e-06, 3.18783054354e-06, 3.14509907184e-06, 4.66916844744e-06, 3.97670373786e-06, 2.89486661131e-06, 2.8017391287e-06, 3.27828502122e-06, 2.20038214138e-06, 3.02616103909e-06, 2.59566422756e-06, 2.53391294791e-06, 2.14667397813e-06],
        "var": [1.30830767375e-05, 2.49205841101e-05, 4.11296468883e-06, 1.31957240228e-05, 7.44475528336e-07, 1.83761343919e-07, 2.28281351156e-07, 3.31744956839e-07, 3.53403862619e-07, 4.16807921511e-07, 7.57302629495e-08, 3.77609516988e-08, 9.37829369718e-08, 2.31001475726e-08, 8.38946689896e-09, 7.47946504731e-09, 7.69006103241e-09, 2.46833176121e-09, 2.36096542316e-09, 4.68156047262e-09, 1.44737422048e-09, 1.79609183082e-09, 2.84930790073e-09, 1.59636381891e-09, 6.72975064564e-10, 2.82050993672e-10, 5.18273098049e-11, 1.55934692242e-11, 1.01622642593e-11, 9.89164826437e-12, 2.18011320802e-11, 1.58141728879e-11, 8.38025308869e-12, 7.84974255735e-12, 1.07471523e-11, 4.84168130935e-12, 9.15765119985e-12, 6.73747299271e-12, 6.4207146544e-12, 4.60820964721e-12]
    },
    "melbands128": {
