{
"lowlevel": {
    "average_loudness": 0.960074365139,
    "barkbands_crest": {
        "dmean": 2.73470234871,
        "dmean2": 4.45413732529,
        "dvar": 7.05876588821,
        "dvar2": 19.6042995453,
        "max": 26.4676189423,
        "mean": 14.2546310425,
        "median": 13.9165897369,
        "min": 3.32191848755,
        "stdev": 4.55573511124,
        "var": 20.7547225952
    },
    "barkbands_flatness_db": {
        "dmean": 0.0311528146267,
        "dmean2": 0.0457078851759,
        "dvar": 0.00114439730532,
        "dvar2": 0.00217402935959,
        "max": 0.519790053368,
        "mean": 0.232703998685,
        "median": 0.221873119473,
        "min": 0.0349133834243,
        "stdev": 0.0740071088076,
        "var": 0.0054770517163
    },
    "barkbands_kurtosis": {
        "dmean": 13.6983242035,
        "dmean2": 22.2945632935,
        "dvar": 830.640258789,
        "dvar2": 2208.89306641,
        "max": 422.943634033,
        "mean": 25.5641708374,
        "median": 15.896987915,
        "min": -1.85806798935,
        "stdev": 35.9728088379,
        "var": 1294.04296875
    },
    "barkbands_skewness": {
        "dmean": 1.05775594711,
        "dmean2": 1.62297940254,
        "dvar": 1.84146785736,
        "dvar2": 4.6678814888,
        "max": 18.6353588104,
        "mean": 3.31165266037,
        "median": 2.99320363998,
        "min": -3.37982130051,
        "stdev": 2.20320892334,
        "var": 4.85412931442
    },
    "barkbands_spread": {
        "dmean": 5.89188528061,
        "dmean2": 9.3169002533,
        "dvar": 154.125305176,
        "dvar2": 327.792907715,
        "max": 100.965744019,
        "mean": 10.7954769135,
        "median": 5.85265827179,
        "min": 0.389347374439,
        "stdev": 15.4957494736,
        "var": 240.118255615
    },
    "dissonance": {
        "dmean": 0.0297832451761,
        "dmean2": 0.0474394634366,
        "dvar": 0.000843254383653,
        "dvar2": 0.00194433680736,
        "max": 0.499251663685,
        "mean": 0.41270673275,
        "median": 0.420648604631,
        "min": 0.158262148499,
        "stdev": 0.0528474040329,
        "var": 0.00279284804128
    },
    "dynamic_complexity": 2.7554693222,
    "erbbands_crest": {
        "dmean": 2.8169836998,
        "dmean2": 4.34051513672,
        "dvar": 7.40421533585,
        "dvar2": 17.5245609283,
        "max": 28.4449520111,
        "mean": 13.070980072,
        "median": 12.215927124,
        "min": 3.01800298691,
        "stdev": 4.98515987396,
        "var": 24.8518199921
    },
    "erbbands_flatness_db": {
        "dmean": 0.0249055176973,
        "dmean2": 0.0341640152037,
        "dvar": 0.000746975070797,
        "dvar2": 0.00130887480918,
        "max": 0.34432977438,
        "mean": 0.181833669543,
        "median": 0.178836032748,
        "min": 0.0429309010506,
        "stdev": 0.0562228225172,
        "var": 0.00316100590862
    },
    "erbbands_kurtosis": {
        "dmean": 2.95550322533,
        "dmean2": 4.5374121666,
        "dvar": 18.9176692963,
        "dvar2": 42.1394309998,
        "max": 54.4237365723,
        "mean": 5.24153661728,
        "median": 2.70400381088,
        "min": -1.86187887192,
        "stdev": 7.46725034714,
        "var": 55.7598304749
    },
    "erbbands_skewness": {
        "dmean": 0.571739554405,
        "dmean2": 0.833740353584,
        "dvar": 0.448254704475,
        "dvar2": 0.956991732121,
        "max": 6.34492540359,
        "mean": 1.63336360455,
        "median": 1.53872799873,
        "min": -4.11986446381,
        "stdev": 1.2572426796,
        "var": 1.58065915108
    },
    "erbbands_spread": {
        "dmean": 13.0239315033,
        "dmean2": 19.6701564789,
        "dvar": 420.712982178,
        "dvar2": 918.374328613,
        "max": 183.763397217,
        "mean": 35.4324836731,
        "median": 28.4749183655,
        "min": 2.7321805954,
        "stdev": 27.1510105133,
        "var": 737.177368164
    },
    "hfc": {
        "dmean": 8.64498996735,
        "dmean2": 12.7286090851,
        "dvar": 336.437103271,
        "dvar2": 747.469909668,
        "max": 197.960006714,
        "mean": 16.1989097595,
        "median": 9.26172733307,
        "min": 1.19942777007e-16,
        "stdev": 21.9868011475,
        "var": 483.419464111
    },
    "loudness_ebu128": {
        "integrated": -11.409614563,
        "loudness_range": 2.53121948242,
        "momentary": {
            "dmean": 0.708328068256,
            "dmean2": 0.881489098072,
            "dvar": 0.40516063571,
            "dvar2": 0.632082462311,
            "max": -7.65602731705,
            "mean": -11.7357721329,
            "median": -11.6449756622,
            "min": -19.7194881439,
            "stdev": 1.76613461971,
            "var": 3.11923146248
        },
        "short_term": {
            "dmean": 0.0793413668871,
            "dmean2": 0.0888165533543,
            "dvar": 0.0042492528446,
            "dvar2": 0.00578290224075,
            "max": -9.76473999023,
            "mean": -11.4125471115,
            "median": -11.4619197845,
            "min": -12.9668464661,
            "stdev": 0.852279186249,
            "var": 0.726379811764
        }
    },
    "melbands_crest": {
        "dmean": 2.99200439453,
        "dmean2": 4.81456184387,
        "dvar": 7.7761592865,
        "dvar2": 20.979724884,
        "max": 32.1059646606,
        "mean": 17.1353931427,
        "median": 16.6899929047,
        "min": 2.08465528488,
        "stdev": 4.9330830574,
        "var": 24.3353099823
    },
    "melbands_flatness_db": {
        "dmean": 0.0352219343185,
        "dmean2": 0.0515563823283,
        "dvar": 0.0017325374065,
        "dvar2": 0.00316567951813,
        "max": 0.669812560081,
        "mean": 0.322089761496,
        "median": 0.315166205168,
        "min": 0.00762361381203,
        "stdev": 0.0900233611465,
        "var": 0.00810420513153
    },
    "melbands_kurtosis": {
        "dmean": 25.0993309021,
        "dmean2": 39.6000175476,
        "dvar": 1839.71484375,
        "dvar2": 4578.33447266,
        "max": 580.024536133,
        "mean": 48.8176956177,
        "median": 27.4292678833,
        "min": -1.74786746502,
        "stdev": 67.9224700928,
        "var": 4613.46191406
    },
    "melbands_skewness": {
        "dmean": 1.25006890297,
        "dmean2": 1.90603840351,
        "dvar": 2.5344452858,
        "dvar2": 6.17509651184,
        "max": 17.819108963,
        "mean": 4.13631296158,
        "median": 3.49340081215,
        "min": -1.4526604414,
        "stdev": 2.74002599716,
        "var": 7.50774288177
    },
    "melbands_spread": {
        "dmean": 4.54459762573,
        "dmean2": 6.94860363007,
        "dvar": 188.189575195,
        "dvar2": 343.836456299,
        "max": 203.829299927,
        "mean": 9.3475446701,
        "median": 4.59698915482,
        "min": 0.355570971966,
        "stdev": 19.2105617523,
        "var": 369.045715332
    },
    "pitch_salience": {
        "dmean": 0.072414316237,
        "dmean2": 0.116938523948,
        "dvar": 0.00583687378094,
        "dvar2": 0.0153130916879,
        "max": 0.913227856159,
        "mean": 0.473949700594,
        "median": 0.484103292227,
        "min": 0.0354006029665,
        "stdev": 0.128797695041,
        "var": 0.0165888462216
    },
    "silence_rate_20dB": {
        "dmean": 0,
        "dmean2": 0,
        "dvar": 0,
        "dvar2": 0,
        "max": 1,
        "mean": 1,
        "median": 1,
        "min": 1,
        "stdev": 0,
        "var": 0
    },
    "silence_rate_30dB": {
        "dmean": 0.0448916405439,
        "dmean2": 0.0898528248072,
        "dvar": 0.0428761206567,
        "dvar2": 0.0864259898663,
        "max": 1,
        "mean": 0.939675152302,
        "median": 1,
        "min": 0,
        "stdev": 0.238087847829,
        "var": 0.0566858239472
    },
    "silence_rate_60dB": {
        "dmean": 0.0147058824077,
        "dmean2": 0.0294345468283,
        "dvar": 0.0144894290715,
        "dvar2": 0.030116925016,
        "max": 1,
        "mean": 0.0301624126732,
        "median": 0,
        "min": 0,
        "stdev": 0.171031832695,
        "var": 0.0292518883944
    },
    "spectral_centroid": {
        "dmean": 169.660980225,
        "dmean2": 251.441162109,
        "dvar": 196113.515625,
        "dvar2": 277258.5,
        "max": 11023.4082031,
        "mean": 569.066772461,
        "median": 410.943939209,
        "min": 122.194168091,
        "stdev": 643.844726562,
        "var": 414536.0625
    },
    "spectral_complexity": {
        "dmean": 1.90402472019,
        "dmean2": 2.96436882019,
        "dvar": 8.10690116882,
        "dvar2": 18.3643035889,
        "max": 39,
        "mean": 8.72312450409,
        "median": 8,
        "min": 0,
        "stdev": 4.76442956924,
        "var": 22.6997871399
    },
    "spectral_decrease": {
        "dmean": 3.9284393516e-09,
        "dmean2": 6.22349594082e-09,
        "dvar": 5.74219252114e-17,
        "dvar2": 1.43353232422e-16,
        "max": -4.39103375682e-30,
        "mean": -9.43696853994e-09,
        "median": -6.67722588332e-09,
        "min": -7.75878206127e-08,
        "stdev": 9.35027610893e-09,
        "var": 8.74276637037e-17
    },
    "spectral_energy": {
        "dmean": 0.0152161177248,
        "dmean2": 0.0238436777145,
        "dvar": 0.000828154617921,
        "dvar2": 0.00205145892687,
        "max": 0.294992893934,
        "mean": 0.0370865911245,
        "median": 0.0266945641488,
        "min": 1.08957320807e-20,
        "stdev": 0.0360011719167,
        "var": 0.0012960844906
    },
    "spectral_energyband_high": {
        "dmean": 0.000620412640274,
        "dmean2": 0.000918539240956,
        "dvar": 2.89568583867e-06,
        "dvar2": 6.21833760306e-06,
        "max": 0.0205262135714,
        "mean": 0.000727787672076,
        "median": 9.50248650042e-05,
        "min": 8.21580502871e-21,
        "stdev": 0.00211295462213,
        "var": 4.46457761427e-06
    },
    "spectral_energyband_low": {
        "dmean": 0.00949222967029,
        "dmean2": 0.0156050669029,
        "dvar": 0.000768574594986,
        "dvar2": 0.00198132661171,
        "max": 0.289954096079,
        "mean": 0.0142063014209,
        "median": 0.00489478604868,
        "min": 8.98731558834e-23,
        "stdev": 0.0299036540091,
        "var": 0.000894228520337
    },
    "spectral_energyband_middle_high": {
        "dmean": 0.000650585629046,
        "dmean2": 0.000971194764134,
        "dvar": 2.6108352813e-06,
        "dvar2": 5.37221330887e-06,
        "max": 0.0283353272825,
        "mean": 0.00156104832422,
        "median": 0.000697914278135,
        "min": 1.51519293381e-21,
        "stdev": 0.00287845474668,
        "var": 8.28550128062e-06
    },
    "spectral_energyband_middle_low": {
        "dmean": 0.00829781685024,
        "dmean2": 0.0131429843605,
        "dvar": 0.000137909009936,
        "dvar2": 0.000367417116649,
        "max": 0.135733067989,
        "mean": 0.0216622501612,
        "median": 0.0175530035049,
        "min": 2.37878393262e-22,
        "stdev": 0.018170170486,
        "var": 0.000330155075062
    },
    "spectral_entropy": {
        "dmean": 0.331263482571,
        "dmean2": 0.455737262964,
        "dvar": 0.144854679704,
        "dvar2": 0.248042404652,
        "max": 9.80905532837,
        "mean": 6.64373683929,
        "median": 6.65104675293,
        "min": 4.51958799362,
        "stdev": 0.775779366493,
        "var": 0.601833641529
    },
    "spectral_flux": {
        "dmean": 0.0349252857268,
        "dmean2": 0.0530705936253,
        "dvar": 0.00281494157389,
        "dvar2": 0.00639177625999,
        "max": 0.481529831886,
        "mean": 0.0786556527019,
        "median": 0.0611263848841,
        "min": 1.04382620603e-10,
        "stdev": 0.0670133084059,
        "var": 0.00449078390375
    },
    "spectral_kurtosis": {
        "dmean": 3.51576447487,
        "dmean2": 5.34253454208,
        "dvar": 35.5708351135,
        "dvar2": 82.4911499023,
        "max": 78.1520996094,
        "mean": 9.01233005524,
        "median": 6.04602146149,
        "min": -1.19331502914,
        "stdev": 10.14955616,
        "var": 103.01348877
    },
    "spectral_rms": {
        "dmean": 0.00107699807268,
        "dmean2": 0.00159413379151,
        "dvar": 2.42779287873e-06,
        "dvar2": 5.42523048352e-06,
        "max": 0.0169646088034,
        "mean": 0.00549053167924,
        "median": 0.00510328123346,
        "min": 3.26036550188e-12,
        "stdev": 0.00245683616959,
        "var": 6.03604348726e-06
    },
    "spectral_rolloff": {
        "dmean": 479.497772217,
        "dmean2": 837.446289062,
        "dvar": 3105803.5,
        "dvar2": 7444300.5,
        "max": 18561.6210938,
        "mean": 793.716064453,
        "median": 279.931640625,
        "min": 86.1328125,
        "stdev": 1779.98632812,
        "var": 3168351.25
    },
    "spectral_skewness": {
        "dmean": 0.403082728386,
        "dmean2": 0.585426568985,
        "dvar": 0.266078591347,
        "dvar2": 0.51560908556,
        "max": 7.14470052719,
        "mean": 2.37686157227,
        "median": 2.20237636566,
        "min": 0.0337522961199,
        "stdev": 1.02105081081,
        "var": 1.04254472256
    },
    "spectral_spread": {
        "dmean": 1162033.625,
        "dmean2": 1681388.75,
        "dvar": 3.42138762035e+12,
        "dvar2": 6.07060020429e+12,
        "max": 40056848,
        "mean": 5345599,
        "median": 4917386,
        "min": 1002764.5625,
        "stdev": 2727285.25,
        "var": 7.43808434176e+12
    },
    "spectral_strongpeak": {
        "dmean": 0.366939902306,
        "dmean2": 0.610319018364,
        "dvar": 0.249056994915,
        "dvar2": 0.577273368835,
        "max": 6.58791399002,
        "mean": 0.909881412983,
        "median": 0.653661191463,
        "min": 0,
        "stdev": 0.781574189663,
        "var": 0.610858201981
    },
    "zerocrossingrate": {
        "dmean": 0.0139912227169,
        "dmean2": 0.0169230494648,
        "dvar": 0.000723458186258,
        "dvar2": 0.000988638959825,
        "max": 0.4853515625,
        "mean": 0.039114613086,
        "median": 0.02587890625,
        "min": 0.00390625,
        "stdev": 0.0456975437701,
        "var": 0.00208826549351
    },
    "barkbands": {
        "dmean": [0.000136249349453, 0.00761029077694, 0.00215052440763, 0.00204898440279, 0.00608277320862, 0.000715146132279, 0.000638221797999, 0.000456415087683, 0.000405372935347, 0.000267512252321, 7.91804413893e-05, 4.76518034702e-05, 9.26351203816e-05, 4.81032220705e-05, 4.92021572427e-05, 9.53834532993e-05, 0.000127457344206, 5.69907133467e-05, 3.51038070221e-05, 4.59110451629e-05, 5.6018394389e-05, 9.24147097976e-05, 6.77459247527e-05, 6.76433264744e-05, 0.000101660880318, 0.000227576092584, 4.5388838771e-05],
        "dmean2": [0.00020224416221, 0.0125854806975, 0.00366141507402, 0.00332768657245, 0.00991028547287, 0.000970488297753, 0.000948953849729, 0.000637508404907, 0.000526633986738, 0.000371205911506, 0.000121017998026, 7.38097223802e-05, 0.000134174872073, 6.56846968923e-05, 7.78449320933e-05, 0.000172131069121, 0.000229658398894, 9.29691159399e-05, 5.23272574355e-05, 7.01833123458e-05, 8.32456935314e-05, 0.00013124459656, 9.37073709792e-05, 0.00010218242096, 0.000159069240908, 0.000380805460736, 7.66433076933e-05],
        "dvar": [1.49852624531e-07, 0.000619844300672, 2.55804407061e-05, 2.0570900233e-05, 9.23130792216e-05, 2.63329843619e-06, 4.57333089798e-06, 2.41526504396e-06, 3.72519980374e-06, 1.10623807359e-06, 1.62835519291e-07, 2.92522983614e-08, 8.4740079842e-08, 1.74872667458e-08, 1.65842966027e-08, 1.51703545725e-07, 2.93077476954e-07, 2.25285461397e-08, 1.64006905834e-08, 2.47687417243e-08, 7.14035479632e-08, 1.90279422441e-07, 3.80239590925e-08, 4.0360120579e-08, 6.83294345549e-08, 5.14101770932e-07, 2.56746552907e-08],
        "dvar2": [3.33033653988e-07, 0.00165782519616, 6.84260812704e-05, 5.03247320012e-05, 0.000268251198577, 3.98002021029e-06, 9.30545411393e-06, 4.09638414567e-06, 7.17322154742e-06, 1.64055325058e-06, 4.05302614581e-07, 4.70865693103e-08, 1.7989121659e-07, 2.79803540337e-08, 4.40385647948e-08, 4.39998871116e-07, 8.46771058605e-07, 6.20667179874e-08, 3.58903982089e-08, 5.53456018793e-08, 1.51173296103e-07, 4.06321618129e-07, 6.54121876664e-08, 8.80396839875e-08, 1.53441192197e-07, 1.30072749016e-06, 6.37343333665e-08],
        "max": [0.00417799456045, 0.272024810314, 0.0524560883641, 0.0688670501113, 0.114211715758, 0.0468225441873, 0.0399685613811, 0.0363320112228, 0.062425263226, 0.0250320993364, 0.0122229820117, 0.0039812065661, 0.00537528144196, 0.00262002041563, 0.00239353463985, 0.00356859830208, 0.00441130483523, 0.00132556993049, 0.00370760983787, 0.00289291213267, 0.00568697415292, 0.007615883369, 0.00305902352557, 0.00367215229198, 0.00287123257294, 0.00621620705351, 0.00183058099356],
        "mean": [0.000172635060153, 0.00954646803439, 0.00356622389518, 0.00302634621039, 0.0132852410898, 0.00196643988602, 0.00112803396769, 0.0011146212928, 0.000879987201188, 0.000686265237164, 0.000157857444719, 8.01736168796e-05, 0.000202284034458, 8.94908662303e-05, 8.18182525109e-05, 9.37505756156e-05, 0.000107024126919, 8.46774564707e-05, 5.52817800781e-05, 6.77763746353e-05, 7.40026443964e-05, 0.000117735115055, 9.84806465567e-05, 9.15907512535e-05, 0.000103599362774, 0.000175327280886, 3.3433392673e-05],
        "median": [6.8863373599e-06, 0.00130576861557, 0.00247125141323, 0.000697448384017, 0.00941942818463, 0.000580903026275, 0.000222287140787, 0.000107069325168, 0.000114473434223, 9.73237983999e-05, 3.32067793352e-05, 1.94075728359e-05, 1.99016067199e-05, 1.2564590179e-05, 2.16880234802e-05, 1.7688380467e-05, 1.79518647201e-05, 3.31461051246e-05, 1.16477767733e-05, 1.64655630215e-05, 5.7313554862e-06, 1.04810023913e-05, 1.65591009136e-05, 2.09446970985e-05, 1.25107817439e-05, 5.11675807502e-06, 2.39291182424e-07],
        "min": [1.58628390949e-25, 4.70987573305e-23, 3.67310960856e-23, 3.42318616756e-23, 6.54377412712e-23, 6.37175827357e-23, 1.42298942601e-23, 1.53291498434e-23, 3.35353132735e-23, 6.06569917501e-23, 4.73136872173e-23, 6.55492483379e-23, 1.77835753763e-22, 1.58915309916e-22, 7.88932092029e-23, 1.07029138767e-22, 1.75016528971e-22, 1.92871101829e-22, 2.62240841396e-22, 3.37053102742e-22, 3.99940488261e-22, 5.65551977707e-22, 9.4064218625e-22, 9.37307008561e-22, 1.09593595566e-21, 1.80097979647e-21, 2.58399752693e-21],
        "stdev": [0.000520845060237, 0.0258237291127, 0.00498779304326, 0.0062523400411, 0.0135158505291, 0.00472265714779, 0.0029192105867, 0.00309147243388, 0.00289058312774, 0.00233455235139, 0.000537181273103, 0.000212584855035, 0.000565290392842, 0.000252508587437, 0.000163685428561, 0.000308911694447, 0.000414168054704, 0.000153155153384, 0.000195682878257, 0.00023445111583, 0.000365545332897, 0.000552188954316, 0.000296359416097, 0.00027001084527, 0.000283608940663, 0.000629107875284, 0.000141142925713],
        "var": [2.71279589015e-07, 0.000666865031235, 2.48780797847e-05, 3.90917557525e-05, 0.000182678209967, 2.23034894589e-05, 8.52178982313e-06, 9.55720224738e-06, 8.35547143652e-06, 5.45013517694e-06, 2.88563711592e-07, 4.51923227729e-08, 3.19553208783e-07, 6.37605879206e-08, 2.67929198827e-08, 9.54264294251e-08, 1.71535177174e-07, 2.34565025181e-08, 3.82917875186e-08, 5.49673266903e-08, 1.3362338791e-07, 3.04912646243e-07, 8.78289085904e-08, 7.29058626803e-08, 8.04340274385e-08, 3.95776709183e-07, 1.9921325034e-08]
    },
    "erbbands": {
        "dmean": [0.165278747678, 1.89441621304, 3.07139849663, 3.72371435165, 14.6537370682, 22.5142498016, 12.9679870605, 6.29794836044, 8.68076896667, 9.53380012512, 7.79211235046, 9.77171611786, 10.1901397705, 5.39091920853, 2.941634655, 1.86014461517, 4.27029561996, 2.41302037239, 2.47911453247, 3.13633394241, 5.97820234299, 7.27240657806, 3.779763937, 1.58869576454, 2.04746675491, 2.10309505463, 2.00231742859, 2.47551941872, 3.31513690948, 2.77574038506, 1.83212912083, 1.22937190533, 1.36117351055, 1.21023070812, 0.640124619007, 0.69551295042, 0.495701760054, 0.136169925332, 0.00414383457974, 9.72344350885e-05],
        "dmean2": [0.248250693083, 3.20075964928, 5.13598823547, 6.26270723343, 24.4505558014, 36.0850448608, 19.609041214, 8.16795158386, 12.8846645355, 13.3726129532, 10.4720888138, 12.4013252258, 13.296336174, 6.8355140686, 4.30241346359, 2.80448055267, 6.05691766739, 3.18647575378, 3.70366168022, 5.29779052734, 10.9842777252, 13.2386865616, 6.30087709427, 2.48265743256, 2.912327528, 3.15864658356, 2.81551885605, 3.64635801315, 4.79114055634, 3.99988126755, 2.46573352814, 1.81882667542, 2.06193161011, 1.91425204277, 0.984952092171, 1.14563143253, 0.838605105877, 0.230583995581, 0.00688319513574, 0.000155546003953],
        "dvar": [0.327139258385, 37.6491203308, 55.7284545898, 67.866355896, 596.914978027, 1917.6673584, 936.155639648, 329.606018066, 910.049316406, 1090.81152344, 744.241027832, 1691.22351074, 1676.49462891, 351.458312988, 130.94190979, 43.7370758057, 179.798706055, 34.3999061584, 23.6041908264, 102.606422424, 653.816833496, 1040.14868164, 124.66129303, 15.3578824997, 63.9378585815, 51.924571991, 63.8991394043, 148.833755493, 293.881866455, 116.525978088, 24.8087921143, 13.3046274185, 17.8538608551, 10.2355060577, 2.58692741394, 4.12507581711, 2.63849139214, 0.215577304363, 0.000204093172215, 8.01739403755e-08],
        "dvar2": [0.724828064442, 104.006790161, 143.822891235, 178.769897461, 1713.14892578, 5595.28515625, 2393.37402344, 455.066772461, 1769.02148438, 2236.33203125, 1383.02856445, 2591.95556641, 2994.18969727, 444.262451172, 250.463638306, 67.2345352173, 406.181884766, 55.2065505981, 46.0110855103, 286.157043457, 1903.90148926, 3016.38989258, 348.917755127, 37.334438324, 138.102233887, 109.964393616, 134.7527771, 287.210693359, 669.419128418, 222.673049927, 42.0195655823, 30.0599937439, 40.274055481, 23.0775871277, 5.80940532684, 10.39453125, 6.75795555115, 0.540181100368, 0.000494216976222, 1.92202350036e-07],
        "max": [6.55446386337, 63.8205986023, 65.7446365356, 88.4059829712, 271.568786621, 659.836669922, 453.596191406, 597.815490723, 662.914550781, 754.639282227, 804.860290527, 1265.01879883, 824.42779541, 612.262268066, 292.950683594, 183.898422241, 281.510681152, 122.49230957, 80.5820388794, 158.316818237, 216.990310669, 259.372161865, 96.8459777832, 56.167678833, 243.987442017, 133.709564209, 150.652328491, 270.8644104, 326.537658691, 185.965179443, 87.1731033325, 75.6602401733, 71.719039917, 35.8967971802, 17.3239936829, 18.2140350342, 15.0008602142, 4.15019321442, 0.166117504239, 0.00305055105127],
        "mean": [0.247493669391, 2.19229149818, 4.66975736618, 6.50804805756, 25.4943695068, 49.3285942078, 33.0621871948, 18.3385848999, 16.6953678131, 20.3210887909, 19.6245651245, 23.1628761292, 22.8593330383, 12.3901863098, 6.37812519073, 3.61747837067, 9.44626331329, 4.94640636444, 5.03294563293, 4.35444116592, 5.61566257477, 6.07240819931, 5.23827505112, 2.79314470291, 3.2517991066, 3.17282962799, 2.69117164612, 3.32886171341, 3.98145246506, 3.96827340126, 2.65688896179, 1.71808183193, 1.70806956291, 1.24209058285, 0.662846624851, 0.568335413933, 0.370076060295, 0.10046633333, 0.00317873083986, 0.000106532817881],
        "median": [0.0131117962301, 0.393479675055, 2.80172896385, 3.14107108116, 12.898774147, 33.1295967102, 12.8862056732, 4.70741558075, 4.77133512497, 3.90805101395, 3.25049185753, 4.01396846771, 4.06677770615, 2.29653215408, 1.81965482235, 0.992305576801, 1.0582921505, 0.897531509399, 1.42973458767, 1.03385233879, 1.29946088791, 1.15432441235, 1.66156947613, 1.10063445568, 0.68642616272, 0.7745398283, 0.356702655554, 0.200659319758, 0.294238060713, 0.574563920498, 0.459356606007, 0.401740044355, 0.369652360678, 0.159838393331, 0.0782337635756, 0.0295859482139, 0.0070822853595, 0.00122244970407, 5.28313903487e-05, 3.56657328666e-05],
        "min": [6.21906534701e-22, 1.33077592429e-20, 4.29884374939e-20, 6.7906474734e-20, 3.2033215456e-19, 1.02123162664e-19, 2.40980459904e-19, 4.5967858696e-19, 4.54125103123e-19, 1.68192301236e-19, 3.82177114388e-19, 9.40308521463e-19, 1.00760173225e-18, 2.96427513736e-18, 1.31463587278e-18, 2.88969115666e-18, 7.94354694406e-18, 8.66609582657e-18, 5.53738111254e-18, 4.44738536705e-18, 6.34204214651e-18, 1.04276249175e-17, 1.21320868179e-17, 8.10112071485e-18, 1.8071014487e-17, 1.67517672891e-17, 1.53209466615e-17, 1.64710106087e-17, 2.04041220725e-17, 3.04573559457e-17, 2.39252992456e-17, 1.57964067689e-17, 1.74361070448e-17, 8.82935315535e-18, 1.08589524576e-17, 6.95158368168e-18, 3.43062364349e-18, 1.36419867393e-18, 3.38816513474e-19, 3.63539707674e-20],
        "stdev": [0.76320618391, 5.8043346405, 7.51694107056, 9.85903263092, 32.0943450928, 58.0703468323, 52.1653022766, 55.1758880615, 43.0490684509, 52.5518608093, 51.0326042175, 70.6937484741, 69.8105392456, 39.9827003479, 18.1319351196, 9.08336257935, 26.3203487396, 10.569401741, 9.67607116699, 10.2714653015, 19.3655223846, 24.32670784, 10.7053766251, 5.38413906097, 12.8046693802, 11.0239582062, 11.3016176224, 17.2221183777, 20.1619911194, 15.0233249664, 7.76483440399, 5.06121301651, 5.21279907227, 3.47942328453, 1.76369547844, 1.82975232601, 1.40168750286, 0.406048089266, 0.0128766670823, 0.000264046393568],
        "var": [0.582483708858, 33.6902999878, 56.5044059753, 97.2005233765, 1030.046875, 3372.16503906, 2721.21875, 3044.37866211, 1853.22241211, 2761.69824219, 2604.32666016, 4997.60644531, 4873.51123047, 1598.61633301, 328.767059326, 82.5074691772, 692.760803223, 111.712257385, 93.6263504028, 105.502998352, 375.0234375, 591.788696289, 114.60509491, 28.9889545441, 163.95954895, 121.527664185, 127.726554871, 296.601348877, 406.505889893, 225.700302124, 60.2926559448, 25.6158771515, 27.1732730865, 12.1063861847, 3.11062169075, 3.34799337387, 1.96472799778, 0.16487506032, 0.000165808552993, 6.97204995959e-08]
    },
    "gfcc": {
        "mean": [-49.1115684509, 105.018211365, -63.5617027283, 30.3070793152, -56.167640686, 8.21797275543, -48.8246307373, 5.65099096298, -28.8803024292, -10.2638692856, -20.080909729, -2.66521644592, -11.920838356],
        "cov": [[8583.71777344, -1871.46948242, -377.46270752, -358.167297363, -759.511779785, 142.39881897, -347.901794434, 331.530944824, -195.399856567, 353.968505859, -212.087265015, 250.802734375, -332.724884033], [-1871.46948242, 2117.75366211, -182.631546021, -273.35369873, 154.281829834, -82.35206604, 118.793014526, -146.657684326, 131.561172485, -243.243881226, 254.710205078, -228.492263794, 155.815872192], [-377.46270752, -182.631546021, 818.940429688, 212.558868408, 301.060455322, 39.8566207886, 67.5328140259, -0.755327224731, -4.94832849503, 25.7513484955, -89.3724517822, 88.0699386597, 14.9741306305], [-358.167297363, -273.35369873, 212.558868408, 609.130859375, 215.03137207, -12.7047834396, 23.4354782104, 11.5193824768, 75.7567443848, 0.829502642155, -49.2762908936, 33.5477371216, 47.1263923645], [-759.511779785, 154.281829834, 301.060455322, 215.03137207, 469.597076416, 72.6836395264, 60.8055534363, 25.5636100769, 83.5194320679, 11.2775659561, -3.57599306107, 7.16856384277, 46.5620613098], [142.39881897, -82.35206604, 39.8566207886, -12.7047834396, 72.6836395264, 262.135681152, 64.7818222046, 34.7742424011, -2.31730556488, 70.8395309448, 33.4117088318, -14.8474903107, -18.1324615479], [-347.901794434, 118.793014526, 67.5328140259, 23.4354782104, 60.8055534363, 64.7818222046, 222.389480591, -9.7347984314, -17.1483287811, 46.8603096008, 70.3198623657, 41.0874328613, 37.257358551], [331.530944824, -146.657684326, -0.755327224731, 11.5193824768, 25.5636100769, 34.7742424011, -9.7347984314, 198.405410767, 103.155448914, 42.5388374329, -25.8092384338, 12.2483158112, -32.9107055664], [-195.399856567, 131.561172485, -4.94832849503, 75.7567443848, 83.5194320679, -2.31730556488, -17.1483287811, 103.155448914, 232.302703857, 3.37951207161, -3.15302205086, -16.8576946259, 12.2095527649], [353.968505859, -243.243881226, 25.7513484955, 0.829502642155, 11.2775659561, 70.8395309448, 46.8603096008, 42.5388374329, 3.37951207161, 163.370513916, 23.7985134125, 33.1957702637, -28.6045799255], [-212.087265015, 254.710205078, -89.3724517822, -49.2762908936, -3.57599306107, 33.4117088318, 70.3198623657, -25.8092384338, -3.15302205086, 23.7985134125, 157.696914673, 7.07808589935, 17.5167198181], [250.802734375, -228.492263794, 88.0699386597, 33.5477371216, 7.16856384277, -14.8474903107, 41.0874328613, 12.2483158112, -16.8576946259, 33.1957702637, 7.07808589935, 183.613739014, 24.5805282593], [-332.724884033, 155.815872192, 14.9741306305, 47.1263923645, 46.5620613098, -18.1324615479, 37.257358551, -32.9107055664, 12.2095527649, -28.6045799255, 17.5167198181, 24.5805282593, 106.582710266]],
        "icov": [[0.000214575207792, -2.50220618909e-05, 5.13275335834e-05, -2.11634505831e-05, 0.000283618079266, -0.000186624631169, 0.000348896690411, -0.000297535414575, 0.000224449395319, -0.000389101420296, 0.000245007220656, -0.000382248603273, 0.000256841711234], [-2.50220618909e-05, 0.00169665168505, -0.00011425078992, 0.00104545848444, -0.000774879066739, 0.000700890959706, -0.000905714172404, 0.000690865213983, -0.00125982577447, 0.00215696892701, -0.00245200074278, 0.00202344590798, -0.00135747762397], [5.13275335834e-05, -0.00011425078992, 0.00201698672026, -0.000242157810135, -0.00110434915405, -0.000135335547384, -0.000411927583627, 0.000242859445279, 0.000397359021008, -0.000302340456983, 0.00157329929061, -0.00108994997572, 0.000695505470503], [-2.11634505831e-05, 0.00104545848444, -0.000242157810135, 0.00278826896101, -0.00123813259415, 0.000686631596182, -0.000689658336341, 0.000700946256984, -0.00131800118834, 0.00113683368545, -0.000831575132906, 0.00103066593874, -0.00132299854886], [0.000283618079266, -0.000774879066739, -0.00110434915405, -0.00123813259415, 0.00438293768093, -0.00138279935345, 0.000658905599266, -0.000798196299002, -0.000144483943586, -0.0012684679823, 0.000832141144201, -0.000763394637033, -0.000190570033737], [-0.000186624631169, 0.000700890959706, -0.000135335547384, 0.000686631596182, -0.00138279935345, 0.00548072019592, -0.0016356271226, -0.000343817606336, -4.85953351017e-05, -0.000467569683678, -0.00176731566899, 0.00212902901694, -0.000210204147152], [0.000348896690411, -0.000905714172404, -0.000411927583627, -0.000689658336341, 0.000658905599266, -0.0016356271226, 0.00764254899696, -0.00110969028901, 0.00175272370689, -0.00290530896746, -0.00104994722642, -0.00219964771532, -0.00110490899533], [-0.000297535414575, 0.000690865213983, 0.000242859445279, 0.000700946256984, -0.000798196299002, -0.000343817606336, -0.00110969028901, 0.00885615684092, -0.00467677228153, 0.000151497632032, 0.000543899019249, -1.20672038975e-05, 0.00161965412553], [0.000224449395319, -0.00125982577447, 0.000397359021008, -0.00131800118834, -0.000144483943586, -4.85953351017e-05, 0.00175272370689, -0.00467677228153, 0.00790296215564, -0.00188961648382, 0.00112826854456, -0.000833657861222, -0.000338171725161], [-0.000389101420296, 0.00215696892701, -0.000302340456983, 0.00113683368545, -0.0012684679823, -0.000467569683678, -0.00290530896746, 0.000151497632032, -0.00188961648382, 0.0117171946913, -0.00435739848763, 0.00162578118034, 0.000411085260566], [0.000245007220656, -0.00245200074278, 0.00157329929061, -0.000831575132906, 0.000832141144201, -0.00176731566899, -0.00104994722642, 0.000543899019249, 0.00112826854456, -0.00435739848763, 0.0128611847758, -0.00381539482623, 0.00183443236165], [-0.000382248603273, 0.00202344590798, -0.00108994997572, 0.00103066593874, -0.000763394637033, 0.00212902901694, -0.00219964771532, -1.20672038975e-05, -0.000833657861222, 0.00162578118034, -0.00381539482623, 0.00984183512628, -0.00410398980603], [0.000256841711234, -0.00135747762397, 0.000695505470503, -0.00132299854886, -0.000190570033737, -0.000210204147152, -0.00110490899533, 0.00161965412553, -0.000338171725161, 0.000411085260566, 0.00183443236165, -0.00410398980603, 0.0143838748336]]
    },
    "melbands": {
        "dmean": [0.00185147172306, 0.00185026938561, 0.000947822176386, 0.0013829623349, 0.000578302249778, 0.000134144327603, 0.000130634391098, 0.000107172010757, 5.82789652981e-05, 6.51955924695e-05, 5.15876818099e-05, 2.47697516897e-05, 9.76736737357e-06, 6.26104747425e-06, 6.59702982375e-06, 9.2505788416e-06, 4.60658475276e-06, 4.38495771959e-06, 3.38591394211e-06, 5.60951775697e-06, 7.28300756236e-06, 8.83325265022e-06, 3.69276858692e-06, 2.76386572295e-06, 1.18537798244e-06, 1.49496429458e-06, 1.67416499153e-06, 1.47356888647e-06, 1.18958712392e-06, 1.51375775204e-06, 1.42279600368e-06, 1.94147537513e-06, 1.88102455922e-06, 1.45037790844e-06, 1.11350391307e-06, 8.17650914087e-07, 7.34919126444e-07, 9.78470666269e-07, 8.90699766387e-07, 1.16101830372e-06],
        "dmean2": [0.00299854832701, 0.00308259157464, 0.00157593144104, 0.00227279448882, 0.000890856492333, 0.000175834793481, 0.000193880987354, 0.000149567829794, 7.87304379628e-05, 8.21464054752e-05, 6.81633173372e-05, 3.10260911647e-05, 1.47722448673e-05, 9.14337579161e-06, 1.01249170257e-05, 1.30151756821e-05, 6.14404189037e-06, 6.47802244202e-06, 5.37623236596e-06, 9.95806203719e-06, 1.329216866e-05, 1.61976749951e-05, 6.28941415926e-06, 4.60620458398e-06, 1.89648585547e-06, 2.17484671339e-06, 2.61948889602e-06, 2.16285320676e-06, 1.77430092663e-06, 2.33268701777e-06, 2.00577960641e-06, 2.86987938125e-06, 2.81642405753e-06, 2.08746359931e-06, 1.51567860485e-06, 1.18159971407e-06, 1.13235023491e-06, 1.51590427322e-06, 1.39089752338e-06, 1.85497310667e-06],
        "dvar": [3.92380388803e-05, 2.55301001744e-05, 3.42364523931e-06, 4.493292181e-06, 1.8956797021e-06, 1.30722327185e-07, 1.9479747948e-07, 1.22399825386e-07, 3.60150060885e-08, 9.43810718468e-08, 4.6067455628e-08, 7.98778909683e-09, 2.24662421999e-09, 2.77308898067e-10, 5.52707823953e-10, 8.18424605864e-10, 1.56960514031e-10, 9.93771592794e-11, 9.12986838908e-11, 4.21659818173e-10, 9.34500477001e-10, 1.58117463567e-09, 1.40023326267e-10, 5.52793574804e-11, 9.33171248607e-12, 3.92991056364e-11, 4.12652620407e-11, 2.48096092281e-11, 1.82636562124e-11, 6.42740305423e-11, 4.40390605927e-11, 1.21749582638e-10, 7.64079563509e-11, 2.63062002737e-11, 9.22716937579e-12, 5.65557279827e-12, 5.0383586192e-12, 1.03267290552e-11, 5.69987156432e-12, 1.00079588713e-11],
        "dvar2": [0.000100772696896, 6.76915151416e-05, 9.04426633497e-06, 1.29340633066e-05, 5.25226187165e-06, 1.85173405498e-07, 3.80991195925e-07, 2.35828792938e-07, 6.75545592799e-08, 1.58321910249e-07, 8.3632194503e-08, 9.32208532589e-09, 5.00500130229e-09, 5.50961776202e-10, 1.12003473163e-09, 1.5427553679e-09, 2.5411503457e-10, 1.77913003774e-10, 2.42749126356e-10, 1.20744980681e-09, 2.71439226651e-09, 4.57742821425e-09, 3.91838644864e-10, 1.52278259447e-10, 2.32029569169e-11, 8.50313361389e-11, 1.01511271611e-10, 5.40436549679e-11, 3.956155889e-11, 1.44968384519e-10, 7.70351352153e-11, 2.88457091546e-10, 1.74949194021e-10, 4.67023850148e-11, 1.53415075782e-11, 1.17569686625e-11, 1.21130588199e-11, 2.33487708334e-11, 1.28408863403e-11, 2.31289137148e-11],
        "max": [0.0707237571478, 0.0441400334239, 0.0231166295707, 0.0240192897618, 0.0204863678664, 0.0114016020671, 0.00953725352883, 0.00684525398538, 0.00529162865132, 0.00986749306321, 0.00428955303505, 0.00281579745933, 0.00139819574542, 0.000262894522166, 0.000525646843016, 0.000698524352629, 0.000278955500107, 0.00019072444411, 0.000183326439583, 0.000198038425879, 0.000246918440098, 0.00030973306275, 0.000112554691441, 6.66132837068e-05, 4.75483575428e-05, 0.000196526612854, 0.000144553472637, 8.89923467184e-05, 6.76004128763e-05, 0.000158611510415, 0.000152728811372, 0.000233744562138, 0.000147429047502, 9.35020725592e-05, 5.82538341405e-05, 4.37361559307e-05, 4.57411297248e-05, 5.51536322746e-05, 3.23074273183e-05, 3.20888648275e-05],
        "mean": [0.00242712371983, 0.00257685617544, 0.00169569964055, 0.00282290251926, 0.00145937339403, 0.000377799355192, 0.000247834308539, 0.000241290414124, 0.000144614517922, 0.000145596612128, 0.000113930356747, 5.46898190805e-05, 1.98518446268e-05, 1.21179555208e-05, 1.21519296954e-05, 2.12638788071e-05, 7.96444601292e-06, 8.55001053424e-06, 5.53950803805e-06, 6.39030349703e-06, 6.51657865092e-06, 6.89117905495e-06, 4.62586103822e-06, 4.05031141781e-06, 1.99260261979e-06, 2.21879918172e-06, 2.44660623139e-06, 2.02723094844e-06, 1.5899513528e-06, 1.84650389201e-06, 1.92807101485e-06, 2.2021768018e-06, 2.4038997708e-06, 2.0947820758e-06, 1.60926117587e-06, 1.10802477593e-06, 1.02614956177e-06, 1.25051826672e-06, 1.01054945389e-06, 1.1084362086e-06],
        "median": [0.00024697947083, 0.0012016488472, 0.000876096892171, 0.00191727629863, 0.000747178390156, 9.699590737e-05, 6.14199307165e-05, 3.92507281504e-05, 2.10315520235e-05, 1.94344684132e-05, 1.71992869582e-05, 8.01133865025e-06, 5.10335621584e-06, 3.27118641508e-06, 1.50425341872e-06, 2.05656601793e-06, 1.276819944e-06, 2.05447281587e-06, 1.41289206113e-06, 1.0779084505e-06, 1.44655678014e-06, 1.0965745787e-06, 1.03736283563e-06, 1.62583228303e-06, 6.81100118527e-07, 3.80525648325e-07, 5.57463522455e-07, 4.81541405861e-07, 2.15393214376e-07, 1.33111441869e-07, 9.48139700085e-08, 1.06974049174e-07, 2.48161256877e-07, 3.16682928769e-07, 2.67239755658e-07, 1.96737090619e-07, 2.47465550274e-07, 2.69179992074e-07, 1.67208185076e-07, 1.13944338409e-07],
        "min": [9.76802440497e-24, 2.0662001024e-23, 2.14646890832e-23, 1.45588082368e-23, 6.68184434928e-24, 1.15136434262e-23, 6.28822957885e-24, 2.43356351462e-24, 3.68846076289e-24, 5.51566338449e-24, 5.04831220752e-24, 1.2149310699e-23, 4.87360949373e-24, 5.54240695246e-24, 1.1747759199e-23, 2.13261035771e-23, 1.4598211839e-23, 9.39694975718e-24, 5.43948900333e-24, 6.7877268377e-24, 6.86726531619e-24, 1.02978123449e-23, 1.2190275457e-23, 8.53125932181e-24, 5.65105045405e-24, 1.27629332539e-23, 1.24078141068e-23, 1.06637641299e-23, 9.05615474637e-24, 8.7149818712e-24, 1.01576286066e-23, 1.09740073467e-23, 1.12686697718e-23, 2.00000615275e-23, 1.31145538029e-23, 1.09391933373e-23, 9.70577144663e-24, 1.42754288893e-23, 8.10918954967e-24, 6.68812289323e-24],
        "stdev": [0.00703080603853, 0.00492184888572, 0.00236613396555, 0.00298907444812, 0.00211738119833, 0.00108324096072, 0.000632416806184, 0.000624751322903, 0.000349383743014, 0.000496980792377, 0.000366053835023, 0.000195470289327, 6.63859245833e-05, 2.40944609686e-05, 4.25110156357e-05, 6.0133774241e-05, 2.08894234675e-05, 1.97131921595e-05, 1.21947387015e-05, 1.84993168659e-05, 2.31449757848e-05, 3.00289011648e-05, 1.06149809653e-05, 7.72213843447e-06, 4.07170682593e-06, 9.39629353525e-06, 9.396077985e-06, 7.05744378138e-06, 5.961286206e-06, 1.00505985756e-05, 9.86508166534e-06, 1.21834709716e-05, 1.05826029539e-05, 7.4205013334e-06, 4.70557051813e-06, 3.36206926477e-06, 2.99361863654e-06, 3.95012784793e-06, 2.87163879875e-06, 3.24884285874e-06],
        "var": [4.94322339364e-05, 2.42245969275e-05, 5.59858972338e-06, 8.93456672202e-06, 4.48330274594e-06, 1.17341107853e-06, 3.99951005647e-07, 3.90314198739e-07, 1.22068996689e-07, 2.46989884545e-07, 1.33995413876e-07, 3.82086327022e-08, 4.40709113647e-09, 5.80543058071e-10, 1.80718651155e-09, 3.61607099819e-09, 4.36368025047e-10, 3.88609977531e-10, 1.48711654102e-10, 3.4222474854e-10, 5.35689881342e-10, 9.01734908965e-10, 1.12677811526e-10, 5.9631424798e-11, 1.65787973627e-11, 8.82903264388e-11, 8.82862880025e-11, 4.98075122812e-11, 3.55369310368e-11, 1.01014537013e-10, 9.73198327481e-11, 1.48436971048e-10, 1.11991478591e-10, 5.50638423746e-11, 2.2142395556e-11, 1.13035102112e-11, 8.96175234716e-12, 1.56035115384e-11, 8.24630988494e-12, 1.05549796334e-11]
    },
    "melbands128": {
