{
"lowlevel": {
    "average_loudness": 0.976984620094,
    "barkbands_crest": {
        "dmean": 2.77621459961,
        "dmean2": 4.28162384033,
        "dvar": 7.36896276474,
        "dvar2": 15.7010192871,
        "max": 26.4820041656,
        "mean": 12.1203927994,
        "median": 11.1329059601,
        "min": 3.39009547234,
        "stdev": 4.60050582886,
        "var": 21.1646537781
    },
    "barkbands_flatness_db": {
        "dmean": 0.032967697829,
        "dmean2": 0.0505016334355,
        "dvar": 0.00149395538028,
        "dvar2": 0.00335368909873,
        "max": 0.47537997365,
        "mean": 0.197832718492,
        "median": 0.189521551132,
        "min": 0.0414507947862,
        "stdev": 0.0626063346863,
        "var": 0.00391955347732
    },
    "barkbands_kurtosis": {
        "dmean": 10.2720317841,
        "dmean2": 15.7229814529,
        "dvar": 1018.4755249,
        "dvar2": 2265.83886719,
        "max": 678.765258789,
        "mean": 14.5771627426,
        "median": 8.10476493835,
        "min": -1.94460761547,
        "stdev": 35.9946403503,
        "var": 1295.61413574
    },
    "barkbands_skewness": {
        "dmean": 0.888436973095,
        "dmean2": 1.33100914955,
        "dvar": 1.69903850555,
        "dvar2": 3.65398716927,
        "max": 22.4426879883,
        "mean": 2.58740258217,
        "median": 2.2211523056,
        "min": -2.55203413963,
        "stdev": 1.91612482071,
        "var": 3.67153429985
    },
    "barkbands_spread": {
        "dmean": 6.72273015976,
        "dmean2": 10.7660722733,
        "dvar": 138.549636841,
        "dvar2": 295.569458008,
        "max": 112.745643616,
        "mean": 13.5189828873,
        "median": 9.13780975342,
        "min": 0.219056800008,
        "stdev": 15.6679773331,
        "var": 245.48550415
    },
    "dissonance": {
        "dmean": 0.0270041301847,
        "dmean2": 0.0430206432939,
        "dvar": 0.00088954315288,
        "dvar2": 0.00226560235023,
        "max": 0.499997317791,
        "mean": 0.439444899559,
        "median": 0.447173058987,
        "min": 0.0308482386172,
        "stdev": 0.041471671313,
        "var": 0.00171989959199
    },
    "dynamic_complexity": 1.92151963711,
    "erbbands_crest": {
        "dmean": 2.55008435249,
        "dmean2": 4.08657264709,
        "dvar": 5.81761837006,
        "dvar2": 13.6816606522,
        "max": 28.3978347778,
        "mean": 9.78484535217,
        "median": 9.07830142975,
        "min": 2.8924305439,
        "stdev": 4.05018997192,
        "var": 16.4040374756
    },
    "erbbands_flatness_db": {
        "dmean": 0.0208310075104,
        "dmean2": 0.0308813340962,
        "dvar": 0.000571273150854,
        "dvar2": 0.00104728667066,
        "max": 0.452843278646,
        "mean": 0.163855403662,
        "median": 0.162536710501,
        "min": 0.0628159791231,
        "stdev": 0.0485724918544,
        "var": 0.00235928711481
    },
    "erbbands_kurtosis": {
        "dmean": 1.53321576118,
        "dmean2": 2.41871070862,
        "dvar": 3.08344268799,
        "dvar2": 7.38572835922,
        "max": 22.1219043732,
        "mean": 1.84578430653,
        "median": 1.24854183197,
        "min": -1.78558731079,
        "stdev": 2.91075730324,
        "var": 8.47250843048
    },
    "erbbands_skewness": {
        "dmean": 0.450770765543,
        "dmean2": 0.700756728649,
        "dvar": 0.241784930229,
        "dvar2": 0.558068990707,
        "max": 3.61142373085,
        "mean": 0.870772302151,
        "median": 0.971280992031,
        "min": -3.28395843506,
        "stdev": 0.836997628212,
        "var": 0.700565040112
    },
    "erbbands_spread": {
        "dmean": 12.5331172943,
        "dmean2": 18.7607383728,
        "dvar": 290.333190918,
        "dvar2": 632.957336426,
        "max": 150.116928101,
        "mean": 40.0918731689,
        "median": 32.5604972839,
        "min": 4.64730405807,
        "stdev": 26.1370105743,
        "var": 683.143371582
    },
    "hfc": {
        "dmean": 8.79685115814,
        "dmean2": 13.302479744,
        "dvar": 240.370986938,
        "dvar2": 510.862213135,
        "max": 182.953369141,
        "mean": 23.3994102478,
        "median": 17.9711513519,
        "min": 1.21184818475e-16,
        "stdev": 22.1283073425,
        "var": 489.661987305
    },
    "loudness_ebu128": {
        "integrated": -7.87125253677,
        "loudness_range": 1.34316921234,
        "momentary": {
            "dmean": 0.584588289261,
            "dmean2": 0.895935356617,
            "dvar": 0.300055593252,
            "dvar2": 0.602193295956,
            "max": -6.45517063141,
            "mean": -7.9953918457,
            "median": -7.74537611008,
            "min": -14.1595993042,
            "stdev": 1.12845504284,
            "var": 1.27341079712
        },
        "short_term": {
            "dmean": 0.0742590874434,
            "dmean2": 0.105979844928,
            "dvar": 0.00350707559846,
            "dvar2": 0.00574890943244,
            "max": -7.21725034714,
            "mean": -7.92749023438,
            "median": -7.80852794647,
            "min": -9.43241214752,
            "stdev": 0.487432211637,
            "var": 0.237590149045
        }
    },
    "melbands_crest": {
        "dmean": 3.18971920013,
        "dmean2": 5.05971479416,
        "dvar": 9.61670780182,
        "dvar2": 22.0457382202,
        "max": 37.2473106384,
        "mean": 17.3427238464,
        "median": 16.1870937347,
        "min": 2.53021883965,
        "stdev": 6.42085552216,
        "var": 41.2273864746
    },
    "melbands_flatness_db": {
        "dmean": 0.0393353253603,
        "dmean2": 0.0588813610375,
        "dvar": 0.00221860455349,
        "dvar2": 0.0049343588762,
        "max": 0.57241499424,
        "mean": 0.282919853926,
        "median": 0.279564261436,
        "min": 0.00674580456689,
        "stdev": 0.0774309113622,
        "var": 0.00599554553628
    },
    "melbands_kurtosis": {
        "dmean": 19.2245349884,
        "dmean2": 30.682882309,
        "dvar": 2171.56860352,
        "dvar2": 5199.92138672,
        "max": 703.938415527,
        "mean": 30.7105236053,
        "median": 16.0482501984,
        "min": -1.8199133873,
        "stdev": 52.4190444946,
        "var": 2747.75610352
    },
    "melbands_skewness": {
        "dmean": 1.10260987282,
        "dmean2": 1.60914480686,
        "dvar": 2.23214435577,
        "dvar2": 4.91387701035,
        "max": 18.7290000916,
        "mean": 3.59221529961,
        "median": 3.05382800102,
        "min": -0.380747228861,
        "stdev": 2.46557879448,
        "var": 6.07907915115
    },
    "melbands_spread": {
        "dmean": 5.34684228897,
        "dmean2": 8.23380756378,
        "dvar": 115.944030762,
        "dvar2": 212.895568848,
        "max": 199.517303467,
        "mean": 12.1291532516,
        "median": 8.18091964722,
        "min": 0.308311611414,
        "stdev": 16.4932727814,
        "var": 272.028045654
    },
    "pitch_salience": {
        "dmean": 0.0731899961829,
        "dmean2": 0.118014842272,
        "dvar": 0.00631124153733,
        "dvar2": 0.0142406653613,
        "max": 0.867190659046,
        "mean": 0.499158501625,
        "median": 0.525169610977,
        "min": 0.0751095339656,
        "stdev": 0.13071718812,
        "var": 0.0170869827271
    },
    "silence_rate_20dB": {
        "dmean": 0,
        "dmean2": 0,
        "dvar": 0,
        "dvar2": 0,
        "max": 1,
        "mean": 1,
        "median": 1,
        "min": 1,
        "stdev": 0,
        "var": 0
    },
    "silence_rate_30dB": {
        "dmean": 0.0681114569306,
        "dmean2": 0.135553836823,
        "dvar": 0.0634720027447,
        "dvar2": 0.121825560927,
        "max": 1,
        "mean": 0.809744775295,
        "median": 1,
        "min": 0,
        "stdev": 0.392500519753,
        "var": 0.15405665338
    },
    "silence_rate_60dB": {
        "dmean": 0.00541795650497,
        "dmean2": 0.0108443070203,
        "dvar": 0.00538874138147,
        "dvar2": 0.0122756948695,
        "max": 1,
        "mean": 0.00618716143072,
        "median": 0,
        "min": 0,
        "stdev": 0.0784142613411,
        "var": 0.00614879652858
    },
    "spectral_centroid": {
        "dmean": 261.711029053,
        "dmean2": 398.567474365,
        "dvar": 263439,
        "dvar2": 476514.34375,
        "max": 11203.0947266,
        "mean": 812.397216797,
        "median": 597.321655273,
        "min": 141.549987793,
        "stdev": 702.33001709,
        "var": 493267.4375
    },
    "spectral_complexity": {
        "dmean": 3.85216712952,
        "dmean2": 6.09527492523,
        "dvar": 28.1941070557,
        "dvar2": 66.6376876831,
        "max": 56,
        "mean": 15.4191799164,
        "median": 13,
        "min": 0,
        "stdev": 7.99480819702,
        "var": 63.9169616699
    },
    "spectral_decrease": {
        "dmean": 6.60385923723e-09,
        "dmean2": 9.02068020281e-09,
        "dvar": 1.07312337858e-16,
        "dvar2": 2.02157383054e-16,
        "max": -2.39146723518e-29,
        "mean": -1.71320166942e-08,
        "median": -1.15130101008e-08,
        "min": -8.37175022639e-08,
        "stdev": 1.66485509823e-08,
        "var": 2.77174220753e-16
    },
    "spectral_energy": {
        "dmean": 0.0251994915307,
        "dmean2": 0.034429717809,
        "dvar": 0.00152312009595,
        "dvar2": 0.00284661375917,
        "max": 0.319246560335,
        "mean": 0.0667825713754,
        "median": 0.0451330430806,
        "min": 1.10820827864e-20,
        "stdev": 0.0633728951216,
        "var": 0.00401612371206
    },
    "spectral_energyband_high": {
        "dmean": 0.000823247071821,
        "dmean2": 0.00129658880178,
        "dvar": 3.0423248063e-06,
        "dvar2": 6.15327780906e-06,
        "max": 0.0212533231825,
        "mean": 0.00109459587839,
        "median": 0.000245757575613,
        "min": 8.0904120411e-21,
        "stdev": 0.00243061967194,
        "var": 5.90791159993e-06
    },
    "spectral_energyband_low": {
        "dmean": 0.0223544854671,
        "dmean2": 0.0304529797286,
        "dvar": 0.00178409100045,
        "dvar2": 0.0034351486247,
        "max": 0.312007337809,
        "mean": 0.0402855835855,
        "median": 0.0153453499079,
        "min": 7.28783088837e-23,
        "stdev": 0.0631136894226,
        "var": 0.00398333789781
    },
    "spectral_energyband_middle_high": {
        "dmean": 0.00133042153902,
        "dmean2": 0.00195612083189,
        "dvar": 4.06011440646e-06,
        "dvar2": 8.98423695617e-06,
        "max": 0.0382853411138,
        "mean": 0.00360756693408,
        "median": 0.00187882827595,
        "min": 1.66226114327e-21,
        "stdev": 0.00490627577528,
        "var": 2.40715417021e-05
    },
    "spectral_energyband_middle_low": {
        "dmean": 0.00715402094647,
        "dmean2": 0.0116490181535,
        "dvar": 8.45078102429e-05,
        "dvar2": 0.000224502466153,
        "max": 0.101049505174,
        "mean": 0.0226638931781,
        "median": 0.0224921610206,
        "min": 2.80250169831e-22,
        "stdev": 0.0131499618292,
        "var": 0.000172921500052
    },
    "spectral_entropy": {
        "dmean": 0.282023102045,
        "dmean2": 0.419393211603,
        "dvar": 0.122163742781,
        "dvar2": 0.244532644749,
        "max": 9.80579566956,
        "mean": 7.17652654648,
        "median": 7.0634803772,
        "min": 5.30290317535,
        "stdev": 0.580137550831,
        "var": 0.336559563875
    },
    "spectral_flux": {
        "dmean": 0.0439227074385,
        "dmean2": 0.0649437829852,
        "dvar": 0.00282416096888,
        "dvar2": 0.00469770096242,
        "max": 0.489291787148,
        "mean": 0.11345307529,
        "median": 0.0854581072927,
        "min": 1.05271472095e-10,
        "stdev": 0.0903862267733,
        "var": 0.00816967058927
    },
    "spectral_kurtosis": {
        "dmean": 3.08052444458,
        "dmean2": 4.81843280792,
        "dvar": 21.93907547,
        "dvar2": 47.3101043701,
        "max": 82.4550170898,
        "mean": 7.21006679535,
        "median": 5.94383430481,
        "min": -1.23624193668,
        "stdev": 7.64608049393,
        "var": 58.4625434875
    },
    "spectral_rms": {
        "dmean": 0.00131360231899,
        "dmean2": 0.00181049772073,
        "dvar": 2.78734910353e-06,
        "dvar2": 4.70891063742e-06,
        "max": 0.0176482312381,
        "mean": 0.0073934760876,
        "median": 0.00663567893207,
        "min": 3.28812845007e-12,
        "stdev": 0.00323888426647,
        "var": 1.04903710962e-05
    },
    "spectral_rolloff": {
        "dmean": 451.213867188,
        "dmean2": 783.553710938,
        "dvar": 1793574.625,
        "dvar2": 3611314,
        "max": 18281.6894531,
        "mean": 841.660095215,
        "median": 452.197265625,
        "min": 43.06640625,
        "stdev": 1651.05322266,
        "var": 2725976.75
    },
    "spectral_skewness": {
        "dmean": 0.418685972691,
        "dmean2": 0.622221529484,
        "dvar": 0.235636278987,
        "dvar2": 0.461662739515,
        "max": 6.65672540665,
        "mean": 2.06281900406,
        "median": 2.13815021515,
        "min": -0.172899395227,
        "stdev": 0.890770375729,
        "var": 0.793471872807
    },
    "spectral_spread": {
        "dmean": 887818.8125,
        "dmean2": 1306330.625,
        "dvar": 2.21747819315e+12,
        "dvar2": 3.69254229606e+12,
        "max": 39719044,
        "mean": 5083608,
        "median": 4864411.5,
        "min": 800541.5,
        "stdev": 2367305.75,
        "var": 5.60413592781e+12
    },
    "spectral_strongpeak": {
        "dmean": 0.383084714413,
        "dmean2": 0.647579371929,
        "dvar": 0.31110984087,
        "dvar2": 0.68496131897,
        "max": 5.70726013184,
        "mean": 0.929014742374,
        "median": 0.785564720631,
        "min": 0,
        "stdev": 0.881478846073,
        "var": 0.777004957199
    },
    "zerocrossingrate": {
        "dmean": 0.0120619069785,
        "dmean2": 0.0147089529783,
        "dvar": 0.000498828885611,
        "dvar2": 0.000488601333927,
        "max": 0.48291015625,
        "mean": 0.0393325090408,
        "median": 0.0302734375,
        "min": 0.001953125,
        "stdev": 0.0416617617011,
        "var": 0.00173570238985
    },
    "barkbands": {
        "dmean": [0.002564212773, 0.0191127099097, 0.00543470773846, 0.00224778894335, 0.00389442802407, 0.000646377098747, 0.00190146570094, 0.000655100215226, 0.00105733587407, 0.000502814305946, 0.000262388028204, 0.000189188955119, 0.000189466736629, 0.000149343453813, 9.6407624369e-05, 9.64174469118e-05, 0.000173408654518, 0.000112439614895, 0.00018078359426, 0.000157768154168, 0.000140803371323, 0.000136485832627, 0.000164272132679, 0.000182417599717, 0.000129679669044, 3.85259772884e-05, 2.55354257206e-06],
        "dmean2": [0.00316844694316, 0.0285898651928, 0.00930017791688, 0.00395315699279, 0.0063866218552, 0.00101377384271, 0.00297020073049, 0.000965825747699, 0.0014749923721, 0.00068792689126, 0.000364822102711, 0.000294175173622, 0.000295745208859, 0.000235069615883, 0.000152915788931, 0.00015497097047, 0.000283107045107, 0.000191109385923, 0.000331141753122, 0.000266362796538, 0.000224632502068, 0.000223708397243, 0.000261223351117, 0.00027676607715, 0.000206704076845, 5.55665174033e-05, 4.23232177127e-06],
        "dvar": [3.18724196404e-05, 0.00169544725213, 0.000300507585052, 3.58035504178e-05, 2.47150255746e-05, 1.2024007674e-06, 7.53834274292e-06, 1.32373986617e-06, 4.32612750956e-06, 1.66454287864e-06, 3.68835628706e-07, 1.39790969911e-07, 1.56137744511e-07, 6.30876613172e-08, 3.89311161086e-08, 2.55521683812e-08, 8.39497218408e-08, 4.44553514001e-08, 3.25400066004e-07, 1.61429127843e-07, 1.16128148875e-07, 9.34967374633e-08, 1.27592130639e-07, 2.49505291094e-07, 1.67789906413e-07, 2.08862687145e-08, 1.40479905486e-10],
        "dvar2": [4.56684247183e-05, 0.00340829836205, 0.000780778122135, 0.000100403907709, 6.72541864333e-05, 2.92568961413e-06, 1.61653515534e-05, 2.31668536799e-06, 7.59488511903e-06, 3.04194691125e-06, 6.00573230258e-07, 3.10370808165e-07, 3.47001900991e-07, 1.46132919099e-07, 9.09538471205e-08, 6.13115531678e-08, 2.05938931686e-07, 1.21577059531e-07, 9.22164474559e-07, 4.12443625919e-07, 2.62981302512e-07, 1.94353773963e-07, 2.84893047819e-07, 4.45045259312e-07, 3.56589481498e-07, 4.2262151112e-08, 3.57214730018e-10],
        "max": [0.0564589686692, 0.290156811476, 0.142819061875, 0.0554853379726, 0.0475337095559, 0.013065027073, 0.04017104581, 0.0330924578011, 0.0370733365417, 0.0317126400769, 0.0144251128659, 0.00538923358545, 0.00670988159254, 0.0036870080512, 0.00254576955922, 0.00219372450374, 0.00277803698555, 0.00213743932545, 0.0048140604049, 0.00563914515078, 0.0078189605847, 0.00464579742402, 0.0059289955534, 0.00791511312127, 0.00807375367731, 0.00338606839068, 0.000174106986378],
        "mean": [0.00455184932798, 0.0288596544415, 0.00608752295375, 0.0026669180952, 0.0108933057636, 0.00129796052352, 0.00399302504957, 0.00130667979829, 0.00239356351085, 0.00117898301687, 0.000547669013031, 0.000349734240444, 0.000377138610929, 0.000242676833295, 0.000131406224682, 0.00015632850409, 0.000251235993346, 0.000150737832882, 0.000170548300957, 0.000185851793503, 0.000187997415196, 0.000179626149475, 0.0001760602172, 0.000226277392358, 0.000164480239619, 5.26735348103e-05, 2.69270321951e-06],
        "median": [0.00059046613751, 0.0087402490899, 0.00186709791888, 0.000903236214072, 0.0100800599903, 0.000775672495365, 0.00226144841872, 0.000542894355021, 0.000647122389637, 0.000215572217712, 0.000229041848797, 0.000105981147499, 7.55089422455e-05, 0.00010459015175, 5.57606617804e-05, 6.1960410676e-05, 0.000109081629489, 7.71432532929e-05, 1.98726520466e-05, 3.60208978236e-05, 2.38149223151e-05, 1.67930247699e-05, 2.7591793696e-05, 4.73639374832e-05, 4.09294079873e-05, 1.2010973478e-05, 2.23794330623e-07],
        "min": [3.99642361948e-23, 3.8705078506e-23, 4.98236816901e-24, 6.47237811312e-24, 1.16870285845e-22, 4.33521665908e-23, 3.55632632461e-23, 4.36038353077e-23, 2.78798590034e-23, 4.28483842395e-23, 5.71946749262e-23, 9.47613671925e-23, 8.93063056805e-23, 1.19325321956e-22, 1.89945601695e-22, 1.97689148694e-22, 2.03915873943e-22, 3.55951079831e-22, 2.41065694242e-22, 3.67570912613e-22, 3.27642130982e-22, 5.21370465869e-22, 7.77115334322e-22, 6.71852814842e-22, 1.48154802882e-21, 1.73130739938e-21, 2.42438660578e-21],
        "stdev": [0.00962231121957, 0.0537118911743, 0.0148676326498, 0.00520745804533, 0.00824604462832, 0.00158199470025, 0.00467468192801, 0.0026306041982, 0.00419001234695, 0.00325872539543, 0.00108852132689, 0.000664738705382, 0.00077733991202, 0.000394208240323, 0.000233809128986, 0.000230347490287, 0.000356378150173, 0.000214028215851, 0.000490156642627, 0.000426907674409, 0.000459982431494, 0.00041400428745, 0.000414471694967, 0.000683271151502, 0.00058107113, 0.000202606635867, 1.31854358187e-05],
        "var": [9.2588867119e-05, 0.00288496725261, 0.000221046502702, 2.71176213573e-05, 6.79972581565e-05, 2.50270704782e-06, 2.18526492972e-05, 6.9200782491e-06, 1.7556201783e-05, 1.06192910607e-05, 1.18487878353e-06, 4.41877574531e-07, 6.04257365922e-07, 1.55400144308e-07, 5.46667067169e-08, 5.30599670867e-08, 1.27005378658e-07, 4.58080791077e-08, 2.40253513084e-07, 1.82250161629e-07, 2.1158383845e-07, 1.71399548776e-07, 1.71786780356e-07, 4.6685943289e-07, 3.37643655257e-07, 4.10494465086e-08, 1.73855721486e-10]
    },
    "erbbands": {
        "dmean": [0.734405875206, 4.07593774796, 7.00008106232, 6.85039758682, 11.159740448, 15.2412080765, 5.44354009628, 6.02653980255, 20.0323543549, 26.4094581604, 18.7184677124, 21.2935676575, 15.7198066711, 11.8281879425, 7.24278926849, 7.23026037216, 6.38609647751, 7.70508480072, 6.43471717834, 4.57233047485, 5.44255590439, 10.0943698883, 6.60733890533, 8.27377033234, 7.02189922333, 8.31035709381, 6.17031669617, 5.46591329575, 5.44836902618, 4.51267147064, 4.80711460114, 4.22876167297, 2.98804926872, 1.63283801079, 0.752990603447, 0.256465226412, 0.0562979876995, 0.00905993115157, 0.000271986500593, 3.22291816701e-05],
        "dmean2": [1.14806485176, 5.77450275421, 11.2815847397, 11.4299182892, 18.6402702332, 24.3616733551, 8.84195899963, 9.24339485168, 29.6300773621, 42.9116859436, 26.7130470276, 28.3049755096, 21.8989868164, 15.8813886642, 10.7721509933, 11.0043048859, 9.94508171082, 11.8126544952, 9.86131858826, 7.21511983871, 8.63667106628, 16.4466629028, 11.0753831863, 15.2812519073, 12.0467405319, 14.1581382751, 10.1364374161, 8.84834575653, 9.18897628784, 7.18060827255, 7.70562028885, 6.37402439117, 4.6921954155, 2.42838597298, 1.21822500229, 0.390569478273, 0.0832655131817, 0.013949024491, 0.000432395318057, 4.43396274932e-05],
        "dvar": [2.17230725288, 98.5470352173, 442.729980469, 379.895294189, 233.794235229, 521.935180664, 123.439147949, 107.509117126, 903.118225098, 2219.34570312, 1347.04248047, 2164.89648438, 1112.72119141, 721.53918457, 170.060470581, 212.277648926, 173.238128662, 188.558502197, 129.325271606, 70.098274231, 87.1052474976, 275.762268066, 142.739471436, 771.269775391, 383.932556152, 515.159973145, 200.209411621, 225.993469238, 148.874816895, 85.6768188477, 110.121055603, 131.457885742, 71.6973724365, 25.2111606598, 7.04093980789, 0.929168581963, 0.0440389066935, 0.00133477326017, 1.38137829708e-06, 2.45688625e-09],
        "dvar2": [5.5314207077, 197.080764771, 1124.95385742, 1011.95196533, 637.295593262, 1317.80615234, 317.403747559, 239.620346069, 1748.23901367, 4885.67041016, 2439.6706543, 3412.66723633, 2023.55688477, 1313.13232422, 383.415039062, 462.802520752, 366.945892334, 437.482971191, 278.084564209, 171.988800049, 213.924331665, 686.178283691, 381.965820312, 2242.3972168, 998.650634766, 1356.69445801, 502.281463623, 479.95135498, 331.066101074, 184.448242188, 251.772964478, 232.329711914, 145.171188354, 50.6660728455, 15.8546686172, 2.01604747772, 0.0918972268701, 0.00276126619428, 3.19652667713e-06, 4.65247484982e-09],
        "max": [9.34243679047, 72.4267044067, 164.648147583, 144.386611938, 195.523544312, 249.125137329, 140.954986572, 149.741943359, 363.283447266, 738.915527344, 677.933654785, 1089.02612305, 739.553894043, 467.592498779, 260.257354736, 249.683807373, 219.290985107, 202.498931885, 192.993087769, 113.465278625, 89.2843475342, 163.116241455, 116.978012085, 246.19203186, 212.533477783, 248.549209595, 183.821884155, 383.628753662, 182.634613037, 144.419509888, 142.57875061, 222.159042358, 144.627029419, 96.9143295288, 56.7855300903, 20.4807605743, 4.04032802582, 0.649114966393, 0.0194750707597, 0.000628027133644],
        "mean": [1.10183227062, 5.347905159, 8.0488986969, 8.23420143127, 27.7732162476, 38.621421814, 11.0990953445, 13.5161161423, 43.9901504517, 51.5544776917, 42.5460395813, 47.4514198303, 38.9961776733, 28.8411216736, 16.1880187988, 14.2828817368, 14.5371818542, 15.3744096756, 10.2494297028, 7.48248910904, 8.88918304443, 15.154094696, 9.51287937164, 7.69801855087, 8.2602930069, 9.21160888672, 7.26921033859, 7.7422118187, 6.94277858734, 5.55424022675, 5.04284906387, 4.93740463257, 3.56569433212, 2.15543913841, 0.93541765213, 0.335658818483, 0.0748649612069, 0.0114714456722, 0.000360325182555, 8.68107235874e-05],
        "median": [0.290812492371, 1.60098993778, 3.07739853859, 3.6737434864, 21.0342082977, 24.7705039978, 6.33964729309, 7.90676689148, 25.478187561, 25.5816822052, 15.9929189682, 12.6156787872, 10.6929426193, 8.60208320618, 7.22046899796, 4.331843853, 3.55857253075, 5.63556861877, 4.64901447296, 3.70890712738, 3.83028745651, 7.20096445084, 5.33831262589, 1.60154891014, 1.40980494022, 1.63599395752, 1.12798440456, 0.75125592947, 0.542627215385, 0.859405696392, 0.726463377476, 0.829332768917, 0.844942033291, 0.57056415081, 0.206706270576, 0.0720234513283, 0.0174592081457, 0.00188396428712, 9.7815762274e-05, 5.83401415497e-05],
        "min": [2.16208088846e-21, 4.90422743213e-21, 6.31006531181e-21, 2.01573753236e-20, 2.0764668388e-19, 4.53366475103e-19, 3.49896752875e-19, 3.31923539881e-19, 1.74281888584e-19, 1.20566113433e-18, 7.77525063779e-19, 5.03963510511e-19, 9.01128904954e-19, 1.96859700685e-18, 2.64280690193e-18, 4.2898140778e-18, 3.6048746162e-18, 5.31320772192e-18, 8.81855265809e-18, 7.98030519612e-18, 1.32811680746e-17, 1.37293610002e-17, 1.96421878123e-17, 1.20726853238e-17, 1.16361738427e-17, 2.0796435639e-17, 1.27179126714e-17, 1.55157079911e-17, 2.24744343773e-17, 1.98745544269e-17, 1.97659059078e-17, 1.37627617262e-17, 1.39475257509e-17, 1.40568111991e-17, 1.03740939241e-17, 6.67649070691e-18, 3.47959728525e-18, 1.38876759249e-18, 3.8587275057e-19, 3.10733208227e-20],
        "stdev": [1.91740632057, 11.8234395981, 18.8996753693, 16.9646778107, 24.5116081238, 40.4978294373, 15.3472757339, 16.8181056976, 52.5638389587, 80.8761138916, 71.6984024048, 97.2228393555, 81.9296875, 58.7607269287, 25.2477207184, 27.4409656525, 28.593460083, 25.9614696503, 15.7035751343, 11.218914032, 12.4088163376, 20.591463089, 12.6546096802, 22.4002361298, 19.7521457672, 22.3439350128, 16.5470733643, 20.9088687897, 15.8591165543, 11.8546276093, 11.8442373276, 15.6799507141, 10.6241989136, 7.17908191681, 3.71190977097, 1.32036948204, 0.280452400446, 0.0483574792743, 0.00141643721145, 8.20458881208e-05],
        "var": [3.67644691467, 139.793716431, 357.197723389, 287.800323486, 600.818969727, 1640.07421875, 235.538864136, 282.84866333, 2762.95703125, 6540.94580078, 5140.66064453, 9452.28027344, 6712.47314453, 3452.82299805, 637.447387695, 753.006591797, 817.5859375, 673.99786377, 246.602264404, 125.864028931, 153.978713989, 424.008361816, 160.139144897, 501.770599365, 390.147247314, 499.251464844, 273.805664062, 437.18081665, 251.511581421, 140.532196045, 140.285964966, 245.860855103, 112.87361145, 51.5392150879, 13.7782745361, 1.74337553978, 0.0786535441875, 0.00233844597824, 2.00629438041e-06, 6.73152822372e-09]
    },
    "gfcc": {
        "mean": [2.70998001099, 110.165290833, -84.6450271606, 26.3296260834, -62.4762306213, 14.1229743958, -41.9510612488, 16.2255687714, -19.6137275696, 0.163219958544, -15.4233703613, -2.15728616714, -8.32840919495],
        "cov": [[5601.38330078, -1526.50415039, 100.731796265, 746.085571289, -356.147827148, 571.909057617, -143.018585205, 176.20703125, -257.521789551, 209.320343018, -212.684158325, 95.3475570679, -212.369293213], [-1526.50415039, 1995.58740234, -10.1781997681, -218.9871521, 626.971801758, -139.933700562, 412.028259277, 35.4051437378, 225.721817017, -47.6036605835, 253.712799072, -106.671875, 147.772033691], [100.731796265, -10.1781997681, 754.138916016, 300.466278076, 183.266052246, 193.398239136, 72.2583236694, 98.0200119019, 89.3570861816, 115.20059967, -11.7453241348, 81.8720016479, 90.1650466919], [746.085571289, -218.9871521, 300.466278076, 1027.07958984, 234.026901245, 112.038528442, 155.05267334, 43.1986579895, 178.661254883, 96.0228881836, 42.80078125, 36.9559440613, 117.091346741], [-356.147827148, 626.971801758, 183.266052246, 234.026901245, 484.39956665, -2.50292468071, 202.075714111, 96.8681488037, 144.59552002, 35.8069381714, 95.8917388916, -6.80326557159, 78.5865097046], [571.909057617, -139.933700562, 193.398239136, 112.038528442, -2.50292468071, 336.681365967, 122.538375854, 44.1139373779, 16.2269020081, 79.7829971313, 21.7692527771, 30.4496669769, -41.4176750183], [-143.018585205, 412.028259277, 72.2583236694, 155.05267334, 202.075714111, 122.538375854, 457.035400391, 50.0148582458, 63.9543266296, 88.5512008667, 129.254882812, -0.213138952851, 41.8627357483], [176.20703125, 35.4051437378, 98.0200119019, 43.1986579895, 96.8681488037, 44.1139373779, 50.0148582458, 133.922958374, 31.0528488159, 36.2903213501, 26.3139209747, 22.0004940033, 16.4333343506], [-257.521789551, 225.721817017, 89.3570861816, 178.661254883, 144.59552002, 16.2269020081, 63.9543266296, 31.0528488159, 202.129867554, 34.0174751282, 56.3790893555, 13.2840900421, 62.6169929504], [209.320343018, -47.6036605835, 115.20059967, 96.0228881836, 35.8069381714, 79.7829971313, 88.5512008667, 36.2903213501, 34.0174751282, 129.242279053, 32.6455307007, 17.398355484, 26.3246002197], [-212.684158325, 253.712799072, -11.7453241348, 42.80078125, 95.8917388916, 21.7692527771, 129.254882812, 26.3139209747, 56.3790893555, 32.6455307007, 124.147132874, -2.9689218998, 29.3555107117], [95.3475570679, -106.671875, 81.8720016479, 36.9559440613, -6.80326557159, 30.4496669769, -0.213138952851, 22.0004940033, 13.2840900421, 17.398355484, -2.9689218998, 81.1036300659, 17.7664642334], [-212.369293213, 147.772033691, 90.1650466919, 117.091346741, 78.5865097046, -41.4176750183, 41.8627357483, 16.4333343506, 62.6169929504, 26.3246002197, 29.3555107117, 17.7664642334, 120.683868408]],
        "icov": [[0.00047871490824, -0.000298506580293, 0.000416816154029, -0.000747928686906, 0.000465363031253, -0.000701996439602, 0.000435325724538, -0.00101259013172, 0.000891064584721, -0.000945057603531, 0.000928497465793, -0.000510351848789, 0.000658183242194], [-0.000298506580293, 0.00259260903113, -0.000504812342115, 0.00199856003746, -0.00286229560152, 0.00059449247783, -0.00142113689799, 0.00195564655587, -0.00181720685214, 0.00252087973058, -0.00260502821766, 0.00253046862781, -0.00231306697242], [0.000416816154029, -0.000504812342115, 0.00291532767005, -0.000953648006544, -0.000337842619047, -0.00210145371966, 0.000933351402637, -0.00139888096601, 0.00103866669815, -0.0020693987608, 0.00255739479326, -0.00194224913139, -0.000959376513492], [-0.000747928686906, 0.00199856003746, -0.000953648006544, 0.00351688452065, -0.00273606181145, 0.000807487231214, -0.00153483950999, 0.00279771257192, -0.0028994823806, 0.00236896122806, -0.00222934642807, 0.0021224594675, -0.00303529272787], [0.000465363031253, -0.00286229560152, -0.000337842619047, -0.00273606181145, 0.00746717816219, 0.000412385910749, 0.000243227637839, -0.00452806614339, 0.000557620311156, -0.00173106964212, 0.00192062999122, -0.00129840068985, 0.00285420566797], [-0.000701996439602, 0.00059449247783, -0.00210145371966, 0.000807487231214, 0.000412385910749, 0.00655509112403, -0.00214068731293, 0.000821053632535, -0.00195695739239, 0.000129158404889, -0.00213189795613, 0.000285551795969, 0.00289894198067], [0.000435325724538, -0.00142113689799, 0.000933351402637, -0.00153483950999, 0.000243227637839, -0.00214068731293, 0.00507269380614, -0.00109579658601, 0.00232990877703, -0.00314781628549, -0.00102983601391, -0.00139255379327, 0.000727803620975], [-0.00101259013172, 0.00195564655587, -0.00139888096601, 0.00279771257192, -0.00452806614339, 0.000821053632535, -0.00109579658601, 0.0129861319438, -0.00227866345085, 0.00139865139499, -0.00389861338772, 9.70147739281e-05, -0.00219238712452], [0.000891064584721, -0.00181720685214, 0.00103866669815, -0.0028994823806, 0.000557620311156, -0.00195695739239, 0.00232990877703, -0.00227866345085, 0.0101745026186, -0.00321831204928, 0.000466722704004, -0.00271988264285, 7.46961268305e-06], [-0.000945057603531, 0.00252087973058, -0.0020693987608, 0.00236896122806, -0.00173106964212, 0.000129158404889, -0.00314781628549, 0.00139865139499, -0.00321831204928, 0.0150047997013, -0.00489212060347, 0.0029198708944, -0.00427210144699], [0.000928497465793, -0.00260502821766, 0.00255739479326, -0.00222934642807, 0.00192062999122, -0.00213189795613, -0.00102983601391, -0.00389861338772, 0.000466722704004, -0.00489212060347, 0.0175608620048, -0.00265423511155, 0.000925856933463], [-0.000510351848789, 0.00253046862781, -0.00194224913139, 0.0021224594675, -0.00129840068985, 0.000285551795969, -0.00139255379327, 9.70147739281e-05, -0.00271988264285, 0.0029198708944, -0.00265423511155, 0.0176858808845, -0.00437507871538], [0.000658183242194, -0.00231306697242, -0.000959376513492, -0.00303529272787, 0.00285420566797, 0.00289894198067, 0.000727803620975, -0.00219238712452, 7.46961268305e-06, -0.00427210144699, 0.000925856933463, -0.00437507871538, 0.0164675135165]]
    },
    "melbands": {
        "dmean": [0.00579158077016, 0.00389480404556, 0.00121725036297, 0.000969960761722, 0.000272242352366, 0.000143753932207, 0.00032362647471, 0.000248851662036, 0.000171972584212, 0.000135063368361, 8.37145125843e-05, 5.51231023564e-05, 2.84412453766e-05, 1.67007856362e-05, 2.16150128836e-05, 2.04507578019e-05, 1.38679697557e-05, 1.20789181892e-05, 7.86250893725e-06, 6.52442713545e-06, 7.15749865776e-06, 1.1492304111e-05, 7.96518997959e-06, 4.82229188492e-06, 7.1785630098e-06, 6.43779958409e-06, 4.27322083851e-06, 5.9031026467e-06, 4.36447044194e-06, 3.17451690535e-06, 3.27127963828e-06, 3.4214358493e-06, 2.35343350141e-06, 2.62324169853e-06, 2.85708688352e-06, 2.51992878475e-06, 2.7388343824e-06, 2.05398669095e-06, 2.10896928365e-06, 1.1679032923e-06],
        "dmean2": [0.00873815547675, 0.00560482405126, 0.00202595861629, 0.00158930069301, 0.000437819835497, 0.000217521039303, 0.000491146289278, 0.00039761827793, 0.000245840084972, 0.000178678979864, 0.000115397029731, 7.45784127503e-05, 4.14360729337e-05, 2.57126757788e-05, 3.29033427988e-05, 3.15333309118e-05, 2.14912925003e-05, 1.86264878721e-05, 1.26965796881e-05, 1.005096874e-05, 1.16123464977e-05, 1.88183148566e-05, 1.3074065464e-05, 8.19809429231e-06, 1.33992671181e-05, 1.16441497084e-05, 6.93511992722e-06, 1.0301754628e-05, 7.46301248e-06, 5.03057572132e-06, 5.31967179995e-06, 5.87353497394e-06, 3.74279420612e-06, 4.21879440182e-06, 4.67520476377e-06, 3.87844193028e-06, 4.14028772866e-06, 3.25870928464e-06, 3.40111864716e-06, 1.70328235072e-06],
        "dvar": [0.000137836264912, 9.88210740616e-05, 8.31343004393e-06, 1.54586609824e-06, 2.45574483415e-07, 5.31175210483e-08, 2.1168493447e-07, 1.84140660053e-07, 1.35593310802e-07, 8.9949502069e-08, 3.11135401887e-08, 1.57999195949e-08, 2.95734214895e-09, 9.33204957754e-10, 2.14705586643e-09, 2.14869055881e-09, 5.62766944157e-10, 4.56164578333e-10, 2.55504783997e-10, 1.35981309546e-10, 1.8178912542e-10, 3.7736261338e-10, 1.95687799298e-10, 9.33255972502e-11, 6.39610309161e-10, 3.53202356251e-10, 1.21317109136e-10, 2.73177230836e-10, 1.05952017992e-10, 8.39214739368e-11, 8.14628434154e-11, 6.27445734258e-11, 2.68451320201e-11, 2.98024487033e-11, 3.66679846209e-11, 4.79055926872e-11, 5.86217949183e-11, 3.4756541395e-11, 4.1984013488e-11, 1.45925146966e-11],
        "dvar2": [0.000304632354528, 0.000221934154979, 2.20906695176e-05, 4.25338566856e-06, 6.28489658538e-07, 1.18730092424e-07, 4.28308482014e-07, 3.98587161499e-07, 2.49236308036e-07, 1.38385956916e-07, 5.53086394461e-08, 3.03542222468e-08, 5.73601433018e-09, 2.12901984931e-09, 4.80290740512e-09, 4.79384487662e-09, 1.30248789532e-09, 9.77494085674e-10, 6.32824070923e-10, 3.33261251928e-10, 4.63520388738e-10, 9.47226519443e-10, 4.95844421078e-10, 2.55467369481e-10, 1.87030901877e-09, 9.82011916228e-10, 2.7320562479e-10, 7.3392458777e-10, 2.86895590618e-10, 1.93274229954e-10, 1.68716665638e-10, 1.45319270506e-10, 5.40334721411e-11, 6.59714088913e-11, 8.80002251624e-11, 9.25768697813e-11, 1.12033493593e-10, 6.98435753677e-11, 9.65012791898e-11, 2.64741562006e-11],
        "max": [0.0808518305421, 0.0682757869363, 0.0269370637834, 0.0127870235592, 0.00679305568337, 0.00303575512953, 0.00687656970695, 0.00674161035568, 0.0052079684101, 0.0073014292866, 0.00415282417089, 0.00238994741812, 0.00120514689479, 0.000564727641176, 0.000883613654878, 0.000770131649915, 0.000342636252753, 0.000356203818228, 0.000211580147152, 0.000173363529029, 0.000109139291453, 0.000205740943784, 0.000187254307093, 8.72726377565e-05, 0.00022658360831, 0.000144472884131, 0.000184087301022, 0.000174636239535, 0.000126943195937, 0.000248107535299, 0.000201935865334, 0.000125288861454, 8.18698244984e-05, 8.36653125589e-05, 6.24376698397e-05, 0.000154359309818, 0.000155303321662, 0.000109655877168, 0.000102618425444, 9.63612692431e-05],
        "mean": [0.00907365698367, 0.00504202535376, 0.00193396408577, 0.00267947930843, 0.000579279963858, 0.000323405867675, 0.000704765261617, 0.00048847583821, 0.000379385717679, 0.000296232290566, 0.000200782204047, 0.000132092522108, 6.10797651461e-05, 3.22603882523e-05, 3.99797718273e-05, 3.90371606045e-05, 2.6261262974e-05, 1.82881722139e-05, 1.06626384877e-05, 1.02320736914e-05, 1.01466966953e-05, 1.63004897331e-05, 1.17958152259e-05, 6.18166041022e-06, 6.1689006543e-06, 6.34661773802e-06, 5.78987101107e-06, 6.1463010752e-06, 4.56964880868e-06, 4.33710920333e-06, 4.45193472842e-06, 4.05801119996e-06, 3.18360025631e-06, 3.06587116938e-06, 2.93170910481e-06, 2.69496445071e-06, 3.14633280141e-06, 2.42801479544e-06, 2.39967425841e-06, 1.61499315254e-06],
        "median": [0.00250034080818, 0.00185196567327, 0.00122094585095, 0.00241034571081, 0.000248110853136, 0.000196965935174, 0.000425759353675, 0.00023130691261, 9.96117159957e-05, 7.59925605962e-05, 5.34194696229e-05, 3.4960143239e-05, 2.8732834835e-05, 1.09418251668e-05, 9.2496002253e-06, 8.01680380391e-06, 1.00280421975e-05, 7.30600504539e-06, 4.70230088467e-06, 4.02475961891e-06, 3.50209529643e-06, 6.73758859193e-06, 6.57741156829e-06, 2.59955822912e-06, 9.32685054522e-07, 8.03963530416e-07, 1.26502231979e-06, 8.98236464764e-07, 6.78307060298e-07, 5.80100845582e-07, 3.398201045e-07, 2.3577013053e-07, 3.66167938637e-07, 5.36822199138e-07, 4.57927427533e-07, 3.48958991481e-07, 4.98454539866e-07, 5.05840944243e-07, 5.40766563972e-07, 4.28235694017e-07],
        "min": [1.70904096098e-23, 4.32690245957e-24, 7.44777937888e-24, 2.69037351411e-23, 1.33195203765e-23, 7.35302771783e-24, 3.65571948545e-24, 1.25341178375e-23, 6.11576525787e-24, 3.32367412538e-24, 4.42214005893e-24, 7.7150588642e-24, 8.87375117242e-24, 1.00657026453e-23, 8.53755758728e-24, 9.7976492874e-24, 9.92271135101e-24, 1.38962723615e-23, 1.52562007201e-23, 6.07195350092e-24, 1.9037703288e-23, 1.4725529256e-23, 1.6830494141e-23, 1.44304195468e-23, 9.38512473221e-24, 8.61287881537e-24, 7.75655058123e-24, 1.64102963358e-23, 7.1570439034e-24, 7.86043094068e-24, 8.58998133874e-24, 1.36073425886e-23, 9.57958920054e-24, 1.25138914439e-23, 1.22718933728e-23, 8.80635957415e-24, 8.30470241414e-24, 9.2607931538e-24, 1.18491096816e-23, 1.16988939991e-23],
        "stdev": [0.0159380231053, 0.010709467344, 0.00267593632452, 0.00206899549812, 0.000770348415244, 0.000375437230105, 0.00078366958769, 0.000778832880314, 0.000689563166816, 0.000644025858492, 0.000446257618023, 0.000285685469862, 9.93238645606e-05, 5.55307924515e-05, 9.15952477953e-05, 8.22512229206e-05, 4.34379799117e-05, 3.01033742289e-05, 1.84980108315e-05, 1.63755721587e-05, 1.60401850735e-05, 2.39543915086e-05, 1.56665100803e-05, 9.72117686615e-06, 2.00295417017e-05, 1.67331145349e-05, 1.29435484268e-05, 1.5654717572e-05, 1.08987233034e-05, 1.20887279991e-05, 1.24953021441e-05, 9.801368833e-06, 7.21951073501e-06, 6.73547719998e-06, 6.53686402075e-06, 8.56182396092e-06, 1.02232643258e-05, 7.43110786061e-06, 7.40376890462e-06, 5.98245014771e-06],
        "var": [0.000254020560533, 0.000114692695206, 7.16063459549e-06, 4.28074281444e-06, 5.93436652707e-07, 1.40953105188e-07, 6.14138059518e-07, 6.06580613294e-07, 4.75497358821e-07, 4.14769289137e-07, 1.99145858915e-07, 8.16161858097e-08, 9.86522952218e-09, 3.0836688758e-09, 8.38968894357e-09, 6.76526346055e-09, 1.88685822522e-09, 9.06213160068e-10, 3.42176426082e-10, 2.68159355832e-10, 2.57287524619e-10, 5.73812830584e-10, 2.45439557567e-10, 9.4501274861e-11, 4.01182559395e-10, 2.79997108832e-10, 1.67535443851e-10, 2.45070158611e-10, 1.1878216466e-10, 1.46137338342e-10, 1.56132579088e-10, 9.60668281036e-11, 5.21213384952e-11, 4.53666548772e-11, 4.27305898998e-11, 7.33048274859e-11, 1.0451513266e-10, 5.52213656746e-11, 5.48157907954e-11, 3.57897114722e-11]
    },
    "melbands128": {
