{
"lowlevel": {
    "average_loudness": 0.972844362259,
    "barkbands_crest": {
        "dmean": 2.23964214325,
        "dmean2": 3.52277112007,
        "dvar": 5.72592401505,
        "dvar2": 12.4088573456,
        "max": 25.7687301636,
        "mean": 12.7398433685,
        "median": 12.0410575867,
        "min": 4.31691741943,
        "stdev": 4.22027349472,
        "var": 17.8107070923
    },
    "barkbands_flatness_db": {
        "dmean": 0.0334799103439,
        "dmean2": 0.0463202483952,
        "dvar": 0.00107141549233,
        "dvar2": 0.00196508108638,
        "max": 0.622906327248,
        "mean": 0.326932519674,
        "median": 0.297083377838,
        "min": 0.0750862285495,
        "stdev": 0.132180809975,
        "var": 0.0174717660993
    },
    "barkbands_kurtosis": {
        "dmean": 7.19493436813,
        "dmean2": 10.4665756226,
        "dvar": 231.617675781,
        "dvar2": 421.813720703,
        "max": 413.790008545,
        "mean": 14.0386304855,
        "median": 8.33105945587,
        "min": -1.09707844257,
        "stdev": 22.7820453644,
        "var": 519.021606445
    },
    "barkbands_skewness": {
        "dmean": 0.732378423214,
        "dmean2": 1.05376648903,
        "dvar": 0.701021909714,
        "dvar2": 1.26933002472,
        "max": 16.0926036835,
        "mean": 2.30958175659,
        "median": 2.11637568474,
        "min": -2.02262043953,
        "stdev": 1.77278506756,
        "var": 3.14276695251
    },
    "barkbands_spread": {
        "dmean": 2.22097229958,
        "dmean2": 3.20497298241,
        "dvar": 10.9758586884,
        "dvar2": 22.7092685699,
        "max": 45.1409034729,
        "mean": 6.27097988129,
        "median": 4.15383720398,
        "min": 0.331468045712,
        "stdev": 6.04863452911,
        "var": 36.5859794617
    },
    "dissonance": {
        "dmean": 0.0386746935546,
        "dmean2": 0.0643309652805,
        "dvar": 0.00142530607991,
        "dvar2": 0.00366746983491,
        "max": 0.49859815836,
        "mean": 0.406271666288,
        "median": 0.420435011387,
        "min": 0.121444255114,
        "stdev": 0.0629894211888,
        "var": 0.00396766699851
    },
    "dynamic_complexity": 2.17211413383,
    "erbbands_crest": {
        "dmean": 2.54031348228,
        "dmean2": 4.07306098938,
        "dvar": 6.11230564117,
        "dvar2": 14.9526805878,
        "max": 29.4693450928,
        "mean": 11.9756059647,
        "median": 11.4441556931,
        "min": 2.84558749199,
        "stdev": 4.37158441544,
        "var": 19.1107501984
    },
    "erbbands_flatness_db": {
        "dmean": 0.0239280629903,
        "dmean2": 0.0319673717022,
        "dvar": 0.000660280173179,
        "dvar2": 0.00104082026519,
        "max": 0.533684134483,
        "mean": 0.278663992882,
        "median": 0.237550720572,
        "min": 0.0758319944143,
        "stdev": 0.11742875725,
        "var": 0.013789512217
    },
    "erbbands_kurtosis": {
        "dmean": 2.28473258018,
        "dmean2": 3.47402620316,
        "dvar": 10.6769886017,
        "dvar2": 21.9787425995,
        "max": 51.4333724976,
        "mean": 3.04804301262,
        "median": 1.49622488022,
        "min": -1.9455281496,
        "stdev": 5.29938364029,
        "var": 28.0834655762
    },
    "erbbands_skewness": {
        "dmean": 0.497061491013,
        "dmean2": 0.746189177036,
        "dvar": 0.253934592009,
        "dvar2": 0.561743021011,
        "max": 6.15374422073,
        "mean": 1.23301267624,
        "median": 1.16165864468,
        "min": -1.39196074009,
        "stdev": 0.929709792137,
        "var": 0.864360332489
    },
    "erbbands_spread": {
        "dmean": 6.9861664772,
        "dmean2": 10.0424098969,
        "dvar": 108.646949768,
        "dvar2": 202.744003296,
        "max": 174.56413269,
        "mean": 24.7868785858,
        "median": 19.3325710297,
        "min": 1.46345674992,
        "stdev": 21.7718658447,
        "var": 474.014160156
    },
    "hfc": {
        "dmean": 4.38618183136,
        "dmean2": 6.52949523926,
        "dvar": 55.1553115845,
        "dvar2": 137.106948853,
        "max": 86.8558502197,
        "mean": 12.1697216034,
        "median": 9.87493610382,
        "min": 1.18980534344e-16,
        "stdev": 9.58681488037,
        "var": 91.9070129395
    },
    "loudness_ebu128": {
        "integrated": -9.1363658905,
        "loudness_range": 2.41863155365,
        "momentary": {
            "dmean": 0.593676686287,
            "dmean2": 0.839925825596,
            "dvar": 0.300800412893,
            "dvar2": 0.503144621849,
            "max": -6.78053379059,
            "mean": -9.35486221313,
            "median": -9.33441925049,
            "min": -13.2425889969,
            "stdev": 1.42232394218,
            "var": 2.02300548553
        },
        "short_term": {
            "dmean": 0.0410421676934,
            "dmean2": 0.0442181676626,
            "dvar": 0.00181461614557,
            "dvar2": 0.00177964020986,
            "max": -8.06425189972,
            "mean": -9.30851364136,
            "median": -9.05539512634,
            "min": -10.8185358047,
            "stdev": 0.943524181843,
            "var": 0.890237927437
        }
    },
    "melbands_crest": {
        "dmean": 2.58172798157,
        "dmean2": 3.95785689354,
        "dvar": 7.37164115906,
        "dvar2": 14.7221326828,
        "max": 34.2986564636,
        "mean": 16.2672290802,
        "median": 15.4322052002,
        "min": 2.31997847557,
        "stdev": 5.52063941956,
        "var": 30.4774589539
    },
    "melbands_flatness_db": {
        "dmean": 0.03712143749,
        "dmean2": 0.0488742701709,
        "dvar": 0.00145758199506,
        "dvar2": 0.00258992612362,
        "max": 0.761230349541,
        "mean": 0.429513692856,
        "median": 0.393122375011,
        "min": 0.00626035034657,
        "stdev": 0.161043778062,
        "var": 0.0259350966662
    },
    "melbands_kurtosis": {
        "dmean": 11.9791126251,
        "dmean2": 17.5402946472,
        "dvar": 524.954589844,
        "dvar2": 998.632141113,
        "max": 407.38079834,
        "mean": 25.650642395,
        "median": 13.7564926147,
        "min": -1.38960087299,
        "stdev": 38.5010414124,
        "var": 1482.3302002
    },
    "melbands_skewness": {
        "dmean": 0.85132920742,
        "dmean2": 1.2155585289,
        "dvar": 1.05907177925,
        "dvar2": 1.9163864851,
        "max": 15.3618650436,
        "mean": 3.07348966599,
        "median": 2.66611409187,
        "min": -0.365325719118,
        "stdev": 2.2062151432,
        "var": 4.86738538742
    },
    "melbands_spread": {
        "dmean": 2.0156879425,
        "dmean2": 2.90861797333,
        "dvar": 21.7329940796,
        "dvar2": 26.7105464935,
        "max": 154.37991333,
        "mean": 5.92090082169,
        "median": 4.16668796539,
        "min": 0.404413729906,
        "stdev": 6.60960912704,
        "var": 43.6869316101
    },
    "pitch_salience": {
        "dmean": 0.0712262988091,
        "dmean2": 0.114481471479,
        "dvar": 0.00646371534094,
        "dvar2": 0.0154995312914,
        "max": 0.844950854778,
        "mean": 0.527172267437,
        "median": 0.541664898396,
        "min": 0.0953211411834,
        "stdev": 0.134131282568,
        "var": 0.0179912000895
    },
    "silence_rate_20dB": {
        "dmean": 0,
        "dmean2": 0,
        "dvar": 0,
        "dvar2": 0,
        "max": 1,
        "mean": 1,
        "median": 1,
        "min": 1,
        "stdev": 0,
        "var": 0
    },
    "silence_rate_30dB": {
        "dmean": 0.0371517017484,
        "dmean2": 0.0743609592319,
        "dvar": 0.0357718467712,
        "dvar2": 0.0812258347869,
        "max": 1,
        "mean": 0.940448582172,
        "median": 1,
        "min": 0,
        "stdev": 0.236655682325,
        "var": 0.0560059100389
    },
    "silence_rate_60dB": {
        "dmean": 0.00232198135927,
        "dmean2": 0.00464755995199,
        "dvar": 0.00231656618416,
        "dvar2": 0.00617515621707,
        "max": 1,
        "mean": 0.00232018553652,
        "median": 0,
        "min": 0,
        "stdev": 0.0481122359633,
        "var": 0.00231478735805
    },
    "spectral_centroid": {
        "dmean": 96.7910995483,
        "dmean2": 135.508850098,
        "dvar": 109139.15625,
        "dvar2": 126570.570312,
        "max": 11535.8339844,
        "mean": 463.110443115,
        "median": 350.551086426,
        "min": 137.284790039,
        "stdev": 411.8152771,
        "var": 169591.828125
    },
    "spectral_complexity": {
        "dmean": 2.34133124352,
        "dmean2": 3.60108447075,
        "dvar": 10.9491138458,
        "dvar2": 23.1444301605,
        "max": 50,
        "mean": 10.558391571,
        "median": 10,
        "min": 0,
        "stdev": 5.5362701416,
        "var": 30.6502895355
    },
    "spectral_decrease": {
        "dmean": 4.38029346128e-09,
        "dmean2": 6.10413186664e-09,
        "dvar": 4.78729125154e-17,
        "dvar2": 9.22551493156e-17,
        "max": -8.90128227627e-29,
        "mean": -1.16875487066e-08,
        "median": -8.70793126495e-09,
        "min": -7.04244058625e-08,
        "stdev": 1.09776649992e-08,
        "var": 1.20509137646e-16
    },
    "spectral_energy": {
        "dmean": 0.01688439399,
        "dmean2": 0.0235382989049,
        "dvar": 0.000700254633557,
        "dvar2": 0.0013579428196,
        "max": 0.268986612558,
        "mean": 0.0452153943479,
        "median": 0.0339559614658,
        "min": 1.11278321751e-20,
        "stdev": 0.0419148243964,
        "var": 0.00175685249269
    },
    "spectral_energyband_high": {
        "dmean": 0.000110140688776,
        "dmean2": 0.00017682609905,
        "dvar": 1.75755673126e-07,
        "dvar2": 4.58387489743e-07,
        "max": 0.00519823282957,
        "mean": 0.000154953027959,
        "median": 1.63344229804e-05,
        "min": 8.58711299631e-21,
        "stdev": 0.000415984075516,
        "var": 1.73042749907e-07
    },
    "spectral_energyband_low": {
        "dmean": 0.0104095460847,
        "dmean2": 0.0148278800771,
        "dvar": 0.000651215785183,
        "dvar2": 0.00118334894069,
        "max": 0.25131931901,
        "mean": 0.0208563562483,
        "median": 0.00897059682757,
        "min": 1.12642054502e-22,
        "stdev": 0.0396415255964,
        "var": 0.0015714506153
    },
    "spectral_energyband_middle_high": {
        "dmean": 0.000888838840183,
        "dmean2": 0.00137221929617,
        "dvar": 4.30313957622e-06,
        "dvar2": 1.11571916932e-05,
        "max": 0.0275468062609,
        "mean": 0.00169292185456,
        "median": 0.000665189989377,
        "min": 1.35205851809e-21,
        "stdev": 0.00260680681095,
        "var": 6.79544154991e-06
    },
    "spectral_energyband_middle_low": {
        "dmean": 0.00953722186387,
        "dmean2": 0.0146333519369,
        "dvar": 0.000174289787537,
        "dvar2": 0.00044864800293,
        "max": 0.126462295651,
        "mean": 0.0237223990262,
        "median": 0.019847150892,
        "min": 3.78838749347e-22,
        "stdev": 0.0170403346419,
        "var": 0.000290373020107
    },
    "spectral_entropy": {
        "dmean": 0.280573129654,
        "dmean2": 0.370514333248,
        "dvar": 0.0975288078189,
        "dvar2": 0.174732729793,
        "max": 9.79952526093,
        "mean": 6.05172729492,
        "median": 6.23193645477,
        "min": 3.67831349373,
        "stdev": 0.97929662466,
        "var": 0.959021866322
    },
    "spectral_flux": {
        "dmean": 0.0394710376859,
        "dmean2": 0.060454223305,
        "dvar": 0.00274464767426,
        "dvar2": 0.00541989412159,
        "max": 0.47852730751,
        "mean": 0.0863833129406,
        "median": 0.0634174495935,
        "min": 1.05488541513e-10,
        "stdev": 0.0709059461951,
        "var": 0.00502765364945
    },
    "spectral_kurtosis": {
        "dmean": 31.5813598633,
        "dmean2": 51.4950561523,
        "dvar": 3035.89135742,
        "dvar2": 8357.15234375,
        "max": 635.832458496,
        "mean": 90.9005126953,
        "median": 15.1441364288,
        "min": -1.36649405956,
        "stdev": 127.310386658,
        "var": 16207.9345703
    },
    "spectral_rms": {
        "dmean": 0.00114366703201,
        "dmean2": 0.00153609295376,
        "dvar": 1.93073492483e-06,
        "dvar2": 3.70568136532e-06,
        "max": 0.0161995664239,
        "mean": 0.00617055827752,
        "median": 0.00575567269698,
        "min": 3.29490839994e-12,
        "stdev": 0.00245698774233,
        "var": 6.03678927291e-06
    },
    "spectral_rolloff": {
        "dmean": 108.015663147,
        "dmean2": 170.19670105,
        "dvar": 275377.71875,
        "dvar2": 311754.375,
        "max": 18174.0234375,
        "mean": 405.967224121,
        "median": 344.53125,
        "min": 64.599609375,
        "stdev": 565.858581543,
        "var": 320195.9375
    },
    "spectral_skewness": {
        "dmean": 1.19421458244,
        "dmean2": 1.85981357098,
        "dvar": 2.46181702614,
        "dvar2": 6.21995592117,
        "max": 21.4268951416,
        "mean": 5.89083719254,
        "median": 3.20651698112,
        "min": -0.0654534474015,
        "stdev": 4.97936201096,
        "var": 24.7940483093
    },
    "spectral_spread": {
        "dmean": 637966.9375,
        "dmean2": 878084.0625,
        "dvar": 1.32825219072e+12,
        "dvar2": 1.65458267341e+12,
        "max": 40286668,
        "mean": 2997888.25,
        "median": 2719067.25,
        "min": 164432.03125,
        "stdev": 2688958.75,
        "var": 7.2304993239e+12
    },
    "spectral_strongpeak": {
        "dmean": 0.399789720774,
        "dmean2": 0.6840685606,
        "dvar": 0.231036365032,
        "dvar2": 0.565772891045,
        "max": 4.74685144424,
        "mean": 0.780222475529,
        "median": 0.629506468773,
        "min": 0,
        "stdev": 0.596884191036,
        "var": 0.356270730495
    },
    "zerocrossingrate": {
        "dmean": 0.00495764194056,
        "dmean2": 0.00571905542165,
        "dvar": 0.000214931191294,
        "dvar2": 0.000228135279031,
        "max": 0.48388671875,
        "mean": 0.0218612533063,
        "median": 0.0166015625,
        "min": 0.00244140625,
        "stdev": 0.0196640305221,
        "var": 0.000386674131732
    },
    "barkbands": {
        "dmean": [0.000784640724305, 0.00740583101287, 0.00398091971874, 0.00239304499701, 0.00546749681234, 0.00262142159045, 0.000783921859693, 0.00050052878214, 0.000340875121765, 0.000387092091842, 0.000141221244121, 0.000178724774742, 0.00019277339743, 0.000110880413558, 0.000125694743474, 8.42315421323e-05, 8.12008365756e-05, 6.1122867919e-05, 4.21432996518e-05, 2.248337114e-05, 2.21184327529e-05, 1.9575441911e-05, 2.0430315999e-05, 2.82850487565e-05, 1.79358685273e-05, 4.87040188091e-06, 5.08916500053e-08],
        "dmean2": [0.000969070883002, 0.010295686312, 0.00629409449175, 0.00392411788926, 0.00893937703222, 0.00370830134489, 0.00122543529142, 0.000744526914787, 0.000531604455318, 0.000621538609266, 0.00023659823637, 0.000290085299639, 0.000338656100212, 0.000177178866579, 0.000196014429093, 0.000137314782478, 0.00012088422227, 9.69523898675e-05, 6.54053146718e-05, 3.52445749741e-05, 3.73087750631e-05, 3.30562907038e-05, 3.33126517944e-05, 4.37971611973e-05, 2.80770454992e-05, 8.06522530183e-06, 8.72855565603e-08],
        "dvar": [3.34929541168e-06, 0.000513996812515, 0.000108003594505, 2.00594622584e-05, 6.87855790602e-05, 2.29167799262e-05, 3.06434367303e-06, 1.76357855253e-06, 9.5184265092e-07, 1.26677252865e-06, 2.10754393493e-07, 2.09210739399e-07, 1.35624509312e-06, 1.1406655176e-07, 1.07928393334e-07, 4.72639491989e-08, 5.05530941552e-08, 2.25367120521e-08, 1.3536813448e-08, 3.6600344977e-09, 7.26306126353e-09, 7.17048953547e-09, 6.55789600401e-09, 9.21654574881e-09, 3.37011263341e-09, 5.20071430365e-10, 6.79969318698e-14],
        "dvar2": [5.72917770114e-06, 0.000845146190841, 0.000302094267681, 5.35248655069e-05, 0.000188639969565, 5.29784192622e-05, 7.25632071408e-06, 3.54738494934e-06, 2.08522260436e-06, 3.08040557684e-06, 5.5539811683e-07, 4.9590113349e-07, 3.90728155253e-06, 2.30083998076e-07, 2.51866651979e-07, 1.14905404303e-07, 1.13710470373e-07, 5.33076622844e-08, 3.36216814389e-08, 8.57673576604e-09, 1.89787225935e-08, 1.89670696926e-08, 1.7262868468e-08, 2.34101378283e-08, 8.74554562103e-09, 1.38394495863e-09, 1.68817799909e-13],
        "max": [0.0197235513479, 0.247748285532, 0.108824707568, 0.0449488013983, 0.080896474421, 0.0589171163738, 0.024440292269, 0.0188207980245, 0.0219174623489, 0.0223226360977, 0.00578571902588, 0.00821585394442, 0.020714385435, 0.00724610267207, 0.00466907443479, 0.00269109383225, 0.00364220351912, 0.00250916881487, 0.00161685282364, 0.00075270596426, 0.000940220779739, 0.00108588289004, 0.00097909825854, 0.00123705319129, 0.000743216834962, 0.000264605972916, 6.96688493917e-06],
        "mean": [0.00113877549302, 0.0125028090551, 0.00618346128613, 0.0038084264379, 0.0104138739407, 0.00613440945745, 0.00144291704055, 0.00097550539067, 0.000518530316185, 0.000615481869318, 0.000155781526701, 0.000252639001701, 0.000190620339708, 0.000160273324582, 0.000162734548212, 0.000105280792923, 0.000124315090943, 9.47328735492e-05, 6.30163922324e-05, 3.36422890541e-05, 2.13125294977e-05, 1.76784851647e-05, 2.48813958024e-05, 4.17409901274e-05, 2.73775131063e-05, 5.14876683155e-06, 4.23872030808e-08],
        "median": [5.88213406445e-05, 0.00222654617392, 0.00303347269073, 0.00122074165847, 0.00750556821004, 0.00286888913251, 0.000542140449397, 0.000273392797681, 0.000168498183484, 0.000110647808469, 2.24440045713e-05, 3.90371496906e-05, 2.22161706915e-05, 1.29389236463e-05, 1.15113225547e-05, 7.26664848116e-06, 1.01223795355e-05, 1.03652146208e-05, 3.94649987356e-06, 2.96498228636e-06, 9.80037611953e-07, 7.68436450471e-07, 1.70273528965e-06, 3.5444961668e-06, 2.17995966523e-06, 3.40449560099e-07, 1.3506462615e-09],
        "min": [3.09745583625e-24, 4.17429471421e-23, 5.22319131061e-23, 3.88421856868e-23, 3.14954231022e-23, 1.59304035326e-22, 1.92653291022e-23, 3.98214018839e-23, 7.47591299866e-23, 3.20187060951e-23, 6.55043400642e-23, 1.14841108405e-22, 8.21211396747e-23, 8.39205124668e-23, 9.23628009003e-23, 1.30095557853e-22, 1.96087546486e-22, 1.39415640215e-22, 2.57894457622e-22, 4.34137747342e-22, 5.43068204974e-22, 5.76842558879e-22, 6.69847366338e-22, 1.16085044864e-21, 1.42367244703e-21, 1.64447070165e-21, 2.47695457994e-21],
        "stdev": [0.00277671311051, 0.0353282168508, 0.00980999786407, 0.00547446962446, 0.00978074595332, 0.00747156748548, 0.00258257193491, 0.00207501859404, 0.00152398145292, 0.0018638643669, 0.000500873138662, 0.000654744682834, 0.000896327139344, 0.000534862454515, 0.000414419133449, 0.000261504435912, 0.000303478213027, 0.000195778397028, 0.000155835426995, 8.27141047921e-05, 8.10935598565e-05, 7.4856383435e-05, 8.01095811767e-05, 0.000109434018668, 6.30072972854e-05, 2.1036792532e-05, 2.54878386841e-07],
        "var": [7.71013583289e-06, 0.00124808284454, 9.62360645644e-05, 2.9969816751e-05, 9.56629883149e-05, 5.58243191335e-05, 6.66967798679e-06, 4.30570253229e-06, 2.32251954912e-06, 3.4739905459e-06, 2.5087391009e-07, 4.28690611898e-07, 8.03402372185e-07, 2.86077835199e-07, 1.71743224087e-07, 6.83845655658e-08, 9.20990288478e-08, 3.83291833828e-08, 2.42846809329e-08, 6.84162282383e-09, 6.5761658341e-09, 5.60347857004e-09, 6.41754516195e-09, 1.19758052364e-08, 3.96991994833e-09, 4.42546638224e-10, 6.49629886018e-14]
    },
    "erbbands": {
        "dmean": [0.242948129773, 1.77220094204, 4.57460212708, 5.5990858078, 13.742609024, 20.5225219727, 18.6308479309, 24.6180515289, 14.1745824814, 7.3822722435, 12.067442894, 8.51665687561, 13.0491514206, 6.32186508179, 6.56849622726, 8.22404956818, 9.10032558441, 5.99681997299, 6.08601140976, 5.28865194321, 3.96559309959, 3.71044015884, 3.07823348045, 2.96098256111, 1.4422056675, 1.11841726303, 0.900168716908, 0.810138046741, 0.738886117935, 0.611298024654, 0.59955394268, 0.622310578823, 0.456815063953, 0.261118263006, 0.101048357785, 0.0338693074882, 0.00678873062134, 0.000500838970765, 1.82942349056e-05, 1.90790706256e-05],
        "dmean2": [0.305318683386, 2.57259702682, 7.17947053909, 9.3111114502, 22.0395183563, 33.4153785706, 28.6808643341, 34.8613319397, 21.0843391418, 11.7209367752, 17.9787273407, 13.0308427811, 20.7158851624, 10.272860527, 10.8857078552, 13.190413475, 15.8840818405, 9.44665050507, 9.06760406494, 8.40234947205, 6.24777173996, 5.50471591949, 4.69003391266, 4.49683761597, 2.29311180115, 1.74666070938, 1.46754109859, 1.40291750431, 1.26188457012, 1.01332950592, 0.973068535328, 0.989587903023, 0.711425304413, 0.410349458456, 0.158464714885, 0.0555646158755, 0.0113451275975, 0.000833521946333, 2.82407709165e-05, 2.66457955149e-05],
        "dvar": [0.632970035076, 30.5545215607, 151.539718628, 129.07925415, 502.618865967, 1105.12915039, 1408.4465332, 2037.5435791, 818.009094238, 351.078643799, 1110.8815918, 657.182006836, 1932.94519043, 208.005126953, 462.496368408, 449.835479736, 3336.7019043, 356.623321533, 239.009506226, 187.258911133, 86.3642272949, 112.648254395, 53.4750747681, 72.2072296143, 21.2996330261, 9.18546104431, 9.291223526, 12.0739412308, 10.6358966827, 6.15636444092, 5.59252166748, 4.83899879456, 2.32577323914, 0.661880910397, 0.124705962837, 0.0241995882243, 0.00108176481444, 4.86591625304e-06, 2.696160184e-09, 8.61339721769e-10],
        "dvar2": [0.79847484827, 59.9978752136, 414.289398193, 358.688171387, 1287.58581543, 3114.29638672, 3768.32421875, 4508.90673828, 1910.5769043, 848.623962402, 2199.16894531, 1427.84973145, 4370.8828125, 546.911621094, 1238.67590332, 1090.74169922, 9637.54003906, 808.540710449, 483.291015625, 437.051544189, 216.401885986, 258.277679443, 119.827728271, 179.864318848, 55.4549179077, 21.1353759766, 22.9799365997, 32.7909431458, 28.3863716125, 16.0146846771, 14.5939712524, 12.4149532318, 5.90464878082, 1.71870911121, 0.326181769371, 0.0652092695236, 0.00283273914829, 1.15317661766e-05, 6.6953398381e-09, 1.71379044289e-09],
        "max": [10.0505800247, 56.0631484985, 132.592102051, 131.521438599, 241.594955444, 349.027893066, 496.940643311, 610.357971191, 358.642852783, 324.601959229, 500.872619629, 660.26776123, 1004.61676025, 186.965942383, 209.993041992, 423.848754883, 1043.7298584, 415.177459717, 284.182434082, 173.433029175, 103.742050171, 181.635009766, 106.335571289, 170.327865601, 54.1443367004, 37.2764968872, 44.1338920593, 37.6542243958, 38.6807899475, 34.7846832275, 27.2115383148, 27.0363235474, 20.0502223969, 9.92677307129, 4.93107938766, 1.93163979053, 0.353462398052, 0.0416593886912, 0.000873975746799, 0.000297700753435],
        "mean": [0.431066244841, 2.58450484276, 7.01961898804, 8.98042297363, 25.8652420044, 37.14818573, 37.5234336853, 57.2339477539, 29.1374073029, 12.9982204437, 23.5264072418, 14.8090019226, 22.6200122833, 8.48935031891, 7.79530620575, 12.3241701126, 9.33368492126, 8.97201919556, 8.86888122559, 6.90344047546, 5.83200359344, 5.72665882111, 5.3275141716, 5.01765203476, 2.02436995506, 1.68132722378, 1.05997431278, 0.70705229044, 0.647906780243, 0.627504825592, 0.751267135143, 0.82862251997, 0.698716342449, 0.40426582098, 0.143455728889, 0.0363035127521, 0.00736064277589, 0.000560219981708, 3.54543917638e-05, 5.10818535986e-05],
        "median": [0.0545731447637, 0.609018146992, 3.63515806198, 4.73349189758, 15.1004981995, 25.1259384155, 22.7476387024, 20.1708889008, 13.2418670654, 5.55655097961, 6.62226247787, 6.15089178085, 3.26181077957, 2.30301165581, 1.77063965797, 2.1577000618, 1.4893913269, 0.929817259312, 0.745836138725, 0.590481698513, 0.454006880522, 0.560198009014, 0.580525100231, 0.389406204224, 0.187843054533, 0.151950746775, 0.053922932595, 0.0390039198101, 0.0308153703809, 0.0498184226453, 0.0460706464946, 0.0549273826182, 0.0657378360629, 0.0380479954183, 0.00892466213554, 0.00253064674325, 0.000415232061641, 3.15814177156e-05, 2.07782541111e-05, 3.84536397178e-05],
        "min": [1.20545549675e-21, 9.94292018142e-21, 4.97244600276e-20, 9.84861852197e-20, 1.4592785617e-19, 7.81514232756e-20, 8.79096225556e-19, 1.123483739e-18, 3.16758243175e-19, 7.71075691639e-19, 5.84190207159e-19, 2.10611495651e-18, 1.21756684829e-18, 1.36204945191e-18, 3.94223609313e-18, 3.80114720477e-18, 3.82797349921e-18, 3.90292681606e-18, 6.52347346053e-18, 5.27880238511e-18, 6.97970203225e-18, 1.14972215619e-17, 9.46310089038e-18, 1.18495574894e-17, 1.21593978402e-17, 2.27447404579e-17, 2.37230833643e-17, 1.97129051372e-17, 2.01116674038e-17, 1.80069576204e-17, 1.8775896446e-17, 2.52209817222e-17, 1.95883085759e-17, 1.25360652855e-17, 1.19697352519e-17, 5.6078581415e-18, 3.29473379208e-18, 1.42997390489e-18, 3.17793640657e-19, 3.44532712785e-20],
        "stdev": [1.34434127808, 7.18850946426, 11.4423713684, 11.548915863, 29.8258666992, 38.8190803528, 44.7184295654, 74.4246292114, 43.720703125, 22.3228130341, 52.6043319702, 40.9105606079, 78.6816253662, 16.8316802979, 21.9386749268, 31.965303421, 44.1971435547, 28.7266407013, 22.3827438354, 16.374628067, 12.0308990479, 13.5929107666, 10.8771715164, 11.6044769287, 5.08448696136, 4.10304689407, 3.25609874725, 3.08598732948, 2.84177517891, 2.26718354225, 2.434694767, 2.36574077606, 1.79020988941, 0.897942245007, 0.380582183599, 0.139564484358, 0.0317091234028, 0.00256594177336, 6.05764253123e-05, 4.61690106022e-05],
        "var": [1.80725336075, 51.6746673584, 130.927871704, 133.377456665, 889.582275391, 1506.92102051, 1999.73779297, 5539.02490234, 1911.49975586, 498.307952881, 2767.21557617, 1673.67407227, 6190.79833984, 283.305450439, 481.305450439, 1021.78057861, 1953.38745117, 825.219848633, 500.987182617, 268.128417969, 144.742538452, 184.767227173, 118.312866211, 134.663894653, 25.8520088196, 16.8349933624, 10.6021795273, 9.52331733704, 8.07568645477, 5.14012098312, 5.9277381897, 5.59672927856, 3.20485162735, 0.806300282478, 0.144842788577, 0.0194782465696, 0.00100546842441, 6.58405679133e-06, 3.66950336783e-09, 2.13157758111e-09]
    },
    "gfcc": {
        "mean": [-109.247634888, 182.51008606, -67.0848236084, 5.13932132721, -45.6390228271, -0.836531221867, -44.3252868652, -3.18750143051, -22.2182979584, -12.60592556, -3.36744499207, -9.92542743683, -3.93213391304],
        "cov": [[14494.1113281, -6690.43652344, -2837.14794922, 3462.91992188, -1374.94750977, 1363.03759766, -1616.18017578, 2177.92626953, -257.177856445, 718.496276855, -162.611053467, 304.656463623, -37.7287216187], [-6690.43652344, 4795.80615234, 1182.48010254, -2291.36987305, 1131.71899414, -777.360412598, 1090.8560791, -1319.2052002, 276.714263916, -345.432891846, 202.801116943, -128.510391235, 127.734535217], [-2837.14794922, 1182.48010254, 1412.4597168, -491.70098877, 111.728569031, -146.621994019, 316.541442871, -387.140869141, 70.7441177368, -80.690032959, 6.259329319, -32.5202903748, -11.4015951157], [3462.91992188, -2291.36987305, -491.70098877, 1653.5501709, -293.891204834, 398.999664307, -413.522888184, 766.689025879, 58.3741950989, 148.680007935, -138.931991577, 78.4047775269, -29.7118110657], [-1374.94750977, 1131.71899414, 111.728569031, -293.891204834, 732.556640625, 39.499671936, 337.239440918, -212.970825195, 159.452438354, -60.8192253113, 2.2532377243, -76.2322311401, 31.194272995], [1363.03759766, -777.360412598, -146.621994019, 398.999664307, 39.499671936, 573.618286133, -50.5481376648, 225.928573608, -77.9560852051, 111.103912354, -36.3712692261, -45.1380805969, -35.9310188293], [-1616.18017578, 1090.8560791, 316.541442871, -413.522888184, 337.239440918, -50.5481376648, 515.175354004, -278.055114746, 29.8050804138, -74.8469467163, 32.1338119507, -42.3467025757, 20.2633228302], [2177.92626953, -1319.2052002, -387.140869141, 766.689025879, -212.970825195, 225.928573608, -278.055114746, 597.510375977, 24.1918334961, 85.6918563843, -35.3265151978, 39.8007774353, 2.38866114616], [-257.177856445, 276.714263916, 70.7441177368, 58.3741950989, 159.452438354, -77.9560852051, 29.8050804138, 24.1918334961, 260.773834229, 26.4731998444, -8.54338645935, 51.9514007568, 54.7727432251], [718.496276855, -345.432891846, -80.690032959, 148.680007935, -60.8192253113, 111.103912354, -74.8469467163, 85.6918563843, 26.4731998444, 208.672958374, 44.3146057129, 13.8366975784, 21.5722694397], [-162.611053467, 202.801116943, 6.259329319, -138.931991577, 2.2532377243, -36.3712692261, 32.1338119507, -35.3265151978, -8.54338645935, 44.3146057129, 168.639129639, 38.107673645, 18.9547996521], [304.656463623, -128.510391235, -32.5202903748, 78.4047775269, -76.2322311401, -45.1380805969, -42.3467025757, 39.8007774353, 51.9514007568, 13.8366975784, 38.107673645, 167.461532593, 35.2836723328], [-37.7287216187, 127.734535217, -11.4015951157, -29.7118110657, 31.194272995, -35.9310188293, 20.2633228302, 2.38866114616, 54.7727432251, 21.5722694397, 18.9547996521, 35.2836723328, 97.8540267944]],
        "icov": [[0.000517406268045, -0.000809455406852, 0.000715250207577, -0.000833958794829, 0.00080551346764, -0.000839292479213, 0.000755759014282, -0.000952993519604, 0.00086744397413, -0.00114776298869, 0.000731634791009, -0.000886032532435, 0.000333284813678], [-0.000809455406852, 0.00654388591647, -0.00205793930218, 0.00468593323603, -0.00448659155518, 0.00351428706199, -0.00416580028832, 0.00425844779238, -0.00506264204159, 0.00465036649257, -0.00415356410667, 0.00346775259823, -0.00282907672226], [0.000715250207577, -0.00205793930218, 0.00215079868212, -0.001745976042, 0.00215535913594, -0.00173193705268, 0.00106258050073, -0.00120254757348, 0.0011181011796, -0.00186031043995, 0.00151228811592, -0.00135592184961, 0.00114910129923], [-0.000833958794829, 0.00468593323603, -0.001745976042, 0.00535756070167, -0.00331333186477, 0.00236050551757, -0.00297984783538, 0.00138388329651, -0.00409844983369, 0.00320047442801, -0.00191162095871, 0.0020228442736, -0.00127938110381], [0.00080551346764, -0.00448659155518, 0.00215535913594, -0.00331333186477, 0.00641211494803, -0.00382750923745, 0.00157874752767, -0.00221682526171, 0.000859798805322, -0.00234146043658, 0.00240646838211, -0.00109450449236, 0.00165339326486], [-0.000839292479213, 0.00351428706199, -0.00173193705268, 0.00236050551757, -0.00382750923745, 0.0054750405252, -0.00265631708317, 0.0016287935432, -0.000915406038985, 0.00112101552077, -0.0016918143956, 0.00221452512778, -0.000860772095621], [0.000755759014282, -0.00416580028832, 0.00106258050073, -0.00297984783538, 0.00157874752767, -0.00265631708317, 0.00654783006757, -0.00229763844982, 0.00387300597504, -0.00271624769084, 0.00227341125719, -0.00248253648169, 0.00105550768785], [-0.000952993519604, 0.00425844779238, -0.00120254757348, 0.00138388329651, -0.00221682526171, 0.0016287935432, -0.00229763844982, 0.00858277641237, -0.00485389214009, 0.00457772566006, -0.0041820644401, 0.00361091736704, -0.00285929627717], [0.00086744397413, -0.00506264204159, 0.0011181011796, -0.00409844983369, 0.000859798805322, -0.000915406038985, 0.00387300597504, -0.00485389214009, 0.0116605972871, -0.00609527062625, 0.00490712793544, -0.00534961139783, 0.000330347567797], [-0.00114776298869, 0.00465036649257, -0.00186031043995, 0.00320047442801, -0.00234146043658, 0.00112101552077, -0.00271624769084, 0.00457772566006, -0.00609527062625, 0.0114752138034, -0.0061448472552, 0.00436910241842, -0.00365222617984], [0.000731634791009, -0.00415356410667, 0.00151228811592, -0.00191162095871, 0.00240646838211, -0.0016918143956, 0.00227341125719, -0.0041820644401, 0.00490712793544, -0.0061448472552, 0.0110913868994, -0.00504370825365, 0.00182082434185], [-0.000886032532435, 0.00346775259823, -0.00135592184961, 0.0020228442736, -0.00109450449236, 0.00221452512778, -0.00248253648169, 0.00361091736704, -0.00534961139783, 0.00436910241842, -0.00504370825365, 0.0108811110258, -0.00373932463117], [0.000333284813678, -0.00282907672226, 0.00114910129923, -0.00127938110381, 0.00165339326486, -0.000860772095621, 0.00105550768785, -0.00285929627717, 0.000330347567797, -0.00365222617984, 0.00182082434185, -0.00373932463117, 0.0144101129845]]
    },
    "melbands": {
        "dmean": [0.00202394579537, 0.00223158090375, 0.001156414859, 0.00126773992088, 0.000671208079439, 0.000513319391757, 0.000204513708013, 7.87413155194e-05, 9.56937292358e-05, 5.31708028575e-05, 6.44822284812e-05, 2.53132984653e-05, 2.05475025723e-05, 2.15969266719e-05, 2.1861267669e-05, 1.6724512534e-05, 1.12299603643e-05, 9.45355714066e-06, 8.86177622306e-06, 7.23328957974e-06, 4.95578478876e-06, 4.70362101623e-06, 3.18570164382e-06, 3.01223144561e-06, 2.58822433352e-06, 1.1010271237e-06, 9.1918752787e-07, 7.34402590297e-07, 5.83346206895e-07, 5.41634619822e-07, 4.23925541782e-07, 4.24159850354e-07, 3.60680786571e-07, 3.38338310257e-07, 3.39585568554e-07, 3.91635239794e-07, 3.98609472541e-07, 3.56955439429e-07, 2.6349385962e-07, 2.20706624532e-07],
        "dmean2": [0.00263200630434, 0.00330939725973, 0.00183089822531, 0.00205616909079, 0.00103564443998, 0.000728583079763, 0.000309792114422, 0.000125154634588, 0.000143194381963, 8.06117459433e-05, 0.000102909994894, 4.08644445997e-05, 3.45917142113e-05, 3.4955341107e-05, 3.65982232324e-05, 2.95951249427e-05, 1.75011718966e-05, 1.4138102415e-05, 1.40273277793e-05, 1.16427281682e-05, 7.93735034677e-06, 7.09453615855e-06, 4.79857544633e-06, 4.63771357317e-06, 4.02117939302e-06, 1.76385697159e-06, 1.44581292716e-06, 1.1461769418e-06, 9.4479520385e-07, 9.1739087793e-07, 7.50848869302e-07, 7.18543901712e-07, 6.08269942859e-07, 5.51839093532e-07, 5.49138576389e-07, 6.47993317671e-07, 6.27841814094e-07, 5.5980012803e-07, 4.15643626184e-07, 3.48176769194e-07],
        "dvar": [4.04786915169e-05, 3.37163874065e-05, 4.37491371486e-06, 3.45639182342e-06, 1.81837776836e-06, 8.89210980404e-07, 1.73636749423e-07, 3.88817049668e-08, 6.37878443399e-08, 2.60141952424e-08, 4.69963943317e-08, 3.44263129115e-09, 4.48933112907e-09, 2.95945890016e-09, 7.87135423508e-09, 1.0979928966e-08, 1.34390631956e-09, 6.34384544895e-10, 6.01741267925e-10, 3.89465626416e-10, 1.38592901044e-10, 2.16976020484e-10, 6.5709229724e-11, 5.20335406706e-11, 6.0988193662e-11, 1.24200892626e-11, 7.65091202198e-12, 3.90620305199e-12, 3.4595009149e-12, 4.99132115847e-12, 3.37610234907e-12, 3.46259110794e-12, 2.26531944245e-12, 1.75249029698e-12, 1.83847013134e-12, 2.23075919716e-12, 1.78741060581e-12, 1.38938676102e-12, 7.84033645299e-13, 4.0294929394e-13],
        "dvar2": [5.64691290492e-05, 8.36963517941e-05, 1.17983063319e-05, 9.56826079346e-06, 4.94999676448e-06, 1.99805162993e-06, 4.00417036417e-07, 9.02536925196e-08, 1.23685254039e-07, 5.55232446686e-08, 1.07024305862e-07, 8.92453577706e-09, 1.18936007709e-08, 7.55022000476e-09, 2.17856221951e-08, 3.20177484525e-08, 2.75238720704e-09, 1.20477050558e-09, 1.46063749984e-09, 9.27732834999e-10, 3.45092732168e-10, 5.28140198242e-10, 1.45196007995e-10, 1.16667162042e-10, 1.52327372938e-10, 3.25145362023e-11, 1.94305821433e-11, 8.86281673051e-12, 8.71779037848e-12, 1.27533530611e-11, 9.30166100394e-12, 9.11407494614e-12, 6.0759348941e-12, 4.51661928344e-12, 4.79565475872e-12, 5.98835607837e-12, 4.45136679253e-12, 3.54192369878e-12, 2.05063765447e-12, 1.02888704501e-12],
        "max": [0.0754844099283, 0.0590629465878, 0.0218959320337, 0.0177185032517, 0.019726427272, 0.0128072574735, 0.00558679271489, 0.00320679577999, 0.00392012717202, 0.0043613165617, 0.0048692706041, 0.000747853948269, 0.000887986563612, 0.000916269724257, 0.00133958924562, 0.00199823151343, 0.000939764722716, 0.000600652652793, 0.000340012426022, 0.000249883159995, 0.000150843101437, 0.000266384566203, 0.000135963404318, 0.000104472637759, 0.000148272651131, 4.08447122027e-05, 3.58898469131e-05, 2.34057461057e-05, 2.76786886388e-05, 3.03182423522e-05, 2.08470901271e-05, 2.0966068405e-05, 2.02478440769e-05, 1.83727497642e-05, 1.61035641213e-05, 1.7968364773e-05, 1.63547865668e-05, 1.6561432858e-05, 1.15303737402e-05, 7.52758069211e-06],
        "mean": [0.00369001901709, 0.00341920973733, 0.00213110516779, 0.00243080290966, 0.00134668906685, 0.00119818607345, 0.000410152977565, 0.000138225339469, 0.000180306131369, 8.73886529007e-05, 0.00010950196156, 3.22880987369e-05, 2.28068820434e-05, 3.03439101117e-05, 2.62092071353e-05, 1.62321248354e-05, 1.70910134329e-05, 1.34355177579e-05, 1.09245247586e-05, 8.81866071722e-06, 6.89057696945e-06, 6.49113690088e-06, 4.92375966132e-06, 4.9623963605e-06, 4.11949577028e-06, 1.4935217223e-06, 1.22689755244e-06, 1.08249332698e-06, 7.19510921954e-07, 4.90036939027e-07, 3.60497892871e-07, 3.6562747141e-07, 3.28022082385e-07, 3.50774570279e-07, 4.12456302001e-07, 4.78269157611e-07, 5.21649781149e-07, 5.24036977367e-07, 3.85950642112e-07, 3.34657642043e-07],
        "median": [0.000545361079276, 0.0016310865758, 0.00117076653987, 0.00176332786214, 0.000836217135657, 0.000481184426462, 0.000179080481757, 5.83635774092e-05, 5.14758285135e-05, 2.95792251563e-05, 1.44048171933e-05, 8.01484748081e-06, 3.74919818569e-06, 5.60192393095e-06, 4.52489075542e-06, 2.02425781026e-06, 1.31488991428e-06, 1.10536268494e-06, 8.03845921382e-07, 6.42648785742e-07, 4.95959170621e-07, 5.25521556938e-07, 4.94856067235e-07, 4.82532016122e-07, 2.80424131915e-07, 1.15115128096e-07, 1.02155013337e-07, 8.50560368804e-08, 3.38375691911e-08, 1.75600725072e-08, 1.82697554862e-08, 1.3363449014e-08, 1.37536009248e-08, 2.48605473985e-08, 2.41334561224e-08, 1.86748110309e-08, 3.38796972699e-08, 3.92275616434e-08, 3.86024190391e-08, 2.54277470191e-08],
        "min": [1.12638025e-23, 2.15292762809e-23, 1.94542060687e-23, 7.62082311818e-24, 2.44230358069e-23, 2.63191781663e-23, 4.14412141568e-24, 9.18277954344e-24, 5.75134070752e-24, 1.25253046834e-23, 5.53974415248e-24, 4.99825819422e-24, 1.11170057407e-23, 1.1867284248e-23, 1.04570920391e-23, 7.90921804336e-24, 6.57528265162e-24, 1.13080970398e-23, 5.25285950151e-24, 6.73772410037e-24, 9.06148586837e-24, 1.19099876553e-23, 1.10401746329e-23, 6.89677029177e-24, 1.01439821018e-23, 7.26945658239e-24, 1.02207288015e-23, 1.6638619503e-23, 1.41166264559e-23, 1.56533764086e-23, 1.0097225527e-23, 1.19027806221e-23, 1.01181319188e-23, 1.01874191498e-23, 1.05746260031e-23, 1.30581833804e-23, 1.51887546904e-23, 1.41157318876e-23, 1.15845320448e-23, 1.00281055345e-23],
        "stdev": [0.0106863146648, 0.00612134067342, 0.00243348209187, 0.00224712118506, 0.00158511323389, 0.00152408715803, 0.000640994461719, 0.000246252893703, 0.000397152442019, 0.00027287757257, 0.000385621096939, 6.90558372298e-05, 7.22214099369e-05, 7.42703414289e-05, 7.90103658801e-05, 7.92177816038e-05, 6.15771205048e-05, 3.69312874682e-05, 2.93985067401e-05, 2.3581300411e-05, 1.49558518387e-05, 1.71754491021e-05, 1.16395640362e-05, 1.06506013253e-05, 1.03655956991e-05, 3.79368702852e-06, 3.31847945745e-06, 2.67054315373e-06, 2.06449044526e-06, 2.12993222704e-06, 1.6036415218e-06, 1.63763252203e-06, 1.32628258598e-06, 1.22582878248e-06, 1.35474704166e-06, 1.54371821282e-06, 1.46997672346e-06, 1.3850645928e-06, 9.55978975981e-07, 7.20589980574e-07],
        "var": [0.000114197326184, 3.74708142772e-05, 5.92183459958e-06, 5.04955323777e-06, 2.51258393291e-06, 2.32284151025e-06, 4.10873923329e-07, 6.0640481081e-08, 1.57730070782e-07, 7.44621644344e-08, 1.48703634295e-07, 4.76870898325e-09, 5.21593213065e-09, 5.51608403399e-09, 6.24263796212e-09, 6.2754570429e-09, 3.79174158738e-09, 1.36392008798e-09, 8.64272153844e-10, 5.56077739411e-10, 2.23677493194e-10, 2.94996055361e-10, 1.35479447105e-10, 1.13435316695e-10, 1.07445580211e-10, 1.43920613274e-11, 1.10123065181e-11, 7.13180122597e-12, 4.26212103805e-12, 4.53661110414e-12, 2.57166597045e-12, 2.68184020998e-12, 1.75902554241e-12, 1.50265618091e-12, 1.83533960599e-12, 2.38306574994e-12, 2.16083162648e-12, 1.91840402071e-12, 9.13895695231e-13, 5.19249953364e-13]
    },
    "melbands128": {
