{
"lowlevel": {
    "average_loudness": 0.979759633541,
    "barkbands_crest": {
        "dmean": 2.67530703545,
        "dmean2": 4.25272989273,
        "dvar": 7.62638568878,
        "dvar2": 15.2731323242,
        "max": 25.5621013641,
        "mean": 11.0598335266,
        "median": 9.90270423889,
        "min": 3.19317269325,
        "stdev": 5.46065616608,
        "var": 29.8187656403
    },
    "barkbands_flatness_db": {
        "dmean": 0.0310045741498,
        "dmean2": 0.0449911318719,
        "dvar": 0.00091990508372,
        "dvar2": 0.00183623889461,
        "max": 0.356583029032,
        "mean": 0.16220895946,
        "median": 0.160044848919,
        "min": 0.038625087589,
        "stdev": 0.0701417550445,
        "var": 0.00491986609995
    },
    "barkbands_kurtosis": {
        "dmean": 8.8599653244,
        "dmean2": 13.3754482269,
        "dvar": 329.715423584,
        "dvar2": 725.839172363,
        "max": 240.161331177,
        "mean": 15.0039186478,
        "median": 8.58715724945,
        "min": -1.8482581377,
        "stdev": 21.9583187103,
        "var": 482.167785645
    },
    "barkbands_skewness": {
        "dmean": 0.88674479723,
        "dmean2": 1.3204870224,
        "dvar": 1.02351009846,
        "dvar2": 2.17685413361,
        "max": 13.6820964813,
        "mean": 2.71042251587,
        "median": 2.52164745331,
        "min": -1.76652359962,
        "stdev": 1.84379017353,
        "var": 3.39956235886
    },
    "barkbands_spread": {
        "dmean": 8.1003112793,
        "dmean2": 12.9954357147,
        "dvar": 115.899559021,
        "dvar2": 291.698455811,
        "max": 102.306945801,
        "mean": 19.5449523926,
        "median": 16.1141204834,
        "min": 0.988656997681,
        "stdev": 16.0943508148,
        "var": 259.028106689
    },
    "dissonance": {
        "dmean": 0.0284201111645,
        "dmean2": 0.0468473769724,
        "dvar": 0.000889267073944,
        "dvar2": 0.00204604305327,
        "max": 0.500000238419,
        "mean": 0.445923656225,
        "median": 0.460478693247,
        "min": 0.0631854310632,
        "stdev": 0.0495696514845,
        "var": 0.00245715025812
    },
    "dynamic_complexity": 3.51714801788,
    "erbbands_crest": {
        "dmean": 2.47068333626,
        "dmean2": 4.03205919266,
        "dvar": 4.31810331345,
        "dvar2": 11.0328865051,
        "max": 20.5638160706,
        "mean": 8.43559837341,
        "median": 8.00450325012,
        "min": 2.83320045471,
        "stdev": 3.47548413277,
        "var": 12.0789899826
    },
    "erbbands_flatness_db": {
        "dmean": 0.0194298047572,
        "dmean2": 0.0298056472093,
        "dvar": 0.00042630371172,
        "dvar2": 0.000822463422082,
        "max": 0.255190759897,
        "mean": 0.130420044065,
        "median": 0.12630225718,
        "min": 0.059288520366,
        "stdev": 0.0407898500562,
        "var": 0.00166381185409
    },
    "erbbands_kurtosis": {
        "dmean": 2.10113430023,
        "dmean2": 3.17528319359,
        "dvar": 7.69068002701,
        "dvar2": 13.4738101959,
        "max": 35.5723800659,
        "mean": 3.12579011917,
        "median": 1.53067111969,
        "min": -1.75352025032,
        "stdev": 4.98102092743,
        "var": 24.8105716705
    },
    "erbbands_skewness": {
        "dmean": 0.479816108942,
        "dmean2": 0.732728600502,
        "dvar": 0.202461928129,
        "dvar2": 0.441730469465,
        "max": 4.77011203766,
        "mean": 1.23370456696,
        "median": 1.14430272579,
        "min": -1.1256967783,
        "stdev": 0.911930918694,
        "var": 0.831617951393
    },
    "erbbands_spread": {
        "dmean": 14.6693954468,
        "dmean2": 23.3375778198,
        "dvar": 375.390899658,
        "dvar2": 711.384887695,
        "max": 173.001846313,
        "mean": 48.5381774902,
        "median": 39.7193222046,
        "min": 4.72608184814,
        "stdev": 32.5807723999,
        "var": 1061.50683594
    },
    "hfc": {
        "dmean": 9.29986667633,
        "dmean2": 12.9186029434,
        "dvar": 220.149581909,
        "dvar2": 434.906616211,
        "max": 106.896522522,
        "mean": 14.777472496,
        "median": 7.6883020401,
        "min": 1.20646912849e-16,
        "stdev": 19.1232376099,
        "var": 365.698181152
    },
    "loudness_ebu128": {
        "integrated": -14.2195558548,
        "loudness_range": 1.61058807373,
        "momentary": {
            "dmean": 0.950515329838,
            "dmean2": 1.29878306389,
            "dvar": 0.538351595402,
            "dvar2": 1.17842578888,
            "max": -11.0676641464,
            "mean": -14.4581079483,
            "median": -14.1902084351,
            "min": -18.7567405701,
            "stdev": 1.48977804184,
            "var": 2.21943879128
        },
        "short_term": {
            "dmean": 0.117073327303,
            "dmean2": 0.164701715112,
            "dvar": 0.00735732354224,
            "dvar2": 0.0193850621581,
            "max": -13.2168865204,
            "mean": -14.2441444397,
            "median": -14.0705490112,
            "min": -15.3135280609,
            "stdev": 0.618852198124,
            "var": 0.382978022099
        }
    },
    "melbands_crest": {
        "dmean": 3.35632395744,
        "dmean2": 5.08249950409,
        "dvar": 9.55712032318,
        "dvar2": 20.9528083801,
        "max": 35.6296882629,
        "mean": 14.7837743759,
        "median": 13.7550001144,
        "min": 2.31870007515,
        "stdev": 6.82649946213,
        "var": 46.6010932922
    },
    "melbands_flatness_db": {
        "dmean": 0.0368005484343,
        "dmean2": 0.0524264462292,
        "dvar": 0.00126793864183,
        "dvar2": 0.00251307664439,
        "max": 0.475229650736,
        "mean": 0.244433358312,
        "median": 0.253021627665,
        "min": 0.00621412461624,
        "stdev": 0.0906149297953,
        "var": 0.00821106508374
    },
    "melbands_kurtosis": {
        "dmean": 22.2293682098,
        "dmean2": 33.6642074585,
        "dvar": 1399.54040527,
        "dvar2": 2984.54589844,
        "max": 365.054290771,
        "mean": 42.1140480042,
        "median": 20.1864032745,
        "min": -1.31499302387,
        "stdev": 58.2275238037,
        "var": 3390.44433594
    },
    "melbands_skewness": {
        "dmean": 1.29027545452,
        "dmean2": 1.92627501488,
        "dvar": 2.20661497116,
        "dvar2": 4.18913269043,
        "max": 16.6494579315,
        "mean": 3.99705934525,
        "median": 3.11924362183,
        "min": -0.68246614933,
        "stdev": 3.06537771225,
        "var": 9.39654064178
    },
    "melbands_spread": {
        "dmean": 5.32814598083,
        "dmean2": 8.12062263489,
        "dvar": 62.5830955505,
        "dvar2": 125.294784546,
        "max": 148.199859619,
        "mean": 14.8182020187,
        "median": 8.5936832428,
        "min": 0.733006417751,
        "stdev": 16.135477066,
        "var": 260.353607178
    },
    "pitch_salience": {
        "dmean": 0.0926023945212,
        "dmean2": 0.139263629913,
        "dvar": 0.00883871223778,
        "dvar2": 0.0194994620979,
        "max": 0.913671016693,
        "mean": 0.571346819401,
        "median": 0.615966141224,
        "min": 0.114059180021,
        "stdev": 0.160364165902,
        "var": 0.0257166679949
    },
    "silence_rate_20dB": {
        "dmean": 0,
        "dmean2": 0,
        "dvar": 0,
        "dvar2": 0,
        "max": 1,
        "mean": 1,
        "median": 1,
        "min": 1,
        "stdev": 0,
        "var": 0
    },
    "silence_rate_30dB": {
        "dmean": 0.0139318881556,
        "dmean2": 0.0278853606433,
        "dvar": 0.0137379383668,
        "dvar2": 0.036403156817,
        "max": 1,
        "mean": 0.990719258785,
        "median": 1,
        "min": 0,
        "stdev": 0.0958881080151,
        "var": 0.00919452868402
    },
    "silence_rate_60dB": {
        "dmean": 0.0952012389898,
        "dmean2": 0.190549954772,
        "dvar": 0.0861384868622,
        "dvar2": 0.180579721928,
        "max": 1,
        "mean": 0.15854601562,
        "median": 0,
        "min": 0,
        "stdev": 0.365250557661,
        "var": 0.133407965302
    },
    "spectral_centroid": {
        "dmean": 235.626602173,
        "dmean2": 362.180358887,
        "dvar": 138844.0625,
        "dvar2": 204357.875,
        "max": 11289.0869141,
        "mean": 856.695007324,
        "median": 752.381591797,
        "min": 204.599746704,
        "stdev": 640.932434082,
        "var": 410794.40625
    },
    "spectral_complexity": {
        "dmean": 3.56346750259,
        "dmean2": 5.06506586075,
        "dvar": 24.0234222412,
        "dvar2": 39.0212898254,
        "max": 49,
        "mean": 10.6774940491,
        "median": 9,
        "min": 0,
        "stdev": 7.85092782974,
        "var": 61.6370658875
    },
    "spectral_decrease": {
        "dmean": 4.05407041271e-09,
        "dmean2": 6.18230178162e-09,
        "dvar": 4.05067599728e-17,
        "dvar2": 9.50710309394e-17,
        "max": -5.90298852032e-29,
        "mean": -6.6352838779e-09,
        "median": -3.96749877396e-09,
        "min": -4.35406803945e-08,
        "stdev": 7.42069250492e-09,
        "var": 5.50666740009e-17
    },
    "spectral_energy": {
        "dmean": 0.015985717997,
        "dmean2": 0.0242151841521,
        "dvar": 0.000623724597972,
        "dvar2": 0.00145643146243,
        "max": 0.166624456644,
        "mean": 0.0263834502548,
        "median": 0.0161248948425,
        "min": 1.11658218988e-20,
        "stdev": 0.02907313779,
        "var": 0.000845247355755
    },
    "spectral_energyband_high": {
        "dmean": 0.000487253681058,
        "dmean2": 0.000671218673233,
        "dvar": 6.5823883233e-07,
        "dvar2": 1.35495122322e-06,
        "max": 0.00752125773579,
        "mean": 0.000701547192875,
        "median": 0.000193045067135,
        "min": 7.85189564239e-21,
        "stdev": 0.00113591842819,
        "var": 1.29031059259e-06
    },
    "spectral_energyband_low": {
        "dmean": 0.00738751608878,
        "dmean2": 0.0116090979427,
        "dvar": 0.000178463611519,
        "dvar2": 0.000385646242648,
        "max": 0.135941535234,
        "mean": 0.0110651431605,
        "median": 0.00575671251863,
        "min": 9.58080530851e-23,
        "stdev": 0.016413167119,
        "var": 0.000269392039627
    },
    "spectral_energyband_middle_high": {
        "dmean": 0.0014230767265,
        "dmean2": 0.002181554446,
        "dvar": 1.31355654958e-05,
        "dvar2": 2.5321771318e-05,
        "max": 0.0369954071939,
        "mean": 0.00224215793423,
        "median": 0.000473953754408,
        "min": 1.94243535526e-21,
        "stdev": 0.00471503520384,
        "var": 2.22315575229e-05
    },
    "spectral_energyband_middle_low": {
        "dmean": 0.00984775647521,
        "dmean2": 0.0155781907961,
        "dvar": 0.00034897934529,
        "dvar2": 0.000878819089849,
        "max": 0.139767929912,
        "mean": 0.0136565733701,
        "median": 0.00548895075917,
        "min": 3.22950844599e-22,
        "stdev": 0.0194269288331,
        "var": 0.000377405580366
    },
    "spectral_entropy": {
        "dmean": 0.265978634357,
        "dmean2": 0.394018292427,
        "dvar": 0.0883375629783,
        "dvar2": 0.205247282982,
        "max": 9.81579875946,
        "mean": 7.38506031036,
        "median": 7.5061674118,
        "min": 5.49961042404,
        "stdev": 0.609209358692,
        "var": 0.371136039495
    },
    "spectral_flux": {
        "dmean": 0.0434452667832,
        "dmean2": 0.0679962188005,
        "dvar": 0.00316497520544,
        "dvar2": 0.00677764602005,
        "max": 0.385914176702,
        "mean": 0.0873358100653,
        "median": 0.0632350742817,
        "min": 1.05668453154e-10,
        "stdev": 0.070421166718,
        "var": 0.00495914090425
    },
    "spectral_kurtosis": {
        "dmean": 1.83014953136,
        "dmean2": 2.87953829765,
        "dvar": 6.01789093018,
        "dvar2": 13.7558574677,
        "max": 20.6513652802,
        "mean": 4.66847085953,
        "median": 3.64122724533,
        "min": -1.19732666016,
        "stdev": 3.59754705429,
        "var": 12.9423456192
    },
    "spectral_rms": {
        "dmean": 0.00142330222297,
        "dmean2": 0.0020134600345,
        "dvar": 3.38481117979e-06,
        "dvar2": 7.29129715182e-06,
        "max": 0.0127499196678,
        "mean": 0.00437222654,
        "median": 0.00396630866453,
        "min": 3.30052803664e-12,
        "stdev": 0.00257364218123,
        "var": 6.62363436277e-06
    },
    "spectral_rolloff": {
        "dmean": 539.614379883,
        "dmean2": 923.428344727,
        "dvar": 2137004.75,
        "dvar2": 4672731,
        "max": 18217.0898438,
        "mean": 1145.17480469,
        "median": 495.263671875,
        "min": 64.599609375,
        "stdev": 2116.58959961,
        "var": 4479951.5
    },
    "spectral_skewness": {
        "dmean": 0.314035773277,
        "dmean2": 0.479459673166,
        "dvar": 0.140842914581,
        "dvar2": 0.318237453699,
        "max": 3.86242604256,
        "mean": 1.95048117638,
        "median": 1.85063874722,
        "min": -0.0365860685706,
        "stdev": 0.623778820038,
        "var": 0.389099985361
    },
    "spectral_spread": {
        "dmean": 1417582.125,
        "dmean2": 2193255.25,
        "dvar": 3.97407394202e+12,
        "dvar2": 7.87446969139e+12,
        "max": 40759960,
        "mean": 7171205,
        "median": 6507319.5,
        "min": 2301124.25,
        "stdev": 2939628,
        "var": 8.64141285786e+12
    },
    "spectral_strongpeak": {
        "dmean": 0.359295636415,
        "dmean2": 0.627638161182,
        "dvar": 0.386825352907,
        "dvar2": 1.03483355045,
        "max": 5.39365053177,
        "mean": 0.545383274555,
        "median": 0.363902121782,
        "min": 0,
        "stdev": 0.608254551888,
        "var": 0.369973629713
    },
    "zerocrossingrate": {
        "dmean": 0.017849477008,
        "dmean2": 0.0206806585193,
        "dvar": 0.000596099940594,
        "dvar2": 0.000649823108688,
        "max": 0.48876953125,
        "mean": 0.0727259591222,
        "median": 0.06103515625,
        "min": 0.00537109375,
        "stdev": 0.0578198842704,
        "var": 0.00334313884377
    },
    "barkbands": {
        "dmean": [8.25069146231e-05, 0.00464499508962, 0.00332122202963, 0.00240377243608, 0.00481144990772, 0.00127626466565, 0.00125561864115, 0.000378099124646, 0.000773604318965, 0.000601993466262, 0.0002922192798, 0.000418965995777, 0.000193967716768, 0.000105801475001, 0.000114076312457, 6.59535435261e-05, 6.54630348436e-05, 6.24339954811e-05, 4.52934800705e-05, 4.30546861026e-05, 3.76643984055e-05, 3.82731159334e-05, 2.85050100501e-05, 8.19810884423e-05, 0.000159031842486, 0.000168651036802, 6.23158985036e-06],
        "dmean2": [0.000118242205644, 0.00691909249872, 0.00571541627869, 0.00398613093421, 0.00802127178758, 0.00199741264805, 0.00201474968344, 0.000604144763201, 0.00129707157612, 0.00102149380837, 0.000490867998451, 0.000597937847488, 0.000331149145495, 0.000172222193214, 0.000180677438038, 0.000102162324765, 0.000103440201201, 9.91439956124e-05, 7.172923506e-05, 6.92192843417e-05, 5.47402632947e-05, 5.72608514631e-05, 4.23492965638e-05, 0.000121394405141, 0.000229350378504, 0.000243944028625, 1.07537243821e-05],
        "dvar": [2.26392220526e-08, 0.000106625295302, 5.59380750929e-05, 2.48017568083e-05, 9.87026505754e-05, 5.37511414223e-06, 1.12920361062e-05, 5.79889615437e-07, 4.06925937568e-06, 2.69950851362e-06, 5.56689769837e-07, 1.42379178669e-06, 2.20464485778e-07, 7.16268289125e-08, 1.27771201619e-07, 5.68485880592e-08, 6.08122547874e-08, 5.93713451735e-08, 2.1054344046e-08, 1.5035558576e-08, 1.54094816907e-08, 4.83752282676e-09, 2.93948221319e-09, 2.16437534561e-08, 8.47225933853e-08, 1.06835834401e-07, 3.70046882026e-10],
        "dvar2": [4.37205009973e-08, 0.000213603838347, 0.000157228758326, 6.38241617708e-05, 0.000257097999565, 1.31876513478e-05, 2.81215361611e-05, 1.46903471432e-06, 1.06858287836e-05, 6.58424141875e-06, 1.30903060835e-06, 2.70981581707e-06, 6.10086146935e-07, 1.72739106574e-07, 3.05976470827e-07, 1.2038027819e-07, 1.51381144065e-07, 1.53272765147e-07, 5.01086176996e-08, 3.777181945e-08, 3.47685507052e-08, 9.5319112603e-09, 6.26691232242e-09, 4.84808104773e-08, 1.91288833662e-07, 2.08645204225e-07, 9.25444498812e-10],
        "max": [0.0014562032884, 0.0952005684376, 0.0505525879562, 0.036994099617, 0.0715830177069, 0.0215829722583, 0.0341966152191, 0.00906723272055, 0.0238799750805, 0.019088011235, 0.00711381342262, 0.0155552048236, 0.00614403979853, 0.00313197029755, 0.00386679614894, 0.00277978880331, 0.00257924781181, 0.00337984669022, 0.00217411410995, 0.00125671527348, 0.00238040019758, 0.00103754119482, 0.000780747737736, 0.00119975057896, 0.00282567786053, 0.00386503338814, 0.000245136674494],
        "mean": [0.000100315352029, 0.00572780286893, 0.0040207314305, 0.00229781330563, 0.00672387797385, 0.0015836134553, 0.00151076400653, 0.000481123483041, 0.000870767165907, 0.000697255134583, 0.000343694817275, 0.000553973310161, 0.000230071746046, 0.000122561323224, 0.000133329391247, 7.97136890469e-05, 6.86881394358e-05, 6.22281077085e-05, 5.42819470866e-05, 5.26285439264e-05, 5.05336356582e-05, 5.68865361856e-05, 4.0194059693e-05, 0.000111172172183, 0.000209056626773, 0.000195951142814, 4.44603983851e-06],
        "median": [2.65258695435e-05, 0.00182031013537, 0.00115694548003, 0.000314978242386, 0.00146402593236, 0.000383571401471, 0.000361347192666, 8.11373029137e-05, 0.000201046394068, 0.00013890916307, 7.02826364432e-05, 8.54415193317e-05, 7.22773984307e-05, 2.83116987703e-05, 2.45267037826e-05, 1.12913512567e-05, 9.26759912545e-06, 7.76904471422e-06, 1.49431843965e-05, 1.98249126697e-05, 1.41209611684e-05, 1.79436647159e-05, 1.23495256048e-05, 3.4074200812e-05, 4.89834674227e-05, 3.22621308442e-05, 2.26113101576e-08],
        "min": [2.88676169864e-23, 3.14866004819e-23, 3.74831739846e-23, 9.89107881757e-24, 4.752901469e-23, 1.20800933611e-22, 2.12797832424e-23, 3.21849979739e-23, 5.44809618578e-23, 1.2573459593e-22, 8.9792584786e-23, 1.2587977158e-22, 1.05405852351e-22, 4.88429130147e-23, 1.43654486471e-22, 2.07025235465e-22, 1.86880656198e-22, 3.86605835955e-22, 3.54510758658e-22, 3.12514151714e-22, 4.40434346735e-22, 4.37444551283e-22, 6.03689628563e-22, 8.66046893207e-22, 1.31446703666e-21, 1.79567764145e-21, 2.43831660194e-21],
        "stdev": [0.000185478013009, 0.0117857893929, 0.00677686231211, 0.00463353889063, 0.0108184246346, 0.00281038414687, 0.00340488855727, 0.00103215931449, 0.0019429884851, 0.00174404901918, 0.000845805741847, 0.00160645740107, 0.000461996416561, 0.000283595290966, 0.000392352900235, 0.000274500111118, 0.000243549919105, 0.000229077850236, 0.00014643308532, 0.000121959878015, 0.000155619432917, 0.000102064528619, 7.58190290071e-05, 0.000182572184713, 0.000365684390999, 0.000415952672483, 1.77042220457e-05],
        "var": [3.44020918419e-08, 0.000138904841151, 4.59258626506e-05, 2.14696829062e-05, 0.000117038318422, 7.89825844549e-06, 1.15932652989e-05, 1.06535276245e-06, 3.77520427719e-06, 3.04170680465e-06, 7.15387329819e-07, 2.58070554082e-06, 2.13440699781e-07, 8.04262896281e-08, 1.53940789005e-07, 7.53503144324e-08, 5.93165658813e-08, 5.24766647914e-08, 2.14426467693e-08, 1.48742111961e-08, 2.4217408523e-08, 1.04171684612e-08, 5.74852476731e-09, 3.33326006796e-08, 1.33725080786e-07, 1.73016630356e-07, 3.13439468824e-10]
    },
    "erbbands": {
        "dmean": [0.123166628182, 1.11925554276, 3.40438079834, 6.48002433777, 14.0509338379, 15.6818399429, 10.0670423508, 10.9955701828, 15.253033638, 16.0763282776, 7.95400238037, 14.5504665375, 19.2840175629, 21.8889751434, 10.8883476257, 13.4869480133, 9.770403862, 6.19727277756, 5.75677680969, 3.96950173378, 3.52022433281, 3.69741177559, 3.5032889843, 2.7447552681, 2.06020450592, 1.96983933449, 1.28525114059, 1.79362630844, 1.54579019547, 0.955992162228, 0.886373817921, 1.32025754452, 1.54461073875, 1.3922290802, 1.52024626732, 0.957701802254, 0.251593232155, 0.0318978540599, 0.000797652697656, 4.2082661821e-05],
        "dmean2": [0.176093235612, 1.69814252853, 5.78568649292, 10.8532295227, 24.1125869751, 25.8102073669, 16.0695438385, 17.6628170013, 24.5591640472, 26.3991336823, 13.0683135986, 24.2087993622, 31.8313045502, 37.1404495239, 16.1997013092, 19.809009552, 16.2133178711, 10.0426092148, 9.05471611023, 6.16324234009, 5.55074930191, 5.74075841904, 5.46632051468, 4.44640731812, 3.21515965462, 3.05535984039, 2.0157828331, 2.55916380882, 2.35193276405, 1.37600135803, 1.32641887665, 1.92132735252, 2.31029772758, 2.09033799171, 2.24330067635, 1.38927388191, 0.368275970221, 0.0493012703955, 0.00125550397206, 6.12174117123e-05],
        "dvar": [0.0941559001803, 5.72473955154, 49.7446670532, 186.22277832, 1071.66394043, 814.839782715, 349.417785645, 460.63659668, 1234.0213623, 2047.40246582, 301.482086182, 1276.99182129, 2514.21191406, 3807.82519531, 842.65246582, 1364.20605469, 564.59564209, 235.445388794, 284.341827393, 158.789550781, 170.614700317, 186.760055542, 179.341262817, 105.941795349, 39.0326690674, 33.1974639893, 20.296546936, 38.0908813477, 7.88646554947, 3.72577118874, 2.76107335091, 4.89515638351, 8.80482196808, 7.03045845032, 8.5852355957, 3.23041653633, 0.290188938379, 0.00663249194622, 3.92045649278e-06, 4.38974678829e-09],
        "dvar2": [0.187793448567, 11.8505477905, 135.808563232, 498.575286865, 2924.22998047, 1943.75268555, 803.755065918, 1198.87353516, 2892.82006836, 5371.875, 783.754882812, 3336.70166016, 6503.69189453, 9041.24414062, 1390.76965332, 2743.64111328, 1502.11730957, 542.566589355, 640.465515137, 376.425506592, 350.705474854, 460.437896729, 449.443115234, 269.192016602, 91.8560638428, 82.1022338867, 53.7708129883, 80.2950057983, 16.2466697693, 7.13620281219, 5.95877695084, 10.6599168777, 20.489610672, 17.1078929901, 19.253900528, 6.48387336731, 0.582730054855, 0.0135372551158, 8.60850013851e-06, 8.83125039763e-09],
        "max": [2.78995633125, 24.8910598755, 54.6216850281, 105.249687195, 261.639892578, 195.004730225, 156.746871948, 225.320022583, 322.036865234, 531.973205566, 202.911773682, 444.036224365, 470.315917969, 619.90814209, 381.011932373, 434.513214111, 300.728546143, 181.312057495, 183.7162323, 140.013168335, 169.090408325, 149.412445068, 176.272171021, 157.62689209, 67.7015686035, 63.9303970337, 80.8633422852, 143.369812012, 37.9691543579, 36.6493644714, 21.4643497467, 23.7100410461, 24.2831363678, 19.930973053, 34.5442428589, 18.4661064148, 7.65992498398, 1.31451058388, 0.0277751870453, 0.000817263266072],
        "mean": [0.142833560705, 1.38986432552, 4.57196855545, 6.52057027817, 17.1470661163, 22.7023696899, 12.2274084091, 13.0510139465, 20.4832420349, 18.5641326904, 9.83047199249, 17.0343608856, 21.7647151947, 25.5293731689, 16.3167686462, 17.9752559662, 12.2412147522, 7.51494503021, 6.97451257706, 4.93027353287, 4.23738241196, 3.92857909203, 3.59593963623, 2.99199199677, 2.45397400856, 2.47370672226, 1.63367164135, 2.54706168175, 2.23304605484, 1.47326350212, 1.21677350998, 1.84638738632, 1.98476326466, 1.86086249352, 1.85862648487, 1.16630613804, 0.271137267351, 0.029056660831, 0.000710997846909, 5.75273370487e-05],
        "median": [0.0219863969833, 0.457057476044, 1.588103652, 2.26978206635, 4.99289226532, 4.39782047272, 3.06136918068, 3.62922096252, 5.29423475266, 3.74262261391, 2.6784632206, 4.13897752762, 5.15377807617, 4.19429111481, 2.88746094704, 3.40657162666, 3.61883378029, 1.76900470257, 1.43816101551, 0.930686831474, 0.545084357262, 0.540232956409, 0.451651573181, 0.706044375896, 0.535913288593, 0.876585781574, 0.603714823723, 0.727772116661, 0.736669123173, 0.432167738676, 0.352434933186, 0.639146447182, 0.50174087286, 0.481231004, 0.399155765772, 0.228406041861, 0.0320162437856, 0.00136031641159, 5.37243831786e-05, 3.01493528241e-05],
        "min": [6.91624824571e-22, 8.56861290804e-21, 3.57890096402e-20, 4.89027594866e-20, 2.23973238769e-20, 2.47713012156e-19, 8.44803902299e-19, 7.63684626071e-19, 3.10965988484e-19, 4.29384570441e-19, 8.59821211223e-19, 9.0196404718e-19, 3.56550412777e-18, 3.85827602018e-18, 3.37219863606e-18, 5.07437172775e-18, 5.74121247755e-18, 2.74801807199e-18, 5.06618139892e-18, 8.64453453673e-18, 1.15337622655e-17, 1.19184608073e-17, 2.67120574944e-17, 1.81638588933e-17, 1.51903993628e-17, 1.47538183986e-17, 1.66325242407e-17, 1.71653443605e-17, 1.64798548238e-17, 1.72121247329e-17, 1.50808574887e-17, 1.4955329522e-17, 1.69141908198e-17, 1.05178198643e-17, 1.22847959395e-17, 6.55171712895e-18, 3.52617375759e-18, 1.73050361408e-18, 3.15110370148e-19, 2.99481807062e-20],
        "stdev": [0.341387540102, 2.71219658852, 6.95468997955, 11.9995851517, 30.1718845367, 36.506526947, 22.4002990723, 23.6873874664, 39.2173309326, 47.9134597778, 18.7532539368, 35.7126235962, 49.9187431335, 66.994140625, 43.1002388, 46.4783973694, 24.7408905029, 16.831577301, 19.3503284454, 14.0033874512, 15.0789690018, 13.7090539932, 12.9189186096, 9.67938804626, 6.59178781509, 5.80266523361, 4.1714015007, 8.36975479126, 3.79869484901, 3.08066320419, 2.2740111351, 2.90809178352, 3.47816371918, 3.08520936966, 3.57088017464, 2.28340673447, 0.653645455837, 0.0929433852434, 0.00214777025394, 8.13773003756e-05],
        "var": [0.116545461118, 7.35601043701, 48.3677101135, 143.990036011, 910.342590332, 1332.72644043, 501.7734375, 561.092346191, 1537.99914551, 2295.69946289, 351.684539795, 1275.39147949, 2491.88085938, 4488.21533203, 1857.63049316, 2160.24145508, 612.111633301, 283.301971436, 374.435211182, 196.094863892, 227.375320435, 187.938171387, 166.898452759, 93.6905517578, 43.4516639709, 33.6709251404, 17.4005908966, 70.0527877808, 14.4300832748, 9.49048614502, 5.17112636566, 8.4569978714, 12.0976228714, 9.51851654053, 12.7511854172, 5.21394586563, 0.42725238204, 0.0086384722963, 4.61291665488e-06, 6.62226451453e-09]
    },
    "gfcc": {
        "mean": [-30.2875614166, 79.9155654907, -67.8949127197, 17.6200656891, -66.9545288086, 30.4032230377, -41.140296936, 14.2530984879, -38.8889465332, 11.4767723083, -21.1443157196, 2.24774241447, -11.8515901566],
        "cov": [[5413.41015625, -199.326873779, 73.063911438, -345.398834229, -139.709213257, -262.715789795, -294.815246582, -28.9092922211, -189.307617188, -89.9588241577, -215.158599854, -10.7166881561, -217.5909729], [-199.326873779, 1181.48120117, 41.0512390137, 47.5061645508, 101.449569702, -87.0509033203, -70.7077713013, -180.738021851, 22.2435760498, -114.292022705, 65.3696212769, -151.99810791, 40.1474914551], [73.063911438, 41.0512390137, 1205.52868652, 366.440795898, 66.0475158691, 27.767829895, 60.925945282, -91.8290328979, -72.9507522583, 57.6324119568, -27.7443199158, -92.4247436523, -67.7751464844], [-345.398834229, 47.5061645508, 366.440795898, 425.603027344, 67.6370391846, -42.3493804932, 63.870967865, -30.5623397827, -7.77180337906, 19.4139060974, 18.9931049347, -28.4682331085, -5.13976955414], [-139.709213257, 101.449569702, 66.0475158691, 67.6370391846, 202.840118408, 127.978691101, 80.3393173218, 22.7985057831, -0.144646391273, -25.887178421, 21.9910926819, 3.71235322952, 20.9376945496], [-262.715789795, -87.0509033203, 27.767829895, -42.3493804932, 127.978691101, 395.572265625, 199.371124268, 101.170661926, 4.17954874039, 23.9271697998, 47.5028648376, 20.2147521973, 39.886844635], [-294.815246582, -70.7077713013, 60.925945282, 63.870967865, 80.3393173218, 199.371124268, 218.766372681, 70.5628356934, 8.46249008179, 20.7916851044, 29.1271972656, 27.2800369263, 17.1032066345], [-28.9092922211, -180.738021851, -91.8290328979, -30.5623397827, 22.7985057831, 101.170661926, 70.5628356934, 155.821395874, 36.8853912354, 13.4345264435, 17.7659320831, 44.385383606, 26.7986316681], [-189.307617188, 22.2435760498, -72.9507522583, -7.77180337906, -0.144646391273, 4.17954874039, 8.46249008179, 36.8853912354, 81.8837738037, 24.478717804, 28.3744411469, 14.7038974762, 20.3276634216], [-89.9588241577, -114.292022705, 57.6324119568, 19.4139060974, -25.887178421, 23.9271697998, 20.7916851044, 13.4345264435, 24.478717804, 81.3751907349, 15.7314910889, 11.0032930374, -2.5425350666], [-215.158599854, 65.3696212769, -27.7443199158, 18.9931049347, 21.9910926819, 47.5028648376, 29.1271972656, 17.7659320831, 28.3744411469, 15.7314910889, 66.2552871704, 9.28201198578, 25.4208889008], [-10.7166881561, -151.99810791, -92.4247436523, -28.4682331085, 3.71235322952, 20.2147521973, 27.2800369263, 44.385383606, 14.7038974762, 11.0032930374, 9.28201198578, 74.0523910522, 18.6204948425], [-217.5909729, 40.1474914551, -67.7751464844, -5.13976955414, 20.9376945496, 39.886844635, 17.1032066345, 26.7986316681, 20.3276634216, -2.5425350666, 25.4208889008, 18.6204948425, 70.3248672485]],
        "icov": [[0.000274975929642, -0.000129539897898, -6.37437915429e-05, 0.000180070390343, -6.01883084528e-06, 3.35665208695e-06, 0.000356806209311, -0.000441952783149, 0.000548233103473, -6.66146879666e-05, 0.00045995315304, -0.000448708276963, 0.000749673286919], [-0.000129539897898, 0.00252829212695, -5.97645994276e-05, 0.000521565030795, -0.00110746419523, 0.000900197483134, -0.000957622891292, 0.0026186297182, -0.00224735424854, 0.00311237503774, -0.00328036956489, 0.00482234638184, -0.00213842536323], [-6.37437915429e-05, -5.97645994276e-05, 0.00148495996837, -0.00119770353194, -0.0002087320172, -0.000443961180281, 4.46749181719e-05, 0.000326869165292, 0.000802433700301, -0.0014256577706, 0.000744202116039, 0.00100356829353, 0.000540776411071], [0.000180070390343, 0.000521565030795, -0.00119770353194, 0.00469109136611, -0.00190112937707, 0.00294465664774, -0.00253115850501, 0.000127316816361, 0.000399477372412, -0.000175183144165, -0.00222941325046, 0.00201493012719, -0.000938518729527], [-6.01883084528e-06, -0.00110746419523, -0.0002087320172, -0.00190112937707, 0.00861068442464, -0.00349138793536, 0.000340263388352, -0.000328410620568, -0.000588648894336, 0.00325305317529, 0.000827858049888, -0.00329175498337, 0.000592593627516], [3.35665208695e-06, 0.000900197483134, -0.000443961180281, 0.00294465664774, -0.00349138793536, 0.00808378774673, -0.00583476759493, -0.00145579711534, 0.00211049220525, -0.00147666828707, -0.00369001971558, 0.00437751132995, -0.0027765033301], [0.000356806209311, -0.000957622891292, 4.46749181719e-05, -0.00253115850501, 0.000340263388352, -0.00583476759493, 0.0116683784872, -0.0024849511683, 0.000876054284163, -0.000934338779189, 0.00177100067958, -0.00514147989452, 0.00326012331061], [-0.000441952783149, 0.0026186297182, 0.000326869165292, 0.000127316816361, -0.000328410620568, -0.00145579711534, -0.0024849511683, 0.0136108528823, -0.00697323959321, 0.0038974005729, -0.00202714698389, 0.000889653165359, -0.00354315084405], [0.000548233103473, -0.00224735424854, 0.000802433700301, 0.000399477372412, -0.000588648894336, 0.00211049220525, 0.000876054284163, -0.00697323959321, 0.0217218510807, -0.00874340627342, -0.00255174702033, -0.0028331510257, 0.000281919987174], [-6.66146879666e-05, 0.00311237503774, -0.0014256577706, -0.000175183144165, 0.00325305317529, -0.00147666828707, -0.000934338779189, 0.0038974005729, -0.00874340627342, 0.0223392955959, -0.00647393008694, 0.00190481042955, 0.000412173278164], [0.00045995315304, -0.00328036956489, 0.000744202116039, -0.00222941325046, 0.000827858049888, -0.00369001971558, 0.00177100067958, -0.00202714698389, -0.00255174702033, -0.00647393008694, 0.0270339455456, -0.00661449180916, -0.00147893873509], [-0.000448708276963, 0.00482234638184, 0.00100356829353, 0.00201493012719, -0.00329175498337, 0.00437751132995, -0.00514147989452, 0.000889653165359, -0.0028331510257, 0.00190481042955, -0.00661449180916, 0.0288071949035, -0.00796701572835], [0.000749673286919, -0.00213842536323, 0.000540776411071, -0.000938518729527, 0.000592593627516, -0.0027765033301, 0.00326012331061, -0.00354315084405, 0.000281919987174, 0.000412173278164, -0.00147893873509, -0.00796701572835, 0.0227458141744]]
    },
    "melbands": {
        "dmean": [0.00120250578038, 0.00152960210107, 0.00127492472529, 0.0011442466639, 0.000407216866734, 0.000241254281718, 0.000249452976277, 0.000154100882355, 6.28900015727e-05, 0.000106389583379, 9.67309169937e-05, 9.03813925106e-05, 3.71162532247e-05, 4.97252367495e-05, 2.64408899966e-05, 1.72361469595e-05, 1.16736746349e-05, 8.50060951052e-06, 7.90422654973e-06, 4.71507973998e-06, 3.87269028579e-06, 3.7923034597e-06, 3.79321568289e-06, 2.8718145586e-06, 2.24062273446e-06, 1.64218431564e-06, 1.35658910949e-06, 1.38744098876e-06, 9.36612366331e-07, 6.97793893778e-07, 1.18070181543e-06, 1.07866208054e-06, 6.1530909079e-07, 5.20140758908e-07, 5.67580741517e-07, 4.07601390862e-07, 1.07792948256e-06, 1.10430175937e-06, 1.21565506106e-06, 1.17423405754e-06],
        "dmean2": [0.00177103187889, 0.00248183473013, 0.00212880643085, 0.00190465745982, 0.000650872825645, 0.000382968282793, 0.000401038181735, 0.000250494369539, 0.000104059588921, 0.00017952255439, 0.000159614879522, 0.000153832297656, 5.74201294512e-05, 7.31652471586e-05, 4.04804777645e-05, 2.96957441606e-05, 1.90739374375e-05, 1.33447401822e-05, 1.26213872136e-05, 7.13881991032e-06, 6.31648208582e-06, 6.05828927291e-06, 5.86390342505e-06, 4.67820927952e-06, 3.63504409506e-06, 2.6101408821e-06, 2.17008278014e-06, 2.18628974835e-06, 1.51397148329e-06, 1.05157630514e-06, 1.74504816641e-06, 1.67398650319e-06, 9.14292854759e-07, 7.74448835728e-07, 8.73657768352e-07, 6.20526918738e-07, 1.61672517152e-06, 1.70323835391e-06, 1.8248484821e-06, 1.84023349448e-06],
        "dvar": [8.20563582238e-06, 8.46348666528e-06, 6.41251062916e-06, 5.43208761883e-06, 5.48017794699e-07, 2.02214479827e-07, 3.81897990565e-07, 1.65184189882e-07, 1.98481497904e-08, 7.87651899259e-08, 6.37517700852e-08, 6.54712337678e-08, 8.3332780676e-09, 2.23800000754e-08, 5.10511677376e-09, 2.04809014193e-09, 9.16172193666e-10, 5.74748471038e-10, 6.54974574577e-10, 2.53608023471e-10, 2.27574875611e-10, 2.03325759007e-10, 1.78096357106e-10, 1.4966954065e-10, 6.93412827157e-11, 2.58083311666e-11, 2.05137313386e-11, 1.46763608211e-11, 9.03007790071e-12, 5.98221732567e-12, 1.84335133963e-11, 3.45504050717e-12, 2.54284310622e-12, 1.04116259884e-12, 1.25244313618e-12, 5.74512930718e-13, 3.38177034119e-12, 4.93918144231e-12, 4.82413718347e-12, 5.66417485831e-12],
        "dvar2": [1.60903055075e-05, 2.11289843719e-05, 1.70267012436e-05, 1.40441297845e-05, 1.26188581362e-06, 5.15011890911e-07, 9.20616628264e-07, 4.27361555921e-07, 5.20499625623e-08, 2.07799686791e-07, 1.64995299201e-07, 1.55040581262e-07, 1.63222004801e-08, 4.40722089934e-08, 1.08745457084e-08, 5.7347953053e-09, 2.24599605581e-09, 1.26159549474e-09, 1.63423530264e-09, 5.98853744371e-10, 4.59293159061e-10, 5.22094534272e-10, 4.13108741659e-10, 3.93516857988e-10, 1.7829387966e-10, 6.22701820663e-11, 5.02654619317e-11, 3.64793611984e-11, 2.42324632582e-11, 1.32344352491e-11, 4.21710687204e-11, 7.66603360652e-12, 5.01355857871e-12, 2.18285350732e-12, 2.74383315547e-12, 1.23055504588e-12, 7.36145779751e-12, 1.17751667791e-11, 1.1200547434e-11, 1.43060103694e-11],
        "max": [0.0265604443848, 0.0297034326941, 0.0171863678843, 0.0170234329998, 0.00597672443837, 0.00472406670451, 0.00550773879513, 0.00469214376062, 0.00169297889806, 0.00344305159524, 0.0023724110797, 0.00253098458052, 0.00092355615925, 0.00207143696025, 0.00123844575137, 0.000641890917905, 0.000376501324354, 0.000292515440378, 0.000273540208582, 0.000186527642654, 0.000226104952162, 0.000162294498296, 0.000143996701809, 0.000171687075635, 0.000134885704028, 7.30275496608e-05, 5.00518617628e-05, 4.40731892013e-05, 5.17563566973e-05, 3.81350873795e-05, 0.000102373473055, 1.54794142873e-05, 3.4455460991e-05, 1.69566646946e-05, 1.58008424478e-05, 1.1513071513e-05, 1.57861577463e-05, 1.9999093638e-05, 1.9456818336e-05, 1.89418624359e-05],
        "mean": [0.00144285673741, 0.00216024345718, 0.00138670299202, 0.00164583604783, 0.000500863883644, 0.000296070124023, 0.000323693268001, 0.000181921437616, 7.58435489843e-05, 0.000121279823361, 0.000108587883005, 0.000104197424662, 5.16461695952e-05, 6.4007617766e-05, 3.32731615345e-05, 2.05676969927e-05, 1.30778335006e-05, 1.02331614471e-05, 9.02533702174e-06, 5.71941382077e-06, 4.58636304757e-06, 3.84923851016e-06, 4.07230527344e-06, 2.72478109764e-06, 2.3857380711e-06, 1.9993526621e-06, 1.49406537275e-06, 1.76004277819e-06, 1.13056512419e-06, 9.39078574902e-07, 1.59672106292e-06, 1.42892804433e-06, 8.94869742751e-07, 7.54659424729e-07, 7.43484861232e-07, 5.37945766155e-07, 1.48721244386e-06, 1.32640479933e-06, 1.57248109645e-06, 1.50062874127e-06],
        "median": [0.000341332139215, 0.000950799963903, 0.000513497274369, 0.000352104048943, 0.000127188221086, 8.25821916806e-05, 8.17656909931e-05, 3.38755307894e-05, 2.24957511819e-05, 2.79319192487e-05, 2.51230958384e-05, 1.69234172063e-05, 1.00986935649e-05, 9.79739979812e-06, 8.3010072558e-06, 5.7421711972e-06, 3.05267803924e-06, 2.16940748032e-06, 1.45279761909e-06, 9.63192860581e-07, 5.3737306871e-07, 5.32962758371e-07, 5.20282469552e-07, 3.10796764325e-07, 5.82585357733e-07, 5.88519299072e-07, 1.49201625277e-07, 7.39895938295e-07, 4.85793407279e-07, 1.43873108982e-07, 4.84281713398e-07, 4.74218069257e-07, 2.21757090912e-07, 2.38583396595e-07, 2.15249713165e-07, 1.50294155787e-07, 5.19307889135e-07, 3.3069900951e-07, 3.54921752432e-07, 3.92016175965e-07],
        "min": [1.04003989724e-23, 1.6586908093e-23, 7.1457340046e-24, 7.90214984965e-24, 2.62102806515e-23, 1.85436728352e-23, 4.34972144454e-24, 4.82773210449e-24, 7.65390163366e-24, 6.2490728901e-24, 1.81325579745e-23, 1.58799956363e-23, 1.09375998382e-23, 9.57083126677e-24, 1.75057748531e-23, 1.0136057994e-23, 4.08326000798e-24, 7.3542370416e-24, 1.18403154602e-23, 1.16044342166e-23, 1.28402242677e-23, 8.99741300793e-24, 2.44365710823e-23, 1.74208413549e-23, 1.51662216675e-23, 1.15677206301e-23, 1.09922852539e-23, 8.96238048399e-24, 9.68992954193e-24, 1.0237252282e-23, 1.0442925675e-23, 1.04777672946e-23, 6.41544326058e-24, 1.14451127128e-23, 8.64342272076e-24, 8.3184183387e-24, 8.96744733758e-24, 1.31993169072e-23, 7.69912387392e-24, 9.32028746555e-24],
        "stdev": [0.00324131851085, 0.00317225209437, 0.00229260371998, 0.00266024749726, 0.0008801217773, 0.000525967392605, 0.000659197627101, 0.000454214343335, 0.000148211605847, 0.000270884658676, 0.000251193327131, 0.00027674032026, 0.00012507471547, 0.00019582931418, 8.36669423734e-05, 4.39198593085e-05, 3.12195988954e-05, 2.79461946775e-05, 2.72965990007e-05, 1.75705117726e-05, 1.72629534063e-05, 1.37642964546e-05, 1.38282039188e-05, 1.1055856703e-05, 7.7516942838e-06, 5.10256677444e-06, 4.90014463139e-06, 3.77905075766e-06, 2.72873694485e-06, 3.1354550174e-06, 5.31203750143e-06, 2.2106742108e-06, 2.58658815255e-06, 1.45990031797e-06, 1.50063419824e-06, 9.99676558422e-07, 2.35243351199e-06, 2.49104618888e-06, 2.66246343017e-06, 2.61272111857e-06],
        "var": [1.05061453723e-05, 1.00631832538e-05, 5.25603218193e-06, 7.07691697244e-06, 7.7461430692e-07, 2.76641685559e-07, 4.34541476579e-07, 2.06310659223e-07, 2.19666791423e-08, 7.33784943918e-08, 6.30980920846e-08, 7.658520218e-08, 1.56436854581e-08, 3.83491176592e-08, 7.00015778676e-09, 1.92895388551e-09, 9.74663350028e-10, 7.80989772853e-10, 7.45104311584e-10, 3.08722880593e-10, 2.98009589228e-10, 1.89455867661e-10, 1.91219221013e-10, 1.22231974542e-10, 6.00887672952e-11, 2.60361870952e-11, 2.4011417854e-11, 1.4281223773e-11, 7.44600561764e-12, 9.83107779212e-12, 2.82177406441e-11, 4.88708032376e-12, 6.69043770038e-12, 2.13130880132e-12, 2.25190309108e-12, 9.99353269408e-13, 5.53394352912e-12, 6.20531057094e-12, 7.08871199587e-12, 6.82631208504e-12]
    },
    "melbands128": {
