{
"lowlevel": {
    "average_loudness": 0.955343127251,
    "barkbands_crest": {
        "dmean": 2.89195156097,
        "dmean2": 4.49881029129,
        "dvar": 7.7312579155,
        "dvar2": 16.6753749847,
        "max": 23.6309318542,
        "mean": 9.42682266235,
        "median": 8.37210941315,
        "min": 2.12409043312,
        "stdev": 4.37013292313,
        "var": 19.0980625153
    },
    "barkbands_flatness_db": {
        "dmean": 0.0346933118999,
        "dmean2": 0.0524704493582,
        "dvar": 0.00133598712273,
        "dvar2": 0.00252001150511,
        "max": 0.412185311317,
        "mean": 0.13323931396,
        "median": 0.120611570776,
        "min": 0.0349152311683,
        "stdev": 0.05773710832,
        "var": 0.00333357346244
    },
    "barkbands_kurtosis": {
        "dmean": 6.90631484985,
        "dmean2": 11.1718139648,
        "dvar": 360.17175293,
        "dvar2": 954.799865723,
        "max": 333.605255127,
        "mean": 6.8837723732,
        "median": 0.803129196167,
        "min": -1.9327019453,
        "stdev": 19.4576282501,
        "var": 378.599273682
    },
    "barkbands_skewness": {
        "dmean": 0.966023266315,
        "dmean2": 1.46363246441,
        "dvar": 1.55154168606,
        "dvar2": 3.42758274078,
        "max": 16.1953544617,
        "mean": 1.72612953186,
        "median": 1.21968615055,
        "min": -4.03159618378,
        "stdev": 1.79091227055,
        "var": 3.20736670494
    },
    "barkbands_spread": {
        "dmean": 14.6736469269,
        "dmean2": 23.893447876,
        "dvar": 271.511535645,
        "dvar2": 645.942138672,
        "max": 119.469688416,
        "mean": 36.8619651794,
        "median": 34.2238922119,
        "min": 0.58198094368,
        "stdev": 23.3558521271,
        "var": 545.495788574
    },
    "dissonance": {
        "dmean": 0.0234848335385,
        "dmean2": 0.0387995764613,
        "dvar": 0.000688157451805,
        "dvar2": 0.00168838340323,
        "max": 0.499996691942,
        "mean": 0.455733597279,
        "median": 0.462691068649,
        "min": 0.0791611373425,
        "stdev": 0.032430537045,
        "var": 0.00105173967313
    },
    "dynamic_complexity": 1.9902266264,
    "erbbands_crest": {
        "dmean": 3.49403810501,
        "dmean2": 5.79142045975,
        "dvar": 10.4322881699,
        "dvar2": 26.5373096466,
        "max": 24.8288555145,
        "mean": 8.85277938843,
        "median": 7.67187690735,
        "min": 2.81466007233,
        "stdev": 4.21091938019,
        "var": 17.7318439484
    },
    "erbbands_flatness_db": {
        "dmean": 0.0216381400824,
        "dmean2": 0.0331879891455,
        "dvar": 0.000374055176508,
        "dvar2": 0.000924730033148,
        "max": 0.275292783976,
        "mean": 0.134029790759,
        "median": 0.129936024547,
        "min": 0.0522140674293,
        "stdev": 0.0332879647613,
        "var": 0.00110808864702
    },
    "erbbands_kurtosis": {
        "dmean": 1.5056476593,
        "dmean2": 2.48577904701,
        "dvar": 6.92863893509,
        "dvar2": 18.463394165,
        "max": 34.1723518372,
        "mean": 0.342650413513,
        "median": -0.292567014694,
        "min": -1.74771904945,
        "stdev": 2.53104615211,
        "var": 6.40619421005
    },
    "erbbands_skewness": {
        "dmean": 0.627684533596,
        "dmean2": 0.960917651653,
        "dvar": 0.382468879223,
        "dvar2": 0.875517427921,
        "max": 3.28728508949,
        "mean": 0.127217426896,
        "median": 0.193842023611,
        "min": -4.80437898636,
        "stdev": 0.976431131363,
        "var": 0.953417778015
    },
    "erbbands_spread": {
        "dmean": 16.1487693787,
        "dmean2": 25.3265132904,
        "dvar": 241.078491211,
        "dvar2": 578.821960449,
        "max": 151.845932007,
        "mean": 52.9532623291,
        "median": 49.448764801,
        "min": 9.60649776459,
        "stdev": 22.7410926819,
        "var": 517.157287598
    },
    "hfc": {
        "dmean": 18.9607753754,
        "dmean2": 30.6331634521,
        "dvar": 733.205871582,
        "dvar2": 1765.9609375,
        "max": 219.28288269,
        "mean": 32.1974830627,
        "median": 25.9388866425,
        "min": 1.13674203802e-16,
        "stdev": 31.4032077789,
        "var": 986.161437988
    },
    "loudness_ebu128": {
        "integrated": -10.2287073135,
        "loudness_range": 1.44587612152,
        "momentary": {
            "dmean": 0.62018185854,
            "dmean2": 1.02640247345,
            "dvar": 0.292323559523,
            "dvar2": 0.540474414825,
            "max": -7.57765865326,
            "mean": -10.4601659775,
            "median": -10.418340683,
            "min": -14.8843097687,
            "stdev": 1.45335233212,
            "var": 2.11223316193
        },
        "short_term": {
            "dmean": 0.0779023617506,
            "dmean2": 0.109595231712,
            "dvar": 0.00557360379025,
            "dvar2": 0.00784889981151,
            "max": -9.4115896225,
            "mean": -10.1302623749,
            "median": -9.99722480774,
            "min": -11.6461544037,
            "stdev": 0.528124988079,
            "var": 0.278916031122
        }
    },
    "melbands_crest": {
        "dmean": 3.88875150681,
        "dmean2": 6.01821994781,
        "dvar": 14.9890632629,
        "dvar2": 34.1501235962,
        "max": 34.8888778687,
        "mean": 17.0316238403,
        "median": 15.7324705124,
        "min": 3.83220863342,
        "stdev": 5.7935256958,
        "var": 33.5649375916
    },
    "melbands_flatness_db": {
        "dmean": 0.0444709509611,
        "dmean2": 0.06595467031,
        "dvar": 0.00224691838957,
        "dvar2": 0.00425137160346,
        "max": 0.531106889248,
        "mean": 0.188449621201,
        "median": 0.171526744962,
        "min": 0.00646864110604,
        "stdev": 0.0800058469176,
        "var": 0.00640093535185
    },
    "melbands_kurtosis": {
        "dmean": 20.5559253693,
        "dmean2": 32.8466682434,
        "dvar": 3267.21606445,
        "dvar2": 8848.07910156,
        "max": 1136.03186035,
        "mean": 25.5718765259,
        "median": 8.97193050385,
        "min": -1.76828086376,
        "stdev": 54.8083076477,
        "var": 3003.95068359
    },
    "melbands_skewness": {
        "dmean": 1.42466044426,
        "dmean2": 2.1205561161,
        "dvar": 3.29897785187,
        "dvar2": 7.62089776993,
        "max": 25.4701938629,
        "mean": 3.43422961235,
        "median": 2.6400885582,
        "min": -1.69475626945,
        "stdev": 2.55870866776,
        "var": 6.54698991776
    },
    "melbands_spread": {
        "dmean": 17.7149715424,
        "dmean2": 28.1400527954,
        "dvar": 550.42010498,
        "dvar2": 1297.35144043,
        "max": 232.597000122,
        "mean": 34.6542816162,
        "median": 29.3889560699,
        "min": 0.397394120693,
        "stdev": 29.9442424774,
        "var": 896.657653809
    },
    "pitch_salience": {
        "dmean": 0.0854661464691,
        "dmean2": 0.140414863825,
        "dvar": 0.00760763185099,
        "dvar2": 0.0194463450462,
        "max": 0.961053371429,
        "mean": 0.508319675922,
        "median": 0.499957799911,
        "min": 0.146768718958,
        "stdev": 0.114919781685,
        "var": 0.0132065555081
    },
    "silence_rate_20dB": {
        "dmean": 0,
        "dmean2": 0,
        "dvar": 0,
        "dvar2": 0,
        "max": 1,
        "mean": 1,
        "median": 1,
        "min": 1,
        "stdev": 0,
        "var": 0
    },
    "silence_rate_30dB": {
        "dmean": 0.0402476787567,
        "dmean2": 0.0805577039719,
        "dvar": 0.0386281087995,
        "dvar2": 0.0740688592196,
        "max": 1,
        "mean": 0.923433899879,
        "median": 1,
        "min": 0,
        "stdev": 0.265901178122,
        "var": 0.0707034319639
    },
    "silence_rate_60dB": {
        "dmean": 0.0232198145241,
        "dmean2": 0.0457010082901,
        "dvar": 0.0226809997112,
        "dvar2": 0.0575559921563,
        "max": 1,
        "mean": 0.0232018567622,
        "median": 0,
        "min": 0,
        "stdev": 0.150542676449,
        "var": 0.0226630978286
    },
    "spectral_centroid": {
        "dmean": 599.399780273,
        "dmean2": 932.906066895,
        "dvar": 446289.71875,
        "dvar2": 936069.75,
        "max": 11164.9785156,
        "mean": 1882.42675781,
        "median": 1811.95898438,
        "min": 181.813934326,
        "stdev": 960.53729248,
        "var": 922631.9375
    },
    "spectral_complexity": {
        "dmean": 6.34055709839,
        "dmean2": 9.40201377869,
        "dvar": 49.4475746155,
        "dvar2": 93.5895843506,
        "max": 63,
        "mean": 16.1600933075,
        "median": 15,
        "min": 0,
        "stdev": 10.8595590591,
        "var": 117.930030823
    },
    "spectral_decrease": {
        "dmean": 2.90886270626e-09,
        "dmean2": 4.06051503532e-09,
        "dvar": 2.67804471331e-17,
        "dvar2": 3.33895921032e-17,
        "max": -2.12956525816e-28,
        "mean": -8.56883097811e-09,
        "median": -5.87583537381e-09,
        "min": -5.15567180059e-08,
        "stdev": 9.70497726627e-09,
        "var": 9.41865763412e-17
    },
    "spectral_energy": {
        "dmean": 0.0121300797909,
        "dmean2": 0.0171307940036,
        "dvar": 0.000393935042666,
        "dvar2": 0.000502288981806,
        "max": 0.196598082781,
        "mean": 0.0352611579001,
        "median": 0.0247017573565,
        "min": 1.11143412147e-20,
        "stdev": 0.0371955856681,
        "var": 0.00138351158239
    },
    "spectral_energyband_high": {
        "dmean": 0.00212143291719,
        "dmean2": 0.00354911899194,
        "dvar": 1.10777991722e-05,
        "dvar2": 2.85432579403e-05,
        "max": 0.0234191101044,
        "mean": 0.00270419521257,
        "median": 0.00162559980527,
        "min": 7.53228403969e-21,
        "stdev": 0.00352059933357,
        "var": 1.23946201711e-05
    },
    "spectral_energyband_low": {
        "dmean": 0.00642380258068,
        "dmean2": 0.00981232803315,
        "dvar": 0.000444699835498,
        "dvar2": 0.000682141457219,
        "max": 0.18480014801,
        "mean": 0.0194270256907,
        "median": 0.0112279560417,
        "min": 6.41605502221e-23,
        "stdev": 0.0336936712265,
        "var": 0.00113526335917
    },
    "spectral_energyband_middle_high": {
        "dmean": 0.00297685386613,
        "dmean2": 0.00460980739444,
        "dvar": 1.85370899999e-05,
        "dvar2": 4.12493136537e-05,
        "max": 0.0361191555858,
        "mean": 0.00479573244229,
        "median": 0.00302459485829,
        "min": 1.99089913226e-21,
        "stdev": 0.00562479998916,
        "var": 3.16383739118e-05
    },
    "spectral_energyband_middle_low": {
        "dmean": 0.00604490656406,
        "dmean2": 0.0101491427049,
        "dvar": 0.000116737253848,
        "dvar2": 0.000327409186866,
        "max": 0.0908181667328,
        "mean": 0.00863581523299,
        "median": 0.0060046161525,
        "min": 5.15822842574e-22,
        "stdev": 0.0104703716934,
        "var": 0.000109628686914
    },
    "spectral_entropy": {
        "dmean": 0.259632498026,
        "dmean2": 0.392450392246,
        "dvar": 0.0621392093599,
        "dvar2": 0.137969195843,
        "max": 9.81569480896,
        "mean": 7.90434074402,
        "median": 7.91964673996,
        "min": 5.93712186813,
        "stdev": 0.424807041883,
        "var": 0.180461019278
    },
    "spectral_flux": {
        "dmean": 0.0444687195122,
        "dmean2": 0.0695257335901,
        "dvar": 0.00241044047289,
        "dvar2": 0.00469642039388,
        "max": 0.419878214598,
        "mean": 0.107388019562,
        "median": 0.0910785645247,
        "min": 1.05424578789e-10,
        "stdev": 0.0712890326977,
        "var": 0.00508212577552
    },
    "spectral_kurtosis": {
        "dmean": 0.986729204655,
        "dmean2": 1.57358896732,
        "dvar": 1.59578311443,
        "dvar2": 3.39919233322,
        "max": 23.2190113068,
        "mean": 1.80863773823,
        "median": 1.55765295029,
        "min": -1.1810644865,
        "stdev": 1.78128731251,
        "var": 3.17298460007
    },
    "spectral_rms": {
        "dmean": 0.000982541241683,
        "dmean2": 0.00141162180807,
        "dvar": 1.6116811139e-06,
        "dvar2": 2.29135139307e-06,
        "max": 0.0138492956758,
        "mean": 0.00533020542935,
        "median": 0.00490910140797,
        "min": 3.29291064902e-12,
        "stdev": 0.00244745821692,
        "var": 5.99005124968e-06
    },
    "spectral_rolloff": {
        "dmean": 1539.15771484,
        "dmean2": 2597.22924805,
        "dvar": 3892152.25,
        "dvar2": 8682773,
        "max": 18260.15625,
        "mean": 2563.6706543,
        "median": 1571.92382812,
        "min": 64.599609375,
        "stdev": 2712.68237305,
        "var": 7358645.5
    },
    "spectral_skewness": {
        "dmean": 0.262035608292,
        "dmean2": 0.400655567646,
        "dvar": 0.0709450468421,
        "dvar2": 0.159075424075,
        "max": 3.9091758728,
        "mean": 1.10663473606,
        "median": 1.09673726559,
        "min": -0.00305935717188,
        "stdev": 0.437263309956,
        "var": 0.191199213266
    },
    "spectral_spread": {
        "dmean": 1093543.875,
        "dmean2": 1596853.5,
        "dvar": 2.0349690839e+12,
        "dvar2": 2.92817600512e+12,
        "max": 39292156,
        "mean": 6655789.5,
        "median": 6276324.5,
        "min": 2361733.25,
        "stdev": 2234586,
        "var": 4.99337448653e+12
    },
    "spectral_strongpeak": {
        "dmean": 0.537806808949,
        "dmean2": 0.945353150368,
        "dvar": 0.676492810249,
        "dvar2": 1.66965198517,
        "max": 6.55981349945,
        "mean": 0.671298801899,
        "median": 0.147273421288,
        "min": 0,
        "stdev": 0.889240205288,
        "var": 0.790748119354
    },
    "zerocrossingrate": {
        "dmean": 0.0231884457171,
        "dmean2": 0.0261966101825,
        "dvar": 0.000805232382845,
        "dvar2": 0.000874392455444,
        "max": 0.498046875,
        "mean": 0.0912217348814,
        "median": 0.07861328125,
        "min": 0.00244140625,
        "stdev": 0.0620871260762,
        "var": 0.00385481142439
    },
    "barkbands": {
        "dmean": [0.00134352361783, 0.0057419706136, 0.00273102521896, 0.00139549805317, 0.00162704940885, 0.000685577746481, 0.00221256818622, 0.00117687752936, 0.000960289209615, 0.000678515236359, 0.000499868474435, 0.000459242291981, 0.000478311441839, 0.000482012692373, 0.000418455369072, 0.00032372129499, 0.000293509743642, 0.000315385696013, 0.000352539937012, 0.000320350372931, 0.000506269570906, 0.00069787458051, 0.000441749754827, 0.000277621817077, 0.00018175347941, 9.4453098427e-05, 9.668160601e-06],
        "dmean2": [0.00201123650186, 0.00807046890259, 0.00502738868818, 0.00255427625962, 0.00265174009837, 0.00121471297462, 0.00363355781883, 0.00196169223636, 0.00153487350326, 0.00106602476444, 0.000800325768068, 0.000767642515711, 0.000805989140645, 0.000814192811958, 0.000686208775733, 0.000555734091904, 0.000483286508825, 0.000475107779494, 0.000558502099011, 0.000517757958733, 0.00086484872736, 0.00120039074682, 0.000749737082515, 0.000465052988147, 0.000293908902677, 0.000143816447235, 1.56365531438e-05],
        "dvar": [4.30814634456e-06, 0.000351588823833, 0.000143483193824, 2.48591677519e-05, 1.58785114763e-05, 2.99050793728e-06, 1.58905313583e-05, 6.07750962445e-06, 3.65197502106e-06, 2.90741422759e-06, 1.55395844104e-06, 1.20213235277e-06, 1.30448449909e-06, 9.19362946661e-07, 6.17116768353e-07, 5.3644930631e-07, 2.62952113417e-07, 2.6119874974e-07, 4.27895969324e-07, 3.71257812048e-07, 8.56106453284e-07, 1.58599914357e-06, 3.43115743817e-07, 1.2189727272e-07, 6.60106564965e-08, 3.60995322524e-08, 1.07969488905e-09],
        "dvar2": [1.11870513138e-05, 0.000489196740091, 0.000413481378928, 7.46889054426e-05, 4.32924025517e-05, 7.60673037803e-06, 3.85211278626e-05, 1.44677678691e-05, 8.70672192832e-06, 7.0414498623e-06, 3.57800581696e-06, 3.05134608425e-06, 3.24560301124e-06, 2.43456679527e-06, 1.4645080455e-06, 1.47316097809e-06, 6.74612692819e-07, 4.91082744247e-07, 1.01280238596e-06, 8.97037921277e-07, 2.29090733228e-06, 4.23766550739e-06, 8.92664502317e-07, 3.19138933946e-07, 1.54792957119e-07, 7.74358355216e-08, 2.66868260823e-09],
        "max": [0.0165564436466, 0.153833895922, 0.101266399026, 0.0479125380516, 0.0453852303326, 0.0218232683837, 0.0317469201982, 0.0209466330707, 0.0193978492171, 0.0223844274879, 0.0143658425659, 0.0126210106537, 0.0184364654124, 0.00765423104167, 0.00758153107017, 0.00731060281396, 0.00572207989171, 0.00535477790982, 0.0073810312897, 0.00670048361644, 0.00727364700288, 0.0114000029862, 0.00435514329001, 0.00303920521401, 0.00250205001794, 0.00313133536838, 0.000688456173521],
        "mean": [0.00307937595062, 0.0127083575353, 0.00340243219398, 0.0012197594624, 0.00196710717864, 0.000657638185658, 0.00235957861878, 0.00118076463696, 0.00114350707736, 0.000760961149354, 0.00053549814038, 0.000487004523166, 0.000448626640718, 0.000474952772493, 0.000456540408777, 0.000318125647027, 0.000327441783156, 0.000430015003076, 0.000418645126047, 0.000374245806597, 0.000529907352757, 0.000656066171359, 0.000545754446648, 0.000390642526327, 0.000262983987341, 0.000116110139061, 9.1274641818e-06],
        "median": [0.00282930373214, 0.00548630394042, 0.00206426344812, 4.85302007291e-05, 0.000507331278641, 9.56275907811e-05, 0.000487245502882, 0.000244080481934, 0.000233032944379, 0.000119843709399, 8.64689791342e-05, 0.000140814197948, 8.57705672388e-05, 8.61914813868e-05, 7.80396876507e-05, 8.07763572084e-05, 0.000122873098007, 0.000192234801943, 0.000167584206793, 0.000141411597724, 0.000220421090489, 0.000222672591917, 0.000328201014781, 0.00025626696879, 0.000149884828716, 3.34654541803e-05, 1.21645416584e-06],
        "min": [3.46376548807e-23, 3.03547617877e-23, 2.06169933539e-23, 8.56308039301e-24, 2.06272056317e-22, 1.10625044452e-22, 3.91465976438e-23, 3.46092558881e-23, 9.44448446429e-23, 7.12140395656e-23, 1.09582397527e-22, 7.16577643584e-23, 1.33659530449e-22, 1.39630879335e-22, 2.0987933422e-22, 1.84932687255e-22, 1.03253839801e-22, 3.73441653335e-22, 3.28526589208e-22, 5.65434898126e-22, 4.26896837269e-22, 5.72457956372e-22, 7.25844171757e-22, 8.78131787891e-22, 1.11010929963e-21, 1.6609579703e-21, 2.07489068007e-21],
        "stdev": [0.00238763960078, 0.0285680927336, 0.00902876351029, 0.00434795068577, 0.0039835749194, 0.00174756755587, 0.00412040343508, 0.00261097401381, 0.00221245153807, 0.00194557663053, 0.00144862558227, 0.00109590578359, 0.00108805310447, 0.000955493887886, 0.000878923980054, 0.000662940787151, 0.000546014634892, 0.00067355169449, 0.0007338616997, 0.000682096171658, 0.000908608664759, 0.00117663235869, 0.000639357720502, 0.000417375325924, 0.000331114919391, 0.000233384649619, 3.13696837111e-05],
        "var": [5.70082238482e-06, 0.000816135958303, 8.15185703686e-05, 1.89046750165e-05, 1.58688690135e-05, 3.05399248646e-06, 1.69777231349e-05, 6.81718529449e-06, 4.89494186695e-06, 3.78526851819e-06, 2.0985160063e-06, 1.20100946788e-06, 1.18385946735e-06, 9.1296857363e-07, 7.725074056e-07, 4.39490491999e-07, 2.98131993759e-07, 4.53671901823e-07, 5.38553024398e-07, 4.65255226345e-07, 8.25569657081e-07, 1.38446364417e-06, 4.08778305427e-07, 1.74202170911e-07, 1.09637099399e-07, 5.44683977921e-08, 9.8405694704e-10]
    },
    "erbbands": {
        "dmean": [0.273587435484, 1.1603294611, 3.15355110168, 3.57435250282, 4.62421894073, 6.03173923492, 6.13105630875, 6.18262195587, 23.8971290588, 36.2551231384, 23.5137329102, 19.8593425751, 20.6276493073, 19.0411090851, 19.0974941254, 16.3212528229, 21.656829834, 20.7737045288, 23.7929496765, 22.0634498596, 16.6196575165, 17.2666912079, 15.7622747421, 16.8818035126, 17.8200397491, 14.915266037, 18.3683795929, 23.9966773987, 25.0982761383, 16.7797546387, 12.4869604111, 7.14401674271, 3.98449587822, 2.37971282005, 1.19733154774, 0.496560782194, 0.161179199815, 0.0306774526834, 0.00101244531106, 3.55577212758e-05],
        "dmean2": [0.408097326756, 1.5596228838, 5.74801874161, 6.41115570068, 8.16988277435, 9.86377334595, 10.0976200104, 10.569527626, 39.7114906311, 58.9982757568, 38.6682739258, 32.1026992798, 32.9730949402, 30.2008972168, 29.9621543884, 26.9488067627, 36.5653266907, 35.1354026794, 39.5183067322, 36.2203903198, 27.7162837982, 27.6540374756, 23.6639442444, 26.2920970917, 28.4419155121, 23.7444877625, 31.1168994904, 42.3186340332, 43.3434562683, 28.4387226105, 21.2611370087, 12.0256900787, 6.6168847084, 3.88984060287, 1.93133103848, 0.783527374268, 0.246158450842, 0.0465770848095, 0.00160593690816, 5.37431114935e-05],
        "dvar": [0.84073972702, 13.547077179, 173.645080566, 168.978378296, 235.577713013, 194.466323853, 236.425598145, 248.500366211, 2259.97192383, 4734.39746094, 2386.5703125, 1842.66137695, 2159.71435547, 2043.84289551, 1634.99047852, 1363.78222656, 2874.07226562, 1486.73156738, 1820.68347168, 2070.36523438, 1093.87524414, 853.118041992, 721.27923584, 928.818908691, 1260.00390625, 829.120544434, 1233.43591309, 2276.33349609, 2171.78149414, 617.704833984, 261.287567139, 79.4626922607, 26.0429725647, 9.48756122589, 3.59611082077, 0.883273541927, 0.12395786494, 0.00601220037788, 1.11176077553e-05, 4.28120605633e-09],
        "dvar2": [1.2273786068, 23.2397193909, 493.66619873, 486.880706787, 702.675170898, 513.009216309, 536.411071777, 610.158874512, 5604.93115234, 11166.7138672, 5923.91796875, 4392.05908203, 5496.97119141, 5058.13183594, 3709.28881836, 3539.69140625, 7126.95800781, 3754.92919922, 4569.43164062, 5169.31835938, 2893.40600586, 2130.77807617, 1448.73791504, 2079.07958984, 3094.03076172, 1995.46691895, 3232.53125, 6159.07617188, 5757.96386719, 1646.04431152, 686.169372559, 214.158157349, 67.0684509277, 22.5352668762, 8.53557395935, 1.97983276844, 0.273373782635, 0.0130640380085, 2.72212728305e-05, 9.28466104e-09],
        "max": [7.00857686996, 36.1778945923, 103.185455322, 117.301971436, 139.848846436, 177.756027222, 202.419708252, 227.857299805, 482.062103271, 516.059265137, 408.888580322, 520.014709473, 619.131591797, 469.20916748, 524.837890625, 509.957855225, 819.999389648, 272.845825195, 463.108612061, 454.337310791, 306.593078613, 326.064666748, 334.672393799, 436.424835205, 342.425506592, 329.187225342, 291.659393311, 318.362243652, 394.704833984, 169.46307373, 110.481193542, 65.9828033447, 47.5197677612, 25.899312973, 21.9140892029, 13.9151639938, 6.16576623917, 1.47182786465, 0.0689689964056, 0.00128398975357],
        "mean": [0.596124589443, 1.97446548939, 4.10144042969, 3.78176403046, 4.39107942581, 6.86659526825, 7.83445501328, 6.01258182526, 24.8168487549, 37.4426879883, 26.4554519653, 22.9900741577, 24.2830352783, 21.4441108704, 23.4079055786, 17.234254837, 20.783082962, 22.2288970947, 24.5696086884, 23.3834609985, 18.2831630707, 20.6764450073, 21.6135578156, 21.3969898224, 21.5221328735, 17.6458053589, 20.0200595856, 22.9044685364, 23.279794693, 18.6897354126, 15.4316740036, 9.61689186096, 5.76859903336, 3.45375680923, 1.62435483932, 0.622265994549, 0.191919475794, 0.0337305888534, 0.00105115107726, 7.32884873287e-05],
        "median": [0.320154726505, 0.55849057436, 2.80783939362, 0.921207666397, 0.611424982548, 1.75327730179, 1.30610668659, 1.20153903961, 5.1568441391, 6.92482709885, 6.88693809509, 5.61409425735, 6.51441717148, 4.78611516953, 5.80800867081, 4.89270925522, 4.32206964493, 4.99280166626, 4.74792098999, 4.84007263184, 5.61595106125, 9.18921852112, 10.7836704254, 9.06824398041, 8.33231449127, 6.84946012497, 8.92116451263, 7.57722854614, 7.71399402618, 9.72436237335, 9.32730579376, 6.43075752258, 3.59151101112, 2.05172395706, 0.773654043674, 0.206436216831, 0.0502599403262, 0.00682034529746, 0.000209628269658, 4.6533124987e-05],
        "min": [7.19148572829e-22, 7.72064211245e-21, 2.46451031809e-20, 2.77572926875e-20, 3.79596440124e-19, 8.61216871712e-19, 2.47118191747e-19, 1.2874569926e-18, 6.73109589767e-19, 7.09771216793e-19, 9.24188322288e-19, 1.67826374628e-18, 3.07679072582e-18, 2.29900706471e-18, 4.1024175508e-18, 4.08355866001e-18, 5.68620827553e-18, 6.25210031697e-18, 6.70982070892e-18, 1.47974290149e-17, 1.03098616952e-17, 6.52324722663e-18, 1.81974424262e-17, 1.55574706858e-17, 2.01446586754e-17, 2.5001724266e-17, 1.70229352919e-17, 1.97283535623e-17, 2.01479442368e-17, 1.74070002134e-17, 2.4190021857e-17, 2.03683415479e-17, 1.38617702824e-17, 1.19614311858e-17, 8.43015248301e-18, 5.80634054308e-18, 2.58222998413e-18, 1.376952765e-18, 3.0537055108e-19, 3.05879822918e-20],
        "stdev": [1.25272476673, 5.18558835983, 10.2527008057, 11.5318431854, 13.1856174469, 13.8072729111, 19.4063396454, 15.9390249252, 48.0657463074, 72.6520996094, 51.7904090881, 47.536857605, 50.3809776306, 48.1052589417, 50.6042633057, 35.9016914368, 50.879699707, 39.2360801697, 45.9700202942, 49.0680961609, 32.9912223816, 32.275188446, 33.8169174194, 35.7667045593, 39.2795143127, 32.2345199585, 35.3468360901, 43.2748298645, 43.2750930786, 25.8146648407, 17.6794109344, 10.2003211975, 6.32382488251, 3.99865007401, 2.33730530739, 1.14297842979, 0.413580149412, 0.0870023444295, 0.00324590061791, 8.01439819043e-05],
        "var": [1.5693192482, 26.8903255463, 105.117881775, 132.983413696, 173.86050415, 190.640777588, 376.605987549, 254.052520752, 2310.31591797, 5278.328125, 2682.24633789, 2259.75292969, 2538.24291992, 2314.1159668, 2560.79150391, 1288.93139648, 2588.74389648, 1539.4699707, 2113.24291992, 2407.67797852, 1088.42077637, 1041.68774414, 1143.5838623, 1279.25708008, 1542.88012695, 1039.06433105, 1249.39892578, 1872.7109375, 1872.73352051, 666.396911621, 312.561584473, 104.046562195, 39.9907608032, 15.9892024994, 5.46299648285, 1.30639982224, 0.171048551798, 0.00756940804422, 1.05358703877e-05, 6.42305764131e-09]
    },
    "gfcc": {
        "mean": [16.2732982635, 45.708732605, -99.3523864746, 43.8163414001, -67.1647033691, 29.8619365692, -32.9287033081, 22.1921958923, -15.6475391388, 8.44475841522, -13.7115402222, 4.55447340012, -13.7117376328],
        "cov": [[5433.46679688, -296.814758301, -373.178466797, 361.91204834, -68.3907699585, 82.0639953613, 84.9200439453, 169.031509399, 88.5941772461, 269.897583008, 14.4013128281, 111.894805908, -127.231750488], [-296.814758301, 1694.95007324, 314.022674561, 300.949279785, 324.631866455, 107.36743927, 199.024597168, 79.9505844116, 221.373260498, -72.6585769653, 153.482147217, -78.6706619263, 81.8786773682], [-373.178466797, 314.022674561, 1305.69274902, 451.608123779, 275.455963135, 198.417922974, 89.6820678711, 13.4557943344, 47.3560829163, 15.0449934006, 18.8427391052, 85.7202987671, 41.2940864563], [361.91204834, 300.949279785, 451.608123779, 702.700561523, 312.692993164, 177.793991089, 149.096755981, 40.3229255676, 137.00970459, 85.0345077515, 44.9753875732, 14.9654979706, 68.7275466919], [-68.3907699585, 324.631866455, 275.455963135, 312.692993164, 537.42175293, 201.386810303, 86.2420578003, 31.8901023865, 102.509963989, 62.0337638855, 29.8469905853, 9.38449382782, 58.4725112915], [82.0639953613, 107.36743927, 198.417922974, 177.793991089, 201.386810303, 320.206451416, 240.609222412, 71.8940505981, 51.3579788208, 43.7844161987, 27.6583576202, -12.4670438766, 8.54612255096], [84.9200439453, 199.024597168, 89.6820678711, 149.096755981, 86.2420578003, 240.609222412, 452.530151367, 159.914077759, 37.7021484375, 16.5481472015, 69.5065917969, -12.0827560425, -13.9211883545], [169.031509399, 79.9505844116, 13.4557943344, 40.3229255676, 31.8901023865, 71.8940505981, 159.914077759, 245.13092041, 93.6335449219, 22.7581920624, 47.6036300659, -1.40996336937, -20.5040187836], [88.5941772461, 221.373260498, 47.3560829163, 137.00970459, 102.509963989, 51.3579788208, 37.7021484375, 93.6335449219, 203.933151245, 70.6595687866, 34.3347549438, -11.295794487, 4.15746450424], [269.897583008, -72.6585769653, 15.0449934006, 85.0345077515, 62.0337638855, 43.7844161987, 16.5481472015, 22.7581920624, 70.6595687866, 146.100387573, 32.141708374, -0.755516171455, -24.9917201996], [14.4013128281, 153.482147217, 18.8427391052, 44.9753875732, 29.8469905853, 27.6583576202, 69.5065917969, 47.6036300659, 34.3347549438, 32.141708374, 111.769546509, 21.8530292511, -10.9336500168], [111.894805908, -78.6706619263, 85.7202987671, 14.9654979706, 9.38449382782, -12.4670438766, -12.0827560425, -1.40996336937, -11.295794487, -0.755516171455, 21.8530292511, 124.771820068, 23.1212100983], [-127.231750488, 81.8786773682, 41.2940864563, 68.7275466919, 58.4725112915, 8.54612255096, -13.9211883545, -20.5040187836, 4.15746450424, -24.9917201996, -10.9336500168, 23.1212100983, 91.9229354858]],
        "icov": [[0.000277111423202, -0.000134694011649, 0.000228834542213, -0.00036033638753, 0.000203391071409, -0.00022853082919, 0.000189324491657, -0.00031775230309, 0.000344030850101, -0.000567497801967, 0.000513915671036, -0.000639086298179, 0.000571832584683], [-0.000134694011649, 0.00140362442471, -0.000405772501836, 0.000285096233711, -0.000717812741641, 0.000780023285188, -0.000727613922209, 0.000840384687763, -0.00185569538735, 0.00208282726817, -0.00234543695115, 0.00177724927198, -0.00108201499097], [0.000228834542213, -0.000405772501836, 0.00138877308927, -0.00104154238943, 0.000181539551704, -0.000940028519835, 0.000612830801401, -0.000455256493296, 0.000798919936642, -0.000367941189324, 0.00101488549262, -0.00167398201302, 0.00120179879013], [-0.00036033638753, 0.000285096233711, -0.00104154238943, 0.00327963382006, -0.00106637482531, 0.000631608709227, -0.00116716849152, 0.00102822261397, -0.0016379961744, -0.000159322502441, -0.00103465921711, 0.00136215495877, -0.00249959551729], [0.000203391071409, -0.000717812741641, 0.000181539551704, -0.00106637482531, 0.00369954667985, -0.00240328279324, 0.00119627255481, -0.000565160473343, 0.000484289717861, -0.00155743537471, 0.000921454920899, -0.00107438862324, -0.000503614894114], [-0.00022853082919, 0.000780023285188, -0.000940028519835, 0.000631608709227, -0.00240328279324, 0.0080272546038, -0.00434597115964, 0.00111505354289, -0.00126949965488, -2.54924671026e-05, -0.000366113963537, 0.00201035384089, -0.00118678598665], [0.000189324491657, -0.000727613922209, 0.000612830801401, -0.00116716849152, 0.00119627255481, -0.00434597115964, 0.00584601378068, -0.00305717089213, 0.00226897420362, -0.000235247192904, -0.000570068659727, -0.000845277449116, 0.00133224960882], [-0.00031775230309, 0.000840384687763, -0.000455256493296, 0.00102822261397, -0.000565160473343, 0.00111505354289, -0.00305717089213, 0.00765151530504, -0.00465487781912, 0.00229598022997, -0.00233997148462, 0.000938454119023, 6.73291870044e-05], [0.000344030850101, -0.00185569538735, 0.000798919936642, -0.0016379961744, 0.000484289717861, -0.00126949965488, 0.00226897420362, -0.00465487781912, 0.0109790386632, -0.00577585585415, 0.00241773808375, -0.00141905597411, 0.000687799707521], [-0.000567497801967, 0.00208282726817, -0.000367941189324, -0.000159322502441, -0.00155743537471, -2.54924671026e-05, -0.000235247192904, 0.00229598022997, -0.00577585585415, 0.0137367891148, -0.00553461583331, 0.00239912397228, 0.00184744305443], [0.000513915671036, -0.00234543695115, 0.00101488549262, -0.00103465921711, 0.000921454920899, -0.000366113963537, -0.000570068659727, -0.00233997148462, 0.00241773808375, -0.00553461583331, 0.0159309729934, -0.00599970621988, 0.00374765670858], [-0.000639086298179, 0.00177724927198, -0.00167398201302, 0.00136215495877, -0.00107438862324, 0.00201035384089, -0.000845277449116, 0.000938454119023, -0.00141905597411, 0.00239912397228, -0.00599970621988, 0.0128398258239, -0.00538298441097], [0.000571832584683, -0.00108201499097, 0.00120179879013, -0.00249959551729, -0.000503614894114, -0.00118678598665, 0.00133224960882, 6.73291870044e-05, 0.000687799707521, 0.00184744305443, 0.00374765670858, -0.00538298441097, 0.0168812945485]]
    },
    "melbands": {
        "dmean": [0.00190864573233, 0.00142639188562, 0.000583174871281, 0.000355753552867, 0.000227776748943, 0.000146040809341, 0.000388446613215, 0.000369694404071, 0.000186126111657, 0.000125420061522, 0.000107927182398, 8.32420919323e-05, 6.97966606822e-05, 5.1903691201e-05, 4.20628020947e-05, 5.27200099896e-05, 3.99374803237e-05, 4.3246698624e-05, 3.0288247217e-05, 2.52031804848e-05, 1.82680905709e-05, 1.89763250091e-05, 1.66201498359e-05, 1.54609097081e-05, 1.41180662467e-05, 1.4411223674e-05, 1.13366022561e-05, 1.00342967926e-05, 1.09940665425e-05, 1.23460404211e-05, 1.53825949383e-05, 1.59849387273e-05, 1.09688244265e-05, 8.78955324879e-06, 7.75299122324e-06, 5.70067504668e-06, 4.05272703574e-06, 2.91418905363e-06, 2.4725854928e-06, 1.962999022e-06],
        "dmean2": [0.00280205719173, 0.00227070692927, 0.00105389510281, 0.000589329807553, 0.000369805231458, 0.000252193945926, 0.000643672188744, 0.000598058628384, 0.000306503119646, 0.000202296199859, 0.000172325075255, 0.000131087785121, 0.000110910616058, 8.59569408931e-05, 6.98381772963e-05, 8.81392115843e-05, 6.85767736286e-05, 7.27792139514e-05, 4.99740381201e-05, 4.28816420026e-05, 3.07438640448e-05, 3.03519864246e-05, 2.6669471481e-05, 2.34231429204e-05, 2.22501457756e-05, 2.30497917073e-05, 1.82199000847e-05, 1.60871804837e-05, 1.8573971829e-05, 2.11860606214e-05, 2.72898614639e-05, 2.78180905298e-05, 1.87845580513e-05, 1.49645084093e-05, 1.31344486363e-05, 9.73326314124e-06, 6.86972725816e-06, 4.90788943353e-06, 4.07950119552e-06, 3.22871187564e-06],
        "dvar": [4.008608812e-05, 2.62649227807e-05, 4.58623298982e-06, 9.17178908821e-07, 2.770773051e-07, 1.23406636021e-07, 5.4302472563e-07, 4.54603508615e-07, 1.47879518408e-07, 7.24439246369e-08, 6.09797581319e-08, 4.03383459968e-08, 2.68402313708e-08, 1.68469949102e-08, 9.1104315203e-09, 1.93853235686e-08, 6.23187368376e-09, 6.51037446175e-09, 3.86576637368e-09, 3.20386472907e-09, 1.19892051842e-09, 1.11192455243e-09, 6.28545271386e-10, 8.68986882452e-10, 6.66918464898e-10, 6.92467916341e-10, 5.49234824287e-10, 3.56564083814e-10, 4.73744377061e-10, 5.23722121226e-10, 9.76251413043e-10, 9.93992110843e-10, 3.21778548251e-10, 1.59953342238e-10, 9.97163324135e-11, 5.02050900852e-11, 2.61618018915e-11, 1.49289278856e-11, 9.60766102093e-12, 7.07372398503e-12],
        "dvar2": [5.69555668335e-05, 6.84401238686e-05, 1.27961857288e-05, 2.53223993241e-06, 6.46251010039e-07, 3.09470550519e-07, 1.34249921757e-06, 1.06524919374e-06, 3.70083284906e-07, 1.77324622541e-07, 1.53925313384e-07, 9.87397186236e-08, 5.90172710702e-08, 4.21024921593e-08, 2.39360034016e-08, 4.85613185219e-08, 1.62138338311e-08, 1.674274408e-08, 9.47803169282e-09, 8.5204883149e-09, 3.17036108477e-09, 2.75048073206e-09, 1.4789942604e-09, 1.69374336778e-09, 1.54888801784e-09, 1.68849856319e-09, 1.37428290969e-09, 8.56686499517e-10, 1.2306493602e-09, 1.4194132536e-09, 2.65352739781e-09, 2.64758193147e-09, 8.84794015832e-10, 4.17399476094e-10, 2.57158655481e-10, 1.36325173372e-10, 7.05226710362e-11, 3.91560117663e-11, 2.37686068744e-11, 1.68747810864e-11],
        "max": [0.0480503775179, 0.0440974012017, 0.0197356659919, 0.0105077056214, 0.00577471917495, 0.00464588589966, 0.00724224094301, 0.00487604690716, 0.00372377014719, 0.0028602075763, 0.00312893278897, 0.00209928792901, 0.00200844067149, 0.00175255746581, 0.00135366525501, 0.00248154066503, 0.000600556377321, 0.000690840068273, 0.000666349893436, 0.000576396880206, 0.000286860798951, 0.000347745604813, 0.000237666608882, 0.000312276912155, 0.000404158083256, 0.00023480161326, 0.000242674635956, 0.00020455023332, 0.000190431892406, 0.000171747873537, 0.000237172091147, 0.000277283514151, 0.000121872588352, 9.89056716207e-05, 7.4074458098e-05, 5.32453741471e-05, 4.14682290284e-05, 3.70604248019e-05, 2.53031248576e-05, 2.43943486566e-05],
        "mean": [0.00442405091599, 0.00215310929343, 0.000687051739078, 0.000393853522837, 0.000298263097648, 0.000139305760968, 0.000407112413086, 0.000382616737625, 0.000210966696613, 0.000142067394336, 0.000125083417515, 9.26296779653e-05, 8.06990719866e-05, 5.82909669902e-05, 3.70718444174e-05, 5.0045306125e-05, 4.01873148803e-05, 4.2249688704e-05, 3.23338790622e-05, 2.51518813457e-05, 1.94450076378e-05, 2.10471735045e-05, 2.05453325179e-05, 1.96324072022e-05, 1.67527996382e-05, 1.67259695445e-05, 1.32035811475e-05, 1.12567522592e-05, 1.21549810501e-05, 1.25584492707e-05, 1.37709503178e-05, 1.4078874301e-05, 1.10622613647e-05, 9.9782819234e-06, 9.34564195632e-06, 7.20990692571e-06, 5.31773412149e-06, 4.0725258259e-06, 3.47221771335e-06, 2.74542594525e-06],
        "median": [0.00230972399004, 0.00119257497136, 0.000178648580913, 9.79171163635e-05, 5.28335476702e-05, 2.33670180023e-05, 9.03433538042e-05, 6.17921978119e-05, 3.81522331736e-05, 3.07896480081e-05, 2.92423519568e-05, 1.77213714778e-05, 1.75209970621e-05, 1.8343438569e-05, 6.0126894823e-06, 9.95505888568e-06, 7.5403122537e-06, 6.80900348016e-06, 5.52211531613e-06, 5.30627949047e-06, 6.01898045716e-06, 7.33054093871e-06, 9.28450845095e-06, 7.209942396e-06, 6.33067975286e-06, 6.29203304925e-06, 4.20727747041e-06, 4.01536271966e-06, 5.08408948008e-06, 4.31198168371e-06, 4.09903395848e-06, 4.18848776462e-06, 4.39965106125e-06, 5.4905167417e-06, 5.4159568208e-06, 4.79369964523e-06, 3.38229256158e-06, 2.44629154622e-06, 2.14728424908e-06, 1.54926908635e-06],
        "min": [9.16805072147e-24, 1.1654380156e-23, 1.29128397029e-23, 5.08617784651e-23, 1.35144415953e-23, 2.5705767815e-23, 1.07853252288e-23, 7.83587133411e-24, 7.2616878802e-24, 1.22784393406e-23, 1.56367409099e-23, 8.81090656841e-24, 1.5907310734e-23, 6.99224297169e-24, 1.46531796669e-23, 1.17252790298e-23, 1.19337797002e-23, 1.07409944014e-23, 1.51570756142e-23, 1.78759036567e-23, 1.17857318076e-23, 5.0182925002e-24, 1.56279151341e-23, 1.49798611672e-23, 1.24205652545e-23, 1.14589367113e-23, 1.95118875781e-23, 1.62525288879e-23, 1.24070978211e-23, 6.57795255136e-24, 1.39162068766e-23, 9.63260301995e-24, 1.39830959705e-23, 7.96904446555e-24, 1.30363090563e-23, 1.33518463187e-23, 1.26660248472e-23, 1.02333994854e-23, 6.74976842867e-24, 1.18963340508e-23],
        "stdev": [0.00920327194035, 0.00497255241498, 0.00198421045206, 0.000887903268449, 0.000678877637256, 0.000352475617547, 0.000747290672734, 0.000723366509192, 0.000417256291257, 0.000293164601317, 0.000270697259111, 0.000217758060899, 0.000200060618226, 0.000134216053993, 8.87571368366e-05, 0.000130305794301, 7.63910866226e-05, 8.55625839904e-05, 6.6961038101e-05, 5.37465348316e-05, 3.4959459299e-05, 3.67412176274e-05, 2.93805733236e-05, 3.69863046217e-05, 2.92497388727e-05, 2.91982323688e-05, 2.59101343545e-05, 2.08832789212e-05, 2.2202191758e-05, 2.20787896978e-05, 2.75575985142e-05, 2.85195656033e-05, 1.75681943801e-05, 1.33433923111e-05, 1.10958335426e-05, 7.7497543316e-06, 5.83902965445e-06, 4.60583896711e-06, 3.90032846553e-06, 3.34042283612e-06],
        "var": [8.4700222942e-05, 2.4726276024e-05, 3.93709069613e-06, 7.88372233274e-07, 4.60874844066e-07, 1.24239051047e-07, 5.58443332466e-07, 5.23259132024e-07, 1.74102808614e-07, 8.59454871716e-08, 7.32770075729e-08, 4.74185739563e-08, 4.00242505805e-08, 1.80139476669e-08, 7.87782994394e-09, 1.69795981719e-08, 5.83559867096e-09, 7.32095539746e-09, 4.48378090212e-09, 2.88868995391e-09, 1.22216370357e-09, 1.34991706702e-09, 8.63218108105e-10, 1.36798683492e-09, 8.5554718865e-10, 8.52536818918e-10, 6.71335098623e-10, 4.36111313729e-10, 4.92937302088e-10, 4.87472950894e-10, 7.59421192598e-10, 8.13365597097e-10, 3.08641445734e-10, 1.78046119514e-10, 1.23117516182e-10, 6.00586941291e-11, 3.40942656052e-11, 2.12137512418e-11, 1.52125603781e-11, 1.11584248785e-11]
    },
    "melbands128": {
