{
"lowlevel": {
    "average_loudness": 0.507252395153,
    "barkbands_crest": {
        "dmean": 2.50730538368,
        "dmean2": 4.08185768127,
        "dvar": 7.83610248566,
        "dvar2": 19.9511108398,
        "max": 25.9261569977,
        "mean": 11.6733369827,
        "median": 10.7282018661,
        "min": 2.78602671623,
        "stdev": 5.06686592102,
        "var": 25.6731281281
    },
    "barkbands_flatness_db": {
        "dmean": 0.0334948934615,
        "dmean2": 0.0484179258347,
        "dvar": 0.00168165762443,
        "dvar2": 0.00310276099481,
        "max": 0.617075681686,
        "mean": 0.253131866455,
        "median": 0.23046810925,
        "min": 0.0429876707494,
        "stdev": 0.115042030811,
        "var": 0.0132346684113
    },
    "barkbands_kurtosis": {
        "dmean": 7.73602342606,
        "dmean2": 12.4381418228,
        "dvar": 624.302734375,
        "dvar2": 1456.08227539,
        "max": 476.151702881,
        "mean": 10.0908622742,
        "median": 2.28889083862,
        "min": -1.93948841095,
        "stdev": 28.7699451447,
        "var": 827.709777832
    },
    "barkbands_skewness": {
        "dmean": 0.7642608881,
        "dmean2": 1.18865358829,
        "dvar": 1.47059369087,
        "dvar2": 3.43915772438,
        "max": 19.1881790161,
        "mean": 1.7583117485,
        "median": 1.25498175621,
        "min": -2.4222638607,
        "stdev": 1.98993897438,
        "var": 3.959856987
    },
    "barkbands_spread": {
        "dmean": 4.34069395065,
        "dmean2": 6.63697957993,
        "dvar": 79.0206069946,
        "dvar2": 158.511703491,
        "max": 115.912811279,
        "mean": 12.1277284622,
        "median": 9.00953292847,
        "min": 0.130135431886,
        "stdev": 13.0593204498,
        "var": 170.545852661
    },
    "dissonance": {
        "dmean": 0.0419969260693,
        "dmean2": 0.0692158788443,
        "dvar": 0.00147903570905,
        "dvar2": 0.00375230843201,
        "max": 0.499540120363,
        "mean": 0.412991762161,
        "median": 0.42849650979,
        "min": 0.156730100513,
        "stdev": 0.063916772604,
        "var": 0.00408535404131
    },
    "dynamic_complexity": 4.71083545685,
    "erbbands_crest": {
        "dmean": 2.60742759705,
        "dmean2": 4.10115385056,
        "dvar": 6.62808609009,
        "dvar2": 14.5192365646,
        "max": 32.2300682068,
        "mean": 10.5315055847,
        "median": 9.23525905609,
        "min": 2.66952371597,
        "stdev": 4.81615924835,
        "var": 23.1953887939
    },
    "erbbands_flatness_db": {
        "dmean": 0.0249192919582,
        "dmean2": 0.0345768071711,
        "dvar": 0.00086114712758,
        "dvar2": 0.00149834761396,
        "max": 0.525304675102,
        "mean": 0.243473812938,
        "median": 0.209966093302,
        "min": 0.0639009177685,
        "stdev": 0.105079509318,
        "var": 0.011041703634
    },
    "erbbands_kurtosis": {
        "dmean": 2.00652217865,
        "dmean2": 3.20217895508,
        "dvar": 11.3605394363,
        "dvar2": 28.8811206818,
        "max": 45.5585823059,
        "mean": 2.27684521675,
        "median": 0.942575931549,
        "min": -1.8554662466,
        "stdev": 4.09452867508,
        "var": 16.7651634216
    },
    "erbbands_skewness": {
        "dmean": 0.507234692574,
        "dmean2": 0.745618581772,
        "dvar": 0.329019844532,
        "dvar2": 0.697887301445,
        "max": 5.62595701218,
        "mean": 0.628480732441,
        "median": 0.500147521496,
        "min": -4.72396707535,
        "stdev": 1.0528730154,
        "var": 1.10854160786
    },
    "erbbands_spread": {
        "dmean": 8.43857288361,
        "dmean2": 13.2374296188,
        "dvar": 218.086471558,
        "dvar2": 464.521881104,
        "max": 225.649627686,
        "mean": 26.4726257324,
        "median": 20.1879711151,
        "min": 1.2093859911,
        "stdev": 23.9957351685,
        "var": 575.795288086
    },
    "hfc": {
        "dmean": 9.71959781647,
        "dmean2": 17.238735199,
        "dvar": 748.143737793,
        "dvar2": 2065.1875,
        "max": 175.40524292,
        "mean": 10.4295463562,
        "median": 2.91059875488,
        "min": 1.07257598354e-16,
        "stdev": 23.1015148163,
        "var": 533.679992676
    },
    "loudness_ebu128": {
        "integrated": -15.9537944794,
        "loudness_range": 10.1287059784,
        "momentary": {
            "dmean": 1.15732228756,
            "dmean2": 1.78307294846,
            "dvar": 2.55939483643,
            "dvar2": 5.13493013382,
            "max": -10.880238533,
            "mean": -18.3969745636,
            "median": -17.5895061493,
            "min": -35.3975830078,
            "stdev": 5.08201932907,
            "var": 25.8269195557
        },
        "short_term": {
            "dmean": 0.134293422103,
            "dmean2": 0.184197723866,
            "dvar": 0.03527097404,
            "dvar2": 0.0526905842125,
            "max": -12.722776413,
            "mean": -17.6102581024,
            "median": -17.1500339508,
            "min": -23.9831600189,
            "stdev": 3.78347086906,
            "var": 14.3146524429
        }
    },
    "melbands_crest": {
        "dmean": 2.63285827637,
        "dmean2": 4.10694122314,
        "dvar": 9.49654769897,
        "dvar2": 21.7817878723,
        "max": 36.9482803345,
        "mean": 14.7614545822,
        "median": 13.0593252182,
        "min": 1.64803242683,
        "stdev": 6.76813459396,
        "var": 45.8076438904
    },
    "melbands_flatness_db": {
        "dmean": 0.0381580404937,
        "dmean2": 0.0543806403875,
        "dvar": 0.00253018387593,
        "dvar2": 0.00471623102203,
        "max": 0.776367485523,
        "mean": 0.331409484148,
        "median": 0.311668843031,
        "min": 0.00400686822832,
        "stdev": 0.140114024282,
        "var": 0.0196319390088
    },
    "melbands_kurtosis": {
        "dmean": 16.3258571625,
        "dmean2": 27.329460144,
        "dvar": 5442.76269531,
        "dvar2": 13551.7783203,
        "max": 1718.3996582,
        "mean": 21.1765975952,
        "median": 4.61606168747,
        "min": -1.73409152031,
        "stdev": 86.4776000977,
        "var": 7478.37597656
    },
    "melbands_skewness": {
        "dmean": 0.927066266537,
        "dmean2": 1.45943260193,
        "dvar": 3.41327643394,
        "dvar2": 7.86660289764,
        "max": 35.7634963989,
        "mean": 2.39769649506,
        "median": 1.73648524284,
        "min": -1.27253103256,
        "stdev": 2.74535083771,
        "var": 7.5369515419
    },
    "melbands_spread": {
        "dmean": 4.91990089417,
        "dmean2": 7.53050661087,
        "dvar": 100.94593811,
        "dvar2": 194.593688965,
        "max": 258.350097656,
        "mean": 14.6290769577,
        "median": 10.5265207291,
        "min": 0.199206933379,
        "stdev": 17.5933475494,
        "var": 309.525848389
    },
    "pitch_salience": {
        "dmean": 0.0675161108375,
        "dmean2": 0.109571121633,
        "dvar": 0.00599926384166,
        "dvar2": 0.0143553465605,
        "max": 0.984684288502,
        "mean": 0.517141282558,
        "median": 0.533996522427,
        "min": 0.0486116595566,
        "stdev": 0.144701376557,
        "var": 0.0209384895861
    },
    "silence_rate_20dB": {
        "dmean": 0.0232198145241,
        "dmean2": 0.0464756004512,
        "dvar": 0.022680727765,
        "dvar2": 0.0629056468606,
        "max": 1,
        "mean": 0.986078858376,
        "median": 1,
        "min": 0,
        "stdev": 0.117163591087,
        "var": 0.0137273073196
    },
    "silence_rate_30dB": {
        "dmean": 0.0433436520398,
        "dmean2": 0.0867544561625,
        "dvar": 0.0414647385478,
        "dvar2": 0.0869733691216,
        "max": 1,
        "mean": 0.930394411087,
        "median": 1,
        "min": 0,
        "stdev": 0.254480928183,
        "var": 0.064760543406
    },
    "silence_rate_60dB": {
        "dmean": 0.0565015487373,
        "dmean2": 0.113090626895,
        "dvar": 0.0533080436289,
        "dvar2": 0.111143946648,
        "max": 1,
        "mean": 0.275328695774,
        "median": 0,
        "min": 0,
        "stdev": 0.446679234505,
        "var": 0.199522346258
    },
    "spectral_centroid": {
        "dmean": 214.773284912,
        "dmean2": 322.781311035,
        "dvar": 199676.15625,
        "dvar2": 387790.1875,
        "max": 11546.2734375,
        "mean": 852.196166992,
        "median": 602.287658691,
        "min": 100.79233551,
        "stdev": 1031.25866699,
        "var": 1063494.5
    },
    "spectral_complexity": {
        "dmean": 3.33978319168,
        "dmean2": 5.2703332901,
        "dvar": 38.2320175171,
        "dvar2": 87.6720352173,
        "max": 48,
        "mean": 9.80046367645,
        "median": 8,
        "min": 0,
        "stdev": 7.44428396225,
        "var": 55.4173622131
    },
    "spectral_decrease": {
        "dmean": 5.53881829291e-09,
        "dmean2": 8.8927896158e-09,
        "dvar": 3.09822179263e-16,
        "dvar2": 7.59259899249e-16,
        "max": 1.94056713234e-28,
        "mean": -7.25552817826e-09,
        "median": -1.56967117082e-09,
        "min": -1.61992161907e-07,
        "stdev": 1.86586994744e-08,
        "var": 3.48147084934e-16
    },
    "spectral_energy": {
        "dmean": 0.0216067004949,
        "dmean2": 0.0347685292363,
        "dvar": 0.00457028159872,
        "dvar2": 0.0112132644281,
        "max": 0.618207573891,
        "mean": 0.0283300131559,
        "median": 0.00619676755741,
        "min": 1.03232108135e-20,
        "stdev": 0.0715434327722,
        "var": 0.00511846318841
    },
    "spectral_energyband_high": {
        "dmean": 0.000291727570584,
        "dmean2": 0.000500994967297,
        "dvar": 7.5621318274e-07,
        "dvar2": 1.94602785086e-06,
        "max": 0.0087379347533,
        "mean": 0.000286666501779,
        "median": 1.4151583855e-05,
        "min": 7.2677583037e-21,
        "stdev": 0.000819808163214,
        "var": 6.72085434417e-07
    },
    "spectral_energyband_low": {
        "dmean": 0.0166394580156,
        "dmean2": 0.0270562060177,
        "dvar": 0.00409319624305,
        "dvar2": 0.0101145738736,
        "max": 0.606898128986,
        "mean": 0.0185413528234,
        "median": 0.000967116327956,
        "min": 3.15727409373e-23,
        "stdev": 0.0662412494421,
        "var": 0.0043879034929
    },
    "spectral_energyband_middle_high": {
        "dmean": 0.00275724730454,
        "dmean2": 0.00498703075573,
        "dvar": 7.74400177761e-05,
        "dvar2": 0.000223086317419,
        "max": 0.0553863272071,
        "mean": 0.00242004287429,
        "median": 0.000487924204208,
        "min": 1.16869533587e-21,
        "stdev": 0.00689492980018,
        "var": 4.75400556752e-05
    },
    "spectral_energyband_middle_low": {
        "dmean": 0.00507189054042,
        "dmean2": 0.00885897967964,
        "dvar": 0.000151415399159,
        "dvar2": 0.000427473511081,
        "max": 0.0994539633393,
        "mean": 0.0078108436428,
        "median": 0.00319374538958,
        "min": 1.79275368117e-22,
        "stdev": 0.0121597154066,
        "var": 0.000147858678247
    },
    "spectral_entropy": {
        "dmean": 0.278952747583,
        "dmean2": 0.396360814571,
        "dvar": 0.138595670462,
        "dvar2": 0.238030865788,
        "max": 9.81632709503,
        "mean": 6.70852804184,
        "median": 6.79274463654,
        "min": 4.67147493362,
        "stdev": 0.92318469286,
        "var": 0.852270007133
    },
    "spectral_flux": {
        "dmean": 0.0406371951103,
        "dmean2": 0.063319042325,
        "dvar": 0.00702106626704,
        "dvar2": 0.0121357506141,
        "max": 0.704645097256,
        "mean": 0.0731518939137,
        "median": 0.031281773001,
        "min": 6.53434528708e-11,
        "stdev": 0.112710051239,
        "var": 0.0127035556361
    },
    "spectral_kurtosis": {
        "dmean": 15.4255304337,
        "dmean2": 24.1199207306,
        "dvar": 794.368041992,
        "dvar2": 1867.21496582,
        "max": 373.95123291,
        "mean": 42.9080276489,
        "median": 9.43632125854,
        "min": -1.47786796093,
        "stdev": 72.5676193237,
        "var": 5266.05908203
    },
    "spectral_rms": {
        "dmean": 0.00117991084699,
        "dmean2": 0.00181624304969,
        "dvar": 6.70654344503e-06,
        "dvar2": 1.51757303684e-05,
        "max": 0.0245586913079,
        "mean": 0.00374621315859,
        "median": 0.00245878566056,
        "min": 3.17355083185e-12,
        "stdev": 0.0036884881556,
        "var": 1.36049447974e-05
    },
    "spectral_rolloff": {
        "dmean": 403.896911621,
        "dmean2": 687.94543457,
        "dvar": 1558770.875,
        "dvar2": 3151567,
        "max": 19143.0175781,
        "mean": 1132.04956055,
        "median": 689.0625,
        "min": 64.599609375,
        "stdev": 2075.83081055,
        "var": 4309074
    },
    "spectral_skewness": {
        "dmean": 0.909581899643,
        "dmean2": 1.44303405285,
        "dvar": 1.64622020721,
        "dvar2": 3.87609314919,
        "max": 15.7630281448,
        "mean": 3.74313116074,
        "median": 2.37955331802,
        "min": -0.280118823051,
        "stdev": 3.28819155693,
        "var": 10.8122034073
    },
    "spectral_spread": {
        "dmean": 837744.0625,
        "dmean2": 1238746,
        "dvar": 2.49384979661e+12,
        "dvar2": 4.24889443942e+12,
        "max": 41932504,
        "mean": 3905180,
        "median": 2976759.5,
        "min": 251357.421875,
        "stdev": 4354027,
        "var": 1.89575515341e+13
    },
    "spectral_strongpeak": {
        "dmean": 0.257521957159,
        "dmean2": 0.426572591066,
        "dvar": 0.146885216236,
        "dvar2": 0.320036351681,
        "max": 4.84331893921,
        "mean": 0.557130157948,
        "median": 0.359704405069,
        "min": 0,
        "stdev": 0.512766778469,
        "var": 0.26292976737
    },
    "zerocrossingrate": {
        "dmean": 0.0095040993765,
        "dmean2": 0.0112955225632,
        "dvar": 0.000406838691561,
        "dvar2": 0.000450022838777,
        "max": 0.51171875,
        "mean": 0.0419219471514,
        "median": 0.03076171875,
        "min": 0.001953125,
        "stdev": 0.0538501180708,
        "var": 0.00289983535185
    },
    "barkbands": {
        "dmean": [0.000568242976442, 0.0117791360244, 0.0055113947019, 0.00139588082675, 0.00164715980645, 0.000424620171543, 0.000418818177423, 0.000339306425303, 0.0018355587963, 0.000669507193379, 0.000224673232879, 0.00030177726876, 0.000596525613219, 0.000305192254018, 0.000154731576913, 0.000296006444842, 0.000226065545576, 0.000149479543325, 0.000253275415162, 8.21960784378e-05, 8.40799038997e-05, 4.0685019485e-05, 2.82294367935e-05, 3.9344344259e-05, 6.51959198876e-05, 3.88809166907e-05, 3.21650531987e-06],
        "dmean2": [0.000659105426166, 0.019465547055, 0.0105725070462, 0.00255121896043, 0.00264180428348, 0.000686907267664, 0.000652986695059, 0.000569574825931, 0.00339613575488, 0.00121271389071, 0.00036361606908, 0.000523757014889, 0.00111947464757, 0.000550072174519, 0.000268435222097, 0.000559587439056, 0.000417478178861, 0.000273440760793, 0.000477249210235, 0.00014808101696, 0.000156320937094, 7.04175399733e-05, 4.70365666843e-05, 6.65927727823e-05, 0.000109978929686, 6.51395384921e-05, 5.72712997382e-06],
        "dvar": [3.35163144882e-06, 0.00239102193154, 0.000760895665735, 3.25638247887e-05, 1.86772904271e-05, 9.82562482932e-07, 6.61379488065e-07, 5.55618726139e-07, 3.61449820048e-05, 4.08501182392e-06, 2.98021717526e-07, 7.3168888548e-07, 4.13060433857e-06, 7.54242023504e-07, 1.83113627372e-07, 1.08534572973e-06, 5.86416490478e-07, 2.30686239888e-07, 7.98366556864e-07, 7.37764267456e-08, 8.15695386791e-08, 1.3448274494e-08, 6.3380158899e-09, 1.60250817061e-08, 8.44333030159e-08, 2.97252427117e-08, 2.25202870241e-10],
        "dvar2": [4.37972130385e-06, 0.0059261135757, 0.00221911072731, 9.26856519072e-05, 4.94610976602e-05, 2.77360959444e-06, 1.6414012407e-06, 1.41038253787e-06, 0.000105110702862, 1.1871496099e-05, 6.66774326419e-07, 2.04523189495e-06, 1.1999560229e-05, 2.11113660953e-06, 5.05387617977e-07, 3.13822806675e-06, 1.66627978615e-06, 6.50548088288e-07, 2.30321688832e-06, 2.08955384551e-07, 2.32770815956e-07, 3.6105728185e-08, 1.53959298643e-08, 4.20284358427e-08, 2.12354535734e-07, 7.72763897317e-08, 6.15017481387e-10],
        "max": [0.0215127337724, 0.475791037083, 0.250750005245, 0.0435672476888, 0.0506072156131, 0.0119937676936, 0.0122326668352, 0.0098061831668, 0.0520841404796, 0.0143819209188, 0.0100753614679, 0.00842663552612, 0.0129303587601, 0.00604856247082, 0.00447388226166, 0.00734363216907, 0.00592374941334, 0.00356729025953, 0.0055558308959, 0.00229272572324, 0.00192835181952, 0.001518888399, 0.000949143723119, 0.00149906065781, 0.00326783256605, 0.00260001723655, 0.000228678240092],
        "mean": [0.00104686128907, 0.0132911000401, 0.0035730865784, 0.00112907949369, 0.00302005466074, 0.000803954200819, 0.000663059297949, 0.000506112293806, 0.00141487864312, 0.000602290790994, 0.000276239472441, 0.00027177418815, 0.000400412536692, 0.000254257436609, 0.000136317452416, 0.000187648329302, 0.000154256777023, 0.000113108049845, 0.000157240909175, 5.93323566136e-05, 5.76150341658e-05, 3.78933145839e-05, 2.93148259516e-05, 4.05636019423e-05, 6.44790852675e-05, 3.70446905436e-05, 2.07527705243e-06],
        "median": [4.33462190585e-07, 6.38495985186e-05, 0.000589905772358, 0.000128758038045, 0.000833854894154, 0.000308877555653, 0.000220518661081, 0.000168516329722, 0.00020458837389, 0.00010754892719, 4.79349582747e-05, 3.17590784107e-05, 1.75758177647e-05, 1.93994728761e-05, 7.64422475186e-06, 5.49277729078e-06, 4.7275907491e-06, 5.06093510921e-06, 3.54786288881e-06, 2.80346807813e-06, 2.50803941526e-06, 1.83257122899e-06, 1.37118081511e-06, 9.46582986217e-07, 5.80398307193e-07, 3.0243293736e-07, 7.80872755346e-10],
        "min": [1.83078523339e-24, 1.63862281896e-23, 5.37440876751e-24, 5.02786374956e-24, 1.27542510508e-23, 1.49345221756e-23, 2.20393616309e-23, 8.70742616145e-24, 3.08532808591e-23, 3.26314048939e-23, 1.33699175443e-23, 5.43371935355e-23, 4.58998686148e-23, 4.77488512916e-23, 7.54710296219e-23, 5.54507180349e-23, 1.57979203389e-22, 1.03375690412e-22, 1.7083810315e-22, 1.93797943973e-22, 3.10418886663e-22, 3.03206274608e-22, 4.44949104981e-22, 6.40989042133e-22, 1.03077902362e-21, 1.48316270719e-21, 2.01087162625e-21],
        "stdev": [0.00346080795862, 0.0507794097066, 0.0202349387109, 0.00441232603043, 0.00577838066965, 0.00129229493905, 0.00109582848381, 0.000992147135548, 0.00469395518303, 0.00160925474484, 0.000710393185727, 0.000714178779162, 0.00152454350609, 0.000720088602975, 0.000399400189053, 0.000783361901995, 0.000599302409682, 0.000398906355258, 0.000675120914821, 0.000216360916966, 0.000218586574192, 0.000104524406197, 8.2616104919e-05, 0.000121649558423, 0.000296523940051, 0.000160235140356, 1.20251725093e-05],
        "var": [1.19771912068e-05, 0.00257854838856, 0.000409452739405, 1.94686217583e-05, 3.33896823577e-05, 1.67002633589e-06, 1.20084007449e-06, 9.84355892797e-07, 2.20332149183e-05, 2.5897006708e-06, 5.04658487444e-07, 5.10051336278e-07, 2.32423280977e-06, 5.18527599525e-07, 1.59520510579e-07, 6.13655856796e-07, 3.59163379926e-07, 1.59126287258e-07, 4.55788210729e-07, 4.68120440189e-08, 4.77800874421e-08, 1.09253521785e-08, 6.8254206731e-09, 1.47986156662e-08, 8.79264447917e-08, 2.56753018846e-08, 1.44604772601e-10]
    },
    "erbbands": {
        "dmean": [0.365473479033, 2.75016260147, 6.47828722, 5.50672912598, 5.1959233284, 5.58559608459, 4.53681612015, 3.23474526405, 4.38360881805, 8.27734279633, 6.98062086105, 32.8739089966, 47.3672103882, 8.92349147797, 12.2200527191, 12.9578037262, 25.3134727478, 14.3759069443, 13.3821325302, 8.06875801086, 16.9201202393, 13.7499065399, 9.60801696777, 11.8411140442, 11.0368385315, 4.40617704391, 3.31762695312, 2.83589458466, 1.48499631882, 0.798442840576, 0.776309430599, 0.691262543201, 0.775142729282, 0.716349720955, 0.48653498292, 0.234803006053, 0.0552598275244, 0.0105015970767, 0.0003569550463, 3.20007929986e-05],
        "dmean2": [0.576857805252, 4.71512413025, 12.0726280212, 10.1954069138, 8.839594841, 9.00375461578, 7.4311914444, 5.09632968903, 7.02425289154, 13.2837629318, 11.6060905457, 60.8341293335, 87.729850769, 14.8358707428, 20.9295597076, 22.9429206848, 47.2600288391, 25.723115921, 23.7552032471, 14.4408960342, 32.1747779846, 25.2311325073, 17.8165206909, 22.1045646667, 20.7654533386, 8.07968902588, 6.1472196579, 5.23499298096, 2.56492638588, 1.31108462811, 1.30669116974, 1.18044626713, 1.30519080162, 1.16609025002, 0.807105183601, 0.389062911272, 0.0956318750978, 0.0185436233878, 0.000635429285467, 5.25493196619e-05],
        "dvar": [1.93213689327, 152.530914307, 1016.90722656, 616.213012695, 306.104309082, 187.776870728, 148.119613647, 53.1375656128, 105.823387146, 235.1509552, 238.070098877, 11438.5224609, 24826.6816406, 434.393829346, 1135.06945801, 1464.77294922, 7395.46337891, 1808.48046875, 1544.19177246, 543.661987305, 3639.4921875, 2178.98486328, 1051.92724609, 1612.63781738, 1581.38220215, 222.505996704, 129.637329102, 85.9391555786, 19.0063610077, 4.83453178406, 5.16636276245, 4.82390260696, 6.7468290329, 9.89516925812, 4.76933002472, 1.25122499466, 0.0542979799211, 0.00231415708549, 2.54679798672e-06, 7.69562458203e-09],
        "dvar2": [4.38498067856, 397.137878418, 2920.29907227, 1760.8260498, 859.279846191, 456.744720459, 351.44744873, 146.124725342, 257.491851807, 613.860412598, 608.322937012, 33188.625, 72312.984375, 1189.15515137, 3100.45703125, 4145.87353516, 21504.9804688, 5108.58837891, 4314.18945312, 1546.09570312, 10537.265625, 6177.33544922, 2996.59375, 4640.85009766, 4561.34814453, 636.248779297, 370.711791992, 242.409957886, 51.3419570923, 12.0260658264, 12.5159749985, 12.535943985, 17.3855361938, 24.5584506989, 12.1414327621, 3.16666007042, 0.143464714289, 0.00628149369732, 6.92344428899e-06, 1.92331999216e-08],
        "max": [14.5072660446, 117.339286804, 306.637145996, 207.949645996, 195.040466309, 178.124328613, 209.341781616, 101.541221619, 200.291870117, 167.553771973, 223.353973389, 766.273742676, 1379.75866699, 153.711257935, 359.799499512, 291.474914551, 552.624328613, 296.405456543, 325.440307617, 209.895675659, 402.237731934, 396.135559082, 211.337265015, 243.303436279, 275.063446045, 121.368415833, 79.4630279541, 62.8409423828, 58.2012939453, 34.789516449, 27.8747806549, 25.1137142181, 30.2343864441, 45.4719429016, 29.4947566986, 17.6438541412, 3.07306885719, 0.649682343006, 0.0236828085035, 0.000780065602157],
        "mean": [0.498768299818, 2.48931360245, 4.28407335281, 4.32528066635, 6.81625509262, 10.2548742294, 8.86413097382, 6.39450645447, 6.6277346611, 13.8254060745, 10.6074790955, 25.6024723053, 36.4258918762, 11.3111248016, 12.3110074997, 11.3168401718, 17.3209686279, 12.0741672516, 10.9171133041, 6.97979736328, 10.5931768417, 9.53621578217, 6.79348993301, 7.96304988861, 6.80650186539, 3.09350085258, 2.2375202179, 2.07067775726, 1.34207499027, 0.962454378605, 0.79513335228, 0.654229283333, 0.830866932869, 0.674291849136, 0.470732539892, 0.238002672791, 0.0498607233167, 0.00768811022863, 0.000261735724052, 3.8997928641e-05],
        "median": [0.000407814368373, 0.0288319401443, 0.55717754364, 0.806453466415, 1.26855814457, 2.9505007267, 2.75047183037, 2.68583321571, 2.30123138428, 5.33974313736, 3.72920775414, 4.2327375412, 5.13441038132, 3.11759543419, 2.43759250641, 1.19802439213, 0.926635205746, 0.93829035759, 0.614707529545, 0.381012111902, 0.29980224371, 0.307337462902, 0.284243375063, 0.297538489103, 0.170924261212, 0.138409659266, 0.0703746750951, 0.0998322889209, 0.0761961266398, 0.0527101159096, 0.0316769815981, 0.0183449573815, 0.015630023554, 0.00652860663831, 0.00363660347648, 0.00176552089397, 0.000414569978602, 3.16811019729e-05, 4.86835870106e-06, 7.86859163782e-06],
        "min": [3.47133659638e-22, 2.07439550261e-21, 6.75424554878e-21, 1.01972725652e-20, 2.17586257373e-20, 5.18488117058e-20, 4.14912664346e-20, 1.60979699885e-19, 2.80121250622e-19, 3.49512320685e-19, 2.47946949173e-19, 5.87865835909e-19, 8.30568951137e-19, 1.01934666297e-18, 7.20350598333e-19, 1.92705186059e-18, 2.0686418136e-18, 2.4301362849e-18, 3.2959443709e-18, 4.21604197487e-18, 4.13766619824e-18, 8.41628397286e-18, 4.7031814589e-18, 9.14364042909e-18, 9.64538916351e-18, 9.64873759063e-18, 1.14572290336e-17, 1.26330613113e-17, 1.09986285215e-17, 1.10156527257e-17, 1.34834112528e-17, 1.52700700907e-17, 1.06433445222e-17, 1.19284357783e-17, 7.40500604318e-18, 4.72775368618e-18, 2.68237157101e-18, 1.07574786964e-18, 2.84317796364e-19, 2.73688796911e-20],
        "stdev": [1.74334347248, 11.1151971817, 24.02734375, 18.8478927612, 18.3621139526, 19.2868175507, 19.024848938, 10.2319602966, 13.0351572037, 20.790517807, 19.1495952606, 82.5352783203, 122.321243286, 21.8612575531, 31.3939800262, 31.0887241364, 64.5383605957, 34.8959922791, 33.1700286865, 20.5152816772, 45.0483818054, 36.8206520081, 25.7229003906, 30.9958019257, 29.9669284821, 11.5892734528, 8.708984375, 7.24745750427, 3.86047697067, 2.37233352661, 2.33032846451, 2.04376292229, 2.60048079491, 3.15990328789, 2.20672297478, 1.0763875246, 0.211873948574, 0.0393524877727, 0.0012948323274, 9.00906161405e-05],
        "var": [3.03924655914, 123.547615051, 577.313232422, 355.24307251, 337.167205811, 371.98135376, 361.944885254, 104.693008423, 169.915313721, 432.245635986, 366.706970215, 6812.07275391, 14962.4873047, 477.914581299, 985.581970215, 966.508789062, 4165.19970703, 1217.73022461, 1100.25073242, 420.876800537, 2029.35668945, 1355.76049805, 661.667602539, 960.739685059, 898.016845703, 134.311248779, 75.8464050293, 52.5256385803, 14.9032831192, 5.6279668808, 5.43043088913, 4.17696714401, 6.7625002861, 9.98498821259, 4.86962604523, 1.15861022472, 0.0448905713856, 0.00154861842748, 1.6765906139e-06, 8.1163191723e-09]
    },
    "gfcc": {
        "mean": [-143.417709351, 149.016983032, -103.478927612, -1.55116951466, -57.9896087646, 3.86807727814, -30.248966217, 0.153588622808, -20.2809925079, -7.84481573105, -16.9359455109, -7.50616884232, -8.86769390106],
        "cov": [[25757.2695312, -5905.52050781, 569.631958008, 3363.87304688, -1363.1204834, 1609.55419922, -1259.06225586, 1431.90966797, -1334.73754883, 772.477111816, -717.107788086, 785.989562988, -817.967956543], [-5905.52050781, 5844.07128906, -47.5059509277, -1982.91308594, 1056.86572266, -890.407592773, 544.047546387, -1042.57275391, 531.308166504, -605.372253418, 276.364868164, -570.036743164, 290.867492676], [569.631958008, -47.5059509277, 3041.23583984, 563.098449707, 77.5497436523, 376.38583374, -34.0446090698, 413.80380249, -126.28339386, 356.411254883, 111.538871765, 332.008453369, 31.9867210388], [3363.87304688, -1982.91308594, 563.098449707, 1545.06066895, -373.006713867, 323.536956787, -194.970550537, 396.263702393, -225.986328125, 195.164382935, -73.2833099365, 270.914489746, -84.8100967407], [-1363.1204834, 1056.86572266, 77.5497436523, -373.006713867, 574.758056641, -150.935379028, 147.440307617, -138.43888855, 128.734100342, -83.7092132568, 48.3884239197, -89.7144775391, 95.0397338867], [1609.55419922, -890.407592773, 376.38583374, 323.536956787, -150.935379028, 465.455535889, -78.6198730469, 181.330368042, -159.456390381, 154.486343384, -46.8633460999, 109.584762573, -43.0237808228], [-1259.06225586, 544.047546387, -34.0446090698, -194.970550537, 147.440307617, -78.6198730469, 371.487335205, 0.561856985092, 127.334159851, -0.392269283533, 67.6160430908, -41.8121376038, 109.522224426], [1431.90966797, -1042.57275391, 413.80380249, 396.263702393, -138.43888855, 181.330368042, 0.561856985092, 459.610473633, -54.2505607605, 207.56552124, -8.2182636261, 174.606567383, -6.11531305313], [-1334.73754883, 531.308166504, -126.28339386, -225.986328125, 128.734100342, -159.456390381, 127.334159851, -54.2505607605, 249.357681274, -16.1538276672, 59.3099403381, -54.9657554626, 72.2791671753], [772.477111816, -605.372253418, 356.411254883, 195.164382935, -83.7092132568, 154.486343384, -0.392269283533, 207.56552124, -16.1538276672, 252.700302124, 33.8564224243, 100.834182739, -16.7407264709], [-717.107788086, 276.364868164, 111.538871765, -73.2833099365, 48.3884239197, -46.8633460999, 67.6160430908, -8.2182636261, 59.3099403381, 33.8564224243, 171.253463745, 24.4089603424, 64.739112854], [785.989562988, -570.036743164, 332.008453369, 270.914489746, -89.7144775391, 109.584762573, -41.8121376038, 174.606567383, -54.9657554626, 100.834182739, 24.4089603424, 212.537322998, 36.8530845642], [-817.967956543, 290.867492676, 31.9867210388, -84.8100967407, 95.0397338867, -43.0237808228, 109.522224426, -6.11531305313, 72.2791671753, -16.7407264709, 64.739112854, 36.8530845642, 193.735626221]],
        "icov": [[0.000135412439704, -0.000272837496595, 0.000214348139707, -0.000274759426247, 5.15094543516e-05, -0.000276230450254, 0.000310081290081, -0.000464772252599, 0.000403938931413, -0.00044033647282, 0.000405321625294, -0.000395365583245, 0.000300116924336], [-0.000272837496595, 0.00163303210866, -0.000966271909419, 0.00112255418207, -0.000574475387111, 0.00115079863463, -0.00120789103676, 0.0020789958071, -0.00117599777877, 0.00200809258968, -0.00152147200424, 0.00175653141923, -0.000880374747794], [0.000214348139707, -0.000966271909419, 0.00108547904529, -0.000776882399805, -1.67340874668e-06, -0.000901371706277, 0.000807713717222, -0.00137104187161, 0.000946924265008, -0.00159984093625, 0.000732163025532, -0.00154089566786, 0.00069410080323], [-0.000274759426247, 0.00112255418207, -0.000776882399805, 0.00193995784502, -2.66096903943e-05, 0.000746389909182, -0.000788371486124, 0.00106836494524, -0.000730728788767, 0.00158276769798, -0.000975464645308, 0.000613378186245, -0.000591026619077], [5.15094543516e-05, -0.000574475387111, -1.67340874668e-06, -2.66096903943e-05, 0.00279902410693, -0.000135911584948, -5.01594950038e-05, -0.000442038959591, -0.000138085903018, -0.000264377740677, 0.000586112320889, 1.76400244527e-05, -0.000490819104016], [-0.000276230450254, 0.00115079863463, -0.000901371706277, 0.000746389909182, -0.000135911584948, 0.00469011301175, -0.00102248822805, 0.00150101992767, 0.000881361716893, -0.0003505370114, -0.000277039333014, 0.00128830876201, -0.00119643274229], [0.000310081290081, -0.00120789103676, 0.000807713717222, -0.000788371486124, -5.01594950038e-05, -0.00102248822805, 0.00506365764886, -0.00249869003892, 0.00013015588047, -0.00179507804569, 0.000668260559905, -0.000123054356663, -0.000903286505491], [-0.000464772252599, 0.0020789958071, -0.00137104187161, 0.00106836494524, -0.000442038959591, 0.00150101992767, -0.00249869003892, 0.0075546070002, -0.00190746132284, 9.41212274483e-05, -0.00101073784754, 0.000196942739422, -0.00116831599735], [0.000403938931413, -0.00117599777877, 0.000946924265008, -0.000730728788767, -0.000138085903018, 0.000881361716893, 0.00013015588047, -0.00190746132284, 0.00827271305025, -0.00327179371379, 0.000804096926004, -0.000441968179075, -0.000429222738603], [-0.00044033647282, 0.00200809258968, -0.00159984093625, 0.00158276769798, -0.000264377740677, -0.0003505370114, -0.00179507804569, 9.41212274483e-05, -0.00327179371379, 0.0109646329656, -0.00406990293413, 0.00148479873314, 0.000398278614739], [0.000405321625294, -0.00152147200424, 0.000732163025532, -0.000975464645308, 0.000586112320889, -0.000277039333014, 0.000668260559905, -0.00101073784754, 0.000804096926004, -0.00406990293413, 0.00974195543677, -0.0029954300262, -0.000648320419714], [-0.000395365583245, 0.00175653141923, -0.00154089566786, 0.000613378186245, 1.76400244527e-05, 0.00128830876201, -0.000123054356663, 0.000196942739422, -0.000441968179075, 0.00148479873314, -0.0029954300262, 0.0119505301118, -0.00440942728892], [0.000300116924336, -0.000880374747794, 0.00069410080323, -0.000591026619077, -0.000490819104016, -0.00119643274229, -0.000903286505491, -0.00116831599735, -0.000429222738603, 0.000398278614739, -0.000648320419714, -0.00440942728892, 0.00907604396343]]
    },
    "melbands": {
        "dmean": [0.00322684273124, 0.0033028468024, 0.000921323546208, 0.000384269980714, 0.000173722946784, 7.45596553315e-05, 6.95249982527e-05, 8.85866902536e-05, 5.43368551007e-05, 0.000258801912423, 0.000236008374486, 3.31356568495e-05, 3.68616092601e-05, 3.26744775521e-05, 6.45477557555e-05, 4.02129990107e-05, 2.66444931185e-05, 2.50941029662e-05, 9.19019748835e-06, 1.57092654263e-05, 1.93334708456e-05, 1.31142805913e-05, 1.16634018923e-05, 6.73512658977e-06, 1.00134393506e-05, 9.10640392249e-06, 5.14066687174e-06, 2.19168464355e-06, 1.75316233708e-06, 2.81217489828e-06, 1.26822828861e-06, 9.47876685586e-07, 5.63740570669e-07, 4.2510333742e-07, 4.34393598425e-07, 5.09248081926e-07, 4.07880946796e-07, 5.2450189969e-07, 6.70070221531e-07, 5.76822174025e-07],
        "dmean2": [0.00508679170161, 0.00588289136067, 0.00167771778069, 0.000619084108621, 0.00028232333716, 0.000118219635624, 0.00011202571477, 0.000144318226376, 8.99797523743e-05, 0.000480134855025, 0.0004366170906, 5.39753054909e-05, 6.12005387666e-05, 5.67423121538e-05, 0.000119367716252, 7.48436505091e-05, 4.77194007544e-05, 4.47235142929e-05, 1.57398862939e-05, 2.92113290925e-05, 3.68517758034e-05, 2.38188495132e-05, 2.1839305191e-05, 1.22679421111e-05, 1.87193836609e-05, 1.71509946085e-05, 9.5346940725e-06, 3.976078915e-06, 3.21974766848e-06, 5.26580333826e-06, 2.29521492656e-06, 1.66377947153e-06, 9.38482344282e-07, 6.958256904e-07, 7.17571538189e-07, 8.78448986441e-07, 6.99468500898e-07, 9.04101341348e-07, 1.07489927359e-06, 9.59331146078e-07],
        "dvar": [0.000160694820806, 0.000228822711506, 1.45856820382e-05, 1.1280714034e-06, 1.98424785935e-07, 2.80033898292e-08, 2.30564634052e-08, 2.72890030573e-08, 1.42735352426e-08, 7.40253142339e-07, 6.12533256117e-07, 5.11106934553e-09, 8.74042527244e-09, 8.85656614713e-09, 4.52150210606e-08, 1.77579551064e-08, 6.08699046722e-09, 5.40565281426e-09, 5.84205794851e-10, 2.78545231325e-09, 4.70762007154e-09, 1.9048014277e-09, 1.64995128671e-09, 4.53289267233e-10, 1.1661047683e-09, 1.06194386618e-09, 3.24497345661e-10, 5.15053139027e-11, 3.55213358727e-11, 9.51478340561e-11, 1.54933340463e-11, 8.08444717421e-12, 2.87795460206e-12, 1.25975217671e-12, 1.55598103846e-12, 2.54447786625e-12, 1.76856966572e-12, 3.04343160916e-12, 6.40828362597e-12, 7.3217872737e-12],
        "dvar2": [0.000387215026421, 0.00062491663266, 4.14049209212e-05, 3.00790293295e-06, 4.63306122356e-07, 7.7949415811e-08, 5.81061989635e-08, 7.30861771103e-08, 3.67705723647e-08, 2.15096247302e-06, 1.78563914233e-06, 1.35734774531e-08, 2.15323154862e-08, 2.47142217802e-08, 1.30583359237e-07, 5.15734512874e-08, 1.7130766139e-08, 1.51364467627e-08, 1.56646096094e-09, 8.00368216147e-09, 1.36476101531e-08, 5.33889243926e-09, 4.74435379871e-09, 1.26977572901e-09, 3.36418781721e-09, 3.06126479721e-09, 9.29616383871e-10, 1.46194334416e-10, 1.01233139926e-10, 2.72888628361e-10, 4.32926437754e-11, 2.20835606746e-11, 7.39086049306e-12, 3.04929605871e-12, 3.73044824198e-12, 6.3424747225e-12, 4.72352452291e-12, 8.2295992937e-12, 1.54820514048e-11, 1.85911772088e-11],
        "max": [0.131031394005, 0.141978591681, 0.0325191468, 0.012548007071, 0.00728733604774, 0.00224106479436, 0.00266119488515, 0.00168780877721, 0.00153036729898, 0.00675907731056, 0.0069389580749, 0.000578913022764, 0.00158781313803, 0.000947150459979, 0.00132792594377, 0.000852164695971, 0.000520073983353, 0.000602608371992, 0.00024359478266, 0.000430898740888, 0.000447762664407, 0.000454408233054, 0.000271998142125, 0.00017343412037, 0.000213335326407, 0.000222537564696, 0.000139996933285, 5.91407297179e-05, 4.4632852223e-05, 6.37986231595e-05, 2.91090636892e-05, 2.95868812827e-05, 3.35891927534e-05, 1.53703404067e-05, 1.98011657631e-05, 1.78861100721e-05, 1.54015124281e-05, 2.263528404e-05, 4.00724275096e-05, 3.57211683877e-05],
        "mean": [0.00401687668636, 0.00252972217277, 0.000803328701295, 0.000647631066386, 0.000352154544089, 0.000145509809954, 0.000105511986476, 0.000148423685459, 8.12770231278e-05, 0.000193371713976, 0.000182748946827, 4.50824882137e-05, 4.16116090491e-05, 2.9059667213e-05, 4.57894275314e-05, 2.91185569949e-05, 2.22517810471e-05, 1.99587284442e-05, 8.83916254679e-06, 1.09373395389e-05, 1.18121424748e-05, 9.31663635129e-06, 7.69297093939e-06, 5.18217666468e-06, 6.6478064582e-06, 5.62043715036e-06, 3.31637420459e-06, 1.62452226959e-06, 1.20408867588e-06, 1.80046174592e-06, 9.82123310678e-07, 7.91586671767e-07, 6.26323640063e-07, 5.07354457113e-07, 4.51387222711e-07, 4.49107744771e-07, 3.7773432382e-07, 5.34849959877e-07, 6.99343786437e-07, 5.08087111939e-07],
        "median": [9.15031614568e-06, 0.000218399713049, 0.00016055892047, 0.000201297138119, 0.000106639272417, 5.89802839386e-05, 3.84950217267e-05, 5.96137251705e-05, 2.88559531327e-05, 2.54579663306e-05, 2.62311696133e-05, 1.3152948668e-05, 8.21941284812e-06, 3.39013104167e-06, 2.41585576077e-06, 1.7149704945e-06, 1.66586744399e-06, 9.74568706624e-07, 5.13532199875e-07, 4.03915976221e-07, 2.90206742193e-07, 3.12132755198e-07, 1.73054587549e-07, 2.3362848367e-07, 2.19414985736e-07, 1.15018863767e-07, 1.06299225422e-07, 7.78342723606e-08, 3.50260549453e-08, 4.2882657425e-08, 5.29915133995e-08, 3.19605426569e-08, 3.4625834644e-08, 2.48464253616e-08, 1.71047371822e-08, 9.16169984322e-09, 8.21669488005e-09, 1.06186650584e-08, 6.70415722936e-09, 3.46258866024e-09],
        "min": [3.90815970829e-24, 3.30428057167e-24, 3.39538868141e-24, 3.35712379991e-24, 1.42109781645e-24, 4.15071668727e-24, 4.98400229437e-24, 3.25879682403e-24, 2.27705035558e-24, 4.03971449158e-24, 4.07673100069e-24, 3.6357593324e-24, 1.98427350529e-24, 4.09549800163e-24, 6.09432125746e-24, 3.29542896067e-24, 4.62717802441e-24, 4.82553315472e-24, 5.12177448489e-24, 5.04055376052e-24, 3.93391996115e-24, 8.71829114269e-24, 6.2519975919e-24, 4.48589421957e-24, 7.03177515823e-24, 6.2697059415e-24, 6.45846536776e-24, 6.39749233625e-24, 5.68829849385e-24, 5.49557819698e-24, 5.80243088961e-24, 5.76599261554e-24, 6.54351680069e-24, 5.25687795896e-24, 7.92788564782e-24, 6.11975058317e-24, 8.12185786694e-24, 6.94852824462e-24, 7.96490767896e-24, 9.25277201611e-24],
        "stdev": [0.0144102917984, 0.0123643828556, 0.00297433813103, 0.00132093310822, 0.000728512590285, 0.000230413832469, 0.0001891777938, 0.000224974588491, 0.00014531207853, 0.00066401535878, 0.00060804648092, 8.10294295661e-05, 0.000107327614387, 7.80770787969e-05, 0.000161975942319, 0.00010164509149, 6.42105733277e-05, 6.13767915638e-05, 2.45438550337e-05, 4.09573040088e-05, 5.10539066454e-05, 3.52902097802e-05, 3.11449002766e-05, 1.7965950974e-05, 2.62226549239e-05, 2.46354939009e-05, 1.38124150908e-05, 5.7253732848e-06, 4.60807905256e-06, 7.37415166441e-06, 3.16719797411e-06, 2.43617614615e-06, 1.69933059624e-06, 1.26476061268e-06, 1.30894136419e-06, 1.51179699515e-06, 1.20654169677e-06, 1.6199694528e-06, 2.72477268481e-06, 2.61314562522e-06],
        "var": [0.000207656499697, 0.000152877968503, 8.84668770595e-06, 1.74486422111e-06, 5.30730630999e-07, 5.30905310825e-08, 3.57882399271e-08, 5.06135684475e-08, 2.11155999352e-08, 4.4091638074e-07, 3.69720538629e-07, 6.56576837343e-09, 1.15192175798e-08, 6.09602990309e-09, 2.62362078729e-08, 1.0331724809e-08, 4.12299749897e-09, 3.76711017935e-09, 6.02400851424e-10, 1.67750069391e-09, 2.60650145911e-09, 1.24539900614e-09, 9.70004854217e-10, 3.22775361994e-10, 6.87627677021e-10, 6.06907524237e-10, 1.90782820098e-10, 3.27798968525e-11, 2.12343944511e-11, 5.4378109654e-11, 1.00311425832e-11, 5.93495435089e-12, 2.88772434784e-12, 1.59961930854e-12, 1.71332761346e-12, 2.28553005514e-12, 1.45574275291e-12, 2.62430095016e-12, 7.42438662632e-12, 6.82852949532e-12]
    },
    "melbands128": {
