{
"lowlevel": {
    "average_loudness": 0.940404355526,
    "barkbands_crest": {
        "dmean": 2.44618058205,
        "dmean2": 3.91316771507,
        "dvar": 7.47029209137,
        "dvar2": 16.6608104706,
        "max": 26.1974315643,
        "mean": 11.4343252182,
        "median": 11.6167783737,
        "min": 2.64059352875,
        "stdev": 4.40895986557,
        "var": 19.4389286041
    },
    "barkbands_flatness_db": {
        "dmean": 0.0512745566666,
        "dmean2": 0.071263641119,
        "dvar": 0.00297727505676,
        "dvar2": 0.00540184415877,
        "max": 0.61002856493,
        "mean": 0.227920919657,
        "median": 0.213369756937,
        "min": 0.0272250790149,
        "stdev": 0.109684303403,
        "var": 0.0120306462049
    },
    "barkbands_kurtosis": {
        "dmean": 18.5039100647,
        "dmean2": 29.1949653625,
        "dvar": 920.766845703,
        "dvar2": 2233.39501953,
        "max": 381.456420898,
        "mean": 26.6842193604,
        "median": 9.44505786896,
        "min": -1.93834364414,
        "stdev": 42.7702064514,
        "var": 1829.29064941
    },
    "barkbands_skewness": {
        "dmean": 1.39137458801,
        "dmean2": 2.10414218903,
        "dvar": 2.19278788567,
        "dvar2": 4.94227838516,
        "max": 14.3280410767,
        "mean": 3.25304293633,
        "median": 2.58699941635,
        "min": -4.27919769287,
        "stdev": 2.98495459557,
        "var": 8.90995407104
    },
    "barkbands_spread": {
        "dmean": 9.94990634918,
        "dmean2": 15.5180845261,
        "dvar": 244.494125366,
        "dvar2": 541.410217285,
        "max": 126.272346497,
        "mean": 19.6414337158,
        "median": 10.7598552704,
        "min": 0.300053149462,
        "stdev": 23.4757328033,
        "var": 551.110046387
    },
    "dissonance": {
        "dmean": 0.0388243384659,
        "dmean2": 0.0605561174452,
        "dvar": 0.00170892162714,
        "dvar2": 0.00376646104269,
        "max": 0.499999970198,
        "mean": 0.425467997789,
        "median": 0.44756180048,
        "min": 0.106452770531,
        "stdev": 0.0696187615395,
        "var": 0.00484677171335
    },
    "dynamic_complexity": 2.51884961128,
    "erbbands_crest": {
        "dmean": 2.89060091972,
        "dmean2": 4.75972652435,
        "dvar": 6.81240797043,
        "dvar2": 16.5489311218,
        "max": 26.4072227478,
        "mean": 9.07499790192,
        "median": 8.23140907288,
        "min": 2.7141084671,
        "stdev": 4.02361345291,
        "var": 16.1894645691
    },
    "erbbands_flatness_db": {
        "dmean": 0.0326436944306,
        "dmean2": 0.0474145561457,
        "dvar": 0.00101603171788,
        "dvar2": 0.00188208010513,
        "max": 0.379967570305,
        "mean": 0.156851619482,
        "median": 0.141349002719,
        "min": 0.0431872829795,
        "stdev": 0.0636006295681,
        "var": 0.00404503988102
    },
    "erbbands_kurtosis": {
        "dmean": 3.07842826843,
        "dmean2": 4.87533330917,
        "dvar": 22.6913070679,
        "dvar2": 50.513217926,
        "max": 69.1938018799,
        "mean": 2.67246389389,
        "median": 0.319595813751,
        "min": -1.92371356487,
        "stdev": 6.48078489304,
        "var": 42.0005722046
    },
    "erbbands_skewness": {
        "dmean": 0.790029644966,
        "dmean2": 1.18641996384,
        "dvar": 0.612059533596,
        "dvar2": 1.2055606842,
        "max": 6.08006191254,
        "mean": 0.484092712402,
        "median": 0.373793065548,
        "min": -5.06210231781,
        "stdev": 1.339610219,
        "var": 1.79455542564
    },
    "erbbands_spread": {
        "dmean": 22.1284999847,
        "dmean2": 33.8619117737,
        "dvar": 598.630432129,
        "dvar2": 1246.26220703,
        "max": 186.7474823,
        "mean": 53.9777336121,
        "median": 44.7099380493,
        "min": 2.51106524467,
        "stdev": 40.138835907,
        "var": 1611.1262207
    },
    "hfc": {
        "dmean": 14.7529973984,
        "dmean2": 22.203245163,
        "dvar": 478.383789062,
        "dvar2": 1127.13830566,
        "max": 236.980529785,
        "mean": 28.7677707672,
        "median": 18.7308712006,
        "min": 1.1939117327e-16,
        "stdev": 28.8008117676,
        "var": 829.486755371
    },
    "loudness_ebu128": {
        "integrated": -11.1028175354,
        "loudness_range": 1.51116943359,
        "momentary": {
            "dmean": 1.03505682945,
            "dmean2": 1.4974565506,
            "dvar": 1.1453139782,
            "dvar2": 1.83353662491,
            "max": -7.89904212952,
            "mean": -11.6014566422,
            "median": -11.6922521591,
            "min": -20.370677948,
            "stdev": 2.13863158226,
            "var": 4.57374477386
        },
        "short_term": {
            "dmean": 0.0869024395943,
            "dmean2": 0.0985362678766,
            "dvar": 0.0107850572094,
            "dvar2": 0.0137524837628,
            "max": -10.2360696793,
            "mean": -11.1512784958,
            "median": -11.105471611,
            "min": -12.650094986,
            "stdev": 0.525749862194,
            "var": 0.276412934065
        }
    },
    "melbands_crest": {
        "dmean": 3.84608411789,
        "dmean2": 5.92871379852,
        "dvar": 16.6336898804,
        "dvar2": 36.2189903259,
        "max": 38.7789077759,
        "mean": 22.6653785706,
        "median": 21.7527389526,
        "min": 1.99924910069,
        "stdev": 10.5448493958,
        "var": 111.193847656
    },
    "melbands_flatness_db": {
        "dmean": 0.0612380616367,
        "dmean2": 0.0843513011932,
        "dvar": 0.00416663428769,
        "dvar2": 0.00749897677451,
        "max": 0.757626116276,
        "mean": 0.315376073122,
        "median": 0.306198328733,
        "min": 0.0043997685425,
        "stdev": 0.134501680732,
        "var": 0.0180907025933
    },
    "melbands_kurtosis": {
        "dmean": 75.1075057983,
        "dmean2": 114.396835327,
        "dvar": 31533.3554688,
        "dvar2": 66927.4296875,
        "max": 3350.2277832,
        "mean": 104.062042236,
        "median": 26.6731567383,
        "min": -1.87047827244,
        "stdev": 227.536651611,
        "var": 51772.9296875
    },
    "melbands_skewness": {
        "dmean": 2.47493004799,
        "dmean2": 3.65005898476,
        "dvar": 10.8813419342,
        "dvar2": 22.5326118469,
        "max": 46.437461853,
        "mean": 6.05874919891,
        "median": 4.07224655151,
        "min": -1.51534628868,
        "stdev": 6.08244562149,
        "var": 36.9961433411
    },
    "melbands_spread": {
        "dmean": 10.9736022949,
        "dmean2": 16.7793369293,
        "dvar": 574.51348877,
        "dvar2": 1165.64599609,
        "max": 255.946228027,
        "mean": 19.0589141846,
        "median": 7.56398677826,
        "min": 0.100667856634,
        "stdev": 32.8311347961,
        "var": 1077.88342285
    },
    "pitch_salience": {
        "dmean": 0.086816444993,
        "dmean2": 0.138933062553,
        "dvar": 0.00755443796515,
        "dvar2": 0.0179496128112,
        "max": 0.880156874657,
        "mean": 0.450422793627,
        "median": 0.479780644178,
        "min": 0.062593780458,
        "stdev": 0.20610678196,
        "var": 0.042480006814
    },
    "silence_rate_20dB": {
        "dmean": 0.0479876175523,
        "dmean2": 0.0960495769978,
        "dvar": 0.045685376972,
        "dvar2": 0.10696323961,
        "max": 1,
        "mean": 0.945862352848,
        "median": 1,
        "min": 0,
        "stdev": 0.22628775239,
        "var": 0.0512061491609
    },
    "silence_rate_30dB": {
        "dmean": 0.0479876175523,
        "dmean2": 0.095274977386,
        "dvar": 0.0456852279603,
        "dvar2": 0.0908463150263,
        "max": 1,
        "mean": 0.680587768555,
        "median": 1,
        "min": 0,
        "stdev": 0.466247111559,
        "var": 0.217386379838
    },
    "silence_rate_60dB": {
        "dmean": 0.0255417954177,
        "dmean2": 0.0503485687077,
        "dvar": 0.0248893704265,
        "dvar2": 0.055560387671,
        "max": 1,
        "mean": 0.0363495759666,
        "median": 0,
        "min": 0,
        "stdev": 0.187158763409,
        "var": 0.0350284017622
    },
    "spectral_centroid": {
        "dmean": 481.661224365,
        "dmean2": 715.566772461,
        "dvar": 479810.6875,
        "dvar2": 809409.625,
        "max": 10803.6738281,
        "mean": 1229.68188477,
        "median": 947.010986328,
        "min": 122.986289978,
        "stdev": 1033.95703125,
        "var": 1069067.25
    },
    "spectral_complexity": {
        "dmean": 4.51006174088,
        "dmean2": 6.53059625626,
        "dvar": 31.0564079285,
        "dvar2": 51.4757652283,
        "max": 54,
        "mean": 12.5251350403,
        "median": 10,
        "min": 0,
        "stdev": 9.18328952789,
        "var": 84.3328094482
    },
    "spectral_decrease": {
        "dmean": 7.1507577637e-09,
        "dmean2": 1.10978497503e-08,
        "dvar": 2.02760695506e-16,
        "dvar2": 4.34805093473e-16,
        "max": -5.52712523607e-29,
        "mean": -2.5563492656e-08,
        "median": -1.16620757495e-08,
        "min": -1.45853064737e-07,
        "stdev": 2.96970465996e-08,
        "var": 8.81914611055e-16
    },
    "spectral_energy": {
        "dmean": 0.0276127327234,
        "dmean2": 0.0428868830204,
        "dvar": 0.00292650936171,
        "dvar2": 0.00623094756156,
        "max": 0.55473202467,
        "mean": 0.0990919470787,
        "median": 0.0469427965581,
        "min": 1.10377357274e-20,
        "stdev": 0.112797386944,
        "var": 0.0127232512459
    },
    "spectral_energyband_high": {
        "dmean": 0.00126563233789,
        "dmean2": 0.00194076437037,
        "dvar": 4.96552547702e-06,
        "dvar2": 1.18086209113e-05,
        "max": 0.0225484911352,
        "mean": 0.0019531303551,
        "median": 0.000578465173021,
        "min": 8.0065452974e-21,
        "stdev": 0.00285871373489,
        "var": 8.1722446339e-06
    },
    "spectral_energyband_low": {
        "dmean": 0.0224978812039,
        "dmean2": 0.0352589003742,
        "dvar": 0.00285811442882,
        "dvar2": 0.00644901534542,
        "max": 0.53426361084,
        "mean": 0.0801527351141,
        "median": 0.0263866800815,
        "min": 9.03138262068e-23,
        "stdev": 0.106915421784,
        "var": 0.0114309070632
    },
    "spectral_energyband_middle_high": {
        "dmean": 0.00226219184697,
        "dmean2": 0.00343591487035,
        "dvar": 1.71230294654e-05,
        "dvar2": 3.37817218679e-05,
        "max": 0.0483782105148,
        "mean": 0.00336703937501,
        "median": 0.00131423398852,
        "min": 1.68740260732e-21,
        "stdev": 0.00556549429893,
        "var": 3.09747265419e-05
    },
    "spectral_energyband_middle_low": {
        "dmean": 0.0076188123785,
        "dmean2": 0.0118800690398,
        "dvar": 0.000196080349269,
        "dvar2": 0.000509909179527,
        "max": 0.166118502617,
        "mean": 0.0119213983417,
        "median": 0.00760430842638,
        "min": 2.31485388756e-22,
        "stdev": 0.0145264361054,
        "var": 0.000211017337278
    },
    "spectral_entropy": {
        "dmean": 0.414702564478,
        "dmean2": 0.575666964054,
        "dvar": 0.194520607591,
        "dvar2": 0.338655680418,
        "max": 9.78943252563,
        "mean": 7.40595006943,
        "median": 7.56727218628,
        "min": 4.56888961792,
        "stdev": 0.859378516674,
        "var": 0.738531470299
    },
    "spectral_flux": {
        "dmean": 0.0441525578499,
        "dmean2": 0.0663693323731,
        "dvar": 0.00372703303583,
        "dvar2": 0.00689893681556,
        "max": 0.613142073154,
        "mean": 0.127101093531,
        "median": 0.105047278106,
        "min": 1.05060626865e-10,
        "stdev": 0.0945133343339,
        "var": 0.00893277022988
    },
    "spectral_kurtosis": {
        "dmean": 4.33004236221,
        "dmean2": 6.39175510406,
        "dvar": 55.673034668,
        "dvar2": 124.118804932,
        "max": 95.4869003296,
        "mean": 6.42776918411,
        "median": 2.92575025558,
        "min": -1.24206471443,
        "stdev": 10.1306819916,
        "var": 102.630714417
    },
    "spectral_rms": {
        "dmean": 0.00132330867928,
        "dmean2": 0.00195566168986,
        "dvar": 3.73892021344e-06,
        "dvar2": 7.0278720159e-06,
        "max": 0.0232637487352,
        "mean": 0.00836163014174,
        "median": 0.00676741078496,
        "min": 3.28154278924e-12,
        "stdev": 0.0051728412509,
        "var": 2.67582854576e-05
    },
    "spectral_rolloff": {
        "dmean": 823.32989502,
        "dmean2": 1416.68994141,
        "dvar": 3995630.25,
        "dvar2": 8295135.5,
        "max": 18540.0878906,
        "mean": 1401.14099121,
        "median": 279.931640625,
        "min": 43.06640625,
        "stdev": 2696.84399414,
        "var": 7272967.5
    },
    "spectral_skewness": {
        "dmean": 0.581991255283,
        "dmean2": 0.79361218214,
        "dvar": 0.457116365433,
        "dvar2": 0.874005377293,
        "max": 8.30953598022,
        "mean": 1.83736896515,
        "median": 1.54286515713,
        "min": -0.199143767357,
        "stdev": 1.20108032227,
        "var": 1.44259405136
    },
    "spectral_spread": {
        "dmean": 1565804.625,
        "dmean2": 2182538.5,
        "dvar": 3.45369110118e+12,
        "dvar2": 5.04115547341e+12,
        "max": 40765096,
        "mean": 6668709.5,
        "median": 6255611,
        "min": 1187682.875,
        "stdev": 3364745.25,
        "var": 1.13215107236e+13
    },
    "spectral_strongpeak": {
        "dmean": 0.401549488306,
        "dmean2": 0.682927668095,
        "dvar": 0.649292945862,
        "dvar2": 1.82188415527,
        "max": 11.279718399,
        "mean": 0.652309834957,
        "median": 0.462417215109,
        "min": 0,
        "stdev": 0.771810114384,
        "var": 0.595690846443
    },
    "zerocrossingrate": {
        "dmean": 0.0191000364721,
        "dmean2": 0.0210013892502,
        "dvar": 0.000969980144873,
        "dvar2": 0.000950247165747,
        "max": 0.49853515625,
        "mean": 0.0542800314724,
        "median": 0.029296875,
        "min": 0.00146484375,
        "stdev": 0.0672420710325,
        "var": 0.00452149659395
    },
    "barkbands": {
        "dmean": [0.00713614700362, 0.0187873598188, 0.0051038833335, 0.00221948442049, 0.00271807867102, 0.00167969870381, 0.00135323952418, 0.00143458717503, 0.000788738834672, 0.000521761830896, 0.000362286897143, 0.000515666266438, 0.000384053651942, 0.000311232142849, 0.000223072434892, 0.000196167588001, 0.000212901708437, 0.000175732944626, 0.000132203305839, 8.98597281775e-05, 0.000118661984743, 0.00019836804131, 0.000380405545002, 0.000296204176266, 0.000250293291174, 0.000113618203613, 5.88783223066e-06],
        "dmean2": [0.0113310348243, 0.0296334717423, 0.0092106172815, 0.00372295943089, 0.00424828892574, 0.00288782711141, 0.00218977360055, 0.00228813407011, 0.00128363142721, 0.000803326489404, 0.000586896552704, 0.000823519076221, 0.000615913129877, 0.000508711265866, 0.000360453996109, 0.00030830031028, 0.00032918699435, 0.000264760979917, 0.000206414464628, 0.000141591459396, 0.000184010277735, 0.000298516184557, 0.000599549384788, 0.000469294609502, 0.000388599582948, 0.000173342894414, 9.35035495786e-06],
        "dvar": [0.000172376516275, 0.00274687539786, 0.000242075824644, 3.10640207317e-05, 2.576397128e-05, 1.70191087818e-05, 5.77629407417e-06, 9.0444846137e-06, 3.68659925698e-06, 1.19467404147e-06, 7.99793326678e-07, 1.73022544914e-06, 1.05537583295e-06, 5.00412056681e-07, 4.55046915704e-07, 2.51100743753e-07, 2.23046015435e-07, 1.61434343227e-07, 7.6014217143e-08, 6.47640518991e-08, 7.85629339362e-08, 1.32943640097e-07, 5.46550211311e-07, 3.83194731057e-07, 5.10006429977e-07, 9.50025196289e-08, 2.07962397303e-10],
        "dvar2": [0.000386687344871, 0.00632338738069, 0.000708650564775, 8.8368433353e-05, 6.52767994325e-05, 4.72073079436e-05, 1.32493141791e-05, 2.16287990042e-05, 8.90196770342e-06, 2.47137745646e-06, 1.94969447875e-06, 3.68466999134e-06, 2.44096236202e-06, 1.30573300794e-06, 1.16813771456e-06, 5.70847703329e-07, 5.16557634e-07, 3.47250932009e-07, 1.74006117959e-07, 1.57252500799e-07, 1.81904582064e-07, 2.74429794445e-07, 1.39005680921e-06, 9.50562764501e-07, 1.28598060201e-06, 2.24860357889e-07, 4.56897436552e-10],
        "max": [0.209851548076, 0.496356904507, 0.182209789753, 0.0803885906935, 0.0745026245713, 0.0467387810349, 0.0203500799835, 0.0284778680652, 0.0271897409111, 0.0212464779615, 0.0142442211509, 0.0178083647043, 0.0146555649117, 0.00808319915086, 0.0105819068849, 0.00787834823132, 0.00848389882594, 0.0062617524527, 0.00302141834982, 0.00599229242653, 0.00313398963772, 0.00427312124521, 0.00639176834375, 0.00651160767302, 0.0108174737543, 0.00461665075272, 0.000298978819046],
        "mean": [0.0285835936666, 0.0482497736812, 0.00517131760716, 0.00240357476287, 0.00386666948907, 0.0016379939625, 0.0014009301085, 0.00154556531925, 0.000812776153907, 0.000672285212204, 0.000368141656509, 0.000547235016711, 0.000399915414164, 0.000350556423655, 0.000219927474973, 0.000229562981986, 0.000277216604445, 0.000197876055609, 0.00015073484974, 9.5631388831e-05, 0.000139794152346, 0.000364278268535, 0.000551122357138, 0.000376495765522, 0.000309868220938, 0.000162180615007, 6.95304834153e-06],
        "median": [0.00396075239405, 0.0136267319322, 0.00267926836386, 0.000902193598449, 0.00174479675479, 0.000489821191877, 0.000268607167527, 0.000358113960829, 0.000133584748255, 0.000102666504972, 3.87258187402e-05, 4.18182899011e-05, 3.55072552338e-05, 5.11673715664e-05, 3.47846216755e-05, 3.13843811455e-05, 4.04402599088e-05, 2.63240344793e-05, 3.26656627294e-05, 1.3300318642e-05, 3.32865165547e-05, 6.31727452856e-05, 8.60758518684e-05, 0.00010417473095, 7.41510593798e-05, 3.19233986374e-05, 1.00169472717e-06],
        "min": [2.35377019461e-23, 2.76001951908e-23, 5.11152047641e-23, 1.96079661032e-23, 4.04420397788e-23, 4.52788205123e-23, 2.33024920232e-23, 3.87908403082e-23, 3.1802479321e-23, 1.54550094454e-22, 6.90355907095e-23, 9.86869031399e-23, 7.1396140217e-23, 1.29314169039e-22, 1.0309549964e-22, 1.59935931844e-22, 1.22023592283e-22, 3.8101966576e-22, 2.86086326891e-22, 3.28414936991e-22, 4.98998724007e-22, 7.48849930595e-22, 6.57892576906e-22, 9.73787773837e-22, 1.15145015491e-21, 1.65078411324e-21, 2.28158405122e-21],
        "stdev": [0.042748183012, 0.0761301591992, 0.0119151491672, 0.00488046975806, 0.0058433949016, 0.00356214749627, 0.00271694315597, 0.00323286955245, 0.00192414002959, 0.00144825922325, 0.000977639574558, 0.00148268125486, 0.00116316962522, 0.000754809239879, 0.000663755461574, 0.000577611732297, 0.000584330176935, 0.000471615436254, 0.000308792747092, 0.000258326821495, 0.000314954580972, 0.000586498354096, 0.000871971657034, 0.0006757589872, 0.000792773556896, 0.000381791352993, 1.88677222468e-05],
        "var": [0.00182740704622, 0.00579580152407, 0.000141970769619, 2.38189841184e-05, 3.41452614521e-05, 1.26888944578e-05, 7.38178005122e-06, 1.04514456325e-05, 3.70231487068e-06, 2.09745485336e-06, 9.5577911452e-07, 2.19834373638e-06, 1.35296352255e-06, 5.69736982925e-07, 4.40571341187e-07, 3.33635341576e-07, 3.41441733553e-07, 2.22421121521e-07, 9.53529593062e-08, 6.67327455517e-08, 9.91963915453e-08, 3.43980303796e-07, 7.60334557981e-07, 4.56650212755e-07, 6.28489942756e-07, 1.45764644799e-07, 3.55990931178e-10]
    },
    "erbbands": {
        "dmean": [1.00126123428, 3.01190543175, 5.68656253815, 6.94744110107, 5.64099597931, 11.1712522507, 13.3156986237, 14.6632614136, 18.9919300079, 23.5343818665, 29.1098766327, 17.9439258575, 17.7885684967, 13.7637958527, 15.4070129395, 21.5836086273, 17.4481639862, 14.8897666931, 12.7436285019, 11.067814827, 10.7760124207, 11.4395074844, 9.71992874146, 7.29756450653, 6.47645378113, 4.18568468094, 4.50079965591, 4.54012441635, 6.38366413116, 8.37422370911, 11.6599617004, 7.78779554367, 4.43097400665, 2.93926143646, 1.73688900471, 0.68404841423, 0.176704153419, 0.025012889877, 0.000668277090881, 4.75431625091e-05],
        "dmean2": [1.57036304474, 4.68247127533, 10.2074604034, 11.8016643524, 9.36914253235, 17.3089828491, 20.4111309052, 25.6357345581, 30.9314460754, 38.3916282654, 47.446723938, 28.804309845, 27.8772716522, 21.7604064941, 24.0719432831, 34.191242218, 27.6962413788, 23.5229663849, 20.8458824158, 17.1883583069, 16.5103759766, 17.3180561066, 14.4237146378, 11.1096458435, 9.94769763947, 6.63207101822, 7.27747011185, 6.96110296249, 9.7469959259, 13.152841568, 18.1575622559, 12.5144081116, 6.93264389038, 4.61967754364, 2.74264359474, 1.06906318665, 0.271426588297, 0.0385241098702, 0.00104113004636, 7.17177099432e-05],
        "dvar": [7.2762093544, 96.4778213501, 337.586303711, 320.862243652, 224.45072937, 434.772644043, 499.892120361, 1716.35388184, 1437.17370605, 2098.55053711, 4677.60693359, 2082.91455078, 1433.53515625, 1296.6114502, 1326.00646973, 3171.9699707, 2116.00366211, 1089.92895508, 1114.43493652, 998.177734375, 728.16595459, 616.934875488, 507.525238037, 251.96081543, 183.79776001, 117.827903748, 136.519134521, 99.0729293823, 126.700805664, 231.380661011, 496.437438965, 253.952285767, 98.3503265381, 56.0103759766, 34.6536026001, 4.14981794357, 0.201081141829, 0.00348262256011, 2.61494551523e-06, 5.56051826806e-09],
        "dvar2": [20.5326004028, 204.46383667, 971.078063965, 926.31439209, 603.000366211, 1072.17407227, 1095.68701172, 4905.88085938, 3495.33666992, 4967.98681641, 11305.9023438, 4976.04199219, 3387.52294922, 2906.08837891, 3082.43212891, 6672.25, 4928.01611328, 2635.36474609, 2927.3972168, 2439.15112305, 1596.15759277, 1385.22839355, 1082.38977051, 580.667419434, 409.566650391, 284.261169434, 341.120635986, 211.349243164, 269.265625, 525.296630859, 1236.95605469, 654.14465332, 239.280700684, 134.349746704, 92.2833251953, 10.5088920593, 0.457651048899, 0.00747094070539, 5.61441629543e-06, 1.17484377782e-08],
        "max": [23.2693710327, 89.4236907959, 215.310394287, 252.230697632, 221.790344238, 274.827636719, 287.111602783, 491.728759766, 448.762023926, 405.331207275, 776.869384766, 678.158081055, 516.638244629, 838.199035645, 403.537597656, 823.99407959, 621.532653809, 450.998565674, 368.156951904, 426.169525146, 475.519500732, 425.417694092, 397.704193115, 190.232635498, 165.5675354, 215.178909302, 181.090667725, 123.934875488, 131.004272461, 177.674942017, 190.615097046, 175.807144165, 103.620635986, 94.9024429321, 109.193702698, 32.3136825562, 6.43632411957, 1.30858385563, 0.0387676209211, 0.00101685535628],
        "mean": [3.02637863159, 4.64708805084, 5.90316009521, 8.05188465118, 6.37174081802, 15.1712331772, 17.9112663269, 13.5191631317, 19.7814254761, 26.3597793579, 30.6707324982, 19.2442722321, 22.5964488983, 15.980931282, 16.7575950623, 23.2696933746, 18.8481292725, 17.6294898987, 13.3090591431, 12.0443868637, 14.1164035797, 14.647611618, 11.3574857712, 8.22310066223, 7.27039813995, 4.50922250748, 5.06299352646, 5.78730344772, 11.0481624603, 13.6736268997, 17.3922767639, 9.86798477173, 5.73988389969, 3.60810279846, 2.10759782791, 0.899328887463, 0.255894899368, 0.0349037051201, 0.000968467036728, 0.000143039549585],
        "median": [0.778991699219, 1.12899291515, 2.7970802784, 4.09302520752, 2.50266337395, 5.89502334595, 5.60766553879, 4.01479387283, 4.02809619904, 5.65279912949, 7.24996566772, 3.43239688873, 3.9589676857, 1.93641901016, 1.95588731766, 1.88934087753, 2.04814648628, 2.79754495621, 2.37190413475, 2.36379647255, 2.37846589088, 2.46223926544, 1.70483779907, 1.81078672409, 1.25882923603, 0.703136324883, 0.922342002392, 1.62424349785, 2.21715831757, 2.42092967033, 2.49469995499, 2.3745508194, 1.51078414917, 0.819492161274, 0.435648173094, 0.180193275213, 0.0535966232419, 0.00743849994615, 0.000232497201068, 8.76705817063e-05],
        "min": [1.30054855155e-21, 5.88357736955e-21, 4.64905651111e-20, 5.44521365016e-20, 1.03091552054e-19, 1.36578879941e-19, 1.50853535772e-19, 4.01019254767e-19, 4.26949143922e-19, 7.60726576502e-19, 5.58580281804e-19, 7.13735531577e-19, 3.52402267441e-18, 4.60690673459e-18, 2.43235333574e-18, 3.99920981218e-18, 3.86655899325e-18, 5.54074360173e-18, 5.56739949697e-18, 9.72267099378e-18, 6.39958289787e-18, 7.72175087052e-18, 2.49540736996e-17, 1.28967995778e-17, 1.37976025736e-17, 1.83250598511e-17, 2.02888362562e-17, 1.84009966857e-17, 2.48741945222e-17, 2.45899603745e-17, 1.81812429211e-17, 2.00530500769e-17, 1.70809074179e-17, 1.09581992419e-17, 9.02635035413e-18, 6.55517433032e-18, 3.09103829149e-18, 9.83608428e-19, 3.58015866629e-19, 3.3961673963e-20],
        "stdev": [4.44092512131, 11.2630443573, 14.629860878, 15.1206436157, 13.8184432983, 24.8114395142, 29.0908203125, 33.6864738464, 40.5774307251, 51.7394943237, 69.2251281738, 46.0490570068, 45.9114837646, 42.2555541992, 41.8884086609, 63.8727416992, 52.8828201294, 38.1854133606, 32.1573562622, 32.4213981628, 32.5276412964, 31.0528488159, 27.0137767792, 17.5388278961, 15.5663290024, 11.2508497238, 12.0590362549, 11.9700660706, 17.3341712952, 21.4482097626, 27.6825942993, 16.559671402, 11.2948226929, 8.82796478271, 5.91518783569, 2.28299212456, 0.575574934483, 0.0816567540169, 0.0023063228, 0.000143726138049],
        "var": [19.7218170166, 126.856170654, 214.032821655, 228.633865356, 190.949386597, 615.607543945, 846.275817871, 1134.77856445, 1646.52783203, 2676.9753418, 4792.11865234, 2120.515625, 2107.86450195, 1785.53173828, 1754.63867188, 4079.72705078, 2796.5925293, 1458.12573242, 1034.09558105, 1051.14709473, 1058.04736328, 964.279418945, 729.744140625, 307.61050415, 242.310592651, 126.581626892, 145.420349121, 143.282485962, 300.473480225, 460.025726318, 766.32598877, 274.222747803, 127.573028564, 77.9329681396, 34.9894447327, 5.21205282211, 0.331286489964, 0.00666782585904, 5.31912519364e-06, 2.06572039474e-08]
    },
    "gfcc": {
        "mean": [-22.4753246307, 79.7080612183, -57.7748680115, 37.1308898926, -57.6794281006, 24.4218826294, -37.4798240662, 16.0479240417, -12.1392765045, 6.02855014801, -13.8422803879, 4.90012550354, -15.1334562302],
        "cov": [[10742.9101562, -2385.8046875, -1388.64050293, 337.453918457, -371.631072998, 944.469787598, -298.455780029, 257.714569092, -122.476043701, 130.237365723, -243.012207031, 416.175079346, -202.058441162], [-2385.8046875, 2965.78613281, -45.6294937134, -681.875488281, 264.210418701, -625.508361816, 167.273712158, -223.73500061, 42.834526062, -362.153167725, 208.999664307, -157.03062439, 99.8301239014], [-1388.64050293, -45.6294937134, 2432.74780273, 821.577209473, -361.277282715, -13.2059764862, 115.925125122, -91.0368881226, 227.676971436, 106.570083618, 153.594955444, 111.560310364, 17.8019371033], [337.453918457, -681.875488281, 821.577209473, 996.073059082, 59.6201667786, 18.3396568298, -62.7438545227, 36.6201400757, 150.251831055, 101.820007324, 54.7018127441, 96.685874939, 48.5885276794], [-371.631072998, 264.210418701, -361.277282715, 59.6201667786, 710.37298584, 93.6337432861, 37.4497489929, 21.2682590485, 93.4132003784, 56.4874649048, 40.4881782532, -53.7913131714, 123.062088013], [944.469787598, -625.508361816, -13.2059764862, 18.3396568298, 93.6337432861, 654.211853027, 175.098022461, 0.742129683495, 83.0717010498, 141.238723755, -37.3235054016, 74.7120132446, 8.00564193726], [-298.455780029, 167.273712158, 115.925125122, -62.7438545227, 37.4497489929, 175.098022461, 379.763427734, 46.7853393555, 36.5631752014, 19.2014446259, 49.2033805847, 24.9487056732, 28.7814292908], [257.714569092, -223.73500061, -91.0368881226, 36.6201400757, 21.2682590485, 0.742129683495, 46.7853393555, 259.276062012, 16.9623222351, 21.8725986481, 7.59290647507, -3.91611385345, 34.9787406921], [-122.476043701, 42.834526062, 227.676971436, 150.251831055, 93.4132003784, 83.0717010498, 36.5631752014, 16.9623222351, 275.168029785, 53.0490264893, 23.3606014252, 40.7574768066, 41.4867477417], [130.237365723, -362.153167725, 106.570083618, 101.820007324, 56.4874649048, 141.238723755, 19.2014446259, 21.8725986481, 53.0490264893, 203.330245972, 25.5777854919, -11.5722169876, 7.54216909409], [-243.012207031, 208.999664307, 153.594955444, 54.7018127441, 40.4881782532, -37.3235054016, 49.2033805847, 7.59290647507, 23.3606014252, 25.5777854919, 169.789154053, 15.3380250931, 6.32218170166], [416.175079346, -157.03062439, 111.560310364, 96.685874939, -53.7913131714, 74.7120132446, 24.9487056732, -3.91611385345, 40.7574768066, -11.5722169876, 15.3380250931, 158.026916504, -0.714101493359], [-202.058441162, 99.8301239014, 17.8019371033, 48.5885276794, 123.062088013, 8.00564193726, 28.7814292908, 34.9787406921, 41.4867477417, 7.54216909409, 6.32218170166, -0.714101493359, 129.64024353]],
        "icov": [[0.00019000316388, -0.000112093744974, 0.000211707272683, -0.000277395185549, 0.000232624952332, -0.000406467355788, 0.000274717953289, -0.000276950799162, 0.00015255479957, -0.000161026109708, 0.000129661624669, -0.000433088105638, 0.00022720801644], [-0.000112093744974, 0.00165575789288, -0.000465416436782, 0.00142541655805, -0.000888515263796, 0.00152227748185, -0.00102532329038, 0.00151752354577, -0.00113367917947, 0.00229260255583, -0.00172006268986, 0.00119686918333, -0.00103256467264], [0.000211707272683, -0.000465416436782, 0.00116770796012, -0.0012638468761, 0.00109494826756, -0.000633137649857, 7.37420050427e-05, -6.72908281558e-05, -8.22546207928e-05, -0.000812079000752, -2.05436917895e-05, -0.000448299804702, 7.5295138231e-05], [-0.000277395185549, 0.00142541655805, -0.0012638468761, 0.00322308484465, -0.00150084169582, 0.00170076231007, -0.000419901683927, 0.00093851191923, -0.00112977053504, 0.00145641411655, -0.00129218329675, 0.000360445468687, -0.00106297514867], [0.000232624952332, -0.000888515263796, 0.00109494826756, -0.00150084169582, 0.00306321540847, -0.00141462415922, 0.000560256477911, -0.000458290713141, -7.9695986642e-05, -0.00134577637073, -1.93582163774e-05, 0.000179629205377, -0.00125649478287], [-0.000406467355788, 0.00152227748185, -0.000633137649857, 0.00170076231007, -0.00141462415922, 0.00447135418653, -0.00247202371247, 0.00200323271565, -0.00141233683098, 0.000208855737583, -0.000311870564474, 0.000240048131673, -0.000824869261123], [0.000274717953289, -0.00102532329038, 7.37420050427e-05, -0.000419901683927, 0.000560256477911, -0.00247202371247, 0.00456615025178, -0.0019783754833, 0.000811585632619, -0.000767600315157, -8.5903564468e-05, -0.00120386981871, 0.000288368581096], [-0.000276950799162, 0.00151752354577, -6.72908281558e-05, 0.00093851191923, -0.000458290713141, 0.00200323271565, -0.0019783754833, 0.00603633513674, -0.00140954973176, 0.00149110937491, -0.00174927816261, 0.00170130562037, -0.00236187526025], [0.00015255479957, -0.00113367917947, -8.22546207928e-05, -0.00112977053504, -7.9695986642e-05, -0.00141233683098, 0.000811585632619, -0.00140954973176, 0.00557627668604, -0.00217328965664, 0.0013253641082, -0.0020266645588, 0.000174650078407], [-0.000161026109708, 0.00229260255583, -0.000812079000752, 0.00145641411655, -0.00134577637073, 0.000208855737583, -0.000767600315157, 0.00149110937491, -0.00217328965664, 0.0102359643206, -0.00379663263448, 0.00365930469707, -0.0011127787875], [0.000129661624669, -0.00172006268986, -2.05436917895e-05, -0.00129218329675, -1.93582163774e-05, -0.000311870564474, -8.5903564468e-05, -0.00174927816261, 0.0013253641082, -0.00379663263448, 0.00922498293221, -0.00264127762057, 0.00187476433348], [-0.000433088105638, 0.00119686918333, -0.000448299804702, 0.000360445468687, 0.000179629205377, 0.000240048131673, -0.00120386981871, 0.00170130562037, -0.0020266645588, 0.00365930469707, -0.00264127762057, 0.00997433811426, -0.00142788514495], [0.00022720801644, -0.00103256467264, 7.5295138231e-05, -0.00106297514867, -0.00125649478287, -0.000824869261123, 0.000288368581096, -0.00236187526025, 0.000174650078407, -0.0011127787875, 0.00187476433348, -0.00142788514495, 0.0109774507582]]
    },
    "melbands": {
        "dmean": [0.00656584696844, 0.00290420535021, 0.00108295306563, 0.000533867278136, 0.000487174926093, 0.000326588982716, 0.000288178824121, 0.000272096163826, 0.000224057410378, 0.000110204084194, 8.89030925464e-05, 5.73680808884e-05, 5.01079011883e-05, 5.66297130717e-05, 5.31144505658e-05, 3.20972103509e-05, 2.94355577353e-05, 2.27381697187e-05, 1.73286443896e-05, 1.40438878589e-05, 1.28141555251e-05, 1.29391792143e-05, 1.03308175312e-05, 8.10229721537e-06, 5.80817550144e-06, 5.10115705765e-06, 4.19066918766e-06, 2.50409243563e-06, 2.59185412688e-06, 3.10139762405e-06, 2.62776507043e-06, 3.09443794322e-06, 5.5703480939e-06, 4.62937259726e-06, 6.7302730713e-06, 6.86934072291e-06, 4.23614619649e-06, 3.2137195376e-06, 2.79364689959e-06, 2.45633418672e-06],
        "dmean2": [0.0101290736347, 0.00467599974945, 0.00181156897452, 0.000851093267556, 0.00073741027154, 0.00056778814178, 0.000466083845822, 0.000440691335825, 0.000366200809367, 0.00017828498676, 0.000139092764584, 9.07837384148e-05, 7.93847430032e-05, 9.08209913177e-05, 8.45523245516e-05, 5.1938717661e-05, 4.70547929581e-05, 3.76193820557e-05, 2.80687982013e-05, 2.23182869377e-05, 1.96034343389e-05, 2.00651556952e-05, 1.51498497871e-05, 1.22124984046e-05, 8.9830473371e-06, 7.99676126917e-06, 6.56750262351e-06, 4.04187085223e-06, 4.31625494457e-06, 4.86659610033e-06, 4.08241885452e-06, 4.86721955895e-06, 8.39440508571e-06, 7.55955261411e-06, 1.05570707092e-05, 1.13066944323e-05, 6.79279719407e-06, 5.07605773237e-06, 4.49184653917e-06, 3.822787221e-06],
        "dvar": [0.000302545668092, 7.89596888353e-05, 8.13729729998e-06, 1.36041433052e-06, 6.04315914643e-07, 7.71730526594e-07, 2.97817905448e-07, 2.70724285656e-07, 2.69087109928e-07, 7.6387280501e-08, 3.52851259322e-08, 2.19574740612e-08, 1.40291795958e-08, 2.17897575538e-08, 2.27625953642e-08, 7.32434735085e-09, 4.62644100807e-09, 3.46152706499e-09, 3.21607251941e-09, 1.3197889448e-09, 1.06561159896e-09, 8.01697597197e-10, 6.6590982728e-10, 3.56968399284e-10, 1.67591343581e-10, 1.19625365169e-10, 1.5938277087e-10, 3.97084448656e-11, 4.87683331218e-11, 6.08252198608e-11, 3.17569616437e-11, 2.69622900395e-11, 1.33438246563e-10, 7.45023556736e-11, 1.67703281817e-10, 1.88057916461e-10, 7.27943330614e-11, 4.54283624607e-11, 6.00030719555e-11, 3.69562540292e-11],
        "dvar2": [0.00075905880658, 0.000202432565857, 2.31380508922e-05, 3.53916857421e-06, 1.34553692988e-06, 2.19148955694e-06, 7.16737190487e-07, 6.34930813703e-07, 6.54945097267e-07, 1.80813614747e-07, 8.26584454217e-08, 4.83741615653e-08, 3.2705898434e-08, 4.79578545765e-08, 5.08998390103e-08, 1.7593961843e-08, 1.16317737664e-08, 9.3289580505e-09, 8.37687164079e-09, 3.12685966009e-09, 2.30145880131e-09, 1.88873272577e-09, 1.4266742232e-09, 8.02921673593e-10, 3.95639881967e-10, 2.73933570272e-10, 3.8227229715e-10, 9.7636641827e-11, 1.26510316112e-10, 1.41281764066e-10, 6.91382645579e-11, 5.66483734921e-11, 2.88080753696e-10, 1.84873991116e-10, 4.14971695895e-10, 4.84842332948e-10, 1.84686974047e-10, 1.08501867213e-10, 1.51674436899e-10, 8.63791607686e-11],
        "max": [0.168531581759, 0.0934722349048, 0.0381518192589, 0.0159899797291, 0.0105748381466, 0.0102670062333, 0.00616516917944, 0.00484260730445, 0.00579427974299, 0.00379581353627, 0.0025473232381, 0.00339620211162, 0.0015013954835, 0.00193642417435, 0.00278309220448, 0.00120727694593, 0.000988068990409, 0.000672584574204, 0.00101137859747, 0.000422617828008, 0.000609821930993, 0.000404442514991, 0.000511196791194, 0.000266188551905, 0.000142002347275, 0.000139520445373, 0.000317559606628, 8.44758178573e-05, 0.000117024181236, 0.000107112726255, 6.80631637806e-05, 6.00769999437e-05, 0.000118843789096, 9.48606539168e-05, 0.000112866742711, 0.000112587418698, 9.97248644126e-05, 7.28900631657e-05, 0.000102245372545, 8.47795818117e-05],
        "mean": [0.021146947518, 0.0037159207277, 0.00130353705026, 0.000703096273355, 0.000704628531821, 0.000307309761411, 0.000298170023598, 0.000306062691379, 0.000232217207667, 0.0001139845117, 0.000112523288408, 6.5750493377e-05, 5.30606266693e-05, 6.07269685133e-05, 5.54425423616e-05, 3.39590624208e-05, 3.39445250574e-05, 2.30902605836e-05, 1.69512532011e-05, 1.57160866365e-05, 1.70370913111e-05, 1.64150569617e-05, 1.20042577691e-05, 8.73910721566e-06, 6.36531103737e-06, 5.74500700168e-06, 4.33758168583e-06, 2.58808404396e-06, 2.79265032077e-06, 3.52613392351e-06, 3.15649526783e-06, 4.64826189273e-06, 1.03171387309e-05, 6.3485517785e-06, 1.00916913652e-05, 8.8023407443e-06, 5.36417246622e-06, 4.2648212002e-06, 3.25979476656e-06, 2.96024654745e-06],
        "median": [0.00564605649561, 0.00149722257629, 0.000698588555679, 0.000311850919388, 0.000247625139309, 9.08547008294e-05, 6.10007700743e-05, 6.25774409855e-05, 5.57478160772e-05, 1.57758531714e-05, 1.94500426005e-05, 7.47050671634e-06, 6.31023385722e-06, 5.0558564908e-06, 4.4922107918e-06, 3.08212997879e-06, 4.79425807498e-06, 3.76944558411e-06, 2.71504086413e-06, 2.15557474803e-06, 2.55357554124e-06, 2.28467797569e-06, 1.51663539327e-06, 1.20784773117e-06, 1.3985802525e-06, 1.01769217054e-06, 5.52277299448e-07, 3.7224577909e-07, 4.59934483388e-07, 6.52357357467e-07, 8.09344669506e-07, 1.20907725432e-06, 1.08244785224e-06, 1.26408167489e-06, 1.40302086038e-06, 1.32991942792e-06, 1.43783483963e-06, 1.10473945369e-06, 7.408028182e-07, 6.66506650759e-07],
        "min": [1.06229571442e-23, 1.69689707843e-23, 1.20706738886e-23, 8.99822001263e-24, 5.76500614498e-24, 9.49711221517e-24, 6.22133141307e-24, 8.51585444606e-24, 4.09342605846e-24, 4.69111914508e-24, 1.7987208775e-23, 1.94899793331e-23, 9.28456468831e-24, 8.05952050049e-24, 1.00115986201e-23, 8.52574991725e-24, 1.08973537326e-23, 9.60356820547e-24, 9.79083984007e-24, 1.31140552428e-23, 6.21734648221e-24, 6.12406210245e-24, 1.57630328076e-23, 2.18007454065e-23, 8.81866343769e-24, 1.03315282599e-23, 9.67527250631e-24, 1.27621033722e-23, 1.2933284611e-23, 9.84925972326e-24, 1.13153884812e-23, 1.40734883861e-23, 1.33110416995e-23, 1.33935297289e-23, 9.13723544793e-24, 1.19049208017e-23, 1.3299735745e-23, 1.18069561102e-23, 1.04511763712e-23, 9.00081930932e-24],
        "stdev": [0.0306150279939, 0.00869589671493, 0.00244722189382, 0.00119576021098, 0.001057493384, 0.000726805184968, 0.000594640325289, 0.00059302651789, 0.000519258785062, 0.000280734122498, 0.000230860649026, 0.00017441874661, 0.000135576963658, 0.00016379301087, 0.000164638782735, 9.69105458353e-05, 7.49906466808e-05, 5.50537261006e-05, 5.39157481398e-05, 3.94827329728e-05, 3.95105016651e-05, 3.49547226506e-05, 3.11353105644e-05, 2.13011662709e-05, 1.3890052287e-05, 1.22639457913e-05, 1.28026013044e-05, 6.45595355309e-06, 6.86491785018e-06, 8.67853123054e-06, 6.64299614073e-06, 7.26066218704e-06, 1.83391184692e-05, 9.93037428998e-06, 1.62731757882e-05, 1.45841240737e-05, 9.04676198843e-06, 7.87887802289e-06, 8.23553637019e-06, 7.43522014091e-06],
        "var": [0.000937279954087, 7.56186273065e-05, 5.98889482717e-06, 1.42984254126e-06, 1.11829228899e-06, 5.28245777787e-07, 3.53597101821e-07, 3.51680483845e-07, 2.69629680361e-07, 7.881164521e-08, 5.32966417666e-08, 3.04218978897e-08, 1.83811135201e-08, 2.68281503679e-08, 2.71059281687e-08, 9.39165456515e-09, 5.6235975876e-09, 3.03091285403e-09, 2.90690782556e-09, 1.55888624231e-09, 1.56107982097e-09, 1.22183274609e-09, 9.69407665252e-10, 4.53739684714e-10, 1.92933558019e-10, 1.50404355637e-10, 1.63906610506e-10, 4.1679337065e-11, 4.71270973634e-11, 7.53169054901e-11, 4.41293980524e-11, 5.27172160092e-11, 3.3632324703e-10, 9.86123335767e-11, 2.6481625226e-10, 2.12696665836e-10, 8.1843899713e-11, 6.20767257042e-11, 6.78240658081e-11, 5.52825007993e-11]
    },
    "melbands128": {
