{
"lowlevel": {
    "average_loudness": 0.968773841858,
    "barkbands_crest": {
        "dmean": 3.00378966331,
        "dmean2": 4.55622386932,
        "dvar": 8.87574481964,
        "dvar2": 19.1719818115,
        "max": 26.0168552399,
        "mean": 12.1644515991,
        "median": 11.1777515411,
        "min": 2.73393201828,
        "stdev": 4.94191074371,
        "var": 24.4224834442
    },
    "barkbands_flatness_db": {
        "dmean": 0.0348195098341,
        "dmean2": 0.0517885833979,
        "dvar": 0.00127646210603,
        "dvar2": 0.00263959844597,
        "max": 0.515051364899,
        "mean": 0.172320365906,
        "median": 0.161752745509,
        "min": 0.0408278480172,
        "stdev": 0.0655058175325,
        "var": 0.00429101195186
    },
    "barkbands_kurtosis": {
        "dmean": 8.95367336273,
        "dmean2": 14.4707307816,
        "dvar": 518.460266113,
        "dvar2": 1310.98828125,
        "max": 497.249694824,
        "mean": 11.1076536179,
        "median": 4.34152364731,
        "min": -1.93635261059,
        "stdev": 25.8750514984,
        "var": 669.518249512
    },
    "barkbands_skewness": {
        "dmean": 0.963328480721,
        "dmean2": 1.4836833477,
        "dvar": 1.48216295242,
        "dvar2": 3.58612084389,
        "max": 20.640001297,
        "mean": 2.26680612564,
        "median": 1.84457433224,
        "min": -2.08544325829,
        "stdev": 1.82932221889,
        "var": 3.34641981125
    },
    "barkbands_spread": {
        "dmean": 8.05956172943,
        "dmean2": 12.0701570511,
        "dvar": 144.577102661,
        "dvar2": 301.060394287,
        "max": 129.75843811,
        "mean": 20.4432048798,
        "median": 15.7606658936,
        "min": 0.210034713149,
        "stdev": 18.2977161407,
        "var": 334.806427002
    },
    "dissonance": {
        "dmean": 0.0249977614731,
        "dmean2": 0.0397498086095,
        "dvar": 0.000798307242803,
        "dvar2": 0.00187929801177,
        "max": 0.499782562256,
        "mean": 0.449766844511,
        "median": 0.458927214146,
        "min": 0.138892486691,
        "stdev": 0.040435783565,
        "var": 0.00163505249657
    },
    "dynamic_complexity": 2.67829155922,
    "erbbands_crest": {
        "dmean": 3.09823465347,
        "dmean2": 4.96658372879,
        "dvar": 7.82666254044,
        "dvar2": 18.2870006561,
        "max": 28.8874359131,
        "mean": 9.88589763641,
        "median": 8.77273845673,
        "min": 2.65877175331,
        "stdev": 4.51099634171,
        "var": 20.3490886688
    },
    "erbbands_flatness_db": {
        "dmean": 0.0192932263017,
        "dmean2": 0.0280582811683,
        "dvar": 0.000377854797989,
        "dvar2": 0.000775874243118,
        "max": 0.293530166149,
        "mean": 0.154701083899,
        "median": 0.14954200387,
        "min": 0.0475948676467,
        "stdev": 0.0393270812929,
        "var": 0.00154661934357
    },
    "erbbands_kurtosis": {
        "dmean": 1.65653836727,
        "dmean2": 2.66504573822,
        "dvar": 8.93669986725,
        "dvar2": 21.6983718872,
        "max": 37.8097724915,
        "mean": 1.26697194576,
        "median": 0.369206666946,
        "min": -1.79777729511,
        "stdev": 3.43683123589,
        "var": 11.8118085861
    },
    "erbbands_skewness": {
        "dmean": 0.536868035793,
        "dmean2": 0.811583459377,
        "dvar": 0.368439048529,
        "dvar2": 0.750328481197,
        "max": 4.86438846588,
        "mean": 0.545619606972,
        "median": 0.563406527042,
        "min": -5.88853788376,
        "stdev": 1.03263092041,
        "var": 1.06632649899
    },
    "erbbands_spread": {
        "dmean": 12.2291707993,
        "dmean2": 18.3372383118,
        "dvar": 210.511611938,
        "dvar2": 465.618652344,
        "max": 179.352203369,
        "mean": 42.0220146179,
        "median": 37.8723945618,
        "min": 4.43619012833,
        "stdev": 22.3194332123,
        "var": 498.157104492
    },
    "hfc": {
        "dmean": 7.4900188446,
        "dmean2": 10.9550981522,
        "dvar": 108.484214783,
        "dvar2": 236.140731812,
        "max": 93.0866928101,
        "mean": 17.1826686859,
        "median": 12.9468202591,
        "min": 1.20804910963e-16,
        "stdev": 14.6185598373,
        "var": 213.702285767
    },
    "loudness_ebu128": {
        "integrated": -7.85689926147,
        "loudness_range": 3.98818254471,
        "momentary": {
            "dmean": 0.430984795094,
            "dmean2": 0.511613070965,
            "dvar": 0.265623450279,
            "dvar2": 0.302491515875,
            "max": -5.51043558121,
            "mean": -8.475481987,
            "median": -7.95005178452,
            "min": -24.0110454559,
            "stdev": 2.78194665909,
            "var": 7.73922729492
        },
        "short_term": {
            "dmean": 0.127702131867,
            "dmean2": 0.15415276587,
            "dvar": 0.0213344562799,
            "dvar2": 0.0227761827409,
            "max": -6.19454097748,
            "mean": -8.23806190491,
            "median": -8.05239295959,
            "min": -15.346540451,
            "stdev": 1.78595793247,
            "var": 3.18964552879
        }
    },
    "melbands_crest": {
        "dmean": 4.08032846451,
        "dmean2": 6.35408592224,
        "dvar": 17.4760494232,
        "dvar2": 40.1139068604,
        "max": 36.2095108032,
        "mean": 17.1068134308,
        "median": 15.9382591248,
        "min": 1.78245770931,
        "stdev": 6.63931417465,
        "var": 44.0804901123
    },
    "melbands_flatness_db": {
        "dmean": 0.0425835847855,
        "dmean2": 0.0618582814932,
        "dvar": 0.001878989744,
        "dvar2": 0.003869820619,
        "max": 0.655282914639,
        "mean": 0.245840504766,
        "median": 0.233199611306,
        "min": 0.00483085261658,
        "stdev": 0.0843787491322,
        "var": 0.00711977342144
    },
    "melbands_kurtosis": {
        "dmean": 19.5715408325,
        "dmean2": 31.9098300934,
        "dvar": 1730.3737793,
        "dvar2": 4527.18505859,
        "max": 754.381103516,
        "mean": 26.6148815155,
        "median": 12.5997200012,
        "min": -1.60170960426,
        "stdev": 45.3284759521,
        "var": 2054.67089844
    },
    "melbands_skewness": {
        "dmean": 1.2914750576,
        "dmean2": 1.97902417183,
        "dvar": 2.59086632729,
        "dvar2": 6.2765879631,
        "max": 17.0697784424,
        "mean": 3.4495370388,
        "median": 2.83934688568,
        "min": -1.1654664278,
        "stdev": 2.35738110542,
        "var": 5.55724525452
    },
    "melbands_spread": {
        "dmean": 8.30493545532,
        "dmean2": 12.6667098999,
        "dvar": 163.782806396,
        "dvar2": 353.376525879,
        "max": 156.330123901,
        "mean": 18.6726036072,
        "median": 13.3745670319,
        "min": 0.245805203915,
        "stdev": 19.1150093079,
        "var": 365.383605957
    },
    "pitch_salience": {
        "dmean": 0.0955442562699,
        "dmean2": 0.155042171478,
        "dvar": 0.0108608230948,
        "dvar2": 0.0278901271522,
        "max": 0.940541625023,
        "mean": 0.476262003183,
        "median": 0.487455546856,
        "min": 0.0826307088137,
        "stdev": 0.147809445858,
        "var": 0.0218476336449
    },
    "silence_rate_20dB": {
        "dmean": 0,
        "dmean2": 0,
        "dvar": 0,
        "dvar2": 0,
        "max": 1,
        "mean": 1,
        "median": 1,
        "min": 1,
        "stdev": 0,
        "var": 0
    },
    "silence_rate_30dB": {
        "dmean": 0.0727554187179,
        "dmean2": 0.145623549819,
        "dvar": 0.0674627199769,
        "dvar2": 0.160050779581,
        "max": 1,
        "mean": 0.915699899197,
        "median": 1,
        "min": 0,
        "stdev": 0.277835845947,
        "var": 0.077192761004
    },
    "silence_rate_60dB": {
        "dmean": 0.00541795650497,
        "dmean2": 0.0108443070203,
        "dvar": 0.00538870180026,
        "dvar2": 0.0107265235856,
        "max": 1,
        "mean": 0.0340293906629,
        "median": 0,
        "min": 0,
        "stdev": 0.181307017803,
        "var": 0.0328722335398
    },
    "spectral_centroid": {
        "dmean": 360.918121338,
        "dmean2": 521.726623535,
        "dvar": 269438.15625,
        "dvar2": 488863.53125,
        "max": 11345.3066406,
        "mean": 1202.39599609,
        "median": 950.910766602,
        "min": 137.257034302,
        "stdev": 844.789550781,
        "var": 713669.375
    },
    "spectral_complexity": {
        "dmean": 4.75387001038,
        "dmean2": 7.03485679626,
        "dvar": 35.1545143127,
        "dvar2": 73.0980300903,
        "max": 52,
        "mean": 14.6527452469,
        "median": 13,
        "min": 0,
        "stdev": 9.19864082336,
        "var": 84.6149978638
    },
    "spectral_decrease": {
        "dmean": 4.66668836907e-09,
        "dmean2": 7.02470170921e-09,
        "dvar": 5.17861617183e-17,
        "dvar2": 1.19128645996e-16,
        "max": -3.53772747408e-29,
        "mean": -1.00840598094e-08,
        "median": -6.11847550402e-09,
        "min": -5.14069924407e-08,
        "stdev": 1.0099221015e-08,
        "var": 1.01994267969e-16
    },
    "spectral_energy": {
        "dmean": 0.0180656202137,
        "dmean2": 0.0270991660655,
        "dvar": 0.000749433471356,
        "dvar2": 0.00172020855825,
        "max": 0.195011273026,
        "mean": 0.0396180488169,
        "median": 0.0243214294314,
        "min": 1.10908925831e-20,
        "stdev": 0.0385748036206,
        "var": 0.0014880154049
    },
    "spectral_energyband_high": {
        "dmean": 0.00044140528189,
        "dmean2": 0.000640274898615,
        "dvar": 8.19117303763e-07,
        "dvar2": 1.57684758051e-06,
        "max": 0.00964976288378,
        "mean": 0.000767537334468,
        "median": 0.000309329450829,
        "min": 8.11642784072e-21,
        "stdev": 0.00135180249345,
        "var": 1.82736982879e-06
    },
    "spectral_energyband_low": {
        "dmean": 0.0126654328778,
        "dmean2": 0.0207204315811,
        "dvar": 0.000763909367379,
        "dvar2": 0.00191329419613,
        "max": 0.192334830761,
        "mean": 0.0219902638346,
        "median": 0.0101805487648,
        "min": 6.83032437995e-23,
        "stdev": 0.0348404198885,
        "var": 0.00121385476086
    },
    "spectral_energyband_middle_high": {
        "dmean": 0.00202335277572,
        "dmean2": 0.00327331712469,
        "dvar": 1.13464056994e-05,
        "dvar2": 2.8184025723e-05,
        "max": 0.0402475483716,
        "mean": 0.00358690740541,
        "median": 0.00226102559827,
        "min": 1.68134455947e-21,
        "stdev": 0.00435532815754,
        "var": 1.89688817045e-05
    },
    "spectral_energyband_middle_low": {
        "dmean": 0.00906142871827,
        "dmean2": 0.0142325675115,
        "dvar": 0.000274809572147,
        "dvar2": 0.000666848209221,
        "max": 0.106878750026,
        "mean": 0.0147373024374,
        "median": 0.0082650128752,
        "min": 2.28942126441e-22,
        "stdev": 0.0179889313877,
        "var": 0.000323601620039
    },
    "spectral_entropy": {
        "dmean": 0.246536180377,
        "dmean2": 0.346744775772,
        "dvar": 0.0741500407457,
        "dvar2": 0.138870492578,
        "max": 9.79953479767,
        "mean": 7.43933963776,
        "median": 7.44560194016,
        "min": 5.51628112793,
        "stdev": 0.506083846092,
        "var": 0.256120830774
    },
    "spectral_flux": {
        "dmean": 0.0459805876017,
        "dmean2": 0.0714391544461,
        "dvar": 0.00304494681768,
        "dvar2": 0.00693039176986,
        "max": 0.40622612834,
        "mean": 0.100580058992,
        "median": 0.0739796608686,
        "min": 1.05313306686e-10,
        "stdev": 0.0793679654598,
        "var": 0.00629927404225
    },
    "spectral_kurtosis": {
        "dmean": 1.53710198402,
        "dmean2": 2.35911226273,
        "dvar": 3.41840744019,
        "dvar2": 6.98040056229,
        "max": 28.6496353149,
        "mean": 4.14994478226,
        "median": 3.50902938843,
        "min": -1.20606887341,
        "stdev": 3.19488549232,
        "var": 10.2072925568
    },
    "spectral_rms": {
        "dmean": 0.0012064849725,
        "dmean2": 0.00171906570904,
        "dvar": 2.39277255787e-06,
        "dvar2": 4.74109856441e-06,
        "max": 0.0137932915241,
        "mean": 0.00559772877023,
        "median": 0.00487116258591,
        "min": 3.28943513053e-12,
        "stdev": 0.00270503596403,
        "var": 7.31721911507e-06
    },
    "spectral_rolloff": {
        "dmean": 597.330322266,
        "dmean2": 964.441040039,
        "dvar": 1625760.75,
        "dvar2": 3008875.75,
        "max": 18626.2207031,
        "mean": 1181.82775879,
        "median": 581.396484375,
        "min": 43.06640625,
        "stdev": 1701.41650391,
        "var": 2894818
    },
    "spectral_skewness": {
        "dmean": 0.276161581278,
        "dmean2": 0.401977956295,
        "dvar": 0.0855031758547,
        "dvar2": 0.165517285466,
        "max": 4.80210781097,
        "mean": 1.58021557331,
        "median": 1.54797911644,
        "min": -0.205062791705,
        "stdev": 0.57848161459,
        "var": 0.334640949965
    },
    "spectral_spread": {
        "dmean": 749385.9375,
        "dmean2": 1073754.125,
        "dvar": 1.40253986816e+12,
        "dvar2": 1.74801839718e+12,
        "max": 40683488,
        "mean": 5146075,
        "median": 4849965.5,
        "min": 1820155.375,
        "stdev": 2013901.375,
        "var": 4.05579890688e+12
    },
    "spectral_strongpeak": {
        "dmean": 0.402039706707,
        "dmean2": 0.684072434902,
        "dvar": 0.442801177502,
        "dvar2": 1.14531171322,
        "max": 6.56016635895,
        "mean": 0.674403846264,
        "median": 0.395718634129,
        "min": 0,
        "stdev": 0.720311880112,
        "var": 0.51884919405
    },
    "zerocrossingrate": {
        "dmean": 0.0133763365448,
        "dmean2": 0.015084146522,
        "dvar": 0.000446203106549,
        "dvar2": 0.000503894523717,
        "max": 0.5107421875,
        "mean": 0.05124309659,
        "median": 0.04296875,
        "min": 0.001953125,
        "stdev": 0.041179664433,
        "var": 0.00169576471671
    },
    "barkbands": {
        "dmean": [0.000898089492694, 0.00896203611046, 0.00365427229553, 0.00424450263381, 0.00322472373955, 0.00195336993784, 0.000519109889865, 0.000784382165875, 0.000698893971276, 0.000522341812029, 0.000495857850183, 0.0002974603849, 0.000219076042413, 0.000326489156578, 0.000149990286445, 0.000251178338658, 0.000236812673393, 0.000148813414853, 0.000179323498742, 0.000146303413203, 9.80937911663e-05, 0.00013630889589, 6.33946692687e-05, 6.99811062077e-05, 8.01762216724e-05, 1.58389902936e-05, 5.99571762905e-07],
        "dmean2": [0.00148448802065, 0.0136267328635, 0.0066692372784, 0.00679698958993, 0.00549332331866, 0.00303991697729, 0.000884217326529, 0.0011957550887, 0.00114990992006, 0.00076946860645, 0.000785563373938, 0.00047678820556, 0.000372877286281, 0.000520939589478, 0.000239556626184, 0.000432731438195, 0.000396082468797, 0.000245496630669, 0.000290865194984, 0.000239855085965, 0.000158251044923, 0.000203716757824, 8.6653897597e-05, 0.000102258796687, 0.000118703777844, 2.30163841479e-05, 9.7441068192e-07],
        "dvar": [5.19120794706e-06, 0.000423995341407, 0.000158272916451, 0.000139118084917, 4.20677788497e-05, 1.01671739685e-05, 8.78949549588e-07, 1.3774524632e-06, 2.46315084951e-06, 1.41049224567e-06, 1.52520124175e-06, 4.58881942222e-07, 4.2992965632e-07, 5.03454486989e-07, 8.66966800572e-08, 9.9501846762e-07, 2.46034005613e-07, 8.20225380949e-08, 2.03804617627e-07, 1.19308737112e-07, 4.15990442093e-08, 1.33220765974e-07, 1.67069043044e-08, 3.41823884753e-08, 8.0073142783e-08, 2.52410958801e-09, 2.99933211947e-12],
        "dvar2": [1.25302203742e-05, 0.000849212519825, 0.000446499412647, 0.000322244537529, 0.000117174735351, 2.335539466e-05, 2.35593779507e-06, 2.82903533844e-06, 6.68159100314e-06, 2.84050906885e-06, 3.4019362829e-06, 9.16627982406e-07, 1.18259299597e-06, 1.21790333196e-06, 1.84786600244e-07, 2.76442119684e-06, 6.2636831899e-07, 2.08868613072e-07, 5.41751830951e-07, 3.13594199497e-07, 1.07794477344e-07, 2.64480490841e-07, 3.23591500262e-08, 7.57186526812e-08, 1.53470168129e-07, 4.81539208508e-09, 6.60189264368e-12],
        "max": [0.0234012845904, 0.170823454857, 0.0822172015905, 0.0884492471814, 0.0526490099728, 0.0370287336409, 0.0138986036181, 0.0209153480828, 0.0203593950719, 0.0182463470846, 0.0155452173203, 0.0126091623679, 0.0114765502512, 0.0121128819883, 0.00651550013572, 0.0148720759898, 0.00616356171668, 0.00481362966821, 0.00832593347877, 0.00354125257581, 0.00187643058598, 0.00606986600906, 0.00167928240262, 0.00308878300712, 0.00428078137338, 0.00079471495701, 3.07266782329e-05],
        "mean": [0.00123140786309, 0.0161622464657, 0.00330173363909, 0.00354334455915, 0.00432470487431, 0.00362433120608, 0.000672062160447, 0.00130493810866, 0.000910862581804, 0.000765923701692, 0.000757075147703, 0.000363486818969, 0.00022656537476, 0.000435792695498, 0.000171503706952, 0.000246835727012, 0.000279322615825, 0.000188058038475, 0.000250587268965, 0.000194495441974, 0.000138242219691, 0.000194866413949, 9.22698527575e-05, 0.000107101455797, 0.000108700325654, 2.10267862712e-05, 6.15892815858e-07],
        "median": [0.000577233382501, 0.00696806283668, 0.00128668243997, 0.000250420183875, 0.00231600506231, 0.00131805520505, 0.000271478726063, 0.000571224431042, 0.000244841066888, 0.000179097492946, 0.000187239376828, 0.000101902383904, 6.4999141614e-05, 0.00012485604384, 6.11887226114e-05, 7.88314719102e-05, 7.84867297625e-05, 5.1804818213e-05, 9.1869267635e-05, 7.02331235516e-05, 5.41401823284e-05, 3.21943007293e-05, 2.09443569474e-05, 3.20068065776e-05, 2.65758189926e-05, 4.3262152758e-06, 8.38612308485e-08],
        "min": [2.37349692373e-23, 2.65465830994e-23, 3.09619574928e-23, 9.83758458187e-24, 6.69608928396e-23, 5.69575559598e-23, 3.50779181519e-23, 3.42464272034e-23, 2.5363675128e-23, 6.03364680979e-23, 4.5773707668e-23, 1.05440013183e-22, 1.42377667764e-22, 8.72113877279e-23, 2.54623070381e-22, 2.06131929376e-22, 1.76298383766e-22, 2.2916212397e-22, 2.39843199652e-22, 3.13688835022e-22, 6.00031030525e-22, 6.42588473396e-22, 5.77911774639e-22, 9.49028598088e-22, 1.0396282002e-21, 2.03009994042e-21, 2.27189113426e-21],
        "stdev": [0.00233847461641, 0.0286427233368, 0.00972756743431, 0.0115560265258, 0.00628540711477, 0.00518911797553, 0.0010433079442, 0.00187924562488, 0.00190141634084, 0.00169928313699, 0.00157089659479, 0.000920439139009, 0.000582669163123, 0.000944299914408, 0.000370494584786, 0.000831600977108, 0.000576299382374, 0.000345925625879, 0.000489687256049, 0.00036862550769, 0.000229862358538, 0.000520751695149, 0.000198524838197, 0.000230236008065, 0.000349347421434, 6.12407893641e-05, 1.94245399143e-06],
        "var": [5.46846376892e-06, 0.000820405548438, 9.46255604504e-05, 0.000133541747346, 3.95063434553e-05, 2.69269457931e-05, 1.08849155822e-06, 3.53156406163e-06, 3.61538423022e-06, 2.88756314148e-06, 2.46771605816e-06, 8.47208241339e-07, 3.3950337297e-07, 8.91702370609e-07, 1.3726624104e-07, 6.91560160249e-07, 3.32120947633e-07, 1.19664534282e-07, 2.39793621404e-07, 1.35884761221e-07, 5.2836703901e-08, 2.71182329925e-07, 3.94121109082e-08, 5.30086197159e-08, 1.22043630313e-07, 3.75043418543e-09, 3.77312764366e-12]
    },
    "erbbands": {
        "dmean": [0.37599414587, 1.91877794266, 4.53481292725, 8.23700046539, 13.8292016983, 9.37390232086, 15.8399581909, 14.9808015823, 7.90454339981, 13.3955049515, 14.123418808, 18.1721744537, 13.5812330246, 14.6931972504, 17.8530330658, 13.1363449097, 9.85261058807, 14.3747730255, 10.0593976974, 8.09417819977, 15.2661800385, 11.820473671, 7.94203281403, 10.0699501038, 7.38913059235, 6.50315332413, 4.85998010635, 3.9046216011, 5.39237976074, 2.96941494942, 1.69075906277, 1.35952579975, 1.27708530426, 1.03877449036, 0.483952581882, 0.114141955972, 0.0217365957797, 0.00256462884136, 7.55525470595e-05, 2.24463256018e-05],
        "dmean2": [0.550397098064, 2.99529886246, 8.23207092285, 13.3883600235, 22.7797241211, 15.7961893082, 24.4805221558, 23.4071769714, 13.029876709, 21.1976795197, 21.4747219086, 29.9126472473, 20.8025608063, 22.0829277039, 28.5053138733, 20.5966415405, 16.79895401, 23.1966495514, 16.0309085846, 13.0700082779, 26.1472549438, 19.9591388702, 12.7404632568, 16.6781291962, 12.0237064362, 10.5959148407, 7.99084091187, 6.11880683899, 8.18414211273, 4.30262374878, 2.2791800499, 1.9678337574, 1.90667963028, 1.57128512859, 0.723116874695, 0.168712183833, 0.031134147197, 0.00392589392141, 0.000114428359666, 3.29547765432e-05],
        "dvar": [1.03069043159, 21.3878326416, 235.930938721, 433.716766357, 1316.55175781, 333.396881104, 625.589904785, 690.661621094, 236.308334351, 454.823913574, 522.45892334, 1878.90246582, 821.37121582, 1345.05004883, 1397.94934082, 895.784057617, 762.425231934, 890.141418457, 354.870025635, 251.758071899, 3559.57983398, 659.027526855, 256.265930176, 627.726318359, 258.775909424, 229.858505249, 96.4219055176, 83.7808380127, 213.212997437, 54.7895393372, 11.6233901978, 10.100725174, 13.3094511032, 14.2784080505, 2.99814915657, 0.149455577135, 0.00409618858248, 4.60803566966e-05, 3.54363756117e-08, 9.45331590785e-10],
        "dvar2": [1.85090911388, 53.9280433655, 652.270690918, 1063.42407227, 3241.50878906, 928.554626465, 1410.94348145, 1671.35168457, 632.173828125, 1053.06665039, 1151.49658203, 5187.49267578, 1754.59289551, 2471.45678711, 3331.96704102, 1665.81542969, 2079.19604492, 2167.07641602, 830.366882324, 477.801544189, 9872.20898438, 1732.04846191, 628.235717773, 1674.16552734, 686.395385742, 594.642578125, 253.228790283, 201.735961914, 436.886169434, 116.667854309, 21.7132358551, 21.3012828827, 28.184343338, 27.8658828735, 5.73886585236, 0.290470212698, 0.00779473548755, 9.38300872804e-05, 6.84703849174e-08, 2.14385753594e-09],
        "max": [9.37575244904, 34.3204421997, 97.8714752197, 149.078689575, 238.407897949, 166.389053345, 302.190917969, 314.672027588, 209.92300415, 377.494873047, 263.298950195, 591.887084961, 620.645507812, 657.941955566, 469.020751953, 538.399230957, 475.692504883, 438.16973877, 257.686706543, 430.665557861, 908.730712891, 240.506622314, 270.692779541, 533.353393555, 200.875564575, 149.105621338, 111.989448547, 134.784042358, 232.109848022, 141.628494263, 49.8194198608, 64.0403823853, 65.3218078613, 54.3841743469, 29.5590286255, 5.8951830864, 1.05623733997, 0.125791549683, 0.00273604528047, 0.000258304324234],
        "mean": [0.610107183456, 2.98120093346, 4.60278129578, 7.21467828751, 11.630074501, 15.392334938, 28.6758117676, 26.4461345673, 12.1760921478, 19.9846057892, 23.6653404236, 25.3212509155, 21.4537086487, 23.3614768982, 28.3722171783, 17.1688327789, 11.0112266541, 20.4659824371, 12.9204864502, 10.0603313446, 15.9589118958, 13.6287069321, 10.5628509521, 13.8515167236, 10.4065656662, 8.93332099915, 7.00712060928, 5.39225435257, 7.49708223343, 4.22097110748, 2.52309298515, 2.13201069832, 1.85780990124, 1.42807650566, 0.637720584869, 0.14935259521, 0.0292949192226, 0.00345420977101, 0.000113719223009, 4.99594025314e-05],
        "median": [0.285628557205, 1.13410842419, 1.93353712559, 1.20756232738, 1.48283481598, 8.96840000153, 14.8204450607, 9.50684642792, 4.95490503311, 9.82899951935, 10.789018631, 8.42319488525, 6.28328371048, 6.32032346725, 9.35218429565, 5.43951654434, 3.80769062042, 6.26796102524, 5.2504491806, 4.16716480255, 4.833589077, 3.90742301941, 3.32059192657, 5.33575344086, 3.49486708641, 3.29129457474, 2.95621848106, 1.56218993664, 1.18958425522, 0.816229224205, 0.576271772385, 0.530702114105, 0.616716444492, 0.345252275467, 0.155358016491, 0.032245580107, 0.00763536710292, 0.000792860810179, 4.66730562039e-05, 3.3349620935e-05],
        "min": [7.78203533231e-22, 6.56071961667e-21, 3.65660812022e-20, 2.56947420639e-20, 1.25054367003e-19, 2.3847526587e-19, 3.65185040998e-19, 4.74611368366e-19, 4.4475066524e-19, 7.61908824392e-19, 5.89321880582e-19, 6.38821247317e-19, 9.41101891068e-19, 2.02295207888e-18, 3.3524381184e-18, 5.0104137092e-18, 5.83557682824e-18, 3.41554021182e-18, 1.15916913781e-17, 1.30198633734e-17, 9.94212780056e-18, 1.04921590673e-17, 1.30375675201e-17, 1.05945971144e-17, 1.35537637911e-17, 1.57291586394e-17, 1.7391811523e-17, 2.95547298439e-17, 2.69018921362e-17, 1.32573841504e-17, 1.77789982241e-17, 1.55859273533e-17, 1.81013802873e-17, 1.24128219917e-17, 8.1124423359e-18, 6.61142302556e-18, 4.14506698318e-18, 1.17756056815e-18, 3.18686401183e-19, 3.69029408132e-20],
        "stdev": [1.2221095562, 5.59867763519, 12.3717546463, 19.545249939, 33.9058990479, 20.6483707428, 39.343044281, 40.0813217163, 19.647983551, 30.0519504547, 34.7004127502, 52.7118225098, 47.6050338745, 56.8941574097, 50.2016296387, 42.7568511963, 25.5066585541, 42.9153442383, 23.1745128632, 21.4720954895, 51.2140655518, 28.0370082855, 20.3787689209, 25.8727149963, 18.5757141113, 16.650976181, 11.0643072128, 10.9740839005, 20.1372737885, 10.2640132904, 5.48830795288, 4.54230546951, 4.40410614014, 4.66030311584, 2.08059716225, 0.459266632795, 0.080167286098, 0.00862917024642, 0.000238075532252, 4.38586248492e-05],
        "var": [1.49355185032, 31.3451938629, 153.060317993, 382.016815186, 1149.60998535, 426.355224609, 1547.875, 1606.5123291, 386.043273926, 903.119750977, 1204.11853027, 2778.53637695, 2266.23925781, 3236.94506836, 2520.20361328, 1828.1484375, 650.589660645, 1841.72680664, 537.058044434, 461.05090332, 2622.88037109, 786.073852539, 415.294189453, 669.397338867, 345.057189941, 277.255004883, 122.418891907, 120.430511475, 405.509765625, 105.349975586, 30.1215248108, 20.6325397491, 19.396150589, 21.7184238434, 4.32888460159, 0.210925847292, 0.00642679352313, 7.44625795051e-05, 5.66799585044e-08, 1.9235790738e-09]
    },
    "gfcc": {
        "mean": [-12.3272008896, 94.5957183838, -96.8620452881, 40.8314323425, -61.6160621643, 15.671962738, -35.9526901245, 15.8762464523, -21.8474788666, 8.41377067566, -7.9845662117, 3.69113469124, -0.304066210985],
        "cov": [[6146.83691406, 603.457946777, -698.276367188, 233.394271851, -122.674102783, 321.081329346, -49.6128463745, 14.9656133652, -100.619972229, -236.717102051, -37.0790367126, -146.169921875, -124.809608459], [603.457946777, 1834.91894531, 110.70565033, -219.326431274, 218.825241089, 100.695884705, 261.305206299, -131.228927612, 164.430831909, -163.791305542, 249.891357422, -184.544967651, 70.4757080078], [-698.276367188, 110.70565033, 1118.22265625, 310.567687988, 92.392250061, 51.0327301025, 14.6704883575, 55.4136886597, 49.4239006042, 25.1146621704, -73.1388320923, 5.69220399857, -44.4478340149], [233.394271851, -219.326431274, 310.567687988, 626.429931641, 131.791000366, 20.7274799347, -15.9927577972, 55.4700202942, 65.0036239624, -46.6766204834, -97.4190063477, -3.8290143013, -57.4355697632], [-122.674102783, 218.825241089, 92.392250061, 131.791000366, 358.809997559, 100.568557739, 98.6976013184, 31.7865886688, 75.7723464966, -2.15123915672, 3.4104487896, -16.1906147003, -11.4310026169], [321.081329346, 100.695884705, 51.0327301025, 20.7274799347, 100.568557739, 299.702575684, 115.613792419, -17.2691268921, 23.4899597168, 0.973679363728, 33.5880203247, -40.1361579895, -32.4627380371], [-49.6128463745, 261.305206299, 14.6704883575, -15.9927577972, 98.6976013184, 115.613792419, 262.745849609, -2.88015699387, 12.5090837479, 12.8138875961, 56.5056495667, -24.4903144836, -30.3307189941], [14.9656133652, -131.228927612, 55.4136886597, 55.4700202942, 31.7865886688, -17.2691268921, -2.88015699387, 187.936660767, 27.8096427917, 25.5595378876, -11.4279632568, 31.8975334167, 24.8075332642], [-100.619972229, 164.430831909, 49.4239006042, 65.0036239624, 75.7723464966, 23.4899597168, 12.5090837479, 27.8096427917, 177.783493042, 7.21765041351, 34.5823898315, 0.34378528595, 32.232585907], [-236.717102051, -163.791305542, 25.1146621704, -46.6766204834, -2.15123915672, 0.973679363728, 12.8138875961, 25.5595378876, 7.21765041351, 131.522338867, 11.2265968323, 21.9604110718, 14.2003555298], [-37.0790367126, 249.891357422, -73.1388320923, -97.4190063477, 3.4104487896, 33.5880203247, 56.5056495667, -11.4279632568, 34.5823898315, 11.2265968323, 158.694030762, -3.41166877747, 53.7816543579], [-146.169921875, -184.544967651, 5.69220399857, -3.8290143013, -16.1906147003, -40.1361579895, -24.4903144836, 31.8975334167, 0.34378528595, 21.9604110718, -3.41166877747, 105.826904297, 14.9097585678], [-124.809608459, 70.4757080078, -44.4478340149, -57.4355697632, -11.4310026169, -32.4627380371, -30.3307189941, 24.8075332642, 32.232585907, 14.2003555298, 53.7816543579, 14.9097585678, 124.829719543]],
        "icov": [[0.000339533115039, -0.000535533588845, 0.000456120964373, -0.000530129764229, 0.000492589082569, -0.000746135832742, 0.000571304291952, -0.000511427409947, 0.000532265461516, -0.00031857722206, 0.00047927867854, -0.00040536528104, 0.000392566784285], [-0.000535533588845, 0.00276856892742, -0.00135100516491, 0.00188910600264, -0.00170154031366, 0.00201710010879, -0.00220980565064, 0.00160168274306, -0.00220735091716, 0.00322841480374, -0.00270682293922, 0.00315958447754, -0.00120531965513], [0.000456120964373, -0.00135100516491, 0.00189744087402, -0.00154046190437, 0.000952826463617, -0.00142472737934, 0.00115225790069, -0.0010564654367, 0.00103196094278, -0.00169286085293, 0.00154347380158, -0.00141132483259, 0.000821982685011], [-0.000530129764229, 0.00188910600264, -0.00154046190437, 0.00377849722281, -0.001868940657, 0.00164139561821, -0.00136630155612, 0.000747031124774, -0.00235976814292, 0.00287052150816, -0.000823247246444, 0.00199503614567, -0.000232115504332], [0.000492589082569, -0.00170154031366, 0.000952826463617, -0.001868940657, 0.00499674584717, -0.0022514059674, 0.000251099903835, -0.00147435837425, 0.000208401645068, -0.00169489695691, 0.00209824019112, -0.00165728584398, 0.000591529533267], [-0.000746135832742, 0.00201710010879, -0.00142472737934, 0.00164139561821, -0.0022514059674, 0.00648210756481, -0.00310486205854, 0.00172284990549, -0.00196838658303, 0.00174548884388, -0.00266647269018, 0.00308036664501, -0.000163541582879], [0.000571304291952, -0.00220980565064, 0.00115225790069, -0.00136630155612, 0.000251099903835, -0.00310486205854, 0.00746539235115, -0.00175982783549, 0.00220348872244, -0.00290495413356, -0.000174202185008, -0.00189556344412, 0.0030426022131], [-0.000511427409947, 0.00160168274306, -0.0010564654367, 0.000747031124774, -0.00147435837425, 0.00172284990549, -0.00175982783549, 0.00738179916516, -0.00184705120046, 0.000629436282907, -0.000688603438903, 0.000149803425302, -0.00234551960602], [0.000532265461516, -0.00220735091716, 0.00103196094278, -0.00235976814292, 0.000208401645068, -0.00196838658303, 0.00220348872244, -0.00184705120046, 0.00895684398711, -0.00276501034386, 0.000472374493256, -0.00227827671915, -0.000459883915028], [-0.00031857722206, 0.00322841480374, -0.00169286085293, 0.00287052150816, -0.00169489695691, 0.00174548884388, -0.00290495413356, 0.000629436282907, -0.00276501034386, 0.0127013055608, -0.00312020326965, 0.00242808484472, -0.00163204327691], [0.00047927867854, -0.00270682293922, 0.00154347380158, -0.000823247246444, 0.00209824019112, -0.00266647269018, -0.000174202185008, -0.000688603438903, 0.000472374493256, -0.00312020326965, 0.0124733215198, -0.00322559708729, -0.0029843354132], [-0.00040536528104, 0.00315958447754, -0.00141132483259, 0.00199503614567, -0.00165728584398, 0.00308036664501, -0.00189556344412, 0.000149803425302, -0.00227827671915, 0.00242808484472, -0.00322559708729, 0.0146114630625, -0.00165817444213], [0.000392566784285, -0.00120531965513, 0.000821982685011, -0.000232115504332, 0.000591529533267, -0.000163541582879, 0.0030426022131, -0.00234551960602, -0.000459883915028, -0.00163204327691, -0.0029843354132, -0.00165817444213, 0.012275069952]]
    },
    "melbands": {
        "dmean": [0.00275833718479, 0.00232956162654, 0.00167150539346, 0.000753553700633, 0.000528244592715, 0.000338728248607, 0.000115327631647, 0.000157766247867, 0.000120019605674, 0.000105204206193, 6.77753778291e-05, 6.0237452999e-05, 6.8590947194e-05, 3.57357312168e-05, 3.05496396322e-05, 1.81389350473e-05, 3.05903158733e-05, 1.96875589609e-05, 1.04785849544e-05, 1.17647023217e-05, 2.18762252189e-05, 1.35042464535e-05, 9.17334182304e-06, 7.34731611374e-06, 8.76305875863e-06, 6.13399879512e-06, 5.20502408108e-06, 4.35847596236e-06, 3.48396133631e-06, 2.5399660899e-06, 2.33844116337e-06, 3.3211263144e-06, 2.54975316238e-06, 1.40940824167e-06, 1.00049658158e-06, 8.6235360186e-07, 8.79020035427e-07, 9.41704172419e-07, 8.78480648225e-07, 9.26629127207e-07],
        "dmean2": [0.00391137087718, 0.00401702197269, 0.00268856529146, 0.00126181473024, 0.000813459104393, 0.000524743227288, 0.000192293460714, 0.000246944488026, 0.000185928685823, 0.000173565422301, 0.000104651677248, 8.97846257431e-05, 0.000108523796371, 5.64429828955e-05, 5.01785798406e-05, 3.06627152895e-05, 4.89159283461e-05, 3.10306822939e-05, 1.66240224644e-05, 1.96099827008e-05, 3.72311187675e-05, 2.2738628104e-05, 1.50814321387e-05, 1.19117994473e-05, 1.46793090607e-05, 9.93072080746e-06, 8.74507077242e-06, 7.05501361153e-06, 5.73778106627e-06, 4.10503025705e-06, 3.63593176189e-06, 5.08217044626e-06, 3.7518532281e-06, 2.05380138141e-06, 1.3771804106e-06, 1.23361587612e-06, 1.31512183543e-06, 1.42947305903e-06, 1.33493426802e-06, 1.42809335557e-06],
        "dvar": [4.3441534217e-05, 4.6584282245e-05, 1.80833521881e-05, 2.94940741696e-06, 6.20629805326e-07, 3.28310051145e-07, 5.06092305841e-08, 6.28891569932e-08, 3.87903078547e-08, 6.17525159896e-08, 2.136975219e-08, 2.45870008797e-08, 2.43755451379e-08, 5.76728131918e-09, 7.34857996676e-09, 1.66377867039e-09, 4.50232562343e-09, 1.67488678482e-09, 4.05554867466e-10, 4.30593477541e-10, 8.90006468524e-09, 8.1559586862e-10, 4.79628947669e-10, 1.93703955653e-10, 5.55146650871e-10, 2.08783393352e-10, 1.70180439185e-10, 1.0853444532e-10, 5.19203811888e-11, 2.93821356134e-11, 3.31277887067e-11, 8.01724381327e-11, 5.42334267772e-11, 1.01949629294e-11, 4.15431621395e-12, 3.96545600176e-12, 4.53704825445e-12, 6.689092856e-12, 8.50868941277e-12, 1.17408704287e-11],
        "dvar2": [7.52837659093e-05, 0.000128989267978, 4.28970888606e-05, 7.9840874605e-06, 1.4640002064e-06, 7.80413699886e-07, 1.34488942649e-07, 1.39377220876e-07, 9.16309588206e-08, 1.69647663029e-07, 4.62795668454e-08, 4.50604780156e-08, 5.70919418408e-08, 1.1408183731e-08, 1.84044779417e-08, 4.59549331921e-09, 1.08343840566e-08, 3.89305565562e-09, 8.76753669665e-10, 1.05172615061e-09, 2.47089175787e-08, 2.10906470066e-09, 1.19882448413e-09, 4.77638595342e-10, 1.49379164593e-09, 5.43854516977e-10, 4.70178340706e-10, 2.73754519053e-10, 1.3375343888e-10, 7.6759418266e-11, 7.79677364338e-11, 1.68274796875e-10, 1.13583621675e-10, 2.25961263589e-11, 7.99848989125e-12, 8.13470298067e-12, 9.99456854084e-12, 1.50852420833e-11, 1.61285308026e-11, 2.33364352148e-11],
        "max": [0.061777357012, 0.0482836738229, 0.0286982450634, 0.0131844328716, 0.00888551399112, 0.00694014318287, 0.00317809358239, 0.00478124897927, 0.00189371325541, 0.00342094851658, 0.00321439141408, 0.00291093741544, 0.00168576324359, 0.00158968265168, 0.00160963519011, 0.000551564095076, 0.00105600734241, 0.000587588350754, 0.000469046935905, 0.000307017966406, 0.00143459241372, 0.000323942193063, 0.000337247329298, 0.000207488701562, 0.000517472799402, 0.000244581053266, 0.0001208831236, 0.000129819178255, 0.000116839328257, 5.02278926433e-05, 9.27308719838e-05, 0.000137977360282, 0.000148691819049, 4.70933155157e-05, 2.57524043263e-05, 4.15578033426e-05, 4.46245685453e-05, 5.04869058204e-05, 4.19216921728e-05, 5.12029328092e-05],
        "mean": [0.00486029451713, 0.0028613244649, 0.00147332798224, 0.000862138927914, 0.0010138656944, 0.000615412835032, 0.000165987512446, 0.000240937966737, 0.00019310884818, 0.000142695265822, 0.000101945181086, 9.06212735572e-05, 0.000107585001388, 4.71398816444e-05, 3.30603361363e-05, 2.04380594369e-05, 4.25928810728e-05, 2.36657288042e-05, 1.19345677376e-05, 1.37009856189e-05, 2.15149138967e-05, 1.5002163309e-05, 1.08555814222e-05, 9.42515271163e-06, 1.15917582661e-05, 8.39264703245e-06, 6.44081728751e-06, 5.86957503401e-06, 4.75373281006e-06, 3.40567521562e-06, 3.02381999973e-06, 4.45586692877e-06, 3.4625616081e-06, 1.90402397493e-06, 1.4201104932e-06, 1.29687009576e-06, 1.33976607231e-06, 1.32512639084e-06, 1.23196082313e-06, 1.21561856758e-06],
        "median": [0.00214537745342, 0.00123332056683, 0.000224969582632, 0.000347443274222, 0.000574433186557, 0.000232414662605, 6.17163241259e-05, 0.000122829937027, 8.60041036503e-05, 4.20242831751e-05, 2.7679870982e-05, 2.07756602322e-05, 2.76451482932e-05, 1.59417213581e-05, 9.07738012756e-06, 6.45810359856e-06, 1.1893914234e-05, 8.02177601145e-06, 4.2797801143e-06, 5.70068641537e-06, 5.22499794897e-06, 3.91805497202e-06, 3.19123114423e-06, 2.59042553807e-06, 4.08971163779e-06, 2.60227307081e-06, 2.05522360375e-06, 2.06953973247e-06, 1.85829401289e-06, 1.28464580484e-06, 6.47598710657e-07, 6.4765845309e-07, 5.3021307167e-07, 3.70226530322e-07, 2.88949280502e-07, 3.28745556999e-07, 3.18505556152e-07, 3.79915263693e-07, 3.60448694892e-07, 2.4695373213e-07],
        "min": [8.00062572303e-24, 1.43716194326e-23, 7.58550660432e-24, 1.35236223585e-23, 1.28030200097e-23, 1.07200517221e-23, 6.75677588009e-24, 8.28335504918e-24, 3.9461942424e-24, 4.19877172704e-24, 5.17272819405e-24, 8.7518453413e-24, 7.63302837411e-24, 1.37077062062e-23, 1.60508013772e-23, 1.00576404868e-23, 5.39705025878e-24, 1.91166777309e-23, 1.5050505239e-23, 1.787690551e-23, 1.01670870488e-23, 1.11508423516e-23, 1.01148478908e-23, 1.20855099956e-23, 7.72841585705e-24, 1.14728088303e-23, 7.88283774583e-24, 1.12970632424e-23, 9.27793510127e-24, 1.33922501965e-23, 1.87326665532e-23, 1.77683046069e-23, 7.91714451773e-24, 7.02937307677e-24, 1.04863501012e-23, 1.05864817936e-23, 8.45628992569e-24, 1.15837810493e-23, 1.19009757084e-23, 1.09606116997e-23],
        "stdev": [0.00897565111518, 0.00616689957678, 0.00409878510982, 0.00154399476014, 0.00125782215036, 0.000908225309104, 0.000278807565337, 0.000365692772903, 0.000276580598438, 0.000303137203446, 0.000236124367802, 0.000239136585151, 0.000209748293855, 0.000106919324026, 8.73440221767e-05, 4.01825382141e-05, 9.64707578532e-05, 4.83925432491e-05, 2.57927422354e-05, 2.34998042288e-05, 8.0262470874e-05, 3.20883555105e-05, 2.48296018981e-05, 1.74566284841e-05, 2.34402505157e-05, 1.68056176335e-05, 1.27870498545e-05, 1.16330929814e-05, 8.36957678985e-06, 5.82626307732e-06, 7.00923601471e-06, 1.20878048619e-05, 9.95217305899e-06, 4.30145564678e-06, 3.12912015943e-06, 3.07385994347e-06, 2.85112855636e-06, 2.99427460959e-06, 3.7052591324e-06, 4.15921886088e-06],
        "var": [8.05623130873e-05, 3.80306519219e-05, 1.6800040612e-05, 2.38391999119e-06, 1.58211651069e-06, 8.24873211513e-07, 7.77336524038e-08, 1.33731205665e-07, 7.649683198e-08, 9.18921614357e-08, 5.57547181756e-08, 5.71863090215e-08, 4.39943441677e-08, 1.14317417754e-08, 7.62897833795e-09, 1.61463642456e-09, 9.30660704057e-09, 2.34183827885e-09, 6.65265564859e-10, 5.52240808638e-10, 6.44206421541e-09, 1.02966257742e-09, 6.16509121532e-10, 3.04733849266e-10, 5.49445322573e-10, 2.82428774812e-10, 1.63508651063e-10, 1.35328845352e-10, 7.00498201112e-11, 3.39453395948e-11, 4.91293915272e-11, 1.46115022859e-10, 9.90457438288e-11, 1.85025189614e-11, 9.79139339052e-12, 9.44861550112e-12, 8.12893415775e-12, 8.96568062847e-12, 1.37289450641e-11, 1.72991031222e-11]
    },
    "melbands128": {
