{
"lowlevel": {
    "average_loudness": 0.976221561432,
    "barkbands_crest": {
        "dmean": 2.54548168182,
        "dmean2": 3.84271073341,
        "dvar": 7.47285556793,
        "dvar2": 14.2424888611,
        "max": 26.4534416199,
        "mean": 13.3029203415,
        "median": 12.8411483765,
        "min": 2.81043195724,
        "stdev": 4.36312627792,
        "var": 19.0368728638
    },
    "barkbands_flatness_db": {
        "dmean": 0.0415049344301,
        "dmean2": 0.0588662214577,
        "dvar": 0.00191537162755,
        "dvar2": 0.00373676256277,
        "max": 0.540999352932,
        "mean": 0.218656376004,
        "median": 0.202907428145,
        "min": 0.0356219448149,
        "stdev": 0.0876523330808,
        "var": 0.00768293160945
    },
    "barkbands_kurtosis": {
        "dmean": 15.8783435822,
        "dmean2": 25.9693317413,
        "dvar": 1690.92895508,
        "dvar2": 4308.65869141,
        "max": 725.257568359,
        "mean": 19.6805553436,
        "median": 6.5749130249,
        "min": -1.86669373512,
        "stdev": 43.2839126587,
        "var": 1873.49694824
    },
    "barkbands_skewness": {
        "dmean": 1.19301795959,
        "dmean2": 1.86218142509,
        "dvar": 2.56083893776,
        "dvar2": 5.7779302597,
        "max": 23.361333847,
        "mean": 3.04080843925,
        "median": 2.48860692978,
        "min": -0.558331787586,
        "stdev": 2.36026883125,
        "var": 5.57086896896
    },
    "barkbands_spread": {
        "dmean": 10.1326799393,
        "dmean2": 16.1437301636,
        "dvar": 220.883651733,
        "dvar2": 516.771240234,
        "max": 121.341743469,
        "mean": 20.9354190826,
        "median": 14.9783468246,
        "min": 0.185484394431,
        "stdev": 20.1818885803,
        "var": 407.30859375
    },
    "dissonance": {
        "dmean": 0.0295358635485,
        "dmean2": 0.0469815544784,
        "dvar": 0.000928728375584,
        "dvar2": 0.00212020403706,
        "max": 0.499962985516,
        "mean": 0.429868727922,
        "median": 0.440379589796,
        "min": 0,
        "stdev": 0.049331702292,
        "var": 0.00243361690082
    },
    "dynamic_complexity": 2.87775230408,
    "erbbands_crest": {
        "dmean": 2.93133926392,
        "dmean2": 4.67485427856,
        "dvar": 7.05023384094,
        "dvar2": 16.6302070618,
        "max": 29.3661384583,
        "mean": 10.4910097122,
        "median": 9.77617263794,
        "min": 3.65102291107,
        "stdev": 4.26452350616,
        "var": 18.1861610413
    },
    "erbbands_flatness_db": {
        "dmean": 0.0214458536357,
        "dmean2": 0.0316761359572,
        "dvar": 0.000442116841441,
        "dvar2": 0.0008683843771,
        "max": 0.319004446268,
        "mean": 0.155348852277,
        "median": 0.148679107428,
        "min": 0.0640965625644,
        "stdev": 0.041098959744,
        "var": 0.00168912450317
    },
    "erbbands_kurtosis": {
        "dmean": 1.87879550457,
        "dmean2": 2.96038341522,
        "dvar": 5.53636264801,
        "dvar2": 13.9147262573,
        "max": 24.5973968506,
        "mean": 1.86146593094,
        "median": 0.938532114029,
        "min": -1.91733300686,
        "stdev": 3.38521742821,
        "var": 11.4596977234
    },
    "erbbands_skewness": {
        "dmean": 0.576047062874,
        "dmean2": 0.865103602409,
        "dvar": 0.344192326069,
        "dvar2": 0.814574837685,
        "max": 4.13137722015,
        "mean": 0.515965461731,
        "median": 0.638438940048,
        "min": -4.24275350571,
        "stdev": 1.18434154987,
        "var": 1.40266501904
    },
    "erbbands_spread": {
        "dmean": 16.4727153778,
        "dmean2": 25.9167098999,
        "dvar": 416.314331055,
        "dvar2": 986.526306152,
        "max": 177.473999023,
        "mean": 43.6667900085,
        "median": 34.2478256226,
        "min": 5.46679162979,
        "stdev": 28.6647377014,
        "var": 821.667175293
    },
    "hfc": {
        "dmean": 15.5940027237,
        "dmean2": 24.7764034271,
        "dvar": 510.325622559,
        "dvar2": 1239.40283203,
        "max": 186.575424194,
        "mean": 25.6801319122,
        "median": 16.0425262451,
        "min": 9.98361520033e-06,
        "stdev": 27.9875488281,
        "var": 783.302856445
    },
    "loudness_ebu128": {
        "integrated": -10.3411626816,
        "loudness_range": 1.5222826004,
        "momentary": {
            "dmean": 0.853756129742,
            "dmean2": 1.1937315464,
            "dvar": 0.588499128819,
            "dvar2": 1.02758431435,
            "max": -7.76687431335,
            "mean": -10.6424102783,
            "median": -10.22631073,
            "min": -17.0418739319,
            "stdev": 1.71407222748,
            "var": 2.93804359436
        },
        "short_term": {
            "dmean": 0.115588381886,
            "dmean2": 0.192360579967,
            "dvar": 0.0105665111914,
            "dvar2": 0.0262386966497,
            "max": -9.32737541199,
            "mean": -10.3875017166,
            "median": -10.3262643814,
            "min": -12.1715164185,
            "stdev": 0.546700656414,
            "var": 0.298881590366
        }
    },
    "melbands_crest": {
        "dmean": 3.59967064857,
        "dmean2": 5.60878658295,
        "dvar": 17.0789813995,
        "dvar2": 37.7519226074,
        "max": 38.4593734741,
        "mean": 27.1027069092,
        "median": 28.0964546204,
        "min": 5.76904535294,
        "stdev": 6.80501031876,
        "var": 46.3081665039
    },
    "melbands_flatness_db": {
        "dmean": 0.0480476133525,
        "dmean2": 0.0669454112649,
        "dvar": 0.00262035871856,
        "dvar2": 0.0050778677687,
        "max": 0.646379590034,
        "mean": 0.299208730459,
        "median": 0.283993542194,
        "min": 0.0682522431016,
        "stdev": 0.105154447258,
        "var": 0.0110574578866
    },
    "melbands_kurtosis": {
        "dmean": 30.9626579285,
        "dmean2": 51.0802536011,
        "dvar": 4292.78808594,
        "dvar2": 10614.2470703,
        "max": 823.725097656,
        "mean": 43.6147232056,
        "median": 19.9669685364,
        "min": -1.66763937473,
        "stdev": 74.1464996338,
        "var": 5497.70361328
    },
    "melbands_skewness": {
        "dmean": 1.53389024734,
        "dmean2": 2.40634846687,
        "dvar": 3.73093175888,
        "dvar2": 8.67483997345,
        "max": 21.8223609924,
        "mean": 4.47522878647,
        "median": 3.85680174828,
        "min": -0.0525191277266,
        "stdev": 2.98912167549,
        "var": 8.9348487854
    },
    "melbands_spread": {
        "dmean": 7.7169880867,
        "dmean2": 12.3154840469,
        "dvar": 133.818832397,
        "dvar2": 306.148773193,
        "max": 101.201675415,
        "mean": 16.3033065796,
        "median": 11.6014966965,
        "min": 0.338376313448,
        "stdev": 15.9483346939,
        "var": 254.349380493
    },
    "pitch_salience": {
        "dmean": 0.0857717841864,
        "dmean2": 0.136799231172,
        "dvar": 0.0112905567512,
        "dvar2": 0.025620508939,
        "max": 0.847081243992,
        "mean": 0.341428279877,
        "median": 0.323311686516,
        "min": 0.0488932020962,
        "stdev": 0.140002474189,
        "var": 0.0196006912738
    },
    "silence_rate_20dB": {
        "dmean": 0,
        "dmean2": 0,
        "dvar": 0,
        "dvar2": 0,
        "max": 1,
        "mean": 1,
        "median": 1,
        "min": 1,
        "stdev": 0,
        "var": 0
    },
    "silence_rate_30dB": {
        "dmean": 0.0634674951434,
        "dmean2": 0.127033308148,
        "dvar": 0.0594395250082,
        "dvar2": 0.112444855273,
        "max": 1,
        "mean": 0.879350364208,
        "median": 1,
        "min": 0,
        "stdev": 0.325720012188,
        "var": 0.106093533337
    },
    "silence_rate_60dB": {
        "dmean": 0.00232198135927,
        "dmean2": 0.00387296662666,
        "dvar": 0.00231662392616,
        "dvar2": 0.00540705164894,
        "max": 1,
        "mean": 0.00154679035768,
        "median": 0,
        "min": 0,
        "stdev": 0.0392987206578,
        "var": 0.00154438940808
    },
    "spectral_centroid": {
        "dmean": 345.928344727,
        "dmean2": 531.57220459,
        "dvar": 243791.90625,
        "dvar2": 531982.125,
        "max": 5230.99267578,
        "mean": 1212.58679199,
        "median": 928.182312012,
        "min": 110.748687744,
        "stdev": 855.88470459,
        "var": 732538.625
    },
    "spectral_complexity": {
        "dmean": 3.56501555443,
        "dmean2": 4.8776140213,
        "dvar": 29.4315433502,
        "dvar2": 45.4304847717,
        "max": 59,
        "mean": 13.0556840897,
        "median": 11,
        "min": 0,
        "stdev": 8.98825836182,
        "var": 80.7887954712
    },
    "spectral_decrease": {
        "dmean": 6.6192038517e-09,
        "dmean2": 1.0674282791e-08,
        "dvar": 1.45199142207e-16,
        "dvar2": 3.67026787584e-16,
        "max": -1.76729972785e-15,
        "mean": -1.60675774907e-08,
        "median": -1.24499868193e-08,
        "min": -8.90846862944e-08,
        "stdev": 1.44192515705e-08,
        "var": 2.07914824815e-16
    },
    "spectral_energy": {
        "dmean": 0.0257425121963,
        "dmean2": 0.0413566753268,
        "dvar": 0.00210230262019,
        "dvar2": 0.0052971187979,
        "max": 0.339721947908,
        "mean": 0.0629720166326,
        "median": 0.0496078766882,
        "min": 7.5757480289e-09,
        "stdev": 0.0551258809865,
        "var": 0.00303886272013
    },
    "spectral_energyband_high": {
        "dmean": 0.00138691451866,
        "dmean2": 0.00234649702907,
        "dvar": 4.90711363454e-06,
        "dvar2": 1.29225800265e-05,
        "max": 0.0158873945475,
        "mean": 0.00161664758343,
        "median": 0.000383692007745,
        "min": 5.43549705245e-10,
        "stdev": 0.00260150083341,
        "var": 6.76780609865e-06
    },
    "spectral_energyband_low": {
        "dmean": 0.0213535930961,
        "dmean2": 0.0364465042949,
        "dvar": 0.00233748741448,
        "dvar2": 0.00614639045671,
        "max": 0.330279797316,
        "mean": 0.045950345695,
        "median": 0.0313966907561,
        "min": 2.72913269761e-09,
        "stdev": 0.0524960383773,
        "var": 0.00275583402254
    },
    "spectral_energyband_middle_high": {
        "dmean": 0.00226046005264,
        "dmean2": 0.00321177556179,
        "dvar": 2.14271021832e-05,
        "dvar2": 4.17656665377e-05,
        "max": 0.0538329072297,
        "mean": 0.00395098002627,
        "median": 0.0016145282425,
        "min": 2.40640063431e-09,
        "stdev": 0.0061883116141,
        "var": 3.82952021027e-05
    },
    "spectral_energyband_middle_low": {
        "dmean": 0.00698022730649,
        "dmean2": 0.0119075626135,
        "dvar": 0.000248521479079,
        "dvar2": 0.00069910165621,
        "max": 0.115408763289,
        "mean": 0.0102338017896,
        "median": 0.00485160481185,
        "min": 1.63639679585e-09,
        "stdev": 0.0141149424016,
        "var": 0.000199231610168
    },
    "spectral_entropy": {
        "dmean": 0.300461471081,
        "dmean2": 0.4278408885,
        "dvar": 0.105501525104,
        "dvar2": 0.20949691534,
        "max": 8.8662776947,
        "mean": 7.45888614655,
        "median": 7.41887569427,
        "min": 5.2199177742,
        "stdev": 0.621721088886,
        "var": 0.386537104845
    },
    "spectral_flux": {
        "dmean": 0.0488410629332,
        "dmean2": 0.0713672414422,
        "dvar": 0.003705925541,
        "dvar2": 0.00674336077645,
        "max": 0.591802656651,
        "mean": 0.116049997509,
        "median": 0.0849990397692,
        "min": 8.70387739269e-05,
        "stdev": 0.0961603820324,
        "var": 0.00924681965262
    },
    "spectral_kurtosis": {
        "dmean": 2.53909826279,
        "dmean2": 3.92776966095,
        "dvar": 13.2574539185,
        "dvar2": 29.206035614,
        "max": 46.2850646973,
        "mean": 4.36688709259,
        "median": 3.19546222687,
        "min": -1.29200327396,
        "stdev": 5.41861963272,
        "var": 29.3614387512
    },
    "spectral_rms": {
        "dmean": 0.00137411477044,
        "dmean2": 0.00215311395004,
        "dvar": 3.99581313104e-06,
        "dvar2": 9.22217714105e-06,
        "max": 0.0182053856552,
        "mean": 0.00730010261759,
        "median": 0.00695686182007,
        "min": 2.71863450507e-06,
        "stdev": 0.00285388925113,
        "var": 8.14468330645e-06
    },
    "spectral_rolloff": {
        "dmean": 645.480773926,
        "dmean2": 1137.29052734,
        "dvar": 2389954.5,
        "dvar2": 6150773,
        "max": 12123.1933594,
        "mean": 850.587219238,
        "median": 387.59765625,
        "min": 43.06640625,
        "stdev": 1541.9967041,
        "var": 2377753.75
    },
    "spectral_skewness": {
        "dmean": 0.402762264013,
        "dmean2": 0.593632936478,
        "dvar": 0.183041676879,
        "dvar2": 0.385685354471,
        "max": 5.3932261467,
        "mean": 1.59857332706,
        "median": 1.60252058506,
        "min": -0.250686466694,
        "stdev": 0.782616376877,
        "var": 0.612488389015
    },
    "spectral_spread": {
        "dmean": 1362398.625,
        "dmean2": 1961656.625,
        "dvar": 2.80105294234e+12,
        "dvar2": 5.0549400535e+12,
        "max": 21745798,
        "mean": 6207853.5,
        "median": 5656732.5,
        "min": 1362213.75,
        "stdev": 2901071,
        "var": 8.41621281178e+12
    },
    "spectral_strongpeak": {
        "dmean": 0.241337448359,
        "dmean2": 0.40575504303,
        "dvar": 0.320151209831,
        "dvar2": 0.730569660664,
        "max": 6.61019468307,
        "mean": 0.401671737432,
        "median": 0.261126339436,
        "min": 0,
        "stdev": 0.6500852108,
        "var": 0.42261081934
    },
    "zerocrossingrate": {
        "dmean": 0.0136510888115,
        "dmean2": 0.0166514869779,
        "dvar": 0.00025524047669,
        "dvar2": 0.000338979618391,
        "max": 0.24951171875,
        "mean": 0.0404412448406,
        "median": 0.02978515625,
        "min": 0.0009765625,
        "stdev": 0.033105224371,
        "var": 0.00109595595859
    },
    "barkbands": {
        "dmean": [0.00344232353382, 0.0175590626895, 0.00490170530975, 0.00187924993224, 0.00224294606596, 0.00138593057636, 0.00170292053372, 0.00099193083588, 0.000641210237518, 0.000405992701417, 0.000116836265079, 0.000417591567384, 0.000563213252462, 0.000541456218343, 0.000324747728882, 0.000196118635358, 0.000198256093427, 0.000124968908494, 0.000163821823662, 0.000233980157645, 6.516907888e-05, 0.000181155395694, 0.000531291065272, 0.000404828984756, 0.000192677820451, 5.61568995181e-05, 6.56336987959e-06],
        "dmean2": [0.00549451075494, 0.0295198820531, 0.00906963087618, 0.00363084790297, 0.0041439672932, 0.00238434318453, 0.00266776233912, 0.00152573897503, 0.000890809576958, 0.000653507653624, 0.000180197675945, 0.000629193673376, 0.00086589041166, 0.000907517445739, 0.000495480780955, 0.000299026287394, 0.000294930650853, 0.000183722309885, 0.000247412448516, 0.000406373292208, 0.000100340919744, 0.000302318570903, 0.000947946798988, 0.000710362102836, 0.000312617979944, 8.82410386112e-05, 1.07874557216e-05],
        "dvar": [1.33019057103e-05, 0.00177884509321, 0.000326360779582, 6.13365045865e-05, 5.02442890138e-05, 1.02184922071e-05, 1.6756435798e-05, 6.24706808594e-06, 3.30032185047e-06, 2.0744575977e-06, 5.27654400173e-08, 1.1386806591e-06, 2.3062884793e-06, 2.21229447561e-06, 9.12816801701e-07, 2.86220142698e-07, 2.57494036759e-07, 1.32929841357e-07, 1.92036353042e-07, 1.17863362448e-06, 1.99860235028e-08, 1.4409769733e-07, 8.86767963948e-07, 5.64503181977e-07, 1.90787233123e-07, 1.88189712702e-08, 8.89417706151e-10],
        "dvar2": [3.33403986588e-05, 0.00467956764624, 0.000921625236515, 0.000178666683496, 0.000145365775097, 2.64672235062e-05, 3.3797481592e-05, 1.3258522813e-05, 5.86197711527e-06, 5.70731435801e-06, 1.13951323044e-07, 2.43860517912e-06, 5.20218009115e-06, 6.06656976743e-06, 2.01925035981e-06, 6.43288274205e-07, 5.24394579315e-07, 2.84625826907e-07, 4.28345089176e-07, 3.34029618898e-06, 4.45157049e-08, 3.91367706243e-07, 2.42581154453e-06, 1.650683771e-06, 4.01871460554e-07, 3.65415928627e-08, 2.24973084606e-09],
        "max": [0.0474411658943, 0.304496645927, 0.137736365199, 0.0701218992472, 0.0547726638615, 0.0433829650283, 0.0415155775845, 0.0301731657237, 0.0345873311162, 0.0363213270903, 0.00226553855464, 0.0161834582686, 0.021449489519, 0.0295741017908, 0.0126606384292, 0.00673047173768, 0.00762204406783, 0.00703889271244, 0.00640736566857, 0.0152243487537, 0.00210808496922, 0.00623008143157, 0.00671668210998, 0.00590465776622, 0.0084416102618, 0.00187869695947, 0.000506180571392],
        "mean": [0.0127163594589, 0.0310430023819, 0.00345023907721, 0.00117721257266, 0.0020214735996, 0.00192392175086, 0.00261371908709, 0.0014589530183, 0.00096338079311, 0.000552750134375, 0.000144261051901, 0.00056807056535, 0.000741137599107, 0.000627524859738, 0.000349680514773, 0.000235600033193, 0.000253209786024, 0.000164698227309, 0.000202089155209, 0.000212587852729, 0.000107095736894, 0.000260151398834, 0.000475535576697, 0.000402395002311, 0.000229360695812, 7.03504920239e-05, 7.30044894226e-06],
        "median": [0.0101875821128, 0.0176839027554, 0.000631109403912, 0.000154115259647, 0.000689440406859, 0.000987947918475, 0.000895474513527, 0.000151052008732, 0.000197344998014, 0.000186479606782, 2.4759585358e-05, 9.3398768513e-05, 0.000118352058053, 7.33104971005e-05, 2.76822393062e-05, 2.94114270218e-05, 5.28974996996e-05, 2.37160875258e-05, 3.05870744342e-05, 3.01701056742e-05, 2.29447341553e-05, 5.90085473959e-05, 5.43430396647e-05, 6.61797312205e-05, 3.93964837713e-05, 1.09902848635e-05, 1.68237235698e-07],
        "min": [1.02597363938e-09, 1.33169930638e-09, 6.43277431323e-10, 4.46351511307e-10, 5.75817504789e-10, 2.65294369806e-10, 1.43477507653e-10, 5.27070401213e-11, 9.23748091908e-11, 2.40367364901e-10, 1.87406409835e-10, 1.29081245692e-10, 3.48058248889e-10, 3.56581070227e-10, 3.76755182607e-10, 3.58883700535e-10, 2.31296135023e-10, 1.31336927445e-10, 5.46390432898e-11, 4.92027737997e-11, 4.77819311895e-11, 1.54646073725e-10, 1.0253589644e-10, 4.51948790892e-11, 5.07565586783e-11, 5.68669070167e-11, 3.93538370294e-12],
        "stdev": [0.00937951542437, 0.0452353656292, 0.013878875412, 0.00575073715299, 0.00541947828606, 0.00313007994555, 0.00521569279954, 0.00353927863762, 0.00289418338798, 0.00134860666003, 0.000283927307464, 0.00141322473064, 0.00175728474278, 0.00153696641792, 0.00105046993122, 0.00062122970121, 0.000614677148405, 0.000476967688883, 0.000522814458236, 0.000871650932822, 0.000249068136327, 0.000552420911845, 0.000870848889463, 0.0007675641682, 0.000587257673033, 0.000187704601558, 3.13768396154e-05],
        "var": [8.79753060872e-05, 0.00204623816535, 0.000192623178009, 3.30709772243e-05, 2.93707471428e-05, 9.79740070761e-06, 2.72034521913e-05, 1.25264932649e-05, 8.37629795569e-06, 1.81873986094e-06, 8.06147113508e-08, 1.99720398086e-06, 3.08804965243e-06, 2.36226560446e-06, 1.10348719318e-06, 3.85926369972e-07, 3.77828001774e-07, 2.27498176741e-07, 2.73334961776e-07, 7.5977538927e-07, 6.20349354108e-08, 3.05168867953e-07, 7.58377836974e-07, 5.89154751651e-07, 3.44871580182e-07, 3.52330182807e-08, 9.84506032253e-10]
    },
    "erbbands": {
        "dmean": [0.659295618534, 3.54742002487, 6.54964876175, 5.407725811, 6.80079174042, 7.55138158798, 8.7726726532, 11.9466218948, 26.5797309875, 15.4719429016, 22.6559696198, 14.2750368118, 9.8383731842, 10.2427253723, 7.85879898071, 15.1175575256, 24.803976059, 27.6171302795, 16.0184345245, 16.8725910187, 10.9840488434, 11.2445201874, 6.95215463638, 8.0208530426, 8.52450084686, 12.3852720261, 3.32961297035, 3.10986447334, 5.91333580017, 9.88664722443, 15.2651786804, 11.2111616135, 5.25538635254, 2.54538226128, 1.18638861179, 0.361545532942, 0.0887886956334, 0.0153365284204, 0.000792526814621, 4.280862413e-05],
        "dmean2": [1.16440594196, 5.62711143494, 11.3360528946, 10.069861412, 12.9771099091, 13.8531780243, 15.4425802231, 19.9521884918, 41.3846321106, 24.042634964, 33.4321327209, 20.4285545349, 15.5992460251, 16.1530952454, 11.7743110657, 22.1892299652, 38.2347412109, 45.132686615, 25.6921749115, 25.9009971619, 16.4670410156, 16.6309108734, 9.92503452301, 12.8007631302, 12.8004379272, 21.737279892, 5.31565904617, 5.02528142929, 9.79013252258, 17.21808815, 27.1388950348, 19.7695941925, 9.12961006165, 4.20698690414, 1.92922186852, 0.568479061127, 0.143941178918, 0.024794222787, 0.00127417442854, 6.86692874297e-05],
        "dvar": [1.92086267471, 100.236129761, 512.18927002, 438.210632324, 664.969421387, 526.036010742, 310.872131348, 992.810668945, 3970.88671875, 928.029296875, 2973.42382812, 1668.5982666, 2730.56933594, 458.428009033, 287.781158447, 1378.79638672, 4589.70361328, 6528.29492188, 1413.77172852, 2551.55883789, 880.951904297, 804.90826416, 366.838562012, 905.881469727, 522.611633301, 3877.14233398, 89.6219558716, 50.1366004944, 152.046554565, 336.368988037, 734.950439453, 413.595916748, 98.4176940918, 27.2607326508, 9.04184055328, 0.887158274651, 0.0430443882942, 0.00182261911687, 1.21950461107e-05, 5.32217114824e-09],
        "dvar2": [6.13215589523, 234.266601562, 1383.81689453, 1253.79943848, 1932.29052734, 1515.29602051, 823.881103516, 2572.7175293, 7991.92724609, 2223.88769531, 5998.74121094, 3050.89477539, 7661.17724609, 1101.85559082, 599.15020752, 2965.21386719, 10549.5263672, 15982.703125, 3070.78051758, 6103.36816406, 1897.80310059, 1616.37219238, 670.283691406, 2487.92089844, 1156.62194824, 11018.1337891, 233.430984497, 110.849464417, 383.619628906, 971.292602539, 1987.05883789, 1192.00134277, 286.809539795, 59.3070411682, 19.2333259583, 1.79333674908, 0.0836133956909, 0.00443824473768, 3.07716545649e-05, 1.2231962998e-08],
        "max": [10.6505022049, 78.5485687256, 184.438690186, 179.03793335, 195.768173218, 201.152740479, 114.471817017, 506.386352539, 673.064941406, 344.552398682, 819.542907715, 883.717956543, 1409.74523926, 183.072799683, 276.57321167, 685.646850586, 1177.14306641, 1850.22888184, 605.528808594, 744.826843262, 430.254577637, 447.394134521, 273.823394775, 625.553283691, 301.216125488, 878.188964844, 96.9379119873, 142.650390625, 247.483093262, 200.968139648, 191.374725342, 150.864044189, 95.5335235596, 94.1631469727, 58.5454902649, 14.5608310699, 3.33873081207, 0.59070110321, 0.0596909746528, 0.000902052444872],
        "mean": [1.4792098999, 4.66370820999, 5.37635612488, 3.80007839203, 4.80474042892, 6.95388841629, 11.4055948257, 18.0648422241, 41.7434616089, 22.3496513367, 35.1358222961, 21.1229190826, 13.8582830429, 13.8374176025, 11.7014360428, 20.8904209137, 34.4133453369, 31.8929367065, 21.6411056519, 17.763168335, 14.5635690689, 15.2719841003, 9.60611629486, 9.62274360657, 10.727478981, 10.7992801666, 4.55959653854, 5.1212272644, 8.89552021027, 10.9834394455, 13.6193580627, 10.4341259003, 5.51808691025, 2.92721223831, 1.43758845329, 0.458305776119, 0.105169661343, 0.0178977064788, 0.000948853092268, 9.40879399423e-05],
        "median": [1.16643035412, 1.14993607998, 0.875549077988, 0.704083800316, 0.756425976753, 2.19195723534, 6.19841337204, 9.06778049469, 15.4823026657, 5.64387369156, 5.2158703804, 5.10127830505, 5.06108379364, 4.99130821228, 2.55266284943, 4.00769853592, 6.36497116089, 4.80681371689, 2.96410083771, 1.73662006855, 2.28392028809, 3.75600504875, 1.78331899643, 1.28529286385, 1.87242293358, 1.47984910011, 0.952558875084, 1.05401921272, 1.98423504829, 2.05366039276, 1.49506723881, 1.38215303421, 0.964776277542, 0.550413310528, 0.229039132595, 0.0673999637365, 0.0154795730487, 0.00179304124322, 8.38370906422e-05, 6.65206316626e-05],
        "min": [5.20203400356e-08, 2.5564534667e-07, 6.98151495726e-07, 1.24215773667e-06, 1.68332394423e-06, 1.9269762106e-06, 2.06848812923e-06, 2.17699675886e-06, 2.16304761125e-06, 1.74932904429e-06, 1.01369153072e-06, 1.92159291146e-06, 5.81778158448e-06, 8.43038378662e-06, 6.7884316195e-06, 5.86869737162e-06, 1.48701128637e-05, 1.88695357792e-05, 1.86818579095e-05, 2.15721647692e-05, 1.72883046616e-05, 1.30917824208e-05, 8.34000547911e-06, 4.43123690275e-06, 1.84372515832e-06, 2.30903265219e-06, 2.21502114073e-06, 2.08779442801e-06, 5.21646416018e-06, 5.41602776138e-06, 2.51201095125e-06, 1.1427013078e-06, 6.47928118269e-07, 4.90840932343e-07, 4.05829808869e-07, 2.55274727579e-07, 9.89398643014e-08, 3.60368623831e-08, 8.54615311852e-09, 8.38616232013e-10],
        "stdev": [1.33248472214, 11.0515441895, 18.9793262482, 15.8496723175, 19.1554584503, 17.8243312836, 16.3223209381, 31.8237934113, 82.6418533325, 37.7244377136, 82.2614517212, 60.6895027161, 44.404838562, 23.6546726227, 24.2843475342, 48.7469787598, 78.0314178467, 85.6016464233, 48.8637886047, 50.733417511, 36.7457199097, 35.3271598816, 24.5049037933, 34.4027404785, 26.1755065918, 49.0927314758, 10.8716106415, 13.2798337936, 20.2482471466, 20.8129138947, 25.1759223938, 19.6710853577, 10.7217931747, 6.91341495514, 3.95405697823, 1.25960338116, 0.279473096132, 0.0480493791401, 0.00369243370369, 9.42474944168e-05],
        "var": [1.77551567554, 122.136627197, 360.21484375, 251.212127686, 366.93157959, 317.706756592, 266.418151855, 1012.75384521, 6829.67529297, 1423.13330078, 6766.94677734, 3683.21582031, 1971.78967285, 559.543579102, 589.729492188, 2376.26782227, 6088.90234375, 7327.64208984, 2387.66967773, 2573.87963867, 1350.24780273, 1248.00817871, 600.490356445, 1183.54858398, 685.157165527, 2410.09619141, 118.191925049, 176.353973389, 409.991546631, 433.177398682, 633.827026367, 386.951599121, 114.956855774, 47.7953071594, 15.6345663071, 1.58660066128, 0.0781052187085, 0.00230874284171, 1.36340668178e-05, 8.88259066301e-09]
    },
    "gfcc": {
        "mean": [-14.3198318481, 92.1680145264, -79.4018554688, 36.3140068054, -57.6178627014, 28.668920517, -34.3255996704, 14.6786441803, -5.95074605942, 14.748003006, 4.35983753204, 11.1263456345, -5.14723396301],
        "cov": [[6181.00146484, -2410.10498047, -539.854736328, 51.2959976196, -757.625732422, 530.016235352, -534.200378418, 362.902587891, -343.516662598, 315.666534424, -367.960510254, 106.090797424, -383.043518066], [-2410.10498047, 2208.02929688, -426.53894043, -393.804626465, 598.258300781, -408.04019165, 427.441162109, -192.742935181, 300.611358643, -218.005096436, 201.252365112, -176.482635498, 191.695129395], [-539.854736328, -426.53894043, 1599.42980957, 203.224868774, -327.389251709, 126.236915588, -83.4519424438, -13.6970767975, -106.644508362, -65.5353622437, -15.3742370605, 44.8579597473, -103.743057251], [51.2959976196, -393.804626465, 203.224868774, 574.714660645, 18.904045105, -68.8167266846, -58.523601532, -89.949546814, -20.344165802, 31.5037059784, 43.8975257874, 33.7237854004, 18.0830173492], [-757.625732422, 598.258300781, -327.389251709, 18.904045105, 619.026489258, -168.926483154, 73.723487854, -90.290435791, 110.594863892, -61.4909477234, 35.9026870728, -43.0765609741, 102.255958557], [530.016235352, -408.04019165, 126.236915588, -68.8167266846, -168.926483154, 301.138122559, -65.6740722656, 54.984539032, -42.8719177246, 19.500831604, -79.8597412109, 9.89398193359, -58.2552909851], [-534.200378418, 427.441162109, -83.4519424438, -58.523601532, 73.723487854, -65.6740722656, 303.258575439, -9.7355670929, 51.9006385803, -48.0409927368, 62.4272270203, -44.2587394714, 22.0874958038], [362.902587891, -192.742935181, -13.6970767975, -89.949546814, -90.290435791, 54.984539032, -9.7355670929, 173.040374756, -25.1805744171, 17.8583488464, -39.0977935791, 4.55944538116, -35.2757072449], [-343.516662598, 300.611358643, -106.644508362, -20.344165802, 110.594863892, -42.8719177246, 51.9006385803, -25.1805744171, 171.21875, -0.956743061543, 19.2104263306, -41.9130744934, 23.8237552643], [315.666534424, -218.005096436, -65.5353622437, 31.5037059784, -61.4909477234, 19.500831604, -48.0409927368, 17.8583488464, -0.956743061543, 190.71522522, 17.5072917938, -8.15472316742, -31.4956550598], [-367.960510254, 201.252365112, -15.3742370605, 43.8975257874, 35.9026870728, -79.8597412109, 62.4272270203, -39.0977935791, 19.2104263306, 17.5072917938, 146.781280518, 10.3438825607, 18.3355674744], [106.090797424, -176.482635498, 44.8579597473, 33.7237854004, -43.0765609741, 9.89398193359, -44.2587394714, 4.55944538116, -41.9130744934, -8.15472316742, 10.3438825607, 112.616294861, 16.943113327], [-383.043518066, 191.695129395, -103.743057251, 18.0830173492, 102.255958557, -58.2552909851, 22.0874958038, -35.2757072449, 23.8237552643, -31.4956550598, 18.3355674744, 16.943113327, 115.527259827]],
        "icov": [[0.00047604762949, 0.000267831346719, 0.000386707193684, -7.1168600698e-05, 0.000193306448637, -8.2103877503e-05, 0.000239317625528, -0.000197362765903, 0.00024699777714, -6.38005512883e-05, 0.000493452593219, -9.2876580311e-05, 0.00104083132464], [0.000267831346719, 0.00305410963483, 3.14449498546e-05, 0.00233369367197, -0.000709167274181, 0.00194655312225, -0.00121668609791, 0.00174463249277, -0.00189309602138, 0.0018435374368, -0.00198930688202, 0.00264175608754, -0.00132085732184], [0.000386707193684, 3.14449498546e-05, 0.00115755293518, -0.000528851291165, 0.000571654527448, -0.000371039786842, 0.00038335804129, -8.37247571326e-05, 0.000460626964923, 0.000419186835643, 0.000393533788156, -0.00028124259552, 0.00155838823412], [-7.1168600698e-05, 0.00233369367197, -0.000528851291165, 0.00413408596069, -0.000787855766248, 0.00211614277214, -0.000782266026363, 0.00249197264202, -0.00148323178291, 0.000970684050117, -0.00213955715299, 0.00180339394137, -0.00190978788305], [0.000193306448637, -0.000709167274181, 0.000571654527448, -0.000787855766248, 0.00286168581806, 0.000196491921088, 0.000528742326424, 6.35243050056e-05, -0.000178995760507, 0.000106642764877, 0.000988017418422, -0.000132335713715, -0.000132655361085], [-8.2103877503e-05, 0.00194655312225, -0.000371039786842, 0.00211614277214, 0.000196491921088, 0.00620117690414, -0.000701260112692, 0.00116539793089, -0.00137804728001, 0.000970165769104, 0.000407646788517, 0.00143718277104, -0.000450399762485], [0.000239317625528, -0.00121668609791, 0.00038335804129, -0.000782266026363, 0.000528742326424, -0.000701260112692, 0.00520197534934, -0.00138582719956, 0.000514185987413, 0.000440562958829, -0.000841604778543, 0.000445547979325, 0.00112201075535], [-0.000197362765903, 0.00174463249277, -8.37247571326e-05, 0.00249197264202, 6.35243050056e-05, 0.00116539793089, -0.00138582719956, 0.0086931893602, -0.000968444219325, 0.000610060524195, -9.12667965167e-05, 0.000973560614511, -0.000325958651956], [0.00024699777714, -0.00189309602138, 0.000460626964923, -0.00148323178291, -0.000178995760507, -0.00137804728001, 0.000514185987413, -0.000968444219325, 0.00899555999786, -0.00175974215381, 0.00140205782373, 0.000284970999928, 0.00107639934868], [-6.38005512883e-05, 0.0018435374368, 0.000419186835643, 0.000970684050117, 0.000106642764877, 0.000970165769104, 0.000440562958829, 0.000610060524195, -0.00175974215381, 0.00786328874528, -0.00337267969735, 0.00280754640698, 8.09817938716e-05], [0.000493452593219, -0.00198930688202, 0.000393533788156, -0.00213955715299, 0.000988017418422, 0.000407646788517, -0.000841604778543, -9.12667965167e-05, 0.00140205782373, -0.00337267969735, 0.0119676813483, -0.00429789861664, 0.00261163595133], [-9.2876580311e-05, 0.00264175608754, -0.00028124259552, 0.00180339394137, -0.000132335713715, 0.00143718277104, 0.000445547979325, 0.000973560614511, 0.000284970999928, 0.00280754640698, -0.00429789861664, 0.0140713183209, -0.00484724389389], [0.00104083132464, -0.00132085732184, 0.00155838823412, -0.00190978788305, -0.000132655361085, -0.000450399762485, 0.00112201075535, -0.000325958651956, 0.00107639934868, 8.09817938716e-05, 0.00261163595133, -0.00484724389389, 0.0156697761267]]
    },
    "melbands": {
        "dmean": [0.00526550039649, 0.00355135579593, 0.000965123006608, 0.000519206630997, 0.000309922266752, 0.000273400277365, 0.000381072721211, 0.000186102071893, 0.000184027740033, 8.14676313894e-05, 4.99618508911e-05, 4.56445304735e-05, 1.99470559892e-05, 4.51858359156e-05, 5.29823773832e-05, 5.8600147895e-05, 5.29796270712e-05, 2.698618664e-05, 2.87434868369e-05, 1.45995109051e-05, 1.26417726278e-05, 1.30241814986e-05, 9.02101692191e-06, 4.92832259624e-06, 6.97047789799e-06, 6.24143285677e-06, 8.47343289934e-06, 7.58878240958e-06, 2.2491128675e-06, 1.42796659475e-06, 2.09491622627e-06, 3.05713365378e-06, 4.41028851128e-06, 6.74548937241e-06, 9.0837256721e-06, 9.46955333347e-06, 5.90401259615e-06, 4.16141801907e-06, 2.53636926573e-06, 2.06412846637e-06],
        "dmean2": [0.00902808830142, 0.00561286974698, 0.00178552395664, 0.000974244438112, 0.000542566878721, 0.000454219611129, 0.000592016556766, 0.000286787893856, 0.000264238362433, 0.00011671037646, 7.9599005403e-05, 7.21286123735e-05, 2.94106448564e-05, 6.90518354531e-05, 8.18988555693e-05, 9.1202033218e-05, 8.83878747118e-05, 4.37450617028e-05, 4.48614591733e-05, 2.15511645365e-05, 1.92285369849e-05, 1.97376266442e-05, 1.30196631289e-05, 7.37662321626e-06, 1.12842017188e-05, 9.30637997953e-06, 1.39020175993e-05, 1.34434330903e-05, 3.68396945305e-06, 2.22575772568e-06, 3.44586715073e-06, 5.0613757594e-06, 7.44549561205e-06, 1.19802662084e-05, 1.62055603141e-05, 1.69900340552e-05, 1.03109723568e-05, 7.35923367756e-06, 4.266099495e-06, 3.35880076818e-06],
        "dvar": [0.000132325614686, 0.000117554409371, 1.30677717607e-05, 3.1150441373e-06, 4.22599924832e-07, 4.29633729482e-07, 8.37621598748e-07, 1.44183005091e-07, 1.93692883954e-07, 5.29519361692e-08, 6.77919018699e-08, 8.84584050453e-09, 1.38092914881e-09, 1.56160364639e-08, 2.25989804647e-08, 2.94841235871e-08, 2.31352590419e-08, 4.07927558399e-09, 8.35056024329e-09, 1.5303043277e-09, 1.23695387266e-09, 1.17546505862e-09, 6.01561689351e-10, 2.32568492242e-10, 7.58202889362e-10, 2.5192445352e-10, 1.09709108465e-09, 1.45850309607e-09, 4.02218328088e-11, 9.88114017691e-12, 2.24496411044e-11, 5.24357432474e-11, 9.64018309624e-11, 1.50921608544e-10, 2.83667589418e-10, 2.98408714405e-10, 1.17907641983e-10, 6.43349262752e-11, 2.31630912367e-11, 2.08049306949e-11],
        "dvar2": [0.000383401988074, 0.000291789678158, 3.70542475139e-05, 9.04272201296e-06, 1.1403925555e-06, 1.10776522888e-06, 1.68263011346e-06, 3.38217944318e-07, 3.70331150634e-07, 9.85548211929e-08, 1.89959663999e-07, 2.07580921341e-08, 2.99267144399e-09, 3.25035642845e-08, 5.18895149071e-08, 6.79970213469e-08, 5.93381379588e-08, 9.3678513835e-09, 1.99371346099e-08, 3.52456286379e-09, 2.75555556151e-09, 2.50738740881e-09, 1.22659660207e-09, 5.26528376454e-10, 2.1426740382e-09, 5.43506017969e-10, 3.00650970786e-09, 4.14948253535e-09, 1.08101673446e-10, 2.09593939426e-11, 5.27084903501e-11, 1.27025640007e-10, 2.82112694316e-10, 4.31927632549e-10, 7.71808561506e-10, 8.51666681623e-10, 3.3997318849e-10, 1.91525600934e-10, 6.32171329173e-11, 4.04584248048e-11],
        "max": [0.0883464962244, 0.0858903601766, 0.029187316075, 0.0140727041289, 0.00474697491154, 0.010094425641, 0.00949175190181, 0.0044837850146, 0.0081327771768, 0.00473077269271, 0.00702032353729, 0.000852108874824, 0.000421452976298, 0.00212844484486, 0.00224720826373, 0.00241705356166, 0.00319392373785, 0.000892820535228, 0.000983868725598, 0.000469633174362, 0.000567479582969, 0.000570005271584, 0.000365401239833, 0.000363578321412, 0.000587676884606, 0.000179752212716, 0.000504359486513, 0.000522216956597, 6.23537707725e-05, 5.67359675188e-05, 9.05072374735e-05, 0.000173796302988, 0.000113594382128, 0.00010809792002, 0.000105818406155, 0.000137429611641, 8.66575646796e-05, 7.29447128833e-05, 5.75153499085e-05, 9.40962345339e-05],
        "mean": [0.0114923128858, 0.00380550022237, 0.000685939157847, 0.000429679057561, 0.000391596055124, 0.000425337726483, 0.000591412594076, 0.000262416549958, 0.000283901550574, 0.000116537288704, 7.00469536241e-05, 6.25558313914e-05, 2.83962344838e-05, 6.00394923822e-05, 6.64171238896e-05, 7.57486195653e-05, 5.71751443204e-05, 3.72032482119e-05, 2.80026270048e-05, 1.64022676472e-05, 1.65619294421e-05, 1.69185714185e-05, 1.08797412395e-05, 6.6039729063e-06, 7.91705133452e-06, 7.56089457354e-06, 8.53466917761e-06, 6.39848440187e-06, 2.89021227218e-06, 2.26427937378e-06, 3.16622913488e-06, 4.71941257274e-06, 5.72206045035e-06, 6.65315155857e-06, 7.88981014921e-06, 8.10470191936e-06, 5.70953625356e-06, 4.16765806222e-06, 2.83908798338e-06, 2.32506363318e-06],
        "median": [0.00844444893301, 0.000649880676065, 0.000127274877741, 0.000107806976303, 0.000205207485124, 0.000214159023017, 0.000207832534215, 4.69879960292e-05, 4.33358618466e-05, 2.59024673142e-05, 2.4066419428e-05, 2.25492385653e-05, 6.3621305344e-06, 9.33921455726e-06, 9.78971456789e-06, 1.12648067443e-05, 6.97013138051e-06, 4.03400827054e-06, 1.89479976598e-06, 1.96715814127e-06, 2.38127631746e-06, 3.34847118211e-06, 1.92686070477e-06, 9.36303251819e-07, 8.14075235667e-07, 1.30311946123e-06, 1.18206617117e-06, 7.83107452662e-07, 5.97328266849e-07, 4.31386155242e-07, 5.91708101183e-07, 1.0324156392e-06, 1.17519903142e-06, 1.01205716874e-06, 8.18902321953e-07, 8.35333139548e-07, 8.06519324215e-07, 6.42327961486e-07, 5.41919973784e-07, 4.10135015727e-07],
        "min": [4.66426008927e-10, 3.55533436025e-10, 2.26819757421e-10, 1.29645322255e-10, 7.58209953156e-11, 4.91276221093e-11, 3.23316477757e-11, 1.74761646127e-11, 7.52416445121e-12, 1.34990942036e-11, 2.98799145149e-11, 3.45264268564e-11, 2.4525459788e-11, 1.47523868121e-11, 2.07420434994e-11, 3.82238823926e-11, 3.42116682206e-11, 2.93620336378e-11, 2.90450042489e-11, 2.80518126089e-11, 1.82951032796e-11, 1.37115102258e-11, 1.07319266321e-11, 5.18748368913e-12, 3.53756780813e-12, 1.45559866244e-12, 1.26784704697e-12, 1.60642798976e-12, 1.514700366e-12, 1.03726337415e-12, 1.1718940705e-12, 2.83829947392e-12, 3.38271836757e-12, 2.8328604653e-12, 1.61102598276e-12, 7.60829604613e-13, 6.86430079444e-13, 5.09208831784e-13, 3.35987097519e-13, 4.29028665892e-13],
        "stdev": [0.0118704503402, 0.0107161877677, 0.00276548578404, 0.00133529258892, 0.000588871655054, 0.000690893095452, 0.00119059055578, 0.000500257941894, 0.000699553464074, 0.000334766809829, 0.000224421324674, 0.000107043480966, 5.1079387049e-05, 0.000163839533343, 0.000174700151547, 0.00019638951926, 0.000156230482389, 8.75122568686e-05, 8.98154103197e-05, 4.26469850936e-05, 4.36511836597e-05, 4.11328837799e-05, 2.84490106424e-05, 2.01778093469e-05, 3.05461981043e-05, 1.84674354387e-05, 2.88333321805e-05, 2.99776129395e-05, 6.96532652e-06, 5.42190264241e-06, 8.3368495325e-06, 1.22728515635e-05, 1.21532211779e-05, 1.26561417346e-05, 1.53463261086e-05, 1.55606303451e-05, 1.10031833174e-05, 8.27117582958e-06, 5.8339314819e-06, 6.10352026342e-06],
        "var": [0.00014090759214, 0.000114836671855, 7.64791184338e-06, 1.78300626885e-06, 3.46769837734e-07, 4.7733323072e-07, 1.41750592775e-06, 2.50257983225e-07, 4.89375054258e-07, 1.12068825331e-07, 5.03649317807e-08, 1.14583063038e-08, 2.60910359984e-09, 2.6843393286e-08, 3.05201410811e-08, 3.85688423421e-08, 2.44079654266e-08, 7.65839569539e-09, 8.0668076663e-09, 1.81876536054e-09, 1.90542581713e-09, 1.6919140533e-09, 8.0934625668e-10, 4.07143985193e-10, 9.33070287701e-10, 3.41046163532e-10, 8.3136109108e-10, 8.98657259718e-10, 4.85157712615e-11, 2.93970264797e-11, 6.95030560882e-11, 1.50622889161e-10, 1.4770078216e-10, 1.60177926478e-10, 2.35509722835e-10, 2.42133202377e-10, 1.2107004288e-10, 6.84123521721e-11, 3.40347576511e-11, 3.72529576631e-11]
    },
    "melbands128": {
