{
"lowlevel": {
    "average_loudness": 0.97964656353,
    "barkbands_crest": {
        "dmean": 3.22859716415,
        "dmean2": 4.6498875618,
        "dvar": 10.1180944443,
        "dvar2": 23.1984558105,
        "max": 26.4874038696,
        "mean": 13.9172077179,
        "median": 13.2099962234,
        "min": 3.11495041847,
        "stdev": 5.36442518234,
        "var": 28.7770595551
    },
    "barkbands_flatness_db": {
        "dmean": 0.0347814559937,
        "dmean2": 0.0483371950686,
        "dvar": 0.00153468339704,
        "dvar2": 0.00364841404371,
        "max": 0.472594708204,
        "mean": 0.160721763968,
        "median": 0.152549758554,
        "min": 0.0321370065212,
        "stdev": 0.0674778670073,
        "var": 0.00455326260999
    },
    "barkbands_kurtosis": {
        "dmean": 9.87794876099,
        "dmean2": 15.4012289047,
        "dvar": 1071.62207031,
        "dvar2": 2624.48266602,
        "max": 542.547729492,
        "mean": 11.6462965012,
        "median": 4.26867580414,
        "min": -1.93603408337,
        "stdev": 32.4977645874,
        "var": 1056.10473633
    },
    "barkbands_skewness": {
        "dmean": 1.01764249802,
        "dmean2": 1.46533274651,
        "dvar": 2.01913094521,
        "dvar2": 4.68205690384,
        "max": 19.8863124847,
        "mean": 2.34672117233,
        "median": 1.92117989063,
        "min": -1.76276922226,
        "stdev": 2.07261013985,
        "var": 4.29571294785
    },
    "barkbands_spread": {
        "dmean": 11.7976894379,
        "dmean2": 17.2100849152,
        "dvar": 237.133651733,
        "dvar2": 494.34576416,
        "max": 131.984954834,
        "mean": 26.5614509583,
        "median": 19.3706226349,
        "min": 0.22287376225,
        "stdev": 22.6144294739,
        "var": 511.412414551
    },
    "dissonance": {
        "dmean": 0.0303551256657,
        "dmean2": 0.0498476214707,
        "dvar": 0.000930512440391,
        "dvar2": 0.00221820408478,
        "max": 0.499742180109,
        "mean": 0.44323566556,
        "median": 0.455387860537,
        "min": 0.160060346127,
        "stdev": 0.0464984327555,
        "var": 0.00216210423969
    },
    "dynamic_complexity": 2.06850624084,
    "erbbands_crest": {
        "dmean": 3.1992456913,
        "dmean2": 4.8936662674,
        "dvar": 9.24599742889,
        "dvar2": 20.1832618713,
        "max": 29.0473098755,
        "mean": 10.6030015945,
        "median": 9.72451496124,
        "min": 2.37192702293,
        "stdev": 5.36016893387,
        "var": 28.7314090729
    },
    "erbbands_flatness_db": {
        "dmean": 0.0221178755164,
        "dmean2": 0.0299185663462,
        "dvar": 0.000425336154876,
        "dvar2": 0.00072640448343,
        "max": 0.266351610422,
        "mean": 0.128352105618,
        "median": 0.124613963068,
        "min": 0.0452562756836,
        "stdev": 0.0459531880915,
        "var": 0.00211169547401
    },
    "erbbands_kurtosis": {
        "dmean": 1.82878375053,
        "dmean2": 2.71980977058,
        "dvar": 5.58302688599,
        "dvar2": 11.8487882614,
        "max": 25.7559375763,
        "mean": 2.11573576927,
        "median": 0.754421949387,
        "min": -1.74875020981,
        "stdev": 3.90656208992,
        "var": 15.2612276077
    },
    "erbbands_skewness": {
        "dmean": 0.542373180389,
        "dmean2": 0.800637245178,
        "dvar": 0.264083325863,
        "dvar2": 0.560492813587,
        "max": 3.84969043732,
        "mean": 0.674650669098,
        "median": 0.622982263565,
        "min": -3.39570379257,
        "stdev": 0.957862794399,
        "var": 0.917501151562
    },
    "erbbands_spread": {
        "dmean": 16.328836441,
        "dmean2": 23.5548591614,
        "dvar": 344.352111816,
        "dvar2": 724.864990234,
        "max": 182.40826416,
        "mean": 48.3855514526,
        "median": 39.6987838745,
        "min": 4.33895969391,
        "stdev": 32.4724273682,
        "var": 1054.45861816
    },
    "hfc": {
        "dmean": 21.2007751465,
        "dmean2": 31.6386890411,
        "dvar": 956.04699707,
        "dvar2": 2279.11010742,
        "max": 234.772033691,
        "mean": 40.3964271545,
        "median": 29.7208366394,
        "min": 1.21758127432e-16,
        "stdev": 36.631526947,
        "var": 1341.86877441
    },
    "loudness_ebu128": {
        "integrated": -6.90661239624,
        "loudness_range": 3.0855755806,
        "momentary": {
            "dmean": 0.405546694994,
            "dmean2": 0.609032928944,
            "dvar": 0.114838935435,
            "dvar2": 0.214344531298,
            "max": -4.38525724411,
            "mean": -7.14604520798,
            "median": -6.93220806122,
            "min": -14.7778654099,
            "stdev": 1.57985711098,
            "var": 2.49594855309
        },
        "short_term": {
            "dmean": 0.0848150029778,
            "dmean2": 0.131317764521,
            "dvar": 0.00422273715958,
            "dvar2": 0.00813820399344,
            "max": -5.05850124359,
            "mean": -7.02517032623,
            "median": -6.62443494797,
            "min": -9.2533531189,
            "stdev": 1.04300582409,
            "var": 1.08786118031
        }
    },
    "melbands_crest": {
        "dmean": 3.47864079475,
        "dmean2": 5.135160923,
        "dvar": 12.2634897232,
        "dvar2": 23.7922420502,
        "max": 36.5233917236,
        "mean": 19.5168838501,
        "median": 18.6140193939,
        "min": 2.14227104187,
        "stdev": 7.15474748611,
        "var": 51.190410614
    },
    "melbands_flatness_db": {
        "dmean": 0.0416769236326,
        "dmean2": 0.0566133223474,
        "dvar": 0.00229540769942,
        "dvar2": 0.00567282829434,
        "max": 0.598603785038,
        "mean": 0.243836984038,
        "median": 0.239530965686,
        "min": 0.00734244100749,
        "stdev": 0.0840772390366,
        "var": 0.00706898234785
    },
    "melbands_kurtosis": {
        "dmean": 26.8076934814,
        "dmean2": 41.5643768311,
        "dvar": 3840.88818359,
        "dvar2": 9225.2265625,
        "max": 1064.19824219,
        "mean": 35.8464164734,
        "median": 12.5632648468,
        "min": -1.49803256989,
        "stdev": 71.4035491943,
        "var": 5098.46728516
    },
    "melbands_skewness": {
        "dmean": 1.50817573071,
        "dmean2": 2.16335511208,
        "dvar": 3.66339588165,
        "dvar2": 8.61123085022,
        "max": 22.5033302307,
        "mean": 3.87761998177,
        "median": 2.86981868744,
        "min": -0.901483893394,
        "stdev": 3.19484472275,
        "var": 10.2070331573
    },
    "melbands_spread": {
        "dmean": 9.50667381287,
        "dmean2": 14.1395750046,
        "dvar": 196.08430481,
        "dvar2": 419.837341309,
        "max": 158.972991943,
        "mean": 20.1019382477,
        "median": 15.0419788361,
        "min": 0.255575597286,
        "stdev": 19.0893878937,
        "var": 364.404754639
    },
    "pitch_salience": {
        "dmean": 0.0899576097727,
        "dmean2": 0.136037155986,
        "dvar": 0.00991629902273,
        "dvar2": 0.025132458657,
        "max": 0.967287123203,
        "mean": 0.428423970938,
        "median": 0.426109999418,
        "min": 0.0294448882341,
        "stdev": 0.151451855898,
        "var": 0.0229376647621
    },
    "silence_rate_20dB": {
        "dmean": 0,
        "dmean2": 0,
        "dvar": 0,
        "dvar2": 0,
        "max": 1,
        "mean": 1,
        "median": 1,
        "min": 1,
        "stdev": 0,
        "var": 0
    },
    "silence_rate_30dB": {
        "dmean": 0.0990712046623,
        "dmean2": 0.198295891285,
        "dvar": 0.0892546698451,
        "dvar2": 0.158975288272,
        "max": 1,
        "mean": 0.882443904877,
        "median": 1,
        "min": 0,
        "stdev": 0.322080671787,
        "var": 0.10373596102
    },
    "silence_rate_60dB": {
        "dmean": 0.011609907262,
        "dmean2": 0.0232378002256,
        "dvar": 0.0114750312641,
        "dvar2": 0.0288944784552,
        "max": 1,
        "mean": 0.0154679045081,
        "median": 0,
        "min": 0,
        "stdev": 0.123403437436,
        "var": 0.0152284083888
    },
    "spectral_centroid": {
        "dmean": 401.191986084,
        "dmean2": 624.845947266,
        "dvar": 332335.3125,
        "dvar2": 672745.625,
        "max": 10759.4580078,
        "mean": 1273.67004395,
        "median": 1085.63366699,
        "min": 119.047157288,
        "stdev": 784.456115723,
        "var": 615371.4375
    },
    "spectral_complexity": {
        "dmean": 5.34365320206,
        "dmean2": 8.10224628448,
        "dvar": 46.1139068604,
        "dvar2": 109.004257202,
        "max": 57,
        "mean": 15.8662023544,
        "median": 14,
        "min": 0,
        "stdev": 9.57400512695,
        "var": 91.661567688
    },
    "spectral_decrease": {
        "dmean": 5.4691318141e-09,
        "dmean2": 7.52068185506e-09,
        "dvar": 6.13809770592e-17,
        "dvar2": 1.47288547495e-16,
        "max": 7.00366350206e-29,
        "mean": -1.52067549664e-08,
        "median": -1.43422216325e-08,
        "min": -5.94521445407e-08,
        "stdev": 1.05135864459e-08,
        "var": 1.10535503363e-16
    },
    "spectral_energy": {
        "dmean": 0.0213708728552,
        "dmean2": 0.0292476322502,
        "dvar": 0.000865423178766,
        "dvar2": 0.00200909934938,
        "max": 0.227886244655,
        "mean": 0.0610579811037,
        "median": 0.0580489821732,
        "min": 1.07794865474e-20,
        "stdev": 0.0405054278672,
        "var": 0.0016406896757
    },
    "spectral_energyband_high": {
        "dmean": 0.00207001809031,
        "dmean2": 0.00319031905383,
        "dvar": 1.11093495434e-05,
        "dvar2": 2.69090814982e-05,
        "max": 0.0249494425952,
        "mean": 0.0024894780945,
        "median": 0.00096674246015,
        "min": 7.91229355959e-21,
        "stdev": 0.00362123106606,
        "var": 1.31133147079e-05
    },
    "spectral_energyband_low": {
        "dmean": 0.0197075419128,
        "dmean2": 0.028047721833,
        "dvar": 0.00108343025204,
        "dvar2": 0.00281123747118,
        "max": 0.214451789856,
        "mean": 0.0392079129815,
        "median": 0.0337953828275,
        "min": 2.38131658633e-23,
        "stdev": 0.0390972346067,
        "var": 0.00152859382797
    },
    "spectral_energyband_middle_high": {
        "dmean": 0.00269340048544,
        "dmean2": 0.00402076262981,
        "dvar": 1.56778041855e-05,
        "dvar2": 3.38386271324e-05,
        "max": 0.0529110059142,
        "mean": 0.00708929402754,
        "median": 0.00289899017662,
        "min": 1.48211217165e-21,
        "stdev": 0.00928156543523,
        "var": 8.61474618432e-05
    },
    "spectral_energyband_middle_low": {
        "dmean": 0.00573095027357,
        "dmean2": 0.00906230974942,
        "dvar": 4.64596232632e-05,
        "dvar2": 0.000114825314085,
        "max": 0.0571152307093,
        "mean": 0.0134632112458,
        "median": 0.0117420759052,
        "min": 2.69332562094e-22,
        "stdev": 0.0103900814429,
        "var": 0.000107953783299
    },
    "spectral_entropy": {
        "dmean": 0.28233397007,
        "dmean2": 0.37457460165,
        "dvar": 0.0852012112737,
        "dvar2": 0.159408062696,
        "max": 9.81400775909,
        "mean": 7.68706798553,
        "median": 7.69451665878,
        "min": 5.60132884979,
        "stdev": 0.573091208935,
        "var": 0.328433543444
    },
    "spectral_flux": {
        "dmean": 0.0522456988692,
        "dmean2": 0.073634378612,
        "dvar": 0.00317657738924,
        "dvar2": 0.00430762162432,
        "max": 0.413514912128,
        "mean": 0.12256398797,
        "median": 0.0927537456155,
        "min": 1.03824303321e-10,
        "stdev": 0.0851182565093,
        "var": 0.00724511779845
    },
    "spectral_kurtosis": {
        "dmean": 1.21969354153,
        "dmean2": 1.70229232311,
        "dvar": 1.8393021822,
        "dvar2": 3.73087906837,
        "max": 14.9602661133,
        "mean": 2.96458339691,
        "median": 2.51790904999,
        "min": -1.1678737402,
        "stdev": 2.37869429588,
        "var": 5.6581864357
    },
    "spectral_rms": {
        "dmean": 0.0012904034229,
        "dmean2": 0.00163499778137,
        "dvar": 2.06115691981e-06,
        "dvar2": 4.08191954193e-06,
        "max": 0.014910669066,
        "mean": 0.00727085210383,
        "median": 0.00752550037578,
        "min": 3.24292654362e-12,
        "stdev": 0.00258909817785,
        "var": 6.70342888043e-06
    },
    "spectral_rolloff": {
        "dmean": 1108.29455566,
        "dmean2": 1881.24438477,
        "dvar": 4519532,
        "dvar2": 9088154,
        "max": 18927.6855469,
        "mean": 1630.99829102,
        "median": 710.595703125,
        "min": 64.599609375,
        "stdev": 2606.16601562,
        "var": 6792101
    },
    "spectral_skewness": {
        "dmean": 0.269090265036,
        "dmean2": 0.361134588718,
        "dvar": 0.0771929100156,
        "dvar2": 0.150529846549,
        "max": 3.37992835045,
        "mean": 1.53848659992,
        "median": 1.54283905029,
        "min": -0.0870043635368,
        "stdev": 0.526824772358,
        "var": 0.277544349432
    },
    "spectral_spread": {
        "dmean": 1184896.5,
        "dmean2": 1648020.375,
        "dvar": 2.04532652442e+12,
        "dvar2": 3.49497773261e+12,
        "max": 40621724,
        "mean": 7599575,
        "median": 7250063,
        "min": 2812820.25,
        "stdev": 2602695.75,
        "var": 6.77402483098e+12
    },
    "spectral_strongpeak": {
        "dmean": 0.496287763119,
        "dmean2": 0.844918310642,
        "dvar": 1.20534157753,
        "dvar2": 3.00936460495,
        "max": 12.0164337158,
        "mean": 0.96377569437,
        "median": 0.569057166576,
        "min": 0,
        "stdev": 1.38204967976,
        "var": 1.91006147861
    },
    "zerocrossingrate": {
        "dmean": 0.0219284389168,
        "dmean2": 0.0242813080549,
        "dvar": 0.000807118660305,
        "dvar2": 0.000894539116416,
        "max": 0.5068359375,
        "mean": 0.0689024105668,
        "median": 0.05419921875,
        "min": 0.0029296875,
        "stdev": 0.0547596439719,
        "var": 0.00299861864187
    },
    "barkbands": {
        "dmean": [0.000575144542381, 0.0158364288509, 0.00734186405316, 0.00152175046969, 0.00149807496928, 0.00223029591143, 0.000857469218317, 0.000562571920455, 0.00201875460334, 0.00071716302773, 0.000797638844233, 0.00071597949136, 0.000407123530749, 0.000480252580019, 0.0005485113943, 0.000178413989488, 9.17207435123e-05, 0.000275549973594, 0.000193655578187, 0.000186448247405, 0.000268227740889, 0.000279453932308, 0.000330952025251, 0.000456449779449, 0.000474935950479, 0.000243394257268, 1.99316491489e-05],
        "dmean2": [0.000659239245579, 0.0224586185068, 0.0130727337673, 0.00263300188817, 0.00259220390581, 0.00346405990422, 0.001342181582, 0.000901902501937, 0.00297083682381, 0.00104489980731, 0.00115635758266, 0.00104146788362, 0.000627117813565, 0.000791920232587, 0.000868545146659, 0.000281731016003, 0.000149681523908, 0.000486734206788, 0.000337225734256, 0.000316810474033, 0.000455046974821, 0.00044797261944, 0.000508554279804, 0.000703517522197, 0.000727675040253, 0.000361040234566, 3.24460197589e-05],
        "dvar": [6.18272792963e-07, 0.000691518303938, 0.000326126260916, 1.10286018753e-05, 7.49962146074e-06, 1.34182992042e-05, 5.7315023696e-06, 1.87581156297e-06, 9.7421107057e-06, 5.01931299368e-06, 4.56465204479e-06, 2.89490094474e-06, 8.58760586198e-07, 1.22831909266e-06, 2.29212446357e-06, 2.24980269081e-07, 2.56080152639e-08, 4.65128806582e-07, 1.55507166255e-07, 1.18341255018e-07, 3.05776211462e-07, 2.66236355628e-07, 3.1365161135e-07, 5.76879756409e-07, 7.17038574294e-07, 1.47390238681e-07, 8.28236257355e-10],
        "dvar2": [8.34535740069e-07, 0.00186802248936, 0.000906697532628, 3.00870233332e-05, 2.03798445e-05, 2.83774115815e-05, 1.34861484185e-05, 4.71400608149e-06, 2.04163097806e-05, 1.00535926322e-05, 1.00386969279e-05, 4.96129541716e-06, 2.17431079363e-06, 3.18650222653e-06, 5.83946075494e-06, 5.04591412209e-07, 6.33086258972e-08, 1.30159071432e-06, 4.4054479531e-07, 3.25936895251e-07, 8.31334091345e-07, 6.9670306857e-07, 7.62951742672e-07, 1.35591437811e-06, 1.68852682236e-06, 3.22490450344e-07, 2.04806238635e-09],
        "max": [0.00645539304242, 0.166050776839, 0.102304749191, 0.0193239729851, 0.021376773715, 0.0405675470829, 0.0364171043038, 0.0225189067423, 0.0321754254401, 0.0390865206718, 0.0445055030286, 0.0357342213392, 0.0219397880137, 0.0203010477126, 0.0260471943766, 0.00757363205776, 0.00177618546877, 0.00597915565595, 0.00378355733119, 0.00307474448346, 0.00348456483334, 0.00359860109165, 0.00460096402094, 0.00514426268637, 0.00652759196237, 0.00387654639781, 0.00029119537794],
        "mean": [0.000925824802835, 0.0302401669323, 0.00695126364008, 0.00157726672478, 0.00179349596146, 0.00410179840401, 0.00122732995078, 0.000709086772986, 0.00381444720551, 0.00106886134017, 0.00166656076908, 0.00132822059095, 0.000673013506457, 0.000559879699722, 0.000918613688555, 0.00027285143733, 0.00013116314949, 0.000277248065686, 0.00023328109819, 0.00022610015003, 0.000255513004959, 0.000282577268081, 0.000365429295925, 0.000527719268575, 0.000575475860387, 0.000331166142132, 2.36033665715e-05],
        "median": [0.000246847892413, 0.0261211954057, 0.00130830844864, 0.000290564465104, 0.000662472215481, 0.00205379421823, 0.000291831616778, 0.000171389605384, 0.00127362541389, 0.000135498179588, 0.000231260652072, 0.000314681732561, 0.000174433720531, 0.000144520832691, 0.000159615039593, 8.33995072753e-05, 5.56558916287e-05, 9.86950544757e-05, 9.71451372607e-05, 0.000118489915621, 7.58477472118e-05, 6.55706026009e-05, 0.00012911077647, 0.000189925238374, 0.000212782208109, 0.000125426566228, 1.17442605188e-05],
        "min": [5.41267719888e-24, 1.72832561244e-23, 4.58168757144e-24, 7.95443653652e-25, 3.73167874424e-23, 2.55821580443e-23, 5.26113047144e-23, 6.67004235905e-23, 6.62761805066e-23, 6.57416231137e-23, 3.74068090935e-23, 8.14568556836e-23, 1.34143764827e-22, 1.49634443407e-22, 1.08492557788e-22, 1.15384185495e-22, 1.65684304462e-22, 1.38085115858e-22, 3.28152833222e-22, 3.72084888308e-22, 6.0011600031e-22, 6.96595784233e-22, 5.87892468055e-22, 7.49990030241e-22, 8.82277889348e-22, 1.85239989598e-21, 2.57579418131e-21],
        "stdev": [0.00136871100403, 0.0307617839426, 0.0149159291759, 0.00324600026943, 0.00290906033479, 0.00548631791025, 0.00324897095561, 0.00177062686998, 0.00533012347296, 0.00345009914599, 0.00438893493265, 0.00302715180442, 0.00152590184007, 0.00128632539418, 0.0023821729701, 0.000696297967806, 0.00019700541452, 0.000588592782151, 0.000372809183318, 0.000320629158523, 0.000481218041386, 0.000507474120241, 0.000590238720179, 0.000831384852063, 0.000926283653826, 0.000499358749948, 3.17725171044e-05],
        "var": [1.87336979707e-06, 0.000946287298575, 0.00022248494497, 1.05365179479e-05, 8.46263264975e-06, 3.00996834994e-05, 1.05558119685e-05, 3.13511964123e-06, 2.84102170554e-05, 1.1903183804e-05, 1.92627503566e-05, 9.16364751902e-06, 2.32837646763e-06, 1.65463302437e-06, 5.67474762647e-06, 4.84830877667e-07, 3.88111338623e-08, 3.46441453303e-07, 1.38986678166e-07, 1.02803056734e-07, 2.31570808751e-07, 2.575299618e-07, 3.48381774984e-07, 6.91200739311e-07, 8.58001385495e-07, 2.49359175086e-07, 1.00949282267e-09]
    },
    "erbbands": {
        "dmean": [0.427056103945, 4.00496101379, 8.90874671936, 6.74420690536, 3.48692417145, 5.93626213074, 9.18925476074, 23.5138645172, 13.9850959778, 9.71361255646, 16.5257816315, 40.5958404541, 36.6355285645, 18.0597820282, 36.7848892212, 20.416185379, 15.2823114395, 20.4257221222, 26.3583106995, 19.3994617462, 7.39306259155, 5.94836950302, 14.2029809952, 13.6160449982, 6.84479618073, 9.4866437912, 9.90527915955, 10.8237400055, 9.99670505524, 10.0781574249, 9.74941539764, 9.68748950958, 7.34115123749, 5.52621030807, 3.55364751816, 1.33644151688, 0.397072613239, 0.0711720138788, 0.00199687527493, 6.90047454555e-05],
        "dmean2": [0.511307299137, 6.2139840126, 15.4844827652, 11.8071508408, 6.15535783768, 10.1337156296, 14.1967573166, 36.733001709, 21.1485424042, 15.6934757233, 25.7417888641, 59.6462097168, 55.5341682434, 26.4548950195, 51.2170257568, 28.6338329315, 23.2529582977, 32.2380714417, 42.8826713562, 30.0627365112, 11.6426239014, 9.68503284454, 25.186000824, 23.9963684082, 11.4849948883, 16.3712558746, 17.0571556091, 17.944070816, 16.3774394989, 15.9554834366, 14.9381380081, 15.0580692291, 11.2700967789, 8.41590309143, 5.56625986099, 2.00605177879, 0.587953031063, 0.107984609902, 0.00310610141605, 9.8882446764e-05],
        "dvar": [0.312263607979, 58.1597328186, 445.506713867, 246.797714233, 52.9526824951, 126.79712677, 295.98135376, 1717.77648926, 1214.75744629, 748.655029297, 1363.21838379, 4026.34716797, 6181.19628906, 2255.34912109, 7940.11669922, 2362.8840332, 944.199035645, 1523.75195312, 3086.16674805, 2659.37866211, 347.764984131, 119.144264221, 1247.52209473, 845.834350586, 165.516433716, 360.075408936, 467.240722656, 455.865020752, 340.335174561, 317.719482422, 289.271514893, 271.277679443, 146.326461792, 96.7189102173, 43.5000801086, 5.03722476959, 0.355944514275, 0.0103944605216, 8.43202360556e-06, 8.41324965251e-09],
        "dvar2": [0.460012763739, 157.904937744, 1213.00183105, 702.359924316, 148.182144165, 335.644714355, 658.077026367, 3738.03417969, 2618.17993164, 1952.8338623, 3023.27832031, 8884.9375, 13539.2734375, 5117.8359375, 14907.7099609, 3944.24902344, 2038.18395996, 3418.82495117, 6960.96826172, 6809.51367188, 816.195800781, 299.950653076, 3480.17773438, 2396.38037109, 456.076141357, 1002.93969727, 1307.23535156, 1210.48364258, 896.729736328, 794.588745117, 718.499633789, 652.029724121, 336.716003418, 220.59425354, 109.470809937, 11.5586652756, 0.778302669525, 0.0237639583647, 2.02461524168e-05, 1.85113986362e-08],
        "max": [4.19157981873, 44.4402503967, 123.317062378, 87.642829895, 48.0040054321, 106.67918396, 306.443267822, 505.49822998, 558.702636719, 418.996795654, 461.016082764, 957.956970215, 1315.84399414, 976.229858398, 1667.31677246, 1279.35986328, 807.532165527, 539.406860352, 1067.78198242, 899.26171875, 427.310333252, 109.07862854, 293.123321533, 278.604156494, 113.02746582, 141.524246216, 152.88571167, 146.192214966, 123.650161743, 122.435577393, 149.984649658, 139.780151367, 86.4953155518, 78.647605896, 54.1501541138, 22.893201828, 5.75512695312, 1.00598025322, 0.0334118977189, 0.00086256233044],
        "mean": [0.952353894711, 6.33058738708, 9.44212245941, 6.7380771637, 3.99487924576, 7.11019992828, 15.3608474731, 42.1850776672, 22.8693294525, 12.453830719, 25.5718917847, 74.8813705444, 65.8261260986, 36.2833213806, 84.5214614868, 39.5000419617, 28.8234577179, 29.7450809479, 45.4386100769, 31.6749477386, 11.8719453812, 8.39708042145, 14.4193143845, 15.6529693604, 9.22945690155, 10.7866744995, 9.92936992645, 10.374007225, 9.93913555145, 10.2333498001, 10.9407291412, 10.680311203, 8.80279064178, 6.69712877274, 4.0453286171, 1.72793936729, 0.53686362505, 0.0970993861556, 0.00264980643988, 0.000146678547026],
        "median": [0.638008773327, 5.1051325798, 3.34097099304, 1.66665112972, 1.53246665001, 2.47902083397, 6.61508703232, 17.6144046783, 8.42095851898, 4.63292264938, 7.82393836975, 27.3400173187, 18.2614421844, 8.1872882843, 15.2338027954, 11.7465133667, 8.7332277298, 9.45202445984, 10.4909696579, 7.73928165436, 4.98123121262, 3.59579777718, 4.69752216339, 6.35738801956, 4.86177539825, 5.46686792374, 3.84558463097, 2.55345082283, 2.34900641441, 2.50876450539, 3.89907217026, 3.61579179764, 3.42465615273, 2.4727666378, 1.48971927166, 0.577969014645, 0.206040665507, 0.0520768240094, 0.00141767552122, 0.000113104484626],
        "min": [5.97606034237e-22, 3.56000400677e-21, 4.84450442645e-21, 5.33549751231e-21, 2.01579973247e-20, 1.52484412823e-19, 1.95821322768e-19, 2.45535769386e-19, 7.53122408528e-19, 8.77560461351e-19, 1.40750281977e-18, 1.61663899744e-18, 1.99163129858e-18, 2.04616690277e-18, 1.23112278756e-18, 4.31850235581e-18, 7.36879869341e-18, 7.56671985293e-18, 5.10503738101e-18, 7.05132594713e-18, 7.40299185839e-18, 7.76912102266e-18, 6.29353131231e-18, 1.66275810094e-17, 1.49881801729e-17, 1.89318960921e-17, 2.42643357633e-17, 2.21212861584e-17, 2.16710550597e-17, 2.04453487542e-17, 1.86947649172e-17, 1.27773662779e-17, 1.34328415661e-17, 1.0343907622e-17, 7.23871130719e-18, 7.68742039355e-18, 3.06943378146e-18, 1.20941870566e-18, 3.60399801155e-19, 3.98765064813e-20],
        "stdev": [0.97927069664, 7.62167930603, 17.9913196564, 13.0676689148, 6.55182647705, 12.7744836807, 25.9072704315, 61.7641639709, 53.3903923035, 27.6546878815, 54.8695259094, 102.989738464, 125.460952759, 86.5495529175, 195.686309814, 82.9073104858, 60.4449234009, 54.1296653748, 91.5429992676, 80.5661239624, 23.0642566681, 13.0504016876, 30.9914722443, 25.9500179291, 12.6596231461, 16.6820964813, 18.2171802521, 19.3840007782, 17.8393592834, 17.9363117218, 17.7436561584, 17.4346485138, 13.5581140518, 10.9535503387, 6.78631973267, 2.75503063202, 0.797629654408, 0.125140711665, 0.00335329701193, 0.000116826442536],
        "var": [0.958971083164, 58.0899925232, 323.687591553, 170.763977051, 42.9264297485, 163.187438965, 671.186706543, 3814.81201172, 2850.53393555, 764.781738281, 3010.66479492, 10606.8867188, 15740.4501953, 7490.82519531, 38293.1328125, 6873.62158203, 3653.58862305, 2930.02050781, 8380.12011719, 6490.90039062, 531.959960938, 170.312988281, 960.471374512, 673.403442383, 160.266067505, 278.292358398, 331.865661621, 375.739501953, 318.242736816, 321.711303711, 314.837310791, 303.96697998, 183.822463989, 119.980262756, 46.0541343689, 7.59019422531, 0.636213064194, 0.0156601965427, 1.12446005005e-05, 1.36484175073e-08]
    },
    "gfcc": {
        "mean": [38.7243614197, 59.9907150269, -76.8388290405, 20.0271587372, -51.8296432495, 33.3458900452, -31.0417633057, 25.4674873352, -21.8787288666, 15.9925670624, -9.12504673004, 8.49924659729, -5.73487138748],
        "cov": [[5830.74902344, -420.581939697, -102.795387268, 369.471130371, -298.666809082, 125.259666443, -200.324020386, -136.170272827, -223.281951904, -95.5425491333, -327.269439697, -106.191772461, -364.500152588], [-420.581939697, 1066.33703613, -131.487564087, -116.270477295, 222.154647827, -70.3632125854, 97.4477005005, -40.7249794006, -37.8690719604, -106.33531189, 106.0598526, -72.1771469116, 72.3578643799], [-102.795387268, -131.487564087, 946.546630859, 191.524780273, -36.8361549377, 31.8077869415, 29.0097351074, 79.010269165, 67.7864532471, 64.9439163208, -61.4190254211, 34.8114814758, -56.6910057068], [369.471130371, -116.270477295, 191.524780273, 583.735595703, 25.8667316437, 7.59436845779, -0.809402346611, -44.5474205017, 89.4437942505, -8.36312389374, -118.259140015, -9.04622936249, -73.9134368896], [-298.666809082, 222.154647827, -36.8361549377, 25.8667316437, 271.731872559, 72.238243103, 80.8519744873, 27.7122077942, 33.6045608521, -7.73243188858, 46.3486824036, -8.74921989441, 42.3425559998], [125.259666443, -70.3632125854, 31.8077869415, 7.59436845779, 72.238243103, 240.372238159, 117.002952576, -5.41671419144, 5.05395507812, 7.41119241714, -5.43249988556, -8.00997161865, -23.7034606934], [-200.324020386, 97.4477005005, 29.0097351074, -0.809402346611, 80.8519744873, 117.002952576, 205.670715332, 32.9860305786, 14.7076253891, -0.277153640985, 37.2008514404, 3.13737893105, 14.9459552765], [-136.170272827, -40.7249794006, 79.010269165, -44.5474205017, 27.7122077942, -5.41671419144, 32.9860305786, 184.389434814, 73.1122741699, 37.7490310669, 38.4226837158, 22.6846694946, 51.7493782043], [-223.281951904, -37.8690719604, 67.7864532471, 89.4437942505, 33.6045608521, 5.05395507812, 14.7076253891, 73.1122741699, 150.082519531, 56.6407585144, 17.2804813385, 42.4808998108, 43.9338684082], [-95.5425491333, -106.33531189, 64.9439163208, -8.36312389374, -7.73243188858, 7.41119241714, -0.277153640985, 37.7490310669, 56.6407585144, 112.186340332, 53.5216064453, 42.3919219971, 30.3813972473], [-327.269439697, 106.0598526, -61.4190254211, -118.259140015, 46.3486824036, -5.43249988556, 37.2008514404, 38.4226837158, 17.2804813385, 53.5216064453, 168.395431519, 69.2623748779, 88.5692367554], [-106.191772461, -72.1771469116, 34.8114814758, -9.04622936249, -8.74921989441, -8.00997161865, 3.13737893105, 22.6846694946, 42.4808998108, 42.3919219971, 69.2623748779, 129.644256592, 66.9463500977], [-364.500152588, 72.3578643799, -56.6910057068, -73.9134368896, 42.3425559998, -23.7034606934, 14.9459552765, 51.7493782043, 43.9338684082, 30.3813972473, 88.5692367554, 66.9463500977, 132.814254761]],
        "icov": [[0.000270471646218, -0.000142564647831, 0.000158384544193, -0.000252196390647, 0.000261374516413, -0.000421526492573, 0.000377663061954, -0.000438980787294, 0.000594217097387, -0.000267276540399, 0.000323551212205, -0.00044322622125, 0.000589425617363], [-0.000142564647831, 0.00205691391602, -0.000375427829567, 0.000484480551677, -0.0013886380475, 0.0016137479106, -0.00118659937289, 0.00150398188271, -0.00113347696606, 0.00236452720128, -0.00197735847905, 0.00212853122503, -0.00104447931517], [0.000158384544193, -0.000375427829567, 0.00150274322368, -0.00054005428683, 0.000397524709115, -0.000427996885264, 8.18790649646e-05, -0.00124797888566, 0.000707091938239, -0.00137945753522, 0.00109998031985, -0.00132880697493, 0.00127193564549], [-0.000252196390647, 0.000484480551677, -0.00054005428683, 0.00311255548149, -0.00114549160935, 0.00121994270012, -0.000948964385316, 0.00195360602811, -0.00314584816806, 0.000911192852072, 0.00102350988891, -4.25701146014e-05, 0.000645197520498], [0.000261374516413, -0.0013886380475, 0.000397524709115, -0.00114549160935, 0.00627502426505, -0.00269846175797, 0.000295484962407, -0.0013453445863, 4.30808358942e-05, -3.78923032258e-05, -0.000604709028266, 0.000492118590046, -0.00083551753778], [-0.000421526492573, 0.0016137479106, -0.000427996885264, 0.00121994270012, -0.00269846175797, 0.00830373819917, -0.00506074447185, 0.00244527473114, -0.00167725782376, 0.00034457349102, -0.000198553287191, 0.00106945866719, 0.000488541088998], [0.000377663061954, -0.00118659937289, 8.18790649646e-05, -0.000948964385316, 0.000295484962407, -0.00506074447185, 0.00901201646775, -0.00250582396984, 0.00123329053167, 0.000312278571073, -0.00115390657447, -0.000853338977322, 0.000874826218933], [-0.000438980787294, 0.00150398188271, -0.00124797888566, 0.00195360602811, -0.0013453445863, 0.00244527473114, -0.00250582396984, 0.00991471298039, -0.00564916431904, 0.00165186158847, -0.00175544864032, 0.00320529588498, -0.00313962367363], [0.000594217097387, -0.00113347696606, 0.000707091938239, -0.00314584816806, 4.30808358942e-05, -0.00167725782376, 0.00123329053167, -0.00564916431904, 0.0151443239301, -0.00686250487342, 0.00384138058871, -0.00362776452675, -0.00162420980632], [-0.000267276540399, 0.00236452720128, -0.00137945753522, 0.000911192852072, -3.78923032258e-05, 0.00034457349102, 0.000312278571073, 0.00165186158847, -0.00686250487342, 0.017758814618, -0.00796586740762, 0.00207137782127, -0.000232863647398], [0.000323551212205, -0.00197735847905, 0.00109998031985, 0.00102350988891, -0.000604709028266, -0.000198553287191, -0.00115390657447, -0.00175544864032, 0.00384138058871, -0.00796586740762, 0.0161090623587, -0.00652743363753, -0.00292530283332], [-0.00044322622125, 0.00212853122503, -0.00132880697493, -4.25701146014e-05, 0.000492118590046, 0.00106945866719, -0.000853338977322, 0.00320529588498, -0.00362776452675, 0.00207137782127, -0.00652743363753, 0.0161334257573, -0.00713891349733], [0.000589425617363, -0.00104447931517, 0.00127193564549, 0.000645197520498, -0.00083551753778, 0.000488541088998, 0.000874826218933, -0.00313962367363, -0.00162420980632, -0.000232863647398, -0.00292530283332, -0.00713891349733, 0.0182361695915]]
    },
    "melbands": {
        "dmean": [0.00392604526132, 0.00446010520682, 0.00105469138362, 0.000318297301419, 0.000309079565341, 0.000486952223582, 0.000202653594897, 0.000104540667962, 0.000154963156092, 0.000287363305688, 0.000187442987226, 7.70502956584e-05, 0.000109453860205, 9.03970794752e-05, 4.22439261456e-05, 4.27148261224e-05, 3.85982420994e-05, 4.36997979705e-05, 4.61151066702e-05, 1.62531396199e-05, 7.22287813915e-06, 5.81472158956e-06, 9.25831773202e-06, 1.47126984302e-05, 1.15532338896e-05, 5.33981392437e-06, 5.21706488144e-06, 6.82943527863e-06, 6.41305678073e-06, 5.25878203916e-06, 6.71039333611e-06, 5.33692673343e-06, 5.88336888541e-06, 5.55740325581e-06, 5.34257424079e-06, 5.98108681515e-06, 6.13629936197e-06, 5.23032576893e-06, 5.04349009134e-06, 4.84180509375e-06],
        "dmean2": [0.00507601676509, 0.00734332902357, 0.00185052491724, 0.000555313657969, 0.000490849022754, 0.000755782995839, 0.000311082229018, 0.000167412450537, 0.000235301253269, 0.000424253637902, 0.000282853638055, 0.000112534064101, 0.000154042601935, 0.000124623751617, 6.28801499261e-05, 6.3791165303e-05, 6.2011728005e-05, 7.01668468537e-05, 7.19788877177e-05, 2.54289298027e-05, 1.13343094199e-05, 9.34327090363e-06, 1.65153924172e-05, 2.56931507465e-05, 2.0378294721e-05, 9.14517841011e-06, 8.69890664035e-06, 1.19317164717e-05, 1.11905710583e-05, 8.73344379215e-06, 1.12246370918e-05, 8.82291988091e-06, 9.46238196775e-06, 8.80971219885e-06, 8.18787248136e-06, 9.55361338129e-06, 9.52108712227e-06, 8.18425178295e-06, 7.75694570621e-06, 7.46697924114e-06],
        "dvar": [3.29285612679e-05, 9.26685024751e-05, 5.97372763878e-06, 3.73791522179e-07, 2.84908821868e-07, 6.73166653087e-07, 2.47474702064e-07, 7.92758427792e-08, 1.29371770186e-07, 1.9527581685e-07, 1.61848845437e-07, 4.79307757928e-08, 8.33152071777e-08, 3.58730964933e-08, 3.07125986865e-08, 7.59430829333e-09, 5.90337956297e-09, 1.00812771464e-08, 2.32251302634e-08, 1.7702059818e-09, 3.33387761842e-10, 9.90633963749e-11, 5.8050780849e-10, 1.24861421202e-09, 5.78345815683e-10, 1.03121504391e-10, 7.59661014649e-11, 1.87688281583e-10, 2.07523997986e-10, 1.11218680099e-10, 1.75539416336e-10, 1.00235063305e-10, 1.13774399624e-10, 9.41305436375e-11, 8.65500102143e-11, 1.16659529259e-10, 1.05829872643e-10, 7.43037922857e-11, 7.40157518608e-11, 8.04166039314e-11],
        "dvar2": [7.82270071795e-05, 0.00024541199673, 1.69900831679e-05, 1.01870693925e-06, 6.81915821588e-07, 1.4611342749e-06, 5.46653041056e-07, 1.98752246661e-07, 2.66300872909e-07, 4.31061806694e-07, 3.49158483459e-07, 1.02749609709e-07, 1.8162901938e-07, 6.10007830915e-08, 4.52238282378e-08, 1.71033782692e-08, 1.37829481162e-08, 2.26790870528e-08, 6.00376282023e-08, 3.76105280253e-09, 7.91983645332e-10, 2.30282931613e-10, 1.61557078826e-09, 3.46764905679e-09, 1.63401592257e-09, 2.87673107557e-10, 1.9970741727e-10, 5.24084720066e-10, 5.87371706828e-10, 2.94348961871e-10, 4.664199027e-10, 2.64465310762e-10, 2.93826268871e-10, 2.33795871551e-10, 2.14814985244e-10, 2.94315627425e-10, 2.50699488946e-10, 1.79235154496e-10, 1.63125790653e-10, 1.92263441279e-10],
        "max": [0.0380162335932, 0.054516967386, 0.0134496614337, 0.00443394714966, 0.00864958204329, 0.00974293984473, 0.00782886147499, 0.00376903871074, 0.00526144495234, 0.005859692581, 0.00680169416592, 0.00485757552087, 0.00659999344498, 0.00309598632157, 0.00569647084922, 0.00222806353122, 0.000858466839418, 0.00229900004342, 0.00286180432886, 0.00069722533226, 0.000427079125075, 0.000128001411213, 0.000223032940994, 0.000354711926775, 0.000236028761719, 0.000125669743284, 0.000112057896331, 9.44047278608e-05, 0.000115312286653, 7.65214281273e-05, 8.82093227119e-05, 7.50019316911e-05, 8.9684559498e-05, 6.63973551127e-05, 8.05801173556e-05, 9.74632421276e-05, 7.93929575593e-05, 6.76659183227e-05, 6.43735038466e-05, 7.71552804508e-05],
        "mean": [0.00846003182232, 0.00597993424162, 0.00107307743747, 0.000374396448024, 0.000501055154018, 0.000883809349034, 0.000322209612932, 0.000127780716866, 0.000235989355133, 0.00053516740445, 0.000327563786414, 0.000139868585393, 0.000242545123911, 0.000195951448404, 6.18230697e-05, 7.49724713387e-05, 4.87856741529e-05, 6.8070992711e-05, 7.26291764295e-05, 2.49373406405e-05, 1.01053301478e-05, 8.57177656144e-06, 8.82935000845e-06, 1.49702782437e-05, 1.28197743834e-05, 6.89463740855e-06, 6.66508003633e-06, 7.32377429813e-06, 6.40044754618e-06, 5.17111584486e-06, 6.289587418e-06, 5.3437652241e-06, 5.75124522584e-06, 5.56527356821e-06, 6.0757065512e-06, 6.36580352875e-06, 6.68618304189e-06, 6.0929241954e-06, 5.91917887505e-06, 5.70390830035e-06],
        "median": [0.00670533813536, 0.00380552420393, 0.000300383399008, 0.000139919793583, 0.000231789017562, 0.000421815930167, 0.000113254202006, 3.8256541302e-05, 5.51733937755e-05, 0.000176155212102, 7.72224884713e-05, 1.76036355697e-05, 4.2858577217e-05, 3.7701047404e-05, 1.36440257847e-05, 1.71175706782e-05, 1.37082952278e-05, 1.35935424623e-05, 1.17921817946e-05, 6.02084355705e-06, 4.54841256214e-06, 3.69767894881e-06, 2.81705979432e-06, 4.87013448947e-06, 5.00615078636e-06, 3.1086249237e-06, 3.56437271876e-06, 3.43399506164e-06, 2.62242110693e-06, 1.47019477481e-06, 1.41779321439e-06, 1.32308775846e-06, 1.17327283533e-06, 1.40394377013e-06, 2.14512283492e-06, 2.27507075579e-06, 2.14258943743e-06, 2.40775307248e-06, 1.9629221697e-06, 2.12948748413e-06],
        "min": [5.31755674536e-24, 3.15715623791e-24, 1.11231882409e-24, 5.73740863507e-24, 7.91884056868e-24, 6.40348412925e-24, 1.07205179389e-23, 1.02720891685e-23, 1.00122328643e-23, 1.10539363114e-23, 9.97468466289e-24, 8.51280076549e-24, 4.7809498918e-24, 4.67442684832e-24, 2.05192503323e-23, 1.15213103653e-23, 1.45990890524e-23, 7.1269117834e-24, 9.05148074551e-24, 9.56065101678e-24, 9.20814773243e-24, 9.90785867789e-24, 3.46274478094e-24, 7.54182106511e-24, 1.44615700862e-23, 1.08106105874e-23, 1.08205336688e-23, 1.29527363432e-23, 1.32888936407e-23, 1.42895353e-23, 1.35334247441e-23, 1.00568492593e-23, 1.66721729128e-23, 9.11728831108e-24, 1.10523104691e-23, 8.65822806223e-24, 7.54221234012e-24, 9.21380307626e-24, 1.03065237358e-23, 8.20644189978e-24],
        "stdev": [0.00813673809171, 0.00886398181319, 0.0020230174996, 0.000622204272076, 0.000761777977459, 0.00122187251691, 0.000724811281543, 0.000311380572384, 0.000557768507861, 0.000744286458939, 0.000653695315123, 0.000379174714908, 0.000593574892264, 0.000419595482526, 0.000275741098449, 0.000161472300533, 9.57245792961e-05, 0.000152355860337, 0.000238676148001, 6.79071818013e-05, 1.97228018806e-05, 1.37031584018e-05, 2.04215048143e-05, 3.15736906487e-05, 2.17880042328e-05, 1.06761945062e-05, 9.05658271222e-06, 1.19520227599e-05, 1.1940946024e-05, 9.63762522588e-06, 1.2006351426e-05, 9.64536047832e-06, 1.05703875306e-05, 9.76804403763e-06, 9.79426567937e-06, 1.08027306851e-05, 1.1001871826e-05, 9.36593914957e-06, 9.69537813944e-06, 9.63612455962e-06],
        "var": [6.62064994685e-05, 7.85701704444e-05, 4.09260019296e-06, 3.87138129554e-07, 5.8030565242e-07, 1.49297250118e-06, 5.25351367742e-07, 9.6957855078e-08, 3.11105679884e-07, 5.53962365757e-07, 4.27317530693e-07, 1.43773462469e-07, 3.52331142039e-07, 1.76060368062e-07, 7.60331460015e-08, 2.60733035162e-08, 9.1631946475e-09, 2.32123102961e-08, 5.69663036742e-08, 4.61138549568e-09, 3.88988924405e-10, 1.87776558191e-10, 4.17037876455e-10, 9.96897897565e-10, 4.74717154475e-10, 1.13981123151e-10, 8.20216880526e-11, 1.42850856144e-10, 1.42586192853e-10, 9.2883818692e-11, 1.44152481618e-10, 9.30329702165e-11, 1.11733094998e-10, 9.54146900378e-11, 9.59276338919e-11, 1.16698997688e-10, 1.21041190959e-10, 8.77208167216e-11, 9.4000363049e-11, 9.28548904433e-11]
    },
    "melbands128": {
