{
"lowlevel": {
    "average_loudness": 0.978049874306,
    "barkbands_crest": {
        "dmean": 3.04234290123,
        "dmean2": 4.85923910141,
        "dvar": 8.03411102295,
        "dvar2": 18.2926864624,
        "max": 25.0540103912,
        "mean": 11.3648090363,
        "median": 10.1966686249,
        "min": 4.02205896378,
        "stdev": 4.63689279556,
        "var": 21.5007762909
    },
    "barkbands_flatness_db": {
        "dmean": 0.0304166134447,
        "dmean2": 0.0441435985267,
        "dvar": 0.000879115483258,
        "dvar2": 0.00169024383649,
        "max": 0.395853996277,
        "mean": 0.150086939335,
        "median": 0.142114415765,
        "min": 0.0408809296787,
        "stdev": 0.0571846440434,
        "var": 0.00327008333988
    },
    "barkbands_kurtosis": {
        "dmean": 5.13564872742,
        "dmean2": 7.88893890381,
        "dvar": 127.694473267,
        "dvar2": 274.130126953,
        "max": 221.834884644,
        "mean": 7.90126466751,
        "median": 4.43180370331,
        "min": -1.86639130116,
        "stdev": 14.3013839722,
        "var": 204.529586792
    },
    "barkbands_skewness": {
        "dmean": 0.688020825386,
        "dmean2": 1.03431928158,
        "dvar": 0.707848668098,
        "dvar2": 1.45418703556,
        "max": 12.6691637039,
        "mean": 2.07448673248,
        "median": 1.84001088142,
        "min": -2.10971212387,
        "stdev": 1.33539366722,
        "var": 1.7832763195
    },
    "barkbands_spread": {
        "dmean": 6.9323015213,
        "dmean2": 9.96062755585,
        "dvar": 73.1080932617,
        "dvar2": 141.415847778,
        "max": 115.835884094,
        "mean": 18.9196624756,
        "median": 15.8662910461,
        "min": 0.895168542862,
        "stdev": 13.6777048111,
        "var": 187.079605103
    },
    "dissonance": {
        "dmean": 0.0299527086318,
        "dmean2": 0.0464361384511,
        "dvar": 0.000764000695199,
        "dvar2": 0.00177427218296,
        "max": 0.499477952719,
        "mean": 0.433675587177,
        "median": 0.44228708744,
        "min": 0.198966085911,
        "stdev": 0.0439219288528,
        "var": 0.00192913587671
    },
    "dynamic_complexity": 2.00510692596,
    "erbbands_crest": {
        "dmean": 3.68770170212,
        "dmean2": 5.88583040237,
        "dvar": 11.3620166779,
        "dvar2": 26.4611740112,
        "max": 32.1392822266,
        "mean": 12.0312843323,
        "median": 10.788526535,
        "min": 2.47738790512,
        "stdev": 5.53783130646,
        "var": 30.6675758362
    },
    "erbbands_flatness_db": {
        "dmean": 0.0266878753901,
        "dmean2": 0.0350644998252,
        "dvar": 0.000722358294297,
        "dvar2": 0.00116895348765,
        "max": 0.442470371723,
        "mean": 0.154185041785,
        "median": 0.143830135465,
        "min": 0.0522550679743,
        "stdev": 0.0586812980473,
        "var": 0.00344349467196
    },
    "erbbands_kurtosis": {
        "dmean": 1.77285599709,
        "dmean2": 2.69945883751,
        "dvar": 7.29581069946,
        "dvar2": 15.5268192291,
        "max": 45.0172767639,
        "mean": 1.96451473236,
        "median": 0.972625494003,
        "min": -1.7527616024,
        "stdev": 3.94280838966,
        "var": 15.5457382202
    },
    "erbbands_skewness": {
        "dmean": 0.461920022964,
        "dmean2": 0.701664626598,
        "dvar": 0.205724537373,
        "dvar2": 0.421461492777,
        "max": 5.21488952637,
        "mean": 1.20206964016,
        "median": 1.18496620655,
        "min": -2.49589753151,
        "stdev": 0.800675690174,
        "var": 0.641081571579
    },
    "erbbands_spread": {
        "dmean": 11.97123909,
        "dmean2": 16.1476249695,
        "dvar": 167.108215332,
        "dvar2": 288.127502441,
        "max": 151.575408936,
        "mean": 42.2435569763,
        "median": 37.0921401978,
        "min": 1.23297142982,
        "stdev": 25.7702503204,
        "var": 664.105834961
    },
    "hfc": {
        "dmean": 11.3465547562,
        "dmean2": 14.5562992096,
        "dvar": 135.380752563,
        "dvar2": 243.295425415,
        "max": 83.8023300171,
        "mean": 27.0296764374,
        "median": 23.4941272736,
        "min": 1.20959295953e-16,
        "stdev": 19.5144824982,
        "var": 380.815002441
    },
    "loudness_ebu128": {
        "integrated": -8.92586040497,
        "loudness_range": 1.30081939697,
        "momentary": {
            "dmean": 0.570538401604,
            "dmean2": 0.842869758606,
            "dvar": 0.195790886879,
            "dvar2": 0.441959112883,
            "max": -6.85919427872,
            "mean": -9.06535434723,
            "median": -8.89559364319,
            "min": -13.2897701263,
            "stdev": 1.13126730919,
            "var": 1.27976584435
        },
        "short_term": {
            "dmean": 0.079882748425,
            "dmean2": 0.125156000257,
            "dvar": 0.00270281219855,
            "dvar2": 0.0059199524112,
            "max": -8.13799571991,
            "mean": -8.91958904266,
            "median": -8.7061252594,
            "min": -10.1000747681,
            "stdev": 0.508685588837,
            "var": 0.258761018515
        }
    },
    "melbands_crest": {
        "dmean": 3.51865315437,
        "dmean2": 5.37453651428,
        "dvar": 10.7570257187,
        "dvar2": 23.812620163,
        "max": 34.5142669678,
        "mean": 14.2866048813,
        "median": 12.7701015472,
        "min": 1.82887971401,
        "stdev": 5.90920782089,
        "var": 34.9187393188
    },
    "melbands_flatness_db": {
        "dmean": 0.0343713760376,
        "dmean2": 0.0486888587475,
        "dvar": 0.00117996346671,
        "dvar2": 0.00226831808686,
        "max": 0.49060946703,
        "mean": 0.220695644617,
        "median": 0.213466852903,
        "min": 0.00590580282733,
        "stdev": 0.0682192593813,
        "var": 0.00465386779979
    },
    "melbands_kurtosis": {
        "dmean": 13.1614398956,
        "dmean2": 19.8999710083,
        "dvar": 1102.41101074,
        "dvar2": 2354.22338867,
        "max": 527.508178711,
        "mean": 21.6673736572,
        "median": 11.7637205124,
        "min": -1.02937269211,
        "stdev": 41.7433509827,
        "var": 1742.50732422
    },
    "melbands_skewness": {
        "dmean": 0.997254908085,
        "dmean2": 1.46000349522,
        "dvar": 1.74284982681,
        "dvar2": 3.26333427429,
        "max": 18.8253974915,
        "mean": 2.92642974854,
        "median": 2.48254060745,
        "min": -1.61043894291,
        "stdev": 2.20912361145,
        "var": 4.88022708893
    },
    "melbands_spread": {
        "dmean": 5.65999507904,
        "dmean2": 8.38438606262,
        "dvar": 74.0851364136,
        "dvar2": 153.892562866,
        "max": 167.761413574,
        "mean": 16.1194267273,
        "median": 14.1791057587,
        "min": 0.738176941872,
        "stdev": 11.8702945709,
        "var": 140.903900146
    },
    "pitch_salience": {
        "dmean": 0.0781659632921,
        "dmean2": 0.121972262859,
        "dvar": 0.00514621380717,
        "dvar2": 0.0112235667184,
        "max": 0.822673082352,
        "mean": 0.533440589905,
        "median": 0.554723262787,
        "min": 0.105024114251,
        "stdev": 0.126627057791,
        "var": 0.0160344131291
    },
    "silence_rate_20dB": {
        "dmean": 0,
        "dmean2": 0,
        "dvar": 0,
        "dvar2": 0,
        "max": 1,
        "mean": 1,
        "median": 1,
        "min": 1,
        "stdev": 0,
        "var": 0
    },
    "silence_rate_30dB": {
        "dmean": 0.0464037135243,
        "dmean2": 0.0928792580962,
        "dvar": 0.044249702245,
        "dvar2": 0.10747282207,
        "max": 1,
        "mean": 0.964451313019,
        "median": 1,
        "min": 0,
        "stdev": 0.18516227603,
        "var": 0.034285068512
    },
    "silence_rate_60dB": {
        "dmean": 0.0239752512425,
        "dmean2": 0.0472136214375,
        "dvar": 0.023400047794,
        "dvar2": 0.0542716756463,
        "max": 1,
        "mean": 0.0262751150876,
        "median": 0,
        "min": 0,
        "stdev": 0.159952521324,
        "var": 0.0255848113447
    },
    "spectral_centroid": {
        "dmean": 248.52520752,
        "dmean2": 361.84854126,
        "dvar": 147557.421875,
        "dvar2": 216651.59375,
        "max": 11090.4130859,
        "mean": 1111.69958496,
        "median": 1084.66870117,
        "min": 195.038696289,
        "stdev": 528.541259766,
        "var": 279355.84375
    },
    "spectral_complexity": {
        "dmean": 3.92575407028,
        "dmean2": 5.68343639374,
        "dvar": 16.3503608704,
        "dvar2": 34.1063499451,
        "max": 38,
        "mean": 15.0525503159,
        "median": 14,
        "min": 0,
        "stdev": 6.79533529282,
        "var": 46.1765785217
    },
    "spectral_decrease": {
        "dmean": 3.69436570224e-09,
        "dmean2": 5.45316414247e-09,
        "dvar": 2.09173545554e-17,
        "dvar2": 4.13119640508e-17,
        "max": 9.52420084451e-29,
        "mean": -9.8665333681e-09,
        "median": -8.37655100838e-09,
        "min": -4.49599646402e-08,
        "stdev": 7.31081861716e-09,
        "var": 5.34480668306e-17
    },
    "spectral_energy": {
        "dmean": 0.0146667892113,
        "dmean2": 0.0214416757226,
        "dvar": 0.000312474847306,
        "dvar2": 0.000604977714829,
        "max": 0.171528756618,
        "mean": 0.0396902188659,
        "median": 0.0337665043771,
        "min": 1.06118855382e-20,
        "stdev": 0.0286346804351,
        "var": 0.00081994489301
    },
    "spectral_energyband_high": {
        "dmean": 0.00080478558084,
        "dmean2": 0.00105625228025,
        "dvar": 1.02910144051e-06,
        "dvar2": 1.67019311448e-06,
        "max": 0.00627368548885,
        "mean": 0.00130502623506,
        "median": 0.000495143583976,
        "min": 7.91386310249e-21,
        "stdev": 0.0014994754456,
        "var": 2.24842665375e-06
    },
    "spectral_energyband_low": {
        "dmean": 0.00811460614204,
        "dmean2": 0.0124896978959,
        "dvar": 0.000313153315801,
        "dvar2": 0.000674363807775,
        "max": 0.167124763131,
        "mean": 0.0146382385865,
        "median": 0.00693154335022,
        "min": 5.20394310452e-23,
        "stdev": 0.0243045743555,
        "var": 0.000590712355915
    },
    "spectral_energyband_middle_high": {
        "dmean": 0.00215363269672,
        "dmean2": 0.00309591670521,
        "dvar": 9.0850126071e-06,
        "dvar2": 1.98638754227e-05,
        "max": 0.0398916900158,
        "mean": 0.00431464612484,
        "median": 0.00282048573717,
        "min": 1.25755525356e-21,
        "stdev": 0.00475356681272,
        "var": 2.25963995035e-05
    },
    "spectral_energyband_middle_low": {
        "dmean": 0.00782085955143,
        "dmean2": 0.0119663653895,
        "dvar": 6.60537698423e-05,
        "dvar2": 0.000144157020259,
        "max": 0.0788380876184,
        "mean": 0.020228812471,
        "median": 0.0174298249185,
        "min": 2.10389847133e-22,
        "stdev": 0.0140658821911,
        "var": 0.000197849047254
    },
    "spectral_entropy": {
        "dmean": 0.287750840187,
        "dmean2": 0.380699932575,
        "dvar": 0.0953188315034,
        "dvar2": 0.144074127078,
        "max": 9.79427146912,
        "mean": 7.45058870316,
        "median": 7.52437400818,
        "min": 5.21324157715,
        "stdev": 0.612654268742,
        "var": 0.375345230103
    },
    "spectral_flux": {
        "dmean": 0.038640409708,
        "dmean2": 0.0596042498946,
        "dvar": 0.00146412756294,
        "dvar2": 0.00335267488845,
        "max": 0.348794847727,
        "mean": 0.105268850923,
        "median": 0.0955368131399,
        "min": 1.03014007047e-10,
        "stdev": 0.0573434568942,
        "var": 0.00328827206977
    },
    "spectral_kurtosis": {
        "dmean": 1.94267261028,
        "dmean2": 2.82750368118,
        "dvar": 14.5037145615,
        "dvar2": 33.8828048706,
        "max": 71.7008361816,
        "mean": 4.08237934113,
        "median": 2.97035455704,
        "min": -1.21701490879,
        "stdev": 4.85742092133,
        "var": 23.5945396423
    },
    "spectral_rms": {
        "dmean": 0.00113642192446,
        "dmean2": 0.00158872897737,
        "dvar": 1.40463896514e-06,
        "dvar2": 2.35263019022e-06,
        "max": 0.0129361944273,
        "mean": 0.00580593198538,
        "median": 0.00573959294707,
        "min": 3.21761714495e-12,
        "stdev": 0.00223905104212,
        "var": 5.01334989167e-06
    },
    "spectral_rolloff": {
        "dmean": 472.414489746,
        "dmean2": 768.280700684,
        "dvar": 1574769.375,
        "dvar2": 3089134.25,
        "max": 19013.8183594,
        "mean": 1045.97314453,
        "median": 689.0625,
        "min": 64.599609375,
        "stdev": 1498.56945801,
        "var": 2245710.25
    },
    "spectral_skewness": {
        "dmean": 0.271649867296,
        "dmean2": 0.372391372919,
        "dvar": 0.119164332747,
        "dvar2": 0.228515148163,
        "max": 6.43602514267,
        "mean": 1.58211159706,
        "median": 1.45336222649,
        "min": -0.00742344371974,
        "stdev": 0.608599841595,
        "var": 0.370393753052
    },
    "spectral_spread": {
        "dmean": 1068487.625,
        "dmean2": 1261988.5,
        "dvar": 1.97618171904e+12,
        "dvar2": 2.30113332429e+12,
        "max": 41207352,
        "mean": 6072656.5,
        "median": 5732967,
        "min": 920089.4375,
        "stdev": 2374130.5,
        "var": 5.63649603174e+12
    },
    "spectral_strongpeak": {
        "dmean": 0.648959457874,
        "dmean2": 1.03781378269,
        "dvar": 0.613943517208,
        "dvar2": 1.30212533474,
        "max": 5.82379102707,
        "mean": 1.33320784569,
        "median": 0.811704933643,
        "min": 1.63187074964e-09,
        "stdev": 1.23700892925,
        "var": 1.53019118309
    },
    "zerocrossingrate": {
        "dmean": 0.015123879537,
        "dmean2": 0.0162130538374,
        "dvar": 0.000447641243227,
        "dvar2": 0.000458439491922,
        "max": 0.51025390625,
        "mean": 0.0598861500621,
        "median": 0.05078125,
        "min": 0.00439453125,
        "stdev": 0.0391318760812,
        "var": 0.00153130362742
    },
    "barkbands": {
        "dmean": [0.000391299923649, 0.00715974951163, 0.00168783089612, 0.00107224145904, 0.00166176422499, 0.00204115221277, 0.00187266105786, 0.00241494178772, 0.00281432806514, 0.0011223385809, 0.000440702366177, 0.000460494251456, 0.000239851666265, 0.000181152005098, 0.000143377459608, 7.82183778938e-05, 6.18943740847e-05, 4.5837216021e-05, 0.000206945114769, 0.000152024877025, 0.000102004109067, 0.00014134189405, 0.000163407661603, 0.000173972104676, 0.000173126871232, 8.55341204442e-05, 8.76314243214e-06],
        "dmean2": [0.000626463035587, 0.0108439465985, 0.00294327177107, 0.0016767840134, 0.0027487068437, 0.00307322526351, 0.00288330763578, 0.00373664987274, 0.00420261314139, 0.00169432756957, 0.000737032445613, 0.000709819258191, 0.000373084883904, 0.000291677424684, 0.000217493259697, 0.000130401342176, 9.53935086727e-05, 6.84336700942e-05, 0.000293453136692, 0.000241561530856, 0.000149037659867, 0.000189610000234, 0.00022367980273, 0.000238961991272, 0.000240425317315, 0.000120496421005, 1.2347437405e-05],
        "dvar": [1.01108525996e-06, 0.000258015206782, 2.74895191978e-05, 3.71658893528e-06, 6.46136459181e-06, 1.14333115562e-05, 8.82304902916e-06, 2.06528748095e-05, 2.19445828407e-05, 4.76381683256e-06, 8.20356262921e-07, 1.25578083043e-06, 2.06573858463e-07, 1.16735407119e-07, 1.25551153474e-07, 2.05869064018e-08, 6.59627330535e-09, 3.6206164733e-09, 8.48176782142e-08, 5.49495950963e-08, 1.9405307583e-08, 2.83379240074e-08, 4.95359344654e-08, 5.2015558083e-08, 5.64883002596e-08, 1.38698590391e-08, 1.82789131054e-10],
        "dvar2": [2.42479222834e-06, 0.000541004352272, 7.73214997025e-05, 1.06452862383e-05, 1.72112577275e-05, 2.38556858676e-05, 1.94893691514e-05, 4.50998777524e-05, 4.69292426715e-05, 9.68319181993e-06, 2.0899408355e-06, 2.88472460852e-06, 4.7366029321e-07, 2.80588096757e-07, 2.65819750211e-07, 4.53239366038e-08, 1.56685953101e-08, 7.95440424639e-09, 1.49976088437e-07, 1.32469580194e-07, 4.49035510997e-08, 5.3568932401e-08, 9.23626402027e-08, 8.43344523105e-08, 1.01231186989e-07, 2.35466721676e-08, 3.48384376903e-10],
        "max": [0.0113333910704, 0.158259660006, 0.0429666787386, 0.0176275297999, 0.0268524643034, 0.0420843139291, 0.0287725906819, 0.0490794144571, 0.0529158525169, 0.038792219013, 0.0107739241794, 0.0136028006673, 0.00511859357357, 0.00430592754856, 0.00539951818064, 0.00219465536065, 0.000986069790088, 0.000762376410421, 0.00421260436997, 0.00320627191104, 0.00117365445476, 0.00145232002251, 0.00150828121696, 0.00181779649574, 0.00247661722824, 0.00134332326706, 0.000107080370071],
        "mean": [0.000455479632365, 0.0116970678791, 0.0018664902309, 0.00176010502037, 0.00291223358363, 0.00392188597471, 0.00308733200654, 0.00379736791365, 0.00437591597438, 0.00168569153175, 0.000484598567709, 0.000647399458103, 0.000345625623595, 0.000253391102888, 0.000210865851841, 0.000107659841888, 0.000104618251498, 7.88048419054e-05, 0.000426993297879, 0.000241246409132, 0.000170558458194, 0.000226149946684, 0.000206424985663, 0.000252093654126, 0.000233917802689, 0.000129474996356, 1.08383237603e-05],
        "median": [6.386719906e-05, 0.00496725086123, 0.000869544979651, 0.000834637554362, 0.00166101218201, 0.00187355047092, 0.0013920586789, 0.00110354204662, 0.00103361415677, 0.000460651412141, 0.000127364037326, 0.000192735693417, 9.58086166065e-05, 8.79886065377e-05, 8.81585729076e-05, 5.43493661098e-05, 6.85592240188e-05, 5.13736522407e-05, 0.000270179210929, 0.000153591216076, 0.000100893288618, 0.000133464694954, 4.3631043809e-05, 6.95326161804e-05, 4.71932653454e-05, 3.13073032885e-05, 1.55984287176e-06],
        "min": [4.13510221117e-23, 1.56594506376e-23, 1.40462805735e-23, 3.34647607096e-23, 1.75864721683e-23, 1.50410247087e-23, 3.58864374709e-23, 4.49602153699e-23, 5.15472197057e-23, 2.05831811978e-23, 5.73416870445e-23, 4.41739734828e-23, 1.12364160893e-22, 8.64497519902e-23, 1.08373130558e-22, 1.0252169484e-22, 1.05210397862e-22, 2.77936320889e-22, 2.25170538277e-22, 3.28412766045e-22, 5.49724474453e-22, 5.86818153098e-22, 7.55766259115e-22, 8.15962884263e-22, 1.08240965433e-21, 1.67733548e-21, 2.57606963891e-21],
        "stdev": [0.00105287670158, 0.0214965809137, 0.00425525847822, 0.00252606789581, 0.00334688019939, 0.00525612337515, 0.00420455774292, 0.00647176289931, 0.00713908532634, 0.00338912475854, 0.000952814065386, 0.00139317812864, 0.000599714578129, 0.000458825961687, 0.000476841523778, 0.000174449625774, 0.000116118659207, 8.44953174237e-05, 0.000486931123305, 0.000299360370263, 0.000181552153663, 0.000245203642407, 0.000286779511953, 0.000323357060552, 0.000336069206242, 0.000175349981873, 1.7365140593e-05],
        "var": [1.10854944069e-06, 0.000462103023892, 1.8107226424e-05, 6.38101937511e-06, 1.12016077765e-05, 2.76268328889e-05, 1.76783069037e-05, 4.1883715312e-05, 5.09665369464e-05, 1.14861659313e-05, 9.07854655452e-07, 1.9409453671e-06, 3.59657548188e-07, 2.1052125021e-07, 2.27377839224e-07, 3.04326732703e-08, 1.34835431709e-08, 7.13945835784e-09, 2.37101929201e-07, 8.96166341136e-08, 3.29611857808e-08, 6.01248260068e-08, 8.22424865987e-08, 1.04559781278e-07, 1.12942508679e-07, 3.07476177852e-08, 3.01548119808e-10]
    },
    "erbbands": {
        "dmean": [0.274654716253, 1.56504011154, 2.3796646595, 2.33657646179, 5.31466293335, 4.92733240128, 11.4473657608, 19.6729640961, 23.8864440918, 31.8543834686, 63.002494812, 69.4634780884, 34.5783805847, 37.1042137146, 14.5606012344, 17.9926967621, 10.2403097153, 10.7214298248, 8.27148532867, 4.901034832, 4.00195026398, 3.26768040657, 2.46167516708, 5.6609377861, 12.4133310318, 5.85899925232, 4.47253894806, 4.06524705887, 5.03162527084, 5.13067245483, 4.4180150032, 3.93181061745, 2.88488984108, 2.13974785805, 1.11601817608, 0.434205651283, 0.156978428364, 0.0267210640013, 0.000987281440757, 3.64028237527e-05],
        "dmean2": [0.385436117649, 2.53265070915, 4.12773036957, 3.67711186409, 8.41111087799, 8.30652141571, 18.2395210266, 28.8635540009, 36.1163787842, 49.0448989868, 95.7898712158, 105.277900696, 51.3555107117, 56.1766357422, 22.5460605621, 27.387960434, 15.5599832535, 16.7054958344, 12.597489357, 7.72317934036, 6.5335855484, 4.94427204132, 3.61245656013, 8.25345420837, 17.8296661377, 9.0649356842, 7.20140171051, 5.5086517334, 6.83011579514, 7.08678388596, 6.0865278244, 5.47034168243, 3.88391566277, 3.01038551331, 1.57056331635, 0.60211533308, 0.221670210361, 0.0360780656338, 0.00136527791619, 4.65515659016e-05],
        "dvar": [0.422301262617, 12.8649940491, 49.3281021118, 16.7877159119, 97.2706375122, 78.0261459351, 305.257232666, 1316.69946289, 1544.2019043, 2858.58422852, 14056.1582031, 15010.421875, 5668.29589844, 5292.69677734, 847.645324707, 1697.65588379, 347.430145264, 432.605560303, 286.738708496, 156.967788696, 64.9833755493, 20.678144455, 10.092912674, 66.5095062256, 305.667449951, 56.5340423584, 50.7996788025, 23.4578113556, 36.2982673645, 47.713218689, 36.7252349854, 28.1234931946, 13.6790513992, 8.56521701813, 2.46137404442, 0.369656175375, 0.045321341604, 0.00136581563856, 2.12535542232e-06, 1.66289304548e-09],
        "dvar2": [0.81408059597, 30.9014759064, 138.871841431, 45.6144256592, 249.237136841, 216.194946289, 803.916137695, 2819.92407227, 3532.52172852, 5865.60058594, 30853.9433594, 33726.1992188, 10473.7666016, 11944.5097656, 2009.22924805, 3796.65258789, 778.943664551, 1010.68060303, 579.032104492, 379.472381592, 132.246994019, 49.1526298523, 21.6390266418, 123.878326416, 601.257568359, 136.123077393, 132.846740723, 45.3826904297, 71.2208023071, 93.5960083008, 68.5963134766, 51.5022926331, 22.2413902283, 15.9936752319, 4.37398576736, 0.633512377739, 0.0796361267567, 0.00237774290144, 3.92740594179e-06, 2.59274934855e-09],
        "max": [6.74782419205, 27.2477436066, 54.577255249, 38.3949623108, 96.9048538208, 124.027183533, 186.678070068, 456.928405762, 388.936035156, 579.763366699, 1227.35400391, 1610.28051758, 1134.22619629, 907.827331543, 478.938049316, 618.557800293, 261.048095703, 258.180786133, 290.477325439, 272.558258057, 150.474884033, 61.9477119446, 45.0053634644, 103.9477005, 197.508682251, 84.6406402588, 56.5392608643, 39.6781044006, 53.910358429, 45.4129524231, 43.6665153503, 38.1916122437, 27.7421875, 31.1749572754, 17.7826347351, 7.64672040939, 1.99372494221, 0.269572764635, 0.0103132594377, 0.000298024824588],
        "mean": [0.394953280687, 2.3466591835, 2.76010608673, 3.77969646454, 9.30014610291, 8.10837078094, 19.0701236725, 35.1869125366, 41.4034805298, 48.4590911865, 103.216041565, 110.200561523, 54.095035553, 55.5907897949, 20.6434078217, 26.3223896027, 16.5320720673, 16.3264694214, 12.4818668365, 7.08630800247, 5.96679782867, 5.50889825821, 4.61876106262, 10.9657239914, 25.8467407227, 10.7776889801, 6.56109189987, 7.26687335968, 8.33649730682, 6.79292201996, 5.66389322281, 5.35416936874, 4.10436296463, 2.81503653526, 1.55041587353, 0.641663610935, 0.231266871095, 0.0381747484207, 0.00128335785121, 7.92233186075e-05],
        "median": [0.0973715633154, 1.03583836555, 1.50868964195, 2.36981463432, 3.53487491608, 5.04427433014, 9.83396911621, 14.1835803986, 18.1424407959, 21.3816490173, 38.7012710571, 33.8518295288, 19.799118042, 15.1343717575, 7.57549190521, 9.08071136475, 5.662525177, 5.97252416611, 5.21956157684, 4.07647514343, 3.25517559052, 3.49176311493, 3.14795684814, 6.50564622879, 17.0404167175, 8.03973770142, 3.86673879623, 4.52434539795, 5.31681919098, 2.40486168861, 1.09584188461, 1.13552927971, 1.251506567, 0.605570316315, 0.291987657547, 0.154010504484, 0.0562614127994, 0.00796953774989, 0.000219475943595, 5.47755043954e-05],
        "min": [5.67347298909e-22, 3.38785410998e-21, 1.97131841814e-20, 5.39130473868e-20, 8.26119753417e-20, 8.96407422641e-20, 5.5121655197e-20, 1.21618685253e-19, 4.62339626991e-19, 5.91161013277e-19, 1.13340670103e-18, 1.13167251688e-18, 9.10718719988e-19, 1.06531288281e-18, 2.05644751701e-18, 2.61602713639e-18, 5.05184098223e-18, 3.28366859702e-18, 5.06063060341e-18, 6.31397508115e-18, 5.89206664663e-18, 7.42722080571e-18, 1.46225828857e-17, 1.07037262254e-17, 1.18567142561e-17, 1.72051582178e-17, 2.25918543197e-17, 2.23769197093e-17, 1.93244511954e-17, 1.98563481816e-17, 2.26601877101e-17, 1.88389458067e-17, 1.16815620701e-17, 1.03551986374e-17, 8.65530939139e-18, 5.72482354807e-18, 3.51443068803e-18, 1.41079034572e-18, 3.48375541879e-19, 3.55602134215e-20],
        "stdev": [0.843594133854, 4.25490140915, 5.84249210358, 4.65446901321, 15.0622014999, 9.63404369354, 23.6184005737, 53.0842704773, 58.8593940735, 70.8671722412, 168.15788269, 181.403839111, 104.950553894, 109.667198181, 35.2402954102, 54.0418624878, 26.9513969421, 28.6692466736, 24.3308963776, 13.7550420761, 10.0832805634, 6.37555027008, 4.70765542984, 13.2348384857, 28.741060257, 10.5269804001, 7.60840511322, 7.33075523376, 8.82643508911, 8.85469532013, 7.8164525032, 7.12120771408, 5.30223035812, 4.00191164017, 2.27852582932, 0.916476845741, 0.306520521641, 0.0525356978178, 0.0019417242147, 6.61891754135e-05],
        "var": [0.711651027203, 18.1041851044, 34.1347160339, 21.6640796661, 226.869903564, 92.8148040771, 557.828857422, 2817.93994141, 3464.4284668, 5022.15576172, 28277.0722656, 32907.3515625, 11014.6181641, 12026.8935547, 1241.8782959, 2920.52294922, 726.377807617, 821.925720215, 591.992492676, 189.201187134, 101.672538757, 40.647644043, 22.162021637, 175.160949707, 826.048583984, 110.817306519, 57.8878288269, 53.7399711609, 77.905960083, 78.4056243896, 61.0969314575, 50.7116012573, 28.1136474609, 16.0152950287, 5.19168043137, 0.839929759502, 0.0939548239112, 0.00275999959558, 3.77029277843e-06, 4.38100666855e-09]
    },
    "gfcc": {
        "mean": [18.1427307129, 76.9861907959, -92.1589584351, 19.4217243195, -78.2902145386, 6.1800775528, -32.3338279724, 15.9516487122, -27.5706272125, 11.462143898, -16.0804157257, -0.365517944098, -14.5915088654],
        "cov": [[6618.84228516, -1216.31726074, 494.797180176, 394.809082031, 50.283290863, 875.228271484, 271.001159668, 538.045349121, 43.2500801086, 151.891876221, -154.944000244, 133.596038818, -175.57244873], [-1216.31726074, 1458.8840332, -30.5422134399, -4.32122945786, 237.071533203, -157.581939697, 225.636581421, -80.3300704956, 67.922744751, 21.8486690521, 182.253692627, -39.5306167603, 38.7439651489], [494.797180176, -30.5422134399, 1118.2923584, 542.737365723, 386.770599365, 427.856048584, 97.5895996094, 224.42276001, 190.481002808, 119.11088562, 15.4828205109, 99.900604248, 34.7993354797], [394.809082031, -4.32122945786, 542.737365723, 563.792053223, 339.363128662, 255.833312988, 52.4068527222, 141.899429321, 154.35824585, 84.1411743164, -10.3012962341, 18.05950737, 63.0816001892], [50.283290863, 237.071533203, 386.770599365, 339.363128662, 397.416259766, 237.944946289, 99.648399353, 96.2258300781, 142.968063354, 65.062171936, 4.45835924149, 22.9212989807, 47.0654716492], [875.228271484, -157.581939697, 427.856048584, 255.833312988, 237.944946289, 483.962249756, 212.322189331, 185.34487915, 102.672660828, 70.4355697632, -4.14505004883, 42.2831764221, -21.4227638245], [271.001159668, 225.636581421, 97.5895996094, 52.4068527222, 99.648399353, 212.322189331, 327.051422119, 133.571243286, 26.8305110931, 43.2167396545, 68.9516296387, 13.5153484344, -37.6473236084], [538.045349121, -80.3300704956, 224.42276001, 141.899429321, 96.2258300781, 185.34487915, 133.571243286, 181.446975708, 81.8589553833, 61.6344680786, 11.2017641068, 23.9261322021, -14.3863592148], [43.2500801086, 67.922744751, 190.481002808, 154.35824585, 142.968063354, 102.672660828, 26.8305110931, 81.8589553833, 183.876449585, 78.8750152588, 6.82346630096, 0.0793441310525, 20.3951015472], [151.891876221, 21.8486690521, 119.11088562, 84.1411743164, 65.062171936, 70.4355697632, 43.2167396545, 61.6344680786, 78.8750152588, 113.389656067, 42.8310050964, 6.41664791107, -7.17107725143], [-154.944000244, 182.253692627, 15.4828205109, -10.3012962341, 4.45835924149, -4.14505004883, 68.9516296387, 11.2017641068, 6.82346630096, 42.8310050964, 127.567382812, 32.0087661743, -0.849834620953], [133.596038818, -39.5306167603, 99.900604248, 18.05950737, 22.9212989807, 42.2831764221, 13.5153484344, 23.9261322021, 0.0793441310525, 6.41664791107, 32.0087661743, 110.788902283, 35.6944541931], [-175.57244873, 38.7439651489, 34.7993354797, 63.0816001892, 47.0654716492, -21.4227638245, -37.6473236084, -14.3863592148, 20.3951015472, -7.17107725143, -0.849834620953, 35.6944541931, 98.6500701904]],
        "icov": [[0.000321409868775, -0.000118066425784, 0.000281116837868, -0.000355530995876, 0.000468416023068, -0.000726835860405, 0.000474598695291, -0.000910188246053, 0.000441681448137, -0.00038749029045, 0.000542055815458, -0.000607681693509, 0.000518707674928], [-0.000118066425784, 0.0023299260065, -0.000686167157255, 0.000999361625873, -0.00268040504307, 0.00270515424199, -0.00311732082628, 0.00251677562483, -0.00133087160066, 0.00104311597534, -0.00236095697619, 0.00165122165345, -0.00074536644388], [0.000281116837868, -0.000686167157255, 0.00274808937684, -0.00196019071154, 0.000579264771659, -0.00222224066965, 0.00208881194703, -0.00221848418005, 0.000515319174156, -0.000565176829696, 0.00057939090766, -0.00240700482391, 0.00149680639151], [-0.000355530995876, 0.000999361625873, -0.00196019071154, 0.00640070298687, -0.00441799079999, 0.00141916261055, -0.000465803110274, -0.000357906363206, -0.00031084602233, -1.34598349177e-05, -0.00152136501856, 0.00357959675603, -0.00348568800837], [0.000468416023068, -0.00268040504307, 0.000579264771659, -0.00441799079999, 0.0106541775167, -0.00502240005881, 0.00192253931891, -0.000737344729714, -0.00105484586675, -0.00123786891345, 0.00360775762238, -0.00268511520699, 9.02793326532e-05], [-0.000726835860405, 0.00270515424199, -0.00222224066965, 0.00141916261055, -0.00502240005881, 0.00994582660496, -0.00675661396235, 0.00291279447265, -0.00219326745719, 0.00130172376521, -0.00111552642193, 0.00130459142383, -1.08922495201e-05], [0.000474598695291, -0.00311732082628, 0.00208881194703, -0.000465803110274, 0.00192253931891, -0.00675661396235, 0.0120814982802, -0.00923462212086, 0.00393384043127, -0.000539951433893, -0.000996897113509, -0.00113799900282, 0.00206001917832], [-0.000910188246053, 0.00251677562483, -0.00221848418005, -0.000357906363206, -0.000737344729714, 0.00291279447265, -0.00923462212086, 0.0195856317878, -0.00622346578166, -0.000657533062622, -0.00057756860042, 0.000245045492193, -0.000135313166538], [0.000441681448137, -0.00133087160066, 0.000515319174156, -0.00031084602233, -0.00105484586675, -0.00219326745719, 0.00393384043127, -0.00622346578166, 0.0126636829227, -0.00650795642287, 0.00205396022648, 0.000719394010957, -0.00138739135582], [-0.00038749029045, 0.00104311597534, -0.000565176829696, -1.34598349177e-05, -0.00123786891345, 0.00130172376521, -0.000539951433893, -0.000657533062622, -0.00650795642287, 0.0175452195108, -0.00748787727207, 0.00198068539612, 0.00151967012789], [0.000542055815458, -0.00236095697619, 0.00057939090766, -0.00152136501856, 0.00360775762238, -0.00111552642193, -0.000996897113509, -0.00057756860042, 0.00205396022648, -0.00748787727207, 0.0161964744329, -0.00667817192152, 0.00181919464376], [-0.000607681693509, 0.00165122165345, -0.00240700482391, 0.00357959675603, -0.00268511520699, 0.00130459142383, -0.00113799900282, 0.000245045492193, 0.000719394010957, 0.00198068539612, -0.00667817192152, 0.0164796877652, -0.00802920851856], [0.000518707674928, -0.00074536644388, 0.00149680639151, -0.00348568800837, 9.02793326532e-05, -1.08922495201e-05, 0.00206001917832, -0.000135313166538, -0.00138739135582, 0.00151967012789, 0.00181919464376, -0.00802920851856, 0.0170928128064]]
    },
    "melbands": {
        "dmean": [0.00212822714821, 0.00142133701593, 0.000502531125676, 0.000340299302479, 0.000360701000318, 0.000420694093918, 0.000372129143216, 0.000366178370314, 0.000528716365807, 0.000418605690356, 0.000170088431332, 0.000158385475515, 5.56935156055e-05, 4.78815491078e-05, 3.59055338777e-05, 2.34244216699e-05, 1.95694556169e-05, 1.32507175294e-05, 9.24425694393e-06, 5.76483216719e-06, 4.86816861667e-06, 3.47329046235e-06, 3.5095201838e-06, 2.28128874369e-06, 4.91958098792e-06, 9.26698885451e-06, 8.42265490064e-06, 3.40137876265e-06, 3.07002915179e-06, 2.38559573518e-06, 2.48531500802e-06, 3.07791560772e-06, 2.88997944153e-06, 2.98655163533e-06, 2.51949973062e-06, 2.72748252428e-06, 2.36981122725e-06, 1.98174666366e-06, 2.14022884393e-06, 1.74151398369e-06],
        "dmean2": [0.00309311342426, 0.00239861477166, 0.000794186838903, 0.000553593970835, 0.000579222454689, 0.000619566999376, 0.000564311805647, 0.000564066460356, 0.000794480205514, 0.000635453965515, 0.000255141028902, 0.000242298949161, 8.9399945864e-05, 7.24471537978e-05, 5.59952895856e-05, 3.56578566425e-05, 3.09617280436e-05, 2.03995678021e-05, 1.41312257256e-05, 9.55379800871e-06, 7.90677495388e-06, 5.41576218893e-06, 5.43618807569e-06, 3.62778609997e-06, 7.34545801606e-06, 1.29567961267e-05, 1.26423865368e-05, 5.41780809726e-06, 5.13758686793e-06, 3.60712147085e-06, 3.34624246534e-06, 4.29608417107e-06, 4.07411926062e-06, 4.25101325163e-06, 3.60147669198e-06, 3.75112699658e-06, 3.35697927767e-06, 2.67564769274e-06, 3.06465676658e-06, 2.5234601253e-06],
        "dvar": [2.38257816818e-05, 1.27671673908e-05, 7.16512602139e-07, 2.86325530396e-07, 3.15791538696e-07, 5.50962056423e-07, 3.50960107198e-07, 3.54897196075e-07, 8.88800002485e-07, 5.51365758383e-07, 1.47055970956e-07, 9.86707107131e-08, 1.17473932804e-08, 1.51864210096e-08, 7.32019156402e-09, 1.98718153044e-09, 1.41903122586e-09, 7.07067515648e-10, 8.08472844227e-10, 9.66899268984e-11, 1.16274385953e-10, 2.63045644294e-11, 2.42268340805e-11, 1.15364384712e-11, 5.42746403376e-11, 1.8753924802e-10, 2.03243116781e-10, 2.19030713705e-11, 2.84184013127e-11, 9.31371126056e-12, 8.45856024112e-12, 1.42441284462e-11, 1.53733518971e-11, 1.78378076199e-11, 1.27175292866e-11, 1.46459493838e-11, 1.01234593625e-11, 6.51393565823e-12, 8.47248052965e-12, 6.4430912862e-12],
        "dvar2": [4.64846671093e-05, 3.44179752574e-05, 1.95447023543e-06, 7.45943623315e-07, 8.26847497137e-07, 1.15282261959e-06, 7.97812049314e-07, 7.3879584761e-07, 1.95473558051e-06, 1.23750908188e-06, 2.71229168902e-07, 2.18884053993e-07, 2.91945632114e-08, 3.31123821695e-08, 1.7646913264e-08, 4.44527881172e-09, 3.34653260659e-09, 1.49459566945e-09, 1.83683013244e-09, 2.51553333719e-10, 2.19030654725e-10, 6.39023417515e-11, 5.44224630639e-11, 2.86688069118e-11, 1.07658895687e-10, 3.02512959127e-10, 4.82666073776e-10, 5.49391469817e-11, 7.72483604861e-11, 2.10528712519e-11, 1.56731381346e-11, 2.99608358956e-11, 3.4318312081e-11, 3.5415202021e-11, 2.43347859225e-11, 2.91965028543e-11, 1.95435403971e-11, 1.08264109483e-11, 1.5332381198e-11, 1.29870055682e-11],
        "max": [0.0509419552982, 0.0275533813983, 0.00676614092663, 0.00499599799514, 0.00677936850116, 0.00952979270369, 0.00567164830863, 0.00757921300828, 0.00903908908367, 0.00917245075107, 0.00578854233027, 0.00403205538169, 0.00119218765758, 0.00180453562643, 0.00123343197629, 0.000586509355344, 0.000497291737702, 0.000410149019444, 0.000598567654379, 0.000166266065207, 0.000218938061153, 8.10190322227e-05, 6.65984262014e-05, 5.07387849211e-05, 9.69771426753e-05, 0.000266689166892, 0.000195037471713, 4.35941947217e-05, 4.37069938926e-05, 2.54524602497e-05, 2.21856316784e-05, 3.24213506246e-05, 3.3281648939e-05, 3.05573521473e-05, 2.68453495664e-05, 2.23370334425e-05, 2.91648484563e-05, 2.17739670916e-05, 1.99313981284e-05, 3.03770593746e-05],
        "mean": [0.0033907960169, 0.00196569086984, 0.000862428336404, 0.000609850336332, 0.000608262431342, 0.000780459144153, 0.000641494989395, 0.000541792309377, 0.000872664444614, 0.000643863051664, 0.000252150552114, 0.000232548656641, 6.99410229572e-05, 6.96158385836e-05, 5.02721195517e-05, 3.50225236616e-05, 2.8409936931e-05, 1.88987487491e-05, 1.31570013764e-05, 7.6554606494e-06, 6.87800002197e-06, 5.60071657674e-06, 5.19872719451e-06, 3.76230832444e-06, 8.57003487909e-06, 1.87611476576e-05, 1.55752823048e-05, 5.23247490491e-06, 3.89285423807e-06, 3.94573089579e-06, 4.24317386205e-06, 5.04576155436e-06, 3.92340234612e-06, 3.75936929231e-06, 3.17869330502e-06, 3.36327207151e-06, 3.22106848216e-06, 2.76298032986e-06, 2.84641464532e-06, 2.22038738684e-06],
        "median": [0.00124549760949, 0.00105629861355, 0.000463335163658, 0.000323930464219, 0.000331683782861, 0.000340472412063, 0.000290187890641, 0.000250622921158, 0.000331901625032, 0.000157483373187, 7.70228216425e-05, 5.41044428246e-05, 2.29685247177e-05, 2.14622778003e-05, 1.40659440149e-05, 1.02589456219e-05, 9.64129048953e-06, 7.58579244575e-06, 5.37235109732e-06, 4.84450583826e-06, 3.46116962646e-06, 3.24355141856e-06, 3.13306486532e-06, 2.50194534601e-06, 4.49666276836e-06, 1.1972437278e-05, 9.28144254431e-06, 3.41994018527e-06, 2.09598829315e-06, 2.2489928142e-06, 2.51354072134e-06, 3.27799898514e-06, 1.75556738213e-06, 1.10542237053e-06, 6.61845206196e-07, 5.45054717804e-07, 7.69504481468e-07, 9.20733498333e-07, 6.66462256049e-07, 5.145105888e-07],
        "min": [5.60317566901e-24, 8.08736650159e-24, 1.12615723902e-23, 5.4957844841e-24, 2.32115280778e-24, 3.09894244462e-24, 7.56502225319e-24, 6.86470940686e-24, 1.02746308783e-23, 7.01166236059e-24, 4.3097877278e-24, 3.56256290116e-24, 8.22069424976e-24, 4.67337805775e-24, 1.21222070161e-23, 8.09027660946e-24, 6.30287320383e-24, 7.83977777332e-24, 1.04019167408e-23, 5.36221495006e-24, 7.71785064294e-24, 5.39022661195e-24, 1.60085073887e-23, 9.37777175971e-24, 8.65885284007e-24, 8.72475112465e-24, 8.42476625505e-24, 1.2165139982e-23, 1.46922693025e-23, 1.16019067063e-23, 1.44203505262e-23, 1.13095374999e-23, 1.02181121499e-23, 1.09559053555e-23, 1.20212927736e-23, 1.35744660216e-23, 1.10787175879e-23, 6.62721178729e-24, 1.06345202673e-23, 8.05520779792e-24],
        "stdev": [0.00659119151533, 0.00351899582893, 0.00113504694309, 0.00074581039371, 0.000745420053136, 0.0011211221572, 0.000873658631463, 0.000786412798334, 0.00133994605858, 0.00107938470319, 0.000532331177965, 0.000476877408801, 0.000125063830637, 0.000156718437211, 0.000105570499727, 6.0306287196e-05, 5.18017077411e-05, 3.68744404113e-05, 3.41861959896e-05, 1.05616227302e-05, 1.36664366437e-05, 6.91456216373e-06, 6.60204887026e-06, 4.29830561188e-06, 1.15159564302e-05, 2.26583397307e-05, 1.96069413505e-05, 5.62328250453e-06, 5.10499103257e-06, 4.2874112296e-06, 4.41419479102e-06, 5.44016438653e-06, 4.87311945108e-06, 5.20547428096e-06, 4.45394016424e-06, 4.79450181956e-06, 4.2843034862e-06, 3.60386866305e-06, 3.91873072658e-06, 3.29196768689e-06],
        "var": [4.34438043158e-05, 1.23833315229e-05, 1.28833153212e-06, 5.56233146654e-07, 5.55651070044e-07, 1.25691485664e-06, 7.63279388138e-07, 6.18445085365e-07, 1.79545554602e-06, 1.16507123948e-06, 2.83376465404e-07, 2.27412073173e-07, 1.56409623031e-08, 2.45606699423e-08, 1.11451310403e-08, 3.63684815596e-09, 2.68341704412e-09, 1.35972444415e-09, 1.16869602884e-09, 1.11547882042e-10, 1.86771487165e-10, 4.78111682189e-11, 4.35870506355e-11, 1.84754329891e-11, 1.32617250514e-10, 5.13400322255e-10, 3.84432180534e-10, 3.16213062679e-11, 2.60609311908e-11, 1.83818966992e-11, 1.94851166452e-11, 2.95953886398e-11, 2.37472940617e-11, 2.70969618271e-11, 1.98375846999e-11, 2.29872457874e-11, 1.83552565508e-11, 1.29878685931e-11, 1.53564504862e-11, 1.08370508747e-11]
    },
    "melbands128": {
