{
"lowlevel": {
    "average_loudness": 0.978011250496,
    "barkbands_crest": {
        "dmean": 3.11450242996,
        "dmean2": 4.41705942154,
        "dvar": 7.31416893005,
        "dvar2": 16.2483024597,
        "max": 26.1138496399,
        "mean": 12.2007274628,
        "median": 11.2037763596,
        "min": 2.36809945107,
        "stdev": 5.4663066864,
        "var": 29.8805065155
    },
    "barkbands_flatness_db": {
        "dmean": 0.034875575453,
        "dmean2": 0.048923227936,
        "dvar": 0.00110913696699,
        "dvar2": 0.00221060356125,
        "max": 0.477743327618,
        "mean": 0.152267932892,
        "median": 0.14204390347,
        "min": 0.0277861766517,
        "stdev": 0.0653968825936,
        "var": 0.00427675247192
    },
    "barkbands_kurtosis": {
        "dmean": 8.91367149353,
        "dmean2": 14.0612020493,
        "dvar": 1113.3984375,
        "dvar2": 2544.19238281,
        "max": 789.272338867,
        "mean": 10.1727724075,
        "median": 2.54286384583,
        "min": -1.90390992165,
        "stdev": 35.1251754761,
        "var": 1233.77807617
    },
    "barkbands_skewness": {
        "dmean": 0.892749488354,
        "dmean2": 1.30378520489,
        "dvar": 1.51565742493,
        "dvar2": 3.07319879532,
        "max": 21.3401069641,
        "mean": 2.17596364021,
        "median": 1.71173536777,
        "min": -1.9541618824,
        "stdev": 1.98283052444,
        "var": 3.93161678314
    },
    "barkbands_spread": {
        "dmean": 8.36297225952,
        "dmean2": 12.6004619598,
        "dvar": 101.616340637,
        "dvar2": 226.123504639,
        "max": 101.450386047,
        "mean": 23.8332557678,
        "median": 21.7754173279,
        "min": 0.16603282094,
        "stdev": 15.5403394699,
        "var": 241.502151489
    },
    "dissonance": {
        "dmean": 0.0195733010769,
        "dmean2": 0.0323846153915,
        "dvar": 0.000528050586581,
        "dvar2": 0.00131305120885,
        "max": 0.499641984701,
        "mean": 0.464709728956,
        "median": 0.471196115017,
        "min": 0.0922091975808,
        "stdev": 0.0280128326267,
        "var": 0.000784718780778
    },
    "dynamic_complexity": 1.76113629341,
    "erbbands_crest": {
        "dmean": 2.5951859951,
        "dmean2": 4.30274438858,
        "dvar": 6.03854894638,
        "dvar2": 15.2501087189,
        "max": 25.7811527252,
        "mean": 8.08196163177,
        "median": 7.2763376236,
        "min": 2.49369812012,
        "stdev": 3.62772321701,
        "var": 13.1603755951
    },
    "erbbands_flatness_db": {
        "dmean": 0.0201194882393,
        "dmean2": 0.0296147484332,
        "dvar": 0.000302353146253,
        "dvar2": 0.000665309547912,
        "max": 0.259680718184,
        "mean": 0.139117926359,
        "median": 0.136526286602,
        "min": 0.0584295243025,
        "stdev": 0.032828874886,
        "var": 0.00107773498166
    },
    "erbbands_kurtosis": {
        "dmean": 0.930704951286,
        "dmean2": 1.51577627659,
        "dvar": 1.76575195789,
        "dvar2": 4.45631790161,
        "max": 14.7607936859,
        "mean": 0.201350733638,
        "median": -0.248197078705,
        "min": -1.84976089001,
        "stdev": 1.5663497448,
        "var": 2.45345163345
    },
    "erbbands_skewness": {
        "dmean": 0.418982714415,
        "dmean2": 0.648188769817,
        "dvar": 0.201335638762,
        "dvar2": 0.454072356224,
        "max": 2.55613589287,
        "mean": 0.201954066753,
        "median": 0.214610368013,
        "min": -3.25303292274,
        "stdev": 0.696443974972,
        "var": 0.485034197569
    },
    "erbbands_spread": {
        "dmean": 11.8807249069,
        "dmean2": 18.0229949951,
        "dvar": 154.147064209,
        "dvar2": 381.136505127,
        "max": 162.473220825,
        "mean": 44.647441864,
        "median": 41.1325759888,
        "min": 9.95189380646,
        "stdev": 20.2883701324,
        "var": 411.617980957
    },
    "hfc": {
        "dmean": 12.0567998886,
        "dmean2": 17.8910083771,
        "dvar": 179.819213867,
        "dvar2": 430.237609863,
        "max": 134.015838623,
        "mean": 27.7440757751,
        "median": 24.4567756653,
        "min": 1.21230849422e-16,
        "stdev": 19.6226882935,
        "var": 385.04989624
    },
    "loudness_ebu128": {
        "integrated": -7.54536724091,
        "loudness_range": 1.83968019485,
        "momentary": {
            "dmean": 0.499395161867,
            "dmean2": 0.737600445747,
            "dvar": 0.133568003774,
            "dvar2": 0.295884847641,
            "max": -5.16183614731,
            "mean": -7.68164539337,
            "median": -7.58943080902,
            "min": -11.7552928925,
            "stdev": 1.12620639801,
            "var": 1.26834094524
        },
        "short_term": {
            "dmean": 0.0483129955828,
            "dmean2": 0.0542671829462,
            "dvar": 0.00142962019891,
            "dvar2": 0.00190498086158,
            "max": -6.32424974442,
            "mean": -7.60674238205,
            "median": -7.80898284912,
            "min": -8.87222290039,
            "stdev": 0.653003811836,
            "var": 0.426413983107
        }
    },
    "melbands_crest": {
        "dmean": 3.95978975296,
        "dmean2": 6.15454769135,
        "dvar": 14.031003952,
        "dvar2": 31.754327774,
        "max": 37.3950691223,
        "mean": 18.6867618561,
        "median": 17.3016643524,
        "min": 2.06670641899,
        "stdev": 8.07965278625,
        "var": 65.2807922363
    },
    "melbands_flatness_db": {
        "dmean": 0.0408243238926,
        "dmean2": 0.056520357728,
        "dvar": 0.0015595597215,
        "dvar2": 0.00309051456861,
        "max": 0.586723089218,
        "mean": 0.216188177466,
        "median": 0.204948455095,
        "min": 0.00317908846773,
        "stdev": 0.0801590755582,
        "var": 0.00642547709867
    },
    "melbands_kurtosis": {
        "dmean": 20.1004638672,
        "dmean2": 31.69414711,
        "dvar": 2735.91918945,
        "dvar2": 6424.78564453,
        "max": 719.206970215,
        "mean": 28.7477531433,
        "median": 11.1331672668,
        "min": -1.56368505955,
        "stdev": 61.3648414612,
        "var": 3765.64355469
    },
    "melbands_skewness": {
        "dmean": 1.24367535114,
        "dmean2": 1.84828066826,
        "dvar": 2.66189646721,
        "dvar2": 5.86655759811,
        "max": 21.1453876495,
        "mean": 3.65606427193,
        "median": 2.93900156021,
        "min": -0.3329167068,
        "stdev": 2.69464755058,
        "var": 7.26112604141
    },
    "melbands_spread": {
        "dmean": 8.5752286911,
        "dmean2": 12.7532739639,
        "dvar": 143.992492676,
        "dvar2": 286.334320068,
        "max": 216.20161438,
        "mean": 21.9506130219,
        "median": 18.1726322174,
        "min": 0.216221153736,
        "stdev": 18.5925865173,
        "var": 345.684265137
    },
    "pitch_salience": {
        "dmean": 0.0932003110647,
        "dmean2": 0.142429724336,
        "dvar": 0.00853849109262,
        "dvar2": 0.0175485033542,
        "max": 0.891283214092,
        "mean": 0.476240605116,
        "median": 0.493513762951,
        "min": 0.0411297306418,
        "stdev": 0.168612658978,
        "var": 0.0284302309155
    },
    "silence_rate_20dB": {
        "dmean": 0,
        "dmean2": 0,
        "dvar": 0,
        "dvar2": 0,
        "max": 1,
        "mean": 1,
        "median": 1,
        "min": 1,
        "stdev": 0,
        "var": 0
    },
    "silence_rate_30dB": {
        "dmean": 0.0820433422923,
        "dmean2": 0.16421379149,
        "dvar": 0.0753120034933,
        "dvar2": 0.146542698145,
        "max": 1,
        "mean": 0.903325617313,
        "median": 1,
        "min": 0,
        "stdev": 0.295513868332,
        "var": 0.0873284414411
    },
    "silence_rate_60dB": {
        "dmean": 0.011609907262,
        "dmean2": 0.0232378002256,
        "dvar": 0.0114749902859,
        "dvar2": 0.0273457188159,
        "max": 1,
        "mean": 0.0154679045081,
        "median": 0,
        "min": 0,
        "stdev": 0.123403571546,
        "var": 0.0152284409851
    },
    "spectral_centroid": {
        "dmean": 389.661682129,
        "dmean2": 600.050109863,
        "dvar": 229853.46875,
        "dvar2": 417464.125,
        "max": 11133.8554688,
        "mean": 1490.10473633,
        "median": 1434.58251953,
        "min": 179.971710205,
        "stdev": 742.84362793,
        "var": 551816.6875
    },
    "spectral_complexity": {
        "dmean": 5.88003110886,
        "dmean2": 8.48721885681,
        "dvar": 34.3749771118,
        "dvar2": 72.0592651367,
        "max": 54,
        "mean": 20.5808200836,
        "median": 20,
        "min": 0,
        "stdev": 9.82305812836,
        "var": 96.4924621582
    },
    "spectral_decrease": {
        "dmean": 4.5295029949e-09,
        "dmean2": 5.83949644195e-09,
        "dvar": 2.78777171049e-17,
        "dvar2": 4.51556043508e-17,
        "max": 9.39165894759e-29,
        "mean": -1.30855477565e-08,
        "median": -1.07472004629e-08,
        "min": -5.16457241417e-08,
        "stdev": 9.37784339072e-09,
        "var": 8.794394352e-17
    },
    "spectral_energy": {
        "dmean": 0.0176209658384,
        "dmean2": 0.0227728877217,
        "dvar": 0.000406018458307,
        "dvar2": 0.000662070000544,
        "max": 0.197825133801,
        "mean": 0.0519042387605,
        "median": 0.0436370559037,
        "min": 1.06415452946e-20,
        "stdev": 0.0358091555536,
        "var": 0.0012822955614
    },
    "spectral_energyband_high": {
        "dmean": 0.00095998874167,
        "dmean2": 0.00149645365309,
        "dvar": 2.19981575356e-06,
        "dvar2": 5.32663398189e-06,
        "max": 0.0182674489915,
        "mean": 0.00138969218824,
        "median": 0.0007184582646,
        "min": 7.90784504042e-21,
        "stdev": 0.00190397864208,
        "var": 3.62513469554e-06
    },
    "spectral_energyband_low": {
        "dmean": 0.0136603126302,
        "dmean2": 0.0173843372613,
        "dvar": 0.000434502173448,
        "dvar2": 0.000706894265022,
        "max": 0.18709667027,
        "mean": 0.0318021811545,
        "median": 0.0202659592032,
        "min": 5.82748842518e-23,
        "stdev": 0.0350327640772,
        "var": 0.00122729444411
    },
    "spectral_energyband_middle_high": {
        "dmean": 0.00313308881596,
        "dmean2": 0.00473290216178,
        "dvar": 1.38152418003e-05,
        "dvar2": 3.08091439365e-05,
        "max": 0.0341402515769,
        "mean": 0.0069297044538,
        "median": 0.0048185037449,
        "min": 1.44703343308e-21,
        "stdev": 0.00644077127799,
        "var": 4.14835376432e-05
    },
    "spectral_energyband_middle_low": {
        "dmean": 0.00800480972975,
        "dmean2": 0.012836240232,
        "dvar": 0.000139484589454,
        "dvar2": 0.000332538038492,
        "max": 0.0920131877065,
        "mean": 0.0132831046358,
        "median": 0.00926383305341,
        "min": 3.08960768787e-22,
        "stdev": 0.0133073320612,
        "var": 0.000177085094037
    },
    "spectral_entropy": {
        "dmean": 0.229342624545,
        "dmean2": 0.33184248209,
        "dvar": 0.0478761643171,
        "dvar2": 0.103810817003,
        "max": 9.79878616333,
        "mean": 7.69679069519,
        "median": 7.68957948685,
        "min": 6.00858926773,
        "stdev": 0.376166731119,
        "var": 0.141501411796
    },
    "spectral_flux": {
        "dmean": 0.0447624698281,
        "dmean2": 0.062455162406,
        "dvar": 0.00190145417582,
        "dvar2": 0.00391079066321,
        "max": 0.41535371542,
        "mean": 0.123652599752,
        "median": 0.105433650315,
        "min": 1.03157864195e-10,
        "stdev": 0.0700262710452,
        "var": 0.00490367878228
    },
    "spectral_kurtosis": {
        "dmean": 1.3409576416,
        "dmean2": 2.16036772728,
        "dvar": 2.40408849716,
        "dvar2": 6.01122045517,
        "max": 18.5878582001,
        "mean": 3.52547550201,
        "median": 3.3387389183,
        "min": -1.23368442059,
        "stdev": 2.06551146507,
        "var": 4.26633739471
    },
    "spectral_rms": {
        "dmean": 0.00118826911785,
        "dmean2": 0.00153174402658,
        "dvar": 1.47492255564e-06,
        "dvar2": 2.35940751736e-06,
        "max": 0.0138924485072,
        "mean": 0.00669021485373,
        "median": 0.00652477890253,
        "min": 3.22211051243e-12,
        "stdev": 0.00242474977858,
        "var": 5.87941121921e-06
    },
    "spectral_rolloff": {
        "dmean": 689.280883789,
        "dmean2": 1138.37426758,
        "dvar": 1545753.875,
        "dvar2": 3323823.25,
        "max": 18647.7539062,
        "mean": 1328.33166504,
        "median": 882.861328125,
        "min": 43.06640625,
        "stdev": 1647.57971191,
        "var": 2714518.75
    },
    "spectral_skewness": {
        "dmean": 0.23579236865,
        "dmean2": 0.357867866755,
        "dvar": 0.0580756366253,
        "dvar2": 0.131233870983,
        "max": 3.36474347115,
        "mean": 1.44436085224,
        "median": 1.44980406761,
        "min": -0.0174923744053,
        "stdev": 0.40062391758,
        "var": 0.160499513149
    },
    "spectral_spread": {
        "dmean": 868718.75,
        "dmean2": 1269492.375,
        "dvar": 1.49064083046e+12,
        "dvar2": 2.14619966669e+12,
        "max": 41692944,
        "mean": 5157655,
        "median": 4786099,
        "min": 2633054,
        "stdev": 1805805.75,
        "var": 3.26093452083e+12
    },
    "spectral_strongpeak": {
        "dmean": 0.373371899128,
        "dmean2": 0.634996473789,
        "dvar": 0.441631108522,
        "dvar2": 1.20493173599,
        "max": 6.52276849747,
        "mean": 0.652469396591,
        "median": 0.467916965485,
        "min": 0,
        "stdev": 0.671047568321,
        "var": 0.450304836035
    },
    "zerocrossingrate": {
        "dmean": 0.0145002901554,
        "dmean2": 0.0162619221956,
        "dvar": 0.000420605065301,
        "dvar2": 0.000480759888887,
        "max": 0.4951171875,
        "mean": 0.0544205121696,
        "median": 0.046875,
        "min": 0.00244140625,
        "stdev": 0.0400180481374,
        "var": 0.00160144432448
    },
    "barkbands": {
        "dmean": [0.000793375715148, 0.0121521539986, 0.00532587710768, 0.00295270117931, 0.0033588653896, 0.00160524109378, 0.000822407368105, 0.000919281039387, 0.00088925275486, 0.00076682906365, 0.000805868534371, 0.000613219570369, 0.000598499435, 0.000589717004914, 0.000404697027989, 0.000218782166485, 0.000225052441237, 0.000307713169605, 0.000264733680524, 0.00023127051827, 0.000230866658967, 0.000190177932382, 0.000157157497597, 0.000170366562088, 0.000140963849844, 7.48720631236e-05, 1.49360539581e-06],
        "dmean2": [0.000723304750863, 0.016414154321, 0.00891091488302, 0.00505092786625, 0.0055286725983, 0.00261970888823, 0.00137893809006, 0.00153956701979, 0.00134181999601, 0.00121748563834, 0.00130104378331, 0.000996153219603, 0.000967423547991, 0.000941883015912, 0.000650152389426, 0.000354432704626, 0.000366189167835, 0.000482052768348, 0.00041198177496, 0.000359409954399, 0.000369461020455, 0.000306273053866, 0.000251136225415, 0.000261231791228, 0.000235444094869, 0.000124247468193, 2.61716400018e-06],
        "dvar": [9.44898090438e-07, 0.000500490074046, 0.00017065674183, 4.7741283197e-05, 3.0146107747e-05, 9.77462150331e-06, 3.4067343222e-06, 2.77822255157e-06, 1.75420052528e-06, 1.86190391105e-06, 1.98067937163e-06, 1.26395343614e-06, 1.21014556953e-06, 9.25771871607e-07, 4.60138664948e-07, 1.29888718448e-07, 3.02699532995e-07, 2.40692401121e-07, 1.51734994347e-07, 1.26748346929e-07, 1.52681224108e-07, 1.42221722399e-07, 7.87491316601e-08, 7.95280996613e-08, 7.34934317848e-08, 2.77154299511e-08, 1.42301483097e-11],
        "dvar2": [9.42733606735e-07, 0.000955264084041, 0.000443691475084, 0.000126079045003, 6.91673631081e-05, 2.37598414969e-05, 8.41088058223e-06, 7.08328752808e-06, 4.07337620345e-06, 4.17404453401e-06, 5.00240321344e-06, 2.91362857752e-06, 2.73666182693e-06, 2.20689980779e-06, 1.1212764548e-06, 3.25403306078e-07, 7.8667261505e-07, 5.87126180562e-07, 3.63774461221e-07, 3.02789970874e-07, 3.90515793924e-07, 3.29409033384e-07, 1.94622771232e-07, 1.83548195309e-07, 1.90405259559e-07, 7.37387964023e-08, 3.8162119298e-11],
        "max": [0.0103401197121, 0.177728503942, 0.0784865915775, 0.0530258826911, 0.0659319534898, 0.0376608632505, 0.0400437228382, 0.0166140068322, 0.0140907112509, 0.0227623134851, 0.0213499069214, 0.0173394251615, 0.0193119477481, 0.0112532405183, 0.00696120923385, 0.0046014287509, 0.0112142916769, 0.00938116107136, 0.0045784492977, 0.00580886378884, 0.00386242568493, 0.00542674772441, 0.00400491431355, 0.00365246762522, 0.00370776467025, 0.0014225669438, 3.33672578563e-05],
        "mean": [0.00223015691154, 0.0229239761829, 0.00536240683869, 0.00290273223072, 0.00419656885788, 0.00204541813582, 0.00105686404277, 0.00122510432266, 0.00146980502177, 0.00109959917609, 0.00119949225336, 0.000848511175718, 0.00088164571207, 0.000778900051955, 0.000501021218952, 0.000307128269924, 0.000325662316754, 0.000522794667631, 0.000429094390711, 0.000411269604228, 0.000287503964501, 0.000210949336179, 0.000207618679269, 0.000241967150941, 0.000170264072949, 6.68343782309e-05, 1.04218258912e-06],
        "median": [0.000514717656188, 0.011819658801, 0.000978565425612, 0.000616234727204, 0.00178475899156, 0.00089143763762, 0.00051234808052, 0.000513666134793, 0.000592377444264, 0.000447990460088, 0.000398415373638, 0.00028784503229, 0.000278943683952, 0.000277561804978, 0.000215224674321, 0.000134510060889, 0.000150683496031, 0.000292089418508, 0.000242603360675, 0.000224083778448, 0.000143732439028, 4.61320814793e-05, 8.09999110061e-05, 0.000105790524685, 6.01626998105e-05, 1.201793566e-05, 1.99373371146e-08],
        "min": [3.6786378669e-24, 4.36985080826e-23, 6.85143366669e-24, 2.74796856434e-23, 3.9197207804e-23, 8.59044976434e-23, 1.97301764347e-23, 3.83447299999e-23, 9.36935272059e-23, 4.51408234964e-23, 4.31963570957e-23, 9.16216944788e-23, 8.75635983449e-23, 1.62218958412e-22, 1.00440515689e-22, 1.55861913341e-22, 1.24041145069e-22, 2.04192038369e-22, 2.8043432152e-22, 3.59638278811e-22, 3.52341656226e-22, 4.9735082513e-22, 5.18058360783e-22, 8.25913840779e-22, 1.29665316902e-21, 1.62036179972e-21, 2.95350148955e-21],
        "stdev": [0.00296402047388, 0.0313481874764, 0.0124845346436, 0.00649695424363, 0.00627348246053, 0.00334074907005, 0.00187207153067, 0.00189789687283, 0.00211182283238, 0.00181381462608, 0.00204504211433, 0.00172912562266, 0.00163568381686, 0.00122986827046, 0.000765293720178, 0.000485570635647, 0.000578735256568, 0.000636916956864, 0.000538979074918, 0.000528498494532, 0.000417931587435, 0.000470971805044, 0.000350400601747, 0.000384100072552, 0.000319199316436, 0.000160087671247, 3.20996582559e-06],
        "var": [8.78541686689e-06, 0.000982708879746, 0.000155863599502, 4.22104130848e-05, 3.93565824197e-05, 1.11606041173e-05, 3.50465188603e-06, 3.60201261174e-06, 4.45979594588e-06, 3.28992359755e-06, 4.18219724452e-06, 2.98987538372e-06, 2.6754614737e-06, 1.51257586367e-06, 5.85674456488e-07, 2.35778841784e-07, 3.34934469493e-07, 4.05663200809e-07, 2.90498462618e-07, 2.79310654605e-07, 1.74666823227e-07, 2.21814445922e-07, 1.22780591028e-07, 1.47532858819e-07, 1.01888197435e-07, 2.56280632271e-08, 1.03038801449e-11]
    },
    "erbbands": {
        "dmean": [0.370831519365, 2.9456808567, 5.74446153641, 7.99615478516, 9.76143074036, 11.123506546, 18.2017307281, 12.0103673935, 11.8859539032, 15.1986455917, 17.3716812134, 20.9072265625, 23.7895851135, 25.3507423401, 31.479549408, 21.1841011047, 26.1561813354, 26.5653209686, 24.6407012939, 17.2290668488, 10.9620351791, 12.4750156403, 15.7642192841, 15.2452545166, 10.9426326752, 11.4377822876, 10.2048625946, 8.15538024902, 6.82291889191, 5.3427696228, 4.52084255219, 3.87539720535, 2.6566991806, 1.57485485077, 0.996829092503, 0.47523650527, 0.103253014386, 0.0108144246042, 0.00025467958767, 2.79190808214e-05],
        "dmean2": [0.439279764891, 4.18789339066, 8.97154998779, 13.6428518295, 16.0641555786, 18.2924823761, 29.5904216766, 19.7740116119, 19.6818828583, 24.9356594086, 28.755739212, 30.8258323669, 36.7045707703, 40.9573326111, 49.914806366, 33.7047348022, 41.8339195251, 41.5237007141, 39.3822822571, 27.9094867706, 17.71134758, 19.8047180176, 24.8700141907, 23.3398895264, 17.0974082947, 17.5939388275, 16.5961875916, 12.7643976212, 10.9004116058, 8.56279277802, 7.22571516037, 6.12026166916, 4.04545259476, 2.55041599274, 1.69448566437, 0.786429286003, 0.171073451638, 0.0181353148073, 0.000423130084528, 3.87183645216e-05],
        "dvar": [0.289888143539, 37.1597824097, 166.271606445, 339.273864746, 428.857879639, 405.248321533, 1688.04370117, 675.728149414, 857.530639648, 721.526550293, 994.514587402, 1143.83581543, 1809.82373047, 2151.65209961, 2971.62255859, 1673.17102051, 2510.76928711, 2151.10620117, 1686.11767578, 1038.57421875, 436.483398438, 597.385375977, 918.27331543, 437.110870361, 338.694946289, 315.34954834, 332.104614258, 181.255859375, 190.887985229, 111.439094543, 64.4106140137, 40.4206771851, 21.1568222046, 7.73211717606, 4.32447433472, 1.04416251183, 0.0535898469388, 0.000641158316284, 3.24978515209e-07, 9.83985448677e-10],
        "dvar2": [0.509908854961, 71.7014541626, 395.501861572, 917.66003418, 1063.17590332, 880.618530273, 4229.28369141, 1573.7130127, 2168.33007812, 1737.88842773, 2619.96508789, 2460.25976562, 3940.88623047, 5498.72363281, 7256.19824219, 3838.20532227, 5459.06982422, 5210.13378906, 4075.36376953, 2522.97045898, 1111.88781738, 1491.07165527, 2352.97143555, 941.493530273, 841.494995117, 741.292602539, 881.155700684, 428.732513428, 429.684631348, 268.896087646, 160.154006958, 93.6715087891, 50.4290275574, 18.6835975647, 11.5285186768, 2.78833341599, 0.140857219696, 0.00169841689058, 8.60282909798e-07, 2.23466223304e-09],
        "max": [5.23400115967, 46.6217880249, 88.6377868652, 155.96156311, 187.93296814, 393.418426514, 535.71685791, 416.961639404, 523.913818359, 306.1612854, 359.721466064, 450.753936768, 739.713806152, 593.308227539, 1065.52233887, 629.32611084, 1007.25689697, 670.49395752, 429.322235107, 480.344207764, 342.850524902, 461.671936035, 690.807983398, 214.050369263, 244.493988037, 275.142059326, 184.393447876, 159.755981445, 222.525360107, 158.420562744, 105.486877441, 73.8747253418, 65.087310791, 52.488155365, 19.9769992828, 8.39485645294, 2.02567887306, 0.215577915311, 0.00501315575093, 0.000260064582108],
        "mean": [0.87886941433, 4.2050113678, 6.58639764786, 8.25027084351, 10.7489471436, 13.8387908936, 20.5981731415, 15.8369693756, 14.9492549896, 21.9892959595, 24.7786254883, 34.3066101074, 36.1195259094, 38.0400085449, 49.6118278503, 31.7772521973, 41.6423149109, 39.1499481201, 33.4021034241, 21.435710907, 16.8529453278, 20.1841049194, 26.9840221405, 26.974489212, 19.5757541656, 20.137506485, 13.244808197, 10.3212585449, 7.78160476685, 5.83221673965, 6.21419858932, 5.61240577698, 3.59207105637, 2.10840654373, 1.09006822109, 0.442680209875, 0.0906828641891, 0.00882082991302, 0.000236745821894, 7.11215980118e-05],
        "median": [0.392013609409, 1.70248687267, 1.68868970871, 2.64892244339, 3.37591671944, 5.70242786407, 7.93671989441, 7.22135639191, 7.12081432343, 10.4143819809, 13.1010313034, 13.6719675064, 17.4082393646, 16.7343502045, 16.3308200836, 12.6844911575, 14.244761467, 16.4501781464, 15.6898288727, 9.89786338806, 8.36950016022, 9.99728393555, 15.3943042755, 14.7594156265, 11.4377374649, 11.0037231445, 7.15712118149, 4.59259939194, 1.99038815498, 1.40681052208, 2.55338072777, 2.61902952194, 1.4828646183, 0.870270967484, 0.295856952667, 0.084453754127, 0.0152852758765, 0.00116913742386, 6.49599023745e-05, 6.08438494965e-05],
        "min": [1.51502097475e-21, 8.30606949747e-21, 8.94090880717e-21, 4.5773955282e-20, 1.56451958781e-19, 8.41992509267e-20, 2.83505505002e-19, 7.37140451913e-19, 5.32321588354e-19, 5.2771388215e-19, 9.55242543639e-19, 2.37069632685e-18, 1.19350157933e-18, 1.85351198861e-18, 3.1782469095e-18, 3.23785664636e-18, 3.52127436682e-18, 9.518190292e-18, 5.13524891211e-18, 5.8762728736e-18, 8.06351956575e-18, 7.79234990862e-18, 7.47158332914e-18, 1.46191070728e-17, 1.56057284028e-17, 1.94986620498e-17, 1.18503532372e-17, 1.51187373977e-17, 1.80497708345e-17, 1.98469150139e-17, 1.51867928554e-17, 1.47542253715e-17, 1.51711425982e-17, 1.16720073069e-17, 9.68345105222e-18, 4.68154737716e-18, 3.52074538482e-18, 1.69139492831e-18, 4.05592762223e-19, 3.75522969811e-20],
        "stdev": [1.07720649242, 7.32180929184, 13.2353534698, 16.3605499268, 21.7900333405, 23.920419693, 40.6546592712, 28.1598396301, 28.5307807922, 32.4856376648, 34.2432861328, 54.5204048157, 57.4793510437, 60.202457428, 87.056640625, 61.4280471802, 78.0549697876, 62.4263839722, 46.90391922, 33.7915687561, 27.8595600128, 31.0835437775, 34.4475669861, 32.5574188232, 24.1731052399, 26.6044082642, 19.1619472504, 16.0698947906, 17.3914928436, 12.8951292038, 9.98939609528, 8.47294616699, 6.12157392502, 3.73869991302, 2.2501513958, 1.01025211811, 0.221090748906, 0.0232867710292, 0.000528958451468, 4.65482626169e-05],
        "var": [1.16037380695, 53.6088905334, 175.174575806, 267.667572021, 474.805541992, 572.186462402, 1652.8013916, 792.9765625, 814.005493164, 1055.31677246, 1172.60253906, 2972.47436523, 3303.87597656, 3624.33569336, 7578.85839844, 3773.40478516, 6092.578125, 3897.0534668, 2199.97753906, 1141.87011719, 776.155090332, 966.186706543, 1186.6348877, 1059.9855957, 584.338989258, 707.794555664, 367.180236816, 258.241546631, 302.464019775, 166.284362793, 99.7880249023, 71.7908096313, 37.4736671448, 13.9778766632, 5.0631814003, 1.02060925961, 0.0488811209798, 0.000542273686733, 2.79797035319e-07, 2.16674078679e-09]
    },
    "gfcc": {
        "mean": [28.8857307434, 85.5867233276, -109.987869263, 40.4176330566, -57.5534362793, 24.4714164734, -35.1169128418, 19.3070526123, -26.5051574707, 6.60721206665, -7.31361198425, -0.933609604836, -5.71170091629],
        "cov": [[4644.13378906, -425.115325928, -253.392974854, 2.75355958939, -155.597732544, 231.653030396, 5.83471250534, 179.424942017, -158.243743896, 81.2423324585, -160.813095093, 72.2573623657, -137.853363037], [-425.115325928, 1022.76220703, -30.2737064362, -29.5515289307, 295.447296143, -37.5607757568, 188.318237305, -4.13155794144, 102.722236633, -47.8714523315, 165.68951416, -144.712768555, 71.3540267944], [-253.392974854, -30.2737064362, 779.769287109, 296.649505615, 62.1565513611, 117.15750885, 9.52563858032, -38.1429367065, 53.5838508606, 70.2468338013, -40.7731552124, 35.3586959839, -39.8816337585], [2.75355958939, -29.5515289307, 296.649505615, 432.37097168, 94.4793624878, 56.2814369202, 28.4457893372, 30.8764095306, 86.5951919556, 10.7816209793, 21.4524459839, -20.3673553467, 38.948890686], [-155.597732544, 295.447296143, 62.1565513611, 94.4793624878, 387.049194336, 116.793006897, 187.529907227, 43.5891265869, 66.5729827881, 20.8442115784, 70.353729248, -21.1947727203, -1.00795662403], [231.653030396, -37.5607757568, 117.15750885, 56.2814369202, 116.793006897, 237.497283936, 152.384552002, 26.6982059479, -0.496668159962, 45.5247421265, 27.8588619232, 5.50727033615, -28.2023506165], [5.83471250534, 188.318237305, 9.52563858032, 28.4457893372, 187.529907227, 152.384552002, 306.063354492, 75.1924438477, 55.7907562256, 46.8438262939, 105.444076538, 5.73493528366, -5.0072259903], [179.424942017, -4.13155794144, -38.1429367065, 30.8764095306, 43.5891265869, 26.6982059479, 75.1924438477, 176.961700439, 80.3389053345, 14.4655208588, 59.5834655762, 15.9547805786, 24.4751014709], [-158.243743896, 102.722236633, 53.5838508606, 86.5951919556, 66.5729827881, -0.496668159962, 55.7907562256, 80.3389053345, 166.492874146, 43.8492012024, 71.0628128052, 21.7871856689, 54.9178848267], [81.2423324585, -47.8714523315, 70.2468338013, 10.7816209793, 20.8442115784, 45.5247421265, 46.8438262939, 14.4655208588, 43.8492012024, 125.081520081, 50.8317184448, 46.2046775818, 11.2169952393], [-160.813095093, 165.68951416, -40.7731552124, 21.4524459839, 70.353729248, 27.8588619232, 105.444076538, 59.5834655762, 71.0628128052, 50.8317184448, 199.131088257, 27.4527359009, 64.4304580688], [72.2573623657, -144.712768555, 35.3586959839, -20.3673553467, -21.1947727203, 5.50727033615, 5.73493528366, 15.9547805786, 21.7871856689, 46.2046775818, 27.4527359009, 136.448760986, 29.174654007], [-137.853363037, 71.3540267944, -39.8816337585, 38.948890686, -1.00795662403, -28.2023506165, -5.0072259903, 24.4751014709, 54.9178848267, 11.2169952393, 64.4304580688, 29.174654007, 142.702056885]],
        "icov": [[0.000375999283278, -0.000451674422948, 0.000474006839795, -0.000562262779567, 0.000439213239588, -0.000768343161326, 0.000392833724618, -0.000850543146953, 0.000705842045136, -0.000765455886722, 0.00072536530206, -0.000811838021036, 0.000512923463248], [-0.000451674422948, 0.00373958540149, -0.00162280118093, 0.00245749484748, -0.00246103201061, 0.00300724734552, -0.00217098603025, 0.00257036741823, -0.00230149761774, 0.00271760346368, -0.00303302612156, 0.00483253831044, -0.00231702392921], [0.000474006839795, -0.00162280118093, 0.00322043825872, -0.00282155349851, 0.00120725936722, -0.00254568643868, 0.00145246740431, -0.000705695827492, 0.000623298459686, -0.00237476942129, 0.0021621377673, -0.00312234926969, 0.0022258288227], [-0.000562262779567, 0.00245749484748, -0.00282155349851, 0.00575964199379, -0.00220808503218, 0.00182535301428, -0.00113227916881, 0.00172691664193, -0.00305531476624, 0.00296439114027, -0.00240330258384, 0.00453794468194, -0.00302316201851], [0.000439213239588, -0.00246103201061, 0.00120725936722, -0.00220808503218, 0.00577333103865, -0.00290305772796, -0.000522803282365, -0.00139141420368, 0.000516455736943, -0.00138505280484, 0.00187290436588, -0.00268195592798, 0.00189507741015], [-0.000768343161326, 0.00300724734552, -0.00254568643868, 0.00182535301428, -0.00290305772796, 0.0107888616621, -0.00547061208636, 0.00185797223821, 0.000231356520089, 0.000753480417188, -0.00223934371024, 0.00420918501914, -0.00185223703738], [0.000392833724618, -0.00217098603025, 0.00145246740431, -0.00113227916881, -0.000522803282365, -0.00547061208636, 0.00884616654366, -0.00280613661744, 0.000665726605803, -0.00189541478176, -0.000556346436497, -0.00287229474634, 0.00261803087778], [-0.000850543146953, 0.00257036741823, -0.000705695827492, 0.00172691664193, -0.00139141420368, 0.00185797223821, -0.00280613661744, 0.0110281296074, -0.00637615378946, 0.00379790295847, -0.00340532464907, 0.00284904707223, -0.00129767192993], [0.000705842045136, -0.00230149761774, 0.000623298459686, -0.00305531476624, 0.000516455736943, 0.000231356520089, 0.000665726605803, -0.00637615378946, 0.0135633135214, -0.00522114010528, 0.00147696956992, -0.0031627828721, -0.00082250253763], [-0.000765455886722, 0.00271760346368, -0.00237476942129, 0.00296439114027, -0.00138505280484, 0.000753480417188, -0.00189541478176, 0.00379790295847, -0.00522114010528, 0.0144620332867, -0.00499936193228, 0.000936852244195, -0.00121162063442], [0.00072536530206, -0.00303302612156, 0.0021621377673, -0.00240330258384, 0.00187290436588, -0.00223934371024, -0.000556346436497, -0.00340532464907, 0.00147696956992, -0.00499936193228, 0.0114170173183, -0.0043812552467, -0.000821817666292], [-0.000811838021036, 0.00483253831044, -0.00312234926969, 0.00453794468194, -0.00268195592798, 0.00420918501914, -0.00287229474634, 0.00284904707223, -0.0031627828721, 0.000936852244195, -0.0043812552467, 0.0157496985048, -0.00518658477813], [0.000512923463248, -0.00231702392921, 0.0022258288227, -0.00302316201851, 0.00189507741015, -0.00185223703738, 0.00261803087778, -0.00129767192993, -0.00082250253763, -0.00121162063442, -0.000821817666292, -0.00518658477813, 0.0119138145819]]
    },
    "melbands": {
        "dmean": [0.00331330788322, 0.00285765179433, 0.00141842209268, 0.000682256999426, 0.000623644387815, 0.000270059506875, 0.000177444700967, 0.000180239221663, 0.000143172030221, 0.000133884357638, 0.000121376477182, 0.000102833881101, 0.000103212267277, 7.47361482354e-05, 5.90450326854e-05, 6.13541124039e-05, 5.26450312464e-05, 4.5003642299e-05, 3.01379695884e-05, 1.78197333298e-05, 1.25758706417e-05, 1.41846812767e-05, 1.31206934384e-05, 1.52367474584e-05, 1.32737250169e-05, 9.09831487661e-06, 8.26869745651e-06, 7.89788464317e-06, 6.51590107736e-06, 5.90457375438e-06, 4.64644199383e-06, 4.11144719692e-06, 3.48828348251e-06, 2.83753888652e-06, 2.66249617198e-06, 2.4518783448e-06, 2.5052129331e-06, 1.99389091904e-06, 1.62412993632e-06, 1.27952012008e-06],
        "dmean2": [0.00417458591983, 0.00394586566836, 0.00235852203332, 0.00113242270891, 0.00100809859578, 0.000441589858383, 0.000292867422104, 0.000299398525385, 0.000234855528106, 0.00019705898012, 0.000187415673281, 0.000166835772689, 0.000165962264873, 0.00012117283768, 9.45844076341e-05, 9.82800338534e-05, 8.27801777632e-05, 7.33150664018e-05, 4.8323890951e-05, 2.91137257591e-05, 2.08519741136e-05, 2.30001896853e-05, 2.08342171391e-05, 2.41096986429e-05, 2.06049189728e-05, 1.43592969835e-05, 1.28908804982e-05, 1.23661902762e-05, 1.06502811832e-05, 9.64665287029e-06, 7.26804773876e-06, 6.57335976939e-06, 5.63580078961e-06, 4.59304555989e-06, 4.27639270129e-06, 3.88772696169e-06, 3.99077089241e-06, 3.07580171466e-06, 2.56613589045e-06, 2.09337804336e-06],
        "dvar": [2.93446428259e-05, 3.072682739e-05, 9.22235449252e-06, 1.4457365296e-06, 1.70719010839e-06, 3.18429187018e-07, 1.87463271573e-07, 1.00944227199e-07, 6.50073559427e-08, 4.53834552161e-08, 4.74427253039e-08, 3.46161890263e-08, 2.94542878976e-08, 1.90546760592e-08, 1.39586004977e-08, 1.54924784113e-08, 9.0155731769e-09, 5.88992588035e-09, 2.75564104868e-09, 9.23988718871e-10, 9.03985220013e-10, 8.09596889528e-10, 7.12629677491e-10, 7.06104452686e-10, 3.63567592698e-10, 2.23074961281e-10, 1.65782679251e-10, 1.66553978942e-10, 1.35112754318e-10, 1.12900216953e-10, 6.91464940861e-11, 7.18034035008e-11, 5.41454069081e-11, 3.22387151697e-11, 2.47043670243e-11, 1.53729251551e-11, 1.86435485106e-11, 1.31521182833e-11, 8.60532738817e-12, 5.20562455988e-12],
        "dvar2": [5.52339661226e-05, 5.83070104767e-05, 2.40571953327e-05, 3.33039338329e-06, 4.25863117925e-06, 7.45399233892e-07, 4.71469036256e-07, 2.46746196808e-07, 1.70663568611e-07, 9.76473515379e-08, 1.04367195775e-07, 8.68895781991e-08, 7.25089677189e-08, 4.49738486452e-08, 3.42678205811e-08, 3.55893732262e-08, 2.14466115978e-08, 1.37986608806e-08, 6.42145758789e-09, 2.23666685173e-09, 2.40686093278e-09, 2.04205852228e-09, 1.80316417353e-09, 1.7491365023e-09, 8.02149235923e-10, 5.57373536214e-10, 3.93518495567e-10, 3.98639343757e-10, 3.58002932854e-10, 2.94421292901e-10, 1.65944924468e-10, 1.61196944681e-10, 1.31152297356e-10, 7.83124676218e-11, 6.25890589356e-11, 3.65853701501e-11, 4.35545349786e-11, 3.16573642301e-11, 2.06167149325e-11, 1.27940514086e-11],
        "max": [0.0476287417114, 0.0438000559807, 0.0254265852273, 0.0170096307993, 0.0166184343398, 0.00870523415506, 0.00848101172596, 0.00326670845971, 0.00275986245833, 0.00280340760946, 0.00385829340667, 0.00234335800633, 0.00281994091347, 0.00250265887007, 0.00186171475798, 0.00232033338398, 0.00133468850981, 0.000739699229598, 0.000608808360994, 0.000469294143841, 0.000561388966162, 0.000488316989504, 0.000597846170422, 0.000486130127683, 0.000188344318303, 0.000169173858012, 0.000144108853419, 0.000208406869206, 0.00012710885494, 0.000112207861093, 0.000108534281026, 0.000161394957104, 8.65074180183e-05, 9.01630410226e-05, 7.05807615304e-05, 4.68872967758e-05, 4.84165284433e-05, 6.03200569458e-05, 6.68947977829e-05, 3.60743069905e-05],
        "mean": [0.00704088527709, 0.00408346764743, 0.00154015293811, 0.000846318551339, 0.000729534018319, 0.000357145327143, 0.000223701208597, 0.000257583684288, 0.000202510185773, 0.000218034823774, 0.000176197092514, 0.000148445615196, 0.0001598225208, 0.00010652434139, 8.40829816298e-05, 9.08561851247e-05, 7.11897009751e-05, 5.73366305616e-05, 3.64037477993e-05, 2.33022346947e-05, 1.76629546331e-05, 2.11731603486e-05, 2.09757381526e-05, 2.48430242209e-05, 2.19204121095e-05, 1.4723464119e-05, 1.40421780088e-05, 1.3070028217e-05, 8.30783301353e-06, 6.9824413913e-06, 5.69605526834e-06, 4.58346266896e-06, 3.59485875379e-06, 3.07663663079e-06, 3.49022570845e-06, 3.63812955584e-06, 3.39564348906e-06, 2.57533815784e-06, 2.14675560528e-06, 1.65700726029e-06],
        "median": [0.00349243776873, 0.00159056403209, 0.000552256067749, 0.000350702845026, 0.00030821422115, 0.000162489886861, 0.000108910244307, 0.00011305364751, 0.000101355806692, 8.20890563773e-05, 7.47643498471e-05, 5.69286639802e-05, 5.59462023375e-05, 3.59340629075e-05, 2.35885327129e-05, 2.76344635495e-05, 2.45240280492e-05, 2.26392876357e-05, 1.56719252118e-05, 9.87950988929e-06, 7.97209304437e-06, 8.90510182217e-06, 1.23935215015e-05, 1.27714820337e-05, 1.06689822132e-05, 8.28606334835e-06, 7.14503994459e-06, 6.65497418595e-06, 4.30948284702e-06, 3.14327758133e-06, 2.25947633226e-06, 1.13000317015e-06, 5.55149313186e-07, 7.56430893034e-07, 1.36967116759e-06, 1.53908422362e-06, 1.40979159369e-06, 9.79780224952e-07, 8.8859690095e-07, 6.27542760867e-07],
        "min": [1.23797472246e-23, 7.22492696201e-24, 1.2582701414e-23, 7.55794143771e-24, 8.54921537374e-24, 1.64788467707e-23, 8.15752542391e-24, 6.17492588146e-24, 9.75890359518e-24, 1.40474149555e-23, 5.41672326646e-24, 7.31709037043e-24, 8.68210609297e-24, 1.06158763287e-23, 8.11452698255e-24, 7.60876064608e-24, 1.99823973542e-23, 7.3299243485e-24, 6.88543672715e-24, 1.14046559812e-23, 7.86495663569e-24, 8.7454547791e-24, 4.46101906865e-24, 1.06682606371e-23, 1.18834803512e-23, 1.08253599198e-23, 1.11247523548e-23, 1.40617864235e-23, 6.32690585131e-24, 8.74821973658e-24, 7.92654458428e-24, 9.64808757066e-24, 1.02931588544e-23, 1.06867057828e-23, 9.99120814341e-24, 6.52819593862e-24, 9.91498840275e-24, 9.66682932804e-24, 1.21381719831e-23, 8.97486894098e-24],
        "stdev": [0.00881253369153, 0.00680346647277, 0.00287688174285, 0.00135876866989, 0.001318939263, 0.000611021241639, 0.000421428616391, 0.000386986939702, 0.00028716592351, 0.000345246808138, 0.000292991288006, 0.000242040114244, 0.000264880363829, 0.000204629453947, 0.000180902832653, 0.000181591633009, 0.000123729958432, 8.74705438036e-05, 5.95343553869e-05, 3.73092734662e-05, 3.31752853526e-05, 3.69931876776e-05, 2.88481314783e-05, 3.31010269292e-05, 2.83276531263e-05, 1.88816047739e-05, 1.88952617464e-05, 1.81378127309e-05, 1.23992494991e-05, 1.09806569526e-05, 1.00148072306e-05, 1.05593180706e-05, 8.69426730787e-06, 6.85404302203e-06, 5.91502066527e-06, 5.25861742062e-06, 5.54776215722e-06, 4.66217625217e-06, 3.82968892154e-06, 3.02487774206e-06],
        "var": [7.76607485022e-05, 4.62871576019e-05, 8.27644907986e-06, 1.84625230304e-06, 1.7396007479e-06, 3.733469498e-07, 1.77602089479e-07, 1.49758889734e-07, 8.24642611974e-08, 1.19195355808e-07, 8.58438866658e-08, 5.85834172284e-08, 7.01616116316e-08, 4.18732106766e-08, 3.27258327104e-08, 3.29755209805e-08, 1.53091033184e-08, 7.65109575696e-09, 3.54433948857e-09, 1.39198175209e-09, 1.10059961145e-09, 1.3684959832e-09, 8.32214741564e-10, 1.09567799278e-09, 8.02455935034e-10, 3.56515011957e-10, 3.57030904841e-10, 3.28980259701e-10, 1.53741394615e-10, 1.205748279e-10, 1.00296368433e-10, 1.11499191824e-10, 7.55902770933e-11, 4.69779042056e-11, 3.49874677841e-11, 2.76530569276e-11, 3.07776651387e-11, 2.17358891302e-11, 1.46665180001e-11, 9.14988484285e-12]
    },
    "melbands128": {
