{
"lowlevel": {
    "average_loudness": 0.899186849594,
    "barkbands_crest": {
        "dmean": 2.82627749443,
        "dmean2": 4.40792751312,
        "dvar": 8.09197807312,
        "dvar2": 17.0047531128,
        "max": 25.7543296814,
        "mean": 13.6296796799,
        "median": 13.7450284958,
        "min": 3.55527925491,
        "stdev": 5.13577270508,
        "var": 26.3761634827
    },
    "barkbands_flatness_db": {
        "dmean": 0.0371944569051,
        "dmean2": 0.0508604049683,
        "dvar": 0.00164616887923,
        "dvar2": 0.00274805398658,
        "max": 0.685853004456,
        "mean": 0.241010054946,
        "median": 0.218474537134,
        "min": 0.060563955456,
        "stdev": 0.104626633227,
        "var": 0.0109467320144
    },
    "barkbands_kurtosis": {
        "dmean": 15.8674125671,
        "dmean2": 24.2194347382,
        "dvar": 968.592407227,
        "dvar2": 2132.43652344,
        "max": 429.316101074,
        "mean": 27.4837341309,
        "median": 7.12014484406,
        "min": -1.91299319267,
        "stdev": 49.1902999878,
        "var": 2419.68554688
    },
    "barkbands_skewness": {
        "dmean": 1.28472483158,
        "dmean2": 1.88709485531,
        "dvar": 2.27761054039,
        "dvar2": 4.73715162277,
        "max": 17.4143447876,
        "mean": 2.98357701302,
        "median": 2.20597410202,
        "min": -5.42056941986,
        "stdev": 3.14678239822,
        "var": 9.9022397995
    },
    "barkbands_spread": {
        "dmean": 8.32410526276,
        "dmean2": 12.84897995,
        "dvar": 142.632781982,
        "dvar2": 335.320129395,
        "max": 109.093093872,
        "mean": 17.2276649475,
        "median": 12.2645273209,
        "min": 0.132339388132,
        "stdev": 17.0798549652,
        "var": 291.721435547
    },
    "dissonance": {
        "dmean": 0.0317636281252,
        "dmean2": 0.0512586049736,
        "dvar": 0.00101087894291,
        "dvar2": 0.00274745840579,
        "max": 0.499999850988,
        "mean": 0.440525621176,
        "median": 0.451872497797,
        "min": 0.237823620439,
        "stdev": 0.0454743690789,
        "var": 0.00206791819073
    },
    "dynamic_complexity": 3.7866268158,
    "erbbands_crest": {
        "dmean": 3.30550122261,
        "dmean2": 5.28794717789,
        "dvar": 8.92460346222,
        "dvar2": 20.6885910034,
        "max": 29.2638206482,
        "mean": 10.917673111,
        "median": 9.90656852722,
        "min": 3.05301070213,
        "stdev": 4.80018091202,
        "var": 23.0417346954
    },
    "erbbands_flatness_db": {
        "dmean": 0.0273315999657,
        "dmean2": 0.0402213782072,
        "dvar": 0.000712254841346,
        "dvar2": 0.00144741171971,
        "max": 0.422824054956,
        "mean": 0.185826897621,
        "median": 0.180726975203,
        "min": 0.0563684329391,
        "stdev": 0.0637757331133,
        "var": 0.00406734412536
    },
    "erbbands_kurtosis": {
        "dmean": 2.39998865128,
        "dmean2": 3.71609592438,
        "dvar": 11.0511512756,
        "dvar2": 25.9841060638,
        "max": 38.4640693665,
        "mean": 2.37631487846,
        "median": 0.923942089081,
        "min": -1.89867210388,
        "stdev": 4.46427249908,
        "var": 19.9297294617
    },
    "erbbands_skewness": {
        "dmean": 0.696029067039,
        "dmean2": 1.02056825161,
        "dvar": 0.501700222492,
        "dvar2": 1.04736399651,
        "max": 5.87184143066,
        "mean": 0.587414503098,
        "median": 0.659039020538,
        "min": -3.80593156815,
        "stdev": 1.27003729343,
        "var": 1.61299467087
    },
    "erbbands_spread": {
        "dmean": 17.7786750793,
        "dmean2": 27.6136684418,
        "dvar": 476.946075439,
        "dvar2": 1151.00769043,
        "max": 203.822052002,
        "mean": 45.5190887451,
        "median": 35.9304962158,
        "min": 2.44457387924,
        "stdev": 33.4365310669,
        "var": 1118.00170898
    },
    "hfc": {
        "dmean": 13.017206192,
        "dmean2": 20.7355899811,
        "dvar": 581.271606445,
        "dvar2": 1546.77331543,
        "max": 189.668899536,
        "mean": 21.1655044556,
        "median": 11.6637201309,
        "min": 1.14542994908e-16,
        "stdev": 25.9867649078,
        "var": 675.311950684
    },
    "loudness_ebu128": {
        "integrated": -11.4860954285,
        "loudness_range": 2.33685779572,
        "momentary": {
            "dmean": 1.26097452641,
            "dmean2": 1.58148777485,
            "dvar": 2.45224237442,
            "dvar2": 4.13121557236,
            "max": -7.89052963257,
            "mean": -12.4329319,
            "median": -11.702507019,
            "min": -26.5712947845,
            "stdev": 3.1652700901,
            "var": 10.0189342499
        },
        "short_term": {
            "dmean": 0.144596502185,
            "dmean2": 0.161509603262,
            "dvar": 0.0146186267957,
            "dvar2": 0.0196902602911,
            "max": -9.93359851837,
            "mean": -11.5792608261,
            "median": -11.4530162811,
            "min": -13.5897455215,
            "stdev": 0.805849611759,
            "var": 0.649393618107
        }
    },
    "melbands_crest": {
        "dmean": 3.38741707802,
        "dmean2": 5.14732551575,
        "dvar": 13.2410068512,
        "dvar2": 28.8208122253,
        "max": 38.8020935059,
        "mean": 22.8575382233,
        "median": 22.4745883942,
        "min": 2.36915206909,
        "stdev": 10.3517036438,
        "var": 107.157775879
    },
    "melbands_flatness_db": {
        "dmean": 0.0435922183096,
        "dmean2": 0.0574145875871,
        "dvar": 0.00243877759203,
        "dvar2": 0.00383074977435,
        "max": 0.837243080139,
        "mean": 0.290193617344,
        "median": 0.267105549574,
        "min": 0.00790103338659,
        "stdev": 0.141484707594,
        "var": 0.0200179219246
    },
    "melbands_kurtosis": {
        "dmean": 55.5005607605,
        "dmean2": 89.4454650879,
        "dvar": 18776.59375,
        "dvar2": 41701.171875,
        "max": 2146.94238281,
        "mean": 95.2190933228,
        "median": 14.5489749908,
        "min": -1.86575686932,
        "stdev": 204.529998779,
        "var": 41832.5195312
    },
    "melbands_skewness": {
        "dmean": 2.04407691956,
        "dmean2": 3.07563519478,
        "dvar": 8.23948764801,
        "dvar2": 18.2499961853,
        "max": 39.4658584595,
        "mean": 5.45663356781,
        "median": 3.2845416069,
        "min": -2.58651590347,
        "stdev": 5.83760738373,
        "var": 34.0776596069
    },
    "melbands_spread": {
        "dmean": 13.4340000153,
        "dmean2": 20.946182251,
        "dvar": 787.983459473,
        "dvar2": 1782.26184082,
        "max": 246.639694214,
        "mean": 23.4711494446,
        "median": 10.9307823181,
        "min": 0.0728346481919,
        "stdev": 36.8551902771,
        "var": 1358.30505371
    },
    "pitch_salience": {
        "dmean": 0.0850712731481,
        "dmean2": 0.129996404052,
        "dvar": 0.0089058931917,
        "dvar2": 0.019158795476,
        "max": 0.992162048817,
        "mean": 0.418145954609,
        "median": 0.428708583117,
        "min": 0.0594014748931,
        "stdev": 0.208410143852,
        "var": 0.0434347875416
    },
    "silence_rate_20dB": {
        "dmean": 0,
        "dmean2": 0,
        "dvar": 0,
        "dvar2": 0,
        "max": 1,
        "mean": 1,
        "median": 1,
        "min": 1,
        "stdev": 0,
        "var": 0
    },
    "silence_rate_30dB": {
        "dmean": 0.0417956672609,
        "dmean2": 0.082881487906,
        "dvar": 0.0400489754975,
        "dvar2": 0.0853062719107,
        "max": 1,
        "mean": 0.747873187065,
        "median": 1,
        "min": 0,
        "stdev": 0.434233129025,
        "var": 0.188558399677
    },
    "silence_rate_60dB": {
        "dmean": 0.0642414838076,
        "dmean2": 0.128582492471,
        "dvar": 0.0601149462163,
        "dvar2": 0.122894525528,
        "max": 1,
        "mean": 0.173240527511,
        "median": 0,
        "min": 0,
        "stdev": 0.378457039595,
        "var": 0.143229737878
    },
    "spectral_centroid": {
        "dmean": 494.037872314,
        "dmean2": 730.314697266,
        "dvar": 509670.09375,
        "dvar2": 961155.375,
        "max": 11256.7919922,
        "mean": 1362.40332031,
        "median": 1053.32434082,
        "min": 88.2433242798,
        "stdev": 1119.13977051,
        "var": 1252473.875
    },
    "spectral_complexity": {
        "dmean": 3.4148607254,
        "dmean2": 5.27188205719,
        "dvar": 33.8604125977,
        "dvar2": 73.7440643311,
        "max": 50,
        "mean": 9.02629566193,
        "median": 7,
        "min": 0,
        "stdev": 7.50008964539,
        "var": 56.2513465881
    },
    "spectral_decrease": {
        "dmean": 3.77623310399e-09,
        "dmean2": 5.86630610755e-09,
        "dvar": 4.18562323502e-17,
        "dvar2": 9.11000743082e-17,
        "max": -6.64500178149e-29,
        "mean": -1.48685899148e-08,
        "median": -6.12658812571e-09,
        "min": -6.28153173921e-08,
        "stdev": 1.70153935386e-08,
        "var": 2.89523643487e-16
    },
    "spectral_energy": {
        "dmean": 0.0150078721344,
        "dmean2": 0.0233652107418,
        "dvar": 0.000623654806986,
        "dvar2": 0.00137359823566,
        "max": 0.237893134356,
        "mean": 0.0580372400582,
        "median": 0.0256757829338,
        "min": 1.0640189817e-20,
        "stdev": 0.0646379441023,
        "var": 0.00417806347832
    },
    "spectral_energyband_high": {
        "dmean": 0.000995105132461,
        "dmean2": 0.00154585111886,
        "dvar": 3.12843985739e-06,
        "dvar2": 7.19825584383e-06,
        "max": 0.0151315992698,
        "mean": 0.00131649710238,
        "median": 0.000375849078409,
        "min": 7.54838417327e-21,
        "stdev": 0.00217156508006,
        "var": 4.71569501315e-06
    },
    "spectral_energyband_low": {
        "dmean": 0.00923795625567,
        "dmean2": 0.0134408688173,
        "dvar": 0.000547188566998,
        "dvar2": 0.00118450738955,
        "max": 0.229322835803,
        "mean": 0.0430715419352,
        "median": 7.83318755566e-05,
        "min": 5.07199665179e-23,
        "stdev": 0.0609934814274,
        "var": 0.00372020457871
    },
    "spectral_energyband_middle_high": {
        "dmean": 0.00358754815534,
        "dmean2": 0.00578191503882,
        "dvar": 9.59316312219e-05,
        "dvar2": 0.000259998545516,
        "max": 0.0717255175114,
        "mean": 0.00468291249126,
        "median": 0.000698284711689,
        "min": 1.58778742316e-21,
        "stdev": 0.0103966128081,
        "var": 0.000108089552668
    },
    "spectral_energyband_middle_low": {
        "dmean": 0.00441017700359,
        "dmean2": 0.00709144072607,
        "dvar": 0.000118864489195,
        "dvar2": 0.00032251275843,
        "max": 0.119553036988,
        "mean": 0.00709311384708,
        "median": 0.00342677137814,
        "min": 5.12461310619e-22,
        "stdev": 0.0110477209091,
        "var": 0.000122052137158
    },
    "spectral_entropy": {
        "dmean": 0.350421816111,
        "dmean2": 0.482730746269,
        "dvar": 0.138113260269,
        "dvar2": 0.228577718139,
        "max": 9.80424690247,
        "mean": 7.34086036682,
        "median": 7.31267261505,
        "min": 4.56823778152,
        "stdev": 0.745219111443,
        "var": 0.555351495743
    },
    "spectral_flux": {
        "dmean": 0.0393615588546,
        "dmean2": 0.0614927075803,
        "dvar": 0.0028490126133,
        "dvar2": 0.00588393351063,
        "max": 0.495760500431,
        "mean": 0.0888306051493,
        "median": 0.0650323927402,
        "min": 1.03151293063e-10,
        "stdev": 0.0780555680394,
        "var": 0.0060926717706
    },
    "spectral_kurtosis": {
        "dmean": 3.88950681686,
        "dmean2": 5.76535511017,
        "dvar": 175.29800415,
        "dvar2": 393.107727051,
        "max": 391.142242432,
        "mean": 6.51478385925,
        "median": 2.84430027008,
        "min": -1.29101622105,
        "stdev": 19.9505558014,
        "var": 398.024658203
    },
    "spectral_rms": {
        "dmean": 0.000992761808448,
        "dmean2": 0.0014670927776,
        "dvar": 1.93517666958e-06,
        "dvar2": 3.7776139834e-06,
        "max": 0.0152345290408,
        "mean": 0.00616065738723,
        "median": 0.00500495219603,
        "min": 3.22190516454e-12,
        "stdev": 0.0043206452392,
        "var": 1.86679735634e-05
    },
    "spectral_rolloff": {
        "dmean": 884.445739746,
        "dmean2": 1483.87414551,
        "dvar": 3802252.75,
        "dvar2": 7955268,
        "max": 18518.5546875,
        "mean": 1776.70166016,
        "median": 710.595703125,
        "min": 43.06640625,
        "stdev": 2867.26757812,
        "var": 8221224
    },
    "spectral_skewness": {
        "dmean": 0.455539047718,
        "dmean2": 0.657082438469,
        "dvar": 0.452466130257,
        "dvar2": 0.854545712471,
        "max": 15.8095760345,
        "mean": 1.68504071236,
        "median": 1.50333046913,
        "min": -0.189315065742,
        "stdev": 1.2736338377,
        "var": 1.62214314938
    },
    "spectral_spread": {
        "dmean": 1344667.125,
        "dmean2": 1962605.125,
        "dvar": 3.05472680755e+12,
        "dvar2": 5.09561588941e+12,
        "max": 41319000,
        "mean": 6326336.5,
        "median": 6050552.5,
        "min": 389757.28125,
        "stdev": 2970726.5,
        "var": 8.82521617203e+12
    },
    "spectral_strongpeak": {
        "dmean": 0.527606725693,
        "dmean2": 0.836438655853,
        "dvar": 0.88705021143,
        "dvar2": 1.82399773598,
        "max": 10.3773469925,
        "mean": 0.936329603195,
        "median": 0.504385888577,
        "min": 0,
        "stdev": 1.36781585217,
        "var": 1.87092018127
    },
    "zerocrossingrate": {
        "dmean": 0.0210694111884,
        "dmean2": 0.0236160196364,
        "dvar": 0.00107953010593,
        "dvar2": 0.00128993135877,
        "max": 0.5068359375,
        "mean": 0.0664273947477,
        "median": 0.04541015625,
        "min": 0.0009765625,
        "stdev": 0.0770560055971,
        "var": 0.00593762798235
    },
    "barkbands": {
        "dmean": [0.00489645358175, 0.00694832205772, 0.00230759521946, 0.00122327858116, 0.00158173532691, 0.00105037319008, 0.000195576882106, 0.000601288164034, 0.00081516901264, 0.00026998820249, 0.00110813102219, 0.000855130201671, 0.000527253665496, 0.000319437502185, 0.000371944799554, 0.000121479155496, 0.000161121090059, 0.000328340422129, 0.000194562686374, 0.000232847014559, 0.000196180379135, 0.000150311447214, 0.000257598730968, 0.000208677840419, 0.000158897732035, 7.01894314261e-05, 3.65890878129e-06],
        "dmean2": [0.00754355639219, 0.0101284123957, 0.00423037400469, 0.00224708323367, 0.00260189804249, 0.00163839897141, 0.000336761615472, 0.000953440612648, 0.0012397634564, 0.000376076321118, 0.00179754127748, 0.00129170319997, 0.000827499723528, 0.000526632531546, 0.000669495435432, 0.000203597504878, 0.000287398841465, 0.000614619813859, 0.000344229600159, 0.000372084614355, 0.000322142499499, 0.000233466387726, 0.000430439569755, 0.000318968959618, 0.000236187348492, 0.000105964289105, 6.06345611232e-06],
        "dvar": [0.000116050403449, 0.000379809061997, 0.000142963530379, 4.63064789074e-05, 1.37726892717e-05, 5.08003859068e-06, 4.4246331754e-07, 1.56187513767e-06, 7.66568791732e-06, 4.89863793973e-07, 1.27933881231e-05, 5.41385543329e-06, 3.73051602764e-06, 9.23174070522e-07, 1.9248134322e-06, 1.42656958246e-07, 3.37256238936e-07, 1.74021556631e-06, 4.34055380083e-07, 3.76540100433e-07, 2.49569922062e-07, 8.35750597616e-08, 4.37901633177e-07, 2.44204272803e-07, 1.01244317818e-07, 2.44042173136e-08, 1.67076408264e-10],
        "dvar2": [0.000307649315801, 0.000860955624375, 0.000408738822443, 0.000133507521241, 3.63970029866e-05, 1.06225279524e-05, 1.15851889859e-06, 3.56507621291e-06, 1.69264058059e-05, 8.08342747405e-07, 3.21935985994e-05, 1.08976910269e-05, 7.82718598202e-06, 2.3152963422e-06, 5.41541021448e-06, 3.81824435181e-07, 9.55393261393e-07, 5.07677668793e-06, 1.21706364098e-06, 8.98586620224e-07, 6.32558453617e-07, 1.84614563636e-07, 1.19128151255e-06, 5.549280786e-07, 2.14673050891e-07, 5.059295205e-08, 4.16764539546e-10],
        "max": [0.13359041512, 0.192233487964, 0.10646648705, 0.0718312337995, 0.0427346229553, 0.0327960774302, 0.00824712216854, 0.0149246789515, 0.0462573133409, 0.017631419003, 0.0455227047205, 0.0421516820788, 0.0428998321295, 0.0120490463451, 0.00965773873031, 0.00334770116024, 0.00527921551839, 0.00924246478826, 0.00547509966418, 0.010144722648, 0.00536771770567, 0.00334341544658, 0.0070335958153, 0.00459733698517, 0.00322759384289, 0.00164990522899, 0.000182139337994],
        "mean": [0.0165492743254, 0.0265977624804, 0.00185934256297, 0.000862384622451, 0.0023624591995, 0.00168972136453, 0.000178330024937, 0.000908902671654, 0.00099265424069, 0.000456204375951, 0.00112661707681, 0.00113687291741, 0.000703194004018, 0.000309836555971, 0.000260890257778, 0.00010762893362, 0.000121918477817, 0.000226981006563, 0.00015190213162, 0.000246676820097, 0.000205967211514, 0.000196724577108, 0.000255071587162, 0.000234303530306, 0.000201031100005, 9.11893075681e-05, 3.43946749126e-06],
        "median": [9.97652750812e-06, 1.86139368452e-05, 6.49285857435e-06, 5.82145585213e-05, 0.0006960965693, 0.000330295821186, 1.8498794816e-05, 8.95169287105e-05, 7.00615419191e-05, 6.39940117253e-05, 3.12957017741e-05, 7.62777563068e-05, 5.69905096199e-05, 2.06322929444e-05, 1.64012053574e-05, 1.2101530956e-05, 1.34756210173e-05, 1.48456865645e-05, 1.27332150441e-05, 2.77804683719e-05, 3.62027094525e-05, 4.76682871522e-05, 4.76472450828e-05, 2.41335819737e-05, 4.29758656537e-05, 1.8296739654e-05, 1.78352465241e-07],
        "min": [2.98003389051e-24, 1.85950071698e-23, 1.62014454111e-23, 2.52784576399e-23, 5.75137533851e-23, 6.11776588802e-23, 4.14214176923e-24, 8.01543579766e-23, 2.73492370798e-22, 5.73313813656e-23, 4.18517468382e-23, 1.45039663111e-22, 9.62709566643e-23, 1.7452651382e-22, 1.4686511249e-22, 1.06716080895e-22, 1.29663590244e-22, 1.70027393953e-22, 2.5835272901e-22, 3.69567450144e-22, 3.66427051678e-22, 5.35006223227e-22, 7.62047661892e-22, 1.00121388005e-21, 1.07886455128e-21, 1.5102111699e-21, 2.38525748929e-21],
        "stdev": [0.0287235546857, 0.0413438677788, 0.0093001909554, 0.00519141182303, 0.0043302224949, 0.00349590484984, 0.000601078849286, 0.00207584211603, 0.00373707176186, 0.00146790407598, 0.0040162326768, 0.00342495460063, 0.00265013589524, 0.000980574754067, 0.00109518854879, 0.000333072821377, 0.000458629918285, 0.000988135929219, 0.000534720602445, 0.000669145083521, 0.000502575305291, 0.000372379698092, 0.000581970380154, 0.000596429628786, 0.000413517380366, 0.000194431675482, 1.26626346173e-05],
        "var": [0.000825042603537, 0.00170931534376, 8.6493557319e-05, 2.69507581834e-05, 1.87508248928e-05, 1.22213505165e-05, 3.61295775519e-07, 4.30912041338e-06, 1.39657058753e-05, 2.154742333e-06, 1.61301250046e-05, 1.1730314327e-05, 7.02322040524e-06, 9.61526779975e-07, 1.19943797472e-06, 1.10937499187e-07, 2.10341411844e-07, 9.76412707132e-07, 2.85926120114e-07, 4.47755127198e-07, 2.52581912719e-07, 1.38666635507e-07, 3.38689545742e-07, 3.55728332124e-07, 1.70996614202e-07, 3.78036766335e-08, 1.60342322753e-10]
    },
    "erbbands": {
        "dmean": [0.430166751146, 1.30081009865, 2.31803822517, 3.96678137779, 2.70950317383, 5.26765727997, 12.4221582413, 5.7042760849, 2.73135614395, 5.97371387482, 17.4591026306, 16.0958881378, 8.54365444183, 19.1604366302, 47.5064582825, 27.947637558, 27.0724220276, 20.1813163757, 18.972442627, 10.1744585037, 6.32214975357, 10.7276210785, 16.4635429382, 12.6617870331, 10.2835416794, 10.8370218277, 9.06922912598, 6.51592636108, 4.90142297745, 7.06959152222, 6.65519332886, 4.87722301483, 3.46850132942, 2.06750297546, 1.01803433895, 0.43375480175, 0.105064474046, 0.014278890565, 0.000431915046647, 2.76877235592e-05],
        "dmean2": [0.628498315811, 1.80427396297, 3.93248748779, 7.33895874023, 4.7213435173, 8.69193553925, 19.012878418, 9.0956993103, 4.71386384964, 9.66538619995, 26.9530277252, 25.0411090851, 12.6470432281, 27.9653759003, 79.1620788574, 42.0074920654, 41.3715209961, 32.7359466553, 34.2140235901, 17.0390357971, 10.4033107758, 19.291305542, 30.5326786041, 23.5241394043, 17.2475318909, 17.3792324066, 15.3451538086, 10.3460893631, 7.65841054916, 11.2360191345, 11.0339603424, 8.04824352264, 5.12731599808, 3.05206608772, 1.55336201191, 0.659448802471, 0.162296801805, 0.0225660651922, 0.000697863404639, 4.22819866799e-05],
        "dvar": [1.20620977879, 18.8134670258, 122.157226562, 486.431121826, 184.689758301, 146.825256348, 532.916137695, 161.236022949, 101.593727112, 191.602111816, 1945.34069824, 3223.85498047, 561.714904785, 3170.88842773, 28225.5351562, 6063.5625, 7802.49707031, 3134.25341797, 5178.43701172, 1115.03845215, 338.452941895, 1509.19311523, 4144.08300781, 2441.71240234, 949.889709473, 880.861755371, 613.669494629, 266.128204346, 104.19644928, 170.315505981, 328.552947998, 187.840103149, 67.4552841187, 17.7389202118, 4.37262630463, 0.927492678165, 0.0544812567532, 0.00159048871137, 1.68819701685e-06, 1.68217995089e-09],
        "dvar2": [2.99253153801, 38.8900184631, 331.176452637, 1405.69580078, 515.666564941, 383.950805664, 1213.87524414, 386.292297363, 277.71975708, 475.136810303, 3761.51660156, 7102.18457031, 1127.80908203, 5640.98242188, 74252.0390625, 12311.0292969, 16182.703125, 7750.37255859, 14581.4765625, 2969.78198242, 884.406188965, 4300.09472656, 12027.7294922, 7095.71044922, 2519.42358398, 2155.86938477, 1691.23803711, 553.750610352, 228.684494019, 424.336914062, 888.251037598, 497.634307861, 138.703689575, 37.5218849182, 9.37839603424, 1.89326763153, 0.113911882043, 0.00358846085146, 4.06376057072e-06, 3.6952276794e-09],
        "max": [11.339715004, 46.7948455811, 103.63924408, 216.929504395, 179.808853149, 138.376541138, 270.690765381, 182.067718506, 103.602310181, 177.067626953, 919.507202148, 1124.01757812, 427.480804443, 965.090881348, 2227.15576172, 1437.50097656, 1761.70861816, 651.296142578, 515.221435547, 247.176010132, 155.84967041, 319.467437744, 466.904022217, 398.538146973, 300.657592773, 501.412506104, 186.014785767, 231.700469971, 120.252182007, 146.752502441, 193.813674927, 135.878616333, 103.929130554, 49.0393714905, 23.2376194, 10.0530576706, 2.32959961891, 0.536262869835, 0.017074001953, 0.000523565569893],
        "mean": [1.67728948593, 2.51787734032, 2.29939651489, 2.91924333572, 2.50621938705, 8.06670951843, 22.0020275116, 8.46292686462, 2.706335783, 7.78165626526, 26.2970752716, 19.8547611237, 13.3622236252, 27.3400497437, 46.2597198486, 37.7450447083, 38.1864356995, 21.5069561005, 13.9602155685, 8.55690765381, 6.15819692612, 8.34562492371, 11.866194725, 8.82719421387, 9.46215724945, 11.2976398468, 9.12879657745, 7.65045309067, 6.4952673912, 8.36155128479, 6.63704633713, 4.76140880585, 4.14109611511, 2.56701922417, 1.26972341537, 0.549143910408, 0.138338819146, 0.0164464749396, 0.000505527830683, 8.28884876682e-05],
        "median": [0.00100208516233, 0.00213704723865, 0.00872283615172, 0.116070173681, 0.574747860432, 2.28870582581, 6.56866693497, 2.37816262245, 0.746251523495, 0.999166846275, 2.6255466938, 2.25151538849, 1.80622065067, 2.60792040825, 1.9889780283, 3.02491378784, 3.27596926689, 1.78369724751, 1.03077769279, 0.802118301392, 0.883949220181, 0.947540938854, 0.937279760838, 0.760589540005, 0.982354342937, 1.37382388115, 1.4607360363, 1.2518247366, 1.47292947769, 2.08374834061, 1.21163904667, 0.47529655695, 0.477520078421, 0.508052110672, 0.218193113804, 0.100666210055, 0.0260682627559, 0.00298718549311, 0.000116589741083, 5.48002572032e-05],
        "min": [6.67951525324e-22, 3.61644777447e-21, 1.84994791939e-20, 5.53802913101e-20, 1.05102544446e-19, 2.08932717088e-19, 2.36208635895e-19, 7.07504690216e-19, 2.07569213246e-19, 5.41946506866e-19, 2.31370358265e-18, 7.18732023009e-18, 2.62718849119e-18, 2.26964690925e-18, 2.31949839643e-18, 5.98660387807e-18, 4.74434155259e-18, 6.18625963534e-18, 8.88099652253e-18, 7.45698276415e-18, 7.52079726686e-18, 6.22382604286e-18, 7.46408659125e-18, 1.6612058138e-17, 1.48871847288e-17, 1.49132971664e-17, 1.62189852197e-17, 1.33161354806e-17, 1.94280621846e-17, 1.85021112438e-17, 1.90424471266e-17, 2.1698471134e-17, 1.7592885895e-17, 1.29983467513e-17, 7.89035923068e-18, 4.64416873964e-18, 2.72478918603e-18, 1.47760534271e-18, 3.45762142282e-19, 3.24988018186e-20],
        "stdev": [2.48541998863, 6.20916891098, 9.69935321808, 16.7577533722, 11.0146198273, 15.1983833313, 36.0504379272, 16.4875469208, 8.34689998627, 17.9875392914, 75.1155166626, 72.2084197998, 39.7581939697, 91.9646682739, 171.106826782, 108.403411865, 123.796691895, 60.5443687439, 56.984462738, 29.0049781799, 17.2211475372, 30.4630222321, 48.9805107117, 37.1341094971, 28.1119937897, 31.1182498932, 22.8375682831, 19.5166664124, 12.9662399292, 14.7276973724, 16.0684776306, 12.6814060211, 10.9581298828, 5.49537229538, 2.66085004807, 1.21224689484, 0.290609329939, 0.0441317856312, 0.001360749593, 8.30008866615e-05],
        "var": [6.17731285095, 38.5537757874, 94.0774536133, 280.82232666, 121.321853638, 230.990844727, 1299.6340332, 271.839172363, 69.6707458496, 323.551574707, 5642.34033203, 5214.05566406, 1580.71411133, 8457.5, 29277.546875, 11751.2998047, 15325.6210938, 3665.62036133, 3247.22900391, 841.288757324, 296.567932129, 927.995666504, 2399.09033203, 1378.94213867, 790.284240723, 968.34552002, 521.554504395, 380.900268555, 168.12336731, 216.905059814, 258.195953369, 160.818069458, 120.080604553, 30.1991157532, 7.08012247086, 1.46954262257, 0.0844537839293, 0.00194761448074, 1.85163946753e-06, 6.88914747471e-09]
    },
    "gfcc": {
        "mean": [-65.1312713623, 54.4587860107, -102.731315613, 9.46435165405, -76.8534011841, 12.8714923859, -42.123714447, -3.88117957115, -34.8255271912, 2.84684801102, -14.0258436203, 7.37480688095, -6.20366716385],
        "cov": [[10706.0869141, -1891.61279297, 391.928039551, 1523.44555664, -135.220443726, 1142.71276855, 302.137939453, 946.09967041, -6.05694198608, 765.032775879, -91.2232894897, 458.288452148, -110.153495789], [-1891.61279297, 3921.33789062, 597.989318848, 131.965576172, 1457.87268066, 382.237365723, 950.12878418, 53.0917778015, 824.464782715, -54.9580345154, 442.338867188, -124.961662292, 281.404663086], [391.928039551, 597.989318848, 3443.25585938, 1567.85266113, 1148.00622559, 1085.66088867, 664.23828125, 643.479553223, 526.077331543, 301.612060547, 256.15838623, 162.05921936, 120.483222961], [1523.44555664, 131.965576172, 1567.85266113, 1721.61437988, 722.530151367, 659.598510742, 487.840209961, 485.266937256, 380.155029297, 225.891067505, 211.066665649, 99.5642700195, 157.926101685], [-135.220443726, 1457.87268066, 1148.00622559, 722.530151367, 1322.6151123, 589.349365234, 737.053649902, 391.251861572, 520.296203613, 174.105758667, 319.979187012, 43.5672340393, 168.388717651], [1142.71276855, 382.237365723, 1085.66088867, 659.598510742, 589.349365234, 889.236755371, 530.470703125, 394.307312012, 351.469177246, 192.048110962, 200.112442017, 83.0841064453, 32.3911132812], [302.137939453, 950.12878418, 664.23828125, 487.840209961, 737.053649902, 530.470703125, 874.891174316, 304.514129639, 324.681427002, 177.307693481, 234.817871094, 15.2039394379, 90.5597763062], [946.09967041, 53.0917778015, 643.479553223, 485.266937256, 391.251861572, 394.307312012, 304.514129639, 425.996337891, 194.831008911, 157.651489258, 111.364929199, 73.0801544189, 31.9728794098], [-6.05694198608, 824.464782715, 526.077331543, 380.155029297, 520.296203613, 351.469177246, 324.681427002, 194.831008911, 460.25378418, 64.3699111938, 166.426101685, 2.1964495182, 79.1780700684], [765.032775879, -54.9580345154, 301.612060547, 225.891067505, 174.105758667, 192.048110962, 177.307693481, 157.651489258, 64.3699111938, 248.515960693, 23.7526016235, 43.4758605957, 18.0825862885], [-91.2232894897, 442.338867188, 256.15838623, 211.066665649, 319.979187012, 200.112442017, 234.817871094, 111.364929199, 166.426101685, 23.7526016235, 210.763061523, 29.3123149872, 65.840713501], [458.288452148, -124.961662292, 162.05921936, 99.5642700195, 43.5672340393, 83.0841064453, 15.2039394379, 73.0801544189, 2.1964495182, 43.4758605957, 29.3123149872, 151.983016968, 37.1075592041], [-110.153495789, 281.404663086, 120.483222961, 157.926101685, 168.388717651, 32.3911132812, 90.5597763062, 31.9728794098, 79.1780700684, 18.0825862885, 65.840713501, 37.1075592041, 177.889831543]],
        "icov": [[0.000247729301918, -7.72751154727e-05, 0.000229677316383, -0.000290866271826, 0.000178850008524, -0.000376728043193, 0.00011498684762, -0.000382088008337, 0.000188968537259, -0.000474419270176, 0.000346177112078, -0.000528931210283, 0.000234065606492], [-7.72751154727e-05, 0.000960543344263, -0.000126294064103, 0.000467236881377, -0.000775032443926, 0.000349517271388, -0.000577015744057, 0.000863104825839, -0.00115546560846, 0.000591871154029, -0.000376027892344, 0.000596223573666, -0.000619055179413], [0.000229677316383, -0.000126294064103, 0.000898404512554, -0.000665935978759, -0.000184252668987, -0.000861762790009, 0.000340980186593, -0.000432368076872, 0.000322850857629, -0.00044255782268, 0.000666758045554, -0.000715957081411, 0.000364031264326], [-0.000290866271826, 0.000467236881377, -0.000665935978759, 0.00171882880386, -0.000424984376878, 0.000446817866759, -0.000341800681781, 0.000117813578981, -0.00080594146857, 0.000554989441298, -0.000674120150506, 0.000969174434431, -0.0011707363883], [0.000178850008524, -0.000775032443926, -0.000184252668987, -0.000424984376878, 0.00310759013519, -6.2601218815e-05, -0.000528549368028, -0.00127314392012, -0.00022484252986, -0.000840314489324, -0.000685573148075, -0.000505439995322, -4.87824436277e-05], [-0.000376728043193, 0.000349517271388, -0.000861762790009, 0.000446817866759, -6.2601218815e-05, 0.00385262584314, -0.00125856464729, -0.000170244806213, -0.00158915563952, 0.00041556393262, -0.00136122247204, 0.000199755188078, 0.000557099527214], [0.00011498684762, -0.000577015744057, 0.000340980186593, -0.000341800681781, -0.000528549368028, -0.00125856464729, 0.00322128692642, -0.000828825926874, 0.000961633224506, -0.00127966201399, -0.000688203086611, 0.000398697040509, 0.000168662838405], [-0.000382088008337, 0.000863104825839, -0.000432368076872, 0.000117813578981, -0.00127314392012, -0.000170244806213, -0.000828825926874, 0.0065102390945, -0.00142515485641, -0.00026797017199, -0.000843284185976, -0.000100771489087, 6.89770968165e-05], [0.000188968537259, -0.00115546560846, 0.000322850857629, -0.00080594146857, -0.00022484252986, -0.00158915563952, 0.000961633224506, -0.00142515485641, 0.00612969696522, -0.000501194037497, -0.000409443426179, 0.000289553223411, 0.000124263751786], [-0.000474419270176, 0.000591871154029, -0.00044255782268, 0.000554989441298, -0.000840314489324, 0.00041556393262, -0.00127966201399, -0.00026797017199, -0.000501194037497, 0.00705448212102, 0.000807368080132, 0.000341500825016, -0.000867715978529], [0.000346177112078, -0.000376027892344, 0.000666758045554, -0.000674120150506, -0.000685573148075, -0.00136122247204, -0.000688203086611, -0.000843284185976, -0.000409443426179, 0.000807368080132, 0.00985831022263, -0.00215187761933, -0.000744904682506], [-0.000528931210283, 0.000596223573666, -0.000715957081411, 0.000969174434431, -0.000505439995322, 0.000199755188078, 0.000398697040509, -0.000100771489087, 0.000289553223411, 0.000341500825016, -0.00215187761933, 0.00983634404838, -0.00280796131119], [0.000234065606492, -0.000619055179413, 0.000364031264326, -0.0011707363883, -4.87824436277e-05, 0.000557099527214, 0.000168662838405, 6.89770968165e-05, 0.000124263751786, -0.000867715978529, -0.000744904682506, -0.00280796131119, 0.00827929005027]]
    },
    "melbands": {
        "dmean": [0.00270082755014, 0.00113886990584, 0.000615625060163, 0.000254067301285, 0.000401085155318, 0.000143128519994, 4.06853978347e-05, 7.9219287727e-05, 0.000162830940099, 9.67030209722e-05, 4.2436626245e-05, 6.81151941535e-05, 0.000151706728502, 9.37609438552e-05, 8.25576717034e-05, 5.63302419323e-05, 3.64648185496e-05, 2.71338922175e-05, 2.54551359831e-05, 9.47064290813e-06, 6.29483383818e-06, 1.0218330317e-05, 1.58706297952e-05, 1.31732813315e-05, 9.96768631012e-06, 7.61790079196e-06, 8.41118617245e-06, 6.77280195305e-06, 6.20506580162e-06, 4.68025109512e-06, 3.55188376489e-06, 2.78070774584e-06, 3.17436865771e-06, 4.64001277578e-06, 3.90374680137e-06, 3.89294564229e-06, 2.71553108178e-06, 2.5824565455e-06, 1.98273983187e-06, 1.75567890892e-06],
        "dmean2": [0.00391460815445, 0.00172636972275, 0.00112591765355, 0.000420224707341, 0.000623032741714, 0.000228166740271, 7.04706180841e-05, 0.000127384846564, 0.000246261624852, 0.000151032931171, 6.29288188065e-05, 9.70664841589e-05, 0.000253101345152, 0.000149320490891, 0.000116891242214, 8.78769933479e-05, 5.96777317696e-05, 4.87099168822e-05, 4.47218117188e-05, 1.59420960699e-05, 1.03608626887e-05, 1.81737868843e-05, 2.93980956485e-05, 2.46870622505e-05, 1.85756216524e-05, 1.31424321808e-05, 1.38112336572e-05, 1.08281756184e-05, 1.06120114651e-05, 7.73205829319e-06, 5.54125381313e-06, 4.36142772742e-06, 4.93719517181e-06, 7.59857084631e-06, 6.48014611215e-06, 6.69403652864e-06, 4.41426527686e-06, 3.83169708584e-06, 2.96905341202e-06, 2.63747438112e-06],
        "dvar": [4.45891746494e-05, 2.10434081964e-05, 1.12649977382e-05, 6.40583436962e-07, 5.42792633951e-07, 9.85160752975e-08, 2.15406341653e-08, 3.4357359624e-08, 2.19483027308e-07, 1.36306780973e-07, 1.49024330653e-08, 4.09401366142e-08, 2.78323511793e-07, 6.86987675635e-08, 7.47413579916e-08, 6.22275351247e-08, 1.26331798356e-08, 1.05819397689e-08, 8.0037922956e-09, 1.00062624853e-09, 3.14642228938e-10, 1.23652821316e-09, 3.87060250517e-09, 2.85704904179e-09, 1.51131185344e-09, 6.29946317332e-10, 5.60736679311e-10, 3.50124512716e-10, 2.99176711183e-10, 1.40316494535e-10, 9.29987892251e-11, 3.84517626073e-11, 3.48668004191e-11, 8.89123705217e-11, 1.01879615855e-10, 1.73341688225e-10, 5.18090154111e-11, 4.03271999128e-11, 1.8259003684e-11, 1.42707590536e-11],
        "dvar2": [0.000106291910924, 4.87175930175e-05, 3.22274572682e-05, 1.77962022008e-06, 1.24352516195e-06, 2.2309995984e-07, 5.79455914362e-08, 8.2743660812e-08, 4.20425237735e-07, 2.99348869248e-07, 2.9914140498e-08, 6.84831675812e-08, 7.47937065171e-07, 1.61829220247e-07, 1.33688260462e-07, 1.25620644553e-07, 3.13066514934e-08, 2.94492785713e-08, 2.21079368146e-08, 2.71291500376e-09, 8.08936695407e-10, 3.48392581451e-09, 1.115851056e-08, 8.34659985571e-09, 4.38466774e-09, 1.68850822213e-09, 1.38654698834e-09, 8.24237345043e-10, 8.25098545043e-10, 3.67259833656e-10, 1.8292070636e-10, 8.62265606139e-11, 7.92040322217e-11, 2.31542701679e-10, 2.70879152442e-10, 4.79760287053e-10, 1.30714827851e-10, 8.39496874794e-11, 3.71671790567e-11, 3.19589944786e-11],
        "max": [0.0704567655921, 0.0458910390735, 0.0341078452766, 0.0110175963491, 0.00902218930423, 0.0036826368887, 0.00146127655171, 0.00267031090334, 0.0100632999092, 0.00818205811083, 0.00218736729585, 0.00354273151606, 0.00613893289119, 0.00427736295387, 0.00586779136211, 0.00589568680152, 0.00148271513171, 0.00090151297627, 0.000641070306301, 0.000269340089289, 0.000168185273651, 0.000303382490529, 0.000465805409476, 0.000373289367417, 0.000319886865327, 0.00034598557977, 0.000328306428855, 0.000323374959407, 0.000176874338649, 0.000109857537609, 0.00012653596059, 7.5993797509e-05, 8.89545262908e-05, 0.000118020041555, 0.000104311548057, 0.000149257219164, 7.38325252314e-05, 7.59508402552e-05, 5.17592488904e-05, 4.51064224762e-05],
        "mean": [0.0117289135233, 0.00170363252982, 0.000473741354654, 0.000334261800162, 0.000723072560504, 0.000215440319153, 3.81281424779e-05, 0.000110451961518, 0.000235955041717, 0.00011554658704, 6.4667830884e-05, 0.000102824429632, 0.00014494273637, 0.000116901166621, 0.000104928665678, 7.54631328164e-05, 3.50122936652e-05, 1.9840317691e-05, 1.88999365491e-05, 8.01746682555e-06, 6.11440873399e-06, 7.9918809206e-06, 1.13264750325e-05, 8.9533159553e-06, 6.81904521116e-06, 6.2805052039e-06, 8.12822781882e-06, 7.13245162842e-06, 5.96207792114e-06, 4.65859602627e-06, 4.28398971053e-06, 3.48352705259e-06, 4.05397440773e-06, 5.01395788888e-06, 3.90784134652e-06, 3.33966181643e-06, 2.74911781162e-06, 3.01280192616e-06, 2.45528485721e-06, 2.09344693758e-06],
        "median": [7.90706781117e-06, 5.3333105825e-06, 3.30233669956e-05, 9.43472987274e-05, 0.000247694697464, 4.72457541036e-05, 6.41885253572e-06, 1.04948776425e-05, 2.14779101952e-05, 9.50989306148e-06, 6.96181950843e-06, 1.00593806565e-05, 5.72995259063e-06, 7.12370683686e-06, 7.69595771999e-06, 5.53906420464e-06, 2.29134616347e-06, 1.34530716878e-06, 1.15890100005e-06, 8.43823670493e-07, 8.35881394323e-07, 8.56790904891e-07, 7.39101892577e-07, 6.51351058423e-07, 4.46056674264e-07, 5.13379859512e-07, 7.57758698455e-07, 7.84069641213e-07, 7.33147373921e-07, 7.48546540308e-07, 6.42352176783e-07, 6.35902267732e-07, 9.7926260878e-07, 1.00275030945e-06, 7.34942773306e-07, 3.41545415949e-07, 2.14156997913e-07, 2.68955233196e-07, 3.55720572998e-07, 4.25998052833e-07],
        "min": [5.21553967537e-24, 8.23433759911e-24, 1.08106508193e-23, 1.11967256572e-23, 9.49958213867e-24, 1.41050365115e-23, 2.67174921811e-24, 9.41976361456e-24, 2.22212792665e-23, 4.41701364634e-23, 1.15219603867e-23, 9.05150362248e-24, 5.60377559772e-24, 1.82919914966e-23, 7.44417665112e-24, 1.21904821385e-23, 1.2458395868e-23, 1.63547794607e-23, 1.09335734922e-23, 7.95507531664e-24, 9.96014122324e-24, 8.0435815659e-24, 3.85952327804e-24, 8.33910542708e-24, 1.4667420184e-23, 7.86618489212e-24, 1.56451186127e-23, 7.63193816834e-24, 1.01035174816e-23, 8.80167216265e-24, 7.60126331204e-24, 1.22384717029e-23, 9.12603835625e-24, 1.12268774988e-23, 1.01785436757e-23, 1.46509960999e-23, 1.23318223469e-23, 1.31046236218e-23, 9.43279875215e-24, 1.15484929344e-23],
        "stdev": [0.0169653818011, 0.00537416385487, 0.00258970889263, 0.000781382492278, 0.00113054399844, 0.000437103299191, 0.000124964120914, 0.000272865756415, 0.000774481566623, 0.000452397973277, 0.000211076665437, 0.000343989551766, 0.000518088811077, 0.000374521361664, 0.000380944780773, 0.000342436600477, 0.000116454073577, 8.26561590657e-05, 7.33484994271e-05, 2.67134291789e-05, 1.70358252944e-05, 2.82368837361e-05, 4.78135552839e-05, 3.96790237573e-05, 2.93019493256e-05, 2.18849727389e-05, 2.40365334321e-05, 2.0492792828e-05, 1.60253621289e-05, 1.15013563118e-05, 1.19959822769e-05, 7.63234493206e-06, 7.44767339711e-06, 9.58312739385e-06, 9.24406776903e-06, 1.0739579011e-05, 7.37567734177e-06, 8.45210342959e-06, 5.71203509026e-06, 4.62401749246e-06],
        "var": [0.000287824164843, 2.88816390821e-05, 6.70659164825e-06, 6.10558629432e-07, 1.27812961637e-06, 1.91059285726e-07, 1.56160311349e-08, 7.44557198118e-08, 5.99821703418e-07, 2.0466391959e-07, 4.45533565596e-08, 1.18328813414e-07, 2.68415988103e-07, 1.40266251947e-07, 1.45118917771e-07, 1.17262821675e-07, 1.35615518815e-08, 6.83204071095e-09, 5.3800022215e-09, 7.13607284375e-10, 2.90219320798e-10, 7.97321653145e-10, 2.28613616926e-09, 1.57442503479e-09, 8.58604243259e-10, 4.78952044691e-10, 5.77754899478e-10, 4.19954571118e-10, 2.56812210386e-10, 1.32281199883e-10, 1.43903597372e-10, 5.82526943349e-11, 5.54678386555e-11, 9.1836337146e-11, 8.54527906768e-11, 1.15338558149e-10, 5.44006194259e-11, 7.143804992e-11, 3.262734527e-11, 2.13815389005e-11]
    },
    "melbands128": {
