{
"lowlevel": {
    "average_loudness": 0.956964850426,
    "barkbands_crest": {
        "dmean": 1.92730641365,
        "dmean2": 3.01123189926,
        "dvar": 3.35555529594,
        "dvar2": 8.26106929779,
        "max": 23.5703239441,
        "mean": 10.9485588074,
        "median": 10.3441028595,
        "min": 3.89351630211,
        "stdev": 3.46675229073,
        "var": 12.018371582
    },
    "barkbands_flatness_db": {
        "dmean": 0.0163956545293,
        "dmean2": 0.0243747904897,
        "dvar": 0.000268336792942,
        "dvar2": 0.000543524161913,
        "max": 0.333622455597,
        "mean": 0.174742355943,
        "median": 0.170830786228,
        "min": 0.0661360621452,
        "stdev": 0.0428320467472,
        "var": 0.00183458428364
    },
    "barkbands_kurtosis": {
        "dmean": 2.7934885025,
        "dmean2": 4.24412727356,
        "dvar": 17.7855186462,
        "dvar2": 35.7244491577,
        "max": 80.9799423218,
        "mean": 6.54258298874,
        "median": 4.12620973587,
        "min": -1.75308668613,
        "stdev": 7.58585500717,
        "var": 57.5451965332
    },
    "barkbands_skewness": {
        "dmean": 0.422401547432,
        "dmean2": 0.635324180126,
        "dvar": 0.19225718081,
        "dvar2": 0.377107024193,
        "max": 8.00723743439,
        "mean": 2.07650446892,
        "median": 1.90790998936,
        "min": -1.77090799809,
        "stdev": 0.969155967236,
        "var": 0.939263284206
    },
    "barkbands_spread": {
        "dmean": 3.54757070541,
        "dmean2": 5.25998497009,
        "dvar": 24.9298191071,
        "dvar2": 43.9515342712,
        "max": 97.2067260742,
        "mean": 15.2655792236,
        "median": 12.3337259293,
        "min": 1.82262372971,
        "stdev": 10.8072214127,
        "var": 116.796028137
    },
    "dissonance": {
        "dmean": 0.0237271282822,
        "dmean2": 0.0393313802779,
        "dvar": 0.00069978472311,
        "dvar2": 0.00168089359067,
        "max": 0.498845636845,
        "mean": 0.44409519434,
        "median": 0.449952811003,
        "min": 0.0267500188202,
        "stdev": 0.0341875255108,
        "var": 0.00116878689732
    },
    "dynamic_complexity": 1.26638579369,
    "erbbands_crest": {
        "dmean": 2.36963510513,
        "dmean2": 3.85105347633,
        "dvar": 5.18696451187,
        "dvar2": 12.938996315,
        "max": 24.818775177,
        "mean": 9.4035654068,
        "median": 8.46842479706,
        "min": 3.37750673294,
        "stdev": 3.77886652946,
        "var": 14.27983284
    },
    "erbbands_flatness_db": {
        "dmean": 0.0128826005384,
        "dmean2": 0.018586166203,
        "dvar": 0.00015065894695,
        "dvar2": 0.000291999516776,
        "max": 0.309173196554,
        "mean": 0.170253619552,
        "median": 0.164297908545,
        "min": 0.0847241207957,
        "stdev": 0.0390709303319,
        "var": 0.00152653770056
    },
    "erbbands_kurtosis": {
        "dmean": 1.04153466225,
        "dmean2": 1.62176060677,
        "dvar": 1.83863246441,
        "dvar2": 4.25969457626,
        "max": 22.170627594,
        "mean": 1.22138512135,
        "median": 0.59378862381,
        "min": -1.8144762516,
        "stdev": 2.67385172844,
        "var": 7.14948368073
    },
    "erbbands_skewness": {
        "dmean": 0.330006331205,
        "dmean2": 0.5108268857,
        "dvar": 0.0887511074543,
        "dvar2": 0.184695929289,
        "max": 4.17974233627,
        "mean": 0.8545576334,
        "median": 0.799182236195,
        "min": -1.181168437,
        "stdev": 0.696758449078,
        "var": 0.485472351313
    },
    "erbbands_spread": {
        "dmean": 6.52512216568,
        "dmean2": 9.81958866119,
        "dvar": 67.8592987061,
        "dvar2": 134.905578613,
        "max": 153.173599243,
        "mean": 37.7928314209,
        "median": 30.0009040833,
        "min": 8.1138343811,
        "stdev": 22.5584831238,
        "var": 508.885162354
    },
    "hfc": {
        "dmean": 4.7577791214,
        "dmean2": 6.45377540588,
        "dvar": 39.7550506592,
        "dvar2": 60.2840957642,
        "max": 139.534484863,
        "mean": 22.1651573181,
        "median": 17.957069397,
        "min": 1.19674783723e-16,
        "stdev": 14.4478445053,
        "var": 208.740219116
    },
    "loudness_ebu128": {
        "integrated": -13.5753955841,
        "loudness_range": 1.72156238556,
        "momentary": {
            "dmean": 0.334301799536,
            "dmean2": 0.308259606361,
            "dvar": 0.0854925513268,
            "dvar2": 0.0882108435035,
            "max": -11.7882404327,
            "mean": -13.7165441513,
            "median": -13.479716301,
            "min": -18.6092338562,
            "stdev": 1.16455841064,
            "var": 1.35619628429
        },
        "short_term": {
            "dmean": 0.0499407239258,
            "dmean2": 0.038600537926,
            "dvar": 0.00168624042999,
            "dvar2": 0.00119241327047,
            "max": -12.5483379364,
            "mean": -13.5803499222,
            "median": -13.5754976273,
            "min": -14.7497911453,
            "stdev": 0.576065421104,
            "var": 0.331851392984
        }
    },
    "melbands_crest": {
        "dmean": 2.44040131569,
        "dmean2": 3.89773964882,
        "dvar": 4.77822875977,
        "dvar2": 12.7425851822,
        "max": 28.0454406738,
        "mean": 14.8562364578,
        "median": 14.1262454987,
        "min": 2.44710803032,
        "stdev": 4.27317333221,
        "var": 18.2600097656
    },
    "melbands_flatness_db": {
        "dmean": 0.0185389183462,
        "dmean2": 0.0266418699175,
        "dvar": 0.000376870448235,
        "dvar2": 0.000727230042685,
        "max": 0.416416198015,
        "mean": 0.244843244553,
        "median": 0.249585211277,
        "min": 0.00697569642216,
        "stdev": 0.0591174438596,
        "var": 0.00349487224594
    },
    "melbands_kurtosis": {
        "dmean": 5.66036653519,
        "dmean2": 8.69544410706,
        "dvar": 78.0782165527,
        "dvar2": 179.612030029,
        "max": 142.857315063,
        "mean": 15.3569221497,
        "median": 11.3182497025,
        "min": -1.23691129684,
        "stdev": 14.3130750656,
        "var": 204.864120483
    },
    "melbands_skewness": {
        "dmean": 0.540228188038,
        "dmean2": 0.828632175922,
        "dvar": 0.350714445114,
        "dvar2": 0.789342463017,
        "max": 10.5519161224,
        "mean": 2.89560317993,
        "median": 2.60916280746,
        "min": 0.15073607862,
        "stdev": 1.32130861282,
        "var": 1.7458564043
    },
    "melbands_spread": {
        "dmean": 3.29559230804,
        "dmean2": 4.95430088043,
        "dvar": 28.1768188477,
        "dvar2": 43.3800849915,
        "max": 138.165603638,
        "mean": 13.3798484802,
        "median": 11.6026687622,
        "min": 1.70116984844,
        "stdev": 8.32168769836,
        "var": 69.2504882812
    },
    "pitch_salience": {
        "dmean": 0.0548910200596,
        "dmean2": 0.0896198302507,
        "dvar": 0.00261894240975,
        "dvar2": 0.0068620913662,
        "max": 0.894130885601,
        "mean": 0.537507653236,
        "median": 0.538110852242,
        "min": 0.186024218798,
        "stdev": 0.0926037356257,
        "var": 0.00857545156032
    },
    "silence_rate_20dB": {
        "dmean": 0,
        "dmean2": 0,
        "dvar": 0,
        "dvar2": 0,
        "max": 1,
        "mean": 1,
        "median": 1,
        "min": 1,
        "stdev": 0,
        "var": 0
    },
    "silence_rate_30dB": {
        "dmean": 0,
        "dmean2": 0,
        "dvar": 0,
        "dvar2": 0,
        "max": 1,
        "mean": 1,
        "median": 1,
        "min": 1,
        "stdev": 0,
        "var": 0
    },
    "silence_rate_60dB": {
        "dmean": 0.000773993786424,
        "dmean2": 0.00154918665066,
        "dvar": 0.000773391744588,
        "dvar2": 0.00154677091632,
        "max": 1,
        "mean": 0.00154679035768,
        "median": 0,
        "min": 0,
        "stdev": 0.0392987206578,
        "var": 0.00154438940808
    },
    "spectral_centroid": {
        "dmean": 141.109069824,
        "dmean2": 209.840560913,
        "dvar": 97433.5703125,
        "dvar2": 116656.40625,
        "max": 10633.2490234,
        "mean": 775.748901367,
        "median": 643.710571289,
        "min": 234.29637146,
        "stdev": 455.285705566,
        "var": 207285.0625
    },
    "spectral_complexity": {
        "dmean": 2.40479874611,
        "dmean2": 3.78543758392,
        "dvar": 4.48091411591,
        "dvar2": 9.80755805969,
        "max": 33,
        "mean": 16.1105957031,
        "median": 16,
        "min": 0,
        "stdev": 4.60701465607,
        "var": 21.2245845795
    },
    "spectral_decrease": {
        "dmean": 1.96214289261e-09,
        "dmean2": 3.12531578395e-09,
        "dvar": 4.48903928756e-18,
        "dvar2": 1.07419212902e-17,
        "max": -4.1113927914e-29,
        "mean": -1.04316049132e-08,
        "median": -1.01739008329e-08,
        "min": -2.63241517473e-08,
        "stdev": 4.47614256771e-09,
        "var": 2.0035852992e-17
    },
    "spectral_energy": {
        "dmean": 0.007669899147,
        "dmean2": 0.0121603282169,
        "dvar": 6.83548423694e-05,
        "dvar2": 0.000161041956744,
        "max": 0.103531673551,
        "mean": 0.0413817465305,
        "median": 0.040583640337,
        "min": 1.10100146756e-20,
        "stdev": 0.0173540171236,
        "var": 0.000301161926473
    },
    "spectral_energyband_high": {
        "dmean": 0.000291319476673,
        "dmean2": 0.000388364394894,
        "dvar": 3.58891213637e-07,
        "dvar2": 5.59516649901e-07,
        "max": 0.0137746389955,
        "mean": 0.000843493151478,
        "median": 0.000237809683313,
        "min": 7.94659166665e-21,
        "stdev": 0.00127637421247,
        "var": 1.629131134e-06
    },
    "spectral_energyband_low": {
        "dmean": 0.00229003746063,
        "dmean2": 0.00380115048029,
        "dvar": 1.86751003639e-05,
        "dvar2": 4.94459018228e-05,
        "max": 0.0588428750634,
        "mean": 0.0131225557998,
        "median": 0.00816483236849,
        "min": 6.36206475077e-23,
        "stdev": 0.0128769883886,
        "var": 0.000165816833032
    },
    "spectral_energyband_middle_high": {
        "dmean": 0.00105522351805,
        "dmean2": 0.00152323651128,
        "dvar": 1.72065142579e-06,
        "dvar2": 3.61648244507e-06,
        "max": 0.0268074609339,
        "mean": 0.00346235581674,
        "median": 0.00304030021653,
        "min": 1.67723016391e-21,
        "stdev": 0.00264641339891,
        "var": 7.00350392435e-06
    },
    "spectral_energyband_middle_low": {
        "dmean": 0.00673015415668,
        "dmean2": 0.0107011888176,
        "dvar": 5.13274171681e-05,
        "dvar2": 0.000123147416161,
        "max": 0.0881466194987,
        "mean": 0.0253816712648,
        "median": 0.0232087224722,
        "min": 4.55892637842e-22,
        "stdev": 0.012554122135,
        "var": 0.000157605987624
    },
    "spectral_entropy": {
        "dmean": 0.148183017969,
        "dmean2": 0.220508933067,
        "dvar": 0.0253407526761,
        "dvar2": 0.0498419292271,
        "max": 9.78640365601,
        "mean": 7.16304159164,
        "median": 7.1603012085,
        "min": 6.07598018646,
        "stdev": 0.397247344255,
        "var": 0.157805457711
    },
    "spectral_flux": {
        "dmean": 0.0200722757727,
        "dmean2": 0.032531965524,
        "dvar": 0.000461895077024,
        "dvar2": 0.00103140051942,
        "max": 0.250396102667,
        "mean": 0.078951574862,
        "median": 0.0753100290895,
        "min": 1.04928614408e-10,
        "stdev": 0.0314979366958,
        "var": 0.000992120127194
    },
    "spectral_kurtosis": {
        "dmean": 2.11634159088,
        "dmean2": 3.53970766068,
        "dvar": 8.03030967712,
        "dvar2": 23.6988258362,
        "max": 44.230884552,
        "mean": 7.17410469055,
        "median": 5.66544818878,
        "min": -1.42459571362,
        "stdev": 5.99207401276,
        "var": 35.9049491882
    },
    "spectral_rms": {
        "dmean": 0.000601559877396,
        "dmean2": 0.000943814928178,
        "dvar": 4.01698144969e-07,
        "dvar2": 8.67507424118e-07,
        "max": 0.0100501999259,
        "mean": 0.00619637407362,
        "median": 0.00629236036912,
        "min": 3.27741935154e-12,
        "stdev": 0.00140620034654,
        "var": 1.97739927899e-06
    },
    "spectral_rolloff": {
        "dmean": 313.780273438,
        "dmean2": 527.424133301,
        "dvar": 731136.125,
        "dvar2": 1228128.125,
        "max": 18561.6210938,
        "mean": 890.987121582,
        "median": 602.9296875,
        "min": 193.798828125,
        "stdev": 1104.3782959,
        "var": 1219651.5
    },
    "spectral_skewness": {
        "dmean": 0.244863554835,
        "dmean2": 0.386079639196,
        "dvar": 0.0667668282986,
        "dvar2": 0.170244336128,
        "max": 4.54395961761,
        "mean": 2.09643220901,
        "median": 2.06984305382,
        "min": 0.0729464590549,
        "stdev": 0.707479000092,
        "var": 0.500526547432
    },
    "spectral_spread": {
        "dmean": 546361.6875,
        "dmean2": 754954.625,
        "dvar": 945993351168,
        "dvar2": 940835405824,
        "max": 40407116,
        "mean": 4977937,
        "median": 4922623.5,
        "min": 1527484.25,
        "stdev": 2316231.5,
        "var": 5.36492847923e+12
    },
    "spectral_strongpeak": {
        "dmean": 0.321124464273,
        "dmean2": 0.537528216839,
        "dvar": 0.250325500965,
        "dvar2": 0.588367044926,
        "max": 5.77878379822,
        "mean": 0.940832257271,
        "median": 0.727696180344,
        "min": 0,
        "stdev": 0.817746758461,
        "var": 0.668709754944
    },
    "zerocrossingrate": {
        "dmean": 0.00751620531082,
        "dmean2": 0.00884466059506,
        "dvar": 0.000269970070804,
        "dvar2": 0.00029778451426,
        "max": 0.5078125,
        "mean": 0.045072928071,
        "median": 0.03515625,
        "min": 0.0048828125,
        "stdev": 0.0316202864051,
        "var": 0.000999842421152
    },
    "barkbands": {
        "dmean": [0.000305912923068, 0.0011350850109, 0.000898971629795, 0.00128864590079, 0.0038102127146, 0.0019981879741, 0.00169587519486, 0.00129589682911, 0.0012091276003, 0.000277329789242, 0.00017639901489, 0.000307499954943, 0.000173725929926, 0.000194856605958, 0.00023432985472, 0.000224978488404, 0.000106784791569, 0.000160959592904, 4.69651422463e-05, 8.75903424458e-05, 4.40633375547e-05, 6.9967143645e-05, 6.88536456437e-05, 9.34211275307e-05, 7.55762594054e-05, 1.85544358828e-05, 7.35322942091e-07],
        "dmean2": [0.000558021711186, 0.00181677751243, 0.00144905189518, 0.00219862512313, 0.0062790568918, 0.00315166800283, 0.00263732881285, 0.00196407921612, 0.00172604306135, 0.000433304026956, 0.000279459956801, 0.00045841402607, 0.000275907397736, 0.000309504393954, 0.000384730316, 0.000359369762009, 0.000171879233676, 0.000242311929469, 7.31447071303e-05, 0.000135281923576, 6.40329890302e-05, 9.99850381049e-05, 9.71949411905e-05, 0.000139383526403, 0.000105980951048, 2.62463054241e-05, 1.20879542465e-06],
        "dvar": [6.1462242229e-07, 6.4598470999e-06, 5.6999674598e-06, 4.25495090894e-06, 2.51266628766e-05, 9.89880481939e-06, 9.46884392761e-06, 5.82217035117e-06, 4.57982696389e-06, 1.76175504407e-07, 1.41326452763e-07, 5.21759659478e-07, 1.53222813992e-07, 1.83714064406e-07, 3.58479951501e-07, 1.93828427086e-07, 4.51970727511e-08, 8.797654516e-08, 1.13167555327e-08, 5.11025994854e-08, 6.96507518327e-09, 1.81504464791e-08, 2.01505940822e-08, 6.13524022697e-08, 4.06996640834e-08, 2.4241437746e-09, 3.22365875313e-12],
        "dvar2": [1.95811753656e-06, 1.80780334631e-05, 1.34098809212e-05, 1.22371484395e-05, 6.31783696008e-05, 2.31207941397e-05, 2.01470284082e-05, 1.18498319353e-05, 9.57392785494e-06, 3.90943313278e-07, 3.57305594889e-07, 1.15056184313e-06, 3.61454851827e-07, 4.18485939235e-07, 9.35755394949e-07, 4.46527877784e-07, 1.0225831204e-07, 1.90161003388e-07, 2.81359557874e-08, 1.20943553839e-07, 1.43392133722e-08, 3.78377258414e-08, 3.91988450588e-08, 1.4241759061e-07, 6.18113702444e-08, 4.26949364751e-09, 7.95704127587e-12],
        "max": [0.0130608212203, 0.0426324643195, 0.033347196877, 0.0333011262119, 0.0716749429703, 0.0475110933185, 0.0482632108033, 0.0423011705279, 0.0380294062197, 0.00895753875375, 0.0048641404137, 0.0138585623354, 0.00824239756912, 0.00993190985173, 0.0100795701146, 0.00630898308009, 0.00350563577376, 0.00362028297968, 0.00194646406453, 0.00429751444608, 0.00135352869984, 0.00176175986417, 0.00214989297092, 0.0059723649174, 0.00624141842127, 0.00152577727567, 3.14264761982e-05],
        "mean": [0.00138307118323, 0.00569441076368, 0.00464921118692, 0.00321413762867, 0.0089041152969, 0.0044253715314, 0.00344447069801, 0.00265968684107, 0.00266600050963, 0.000570401607547, 0.000334482552717, 0.000569578493014, 0.000277714658296, 0.000332479859935, 0.000339348393027, 0.000380159908673, 0.000200034730369, 0.000319109851262, 7.94025982032e-05, 0.00016363375471, 9.69665343291e-05, 0.000148347520735, 0.000147894359543, 0.000188583042473, 0.000153327375301, 3.9020073018e-05, 8.30091835269e-07],
        "median": [5.4108841141e-06, 0.000276997190667, 0.000746471458115, 0.00249926326796, 0.00629145931453, 0.00304026785307, 0.00160884181969, 0.0014018235961, 0.00121171690989, 0.000359555851901, 9.87494713627e-05, 0.000161662581377, 0.000140294912853, 0.000163414137205, 0.000137687427923, 0.000163796023116, 6.87038918841e-05, 0.000100023607956, 3.5225366446e-05, 3.39640937455e-05, 2.9663227906e-05, 3.58515499101e-05, 2.39558576141e-05, 4.13969610236e-05, 4.13598791056e-05, 1.16485407489e-05, 2.21522853394e-07],
        "min": [1.19743934151e-23, 1.94631801504e-23, 1.21089265427e-23, 7.04954503898e-23, 7.61437007821e-23, 7.77529517852e-23, 5.95791363854e-23, 6.09459104789e-23, 7.53462507593e-23, 9.77607551937e-23, 8.23920029551e-23, 5.17434157237e-23, 1.41949171142e-22, 1.62190471067e-22, 2.02996832056e-22, 7.53802348871e-23, 1.41457161751e-22, 3.74866146803e-22, 2.64352792433e-22, 1.71317844176e-22, 3.5914953846e-22, 5.90053467308e-22, 7.70213849009e-22, 9.13759220239e-22, 1.19449484876e-21, 1.78808801699e-21, 2.41537183152e-21],
        "stdev": [0.00262518599629, 0.00900799781084, 0.00769170746207, 0.00299629988149, 0.0079551441595, 0.00495003210381, 0.00537641067058, 0.00417837640271, 0.00421236967668, 0.000697565323208, 0.000584184250329, 0.00112768670078, 0.00048347885604, 0.00059651810443, 0.000665948435199, 0.000641489052214, 0.000340838712873, 0.000500970170833, 0.000131337641506, 0.00035715312697, 0.00017582430155, 0.000235338651692, 0.000254868762568, 0.000407889252529, 0.000366673688404, 8.55460239109e-05, 2.03356989914e-06],
        "var": [6.89160106049e-06, 8.11440258985e-05, 5.91623647779e-05, 8.97781319509e-06, 6.32843220956e-05, 2.45028186328e-05, 2.89057898044e-05, 1.74588276423e-05, 1.77440597326e-05, 4.86597400595e-07, 3.41271231719e-07, 1.2716772062e-06, 2.33751791257e-07, 3.5583383351e-07, 4.43487323309e-07, 4.11508182196e-07, 1.16171037234e-07, 2.50971083915e-07, 1.72495742135e-08, 1.27558365648e-07, 3.0914186766e-08, 5.53842838258e-08, 6.49580869094e-08, 1.66373638422e-07, 1.34449592792e-07, 7.31812166421e-09, 4.1354068607e-12]
    },
    "erbbands": {
        "dmean": [0.0457902513444, 0.2256513834, 0.865466892719, 2.65223646164, 6.43420743942, 14.4779939651, 22.4745826721, 16.3527622223, 23.2720546722, 23.224905014, 28.9958496094, 27.2239360809, 10.7264404297, 7.1973938942, 9.40284061432, 8.26314640045, 7.36927080154, 8.09409427643, 9.05753231049, 13.0571546555, 13.3705711365, 6.31508588791, 8.68947982788, 3.69594430923, 2.6382727623, 4.21181201935, 2.20098280907, 1.46456158161, 2.23476862907, 2.57146906853, 2.11937761307, 2.14424705505, 1.4591217041, 1.02969074249, 0.476441800594, 0.12678308785, 0.0297187790275, 0.00311872875318, 8.10714191175e-05, 1.05184317363e-05],
        "dmean2": [0.072881937027, 0.35836148262, 1.42396974564, 4.55259466171, 10.9431724548, 23.7559146881, 37.8993682861, 25.6222438812, 36.6788635254, 35.2964439392, 44.6341438293, 38.2908096313, 15.629617691, 11.2266311646, 14.4220085144, 12.1815309525, 11.5483036041, 13.0877923965, 14.390994072, 21.4277896881, 21.0736293793, 9.61108875275, 13.2839517593, 5.35263967514, 4.04997491837, 6.45957803726, 3.22012329102, 2.12150144577, 3.23463225365, 3.6668806076, 2.98159623146, 3.19309473038, 2.20300292969, 1.4289573431, 0.686225473881, 0.177722617984, 0.0440603010356, 0.00476592034101, 0.000124065860291, 1.57935355674e-05],
        "dvar": [0.0133408056572, 0.320102155209, 6.94186258316, 18.3986949921, 100.445091248, 506.290496826, 976.743408203, 993.664733887, 1792.04064941, 3243.58813477, 2661.64501953, 2737.21679688, 258.549316406, 142.715820312, 337.660064697, 405.257904053, 277.376922607, 184.393859863, 726.089172363, 909.132751465, 787.551025391, 148.6197052, 291.415863037, 47.5057144165, 38.4736099243, 120.942626953, 19.1605854034, 8.06431293488, 19.1884860992, 27.7193126678, 18.3225383759, 23.6865139008, 19.7395896912, 7.85794734955, 1.87881445885, 0.1177085042, 0.00620263209566, 4.76204113511e-05, 3.38494103858e-08, 1.61126570419e-10],
        "dvar2": [0.0395227633417, 0.875732719898, 17.3888759613, 51.3894615173, 282.680541992, 1216.92028809, 2746.75561523, 2372.90576172, 4123.37255859, 6423.62402344, 5862.92675781, 5247.27490234, 521.726318359, 346.538482666, 747.348693848, 819.015686035, 639.380981445, 464.360321045, 1880.20568848, 2306.64648438, 1803.31799316, 342.289520264, 666.278015137, 96.4858551025, 91.4734268188, 287.01260376, 42.3522033691, 17.3437614441, 42.2354240417, 57.0481033325, 34.8427047729, 49.2862205505, 46.3495903015, 12.6915607452, 3.52006006241, 0.189763352275, 0.012252099812, 0.000110367545858, 7.50359276935e-08, 3.13134906893e-10],
        "max": [2.2045981884, 8.32485389709, 41.9882926941, 63.0771141052, 145.22984314, 382.25793457, 497.543823242, 462.965362549, 854.16027832, 1188.61071777, 814.632873535, 956.131530762, 351.311431885, 181.826095581, 388.342315674, 444.490814209, 364.472412109, 197.330566406, 599.253967285, 542.185852051, 433.570373535, 191.495422363, 205.884170532, 124.738937378, 90.505569458, 198.518249512, 69.9887771606, 46.2721672058, 59.6123924255, 72.8187332153, 69.1470031738, 86.3963470459, 119.726699829, 75.9593963623, 42.9290504456, 12.1195926666, 1.77748382092, 0.106292970479, 0.00333795789629, 0.00028082105564],
        "mean": [0.309511035681, 0.770356059074, 3.77527618408, 9.37041664124, 16.0768795013, 32.7700042725, 44.0354690552, 36.3582344055, 48.3299865723, 49.4466247559, 65.3993377686, 60.6293983459, 24.8855991364, 16.5757255554, 20.6978778839, 16.8781433105, 13.0932359695, 15.2855396271, 15.4696092606, 19.7927093506, 22.6749420166, 14.2576618195, 17.3974723816, 7.3079199791, 4.83080816269, 8.19009685516, 4.73236131668, 3.24450588226, 4.61808204651, 5.3652510643, 4.47045278549, 4.32769489288, 2.76816678047, 2.03414916992, 0.904112875462, 0.262843310833, 0.0570101812482, 0.00567864160985, 0.00016522219812, 5.53553763893e-05],
        "median": [0.00641208328307, 0.200588271022, 0.773033380508, 6.52376365662, 11.1605472565, 15.9530649185, 29.8579864502, 21.5280742645, 23.9433670044, 27.4368190765, 43.4056091309, 23.9592552185, 15.9410953522, 10.1189489365, 7.52418994904, 5.96363067627, 7.02064943314, 7.81118345261, 7.65216732025, 8.31791496277, 9.01046276093, 4.84911155701, 5.50208854675, 2.96134972572, 1.95213699341, 1.59537339211, 1.29897367954, 1.18222177029, 1.17983460426, 0.948127627373, 0.671311497688, 0.782376766205, 0.627927362919, 0.472095966339, 0.236112847924, 0.0702495798469, 0.01956772618, 0.0028285451699, 9.29535672185e-05, 5.47477247892e-05],
        "min": [5.32063178827e-22, 4.11140510726e-21, 1.47783425848e-20, 1.29161124873e-19, 3.08219593754e-19, 2.35023260228e-19, 4.31331340012e-19, 6.05683254605e-19, 8.33677237385e-19, 7.3770634685e-19, 1.54911686442e-18, 1.41341664416e-18, 3.19900273222e-18, 3.7242409145e-18, 2.19027003728e-18, 3.07791155555e-18, 4.9499091697e-18, 6.4153894922e-18, 1.52173174743e-17, 4.91049856301e-18, 4.90528318925e-18, 1.11410061573e-17, 1.88038137917e-17, 1.25499346228e-17, 1.32254442254e-17, 8.99475453628e-18, 1.04868518765e-17, 1.67100658057e-17, 1.80475970039e-17, 2.32681886213e-17, 2.35157935572e-17, 1.7355791116e-17, 1.61218229306e-17, 1.23931466736e-17, 9.20123287924e-18, 6.90567970718e-18, 3.1320182666e-18, 1.43184395346e-18, 3.25450515546e-19, 3.58007905016e-20],
        "stdev": [0.531881570816, 1.16325807571, 6.05789041519, 8.40829372406, 16.5655078888, 39.3657150269, 43.6881141663, 45.3214683533, 74.5152664185, 95.7983856201, 83.7566375732, 105.095558167, 31.6795368195, 19.5535984039, 30.7586097717, 34.8568077087, 21.4073181152, 20.9757194519, 33.9988861084, 34.2276344299, 40.2526512146, 22.3755531311, 28.0397663116, 11.1118097305, 8.79803657532, 17.7520999908, 8.71511554718, 5.26640701294, 7.38061285019, 8.96312141418, 7.78104352951, 8.79840087891, 6.73721265793, 4.90704250336, 2.27468562126, 0.624686121941, 0.120558448136, 0.00946331396699, 0.00025785586331, 2.52922109212e-05],
        "var": [0.282897979021, 1.35316944122, 36.6980361938, 70.6994094849, 274.416046143, 1549.65966797, 1908.65124512, 2054.03540039, 5552.52490234, 9177.33105469, 7015.17480469, 11045.0761719, 1003.59301758, 382.343231201, 946.092041016, 1214.99707031, 458.273254395, 439.980804443, 1155.92431641, 1171.53100586, 1620.27600098, 500.665374756, 786.22845459, 123.472312927, 77.4054412842, 315.137023926, 75.9532318115, 27.735042572, 54.4734458923, 80.3375473022, 60.5446395874, 77.411857605, 45.3900375366, 24.0790653229, 5.17419433594, 0.390232771635, 0.0145343402401, 8.95543125807e-05, 6.64896404601e-08, 6.39695962867e-10]
    },
    "gfcc": {
        "mean": [11.6364011765, 105.80255127, -101.909049988, 17.4884643555, -70.4852218628, 2.21632528305, -55.7768745422, 6.2103638649, -23.8809146881, -2.33644747734, -21.6274795532, -3.84168839455, -10.2920665741],
        "cov": [[3965.11621094, -1528.17419434, 181.095779419, 206.995986938, -529.235900879, 308.882202148, -465.569793701, 300.222137451, -122.931381226, 122.785614014, -186.720428467, 196.300933838, -256.591125488], [-1528.17419434, 2157.28393555, -161.511047363, -286.891937256, 691.85760498, 29.7546081543, 773.169921875, -105.763946533, 265.17276001, 22.6897602081, 358.584594727, -93.3983383179, 264.880310059], [181.095779419, -161.511047363, 489.629974365, 29.58177948, 10.6783027649, 205.831390381, 6.03974723816, 142.263412476, 6.81205463409, 54.0328445435, -7.86505651474, 80.7555465698, -58.5767288208], [206.995986938, -286.891937256, 29.58177948, 417.958007812, -45.1286468506, -94.0618896484, -108.23474884, -10.75207901, 20.7992248535, -75.4628982544, -73.6596374512, -33.7724647522, -28.2932987213], [-529.235900879, 691.85760498, 10.6783027649, -45.1286468506, 381.918548584, 84.8358917236, 298.077423096, 15.9972324371, 81.7518157959, 43.6166687012, 141.721923828, -10.1867389679, 78.6970977783], [308.882202148, 29.7546081543, 205.831390381, -94.0618896484, 84.8358917236, 308.393676758, 140.79107666, 116.784706116, 15.5673542023, 111.996795654, 79.2371902466, 84.4015884399, -2.94777536392], [-465.569793701, 773.169921875, 6.03974723816, -108.23474884, 298.077423096, 140.79107666, 451.499664307, 21.0167484283, 105.095077515, 76.0712661743, 168.438491821, 20.5426826477, 100.155197144], [300.222137451, -105.763946533, 142.263412476, -10.75207901, 15.9972324371, 116.784706116, 21.0167484283, 164.891708374, 26.1495704651, 42.2983436584, 26.2561168671, 48.8398170471, -28.1557426453], [-122.931381226, 265.17276001, 6.81205463409, 20.7992248535, 81.7518157959, 15.5673542023, 105.095077515, 26.1495704651, 178.066467285, 20.7533531189, 47.5691223145, 9.44532489777, 39.6313858032], [122.785614014, 22.6897602081, 54.0328445435, -75.4628982544, 43.6166687012, 111.996795654, 76.0712661743, 42.2983436584, 20.7533531189, 133.014099121, 60.684047699, 56.6858139038, 17.3153343201], [-186.720428467, 358.584594727, -7.86505651474, -73.6596374512, 141.721923828, 79.2371902466, 168.438491821, 26.2561168671, 47.5691223145, 60.684047699, 170.120910645, 43.2062339783, 61.4499130249], [196.300933838, -93.3983383179, 80.7555465698, -33.7724647522, -10.1867389679, 84.4015884399, 20.5426826477, 48.8398170471, 9.44532489777, 56.6858139038, 43.2062339783, 122.506782532, 20.060546875], [-256.591125488, 264.880310059, -58.5767288208, -28.2932987213, 78.6970977783, -2.94777536392, 100.155197144, -28.1557426453, 39.6313858032, 17.3153343201, 61.4499130249, 20.060546875, 110.085975647]],
        "icov": [[0.000636782322545, -0.000615300319623, 0.000853437755723, -0.000820345885586, 0.000977052608505, -0.00122174620628, 0.00079333683243, -0.00112249853555, 0.000437828130089, -0.000783195486292, 0.0008636477869, -0.00120855984278, 0.00117166200653], [-0.000615300319623, 0.00554971862584, -0.00222740042955, 0.00352570787072, -0.00439968332648, 0.00323084765114, -0.00496433582157, 0.00365312350914, -0.00344991753809, 0.00392505852506, -0.00472982041538, 0.00522621022537, -0.00407152110711], [0.000853437755723, -0.00222740042955, 0.00528453290462, -0.00239384779707, 0.00169071543496, -0.00433920649812, 0.00249409466051, -0.00358432275243, 0.00130510015879, -0.00154777872376, 0.00349689065479, -0.00428150221705, 0.00363644585013], [-0.000820345885586, 0.00352570787072, -0.00239384779707, 0.00558343809098, -0.00355610228144, 0.00335905351676, -0.00276664900593, 0.00279575283639, -0.00306479004212, 0.00381600135006, -0.00267685833387, 0.0037749344483, -0.00306046707556], [0.000977052608505, -0.00439968332648, 0.00169071543496, -0.00355610228144, 0.0102128367871, -0.00329715479165, 0.00100369402207, -0.00376726267859, 0.00263011758216, -0.0033259706106, 0.00153456942644, -0.00220838119276, 0.00270549813285], [-0.00122174620628, 0.00323084765114, -0.00433920649812, 0.00335905351676, -0.00329715479165, 0.0116122961044, -0.00528179248795, 0.000770196842495, -0.000914275529794, -0.000597453152295, -0.00379427173175, 0.00257727270946, -0.00232534878887], [0.00079333683243, -0.00496433582157, 0.00249409466051, -0.00276664900593, 0.00100369402207, -0.00528179248795, 0.010925446637, -0.00284211197868, 0.00159966328647, -0.00365387136117, 0.00262204790488, -0.00415314594284, 0.00217627896927], [-0.00112249853555, 0.00365312350914, -0.00358432275243, 0.00279575283639, -0.00376726267859, 0.000770196842495, -0.00284211197868, 0.0136703783646, -0.00416286662221, 0.00314774247818, -0.00480089895427, 0.00255274702795, -0.0005808576243], [0.000437828130089, -0.00344991753809, 0.00130510015879, -0.00306479004212, 0.00263011758216, -0.000914275529794, 0.00159966328647, -0.00416286662221, 0.00951062235981, -0.00329642719589, 0.00275397161022, -0.00312868901528, 0.000930946378503], [-0.000783195486292, 0.00392505852506, -0.00154777872376, 0.00381600135006, -0.0033259706106, -0.000597453152295, -0.00365387136117, 0.00314774247818, -0.00329642719589, 0.0159105360508, -0.00523966085166, 0.00107805128209, -0.00320901721716], [0.0008636477869, -0.00472982041538, 0.00349689065479, -0.00267685833387, 0.00153456942644, -0.00379427173175, 0.00262204790488, -0.00480089895427, 0.00275397161022, -0.00523966085166, 0.0169637668878, -0.0078409332782, 0.00154659757391], [-0.00120855984278, 0.00522621022537, -0.00428150221705, 0.0037749344483, -0.00220838119276, 0.00257727270946, -0.00415314594284, 0.00255274702795, -0.00312868901528, 0.00107805128209, -0.0078409332782, 0.0196254197508, -0.0088634127751], [0.00117166200653, -0.00407152110711, 0.00363644585013, -0.00306046707556, 0.00270549813285, -0.00232534878887, 0.00217627896927, -0.0005808576243, 0.000930946378503, -0.00320901721716, 0.00154659757391, -0.0088634127751, 0.0195562765002]]
    },
    "melbands": {
        "dmean": [0.000350920337951, 0.000374327879399, 0.000543427653611, 0.000660908757709, 0.000796590989921, 0.000360199919669, 0.000337820150889, 0.000262542074779, 0.000248176569585, 0.000155988003826, 5.4934695072e-05, 3.2758605812e-05, 2.91079559247e-05, 4.03750455007e-05, 1.66318895936e-05, 1.45926724144e-05, 1.60364506883e-05, 1.61559146363e-05, 1.73212138179e-05, 1.45767953654e-05, 1.59859500855e-05, 7.07793924448e-06, 9.33225419431e-06, 7.1782969826e-06, 2.82263408735e-06, 1.77284221081e-06, 3.00475153381e-06, 2.83161580228e-06, 1.76662217655e-06, 9.80736331258e-07, 8.82766471477e-07, 1.12149996312e-06, 1.91149388229e-06, 1.33736602947e-06, 1.23809456909e-06, 1.43937654684e-06, 1.35542609314e-06, 1.07565824692e-06, 9.83884888228e-07, 9.35555704018e-07],
        "dmean2": [0.000563494453672, 0.000617601559497, 0.000924464373384, 0.00108981097583, 0.00131971226074, 0.000560879299883, 0.000531147001311, 0.000393936235923, 0.000381922116503, 0.000219632289372, 8.1059144577e-05, 5.11631369591e-05, 4.48545652034e-05, 5.91769894527e-05, 2.58458858298e-05, 2.35139668803e-05, 2.59438802459e-05, 2.60074484686e-05, 2.83059307549e-05, 2.41025227297e-05, 2.52266927419e-05, 1.13995929496e-05, 1.45819967656e-05, 1.08947206172e-05, 4.22663742938e-06, 2.80882727566e-06, 4.63078731627e-06, 4.38629422206e-06, 2.6985499062e-06, 1.45961723774e-06, 1.2957106037e-06, 1.69667748651e-06, 2.79116375168e-06, 1.95709844775e-06, 1.77704964699e-06, 2.14132955989e-06, 2.0603467874e-06, 1.62929597991e-06, 1.54056533574e-06, 1.30223156702e-06],
        "dvar": [6.25126062914e-07, 1.12905706828e-06, 6.49633648209e-07, 8.48462775593e-07, 1.17498177588e-06, 4.26125126296e-07, 3.56535110768e-07, 3.2391227478e-07, 1.74321769464e-07, 8.79071748727e-08, 6.94652779742e-09, 2.75501488289e-09, 3.21992987828e-09, 9.07703956443e-09, 1.90007565237e-09, 6.53148368723e-10, 8.63085658498e-10, 2.36804598153e-09, 1.6196838315e-09, 9.01958119304e-10, 1.19529508513e-09, 2.18330825641e-10, 3.67404079382e-10, 2.03892874806e-10, 3.23098423016e-11, 1.92183630121e-11, 9.20153259143e-11, 4.93594297379e-11, 1.49696418456e-11, 4.28279070194e-12, 2.99000147558e-12, 4.77742628444e-12, 1.47933297556e-11, 9.19284700446e-12, 6.04673646223e-12, 1.02158264487e-11, 9.35313285155e-12, 1.0968952309e-11, 8.7158969278e-12, 6.63156075192e-12],
        "dvar2": [1.78655011496e-06, 2.89572562906e-06, 1.85433668776e-06, 2.23351003115e-06, 3.12561587634e-06, 9.96607354864e-07, 8.18334399355e-07, 6.42041072751e-07, 3.94877389454e-07, 1.74311011847e-07, 1.39045237546e-08, 6.61535537461e-09, 7.67065255758e-09, 1.88619431185e-08, 4.29947677461e-09, 1.59866830884e-09, 2.20357398995e-09, 5.75458170005e-09, 4.02987687664e-09, 2.30261965051e-09, 2.76984701841e-09, 5.46473977181e-10, 7.99908528304e-10, 4.56596510601e-10, 6.88457207909e-11, 4.85153202334e-11, 2.14025491774e-10, 1.19381185493e-10, 3.50237859548e-11, 8.68206288113e-12, 6.64835938038e-12, 1.09781819052e-11, 3.27088321705e-11, 1.92944080851e-11, 1.1254880708e-11, 2.10523837946e-11, 2.03957805506e-11, 2.51984093314e-11, 2.07679533293e-11, 1.05367121278e-11],
        "max": [0.015192810446, 0.0172496084124, 0.0109375631437, 0.012609731406, 0.0170319247991, 0.00972263142467, 0.0113026825711, 0.0110364370048, 0.00621245149523, 0.00516886264086, 0.001813049661, 0.000904349610209, 0.000812360201962, 0.00172923842911, 0.00091318768682, 0.000402383040637, 0.00043297643424, 0.000995624344796, 0.000665729981847, 0.000382077676477, 0.000533123966306, 0.000207878591027, 0.000386831030482, 0.00020968260651, 0.000102547375718, 7.26277794456e-05, 0.000187365076272, 0.000109730273834, 6.7730245064e-05, 3.96324867324e-05, 2.39176351897e-05, 2.50716129813e-05, 5.02350521856e-05, 4.73034160677e-05, 3.81862046197e-05, 5.56667582714e-05, 5.2291819884e-05, 8.85292247403e-05, 7.66964585637e-05, 6.78901924402e-05],
        "mean": [0.00211550411768, 0.00164362462237, 0.00183638231829, 0.00163522211369, 0.00164038012736, 0.000825334107503, 0.000710292486474, 0.000554055091925, 0.000554129655939, 0.000343885301845, 0.000117946277896, 7.06646678736e-05, 6.15362660028e-05, 7.35289577278e-05, 2.88881619781e-05, 2.62306566583e-05, 2.86137073999e-05, 2.51769088209e-05, 2.50449047599e-05, 2.36196592596e-05, 2.55102950177e-05, 1.31095057441e-05, 1.74443466676e-05, 1.29285781441e-05, 5.14462453793e-06, 2.93286848319e-06, 5.0760177146e-06, 5.33465572516e-06, 3.35183108291e-06, 2.0219504222e-06, 1.73076307419e-06, 2.16834519051e-06, 3.70377620129e-06, 2.59972330241e-06, 2.45228511631e-06, 2.77358822132e-06, 2.55955001194e-06, 1.89920581306e-06, 1.83373413165e-06, 1.70229043306e-06],
        "median": [4.74461412523e-05, 0.000701606157236, 0.00151214608923, 0.00112513371278, 0.00110503484029, 0.00050606415607, 0.000374513154384, 0.00028545060195, 0.00036965275649, 0.000150013001985, 7.04070771462e-05, 4.25447324233e-05, 2.17144606722e-05, 1.90463742911e-05, 1.19539990919e-05, 1.61494936037e-05, 1.349197737e-05, 1.12107718451e-05, 1.02216026789e-05, 1.06480320028e-05, 9.77873605734e-06, 4.06907065553e-06, 5.38000585948e-06, 4.24962354373e-06, 2.07183870771e-06, 1.30400712806e-06, 1.10978044177e-06, 9.76775936579e-07, 7.84122050845e-07, 6.16887462002e-07, 6.36842401036e-07, 6.27116151009e-07, 6.55669907701e-07, 4.4633128482e-07, 3.77502431093e-07, 3.1880546203e-07, 4.82916163946e-07, 3.90041407172e-07, 3.86128533592e-07, 3.22344533288e-07],
        "min": [4.7640122593e-24, 8.3334106402e-24, 2.82243892706e-23, 2.09769963389e-23, 1.3002356483e-23, 1.4558642576e-23, 1.16298363266e-23, 8.30572793332e-24, 1.13702916225e-23, 1.01938586214e-23, 1.61525029029e-23, 1.46950997354e-23, 9.31508808332e-24, 3.82475265592e-24, 1.35752596156e-23, 1.14708019681e-23, 1.05934150921e-23, 2.79373038546e-23, 9.92867671718e-24, 3.79749317291e-24, 6.20079499713e-24, 8.96396057238e-24, 2.09929786608e-23, 1.25143931594e-23, 9.62340726838e-24, 1.03356003599e-23, 7.96883226197e-24, 5.12211093406e-24, 6.02333442561e-24, 8.61129793812e-24, 9.43493735407e-24, 8.42670369744e-24, 1.36900215224e-23, 1.24532761608e-23, 1.42463924971e-23, 1.17342649444e-23, 1.01858714047e-23, 1.0831818324e-23, 9.94178206339e-24, 1.13992743721e-23],
        "stdev": [0.00344780879095, 0.00226187868975, 0.00142693554517, 0.00146041379776, 0.00159431691281, 0.000990552711301, 0.0010320370784, 0.000986593775451, 0.000675359158777, 0.000590339361224, 0.00015959936718, 8.40128413984e-05, 9.2345289886e-05, 0.000152727443492, 6.07155525358e-05, 3.54819057975e-05, 4.22152479587e-05, 6.35358301224e-05, 4.68485231977e-05, 3.8077487261e-05, 4.8330410209e-05, 2.31931353483e-05, 3.00429619529e-05, 2.10502421396e-05, 8.58614748722e-06, 5.0958619795e-06, 1.39164167194e-05, 1.13282239909e-05, 6.75531055094e-06, 3.97174244426e-06, 2.7967907954e-06, 3.49694619217e-06, 6.44633064439e-06, 4.70665463581e-06, 4.29605825047e-06, 5.49023388885e-06, 5.50679487787e-06, 4.92192657475e-06, 4.41452857558e-06, 4.42337250206e-06],
        "var": [1.18873849715e-05, 5.11609505338e-06, 2.03614513339e-06, 2.13280850403e-06, 2.54184624282e-06, 9.81194716587e-07, 1.06510060505e-06, 9.7336737781e-07, 4.56109972902e-07, 3.48500549308e-07, 2.54719569881e-08, 7.05815805802e-09, 8.52765236203e-09, 2.33256738369e-08, 3.68637853576e-09, 1.25896570946e-09, 1.78212711255e-09, 4.03680200378e-09, 2.19478413221e-09, 1.44989498185e-09, 2.33582864162e-09, 5.37921540644e-10, 9.02579566642e-10, 4.43112657678e-10, 7.37219313374e-11, 2.59678094999e-11, 1.9366665216e-10, 1.28328667137e-10, 4.56342186261e-11, 1.57747391538e-11, 7.82203815608e-12, 1.22286330367e-11, 4.15551794364e-11, 2.21525974647e-11, 1.84561168431e-11, 3.01426696103e-11, 3.03247878197e-11, 2.4225363035e-11, 1.94880622056e-11, 1.95662236413e-11]
    },
    "melbands128": {
