{
"lowlevel": {
    "average_loudness": 0.681079983711,
    "barkbands_crest": {
        "dmean": 1.97256815434,
        "dmean2": 3.14662742615,
        "dvar": 4.48332643509,
        "dvar2": 11.1629600525,
        "max": 24.3281364441,
        "mean": 11.8064537048,
        "median": 10.9964056015,
        "min": 3.86594080925,
        "stdev": 4.0269241333,
        "var": 16.2161178589
    },
    "barkbands_flatness_db": {
        "dmean": 0.0216341745108,
        "dmean2": 0.0325708687305,
        "dvar": 0.000515392574016,
        "dvar2": 0.00104971660767,
        "max": 0.466784983873,
        "mean": 0.267600953579,
        "median": 0.283772975206,
        "min": 0.0384330973029,
        "stdev": 0.0890144407749,
        "var": 0.00792357046157
    },
    "barkbands_kurtosis": {
        "dmean": 3.54704356194,
        "dmean2": 5.58465623856,
        "dvar": 38.7997322083,
        "dvar2": 84.9365081787,
        "max": 92.1677398682,
        "mean": 10.0044841766,
        "median": 7.21095657349,
        "min": -1.29187989235,
        "stdev": 10.2938232422,
        "var": 105.962791443
    },
    "barkbands_skewness": {
        "dmean": 0.427475482225,
        "dmean2": 0.663093924522,
        "dvar": 0.294180482626,
        "dvar2": 0.649041712284,
        "max": 8.13317489624,
        "mean": 2.21830439568,
        "median": 2.24587368965,
        "min": -2.06654953957,
        "stdev": 1.39340627193,
        "var": 1.94158089161
    },
    "barkbands_spread": {
        "dmean": 2.51631474495,
        "dmean2": 3.98581647873,
        "dvar": 29.6839256287,
        "dvar2": 68.9122848511,
        "max": 78.1567230225,
        "mean": 8.53308582306,
        "median": 6.48522472382,
        "min": 0.553774178028,
        "stdev": 7.76321649551,
        "var": 60.2675285339
    },
    "dissonance": {
        "dmean": 0.0298731774092,
        "dmean2": 0.050215806812,
        "dvar": 0.000927257351577,
        "dvar2": 0.00255979271606,
        "max": 0.499729931355,
        "mean": 0.41206023097,
        "median": 0.422446966171,
        "min": 0.22304803133,
        "stdev": 0.0555875971913,
        "var": 0.00308998115361
    },
    "dynamic_complexity": 2.59966897964,
    "erbbands_crest": {
        "dmean": 2.31803488731,
        "dmean2": 3.81949734688,
        "dvar": 6.27316522598,
        "dvar2": 15.2766370773,
        "max": 31.0990638733,
        "mean": 11.5661144257,
        "median": 9.98542308807,
        "min": 2.2976770401,
        "stdev": 6.0069065094,
        "var": 36.0829238892
    },
    "erbbands_flatness_db": {
        "dmean": 0.0145734325051,
        "dmean2": 0.0223875045776,
        "dvar": 0.000288912357064,
        "dvar2": 0.000594897021074,
        "max": 0.425834953785,
        "mean": 0.243420943618,
        "median": 0.286642700434,
        "min": 0.0616630651057,
        "stdev": 0.0998240485787,
        "var": 0.00996484048665
    },
    "erbbands_kurtosis": {
        "dmean": 1.29986000061,
        "dmean2": 2.09616351128,
        "dvar": 5.57899713516,
        "dvar2": 12.5012540817,
        "max": 47.9685897827,
        "mean": 2.16723275185,
        "median": 1.00049734116,
        "min": -1.75755310059,
        "stdev": 4.27884244919,
        "var": 18.3084907532
    },
    "erbbands_skewness": {
        "dmean": 0.293330609798,
        "dmean2": 0.460013240576,
        "dvar": 0.110591098666,
        "dvar2": 0.246356263757,
        "max": 5.45215797424,
        "mean": 1.17579376698,
        "median": 1.11952543259,
        "min": -0.933433294296,
        "stdev": 0.802634954453,
        "var": 0.644222915173
    },
    "erbbands_spread": {
        "dmean": 5.24131155014,
        "dmean2": 7.95637750626,
        "dvar": 63.811756134,
        "dvar2": 135.256881714,
        "max": 114.537765503,
        "mean": 28.7292690277,
        "median": 22.8944587708,
        "min": 1.80897068977,
        "stdev": 20.3472423553,
        "var": 414.010253906
    },
    "hfc": {
        "dmean": 4.15265989304,
        "dmean2": 6.00410318375,
        "dvar": 102.068077087,
        "dvar2": 206.717681885,
        "max": 153.262893677,
        "mean": 13.9521884918,
        "median": 10.335773468,
        "min": 1.07191986388e-16,
        "stdev": 14.5428514481,
        "var": 211.494537354
    },
    "loudness_ebu128": {
        "integrated": -11.4805383682,
        "loudness_range": 6.4018907547,
        "momentary": {
            "dmean": 1.50093269348,
            "dmean2": 1.63555335999,
            "dvar": 112.748588562,
            "dvar2": 139.153686523,
            "max": -6.4040517807,
            "mean": -15.8413953781,
            "median": -12.4406309128,
            "min": -300.691009521,
            "stdev": 29.9928073883,
            "var": 899.568481445
        },
        "short_term": {
            "dmean": 0.0940328389406,
            "dmean2": 0.0678630843759,
            "dvar": 0.00574871525168,
            "dvar2": 0.00407265918329,
            "max": -8.20890617371,
            "mean": -12.0850830078,
            "median": -12.3580932617,
            "min": -18.4583644867,
            "stdev": 2.26566720009,
            "var": 5.13324737549
        }
    },
    "melbands_crest": {
        "dmean": 2.37852191925,
        "dmean2": 3.77321815491,
        "dvar": 6.53677225113,
        "dvar2": 15.1678934097,
        "max": 34.2557525635,
        "mean": 15.1517953873,
        "median": 14.384677887,
        "min": 1.6577142477,
        "stdev": 5.40175199509,
        "var": 29.1789226532
    },
    "melbands_flatness_db": {
        "dmean": 0.0224412064999,
        "dmean2": 0.0333120748401,
        "dvar": 0.000767341000028,
        "dvar2": 0.00148732680827,
        "max": 0.54986011982,
        "mean": 0.339560866356,
        "median": 0.353996098042,
        "min": 0.00302748871036,
        "stdev": 0.0972106084228,
        "var": 0.00944990199059
    },
    "melbands_kurtosis": {
        "dmean": 6.26080703735,
        "dmean2": 9.72037982941,
        "dvar": 173.904937744,
        "dvar2": 401.287719727,
        "max": 241.524673462,
        "mean": 18.4165802002,
        "median": 12.0377836227,
        "min": -1.38469600677,
        "stdev": 22.5889987946,
        "var": 510.262908936
    },
    "melbands_skewness": {
        "dmean": 0.509223461151,
        "dmean2": 0.787563383579,
        "dvar": 0.449214607477,
        "dvar2": 1.02925562859,
        "max": 12.6321620941,
        "mean": 2.81644535065,
        "median": 2.65088534355,
        "min": -0.981096088886,
        "stdev": 1.72926867008,
        "var": 2.99037003517
    },
    "melbands_spread": {
        "dmean": 2.3003745079,
        "dmean2": 3.6053776741,
        "dvar": 32.1927185059,
        "dvar2": 66.6983642578,
        "max": 184.868759155,
        "mean": 10.871919632,
        "median": 6.82883310318,
        "min": 0.886382639408,
        "stdev": 20.2246017456,
        "var": 409.034515381
    },
    "pitch_salience": {
        "dmean": 0.0555547475815,
        "dmean2": 0.0876679793,
        "dvar": 0.00360043020919,
        "dvar2": 0.00862558092922,
        "max": 0.821942269802,
        "mean": 0.519468843937,
        "median": 0.518744289875,
        "min": 0.146867990494,
        "stdev": 0.1169808954,
        "var": 0.0136845298111
    },
    "silence_rate_20dB": {
        "dmean": 0.00464396271855,
        "dmean2": 0.00929511990398,
        "dvar": 0.00462236953899,
        "dvar2": 0.0138562908396,
        "max": 1,
        "mean": 0.997679829597,
        "median": 1,
        "min": 0,
        "stdev": 0.0481123588979,
        "var": 0.00231479899958
    },
    "silence_rate_30dB": {
        "dmean": 0.0247678011656,
        "dmean2": 0.0495739728212,
        "dvar": 0.024154484272,
        "dvar2": 0.0564112588763,
        "max": 1,
        "mean": 0.935034811497,
        "median": 1,
        "min": 0,
        "stdev": 0.246463730931,
        "var": 0.0607443675399
    },
    "silence_rate_60dB": {
        "dmean": 0.0100619196892,
        "dmean2": 0.020139425993,
        "dvar": 0.00996056385338,
        "dvar2": 0.0243817921728,
        "max": 1,
        "mean": 0.0378963649273,
        "median": 0,
        "min": 0,
        "stdev": 0.190941095352,
        "var": 0.0364584997296
    },
    "spectral_centroid": {
        "dmean": 97.8658447266,
        "dmean2": 158.453491211,
        "dvar": 68312.125,
        "dvar2": 145184.25,
        "max": 11444.5263672,
        "mean": 824.823791504,
        "median": 518.335876465,
        "min": 258.301727295,
        "stdev": 1564.97314453,
        "var": 2449141
    },
    "spectral_complexity": {
        "dmean": 1.85990715027,
        "dmean2": 2.86677002907,
        "dvar": 9.87276172638,
        "dvar2": 16.9644298553,
        "max": 53,
        "mean": 11.9914922714,
        "median": 11,
        "min": 0,
        "stdev": 6.56438684464,
        "var": 43.0911750793
    },
    "spectral_decrease": {
        "dmean": 2.82939383034e-09,
        "dmean2": 4.38077618625e-09,
        "dvar": 5.18567830903e-17,
        "dvar2": 1.29111935131e-16,
        "max": 2.1640577005e-28,
        "mean": -1.00845936046e-08,
        "median": -7.18502279895e-09,
        "min": -1.1848677417e-07,
        "stdev": 1.13865121776e-08,
        "var": 1.29652659788e-16
    },
    "spectral_energy": {
        "dmean": 0.0109233092517,
        "dmean2": 0.0168846473098,
        "dvar": 0.000757550064009,
        "dvar2": 0.00188164541032,
        "max": 0.450375825167,
        "mean": 0.0393270254135,
        "median": 0.028202155605,
        "min": 9.84692199393e-21,
        "stdev": 0.0438167154789,
        "var": 0.00191990460735
    },
    "spectral_energyband_high": {
        "dmean": 0.000235245417571,
        "dmean2": 0.000333888252499,
        "dvar": 8.07054107099e-07,
        "dvar2": 1.74379135842e-06,
        "max": 0.011876642704,
        "mean": 0.000336952798534,
        "median": 1.39321236929e-05,
        "min": 7.39289845192e-21,
        "stdev": 0.00107542076148,
        "var": 1.15652983368e-06
    },
    "spectral_energyband_low": {
        "dmean": 0.00650673732162,
        "dmean2": 0.00955983344465,
        "dvar": 0.000527505239006,
        "dvar2": 0.0012651985744,
        "max": 0.435066580772,
        "mean": 0.0175854042172,
        "median": 0.00331788579933,
        "min": 1.1845778322e-23,
        "stdev": 0.0368989780545,
        "var": 0.00136153458152
    },
    "spectral_energyband_middle_high": {
        "dmean": 0.000753213127609,
        "dmean2": 0.00109821360093,
        "dvar": 2.21400136979e-06,
        "dvar2": 4.4769244596e-06,
        "max": 0.0196640081704,
        "mean": 0.00251474557444,
        "median": 0.00170777994208,
        "min": 1.24349288023e-21,
        "stdev": 0.00271817296743,
        "var": 7.38846438253e-06
    },
    "spectral_energyband_middle_low": {
        "dmean": 0.0060197445564,
        "dmean2": 0.0101085137576,
        "dvar": 0.00033411043114,
        "dvar2": 0.000935136224143,
        "max": 0.300594329834,
        "mean": 0.0203690379858,
        "median": 0.0181264355779,
        "min": 1.70519580049e-22,
        "stdev": 0.0178985204548,
        "var": 0.000320357066812
    },
    "spectral_entropy": {
        "dmean": 0.196289747953,
        "dmean2": 0.302144348621,
        "dvar": 0.0595991574228,
        "dvar2": 0.130623862147,
        "max": 9.81695270538,
        "mean": 6.38996648788,
        "median": 6.01272153854,
        "min": 4.69490671158,
        "stdev": 1.03926992416,
        "var": 1.08008205891
    },
    "spectral_flux": {
        "dmean": 0.0231984518468,
        "dmean2": 0.0366741009057,
        "dvar": 0.00132067664526,
        "dvar2": 0.00269383261912,
        "max": 0.540977418423,
        "mean": 0.0590258948505,
        "median": 0.0436400435865,
        "min": 6.42909545046e-11,
        "stdev": 0.0569373443723,
        "var": 0.00324186100625
    },
    "spectral_kurtosis": {
        "dmean": 10.623087883,
        "dmean2": 18.3618812561,
        "dvar": 188.122192383,
        "dvar2": 506.201019287,
        "max": 149.134109497,
        "mean": 26.073551178,
        "median": 17.1063556671,
        "min": -1.25531709194,
        "stdev": 25.453420639,
        "var": 647.876586914
    },
    "spectral_rms": {
        "dmean": 0.000702820485458,
        "dmean2": 0.00107243785169,
        "dvar": 1.31493266053e-06,
        "dvar2": 2.95244967674e-06,
        "max": 0.0209616571665,
        "mean": 0.00556336576119,
        "median": 0.00524540711194,
        "min": 3.09947618786e-12,
        "stdev": 0.00272339116782,
        "var": 7.41685926187e-06
    },
    "spectral_rolloff": {
        "dmean": 160.065261841,
        "dmean2": 280.281066895,
        "dvar": 410836.90625,
        "dvar2": 935423.375,
        "max": 19530.6152344,
        "mean": 995.376953125,
        "median": 430.6640625,
        "min": 64.599609375,
        "stdev": 2876.34838867,
        "var": 8273380.5
    },
    "spectral_skewness": {
        "dmean": 0.749581873417,
        "dmean2": 1.2827270031,
        "dvar": 0.766239583492,
        "dvar2": 2.03282880783,
        "max": 9.99672031403,
        "mean": 3.30380296707,
        "median": 2.84702706337,
        "min": -0.037644546479,
        "stdev": 1.83635890484,
        "var": 3.37221384048
    },
    "spectral_spread": {
        "dmean": 495094.875,
        "dmean2": 764050.6875,
        "dvar": 1.12360475853e+12,
        "dvar2": 2.04988193178e+12,
        "max": 42639668,
        "mean": 3863707.5,
        "median": 1938047.125,
        "min": 602604.4375,
        "stdev": 5963207,
        "var": 3.55598377943e+13
    },
    "spectral_strongpeak": {
        "dmean": 0.257328718901,
        "dmean2": 0.415003031492,
        "dvar": 0.128273740411,
        "dvar2": 0.272530823946,
        "max": 3.92930269241,
        "mean": 0.994914412498,
        "median": 0.789885818958,
        "min": 0,
        "stdev": 0.743309795856,
        "var": 0.552509486675
    },
    "zerocrossingrate": {
        "dmean": 0.00574486330152,
        "dmean2": 0.00699781533331,
        "dvar": 0.000136205286253,
        "dvar2": 0.000162947239005,
        "max": 0.5205078125,
        "mean": 0.0405518896878,
        "median": 0.02392578125,
        "min": 0.00390625,
        "stdev": 0.076802060008,
        "var": 0.00589855667204
    },
    "barkbands": {
        "dmean": [0.000190526712686, 0.00519002834335, 0.00168535893317, 0.00109459552914, 0.0031976881437, 0.00116382911801, 0.00226220861077, 0.000243723348831, 0.000259570952039, 0.000460480398033, 0.00014031813771, 0.00010736718832, 5.72908247705e-05, 8.69070718181e-05, 4.69669648737e-05, 8.75906116562e-05, 5.01009380969e-05, 3.11769654218e-05, 2.89066720143e-05, 4.23558922193e-05, 3.18098173011e-05, 3.80371420761e-05, 3.22996093018e-05, 6.09004346188e-05, 4.56002599094e-05, 2.09522786463e-05, 4.28216139881e-07],
        "dmean2": [0.000199759582756, 0.00764570245519, 0.00257966271602, 0.00184342660941, 0.00553410174325, 0.00167960720137, 0.00375077594072, 0.000369538465748, 0.000392961985199, 0.000684082915541, 0.000211711434531, 0.000160716183018, 8.97296922631e-05, 0.000137958399137, 7.64903888921e-05, 0.000134651651024, 7.41675758036e-05, 4.83141338918e-05, 4.19627649535e-05, 6.52782109682e-05, 4.87813995278e-05, 5.78372309974e-05, 5.02465882164e-05, 8.86488414835e-05, 6.91165405442e-05, 3.17729645758e-05, 6.73726276545e-07],
        "dvar": [1.27110206449e-06, 0.000462117081042, 1.78808513738e-05, 1.0805833881e-05, 0.000282426277408, 4.19737443735e-06, 1.17630715977e-05, 2.85633404928e-07, 8.3450765942e-07, 8.61102705585e-07, 2.21588337013e-07, 1.60335432042e-07, 2.52208511853e-08, 4.8105107453e-08, 1.37244411391e-08, 6.40385522388e-08, 2.15941842185e-08, 8.8432079437e-09, 1.01125561258e-08, 1.68406142365e-08, 1.29266553017e-08, 2.19186109263e-08, 1.67476326141e-08, 6.16755997385e-08, 3.7639647843e-08, 8.70775185291e-09, 5.67767751217e-12],
        "dvar2": [1.40128815929e-06, 0.00112187652849, 4.331845048e-05, 3.03027627524e-05, 0.000826582720038, 9.74520753516e-06, 2.93484899885e-05, 5.67644349303e-07, 1.86965280591e-06, 1.85504018191e-06, 4.11874424344e-07, 3.28674190087e-07, 6.20130720108e-08, 1.02902376398e-07, 3.40198198501e-08, 1.52416816945e-07, 4.53008830448e-08, 2.13047552933e-08, 1.82938446613e-08, 3.83106772972e-08, 2.82084080538e-08, 4.73554493396e-08, 3.66474139923e-08, 1.40963720696e-07, 8.74357439784e-08, 2.16572555445e-08, 1.15619683966e-11],
        "max": [0.0248385258019, 0.394692748785, 0.0527514368296, 0.0473150536418, 0.273445099592, 0.0269812326878, 0.0440215207636, 0.0102646751329, 0.0268385708332, 0.0133960172534, 0.00933209806681, 0.0109760398045, 0.00321945082396, 0.0053900689818, 0.00134600140154, 0.00526180258021, 0.00341897737235, 0.00160300242715, 0.00265774130821, 0.00172578496858, 0.00161487003788, 0.00205756514333, 0.00174909771886, 0.00437966128811, 0.00335742137395, 0.00153346534353, 6.13728479948e-05],
        "mean": [0.000304939399939, 0.0112791070715, 0.00457411352545, 0.00309231132269, 0.00596361188218, 0.00384490517899, 0.00586588354781, 0.000757980218623, 0.000757121597417, 0.00108733214438, 0.000277466635453, 0.000233759084949, 0.0001168909439, 0.000242441034061, 9.85523147392e-05, 0.000235867584706, 0.000113169800898, 5.60020343983e-05, 5.38351632713e-05, 7.32416592655e-05, 5.30762081326e-05, 5.44565991731e-05, 4.19519856223e-05, 7.30730680516e-05, 5.45974871784e-05, 2.10333182622e-05, 4.1109541371e-07],
        "median": [2.18671800667e-07, 0.00195172464009, 0.000853475008626, 0.00108629546594, 0.00398953165859, 0.00257761054672, 0.00267059588805, 0.00027313811006, 0.000273582641967, 0.000442308140919, 2.81786069536e-05, 4.72770407214e-05, 3.20543222188e-05, 8.37117768242e-05, 3.80424244213e-05, 0.000104788239696, 4.63887990918e-05, 5.53440622753e-06, 1.0796738934e-05, 1.50693813339e-05, 5.71514465264e-06, 1.04128048406e-06, 1.37997247407e-07, 5.55907107014e-08, 5.8769717981e-08, 6.47621831718e-08, 6.46248032865e-09],
        "min": [1.33218145812e-24, 3.28131308363e-24, 4.16784088537e-24, 1.90384627638e-25, 1.51872889868e-23, 1.04421746794e-23, 1.56503424496e-23, 8.96488669508e-24, 2.17607044047e-23, 2.73531712869e-23, 2.17555373658e-23, 2.44685830578e-23, 3.95396113022e-23, 4.83313430286e-23, 5.51707292115e-23, 6.34773714346e-23, 7.91921559316e-23, 1.42634621849e-22, 1.25540334199e-22, 2.19126753026e-22, 3.18752615214e-22, 3.53284326075e-22, 4.61941446558e-22, 6.01902536758e-22, 9.62998277112e-22, 1.30236336077e-21, 1.86990720596e-21],
        "stdev": [0.00189708697144, 0.0309329405427, 0.0074486634694, 0.00472521176562, 0.0131644736975, 0.00406739953905, 0.00734343566, 0.00138255418278, 0.0016778591089, 0.00154518557247, 0.000813631049823, 0.00065354234539, 0.000238052962231, 0.000504055817146, 0.000164934346685, 0.000406321400078, 0.000245804170845, 0.000124813610455, 0.000166585785337, 0.000167521575349, 0.000144153527799, 0.000180991890375, 0.000154592955369, 0.000269184965873, 0.000206144613912, 9.03657928575e-05, 2.74319813798e-06],
        "var": [3.59893897439e-06, 0.000956846866757, 5.54825892323e-05, 2.23276274482e-05, 0.000173303371412, 1.65437377291e-05, 5.39260472578e-05, 1.91145613826e-06, 2.81521101897e-06, 2.38759844251e-06, 6.61995443352e-07, 4.27117583968e-07, 5.66692150983e-08, 2.54072290318e-07, 2.72033364723e-08, 1.65097077343e-07, 6.04196941367e-08, 1.55784363187e-08, 2.77508256374e-08, 2.8063478652e-08, 2.07802397512e-08, 3.27580629289e-08, 2.38989805723e-08, 7.24605442315e-08, 4.24956034806e-08, 8.16597633957e-09, 7.52513589636e-12]
    },
    "erbbands": {
        "dmean": [0.16353610158, 1.13133049011, 2.06016898155, 2.54033303261, 7.41780567169, 12.6762361526, 7.90542078018, 11.011048317, 38.9638977051, 9.30665874481, 5.61558914185, 4.49767971039, 11.3623609543, 8.96125984192, 5.56741809845, 3.32949638367, 2.70330953598, 2.64837884903, 4.11870861053, 3.08891034126, 4.4184589386, 2.98716282845, 1.71017920971, 1.25572323799, 1.71701622009, 1.83189976215, 1.50470197201, 1.37425637245, 1.45279729366, 1.05386710167, 0.887042343616, 1.20360434055, 1.00349855423, 0.490219533443, 0.337425291538, 0.133439615369, 0.031113917008, 0.00278864614666, 7.09115120117e-05, 1.34210140459e-05],
        "dmean2": [0.202986761928, 1.78544139862, 3.21403765678, 4.20863342285, 12.9269523621, 21.8326129913, 12.681801796, 15.9204540253, 65.0274658203, 14.911646843, 8.25359344482, 6.79839754105, 16.8289337158, 13.37155056, 8.34109306335, 4.9947552681, 4.1732749939, 4.1453371048, 6.55540370941, 4.90701341629, 6.60955429077, 4.2780122757, 2.56137394905, 1.92764699459, 2.46580505371, 2.79994726181, 2.28490018845, 2.03534531593, 2.28973960876, 1.64361715317, 1.40354073048, 1.82503008842, 1.45626938343, 0.7316198349, 0.51839786768, 0.204774275422, 0.0485474616289, 0.00414249720052, 0.00010544370889, 2.05825617741e-05],
        "dvar": [0.701886892319, 20.4812355042, 32.9117393494, 47.1452980042, 1095.13757324, 4635.30859375, 329.207183838, 395.702056885, 3486.08251953, 544.032470703, 153.473846436, 144.139022827, 690.051269531, 364.632995605, 314.152679443, 125.321495056, 46.7304801941, 42.5606689453, 112.869194031, 82.4764328003, 114.023742676, 82.7754058838, 26.9016704559, 14.3015518188, 36.636756897, 33.7149543762, 33.1306304932, 20.8489933014, 32.6568069458, 18.6417503357, 14.3509378433, 26.2595691681, 16.8506298065, 4.12114810944, 2.33234453201, 0.330464482307, 0.0220950152725, 0.000164807410329, 1.01525145624e-07, 1.03987762845e-09],
        "dvar2": [1.06638562679, 60.2718925476, 84.6652069092, 127.003265381, 3191.09350586, 13554.9873047, 909.159851074, 818.359985352, 8969.43652344, 903.333251953, 310.041229248, 327.683898926, 1529.54724121, 779.143371582, 643.536193848, 254.767501831, 112.304321289, 101.573539734, 254.193084717, 214.109405518, 219.084594727, 157.527130127, 62.3989524841, 31.4014358521, 61.7307128906, 77.5914993286, 74.0438156128, 43.3907623291, 75.2036437988, 42.0288352966, 32.4147911072, 60.8782310486, 38.6393432617, 9.31754398346, 5.67807531357, 0.808740675449, 0.0558478832245, 0.000375918345526, 2.19870628371e-07, 2.415832423e-09],
        "max": [18.5112228394, 78.5251083374, 81.3161392212, 111.584762573, 636.541320801, 972.970825195, 278.592437744, 320.568878174, 780.724121094, 790.246337891, 256.564697266, 307.477966309, 607.51550293, 362.642578125, 305.308074951, 258.182495117, 117.494812012, 110.279518127, 218.777099609, 184.099838257, 270.577056885, 240.151229858, 97.0958709717, 70.6648788452, 173.757904053, 84.067489624, 83.7487869263, 67.4698562622, 70.1896972656, 83.1355133057, 57.3203544617, 96.3389587402, 54.0370864868, 27.2943630219, 28.7135658264, 10.144162178, 2.32245230675, 0.21983794868, 0.00665570283309, 0.000488779798616],
        "mean": [0.295399099588, 2.56374740601, 5.85088348389, 7.8240852356, 16.0785064697, 20.3654632568, 22.2822246552, 37.9234619141, 98.2790908813, 30.4456653595, 18.3961315155, 12.8106403351, 28.8233070374, 24.2643470764, 12.3583650589, 7.5823264122, 6.09466552734, 7.00120162964, 11.0561237335, 7.72307920456, 12.270108223, 7.31979513168, 3.38736629486, 2.55023980141, 3.37047219276, 3.15630888939, 2.41375184059, 2.28572201729, 2.02950882912, 1.400603652, 1.13035905361, 1.46552753448, 1.18591082096, 0.603496015072, 0.383888304234, 0.13778232038, 0.0306510329247, 0.0029183588922, 9.0821638878e-05, 4.76047207485e-05],
        "median": [0.0121615119278, 0.561729431152, 1.58413255215, 2.61175632477, 8.29923725128, 10.9882974625, 16.0227489471, 24.8820095062, 51.4277648926, 14.8277482986, 7.94953393936, 5.93363332748, 13.5273895264, 10.9653272629, 2.75601291656, 2.15400624275, 2.12995290756, 3.04014921188, 3.95233535767, 4.60691356659, 5.15251731873, 3.21384501457, 1.04761981964, 0.65872502327, 0.758701920509, 0.746705591679, 0.209340915084, 0.284516185522, 0.0465660654008, 0.0145090017468, 0.00262418692, 0.00111907965038, 0.000953639566433, 0.000709944055416, 0.000425038277172, 0.000265386508545, 0.000129818843561, 3.45373664459e-05, 1.49724810399e-05, 3.216053301e-05],
        "min": [6.25904267199e-23, 9.52840777879e-22, 4.33472731288e-21, 1.03751680957e-20, 7.74114310539e-21, 4.24603505274e-20, 2.45263381395e-20, 1.0243796951e-19, 1.34668493392e-19, 2.81533041133e-19, 3.36286452323e-19, 6.66675985758e-19, 7.09766408805e-19, 7.92361065053e-19, 9.830111002e-19, 1.03075089868e-18, 1.94076465399e-18, 2.4246880598e-18, 1.94688806527e-18, 3.66086978059e-18, 4.73341408311e-18, 4.66737529173e-18, 7.26954363734e-18, 8.40620064119e-18, 7.67920566289e-18, 1.10527401956e-17, 1.14887826653e-17, 1.26395778402e-17, 1.25778982906e-17, 1.22249560397e-17, 1.13151615906e-17, 1.35152320638e-17, 1.0649388731e-17, 9.01903228725e-18, 6.72127178373e-18, 4.28196702892e-18, 2.38895054861e-18, 9.03145674685e-19, 2.76168542216e-19, 2.80727490001e-20],
        "stdev": [1.34300947189, 5.70024824142, 9.38320541382, 12.2317409515, 28.8636512756, 53.5070533752, 22.5743103027, 43.3067626953, 117.973609924, 64.503692627, 27.8357772827, 21.2098617554, 47.2779312134, 37.1858558655, 28.8190288544, 17.6417808533, 11.1154508591, 11.114730835, 21.5064868927, 10.7610177994, 23.5642795563, 16.3653869629, 6.71565485001, 5.27358341217, 10.2221059799, 7.24146080017, 6.87392616272, 6.02543306351, 6.67472076416, 5.06089401245, 4.34472131729, 5.47142457962, 4.45385313034, 2.2395427227, 1.53094482422, 0.566888689995, 0.140829950571, 0.0138548193499, 0.000354945543222, 5.37332234671e-05],
        "var": [1.80367434025, 32.4928321838, 88.0445404053, 149.615478516, 833.110412598, 2863.00488281, 509.599487305, 1875.47558594, 13917.7724609, 4160.7265625, 774.830505371, 449.858215332, 2235.20288086, 1382.78796387, 830.536437988, 311.232452393, 123.553245544, 123.537231445, 462.528991699, 115.799499512, 555.275268555, 267.825866699, 45.1000213623, 27.8106842041, 104.491447449, 52.4387550354, 47.2508583069, 36.3058433533, 44.5518951416, 25.6126499176, 18.8766040802, 29.9364852905, 19.8368091583, 5.01555156708, 2.34379220009, 0.321362793446, 0.01983307302, 0.000191956016351, 1.25986346688e-07, 2.88725932052e-09]
    },
    "gfcc": {
        "mean": [-101.045539856, 154.274307251, -111.05695343, 6.53903388977, -50.9628601074, -22.563709259, -42.9567756653, -5.695104599, -19.7763366699, -1.28078508377, -17.6565589905, -6.00759601593, 1.39615142345],
        "cov": [[42320.2617188, 2107.69360352, -1412.54260254, 2552.35986328, -1711.34716797, 2170.27758789, -546.194213867, 1001.26519775, -768.332214355, 195.249206543, -481.159790039, 302.518127441, -68.7300720215], [2107.69360352, 2762.578125, -1035.97192383, -846.355957031, 242.937835693, -1195.29040527, -148.775039673, -441.641723633, 263.962524414, -115.299598694, 47.9171638489, -186.690322876, 185.380966187], [-1412.54260254, -1035.97192383, 1582.90795898, 688.276489258, 227.627197266, 1208.54821777, 319.084960938, 533.523620605, 6.54487514496, 112.361572266, 80.3436584473, 197.788726807, -77.7232208252], [2552.35986328, -846.355957031, 688.276489258, 1023.24304199, -5.03162956238, 983.496643066, 274.16973877, 413.636322021, -24.9835586548, 156.702011108, 3.81206226349, 139.452270508, -60.4374885559], [-1711.34716797, 242.937835693, 227.627197266, -5.03162956238, 375.358947754, 23.8341636658, 103.385276794, 37.729309082, 130.332748413, 31.4660644531, 68.3352432251, 16.4307231903, 11.1352815628], [2170.27758789, -1195.29040527, 1208.54821777, 983.496643066, 23.8341636658, 1556.51379395, 337.740844727, 627.032043457, -75.9056243896, 124.43106842, 61.980506897, 253.509643555, -70.7542724609], [-546.194213867, -148.775039673, 319.084960938, 274.16973877, 103.385276794, 337.740844727, 337.284545898, 165.714157104, 95.5181045532, 59.2686500549, 44.1552658081, 91.9356613159, 35.0222091675], [1001.26519775, -441.641723633, 533.523620605, 413.636322021, 37.729309082, 627.032043457, 165.714157104, 365.371856689, 3.51367115974, 38.9986877441, 37.7226486206, 141.242507935, -7.0023021698], [-768.332214355, 263.962524414, 6.54487514496, -24.9835586548, 130.332748413, -75.9056243896, 95.5181045532, 3.51367115974, 180.729858398, 56.7615203857, 50.4912033081, 20.3431282043, 51.2162590027], [195.249206543, -115.299598694, 112.361572266, 156.702011108, 31.4660644531, 124.43106842, 59.2686500549, 38.9986877441, 56.7615203857, 192.946212769, 32.463092804, -14.2805395126, -16.2747364044], [-481.159790039, 47.9171638489, 80.3436584473, 3.81206226349, 68.3352432251, 61.980506897, 44.1552658081, 37.7226486206, 50.4912033081, 32.463092804, 122.545135498, 18.9544620514, 10.6434030533], [302.518127441, -186.690322876, 197.788726807, 139.452270508, 16.4307231903, 253.509643555, 91.9356613159, 141.242507935, 20.3431282043, -14.2805395126, 18.9544620514, 158.307754517, 12.1535196304], [-68.7300720215, 185.380966187, -77.7232208252, -60.4374885559, 11.1352815628, -70.7542724609, 35.0222091675, -7.0023021698, 51.2162590027, -16.2747364044, 10.6434030533, 12.1535196304, 88.2815628052]],
        "icov": [[0.000350646849256, -0.00114893261343, 0.000837433384731, -0.00102366681676, 0.00121930381283, -0.000931993010454, 0.00110034877434, -0.00111838418525, 0.00117066653911, -0.0009258040227, 0.00089880998712, -0.000820993212983, 0.000450942199677], [-0.00114893261343, 0.00453961268067, -0.00238898815587, 0.00352302170359, -0.00448915548623, 0.00313246087171, -0.00350939505734, 0.00354208028875, -0.00455342838541, 0.00338627165183, -0.00306085147895, 0.00318173179403, -0.00217168754898], [0.000837433384731, -0.00238898815587, 0.00425048917532, -0.00181864446495, 0.00165336974896, -0.00369659694843, 0.00234516034834, -0.00368692842312, 0.00236531416886, -0.00217199092731, 0.00237891613506, -0.00138127757236, 0.00190235930495], [-0.00102366681676, 0.00352302170359, -0.00181864446495, 0.00628059264272, -0.0035718944855, 0.000920533493627, -0.00417726952583, 0.00210041180253, -0.00381466932595, 0.00149401719682, -0.0012954287231, 0.00309954490513, -0.000266303075477], [0.00121930381283, -0.00448915548623, 0.00165336974896, -0.0035718944855, 0.00908154156059, -0.00278374156915, 0.003306214232, -0.00369471218437, 0.00141235510819, -0.00261983089149, 0.00209041382186, -0.00256574898958, 0.00320392288268], [-0.000931993010454, 0.00313246087171, -0.00369659694843, 0.000920533493627, -0.00278374156915, 0.00712910853326, -0.00347754987888, 0.00014874865883, -0.000741559371818, 0.00187261553947, -0.00353499292396, 0.00083587365225, -0.00138493010309], [0.00110034877434, -0.00350939505734, 0.00234516034834, -0.00417726952583, 0.003306214232, -0.00347754987888, 0.00922255124897, -0.00317654688843, 0.00121282308828, -0.00280159339309, 0.00269824382849, -0.00346153136343, -0.000752736465074], [-0.00111838418525, 0.00354208028875, -0.00368692842312, 0.00210041180253, -0.00369471218437, 0.00014874865883, -0.00317654688843, 0.0148094994947, -0.00461387075484, 0.00383277586661, -0.00360650918446, -0.000536065432243, -0.00320471730083], [0.00117066653911, -0.00455342838541, 0.00236531416886, -0.00381466932595, 0.00141235510819, -0.000741559371818, 0.00121282308828, -0.00461387075484, 0.0182228516787, -0.00760813523084, 0.00116342608817, -0.00568508869037, -0.00300770415924], [-0.0009258040227, 0.00338627165183, -0.00217199092731, 0.00149401719682, -0.00261983089149, 0.00187261553947, -0.00280159339309, 0.00383277586661, -0.00760813523084, 0.0108065241948, -0.00379968760535, 0.00499422568828, 0.000702318036929], [0.00089880998712, -0.00306085147895, 0.00237891613506, -0.0012954287231, 0.00209041382186, -0.00353499292396, 0.00269824382849, -0.00360650918446, 0.00116342608817, -0.00379968760535, 0.0128847137094, -0.0021949429065, 0.00125475542154], [-0.000820993212983, 0.00318173179403, -0.00138127757236, 0.00309954490513, -0.00256574898958, 0.00083587365225, -0.00346153136343, -0.000536065432243, -0.00568508869037, 0.00499422568828, -0.0021949429065, 0.0136070372537, -0.00148006388918], [0.000450942199677, -0.00217168754898, 0.00190235930495, -0.000266303075477, 0.00320392288268, -0.00138493010309, -0.000752736465074, -0.00320471730083, -0.00300770415924, 0.000702318036929, 0.00125475542154, -0.00148006388918, 0.0181884858757]]
    },
    "melbands": {
        "dmean": [0.00143078225665, 0.00110222736839, 0.000515301595442, 0.000759786460549, 0.000313065916998, 0.000259028223809, 0.00053605355788, 7.60712500778e-05, 4.63761862193e-05, 2.99385428661e-05, 6.21902145213e-05, 4.41863267042e-05, 2.14730243897e-05, 1.36104708872e-05, 7.14389352652e-06, 5.16446925758e-06, 5.55070255359e-06, 8.18854823592e-06, 3.39971529684e-06, 5.85959696764e-06, 5.01581325807e-06, 3.41744862453e-06, 2.03557283385e-06, 1.48860283389e-06, 9.75503553491e-07, 1.35201446483e-06, 1.24532061818e-06, 1.30317039293e-06, 1.14365218451e-06, 8.28826784982e-07, 8.44141368361e-07, 9.13009046144e-07, 6.65068910166e-07, 5.96184065671e-07, 5.07392599047e-07, 6.93493859671e-07, 7.51383197439e-07, 7.70599172029e-07, 5.5532495935e-07, 3.9207046143e-07],
        "dmean2": [0.0020041114185, 0.00176984095015, 0.000853142119013, 0.00132892245892, 0.000512235390488, 0.000376591575332, 0.000893029558938, 0.000116224277008, 6.8023960921e-05, 4.58737049485e-05, 9.22655526665e-05, 6.55104086036e-05, 3.24433312926e-05, 2.02639403142e-05, 1.07221685539e-05, 8.27562598715e-06, 8.69840732776e-06, 1.3065751773e-05, 5.55414862902e-06, 9.16788849281e-06, 7.59206932344e-06, 5.04823083247e-06, 3.06833499053e-06, 2.32305910686e-06, 1.55069551511e-06, 1.98441102839e-06, 1.84454188457e-06, 2.05113360607e-06, 1.79877827122e-06, 1.26924305732e-06, 1.26124803046e-06, 1.46269599099e-06, 1.00404372461e-06, 9.60037027653e-07, 8.22315087134e-07, 1.0810921367e-06, 1.16640887882e-06, 1.14013641905e-06, 8.3711086063e-07, 6.0091093701e-07],
        "dvar": [4.16416914959e-05, 1.26666182041e-05, 2.11603833122e-06, 1.70331968548e-05, 9.96391577246e-07, 1.91223833212e-07, 6.56115787478e-07, 4.44245884523e-08, 1.21676029252e-08, 1.05361754876e-08, 1.96481302339e-08, 8.35328073379e-09, 5.26692911507e-09, 3.03199798601e-09, 2.69164135425e-10, 2.30073390894e-10, 1.72101152773e-10, 4.82001882851e-10, 7.14497003229e-11, 5.1858023431e-10, 1.56274146401e-10, 1.30247646002e-10, 3.65858142393e-11, 1.56467113571e-11, 9.63831185002e-12, 2.75708379738e-11, 1.46827272562e-11, 1.86377198397e-11, 1.85351317628e-11, 8.50810047415e-12, 7.9684227966e-12, 1.25083554625e-11, 8.33428898811e-12, 5.8613773557e-12, 4.99350907845e-12, 9.14243940969e-12, 1.31982471827e-11, 1.00424087449e-11, 4.98338740065e-12, 2.99108069042e-12],
        "dvar2": [8.46748007461e-05, 3.61635757145e-05, 5.73956049266e-06, 4.99145608046e-05, 2.81546431324e-06, 4.06690475074e-07, 1.68732742623e-06, 7.23609190345e-08, 2.51079494973e-08, 2.42258142436e-08, 4.34103029079e-08, 1.78609056434e-08, 1.00972004091e-08, 6.1663296691e-09, 6.0039329064e-10, 5.82426273876e-10, 3.94126287162e-10, 1.06654407528e-09, 1.90564938829e-10, 1.36131328432e-09, 2.89123142094e-10, 2.51869802792e-10, 8.51947470903e-11, 3.5884038796e-11, 2.21980038517e-11, 4.82220791076e-11, 2.8350283926e-11, 4.44340363115e-11, 4.28643440187e-11, 1.99952866764e-11, 1.69230133379e-11, 2.99356858746e-11, 1.85540714737e-11, 1.40418189229e-11, 1.16651219934e-11, 2.17335455188e-11, 3.30036206697e-11, 2.30448039124e-11, 1.13277529717e-11, 7.05201435441e-12],
        "max": [0.133393004537, 0.06436021626, 0.0220546294004, 0.0697120204568, 0.0165112856776, 0.00635915389284, 0.0100577613339, 0.00712330965325, 0.00257895840332, 0.00301779992878, 0.00306778564118, 0.00160448427778, 0.00140805752017, 0.00153963989578, 0.000259681575699, 0.000357774988515, 0.000221823473112, 0.000495330546983, 0.000121431541629, 0.000531626108568, 0.000332802475896, 0.000300965359202, 0.000101976678707, 5.51628509129e-05, 5.77757127758e-05, 0.000166988436831, 6.91500245011e-05, 5.99407721893e-05, 5.38159656571e-05, 4.39906070824e-05, 4.08795494877e-05, 3.87652544305e-05, 5.08070806973e-05, 4.34247813246e-05, 3.19732789649e-05, 4.99759589729e-05, 8.18034022814e-05, 4.49085127912e-05, 3.37926212524e-05, 2.30366058531e-05],
        "mean": [0.00285504083149, 0.00318238721229, 0.00161606015172, 0.00133604428265, 0.000808034557849, 0.000905042921659, 0.00136637105606, 0.000259268126683, 0.000142099088407, 8.30660937936e-05, 0.000155294590513, 0.000115083508717, 4.40752082795e-05, 2.87816656055e-05, 1.49840916492e-05, 1.0155425116e-05, 1.47098053276e-05, 2.16842145164e-05, 7.347443443e-06, 1.47190439748e-05, 1.28778201542e-05, 7.6969172369e-06, 3.95804727304e-06, 2.76861283055e-06, 1.82940948434e-06, 2.50459902418e-06, 2.35061497733e-06, 2.07646098715e-06, 1.64443838457e-06, 1.29335217025e-06, 1.34539175178e-06, 1.25206997836e-06, 8.40058078211e-07, 7.62289175782e-07, 5.97452867623e-07, 8.29569728467e-07, 9.0157681143e-07, 8.91174749995e-07, 6.84369013015e-07, 4.51288229897e-07],
        "median": [0.000313435506541, 0.000895509379916, 0.000738813949283, 0.000799936999101, 0.000564632355236, 0.000632955867331, 0.000707373314071, 0.000107128100353, 6.52158996672e-05, 2.99218136206e-05, 7.37275695428e-05, 4.76056375192e-05, 6.75609408063e-06, 3.94423295802e-06, 5.37848609383e-06, 2.86545332528e-06, 6.0611846493e-06, 6.33333684164e-06, 2.9881912269e-06, 6.66426831231e-06, 4.15968906964e-06, 3.02335661218e-06, 1.47760988511e-06, 2.38304039613e-07, 4.84864244754e-07, 4.52881039337e-07, 5.28107193531e-07, 4.01311609721e-07, 6.60298837829e-08, 1.69412103901e-07, 1.3079274197e-07, 2.307231739e-08, 6.47004227972e-09, 7.47685913183e-09, 1.24609855767e-09, 4.48462711411e-10, 7.05749236829e-10, 6.41438568927e-10, 6.5045857589e-10, 5.45266498619e-10],
        "min": [7.44411255617e-25, 2.35609362664e-24, 2.18662894926e-24, 1.85737714286e-24, 7.18191984318e-25, 2.87847751529e-24, 2.41641091753e-24, 2.97154200008e-24, 2.83813990176e-24, 4.08731554189e-24, 3.65547217756e-24, 2.7136651451e-24, 3.18389665044e-24, 3.22988408577e-24, 2.92645682441e-24, 4.52801110887e-24, 4.54271508171e-24, 2.40149099401e-24, 5.59222509635e-24, 3.774030083e-24, 5.39295685954e-24, 4.60990275944e-24, 4.28776391462e-24, 6.83692967008e-24, 5.44105962539e-24, 4.41286423798e-24, 5.42365104293e-24, 6.90749170033e-24, 4.99181398949e-24, 6.99395006669e-24, 6.10160599349e-24, 7.15834079072e-24, 5.85331399572e-24, 6.02947689105e-24, 5.25712487242e-24, 6.92155945686e-24, 8.10410612999e-24, 6.5841896801e-24, 6.60087684926e-24, 7.22878212526e-24],
        "stdev": [0.00976410601288, 0.00525953248143, 0.00214830227196, 0.00321463216096, 0.00099571980536, 0.000921805505641, 0.00163266784512, 0.000589659204707, 0.000215149193536, 0.000183039548574, 0.000249964738032, 0.000173469336005, 0.000123057587189, 9.18405203265e-05, 2.52882273344e-05, 2.13790317503e-05, 2.46930812864e-05, 4.7642563004e-05, 1.16264418466e-05, 2.72565594059e-05, 2.87460170512e-05, 2.0126304662e-05, 7.8499006122e-06, 5.87989188716e-06, 3.99575264964e-06, 9.50389949139e-06, 6.09938979323e-06, 5.09278333993e-06, 4.89168633067e-06, 3.55017277798e-06, 3.63847243534e-06, 4.04400998377e-06, 3.29428007717e-06, 2.72188663075e-06, 2.46342915489e-06, 3.21546281157e-06, 3.56119971912e-06, 3.40955011779e-06, 2.47340267379e-06, 1.80414167517e-06],
        "var": [9.53377602855e-05, 2.76626797131e-05, 4.61520312456e-06, 1.0333859791e-05, 9.91458023236e-07, 8.49725438457e-07, 2.66560414275e-06, 3.47697977077e-07, 4.62891769359e-08, 3.35034755494e-08, 6.24823641715e-08, 3.00916092044e-08, 1.51431702733e-08, 8.43468050959e-09, 6.39494401877e-10, 4.57062970805e-10, 6.09748307401e-10, 2.2698138924e-09, 1.35174149651e-10, 7.42920003294e-10, 8.26333501625e-10, 4.05068145692e-10, 6.16209444582e-11, 3.45731290818e-11, 1.59660375199e-11, 9.03241023642e-11, 3.72025535378e-11, 2.59364439648e-11, 2.39285934817e-11, 1.26037270898e-11, 1.3238482359e-11, 1.63540153642e-11, 1.08522808795e-11, 7.40866742954e-12, 6.06848338941e-12, 1.0339201717e-11, 1.26821435298e-11, 1.16250316665e-11, 6.11772134687e-12, 3.25492736063e-12]
    },
    "melbands128": {
