{
"lowlevel": {
    "average_loudness": 0.974359750748,
    "barkbands_crest": {
        "dmean": 3.28104829788,
        "dmean2": 4.9372344017,
        "dvar": 10.4245786667,
        "dvar2": 23.1910209656,
        "max": 26.0436267853,
        "mean": 12.4642505646,
        "median": 11.4875001907,
        "min": 2.37916851044,
        "stdev": 5.74095726013,
        "var": 32.9585914612
    },
    "barkbands_flatness_db": {
        "dmean": 0.0387781411409,
        "dmean2": 0.052934281528,
        "dvar": 0.00158344209194,
        "dvar2": 0.00315004168078,
        "max": 0.455718964338,
        "mean": 0.16874346137,
        "median": 0.15958788991,
        "min": 0.0225150939077,
        "stdev": 0.0736331418157,
        "var": 0.00542184012011
    },
    "barkbands_kurtosis": {
        "dmean": 9.74353408813,
        "dmean2": 14.2255764008,
        "dvar": 674.320983887,
        "dvar2": 1577.12609863,
        "max": 398.868164062,
        "mean": 11.8174123764,
        "median": 3.50671100616,
        "min": -1.88943612576,
        "stdev": 30.2037696838,
        "var": 912.267700195
    },
    "barkbands_skewness": {
        "dmean": 0.979082345963,
        "dmean2": 1.40260386467,
        "dvar": 1.57815980911,
        "dvar2": 3.27542233467,
        "max": 15.8743619919,
        "mean": 2.18400406837,
        "median": 1.63259887695,
        "min": -1.80019330978,
        "stdev": 2.07620739937,
        "var": 4.31063699722
    },
    "barkbands_spread": {
        "dmean": 8.92073345184,
        "dmean2": 13.5967330933,
        "dvar": 188.463653564,
        "dvar2": 453.411224365,
        "max": 123.885169983,
        "mean": 19.6598377228,
        "median": 15.4102277756,
        "min": 0.398286998272,
        "stdev": 16.5544128418,
        "var": 274.048553467
    },
    "dissonance": {
        "dmean": 0.0334776192904,
        "dmean2": 0.054045252502,
        "dvar": 0.00106148410123,
        "dvar2": 0.00256960443221,
        "max": 0.498840719461,
        "mean": 0.434342086315,
        "median": 0.444473624229,
        "min": 0.0357547774911,
        "stdev": 0.0469320602715,
        "var": 0.00220261816867
    },
    "dynamic_complexity": 1.98416340351,
    "erbbands_crest": {
        "dmean": 2.99643683434,
        "dmean2": 4.73063087463,
        "dvar": 7.85972642899,
        "dvar2": 19.0045185089,
        "max": 27.7823944092,
        "mean": 9.82933330536,
        "median": 9.15106010437,
        "min": 2.50722026825,
        "stdev": 4.31506538391,
        "var": 18.6197872162
    },
    "erbbands_flatness_db": {
        "dmean": 0.0237466581166,
        "dmean2": 0.0325095020235,
        "dvar": 0.000630901253317,
        "dvar2": 0.00130121654365,
        "max": 0.311775147915,
        "mean": 0.156683579087,
        "median": 0.154040038586,
        "min": 0.0627475604415,
        "stdev": 0.047740790993,
        "var": 0.00227918312885
    },
    "erbbands_kurtosis": {
        "dmean": 1.62255990505,
        "dmean2": 2.45026826859,
        "dvar": 3.47724318504,
        "dvar2": 7.27893066406,
        "max": 18.5881633759,
        "mean": 2.01945018768,
        "median": 1.09302663803,
        "min": -1.89281058311,
        "stdev": 3.17769360542,
        "var": 10.0977373123
    },
    "erbbands_skewness": {
        "dmean": 0.506097078323,
        "dmean2": 0.758368074894,
        "dvar": 0.24121068418,
        "dvar2": 0.525488197803,
        "max": 3.4142036438,
        "mean": 0.777879595757,
        "median": 0.792862296104,
        "min": -2.55026054382,
        "stdev": 0.860415875912,
        "var": 0.740315496922
    },
    "erbbands_spread": {
        "dmean": 13.5455036163,
        "dmean2": 19.935918808,
        "dvar": 353.792663574,
        "dvar2": 721.321655273,
        "max": 159.072357178,
        "mean": 37.7783927917,
        "median": 30.5439033508,
        "min": 4.52843952179,
        "stdev": 26.4028816223,
        "var": 697.112121582
    },
    "hfc": {
        "dmean": 21.8045558929,
        "dmean2": 35.8250999451,
        "dvar": 2666.53222656,
        "dvar2": 7387.796875,
        "max": 376.731719971,
        "mean": 28.0480747223,
        "median": 16.9672756195,
        "min": 1.17869849157e-16,
        "stdev": 44.2083702087,
        "var": 1954.38012695
    },
    "loudness_ebu128": {
        "integrated": -7.10531330109,
        "loudness_range": 0.970785140991,
        "momentary": {
            "dmean": 0.730300664902,
            "dmean2": 1.10292828083,
            "dvar": 0.382126569748,
            "dvar2": 0.602961242199,
            "max": -5.22480535507,
            "mean": -7.27280855179,
            "median": -6.97541904449,
            "min": -11.1780757904,
            "stdev": 1.25206148624,
            "var": 1.56765782833
        },
        "short_term": {
            "dmean": 0.0819622576237,
            "dmean2": 0.100453160703,
            "dvar": 0.00454734638333,
            "dvar2": 0.00661311484873,
            "max": -6.53444385529,
            "mean": -7.11312389374,
            "median": -7.00338172913,
            "min": -8.45526123047,
            "stdev": 0.402094602585,
            "var": 0.161680057645
        }
    },
    "melbands_crest": {
        "dmean": 4.40272712708,
        "dmean2": 6.65026664734,
        "dvar": 19.4532089233,
        "dvar2": 40.6914634705,
        "max": 36.4413528442,
        "mean": 18.8441371918,
        "median": 17.9326210022,
        "min": 2.5297961235,
        "stdev": 8.45567417145,
        "var": 71.4984207153
    },
    "melbands_flatness_db": {
        "dmean": 0.0481649823487,
        "dmean2": 0.0657821297646,
        "dvar": 0.00280472449958,
        "dvar2": 0.00618631020188,
        "max": 0.594614565372,
        "mean": 0.246034383774,
        "median": 0.235833078623,
        "min": 0.00664615212008,
        "stdev": 0.0944108217955,
        "var": 0.00891340337694
    },
    "melbands_kurtosis": {
        "dmean": 17.5330638885,
        "dmean2": 27.3864097595,
        "dvar": 1245.21655273,
        "dvar2": 2818.6315918,
        "max": 432.05267334,
        "mean": 25.7154121399,
        "median": 8.30798721313,
        "min": -1.36062765121,
        "stdev": 48.1556091309,
        "var": 2318.96264648
    },
    "melbands_skewness": {
        "dmean": 1.23920202255,
        "dmean2": 1.86204433441,
        "dvar": 2.66891264915,
        "dvar2": 5.71854496002,
        "max": 16.0066013336,
        "mean": 3.14340472221,
        "median": 2.33574438095,
        "min": -0.789568960667,
        "stdev": 2.63301992416,
        "var": 6.93279409409
    },
    "melbands_spread": {
        "dmean": 10.0416793823,
        "dmean2": 16.6745872498,
        "dvar": 347.924621582,
        "dvar2": 955.750976562,
        "max": 131.48008728,
        "mean": 19.2620620728,
        "median": 15.4091024399,
        "min": 0.383553922176,
        "stdev": 18.0711174011,
        "var": 326.565307617
    },
    "pitch_salience": {
        "dmean": 0.0973960831761,
        "dmean2": 0.143519923091,
        "dvar": 0.00898581836373,
        "dvar2": 0.0194507073611,
        "max": 0.957388818264,
        "mean": 0.478615045547,
        "median": 0.487385392189,
        "min": 0.0804306715727,
        "stdev": 0.177254140377,
        "var": 0.031419031322
    },
    "silence_rate_20dB": {
        "dmean": 0,
        "dmean2": 0,
        "dvar": 0,
        "dvar2": 0,
        "max": 1,
        "mean": 1,
        "median": 1,
        "min": 1,
        "stdev": 0,
        "var": 0
    },
    "silence_rate_30dB": {
        "dmean": 0.0944272428751,
        "dmean2": 0.18900077045,
        "dvar": 0.0855113044381,
        "dvar2": 0.210599258542,
        "max": 1,
        "mean": 0.867749392986,
        "median": 1,
        "min": 0,
        "stdev": 0.338760524988,
        "var": 0.114758700132
    },
    "silence_rate_60dB": {
        "dmean": 0.0208978336304,
        "dmean2": 0.0418280400336,
        "dvar": 0.0204611737281,
        "dvar2": 0.0462755486369,
        "max": 1,
        "mean": 0.0270688328892,
        "median": 0,
        "min": 0,
        "stdev": 0.162283346057,
        "var": 0.026335882023
    },
    "spectral_centroid": {
        "dmean": 342.003326416,
        "dmean2": 531.556274414,
        "dvar": 340379,
        "dvar2": 783561.6875,
        "max": 11023.203125,
        "mean": 1068.02746582,
        "median": 912.575622559,
        "min": 168.366577148,
        "stdev": 664.165527344,
        "var": 441115.8125
    },
    "spectral_complexity": {
        "dmean": 5.35294103622,
        "dmean2": 8.20526695251,
        "dvar": 59.898601532,
        "dvar2": 125.797721863,
        "max": 57,
        "mean": 15.5050268173,
        "median": 13,
        "min": 0,
        "stdev": 9.60799026489,
        "var": 92.3134689331
    },
    "spectral_decrease": {
        "dmean": 4.75354644536e-09,
        "dmean2": 7.06783742643e-09,
        "dvar": 4.33962110402e-17,
        "dvar2": 9.44821379002e-17,
        "max": 2.65959971593e-29,
        "mean": -1.19544942834e-08,
        "median": -8.3506419557e-09,
        "min": -4.97902519214e-08,
        "stdev": 1.07002700034e-08,
        "var": 1.14495772821e-16
    },
    "spectral_energy": {
        "dmean": 0.0189665704966,
        "dmean2": 0.0282581523061,
        "dvar": 0.000654112373013,
        "dvar2": 0.00145506428089,
        "max": 0.189204886556,
        "mean": 0.0476630330086,
        "median": 0.0334858335555,
        "min": 1.05907665831e-20,
        "stdev": 0.0413284301758,
        "var": 0.001708039199
    },
    "spectral_energyband_high": {
        "dmean": 0.00185349339154,
        "dmean2": 0.00316876987927,
        "dvar": 2.63409019681e-05,
        "dvar2": 7.29680541554e-05,
        "max": 0.0367903448641,
        "mean": 0.00161222426686,
        "median": 0.000414020003518,
        "min": 7.7490150537e-21,
        "stdev": 0.00424352474511,
        "var": 1.800750033e-05
    },
    "spectral_energyband_low": {
        "dmean": 0.0145937167108,
        "dmean2": 0.0222165454179,
        "dvar": 0.000658693898004,
        "dvar2": 0.00141132972203,
        "max": 0.184306159616,
        "mean": 0.0302600376308,
        "median": 0.0133562376723,
        "min": 9.93281965688e-23,
        "stdev": 0.0405440889299,
        "var": 0.00164382322691
    },
    "spectral_energyband_middle_high": {
        "dmean": 0.00291274324991,
        "dmean2": 0.00448483647779,
        "dvar": 2.35973620875e-05,
        "dvar2": 5.71143718844e-05,
        "max": 0.0389215238392,
        "mean": 0.00465895980597,
        "median": 0.00269902357832,
        "min": 1.64883864341e-21,
        "stdev": 0.0055074095726,
        "var": 3.03315609926e-05
    },
    "spectral_energyband_middle_low": {
        "dmean": 0.00567115657032,
        "dmean2": 0.00866107642651,
        "dvar": 5.52134151803e-05,
        "dvar2": 0.000123651931062,
        "max": 0.0542725585401,
        "mean": 0.0119973784313,
        "median": 0.00988349784166,
        "min": 2.65522427031e-22,
        "stdev": 0.00927570555359,
        "var": 8.60387081048e-05
    },
    "spectral_entropy": {
        "dmean": 0.284782707691,
        "dmean2": 0.394975811243,
        "dvar": 0.0972456037998,
        "dvar2": 0.201155349612,
        "max": 9.78866291046,
        "mean": 7.41853046417,
        "median": 7.36963176727,
        "min": 5.72494697571,
        "stdev": 0.507630348206,
        "var": 0.257688552141
    },
    "spectral_flux": {
        "dmean": 0.0480546839535,
        "dmean2": 0.0745115280151,
        "dvar": 0.0025638777297,
        "dvar2": 0.00584916491061,
        "max": 0.379322320223,
        "mean": 0.107201382518,
        "median": 0.0842587277293,
        "min": 1.02911450195e-10,
        "stdev": 0.0752241909504,
        "var": 0.00565867871046
    },
    "spectral_kurtosis": {
        "dmean": 2.41750049591,
        "dmean2": 3.63223195076,
        "dvar": 18.1629657745,
        "dvar2": 39.9921112061,
        "max": 99.0536270142,
        "mean": 5.13655757904,
        "median": 3.64833974838,
        "min": -1.54674267769,
        "stdev": 6.17660140991,
        "var": 38.1504058838
    },
    "spectral_rms": {
        "dmean": 0.00129074067809,
        "dmean2": 0.00181927043013,
        "dvar": 2.22077937906e-06,
        "dvar2": 4.32921297033e-06,
        "max": 0.0135863954201,
        "mean": 0.00621212925762,
        "median": 0.0057156891562,
        "min": 3.21441376121e-12,
        "stdev": 0.00281247007661,
        "var": 7.90998728917e-06
    },
    "spectral_rolloff": {
        "dmean": 891.529785156,
        "dmean2": 1605.80151367,
        "dvar": 4384176.5,
        "dvar2": 11457773,
        "max": 18497.0214844,
        "mean": 1281.26806641,
        "median": 732.12890625,
        "min": 64.599609375,
        "stdev": 1934.1015625,
        "var": 3740748.75
    },
    "spectral_skewness": {
        "dmean": 0.350843250751,
        "dmean2": 0.494250863791,
        "dvar": 0.16989672184,
        "dvar2": 0.343661487103,
        "max": 7.71478509903,
        "mean": 1.85966575146,
        "median": 1.7724802494,
        "min": 0.0152032505721,
        "stdev": 0.680498063564,
        "var": 0.463077634573
    },
    "spectral_spread": {
        "dmean": 1122461.5,
        "dmean2": 1490676.375,
        "dvar": 2.29862434406e+12,
        "dvar2": 3.00898425242e+12,
        "max": 42107964,
        "mean": 5961685.5,
        "median": 5530887,
        "min": 1096084.375,
        "stdev": 2537588,
        "var": 6.43935240192e+12
    },
    "spectral_strongpeak": {
        "dmean": 0.464655697346,
        "dmean2": 0.777295410633,
        "dvar": 0.522719621658,
        "dvar2": 1.2487705946,
        "max": 6.14822483063,
        "mean": 0.859173893929,
        "median": 0.486787438393,
        "min": 0,
        "stdev": 0.966444313526,
        "var": 0.934014558792
    },
    "zerocrossingrate": {
        "dmean": 0.015903532505,
        "dmean2": 0.0187691375613,
        "dvar": 0.000508111668751,
        "dvar2": 0.000608136411756,
        "max": 0.49755859375,
        "mean": 0.0523197315633,
        "median": 0.044921875,
        "min": 0.001953125,
        "stdev": 0.038939230144,
        "var": 0.00151626358274
    },
    "barkbands": {
        "dmean": [0.0012925901683, 0.0117798028514, 0.00486104795709, 0.00183013698552, 0.00172760279384, 0.0011925996514, 0.000953690265305, 0.00139042572118, 0.00122628523968, 0.000409277825383, 0.000465210847324, 0.000616032164544, 0.000307828740915, 0.000386890693335, 0.000358505552867, 0.000242139969487, 0.00024962273892, 0.000344669650076, 0.000282063847408, 0.000144927282236, 0.000182036586921, 0.000233077691519, 0.000265886017587, 0.000494924781378, 0.00051274721045, 0.000164109733305, 6.38392930341e-06],
        "dmean2": [0.00192900479306, 0.0171819105744, 0.00765323732048, 0.00322547461838, 0.00272236787714, 0.00185233762022, 0.00148693134543, 0.00211480492726, 0.00172842910979, 0.000601261621341, 0.000711883185431, 0.00086810789071, 0.000518227810971, 0.000627373694442, 0.000591727031861, 0.00039637988084, 0.000424710800871, 0.000563462846912, 0.000484061049065, 0.000240804060013, 0.000315989658702, 0.000392420683056, 0.000447211030405, 0.000873500946909, 0.000889689137693, 0.000279286556179, 1.12933057608e-05],
        "dvar": [6.19111597189e-06, 0.000522735004779, 0.000176542700501, 1.84813234227e-05, 7.57141970098e-06, 6.39802556179e-06, 4.10200891565e-06, 7.82433198765e-06, 4.3076406655e-06, 1.34457582135e-06, 1.73793591784e-06, 1.70583030012e-06, 4.81433175992e-07, 6.27188114777e-07, 4.88090051931e-07, 2.74259775779e-07, 3.05471161255e-07, 5.48205889572e-07, 4.24625056894e-07, 1.18218849821e-07, 2.12095969232e-07, 3.00871334957e-07, 3.59217779078e-07, 2.28669182434e-06, 2.55124746218e-06, 2.47221549898e-07, 4.79715378532e-10],
        "dvar2": [1.19919832287e-05, 0.00113464298192, 0.000435784691945, 5.02414077346e-05, 1.8068094505e-05, 1.48429080582e-05, 9.70346536633e-06, 1.85033932212e-05, 8.72252439876e-06, 2.92022718895e-06, 3.4200340906e-06, 3.52711981577e-06, 1.23357358461e-06, 1.57937984113e-06, 1.23993049783e-06, 7.06674484263e-07, 8.03447449016e-07, 1.37990355142e-06, 1.1731253835e-06, 2.93014693398e-07, 5.74134617182e-07, 8.07429159977e-07, 9.69976667875e-07, 6.45149930278e-06, 7.1157792263e-06, 6.41622136754e-07, 1.33345079423e-09],
        "max": [0.0211821403354, 0.180698379874, 0.0936504006386, 0.026700751856, 0.0236813593656, 0.0407004579902, 0.0288569424301, 0.0310649964958, 0.0255960561335, 0.0341676771641, 0.0213224776089, 0.0192096251994, 0.00701716775075, 0.0117504503578, 0.00852143764496, 0.00598513754085, 0.00584823871031, 0.00642846571282, 0.00526087777689, 0.00400179158896, 0.00370490062051, 0.00383407040499, 0.00482436036691, 0.0111306412145, 0.0114429946989, 0.00668957084417, 0.000306184811052],
        "mean": [0.00225680158474, 0.0225699618459, 0.00460710469633, 0.00159364182036, 0.00263888388872, 0.00175484374631, 0.00152913248166, 0.00214290106669, 0.00224788323976, 0.00065769412322, 0.000638731988147, 0.000979951000772, 0.000332125579007, 0.000457683316199, 0.000424891593866, 0.000268011441221, 0.000270821561571, 0.000361553422408, 0.000239505519858, 0.000152083972353, 0.000150096966536, 0.000193885221961, 0.000254230282735, 0.000400711549446, 0.000398461532313, 0.000136837581522, 4.65153925688e-06],
        "median": [0.000959826516919, 0.00751719623804, 0.000323072017636, 0.000348599802237, 0.00134538824204, 0.000686725077685, 0.000606800138485, 0.000670186826028, 0.000906919245608, 0.000170967861777, 0.000219602545258, 0.000283567555016, 0.000107212748844, 0.000117966694233, 9.36562719289e-05, 5.24611677974e-05, 3.71681599063e-05, 6.18281628704e-05, 4.61670169898e-05, 2.70113378065e-05, 2.16578846448e-05, 4.10204083892e-05, 7.318869757e-05, 9.2875721748e-05, 5.00211426697e-05, 1.71853298525e-05, 2.9860470363e-07],
        "min": [4.27809113885e-23, 5.46713045279e-23, 1.10955455687e-23, 1.63484117755e-23, 4.70444016587e-23, 1.91930520883e-23, 4.70993126886e-23, 5.31141562098e-23, 3.77217823203e-23, 9.0018861648e-23, 5.18093676508e-23, 1.46576932135e-22, 1.9928099427e-22, 1.87980782683e-22, 2.24626590283e-22, 1.17935677207e-22, 1.68012756797e-22, 1.47132807705e-22, 2.30692640344e-22, 2.24630957417e-22, 2.35672914876e-22, 6.08898130022e-22, 6.84651950501e-22, 7.67442814152e-22, 1.12912556799e-21, 1.54358001144e-21, 2.85051831108e-21],
        "stdev": [0.0033177700825, 0.0344532132149, 0.0128184268251, 0.00364394579083, 0.00337494630367, 0.00313990889117, 0.00251876492985, 0.00345975230448, 0.00332334567793, 0.00170003517997, 0.00156832975335, 0.00186585902702, 0.000672212569043, 0.000858206592966, 0.000827402342111, 0.000544953451026, 0.000643760780804, 0.000780457688961, 0.000554688216653, 0.000345322478097, 0.000397667783545, 0.00046940689208, 0.000524689792655, 0.00119718734641, 0.00130706175696, 0.000460139097413, 1.79171365744e-05],
        "var": [1.10075980047e-05, 0.00118702382315, 0.000164312077686, 1.32783407025e-05, 1.13902624435e-05, 9.8590280686e-06, 6.34417665424e-06, 1.19698861454e-05, 1.10446262624e-05, 2.89011973109e-06, 2.45965838985e-06, 3.48142998519e-06, 4.51869766493e-07, 7.3651852972e-07, 6.84594681388e-07, 2.96974235425e-07, 4.14427915985e-07, 6.09114238159e-07, 3.07679044909e-07, 1.19247616226e-07, 1.58139656037e-07, 2.20342826651e-07, 2.75299356645e-07, 1.43325758017e-06, 1.70841042291e-06, 2.11727979149e-07, 3.21023763128e-10]
    },
    "erbbands": {
        "dmean": [0.487935125828, 2.41969847679, 4.72180080414, 6.11790800095, 6.03248882294, 5.67217683792, 7.96483469009, 10.6318321228, 9.84543037415, 22.8308544159, 30.0101623535, 23.6901378632, 17.5545349121, 16.195066452, 17.9261817932, 18.8338069916, 14.0025320053, 19.1078071594, 19.7244091034, 13.2461166382, 15.3008775711, 15.8777227402, 17.7111968994, 13.7155952454, 14.2785348892, 6.7144613266, 7.49218845367, 7.56361865997, 7.90716362, 6.77282619476, 8.92559719086, 8.67424869537, 7.8093752861, 5.66177988052, 3.71908926964, 1.1093275547, 0.273116886616, 0.0258173123002, 0.000761257717386, 4.97290202475e-05],
        "dmean2": [0.66483438015, 3.7981133461, 7.09748744965, 10.4083652496, 10.2658500671, 8.82257652283, 12.4498701096, 16.6888084412, 15.716255188, 35.1719474792, 44.7838287354, 34.4250831604, 23.4634552002, 23.9181118011, 26.4935092926, 26.8820285797, 22.7453022003, 31.1971092224, 32.3775444031, 21.0828952789, 25.4171237946, 26.6424198151, 29.5180053711, 22.1483516693, 25.0899448395, 11.2380151749, 12.9997930527, 12.9428672791, 13.1632032394, 11.3101978302, 15.2298259735, 15.1554584503, 13.6158685684, 9.79411125183, 6.41635084152, 1.88687300682, 0.465960264206, 0.0451111868024, 0.00131892622449, 8.20947243483e-05],
        "dvar": [0.904496610165, 26.4118099213, 157.574661255, 213.534835815, 158.074417114, 90.8720092773, 187.02381897, 776.036621094, 633.67980957, 2716.26855469, 3799.17578125, 1950.35449219, 1184.80615234, 2149.82592773, 1534.52539062, 1441.69616699, 801.265197754, 1888.04296875, 1423.53503418, 622.783996582, 1110.74658203, 1269.55249023, 1511.36218262, 932.019042969, 1345.20703125, 259.387542725, 365.339569092, 341.010101318, 355.952819824, 210.999954224, 475.174865723, 582.37310791, 574.553283691, 290.635009766, 140.489517212, 11.6839056015, 0.704684257507, 0.00590707547963, 5.19804643773e-06, 1.16989840038e-08],
        "dvar2": [1.37015259266, 67.8816986084, 351.027954102, 569.616088867, 422.636291504, 218.456954956, 417.445922852, 1885.73620605, 1554.96655273, 6801.03710938, 8857.2109375, 4071.11499023, 2097.21191406, 3856.14257812, 3673.85668945, 3193.99682617, 2010.41455078, 4762.84912109, 3825.09228516, 1483.00512695, 2896.72973633, 3280.84082031, 3915.25756836, 2395.34301758, 3813.45849609, 640.467834473, 975.252441406, 927.707214355, 945.930847168, 568.438598633, 1306.35827637, 1631.97888184, 1612.0090332, 810.967773438, 390.987548828, 31.1616821289, 1.83737838268, 0.0157832670957, 1.40774518513e-05, 3.1736213657e-08],
        "max": [8.31726741791, 37.4648742676, 93.7340164185, 98.8954620361, 86.3461608887, 105.06325531, 156.550521851, 517.937072754, 447.651031494, 1039.41772461, 858.599975586, 645.605224609, 774.965087891, 928.220458984, 494.448638916, 516.244750977, 275.816253662, 514.74822998, 259.302185059, 248.993942261, 399.287597656, 418.765228271, 309.515136719, 263.268676758, 305.014404297, 203.617538452, 161.695755005, 115.643028259, 142.207015991, 119.581474304, 158.502471924, 176.038513184, 223.986434937, 124.669700623, 94.3769073486, 41.2375488281, 12.0375881195, 0.736595273018, 0.0294678825885, 0.000854407378938],
        "mean": [1.01113116741, 3.59845638275, 5.51794099808, 5.56986665726, 6.20825386047, 9.01016902924, 12.8913393021, 14.9751634598, 14.0509128571, 39.4285926819, 50.6280822754, 43.6809959412, 33.6254005432, 25.3572063446, 27.8978366852, 29.4957675934, 17.8690128326, 21.644613266, 21.9183292389, 18.1084861755, 17.0650424957, 18.1039791107, 18.1915054321, 14.5102291107, 11.6981372833, 7.0972032547, 6.41678237915, 6.03009462357, 6.59333229065, 6.54042816162, 7.99863147736, 7.49590110779, 6.38067817688, 4.47521543503, 2.83950781822, 0.90979719162, 0.218282982707, 0.0206249635667, 0.000626507564448, 8.13920123619e-05],
        "median": [0.345836699009, 0.752632260323, 0.519417583942, 1.09235811234, 1.81633472443, 4.30547952652, 5.04694747925, 5.54633951187, 7.09649753571, 18.1749858856, 17.4530296326, 17.3486328125, 14.3839740753, 9.86013698578, 12.2675256729, 9.65911483765, 6.95412969589, 6.50821590424, 5.77470254898, 4.32259273529, 3.15133547783, 2.49545264244, 3.32267999649, 3.05959033966, 2.03399682045, 1.241740942, 0.780882656574, 0.915808975697, 1.29636096954, 1.99726581573, 2.04541134834, 2.13830637932, 1.31769526005, 0.669934332371, 0.281040072441, 0.1105260849, 0.0230565126985, 0.00270743132569, 0.000100336044852, 5.01583635923e-05],
        "min": [2.91742260157e-21, 7.73991445137e-21, 9.60184792703e-21, 4.70917218524e-20, 2.31857433229e-20, 1.79812637879e-19, 2.64719587056e-19, 2.09499581377e-19, 4.77026735754e-19, 9.52205860213e-19, 1.31678499141e-18, 8.23089842532e-19, 2.25948995851e-18, 3.14907286968e-18, 1.93307311506e-18, 8.47702632678e-18, 7.64890024679e-18, 5.81696154214e-18, 1.21307625018e-17, 1.18157737789e-17, 7.55973596702e-18, 9.93614976627e-18, 8.29238472481e-18, 1.18970823244e-17, 1.06707556334e-17, 1.07391353459e-17, 1.1235959047e-17, 8.86190105809e-18, 1.98325518497e-17, 2.7802695132e-17, 1.83713306802e-17, 1.49430260376e-17, 1.35558623483e-17, 1.03691846072e-17, 9.04666673716e-18, 6.4741528165e-18, 2.68649258483e-18, 1.61389534274e-18, 4.17836457005e-19, 3.57783726145e-20],
        "stdev": [1.52024543285, 6.47065782547, 13.8834486008, 12.8084487915, 11.481136322, 12.3631038666, 20.2765350342, 31.1365890503, 26.6664409637, 60.801109314, 74.7313613892, 74.2874679565, 54.1235427856, 59.3169631958, 45.4393386841, 51.1756401062, 30.0879020691, 44.2601585388, 37.6390151978, 32.9953918457, 34.6295471191, 44.1923713684, 38.8223800659, 30.814491272, 29.5645465851, 16.3179035187, 16.8093452454, 15.8422088623, 16.3156318665, 12.8711805344, 18.4098739624, 19.4130840302, 19.2618255615, 13.9348859787, 9.77793121338, 3.04324960709, 0.769135832787, 0.0672387704253, 0.00199424382299, 0.000106016464997],
        "var": [2.31114602089, 41.8694152832, 192.750152588, 164.056350708, 131.816482544, 152.846328735, 411.137908936, 969.487121582, 711.099121094, 3696.77490234, 5584.77587891, 5518.62792969, 2929.35791016, 3518.50195312, 2064.73339844, 2618.94604492, 905.281799316, 1958.96154785, 1416.69543457, 1088.69592285, 1199.20556641, 1952.96557617, 1507.17724609, 949.532897949, 874.062438965, 266.273956299, 282.554107666, 250.975570679, 266.199859619, 165.667282104, 338.923461914, 376.867828369, 371.017913818, 194.181045532, 95.6079330444, 9.26136875153, 0.591569960117, 0.00452105188742, 3.97700887333e-06, 1.12394902274e-08]
    },
    "gfcc": {
        "mean": [1.32161283493, 88.9035339355, -94.0370635986, 16.9686431885, -64.8061523438, 28.9081268311, -36.7444152832, 23.6206760406, -14.7575349808, 6.02319097519, -8.1195898056, 4.11805534363, -10.8377151489],
        "cov": [[6635.95996094, -1817, 264.364715576, 841.044677734, -194.440444946, 151.313308716, -535.452941895, 125.967941284, -367.711914062, 172.189285278, -434.370269775, 41.2256660461, -257.002960205], [-1817, 1765.15673828, 46.7281150818, -185.588882446, 327.587127686, 61.2074890137, 425.28125, -41.5888175964, 253.772781372, -123.469970703, 264.406890869, -100.177909851, 104.018165588], [264.364715576, 46.7281150818, 1189.41516113, 326.442565918, 87.942741394, 304.888427734, 150.447189331, 106.203536987, -36.770450592, 116.140213013, 16.6679077148, 89.9344558716, -13.6848230362], [841.044677734, -185.588882446, 326.442565918, 666.482788086, 183.362548828, -53.615272522, -57.0586891174, 36.9405174255, -23.2949333191, 26.426820755, -85.7333679199, -41.1133995056, 8.54969024658], [-194.440444946, 327.587127686, 87.942741394, 183.362548828, 383.169555664, 30.0606098175, 81.6949234009, 32.824760437, 85.9019241333, -16.3922691345, 22.6809425354, -31.2573223114, 67.949760437], [151.313308716, 61.2074890137, 304.888427734, -53.615272522, 30.0606098175, 362.839477539, 162.981994629, 42.6895065308, 22.8864955902, 31.5215244293, 28.441286087, 28.4000759125, -18.6122550964], [-535.452941895, 425.28125, 150.447189331, -57.0586891174, 81.6949234009, 162.981994629, 359.13885498, 29.3866519928, 58.8203201294, -4.677734375, 109.33769989, 4.61150741577, 8.0760641098], [125.967941284, -41.5888175964, 106.203536987, 36.9405174255, 32.824760437, 42.6895065308, 29.3866519928, 166.354782104, 55.3479881287, 30.3714542389, 26.3157291412, 18.8919353485, 10.3639507294], [-367.711914062, 253.772781372, -36.770450592, -23.2949333191, 85.9019241333, 22.8864955902, 58.8203201294, 55.3479881287, 215.209213257, 13.3302173615, 51.3273735046, -15.3258895874, 37.6670227051], [172.189285278, -123.469970703, 116.140213013, 26.426820755, -16.3922691345, 31.5215244293, -4.677734375, 30.3714542389, 13.3302173615, 133.808853149, 18.5694293976, 11.9410066605, -21.7523059845], [-434.370269775, 264.406890869, 16.6679077148, -85.7333679199, 22.6809425354, 28.441286087, 109.33769989, 26.3157291412, 51.3273735046, 18.5694293976, 173.331100464, 42.8160247803, 26.5242061615], [41.2256660461, -100.177909851, 89.9344558716, -41.1133995056, -31.2573223114, 28.4000759125, 4.61150741577, 18.8919353485, -15.3258895874, 11.9410066605, 42.8160247803, 155.322067261, 36.2744369507], [-257.002960205, 104.018165588, -13.6848230362, 8.54969024658, 67.949760437, -18.6122550964, 8.0760641098, 10.3639507294, 37.6670227051, -21.7523059845, 26.5242061615, 36.2744369507, 118.527618408]],
        "icov": [[0.000335544231348, -4.81601500724e-06, 0.000256474100752, -0.000530104676727, 0.000121964163554, -0.000537130283192, 0.000368607230484, -0.000374722701963, 0.00037510576658, -0.000288712151814, 0.000396511255531, -0.000393379305024, 0.000512489117682], [-4.81601500724e-06, 0.00189507578034, -0.000700136995874, 0.000788766192272, -0.00102420838084, 0.000804242503364, -0.00122021452989, 0.00124078907538, -0.00136249547359, 0.00175066466909, -0.00201133987866, 0.00176227255724, -0.000458125956357], [0.000256474100752, -0.000700136995874, 0.0020856866613, -0.00161217991263, 0.000523296825122, -0.0019099584315, 0.000388242478948, -0.00113497686107, 0.00125681958161, -0.00170017336495, 0.00103487912565, -0.00174142397009, 0.000590451410972], [-0.000530104676727, 0.000788766192272, -0.00161217991263, 0.00377517892048, -0.00187053065747, 0.00225173775107, -0.000842492619995, 0.000738257076591, -0.000814927276224, 0.000918854260817, -0.000398321863031, 0.00190964317881, -0.000948991277255], [0.000121964163554, -0.00102420838084, 0.000523296825122, -0.00187053065747, 0.00469216238707, -0.00103898637462, 0.000146578677231, -0.000817822525278, -0.000182464704267, -0.000536385166924, 0.000866272603162, -9.46815198404e-05, -0.00163826253265], [-0.000537130283192, 0.000804242503364, -0.0019099584315, 0.00225173775107, -0.00103898637462, 0.00598433520645, -0.00278360000812, 0.000769621343352, -0.00147995306179, 0.000919171259739, -0.00035582180135, 0.000971022062004, -0.000174219341716], [0.000368607230484, -0.00122021452989, 0.000388242478948, -0.000842492619995, 0.000146578677231, -0.00278360000812, 0.00595311168581, -0.00109264010098, 0.000943761493545, -0.000318858277751, -0.00108046678361, -0.000713588553481, 0.00124620704446], [-0.000374722701963, 0.00124078907538, -0.00113497686107, 0.000738257076591, -0.000817822525278, 0.000769621343352, -0.00109264010098, 0.00857080332935, -0.00318535044789, 0.000612710253336, -0.00220146472566, 0.000874205084983, -0.000821157649625], [0.00037510576658, -0.00136249547359, 0.00125681958161, -0.000814927276224, -0.000182464704267, -0.00147995306179, 0.000943761493545, -0.00318535044789, 0.00787890143692, -0.00256677577272, 0.000803155358881, -0.000404252961744, -0.00073154817801], [-0.000288712151814, 0.00175066466909, -0.00170017336495, 0.000918854260817, -0.000536385166924, 0.000919171259739, -0.000318858277751, 0.000612710253336, -0.00256677577272, 0.0111370617524, -0.00379396672361, 0.00175636843778, 0.00116611702833], [0.000396511255531, -0.00201133987866, 0.00103487912565, -0.000398321863031, 0.000866272603162, -0.00035582180135, -0.00108046678361, -0.00220146472566, 0.000803155358881, -0.00379396672361, 0.0117312539369, -0.00449771853164, 0.000286466995021], [-0.000393379305024, 0.00176227255724, -0.00174142397009, 0.00190964317881, -9.46815198404e-05, 0.000971022062004, -0.000713588553481, 0.000874205084983, -0.000404252961744, 0.00175636843778, -0.00449771853164, 0.0110213542357, -0.00447507202625], [0.000512489117682, -0.000458125956357, 0.000590451410972, -0.000948991277255, -0.00163826253265, -0.000174219341716, 0.00124620704446, -0.000821157649625, -0.00073154817801, 0.00116611702833, 0.000286466995021, -0.00447507202625, 0.0127374092117]]
    },
    "melbands": {
        "dmean": [0.0036388062872, 0.00225278851576, 0.00101915025152, 0.00038881826913, 0.000270330667263, 0.000230749603361, 0.000159807372256, 0.000268808333203, 0.000242243680987, 0.000150148771354, 9.07693392946e-05, 6.61813828629e-05, 6.09301750956e-05, 7.12972032488e-05, 3.94440467062e-05, 3.3551321394e-05, 3.59942350769e-05, 3.25195978803e-05, 2.66932092927e-05, 1.23007012007e-05, 1.90447208297e-05, 1.51866361193e-05, 1.98689012905e-05, 1.36660519274e-05, 1.06992056317e-05, 1.11975023174e-05, 7.40424866308e-06, 4.0540730879e-06, 4.3666655074e-06, 4.75992101201e-06, 4.69699716632e-06, 4.63726928501e-06, 4.20044034399e-06, 3.58980332749e-06, 5.28812870471e-06, 5.9240283008e-06, 4.75342449135e-06, 4.93061179441e-06, 5.88125385548e-06, 4.83580834043e-06],
        "dmean2": [0.00519460532814, 0.00356880482286, 0.00170937122311, 0.00062913011061, 0.000418949930463, 0.000363892875612, 0.000250474287895, 0.000413179543102, 0.000359942001523, 0.000215116757317, 0.000121961500554, 9.8177610198e-05, 9.18419027585e-05, 0.000101314944914, 5.75919038965e-05, 5.5298791267e-05, 5.8942794567e-05, 5.40673499927e-05, 4.36976697529e-05, 1.98630968953e-05, 3.21305378748e-05, 2.55848008237e-05, 3.42218845617e-05, 2.19600588025e-05, 1.73995122168e-05, 1.98434463528e-05, 1.28978144858e-05, 6.75565752317e-06, 7.42443808122e-06, 8.26109317131e-06, 8.15371549834e-06, 7.69375765231e-06, 7.11719894753e-06, 5.95928850089e-06, 9.06650529942e-06, 1.04145110527e-05, 8.19477190817e-06, 8.55739926919e-06, 1.03012853288e-05, 8.4661605797e-06],
        "dvar": [5.04804811499e-05, 2.64906229859e-05, 5.73333045395e-06, 4.45810769634e-07, 1.89274331319e-07, 3.18054105719e-07, 1.32992653334e-07, 3.13533831786e-07, 2.32255885635e-07, 7.07753216034e-08, 3.39231007729e-08, 3.35290479825e-08, 2.08151327286e-08, 2.9634176002e-08, 7.54098117284e-09, 5.78496717196e-09, 6.97941660022e-09, 3.90892429536e-09, 2.86395263061e-09, 7.9296869071e-10, 1.85305792932e-09, 1.20797172265e-09, 2.30191554706e-09, 7.07926994803e-10, 6.29526930584e-10, 7.93414278721e-10, 3.42581851775e-10, 9.33645591394e-11, 1.14229382897e-10, 1.65435429245e-10, 1.33285091297e-10, 1.28817609357e-10, 9.14840633803e-11, 5.64553542803e-11, 1.63673921638e-10, 2.58978227752e-10, 1.62411473159e-10, 2.13117981596e-10, 3.47020912006e-10, 2.19315357541e-10],
        "dvar2": [9.73494679783e-05, 5.67993192817e-05, 1.51554850163e-05, 1.10578230306e-06, 4.3259370841e-07, 7.59422391639e-07, 3.23984636452e-07, 7.79723336564e-07, 5.21374602158e-07, 1.44309424854e-07, 6.07848065215e-08, 6.18022966137e-08, 4.94390626216e-08, 6.18851458967e-08, 1.5426811828e-08, 1.51129828652e-08, 1.77013497193e-08, 1.04039266091e-08, 6.79683376248e-09, 1.9910517679e-09, 4.91405494074e-09, 3.03532932122e-09, 6.04944228044e-09, 1.76276437891e-09, 1.62301228013e-09, 2.23896146068e-09, 9.40219568868e-10, 2.22373189307e-10, 2.99200469955e-10, 4.53534182432e-10, 3.66916025341e-10, 3.40454442416e-10, 2.47088710603e-10, 1.51226531298e-10, 4.49574016903e-10, 7.23896220745e-10, 4.52868575973e-10, 5.95784588331e-10, 9.74305414125e-10, 6.15842987717e-10],
        "max": [0.0541071519256, 0.0375531241298, 0.0159188136458, 0.00574325025082, 0.00481451814994, 0.00995140522718, 0.00582673819736, 0.0103592984378, 0.00663927616552, 0.00346306688152, 0.00439322274178, 0.00344941928051, 0.00195065315347, 0.00279052439146, 0.00121041224338, 0.000778113200795, 0.00111536832992, 0.000498162233271, 0.00086749746697, 0.000465059885755, 0.000560643093195, 0.000513750768732, 0.00039450218901, 0.00026397118927, 0.000220153408009, 0.000251792458585, 0.000193407729967, 0.000138450981467, 0.000108492684376, 0.000103386708361, 7.36147121643e-05, 8.91101517482e-05, 7.66479206504e-05, 6.83917969582e-05, 9.50418325374e-05, 0.000114756534458, 9.3341259344e-05, 0.000144281468238, 0.000166699494002, 0.000108160726086],
        "mean": [0.00737664336339, 0.00333021697588, 0.000985334045254, 0.0005301827332, 0.000458083173726, 0.00033277834882, 0.000238389970036, 0.0004614686477, 0.000412973196944, 0.000275130441878, 0.000168110796949, 0.000103724807559, 9.10888193175e-05, 0.000107448380732, 5.63698486076e-05, 3.61090060323e-05, 4.00119497499e-05, 3.53804352926e-05, 3.3016611269e-05, 1.60910039995e-05, 1.96298788069e-05, 1.78655536729e-05, 1.8427033865e-05, 1.54005738295e-05, 1.12617972263e-05, 8.94293225429e-06, 6.60009936837e-06, 4.34807952843e-06, 3.88393073081e-06, 3.73668990505e-06, 3.57756789526e-06, 3.7740830976e-06, 3.65726623386e-06, 3.58634883924e-06, 4.61671606899e-06, 5.03191859025e-06, 4.17877754444e-06, 4.08636833527e-06, 4.67093059342e-06, 3.67103507415e-06],
        "median": [0.00272911135107, 0.000754744047299, 0.000232513237279, 0.000229447367019, 0.000199553163839, 0.000130343280034, 0.000120011842228, 0.000192668347154, 0.000133523586555, 0.000104823171569, 5.91367861489e-05, 3.60522208211e-05, 4.06593499065e-05, 2.72239740298e-05, 1.39398052852e-05, 9.85302904155e-06, 1.07779223981e-05, 8.62726847117e-06, 7.49405944589e-06, 3.55532256435e-06, 3.19494006362e-06, 2.30996852224e-06, 2.58352179117e-06, 3.02379658024e-06, 2.26988709073e-06, 1.5708499177e-06, 1.12976158562e-06, 6.64076026169e-07, 4.10720218724e-07, 4.26630094807e-07, 4.74291823593e-07, 5.88495083775e-07, 9.49320281052e-07, 1.09205211629e-06, 1.01758064375e-06, 1.29006889438e-06, 1.26032068692e-06, 8.82104814082e-07, 6.58705403112e-07, 4.82265079427e-07],
        "min": [2.23000154734e-23, 6.62049936985e-24, 6.5943947792e-24, 5.80205578625e-24, 1.12770096093e-23, 4.28602723733e-24, 7.93583657688e-24, 1.04173405492e-23, 1.09607150405e-23, 5.07294123384e-24, 1.08506121462e-23, 1.22613447248e-23, 5.61327900505e-24, 1.5387771675e-23, 2.61296953546e-23, 1.31714022752e-23, 1.05184875056e-23, 2.24844195986e-23, 1.57025098213e-23, 1.04823056113e-23, 8.43587499432e-24, 1.09834074133e-23, 8.39874173379e-24, 6.42008767916e-24, 1.01660496967e-23, 7.35014206464e-24, 7.46372068005e-24, 6.84739469885e-24, 7.46036013259e-24, 5.2186757919e-24, 4.92287937928e-24, 1.00192631926e-23, 1.34055677463e-23, 1.63766813949e-23, 1.13413727706e-23, 6.79679400495e-24, 1.04973184232e-23, 1.00786675743e-23, 8.42487275127e-24, 8.67448806321e-24],
        "stdev": [0.0109867788851, 0.00656808493659, 0.00214266194962, 0.000729046179913, 0.000656222808175, 0.00064908422064, 0.00039854759234, 0.000654952076729, 0.000609291368164, 0.000438858318375, 0.000290331809083, 0.000240037043113, 0.000156972339028, 0.000240612309426, 0.000121085940918, 7.46100922697e-05, 8.44147216412e-05, 6.28671550658e-05, 7.20191674191e-05, 3.15440338454e-05, 4.28630955867e-05, 4.82492396259e-05, 4.4560241804e-05, 2.98161958199e-05, 2.51052315434e-05, 2.26979791478e-05, 1.59591963893e-05, 1.03132688309e-05, 9.77254057943e-06, 1.08238336907e-05, 9.66857896856e-06, 9.84038797469e-06, 8.19013712317e-06, 6.80901985106e-06, 1.08175599962e-05, 1.30369771796e-05, 1.03908569145e-05, 1.18276184367e-05, 1.49478682943e-05, 1.19583110063e-05],
        "var": [0.000120709308248, 4.31397420471e-05, 4.59100056105e-06, 5.31508362656e-07, 4.30628375625e-07, 4.21310289767e-07, 1.58840194331e-07, 4.28962238175e-07, 3.71235955754e-07, 1.925966302e-07, 8.42925658162e-08, 5.76177789924e-08, 2.46403146775e-08, 5.7894286698e-08, 1.46618042152e-08, 5.5666653509e-09, 7.1258452472e-09, 3.95227894856e-09, 5.18676035455e-09, 9.95026172568e-10, 1.83724491176e-09, 2.3279891348e-09, 1.98561500575e-09, 8.89005480342e-10, 6.30272611879e-10, 5.15198217421e-10, 2.54695931012e-10, 1.06363522157e-10, 9.55025572513e-11, 1.1715536874e-10, 9.34814170517e-11, 9.68332358742e-11, 6.70783428802e-11, 4.63627539138e-11, 1.17019602341e-10, 1.69962766083e-10, 1.0796991079e-10, 1.39892555873e-10, 2.23438767488e-10, 1.43001208097e-10]
    },
    "melbands128": {
