{
"lowlevel": {
    "average_loudness": 0.947090506554,
    "barkbands_crest": {
        "dmean": 3.61488890648,
        "dmean2": 5.6301317215,
        "dvar": 13.9852399826,
        "dvar2": 28.789522171,
        "max": 25.8617229462,
        "mean": 12.9820308685,
        "median": 12.1671323776,
        "min": 2.3535118103,
        "stdev": 6.05931806564,
        "var": 36.7153358459
    },
    "barkbands_flatness_db": {
        "dmean": 0.04097141698,
        "dmean2": 0.0580064989626,
        "dvar": 0.00157353957184,
        "dvar2": 0.00320691708475,
        "max": 0.381337851286,
        "mean": 0.14107966423,
        "median": 0.131365045905,
        "min": 0.0163969099522,
        "stdev": 0.0679800212383,
        "var": 0.00462128315121
    },
    "barkbands_kurtosis": {
        "dmean": 12.3922376633,
        "dmean2": 19.3378162384,
        "dvar": 775.288574219,
        "dvar2": 1711.95605469,
        "max": 338.364959717,
        "mean": 13.0807733536,
        "median": 3.97141647339,
        "min": -1.93259167671,
        "stdev": 29.9763374329,
        "var": 898.580810547
    },
    "barkbands_skewness": {
        "dmean": 1.34468567371,
        "dmean2": 2.02224206924,
        "dvar": 3.04119467735,
        "dvar2": 6.35020637512,
        "max": 15.5057897568,
        "mean": 2.37765550613,
        "median": 1.79149103165,
        "min": -4.12670469284,
        "stdev": 2.35991954803,
        "var": 5.56922006607
    },
    "barkbands_spread": {
        "dmean": 17.6512031555,
        "dmean2": 26.9641532898,
        "dvar": 379.658691406,
        "dvar2": 870.777770996,
        "max": 111.314567566,
        "mean": 28.9025402069,
        "median": 21.4924068451,
        "min": 0.619990170002,
        "stdev": 23.7677764893,
        "var": 564.907226562
    },
    "dissonance": {
        "dmean": 0.0270124562085,
        "dmean2": 0.0428605377674,
        "dvar": 0.00078247039346,
        "dvar2": 0.00189462117851,
        "max": 0.499552547932,
        "mean": 0.443946868181,
        "median": 0.452087312937,
        "min": 0.0790964663029,
        "stdev": 0.040023073554,
        "var": 0.001601846423
    },
    "dynamic_complexity": 3.36689972878,
    "erbbands_crest": {
        "dmean": 3.316010952,
        "dmean2": 5.31846570969,
        "dvar": 12.2017431259,
        "dvar2": 27.5558071136,
        "max": 32.0726852417,
        "mean": 9.77973079681,
        "median": 8.0451335907,
        "min": 2.36471676826,
        "stdev": 5.63916254044,
        "var": 31.8001537323
    },
    "erbbands_flatness_db": {
        "dmean": 0.0310911033303,
        "dmean2": 0.0461955592036,
        "dvar": 0.000786910415627,
        "dvar2": 0.00167666189373,
        "max": 0.322115600109,
        "mean": 0.126222252846,
        "median": 0.119037076831,
        "min": 0.0461034737527,
        "stdev": 0.0449838042259,
        "var": 0.0020235425327
    },
    "erbbands_kurtosis": {
        "dmean": 2.699426651,
        "dmean2": 4.49270391464,
        "dvar": 22.2573642731,
        "dvar2": 52.9081382751,
        "max": 56.1975364685,
        "mean": 1.82884681225,
        "median": 0.218249320984,
        "min": -1.82147789001,
        "stdev": 5.27720689774,
        "var": 27.8489151001
    },
    "erbbands_skewness": {
        "dmean": 0.772254049778,
        "dmean2": 1.19424700737,
        "dvar": 0.711272120476,
        "dvar2": 1.72555494308,
        "max": 6.33051013947,
        "mean": 0.587761819363,
        "median": 0.567477464676,
        "min": -5.27212381363,
        "stdev": 1.28075838089,
        "var": 1.64034211636
    },
    "erbbands_spread": {
        "dmean": 22.5366287231,
        "dmean2": 34.4654846191,
        "dvar": 500.810913086,
        "dvar2": 1102.93603516,
        "max": 168.67729187,
        "mean": 52.1168785095,
        "median": 45.4911880493,
        "min": 3.19650435448,
        "stdev": 29.5234565735,
        "var": 871.634460449
    },
    "hfc": {
        "dmean": 17.8489208221,
        "dmean2": 27.3184070587,
        "dvar": 665.001281738,
        "dvar2": 1698.87414551,
        "max": 269.064361572,
        "mean": 23.4600849152,
        "median": 13.9993286133,
        "min": 1.21392526836e-16,
        "stdev": 28.772693634,
        "var": 827.867919922
    },
    "loudness_ebu128": {
        "integrated": -9.68799877167,
        "loudness_range": 3.25254821777,
        "momentary": {
            "dmean": 0.741846084595,
            "dmean2": 1.06318211555,
            "dvar": 0.539601027966,
            "dvar2": 0.836062073708,
            "max": -5.42816448212,
            "mean": -10.1234254837,
            "median": -9.96045303345,
            "min": -16.5988464355,
            "stdev": 2.01616406441,
            "var": 4.06491708755
        },
        "short_term": {
            "dmean": 0.102231234312,
            "dmean2": 0.13914847374,
            "dvar": 0.00820939801633,
            "dvar2": 0.0130566088483,
            "max": -7.7914018631,
            "mean": -9.88113689423,
            "median": -9.39690971375,
            "min": -12.3586025238,
            "stdev": 1.22517466545,
            "var": 1.50105285645
        }
    },
    "melbands_crest": {
        "dmean": 4.11704874039,
        "dmean2": 6.40544652939,
        "dvar": 17.6871471405,
        "dvar2": 40.0954475403,
        "max": 34.5424995422,
        "mean": 17.9461135864,
        "median": 18.0437583923,
        "min": 2.08227133751,
        "stdev": 6.65202856064,
        "var": 44.2494812012
    },
    "melbands_flatness_db": {
        "dmean": 0.049843441695,
        "dmean2": 0.0695778504014,
        "dvar": 0.0025946602691,
        "dvar2": 0.00523908203468,
        "max": 0.493590384722,
        "mean": 0.217065423727,
        "median": 0.208469837904,
        "min": 0.00679652811959,
        "stdev": 0.0893969163299,
        "var": 0.00799180846661
    },
    "melbands_kurtosis": {
        "dmean": 32.1515159607,
        "dmean2": 50.9351577759,
        "dvar": 5815.4296875,
        "dvar2": 12712.9238281,
        "max": 719.223693848,
        "mean": 40.8269996643,
        "median": 14.0327205658,
        "min": -1.90864872932,
        "stdev": 83.1064224243,
        "var": 6906.67773438
    },
    "melbands_skewness": {
        "dmean": 1.70653879642,
        "dmean2": 2.58069062233,
        "dvar": 5.79105091095,
        "dvar2": 11.4789085388,
        "max": 21.7455615997,
        "mean": 4.06857061386,
        "median": 3.13180208206,
        "min": -0.681547105312,
        "stdev": 3.34499788284,
        "var": 11.1890115738
    },
    "melbands_spread": {
        "dmean": 16.7969837189,
        "dmean2": 27.0218467712,
        "dvar": 742.742004395,
        "dvar2": 1757.32226562,
        "max": 277.817474365,
        "mean": 25.3593177795,
        "median": 15.051024437,
        "min": 0.442221403122,
        "stdev": 31.5687389374,
        "var": 996.585266113
    },
    "pitch_salience": {
        "dmean": 0.105953089893,
        "dmean2": 0.165133908391,
        "dvar": 0.0130477584898,
        "dvar2": 0.0292855817825,
        "max": 0.928450584412,
        "mean": 0.446705251932,
        "median": 0.466870307922,
        "min": 0.0460890308022,
        "stdev": 0.167343109846,
        "var": 0.028003718704
    },
    "silence_rate_20dB": {
        "dmean": 0,
        "dmean2": 0,
        "dvar": 0,
        "dvar2": 0,
        "max": 1,
        "mean": 1,
        "median": 1,
        "min": 1,
        "stdev": 0,
        "var": 0
    },
    "silence_rate_30dB": {
        "dmean": 0.0634674951434,
        "dmean2": 0.127033308148,
        "dvar": 0.0594395324588,
        "dvar2": 0.123289704323,
        "max": 1,
        "mean": 0.941221952438,
        "median": 1,
        "min": 0,
        "stdev": 0.235209986567,
        "var": 0.0553237386048
    },
    "silence_rate_60dB": {
        "dmean": 0.0642414838076,
        "dmean2": 0.128582492471,
        "dvar": 0.0601147264242,
        "dvar2": 0.121344506741,
        "max": 1,
        "mean": 0.0966743975878,
        "median": 0,
        "min": 0,
        "stdev": 0.29551383853,
        "var": 0.0873284339905
    },
    "spectral_centroid": {
        "dmean": 576.393859863,
        "dmean2": 905.186279297,
        "dvar": 641278.375,
        "dvar2": 1508863,
        "max": 10837.1201172,
        "mean": 1328.43786621,
        "median": 1024.49707031,
        "min": 149.10635376,
        "stdev": 946.101806641,
        "var": 895108.625
    },
    "spectral_complexity": {
        "dmean": 4.43962860107,
        "dmean2": 6.65762996674,
        "dvar": 33.3407707214,
        "dvar2": 73.0430450439,
        "max": 45,
        "mean": 12.6759471893,
        "median": 11,
        "min": 0,
        "stdev": 7.86266946793,
        "var": 61.8215675354
    },
    "spectral_decrease": {
        "dmean": 3.82710441116e-09,
        "dmean2": 5.5552935585e-09,
        "dvar": 5.50017634839e-17,
        "dvar2": 1.03717827815e-16,
        "max": 1.26806670138e-28,
        "mean": -7.2146577601e-09,
        "median": -4.30427249398e-09,
        "min": -5.38834719066e-08,
        "stdev": 9.46092004739e-09,
        "var": 8.95090023261e-17
    },
    "spectral_energy": {
        "dmean": 0.0152800697833,
        "dmean2": 0.0219292584807,
        "dvar": 0.00077926449012,
        "dvar2": 0.00143372931052,
        "max": 0.206484824419,
        "mean": 0.0293577071279,
        "median": 0.0178751759231,
        "min": 1.05320618013e-20,
        "stdev": 0.0366029217839,
        "var": 0.00133977399673
    },
    "spectral_energyband_high": {
        "dmean": 0.00185721390881,
        "dmean2": 0.0030395060312,
        "dvar": 1.4477390323e-05,
        "dvar2": 4.04104794143e-05,
        "max": 0.0257785692811,
        "mean": 0.00171892810613,
        "median": 0.000655916170217,
        "min": 7.64507787103e-21,
        "stdev": 0.00330901052803,
        "var": 1.09495504148e-05
    },
    "spectral_energyband_low": {
        "dmean": 0.0104867536575,
        "dmean2": 0.0155412498862,
        "dvar": 0.000798338733148,
        "dvar2": 0.00155278714374,
        "max": 0.199234604836,
        "mean": 0.0159966666251,
        "median": 0.00613426696509,
        "min": 9.96493386879e-23,
        "stdev": 0.0333374030888,
        "var": 0.00111138250213
    },
    "spectral_energyband_middle_high": {
        "dmean": 0.00164914317429,
        "dmean2": 0.00255880900659,
        "dvar": 1.1628781067e-05,
        "dvar2": 2.65577764367e-05,
        "max": 0.0537531785667,
        "mean": 0.00270400079899,
        "median": 0.00107699120417,
        "min": 1.44421776763e-21,
        "stdev": 0.00477285124362,
        "var": 2.27801101573e-05
    },
    "spectral_energyband_middle_low": {
        "dmean": 0.00513288332149,
        "dmean2": 0.0077015995048,
        "dvar": 0.000116939656436,
        "dvar2": 0.000235699480982,
        "max": 0.150884836912,
        "mean": 0.00908331666142,
        "median": 0.00314114871435,
        "min": 2.41004503879e-22,
        "stdev": 0.0162174068391,
        "var": 0.000263004272711
    },
    "spectral_entropy": {
        "dmean": 0.360740125179,
        "dmean2": 0.495038330555,
        "dvar": 0.100478619337,
        "dvar2": 0.191154778004,
        "max": 9.80869007111,
        "mean": 7.70655250549,
        "median": 7.73842525482,
        "min": 6.13841199875,
        "stdev": 0.503643631935,
        "var": 0.253656893969
    },
    "spectral_flux": {
        "dmean": 0.0451455712318,
        "dmean2": 0.0689500942826,
        "dvar": 0.00270618801005,
        "dvar2": 0.00595824047923,
        "max": 0.387484610081,
        "mean": 0.0912717655301,
        "median": 0.0669744834304,
        "min": 1.02625831444e-10,
        "stdev": 0.0751322284341,
        "var": 0.0056448513642
    },
    "spectral_kurtosis": {
        "dmean": 1.90132820606,
        "dmean2": 2.77919459343,
        "dvar": 5.06844758987,
        "dvar2": 10.31711483,
        "max": 24.0407848358,
        "mean": 2.90460801125,
        "median": 2.29972171783,
        "min": -1.22028517723,
        "stdev": 2.83433890343,
        "var": 8.03347682953
    },
    "spectral_rms": {
        "dmean": 0.00122442154679,
        "dmean2": 0.0017084319843,
        "dvar": 2.91012224807e-06,
        "dvar2": 4.89660351377e-06,
        "max": 0.0141932591796,
        "mean": 0.00462108850479,
        "median": 0.00417602621019,
        "min": 3.20549251205e-12,
        "stdev": 0.00269948411733,
        "var": 7.28721443011e-06
    },
    "spectral_rolloff": {
        "dmean": 1762.33984375,
        "dmean2": 3032.8449707,
        "dvar": 7350574,
        "dvar2": 15143621,
        "max": 19035.3515625,
        "mean": 2197.8371582,
        "median": 818.26171875,
        "min": 64.599609375,
        "stdev": 3048.69799805,
        "var": 9294560
    },
    "spectral_skewness": {
        "dmean": 0.399421870708,
        "dmean2": 0.57153826952,
        "dvar": 0.151049301028,
        "dvar2": 0.306466788054,
        "max": 3.58806180954,
        "mean": 1.4231928587,
        "median": 1.4196293354,
        "min": -0.455992668867,
        "stdev": 0.565195500851,
        "var": 0.319445937872
    },
    "spectral_spread": {
        "dmean": 2152835.25,
        "dmean2": 2936922.5,
        "dvar": 5.18296436736e+12,
        "dvar2": 8.43999556403e+12,
        "max": 40841088,
        "mean": 7418581.5,
        "median": 6593873,
        "min": 2117612,
        "stdev": 3186726.75,
        "var": 1.01552278733e+13
    },
    "spectral_strongpeak": {
        "dmean": 0.498314589262,
        "dmean2": 0.81648170948,
        "dvar": 0.814146518707,
        "dvar2": 1.91428864002,
        "max": 11.0508823395,
        "mean": 0.911273360252,
        "median": 0.449066758156,
        "min": 0,
        "stdev": 1.29213643074,
        "var": 1.66961669922
    },
    "zerocrossingrate": {
        "dmean": 0.0342205017805,
        "dmean2": 0.0388567484915,
        "dvar": 0.00120906496886,
        "dvar2": 0.00153392052744,
        "max": 0.50830078125,
        "mean": 0.0805384591222,
        "median": 0.06396484375,
        "min": 0.0029296875,
        "stdev": 0.0634466335177,
        "var": 0.00402547512203
    },
    "barkbands": {
        "dmean": [0.000653154274914, 0.00933017861098, 0.00145148893353, 0.00026278491714, 0.000730940431822, 0.000893641379662, 0.00144317699596, 0.0018800010439, 0.00143765762914, 0.000301641819533, 0.000139943163958, 0.000140631047543, 0.000187580459169, 0.000205042379093, 0.000292138545774, 0.000150231848238, 0.000261190289166, 0.000229900644626, 0.000211418693652, 0.000183032723726, 0.000397020252421, 0.000504455529153, 0.000204627314815, 0.000257715088082, 0.000264938978944, 0.000159327959409, 4.36267146142e-05],
        "dmean2": [0.00118878996, 0.0137033443898, 0.00235770270228, 0.000428068335168, 0.00119224120863, 0.00128781422973, 0.00208924454637, 0.00307682994753, 0.00218087411486, 0.000425517180702, 0.000200889073312, 0.00021641846979, 0.000310184666887, 0.000314095959766, 0.000453276064945, 0.000263424561126, 0.000462333933683, 0.000402055622544, 0.00036887548049, 0.000314682431053, 0.000720621494111, 0.000913519004826, 0.00031332555227, 0.00040056114085, 0.000401406869059, 0.000241205852944, 7.01135868439e-05],
        "dvar": [3.47184800376e-06, 0.000668544147629, 1.19258029372e-05, 5.3547449852e-07, 2.23993993131e-06, 7.42749489291e-06, 3.93097834603e-05, 4.45754558314e-05, 5.74237528781e-05, 1.67127473105e-06, 9.45272446984e-08, 3.00801957565e-07, 2.51937535722e-07, 3.77527925366e-07, 8.95508037502e-07, 2.39527594204e-07, 5.48502384845e-07, 3.61732475085e-07, 6.37873540654e-07, 1.60602681376e-07, 1.74822582721e-06, 2.73365981229e-06, 1.36735295087e-07, 2.93311956057e-07, 2.81969079197e-07, 6.99955080563e-08, 3.77263909002e-09],
        "dvar2": [9.76639330474e-06, 0.00126394629478, 3.18415841321e-05, 1.37838435421e-06, 5.86894884691e-06, 1.3661916455e-05, 7.76044398663e-05, 0.000110787470476, 0.000101129342511, 3.18298680213e-06, 1.78354838454e-07, 7.8457253494e-07, 6.44901433589e-07, 8.24377821118e-07, 1.8222305016e-06, 6.41893677766e-07, 1.49775348746e-06, 1.00401587133e-06, 1.73710304807e-06, 4.43739935463e-07, 5.09759684064e-06, 7.98291603132e-06, 3.14686246838e-07, 6.01970612024e-07, 7.12486439625e-07, 1.80375565151e-07, 9.1561895843e-09],
        "max": [0.0146639822051, 0.18187315762, 0.0306330304593, 0.00746927596629, 0.0152741037309, 0.0432646088302, 0.124511867762, 0.103161200881, 0.141835510731, 0.0405408069491, 0.00583543535322, 0.0141473496333, 0.006738465745, 0.0126492120326, 0.0142394993454, 0.00467517273501, 0.00731649436057, 0.00679457513615, 0.0118858432397, 0.00356525718234, 0.00870908796787, 0.0112883578986, 0.00471370713785, 0.0110316313803, 0.0121419262141, 0.00576614867896, 0.000689963519108],
        "mean": [0.000468569865916, 0.0128810293972, 0.00257017067634, 0.000352663220838, 0.00102461164352, 0.00128275598399, 0.00197642925195, 0.00217886804603, 0.00214329571463, 0.00059641111875, 0.000272498320555, 0.000261571898591, 0.000221782524022, 0.000272382079856, 0.000337761302944, 0.000139544092235, 0.000202723793336, 0.000205004282179, 0.000184482545592, 0.000184324395377, 0.000283717148704, 0.000372217327822, 0.000237311556702, 0.000259949883912, 0.000262391637079, 0.000150170977577, 3.50498412445e-05],
        "median": [4.7715184337e-05, 0.00255857827142, 0.000850232318044, 0.000125573002151, 0.000570740725379, 0.000311060372042, 0.000164900091477, 0.000167307705851, 0.000123156554764, 0.000147148908582, 9.62672493188e-05, 9.73671340034e-05, 7.22798286006e-05, 5.53670688532e-05, 4.89135163662e-05, 3.49948386429e-05, 3.48062712874e-05, 4.16310867877e-05, 2.84042780549e-05, 3.99369964725e-05, 3.93903828808e-05, 6.49511275697e-05, 9.36608412303e-05, 8.86662528501e-05, 9.45644205785e-05, 5.4987227486e-05, 6.84742644808e-06],
        "min": [2.79364518848e-23, 3.28777188229e-23, 2.36366850571e-23, 3.4699091368e-23, 1.63140758157e-23, 2.69329577045e-23, 1.65396300812e-23, 7.54378091114e-23, 6.17959175706e-23, 3.43134866912e-23, 9.03669512556e-23, 1.63882785968e-22, 1.84889899439e-22, 1.43074806234e-22, 5.66996299982e-23, 1.29876431227e-22, 1.48792533184e-22, 1.93192994943e-22, 1.77508622612e-22, 2.53778496963e-22, 3.52994025262e-22, 5.2902249238e-22, 5.07863904994e-22, 9.43157857366e-22, 1.19590737679e-21, 1.51135409683e-21, 2.67376136562e-21],
        "stdev": [0.00153371482156, 0.0305394176394, 0.00372764607891, 0.000728734594304, 0.00151963229291, 0.00354344560765, 0.00789810158312, 0.00706796627492, 0.0113488938659, 0.00237740809098, 0.00052458391292, 0.000621536921244, 0.000497813103721, 0.000843361834995, 0.00115643546451, 0.0004170628672, 0.00061341439141, 0.000509309233166, 0.000707892759237, 0.000374495924916, 0.000991968438029, 0.00124297570437, 0.000438553863205, 0.000621192099061, 0.000552225625142, 0.000262764631771, 5.91681964579e-05],
        "var": [2.35228117162e-06, 0.000932656053919, 1.38953455462e-05, 5.31054126895e-07, 2.30928230849e-06, 1.2556006368e-05, 6.23800151516e-05, 4.99561501783e-05, 0.000128797386424, 5.65206892134e-06, 2.75188256182e-07, 3.86308130373e-07, 2.47817894206e-07, 7.11259190211e-07, 1.33734306473e-06, 1.73941430148e-07, 3.76277199621e-07, 2.59395875446e-07, 5.01112140228e-07, 1.40247195191e-07, 9.84001417237e-07, 1.54498866323e-06, 1.92329494553e-07, 3.8587961626e-07, 3.04953118757e-07, 6.90452495178e-08, 3.50087536738e-09]
    },
    "erbbands": {
        "dmean": [0.30029502511, 2.36104440689, 2.79887676239, 0.703837454319, 1.72777891159, 2.18928432465, 6.773624897, 6.72353172302, 18.4011764526, 26.8357772827, 40.9275970459, 29.5980949402, 16.0204753876, 5.76313495636, 6.13611221313, 4.92658519745, 7.91657400131, 8.24304389954, 12.707075119, 14.3596801758, 7.6365070343, 15.8846912384, 13.4489803314, 10.9448843002, 9.01335430145, 9.42420864105, 15.6531763077, 15.4036045074, 21.2808837891, 10.3031425476, 4.96181106567, 5.14291000366, 4.24966144562, 3.38194012642, 1.63791811466, 0.657944083214, 0.282739073038, 0.104848712683, 0.00451785605401, 9.39350647968e-05],
        "dmean2": [0.412634283304, 3.55513048172, 4.71761226654, 1.12890744209, 2.86888599396, 3.68648219109, 10.2486448288, 9.57363128662, 27.7078781128, 41.2347145081, 66.5975875854, 46.0049934387, 20.4959526062, 7.01715898514, 8.88069152832, 7.8315114975, 12.8260717392, 13.0913896561, 18.7219352722, 23.3327083588, 13.2222995758, 28.2225055695, 23.6712017059, 18.9821720123, 15.5300016403, 16.1194972992, 28.1709213257, 28.0115890503, 39.0687980652, 17.486114502, 7.53010225296, 7.91422128677, 6.6113152504, 5.12318754196, 2.49857950211, 0.995011210442, 0.435392856598, 0.165398672223, 0.00718933111057, 0.000140955904499],
        "dvar": [0.736926674843, 44.245929718, 58.985710144, 1.60423314571, 31.0264797211, 16.7202796936, 453.390197754, 393.446411133, 9748.27636719, 8217.90625, 19409.0117188, 26136.4238281, 8452.11035156, 241.228225708, 165.298751831, 652.395385742, 433.227203369, 367.318389893, 1347.43261719, 2175.46606445, 554.358154297, 2060.32592773, 1393.6895752, 663.519592285, 1502.36352539, 438.161712646, 2446.5078125, 2700.26806641, 5376.07080078, 623.699768066, 93.496925354, 152.786697388, 67.3494949341, 30.4172439575, 17.0816555023, 1.87279438972, 0.216975286603, 0.0173684023321, 4.13365196437e-05, 1.19124585751e-08],
        "dvar2": [1.48372018337, 103.33770752, 161.389465332, 4.01403284073, 80.189201355, 44.9684829712, 907.629638672, 781.18951416, 22277.0332031, 17882.3710938, 47953.4296875, 45275.0351562, 10810.8076172, 269.691619873, 333.866271973, 1813.52246094, 1133.89831543, 946.441833496, 2568.94458008, 4720.02099609, 1467.72229004, 5631.81347656, 3883.8605957, 1777.81176758, 4117.98242188, 1202.83032227, 7104.65380859, 7889.99365234, 15717.6699219, 1753.38806152, 200.790557861, 319.538787842, 144.497833252, 70.0830612183, 45.2973556519, 4.93853092194, 0.568901956081, 0.0395779535174, 0.000100251643744, 2.82305432364e-08],
        "max": [6.09676980972, 47.7672805786, 58.3407363892, 12.3443689346, 66.8120193481, 40.8124351501, 328.379547119, 296.493652344, 1963.1583252, 1612.88427734, 1450.47167969, 3327.07910156, 3040.03125, 580.09362793, 287.658874512, 651.366760254, 331.144439697, 344.938110352, 612.697875977, 751.401184082, 229.60874939, 426.32598877, 433.653839111, 221.328994751, 646.1328125, 224.247055054, 327.841186523, 357.290679932, 494.213897705, 169.101348877, 149.789459229, 244.345321655, 157.591842651, 101.243240356, 101.571586609, 32.2660942078, 9.93698501587, 1.19469964504, 0.0698421820998, 0.00105104327668],
        "mean": [0.326662003994, 2.96810936928, 4.23022508621, 1.48554122448, 2.00799608231, 3.1095597744, 9.36452007294, 10.5062494278, 24.3999824524, 35.7893676758, 49.7688407898, 47.7769966125, 27.4516181946, 12.6167936325, 13.2240610123, 8.78574943542, 10.0258140564, 10.4617776871, 17.0372257233, 15.8831176758, 7.52801799774, 12.524140358, 11.676445961, 10.1231765747, 7.97532844543, 9.33374023438, 11.7360363007, 11.0321855545, 14.6721639633, 9.93648338318, 6.01510953903, 5.52991390228, 4.14561271667, 3.42220664024, 1.58567881584, 0.6389939785, 0.257891237736, 0.0896033421159, 0.00373505847529, 0.00010437428864],
        "median": [0.0247182250023, 0.746204018593, 1.53385317326, 0.842735111713, 0.851971328259, 1.65847694874, 2.70226216316, 2.85777211189, 3.04495334625, 3.05943202972, 4.19492387772, 3.68470883369, 5.75754833221, 4.30430984497, 5.48400115967, 3.70443964005, 3.67722177505, 2.98613643646, 3.05117845535, 2.47566413879, 2.08242678642, 2.31065535545, 2.33810353279, 1.96799242496, 1.48803317547, 1.94064188004, 1.66826200485, 1.77585399151, 2.13142991066, 2.64711952209, 2.49767756462, 1.91271877289, 1.48450958729, 1.2351142168, 0.541209280491, 0.257217645645, 0.0823877081275, 0.0202760379761, 0.000809872581158, 5.0950984587e-05],
        "min": [1.71906892294e-21, 4.52221458418e-21, 1.65184349412e-20, 1.04071095458e-19, 4.15262115843e-20, 4.77825081368e-20, 1.41300362254e-19, 3.06662839841e-19, 1.06246367212e-19, 9.35306043311e-19, 1.69886840175e-18, 1.17944653995e-18, 1.38797804859e-18, 2.48814170497e-18, 3.1182926519e-18, 8.52285875016e-18, 1.00235819298e-17, 5.18656595654e-18, 6.69564117886e-18, 3.52515549826e-18, 7.78072140357e-18, 9.24741933592e-18, 1.12047983261e-17, 8.31116255189e-18, 1.06310567542e-17, 1.27096201857e-17, 1.44314843119e-17, 1.38558162364e-17, 1.81536994611e-17, 1.50242535194e-17, 1.73071727483e-17, 2.28487848897e-17, 1.2877294659e-17, 1.0794364541e-17, 1.00588553927e-17, 5.30493757015e-18, 3.05595900928e-18, 1.37086140697e-18, 3.70895611604e-19, 3.97758263223e-20],
        "stdev": [0.960495769978, 6.92622280121, 7.11277770996, 1.75172364712, 5.01225423813, 4.32756376266, 26.3961715698, 25.0952854156, 107.279724121, 116.874595642, 153.862014771, 253.214935303, 147.03326416, 36.8463821411, 23.3879699707, 23.7108325958, 20.7782726288, 21.5866146088, 49.8579292297, 51.8535995483, 20.4708595276, 37.4476699829, 30.7215270996, 24.155462265, 33.008190155, 19.575717926, 37.6413040161, 38.8532028198, 54.4638175964, 21.4932880402, 11.8017091751, 14.1558427811, 9.22936248779, 6.28376054764, 3.92131948471, 1.3173224926, 0.457466155291, 0.136587783694, 0.00622607022524, 0.000118173025839],
        "var": [0.922552168369, 47.9725608826, 50.5916099548, 3.06853556633, 25.1226902008, 18.7278079987, 696.757873535, 629.773376465, 11508.9384766, 13659.6708984, 23673.5175781, 64117.8046875, 21618.78125, 1357.65600586, 546.997131348, 562.203613281, 431.736602783, 465.981933594, 2485.81298828, 2688.7956543, 419.056121826, 1402.32788086, 943.812255859, 583.48638916, 1089.54064941, 383.208709717, 1416.86779785, 1509.57141113, 2966.30761719, 461.961425781, 139.280349731, 200.387878418, 85.181137085, 39.4856452942, 15.3767461777, 1.73533856869, 0.20927529037, 0.0186562221497, 3.87639483961e-05, 1.39648639319e-08]
    },
    "gfcc": {
        "mean": [-9.97986125946, 55.0810012817, -81.4371109009, 20.2052841187, -60.7289009094, 22.4348087311, -35.8208847046, 13.8072719574, -20.867351532, 7.98494005203, -16.5424060822, 6.39468240738, -13.9236373901],
        "cov": [[6187.22607422, -1503.36206055, -269.006896973, 251.745162964, -220.373260498, 45.3041610718, -116.339408875, 220.115081787, 5.77086353302, 168.351699829, -179.401062012, -108.129875183, -289.871246338], [-1503.36206055, 1804.35852051, -175.592163086, 64.4921340942, 278.795196533, 30.5831737518, 280.711730957, 64.5426864624, 176.396316528, -24.7169017792, 171.54737854, -5.06683683395, 79.7252655029], [-269.006896973, -175.592163086, 970.182739258, 12.1913719177, 153.03918457, 219.047485352, 25.8144569397, 97.3747329712, 45.1366882324, 50.8059616089, 47.5666732788, 141.275665283, 47.5051841736], [251.745162964, 64.4921340942, 12.1913719177, 653.090576172, 269.100799561, 133.352584839, 235.183395386, 54.9598808289, 67.218132019, 7.605219841, -11.8035297394, -14.4978265762, 29.9617214203], [-220.373260498, 278.795196533, 153.03918457, 269.100799561, 521.836242676, 162.682006836, 152.292800903, 120.515975952, 74.5311889648, -1.86142396927, 23.7222709656, 23.6774635315, 27.6532211304], [45.3041610718, 30.5831737518, 219.047485352, 133.352584839, 162.682006836, 255.462554932, 137.126586914, 77.9157104492, 41.0669250488, -4.12268352509, 4.65131950378, 15.735625267, -3.68912625313], [-116.339408875, 280.711730957, 25.8144569397, 235.183395386, 152.292800903, 137.126586914, 286.798522949, 85.2040176392, 70.7898330688, 7.8692817688, 26.476644516, -4.03777170181, 12.5980319977], [220.115081787, 64.5426864624, 97.3747329712, 54.9598808289, 120.515975952, 77.9157104492, 85.2040176392, 172.255859375, 100.390991211, 54.4247817993, 22.5703544617, -1.33209693432, -8.14594364166], [5.77086353302, 176.396316528, 45.1366882324, 67.218132019, 74.5311889648, 41.0669250488, 70.7898330688, 100.390991211, 155.874923706, 63.7762298584, 33.8521080017, -12.4649295807, 6.89664030075], [168.351699829, -24.7169017792, 50.8059616089, 7.605219841, -1.86142396927, -4.12268352509, 7.8692817688, 54.4247817993, 63.7762298584, 110.220855713, 37.4445533752, 3.59570384026, -8.82639217377], [-179.401062012, 171.54737854, 47.5666732788, -11.8035297394, 23.7222709656, 4.65131950378, 26.476644516, 22.5703544617, 33.8521080017, 37.4445533752, 103.908210754, 47.1402053833, 17.8681964874], [-108.129875183, -5.06683683395, 141.275665283, -14.4978265762, 23.6774635315, 15.735625267, -4.03777170181, -1.33209693432, -12.4649295807, 3.59570384026, 47.1402053833, 113.821243286, 55.0583457947], [-289.871246338, 79.7252655029, 47.5051841736, 29.9617214203, 27.6532211304, -3.68912625313, 12.5980319977, -8.14594364166, 6.89664030075, -8.82639217377, 17.8681964874, 55.0583457947, 117.912765503]],
        "icov": [[0.00029116665246, 0.000159911898663, 0.000202941024327, -0.000242283233092, 0.000188445526874, -0.000164650948136, 0.00022686070588, -0.000617149926256, 9.80045733741e-05, -0.000306340138195, 0.000323279731674, -0.000411446730141, 0.000585719943047], [0.000159911898663, 0.0012530866079, 0.000258203275735, 0.00042274381849, -0.00054722483037, 0.000389855907997, -0.0010779236909, 0.000426763639553, -0.00129319354892, 0.00107575173024, -0.00179519620724, 0.000662066391669, -0.000261343462626], [0.000202941024327, 0.000258203275735, 0.0019131412264, 2.07039975066e-05, -4.9970291002e-05, -0.00168703310192, 0.000650973815937, -0.000624142237939, -0.000230238278164, -0.000860597589053, 0.00045902110287, -0.00225445115939, 0.000326735666022], [-0.000242283233092, 0.00042274381849, 2.07039975066e-05, 0.00314508611336, -0.00153942173347, 0.000214729458094, -0.00264456961304, 0.00204687472433, -0.00111310114153, -9.30712049012e-05, 2.39411965595e-05, 0.000856481841765, -0.00124267209321], [0.000188445526874, -0.00054722483037, -4.9970291002e-05, -0.00153942173347, 0.0037012998946, -0.00128810445312, 0.00105015130248, -0.00265104882419, 0.000702672696207, 0.000428019848187, 0.000566296337638, -0.000917204655707, 0.00037428556243], [-0.000164650948136, 0.000389855907997, -0.00168703310192, 0.000214729458094, -0.00128810445312, 0.00817383639514, -0.00348983216099, -0.000422313518357, -0.000614454387687, 0.00233716284856, -0.000257741601672, 0.000543825037312, 0.000854269659612], [0.00022686070588, -0.0010779236909, 0.000650973815937, -0.00264456961304, 0.00105015130248, -0.00348983216099, 0.00858631543815, -0.00315977400169, 0.000759743328672, -0.000268040661467, 2.0102612325e-05, -0.000554019061383, 0.000396255054511], [-0.000617149926256, 0.000426763639553, -0.000624142237939, 0.00204687472433, -0.00265104882419, -0.000422313518357, -0.00315977400169, 0.0142095061019, -0.00664341216907, -0.00171463820152, -0.000421451055445, 0.000707259227056, -0.000152771637659], [9.80045733741e-05, -0.00129319354892, -0.000230238278164, -0.00111310114153, 0.000702672696207, -0.000614454387687, 0.000759743328672, -0.00664341216907, 0.0149652110413, -0.00580941513181, -0.000404155201977, 0.00295886467211, -0.00186378264334], [-0.000306340138195, 0.00107575173024, -0.000860597589053, -9.30712049012e-05, 0.000428019848187, 0.00233716284856, -0.000268040661467, -0.00171463820152, -0.00580941513181, 0.0167779345065, -0.00670834258199, 0.0016967987176, 0.000592812604737], [0.000323279731674, -0.00179519620724, 0.00045902110287, 2.39411965595e-05, 0.000566296337638, -0.000257741601672, 2.0102612325e-05, -0.000421451055445, -0.000404155201977, -0.00670834258199, 0.0193348191679, -0.00957603473216, 0.00270836474374], [-0.000411446730141, 0.000662066391669, -0.00225445115939, 0.000856481841765, -0.000917204655707, 0.000543825037312, -0.000554019061383, 0.000707259227056, 0.00295886467211, 0.0016967987176, -0.00957603473216, 0.0196347720921, -0.00819151382893], [0.000585719943047, -0.000261343462626, 0.000326735666022, -0.00124267209321, 0.00037428556243, 0.000854269659612, 0.000396255054511, -0.000152771637659, -0.00186378264334, 0.000592812604737, 0.00270836474374, -0.00819151382893, 0.0137355662882]]
    },
    "melbands": {
        "dmean": [0.00239633955061, 0.00201529031619, 0.00015628838446, 0.000130509841256, 0.000203595365747, 0.000159590243129, 0.00027827109443, 0.000329268455971, 0.000325856235577, 0.000184356365935, 7.87732496974e-05, 2.63867277681e-05, 1.81461746251e-05, 1.83843603736e-05, 1.4203858882e-05, 2.05535416171e-05, 1.59156734298e-05, 2.07322937058e-05, 2.34208855545e-05, 1.46129214045e-05, 7.57257794248e-06, 1.48576182255e-05, 1.78388181666e-05, 9.19326976145e-06, 9.01354633243e-06, 8.33355443319e-06, 4.93626612297e-06, 6.5585518314e-06, 9.4502538559e-06, 8.69459927344e-06, 8.74351553648e-06, 1.26456379803e-05, 9.17343186302e-06, 4.81665074403e-06, 2.82402197627e-06, 2.81707821159e-06, 3.43105398315e-06, 3.12620545628e-06, 3.01038267025e-06, 2.79672576653e-06],
        "dmean2": [0.00365144247189, 0.00325012789108, 0.000252092402661, 0.000216901375097, 0.000311407697154, 0.000225129217142, 0.000413940811995, 0.000520161585882, 0.000526332471054, 0.000280142703559, 0.000100018252851, 3.32898125635e-05, 2.63775691565e-05, 2.7646037779e-05, 2.27616073971e-05, 3.36299744959e-05, 2.53234265983e-05, 3.0465393138e-05, 3.6615118006e-05, 2.50277262239e-05, 1.30893322421e-05, 2.63849324256e-05, 3.18336533383e-05, 1.57809809025e-05, 1.57740887516e-05, 1.47042010212e-05, 8.45976137498e-06, 1.12116076707e-05, 1.71085630427e-05, 1.53903129103e-05, 1.60544077517e-05, 2.33285245486e-05, 1.66495883605e-05, 7.82261577115e-06, 4.18270155933e-06, 4.29821875514e-06, 5.39417715117e-06, 4.91260607305e-06, 4.70695931654e-06, 4.22447556048e-06],
        "dvar": [4.77564863104e-05, 3.2541622204e-05, 1.20158503591e-07, 1.06509283171e-07, 3.3871810956e-07, 2.10828758895e-07, 1.93931737158e-06, 1.20250319924e-06, 1.29344789457e-06, 1.08808683308e-06, 2.12644138742e-07, 7.06694702757e-09, 1.52396306685e-09, 4.36097513656e-09, 3.0744395918e-09, 2.75186495813e-09, 1.75097369937e-09, 4.11025435909e-09, 5.81025538793e-09, 2.43816744572e-09, 5.81451886639e-10, 1.72054348546e-09, 3.31273097842e-09, 4.29504903865e-10, 4.47366976797e-10, 1.60408553107e-09, 1.68348793239e-10, 2.18213613845e-10, 9.22523890612e-10, 6.79200029552e-10, 8.86459017302e-10, 1.89199433898e-09, 9.14604614266e-10, 8.59216656157e-11, 2.78763245126e-11, 5.97097093991e-11, 5.99206656515e-11, 3.7197533248e-11, 3.33849857481e-11, 1.92187411818e-11],
        "dvar2": [7.8179211414e-05, 8.53810706758e-05, 3.12874931296e-07, 2.8100780014e-07, 6.92315040851e-07, 3.97675592012e-07, 4.19411162511e-06, 2.78298284684e-06, 3.02706052935e-06, 1.83310453394e-06, 2.65679091171e-07, 8.11758127384e-09, 3.01840552552e-09, 1.0963147723e-08, 8.19333312307e-09, 6.66440502783e-09, 4.44671410804e-09, 7.7877224669e-09, 1.19735590332e-08, 5.86343462672e-09, 1.58492419189e-09, 4.65199478938e-09, 9.36694721787e-09, 1.128977134e-09, 1.20559984218e-09, 4.41399983231e-09, 4.58725557539e-10, 5.99183092032e-10, 2.68350630606e-09, 1.95863325558e-09, 2.59026622373e-09, 5.52266055109e-09, 2.67868438542e-09, 2.24672266902e-10, 6.27760135541e-11, 1.36829547692e-10, 1.21533269559e-10, 7.72425040596e-11, 8.0088380372e-11, 4.41052507016e-11],
        "max": [0.0477779582143, 0.0383049100637, 0.00382812111638, 0.00388207123615, 0.00882028602064, 0.00709288893268, 0.0286762621254, 0.018048517406, 0.0126705691218, 0.0210669245571, 0.0154567230493, 0.00320998253301, 0.000802800117526, 0.00177880085539, 0.00104466476478, 0.000663295446429, 0.00082624895731, 0.00125966127962, 0.00156040454749, 0.000748197780922, 0.000248449039645, 0.000355551892426, 0.000712562003173, 0.000256546714809, 0.000166540441569, 0.000635265489109, 0.000162558382726, 0.000161150266649, 0.000208441080758, 0.000164860262885, 0.00021075103723, 0.000296481564874, 0.000204864350962, 6.2564307882e-05, 8.19406996015e-05, 0.000153906090418, 0.000163207383594, 0.000124801023048, 0.000104995284346, 8.58247658471e-05],
        "mean": [0.0033359490335, 0.00276356819086, 0.000287825707346, 0.000174743516254, 0.00029119089595, 0.000247593794484, 0.000377496093279, 0.000429090607213, 0.000398539210437, 0.00029536432703, 0.000134660382173, 5.64822003071e-05, 3.70053785446e-05, 3.63367944374e-05, 1.8403512513e-05, 2.39394630626e-05, 1.90888076759e-05, 2.79379601125e-05, 2.6936231734e-05, 1.40635856951e-05, 7.34429659133e-06, 1.17822773973e-05, 1.36206554089e-05, 8.62843899085e-06, 8.18197895569e-06, 7.1145605034e-06, 4.54632845504e-06, 6.58374392515e-06, 7.05086767994e-06, 6.63310129312e-06, 6.14208329353e-06, 8.47966657602e-06, 7.01973931427e-06, 5.07904496772e-06, 3.36497259923e-06, 3.26388590111e-06, 3.50825689566e-06, 3.06204992739e-06, 2.74117110166e-06, 2.91882247438e-06],
        "median": [0.000461354095023, 0.0011973931687, 0.00017899175873, 9.5353985671e-05, 9.59469398367e-05, 5.892545596e-05, 4.09432395827e-05, 3.23917374772e-05, 2.78534207609e-05, 1.83908923646e-05, 2.8100432246e-05, 1.76080884557e-05, 1.46122756632e-05, 1.36116741487e-05, 6.03610897087e-06, 7.23502080291e-06, 4.80938024339e-06, 4.45680643679e-06, 3.71285341316e-06, 2.27271561926e-06, 2.16567309508e-06, 2.26449037655e-06, 2.01968782676e-06, 1.76741070845e-06, 1.4482646975e-06, 9.1298454663e-07, 1.05171591258e-06, 1.26623911001e-06, 9.4837986353e-07, 8.79013839494e-07, 9.41599694215e-07, 1.06635479824e-06, 1.36480707624e-06, 1.49854611209e-06, 1.32580373702e-06, 1.25967630993e-06, 1.14787042094e-06, 1.08554354483e-06, 8.74667364315e-07, 1.05788433302e-06],
        "min": [1.31399259362e-23, 9.44393036839e-24, 1.47523536822e-23, 2.47927642635e-24, 4.88048047221e-24, 5.98417970901e-24, 1.94739662456e-24, 1.05364072699e-23, 1.40676523932e-23, 7.62202691993e-24, 6.96098751376e-24, 9.23800296224e-24, 1.11135607852e-23, 1.82810089751e-23, 1.9968832102e-23, 1.82640295329e-23, 8.6689715589e-24, 1.26823897666e-23, 4.12276813426e-24, 5.30333082222e-24, 9.43654347487e-24, 8.51752367573e-24, 1.07736256328e-23, 9.37374935795e-24, 6.03163955322e-24, 7.49247071574e-24, 8.10656816488e-24, 7.99350309792e-24, 9.91093602428e-24, 7.48671518658e-24, 8.01318281092e-24, 1.03366030022e-23, 1.09238681365e-23, 7.53672739024e-24, 1.11615598158e-23, 9.02135888071e-24, 1.52297991233e-23, 9.19122587715e-24, 8.48065389474e-24, 9.12142746425e-24],
        "stdev": [0.00847935583442, 0.0053730388172, 0.000375324510969, 0.000301048858091, 0.00072328816168, 0.000599695602432, 0.00160453561693, 0.00132665561978, 0.0013548755087, 0.00165545439813, 0.00074773846427, 0.000194300009753, 6.72164969728e-05, 7.99035697128e-05, 5.54787693545e-05, 5.53266727366e-05, 4.62258904008e-05, 9.03108884813e-05, 9.4269940746e-05, 4.78720976389e-05, 2.02109931706e-05, 3.47781387973e-05, 4.53569991805e-05, 1.96611654246e-05, 1.9896100639e-05, 3.43736428476e-05, 1.15048860607e-05, 1.41572818393e-05, 2.29933375522e-05, 2.03853560379e-05, 2.2175750928e-05, 3.23362583003e-05, 2.26694101002e-05, 9.48460092332e-06, 6.34300567981e-06, 8.74595298228e-06, 8.78370428836e-06, 6.92209732733e-06, 6.08952495895e-06, 5.08532593813e-06],
        "var": [7.18994706403e-05, 2.88695446216e-05, 1.40868479548e-07, 9.06304080672e-08, 5.23145729403e-07, 3.59634782399e-07, 2.5745343919e-06, 1.7600150386e-06, 1.83568761258e-06, 2.74052922578e-06, 5.59112834253e-07, 3.77524962403e-08, 4.51805792778e-09, 6.38458086399e-09, 3.07789393972e-09, 3.06104053216e-09, 2.13683293282e-09, 8.15605716298e-09, 8.88682105682e-09, 2.29173768851e-09, 4.08484246428e-10, 1.20951904048e-09, 2.05725725344e-09, 3.86561394006e-10, 3.95854793389e-10, 1.18154730444e-09, 1.32362412697e-10, 2.00428618147e-10, 5.28693533397e-10, 4.15562723122e-10, 4.91763907373e-10, 1.04563369074e-09, 5.13902143062e-10, 8.99576524382e-11, 4.02337226035e-11, 7.64916879836e-11, 7.71534572341e-11, 4.79154285693e-11, 3.70823129148e-11, 2.58605411391e-11]
    },
    "melbands128": {
