{
"lowlevel": {
    "average_loudness": 0.963301956654,
    "barkbands_crest": {
        "dmean": 2.83594608307,
        "dmean2": 4.54697084427,
        "dvar": 5.62825250626,
        "dvar2": 13.2458324432,
        "max": 24.3617973328,
        "mean": 11.1265573502,
        "median": 10.2568645477,
        "min": 3.25465297699,
        "stdev": 4.04343605042,
        "var": 16.3493766785
    },
    "barkbands_flatness_db": {
        "dmean": 0.0354778319597,
        "dmean2": 0.0511743724346,
        "dvar": 0.00120068108663,
        "dvar2": 0.00238817324862,
        "max": 0.392014533281,
        "mean": 0.206120863557,
        "median": 0.203967541456,
        "min": 0.0511155053973,
        "stdev": 0.0638850331306,
        "var": 0.00408129766583
    },
    "barkbands_kurtosis": {
        "dmean": 5.22576761246,
        "dmean2": 8.33644771576,
        "dvar": 51.7724151611,
        "dvar2": 113.85093689,
        "max": 101.801673889,
        "mean": 7.98555469513,
        "median": 4.99085283279,
        "min": -1.91123127937,
        "stdev": 10.4223899841,
        "var": 108.626205444
    },
    "barkbands_skewness": {
        "dmean": 0.848715484142,
        "dmean2": 1.3159288168,
        "dvar": 0.729413568974,
        "dvar2": 1.51481699944,
        "max": 7.49144983292,
        "mean": 1.81860423088,
        "median": 1.72371733189,
        "min": -2.47756409645,
        "stdev": 1.47805845737,
        "var": 2.18465685844
    },
    "barkbands_spread": {
        "dmean": 7.90455245972,
        "dmean2": 12.4289054871,
        "dvar": 182.517807007,
        "dvar2": 332.294891357,
        "max": 92.2238998413,
        "mean": 16.5299530029,
        "median": 7.87911653519,
        "min": 1.07003057003,
        "stdev": 20.9198093414,
        "var": 437.638427734
    },
    "dissonance": {
        "dmean": 0.0395032837987,
        "dmean2": 0.061573151499,
        "dvar": 0.00160023395438,
        "dvar2": 0.00354573666118,
        "max": 0.499825000763,
        "mean": 0.406880378723,
        "median": 0.416525483131,
        "min": 0.000686522980686,
        "stdev": 0.0579749681056,
        "var": 0.00336109683849
    },
    "dynamic_complexity": 3.92217063904,
    "erbbands_crest": {
        "dmean": 3.33905386925,
        "dmean2": 5.24994945526,
        "dvar": 8.22085762024,
        "dvar2": 19.0327033997,
        "max": 28.7729988098,
        "mean": 11.2859745026,
        "median": 10.5129489899,
        "min": 3.45833659172,
        "stdev": 4.31817770004,
        "var": 18.6466598511
    },
    "erbbands_flatness_db": {
        "dmean": 0.0355123914778,
        "dmean2": 0.0501570738852,
        "dvar": 0.00123719871044,
        "dvar2": 0.00247517996468,
        "max": 0.383540213108,
        "mean": 0.217484995723,
        "median": 0.215968906879,
        "min": 0.0688355341554,
        "stdev": 0.0626882240176,
        "var": 0.00392981339246
    },
    "erbbands_kurtosis": {
        "dmean": 2.02740859985,
        "dmean2": 3.21093058586,
        "dvar": 5.63772153854,
        "dvar2": 14.0928602219,
        "max": 23.5077953339,
        "mean": 2.15638923645,
        "median": 1.36769199371,
        "min": -1.8766938448,
        "stdev": 3.14321827888,
        "var": 9.87982082367
    },
    "erbbands_skewness": {
        "dmean": 0.616230666637,
        "dmean2": 0.962188720703,
        "dvar": 0.409474343061,
        "dvar2": 0.806020617485,
        "max": 4.26275396347,
        "mean": 0.833196699619,
        "median": 0.993403315544,
        "min": -3.91031599045,
        "stdev": 1.07070577145,
        "var": 1.14641082287
    },
    "erbbands_spread": {
        "dmean": 13.3549575806,
        "dmean2": 20.6656322479,
        "dvar": 317.637756348,
        "dvar2": 697.392150879,
        "max": 154.809494019,
        "mean": 32.0530204773,
        "median": 24.0823535919,
        "min": 4.039290905,
        "stdev": 26.3136043549,
        "var": 692.405761719
    },
    "hfc": {
        "dmean": 9.36636924744,
        "dmean2": 13.9981002808,
        "dvar": 275.240722656,
        "dvar2": 698.971069336,
        "max": 227.618606567,
        "mean": 16.6877059937,
        "median": 9.15731048584,
        "min": 1.30444212078e-16,
        "stdev": 20.8229465485,
        "var": 433.595123291
    },
    "loudness_ebu128": {
        "integrated": -9.41999816895,
        "loudness_range": 1.24576091766,
        "momentary": {
            "dmean": 0.759407103062,
            "dmean2": 0.862682282925,
            "dvar": 0.448745429516,
            "dvar2": 0.556386947632,
            "max": -6.80931663513,
            "mean": -9.83570194244,
            "median": -9.12439155579,
            "min": -15.8673496246,
            "stdev": 2.05433154106,
            "var": 4.22027826309
        },
        "short_term": {
            "dmean": 0.096037954092,
            "dmean2": 0.111928828061,
            "dvar": 0.00482588913292,
            "dvar2": 0.00737748853862,
            "max": -8.45595836639,
            "mean": -9.42212200165,
            "median": -9.40503120422,
            "min": -10.4553775787,
            "stdev": 0.390612125397,
            "var": 0.152577832341
        }
    },
    "melbands_crest": {
        "dmean": 3.309486866,
        "dmean2": 5.34331655502,
        "dvar": 8.01544094086,
        "dvar2": 18.8392505646,
        "max": 29.6350860596,
        "mean": 13.7399654388,
        "median": 12.8505687714,
        "min": 1.62937521935,
        "stdev": 4.80543613434,
        "var": 23.0922145844
    },
    "melbands_flatness_db": {
        "dmean": 0.0440633147955,
        "dmean2": 0.0609140358865,
        "dvar": 0.00196616817266,
        "dvar2": 0.0036846511066,
        "max": 0.481843024492,
        "mean": 0.265451401472,
        "median": 0.26974684,
        "min": 0.00412460882217,
        "stdev": 0.0864337831736,
        "var": 0.00747079914436
    },
    "melbands_kurtosis": {
        "dmean": 8.86945343018,
        "dmean2": 14.3081054688,
        "dvar": 134.780807495,
        "dvar2": 285.434967041,
        "max": 139.467025757,
        "mean": 13.9841041565,
        "median": 8.65222263336,
        "min": -1.8198826313,
        "stdev": 16.7403087616,
        "var": 280.237945557
    },
    "melbands_skewness": {
        "dmean": 0.966372728348,
        "dmean2": 1.48119390011,
        "dvar": 0.853901982307,
        "dvar2": 1.88150274754,
        "max": 9.31916713715,
        "mean": 2.44458961487,
        "median": 2.21889138222,
        "min": -0.637882769108,
        "stdev": 1.55102908611,
        "var": 2.40569114685
    },
    "melbands_spread": {
        "dmean": 11.5945568085,
        "dmean2": 18.2558555603,
        "dvar": 652.073730469,
        "dvar2": 1244.90283203,
        "max": 231.189682007,
        "mean": 21.9427719116,
        "median": 9.6713848114,
        "min": 1.05936813354,
        "stdev": 36.1178970337,
        "var": 1304.50244141
    },
    "pitch_salience": {
        "dmean": 0.0804555267096,
        "dmean2": 0.126358181238,
        "dvar": 0.00507304817438,
        "dvar2": 0.0103965429589,
        "max": 0.973555028439,
        "mean": 0.611646592617,
        "median": 0.626000881195,
        "min": 0.184769868851,
        "stdev": 0.124004714191,
        "var": 0.0153771685436
    },
    "silence_rate_20dB": {
        "dmean": 0,
        "dmean2": 0,
        "dvar": 0,
        "dvar2": 0,
        "max": 1,
        "mean": 1,
        "median": 1,
        "min": 1,
        "stdev": 0,
        "var": 0
    },
    "silence_rate_30dB": {
        "dmean": 0,
        "dmean2": 0,
        "dvar": 0,
        "dvar2": 0,
        "max": 1,
        "mean": 1,
        "median": 1,
        "min": 1,
        "stdev": 0,
        "var": 0
    },
    "silence_rate_60dB": {
        "dmean": 0.0727554187179,
        "dmean2": 0.145623549819,
        "dvar": 0.0674626156688,
        "dvar2": 0.161599501967,
        "max": 1,
        "mean": 0.141531318426,
        "median": 0,
        "min": 0,
        "stdev": 0.348571330309,
        "var": 0.121501974761
    },
    "spectral_centroid": {
        "dmean": 318.810394287,
        "dmean2": 487.646392822,
        "dvar": 339648.65625,
        "dvar2": 596793.0625,
        "max": 11276.3613281,
        "mean": 882.973388672,
        "median": 594.055053711,
        "min": 240.746200562,
        "stdev": 836.665161133,
        "var": 700008.5625
    },
    "spectral_complexity": {
        "dmean": 3.1068110466,
        "dmean2": 4.46010828018,
        "dvar": 12.3755264282,
        "dvar2": 23.904548645,
        "max": 38,
        "mean": 10.6272239685,
        "median": 9,
        "min": 0,
        "stdev": 6.00027894974,
        "var": 36.0033454895
    },
    "spectral_decrease": {
        "dmean": 1.9679566865e-09,
        "dmean2": 2.50869525154e-09,
        "dvar": 6.63226880418e-18,
        "dvar2": 9.87608735481e-18,
        "max": 1.15181383845e-28,
        "mean": -4.87447948672e-09,
        "median": -2.35496977474e-09,
        "min": -2.34935821908e-08,
        "stdev": 4.94737451007e-09,
        "var": 2.44765158622e-17
    },
    "spectral_energy": {
        "dmean": 0.00790806766599,
        "dmean2": 0.010327831842,
        "dvar": 0.000104655504401,
        "dvar2": 0.000159527611686,
        "max": 0.0946196690202,
        "mean": 0.0199110191315,
        "median": 0.0109894955531,
        "min": 1.13969486019e-20,
        "stdev": 0.0196009092033,
        "var": 0.000384195649531
    },
    "spectral_energyband_high": {
        "dmean": 0.000726578757167,
        "dmean2": 0.00116993510164,
        "dvar": 4.15909926232e-06,
        "dvar2": 1.02016456367e-05,
        "max": 0.0295526795089,
        "mean": 0.000847730145324,
        "median": 6.90040615154e-05,
        "min": 8.25805909461e-21,
        "stdev": 0.00227379449643,
        "var": 5.17014177603e-06
    },
    "spectral_energyband_low": {
        "dmean": 0.000760663475376,
        "dmean2": 0.00121810566634,
        "dvar": 1.34208551117e-06,
        "dvar2": 3.30719922204e-06,
        "max": 0.013636524789,
        "mean": 0.00131088588387,
        "median": 0.000823765527457,
        "min": 5.58204539857e-23,
        "stdev": 0.00148310244549,
        "var": 2.19959292735e-06
    },
    "spectral_energyband_middle_high": {
        "dmean": 0.00197585951537,
        "dmean2": 0.00266457768157,
        "dvar": 1.23196341519e-05,
        "dvar2": 2.18631194002e-05,
        "max": 0.0347051396966,
        "mean": 0.00308056361973,
        "median": 0.000911047274712,
        "min": 1.4741636849e-21,
        "stdev": 0.00515080569312,
        "var": 2.65308008238e-05
    },
    "spectral_energyband_middle_low": {
        "dmean": 0.00629983097315,
        "dmean2": 0.00814934633672,
        "dvar": 6.80178127368e-05,
        "dvar2": 0.000107507847133,
        "max": 0.0750693902373,
        "mean": 0.0151923857629,
        "median": 0.00637829769403,
        "min": 2.9868260539e-22,
        "stdev": 0.0155689585954,
        "var": 0.00024239247432
    },
    "spectral_entropy": {
        "dmean": 0.387875497341,
        "dmean2": 0.540087163448,
        "dvar": 0.165466681123,
        "dvar2": 0.300827741623,
        "max": 9.81217384338,
        "mean": 6.98886680603,
        "median": 6.86109542847,
        "min": 5.33499622345,
        "stdev": 0.76950854063,
        "var": 0.5921433568
    },
    "spectral_flux": {
        "dmean": 0.0292273126543,
        "dmean2": 0.0461403131485,
        "dvar": 0.000900547136553,
        "dvar2": 0.00200334517285,
        "max": 0.249878585339,
        "mean": 0.0741257444024,
        "median": 0.0658065155149,
        "min": 1.06756492535e-10,
        "stdev": 0.0498735122383,
        "var": 0.00248736725189
    },
    "spectral_kurtosis": {
        "dmean": 7.26828622818,
        "dmean2": 11.4288520813,
        "dvar": 97.9137573242,
        "dvar2": 259.396392822,
        "max": 104.766792297,
        "mean": 12.5212287903,
        "median": 8.07219314575,
        "min": -1.31462645531,
        "stdev": 14.9694910049,
        "var": 224.085647583
    },
    "spectral_rms": {
        "dmean": 0.000845548638608,
        "dmean2": 0.00107949075755,
        "dvar": 8.77785680586e-07,
        "dvar2": 1.23931636153e-06,
        "max": 0.00960790645331,
        "mean": 0.00386801850982,
        "median": 0.00327436393127,
        "min": 3.33451257058e-12,
        "stdev": 0.00211277743801,
        "var": 4.46382864538e-06
    },
    "spectral_rolloff": {
        "dmean": 817.080566406,
        "dmean2": 1435.70300293,
        "dvar": 3858211.75,
        "dvar2": 6928603.5,
        "max": 19336.8164062,
        "mean": 1767.0098877,
        "median": 689.0625,
        "min": 215.33203125,
        "stdev": 2773.65283203,
        "var": 7693150.5
    },
    "spectral_skewness": {
        "dmean": 0.71603679657,
        "dmean2": 1.05681180954,
        "dvar": 0.526821315289,
        "dvar2": 1.20563840866,
        "max": 7.98155355453,
        "mean": 2.41080498695,
        "median": 2.37417387962,
        "min": -0.259822070599,
        "stdev": 1.32489335537,
        "var": 1.75534236431
    },
    "spectral_spread": {
        "dmean": 1317066.25,
        "dmean2": 1798390.625,
        "dvar": 3.01404677734e+12,
        "dvar2": 4.17261892403e+12,
        "max": 40665032,
        "mean": 4427238.5,
        "median": 3593099.5,
        "min": 772397.25,
        "stdev": 3116546.75,
        "var": 9.71286406758e+12
    },
    "spectral_strongpeak": {
        "dmean": 0.495541512966,
        "dmean2": 0.742292702198,
        "dvar": 0.409047275782,
        "dvar2": 0.781344473362,
        "max": 6.54368305206,
        "mean": 1.03787052631,
        "median": 0.707696318626,
        "min": 6.32680219326e-09,
        "stdev": 0.991570711136,
        "var": 0.983212471008
    },
    "zerocrossingrate": {
        "dmean": 0.020247798413,
        "dmean2": 0.0217355135828,
        "dvar": 0.00113223737571,
        "dvar2": 0.000995183712803,
        "max": 0.51953125,
        "mean": 0.0584751740098,
        "median": 0.0302734375,
        "min": 0.005859375,
        "stdev": 0.0695541128516,
        "var": 0.00483777420595
    },
    "barkbands": {
        "dmean": [2.33406080952e-05, 6.7140244937e-05, 0.000486840959638, 0.000382895668736, 0.00239527132362, 0.00143021426629, 0.00224392721429, 0.00206436659209, 0.00115249399096, 0.000726463505998, 0.0007277301047, 0.000434928078903, 0.00015300969244, 0.000120595308545, 8.68330462254e-05, 0.000169873208506, 0.000145991929458, 6.25427128398e-05, 7.43589480408e-05, 3.85615312553e-05, 8.90614537639e-05, 0.000147795246448, 0.000177188689122, 0.000201029703021, 0.00011157260451, 3.07550726575e-05, 1.63222819083e-06],
        "dmean2": [3.82066282327e-05, 0.000114197006042, 0.000752962427214, 0.000643931212835, 0.00345847802237, 0.00216572359204, 0.00347183365375, 0.00289696501568, 0.00152576121036, 0.00107685395051, 0.00106835644692, 0.000598845770583, 0.000221537484322, 0.000185608922038, 0.000132480810862, 0.000267881609034, 0.000245844916208, 0.000102180900285, 0.000121232085803, 6.52270318824e-05, 0.000153997927555, 0.000250302517088, 0.000286902242806, 0.000317921541864, 0.000172644708073, 5.03916417074e-05, 2.88658861791e-06],
        "dvar": [5.76082204162e-09, 1.84681319126e-08, 5.11739926878e-07, 5.53360905542e-07, 1.31237229652e-05, 6.67272888677e-06, 1.8145678041e-05, 2.32901929849e-05, 1.0683435903e-05, 4.18644822275e-06, 4.40264739154e-06, 1.77583262939e-06, 1.26821234403e-07, 1.35472760121e-07, 8.5021298446e-08, 1.63053371693e-07, 1.87332318546e-07, 3.69298014391e-08, 3.53602089831e-08, 1.54295509702e-08, 7.84488989325e-08, 2.06646447509e-07, 2.98206742855e-07, 4.87558338591e-07, 1.03437592713e-07, 1.07618927103e-08, 8.15280343236e-11],
        "dvar2": [1.52831471922e-08, 4.82843489635e-08, 1.18206742172e-06, 1.47570926856e-06, 2.43053927989e-05, 1.50522428157e-05, 4.03109261242e-05, 4.5113330998e-05, 1.70272887772e-05, 8.61870375957e-06, 8.58265866555e-06, 2.93066159429e-06, 2.27367777939e-07, 2.87092944973e-07, 1.64817677728e-07, 4.34550116779e-07, 5.04623528741e-07, 9.38836492992e-08, 9.87944730468e-08, 3.44894992566e-08, 2.05653748253e-07, 5.47783884031e-07, 6.91488423854e-07, 1.15693978842e-06, 2.26661754255e-07, 2.64752113566e-08, 2.26568791506e-10],
        "max": [0.00096671609208, 0.00153428944759, 0.00854579545557, 0.00980442389846, 0.0501762330532, 0.0318729579449, 0.0450985990465, 0.0535724386573, 0.0415979623795, 0.0317695103586, 0.0311409104615, 0.0236910674721, 0.00609996821731, 0.00597518822178, 0.00551679544151, 0.00374590908177, 0.00366983446293, 0.00282832281664, 0.00232782657258, 0.00231854664162, 0.00254117767327, 0.00750687159598, 0.00751640927047, 0.0132010960951, 0.00389268039726, 0.00153046054766, 0.000177735899342],
        "mean": [1.99592432182e-05, 0.000104249374999, 0.000831634330098, 0.000577615282964, 0.00505187781528, 0.00238871620968, 0.00290299695916, 0.00254293554462, 0.00143309333362, 0.000883129716385, 0.00083158002235, 0.000532927515451, 0.000205717980862, 0.000153139713802, 0.000112987945613, 0.000201534028747, 0.00013317844423, 5.88125367358e-05, 8.35799437482e-05, 3.48934590875e-05, 7.38301023375e-05, 0.000153556888108, 0.000196434441023, 0.00024182946072, 0.00013095792383, 2.87720940833e-05, 1.09328732378e-06],
        "median": [4.55446524938e-07, 5.96948157181e-05, 0.000424993020715, 0.000294767931337, 0.00254997890443, 0.00106467667501, 0.00107361166738, 0.000181504437933, 0.000120537006296, 0.000100198383734, 5.07516670041e-05, 5.58918181923e-05, 5.88076691201e-05, 3.13129858114e-05, 2.81803604594e-05, 4.60412957182e-05, 2.35672996496e-05, 9.43108716456e-06, 1.95343327505e-05, 2.57466240328e-06, 3.66576591659e-06, 2.59187763731e-05, 1.23196332424e-05, 3.69211738871e-06, 4.81565575683e-06, 1.70501368757e-06, 2.53634135916e-09],
        "min": [2.90230257402e-23, 2.90058033289e-23, 1.06005045851e-23, 1.64406895688e-23, 5.72736872344e-23, 5.75931191031e-23, 2.69409946194e-23, 4.55340738131e-23, 7.73188069192e-23, 5.94546036474e-23, 8.36577081894e-23, 1.44964462579e-22, 4.27023755523e-23, 5.56461094148e-23, 1.92847107836e-22, 2.45394710454e-22, 1.40927615202e-22, 1.56954302679e-22, 2.03306381075e-22, 3.17612818491e-22, 4.26992762755e-22, 6.58647914378e-22, 6.67300847606e-22, 9.24924441947e-22, 1.36981826356e-21, 1.75654832302e-21, 2.63483419753e-21],
        "stdev": [6.72526439303e-05, 0.000146423903061, 0.00101673742756, 0.000834124453831, 0.00654034828767, 0.00341361784376, 0.00519715668634, 0.00623475108296, 0.00441407645121, 0.00256939954124, 0.00254191295244, 0.001731498749, 0.000517374428455, 0.000445858400781, 0.000371275353245, 0.000404702615924, 0.000376901705749, 0.000180659728358, 0.000185679455171, 0.000134475252707, 0.000251444551395, 0.000440853298642, 0.000620256760158, 0.000826905481517, 0.000406269187806, 0.000108583997644, 7.10722770236e-06],
        "var": [4.52291848418e-09, 2.1439957365e-08, 1.03375509752e-06, 6.95763560543e-07, 4.27761551691e-05, 1.16527862701e-05, 2.70104355877e-05, 3.88721200579e-05, 1.94840704353e-05, 6.60181422063e-06, 6.46132093607e-06, 2.9980878935e-06, 2.67676313115e-07, 1.98789720685e-07, 1.37845390213e-07, 1.6378420753e-07, 1.42054901175e-07, 3.26379350213e-08, 3.4476862254e-08, 1.80835932895e-08, 6.32243697396e-08, 1.94351642335e-07, 3.847184189e-07, 6.83772668708e-07, 1.6505464373e-07, 1.17904841446e-08, 5.05126877826e-11]
    },
    "erbbands": {
        "dmean": [0.00119712983724, 0.0237345583737, 0.387466043234, 1.1602216959, 2.20288062096, 10.2572345734, 14.4056253433, 11.610502243, 30.648519516, 32.7238426208, 43.316368103, 27.0216903687, 19.504858017, 27.5367679596, 24.0961151123, 16.2458572388, 7.03991222382, 6.04787349701, 5.40925073624, 4.20889854431, 11.5006895065, 7.40756225586, 3.2133872509, 4.21655607224, 2.7229654789, 1.9177672863, 3.00547170639, 3.97338342667, 5.27188396454, 5.52684879303, 4.96415662766, 3.91764903069, 3.62228679657, 1.7524933815, 0.52738237381, 0.160769805312, 0.0488794706762, 0.0089675122872, 0.000257105217315, 1.63471049746e-05],
        "dmean2": [0.00192290230189, 0.0394830256701, 0.602303147316, 1.89766216278, 3.46472620964, 14.9131336212, 21.6958713531, 17.356760025, 47.3103141785, 46.3623657227, 58.3177719116, 35.2459602356, 28.4623527527, 39.7109375, 33.2214050293, 21.5474300385, 9.88760948181, 9.07371234894, 8.20396995544, 6.20179462433, 18.4008216858, 12.4141321182, 5.30958271027, 6.53595972061, 4.51035261154, 3.24926733971, 5.30207681656, 6.90377426147, 9.02046108246, 9.12501525879, 7.92458057404, 6.24839496613, 5.70676374435, 2.7109644413, 0.81293797493, 0.26086166501, 0.0780118852854, 0.0150997024029, 0.000443184020696, 2.48197502515e-05],
        "dvar": [1.4725609617e-05, 0.00156134460121, 0.307863891125, 4.30555582047, 12.8190546036, 294.802398682, 813.932250977, 502.771972656, 3899.91748047, 4509.99023438, 11916.1240234, 5636.84960938, 2413.42382812, 6857.41650391, 4207.35644531, 2544.88720703, 245.226364136, 304.380462646, 304.707946777, 86.0515518188, 917.59588623, 549.772521973, 98.6161499023, 79.5627288818, 77.7817306519, 39.9607429504, 103.633392334, 140.498825073, 266.334411621, 303.708557129, 238.353515625, 164.095367432, 178.635787964, 29.6227893829, 2.11104035378, 0.273718178272, 0.0275963619351, 0.00122892728541, 1.49828395024e-06, 9.93056858967e-10],
        "dvar2": [3.51090930053e-05, 0.00428528198972, 0.756967425346, 11.1457061768, 26.8683433533, 546.551391602, 1638.86535645, 1059.0357666, 8652.7890625, 8876.06347656, 21720.6113281, 8857.68359375, 4438.20703125, 14946.4912109, 7282.85888672, 4073.04541016, 423.645874023, 610.012573242, 633.26763916, 147.130493164, 2560.80761719, 1486.68603516, 252.454025269, 191.4190979, 218.670211792, 90.3056106567, 276.591064453, 362.4659729, 714.83203125, 748.038024902, 557.147521973, 379.369689941, 430.076293945, 64.7585372925, 4.59572792053, 0.654333949089, 0.0637157186866, 0.0032597607933, 4.13655016018e-06, 2.61930055423e-09],
        "max": [0.06066339463, 0.405510812998, 6.63848209381, 25.3484458923, 94.6190872192, 292.686676025, 421.5546875, 272.477966309, 723.416809082, 854.98260498, 1526.69372559, 1134.77319336, 916.25213623, 1030.70666504, 754.831604004, 1233.54748535, 267.614868164, 311.195220947, 285.284729004, 192.689971924, 274.737915039, 198.373519897, 117.869049072, 136.218917847, 135.990066528, 117.278579712, 84.3689117432, 127.27646637, 260.553833008, 309.789367676, 200.172363281, 231.878387451, 235.900848389, 69.2748336792, 15.4905929565, 6.67163467407, 3.36580467224, 0.399594187737, 0.0212526358664, 0.000412208464695],
        "mean": [0.00145238311961, 0.0416423603892, 0.675708293915, 1.8928488493, 4.95895957947, 20.5436611176, 25.3652305603, 18.5443954468, 41.5806846619, 42.8432884216, 56.4823570251, 35.7631645203, 25.0088691711, 32.0144691467, 30.3045330048, 21.2968521118, 10.1571025848, 8.03864765167, 7.26153612137, 5.97470998764, 12.8395433426, 6.89947223663, 3.00276470184, 4.79677963257, 2.87741875648, 1.74733901024, 2.3750910759, 3.59190106392, 5.33561897278, 5.82867002487, 5.48285865784, 4.43608903885, 4.37146520615, 2.1225540638, 0.597786843777, 0.157295018435, 0.0483530983329, 0.00720844510943, 0.000210627971683, 3.19176251651e-05],
        "median": [0.000683459104039, 0.027601249516, 0.392582684755, 1.095895648, 3.55785822868, 9.5133972168, 4.84790325165, 9.43503952026, 16.66847229, 8.25359630585, 4.39411258698, 3.76576566696, 3.5044863224, 2.63073658943, 1.99392175674, 2.81401109695, 3.03193378448, 2.04772472382, 1.87782430649, 1.46148538589, 2.81023430824, 1.33774423599, 0.58693164587, 1.10411167145, 0.569387495518, 0.154715299606, 0.105481632054, 0.330302000046, 0.906436026096, 0.604985713959, 0.328241705894, 0.137039676309, 0.0413198396564, 0.0412912331522, 0.0364128723741, 0.0118103269488, 0.00249817944132, 0.000187806392205, 2.11726764974e-05, 2.302786379e-05],
        "min": [1.61999112345e-21, 3.85391081038e-21, 1.36406089666e-20, 2.38538645354e-20, 9.38980922429e-20, 2.22393065305e-19, 3.30727850306e-19, 4.72686312285e-19, 5.51256683154e-19, 3.70508206734e-19, 1.29087676405e-18, 1.42582931643e-18, 1.91659898598e-18, 2.43830841576e-18, 4.71331731654e-18, 4.87802469293e-18, 2.34082352621e-18, 2.23716559455e-18, 1.00251907961e-17, 1.19006085953e-17, 1.13995182967e-17, 9.20650201974e-18, 1.04797596299e-17, 8.50363920863e-18, 1.27570581667e-17, 1.17278601962e-17, 1.80384599668e-17, 1.60548064117e-17, 2.01062394447e-17, 2.3959269899e-17, 1.91362229383e-17, 1.85373210137e-17, 1.71836697198e-17, 1.32627666147e-17, 1.02486710094e-17, 5.8626372148e-18, 3.97035609805e-18, 1.04344584633e-18, 3.47003326791e-19, 4.26245135673e-20],
        "stdev": [0.00367251271382, 0.0462594032288, 0.776891231537, 2.44957447052, 5.76119327545, 31.3786373138, 46.7363090515, 28.1187705994, 76.7494659424, 87.578163147, 143.900421143, 102.095054626, 63.3414421082, 97.582611084, 86.4396286011, 67.5706481934, 23.0985012054, 21.4061069489, 21.4013328552, 13.1887226105, 27.848815918, 20.0753574371, 8.99456501007, 10.1192293167, 8.11563301086, 6.7792339325, 8.85579204559, 11.0921669006, 15.4644079208, 17.9395580292, 17.5901641846, 14.8365650177, 15.8967638016, 7.01598405838, 1.83119535446, 0.56693726778, 0.189641147852, 0.0304113011807, 0.000987482722849, 3.5987355659e-05],
        "var": [1.3487349861e-05, 0.00213993247598, 0.603559970856, 6.00041484833, 33.1913490295, 984.618896484, 2184.28271484, 790.665283203, 5890.48046875, 7669.93505859, 20707.3300781, 10423.3994141, 4012.13842773, 9522.36621094, 7471.80957031, 4565.79248047, 533.540771484, 458.221435547, 458.017028809, 173.94241333, 775.55657959, 403.019989014, 80.9021911621, 102.398796082, 65.8635025024, 45.9580116272, 78.4250488281, 123.036170959, 239.147918701, 321.827728271, 309.413848877, 220.123672485, 252.707107544, 49.224029541, 3.35327625275, 0.321417838335, 0.0359637662768, 0.000924847263377, 9.75122020463e-07, 1.29508970215e-09]
    },
    "gfcc": {
        "mean": [-75.853225708, 117.746170044, -107.045524597, 6.73080778122, -75.6381072998, 0.671591520309, -56.9312934875, -8.24128913879, -22.3319015503, -8.79789447784, -19.6704998016, 0.52401804924, -17.8714637756],
        "cov": [[9507.01171875, -3491.73925781, 11.1029787064, 580.583312988, -1426.50622559, 468.096130371, -586.586853027, 403.374359131, -225.793685913, 226.457351685, -516.79699707, 436.443206787, -320.857086182], [-3491.73925781, 3803.42407227, -742.973571777, -1096.68078613, 1064.77404785, -519.921569824, 484.714599609, -261.773132324, 344.240844727, -400.350738525, 139.151153564, -58.3229675293, 115.833709717], [11.1029787064, -742.973571777, 632.857421875, 273.986236572, -195.777908325, 184.149917603, -140.137832642, 13.6100111008, -119.029121399, 125.708503723, -23.8041248322, -14.2557697296, -0.847845196724], [580.583312988, -1096.68078613, 273.986236572, 747.45489502, -277.84286499, 175.513671875, -193.968154907, -55.8633728027, -89.8528366089, 127.534736633, 36.87059021, -78.7684402466, 13.5356264114], [-1426.50622559, 1064.77404785, -195.777908325, -277.84286499, 628.21282959, -208.026092529, 47.0527877808, -86.9983444214, 88.2720794678, -46.9518356323, 51.8265151978, -38.2744979858, 37.3318214417], [468.096130371, -519.921569824, 184.149917603, 175.513671875, -208.026092529, 252.28678894, -38.9561958313, 40.8244514465, -54.1707458496, 41.8283500671, -15.6388139725, 15.4753112793, -8.19223022461], [-586.586853027, 484.714599609, -140.137832642, -193.968154907, 47.0527877808, -38.9561958313, 332.730895996, 85.5661315918, 14.9413547516, -116.413902283, 12.0255508423, -6.78660154343, 27.6114997864], [403.374359131, -261.773132324, 13.6100111008, -55.8633728027, -86.9983444214, 40.8244514465, 85.5661315918, 206.057373047, -25.8937091827, 2.01265120506, -41.1080665588, 23.4573707581, -27.9872360229], [-225.793685913, 344.240844727, -119.029121399, -89.8528366089, 88.2720794678, -54.1707458496, 14.9413547516, -25.8937091827, 162.554473877, -13.4314336777, 7.07928752899, 5.76408672333, 0.463594645262], [226.457351685, -400.350738525, 125.708503723, 127.534736633, -46.9518356323, 41.8283500671, -116.413902283, 2.01265120506, -13.4314336777, 172.721252441, 23.9971313477, -11.833691597, -33.6363182068], [-516.79699707, 139.151153564, -23.8041248322, 36.87059021, 51.8265151978, -15.6388139725, 12.0255508423, -41.1080665588, 7.07928752899, 23.9971313477, 152.189361572, -47.31590271, 4.55229520798], [436.443206787, -58.3229675293, -14.2557697296, -78.7684402466, -38.2744979858, 15.4753112793, -6.78660154343, 23.4573707581, 5.76408672333, -11.833691597, -47.31590271, 128.673904419, -10.9556531906], [-320.857086182, 115.833709717, -0.847845196724, 13.5356264114, 37.3318214417, -8.19223022461, 27.6114997864, -27.9872360229, 0.463594645262, -33.6363182068, 4.55229520798, -10.9556531906, 108.204162598]],
        "icov": [[0.000370200752513, 2.67919440375e-05, 0.000534316757694, -0.000131113207317, 0.000584238790907, -9.36889773584e-05, 0.000641275022645, -0.00043615634786, 0.000277736864518, -0.000136411137646, 0.000756175024435, -0.000673886097502, 0.000460905837826], [2.67919440375e-05, 0.00189038377721, -1.23940753838e-05, 0.00156979332678, -0.00150495453272, 0.000218120272621, -0.00138251134194, 0.00221936055459, -0.00158020516392, 0.00180921808351, -0.000760339549743, 0.000731490261387, -2.88900355372e-06], [0.000534316757694, -1.23940753838e-05, 0.00339502631687, -0.000396905612433, 0.000940726487897, -0.00137640209869, 0.0013277803082, -0.000625804881565, 0.0016659128014, -0.00153973686974, 0.00167862640228, -0.000643806240987, 0.000122879748233], [-0.000131113207317, 0.00156979332678, -0.000396905612433, 0.00393721042201, -0.000621101178695, -0.000603085267358, -0.000514046405442, 0.00260676257312, -0.00097845622804, 0.0008685834473, -0.00129576597828, 0.00246896734461, -0.00101215520408], [0.000584238790907, -0.00150495453272, 0.000940726487897, -0.000621101178695, 0.0048898649402, 0.000996469520032, 0.0023480115924, -0.001834214665, 0.00132317736279, -0.00194072746672, 0.00138629821595, -0.000875955505762, -1.26116519823e-05], [-9.36889773584e-05, 0.000218120272621, -0.00137640209869, -0.000603085267358, 0.000996469520032, 0.0067271720618, -0.000515548279509, -0.000389026856283, -0.000165263219969, 0.000351912545739, -0.000578515348025, -0.000763358431868, -0.000193045765627], [0.000641275022645, -0.00138251134194, 0.0013277803082, -0.000514046405442, 0.0023480115924, -0.000515548279509, 0.00769352260977, -0.00501711759716, 0.00166854541749, 0.00132621394005, 0.000464178912807, -0.000699446478393, -0.000339005346177], [-0.00043615634786, 0.00221936055459, -0.000625804881565, 0.00260676257312, -0.001834214665, -0.000389026856283, -0.00501711759716, 0.0104325395077, -0.00134724436793, 0.000516700209118, -1.17985064207e-05, 0.00152690382674, 0.000903354375623], [0.000277736864518, -0.00158020516392, 0.0016659128014, -0.00097845622804, 0.00132317736279, -0.000165263219969, 0.00166854541749, -0.00134724436793, 0.00920253247023, -0.00248031830415, 0.00143697147723, -0.00140399252996, 0.000394309638068], [-0.000136411137646, 0.00180921808351, -0.00153973686974, 0.0008685834473, -0.00194072746672, 0.000351912545739, 0.00132621394005, 0.000516700209118, -0.00248031830415, 0.0116257555783, -0.00325552863069, 0.00114554481115, 0.00190699403174], [0.000756175024435, -0.000760339549743, 0.00167862640228, -0.00129576597828, 0.00138629821595, -0.000578515348025, 0.000464178912807, -1.17985064207e-05, 0.00143697147723, -0.00325552863069, 0.0104246856645, 0.000562612432986, 0.00118810031563], [-0.000673886097502, 0.000731490261387, -0.000643806240987, 0.00246896734461, -0.000875955505762, -0.000763358431868, -0.000699446478393, 0.00152690382674, -0.00140399252996, 0.00114554481115, 0.000562612432986, 0.0116554535925, -0.000758829643019], [0.000460905837826, -2.88900355372e-06, 0.000122879748233, -0.00101215520408, -1.26116519823e-05, -0.000193045765627, -0.000339005346177, 0.000903354375623, 0.000394309638068, 0.00190699403174, 0.00118810031563, -0.000758829643019, 0.0115133784711]]
    },
    "melbands": {
        "dmean": [1.39040894283e-05, 0.00014870132145, 0.000190771883354, 0.000407052109949, 0.000516394735314, 0.00027631415287, 0.000463037344161, 0.000376593321562, 0.000344604864949, 0.000155126719619, 9.78209573077e-05, 0.000110897512059, 8.57901904965e-05, 5.82153843425e-05, 2.45991941483e-05, 1.37822407851e-05, 1.16863357107e-05, 9.41290454648e-06, 5.95662140768e-06, 7.47110925658e-06, 1.53419496201e-05, 9.01757539395e-06, 3.13560462928e-06, 3.13640862259e-06, 3.59433897756e-06, 2.67144332611e-06, 1.17987167414e-06, 1.30181319946e-06, 1.77708488991e-06, 2.15478621612e-06, 2.42180999521e-06, 2.9133868793e-06, 3.19105674862e-06, 3.16585351356e-06, 2.89191825686e-06, 2.89842478196e-06, 2.26181805374e-06, 2.80344897874e-06, 1.98126440409e-06, 1.40954171002e-06],
        "dmean2": [2.30884543271e-05, 0.000234044651734, 0.000309801456751, 0.00060096179368, 0.000766094890423, 0.000415772869019, 0.000711722648703, 0.000527404306922, 0.000466720521217, 0.000207885721466, 0.000144117992022, 0.000159956354764, 0.000124036741909, 8.04231094662e-05, 3.41363629559e-05, 2.03208401217e-05, 1.76086468855e-05, 1.44254236147e-05, 8.90228511707e-06, 1.13528121801e-05, 2.49730128417e-05, 1.52126258399e-05, 5.30877014171e-06, 5.12485803483e-06, 5.54779262529e-06, 4.4451494432e-06, 1.98644875127e-06, 2.20170727516e-06, 3.168589501e-06, 3.73070088244e-06, 4.19328125645e-06, 4.96858547194e-06, 5.36673542229e-06, 5.17584066984e-06, 4.6556219786e-06, 4.67140489491e-06, 3.6643709791e-06, 4.50288871434e-06, 3.05615344587e-06, 2.23742085836e-06],
        "dvar": [1.12522025031e-09, 4.52135182627e-08, 8.86162681013e-08, 4.11312356619e-07, 8.52847733768e-07, 2.53490867408e-07, 8.02150111667e-07, 6.4080637685e-07, 8.16201520593e-07, 1.89703186493e-07, 6.3082936208e-08, 1.15409740431e-07, 5.43406066811e-08, 3.09337409021e-08, 4.76965800189e-09, 1.04537822843e-09, 1.35546063262e-09, 8.97156626767e-10, 3.59631519009e-10, 2.40055864076e-10, 1.67578961818e-09, 7.67615471187e-10, 1.13326702189e-10, 1.12642804806e-10, 5.67406815977e-11, 7.92046983555e-11, 1.68471469414e-11, 1.90419867374e-11, 3.75429340393e-11, 4.93657857648e-11, 5.25610076296e-11, 8.93509433109e-11, 8.96441532117e-11, 1.0371108139e-10, 8.75505987152e-11, 8.42000150159e-11, 6.07860151103e-11, 1.29980581853e-10, 3.85090674626e-11, 2.12922006415e-11],
        "dvar2": [2.77764922174e-09, 1.1047225712e-07, 2.26536442938e-07, 7.72226655954e-07, 1.62909600476e-06, 5.38836843589e-07, 1.77784272637e-06, 1.27530847749e-06, 1.49280435835e-06, 3.04344297319e-07, 1.18205363719e-07, 2.52844984061e-07, 9.64566524431e-08, 5.16027256481e-08, 8.17047318691e-09, 1.87632975823e-09, 2.83055734407e-09, 1.86203963359e-09, 6.14289286105e-10, 4.95900043251e-10, 4.71911176803e-09, 2.07874117919e-09, 2.89967910794e-10, 2.91569268729e-10, 1.33245942058e-10, 2.31529059813e-10, 4.03848725294e-11, 4.31090649289e-11, 1.01080060988e-10, 1.29929816906e-10, 1.37614211693e-10, 2.44718245668e-10, 2.35046204722e-10, 2.50586051909e-10, 2.11382716886e-10, 1.91927668203e-10, 1.43513007034e-10, 3.25662941059e-10, 8.05118402503e-11, 4.86361263763e-11],
        "max": [0.000445279059932, 0.00264955032617, 0.00365546159446, 0.0116105154157, 0.0113316522911, 0.00580500718206, 0.0107127800584, 0.00987352337688, 0.0124266492203, 0.00664848741144, 0.00453426130116, 0.004227404017, 0.00243698526174, 0.00241473247297, 0.00171954766847, 0.000514020561241, 0.000591674586758, 0.000403414363973, 0.000409557949752, 0.000245131988777, 0.00036781252129, 0.000249226752203, 9.22426843317e-05, 0.000187102516065, 0.000114086375106, 0.000122866986203, 6.86607454554e-05, 8.13769875094e-05, 4.87859142595e-05, 6.46895277896e-05, 7.89244877524e-05, 0.000164973869687, 0.000132463421323, 0.000194716325495, 0.000133459863719, 0.000122889367049, 0.000148359293235, 0.000209600897506, 7.78835819801e-05, 6.33705058135e-05],
        "mean": [1.96601995412e-05, 0.000264056114247, 0.000374566676328, 0.000874930934515, 0.000960006436799, 0.000443396973424, 0.000630891881883, 0.000484299263917, 0.000447177473688, 0.000198525434826, 0.000120504999359, 0.000126916769659, 0.000105499013443, 7.15250280336e-05, 3.28168789565e-05, 1.86753622984e-05, 1.45006606544e-05, 1.20935437735e-05, 7.74810723669e-06, 1.00255301732e-05, 1.63320564752e-05, 8.24084781925e-06, 2.63956758317e-06, 2.93634116133e-06, 4.09474978369e-06, 2.8320803267e-06, 1.15055831884e-06, 1.1282061223e-06, 1.36037988341e-06, 1.71829208284e-06, 2.20912102122e-06, 2.90322327601e-06, 3.20647950502e-06, 3.28420287588e-06, 3.1181994018e-06, 3.07406639877e-06, 2.53889447777e-06, 3.25467954099e-06, 2.42550049734e-06, 1.63922140928e-06],
        "median": [1.08811254904e-05, 0.000160370560479, 0.000286035705358, 0.000482094095787, 0.000238998589339, 0.000221330134082, 0.000254562590271, 7.39699025871e-05, 3.17983176501e-05, 2.11575370486e-05, 1.67004272953e-05, 1.01359892142e-05, 6.73123940942e-06, 6.74652483212e-06, 5.09378560309e-06, 6.029393262e-06, 3.07933419208e-06, 2.96018447443e-06, 1.80169058694e-06, 2.37410563386e-06, 3.21746142617e-06, 1.47394541727e-06, 4.37719279489e-07, 4.25151966965e-07, 9.21174205359e-07, 5.14292025855e-07, 1.4124012182e-07, 6.92340904607e-08, 5.33928101731e-08, 5.6787357039e-08, 2.18276824171e-07, 5.00973555972e-07, 4.657190118e-07, 2.56076106098e-07, 1.85991027024e-07, 1.29731745346e-07, 4.88362310591e-08, 2.26280469917e-08, 1.9626167358e-08, 3.73702455647e-08],
        "min": [1.18741378715e-23, 5.67060434374e-24, 6.96003614751e-24, 1.05200715383e-23, 1.30141775636e-23, 1.15942870988e-23, 7.42148427832e-24, 4.80330620985e-24, 1.17577485447e-23, 9.41310326193e-24, 9.77025057044e-24, 9.58318246196e-24, 1.34684967584e-23, 1.43433371914e-23, 1.16018033655e-23, 3.06656542371e-24, 3.53385112522e-24, 1.57756056727e-23, 1.27662472586e-23, 1.43758193281e-23, 1.33117500966e-23, 9.10453243025e-24, 1.07482858428e-23, 6.6913035804e-24, 6.82330052022e-24, 8.36433635427e-24, 9.69601718154e-24, 7.6803363626e-24, 1.07438847878e-23, 1.1954776811e-23, 7.96187371992e-24, 9.30475242774e-24, 1.66862461913e-23, 1.14527741299e-23, 9.58077722506e-24, 1.21803515868e-23, 1.14428731366e-23, 1.22026984385e-23, 1.06200454586e-23, 1.17704689268e-23],
        "stdev": [3.36540178978e-05, 0.000291978096357, 0.000375498784706, 0.00118957820814, 0.00156199559569, 0.000640236306936, 0.00109966914169, 0.00103350414429, 0.00117542140651, 0.00058266648557, 0.000322018022416, 0.000402793782996, 0.000303419190459, 0.000228539167438, 9.56714138738e-05, 4.48035389127e-05, 4.31558983109e-05, 3.64922270819e-05, 2.54138940363e-05, 1.95857555809e-05, 3.67541033484e-05, 2.37648546317e-05, 9.31878639676e-06, 9.75784496404e-06, 8.72293367138e-06, 7.99720601208e-06, 4.21522008764e-06, 4.63719970867e-06, 5.23790868101e-06, 6.25326174486e-06, 6.72704436511e-06, 8.67095423018e-06, 9.36078049563e-06, 1.051444724e-05, 1.02192452687e-05, 1.05013368739e-05, 8.93253309187e-06, 1.26639979499e-05, 8.36878189148e-06, 5.64145148019e-06],
        "var": [1.13259290835e-09, 8.52512158644e-08, 1.40999347309e-07, 1.41509644891e-06, 2.43983026849e-06, 4.09902497722e-07, 1.20927211356e-06, 1.06813070033e-06, 1.38161556151e-06, 3.39500246582e-07, 1.03695597886e-07, 1.62242841384e-07, 9.2063203283e-08, 5.22301490946e-08, 9.15301878734e-09, 2.00735694733e-09, 1.86243165334e-09, 1.33168265304e-09, 6.45865971816e-10, 3.83601816978e-10, 1.35086419828e-09, 5.64768287692e-10, 8.68397714848e-11, 9.52155368439e-11, 7.6089572143e-11, 6.39553063286e-11, 1.7768078675e-11, 2.15036217999e-11, 2.74356874025e-11, 3.91032831115e-11, 4.52531241646e-11, 7.51854412062e-11, 8.76242134407e-11, 1.10553600996e-10, 1.04432969217e-10, 1.10278078336e-10, 7.9790146712e-11, 1.60376850689e-10, 7.00365043738e-11, 3.18259758825e-11]
    },
    "melbands128": {
