{
"lowlevel": {
    "average_loudness": 0.790574669838,
    "barkbands_crest": {
        "dmean": 2.74937176704,
        "dmean2": 4.47533082962,
        "dvar": 7.7554693222,
        "dvar2": 20.1848773956,
        "max": 25.4084186554,
        "mean": 12.5358610153,
        "median": 11.8236761093,
        "min": 4.02375268936,
        "stdev": 5.24044799805,
        "var": 27.4622974396
    },
    "barkbands_flatness_db": {
        "dmean": 0.0251157917082,
        "dmean2": 0.0392980575562,
        "dvar": 0.000609348469879,
        "dvar2": 0.00135498214513,
        "max": 0.461057186127,
        "mean": 0.202770754695,
        "median": 0.190588757396,
        "min": 0.0347572937608,
        "stdev": 0.0807637870312,
        "var": 0.00652278913185
    },
    "barkbands_kurtosis": {
        "dmean": 4.59616661072,
        "dmean2": 7.21203899384,
        "dvar": 85.7862548828,
        "dvar2": 214.427841187,
        "max": 113.802200317,
        "mean": 5.73373174667,
        "median": 1.43177127838,
        "min": -1.81624996662,
        "stdev": 11.594833374,
        "var": 134.440155029
    },
    "barkbands_skewness": {
        "dmean": 0.697666168213,
        "dmean2": 1.07031261921,
        "dvar": 0.70115172863,
        "dvar2": 1.57621502876,
        "max": 8.47256374359,
        "mean": 1.74980056286,
        "median": 1.36275029182,
        "min": -2.42920565605,
        "stdev": 1.65503513813,
        "var": 2.73914146423
    },
    "barkbands_spread": {
        "dmean": 6.14765405655,
        "dmean2": 9.34449958801,
        "dvar": 65.1806106567,
        "dvar2": 145.016647339,
        "max": 87.4926223755,
        "mean": 19.5707473755,
        "median": 13.3016996384,
        "min": 1.67755866051,
        "stdev": 14.514878273,
        "var": 210.68170166
    },
    "dissonance": {
        "dmean": 0.0233901366591,
        "dmean2": 0.0387590155005,
        "dvar": 0.000640610000119,
        "dvar2": 0.00174110103399,
        "max": 0.499672025442,
        "mean": 0.453987747431,
        "median": 0.464326858521,
        "min": 0.193181008101,
        "stdev": 0.0389260426164,
        "var": 0.00151523691602
    },
    "dynamic_complexity": 4.12009620667,
    "erbbands_crest": {
        "dmean": 2.68186426163,
        "dmean2": 4.36334085464,
        "dvar": 6.46942424774,
        "dvar2": 15.4982404709,
        "max": 28.2085571289,
        "mean": 8.67495346069,
        "median": 7.78956985474,
        "min": 2.5891828537,
        "stdev": 4.11390590668,
        "var": 16.9242210388
    },
    "erbbands_flatness_db": {
        "dmean": 0.0161886755377,
        "dmean2": 0.0236011072993,
        "dvar": 0.000245371134952,
        "dvar2": 0.00044195560622,
        "max": 0.547958076,
        "mean": 0.20265211165,
        "median": 0.148874610662,
        "min": 0.059399984777,
        "stdev": 0.115249045193,
        "var": 0.0132823418826
    },
    "erbbands_kurtosis": {
        "dmean": 0.81226170063,
        "dmean2": 1.3328319788,
        "dvar": 1.29696881771,
        "dvar2": 3.20423555374,
        "max": 14.7676887512,
        "mean": 0.0497395694256,
        "median": -0.285668373108,
        "min": -1.77838456631,
        "stdev": 1.46293532848,
        "var": 2.14017963409
    },
    "erbbands_skewness": {
        "dmean": 0.387849360704,
        "dmean2": 0.600768685341,
        "dvar": 0.13005644083,
        "dvar2": 0.292989462614,
        "max": 1.91617190838,
        "mean": -0.0990970283747,
        "median": -0.0571281760931,
        "min": -3.54530620575,
        "stdev": 0.693343997002,
        "var": 0.480725884438
    },
    "erbbands_spread": {
        "dmean": 8.35776996613,
        "dmean2": 12.9156312943,
        "dvar": 101.524559021,
        "dvar2": 215.994216919,
        "max": 141.026092529,
        "mean": 38.5184936523,
        "median": 33.7787399292,
        "min": 2.26044821739,
        "stdev": 24.6086807251,
        "var": 605.587158203
    },
    "hfc": {
        "dmean": 8.22953033447,
        "dmean2": 11.5340166092,
        "dvar": 194.868179321,
        "dvar2": 353.332977295,
        "max": 184.227844238,
        "mean": 23.4894371033,
        "median": 14.5949392319,
        "min": 1.20582697164e-16,
        "stdev": 25.7941455841,
        "var": 665.33795166
    },
    "loudness_ebu128": {
        "integrated": -9.29613208771,
        "loudness_range": 11.1348705292,
        "momentary": {
            "dmean": 0.634666442871,
            "dmean2": 0.796487092972,
            "dvar": 0.644190609455,
            "dvar2": 1.11276352406,
            "max": -6.0645108223,
            "mean": -11.7376413345,
            "median": -8.82011890411,
            "min": -23.2230548859,
            "stdev": 5.10889148712,
            "var": 26.1007709503
        },
        "short_term": {
            "dmean": 0.123233683407,
            "dmean2": 0.104401186109,
            "dvar": 0.0272883120924,
            "dvar2": 0.0136283300817,
            "max": -6.84259223938,
            "mean": -11.4280185699,
            "median": -8.75837421417,
            "min": -19.1353149414,
            "stdev": 4.56656646729,
            "var": 20.8535308838
        }
    },
    "melbands_crest": {
        "dmean": 3.12224578857,
        "dmean2": 5.12102031708,
        "dvar": 11.9044694901,
        "dvar2": 28.984834671,
        "max": 37.108631134,
        "mean": 18.2948665619,
        "median": 17.3009586334,
        "min": 2.03991985321,
        "stdev": 9.02338409424,
        "var": 81.4214553833
    },
    "melbands_flatness_db": {
        "dmean": 0.028074523434,
        "dmean2": 0.0426934473217,
        "dvar": 0.000876689678989,
        "dvar2": 0.00185455009341,
        "max": 0.508090376854,
        "mean": 0.25208774209,
        "median": 0.242926582694,
        "min": 0.00497009139508,
        "stdev": 0.0727997198701,
        "var": 0.00529979867861
    },
    "melbands_kurtosis": {
        "dmean": 13.5268392563,
        "dmean2": 21.4530334473,
        "dvar": 726.161499023,
        "dvar2": 1772.03173828,
        "max": 269.997711182,
        "mean": 22.4851360321,
        "median": 8.07697868347,
        "min": -1.85371851921,
        "stdev": 36.7612571716,
        "var": 1351.39001465
    },
    "melbands_skewness": {
        "dmean": 0.98693972826,
        "dmean2": 1.52960276604,
        "dvar": 1.66344439983,
        "dvar2": 3.80027246475,
        "max": 14.2832651138,
        "mean": 3.21382713318,
        "median": 2.68334889412,
        "min": -1.7406784296,
        "stdev": 2.73382019997,
        "var": 7.47377347946
    },
    "melbands_spread": {
        "dmean": 5.85196256638,
        "dmean2": 9.13952922821,
        "dvar": 61.9281578064,
        "dvar2": 128.766723633,
        "max": 131.851257324,
        "mean": 17.7682914734,
        "median": 15.9766798019,
        "min": 1.05929982662,
        "stdev": 11.9313850403,
        "var": 142.357955933
    },
    "pitch_salience": {
        "dmean": 0.084378361702,
        "dmean2": 0.140733614564,
        "dvar": 0.00792248453945,
        "dvar2": 0.0209165252745,
        "max": 0.847684144974,
        "mean": 0.464715510607,
        "median": 0.469869405031,
        "min": 0.122618772089,
        "stdev": 0.1585149616,
        "var": 0.0251269917935
    },
    "silence_rate_20dB": {
        "dmean": 0,
        "dmean2": 0,
        "dvar": 0,
        "dvar2": 0,
        "max": 1,
        "mean": 1,
        "median": 1,
        "min": 1,
        "stdev": 0,
        "var": 0
    },
    "silence_rate_30dB": {
        "dmean": 0.0526315793395,
        "dmean2": 0.105344690382,
        "dvar": 0.0498613007367,
        "dvar2": 0.10819029808,
        "max": 1,
        "mean": 0.924207270145,
        "median": 1,
        "min": 0,
        "stdev": 0.264666438103,
        "var": 0.0700483173132
    },
    "silence_rate_60dB": {
        "dmean": 0.0565015487373,
        "dmean2": 0.113090626895,
        "dvar": 0.0533075109124,
        "dvar2": 0.117340393364,
        "max": 1,
        "mean": 0.204949736595,
        "median": 0,
        "min": 0,
        "stdev": 0.403667509556,
        "var": 0.162947461009
    },
    "spectral_centroid": {
        "dmean": 272.112701416,
        "dmean2": 401.371582031,
        "dvar": 135896.921875,
        "dvar2": 209728.5,
        "max": 10824.0068359,
        "mean": 1390.94677734,
        "median": 1210.77270508,
        "min": 291.842407227,
        "stdev": 684.283508301,
        "var": 468243.90625
    },
    "spectral_complexity": {
        "dmean": 3.53018569946,
        "dmean2": 5.23005437851,
        "dvar": 19.2723312378,
        "dvar2": 29.1329936981,
        "max": 64,
        "mean": 15.9605569839,
        "median": 13,
        "min": 0,
        "stdev": 10.2006502151,
        "var": 104.053268433
    },
    "spectral_decrease": {
        "dmean": 3.12892045606e-09,
        "dmean2": 5.11402697967e-09,
        "dvar": 3.78158256348e-17,
        "dvar2": 8.80765107936e-17,
        "max": -5.28293417101e-29,
        "mean": -1.07234106039e-08,
        "median": -8.4940037226e-09,
        "min": -6.45767741503e-08,
        "stdev": 1.1240558706e-08,
        "var": 1.26350157736e-16
    },
    "spectral_energy": {
        "dmean": 0.0122858406976,
        "dmean2": 0.0199849642813,
        "dvar": 0.000552661833353,
        "dvar2": 0.00127880170476,
        "max": 0.246543034911,
        "mean": 0.0426032282412,
        "median": 0.0350606776774,
        "min": 1.11365918885e-20,
        "stdev": 0.043804988265,
        "var": 0.0019188770093
    },
    "spectral_energyband_high": {
        "dmean": 0.000623187108431,
        "dmean2": 0.000851956836414,
        "dvar": 1.52467418957e-06,
        "dvar2": 2.64773962044e-06,
        "max": 0.015702560544,
        "mean": 0.00138704990968,
        "median": 0.000415077636717,
        "min": 7.75550405942e-21,
        "stdev": 0.00219689053483,
        "var": 4.82632776766e-06
    },
    "spectral_energyband_low": {
        "dmean": 0.00929939281195,
        "dmean2": 0.0153167629614,
        "dvar": 0.000524234143086,
        "dvar2": 0.00129669357557,
        "max": 0.229122281075,
        "mean": 0.0284197814763,
        "median": 0.0130783719942,
        "min": 1.01700023632e-22,
        "stdev": 0.0370230674744,
        "var": 0.0013707075268
    },
    "spectral_energyband_middle_high": {
        "dmean": 0.00227891816758,
        "dmean2": 0.00339384796098,
        "dvar": 1.7450456653e-05,
        "dvar2": 4.03229969379e-05,
        "max": 0.0501719452441,
        "mean": 0.00494032260031,
        "median": 0.0021046360489,
        "min": 1.78828532057e-21,
        "stdev": 0.0065546547994,
        "var": 4.29634965258e-05
    },
    "spectral_energyband_middle_low": {
        "dmean": 0.00509775104001,
        "dmean2": 0.00859710853547,
        "dvar": 0.000139456155011,
        "dvar2": 0.000375690695364,
        "max": 0.10145483911,
        "mean": 0.00812794920057,
        "median": 0.00449963612482,
        "min": 3.71838839437e-22,
        "stdev": 0.011329928413,
        "var": 0.000128367275465
    },
    "spectral_entropy": {
        "dmean": 0.168271139264,
        "dmean2": 0.245228976011,
        "dvar": 0.0297607090324,
        "dvar2": 0.0592896081507,
        "max": 9.80523109436,
        "mean": 7.4171705246,
        "median": 7.56246328354,
        "min": 5.3513879776,
        "stdev": 0.619940638542,
        "var": 0.384326428175
    },
    "spectral_flux": {
        "dmean": 0.0283371694386,
        "dmean2": 0.0433976873755,
        "dvar": 0.00150314206257,
        "dvar2": 0.00317471195012,
        "max": 0.407720625401,
        "mean": 0.0899879410863,
        "median": 0.0739556029439,
        "min": 1.05530049976e-10,
        "stdev": 0.073503151536,
        "var": 0.00540271308273
    },
    "spectral_kurtosis": {
        "dmean": 4.30240392685,
        "dmean2": 7.18227624893,
        "dvar": 68.6885604858,
        "dvar2": 187.280807495,
        "max": 130.595565796,
        "mean": 9.7840051651,
        "median": 3.4056096077,
        "min": -1.18802511692,
        "stdev": 15.8610143661,
        "var": 251.571762085
    },
    "spectral_rms": {
        "dmean": 0.000800641719252,
        "dmean2": 0.0012676367769,
        "dvar": 1.46782940647e-06,
        "dvar2": 3.36157995662e-06,
        "max": 0.0155090223998,
        "mean": 0.00542950304225,
        "median": 0.00584855023772,
        "min": 3.29620510574e-12,
        "stdev": 0.00347628979944,
        "var": 1.20845907077e-05
    },
    "spectral_rolloff": {
        "dmean": 472.197113037,
        "dmean2": 792.425964355,
        "dvar": 1035795,
        "dvar2": 2217436,
        "max": 18820.0195312,
        "mean": 1265.19702148,
        "median": 1119.7265625,
        "min": 43.06640625,
        "stdev": 1452.03881836,
        "var": 2108416.75
    },
    "spectral_skewness": {
        "dmean": 0.376042217016,
        "dmean2": 0.618023395538,
        "dvar": 0.27308639884,
        "dvar2": 0.740567207336,
        "max": 8.85187244415,
        "mean": 1.87403738499,
        "median": 1.43892002106,
        "min": 0.0154699133709,
        "stdev": 1.07559669018,
        "var": 1.15690815449
    },
    "spectral_spread": {
        "dmean": 552453.625,
        "dmean2": 792965,
        "dvar": 1.17714622874e+12,
        "dvar2": 1.14988115558e+12,
        "max": 39812424,
        "mean": 4399301,
        "median": 4755270,
        "min": 588832.875,
        "stdev": 2669125.5,
        "var": 7.12423034061e+12
    },
    "spectral_strongpeak": {
        "dmean": 0.289582371712,
        "dmean2": 0.476818352938,
        "dvar": 0.336570769548,
        "dvar2": 0.785547435284,
        "max": 8.87525367737,
        "mean": 0.710164427757,
        "median": 0.559816837311,
        "min": 0,
        "stdev": 0.88309442997,
        "var": 0.779855787754
    },
    "zerocrossingrate": {
        "dmean": 0.0100025851279,
        "dmean2": 0.0110436286777,
        "dvar": 0.000206638971576,
        "dvar2": 0.000222448594286,
        "max": 0.5087890625,
        "mean": 0.0512937009335,
        "median": 0.0458984375,
        "min": 0.00341796875,
        "stdev": 0.0340889729559,
        "var": 0.00116205809172
    },
    "barkbands": {
        "dmean": [0.000873662473168, 0.00819682888687, 0.00230613094755, 0.00106172659434, 0.00268544838764, 0.00103204755578, 0.000789621553849, 0.000652479589917, 0.000599207589403, 0.000259654334513, 0.000459255970782, 0.000624870066531, 0.000598707585596, 0.000422962126322, 0.000308834627504, 0.000415213580709, 0.000281847838778, 0.000255501247011, 0.000169830120285, 0.00014114206715, 0.000128156214487, 0.000202219205676, 0.000135375812533, 0.0001363070769, 9.26087013795e-05, 4.61966301373e-05, 4.23056008003e-06],
        "dmean2": [0.00139330991078, 0.0137721709907, 0.00407012552023, 0.00199473765679, 0.00447911629453, 0.00171430490445, 0.00121577398386, 0.00103673932608, 0.000966022780631, 0.000427589606261, 0.000753741478547, 0.00100143440068, 0.000971142144408, 0.000696530158166, 0.000485408876557, 0.000660438323393, 0.000445744721219, 0.000375544128474, 0.000258897634922, 0.000207679346204, 0.000202643932425, 0.000282483990304, 0.000204031806788, 0.000202591298148, 0.000138709845487, 7.03405894455e-05, 7.01436829331e-06],
        "dvar": [5.0193525567e-06, 0.000450487976195, 8.00352136139e-05, 1.82568328455e-05, 4.68376820209e-05, 5.64734818909e-06, 5.84981216889e-06, 1.99000055545e-06, 1.61678394761e-06, 5.80646769777e-07, 2.26601559916e-06, 4.67275140181e-06, 5.33145066584e-06, 1.68289489011e-06, 6.48601485409e-07, 7.34510592793e-07, 3.69066043504e-07, 2.73323593092e-07, 1.75762451704e-07, 1.25958578678e-07, 9.94432411972e-08, 1.74903050265e-07, 8.8903284734e-08, 8.44586480753e-08, 4.37791527474e-08, 2.67244182339e-08, 5.24254306633e-10],
        "dvar2": [1.2249579413e-05, 0.00122653343715, 0.000221692534979, 5.36152729183e-05, 0.000125910592033, 1.47481259773e-05, 1.34032788992e-05, 4.6027857934e-06, 3.9865758481e-06, 1.53688961291e-06, 5.51356924916e-06, 1.24849411804e-05, 1.36492835736e-05, 3.83639826396e-06, 1.50001233123e-06, 1.674738769e-06, 9.02975330064e-07, 5.7245631524e-07, 3.47479129914e-07, 2.83472871843e-07, 2.19279485236e-07, 3.5394074871e-07, 2.05891268479e-07, 1.76282640041e-07, 8.81286226218e-08, 6.3578319498e-08, 1.35623834385e-09],
        "max": [0.0405861586332, 0.206406503916, 0.0759559571743, 0.0425950661302, 0.0623147450387, 0.0210157707334, 0.0518613532186, 0.0192401371896, 0.0251515693963, 0.0127914091572, 0.0239833239466, 0.0460356138647, 0.0356666073203, 0.0277389157563, 0.0139442645013, 0.0102254496887, 0.00684913154691, 0.00636768527329, 0.00535013806075, 0.00486206775531, 0.00491936365142, 0.00589664746076, 0.00335474894382, 0.00425888597965, 0.00363126047887, 0.00298814871348, 0.000454493158031],
        "mean": [0.00341249792837, 0.0223618093878, 0.00241545564495, 0.000877200975083, 0.00323127582669, 0.00130772683769, 0.000932590686716, 0.000869895098731, 0.000831204350106, 0.000313206895953, 0.000457171117887, 0.000698108924553, 0.000739973504096, 0.00060262507759, 0.00039518266567, 0.00055403233273, 0.000404863152653, 0.000398273434257, 0.000293306453386, 0.000211091319215, 0.00023445217812, 0.000335345132044, 0.000233852872043, 0.00025482539786, 0.00016876735026, 6.45012187306e-05, 3.99992813982e-06],
        "median": [2.18758714254e-06, 0.00642584403977, 0.000344170897733, 0.000184715405339, 0.000789564161096, 0.000417443166953, 0.000210723141208, 0.000419910560595, 0.000482035597088, 0.000101827688923, 6.69521687087e-05, 0.000202259499929, 0.000203335104743, 0.000223456809181, 8.09035918792e-05, 0.000132773566293, 7.37454392947e-05, 5.97347207076e-05, 5.53916252102e-05, 6.65346597089e-05, 7.80581030995e-05, 5.06050309923e-05, 2.37689127971e-05, 3.04224158754e-05, 3.04876903101e-05, 7.19793752069e-06, 8.71634995292e-08],
        "min": [4.6290547245e-23, 5.8425316871e-23, 3.08970847274e-23, 1.15236493379e-23, 6.24381702543e-23, 5.6055446183e-23, 5.28490295259e-23, 1.20352507207e-22, 5.42355314529e-23, 9.5827143519e-23, 1.35104837223e-22, 9.30285868825e-23, 2.50708830921e-22, 6.79260105146e-23, 1.38052311866e-22, 2.06589039561e-22, 1.9040797516e-22, 2.94558869718e-22, 2.03157835411e-22, 2.21830412851e-22, 4.52215107141e-22, 4.29951458156e-22, 5.37185347348e-22, 1.10129536305e-21, 1.18790416202e-21, 1.96992537814e-21, 2.30960216914e-21],
        "stdev": [0.00616528000683, 0.0299945455045, 0.0079272184521, 0.0032159127295, 0.00671959668398, 0.00257114530541, 0.00272953533567, 0.00155512732454, 0.00136874639429, 0.000778981775511, 0.00160937709734, 0.00226683123037, 0.00277502881363, 0.00174464832526, 0.00109914166387, 0.0011170792859, 0.000789150653873, 0.000760661670938, 0.000646935950499, 0.000444270932348, 0.000456536916317, 0.000626415887382, 0.00043551978888, 0.000465181510663, 0.000354448333383, 0.000207786855754, 2.20981964958e-05],
        "var": [3.80106757802e-05, 0.000899672799278, 6.28407869954e-05, 1.0342094356e-05, 4.5152977691e-05, 6.61078820485e-06, 7.45036322769e-06, 2.41842099058e-06, 1.87346677194e-06, 6.06812591286e-07, 2.59009470938e-06, 5.13852410222e-06, 7.70078531787e-06, 3.04379773297e-06, 1.20811228044e-06, 1.24786606648e-06, 6.22758761892e-07, 5.78606147883e-07, 4.18526127532e-07, 1.97376664346e-07, 2.08425944948e-07, 3.9239682792e-07, 1.89677493267e-07, 2.16393829078e-07, 1.25633619064e-07, 4.31753761632e-08, 4.88330320625e-10]
    },
    "erbbands": {
        "dmean": [0.331064850092, 1.60940372944, 2.88814544678, 2.88222002983, 7.04882287979, 9.75748634338, 9.13860416412, 8.54129600525, 8.54337787628, 14.6625556946, 13.7276268005, 12.0464630127, 9.52191352844, 11.57188797, 19.1618518829, 19.0029754639, 22.669916153, 21.6427154541, 13.9856281281, 17.6411781311, 24.6960296631, 16.3919200897, 14.3273763657, 7.29912757874, 10.1741523743, 5.59024381638, 5.57170724869, 4.87808084488, 8.0270652771, 4.77493000031, 4.03116464615, 3.33272576332, 1.99416577816, 1.16126656532, 0.639895677567, 0.271410644054, 0.0694983750582, 0.0132790375501, 0.000457106973045, 2.31992726185e-05],
        "dmean2": [0.575643002987, 2.66829705238, 4.91245555878, 5.19567966461, 12.5580720901, 16.065196991, 15.0750827789, 13.9223394394, 13.1647624969, 22.6981983185, 22.1391735077, 19.6569347382, 15.3724098206, 18.4669189453, 31.7803153992, 30.2428016663, 35.2339057922, 33.5758285522, 22.1059036255, 28.4903469086, 38.489490509, 25.5032043457, 20.8122520447, 10.7663593292, 14.4854431152, 7.79755973816, 8.61005020142, 7.32417869568, 11.4646873474, 6.86692285538, 6.05436706543, 5.08135080338, 3.04090094566, 1.76688754559, 0.982203543186, 0.412309914827, 0.104910932481, 0.021645244211, 0.000747485610191, 3.62706487067e-05],
        "dvar": [0.707182168961, 20.9656639099, 120.2889328, 136.800811768, 467.576873779, 534.932373047, 395.653869629, 398.526763916, 673.016174316, 2310.30932617, 1020.43786621, 660.611694336, 633.508728027, 1822.45300293, 4641.51171875, 4746.70654297, 7728.9921875, 4266.59716797, 1250.52087402, 2161.78417969, 2699.30053711, 1249.05114746, 876.791870117, 251.385925293, 599.034362793, 178.048736572, 180.180145264, 116.886329651, 284.627258301, 108.004608154, 82.8602981567, 43.7602882385, 24.1677036285, 7.20098972321, 2.46322274208, 0.737978219986, 0.0638255774975, 0.00345605192706, 7.1910853876e-06, 3.32454130891e-09],
        "dvar2": [2.17425370216, 48.8766136169, 323.274291992, 389.437011719, 1306.7701416, 1398.70715332, 1046.58007812, 989.058654785, 1427.64221191, 5180.27392578, 2311.29614258, 1582.81469727, 1429.19543457, 4969.97119141, 10636.6816406, 10596.328125, 17865.9101562, 8384.89355469, 3117.79467773, 5229.50927734, 6022.08300781, 2877.40185547, 1808.12646484, 542.460510254, 1143.00402832, 355.980041504, 379.846343994, 239.448348999, 556.597106934, 233.369934082, 191.515777588, 94.1512298584, 51.6856651306, 14.3723573685, 5.21224403381, 1.62787556648, 0.146962881088, 0.00886762607843, 1.93738105736e-05, 8.03336153155e-09],
        "max": [7.72018289566, 43.478313446, 113.387947083, 125.913200378, 168.381637573, 291.77532959, 236.156814575, 258.863983154, 569.470703125, 1228.59558105, 471.564788818, 465.758209229, 503.567138672, 823.732971191, 1359.7232666, 1149.19262695, 1494.69189453, 1258.42980957, 591.043579102, 678.343078613, 704.395812988, 468.582427979, 402.978424072, 156.322174072, 325.96206665, 183.171386719, 205.10597229, 169.904418945, 235.430480957, 148.398223877, 126.444976807, 83.892250061, 90.9983444214, 52.4194374084, 26.1771202087, 13.6509284973, 4.09538030624, 1.25741899014, 0.0605293512344, 0.00112015649211],
        "mean": [0.998712718487, 3.53591370583, 3.69126868248, 2.75452709198, 5.99033117294, 12.0476932526, 12.1422920227, 10.8418502808, 10.6216135025, 18.6910247803, 19.4440059662, 16.9783363342, 13.7134599686, 13.9841623306, 22.4023761749, 25.4083042145, 32.0114097595, 34.6282310486, 19.6428127289, 23.0040836334, 35.4280433655, 27.2969207764, 22.9636878967, 13.0535926819, 16.304069519, 9.34430789948, 9.67532634735, 9.11578464508, 13.0106134415, 8.4126625061, 6.97425889969, 5.97557783127, 3.58147311211, 2.13394856453, 1.05245840549, 0.394389688969, 0.0950751826167, 0.0151036772877, 0.000499553338159, 6.4596424636e-05],
        "median": [0.0550783909857, 0.956526279449, 0.679513037205, 0.832180261612, 1.1318782568, 2.51710152626, 3.26805043221, 3.87053275108, 3.73340463638, 5.4699420929, 9.80909442902, 10.2172727585, 6.5604596138, 3.2837395668, 5.73381090164, 6.50089883804, 8.60496807098, 11.2759513855, 7.1366891861, 5.32891654968, 8.55749034882, 5.02343463898, 4.03026199341, 2.54607868195, 3.46130394936, 3.3106276989, 2.79840302467, 3.11072731018, 2.19393253326, 1.04493772984, 0.612741827965, 0.600312173367, 0.525930345058, 0.399212747812, 0.170958161354, 0.0513642430305, 0.00967399962246, 0.00122105982155, 6.35133910691e-05, 5.15984538652e-05],
        "min": [1.27655617385e-21, 1.48496287515e-20, 3.86753174472e-20, 3.11979472142e-20, 5.14512480239e-20, 2.58334192167e-19, 3.59342457537e-19, 5.18992089771e-19, 7.21434256635e-19, 9.9422539456e-19, 3.25240675334e-18, 1.38680489969e-18, 2.06674074576e-18, 3.76038333059e-18, 5.80713463646e-18, 3.97827180292e-18, 1.0349394311e-17, 5.2518292661e-18, 8.10211829467e-18, 6.70595777546e-18, 1.30336508199e-17, 1.20469815134e-17, 1.79613965123e-17, 1.05579025552e-17, 1.01600328165e-17, 9.03573223664e-18, 1.61330576976e-17, 2.07709783285e-17, 1.41827742627e-17, 1.45303770628e-17, 1.5653708187e-17, 1.62410957574e-17, 2.10922618959e-17, 1.29737389553e-17, 8.62843760201e-18, 6.47612564226e-18, 4.00487848092e-18, 1.46529958353e-18, 2.85530262196e-19, 3.4482836523e-20],
        "stdev": [1.38037502766, 5.86020565033, 10.3703355789, 9.25183773041, 18.0576438904, 24.1616916656, 22.2390079498, 22.418346405, 29.8074054718, 53.0849342346, 37.2236824036, 28.3600292206, 27.413110733, 42.7406539917, 80.8199691772, 82.1476364136, 116.205856323, 103.748786926, 44.0713882446, 56.7040977478, 69.9243240356, 50.4133758545, 43.6420402527, 24.9437446594, 35.7924575806, 18.8593273163, 19.8302078247, 16.5797920227, 24.9447040558, 15.6619949341, 13.2324504852, 10.5743627548, 7.35029220581, 4.49859285355, 2.34891700745, 1.1650582552, 0.325786352158, 0.0615086704493, 0.00252394983545, 7.95377927716e-05],
        "var": [1.9054350853, 34.342010498, 107.54385376, 85.596496582, 326.078491211, 583.787353516, 494.573516846, 502.582214355, 888.481445312, 2818.01025391, 1385.60253906, 804.291259766, 751.478637695, 1826.7635498, 6531.8671875, 6748.234375, 13503.8017578, 10763.8105469, 1942.28710938, 3215.35473633, 4889.41113281, 2541.50830078, 1904.62780762, 622.190429688, 1281.10009766, 355.674194336, 393.237121582, 274.88949585, 622.23828125, 245.298095703, 175.097747803, 111.817153931, 54.0267982483, 20.2373371124, 5.51741123199, 1.35736060143, 0.106136746705, 0.00378331635147, 6.37032280792e-06, 6.32625996033e-09]
    },
    "gfcc": {
        "mean": [-53.8849411011, 99.8903808594, -141.840255737, 13.6024942398, -60.5945053101, 5.80472660065, -42.5028877258, -0.413736492395, -14.9888324738, 0.629793763161, -13.1684808731, -3.14793133736, -5.45231294632],
        "cov": [[19201.9160156, -4617.87011719, 6519.45117188, 5891.61572266, 586.178955078, 3341.8203125, 178.144866943, 2575.51293945, -139.152175903, 1217.40246582, -230.796127319, 1257.30480957, -195.432250977], [-4617.87011719, 2395.50390625, -1799.65014648, -1439.66430664, -36.1848182678, -888.060180664, 89.4676589966, -894.888244629, 139.512435913, -490.4375, 87.4931640625, -525.666137695, 88.944152832], [6519.45117188, -1799.65014648, 3610.14233398, 2728.07885742, 367.53427124, 1609.82275391, -25.1045570374, 1125.92822266, -134.926071167, 412.994110107, -233.220397949, 490.869537354, -117.469863892], [5891.61572266, -1439.66430664, 2728.07885742, 2987.49194336, 348.98739624, 1435.17712402, 156.983734131, 1022.65374756, 105.678733826, 310.479736328, -84.8148345947, 428.25869751, 52.2706260681], [586.178955078, -36.1848182678, 367.53427124, 348.98739624, 372.169525146, 187.557952881, 115.288238525, 249.126373291, 80.9107437134, 134.851318359, 104.708564758, 140.316070557, 34.8162536621], [3341.8203125, -888.060180664, 1609.82275391, 1435.17712402, 187.557952881, 952.862915039, 95.5349655151, 593.179748535, -5.38443374634, 215.390625, -64.0522994995, 227.725616455, -23.7609672546], [178.144866943, 89.4676589966, -25.1045570374, 156.983734131, 115.288238525, 95.5349655151, 346.759429932, 126.578353882, 44.1897659302, 79.5555648804, 129.208251953, 58.2781982422, 34.3573112488], [2575.51293945, -894.888244629, 1125.92822266, 1022.65374756, 249.126373291, 593.179748535, 126.578353882, 680.369262695, 32.6849403381, 283.782165527, 47.3900184631, 313.731018066, 12.8827123642], [-139.152175903, 139.512435913, -134.926071167, 105.678733826, 80.9107437134, -5.38443374634, 44.1897659302, 32.6849403381, 218.938659668, 37.2049331665, 70.7789611816, 17.9182071686, 63.1056556702], [1217.40246582, -490.4375, 412.994110107, 310.479736328, 134.851318359, 215.390625, 79.5555648804, 283.782165527, 37.2049331665, 278.700012207, 73.2154998779, 173.239074707, -3.63576722145], [-230.796127319, 87.4931640625, -233.220397949, -84.8148345947, 104.708564758, -64.0522994995, 129.208251953, 47.3900184631, 70.7789611816, 73.2154998779, 203.092178345, 65.2226715088, 42.687297821], [1257.30480957, -525.666137695, 490.869537354, 428.25869751, 140.316070557, 227.725616455, 58.2781982422, 313.731018066, 17.9182071686, 173.239074707, 65.2226715088, 268.976745605, 20.9940471649], [-195.432250977, 88.944152832, -117.469863892, 52.2706260681, 34.8162536621, -23.7609672546, 34.3573112488, 12.8827123642, 63.1056556702, -3.63576722145, 42.687297821, 20.9940471649, 98.2082290649]],
        "icov": [[0.000226254735026, -2.99008861475e-05, 2.8732481951e-05, -0.000308349757688, 0.000212898492464, -0.000222111309995, 0.000129543856019, -7.46957666706e-05, 0.000208051802474, -0.000491146754939, 3.93970003643e-05, -0.000279938394669, 0.000401919096475], [-2.99008861475e-05, 0.00243776058778, -0.000747629383113, 0.000665393366944, -0.00189736578614, 0.000786222110037, -0.00160351162776, 0.00177752738819, -0.00155977369286, 0.00252195447683, -0.000717307266314, 0.0025753066875, -0.00146816088818], [2.8732481951e-05, -0.000747629383113, 0.00275327218696, -0.00139683589805, -0.000383665668778, -0.00201052520424, 0.00153106625658, -0.000844222260639, 0.00197058869526, -0.00145752495155, 0.0015822093701, -0.00159871520009, 0.00232953578234], [-0.000308349757688, 0.000665393366944, -0.00139683589805, 0.00269076600671, -0.000313646858558, -0.000642911356408, -0.00108414248098, -3.9276714233e-05, -0.00207074335776, 0.0023590780329, -0.000327779183863, 0.000897135236301, -0.00261047668755], [0.000212898492464, -0.00189736578614, -0.000383665668778, -0.000313646858558, 0.00632820185274, -0.000282929860987, 0.000640573096462, -0.00230947183445, -6.46716507617e-05, -0.00223879236728, -0.00129750533961, -0.00229879072867, 0.000631092232652], [-0.000222111309995, 0.000786222110037, -0.00201052520424, -0.000642911356408, -0.000282929860987, 0.00683320034295, -0.00179968052544, -0.000824558082968, -0.000929376867134, 0.000801511108875, -0.000219362598727, 0.00262446003035, -0.000564215297345], [0.000129543856019, -0.00160351162776, 0.00153106625658, -0.00108414248098, 0.000640573096462, -0.00179968052544, 0.00575682055205, -0.00175302987918, 0.0020936569199, -0.00230999011546, -0.00180768116843, -0.0011327638058, 0.00126893154811], [-7.46957666706e-05, 0.00177752738819, -0.000844222260639, -3.9276714233e-05, -0.00230947183445, -0.000824558082968, -0.00175302987918, 0.00843137688935, -0.000995483016595, -0.000342063460266, -0.00046569458209, -0.00161287514493, -0.00144666153938], [0.000208051802474, -0.00155977369286, 0.00197058869526, -0.00207074335776, -6.46716507617e-05, -0.000929376867134, 0.0020936569199, -0.000995483016595, 0.00868591014296, -0.00365240173414, -0.000288122566417, -0.000876387406606, -0.000921855506022], [-0.000491146754939, 0.00252195447683, -0.00145752495155, 0.0023590780329, -0.00223879236728, 0.000801511108875, -0.00230999011546, -0.000342063460266, -0.00365240173414, 0.0117874685675, -0.00246157264337, 0.000823388632853, -0.000742571603041], [3.93970003643e-05, -0.000717307266314, 0.0015822093701, -0.000327779183863, -0.00129750533961, -0.000219362598727, -0.00180768116843, -0.00046569458209, -0.000288122566417, -0.00246157264337, 0.0108314426616, -0.00317284651101, -4.03053600166e-05], [-0.000279938394669, 0.0025753066875, -0.00159871520009, 0.000897135236301, -0.00229879072867, 0.00262446003035, -0.0011327638058, -0.00161287514493, -0.000876387406606, 0.000823388632853, -0.00317284651101, 0.0132686728612, -0.0040851412341], [0.000401919096475, -0.00146816088818, 0.00232953578234, -0.00261047668755, 0.000631092232652, -0.000564215297345, 0.00126893154811, -0.00144666153938, -0.000921855506022, -0.000742571603041, -4.03053600166e-05, -0.0040851412341, 0.0173290334642]]
    },
    "melbands": {
        "dmean": [0.0025429551024, 0.00151604483835, 0.000601323321462, 0.000607253285125, 0.000335394084686, 0.000187600744539, 0.000137480819831, 0.000158290946274, 0.0001093434621, 7.89762925706e-05, 4.90454076498e-05, 4.54029395769e-05, 6.14224336459e-05, 6.93424444762e-05, 5.91549978708e-05, 5.40730397915e-05, 4.02320692956e-05, 2.58631444012e-05, 2.53699708992e-05, 2.1741449018e-05, 3.02810040012e-05, 1.96040764422e-05, 1.72678464878e-05, 1.04585806184e-05, 5.89367027715e-06, 7.53481754145e-06, 7.011890375e-06, 3.3516523672e-06, 3.87832642446e-06, 3.12297038363e-06, 3.10081441057e-06, 4.76761306345e-06, 4.24915424446e-06, 2.47325783675e-06, 2.43949739342e-06, 2.35563402384e-06, 2.05250398722e-06, 1.57581280291e-06, 1.24943244373e-06, 9.97583015305e-07],
        "dmean2": [0.00434228079394, 0.00233410065994, 0.00106354849413, 0.00104284798726, 0.000546118943021, 0.00030791410245, 0.00021353874763, 0.000246674433583, 0.000178015427082, 0.000128090076032, 7.96637687017e-05, 7.34979257686e-05, 9.93602297967e-05, 0.000111371933599, 9.51158726821e-05, 8.08031327324e-05, 6.38908604742e-05, 4.17811897933e-05, 3.97827789129e-05, 3.49863839801e-05, 4.77082357975e-05, 3.05769535771e-05, 2.65747057711e-05, 1.55663528858e-05, 8.99834867596e-06, 1.12850848382e-05, 1.00259476312e-05, 4.83829398945e-06, 5.95255869484e-06, 5.02083230458e-06, 4.75050774185e-06, 6.83893631503e-06, 6.23830601398e-06, 3.73482248506e-06, 3.72924000658e-06, 3.64465518032e-06, 3.09324582304e-06, 2.47797402153e-06, 1.83872077741e-06, 1.56595558565e-06],
        "dvar": [4.1400831833e-05, 2.34409671975e-05, 4.67772451884e-06, 2.64391269411e-06, 5.11060193276e-07, 1.93176376229e-07, 1.55291530746e-07, 2.04917213864e-07, 6.96652335819e-08, 3.06489660318e-08, 1.6777022438e-08, 2.67646740326e-08, 4.03483682021e-08, 6.81368206301e-08, 7.68138690432e-08, 4.57512427943e-08, 1.59090696172e-08, 5.17677012368e-09, 5.53736123621e-09, 2.27626806293e-09, 4.23200807731e-09, 2.04348316046e-09, 1.47665779604e-09, 4.95683105672e-10, 1.80631024027e-10, 3.49408918465e-10, 3.31116717378e-10, 6.13402037497e-11, 6.87934709198e-11, 7.87932150081e-11, 4.54206221245e-11, 1.01745112335e-10, 8.97478411033e-11, 3.13934017671e-11, 3.29067120775e-11, 2.52872757456e-11, 1.63736385561e-11, 1.5492827507e-11, 9.65648914997e-12, 5.50206321476e-12],
        "dvar2": [0.0001233995863, 5.4248219385e-05, 1.3226421288e-05, 7.19870149624e-06, 1.33480637032e-06, 4.75286100254e-07, 3.39817148642e-07, 4.58328599962e-07, 1.53805288505e-07, 7.61355209988e-08, 3.81145888184e-08, 7.28834166352e-08, 8.70416698717e-08, 1.83857977731e-07, 2.15213674437e-07, 9.23079070958e-08, 3.38094459096e-08, 1.31834942962e-08, 1.2381577541e-08, 5.60439428199e-09, 9.73649338931e-09, 4.72874051027e-09, 3.45871842278e-09, 1.08020659084e-09, 4.0427483583e-10, 7.02275682052e-10, 7.02037816769e-10, 1.23380652917e-10, 1.45050804701e-10, 1.76419823195e-10, 1.00939458181e-10, 2.04686420591e-10, 2.00393174277e-10, 7.33677285591e-11, 7.638217836e-11, 5.77192425799e-11, 3.524852632e-11, 3.5146465599e-11, 2.05482453969e-11, 1.18316988151e-11],
        "max": [0.0606802850962, 0.0547623671591, 0.0230366960168, 0.0155375525355, 0.0081934267655, 0.00508701940998, 0.00724796205759, 0.0110958879814, 0.00348988710903, 0.00371975707822, 0.00247349007986, 0.00318016577512, 0.00392997311428, 0.00634703645483, 0.00582803832367, 0.00479674944654, 0.00260382355191, 0.00124637619592, 0.00149207829963, 0.000450218241895, 0.000844933616463, 0.00063426484121, 0.000479759182781, 0.000320234685205, 0.000130628061015, 0.000316690915497, 0.000297277641948, 0.000105740800791, 0.000115616545372, 0.000127267237986, 0.000115519360406, 0.000129343781737, 0.00011822993838, 7.39202077966e-05, 8.14356462797e-05, 8.5015919467e-05, 4.95291787956e-05, 7.15405694791e-05, 5.56592167413e-05, 4.63100514025e-05],
        "mean": [0.00744272209704, 0.00272494694218, 0.000563144916669, 0.000655810057651, 0.000470454193419, 0.000240667635808, 0.000170764571521, 0.000207065124414, 0.000154734996613, 0.000107776308141, 6.75493938616e-05, 5.36643638043e-05, 6.85267368681e-05, 7.42467673263e-05, 7.32627886464e-05, 7.29541425244e-05, 6.22874504188e-05, 3.16532932629e-05, 3.15890465572e-05, 2.94681376545e-05, 4.05464379583e-05, 2.84377110802e-05, 2.44422917604e-05, 1.58909151651e-05, 9.58189048106e-06, 1.21214752653e-05, 1.01088853626e-05, 5.2011673688e-06, 6.37328957964e-06, 5.02630882693e-06, 5.35463823326e-06, 7.39041342968e-06, 6.4501059569e-06, 4.10932671002e-06, 4.07571269534e-06, 3.77693049813e-06, 3.58215788765e-06, 2.65492349172e-06, 2.02285377782e-06, 1.73076591636e-06],
        "median": [0.000915816402994, 0.000612298317719, 0.000165913501405, 0.000135917958687, 0.000129426654894, 8.30643984955e-05, 5.41189801879e-05, 7.45863435441e-05, 7.39196402719e-05, 6.40625657979e-05, 2.97970254906e-05, 1.28765232148e-05, 1.59185528901e-05, 2.17200977204e-05, 1.24349653561e-05, 2.0723855414e-05, 2.06556578632e-05, 1.08935701064e-05, 6.39492236587e-06, 7.33374236006e-06, 9.09823666007e-06, 4.14952592109e-06, 4.04725597036e-06, 2.46727290687e-06, 1.60532522386e-06, 2.3158759177e-06, 2.24559903472e-06, 1.4775141608e-06, 1.51983044816e-06, 1.09500808776e-06, 1.72608019966e-06, 1.15165858006e-06, 6.7265011694e-07, 4.5362295964e-07, 3.188501978e-07, 2.94057429073e-07, 3.45425576143e-07, 3.14942809609e-07, 3.16519475518e-07, 2.89178871071e-07],
        "min": [1.53870411898e-23, 1.95969835817e-23, 6.1776995164e-24, 1.04165611546e-23, 1.35453286552e-23, 1.18441690457e-23, 1.09883346385e-23, 1.27398464507e-23, 2.39636899904e-23, 7.91078235453e-24, 1.1216894464e-23, 1.53694527471e-23, 2.04170565575e-23, 1.19676178888e-23, 1.38247810531e-23, 2.4393407769e-23, 7.64243554041e-24, 1.35076968345e-23, 7.55338892142e-24, 9.83405442932e-24, 1.67607556816e-23, 1.43269998821e-23, 1.20092886772e-23, 1.37998341158e-23, 8.33394391017e-24, 6.1782292365e-24, 8.58963029563e-24, 5.25163558381e-24, 8.11820701867e-24, 1.45158673823e-23, 1.17615027337e-23, 9.71465007612e-24, 4.86094117645e-24, 9.26577165497e-24, 9.11141918595e-24, 8.12913274221e-24, 1.05907006218e-23, 1.56656447734e-23, 1.22332525991e-23, 1.08062213654e-23],
        "stdev": [0.00975174549967, 0.00562040321529, 0.00174779561348, 0.0015022874577, 0.000816123152617, 0.000496094464324, 0.000454970548162, 0.000502671813592, 0.000314171193168, 0.000184120246558, 0.000138404458994, 0.00016295084788, 0.000237154541537, 0.000275636004517, 0.000298828206724, 0.00026753754355, 0.000193128711544, 7.9174998973e-05, 0.000100695848232, 5.77601240366e-05, 8.39207787067e-05, 6.02073523623e-05, 4.92516956001e-05, 3.1276482332e-05, 1.99775222427e-05, 2.69771298917e-05, 2.33457431023e-05, 1.09759939733e-05, 1.23861946122e-05, 1.2287100617e-05, 9.52079972194e-06, 1.45342582982e-05, 1.30970038299e-05, 7.82565439295e-06, 7.9520723375e-06, 7.43811779103e-06, 6.34730668025e-06, 5.63325693292e-06, 4.60691489934e-06, 3.75809918296e-06],
        "var": [9.50965331867e-05, 3.15889301419e-05, 3.05478943119e-06, 2.2568674467e-06, 6.66057019316e-07, 2.46109692625e-07, 2.06998194585e-07, 2.52678972856e-07, 9.87035448929e-08, 3.39002639294e-08, 1.91557951723e-08, 2.65529767063e-08, 5.62422748374e-08, 7.59752083468e-08, 8.92983038625e-08, 7.15763448511e-08, 3.72987010167e-08, 6.26868068565e-09, 1.01396544494e-08, 3.33623195736e-09, 7.04269709217e-09, 3.6249254709e-09, 2.42572961717e-09, 9.78218395176e-10, 3.9910141858e-10, 7.2776557003e-10, 5.45023692844e-10, 1.20472437581e-10, 1.53417806237e-10, 1.50972831459e-10, 9.06456229521e-11, 2.11244674531e-10, 1.71531511217e-10, 6.12408734835e-11, 6.32354515973e-11, 5.53255947999e-11, 4.0288303943e-11, 3.17335845101e-11, 2.12236634517e-11, 1.41233101603e-11]
    },
    "melbands128": {
