{
"lowlevel": {
    "average_loudness": 0.971249997616,
    "barkbands_crest": {
        "dmean": 2.43079853058,
        "dmean2": 3.92000770569,
        "dvar": 4.3549323082,
        "dvar2": 10.6064968109,
        "max": 22.2286396027,
        "mean": 9.79413795471,
        "median": 9.17364788055,
        "min": 2.55110263824,
        "stdev": 3.72670412064,
        "var": 13.8883228302
    },
    "barkbands_flatness_db": {
        "dmean": 0.021523617208,
        "dmean2": 0.0322771258652,
        "dvar": 0.000407801097026,
        "dvar2": 0.000809111108538,
        "max": 0.28573590517,
        "mean": 0.113677620888,
        "median": 0.108287408948,
        "min": 0.026050567627,
        "stdev": 0.0394778735936,
        "var": 0.00155850243755
    },
    "barkbands_kurtosis": {
        "dmean": 3.23171067238,
        "dmean2": 5.03063821793,
        "dvar": 26.0595245361,
        "dvar2": 54.0221290588,
        "max": 89.5300064087,
        "mean": 4.66350984573,
        "median": 1.7823677063,
        "min": -1.81056523323,
        "stdev": 7.96173715591,
        "var": 63.3892593384
    },
    "barkbands_skewness": {
        "dmean": 0.612067341805,
        "dmean2": 0.914980530739,
        "dvar": 0.362673699856,
        "dvar2": 0.727170288563,
        "max": 7.79659414291,
        "mean": 1.7510393858,
        "median": 1.62146961689,
        "min": -0.841174423695,
        "stdev": 1.22759759426,
        "var": 1.50699579716
    },
    "barkbands_spread": {
        "dmean": 7.41338300705,
        "dmean2": 11.2731103897,
        "dvar": 62.5391120911,
        "dvar2": 125.712409973,
        "max": 88.3859176636,
        "mean": 27.8972568512,
        "median": 26.1862010956,
        "min": 2.08789253235,
        "stdev": 14.0967855453,
        "var": 198.719360352
    },
    "dissonance": {
        "dmean": 0.020506856963,
        "dmean2": 0.0343804880977,
        "dvar": 0.000436109665316,
        "dvar2": 0.00105473364238,
        "max": 0.499795526266,
        "mean": 0.461891889572,
        "median": 0.467385292053,
        "min": 0.217748880386,
        "stdev": 0.0263828951865,
        "var": 0.000696057162713
    },
    "dynamic_complexity": 2.14065003395,
    "erbbands_crest": {
        "dmean": 2.75065207481,
        "dmean2": 4.31724405289,
        "dvar": 6.60119533539,
        "dvar2": 15.6666679382,
        "max": 25.7207489014,
        "mean": 8.47444820404,
        "median": 7.60409450531,
        "min": 2.48135447502,
        "stdev": 3.99242782593,
        "var": 15.9394807816
    },
    "erbbands_flatness_db": {
        "dmean": 0.0178087111562,
        "dmean2": 0.0254831854254,
        "dvar": 0.000257275241893,
        "dvar2": 0.000531726924237,
        "max": 0.239347010851,
        "mean": 0.11642640084,
        "median": 0.112754546106,
        "min": 0.0536320023239,
        "stdev": 0.0319546312094,
        "var": 0.00102109834552
    },
    "erbbands_kurtosis": {
        "dmean": 0.810469090939,
        "dmean2": 1.23680245876,
        "dvar": 1.23874557018,
        "dvar2": 2.94855523109,
        "max": 15.4251708984,
        "mean": 0.218383699656,
        "median": -0.208806753159,
        "min": -1.81132674217,
        "stdev": 1.65537762642,
        "var": 2.74027490616
    },
    "erbbands_skewness": {
        "dmean": 0.363696545362,
        "dmean2": 0.54017239809,
        "dvar": 0.131135508418,
        "dvar2": 0.266401529312,
        "max": 3.45665335655,
        "mean": 0.189262747765,
        "median": 0.160244643688,
        "min": -2.0880382061,
        "stdev": 0.664122283459,
        "var": 0.441058397293
    },
    "erbbands_spread": {
        "dmean": 12.0953073502,
        "dmean2": 17.1205730438,
        "dvar": 155.482147217,
        "dvar2": 293.277496338,
        "max": 168.2293396,
        "mean": 52.8009910583,
        "median": 45.577457428,
        "min": 6.27507686615,
        "stdev": 28.5410518646,
        "var": 814.591674805
    },
    "hfc": {
        "dmean": 12.026930809,
        "dmean2": 16.4567432404,
        "dvar": 202.51121521,
        "dvar2": 394.899475098,
        "max": 110.932281494,
        "mean": 28.5612220764,
        "median": 23.9069786072,
        "min": 7.71071063355e-05,
        "stdev": 21.0884532928,
        "var": 444.722869873
    },
    "loudness_ebu128": {
        "integrated": -9.31250667572,
        "loudness_range": 2.17869758606,
        "momentary": {
            "dmean": 0.526337325573,
            "dmean2": 0.876146197319,
            "dvar": 0.115945830941,
            "dvar2": 0.28620198369,
            "max": -6.79430389404,
            "mean": -9.45306587219,
            "median": -9.46138000488,
            "min": -13.4040107727,
            "stdev": 1.11488831043,
            "var": 1.24297583103
        },
        "short_term": {
            "dmean": 0.0456247217953,
            "dmean2": 0.0550055019557,
            "dvar": 0.00114799488802,
            "dvar2": 0.00199290039018,
            "max": -7.98890399933,
            "mean": -9.35367202759,
            "median": -9.61473846436,
            "min": -11.1554288864,
            "stdev": 0.823052406311,
            "var": 0.677415251732
        }
    },
    "melbands_crest": {
        "dmean": 3.12717580795,
        "dmean2": 5.02091407776,
        "dvar": 7.05874633789,
        "dvar2": 18.0990638733,
        "max": 30.5590686798,
        "mean": 14.038441658,
        "median": 13.3390827179,
        "min": 3.95067667961,
        "stdev": 5.03065681458,
        "var": 25.3075065613
    },
    "melbands_flatness_db": {
        "dmean": 0.0273041445762,
        "dmean2": 0.039975900203,
        "dvar": 0.000687259424012,
        "dvar2": 0.00128355249763,
        "max": 0.416455447674,
        "mean": 0.188344195485,
        "median": 0.184694215655,
        "min": 0.0660216361284,
        "stdev": 0.0565341711044,
        "var": 0.00319611257873
    },
    "melbands_kurtosis": {
        "dmean": 9.91951942444,
        "dmean2": 15.4655456543,
        "dvar": 198.450393677,
        "dvar2": 414.797729492,
        "max": 176.563156128,
        "mean": 19.9146537781,
        "median": 12.5174856186,
        "min": -1.35954868793,
        "stdev": 24.4393749237,
        "var": 597.283081055
    },
    "melbands_skewness": {
        "dmean": 0.907811224461,
        "dmean2": 1.37468397617,
        "dvar": 0.810993671417,
        "dvar2": 1.60373938084,
        "max": 12.1958055496,
        "mean": 3.27119135857,
        "median": 3.0528485775,
        "min": -0.277570694685,
        "stdev": 1.91907477379,
        "var": 3.68284797668
    },
    "melbands_spread": {
        "dmean": 7.71731376648,
        "dmean2": 11.5982646942,
        "dvar": 64.8099517822,
        "dvar2": 127.886520386,
        "max": 80.6538238525,
        "mean": 24.1709346771,
        "median": 20.7415390015,
        "min": 1.35056042671,
        "stdev": 14.7204675674,
        "var": 216.692169189
    },
    "pitch_salience": {
        "dmean": 0.0728375837207,
        "dmean2": 0.117182001472,
        "dvar": 0.00339147029445,
        "dvar2": 0.00797893013805,
        "max": 0.915493965149,
        "mean": 0.544600903988,
        "median": 0.547454476357,
        "min": 0.240688234568,
        "stdev": 0.108985237777,
        "var": 0.0118777817115
    },
    "silence_rate_20dB": {
        "dmean": 0,
        "dmean2": 0,
        "dvar": 0,
        "dvar2": 0,
        "max": 1,
        "mean": 1,
        "median": 1,
        "min": 1,
        "stdev": 0,
        "var": 0
    },
    "silence_rate_30dB": {
        "dmean": 0.0108359130099,
        "dmean2": 0.0216886140406,
        "dvar": 0.0107184639201,
        "dvar2": 0.0274150408804,
        "max": 1,
        "mean": 0.992266058922,
        "median": 1,
        "min": 0,
        "stdev": 0.0876019895077,
        "var": 0.00767410825938
    },
    "silence_rate_60dB": {
        "dmean": 0.000773993786424,
        "dmean2": 0.000774593325332,
        "dvar": 0.000773391744588,
        "dvar2": 0.000773989362642,
        "max": 1,
        "mean": 0.00077339517884,
        "median": 0,
        "min": 0,
        "stdev": 0.0277991909534,
        "var": 0.000772794999648
    },
    "spectral_centroid": {
        "dmean": 270.570068359,
        "dmean2": 413.01940918,
        "dvar": 74316.4296875,
        "dvar2": 148916.4375,
        "max": 2790.81005859,
        "mean": 1336.22253418,
        "median": 1319.16186523,
        "min": 225.346511841,
        "stdev": 491.916320801,
        "var": 241981.671875
    },
    "spectral_complexity": {
        "dmean": 4.50696611404,
        "dmean2": 6.23780012131,
        "dvar": 25.8598804474,
        "dvar2": 47.036151886,
        "max": 53,
        "mean": 18.3341064453,
        "median": 17,
        "min": 0,
        "stdev": 8.45467567444,
        "var": 71.4815444946
    },
    "spectral_decrease": {
        "dmean": 3.46719120081e-09,
        "dmean2": 5.41635802875e-09,
        "dvar": 2.12765461558e-17,
        "dvar2": 5.26562498436e-17,
        "max": -3.56800702807e-14,
        "mean": -8.63984617183e-09,
        "median": -6.94611523855e-09,
        "min": -3.63888261745e-08,
        "stdev": 5.86216142295e-09,
        "var": 3.43649339984e-17
    },
    "spectral_energy": {
        "dmean": 0.0139312846586,
        "dmean2": 0.0215572733432,
        "dvar": 0.000332352676196,
        "dvar2": 0.000812412705272,
        "max": 0.14494985342,
        "mean": 0.0351993590593,
        "median": 0.0286378003657,
        "min": 1.41658063058e-07,
        "stdev": 0.0233398042619,
        "var": 0.000544746464584
    },
    "spectral_energyband_high": {
        "dmean": 0.000784815638326,
        "dmean2": 0.00110666069668,
        "dvar": 1.00284046312e-06,
        "dvar2": 2.06652475754e-06,
        "max": 0.00998326297849,
        "mean": 0.00146027025767,
        "median": 0.000949305656832,
        "min": 4.06414946141e-09,
        "stdev": 0.00143550045323,
        "var": 2.06066147257e-06
    },
    "spectral_energyband_low": {
        "dmean": 0.00809126254171,
        "dmean2": 0.0131853017956,
        "dvar": 0.00013127749844,
        "dvar2": 0.000335338030709,
        "max": 0.0920569002628,
        "mean": 0.0154962129891,
        "median": 0.010319551453,
        "min": 3.07136609479e-08,
        "stdev": 0.0149914165959,
        "var": 0.000224742558203
    },
    "spectral_energyband_middle_high": {
        "dmean": 0.00303669995628,
        "dmean2": 0.00419560354203,
        "dvar": 2.03365507332e-05,
        "dvar2": 3.63168655895e-05,
        "max": 0.0601824074984,
        "mean": 0.00707905879244,
        "median": 0.00413461960852,
        "min": 3.4753222522e-09,
        "stdev": 0.00781703926623,
        "var": 6.11061041127e-05
    },
    "spectral_energyband_middle_low": {
        "dmean": 0.00716541288421,
        "dmean2": 0.011830188334,
        "dvar": 0.000152177191922,
        "dvar2": 0.00040960352635,
        "max": 0.0942045375705,
        "mean": 0.0129545331001,
        "median": 0.00967328622937,
        "min": 1.06247341591e-07,
        "stdev": 0.0120095042512,
        "var": 0.000144228193676
    },
    "spectral_entropy": {
        "dmean": 0.180251479149,
        "dmean2": 0.258614242077,
        "dvar": 0.0302090831101,
        "dvar2": 0.0634167864919,
        "max": 8.5649394989,
        "mean": 7.73916625977,
        "median": 7.75589036942,
        "min": 6.32466220856,
        "stdev": 0.324912905693,
        "var": 0.105568401515
    },
    "spectral_flux": {
        "dmean": 0.0342695824802,
        "dmean2": 0.0522153750062,
        "dvar": 0.00129428470973,
        "dvar2": 0.00251477630809,
        "max": 0.320800364017,
        "mean": 0.103268250823,
        "median": 0.0912081599236,
        "min": 0.000376374897314,
        "stdev": 0.054543081671,
        "var": 0.00297494768165
    },
    "spectral_kurtosis": {
        "dmean": 0.935475051403,
        "dmean2": 1.39360654354,
        "dvar": 0.966492533684,
        "dvar2": 2.13043236732,
        "max": 16.5358428955,
        "mean": 2.86528849602,
        "median": 2.66344690323,
        "min": -1.426679492,
        "stdev": 1.87105631828,
        "var": 3.50085186958
    },
    "spectral_rms": {
        "dmean": 0.00107514462434,
        "dmean2": 0.00160443480127,
        "dvar": 1.44068383179e-06,
        "dvar2": 3.32386184709e-06,
        "max": 0.0118917822838,
        "mean": 0.0055870981887,
        "median": 0.00528576551005,
        "min": 1.17559766295e-05,
        "stdev": 0.00176782708149,
        "var": 3.12521251544e-06
    },
    "spectral_rolloff": {
        "dmean": 650.264343262,
        "dmean2": 1095.75915527,
        "dvar": 1373913.5,
        "dvar2": 3074852.25,
        "max": 11111.1328125,
        "mean": 1518.8659668,
        "median": 1119.7265625,
        "min": 107.666015625,
        "stdev": 1586.92199707,
        "var": 2518321.25
    },
    "spectral_skewness": {
        "dmean": 0.168067291379,
        "dmean2": 0.245150282979,
        "dvar": 0.0274726971984,
        "dvar2": 0.0528350695968,
        "max": 3.06430578232,
        "mean": 1.44002819061,
        "median": 1.44608163834,
        "min": 0.174379244447,
        "stdev": 0.349195837975,
        "var": 0.121937736869
    },
    "spectral_spread": {
        "dmean": 877106.9375,
        "dmean2": 1208753.5,
        "dvar": 875052531712,
        "dvar2": 1.4913175552e+12,
        "max": 16909546,
        "mean": 6494420.5,
        "median": 6179900,
        "min": 2627386.5,
        "stdev": 2033571.625,
        "var": 4.1354133504e+12
    },
    "spectral_strongpeak": {
        "dmean": 0.677623808384,
        "dmean2": 1.18418550491,
        "dvar": 1.65053009987,
        "dvar2": 4.11842632294,
        "max": 11.7998352051,
        "mean": 0.954906761646,
        "median": 0.367426484823,
        "min": 0,
        "stdev": 1.54731762409,
        "var": 2.39419198036
    },
    "zerocrossingrate": {
        "dmean": 0.0137455705553,
        "dmean2": 0.0158859714866,
        "dvar": 0.000172139538336,
        "dvar2": 0.000202764131245,
        "max": 0.27490234375,
        "mean": 0.0722950771451,
        "median": 0.06787109375,
        "min": 0.00830078125,
        "stdev": 0.0334719829261,
        "var": 0.00112037360668
    },
    "barkbands": {
        "dmean": [0.000325643981341, 0.00522604724392, 0.00308158807456, 0.003226748202, 0.00268328050151, 0.00120544014499, 0.000395256705815, 0.000679743650835, 0.00103832606692, 0.000695611874107, 0.000467191450298, 0.000569984200411, 0.000457376881968, 0.000626555585768, 0.000677113363054, 0.00048243146739, 0.00033643952338, 0.000323406420648, 0.000138005547342, 0.000169266946614, 0.00013053388102, 0.000108629763417, 0.000170284285559, 0.000176433546585, 0.000149300554767, 8.31926954561e-05, 7.9716755863e-06],
        "dmean2": [0.000537995016202, 0.00851332116872, 0.00506419548765, 0.00581090757623, 0.00443611480296, 0.00194136903156, 0.000625558430329, 0.00108652212657, 0.00158145441674, 0.0011262355838, 0.000709037994966, 0.000841525325086, 0.000696283241268, 0.000926346052438, 0.00102869106922, 0.000700734322891, 0.000531574012712, 0.00048065581359, 0.000208885772736, 0.000253028119914, 0.000195812870516, 0.000162720883964, 0.000252540252404, 0.000265828479314, 0.000222386937821, 0.000120621982205, 1.27346265799e-05],
        "dvar": [2.27031634381e-07, 5.39444299648e-05, 2.7712472729e-05, 6.47412089165e-05, 1.97110384761e-05, 3.40447695635e-06, 4.56985645769e-07, 3.49923402609e-06, 4.35451238445e-06, 4.23606434197e-06, 1.0261354646e-06, 2.03129707188e-06, 3.13709529109e-06, 2.60513388639e-06, 2.87516513708e-06, 1.1643498965e-06, 5.12517203788e-07, 3.08239634705e-07, 4.46458763292e-08, 5.7870934711e-08, 5.39878364236e-08, 2.59991139728e-08, 6.12217974094e-08, 7.9242951756e-08, 5.55003616398e-08, 1.46854874927e-08, 2.00808356055e-10],
        "dvar2": [6.45706109026e-07, 0.000140459800605, 6.68007705826e-05, 0.000182158721145, 5.35810650035e-05, 8.3299146354e-06, 1.14487647807e-06, 7.79257607064e-06, 9.55431096372e-06, 1.0321926311e-05, 2.00640465664e-06, 4.49526351076e-06, 8.77745605976e-06, 5.18491742696e-06, 6.49566891298e-06, 2.48890933108e-06, 1.1534349369e-06, 6.56153872569e-07, 9.04729802187e-08, 1.18921455794e-07, 1.04497530629e-07, 5.8022127547e-08, 1.38225345836e-07, 1.75065167696e-07, 1.304936319e-07, 3.24721263212e-08, 4.88841578328e-10],
        "max": [0.00372470892034, 0.0683299452066, 0.0420850738883, 0.065203204751, 0.0445295572281, 0.0244052261114, 0.0121611058712, 0.0254576522857, 0.0317601487041, 0.0437759011984, 0.0175445228815, 0.0232302844524, 0.0392086170614, 0.0313992649317, 0.0244574155658, 0.017574749887, 0.00836197379977, 0.0092957932502, 0.00300842453726, 0.00323091633618, 0.00355498259887, 0.001817327342, 0.00250589568168, 0.00345883634873, 0.00516555318609, 0.00129002705216, 0.000122239231132],
        "mean": [0.000503915653098, 0.00916081294417, 0.00410688761622, 0.00315477279946, 0.00459088617936, 0.002131735906, 0.000657797208987, 0.000866756367031, 0.00143527961336, 0.000911558046937, 0.000700629665516, 0.000837308412883, 0.000656317046378, 0.000918473931961, 0.000971172645222, 0.000743421958759, 0.000473979511298, 0.00053390476387, 0.000234018050833, 0.000312682299409, 0.000214663115912, 0.000177113572136, 0.000252878846368, 0.000291341420962, 0.000242365422309, 0.000111139801447, 7.55018754717e-06],
        "median": [0.00018975554849, 0.00520007219166, 0.00207275757566, 0.00140223372728, 0.00308061111718, 0.0013944467064, 0.00038111381582, 0.00030456262175, 0.000513714912813, 0.000203791016247, 0.000188207952306, 0.000241841946263, 0.000160637748195, 0.000144387828186, 0.000177626076038, 0.000170793879079, 0.000176937115612, 0.00023787507962, 0.00012581665942, 0.000191968021682, 0.000112629924843, 0.000106776424218, 0.000134621543111, 0.000142906283145, 0.000131170338136, 5.54920297873e-05, 2.1622111035e-06],
        "min": [6.12277517575e-09, 1.15611307194e-08, 1.02276169756e-08, 1.20235004175e-08, 3.57036000764e-08, 3.51664581899e-08, 1.89325799482e-08, 4.23642720904e-09, 1.3971968027e-10, 6.58787024932e-10, 4.54252246929e-10, 1.04817238222e-10, 1.57580420934e-10, 2.32849323156e-10, 9.26709819993e-11, 1.45971359999e-10, 3.15330678236e-10, 7.35500271798e-10, 5.05517128158e-10, 2.6310784107e-10, 1.61066729398e-10, 6.4527982957e-10, 8.23765056168e-10, 1.1187701876e-09, 6.37233155132e-10, 4.4414874556e-10, 3.96635883859e-11],
        "stdev": [0.00062142778188, 0.0102432640269, 0.00563501985744, 0.00642424682155, 0.00486647058278, 0.00240253703669, 0.000904527492821, 0.00220036646351, 0.00262878718786, 0.00220094923861, 0.00156976771541, 0.00198206910864, 0.00196272949688, 0.00248559983447, 0.00215572421439, 0.0014722389169, 0.000836373132188, 0.000770140148234, 0.000298596540233, 0.000339634745615, 0.000310383009491, 0.000205284319236, 0.000320265826304, 0.000416764378315, 0.000322765583405, 0.000146013568155, 1.39174744618e-05],
        "var": [3.86172501976e-07, 0.000104924460175, 3.17534504575e-05, 4.12709487136e-05, 2.36825362663e-05, 5.77218406761e-06, 8.18170008188e-07, 4.84161273562e-06, 6.91052173352e-06, 4.84417796542e-06, 2.46417084782e-06, 3.92859828935e-06, 3.85230669053e-06, 6.17820614934e-06, 4.64714730697e-06, 2.16748753701e-06, 6.99520057879e-07, 5.93115828451e-07, 8.91598901376e-08, 1.15351760144e-07, 9.63376152185e-08, 4.21416501695e-08, 1.02570204774e-07, 1.7369255545e-07, 1.04177622973e-07, 2.13199626842e-08, 1.93696086948e-10]
    },
    "erbbands": {
        "dmean": [0.139013573527, 1.3076633215, 3.44088768959, 7.24129343033, 10.3154449463, 8.64862060547, 11.5189933777, 9.57594013214, 6.03262996674, 6.94845533371, 16.7189311981, 21.2237014771, 20.8421726227, 25.3856220245, 16.5256538391, 18.0161380768, 16.6272850037, 24.2993049622, 37.3257522583, 26.3413200378, 25.1316661835, 19.7053947449, 19.8038406372, 9.6522359848, 6.11090230942, 7.69394159317, 7.02918672562, 3.78922510147, 3.91957712173, 4.46133136749, 4.67313957214, 3.93333935738, 3.05823874474, 1.97371423244, 0.952439844608, 0.457345306873, 0.120887495577, 0.0257872529328, 0.000828909804113, 3.39119505952e-05],
        "dmean2": [0.198435902596, 2.16027641296, 5.7223315239, 12.5243721008, 18.0235691071, 14.4715900421, 18.6953659058, 15.393989563, 9.56766986847, 11.0162124634, 26.4490318298, 32.4851875305, 32.2129096985, 40.0467758179, 24.656452179, 25.7282047272, 24.726556778, 34.2850952148, 53.5705680847, 39.9099578857, 36.3562927246, 30.4822387695, 29.0611019135, 14.4282169342, 8.98782920837, 11.2599725723, 10.4652519226, 5.64105033875, 5.80191373825, 6.88097810745, 6.93075656891, 5.78946208954, 4.60956573486, 2.99535632133, 1.40898644924, 0.664966881275, 0.176316380501, 0.0390060245991, 0.00129176478367, 5.00775495311e-05],
        "dvar": [0.0275699421763, 4.00019359589, 31.8457660675, 297.427246094, 522.430114746, 213.46685791, 309.844696045, 203.577926636, 97.3361587524, 323.005218506, 1652.23669434, 1927.20837402, 1923.2902832, 6652.54199219, 1270.10803223, 2160.95166016, 3841.28295898, 3717.65551758, 7411.64257812, 3559.27124023, 3360.39086914, 1531.14758301, 1280.66027832, 214.655639648, 75.2262878418, 123.360198975, 175.810470581, 37.4918060303, 33.2555046082, 48.0535430908, 49.0271453857, 47.0138397217, 21.4224624634, 11.4069385529, 2.63345313072, 0.492650985718, 0.0306481067091, 0.00155358144548, 2.10575240089e-06, 1.90752458273e-09],
        "dvar2": [0.0710143893957, 10.6793413162, 76.928024292, 816.746398926, 1461.79870605, 589.118713379, 771.407165527, 517.811767578, 237.531509399, 655.25579834, 3982.96508789, 4451.57470703, 4374.14501953, 16775.4960938, 2651.08276367, 4656.57861328, 11074.9628906, 5858.50537109, 13567.5771484, 8181.60400391, 7248.85449219, 3190.53881836, 2638.78344727, 461.271453857, 162.120056152, 251.915908813, 337.511444092, 76.6818389893, 74.1893310547, 114.577522278, 107.708282471, 105.142105103, 48.0352935791, 28.5187892914, 5.93770217896, 1.07185721397, 0.0704419389367, 0.00356530887075, 5.11483131049e-06, 4.4702082036e-09],
        "max": [1.31001698971, 17.2188663483, 51.3585662842, 158.750686646, 204.710586548, 142.518920898, 259.038635254, 182.596115112, 186.346008301, 447.79788208, 555.378479004, 687.898254395, 668.747497559, 1843.19836426, 604.983032227, 953.509277344, 1538.31066895, 1177.11914062, 1410.86291504, 800.057128906, 1031.5378418, 392.015686035, 557.768310547, 165.471847534, 93.4504241943, 157.680877686, 198.574249268, 71.7154464722, 72.4747238159, 112.425842285, 95.0850219727, 100.552963257, 51.5322799683, 77.9254760742, 28.3341846466, 9.02528572083, 1.61258327961, 0.304638773203, 0.0145308170468, 0.000380616285838],
        "mean": [0.288260370493, 1.93722510338, 4.83312320709, 8.28087043762, 12.708190918, 13.8583431244, 20.0165309906, 16.7062511444, 10.8983049393, 10.6111698151, 22.1843414307, 29.6461830139, 29.6377677917, 36.0663108826, 27.5367603302, 27.7606315613, 27.5006046295, 41.1222572327, 58.2533531189, 41.1457672119, 40.4713363647, 30.9499130249, 32.516204834, 16.7867431641, 11.9964008331, 14.3734664917, 11.5754947662, 6.51461219788, 6.44992876053, 6.65420770645, 7.05123519897, 6.30020666122, 4.81815910339, 3.11942243576, 1.49539244175, 0.652368187904, 0.154133841395, 0.0282030068338, 0.00086476438446, 6.70600275043e-05],
        "median": [0.193450048566, 0.864733874798, 2.42681694031, 4.20073461533, 6.53797101974, 8.82508468628, 13.4507884979, 10.7081422806, 6.92097473145, 5.50051736832, 9.20218849182, 10.5673284531, 10.819480896, 10.4269943237, 9.29342269897, 9.85321044922, 8.42129135132, 9.36705303192, 10.4046211243, 10.1095323563, 10.7909736633, 12.3245811462, 14.5693655014, 8.8414144516, 7.29711437225, 8.6626329422, 5.8646736145, 3.92788600922, 3.98591685295, 3.6079864502, 3.67060017586, 3.25357341766, 2.37730956078, 1.63147234917, 0.800254821777, 0.328580290079, 0.072766803205, 0.0115523664281, 0.000317389611155, 5.09030105604e-05],
        "min": [3.8223194565e-07, 2.51498022408e-06, 1.01729092421e-05, 2.89045074169e-05, 6.60903024254e-05, 0.000129728985485, 0.000219750698307, 0.00030164650525, 0.000302487547742, 0.000194031526917, 6.16911929683e-05, 5.55414817427e-06, 8.44975511427e-06, 3.01308027701e-05, 9.94582569547e-06, 5.23348717252e-06, 6.92157709636e-06, 1.11419421955e-05, 9.08943457034e-06, 4.03969124818e-06, 1.19908027045e-05, 1.79882572411e-05, 3.87687541661e-05, 3.41529193975e-05, 1.52115562742e-05, 1.38856375997e-05, 9.60191846389e-06, 5.24886991116e-06, 2.63362890109e-05, 2.25404692173e-05, 1.73752923729e-05, 1.55852303578e-05, 2.74041030934e-05, 7.50386925574e-06, 4.511874522e-06, 2.29922034123e-06, 7.650348266e-07, 1.81595993354e-07, 4.79969353151e-09, 2.96232621766e-10],
        "stdev": [0.306338310242, 2.47645783424, 6.35024785995, 14.5674409866, 19.5263118744, 16.1484928131, 22.3882541656, 18.5599327087, 13.38301754, 21.8326797485, 45.8695030212, 54.7116775513, 52.337638855, 84.4334716797, 52.8127784729, 62.2216720581, 65.5240402222, 98.8927993774, 139.94140625, 76.7807312012, 78.1612548828, 49.558681488, 49.1224479675, 21.1097583771, 12.9696073532, 15.7257566452, 17.2837047577, 7.98007726669, 7.36805868149, 8.61993980408, 9.1156129837, 9.51524162292, 6.56880617142, 4.26671743393, 2.12925362587, 0.880332529545, 0.20163449645, 0.0419662743807, 0.00144102761988, 5.11347134307e-05],
        "var": [0.0938431546092, 6.13284397125, 40.3256492615, 212.210342407, 381.276855469, 260.773803711, 501.233917236, 344.471130371, 179.105148315, 476.665893555, 2104.01147461, 2993.36767578, 2739.22827148, 7129.01171875, 2789.18969727, 3871.53662109, 4293.39990234, 9779.78613281, 19583.5957031, 5895.28027344, 6109.18164062, 2456.06274414, 2413.01489258, 445.621917725, 168.210708618, 247.299423218, 298.726470947, 63.6816329956, 54.2882881165, 74.3033676147, 83.0944061279, 90.5398178101, 43.1492156982, 18.2048778534, 4.53372144699, 0.77498537302, 0.0406564697623, 0.00176116812509, 2.07656057682e-06, 2.61475885388e-09]
    },
    "gfcc": {
        "mean": [43.151512146, 71.1204528809, -91.0919036865, 37.0276222229, -55.5625114441, 22.5546836853, -44.9493370056, 15.3731479645, -30.1984596252, 2.54419350624, -19.2373447418, 3.91818785667, -10.5920600891],
        "cov": [[2429.33666992, -500.609802246, -584.363952637, -101.560386658, 126.481048584, 27.1991786957, -78.2701187134, -21.2139358521, -69.7227020264, -25.1314888, -231.914794922, -83.2853851318, -70.9658508301], [-500.609802246, 602.320068359, -97.645072937, -7.55394697189, 155.875793457, -7.17381095886, 146.216491699, 56.7960166931, 64.3744659424, 11.5601816177, 107.525085449, -18.1697998047, 74.5253448486], [-584.363952637, -97.645072937, 791.518066406, 195.616394043, -213.040435791, 54.9860572815, 15.8281583786, -12.6822767258, 5.94664573669, 14.996008873, 73.1514587402, 103.10042572, -44.5616264343], [-101.560386658, -7.55394697189, 195.616394043, 216.208496094, 6.04553413391, -1.97038435936, 16.0552883148, 40.0051231384, 37.6407279968, 3.75297164917, 27.7043037415, 30.0247802734, 21.799238205], [126.481048584, 155.875793457, -213.040435791, 6.04553413391, 260.058746338, 37.5973129272, 55.0675430298, 40.4874191284, 45.8699951172, 14.1111888885, 6.01459312439, -20.358537674, 46.0475654602], [27.1991786957, -7.17381095886, 54.9860572815, -1.97038435936, 37.5973129272, 187.997817993, 45.8377761841, -39.025806427, -7.95454502106, 18.1359577179, 35.4274978638, 4.13005971909, -0.0965642556548], [-78.2701187134, 146.216491699, 15.8281583786, 16.0552883148, 55.0675430298, 45.8377761841, 132.476104736, 43.1058197021, 24.0150356293, 9.96704864502, 37.6351394653, 14.0697288513, 16.9922485352], [-21.2139358521, 56.7960166931, -12.6822767258, 40.0051231384, 40.4874191284, -39.025806427, 43.1058197021, 158.775619507, 69.0018692017, -13.7770500183, 10.9859046936, 9.25954151154, 38.1652641296], [-69.7227020264, 64.3744659424, 5.94664573669, 37.6407279968, 45.8699951172, -7.95454502106, 24.0150356293, 69.0018692017, 98.2473983765, 16.2836322784, 2.70755410194, 0.734400868416, 26.2545833588], [-25.1314888, 11.5601816177, 14.996008873, 3.75297164917, 14.1111888885, 18.1359577179, 9.96704864502, -13.7770500183, 16.2836322784, 69.6542282104, 27.4939842224, -3.37933254242, -0.260503947735], [-231.914794922, 107.525085449, 73.1514587402, 27.7043037415, 6.01459312439, 35.4274978638, 37.6351394653, 10.9859046936, 2.70755410194, 27.4939842224, 109.135772705, 35.8734970093, 15.9994478226], [-83.2853851318, -18.1697998047, 103.10042572, 30.0247802734, -20.358537674, 4.13005971909, 14.0697288513, 9.25954151154, 0.734400868416, -3.37933254242, 35.8734970093, 87.541847229, 13.5823516846], [-70.9658508301, 74.5253448486, -44.5616264343, 21.799238205, 46.0475654602, -0.0965642556548, 16.9922485352, 38.1652641296, 26.2545833588, -0.260503947735, 15.9994478226, 13.5823516846, 73.3277130127]],
        "icov": [[0.000846559531055, 0.000576226506382, 0.00078076479258, -0.00046709846356, -0.000209165344131, -0.000486773322336, -0.000256169587374, -0.000505726668052, 0.000648201967124, -0.000494918960612, 0.00126120226923, -0.000442181277322, 0.000873157463502], [0.000576226506382, 0.00526736117899, -9.11571842153e-05, 0.00130822916981, -0.00210276199505, 0.00280092423782, -0.00490760244429, 0.00260747363791, -0.00260486407205, 0.0030221438501, -0.00516289751977, 0.00387812033296, -0.00278421025723], [0.00078076479258, -9.11571842153e-05, 0.00393125368282, -0.00320622557774, 0.00259708217345, -0.00202114367858, -6.75709234201e-05, -0.000696516071912, 7.00603122823e-05, -0.00121584755834, 0.00140427902807, -0.00313902110793, 0.00318072619848], [-0.00046709846356, 0.00130822916981, -0.00320622557774, 0.00823537725955, -0.00241259043105, 0.00226769200526, -0.000925477652345, 0.000760994618759, -0.00241905474104, 0.00195514387451, -0.00318429991603, 0.00214926223271, -0.00367218558677], [-0.000209165344131, -0.00210276199505, 0.00259708217345, -0.00241259043105, 0.00808046665043, -0.0028979179915, 5.95041747147e-05, -0.000993480090983, -0.00101279234514, -0.00194296834525, 0.00216427817941, -0.00168550561648, -0.000148945779074], [-0.000486773322336, 0.00280092423782, -0.00202114367858, 0.00226769200526, -0.0028979179915, 0.00971874222159, -0.00521316938102, 0.00503351166844, -0.00246632378548, 0.00267204083502, -0.00618164800107, 0.00406452827156, -0.00331088108942], [-0.000256169587374, -0.00490760244429, -6.75709234201e-05, -0.000925477652345, 5.95041747147e-05, -0.00521316938102, 0.0154665214941, -0.00589987030253, 0.00288348994218, -0.00342367985286, 0.00328207062557, -0.00451021688059, 0.00349106942303], [-0.000505726668052, 0.00260747363791, -0.000696516071912, 0.000760994618759, -0.000993480090983, 0.00503351166844, -0.00589987030253, 0.0144707486033, -0.0098348390311, 0.00698313163593, -0.00621788203716, 0.00324768107384, -0.00502174952999], [0.000648201967124, -0.00260486407205, 7.00603122823e-05, -0.00241905474104, -0.00101279234514, -0.00246632378548, 0.00288348994218, -0.0098348390311, 0.0209159106016, -0.008833816275, 0.00784079451114, -0.00250337575562, 0.000352505972842], [-0.000494918960612, 0.0030221438501, -0.00121584755834, 0.00195514387451, -0.00194296834525, 0.00267204083502, -0.00342367985286, 0.00698313163593, -0.008833816275, 0.0220813825727, -0.0109856212512, 0.00588061101735, -0.00193907180801], [0.00126120226923, -0.00516289751977, 0.00140427902807, -0.00318429991603, 0.00216427817941, -0.00618164800107, 0.00328207062557, -0.00621788203716, 0.00784079451114, -0.0109856212512, 0.023620409891, -0.0101836407557, 0.00326244509779], [-0.000442181277322, 0.00387812033296, -0.00313902110793, 0.00214926223271, -0.00168550561648, 0.00406452827156, -0.00451021688059, 0.00324768107384, -0.00250337575562, 0.00588061101735, -0.0101836407557, 0.0200840923935, -0.0070782750845], [0.000873157463502, -0.00278421025723, 0.00318072619848, -0.00367218558677, -0.000148945779074, -0.00331088108942, 0.00349106942303, -0.00502174952999, 0.000352505972842, -0.00193907180801, 0.00326244509779, -0.0070782750845, 0.0226967968047]]
    },
    "melbands": {
        "dmean": [0.00130802101921, 0.00164212821983, 0.00132337992545, 0.000633435498457, 0.000392452115193, 0.000208803394344, 8.90927258297e-05, 9.63038837654e-05, 0.000136790957185, 0.000144901816384, 0.000109843138489, 0.000108726759208, 5.42998204764e-05, 6.1736551288e-05, 3.96772738895e-05, 4.89942976856e-05, 4.8157893616e-05, 6.48164132144e-05, 4.89539088449e-05, 3.38949248544e-05, 3.04321274598e-05, 2.1535965061e-05, 1.90718710655e-05, 1.52362308654e-05, 7.90561171016e-06, 4.30104819316e-06, 5.70964721192e-06, 5.45645207239e-06, 4.88388877784e-06, 3.40666701959e-06, 2.04154321182e-06, 2.4148769171e-06, 2.13178986996e-06, 2.79599089481e-06, 2.90409957415e-06, 2.70550731329e-06, 2.39092150878e-06, 2.34966228163e-06, 1.85093176697e-06, 1.74902254457e-06],
        "dmean2": [0.00206659082323, 0.00272177904844, 0.00229975697584, 0.00106122274883, 0.000640002836008, 0.000334285228746, 0.000142242555739, 0.000151233558427, 0.000218091110582, 0.000221218419028, 0.000169673192431, 0.00017181984731, 8.23992522783e-05, 9.27658838918e-05, 5.45679904462e-05, 7.40764298826e-05, 6.8264802394e-05, 9.24083651626e-05, 7.5792777352e-05, 4.96093707625e-05, 4.47446764156e-05, 3.40818478435e-05, 2.89583440463e-05, 2.27777363762e-05, 1.21982866403e-05, 6.37428138361e-06, 8.68485494721e-06, 8.12927555671e-06, 7.34501509214e-06, 5.17584339832e-06, 3.07832760882e-06, 3.67670031665e-06, 3.28774103764e-06, 4.37827611677e-06, 4.43908720626e-06, 3.94971539208e-06, 3.66979043065e-06, 3.59999489774e-06, 2.84302791442e-06, 2.70834607363e-06],
        "dvar": [2.86996782961e-06, 6.58138333165e-06, 9.68444510363e-06, 1.39672306432e-06, 3.21017097349e-07, 9.38464879141e-08, 2.09298054443e-08, 6.70538113923e-08, 9.39196809213e-08, 9.60150359219e-08, 5.22128118519e-08, 1.21147351706e-07, 1.23095773574e-08, 2.7238977296e-08, 1.50852983438e-08, 4.71146925918e-08, 1.45470524515e-08, 2.54256420362e-08, 1.94559497402e-08, 6.85372603115e-09, 6.54182574777e-09, 2.20145124352e-09, 1.27138000128e-09, 7.60355278739e-10, 1.5721941804e-10, 4.06664077413e-11, 6.80036582601e-11, 6.97797930549e-11, 7.81788730975e-11, 3.83238128732e-11, 1.10291524177e-11, 1.33376105299e-11, 1.02655193374e-11, 1.98528329193e-11, 2.08423989873e-11, 2.19554218556e-11, 2.0263297984e-11, 1.37900559027e-11, 8.04247727443e-12, 1.50465664234e-11],
        "dvar2": [7.34253080736e-06, 1.6408992451e-05, 2.6763887945e-05, 3.81377867598e-06, 8.13743270101e-07, 2.36075507587e-07, 5.19276852629e-08, 1.37685844948e-07, 2.29639383065e-07, 2.13360905832e-07, 1.16916353932e-07, 3.05479517237e-07, 2.5387713265e-08, 6.40712229938e-08, 2.71689728493e-08, 1.37773596975e-07, 2.54198653238e-08, 4.51448443073e-08, 4.9806363478e-08, 1.42846658946e-08, 1.50753241002e-08, 4.90936136188e-09, 2.83788748057e-09, 1.56247847993e-09, 3.48895579094e-10, 8.59701060341e-11, 1.53507692668e-10, 1.43974457356e-10, 1.55006701918e-10, 7.51212841932e-11, 2.42594815764e-11, 3.13557756149e-11, 2.28905054633e-11, 4.93240379096e-11, 4.79547165866e-11, 4.54160355157e-11, 4.8747655218e-11, 3.0904428322e-11, 1.84488951893e-11, 4.15489552485e-11],
        "max": [0.0158839151263, 0.021435983479, 0.0255270730704, 0.0118009895086, 0.00842080079019, 0.00354068423621, 0.00261029903777, 0.00506249349564, 0.0037929948885, 0.00522320065647, 0.00324177020229, 0.00789427105337, 0.00143001228571, 0.00326910545118, 0.00229224609211, 0.00501360930502, 0.00226213759743, 0.0031848733779, 0.00249246531166, 0.00165378302336, 0.00171403412241, 0.000525662617292, 0.000608134549111, 0.000405549071729, 0.000135025606141, 0.000116954484838, 9.06634231796e-05, 0.000141414857353, 0.000100886827568, 9.63782513281e-05, 3.79344492103e-05, 4.95969325129e-05, 3.26108311128e-05, 7.64970536693e-05, 5.96219506406e-05, 9.5626230177e-05, 6.05628447374e-05, 3.94278649765e-05, 3.81217105314e-05, 0.000100537115941],
        "mean": [0.00253186747432, 0.00253139389679, 0.00154927116819, 0.000961020006798, 0.000691500608809, 0.000372546637664, 0.000158793031005, 0.000136977381771, 0.000180386545253, 0.00019995738694, 0.0001518746285, 0.000150356296217, 8.6481726612e-05, 9.61142941378e-05, 5.67782699363e-05, 7.3350223829e-05, 7.50777981011e-05, 9.73518181127e-05, 6.90666493028e-05, 4.92262333864e-05, 4.36567679571e-05, 3.06755828205e-05, 2.95787067444e-05, 2.44823113462e-05, 1.26693266793e-05, 7.66155790188e-06, 1.01936448118e-05, 9.41389316722e-06, 7.68905010773e-06, 5.18206297784e-06, 3.26925851368e-06, 3.78745198759e-06, 3.23795870827e-06, 3.95260167352e-06, 4.08365804105e-06, 4.09691665482e-06, 3.72505837731e-06, 3.50169875674e-06, 2.92983418149e-06, 2.55990403275e-06],
        "median": [0.00154313596431, 0.00132304092404, 0.000830102304462, 0.000592093798332, 0.000471885607112, 0.000249087519478, 0.000101484482002, 6.14657255937e-05, 7.28760933271e-05, 6.31552829873e-05, 4.67687386845e-05, 3.94350754505e-05, 2.85128608084e-05, 2.7442632927e-05, 1.31780680022e-05, 1.78272057383e-05, 1.36454027597e-05, 1.32094501168e-05, 1.3045495507e-05, 1.06188572317e-05, 1.08079502752e-05, 1.16242490549e-05, 1.17752824735e-05, 1.09257653094e-05, 6.10709139437e-06, 4.56810266769e-06, 5.84076087762e-06, 5.17196622241e-06, 3.45979947269e-06, 2.65824087364e-06, 1.89432694242e-06, 2.23180268222e-06, 1.76623234438e-06, 2.02142950911e-06, 2.12184727388e-06, 2.02801788873e-06, 1.85976603007e-06, 1.59461080784e-06, 1.55520808676e-06, 1.3266806036e-06],
        "min": [3.60013441281e-09, 4.77101469443e-09, 5.98435878629e-09, 6.96798663213e-09, 7.50951123507e-09, 6.78107703322e-09, 4.46361525519e-09, 1.84267046066e-09, 3.65214442022e-10, 1.42363438746e-11, 4.40478972741e-11, 1.26219423802e-10, 4.74700383168e-11, 1.05990268645e-11, 1.4458423174e-11, 1.70762709528e-11, 2.11640375364e-11, 1.68393042566e-11, 4.86141205416e-12, 6.23204352707e-12, 1.66402083085e-11, 2.04173084689e-11, 1.73967003997e-11, 4.4529161608e-11, 2.63808766499e-11, 1.78743304879e-11, 6.08089750428e-12, 1.04435947737e-11, 6.0493055877e-12, 3.94727349765e-12, 2.10794554555e-12, 1.22651663131e-11, 1.57665078909e-11, 1.3717886202e-11, 8.65103821912e-12, 1.5247572302e-11, 5.11116366245e-12, 1.9642433513e-11, 1.40105071642e-11, 4.00159029176e-12],
        "stdev": [0.00269868271425, 0.0030460190028, 0.00259822886437, 0.00115611089859, 0.000736545480322, 0.000403308717068, 0.000194829481188, 0.000316135818139, 0.000342965620803, 0.000393848953536, 0.000277936982457, 0.000355717900675, 0.000161326810485, 0.000232007194427, 0.000176527770236, 0.000232997816056, 0.000187313606148, 0.000267582887318, 0.000156656184117, 0.000108628555608, 9.74669164862e-05, 5.51693010493e-05, 4.62440693809e-05, 3.59717996616e-05, 1.74410979525e-05, 9.24100550037e-06, 1.23593554235e-05, 1.14530494102e-05, 1.14015410873e-05, 8.26179166324e-06, 4.12277404394e-06, 4.44586248705e-06, 4.05251012126e-06, 5.36426978215e-06, 5.49255628357e-06, 6.34576008451e-06, 5.8654222812e-06, 5.10134714204e-06, 3.75980107492e-06, 4.13237876273e-06],
        "var": [7.28288796381e-06, 9.27823202801e-06, 6.75079309076e-06, 1.33659239054e-06, 5.42499265066e-07, 1.62657926239e-07, 3.79585287646e-08, 9.9941864562e-08, 1.17625418738e-07, 1.55116993028e-07, 7.72489627821e-08, 1.26535226741e-07, 2.60263419705e-08, 5.38273390305e-08, 3.1162052494e-08, 5.42879803334e-08, 3.5086387129e-08, 7.16006027801e-08, 2.45411584388e-08, 1.18001626248e-08, 9.49979916953e-09, 3.04365177506e-09, 2.13851403252e-09, 1.29397026427e-09, 3.04191866141e-10, 8.53961831804e-11, 1.52753656946e-10, 1.31172336881e-10, 1.29995139653e-10, 6.82572054433e-11, 1.69972664416e-11, 1.97656925549e-11, 1.64228387833e-11, 2.87753900569e-11, 3.01681735149e-11, 4.02686703427e-11, 3.44031782229e-11, 2.60237404542e-11, 1.41361037459e-11, 1.70765554475e-11]
    },
    "melbands128": {
