{
"lowlevel": {
    "average_loudness": 0.58206731081,
    "barkbands_crest": {
        "dmean": 1.93001794815,
        "dmean2": 2.97311925888,
        "dvar": 3.82712507248,
        "dvar2": 8.85756587982,
        "max": 26.2311286926,
        "mean": 12.756439209,
        "median": 12.0915699005,
        "min": 3.37551212311,
        "stdev": 4.53097963333,
        "var": 20.5297775269
    },
    "barkbands_flatness_db": {
        "dmean": 0.0166994743049,
        "dmean2": 0.0247545335442,
        "dvar": 0.00034176450572,
        "dvar2": 0.000647295848466,
        "max": 0.459622979164,
        "mean": 0.254852116108,
        "median": 0.247265174985,
        "min": 0.0794626250863,
        "stdev": 0.0609294958413,
        "var": 0.003712403588
    },
    "barkbands_kurtosis": {
        "dmean": 4.41479587555,
        "dmean2": 6.64232349396,
        "dvar": 195.19732666,
        "dvar2": 410.726287842,
        "max": 442.641876221,
        "mean": 10.0297765732,
        "median": 5.39961481094,
        "min": -1.87802195549,
        "stdev": 21.7233276367,
        "var": 471.902923584
    },
    "barkbands_skewness": {
        "dmean": 0.451678097248,
        "dmean2": 0.656058609486,
        "dvar": 0.493553131819,
        "dvar2": 1.00249779224,
        "max": 16.1064357758,
        "mean": 1.89680683613,
        "median": 1.80908036232,
        "min": -1.85988795757,
        "stdev": 1.50819420815,
        "var": 2.27464962006
    },
    "barkbands_spread": {
        "dmean": 1.74599599838,
        "dmean2": 2.54783082008,
        "dvar": 18.0709075928,
        "dvar2": 32.1970443726,
        "max": 82.193687439,
        "mean": 8.25888538361,
        "median": 6.58310985565,
        "min": 0.251345932484,
        "stdev": 8.1430311203,
        "var": 66.3089523315
    },
    "dissonance": {
        "dmean": 0.0312955826521,
        "dmean2": 0.0522769466043,
        "dvar": 0.00105365051422,
        "dvar2": 0.00261643133126,
        "max": 0.494428396225,
        "mean": 0.399000257254,
        "median": 0.41166216135,
        "min": 0.135900750756,
        "stdev": 0.0555132552981,
        "var": 0.00308172148652
    },
    "dynamic_complexity": 4.05858325958,
    "erbbands_crest": {
        "dmean": 2.15434265137,
        "dmean2": 3.33223199844,
        "dvar": 4.59998035431,
        "dvar2": 10.4978923798,
        "max": 28.4263725281,
        "mean": 13.6678161621,
        "median": 13.2996864319,
        "min": 3.97284722328,
        "stdev": 4.30037164688,
        "var": 18.4931964874
    },
    "erbbands_flatness_db": {
        "dmean": 0.0138605283573,
        "dmean2": 0.0199642274529,
        "dvar": 0.000259213498794,
        "dvar2": 0.000502625771333,
        "max": 0.437736779451,
        "mean": 0.247231245041,
        "median": 0.245960712433,
        "min": 0.101443126798,
        "stdev": 0.0479281581938,
        "var": 0.00229710829444
    },
    "erbbands_kurtosis": {
        "dmean": 1.88244068623,
        "dmean2": 2.86070799828,
        "dvar": 15.8283758163,
        "dvar2": 39.7748527527,
        "max": 77.6247711182,
        "mean": 3.26632642746,
        "median": 1.52518248558,
        "min": -1.78242099285,
        "stdev": 6.04523468018,
        "var": 36.5448646545
    },
    "erbbands_skewness": {
        "dmean": 0.357866883278,
        "dmean2": 0.522579431534,
        "dvar": 0.207089170814,
        "dvar2": 0.43149498105,
        "max": 7.61821985245,
        "mean": 1.16365766525,
        "median": 1.0304543972,
        "min": -2.72588706017,
        "stdev": 1.04281675816,
        "var": 1.08746683598
    },
    "erbbands_spread": {
        "dmean": 3.8008749485,
        "dmean2": 5.35611724854,
        "dvar": 45.6763381958,
        "dvar2": 82.5154647827,
        "max": 115.5181427,
        "mean": 23.7436485291,
        "median": 16.688167572,
        "min": 1.37066030502,
        "stdev": 17.2276153564,
        "var": 296.790740967
    },
    "hfc": {
        "dmean": 1.68497514725,
        "dmean2": 2.37392640114,
        "dvar": 10.0009040833,
        "dvar2": 14.8300476074,
        "max": 77.2111968994,
        "mean": 10.3069295883,
        "median": 6.89634895325,
        "min": 1.18428771788e-16,
        "stdev": 11.1229848862,
        "var": 123.720787048
    },
    "loudness_ebu128": {
        "integrated": -11.789642334,
        "loudness_range": 8.85182857513,
        "momentary": {
            "dmean": 0.621702313423,
            "dmean2": 0.514792144299,
            "dvar": 0.696966707706,
            "dvar2": 0.684648752213,
            "max": -6.56934118271,
            "mean": -13.7847299576,
            "median": -13.4340686798,
            "min": -29.4369659424,
            "stdev": 4.39078092575,
            "var": 19.2789554596
        },
        "short_term": {
            "dmean": 0.102876327932,
            "dmean2": 0.0582872331142,
            "dvar": 0.00661119772121,
            "dvar2": 0.00477832229808,
            "max": -7.5355091095,
            "mean": -13.3782434464,
            "median": -13.7857837677,
            "min": -18.959936142,
            "stdev": 2.98363471031,
            "var": 8.90207576752
        }
    },
    "melbands_crest": {
        "dmean": 2.0610306263,
        "dmean2": 3.23697280884,
        "dvar": 4.45711565018,
        "dvar2": 10.793847084,
        "max": 31.6940155029,
        "mean": 14.1848115921,
        "median": 13.5952892303,
        "min": 1.79268085957,
        "stdev": 4.64280748367,
        "var": 21.5556602478
    },
    "melbands_flatness_db": {
        "dmean": 0.0175352003425,
        "dmean2": 0.0247313790023,
        "dvar": 0.000528733595274,
        "dvar2": 0.00087638158584,
        "max": 0.57040387392,
        "mean": 0.324884206057,
        "median": 0.310588598251,
        "min": 0.00574300950393,
        "stdev": 0.0773101076484,
        "var": 0.00597685296088
    },
    "melbands_kurtosis": {
        "dmean": 5.17608356476,
        "dmean2": 7.94248247147,
        "dvar": 145.683074951,
        "dvar2": 361.390228271,
        "max": 191.193405151,
        "mean": 14.7682418823,
        "median": 9.86353302002,
        "min": -1.76635015011,
        "stdev": 19.3367404938,
        "var": 373.909515381
    },
    "melbands_skewness": {
        "dmean": 0.457710385323,
        "dmean2": 0.675444304943,
        "dvar": 0.423830866814,
        "dvar2": 0.961429655552,
        "max": 9.54618167877,
        "mean": 2.33535075188,
        "median": 2.04516029358,
        "min": -0.813002407551,
        "stdev": 1.52173638344,
        "var": 2.31568145752
    },
    "melbands_spread": {
        "dmean": 2.1604321003,
        "dmean2": 2.90289640427,
        "dvar": 49.7873687744,
        "dvar2": 59.3156318665,
        "max": 191.487075806,
        "mean": 10.4503831863,
        "median": 7.71918869019,
        "min": 0.476686030626,
        "stdev": 17.2454853058,
        "var": 297.406738281
    },
    "pitch_salience": {
        "dmean": 0.0446836128831,
        "dmean2": 0.0704080536962,
        "dvar": 0.00206689327024,
        "dvar2": 0.00447129271924,
        "max": 0.787980735302,
        "mean": 0.507513821125,
        "median": 0.510073840618,
        "min": 0.166917413473,
        "stdev": 0.108476862311,
        "var": 0.0117672290653
    },
    "silence_rate_20dB": {
        "dmean": 0,
        "dmean2": 0,
        "dvar": 0,
        "dvar2": 0,
        "max": 1,
        "mean": 1,
        "median": 1,
        "min": 1,
        "stdev": 0,
        "var": 0
    },
    "silence_rate_30dB": {
        "dmean": 0.00154679035768,
        "dmean2": 0.0030959751457,
        "dvar": 0.00154439778998,
        "dvar2": 0.00308639020659,
        "max": 1,
        "mean": 0.996908783913,
        "median": 1,
        "min": 0,
        "stdev": 0.0555124729872,
        "var": 0.00308163464069
    },
    "silence_rate_60dB": {
        "dmean": 0.0208816714585,
        "dmean2": 0.0417956672609,
        "dvar": 0.0204461235553,
        "dvar2": 0.0415969826281,
        "max": 1,
        "mean": 0.124420404434,
        "median": 0,
        "min": 0,
        "stdev": 0.330065906048,
        "var": 0.108943507075
    },
    "spectral_centroid": {
        "dmean": 81.1265792847,
        "dmean2": 107.718704224,
        "dvar": 94523.015625,
        "dvar2": 99443.8515625,
        "max": 11026.6123047,
        "mean": 630.741516113,
        "median": 564.964111328,
        "min": 214.539215088,
        "stdev": 528.590942383,
        "var": 279408.40625
    },
    "spectral_complexity": {
        "dmean": 1.2312451601,
        "dmean2": 2.02321982384,
        "dvar": 1.69517374039,
        "dvar2": 3.84929561615,
        "max": 24,
        "mean": 9.71870136261,
        "median": 9,
        "min": 0,
        "stdev": 4.72846031189,
        "var": 22.3583374023
    },
    "spectral_decrease": {
        "dmean": 9.29079257972e-10,
        "dmean2": 1.40603950705e-09,
        "dvar": 2.3107278004e-18,
        "dvar2": 4.65055912346e-18,
        "max": -5.98426156026e-30,
        "mean": -5.38093081204e-09,
        "median": -4.12533740501e-09,
        "min": -3.47877957552e-08,
        "stdev": 4.90890483817e-09,
        "var": 2.40973461956e-17
    },
    "spectral_energy": {
        "dmean": 0.00362988840789,
        "dmean2": 0.00548266200349,
        "dvar": 3.52950992237e-05,
        "dvar2": 7.01625613146e-05,
        "max": 0.137379974127,
        "mean": 0.0212437193841,
        "median": 0.0162752531469,
        "min": 1.07644341221e-20,
        "stdev": 0.0194211490452,
        "var": 0.000377181044314
    },
    "spectral_energyband_high": {
        "dmean": 3.93803056795e-05,
        "dmean2": 5.09680612595e-05,
        "dvar": 5.85313024715e-08,
        "dvar2": 8.06122812946e-08,
        "max": 0.00617828173563,
        "mean": 0.00011818727944,
        "median": 1.6988691641e-05,
        "min": 8.0020499262e-21,
        "stdev": 0.000558332074434,
        "var": 3.11734680736e-07
    },
    "spectral_energyband_low": {
        "dmean": 0.00111473014113,
        "dmean2": 0.0017473566113,
        "dvar": 6.79944150761e-06,
        "dvar2": 1.39123530971e-05,
        "max": 0.0633921474218,
        "mean": 0.0033826646395,
        "median": 0.00175016955473,
        "min": 4.11416110958e-23,
        "stdev": 0.00517359096557,
        "var": 2.67660434474e-05
    },
    "spectral_energyband_middle_high": {
        "dmean": 0.000642239465378,
        "dmean2": 0.000851889606565,
        "dvar": 3.89072283724e-06,
        "dvar2": 4.42803047918e-06,
        "max": 0.0690730214119,
        "mean": 0.00253153243102,
        "median": 0.00105097983032,
        "min": 1.61579857386e-21,
        "stdev": 0.00469977455214,
        "var": 2.20878828259e-05
    },
    "spectral_energyband_middle_low": {
        "dmean": 0.00326076662168,
        "dmean2": 0.00497517641634,
        "dvar": 2.17323795368e-05,
        "dvar2": 5.33216152689e-05,
        "max": 0.0759172961116,
        "mean": 0.0160062070936,
        "median": 0.0119158616289,
        "min": 2.19511616174e-22,
        "stdev": 0.0142336692661,
        "var": 0.000202597337193
    },
    "spectral_entropy": {
        "dmean": 0.159006521106,
        "dmean2": 0.230088338256,
        "dvar": 0.0435426570475,
        "dvar2": 0.071574524045,
        "max": 9.8047246933,
        "mean": 6.26848554611,
        "median": 6.28143405914,
        "min": 4.61186408997,
        "stdev": 0.590758323669,
        "var": 0.348995387554
    },
    "spectral_flux": {
        "dmean": 0.0141827566549,
        "dmean2": 0.0224627982825,
        "dvar": 0.000272263016086,
        "dvar2": 0.000660097459331,
        "max": 0.287794679403,
        "mean": 0.0423494763672,
        "median": 0.0323264300823,
        "min": 1.0375179188e-10,
        "stdev": 0.0320150181651,
        "var": 0.00102496147156
    },
    "spectral_kurtosis": {
        "dmean": 6.90065288544,
        "dmean2": 11.7957925797,
        "dvar": 80.3277587891,
        "dvar2": 227.326721191,
        "max": 154.622741699,
        "mean": 18.7319450378,
        "median": 12.0177402496,
        "min": -1.2341337204,
        "stdev": 19.444726944,
        "var": 378.097381592
    },
    "spectral_rms": {
        "dmean": 0.000376268901164,
        "dmean2": 0.000560677202884,
        "dvar": 2.41662348799e-07,
        "dvar2": 4.75007851719e-07,
        "max": 0.0115770995617,
        "mean": 0.00410120328888,
        "median": 0.00398475769907,
        "min": 3.24066142844e-12,
        "stdev": 0.0019762814045,
        "var": 3.90568811781e-06
    },
    "spectral_rolloff": {
        "dmean": 144.93661499,
        "dmean2": 237.148223877,
        "dvar": 558429.5625,
        "dvar2": 822119.0625,
        "max": 18755.4199219,
        "mean": 693.102722168,
        "median": 452.197265625,
        "min": 172.265625,
        "stdev": 1140.36853027,
        "var": 1300440.375
    },
    "spectral_skewness": {
        "dmean": 0.51551514864,
        "dmean2": 0.862661659718,
        "dvar": 0.288772791624,
        "dvar2": 0.789116740227,
        "max": 10.4928207397,
        "mean": 2.99721479416,
        "median": 2.70947575569,
        "min": 0.0069768615067,
        "stdev": 1.46727776527,
        "var": 2.15290403366
    },
    "spectral_spread": {
        "dmean": 380642.25,
        "dmean2": 563100.25,
        "dvar": 1.37459780813e+12,
        "dvar2": 1.56349156557e+12,
        "max": 41624248,
        "mean": 2950905.75,
        "median": 2884198.5,
        "min": 709681.6875,
        "stdev": 1727823,
        "var": 2.98537241805e+12
    },
    "spectral_strongpeak": {
        "dmean": 0.319511085749,
        "dmean2": 0.521420061588,
        "dvar": 0.300102442503,
        "dvar2": 0.718775093555,
        "max": 5.89443397522,
        "mean": 1.23762249947,
        "median": 1.04473519325,
        "min": 2.7720945539e-09,
        "stdev": 1.03163719177,
        "var": 1.06427526474
    },
    "zerocrossingrate": {
        "dmean": 0.00448818458244,
        "dmean2": 0.00519384630024,
        "dvar": 0.000278760591755,
        "dvar2": 0.000270212825853,
        "max": 0.4990234375,
        "mean": 0.03009269014,
        "median": 0.02587890625,
        "min": 0.0068359375,
        "stdev": 0.0323007665575,
        "var": 0.00104333949275
    },
    "barkbands": {
        "dmean": [2.41700263359e-06, 0.000408425461501, 0.000490442849696, 0.000799344852567, 0.00151536485646, 0.00110642996151, 0.00048939185217, 0.000737342284992, 0.000490174570587, 0.000322601612424, 0.000206736745895, 0.000107686748379, 0.000193820014829, 3.94683920604e-05, 6.28488196526e-05, 5.32902231498e-05, 4.50226762041e-05, 9.33487353905e-06, 2.15250456677e-05, 1.28250540001e-05, 9.12888663152e-06, 7.85018437455e-06, 9.4992983577e-06, 9.96810740617e-06, 5.86086434851e-06, 1.18874936561e-06, 2.75778795356e-08],
        "dmean2": [4.15822114519e-06, 0.000627723406069, 0.000780640286393, 0.00131365435664, 0.00240173214115, 0.0016307476908, 0.000739386363421, 0.00102255924139, 0.000714530120604, 0.000375937350327, 0.000308086338919, 0.000151277723489, 0.000292406766675, 6.00464445597e-05, 9.53237249632e-05, 8.36809995235e-05, 6.75768606015e-05, 1.47417968037e-05, 3.32387608069e-05, 2.0179684725e-05, 1.33899648063e-05, 1.15793754958e-05, 1.30882335725e-05, 1.41406235343e-05, 8.63753120939e-06, 1.6686960862e-06, 4.21471142431e-08],
        "dvar": [3.91734769623e-11, 1.60036154284e-06, 1.77806691681e-06, 4.81347933601e-06, 6.17703108219e-06, 4.92575372846e-06, 1.45013348174e-06, 4.34627190771e-06, 2.72829583992e-06, 2.72159581982e-06, 4.45986074737e-07, 2.08426243375e-07, 4.35383270769e-07, 3.15853228017e-08, 3.49103430608e-08, 1.76547292341e-08, 6.1300373666e-09, 4.93562746229e-10, 2.83336976103e-09, 3.4756513223e-09, 2.01437910796e-09, 1.23807042396e-09, 3.7715204293e-09, 4.96882579526e-09, 1.71057712439e-09, 7.84216372396e-11, 2.93528900188e-14],
        "dvar2": [1.15596143768e-10, 2.85116402665e-06, 3.80060441785e-06, 1.4094168364e-05, 1.60721701832e-05, 1.31980623337e-05, 3.42378257301e-06, 8.49625848787e-06, 5.38288577445e-06, 2.55001805272e-06, 9.31696888529e-07, 3.8511396383e-07, 1.10708424472e-06, 6.06943686421e-08, 7.43562296179e-08, 4.31066560225e-08, 1.47299692443e-08, 1.13961629022e-09, 6.12825568069e-09, 8.9278389126e-09, 3.38876637862e-09, 2.41195263762e-09, 5.76008929443e-09, 8.10337574819e-09, 3.19751269906e-09, 1.451117837e-10, 4.04475715074e-14],
        "max": [0.000130476080813, 0.033223528415, 0.0297506786883, 0.0372970476747, 0.0410157218575, 0.047545813024, 0.0203599501401, 0.0465817637742, 0.0343227498233, 0.0633392930031, 0.0107061862946, 0.0121394312009, 0.0121279871091, 0.00454725092277, 0.00398429110646, 0.00289837247692, 0.00101065274794, 0.000456982845208, 0.00112182705197, 0.00156496535055, 0.00105592154432, 0.00085679179756, 0.00167390727438, 0.00191496766638, 0.00110707967542, 0.000303750508465, 5.88583861827e-06],
        "mean": [2.72756392405e-06, 0.00126188388094, 0.00147310923785, 0.00163502013311, 0.00433735409752, 0.00458483211696, 0.00112055614591, 0.00223479350097, 0.00183912052307, 0.000834415724967, 0.000478044908959, 0.000231789061218, 0.000492499617394, 8.40785287437e-05, 0.000135683600092, 0.000143227473018, 0.00014177513367, 1.83655265573e-05, 6.55327385175e-05, 3.12131305691e-05, 2.07208395295e-05, 1.91109957086e-05, 2.07803404919e-05, 2.24140258069e-05, 1.21612984003e-05, 2.50528955803e-06, 4.03557507411e-08],
        "median": [4.91948753734e-07, 0.000361415295629, 0.000633469142485, 0.000497575849295, 0.00228533428162, 0.00224150554277, 0.000364024192095, 0.000196437453269, 0.000108387132059, 9.66898805927e-05, 3.11059484375e-05, 2.01695256692e-05, 1.48675171658e-05, 1.80552433449e-05, 3.92001747969e-05, 3.64494480891e-05, 4.00120698032e-05, 8.03560033091e-06, 8.88545946509e-06, 6.02547333983e-06, 2.66575193564e-06, 2.92930531032e-06, 1.95945585801e-06, 1.18624757306e-06, 5.01549038745e-07, 1.39052360737e-07, 3.83833498319e-09],
        "min": [5.5506398993e-24, 2.30657327774e-23, 1.04195880139e-23, 9.823864713e-24, 3.3321096517e-23, 2.22660155684e-23, 2.71377680836e-23, 7.87485384238e-23, 4.54936683575e-23, 7.98268923486e-23, 7.23640346823e-23, 9.48568319838e-23, 1.10511940731e-22, 1.05597583416e-22, 1.48588540065e-22, 2.1718736689e-22, 1.08783073171e-22, 4.07191243318e-22, 1.78211617586e-22, 2.74262980617e-22, 4.19909195723e-22, 4.9782959428e-22, 7.56003800911e-22, 1.09934777276e-21, 1.00585849111e-21, 1.79557808089e-21, 2.38972176044e-21],
        "stdev": [7.38641665521e-06, 0.00318503798917, 0.00245644478127, 0.00328763318248, 0.00560459168628, 0.00566948764026, 0.00183171220124, 0.00509962579235, 0.00551233487204, 0.00346803246066, 0.00128285889514, 0.000888138485607, 0.00152705353685, 0.000300899642752, 0.000253464560956, 0.000260940229055, 0.000197368572117, 3.40753649652e-05, 0.000125349542941, 9.89060936263e-05, 8.53719757288e-05, 7.28082450223e-05, 0.000124742873595, 0.000146498714457, 8.13469960121e-05, 1.71918272827e-05, 1.98451047595e-07],
        "var": [5.45591488654e-11, 1.01444675238e-05, 6.0341212702e-06, 1.08085323518e-05, 3.14114477078e-05, 3.21430925396e-05, 3.35516938321e-06, 2.6006182452e-05, 3.03858378174e-05, 1.20272497952e-05, 1.64572691119e-06, 7.88789918715e-07, 2.33189234677e-06, 9.05405954654e-08, 6.42442898879e-08, 6.80897969119e-08, 3.89543508561e-08, 1.16113052506e-09, 1.57125086275e-08, 9.78241576632e-09, 7.28837434849e-09, 5.30104005136e-09, 1.55607828844e-08, 2.14618722794e-08, 6.61733423613e-09, 2.95558910679e-10, 3.93828172114e-14]
    },
    "erbbands": {
        "dmean": [0.00361931533553, 0.119381546974, 0.541048645973, 1.57561647892, 3.25975608826, 6.51276779175, 7.87580347061, 8.69167041779, 6.81418371201, 12.5139579773, 11.7590885162, 11.3751516342, 8.92294788361, 6.74402952194, 8.77407836914, 4.72426605225, 8.86327552795, 1.70319461823, 2.07183861732, 4.02711105347, 2.23733472824, 1.96648442745, 0.877147912979, 0.590895652771, 1.16961205006, 0.605365276337, 0.480066657066, 0.309954077005, 0.282206773758, 0.341553419828, 0.226887717843, 0.201117917895, 0.164687395096, 0.0872562229633, 0.0298015065491, 0.00948351528496, 0.00125451432541, 0.000106153980596, 4.65707353214e-06, 4.0746722334e-06],
        "dmean2": [0.00559496087953, 0.184734106064, 0.857236802578, 2.54041337967, 5.18000555038, 10.3968362808, 11.9720430374, 12.9332418442, 10.3815975189, 17.7043247223, 15.6995334625, 15.9257068634, 10.2335205078, 8.65605163574, 13.1059827805, 6.50632190704, 13.6186218262, 2.68163585663, 3.06402730942, 6.05005502701, 3.4832110405, 2.84879565239, 1.35254061222, 0.865296244621, 1.82432627678, 0.903122067451, 0.737696290016, 0.44322308898, 0.42536264658, 0.474265366793, 0.311355948448, 0.259396016598, 0.222495883703, 0.125996500254, 0.0439968518913, 0.013742133975, 0.00162497803103, 0.000165895064129, 6.50632773613e-06, 6.06557978244e-06],
        "dvar": [8.02181239123e-05, 0.140600696206, 2.5870783329, 16.2297306061, 41.1186790466, 149.909851074, 205.391143799, 311.777709961, 341.88571167, 1233.73510742, 890.01159668, 1315.61999512, 1504.70141602, 1426.26220703, 847.493225098, 344.177856445, 942.059448242, 53.8880386353, 49.2252006531, 148.401992798, 21.9789619446, 12.1505002975, 2.53325176239, 3.16022753716, 9.16121959686, 7.61909770966, 6.55234622955, 2.68522357941, 1.73314142227, 3.28641915321, 2.34487366676, 1.79475283623, 1.55643773079, 0.352853477001, 0.048456788063, 0.00550629105419, 6.4074061811e-05, 2.16457067381e-07, 5.28166899105e-10, 3.51748769001e-11],
        "dvar2": [0.000154869805556, 0.248253881931, 4.89971351624, 47.0016670227, 101.23147583, 409.70715332, 542.42175293, 778.043518066, 844.396850586, 2541.57592773, 1394.19958496, 2663.97485352, 1489.4519043, 1754.85217285, 1770.47790527, 504.251159668, 2516.35961914, 118.073005676, 93.3163299561, 319.971893311, 54.0653305054, 26.9405269623, 5.82743692398, 5.87234735489, 20.8331108093, 17.4490146637, 13.6633987427, 5.39456319809, 3.49664545059, 5.51276445389, 3.33570957184, 2.436617136, 2.61814832687, 0.665767848492, 0.0789363756776, 0.0100819114596, 9.80206023087e-05, 4.90544493914e-07, 6.11430905906e-10, 7.6852288422e-11],
        "max": [0.264791250229, 10.1366605759, 43.352432251, 68.3715209961, 123.955703735, 210.236968994, 321.760101318, 435.547088623, 338.738739014, 920.844970703, 947.810058594, 859.077636719, 1516.98620605, 1176.39868164, 517.282714844, 593.031555176, 562.947265625, 196.507354736, 137.973403931, 321.332519531, 79.0626525879, 65.6312637329, 22.7532653809, 47.6496200562, 70.9275512695, 83.9390792847, 70.1443710327, 36.3714637756, 29.3712768555, 45.3045654297, 40.581943512, 43.4087638855, 33.7635879517, 16.6500167847, 6.41832017899, 2.39153265953, 0.345286041498, 0.0111790830269, 0.000837079482153, 0.000155490284669],
        "mean": [0.0116488970816, 0.375265628099, 1.65488779545, 3.54385280609, 8.43559169769, 17.1799449921, 26.5339660645, 39.9524650574, 18.0950202942, 35.5087776184, 40.0555648804, 48.7448539734, 24.7821121216, 16.0922412872, 21.3128471375, 12.159866333, 24.1941299438, 4.31468200684, 4.83198881149, 10.6021108627, 7.04300928116, 6.41680860519, 2.79762005806, 1.65839600563, 3.50593709946, 1.64900326729, 1.11345016956, 0.715342223644, 0.693622410297, 0.761162757874, 0.514377057552, 0.483282268047, 0.355987429619, 0.176351219416, 0.0654155686498, 0.0196009427309, 0.00274252751842, 0.000221239315579, 1.77109541255e-05, 2.4642513381e-05],
        "median": [0.00372223136947, 0.1193279773, 0.69684022665, 1.59410822392, 3.08488464355, 7.85681343079, 20.0931129456, 15.0409870148, 7.06032514572, 9.58608341217, 3.83364343643, 3.86887335777, 3.74578332901, 2.44107961655, 2.08281898499, 0.976128339767, 0.938390731812, 0.962852597237, 2.09222412109, 2.46431922913, 2.18050670624, 2.36085319519, 1.16671776772, 0.371192455292, 0.539659023285, 0.362654983997, 0.183912575245, 0.0764547437429, 0.106131821871, 0.0956294238567, 0.0413048937917, 0.030915338546, 0.0138059696183, 0.00740582775325, 0.00296783377416, 0.000829702359624, 0.00018981876201, 2.81778120552e-05, 9.60682336881e-06, 1.87996611203e-05],
        "min": [1.07457001776e-21, 3.75388577195e-21, 1.31694771012e-20, 1.58239311908e-20, 2.65065018973e-20, 1.21335582688e-19, 2.52654253093e-19, 2.46957305118e-19, 5.05872022979e-19, 3.51191781672e-19, 2.02376891973e-18, 1.26273866455e-18, 1.15868472016e-18, 4.40922752539e-18, 1.82497591184e-18, 3.87849231435e-18, 5.38068498038e-18, 6.46143284663e-18, 7.66280928879e-18, 6.56505913864e-18, 1.2804012247e-17, 7.55312017648e-18, 2.15832349485e-17, 1.20836280961e-17, 8.79045498705e-18, 1.39508179297e-17, 1.95448931743e-17, 1.40305697213e-17, 1.59829558493e-17, 2.81731264627e-17, 1.95038832139e-17, 1.86031000704e-17, 1.84205098764e-17, 1.20050591728e-17, 7.61820357426e-18, 5.41897806607e-18, 3.31990696607e-18, 1.76108262017e-18, 3.09655992887e-19, 3.33709539146e-20],
        "stdev": [0.0272489991039, 0.907120704651, 3.00955176353, 5.63452339172, 14.9349536896, 25.5140781403, 26.3901920319, 55.8859367371, 28.1291656494, 83.0685043335, 82.5491485596, 142.118148804, 95.1334609985, 54.0158920288, 55.839931488, 39.9328765869, 73.925567627, 11.9671392441, 10.6646680832, 19.501159668, 9.98960876465, 8.86498165131, 3.60202336311, 3.94131326675, 6.78225135803, 5.02042150497, 4.2345252037, 2.89576530457, 2.5155377388, 3.73646688461, 3.23625659943, 2.98563718796, 2.46946620941, 1.17367243767, 0.442869901657, 0.141525879502, 0.0176209248602, 0.000823622220196, 3.91085377487e-05, 2.28608878388e-05],
        "var": [0.000742507982068, 0.822867929935, 9.0574016571, 31.7478561401, 223.052841187, 650.968200684, 696.442199707, 3123.23803711, 791.249938965, 6900.37695312, 6814.36230469, 20197.5703125, 9050.37597656, 2917.71655273, 3118.09790039, 1594.63464355, 5464.98974609, 143.212417603, 113.735145569, 380.295196533, 99.7922744751, 78.5878982544, 12.9745731354, 15.533949852, 45.9989356995, 25.2046337128, 17.9312038422, 8.38545608521, 6.3279299736, 13.9611854553, 10.4733562469, 8.9140291214, 6.09826278687, 1.37750685215, 0.196133747697, 0.02002957277, 0.000310497009195, 6.78353558214e-07, 1.52947765564e-09, 5.22620224874e-10]
    },
    "gfcc": {
        "mean": [-103.782913208, 153.942687988, -104.483055115, 20.0249919891, -61.7672958374, -10.7384271622, -44.3057250977, -3.61163973808, -19.2773532867, -10.2172040939, -11.6372833252, -5.0065202713, -2.98354721069],
        "cov": [[8571.50488281, -1133.29296875, -1838.23718262, 10.9515800476, -151.684417725, 66.3123550415, 2.4369058609, 299.619812012, -12.3002519608, 102.253265381, -418.212890625, 59.2608985901, -168.60093689], [-1133.29296875, 1603.52832031, 208.496887207, -695.189453125, 574.654724121, -142.686462402, 194.304275513, -160.243408203, 112.357635498, -94.6801681519, 29.6294898987, -71.9443511963, -22.3069610596], [-1838.23718262, 208.496887207, 816.827514648, 29.5261211395, -54.6888046265, 63.9455375671, -36.0485725403, -24.5256519318, -85.7458267212, -16.3022098541, 86.8180541992, -40.2213058472, 0.775591135025], [10.9515800476, -695.189453125, 29.5261211395, 997.966186523, -14.4071989059, -120.854347229, -285.619018555, 90.1598358154, 164.746017456, -33.4633026123, 61.4477424622, 65.7928314209, 199.721237183], [-151.684417725, 574.654724121, -54.6888046265, -14.4071989059, 601.025024414, -148.289276123, -57.8371887207, 26.6525402069, 140.577148438, -52.9986953735, -32.8849029541, 0.178324103355, 48.4357948303], [66.3123550415, -142.686462402, 63.9455375671, -120.854347229, -148.289276123, 259.20211792, 85.7302398682, 13.1183691025, -73.2214355469, 58.3116378784, -30.6746311188, -18.5632858276, -68.9047546387], [2.4369058609, 194.304275513, -36.0485725403, -285.619018555, -57.8371887207, 85.7302398682, 236.260543823, -53.6319541931, -41.2700767517, 41.6793327332, -7.69640922546, -13.9844751358, -81.3660507202], [299.619812012, -160.243408203, -24.5256519318, 90.1598358154, 26.6525402069, 13.1183691025, -53.6319541931, 127.282920837, -5.01163196564, 9.88871479034, -19.3888969421, 1.48414719105, 6.08250284195], [-12.3002519608, 112.357635498, -85.7458267212, 164.746017456, 140.577148438, -73.2214355469, -41.2700767517, -5.01163196564, 195.859466553, -6.32139062881, 6.54509925842, 28.5059337616, 62.7313041687], [102.253265381, -94.6801681519, -16.3022098541, -33.4633026123, -52.9986953735, 58.3116378784, 41.6793327332, 9.88871479034, -6.32139062881, 107.052108765, -18.1815261841, -19.9498672485, -36.9290847778], [-418.212890625, 29.6294898987, 86.8180541992, 61.4477424622, -32.8849029541, -30.6746311188, -7.69640922546, -19.3888969421, 6.54509925842, -18.1815261841, 166.488128662, 44.439037323, 72.1797027588], [59.2608985901, -71.9443511963, -40.2213058472, 65.7928314209, 0.178324103355, -18.5632858276, -13.9844751358, 1.48414719105, 28.5059337616, -19.9498672485, 44.439037323, 98.1755218506, 41.9493217468], [-168.60093689, -22.3069610596, 0.775591135025, 199.721237183, 48.4357948303, -68.9047546387, -81.3660507202, 6.08250284195, 62.7313041687, -36.9290847778, 72.1797027588, 41.9493217468, 167.354278564]],
        "icov": [[0.000298205733998, -0.000143002544064, 0.000702827703208, -0.00014223359176, 0.000207532895729, -0.000110191154818, 0.00015431632346, -0.000540568144061, 0.0003158506006, -9.26745924517e-05, 0.000387612875784, -0.000262737856247, 0.000196929308004], [-0.000143002544064, 0.00517506618053, -0.00221362127922, 0.00380398984998, -0.00378391332924, 0.00148389383685, -0.00252043246292, 0.00268073682673, -0.00421296805143, 0.0032400842756, -0.00158053799532, 0.00355518725701, -0.00151574693155], [0.000702827703208, -0.00221362127922, 0.0039105899632, -0.00190052157268, 0.00161312939599, -0.00145319302101, 0.00178373162635, -0.0016010934487, 0.00292221968994, -0.00108707952313, 0.000198961148271, -0.000896462821402, 0.00132684991695], [-0.00014223359176, 0.00380398984998, -0.00190052157268, 0.00495902216062, -0.00204219855368, 0.00131517043337, -5.77642276767e-05, 0.00108556717169, -0.00469353841618, 0.00210613873787, -0.00108291080687, 0.00229012104683, -0.00236345641315], [0.000207532895729, -0.00378391332924, 0.00161312939599, -0.00204219855368, 0.0054526058957, 7.74102772994e-06, 0.0020892994944, -0.00329045299441, 0.00106365350075, -0.00155295501463, 0.00202633743174, -0.00235796230845, 0.000670596258715], [-0.000110191154818, 0.00148389383685, -0.00145319302101, 0.00131517043337, 7.74102772994e-06, 0.00654058344662, -0.0023585355375, -0.000599046587013, -0.000706045131665, -0.000912256771699, 0.000686051556841, 0.000399928103434, -0.000243014932494], [0.00015431632346, -0.00252043246292, 0.00178373162635, -5.77642276767e-05, 0.0020892994944, -0.0023585355375, 0.00955464038998, 0.000822115573101, 0.00138565828092, -0.00315476814285, -0.000434796529589, -0.00215796241537, 0.00243281107396], [-0.000540568144061, 0.00268073682673, -0.0016010934487, 0.00108556717169, -0.00329045299441, -0.000599046587013, 0.000822115573101, 0.0123866396025, -0.000547590025235, 0.000117539915664, -0.000780133414082, 0.00153858831618, -0.000638181518298], [0.0003158506006, -0.00421296805143, 0.00292221968994, -0.00469353841618, 0.00106365350075, -0.000706045131665, 0.00138565828092, -0.000547590025235, 0.0124239204451, -0.004339158535, 0.00199458724819, -0.00427232543007, 3.55960764864e-05], [-9.26745924517e-05, 0.0032400842756, -0.00108707952313, 0.00210613873787, -0.00155295501463, -0.000912256771699, -0.00315476814285, 0.000117539915664, -0.004339158535, 0.0142905870453, -0.00135239365045, 0.00446848617867, 0.000608962844126], [0.000387612875784, -0.00158053799532, 0.000198961148271, -0.00108291080687, 0.00202633743174, 0.000686051556841, -0.000434796529589, -0.000780133414082, 0.00199458724819, -0.00135239365045, 0.010465208441, -0.00464225467294, -0.00341185531579], [-0.000262737856247, 0.00355518725701, -0.000896462821402, 0.00229012104683, -0.00235796230845, 0.000399928103434, -0.00215796241537, 0.00153858831618, -0.00427232543007, 0.00446848617867, -0.00464225467294, 0.0159845966846, -0.00219474709593], [0.000196929308004, -0.00151574693155, 0.00132684991695, -0.00236345641315, 0.000670596258715, -0.000243014932494, 0.00243281107396, -0.000638181518298, 3.55960764864e-05, 0.000608962844126, -0.00341185531579, -0.00219474709593, 0.0118406815454]]
    },
    "melbands": {
        "dmean": [7.16141948942e-05, 0.000237994230702, 0.00030250652344, 0.000327677320456, 0.000275157100987, 0.000193018233404, 0.000101071971585, 0.000150828695041, 0.000100380653748, 6.38214769424e-05, 4.59900657006e-05, 3.09483548335e-05, 2.97960414173e-05, 1.6301202777e-05, 1.98760444619e-05, 1.31682372739e-05, 3.02460443891e-06, 3.78466734219e-06, 3.9296628529e-06, 5.54619100512e-06, 2.72787929134e-06, 2.0211480205e-06, 2.26037400353e-06, 3.02688704323e-07, 5.3277437928e-07, 8.92932803254e-07, 7.00448481439e-07, 4.71909459066e-07, 3.97484313908e-07, 2.16905149841e-07, 1.83766431405e-07, 1.59239007758e-07, 1.76320241962e-07, 2.1922451765e-07, 1.46766694797e-07, 1.35956753411e-07, 1.36848171906e-07, 1.2317384801e-07, 1.08809970811e-07, 6.73299567211e-08],
        "dmean2": [0.000109394095489, 0.000374757742975, 0.000488774152473, 0.000519137189258, 0.000420302880229, 0.000286017020699, 0.000151671963977, 0.00021013811056, 0.000135768510518, 8.93954493222e-05, 5.26105723111e-05, 3.94403250539e-05, 4.42705240857e-05, 2.23643583013e-05, 2.89283962047e-05, 2.0311354092e-05, 4.7160892791e-06, 5.61495426155e-06, 5.89980891164e-06, 8.48711351864e-06, 4.26761971539e-06, 2.9208495107e-06, 3.42661769537e-06, 4.81408335418e-07, 7.77325169565e-07, 1.34551839892e-06, 1.09192603759e-06, 7.34425100291e-07, 6.27273891496e-07, 3.09475467475e-07, 2.73770893955e-07, 2.47938459097e-07, 2.555327967e-07, 3.13238103899e-07, 2.15403801462e-07, 1.97699250748e-07, 1.8783765654e-07, 1.71808054006e-07, 1.66284408465e-07, 1.01094556726e-07],
        "dvar": [4.27617976584e-08, 4.61418750319e-07, 5.21373181073e-07, 3.31929953745e-07, 2.06334021868e-07, 1.51101787083e-07, 6.99551634398e-08, 1.88857157468e-07, 6.6027922685e-08, 4.03995308318e-08, 4.35271125809e-08, 3.48200650535e-08, 9.1684011494e-09, 3.90703114306e-09, 4.87148588135e-09, 1.80718817688e-09, 2.21686016766e-10, 1.93810939519e-10, 1.24656646117e-10, 2.36103248064e-10, 2.71555469084e-11, 1.37833485944e-11, 1.82660848252e-11, 2.86174567116e-13, 2.86663032721e-12, 5.74322230398e-12, 3.00278140027e-12, 5.52204375975e-12, 4.43355161611e-12, 1.34808288664e-12, 8.55148796827e-13, 5.11811242259e-13, 6.31095219486e-13, 1.50158975965e-12, 1.00856649421e-12, 8.3846704536e-13, 8.32890614116e-13, 9.64371486313e-13, 6.57219612933e-13, 1.9876709599e-13],
        "dvar2": [7.76042412554e-08, 8.46095929319e-07, 1.4807263824e-06, 8.7022669959e-07, 5.43668420505e-07, 3.90050900023e-07, 1.68723289562e-07, 3.86172956723e-07, 1.10631710015e-07, 7.98684638426e-08, 4.33356959206e-08, 3.79393831906e-08, 1.94266025488e-08, 7.08517911008e-09, 1.08736450954e-08, 4.86322182525e-09, 4.19654422323e-10, 3.37316147236e-10, 2.69353594984e-10, 5.35765043441e-10, 6.58682414167e-11, 3.11014651533e-11, 4.19264831186e-11, 8.01150866567e-13, 5.22304378567e-12, 1.26965122443e-11, 7.0780772736e-12, 1.36627644962e-11, 9.70179492299e-12, 2.47709036443e-12, 1.96717056707e-12, 1.13015673209e-12, 1.1258633999e-12, 2.78269985179e-12, 1.78503305887e-12, 1.56094505811e-12, 1.31301837892e-12, 1.66630901785e-12, 1.3234091557e-12, 4.10661738989e-13],
        "max": [0.00520660262555, 0.0188470948488, 0.0129644572735, 0.00939296837896, 0.00873431749642, 0.00876937340945, 0.00488026067615, 0.0113041214645, 0.00878024939448, 0.00462770741433, 0.0077838152647, 0.00580193521455, 0.00145648873877, 0.00153665745165, 0.00137577776331, 0.00070226151729, 0.000417798495619, 0.000340495200362, 0.000280765845673, 0.000295084842946, 6.94133195793e-05, 7.25117497495e-05, 6.4546984504e-05, 6.42911709292e-06, 4.45249825134e-05, 6.2531173171e-05, 3.2394003938e-05, 6.52506932965e-05, 5.89308328927e-05, 2.58387226495e-05, 2.11878123082e-05, 1.55736743181e-05, 2.20904857997e-05, 2.98093764286e-05, 2.83265235339e-05, 2.35472871282e-05, 3.01312302327e-05, 2.70372074738e-05, 2.01471139007e-05, 1.28682813738e-05],
        "mean": [0.000227318756515, 0.000755152199417, 0.000771860301029, 0.000899206730537, 0.000967112893704, 0.000869187933858, 0.000253216712736, 0.000442664866569, 0.000352558941813, 0.000261211127508, 0.000120083321235, 7.07144426997e-05, 7.03402474755e-05, 3.70783091057e-05, 4.99099951412e-05, 3.41277191183e-05, 6.2400376919e-06, 8.18234639155e-06, 9.59738099482e-06, 1.34913289003e-05, 8.03557031759e-06, 6.38402934783e-06, 6.35628066448e-06, 6.83026030401e-07, 1.30544299282e-06, 2.40049530476e-06, 1.85972112376e-06, 1.03516435956e-06, 8.2365875187e-07, 4.55637973573e-07, 3.90438515296e-07, 3.67166478554e-07, 4.14316161823e-07, 4.4069176397e-07, 2.89654110475e-07, 2.89349856075e-07, 2.97199136412e-07, 2.57823927541e-07, 2.06673178127e-07, 1.30472272986e-07],
        "median": [6.77173884469e-05, 0.000334109005053, 0.000315072014928, 0.000403460609959, 0.000723214703612, 0.000365482876077, 8.42702429509e-05, 8.90342125786e-05, 2.68262938334e-05, 1.62320757227e-05, 1.68620608747e-05, 9.33048431762e-06, 6.27075405646e-06, 2.72782972388e-06, 1.87106661542e-06, 1.35801428769e-06, 1.40996871778e-06, 2.67739028459e-06, 2.66168035523e-06, 2.57241345025e-06, 2.25332041737e-06, 2.32176012105e-06, 1.31598540065e-06, 4.05451515917e-07, 1.85994792901e-07, 3.41007648785e-07, 3.12167998118e-07, 1.55279536784e-07, 1.00490211707e-07, 5.05520887373e-08, 2.69935078734e-08, 5.24596117657e-08, 6.0798598156e-08, 5.18865590493e-08, 2.13479260935e-08, 1.67038685106e-08, 1.78365766601e-08, 7.8691142491e-09, 5.06335151584e-09, 6.12846218218e-09],
        "min": [7.99369952428e-24, 5.66202587583e-24, 3.57436347144e-24, 4.24630414645e-24, 9.057064303e-24, 5.59766744774e-24, 6.50623050115e-24, 4.97908532435e-24, 1.65782921542e-23, 7.27133407134e-24, 5.44131008872e-24, 1.79233978163e-23, 7.71718405548e-24, 6.35533087631e-24, 1.40148602437e-23, 1.23205313808e-23, 1.09258742097e-23, 1.06897594633e-23, 1.10903982513e-23, 9.96063662789e-24, 1.65096249678e-23, 5.88853505742e-24, 1.78464270801e-23, 1.61976020808e-23, 9.25067206838e-24, 6.80805262779e-24, 6.24179407052e-24, 9.84496753108e-24, 1.36419215176e-23, 8.40664296462e-24, 8.2643348239e-24, 7.26823069254e-24, 1.23797543244e-23, 1.71439590658e-23, 1.11330385498e-23, 1.03805464989e-23, 1.08633554053e-23, 1.25579035715e-23, 1.09529416051e-23, 1.04382358969e-23],
        "stdev": [0.000566925213207, 0.00134513154626, 0.00127733731642, 0.00120155257173, 0.000961484620348, 0.00116395473015, 0.000418351090048, 0.00104850274511, 0.000758397160098, 0.000773103674874, 0.000504353432916, 0.000272877339739, 0.000181245457497, 0.00012257839262, 0.000153954111738, 9.55604919e-05, 2.45013452513e-05, 2.22945272981e-05, 1.71111278178e-05, 2.73857876891e-05, 1.10334503916e-05, 9.25176482269e-06, 9.55672203418e-06, 8.92232378646e-07, 3.68259293282e-06, 4.64827189717e-06, 3.48241951542e-06, 3.90683544538e-06, 3.01308159578e-06, 2.15003910853e-06, 1.50502364704e-06, 1.28951614897e-06, 1.67399718976e-06, 2.31704598264e-06, 1.87799832929e-06, 1.83293366263e-06, 1.87037096566e-06, 1.8115858893e-06, 1.47522735006e-06, 8.41777591631e-07],
