{
"lowlevel": {
    "average_loudness": 0.948977291584,
    "barkbands_crest": {
        "dmean": 2.91481637955,
        "dmean2": 4.78486633301,
        "dvar": 6.31942367554,
        "dvar2": 15.7836933136,
        "max": 23.4169139862,
        "mean": 11.287358284,
        "median": 10.7068462372,
        "min": 4.09606027603,
        "stdev": 3.86373877525,
        "var": 14.9284772873
    },
    "barkbands_flatness_db": {
        "dmean": 0.0385104157031,
        "dmean2": 0.0559997372329,
        "dvar": 0.00116873148363,
        "dvar2": 0.00234786560759,
        "max": 0.445569694042,
        "mean": 0.239737525582,
        "median": 0.234447479248,
        "min": 0.0486577525735,
        "stdev": 0.0654741451144,
        "var": 0.00428686337546
    },
    "barkbands_kurtosis": {
        "dmean": 7.27901935577,
        "dmean2": 11.8033361435,
        "dvar": 101.25668335,
        "dvar2": 246.80569458,
        "max": 97.3449401855,
        "mean": 11.130853653,
        "median": 7.28722476959,
        "min": -1.931635499,
        "stdev": 12.7926111221,
        "var": 163.650894165
    },
    "barkbands_skewness": {
        "dmean": 0.892378211021,
        "dmean2": 1.41953337193,
        "dvar": 0.901024520397,
        "dvar2": 2.13612699509,
        "max": 8.37770938873,
        "mean": 1.92788255215,
        "median": 1.71957612038,
        "min": -1.86606407166,
        "stdev": 1.40880560875,
        "var": 1.98473322392
    },
    "barkbands_spread": {
        "dmean": 5.37550973892,
        "dmean2": 8.34152412415,
        "dvar": 150.935913086,
        "dvar2": 301.894958496,
        "max": 112.944717407,
        "mean": 9.76042461395,
        "median": 5.98159790039,
        "min": 0.647732198238,
        "stdev": 14.6484365463,
        "var": 214.576690674
    },
    "dissonance": {
        "dmean": 0.0419579856098,
        "dmean2": 0.0675970539451,
        "dvar": 0.00153514463454,
        "dvar2": 0.00364632019773,
        "max": 0.499673247337,
        "mean": 0.408176273108,
        "median": 0.418284803629,
        "min": 0.000935403164476,
        "stdev": 0.0599116832018,
        "var": 0.00358940963633
    },
    "dynamic_complexity": 2.95608758926,
    "erbbands_crest": {
        "dmean": 4.07823181152,
        "dmean2": 6.51693725586,
        "dvar": 12.4801063538,
        "dvar2": 28.9664897919,
        "max": 30.1793212891,
        "mean": 13.5590829849,
        "median": 12.2955980301,
        "min": 3.21071147919,
        "stdev": 6.02586936951,
        "var": 36.3111000061
    },
    "erbbands_flatness_db": {
        "dmean": 0.0292419306934,
        "dmean2": 0.0427704639733,
        "dvar": 0.000741836498491,
        "dvar2": 0.00144296174403,
        "max": 0.40002861619,
        "mean": 0.206243887544,
        "median": 0.203804716468,
        "min": 0.068676918745,
        "stdev": 0.0563834160566,
        "var": 0.00317908963189
    },
    "erbbands_kurtosis": {
        "dmean": 4.07325220108,
        "dmean2": 6.38888883591,
        "dvar": 25.9710655212,
        "dvar2": 59.7811393738,
        "max": 57.1431388855,
        "mean": 5.82471227646,
        "median": 3.38544034958,
        "min": -1.86489188671,
        "stdev": 7.51536655426,
        "var": 56.4807319641
    },
    "erbbands_skewness": {
        "dmean": 0.734506189823,
        "dmean2": 1.1054495573,
        "dvar": 0.52710044384,
        "dvar2": 1.14849126339,
        "max": 5.82255554199,
        "mean": 1.47220468521,
        "median": 1.41476428509,
        "min": -2.60538959503,
        "stdev": 1.1767911911,
        "var": 1.3848375082
    },
    "erbbands_spread": {
        "dmean": 12.4465856552,
        "dmean2": 19.1167221069,
        "dvar": 397.903198242,
        "dvar2": 853.26763916,
        "max": 184.379577637,
        "mean": 27.2117462158,
        "median": 18.1421985626,
        "min": 1.56176733971,
        "stdev": 28.0320072174,
        "var": 785.793457031
    },
    "hfc": {
        "dmean": 4.96284294128,
        "dmean2": 6.93200826645,
        "dvar": 32.4689941406,
        "dvar2": 61.8756370544,
        "max": 61.8442573547,
        "mean": 11.3515958786,
        "median": 8.87783145905,
        "min": 1.25763124199e-16,
        "stdev": 9.75441551208,
        "var": 95.1486206055
    },
    "loudness_ebu128": {
        "integrated": -10.3256807327,
        "loudness_range": 2.9974822998,
        "momentary": {
            "dmean": 0.708799242973,
            "dmean2": 1.09743523598,
            "dvar": 0.443299204111,
            "dvar2": 0.930314719677,
            "max": -6.61644077301,
            "mean": -10.6537656784,
            "median": -10.6570444107,
            "min": -17.8036556244,
            "stdev": 1.70005571842,
            "var": 2.89018964767
        },
        "short_term": {
            "dmean": 0.0876617655158,
            "dmean2": 0.105785980821,
            "dvar": 0.00532584358007,
            "dvar2": 0.00684384116903,
            "max": -8.61607170105,
            "mean": -10.4610490799,
            "median": -10.6273202896,
            "min": -12.7271614075,
            "stdev": 1.0909153223,
            "var": 1.19009613991
        }
    },
    "melbands_crest": {
        "dmean": 3.48120522499,
        "dmean2": 5.67774486542,
        "dvar": 8.7286939621,
        "dvar2": 23.4555664062,
        "max": 30.7127361298,
        "mean": 14.2654647827,
        "median": 13.7181444168,
        "min": 3.28355407715,
        "stdev": 4.35919523239,
        "var": 19.0025844574
    },
    "melbands_flatness_db": {
        "dmean": 0.0452427640557,
        "dmean2": 0.0653175711632,
        "dvar": 0.00166733807418,
        "dvar2": 0.00314753339626,
        "max": 0.553256571293,
        "mean": 0.337812870741,
        "median": 0.335393875837,
        "min": 0.00803923886269,
        "stdev": 0.078030154109,
        "var": 0.0060887048021
    },
    "melbands_kurtosis": {
        "dmean": 14.8853979111,
        "dmean2": 24.6788711548,
        "dvar": 931.023498535,
        "dvar2": 2346.02124023,
        "max": 420.391143799,
        "mean": 20.8975543976,
        "median": 10.4940195084,
        "min": -1.75944161415,
        "stdev": 32.977191925,
        "var": 1087.49511719
    },
    "melbands_skewness": {
        "dmean": 1.14107167721,
        "dmean2": 1.81647694111,
        "dvar": 1.96034967899,
        "dvar2": 4.45371580124,
        "max": 15.8110532761,
        "mean": 2.57211232185,
        "median": 2.15333485603,
        "min": -0.963470160961,
        "stdev": 2.09033584595,
        "var": 4.36950349808
    },
    "melbands_spread": {
        "dmean": 5.06632328033,
        "dmean2": 7.96260643005,
        "dvar": 204.618728638,
        "dvar2": 471.434509277,
        "max": 202.456985474,
        "mean": 8.97025299072,
        "median": 6.14509963989,
        "min": 0.704287528992,
        "stdev": 14.0479192734,
        "var": 197.344024658
    },
    "pitch_salience": {
        "dmean": 0.0858205854893,
        "dmean2": 0.142611816525,
        "dvar": 0.00559668522328,
        "dvar2": 0.0143475998193,
        "max": 0.939864397049,
        "mean": 0.547102212906,
        "median": 0.543805956841,
        "min": 0.19491571188,
        "stdev": 0.108735606074,
        "var": 0.0118234315887
    },
    "silence_rate_20dB": {
        "dmean": 0,
        "dmean2": 0,
        "dvar": 0,
        "dvar2": 0,
        "max": 1,
        "mean": 1,
        "median": 1,
        "min": 1,
        "stdev": 0,
        "var": 0
    },
    "silence_rate_30dB": {
        "dmean": 0.0123839005828,
        "dmean2": 0.0247869864106,
        "dvar": 0.0122306616977,
        "dvar2": 0.0350166857243,
        "max": 1,
        "mean": 0.993039429188,
        "median": 1,
        "min": 0,
        "stdev": 0.0831395462155,
        "var": 0.00691218441352
    },
    "silence_rate_60dB": {
        "dmean": 0.0239938087761,
        "dmean2": 0.0480247884989,
        "dvar": 0.0234181731939,
        "dvar2": 0.0550135374069,
        "max": 1,
        "mean": 0.0232018567622,
        "median": 0,
        "min": 0,
        "stdev": 0.150543525815,
        "var": 0.0226633511484
    },
    "spectral_centroid": {
        "dmean": 207.697143555,
        "dmean2": 308.022644043,
        "dvar": 207599.09375,
        "dvar2": 345643.65625,
        "max": 10885.7158203,
        "mean": 559.233154297,
        "median": 444.407684326,
        "min": 146.044723511,
        "stdev": 519.562683105,
        "var": 269945.40625
    },
    "spectral_complexity": {
        "dmean": 2.79643964767,
        "dmean2": 4.00697135925,
        "dvar": 9.70087337494,
        "dvar2": 19.1966323853,
        "max": 31,
        "mean": 8.51508140564,
        "median": 7,
        "min": 0,
        "stdev": 4.95961761475,
        "var": 24.5978050232
    },
    "spectral_decrease": {
        "dmean": 3.64202090708e-09,
        "dmean2": 5.38044542253e-09,
        "dvar": 1.93724971541e-17,
        "dvar2": 3.86112061159e-17,
        "max": 1.0798571235e-28,
        "mean": -8.61727844637e-09,
        "median": -6.82090917081e-09,
        "min": -3.81436251473e-08,
        "stdev": 6.85426604363e-09,
        "var": 4.69809636609e-17
    },
    "spectral_energy": {
        "dmean": 0.0140697490424,
        "dmean2": 0.0207550358027,
        "dvar": 0.000286473310553,
        "dvar2": 0.000567627314012,
        "max": 0.146250128746,
        "mean": 0.0335532426834,
        "median": 0.0265333838761,
        "min": 1.09995149748e-20,
        "stdev": 0.0265270508826,
        "var": 0.000703684403561
    },
    "spectral_energyband_high": {
        "dmean": 0.000162516327691,
        "dmean2": 0.000242203241214,
        "dvar": 2.44771541702e-07,
        "dvar2": 4.81005599795e-07,
        "max": 0.00669858092442,
        "mean": 0.000208736542845,
        "median": 3.84162958653e-05,
        "min": 7.99028845186e-21,
        "stdev": 0.0006494448171,
        "var": 4.21778594273e-07
    },
    "spectral_energyband_low": {
        "dmean": 0.00822693202645,
        "dmean2": 0.0134475687519,
        "dvar": 0.000156133493874,
        "dvar2": 0.000382098427508,
        "max": 0.111679136753,
        "mean": 0.0140726184472,
        "median": 0.00880897790194,
        "min": 4.03530720459e-23,
        "stdev": 0.015092481859,
        "var": 0.000227783020819
    },
    "spectral_energyband_middle_high": {
        "dmean": 0.00125411630142,
        "dmean2": 0.00175257772207,
        "dvar": 4.89804369863e-06,
        "dvar2": 9.7481361081e-06,
        "max": 0.0268320795149,
        "mean": 0.00168530317023,
        "median": 0.000487747747684,
        "min": 1.33278072656e-21,
        "stdev": 0.00285725016147,
        "var": 8.16387819214e-06
    },
    "spectral_energyband_middle_low": {
        "dmean": 0.00859801657498,
        "dmean2": 0.0126054761931,
        "dvar": 0.000114009613753,
        "dvar2": 0.000214478859561,
        "max": 0.100946344435,
        "mean": 0.0195178817958,
        "median": 0.014776145108,
        "min": 5.47055726456e-22,
        "stdev": 0.0174460541457,
        "var": 0.000304364832118
    },
    "spectral_entropy": {
        "dmean": 0.369425684214,
        "dmean2": 0.514280438423,
        "dvar": 0.120358601213,
        "dvar2": 0.214539170265,
        "max": 9.80195903778,
        "mean": 6.68274879456,
        "median": 6.68210744858,
        "min": 4.43354129791,
        "stdev": 0.685382306576,
        "var": 0.469748944044
    },
    "spectral_flux": {
        "dmean": 0.03514822945,
        "dmean2": 0.054578024894,
        "dvar": 0.00125819910318,
        "dvar2": 0.0026960328687,
        "max": 0.294091880322,
        "mean": 0.0948465391994,
        "median": 0.0840246751904,
        "min": 1.04878571106e-10,
        "stdev": 0.0512789934874,
        "var": 0.00262953527272
    },
    "spectral_kurtosis": {
        "dmean": 5.25740194321,
        "dmean2": 7.8049993515,
        "dvar": 36.7626304626,
        "dvar2": 77.1643600464,
        "max": 76.1094665527,
        "mean": 12.0999383926,
        "median": 9.71297931671,
        "min": -1.47121298313,
        "stdev": 10.6838197708,
        "var": 114.143997192
    },
    "spectral_rms": {
        "dmean": 0.00120675889775,
        "dmean2": 0.00172872212715,
        "dvar": 1.56473220159e-06,
        "dvar2": 2.77444019048e-06,
        "max": 0.011945001781,
        "mean": 0.00526353670284,
        "median": 0.00508785108104,
        "min": 3.27585614884e-12,
        "stdev": 0.00224277377129,
        "var": 5.03003411723e-06
    },
    "spectral_rolloff": {
        "dmean": 405.846832275,
        "dmean2": 704.358886719,
        "dvar": 2306678,
        "dvar2": 5068255,
        "max": 18798.4863281,
        "mean": 692.959106445,
        "median": 430.6640625,
        "min": 86.1328125,
        "stdev": 1492.74523926,
        "var": 2228288.25
    },
    "spectral_skewness": {
        "dmean": 0.586756289005,
        "dmean2": 0.831285774708,
        "dvar": 0.293316096067,
        "dvar2": 0.562750458717,
        "max": 7.11698389053,
        "mean": 2.61282634735,
        "median": 2.53462362289,
        "min": 0.0131001695991,
        "stdev": 1.08358097076,
        "var": 1.1741476059
    },
    "spectral_spread": {
        "dmean": 1049116.375,
        "dmean2": 1437866.625,
        "dvar": 3.32913914675e+12,
        "dvar2": 4.61804142592e+12,
        "max": 41119104,
        "mean": 4191970.5,
        "median": 3413244.5,
        "min": 1024738.5625,
        "stdev": 3069992.25,
        "var": 9.42485169766e+12
    },
    "spectral_strongpeak": {
        "dmean": 0.470962226391,
        "dmean2": 0.784255027771,
        "dvar": 0.381235450506,
        "dvar2": 0.898618459702,
        "max": 5.32590150833,
        "mean": 0.840866208076,
        "median": 0.488984376192,
        "min": 0,
        "stdev": 0.857106864452,
        "var": 0.734632194042
    },
    "zerocrossingrate": {
        "dmean": 0.0106824748218,
        "dmean2": 0.0126094566658,
        "dvar": 0.000633515825029,
        "dvar2": 0.000764953205362,
        "max": 0.50830078125,
        "mean": 0.0291039030999,
        "median": 0.02001953125,
        "min": 0.001953125,
        "stdev": 0.0356743820012,
        "var": 0.00127266149502
    },
    "barkbands": {
        "dmean": [0.000422252313001, 0.00531378528103, 0.00293152034283, 0.0022241983097, 0.00359840132296, 0.00150084658526, 0.00296070240438, 0.000912035233341, 0.00111011194531, 0.000681271601934, 0.000254513608525, 0.00019460231124, 0.000137877912493, 8.58801868162e-05, 5.7514065702e-05, 3.72496833734e-05, 3.35262993758e-05, 3.78104159608e-05, 6.37332923361e-05, 3.78610820917e-05, 2.61551540461e-05, 2.11727092392e-05, 2.70948003163e-05, 3.99260716222e-05, 4.54859837191e-05, 8.25992719911e-06, 3.39238994229e-07],
        "dmean2": [0.000740713963751, 0.00930275581777, 0.00481514725834, 0.00369629124179, 0.00561995245516, 0.00214688410051, 0.004533899948, 0.00142664613668, 0.00175108050462, 0.00101853022352, 0.00041386007797, 0.000303024396999, 0.000216184402234, 0.000139718074934, 9.28305162233e-05, 5.95039673499e-05, 5.46433657291e-05, 5.80246705795e-05, 0.000102116864582, 6.07785877946e-05, 3.99880082114e-05, 3.33472999046e-05, 4.16649163526e-05, 6.03323533142e-05, 6.41259757685e-05, 1.24444550238e-05, 5.5093590845e-07],
        "dvar": [6.02035299835e-07, 6.56456977595e-05, 2.36513078562e-05, 1.43421011671e-05, 3.61637539754e-05, 6.81501114741e-06, 3.07711889036e-05, 5.96351901549e-06, 5.79204834139e-06, 2.61621335085e-06, 6.96144411449e-07, 2.51299354659e-07, 9.2962210374e-08, 3.36100782761e-08, 1.86082207421e-08, 1.20192629183e-08, 8.83977424593e-09, 7.14650649769e-09, 3.67020689396e-08, 2.22298854879e-08, 1.13494182941e-08, 9.76426139943e-09, 1.12298570443e-08, 1.7264426333e-08, 2.13815329886e-08, 7.90784548954e-10, 1.49965554298e-12],
        "dvar2": [1.67458051692e-06, 0.000176305955392, 5.42006309843e-05, 3.55664960807e-05, 7.48726452002e-05, 9.71734243649e-06, 6.97649447829e-05, 1.16447718028e-05, 1.30591852212e-05, 5.25226323589e-06, 1.80869676569e-06, 6.3407600237e-07, 2.22000551275e-07, 8.28164914424e-08, 4.45121060011e-08, 2.80989063128e-08, 2.02651193604e-08, 1.67833427156e-08, 9.87690995657e-08, 5.91350435286e-08, 2.35390231751e-08, 2.12356230378e-08, 2.47639579953e-08, 3.64884691351e-08, 3.89638401543e-08, 1.69231306746e-09, 3.12052098571e-12],
        "max": [0.00703165214509, 0.0740564540029, 0.0396157354116, 0.0348562076688, 0.0823417529464, 0.066264860332, 0.0757238268852, 0.033882740885, 0.0231521148235, 0.0202958192676, 0.0145281571895, 0.00736095849425, 0.00326683488674, 0.00179318513256, 0.00204264023341, 0.00217252038419, 0.0016330598155, 0.0011619910365, 0.00304765976034, 0.00293648708612, 0.00221095769666, 0.00192146468908, 0.00124493741896, 0.00216498784721, 0.0023666752968, 0.000430807034718, 2.72344695986e-05],
        "mean": [0.00038778007729, 0.00806008651853, 0.00375768914819, 0.00287429057062, 0.00611119577661, 0.00340174045414, 0.00459929555655, 0.00113841576967, 0.00126600114163, 0.000755501794629, 0.000272006902378, 0.000219846842811, 0.000160727926414, 8.14826416899e-05, 5.79209699936e-05, 3.73237126041e-05, 3.455931801e-05, 4.35396141256e-05, 6.43869352643e-05, 4.12201916333e-05, 3.09746174025e-05, 2.22363942157e-05, 2.76038026641e-05, 4.3471747631e-05, 5.42380257684e-05, 9.39554502111e-06, 3.12953147841e-07],
        "median": [0.000148111983435, 0.00452524609864, 0.00186726520769, 0.0012998819584, 0.00349894911051, 0.00107571063563, 0.00130428140983, 0.000107858562842, 0.000135467984364, 6.36368495179e-05, 4.72391948279e-05, 3.06981855829e-05, 2.44972470682e-05, 1.1611273294e-05, 1.00906427178e-05, 8.23286518425e-06, 7.37919435778e-06, 1.10063920147e-05, 1.38294899443e-05, 1.09030079329e-05, 6.74410102874e-06, 1.6882207774e-06, 1.84707027984e-06, 3.20898288919e-06, 4.87745683131e-06, 1.05577657905e-06, 1.1555946422e-08],
        "min": [1.07295070089e-23, 1.42920012792e-23, 1.89462995526e-23, 1.09659633321e-23, 9.62954113523e-23, 5.63775096917e-23, 7.93752347704e-23, 1.09394434062e-22, 1.94164417195e-22, 6.10862583002e-23, 3.10212356567e-23, 6.18867817251e-23, 5.14304430482e-23, 1.51092081655e-22, 1.23433949364e-22, 1.40994485364e-22, 1.55242903655e-22, 1.32201324221e-22, 2.84108040445e-22, 1.98418321227e-22, 4.63767463916e-22, 4.28015076001e-22, 6.29433706619e-22, 8.23219647285e-22, 1.137613055e-21, 1.85166641942e-21, 2.84624164999e-21],
        "stdev": [0.000684512255248, 0.00980463717133, 0.00541489478201, 0.00436470238492, 0.00792179536074, 0.00640082824975, 0.00844142772257, 0.00323221995495, 0.00278060440905, 0.00188886595424, 0.000810495694168, 0.000515956955496, 0.000332644674927, 0.000183297670446, 0.00014512182679, 0.000108840693429, 0.000101863981399, 9.19261801755e-05, 0.000166257959791, 0.000138320494443, 0.000137030277983, 0.00011860923405, 0.000120206350402, 0.000161573087098, 0.000194727006601, 3.31605006068e-05, 1.37409745093e-06],
        "var": [4.68557033173e-07, 9.6130905149e-05, 2.93210850941e-05, 1.90506289073e-05, 6.2754843384e-05, 4.09706008213e-05, 7.1257694799e-05, 1.0447245586e-05, 7.73176088842e-06, 3.56781470146e-06, 6.56903296203e-07, 2.66211600319e-07, 1.10652472074e-07, 3.35980381294e-08, 2.1060342803e-08, 1.18462972765e-08, 1.03762713977e-08, 8.45042258391e-09, 2.76417111422e-08, 1.91325604249e-08, 1.87772961624e-08, 1.40681510885e-08, 1.44495668764e-08, 2.61058623607e-08, 3.7918606921e-08, 1.09961872941e-09, 1.88814393808e-12]
    },
    "erbbands": {
        "dmean": [0.139823332429, 1.27593827248, 3.14302301407, 6.05839538574, 10.6622152328, 11.0010461807, 13.3315668106, 11.833530426, 43.8684883118, 22.1924533844, 24.1302661896, 28.9797153473, 13.7720651627, 19.8536243439, 11.1409816742, 6.53043460846, 6.37663507462, 4.9808011055, 3.09588813782, 2.77864456177, 1.94999969006, 1.6968678236, 1.78663504124, 3.58850550652, 2.34865880013, 1.81938076019, 1.24638867378, 0.852463364601, 0.753703355789, 0.798428833485, 0.782651245594, 0.690711736679, 0.767843782902, 0.631869971752, 0.252215713263, 0.063128747046, 0.0111616747454, 0.00126168492716, 3.93547852582e-05, 1.62271553563e-05],
        "dmean2": [0.250859051943, 2.18629980087, 5.15327215195, 9.82532024384, 17.4243888855, 16.9183673859, 19.4431667328, 17.1159763336, 65.7501296997, 36.2238922119, 36.5761795044, 45.8818969727, 20.0645179749, 29.7176246643, 17.0665206909, 10.0188999176, 9.84515476227, 8.02564525604, 4.87266778946, 4.53176355362, 3.12851262093, 2.70994472504, 2.74364995956, 5.67622852325, 3.6495153904, 2.91150450706, 1.94795930386, 1.31575918198, 1.17453336716, 1.23829209805, 1.21838474274, 1.02930986881, 1.16748440266, 0.893205940723, 0.366800993681, 0.0960139781237, 0.0163357052952, 0.00193145882804, 5.96712488914e-05, 2.3843938834e-05],
        "dvar": [0.0583834275603, 3.89504098892, 29.3011741638, 94.6312179565, 571.74407959, 246.041778564, 542.439025879, 429.536712646, 6010.69580078, 3000.51342773, 3309.51123047, 4467.22558594, 1048.98864746, 2308.91503906, 698.56829834, 232.986557007, 186.657211304, 117.575515747, 39.1528739929, 68.6966323853, 25.4083824158, 22.6493606567, 16.3338356018, 120.372314453, 34.0321464539, 56.4397964478, 21.5496330261, 13.7496814728, 13.8883056641, 13.1953382492, 8.77320766449, 4.92883825302, 6.87915945053, 4.49991130829, 0.633590698242, 0.0463026277721, 0.00138964178041, 1.45190178955e-05, 1.10863087599e-08, 3.43066713926e-10],
        "dvar2": [0.167822182178, 10.3635406494, 68.4475479126, 224.063735962, 1292.6138916, 529.396057129, 916.379638672, 650.505981445, 12628.3242188, 7391.76074219, 6091.19238281, 10244.5302734, 2224.20068359, 5164.69189453, 1666.05029297, 589.635864258, 434.985870361, 291.170806885, 89.6365432739, 176.186721802, 54.4045906067, 53.4666023254, 39.2388572693, 322.447753906, 84.8719100952, 151.062042236, 49.9005508423, 26.137468338, 29.9709739685, 28.6494598389, 19.238527298, 10.6779527664, 14.5178642273, 8.12934684753, 1.30413472652, 0.099726870656, 0.00274238060229, 2.73846471828e-05, 2.08495674059e-08, 6.83188783324e-10],
        "max": [2.22507071495, 18.3869915009, 51.9640579224, 99.7423629761, 305.164916992, 173.656723022, 482.994567871, 589.424316406, 1081.62414551, 767.324890137, 655.775512695, 701.249145508, 473.971038818, 628.620788574, 331.717407227, 193.053222656, 154.676483154, 101.952796936, 58.3909225464, 118.792762756, 73.9780044556, 89.8576583862, 64.6879577637, 175.707138062, 94.089805603, 139.581451416, 70.2625961304, 84.0704421997, 79.8867645264, 58.3073310852, 36.3134841919, 32.8221321106, 40.6054725647, 35.9794769287, 12.8368473053, 3.36998677254, 0.582498550415, 0.0615556947887, 0.00156843999866, 0.000159783288836],
        "mean": [0.181982129812, 1.97777581215, 4.06623125076, 8.99540138245, 14.3427677155, 17.8601646423, 30.9262828827, 24.5570430756, 75.1373443604, 30.1267910004, 30.3222618103, 32.9142494202, 16.1590270996, 21.8112354279, 13.0184440613, 7.73266267776, 7.6917257309, 5.0491604805, 3.20243477821, 2.73449397087, 2.04058170319, 1.83960437775, 2.05680704117, 3.74950647354, 2.50214886665, 1.988458395, 1.4263677597, 1.04722952843, 0.801243662834, 0.843240022659, 0.789988994598, 0.743238806725, 0.833944737911, 0.744433224201, 0.292966067791, 0.0731611400843, 0.013062520884, 0.00143992260564, 5.64869769732e-05, 3.95351416955e-05],
        "median": [0.0984955281019, 1.0772100687, 2.16320300102, 4.82764482498, 7.50228786469, 9.96866321564, 9.34232807159, 9.71658229828, 23.5874633789, 7.61886548996, 4.85893726349, 3.57742142677, 1.86613166332, 2.40149116516, 2.6560986042, 1.4580078125, 1.22443401814, 0.792374789715, 0.548310637474, 0.579239547253, 0.448268830776, 0.452984690666, 0.591917991638, 0.860517799854, 0.586135864258, 0.534217834473, 0.339554846287, 0.187371581793, 0.0697771087289, 0.0472301542759, 0.056448277086, 0.0712040066719, 0.04726113379, 0.048746638, 0.0314784534276, 0.00829993654042, 0.00141433475073, 0.000172136133187, 2.40029457927e-05, 3.1907507946e-05],
        "min": [4.98967775415e-22, 2.97592260779e-21, 2.0177518464e-20, 3.04586383859e-20, 1.56798392362e-19, 4.11348646816e-19, 3.41925084065e-19, 5.34169716638e-19, 1.36480427354e-18, 7.94690095465e-19, 2.79364804292e-18, 5.23291536781e-18, 1.99576740843e-18, 2.45956840507e-18, 1.8939724943e-18, 1.8479276923e-18, 2.30286027879e-18, 7.23062727106e-18, 6.84222337367e-18, 8.89454987687e-18, 6.42945280338e-18, 7.21143171777e-18, 6.8873497984e-18, 8.87653471031e-18, 1.69873086229e-17, 9.27322985258e-18, 1.34715081238e-17, 1.98701174301e-17, 1.70748954693e-17, 1.63439159619e-17, 1.7055800832e-17, 1.56538835493e-17, 1.42535494903e-17, 1.00893237634e-17, 9.3241759065e-18, 7.60209423183e-18, 3.73154409212e-18, 1.85492005681e-18, 3.71420095811e-19, 3.34472160896e-20],
        "stdev": [0.240845799446, 2.45370864868, 5.71603870392, 12.2479076385, 25.1875324249, 21.818567276, 63.1878166199, 45.5241699219, 132.057220459, 70.2824935913, 73.161529541, 75.5479278564, 38.7008895874, 52.9626083374, 28.7582035065, 16.0576992035, 15.4740447998, 10.8647193909, 6.87574577332, 7.80482244492, 5.47540569305, 5.2140083313, 4.2084274292, 9.62038612366, 5.78098487854, 6.89186859131, 5.41509199142, 4.98286819458, 4.43454456329, 4.34056472778, 3.30724716187, 2.63125729561, 3.20915746689, 2.83903503418, 0.996844351292, 0.261554419994, 0.0464891307056, 0.00474930088967, 0.000134003726998, 2.99538933177e-05],
        "var": [0.0580067001283, 6.02068662643, 32.6730995178, 150.011245728, 634.411804199, 476.04989624, 3992.70019531, 2072.44995117, 17439.1113281, 4939.62841797, 5352.60888672, 5707.48974609, 1497.75878906, 2805.0378418, 827.034301758, 257.849731445, 239.446075439, 118.042137146, 47.2758789062, 60.9152526855, 29.9800662994, 27.185880661, 17.7108631134, 92.5518264771, 33.4197845459, 47.4978523254, 29.3232212067, 24.8289775848, 19.665184021, 18.8405017853, 10.9378843307, 6.92351484299, 10.2986917496, 8.06012058258, 0.993698716164, 0.0684107169509, 0.00216123927385, 2.25558596867e-05, 1.79569976666e-08, 8.97235674646e-10]
    },
    "gfcc": {
        "mean": [-69.672706604, 141.68321228, -71.5408096313, 28.5783481598, -55.8712844849, 5.34010219574, -35.0187110901, 11.3724803925, -29.05210495, 3.20080137253, -4.74211788177, -5.96382427216, -6.40799331665],
        "cov": [[6147.06982422, -672.125976562, -693.641357422, -329.841827393, -550.377929688, 126.85900116, -226.080474854, 416.495300293, -299.700836182, 205.262527466, -57.5782394409, -95.7980880737, -24.8479824066], [-672.125976562, 1638.37365723, -308.131469727, -305.805450439, 244.862014771, -383.200653076, 329.458648682, -224.411743164, 116.365470886, -130.759277344, 179.425628662, -76.4866409302, 125.863197327], [-693.641357422, -308.131469727, 812.793701172, 196.067077637, 20.873758316, 128.676223755, -100.411972046, 33.659198761, 17.5426044464, 41.7820739746, 34.9725341797, 94.6039428711, -5.66724443436], [-329.841827393, -305.805450439, 196.067077637, 628.716003418, 113.83405304, -9.35432243347, -80.4437942505, -71.8648300171, 103.474243164, -20.8596057892, -0.0996419116855, 46.9071121216, -39.2744865417], [-550.377929688, 244.862014771, 20.873758316, 113.83405304, 280.718017578, 4.44309806824, 46.9423065186, -61.4472045898, 69.9651184082, -49.8393630981, -7.16167163849, 2.40704894066, 20.1434745789], [126.85900116, -383.200653076, 128.676223755, -9.35432243347, 4.44309806824, 345.192199707, -16.8270015717, 31.2730350494, -2.72196722031, 29.7968940735, -62.7419624329, 10.9785070419, -21.6004161835], [-226.080474854, 329.458648682, -100.411972046, -80.4437942505, 46.9423065186, -16.8270015717, 227.770904541, -34.5527839661, 18.8362007141, -22.2757053375, 34.9202232361, -12.8795757294, 12.3761320114], [416.495300293, -224.411743164, 33.659198761, -71.8648300171, -61.4472045898, 31.2730350494, -34.5527839661, 248.83631897, -17.9130897522, 40.159828186, -31.6168346405, -26.6579189301, -23.7510528564], [-299.700836182, 116.365470886, 17.5426044464, 103.474243164, 69.9651184082, -2.72196722031, 18.8362007141, -17.9130897522, 189.191619873, -0.445149511099, 18.1712989807, 1.4256093502, -20.6871299744], [205.262527466, -130.759277344, 41.7820739746, -20.8596057892, -49.8393630981, 29.7968940735, -22.2757053375, 40.159828186, -0.445149511099, 113.734794617, 24.0775737762, 8.71546268463, -11.0880184174], [-57.5782394409, 179.425628662, 34.9725341797, -0.0996419116855, -7.16167163849, -62.7419624329, 34.9202232361, -31.6168346405, 18.1712989807, 24.0775737762, 133.708114624, 29.203666687, 19.6217002869], [-95.7980880737, -76.4866409302, 94.6039428711, 46.9071121216, 2.40704894066, 10.9785070419, -12.8795757294, -26.6579189301, 1.4256093502, 8.71546268463, 29.203666687, 101.485412598, 22.8548965454], [-24.8479824066, 125.863197327, -5.66724443436, -39.2744865417, 20.1434745789, -21.6004161835, 12.3761320114, -23.7510528564, -20.6871299744, -11.0880184174, 19.6217002869, 22.8548965454, 112.882873535]],
        "icov": [[0.00031770116766, -0.000367704720702, 0.00041675279499, -0.000345551932696, 0.000621382670943, -0.000546088151168, 0.000527449708898, -0.000624367792625, 0.000532256613951, -0.000459339353256, 7.01652752468e-05, -0.000262598216068, 6.94353802828e-05], [-0.000367704720702, 0.00460562529042, -0.000797531858552, 0.00304833659902, -0.00348246586509, 0.00411660550162, -0.00347654544748, 0.00301960785873, -0.00297658867203, 0.00264714215882, -0.00331774330698, 0.00371958478354, -0.0022318304982], [0.00041675279499, -0.000797531858552, 0.00226692459546, -0.00106741196942, 0.00082509231288, -0.00164541555569, 0.00146724365186, -0.00141859729774, 0.00100496341474, -0.000853289151564, -0.000441308016889, -0.00174417579547, 0.000332179333782], [-0.000345551932696, 0.00304833659902, -0.00106741196942, 0.00435011694208, -0.00314370752312, 0.00311367865652, -0.0015348844463, 0.00269436999224, -0.00296477368101, 0.00208571041003, -0.00190540810581, 0.00172516552266, -0.000479574402561], [0.000621382670943, -0.00348246586509, 0.00082509231288, -0.00314370752312, 0.00793011020869, -0.0035955675412, 0.00190650904551, -0.00215381267481, 0.00115871638991, -0.00085969211068, 0.0029148736503, -0.0023245352786, 0.000293907301966], [-0.000546088151168, 0.00411660550162, -0.00164541555569, 0.00311367865652, -0.0035955675412, 0.00755561189726, -0.0036806918215, 0.00306615186855, -0.00298180920072, 0.00127885118127, -0.000486121425638, 0.00268733943813, -0.00145382538904], [0.000527449708898, -0.00347654544748, 0.00146724365186, -0.0015348844463, 0.00190650904551, -0.0036806918215, 0.00847182609141, -0.00224692490883, 0.00203737686388, -0.00122897163965, 0.000340457336279, -0.0023594647646, 0.00175713759381], [-0.000624367792625, 0.00301960785873, -0.00141859729774, 0.00269436999224, -0.00215381267481, 0.00306615186855, -0.00224692490883, 0.00746850436553, -0.00246816477738, 0.000572616932914, -0.000687382475007, 0.0035322017502, -0.000840990047436], [0.000532256613951, -0.00297658867203, 0.00100496341474, -0.00296477368101, 0.00115871638991, -0.00298180920072, 0.00203737686388, -0.00246816477738, 0.00879287160933, -0.00246326369233, 0.000841287197545, -0.00213976018131, 0.00259137363173], [-0.000459339353256, 0.00264714215882, -0.000853289151564, 0.00208571041003, -0.00085969211068, 0.00127885118127, -0.00122897163965, 0.000572616932914, -0.00246326369233, 0.0130563117564, -0.00483810575679, 0.00166066631209, -0.000380683777621], [7.01652752468e-05, -0.00331774330698, -0.000441308016889, -0.00190540810581, 0.0029148736503, -0.000486121425638, 0.000340457336279, -0.000687382475007, 0.000841287197545, -0.00483810575679, 0.013497421518, -0.00490253604949, 0.000559854903258], [-0.000262598216068, 0.00371958478354, -0.00174417579547, 0.00172516552266, -0.0023245352786, 0.00268733943813, -0.0023594647646, 0.0035322017502, -0.00213976018131, 0.00166066631209, -0.00490253604949, 0.0159104578197, -0.0043596951291], [6.94353802828e-05, -0.0022318304982, 0.000332179333782, -0.000479574402561, 0.000293907301966, -0.00145382538904, 0.00175713759381, -0.000840990047436, 0.00259137363173, -0.000380683777621, 0.000559854903258, -0.0043596951291, 0.0117349578068]]
    },
    "melbands": {
        "dmean": [0.00135356979445, 0.00158213684335, 0.00107420270797, 0.000834079924971, 0.000434058514656, 0.000287348055281, 0.000647954177111, 0.000220509944484, 0.000210319252801, 0.00016650276666, 7.05957427272e-05, 8.85469780769e-05, 3.66715030395e-05, 2.53467133007e-05, 1.41014752444e-05, 1.31295319079e-05, 9.13341227715e-06, 5.08352104589e-06, 3.91213143303e-06, 3.21674701809e-06, 2.29851070799e-06, 1.87059765722e-06, 1.57637498432e-06, 1.88558044556e-06, 3.18736897498e-06, 2.03805620913e-06, 1.44414002534e-06, 1.19902108509e-06, 8.92538707831e-07, 5.39993038728e-07, 4.94673543017e-07, 3.83486224109e-07, 4.96533345995e-07, 4.45156018714e-07, 4.6713626034e-07, 4.61352840375e-07, 4.14947862737e-07, 5.17727244187e-07, 6.23904497843e-07, 5.33281763637e-07],
        "dmean2": [0.00238025607541, 0.00257406150922, 0.0017351055285, 0.00130684243049, 0.000639611971565, 0.000414635665948, 0.000981678138487, 0.000362844235497, 0.000320581399137, 0.00026466048439, 0.000105480394268, 0.000132034707349, 5.80448649998e-05, 3.90383574995e-05, 2.21878217417e-05, 2.05122742045e-05, 1.49968691403e-05, 8.09589801065e-06, 6.35888000033e-06, 5.29966428076e-06, 3.73179591406e-06, 3.07645200337e-06, 2.48826677307e-06, 2.87886246042e-06, 5.10144491273e-06, 3.25920632349e-06, 2.27546524911e-06, 1.94495282813e-06, 1.41684154187e-06, 8.40316374706e-07, 7.61657474868e-07, 5.82566599405e-07, 8.13834901692e-07, 6.98060432569e-07, 7.28370025627e-07, 7.28800273464e-07, 6.06489720667e-07, 8.00558837e-07, 9.18465786981e-07, 7.52945084059e-07],
        "dvar": [4.48392165708e-06, 6.73619342706e-06, 3.02985586131e-06, 2.1283588012e-06, 4.76656509818e-07, 2.29009842201e-07, 1.40178008223e-06, 2.96964856261e-07, 1.95444471274e-07, 1.60905656799e-07, 3.00689144694e-08, 4.73195846951e-08, 1.15773888254e-08, 4.24740465022e-09, 1.02278230329e-09, 8.52801218532e-10, 4.17931522723e-10, 1.15573633996e-10, 1.0039964693e-10, 1.1031788677e-10, 3.90374330084e-11, 3.55733810464e-11, 1.77883107549e-11, 1.69276953566e-11, 1.08740481897e-10, 2.91870347335e-11, 2.88192195802e-11, 3.06005221162e-11, 1.03749994707e-11, 4.71301903754e-12, 5.58165449624e-12, 3.55373586461e-12, 6.38480674581e-12, 4.69321239857e-12, 3.56209831597e-12, 3.00149271756e-12, 1.69202043869e-12, 3.27502044581e-12, 4.96304906894e-12, 3.16127441065e-12],
        "dvar2": [1.2392492863e-05, 1.64290067914e-05, 6.93214042258e-06, 4.47826187155e-06, 8.77972240687e-07, 3.54108578904e-07, 3.01937598124e-06, 7.17325178812e-07, 3.83841921803e-07, 3.79997203481e-07, 6.27168503797e-08, 1.0333378242e-07, 2.8826127263e-08, 1.0722978061e-08, 2.46290721151e-09, 2.0296613279e-09, 1.04397623879e-09, 2.69569311317e-10, 2.44372050373e-10, 2.81709267025e-10, 8.95947344093e-11, 8.35800387233e-11, 4.51262846535e-11, 3.94512304769e-11, 2.94116397903e-10, 7.59089874292e-11, 7.51782802677e-11, 8.44136149869e-11, 2.50317527123e-11, 9.97872270925e-12, 1.08325223791e-11, 7.76854535561e-12, 1.47748740326e-11, 1.07666514593e-11, 7.93052689491e-12, 7.47957164954e-12, 3.30542299261e-12, 6.82931315665e-12, 1.08962344356e-11, 5.6003708615e-12],
        "max": [0.0171169228852, 0.0256466064602, 0.0136359389871, 0.0194224528968, 0.0134456362575, 0.0128609249368, 0.0169661156833, 0.00835924502462, 0.00473025627434, 0.00453169457614, 0.00235954602249, 0.00289753009565, 0.00174598093145, 0.000953631883021, 0.00032802001806, 0.000326373905409, 0.00018942389579, 9.99920957838e-05, 0.000150914274855, 0.000205373755307, 9.15634736884e-05, 0.000118197160191, 8.3011953393e-05, 4.8940659326e-05, 0.000170942163095, 8.10673445812e-05, 0.000127765568323, 0.00010735863907, 4.60884948552e-05, 4.31965272583e-05, 5.92685028096e-05, 3.96315772377e-05, 4.74640692119e-05, 4.25068101322e-05, 2.41186789935e-05, 2.90808893624e-05, 2.72267388937e-05, 3.30165566993e-05, 2.97155365843e-05, 3.22934938595e-05],
        "mean": [0.00204435759224, 0.00239525455981, 0.00159498990979, 0.00127779215109, 0.000974780472461, 0.000602728279773, 0.00109396676999, 0.000279292784398, 0.000258062937064, 0.000182502786629, 7.93592553237e-05, 9.57856100285e-05, 4.11729779444e-05, 2.95653881039e-05, 1.541353231e-05, 1.53642376972e-05, 8.54265817907e-06, 5.02760349264e-06, 3.90484137824e-06, 3.13567625199e-06, 2.25148846766e-06, 1.95299185179e-06, 1.68933900113e-06, 2.1063699478e-06, 3.22852361023e-06, 2.12318832382e-06, 1.48209392137e-06, 1.26638281017e-06, 9.77074023467e-07, 6.48591310437e-07, 5.76700927013e-07, 4.01016933438e-07, 5.01687850374e-07, 4.63275057427e-07, 4.58876058929e-07, 4.34516948644e-07, 4.59288798993e-07, 5.63767173389e-07, 6.54510074583e-07, 6.19837408067e-07],
        "median": [0.00117523071822, 0.00140779279172, 0.000908461981453, 0.000688439875375, 0.00037822444574, 0.000237511194427, 0.000338704674505, 5.15424653713e-05, 3.50041154888e-05, 1.84049167729e-05, 8.26018276712e-06, 9.0819394245e-06, 8.40683060233e-06, 4.69104998047e-06, 2.96017674373e-06, 2.31948433793e-06, 1.22615369946e-06, 8.1959143472e-07, 7.45734098473e-07, 6.29393468898e-07, 4.30634230497e-07, 4.19075576019e-07, 4.44267641342e-07, 5.33280740456e-07, 6.53523443361e-07, 4.22839775638e-07, 3.68152797137e-07, 3.08397090976e-07, 2.1772447667e-07, 1.33703480287e-07, 8.13212608364e-08, 3.59913805426e-08, 2.39051622941e-08, 2.44359181778e-08, 2.58351047222e-08, 3.83121623315e-08, 3.95066699355e-08, 3.00416509447e-08, 3.03164817694e-08, 3.84199125847e-08],
        "min": [3.95416962616e-24, 8.08231384749e-24, 8.3732544268e-24, 2.11287163791e-23, 1.33324056305e-23, 1.15173999818e-23, 1.98695523794e-23, 1.12276355941e-23, 2.13067196869e-23, 3.45934092502e-23, 9.90184045804e-24, 1.05891970529e-23, 5.05914760648e-24, 7.51807635186e-24, 2.97612962067e-24, 6.54363197438e-24, 1.47598273504e-23, 1.09782545739e-23, 1.01249673985e-23, 1.14026420193e-23, 6.90057654564e-24, 7.67768421223e-24, 7.69767158099e-24, 6.25562201333e-24, 6.51288454288e-24, 1.37925292639e-23, 1.07197945534e-23, 4.62793217543e-24, 5.85985878022e-24, 1.44763912049e-23, 9.95064964883e-24, 9.33129207517e-24, 7.9131055499e-24, 1.03801844117e-23, 9.38396510668e-24, 1.02935469739e-23, 9.32809639965e-24, 1.11412340257e-23, 6.70411547036e-24, 9.22789292088e-24],
        "stdev": [0.00246567139402, 0.00288037303835, 0.00203948304988, 0.00180549721699, 0.00183073745575, 0.00107771728653, 0.00194532063324, 0.000715887697879, 0.000548946845811, 0.000441070063971, 0.000205074204132, 0.000242012989474, 0.00010965213005, 6.76613926771e-05, 3.32290837832e-05, 3.24399807141e-05, 2.00035283342e-05, 1.1348535736e-05, 1.02167650766e-05, 9.72155885393e-06, 6.39661220703e-06, 6.5065396484e-06, 4.07371726396e-06, 4.46957938038e-06, 8.95259654499e-06, 5.01499471284e-06, 4.88690238853e-06, 4.85144028062e-06, 3.55486758963e-06, 2.84278780782e-06, 2.94887195196e-06, 2.19442881644e-06, 2.87428997581e-06, 2.44824582296e-06, 2.07740617952e-06, 1.68959104485e-06, 1.68492101693e-06, 2.30649038713e-06, 2.56695670942e-06, 2.39234850596e-06],
        "var": [6.0795355239e-06, 8.29654891277e-06, 4.15949079979e-06, 3.25982023242e-06, 3.35159984388e-06, 1.161474529e-06, 3.78427216674e-06, 5.12495205385e-07, 3.01342623743e-07, 1.94542792542e-07, 4.20554293612e-08, 5.85702899514e-08, 1.20235892354e-08, 4.57806370591e-09, 1.1041720871e-09, 1.05235242742e-09, 4.00141142443e-10, 1.28789270915e-10, 1.04382287536e-10, 9.45087133553e-11, 4.09166485416e-11, 4.23350556e-11, 1.65951731523e-11, 1.99771397341e-11, 8.01489777325e-11, 2.51501718757e-11, 2.38818166631e-11, 2.35364748524e-11, 1.26370832201e-11, 8.08144263315e-12, 8.69584612651e-12, 4.81551820988e-12, 8.26154249178e-12, 5.99390762718e-12, 4.31561600692e-12, 2.8547179811e-12, 2.83895866884e-12, 5.31989816782e-12, 6.58926732622e-12, 5.72333109725e-12]
    },
    "melbands128": {
