{
"lowlevel": {
    "average_loudness": 0.973804533482,
    "barkbands_crest": {
        "dmean": 2.60443329811,
        "dmean2": 3.98938417435,
        "dvar": 5.56330633163,
        "dvar2": 13.2527914047,
        "max": 24.6280117035,
        "mean": 11.927107811,
        "median": 11.3246831894,
        "min": 3.45624661446,
        "stdev": 4.25556850433,
        "var": 18.1098632812
    },
    "barkbands_flatness_db": {
        "dmean": 0.0298780351877,
        "dmean2": 0.0445688553154,
        "dvar": 0.00101119815372,
        "dvar2": 0.00224733701907,
        "max": 0.378773748875,
        "mean": 0.179783895612,
        "median": 0.177851334214,
        "min": 0.0251852031797,
        "stdev": 0.0655085369945,
        "var": 0.00429136864841
    },
    "barkbands_kurtosis": {
        "dmean": 6.90888738632,
        "dmean2": 11.086268425,
        "dvar": 146.836654663,
        "dvar2": 372.053649902,
        "max": 212.408157349,
        "mean": 12.7306108475,
        "median": 10.1629667282,
        "min": -1.87287867069,
        "stdev": 13.4765710831,
        "var": 181.617965698
    },
    "barkbands_skewness": {
        "dmean": 0.847716033459,
        "dmean2": 1.31492996216,
        "dvar": 1.00713586807,
        "dvar2": 2.34367465973,
        "max": 12.0793809891,
        "mean": 2.35143899918,
        "median": 2.29913330078,
        "min": -2.15119576454,
        "stdev": 1.42942404747,
        "var": 2.04325318336
    },
    "barkbands_spread": {
        "dmean": 6.51535463333,
        "dmean2": 9.92047595978,
        "dvar": 116.500480652,
        "dvar2": 223.42980957,
        "max": 109.935493469,
        "mean": 14.3510417938,
        "median": 8.29091453552,
        "min": 1.1930359602,
        "stdev": 16.7358131409,
        "var": 280.087432861
    },
    "dissonance": {
        "dmean": 0.0339169874787,
        "dmean2": 0.0541828721762,
        "dvar": 0.000817102147266,
        "dvar2": 0.00203693355434,
        "max": 0.498279154301,
        "mean": 0.415213376284,
        "median": 0.419140130281,
        "min": 0.241969943047,
        "stdev": 0.0463620908558,
        "var": 0.00214944360778
    },
    "dynamic_complexity": 2.53648138046,
    "erbbands_crest": {
        "dmean": 3.36888408661,
        "dmean2": 5.36639642715,
        "dvar": 10.3603315353,
        "dvar2": 23.0161418915,
        "max": 28.0626449585,
        "mean": 12.5642490387,
        "median": 11.761639595,
        "min": 2.77448987961,
        "stdev": 4.99330806732,
        "var": 24.9331245422
    },
    "erbbands_flatness_db": {
        "dmean": 0.0249211788177,
        "dmean2": 0.0388079844415,
        "dvar": 0.00058991718106,
        "dvar2": 0.00139625533484,
        "max": 0.343327701092,
        "mean": 0.169955864549,
        "median": 0.165814727545,
        "min": 0.0546856708825,
        "stdev": 0.0457009598613,
        "var": 0.00208857771941
    },
    "erbbands_kurtosis": {
        "dmean": 3.10246658325,
        "dmean2": 4.877409935,
        "dvar": 11.5677814484,
        "dvar2": 26.8485660553,
        "max": 29.234954834,
        "mean": 5.06066703796,
        "median": 3.67312717438,
        "min": -1.74767506123,
        "stdev": 5.49912214279,
        "var": 30.2403469086
    },
    "erbbands_skewness": {
        "dmean": 0.638669848442,
        "dmean2": 0.954128861427,
        "dvar": 0.41663685441,
        "dvar2": 0.883312523365,
        "max": 4.67698335648,
        "mean": 1.49538397789,
        "median": 1.62197041512,
        "min": -2.71810030937,
        "stdev": 1.17328965664,
        "var": 1.37660849094
    },
    "erbbands_spread": {
        "dmean": 13.4154443741,
        "dmean2": 22.0121498108,
        "dvar": 313.492584229,
        "dvar2": 872.036376953,
        "max": 161.063919067,
        "mean": 30.7491264343,
        "median": 24.1885795593,
        "min": 5.13532161713,
        "stdev": 21.8742980957,
        "var": 478.484924316
    },
    "hfc": {
        "dmean": 9.30699062347,
        "dmean2": 13.9084501266,
        "dvar": 240.732635498,
        "dvar2": 482.588439941,
        "max": 143.099517822,
        "mean": 21.0302505493,
        "median": 14.6489887238,
        "min": 1.19755715075e-16,
        "stdev": 22.7376766205,
        "var": 517.001953125
    },
    "loudness_ebu128": {
        "integrated": -10.6171112061,
        "loudness_range": 1.59115886688,
        "momentary": {
            "dmean": 0.596535563469,
            "dmean2": 0.678135991096,
            "dvar": 0.296441853046,
            "dvar2": 0.363446444273,
            "max": -8.09732151031,
            "mean": -11.0646486282,
            "median": -10.4621829987,
            "min": -18.5872421265,
            "stdev": 2.15031099319,
            "var": 4.62383747101
        },
        "short_term": {
            "dmean": 0.087338283658,
            "dmean2": 0.103095494211,
            "dvar": 0.00509328674525,
            "dvar2": 0.00952118448913,
            "max": -9.5007276535,
            "mean": -10.6061763763,
            "median": -10.6029052734,
            "min": -11.8268108368,
            "stdev": 0.501783132553,
            "var": 0.251786291599
        }
    },
    "melbands_crest": {
        "dmean": 3.12525749207,
        "dmean2": 4.81435823441,
        "dvar": 9.65889358521,
        "dvar2": 21.0914936066,
        "max": 35.5152282715,
        "mean": 15.202413559,
        "median": 13.9230613708,
        "min": 1.753921628,
        "stdev": 6.12499666214,
        "var": 37.515586853
    },
    "melbands_flatness_db": {
        "dmean": 0.0391009114683,
        "dmean2": 0.0565060600638,
        "dvar": 0.00173573067877,
        "dvar2": 0.00376055506058,
        "max": 0.49284774065,
        "mean": 0.264566957951,
        "median": 0.265508651733,
        "min": 0.011239877902,
        "stdev": 0.0882376879454,
        "var": 0.00778588932008
    },
    "melbands_kurtosis": {
        "dmean": 12.989689827,
        "dmean2": 22.0268497467,
        "dvar": 1129.96472168,
        "dvar2": 2899.17797852,
        "max": 513.151245117,
        "mean": 19.7649097443,
        "median": 13.5733547211,
        "min": -1.77531075478,
        "stdev": 31.4978981018,
        "var": 992.117553711
    },
    "melbands_skewness": {
        "dmean": 1.04156601429,
        "dmean2": 1.69206762314,
        "dvar": 2.04102611542,
        "dvar2": 5.3694767952,
        "max": 17.3221054077,
        "mean": 2.63101959229,
        "median": 2.4204390049,
        "min": -0.349084317684,
        "stdev": 1.68793118,
        "var": 2.84911179543
    },
    "melbands_spread": {
        "dmean": 7.93902921677,
        "dmean2": 11.964840889,
        "dvar": 288.286956787,
        "dvar2": 503.624938965,
        "max": 201.636734009,
        "mean": 15.9665441513,
        "median": 7.90423536301,
        "min": 0.630282819271,
        "stdev": 26.3010807037,
        "var": 691.746887207
    },
    "pitch_salience": {
        "dmean": 0.0774377286434,
        "dmean2": 0.122503116727,
        "dvar": 0.00586134335026,
        "dvar2": 0.0133689446375,
        "max": 0.896046817303,
        "mean": 0.555663049221,
        "median": 0.571806848049,
        "min": 0.103831470013,
        "stdev": 0.129855498672,
        "var": 0.0168624501675
    },
    "silence_rate_20dB": {
        "dmean": 0,
        "dmean2": 0,
        "dvar": 0,
        "dvar2": 0,
        "max": 1,
        "mean": 1,
        "median": 1,
        "min": 1,
        "stdev": 0,
        "var": 0
    },
    "silence_rate_30dB": {
        "dmean": 0.0665634647012,
        "dmean2": 0.133230060339,
        "dvar": 0.0621325075626,
        "dvar2": 0.129422664642,
        "max": 1,
        "mean": 0.88553750515,
        "median": 1,
        "min": 0,
        "stdev": 0.318371981382,
        "var": 0.101360715926
    },
    "silence_rate_60dB": {
        "dmean": 0.00928792543709,
        "dmean2": 0.017041053623,
        "dvar": 0.00920143630356,
        "dvar2": 0.0229469966143,
        "max": 1,
        "mean": 0.00618716143072,
        "median": 0,
        "min": 0,
        "stdev": 0.0784140899777,
        "var": 0.00614876998588
    },
    "spectral_centroid": {
        "dmean": 268.050231934,
        "dmean2": 386.00088501,
        "dvar": 288129.625,
        "dvar2": 438299.875,
        "max": 11403.3095703,
        "mean": 781.135803223,
        "median": 531.542785645,
        "min": 166.260421753,
        "stdev": 779.642333984,
        "var": 607842.1875
    },
    "spectral_complexity": {
        "dmean": 3.43034052849,
        "dmean2": 5.40123939514,
        "dvar": 25.2744026184,
        "dvar2": 56.1814308167,
        "max": 54,
        "mean": 12.0324821472,
        "median": 11,
        "min": 0,
        "stdev": 6.29284620285,
        "var": 39.5999145508
    },
    "spectral_decrease": {
        "dmean": 4.08636990912e-09,
        "dmean2": 5.92680127198e-09,
        "dvar": 4.92311496986e-17,
        "dvar2": 1.19709750302e-16,
        "max": -7.55375062205e-29,
        "mean": -1.10006652676e-08,
        "median": -7.44457917534e-09,
        "min": -6.52980531868e-08,
        "stdev": 1.14038485322e-08,
        "var": 1.30047760954e-16
    },
    "spectral_energy": {
        "dmean": 0.0159735847265,
        "dmean2": 0.0232751462609,
        "dvar": 0.000708384555764,
        "dvar2": 0.00172199471854,
        "max": 0.248316973448,
        "mean": 0.0434265546501,
        "median": 0.0296231340617,
        "min": 1.11472991923e-20,
        "stdev": 0.0434391051531,
        "var": 0.00188695569523
    },
    "spectral_energyband_high": {
        "dmean": 0.000740110815968,
        "dmean2": 0.00111755752005,
        "dvar": 2.90718548968e-06,
        "dvar2": 5.26163103132e-06,
        "max": 0.0172671191394,
        "mean": 0.00104421947617,
        "median": 0.000267500116024,
        "min": 8.14377488414e-21,
        "stdev": 0.00253393803723,
        "var": 6.42084160063e-06
    },
    "spectral_energyband_low": {
        "dmean": 0.0101894745603,
        "dmean2": 0.0147223128006,
        "dvar": 0.000662000093143,
        "dvar2": 0.00163826660719,
        "max": 0.222195670009,
        "mean": 0.0188936013728,
        "median": 0.00227297702804,
        "min": 2.18092019954e-23,
        "stdev": 0.0370762348175,
        "var": 0.00137464725412
    },
    "spectral_energyband_middle_high": {
        "dmean": 0.00174517510459,
        "dmean2": 0.00283494475298,
        "dvar": 1.65457877301e-05,
        "dvar2": 4.19022908318e-05,
        "max": 0.032133217901,
        "mean": 0.0021397206001,
        "median": 0.000959810975473,
        "min": 1.82107285366e-21,
        "stdev": 0.00381237571128,
        "var": 1.4534208276e-05
    },
    "spectral_energyband_middle_low": {
        "dmean": 0.00739884655923,
        "dmean2": 0.0113591412082,
        "dvar": 0.000138217714266,
        "dvar2": 0.000337362638675,
        "max": 0.120463855565,
        "mean": 0.0221162363887,
        "median": 0.0186836794019,
        "min": 2.34883145203e-22,
        "stdev": 0.0170294381678,
        "var": 0.000290001742542
    },
    "spectral_entropy": {
        "dmean": 0.327033489943,
        "dmean2": 0.493961781263,
        "dvar": 0.126475140452,
        "dvar2": 0.281847506762,
        "max": 9.80635070801,
        "mean": 7.06619310379,
        "median": 7.04907989502,
        "min": 5.1902961731,
        "stdev": 0.695780575275,
        "var": 0.484110623598
    },
    "spectral_flux": {
        "dmean": 0.0366119071841,
        "dmean2": 0.0556187108159,
        "dvar": 0.00215993751772,
        "dvar2": 0.00478718895465,
        "max": 0.423538446426,
        "mean": 0.0924665182829,
        "median": 0.0755563527346,
        "min": 1.05580773291e-10,
        "stdev": 0.0681322067976,
        "var": 0.00464199716225
    },
    "spectral_kurtosis": {
        "dmean": 3.59912347794,
        "dmean2": 5.7406463623,
        "dvar": 30.4624347687,
        "dvar2": 81.2668762207,
        "max": 88.5455780029,
        "mean": 7.19549465179,
        "median": 5.01934719086,
        "min": -1.19247674942,
        "stdev": 7.78219556808,
        "var": 60.5625648499
    },
    "spectral_rms": {
        "dmean": 0.00107105413917,
        "dmean2": 0.00149993982632,
        "dvar": 1.98072984858e-06,
        "dvar2": 4.38418283011e-06,
        "max": 0.0155647182837,
        "mean": 0.00585286645219,
        "median": 0.00537592964247,
        "min": 3.29778934195e-12,
        "stdev": 0.00284802471288,
        "var": 8.11124482425e-06
    },
    "spectral_rolloff": {
        "dmean": 596.130493164,
        "dmean2": 966.427307129,
        "dvar": 2597243.75,
        "dvar2": 4485867,
        "max": 18281.6894531,
        "mean": 1197.84741211,
        "median": 516.796875,
        "min": 43.06640625,
        "stdev": 2255.4387207,
        "var": 5087003.5
    },
    "spectral_skewness": {
        "dmean": 0.496357351542,
        "dmean2": 0.781188547611,
        "dvar": 0.299168080091,
        "dvar2": 0.816782593727,
        "max": 7.2887134552,
        "mean": 2.16387248039,
        "median": 2.11739850044,
        "min": -0.0405638739467,
        "stdev": 0.914506793022,
        "var": 0.836322665215
    },
    "spectral_spread": {
        "dmean": 1197064.5,
        "dmean2": 1850462.75,
        "dvar": 2.37461674394e+12,
        "dvar2": 4.54500653466e+12,
        "max": 39309128,
        "mean": 5672953.5,
        "median": 5656421,
        "min": 867783,
        "stdev": 2333627.25,
        "var": 5.44581615616e+12
    },
    "spectral_strongpeak": {
        "dmean": 0.447538018227,
        "dmean2": 0.726492106915,
        "dvar": 0.396551221609,
        "dvar2": 0.847178459167,
        "max": 7.5084195137,
        "mean": 1.16482019424,
        "median": 0.879172623158,
        "min": 0,
        "stdev": 0.990490674973,
        "var": 0.981071829796
    },
    "zerocrossingrate": {
        "dmean": 0.014791672118,
        "dmean2": 0.0161923281848,
        "dvar": 0.000698018120602,
        "dvar2": 0.000605087145232,
        "max": 0.4716796875,
        "mean": 0.0508654639125,
        "median": 0.0361328125,
        "min": 0.00244140625,
        "stdev": 0.0549729093909,
        "var": 0.00302202068269
    },
    "barkbands": {
        "dmean": [0.00130127533339, 0.00713605713099, 0.00276475469582, 0.00152670498937, 0.00290138786659, 0.00149832107127, 0.00260824221186, 0.00127637654077, 0.00156790926121, 0.00027054885868, 0.000145169222378, 0.000399074313464, 0.000516266911291, 0.000185941287782, 0.000510335492436, 9.4116818218e-05, 0.000101263081888, 9.11886236281e-05, 9.26368084038e-05, 0.000109404776595, 0.000201123999432, 0.000109203414468, 0.000142760371091, 0.000132888249937, 0.000100284101791, 6.06376561336e-05, 1.40991551234e-05],
        "dmean2": [0.00142006459646, 0.0105520896614, 0.0044444128871, 0.00273164035752, 0.00462339445949, 0.00231861369684, 0.00407318305224, 0.0019666235894, 0.00196853303351, 0.000430748448707, 0.000226582225878, 0.000746398058254, 0.000960021570791, 0.000306908652419, 0.000970640568994, 0.000161067277077, 0.000180487026228, 0.000143179029692, 0.000160444047651, 0.000184400822036, 0.000328770751366, 0.000167954756762, 0.000235234896536, 0.000215135791223, 0.000143385972478, 8.46202674438e-05, 2.12662271224e-05],
        "dvar": [1.25214328364e-05, 0.000385999155696, 9.18166406336e-05, 2.31903068197e-05, 2.0651754312e-05, 9.90991156868e-06, 3.58461802534e-05, 7.67472465668e-06, 1.45800177052e-05, 2.81320325257e-07, 1.05692812724e-07, 2.23896381613e-06, 3.50928985426e-06, 1.17159160595e-07, 2.21217214857e-06, 4.75164370073e-08, 9.57495558396e-08, 1.48091444885e-07, 7.84060745218e-08, 9.34794499585e-08, 3.18700784874e-07, 7.12063936703e-08, 1.30060911374e-07, 1.0421914709e-07, 8.36630178469e-08, 5.49935812444e-08, 5.24751930797e-09],
        "dvar2": [1.66301342688e-05, 0.000941683421843, 0.000235400599195, 6.8676788942e-05, 5.0970713346e-05, 2.34875515162e-05, 8.1124540884e-05, 1.68786064023e-05, 2.09832978726e-05, 6.22755408131e-07, 2.4202631721e-07, 6.51933942208e-06, 1.02073336166e-05, 2.72438938964e-07, 6.37638913759e-06, 1.2119413384e-07, 2.71393844287e-07, 3.40092640272e-07, 2.0729704886e-07, 2.42017165419e-07, 7.13348413228e-07, 1.30127801867e-07, 2.79342714293e-07, 1.99303173076e-07, 1.31665998993e-07, 7.47226209796e-08, 1.20851053609e-08],
        "max": [0.0466635636985, 0.190876275301, 0.0918277353048, 0.0647732615471, 0.0490180514753, 0.0450080186129, 0.0611771568656, 0.0357935391366, 0.0592043995857, 0.00817053206265, 0.00502759311348, 0.0111554907635, 0.0140495784581, 0.00572517514229, 0.00901325512677, 0.00147253891919, 0.00253487750888, 0.00858913548291, 0.00241514900699, 0.00334020191804, 0.00629308726639, 0.00397876510397, 0.00538862356916, 0.00437577208504, 0.00508533231914, 0.00623845169321, 0.00155512639321],
        "mean": [0.0027337865904, 0.0116538908333, 0.00385002605617, 0.00206028833054, 0.00808658543974, 0.00292113795877, 0.00392324710265, 0.00206379429437, 0.00281155086122, 0.000399221782573, 0.000212852683035, 0.000290389085421, 0.000406454812037, 0.000210765065276, 0.000351055787178, 9.85064034467e-05, 9.74299473455e-05, 9.92197092273e-05, 8.17768959678e-05, 9.81636840152e-05, 0.000203845906071, 0.000146245292854, 0.000170891682501, 0.000179425522219, 0.000165773250046, 9.36128926696e-05, 1.66092013387e-05],
        "median": [6.42911254545e-05, 0.00111373723485, 0.000487432844238, 0.000697214738466, 0.00552175473422, 0.00113869644701, 0.00102949189022, 0.000527901109308, 0.000387590494938, 0.000126012979308, 8.55032340041e-05, 4.144666309e-05, 8.90984156285e-05, 6.86853454681e-05, 6.36505574221e-05, 3.25841210724e-05, 3.38515055773e-05, 2.52892623394e-05, 1.79828566615e-05, 1.26532368085e-05, 1.74471169885e-05, 3.27949710481e-05, 3.25169530697e-05, 4.54155087937e-05, 4.61565177829e-05, 2.42445294134e-05, 1.80348183676e-06],
        "min": [1.60873824351e-24, 1.6651664107e-23, 3.80971657263e-24, 4.00255795965e-25, 1.59923168074e-23, 1.14726928677e-23, 2.59904172286e-23, 7.50148029614e-23, 8.94932594041e-23, 6.06231149073e-23, 1.01227022633e-22, 6.26679749023e-23, 1.553954378e-22, 7.08939576756e-23, 1.99616140248e-22, 1.41029397192e-22, 1.5379317926e-22, 3.02204231932e-22, 2.53126456093e-22, 5.39529968176e-22, 4.74635215644e-22, 4.70793803823e-22, 8.20575688453e-22, 1.13139607376e-21, 1.32202162307e-21, 1.54281301145e-21, 2.32111322747e-21],
        "stdev": [0.00765010900795, 0.0261735152453, 0.0113415541127, 0.0042575346306, 0.00792646221817, 0.00496819475666, 0.00695705646649, 0.00422373879701, 0.0069023873657, 0.000746971054468, 0.000402735371608, 0.00111995439511, 0.0014242969919, 0.0003852287482, 0.00111837557051, 0.000197653949726, 0.000246212264756, 0.000397281488404, 0.000250460434472, 0.000291229429422, 0.000653433904517, 0.000396408344386, 0.000493753992487, 0.000473610096378, 0.000424606783781, 0.000351543392753, 7.97047832748e-05],
        "var": [5.85241650697e-05, 0.000685052888002, 0.000128630839754, 1.81266022992e-05, 6.28287962172e-05, 2.46829604293e-05, 4.84006377519e-05, 1.78399695869e-05, 4.76429522678e-05, 5.5796573406e-07, 1.62195789244e-07, 1.25429778564e-06, 2.02862179322e-06, 1.48401184674e-07, 1.25076394397e-06, 3.90670820138e-08, 6.0620479303e-08, 1.57832587888e-07, 6.27304359568e-08, 8.48145731425e-08, 4.26975844903e-07, 1.57139567136e-07, 2.43793010668e-07, 2.24306532459e-07, 1.802909253e-07, 1.23582751144e-07, 6.35285202222e-09]
    },
    "erbbands": {
        "dmean": [0.294096469879, 1.34855651855, 3.33258271217, 4.01545858383, 6.07152318954, 12.3065881729, 10.5639982224, 14.0866737366, 29.2518043518, 45.4792671204, 23.4210758209, 38.6226615906, 14.6119117737, 4.9291100502, 5.83614301682, 19.8384075165, 24.5313415527, 9.8249206543, 26.9172210693, 14.2305879593, 4.55740308762, 5.50017023087, 5.01428699493, 6.00415802002, 3.09967184067, 4.81900215149, 10.144323349, 6.21076631546, 4.02819538116, 3.48922491074, 4.61374282837, 2.88184285164, 2.24285292625, 1.24893593788, 0.701613903046, 0.25742611289, 0.117269523442, 0.0340846404433, 0.00142745033372, 3.88105654565e-05],
        "dmean2": [0.411775350571, 2.04496359825, 5.06226682663, 7.10745382309, 10.0259456635, 19.4294490814, 17.0084972382, 21.7974472046, 45.8766326904, 69.8811721802, 33.3655929565, 49.3138160706, 21.1642169952, 7.6781539917, 9.2722196579, 37.2035179138, 45.8206863403, 16.0032730103, 50.7175598145, 26.3762111664, 7.51713991165, 9.70889091492, 8.01010036469, 10.3911170959, 4.96520709991, 7.98020029068, 17.4211483002, 9.34786605835, 6.24261808395, 5.44682455063, 7.70436239243, 4.71896457672, 3.56488728523, 1.80510258675, 0.99120169878, 0.357427805662, 0.165638566017, 0.0477569215, 0.00204149563797, 5.42502239114e-05],
        "dvar": [0.751768350601, 18.043132782, 135.755355835, 180.55406189, 119.681648254, 465.165008545, 277.526550293, 915.15637207, 5572.12939453, 11783.2744141, 3013.36669922, 8935.63964844, 1714.0234375, 116.568809509, 104.379241943, 5856.60253906, 8250.32617188, 480.787017822, 5990.79541016, 1425.47058105, 103.434692383, 281.326080322, 320.309936523, 429.535888672, 98.1472930908, 166.80380249, 893.9140625, 354.975982666, 104.156723022, 65.8506164551, 138.98374939, 52.3556556702, 29.2508220673, 11.5680828094, 4.84797000885, 0.821245014668, 0.255266696215, 0.0252295397222, 5.18646120327e-05, 1.41393101671e-08],
        "dvar2": [1.58332562447, 43.8896560669, 322.443939209, 531.128234863, 336.79095459, 1118.39099121, 651.796386719, 2149.31298828, 11724.4423828, 28387.8730469, 5653.74804688, 12640.1835938, 2998.29833984, 251.544754028, 238.572814941, 17077.1777344, 24041.6054688, 1222.15710449, 17173.59375, 4083.54760742, 243.274810791, 789.136962891, 738.861816406, 1127.59472656, 232.601257324, 426.293334961, 2315.85571289, 744.432250977, 204.129959106, 126.471603394, 306.600891113, 102.159942627, 53.9991035461, 19.4677066803, 8.36998176575, 1.27491891384, 0.40528652072, 0.0478403493762, 0.000109588290798, 2.77117191416e-08],
        "max": [10.884098053, 39.7998809814, 122.615608215, 188.95223999, 143.327056885, 257.601531982, 226.683532715, 404.214599609, 1016.34033203, 1435.94519043, 956.981201172, 1311.39685059, 1104.37487793, 151.126159668, 146.079879761, 547.623962402, 683.744934082, 307.281524658, 538.563232422, 230.55456543, 89.6921310425, 137.172912598, 418.486663818, 361.558288574, 175.282714844, 128.500457764, 226.064910889, 240.702667236, 150.249526978, 148.560394287, 183.46987915, 116.378051758, 66.0675125122, 43.2879943848, 51.639793396, 23.2295417786, 13.9378261566, 3.3770210743, 0.159568995237, 0.00247721606866],
        "mean": [0.46770554781, 2.05628299713, 5.17759895325, 5.09555673599, 11.2155704498, 33.0865020752, 29.2818336487, 26.7403354645, 46.3714447021, 64.0376663208, 44.8450622559, 68.3771057129, 26.9683361053, 7.98567199707, 8.7008228302, 14.4863567352, 19.191400528, 11.0044517517, 18.7195949554, 11.6792907715, 5.20760345459, 5.33801698685, 5.53911495209, 5.14098930359, 3.42736053467, 4.44930505753, 8.62625026703, 6.95897531509, 5.1500043869, 4.95327711105, 5.16675615311, 3.56577563286, 3.17845797539, 2.00930786133, 1.10371661186, 0.409267812967, 0.173714578152, 0.0455380231142, 0.0017747405218, 8.52847952046e-05],
        "median": [0.0378337353468, 0.218850508332, 0.543441534042, 1.8493142128, 6.77864789963, 20.2405662537, 17.7380046844, 11.0248451233, 12.2848320007, 24.1843032837, 10.4318857193, 10.8727960587, 6.23850154877, 3.34032440186, 4.18683719635, 2.67802166939, 4.41143989563, 3.12069964409, 2.86655759811, 3.6163790226, 1.86340582371, 1.86254537106, 1.70284605026, 1.05678832531, 0.811813533306, 0.634053051472, 0.738517940044, 0.649884104729, 0.996490001678, 1.1684807539, 0.822945773602, 0.606736004353, 0.879739999771, 0.572404563427, 0.305045932531, 0.119883097708, 0.0396002493799, 0.00712240254506, 0.000241429981543, 5.00891146658e-05],
        "min": [5.13831883867e-22, 3.76016798252e-21, 4.34557032593e-21, 3.03250450819e-21, 8.28765503531e-21, 9.23460881563e-20, 7.50520098321e-20, 1.0601038163e-19, 2.76952942081e-19, 1.17890111773e-18, 1.28922871008e-18, 2.04759978639e-18, 2.35119905943e-18, 1.66041308526e-18, 4.66943621222e-18, 2.98926964034e-18, 7.14415711855e-18, 3.59341981908e-18, 7.57065971419e-18, 9.78770393354e-18, 7.65041895039e-18, 7.5766708357e-18, 1.29648740607e-17, 1.67980811316e-17, 1.46175618994e-17, 2.60012893182e-17, 1.82856579298e-17, 1.79639260306e-17, 1.71280682934e-17, 2.01644266377e-17, 2.58333021706e-17, 2.32552382817e-17, 1.79853086494e-17, 1.26999520987e-17, 9.91892538437e-18, 6.01079767021e-18, 2.98091511616e-18, 1.39649666473e-18, 3.23523288116e-19, 3.21341638024e-20],
        "stdev": [1.29100179672, 5.17070198059, 15.5455989838, 11.1004886627, 13.1720409393, 36.5712394714, 31.0364151001, 45.8106994629, 92.354385376, 117.612701416, 99.1212615967, 161.080825806, 80.6473083496, 13.8554601669, 12.9581413269, 56.9230995178, 68.4189910889, 23.1541233063, 58.8038368225, 29.2260112762, 9.9783115387, 13.4985990524, 19.1367321014, 18.0343799591, 10.937212944, 12.5325527191, 27.9923973083, 24.0252380371, 14.504242897, 12.3239564896, 15.5678853989, 10.4102325439, 8.06051921844, 5.14455270767, 2.96254110336, 1.28403532505, 0.724734187126, 0.200021579862, 0.00828855670989, 0.000155229019583],
        "var": [1.66668558121, 26.7361602783, 241.665649414, 123.220855713, 173.502670288, 1337.45544434, 963.259094238, 2098.62011719, 8529.33300781, 13832.7470703, 9825.02441406, 25947.0332031, 6503.98779297, 191.973770142, 167.913421631, 3240.23925781, 4681.15869141, 536.113464355, 3457.89135742, 854.159790039, 99.566696167, 182.212188721, 366.214508057, 325.238861084, 119.622634888, 157.064880371, 783.574279785, 577.212036133, 210.373062134, 151.87991333, 242.359054565, 108.372947693, 64.9719696045, 26.4664211273, 8.7766494751, 1.6487467289, 0.525239646435, 0.0400086306036, 6.87001738697e-05, 2.40960478237e-08]
    },
    "gfcc": {
        "mean": [-9.76596355438, 99.1656570435, -75.2788238525, 16.6409111023, -64.2822265625, 11.42029953, -48.7371253967, 6.18352842331, -20.5209846497, 7.13792037964, -17.148109436, 2.05175375938, -9.67693042755],
        "cov": [[5193.61816406, -2079.33349609, 213.678314209, -97.3846817017, -667.072631836, 330.033630371, -77.2657928467, 456.443115234, -7.10955429077, 358.958190918, -283.307281494, 146.510070801, -330.291015625], [-2079.33349609, 2145.98901367, -39.8702278137, -181.819854736, 472.427978516, -227.577056885, 55.1804733276, -221.320236206, 93.1802368164, -212.056503296, 160.668045044, -111.691680908, 133.821487427], [213.678314209, -39.8702278137, 758.505432129, -97.9493408203, -35.4902229309, 69.895362854, -36.9922409058, 174.481674194, 29.6285495758, 100.047950745, -33.9420318604, 78.0597763062, -59.1130523682], [-97.3846817017, -181.819854736, -97.9493408203, 532.076843262, -7.26963472366, 76.2984313965, 16.3826446533, -114.790618896, 12.4617815018, -68.0946426392, 99.8635253906, -45.455280304, 92.1510162354], [-667.072631836, 472.427978516, -35.4902229309, -7.26963472366, 419.766448975, -61.4294624329, 40.1971130371, -64.7807159424, -28.7309894562, -11.1435050964, 33.478603363, -18.8244171143, 47.3625984192], [330.033630371, -227.577056885, 69.895362854, 76.2984313965, -61.4294624329, 231.293121338, 22.5232524872, 24.0625419617, 10.7561578751, 18.9129199982, 3.30186772346, 2.35119700432, -10.003865242], [-77.2657928467, 55.1804733276, -36.9922409058, 16.3826446533, 40.1971130371, 22.5232524872, 143.598144531, 14.230550766, 21.1356067657, 5.62194252014, 15.714838028, -9.35681915283, -10.4513120651], [456.443115234, -221.320236206, 174.481674194, -114.790618896, -64.7807159424, 24.0625419617, 14.230550766, 221.206710815, 21.8655395508, 77.6879501343, -48.5968894958, 46.722328186, -82.2397232056], [-7.10955429077, 93.1802368164, 29.6285495758, 12.4617815018, -28.7309894562, 10.7561578751, 21.1356067657, 21.8655395508, 144.441207886, 11.0948162079, -3.15985393524, -27.7435398102, 0.818537354469], [358.958190918, -212.056503296, 100.047950745, -68.0946426392, -11.1435050964, 18.9129199982, 5.62194252014, 77.6879501343, 11.0948162079, 147.384307861, -19.4217147827, 31.1363162994, -54.0206031799], [-283.307281494, 160.668045044, -33.9420318604, 99.8635253906, 33.478603363, 3.30186772346, 15.714838028, -48.5968894958, -3.15985393524, -19.4217147827, 120.864936829, 7.03848934174, 32.9444236755], [146.510070801, -111.691680908, 78.0597763062, -45.455280304, -18.8244171143, 2.35119700432, -9.35681915283, 46.722328186, -27.7435398102, 31.1363162994, 7.03848934174, 88.8293380737, -5.7600812912], [-330.291015625, 133.821487427, -59.1130523682, 92.1510162354, 47.3625984192, -10.003865242, -10.4513120651, -82.2397232056, 0.818537354469, -54.0206031799, 32.9444236755, -5.7600812912, 115.363220215]],
        "icov": [[0.000434884132119, 0.000119857380923, 0.000158694776474, -0.000174347544089, 0.000310019648168, -0.000342274783179, 0.000209596779314, -0.000273920653854, -2.01608622774e-06, -0.000500117312185, 0.000624185719062, -0.000392712216126, 0.00056137109641], [0.000119857380923, 0.00158412742894, -0.000509279139806, 0.00136532308534, -0.00115910067689, 0.000654089788441, -0.000236754975049, 0.000616253761109, -0.00128268974368, 0.00186396820936, -0.002250055084, 0.00143321941141, -0.000299497449305], [0.000158694776474, -0.000509279139806, 0.0020723217167, -0.000553618534468, 0.000299579114653, -0.000909420894459, 0.00093090638984, -0.00142129382584, -4.31920780102e-05, -0.00126290041953, 0.00111762550659, -0.00170522253029, 0.00042312007281], [-0.000174347544089, 0.00136532308534, -0.000553618534468, 0.00423267716542, -0.000871112570167, -0.000123229416204, -0.000506743439473, 0.00106202927418, -0.00107236136682, 0.00217783707194, -0.00437192898244, 0.00296458695084, -0.00226557068527], [0.000310019648168, -0.00115910067689, 0.000299579114653, -0.000871112570167, 0.00419277977198, -9.5354145742e-05, -0.000793337123469, -0.000246428506216, 0.00193609157577, -0.00260767014697, 0.00174890446942, -0.000402679870604, -0.000650025554933], [-0.000342274783179, 0.000654089788441, -0.000909420894459, -0.000123229416204, -9.5354145742e-05, 0.00577057851478, -0.00135063938797, 0.000429277366493, -0.000405512488214, 0.000792892125901, -0.00141701381654, 0.00125464820303, -0.000541580375284], [0.000209596779314, -0.000236754975049, 0.00093090638984, -0.000506743439473, -0.000793337123469, -0.00135063938797, 0.00837357435375, -0.00148895080201, -0.00106048968155, -0.000506855023559, -0.000465865217848, -0.000203714240342, 0.00155530497432], [-0.000273920653854, 0.000616253761109, -0.00142129382584, 0.00106202927418, -0.000246428506216, 0.000429277366493, -0.00148895080201, 0.00949442200363, -0.00203306367621, 3.25471519318e-05, 0.000495716172736, -0.00265704793856, 0.00345156691037], [-2.01608622774e-06, -0.00128268974368, -4.31920780102e-05, -0.00107236136682, 0.00193609157577, -0.000405512488214, -0.00106048968155, -0.00203306367621, 0.00955969374627, -0.00277649215423, 0.00146097387187, 0.002991667483, -0.00169462198392], [-0.000500117312185, 0.00186396820936, -0.00126290041953, 0.00217783707194, -0.00260767014697, 0.000792892125901, -0.000506855023559, 3.25471519318e-05, -0.00277649215423, 0.0128234261647, -0.00362139800563, -0.000184682779945, 0.00218521361239], [0.000624185719062, -0.002250055084, 0.00111762550659, -0.00437192898244, 0.00174890446942, -0.00141701381654, -0.000465865217848, 0.000495716172736, 0.00146097387187, -0.00362139800563, 0.0159290209413, -0.00642817793414, 0.00135639274959], [-0.000392712216126, 0.00143321941141, -0.00170522253029, 0.00296458695084, -0.000402679870604, 0.00125464820303, -0.000203714240342, -0.00265704793856, 0.002991667483, -0.000184682779945, -0.00642817793414, 0.0191657822579, -0.00498228566721], [0.00056137109641, -0.000299497449305, 0.00042312007281, -0.00226557068527, -0.000650025554933, -0.000541580375284, 0.00155530497432, 0.00345156691037, -0.00169462198392, 0.00218521361239, 0.00135639274959, -0.00498228566721, 0.0158699732274]]
    },
    "melbands": {
        "dmean": [0.00220309337601, 0.00162408908363, 0.000703256577253, 0.000608130125329, 0.000440119125415, 0.00031684251735, 0.000464772194391, 0.000454427528894, 0.000222524788114, 0.000222253016545, 7.16927534086e-05, 1.95995016838e-05, 2.1073527023e-05, 2.96327289107e-05, 7.58848400437e-05, 3.78908480343e-05, 1.5669653294e-05, 4.22995944973e-05, 3.11186558974e-05, 1.04662794911e-05, 5.34754371984e-06, 6.33711397313e-06, 4.49279241366e-06, 4.65301491204e-06, 5.25428322362e-06, 2.43002614297e-06, 1.91250046555e-06, 3.69793315258e-06, 6.35256583337e-06, 5.26270832779e-06, 3.21985680785e-06, 2.28302019423e-06, 2.34263734455e-06, 1.83341319371e-06, 2.74045783044e-06, 2.15477302845e-06, 1.75190916707e-06, 1.69100746916e-06, 1.33833862037e-06, 1.0440035112e-06],
        "dmean2": [0.00313122756779, 0.00241338065825, 0.00123203580733, 0.00096681190189, 0.00070186087396, 0.000489249126986, 0.000728519808035, 0.000694474379998, 0.000300886982586, 0.000285147805698, 0.000106455940113, 3.07380287268e-05, 3.27816669596e-05, 5.39860520803e-05, 0.000143777666381, 6.93948604749e-05, 2.54140923062e-05, 7.95294981799e-05, 5.92794349359e-05, 1.86000197573e-05, 8.8872257038e-06, 1.14115127872e-05, 7.3263458944e-06, 7.43793725633e-06, 9.29799807636e-06, 3.96218729293e-06, 3.02075886793e-06, 6.22391098659e-06, 1.09078200694e-05, 8.67619019118e-06, 4.89552712679e-06, 3.57033104592e-06, 3.61015577255e-06, 2.91529727292e-06, 4.60653154732e-06, 3.49200308847e-06, 2.92251115752e-06, 2.71040266853e-06, 2.07532798413e-06, 1.48622712004e-06],
        "dvar": [3.62680584658e-05, 2.91991000267e-05, 4.64589948024e-06, 9.78532966656e-07, 4.86672433908e-07, 4.85508849124e-07, 1.2581123201e-06, 1.09942516247e-06, 2.52908222365e-07, 3.00170256651e-07, 4.62992453265e-08, 2.1420338836e-09, 2.03408956345e-09, 9.28844823278e-09, 9.22290439576e-08, 1.74813337139e-08, 1.19648557728e-09, 1.41607943149e-08, 8.30853785772e-09, 6.25255791586e-10, 1.72716577151e-10, 4.39564301624e-10, 1.69001937445e-10, 4.28216045956e-10, 3.38619465801e-10, 4.97545719902e-11, 4.91114995893e-11, 1.03849054356e-10, 3.48534756611e-10, 2.26456520203e-10, 1.12799519725e-10, 3.96497452926e-11, 2.68472327702e-11, 2.05556006244e-11, 5.23975619837e-11, 3.1199487438e-11, 2.05418165117e-11, 1.63361130179e-11, 1.13601550042e-11, 8.29723095785e-12],
        "dvar2": [8.28462289064e-05, 6.85643535689e-05, 1.36084909172e-05, 2.39454334405e-06, 1.14568297249e-06, 1.16896535474e-06, 2.68962344308e-06, 2.64329537458e-06, 4.41994586708e-07, 4.3812181616e-07, 8.08292668353e-08, 4.67294469786e-09, 4.52384885108e-09, 2.68368367529e-08, 2.69583438239e-07, 5.06266921718e-08, 2.94860957872e-09, 4.05380191637e-08, 2.39734934127e-08, 1.75900116695e-09, 4.45012998673e-10, 1.25559296293e-09, 4.19820705977e-10, 9.70407976197e-10, 9.13290221227e-10, 1.1881591544e-10, 1.21002236009e-10, 2.73497807735e-10, 9.23879195369e-10, 5.19462362014e-10, 2.41954678515e-10, 8.58538448667e-11, 5.18000121963e-11, 4.42089420627e-11, 1.21895396554e-10, 6.06886346732e-11, 4.43837917807e-11, 3.00876754067e-11, 2.19786567418e-11, 1.42522478194e-11],
        "max": [0.0708038136363, 0.0543619543314, 0.0283958073705, 0.0120028369129, 0.00892029609531, 0.0104085151106, 0.0140227368101, 0.0133831007406, 0.00750310067087, 0.00762423267588, 0.00571386143565, 0.000679332530126, 0.000718841911294, 0.000700971519109, 0.00220146216452, 0.000968073785771, 0.000659455661662, 0.000854701676872, 0.000475336011732, 0.000168395461515, 0.000119894451927, 0.000172279920662, 0.000322974141454, 0.000481272290926, 0.000274833466392, 0.000124838363263, 0.000123958860058, 8.06355383247e-05, 0.000148288425407, 0.000172655796632, 0.000168261598446, 9.51886540861e-05, 0.000100126213511, 6.95034323144e-05, 0.000106436724309, 8.67181661306e-05, 8.06089519756e-05, 4.89208323415e-05, 4.11535656895e-05, 4.06332183047e-05],
        "mean": [0.00370077742264, 0.00262916157953, 0.00105572491884, 0.00155186175834, 0.00129698216915, 0.000587504880968, 0.000732359592803, 0.000640663260128, 0.000399329903303, 0.000397805881221, 0.000122300509247, 2.91292326438e-05, 3.1519910408e-05, 2.54303267866e-05, 5.31138248334e-05, 3.19450045936e-05, 1.83598895092e-05, 2.97300157399e-05, 2.15274449147e-05, 9.87878411252e-06, 5.59543286727e-06, 5.69128087591e-06, 5.02233478983e-06, 4.9882132771e-06, 4.18069748775e-06, 2.54691371993e-06, 2.19008165914e-06, 3.16165437653e-06, 5.15251576871e-06, 5.13102759214e-06, 3.67223083231e-06, 2.70250734502e-06, 3.07155778501e-06, 2.59073499365e-06, 3.01914337797e-06, 2.50070365837e-06, 2.08842516258e-06, 2.28041039918e-06, 1.98305588128e-06, 1.60269200933e-06],
        "median": [0.000343266379787, 0.000296554062515, 0.000535908795428, 0.00103650323581, 0.000814253464341, 0.00023333937861, 0.000197051878786, 0.000235553379753, 6.79846270941e-05, 5.96698373556e-05, 2.40448644035e-05, 1.15613538583e-05, 1.3361942365e-05, 6.12201301919e-06, 1.01196019386e-05, 6.61983222017e-06, 5.68096993447e-06, 4.72907959193e-06, 4.26903488915e-06, 3.63831895811e-06, 1.95956727111e-06, 1.7807229824e-06, 1.93195319298e-06, 1.17322565529e-06, 7.57087605052e-07, 6.34357036233e-07, 3.94071747678e-07, 4.06902415762e-07, 4.2401313749e-07, 4.27156891192e-07, 3.08932982307e-07, 4.35231214624e-07, 7.61610351674e-07, 6.42986663024e-07, 4.78151889638e-07, 2.63114003474e-07, 3.74801601311e-07, 5.64054289498e-07, 5.74781665819e-07, 3.97205724312e-07],
        "min": [5.0944893639e-24, 2.98196147213e-24, 5.61103942894e-25, 3.27316868643e-24, 3.27761056497e-24, 2.27208092631e-24, 4.61900581986e-24, 1.45410415115e-23, 1.10976415721e-23, 1.31851915638e-23, 1.18520103231e-23, 6.19362859023e-24, 1.72961839769e-23, 7.75144112915e-24, 1.35868464046e-23, 1.25088537781e-23, 6.03532511137e-24, 9.70616508822e-24, 1.81056294186e-23, 1.06433917971e-23, 8.45401011767e-24, 8.01682419286e-24, 8.01482048616e-24, 1.69103315978e-23, 1.31219414853e-23, 9.65031689158e-24, 1.62061612216e-23, 1.70051132356e-23, 1.01824729919e-23, 1.24040039086e-23, 9.84594729632e-24, 1.03580789514e-23, 8.21234336822e-24, 1.20693399248e-23, 1.43247153409e-23, 1.54596148154e-23, 1.35142207142e-23, 1.20135501038e-23, 1.24026391793e-23, 1.0168452567e-23],
        "stdev": [0.00881624035537, 0.00722661335021, 0.00186202407349, 0.00164377270266, 0.00136406114325, 0.0010173888877, 0.00138585362583, 0.00114877137821, 0.000860862783156, 0.000963996979408, 0.000409708998632, 5.71267300984e-05, 5.72284916416e-05, 7.48899983591e-05, 0.000224394490942, 0.00010363839101, 3.85034509236e-05, 9.0803441708e-05, 6.82766112732e-05, 2.05256674235e-05, 1.19519518194e-05, 1.62662636285e-05, 1.30073367473e-05, 2.14331375901e-05, 1.53249529831e-05, 7.61958108342e-06, 7.70554288465e-06, 9.30549140321e-06, 1.68581227626e-05, 1.70306484506e-05, 1.32867926368e-05, 8.29305190564e-06, 7.71972645452e-06, 6.54853783999e-06, 9.25239510252e-06, 7.89154819358e-06, 6.11310497334e-06, 5.92972901359e-06, 4.99556927025e-06, 4.23436949859e-06],
        "var": [7.77261011535e-05, 5.22239424754e-05, 3.46713386534e-06, 2.70198870567e-06, 1.86066290553e-06, 1.03508011762e-06, 1.92059019355e-06, 1.31967556172e-06, 7.41084704714e-07, 9.29290138174e-07, 1.67861458067e-07, 3.26346349944e-09, 3.27510019105e-09, 5.60851143305e-09, 5.03528845286e-08, 1.07409166006e-08, 1.48251577681e-09, 8.24526491527e-09, 4.66169591817e-09, 4.21303020248e-10, 1.42849163054e-10, 2.64591321075e-10, 1.69190800259e-10, 4.59379395634e-10, 2.34854163894e-10, 5.80580132581e-11, 5.93753865519e-11, 8.65921709337e-11, 2.84196333133e-10, 2.9004296187e-10, 1.76538852981e-10, 6.87747150896e-11, 5.95941698767e-11, 4.28833461796e-11, 8.56068133048e-11, 6.22765380931e-11, 3.73700514977e-11, 3.51616860628e-11, 2.49557111087e-11, 1.7929886742e-11]
    },
    "melbands128": {
