{
"lowlevel": {
    "average_loudness": 0.980913937092,
    "barkbands_crest": {
        "dmean": 2.03959989548,
        "dmean2": 3.28484487534,
        "dvar": 4.04834938049,
        "dvar2": 9.99279975891,
        "max": 22.2328643799,
        "mean": 8.67527484894,
        "median": 8.24981880188,
        "min": 3.14176440239,
        "stdev": 3.02346372604,
        "var": 9.14133262634
    },
    "barkbands_flatness_db": {
        "dmean": 0.0147720966488,
        "dmean2": 0.023694941774,
        "dvar": 0.000238766908296,
        "dvar2": 0.000635535398033,
        "max": 0.220252513885,
        "mean": 0.101005464792,
        "median": 0.0990048423409,
        "min": 0.0312604121864,
        "stdev": 0.0256231203675,
        "var": 0.000656544289086
    },
    "barkbands_kurtosis": {
        "dmean": 1.65251588821,
        "dmean2": 2.79708743095,
        "dvar": 13.7892904282,
        "dvar2": 39.9848022461,
        "max": 49.5003623962,
        "mean": 1.60052776337,
        "median": 0.704714298248,
        "min": -1.78870391846,
        "stdev": 3.8146750927,
        "var": 14.5517454147
    },
    "barkbands_skewness": {
        "dmean": 0.414838522673,
        "dmean2": 0.669934868813,
        "dvar": 0.283340543509,
        "dvar2": 0.720602810383,
        "max": 6.2717051506,
        "mean": 1.13457047939,
        "median": 1.04776895046,
        "min": -1.71475243568,
        "stdev": 0.851731181145,
        "var": 0.725446045399
    },
    "barkbands_spread": {
        "dmean": 4.98846101761,
        "dmean2": 7.89240884781,
        "dvar": 36.3969650269,
        "dvar2": 79.6650695801,
        "max": 97.1376953125,
        "mean": 25.8085308075,
        "median": 23.7894992828,
        "min": 3.54046416283,
        "stdev": 11.1691389084,
        "var": 124.749664307
    },
    "dissonance": {
        "dmean": 0.0161265172064,
        "dmean2": 0.0269881375134,
        "dvar": 0.000503508723341,
        "dvar2": 0.00122186809313,
        "max": 0.49949991703,
        "mean": 0.470539569855,
        "median": 0.475662916899,
        "min": 0.0247135404497,
        "stdev": 0.0243631172925,
        "var": 0.000593561504502
    },
    "dynamic_complexity": 1.67152678967,
    "erbbands_crest": {
        "dmean": 2.39423680305,
        "dmean2": 3.91780948639,
        "dvar": 4.89718294144,
        "dvar2": 11.8262214661,
        "max": 26.6061286926,
        "mean": 8.91105747223,
        "median": 7.5122961998,
        "min": 2.65381240845,
        "stdev": 4.67199230194,
        "var": 21.8275108337
    },
    "erbbands_flatness_db": {
        "dmean": 0.0125230178237,
        "dmean2": 0.0183100160211,
        "dvar": 0.000137205264764,
        "dvar2": 0.000264494097792,
        "max": 0.229622900486,
        "mean": 0.140175834298,
        "median": 0.135371908545,
        "min": 0.0654929727316,
        "stdev": 0.0308334808797,
        "var": 0.000950703572016
    },
    "erbbands_kurtosis": {
        "dmean": 0.719854712486,
        "dmean2": 1.15431833267,
        "dvar": 0.626124799252,
        "dvar2": 1.53631639481,
        "max": 9.34177017212,
        "mean": 0.521389842033,
        "median": 0.117093801498,
        "min": -1.49664461613,
        "stdev": 1.39200294018,
        "var": 1.93767225742
    },
    "erbbands_skewness": {
        "dmean": 0.300158530474,
        "dmean2": 0.470889478922,
        "dvar": 0.0644335821271,
        "dvar2": 0.159726753831,
        "max": 2.53170180321,
        "mean": 0.154478028417,
        "median": 0.10188780725,
        "min": -1.79118573666,
        "stdev": 0.665570676327,
        "var": 0.442984342575
    },
    "erbbands_spread": {
        "dmean": 6.40977239609,
        "dmean2": 9.7314453125,
        "dvar": 47.1098213196,
        "dvar2": 108.888565063,
        "max": 111.01360321,
        "mean": 34.3073120117,
        "median": 32.4331474304,
        "min": 8.24356079102,
        "stdev": 15.0234470367,
        "var": 225.703964233
    },
    "hfc": {
        "dmean": 6.42605018616,
        "dmean2": 9.761302948,
        "dvar": 54.6071434021,
        "dvar2": 122.810951233,
        "max": 97.3950119019,
        "mean": 30.1950855255,
        "median": 29.3379249573,
        "min": 1.13901565974e-16,
        "stdev": 14.0429573059,
        "var": 197.204650879
    },
    "loudness_ebu128": {
        "integrated": -7.80213737488,
        "loudness_range": 1.07821941376,
        "momentary": {
            "dmean": 0.291278839111,
            "dmean2": 0.317271590233,
            "dvar": 0.0607581660151,
            "dvar2": 0.0707759782672,
            "max": -6.25718212128,
            "mean": -7.88691997528,
            "median": -7.73096847534,
            "min": -10.3056278229,
            "stdev": 0.876785457134,
            "var": 0.76875269413
        },
        "short_term": {
            "dmean": 0.0440368577838,
            "dmean2": 0.0381138809025,
            "dvar": 0.00111790432129,
            "dvar2": 0.00105691736098,
            "max": -7.11210155487,
            "mean": -7.80685853958,
            "median": -7.78283262253,
            "min": -9.3853969574,
            "stdev": 0.429082453251,
            "var": 0.184111744165
        }
    },
    "melbands_crest": {
        "dmean": 2.71863937378,
        "dmean2": 4.4216375351,
        "dvar": 7.8138923645,
        "dvar2": 18.6627063751,
        "max": 28.1962108612,
        "mean": 14.5560121536,
        "median": 13.7063884735,
        "min": 2.658826828,
        "stdev": 5.27385663986,
        "var": 27.8135643005
    },
    "melbands_flatness_db": {
        "dmean": 0.0189214721322,
        "dmean2": 0.0295996256173,
        "dvar": 0.000449035753263,
        "dvar2": 0.0011163103627,
        "max": 0.333334118128,
        "mean": 0.17120808363,
        "median": 0.168586015701,
        "min": 0.00683477288112,
        "stdev": 0.0369085259736,
        "var": 0.00136223935988
    },
    "melbands_kurtosis": {
        "dmean": 4.54622650146,
        "dmean2": 7.55816650391,
        "dvar": 106.879570007,
        "dvar2": 303.009857178,
        "max": 136.277359009,
        "mean": 7.70596170425,
        "median": 4.55523872375,
        "min": -1.45224034786,
        "stdev": 11.1698503494,
        "var": 124.765548706
    },
    "melbands_skewness": {
        "dmean": 0.58597111702,
        "dmean2": 0.928357005119,
        "dvar": 0.606327235699,
        "dvar2": 1.53256249428,
        "max": 9.45192050934,
        "mean": 2.15913629532,
        "median": 1.98714482784,
        "min": -0.527913093567,
        "stdev": 1.34711587429,
        "var": 1.81472122669
    },
    "melbands_spread": {
        "dmean": 5.94058609009,
        "dmean2": 9.33417987823,
        "dvar": 46.4272232056,
        "dvar2": 99.3559417725,
        "max": 120.454803467,
        "mean": 26.6557846069,
        "median": 25.097328186,
        "min": 2.06659221649,
        "stdev": 11.7054758072,
        "var": 137.018157959
    },
    "pitch_salience": {
        "dmean": 0.0581648685038,
        "dmean2": 0.095094896853,
        "dvar": 0.0031348427292,
        "dvar2": 0.00810462795198,
        "max": 0.975373446941,
        "mean": 0.526079118252,
        "median": 0.523981630802,
        "min": 0.23144325614,
        "stdev": 0.0894367918372,
        "var": 0.00799893960357
    },
    "silence_rate_20dB": {
        "dmean": 0,
        "dmean2": 0,
        "dvar": 0,
        "dvar2": 0,
        "max": 1,
        "mean": 1,
        "median": 1,
        "min": 1,
        "stdev": 0,
        "var": 0
    },
    "silence_rate_30dB": {
        "dmean": 0,
        "dmean2": 0,
        "dvar": 0,
        "dvar2": 0,
        "max": 1,
        "mean": 1,
        "median": 1,
        "min": 1,
        "stdev": 0,
        "var": 0
    },
    "silence_rate_60dB": {
        "dmean": 0.000773993786424,
        "dmean2": 0.00154918665066,
        "dvar": 0.000773391744588,
        "dvar2": 0.00154677091632,
        "max": 1,
        "mean": 0.00154679035768,
        "median": 0,
        "min": 0,
        "stdev": 0.0392987206578,
        "var": 0.00154438940808
    },
    "spectral_centroid": {
        "dmean": 210.818862915,
        "dmean2": 327.07623291,
        "dvar": 113881.484375,
        "dvar2": 185032.5,
        "max": 11017.0078125,
        "mean": 1461.16162109,
        "median": 1401.30578613,
        "min": 402.614562988,
        "stdev": 468.978851318,
        "var": 219941.171875
    },
    "spectral_complexity": {
        "dmean": 3.41253876686,
        "dmean2": 5.3462433815,
        "dvar": 8.41882133484,
        "dvar2": 18.0063552856,
        "max": 51,
        "mean": 27.9837589264,
        "median": 28,
        "min": 0,
        "stdev": 5.48277711868,
        "var": 30.0608444214
    },
    "spectral_decrease": {
        "dmean": 2.82238721283e-09,
        "dmean2": 4.72340744295e-09,
        "dvar": 2.21683626614e-17,
        "dvar2": 6.11804949485e-17,
        "max": 4.03258494178e-29,
        "mean": -1.00080228549e-08,
        "median": -9.40475342048e-09,
        "min": -4.29368007815e-08,
        "stdev": 4.95038232629e-09,
        "var": 2.45062844381e-17
    },
    "spectral_energy": {
        "dmean": 0.0110175628215,
        "dmean2": 0.0183914843947,
        "dvar": 0.000323213374941,
        "dvar2": 0.00088816153584,
        "max": 0.16491574049,
        "mean": 0.0405114218593,
        "median": 0.0379136055708,
        "min": 1.01790107761e-20,
        "stdev": 0.0192386228591,
        "var": 0.000370124616893
    },
    "spectral_energyband_high": {
        "dmean": 0.000322197418427,
        "dmean2": 0.000460279668914,
        "dvar": 5.31457544639e-07,
        "dvar2": 1.16798685212e-06,
        "max": 0.0100648505613,
        "mean": 0.000906816858333,
        "median": 0.000631241069641,
        "min": 7.47358248897e-21,
        "stdev": 0.00107540481258,
        "var": 1.15649538657e-06
    },
    "spectral_energyband_low": {
        "dmean": 0.00695364084095,
        "dmean2": 0.0121443243697,
        "dvar": 0.00027859173133,
        "dvar2": 0.000801972870249,
        "max": 0.148745879531,
        "mean": 0.0164820123464,
        "median": 0.013783142902,
        "min": 5.60805067163e-23,
        "stdev": 0.0154963228852,
        "var": 0.000240136010689
    },
    "spectral_energyband_middle_high": {
        "dmean": 0.00264478451572,
        "dmean2": 0.00402849074453,
        "dvar": 8.86085490492e-06,
        "dvar2": 1.87069908861e-05,
        "max": 0.0406419783831,
        "mean": 0.00948586687446,
        "median": 0.00768864154816,
        "min": 1.51841057753e-21,
        "stdev": 0.0067220213823,
        "var": 4.51855703432e-05
    },
    "spectral_energyband_middle_low": {
        "dmean": 0.00585681665689,
        "dmean2": 0.00929250754416,
        "dvar": 7.02579854988e-05,
        "dvar2": 0.000155158908456,
        "max": 0.0812500119209,
        "mean": 0.0158970002085,
        "median": 0.012758099474,
        "min": 2.756629626e-22,
        "stdev": 0.012276886031,
        "var": 0.000150721927639
    },
    "spectral_entropy": {
        "dmean": 0.0970951616764,
        "dmean2": 0.144558429718,
        "dvar": 0.0102163311094,
        "dvar2": 0.0183784738183,
        "max": 9.78571605682,
        "mean": 7.7662396431,
        "median": 7.74589252472,
        "min": 7.2634806633,
        "stdev": 0.21411202848,
        "var": 0.04584396258
    },
    "spectral_flux": {
        "dmean": 0.0266362484545,
        "dmean2": 0.0433830171824,
        "dvar": 0.00112416176125,
        "dvar2": 0.00235191476531,
        "max": 0.348755180836,
        "mean": 0.0982943400741,
        "median": 0.0875288322568,
        "min": 1.00891087151e-10,
        "stdev": 0.0437665395439,
        "var": 0.00191551004536
    },
    "spectral_kurtosis": {
        "dmean": 0.927598118782,
        "dmean2": 1.55818748474,
        "dvar": 0.800539195538,
        "dvar2": 2.03300738335,
        "max": 13.0343990326,
        "mean": 4.23657035828,
        "median": 4.25199985504,
        "min": -1.25514924526,
        "stdev": 1.47061705589,
        "var": 2.16271448135
    },
    "spectral_rms": {
        "dmean": 0.000792055390775,
        "dmean2": 0.00128320942167,
        "dvar": 1.16819012419e-06,
        "dvar2": 3.03556112158e-06,
        "max": 0.0126843769103,
        "mean": 0.00613003131002,
        "median": 0.00608184887096,
        "min": 3.1513079906e-12,
        "stdev": 0.00139501295052,
        "var": 1.94606127479e-06
    },
    "spectral_rolloff": {
        "dmean": 445.497283936,
        "dmean2": 733.08013916,
        "dvar": 821763.3125,
        "dvar2": 1595659.375,
        "max": 18755.4199219,
        "mean": 1500.6619873,
        "median": 1313.52539062,
        "min": 107.666015625,
        "stdev": 1203.4979248,
        "var": 1448407.375
    },
    "spectral_skewness": {
        "dmean": 0.142834946513,
        "dmean2": 0.231380537152,
        "dvar": 0.0214524306357,
        "dvar2": 0.0460841953754,
        "max": 2.93119978905,
        "mean": 1.5715597868,
        "median": 1.59150409698,
        "min": -0.0462766587734,
        "stdev": 0.262700438499,
        "var": 0.0690115168691
    },
    "spectral_spread": {
        "dmean": 411185.78125,
        "dmean2": 559266.875,
        "dvar": 914047762432,
        "dvar2": 750805188608,
        "max": 40886968,
        "mean": 4571118,
        "median": 4374545,
        "min": 2478358.25,
        "stdev": 1486541.625,
        "var": 2.2098060247e+12
    },
    "spectral_strongpeak": {
        "dmean": 0.652675449848,
        "dmean2": 1.10319781303,
        "dvar": 1.09030735493,
        "dvar2": 2.67569041252,
        "max": 9.64702129364,
        "mean": 1.30216050148,
        "median": 0.568766534328,
        "min": 0,
        "stdev": 1.48673462868,
        "var": 2.21037983894
    },
    "zerocrossingrate": {
        "dmean": 0.00813033618033,
        "dmean2": 0.00984580721706,
        "dvar": 0.000275656871963,
        "dvar2": 0.00030848060851,
        "max": 0.51416015625,
        "mean": 0.059475902468,
        "median": 0.0556640625,
        "min": 0.001953125,
        "stdev": 0.026146909222,
        "var": 0.000683660909999
    },
    "barkbands": {
        "dmean": [0.000260303204414, 0.00345557136461, 0.00370835373178, 0.00230372534133, 0.00161199271679, 0.00111458124593, 0.000589837436564, 0.00138232542668, 0.00155301601626, 0.0010276180692, 0.000661666097585, 0.000561183842365, 0.000617987941951, 0.000675598275848, 0.000568292976823, 0.000448669947218, 0.000436410919065, 0.000208653582376, 0.000190274062334, 9.98672840069e-05, 8.42466397444e-05, 6.18976991973e-05, 7.52553532948e-05, 7.16975046089e-05, 7.03346377122e-05, 1.43507550092e-05, 1.49354355017e-06],
        "dmean2": [0.000440859235823, 0.00583205511793, 0.00658463640139, 0.00371076562442, 0.00268930778839, 0.00181791861542, 0.000970154360402, 0.00206779595464, 0.00237750750966, 0.00156076764688, 0.00103040540125, 0.000885273737367, 0.000988467247225, 0.00105442944914, 0.000921947183087, 0.000723701668903, 0.000717474729754, 0.000347638357198, 0.000307796319248, 0.000161825475516, 0.000129204650875, 9.45281863096e-05, 0.000106211387902, 0.000105109938886, 0.000109210239316, 2.09244244616e-05, 2.2434735456e-06],
        "dvar": [1.42229595212e-07, 5.40282489965e-05, 0.000112353824079, 2.6209769203e-05, 1.12253655971e-05, 3.79937364414e-06, 9.21984735669e-07, 6.00945440965e-06, 8.35315950098e-06, 3.03112551592e-06, 1.65547476172e-06, 1.22628375721e-06, 1.13861108275e-06, 2.14605097426e-06, 7.82673566846e-07, 5.53349423171e-07, 4.32272429407e-07, 8.12019820273e-08, 5.124869773e-08, 1.55205857055e-08, 1.47330414535e-08, 2.21470077832e-08, 2.70570641447e-08, 5.75824294913e-08, 7.72685950778e-08, 1.42004052961e-09, 9.6743515976e-12],
        "dvar2": [3.50423562168e-07, 0.000145089667058, 0.000330703507643, 5.75283411308e-05, 3.02347943943e-05, 9.54263396125e-06, 2.2192311917e-06, 1.29184654725e-05, 1.84130312846e-05, 6.84910764903e-06, 3.42384123542e-06, 2.59665239355e-06, 2.63287438429e-06, 4.44995112048e-06, 1.89220008906e-06, 1.32559523536e-06, 1.18164723517e-06, 2.11812945849e-07, 1.27361275304e-07, 3.62202996484e-08, 3.18102628682e-08, 4.96158669705e-08, 5.47454988009e-08, 1.293038423e-07, 2.00502967118e-07, 3.50828344153e-09, 1.85169327788e-11],
        "max": [0.0040378998965, 0.0739035457373, 0.0869431048632, 0.0482063628733, 0.0305401030928, 0.0221314802766, 0.0157507825643, 0.0466454923153, 0.0437594652176, 0.0241489186883, 0.0212192311883, 0.0241998955607, 0.0141200534999, 0.0262259058654, 0.0113607142121, 0.00920809432864, 0.00804347731173, 0.00342152523808, 0.00306434743106, 0.00188937445637, 0.00167835841421, 0.00358436955139, 0.00274885888211, 0.00487989652902, 0.00584908481687, 0.000761201546993, 4.28310158895e-05],
        "mean": [0.000353458133759, 0.00734638329595, 0.00710613932461, 0.00310806138441, 0.00228586466983, 0.0018658147892, 0.00100176257547, 0.00286004412919, 0.00359402527101, 0.00199781404808, 0.00122654507868, 0.000992528395727, 0.00101414055098, 0.00110046810005, 0.000994597445242, 0.00075694906991, 0.000919472193345, 0.00047546334099, 0.000454395805718, 0.000266156828729, 0.000194152569748, 0.000140779608046, 0.000150278443471, 0.000150141437189, 0.000118881973322, 3.49139554601e-05, 2.18389664042e-06],
        "median": [0.000183609299711, 0.00552757969126, 0.00561826303601, 0.00143576704431, 0.00125181244221, 0.000889492803253, 0.000618265243247, 0.00101260503288, 0.000820801244117, 0.000821319059469, 0.000521020556334, 0.000444911798695, 0.000481652125018, 0.000494546780828, 0.000577012368012, 0.000497134635225, 0.000601588748395, 0.000352866132744, 0.000349519192241, 0.000224467483349, 0.000140375224873, 9.11647148314e-05, 7.95771702542e-05, 7.56637964514e-05, 5.46775299881e-05, 2.21084228542e-05, 9.388311355e-07],
        "min": [2.79285908859e-24, 1.64225820555e-23, 3.62286011553e-23, 1.87229489701e-24, 1.62212158431e-23, 2.83837801943e-23, 4.40419434109e-23, 5.97556329689e-23, 1.22984513218e-22, 2.36769485177e-23, 4.6302582107e-23, 1.97589108509e-22, 1.10992842961e-22, 8.30320657609e-23, 1.89860177526e-22, 8.2095208239e-23, 1.61589460032e-22, 1.95355256374e-22, 2.92013083048e-22, 3.22143429685e-22, 3.829617782e-22, 6.09179444132e-22, 5.52530244433e-22, 5.8298279973e-22, 1.13142707284e-21, 1.64563887212e-21, 2.48690296161e-21],
        "stdev": [0.000469976046588, 0.00809253938496, 0.00866975914687, 0.00549302436411, 0.00335338641889, 0.00267456751317, 0.00130349397659, 0.0050623556599, 0.00635724700987, 0.00314942374825, 0.0022658794187, 0.00207052472979, 0.00160166283604, 0.00220043305308, 0.00124306208454, 0.000866268936079, 0.000994078698568, 0.000402929697884, 0.000364287465345, 0.000189309357665, 0.000169076010934, 0.000199103989871, 0.000248464581091, 0.000329045811668, 0.000291039439617, 5.0565420679e-05, 4.12413055528e-06],
        "var": [2.20877495849e-07, 6.54891919112e-05, 7.51647239667e-05, 3.01733161905e-05, 1.12451998575e-05, 7.15331134415e-06, 1.69909651504e-06, 2.56274452113e-05, 4.04145903303e-05, 9.9188700915e-06, 5.1342099141e-06, 4.28707289757e-06, 2.56532371168e-06, 4.84190604766e-06, 1.54520330398e-06, 7.50421918383e-07, 9.88192482509e-07, 1.6235235023e-07, 1.32705352485e-07, 3.5838034762e-08, 2.858669923e-08, 3.96424013616e-08, 6.17346458398e-08, 1.08271144938e-07, 8.47039487439e-08, 2.55686161132e-09, 1.70084536733e-11]
    },
    "erbbands": {
        "dmean": [0.0868367627263, 0.902310669422, 3.83718132973, 5.75471973419, 8.01322364807, 3.56031036377, 6.94959878922, 9.27802371979, 8.59331417084, 17.9410457611, 27.8701133728, 40.75831604, 34.5644760132, 20.121465683, 29.5935955048, 25.2715377808, 28.6592922211, 34.9205665588, 22.6378803253, 31.7307338715, 18.5552043915, 17.86460495, 11.941655159, 11.5193538666, 7.43411064148, 4.6173286438, 3.74956727028, 2.83215808868, 2.18486189842, 2.20921039581, 2.13008141518, 1.50742781162, 1.16976177692, 0.807185232639, 0.518602132797, 0.109677188098, 0.0207828823477, 0.00441482802853, 0.000145598052768, 1.49030611283e-05],
        "dmean2": [0.133085638285, 1.54532074928, 6.78977584839, 9.69429969788, 13.312494278, 5.86997413635, 11.1427841187, 15.7290620804, 13.9300441742, 28.1133384705, 41.5222129822, 62.2506713867, 53.1981391907, 29.6915416718, 46.8580818176, 39.2499580383, 45.4115638733, 53.8617362976, 36.0309143066, 51.5441627502, 30.4180774689, 29.149187088, 19.3870983124, 18.8692913055, 12.339931488, 7.43283748627, 5.9763250351, 4.26137590408, 3.32683253288, 3.33564925194, 3.00983548164, 2.16232299805, 1.82499980927, 1.26913368702, 0.81235152483, 0.170950740576, 0.0291238129139, 0.00602326495573, 0.000206944881938, 2.39319870161e-05],
        "dvar": [0.0418521910906, 3.86097097397, 118.048057556, 140.067871094, 374.037017822, 48.3657951355, 192.378631592, 288.356170654, 251.248382568, 1054.69287109, 2824.55737305, 6076.39794922, 3727.71679688, 1924.40881348, 3075.52197266, 2657.22241211, 2692.58862305, 5330.01513672, 1176.33325195, 2574.59570312, 707.496337891, 834.098022461, 252.098754883, 215.209320068, 71.2591171265, 26.5599842072, 23.4012374878, 24.1384944916, 24.1645584106, 27.0140743256, 20.2965297699, 18.8057994843, 20.7276515961, 10.0146636963, 3.83220767975, 0.124748595059, 0.00186317216139, 6.02276377322e-05, 9.52331049575e-08, 4.39745517777e-10],
        "dvar2": [0.104024551809, 10.8744735718, 344.254943848, 370.543304443, 915.570983887, 124.739494324, 443.202026367, 763.100219727, 606.138427734, 2709.60522461, 5665.28173828, 13770.0351562, 9571.52734375, 3683.39941406, 6844.63671875, 5495.26708984, 6360.99414062, 11188.2841797, 2969.45239258, 6770.49511719, 1813.9263916, 2189.52734375, 655.158203125, 541.63458252, 172.32270813, 62.2683677673, 55.0128097534, 49.8974266052, 46.7629241943, 59.6825561523, 41.4324645996, 35.0977668762, 51.9031524658, 25.2872924805, 10.050693512, 0.316968649626, 0.00434091920033, 0.000116678296763, 1.80750348022e-07, 1.17081500051e-09],
        "max": [2.74622702599, 19.0455474854, 101.912261963, 89.6460647583, 179.355880737, 67.8837127686, 233.478973389, 237.664871216, 285.523010254, 515.448974609, 1281.66699219, 1222.39257812, 927.487915039, 850.807495117, 982.633178711, 1247.97216797, 740.578369141, 1294.79724121, 457.106811523, 771.217590332, 329.043518066, 459.085327148, 207.102905273, 204.242630005, 121.825073242, 55.0937271118, 74.1963272095, 78.4558410645, 118.09161377, 94.1491165161, 78.1348114014, 85.362991333, 91.9956054688, 62.4223251343, 40.3606643677, 7.19396066666, 0.822926580906, 0.102103292942, 0.00420865416527, 0.000186115546967],
        "mean": [0.135874927044, 1.93785274029, 8.10499763489, 9.50060367584, 9.68941688538, 5.55809926987, 12.121506691, 13.9770517349, 15.3010292053, 34.7646484375, 63.811920166, 96.919380188, 71.4630508423, 42.2222061157, 54.9340362549, 50.020904541, 50.2856826782, 59.5758895874, 43.8571014404, 61.2810935974, 40.236530304, 40.0953407288, 30.4607162476, 26.7689399719, 18.7416095734, 12.7358827591, 9.37839984894, 6.3811416626, 5.076130867, 4.86955881119, 4.21396970749, 3.2321228981, 2.31030321121, 1.39816737175, 0.826288461685, 0.233696132898, 0.0498276762664, 0.00884957611561, 0.00027687009424, 5.66147027712e-05],
        "median": [0.0747159793973, 1.50301527977, 5.77303647995, 5.60381317139, 4.37538385391, 3.09332704544, 4.47670650482, 6.95668840408, 8.62752723694, 15.5256175995, 24.3076858521, 23.4279632568, 29.2953166962, 17.3053703308, 25.2777862549, 24.0368537903, 24.2404136658, 28.9273643494, 29.2567405701, 35.9624595642, 28.7002162933, 27.1764183044, 23.664806366, 20.1338653564, 14.7754163742, 10.6897907257, 7.49920558929, 4.28551197052, 3.33923530579, 2.81510806084, 2.25454425812, 1.66280508041, 1.13953530788, 0.605969667435, 0.37239074707, 0.133646205068, 0.0326309464872, 0.00550883403048, 0.000159617629834, 5.30318793608e-05],
        "min": [6.62595046181e-22, 3.44939041027e-21, 3.61527978575e-20, 2.21800435632e-20, 4.49420216121e-20, 4.19542937071e-20, 2.05943299279e-19, 1.88707737521e-19, 5.39426035841e-19, 7.9426709598e-19, 2.07410844348e-18, 2.32965534717e-18, 8.85672828413e-19, 1.12668172265e-18, 3.63814175249e-18, 8.02087344209e-18, 4.95736165343e-18, 3.83275832547e-18, 7.22307842079e-18, 8.93905963845e-18, 4.10159616045e-18, 8.94185137302e-18, 1.1703412046e-17, 1.62861307787e-17, 1.26228249512e-17, 1.33976458582e-17, 1.39808048813e-17, 1.74559428359e-17, 2.09581957709e-17, 1.70316289601e-17, 1.83678482498e-17, 1.11045258379e-17, 1.17358383532e-17, 1.24444020931e-17, 8.20196478487e-18, 6.30410888439e-18, 3.11016725675e-18, 1.24444256677e-18, 3.81976290445e-19, 3.46081317676e-20],
        "stdev": [0.221056878567, 2.04881238937, 9.48551273346, 11.479891777, 19.3487453461, 7.78772783279, 23.3179073334, 19.8173713684, 22.8580703735, 54.8018188477, 117.027534485, 173.038253784, 108.667060852, 86.4119796753, 89.0310668945, 103.551979065, 79.6865692139, 110.840026855, 47.2327690125, 83.277633667, 38.1129379272, 40.5358200073, 24.3133144379, 22.1918201447, 13.497086525, 8.09847164154, 6.96630764008, 6.65679121017, 7.07958650589, 7.31473064423, 6.98486089706, 6.88381290436, 5.36721801758, 3.48124980927, 1.94790220261, 0.437440752983, 0.06012801826, 0.0116717675701, 0.000420313590439, 2.51698911597e-05],
        "var": [0.0488661453128, 4.19763231277, 89.9749526978, 131.787918091, 374.373931885, 60.6487045288, 543.72479248, 392.728210449, 522.491394043, 3003.23925781, 13695.4443359, 29942.2363281, 11808.5292969, 7467.03027344, 7926.53076172, 10723.0117188, 6349.94873047, 12285.5107422, 2230.93432617, 6935.1640625, 1452.59594727, 1643.15258789, 591.137268066, 492.476898193, 182.171340942, 65.5852355957, 48.5294418335, 44.3128700256, 50.1205482483, 53.5052871704, 48.7882843018, 47.3868789673, 28.8070297241, 12.119099617, 3.79432296753, 0.19135440886, 0.003615378635, 0.000136230155476, 1.76663519369e-07, 6.33523400406e-10]
    },
    "gfcc": {
        "mean": [54.6886405945, 86.3179016113, -122.070358276, 32.1794815063, -49.8791503906, 23.4722671509, -35.308883667, 20.4430027008, -22.0218505859, 4.67024278641, -20.6484909058, -3.59559011459, -17.0990066528],
        "cov": [[2377.19995117, -71.9474258423, -83.9421234131, -30.3644447327, -162.536178589, 31.6752338409, -85.368522644, 30.0739612579, -88.9954681396, -2.62079906464, -49.4434394836, -8.98572540283, -41.7909049988], [-71.9474258423, 325.626190186, -84.2450332642, -6.85440969467, 71.2036743164, -29.8202857971, 83.7551269531, 4.44681119919, 42.6852378845, -15.9971046448, 18.6580276489, -29.9630870819, 2.00945186615], [-83.9421234131, -84.2450332642, 311.675811768, 57.573009491, -17.7211723328, 6.05221605301, -44.1699409485, -4.59301233292, -24.5009078979, 30.875957489, 21.0350799561, 34.9644012451, -4.34613418579], [-30.3644447327, -6.85440969467, 57.573009491, 231.720657349, 54.4541358948, 5.34337902069, -56.3569145203, -31.9016914368, 14.2892503738, -12.0191078186, 7.48215579987, 29.4155235291, 24.6202926636], [-162.536178589, 71.2036743164, -17.7211723328, 54.4541358948, 150.842910767, 30.4452667236, 41.4707527161, 6.64680862427, 25.9785480499, 12.2346353531, 6.09757614136, 4.85103321075, 10.0636386871], [31.6752338409, -29.8202857971, 6.05221605301, 5.34337902069, 30.4452667236, 123.213722229, 54.9349365234, 7.65356206894, -10.4125556946, 5.25172662735, 4.91203022003, -6.87682294846, 4.04934406281], [-85.368522644, 83.7551269531, -44.1699409485, -56.3569145203, 41.4707527161, 54.9349365234, 140.866394043, 53.5783195496, 21.9192428589, 0.0489567518234, -1.87590587139, -32.041885376, -13.7134876251], [30.0739612579, 4.44681119919, -4.59301233292, -31.9016914368, 6.64680862427, 7.65356206894, 53.5783195496, 83.6155395508, 38.7660140991, 12.6086044312, -10.8417634964, -19.7679042816, -9.95468330383], [-88.9954681396, 42.6852378845, -24.5009078979, 14.2892503738, 25.9785480499, -10.4125556946, 21.9192428589, 38.7660140991, 73.8881454468, 19.2760505676, -9.49756813049, -18.3635177612, -3.90669822693], [-2.62079906464, -15.9971046448, 30.875957489, -12.0191078186, 12.2346353531, 5.25172662735, 0.0489567518234, 12.6086044312, 19.2760505676, 65.8059997559, 36.6943435669, 10.6483669281, -6.49688577652], [-49.4434394836, 18.6580276489, 21.0350799561, 7.48215579987, 6.09757614136, 4.91203022003, -1.87590587139, -10.8417634964, -9.49756813049, 36.6943435669, 82.9786224365, 38.1721458435, 3.03338313103], [-8.98572540283, -29.9630870819, 34.9644012451, 29.4155235291, 4.85103321075, -6.87682294846, -32.041885376, -19.7679042816, -18.3635177612, 10.6483669281, 38.1721458435, 67.3051681519, 24.3960914612], [-41.7909049988, 2.00945186615, -4.34613418579, 24.6202926636, 10.0636386871, 4.04934406281, -13.7134876251, -9.95468330383, -3.90669822693, -6.49688577652, 3.03338313103, 24.3960914612, 43.8684883118]],
        "icov": [[0.000698221032508, -0.000897947757039, 0.000638292287476, -0.000505569798406, 0.000988631159998, -0.00106063019484, 0.00134749605786, -0.00185303715989, 0.00217298488133, -0.00159224122763, 0.00169807614293, -0.0011212665122, 0.00138895481359], [-0.000897947757039, 0.00788265932351, -0.000879085448105, 0.00101313763298, -0.00362214888446, 0.00562894297764, -0.0067786811851, 0.00643386133015, -0.00678875669837, 0.00634581642225, -0.00782810151577, 0.00622776802629, -0.00480675837025], [0.000638292287476, -0.000879085448105, 0.00489064259455, -0.00212977547199, 0.00170576642267, -0.00131959712598, 0.00177006958984, -0.00334711698815, 0.00476985378191, -0.00472691562027, 0.00304032722488, -0.00311197852716, 0.00309757166542], [-0.000505569798406, 0.00101313763298, -0.00212977547199, 0.00797172822058, -0.00394191872329, -0.0009956023423, 0.00287515833043, 0.00318412412889, -0.00696357758716, 0.00674127973616, -0.00379922613502, 0.000487188226543, -0.00222546770237], [0.000988631159998, -0.00362214888446, 0.00170576642267, -0.00394191872329, 0.0120316678658, -0.0034928964451, -0.00110780028626, -0.00186369230505, 0.00263510202058, -0.00714376242831, 0.00623124511912, -0.00535457301885, 0.00200571189635], [-0.00106063019484, 0.00562894297764, -0.00131959712598, -0.0009956023423, -0.0034928964451, 0.0161622911692, -0.011464801617, 0.00600304407999, -0.000697231909726, 0.00126384152099, -0.00514494720846, 0.00677187088877, -0.00703766616061], [0.00134749605786, -0.0067786811851, 0.00177006958984, 0.00287515833043, -0.00110780028626, -0.011464801617, 0.0236100405455, -0.0146644366905, 0.00522101204842, 0.000354005052941, 0.00173597794492, -0.001169723575, 0.0065691228956], [-0.00185303715989, 0.00643386133015, -0.00334711698815, 0.00318412412889, -0.00186369230505, 0.00600304407999, -0.0146644366905, 0.0300371162593, -0.0185779128224, 0.00452657230198, -0.00445447629318, 0.00412122253329, -0.0050412598066], [0.00217298488133, -0.00678875669837, 0.00476985378191, -0.00696357758716, 0.00263510202058, -0.000697231909726, 0.00522101204842, -0.0185779128224, 0.0368672013283, -0.0194181837142, 0.0128572527319, -0.000881410145666, 0.00364652136341], [-0.00159224122763, 0.00634581642225, -0.00472691562027, 0.00674127973616, -0.00714376242831, 0.00126384152099, 0.000354005052941, 0.00452657230198, -0.0194181837142, 0.0374754220247, -0.0223580021411, 0.00626729195938, -0.00151780119631], [0.00169807614293, -0.00782810151577, 0.00304032722488, -0.00379922613502, 0.00623124511912, -0.00514494720846, 0.00173597794492, -0.00445447629318, 0.0128572527319, -0.0223580021411, 0.0341423414648, -0.020533259958, 0.00987885985523], [-0.0011212665122, 0.00622776802629, -0.00311197852716, 0.000487188226543, -0.00535457301885, 0.00677187088877, -0.001169723575, 0.00412122253329, -0.000881410145666, 0.00626729195938, -0.020533259958, 0.0381786376238, -0.0197247155011], [0.00138895481359, -0.00480675837025, 0.00309757166542, -0.00222546770237, 0.00200571189635, -0.00703766616061, 0.0065691228956, -0.0050412598066, 0.00364652136341, -0.00151780119631, 0.00987885985523, -0.0197247155011, 0.0373798571527]]
    },
    "melbands": {
        "dmean": [0.000821311143227, 0.00162777199876, 0.00107568351086, 0.00038092865725, 0.000215786189074, 0.000210180296563, 0.000125188322272, 0.000220204587094, 0.000237492742599, 0.000249082164373, 0.000171549632796, 8.26834220788e-05, 9.42672413657e-05, 7.37018344807e-05, 6.34093667031e-05, 5.27399279235e-05, 7.51303959987e-05, 3.79224948119e-05, 3.82505058951e-05, 4.31093285442e-05, 2.39100427279e-05, 2.11983442568e-05, 1.97578483494e-05, 1.0172489965e-05, 1.07399064291e-05, 6.27535882813e-06, 4.83964140585e-06, 3.12892711918e-06, 2.42940336648e-06, 2.55252234638e-06, 1.6844203401e-06, 1.40540237226e-06, 1.21710479561e-06, 1.42107342072e-06, 1.44307125538e-06, 9.88872102425e-07, 9.74787894847e-07, 8.81385460616e-07, 7.82271229127e-07, 7.07958577095e-07],
        "dmean2": [0.00135067163501, 0.00285607017577, 0.0017935372889, 0.000632851035334, 0.000344849773683, 0.000350203510607, 0.000203769697691, 0.000340081198374, 0.000351645023329, 0.000378804455977, 0.000265020498773, 0.000121991077322, 0.000149278246681, 0.000116751340101, 9.96406160994e-05, 8.48642812343e-05, 0.000116596660519, 6.06216817687e-05, 6.13642841927e-05, 7.13449117029e-05, 3.92773727071e-05, 3.49977271981e-05, 3.23294807458e-05, 1.69162012753e-05, 1.77631263796e-05, 1.02204048744e-05, 7.98599103291e-06, 5.06521610077e-06, 3.92708989239e-06, 4.07273182645e-06, 2.57311171481e-06, 2.18243008021e-06, 1.92162474377e-06, 2.13191970033e-06, 2.08318601835e-06, 1.43687748277e-06, 1.43913052852e-06, 1.37077051932e-06, 1.25540418594e-06, 1.12141344744e-06],
        "dvar": [3.38363861374e-06, 1.89727525139e-05, 4.86736462335e-06, 7.28601889932e-07, 1.64534796454e-07, 1.33797868784e-07, 4.82282231928e-08, 1.601598143e-07, 1.81930900567e-07, 2.18312266043e-07, 9.1032880789e-08, 3.42205730419e-08, 3.43317090312e-08, 1.85763493477e-08, 1.17881384654e-08, 9.06773500731e-09, 2.75557106022e-08, 3.93928090148e-09, 3.61880658772e-09, 4.08846467792e-09, 1.36976496812e-09, 1.08587838721e-09, 7.17509440751e-10, 2.00385680271e-10, 2.0262852507e-10, 5.54433582378e-11, 3.71315304892e-11, 1.23593192972e-11, 9.38798691563e-12, 1.33378507891e-11, 9.97980257461e-12, 9.67232804266e-12, 7.82647471137e-12, 1.03897168646e-11, 8.42422138991e-12, 7.44564045835e-12, 9.0780117798e-12, 1.11458585417e-11, 9.49634815228e-12, 7.81279381468e-12],
        "dvar2": [8.85497502168e-06, 5.50299955648e-05, 1.19858113976e-05, 1.85925102869e-06, 3.7994414015e-07, 3.47879478113e-07, 1.18413524319e-07, 3.96491913079e-07, 3.66538074559e-07, 4.93998754791e-07, 2.32597500371e-07, 6.66117827564e-08, 7.2911561233e-08, 4.21075228019e-08, 2.62664432427e-08, 2.03138021959e-08, 5.83311319247e-08, 9.75624647737e-09, 8.62208882069e-09, 1.0468267142e-08, 3.53760953864e-09, 2.94424085112e-09, 1.93252414071e-09, 5.41767686268e-10, 5.13681819303e-10, 1.39228503726e-10, 8.55421428136e-11, 2.85539421968e-11, 2.24534731086e-11, 3.09636205564e-11, 2.1986397078e-11, 1.87004578489e-11, 1.90327406613e-11, 2.25057923686e-11, 1.783253753e-11, 1.4880287974e-11, 1.79634519065e-11, 2.82196089413e-11, 2.3967893642e-11, 2.0190358066e-11],
        "max": [0.022843612358, 0.04192103073, 0.0159461572766, 0.00806323625147, 0.00662185344845, 0.00478877266869, 0.00376073899679, 0.00666213361546, 0.00973823480308, 0.00665621226653, 0.00455890130252, 0.00363120553084, 0.00327654345892, 0.0021977298893, 0.001850351342, 0.00128466484603, 0.00295524881221, 0.000780944363214, 0.000857763574459, 0.000824536022265, 0.000535858271178, 0.000420319091063, 0.000311102194246, 0.00026406001416, 0.000190568520338, 0.000119547919894, 0.000105389590317, 4.34133580711e-05, 4.27891209256e-05, 4.44652068836e-05, 4.72096144222e-05, 7.93318395154e-05, 5.03203991684e-05, 5.96077625232e-05, 5.45606926607e-05, 6.12484218436e-05, 5.55816041015e-05, 6.83113394189e-05, 5.38689673704e-05, 5.18868801009e-05],
        "mean": [0.00160899409093, 0.00364097068086, 0.00168331956957, 0.000508837634698, 0.000380385899916, 0.00033222840284, 0.000222541333642, 0.000433770153904, 0.000552992452867, 0.000577715807594, 0.00033643230563, 0.000159331786563, 0.000174526852788, 0.000131679829792, 0.000118036849017, 8.89899820322e-05, 0.000119275566249, 6.84224505676e-05, 7.03613841324e-05, 7.78787143645e-05, 4.54717192042e-05, 4.32828419434e-05, 3.86005012842e-05, 2.24823743338e-05, 2.18511322601e-05, 1.38791938298e-05, 1.13335327114e-05, 7.64489050198e-06, 5.8883397287e-06, 5.05922707816e-06, 3.28094597535e-06, 2.92357412945e-06, 2.58852492152e-06, 2.80156064036e-06, 2.6317177344e-06, 1.95457755581e-06, 1.97543522518e-06, 1.67510722804e-06, 1.36526830374e-06, 1.12228894977e-06],
        "median": [0.00110114249401, 0.00272248056717, 0.00101252703462, 0.000264962320216, 0.000150719104568, 0.00016490095004, 0.000129193809698, 0.000178471542313, 0.000194746520719, 0.000135419089929, 0.000135104419314, 5.81848071306e-05, 7.53246495151e-05, 6.61313606543e-05, 5.81315871386e-05, 4.58067552245e-05, 5.38227468496e-05, 4.18765157519e-05, 4.06258586736e-05, 4.84310476168e-05, 3.00704414258e-05, 2.80910353467e-05, 2.58753079834e-05, 1.73058851942e-05, 1.56220266945e-05, 1.03813390524e-05, 9.02180636331e-06, 6.32645651422e-06, 4.54482551504e-06, 3.36824655278e-06, 2.08763685805e-06, 1.91641174752e-06, 1.6278294197e-06, 1.47219668634e-06, 1.33367814215e-06, 9.66945208347e-07, 9.83743234428e-07, 8.41416692765e-07, 5.94706818902e-07, 4.77882565519e-07],
        "min": [4.70546379178e-24, 1.30981486515e-23, 4.69443472746e-24, 3.58206709261e-24, 5.64243490968e-24, 4.75465518568e-24, 8.21521008875e-24, 1.0388967589e-23, 2.00593097147e-23, 1.36767544597e-23, 4.28147472105e-24, 4.20280280626e-24, 8.90511233771e-24, 2.55090984804e-23, 1.19289124285e-23, 1.08518624908e-23, 6.13910804649e-24, 1.02040956693e-23, 1.69245247832e-23, 7.5951480623e-24, 3.63500478694e-24, 7.75819614508e-24, 1.09930835811e-23, 1.08751788525e-23, 1.39889761396e-23, 9.32849004124e-24, 8.47306899714e-24, 9.33077142698e-24, 9.44344048577e-24, 9.19644734748e-24, 9.89513356262e-24, 1.14523434118e-23, 1.18562559725e-23, 8.21581198962e-24, 1.14556266509e-23, 8.11163738506e-24, 6.2645858398e-24, 8.25530473311e-24, 9.15923283428e-24, 1.07165499685e-23],
        "stdev": [0.00200132885948, 0.0038875869941, 0.00219852873124, 0.00085224682698, 0.000669437577017, 0.000456604320789, 0.000312072690576, 0.000725251215044, 0.000950354267843, 0.00104013679083, 0.000531070283614, 0.000359749043128, 0.000311104260618, 0.000233760947594, 0.000193160856725, 0.00014182869927, 0.000247134565143, 8.59312931425e-05, 9.14496777114e-05, 9.0417881438e-05, 5.33523998456e-05, 4.73356776638e-05, 3.70784073311e-05, 1.92332008737e-05, 2.02981809707e-05, 1.13120968308e-05, 9.15395594348e-06, 5.29151157025e-06, 4.52603399026e-06, 4.88197520099e-06, 3.97134408558e-06, 4.34322282672e-06, 3.6154690406e-06, 4.48908303952e-06, 4.28147177445e-06, 4.17838555222e-06, 4.48820674137e-06, 3.90221021007e-06, 3.48767889591e-06, 2.93484208669e-06],
        "var": [4.00531735067e-06, 1.51133326654e-05, 4.83352823721e-06, 7.26324628886e-07, 4.48146636245e-07, 2.0848750637e-07, 9.7389360576e-08, 5.25989321432e-07, 9.03173202005e-07, 1.08188464765e-06, 2.82035671262e-07, 1.29419376549e-07, 9.67858682088e-08, 5.46441789595e-08, 3.7311117751e-08, 2.01153813606e-08, 6.10754895547e-08, 7.38418748369e-09, 8.36304359098e-09, 8.17539280717e-09, 2.84647860838e-09, 2.2406665412e-09, 1.37480815621e-09, 3.69915986731e-10, 4.12016171181e-10, 1.27963528662e-10, 8.37949015731e-11, 2.80000952979e-11, 2.04849852359e-11, 2.38336798214e-11, 1.57715750182e-11, 1.88635860404e-11, 1.30716167057e-11, 2.01518662868e-11, 1.83309999124e-11, 1.74589041141e-11, 2.01440010505e-11, 1.52272448123e-11, 1.2163903565e-11, 8.61329757518e-12]
    },
    "melbands128": {
