{
"lowlevel": {
    "average_loudness": 0.984769582748,
    "barkbands_crest": {
        "dmean": 3.34436178207,
        "dmean2": 4.93259859085,
        "dvar": 8.94814968109,
        "dvar2": 18.6947841644,
        "max": 26.3471736908,
        "mean": 14.7300672531,
        "median": 14.5065402985,
        "min": 2.65847635269,
        "stdev": 5.95593166351,
        "var": 35.4731216431
    },
    "barkbands_flatness_db": {
        "dmean": 0.0340407416224,
        "dmean2": 0.0494609884918,
        "dvar": 0.00104559864849,
        "dvar2": 0.00222201086581,
        "max": 0.489259570837,
        "mean": 0.16355779767,
        "median": 0.156007871032,
        "min": 0.0327159948647,
        "stdev": 0.0710950568318,
        "var": 0.0050545069389
    },
    "barkbands_kurtosis": {
        "dmean": 10.0647926331,
        "dmean2": 15.8770637512,
        "dvar": 683.921630859,
        "dvar2": 1817.29785156,
        "max": 656.64074707,
        "mean": 15.9852848053,
        "median": 6.50279712677,
        "min": -1.89838826656,
        "stdev": 34.6004981995,
        "var": 1197.19458008
    },
    "barkbands_skewness": {
        "dmean": 0.981177568436,
        "dmean2": 1.49491417408,
        "dvar": 1.42685186863,
        "dvar2": 3.26627635956,
        "max": 22.2217884064,
        "mean": 2.9373061657,
        "median": 2.51586031914,
        "min": -1.94725072384,
        "stdev": 2.21861338615,
        "var": 4.92224550247
    },
    "barkbands_spread": {
        "dmean": 7.48484373093,
        "dmean2": 11.5170974731,
        "dvar": 97.0838851929,
        "dvar2": 210.915985107,
        "max": 114.117660522,
        "mean": 22.080198288,
        "median": 17.4762115479,
        "min": 0.253725796938,
        "stdev": 17.1372127533,
        "var": 293.684051514
    },
    "dissonance": {
        "dmean": 0.0166277755052,
        "dmean2": 0.0267717428505,
        "dvar": 0.000522380461916,
        "dvar2": 0.00127362681087,
        "max": 0.49999293685,
        "mean": 0.467560738325,
        "median": 0.474376559258,
        "min": 0.0511885769665,
        "stdev": 0.0281515847892,
        "var": 0.000792511738837
    },
    "dynamic_complexity": 1.80305492878,
    "erbbands_crest": {
        "dmean": 2.18783140182,
        "dmean2": 3.44939208031,
        "dvar": 4.33270072937,
        "dvar2": 9.61869430542,
        "max": 27.4283638,
        "mean": 7.92517709732,
        "median": 7.11201429367,
        "min": 2.17687344551,
        "stdev": 3.80398440361,
        "var": 14.4702968597
    },
    "erbbands_flatness_db": {
        "dmean": 0.0140687329695,
        "dmean2": 0.0209632720798,
        "dvar": 0.000185002529179,
        "dvar2": 0.000369508750737,
        "max": 0.261008679867,
        "mean": 0.120360381901,
        "median": 0.114576458931,
        "min": 0.0619332790375,
        "stdev": 0.0299478694797,
        "var": 0.000896874931641
    },
    "erbbands_kurtosis": {
        "dmean": 0.80415225029,
        "dmean2": 1.24007689953,
        "dvar": 1.78450071812,
        "dvar2": 3.43571853638,
        "max": 31.473941803,
        "mean": 0.277046114206,
        "median": -0.233309030533,
        "min": -1.67947542667,
        "stdev": 2.41857242584,
        "var": 5.84949207306
    },
    "erbbands_skewness": {
        "dmean": 0.364191204309,
        "dmean2": 0.550826847553,
        "dvar": 0.146408960223,
        "dvar2": 0.322531998158,
        "max": 4.91268444061,
        "mean": 0.239052072167,
        "median": 0.211757928133,
        "min": -2.17264509201,
        "stdev": 0.773653149605,
        "var": 0.598539173603
    },
    "erbbands_spread": {
        "dmean": 10.751912117,
        "dmean2": 16.865228653,
        "dvar": 126.754447937,
        "dvar2": 312.857971191,
        "max": 128.545455933,
        "mean": 52.0960159302,
        "median": 50.4271202087,
        "min": 8.4794626236,
        "stdev": 19.9168338776,
        "var": 396.680267334
    },
    "hfc": {
        "dmean": 8.8246011734,
        "dmean2": 12.9118099213,
        "dvar": 190.137634277,
        "dvar2": 415.740844727,
        "max": 144.976547241,
        "mean": 29.0717830658,
        "median": 24.2699928284,
        "min": 1.13349459311e-16,
        "stdev": 21.7767429352,
        "var": 474.2265625
    },
    "loudness_ebu128": {
        "integrated": -7.48875188828,
        "loudness_range": 1.73682975769,
        "momentary": {
            "dmean": 0.668193221092,
            "dmean2": 0.7844222188,
            "dvar": 0.302232027054,
            "dvar2": 0.513926386833,
            "max": -5.15055847168,
            "mean": -7.64540815353,
            "median": -7.45464420319,
            "min": -12.8292150497,
            "stdev": 1.23115611076,
            "var": 1.51574528217
        },
        "short_term": {
            "dmean": 0.0483945086598,
            "dmean2": 0.0587401352823,
            "dvar": 0.0013566367561,
            "dvar2": 0.00206561991945,
            "max": -6.64923477173,
            "mean": -7.47002124786,
            "median": -7.30594348907,
            "min": -8.89445304871,
            "stdev": 0.596519887447,
            "var": 0.355836004019
        }
    },
    "melbands_crest": {
        "dmean": 3.71007466316,
        "dmean2": 5.5860376358,
        "dvar": 10.8724918365,
        "dvar2": 26.9043617249,
        "max": 35.1268501282,
        "mean": 19.9024009705,
        "median": 18.991350174,
        "min": 2.99768877029,
        "stdev": 7.38646411896,
        "var": 54.5598526001
    },
    "melbands_flatness_db": {
        "dmean": 0.0415893048048,
        "dmean2": 0.0599941425025,
        "dvar": 0.00183176388964,
        "dvar2": 0.00388859561644,
        "max": 0.612958490849,
        "mean": 0.240920603275,
        "median": 0.234290897846,
        "min": 0.00643523456529,
        "stdev": 0.0898952037096,
        "var": 0.00808114744723
    },
    "melbands_kurtosis": {
        "dmean": 21.8748664856,
        "dmean2": 34.7537384033,
        "dvar": 1385.40185547,
        "dvar2": 3389.87597656,
        "max": 535.836608887,
        "mean": 42.8852310181,
        "median": 22.6898097992,
        "min": -1.52007114887,
        "stdev": 57.5672988892,
        "var": 3313.99389648
    },
    "melbands_skewness": {
        "dmean": 1.32815229893,
        "dmean2": 2.06601166725,
        "dvar": 2.11844301224,
        "dvar2": 4.80509996414,
        "max": 17.8327655792,
        "mean": 4.738468647,
        "median": 4.11086702347,
        "min": -0.17805570364,
        "stdev": 2.80695819855,
        "var": 7.8790140152
    },
    "melbands_spread": {
        "dmean": 8.49174499512,
        "dmean2": 13.5925998688,
        "dvar": 202.393188477,
        "dvar2": 473.929168701,
        "max": 166.962692261,
        "mean": 17.7036361694,
        "median": 11.4816350937,
        "min": 0.302211761475,
        "stdev": 18.4412002563,
        "var": 340.077880859
    },
    "pitch_salience": {
        "dmean": 0.0920890569687,
        "dmean2": 0.140956118703,
        "dvar": 0.00850833486766,
        "dvar2": 0.0189852584153,
        "max": 0.841735422611,
        "mean": 0.407624065876,
        "median": 0.414671093225,
        "min": 0.0474171750247,
        "stdev": 0.156964302063,
        "var": 0.0246377922595
    },
    "silence_rate_20dB": {
        "dmean": 0,
        "dmean2": 0,
        "dvar": 0,
        "dvar2": 0,
        "max": 1,
        "mean": 1,
        "median": 1,
        "min": 1,
        "stdev": 0,
        "var": 0
    },
    "silence_rate_30dB": {
        "dmean": 0.0804953575134,
        "dmean2": 0.160340815783,
        "dvar": 0.0740156769753,
        "dvar2": 0.137731403112,
        "max": 1,
        "mean": 0.676720798016,
        "median": 1,
        "min": 0,
        "stdev": 0.467727810144,
        "var": 0.218769311905
    },
    "silence_rate_60dB": {
        "dmean": 0.000773993786424,
        "dmean2": 0.00154918665066,
        "dvar": 0.000773391744588,
        "dvar2": 0.00154677091632,
        "max": 1,
        "mean": 0.00154679035768,
        "median": 0,
        "min": 0,
        "stdev": 0.0392987206578,
        "var": 0.00154438940808
    },
    "spectral_centroid": {
        "dmean": 347.295379639,
        "dmean2": 536.366943359,
        "dvar": 252515.09375,
        "dvar2": 489127.3125,
        "max": 11133.7578125,
        "mean": 1409.5625,
        "median": 1290.06469727,
        "min": 152.083465576,
        "stdev": 761.618408203,
        "var": 580062.625
    },
    "spectral_complexity": {
        "dmean": 5.39086675644,
        "dmean2": 8.00232410431,
        "dvar": 41.9314422607,
        "dvar2": 83.5623931885,
        "max": 59,
        "mean": 20.6720809937,
        "median": 19,
        "min": 0,
        "stdev": 10.7363386154,
        "var": 115.268959045
    },
    "spectral_decrease": {
        "dmean": 6.15206419141e-09,
        "dmean2": 8.94176910293e-09,
        "dvar": 4.63448584611e-17,
        "dvar2": 1.07556667159e-16,
        "max": -2.32162489038e-29,
        "mean": -1.8368403687e-08,
        "median": -1.18739027499e-08,
        "min": -5.75907428413e-08,
        "stdev": 1.45220191428e-08,
        "var": 2.10889035426e-16
    },
    "spectral_energy": {
        "dmean": 0.0235146544874,
        "dmean2": 0.0339856594801,
        "dvar": 0.000654742703773,
        "dvar2": 0.00152165745385,
        "max": 0.221543848515,
        "mean": 0.0719635561109,
        "median": 0.048366330564,
        "min": 1.03687558304e-20,
        "stdev": 0.0552840456367,
        "var": 0.0030563257169
    },
    "spectral_energyband_high": {
        "dmean": 0.000731452309992,
        "dmean2": 0.00108554458711,
        "dvar": 1.63043932844e-06,
        "dvar2": 3.43626970789e-06,
        "max": 0.0131007879972,
        "mean": 0.00170011422597,
        "median": 0.00110040686559,
        "min": 7.43885382794e-21,
        "stdev": 0.00192048738245,
        "var": 3.68827181774e-06
    },
    "spectral_energyband_low": {
        "dmean": 0.022656287998,
        "dmean2": 0.0345341488719,
        "dvar": 0.000753359461669,
        "dvar2": 0.00173809635453,
        "max": 0.206499859691,
        "mean": 0.0547050498426,
        "median": 0.0279373135418,
        "min": 5.46477270531e-23,
        "stdev": 0.0536989569664,
        "var": 0.00288357795216
    },
    "spectral_energyband_middle_high": {
        "dmean": 0.00208244193345,
        "dmean2": 0.00323831825517,
        "dvar": 8.6883583208e-06,
        "dvar2": 2.08068522625e-05,
        "max": 0.0326258651912,
        "mean": 0.00535519933328,
        "median": 0.00392936961725,
        "min": 1.52447397702e-21,
        "stdev": 0.0048515307717,
        "var": 2.35373499891e-05
    },
    "spectral_energyband_middle_low": {
        "dmean": 0.00432938430458,
        "dmean2": 0.00658132508397,
        "dvar": 3.50704722223e-05,
        "dvar2": 8.39596687001e-05,
        "max": 0.0897943153977,
        "mean": 0.0110303955153,
        "median": 0.0087446058169,
        "min": 3.94615159658e-22,
        "stdev": 0.00871006865054,
        "var": 7.58652895456e-05
    },
    "spectral_entropy": {
        "dmean": 0.173141732812,
        "dmean2": 0.250798076391,
        "dvar": 0.03729641065,
        "dvar2": 0.0703594610095,
        "max": 9.81064605713,
        "mean": 7.7472281456,
        "median": 7.81571340561,
        "min": 5.67963647842,
        "stdev": 0.383876889944,
        "var": 0.147361472249
    },
    "spectral_flux": {
        "dmean": 0.0394733846188,
        "dmean2": 0.0621307380497,
        "dvar": 0.0014202890452,
        "dvar2": 0.0031977253966,
        "max": 0.386024266481,
        "mean": 0.118535347283,
        "median": 0.10372377187,
        "min": 1.01827088428e-10,
        "stdev": 0.0604131259024,
        "var": 0.00364974583499
    },
    "spectral_kurtosis": {
        "dmean": 1.15274822712,
        "dmean2": 1.85989975929,
        "dvar": 4.46531772614,
        "dvar2": 10.7428951263,
        "max": 46.772480011,
        "mean": 3.08655428886,
        "median": 2.38033723831,
        "min": -1.21463608742,
        "stdev": 3.20049476624,
        "var": 10.2431669235
    },
    "spectral_rms": {
        "dmean": 0.0013826561626,
        "dmean2": 0.00192196492571,
        "dvar": 1.55276643454e-06,
        "dvar2": 2.95363156511e-06,
        "max": 0.0147017119452,
        "mean": 0.00773908849806,
        "median": 0.00686925463378,
        "min": 3.18054393586e-12,
        "stdev": 0.00321166636422,
        "var": 1.031480042e-05
    },
    "spectral_rolloff": {
        "dmean": 575.898193359,
        "dmean2": 952.600585938,
        "dvar": 1243968.875,
        "dvar2": 2398718.25,
        "max": 18518.5546875,
        "mean": 1008.19720459,
        "median": 430.6640625,
        "min": 64.599609375,
        "stdev": 1481.90368652,
        "var": 2196038.5
    },
    "spectral_skewness": {
        "dmean": 0.189056262374,
        "dmean2": 0.288835883141,
        "dvar": 0.0597724020481,
        "dvar2": 0.127656504512,
        "max": 5.10345029831,
        "mean": 1.39048564434,
        "median": 1.30003023148,
        "min": -0.0161107964814,
        "stdev": 0.456063896418,
        "var": 0.207994282246
    },
    "spectral_spread": {
        "dmean": 681515,
        "dmean2": 1008869.125,
        "dvar": 1.19083040768e+12,
        "dvar2": 2.11789375078e+12,
        "max": 40259500,
        "mean": 5802355,
        "median": 5561457.5,
        "min": 1505908.875,
        "stdev": 2014464,
        "var": 4.05806514176e+12
    },
    "spectral_strongpeak": {
        "dmean": 0.328801244497,
        "dmean2": 0.559074699879,
        "dvar": 0.304091542959,
        "dvar2": 0.834670722485,
        "max": 7.94204521179,
        "mean": 0.676761209965,
        "median": 0.54749828577,
        "min": 0,
        "stdev": 0.592617928982,
        "var": 0.351195991039
    },
    "zerocrossingrate": {
        "dmean": 0.0128162493929,
        "dmean2": 0.0148719651625,
        "dvar": 0.00037443410838,
        "dvar2": 0.000404258840717,
        "max": 0.501953125,
        "mean": 0.0507627464831,
        "median": 0.04150390625,
        "min": 0.00048828125,
        "stdev": 0.0393880680203,
        "var": 0.0015514199622
    },
    "barkbands": {
        "dmean": [0.00116013607476, 0.0213782005012, 0.00517295580357, 0.00110825663432, 0.00265128025785, 0.000705871672835, 0.000642698665615, 0.000607370981015, 0.000547438161448, 0.000588843366131, 0.000234857841861, 0.000493338855449, 0.000287441536784, 0.000313648371957, 0.000318573758705, 0.00026285063359, 0.000218808971113, 0.000352221075445, 0.000292861572234, 0.000276466627838, 0.00020821869839, 0.000134478163091, 0.000136992297485, 0.000173089210875, 0.000124763071653, 3.05621033476e-05, 1.95112056645e-06],
        "dmean2": [0.00138051027898, 0.0315221175551, 0.00887515582144, 0.00190978928003, 0.00413441145793, 0.00108966627158, 0.000992189743556, 0.000898277619854, 0.000805026327725, 0.000889658345841, 0.000378221971914, 0.000769591308199, 0.000473039137432, 0.000519753491972, 0.000503490562551, 0.000429715000791, 0.000360457837814, 0.000607601716183, 0.000467965350254, 0.000455347122625, 0.000330709881382, 0.000211534454138, 0.000207151839277, 0.000261067645624, 0.000188446050743, 4.78310394101e-05, 3.31851470037e-06],
        "dvar": [3.10260861625e-06, 0.00065292842919, 0.000136794697028, 4.01198713007e-06, 2.30948735407e-05, 1.84808084214e-06, 1.0609343235e-06, 1.24267512547e-06, 1.21010816656e-06, 1.25119538552e-06, 2.12509675634e-07, 6.35879530364e-07, 2.49375347039e-07, 2.57957367467e-07, 3.06803826788e-07, 2.31244939641e-07, 1.8057257023e-07, 6.06791729751e-07, 2.14396550291e-07, 3.53012097776e-07, 1.18340814481e-07, 6.45336228899e-08, 5.33345883014e-08, 1.34395335749e-07, 5.92832591906e-08, 3.04818414953e-09, 1.689254292e-11],
        "dvar2": [4.85628379465e-06, 0.00154032034334, 0.000365630025044, 1.11980198199e-05, 5.57720268262e-05, 3.98870042773e-06, 2.36130881603e-06, 2.69518614004e-06, 2.52824361269e-06, 2.55959139395e-06, 4.97909752539e-07, 1.49087111367e-06, 6.53406914353e-07, 6.19320701389e-07, 7.08158211182e-07, 5.66280391467e-07, 4.66470055471e-07, 1.69135034866e-06, 5.37832931968e-07, 8.31157535686e-07, 2.85786626364e-07, 1.39798302712e-07, 1.1363144381e-07, 2.83724773453e-07, 1.27918724502e-07, 7.13777303929e-09, 4.27399400593e-11],
        "max": [0.0170424561948, 0.196289777756, 0.0894799828529, 0.0173620600253, 0.0806536525488, 0.0251104570925, 0.0133106354624, 0.0163577385247, 0.0158412978053, 0.0141960373148, 0.00642531365156, 0.0106074986979, 0.00600764667615, 0.00573670491576, 0.00915938895196, 0.00638908473775, 0.00417700223625, 0.00774291343987, 0.00516464374959, 0.00723388884217, 0.00304325600155, 0.00286697666161, 0.00279968976974, 0.00596492365003, 0.00499820802361, 0.000748980382923, 5.38998065167e-05],
        "mean": [0.00244849361479, 0.0462614148855, 0.00524853123352, 0.00137256272137, 0.00515208626166, 0.00132385245524, 0.00113368534949, 0.00103703944478, 0.000868470931891, 0.00112675467972, 0.00033488983172, 0.000782620976679, 0.000418778596213, 0.000447183090728, 0.000497836852446, 0.00036545281182, 0.000293586024782, 0.000426654005423, 0.000496891560033, 0.000399826705689, 0.000387981417589, 0.000218615663471, 0.000245476287091, 0.000331158196786, 0.000283524626866, 5.78129620408e-05, 2.35962647821e-06],
        "median": [0.000596062862314, 0.0189843643457, 0.00234861718491, 0.000703867350239, 0.00238541909494, 0.000616854347754, 0.000457522575743, 0.000402380042942, 0.000281999062281, 0.000372272537788, 0.0001390632533, 0.000332654628437, 0.000207276185392, 0.000210013560718, 0.000198606139747, 0.000154703317094, 0.000125489852508, 0.000165564997587, 0.000235791463638, 0.000196755005163, 0.000211588616366, 0.000103087142634, 0.000129750565975, 0.000156204827363, 0.000114214337373, 2.58437976299e-05, 4.116256207e-07],
        "min": [3.24193433053e-23, 3.53025036962e-23, 4.66223736962e-24, 7.96563974188e-24, 6.47392712039e-23, 5.68314391892e-23, 5.38384251841e-23, 1.15993274467e-22, 8.70685092407e-23, 5.99959010679e-23, 9.3873008839e-23, 1.65507486024e-22, 1.01516250595e-22, 9.68946364068e-23, 1.37067927052e-22, 4.60704992286e-23, 1.85405814471e-22, 2.66818127912e-22, 2.95782475023e-22, 2.18797602391e-22, 3.87451772524e-22, 6.27443808141e-22, 5.59530280562e-22, 8.88806779879e-22, 9.85361032271e-22, 1.49849624467e-21, 2.68518477835e-21],
        "stdev": [0.00361612718552, 0.0499746650457, 0.010119041428, 0.00192428380251, 0.00668631214648, 0.00240207626484, 0.00169822375756, 0.00174836989027, 0.00176791730337, 0.00197024014778, 0.000608331058174, 0.00116540223826, 0.00062279967824, 0.000658985867631, 0.000875460973475, 0.000617297249846, 0.000486829434521, 0.000803246744908, 0.000666663283482, 0.000733242894057, 0.000468278914923, 0.000356436852599, 0.000338813988492, 0.000514102866873, 0.000426658487413, 8.53095261846e-05, 5.10283098265e-06],
        "var": [1.30763755806e-05, 0.00249746697955, 0.000102395002614, 3.70286829821e-06, 4.47067686764e-05, 5.76996990276e-06, 2.8839638162e-06, 3.05679736812e-06, 3.12553152071e-06, 3.8818466237e-06, 3.70066658206e-07, 1.35816230795e-06, 3.87879453001e-07, 4.34262375393e-07, 7.66431867305e-07, 3.81055883736e-07, 2.37002907966e-07, 6.45205375349e-07, 4.44439933744e-07, 5.37645178156e-07, 2.19285141156e-07, 1.27047229626e-07, 1.14794914907e-07, 2.64301775132e-07, 1.82037453555e-07, 7.27771531928e-09, 2.60388845902e-11]
    },
    "erbbands": {
        "dmean": [0.650625288486, 5.17560434341, 7.01798534393, 4.25896692276, 4.6197347641, 11.0598630905, 9.66758918762, 5.1329832077, 7.82832670212, 11.5078353882, 11.5595798492, 10.6120948792, 15.835474968, 15.5113744736, 13.8788776398, 14.0531606674, 12.811756134, 12.5754270554, 16.4943828583, 16.0579662323, 14.5695476532, 12.0568571091, 19.3575344086, 14.7835798264, 14.9392910004, 12.5552816391, 10.1130628586, 7.10396766663, 4.93629646301, 4.08651399612, 4.28654813766, 3.50576639175, 3.06844162941, 1.8619787693, 0.701734185219, 0.202251985669, 0.0437354333699, 0.00604622485116, 0.000174724526005, 2.76688097074e-05],
        "dmean2": [0.764541625977, 7.9163274765, 10.8950796127, 7.36558151245, 7.70989608765, 17.7432613373, 14.2502660751, 8.23466491699, 12.3809480667, 17.2669639587, 16.6372070312, 15.9323682785, 24.1587715149, 23.141242981, 22.2577209473, 21.8264656067, 21.040178299, 20.4184780121, 26.390291214, 24.7525215149, 23.8294277191, 19.7743415833, 33.406955719, 23.2229194641, 24.2901363373, 20.4743041992, 16.2842063904, 11.2085390091, 7.78560256958, 6.26344299316, 6.55258321762, 5.32074308395, 4.6737074852, 2.85110759735, 1.07730638981, 0.319351047277, 0.0691148936749, 0.00994643941522, 0.00029287385405, 3.96427167288e-05],
        "dvar": [0.728883981705, 42.1570205688, 164.668289185, 72.1470794678, 66.8609313965, 577.175598145, 356.073516846, 103.65171814, 146.04347229, 595.267944336, 443.120849609, 409.957519531, 928.862976074, 995.205200195, 487.348449707, 470.394439697, 518.387268066, 385.285949707, 716.996887207, 996.961425781, 787.689331055, 511.767089844, 2005.00170898, 709.774047852, 593.654296875, 753.174072266, 339.044281006, 139.750610352, 90.4001312256, 59.130859375, 51.0396690369, 52.7912254333, 44.1875648499, 12.6621294022, 2.08368134499, 0.134584084153, 0.00765741290525, 0.000145375481225, 1.19044777591e-07, 7.94815657734e-10],
        "dvar2": [1.22377061844, 97.1711196899, 395.465942383, 197.948410034, 164.223526001, 1404.48852539, 687.251647949, 271.024597168, 345.178344727, 1292.21398926, 886.935424805, 853.333740234, 2080.72045898, 1838.13830566, 1206.546875, 1083.81591797, 1326.88220215, 908.768005371, 1640.20446777, 2239.24926758, 1924.78063965, 1340.3293457, 5610.72851562, 1691.87854004, 1539.12341309, 1597.90148926, 845.179321289, 328.056030273, 200.099639893, 122.187088013, 113.076789856, 113.397453308, 94.7559127808, 28.2625999451, 4.77306222916, 0.309834420681, 0.0184103455395, 0.00037319411058, 3.05765325948e-07, 1.88797000256e-09],
        "max": [8.19093322754, 46.6768798828, 108.683853149, 67.4390335083, 110.136146545, 421.081512451, 379.477539062, 165.909118652, 131.391265869, 449.060119629, 331.563049316, 325.84274292, 392.372741699, 532.905761719, 330.401000977, 280.688659668, 296.948669434, 273.535888672, 318.148468018, 555.338684082, 427.772918701, 213.566177368, 331.596466064, 495.278289795, 230.932312012, 436.545928955, 178.59135437, 124.76133728, 127.03313446, 91.3091201782, 84.052482605, 108.715019226, 95.4336929321, 61.3529434204, 32.7722129822, 6.35316133499, 1.35966968536, 0.200916275382, 0.00509291142225, 0.000300604850054],
        "mean": [1.67601275444, 8.70604324341, 8.97977161407, 4.96883630753, 7.11327219009, 18.8054141998, 23.6190624237, 8.93989086151, 13.6810617447, 20.1582069397, 21.0760116577, 16.5872039795, 30.6151218414, 30.456079483, 24.0479412079, 23.5182571411, 20.1027908325, 19.9315929413, 25.1473350525, 25.37292099, 20.8485126495, 17.0758037567, 22.4393482208, 24.6352081299, 24.5581169128, 19.930273056, 16.473985672, 12.8735895157, 7.93424272537, 6.82227611542, 7.66474914551, 6.32979488373, 5.91920566559, 4.07221364975, 1.4745092392, 0.398564577103, 0.0807420387864, 0.00975885707885, 0.000315995741403, 9.5084986242e-05],
        "median": [0.402388185263, 4.3845615387, 4.32318687439, 2.74002718925, 3.39325642586, 6.51600265503, 7.21736049652, 5.05085039139, 5.96239900589, 9.09808349609, 8.56474876404, 6.77313709259, 12.5113420486, 11.5252656937, 13.0403757095, 11.7476873398, 10.1145582199, 11.404094696, 12.4978218079, 10.6816921234, 8.86896705627, 7.46117544174, 8.71650123596, 11.5755882263, 11.7994070053, 9.82062244415, 8.61077785492, 7.27359247208, 4.00505208969, 2.7986869812, 3.85112857819, 3.22779774666, 2.52417039871, 1.55629444122, 0.656842529774, 0.16516700387, 0.0348865427077, 0.00405823159963, 0.000165439720149, 7.79422189225e-05],
        "min": [1.08306164471e-21, 7.57072289657e-21, 9.56339776104e-21, 1.14209764216e-20, 9.59604344558e-20, 2.13978790243e-19, 4.80163197842e-19, 3.5423862391e-19, 7.65929490856e-19, 6.91514823686e-19, 3.66995553244e-18, 2.09727425692e-18, 1.41768686068e-18, 2.45544036023e-18, 4.99296681572e-18, 6.14663478886e-18, 4.65390217391e-18, 5.87768197578e-18, 5.99391739545e-18, 5.67986049151e-18, 2.69921400226e-18, 1.13654558262e-17, 1.58315437469e-17, 1.08884149767e-17, 1.53978810759e-17, 9.255036015e-18, 1.13508188653e-17, 2.06589350602e-17, 1.65166809047e-17, 2.33969657535e-17, 1.86687302346e-17, 2.10663463273e-17, 1.3259365248e-17, 9.74230743434e-18, 7.22062169438e-18, 5.80109249568e-18, 2.69403812637e-18, 1.39382786988e-18, 3.94480443723e-19, 3.39146959204e-20],
        "stdev": [2.18085980415, 9.96862316132, 13.6354799271, 7.43163251877, 10.7421531677, 30.4456520081, 42.0464363098, 14.6844787598, 19.388961792, 35.1332397461, 35.5296134949, 30.5082817078, 48.5615959167, 57.1842498779, 31.9109325409, 31.8411750793, 29.6632385254, 25.5579013824, 36.7907142639, 47.7079772949, 36.6225128174, 25.8241462708, 41.790435791, 38.3130836487, 32.2794303894, 38.7186698914, 21.7061367035, 16.2315158844, 12.223323822, 11.6148529053, 10.676074028, 9.85115432739, 9.45039272308, 6.10778522491, 2.36816620827, 0.602771580219, 0.122665144503, 0.0154399871826, 0.000450852647191, 6.37283446849e-05],
        "var": [4.75614976883, 99.3734436035, 185.926300049, 55.2291603088, 115.393859863, 926.937744141, 1767.90270996, 215.633911133, 375.93182373, 1234.34460449, 1262.35351562, 930.755249023, 2358.22851562, 3270.03833008, 1018.30761719, 1013.86047363, 879.907775879, 653.206359863, 1353.55651855, 2276.05126953, 1341.20849609, 666.886535645, 1746.44067383, 1467.89233398, 1041.96166992, 1499.13525391, 471.15637207, 263.462097168, 149.409637451, 134.904800415, 113.978561401, 97.045249939, 89.309928894, 37.3050384521, 5.60821151733, 0.36333361268, 0.0150467371568, 0.000238393200561, 2.03268101018e-07, 4.06130151731e-09]
    },
    "gfcc": {
        "mean": [34.9423561096, 82.6624984741, -93.6958007812, 47.6138877869, -51.2544212341, 31.7140007019, -30.1763153076, 20.4415473938, -23.4688587189, 9.36615657806, -9.03227901459, 0.934146106243, -4.03426218033],
        "cov": [[5070.06982422, -1149.25012207, -467.260925293, 322.122772217, -404.753143311, 133.83454895, -325.198883057, 183.078491211, -226.42427063, 112.04826355, -157.178253174, 60.4073791504, -75.8600387573], [-1149.25012207, 1012.40777588, 56.9851722717, -187.905075073, 169.926544189, -41.8917236328, 233.338546753, -123.391365051, 156.602844238, -67.7629013062, 84.2017440796, -53.3330879211, 36.7342567444], [-467.260925293, 56.9851722717, 607.89251709, -1.50792658329, 28.8149909973, 28.2964477539, -62.920627594, 9.09992408752, -31.0582370758, 11.4516944885, 39.6582565308, 12.611697197, 20.126707077], [322.122772217, -187.905075073, -1.50792658329, 293.096954346, 43.5397529602, -36.211769104, -26.6976470947, 47.8080444336, -1.82013940811, -12.1579027176, -5.60471725464, 10.2907714844, 17.8351211548], [-404.753143311, 169.926544189, 28.8149909973, 43.5397529602, 267.434692383, 14.6373872757, 91.9197616577, -21.2793998718, 62.0217018127, -4.43158340454, 8.36805915833, -2.63407230377, 47.6577110291], [133.83454895, -41.8917236328, 28.2964477539, -36.211769104, 14.6373872757, 167.192947388, 56.6321792603, -9.6707649231, -1.13787722588, 28.6288032532, 9.38648986816, -12.7682914734, 6.9852232933], [-325.198883057, 233.338546753, -62.920627594, -26.6976470947, 91.9197616577, 56.6321792603, 258.616790771, 10.9892063141, 102.853630066, 8.65361976624, 42.3208580017, 1.52986490726, 7.34310007095], [183.078491211, -123.391365051, 9.09992408752, 47.8080444336, -21.2793998718, -9.6707649231, 10.9892063141, 136.027099609, 26.5371665955, 14.2269182205, 10.7753419876, 7.15175437927, 19.8163795471], [-226.42427063, 156.602844238, -31.0582370758, -1.82013940811, 62.0217018127, -1.13787722588, 102.853630066, 26.5371665955, 151.390197754, 8.82520771027, 27.1424293518, 8.69661903381, 7.14706707001], [112.04826355, -67.7629013062, 11.4516944885, -12.1579027176, -4.43158340454, 28.6288032532, 8.65361976624, 14.2269182205, 8.82520771027, 78.8701782227, 21.6276245117, 7.80996656418, 1.40933930874], [-157.178253174, 84.2017440796, 39.6582565308, -5.60471725464, 8.36805915833, 9.38648986816, 42.3208580017, 10.7753419876, 27.1424293518, 21.6276245117, 87.3120727539, 13.5308980942, 22.5389099121], [60.4073791504, -53.3330879211, 12.611697197, 10.2907714844, -2.63407230377, -12.7682914734, 1.52986490726, 7.15175437927, 8.69661903381, 7.80996656418, 13.5308980942, 85.298538208, 15.3835430145], [-75.8600387573, 36.7342567444, 20.126707077, 17.8351211548, 47.6577110291, 6.9852232933, 7.34310007095, 19.8163795471, 7.14706707001, 1.40933930874, 22.5389099121, 15.3835430145, 112.789375305]],
        "icov": [[0.000398050033255, -0.000127916806377, 0.00038500019582, -0.000540102482773, 0.000408679421525, -0.000733457622118, 0.000474465137813, -0.000567228940781, 0.00035665728501, -0.000626638939139, 0.000581500062253, -0.000520432367921, 0.000207606921322], [-0.000127916806377, 0.0034010456875, -0.000809430493973, 0.00202745571733, -0.000712065841071, 0.00248556397855, -0.00239114835858, 0.00325338239782, -0.00229861191474, 0.00296827265993, -0.00255037005991, 0.00283327116631, -0.00140708440449], [0.00038500019582, -0.000809430493973, 0.00240704976022, -0.000738686067052, -9.82939818641e-05, -0.00172559230123, 0.0018246617401, -0.00156714965124, 0.00110264576506, -0.000940072233789, -0.000245629402343, -0.00131923798472, 0.000685686653014], [-0.000540102482773, 0.00202745571733, -0.000738686067052, 0.00578795792535, -0.00205711647868, 0.00271932315081, -0.00120674120262, 0.000697685172781, -0.00126321485732, 0.00300255557522, -0.00220329035074, 0.00173418258782, -0.00090393552091], [0.000408679421525, -0.000712065841071, -9.82939818641e-05, -0.00205711647868, 0.00613618083298, -0.000902955944184, -0.0010252466891, 0.000975062546786, -0.000934083887842, -0.00139073946048, 0.00245560426265, -0.00025639688829, -0.00217096833512], [-0.000733457622118, 0.00248556397855, -0.00172559230123, 0.00271932315081, -0.000902955944184, 0.0104913264513, -0.00481795473024, 0.00378334941342, -0.00074469903484, 4.10103275499e-05, -0.00177293969318, 0.00406203232706, -0.00219722068869], [0.000474465137813, -0.00239114835858, 0.0018246617401, -0.00120674120262, -0.0010252466891, -0.00481795473024, 0.0091812396422, -0.00347264669836, -0.00148390769027, -0.0013345942134, -0.000541373097803, -0.00263442704454, 0.0022852786351], [-0.000567228940781, 0.00325338239782, -0.00156714965124, 0.000697685172781, 0.000975062546786, 0.00378334941342, -0.00347264669836, 0.0128831900656, -0.00448665907606, 0.00154942972586, -0.00239048129879, 0.00352283613756, -0.00369333894923], [0.00035665728501, -0.00229861191474, 0.00110264576506, -0.00126321485732, -0.000934083887842, -0.00074469903484, -0.00148390769027, -0.00448665907606, 0.0120257912204, -0.0029278844595, 0.000669377972372, -0.0028348218184, 0.00184462952893], [-0.000626638939139, 0.00296827265993, -0.000940072233789, 0.00300255557522, -0.00139073946048, 4.10103275499e-05, -0.0013345942134, 0.00154942972586, -0.0029278844595, 0.0184855405241, -0.0066478936933, 0.00163669930771, -0.000235697167227], [0.000581500062253, -0.00255037005991, -0.000245629402343, -0.00220329035074, 0.00245560426265, -0.00177293969318, -0.000541373097803, -0.00239048129879, 0.000669377972372, -0.0066478936933, 0.0179376583546, -0.00364512274973, -0.00190527830273], [-0.000520432367921, 0.00283327116631, -0.00131923798472, 0.00173418258782, -0.00025639688829, 0.00406203232706, -0.00263442704454, 0.00352283613756, -0.0028348218184, 0.00163669930771, -0.00364512274973, 0.0154826799408, -0.00312638375908], [0.000207606921322, -0.00140708440449, 0.000685686653014, -0.00090393552091, -0.00217096833512, -0.00219722068869, 0.0022852786351, -0.00369333894923, 0.00184462952893, -0.000235697167227, -0.00190527830273, -0.00312638375908, 0.0117312800139]]
    },
    "melbands": {
        "dmean": [0.00572720821947, 0.00415728054941, 0.000703577243257, 0.00054496480152, 0.000384968763683, 0.00011505868315, 0.000122149038361, 0.00013255153317, 8.78989376361e-05, 7.11630273145e-05, 8.33208760014e-05, 6.94872433087e-05, 4.10259526689e-05, 6.32123410469e-05, 2.35255429288e-05, 3.03157921735e-05, 2.42377136601e-05, 2.92720887956e-05, 2.40352928813e-05, 1.78146401595e-05, 1.85310254892e-05, 1.16881137728e-05, 1.8149628886e-05, 1.72675627255e-05, 1.21589209812e-05, 1.18249381558e-05, 1.04432356238e-05, 8.28202792036e-06, 7.22414506527e-06, 5.54047710466e-06, 3.85668909075e-06, 3.0238245472e-06, 2.78018183053e-06, 2.21973778025e-06, 2.7596174732e-06, 2.1853884391e-06, 2.2709048153e-06, 2.3502386739e-06, 2.09689210351e-06, 1.57619376751e-06],
        "dmean2": [0.00786095205694, 0.00658379448578, 0.00120248924941, 0.000873173761647, 0.000574519624934, 0.000183940210263, 0.000191825412912, 0.000196427339688, 0.000127179373521, 0.000105723302113, 0.00012705847621, 0.000103901649709, 6.57727068756e-05, 9.95077934931e-05, 3.78219119739e-05, 5.00021087646e-05, 4.02180339734e-05, 4.76013956359e-05, 3.84625273e-05, 2.84961442958e-05, 3.08015150949e-05, 1.91545004782e-05, 3.14136632369e-05, 2.97152000712e-05, 1.87610294233e-05, 1.93803334696e-05, 1.72868785739e-05, 1.36824519359e-05, 1.17343624879e-05, 9.04460557649e-06, 6.09899871051e-06, 4.90762522531e-06, 4.40037001681e-06, 3.39099915436e-06, 4.20186779593e-06, 3.38080008078e-06, 3.44881982528e-06, 3.64261472896e-06, 3.17788249049e-06, 2.40406598095e-06],
        "dvar": [4.7859204642e-05, 3.6955185351e-05, 1.77903302756e-06, 1.25665894757e-06, 5.00286034821e-07, 4.81078785697e-08, 3.4936050497e-08, 6.70292550353e-08, 2.7587130802e-08, 1.76631420601e-08, 2.45597124859e-08, 2.00023499985e-08, 5.06081310192e-09, 1.18413661099e-08, 1.61202906579e-09, 2.69654654161e-09, 1.46864009842e-09, 2.44540099281e-09, 2.10825268354e-09, 1.08677733479e-09, 1.44358325294e-09, 4.4361808671e-10, 1.7575513267e-09, 1.4263501491e-09, 5.02931363222e-10, 3.71365049823e-10, 4.500001205e-10, 3.20437343326e-10, 1.74008377152e-10, 8.94537985352e-11, 4.12811833328e-11, 3.40000250176e-11, 3.4328807158e-11, 1.63224607441e-11, 2.38470909686e-11, 1.46381309851e-11, 2.36650594954e-11, 2.75803598709e-11, 1.87487508158e-11, 8.87449488896e-12],
        "dvar2": [0.000109447675641, 7.38334783819e-05, 4.83558278574e-06, 3.03220986098e-06, 1.07521077553e-06, 1.19774497875e-07, 8.25095227697e-08, 1.48633958474e-07, 5.56951391673e-08, 3.58290925817e-08, 5.45944445207e-08, 3.66026036147e-08, 1.25422703334e-08, 2.75818958784e-08, 4.0140948343e-09, 6.7403491677e-09, 3.49983775294e-09, 5.82112136271e-09, 5.02094144039e-09, 2.598167681e-09, 3.59755381041e-09, 1.14414577812e-09, 4.8126831409e-09, 3.89765730802e-09, 1.17764242802e-09, 9.69398672446e-10, 1.09258391223e-09, 7.18826165258e-10, 4.28088536841e-10, 2.25555726874e-10, 9.16999948197e-11, 7.73822950162e-11, 7.8169026807e-11, 3.32510026457e-11, 5.24830352788e-11, 3.38981585857e-11, 5.08409078726e-11, 5.87240325811e-11, 4.4298786861e-11, 1.93999330489e-11],
        "max": [0.0623091720045, 0.0466937050223, 0.0100991735235, 0.0212803091854, 0.0119754243642, 0.00356911798008, 0.00208632461727, 0.00434129498899, 0.00283854478039, 0.00232844846323, 0.00196163658984, 0.00235325470567, 0.000974453345407, 0.00131862133276, 0.000539418077096, 0.000686558953021, 0.000543955422472, 0.000561378488783, 0.000834007863887, 0.000426299637184, 0.000601882406045, 0.000223793584155, 0.000367583794286, 0.000421567150624, 0.000432002096204, 0.000208300654776, 0.000234947146964, 0.00025367597118, 0.000124360783957, 8.33090234664e-05, 7.0426511229e-05, 9.25006606849e-05, 7.95407904661e-05, 3.92011170334e-05, 6.47746928735e-05, 6.3259867602e-05, 7.85915763117e-05, 7.82272909419e-05, 7.67710953369e-05, 5.53580830456e-05],
        "mean": [0.0136591298506, 0.00686080846936, 0.00089657335775, 0.000908982823603, 0.000896200130228, 0.000200415961444, 0.00021689850837, 0.000234769788221, 0.000152439621161, 0.000112218134745, 0.000160073584993, 0.00013509868586, 6.64329345454e-05, 9.91609849734e-05, 3.598821786e-05, 4.56384041172e-05, 3.54927069566e-05, 4.16288239649e-05, 3.69618246623e-05, 2.61833865807e-05, 2.389355177e-05, 1.5870155039e-05, 2.0096595108e-05, 2.0952677005e-05, 1.96027449419e-05, 1.92588049686e-05, 1.57112735906e-05, 1.2213798982e-05, 1.0813656445e-05, 8.80250809132e-06, 6.80302400724e-06, 4.36748132415e-06, 4.24474228566e-06, 3.51941571353e-06, 4.64640652353e-06, 3.87450199923e-06, 3.80100982511e-06, 4.11603241446e-06, 4.11095925301e-06, 3.2130103591e-06],
        "median": [0.00432692980394, 0.00417816406116, 0.000502989103552, 0.00042673596181, 0.000289976480417, 0.000104702965473, 9.74827853497e-05, 0.000114976792247, 5.99716113356e-05, 3.71615569748e-05, 6.29235073575e-05, 4.64531512989e-05, 3.47710229107e-05, 3.87334330298e-05, 1.75628611032e-05, 2.30776149692e-05, 1.88207359315e-05, 1.93150863197e-05, 1.45795802382e-05, 1.13532105388e-05, 9.26871962292e-06, 7.14707357474e-06, 6.71810448694e-06, 8.00812449597e-06, 8.76014473761e-06, 9.03181080503e-06, 6.87878764438e-06, 5.68687164559e-06, 5.41895587958e-06, 4.47060165243e-06, 3.92711535824e-06, 2.24103655455e-06, 1.42925284763e-06, 1.42167436934e-06, 2.09020413422e-06, 2.02861815524e-06, 1.7807627728e-06, 1.76856633516e-06, 1.52160578182e-06, 1.1864450471e-06],
        "min": [1.15396916133e-23, 6.80854961016e-24, 4.90047927945e-24, 9.9752131997e-24, 1.64030656367e-23, 9.23702240814e-24, 1.21810315849e-23, 8.34146096574e-24, 3.21008296708e-23, 1.10007552535e-23, 7.27526654296e-24, 9.89607704027e-24, 1.57683386861e-23, 2.20939981372e-23, 7.47982054226e-24, 1.17366480932e-23, 1.05907455868e-23, 8.71682938344e-24, 1.0330438843e-23, 4.3119831277e-24, 2.99940515889e-24, 1.03362346041e-23, 1.32914732159e-23, 1.4434127193e-23, 6.93968984704e-24, 1.48536087125e-23, 6.83155358301e-24, 6.02682631841e-24, 7.20430929339e-24, 8.35228098192e-24, 1.29355936068e-23, 8.19947468027e-24, 1.35195045046e-23, 1.12594834866e-23, 1.00775497583e-23, 1.10123096991e-23, 1.33256450926e-23, 9.53880824718e-24, 9.10206645106e-24, 7.41283678508e-24],
        "stdev": [0.0156977381557, 0.00812168046832, 0.00122482154984, 0.0014000562951, 0.00140528834891, 0.000328909023665, 0.000303642358631, 0.000372549373424, 0.000266794580966, 0.000221227572183, 0.000254627899267, 0.000259628955973, 9.66535808402e-05, 0.000158051989274, 5.56363083888e-05, 6.6541841079e-05, 4.76107998111e-05, 6.41600345261e-05, 6.9779358455e-05, 4.41531228716e-05, 4.7619389079e-05, 2.43031572609e-05, 4.04888924095e-05, 3.96663635911e-05, 3.25231376337e-05, 2.62824250967e-05, 2.62198573182e-05, 2.3831935323e-05, 1.54753106472e-05, 1.18004327305e-05, 9.05714659893e-06, 7.00119790054e-06, 8.59965075506e-06, 5.80277355766e-06, 7.25537756807e-06, 5.34444825462e-06, 6.44274996375e-06, 7.09569530954e-06, 6.46080798106e-06, 5.11216785526e-06],
        "var": [0.000246418989263, 6.59616925986e-05, 1.50018775003e-06, 1.96015753318e-06, 1.97483541342e-06, 1.08181154701e-07, 9.2198675361e-08, 1.38793026849e-07, 7.11793504138e-08, 4.89416365212e-08, 6.48353690735e-08, 6.74071998219e-08, 9.34191479729e-09, 2.49804301689e-08, 3.09539882615e-09, 4.42781633581e-09, 2.26678831261e-09, 4.11651024379e-09, 4.86915885389e-09, 1.94949834054e-09, 2.26760632493e-09, 5.9064342306e-10, 1.63935043318e-09, 1.57342039397e-09, 1.05775443959e-09, 6.90765888933e-10, 6.87480905537e-10, 5.67961122577e-10, 2.39485264952e-10, 1.39250222464e-10, 8.20319090433e-11, 4.90167698097e-11, 7.39539887662e-11, 3.36721796279e-11, 5.26405065371e-11, 2.85631275576e-11, 4.1509028853e-11, 5.03488917225e-11, 4.17420369103e-11, 2.61342614216e-11]
    },
    "melbands128": {
