{
"lowlevel": {
    "average_loudness": 0.255349218845,
    "barkbands_crest": {
        "dmean": 2.55244112015,
        "dmean2": 3.99812030792,
        "dvar": 6.54309129715,
        "dvar2": 14.4689130783,
        "max": 25.3259754181,
        "mean": 10.7124643326,
        "median": 10.0556125641,
        "min": 2.77877640724,
        "stdev": 4.32825088501,
        "var": 18.7337551117
    },
    "barkbands_flatness_db": {
        "dmean": 0.0218154918402,
        "dmean2": 0.0315359309316,
        "dvar": 0.000545885704923,
        "dvar2": 0.00104616803583,
        "max": 0.417071312666,
        "mean": 0.166591629386,
        "median": 0.171769201756,
        "min": 0.0354209691286,
        "stdev": 0.05709566921,
        "var": 0.00325991539285
    },
    "barkbands_kurtosis": {
        "dmean": 4.58334541321,
        "dmean2": 7.09537410736,
        "dvar": 103.245178223,
        "dvar2": 231.887969971,
        "max": 259.95022583,
        "mean": 7.19184494019,
        "median": 3.63251256943,
        "min": -1.91218841076,
        "stdev": 14.582742691,
        "var": 212.65637207
    },
    "barkbands_skewness": {
        "dmean": 0.707729458809,
        "dmean2": 1.0094448328,
        "dvar": 0.768144667149,
        "dvar2": 1.48910140991,
        "max": 12.3422498703,
        "mean": 1.53474164009,
        "median": 1.45307660103,
        "min": -3.78484153748,
        "stdev": 1.68570518494,
        "var": 2.84160208702
    },
    "barkbands_spread": {
        "dmean": 7.29979038239,
        "dmean2": 11.1675758362,
        "dvar": 143.934356689,
        "dvar2": 317.165649414,
        "max": 97.489364624,
        "mean": 19.4478683472,
        "median": 12.3533525467,
        "min": 0.377778410912,
        "stdev": 18.2666606903,
        "var": 333.67086792
    },
    "dissonance": {
        "dmean": 0.0312891118228,
        "dmean2": 0.0512098670006,
        "dvar": 0.00119616754819,
        "dvar2": 0.00285909697413,
        "max": 0.499486327171,
        "mean": 0.431332439184,
        "median": 0.44241219759,
        "min": 0.035890404135,
        "stdev": 0.0542109198868,
        "var": 0.00293882377446
    },
    "dynamic_complexity": 2.92277956009,
    "erbbands_crest": {
        "dmean": 2.84316802025,
        "dmean2": 4.60563611984,
        "dvar": 7.25969696045,
        "dvar2": 18.0892105103,
        "max": 28.8299884796,
        "mean": 10.4034357071,
        "median": 9.73181724548,
        "min": 2.73127770424,
        "stdev": 4.31736707687,
        "var": 18.6396579742
    },
    "erbbands_flatness_db": {
        "dmean": 0.0190614685416,
        "dmean2": 0.0277292318642,
        "dvar": 0.000401376717491,
        "dvar2": 0.000737370806746,
        "max": 0.381406128407,
        "mean": 0.183593586087,
        "median": 0.183978587389,
        "min": 0.0547952726483,
        "stdev": 0.0542817525566,
        "var": 0.00294650881551
    },
    "erbbands_kurtosis": {
        "dmean": 2.02145648003,
        "dmean2": 3.2151184082,
        "dvar": 11.1406927109,
        "dvar2": 29.2069396973,
        "max": 48.3738250732,
        "mean": 3.16012740135,
        "median": 2.23797369003,
        "min": -1.77965712547,
        "stdev": 4.21638059616,
        "var": 17.7778644562
    },
    "erbbands_skewness": {
        "dmean": 0.526259243488,
        "dmean2": 0.76320618391,
        "dvar": 0.348118662834,
        "dvar2": 0.767098426819,
        "max": 5.73796224594,
        "mean": 0.835348308086,
        "median": 0.90810585022,
        "min": -2.90495967865,
        "stdev": 1.09148108959,
        "var": 1.19133102894
    },
    "erbbands_spread": {
        "dmean": 9.78234577179,
        "dmean2": 15.2648849487,
        "dvar": 196.968399048,
        "dvar2": 463.399291992,
        "max": 129.88192749,
        "mean": 31.4015274048,
        "median": 24.4032230377,
        "min": 2.81956863403,
        "stdev": 22.5135688782,
        "var": 506.860748291
    },
    "hfc": {
        "dmean": 14.0372123718,
        "dmean2": 20.0754413605,
        "dvar": 898.911010742,
        "dvar2": 1913.80773926,
        "max": 366.192321777,
        "mean": 31.5985202789,
        "median": 17.4297618866,
        "min": 1.18889001846e-16,
        "stdev": 46.6989059448,
        "var": 2180.7878418
    },
    "loudness_ebu128": {
        "integrated": -12.1187925339,
        "loudness_range": 3.78030204773,
        "momentary": {
            "dmean": 0.787319481373,
            "dmean2": 0.834313154221,
            "dvar": 0.843453347683,
            "dvar2": 1.36681866646,
            "max": -5.16300058365,
            "mean": -12.8701095581,
            "median": -12.8855466843,
            "min": -19.3891010284,
            "stdev": 2.44794154167,
            "var": 5.99241828918
        },
        "short_term": {
            "dmean": 0.0962982177734,
            "dmean2": 0.0988700911403,
            "dvar": 0.0117437001318,
            "dvar2": 0.0201436001807,
            "max": -8.06041622162,
            "mean": -12.7069740295,
            "median": -13.0199756622,
            "min": -14.4393692017,
            "stdev": 1.22696685791,
            "var": 1.50544762611
        }
    },
    "melbands_crest": {
        "dmean": 3.15024280548,
        "dmean2": 4.94546508789,
        "dvar": 9.85010910034,
        "dvar2": 21.4272766113,
        "max": 35.6958847046,
        "mean": 14.3164424896,
        "median": 13.4943466187,
        "min": 2.17595100403,
        "stdev": 6.02185678482,
        "var": 36.2627601624
    },
    "melbands_flatness_db": {
        "dmean": 0.0271607339382,
        "dmean2": 0.0372171923518,
        "dvar": 0.00102921447251,
        "dvar2": 0.00170108128805,
        "max": 0.529852390289,
        "mean": 0.215660780668,
        "median": 0.228161633015,
        "min": 0.00554481847212,
        "stdev": 0.0810790508986,
        "var": 0.00657381210476
    },
    "melbands_kurtosis": {
        "dmean": 7.86567878723,
        "dmean2": 12.37150383,
        "dvar": 345.120269775,
        "dvar2": 796.359191895,
        "max": 377.654846191,
        "mean": 12.7517747879,
        "median": 6.32916355133,
        "min": -1.77774012089,
        "stdev": 25.3010120392,
        "var": 640.141174316
    },
    "melbands_skewness": {
        "dmean": 0.75505822897,
        "dmean2": 1.0961163044,
        "dvar": 0.908064067364,
        "dvar2": 1.87507104874,
        "max": 16.2639598846,
        "mean": 2.10451459885,
        "median": 1.79461586475,
        "min": -1.81374967098,
        "stdev": 1.80809080601,
        "var": 3.2691924572
    },
    "melbands_spread": {
        "dmean": 11.4856424332,
        "dmean2": 17.0797367096,
        "dvar": 623.57598877,
        "dvar2": 1222.82092285,
        "max": 229.497177124,
        "mean": 27.7930355072,
        "median": 13.4090690613,
        "min": 0.392570614815,
        "stdev": 40.0113105774,
        "var": 1600.9050293
    },
    "pitch_salience": {
        "dmean": 0.0687733441591,
        "dmean2": 0.107021838427,
        "dvar": 0.00575355999172,
        "dvar2": 0.0130637604743,
        "max": 0.97526550293,
        "mean": 0.56316536665,
        "median": 0.564229488373,
        "min": 0.0922009423375,
        "stdev": 0.121137261391,
        "var": 0.0146742360666
    },
    "silence_rate_20dB": {
        "dmean": 0.00928792543709,
        "dmean2": 0.018590239808,
        "dvar": 0.00920164212584,
        "dvar2": 0.0182446017861,
        "max": 1,
        "mean": 0.986852288246,
        "median": 1,
        "min": 0,
        "stdev": 0.113907344639,
        "var": 0.0129748824984
    },
    "silence_rate_30dB": {
        "dmean": 0.0201238393784,
        "dmean2": 0.0402788519859,
        "dvar": 0.0197188816965,
        "dvar2": 0.0479516237974,
        "max": 1,
        "mean": 0.951276123524,
        "median": 1,
        "min": 0,
        "stdev": 0.215290129185,
        "var": 0.0463498421013
    },
    "silence_rate_60dB": {
        "dmean": 0.0255417954177,
        "dmean2": 0.0511231608689,
        "dvar": 0.0248893555254,
        "dvar2": 0.0578047186136,
        "max": 1,
        "mean": 0.0502706877887,
        "median": 0,
        "min": 0,
        "stdev": 0.218500107527,
        "var": 0.0477422997355
    },
    "spectral_centroid": {
        "dmean": 292.569152832,
        "dmean2": 408.775085449,
        "dvar": 309824.3125,
        "dvar2": 484714.5,
        "max": 10805.7167969,
        "mean": 1141.86364746,
        "median": 761.749389648,
        "min": 181.162963867,
        "stdev": 975.847229004,
        "var": 952277.8125
    },
    "spectral_complexity": {
        "dmean": 2.95975232124,
        "dmean2": 4.53292036057,
        "dvar": 15.8915805817,
        "dvar2": 27.4991474152,
        "max": 60,
        "mean": 14.7208042145,
        "median": 12,
        "min": 0,
        "stdev": 8.97853660583,
        "var": 80.6141204834
    },
    "spectral_decrease": {
        "dmean": 2.77934386617e-09,
        "dmean2": 4.01079747192e-09,
        "dvar": 8.63332706661e-17,
        "dvar2": 1.52231725896e-16,
        "max": -5.01772067783e-29,
        "mean": -8.13837885971e-09,
        "median": -5.061316255e-09,
        "min": -1.52172233925e-07,
        "stdev": 1.57713717641e-08,
        "var": 2.4873617481e-16
    },
    "spectral_energy": {
        "dmean": 0.0111912032589,
        "dmean2": 0.0162025801837,
        "dvar": 0.00126682349946,
        "dvar2": 0.00225674593821,
        "max": 0.578956365585,
        "mean": 0.0335822068155,
        "median": 0.0226758699864,
        "min": 1.09729668392e-20,
        "stdev": 0.0606336891651,
        "var": 0.00367644405924
    },
    "spectral_energyband_high": {
        "dmean": 0.00132055219728,
        "dmean2": 0.00188947911374,
        "dvar": 9.60490524449e-06,
        "dvar2": 1.87843270396e-05,
        "max": 0.0336496680975,
        "mean": 0.00221620360389,
        "median": 0.000333791947924,
        "min": 7.67551634042e-21,
        "stdev": 0.00497719179839,
        "var": 2.47724401561e-05
    },
    "spectral_energyband_low": {
        "dmean": 0.00544573925436,
        "dmean2": 0.00760270282626,
        "dvar": 0.00105263059959,
        "dvar2": 0.0018641941715,
        "max": 0.534645974636,
        "mean": 0.0110203688964,
        "median": 0.00053324108012,
        "min": 1.11519069982e-22,
        "stdev": 0.0519186146557,
        "var": 0.00269554252736
    },
    "spectral_energyband_middle_high": {
        "dmean": 0.00176459166687,
        "dmean2": 0.00261028576642,
        "dvar": 1.98143243324e-05,
        "dvar2": 4.67292047688e-05,
        "max": 0.0901771262288,
        "mean": 0.00446761585772,
        "median": 0.00286438502371,
        "min": 1.75373861504e-21,
        "stdev": 0.0054936548695,
        "var": 3.01802429021e-05
    },
    "spectral_energyband_middle_low": {
        "dmean": 0.00685739889741,
        "dmean2": 0.0111468359828,
        "dvar": 0.00052319857059,
        "dvar2": 0.00145610596519,
        "max": 0.395739525557,
        "mean": 0.0165009852499,
        "median": 0.0131258126348,
        "min": 4.20241249366e-22,
        "stdev": 0.0217076893896,
        "var": 0.000471223756904
    },
    "spectral_entropy": {
        "dmean": 0.223677769303,
        "dmean2": 0.30660456419,
        "dvar": 0.0689142793417,
        "dvar2": 0.122777156532,
        "max": 9.79324626923,
        "mean": 7.37310123444,
        "median": 7.24068975449,
        "min": 5.87091970444,
        "stdev": 0.64152431488,
        "var": 0.411553412676
    },
    "spectral_flux": {
        "dmean": 0.0285562295467,
        "dmean2": 0.0437834002078,
        "dvar": 0.0023617730476,
        "dvar2": 0.00374458893202,
        "max": 0.779790878296,
        "mean": 0.083349570632,
        "median": 0.0615821555257,
        "min": 1.04751929353e-10,
        "stdev": 0.0790119022131,
        "var": 0.00624288106337
    },
    "spectral_kurtosis": {
        "dmean": 2.10451722145,
        "dmean2": 3.3939371109,
        "dvar": 7.50305271149,
        "dvar2": 21.3645935059,
        "max": 39.4014167786,
        "mean": 5.7686252594,
        "median": 4.54349803925,
        "min": -1.23104572296,
        "stdev": 5.27731370926,
        "var": 27.8500423431
    },
    "spectral_rms": {
        "dmean": 0.000782156770583,
        "dmean2": 0.00110113853589,
        "dvar": 1.81543600775e-06,
        "dvar2": 2.98236045637e-06,
        "max": 0.0237662680447,
        "mean": 0.00490086106583,
        "median": 0.0047034882009,
        "min": 3.27190054564e-12,
        "stdev": 0.0029571368359,
        "var": 8.74465877132e-06
    },
    "spectral_rolloff": {
        "dmean": 916.71295166,
        "dmean2": 1489.3293457,
        "dvar": 4468486.5,
        "dvar2": 8730204,
        "max": 18712.3535156,
        "mean": 2157.31835938,
        "median": 947.4609375,
        "min": 64.599609375,
        "stdev": 3004.78686523,
        "var": 9028744
    },
    "spectral_skewness": {
        "dmean": 0.305557191372,
        "dmean2": 0.455809891224,
        "dvar": 0.103556983173,
        "dvar2": 0.236114829779,
        "max": 4.61532592773,
        "mean": 1.90495789051,
        "median": 1.91093993187,
        "min": 0.0177007820457,
        "stdev": 0.775846719742,
        "var": 0.601938128471
    },
    "spectral_spread": {
        "dmean": 875327.6875,
        "dmean2": 1250666.625,
        "dvar": 1.95969495859e+12,
        "dvar2": 2.82860742246e+12,
        "max": 41448092,
        "mean": 5621968.5,
        "median": 5492186,
        "min": 1320518,
        "stdev": 2484592.5,
        "var": 6.17319969587e+12
    },
    "spectral_strongpeak": {
        "dmean": 0.662898898125,
        "dmean2": 1.11309397221,
        "dvar": 1.81007897854,
        "dvar2": 4.66293144226,
        "max": 17.8763961792,
        "mean": 1.29006433487,
        "median": 0.944613397121,
        "min": 0,
        "stdev": 1.47801351547,
        "var": 2.1845240593
    },
    "zerocrossingrate": {
        "dmean": 0.0206306390464,
        "dmean2": 0.0219250004739,
        "dvar": 0.00108692282811,
        "dvar2": 0.00105245795567,
        "max": 0.49853515625,
        "mean": 0.0790090411901,
        "median": 0.048828125,
        "min": 0.001953125,
        "stdev": 0.0763837769628,
        "var": 0.0058344816789
    },
    "barkbands": {
        "dmean": [0.000469220860396, 0.0046381955035, 0.0025874315761, 0.00147860182915, 0.00288033322431, 0.00229445099831, 0.0013440111652, 0.00126480311155, 0.000724907615222, 0.000584121153224, 0.00041990345926, 0.000686048762873, 0.000215123771341, 0.000177003748831, 0.000182629781193, 9.04882836039e-05, 0.000119795302453, 0.000145651341882, 0.00012346864969, 0.000113065740152, 0.000111606008431, 0.000252684898442, 0.000339517282555, 0.000306119065499, 0.000365372863598, 0.000127382489154, 2.34202634601e-05],
        "dmean2": [0.000759826391004, 0.00646422617137, 0.00485399644822, 0.0027448637411, 0.00474187731743, 0.00371455331333, 0.002068486996, 0.00183163606562, 0.00110044970643, 0.000853478501085, 0.000658835167997, 0.00102720886935, 0.000346912042005, 0.000283070810838, 0.000305194378598, 0.000152963257278, 0.000191579965758, 0.000227440337767, 0.000192624444026, 0.000178729125764, 0.000163936361787, 0.000356022675987, 0.000525307550561, 0.000467123638373, 0.000512832659297, 0.000204230716918, 4.10988650401e-05],
        "dvar": [7.23666380509e-06, 0.000806840194855, 0.00062659161631, 0.000140486561577, 6.07087204116e-05, 2.6263660402e-05, 1.581642573e-05, 5.46113869859e-06, 5.36518382432e-06, 1.50611879235e-06, 1.10039229639e-06, 1.68085773566e-06, 4.51011516134e-07, 3.10282189275e-07, 1.09559027806e-06, 3.27914705167e-07, 2.89162016998e-07, 2.26629381928e-07, 1.36859966915e-07, 2.29487909564e-07, 9.17105822396e-08, 5.03087846937e-07, 7.24512347006e-07, 7.9030616007e-07, 1.29046452457e-06, 1.79557602564e-07, 1.17165983582e-08],
        "dvar2": [2.02860319405e-05, 0.00165105529595, 0.00181055977009, 0.000412399414927, 0.000170339058968, 6.83624966769e-05, 3.9743790694e-05, 1.1573505617e-05, 1.01485120467e-05, 2.5755259685e-06, 2.39924429479e-06, 3.40469887306e-06, 1.17992135529e-06, 7.38821142932e-07, 2.93379662253e-06, 8.21134619855e-07, 7.28991949472e-07, 5.70924839849e-07, 2.89707941192e-07, 5.76200875457e-07, 1.93443852936e-07, 8.80861705355e-07, 1.64752532328e-06, 1.70404541677e-06, 2.5477249892e-06, 4.5168715701e-07, 3.16723571814e-08],
        "max": [0.048991009593, 0.512610852718, 0.353401780128, 0.1972643435, 0.118852935731, 0.0762767866254, 0.0498644337058, 0.0389915406704, 0.0707514882088, 0.0179317556322, 0.0180698428303, 0.0175836719573, 0.0098839038983, 0.00799942295998, 0.0178776104003, 0.0132059194148, 0.00850435066968, 0.00838509388268, 0.00514588085935, 0.00821049883962, 0.00401836680248, 0.012481876649, 0.00920063164085, 0.0120690567419, 0.0154673438519, 0.0100513631478, 0.000974412891082],
        "mean": [0.00115481903777, 0.0075671793893, 0.00180098903365, 0.00136697909329, 0.00499388994649, 0.00373429106548, 0.00187452731188, 0.00288560637273, 0.00135933107231, 0.00119503610767, 0.000678205047734, 0.00126150681172, 0.00029720729799, 0.000234745835769, 0.000203692165087, 0.000111596062197, 0.00016104131646, 0.000213525694562, 0.000188724225154, 0.000151831380208, 0.000174187065568, 0.000383126898669, 0.000469434278784, 0.000420225696871, 0.000529744254891, 0.000152573105879, 1.819614954e-05],
        "median": [7.62293836942e-07, 8.47297924338e-05, 0.000128658575704, 0.000223968367209, 0.00196246197447, 0.00164694525301, 0.000256933708442, 0.00102200137917, 0.000463571370346, 0.000414380396251, 0.000155207730131, 0.000390576460632, 8.23975933599e-05, 4.82889554405e-05, 3.43810825143e-05, 2.44811380981e-05, 2.53381640505e-05, 4.82882278448e-05, 4.26188671554e-05, 2.12926261156e-05, 2.73695677606e-05, 4.77231224068e-05, 6.15330427536e-05, 3.37184719683e-05, 4.47037818958e-05, 1.7333051801e-05, 1.71233466517e-07],
        "min": [6.53077196391e-24, 5.31894009184e-23, 2.19031789951e-23, 5.80327418192e-23, 6.46954294703e-23, 3.47348646323e-23, 7.2738819343e-23, 6.72394617134e-23, 7.41688222157e-23, 1.77934746341e-22, 5.88544445816e-23, 7.79804024723e-23, 1.76981979072e-22, 1.46821239201e-22, 1.09624592119e-22, 2.73216711243e-22, 1.53060321168e-22, 1.72154693068e-22, 1.7996868219e-22, 5.03352276948e-22, 3.72075472465e-22, 5.14100879124e-22, 7.10864801261e-22, 7.35752719111e-22, 1.22291343034e-21, 1.70277915982e-21, 2.39121819802e-21],
        "stdev": [0.005801405292, 0.0405256897211, 0.0188040621579, 0.00888006016612, 0.00781232537702, 0.0060847341083, 0.0046553267166, 0.00442089233547, 0.00317162484862, 0.00217717234045, 0.00144294241909, 0.002329925308, 0.000680610362906, 0.000639252190012, 0.000904276501387, 0.000516410626005, 0.000533401267603, 0.000515533669386, 0.000477669207612, 0.00047897346667, 0.000400921155233, 0.00108282803558, 0.00116164039355, 0.00118679483421, 0.00172827776987, 0.000440926873125, 8.98124999367e-05],
        "var": [3.36563025485e-05, 0.00164233148098, 0.000353592768079, 7.88554752944e-05, 6.10324314039e-05, 3.70239904441e-05, 2.16720654862e-05, 1.95442898985e-05, 1.00592042145e-05, 4.7400794756e-06, 2.08208280128e-06, 5.42855195818e-06, 4.63230435344e-07, 4.08643359151e-07, 8.17715999801e-07, 2.66679904826e-07, 2.84516886495e-07, 2.65774957597e-07, 2.2816786327e-07, 2.29415590525e-07, 1.60737783972e-07, 1.17251659049e-06, 1.34940830776e-06, 1.408482035e-06, 2.98694408229e-06, 1.94416514887e-07, 8.06628452921e-09]
    },
    "erbbands": {
        "dmean": [0.147690072656, 1.08234655857, 2.56715202332, 4.45111608505, 5.58032941818, 10.5879430771, 18.1862068176, 19.4449424744, 20.3797626495, 18.6492500305, 28.9476699829, 14.3782997131, 16.8583068848, 18.8996372223, 19.7071819305, 23.4330253601, 9.9457950592, 8.34973144531, 8.99516296387, 8.57109832764, 5.12739133835, 6.66923761368, 7.64355182648, 6.03559494019, 6.60883903503, 5.24880743027, 4.1906170845, 4.94135522842, 8.28116703033, 10.6738214493, 9.43599700928, 8.33371257782, 3.95060992241, 3.91824913025, 2.77240300179, 0.736788511276, 0.225259453058, 0.0569661185145, 0.00201260391623, 5.48213320144e-05],
        "dmean2": [0.190337076783, 1.503672719, 4.31781244278, 8.42717647552, 9.6627035141, 17.2207050323, 29.9048976898, 30.9533214569, 33.4563293457, 26.057674408, 42.3690223694, 21.3134479523, 25.4375247955, 28.3026638031, 30.0279273987, 35.4863586426, 15.9353485107, 12.9439268112, 14.7321662903, 13.7146701813, 8.25676059723, 10.5139703751, 11.8210277557, 9.23918437958, 10.4952335358, 8.31716251373, 6.39120912552, 7.27275466919, 11.7251977921, 15.2488107681, 14.7174091339, 12.9830570221, 5.8578543663, 5.61829662323, 3.97360134125, 1.08454954624, 0.373403966427, 0.0987669229507, 0.00345470709726, 8.55089529068e-05],
        "dvar": [0.576194286346, 51.3882598877, 491.411468506, 1519.41003418, 876.520690918, 716.656982422, 1403.14575195, 2462.79101562, 3995.21020508, 2325.73217773, 3158.95117188, 4109.73583984, 1350.97924805, 1237.42651367, 1623.05944824, 2216.43969727, 909.537414551, 622.950683594, 1287.90319824, 3158.95336914, 761.074279785, 760.942382812, 721.992431641, 428.970794678, 433.313903809, 628.823364258, 156.393997192, 187.351959229, 543.948059082, 798.752929688, 587.34777832, 575.644348145, 137.54095459, 152.493087769, 81.610786438, 4.02880573273, 1.19588172436, 0.0552303195, 7.47165031498e-05, 2.77530176618e-08],
        "dvar2": [0.902097165585, 105.320861816, 1310.0534668, 4437.66992188, 2569.76293945, 1903.20410156, 3640.50073242, 6105.90185547, 10982.0771484, 4357.38818359, 6357.14453125, 7459.58544922, 2565.84570312, 2615.78417969, 3507.14794922, 4927.55517578, 2335.20043945, 1480.52270508, 3321.12231445, 8000.12304688, 1916.58911133, 1855.83520508, 1813.88476562, 1055.02685547, 958.537597656, 1576.59655762, 355.228118896, 389.281646729, 975.66229248, 1541.63928223, 1362.67858887, 1349.99755859, 273.350616455, 303.864440918, 168.160614014, 8.89997196198, 3.17171287537, 0.143314898014, 0.000197190631297, 7.01374816003e-08],
        "max": [16.0179386139, 128.422988892, 320.006439209, 509.532104492, 532.218933105, 348.926208496, 404.429229736, 914.860961914, 809.384277344, 1022.82019043, 1065.91638184, 2179.73510742, 586.254821777, 609.584716797, 559.469787598, 905.728820801, 457.5128479, 342.391571045, 574.341430664, 957.306152344, 545.729858398, 434.876159668, 504.351776123, 338.440490723, 267.824157715, 454.282836914, 171.723678589, 184.84677124, 490.451385498, 471.439483643, 267.960632324, 394.879699707, 188.119491577, 254.403198242, 127.211845398, 25.2280788422, 28.5367660522, 2.92517113686, 0.101427085698, 0.00263627106324],
        "mean": [0.295405834913, 1.39556884766, 2.10424041748, 3.58819723129, 6.87164354324, 17.1959342957, 31.0723724365, 32.9916152954, 27.2750091553, 35.3254814148, 67.3737335205, 27.5034446716, 40.5710220337, 39.5391921997, 38.1232070923, 43.7350082397, 15.2705373764, 12.4122724533, 11.0318508148, 9.56599903107, 6.6319732666, 9.56954669952, 11.6154174805, 9.71866512299, 9.82902908325, 7.01918840408, 6.45950603485, 7.65000295639, 12.6308841705, 15.7045612335, 12.7505102158, 10.7248392105, 5.83033514023, 5.72676992416, 3.79501128197, 1.00897061825, 0.231797620654, 0.0507308356464, 0.00174334284384, 8.69365321705e-05],
        "median": [0.00107031757943, 0.0256665535271, 0.158664286137, 0.553857505322, 1.92366635799, 5.91539096832, 9.50905323029, 12.9484033585, 7.4715423584, 9.83281040192, 22.7457256317, 10.4625473022, 16.3159751892, 15.7721662521, 13.5501327515, 15.4846630096, 5.502368927, 3.21383070946, 1.90903794765, 1.84139740467, 1.48198270798, 1.49162590504, 2.60896730423, 2.16626906395, 2.07941508293, 1.06202721596, 0.925883769989, 1.15588736534, 1.67206013203, 2.15445065498, 1.50219941139, 0.996256649494, 0.375938147306, 0.343041926622, 0.329975217581, 0.113828137517, 0.0235356148332, 0.00215311255306, 8.26905088616e-05, 3.92236433981e-05],
        "min": [3.02521619073e-21, 6.07869627058e-21, 1.57665923878e-20, 1.31966210653e-19, 1.50377312384e-19, 2.74810544295e-19, 2.65998666777e-19, 3.04343916542e-19, 2.92098774193e-19, 2.44248236913e-18, 9.97645269405e-19, 1.98895433532e-18, 4.87467502504e-18, 2.93196236071e-18, 3.33215606338e-18, 3.03113718025e-18, 7.73205836813e-18, 7.11596349455e-18, 7.919887097e-18, 7.93666066546e-18, 1.47950682414e-17, 8.97864353949e-18, 8.85669230178e-18, 7.32735446317e-18, 1.54434554189e-17, 2.53708436881e-17, 1.45469041315e-17, 1.63017512574e-17, 2.14779662893e-17, 1.71906875201e-17, 2.07003768089e-17, 1.40243344339e-17, 1.44603826938e-17, 1.05049613417e-17, 9.50929644605e-18, 6.2856383549e-18, 3.24721991731e-18, 1.39163646165e-18, 3.2066067451e-19, 3.43221340708e-20],
        "stdev": [1.37902653217, 8.92101478577, 18.7622833252, 29.0225906372, 24.5195388794, 29.3755493164, 46.6568527222, 63.153213501, 62.9066009521, 77.9018859863, 106.584159851, 80.8623886108, 72.7336730957, 58.5252342224, 61.6866455078, 81.3194351196, 31.2001361847, 30.4728927612, 34.5260925293, 49.7581176758, 25.403470993, 29.3538532257, 28.5710716248, 24.3977642059, 25.6366939545, 24.0274200439, 15.7080278397, 18.4510154724, 34.9129638672, 42.6456871033, 32.1474456787, 29.321855545, 18.0463619232, 19.565038681, 12.5258464813, 2.65218043327, 0.969139814377, 0.209768727422, 0.00751787284389, 0.000175067136297],
        "var": [1.90171408653, 79.5845031738, 352.023284912, 842.310791016, 601.207763672, 862.922851562, 2176.86181641, 3988.32861328, 3957.24047852, 6068.70410156, 11360.1835938, 6538.72558594, 5290.18701172, 3425.203125, 3805.24243164, 6612.85009766, 973.448486328, 928.597167969, 1192.05114746, 2475.87036133, 645.336364746, 861.648681641, 816.306152344, 595.250915527, 657.240112305, 577.316955566, 246.742141724, 340.439941406, 1218.91503906, 1818.65454102, 1033.45837402, 859.771179199, 325.671203613, 382.790710449, 156.896835327, 7.03406047821, 0.939231932163, 0.0440029203892, 5.65184091101e-05, 3.0648504179e-08]
    },
    "gfcc": {
        "mean": [-14.3203897476, 77.9036178589, -105.411758423, 2.637591362, -87.1929092407, 9.87132453918, -42.8099822998, 6.21194028854, -34.2144584656, -1.19163346291, -14.6717405319, 8.10926151276, -13.5520133972],
        "cov": [[5840.43554688, -2175.97583008, 117.447662354, 529.948791504, -384.673461914, 109.372398376, -643.758483887, -91.0230712891, -180.552963257, 26.8332366943, -260.477600098, 44.1384735107, -271.405212402], [-2175.97583008, 3354.55151367, -147.621551514, -315.752410889, 470.65335083, 40.1478462219, 769.582336426, 195.662979126, 264.434265137, -72.3434295654, 346.999206543, -10.4558830261, 382.217529297], [117.447662354, -147.621551514, 665.369262695, -15.7554588318, 66.8177337646, 80.1168746948, 10.17781353, 25.9151058197, -36.6892852783, 4.53411483765, -41.8933944702, 41.3379936218, -43.4338264465], [529.948791504, -315.752410889, -15.7554588318, 630.110351562, 268.074707031, 159.738525391, -84.5705490112, 89.2505950928, 110.725593567, 86.5984268188, -10.7884902954, -61.6760063171, 130.861099243], [-384.673461914, 470.65335083, 66.8177337646, 268.074707031, 531.385681152, 151.379165649, 146.483642578, 112.556098938, 114.245986938, 59.3544235229, 51.6021957397, -52.4171524048, 127.274803162], [109.372398376, 40.1478462219, 80.1168746948, 159.738525391, 151.379165649, 237.198455811, 145.113723755, 128.859924316, 80.7570419312, 48.6366844177, 51.824508667, -8.37242698669, 67.3450698853], [-643.758483887, 769.582336426, 10.17781353, -84.5705490112, 146.483642578, 145.113723755, 511.532012939, 200.94569397, 144.855438232, 12.4941062927, 166.017974854, 44.0031166077, 105.788169861], [-91.0230712891, 195.662979126, 25.9151058197, 89.2505950928, 112.556098938, 128.859924316, 200.94569397, 249.824981689, 124.734687805, 53.5398254395, 83.1371841431, 20.2611179352, 123.987953186], [-180.552963257, 264.434265137, -36.6892852783, 110.725593567, 114.245986938, 80.7570419312, 144.855438232, 124.734687805, 232.200363159, 51.1516838074, 71.1726455688, 15.4488258362, 117.988258362], [26.8332366943, -72.3434295654, 4.53411483765, 86.5984268188, 59.3544235229, 48.6366844177, 12.4941062927, 53.5398254395, 51.1516838074, 117.818847656, 29.7728118896, 1.27127504349, 45.2828903198], [-260.477600098, 346.999206543, -41.8933944702, -10.7884902954, 51.6021957397, 51.824508667, 166.017974854, 83.1371841431, 71.1726455688, 29.7728118896, 143.632507324, 17.5360660553, 69.3739776611], [44.1384735107, -10.4558830261, 41.3379936218, -61.6760063171, -52.4171524048, -8.37242698669, 44.0031166077, 20.2611179352, 15.4488258362, 1.27127504349, 17.5360660553, 104.364112854, 10.1905450821], [-271.405212402, 382.217529297, -43.4338264465, 130.861099243, 127.274803162, 67.3450698853, 105.788169861, 123.987953186, 117.988258362, 45.2828903198, 69.3739776611, 10.1905450821, 218.22102356]],
        "icov": [[0.000283134810161, -2.97581891573e-07, 2.04895823117e-05, -0.00033708740375, 0.000262579531409, -0.000324854423525, 0.000295874284348, -0.000228930715821, 7.33052293072e-05, 3.79450793844e-05, 0.000101700563391, -0.000371989037376, 0.000430159270763], [-2.97581891573e-07, 0.000982007477432, -9.25054609979e-06, 0.000762291427236, -0.000804943789262, 0.000604067172389, -0.000980622367933, 0.000798475171905, -0.000227910961257, 0.000913541996852, -0.000938556273468, 0.000799629313406, -0.00167988648172], [2.04895823117e-05, -9.25054609979e-06, 0.0018483675085, 0.000269858486718, -0.000445542042144, -0.000935794378165, 0.000204734533327, -0.000357527693268, 0.000389741588151, -8.26022878755e-05, 0.000806873023976, -0.00113941903692, 0.000503403833136], [-0.00033708740375, 0.000762291427236, 0.000269858486718, 0.0043405406177, -0.00203571445309, -0.00112697202712, 0.000691816967446, 0.000535505532753, -0.00108587311115, 0.000143422090332, -0.000354386807885, 0.00166214699857, -0.00281574041583], [0.000262579531409, -0.000804943789262, -0.000445542042144, -0.00203571445309, 0.0041475398466, -0.00111095863394, -8.9840257715e-05, -0.000340973288985, 4.4845022785e-05, -0.00113828387111, 0.00106564559974, 0.000622649327852, 0.00087376817828], [-0.000324854423525, 0.000604067172389, -0.000935794378165, -0.00112697202712, -0.00111095863394, 0.00913095567375, -0.00293052615598, -0.00134464737494, -3.63603066944e-05, -0.00050808355445, -0.000933123927098, 0.00180267263204, -0.000620249367785], [0.000295874284348, -0.000980622367933, 0.000204734533327, 0.000691816967446, -8.9840257715e-05, -0.00293052615598, 0.00676063494757, -0.00322417262942, -0.000896303157788, 0.000935756543186, -0.00249671027996, -0.00209441268817, 0.00240470422432], [-0.000228930715821, 0.000798475171905, -0.000357527693268, 0.000535505532753, -0.000340973288985, -0.00134464737494, -0.00322417262942, 0.00985043216497, -0.00146475294605, -0.000738958595321, -0.000895947450772, 0.000598418933805, -0.00429330626503], [7.33052293072e-05, -0.000227910961257, 0.000389741588151, -0.00108587311115, 4.4845022785e-05, -3.63603066944e-05, -0.000896303157788, -0.00146475294605, 0.00759965740144, -0.00139134039637, -0.000137760813232, -0.00113058823626, -0.00125278299674], [3.79450793844e-05, 0.000913541996852, -8.26022878755e-05, 0.000143422090332, -0.00113828387111, -0.00050808355445, 0.000935756543186, -0.000738958595321, -0.00139134039637, 0.0119884759188, -0.00326076103374, 9.06720961211e-05, -0.00157148309518], [0.000101700563391, -0.000938556273468, 0.000806873023976, -0.000354386807885, 0.00106564559974, -0.000933123927098, -0.00249671027996, -0.000895947450772, -0.000137760813232, -0.00326076103374, 0.0139194438234, -0.00124939461239, -8.62794331624e-05], [-0.000371989037376, 0.000799629313406, -0.00113941903692, 0.00166214699857, 0.000622649327852, 0.00180267263204, -0.00209441268817, 0.000598418933805, -0.00113058823626, 9.06720961211e-05, -0.00124939461239, 0.0131418248639, -0.00295493891463], [0.000430159270763, -0.00167988648172, 0.000503403833136, -0.00281574041583, 0.00087376817828, -0.000620249367785, 0.00240470422432, -0.00429330626503, -0.00125278299674, -0.00157148309518, -8.62794331624e-05, -0.00295493891463, 0.0119728576392]]
    },
    "melbands": {
        "dmean": [0.00126127945259, 0.00112892012112, 0.000759428250603, 0.000521634123288, 0.00061365251895, 0.000425127916969, 0.000304458051687, 0.000211268852581, 0.000212266488234, 9.56533258432e-05, 8.65528636496e-05, 7.97036700533e-05, 6.41847291263e-05, 8.78354912857e-05, 3.24365537381e-05, 2.09043173527e-05, 1.51320400619e-05, 1.57573649631e-05, 1.32706372824e-05, 8.57518352859e-06, 5.97221151111e-06, 7.24851952327e-06, 7.18443789083e-06, 7.13104691386e-06, 4.911283213e-06, 5.37790401722e-06, 4.55441022496e-06, 3.46705382981e-06, 2.62209300672e-06, 2.83264330392e-06, 3.10443647322e-06, 4.38907136413e-06, 6.09611970503e-06, 6.31237980997e-06, 5.77715809413e-06, 5.52762685402e-06, 5.08343919137e-06, 2.74847525361e-06, 2.92592403639e-06, 3.49373408426e-06],
        "dmean2": [0.00172043032944, 0.00160637265071, 0.00141599460039, 0.000866349204443, 0.00100419123191, 0.000681326317135, 0.000492095656227, 0.000298171013128, 0.00031357127591, 0.000143051787745, 0.00013042302453, 0.000120346798212, 9.93939756881e-05, 0.000130708343931, 5.27846968907e-05, 3.18254860758e-05, 2.36779378611e-05, 2.56239090959e-05, 2.17659671762e-05, 1.37713714139e-05, 9.80203367362e-06, 1.14441963888e-05, 1.11785248009e-05, 1.1323139006e-05, 7.67399251345e-06, 8.47831688588e-06, 7.13882718628e-06, 5.62653667657e-06, 4.05902255807e-06, 4.289874596e-06, 4.62864954898e-06, 6.43585599391e-06, 8.72333384905e-06, 9.33210503717e-06, 9.20951970329e-06, 8.78497758094e-06, 8.06151820143e-06, 4.20164769821e-06, 4.18338686359e-06, 5.16557611263e-06],
        "dvar": [5.19395143783e-05, 6.77208299749e-05, 3.80677483918e-05, 3.37290475727e-06, 1.55379098032e-06, 1.12169664135e-06, 8.29644591249e-07, 2.20364356096e-07, 1.83993378755e-07, 1.40770822554e-07, 3.34228751342e-08, 2.34950547906e-08, 2.29358256831e-08, 2.90375048451e-08, 7.26810300833e-09, 3.0857969513e-09, 2.33890751211e-09, 3.21792348323e-09, 8.01421773389e-09, 3.49781181797e-09, 7.71566588398e-10, 1.02350705689e-09, 5.27141830187e-10, 6.67136013099e-10, 2.78882028582e-10, 2.90176827011e-10, 2.4850982383e-10, 3.13658571338e-10, 5.77971906446e-11, 5.77549535974e-11, 7.63503357759e-11, 1.52854534585e-10, 3.36842831405e-10, 2.66751731814e-10, 2.33962127449e-10, 2.20589921329e-10, 2.55138438154e-10, 7.2235301074e-11, 8.19516884909e-11, 1.30769381435e-10],
        "dvar2": [9.63327402133e-05, 0.00014392817684, 0.000110316897917, 9.68233052845e-06, 4.03550347983e-06, 2.82748260361e-06, 2.23406095756e-06, 4.27401403158e-07, 3.64405110531e-07, 2.58541803078e-07, 6.37537240777e-08, 4.92721099477e-08, 4.92495182414e-08, 5.72471954285e-08, 1.87638455884e-08, 7.14744885499e-09, 5.62370194856e-09, 8.17553846844e-09, 2.14084749928e-08, 8.77336781002e-09, 1.96017779786e-09, 2.5286823746e-09, 1.25949051188e-09, 1.76098835514e-09, 6.97027879859e-10, 6.67605914995e-10, 5.98920857353e-10, 8.03929145476e-10, 1.31565397465e-10, 1.33633257238e-10, 1.62785479541e-10, 2.91615481762e-10, 6.45647479924e-10, 5.53542434112e-10, 5.60914314995e-10, 5.28821542112e-10, 5.92742244176e-10, 1.55205390207e-10, 1.55216187125e-10, 2.75704209463e-10],
        "max": [0.124406054616, 0.129100650549, 0.0873724222183, 0.0302383229136, 0.0145329684019, 0.0181460324675, 0.0115100629628, 0.0093007683754, 0.00806137546897, 0.0123313385993, 0.00290452246554, 0.00271431310102, 0.00269371876493, 0.00242449226789, 0.00113595905714, 0.000833608733956, 0.000701927754562, 0.000885316752829, 0.00147788564209, 0.00125788594596, 0.000510122918058, 0.000511630671099, 0.000396595336497, 0.000472725485452, 0.000265499693342, 0.00023582308495, 0.000232371341554, 0.000335823599016, 9.75362272584e-05, 9.51895999606e-05, 0.000106504565338, 0.000254904356552, 0.000313231808832, 0.000262187386397, 0.000183482232387, 0.000151587126311, 0.000264879927272, 0.000122548168292, 0.000193454819964, 0.000215904496145],
        "mean": [0.00241924868897, 0.00132443627808, 0.00071651302278, 0.000794078863692, 0.00109649659134, 0.00071169383591, 0.000423521560151, 0.000430583575508, 0.000485603610286, 0.000177771536983, 0.000205353484489, 0.000162679381901, 0.000116255716421, 0.000160285300808, 4.78907350043e-05, 3.1163021049e-05, 2.12206141441e-05, 1.82895546459e-05, 1.45588983287e-05, 9.45997180679e-06, 7.39232018532e-06, 9.72836278379e-06, 1.03892207335e-05, 1.00945408121e-05, 7.49569335312e-06, 7.4158242569e-06, 6.33076297163e-06, 4.2016399675e-06, 3.83397036785e-06, 4.13031284552e-06, 4.46118110631e-06, 6.44831834506e-06, 8.77510046848e-06, 8.84277142177e-06, 7.3332462307e-06, 7.12417704563e-06, 6.35102423985e-06, 3.85863131669e-06, 4.26429187428e-06, 4.95556560054e-06],
        "median": [1.58245311468e-05, 8.15433304524e-05, 0.000134901405545, 0.000303850683849, 0.000335239397828, 0.000278735125903, 0.000116812560009, 0.000138285089633, 0.000164483251865, 6.18524572928e-05, 8.11835343484e-05, 6.37382545392e-05, 3.49733272742e-05, 4.91067658004e-05, 1.73741991603e-05, 8.21202957013e-06, 4.71080420539e-06, 2.92574077321e-06, 2.49919685302e-06, 1.72605643911e-06, 1.68332348949e-06, 1.30967066525e-06, 1.8995190203e-06, 2.27639361583e-06, 1.5089021872e-06, 1.59277647072e-06, 1.03505624338e-06, 5.62098875889e-07, 4.80799030811e-07, 5.8985602891e-07, 6.19304501015e-07, 7.224791716e-07, 1.06731351934e-06, 1.12138332042e-06, 8.53788890254e-07, 5.71726104681e-07, 4.72463057122e-07, 2.29925404938e-07, 1.71987295516e-07, 2.80210201709e-07],
        "min": [1.91286415954e-23, 9.21000155555e-24, 2.27453085218e-23, 1.45079708846e-23, 1.09159984601e-23, 6.6618293704e-24, 6.69483373295e-24, 2.49398422517e-23, 8.06133172513e-24, 1.17854225741e-23, 2.60660153469e-23, 1.37805717103e-23, 1.05725812756e-23, 9.49067037702e-24, 9.04052267868e-24, 1.88739199869e-23, 1.32902631032e-23, 1.34170898487e-23, 7.91691890352e-24, 1.58200043422e-23, 1.79904147057e-23, 1.04922626137e-23, 6.04133899248e-24, 8.21859824633e-24, 5.19583550768e-24, 9.16201041352e-24, 1.51449855319e-23, 1.76507990419e-23, 6.786052086e-24, 1.05052772409e-23, 8.49805932176e-24, 1.29793753871e-23, 8.81651063628e-24, 1.00116798728e-23, 1.20756839442e-23, 9.79613940763e-24, 8.32736402136e-24, 1.03227853145e-23, 9.85221952938e-24, 8.37833469103e-24],
        "stdev": [0.0116749564186, 0.00917302072048, 0.00469015864655, 0.00165960541926, 0.00156600330956, 0.00131285691168, 0.000936389202252, 0.000786578748375, 0.000790216261521, 0.000487389421323, 0.000365242478438, 0.000249188451562, 0.00021737467614, 0.000306238944177, 9.81717021205e-05, 7.02426477801e-05, 5.69958319829e-05, 5.60262742511e-05, 7.6012511272e-05, 5.25543509866e-05, 2.58068612311e-05, 3.33690877596e-05, 2.57732517639e-05, 2.59665648628e-05, 1.95577777049e-05, 2.01702878257e-05, 1.7583663066e-05, 1.62075011758e-05, 9.68092354015e-06, 9.67708456301e-06, 1.13529758892e-05, 1.78041464096e-05, 2.63495421677e-05, 2.36158757616e-05, 1.91459384951e-05, 1.85200369742e-05, 1.90256450878e-05, 1.19976421047e-05, 1.49419229274e-05, 1.71364608832e-05],
        "var": [0.000136304603075, 8.41443034005e-05, 2.19975881919e-05, 2.75429010799e-06, 2.45236651608e-06, 1.7235931864e-06, 8.76824742591e-07, 6.18706110345e-07, 6.24441781838e-07, 2.37548434256e-07, 1.33402068059e-07, 6.20948839014e-08, 4.72517527328e-08, 9.37822903779e-08, 9.63768354012e-09, 4.9340300734e-09, 3.24852478251e-09, 3.13894332749e-09, 5.77790215672e-09, 2.76195999405e-09, 6.65994093207e-10, 1.1134959621e-09, 6.64260535466e-10, 6.74262479183e-10, 3.82506665231e-10, 4.06840533484e-10, 3.09185177461e-10, 2.62683097496e-10, 9.37202815354e-11, 9.36459729206e-11, 1.28890065287e-10, 3.16987602833e-10, 6.94298396553e-10, 5.57709600724e-10, 3.66566943466e-10, 3.42991773872e-10, 3.61975144303e-10, 1.43943412745e-10, 2.23261062415e-10, 2.93658264372e-10]
    },
    "melbands128": {
