{
"lowlevel": {
    "average_loudness": 0.975670874119,
    "barkbands_crest": {
        "dmean": 2.68707752228,
        "dmean2": 4.43195962906,
        "dvar": 7.37281417847,
        "dvar2": 19.923614502,
        "max": 25.5862541199,
        "mean": 12.7178077698,
        "median": 12.3256855011,
        "min": 3.65739536285,
        "stdev": 4.15901088715,
        "var": 17.2973709106
    },
    "barkbands_flatness_db": {
        "dmean": 0.0251816213131,
        "dmean2": 0.0369997434318,
        "dvar": 0.000677319301758,
        "dvar2": 0.00150180736091,
        "max": 0.337943851948,
        "mean": 0.185370922089,
        "median": 0.182906657457,
        "min": 0.0568547099829,
        "stdev": 0.0454653725028,
        "var": 0.00206710002385
    },
    "barkbands_kurtosis": {
        "dmean": 8.05355739594,
        "dmean2": 12.8249454498,
        "dvar": 360.058532715,
        "dvar2": 881.575073242,
        "max": 281.237426758,
        "mean": 15.269402504,
        "median": 10.2263870239,
        "min": -1.90915977955,
        "stdev": 20.8305339813,
        "var": 433.911132812
    },
    "barkbands_skewness": {
        "dmean": 0.766063988209,
        "dmean2": 1.15785908699,
        "dvar": 1.09706699848,
        "dvar2": 2.48086547852,
        "max": 15.1437883377,
        "mean": 2.85537099838,
        "median": 2.62217354774,
        "min": -2.3419778347,
        "stdev": 1.57775700092,
        "var": 2.48931717873
    },
    "barkbands_spread": {
        "dmean": 4.81131267548,
        "dmean2": 6.89899396896,
        "dvar": 75.1799545288,
        "dvar2": 127.655006409,
        "max": 115.149497986,
        "mean": 13.6829566956,
        "median": 9.79723834991,
        "min": 1.17436647415,
        "stdev": 15.0837526321,
        "var": 227.519592285
    },
    "dissonance": {
        "dmean": 0.0292718242854,
        "dmean2": 0.0485333614051,
        "dvar": 0.000631225120742,
        "dvar2": 0.00164257665165,
        "max": 0.499689906836,
        "mean": 0.429291725159,
        "median": 0.43439668417,
        "min": 0.269409179688,
        "stdev": 0.0393220335245,
        "var": 0.00154622225091
    },
    "dynamic_complexity": 1.54721665382,
    "erbbands_crest": {
        "dmean": 2.99999332428,
        "dmean2": 4.80535650253,
        "dvar": 7.93330669403,
        "dvar2": 18.655248642,
        "max": 26.0432624817,
        "mean": 10.2585315704,
        "median": 9.34054374695,
        "min": 3.15716004372,
        "stdev": 4.32203531265,
        "var": 18.6799888611
    },
    "erbbands_flatness_db": {
        "dmean": 0.0192345455289,
        "dmean2": 0.0282145794481,
        "dvar": 0.000329952512402,
        "dvar2": 0.000667385698762,
        "max": 0.293992489576,
        "mean": 0.13929463923,
        "median": 0.137403845787,
        "min": 0.0567192807794,
        "stdev": 0.0382895283401,
        "var": 0.00146608811338
    },
    "erbbands_kurtosis": {
        "dmean": 1.57255995274,
        "dmean2": 2.41593694687,
        "dvar": 3.66574072838,
        "dvar2": 8.56848621368,
        "max": 40.733417511,
        "mean": 2.19416999817,
        "median": 1.51143240929,
        "min": -1.80640184879,
        "stdev": 3.13620901108,
        "var": 9.83580684662
    },
    "erbbands_skewness": {
        "dmean": 0.44184166193,
        "dmean2": 0.643046975136,
        "dvar": 0.183464333415,
        "dvar2": 0.342978924513,
        "max": 4.59985494614,
        "mean": 1.13125193119,
        "median": 1.17284393311,
        "min": -2.58012366295,
        "stdev": 0.845725417137,
        "var": 0.71525144577
    },
    "erbbands_spread": {
        "dmean": 10.7690429688,
        "dmean2": 16.3517150879,
        "dvar": 212.263748169,
        "dvar2": 452.492828369,
        "max": 168.563644409,
        "mean": 42.8548965454,
        "median": 36.2110443115,
        "min": 5.34655094147,
        "stdev": 25.7367916107,
        "var": 662.382446289
    },
    "hfc": {
        "dmean": 7.62907075882,
        "dmean2": 10.6932983398,
        "dvar": 114.35231781,
        "dvar2": 203.370193481,
        "max": 148.657043457,
        "mean": 23.100358963,
        "median": 19.2954330444,
        "min": 1.23522060309e-16,
        "stdev": 18.8648681641,
        "var": 355.883270264
    },
    "loudness_ebu128": {
        "integrated": -9.49496364594,
        "loudness_range": 1.27463436127,
        "momentary": {
            "dmean": 0.443117916584,
            "dmean2": 0.603960394859,
            "dvar": 0.254122167826,
            "dvar2": 0.370207071304,
            "max": -7.46378517151,
            "mean": -9.69040203094,
            "median": -9.43521499634,
            "min": -18.667591095,
            "stdev": 1.5036752224,
            "var": 2.26103925705
        },
        "short_term": {
            "dmean": 0.065820761025,
            "dmean2": 0.0774625241756,
            "dvar": 0.00268525304273,
            "dvar2": 0.00366758205928,
            "max": -8.43639564514,
            "mean": -9.50002002716,
            "median": -9.29912567139,
            "min": -12.2771816254,
            "stdev": 0.688383221626,
            "var": 0.473871469498
        }
    },
    "melbands_crest": {
        "dmean": 2.8177075386,
        "dmean2": 4.53584909439,
        "dvar": 7.58595561981,
        "dvar2": 19.1079120636,
        "max": 31.4231739044,
        "mean": 15.2161722183,
        "median": 14.5791454315,
        "min": 2.49588632584,
        "stdev": 4.28605651855,
        "var": 18.3702812195
    },
    "melbands_flatness_db": {
        "dmean": 0.0286918394268,
        "dmean2": 0.0412901490927,
        "dvar": 0.00111903250217,
        "dvar2": 0.00227021868341,
        "max": 0.460047662258,
        "mean": 0.275541484356,
        "median": 0.275821000338,
        "min": 0.00866619031876,
        "stdev": 0.0592823289335,
        "var": 0.00351439439692
    },
    "melbands_kurtosis": {
        "dmean": 14.794675827,
        "dmean2": 23.1839466095,
        "dvar": 865.421386719,
        "dvar2": 2113.33544922,
        "max": 408.720306396,
        "mean": 30.3389568329,
        "median": 19.4334182739,
        "min": -1.74515855312,
        "stdev": 36.0800247192,
        "var": 1301.76831055
    },
    "melbands_skewness": {
        "dmean": 0.944845378399,
        "dmean2": 1.43564689159,
        "dvar": 1.3515431881,
        "dvar2": 3.18294978142,
        "max": 14.7316389084,
        "mean": 3.65643048286,
        "median": 3.12039756775,
        "min": -0.416967779398,
        "stdev": 1.97028791904,
        "var": 3.88203430176
    },
    "melbands_spread": {
        "dmean": 4.2023229599,
        "dmean2": 5.92199087143,
        "dvar": 149.597915649,
        "dvar2": 225.293640137,
        "max": 190.094970703,
        "mean": 11.5326814651,
        "median": 7.8872423172,
        "min": 0.600642561913,
        "stdev": 20.1218338013,
        "var": 404.888214111
    },
    "pitch_salience": {
        "dmean": 0.0699447467923,
        "dmean2": 0.114300787449,
        "dvar": 0.00489151151851,
        "dvar2": 0.0133832748979,
        "max": 0.81674861908,
        "mean": 0.49450981617,
        "median": 0.489692717791,
        "min": 0.141056418419,
        "stdev": 0.10618545115,
        "var": 0.0112753501162
    },
    "silence_rate_20dB": {
        "dmean": 0,
        "dmean2": 0,
        "dvar": 0,
        "dvar2": 0,
        "max": 1,
        "mean": 1,
        "median": 1,
        "min": 1,
        "stdev": 0,
        "var": 0
    },
    "silence_rate_30dB": {
        "dmean": 0.0665119886398,
        "dmean2": 0.133126929402,
        "dvar": 0.0620886869729,
        "dvar2": 0.130882650614,
        "max": 1,
        "mean": 0.906491518021,
        "median": 1,
        "min": 0,
        "stdev": 0.291142940521,
        "var": 0.0847642049193
    },
    "silence_rate_60dB": {
        "dmean": 0.00696055684239,
        "dmean2": 0.0131578948349,
        "dvar": 0.00691227428615,
        "dvar2": 0.0145331434906,
        "max": 1,
        "mean": 0.0185471400619,
        "median": 0,
        "min": 0,
        "stdev": 0.134916841984,
        "var": 0.0182025544345
    },
    "spectral_centroid": {
        "dmean": 185.048492432,
        "dmean2": 260.422210693,
        "dvar": 177539.796875,
        "dvar2": 241526.4375,
        "max": 10676.5019531,
        "mean": 721.443908691,
        "median": 585.246643066,
        "min": 189.281967163,
        "stdev": 633.832580566,
        "var": 401743.71875
    },
    "spectral_complexity": {
        "dmean": 2.27532863617,
        "dmean2": 3.5851392746,
        "dvar": 5.11989068985,
        "dvar2": 10.9115028381,
        "max": 36,
        "mean": 13.3106641769,
        "median": 13,
        "min": 0,
        "stdev": 4.05613231659,
        "var": 16.4522075653
    },
    "spectral_decrease": {
        "dmean": 5.18676168682e-09,
        "dmean2": 8.31971291859e-09,
        "dvar": 9.13167096019e-17,
        "dvar2": 2.11440175942e-16,
        "max": 3.10582775347e-29,
        "mean": -1.64943436687e-08,
        "median": -1.48665240118e-08,
        "min": -1.01339352909e-07,
        "stdev": 1.16487015589e-08,
        "var": 1.35692256165e-16
    },
    "spectral_energy": {
        "dmean": 0.019957177341,
        "dmean2": 0.0319998078048,
        "dvar": 0.00131794798654,
        "dvar2": 0.00304939853959,
        "max": 0.386266767979,
        "mean": 0.0643487274647,
        "median": 0.0578442588449,
        "min": 1.10865757343e-20,
        "stdev": 0.0442557856441,
        "var": 0.00195857440121
    },
    "spectral_energyband_high": {
        "dmean": 0.000528573233169,
        "dmean2": 0.000693819543812,
        "dvar": 1.22809717595e-06,
        "dvar2": 1.80207041467e-06,
        "max": 0.0180871132761,
        "mean": 0.00102637219243,
        "median": 0.000399456097512,
        "min": 8.09600358818e-21,
        "stdev": 0.00202914676629,
        "var": 4.11743667428e-06
    },
    "spectral_energyband_low": {
        "dmean": 0.0144285941496,
        "dmean2": 0.0238022748381,
        "dvar": 0.00140005256981,
        "dvar2": 0.00332251819782,
        "max": 0.368203818798,
        "mean": 0.0378032326698,
        "median": 0.0324587486684,
        "min": 2.96954286877e-23,
        "stdev": 0.041712615639,
        "var": 0.00173994235229
    },
    "spectral_energyband_middle_high": {
        "dmean": 0.000878962280694,
        "dmean2": 0.00130603276193,
        "dvar": 1.42524811508e-06,
        "dvar2": 3.09921529151e-06,
        "max": 0.020784670487,
        "mean": 0.00241274666041,
        "median": 0.0019408648368,
        "min": 1.5643168801e-21,
        "stdev": 0.00212334049866,
        "var": 4.50857442047e-06
    },
    "spectral_energyband_middle_low": {
        "dmean": 0.00970756262541,
        "dmean2": 0.0154869994149,
        "dvar": 0.000117286370369,
        "dvar2": 0.000294637691695,
        "max": 0.109436735511,
        "mean": 0.024826772511,
        "median": 0.022674690932,
        "min": 3.6595938969e-22,
        "stdev": 0.015878001228,
        "var": 0.000252110941801
    },
    "spectral_entropy": {
        "dmean": 0.238113492727,
        "dmean2": 0.346497535706,
        "dvar": 0.0655289068818,
        "dvar2": 0.115685537457,
        "max": 9.8056268692,
        "mean": 7.23762559891,
        "median": 7.19713973999,
        "min": 5.39846944809,
        "stdev": 0.521576821804,
        "var": 0.272042393684
    },
    "spectral_flux": {
        "dmean": 0.037819609046,
        "dmean2": 0.0590154230595,
        "dvar": 0.00248986040242,
        "dvar2": 0.0055716233328,
        "max": 0.513363778591,
        "mean": 0.106124415994,
        "median": 0.0879571214318,
        "min": 1.05292809194e-10,
        "stdev": 0.0680257305503,
        "var": 0.00462750019506
    },
    "spectral_kurtosis": {
        "dmean": 1.7125620842,
        "dmean2": 2.61403608322,
        "dvar": 4.48420619965,
        "dvar2": 9.78908920288,
        "max": 35.6547012329,
        "mean": 4.75888061523,
        "median": 3.99631047249,
        "min": -1.20163679123,
        "stdev": 3.57106852531,
        "var": 12.752530098
    },
    "spectral_rms": {
        "dmean": 0.00113098707516,
        "dmean2": 0.00176977773663,
        "dvar": 2.41456359618e-06,
        "dvar2": 5.15236615684e-06,
        "max": 0.0194125119597,
        "mean": 0.00753616867587,
        "median": 0.00751221831888,
        "min": 3.28879480073e-12,
        "stdev": 0.00244650407694,
        "var": 5.98538190388e-06
    },
    "spectral_rolloff": {
        "dmean": 347.228088379,
        "dmean2": 582.281311035,
        "dvar": 1800410.125,
        "dvar2": 3383953.75,
        "max": 19164.5507812,
        "mean": 829.610107422,
        "median": 409.130859375,
        "min": 64.599609375,
        "stdev": 1882.23303223,
        "var": 3542801
    },
    "spectral_skewness": {
        "dmean": 0.274039953947,
        "dmean2": 0.398818463087,
        "dvar": 0.0905077829957,
        "dvar2": 0.171202123165,
        "max": 4.81780481339,
        "mean": 1.85699307919,
        "median": 1.82879829407,
        "min": -0.0256537143141,
        "stdev": 0.61478215456,
        "var": 0.377957075834
    },
    "spectral_spread": {
        "dmean": 967227.5,
        "dmean2": 1307995.375,
        "dvar": 2.15970008269e+12,
        "dvar2": 2.9265863639e+12,
        "max": 40471052,
        "mean": 6036856.5,
        "median": 5491381.5,
        "min": 2287610.5,
        "stdev": 2559090.75,
        "var": 6.54894537114e+12
    },
    "spectral_strongpeak": {
        "dmean": 0.374375522137,
        "dmean2": 0.65891212225,
        "dvar": 0.328870713711,
        "dvar2": 0.868251740932,
        "max": 4.97471046448,
        "mean": 0.724333703518,
        "median": 0.506056725979,
        "min": 4.2405527978e-09,
        "stdev": 0.621426641941,
        "var": 0.386171072721
    },
    "zerocrossingrate": {
        "dmean": 0.0121383015066,
        "dmean2": 0.0136374840513,
        "dvar": 0.00053391745314,
        "dvar2": 0.000497616070788,
        "max": 0.498046875,
        "mean": 0.0425940491259,
        "median": 0.02978515625,
        "min": 0.0048828125,
        "stdev": 0.0484906062484,
        "var": 0.0023513387423
    },
    "barkbands": {
        "dmean": [0.000583216256928, 0.0122421644628, 0.00369993597269, 0.00215781317092, 0.00565998861566, 0.0026653460227, 0.00159375485964, 0.00156178988982, 0.000594347075094, 0.000357707205694, 0.000237032872974, 0.000212229802855, 0.00022114708554, 0.000126559316413, 7.59513495723e-05, 6.80557786836e-05, 6.91027380526e-05, 5.87642498431e-05, 4.37193994003e-05, 5.1607399655e-05, 5.30541256012e-05, 9.05271735974e-05, 0.000107721854874, 0.000111155080958, 0.000134863614221, 9.53216003836e-05, 1.07123923954e-05],
        "dmean2": [0.000930751266424, 0.0209666378796, 0.00660361582413, 0.0036852248013, 0.00911102537066, 0.00434589618817, 0.00240292702802, 0.00233740592375, 0.000862952554598, 0.000567116949242, 0.000349932204699, 0.000318086473271, 0.000327626737999, 0.000190483580809, 0.000117936579045, 0.000107999185275, 0.000107963998744, 9.16720091482e-05, 6.61365629639e-05, 7.63343559811e-05, 7.82722854638e-05, 0.000127051273012, 0.000155769070261, 0.000167696824064, 0.000181183189852, 0.000131321183289, 1.63763161254e-05],
        "dvar": [4.59380953544e-06, 0.00130563799758, 8.45207759994e-05, 1.55718262249e-05, 5.5394393712e-05, 1.93125633814e-05, 6.9791722126e-06, 9.13693475013e-06, 1.7172162643e-06, 5.40705229923e-07, 3.00324416003e-07, 2.04021858963e-07, 2.28361500376e-07, 9.55427097438e-08, 2.57915484525e-08, 3.81155942364e-08, 1.45558951559e-08, 1.02514983169e-08, 5.50835554947e-09, 9.67519309114e-09, 2.88733374987e-08, 4.90161298217e-08, 5.06692607871e-08, 9.1942062852e-08, 1.18531900739e-07, 4.88482037042e-08, 7.26021409658e-10],
        "dvar2": [9.39360779739e-06, 0.00338002154604, 0.000248649535934, 4.30016225437e-05, 0.0001354131673, 4.57138594356e-05, 1.49775523823e-05, 2.27403106692e-05, 3.64450738743e-06, 1.28732824578e-06, 6.14510668129e-07, 4.31567912074e-07, 4.78112212932e-07, 2.24375440894e-07, 5.81820209788e-08, 9.81958834245e-08, 3.29604219473e-08, 2.3733559118e-08, 1.23047554368e-08, 1.87410353902e-08, 4.58136035775e-08, 8.25554238304e-08, 8.71607710451e-08, 1.93629546175e-07, 2.01159210178e-07, 8.47883683264e-08, 1.50260548448e-09],
        "max": [0.0253837443888, 0.322446018457, 0.0990355163813, 0.0539977401495, 0.0764735266566, 0.0514690801501, 0.0317750573158, 0.0294741652906, 0.0182148143649, 0.0134531464428, 0.00952663179487, 0.00818746350706, 0.00718263303861, 0.00426238542423, 0.00249587418512, 0.00279175653122, 0.00192363781389, 0.00195473642088, 0.00122635334264, 0.00236788648181, 0.00560530135408, 0.00506965490058, 0.0032827402465, 0.00566322123632, 0.00475889863446, 0.00382009823807, 0.000532143691089],
        "mean": [0.000670858251397, 0.0285774897784, 0.00692821713164, 0.00314520974644, 0.0102339377627, 0.00481506390497, 0.002738495823, 0.00259207282215, 0.00110612949356, 0.00058818468824, 0.00040382129373, 0.000345287291566, 0.000382229423849, 0.000178282367415, 0.000133797948365, 0.000103406586277, 0.000134230969707, 0.000111990106234, 8.23224108899e-05, 9.26198408706e-05, 9.13006224437e-05, 0.000165215576999, 0.000204232870601, 0.000166096549947, 0.000212802566239, 0.000133421737701, 1.20755958051e-05],
        "median": [8.36841209093e-05, 0.0219310633838, 0.00354748265818, 0.00165010127239, 0.00680165924132, 0.00213217362761, 0.00122226704843, 0.000660194316879, 0.000439279014245, 0.000247134827077, 0.000136646209285, 0.000116310540761, 0.000108360516606, 5.28186064912e-05, 5.96992031205e-05, 4.54465516668e-05, 6.5418164013e-05, 6.48941204417e-05, 4.96668435517e-05, 4.86164462927e-05, 3.9855382056e-05, 8.03395232651e-05, 9.41123726079e-05, 4.01857541874e-05, 4.18735216954e-05, 1.51136282511e-05, 5.26771373188e-07],
        "min": [7.62779822631e-24, 1.79790251319e-23, 2.85116734797e-24, 1.54789876615e-23, 3.28235114569e-23, 7.19323321297e-23, 3.50686569249e-23, 5.61754350822e-23, 1.17929808082e-22, 1.69381992137e-22, 1.40931893984e-22, 2.31673585724e-23, 1.35693769221e-22, 1.43830282546e-22, 1.00227302363e-22, 1.1536927918e-22, 8.52344770559e-23, 2.24799306645e-22, 2.38603665667e-22, 5.33760857983e-22, 4.32788176727e-22, 5.11549463143e-22, 5.39116680793e-22, 9.59204272677e-22, 1.06739893134e-21, 2.07630492466e-21, 2.4693813133e-21],
        "stdev": [0.00234396872111, 0.0363246574998, 0.00915473978966, 0.00434536207467, 0.0107819894329, 0.00684161949903, 0.00416037207469, 0.00394149217755, 0.00204659602605, 0.00107223796658, 0.000811881211121, 0.000664258084726, 0.000716469716281, 0.000390683300793, 0.000243354777922, 0.00021132567781, 0.000207609467907, 0.000149112864165, 0.000109642962343, 0.000153743836563, 0.000284712732537, 0.000344501168001, 0.000359261845006, 0.000438357295934, 0.000585632165894, 0.000380267272703, 3.9184535126e-05],
        "var": [5.49418973605e-06, 0.00131948082708, 8.38092528284e-05, 1.88821722986e-05, 0.000116251292638, 4.68077596452e-05, 1.73086955328e-05, 1.55353609443e-05, 4.18855506723e-06, 1.14969429887e-06, 6.59151055515e-07, 4.41238796611e-07, 5.13328814122e-07, 1.52633433004e-07, 5.92215450013e-08, 4.46585417535e-08, 4.31016893288e-08, 2.22346461243e-08, 1.20215783994e-08, 2.36371686668e-08, 8.10613443036e-08, 1.1868105787e-07, 1.29069064769e-07, 1.92157116885e-07, 3.42965023492e-07, 1.44603205854e-07, 1.53542789594e-09]
    },
    "erbbands": {
        "dmean": [0.414011269808, 2.64787840843, 4.00238990784, 6.07237434387, 9.28857517242, 24.6907539368, 29.0240383148, 19.4682674408, 18.7112255096, 31.8726520538, 24.83826828, 16.1774559021, 9.42998409271, 10.7452630997, 8.7620382309, 9.59425640106, 9.04067230225, 6.72212457657, 4.10240602493, 3.83640623093, 3.00419640541, 3.16702437401, 3.55011463165, 2.25447893143, 2.20254731178, 2.31291341782, 1.73603713512, 2.57447600365, 2.99429750443, 3.6876578331, 2.96847319603, 2.20158457756, 1.97094023228, 1.44419777393, 1.02521562576, 0.46221858263, 0.162005797029, 0.0373980179429, 0.00113800831605, 4.28978273703e-05],
        "dmean2": [0.704373717308, 4.51527261734, 6.99357509613, 10.489118576, 15.6609754562, 39.6610183716, 46.1080322266, 32.0509033203, 27.9688434601, 48.017375946, 36.9316635132, 23.281917572, 15.2699117661, 16.2899894714, 12.8400735855, 14.1919250488, 13.1677160263, 9.88814544678, 6.27204418182, 5.91756677628, 4.67559814453, 4.71661376953, 5.4942779541, 3.49847173691, 3.16930484772, 3.45795345306, 2.58159804344, 3.58636903763, 4.28351831436, 5.38545227051, 4.34805679321, 3.25995016098, 2.96507525444, 2.00586104393, 1.42957520485, 0.634478092194, 0.227796733379, 0.0508471988142, 0.00167623709422, 6.26990149613e-05],
        "dvar": [1.64351201057, 58.723739624, 105.136863708, 128.046707153, 250.089111328, 1356.82666016, 1899.74609375, 1325.15270996, 959.813720703, 2963.96362305, 2494.55810547, 1194.20861816, 364.082977295, 523.13079834, 405.960784912, 470.528137207, 405.745758057, 244.394363403, 58.6518745422, 109.567443848, 50.1599349976, 33.7771034241, 38.368221283, 12.6853580475, 14.7506799698, 20.5405406952, 26.4326515198, 61.4558258057, 60.5178108215, 60.9606361389, 42.2663345337, 29.9477844238, 34.793548584, 13.2522420883, 7.41416692734, 1.34494137764, 0.140724316239, 0.00671197846532, 7.32342869014e-06, 4.87079621081e-09],
        "dvar2": [4.43587493896, 151.239334106, 297.721710205, 363.412384033, 635.977539062, 3453.93139648, 4554.52441406, 3210.5625, 1937.8104248, 7178.96923828, 5613.05322266, 2430.08813477, 979.148925781, 1129.95849609, 813.109619141, 1007.89050293, 857.36706543, 524.570556641, 135.015563965, 279.375488281, 121.779457092, 68.6960983276, 88.5552139282, 28.9207229614, 31.4962329865, 39.5238990784, 45.1211013794, 88.2898864746, 101.562416077, 105.590583801, 78.2397003174, 64.1746826172, 73.4870376587, 23.4168338776, 13.1430091858, 2.38445258141, 0.251051992178, 0.0114036854357, 1.41453656397e-05, 9.2496899029e-09],
        "max": [12.9030036926, 68.0146942139, 116.246780396, 121.88420105, 197.755828857, 391.00402832, 424.979034424, 516.080200195, 418.397827148, 457.864227295, 568.806213379, 513.329833984, 210.856872559, 434.473754883, 329.415588379, 396.032318115, 311.071563721, 234.796463013, 89.8181762695, 181.880386353, 108.524810791, 135.336975098, 134.395004272, 49.5659942627, 75.7342071533, 107.945617676, 158.796279907, 264.317962646, 193.668807983, 144.676483154, 102.730659485, 92.4211578369, 112.873710632, 49.1465759277, 43.8278236389, 20.9364242554, 5.38081026077, 1.59017622471, 0.0495414435863, 0.00106500112452],
        "mean": [0.827309250832, 6.39125871658, 8.38200569153, 10.3310079575, 16.1456775665, 40.7416687012, 50.3738937378, 34.3999061584, 33.5910835266, 53.0172729492, 46.7928199768, 32.426197052, 16.6359577179, 19.3029346466, 15.984951973, 17.4618492126, 16.7335224152, 11.6145915985, 6.87078666687, 7.04294538498, 5.63462162018, 6.48139762878, 6.99448633194, 4.67055177689, 4.55598163605, 4.22512388229, 2.93761706352, 4.45003700256, 5.39248514175, 6.89631509781, 5.45709371567, 3.45844817162, 2.94105601311, 2.21335458755, 1.56486737728, 0.663934409618, 0.224314287305, 0.0479218997061, 0.00142689771019, 0.000107462714368],
        "median": [0.6231803298, 4.99066352844, 6.15372371674, 7.68728923798, 9.53473472595, 22.3223056793, 23.972366333, 16.9863510132, 17.1898937225, 21.9921951294, 15.7006473541, 14.5421772003, 7.969622612, 8.37148189545, 6.98807239532, 6.36202144623, 5.88246917725, 3.37269854546, 3.52920794487, 3.08801794052, 2.67426991463, 3.06524562836, 3.99358510971, 3.1968626976, 2.50539112091, 2.31309604645, 1.46815276146, 1.83885574341, 2.51427221298, 3.39132857323, 2.32984352112, 1.14055287838, 0.53587782383, 0.419821083546, 0.303176909685, 0.100613117218, 0.0220766104758, 0.00324177136645, 0.000104576480226, 7.66159937484e-05],
        "min": [1.09085836724e-21, 1.69410042768e-21, 2.80188550328e-21, 2.61954755246e-20, 1.00226230724e-19, 9.57698533351e-20, 2.74680211649e-19, 5.79210683269e-19, 6.55003019749e-19, 1.07547138452e-18, 8.40439645688e-19, 2.8234935466e-18, 4.15730429316e-18, 6.3821781906e-18, 3.59324652474e-18, 1.33715203925e-18, 5.05945517976e-18, 9.22244509887e-18, 5.78033936129e-18, 4.78952381201e-18, 5.97077577705e-18, 5.21562977455e-18, 1.26521394049e-17, 1.14144149923e-17, 1.50938276807e-17, 2.42244061007e-17, 2.24165962545e-17, 1.65157726604e-17, 1.85304322536e-17, 1.28188882631e-17, 1.68911224069e-17, 1.63160184686e-17, 1.83498124038e-17, 1.19523992006e-17, 8.18293135898e-18, 6.33815936071e-18, 4.35653570678e-18, 1.27293738791e-18, 3.0206692096e-19, 3.96908658261e-20],
        "stdev": [1.22734153271, 7.77944421768, 9.9678144455, 11.3101654053, 20.6505374908, 50.9716148376, 67.8844299316, 56.0299682617, 46.1858787537, 74.560836792, 74.5093231201, 56.1138038635, 25.9742031097, 35.5456542969, 30.5500583649, 32.4073944092, 30.0746974945, 24.3585414886, 9.84738731384, 14.9144639969, 9.79553318024, 10.1525506973, 9.34191799164, 5.05966091156, 6.25695371628, 7.02690076828, 8.11044788361, 13.7675352097, 12.0757064819, 12.0409145355, 9.97797393799, 7.67117404938, 8.58875465393, 5.83713626862, 4.53614330292, 1.94278931618, 0.637329101562, 0.139655470848, 0.0041369474493, 0.000111729721539],
        "var": [1.50636732578, 60.5197486877, 99.3573303223, 127.919845581, 426.444732666, 2598.10546875, 4608.29541016, 3139.35717773, 2133.13549805, 5559.31884766, 5551.63964844, 3148.7590332, 674.659240723, 1263.49353027, 933.306030273, 1050.23925781, 904.487426758, 593.338562012, 96.9710388184, 222.441223145, 95.9524612427, 103.074287415, 87.2714233398, 25.6001701355, 39.149471283, 49.3773345947, 65.7793655396, 189.545013428, 145.822692871, 144.983627319, 99.559967041, 58.846912384, 73.7667007446, 34.0721588135, 20.5765953064, 3.77443027496, 0.4061883986, 0.0195036493242, 1.71143328771e-05, 1.24835306536e-08]
    },
    "gfcc": {
        "mean": [22.3616046906, 102.368743896, -68.3653030396, 32.8239021301, -63.1170196533, 18.3498439789, -37.5166473389, 11.9218969345, -21.0563964844, 5.33513736725, -13.5739307404, 6.4510474205, -14.1031293869],
        "cov": [[3408.24780273, -457.196594238, 63.2025871277, 175.08416748, -53.0055656433, 194.353118896, 29.9651374817, 198.243286133, 75.317565918, 101.044219971, 19.0223903656, 132.795440674, -131.479812622], [-457.196594238, 1290.5333252, -343.088195801, -11.4675645828, 177.779830933, -97.77003479, 112.093772888, -63.2646102905, 17.4095859528, -93.431427002, 203.303237915, -91.5689926147, 90.0353012085], [63.2025871277, -343.088195801, 533.35559082, -38.1840057373, 75.6098709106, 109.517173767, 13.2420082092, 57.3629951477, -26.9661827087, 45.5368041992, -68.5713500977, 72.6190032959, 18.3034381866], [175.08416748, -11.4675645828, -38.1840057373, 372.60925293, 71.7613067627, 38.7308807373, 7.66352462769, 24.6977367401, 117.540542603, -24.6062717438, -30.8650035858, 5.54242324829, 74.7986679077], [-53.0055656433, 177.779830933, 75.6098709106, 71.7613067627, 301.003387451, 32.3956413269, 30.4841995239, 31.1312904358, 67.3622436523, 12.2637901306, -14.8733596802, -0.551811039448, 54.8459777832], [194.353118896, -97.77003479, 109.517173767, 38.7308807373, 32.3956413269, 190.016647339, 78.2539367676, 73.5091934204, 32.5820236206, 31.4230918884, 18.4184989929, 18.8742294312, -5.83922529221], [29.9651374817, 112.093772888, 13.2420082092, 7.66352462769, 30.4841995239, 78.2539367676, 187.380233765, 77.7169952393, -4.08186149597, 7.11308240891, 57.1939468384, 18.5260028839, 4.61791849136], [198.243286133, -63.2646102905, 57.3629951477, 24.6977367401, 31.1312904358, 73.5091934204, 77.7169952393, 128.141555786, 42.6614379883, 26.8527889252, 20.3767318726, 28.9443206787, -2.7554731369], [75.317565918, 17.4095859528, -26.9661827087, 117.540542603, 67.3622436523, 32.5820236206, -4.08186149597, 42.6614379883, 156.438339233, 27.3089294434, -11.2617330551, -4.36298847198, 10.8304576874], [101.044219971, -93.431427002, 45.5368041992, -24.6062717438, 12.2637901306, 31.4230918884, 7.11308240891, 26.8527889252, 27.3089294434, 87.4180145264, 10.2373857498, 9.75831127167, -24.3389949799], [19.0223903656, 203.303237915, -68.5713500977, -30.8650035858, -14.8733596802, 18.4184989929, 57.1939468384, 20.3767318726, -11.2617330551, 10.2373857498, 129.933349609, 18.6176872253, -11.8324108124], [132.795440674, -91.5689926147, 72.6190032959, 5.54242324829, -0.551811039448, 18.8742294312, 18.5260028839, 28.9443206787, -4.36298847198, 9.75831127167, 18.6176872253, 85.7243652344, 15.6883401871], [-131.479812622, 90.0353012085, 18.3034381866, 74.7986679077, 54.8459777832, -5.83922529221, 4.61791849136, -2.7554731369, 10.8304576874, -24.3389949799, -11.8324108124, 15.6883401871, 119.659790039]],
        "icov": [[0.000405323284212, -9.33034825721e-05, 0.000149039275129, -0.000349126145011, 6.57822092762e-05, -0.000334227457643, 0.000370860885596, -0.000624861975666, 0.000338795682183, -0.000342820596416, 0.000297218764899, -0.000756183988415, 0.000663979328237], [-9.33034825721e-05, 0.00274889823049, 0.000408576830523, 0.000884604349267, -0.00174383027479, 0.00128685950767, -0.00160916161258, 0.0017547669122, -0.00144781707786, 0.00253662723117, -0.00478153675795, 0.00319239147939, -0.00206610257737], [0.000149039275129, 0.000408576830523, 0.00347311422229, 0.000502755923662, -0.00109875085764, -0.00182084925473, 0.000434174347902, -0.000667710264679, 0.0014076147927, -0.000932702445425, 0.00183541723527, -0.00238587451167, -0.000429380161222], [-0.000349126145011, 0.000884604349267, 0.000502755923662, 0.00501686101779, -0.000571330776438, -0.000398934062105, -0.00102723075543, 0.00137616950087, -0.00396012281999, 0.00271325325593, -0.000609433220234, 0.000784789328463, -0.00320123624988], [6.57822092762e-05, -0.00174383027479, -0.00109875085764, -0.000571330776438, 0.00546712102368, -0.000543474336155, 0.000143421639223, -0.0010083031375, -0.00100893620402, -0.00187753676437, 0.00294399284758, -0.00091236323351, -0.000531380239408], [-0.000334227457643, 0.00128685950767, -0.00182084925473, -0.000398934062105, -0.000543474336155, 0.00947584584355, -0.0033730447758, -0.000843082845677, -0.00176800740883, 0.00026758282911, -0.00347704580054, 0.00311484606937, -0.000523105089087], [0.000370860885596, -0.00160916161258, 0.000434174347902, -0.00102723075543, 0.000143421639223, -0.0033730447758, 0.0105421310291, -0.00639448920265, 0.00354360602796, -0.000945751729887, 6.55716939946e-05, -0.00190763629507, 0.0011530360207], [-0.000624861975666, 0.0017547669122, -0.000667710264679, 0.00137616950087, -0.0010083031375, -0.000843082845677, -0.00639448920265, 0.0163453053683, -0.00535578839481, 0.000950748857576, -0.00306888949126, -0.000109377440822, -0.00133182376157], [0.000338795682183, -0.00144781707786, 0.0014076147927, -0.00396012281999, -0.00100893620402, -0.00176800740883, 0.00354360602796, -0.00535578839481, 0.012956071645, -0.00535179954022, 0.00337374489754, -0.00143043510616, 0.00209778663702], [-0.000342820596416, 0.00253662723117, -0.000932702445425, 0.00271325325593, -0.00187753676437, 0.00026758282911, -0.000945751729887, 0.000950748857576, -0.00535179954022, 0.0179098788649, -0.00597351044416, 0.0026010251604, 0.000288927811198], [0.000297218764899, -0.00478153675795, 0.00183541723527, -0.000609433220234, 0.00294399284758, -0.00347704580054, 6.55716939946e-05, -0.00306888949126, 0.00337374489754, -0.00597351044416, 0.0197329502553, -0.00946179125458, 0.00410369224846], [-0.000756183988415, 0.00319239147939, -0.00238587451167, 0.000784789328463, -0.00091236323351, 0.00311484606937, -0.00190763629507, -0.000109377440822, -0.00143043510616, 0.0026010251604, -0.00946179125458, 0.0207054782659, -0.00570900598541], [0.000663979328237, -0.00206610257737, -0.000429380161222, -0.00320123624988, -0.000531380239408, -0.000523105089087, 0.0011530360207, -0.00133182376157, 0.00209778663702, 0.000288927811198, 0.00410369224846, -0.00570900598541, 0.0138739850372]]
    },
    "melbands": {
        "dmean": [0.00354912364855, 0.00227512628771, 0.00105258414987, 0.00112249387894, 0.00106089736801, 0.000435648835264, 0.000303279462969, 0.000356173200998, 0.000181072362466, 9.57957308856e-05, 4.72190513392e-05, 4.61568088213e-05, 2.9748362067e-05, 2.62986632151e-05, 2.36247469729e-05, 1.95990287466e-05, 1.26964259834e-05, 7.33729484637e-06, 5.55905853616e-06, 6.11888208368e-06, 3.45506805388e-06, 3.24598363477e-06, 4.42781129095e-06, 2.81670895674e-06, 1.90650882814e-06, 1.63893378158e-06, 1.87655882655e-06, 1.59905619057e-06, 1.0611727248e-06, 1.35330333251e-06, 1.63783954577e-06, 1.66039274063e-06, 2.11196993405e-06, 2.22768312597e-06, 1.89631271041e-06, 1.5500822883e-06, 1.38376162795e-06, 1.48304468439e-06, 1.42000442338e-06, 1.19048820579e-06],
        "dmean2": [0.00604397850111, 0.00380450580269, 0.00181535223965, 0.00182352832053, 0.00170173111837, 0.000717428105418, 0.000456454552477, 0.000536919105798, 0.0002687437227, 0.000138639254146, 7.7553326264e-05, 7.02998004272e-05, 4.41017618868e-05, 3.8758302253e-05, 3.44012987625e-05, 2.91200376523e-05, 1.90063365153e-05, 1.14069634947e-05, 8.54536301631e-06, 9.71798090177e-06, 5.42771385881e-06, 4.93416791869e-06, 6.96622646501e-06, 4.36479194832e-06, 3.04410059471e-06, 2.3900809083e-06, 2.74060789707e-06, 2.44562124863e-06, 1.59805074418e-06, 2.07484936254e-06, 2.33925970861e-06, 2.40754661718e-06, 3.14740418617e-06, 3.26469466927e-06, 2.84181578536e-06, 2.29259353546e-06, 2.15212980947e-06, 2.31455555877e-06, 2.08955179914e-06, 1.65437938904e-06],
        "dvar": [0.000114641501568, 3.3510474168e-05, 3.70336397282e-06, 2.50296056947e-06, 2.08700612347e-06, 5.86590090279e-07, 2.54818814938e-07, 3.99271243623e-07, 1.33492122245e-07, 4.55931328247e-08, 9.5018091173e-09, 1.02381871869e-08, 5.02739805341e-09, 3.06063463462e-09, 2.72771960574e-09, 2.04428118877e-09, 8.81765938043e-10, 2.53407211881e-10, 1.7008844333e-10, 3.37195160682e-10, 5.09692704709e-11, 4.43757877666e-11, 5.79802525436e-11, 2.22020006546e-11, 9.86610272646e-12, 8.11057384448e-12, 1.14897188985e-11, 1.09214928767e-11, 8.57463319098e-12, 2.11097250791e-11, 2.53265984573e-11, 1.98168252641e-11, 2.53812439815e-11, 2.23502570618e-11, 1.97184525652e-11, 1.09591320394e-11, 1.5459095809e-11, 2.95406442363e-11, 1.33113901846e-11, 8.97603606026e-12],
        "dvar2": [0.000301566236885, 8.44607129693e-05, 1.03518650576e-05, 6.18777721684e-06, 5.02529746882e-06, 1.41164048273e-06, 5.2167905551e-07, 9.9856504221e-07, 2.97714223052e-07, 9.41102626939e-08, 2.53972203268e-08, 2.22091234292e-08, 9.87463533164e-09, 6.3319163246e-09, 6.33034202835e-09, 4.24782653496e-09, 1.96851690504e-09, 6.15230921763e-10, 3.90177973264e-10, 8.9462337538e-10, 1.2943300598e-10, 8.61016535847e-11, 1.37046735071e-10, 4.77333381155e-11, 2.34853369391e-11, 1.64878319331e-11, 2.38286803483e-11, 2.22604695094e-11, 1.55239952837e-11, 4.07364281196e-11, 3.84710180379e-11, 3.56192610129e-11, 4.86942292044e-11, 4.39603145552e-11, 4.11654842158e-11, 2.11748917012e-11, 3.73700723144e-11, 7.41193217912e-11, 2.60607559838e-11, 1.63233124933e-11],
        "max": [0.0983330830932, 0.071490816772, 0.0211733393371, 0.0171935409307, 0.0128314942122, 0.0100076999515, 0.00615725945681, 0.00615737307817, 0.00437245797366, 0.0030141803436, 0.00101947586518, 0.00200755335391, 0.00116832565982, 0.00104757654481, 0.000878561113495, 0.000839738175273, 0.000462673197035, 0.000208649667911, 0.000191046652617, 0.000252652098425, 9.2064969067e-05, 0.000168913204107, 0.000112629059004, 9.32071779971e-05, 3.5789427784e-05, 5.46267619939e-05, 6.5320302383e-05, 7.93005965534e-05, 8.2738319179e-05, 0.00015218835324, 0.000153704662807, 0.000110259607027, 0.000103887381556, 8.02775684861e-05, 8.54349273141e-05, 5.40816799912e-05, 7.26931975805e-05, 0.000118805386592, 4.92454237246e-05, 3.96714785893e-05],
        "mean": [0.00801414623857, 0.00568071845919, 0.00191289524082, 0.00202204007655, 0.00185804313514, 0.00077865307685, 0.000538832973689, 0.000588307098951, 0.000344997184584, 0.000183432770427, 7.70750557422e-05, 7.79164183768e-05, 5.19271088706e-05, 4.53969660157e-05, 4.13796406065e-05, 3.29492759192e-05, 2.00194081117e-05, 1.06841507659e-05, 9.5688719739e-06, 9.43731811276e-06, 6.15966837358e-06, 6.44581677989e-06, 7.64880496718e-06, 5.38526819582e-06, 3.54088206223e-06, 3.09034930979e-06, 3.53972291123e-06, 2.63894776253e-06, 1.64601476627e-06, 2.2110818918e-06, 2.64550317297e-06, 2.83071949525e-06, 3.61040588359e-06, 3.96204040953e-06, 3.28637543134e-06, 2.58701720668e-06, 1.89479032997e-06, 2.03008062272e-06, 2.05353853744e-06, 1.78048799171e-06],
        "median": [0.00640011020005, 0.00494911707938, 0.00138432031963, 0.00123552256264, 0.00107068009675, 0.000382670143154, 0.000261426612269, 0.000256560568232, 0.000108755586552, 7.568395813e-05, 3.20431136061e-05, 3.0311413866e-05, 2.0264822524e-05, 1.65201436175e-05, 1.32855566335e-05, 9.07682078832e-06, 5.21946276422e-06, 4.89044305141e-06, 3.78717231797e-06, 3.98584415962e-06, 2.85280702883e-06, 3.04313743982e-06, 3.69810641132e-06, 2.8274921533e-06, 2.29453644351e-06, 1.58942168582e-06, 1.81827147117e-06, 1.27974692532e-06, 7.75405965214e-07, 9.87924408946e-07, 9.78033426691e-07, 1.23143399833e-06, 1.59249657372e-06, 1.90892183127e-06, 1.45410831465e-06, 8.72140049069e-07, 5.46904288967e-07, 3.54459245955e-07, 3.32674176207e-07, 3.68457733657e-07],
        "min": [6.9091388419e-24, 1.7724327978e-24, 7.07743442742e-24, 7.45899540323e-24, 7.87941566722e-24, 1.39239440243e-23, 9.21564506647e-24, 1.29325351931e-23, 5.85589790962e-24, 1.97423028045e-23, 2.16487808195e-23, 2.66876061857e-23, 1.72153462445e-23, 1.88548563742e-24, 7.99414365297e-24, 1.34127258702e-23, 1.76621191959e-23, 9.1158352293e-24, 6.22755197574e-24, 7.2970943242e-24, 7.14988420182e-24, 5.35680691413e-24, 7.63155241536e-24, 1.13586156922e-23, 8.90948736029e-24, 9.48928040411e-24, 1.30983324561e-23, 1.74620877362e-23, 1.53996882078e-23, 1.08146960981e-23, 8.59082305332e-24, 1.08376732497e-23, 9.03142474586e-24, 6.82329420934e-24, 1.05645120174e-23, 8.58854482303e-24, 1.05549644339e-23, 1.34933411438e-23, 9.90105790802e-24, 1.07349722373e-23],
        "stdev": [0.0106217572466, 0.00599019089714, 0.00201510894112, 0.00228419923224, 0.00218868697993, 0.00118587003089, 0.000775438384153, 0.000830682518426, 0.00055759010138, 0.000339263147907, 0.000130449028802, 0.000155223620823, 0.00010483605729, 8.23384471005e-05, 7.98353576101e-05, 6.46558473818e-05, 4.37911039626e-05, 1.84549135156e-05, 1.8317345166e-05, 2.06972181331e-05, 1.02368012449e-05, 1.12261641334e-05, 1.10489318104e-05, 7.2456136877e-06, 4.04558750233e-06, 4.67226936962e-06, 5.4088759498e-06, 4.83211397295e-06, 4.42785176347e-06, 6.90726074026e-06, 8.65608308231e-06, 6.7629739533e-06, 7.08719289833e-06, 6.86794737703e-06, 6.18430567556e-06, 5.09463598064e-06, 4.77279718325e-06, 6.79318145558e-06, 5.62877585253e-06, 4.68256030217e-06],
        "var": [0.000112821726361, 3.58823890565e-05, 4.060664196e-06, 5.21756601302e-06, 4.79035043099e-06, 1.40628765166e-06, 6.01304691372e-07, 6.90033459705e-07, 3.10906727918e-07, 1.15099489051e-07, 1.70169478508e-08, 2.40943727192e-08, 1.09905995416e-08, 6.77961953244e-09, 6.37368469114e-09, 4.18037870986e-09, 1.9176606969e-09, 3.40583838909e-10, 3.35525107698e-10, 4.28374807848e-10, 1.04792105549e-10, 1.26026758474e-10, 1.22078902542e-10, 5.2498918407e-11, 1.63667777248e-11, 2.18301002275e-11, 2.92559414194e-11, 2.33493259449e-11, 1.96058707463e-11, 4.7710248946e-11, 7.49277792589e-11, 4.57378163121e-11, 5.02283041548e-11, 4.71687029713e-11, 3.82456392944e-11, 2.59553142867e-11, 2.27795941832e-11, 4.61473116664e-11, 3.16831179348e-11, 2.19263721762e-11]
    },
    "melbands128": {
