{
"lowlevel": {
    "average_loudness": 0.932322502136,
    "barkbands_crest": {
        "dmean": 3.07122182846,
        "dmean2": 4.43332290649,
        "dvar": 9.30064582825,
        "dvar2": 15.7839326859,
        "max": 26.2469406128,
        "mean": 12.7101325989,
        "median": 11.496512413,
        "min": 2.68309259415,
        "stdev": 5.64703178406,
        "var": 31.8889694214
    },
    "barkbands_flatness_db": {
        "dmean": 0.0364073626697,
        "dmean2": 0.0470471940935,
        "dvar": 0.00115470518358,
        "dvar2": 0.00198916532099,
        "max": 0.394644677639,
        "mean": 0.191553726792,
        "median": 0.181465759873,
        "min": 0.033580288291,
        "stdev": 0.0676611810923,
        "var": 0.00457803579047
    },
    "barkbands_kurtosis": {
        "dmean": 10.5124092102,
        "dmean2": 15.2850971222,
        "dvar": 318.55279541,
        "dvar2": 684.137512207,
        "max": 250.278152466,
        "mean": 15.1350002289,
        "median": 7.39959144592,
        "min": -1.8729609251,
        "stdev": 23.6676864624,
        "var": 560.159423828
    },
    "barkbands_skewness": {
        "dmean": 1.08943772316,
        "dmean2": 1.48262465,
        "dvar": 1.37263357639,
        "dvar2": 2.6424741745,
        "max": 12.6094064713,
        "mean": 2.79613471031,
        "median": 2.47079753876,
        "min": -3.8553609848,
        "stdev": 2.02469849586,
        "var": 4.09940433502
    },
    "barkbands_spread": {
        "dmean": 9.11711502075,
        "dmean2": 13.3371629715,
        "dvar": 147.522674561,
        "dvar2": 315.724853516,
        "max": 113.825050354,
        "mean": 19.3664970398,
        "median": 13.5213880539,
        "min": 0.596704661846,
        "stdev": 17.6589412689,
        "var": 311.838226318
    },
    "dissonance": {
        "dmean": 0.0241921804845,
        "dmean2": 0.0387038402259,
        "dvar": 0.000565906520933,
        "dvar2": 0.00127231690567,
        "max": 0.499998688698,
        "mean": 0.446561574936,
        "median": 0.45266777277,
        "min": 0.240940913558,
        "stdev": 0.0374948494136,
        "var": 0.00140586378984
    },
    "dynamic_complexity": 1.75980377197,
    "erbbands_crest": {
        "dmean": 2.60753726959,
        "dmean2": 4.12219572067,
        "dvar": 5.50910758972,
        "dvar2": 11.5257291794,
        "max": 25.7568492889,
        "mean": 9.26055717468,
        "median": 8.42856884003,
        "min": 2.83287119865,
        "stdev": 4.00117301941,
        "var": 16.0093841553
    },
    "erbbands_flatness_db": {
        "dmean": 0.0231162384152,
        "dmean2": 0.032362472266,
        "dvar": 0.000578749226406,
        "dvar2": 0.00108691083733,
        "max": 0.378184914589,
        "mean": 0.153626635671,
        "median": 0.151046782732,
        "min": 0.0535772815347,
        "stdev": 0.0518680810928,
        "var": 0.00269029801711
    },
    "erbbands_kurtosis": {
        "dmean": 1.75264418125,
        "dmean2": 2.70630383492,
        "dvar": 5.5203704834,
        "dvar2": 12.0554904938,
        "max": 33.2162742615,
        "mean": 1.60482239723,
        "median": 0.464248895645,
        "min": -1.79055213928,
        "stdev": 3.60796833038,
        "var": 13.0174360275
    },
    "erbbands_skewness": {
        "dmean": 0.540498316288,
        "dmean2": 0.792863130569,
        "dvar": 0.29568746686,
        "dvar2": 0.597990095615,
        "max": 4.97148227692,
        "mean": 0.738918304443,
        "median": 0.748467683792,
        "min": -2.72777414322,
        "stdev": 1.03315520287,
        "var": 1.06740963459
    },
    "erbbands_spread": {
        "dmean": 15.2740726471,
        "dmean2": 22.7639446259,
        "dvar": 275.364685059,
        "dvar2": 650.091186523,
        "max": 182.139953613,
        "mean": 46.9559020996,
        "median": 42.0336914062,
        "min": 3.18758034706,
        "stdev": 26.7355461121,
        "var": 714.789428711
    },
    "hfc": {
        "dmean": 11.2054424286,
        "dmean2": 15.455657959,
        "dvar": 290.813049316,
        "dvar2": 484.693634033,
        "max": 178.599411011,
        "mean": 23.6496372223,
        "median": 14.4819860458,
        "min": 0.000561901950277,
        "stdev": 24.4211273193,
        "var": 596.391479492
    },
    "loudness_ebu128": {
        "integrated": -10.7680196762,
        "loudness_range": 3.85711193085,
        "momentary": {
            "dmean": 0.333331137896,
            "dmean2": 0.471819669008,
            "dvar": 0.14635425806,
            "dvar2": 0.273963302374,
            "max": -8.58356571198,
            "mean": -11.1053857803,
            "median": -10.1927223206,
            "min": -14.9538803101,
            "stdev": 1.7823895216,
            "var": 3.17691230774
        },
        "short_term": {
            "dmean": 0.0946422442794,
            "dmean2": 0.135228037834,
            "dvar": 0.00573068344966,
            "dvar2": 0.011541412212,
            "max": -9.051197052,
            "mean": -11.1599464417,
            "median": -10.6340236664,
            "min": -13.76587677,
            "stdev": 1.54764282703,
            "var": 2.39519834518
        }
    },
    "melbands_crest": {
        "dmean": 4.05920124054,
        "dmean2": 6.07307672501,
        "dvar": 16.5263690948,
        "dvar2": 33.0583076477,
        "max": 35.90650177,
        "mean": 18.5867481232,
        "median": 17.9327583313,
        "min": 2.80333423615,
        "stdev": 7.46245145798,
        "var": 55.6881828308
    },
    "melbands_flatness_db": {
        "dmean": 0.0455959625542,
        "dmean2": 0.0576721541584,
        "dvar": 0.0019233787898,
        "dvar2": 0.00313572655432,
        "max": 0.504590690136,
        "mean": 0.253755658865,
        "median": 0.238869979978,
        "min": 0.0398144051433,
        "stdev": 0.0898957774043,
        "var": 0.00808125082403
    },
    "melbands_kurtosis": {
        "dmean": 20.8129062653,
        "dmean2": 30.9364833832,
        "dvar": 2031.6385498,
        "dvar2": 5058.72119141,
        "max": 951.380981445,
        "mean": 33.3925971985,
        "median": 19.6792888641,
        "min": -1.57636725903,
        "stdev": 49.4753189087,
        "var": 2447.80712891
    },
    "melbands_skewness": {
        "dmean": 1.35101437569,
        "dmean2": 1.88554394245,
        "dvar": 2.37302017212,
        "dvar2": 5.17520904541,
        "max": 27.3600196838,
        "mean": 4.00762891769,
        "median": 3.58751440048,
        "min": -0.699067234993,
        "stdev": 2.50260448456,
        "var": 6.26302862167
    },
    "melbands_spread": {
        "dmean": 9.36395168304,
        "dmean2": 13.7769231796,
        "dvar": 336.688720703,
        "dvar2": 670.292175293,
        "max": 201.960266113,
        "mean": 17.6296272278,
        "median": 10.7918071747,
        "min": 0.497635811567,
        "stdev": 24.7539634705,
        "var": 612.758728027
    },
    "pitch_salience": {
        "dmean": 0.0950156748295,
        "dmean2": 0.136495366693,
        "dvar": 0.0105100777,
        "dvar2": 0.0222815200686,
        "max": 0.853710830212,
        "mean": 0.520257890224,
        "median": 0.551317691803,
        "min": 0.0693651214242,
        "stdev": 0.181054711342,
        "var": 0.0327808111906
    },
    "silence_rate_20dB": {
        "dmean": 0,
        "dmean2": 0,
        "dvar": 0,
        "dvar2": 0,
        "max": 1,
        "mean": 1,
        "median": 1,
        "min": 1,
        "stdev": 0,
        "var": 0
    },
    "silence_rate_30dB": {
        "dmean": 0.0634674951434,
        "dmean2": 0.127033308148,
        "dvar": 0.0594395399094,
        "dvar2": 0.11089514941,
        "max": 1,
        "mean": 0.867749392986,
        "median": 1,
        "min": 0,
        "stdev": 0.338759720325,
        "var": 0.114758141339
    },
    "silence_rate_60dB": {
        "dmean": 0.0100619196892,
        "dmean2": 0.0193648338318,
        "dvar": 0.00996060948819,
        "dvar2": 0.0251867212355,
        "max": 1,
        "mean": 0.00696055684239,
        "median": 0,
        "min": 0,
        "stdev": 0.083139307797,
        "var": 0.00691214390099
    },
    "spectral_centroid": {
        "dmean": 353.520233154,
        "dmean2": 513.354675293,
        "dvar": 201802.53125,
        "dvar2": 371928.75,
        "max": 5269.60791016,
        "mean": 1095.03747559,
        "median": 882.345947266,
        "min": 167.34715271,
        "stdev": 758.944946289,
        "var": 575997.4375
    },
    "spectral_complexity": {
        "dmean": 4.48297214508,
        "dmean2": 6.26258707047,
        "dvar": 36.9881782532,
        "dvar2": 49.1200218201,
        "max": 60,
        "mean": 15.546790123,
        "median": 13,
        "min": 0,
        "stdev": 9.92350578308,
        "var": 98.4759674072
    },
    "spectral_decrease": {
        "dmean": 4.34313829345e-09,
        "dmean2": 5.30039034885e-09,
        "dvar": 4.62275377805e-17,
        "dvar2": 5.87886658113e-17,
        "max": -4.65730427314e-13,
        "mean": -1.24064767348e-08,
        "median": -6.71525146601e-09,
        "min": -6.29176639677e-08,
        "stdev": 1.35932038958e-08,
        "var": 1.84775194951e-16
    },
    "spectral_energy": {
        "dmean": 0.016843996942,
        "dmean2": 0.0207368545234,
        "dvar": 0.000680493016262,
        "dvar2": 0.00087189784972,
        "max": 0.239467397332,
        "mean": 0.0489700213075,
        "median": 0.0273404810578,
        "min": 1.80874235411e-06,
        "stdev": 0.0519520640373,
        "var": 0.00269901705906
    },
    "spectral_energyband_high": {
        "dmean": 0.00098867889028,
        "dmean2": 0.00132590089925,
        "dvar": 2.68024564321e-06,
        "dvar2": 5.0615803957e-06,
        "max": 0.0157213546336,
        "mean": 0.00137177307624,
        "median": 0.00031707220478,
        "min": 3.19558566275e-08,
        "stdev": 0.00223628501408,
        "var": 5.00097075928e-06
    },
    "spectral_energyband_low": {
        "dmean": 0.0139434104785,
        "dmean2": 0.0163149051368,
        "dvar": 0.00074655120261,
        "dvar2": 0.000996118760668,
        "max": 0.231262251735,
        "mean": 0.0314464531839,
        "median": 0.00400910107419,
        "min": 2.75982813491e-07,
        "stdev": 0.0508576259017,
        "var": 0.00258649792522
    },
    "spectral_energyband_middle_high": {
        "dmean": 0.00169433641713,
        "dmean2": 0.0026371923741,
        "dvar": 1.48235340021e-05,
        "dvar2": 2.89669333142e-05,
        "max": 0.0409722849727,
        "mean": 0.00320242648013,
        "median": 0.00167094066273,
        "min": 3.21199031816e-08,
        "stdev": 0.00492464844137,
        "var": 2.42521637119e-05
    },
    "spectral_energyband_middle_low": {
        "dmean": 0.00762344151735,
        "dmean2": 0.0129975480959,
        "dvar": 0.000221999347559,
        "dvar2": 0.00064080505399,
        "max": 0.106630593538,
        "mean": 0.0144572854042,
        "median": 0.0114748515189,
        "min": 4.51774127441e-07,
        "stdev": 0.0128604583442,
        "var": 0.000165391393239
    },
    "spectral_entropy": {
        "dmean": 0.315072655678,
        "dmean2": 0.435489952564,
        "dvar": 0.110646523535,
        "dvar2": 0.183627292514,
        "max": 8.84332942963,
        "mean": 7.42949581146,
        "median": 7.38316774368,
        "min": 5.38469028473,
        "stdev": 0.642090082169,
        "var": 0.412279635668
    },
    "spectral_flux": {
        "dmean": 0.0414185300469,
        "dmean2": 0.0575148388743,
        "dvar": 0.00274706631899,
        "dvar2": 0.00371000589803,
        "max": 0.481460303068,
        "mean": 0.105451591313,
        "median": 0.0795097798109,
        "min": 0.00134489487391,
        "stdev": 0.0848105698824,
        "var": 0.00719283241779
    },
    "spectral_kurtosis": {
        "dmean": 2.76434016228,
        "dmean2": 4.22270822525,
        "dvar": 17.9592647552,
        "dvar2": 38.8665237427,
        "max": 49.634311676,
        "mean": 5.67068862915,
        "median": 4.39444303513,
        "min": -0.963934659958,
        "stdev": 6.0845580101,
        "var": 37.0218467712
    },
    "spectral_rms": {
        "dmean": 0.00116976187564,
        "dmean2": 0.00145034468733,
        "dvar": 2.04942512028e-06,
        "dvar2": 2.8008676054e-06,
        "max": 0.0152848530561,
        "mean": 0.00613779202104,
        "median": 0.00516465306282,
        "min": 4.20074611611e-05,
        "stdev": 0.00317853945307,
        "var": 1.01031137092e-05
    },
    "spectral_rolloff": {
        "dmean": 776.314086914,
        "dmean2": 1294.16210938,
        "dvar": 3069630.5,
        "dvar2": 6716188.5,
        "max": 12941.4550781,
        "mean": 1283.98303223,
        "median": 495.263671875,
        "min": 64.599609375,
        "stdev": 2179.78295898,
        "var": 4751454
    },
    "spectral_skewness": {
        "dmean": 0.39953354001,
        "dmean2": 0.566148042679,
        "dvar": 0.198037937284,
        "dvar2": 0.388695597649,
        "max": 5.32929849625,
        "mean": 1.85199975967,
        "median": 1.80059170723,
        "min": 0.162986755371,
        "stdev": 0.787591814995,
        "var": 0.620300889015
    },
    "spectral_spread": {
        "dmean": 1151493.625,
        "dmean2": 1621798,
        "dvar": 1.66749496934e+12,
        "dvar2": 3.02312875622e+12,
        "max": 20343178,
        "mean": 5899429.5,
        "median": 5328424,
        "min": 1038693.5,
        "stdev": 2390479.75,
        "var": 5.71439316992e+12
    },
    "spectral_strongpeak": {
        "dmean": 0.334664106369,
        "dmean2": 0.517130732536,
        "dvar": 0.233908206224,
        "dvar2": 0.581858098507,
        "max": 6.92963790894,
        "mean": 0.7014772892,
        "median": 0.55817335844,
        "min": 0,
        "stdev": 0.586581647396,
        "var": 0.344078063965
    },
    "zerocrossingrate": {
        "dmean": 0.0204016156495,
        "dmean2": 0.0214162953198,
        "dvar": 0.000600557425059,
        "dvar2": 0.000691238790751,
        "max": 0.439453125,
        "mean": 0.0605110004544,
        "median": 0.0458984375,
        "min": 0.001953125,
        "stdev": 0.055432446301,
        "var": 0.00307275610976
    },
    "barkbands": {
        "dmean": [0.000997649389319, 0.0129224555567, 0.00470174150541, 0.0026400485076, 0.00309745478444, 0.00172344455495, 0.00129355618265, 0.000700441480149, 0.000273416604614, 0.000152673877892, 0.000222268441576, 0.000289039540803, 0.000227135722525, 0.000241492234636, 0.000340368656907, 0.000280641048448, 0.000284975016257, 0.000208605095395, 0.000173208187334, 0.000138092087582, 0.000161359130288, 0.000159179297043, 0.000204011550522, 0.000217014516238, 0.000198560606805, 8.89842267497e-05, 2.2617602724e-07],
        "dmean2": [0.00106421415694, 0.0151757625863, 0.00844946224242, 0.00484898407012, 0.00506611727178, 0.00287655345164, 0.00216345489025, 0.00103876634967, 0.000398185482481, 0.000217946027988, 0.000324934575474, 0.000461402174551, 0.00035728837247, 0.000403030688176, 0.000583151180763, 0.000450068531791, 0.000407027895562, 0.000317210302455, 0.000266804097919, 0.00018834004004, 0.000235825544223, 0.000226385003771, 0.000292907148832, 0.00032903655665, 0.000288710230961, 0.000125636448502, 3.93606342186e-07],
        "dvar": [2.27065834224e-06, 0.000809933117125, 0.000263106892817, 6.32946757833e-05, 2.82313576463e-05, 6.13590418652e-06, 4.79566051581e-06, 1.39126393606e-06, 2.15558301875e-07, 7.21643047541e-08, 2.38081995008e-07, 4.81304596178e-07, 3.20404865306e-07, 3.48953676621e-07, 1.38976645303e-06, 7.67590393025e-07, 5.21952756571e-07, 2.20941871021e-07, 7.01934510516e-08, 5.80118140192e-08, 2.00312030074e-07, 1.18976132057e-07, 1.44327486851e-07, 1.55782728939e-07, 1.35810807933e-07, 2.5266398751e-08, 9.21283774095e-13],
        "dvar2": [2.15595173358e-06, 0.00105956802145, 0.000735307112336, 0.00018510776863, 7.69262915128e-05, 1.54153203766e-05, 1.3388717889e-05, 3.44024033438e-06, 3.89669139622e-07, 1.44457473539e-07, 4.77444245917e-07, 9.85478550319e-07, 7.08417303485e-07, 8.4297499825e-07, 3.90164086639e-06, 1.90508865217e-06, 9.91848764897e-07, 3.99377086069e-07, 1.44787946965e-07, 1.05607647072e-07, 4.52762265013e-07, 2.41649303234e-07, 2.97247055414e-07, 3.38336434424e-07, 2.67018265276e-07, 5.24617291831e-08, 1.87552360795e-12],
        "max": [0.0133677376434, 0.216289430857, 0.114867657423, 0.0494481697679, 0.0426344797015, 0.0280587263405, 0.028781985864, 0.0199263431132, 0.00570979947224, 0.00447212904692, 0.00937473587692, 0.00787998735905, 0.00964457634836, 0.00911227148026, 0.0106851737946, 0.0109368590638, 0.0105690527707, 0.00602236483246, 0.00248549296521, 0.00299194641411, 0.00545937148854, 0.00437135668471, 0.00388461537659, 0.00418665725738, 0.00572919519618, 0.00204484537244, 2.50103385042e-05],
        "mean": [0.00233564479277, 0.0241906438023, 0.00347443879582, 0.00253478321247, 0.00521074607968, 0.00292646465823, 0.00196845177561, 0.00119608733803, 0.000496220018249, 0.000284432899207, 0.000364013394574, 0.000389814871596, 0.00028072996065, 0.000254369108006, 0.000348699017195, 0.000308862130623, 0.000378636294045, 0.00027011038037, 0.000276602280792, 0.000191218176042, 0.000157865259098, 0.000185802491615, 0.000250007142313, 0.000298021943308, 0.000272203993518, 0.000124956612126, 1.7391235474e-07],
        "median": [9.28607259993e-05, 0.000527587719262, 0.000434044457506, 0.000793954008259, 0.00303151574917, 0.00193502940238, 0.000948440749198, 0.00055599672487, 0.00020099527319, 0.000137137147249, 0.000117579722428, 0.00013613209012, 7.87071185187e-05, 3.76069365302e-05, 3.72887407138e-05, 4.84393203806e-05, 7.58946698625e-05, 7.35054200049e-05, 0.000106465609861, 6.03068292548e-05, 1.05447497845e-05, 2.49311251537e-05, 4.45746918558e-05, 5.70534757571e-05, 6.65857223794e-05, 2.98568884318e-05, 2.24667817683e-09],
        "min": [1.46600925843e-10, 9.9609676063e-10, 2.83785062116e-09, 1.32867199909e-07, 7.18491435237e-08, 1.06478942996e-07, 8.85533850692e-08, 1.53149333215e-08, 3.4379098679e-08, 5.82540371497e-09, 3.64767838157e-09, 1.06222186602e-08, 3.74146313931e-09, 1.93277616134e-09, 1.11730835695e-09, 1.03472408419e-09, 1.50436219037e-09, 3.27099280995e-09, 5.45738620961e-10, 1.07898867618e-09, 1.52896584282e-09, 3.02197955548e-09, 4.62813742885e-09, 7.42787564789e-09, 9.66486890519e-09, 4.15064072001e-09, 3.30062095277e-13],
        "stdev": [0.00378085952252, 0.0463259108365, 0.0126223322004, 0.00601097103208, 0.0060152974911, 0.00331721734256, 0.00284368800931, 0.00163623783737, 0.000782613817137, 0.000425765058026, 0.000725011457689, 0.000836744322442, 0.000658288656268, 0.000654410803691, 0.00107788713649, 0.000869195966516, 0.000883041415364, 0.000588557857554, 0.000396305404138, 0.000354671443347, 0.000458688416984, 0.000389952532714, 0.000457439920865, 0.000511922698934, 0.000530244607944, 0.000224315706873, 1.03216723346e-06],
        "var": [1.42948993016e-05, 0.00214608991519, 0.00015932325914, 3.61317725037e-05, 3.61838065146e-05, 1.1003930922e-05, 8.08656204754e-06, 2.67727432401e-06, 6.12484370777e-07, 1.8127587964e-07, 5.25641610238e-07, 7.00141015386e-07, 4.33343927853e-07, 4.28253486007e-07, 1.1618407143e-06, 7.55501673666e-07, 7.79762160619e-07, 3.46400327089e-07, 1.57057968408e-07, 1.2579184272e-07, 2.1039505782e-07, 1.52062980874e-07, 2.09251268757e-07, 2.62064872913e-07, 2.81159316273e-07, 5.03175350275e-08, 1.06536925549e-12]
    },
    "erbbands": {
        "dmean": [0.537855803967, 2.72401833534, 5.1215338707, 7.87652301788, 8.23144721985, 12.3354187012, 12.7319774628, 14.1979637146, 15.1167917252, 18.6377639771, 13.8749332428, 7.89134454727, 4.94424533844, 6.25885677338, 9.3703918457, 12.5599107742, 10.346282959, 11.5923423767, 12.381937027, 19.3565616608, 14.4989719391, 15.2018928528, 11.094408989, 10.368224144, 7.9308423996, 6.34407281876, 6.30070209503, 6.01854372025, 5.37364530563, 6.9388384819, 5.79776477814, 4.48638010025, 3.64076375961, 2.24342679977, 1.44140183926, 0.649524271488, 0.0993215143681, 0.00531100062653, 0.000134137488203, 2.58802319877e-05],
        "dmean2": [0.543528914452, 3.24315309525, 8.44539165497, 14.3799982071, 14.418255806, 19.2885704041, 21.7500476837, 23.3970184326, 25.1850013733, 30.4418849945, 19.9538459778, 11.1092853546, 6.94072151184, 9.11512470245, 13.9609575272, 19.6718196869, 16.2113704681, 19.17552948, 20.952331543, 32.9100456238, 22.3274459839, 21.5106163025, 16.4070911407, 15.9811086655, 11.8810558319, 8.67117977142, 8.53432369232, 8.92275810242, 7.79360771179, 10.3262319565, 8.28924274445, 6.60315275192, 5.61181163788, 3.25283885002, 2.09208893776, 0.928143441677, 0.139400944114, 0.00756068713963, 0.000183560579899, 3.36218254233e-05],
        "dvar": [0.88852506876, 46.7607955933, 268.23727417, 614.174316406, 381.027099609, 351.996063232, 283.442810059, 654.621398926, 602.054931641, 947.577331543, 597.491210938, 170.724273682, 79.553855896, 175.588302612, 348.728912354, 892.500488281, 629.512634277, 736.198852539, 1212.43786621, 4883.82177734, 1637.78869629, 1542.7076416, 806.697631836, 354.317687988, 133.458892822, 141.440460205, 262.645965576, 258.721740723, 138.600387573, 272.921508789, 103.347450256, 75.6777496338, 46.0147247314, 16.9729442596, 7.54687976837, 1.44365036488, 0.0326930135489, 0.000109093591163, 5.72575409308e-08, 1.12717268852e-09],
        "dvar2": [0.928529798985, 73.7450561523, 707.858703613, 1770.88574219, 1100.88415527, 851.983337402, 800.235534668, 1540.06091309, 1679.13012695, 2592.40722656, 1363.08666992, 314.279205322, 159.648849487, 358.265380859, 710.592895508, 1778.09313965, 1365.78393555, 1729.05078125, 3221.5222168, 13725.5478516, 3584.16650391, 2930.54541016, 1425.15893555, 740.807006836, 262.267364502, 266.484802246, 527.581298828, 598.333068848, 261.095306396, 636.073608398, 217.562698364, 173.67137146, 100.470024109, 32.2049026489, 15.4448356628, 3.17890501022, 0.0647711232305, 0.000225531621254, 1.10035522027e-07, 1.69379088533e-09],
        "max": [7.80605268478, 55.7698440552, 120.339912415, 158.031433105, 159.262527466, 181.09072876, 136.160095215, 297.503051758, 283.925872803, 280.890014648, 405.915496826, 148.789382935, 171.631530762, 328.463409424, 290.260620117, 367.278808594, 357.136444092, 496.814849854, 373.020812988, 680.803405762, 517.80657959, 584.831420898, 370.624359131, 224.827560425, 109.364227295, 151.032546997, 199.020141602, 192.150344849, 125.122009277, 189.01399231, 96.4074478149, 101.862960815, 87.3468017578, 55.510181427, 43.2631416321, 16.8693809509, 2.39242172241, 0.14451096952, 0.00351321231574, 0.000317775848089],
        "mean": [0.983960568905, 4.26490736008, 4.51323843002, 7.25211572647, 10.7840480804, 21.879360199, 20.8390140533, 23.1489601135, 24.5786437988, 28.1026477814, 25.419090271, 14.6808929443, 9.41298961639, 11.2922525406, 14.4008750916, 17.7734546661, 13.5056343079, 13.5047216415, 14.3252401352, 19.4910392761, 18.5907649994, 20.3116569519, 14.5786170959, 15.543211937, 13.1432323456, 8.51287174225, 6.67609977722, 6.00914955139, 6.33720159531, 7.65731287003, 7.10866641998, 5.84804487228, 5.0233707428, 3.18265485764, 1.90273344517, 0.895573437214, 0.143817141652, 0.00750426622108, 0.000218786706682, 7.16792274034e-05],
        "median": [0.0206065960228, 0.0781079679728, 0.654200077057, 2.48968291283, 5.8810801506, 10.6028003693, 13.5494232178, 11.6762771606, 13.2862644196, 15.4964103699, 11.7472496033, 6.28907299042, 4.1982717514, 5.05644321442, 5.07135486603, 6.71213579178, 4.1292052269, 2.92994856834, 1.9573918581, 2.33772945404, 3.43550014496, 4.19749069214, 3.58062124252, 5.88969278336, 5.32362413406, 2.63696265221, 0.667782485485, 0.451894074678, 0.848671734333, 0.949203372002, 1.35869586468, 1.0619635582, 1.06401360035, 0.756065785885, 0.463472366333, 0.221318930387, 0.0324700176716, 0.00169973901939, 8.32257137517e-05, 4.34762296209e-05],
        "min": [1.94860604097e-07, 3.35024196829e-06, 0.000101842393633, 0.00041140220128, 0.000349391426425, 0.000190568665857, 0.000357356504537, 0.00104555080179, 0.00141857867129, 0.000769643986132, 0.000397335010348, 0.000807663949672, 0.00034805163159, 0.000186628109077, 0.000184245727723, 0.000445890240371, 0.000194934604224, 0.000105754261313, 7.0756788773e-05, 6.02054678893e-05, 5.92245487496e-05, 8.7008542323e-05, 0.000153431814397, 0.000106055253127, 2.68547410087e-05, 5.7461886172e-05, 6.45219697617e-05, 6.23167434242e-05, 8.33718877402e-05, 0.000137099894346, 0.000123757243273, 0.000160846189829, 0.000133357869345, 0.000108375737909, 6.82716126903e-05, 3.31597329932e-05, 5.38615677215e-06, 3.27831202185e-07, 4.16765182365e-08, 6.21505158449e-09],
        "stdev": [1.61164736748, 10.0423803329, 14.3284606934, 18.7932186127, 16.3577575684, 27.4742298126, 21.087720871, 36.2306060791, 31.9718456268, 36.1446533203, 36.9621047974, 21.6377658844, 14.3464107513, 19.5009689331, 25.5559597015, 37.0588989258, 30.3268623352, 32.2472763062, 39.3700637817, 60.759803772, 44.9668388367, 47.9376029968, 34.5276908875, 24.4858570099, 18.9682483673, 16.9499053955, 18.3453807831, 16.2415046692, 13.6533327103, 16.8999557495, 12.5385961533, 10.3695993423, 8.8929233551, 6.0470199585, 3.82127523422, 1.62453758717, 0.265201687813, 0.0143402805552, 0.000358039775165, 6.40394209768e-05],
        "var": [2.59740710258, 100.849403381, 205.304794312, 353.185058594, 267.57623291, 754.833251953, 444.691955566, 1312.65686035, 1022.19885254, 1306.43603516, 1366.19726562, 468.192901611, 205.819488525, 380.287811279, 653.107116699, 1373.36193848, 919.718566895, 1039.88684082, 1550.00195312, 3691.75366211, 2022.01647949, 2298.01391602, 1192.16149902, 599.557189941, 359.794433594, 287.299316406, 336.553009033, 263.786468506, 186.413482666, 285.60848999, 157.216384888, 107.528594971, 79.0840835571, 36.5664520264, 14.602145195, 2.6391222477, 0.0703319311142, 0.000205643635127, 1.28192482407e-07, 4.10104750159e-09]
    },
    "gfcc": {
        "mean": [-2.11221694946, 82.72631073, -89.8318099976, 24.5319080353, -68.502456665, 7.94970083237, -57.0319519043, 15.3396062851, -34.265663147, 0.25114312768, -11.0554075241, 2.56362581253, -16.9573173523],
        "cov": [[4372.70605469, -1494.4263916, 108.743141174, 853.093078613, 153.955718994, 833.596740723, 247.251785278, 392.612579346, 264.962463379, 428.202636719, -107.661766052, 322.889709473, 52.5326843262], [-1494.4263916, 2057.55053711, 173.569854736, -338.273864746, 418.150054932, -203.865280151, 353.765869141, -7.70936155319, 199.806777954, -164.893447876, 244.664352417, -59.5724334717, 102.2110672], [108.743141174, 173.569854736, 934.439697266, 243.896530151, 111.837669373, 283.953948975, 287.820678711, 165.353561401, 93.8521118164, 124.681999207, 69.3012008667, 184.553085327, 93.414352417], [853.093078613, -338.273864746, 243.896530151, 642.568908691, 237.20803833, 284.683563232, 169.522338867, 96.3474578857, 240.512908936, 155.652252197, 48.2901878357, 141.069641113, 102.528106689], [153.955718994, 418.150054932, 111.837669373, 237.20803833, 541.101257324, 181.677886963, 256.322357178, 132.752761841, 259.947967529, 94.3594207764, 111.549560547, 98.6531829834, 103.305778503], [833.596740723, -203.865280151, 283.953948975, 284.683563232, 181.677886963, 491.630645752, 321.171813965, 183.989364624, 204.380752563, 174.957061768, 73.0366439819, 156.378463745, 107.097694397], [247.251785278, 353.765869141, 287.820678711, 169.522338867, 256.322357178, 321.171813965, 584.493164062, 221.165786743, 234.989715576, 125.783294678, 146.296447754, 138.392929077, 121.990661621], [392.612579346, -7.70936155319, 165.353561401, 96.3474578857, 132.752761841, 183.989364624, 221.165786743, 279.195098877, 128.410919189, 81.7091140747, 76.3944854736, 93.788520813, 50.55418396], [264.962463379, 199.806777954, 93.8521118164, 240.512908936, 259.947967529, 204.380752563, 234.989715576, 128.410919189, 325.526397705, 109.638656616, 116.431304932, 84.2965698242, 107.224060059], [428.202636719, -164.893447876, 124.681999207, 155.652252197, 94.3594207764, 174.957061768, 125.783294678, 81.7091140747, 109.638656616, 181.581237793, 46.6595344543, 51.097530365, 59.7496490479], [-107.661766052, 244.664352417, 69.3012008667, 48.2901878357, 111.549560547, 73.0366439819, 146.296447754, 76.3944854736, 116.431304932, 46.6595344543, 164.741485596, 19.95844841, 54.7566375732], [322.889709473, -59.5724334717, 184.553085327, 141.069641113, 98.6531829834, 156.378463745, 138.392929077, 93.788520813, 84.2965698242, 51.097530365, 19.95844841, 189.912979126, 57.7286376953], [52.5326843262, 102.2110672, 93.414352417, 102.528106689, 103.305778503, 107.097694397, 121.990661621, 50.55418396, 107.224060059, 59.7496490479, 54.7566375732, 57.7286376953, 123.726257324]],
        "icov": [[0.000684155907948, -0.00024269601272, 0.000574162695557, -0.000850489363074, 0.000400239106966, -0.00106890127063, 0.000373613002012, -0.000863040273543, 0.00041208328912, -0.00114011217374, 0.000918797974009, -0.000556115119252, 0.000802918337286], [-0.00024269601272, 0.00245705898851, -0.00135305174626, 0.0022344107274, -0.00202504429035, 0.00198021857068, -0.00162707595155, 0.00173552543856, -0.0018858872354, 0.00307824858464, -0.0019691621419, 0.00124379969202, -0.0014459551312], [0.000574162695557, -0.00135305174626, 0.00260871229693, -0.00201237061992, 0.00136377802119, -0.00189647020306, 0.000619660248049, -0.00164444884285, 0.0019710434135, -0.00252371979877, 0.00123239122331, -0.00184492196422, 0.00096181454137], [-0.000850489363074, 0.0022344107274, -0.00201237061992, 0.00550999678671, -0.00245382427238, 0.0018690522993, -0.00107760599349, 0.00275619141757, -0.00348055758514, 0.00268647237681, -0.00186715461314, 0.000792083446868, -0.00198832037859], [0.000400239106966, -0.00202504429035, 0.00136377802119, -0.00245382427238, 0.0049511147663, -0.00154327694327, 0.000865887384862, -0.00184381112922, -0.000135545546073, -0.00270166411065, 0.00152265280485, -0.00153953011613, 0.00107485277113], [-0.00106890127063, 0.00198021857068, -0.00189647020306, 0.0018690522993, -0.00154327694327, 0.00791752990335, -0.00303084775805, 0.00152147037443, -0.00240453984588, 0.00120651198085, -0.0017657399876, 0.000272651755949, -0.00234178407118], [0.000373613002012, -0.00162707595155, 0.000619660248049, -0.00107760599349, 0.000865887384862, -0.00303084775805, 0.00509975384921, -0.00239745341241, 0.000580599880777, -0.00203414354473, 0.00023106590379, -0.00130467466079, 0.000448186008725], [-0.000863040273543, 0.00173552543856, -0.00164444884285, 0.00275619141757, -0.00184381112922, 0.00152147037443, -0.00239745341241, 0.00798285100609, -0.0023211480584, 0.00231264811009, -0.00310020870529, -4.24231147917e-05, -0.000498554320075], [0.00041208328912, -0.0018858872354, 0.0019710434135, -0.00348055758514, -0.000135545546073, -0.00240453984588, 0.000580599880777, -0.0023211480584, 0.00991015415639, -0.00325110694394, -0.000684440601617, -0.00103196059354, -0.0008843865362], [-0.00114011217374, 0.00307824858464, -0.00252371979877, 0.00268647237681, -0.00270166411065, 0.00120651198085, -0.00203414354473, 0.00231264811009, -0.00325110694394, 0.014389927499, -0.00383397215046, 0.00333062256686, -0.0040964866057], [0.000918797974009, -0.0019691621419, 0.00123239122331, -0.00186715461314, 0.00152265280485, -0.0017657399876, 0.00023106590379, -0.00310020870529, -0.000684440601617, -0.00383397215046, 0.0120992921293, 3.05308822135e-05, 0.000225113675697], [-0.000556115119252, 0.00124379969202, -0.00184492196422, 0.000792083446868, -0.00153953011613, 0.000272651755949, -0.00130467466079, -4.24231147917e-05, -0.00103196059354, 0.00333062256686, 3.05308822135e-05, 0.00982776656747, -0.00301478104666], [0.000802918337286, -0.0014459551312, 0.00096181454137, -0.00198832037859, 0.00107485277113, -0.00234178407118, 0.000448186008725, -0.000498554320075, -0.0008843865362, -0.0040964866057, 0.000225113675697, -0.00301478104666, 0.0148005709052]]
    },
    "melbands": {
        "dmean": [0.00413216324523, 0.00256285606883, 0.00130047160201, 0.000736366433557, 0.000432123953942, 0.000309792085318, 0.000252362602623, 0.000191988772713, 9.79945325525e-05, 4.74548396596e-05, 2.36206687987e-05, 2.43771864916e-05, 2.91459036816e-05, 3.55377669621e-05, 2.63400343101e-05, 2.27221935347e-05, 2.2989763238e-05, 1.81878203875e-05, 2.95282770821e-05, 2.24723007705e-05, 1.62202559295e-05, 1.69416107383e-05, 1.23796762637e-05, 9.51890524448e-06, 8.7035841716e-06, 6.67213816996e-06, 5.20108369528e-06, 4.19226626036e-06, 3.76162984139e-06, 4.02403020416e-06, 3.37571054843e-06, 2.84681891571e-06, 3.67507391275e-06, 3.94284461436e-06, 3.49318088411e-06, 3.02781791106e-06, 2.76896776086e-06, 2.60418914877e-06, 2.48761057264e-06, 1.80053734766e-06],
        "dmean2": [0.00440160371363, 0.00336407101713, 0.00234428187832, 0.00119592633564, 0.000722954631783, 0.000510856392793, 0.000421635370003, 0.00030975881964, 0.000139537733048, 6.7684406531e-05, 3.34952346748e-05, 3.5858094634e-05, 4.30561631219e-05, 5.48101597815e-05, 4.08425003116e-05, 3.6890291085e-05, 3.80718374799e-05, 3.03558554151e-05, 5.18123997608e-05, 3.7460205931e-05, 2.47613606916e-05, 2.43258764385e-05, 1.77267029358e-05, 1.43006827784e-05, 1.36138796734e-05, 1.03477595985e-05, 7.92105856817e-06, 5.85687575949e-06, 4.98047302244e-06, 5.89620049141e-06, 5.15991541761e-06, 4.30222644354e-06, 5.49451033294e-06, 5.95390292801e-06, 5.10926929564e-06, 4.54370592706e-06, 4.15656904806e-06, 4.07861352869e-06, 3.69027407032e-06, 2.61748073171e-06],
        "dvar": [6.2658211391e-05, 4.43675271526e-05, 1.53579530888e-05, 1.62686228578e-06, 3.3861118709e-07, 2.69235272299e-07, 1.70613603245e-07, 9.48281879687e-08, 2.890507389e-08, 7.07839786784e-09, 1.91151583451e-09, 2.60671306762e-09, 4.22124246668e-09, 6.74157440983e-09, 4.49069537112e-09, 3.77818620834e-09, 3.25651750011e-09, 2.3511663727e-09, 1.20498997447e-08, 5.4974558239e-09, 1.74612369008e-09, 1.88129956058e-09, 1.09502806822e-09, 4.64985938642e-10, 2.47094178452e-10, 1.15565564063e-10, 6.93830479181e-11, 7.94144888738e-11, 8.77360059603e-11, 1.25202487267e-10, 8.37757085925e-11, 3.65026932292e-11, 8.25657181514e-11, 8.78472294907e-11, 3.86679542552e-11, 3.49412374034e-11, 2.8689883802e-11, 2.31573579756e-11, 2.39585885853e-11, 1.19771215515e-11],
        "dvar2": [6.70916560921e-05, 9.72723646555e-05, 4.40951371274e-05, 4.36998698206e-06, 9.41980943026e-07, 6.44740623557e-07, 4.83333792545e-07, 2.61197016016e-07, 6.35809271898e-08, 1.31577833073e-08, 3.85288867477e-09, 5.3647535303e-09, 8.75951666757e-09, 1.46172354221e-08, 8.93806095803e-09, 8.86207995876e-09, 7.4831900676e-09, 5.93977800278e-09, 3.44000135044e-08, 1.48658623189e-08, 3.4944991345e-09, 3.64325725144e-09, 1.95962512883e-09, 8.90309437285e-10, 5.47000444939e-10, 2.45740788829e-10, 1.42896874888e-10, 1.55208179642e-10, 1.65998728652e-10, 2.85050788529e-10, 2.01328134719e-10, 6.54321596905e-11, 1.90121515753e-10, 2.06650418999e-10, 8.50914477768e-11, 7.7711281854e-11, 6.81737305497e-11, 5.2903164488e-11, 4.95126648015e-11, 2.36035444662e-11],
        "max": [0.0633120983839, 0.0552986972034, 0.0244263429195, 0.00929906684905, 0.00448137661442, 0.00620040670037, 0.00527251185849, 0.00249128928408, 0.00267054326832, 0.00100117176771, 0.000850445125252, 0.0012203687802, 0.00138859055005, 0.000966406601947, 0.000863299239427, 0.00121155928355, 0.00111641711555, 0.000655777286738, 0.000994350062683, 0.000828370219097, 0.000524676463101, 0.000646193686407, 0.000415050511947, 0.000244316848693, 0.000188567311852, 0.000106289699033, 0.00010867160745, 0.00011475354404, 0.00012859684648, 0.000146748308907, 0.0001075039836, 5.88154980505e-05, 0.000147082784679, 0.000112015652121, 6.29193382338e-05, 6.58907956677e-05, 6.71822417644e-05, 5.88053153479e-05, 7.55544242566e-05, 5.40484397789e-05],
        "mean": [0.00774142192677, 0.00335658108816, 0.00128287600819, 0.00121716060676, 0.000749073806219, 0.000514974643011, 0.000403722020565, 0.000298634840874, 0.000182265721378, 8.41471046442e-05, 4.36038862972e-05, 4.28068742622e-05, 4.53831016785e-05, 4.96243192174e-05, 3.48631438101e-05, 2.67438736046e-05, 2.53406342381e-05, 2.09893369174e-05, 2.7376545404e-05, 2.3933893317e-05, 2.13511375478e-05, 2.26317843044e-05, 1.48848021126e-05, 1.23768650155e-05, 1.25668284454e-05, 1.06851803139e-05, 7.76645356382e-06, 5.08253833686e-06, 4.08224923376e-06, 3.8643456719e-06, 3.32845047524e-06, 3.40063752446e-06, 3.9535484575e-06, 4.3018640099e-06, 4.10174880017e-06, 3.7682934817e-06, 3.50507525582e-06, 3.44108025274e-06, 3.40278916156e-06, 2.46110244007e-06],
        "median": [0.000164787386893, 0.000390282541048, 0.000555125414394, 0.000632677925751, 0.000530208693817, 0.000285127956886, 0.000217106760829, 0.000174544256879, 8.32925288705e-05, 3.38099744113e-05, 1.88641752175e-05, 1.86022261914e-05, 1.52038192027e-05, 1.88885169337e-05, 1.18330990517e-05, 7.64482228988e-06, 4.1931011765e-06, 2.74891681329e-06, 2.74540093415e-06, 3.44906879945e-06, 3.87656154999e-06, 4.40797157353e-06, 2.76149057754e-06, 3.50001414517e-06, 4.62664229417e-06, 3.72135195903e-06, 3.37135611517e-06, 1.11350698262e-06, 4.05765092637e-07, 2.16150965571e-07, 2.33288190543e-07, 4.51544678981e-07, 5.08916741637e-07, 5.16546833751e-07, 7.98176699845e-07, 6.08000732427e-07, 6.39911945655e-07, 6.40424900666e-07, 8.27701285289e-07, 5.69732719669e-07],
        "min": [2.8290969567e-10, 3.10017540528e-08, 6.93073118896e-08, 1.8307671823e-08, 1.11410507486e-08, 2.33180532661e-08, 2.09630890424e-08, 6.89717705171e-09, 3.51463858017e-09, 5.08861575099e-09, 1.58554824825e-09, 7.20894455242e-10, 5.17974552139e-10, 1.0840195408e-09, 9.31890453693e-10, 2.69938155162e-10, 1.89380081062e-10, 1.19864326797e-10, 9.86429687932e-11, 7.28295340702e-11, 6.92282342563e-11, 9.03074490188e-11, 9.57426776749e-11, 1.66237371091e-10, 8.05168362539e-11, 9.37958391511e-12, 2.56716401609e-11, 4.17485525317e-11, 3.68307155607e-11, 4.26995834524e-11, 3.45363390664e-11, 4.50199530433e-11, 6.3309045506e-11, 7.92007015527e-11, 7.49585046811e-11, 6.5719957254e-11, 1.13312921546e-10, 9.26307502924e-11, 8.620117814e-11, 8.98756694068e-11],
        "stdev": [0.0135998763144, 0.00810285564512, 0.00299847172573, 0.0014824095415, 0.00071314512752, 0.000722026452422, 0.00053865055088, 0.000362315186067, 0.00026951613836, 0.000131457272801, 6.92310277373e-05, 7.39068054827e-05, 8.74208635651e-05, 0.000100062228739, 7.73595384089e-05, 6.8127636041e-05, 6.62996026222e-05, 5.80721134611e-05, 9.25422427827e-05, 6.92119501764e-05, 4.93407205795e-05, 5.32070516783e-05, 3.93974369217e-05, 2.6271905881e-05, 2.00446320378e-05, 1.66889203683e-05, 1.21040156955e-05, 1.20868908198e-05, 1.11373392429e-05, 1.13745963972e-05, 8.94304866961e-06, 7.17004650141e-06, 9.27276141738e-06, 9.51187848841e-06, 7.37910022508e-06, 7.00743430571e-06, 6.2245535446e-06, 6.13462816546e-06, 6.4011564973e-06, 5.03316186951e-06],
        "var": [0.000184956632438, 6.56562770018e-05, 8.99083261174e-06, 2.19753792408e-06, 5.08575965341e-07, 5.21322192526e-07, 2.90144384962e-07, 1.31272287263e-07, 7.26389473016e-08, 1.72810139532e-08, 4.79293493783e-09, 5.46221556874e-09, 7.64240759565e-09, 1.00124495361e-08, 5.9844982303e-09, 4.64137528411e-09, 4.39563763166e-09, 3.37237038295e-09, 8.56406678906e-09, 4.79029393929e-09, 2.43450681836e-09, 2.83099033105e-09, 1.55215806874e-09, 6.90213053378e-10, 4.01787270121e-10, 2.78520040364e-10, 1.46507195264e-10, 1.46092929421e-10, 1.2404033356e-10, 1.29381449998e-10, 7.99781213479e-11, 5.14095641058e-11, 8.5984108722e-11, 9.04758351572e-11, 5.44511206957e-11, 4.91041374229e-11, 3.87450661832e-11, 3.76336635466e-11, 4.09748034114e-11, 2.53327202965e-11]
    },
    "melbands128": {
