{
"lowlevel": {
    "average_loudness": 0.933748066425,
    "barkbands_crest": {
        "dmean": 2.78262758255,
        "dmean2": 4.548848629,
        "dvar": 7.92179584503,
        "dvar2": 20.1108837128,
        "max": 26.6868133545,
        "mean": 13.6969585419,
        "median": 13.2645111084,
        "min": 3.92845582962,
        "stdev": 4.61650037766,
        "var": 21.3120746613
    },
    "barkbands_flatness_db": {
        "dmean": 0.0393256284297,
        "dmean2": 0.0561214350164,
        "dvar": 0.00170164264273,
        "dvar2": 0.00341963628307,
        "max": 0.501100361347,
        "mean": 0.24426010251,
        "median": 0.233101606369,
        "min": 0.0281511787325,
        "stdev": 0.087316788733,
        "var": 0.00762422196567
    },
    "barkbands_kurtosis": {
        "dmean": 10.7269506454,
        "dmean2": 16.6745243073,
        "dvar": 813.30291748,
        "dvar2": 1795.21435547,
        "max": 823.574707031,
        "mean": 14.6970615387,
        "median": 6.41792964935,
        "min": -1.92825961113,
        "stdev": 31.9767951965,
        "var": 1022.51544189
    },
    "barkbands_skewness": {
        "dmean": 1.05073809624,
        "dmean2": 1.5994784832,
        "dvar": 1.54757595062,
        "dvar2": 3.44418430328,
        "max": 22.7450695038,
        "mean": 2.75232553482,
        "median": 2.39793300629,
        "min": -3.86406755447,
        "stdev": 1.91419696808,
        "var": 3.66414999962
    },
    "barkbands_spread": {
        "dmean": 6.53250312805,
        "dmean2": 10.1439151764,
        "dvar": 146.326812744,
        "dvar2": 347.236816406,
        "max": 118.764579773,
        "mean": 12.9250965118,
        "median": 8.95474052429,
        "min": 0.245573490858,
        "stdev": 14.1926956177,
        "var": 201.432601929
    },
    "dissonance": {
        "dmean": 0.0297682583332,
        "dmean2": 0.0479781739414,
        "dvar": 0.000710099586286,
        "dvar2": 0.00179456127807,
        "max": 0.498852998018,
        "mean": 0.430928170681,
        "median": 0.439459949732,
        "min": 0.186274319887,
        "stdev": 0.042682364583,
        "var": 0.00182178418618
    },
    "dynamic_complexity": 3.6142950058,
    "erbbands_crest": {
        "dmean": 3.40031886101,
        "dmean2": 5.30650806427,
        "dvar": 9.12269020081,
        "dvar2": 22.1952877045,
        "max": 32.479309082,
        "mean": 11.9095621109,
        "median": 10.8496427536,
        "min": 3.09484481812,
        "stdev": 4.88921785355,
        "var": 23.9044494629
    },
    "erbbands_flatness_db": {
        "dmean": 0.0268283225596,
        "dmean2": 0.0372346714139,
        "dvar": 0.000807909702417,
        "dvar2": 0.00156230246648,
        "max": 0.435130268335,
        "mean": 0.217607423663,
        "median": 0.214247792959,
        "min": 0.0501662418246,
        "stdev": 0.0717025026679,
        "var": 0.00514124846086
    },
    "erbbands_kurtosis": {
        "dmean": 2.23017048836,
        "dmean2": 3.43835902214,
        "dvar": 17.2338619232,
        "dvar2": 40.5587310791,
        "max": 109.938018799,
        "mean": 2.00323319435,
        "median": 0.523748397827,
        "min": -1.84613287449,
        "stdev": 5.2717499733,
        "var": 27.791349411
    },
    "erbbands_skewness": {
        "dmean": 0.589578330517,
        "dmean2": 0.874883115292,
        "dvar": 0.389078915119,
        "dvar2": 0.850663006306,
        "max": 8.66373825073,
        "mean": 0.927205860615,
        "median": 0.798550069332,
        "min": -4.45419645309,
        "stdev": 1.04948651791,
        "var": 1.10142195225
    },
    "erbbands_spread": {
        "dmean": 10.141043663,
        "dmean2": 15.03997612,
        "dvar": 242.310592651,
        "dvar2": 540.096069336,
        "max": 196.358474731,
        "mean": 30.2581653595,
        "median": 26.0362148285,
        "min": 1.3360311985,
        "stdev": 20.9801750183,
        "var": 440.167724609
    },
    "hfc": {
        "dmean": 15.1262969971,
        "dmean2": 23.2008609772,
        "dvar": 1173.95751953,
        "dvar2": 2862.49707031,
        "max": 280.06161499,
        "mean": 23.2115268707,
        "median": 12.4110488892,
        "min": 1.18478482034e-16,
        "stdev": 36.4851951599,
        "var": 1331.16955566
    },
    "loudness_ebu128": {
        "integrated": -10.5356264114,
        "loudness_range": 6.29138851166,
        "momentary": {
            "dmean": 0.888533949852,
            "dmean2": 1.01909708977,
            "dvar": 0.855102598667,
            "dvar2": 1.0543961525,
            "max": -7.6689863205,
            "mean": -11.6445407867,
            "median": -10.4487390518,
            "min": -25.7875900269,
            "stdev": 3.53712701797,
            "var": 12.5112667084
        },
        "short_term": {
            "dmean": 0.0981053560972,
            "dmean2": 0.114441566169,
            "dvar": 0.0104456692934,
            "dvar2": 0.0122171267867,
            "max": -8.9927778244,
            "mean": -11.1199645996,
            "median": -10.0568580627,
            "min": -16.4541244507,
            "stdev": 2.33526992798,
            "var": 5.45348596573
        }
    },
    "melbands_crest": {
        "dmean": 3.46886348724,
        "dmean2": 5.28551340103,
        "dvar": 13.0032339096,
        "dvar2": 26.4005737305,
        "max": 39.1566581726,
        "mean": 21.2318229675,
        "median": 20.0992794037,
        "min": 1.78275799751,
        "stdev": 8.73312664032,
        "var": 76.2675018311
    },
    "melbands_flatness_db": {
        "dmean": 0.0438115634024,
        "dmean2": 0.0614570938051,
        "dvar": 0.00213643116876,
        "dvar2": 0.00443278998137,
        "max": 0.627633035183,
        "mean": 0.306562781334,
        "median": 0.296435892582,
        "min": 0.00687456596643,
        "stdev": 0.0976926535368,
        "var": 0.00954385474324
    },
    "melbands_kurtosis": {
        "dmean": 20.8500976562,
        "dmean2": 33.7514419556,
        "dvar": 3120.828125,
        "dvar2": 8029.53222656,
        "max": 896.501647949,
        "mean": 28.6952514648,
        "median": 14.193151474,
        "min": -1.95907855034,
        "stdev": 55.8036460876,
        "var": 3114.046875
    },
    "melbands_skewness": {
        "dmean": 1.302511096,
        "dmean2": 2.00470042229,
        "dvar": 3.22071671486,
        "dvar2": 7.63825750351,
        "max": 24.8953170776,
        "mean": 3.63071203232,
        "median": 3.09900927544,
        "min": -0.523981511593,
        "stdev": 2.51618528366,
        "var": 6.33118867874
    },
    "melbands_spread": {
        "dmean": 5.95991754532,
        "dmean2": 9.25370693207,
        "dvar": 171.206665039,
        "dvar2": 421.818511963,
        "max": 278.651153564,
        "mean": 12.1361064911,
        "median": 8.79410552979,
        "min": 0.20331594348,
        "stdev": 14.4264039993,
        "var": 208.121139526
    },
    "pitch_salience": {
        "dmean": 0.0851353704929,
        "dmean2": 0.129470735788,
        "dvar": 0.00711546745151,
        "dvar2": 0.0156343262643,
        "max": 0.848682761192,
        "mean": 0.443151384592,
        "median": 0.435689389706,
        "min": 0.0450608506799,
        "stdev": 0.182085230947,
        "var": 0.0331550315022
    },
    "silence_rate_20dB": {
        "dmean": 0,
        "dmean2": 0,
        "dvar": 0,
        "dvar2": 0,
        "max": 1,
        "mean": 1,
        "median": 1,
        "min": 1,
        "stdev": 0,
        "var": 0
    },
    "silence_rate_30dB": {
        "dmean": 0.078947365284,
        "dmean2": 0.158017039299,
        "dvar": 0.0727149024606,
        "dvar2": 0.162481561303,
        "max": 1,
        "mean": 0.896365046501,
        "median": 1,
        "min": 0,
        "stdev": 0.304786264896,
        "var": 0.0928946658969
    },
    "silence_rate_60dB": {
        "dmean": 0.0301857590675,
        "dmean2": 0.0604182817042,
        "dvar": 0.0292749814689,
        "dvar2": 0.0722572430968,
        "max": 1,
        "mean": 0.115235887468,
        "median": 0,
        "min": 0,
        "stdev": 0.319308370352,
        "var": 0.101957827806
    },
    "spectral_centroid": {
        "dmean": 284.970031738,
        "dmean2": 435.085266113,
        "dvar": 313310.96875,
        "dvar2": 628733.5,
        "max": 11289.4287109,
        "mean": 883.275634766,
        "median": 733.216491699,
        "min": 163.674972534,
        "stdev": 681.867675781,
        "var": 464943.53125
    },
    "spectral_complexity": {
        "dmean": 3.54643964767,
        "dmean2": 5.37490320206,
        "dvar": 20.45063591,
        "dvar2": 45.7464447021,
        "max": 41,
        "mean": 11.6388244629,
        "median": 11,
        "min": 0,
        "stdev": 7.42220592499,
        "var": 55.089138031
    },
    "spectral_decrease": {
        "dmean": 4.13801792831e-09,
        "dmean2": 6.41891562125e-09,
        "dvar": 4.42030926406e-17,
        "dvar2": 1.05044651987e-16,
        "max": 8.47468578432e-29,
        "mean": -1.29646595681e-08,
        "median": -9.66314050999e-09,
        "min": -6.58090968386e-08,
        "stdev": 1.13992584261e-08,
        "var": 1.29943099445e-16
    },
    "spectral_energy": {
        "dmean": 0.0164926759899,
        "dmean2": 0.025485381484,
        "dvar": 0.000683297752403,
        "dvar2": 0.00162413879298,
        "max": 0.250394076109,
        "mean": 0.0510369390249,
        "median": 0.0393259525299,
        "min": 1.04264961068e-20,
        "stdev": 0.0442826151848,
        "var": 0.00196094997227
    },
    "spectral_energyband_high": {
        "dmean": 0.00100086617749,
        "dmean2": 0.00160203338601,
        "dvar": 9.08523270482e-06,
        "dvar2": 2.21966565732e-05,
        "max": 0.0247660446912,
        "mean": 0.0008932139026,
        "median": 7.75310327299e-05,
        "min": 7.69573137444e-21,
        "stdev": 0.00291513442062,
        "var": 8.49800835567e-06
    },
    "spectral_energyband_low": {
        "dmean": 0.0105692427605,
        "dmean2": 0.0167054291815,
        "dvar": 0.000582857930567,
        "dvar2": 0.0014645451447,
        "max": 0.232402980328,
        "mean": 0.0294499918818,
        "median": 0.000934230803978,
        "min": 5.17211761571e-23,
        "stdev": 0.037708170712,
        "var": 0.00142190605402
    },
    "spectral_energyband_middle_high": {
        "dmean": 0.00273821409792,
        "dmean2": 0.00385143281892,
        "dvar": 2.75179208984e-05,
        "dvar2": 6.19548591203e-05,
        "max": 0.0534472353756,
        "mean": 0.00446313153952,
        "median": 0.00151601794641,
        "min": 1.47529520174e-21,
        "stdev": 0.00699278572574,
        "var": 4.88990554004e-05
    },
    "spectral_energyband_middle_low": {
        "dmean": 0.00623435154557,
        "dmean2": 0.00889185443521,
        "dvar": 8.6790030764e-05,
        "dvar2": 0.00015612054267,
        "max": 0.221542701125,
        "mean": 0.0154037876055,
        "median": 0.0122165931389,
        "min": 2.04660874182e-22,
        "stdev": 0.0155284469947,
        "var": 0.000241132671363
    },
    "spectral_entropy": {
        "dmean": 0.334266513586,
        "dmean2": 0.475396364927,
        "dvar": 0.11913561821,
        "dvar2": 0.238517165184,
        "max": 9.80379962921,
        "mean": 6.96949672699,
        "median": 6.95293664932,
        "min": 4.614174366,
        "stdev": 0.667357563972,
        "var": 0.445366114378
    },
    "spectral_flux": {
        "dmean": 0.0421228855848,
        "dmean2": 0.0666807666421,
        "dvar": 0.00270789698698,
        "dvar2": 0.0067419372499,
        "max": 0.453470826149,
        "mean": 0.0954450443387,
        "median": 0.0783996209502,
        "min": 1.02110216116e-10,
        "stdev": 0.0722306147218,
        "var": 0.00521726161242
    },
    "spectral_kurtosis": {
        "dmean": 4.34486246109,
        "dmean2": 6.83130884171,
        "dvar": 23.430267334,
        "dvar2": 61.8062057495,
        "max": 72.7788772583,
        "mean": 9.31738567352,
        "median": 7.59578227997,
        "min": -1.51865422726,
        "stdev": 8.00008964539,
        "var": 64.0014419556
    },
    "spectral_rms": {
        "dmean": 0.00112963630818,
        "dmean2": 0.00167924480047,
        "dvar": 2.31344074564e-06,
        "dvar2": 5.17106491316e-06,
        "max": 0.0156296808273,
        "mean": 0.00621024658903,
        "median": 0.00619409279898,
        "min": 3.1893873393e-12,
        "stdev": 0.00335036357865,
        "var": 1.12249354061e-05
    },
    "spectral_rolloff": {
        "dmean": 597.480712891,
        "dmean2": 1024.08728027,
        "dvar": 2745441.25,
        "dvar2": 6363083.5,
        "max": 19143.0175781,
        "mean": 977.455627441,
        "median": 495.263671875,
        "min": 43.06640625,
        "stdev": 1797.96923828,
        "var": 3232693.25
    },
    "spectral_skewness": {
        "dmean": 0.482724070549,
        "dmean2": 0.72088766098,
        "dvar": 0.20205232501,
        "dvar2": 0.495088726282,
        "max": 6.37391805649,
        "mean": 2.19954419136,
        "median": 2.16622376442,
        "min": -0.630617439747,
        "stdev": 0.803146600723,
        "var": 0.645044445992
    },
    "spectral_spread": {
        "dmean": 1100380.5,
        "dmean2": 1500605.75,
        "dvar": 3.82319067136e+12,
        "dvar2": 5.84713030861e+12,
        "max": 40845944,
        "mean": 4311975.5,
        "median": 3346111.75,
        "min": 974572.375,
        "stdev": 3077486.75,
        "var": 9.47092402995e+12
    },
    "spectral_strongpeak": {
        "dmean": 0.467422008514,
        "dmean2": 0.762064516544,
        "dvar": 0.576805949211,
        "dvar2": 1.46538078785,
        "max": 9.59951114655,
        "mean": 0.883923113346,
        "median": 0.486053824425,
        "min": 0,
        "stdev": 0.987094044685,
        "var": 0.974354684353
    },
    "zerocrossingrate": {
        "dmean": 0.0123835233971,
        "dmean2": 0.0138761131093,
        "dvar": 0.00049171212595,
        "dvar2": 0.000567217299249,
        "max": 0.513671875,
        "mean": 0.038396731019,
        "median": 0.02734375,
        "min": 0.0009765625,
        "stdev": 0.044659756124,
        "var": 0.0019944938831
    },
    "barkbands": {
        "dmean": [0.0039098164998, 0.00683750072494, 0.0019783556927, 0.000665545347147, 0.00179191597272, 0.00199798936956, 0.00198207562789, 0.00115623848978, 0.00135031051468, 0.00120271742344, 0.000332865252858, 0.000293440214591, 0.000634320720565, 0.000351969822077, 0.000423776655225, 0.000223834998906, 0.000222863731324, 0.000152853899635, 0.000120946038805, 9.85579899861e-05, 3.36680677719e-05, 7.43010386941e-05, 0.000133183770231, 0.000153938948642, 0.000338965211995, 0.000234642546275, 3.77268006559e-05],
        "dmean2": [0.00595775060356, 0.011387232691, 0.00278482725844, 0.00108034932055, 0.00271057221107, 0.00285303592682, 0.00300970464014, 0.00184513092972, 0.00213356991298, 0.00184597214684, 0.000490872771479, 0.000437005102867, 0.00103449798189, 0.000541669025552, 0.000633228453808, 0.000336796947522, 0.000340992526617, 0.000235817191424, 0.000205216390896, 0.000176888526767, 5.32571139047e-05, 0.000120825970953, 0.000222451781156, 0.000241857691435, 0.000547847361304, 0.000385231105611, 5.96192730882e-05],
        "dvar": [4.60924056824e-05, 0.000358391320333, 6.63292667014e-05, 8.21287085273e-06, 1.15084067147e-05, 1.20757522382e-05, 3.01126056002e-05, 2.08830151678e-05, 8.52551329444e-06, 1.48239914779e-05, 9.02722888441e-07, 4.3767224156e-07, 4.49478875453e-06, 7.69882205987e-07, 7.49433127112e-07, 1.65442983757e-07, 2.04293868933e-07, 8.12097340486e-08, 9.29949521833e-08, 2.06068435205e-07, 7.69022001634e-09, 6.96813060586e-08, 1.89205607626e-07, 2.53298253483e-07, 1.43174736422e-06, 5.70373572373e-07, 1.54558570387e-08],
        "dvar2": [0.000108515159809, 0.000935743155424, 0.000130082655232, 2.1606520022e-05, 2.47874995694e-05, 2.39900527959e-05, 7.1970600402e-05, 5.49501964997e-05, 2.10410162254e-05, 3.45923981513e-05, 1.64492450949e-06, 8.55837640756e-07, 1.03344455056e-05, 1.85091573712e-06, 1.59347746376e-06, 3.55234107019e-07, 4.70893297688e-07, 1.631657085e-07, 2.6073303161e-07, 5.98802273544e-07, 1.8268933033e-08, 1.83018585176e-07, 4.89394267333e-07, 6.29510566341e-07, 3.44512477568e-06, 1.43606951042e-06, 3.60745389116e-08],
        "max": [0.0631152391434, 0.20440787077, 0.131412759423, 0.0582907274365, 0.0599200427532, 0.0422563739121, 0.15767121315, 0.101043872535, 0.0320827774704, 0.0459597930312, 0.0177127774805, 0.0109401494265, 0.0272558089346, 0.0112313702703, 0.00943109858781, 0.00397432595491, 0.00482980581, 0.00527953496203, 0.00326694967225, 0.00481887580827, 0.00113264727406, 0.00301357731223, 0.00386327132583, 0.00697538722306, 0.0152972154319, 0.00731805153191, 0.00169563933741],
        "mean": [0.0106900911778, 0.0161551777273, 0.00374083942734, 0.000958144606557, 0.00343864830211, 0.00424768030643, 0.00315157393925, 0.00135709997267, 0.0017598643899, 0.00121659191791, 0.000427439925261, 0.000429647479905, 0.000691169931088, 0.000403528334573, 0.000535244937055, 0.000267496478045, 0.000270491203992, 0.000221975482418, 0.000126135084429, 8.1995895016e-05, 3.41458508046e-05, 6.12484946032e-05, 0.000114611742902, 0.000136542352266, 0.000285541114863, 0.000199755770154, 3.42833591276e-05],
        "median": [1.13488931675e-05, 9.85960505204e-05, 1.70117746165e-05, 9.63831771514e-05, 0.00135387701448, 0.00166497041937, 0.00120878615417, 0.000154473033035, 0.000330236187438, 0.000110244669486, 6.60223158775e-05, 7.0462898293e-05, 5.11043072038e-05, 5.70373958908e-05, 6.72886235407e-05, 6.09815651842e-05, 5.09220881213e-05, 4.95288004458e-05, 2.83487843262e-05, 1.24845037135e-05, 4.69695623906e-06, 3.44019372278e-06, 1.0380810636e-05, 6.14009877609e-06, 7.45037687011e-06, 2.49828644883e-06, 2.44035476271e-08],
        "min": [2.4010878072e-23, 2.7129150567e-23, 1.13822594313e-23, 3.05701290979e-24, 3.06343151599e-23, 3.51364390093e-23, 2.04560815065e-23, 3.80210761477e-23, 5.00908878113e-23, 5.8686518183e-23, 2.32157788548e-23, 1.30807703613e-22, 1.07131463493e-22, 8.84338444519e-23, 1.01557416513e-22, 1.61586594889e-22, 2.13208882599e-22, 2.44192966062e-22, 1.94629075201e-22, 3.09251246305e-22, 4.85498524506e-22, 4.04559729556e-22, 7.47544637165e-22, 9.39434534868e-22, 1.14781629555e-21, 1.49279816983e-21, 2.45026871556e-21],
        "stdev": [0.0167094841599, 0.0253010932356, 0.0145108373836, 0.0032215139363, 0.00538031151518, 0.00603272113949, 0.006802927237, 0.00545681407675, 0.00333228870295, 0.0038173312787, 0.00133013550658, 0.00103412731551, 0.00226942473091, 0.000980377546512, 0.00116165610962, 0.00050682638539, 0.000570536358282, 0.00046551428386, 0.000266238639597, 0.000342126819305, 8.63954555825e-05, 0.000234538892983, 0.00038956318167, 0.00047774950508, 0.00113871274516, 0.000723201199435, 0.000136832357384],
        "var": [0.000279206869891, 0.000640145328362, 0.000210564408917, 1.0378152183e-05, 2.8947750252e-05, 3.63937251677e-05, 4.62798161607e-05, 2.97768183373e-05, 1.11041472337e-05, 1.45720186993e-05, 1.76926062068e-06, 1.06941922695e-06, 5.15028887094e-06, 9.61140244726e-07, 1.34944491492e-06, 2.56872965565e-07, 3.25511706478e-07, 2.16703540445e-07, 7.08830185658e-08, 1.17050767301e-07, 7.46417505582e-09, 5.50084919837e-08, 1.51759465439e-07, 2.28244601885e-07, 1.29666671e-06, 5.23019991761e-07, 1.87230941862e-08]
    },
    "erbbands": {
        "dmean": [0.330233067274, 1.16067814827, 2.32721138, 2.27101659775, 3.44258308411, 7.95670080185, 7.24083375931, 18.1200199127, 25.5324649811, 31.0419502258, 24.5131111145, 33.5508804321, 37.9509620667, 21.7366313934, 12.1979789734, 14.1688261032, 30.0961074829, 19.5165691376, 20.5206947327, 17.6646995544, 13.0224227905, 11.7239761353, 9.1192111969, 7.6033115387, 5.34336709976, 3.9200899601, 1.71467268467, 1.43244040012, 2.66412806511, 4.2592959404, 3.17292499542, 2.91511535645, 2.89183163643, 3.25788998604, 2.61572384834, 1.39047813416, 0.340800702572, 0.100126475096, 0.00329046091065, 8.75819678186e-05],
        "dmean2": [0.521543681622, 1.87029850483, 3.38456296921, 3.41558361053, 5.22746276855, 12.1951332092, 10.624215126, 26.1554050446, 36.3466110229, 43.5913696289, 37.3403053284, 53.1814537048, 57.7849349976, 33.555305481, 17.2483291626, 21.6993579865, 49.0437355042, 29.4307518005, 29.4859638214, 27.5716915131, 19.4464168549, 17.7548980713, 14.081029892, 12.6212263107, 9.39580917358, 6.88037919998, 2.78073740005, 2.31258583069, 4.38478183746, 7.20136928558, 5.17177200317, 4.70739507675, 4.49656677246, 5.09382009506, 4.31219005585, 2.32147741318, 0.550396203995, 0.155500978231, 0.00516751362011, 0.000135773865622],
        "dvar": [0.640416204929, 13.8736667633, 69.6654510498, 97.3697662354, 38.7175636292, 349.852203369, 152.360336304, 1161.36315918, 2088.55664062, 12488.0576172, 4856.10498047, 5239.87695312, 14964.171875, 4093.79052734, 883.749389648, 1100.83374023, 10111.2480469, 2407.60888672, 2066.45117188, 1338.08166504, 597.451843262, 574.137207031, 289.167144775, 375.868804932, 344.66317749, 259.361755371, 24.8240337372, 16.8508396149, 94.6224594116, 255.951751709, 87.6233825684, 79.9098434448, 103.253677368, 156.489089966, 84.2070770264, 21.4041862488, 1.17648327351, 0.0991484373808, 0.000109621199954, 5.15918117117e-08],
        "dvar2": [1.69027519226, 34.6007118225, 149.020507812, 220.565460205, 88.9362869263, 750.756408691, 322.647369385, 2364.1315918, 4470.015625, 16347.5634766, 9351.73925781, 13180.0166016, 35140.6914062, 9752.43457031, 1599.74926758, 2599.06323242, 24174.6210938, 5589.15332031, 4099.22607422, 3329.64868164, 1234.90063477, 1328.92980957, 592.493041992, 1042.07373047, 993.540466309, 748.503723145, 64.8886032104, 41.0868911743, 248.856796265, 686.05090332, 221.697998047, 200.747406006, 254.832138062, 372.84197998, 203.496871948, 54.9099578857, 2.96410632133, 0.232220947742, 0.000256743835052, 1.2148460371e-07],
        "max": [7.76534461975, 39.0802268982, 102.849937439, 179.541748047, 76.0500106812, 356.159088135, 167.524307251, 413.558258057, 562.669799805, 4175.00048828, 1233.54724121, 799.275878906, 1514.63439941, 919.77154541, 564.6640625, 448.987792969, 1280.80505371, 703.54699707, 542.700744629, 328.754180908, 277.147064209, 316.125396729, 294.088775635, 235.606048584, 211.125076294, 169.910568237, 56.9691200256, 35.151966095, 108.673408508, 185.99597168, 93.5842285156, 97.9640731812, 172.35017395, 199.173522949, 94.7263870239, 36.8327827454, 11.1910638809, 3.42347049713, 0.186875596642, 0.00299429078586],
        "mean": [0.97774296999, 1.7347291708, 3.93390679359, 4.11153697968, 6.46531677246, 14.3710212708, 14.0398082733, 38.0424880981, 45.4686431885, 47.8578987122, 30.7974033356, 43.203540802, 41.5431213379, 25.3323249817, 17.2712783813, 19.7922973633, 33.5220413208, 23.5433273315, 26.0330715179, 21.4435787201, 16.3129253387, 14.90858078, 13.0012369156, 8.98351669312, 5.17634153366, 3.51905274391, 1.7057248354, 1.33316624165, 2.19053387642, 3.3741941452, 2.87230825424, 2.52456974983, 2.57172322273, 2.80945634842, 2.20564603806, 1.10504126549, 0.295454829931, 0.0917201042175, 0.00318248523399, 0.000123776815599],
        "median": [0.00337602896616, 0.0205717105418, 0.068143568933, 0.354582458735, 2.64259815216, 3.971575737, 5.43403577805, 14.0868558884, 16.4830436707, 11.7154865265, 7.00825214386, 8.91514492035, 5.42454957962, 4.04987859726, 3.57021307945, 2.99994850159, 2.75911092758, 2.81548810005, 2.92295646667, 4.7424082756, 3.7411866188, 3.24564194679, 3.04913258553, 1.9923838377, 1.20874416828, 0.592603683472, 0.311681687832, 0.132203578949, 0.118383161724, 0.257409363985, 0.26076105237, 0.111931212246, 0.113148406148, 0.0875703170896, 0.0455082319677, 0.0162780638784, 0.00298279686831, 0.000300135725411, 3.89756933146e-05, 5.61928172829e-05],
        "min": [1.35987523351e-21, 4.32335923401e-21, 1.01430881961e-20, 1.58054779546e-20, 3.68790818224e-20, 8.31827170397e-20, 3.65895951036e-19, 2.08892392033e-19, 1.61703741415e-19, 9.53541239915e-19, 4.59481252685e-19, 9.06821044942e-19, 2.04418518482e-18, 1.50545496297e-18, 1.01178178607e-18, 6.44827736617e-18, 5.69819825851e-18, 4.62317282774e-18, 3.35375829866e-18, 8.50663194809e-18, 8.84927662759e-18, 1.44888559048e-17, 1.37750230244e-17, 1.05010529133e-17, 9.11740226006e-18, 1.65560183059e-17, 2.30254938296e-17, 1.36847346062e-17, 1.38273115925e-17, 2.10447883462e-17, 1.83693437924e-17, 1.80551028408e-17, 1.5520053998e-17, 1.25577705048e-17, 8.80197595862e-18, 4.17481818827e-18, 3.29577521247e-18, 1.27214226055e-18, 3.25661213957e-19, 3.89063851815e-20],
        "stdev": [1.43531525135, 4.037981987, 13.6803636551, 15.0407810211, 9.57209587097, 27.6677646637, 20.5512466431, 56.3504219055, 66.4505081177, 190.884887695, 90.3973007202, 81.3864822388, 124.132598877, 67.0926208496, 45.069065094, 45.0950431824, 105.190544128, 58.0091781616, 62.2891426086, 41.2638435364, 30.9058647156, 30.6084270477, 26.1924171448, 18.4078788757, 14.7063503265, 12.4095640182, 4.50478553772, 3.89064002037, 8.65275382996, 13.4774808884, 8.85318279266, 8.38138771057, 9.64896583557, 12.047665596, 8.66291618347, 4.16110277176, 1.07787108421, 0.341794639826, 0.012746614404, 0.000262365065282],
        "var": [2.06012988091, 16.3052978516, 187.152359009, 226.225082397, 91.6250152588, 765.505249023, 422.353729248, 3175.36987305, 4415.66992188, 36437.0429688, 8171.671875, 6623.75927734, 15408.9013672, 4501.41943359, 2031.22045898, 2033.56286621, 11065.0498047, 3365.06469727, 3879.93725586, 1702.70471191, 955.172485352, 936.875793457, 686.042724609, 338.849975586, 216.276748657, 153.997283936, 20.2930908203, 15.1370801926, 74.8701477051, 181.642501831, 78.3788452148, 70.2476654053, 93.1025390625, 145.146255493, 75.0461120605, 17.3147754669, 1.16180610657, 0.116823576391, 0.000162476178957, 6.88354333533e-08]
    },
    "gfcc": {
        "mean": [-62.4337615967, 107.841995239, -122.423492432, 1.56317043304, -62.3932647705, -10.062335968, -52.4163284302, 0.70122563839, -18.9824008942, -2.28395533562, -6.53843021393, 0.998870372772, -5.82328128815],
        "cov": [[12927.7685547, -2355.01708984, 2342.06201172, 367.06842041, 559.762451172, 1997.82714844, -82.0363311768, 2279.33789062, 344.227111816, 466.345245361, -484.146392822, 148.841781616, -595.141845703], [-2355.01708984, 2565.8347168, -536.041625977, 262.974639893, 506.045898438, -414.012145996, 532.456298828, -510.72064209, 326.260437012, -131.644287109, 393.257049561, -114.055953979, 283.483551025], [2342.06201172, -536.041625977, 2270.67895508, 491.238006592, 659.13684082, 964.553222656, 230.197845459, 987.339172363, 392.003662109, 339.779571533, 5.31181955338, 261.067260742, -5.37597942352], [367.06842041, 262.974639893, 491.238006592, 645.205566406, 358.224365234, 213.973464966, 198.020874023, 263.15814209, 251.223556519, 108.900878906, 91.0710754395, 31.8255405426, 78.1455383301], [559.762451172, 506.045898438, 659.13684082, 358.224365234, 690.151489258, 447.85144043, 398.457305908, 321.727081299, 296.314697266, 173.716049194, 171.608581543, 85.1380310059, 100.497695923], [1997.82714844, -414.012145996, 964.553222656, 213.973464966, 447.85144043, 985.036987305, 320.284606934, 633.847229004, 205.20022583, 248.49571228, 61.076625824, 110.884521484, -22.5952014923], [-82.0363311768, 532.456298828, 230.197845459, 198.020874023, 398.457305908, 320.284606934, 615.243835449, 57.2910232544, 236.841842651, 165.827713013, 195.425338745, 65.4648284912, 128.847686768], [2279.33789062, -510.72064209, 987.339172363, 263.15814209, 321.727081299, 633.847229004, 57.2910232544, 908.135131836, 252.707168579, 147.0884552, -29.1884098053, 96.1744232178, -62.6754188538], [344.227111816, 326.260437012, 392.003662109, 251.223556519, 296.314697266, 205.20022583, 236.841842651, 252.707168579, 384.82635498, 144.859710693, 119.975028992, 68.7036361694, 94.4353866577], [466.345245361, -131.644287109, 339.779571533, 108.900878906, 173.716049194, 248.49571228, 165.827713013, 147.0884552, 144.859710693, 267.681365967, 97.8778152466, 82.3649520874, 33.240436554], [-484.146392822, 393.257049561, 5.31181955338, 91.0710754395, 171.608581543, 61.076625824, 195.425338745, -29.1884098053, 119.975028992, 97.8778152466, 276.41708374, 78.4410552979, 123.0493927], [148.841781616, -114.055953979, 261.067260742, 31.8255405426, 85.1380310059, 110.884521484, 65.4648284912, 96.1744232178, 68.7036361694, 82.3649520874, 78.4410552979, 181.278594971, 97.5336151123], [-595.141845703, 283.483551025, -5.37597942352, 78.1455383301, 100.497695923, -22.5952014923, 128.847686768, -62.6754188538, 94.4353866577, 33.240436554, 123.0493927, 97.5336151123, 254.799591064]],
        "icov": [[0.000186820572708, -4.12939552916e-05, 9.78000971372e-05, -1.50791820488e-05, 6.38854498902e-06, -0.000224765273742, 7.88628967712e-05, -0.00036332232412, 2.93268767564e-05, -0.000214352781768, 0.000346738263033, -0.000230653648032, 0.000275227881502], [-4.12939552916e-05, 0.00166360649746, -0.0001129147131, 0.000169623977854, -0.00138602138031, 0.000863541150466, -0.000647342938464, 0.00082698231563, -0.0012710406445, 0.00181856867857, -0.00165274820756, 0.00176647410262, -0.000491912127472], [9.78000971372e-05, -0.0001129147131, 0.00139659596607, -0.000358334829798, -0.000553997408133, -0.00061996182194, 0.00040187605191, -0.000751598970965, -9.23790357774e-05, -0.000658013508655, 0.00104564893991, -0.00159027590416, 0.000492700375617], [-1.50791820488e-05, 0.000169623977854, -0.000358334829798, 0.00259325071238, -0.000943909573834, 0.000492199149448, -7.78405374149e-05, -0.000211815029616, -0.000792015809566, 9.34584895731e-05, -0.000356987176929, 0.00121679005679, -0.000635653792415], [6.38854498902e-06, -0.00138602138031, -0.000553997408133, -0.000943909573834, 0.00520038697869, -0.00125775265042, -0.000832603662275, -0.000686400046106, 0.00039722470683, -0.000992508139461, 0.000226759453653, -0.000768805504777, 9.13425901672e-05], [-0.000224765273742, 0.000863541150466, -0.00061996182194, 0.000492199149448, -0.00125775265042, 0.00386135093868, -0.00171896489337, -0.000917987141293, 0.000577468192205, -4.8319598136e-05, -0.00120722677093, 0.00136608432513, -0.000315472309012], [7.88628967712e-05, -0.000647342938464, 0.00040187605191, -7.78405374149e-05, -0.000832603662275, -0.00171896489337, 0.00410675117746, 0.000719232019037, -0.00077756785322, -0.0011639270233, 0.000150566978846, -0.00059828767553, -0.000190732127521], [-0.00036332232412, 0.00082698231563, -0.000751598970965, -0.000211815029616, -0.000686400046106, -0.000917987141293, 0.000719232019037, 0.00444526877254, -0.00235798303038, 0.00193536782172, -0.00100725784432, 0.000615598575678, 7.17047078069e-05], [2.93268767564e-05, -0.0012710406445, -9.23790357774e-05, -0.000792015809566, 0.00039722470683, 0.000577468192205, -0.00077756785322, -0.00235798303038, 0.00688401469961, -0.00289543811232, 0.000633305578958, -0.000709292537067, -0.000776689848863], [-0.000214352781768, 0.00181856867857, -0.000658013508655, 9.34584895731e-05, -0.000992508139461, -4.8319598136e-05, -0.0011639270233, 0.00193536782172, -0.00289543811232, 0.00875617563725, -0.00345735042356, 0.000622466555797, 0.000247500458499], [0.000346738263033, -0.00165274820756, 0.00104564893991, -0.000356987176929, 0.000226759453653, -0.00120722677093, 0.000150566978846, -0.00100725784432, 0.000633305578958, -0.00345735042356, 0.00877343397588, -0.00399721460417, -0.00023068585142], [-0.000230653648032, 0.00176647410262, -0.00159027590416, 0.00121679005679, -0.000768805504777, 0.00136608432513, -0.00059828767553, 0.000615598575678, -0.000709292537067, 0.000622466555797, -0.00399721460417, 0.0125704165548, -0.00473220972344], [0.000275227881502, -0.000491912127472, 0.000492700375617, -0.000635653792415, 9.13425901672e-05, -0.000315472309012, -0.000190732127521, 7.17047078069e-05, -0.000776689848863, 0.000247500458499, -0.00023068585142, -0.00473220972344, 0.00754862977192]]
    },
    "melbands": {
        "dmean": [0.00241750967689, 0.00128536508419, 0.000396365387132, 0.000406065955758, 0.000276930077234, 0.000409369444242, 0.000399880547775, 0.00030879949918, 0.000209429359529, 0.000199637128389, 0.000192903753486, 9.72593625193e-05, 4.68257239845e-05, 3.14437493216e-05, 6.56071642879e-05, 5.1573759265e-05, 3.51670933014e-05, 3.34101896442e-05, 2.40936224145e-05, 1.91082435776e-05, 1.51451349666e-05, 1.34643423735e-05, 1.02616459117e-05, 7.80674872658e-06, 6.56110933051e-06, 3.91370167563e-06, 4.45701880381e-06, 2.18103218685e-06, 1.23185941447e-06, 8.47287481065e-07, 8.23637037684e-07, 1.35530308398e-06, 1.89453248822e-06, 2.70549821835e-06, 1.67291614162e-06, 1.81282871381e-06, 1.7734581661e-06, 1.63672768849e-06, 2.80055587609e-06, 2.73263935924e-06],
        "dmean2": [0.0038713440299, 0.00189759675413, 0.000590007111896, 0.000609206908848, 0.000407925777836, 0.000585417554248, 0.000579304120038, 0.000443409167929, 0.000323628541082, 0.000319350801874, 0.000293704331852, 0.00015116945724, 6.6531036282e-05, 4.8933456128e-05, 0.000103663674963, 8.08424956631e-05, 5.44962640561e-05, 4.85656710225e-05, 3.80527599191e-05, 2.93464290735e-05, 2.31415215239e-05, 2.0526782464e-05, 1.63225686265e-05, 1.19160449685e-05, 1.10990413305e-05, 6.72390433465e-06, 8.08333606983e-06, 3.76304069505e-06, 2.09405175156e-06, 1.34609183533e-06, 1.34357424031e-06, 2.28095245802e-06, 3.12227166432e-06, 4.62596926809e-06, 2.72871193374e-06, 2.98022200695e-06, 2.85606051875e-06, 2.54143856182e-06, 4.37433800471e-06, 4.34019966633e-06],
        "dvar": [3.54269213858e-05, 1.60926447279e-05, 2.18277432396e-06, 6.00274461249e-07, 2.36782440766e-07, 5.51293112494e-07, 5.81470487759e-07, 1.24440600757e-06, 2.77837045815e-07, 2.06830293337e-07, 3.99899704462e-07, 8.48339141157e-08, 1.67275384655e-08, 5.7990043878e-09, 3.95751449389e-08, 2.59793928592e-08, 7.99111710137e-09, 6.14758111084e-09, 2.53177989684e-09, 1.28162469526e-09, 9.32024124545e-10, 8.85297279929e-10, 5.18587783827e-10, 2.88174401009e-10, 3.23048060524e-10, 1.05105035786e-10, 4.56958249018e-10, 6.48895451261e-11, 1.67886763519e-11, 4.99129860707e-12, 6.22749464843e-12, 2.43227417374e-11, 5.3686614182e-11, 1.02877456554e-10, 2.129895392e-11, 3.70762205659e-11, 2.96904965891e-11, 2.96238138187e-11, 1.1465751959e-10, 1.16468848455e-10],
        "dvar2": [9.05739070731e-05, 3.70209854736e-05, 4.98169220009e-06, 1.27705118302e-06, 5.03875583036e-07, 1.09136817628e-06, 1.32703519284e-06, 1.63693562172e-06, 5.38975427844e-07, 5.34412606612e-07, 9.38994560329e-07, 2.03385297937e-07, 2.75919251891e-08, 1.18815179917e-08, 9.0079886661e-08, 6.18530933139e-08, 1.91002982319e-08, 1.25163914788e-08, 6.22478824042e-09, 2.97015567696e-09, 1.97869387542e-09, 2.07198214142e-09, 1.30744182147e-09, 5.66861169116e-10, 9.04200381235e-10, 2.96248248155e-10, 1.33155764193e-09, 1.85711085399e-10, 4.61582785882e-11, 1.19706996052e-11, 1.54212823067e-11, 6.41884809194e-11, 1.42798189939e-10, 2.77408152005e-10, 5.29764877799e-11, 9.49619480273e-11, 7.52075901556e-11, 7.21939730219e-11, 2.89196777636e-10, 2.72171257754e-10],
        "max": [0.0621710680425, 0.0423555858433, 0.0271169617772, 0.0138464011252, 0.00611655693501, 0.00929036457092, 0.0132071319968, 0.0394287481904, 0.00930069107562, 0.00480582378805, 0.00786816049367, 0.00404068920761, 0.0026546921581, 0.00119792646728, 0.00242490833625, 0.00197010068223, 0.00117311568465, 0.000942366779782, 0.000432588974945, 0.000373426242732, 0.000362120772479, 0.000436737434939, 0.000232400940149, 0.000407421699492, 0.000222430884605, 0.000110556262371, 0.0002424933773, 8.55110047269e-05, 5.23212438566e-05, 2.81810353044e-05, 2.3728242013e-05, 4.75896667922e-05, 8.68874267326e-05, 0.000117497707834, 4.1603740101e-05, 7.90877820691e-05, 5.65360351175e-05, 8.62973392941e-05, 0.00018474481476, 0.000167190562934],
        "mean": [0.00703950971365, 0.00198984774761, 0.000766386161558, 0.000779072928708, 0.000539321103133, 0.000880635809153, 0.000696742266882, 0.000466389901703, 0.000259180786088, 0.000253759440966, 0.000204592914088, 0.000106730112748, 6.42963059363e-05, 4.23250639869e-05, 7.85041338531e-05, 5.81258864258e-05, 4.00140597776e-05, 4.08455234719e-05, 2.92675249511e-05, 2.30815312534e-05, 1.8111173631e-05, 1.63161203091e-05, 1.25117921925e-05, 1.0981190826e-05, 6.90355864208e-06, 4.08481628256e-06, 3.55702263732e-06, 1.9667199922e-06, 1.13955286452e-06, 8.32609316603e-07, 7.31044622171e-07, 1.11937731617e-06, 1.4959375676e-06, 2.1079479211e-06, 1.59402054578e-06, 1.5420928321e-06, 1.504816737e-06, 1.47517050664e-06, 2.39379028244e-06, 2.34673939303e-06],
        "median": [3.06022266159e-05, 5.29289172846e-05, 0.0001686677424, 0.000280701206066, 0.000219510664465, 0.000320166203892, 0.000265694485279, 0.000100441218819, 5.14482562721e-05, 4.93304360134e-05, 2.12657123484e-05, 1.44383848237e-05, 1.1368289961e-05, 8.26505583973e-06, 6.359667168e-06, 5.17963144375e-06, 4.99005591337e-06, 4.29305691796e-06, 4.89670355819e-06, 5.38316407983e-06, 3.64517427442e-06, 3.0453936688e-06, 2.72484476227e-06, 1.85131739272e-06, 1.37121060106e-06, 9.44481939769e-07, 5.19176694525e-07, 2.88941777171e-07, 1.77028084636e-07, 9.04729731133e-08, 5.99785607847e-08, 5.28455288418e-08, 6.24980103225e-08, 1.60515043035e-07, 1.67204817103e-07, 7.10823613304e-08, 6.16836928202e-08, 7.67600525364e-08, 6.34612717931e-08, 5.49893144353e-08],
        "min": [1.08851539987e-23, 5.09737462266e-24, 3.07193342495e-24, 4.26309860069e-24, 1.08221918544e-23, 4.92504401361e-24, 2.85156789209e-24, 1.08682936746e-23, 3.64400568987e-24, 6.3015270127e-24, 1.0101638415e-23, 5.96175554892e-24, 3.02271244877e-24, 1.03755545871e-23, 1.62449100693e-23, 1.20682686517e-23, 7.96594029789e-24, 4.6543751874e-24, 9.64548827398e-24, 1.237026275e-23, 9.10968526968e-24, 1.41956766295e-23, 1.5933784906e-23, 8.66359468297e-24, 8.7387920599e-24, 6.10864302719e-24, 8.19759640245e-24, 1.10377480967e-23, 1.27525999649e-23, 1.46255884679e-23, 5.7958470565e-24, 7.49939139246e-24, 8.06149265275e-24, 1.4065453049e-23, 9.77625222421e-24, 1.26932934021e-23, 1.04034518641e-23, 1.00252419694e-23, 1.10058299957e-23, 1.06583288783e-23],
        "stdev": [0.0100285708904, 0.00569411646575, 0.00224213697948, 0.00121956423391, 0.000804586277809, 0.00127706036437, 0.00103842630051, 0.00193167489488, 0.000672282534651, 0.000490083883051, 0.000638557772618, 0.000293931865599, 0.000193421656149, 9.9999451777e-05, 0.000228749529924, 0.00017246567586, 0.000101220808574, 0.000103485166619, 5.74459845666e-05, 4.32110282418e-05, 3.67182001355e-05, 3.66042659152e-05, 2.60820379481e-05, 2.88658739009e-05, 1.5713094399e-05, 8.92265506991e-06, 1.60047620739e-05, 6.35937840343e-06, 3.46693445863e-06, 2.18827972276e-06, 2.29934516938e-06, 4.37814651377e-06, 6.30871909379e-06, 8.44255373522e-06, 4.52084668723e-06, 5.57901512366e-06, 5.06441710968e-06, 5.22882237419e-06, 9.95396112558e-06, 1.04578148239e-05],
        "var": [0.000100572236988, 3.24229622493e-05, 5.02717830386e-06, 1.48733704464e-06, 6.47359115646e-07, 1.63088304816e-06, 1.0783290918e-06, 3.73136776943e-06, 4.5196381393e-07, 2.40182203015e-07, 4.07756004961e-07, 8.63959499497e-08, 3.74119366597e-08, 9.9998898051e-09, 5.23263459229e-08, 2.9744409602e-08, 1.02456514384e-08, 1.07091802093e-08, 3.3000413513e-09, 1.86719306683e-09, 1.34822619735e-09, 1.3398723242e-09, 6.80272671527e-10, 8.33238644748e-10, 2.46901360468e-10, 7.96137739068e-11, 2.56152404843e-10, 4.04416916622e-11, 1.20196344197e-11, 4.78856841332e-12, 5.2869878614e-12, 1.91681687883e-11, 3.97999341817e-11, 7.12767206368e-11, 2.0438054027e-11, 3.11254078067e-11, 2.56483185385e-11, 2.73405829226e-11, 9.90813334156e-11, 1.09365891343e-10]
    },
    "melbands128": {
