{
"lowlevel": {
    "average_loudness": 0.97877317667,
    "barkbands_crest": {
        "dmean": 3.05837345123,
        "dmean2": 4.6352930069,
        "dvar": 7.87019109726,
        "dvar2": 17.8842697144,
        "max": 26.1203136444,
        "mean": 11.5998210907,
        "median": 10.7953929901,
        "min": 2.39579129219,
        "stdev": 4.75197839737,
        "var": 22.5812988281
    },
    "barkbands_flatness_db": {
        "dmean": 0.0325118042529,
        "dmean2": 0.0451173335314,
        "dvar": 0.000959048687946,
        "dvar2": 0.00173988298047,
        "max": 0.395553976297,
        "mean": 0.154791489244,
        "median": 0.150148719549,
        "min": 0.0276086945087,
        "stdev": 0.0565700531006,
        "var": 0.00320017104968
    },
    "barkbands_kurtosis": {
        "dmean": 6.04876756668,
        "dmean2": 9.10981178284,
        "dvar": 350.948608398,
        "dvar2": 728.266662598,
        "max": 361.730621338,
        "mean": 7.76913452148,
        "median": 2.92836380005,
        "min": -1.82398664951,
        "stdev": 23.51521492,
        "var": 552.965332031
    },
    "barkbands_skewness": {
        "dmean": 0.748819410801,
        "dmean2": 1.07912969589,
        "dvar": 1.02210974693,
        "dvar2": 2.0101518631,
        "max": 16.1990890503,
        "mean": 1.8141232729,
        "median": 1.62006056309,
        "min": -2.21813583374,
        "stdev": 1.70635128021,
        "var": 2.91163468361
    },
    "barkbands_spread": {
        "dmean": 6.9523859024,
        "dmean2": 10.8026676178,
        "dvar": 84.8689193726,
        "dvar2": 200.145248413,
        "max": 87.8617706299,
        "mean": 19.6615581512,
        "median": 16.8090782166,
        "min": 0.486369550228,
        "stdev": 13.443780899,
        "var": 180.735244751
    },
    "dissonance": {
        "dmean": 0.0295303929597,
        "dmean2": 0.0483061745763,
        "dvar": 0.000814376689959,
        "dvar2": 0.00200360780582,
        "max": 0.5,
        "mean": 0.438121765852,
        "median": 0.446848720312,
        "min": 0.260201692581,
        "stdev": 0.0446286574006,
        "var": 0.00199171714485
    },
    "dynamic_complexity": 2.62867307663,
    "erbbands_crest": {
        "dmean": 3.05722641945,
        "dmean2": 4.69882392883,
        "dvar": 8.25951862335,
        "dvar2": 19.2944526672,
        "max": 33.4250907898,
        "mean": 10.5003547668,
        "median": 9.46100997925,
        "min": 2.82257270813,
        "stdev": 4.82562112808,
        "var": 23.2866172791
    },
    "erbbands_flatness_db": {
        "dmean": 0.025905078277,
        "dmean2": 0.0351055823267,
        "dvar": 0.00058315997012,
        "dvar2": 0.00108570267912,
        "max": 0.348575770855,
        "mean": 0.170805156231,
        "median": 0.168042376637,
        "min": 0.0626387894154,
        "stdev": 0.0516300350428,
        "var": 0.00266566057689
    },
    "erbbands_kurtosis": {
        "dmean": 1.34159982204,
        "dmean2": 2.0782597065,
        "dvar": 4.74046134949,
        "dvar2": 12.2109212875,
        "max": 33.4888076782,
        "mean": 1.41690385342,
        "median": 0.484731674194,
        "min": -1.72058403492,
        "stdev": 2.94092059135,
        "var": 8.64901447296
    },
    "erbbands_skewness": {
        "dmean": 0.454872429371,
        "dmean2": 0.680269122124,
        "dvar": 0.205399766564,
        "dvar2": 0.458693087101,
        "max": 4.04672145844,
        "mean": 0.728098630905,
        "median": 0.726267337799,
        "min": -2.65699958801,
        "stdev": 0.821170151234,
        "var": 0.674320399761
    },
    "erbbands_spread": {
        "dmean": 10.2252483368,
        "dmean2": 14.7905712128,
        "dvar": 123.978027344,
        "dvar2": 273.811981201,
        "max": 129.457290649,
        "mean": 37.5844802856,
        "median": 33.6836624146,
        "min": 2.03854703903,
        "stdev": 21.40782547,
        "var": 458.295013428
    },
    "hfc": {
        "dmean": 9.73466205597,
        "dmean2": 14.3701486588,
        "dvar": 231.428726196,
        "dvar2": 527.531555176,
        "max": 222.072631836,
        "mean": 23.0061702728,
        "median": 20.0306529999,
        "min": 1.19424670776e-16,
        "stdev": 20.4589862823,
        "var": 418.570129395
    },
    "loudness_ebu128": {
        "integrated": -9.60218811035,
        "loudness_range": 1.45499134064,
        "momentary": {
            "dmean": 0.779478609562,
            "dmean2": 1.17566502094,
            "dvar": 0.516761183739,
            "dvar2": 1.06337177753,
            "max": -7.13761901855,
            "mean": -9.81035804749,
            "median": -9.48192691803,
            "min": -16.1629257202,
            "stdev": 1.4358741045,
            "var": 2.06173443794
        },
        "short_term": {
            "dmean": 0.0911268889904,
            "dmean2": 0.131416544318,
            "dvar": 0.0044401162304,
            "dvar2": 0.0096239913255,
            "max": -8.67683506012,
            "mean": -9.58378219604,
            "median": -9.60279941559,
            "min": -11.0043067932,
            "stdev": 0.537768304348,
            "var": 0.289194732904
        }
    },
    "melbands_crest": {
        "dmean": 3.81703710556,
        "dmean2": 6.00347185135,
        "dvar": 12.614982605,
        "dvar2": 29.5944671631,
        "max": 34.3778152466,
        "mean": 15.5590496063,
        "median": 14.5198860168,
        "min": 2.01310276985,
        "stdev": 6.08351898193,
        "var": 37.0092048645
    },
    "melbands_flatness_db": {
        "dmean": 0.0378060117364,
        "dmean2": 0.0516600124538,
        "dvar": 0.00142882054206,
        "dvar2": 0.0025536918547,
        "max": 0.508818209171,
        "mean": 0.212337434292,
        "median": 0.202372834086,
        "min": 0.00657900469378,
        "stdev": 0.0725910291076,
        "var": 0.00526945712045
    },
    "melbands_kurtosis": {
        "dmean": 11.5427408218,
        "dmean2": 17.9720020294,
        "dvar": 1033.77124023,
        "dvar2": 2432.89916992,
        "max": 448.447418213,
        "mean": 17.9324913025,
        "median": 9.0268497467,
        "min": -1.58815336227,
        "stdev": 38.9706459045,
        "var": 1518.71118164
    },
    "melbands_skewness": {
        "dmean": 0.903923392296,
        "dmean2": 1.33378660679,
        "dvar": 1.51249098778,
        "dvar2": 3.28765702248,
        "max": 15.9895544052,
        "mean": 2.69333744049,
        "median": 2.42534613609,
        "min": -1.29698395729,
        "stdev": 2.05908131599,
        "var": 4.23981618881
    },
    "melbands_spread": {
        "dmean": 8.03685665131,
        "dmean2": 12.5085229874,
        "dvar": 212.769470215,
        "dvar2": 461.261138916,
        "max": 253.614959717,
        "mean": 21.2798461914,
        "median": 16.6188583374,
        "min": 0.469915241003,
        "stdev": 19.4607429504,
        "var": 378.72052002
    },
    "pitch_salience": {
        "dmean": 0.0882626399398,
        "dmean2": 0.13455298543,
        "dvar": 0.00752450013533,
        "dvar2": 0.0175908580422,
        "max": 0.87863355875,
        "mean": 0.51679289341,
        "median": 0.522463202477,
        "min": 0.0664727762341,
        "stdev": 0.139738440514,
        "var": 0.0195268299431
    },
    "silence_rate_20dB": {
        "dmean": 0,
        "dmean2": 0,
        "dvar": 0,
        "dvar2": 0,
        "max": 1,
        "mean": 1,
        "median": 1,
        "min": 1,
        "stdev": 0,
        "var": 0
    },
    "silence_rate_30dB": {
        "dmean": 0.0201238393784,
        "dmean2": 0.0402788519859,
        "dvar": 0.0197184998542,
        "dvar2": 0.0510502830148,
        "max": 1,
        "mean": 0.986078858376,
        "median": 1,
        "min": 0,
        "stdev": 0.117164030671,
        "var": 0.0137274097651
    },
    "silence_rate_60dB": {
        "dmean": 0.0348297208548,
        "dmean2": 0.0697133988142,
        "dvar": 0.0336165614426,
        "dvar2": 0.0787960663438,
        "max": 1,
        "mean": 0.0549110583961,
        "median": 0,
        "min": 0,
        "stdev": 0.227805823088,
        "var": 0.0518954955041
    },
    "spectral_centroid": {
        "dmean": 297.091247559,
        "dmean2": 435.817108154,
        "dvar": 217348.1875,
        "dvar2": 373268.03125,
        "max": 11366.2783203,
        "mean": 1216.13720703,
        "median": 1051.38867188,
        "min": 135.991592407,
        "stdev": 706.00982666,
        "var": 498449.875
    },
    "spectral_complexity": {
        "dmean": 4.21130037308,
        "dmean2": 6.23470163345,
        "dvar": 34.2115898132,
        "dvar2": 64.6813735962,
        "max": 53,
        "mean": 14.7896366119,
        "median": 13,
        "min": 0,
        "stdev": 9.02265453339,
        "var": 81.4082946777
    },
    "spectral_decrease": {
        "dmean": 3.05541614232e-09,
        "dmean2": 4.19000878438e-09,
        "dvar": 1.89418206051e-17,
        "dvar2": 3.18929742209e-17,
        "max": 2.05562688167e-29,
        "mean": -7.76902719934e-09,
        "median": -6.17613205023e-09,
        "min": -4.52514896665e-08,
        "stdev": 6.69083410898e-09,
        "var": 4.47672629056e-17
    },
    "spectral_energy": {
        "dmean": 0.0120663614944,
        "dmean2": 0.0165671464056,
        "dvar": 0.000286175840301,
        "dvar2": 0.000479774258565,
        "max": 0.173082605004,
        "mean": 0.0314087793231,
        "median": 0.0252988599241,
        "min": 1.07545960043e-20,
        "stdev": 0.0262227542698,
        "var": 0.000687632884365
    },
    "spectral_energyband_high": {
        "dmean": 0.000756505702157,
        "dmean2": 0.00120563025121,
        "dvar": 2.22148514695e-06,
        "dvar2": 5.43372789252e-06,
        "max": 0.0226621534675,
        "mean": 0.00107697967906,
        "median": 0.000522109563462,
        "min": 7.6308792835e-21,
        "stdev": 0.00163574051112,
        "var": 2.67564701062e-06
    },
    "spectral_energyband_low": {
        "dmean": 0.00768276210874,
        "dmean2": 0.0109905777499,
        "dvar": 0.000279092579149,
        "dvar2": 0.000556929095183,
        "max": 0.166622564197,
        "mean": 0.0107953185216,
        "median": 0.00196161004715,
        "min": 4.4278598527e-23,
        "stdev": 0.0208114590496,
        "var": 0.000433116802014
    },
    "spectral_energyband_middle_high": {
        "dmean": 0.00216769217514,
        "dmean2": 0.0030891187489,
        "dvar": 9.30871647142e-06,
        "dvar2": 1.6900297851e-05,
        "max": 0.0416074059904,
        "mean": 0.0055496073328,
        "median": 0.00332011771388,
        "min": 1.66448449409e-21,
        "stdev": 0.00633073784411,
        "var": 4.00782409997e-05
    },
    "spectral_energyband_middle_low": {
        "dmean": 0.00679882522672,
        "dmean2": 0.011264577508,
        "dvar": 0.000109601780423,
        "dvar2": 0.000286872178549,
        "max": 0.0684558078647,
        "mean": 0.014658103697,
        "median": 0.0125682074577,
        "min": 2.8260190934e-22,
        "stdev": 0.0121056037024,
        "var": 0.000146545629832
    },
    "spectral_entropy": {
        "dmean": 0.278925836086,
        "dmean2": 0.384093374014,
        "dvar": 0.0751898884773,
        "dvar2": 0.139984101057,
        "max": 9.79808712006,
        "mean": 7.43252754211,
        "median": 7.40533638,
        "min": 5.62939405441,
        "stdev": 0.525321602821,
        "var": 0.275962799788
    },
    "spectral_flux": {
        "dmean": 0.0384948737919,
        "dmean2": 0.054617818445,
        "dvar": 0.00167392170988,
        "dvar2": 0.00245890230872,
        "max": 0.331536710262,
        "mean": 0.106252633035,
        "median": 0.0872791409492,
        "min": 1.03704371479e-10,
        "stdev": 0.0721468478441,
        "var": 0.00520516792312
    },
    "spectral_kurtosis": {
        "dmean": 1.72729468346,
        "dmean2": 2.66410684586,
        "dvar": 4.37092685699,
        "dvar2": 9.6678609848,
        "max": 28.9869403839,
        "mean": 3.92132210732,
        "median": 3.26408529282,
        "min": -1.1628524065,
        "stdev": 3.04588055611,
        "var": 9.27738857269
    },
    "spectral_rms": {
        "dmean": 0.00101584882941,
        "dmean2": 0.0013601455139,
        "dvar": 1.38715540743e-06,
        "dvar2": 2.19711523641e-06,
        "max": 0.012994655408,
        "mean": 0.00507699279115,
        "median": 0.00496807973832,
        "min": 3.23918019143e-12,
        "stdev": 0.00220610830002,
        "var": 4.86691396873e-06
    },
    "spectral_rolloff": {
        "dmean": 664.697387695,
        "dmean2": 1113.62304688,
        "dvar": 1961968.75,
        "dvar2": 4225670.5,
        "max": 19143.0175781,
        "mean": 1467.40539551,
        "median": 968.994140625,
        "min": 64.599609375,
        "stdev": 1726.96313477,
        "var": 2982401.75
    },
    "spectral_skewness": {
        "dmean": 0.281139135361,
        "dmean2": 0.417949229479,
        "dvar": 0.0804524123669,
        "dvar2": 0.160028874874,
        "max": 3.92729687691,
        "mean": 1.55939221382,
        "median": 1.48752737045,
        "min": -0.03093726933,
        "stdev": 0.523195028305,
        "var": 0.273733019829
    },
    "spectral_spread": {
        "dmean": 932734.125,
        "dmean2": 1344527.5,
        "dvar": 1.81988163584e+12,
        "dvar2": 2.75943207731e+12,
        "max": 39707936,
        "mean": 5264147,
        "median": 5082094.5,
        "min": 1554361.375,
        "stdev": 1836302,
        "var": 3.37200493363e+12
    },
    "spectral_strongpeak": {
        "dmean": 0.533107101917,
        "dmean2": 0.889463603497,
        "dvar": 0.499019235373,
        "dvar2": 1.17726135254,
        "max": 8.99664211273,
        "mean": 1.12462496758,
        "median": 0.776472091675,
        "min": 0,
        "stdev": 1.04227888584,
        "var": 1.08634531498
    },
    "zerocrossingrate": {
        "dmean": 0.0143838888034,
        "dmean2": 0.0167014133185,
        "dvar": 0.000491526618134,
        "dvar2": 0.000554523372557,
        "max": 0.50146484375,
        "mean": 0.0587410256267,
        "median": 0.0498046875,
        "min": 0.0029296875,
        "stdev": 0.0401999652386,
        "var": 0.0016160372179
    },
    "barkbands": {
        "dmean": [0.000132631743327, 0.00542629882693, 0.00440655462444, 0.00178933585994, 0.00219874060713, 0.0016943118535, 0.00136877421755, 0.00187623838428, 0.00124783767387, 0.000526585092302, 0.00059679831611, 0.000643785868306, 0.000517494219821, 0.000304925866658, 0.000319083832437, 0.000192903768038, 0.000207712684642, 0.000179626513273, 0.000195283588255, 0.000170356011949, 0.000134630405228, 0.000183814554475, 0.000148656210513, 0.000132271103212, 0.000131258377223, 3.95313509216e-05, 2.96541270473e-06],
        "dmean2": [0.000201324684895, 0.00787065830082, 0.00796137098223, 0.00332451541908, 0.00385763915256, 0.00258387601934, 0.00221553305164, 0.00286231725477, 0.00188753497787, 0.000842772074975, 0.000894337019417, 0.000966349907685, 0.00078348419629, 0.000480672111735, 0.000508753000759, 0.000306616624584, 0.000328197638737, 0.000272530392976, 0.000286550144665, 0.000255512219155, 0.000207285833312, 0.000295237085083, 0.000247774791205, 0.000217486332986, 0.000227087119129, 6.53428432997e-05, 5.13277882419e-06],
        "dvar": [1.60533772942e-07, 0.000132201632368, 0.000172727348399, 2.98440299957e-05, 2.28000899369e-05, 1.01144532891e-05, 7.81148719398e-06, 1.46670490722e-05, 7.39911138226e-06, 1.85573776434e-06, 1.5612132529e-06, 1.91509252545e-06, 2.07112611861e-06, 5.53033487449e-07, 4.12199000266e-07, 1.78513317906e-07, 2.51897034786e-07, 3.34562855642e-07, 1.18419507089e-07, 1.03694517861e-07, 6.25655118824e-08, 1.0616243884e-07, 1.15647175392e-07, 7.59619354085e-08, 9.77995497919e-08, 1.37318734161e-08, 5.48778938958e-11],
        "dvar2": [3.7156243593e-07, 0.000293915596558, 0.000467580859549, 8.52126540849e-05, 6.28331836197e-05, 2.33011742239e-05, 1.95679294848e-05, 3.37078672601e-05, 1.66542577063e-05, 4.95437825521e-06, 3.22035407407e-06, 4.11852170146e-06, 4.49014351034e-06, 1.33265177737e-06, 9.23265474739e-07, 4.45261605364e-07, 5.96264953856e-07, 5.83392193221e-07, 2.3938804361e-07, 2.14251940633e-07, 1.37940958211e-07, 2.66509175617e-07, 3.0204421364e-07, 1.9519384864e-07, 2.62898538494e-07, 3.4549387351e-08, 1.39094832874e-10],
        "max": [0.00990416482091, 0.125126987696, 0.108931809664, 0.0391784533858, 0.0392153076828, 0.0329051949084, 0.0308013856411, 0.0498199574649, 0.0468980260193, 0.021235158667, 0.0148848351091, 0.0221607722342, 0.0259217787534, 0.0128442812711, 0.0101194251329, 0.00585601339117, 0.00745101599023, 0.0191268268973, 0.00623262766749, 0.00563810998574, 0.00346101168543, 0.00508286803961, 0.00540346419439, 0.00240626302548, 0.00238815997727, 0.00257989973761, 7.88542383816e-05],
        "mean": [0.000206248092582, 0.007027619984, 0.00301655381918, 0.00118737109005, 0.00256768334657, 0.00366774806753, 0.00203979341313, 0.00294989766553, 0.00200673751533, 0.00072215590626, 0.000966012361459, 0.00120254629292, 0.000687822932377, 0.000395100185415, 0.000443605531473, 0.000260749919107, 0.00028297767858, 0.000259030988673, 0.000303498731228, 0.000269003096037, 0.000213297636947, 0.000266888266196, 0.000162845783052, 0.000141621858347, 0.000121159915579, 3.82846374123e-05, 2.56505154539e-06],
        "median": [3.35749209626e-05, 0.000986328464933, 0.000116249859275, 0.000152241496835, 0.00111985008698, 0.00186705065425, 0.000805489893537, 0.00088126224, 0.000331363815349, 0.000161081101396, 0.000200250724447, 0.000377170741558, 0.000100007622677, 8.51152726682e-05, 8.35670798551e-05, 8.03266884759e-05, 8.56220940477e-05, 5.34786522621e-05, 9.69686443568e-05, 8.61889202497e-05, 8.26791947475e-05, 0.000132321671117, 6.59591823933e-05, 4.23207311542e-05, 3.25255823554e-05, 7.95187588665e-06, 4.04498479156e-07],
        "min": [4.50458825087e-23, 1.78734455661e-23, 2.93687215494e-24, 8.27891376229e-24, 4.02612644137e-23, 3.77496732865e-23, 6.65773423566e-23, 5.06395752808e-23, 7.55444567949e-23, 2.46885269445e-23, 5.94812040372e-23, 4.56056014091e-23, 8.0809560601e-23, 1.33410553326e-22, 2.33837077777e-22, 1.28175849063e-22, 7.17999549589e-23, 3.33771794786e-22, 3.21480887499e-22, 3.7698670589e-22, 3.47529074589e-22, 5.97267265809e-22, 8.31345596184e-22, 8.40126766641e-22, 1.19724296247e-21, 1.42526905101e-21, 2.48138653935e-21],
        "stdev": [0.000531023717485, 0.0135508058593, 0.010749344714, 0.00418949825689, 0.00423194048926, 0.00482677388936, 0.00325802410953, 0.00509770074859, 0.00397460907698, 0.0016853781417, 0.00194011884741, 0.00211967690848, 0.00181054743007, 0.000953103532083, 0.000868167437147, 0.000495259708259, 0.000644044717774, 0.000941316422541, 0.000531554687768, 0.000486045726575, 0.00037682877155, 0.000380674493499, 0.000316492718412, 0.00027006570599, 0.000274340563919, 0.000113597830932, 7.09427104084e-06],
        "var": [2.81986160644e-07, 0.000183624346391, 0.000115548420581, 1.75518944161e-05, 1.79093203769e-05, 2.32977472479e-05, 1.06147217593e-05, 2.59865537373e-05, 1.57975191541e-05, 2.84049929178e-06, 3.76406092073e-06, 4.49302979177e-06, 3.27808197653e-06, 9.08406320832e-07, 7.53714687107e-07, 2.45282166134e-07, 4.14793589698e-07, 8.86076634288e-07, 2.82550359998e-07, 2.36240452978e-07, 1.41999919379e-07, 1.4491305933e-07, 1.00167639516e-07, 7.29354852069e-08, 7.52627400402e-08, 1.29044677166e-08, 5.0328682194e-11]
    },
    "erbbands": {
        "dmean": [0.139740929008, 1.33287096024, 4.69010257721, 4.93893432617, 7.3454580307, 7.2047328949, 12.4335746765, 12.5696325302, 17.3168544769, 28.0466308594, 39.054561615, 28.0590057373, 15.9453458786, 19.7979068756, 22.5339984894, 25.519701004, 23.3622226715, 15.5177183151, 16.3074245453, 12.3267641068, 10.1887197495, 10.4113864899, 10.3000392914, 9.68869018555, 9.78870105743, 7.57293081284, 5.48651218414, 5.81998205185, 6.76332807541, 5.24027585983, 4.22850370407, 2.99251866341, 2.17126584053, 1.62777602673, 0.86291629076, 0.220111787319, 0.0691069886088, 0.0129169011489, 0.00035029600258, 2.19590892812e-05],
        "dmean2": [0.204849749804, 1.91234135628, 8.17121982574, 8.68040943146, 13.3518896103, 12.410399437, 20.1664867401, 18.5009174347, 26.6936988831, 45.9148864746, 59.2210617065, 42.5640563965, 25.1300811768, 29.989824295, 34.4570350647, 36.7545089722, 34.9613952637, 23.7804737091, 25.1193561554, 19.4366970062, 15.6284694672, 16.2225112915, 15.2016019821, 13.4960861206, 13.984120369, 11.004032135, 8.12027072906, 8.99840831757, 10.6271400452, 8.73588466644, 7.05212974548, 4.9035320282, 3.61850070953, 2.81734228134, 1.49528861046, 0.36610892415, 0.114675179124, 0.0215890482068, 0.000589739938732, 3.17419726343e-05],
        "dvar": [0.0794396623969, 8.47322940826, 183.60395813, 204.678207397, 411.855895996, 230.76272583, 532.909851074, 599.561279297, 1100.15234375, 4950.41845703, 4601.09423828, 4797.90429688, 1864.93981934, 2023.17468262, 2503.38452148, 3271.19165039, 5057.43115234, 1452.85095215, 1071.48339844, 727.373352051, 487.363983154, 712.132446289, 1766.36975098, 516.199401855, 326.323120117, 216.401199341, 99.5509109497, 119.50113678, 134.679244995, 125.158836365, 88.8394241333, 35.9450340271, 23.3718357086, 17.4890842438, 3.82972288132, 0.432709932327, 0.0388542227447, 0.000936858996283, 7.2088636216e-07, 1.01142616504e-09],
        "dvar2": [0.171117976308, 18.5853481293, 480.25567627, 554.331604004, 1157.21350098, 628.30291748, 1354.67004395, 1333.55029297, 2537.60424805, 12577.8710938, 10161.6943359, 11245.6767578, 5288.46630859, 4730.47460938, 5219.28466797, 6672.20996094, 11590.7929688, 3599.61035156, 2232.49389648, 1872.56274414, 1115.13037109, 1723.60107422, 3655.53759766, 851.12512207, 649.27142334, 441.406555176, 205.684371948, 273.479949951, 326.38760376, 333.650756836, 230.430145264, 90.8655014038, 61.0452346802, 47.8344230652, 10.0082731247, 1.10748708248, 0.0972001031041, 0.00229598465376, 1.80712163456e-06, 2.22119256321e-09],
        "max": [2.4539949894, 31.406917572, 128.645645142, 108.513534546, 147.81048584, 150.189163208, 243.075378418, 291.902954102, 345.841400146, 880.674743652, 831.363708496, 1404.95849609, 730.807861328, 571.834533691, 667.488952637, 1108.56518555, 1395.98132324, 638.855102539, 594.585510254, 370.126220703, 261.529724121, 411.649963379, 1395.30273438, 774.350341797, 283.93939209, 264.058135986, 148.061401367, 154.830978394, 190.637283325, 164.691879272, 146.569946289, 51.809928894, 45.8695220947, 33.9446334839, 19.8601112366, 15.6598901749, 3.4566950798, 0.369192272425, 0.0111129581928, 0.000424151890911],
        "mean": [0.205750331283, 1.57411980629, 3.55904078484, 3.6327483654, 5.58042097092, 8.76703071594, 24.3183193207, 26.0903301239, 27.4537410736, 42.9046974182, 69.8146362305, 46.6541938782, 25.430519104, 32.9800567627, 36.1157112122, 51.8294715881, 35.4697036743, 23.6062202454, 24.9748821259, 16.5898990631, 15.3492603302, 14.8868045807, 14.1380977631, 14.9520950317, 15.7167863846, 12.319396019, 8.95481109619, 8.97112464905, 10.264708519, 6.36017656326, 4.55096197128, 3.32437348366, 2.16449785233, 1.51466369629, 0.770124077797, 0.206544712186, 0.0668784156442, 0.012218721211, 0.000332780706231, 4.75151755381e-05],
        "median": [0.0303669646382, 0.174247890711, 0.254303187132, 0.462242990732, 1.23874056339, 3.8487432003, 11.508810997, 11.7780017853, 12.6693811417, 14.5441770554, 25.3329906464, 12.2918624878, 5.40490245819, 10.5872802734, 9.8930311203, 17.1192989349, 8.10069274902, 6.57399749756, 5.86045408249, 4.66351032257, 5.60940694809, 4.76565980911, 3.42417764664, 4.55289125443, 5.64717769623, 3.84246134758, 2.98258948326, 3.55555486679, 4.79702997208, 3.13971590996, 1.62670040131, 0.879808306694, 0.618996143341, 0.398399204016, 0.193361192942, 0.0476148985326, 0.0122343730181, 0.00254486338235, 8.33338635857e-05, 3.71665846615e-05],
        "min": [6.31337120699e-22, 4.10446212155e-21, 3.79645003058e-21, 1.33121156736e-20, 3.46455035292e-20, 1.15940930453e-19, 3.69361346664e-19, 3.72601749166e-19, 7.80580151974e-19, 1.08590357961e-18, 1.05161663302e-18, 1.58666869288e-18, 1.30314333555e-18, 1.49155533015e-18, 2.08483056537e-18, 1.94234787768e-18, 3.29401683328e-18, 6.84741682715e-18, 1.2398213982e-17, 8.57467168937e-18, 6.81983324885e-18, 4.33880343599e-18, 1.54562237789e-17, 1.64796215589e-17, 1.9482495632e-17, 1.60834748374e-17, 1.34309969533e-17, 1.2976430601e-17, 2.01468159624e-17, 2.39330664715e-17, 2.10247639579e-17, 1.99662159649e-17, 1.32811085176e-17, 1.1201133916e-17, 9.12623737618e-18, 4.94826349387e-18, 2.66509900585e-18, 1.25276483092e-18, 3.49674034495e-19, 3.60079637021e-20],
        "stdev": [0.355879306793, 3.32946538925, 11.6827430725, 11.7605409622, 16.0640106201, 14.5316390991, 31.4869289398, 38.0802459717, 41.4113769531, 81.1148452759, 108.336509705, 97.8695449829, 58.6631011963, 64.9169540405, 70.2753677368, 92.3834609985, 85.2627334595, 49.6055793762, 50.2193107605, 31.0699329376, 29.7793273926, 33.5014457703, 51.0470199585, 36.8336372375, 28.1657905579, 23.0963592529, 16.236164093, 15.3373699188, 14.3372783661, 10.5623064041, 8.93025016785, 6.03027820587, 4.5627655983, 3.58443260193, 1.76030731201, 0.616596221924, 0.196047708392, 0.031646721065, 0.000834899256006, 4.0951261326e-05],
        "var": [0.126650080085, 11.0853395462, 136.486495972, 138.310317993, 258.052429199, 211.168533325, 991.426635742, 1450.10522461, 1714.90222168, 6579.61816406, 11736.7988281, 9578.44726562, 3441.35961914, 4214.21044922, 4938.62695312, 8534.70410156, 7269.73388672, 2460.71337891, 2521.97900391, 965.340759277, 886.808288574, 1122.34680176, 2605.79833984, 1356.71679688, 793.311706543, 533.441833496, 263.613037109, 235.234924316, 205.557540894, 111.562309265, 79.7493743896, 36.3642578125, 20.8188285828, 12.8481578827, 3.09868192673, 0.380190908909, 0.0384347066283, 0.00100151484367, 6.97056805166e-07, 1.67700586751e-09]
    },
    "gfcc": {
        "mean": [-4.35498809814, 77.5759048462, -115.119659424, 19.277053833, -76.0286178589, 13.1607017517, -34.9103507996, 8.4922618866, -20.8309116364, 12.5092391968, -8.53399085999, 9.16141033173, -10.3328704834],
        "cov": [[5810.73974609, -605.376403809, -381.170898438, 488.468597412, -192.984802246, -36.1795158386, -467.314910889, 52.3481445312, 12.18704319, 65.3709030151, -176.894012451, -197.82232666, -94.0121536255], [-605.376403809, 1479.40698242, 214.359588623, -5.56649446487, 240.143692017, 102.450439453, 304.41494751, -33.3410568237, 70.3532333374, -111.164978027, 156.024215698, -73.5928497314, 78.018737793], [-381.170898438, 214.359588623, 1025.03747559, 314.384674072, 234.435440063, 267.964111328, 16.295124054, 50.4540557861, -77.2362823486, -103.839797974, -32.618434906, -13.3612346649, -16.8188209534], [488.468597412, -5.56649446487, 314.384674072, 721.711853027, 316.9140625, 120.155693054, 14.8493843079, 84.9551239014, 112.369979858, 13.7089319229, -18.9147968292, -76.160949707, -5.35119915009], [-192.984802246, 240.143692017, 234.435440063, 316.9140625, 631.189453125, 264.026123047, 240.013809204, 122.509635925, 98.9808349609, 80.1713638306, -16.0888786316, -17.6623077393, -40.1737747192], [-36.1795158386, 102.450439453, 267.964111328, 120.155693054, 264.026123047, 408.582855225, 172.5184021, 105.323867798, 20.2470684052, -15.36373806, 4.15713119507, -40.9832611084, -28.1006126404], [-467.314910889, 304.41494751, 16.295124054, 14.8493843079, 240.013809204, 172.5184021, 462.358856201, 121.788772583, 43.5961074829, 44.9069519043, 58.0859870911, 36.8100738525, -37.3620223999], [52.3481445312, -33.3410568237, 50.4540557861, 84.9551239014, 122.509635925, 105.323867798, 121.788772583, 183.742340088, 79.5781936646, 36.2340660095, 23.6707172394, 3.38189411163, -15.3755121231], [12.18704319, 70.3532333374, -77.2362823486, 112.369979858, 98.9808349609, 20.2470684052, 43.5961074829, 79.5781936646, 217.149139404, 101.350990295, 47.2721481323, -1.09432888031, 35.8525238037], [65.3709030151, -111.164978027, -103.839797974, 13.7089319229, 80.1713638306, -15.36373806, 44.9069519043, 36.2340660095, 101.350990295, 199.75302124, 44.077331543, 45.2562217712, 18.5206851959], [-176.894012451, 156.024215698, -32.618434906, -18.9147968292, -16.0888786316, 4.15713119507, 58.0859870911, 23.6707172394, 47.2721481323, 44.077331543, 162.559371948, 43.9064445496, 37.5068206787], [-197.82232666, -73.5928497314, -13.3612346649, -76.160949707, -17.6623077393, -40.9832611084, 36.8100738525, 3.38189411163, -1.09432888031, 45.2562217712, 43.9064445496, 139.865066528, 31.691242218], [-94.0121536255, 78.018737793, -16.8188209534, -5.35119915009, -40.1737747192, -28.1006126404, -37.3620223999, -15.3755121231, 35.8525238037, 18.5206851959, 37.5068206787, 31.691242218, 115.301193237]],
        "icov": [[0.000276146398392, -0.000195263623027, 0.000291447766358, -0.00041689738282, 0.000332892406732, -0.000327130255755, 0.000477945752209, -0.000443769356934, 0.000396560673835, -0.000500522030052, 0.000401203666115, -0.000125741382362, 0.000373546907213], [-0.000195263623027, 0.00202181120403, -0.000855918158777, 0.00111886416562, -0.00139996956568, 0.00120142730884, -0.00190019619185, 0.00197516172193, -0.00161831267178, 0.00237657572143, -0.00233473931439, 0.00232582981698, -0.00190585048404], [0.000291447766358, -0.000855918158777, 0.00210729753599, -0.00136167521123, 0.00052257347852, -0.00159556383733, 0.0014355215244, -0.00122510723304, 0.0016938514309, -0.00061990309041, 0.00108984485269, -0.00164349481929, 0.000826077070087], [-0.00041689738282, 0.00111886416562, -0.00136167521123, 0.0033552062232, -0.00212306226604, 0.0014494752977, -0.000996864982881, 0.00100373267196, -0.002181683667, 0.00190472614486, -0.00161459355149, 0.00229225982912, -0.00144794431981], [0.000332892406732, -0.00139996956568, 0.00052257347852, -0.00212306226604, 0.00464304350317, -0.00235886569135, 0.000318042293657, -0.00133253866807, 0.000739609473385, -0.00311048491858, 0.00282794935629, -0.00186294480227, 0.00202641682699], [-0.000327130255755, 0.00120142730884, -0.00159556383733, 0.0014494752977, -0.00235886569135, 0.00552021106705, -0.00218507531099, -7.18403225619e-06, -0.000946822168771, 0.00209894613363, -0.00197805743665, 0.00301120872609, -0.00165762309916], [0.000477945752209, -0.00190019619185, 0.0014355215244, -0.000996864982881, 0.000318042293657, -0.00218507531099, 0.00582259055227, -0.00353444600478, 0.00208716560155, -0.00226366822608, 0.00118205300532, -0.00308068003505, 0.00300914375111], [-0.000443769356934, 0.00197516172193, -0.00122510723304, 0.00100373267196, -0.00133253866807, -7.18403225619e-06, -0.00353444600478, 0.0108710881323, -0.00483950087801, 0.00264728371985, -0.00252604833804, 0.0013407120714, -0.000459314411273], [0.000396560673835, -0.00161831267178, 0.0016938514309, -0.002181683667, 0.000739609473385, -0.000946822168771, 0.00208716560155, -0.00483950087801, 0.0103943608701, -0.00528350798413, 0.00080967246322, -0.000175119101186, -0.000976543640718], [-0.000500522030052, 0.00237657572143, -0.00061990309041, 0.00190472614486, -0.00311048491858, 0.00209894613363, -0.00226366822608, 0.00264728371985, -0.00528350798413, 0.0111111309379, -0.00376138323918, 0.000263178837486, -0.0019616256468], [0.000401203666115, -0.00233473931439, 0.00108984485269, -0.00161459355149, 0.00282794935629, -0.00197805743665, 0.00118205300532, -0.00252604833804, 0.00080967246322, -0.00376138323918, 0.0109498305246, -0.00423469627276, 0.000494832289405], [-0.000125741382362, 0.00232582981698, -0.00164349481929, 0.00229225982912, -0.00186294480227, 0.00301120872609, -0.00308068003505, 0.0013407120714, -0.000175119101186, 0.000263178837486, -0.00423469627276, 0.0130281662568, -0.00473551405594], [0.000373546907213, -0.00190585048404, 0.000826077070087, -0.00144794431981, 0.00202641682699, -0.00165762309916, 0.00300914375111, -0.000459314411273, -0.000976543640718, -0.0019616256468, 0.000494832289405, -0.00473551405594, 0.0132956681773]]
    },
    "melbands": {
        "dmean": [0.00140468135942, 0.00190532300621, 0.000912294839509, 0.00051263201749, 0.000374960131012, 0.000294545985525, 0.000268237694399, 0.000327402813127, 0.000316137826303, 0.000169183593243, 7.96495805844e-05, 8.10476121842e-05, 7.84517760621e-05, 7.2680064477e-05, 6.20716891717e-05, 5.07284203195e-05, 2.97951664834e-05, 2.66739443759e-05, 2.24314917432e-05, 1.41190766954e-05, 1.32074383146e-05, 1.22181463666e-05, 9.80314507615e-06, 8.9353598014e-06, 8.35302489577e-06, 8.00550697022e-06, 6.89907255946e-06, 5.05999014422e-06, 3.89803744838e-06, 3.27537850353e-06, 3.64143238585e-06, 4.32852448284e-06, 3.25598944073e-06, 2.83965619019e-06, 2.61102832155e-06, 2.06836534744e-06, 1.78011316621e-06, 1.56346879976e-06, 1.41920372698e-06, 1.40248141633e-06],
        "dmean2": [0.00204055989161, 0.00301989680156, 0.00156472064555, 0.000916562916245, 0.000612652627751, 0.000434202112956, 0.000417723844294, 0.000526045914739, 0.000480308488477, 0.000256056780927, 0.000125479127746, 0.000123899168102, 0.000117745235912, 0.000108755251858, 9.24522173591e-05, 7.61532573961e-05, 4.67776662845e-05, 4.11885193898e-05, 3.52182469214e-05, 2.24866998906e-05, 2.03360941669e-05, 1.91958461073e-05, 1.51922449732e-05, 1.34627825901e-05, 1.2016904293e-05, 1.15714783533e-05, 1.04543169073e-05, 7.46171008359e-06, 5.87153954257e-06, 5.21044967172e-06, 5.64726633456e-06, 6.82283962306e-06, 5.29391581949e-06, 4.79665914099e-06, 4.37559492639e-06, 3.45672060575e-06, 2.88485694e-06, 2.61889363173e-06, 2.39995915763e-06, 2.44757620749e-06],
        "dvar": [8.4006551333e-06, 2.39974706346e-05, 6.1502423705e-06, 1.51717563313e-06, 4.24293432388e-07, 3.06958156671e-07, 2.57730846442e-07, 6.54779057641e-07, 2.90595693286e-07, 1.90978170167e-07, 4.8131958863e-08, 3.43832198269e-08, 2.82858376721e-08, 2.42799966799e-08, 2.20851372745e-08, 2.42090116842e-08, 5.48407763645e-09, 2.95025959218e-09, 1.98529881423e-09, 1.07206477029e-09, 9.33744526144e-10, 9.42894429201e-10, 1.32333066727e-09, 1.12690445864e-09, 4.4512832309e-10, 2.33881164435e-10, 1.80388648463e-10, 1.03853432798e-10, 5.21160441191e-11, 5.40448311104e-11, 5.07212466472e-11, 5.50940820743e-11, 3.48466117073e-11, 4.06734368408e-11, 3.44550048215e-11, 1.95879996251e-11, 1.16023076563e-11, 1.20165318668e-11, 1.06786732235e-11, 1.44711144109e-11],
        "dvar2": [1.84769342013e-05, 5.6641507399e-05, 1.62871529028e-05, 4.21352478952e-06, 1.06699462776e-06, 6.79642596424e-07, 6.07842366662e-07, 1.61882724115e-06, 6.37167261175e-07, 4.37398682607e-07, 1.37083119967e-07, 8.20178769345e-08, 5.82800261384e-08, 5.48008110002e-08, 4.77445958325e-08, 5.49005036987e-08, 1.32072646153e-08, 6.19361451015e-09, 4.66865568427e-09, 2.77597078657e-09, 2.07895989313e-09, 2.29654451012e-09, 2.66662314452e-09, 1.76691128395e-09, 7.83208276012e-10, 4.47875236897e-10, 3.97761795723e-10, 2.08299433258e-10, 1.18433207685e-10, 1.33513991529e-10, 1.18332982302e-10, 1.33948074854e-10, 8.8914570151e-11, 1.09278884552e-10, 9.04512784117e-11, 4.94165507126e-11, 2.94886060015e-11, 3.14345702246e-11, 2.8377848682e-11, 4.01116154181e-11],
        "max": [0.0298247244209, 0.0496198385954, 0.0177820399404, 0.00951654557139, 0.00657022418454, 0.00618353812024, 0.00563660496846, 0.010954127647, 0.00643467064947, 0.0086663113907, 0.00372617132962, 0.00233080168255, 0.00245181773789, 0.00251210015267, 0.00229767011479, 0.00265339342877, 0.00112570461351, 0.00106162088923, 0.000540995446499, 0.000431267224485, 0.000432214874309, 0.000460479379399, 0.000855879159644, 0.0010924130911, 0.000661429599859, 0.00023940904066, 0.000222467875574, 0.000169646824361, 9.29628440645e-05, 0.000168740662048, 0.000116436931421, 0.000113523383334, 0.000100190016383, 9.11781826289e-05, 9.49264649535e-05, 4.83261719637e-05, 2.74187823379e-05, 3.08021662931e-05, 3.2214433304e-05, 3.27784327965e-05],
        "mean": [0.00192619324662, 0.00187328853644, 0.000702260178514, 0.00049946771469, 0.000736067770049, 0.000622043502517, 0.000426117243478, 0.000493925996125, 0.000562748115044, 0.000273811834631, 0.000118196025142, 0.000126309590996, 0.000121844190289, 0.000126009428641, 0.000112134432129, 6.75868577673e-05, 3.97763142246e-05, 3.8485184632e-05, 3.00691754092e-05, 1.80834995263e-05, 1.82959993253e-05, 1.60841627803e-05, 1.3141625459e-05, 1.21038083307e-05, 1.18964890135e-05, 1.23924364743e-05, 1.00252837001e-05, 7.7365357356e-06, 5.82137136007e-06, 4.85414238938e-06, 5.19776403962e-06, 6.3444058469e-06, 4.4071443881e-06, 3.17370609082e-06, 2.75605952993e-06, 2.14234137275e-06, 1.96908376893e-06, 1.54186091095e-06, 1.34275762775e-06, 1.25858696265e-06],
        "median": [0.000280655367533, 0.000178989925189, 0.000109425425762, 0.000170238083228, 0.000412602094002, 0.000288914015982, 0.000195798129425, 0.000166528450791, 0.000178685339051, 4.64812801511e-05, 2.04900825338e-05, 3.74748633476e-05, 2.48538453889e-05, 3.61371239705e-05, 3.88321277569e-05, 8.16979263618e-06, 9.432641491e-06, 7.33685328669e-06, 6.34087518847e-06, 5.62643663216e-06, 5.64526953895e-06, 4.81248207507e-06, 3.0791586596e-06, 2.47823118116e-06, 3.32731656272e-06, 3.50104892277e-06, 3.34331366503e-06, 2.0548975499e-06, 1.64531172686e-06, 1.64607604347e-06, 1.97327767637e-06, 2.69916381512e-06, 2.21556388169e-06, 1.43677470987e-06, 9.59523617894e-07, 5.68149687297e-07, 4.92212620884e-07, 3.91650360143e-07, 3.3850261616e-07, 3.07482565631e-07],
        "min": [8.7848023722e-24, 3.34222773944e-24, 3.36317554635e-24, 4.37881542359e-24, 1.22905806988e-23, 7.62946745598e-24, 1.26892071026e-23, 1.15843379851e-23, 7.50918588946e-24, 1.16449658899e-23, 6.66607738637e-24, 5.68822946852e-24, 8.47533066136e-24, 4.63163587738e-24, 6.93402740346e-24, 8.81425212751e-24, 1.1844320507e-23, 1.99452656714e-23, 1.19125459313e-23, 1.16599716021e-23, 7.3154968714e-24, 4.41550534429e-24, 5.82424999339e-24, 1.98192908957e-23, 1.23016507839e-23, 1.27277043036e-23, 1.63432415811e-23, 9.10080742905e-24, 7.55735294747e-24, 1.17590462209e-23, 5.42049520488e-24, 8.64044634857e-24, 1.66843418811e-23, 1.29595402685e-23, 9.97711435448e-24, 1.66060521694e-23, 1.06946914217e-23, 9.78567990089e-24, 9.15389303481e-24, 9.43394496705e-24],
        "stdev": [0.00351719814353, 0.00487697962672, 0.00210517412052, 0.0010375904385, 0.00088014442008, 0.000863186665811, 0.000618654827122, 0.00095124199288, 0.000867292634211, 0.000641450460535, 0.000292199954856, 0.00025700830156, 0.000246745039476, 0.000226613643463, 0.000209026111406, 0.000190424005268, 9.39205492614e-05, 8.40962457005e-05, 5.90994859522e-05, 3.48959547409e-05, 4.09759450122e-05, 3.65568375855e-05, 4.48701866844e-05, 4.89929734613e-05, 3.05526300508e-05, 2.39830042119e-05, 1.83499232662e-05, 1.5904659449e-05, 1.08190761239e-05, 9.59509179665e-06, 9.17650868359e-06, 9.1485271696e-06, 6.53119377603e-06, 5.76832735533e-06, 5.47238323634e-06, 4.32323940913e-06, 3.47850482285e-06, 3.27774046127e-06, 2.98732447845e-06, 3.16634441333e-06],
        "var": [1.23706831801e-05, 2.37849289988e-05, 4.43175804321e-06, 1.07659400328e-06, 7.74654211e-07, 7.45091256249e-07, 3.82733787774e-07, 9.04861281015e-07, 7.52196513076e-07, 4.114587e-07, 8.5380811754e-08, 6.60532677443e-08, 6.08831172144e-08, 5.1353744368e-08, 4.36919158631e-08, 3.6261301517e-08, 8.82106920841e-09, 7.07217884255e-09, 3.49274920097e-09, 1.21772769646e-09, 1.67902802772e-09, 1.33640232214e-09, 2.01333372196e-09, 2.40031128307e-09, 9.33463195629e-10, 5.75184511131e-10, 3.36719652161e-10, 2.52958209934e-10, 1.17052409432e-10, 9.20657786119e-11, 8.42083069941e-11, 8.3695557429e-11, 4.26564929212e-11, 3.32735991537e-11, 2.99469789244e-11, 1.86903981875e-11, 1.20999963521e-11, 1.07435831065e-11, 8.92410711301e-12, 1.00257363175e-11]
    },
    "melbands128": {
