{
"lowlevel": {
    "average_loudness": 0.936436593533,
    "barkbands_crest": {
        "dmean": 2.70982313156,
        "dmean2": 4.24690103531,
        "dvar": 6.42902469635,
        "dvar2": 16.3660240173,
        "max": 25.813955307,
        "mean": 11.8185501099,
        "median": 11.281879425,
        "min": 2.68840646744,
        "stdev": 4.48701095581,
        "var": 20.1332683563
    },
    "barkbands_flatness_db": {
        "dmean": 0.022415028885,
        "dmean2": 0.0326357185841,
        "dvar": 0.000468729878776,
        "dvar2": 0.000901057850569,
        "max": 0.424273341894,
        "mean": 0.137409195304,
        "median": 0.13363288343,
        "min": 0.0266493130475,
        "stdev": 0.050300437957,
        "var": 0.00253013405018
    },
    "barkbands_kurtosis": {
        "dmean": 4.13423871994,
        "dmean2": 6.2583398819,
        "dvar": 420.52041626,
        "dvar2": 612.25958252,
        "max": 671.78717041,
        "mean": 6.10831546783,
        "median": 1.65412378311,
        "min": -1.91422092915,
        "stdev": 35.1110076904,
        "var": 1232.78283691
    },
    "barkbands_skewness": {
        "dmean": 0.589657783508,
        "dmean2": 0.895941257477,
        "dvar": 0.928398668766,
        "dvar2": 1.75071883202,
        "max": 21.9906845093,
        "mean": 1.67882823944,
        "median": 1.42868971825,
        "min": -2.97059845924,
        "stdev": 1.65890002251,
        "var": 2.7519493103
    },
    "barkbands_spread": {
        "dmean": 6.99862289429,
        "dmean2": 10.4877414703,
        "dvar": 83.647895813,
        "dvar2": 180.764663696,
        "max": 113.423362732,
        "mean": 25.2109050751,
        "median": 21.7226390839,
        "min": 0.264307498932,
        "stdev": 15.9867420197,
        "var": 255.575912476
    },
    "dissonance": {
        "dmean": 0.0210696998984,
        "dmean2": 0.0345435068011,
        "dvar": 0.000410764070693,
        "dvar2": 0.00105832528789,
        "max": 0.499516636133,
        "mean": 0.458240091801,
        "median": 0.463400781155,
        "min": 0.268293946981,
        "stdev": 0.0279027149081,
        "var": 0.000778561516199
    },
    "dynamic_complexity": 2.37880539894,
    "erbbands_crest": {
        "dmean": 3.13446044922,
        "dmean2": 4.90252828598,
        "dvar": 7.34042787552,
        "dvar2": 17.3816452026,
        "max": 27.7263336182,
        "mean": 10.3441085815,
        "median": 9.70341491699,
        "min": 2.56837368011,
        "stdev": 4.54893302917,
        "var": 20.6927928925
    },
    "erbbands_flatness_db": {
        "dmean": 0.0181902665645,
        "dmean2": 0.0268143322319,
        "dvar": 0.000248458469287,
        "dvar2": 0.000512923172209,
        "max": 0.315698087215,
        "mean": 0.154983192682,
        "median": 0.14599968493,
        "min": 0.0545917600393,
        "stdev": 0.052125852555,
        "var": 0.00271710450761
    },
    "erbbands_kurtosis": {
        "dmean": 0.978191912174,
        "dmean2": 1.54916524887,
        "dvar": 2.11301589012,
        "dvar2": 4.40992355347,
        "max": 19.0975437164,
        "mean": 0.410756498575,
        "median": -0.118634223938,
        "min": -1.75338065624,
        "stdev": 1.99603128433,
        "var": 3.98414087296
    },
    "erbbands_skewness": {
        "dmean": 0.419001728296,
        "dmean2": 0.639313817024,
        "dvar": 0.185347154737,
        "dvar2": 0.394945651293,
        "max": 4.24541187286,
        "mean": 0.549217939377,
        "median": 0.56048309803,
        "min": -3.30528759956,
        "stdev": 0.739325642586,
        "var": 0.546602368355
    },
    "erbbands_spread": {
        "dmean": 9.5676240921,
        "dmean2": 14.5245542526,
        "dvar": 125.141723633,
        "dvar2": 288.958587646,
        "max": 163.458068848,
        "mean": 40.7739753723,
        "median": 37.4099769592,
        "min": 8.50399208069,
        "stdev": 18.4936618805,
        "var": 342.015533447
    },
    "hfc": {
        "dmean": 11.6502761841,
        "dmean2": 17.674036026,
        "dvar": 373.279907227,
        "dvar2": 850.497680664,
        "max": 240.221466064,
        "mean": 31.1508331299,
        "median": 24.7379570007,
        "min": 1.21897318768e-16,
        "stdev": 27.6434059143,
        "var": 764.157897949
    },
    "loudness_ebu128": {
        "integrated": -6.04214382172,
        "loudness_range": 4.51090240479,
        "momentary": {
            "dmean": 0.465932369232,
            "dmean2": 0.46013045311,
            "dvar": 0.21134096384,
            "dvar2": 0.208453312516,
            "max": -3.60182356834,
            "mean": -6.58571529388,
            "median": -5.87371826172,
            "min": -14.3781013489,
            "stdev": 2.44027614594,
            "var": 5.95494794846
        },
        "short_term": {
            "dmean": 0.0656827315688,
            "dmean2": 0.0688096657395,
            "dvar": 0.00340338610113,
            "dvar2": 0.00373763171956,
            "max": -4.21512699127,
            "mean": -6.31235122681,
            "median": -6.07855319977,
            "min": -9.81361198425,
            "stdev": 1.64172446728,
            "var": 2.69525909424
        }
    },
    "melbands_crest": {
        "dmean": 3.46049571037,
        "dmean2": 5.45760154724,
        "dvar": 11.6446695328,
        "dvar2": 28.5925979614,
        "max": 33.3550262451,
        "mean": 17.4000587463,
        "median": 16.576002121,
        "min": 2.01990938187,
        "stdev": 6.41513395309,
        "var": 41.1539459229
    },
    "melbands_flatness_db": {
        "dmean": 0.0269031263888,
        "dmean2": 0.0383054763079,
        "dvar": 0.000704367354047,
        "dvar2": 0.00130841438659,
        "max": 0.535721182823,
        "mean": 0.188641369343,
        "median": 0.176902547479,
        "min": 0.00266637909226,
        "stdev": 0.0629770308733,
        "var": 0.00396610656753
    },
    "melbands_kurtosis": {
        "dmean": 10.6908750534,
        "dmean2": 17.1351337433,
        "dvar": 2389.82983398,
        "dvar2": 5875.20947266,
        "max": 1198.97912598,
        "mean": 16.9665260315,
        "median": 7.3312330246,
        "min": -1.68680739403,
        "stdev": 57.4938774109,
        "var": 3305.54589844
    },
    "melbands_skewness": {
        "dmean": 0.831111371517,
        "dmean2": 1.26693785191,
        "dvar": 1.55341255665,
        "dvar2": 3.32648348808,
        "max": 24.2705554962,
        "mean": 2.74444150925,
        "median": 2.30204987526,
        "min": -0.176136240363,
        "stdev": 2.04118466377,
        "var": 4.1664352417
    },
    "melbands_spread": {
        "dmean": 8.27322483063,
        "dmean2": 12.6365194321,
        "dvar": 180.298751831,
        "dvar2": 336.982086182,
        "max": 215.11126709,
        "mean": 25.0069885254,
        "median": 21.3487987518,
        "min": 0.281709551811,
        "stdev": 19.1105651855,
        "var": 365.213684082
    },
    "pitch_salience": {
        "dmean": 0.076789110899,
        "dmean2": 0.122641637921,
        "dvar": 0.00660314504057,
        "dvar2": 0.0175423622131,
        "max": 0.884865164757,
        "mean": 0.505751550198,
        "median": 0.505288362503,
        "min": 0.0761772468686,
        "stdev": 0.125762477517,
        "var": 0.0158162023872
    },
    "silence_rate_20dB": {
        "dmean": 0,
        "dmean2": 0,
        "dvar": 0,
        "dvar2": 0,
        "max": 1,
        "mean": 1,
        "median": 1,
        "min": 1,
        "stdev": 0,
        "var": 0
    },
    "silence_rate_30dB": {
        "dmean": 0,
        "dmean2": 0,
        "dvar": 0,
        "dvar2": 0,
        "max": 1,
        "mean": 1,
        "median": 1,
        "min": 1,
        "stdev": 0,
        "var": 0
    },
    "silence_rate_60dB": {
        "dmean": 0.022445820272,
        "dmean2": 0.0449264124036,
        "dvar": 0.0219417717308,
        "dvar2": 0.0491044297814,
        "max": 1,
        "mean": 0.0549110583961,
        "median": 0,
        "min": 0,
        "stdev": 0.227803766727,
        "var": 0.051894556731
    },
    "spectral_centroid": {
        "dmean": 333.528869629,
        "dmean2": 509.937164307,
        "dvar": 194578.90625,
        "dvar2": 368158.875,
        "max": 11178.3330078,
        "mean": 1548.98754883,
        "median": 1477.33117676,
        "min": 245.563476562,
        "stdev": 694.97833252,
        "var": 482994.84375
    },
    "spectral_complexity": {
        "dmean": 4.50696611404,
        "dmean2": 6.53137111664,
        "dvar": 26.7808456421,
        "dvar2": 52.5276908875,
        "max": 59,
        "mean": 18.5599384308,
        "median": 17,
        "min": 0,
        "stdev": 9.67094421387,
        "var": 93.5271682739
    },
    "spectral_decrease": {
        "dmean": 2.2819837131e-09,
        "dmean2": 3.55047080625e-09,
        "dvar": 1.20103250046e-17,
        "dvar2": 3.0108050808e-17,
        "max": 2.93968891145e-29,
        "mean": -8.57219184525e-09,
        "median": -8.60521343071e-09,
        "min": -3.47379653931e-08,
        "stdev": 5.73517944247e-09,
        "var": 3.28922811928e-17
    },
    "spectral_energy": {
        "dmean": 0.00933818146586,
        "dmean2": 0.0145256221294,
        "dvar": 0.000184395670658,
        "dvar2": 0.000460222334368,
        "max": 0.134282976389,
        "mean": 0.0351788960397,
        "median": 0.036331243813,
        "min": 1.094549378e-20,
        "stdev": 0.0227185059339,
        "var": 0.000516130530741
    },
    "spectral_energyband_high": {
        "dmean": 0.000987402629107,
        "dmean2": 0.00149616517592,
        "dvar": 4.26728229286e-06,
        "dvar2": 9.40320660447e-06,
        "max": 0.0260910335928,
        "mean": 0.00175266969018,
        "median": 0.00090999645181,
        "min": 7.81546334472e-21,
        "stdev": 0.00270661502145,
        "var": 7.32576472728e-06
    },
    "spectral_energyband_low": {
        "dmean": 0.00447656586766,
        "dmean2": 0.00734574021772,
        "dvar": 0.00011717974121,
        "dvar2": 0.000320053339237,
        "max": 0.105822809041,
        "mean": 0.0152489691973,
        "median": 0.0151809295639,
        "min": 1.28588189814e-22,
        "stdev": 0.0162877868861,
        "var": 0.000265292008407
    },
    "spectral_energyband_middle_high": {
        "dmean": 0.00269852345809,
        "dmean2": 0.00404875306413,
        "dvar": 9.9642393252e-06,
        "dvar2": 2.24863997573e-05,
        "max": 0.03214738518,
        "mean": 0.00667541846633,
        "median": 0.00500540575013,
        "min": 1.57700317709e-21,
        "stdev": 0.00590338045731,
        "var": 3.48499015672e-05
    },
    "spectral_energyband_middle_low": {
        "dmean": 0.00574512034655,
        "dmean2": 0.00948611274362,
        "dvar": 9.56271105679e-05,
        "dvar2": 0.000269199954346,
        "max": 0.0843375921249,
        "mean": 0.0120525360107,
        "median": 0.00953790266067,
        "min": 3.44576690076e-22,
        "stdev": 0.0106495227665,
        "var": 0.000113412337669
    },
    "spectral_entropy": {
        "dmean": 0.197211310267,
        "dmean2": 0.272002875805,
        "dvar": 0.0389100201428,
        "dvar2": 0.0725250542164,
        "max": 9.80902576447,
        "mean": 7.71739721298,
        "median": 7.74139261246,
        "min": 6.41551733017,
        "stdev": 0.430414646864,
        "var": 0.185256779194
    },
    "spectral_flux": {
        "dmean": 0.0295643210411,
        "dmean2": 0.0448644533753,
        "dvar": 0.0012185620144,
        "dvar2": 0.00220123189501,
        "max": 0.29441305995,
        "mean": 0.0906768143177,
        "median": 0.0806091949344,
        "min": 1.04620714869e-10,
        "stdev": 0.0547784902155,
        "var": 0.00300068291835
    },
    "spectral_kurtosis": {
        "dmean": 1.018009305,
        "dmean2": 1.58994078636,
        "dvar": 1.2042298317,
        "dvar2": 3.20945262909,
        "max": 15.2178192139,
        "mean": 3.24002170563,
        "median": 3.06594514847,
        "min": -1.25713288784,
        "stdev": 1.83799123764,
        "var": 3.37821173668
    },
    "spectral_rms": {
        "dmean": 0.000742770091165,
        "dmean2": 0.00111698685214,
        "dvar": 7.78715445904e-07,
        "dvar2": 1.78954223884e-06,
        "max": 0.0114458631724,
        "mean": 0.00547846080735,
        "median": 0.00595358014107,
        "min": 3.26780204458e-12,
        "stdev": 0.00207542232238,
        "var": 4.30737782153e-06
    },
    "spectral_rolloff": {
        "dmean": 705.047973633,
        "dmean2": 1163.65991211,
        "dvar": 2000064.625,
        "dvar2": 4151513.75,
        "max": 18949.21875,
        "mean": 1779.51135254,
        "median": 1335.05859375,
        "min": 64.599609375,
        "stdev": 1926.90393066,
        "var": 3712958.75
    },
    "spectral_skewness": {
        "dmean": 0.191548377275,
        "dmean2": 0.290357291698,
        "dvar": 0.0406841598451,
        "dvar2": 0.088349416852,
        "max": 3.16998004913,
        "mean": 1.47355210781,
        "median": 1.48700118065,
        "min": -0.0431343279779,
        "stdev": 0.361316740513,
        "var": 0.130549788475
    },
    "spectral_spread": {
        "dmean": 722910.75,
        "dmean2": 1035792.75,
        "dvar": 1.26389701837e+12,
        "dvar2": 1.74611064422e+12,
        "max": 39584580,
        "mean": 5827018,
        "median": 5629340,
        "min": 2209550,
        "stdev": 1916475.125,
        "var": 3.67287703962e+12
    },
    "spectral_strongpeak": {
        "dmean": 0.529404044151,
        "dmean2": 0.902426302433,
        "dvar": 1.02259063721,
        "dvar2": 2.54180169106,
        "max": 11.8497085571,
        "mean": 1.06510221958,
        "median": 0.472054332495,
        "min": 0,
        "stdev": 1.36521267891,
        "var": 1.86380577087
    },
    "zerocrossingrate": {
        "dmean": 0.0141287883744,
        "dmean2": 0.0161015558988,
        "dvar": 0.000509039731696,
        "dvar2": 0.00059449125547,
        "max": 0.4990234375,
        "mean": 0.0724200755358,
        "median": 0.0673828125,
        "min": 0.00244140625,
        "stdev": 0.0436600968242,
        "var": 0.00190620415378
    },
    "barkbands": {
        "dmean": [0.000242465612246, 0.00325474771671, 0.00184843805619, 0.000854204234201, 0.00142142979894, 0.00109338120092, 0.00206120917574, 0.00147002364974, 0.000776415108703, 0.00115704315249, 0.000422254845034, 0.00031397852581, 0.000563506095205, 0.00041841698112, 0.000492271152325, 0.000250735814916, 0.000321670115227, 0.000273033918347, 0.00022673192143, 0.000205960983294, 0.000147652390297, 0.000175748456968, 0.000190699473023, 0.000214929095819, 0.000225624389714, 8.60182772158e-05, 1.12996522148e-05],
        "dmean2": [0.000370363995899, 0.00543198268861, 0.00346511509269, 0.00157595635392, 0.00247133942321, 0.00179406430107, 0.00323583139107, 0.00232724449597, 0.00115892954636, 0.00182070792653, 0.000703867117409, 0.00049941893667, 0.000893066229764, 0.000636747165117, 0.000802889873739, 0.000398843869334, 0.000512224563863, 0.000434387940913, 0.000359108991688, 0.000327113462845, 0.000237074127654, 0.000279714498902, 0.000294273602776, 0.000331304210704, 0.000347238121321, 0.000137111972435, 1.86072356883e-05],
        "dvar": [2.28551613191e-07, 4.68862745038e-05, 5.05414100189e-05, 9.03048658074e-06, 1.57886515808e-05, 4.77638786833e-06, 1.46604234033e-05, 8.58427392814e-06, 3.73978491552e-06, 4.33900822827e-06, 1.1214344795e-06, 6.45216516659e-07, 1.08295716927e-06, 8.03476552846e-07, 1.06059246718e-06, 2.41656010758e-07, 4.15001153442e-07, 2.66737316679e-07, 1.36322583444e-07, 1.4713518226e-07, 8.57120667774e-08, 1.70908009522e-07, 2.28404118729e-07, 2.72240328059e-07, 3.50950358552e-07, 1.04983662652e-07, 2.11181072629e-09],
        "dvar2": [4.7785863444e-07, 0.000135017602588, 0.000145421698107, 2.62443809333e-05, 4.50096995337e-05, 1.1760351299e-05, 3.42859057127e-05, 2.13760395127e-05, 8.70672192832e-06, 1.10287965072e-05, 2.62919252236e-06, 1.44294256188e-06, 2.53097505265e-06, 1.72053421466e-06, 2.48721948992e-06, 5.60118621706e-07, 8.92175819445e-07, 5.89826015585e-07, 3.48985821574e-07, 3.73257080355e-07, 2.12012992051e-07, 4.19111927386e-07, 5.28858151938e-07, 5.97248572376e-07, 8.40034488192e-07, 2.74636079212e-07, 5.43067102399e-09],
        "max": [0.00564198661596, 0.0730138421059, 0.0532175898552, 0.0261448919773, 0.0375930704176, 0.0370096899569, 0.0608973242342, 0.0329845957458, 0.0326100327075, 0.0272326823324, 0.0173860862851, 0.0195459201932, 0.0154923181981, 0.0163836367428, 0.0151001838967, 0.00668109674007, 0.0148447575048, 0.0112652089447, 0.00543682510033, 0.00479357503355, 0.00289639271796, 0.00992611423135, 0.00789806246758, 0.00741751259193, 0.00781963206828, 0.00682406453416, 0.00109829870053],
        "mean": [0.000790584192146, 0.0122311068699, 0.00185383739881, 0.000741532130633, 0.00161967205349, 0.00180388754234, 0.00350887724198, 0.0025278320536, 0.00155000190716, 0.00176012632437, 0.000530145538505, 0.000457057816675, 0.000750374922063, 0.000582818756811, 0.000691560329869, 0.000354410469299, 0.000649879744742, 0.000475822074804, 0.000390375615098, 0.000332935975166, 0.000216962493141, 0.000291089323582, 0.000279862928437, 0.000320845196256, 0.000333890988259, 0.000121425313409, 1.19816468214e-05],
        "median": [0.00012647267431, 0.0105729456991, 0.000267343246378, 0.000184355521924, 0.000537893502042, 0.000680470722727, 0.00134585751221, 0.000626088061836, 0.000402052799473, 0.000479531736346, 0.00012098330626, 0.000128820698592, 0.000279575586319, 0.000174018117832, 0.000276156351902, 0.00016497579054, 0.000206909026019, 0.000183727403055, 0.000200006878003, 0.000164964876603, 9.98177929432e-05, 0.000162816606462, 0.0001212457355, 0.000135226058774, 0.000125982216559, 3.61273851013e-05, 2.06912818612e-06],
        "min": [7.1970704099e-25, 9.27223321464e-23, 1.97328270073e-23, 1.62030957082e-23, 5.34500405615e-23, 6.57741431156e-23, 6.55320953463e-23, 2.92852651932e-23, 9.69807989503e-23, 5.62260736414e-23, 7.07021445688e-23, 1.48559623579e-22, 6.81832990766e-23, 9.72609329241e-23, 8.71338710999e-23, 1.44764483184e-22, 2.55625037326e-22, 2.7350007008e-22, 2.07832612514e-22, 3.6924698329e-22, 4.87133498686e-22, 4.82749199101e-22, 5.77950851653e-22, 8.10864343704e-22, 1.37747978164e-21, 1.56640250211e-21, 2.6234174491e-21],
        "stdev": [0.00112405221444, 0.0129503812641, 0.00655600428581, 0.00235388171859, 0.00340136350133, 0.00290466845036, 0.00521622225642, 0.0043159276247, 0.00382556719705, 0.00297092273831, 0.00146629137453, 0.0013683430152, 0.00128739187494, 0.00127723172773, 0.00127486011479, 0.000583764340263, 0.00148575392086, 0.000928193156142, 0.000528100936208, 0.000496214663144, 0.000335175398504, 0.000453697954072, 0.000585823028814, 0.000649163324852, 0.00074525270611, 0.00032230411307, 4.28507628385e-05],
        "var": [1.26349345919e-06, 0.000167712380062, 4.29811916547e-05, 5.54075950276e-06, 1.15692737381e-05, 8.437098586e-06, 2.72089728242e-05, 1.86272318388e-05, 1.46349639181e-05, 8.82638232724e-06, 2.15001045945e-06, 1.87236264537e-06, 1.65737787938e-06, 1.63132096986e-06, 1.62526828262e-06, 3.40780786701e-07, 2.207464604e-06, 8.61542503117e-07, 2.7889058174e-07, 2.4622897854e-07, 1.12342540604e-07, 2.05841843126e-07, 3.43188588658e-07, 4.21413034246e-07, 5.55401584279e-07, 1.03879933988e-07, 1.83618786842e-09]
    },
    "erbbands": {
        "dmean": [0.109408833086, 0.748128890991, 2.03560113907, 2.58983969688, 3.72690820694, 4.7733631134, 7.75430965424, 8.83532714844, 26.432477951, 27.2564334869, 32.3281364441, 18.9893188477, 20.2667007446, 36.3106040955, 14.7592973709, 15.3538570404, 25.8275089264, 20.977897644, 25.5000114441, 18.009973526, 13.6617012024, 14.8775062561, 12.7301464081, 13.4804582596, 10.4561157227, 9.82561683655, 7.19794130325, 5.91272449493, 5.88564348221, 6.3714799881, 5.45951747894, 3.99086427689, 4.04496049881, 3.00199317932, 1.34861242771, 0.466907501221, 0.154330775142, 0.0320440344512, 0.00118247990031, 3.46751039615e-05],
        "dmean2": [0.16097214818, 1.27812743187, 3.70938253403, 4.85000085831, 6.56803321838, 8.45383834839, 12.6806697845, 14.6273994446, 41.5242271423, 42.8969535828, 52.2016105652, 28.4523620605, 32.0042419434, 56.0825843811, 23.9179267883, 24.4138679504, 41.1694869995, 31.7026157379, 41.0749015808, 27.7029590607, 21.2723140717, 23.4245796204, 20.4660625458, 21.0058555603, 16.8116416931, 15.51953125, 11.8728017807, 9.36896705627, 9.27074813843, 9.84135437012, 8.45088100433, 5.94750642776, 6.23906469345, 4.66149806976, 2.10152864456, 0.73676019907, 0.244399160147, 0.0507310889661, 0.00197097030468, 5.44091126358e-05],
        "dvar": [0.0421168133616, 3.50093126297, 54.5180549622, 84.5891113281, 136.316253662, 199.236053467, 281.772949219, 409.684020996, 2103.48168945, 3015.4777832, 6001.33496094, 1910.52111816, 1942.94641113, 5192.02050781, 1098.22265625, 1698.5793457, 2453.51196289, 1963.96228027, 2714.1237793, 1473.8918457, 626.469665527, 944.916687012, 574.247009277, 544.218994141, 309.368438721, 296.666900635, 341.975463867, 117.53125, 124.229888916, 392.793212891, 173.440933228, 77.041557312, 118.855865479, 61.3264312744, 14.8660898209, 3.01648759842, 0.277598768473, 0.0137377418578, 3.07388290821e-05, 1.04650608179e-08],
        "dvar2": [0.0916516631842, 10.0587415695, 153.179031372, 245.409805298, 385.73538208, 572.029907227, 683.429016113, 1027.3260498, 4837.23632812, 7756.58251953, 15753.2314453, 4369.03857422, 5235.03857422, 11196.9599609, 2863.6550293, 3843.81982422, 5648.22265625, 4135.0859375, 6593.00927734, 3216.97924805, 1369.86132812, 1987.87023926, 1335.98901367, 1224.33544922, 799.88885498, 714.956970215, 930.388000488, 290.54208374, 300.401184082, 984.689086914, 405.487731934, 139.849151611, 282.487762451, 148.235748291, 35.485118866, 7.84060716629, 0.713830709457, 0.0345287509263, 8.00381967565e-05, 2.63218975505e-08],
        "max": [2.18522238731, 18.6306343079, 58.9902534485, 77.8611373901, 104.639984131, 126.977516174, 187.036651611, 412.471374512, 562.936401367, 712.210327148, 861.08001709, 872.948913574, 559.143066406, 1102.40161133, 591.70715332, 1006.5289917, 819.496643066, 902.298583984, 962.789306641, 695.535766602, 547.00994873, 712.359863281, 559.229492188, 285.190032959, 334.645874023, 273.55267334, 219.043991089, 107.910606384, 205.357818604, 514.938537598, 227.734420776, 201.836334229, 155.693084717, 98.5975494385, 58.686630249, 40.0216636658, 9.48689079285, 2.53322386742, 0.120185539126, 0.00213156198151],
        "mean": [0.503895819187, 2.11715936661, 2.45555496216, 2.37679648399, 3.51738619804, 5.04746246338, 12.5084896088, 14.5616254807, 47.0172233582, 46.4609298706, 59.2193527222, 41.4964027405, 30.3770866394, 56.2404708862, 20.2407093048, 23.8406028748, 35.7998695374, 30.4680042267, 37.059135437, 27.6952857971, 23.3146915436, 30.87541008, 24.7165679932, 25.7548389435, 18.5579109192, 16.6623287201, 10.3110160828, 9.04062366486, 9.97134208679, 9.40641498566, 8.02604198456, 6.27925539017, 5.73227787018, 4.27882766724, 1.94627737999, 0.657977104187, 0.211451932788, 0.0409616827965, 0.00134992564563, 7.75999651523e-05],
        "median": [0.277298748493, 1.29562461376, 0.673552811146, 0.585036098957, 1.03914356232, 1.66656255722, 2.81817817688, 7.01931810379, 17.4008197784, 21.3505725861, 15.705783844, 13.7288351059, 11.4391107559, 14.7562541962, 7.80187273026, 8.78007030487, 14.3850765228, 11.470076561, 15.9744281769, 10.95997715, 11.4388856888, 10.7047309875, 10.9231996536, 11.5511541367, 10.1509742737, 9.08721446991, 4.46250200272, 4.21303892136, 5.6494474411, 4.7894616127, 3.36946582794, 2.65229129791, 2.19368696213, 1.51552438736, 0.738147318363, 0.212437018752, 0.0595503114164, 0.0109951561317, 0.000306699279463, 6.00011371716e-05],
        "min": [1.45070818699e-21, 2.39053597597e-20, 2.61060592391e-20, 6.52415185203e-20, 1.2866634162e-19, 1.77860271914e-19, 4.47245390269e-19, 3.96064908187e-19, 6.08361562031e-19, 1.04808901791e-18, 8.5626045718e-19, 2.56014922486e-18, 1.65024558797e-18, 2.25301313431e-18, 4.18280378991e-18, 5.49901813009e-18, 3.80298644086e-18, 4.71073403149e-18, 5.21580472325e-18, 5.58823121352e-18, 9.34254427919e-18, 1.40148797595e-17, 1.11214160388e-17, 1.48576345286e-17, 1.26088199563e-17, 1.67616984196e-17, 2.05385902072e-17, 1.81983407444e-17, 1.85042139369e-17, 1.57186170497e-17, 1.5964570933e-17, 1.78172569818e-17, 1.27079418362e-17, 1.23486236771e-17, 1.12527623939e-17, 4.54500591422e-18, 3.28875782574e-18, 1.67002275263e-18, 3.15259702098e-19, 3.6511768394e-20],
        "stdev": [0.564201891422, 2.57678604126, 7.11180400848, 7.36874723434, 9.51669883728, 11.8024482727, 25.3336181641, 24.809720993, 68.6823043823, 69.8361434937, 109.693099976, 99.074798584, 57.0076980591, 103.131729126, 41.7610282898, 67.3588104248, 61.5972442627, 60.5918922424, 63.9087638855, 56.4316673279, 37.4074897766, 70.4661254883, 44.309009552, 36.4840316772, 25.7120742798, 23.4417591095, 18.3163509369, 13.3826036453, 13.6263952255, 19.7574634552, 16.4072875977, 12.9900751114, 12.4846477509, 9.92651462555, 4.56741905212, 1.7203681469, 0.551713585854, 0.118751421571, 0.00504892924801, 0.000108768799691],
        "var": [0.318323791027, 6.63982582092, 50.5777549744, 54.2984352112, 90.5675582886, 139.297775269, 641.792175293, 615.522277832, 4717.25927734, 4877.08642578, 12032.5761719, 9815.81640625, 3249.87744141, 10636.1542969, 1743.98352051, 4537.20898438, 3794.22045898, 3671.37744141, 4084.33032227, 3184.53295898, 1399.32019043, 4965.47509766, 1963.28833008, 1331.08447266, 661.110778809, 549.516052246, 335.488677979, 179.094070435, 185.678649902, 390.357391357, 269.19909668, 168.742050171, 155.866439819, 98.5356903076, 20.8613166809, 2.95966672897, 0.304387897253, 0.0141019001603, 2.54916885751e-05, 1.18306520136e-08]
    },
    "gfcc": {
        "mean": [20.1291923523, 48.6274604797, -123.458503723, 12.9915847778, -75.2760238647, 9.1291475296, -46.9335708618, 16.5126247406, -20.5857181549, 11.13621521, -13.5251235962, 4.09626150131, -13.5254793167],
        "cov": [[6146.23925781, -2.41441082954, 1310.62158203, 1039.1685791, 793.301757812, 965.068237305, 570.380065918, 550.200256348, 199.289733887, 474.574401855, 120.903190613, 299.160766602, 48.7619476318], [-2.41441082954, 1276.57775879, 669.895874023, 469.335968018, 557.536010742, 295.809326172, 352.974029541, 101.731910706, 184.878921509, 145.932891846, 140.212188721, 51.8043899536, 121.982635498], [1310.62158203, 669.895874023, 1873.11450195, 1058.73999023, 906.456359863, 854.098022461, 624.864013672, 334.631561279, 277.202026367, 372.408599854, 172.15296936, 193.101852417, 167.383178711], [1039.1685791, 469.335968018, 1058.73999023, 939.895324707, 668.480163574, 526.493774414, 441.531738281, 285.371917725, 233.168167114, 252.149978638, 117.534866333, 92.3805007935, 117.882850647], [793.301757812, 557.536010742, 906.456359863, 668.480163574, 742.872375488, 526.109863281, 431.157226562, 254.793945312, 216.189147949, 248.668365479, 126.84614563, 109.254821777, 113.988006592], [965.068237305, 295.809326172, 854.098022461, 526.493774414, 526.109863281, 608.631469727, 400.517242432, 202.057342529, 146.009613037, 226.091812134, 114.084617615, 107.472595215, 79.4823150635], [570.380065918, 352.974029541, 624.864013672, 441.531738281, 431.157226562, 400.517242432, 425.657073975, 199.039260864, 141.012756348, 187.087158203, 102.87297821, 81.7331008911, 63.9522857666], [550.200256348, 101.731910706, 334.631561279, 285.371917725, 254.793945312, 202.057342529, 199.039260864, 262.638824463, 148.474319458, 115.171852112, 50.5867767334, 37.5872383118, 56.1283569336], [199.289733887, 184.878921509, 277.202026367, 233.168167114, 216.189147949, 146.009613037, 141.012756348, 148.474319458, 203.512039185, 117.434104919, 57.6415634155, 40.1784286499, 64.9472579956], [474.574401855, 145.932891846, 372.408599854, 252.149978638, 248.668365479, 226.091812134, 187.087158203, 115.171852112, 117.434104919, 201.661315918, 97.4484176636, 68.1669845581, 56.2133255005], [120.903190613, 140.212188721, 172.15296936, 117.534866333, 126.84614563, 114.084617615, 102.87297821, 50.5867767334, 57.6415634155, 97.4484176636, 127.634490967, 64.2991943359, 28.1954631805], [299.160766602, 51.8043899536, 193.101852417, 92.3805007935, 109.254821777, 107.472595215, 81.7331008911, 37.5872383118, 40.1784286499, 68.1669845581, 64.2991943359, 124.4427948, 38.4152297974], [48.7619476318, 121.982635498, 167.383178711, 117.882850647, 113.988006592, 79.4823150635, 63.9522857666, 56.1283569336, 64.9472579956, 56.2133255005, 28.1954631805, 38.4152297974, 109.514823914]],
        "icov": [[0.000336523895385, -7.89056939539e-05, 0.000181682771654, -0.000364993960829, 0.000226914751693, -0.000590541341808, 0.000456045789178, -0.000721339543816, 0.000542010006029, -0.000776240369305, 0.000740202260204, -0.00085557391867, 0.000535595405381], [-7.89056939539e-05, 0.00176150794141, -0.000420925323851, 0.000397430500016, -0.00161678704899, 0.00123186747078, -0.00139097904321, 0.00157019100152, -0.00103754468728, 0.0015042044688, -0.00178847892676, 0.00138303870335, -0.00109653570689], [0.000181682771654, -0.000420925323851, 0.00250126933679, -0.00172074779402, 0.000177279609488, -0.00220321048982, 0.000522111076862, -0.00027992244577, 0.000538840016816, -0.00113789353054, 0.0014411599841, -0.0017240132438, 0.0001685188181], [-0.000364993960829, 0.000397430500016, -0.00172074779402, 0.00468369713053, -0.00227950443514, 0.00134498090483, -0.00128624774516, 0.000212394574191, -0.00126140192151, 0.00111983949319, -0.00129151518922, 0.00227894401178, -0.000946635613218], [0.000226914751693, -0.00161678704899, 0.000177279609488, -0.00227950443514, 0.00751069793478, -0.00306755513884, 5.98266478846e-06, -0.00186225341167, 7.95756277512e-05, -0.00199568248354, 0.00173509283923, -0.00179482600652, 0.000402394449338], [-0.000590541341808, 0.00123186747078, -0.00220321048982, 0.00134498090483, -0.00306755513884, 0.00886127632111, -0.00429477309808, 0.00179351982661, -0.000239292232436, 0.000567411829252, -0.00222314614803, 0.00189536309335, -0.00108095200267], [0.000456045789178, -0.00139097904321, 0.000522111076862, -0.00128624774516, 5.98266478846e-06, -0.00429477309808, 0.00987881515175, -0.00398090668023, 0.00185191666242, -0.00299485423602, 0.00106564548332, -0.00215256633237, 0.00223472784273], [-0.000721339543816, 0.00157019100152, -0.00027992244577, 0.000212394574191, -0.00186225341167, 0.00179351982661, -0.00398090668023, 0.010916993022, -0.00589016359299, 0.00259146979079, -0.00206802226603, 0.00299575948156, -0.00221785483882], [0.000542010006029, -0.00103754468728, 0.000538840016816, -0.00126140192151, 7.95756277512e-05, -0.000239292232436, 0.00185191666242, -0.00589016359299, 0.0123635586351, -0.00520681962371, 0.00149194349069, -0.00167994771618, -0.000977579620667], [-0.000776240369305, 0.0015042044688, -0.00113789353054, 0.00111983949319, -0.00199568248354, 0.000567411829252, -0.00299485423602, 0.00259146979079, -0.00520681962371, 0.0166174136102, -0.00850424356759, 0.00246596429497, -0.00282724224962], [0.000740202260204, -0.00178847892676, 0.0014411599841, -0.00129151518922, 0.00173509283923, -0.00222314614803, 0.00106564548332, -0.00206802226603, 0.00149194349069, -0.00850424356759, 0.0177169013768, -0.00781974475831, 0.0027571762912], [-0.00085557391867, 0.00138303870335, -0.0017240132438, 0.00227894401178, -0.00179482600652, 0.00189536309335, -0.00215256633237, 0.00299575948156, -0.00167994771618, 0.00246596429497, -0.00781974475831, 0.0155627233908, -0.00447871722281], [0.000535595405381, -0.00109653570689, 0.0001685188181, -0.000946635613218, 0.000402394449338, -0.00108095200267, 0.00223472784273, -0.00221785483882, -0.000977579620667, -0.00282724224962, 0.0027571762912, -0.00447871722281, 0.0139649994671]]
    },
    "melbands": {
        "dmean": [0.000895619683433, 0.000955592666287, 0.000470697093988, 0.000298909581034, 0.000256253551925, 0.000206580109079, 0.000412487104768, 0.000287694827421, 0.000262441084487, 0.000103425831185, 0.000107105057396, 0.000158424678375, 5.35059480171e-05, 3.68770415662e-05, 5.11070720677e-05, 4.99796951772e-05, 4.18227864429e-05, 4.15808972321e-05, 3.17833728332e-05, 2.07819393836e-05, 1.77020665433e-05, 1.70124039869e-05, 1.50353580466e-05, 1.45369840538e-05, 1.15324792205e-05, 8.84734345163e-06, 6.83963571646e-06, 6.9398006417e-06, 5.53950621907e-06, 3.39908410751e-06, 3.76179673367e-06, 3.43297392646e-06, 3.69378653886e-06, 3.62170590051e-06, 3.20061212733e-06, 2.97908968605e-06, 2.574666496e-06, 2.91409310194e-06, 2.92152276415e-06, 2.55127611126e-06],
        "dmean2": [0.00143783772364, 0.00164595711976, 0.000860091124196, 0.000528274162207, 0.000427320948802, 0.000341582024703, 0.000645763240755, 0.000450163905043, 0.000422564393375, 0.000153190383571, 0.00017009912699, 0.000245623785304, 8.83082611836e-05, 5.80810919928e-05, 8.35124519654e-05, 8.0126344983e-05, 6.30982904113e-05, 6.73202739563e-05, 5.10051686433e-05, 3.33210300596e-05, 2.73990135611e-05, 2.62653029495e-05, 2.44830498559e-05, 2.3285363568e-05, 1.8059170543e-05, 1.41956388688e-05, 1.10201735879e-05, 1.10145747385e-05, 9.32538023335e-06, 5.41712688573e-06, 6.02122008786e-06, 5.55036967853e-06, 5.82760731049e-06, 5.67008646613e-06, 4.95215090268e-06, 4.79001937492e-06, 3.99745704271e-06, 4.53332131656e-06, 4.62481648356e-06, 4.02893601859e-06],
        "dvar": [2.91519017992e-06, 9.01060957403e-06, 2.57173996943e-06, 8.38174798901e-07, 3.26100433767e-07, 1.90647654108e-07, 5.45148850506e-07, 3.05199222339e-07, 4.25097795187e-07, 5.49517196191e-08, 5.34549684517e-08, 9.71552509554e-08, 1.59923434495e-08, 8.15538925281e-09, 1.09499485035e-08, 9.0921661311e-09, 8.95905039044e-09, 7.32031235628e-09, 4.83634909898e-09, 2.06710981665e-09, 1.25362964454e-09, 1.49780332581e-09, 1.04668473888e-09, 1.19188281467e-09, 4.51735648888e-10, 2.6437285694e-10, 1.31626404221e-10, 1.57552207392e-10, 2.85619472518e-10, 4.39166654431e-11, 4.71634120647e-11, 3.42844190537e-11, 1.30754546079e-10, 1.17614890049e-10, 5.08659572795e-11, 7.02813571229e-11, 3.72895846146e-11, 5.96480712045e-11, 5.918989604e-11, 4.74136632733e-11],
        "dvar2": [7.78550020186e-06, 2.47126663453e-05, 7.37366872272e-06, 2.40082886194e-06, 8.39385847939e-07, 4.74454196819e-07, 1.2392077906e-06, 7.73930253217e-07, 1.13903058718e-06, 1.2213104128e-07, 1.44859399143e-07, 2.14980659052e-07, 4.05989482033e-08, 1.77658527889e-08, 2.63554067459e-08, 2.16826574473e-08, 1.81044832459e-08, 1.79154078239e-08, 1.10549436272e-08, 4.70983252399e-09, 2.67406230492e-09, 2.75432032737e-09, 2.35731878462e-09, 2.5598010378e-09, 1.01024122401e-09, 6.80984602042e-10, 3.24815729869e-10, 3.79228065617e-10, 8.09843303529e-10, 1.02680759728e-10, 1.23660817697e-10, 8.43356218194e-11, 3.33328808999e-10, 2.92988938666e-10, 1.13404743929e-10, 1.73334221976e-10, 7.57449450384e-11, 1.44542572356e-10, 1.40613673483e-10, 1.19177515079e-10],
        "max": [0.0172764081508, 0.0256887357682, 0.0142646031454, 0.00858695153147, 0.00512897688895, 0.00825637578964, 0.0101245520636, 0.00626880116761, 0.00868212152272, 0.0047000925988, 0.00285839661956, 0.00477584498003, 0.00183247670066, 0.00179697340354, 0.00161637330893, 0.00114343722817, 0.00202769623138, 0.00158557272516, 0.00111758080311, 0.000656911288388, 0.0009432885563, 0.00106379168574, 0.000766978191677, 0.000919726269785, 0.000256516854279, 0.000362965482054, 0.000160548705026, 0.00021038907289, 0.000221131180297, 7.16675349395e-05, 7.80102345743e-05, 6.0318994656e-05, 0.00030450662598, 0.000266071117949, 0.00010980413208, 0.000170562590938, 0.000142010627314, 0.000107881758595, 0.000104945225758, 8.8056352979e-05],
        "mean": [0.00385468895547, 0.00170824956149, 0.000445988494903, 0.000296947982861, 0.000397275056457, 0.000340257392963, 0.000731845444534, 0.000490836682729, 0.000491978775244, 0.000215197549551, 0.000151675340021, 0.000243017188041, 6.77086864016e-05, 5.28117270733e-05, 7.66722223489e-05, 6.43762177788e-05, 5.72882454435e-05, 5.8833949879e-05, 4.38417191617e-05, 2.97083170153e-05, 2.82974688162e-05, 3.41798331647e-05, 2.44912971539e-05, 2.58109721472e-05, 1.99774331122e-05, 1.4035186723e-05, 1.12051802716e-05, 1.10908249553e-05, 7.05033971826e-06, 4.89270632897e-06, 5.44335625818e-06, 5.59493173569e-06, 5.61270098842e-06, 5.00055921293e-06, 4.62213392893e-06, 4.14050509789e-06, 3.76851585315e-06, 3.89592059946e-06, 4.18181116402e-06, 3.43212650478e-06],
        "median": [0.00313584483229, 0.000796100357547, 0.000130765663926, 0.000106089617475, 0.000100133962405, 0.000161275020218, 0.000272344273981, 0.000232424747082, 0.000116354683996, 6.44172177999e-05, 4.49767358077e-05, 6.14654782112e-05, 1.89852253243e-05, 1.56690512085e-05, 3.00767787849e-05, 2.51784567808e-05, 1.66799254657e-05, 2.27962209465e-05, 1.60711315402e-05, 1.24425660033e-05, 1.16197315947e-05, 1.04081636891e-05, 8.98803591554e-06, 8.6688232841e-06, 7.99738973001e-06, 6.91844934408e-06, 5.91189518673e-06, 5.32117383045e-06, 2.69476117865e-06, 2.12144959733e-06, 2.36158075495e-06, 2.89759077532e-06, 3.11641815642e-06, 2.28086582865e-06, 1.87717819244e-06, 1.59255830567e-06, 1.54750216552e-06, 1.4221488982e-06, 1.45428123233e-06, 1.10545840926e-06],
        "min": [2.06029705625e-23, 2.23958857392e-23, 1.13611132258e-23, 1.22896080333e-23, 1.28113929793e-23, 9.65204055265e-24, 1.12126543366e-23, 1.08051138047e-23, 8.91722450805e-24, 1.52303071497e-23, 7.65365393134e-24, 8.79166940638e-24, 1.14506386834e-23, 1.51720292615e-23, 1.13664427701e-23, 8.30709818471e-24, 8.51894835853e-24, 8.35556816531e-24, 5.988461646e-24, 9.69424697767e-24, 1.15904524459e-23, 1.66091744809e-23, 7.51865458691e-24, 1.32401325704e-23, 1.17804298734e-23, 8.62801705614e-24, 1.01856970664e-23, 1.12155644445e-23, 1.19657230449e-23, 1.25981204893e-23, 1.04773105441e-23, 1.18241509114e-23, 7.51286986989e-24, 9.26252154804e-24, 9.11164480017e-24, 9.10088000426e-24, 1.1964315717e-23, 8.13910078861e-24, 1.00477047837e-23, 1.01533151151e-23],
        "stdev": [0.00408750539646, 0.00309485010803, 0.00130306940991, 0.000734691508114, 0.000765856471844, 0.000565812108107, 0.00107991474215, 0.000737414055038, 0.000925072177779, 0.000532415520865, 0.000299100298434, 0.000447554921266, 0.000163247459568, 0.000147200611536, 0.000141045282362, 0.000110358203528, 0.00013098148338, 0.000107048392238, 8.74120014487e-05, 5.84482149861e-05, 5.55403967155e-05, 9.3847316748e-05, 5.65621812711e-05, 6.57556302031e-05, 3.02888292936e-05, 2.16680073208e-05, 1.60894778674e-05, 1.69268842001e-05, 1.54632198246e-05, 7.9038873082e-06, 8.18742682895e-06, 7.4695958574e-06, 1.11475828817e-05, 1.10073915494e-05, 9.07615958567e-06, 1.01535006252e-05, 7.97596112534e-06, 8.55065809446e-06, 9.35361458687e-06, 8.45839986141e-06],
        "var": [1.67076996149e-05, 9.57809697866e-06, 1.69799000105e-06, 5.39771633612e-07, 5.86536145875e-07, 3.20143357158e-07, 1.16621572488e-06, 5.43779492546e-07, 8.55758571561e-07, 2.83466306428e-07, 8.94609968327e-08, 2.00305407816e-07, 2.6649733087e-08, 2.16680220433e-08, 1.98937701867e-08, 1.21789334173e-08, 1.71561502782e-08, 1.1459357907e-08, 7.64085861249e-09, 3.41619399435e-09, 3.08473557808e-09, 8.80731931829e-09, 3.19928017412e-09, 4.32380264925e-09, 9.17413200963e-10, 4.69502547951e-10, 2.58871285519e-10, 2.86519391546e-10, 2.39111175304e-10, 6.24714308062e-11, 6.70339547759e-11, 5.57948652558e-11, 1.24268609292e-10, 1.21162677114e-10, 8.23766679869e-11, 1.03093582282e-10, 6.36159597223e-11, 7.31137511645e-11, 8.74901054382e-11, 7.15445341859e-11]
    },
    "melbands128": {
