{
"lowlevel": {
    "average_loudness": 0.981493830681,
    "barkbands_crest": {
        "dmean": 3.2638630867,
        "dmean2": 5.19635391235,
        "dvar": 9.2750825882,
        "dvar2": 23.7530097961,
        "max": 25.8984928131,
        "mean": 13.6266717911,
        "median": 13.0865316391,
        "min": 3.86734127998,
        "stdev": 4.9610376358,
        "var": 24.6118946075
    },
    "barkbands_flatness_db": {
        "dmean": 0.0360444374382,
        "dmean2": 0.0544239990413,
        "dvar": 0.00159546628129,
        "dvar2": 0.00371409230866,
        "max": 0.514614462852,
        "mean": 0.19463776052,
        "median": 0.184540584683,
        "min": 0.0488330945373,
        "stdev": 0.0752419084311,
        "var": 0.00566134508699
    },
    "barkbands_kurtosis": {
        "dmean": 7.6070318222,
        "dmean2": 12.4483356476,
        "dvar": 157.001083374,
        "dvar2": 419.123596191,
        "max": 142.302627563,
        "mean": 11.0550413132,
        "median": 6.87395095825,
        "min": -1.83800721169,
        "stdev": 13.9787368774,
        "var": 195.405090332
    },
    "barkbands_skewness": {
        "dmean": 0.913939774036,
        "dmean2": 1.44479966164,
        "dvar": 1.06989586353,
        "dvar2": 2.76849079132,
        "max": 10.8051872253,
        "mean": 2.419683218,
        "median": 2.13474869728,
        "min": -1.98001122475,
        "stdev": 1.45978581905,
        "var": 2.13097476959
    },
    "barkbands_spread": {
        "dmean": 6.44848632812,
        "dmean2": 10.1461391449,
        "dvar": 92.3062057495,
        "dvar2": 203.118637085,
        "max": 91.378616333,
        "mean": 14.2091674805,
        "median": 10.9664115906,
        "min": 0.563418567181,
        "stdev": 12.5897502899,
        "var": 158.501800537
    },
    "dissonance": {
        "dmean": 0.0361090116203,
        "dmean2": 0.058869458735,
        "dvar": 0.00103834748734,
        "dvar2": 0.00274314940907,
        "max": 0.498295217752,
        "mean": 0.417225390673,
        "median": 0.428138136864,
        "min": 0.240255087614,
        "stdev": 0.0502197556198,
        "var": 0.00252202386037
    },
    "dynamic_complexity": 1.58484494686,
    "erbbands_crest": {
        "dmean": 3.28748774529,
        "dmean2": 5.37523698807,
        "dvar": 9.8405122757,
        "dvar2": 23.9915332794,
        "max": 30.56665802,
        "mean": 11.4479017258,
        "median": 10.3302221298,
        "min": 3.43104767799,
        "stdev": 4.92383861542,
        "var": 24.2441883087
    },
    "erbbands_flatness_db": {
        "dmean": 0.0223841704428,
        "dmean2": 0.0333928391337,
        "dvar": 0.000541718385648,
        "dvar2": 0.00112049560994,
        "max": 0.365290015936,
        "mean": 0.174384191632,
        "median": 0.165417715907,
        "min": 0.0549327209592,
        "stdev": 0.0491217784584,
        "var": 0.00241294922307
    },
    "erbbands_kurtosis": {
        "dmean": 2.23477911949,
        "dmean2": 3.52207589149,
        "dvar": 10.4835119247,
        "dvar2": 23.9263496399,
        "max": 35.8900566101,
        "mean": 3.22425317764,
        "median": 1.45652294159,
        "min": -1.82106232643,
        "stdev": 4.88888597488,
        "var": 23.9012069702
    },
    "erbbands_skewness": {
        "dmean": 0.539539813995,
        "dmean2": 0.828184306622,
        "dvar": 0.272353410721,
        "dvar2": 0.604046523571,
        "max": 4.62198543549,
        "mean": 1.18048501015,
        "median": 1.07805764675,
        "min": -1.94519865513,
        "stdev": 0.946981608868,
        "var": 0.896774113178
    },
    "erbbands_spread": {
        "dmean": 11.3138217926,
        "dmean2": 17.6007499695,
        "dvar": 255.873260498,
        "dvar2": 609.198608398,
        "max": 170.20942688,
        "mean": 34.2930603027,
        "median": 28.7888450623,
        "min": 4.67021942139,
        "stdev": 23.3577747345,
        "var": 545.585632324
    },
    "hfc": {
        "dmean": 9.98774337769,
        "dmean2": 15.6674089432,
        "dvar": 209.055419922,
        "dvar2": 519.914733887,
        "max": 113.108833313,
        "mean": 21.4186725616,
        "median": 17.9449462891,
        "min": 1.22389868426e-16,
        "stdev": 16.1159381866,
        "var": 259.723449707
    },
    "loudness_ebu128": {
        "integrated": -8.0948677063,
        "loudness_range": 1.14268398285,
        "momentary": {
            "dmean": 0.534828543663,
            "dmean2": 0.806610643864,
            "dvar": 0.156584769487,
            "dvar2": 0.331016719341,
            "max": -6.2228679657,
            "mean": -8.18727874756,
            "median": -8.10025978088,
            "min": -13.103843689,
            "stdev": 0.930264472961,
            "var": 0.865391969681
        },
        "short_term": {
            "dmean": 0.0693920999765,
            "dmean2": 0.0981903597713,
            "dvar": 0.00266643241048,
            "dvar2": 0.00599017040804,
            "max": -7.1731505394,
            "mean": -8.10607051849,
            "median": -8.09807395935,
            "min": -8.84436988831,
            "stdev": 0.331191986799,
            "var": 0.109688125551
        }
    },
    "melbands_crest": {
        "dmean": 3.75878787041,
        "dmean2": 5.99167776108,
        "dvar": 12.2691612244,
        "dvar2": 29.7929325104,
        "max": 35.1326675415,
        "mean": 17.7101593018,
        "median": 17.0032653809,
        "min": 3.33412218094,
        "stdev": 6.16874647141,
        "var": 38.0534324646
    },
    "melbands_flatness_db": {
        "dmean": 0.0441225022078,
        "dmean2": 0.0655015483499,
        "dvar": 0.00248451740481,
        "dvar2": 0.0056565166451,
        "max": 0.656079649925,
        "mean": 0.276013791561,
        "median": 0.266838878393,
        "min": 0.00996773224324,
        "stdev": 0.0946916118264,
        "var": 0.00896650087088
    },
    "melbands_kurtosis": {
        "dmean": 14.1465053558,
        "dmean2": 23.3705596924,
        "dvar": 799.689758301,
        "dvar2": 2015.28234863,
        "max": 366.65713501,
        "mean": 20.6983509064,
        "median": 13.2885532379,
        "min": -1.34797096252,
        "stdev": 28.9545097351,
        "var": 838.363586426
    },
    "melbands_skewness": {
        "dmean": 1.09350669384,
        "dmean2": 1.74036896229,
        "dvar": 1.79330873489,
        "dvar2": 4.54910182953,
        "max": 16.6440792084,
        "mean": 2.99812722206,
        "median": 2.64944219589,
        "min": -0.342272669077,
        "stdev": 1.85080826283,
        "var": 3.42549133301
    },
    "melbands_spread": {
        "dmean": 6.08318185806,
        "dmean2": 9.65667247772,
        "dvar": 86.5542755127,
        "dvar2": 194.519729614,
        "max": 152.519866943,
        "mean": 12.8630256653,
        "median": 10.3144540787,
        "min": 0.578191995621,
        "stdev": 10.7976922989,
        "var": 116.590148926
    },
    "pitch_salience": {
        "dmean": 0.0876706391573,
        "dmean2": 0.142703950405,
        "dvar": 0.00813884101808,
        "dvar2": 0.0217889901251,
        "max": 0.827479660511,
        "mean": 0.472268462181,
        "median": 0.485336124897,
        "min": 0.0824493914843,
        "stdev": 0.1309491992,
        "var": 0.0171476919204
    },
    "silence_rate_20dB": {
        "dmean": 0,
        "dmean2": 0,
        "dvar": 0,
        "dvar2": 0,
        "max": 1,
        "mean": 1,
        "median": 1,
        "min": 1,
        "stdev": 0,
        "var": 0
    },
    "silence_rate_30dB": {
        "dmean": 0.111455105245,
        "dmean2": 0.223082885146,
        "dvar": 0.0990319550037,
        "dvar2": 0.233734726906,
        "max": 1,
        "mean": 0.915699899197,
        "median": 1,
        "min": 0,
        "stdev": 0.277835488319,
        "var": 0.0771925523877
    },
    "silence_rate_60dB": {
        "dmean": 0.000773993786424,
        "dmean2": 0.000774593325332,
        "dvar": 0.000773391744588,
        "dvar2": 0.000773989362642,
        "max": 1,
        "mean": 0.00077339517884,
        "median": 0,
        "min": 0,
        "stdev": 0.0277991909534,
        "var": 0.000772794999648
    },
    "spectral_centroid": {
        "dmean": 247.26739502,
        "dmean2": 379.770996094,
        "dvar": 164956.546875,
        "dvar2": 282328.90625,
        "max": 10814.7080078,
        "mean": 784.109008789,
        "median": 650.410583496,
        "min": 139.821395874,
        "stdev": 502.948425293,
        "var": 252957.125
    },
    "spectral_complexity": {
        "dmean": 4.27941179276,
        "dmean2": 6.67234706879,
        "dvar": 34.6082839966,
        "dvar2": 75.7273406982,
        "max": 54,
        "mean": 13.7803554535,
        "median": 12,
        "min": 0,
        "stdev": 6.96858882904,
        "var": 48.5612335205
    },
    "spectral_decrease": {
        "dmean": 5.27486010427e-09,
        "dmean2": 7.90706433662e-09,
        "dvar": 5.69590283231e-17,
        "dvar2": 1.28632435073e-16,
        "max": 2.71500360468e-29,
        "mean": -1.26036088233e-08,
        "median": -9.81519576726e-09,
        "min": -5.55682113657e-08,
        "stdev": 9.29168475494e-09,
        "var": 8.63354014833e-17
    },
    "spectral_energy": {
        "dmean": 0.0204530525953,
        "dmean2": 0.030567407608,
        "dvar": 0.000825092545711,
        "dvar2": 0.0018476054538,
        "max": 0.211360007524,
        "mean": 0.0495117269456,
        "median": 0.0390626080334,
        "min": 1.09986562902e-20,
        "stdev": 0.0356259346008,
        "var": 0.00126920721959
    },
    "spectral_energyband_high": {
        "dmean": 0.000570387521293,
        "dmean2": 0.000922878505662,
        "dvar": 1.21739617498e-06,
        "dvar2": 3.10170025841e-06,
        "max": 0.00966852344573,
        "mean": 0.000771199411247,
        "median": 0.000368802400772,
        "min": 8.07976209072e-21,
        "stdev": 0.00113423680887,
        "var": 1.28649310227e-06
    },
    "spectral_energyband_low": {
        "dmean": 0.015731016174,
        "dmean2": 0.025105362758,
        "dvar": 0.000917686324101,
        "dvar2": 0.00226266705431,
        "max": 0.206825897098,
        "mean": 0.0258950274438,
        "median": 0.01284766756,
        "min": 6.52748194062e-23,
        "stdev": 0.0341007448733,
        "var": 0.00116286089178
    },
    "spectral_energyband_middle_high": {
        "dmean": 0.00331219215877,
        "dmean2": 0.00546593172476,
        "dvar": 3.34295946232e-05,
        "dvar2": 8.98140569916e-05,
        "max": 0.0350901149213,
        "mean": 0.00443823309615,
        "median": 0.00216492800973,
        "min": 1.50284540524e-21,
        "stdev": 0.00573807675391,
        "var": 3.29255271936e-05
    },
    "spectral_energyband_middle_low": {
        "dmean": 0.00810591503978,
        "dmean2": 0.0127534624189,
        "dvar": 0.000125725418911,
        "dvar2": 0.000299510284094,
        "max": 0.0925866216421,
        "mean": 0.0196180343628,
        "median": 0.0169212967157,
        "min": 4.17094413796e-22,
        "stdev": 0.0140259079635,
        "var": 0.000196726105059
    },
    "spectral_entropy": {
        "dmean": 0.322859555483,
        "dmean2": 0.470892429352,
        "dvar": 0.12869939208,
        "dvar2": 0.270127952099,
        "max": 9.80341434479,
        "mean": 7.08047389984,
        "median": 7.08024787903,
        "min": 5.51382684708,
        "stdev": 0.625837385654,
        "var": 0.39167240262
    },
    "spectral_flux": {
        "dmean": 0.0502266958356,
        "dmean2": 0.0754920393229,
        "dvar": 0.00312356534414,
        "dvar2": 0.00547943171114,
        "max": 0.391763448715,
        "mean": 0.110465347767,
        "median": 0.0853626355529,
        "min": 1.04874477158e-10,
        "stdev": 0.0795510709286,
        "var": 0.00632837275043
    },
    "spectral_kurtosis": {
        "dmean": 3.59898114204,
        "dmean2": 5.66634511948,
        "dvar": 62.6031036377,
        "dvar2": 145.278579712,
        "max": 153.434997559,
        "mean": 8.08596229553,
        "median": 4.6667304039,
        "min": -1.20174574852,
        "stdev": 14.5773553848,
        "var": 212.499298096
    },
    "spectral_rms": {
        "dmean": 0.00132389809005,
        "dmean2": 0.00190154812299,
        "dvar": 2.48090645982e-06,
        "dvar2": 5.02181046613e-06,
        "max": 0.0143598355353,
        "mean": 0.00656019290909,
        "median": 0.00617331871763,
        "min": 3.27572842983e-12,
        "stdev": 0.00229522190057,
        "var": 5.26804387846e-06
    },
    "spectral_rolloff": {
        "dmean": 475.147155762,
        "dmean2": 817.595581055,
        "dvar": 1747672.125,
        "dvar2": 3546277.75,
        "max": 18540.0878906,
        "mean": 840.043334961,
        "median": 538.330078125,
        "min": 64.599609375,
        "stdev": 1347.4161377,
        "var": 1815530.375
    },
    "spectral_skewness": {
        "dmean": 0.424600273371,
        "dmean2": 0.646516740322,
        "dvar": 0.314104437828,
        "dvar2": 0.690776050091,
        "max": 9.74000740051,
        "mean": 2.12931871414,
        "median": 1.9587635994,
        "min": 0.0228695701808,
        "stdev": 1.08434259892,
        "var": 1.17579889297
    },
    "spectral_spread": {
        "dmean": 939209.9375,
        "dmean2": 1387932.75,
        "dvar": 2.7731820544e+12,
        "dvar2": 4.80585344614e+12,
        "max": 39458968,
        "mean": 5326359.5,
        "median": 5076947.5,
        "min": 519982.0625,
        "stdev": 2446167.25,
        "var": 5.98373459558e+12
    },
    "spectral_strongpeak": {
        "dmean": 0.480705201626,
        "dmean2": 0.81226927042,
        "dvar": 0.52929598093,
        "dvar2": 1.24531185627,
        "max": 7.8077917099,
        "mean": 1.05270814896,
        "median": 0.615005254745,
        "min": 0,
        "stdev": 1.02324640751,
        "var": 1.04703330994
    },
    "zerocrossingrate": {
        "dmean": 0.0112452078611,
        "dmean2": 0.0135500887409,
        "dvar": 0.000468568119686,
        "dvar2": 0.000599344435614,
        "max": 0.525390625,
        "mean": 0.0395757034421,
        "median": 0.03271484375,
        "min": 0.00244140625,
        "stdev": 0.0329158417881,
        "var": 0.0010834527202
    },
    "barkbands": {
        "dmean": [0.000366160878912, 0.0106427166611, 0.0050314036198, 0.00201221276075, 0.00293553713709, 0.000820712884888, 0.00280864350498, 0.00209527928382, 0.00117637251969, 0.000861246953718, 0.00109851895832, 0.000497766013723, 0.000559313280974, 0.000495065178256, 0.000279296276858, 0.000200619135285, 8.39839340188e-05, 0.000114655078505, 8.92017706065e-05, 9.17901998037e-05, 9.83188219834e-05, 0.000122470664792, 0.000127901977976, 0.000144890931551, 8.11695863376e-05, 3.98393494834e-05, 2.88768683276e-06],
        "dmean2": [0.000461523653939, 0.0166469849646, 0.00863240100443, 0.00348000903614, 0.00466434611008, 0.00132216117345, 0.00431029917672, 0.00331196305342, 0.00184221530799, 0.0014389649732, 0.0018943870673, 0.000752638676204, 0.000959890487138, 0.000850877026096, 0.000458505615825, 0.000318633829011, 0.000137476308737, 0.000190141916391, 0.000147676721099, 0.00014410490985, 0.000163532909937, 0.000204891242902, 0.000211489372305, 0.000231577898376, 0.000132284345455, 6.15121243754e-05, 4.87910847369e-06],
        "dvar": [3.87395857615e-07, 0.000541472923942, 0.000126893632114, 5.3100684454e-05, 1.61108400789e-05, 3.0753435567e-06, 3.09828828904e-05, 2.14479841816e-05, 5.53832342121e-06, 2.77505023405e-06, 5.35258095624e-06, 1.24541088553e-06, 1.18178036246e-06, 1.04624336927e-06, 3.26479749901e-07, 1.70709654412e-07, 3.0399100126e-08, 3.96590777996e-08, 2.61043471284e-08, 2.43118893906e-08, 3.88516561145e-08, 9.15286832992e-08, 5.3297505076e-08, 8.1573510613e-08, 4.27628208399e-08, 1.43578366973e-08, 7.95430457612e-11],
        "dvar2": [8.16893191313e-07, 0.00133444077801, 0.000330572889652, 0.000138359653647, 3.92871224904e-05, 7.49091168473e-06, 6.69457876938e-05, 4.94411397085e-05, 1.24787211462e-05, 7.05776164978e-06, 1.38894083648e-05, 2.77932281278e-06, 3.09072993332e-06, 2.60651950157e-06, 7.9269671005e-07, 3.8182159301e-07, 7.02532574337e-08, 9.96024951405e-08, 6.64898536229e-08, 5.77561891646e-08, 9.4707750975e-08, 2.47434286393e-07, 1.36169845177e-07, 2.09573329357e-07, 9.52671044274e-08, 3.14654116096e-08, 2.02897476598e-10],
        "max": [0.00859786570072, 0.196204781532, 0.069716706872, 0.0577582195401, 0.0532689467072, 0.0286307744682, 0.0576475262642, 0.0623539425433, 0.0286823771894, 0.0141663728282, 0.0230990201235, 0.0231043435633, 0.00788144953549, 0.0103679299355, 0.00684818951413, 0.00646939687431, 0.002604061272, 0.00176868587732, 0.00135272962507, 0.00164784817025, 0.00293570081703, 0.00366068258882, 0.00201811129227, 0.00272866548039, 0.00297389319167, 0.00196141237393, 9.91659326246e-05],
        "mean": [0.00105198496021, 0.0186546929181, 0.00509290769696, 0.00163486402016, 0.00588486017659, 0.00183763890527, 0.00515506695956, 0.00296371337026, 0.00188169546891, 0.000889362534508, 0.00111614656635, 0.000708269304596, 0.000505597738083, 0.000462049618363, 0.000313564320095, 0.000224312359933, 9.18449222809e-05, 0.000126753700897, 8.78571372596e-05, 0.000123056554003, 0.000102533267636, 0.000133266992634, 0.000149884974235, 0.000180880510015, 8.94491240615e-05, 4.68445759907e-05, 2.64762070401e-06],
        "median": [0.00026166808675, 0.0067555620335, 0.000312309945002, 0.000229168625083, 0.00396912079304, 0.000902583822608, 0.00170956784859, 0.000815683219116, 0.000995184062049, 0.000114221576951, 0.000202742274269, 0.000220717309276, 0.000101387384348, 7.51807019697e-05, 5.35794715688e-05, 5.17045773449e-05, 2.61458353634e-05, 3.75273739337e-05, 2.26181728067e-05, 5.45322436665e-05, 3.7320296542e-05, 4.48766804766e-05, 5.60749977012e-05, 7.447477401e-05, 2.35175430134e-05, 1.37862070915e-05, 4.45056144827e-07],
        "min": [1.48135172236e-23, 2.17281118275e-23, 2.5468686714e-23, 4.6430409128e-23, 1.46203529558e-22, 7.45556732928e-23, 7.97085758345e-23, 4.12902388013e-23, 2.52970716018e-23, 2.16270871446e-23, 9.62077341959e-23, 7.69884761483e-23, 1.25521287941e-22, 6.62743819037e-23, 1.4697244806e-22, 1.09588683171e-22, 2.00230694447e-22, 1.38976503437e-22, 3.69683318034e-22, 2.811503043e-22, 4.40299596671e-22, 3.56723406212e-22, 5.46756035042e-22, 1.17794507708e-21, 1.31393288316e-21, 1.84153083159e-21, 2.4810971473e-21],
        "stdev": [0.00157539651264, 0.0277458298951, 0.010540519841, 0.00621985318139, 0.00593220116571, 0.00340733909979, 0.00848901644349, 0.00580938206986, 0.00287162442692, 0.00186431151815, 0.00242305849679, 0.00138075219002, 0.00103531661443, 0.0010304216994, 0.000659080862533, 0.000526176881976, 0.000207340388442, 0.000211361053516, 0.00015929096844, 0.000182560077519, 0.000198572146473, 0.000266869988991, 0.000245732109761, 0.000301598047372, 0.000227447817451, 0.000130129599711, 8.15473867988e-06],
        "var": [2.48187416219e-06, 0.000769831123762, 0.000111102563096, 3.86865758628e-05, 3.51910093741e-05, 1.16099599836e-05, 7.20633979654e-05, 3.37489218509e-05, 8.24622748041e-06, 3.47565742231e-06, 5.87121257922e-06, 1.90647676845e-06, 1.0718804333e-06, 1.06176878489e-06, 4.34387573023e-07, 2.76862124338e-07, 4.29900346433e-08, 4.46734951254e-08, 2.5373610768e-08, 3.33281811038e-08, 3.94308976581e-08, 7.12195955543e-08, 6.03842664759e-08, 9.09613788735e-08, 5.17325098315e-08, 1.69337113221e-08, 6.64997570898e-11]
    },
    "erbbands": {
        "dmean": [0.306087255478, 2.55845499039, 5.93866491318, 6.77334308624, 5.6769618988, 13.5036706924, 9.86971187592, 6.24649429321, 17.0290985107, 62.7273139954, 39.2888374329, 22.5447654724, 27.5219612122, 45.7457771301, 26.6173801422, 18.1458415985, 22.880563736, 25.7352313995, 19.0518741608, 12.478263855, 11.190199852, 4.79964876175, 5.29799747467, 5.13378620148, 4.54883813858, 4.39892816544, 3.94447922707, 3.76211857796, 4.3280954361, 4.22495603561, 3.7947165966, 3.43965792656, 2.08592963219, 1.01314926147, 0.528344035149, 0.225434809923, 0.0656307116151, 0.00989800225943, 0.00031608415884, 2.75291858998e-05],
        "dmean2": [0.442514717579, 4.20553302765, 10.4782476425, 11.2065134048, 9.95459365845, 20.7654876709, 15.4836883545, 9.93491268158, 26.109369278, 98.2538986206, 61.3757400513, 35.1852378845, 43.886920929, 80.0061645508, 44.0138244629, 27.9608688354, 38.6044082642, 44.6150894165, 30.6826457977, 20.8155918121, 17.3758735657, 7.58425617218, 8.6044588089, 8.57499217987, 7.54804992676, 6.76476573944, 6.30368995667, 6.43960809708, 7.40665245056, 6.57652044296, 6.42117071152, 5.49375534058, 3.38117098808, 1.66347873211, 0.8575065732, 0.350188225508, 0.10371696949, 0.0160858687013, 0.000514558283612, 4.13560374e-05],
        "dvar": [0.386092782021, 40.1887741089, 198.996887207, 489.104919434, 221.097885132, 365.946472168, 239.21685791, 256.036834717, 1265.0970459, 13226.8222656, 8401.30566406, 2200.48144531, 2628.31298828, 9395.921875, 2862.1262207, 1170.578125, 1996.86181641, 2637.44165039, 1808.63134766, 554.999328613, 651.094665527, 95.1565246582, 78.5480651855, 88.4303894043, 73.5529098511, 52.6346092224, 55.8916053772, 68.2399597168, 149.666381836, 54.6734580994, 52.5789299011, 40.0219306946, 20.0839290619, 6.74331903458, 2.0281021595, 0.488007456064, 0.0362282879651, 0.000790108460933, 8.47686010275e-07, 1.31901922718e-09],
        "dvar2": [0.943219125271, 103.279167175, 535.422058105, 1219.68725586, 622.435974121, 793.691101074, 495.741577148, 621.554931641, 3003.59326172, 28982.9550781, 19752.6699219, 4864.83398438, 6165.57763672, 26009.5175781, 7076.51513672, 2635.14208984, 5061.90185547, 7078.22998047, 4174.64746094, 1361.97631836, 1383.72375488, 212.846847534, 193.857376099, 226.970367432, 187.068267822, 120.986785889, 128.168395996, 176.971420288, 408.891357422, 129.972961426, 140.788253784, 100.482368469, 51.3548240662, 15.6062011719, 4.59932851791, 1.04101741314, 0.0840553417802, 0.00190909183584, 2.11184237742e-06, 3.01435632011e-09],
        "max": [7.24638605118, 43.7495956421, 87.7233047485, 200.068771362, 131.270370483, 316.677307129, 176.359741211, 273.564361572, 487.00894165, 1402.85681152, 1266.43908691, 801.442626953, 624.174133301, 872.065185547, 644.260437012, 448.53616333, 382.110870361, 429.728271484, 502.311553955, 289.633239746, 433.362854004, 165.064147949, 69.8603744507, 75.7821884155, 69.0121688843, 83.032585144, 116.460540771, 75.8034667969, 144.31048584, 83.318031311, 69.6186676025, 54.2092323303, 46.0764579773, 34.2394714355, 22.8524799347, 11.7248306274, 2.83695554733, 0.366190135479, 0.00971832778305, 0.000327642337652],
        "mean": [0.677939534187, 3.61373829842, 5.64035606384, 6.86975002289, 7.54493761063, 27.1834335327, 19.838104248, 14.8687782288, 34.986415863, 106.45401001, 62.5069961548, 36.575504303, 35.0112991333, 43.9788284302, 30.998380661, 26.3534545898, 22.5203990936, 24.2415218353, 20.8887634277, 14.9095516205, 12.6286582947, 5.90964078903, 6.19010162354, 5.23227930069, 4.67988920212, 6.03549480438, 5.03795480728, 3.29204773903, 4.12387371063, 5.73178195953, 4.07256126404, 4.28520488739, 2.48345732689, 1.08461534977, 0.59715539217, 0.262694120407, 0.0748317092657, 0.0108538512141, 0.000349921640009, 6.63540267851e-05],
        "median": [0.29743719101, 0.889007806778, 1.02487277985, 0.86626803875, 3.79253745079, 16.8628730774, 11.9568033218, 7.49798822403, 14.8610935211, 38.8446769714, 26.3677215576, 18.6502113342, 9.37049102783, 8.81475353241, 9.3834400177, 8.79510974884, 5.53945446014, 5.5457701683, 3.12960600853, 3.58597111702, 2.62065267563, 1.9672369957, 2.03751945496, 1.31203484535, 1.31407523155, 2.69991827011, 2.34528803825, 0.824252188206, 1.17819714546, 2.4320538044, 1.32413673401, 1.80756390095, 0.832770287991, 0.265997111797, 0.159300968051, 0.0660098865628, 0.023802716285, 0.00300010782667, 0.000110280379886, 5.40421060578e-05],
        "min": [3.18125767406e-22, 6.07262247075e-21, 3.04815409491e-20, 8.09585640819e-20, 2.39897577084e-19, 4.37418329496e-19, 1.07495315586e-18, 4.37115736488e-19, 5.49160504084e-19, 1.84945963079e-18, 8.68625256374e-19, 5.82385609255e-19, 3.61028018981e-19, 1.64971629577e-18, 4.46264105908e-18, 3.58357306107e-18, 4.34959069836e-18, 4.39589957777e-18, 4.09544772696e-18, 1.09134851667e-17, 5.8743360302e-18, 1.19290081873e-17, 8.10712687328e-18, 1.7153375057e-17, 1.49203894129e-17, 1.60727281068e-17, 1.00658765017e-17, 2.26128779421e-17, 1.41725238406e-17, 1.15415948387e-17, 1.80909445767e-17, 2.48057387091e-17, 1.66264940941e-17, 1.52417887856e-17, 9.67745068405e-18, 5.82516096996e-18, 3.56068745506e-18, 1.30493118304e-18, 3.71804321206e-19, 3.73988679021e-20],
        "stdev": [0.867927908897, 6.52653932571, 12.0461750031, 20.397190094, 13.0368766785, 31.7348995209, 24.4645614624, 31.9485569, 52.4738769531, 168.148864746, 111.240158081, 60.3498001099, 62.5105667114, 87.7096328735, 61.5544090271, 44.1260261536, 44.4412765503, 47.7073402405, 48.1187438965, 29.6795215607, 32.5866127014, 12.274433136, 9.81639862061, 9.4287519455, 8.40928936005, 8.93250274658, 8.38305091858, 7.47678184509, 10.2559423447, 8.70688152313, 7.05325078964, 6.84855031967, 4.68361997604, 2.81060886383, 1.51221704483, 0.775237739086, 0.196458533406, 0.0278505664319, 0.000881831278093, 4.59123330074e-05],
        "var": [0.753298819065, 42.5957183838, 145.110336304, 416.045379639, 169.960159302, 1007.1038208, 598.514770508, 1020.71026611, 2753.5078125, 28274.0410156, 12374.3720703, 3642.09814453, 3907.57104492, 7692.97998047, 3788.94506836, 1947.10632324, 1975.02722168, 2275.99023438, 2315.41357422, 880.874023438, 1061.8873291, 150.661697388, 96.3616790771, 88.9013595581, 70.7161407471, 79.7896118164, 70.2755432129, 55.9022636414, 105.18434906, 75.8097839355, 49.7483482361, 46.9026412964, 21.9362945557, 7.89952278137, 2.28680038452, 0.600993514061, 0.0385959558189, 0.000775654101744, 7.77626439685e-07, 2.10794226518e-09]
    },
    "gfcc": {
        "mean": [-1.17630195618, 102.657249451, -87.2867279053, 13.6242780685, -72.6895675659, 17.1897468567, -38.7805099487, 8.42188072205, -17.1452713013, 7.42689323425, -10.8398017883, -0.0466941185296, -11.6878995895],
        "cov": [[5422.13134766, -1789.0324707, -731.551574707, 476.213867188, -415.981750488, 353.683807373, -210.332168579, 381.744415283, -289.339111328, 53.4842834473, -347.241394043, 12.4615297318, -228.138153076], [-1789.0324707, 1934.73742676, 380.988861084, -27.2196063995, 672.55279541, 83.2044143677, 473.910797119, -100.566452026, 383.860717773, -42.811958313, 298.295288086, -34.5496520996, 169.050231934], [-731.551574707, 380.988861084, 787.030639648, 143.779586792, 216.502197266, 146.130874634, 154.891921997, 89.6934432983, 153.67880249, 89.9086914062, 132.204940796, 68.7680130005, 32.0406608582], [476.213867188, -27.2196063995, 143.779586792, 622.178100586, 312.544372559, 108.056999207, 53.3467674255, 143.170303345, 168.572311401, 74.9420852661, 17.3022575378, 13.3386135101, 47.6829185486], [-415.981750488, 672.55279541, 216.502197266, 312.544372559, 677.192016602, 144.149230957, 214.068740845, 91.276008606, 265.129425049, 82.8859329224, 91.2718505859, -11.4888811111, 118.807228088], [353.683807373, 83.2044143677, 146.130874634, 108.056999207, 144.149230957, 347.714111328, 201.921600342, 103.081100464, 96.2642974854, 51.4011535645, 87.5171203613, 19.0670776367, 3.50126838684], [-210.332168579, 473.910797119, 154.891921997, 53.3467674255, 214.068740845, 201.921600342, 424.972808838, 80.9057006836, 115.74836731, 52.7702636719, 160.454315186, 67.2222976685, 60.5552062988], [381.744415283, -100.566452026, 89.6934432983, 143.170303345, 91.276008606, 103.081100464, 80.9057006836, 223.712539673, 58.4864501953, 53.1525993347, 32.2338256836, 57.1941833496, 36.8801345825], [-289.339111328, 383.860717773, 153.67880249, 168.572311401, 265.129425049, 96.2642974854, 115.74836731, 58.4864501953, 332.792724609, 48.4676513672, 118.218795776, 33.419834137, 29.073759079], [53.4842834473, -42.811958313, 89.9086914062, 74.9420852661, 82.8859329224, 51.4011535645, 52.7702636719, 53.1525993347, 48.4676513672, 164.658813477, 41.7066383362, 16.7339668274, 26.6229114532], [-347.241394043, 298.295288086, 132.204940796, 17.3022575378, 91.2718505859, 87.5171203613, 160.454315186, 32.2338256836, 118.218795776, 41.7066383362, 214.895507812, 77.6303863525, 29.2423534393], [12.4615297318, -34.5496520996, 68.7680130005, 13.3386135101, -11.4888811111, 19.0670776367, 67.2222976685, 57.1941833496, 33.419834137, 16.7339668274, 77.6303863525, 146.914794922, 24.5455226898], [-228.138153076, 169.050231934, 32.0406608582, 47.6829185486, 118.807228088, 3.50126838684, 60.5552062988, 36.8801345825, 29.073759079, 26.6229114532, 29.2423534393, 24.5455226898, 161.708572388]],
        "icov": [[0.000534334976692, -7.02172983438e-05, 0.000599245191552, -0.000529802637175, 0.000354385469109, -0.000880316190887, 0.000225324401981, -0.000755272281822, 0.000337772682542, -0.000356611650204, 0.000767947582062, -0.000511615129653, 0.000648069602903], [-7.02172983438e-05, 0.00271419202909, -0.000848381896503, 0.00115134671796, -0.00200788932852, 0.00153631484136, -0.00218452978879, 0.00158356642351, -0.00143805006519, 0.00233065383509, -0.00218007550575, 0.00239488552324, -0.0013035062002], [0.000599245191552, -0.000848381896503, 0.00249170092866, -0.000963933824096, 0.000666734704282, -0.00167978135869, 0.000894925382454, -0.00135056837462, 0.000638796889689, -0.00147019454744, 0.000986745813861, -0.00164935202338, 0.00124137243256], [-0.000529802637175, 0.00115134671796, -0.000963933824096, 0.00347396219149, -0.0020799303893, 0.00117119133938, -0.000567632494494, 0.000255191669567, -0.00142863579094, 0.000923396495637, -0.00105266401079, 0.00124382239301, -0.00102091743611], [0.000354385469109, -0.00200788932852, 0.000666734704282, -0.0020799303893, 0.00497653940693, -0.00160609558225, 0.000617272104137, -0.00145163224079, -0.000538123073056, -0.00211760983802, 0.00237730471417, -0.000581355649047, -0.000337624107487], [-0.000880316190887, 0.00153631484136, -0.00167978135869, 0.00117119133938, -0.00160609558225, 0.00697474880144, -0.00341212074272, 0.000494879379403, -0.0014682111796, 0.0015695753973, -0.00288105080836, 0.00323674827814, -0.000631420291029], [0.000225324401981, -0.00218452978879, 0.000894925382454, -0.000567632494494, 0.000617272104137, -0.00341212074272, 0.0064885742031, -0.00172341882717, 0.00170638097916, -0.00190879940055, -0.000179782306077, -0.00289213610813, 0.000654258416034], [-0.000755272281822, 0.00158356642351, -0.00135056837462, 0.000255191669567, -0.00145163224079, 0.000494879379403, -0.00172341882717, 0.00871253293008, -0.00136285286862, 0.000713468645699, -0.00108162488323, -0.000532489037141, -0.00241051823832], [0.000337772682542, -0.00143805006519, 0.000638796889689, -0.00142863579094, -0.000538123073056, -0.0014682111796, 0.00170638097916, -0.00136285286862, 0.00639774464071, -0.00134961260483, -0.000837821222376, -0.00180948921479, 0.0018716378836], [-0.000356611650204, 0.00233065383509, -0.00147019454744, 0.000923396495637, -0.00211760983802, 0.0015695753973, -0.00190879940055, 0.000713468645699, -0.00134961260483, 0.00938564911485, -0.00317121786065, 0.00265320134349, -0.0019784795586], [0.000767947582062, -0.00218007550575, 0.000986745813861, -0.00105266401079, 0.00237730471417, -0.00288105080836, -0.000179782306077, -0.00108162488323, -0.000837821222376, -0.00317121786065, 0.011836104095, -0.00583831965923, 0.00152568786871], [-0.000511615129653, 0.00239488552324, -0.00164935202338, 0.00124382239301, -0.000581355649047, 0.00323674827814, -0.00289213610813, -0.000532489037141, -0.00180948921479, 0.00265320134349, -0.00583831965923, 0.0127829322591, -0.00269988016225], [0.000648069602903, -0.0013035062002, 0.00124137243256, -0.00102091743611, -0.000337624107487, -0.000631420291029, 0.000654258416034, -0.00241051823832, 0.0018716378836, -0.0019784795586, 0.00152568786871, -0.00269988016225, 0.00920563656837]]
    },
    "melbands": {
        "dmean": [0.00275230268016, 0.00315378443338, 0.00104205228854, 0.000633694289718, 0.000418885436375, 0.000141486001667, 0.00035590416519, 0.000656451506075, 0.000289349234663, 0.000149425744894, 0.000132779940031, 0.000177722526132, 0.000116090399388, 5.63578178117e-05, 4.25024300057e-05, 6.23485902906e-05, 4.73146756121e-05, 3.57366407115e-05, 1.75117875187e-05, 1.43435945574e-05, 1.29878162625e-05, 5.41235431228e-06, 3.55610200131e-06, 6.24536914984e-06, 3.97002213504e-06, 3.76000343749e-06, 3.21171319229e-06, 2.93101629723e-06, 2.59688818005e-06, 2.46840545515e-06, 2.05766036743e-06, 2.50440871241e-06, 2.58156387645e-06, 2.23633696805e-06, 2.31501644521e-06, 1.86977331396e-06, 2.43625868279e-06, 1.67163045717e-06, 1.11609858777e-06, 7.95806101905e-07],
        "dmean2": [0.00409666635096, 0.00541202304885, 0.00169744144659, 0.00103435153142, 0.000645800668281, 0.000224666961003, 0.000547848816495, 0.0010290335631, 0.00045387740829, 0.000231688638451, 0.000208528101211, 0.000308529328322, 0.000195983448066, 8.46343900776e-05, 6.93447800586e-05, 0.000108908083348, 8.25591705507e-05, 5.86564201512e-05, 2.94820711133e-05, 2.38994143729e-05, 2.03210020118e-05, 8.81220603333e-06, 5.5201453506e-06, 1.05613289634e-05, 6.64245453663e-06, 6.28020325166e-06, 5.34619630344e-06, 4.45954674433e-06, 4.10317989008e-06, 4.16626016886e-06, 3.55005954589e-06, 4.38486131316e-06, 4.20684591518e-06, 3.40825909007e-06, 3.97818394049e-06, 3.07637560581e-06, 3.90182185583e-06, 2.72562715509e-06, 1.84974135209e-06, 1.31157617034e-06],
        "dvar": [3.13959753839e-05, 5.53752688575e-05, 9.9538192444e-06, 9.27647818116e-07, 3.18172567404e-07, 1.15308409931e-07, 5.33530112534e-07, 1.30234445805e-06, 4.45339168209e-07, 9.89945192487e-08, 6.07418115806e-08, 1.35658169143e-07, 5.66410172098e-08, 1.88084587904e-08, 7.45895789578e-09, 1.50473002947e-08, 9.2730587653e-09, 7.34940908131e-09, 1.12176401501e-09, 7.00393243402e-10, 1.04271402623e-09, 1.43827130761e-10, 3.58109861209e-11, 1.33891467358e-10, 5.20951580485e-11, 5.11199034492e-11, 3.50543240268e-11, 2.44837414232e-11, 2.28705544086e-11, 3.30394600567e-11, 2.04765353978e-11, 6.58966006761e-11, 2.82086454889e-11, 1.36043268664e-11, 2.04252708497e-11, 1.28401152558e-11, 2.20535204681e-11, 1.40774874396e-11, 7.20905019708e-12, 4.45961410162e-12],
        "dvar2": [7.47466765461e-05, 0.000147016122355, 2.4238584956e-05, 2.40649433181e-06, 6.49302933198e-07, 2.82578383803e-07, 1.20806612358e-06, 2.8944996302e-06, 1.04456944428e-06, 2.15956106331e-07, 1.39972698321e-07, 3.74043025886e-07, 1.41100727546e-07, 4.04897022577e-08, 1.88302582416e-08, 3.92341483746e-08, 2.47050540025e-08, 1.70248615206e-08, 2.8606028657e-09, 1.68311120596e-09, 2.20873053181e-09, 3.2411687223e-10, 8.44559144841e-11, 3.41839140328e-10, 1.32775790362e-10, 1.33238184374e-10, 8.52843004551e-11, 5.65922413098e-11, 5.20972744111e-11, 8.2745463259e-11, 5.35746204344e-11, 1.84269086101e-10, 7.05655534006e-11, 3.00663556552e-11, 5.50198983595e-11, 3.30623410594e-11, 5.61400370636e-11, 3.70593625232e-11, 1.74891368748e-11, 1.03894991568e-11],
        "max": [0.0615684613585, 0.0497763454914, 0.0271095223725, 0.0111219249666, 0.00634177168831, 0.00574681349099, 0.00882665067911, 0.0134339630604, 0.008380391635, 0.00550613319501, 0.00309837493114, 0.00325545645319, 0.00318138697185, 0.00299495272338, 0.000935305317398, 0.00103303336073, 0.00077185058035, 0.000980251003057, 0.000316763384035, 0.000264467846137, 0.000626824505161, 0.000237751781242, 6.46133848932e-05, 0.000105453334982, 6.29094647593e-05, 6.39117934043e-05, 7.1611488238e-05, 6.59183860989e-05, 7.81108683441e-05, 0.000114221620606, 5.29569224454e-05, 9.94676011032e-05, 5.5953674746e-05, 4.68879261462e-05, 3.93626432924e-05, 3.3770706068e-05, 4.91405262437e-05, 4.38547431258e-05, 3.2830179407e-05, 2.86135036731e-05],
        "mean": [0.00561308534816, 0.00349837564863, 0.00114335457329, 0.001202358515, 0.000867185532115, 0.000331491784891, 0.000708914303686, 0.00110177567694, 0.000453358137747, 0.000233060840401, 0.000169902021298, 0.000171217136085, 0.000126573489979, 8.15681923996e-05, 4.77277644677e-05, 5.7580327848e-05, 4.18353374698e-05, 3.7543122744e-05, 1.89728489204e-05, 1.67068810697e-05, 1.40865913636e-05, 6.12135772826e-06, 4.6475547606e-06, 6.18221929471e-06, 3.9676842789e-06, 3.52378401658e-06, 3.55582528755e-06, 4.05263608627e-06, 3.486890364e-06, 2.33215291701e-06, 1.68837641468e-06, 2.05503624784e-06, 3.18458478432e-06, 3.09830807055e-06, 2.31083299695e-06, 2.16258899854e-06, 2.90955995297e-06, 1.92486754713e-06, 1.18462207865e-06, 8.04676005828e-07],
        "median": [0.00216819811612, 0.00118883547839, 0.000254318467341, 0.000752636988182, 0.000532629783265, 0.000169220220414, 0.000263798661763, 0.000426680169767, 0.000201608680072, 0.00010325734911, 3.65828964277e-05, 2.99075509247e-05, 3.25137589243e-05, 2.08471592487e-05, 1.49498546307e-05, 1.17785957627e-05, 8.16447573015e-06, 4.39778068539e-06, 4.48865330327e-06, 3.76435559701e-06, 2.60673868979e-06, 1.80899598945e-06, 1.69355121216e-06, 1.40016425121e-06, 9.21332059534e-07, 7.60756165619e-07, 1.01490593352e-06, 1.8214730062e-06, 1.61884634053e-06, 6.97631946878e-07, 3.03453532524e-07, 4.02618439921e-07, 1.20915694879e-06, 1.31793967739e-06, 5.59012960366e-07, 7.11136237896e-07, 1.18990863029e-06, 6.23487551366e-07, 2.46445523544e-07, 1.78636213377e-07],
        "min": [4.79116879597e-24, 1.33987488326e-23, 2.05683553459e-23, 2.06321079289e-23, 3.66341797903e-23, 1.11154848169e-23, 9.70612801176e-24, 1.8242801286e-23, 6.22271270852e-24, 3.30029761296e-24, 1.56037377306e-24, 5.87220642554e-24, 1.43428433645e-23, 9.13198478975e-24, 1.16647647209e-23, 1.01436042374e-23, 7.68638613688e-24, 6.29288188604e-24, 1.0514753827e-23, 1.28266140505e-23, 5.73129496305e-24, 1.46500336896e-23, 6.6290640327e-24, 7.36103860032e-24, 1.50832256117e-23, 1.0927732766e-23, 1.0081510629e-23, 1.04501721512e-23, 5.10676956161e-24, 8.037342465e-24, 1.50419950076e-23, 8.4169139336e-24, 5.60283330337e-24, 6.56683276804e-24, 1.007327571e-23, 1.13653028661e-23, 1.78671473006e-23, 1.17247686368e-23, 1.07009936315e-23, 1.34394745657e-23],
        "stdev": [0.00757487444207, 0.00662334403023, 0.00299405818805, 0.00129864364862, 0.000927207700443, 0.000677830714267, 0.00111329532228, 0.00162318442017, 0.000814666913357, 0.000411104643717, 0.000313737167744, 0.000338200421538, 0.000273433048278, 0.000173566804733, 8.94817712833e-05, 0.000119030999485, 8.84860637598e-05, 9.46181899053e-05, 3.68351211364e-05, 3.25123291987e-05, 4.00026401621e-05, 1.49921906996e-05, 7.34485865905e-06, 1.15927432489e-05, 7.3407736636e-06, 6.75007458995e-06, 6.17610066911e-06, 6.21485287411e-06, 5.61720844416e-06, 5.44739850739e-06, 4.03601325161e-06, 6.47951992505e-06, 5.37191044714e-06, 4.82969880977e-06, 4.30933550888e-06, 3.72548788619e-06, 4.90616957904e-06, 3.74349951926e-06, 2.90161415251e-06, 2.23079973694e-06],
        "var": [5.73787256144e-05, 4.38686874986e-05, 8.96438450582e-06, 1.68647534338e-06, 8.59714077706e-07, 4.59454497559e-07, 1.23942641039e-06, 2.63472747974e-06, 6.63682214963e-07, 1.69007023487e-07, 9.84310020158e-08, 1.14379524518e-07, 7.47656372369e-08, 3.01254345914e-08, 8.00698796155e-09, 1.41683784705e-08, 7.82978393232e-09, 8.95260221512e-09, 1.35682620694e-09, 1.0570515574e-09, 1.60021107476e-09, 2.24765775436e-10, 5.39469476035e-11, 1.34391706097e-10, 5.38869608657e-11, 4.55635043584e-11, 3.81442204211e-11, 3.86243988182e-11, 3.15530310213e-11, 2.96741520245e-11, 1.62894021188e-11, 4.19841800214e-11, 2.88574216606e-11, 2.33259921795e-11, 1.85703744049e-11, 1.38792597207e-11, 2.40705008009e-11, 1.4013789261e-11, 8.41936503154e-12, 4.97646758871e-12]
    },
    "melbands128": {
