{
"lowlevel": {
    "average_loudness": 0.971771299839,
    "barkbands_crest": {
        "dmean": 2.81594848633,
        "dmean2": 4.26270151138,
        "dvar": 7.35382461548,
        "dvar2": 16.1372203827,
        "max": 25.7113208771,
        "mean": 12.8028020859,
        "median": 11.711643219,
        "min": 2.72556042671,
        "stdev": 5.09039258957,
        "var": 25.9120979309
    },
    "barkbands_flatness_db": {
        "dmean": 0.0324841775,
        "dmean2": 0.0470971986651,
        "dvar": 0.00113135110587,
        "dvar2": 0.00262581533752,
        "max": 0.443213582039,
        "mean": 0.181212335825,
        "median": 0.173586532474,
        "min": 0.0341508835554,
        "stdev": 0.0668594241142,
        "var": 0.00447018258274
    },
    "barkbands_kurtosis": {
        "dmean": 9.94256305695,
        "dmean2": 15.3329267502,
        "dvar": 315.424072266,
        "dvar2": 711.376159668,
        "max": 321.569213867,
        "mean": 15.7863225937,
        "median": 8.35157489777,
        "min": -1.954231143,
        "stdev": 25.6380176544,
        "var": 657.307922363
    },
    "barkbands_skewness": {
        "dmean": 0.998841106892,
        "dmean2": 1.47432339191,
        "dvar": 1.21315431595,
        "dvar2": 2.81324744225,
        "max": 14.2854738235,
        "mean": 2.82811737061,
        "median": 2.64656376839,
        "min": -2.82251358032,
        "stdev": 2.01193475723,
        "var": 4.04788160324
    },
    "barkbands_spread": {
        "dmean": 9.1414937973,
        "dmean2": 14.0607404709,
        "dvar": 194.680084229,
        "dvar2": 408.028045654,
        "max": 108.662971497,
        "mean": 20.5372943878,
        "median": 12.8534851074,
        "min": 0.401439845562,
        "stdev": 21.8913402557,
        "var": 479.230773926
    },
    "dissonance": {
        "dmean": 0.0222352463752,
        "dmean2": 0.0356541574001,
        "dvar": 0.000619774800725,
        "dvar2": 0.00145324447658,
        "max": 0.499506950378,
        "mean": 0.45123681426,
        "median": 0.458780556917,
        "min": 0.0729892253876,
        "stdev": 0.0361095406115,
        "var": 0.0013038989855
    },
    "dynamic_complexity": 1.8261256218,
    "erbbands_crest": {
        "dmean": 2.82874345779,
        "dmean2": 4.56985044479,
        "dvar": 7.45763540268,
        "dvar2": 18.1758575439,
        "max": 26.5011539459,
        "mean": 9.98790836334,
        "median": 9.06855583191,
        "min": 2.62126374245,
        "stdev": 4.64823532104,
        "var": 21.6060905457
    },
    "erbbands_flatness_db": {
        "dmean": 0.0220272224396,
        "dmean2": 0.0323223210871,
        "dvar": 0.000491826504003,
        "dvar2": 0.000948363740463,
        "max": 0.270622372627,
        "mean": 0.144681885839,
        "median": 0.142603084445,
        "min": 0.0483961179852,
        "stdev": 0.0436771251261,
        "var": 0.00190769135952
    },
    "erbbands_kurtosis": {
        "dmean": 1.89998698235,
        "dmean2": 2.92053699493,
        "dvar": 9.17782497406,
        "dvar2": 18.852848053,
        "max": 38.1468658447,
        "mean": 1.72498643398,
        "median": 0.263059854507,
        "min": -1.89775037766,
        "stdev": 4.45557165146,
        "var": 19.8521175385
    },
    "erbbands_skewness": {
        "dmean": 0.575222313404,
        "dmean2": 0.824629306793,
        "dvar": 0.377928614616,
        "dvar2": 0.689190864563,
        "max": 4.95861959457,
        "mean": 0.532396614552,
        "median": 0.612739682198,
        "min": -5.52504348755,
        "stdev": 1.32123327255,
        "var": 1.74565720558
    },
    "erbbands_spread": {
        "dmean": 15.7330465317,
        "dmean2": 24.1018505096,
        "dvar": 360.940429688,
        "dvar2": 810.769836426,
        "max": 157.017791748,
        "mean": 50.6282310486,
        "median": 44.3136749268,
        "min": 9.47016143799,
        "stdev": 28.0649471283,
        "var": 787.641296387
    },
    "hfc": {
        "dmean": 13.9207820892,
        "dmean2": 21.138376236,
        "dvar": 647.871520996,
        "dvar2": 1313.58984375,
        "max": 347.064758301,
        "mean": 27.6863555908,
        "median": 15.479013443,
        "min": 1.15464487345e-16,
        "stdev": 37.4458198547,
        "var": 1402.18945312
    },
    "loudness_ebu128": {
        "integrated": -9.00646209717,
        "loudness_range": 2.15748119354,
        "momentary": {
            "dmean": 0.542912125587,
            "dmean2": 0.659214317799,
            "dvar": 0.203840643167,
            "dvar2": 0.299644768238,
            "max": -5.93116378784,
            "mean": -9.22721481323,
            "median": -8.94429779053,
            "min": -15.4522094727,
            "stdev": 1.46999287605,
            "var": 2.16087889671
        },
        "short_term": {
            "dmean": 0.0709510520101,
            "dmean2": 0.0855765938759,
            "dvar": 0.00312329409644,
            "dvar2": 0.00511814421043,
            "max": -7.57681751251,
            "mean": -9.05836868286,
            "median": -9.05613708496,
            "min": -10.3215847015,
            "stdev": 0.693688094616,
            "var": 0.481203198433
        }
    },
    "melbands_crest": {
        "dmean": 3.1822309494,
        "dmean2": 5.09325933456,
        "dvar": 11.4213762283,
        "dvar2": 29.7043056488,
        "max": 32.5611572266,
        "mean": 16.6281108856,
        "median": 15.6858606339,
        "min": 1.81536853313,
        "stdev": 5.82107925415,
        "var": 33.8849639893
    },
    "melbands_flatness_db": {
        "dmean": 0.0375524386764,
        "dmean2": 0.0538162887096,
        "dvar": 0.00167800858617,
        "dvar2": 0.00383105827495,
        "max": 0.578885257244,
        "mean": 0.25731882453,
        "median": 0.249619483948,
        "min": 0.00652784807608,
        "stdev": 0.0828185975552,
        "var": 0.00685892021284
    },
    "melbands_kurtosis": {
        "dmean": 22.2505302429,
        "dmean2": 34.8196296692,
        "dvar": 1280.86779785,
        "dvar2": 3327.21655273,
        "max": 411.618713379,
        "mean": 40.544467926,
        "median": 27.4675102234,
        "min": -1.91170310974,
        "stdev": 48.1923522949,
        "var": 2322.50292969
    },
    "melbands_skewness": {
        "dmean": 1.29334676266,
        "dmean2": 1.94551336765,
        "dvar": 2.07977962494,
        "dvar2": 5.05104589462,
        "max": 15.0427179337,
        "mean": 4.43097352982,
        "median": 4.02870368958,
        "min": -0.302638828754,
        "stdev": 2.48411178589,
        "var": 6.17081165314
    },
    "melbands_spread": {
        "dmean": 8.79361343384,
        "dmean2": 12.8842477798,
        "dvar": 313.604187012,
        "dvar2": 572.13659668,
        "max": 232.315567017,
        "mean": 17.9480457306,
        "median": 9.29305648804,
        "min": 0.443172067404,
        "stdev": 28.5132007599,
        "var": 813.002624512
    },
    "pitch_salience": {
        "dmean": 0.0802667662501,
        "dmean2": 0.128453731537,
        "dvar": 0.00677388207987,
        "dvar2": 0.0175768472254,
        "max": 0.861161053181,
        "mean": 0.498206526041,
        "median": 0.504156172276,
        "min": 0.0853233262897,
        "stdev": 0.134848535061,
        "var": 0.0181841272861
    },
    "silence_rate_20dB": {
        "dmean": 0,
        "dmean2": 0,
        "dvar": 0,
        "dvar2": 0,
        "max": 1,
        "mean": 1,
        "median": 1,
        "min": 1,
        "stdev": 0,
        "var": 0
    },
    "silence_rate_30dB": {
        "dmean": 0.0758513957262,
        "dmean2": 0.151820287108,
        "dvar": 0.0700972676277,
        "dvar2": 0.176797866821,
        "max": 1,
        "mean": 0.927300870419,
        "median": 1,
        "min": 0,
        "stdev": 0.259641945362,
        "var": 0.0674139410257
    },
    "silence_rate_60dB": {
        "dmean": 0.00232198135927,
        "dmean2": 0.00464755995199,
        "dvar": 0.00231660157442,
        "dvar2": 0.00617508543655,
        "max": 1,
        "mean": 0.00232018553652,
        "median": 0,
        "min": 0,
        "stdev": 0.0481126010418,
        "var": 0.00231482251547
    },
    "spectral_centroid": {
        "dmean": 339.569335938,
        "dmean2": 484.379455566,
        "dvar": 314031.25,
        "dvar2": 461677,
        "max": 11096.6767578,
        "mean": 1070.34692383,
        "median": 762.862976074,
        "min": 159.987792969,
        "stdev": 978.995666504,
        "var": 958432.5
    },
    "spectral_complexity": {
        "dmean": 3.76934981346,
        "dmean2": 5.75135564804,
        "dvar": 35.4977607727,
        "dvar2": 72.2814483643,
        "max": 69,
        "mean": 14.0355758667,
        "median": 13,
        "min": 0,
        "stdev": 8.49121952057,
        "var": 72.1008148193
    },
    "spectral_decrease": {
        "dmean": 3.78862363704e-09,
        "dmean2": 5.83338977123e-09,
        "dvar": 2.78542814238e-17,
        "dvar2": 7.25266600956e-17,
        "max": 4.07533065597e-29,
        "mean": -1.16917249215e-08,
        "median": -9.45827238752e-09,
        "min": -5.29851895692e-08,
        "stdev": 8.41431013754e-09,
        "var": 7.08006187073e-17
    },
    "spectral_energy": {
        "dmean": 0.0149758411571,
        "dmean2": 0.0230630338192,
        "dvar": 0.000405205559218,
        "dvar2": 0.00105522247031,
        "max": 0.202533379197,
        "mean": 0.0466385297477,
        "median": 0.0388923063874,
        "min": 1.03191573054e-20,
        "stdev": 0.0320528671145,
        "var": 0.0010273862863
    },
    "spectral_energyband_high": {
        "dmean": 0.00142890401185,
        "dmean2": 0.00208660867065,
        "dvar": 9.11482493393e-06,
        "dvar2": 1.61384432431e-05,
        "max": 0.0433960370719,
        "mean": 0.00205685454421,
        "median": 0.000411678891396,
        "min": 7.18306680276e-21,
        "stdev": 0.00497054122388,
        "var": 2.47062780545e-05
    },
    "spectral_energyband_low": {
        "dmean": 0.0117354961112,
        "dmean2": 0.0180870480835,
        "dvar": 0.000470230006613,
        "dvar2": 0.00125597487204,
        "max": 0.196136236191,
        "mean": 0.0262180641294,
        "median": 0.0159059129655,
        "min": 6.4293085165e-23,
        "stdev": 0.0317646563053,
        "var": 0.00100899336394
    },
    "spectral_energyband_middle_high": {
        "dmean": 0.00189885287546,
        "dmean2": 0.00301462551579,
        "dvar": 1.47099908645e-05,
        "dvar2": 3.56485397788e-05,
        "max": 0.0357992425561,
        "mean": 0.00360523746349,
        "median": 0.00146059843246,
        "min": 1.58449808775e-21,
        "stdev": 0.00530808372423,
        "var": 2.81757529592e-05
    },
    "spectral_energyband_middle_low": {
        "dmean": 0.0057668206282,
        "dmean2": 0.00932111218572,
        "dvar": 4.96613829455e-05,
        "dvar2": 0.00013303932792,
        "max": 0.0679614692926,
        "mean": 0.0158940479159,
        "median": 0.0134797971696,
        "min": 3.01556810632e-22,
        "stdev": 0.0115068610758,
        "var": 0.000132407847559
    },
    "spectral_entropy": {
        "dmean": 0.284755825996,
        "dmean2": 0.418421536684,
        "dvar": 0.107731536031,
        "dvar2": 0.222243592143,
        "max": 9.81138801575,
        "mean": 7.42527008057,
        "median": 7.43657302856,
        "min": 5.76830339432,
        "stdev": 0.615594863892,
        "var": 0.37895706296
    },
    "spectral_flux": {
        "dmean": 0.0340599641204,
        "dmean2": 0.0516981706023,
        "dvar": 0.00137395842467,
        "dvar2": 0.00276428414509,
        "max": 0.363813251257,
        "mean": 0.0973507612944,
        "median": 0.0844692736864,
        "min": 1.01583255696e-10,
        "stdev": 0.0593885034323,
        "var": 0.00352699449286
    },
    "spectral_kurtosis": {
        "dmean": 1.66184329987,
        "dmean2": 2.63170719147,
        "dvar": 4.46437597275,
        "dvar2": 10.7817497253,
        "max": 23.4526672363,
        "mean": 3.68090081215,
        "median": 2.96871519089,
        "min": -1.18082273006,
        "stdev": 3.23029994965,
        "var": 10.4348373413
    },
    "spectral_rms": {
        "dmean": 0.00100421439856,
        "dmean2": 0.00150830089115,
        "dvar": 1.2732569985e-06,
        "dvar2": 3.02592502521e-06,
        "max": 0.0140567971393,
        "mean": 0.00638954434544,
        "median": 0.00615984713659,
        "min": 3.17292784928e-12,
        "stdev": 0.00216210936196,
        "var": 4.67471727461e-06
    },
    "spectral_rolloff": {
        "dmean": 700.464477539,
        "dmean2": 1202.42504883,
        "dvar": 2892853,
        "dvar2": 6312386.5,
        "max": 19013.8183594,
        "mean": 1232.10571289,
        "median": 387.59765625,
        "min": 64.599609375,
        "stdev": 2115.25878906,
        "var": 4474319.5
    },
    "spectral_skewness": {
        "dmean": 0.291538655758,
        "dmean2": 0.433730393648,
        "dvar": 0.104764059186,
        "dvar2": 0.227762430906,
        "max": 3.81745672226,
        "mean": 1.53202712536,
        "median": 1.54526436329,
        "min": -0.234575301409,
        "stdev": 0.639129221439,
        "var": 0.408486127853
    },
    "spectral_spread": {
        "dmean": 1130401.125,
        "dmean2": 1604954.375,
        "dvar": 2.53640494285e+12,
        "dvar2": 4.2793214935e+12,
        "max": 39361580,
        "mean": 5858421,
        "median": 5283818.5,
        "min": 1915409,
        "stdev": 2371824.25,
        "var": 5.62554994688e+12
    },
    "spectral_strongpeak": {
        "dmean": 0.378587543964,
        "dmean2": 0.645534276962,
        "dvar": 0.509272873402,
        "dvar2": 1.31823849678,
        "max": 8.63830184937,
        "mean": 0.751354455948,
        "median": 0.471825927496,
        "min": 0,
        "stdev": 0.835150420666,
        "var": 0.697476267815
    },
    "zerocrossingrate": {
        "dmean": 0.0156703516841,
        "dmean2": 0.0182449258864,
        "dvar": 0.00057214795379,
        "dvar2": 0.000603828229941,
        "max": 0.50390625,
        "mean": 0.0537943951786,
        "median": 0.0380859375,
        "min": 0.00244140625,
        "stdev": 0.050853792578,
        "var": 0.00258610816672
    },
    "barkbands": {
        "dmean": [0.000320562801789, 0.00834672618657, 0.00473485281691, 0.0015735704219, 0.00386037188582, 0.00097701465711, 0.000623130879831, 0.000434427900473, 0.000527307507582, 0.000498573470395, 0.000284018722596, 0.000231080266531, 0.000247950083576, 0.000390962319216, 0.00030616245931, 0.000247173069511, 0.000168037920957, 0.00012946264178, 0.000207588906051, 0.000135952330311, 0.000205887365155, 0.000388442131225, 0.00041743426118, 0.000213230334339, 0.000167970341863, 0.00012799569231, 2.55726308751e-06],
        "dmean2": [0.000387659150874, 0.0113703357056, 0.00827713403851, 0.00270686740987, 0.00620983960107, 0.00145491072908, 0.000937193341088, 0.000692510337103, 0.00078463886166, 0.000725134392269, 0.000444323261036, 0.000366843421943, 0.000386744010029, 0.000655550509691, 0.00049104570644, 0.000429451931268, 0.000265313370619, 0.000218232060433, 0.000327007059241, 0.000218851011596, 0.000312389165629, 0.000540945096873, 0.000619248487055, 0.00031381752342, 0.00026646463084, 0.000219766341615, 4.20313926952e-06],
        "dvar": [3.51331806314e-07, 0.000243451358983, 0.000204238036531, 1.01811647255e-05, 2.53443085967e-05, 3.73111356566e-06, 1.74319495727e-06, 1.26070517581e-06, 1.82551912076e-06, 1.67975326804e-06, 9.17736144856e-07, 8.49352659316e-07, 3.91647091647e-07, 1.05155299934e-06, 5.39859684068e-07, 5.40045675734e-07, 1.47576642462e-07, 1.85537871289e-07, 2.98056392012e-07, 1.0638223813e-07, 3.25196225504e-07, 1.01427281152e-06, 1.15795751299e-06, 2.07215151704e-07, 1.21587333979e-07, 9.30983574676e-08, 5.51797531279e-11],
        "dvar2": [4.89901992751e-07, 0.000478377274703, 0.000560557818972, 2.91388332698e-05, 6.66319465381e-05, 7.95249980001e-06, 3.90181139664e-06, 2.99778980661e-06, 3.62897299055e-06, 3.43514216183e-06, 2.12482291317e-06, 2.03514559871e-06, 8.37095853967e-07, 2.78575544144e-06, 1.24045823213e-06, 1.5021037143e-06, 3.24729285239e-07, 4.86748717776e-07, 6.66568894303e-07, 2.45436694968e-07, 6.83114365074e-07, 1.8205704464e-06, 2.11309202314e-06, 3.9161190557e-07, 2.59678159864e-07, 2.51426257591e-07, 1.23903623472e-10],
        "max": [0.0078285029158, 0.152912512422, 0.11916269362, 0.0304115880281, 0.0611746311188, 0.0351983122528, 0.019087260589, 0.0202591698617, 0.0249245297164, 0.0246585197747, 0.0128832357004, 0.015223425813, 0.0142744872719, 0.0109793022275, 0.0111239803955, 0.007887031883, 0.00720986537635, 0.00387396127917, 0.0070786178112, 0.00556129729375, 0.00620752805844, 0.0144697595388, 0.0178316235542, 0.00717122945935, 0.00691182399169, 0.00231317104772, 0.000128208834212],
        "mean": [0.000758854846936, 0.0187790486962, 0.00566865876317, 0.00200031022541, 0.00834328867495, 0.00249575264752, 0.00121010525618, 0.000706069462467, 0.000915002543479, 0.000799164583441, 0.000334016018314, 0.000297839200357, 0.000371378468117, 0.000446807302069, 0.000383544742363, 0.000275416969089, 0.000268309813691, 0.000134554007673, 0.000277867482509, 0.000190218881471, 0.000258755986579, 0.000533988990355, 0.000591503398027, 0.000285284710117, 0.0001991038298, 0.000111214867502, 2.46409422289e-06],
        "median": [0.000438971706899, 0.0106589114293, 0.00189862097614, 0.00112232891843, 0.00541355134919, 0.00104995444417, 0.000454573135357, 0.000185518714716, 0.000175866807695, 0.000139501775266, 5.05542375322e-05, 5.97623475187e-05, 7.80144328019e-05, 7.93608924141e-05, 0.000104201237264, 6.90889501129e-05, 9.70233450062e-05, 4.24441459472e-05, 6.46750486339e-05, 4.84851007059e-05, 4.73296568089e-05, 8.03371221991e-05, 0.000104849183117, 5.72415374336e-05, 2.94468372886e-05, 9.13217354537e-06, 1.17366305119e-07],
        "min": [2.37546891822e-23, 2.9974243686e-23, 2.17099317391e-23, 9.38281415862e-24, 1.31891216688e-23, 8.57671727371e-23, 1.38387691347e-23, 5.62915490965e-23, 1.08639399512e-22, 1.0549049397e-22, 1.21400341681e-22, 8.74796887881e-23, 8.6799678066e-23, 1.44068770975e-22, 1.27306335019e-22, 1.11635367012e-22, 9.8858496164e-23, 2.23623386404e-22, 2.96589637501e-22, 3.47306451731e-22, 2.69662394305e-22, 5.26843822643e-22, 5.65143638058e-22, 7.52806402512e-22, 1.1853740516e-21, 1.85216563584e-21, 2.19453480281e-21],
        "stdev": [0.00111698743422, 0.0264996625483, 0.01205358468, 0.00294508365914, 0.00829231645912, 0.00442495709285, 0.00206269393675, 0.00156150746625, 0.00208728644066, 0.00225696247071, 0.00107241759542, 0.00109043659177, 0.0010020484915, 0.00107480341103, 0.00085985660553, 0.000697585754097, 0.00062666303711, 0.000381986581488, 0.000676972907968, 0.000430949497968, 0.000689049309585, 0.00154130544979, 0.00176347617526, 0.000723467790522, 0.000497801054735, 0.000271039112704, 9.02164538275e-06],
        "var": [1.24766086174e-06, 0.000702232122421, 0.000145288897329, 8.67351718625e-06, 6.87625069986e-05, 1.9580244043e-05, 4.25470670962e-06, 2.43830572799e-06, 4.35676429333e-06, 5.09387928105e-06, 1.15007946988e-06, 1.18905188629e-06, 1.00410113646e-06, 1.15520231248e-06, 7.39353424706e-07, 4.86625879148e-07, 3.92706567709e-07, 1.45913759297e-07, 4.5829233386e-07, 1.85717482282e-07, 4.74788947713e-07, 2.37562244365e-06, 3.10984819407e-06, 5.23405617514e-07, 2.47805871822e-07, 7.34621963261e-08, 8.13900821739e-11]
    },
    "erbbands": {
        "dmean": [0.298183888197, 1.82731115818, 5.3994550705, 4.43160057068, 7.4247636795, 18.0663375854, 12.2222270966, 5.9315495491, 7.48926448822, 10.6135559082, 9.42060470581, 12.1199007034, 13.8441925049, 14.6147823334, 10.2827425003, 8.01195812225, 10.0028114319, 18.3061485291, 18.763217926, 13.7821874619, 12.247171402, 8.6694984436, 7.16819858551, 6.97375774384, 11.7733030319, 6.54072332382, 7.49068641663, 8.78386116028, 13.4686059952, 15.8042325974, 10.7110366821, 5.33356618881, 2.98865318298, 1.98843944073, 1.19623565674, 0.661800205708, 0.232256412506, 0.0184878502041, 0.000483560026623, 3.35551740136e-05],
        "dmean2": [0.37416690588, 2.68323111534, 9.30896282196, 7.48617458344, 12.0602912903, 29.5770053864, 18.7979412079, 9.09086990356, 10.965555191, 16.723033905, 14.953453064, 17.4501647949, 20.8711433411, 21.3435268402, 16.0635814667, 12.7221126556, 15.5400562286, 29.4429645538, 31.3457145691, 22.4746246338, 20.6945381165, 13.7321634293, 11.727227211, 11.3248558044, 18.2118339539, 10.7412719727, 11.922911644, 12.7206535339, 18.8186817169, 23.4205341339, 15.4583864212, 7.91194581985, 4.38424348831, 3.0821814537, 1.97242236137, 1.12777817249, 0.406811147928, 0.0313351154327, 0.00080951343989, 5.39208558621e-05],
        "dvar": [0.366553425789, 12.0351886749, 258.650268555, 99.2803039551, 107.893310547, 782.438293457, 605.225891113, 112.792060852, 216.607543945, 851.043518066, 466.724853516, 1174.09960938, 2020.17199707, 1446.76745605, 1079.54516602, 879.320617676, 549.567871094, 1803.15905762, 2211.9753418, 1607.58740234, 1045.94006348, 385.942962646, 430.57723999, 476.264556885, 1031.54492188, 258.494567871, 528.525268555, 528.066650391, 1280.98620605, 1380.08557129, 909.658081055, 157.818771362, 43.9445648193, 20.0770435333, 6.31449317932, 2.27147841454, 0.33617836237, 0.0019445506623, 1.47616617596e-06, 2.55152943218e-09],
        "dvar2": [0.578638970852, 26.9607944489, 713.960632324, 268.672729492, 262.38684082, 2122.96582031, 1288.62341309, 264.280944824, 468.479125977, 2083.99267578, 1176.99084473, 2103.94555664, 3865.09716797, 2630.46533203, 2580.85546875, 2233.82885742, 1252.39318848, 4567.37158203, 5657.38183594, 3749.57910156, 2743.22998047, 877.760070801, 1069.38146973, 1206.14172363, 2359.30297852, 624.492736816, 1164.23620605, 1010.27514648, 2417.21630859, 2518.03637695, 1733.60375977, 305.239868164, 74.5967102051, 39.7564277649, 15.1124601364, 6.01608800888, 0.919203042984, 0.00500856898725, 3.71285227629e-06, 6.58377929952e-09],
        "max": [5.84528923035, 32.884349823, 144.067428589, 103.284828186, 125.106575012, 337.001800537, 479.716583252, 184.60395813, 260.856872559, 448.311523438, 287.009185791, 780.645324707, 897.117919922, 567.236022949, 476.103027344, 677.698730469, 339.535736084, 635.293212891, 438.400909424, 669.743774414, 391.530944824, 326.462097168, 176.802337646, 187.219680786, 495.622039795, 152.804367065, 214.14440918, 327.70135498, 479.794921875, 588.096862793, 483.214111328, 220.942169189, 117.682655334, 109.157058716, 30.6843528748, 12.2137241364, 4.83757638931, 0.43465796113, 0.0147927468643, 0.000433980836533],
        "mean": [0.638591825962, 3.78093838692, 7.32006788254, 6.32317256927, 14.5583372116, 33.1350326538, 31.4245872498, 14.2152242661, 15.2424459457, 20.8785610199, 15.5935659409, 21.9805908203, 22.0153865814, 24.7345581055, 13.6406116486, 11.1543369293, 15.0265073776, 25.7504138947, 21.9068527222, 16.6051025391, 16.334482193, 13.5775146484, 8.75023460388, 8.39236545563, 16.6046237946, 8.77232837677, 9.00487136841, 11.9197072983, 18.1340923309, 21.6770992279, 15.2371578217, 7.34068727493, 4.10056018829, 2.52848482132, 1.27177023888, 0.603301167488, 0.190892770886, 0.0173046384007, 0.000471687322715, 7.40016912459e-05],
        "median": [0.293279320002, 2.12309908867, 4.00370407104, 3.33888530731, 9.09661579132, 17.464220047, 13.9090776443, 6.14394187927, 7.05402946472, 5.17302560806, 5.42527866364, 4.43983983994, 5.31440448761, 4.73455905914, 2.44378256798, 2.81731772423, 3.53712892532, 4.77509117126, 5.89079713821, 4.28232192993, 5.05588960648, 5.18718671799, 3.20432806015, 2.3567442894, 3.75138401985, 2.42438602448, 1.74156320095, 2.00817894936, 2.81356501579, 3.74567008018, 2.59833455086, 1.53926515579, 0.727890133858, 0.380677193403, 0.171227663755, 0.0579777993262, 0.013849969022, 0.00153161631897, 6.47266278975e-05, 5.48023599549e-05],
        "min": [1.36921201448e-21, 5.4641830665e-21, 1.81501827932e-20, 3.02520371032e-20, 4.48820057812e-20, 4.68747291133e-20, 3.19432879987e-19, 7.84623669302e-19, 2.62734818875e-19, 4.56915286726e-19, 1.30888758791e-18, 2.18123619102e-18, 3.2652636216e-18, 4.22560831865e-18, 4.98127420417e-18, 2.55482238851e-18, 3.01033358785e-18, 7.36180570851e-18, 8.32231625527e-18, 7.25002713797e-18, 4.54701513593e-18, 6.89913298622e-18, 1.17259245936e-17, 1.10013631806e-17, 1.66744407911e-17, 1.71603465353e-17, 1.20518130754e-17, 1.1599343626e-17, 2.21090868987e-17, 1.69643891025e-17, 1.44225309089e-17, 1.36493569186e-17, 1.45709287652e-17, 1.34014533705e-17, 7.8248746503e-18, 5.95175145014e-18, 3.51482732113e-18, 1.23006027407e-18, 3.03058632966e-19, 3.25987323451e-20],
        "stdev": [1.02264344692, 5.35052680969, 13.8677053452, 9.45671081543, 16.5887851715, 42.3510894775, 59.1345405579, 21.6866874695, 23.4667263031, 46.9195251465, 25.4733047485, 55.0417861938, 63.4031562805, 64.2754211426, 37.766078949, 33.3060493469, 32.9868202209, 61.7411308289, 46.8595581055, 47.1368942261, 39.6198348999, 29.1482563019, 20.2609367371, 21.3307800293, 44.8993186951, 18.5688285828, 24.830247879, 32.6699371338, 52.2995491028, 60.9296302795, 48.1590652466, 19.3226356506, 10.9588680267, 6.93114566803, 2.97223854065, 1.40473282337, 0.498976588249, 0.0439617447555, 0.00124469317961, 5.92508768023e-05],
        "var": [1.04579973221, 28.6281356812, 192.313262939, 89.4293823242, 275.187774658, 1793.61462402, 3496.89404297, 470.312408447, 550.687255859, 2201.44189453, 648.889282227, 3029.59814453, 4019.96044922, 4131.33007812, 1426.2767334, 1109.29296875, 1088.13037109, 3811.96704102, 2195.81835938, 2221.88696289, 1569.73120117, 849.620849609, 410.505554199, 455.00213623, 2015.94873047, 344.801391602, 616.54119873, 1067.3248291, 2735.24267578, 3712.41967773, 2319.2956543, 373.364227295, 120.096786499, 48.0407829285, 8.83420181274, 1.97327423096, 0.24897763133, 0.00193263497204, 1.54926101459e-06, 3.51066642423e-09]
    },
    "gfcc": {
        "mean": [6.43615341187, 91.0929794312, -81.6225357056, 49.8882369995, -59.3592948914, 21.7090187073, -44.73072052, 4.22799444199, -18.9502773285, 0.0375413522124, -18.1626377106, 1.87229120731, -8.86316680908],
        "cov": [[4876.20751953, -1240.5324707, -522.489257812, -0.738404095173, -185.36920166, 382.260986328, 24.3761043549, 278.26461792, -219.3775177, 269.002044678, -214.144210815, 96.6344909668, -190.071105957], [-1240.5324707, 1965.62866211, -421.320343018, -320.14453125, 194.546966553, -190.277893066, 151.531997681, -107.573829651, 227.835037231, -189.032012939, 343.858398438, -176.142227173, 161.952728271], [-522.489257812, -421.320343018, 906.172485352, 269.33682251, 70.5885467529, 79.2516784668, -25.0086555481, 76.113822937, 54.1661529541, 92.859664917, -58.8372840881, 121.845748901, 6.87973833084], [-0.738404095173, -320.14453125, 269.33682251, 574.310546875, 102.407241821, 23.1004295349, 2.99851608276, 49.3734092712, 109.925178528, 53.9084625244, 8.80063343048, 28.6858062744, 71.345993042], [-185.36920166, 194.546966553, 70.5885467529, 102.407241821, 318.308929443, 26.0232830048, 40.5685081482, 61.463470459, 46.7895050049, 29.6801052094, 48.8023033142, 12.4905471802, 35.0132293701], [382.260986328, -190.277893066, 79.2516784668, 23.1004295349, 26.0232830048, 276.448822021, 144.331954956, 88.3061599731, 14.4049377441, 57.3110198975, -3.19017720222, 23.6234436035, -14.6886348724], [24.3761043549, 151.531997681, -25.0086555481, 2.99851608276, 40.5685081482, 144.331954956, 271.854217529, 106.297828674, 32.371723175, 13.4373121262, 65.3073577881, -17.969285965, 18.1438465118], [278.26461792, -107.573829651, 76.113822937, 49.3734092712, 61.463470459, 88.3061599731, 106.297828674, 194.592788696, 42.1036682129, 49.8622665405, -10.9701976776, 22.4104537964, -5.86874818802], [-219.3775177, 227.835037231, 54.1661529541, 109.925178528, 46.7895050049, 14.4049377441, 32.371723175, 42.1036682129, 223.210113525, 29.5413188934, 62.0444641113, -14.7452077866, 51.89012146], [269.002044678, -189.032012939, 92.859664917, 53.9084625244, 29.6801052094, 57.3110198975, 13.4373121262, 49.8622665405, 29.5413188934, 136.320343018, 7.22091627121, 23.4224205017, -27.1628894806], [-214.144210815, 343.858398438, -58.8372840881, 8.80063343048, 48.8023033142, -3.19017720222, 65.3073577881, -10.9701976776, 62.0444641113, 7.22091627121, 164.039169312, -17.2744255066, 36.2847137451], [96.6344909668, -176.142227173, 121.845748901, 28.6858062744, 12.4905471802, 23.6234436035, -17.969285965, 22.4104537964, -14.7452077866, 23.4224205017, -17.2744255066, 105.823310852, 12.3012657166], [-190.071105957, 161.952728271, 6.87973833084, 71.345993042, 35.0132293701, -14.6886348724, 18.1438465118, -5.86874818802, 51.89012146, -27.1628894806, 36.2847137451, 12.3012657166, 91.476020813]],
        "icov": [[0.000458616705146, -0.000134668996907, 0.000576101185288, -0.000370600668248, 0.000396170769818, -0.000703568279278, 0.00051221443573, -0.000739491311833, 0.000535905361176, -0.000877260812558, 0.000418405485107, -0.000557567807846, 0.000367944245227], [-0.000134668996907, 0.00298182433471, -0.000294891768135, 0.00247490266338, -0.00194246938918, 0.00179661484435, -0.00137721025385, 0.00111126108095, -0.00254763686098, 0.0027193701826, -0.00366959534585, 0.00287994416431, -0.00276967603713], [0.000576101185288, -0.000294891768135, 0.00233966344967, -0.00117757765111, 0.00043754678336, -0.00113498722203, 0.000773271545768, -0.000967538799159, 0.000403052719776, -0.00154141045641, 0.0011761932401, -0.00238812714815, 0.00106469134334], [-0.000370600668248, 0.00247490266338, -0.00117757765111, 0.00470226444304, -0.00215757382102, 0.00183916988317, -0.00117483991198, 0.0011400426738, -0.00284361536615, 0.0018254830502, -0.00280415918678, 0.00320348190144, -0.00446670688689], [0.000396170769818, -0.00194246938918, 0.00043754678336, -0.00215757382102, 0.00527378777042, -0.00167351576965, 0.00153740972746, -0.00248316023499, 0.00222816877067, -0.00266452762298, 0.00136908143759, -0.00194800668396, 0.000824273913167], [-0.000703568279278, 0.00179661484435, -0.00113498722203, 0.00183916988317, -0.00167351576965, 0.00803882442415, -0.00508524058387, 0.00168697594199, -0.00242918217555, 0.00104200479109, -0.0012260498479, 0.000958671735134, -0.000898754049558], [0.00051221443573, -0.00137721025385, 0.000773271545768, -0.00117483991198, 0.00153740972746, -0.00508524058387, 0.00912110507488, -0.00516704609618, 0.0026178790722, -0.000882535241544, -0.00141962198541, 0.000646153464913, -0.000455778557807], [-0.000739491311833, 0.00111126108095, -0.000967538799159, 0.0011400426738, -0.00248316023499, 0.00168697594199, -0.00516704609618, 0.0104520414025, -0.00345498300157, 0.000553221558221, 0.000990022206679, -0.000329890026478, 0.000372191076167], [0.000535905361176, -0.00254763686098, 0.000403052719776, -0.00284361536615, 0.00222816877067, -0.00242918217555, 0.0026178790722, -0.00345498300157, 0.0094027556479, -0.004509286955, 0.0012514165137, -0.000303982349578, -0.00130056310445], [-0.000877260812558, 0.0027193701826, -0.00154141045641, 0.0018254830502, -0.00266452762298, 0.00104200479109, -0.000882535241544, 0.000553221558221, -0.004509286955, 0.0147258648649, -0.00563738355413, 0.0013307032641, 0.0024403873831], [0.000418405485107, -0.00366959534585, 0.0011761932401, -0.00280415918678, 0.00136908143759, -0.0012260498479, -0.00141962198541, 0.000990022206679, 0.0012514165137, -0.00563738355413, 0.014112024568, -0.00388660491444, 0.00163015001453], [-0.000557567807846, 0.00287994416431, -0.00238812714815, 0.00320348190144, -0.00194800668396, 0.000958671735134, 0.000646153464913, -0.000329890026478, -0.000303982349578, 0.0013307032641, -0.00388660491444, 0.0167849324644, -0.00797392055392], [0.000367944245227, -0.00276967603713, 0.00106469134334, -0.00446670688689, 0.000824273913167, -0.000898754049558, -0.000455778557807, 0.000372191076167, -0.00130056310445, 0.0024403873831, 0.00163015001453, -0.00797392055392, 0.0215461384505]]
    },
    "melbands": {
        "dmean": [0.00248655537143, 0.00236912933178, 0.000815125880763, 0.000856864033267, 0.000502932991367, 0.000146023012348, 0.000117988674901, 0.000108761072624, 7.80301052146e-05, 7.70891710999e-05, 7.10343301762e-05, 6.21387735009e-05, 3.8199719711e-05, 2.93525863526e-05, 1.67434100149e-05, 2.7010566555e-05, 3.6484136217e-05, 3.32288982463e-05, 1.96990531549e-05, 1.81443210749e-05, 1.43370307342e-05, 9.20391357795e-06, 7.65872664488e-06, 7.20791285858e-06, 5.36016887054e-06, 9.40104746405e-06, 6.80016273691e-06, 3.93261097997e-06, 4.24447989644e-06, 5.27604697709e-06, 5.57825615033e-06, 8.03464990895e-06, 7.69092275732e-06, 9.96614107862e-06, 7.19337413102e-06, 3.82981443181e-06, 3.29798831444e-06, 2.24799237003e-06, 1.60247668646e-06, 1.79905566711e-06],
        "dmean2": [0.00314742140472, 0.00394479790702, 0.00136186042801, 0.00140449707396, 0.000794189167209, 0.000220026209718, 0.000174114713445, 0.00017367451801, 0.000123234072817, 0.000112686422653, 0.000107553350972, 9.05984270503e-05, 5.74777950533e-05, 4.73289946967e-05, 2.65549406322e-05, 4.18328781961e-05, 5.95964484091e-05, 5.60929438507e-05, 3.12302181555e-05, 3.09464376187e-05, 2.40989684244e-05, 1.47096379806e-05, 1.22673691294e-05, 1.23712998175e-05, 8.8272136054e-06, 1.46731927089e-05, 1.06826200863e-05, 6.64834169584e-06, 6.85089980834e-06, 8.24933795229e-06, 8.1078551375e-06, 1.15179054774e-05, 1.12128345791e-05, 1.56450587383e-05, 1.0468275832e-05, 5.63171852264e-06, 5.10552081323e-06, 3.35826621267e-06, 2.40570716414e-06, 2.87784905595e-06],
        "dvar": [2.26254542213e-05, 3.4663164115e-05, 2.55541954175e-06, 1.34492120196e-06, 6.83397956891e-07, 6.58553105382e-08, 5.22642018552e-08, 8.85334330292e-08, 2.93979400823e-08, 4.695026945e-08, 5.12115292395e-08, 2.6088221361e-08, 1.52525245767e-08, 1.60542636962e-08, 1.63706515011e-09, 4.60185578532e-09, 7.67950147917e-09, 7.98031152272e-09, 3.28867733046e-09, 2.9128268686e-09, 1.3023927492e-09, 4.73083183739e-10, 2.72759120845e-10, 6.63650634447e-10, 2.86680512662e-10, 5.96016236365e-10, 3.39498318347e-10, 1.00904104516e-10, 1.56902546511e-10, 2.79257283964e-10, 2.35314517871e-10, 4.87051177167e-10, 4.03945182859e-10, 5.4595700183e-10, 4.37698405298e-10, 1.37143310597e-10, 5.14818361552e-11, 2.62962707165e-11, 1.36623334174e-11, 1.77979089799e-11],
        "dvar2": [3.97049043386e-05, 9.68333333731e-05, 6.77539628668e-06, 3.49620631823e-06, 1.57814361046e-06, 1.530487026e-07, 1.12493999893e-07, 2.17229441546e-07, 7.43801464864e-08, 8.55259258969e-08, 9.79275895929e-08, 4.57024498246e-08, 3.63473446896e-08, 3.9398948104e-08, 3.74099595746e-09, 1.04454604966e-08, 1.93604030585e-08, 2.095136864e-08, 7.79980791066e-09, 7.81729614374e-09, 3.23552495907e-09, 1.07827657914e-09, 5.85309745116e-10, 1.78349424118e-09, 7.38366312536e-10, 1.31080690746e-09, 7.64508234496e-10, 2.60453741907e-10, 3.42577549661e-10, 6.62270516205e-10, 4.67314131836e-10, 9.81953407475e-10, 7.48058004429e-10, 1.10865039371e-09, 8.76567152197e-10, 2.71907579785e-10, 1.11421885607e-10, 4.61754696979e-11, 2.18666213608e-11, 3.85362783351e-11],
        "max": [0.0463106743991, 0.0565156079829, 0.016236288473, 0.0123156318441, 0.0139830391854, 0.00415874132887, 0.00413913698867, 0.00445330096409, 0.00186838360969, 0.00495740165934, 0.00448701623827, 0.00255258171819, 0.00196010596119, 0.001936973189, 0.000603474036325, 0.00151770655066, 0.00142051686998, 0.000843855843414, 0.00115312053822, 0.000554183730856, 0.000512672646437, 0.000416162976762, 0.000175669367309, 0.000241794929025, 0.000144706966239, 0.000339961115969, 0.000348519679392, 0.000120406672067, 0.000146013859194, 0.000175997367478, 0.000226805568673, 0.000317330413964, 0.000312964286422, 0.000355330033926, 0.000358291872544, 0.000229219236644, 9.69225657173e-05, 0.000100965517049, 8.87383794179e-05, 9.57567463047e-05],
        "mean": [0.00536996498704, 0.00407107966021, 0.00130819680635, 0.00173389865085, 0.00119995942805, 0.000349092675606, 0.000242505484493, 0.000209917576285, 0.000125681515783, 0.000135921567562, 0.000108494838059, 0.000103189973743, 4.81770002807e-05, 3.61268903362e-05, 2.34011968132e-05, 4.01385877922e-05, 4.83171061205e-05, 3.53515570168e-05, 2.41426860157e-05, 2.01065249712e-05, 1.91613089555e-05, 1.43366614793e-05, 1.06068964669e-05, 6.81666915625e-06, 5.99708482696e-06, 1.30680746224e-05, 9.55642735789e-06, 4.81655843032e-06, 5.08521952725e-06, 5.93505319557e-06, 7.39073311706e-06, 1.02283474916e-05, 1.06260868051e-05, 1.28988767756e-05, 9.86403665593e-06, 5.4422807807e-06, 4.08246023653e-06, 2.98422605738e-06, 2.24980931307e-06, 2.12477289097e-06],
        "median": [0.00276221870445, 0.0026579471305, 0.000762223440688, 0.00104205706157, 0.000567694485653, 0.000150483683683, 0.000108319101855, 5.2190189308e-05, 3.83703736588e-05, 2.48980340984e-05, 2.50449029409e-05, 1.81820942089e-05, 8.20811965241e-06, 6.56124120724e-06, 6.60725845592e-06, 8.31458692119e-06, 7.75631542638e-06, 8.56819406181e-06, 5.96169775235e-06, 4.89989179187e-06, 5.44704516869e-06, 4.99965972267e-06, 4.33893865193e-06, 1.91772164726e-06, 1.50086316353e-06, 2.87843454316e-06, 2.05959531741e-06, 1.30856392389e-06, 1.05206436274e-06, 9.48064212025e-07, 1.14120223316e-06, 1.3799719909e-06, 1.78696427611e-06, 2.16096577788e-06, 1.60912179581e-06, 9.69821030594e-07, 8.66941206823e-07, 5.43413250398e-07, 3.33223823645e-07, 3.10679183713e-07],
        "min": [1.14138540994e-23, 8.2987749133e-24, 6.0523447854e-24, 3.07825851169e-24, 9.158156828e-24, 1.663043586e-23, 3.79370940158e-24, 5.94931915675e-24, 1.0670194924e-23, 1.59632567494e-23, 1.67487949725e-23, 1.74268508973e-23, 1.81754798963e-23, 1.20514264713e-23, 2.58229653298e-24, 1.0200853451e-23, 1.36356500734e-23, 1.42868389734e-23, 9.0498990794e-24, 8.67662666512e-24, 4.72624041587e-24, 5.86251566375e-24, 1.24505861451e-23, 8.28020828303e-24, 8.53783289974e-24, 1.29559264967e-23, 1.15525058698e-23, 1.12302396239e-23, 7.42495053314e-24, 6.49205861498e-24, 6.5871790685e-24, 1.53120852043e-23, 7.0348327831e-24, 1.03771354643e-23, 7.61657904651e-24, 9.0717962804e-24, 8.06886613564e-24, 9.56840788607e-24, 1.21870442827e-23, 1.13001405888e-23],
        "stdev": [0.00813380535692, 0.00591180659831, 0.00159994838759, 0.00184278574307, 0.00181169435382, 0.000531883211806, 0.000367826549336, 0.00047603371786, 0.000210926344153, 0.000334570038831, 0.000323946180288, 0.000278159917798, 0.000140257121529, 0.000140015443321, 5.27191659785e-05, 0.000109370215796, 0.000119383010315, 8.39658823679e-05, 6.32862720522e-05, 5.4383501265e-05, 4.84956253786e-05, 3.42295825249e-05, 2.05287378776e-05, 2.18733475776e-05, 1.61662756e-05, 3.35213735525e-05, 2.66205988737e-05, 1.05433873614e-05, 1.37526549224e-05, 1.73736953002e-05, 2.15976797335e-05, 3.04421191686e-05, 3.08369853883e-05, 3.61626407539e-05, 3.20316466969e-05, 1.72975887835e-05, 1.01581563285e-05, 8.04897536e-06, 6.54959649182e-06, 5.87774229643e-06],
        "var": [6.61587837385e-05, 3.49494584952e-05, 2.55983468378e-06, 3.39585949405e-06, 3.28223654833e-06, 2.82899776494e-07, 1.35296374992e-07, 2.26608094067e-07, 4.44899228569e-08, 1.11937104919e-07, 1.04941129564e-07, 7.7372945384e-08, 1.96720595369e-08, 1.96043234979e-08, 2.77931033743e-09, 1.1961844848e-08, 1.42523024493e-08, 7.05026925729e-09, 4.00515220988e-09, 2.95756530377e-09, 2.35182584518e-09, 1.17166443214e-09, 4.21429113828e-10, 4.78443340501e-10, 2.61348442887e-10, 1.1236824804e-09, 7.08656244797e-10, 1.11163023231e-10, 1.89135512807e-10, 3.01845271e-10, 4.66459759707e-10, 9.26722587558e-10, 9.50919676335e-10, 1.30773669671e-09, 1.026026486e-09, 2.99206576182e-10, 1.03188145528e-10, 6.47860098901e-11, 4.28972135591e-11, 3.45478541608e-11]
    },
    "melbands128": {
