{
"lowlevel": {
    "average_loudness": 0.982788145542,
    "barkbands_crest": {
        "dmean": 3.18945503235,
        "dmean2": 4.23557186127,
        "dvar": 8.95391559601,
        "dvar2": 18.7458934784,
        "max": 26.5391216278,
        "mean": 15.3569850922,
        "median": 14.7252054214,
        "min": 3.20766425133,
        "stdev": 5.91923570633,
        "var": 35.0373497009
    },
    "barkbands_flatness_db": {
        "dmean": 0.0340549014509,
        "dmean2": 0.0420777909458,
        "dvar": 0.00121564685833,
        "dvar2": 0.00177521281876,
        "max": 0.426084369421,
        "mean": 0.162325009704,
        "median": 0.141963407397,
        "min": 0.0327005498111,
        "stdev": 0.0796894282103,
        "var": 0.00635040504858
    },
    "barkbands_kurtosis": {
        "dmean": 16.7560710907,
        "dmean2": 20.874370575,
        "dvar": 1736.99499512,
        "dvar2": 2596.59545898,
        "max": 693.198181152,
        "mean": 24.2894287109,
        "median": 4.09665155411,
        "min": -1.88161075115,
        "stdev": 63.4865531921,
        "var": 4030.54223633
    },
    "barkbands_skewness": {
        "dmean": 1.22355616093,
        "dmean2": 1.525634408,
        "dvar": 2.46658945084,
        "dvar2": 3.20199155807,
        "max": 23.1732406616,
        "mean": 3.21927952766,
        "median": 2.12840867043,
        "min": -1.82813119888,
        "stdev": 3.25376796722,
        "var": 10.5870065689
    },
    "barkbands_spread": {
        "dmean": 10.4777383804,
        "dmean2": 14.7011899948,
        "dvar": 203.628295898,
        "dvar2": 402.003997803,
        "max": 103.950004578,
        "mean": 25.7119216919,
        "median": 20.1078548431,
        "min": 0.269835829735,
        "stdev": 22.4083557129,
        "var": 502.134368896
    },
    "dissonance": {
        "dmean": 0.0197042860091,
        "dmean2": 0.0329580940306,
        "dvar": 0.000556944694836,
        "dvar2": 0.00138394511305,
        "max": 0.499816894531,
        "mean": 0.470470398664,
        "median": 0.475602567196,
        "min": 0.0373076759279,
        "stdev": 0.0247645769268,
        "var": 0.000613284297287
    },
    "dynamic_complexity": 1.40211975574,
    "erbbands_crest": {
        "dmean": 3.35372018814,
        "dmean2": 5.39137840271,
        "dvar": 8.93091201782,
        "dvar2": 22.7573432922,
        "max": 27.297952652,
        "mean": 9.02543258667,
        "median": 7.92063808441,
        "min": 2.40578627586,
        "stdev": 4.49703645706,
        "var": 20.2233352661
    },
    "erbbands_flatness_db": {
        "dmean": 0.0181760787964,
        "dmean2": 0.028412470594,
        "dvar": 0.000277418846963,
        "dvar2": 0.00064443575684,
        "max": 0.24312132597,
        "mean": 0.119066998363,
        "median": 0.116406649351,
        "min": 0.0609364099801,
        "stdev": 0.0341409146786,
        "var": 0.00116560212336
    },
    "erbbands_kurtosis": {
        "dmean": 1.10317659378,
        "dmean2": 1.78300452232,
        "dvar": 2.37121987343,
        "dvar2": 6.22762441635,
        "max": 14.917098999,
        "mean": 0.357855379581,
        "median": -0.09401512146,
        "min": -1.65478122234,
        "stdev": 1.77991461754,
        "var": 3.16809606552
    },
    "erbbands_skewness": {
        "dmean": 0.478198885918,
        "dmean2": 0.706066191196,
        "dvar": 0.174754738808,
        "dvar2": 0.377472668886,
        "max": 3.78093481064,
        "mean": 0.050304710865,
        "median": -0.0110762920231,
        "min": -1.95484054089,
        "stdev": 0.723798453808,
        "var": 0.523884236813
    },
    "erbbands_spread": {
        "dmean": 12.8164663315,
        "dmean2": 19.5501708984,
        "dvar": 145.113601685,
        "dvar2": 346.182312012,
        "max": 126.488136292,
        "mean": 50.6121406555,
        "median": 46.8250541687,
        "min": 9.11425304413,
        "stdev": 23.1597690582,
        "var": 536.37487793
    },
    "hfc": {
        "dmean": 28.7359008789,
        "dmean2": 42.3923606873,
        "dvar": 2862.6940918,
        "dvar2": 6527.52832031,
        "max": 340.221221924,
        "mean": 49.1456336975,
        "median": 28.2721633911,
        "min": 1.17778660766e-16,
        "stdev": 60.4927368164,
        "var": 3659.37133789
    },
    "loudness_ebu128": {
        "integrated": -6.42970752716,
        "loudness_range": 1.03480815887,
        "momentary": {
            "dmean": 0.332109242678,
            "dmean2": 0.560114145279,
            "dvar": 0.0690212920308,
            "dvar2": 0.170901104808,
            "max": -4.58794212341,
            "mean": -6.54137229919,
            "median": -6.26798057556,
            "min": -10.9740495682,
            "stdev": 1.06069803238,
            "var": 1.12508034706
        },
        "short_term": {
            "dmean": 0.0442521423101,
            "dmean2": 0.0626014694571,
            "dvar": 0.00169334863313,
            "dvar2": 0.00231687701307,
            "max": -5.6784362793,
            "mean": -6.37707948685,
            "median": -6.20100784302,
            "min": -9.36106300354,
            "stdev": 0.666482031345,
            "var": 0.444198280573
        }
    },
    "melbands_crest": {
        "dmean": 3.84848761559,
        "dmean2": 5.48563337326,
        "dvar": 14.43313694,
        "dvar2": 39.9871902466,
        "max": 35.156463623,
        "mean": 21.9811916351,
        "median": 21.5750751495,
        "min": 2.82777690887,
        "stdev": 6.88476610184,
        "var": 47.4000053406
    },
    "melbands_flatness_db": {
        "dmean": 0.0401045493782,
        "dmean2": 0.0497142747045,
        "dvar": 0.0016601375537,
        "dvar2": 0.00265048048459,
        "max": 0.547401607037,
        "mean": 0.247025042772,
        "median": 0.228587061167,
        "min": 0.00730700511485,
        "stdev": 0.0922991931438,
        "var": 0.00851914100349
    },
    "melbands_kurtosis": {
        "dmean": 27.8956871033,
        "dmean2": 39.5738143921,
        "dvar": 2399.27929688,
        "dvar2": 3682.20605469,
        "max": 647.478027344,
        "mean": 53.7178916931,
        "median": 19.6453723907,
        "min": -1.18487012386,
        "stdev": 86.4166717529,
        "var": 7467.84082031
    },
    "melbands_skewness": {
        "dmean": 1.50466668606,
        "dmean2": 2.15129995346,
        "dvar": 2.9530980587,
        "dvar2": 5.07040548325,
        "max": 18.5608081818,
        "mean": 5.11241865158,
        "median": 4.05650043488,
        "min": -0.341203182936,
        "stdev": 3.38755178452,
        "var": 11.4755077362
    },
    "melbands_spread": {
        "dmean": 8.14321899414,
        "dmean2": 12.5125837326,
        "dvar": 123.696525574,
        "dvar2": 268.616851807,
        "max": 123.138725281,
        "mean": 17.6922893524,
        "median": 14.5829324722,
        "min": 0.340934991837,
        "stdev": 15.2492904663,
        "var": 232.540847778
    },
    "pitch_salience": {
        "dmean": 0.0978505238891,
        "dmean2": 0.151818752289,
        "dvar": 0.0147459693253,
        "dvar2": 0.0353643074632,
        "max": 0.872892260551,
        "mean": 0.383760929108,
        "median": 0.410456389189,
        "min": 0.0312470737845,
        "stdev": 0.176679745317,
        "var": 0.0312157329172
    },
    "silence_rate_20dB": {
        "dmean": 0,
        "dmean2": 0,
        "dvar": 0,
        "dvar2": 0,
        "max": 1,
        "mean": 1,
        "median": 1,
        "min": 1,
        "stdev": 0,
        "var": 0
    },
    "silence_rate_30dB": {
        "dmean": 0.102167181671,
        "dmean2": 0.204492643476,
        "dvar": 0.0917284935713,
        "dvar2": 0.16887447238,
        "max": 1,
        "mean": 0.732405245304,
        "median": 1,
        "min": 0,
        "stdev": 0.442707240582,
        "var": 0.195989713073
    },
    "silence_rate_60dB": {
        "dmean": 0.00232198135927,
        "dmean2": 0.00464755995199,
        "dvar": 0.00231657596305,
        "dvar2": 0.00462595047429,
        "max": 1,
        "mean": 0.00309358071536,
        "median": 0,
        "min": 0,
        "stdev": 0.0555335693061,
        "var": 0.0030839771498
    },
    "spectral_centroid": {
        "dmean": 359.54385376,
        "dmean2": 483.638275146,
        "dvar": 197410.421875,
        "dvar2": 324832.875,
        "max": 10785.0019531,
        "mean": 1489.17089844,
        "median": 1465.08776855,
        "min": 126.524185181,
        "stdev": 720.810302734,
        "var": 519567.5
    },
    "spectral_complexity": {
        "dmean": 5.43188858032,
        "dmean2": 7.91014719009,
        "dvar": 33.0100250244,
        "dvar2": 56.8685417175,
        "max": 55,
        "mean": 21.9450893402,
        "median": 21,
        "min": 0,
        "stdev": 10.0249185562,
        "var": 100.499000549
    },
    "spectral_decrease": {
        "dmean": 3.78144138224e-09,
        "dmean2": 4.7839514572e-09,
        "dvar": 1.89996951238e-17,
        "dvar2": 2.43474244014e-17,
        "max": 5.79556135172e-29,
        "mean": -2.10264499145e-08,
        "median": -1.94318019453e-08,
        "min": -4.58238602619e-08,
        "stdev": 1.01425801091e-08,
        "var": 1.02871933068e-16
    },
    "spectral_energy": {
        "dmean": 0.0154607174918,
        "dmean2": 0.019820895046,
        "dvar": 0.000278303748928,
        "dvar2": 0.000366045045666,
        "max": 0.182747021317,
        "mean": 0.0838163420558,
        "median": 0.0795772895217,
        "min": 1.04641497883e-20,
        "stdev": 0.0381985642016,
        "var": 0.00145913031884
    },
    "spectral_energyband_high": {
        "dmean": 0.00295970146544,
        "dmean2": 0.00432345550507,
        "dvar": 3.88444568671e-05,
        "dvar2": 8.75467958394e-05,
        "max": 0.0385222733021,
        "mean": 0.00359608721919,
        "median": 0.000858210609294,
        "min": 7.72693886331e-21,
        "stdev": 0.00689901784062,
        "var": 4.75964443467e-05
    },
    "spectral_energyband_low": {
        "dmean": 0.0164467729628,
        "dmean2": 0.0225440524518,
        "dvar": 0.000470591621706,
        "dvar2": 0.000740707328077,
        "max": 0.15497379005,
        "mean": 0.0635371729732,
        "median": 0.0530099384487,
        "min": 2.18447165134e-23,
        "stdev": 0.0423570945859,
        "var": 0.00179412355646
    },
    "spectral_energyband_middle_high": {
        "dmean": 0.0033825756982,
        "dmean2": 0.00515697803348,
        "dvar": 1.86772704183e-05,
        "dvar2": 4.67817844765e-05,
        "max": 0.0406209044158,
        "mean": 0.00733759161085,
        "median": 0.00574658066034,
        "min": 1.42862866446e-21,
        "stdev": 0.00623632967472,
        "var": 3.88918087992e-05
    },
    "spectral_energyband_middle_low": {
        "dmean": 0.00706539303064,
        "dmean2": 0.0120223332196,
        "dvar": 0.000186349148862,
        "dvar2": 0.000514967599884,
        "max": 0.0809800252318,
        "mean": 0.011256031692,
        "median": 0.00831778999418,
        "min": 2.98145447911e-22,
        "stdev": 0.012149984017,
        "var": 0.000147622122313
    },
    "spectral_entropy": {
        "dmean": 0.240462616086,
        "dmean2": 0.338430732489,
        "dvar": 0.0723869502544,
        "dvar2": 0.144886523485,
        "max": 9.78844070435,
        "mean": 7.77302885056,
        "median": 7.79287433624,
        "min": 5.83049964905,
        "stdev": 0.490985125303,
        "var": 0.241066381335
    },
    "spectral_flux": {
        "dmean": 0.0470569096506,
        "dmean2": 0.0613727159798,
        "dvar": 0.00206514564343,
        "dvar2": 0.00297989137471,
        "max": 0.386983722448,
        "mean": 0.135865524411,
        "median": 0.107543103397,
        "min": 1.02294429871e-10,
        "stdev": 0.0795290395617,
        "var": 0.00632486771792
    },
    "spectral_kurtosis": {
        "dmean": 1.07976698875,
        "dmean2": 1.63619363308,
        "dvar": 1.25857079029,
        "dvar2": 2.6950442791,
        "max": 13.2649688721,
        "mean": 2.97568106651,
        "median": 2.60509538651,
        "min": -1.17784118652,
        "stdev": 2.31754589081,
        "var": 5.37101888657
    },
    "spectral_rms": {
        "dmean": 0.000877381593455,
        "dmean2": 0.00111623015255,
        "dvar": 8.88475312877e-07,
        "dvar2": 1.15413001822e-06,
        "max": 0.0133525198326,
        "mean": 0.00875384174287,
        "median": 0.0088111506775,
        "min": 3.19514120023e-12,
        "stdev": 0.00226764683612,
        "var": 5.14222210768e-06
    },
    "spectral_rolloff": {
        "dmean": 917.545288086,
        "dmean2": 1492.96313477,
        "dvar": 3170399.5,
        "dvar2": 6069567,
        "max": 18626.2207031,
        "mean": 1284.53186035,
        "median": 602.9296875,
        "min": 64.599609375,
        "stdev": 2031.97058105,
        "var": 4128904.5
    },
    "spectral_skewness": {
        "dmean": 0.221387982368,
        "dmean2": 0.316124737263,
        "dvar": 0.0463969297707,
        "dvar2": 0.0866650566459,
        "max": 2.99804544449,
        "mean": 1.41029512882,
        "median": 1.41124200821,
        "min": 0.0401870049536,
        "stdev": 0.454692035913,
        "var": 0.206744834781
    },
    "spectral_spread": {
        "dmean": 810978.625,
        "dmean2": 1139786.75,
        "dvar": 1.402929152e+12,
        "dvar2": 1.80647886848e+12,
        "max": 39958756,
        "mean": 6157093,
        "median": 5708958,
        "min": 2441899.5,
        "stdev": 2130036.25,
        "var": 4.53705413427e+12
    },
    "spectral_strongpeak": {
        "dmean": 0.256611019373,
        "dmean2": 0.422098338604,
        "dvar": 0.254250109196,
        "dvar2": 0.631304085255,
        "max": 5.93446588516,
        "mean": 0.624583423138,
        "median": 0.519851386547,
        "min": 0,
        "stdev": 0.544410943985,
        "var": 0.296383261681
    },
    "zerocrossingrate": {
        "dmean": 0.0183604341,
        "dmean2": 0.0195085573941,
        "dvar": 0.000597024394665,
        "dvar2": 0.00076827040175,
        "max": 0.5,
        "mean": 0.0548366643488,
        "median": 0.041015625,
        "min": 0.00048828125,
        "stdev": 0.046723306179,
        "var": 0.00218306737952
    },
    "barkbands": {
        "dmean": [0.00177702424116, 0.0175155065954, 0.00792882591486, 0.0031858922448, 0.00221539661288, 0.000866000016686, 0.00126669963356, 0.00057774130255, 0.0011542183347, 0.00117749953642, 0.000462193565909, 0.000456833571661, 0.000670161272865, 0.00113623670768, 0.000342177751008, 0.000208164929063, 0.000187146535609, 0.000320852355799, 0.000275609374512, 0.000185394615983, 0.000236499399762, 0.000517705571838, 0.000698322430253, 0.00063631311059, 0.000615224125795, 0.0002773499873, 1.75886070792e-05],
        "dmean2": [0.0026957814116, 0.0231375675648, 0.012746357359, 0.00542619265616, 0.00397531734779, 0.00152302253991, 0.00213453965262, 0.000957583310083, 0.00195567705669, 0.00188837898895, 0.000799471803475, 0.000703789759427, 0.00111747521441, 0.0017669062363, 0.000548936193809, 0.00033817673102, 0.000306247879053, 0.000511610996909, 0.000445265963208, 0.000275255879387, 0.00035228166962, 0.000770787708461, 0.001084010466, 0.00095881940797, 0.000922918319702, 0.000422461976996, 2.97180431517e-05],
        "dvar": [1.07242467493e-05, 0.000543266185559, 0.000265944981948, 5.17939006386e-05, 3.09049610223e-05, 3.62695823242e-06, 3.83251472158e-06, 1.12818156595e-06, 5.55815495318e-06, 5.54522239327e-06, 1.36472942813e-06, 1.22013477721e-06, 1.64557638982e-06, 2.71685007647e-06, 5.18095589541e-07, 9.19454237192e-08, 7.99998431944e-08, 2.655186222e-07, 1.77775291377e-07, 6.80685872112e-08, 1.8582004202e-07, 1.10583857804e-06, 2.25822282118e-06, 1.69821441887e-06, 1.92099446394e-06, 4.29522344803e-07, 1.91219751144e-09],
        "dvar2": [2.96199505101e-05, 0.000697549374308, 0.000718850118574, 0.000150110412505, 8.95930716069e-05, 9.66598236118e-06, 9.98786981654e-06, 2.90502180178e-06, 1.47310101966e-05, 1.29740592456e-05, 3.40362544193e-06, 2.74429771707e-06, 4.64783806819e-06, 6.77000525684e-06, 1.27423606955e-06, 2.41083654373e-07, 2.09724589695e-07, 6.79042386764e-07, 4.93210620789e-07, 1.50961540157e-07, 4.0295262238e-07, 2.52580821325e-06, 5.24416509506e-06, 3.93094433093e-06, 4.36226810052e-06, 9.62258013715e-07, 4.97571406299e-09],
        "max": [0.028185389936, 0.150917932391, 0.0875128060579, 0.0473988763988, 0.0331777483225, 0.0256091244519, 0.0253567099571, 0.0101089086384, 0.029070591554, 0.0345570705831, 0.0132097769529, 0.0172900781035, 0.0133394552395, 0.0221472717822, 0.00981612596661, 0.00395108340308, 0.00489796511829, 0.00518645206466, 0.00516698416322, 0.00236475444399, 0.00327194505371, 0.00755778467283, 0.0105221848935, 0.00841078720987, 0.0088570592925, 0.00402127765119, 0.000298927101539],
        "mean": [0.00269239582121, 0.0501282028854, 0.00899126566947, 0.00344122527167, 0.00239578867331, 0.00106370518915, 0.00176636723336, 0.000754014006816, 0.00144046952482, 0.00170821265783, 0.000487645593239, 0.000632346142083, 0.000836807186715, 0.00167869252618, 0.000436544185504, 0.000328837078996, 0.00030623897328, 0.000510175304953, 0.000419371790485, 0.000315324403346, 0.00034794176463, 0.000617941084784, 0.000766228884459, 0.000806475989521, 0.000656415300909, 0.000271382828942, 1.63871573022e-05],
        "median": [0.0014404670801, 0.0383800603449, 0.00352306826971, 0.00141751149204, 0.00125210522674, 0.000590235227719, 0.000862862099893, 0.000277101120446, 0.000575423124246, 0.000990659114905, 9.1383815743e-05, 0.000243411923293, 0.000312067015329, 0.000778363086283, 0.000146729158587, 0.00022641060059, 0.000194683016161, 0.000320195802487, 0.000254902523011, 0.000190295482753, 0.000110714325274, 0.000150647392729, 0.000144178397022, 0.00015933731629, 0.000106038663944, 3.15373508784e-05, 1.28998215132e-06],
        "min": [6.97098238143e-24, 1.2909577763e-23, 5.99438756912e-24, 1.1370358084e-24, 6.92641710454e-23, 3.65090506735e-23, 7.62450725638e-23, 3.15073885445e-23, 5.36288532406e-23, 5.090502382e-23, 5.04479798996e-23, 6.28666163891e-23, 2.33262837525e-22, 1.25090910675e-22, 1.25702082239e-22, 1.64490675871e-22, 1.98972215179e-22, 8.669770675e-23, 2.20958399696e-22, 3.14462474067e-22, 2.88062846288e-22, 5.0069069812e-22, 7.53726883282e-22, 8.3420624564e-22, 1.10603569765e-21, 1.89601065117e-21, 2.37626048649e-21],
        "stdev": [0.00344822066836, 0.0424721688032, 0.0147825041786, 0.00591317750514, 0.00432429416105, 0.00178913294803, 0.00262275803834, 0.00123552081641, 0.00272330874577, 0.00283106183633, 0.00121805246454, 0.00152763002552, 0.00143800512888, 0.00221160450019, 0.000908432586584, 0.000380321260309, 0.000353903218638, 0.000636568118352, 0.000513148494065, 0.000361705897376, 0.000547932577319, 0.00116932799574, 0.00157897151075, 0.00148387183435, 0.00144776585512, 0.000675780989695, 4.13741399825e-05],
        "var": [1.18902262329e-05, 0.0018038849812, 0.00021852242935, 3.49656656908e-05, 1.86995184777e-05, 3.20099684359e-06, 6.87885949446e-06, 1.52651170993e-06, 7.41640997148e-06, 8.01491114544e-06, 1.48365188579e-06, 2.33365358326e-06, 2.06785875889e-06, 4.89119429403e-06, 8.2524974232e-07, 1.44644261013e-07, 1.2524749593e-07, 4.05218997912e-07, 2.63321368266e-07, 1.30831153911e-07, 3.00230084349e-07, 1.36732796818e-06, 2.49315098699e-06, 2.20187553168e-06, 2.09602580981e-06, 4.56679941863e-07, 1.71181957498e-09]
    },
    "erbbands": {
        "dmean": [0.744612038136, 3.97552323341, 8.79710769653, 9.63213539124, 8.42462253571, 7.0359249115, 6.86749124527, 8.2123336792, 21.340133667, 9.04870414734, 13.2756586075, 20.2692546844, 42.1996383667, 20.5117855072, 20.4462490082, 17.5285968781, 23.1088352203, 48.7306632996, 36.8054695129, 12.9429283142, 9.63744354248, 11.490603447, 17.8264408112, 14.5500478745, 10.6332988739, 8.37825107574, 9.31418895721, 10.0005693436, 20.1317558289, 15.509727478, 23.7120800018, 14.6952924728, 10.2839832306, 6.53089857101, 4.59421253204, 1.45944929123, 0.506869792938, 0.0709634050727, 0.00222656526603, 8.0756857642e-05],
        "dmean2": [0.837507605553, 4.94795084, 13.2268304825, 16.2410964966, 14.8502311707, 12.6730909348, 11.7593545914, 14.2049417496, 35.6741409302, 15.7453403473, 22.3246974945, 34.4588508606, 69.7710647583, 32.6168251038, 34.5949821472, 27.125082016, 37.7643585205, 78.4084243774, 57.436290741, 21.0030174255, 15.8940849304, 18.6273365021, 28.5288543701, 23.235578537, 16.378068924, 12.5781106949, 14.1941432953, 14.4151983261, 31.1090393066, 23.542722702, 36.8677978516, 21.5434646606, 15.4913072586, 9.71612358093, 7.02220678329, 2.23354935646, 0.773974120617, 0.110609002411, 0.00362187670544, 0.000121030730952],
        "dvar": [0.871467828751, 27.3235530853, 265.495819092, 461.564971924, 418.209899902, 303.329711914, 213.016326904, 306.028808594, 1119.59301758, 248.743377686, 648.603027344, 1552.05517578, 6008.95605469, 1538.26660156, 2275.51928711, 1979.69470215, 1587.5435791, 9037.75097656, 3135.71020508, 553.415161133, 179.179473877, 329.167327881, 974.536560059, 422.68939209, 228.436004639, 198.382720947, 286.529266357, 321.121643066, 1840.48083496, 1057.34545898, 2689.10668945, 879.854003906, 465.936431885, 196.523391724, 117.231361389, 11.6221256256, 1.51620483398, 0.0280722901225, 3.15388751915e-05, 2.79084257926e-08],
        "dvar2": [0.853250026703, 45.2677154541, 692.01159668, 1288.95532227, 1206.47497559, 876.415649414, 604.413391113, 782.054870605, 2879.48486328, 688.857421875, 1751.19641113, 4274.23291016, 14304.4414062, 3727.69750977, 5778.13378906, 4581.71289062, 4224.34033203, 25771.7871094, 7542.49121094, 1488.45727539, 470.921234131, 884.063781738, 2422.22802734, 1159.40844727, 611.69354248, 462.528167725, 639.956970215, 628.719787598, 4490.49072266, 2520.39282227, 6259.22412109, 2039.34545898, 1065.12463379, 438.901275635, 274.307952881, 25.9498958588, 3.47880840302, 0.0671941041946, 7.97530228738e-05, 6.55860645793e-08],
        "max": [7.21044397354, 35.1430892944, 92.2577438354, 149.1328125, 112.308509827, 122.808433533, 106.298095703, 285.376342773, 463.783660889, 113.957328796, 224.429458618, 395.593475342, 868.421020508, 853.625, 418.857513428, 726.56060791, 434.560821533, 1321.6829834, 571.831237793, 317.658996582, 187.406555176, 334.968505859, 311.083862305, 230.699127197, 290.40423584, 133.470794678, 131.659179688, 139.677719116, 292.612213135, 235.254119873, 358.796051025, 191.504745483, 132.940063477, 95.3552780151, 71.2469558716, 19.1485004425, 8.71887111664, 1.06060171127, 0.0371169708669, 0.00110006006435],
        "mean": [1.93025183678, 9.21045303345, 11.8718147278, 11.0978565216, 8.4618024826, 7.38833808899, 9.46949577332, 10.904168129, 30.1458759308, 12.1166887283, 17.3789749146, 25.7374534607, 59.3401412964, 32.678604126, 24.2310829163, 24.3036594391, 31.970533371, 67.7117919922, 58.3167037964, 20.5950393677, 15.9113721848, 19.3674907684, 28.7457618713, 25.6912460327, 18.9011154175, 12.8708534241, 14.0869522095, 14.1446065903, 22.5550937653, 18.493106842, 25.1234226227, 18.5581760406, 12.5942058563, 7.67242622375, 4.48786497116, 1.43497133255, 0.486307919025, 0.0689171254635, 0.00213041575626, 0.000162287789863],
        "median": [1.57798981667, 6.46715497971, 6.58436155319, 5.94529867172, 3.60701227188, 3.77219176292, 4.88997793198, 5.93100547791, 14.3412675858, 7.0042424202, 8.208984375, 12.0759887695, 30.1783847809, 20.6796302795, 8.23933029175, 9.99298191071, 16.1415061951, 31.7795619965, 24.2195072174, 12.0026216507, 11.63626194, 12.3998613358, 18.6309490204, 15.8034143448, 12.8397521973, 7.0031080246, 4.73241901398, 4.49411344528, 5.65331363678, 4.25435638428, 4.15484285355, 3.92392444611, 2.31743121147, 1.41507363319, 0.549858868122, 0.177837327123, 0.0470486655831, 0.00708906585351, 0.000206378957955, 0.000118773314171],
        "min": [1.67945394387e-22, 3.55798896572e-21, 8.82225281792e-21, 4.71065545579e-21, 5.77823010243e-20, 3.36474067226e-19, 1.85815061069e-19, 4.11280559512e-19, 7.93582035336e-19, 1.37267541405e-18, 5.03813325531e-19, 1.1832288233e-18, 1.83121140609e-18, 1.35252291619e-18, 2.59472082497e-18, 2.84208753279e-18, 1.12058562901e-17, 6.96088201895e-18, 5.76460266373e-18, 7.22016591786e-18, 1.11418449184e-17, 1.07530154366e-17, 6.32353273953e-18, 7.55372898141e-18, 1.24848181378e-17, 1.46064379745e-17, 1.0496558841e-17, 1.37581361322e-17, 1.94317133598e-17, 2.25931496845e-17, 1.70191931268e-17, 1.69371384644e-17, 1.48672050083e-17, 1.06447391488e-17, 8.58424547778e-18, 6.21722266003e-18, 4.26899683692e-18, 1.27465358089e-18, 3.3862895027e-19, 3.29049507305e-20],
        "stdev": [1.82856941223, 8.64416408539, 16.12840271, 18.2154464722, 16.2016181946, 13.6580371857, 13.1919555664, 17.9324378967, 45.6584320068, 15.3207530975, 25.8474254608, 41.9987068176, 94.9590377808, 47.2825469971, 49.1930046082, 57.3171691895, 48.7198944092, 105.781288147, 80.5806503296, 28.8249855042, 16.6928443909, 22.1803894043, 37.5938072205, 27.7804508209, 19.4517288208, 16.7870941162, 21.3873176575, 23.160654068, 44.4209327698, 35.3362007141, 53.7265930176, 34.2368202209, 23.975982666, 15.3651638031, 10.8885850906, 3.51479053497, 1.24776852131, 0.168937444687, 0.00539106456563, 0.000172489220859],
        "var": [3.34366607666, 74.7215805054, 260.125366211, 331.802520752, 262.492462158, 186.541992188, 174.027694702, 321.57232666, 2084.69238281, 234.725463867, 668.089355469, 1763.89147949, 9017.21875, 2235.63916016, 2419.95166016, 3285.2578125, 2373.62817383, 11189.6816406, 6493.24121094, 830.879821777, 278.651062012, 491.96963501, 1413.29443359, 771.753479004, 378.369720459, 281.806518555, 457.417388916, 536.415893555, 1973.21923828, 1248.64697266, 2886.54663086, 1172.15991211, 574.847717285, 236.088256836, 118.561294556, 12.3537530899, 1.55692625046, 0.0285398587584, 2.90635762212e-05, 2.97525328818e-08]
    },
    "gfcc": {
        "mean": [52.6826591492, 75.3129501343, -91.5977935791, 43.3842163086, -46.2611312866, 36.2620010376, -29.6557312012, 22.919008255, -14.7072610855, 8.01354217529, -9.3202009201, 2.31350779533, -11.8732824326],
        "cov": [[4927.37890625, -1311.51977539, -85.0414657593, 93.8213195801, -485.522583008, 195.449050903, -312.402618408, -20.0495491028, -303.94039917, 102.280593872, -350.04977417, 39.5889129639, -245.360488892], [-1311.51977539, 1158.61022949, -278.145568848, -135.568115234, 216.09576416, -191.033905029, 55.1053123474, -15.9831457138, 117.855888367, -116.362945557, 166.464248657, -55.6363143921, 114.520088196], [-85.0414657593, -278.145568848, 519.043823242, 122.183258057, -61.7219963074, 39.4107475281, -14.0041885376, 28.3934249878, 28.7512245178, 18.2720241547, -47.5398368835, 21.6121463776, -59.1299705505], [93.8213195801, -135.568115234, 122.183258057, 178.88444519, 31.7341632843, 47.8204689026, 36.1481781006, 41.5627059937, 27.1126461029, 1.29093253613, 2.61865854263, -1.82894015312, -10.2340803146], [-485.522583008, 216.09576416, -61.7219963074, 31.7341632843, 289.374298096, 56.699054718, 126.33946991, 50.0528640747, 79.4398574829, 14.2577428818, 71.488899231, -21.69962883, 32.0836257935], [195.449050903, -191.033905029, 39.4107475281, 47.8204689026, 56.699054718, 225.940444946, 94.3995895386, 8.78558063507, 17.1194248199, 43.0843429565, -7.16214323044, -15.0291986465, -3.35741090775], [-312.402618408, 55.1053123474, -14.0041885376, 36.1481781006, 126.33946991, 94.3995895386, 178.616256714, 54.3629226685, 55.4376029968, 29.9092845917, 40.0316772461, -17.4921550751, 52.0262489319], [-20.0495491028, -15.9831457138, 28.3934249878, 41.5627059937, 50.0528640747, 8.78558063507, 54.3629226685, 114.957237244, 69.990524292, 15.9024553299, 28.8043613434, 15.7982683182, 16.6148910522], [-303.94039917, 117.855888367, 28.7512245178, 27.1126461029, 79.4398574829, 17.1194248199, 55.4376029968, 69.990524292, 131.931091309, 26.0975780487, 77.2840423584, 14.5545034409, 32.1734542847], [102.280593872, -116.362945557, 18.2720241547, 1.29093253613, 14.2577428818, 43.0843429565, 29.9092845917, 15.9024553299, 26.0975780487, 92.0758743286, 26.4990386963, 13.3916149139, 4.36418390274], [-350.04977417, 166.464248657, -47.5398368835, 2.61865854263, 71.488899231, -7.16214323044, 40.0316772461, 28.8043613434, 77.2840423584, 26.4990386963, 124.482727051, 33.8906478882, 46.5558395386], [39.5889129639, -55.6363143921, 21.6121463776, -1.82894015312, -21.69962883, -15.0291986465, -17.4921550751, 15.7982683182, 14.5545034409, 13.3916149139, 33.8906478882, 69.9080352783, 13.8425302505], [-245.360488892, 114.520088196, -59.1299705505, -10.2340803146, 32.0836257935, -3.35741090775, 52.0262489319, 16.6148910522, 32.1734542847, 4.36418390274, 46.5558395386, 13.8425302505, 82.2588729858]],
        "icov": [[0.000539447297342, -5.26264157088e-05, 0.000649109832011, -0.000680403900333, 0.000518719840329, -0.000810655881651, 0.000941957172472, -0.00095410621725, 0.000598663871642, -0.00107169081457, 0.00123808998615, -0.000781886337791, 0.000679380376823], [-5.26264157088e-05, 0.0035885295365, 8.87693677214e-05, 0.00230551650748, -0.00154160219245, 0.00259924377315, -0.000736596412025, 0.00207229121588, -0.00263636186719, 0.00483088009059, -0.00410323310643, 0.00429009227082, -0.00167236989364], [0.000649109832011, 8.87693677214e-05, 0.0038167310413, -0.00260896421969, 0.00131152849644, -0.000687138875946, 0.00038685349864, -0.000200738402782, -0.00172872585244, -0.00154470372945, 0.00346258934587, -0.00270939525217, 0.00274216709659], [-0.000680403900333, 0.00230551650748, -0.00260896421969, 0.0101396795362, -0.00200791796669, 0.0012252087472, -0.00179890776053, -0.000270933000138, -0.00127365172375, 0.00576094118878, -0.00557128852233, 0.00465629808605, -0.00126534770243], [0.000518719840329, -0.00154160219245, 0.00131152849644, -0.00200791796669, 0.00737082818523, -0.00182470458094, -0.0026818504557, -0.00169777474366, -5.00799178553e-05, -0.00200927210972, 0.000340866186889, -0.000843491463456, 0.00355137162842], [-0.000810655881651, 0.00259924377315, -0.000687138875946, 0.0012252087472, -0.00182470458094, 0.0101508684456, -0.00658207805827, 0.00534927472472, -0.0039979708381, 0.00243957294151, -0.00245511950925, 0.00305993272923, 0.000139213472721], [0.000941957172472, -0.000736596412025, 0.00038685349864, -0.00179890776053, -0.0026818504557, -0.00658207805827, 0.017127526924, -0.0070750801824, 0.00337743759155, -0.00447360053658, 0.00190846121404, 0.00304717919789, -0.00741338683292], [-0.00095410621725, 0.00207229121588, -0.000200738402782, -0.000270933000138, -0.00169777474366, 0.00534927472472, -0.0070750801824, 0.0194437466562, -0.0118632568046, 0.0038832819555, 0.000604841101449, -0.00184853933752, -7.81990747782e-05], [0.000598663871642, -0.00263636186719, -0.00172872585244, -0.00127365172375, -5.00799178553e-05, -0.0039979708381, 0.00337743759155, -0.0118632568046, 0.0224144458771, -0.00527805881575, -0.0066325776279, 0.000399341777666, -0.000628898909781], [-0.00107169081457, 0.00483088009059, -0.00154470372945, 0.00576094118878, -0.00200927210972, 0.00243957294151, -0.00447360053658, 0.0038832819555, -0.00527805881575, 0.0222171358764, -0.0107580488548, 0.00530040776357, -0.00130504299887], [0.00123808998615, -0.00410323310643, 0.00346258934587, -0.00557128852233, 0.000340866186889, -0.00245511950925, 0.00190846121404, 0.000604841101449, -0.0066325776279, -0.0107580488548, 0.0281414054334, -0.015358353965, -0.000538749853149], [-0.000781886337791, 0.00429009227082, -0.00270939525217, 0.00465629808605, -0.000843491463456, 0.00305993272923, 0.00304717919789, -0.00184853933752, 0.000399341777666, 0.00530040776357, -0.015358353965, 0.0284923072904, -0.00731286825612], [0.000679380376823, -0.00167236989364, 0.00274216709659, -0.00126534770243, 0.00355137162842, 0.000139213472721, -0.00741338683292, -7.81990747782e-05, -0.000628898909781, -0.00130504299887, -0.000538749853149, -0.00731286825612, 0.0235009789467]]
    },
    "melbands": {
        "dmean": [0.00542256422341, 0.00384595035575, 0.00155043439008, 0.000524103757925, 0.000259962311247, 0.000186841905816, 0.000297226419207, 0.000103951722849, 0.000109175598482, 0.000147511847899, 0.000220207308303, 9.61552432273e-05, 6.98753428878e-05, 5.38300519111e-05, 5.07614386152e-05, 7.60958500905e-05, 9.10715607461e-05, 7.46738587623e-05, 2.15125255636e-05, 1.7823140297e-05, 1.13024316306e-05, 1.36540465974e-05, 7.70632141212e-06, 2.22923335969e-05, 1.25450360429e-05, 9.50625144469e-06, 8.16732608655e-06, 5.22388290847e-06, 5.97640791966e-06, 5.24438428329e-06, 6.0559063968e-06, 1.20707654787e-05, 9.34037143452e-06, 8.22598121886e-06, 1.53369128384e-05, 1.04123291749e-05, 8.50013566378e-06, 7.40900986784e-06, 5.70827978663e-06, 5.70656357013e-06],
        "dmean2": [0.00657202815637, 0.00506575452164, 0.00253749173135, 0.000942118407693, 0.00044825283112, 0.000320353487041, 0.000499313115142, 0.000176425368409, 0.000186939898413, 0.000248132157139, 0.000362338265404, 0.000152452892507, 0.000120817625429, 8.35967657622e-05, 8.07432224974e-05, 0.000126406157506, 0.000144402525621, 0.000116422401334, 3.44482104992e-05, 2.88816900138e-05, 1.8656210159e-05, 2.23585211643e-05, 1.229773261e-05, 3.61595921277e-05, 2.00921695068e-05, 1.52767624968e-05, 1.25335027406e-05, 7.92676382844e-06, 9.2781829153e-06, 7.57884617997e-06, 8.9978784672e-06, 1.91571525647e-05, 1.33692037707e-05, 1.30260723381e-05, 2.43777030846e-05, 1.55678480951e-05, 1.25302913148e-05, 1.1228125004e-05, 8.64081266627e-06, 8.52856010169e-06],
        "dvar": [4.75886045024e-05, 3.19596183544e-05, 1.10717382995e-05, 1.73979310603e-06, 3.26958797814e-07, 1.43755116255e-07, 2.11493158986e-07, 3.43702453165e-08, 4.63806344442e-08, 8.89787727942e-08, 1.62956737881e-07, 3.64313770262e-08, 3.08848484565e-08, 1.94569924616e-08, 1.25221060188e-08, 2.67603184056e-08, 2.60569166244e-08, 1.40828975148e-08, 3.11301451283e-09, 8.26148705002e-10, 2.60388710593e-10, 5.46680201108e-10, 9.60593271593e-11, 1.49314316467e-09, 3.61581542485e-10, 2.54331888883e-10, 1.05285009877e-10, 8.90317611302e-11, 1.17276272027e-10, 7.39904179592e-11, 1.30280897181e-10, 6.88808954319e-10, 3.28126054105e-10, 3.02321140344e-10, 1.22997789731e-09, 4.43692305119e-10, 2.68381233903e-10, 2.46569514806e-10, 1.36420097441e-10, 1.56616164482e-10],
        "dvar2": [4.85868913529e-05, 7.3372197221e-05, 3.0206876545e-05, 5.05661319039e-06, 9.32068417114e-07, 3.67806165968e-07, 5.54519431262e-07, 9.22486904642e-08, 1.27641428094e-07, 2.41672211132e-07, 3.86980673284e-07, 8.7245147995e-08, 7.785654077e-08, 4.31094875353e-08, 2.70125255497e-08, 7.75590507374e-08, 7.33313640922e-08, 3.29228306839e-08, 7.85507481282e-09, 2.14820206068e-09, 6.7810390636e-10, 1.47746637147e-09, 2.38298825117e-10, 3.75952513565e-09, 9.90092341446e-10, 7.15246362137e-10, 2.55033882901e-10, 2.11402034767e-10, 2.7154012372e-10, 1.52613477411e-10, 2.45669845578e-10, 1.71913250302e-09, 7.21564419326e-10, 7.46361139559e-10, 2.92724311457e-09, 1.00643338108e-09, 6.19371332e-10, 5.64682633986e-10, 3.19335058396e-10, 3.48737899669e-10],
        "max": [0.0492902696133, 0.0373022705317, 0.021851927042, 0.0079010957852, 0.00400971714407, 0.00592634128407, 0.0061531085521, 0.0014481197577, 0.00177094899118, 0.00356723810546, 0.00469305412844, 0.00394815998152, 0.00197810609825, 0.00238108937629, 0.00221995357424, 0.00175695214421, 0.00223460653797, 0.00136696000118, 0.00102715275716, 0.000380824611057, 0.000231023383094, 0.000433317793068, 8.41223882162e-05, 0.000390549772419, 0.000212395214476, 0.000261858891463, 9.67400628724e-05, 8.70422518346e-05, 8.07509786682e-05, 8.86076959432e-05, 7.72348648752e-05, 0.000187323603313, 0.000132179338834, 0.000122977711726, 0.000247908814345, 0.000143793338793, 0.00010652448691, 0.00010629226017, 7.86285454524e-05, 9.01633684407e-05],
        "mean": [0.0153067437932, 0.00788520649076, 0.00186603551265, 0.000531306723133, 0.00034735299414, 0.000257854146184, 0.000415428337874, 0.000136689501232, 0.000138807226904, 0.000183793206816, 0.000309122027829, 0.000149304119986, 7.75376611273e-05, 7.0248504926e-05, 6.6200751462e-05, 9.62755730143e-05, 0.000129010062665, 0.000116852243082, 2.95038244076e-05, 2.6367171813e-05, 1.53684868565e-05, 2.13298899325e-05, 1.36365688377e-05, 3.3496748074e-05, 1.91575018107e-05, 1.53750042955e-05, 1.30731114041e-05, 7.21270862414e-06, 8.57854502101e-06, 7.97691427579e-06, 8.23089339974e-06, 1.32751465571e-05, 1.11744375317e-05, 9.60496799962e-06, 1.53961191245e-05, 1.2329830497e-05, 1.09332504508e-05, 8.94494314707e-06, 7.08454263076e-06, 6.38736810288e-06],
        "median": [0.0121982991695, 0.00608588242903, 0.0010675288504, 0.000259054155322, 0.000176255387487, 0.000143944183947, 0.000201360933715, 6.56818083371e-05, 6.75974442856e-05, 7.41968251532e-05, 0.00016019809118, 8.8275402959e-05, 2.01716429729e-05, 2.397406206e-05, 2.65450689767e-05, 2.912335367e-05, 6.20979699306e-05, 4.08034284192e-05, 9.20335060073e-06, 1.5453531887e-05, 8.97271547728e-06, 1.2497975149e-05, 9.75420789473e-06, 2.06158601941e-05, 1.05681619971e-05, 9.86765098787e-06, 7.98803830548e-06, 2.89627928396e-06, 2.8358176678e-06, 2.57103442891e-06, 2.46976128437e-06, 3.25527435052e-06, 2.71666272056e-06, 2.19861317419e-06, 2.30894397646e-06, 2.61421541836e-06, 2.20490642278e-06, 1.62622279731e-06, 1.48362175878e-06, 1.0986742609e-06],
        "min": [2.944898223e-24, 4.70055549923e-24, 1.60940039364e-24, 1.48792025157e-23, 9.35692926573e-24, 8.87627710504e-24, 1.29763761379e-23, 1.35882269112e-23, 3.66090387932e-24, 8.52945283034e-24, 8.67812550084e-24, 4.74193362029e-24, 8.16205427437e-24, 8.38976686327e-24, 9.95601311412e-24, 2.67305423071e-23, 1.16911552736e-23, 9.05939459811e-24, 1.04408280938e-23, 8.28592042485e-24, 1.4446076858e-23, 1.14936647349e-23, 8.01396299435e-24, 4.05413289677e-24, 6.11276364213e-24, 9.26357625507e-24, 1.0030422419e-23, 1.00656994898e-23, 6.31535258892e-24, 7.39909877242e-24, 8.19703394463e-24, 1.15162166904e-23, 1.00127188026e-23, 1.4865981207e-23, 1.01319259405e-23, 8.89435543041e-24, 1.11041804402e-23, 1.11788327142e-23, 9.24272271704e-24, 8.51719787618e-24],
        "stdev": [0.0134703936055, 0.00740942871198, 0.00291111273691, 0.00102095562033, 0.000501495145727, 0.000396109040594, 0.000615602359176, 0.000195220447495, 0.00020513261552, 0.00033639089088, 0.000493830593769, 0.000232812264585, 0.000182109637535, 0.000190534687135, 0.000152490727487, 0.000180808827281, 0.000185755619896, 0.000177197885932, 7.36610527383e-05, 3.49349320459e-05, 1.92088518816e-05, 2.7429061447e-05, 1.36926764753e-05, 4.57086789538e-05, 2.40680910792e-05, 1.85188891919e-05, 1.47805340021e-05, 1.08412968984e-05, 1.31994356707e-05, 1.22137225844e-05, 1.41071532198e-05, 2.65609323833e-05, 2.09404479392e-05, 1.83536503755e-05, 3.49283145624e-05, 2.36443720496e-05, 1.95099673874e-05, 1.72619074874e-05, 1.31387669171e-05, 1.34144611366e-05],
        "var": [0.000181451512617, 5.48996358702e-05, 8.47457795317e-06, 1.0423502772e-06, 2.51497368708e-07, 1.5690237376e-07, 3.78966262815e-07, 3.81110254466e-08, 4.2079392415e-08, 1.1315884052e-07, 2.43868669259e-07, 5.4201549915e-08, 3.31639213869e-08, 3.63034686757e-08, 2.32534222988e-08, 3.26918296878e-08, 3.4505152513e-08, 3.13990931033e-08, 5.42595079978e-09, 1.2204494082e-09, 3.68979985454e-10, 7.52353401801e-10, 1.87489385128e-10, 2.08928341294e-09, 5.79273018442e-10, 3.42949280085e-10, 2.18464177304e-10, 1.17533718869e-10, 1.74225106564e-10, 1.49175019559e-10, 1.99011779278e-10, 7.05483171881e-10, 4.38502345546e-10, 3.36856459393e-10, 1.21998722236e-09, 5.59056356764e-10, 3.80638798259e-10, 2.97973479224e-10, 1.7262719032e-10, 1.79947765022e-10]
    },
    "melbands128": {
