{
"lowlevel": {
    "average_loudness": 0.982122778893,
    "barkbands_crest": {
        "dmean": 2.13806009293,
        "dmean2": 3.50775623322,
        "dvar": 4.87330293655,
        "dvar2": 12.3699483871,
        "max": 24.08203125,
        "mean": 9.77493572235,
        "median": 9.14030361176,
        "min": 3.61888194084,
        "stdev": 3.7835252285,
        "var": 14.3150634766
    },
    "barkbands_flatness_db": {
        "dmean": 0.0188782550395,
        "dmean2": 0.0284659024328,
        "dvar": 0.000371898466256,
        "dvar2": 0.000937314413022,
        "max": 0.295735627413,
        "mean": 0.13454438746,
        "median": 0.128115773201,
        "min": 0.0434946380556,
        "stdev": 0.0380525439978,
        "var": 0.00144799612463
    },
    "barkbands_kurtosis": {
        "dmean": 2.00565266609,
        "dmean2": 3.3441426754,
        "dvar": 18.8318939209,
        "dvar2": 55.8925743103,
        "max": 86.41355896,
        "mean": 2.41332602501,
        "median": 0.386851072311,
        "min": -1.75706231594,
        "stdev": 5.66937303543,
        "var": 32.1417884827
    },
    "barkbands_skewness": {
        "dmean": 0.459940820932,
        "dmean2": 0.712895035744,
        "dvar": 0.284985512495,
        "dvar2": 0.70769315958,
        "max": 7.8523607254,
        "mean": 1.26941943169,
        "median": 1.08589971066,
        "min": -2.16492342949,
        "stdev": 1.13016939163,
        "var": 1.27728283405
    },
    "barkbands_spread": {
        "dmean": 4.68430137634,
        "dmean2": 7.35716915131,
        "dvar": 31.4024829865,
        "dvar2": 78.6835021973,
        "max": 61.1134185791,
        "mean": 23.5130958557,
        "median": 23.1041526794,
        "min": 1.57240760326,
        "stdev": 9.62492847443,
        "var": 92.6392440796
    },
    "dissonance": {
        "dmean": 0.0153988357633,
        "dmean2": 0.0253461636603,
        "dvar": 0.000496272812597,
        "dvar2": 0.00112555373926,
        "max": 0.499793022871,
        "mean": 0.471508443356,
        "median": 0.477309316397,
        "min": 0.00253905681893,
        "stdev": 0.0255827493966,
        "var": 0.000654477044009
    },
    "dynamic_complexity": 2.17534208298,
    "erbbands_crest": {
        "dmean": 2.43669581413,
        "dmean2": 3.87272238731,
        "dvar": 5.72416400909,
        "dvar2": 13.6966028214,
        "max": 30.0597343445,
        "mean": 9.04742145538,
        "median": 8.18072319031,
        "min": 2.46130919456,
        "stdev": 4.38461780548,
        "var": 19.2248725891
    },
    "erbbands_flatness_db": {
        "dmean": 0.0164539124817,
        "dmean2": 0.0213362798095,
        "dvar": 0.000279656174826,
        "dvar2": 0.000454915338196,
        "max": 0.283077567816,
        "mean": 0.159338414669,
        "median": 0.164028123021,
        "min": 0.0588589124382,
        "stdev": 0.0412740781903,
        "var": 0.00170354940929
    },
    "erbbands_kurtosis": {
        "dmean": 0.626724839211,
        "dmean2": 0.96952188015,
        "dvar": 0.854937195778,
        "dvar2": 2.03218483925,
        "max": 20.3218841553,
        "mean": 0.228763595223,
        "median": -0.25937461853,
        "min": -1.56140494347,
        "stdev": 1.63208270073,
        "var": 2.66369390488
    },
    "erbbands_skewness": {
        "dmean": 0.269604176283,
        "dmean2": 0.404422193766,
        "dvar": 0.0717838779092,
        "dvar2": 0.161180362105,
        "max": 1.81162881851,
        "mean": -0.142372637987,
        "median": -0.120553120971,
        "min": -3.82468748093,
        "stdev": 0.580741643906,
        "var": 0.337260872126
    },
    "erbbands_spread": {
        "dmean": 6.25328779221,
        "dmean2": 9.12531757355,
        "dvar": 45.9563446045,
        "dvar2": 85.5606613159,
        "max": 105.997917175,
        "mean": 34.6628684998,
        "median": 32.7625999451,
        "min": 5.62989282608,
        "stdev": 15.8627347946,
        "var": 251.626358032
    },
    "hfc": {
        "dmean": 6.41578197479,
        "dmean2": 9.35779666901,
        "dvar": 89.1290664673,
        "dvar2": 196.630645752,
        "max": 116.377952576,
        "mean": 24.364112854,
        "median": 20.0420455933,
        "min": 1.24056723388e-16,
        "stdev": 17.6248035431,
        "var": 310.633666992
    },
    "loudness_ebu128": {
        "integrated": -7.23844861984,
        "loudness_range": 1.91434001923,
        "momentary": {
            "dmean": 0.393825292587,
            "dmean2": 0.39833009243,
            "dvar": 0.0957959964871,
            "dvar2": 0.124026618898,
            "max": -4.6151227951,
            "mean": -7.43178510666,
            "median": -7.20670223236,
            "min": -10.8257684708,
            "stdev": 1.32287335396,
            "var": 1.74999403954
        },
        "short_term": {
            "dmean": 0.0723640546203,
            "dmean2": 0.0719665884972,
            "dvar": 0.00306137255393,
            "dvar2": 0.0038194807712,
            "max": -6.18109035492,
            "mean": -7.28389072418,
            "median": -7.18057155609,
            "min": -9.17712306976,
            "stdev": 0.647718071938,
            "var": 0.419538676739
        }
    },
    "melbands_crest": {
        "dmean": 2.52053928375,
        "dmean2": 4.11180257797,
        "dvar": 7.82638978958,
        "dvar2": 18.7666683197,
        "max": 31.6453704834,
        "mean": 13.1752853394,
        "median": 12.3375263214,
        "min": 2.62655973434,
        "stdev": 5.08818817139,
        "var": 25.8896579742
    },
    "melbands_flatness_db": {
        "dmean": 0.0225531421602,
        "dmean2": 0.0343311205506,
        "dvar": 0.000631133443676,
        "dvar2": 0.00154400628526,
        "max": 0.415141731501,
        "mean": 0.20379832387,
        "median": 0.195835113525,
        "min": 0.00692589627579,
        "stdev": 0.0510799847543,
        "var": 0.00260916468687
    },
    "melbands_kurtosis": {
        "dmean": 5.10126209259,
        "dmean2": 8.40852928162,
        "dvar": 84.3849868774,
        "dvar2": 238.305404663,
        "max": 130.700561523,
        "mean": 9.89208126068,
        "median": 4.89222049713,
        "min": -1.76735830307,
        "stdev": 13.1891965866,
        "var": 173.95489502
    },
    "melbands_skewness": {
        "dmean": 0.606620669365,
        "dmean2": 0.939203381538,
        "dvar": 0.520876646042,
        "dvar2": 1.23197948933,
        "max": 8.43483161926,
        "mean": 2.41781449318,
        "median": 2.17429208755,
        "min": -0.378630638123,
        "stdev": 1.55575072765,
        "var": 2.42036032677
    },
    "melbands_spread": {
        "dmean": 6.06681489944,
        "dmean2": 9.36520004272,
        "dvar": 54.5322723389,
        "dvar2": 109.676330566,
        "max": 153.804260254,
        "mean": 25.7461414337,
        "median": 24.6738586426,
        "min": 1.22006559372,
        "stdev": 14.2042455673,
        "var": 201.760604858
    },
    "pitch_salience": {
        "dmean": 0.0592520982027,
        "dmean2": 0.0974137112498,
        "dvar": 0.00327226426452,
        "dvar2": 0.00878264009953,
        "max": 0.89528131485,
        "mean": 0.529079020023,
        "median": 0.533197164536,
        "min": 0.176675245166,
        "stdev": 0.0859830379486,
        "var": 0.00739308306947
    },
    "silence_rate_20dB": {
        "dmean": 0,
        "dmean2": 0,
        "dvar": 0,
        "dvar2": 0,
        "max": 1,
        "mean": 1,
        "median": 1,
        "min": 1,
        "stdev": 0,
        "var": 0
    },
    "silence_rate_30dB": {
        "dmean": 0,
        "dmean2": 0,
        "dvar": 0,
        "dvar2": 0,
        "max": 1,
        "mean": 1,
        "median": 1,
        "min": 1,
        "stdev": 0,
        "var": 0
    },
    "silence_rate_60dB": {
        "dmean": 0.000773993786424,
        "dmean2": 0.00154918665066,
        "dvar": 0.000773391744588,
        "dvar2": 0.00154677091632,
        "max": 1,
        "mean": 0.00154679035768,
        "median": 0,
        "min": 0,
        "stdev": 0.0392987206578,
        "var": 0.00154438940808
    },
    "spectral_centroid": {
        "dmean": 226.885742188,
        "dmean2": 346.644378662,
        "dvar": 132509.421875,
        "dvar2": 230403.859375,
        "max": 10729.8808594,
        "mean": 1431.21911621,
        "median": 1387.40625,
        "min": 333.410064697,
        "stdev": 561.035217285,
        "var": 314760.5
    },
    "spectral_complexity": {
        "dmean": 3.69969034195,
        "dmean2": 5.73818731308,
        "dvar": 16.3447570801,
        "dvar2": 37.4851913452,
        "max": 52,
        "mean": 22.2861557007,
        "median": 22,
        "min": 0,
        "stdev": 7.04531526566,
        "var": 49.63646698
    },
    "spectral_decrease": {
        "dmean": 1.98258254258e-09,
        "dmean2": 3.20484794258e-09,
        "dvar": 7.28764400351e-18,
        "dvar2": 2.02686596667e-17,
        "max": 1.2463885543e-28,
        "mean": -8.1578797051e-09,
        "median": -7.63740981569e-09,
        "min": -2.72679034907e-08,
        "stdev": 3.75265329922e-09,
        "var": 1.40824074759e-17
    },
    "spectral_energy": {
        "dmean": 0.00787791237235,
        "dmean2": 0.012666894123,
        "dvar": 0.000110165405204,
        "dvar2": 0.000299507082673,
        "max": 0.103688180447,
        "mean": 0.0329996235669,
        "median": 0.0310313198715,
        "min": 1.07818953878e-20,
        "stdev": 0.0151363760233,
        "var": 0.000229109879001
    },
    "spectral_energyband_high": {
        "dmean": 0.000310290139169,
        "dmean2": 0.000476976128994,
        "dvar": 4.82549580738e-07,
        "dvar2": 1.26987913518e-06,
        "max": 0.00756909605116,
        "mean": 0.000624047243036,
        "median": 0.000335788703524,
        "min": 8.210067271e-21,
        "stdev": 0.00083698349772,
        "var": 7.00541420429e-07
    },
    "spectral_energyband_low": {
        "dmean": 0.00518243666738,
        "dmean2": 0.00889874063432,
        "dvar": 9.85463266261e-05,
        "dvar2": 0.00029544471181,
        "max": 0.0992167592049,
        "mean": 0.0144001413137,
        "median": 0.0116695277393,
        "min": 1.45082248978e-22,
        "stdev": 0.011542038992,
        "var": 0.000133218665724
    },
    "spectral_energyband_middle_high": {
        "dmean": 0.00256435433403,
        "dmean2": 0.0036520473659,
        "dvar": 1.36900844154e-05,
        "dvar2": 2.70518321486e-05,
        "max": 0.0396273806691,
        "mean": 0.00914028845727,
        "median": 0.00569178489968,
        "min": 1.3672546297e-21,
        "stdev": 0.00870180781931,
        "var": 7.57214584155e-05
    },
    "spectral_energyband_middle_low": {
        "dmean": 0.00317545654252,
        "dmean2": 0.00504207285121,
        "dvar": 1.97993740585e-05,
        "dvar2": 4.93163388455e-05,
        "max": 0.0496414229274,
        "mean": 0.0102641051635,
        "median": 0.00900921411812,
        "min": 2.3919946391e-22,
        "stdev": 0.00623091403395,
        "var": 3.88242915506e-05
    },
    "spectral_entropy": {
        "dmean": 0.129643753171,
        "dmean2": 0.179352983832,
        "dvar": 0.0192635059357,
        "dvar2": 0.0351313054562,
        "max": 9.79422855377,
        "mean": 7.55117702484,
        "median": 7.53646755219,
        "min": 6.66110420227,
        "stdev": 0.3017347157,
        "var": 0.0910438448191
    },
    "spectral_flux": {
        "dmean": 0.0250120554119,
        "dmean2": 0.0385826826096,
        "dvar": 0.00063601846341,
        "dvar2": 0.00123856775463,
        "max": 0.238062992692,
        "mean": 0.0850877836347,
        "median": 0.0731127113104,
        "min": 1.03835905152e-10,
        "stdev": 0.04435730353,
        "var": 0.00196757051162
    },
    "spectral_kurtosis": {
        "dmean": 1.7832877636,
        "dmean2": 2.99726748466,
        "dvar": 3.03869009018,
        "dvar2": 8.4469203949,
        "max": 20.7520179749,
        "mean": 4.80564165115,
        "median": 4.42133188248,
        "min": -1.22205543518,
        "stdev": 2.44945120811,
        "var": 5.99981164932
    },
    "spectral_rms": {
        "dmean": 0.000652631279081,
        "dmean2": 0.00102744787,
        "dvar": 6.12768303654e-07,
        "dvar2": 1.51272479343e-06,
        "max": 0.0100577929989,
        "mean": 0.00552657013759,
        "median": 0.00550222303718,
        "min": 3.24328888399e-12,
        "stdev": 0.00128521339502,
        "var": 1.65177345934e-06
    },
    "spectral_rolloff": {
        "dmean": 339.363983154,
        "dmean2": 562.916564941,
        "dvar": 508165.1875,
        "dvar2": 877526.0625,
        "max": 19078.4179688,
        "mean": 1330.99560547,
        "median": 1399.65820312,
        "min": 64.599609375,
        "stdev": 928.222961426,
        "var": 861597.875
    },
    "spectral_skewness": {
        "dmean": 0.241672858596,
        "dmean2": 0.383484095335,
        "dvar": 0.0542869195342,
        "dvar2": 0.13560770452,
        "max": 3.48210215569,
        "mean": 1.48902976513,
        "median": 1.45115947723,
        "min": -0.000157710644999,
        "stdev": 0.390845328569,
        "var": 0.152760073543
    },
    "spectral_spread": {
        "dmean": 465573.59375,
        "dmean2": 600333.3125,
        "dvar": 1.08783828992e+12,
        "dvar2": 951826579456,
        "max": 41310116,
        "mean": 3877022.75,
        "median": 3493659.25,
        "min": 1857855,
        "stdev": 1599085.25,
        "var": 2.55707368653e+12
    },
    "spectral_strongpeak": {
        "dmean": 0.664674460888,
        "dmean2": 1.1571521759,
        "dvar": 1.71472918987,
        "dvar2": 4.19042253494,
        "max": 11.9486713409,
        "mean": 1.19018793106,
        "median": 0.401277571917,
        "min": 0,
        "stdev": 1.8678239584,
        "var": 3.48876619339
    },
    "zerocrossingrate": {
        "dmean": 0.00736768031493,
        "dmean2": 0.00853527709842,
        "dvar": 0.000225980533287,
        "dvar2": 0.000256004626863,
        "max": 0.50244140625,
        "mean": 0.0494772791862,
        "median": 0.048828125,
        "min": 0.00732421875,
        "stdev": 0.0226903744042,
        "var": 0.000514853105415
    },
    "barkbands": {
        "dmean": [0.000196341556148, 0.00372783956118, 0.00168330490123, 0.00110790855251, 0.0011142824078, 0.00048606749624, 0.000465904915472, 0.00104845652822, 0.00094314099988, 0.000552334997337, 0.000305596855469, 0.000436522997916, 0.00076852098573, 0.0009132384439, 0.000905970402528, 0.000326725596096, 0.000259689055383, 0.00014760204067, 0.00016836845316, 0.000282555673039, 9.02919346117e-05, 8.68573915795e-05, 3.14867174893e-05, 2.73821497103e-05, 1.82408766705e-05, 1.25659189507e-05, 2.17354227061e-06],
        "dmean2": [0.000242628186243, 0.00646720547229, 0.00279795168899, 0.00188422366045, 0.00183306343388, 0.000801904709078, 0.000722772674635, 0.00162878760602, 0.00136834068689, 0.000789968355093, 0.000435246736743, 0.000650367815979, 0.00115656421985, 0.0013821136672, 0.00136549945455, 0.000513472128659, 0.000388128421037, 0.00022489890398, 0.000263897876721, 0.000434157263953, 0.000141554686707, 0.000146037316881, 5.05675161548e-05, 4.11384753534e-05, 2.75370512099e-05, 1.80507868208e-05, 3.51367702933e-06],
        "dvar": [2.28306575423e-07, 7.00957098161e-05, 1.7868631403e-05, 5.34749096914e-06, 2.3387631245e-06, 4.88557930112e-07, 6.7246674007e-07, 7.33869092073e-06, 3.32756303578e-06, 1.10376902285e-06, 6.71736415825e-07, 8.07507149148e-07, 3.78462641493e-06, 4.35914671471e-06, 3.95755205318e-06, 6.62430295506e-07, 3.43422613014e-07, 8.79706831824e-08, 8.50165378097e-08, 4.67737692134e-07, 2.95853475052e-08, 6.61410481939e-08, 6.38199804115e-09, 3.63328034325e-09, 1.46654033362e-09, 5.87722315259e-10, 2.53973630321e-11],
        "dvar2": [3.09211287686e-07, 0.000205291420571, 4.91666796734e-05, 1.54062890942e-05, 6.12742587691e-06, 1.30634975903e-06, 1.41122188779e-06, 1.82459516509e-05, 7.28734448785e-06, 2.20675383389e-06, 1.06294237412e-06, 1.87565069609e-06, 8.49025036587e-06, 9.97244933387e-06, 9.12367795536e-06, 1.41368593631e-06, 6.39267113911e-07, 1.59243512599e-07, 1.92939666022e-07, 9.16791748296e-07, 7.0423915588e-08, 1.87866291412e-07, 1.72193512782e-08, 7.99192001466e-09, 3.51518747443e-09, 1.28261368193e-09, 6.44208991707e-11],
        "max": [0.0050858668983, 0.0918796509504, 0.0439682528377, 0.0321829654276, 0.0163963157684, 0.0127929747105, 0.0114897536114, 0.0409082770348, 0.0332085900009, 0.0198351386935, 0.0172774791718, 0.0178036447614, 0.0281081572175, 0.0286134276539, 0.0300780087709, 0.0128125622869, 0.0117385219783, 0.00746731460094, 0.0048387455754, 0.0153013374656, 0.00191454950254, 0.00282302964479, 0.000845171918627, 0.00108374026604, 0.000473441323265, 0.000248868367635, 4.88300829602e-05],
        "mean": [0.000253377860645, 0.00835720915347, 0.00445528468117, 0.00213600578718, 0.00225879182108, 0.00107463810127, 0.00102680607233, 0.00167799775954, 0.00194381270558, 0.00130831892602, 0.000561471853871, 0.000780256523285, 0.00127852230798, 0.00163761014119, 0.00156216428149, 0.000549241609406, 0.000510914134793, 0.000296686164802, 0.00034282632987, 0.00054110045312, 0.000174717381014, 0.000124148660689, 4.92278013553e-05, 4.81283786939e-05, 3.01517102343e-05, 1.80239330803e-05, 2.18562922782e-06],
        "median": [3.25973160216e-05, 0.00574218248948, 0.00260300468653, 0.0015654724557, 0.0017176293768, 0.000784142292105, 0.000562845845707, 0.000503466173541, 0.000661472207867, 0.00041629516636, 0.000137543756864, 0.000396119634388, 0.000330334791215, 0.000329690956278, 0.000659542274661, 0.000200441019842, 0.000205658405321, 0.000133833644213, 0.000193721061805, 0.000176109097083, 9.08789006644e-05, 5.59096661163e-05, 2.00706363103e-05, 1.92852294276e-05, 9.60404940997e-06, 3.97619078285e-06, 2.70189019602e-07],
        "min": [4.01867075918e-23, 8.36804652488e-23, 2.41444685109e-23, 4.91903305128e-23, 2.82494214049e-23, 2.4023372051e-23, 2.6867138306e-23, 7.399664859e-23, 2.43227905185e-23, 4.09489207757e-23, 6.49584609396e-23, 5.73926916351e-23, 7.02843007245e-23, 1.22023238874e-22, 1.86691152876e-22, 1.25608958787e-22, 1.42303249782e-22, 1.64883011109e-22, 2.78381137465e-22, 2.78854075355e-22, 3.49796980272e-22, 4.66979352113e-22, 7.35784828905e-22, 7.58220184511e-22, 1.12041149489e-21, 2.02050537233e-21, 2.75199859596e-21],
        "stdev": [0.000716682116035, 0.00977900996804, 0.0047671799548, 0.0023532724008, 0.00199202750809, 0.00105091393925, 0.00133612938225, 0.00319816335104, 0.00297540682368, 0.00240688095801, 0.00160365365446, 0.00125283654779, 0.00277754454874, 0.00325246131979, 0.00260126474313, 0.00121679541189, 0.000962758378591, 0.000614125165157, 0.000473014835734, 0.00102601957042, 0.000244363181992, 0.000231577883824, 8.95497505553e-05, 8.96432829904e-05, 5.26665135112e-05, 3.14352582791e-05, 5.01996100866e-06],
        "var": [5.13633267474e-07, 9.56290386966e-05, 2.27260061365e-05, 5.53789095648e-06, 3.96817313231e-06, 1.10441999368e-06, 1.78524180683e-06, 1.02282492662e-05, 8.85304507392e-06, 5.7930760704e-06, 2.57170495388e-06, 1.56959947617e-06, 7.71475424699e-06, 1.05785047708e-05, 6.76657782606e-06, 1.48059120875e-06, 9.2690368092e-07, 3.77149717679e-07, 2.23743029437e-07, 1.05271612938e-06, 5.97133649194e-08, 5.36283160102e-08, 8.01915778226e-09, 8.03591770904e-09, 2.7737616648e-09, 9.88175541394e-10, 2.52000104811e-11]
    },
    "erbbands": {
        "dmean": [0.12421707809, 0.843493759632, 1.86844575405, 2.86299705505, 3.2864511013, 4.18467712402, 5.96340894699, 3.32363438606, 5.44878196716, 11.5105495453, 23.1068992615, 23.0164985657, 15.5785675049, 14.6799411774, 13.6071872711, 14.2560272217, 31.1316509247, 42.1546936035, 43.5628089905, 38.4016494751, 12.393989563, 14.9498567581, 8.07737541199, 7.11262273788, 10.3605823517, 12.2834997177, 4.17224502563, 3.58536458015, 2.78481793404, 2.10997033119, 0.841670632362, 0.623698472977, 0.504966199398, 0.261183083057, 0.107575394213, 0.056245084852, 0.0221154652536, 0.00593114085495, 0.000201326911338, 1.1809015632e-05],
        "dmean2": [0.180528014898, 1.51518273354, 3.20641279221, 4.77714824677, 5.40467643738, 7.02366304398, 9.88361167908, 5.38513660431, 8.47133159637, 17.1175785065, 35.9852333069, 33.9714584351, 22.6003227234, 20.9690608978, 19.5112857819, 21.192855835, 44.8453674316, 61.7464599609, 65.8801040649, 57.4372406006, 18.1878814697, 21.8671550751, 12.1647186279, 11.317691803, 15.9477176666, 18.2253036499, 6.55450057983, 5.44775485992, 4.44449234009, 3.64286184311, 1.34800231457, 0.982963860035, 0.791932582855, 0.408481389284, 0.155689060688, 0.0833807885647, 0.0315558686852, 0.00914545916021, 0.000317361758789, 1.83141219168e-05],
        "dvar": [0.0934281051159, 3.49637198448, 22.8319339752, 28.7961158752, 49.0857696533, 32.8586463928, 75.5898284912, 25.4963226318, 78.8869552612, 655.15423584, 3637.5390625, 2565.34936523, 899.590820312, 831.519042969, 748.000366211, 1059.92773438, 6270.72509766, 11726.9736328, 6481.02685547, 10072.5273438, 630.905578613, 1184.57971191, 262.713378906, 207.749847412, 340.828796387, 840.638549805, 63.6642608643, 50.2875595093, 40.0715065002, 60.7960395813, 5.02547740936, 2.26250338554, 1.42584311962, 0.364206820726, 0.0423841662705, 0.0121700661257, 0.00182315101847, 0.000162796350196, 2.13236916125e-07, 2.28199445451e-10],
        "dvar2": [0.19670560956, 11.2512025833, 63.7232627869, 83.3945846558, 131.695831299, 89.4074020386, 204.393295288, 65.305847168, 171.142227173, 1556.15710449, 9017.46972656, 6001.19726562, 1645.70446777, 1567.53771973, 1398.23046875, 2511.13696289, 12171.8544922, 27408.0703125, 15086.7246094, 22538.4609375, 1145.25866699, 2285.97607422, 517.91619873, 498.915039062, 677.962280273, 1500.01550293, 152.501907349, 106.442947388, 102.246162415, 177.203201294, 13.651345253, 5.63647556305, 3.34745359421, 0.916012406349, 0.0962607637048, 0.0269935876131, 0.00394368031994, 0.000381978083169, 5.2304375231e-07, 5.6765842027e-10],
        "max": [3.62491559982, 20.3031044006, 47.3073158264, 62.2606315613, 81.1592788696, 72.7633590698, 158.516479492, 95.5979232788, 143.322631836, 402.734741211, 851.754150391, 926.50769043, 480.048736572, 643.938720703, 504.866241455, 588.126586914, 1375.41491699, 1630.68896484, 1362.03930664, 1902.97351074, 525.190551758, 728.838745117, 459.647216797, 191.428741455, 335.016693115, 680.067749023, 85.4645080566, 99.1267318726, 91.2065505981, 87.8047103882, 24.0943222046, 18.5122890472, 21.0327453613, 7.59238243103, 2.3346760273, 1.14465510845, 0.438660383224, 0.13685528934, 0.00407838681713, 0.000141017822898],
        "mean": [0.248837977648, 1.86576247215, 4.66466283798, 7.10961151123, 5.94653606415, 7.76324605942, 11.0994119644, 7.81990098953, 12.5718736649, 21.4662361145, 40.8729095459, 44.8615036011, 38.1427192688, 36.4770011902, 27.7820625305, 29.0744781494, 59.9400558472, 80.8828582764, 81.8086547852, 70.8560256958, 26.6799507141, 30.5870704651, 17.8745975494, 14.4233837128, 23.4442005157, 25.1414051056, 7.97473239899, 7.06795740128, 4.69096708298, 2.66403484344, 1.31665813923, 0.989316701889, 0.826152682304, 0.415622591972, 0.178490161896, 0.0848233625293, 0.0308978259563, 0.00722134439275, 0.000235120547586, 4.43519711553e-05],
        "median": [0.134789943695, 1.37101125717, 2.96506237984, 6.19465827942, 4.09618234634, 5.72568655014, 6.73472499847, 5.30368614197, 7.78363513947, 8.82062911987, 14.1542510986, 14.8953351974, 14.7298288345, 12.8584318161, 13.1228542328, 14.5629787445, 15.4477138519, 18.6605758667, 38.3587341309, 20.4813671112, 11.228064537, 11.8234672546, 8.79711914062, 7.93779802322, 12.1257953644, 7.67793607712, 4.01438617706, 3.13540005684, 2.21678948402, 1.12285256386, 0.546443104744, 0.394129902124, 0.323057353497, 0.135677710176, 0.0534510500729, 0.0189805924892, 0.00652927998453, 0.00128940795548, 5.0846443628e-05, 4.17639093939e-05],
        "min": [2.92505867416e-21, 1.57118562957e-20, 4.0392027411e-20, 6.72001465015e-20, 1.80657434854e-19, 6.41473912144e-20, 9.40025690317e-20, 2.84251777011e-19, 4.89878796028e-19, 4.68218037713e-19, 1.7381997025e-18, 8.41697425508e-19, 1.24608038439e-18, 1.39324894685e-18, 2.74096883881e-18, 2.27695980625e-18, 3.02231261068e-18, 5.36198697623e-18, 8.08701066796e-18, 1.10456355414e-17, 5.00669387798e-18, 8.41559244987e-18, 6.34219972442e-18, 1.40812527318e-17, 1.41862649649e-17, 1.40816514329e-17, 1.73698432603e-17, 1.2027895148e-17, 1.69933536588e-17, 1.87280010342e-17, 2.27743899198e-17, 1.61191974593e-17, 1.28383609219e-17, 1.21947358232e-17, 8.6718075087e-18, 7.3154579516e-18, 3.64304527916e-18, 1.09559513786e-18, 3.60064534513e-19, 4.959668001e-20],
        "stdev": [0.429360568523, 1.81779277325, 4.68370389938, 5.70763540268, 7.36772584915, 7.29285955429, 12.6974935532, 7.73924303055, 14.7565765381, 34.6582374573, 71.027305603, 72.2602081299, 61.6948356628, 65.0892562866, 47.6842498779, 47.7711410522, 127.562515259, 166.156463623, 120.578147888, 155.470321655, 45.7821273804, 58.4193916321, 33.0189361572, 21.149148941, 34.8664779663, 47.0441932678, 10.9949235916, 10.9782876968, 7.34129095078, 6.32865190506, 2.47547364235, 1.87904298306, 1.62103378773, 0.759942293167, 0.307845801115, 0.14816403389, 0.054655443877, 0.0141602158546, 0.00047756411368, 2.16039697989e-05],
        "var": [0.184350505471, 3.30437040329, 21.9370822906, 32.5771026611, 54.2833824158, 53.1858024597, 161.226333618, 59.8958816528, 217.756546021, 1201.19348145, 5044.87841797, 5221.53808594, 3806.25292969, 4236.61083984, 2273.78759766, 2282.08203125, 16272.1953125, 27607.96875, 14539.0888672, 24171.0195312, 2096.00317383, 3412.82519531, 1090.25024414, 447.286499023, 1215.67126465, 2213.15625, 120.88835144, 120.52280426, 53.8945541382, 40.0518379211, 6.12797021866, 3.53080248833, 2.62775063515, 0.577512323856, 0.0947690457106, 0.0219525806606, 0.00298721762374, 0.000200511713047, 2.28067492003e-07, 4.66731486792e-10]
    },
    "gfcc": {
        "mean": [20.1596813202, 111.092773438, -124.913261414, 36.8603897095, -41.6287231445, 16.0413208008, -26.9086341858, 8.54060745239, -20.2670898438, 8.84565734863, -17.3648433685, -6.61593294144, -10.4116687775],
        "cov": [[3411.60205078, -815.707641602, -163.40763855, -8.58858299255, -267.208648682, 210.413528442, -76.671081543, 153.30128479, -80.9590682983, 125.303092957, -222.587585449, -61.3620185852, -88.4156723022], [-815.707641602, 973.192321777, -280.536437988, -19.9804134369, 182.78855896, -190.088226318, 142.282028198, -120.835647583, 100.637138367, -83.7942123413, 141.280105591, -44.3751144409, 75.2049179077], [-163.40763855, -280.536437988, 588.280883789, 64.9582595825, 21.4087696075, 74.0217819214, -141.023742676, 30.7177429199, -51.2809944153, 8.2273607254, -23.1677360535, 87.2389907837, -92.608001709], [-8.58858299255, -19.9804134369, 64.9582595825, 265.409545898, 27.63256073, -65.3867034912, -73.0858154297, 8.80787277222, 24.1728992462, -47.5538749695, 18.542552948, 35.3106651306, 31.8987541199], [-267.208648682, 182.78855896, 21.4087696075, 27.63256073, 173.814834595, -51.4541816711, -5.70020580292, -16.325378418, 14.0501270294, -11.3777265549, 31.7246646881, 26.9991569519, 12.4059944153], [210.413528442, -190.088226318, 74.0217819214, -65.3867034912, -51.4541816711, 212.961975098, 41.0685653687, -16.5132598877, -53.7476882935, 33.7222175598, -18.2716960907, -31.9248657227, -38.1743087769], [-76.671081543, 142.282028198, -141.023742676, -73.0858154297, -5.70020580292, 41.0685653687, 189.945373535, -23.9916915894, -5.10427618027, 15.4846048355, 14.6607732773, -44.4397735596, 12.4437875748], [153.30128479, -120.835647583, 30.7177429199, 8.80787277222, -16.325378418, -16.5132598877, -23.9916915894, 101.339561462, 15.6489591599, 0.333295732737, -31.8413009644, 7.62925624847, 5.87629318237], [-80.9590682983, 100.637138367, -51.2809944153, 24.1728992462, 14.0501270294, -53.7476882935, -5.10427618027, 15.6489591599, 101.245567322, 6.69320201874, -8.10088253021, -17.3572006226, 24.6125850677], [125.303092957, -83.7942123413, 8.2273607254, -47.5538749695, -11.3777265549, 33.7222175598, 15.4846048355, 0.333295732737, 6.69320201874, 91.120262146, -10.1314544678, -11.6736192703, -2.12831926346], [-222.587585449, 141.280105591, -23.1677360535, 18.542552948, 31.7246646881, -18.2716960907, 14.6607732773, -31.8413009644, -8.10088253021, -10.1314544678, 99.0374908447, 31.830657959, 8.92978954315], [-61.3620185852, -44.3751144409, 87.2389907837, 35.3106651306, 26.9991569519, -31.9248657227, -44.4397735596, 7.62925624847, -17.3572006226, -11.6736192703, 31.830657959, 92.7556610107, 4.69272136688], [-88.4156723022, 75.2049179077, -92.608001709, 31.8987541199, 12.4059944153, -38.1743087769, 12.4437875748, 5.87629318237, 24.6125850677, -2.12831926346, 8.92978954315, 4.69272136688, 86.1317443848]],
        "icov": [[0.000583699380513, -0.000247915944783, 0.000837539904751, -0.000661304802634, 0.000519201275893, -0.000779489986598, 0.00057509331964, -0.000954077229835, 0.000735543901101, -0.00117628742009, 0.00140051392373, -0.000884890905581, 0.00118657608982], [-0.000247915944783, 0.00512244226411, -0.00101827806793, 0.0023772593122, -0.00335975480266, 0.00391015037894, -0.00285633816384, 0.00447457423434, -0.00395454373211, 0.00518683483824, -0.00605778442696, 0.00505818426609, -0.00276736286469], [0.000837539904751, -0.00101827806793, 0.0047775353305, -0.00218576216139, 0.000351308146492, -0.00322863343172, 0.00268256757408, -0.00254694698378, 0.00176693685353, -0.00307894847356, 0.00388851528987, -0.00497187813744, 0.00528648914769], [-0.000661304802634, 0.0023772593122, -0.00218576216139, 0.0069847558625, -0.00183054490481, 0.00301761738956, -0.000426180951763, 0.00301020801999, -0.00333729153499, 0.00566174788401, -0.004810155835, 0.00319865066558, -0.0048161461018], [0.000519201275893, -0.00335975480266, 0.000351308146492, -0.00183054490481, 0.00933660473675, -0.00137370650191, 0.00153366837185, -0.00212762504816, 0.00207683956251, -0.00368759222329, 0.00330600212328, -0.00447452440858, 0.0017085504951], [-0.000779489986598, 0.00391015037894, -0.00322863343172, 0.00301761738956, -0.00137370650191, 0.0114437853917, -0.00419925013557, 0.00502305105329, -0.00022982514929, 0.003108500503, -0.00574845029041, 0.00762635283172, -0.00294644199312], [0.00057509331964, -0.00285633816384, 0.00268256757408, -0.000426180951763, 0.00153366837185, -0.00419925013557, 0.00990186911076, -0.00284167472273, 0.00312886107713, -0.00386418099515, 0.00249742809683, -0.00110055261757, 0.00161915807985], [-0.000954077229835, 0.00447457423434, -0.00254694698378, 0.00301020801999, -0.00212762504816, 0.00502305105329, -0.00284167472273, 0.0170921124518, -0.00588182080537, 0.00595135753974, -0.00258703669533, 0.00313084060326, -0.00503696361557], [0.000735543901101, -0.00395454373211, 0.00176693685353, -0.00333729153499, 0.00207683956251, -0.00022982514929, 0.00312886107713, -0.00588182080537, 0.0173808671534, -0.00733981933445, 0.00592152029276, -0.000258707645116, 0.001144049922], [-0.00117628742009, 0.00518683483824, -0.00307894847356, 0.00566174788401, -0.00368759222329, 0.003108500503, -0.00386418099515, 0.00595135753974, -0.00733981933445, 0.019977312535, -0.00762219866738, 0.00630839541554, -0.00604490656406], [0.00140051392373, -0.00605778442696, 0.00388851528987, -0.004810155835, 0.00330600212328, -0.00574845029041, 0.00249742809683, -0.00258703669533, 0.00592152029276, -0.00762219866738, 0.0239539146423, -0.013697212562, 0.00586337735876], [-0.000884890905581, 0.00505818426609, -0.00497187813744, 0.00319865066558, -0.00447452440858, 0.00762635283172, -0.00110055261757, 0.00313084060326, -0.000258707645116, 0.00630839541554, -0.013697212562, 0.0250469408929, -0.00759998057038], [0.00118657608982, -0.00276736286469, 0.00528648914769, -0.0048161461018, 0.0017085504951, -0.00294644199312, 0.00161915807985, -0.00503696361557, 0.001144049922, -0.00604490656406, 0.00586337735876, -0.00759998057038, 0.0205997154117]]
    },
    "melbands": {
        "dmean": [0.00104646664113, 0.000955794530455, 0.000483014358906, 0.000248274911428, 0.000192639970919, 7.41821568226e-05, 8.633924881e-05, 0.000152508408064, 0.000181110634003, 0.000139128795126, 8.14564846223e-05, 6.64100880385e-05, 4.60962401121e-05, 5.06869982928e-05, 5.00577043567e-05, 8.30799763207e-05, 8.42427325551e-05, 7.82005008659e-05, 5.8901423472e-05, 3.54710537067e-05, 1.43512243085e-05, 1.77035835804e-05, 1.04287883005e-05, 6.57586997477e-06, 6.20593482381e-06, 6.34874822936e-06, 1.22358223962e-05, 7.64187188906e-06, 2.94142887469e-06, 2.42799842454e-06, 2.01865736926e-06, 1.5004038687e-06, 1.97643157662e-06, 8.28362772154e-07, 4.2167047809e-07, 6.14681596289e-07, 3.03831910742e-07, 4.0026611714e-07, 3.01182893736e-07, 2.07679150321e-07],
        "dmean2": [0.00167858297937, 0.00167377816979, 0.000805696879979, 0.000407870713389, 0.000317395111779, 0.000120946424431, 0.000133069726871, 0.00022955267923, 0.000280937616481, 0.000204999858397, 0.000118433046737, 9.52193149715e-05, 6.41587466816e-05, 7.57076195441e-05, 7.37535956432e-05, 0.000122783138067, 0.000124235026306, 0.000116204093501, 8.86715060915e-05, 5.49296746613e-05, 2.20136917051e-05, 2.56825733231e-05, 1.60379149747e-05, 1.05199951577e-05, 9.97556344373e-06, 9.87837393041e-06, 1.85755507118e-05, 1.15128787002e-05, 4.65745688416e-06, 3.92327456211e-06, 3.02930743601e-06, 2.3030831926e-06, 3.55093175131e-06, 1.3674236925e-06, 6.5153307105e-07, 1.065162337e-06, 4.50376745675e-07, 6.43350858809e-07, 4.71898971455e-07, 3.24257484863e-07],
        "dvar": [5.98604719926e-06, 4.49770595878e-06, 8.7801817017e-07, 1.45945904251e-07, 7.04505893623e-08, 1.16898339897e-08, 1.96904093031e-08, 1.26386936472e-07, 2.0490317354e-07, 9.62690833717e-08, 2.4784515773e-08, 1.59853623671e-08, 1.11070734832e-08, 1.35224444975e-08, 2.22004281625e-08, 3.97905814964e-08, 4.95319554261e-08, 2.38121433682e-08, 2.29354792936e-08, 7.90393528405e-09, 1.55634671817e-09, 1.7757096904e-09, 4.34141778083e-10, 1.76953604547e-10, 1.64776428613e-10, 1.18261692106e-10, 8.17025058719e-10, 3.47214118568e-10, 3.2342486328e-11, 2.689077086e-11, 1.62625850286e-11, 9.98877456443e-12, 6.19353041076e-11, 5.61350271822e-12, 7.69837860994e-13, 4.68942419618e-12, 3.80844308997e-13, 1.00591963145e-12, 4.33388649404e-13, 2.38502604168e-13],
        "dvar2": [1.57559043146e-05, 1.33291823659e-05, 2.49739082392e-06, 3.85559872029e-07, 1.90573231862e-07, 2.96821678347e-08, 4.34701803442e-08, 3.0645171023e-07, 5.06772778408e-07, 2.27060326097e-07, 4.4143163791e-08, 3.1095655828e-08, 1.69976281938e-08, 3.22436584099e-08, 4.63741081091e-08, 8.6358312501e-08, 1.17946882483e-07, 5.41649178842e-08, 5.52032410894e-08, 1.74905956385e-08, 3.3376215125e-09, 3.25195004258e-09, 8.07832523098e-10, 4.10555006658e-10, 3.95624033533e-10, 2.58789822905e-10, 1.71093439416e-09, 6.16378947882e-10, 7.54510759426e-11, 6.84975548504e-11, 3.1322312799e-11, 2.01380370712e-11, 1.81462886384e-10, 1.58953527424e-11, 1.84498250011e-12, 1.35154899425e-11, 7.24829864098e-13, 2.51119936477e-12, 1.05383572962e-12, 6.12484943405e-13],
        "max": [0.0288663487881, 0.0209419447929, 0.0115133803338, 0.00427533639595, 0.00444614794105, 0.00200484530069, 0.00193672988098, 0.00469421735033, 0.00566253764555, 0.00597120262682, 0.00260610855184, 0.00252331234515, 0.00225038081408, 0.00273109949194, 0.00300038186833, 0.00344467046671, 0.00334477960132, 0.00244985055178, 0.00238721678033, 0.00139105843846, 0.000817047082819, 0.000839418265969, 0.000509444740601, 0.000237223634031, 0.000169444567291, 0.000193307045265, 0.000578970648348, 0.00044060946675, 7.8525103163e-05, 4.82874784211e-05, 6.96681090631e-05, 7.76546585257e-05, 8.69083305588e-05, 2.7301182854e-05, 1.1335151612e-05, 2.03942254302e-05, 1.18241823657e-05, 1.85664375749e-05, 9.5358782346e-06, 6.57651389702e-06],
        "mean": [0.00231086369604, 0.00242964015342, 0.00117382896133, 0.000489066180307, 0.000375668227207, 0.000174795699422, 0.000199130081455, 0.00027317495551, 0.000338907644618, 0.000269525829935, 0.000194697102415, 0.000161362928338, 9.09424634301e-05, 8.90068040462e-05, 9.11700626602e-05, 0.000140382442623, 0.000151280168211, 0.000132781438879, 0.000103090751509, 6.32076698821e-05, 2.54987680819e-05, 3.38960380759e-05, 2.13149724004e-05, 1.26865179482e-05, 1.11491299322e-05, 1.36162716444e-05, 2.31056910707e-05, 1.48044046e-05, 5.06364858666e-06, 3.98585189032e-06, 3.97508756578e-06, 2.72245779342e-06, 2.16172725231e-06, 1.15626096431e-06, 7.2422079711e-07, 7.2392799666e-07, 5.53531776859e-07, 6.15556473349e-07, 4.66811400202e-07, 3.11472092562e-07],
        "median": [0.00155401753727, 0.0020841313526, 0.000999851501547, 0.000355853408109, 0.000240754437982, 0.000122365672723, 0.000122747791465, 9.42121114349e-05, 0.000123813457321, 8.89426810318e-05, 7.03304613126e-05, 5.18131528224e-05, 3.57733115379e-05, 4.54546752735e-05, 2.62858557107e-05, 3.70191301045e-05, 3.08768794639e-05, 5.23662565683e-05, 4.04924903705e-05, 1.75990917342e-05, 1.03884949567e-05, 1.14284712254e-05, 9.93354387901e-06, 5.91695061303e-06, 5.87007707509e-06, 7.66895573179e-06, 8.03922830528e-06, 4.21660797656e-06, 2.47873822445e-06, 1.73140017523e-06, 1.71544695604e-06, 1.29711486352e-06, 8.02707859293e-07, 4.85041994125e-07, 2.98970917356e-07, 2.36740717696e-07, 2.21315332283e-07, 2.3473080546e-07, 1.6575029349e-07, 9.34293424848e-08],
        "min": [2.56029050861e-23, 2.12814919152e-23, 1.81919181799e-23, 8.10408325303e-24, 3.02956863611e-24, 5.70875681256e-24, 6.95099816812e-24, 6.84510069134e-24, 1.3053313742e-23, 4.21831417824e-24, 6.21298842014e-24, 5.45788247862e-24, 9.04196787185e-24, 6.43342297833e-24, 5.76890035684e-24, 7.31233511689e-24, 1.06438477587e-23, 1.18386130984e-23, 1.619443086e-23, 1.26088766077e-23, 4.2828094737e-24, 8.78179444556e-24, 5.47702655507e-24, 7.80442023868e-24, 1.13624014357e-23, 1.24379178278e-23, 7.02340139972e-24, 9.53908119305e-24, 1.24702563917e-23, 6.18929932159e-24, 7.13776493173e-24, 1.05196558086e-23, 8.26334164802e-24, 1.09311193459e-23, 1.45704881114e-23, 9.49471802233e-24, 1.0181973643e-23, 9.23874606922e-24, 9.55109712236e-24, 1.01507568392e-23],
        "stdev": [0.00311564002186, 0.00190834898967, 0.000976393232122, 0.000468236597953, 0.000394482805859, 0.000169300328707, 0.000228281831369, 0.000454009277746, 0.000550340453628, 0.000434679153841, 0.000332031049766, 0.000287689443212, 0.000207525503356, 0.000145820449688, 0.000226744421525, 0.000294123456115, 0.000340619735653, 0.00022605137201, 0.000195703469217, 0.000147231796291, 5.44694230484e-05, 7.12590990588e-05, 3.82419093512e-05, 2.46855088335e-05, 1.77140009328e-05, 1.95904158318e-05, 4.38261631643e-05, 2.95189529425e-05, 7.5429379649e-06, 6.26782139079e-06, 6.57068630971e-06, 4.49624985777e-06, 6.05961849942e-06, 2.24216546485e-06, 1.27604801037e-06, 1.83643146556e-06, 1.03245429273e-06, 1.27632938529e-06, 8.65197364419e-07, 5.8990258367e-07],
        "var": [9.7072124845e-06, 3.64179572898e-06, 9.53343715082e-07, 2.19245521293e-07, 1.55616689312e-07, 2.86626029578e-08, 5.21125969044e-08, 2.06124425972e-07, 3.02874639146e-07, 1.88945961099e-07, 1.10244613438e-07, 8.27652186786e-08, 4.30668336548e-08, 2.12636042107e-08, 5.14130320539e-08, 8.65086065005e-08, 1.16021809049e-07, 5.10992244074e-08, 3.82998486259e-08, 2.16772022554e-08, 2.96691804458e-09, 5.07785946624e-09, 1.46244361066e-09, 6.09374384286e-10, 3.13785830652e-10, 3.83784393154e-10, 1.92073246197e-09, 8.71368532884e-10, 5.68959150626e-11, 3.92855852016e-11, 4.31739193008e-11, 2.02162644264e-11, 3.67189785522e-11, 5.02730626226e-12, 1.62829840757e-12, 3.37248068014e-12, 1.06596177198e-12, 1.62901679993e-12, 7.48566464891e-13, 3.47985068495e-13]
    },
    "melbands128": {
