{
"lowlevel": {
    "average_loudness": 0.959377527237,
    "barkbands_crest": {
        "dmean": 3.07983398438,
        "dmean2": 4.68480682373,
        "dvar": 9.06153392792,
        "dvar2": 19.6524066925,
        "max": 25.6703853607,
        "mean": 13.3213596344,
        "median": 12.7389984131,
        "min": 2.30789256096,
        "stdev": 5.28870439529,
        "var": 27.9703941345
    },
    "barkbands_flatness_db": {
        "dmean": 0.0498363077641,
        "dmean2": 0.0664165839553,
        "dvar": 0.00240224972367,
        "dvar2": 0.0041147954762,
        "max": 0.55923050642,
        "mean": 0.213668167591,
        "median": 0.200586035848,
        "min": 0.0259372107685,
        "stdev": 0.0967621281743,
        "var": 0.00936290994287
    },
    "barkbands_kurtosis": {
        "dmean": 29.8753414154,
        "dmean2": 45.3072814941,
        "dvar": 6103.04003906,
        "dvar2": 13908.7285156,
        "max": 936.830688477,
        "mean": 36.8449897766,
        "median": 11.2959842682,
        "min": -1.90810477734,
        "stdev": 85.0899353027,
        "var": 7240.296875
    },
    "barkbands_skewness": {
        "dmean": 1.68374872208,
        "dmean2": 2.47543478012,
        "dvar": 5.75964546204,
        "dvar2": 11.9784984589,
        "max": 25.2097988129,
        "mean": 3.72222352028,
        "median": 3.01259732246,
        "min": -4.29165697098,
        "stdev": 3.37684988976,
        "var": 11.4031152725
    },
    "barkbands_spread": {
        "dmean": 8.63651180267,
        "dmean2": 13.3291463852,
        "dvar": 140.504577637,
        "dvar2": 318.139099121,
        "max": 103.107025146,
        "mean": 15.7943067551,
        "median": 11.3850927353,
        "min": 0.172135099769,
        "stdev": 15.9029083252,
        "var": 252.902496338
    },
    "dissonance": {
        "dmean": 0.0292351488024,
        "dmean2": 0.0458051636815,
        "dvar": 0.000869354989845,
        "dvar2": 0.00187211344019,
        "max": 0.499406307936,
        "mean": 0.440679788589,
        "median": 0.453819185495,
        "min": 0.108820803463,
        "stdev": 0.0479335784912,
        "var": 0.00229762797244
    },
    "dynamic_complexity": 2.72927927971,
    "erbbands_crest": {
        "dmean": 3.23087644577,
        "dmean2": 5.19483423233,
        "dvar": 8.83951282501,
        "dvar2": 20.5368080139,
        "max": 24.7488517761,
        "mean": 10.0557098389,
        "median": 9.13899993896,
        "min": 2.50847887993,
        "stdev": 4.34057044983,
        "var": 18.8405532837
    },
    "erbbands_flatness_db": {
        "dmean": 0.0269564483315,
        "dmean2": 0.0380645543337,
        "dvar": 0.000602221407462,
        "dvar2": 0.00113918981515,
        "max": 0.384505569935,
        "mean": 0.152589157224,
        "median": 0.147666469216,
        "min": 0.0617419965565,
        "stdev": 0.0476986244321,
        "var": 0.00227515865117
    },
    "erbbands_kurtosis": {
        "dmean": 2.46222639084,
        "dmean2": 3.93477797508,
        "dvar": 15.0242385864,
        "dvar2": 33.6571121216,
        "max": 50.4011001587,
        "mean": 2.12195014954,
        "median": 0.455994844437,
        "min": -1.90270137787,
        "stdev": 5.21017885208,
        "var": 27.1459636688
    },
    "erbbands_skewness": {
        "dmean": 0.720795154572,
        "dmean2": 1.07703733444,
        "dvar": 0.539265573025,
        "dvar2": 1.06386017799,
        "max": 5.94313287735,
        "mean": 0.845195651054,
        "median": 0.756181299686,
        "min": -4.63976192474,
        "stdev": 1.21472704411,
        "var": 1.47556185722
    },
    "erbbands_spread": {
        "dmean": 18.4550609589,
        "dmean2": 28.8485012054,
        "dvar": 453.525299072,
        "dvar2": 1060.43371582,
        "max": 196.206314087,
        "mean": 50.9560546875,
        "median": 45.8613433838,
        "min": 4.88965320587,
        "stdev": 29.7312412262,
        "var": 883.946655273
    },
    "hfc": {
        "dmean": 14.9320697784,
        "dmean2": 24.4256744385,
        "dvar": 732.26739502,
        "dvar2": 1935.46228027,
        "max": 198.395080566,
        "mean": 19.0561351776,
        "median": 10.9563703537,
        "min": 1.23836643979e-05,
        "stdev": 25.4750957489,
        "var": 648.98046875
    },
    "loudness_ebu128": {
        "integrated": -9.66149997711,
        "loudness_range": 1.64113807678,
        "momentary": {
            "dmean": 0.831364631653,
            "dmean2": 1.22351765633,
            "dvar": 0.444108098745,
            "dvar2": 0.945318579674,
            "max": -6.76930475235,
            "mean": -9.93058204651,
            "median": -9.84472846985,
            "min": -17.9833316803,
            "stdev": 1.59375476837,
            "var": 2.54005432129
        },
        "short_term": {
            "dmean": 0.0978313609958,
            "dmean2": 0.131303191185,
            "dvar": 0.00619500456378,
            "dvar2": 0.010228482075,
            "max": -8.43340492249,
            "mean": -9.69152450562,
            "median": -9.61672973633,
            "min": -11.0203762054,
            "stdev": 0.530416309834,
            "var": 0.28134149313
        }
    },
    "melbands_crest": {
        "dmean": 4.35839366913,
        "dmean2": 6.62038898468,
        "dvar": 20.3707485199,
        "dvar2": 39.4549064636,
        "max": 38.99243927,
        "mean": 21.161649704,
        "median": 20.6467685699,
        "min": 4.14506340027,
        "stdev": 8.48227024078,
        "var": 71.9489059448
    },
    "melbands_flatness_db": {
        "dmean": 0.05720808357,
        "dmean2": 0.07557284832,
        "dvar": 0.00323033845052,
        "dvar2": 0.00554498145357,
        "max": 0.69231569767,
        "mean": 0.294647693634,
        "median": 0.282525956631,
        "min": 0.0266886875033,
        "stdev": 0.120228886604,
        "var": 0.0144549850374
    },
    "melbands_kurtosis": {
        "dmean": 77.6374130249,
        "dmean2": 120.825790405,
        "dvar": 42005.359375,
        "dvar2": 98286.625,
        "max": 2573.0456543,
        "mean": 95.3260803223,
        "median": 33.119468689,
        "min": -1.86415457726,
        "stdev": 224.061782837,
        "var": 50203.6796875
    },
    "melbands_skewness": {
        "dmean": 2.38639092445,
        "dmean2": 3.45582127571,
        "dvar": 11.460811615,
        "dvar2": 23.252614975,
        "max": 38.9983825684,
        "mean": 5.54583835602,
        "median": 4.35085487366,
        "min": -1.50034558773,
        "stdev": 4.94982767105,
        "var": 24.5007953644
    },
    "melbands_spread": {
        "dmean": 9.29413318634,
        "dmean2": 14.2000217438,
        "dvar": 377.341094971,
        "dvar2": 829.717102051,
        "max": 248.359527588,
        "mean": 14.9257173538,
        "median": 8.05365562439,
        "min": 0.0768442153931,
        "stdev": 24.4649276733,
        "var": 598.532653809
    },
    "pitch_salience": {
        "dmean": 0.0984632000327,
        "dmean2": 0.146924167871,
        "dvar": 0.0103616314009,
        "dvar2": 0.0210038702935,
        "max": 0.879321277142,
        "mean": 0.460589379072,
        "median": 0.47401073575,
        "min": 0.0262346118689,
        "stdev": 0.184936612844,
        "var": 0.0342015512288
    },
    "silence_rate_20dB": {
        "dmean": 0,
        "dmean2": 0,
        "dvar": 0,
        "dvar2": 0,
        "max": 1,
        "mean": 1,
        "median": 1,
        "min": 1,
        "stdev": 0,
        "var": 0
    },
    "silence_rate_30dB": {
        "dmean": 0.139318883419,
        "dmean2": 0.278853595257,
        "dvar": 0.119908444583,
        "dvar2": 0.227429702878,
        "max": 1,
        "mean": 0.817478716373,
        "median": 1,
        "min": 0,
        "stdev": 0.386273145676,
        "var": 0.149206936359
    },
    "silence_rate_60dB": {
        "dmean": 0.0534055717289,
        "dmean2": 0.106119289994,
        "dvar": 0.0505535975099,
        "dvar2": 0.111899010837,
        "max": 1,
        "mean": 0.0711523592472,
        "median": 0,
        "min": 0,
        "stdev": 0.257079780102,
        "var": 0.0660900101066
    },
    "spectral_centroid": {
        "dmean": 421.228149414,
        "dmean2": 633.083374023,
        "dvar": 335686.71875,
        "dvar2": 687687.6875,
        "max": 6286.26806641,
        "mean": 1003.66668701,
        "median": 738.38458252,
        "min": 101.076828003,
        "stdev": 818.604797363,
        "var": 670113.8125
    },
    "spectral_complexity": {
        "dmean": 6.05340576172,
        "dmean2": 9.404337883,
        "dvar": 78.4544143677,
        "dvar2": 174.962966919,
        "max": 53,
        "mean": 11.2482595444,
        "median": 8,
        "min": 0,
        "stdev": 10.0976400375,
        "var": 101.962333679
    },
    "spectral_decrease": {
        "dmean": 7.81993847454e-09,
        "dmean2": 1.18281091588e-08,
        "dvar": 1.64055816149e-16,
        "dvar2": 3.93623516248e-16,
        "max": -9.76083837779e-15,
        "mean": -1.46684993041e-08,
        "median": -1.01635659888e-08,
        "min": -9.91671100792e-08,
        "stdev": 1.5679441745e-08,
        "var": 2.45844907254e-16
    },
    "spectral_energy": {
        "dmean": 0.0306162294,
        "dmean2": 0.046415053308,
        "dvar": 0.00244725006633,
        "dvar2": 0.00588838523254,
        "max": 0.377452969551,
        "mean": 0.0570907481015,
        "median": 0.0414270982146,
        "min": 3.79630193947e-08,
        "stdev": 0.0602283068001,
        "var": 0.0036274488084
    },
    "spectral_energyband_high": {
        "dmean": 0.000908659596462,
        "dmean2": 0.00146090297494,
        "dvar": 2.95426229968e-06,
        "dvar2": 7.23129687685e-06,
        "max": 0.0147662144154,
        "mean": 0.000958337506745,
        "median": 0.0002792327723,
        "min": 1.15787601729e-10,
        "stdev": 0.00180640514009,
        "var": 3.26309941556e-06
    },
    "spectral_energyband_low": {
        "dmean": 0.0227971524,
        "dmean2": 0.0337563231587,
        "dvar": 0.00188499398064,
        "dvar2": 0.0043700360693,
        "max": 0.357528150082,
        "mean": 0.0417304448783,
        "median": 0.0194973964244,
        "min": 1.3093091944e-08,
        "stdev": 0.0536779128015,
        "var": 0.00288131833076
    },
    "spectral_energyband_middle_high": {
        "dmean": 0.00367231108248,
        "dmean2": 0.00650722719729,
        "dvar": 8.48755662446e-05,
        "dvar2": 0.00023927858274,
        "max": 0.077647253871,
        "mean": 0.00325905205682,
        "median": 0.000838418782223,
        "min": 2.45087217188e-09,
        "stdev": 0.0074718571268,
        "var": 5.58286483283e-05
    },
    "spectral_energyband_middle_low": {
        "dmean": 0.00806484278291,
        "dmean2": 0.0132233500481,
        "dvar": 0.000234307706705,
        "dvar2": 0.000641421996988,
        "max": 0.130633816123,
        "mean": 0.0131311332807,
        "median": 0.00967264827341,
        "min": 2.54189700399e-08,
        "stdev": 0.0151300970465,
        "var": 0.00022891984554
    },
    "spectral_entropy": {
        "dmean": 0.365475356579,
        "dmean2": 0.503623664379,
        "dvar": 0.125892803073,
        "dvar2": 0.227903008461,
        "max": 8.88852405548,
        "mean": 7.35870885849,
        "median": 7.38163614273,
        "min": 4.99171209335,
        "stdev": 0.657725274563,
        "var": 0.43260255456
    },
    "spectral_flux": {
        "dmean": 0.0588675998151,
        "dmean2": 0.0919130519032,
        "dvar": 0.00544598326087,
        "dvar2": 0.0114193242043,
        "max": 0.561239600182,
        "mean": 0.114310242236,
        "median": 0.0870288461447,
        "min": 0.000194841006305,
        "stdev": 0.0914647430182,
        "var": 0.0083657996729
    },
    "spectral_kurtosis": {
        "dmean": 2.43544220924,
        "dmean2": 3.57789230347,
        "dvar": 15.7686891556,
        "dvar2": 30.8419399261,
        "max": 74.6993789673,
        "mean": 4.70364665985,
        "median": 3.23457193375,
        "min": -1.41502928734,
        "stdev": 5.9113278389,
        "var": 34.9437942505
    },
    "spectral_rms": {
        "dmean": 0.00183096132241,
        "dmean2": 0.00259118387476,
        "dvar": 5.79687139179e-06,
        "dvar2": 1.29210338855e-05,
        "max": 0.0191897582263,
        "mean": 0.00646729767323,
        "median": 0.00635741138831,
        "min": 6.08581058259e-06,
        "stdev": 0.00372456060722,
        "var": 1.38723517011e-05
    },
    "spectral_rolloff": {
        "dmean": 633.730529785,
        "dmean2": 1066.1027832,
        "dvar": 2053679.375,
        "dvar2": 4440439,
        "max": 11606.3964844,
        "mean": 978.054016113,
        "median": 322.998046875,
        "min": 43.06640625,
        "stdev": 1781.62512207,
        "var": 3174188.25
    },
    "spectral_skewness": {
        "dmean": 0.384978413582,
        "dmean2": 0.545298337936,
        "dvar": 0.181758105755,
        "dvar2": 0.340372741222,
        "max": 6.70368719101,
        "mean": 1.76834189892,
        "median": 1.67153549194,
        "min": -0.447617322206,
        "stdev": 0.743770182133,
        "var": 0.553194105625
    },
    "spectral_spread": {
        "dmean": 1237221.375,
        "dmean2": 1863172,
        "dvar": 1.70009113395e+12,
        "dvar2": 3.57265886413e+12,
        "max": 17060546,
        "mean": 6234653.5,
        "median": 6165742.5,
        "min": 1341503,
        "stdev": 2115553.5,
        "var": 4.47556668621e+12
    },
    "spectral_strongpeak": {
        "dmean": 0.287398993969,
        "dmean2": 0.472125560045,
        "dvar": 0.274198383093,
        "dvar2": 0.770185172558,
        "max": 8.87239646912,
        "mean": 0.569681286812,
        "median": 0.449253559113,
        "min": 0,
        "stdev": 0.50643491745,
        "var": 0.256476342678
    },
    "zerocrossingrate": {
        "dmean": 0.0170123688877,
        "dmean2": 0.0197339747101,
        "dvar": 0.000530086341314,
        "dvar2": 0.000606679706834,
        "max": 0.35791015625,
        "mean": 0.0488167963922,
        "median": 0.03662109375,
        "min": 0.00146484375,
        "stdev": 0.047826807946,
        "var": 0.00228740344755
    },
    "barkbands": {
        "dmean": [0.00300660985522, 0.0184001531452, 0.0030632566195, 0.00366203766316, 0.00284351781011, 0.00166902097408, 0.00079521414591, 0.000638879893813, 0.00059613439953, 0.000359915604349, 0.000790106074419, 0.00057659635786, 0.00030751110171, 0.000378505996196, 0.00027146373759, 0.000339036894729, 0.000511201331392, 0.000295133941108, 0.000188223697478, 0.000192277744645, 0.000170934028574, 0.000171040272107, 0.000145639482071, 0.000198565743631, 0.000144554287544, 4.85141681565e-05, 5.82147049499e-06],
        "dmean2": [0.00438246317208, 0.027829028666, 0.00509792845696, 0.00620558811352, 0.00485928403214, 0.0025291077327, 0.00132859812584, 0.00106735178269, 0.000917944707908, 0.000607741298154, 0.00144032004755, 0.00105938687921, 0.000537592102773, 0.00065837072907, 0.000467316771392, 0.000614596938249, 0.000930882175453, 0.000522423011716, 0.000330736220349, 0.000341223931173, 0.00029219139833, 0.000287907576421, 0.000232326550758, 0.000307956855977, 0.000224287781748, 7.69644611864e-05, 9.48080833041e-06],
        "dvar": [5.61399465369e-05, 0.00151933776215, 6.30196154816e-05, 8.42632653075e-05, 4.5521359425e-05, 8.25113784231e-06, 2.77320282294e-06, 2.26727365771e-06, 1.43120803386e-06, 8.74955276231e-07, 8.86761881702e-06, 2.8795743674e-06, 5.96085044435e-07, 8.01549958851e-07, 3.04749733004e-07, 7.32937166958e-07, 2.07433913602e-06, 4.70344389214e-07, 1.96580117517e-07, 2.46749294774e-07, 1.67772043369e-07, 1.54902011218e-07, 9.64970396922e-08, 1.24976921256e-07, 6.561509025e-08, 9.88172210725e-09, 2.88001039683e-10],
        "dvar2": [0.000143494718941, 0.00364216207527, 0.000159434144734, 0.000242222173256, 0.000120436838188, 1.71924893948e-05, 6.75337287248e-06, 5.87765407545e-06, 3.20430012835e-06, 2.09203471968e-06, 2.555849278e-05, 8.23241498438e-06, 1.55675957103e-06, 2.19394155465e-06, 7.89509670085e-07, 2.05680021281e-06, 5.94237781115e-06, 1.32665070396e-06, 5.40596033716e-07, 6.71725331358e-07, 4.47018976502e-07, 4.03671151616e-07, 2.21046093429e-07, 2.7671984526e-07, 1.49276402794e-07, 2.36124275688e-08, 7.10736469678e-10],
        "max": [0.138494670391, 0.284604877234, 0.104652956128, 0.0828496217728, 0.0611526593566, 0.0237081944942, 0.0211664736271, 0.0150588545948, 0.0118781765923, 0.0121058095247, 0.0335132479668, 0.0164847169071, 0.00881610717624, 0.00860642269254, 0.00497612915933, 0.00892752222717, 0.0128668611869, 0.00631736172363, 0.00477958237752, 0.00376353808679, 0.00412991968915, 0.00281436997466, 0.00320447375998, 0.00411629676819, 0.00367031176575, 0.000926116423216, 0.00016623706324],
        "mean": [0.00566200958565, 0.0304519198835, 0.00367329828441, 0.00465922011063, 0.00332503044046, 0.00284031941555, 0.000878932129126, 0.000634678348433, 0.000715813541319, 0.000346708198776, 0.000555973500013, 0.000438572227722, 0.000256846367847, 0.000327489717165, 0.000236246807617, 0.000250139972195, 0.000379876000807, 0.000263619818725, 0.000163601944223, 0.000141002063174, 0.000141252821777, 0.000143882920383, 0.000142321892781, 0.000233089027461, 0.000175918888999, 4.82794457639e-05, 4.70271288577e-06],
        "median": [0.0017258238513, 0.00926985964179, 0.00103079923429, 0.00251923687756, 0.001097853994, 0.00125416275114, 0.000251923862379, 9.06992499949e-05, 9.64661958278e-05, 3.41189115716e-05, 2.79054056591e-05, 2.14086321648e-05, 2.1589881726e-05, 2.78797779174e-05, 2.7000269256e-05, 3.16484511131e-05, 6.51077571092e-05, 6.92952089594e-05, 4.55040099041e-05, 1.4484600797e-05, 1.96555283765e-05, 1.23257805171e-05, 2.54714832408e-05, 8.17798500066e-05, 6.60573714413e-05, 9.18923069548e-06, 1.94611189386e-07],
        "min": [3.63139344983e-11, 6.95230428782e-10, 5.55993562301e-09, 6.20394446926e-09, 1.07401234573e-08, 3.58180796134e-09, 2.87537282873e-09, 1.54032575583e-09, 2.60715171674e-10, 7.06780634019e-10, 5.87841386679e-10, 2.63262744937e-10, 3.64912572381e-10, 1.88216803254e-10, 2.11555925556e-10, 1.28558899637e-10, 3.72038615193e-11, 3.71811262334e-11, 1.55603759044e-11, 1.25456936506e-11, 8.83622949116e-12, 9.51519505549e-12, 7.93819524003e-12, 1.35188908679e-11, 5.74937111808e-11, 1.05535224657e-11, 7.586672718e-13],
        "stdev": [0.00991302262992, 0.0451564379036, 0.00897092185915, 0.00817100889981, 0.00662892078981, 0.0040609864518, 0.00180970411748, 0.00150031317025, 0.00147342169657, 0.000995331909508, 0.00226345006377, 0.00137945287861, 0.000760686350986, 0.000823898939416, 0.00052888126811, 0.000688308558892, 0.0011062535923, 0.000566873699427, 0.000373616523575, 0.000405381753808, 0.000356173171895, 0.000362356484402, 0.000333868723828, 0.000432559085311, 0.000324626191286, 0.000104114602436, 1.59396386152e-05],
        "var": [9.82680212473e-05, 0.00203910376877, 8.04774317658e-05, 6.67653803248e-05, 4.39425894001e-05, 1.64916127687e-05, 3.27502903019e-06, 2.25093958761e-06, 2.17097135646e-06, 9.90685521174e-07, 5.12320639245e-06, 1.90289028978e-06, 5.78643721383e-07, 6.78809499277e-07, 2.79715408169e-07, 4.73768665188e-07, 1.22379697132e-06, 3.2134582284e-07, 1.39589303672e-07, 1.64334366559e-07, 1.26859333704e-07, 1.31302229534e-07, 1.11468324349e-07, 1.87107360716e-07, 1.05382170545e-07, 1.08398499066e-08, 2.54072096695e-10]
    },
    "erbbands": {
        "dmean": [0.834480762482, 3.23545432091, 3.67859530449, 8.52589130402, 10.2642335892, 9.58562088013, 14.2468147278, 12.3401870728, 8.3219575882, 16.0872135162, 11.9429264069, 14.0652017593, 11.8422870636, 15.0715703964, 37.2801399231, 19.3787212372, 14.2010240555, 16.6746311188, 16.0540504456, 13.6537075043, 23.6429405212, 26.8629512787, 18.1475124359, 12.0165586472, 9.02761173248, 9.02614593506, 6.80626869202, 7.14168071747, 6.41357946396, 4.78620481491, 4.12294197083, 3.72778010368, 3.69877433777, 2.07112526894, 0.802362024784, 0.264850914478, 0.0812883228064, 0.0172918699682, 0.000613686395809, 4.59410948679e-05],
        "dmean2": [1.19249010086, 5.30773878098, 6.19185686111, 14.384311676, 17.8421592712, 16.1599750519, 21.5845584869, 18.8398265839, 14.2992124557, 26.3163642883, 19.2274303436, 21.7167720795, 19.7382335663, 25.8817920685, 69.1820907593, 34.8998641968, 24.5580482483, 28.8203754425, 28.0116043091, 24.1597709656, 42.7755813599, 48.7201004028, 32.1491394043, 21.1032791138, 15.8732357025, 16.0229663849, 11.3968410492, 12.4361190796, 10.8785877228, 7.97248983383, 6.52938461304, 6.04802894592, 5.61043214798, 3.19596409798, 1.26870584488, 0.418656677008, 0.131506338716, 0.0276185851544, 0.00099131744355, 7.00309028616e-05],
        "dvar": [2.98973751068, 53.8709487915, 87.5157089233, 406.437927246, 776.2734375, 708.683349609, 817.123962402, 542.046142578, 266.525604248, 1703.87524414, 691.650634766, 912.707214355, 716.221923828, 1773.52478027, 21632.8183594, 2602.80517578, 1261.01513672, 1712.38549805, 1158.75146484, 885.001464844, 3918.43383789, 5408.90527344, 1899.51062012, 838.618041992, 466.379852295, 552.899291992, 273.297973633, 336.053131104, 227.631072998, 107.591827393, 81.2159805298, 60.4261817932, 39.6764526367, 12.4959487915, 2.44189810753, 0.270749390125, 0.0319655276835, 0.00184720510151, 2.96808025269e-06, 4.95369256726e-09],
        "dvar2": [6.74029254913, 140.040817261, 230.42755127, 1146.10656738, 2187.17480469, 1812.82653809, 1798.40100098, 1124.5526123, 706.258728027, 4122.77490234, 1575.97253418, 2038.01721191, 1761.65332031, 4785.40673828, 62882.8554688, 7341.87597656, 3256.58398438, 4650.70361328, 3109.234375, 2403.14990234, 11066.4882812, 15408.1289062, 5369.62988281, 2339.37475586, 1300.92687988, 1501.27612305, 724.015380859, 918.362426758, 595.554504395, 272.041168213, 182.102355957, 140.430038452, 89.6004486084, 27.7762641907, 5.94322013855, 0.647878706455, 0.0786497592926, 0.00433575036004, 7.32923444957e-06, 1.15386367128e-08],
        "max": [14.0407781601, 45.4848403931, 121.259597778, 193.786911011, 229.349563599, 345.044708252, 473.316772461, 253.05557251, 147.746002197, 461.335845947, 413.936798096, 345.194458008, 408.110961914, 419.552215576, 1607.21191406, 422.198760986, 414.415740967, 456.265106201, 255.339126587, 279.519470215, 665.938537598, 601.71496582, 427.826019287, 220.134658813, 207.501876831, 197.795883179, 194.961929321, 237.510910034, 132.553436279, 73.6826858521, 103.085342407, 99.4332504272, 80.1885375977, 44.825843811, 21.3006305695, 5.70539712906, 1.91544425488, 0.376409977674, 0.0182468034327, 0.000516820990015],
        "mean": [1.52518260479, 4.2479262352, 4.2879281044, 11.3465223312, 11.5893373489, 11.1308956146, 22.8746414185, 20.1767024994, 9.36196231842, 17.8837337494, 13.7254686356, 16.8278446198, 12.6126537323, 13.4334545135, 25.8922138214, 15.5484848022, 12.28373909, 14.8857975006, 14.0811281204, 11.5123577118, 17.1586475372, 20.6109752655, 16.2530269623, 10.386920929, 7.46799850464, 6.67114067078, 5.75282812119, 5.57070541382, 5.3415760994, 4.3149356842, 4.08938550949, 4.03206348419, 4.40453243256, 2.58338403702, 0.903229475021, 0.274339854717, 0.0780069604516, 0.0153479063883, 0.000540245324373, 7.84994481364e-05],
        "median": [0.468403071165, 0.83252197504, 1.09125912189, 5.8650598526, 3.88500475883, 3.17526316643, 9.08140468597, 6.87919807434, 4.26300096512, 3.91391372681, 2.21660208702, 2.14723157883, 1.83852136135, 1.37770366669, 1.32721686363, 0.995009839535, 1.01651501656, 1.49094069004, 1.50184822083, 1.71618616581, 2.29608893394, 3.87656545639, 4.29181098938, 2.64089894295, 1.72345745564, 0.726026177406, 0.830014526844, 0.596814513206, 0.390671223402, 0.527109324932, 0.758042871952, 0.955201864243, 1.66014051437, 0.978791058064, 0.273338794708, 0.0635065063834, 0.0132487062365, 0.00174176204018, 7.70680635469e-05, 5.63087087357e-05],
        "min": [5.50887797601e-08, 1.05648405224e-06, 5.37609457751e-06, 1.52487382366e-05, 2.84346406261e-05, 3.69765184587e-05, 3.42020575772e-05, 2.80395634036e-05, 3.64385778084e-05, 4.52610074717e-05, 2.46470626735e-05, 5.68579980609e-06, 1.8733282559e-05, 2.16143489524e-05, 2.41579873546e-05, 8.4778166638e-06, 1.47761356857e-05, 1.31307751872e-05, 6.78023889122e-06, 1.61813968589e-05, 3.79460357181e-06, 2.5165425086e-06, 2.65677226707e-06, 8.42758311137e-07, 1.08330664261e-06, 3.97436195954e-07, 3.98800551693e-07, 2.24151463613e-07, 2.82897332227e-07, 3.8659504753e-07, 2.06680738302e-07, 1.18652955905e-07, 4.47630270628e-07, 1.05007995899e-06, 1.55471255425e-07, 5.75909844258e-08, 1.84828774508e-08, 5.28482146933e-09, 1.07471198607e-09, 1.43805259367e-10],
        "stdev": [2.17370700836, 7.55632829666, 9.7074432373, 19.2003517151, 24.0251789093, 26.721572876, 37.2145500183, 32.3166275024, 15.7067222595, 43.0172729492, 29.9611129761, 37.2095413208, 29.5102787018, 36.8021430969, 109.762878418, 42.5057983398, 35.9561653137, 38.5528755188, 30.8308238983, 26.4069786072, 49.9409179688, 56.993270874, 35.6390266418, 23.7798557281, 17.8450069427, 19.2120475769, 14.3644914627, 15.4740247726, 13.7553281784, 10.1169204712, 9.77028846741, 8.83814048767, 7.76730966568, 4.55388307571, 1.82215678692, 0.581851541996, 0.176234439015, 0.042373098433, 0.00160858372692, 8.19341221359e-05],
        "var": [4.72500228882, 57.0980949402, 94.2344512939, 368.653533936, 577.209228516, 714.042419434, 1384.92272949, 1044.36450195, 246.701126099, 1850.48583984, 897.668334961, 1384.55004883, 870.856506348, 1354.39782715, 12047.8896484, 1806.74279785, 1292.84594727, 1486.32434082, 950.539733887, 697.328491211, 2494.09521484, 3248.23291016, 1270.14025879, 565.481567383, 318.444244385, 369.102783203, 206.338607788, 239.445449829, 189.20904541, 102.352088928, 95.4585418701, 78.1127319336, 60.3310966492, 20.7378520966, 3.32025551796, 0.338551193476, 0.0310585778207, 0.00179547956213, 2.58754175775e-06, 6.71320066203e-09]
    },
    "gfcc": {
        "mean": [-35.1933517456, 82.9843902588, -75.5886993408, 39.5067596436, -54.9430351257, 15.778429985, -53.0052452087, 16.8418884277, -24.7764110565, -1.9099881649, -9.95942783356, -0.283045709133, -7.0740237236],
        "cov": [[8691.21875, -1227.4329834, -313.695495605, 327.907012939, -37.1243476868, 379.883331299, 75.9284744263, 420.720733643, -141.852325439, 224.051803589, -296.750518799, 214.949935913, -255.983673096], [-1227.4329834, 1702.54956055, 298.922363281, -272.794555664, 304.210296631, -92.1279907227, 246.695098877, -3.0160074234, 169.374450684, -71.551109314, 289.406677246, -111.237159729, 113.06262207], [-313.695495605, 298.922363281, 1837.44177246, 783.930603027, 315.292510986, 188.832595825, 183.370895386, 172.563583374, 227.365646362, 114.198326111, 243.35458374, 189.600540161, 142.692428589], [327.907012939, -272.794555664, 783.930603027, 1097.90466309, 291.412750244, 71.4410171509, 15.7702388763, 88.5586929321, 219.742980957, 106.818412781, 130.152023315, 160.000518799, 178.829711914], [-37.1243476868, 304.210296631, 315.292510986, 291.412750244, 539.752197266, 130.05619812, 177.015655518, 120.196289062, 187.838470459, 103.561302185, 135.276687622, 38.0504570007, 98.0852661133], [379.883331299, -92.1279907227, 188.832595825, 71.4410171509, 130.05619812, 346.455749512, 213.843002319, 90.3884353638, 88.7991638184, 90.1278457642, 58.1043624878, 41.9758491516, 25.187335968], [75.9284744263, 246.695098877, 183.370895386, 15.7702388763, 177.015655518, 213.843002319, 517.260620117, 40.6717529297, 124.962059021, 108.567909241, 98.3450775146, 79.2959213257, 25.6418895721], [420.720733643, -3.0160074234, 172.563583374, 88.5586929321, 120.196289062, 90.3884353638, 40.6717529297, 279.487182617, 80.8126602173, 61.8619346619, 104.182044983, 47.8656654358, 38.310546875], [-141.852325439, 169.374450684, 227.365646362, 219.742980957, 187.838470459, 88.7991638184, 124.962059021, 80.8126602173, 275.744995117, 119.074752808, 118.050125122, 46.7121696472, 101.398643494], [224.051803589, -71.551109314, 114.198326111, 106.818412781, 103.561302185, 90.1278457642, 108.567909241, 61.8619346619, 119.074752808, 183.550689697, 66.2373657227, 56.3276824951, 36.8704528809], [-296.750518799, 289.406677246, 243.35458374, 130.152023315, 135.276687622, 58.1043624878, 98.3450775146, 104.182044983, 118.050125122, 66.2373657227, 242.253967285, 60.7753372192, 99.4775848389], [214.949935913, -111.237159729, 189.600540161, 160.000518799, 38.0504570007, 41.9758491516, 79.2959213257, 47.8656654358, 46.7121696472, 56.3276824951, 60.7753372192, 149.373825073, 46.80128479], [-255.983673096, 113.06262207, 142.692428589, 178.829711914, 98.0852661133, 25.187335968, 25.6418895721, 38.310546875, 101.398643494, 36.8704528809, 99.4775848389, 46.80128479, 162.056716919]],
        "icov": [[0.00019219868409, -0.000144954319694, 0.000146259873873, -0.000245157047175, 9.85753213172e-05, -0.000287758361083, 8.00148773124e-05, -0.000419504358433, 0.000254542625044, -0.00034255097853, 0.000481379684061, -0.000419708929257, 0.00036243343493], [-0.000144954319694, 0.00220827478915, -0.000740628223866, 0.00143737182952, -0.00110589410178, 0.00176565966103, -0.00116446998436, 0.00097474391805, -0.00129722128622, 0.0020705468487, -0.00270117004402, 0.00239729648456, -0.00104853627272], [0.000146259873873, -0.000740628223866, 0.0012085523922, -0.00112304475624, 0.000333719392074, -0.000907847483177, 0.000309342518449, -0.000614214164671, 0.000444421515567, -0.000532882462721, 0.000530572782736, -0.00131205737125, 0.000854650279507], [-0.000245157047175, 0.00143737182952, -0.00112304475624, 0.00288516585715, -0.00131244154181, 0.00129261182155, -0.000150212421431, 0.00117630278692, -0.00159385113511, 0.00143686111551, -0.00146286562085, 0.000560203799978, -0.00183930213097], [9.85753213172e-05, -0.00110589410178, 0.000333719392074, -0.00131244154181, 0.00357338786125, -0.00106006429996, -0.000147764571011, -0.00118901778478, -7.30899701011e-05, -0.00132406724151, 0.000997704453766, -6.41101141809e-05, 0.000141179290949], [-0.000287758361083, 0.00176565966103, -0.000907847483177, 0.00129261182155, -0.00106006429996, 0.00600228691474, -0.00252318917774, 6.04985252721e-05, -0.00111246714368, 0.000843292393256, -0.00190291448962, 0.00261211232282, -0.00130184111185], [8.00148773124e-05, -0.00116446998436, 0.000309342518449, -0.000150212421431, -0.000147764571011, -0.00252318917774, 0.00398605177179, 0.000388865242712, -0.000110353408672, -0.00141796900425, 0.000774562824517, -0.00287283933721, 0.00133701530285], [-0.000419504358433, 0.00097474391805, -0.000614214164671, 0.00117630278692, -0.00118901778478, 6.04985252721e-05, 0.000388865242712, 0.00606334535405, -0.00132496724837, 0.000953717797529, -0.00342556182295, 0.00053582090186, -0.000324529188219], [0.000254542625044, -0.00129722128622, 0.000444421515567, -0.00159385113511, -7.30899701011e-05, -0.00111246714368, -0.000110353408672, -0.00132496724837, 0.00844333320856, -0.00452421512455, 0.00102916441392, -0.000227419761359, -0.00159728375729], [-0.00034255097853, 0.0020705468487, -0.000532882462721, 0.00143686111551, -0.00132406724151, 0.000843292393256, -0.00141796900425, 0.000953717797529, -0.00452421512455, 0.0110611924902, -0.0032407536637, 0.000354447576683, -0.000231641693972], [0.000481379684061, -0.00270117004402, 0.000530572782736, -0.00146286562085, 0.000997704453766, -0.00190291448962, 0.000774562824517, -0.00342556182295, 0.00102916441392, -0.0032407536637, 0.0112664187327, -0.0040644495748, -0.00147749204189], [-0.000419708929257, 0.00239729648456, -0.00131205737125, 0.000560203799978, -6.41101141809e-05, 0.00261211232282, -0.00287283933721, 0.00053582090186, -0.000227419761359, 0.000354447576683, -0.0040644495748, 0.0133595578372, -0.00313928094693], [0.00036243343493, -0.00104853627272, 0.000854650279507, -0.00183930213097, 0.000141179290949, -0.00130184111185, 0.00133701530285, -0.000324529188219, -0.00159728375729, -0.000231641693972, -0.00147749204189, -0.00313928094693, 0.0115995900705]]
    },
    "melbands": {
        "dmean": [0.00603785179555, 0.00253421277739, 0.00148714147508, 0.000671612797305, 0.000457000482129, 0.000277586572338, 0.000136243848829, 0.000168706203112, 9.294335905e-05, 8.77243510331e-05, 5.97910766373e-05, 5.641063035e-05, 0.000119679425552, 8.04563023848e-05, 3.31984738295e-05, 2.97702135867e-05, 3.1833700632e-05, 2.84051802737e-05, 2.12444410863e-05, 1.64210978255e-05, 3.19595528708e-05, 2.98296708934e-05, 2.12163031392e-05, 1.33658741106e-05, 9.60656325333e-06, 6.3535208028e-06, 6.81340907249e-06, 5.79491052122e-06, 4.39295035903e-06, 3.7558133954e-06, 4.26095448347e-06, 3.51983953806e-06, 3.4216648146e-06, 2.46785702984e-06, 2.35749325839e-06, 2.44525949711e-06, 2.36373307416e-06, 2.74690569313e-06, 2.35120273828e-06, 1.63933736985e-06],
        "dmean2": [0.00887706037611, 0.00418603047729, 0.00251406896859, 0.00116203993093, 0.00069541920675, 0.000419287971454, 0.000231971469475, 0.000277764745988, 0.000148994295159, 0.000135870606755, 0.000100969264167, 9.59047974902e-05, 0.000219320922042, 0.000148521517986, 5.77651371714e-05, 5.20050707564e-05, 5.52290548512e-05, 4.99092348036e-05, 3.69121771655e-05, 2.93972498184e-05, 5.81770946155e-05, 5.43584792467e-05, 3.80297569791e-05, 2.35221141338e-05, 1.69613176695e-05, 1.10761375254e-05, 1.22008086691e-05, 1.02577405414e-05, 7.46285604691e-06, 6.37262610326e-06, 7.52737332732e-06, 5.91340130995e-06, 5.83967812418e-06, 4.10409211327e-06, 3.78163963433e-06, 3.89664546674e-06, 3.83327824238e-06, 4.19916386818e-06, 3.66775611838e-06, 2.57259580394e-06],
        "dvar": [0.000159579649335, 3.06263755192e-05, 1.3130467778e-05, 3.03025126414e-06, 8.08017375675e-07, 2.50841026173e-07, 6.93655195505e-08, 1.78528239303e-07, 4.14548431138e-08, 3.41244188462e-08, 1.89865350109e-08, 2.29763976733e-08, 2.1254633964e-07, 6.8138398035e-08, 6.5411662753e-09, 5.47003820017e-09, 6.5309344599e-09, 3.9341272462e-09, 2.01577199377e-09, 1.4610703758e-09, 8.04831756795e-09, 7.05452007921e-09, 2.88987922481e-09, 9.69094027248e-10, 5.84885195831e-10, 2.22537016592e-10, 3.27598531635e-10, 2.27651689166e-10, 1.32085092863e-10, 6.52871992579e-11, 1.44728146134e-10, 6.99576854779e-11, 6.80935516306e-11, 2.76549009387e-11, 2.76600704147e-11, 3.03837649485e-11, 2.42979716208e-11, 2.32691973329e-11, 1.51105013918e-11, 8.4828663191e-12],
        "dvar2": [0.000370442459825, 8.02673166618e-05, 3.70933048544e-05, 8.17217915028e-06, 1.81039536074e-06, 5.19394120602e-07, 1.81745548389e-07, 4.44402047606e-07, 9.19682605627e-08, 7.64418075505e-08, 4.68659706598e-08, 6.03045364755e-08, 6.15678914073e-07, 1.95746750364e-07, 1.74277374754e-08, 1.43073721759e-08, 1.78699082198e-08, 1.06347197715e-08, 5.26475973928e-09, 4.06373157347e-09, 2.28006520331e-08, 2.02009626804e-08, 8.19374079697e-09, 2.71913491723e-09, 1.63476987503e-09, 6.15966166961e-10, 9.15967357518e-10, 6.14989226211e-10, 3.52847667751e-10, 1.6896326005e-10, 4.02625321971e-10, 1.82922579861e-10, 1.81325066073e-10, 6.84672804563e-11, 6.26022012007e-11, 7.16654513511e-11, 5.81344312967e-11, 5.19434148472e-11, 3.4751534983e-11, 1.92978376334e-11],
        "max": [0.103610515594, 0.051597174257, 0.0317091494799, 0.0158112514764, 0.0165964346379, 0.00507329637185, 0.00302740442567, 0.00430121505633, 0.00326964515261, 0.00204443512484, 0.00201980094425, 0.00153795012739, 0.00494956597686, 0.00248363660648, 0.000868825241923, 0.000968470529187, 0.000899154692888, 0.000499168818351, 0.000359490688425, 0.00034449188388, 0.000930300389882, 0.000713212415576, 0.000473226828035, 0.000293803808745, 0.000202523471671, 0.00019786033954, 0.000137843569973, 0.000123102698126, 0.000143669079989, 5.73066245124e-05, 0.000176622736035, 8.39379717945e-05, 6.05128916504e-05, 4.87145553052e-05, 5.81987951591e-05, 5.75744415983e-05, 7.46772566345e-05, 6.22226361884e-05, 4.83280273329e-05, 3.49316069332e-05],
        "mean": [0.0107890591025, 0.00323000201024, 0.00195746403188, 0.0007466407842, 0.000742487143725, 0.000461780233309, 0.000150689069415, 0.000186489778571, 0.000109586115286, 0.000103022539406, 6.19527854724e-05, 5.19181812706e-05, 8.40540305944e-05, 6.07028632658e-05, 2.71998578683e-05, 2.5863877454e-05, 2.79458708974e-05, 2.38854536292e-05, 1.82918374776e-05, 1.30236276163e-05, 2.23570841626e-05, 2.19410176214e-05, 1.80566858035e-05, 1.1962224562e-05, 8.07916330814e-06, 5.62787045055e-06, 4.97337759953e-06, 4.22588573201e-06, 3.62808964383e-06, 3.2116543025e-06, 3.19932064485e-06, 2.94704273074e-06, 2.82515065919e-06, 2.26870201914e-06, 2.28663975577e-06, 2.36471805692e-06, 2.53154462371e-06, 3.18545698974e-06, 2.78079778582e-06, 1.98518978323e-06],
        "median": [0.00368306133896, 0.000888413924258, 0.00106590904761, 0.000259877851931, 0.00033516754047, 0.000174076645635, 5.99002378294e-05, 4.09618878621e-05, 1.41683376569e-05, 1.32848836074e-05, 8.47366118251e-06, 4.98985536979e-06, 4.52030553788e-06, 2.69648148787e-06, 1.72545162513e-06, 2.39655537371e-06, 2.72750503427e-06, 2.23221763918e-06, 2.06961385629e-06, 1.88808633084e-06, 2.3540071652e-06, 3.44443810718e-06, 4.37029711975e-06, 2.94578308058e-06, 1.87159344023e-06, 1.50928633502e-06, 5.68135874346e-07, 3.42834567846e-07, 4.46741722726e-07, 4.62283026081e-07, 2.60165620602e-07, 1.96001607833e-07, 2.39835969751e-07, 3.07287308488e-07, 4.05976521733e-07, 4.13817616618e-07, 6.34453158455e-07, 1.14268789275e-06, 9.87211024039e-07, 6.69953692523e-07],
        "min": [1.97404620428e-10, 2.41571829207e-09, 3.00634894757e-09, 2.39370079314e-09, 1.30835431378e-09, 6.39770292299e-10, 5.70253733123e-10, 4.75022521318e-10, 1.60657404047e-10, 3.26138560602e-11, 9.64514718094e-11, 8.77594316662e-11, 8.32812430129e-11, 4.11270496825e-11, 1.34709413763e-11, 4.25601429099e-11, 2.09604156948e-11, 1.00677565243e-11, 1.84575549289e-11, 1.65531911095e-11, 2.09716120338e-12, 2.36433810898e-12, 2.4122791438e-12, 1.86773708478e-12, 5.44204113197e-13, 5.80625825197e-13, 9.54673948401e-13, 8.98783001149e-14, 2.12832992875e-13, 2.34630592949e-13, 9.21776015434e-14, 1.2290004897e-13, 2.57363574896e-13, 1.92093438595e-13, 1.23463129368e-13, 8.37207636117e-14, 5.49167611071e-14, 2.05493079692e-13, 7.37755234508e-13, 8.52369607188e-13],
        "stdev": [0.0153199862689, 0.00571684725583, 0.00331978546456, 0.00159981835168, 0.00117185071576, 0.000711157917976, 0.000263159483438, 0.000430022366345, 0.000236238964135, 0.000222661852604, 0.00015038435231, 0.000139820651384, 0.000347541936208, 0.000207982840948, 7.58023015806e-05, 7.42916963645e-05, 7.36002984922e-05, 5.59705113119e-05, 4.20495089202e-05, 3.20116450894e-05, 7.09054002073e-05, 6.4472820668e-05, 4.29284555139e-05, 2.60218603216e-05, 1.96446308109e-05, 1.27060093291e-05, 1.44347404785e-05, 1.23927366076e-05, 9.78201387625e-06, 7.29641078578e-06, 9.88561441773e-06, 7.67453366279e-06, 7.36447691452e-06, 5.27417660123e-06, 5.54513098905e-06, 5.88889588471e-06, 5.56317854716e-06, 5.87706881561e-06, 4.82054201711e-06, 3.65727009921e-06],
        "var": [0.000234701976296, 3.26823428622e-05, 1.10209757622e-05, 2.55941858995e-06, 1.3732339994e-06, 5.05745617829e-07, 6.92529198432e-08, 1.84919230151e-07, 5.5808850874e-08, 4.95783005761e-08, 2.26154526217e-08, 1.95498159883e-08, 1.20785401236e-07, 4.32568612041e-08, 5.74598857384e-09, 5.51925571912e-09, 5.41700373446e-09, 3.13269832297e-09, 1.76816106201e-09, 1.02474539965e-09, 5.0275756891e-09, 4.1567447262e-09, 1.84285242621e-09, 6.77137235172e-10, 3.85911552714e-10, 1.6144267867e-10, 2.08361744525e-10, 1.53579926554e-10, 9.5687797963e-11, 5.32376087659e-11, 9.77253694634e-11, 5.8898469435e-11, 5.42355223232e-11, 2.78169397239e-11, 3.07484766815e-11, 3.46790929306e-11, 3.09489552042e-11, 3.45399368828e-11, 2.32376236309e-11, 1.33756252602e-11]
    },
    "melbands128": {
