{
"lowlevel": {
    "average_loudness": 0.985677182674,
    "barkbands_crest": {
        "dmean": 2.96063280106,
        "dmean2": 4.28040647507,
        "dvar": 10.1478185654,
        "dvar2": 19.4796772003,
        "max": 25.9033737183,
        "mean": 12.4553642273,
        "median": 10.923333168,
        "min": 2.12100148201,
        "stdev": 6.59471559525,
        "var": 43.4902763367
    },
    "barkbands_flatness_db": {
        "dmean": 0.0242453981191,
        "dmean2": 0.0308696180582,
        "dvar": 0.000638161669485,
        "dvar2": 0.000978863448836,
        "max": 0.285402595997,
        "mean": 0.114677377045,
        "median": 0.0939100161195,
        "min": 0.0251391138881,
        "stdev": 0.0591190382838,
        "var": 0.00349506083876
    },
    "barkbands_kurtosis": {
        "dmean": 3.04701471329,
        "dmean2": 3.91563749313,
        "dvar": 28.2725849152,
        "dvar2": 36.719078064,
        "max": 114.386566162,
        "mean": 5.68533372879,
        "median": 1.58230352402,
        "min": -1.82312047482,
        "stdev": 10.6774845123,
        "var": 114.008666992
    },
    "barkbands_skewness": {
        "dmean": 0.545461714268,
        "dmean2": 0.701438248158,
        "dvar": 0.37143689394,
        "dvar2": 0.468798130751,
        "max": 9.74083328247,
        "mean": 1.856528759,
        "median": 1.32832860947,
        "min": -1.87716770172,
        "stdev": 1.56755530834,
        "var": 2.45722961426
    },
    "barkbands_spread": {
        "dmean": 5.5529384613,
        "dmean2": 8.11715984344,
        "dvar": 30.7898902893,
        "dvar2": 64.7431259155,
        "max": 96.1602630615,
        "mean": 26.2302055359,
        "median": 25.5756492615,
        "min": 2.38898062706,
        "stdev": 10.4045066833,
        "var": 108.253761292
    },
    "dissonance": {
        "dmean": 0.0195437725633,
        "dmean2": 0.0327740721405,
        "dvar": 0.000602983636782,
        "dvar2": 0.00154161383398,
        "max": 0.499669551849,
        "mean": 0.467377007008,
        "median": 0.47173383832,
        "min": 0.0122149111703,
        "stdev": 0.0267396289855,
        "var": 0.000715007714462
    },
    "dynamic_complexity": 1.76783251762,
    "erbbands_crest": {
        "dmean": 2.5075032711,
        "dmean2": 3.95338106155,
        "dvar": 6.25122594833,
        "dvar2": 14.2551269531,
        "max": 28.0159873962,
        "mean": 8.35116672516,
        "median": 6.75776386261,
        "min": 2.14745330811,
        "stdev": 4.91213464737,
        "var": 24.1290683746
    },
    "erbbands_flatness_db": {
        "dmean": 0.0154507216066,
        "dmean2": 0.0220537949353,
        "dvar": 0.000216375497985,
        "dvar2": 0.000432988861576,
        "max": 0.227963611484,
        "mean": 0.118652425706,
        "median": 0.115319371223,
        "min": 0.0551324747503,
        "stdev": 0.0323052406311,
        "var": 0.00104362866841
    },
    "erbbands_kurtosis": {
        "dmean": 0.816612124443,
        "dmean2": 1.20573329926,
        "dvar": 0.936348617077,
        "dvar2": 1.70352303982,
        "max": 13.3689861298,
        "mean": 0.531594216824,
        "median": 0.00782585144043,
        "min": -1.57215332985,
        "stdev": 1.74158287048,
        "var": 3.03311109543
    },
    "erbbands_skewness": {
        "dmean": 0.348484843969,
        "dmean2": 0.49381095171,
        "dvar": 0.0961227789521,
        "dvar2": 0.166898682714,
        "max": 3.069201231,
        "mean": 0.401900410652,
        "median": 0.422703176737,
        "min": -1.56839239597,
        "stdev": 0.764543175697,
        "var": 0.58452630043
    },
    "erbbands_spread": {
        "dmean": 10.2847328186,
        "dmean2": 15.0042362213,
        "dvar": 142.350204468,
        "dvar2": 295.131347656,
        "max": 124.985160828,
        "mean": 45.6593666077,
        "median": 39.4626121521,
        "min": 10.9819488525,
        "stdev": 22.1782436371,
        "var": 491.874481201
    },
    "hfc": {
        "dmean": 9.32428646088,
        "dmean2": 14.2140083313,
        "dvar": 165.372528076,
        "dvar2": 404.066162109,
        "max": 124.39969635,
        "mean": 38.4192390442,
        "median": 36.0958366394,
        "min": 1.12918954815e-16,
        "stdev": 20.0520133972,
        "var": 402.083251953
    },
    "loudness_ebu128": {
        "integrated": -5.48425102234,
        "loudness_range": 1.11764383316,
        "momentary": {
            "dmean": 0.30926707387,
            "dmean2": 0.390943348408,
            "dvar": 0.0460216626525,
            "dvar2": 0.0727929547429,
            "max": -4.17673969269,
            "mean": -5.55190610886,
            "median": -5.34726428986,
            "min": -8.08759021759,
            "stdev": 0.78054189682,
            "var": 0.609245657921
        },
        "short_term": {
            "dmean": 0.0542977638543,
            "dmean2": 0.0579373463988,
            "dvar": 0.00126236770302,
            "dvar2": 0.00193462206516,
            "max": -4.82176113129,
            "mean": -5.43164348602,
            "median": -5.19721126556,
            "min": -6.3304438591,
            "stdev": 0.44677528739,
            "var": 0.199608162045
        }
    },
    "melbands_crest": {
        "dmean": 3.69447350502,
        "dmean2": 4.89742612839,
        "dvar": 12.71778965,
        "dvar2": 22.8002719879,
        "max": 35.6120452881,
        "mean": 18.4257564545,
        "median": 15.8506593704,
        "min": 1.65758287907,
        "stdev": 9.54522705078,
        "var": 91.111366272
    },
    "melbands_flatness_db": {
        "dmean": 0.0291405040771,
        "dmean2": 0.0378823764622,
        "dvar": 0.00107600190677,
        "dvar2": 0.00173359934706,
        "max": 0.394108176231,
        "mean": 0.183328643441,
        "median": 0.16551938653,
        "min": 0.00326366350055,
        "stdev": 0.0741440281272,
        "var": 0.00549733731896
    },
    "melbands_kurtosis": {
        "dmean": 16.5956439972,
        "dmean2": 20.1575679779,
        "dvar": 1010.6619873,
        "dvar2": 1223.38000488,
        "max": 398.591705322,
        "mean": 33.8338546753,
        "median": 6.44090938568,
        "min": -1.2857156992,
        "stdev": 63.7232971191,
        "var": 4060.65844727
    },
    "melbands_skewness": {
        "dmean": 1.13656115532,
        "dmean2": 1.3837171793,
        "dvar": 2.36348724365,
        "dvar2": 2.59667754173,
        "max": 18.8544597626,
        "mean": 3.76879930496,
        "median": 2.21640634537,
        "min": -0.0854982808232,
        "stdev": 3.81723332405,
        "var": 14.571269989
    },
    "melbands_spread": {
        "dmean": 6.67616891861,
        "dmean2": 9.93389415741,
        "dvar": 66.4486465454,
        "dvar2": 129.957138062,
        "max": 142.327453613,
        "mean": 24.5632076263,
        "median": 23.8145885468,
        "min": 1.22993671894,
        "stdev": 14.7960233688,
        "var": 218.922302246
    },
    "pitch_salience": {
        "dmean": 0.0870890542865,
        "dmean2": 0.130298703909,
        "dvar": 0.010922761634,
        "dvar2": 0.0222084969282,
        "max": 0.890566885471,
        "mean": 0.455828100443,
        "median": 0.490986526012,
        "min": 0.0396510213614,
        "stdev": 0.184908032417,
        "var": 0.0341909825802
    },
    "silence_rate_20dB": {
        "dmean": 0,
        "dmean2": 0,
        "dvar": 0,
        "dvar2": 0,
        "max": 1,
        "mean": 1,
        "median": 1,
        "min": 1,
        "stdev": 0,
        "var": 0
    },
    "silence_rate_30dB": {
        "dmean": 0,
        "dmean2": 0,
        "dvar": 0,
        "dvar2": 0,
        "max": 1,
        "mean": 1,
        "median": 1,
        "min": 1,
        "stdev": 0,
        "var": 0
    },
    "silence_rate_60dB": {
        "dmean": 0.000773993786424,
        "dmean2": 0.00154918665066,
        "dvar": 0.000773391744588,
        "dvar2": 0.00154677091632,
        "max": 1,
        "mean": 0.00154679035768,
        "median": 0,
        "min": 0,
        "stdev": 0.0392987206578,
        "var": 0.00154438940808
    },
    "spectral_centroid": {
        "dmean": 286.131713867,
        "dmean2": 419.590667725,
        "dvar": 134998.9375,
        "dvar2": 216458.53125,
        "max": 10592.0263672,
        "mean": 1726.36523438,
        "median": 1646.97839355,
        "min": 298.176391602,
        "stdev": 561.78338623,
        "var": 315600.5625
    },
    "spectral_complexity": {
        "dmean": 5.14009284973,
        "dmean2": 7.54531383514,
        "dvar": 32.7349967957,
        "dvar2": 70.8955459595,
        "max": 52,
        "mean": 22.8058776855,
        "median": 23,
        "min": 0,
        "stdev": 10.0277395248,
        "var": 100.555557251
    },
    "spectral_decrease": {
        "dmean": 2.3424249207e-09,
        "dmean2": 3.62170760049e-09,
        "dvar": 3.95985504018e-18,
        "dvar2": 9.94026912572e-18,
        "max": -1.30711023655e-28,
        "mean": -1.20011334204e-08,
        "median": -1.19047456337e-08,
        "min": -2.13324558018e-08,
        "stdev": 4.18455003981e-09,
        "var": 1.75104606557e-17
    },
    "spectral_energy": {
        "dmean": 0.00908634718508,
        "dmean2": 0.0142966229469,
        "dvar": 6.02428226557e-05,
        "dvar2": 0.000151614905917,
        "max": 0.0819111540914,
        "mean": 0.0487797856331,
        "median": 0.0494852028787,
        "min": 1.07354125226e-20,
        "stdev": 0.0158302634954,
        "var": 0.000250597222475
    },
    "spectral_energyband_high": {
        "dmean": 0.000773110543378,
        "dmean2": 0.00115393078886,
        "dvar": 1.27624502966e-06,
        "dvar2": 2.96964253721e-06,
        "max": 0.0117066511884,
        "mean": 0.00223352690227,
        "median": 0.00184664921835,
        "min": 7.78696600327e-21,
        "stdev": 0.00158472906332,
        "var": 2.51136634688e-06
    },
    "spectral_energyband_low": {
        "dmean": 0.00850732624531,
        "dmean2": 0.0125266574323,
        "dvar": 9.40252284636e-05,
        "dvar2": 0.000181561350473,
        "max": 0.0798395723104,
        "mean": 0.0257492158562,
        "median": 0.0167343392968,
        "min": 6.48776058523e-23,
        "stdev": 0.0219781529158,
        "var": 0.000483039213577
    },
    "spectral_energyband_middle_high": {
        "dmean": 0.00362079031765,
        "dmean2": 0.00544680701569,
        "dvar": 1.72364980244e-05,
        "dvar2": 3.71291935153e-05,
        "max": 0.0489862337708,
        "mean": 0.0109403841197,
        "median": 0.00849081575871,
        "min": 1.57884484545e-21,
        "stdev": 0.00941714178771,
        "var": 8.86825655471e-05
    },
    "spectral_energyband_middle_low": {
        "dmean": 0.00466587906703,
        "dmean2": 0.00746262026951,
        "dvar": 3.21909064951e-05,
        "dvar2": 7.87602402852e-05,
        "max": 0.0565810725093,
        "mean": 0.0110095515847,
        "median": 0.0102897547185,
        "min": 3.77812649569e-22,
        "stdev": 0.00874643865973,
        "var": 7.6500189607e-05
    },
    "spectral_entropy": {
        "dmean": 0.126708209515,
        "dmean2": 0.172391951084,
        "dvar": 0.0151709681377,
        "dvar2": 0.0263109784573,
        "max": 9.80424880981,
        "mean": 8.02943229675,
        "median": 8.00559997559,
        "min": 6.78531360626,
        "stdev": 0.279774874449,
        "var": 0.078273974359
    },
    "spectral_flux": {
        "dmean": 0.032972112298,
        "dmean2": 0.0454229786992,
        "dvar": 0.000908439629711,
        "dvar2": 0.00159048754722,
        "max": 0.292289972305,
        "mean": 0.110390082002,
        "median": 0.100861594081,
        "min": 1.0361183439e-10,
        "stdev": 0.0502889528871,
        "var": 0.00252897874452
    },
    "spectral_kurtosis": {
        "dmean": 0.621128320694,
        "dmean2": 0.938389480114,
        "dvar": 0.478442311287,
        "dvar2": 1.09689354897,
        "max": 13.2553424835,
        "mean": 2.25066637993,
        "median": 2.26893758774,
        "min": -1.21704983711,
        "stdev": 1.23134768009,
        "var": 1.51621711254
    },
    "spectral_rms": {
        "dmean": 0.000665556173772,
        "dmean2": 0.00104282947723,
        "dvar": 3.5753072325e-07,
        "dvar2": 8.23611912892e-07,
        "max": 0.00893942546099,
        "mean": 0.00679237395525,
        "median": 0.0069482550025,
        "min": 3.23628992528e-12,
        "stdev": 0.00120569125284,
        "var": 1.45369131133e-06
    },
    "spectral_rolloff": {
        "dmean": 519.79675293,
        "dmean2": 835.32611084,
        "dvar": 866117.75,
        "dvar2": 1610118.375,
        "max": 18001.7578125,
        "mean": 1345.56762695,
        "median": 1141.25976562,
        "min": 64.599609375,
        "stdev": 1255.42236328,
        "var": 1576085.25
    },
    "spectral_skewness": {
        "dmean": 0.131618350744,
        "dmean2": 0.188680484891,
        "dvar": 0.0179025214165,
        "dvar2": 0.0333494693041,
        "max": 3.0256383419,
        "mean": 1.28606462479,
        "median": 1.32504689693,
        "min": 0.0519177950919,
        "stdev": 0.267885804176,
        "var": 0.0717628076673
    },
    "spectral_spread": {
        "dmean": 624812.0625,
        "dmean2": 835724.375,
        "dvar": 1.03376053862e+12,
        "dvar2": 1.26262470246e+12,
        "max": 41135748,
        "mean": 6336844,
        "median": 5974947.5,
        "min": 3834194.25,
        "stdev": 1739941.25,
        "var": 3.02739567411e+12
    },
    "spectral_strongpeak": {
        "dmean": 0.620005249977,
        "dmean2": 0.997548162937,
        "dvar": 1.01279485226,
        "dvar2": 2.27228617668,
        "max": 9.48844051361,
        "mean": 1.33212578297,
        "median": 0.559888780117,
        "min": 0,
        "stdev": 1.61488831043,
        "var": 2.60786437988
    },
    "zerocrossingrate": {
        "dmean": 0.011695696041,
        "dmean2": 0.0134328398854,
        "dvar": 0.000311862851959,
        "dvar2": 0.000356985925464,
        "max": 0.501953125,
        "mean": 0.0660395696759,
        "median": 0.06298828125,
        "min": 0.005859375,
        "stdev": 0.0315739326179,
        "var": 0.000996913295239
    },
    "barkbands": {
        "dmean": [0.000730275351088, 0.00760517641902, 0.00238069682382, 0.00124401773792, 0.00081490870798, 0.00129850150552, 0.000958792108577, 0.00095247750869, 0.00175428891089, 0.00144983490463, 0.00111545377877, 0.000749569211621, 0.00101633009035, 0.000723832286894, 0.000462508294731, 0.000331781600835, 0.000263016641838, 0.000281599088339, 0.000161832867889, 0.000181667870493, 0.000163048389368, 0.000188281177543, 0.000177923822775, 0.000167909412994, 0.000134606380016, 8.10501151136e-05, 6.27090912531e-06],
        "dmean2": [0.00112072355114, 0.0114568090066, 0.00405005412176, 0.00211733812466, 0.0013405851787, 0.00211486569606, 0.00145851587877, 0.00149131333455, 0.00272905617021, 0.00222092843615, 0.0016425991198, 0.00120286899619, 0.00158859207295, 0.0011422354728, 0.000782067945693, 0.000559898035135, 0.00044473624439, 0.000474623433547, 0.000266552378889, 0.000297213788144, 0.000262062792899, 0.000301476800814, 0.000280126405414, 0.000264622503892, 0.00020258060249, 0.000121107324958, 1.03513275462e-05],
        "dvar": [1.08319636638e-06, 0.000111981105874, 2.26429074246e-05, 5.06403148393e-06, 2.05293576983e-06, 3.83233282264e-06, 2.88983869723e-06, 3.1817735362e-06, 1.06744419099e-05, 8.54983682075e-06, 4.89422473038e-06, 1.37308961712e-06, 3.05726962324e-06, 2.0119725832e-06, 5.49651133497e-07, 2.5942054549e-07, 1.764086619e-07, 1.83847433277e-07, 4.65392169247e-08, 4.64443807857e-08, 4.8036440603e-08, 6.41875388396e-08, 6.05131234011e-08, 6.98444395653e-08, 4.79390784847e-08, 1.63389319852e-08, 1.19359008788e-10],
        "dvar2": [2.06541744774e-06, 0.000226711650612, 6.37731791358e-05, 1.46187385326e-05, 5.69257144889e-06, 9.36629839998e-06, 6.29211763226e-06, 6.49722278467e-06, 2.14310402953e-05, 1.7491489416e-05, 9.48506294662e-06, 3.17779245051e-06, 6.7317155299e-06, 4.3115205699e-06, 1.44776254274e-06, 6.92798380442e-07, 4.7543849746e-07, 4.91381626944e-07, 1.2506144742e-07, 1.20436254747e-07, 1.09521714364e-07, 1.55451658657e-07, 1.45458770362e-07, 1.5501377959e-07, 1.00345069143e-07, 3.7748925763e-08, 2.98388896924e-10],
        "max": [0.00793892610818, 0.0735306441784, 0.0272294189781, 0.0139098409563, 0.00977649632841, 0.0206299237907, 0.0209573656321, 0.0401661917567, 0.0523809157312, 0.044888868928, 0.0320522002876, 0.0169434230775, 0.0183922611177, 0.0172054022551, 0.00989765394479, 0.00504452455789, 0.00515308696777, 0.00545714842156, 0.00382658396848, 0.00256019411609, 0.00344600877725, 0.00347671867348, 0.00320599647239, 0.00272235646844, 0.00336766429245, 0.00143846357241, 0.000181411625817],
        "mean": [0.00156417849939, 0.020815692842, 0.0023811289575, 0.0015704347752, 0.00117581780069, 0.00200727907941, 0.00181356142275, 0.00140174617991, 0.00275615160353, 0.00297845061868, 0.00182044529356, 0.00110468210187, 0.00150081375614, 0.00111774099059, 0.000655141135212, 0.000501422327943, 0.000386270170566, 0.000470467930427, 0.000336115976097, 0.000383624079404, 0.000364761712262, 0.000447642582003, 0.000410302687669, 0.000374771771021, 0.000279654195765, 0.000154380759341, 7.16328395356e-06],
        "median": [0.000487552897539, 0.010442648083, 0.00130122015253, 0.000765611534007, 0.000709190382622, 0.00100133521482, 0.000901619030628, 0.000596604368184, 0.000865445530508, 0.000613783369772, 0.000445755082183, 0.000553165446036, 0.000613697047811, 0.000412870344007, 0.000335939752404, 0.000298198021483, 0.000227163211093, 0.00030253524892, 0.000242383175646, 0.000295379693853, 0.000285303103738, 0.000323877786286, 0.000309972994728, 0.000276836333796, 0.00019152193272, 0.000106746527308, 3.80549295187e-06],
        "min": [2.53919337033e-23, 2.55098510537e-23, 9.58067467314e-24, 2.04420034948e-23, 7.85478711422e-23, 9.50584269658e-23, 5.08116195333e-23, 6.89520471842e-23, 5.28556054704e-23, 3.72135223945e-23, 6.13188902257e-23, 1.02621804444e-22, 1.00563413907e-22, 1.00161012804e-22, 1.1897240452e-22, 1.86160066471e-22, 1.61856296966e-22, 2.52954497037e-22, 2.69201674293e-22, 3.31002526977e-22, 4.95366429746e-22, 5.91685361775e-22, 6.77853509354e-22, 1.17855576902e-21, 1.21850166578e-21, 1.74969581019e-21, 1.94282693319e-21],
        "stdev": [0.00189740036149, 0.0212815664709, 0.00380322383717, 0.00204431498423, 0.0014462613035, 0.00266807782464, 0.00265599251725, 0.00279040401801, 0.00501750689, 0.00621855072677, 0.00371828093193, 0.00160738313571, 0.00253258575685, 0.00194406684022, 0.000869053124916, 0.00062282232102, 0.000469263584819, 0.000517711800057, 0.000310059054755, 0.000306405505398, 0.000324375083437, 0.000395414361265, 0.000345245964127, 0.000335222663125, 0.000275967002381, 0.00015283114044, 1.10605915324e-05],
        "var": [3.60012791134e-06, 0.000452905078419, 1.44645109685e-05, 4.17922365159e-06, 2.09167160392e-06, 7.11863958713e-06, 7.05429602021e-06, 7.78635421739e-06, 2.51753735938e-05, 3.86703759432e-05, 1.38256136779e-05, 2.58368049799e-06, 6.41399037704e-06, 3.7793959109e-06, 7.55253381612e-07, 3.87907647337e-07, 2.20208320911e-07, 2.68025502237e-07, 9.61366168895e-08, 9.38843385256e-08, 1.05219193358e-07, 1.5635252737e-07, 1.19194773163e-07, 1.1237423081e-07, 7.61577894082e-08, 2.33573587138e-08, 1.22336682451e-10]
    },
    "erbbands": {
        "dmean": [0.370115488768, 1.51197302341, 2.55204296112, 3.76439285278, 2.96335434914, 2.51482152939, 5.570291996, 13.6815214157, 12.7653799057, 15.5471391678, 23.0630168915, 34.9148864746, 43.319278717, 53.1931610107, 26.6608123779, 25.4117202759, 42.4846534729, 36.1369514465, 25.6057777405, 18.7205905914, 17.2542667389, 15.1512718201, 15.8146600723, 10.0281438828, 7.75751256943, 7.84269952774, 7.38761806488, 6.01237726212, 7.54157400131, 5.70428323746, 5.03175020218, 3.81611442566, 2.74517393112, 1.67175555229, 0.934011936188, 0.460400998592, 0.12552317977, 0.0211474113166, 0.00064082298195, 2.21099035116e-05],
        "dmean2": [0.413388133049, 2.44238042831, 4.20124387741, 6.41337251663, 5.14604902267, 4.10925245285, 9.00063323975, 22.6483669281, 19.3924655914, 24.3033828735, 33.3569412231, 54.5191841125, 68.4184112549, 76.8099365234, 42.3896751404, 40.5710601807, 65.2088623047, 58.3179931641, 41.6920280457, 31.3030834198, 28.7463321686, 25.6574001312, 26.4615840912, 16.8669948578, 12.5887851715, 12.8341655731, 11.8903522491, 9.63476753235, 12.0930233002, 9.0922908783, 7.95078086853, 6.1853260994, 4.28143453598, 2.5472843647, 1.41497576237, 0.691184043884, 0.187949493527, 0.0329053029418, 0.00102575309575, 3.48244066117e-05],
        "dvar": [0.186196938157, 5.79926347733, 23.8732261658, 49.7579460144, 33.2629241943, 20.2329406738, 90.4110336304, 490.272796631, 561.928771973, 664.709838867, 2138.11157227, 4715.31103516, 6520.54199219, 9666.19140625, 1420.17346191, 1681.8684082, 5055.55371094, 4758.17822266, 1880.36730957, 634.413208008, 655.956787109, 612.66229248, 636.416137695, 195.460357666, 82.0772705078, 87.5396728516, 108.361663818, 64.581413269, 117.092758179, 66.0340576172, 45.9741172791, 31.6907920837, 19.8484077454, 7.07818317413, 2.16839790344, 0.561482489109, 0.0351483225822, 0.00115450634621, 1.36167489018e-06, 9.71076441481e-10],
        "dvar2": [0.272104263306, 14.2699975967, 63.3516464233, 143.110397339, 95.4225311279, 55.428150177, 222.693084717, 1246.1472168, 1253.40380859, 1447.96411133, 4094.88378906, 9939.02929688, 14268.1953125, 18998.0214844, 3210.85693359, 3706.02636719, 10536.8652344, 11354.3603516, 4296.26464844, 1611.35913086, 1759.46337891, 1613.7520752, 1739.20507812, 516.982910156, 205.292388916, 231.753829956, 245.847412109, 158.423919678, 273.46963501, 157.074737549, 112.030570984, 72.0286865234, 44.6550712585, 15.2016649246, 4.55398845673, 1.30042946339, 0.0758008807898, 0.00275305705145, 3.30315310748e-06, 2.27592233948e-09],
        "max": [4.00016593933, 15.9171094894, 29.737701416, 43.1122398376, 35.962146759, 41.16355896, 146.015640259, 229.543136597, 335.380523682, 467.720062256, 849.196044922, 959.43927002, 1284.4128418, 1191.63061523, 877.584899902, 599.222229004, 908.842712402, 1000.74298096, 719.223632812, 214.059188843, 324.977752686, 352.428314209, 338.95614624, 178.701278687, 118.660049438, 93.8938446045, 181.112686157, 154.967132568, 156.728591919, 105.030410767, 69.2368774414, 54.6637039185, 57.6533546448, 37.8301887512, 20.9384841919, 11.1735868454, 1.54138660431, 0.413213223219, 0.0168543178588, 0.000379159260774],
        "mean": [0.997791051865, 3.06242418289, 2.89755678177, 4.63149356842, 3.63152885437, 3.49623847008, 8.42335987091, 21.2599639893, 25.6491985321, 24.4032688141, 38.4676208496, 54.5479202271, 86.3702392578, 104.749580383, 46.1109733582, 39.3956413269, 67.2458267212, 60.1260147095, 44.1479225159, 30.3941173553, 28.3559303284, 24.0501823425, 25.9403610229, 20.1367721558, 17.376581192, 17.2737979889, 15.7401723862, 14.4618740082, 16.8567142487, 13.2563295364, 11.2767124176, 8.35394382477, 5.84407806396, 3.41600990295, 1.85440683365, 0.844959199429, 0.247540086508, 0.035863686353, 0.000966527557466, 8.97968784557e-05],
        "median": [0.43233564496, 1.77185726166, 1.62668657303, 2.52349448204, 1.70490932465, 1.8887360096, 4.86074781418, 9.7571144104, 16.4335536957, 12.5492715836, 14.3423347473, 19.2730388641, 28.1064662933, 30.2020378113, 28.5391750336, 20.6514263153, 32.5973930359, 28.339630127, 24.4369163513, 19.2605609894, 17.397190094, 15.4308776855, 16.4430065155, 13.1869297028, 12.9591417313, 13.8574399948, 11.5753211975, 12.0227689743, 12.21879673, 9.97378253937, 8.43753814697, 6.24508094788, 4.26096773148, 2.38833856583, 1.23512458801, 0.568532943726, 0.175552308559, 0.0243396386504, 0.000596939586103, 8.46432740218e-05],
        "min": [1.56918464413e-21, 2.69260557395e-21, 9.63245603308e-21, 4.95978141522e-20, 1.02965723666e-19, 3.96025668806e-19, 4.95908580802e-19, 8.10647908746e-19, 7.44672293282e-19, 9.89913198629e-19, 1.62366992925e-18, 1.16167022179e-18, 1.24096509948e-18, 1.77831506708e-18, 2.64902957488e-18, 4.86833799437e-18, 4.04120825342e-18, 5.36985925412e-18, 5.85750952218e-18, 9.52166775929e-18, 7.96835409063e-18, 8.13269585319e-18, 8.99146649334e-18, 1.68847812403e-17, 1.2338730597e-17, 1.82806783025e-17, 1.98504917429e-17, 1.80945725909e-17, 2.40236940338e-17, 1.91423804708e-17, 1.64613292868e-17, 2.03879639264e-17, 2.15472641723e-17, 1.58263490527e-17, 8.20715203449e-18, 4.95518492765e-18, 3.60941790572e-18, 1.2428882944e-18, 2.89920755942e-19, 2.56478173356e-20],
        "stdev": [1.11531877518, 3.22380685806, 4.1605682373, 5.98483943939, 5.17416286469, 4.56361961365, 11.5677309036, 29.7476577759, 33.636882782, 36.7836227417, 79.0021514893, 103.394981384, 150.163391113, 179.121902466, 59.5002784729, 54.8409004211, 108.664878845, 97.6547470093, 62.2827033997, 31.8936443329, 32.9930648804, 27.6336612701, 29.7316799164, 19.6736564636, 14.423169136, 12.8160619736, 15.4489030838, 11.2944765091, 16.0478286743, 12.0076246262, 9.20026874542, 7.22099208832, 5.49762535095, 3.32563257217, 1.86254513264, 0.879581689835, 0.234834015369, 0.0386092588305, 0.00123074080329, 3.95885472244e-05],
        "var": [1.24393606186, 10.3929300308, 17.3103275299, 35.8183021545, 26.7719593048, 20.8266239166, 133.812393188, 884.923156738, 1131.43994141, 1353.03491211, 6241.33984375, 10690.5224609, 22549.0449219, 32084.6582031, 3540.28295898, 3007.52441406, 11808.0566406, 9536.45019531, 3879.13500977, 1017.20458984, 1088.54223633, 763.619262695, 883.972839355, 387.05279541, 208.027801514, 164.251449585, 238.66859436, 127.565208435, 257.532775879, 144.183059692, 84.6449508667, 52.1427268982, 30.2238826752, 11.0598325729, 3.46907448769, 0.773663938046, 0.0551470145583, 0.00149067491293, 1.5147228396e-06, 1.56725299405e-09]
    },
    "gfcc": {
        "mean": [63.7875747681, 51.2197647095, -105.928955078, 32.4452362061, -56.6208076477, 36.4634971619, -28.0642967224, 22.5089626312, -18.6656417847, 15.4657783508, -13.936217308, 10.1907081604, -11.4334659576],
        "cov": [[3061.82983398, 279.66809082, -536.489196777, -283.100067139, -372.91506958, -246.469711304, -285.491119385, -151.200302124, -190.422103882, -89.0661849976, -149.846633911, -66.189666748, -88.6445007324], [279.66809082, 841.785583496, -137.928665161, -185.517044067, -196.013031006, -269.430297852, -139.942504883, -144.656417847, -50.4009361267, -59.7924842834, -20.1793422699, -73.9426956177, -52.2091712952], [-536.489196777, -137.928665161, 549.77532959, 315.954223633, 220.495697021, 164.838546753, 64.6952896118, 66.0333557129, 32.4208679199, 21.0596618652, 17.2749137878, 9.77592372894, -11.6845874786], [-283.100067139, -185.517044067, 315.954223633, 356.372528076, 222.043060303, 158.895233154, 71.5639877319, 76.4899368286, 57.7924919128, 42.5107345581, 38.6143951416, 19.6011676788, -1.85163152218], [-372.91506958, -196.013031006, 220.495697021, 222.043060303, 285.529052734, 201.331695557, 134.439498901, 100.884292603, 67.4689559937, 56.3725204468, 43.3527297974, 35.9546775818, 20.930141449], [-246.469711304, -269.430297852, 164.838546753, 158.895233154, 201.331695557, 345.218933105, 211.507736206, 102.185447693, 68.5226364136, 52.2047653198, 47.5208206177, 37.1451683044, 42.2107162476], [-285.491119385, -139.942504883, 64.6952896118, 71.5639877319, 134.439498901, 211.507736206, 203.269851685, 105.332717896, 69.7956695557, 41.7734222412, 40.3717384338, 30.7883491516, 44.5982475281], [-151.200302124, -144.656417847, 66.0333557129, 76.4899368286, 100.884292603, 102.185447693, 105.332717896, 127.309890747, 75.9677581787, 40.710609436, 30.136341095, 30.5717029572, 34.9150543213], [-190.422103882, -50.4009361267, 32.4208679199, 57.7924919128, 67.4689559937, 68.5226364136, 69.7956695557, 75.9677581787, 95.0235748291, 58.2818260193, 42.6402359009, 22.257106781, 23.2337379456], [-89.0661849976, -59.7924842834, 21.0596618652, 42.5107345581, 56.3725204468, 52.2047653198, 41.7734222412, 40.710609436, 58.2818260193, 78.2672119141, 59.9627532959, 27.4912071228, 13.7595510483], [-149.846633911, -20.1793422699, 17.2749137878, 38.6143951416, 43.3527297974, 47.5208206177, 40.3717384338, 30.136341095, 42.6402359009, 59.9627532959, 90.3381576538, 47.4263076782, 18.8338527679], [-66.189666748, -73.9426956177, 9.77592372894, 19.6011676788, 35.9546775818, 37.1451683044, 30.7883491516, 30.5717029572, 22.257106781, 27.4912071228, 47.4263076782, 64.7468338013, 41.8888473511], [-88.6445007324, -52.2091712952, -11.6845874786, -1.85163152218, 20.930141449, 42.2107162476, 44.5982475281, 34.9150543213, 23.2337379456, 13.7595510483, 18.8338527679, 41.8888473511, 71.9266662598]],
        "icov": [[0.00082223280333, -0.000755052547902, 0.00119397288654, -0.000914935430046, 0.0011455907952, -0.00179143995047, 0.00193622009829, -0.00245517026633, 0.00298122176901, -0.00293795787729, 0.00317699066363, -0.00236168620177, 0.00148744636681], [-0.000755052547902, 0.00316183455288, -0.00164181401487, 0.00170889461879, -0.00146877206862, 0.00397916231304, -0.00333799165674, 0.00545965600759, -0.00553468847647, 0.00595388188958, -0.00660193571821, 0.00586493778974, -0.00238462723792], [0.00119397288654, -0.00164181401487, 0.00582482898608, -0.00445193098858, 0.000941133825108, -0.00387792545371, 0.00401094555855, -0.00493358680978, 0.00578125286847, -0.00434320606291, 0.0056024924852, -0.00424190843478, 0.00298802414909], [-0.000914935430046, 0.00170889461879, -0.00445193098858, 0.00998695660383, -0.00571651151404, 0.00114887999371, 0.000852878845762, 0.00289323111065, -0.00673144916072, 0.00648935511708, -0.00740182586014, 0.00540886772797, -0.00157622946426], [0.0011455907952, -0.00146877206862, 0.000941133825108, -0.00571651151404, 0.0126715274528, -0.00443000113592, -0.000121585027955, -0.00583615200594, 0.00625026691705, -0.00914019811898, 0.0083846077323, -0.00773208914325, 0.00420941691846], [-0.00179143995047, 0.00397916231304, -0.00387792545371, 0.00114887999371, -0.00443000113592, 0.0169333666563, -0.0166656300426, 0.0113396011293, -0.00770470546558, 0.00714192725718, -0.00900908559561, 0.00745885167271, -0.00460161129013], [0.00193622009829, -0.00333799165674, 0.00401094555855, 0.000852878845762, -0.000121585027955, -0.0166656300426, 0.0280623044819, -0.0167685374618, 0.0061926250346, -0.00378090655431, 0.00369382882491, -0.00167357432656, -7.72241837694e-05], [-0.00245517026633, 0.00545965600759, -0.00493358680978, 0.00289323111065, -0.00583615200594, 0.0113396011293, -0.0167685374618, 0.035001501441, -0.0260738357902, 0.0141178332269, -0.00918831862509, 0.00570204807445, -0.00653275381774], [0.00298122176901, -0.00553468847647, 0.00578125286847, -0.00673144916072, 0.00625026691705, -0.00770470546558, 0.0061926250346, -0.0260738357902, 0.0472180619836, -0.0323328152299, 0.0147208748385, -0.0071317628026, 0.00317419995554], [-0.00293795787729, 0.00595388188958, -0.00434320606291, 0.00648935511708, -0.00914019811898, 0.00714192725718, -0.00378090655431, 0.0141178332269, -0.0323328152299, 0.0560871213675, -0.0378959774971, 0.018009217456, -0.0067285480909], [0.00317699066363, -0.00660193571821, 0.0056024924852, -0.00740182586014, 0.0083846077323, -0.00900908559561, 0.00369382882491, -0.00918831862509, 0.0147208748385, -0.0378959774971, 0.0543571524322, -0.038731046021, 0.0156772825867], [-0.00236168620177, 0.00586493778974, -0.00424190843478, 0.00540886772797, -0.00773208914325, 0.00745885167271, -0.00167357432656, 0.00570204807445, -0.0071317628026, 0.018009217456, -0.038731046021, 0.0580564178526, -0.0278716944158], [0.00148744636681, -0.00238462723792, 0.00298802414909, -0.00157622946426, 0.00420941691846, -0.00460161129013, -7.72241837694e-05, -0.00653275381774, 0.00317419995554, -0.0067285480909, 0.0156772825867, -0.0278716944158, 0.0315335318446]]
    },
    "melbands": {
        "dmean": [0.002544287825, 0.00129251193721, 0.000615051074419, 0.000170790794073, 0.000177299734787, 0.00028421060415, 0.000195293905563, 0.000183388678124, 0.000193732674234, 0.000244327355176, 0.000227620155783, 0.000227607320994, 0.000108544903924, 7.44617937016e-05, 8.06973257568e-05, 0.000115247770736, 6.53928218526e-05, 4.65296579932e-05, 3.6625933717e-05, 2.43281701842e-05, 1.93316500372e-05, 1.81454506674e-05, 1.31250262712e-05, 1.40698648465e-05, 8.62412525748e-06, 6.1047176132e-06, 6.84825226926e-06, 5.68617861063e-06, 5.2932455219e-06, 4.12780718761e-06, 3.75697914023e-06, 5.1817341955e-06, 3.43157762472e-06, 3.51287280864e-06, 3.12837778438e-06, 2.97513588521e-06, 2.39392784351e-06, 2.10243410947e-06, 1.72328100234e-06, 1.42496344324e-06],
        "dmean2": [0.00339119485579, 0.00207547866739, 0.00104220071808, 0.000291272765025, 0.000284143432509, 0.000465739518404, 0.000295140547678, 0.000285827438347, 0.000276555307209, 0.000384400831535, 0.000358896038961, 0.000328519323375, 0.000165977995493, 0.000119733856991, 0.00012696646445, 0.000183767449926, 0.00010495139577, 7.37436130294e-05, 6.13067822997e-05, 4.08461564803e-05, 3.2554675272e-05, 3.07414520648e-05, 2.21566224354e-05, 2.35962997976e-05, 1.46006968862e-05, 1.01229288703e-05, 1.12021407404e-05, 9.41894904827e-06, 8.72539931152e-06, 6.6182046794e-06, 6.08025038673e-06, 8.27792882774e-06, 5.69917710891e-06, 5.67155666431e-06, 5.06145715917e-06, 4.84940619572e-06, 3.93140362576e-06, 3.29385784426e-06, 2.72466922979e-06, 2.19754429054e-06],
        "dvar": [9.98804080155e-06, 4.51257164968e-06, 1.31568708639e-06, 1.15891317876e-07, 8.49181631679e-08, 2.00515430038e-07, 1.19123242825e-07, 8.63715783339e-08, 1.84991463925e-07, 2.38464025415e-07, 1.84594128427e-07, 1.67141607221e-07, 3.12426280402e-08, 1.52010226628e-08, 2.70704472172e-08, 4.43539143191e-08, 1.75426393412e-08, 7.65781127399e-09, 3.40906525231e-09, 1.78624792735e-09, 9.24660958912e-10, 7.80035425141e-10, 7.99246557825e-10, 5.2391901928e-10, 1.58360977109e-10, 6.30299284987e-11, 7.96228638578e-11, 4.6878074339e-11, 6.357902399e-11, 3.26589831567e-11, 2.89064050474e-11, 5.53359684463e-11, 2.50865907908e-11, 2.51052616196e-11, 1.73720968166e-11, 1.71655294146e-11, 1.24968672563e-11, 1.1350153456e-11, 7.52597723724e-12, 4.87572959437e-12],
        "dvar2": [1.73872740561e-05, 1.06444986159e-05, 3.78354911845e-06, 3.31817005872e-07, 2.05476723636e-07, 5.03854153067e-07, 2.61463668494e-07, 1.75611674536e-07, 3.49151264345e-07, 4.9653209544e-07, 4.0012429281e-07, 3.26446354393e-07, 6.52794156508e-08, 3.57637937043e-08, 5.48956293756e-08, 9.99625129339e-08, 4.09331946116e-08, 1.61456927827e-08, 8.66167848557e-09, 4.78538675353e-09, 2.51138998486e-09, 2.06822647897e-09, 2.23756901896e-09, 1.42446654472e-09, 4.24119406262e-10, 1.74136871589e-10, 2.01645464215e-10, 1.24652316247e-10, 1.40495615142e-10, 8.31227447984e-11, 7.16876349949e-11, 1.29042859731e-10, 6.47932471565e-11, 6.05058433911e-11, 4.36630037681e-11, 4.25302952578e-11, 2.87572136243e-11, 2.50868284479e-11, 1.75756405957e-11, 1.04273967932e-11],
        "max": [0.0262254010886, 0.0133863911033, 0.00699450261891, 0.00230684550479, 0.00421218853444, 0.00478628976271, 0.0044610183686, 0.0059260702692, 0.00673018442467, 0.0070906560868, 0.00688017578796, 0.00437645521015, 0.0029020702932, 0.00244534737431, 0.00238605518825, 0.00240995921195, 0.00206665857695, 0.0015750345774, 0.00063763250364, 0.000522609218024, 0.00039683788782, 0.000354442861862, 0.000615336466581, 0.000343071384123, 0.000165978461155, 0.000133445486426, 0.000122196375742, 7.31276886654e-05, 0.00014894202468, 8.42542212922e-05, 9.88080209936e-05, 9.34486233746e-05, 5.54686193937e-05, 6.80086523062e-05, 4.04690508731e-05, 4.96647589898e-05, 3.78125878342e-05, 4.74490370834e-05, 3.25135624735e-05, 3.13783311867e-05],
        "mean": [0.00700657162815, 0.00220049358904, 0.000751483545173, 0.000232058446272, 0.000272840756224, 0.000457554066088, 0.000387420412153, 0.000277915794868, 0.000320732651744, 0.000371268979507, 0.00045144194155, 0.000451675179647, 0.000180580245797, 0.000115052949695, 0.000112843983516, 0.000176075627678, 9.95097943814e-05, 7.55250439397e-05, 5.21351757925e-05, 3.52552779077e-05, 3.03594097204e-05, 2.62514386122e-05, 1.9872419216e-05, 2.2874930437e-05, 1.56412079377e-05, 1.2426046851e-05, 1.30389698825e-05, 1.11371291496e-05, 1.03134161691e-05, 8.24510334496e-06, 8.39247695694e-06, 1.03628926809e-05, 7.42497104511e-06, 7.40694395063e-06, 6.59810075376e-06, 5.86839632888e-06, 4.8461570259e-06, 4.31749913332e-06, 3.37843175657e-06, 2.71014300779e-06],
        "median": [0.00326861510985, 0.00173885864206, 0.000408104999224, 0.000114102011139, 0.00016158267681, 0.000244800001383, 0.000237840620684, 0.000149343410158, 0.000103106547613, 0.000116737028293, 0.000127703824546, 0.000115102106065, 7.99578629085e-05, 5.85095840506e-05, 3.44408435922e-05, 6.62812526571e-05, 3.90486420656e-05, 3.02699936583e-05, 2.49576387432e-05, 1.94793501578e-05, 1.76908906724e-05, 1.53075579874e-05, 1.21024022519e-05, 1.4459375052e-05, 9.81061566563e-06, 9.18512796488e-06, 9.02769352251e-06, 8.81278083398e-06, 7.38304743209e-06, 6.15664293946e-06, 6.46543185212e-06, 6.98804115018e-06, 5.41155031897e-06, 5.44508657185e-06, 4.93714378536e-06, 4.33693867308e-06, 3.58006172974e-06, 3.16908858622e-06, 2.42223723035e-06, 1.85764736216e-06],
        "min": [1.14494285708e-23, 4.86393569245e-24, 9.04927824586e-24, 1.72154077757e-23, 1.68222268787e-23, 1.85081725168e-23, 1.07663349803e-23, 1.100974669e-23, 1.24951315427e-23, 7.2433397644e-24, 6.03676636024e-24, 6.79248366896e-24, 8.633558804e-24, 9.59418707159e-24, 1.45204680191e-23, 7.04746717936e-24, 1.06920716147e-23, 8.62093308521e-24, 1.13862629004e-23, 1.4632058705e-23, 8.36253696254e-24, 9.07071869641e-24, 5.66960367368e-24, 1.36840261795e-23, 1.34903024516e-23, 1.14115277486e-23, 8.8525868232e-24, 1.19686662849e-23, 1.31591141889e-23, 1.06644827822e-23, 1.03122201004e-23, 1.4493007771e-23, 1.06065685589e-23, 1.17360548698e-23, 8.64285158547e-24, 1.01009197627e-23, 1.38274379366e-23, 1.40098746427e-23, 1.70769295546e-23, 1.21116899225e-23],
        "stdev": [0.00742783723399, 0.00220349873416, 0.000978044117801, 0.000316124031087, 0.000364927313058, 0.000605060602538, 0.000515523250215, 0.000427387771197, 0.000735488021746, 0.000728497398086, 0.000829853001051, 0.000765637145378, 0.000286827620585, 0.000177847221494, 0.000224398594582, 0.00030579714803, 0.000179234062671, 0.000130640852149, 7.35102439648e-05, 4.78305664728e-05, 3.87358231819e-05, 3.20229009958e-05, 2.69784122793e-05, 2.75751990557e-05, 1.67528505699e-05, 1.1058014934e-05, 1.26179820654e-05, 8.83062875801e-06, 1.17011031762e-05, 7.85526390246e-06, 7.30875672161e-06, 1.07638088593e-05, 6.97408404449e-06, 7.15016631148e-06, 5.50976028535e-06, 5.10159134137e-06, 4.4572943807e-06, 4.22205994255e-06, 3.24652137351e-06, 2.75509091807e-06],
        "var": [5.51727644051e-05, 4.85540704176e-06, 9.56570261224e-07, 9.99343967578e-08, 1.33171937478e-07, 3.6609833387e-07, 2.65764214191e-07, 1.82660315318e-07, 5.40942664884e-07, 5.30708462065e-07, 6.88656029979e-07, 5.86200258113e-07, 8.22700840786e-08, 3.16296322467e-08, 5.03547319397e-08, 9.35118933398e-08, 3.21248485591e-08, 1.70670304556e-08, 5.40375566516e-09, 2.28776309008e-09, 1.50046397529e-09, 1.02546626746e-09, 7.27834736924e-10, 7.60391638543e-10, 2.80657996843e-10, 1.22279686376e-10, 1.59213475737e-10, 7.79799974593e-11, 1.36915825899e-10, 6.17051687524e-11, 5.34179228628e-11, 1.15859578875e-10, 4.8637847222e-11, 5.11248751667e-11, 3.03574596017e-11, 2.60262332519e-11, 1.98674722507e-11, 1.78257911904e-11, 1.05399014169e-11, 7.59052543042e-12]
    },
    "melbands128": {
