{
"lowlevel": {
    "average_loudness": 0.982162833214,
    "barkbands_crest": {
        "dmean": 3.65187478065,
        "dmean2": 5.78874206543,
        "dvar": 12.5374975204,
        "dvar2": 28.9563293457,
        "max": 25.3180198669,
        "mean": 13.5365343094,
        "median": 13.0412368774,
        "min": 2.71686697006,
        "stdev": 5.37138032913,
        "var": 28.851726532
    },
    "barkbands_flatness_db": {
        "dmean": 0.0459350384772,
        "dmean2": 0.0665093958378,
        "dvar": 0.00179777888115,
        "dvar2": 0.00347049697302,
        "max": 0.648420572281,
        "mean": 0.217816278338,
        "median": 0.209130093455,
        "min": 0.0352642387152,
        "stdev": 0.091320887208,
        "var": 0.00833950471133
    },
    "barkbands_kurtosis": {
        "dmean": 16.9828910828,
        "dmean2": 26.5892868042,
        "dvar": 931.567504883,
        "dvar2": 2277.77001953,
        "max": 318.464996338,
        "mean": 20.9564495087,
        "median": 7.02812385559,
        "min": -1.90244138241,
        "stdev": 38.2192802429,
        "var": 1460.71350098
    },
    "barkbands_skewness": {
        "dmean": 1.45488667488,
        "dmean2": 2.12106442451,
        "dvar": 2.40535569191,
        "dvar2": 5.41621208191,
        "max": 15.4540309906,
        "mean": 2.94900584221,
        "median": 2.42037701607,
        "min": -4.08330202103,
        "stdev": 2.66885232925,
        "var": 7.12277269363
    },
    "barkbands_spread": {
        "dmean": 10.7171583176,
        "dmean2": 16.5967311859,
        "dvar": 169.437530518,
        "dvar2": 341.520721436,
        "max": 113.462158203,
        "mean": 20.7752532959,
        "median": 14.723107338,
        "min": 0.239226013422,
        "stdev": 19.8572406769,
        "var": 394.310028076
    },
    "dissonance": {
        "dmean": 0.0314015857875,
        "dmean2": 0.0506557822227,
        "dvar": 0.00115313159768,
        "dvar2": 0.0028381429147,
        "max": 0.499985963106,
        "mean": 0.441204816103,
        "median": 0.451759397984,
        "min": 0.00749319139868,
        "stdev": 0.0440813824534,
        "var": 0.00194316823035
    },
    "dynamic_complexity": 2.44737553596,
    "erbbands_crest": {
        "dmean": 4.04525995255,
        "dmean2": 6.58096027374,
        "dvar": 12.9207248688,
        "dvar2": 30.4007549286,
        "max": 31.0348911285,
        "mean": 11.075843811,
        "median": 10.0568752289,
        "min": 2.87256979942,
        "stdev": 5.1920170784,
        "var": 26.9570407867
    },
    "erbbands_flatness_db": {
        "dmean": 0.0310296826065,
        "dmean2": 0.0459512062371,
        "dvar": 0.000843495246954,
        "dvar2": 0.00176288362127,
        "max": 0.37896746397,
        "mean": 0.177956983447,
        "median": 0.172478705645,
        "min": 0.0685029998422,
        "stdev": 0.0547016859055,
        "var": 0.00299227447249
    },
    "erbbands_kurtosis": {
        "dmean": 2.88621306419,
        "dmean2": 4.64363908768,
        "dvar": 26.3299064636,
        "dvar2": 55.8611831665,
        "max": 108.411216736,
        "mean": 1.71295487881,
        "median": -0.0609345436096,
        "min": -1.93232810497,
        "stdev": 6.41379547119,
        "var": 41.1367721558
    },
    "erbbands_skewness": {
        "dmean": 0.84142434597,
        "dmean2": 1.27631258965,
        "dvar": 0.664778351784,
        "dvar2": 1.43116891384,
        "max": 8.1623840332,
        "mean": 0.656562328339,
        "median": 0.648715853691,
        "min": -5.1963186264,
        "stdev": 1.29972207546,
        "var": 1.68927752972
    },
    "erbbands_spread": {
        "dmean": 21.61079216,
        "dmean2": 32.9576797485,
        "dvar": 505.848236084,
        "dvar2": 1051.95568848,
        "max": 194.13734436,
        "mean": 57.413192749,
        "median": 48.5319900513,
        "min": 1.91613101959,
        "stdev": 36.4186286926,
        "var": 1326.31665039
    },
    "hfc": {
        "dmean": 15.4283208847,
        "dmean2": 22.4569816589,
        "dvar": 521.981445312,
        "dvar2": 1034.25354004,
        "max": 218.360290527,
        "mean": 24.8490390778,
        "median": 17.5540370941,
        "min": 1.15206049652e-16,
        "stdev": 29.2601909637,
        "var": 856.158813477
    },
    "loudness_ebu128": {
        "integrated": -7.43715381622,
        "loudness_range": 1.06238365173,
        "momentary": {
            "dmean": 0.719673454762,
            "dmean2": 1.03325212002,
            "dvar": 0.46784555912,
            "dvar2": 1.16166949272,
            "max": -5.36691951752,
            "mean": -7.57891321182,
            "median": -7.36770772934,
            "min": -14.0166540146,
            "stdev": 1.17862081528,
            "var": 1.38914716244
        },
        "short_term": {
            "dmean": 0.092191465199,
            "dmean2": 0.13613307476,
            "dvar": 0.00516268471256,
            "dvar2": 0.0101362969726,
            "max": -6.59925937653,
            "mean": -7.43013381958,
            "median": -7.39512109756,
            "min": -8.27338504791,
            "stdev": 0.339751899242,
            "var": 0.1154313609
        }
    },
    "melbands_crest": {
        "dmean": 4.71653747559,
        "dmean2": 7.10544681549,
        "dvar": 19.0966758728,
        "dvar2": 41.0770263672,
        "max": 37.8973922729,
        "mean": 20.8569717407,
        "median": 19.3149108887,
        "min": 2.62575101852,
        "stdev": 9.39583778381,
        "var": 88.2817764282
    },
    "melbands_flatness_db": {
        "dmean": 0.0552880316973,
        "dmean2": 0.0769363492727,
        "dvar": 0.00255398266017,
        "dvar2": 0.00474585033953,
        "max": 0.774163007736,
        "mean": 0.271254688501,
        "median": 0.262021899223,
        "min": 0.0052608163096,
        "stdev": 0.117974460125,
        "var": 0.0139179732651
    },
    "melbands_kurtosis": {
        "dmean": 57.8246955872,
        "dmean2": 90.8049316406,
        "dvar": 17291.6152344,
        "dvar2": 41178.4179688,
        "max": 1563.50317383,
        "mean": 73.9845275879,
        "median": 23.7596664429,
        "min": -1.90264475346,
        "stdev": 155.618240356,
        "var": 24217.0351562
    },
    "melbands_skewness": {
        "dmean": 2.23341536522,
        "dmean2": 3.35684084892,
        "dvar": 8.52492523193,
        "dvar2": 18.3038673401,
        "max": 34.899559021,
        "mean": 5.2142534256,
        "median": 3.9263241291,
        "min": -1.76041126251,
        "stdev": 4.69126796722,
        "var": 22.0079956055
    },
    "melbands_spread": {
        "dmean": 13.6164360046,
        "dmean2": 21.4943218231,
        "dvar": 597.758239746,
        "dvar2": 1326.34606934,
        "max": 250.475830078,
        "mean": 21.8230781555,
        "median": 10.4471712112,
        "min": 0.108468718827,
        "stdev": 30.7929801941,
        "var": 948.207641602
    },
    "pitch_salience": {
        "dmean": 0.109248191118,
        "dmean2": 0.171874374151,
        "dvar": 0.0116476677358,
        "dvar2": 0.0251180734485,
        "max": 0.967434406281,
        "mean": 0.452936798334,
        "median": 0.485544115305,
        "min": 0.0430379733443,
        "stdev": 0.189905583858,
        "var": 0.0360641293228
    },
    "silence_rate_20dB": {
        "dmean": 0,
        "dmean2": 0,
        "dvar": 0,
        "dvar2": 0,
        "max": 1,
        "mean": 1,
        "median": 1,
        "min": 1,
        "stdev": 0,
        "var": 0
    },
    "silence_rate_30dB": {
        "dmean": 0.0603715181351,
        "dmean2": 0.120836563408,
        "dvar": 0.0567263960838,
        "dvar2": 0.109334208071,
        "max": 1,
        "mean": 0.87161642313,
        "median": 1,
        "min": 0,
        "stdev": 0.334514439106,
        "var": 0.111899919808
    },
    "silence_rate_60dB": {
        "dmean": 0.0549535602331,
        "dmean2": 0.1099922508,
        "dvar": 0.0519343465567,
        "dvar2": 0.118034310639,
        "max": 1,
        "mean": 0.0572312436998,
        "median": 0,
        "min": 0,
        "stdev": 0.232285320759,
        "var": 0.0539564713836
    },
    "spectral_centroid": {
        "dmean": 532.340759277,
        "dmean2": 804.098205566,
        "dvar": 398982.15625,
        "dvar2": 806103,
        "max": 10913.3671875,
        "mean": 1343.09509277,
        "median": 1043.79443359,
        "min": 135.564208984,
        "stdev": 991.226074219,
        "var": 982529.1875
    },
    "spectral_complexity": {
        "dmean": 4.48064994812,
        "dmean2": 6.49341583252,
        "dvar": 32.571598053,
        "dvar2": 58.7393989563,
        "max": 61,
        "mean": 11.316318512,
        "median": 9,
        "min": 0,
        "stdev": 9.5508852005,
        "var": 91.2194137573
    },
    "spectral_decrease": {
        "dmean": 4.49647297174e-09,
        "dmean2": 6.53566534226e-09,
        "dvar": 5.90253585805e-17,
        "dvar2": 9.92975069705e-17,
        "max": -3.80573627402e-29,
        "mean": -1.20060077435e-08,
        "median": -7.66948993203e-09,
        "min": -5.90073305773e-08,
        "stdev": 1.27532500116e-08,
        "var": 1.62645387177e-16
    },
    "spectral_energy": {
        "dmean": 0.0179153885692,
        "dmean2": 0.0259075537324,
        "dvar": 0.000867571507115,
        "dvar2": 0.00146266852971,
        "max": 0.227733761072,
        "mean": 0.0475673675537,
        "median": 0.0318192057312,
        "min": 1.05931616911e-20,
        "stdev": 0.0484840869904,
        "var": 0.0023507066071
    },
    "spectral_energyband_high": {
        "dmean": 0.00150883221067,
        "dmean2": 0.00229223631322,
        "dvar": 6.51416303299e-06,
        "dvar2": 1.45777821672e-05,
        "max": 0.0267130956054,
        "mean": 0.00192822969984,
        "median": 0.000920807186048,
        "min": 7.6185361978e-21,
        "stdev": 0.00297468132339,
        "var": 8.84872952156e-06
    },
    "spectral_energyband_low": {
        "dmean": 0.0107733896002,
        "dmean2": 0.0160490572453,
        "dvar": 0.000821979134344,
        "dvar2": 0.00138024520129,
        "max": 0.201047211885,
        "mean": 0.0284238997847,
        "median": 0.00255181803368,
        "min": 1.4349657545e-22,
        "stdev": 0.0477309636772,
        "var": 0.00227824482135
    },
    "spectral_energyband_middle_high": {
        "dmean": 0.00220488780178,
        "dmean2": 0.00311666307971,
        "dvar": 1.93775049411e-05,
        "dvar2": 3.19414029946e-05,
        "max": 0.0474367775023,
        "mean": 0.00296001764946,
        "median": 0.000672112219036,
        "min": 1.47871711626e-21,
        "stdev": 0.00628457637504,
        "var": 3.94959024561e-05
    },
    "spectral_energyband_middle_low": {
        "dmean": 0.00915792305022,
        "dmean2": 0.0142873292789,
        "dvar": 0.000136766102514,
        "dvar2": 0.000311049923766,
        "max": 0.0840421169996,
        "mean": 0.0147617058828,
        "median": 0.00904938578606,
        "min": 3.76064382342e-22,
        "stdev": 0.0157726313919,
        "var": 0.000248775875662
    },
    "spectral_entropy": {
        "dmean": 0.371310591698,
        "dmean2": 0.530561804771,
        "dvar": 0.132427886128,
        "dvar2": 0.25581535697,
        "max": 9.80264759064,
        "mean": 7.45213937759,
        "median": 7.51139259338,
        "min": 4.77782392502,
        "stdev": 0.661053836346,
        "var": 0.436992138624
    },
    "spectral_flux": {
        "dmean": 0.0505552776158,
        "dmean2": 0.079953238368,
        "dvar": 0.00354922213592,
        "dvar2": 0.00622337032109,
        "max": 0.442313969135,
        "mean": 0.112477809191,
        "median": 0.0936222970486,
        "min": 1.0292308672e-10,
        "stdev": 0.083545692265,
        "var": 0.00697988271713
    },
    "spectral_kurtosis": {
        "dmean": 2.34455132484,
        "dmean2": 3.62422990799,
        "dvar": 18.1899681091,
        "dvar2": 40.8228034973,
        "max": 62.7535705566,
        "mean": 3.0077984333,
        "median": 1.49093770981,
        "min": -1.38309454918,
        "stdev": 5.73910140991,
        "var": 32.9372825623
    },
    "spectral_rms": {
        "dmean": 0.00135688285809,
        "dmean2": 0.00190757517703,
        "dvar": 3.10929476655e-06,
        "dvar2": 4.91500577482e-06,
        "max": 0.014905679971,
        "mean": 0.00596333341673,
        "median": 0.00557163590565,
        "min": 3.21477718578e-12,
        "stdev": 0.00329329166561,
        "var": 1.08457697934e-05
    },
    "spectral_rolloff": {
        "dmean": 1003.57818604,
        "dmean2": 1677.6060791,
        "dvar": 3016718.75,
        "dvar2": 6043112.5,
        "max": 18583.1542969,
        "mean": 1636.578125,
        "median": 430.6640625,
        "min": 43.06640625,
        "stdev": 2385.69873047,
        "var": 5691558
    },
    "spectral_skewness": {
        "dmean": 0.436156839132,
        "dmean2": 0.626040279865,
        "dvar": 0.233995869756,
        "dvar2": 0.493211150169,
        "max": 5.98716497421,
        "mean": 1.20844745636,
        "median": 1.06062948704,
        "min": -0.346038818359,
        "stdev": 0.823242127895,
        "var": 0.677727639675
    },
    "spectral_spread": {
        "dmean": 1296959.75,
        "dmean2": 1769392.25,
        "dvar": 2.57550660403e+12,
        "dvar2": 4.14831345664e+12,
        "max": 40374264,
        "mean": 6203650,
        "median": 5512165.5,
        "min": 1269771.5,
        "stdev": 2718693.5,
        "var": 7.39129478349e+12
    },
    "spectral_strongpeak": {
        "dmean": 0.559770405293,
        "dmean2": 0.895000338554,
        "dvar": 0.717328310013,
        "dvar2": 1.66360235214,
        "max": 9.2180480957,
        "mean": 0.91859382391,
        "median": 0.517239809036,
        "min": 0,
        "stdev": 1.05185675621,
        "var": 1.10640275478
    },
    "zerocrossingrate": {
        "dmean": 0.0213706195354,
        "dmean2": 0.0240490809083,
        "dvar": 0.000741861062124,
        "dvar2": 0.000916897377465,
        "max": 0.49267578125,
        "mean": 0.0619618706405,
        "median": 0.04638671875,
        "min": 0.00146484375,
        "stdev": 0.0558298267424,
        "var": 0.00311696971767
    },
    "barkbands": {
        "dmean": [0.00168033188675, 0.00951282680035, 0.00282604712993, 0.00191496126354, 0.00269016157836, 0.00369710591622, 0.0011215750128, 0.000366808206309, 0.00203756568953, 0.000327316374751, 0.00016826193314, 0.000340567872627, 0.00031194408075, 0.000580528110731, 0.000376990414225, 0.000251349731116, 0.000201433344046, 0.000178109883564, 0.000104430095234, 0.00037353602238, 0.000253914069617, 0.000420102500357, 0.000288790353807, 0.000306763075059, 0.00018417663523, 3.29930808221e-05, 7.37155232855e-07],
        "dmean2": [0.00252342922613, 0.0137375714257, 0.00540740555152, 0.00313001382165, 0.00400075223297, 0.00604647304863, 0.00188821647316, 0.000597970618401, 0.00324890995398, 0.000540811743122, 0.000264589791186, 0.000590739015024, 0.000481236696942, 0.00093042786466, 0.000589547795244, 0.000361218175385, 0.000312947842758, 0.000267951516435, 0.000160682480782, 0.000588986848015, 0.00038983169361, 0.000654998468235, 0.000440866424469, 0.000474553497043, 0.000285487796646, 5.28299096914e-05, 1.26575469039e-06],
        "dvar": [1.73045118572e-05, 0.000681806530338, 0.000129848122015, 1.76595985977e-05, 2.89114104817e-05, 3.70960879081e-05, 7.55231758376e-06, 1.01525108676e-06, 2.93047451123e-05, 1.09998256903e-06, 2.96264005328e-07, 1.39708356528e-06, 9.01211024029e-07, 3.51512676389e-06, 8.88735542048e-07, 4.31726164152e-07, 1.99586111194e-07, 2.01183297577e-07, 6.00593281774e-08, 6.08168079452e-07, 1.60918901315e-07, 5.29632586677e-07, 3.38119463095e-07, 4.42726644678e-07, 1.85332766023e-07, 5.41108491348e-09, 4.83434993426e-12],
        "dvar2": [3.97952826461e-05, 0.00116258102935, 0.000378757336875, 4.56232482975e-05, 6.10101378697e-05, 8.18003027234e-05, 2.02624960366e-05, 2.4088394639e-06, 6.61318408675e-05, 2.63075935436e-06, 5.68048449168e-07, 3.89824663216e-06, 1.78139134732e-06, 8.3053146227e-06, 2.11654742088e-06, 7.02205056768e-07, 4.53790761412e-07, 4.22765680241e-07, 1.21107547102e-07, 1.3776925698e-06, 3.67164176396e-07, 1.17242541364e-06, 7.83352561484e-07, 1.05276683371e-06, 4.34208374145e-07, 1.36413795815e-08, 1.25898553735e-11],
        "max": [0.0464694015682, 0.193897858262, 0.0797787159681, 0.043263476342, 0.0647678375244, 0.0609389878809, 0.0402925275266, 0.0114445509389, 0.0519394241273, 0.0198682639748, 0.00743512623012, 0.014827599749, 0.0128816599026, 0.028108837083, 0.0103649068624, 0.00860247202218, 0.00579651398584, 0.00575058115646, 0.00299488031305, 0.013283980079, 0.00453088106588, 0.00768956262618, 0.00715206423774, 0.00619463808835, 0.00376297044568, 0.000690597400535, 2.69524189207e-05],
        "mean": [0.00441270694137, 0.0218797400594, 0.00170336873271, 0.0025661601685, 0.00375066767447, 0.004743761383, 0.00101381586865, 0.000380074023269, 0.0021348616574, 0.000300787360175, 0.000183660129551, 0.00030320242513, 0.000333790056175, 0.000550058379304, 0.000378759927116, 0.000308530259645, 0.000219811714487, 0.000199290094315, 0.000117905481602, 0.00043083250057, 0.00031569370185, 0.000497838947922, 0.000318912207149, 0.000305602210574, 0.000184597214684, 3.23623971781e-05, 5.70643351239e-07],
        "median": [0.000241359812208, 0.00112815597095, 0.000104980746983, 0.000459882081486, 0.000595617108047, 0.00165483891033, 0.000276515434962, 0.000104902857856, 0.000137738432386, 3.94280832552e-05, 1.38269133458e-05, 3.16882578772e-05, 1.28881320052e-05, 2.19556459342e-05, 2.75490856438e-05, 2.30952573474e-05, 3.02533208014e-05, 2.83080935333e-05, 2.13079565583e-05, 9.64348510024e-05, 0.000127045961563, 0.000171237275936, 9.94873698801e-05, 6.93042675266e-05, 2.97011101793e-05, 5.6355347624e-06, 1.11998605945e-08],
        "min": [4.61781219442e-23, 6.02005315867e-23, 4.03041910687e-23, 1.82473104149e-23, 4.07304157713e-23, 3.37279878164e-23, 3.32935684268e-23, 4.34854083531e-23, 1.77063742927e-22, 8.09448470908e-23, 7.48292439438e-23, 4.85302369509e-23, 1.47408341042e-22, 6.09073194034e-23, 1.30432180579e-22, 9.95283526685e-23, 2.25511881546e-22, 1.93824853596e-22, 2.15724250792e-22, 3.60526776004e-22, 4.16711191479e-22, 5.38222150392e-22, 7.8895834532e-22, 8.26469047395e-22, 1.21175416611e-21, 1.60122395843e-21, 2.39034113616e-21],
        "stdev": [0.0078427484259, 0.0395834445953, 0.00837727636099, 0.00507591664791, 0.00758927734569, 0.00773452688009, 0.00245605269447, 0.00101912033278, 0.00589857902378, 0.00103540415876, 0.000670539331622, 0.00101850251667, 0.00110814615618, 0.00189221673645, 0.000995796988718, 0.000956793141086, 0.000525244744495, 0.000553728139494, 0.000303403940052, 0.00087333394913, 0.00047642167192, 0.000869691604748, 0.000635936507024, 0.000691855675541, 0.000444831501227, 7.22804325051e-05, 1.98808106688e-06],
        "var": [6.15087046754e-05, 0.00156684906688, 7.01787648723e-05, 2.57649280684e-05, 5.75971316721e-05, 5.98229053139e-05, 6.03219450568e-06, 1.03860634226e-06, 3.47932327713e-05, 1.07206176381e-06, 4.49623030363e-07, 1.03734726054e-06, 1.22798780922e-06, 3.58048396265e-06, 9.91611614154e-07, 9.15453085781e-07, 2.75882058531e-07, 3.06614850842e-07, 9.2053959122e-08, 7.62712147662e-07, 2.26977618922e-07, 7.56363476739e-07, 4.04415260391e-07, 4.78664276216e-07, 1.97875053232e-07, 5.22446086393e-09, 3.95246595869e-12]
    },
    "erbbands": {
        "dmean": [0.480381548405, 1.99144792557, 3.62350726128, 4.16744995117, 10.2320518494, 7.76570224762, 10.1107053757, 38.4728813171, 26.5467453003, 8.24899291992, 10.4629364014, 45.1387290955, 28.6405067444, 7.38657665253, 8.59680557251, 12.7206430435, 13.3102245331, 30.2973651886, 20.0077877045, 14.4362030029, 15.5286874771, 10.7359142303, 10.0298786163, 5.71671152115, 7.67916965485, 20.1008338928, 12.7887058258, 9.85701370239, 16.4741668701, 9.61631774902, 7.91064214706, 6.70496702194, 5.07224178314, 2.68632864952, 1.01838600636, 0.256085008383, 0.0367262028158, 0.0039598220028, 0.00012134906865, 2.68514031632e-05],
        "dmean2": [0.694958150387, 2.88441944122, 6.67168521881, 7.25173473358, 15.1267051697, 12.2008924484, 16.5016517639, 62.9215888977, 44.2155380249, 12.8336439133, 16.8268184662, 73.9172210693, 44.5564002991, 11.4468765259, 13.1948356628, 22.0155525208, 19.8438262939, 48.3311958313, 29.803150177, 22.8265552521, 22.4783477783, 16.101940155, 15.171087265, 7.92675161362, 11.388756752, 31.7182292938, 20.238073349, 15.0414619446, 25.8725128174, 14.9767560959, 12.0796461105, 10.3877229691, 8.05986499786, 4.25342321396, 1.55947136879, 0.401561826468, 0.0591783598065, 0.00643751816824, 0.000192853258341, 3.8458751078e-05],
        "dvar": [1.55377995968, 35.5908622742, 194.560958862, 132.849945068, 464.373504639, 387.062561035, 383.933837891, 4597.11474609, 3411.47167969, 442.549377441, 599.047485352, 17457.4238281, 6281.86132812, 623.08203125, 610.118835449, 1888.41638184, 1749.06689453, 11114.6689453, 2431.08862305, 1135.44750977, 1692.33703613, 487.143371582, 558.819152832, 264.744567871, 228.805023193, 2334.95214844, 553.509521484, 243.056213379, 856.151245117, 285.550079346, 294.029205322, 218.430419922, 134.010925293, 40.1665306091, 5.30299568176, 0.312908768654, 0.00714959437028, 8.33306185086e-05, 7.0157611276e-08, 1.43485134885e-09],
        "dvar2": [3.13462495804, 75.5443572998, 554.36151123, 374.350250244, 950.222717285, 879.206115723, 917.737426758, 10055.7177734, 8834.80371094, 1063.29150391, 1429.82714844, 39939.4023438, 14457.2099609, 1388.2175293, 1361.00634766, 5251.65673828, 3478.71923828, 26279.1816406, 5125.9140625, 2636.05541992, 3317.22973633, 1018.53533936, 1135.30090332, 452.170593262, 473.177429199, 5235.18310547, 1324.7565918, 539.954772949, 1911.15856934, 631.088378906, 684.493835449, 527.959350586, 325.52645874, 98.7379989624, 11.8628416061, 0.750919759274, 0.0182052887976, 0.000208380472031, 1.74993473934e-07, 2.59597721097e-09],
        "max": [9.53360843658, 43.6433334351, 98.228225708, 89.0738983154, 251.935150146, 384.423950195, 274.099121094, 634.715759277, 769.557739258, 310.893737793, 257.499725342, 1349.69885254, 811.372497559, 274.256439209, 324.837310791, 460.832275391, 607.659667969, 1647.15197754, 561.375549316, 363.862976074, 553.892578125, 280.484741211, 348.646911621, 248.828872681, 186.538482666, 934.652282715, 384.586181641, 154.074188232, 304.571136475, 176.046936035, 224.803894043, 153.167282104, 97.3782119751, 55.4308853149, 18.9314880371, 4.82695388794, 0.905564010143, 0.130636036396, 0.00352806714363, 0.000278824474663],
        "mean": [1.15994501114, 2.75442957878, 2.48490548134, 4.65559387207, 16.1890411377, 9.08451747894, 11.8821048737, 48.1567649841, 26.2222213745, 10.1979131699, 11.4696779251, 46.2759819031, 29.3192272186, 7.73622608185, 9.43499088287, 11.4574718475, 14.5404949188, 29.603925705, 20.4858093262, 16.4651889801, 17.8303642273, 12.2361621857, 11.7947463989, 6.86051607132, 9.09962749481, 22.8903503418, 15.3695850372, 12.678691864, 19.1823329926, 11.2840070724, 8.5932226181, 6.96976804733, 4.78544044495, 2.56501841545, 1.0575684309, 0.260528385639, 0.0358501039445, 0.00359859340824, 0.000131221982883, 6.28975394648e-05],
        "median": [0.0673398822546, 0.104214444757, 0.22202385962, 1.03509771824, 1.98689448833, 2.21512961388, 4.23173856735, 15.5322008133, 7.24349164963, 3.72894144058, 3.02165484428, 3.37030148506, 3.01323699951, 0.943943500519, 1.08193576336, 1.47709810734, 0.769622504711, 1.09056854248, 1.34994232655, 1.76253676414, 1.64331126213, 1.87454068661, 1.83718550205, 1.17818367481, 2.05442476273, 4.59466457367, 5.15710639954, 5.5885848999, 6.09179353714, 4.09778785706, 2.52680802345, 1.77851068974, 0.873611867428, 0.426556795835, 0.166869267821, 0.0436535514891, 0.00705572403967, 0.000518226122949, 4.6311684855e-05, 4.50680563517e-05],
        "min": [2.96238600709e-21, 9.63146567816e-21, 3.34216865818e-20, 7.80527109017e-20, 3.28754145665e-20, 2.32564233213e-19, 1.4782671389e-19, 3.19471240488e-19, 3.42216251641e-19, 6.25897532523e-19, 1.51713454642e-18, 4.46768975595e-18, 2.82676215079e-18, 3.08847671993e-18, 2.65265283276e-18, 3.14358721465e-18, 6.73256445345e-18, 3.71107468069e-18, 5.0686141371e-18, 7.52347567769e-18, 5.36702905565e-18, 1.41618598281e-17, 9.26439969954e-18, 1.2569638065e-17, 1.30528802876e-17, 1.52507967825e-17, 1.43483989824e-17, 1.84269800831e-17, 1.77844973208e-17, 2.20612791681e-17, 2.23856729345e-17, 1.7400650775e-17, 1.33204492275e-17, 1.05115159208e-17, 9.90227423864e-18, 5.04823571553e-18, 3.31783715338e-18, 1.3270592984e-18, 3.46790793073e-19, 3.30172760416e-20],
        "stdev": [2.03752660751, 6.71235322952, 10.7425031662, 10.0473060608, 33.9848136902, 23.5471458435, 22.9384288788, 84.0791549683, 57.4303016663, 21.905872345, 26.1476783752, 140.238601685, 83.9479217529, 26.0752277374, 27.7770118713, 37.6580619812, 47.66796875, 107.991271973, 56.5974807739, 39.856967926, 53.4661560059, 28.2503509521, 30.0275840759, 21.8434085846, 18.8520679474, 52.209186554, 26.5607280731, 18.7662696838, 34.7725601196, 19.7831821442, 18.1547889709, 15.3884315491, 11.6214609146, 6.30648374557, 2.4781525135, 0.577816069126, 0.0818794593215, 0.00894880481064, 0.000262279179879, 5.75726880925e-05],
        "var": [4.15151500702, 45.0556869507, 115.401382446, 100.948356628, 1154.96765137, 554.468078613, 526.171508789, 7069.30371094, 3298.23974609, 479.867218018, 683.70111084, 19666.8671875, 7047.25390625, 679.917541504, 771.56237793, 1418.12963867, 2272.23535156, 11662.1142578, 3203.27490234, 1588.57800293, 2858.62963867, 798.082275391, 901.655761719, 477.134521484, 355.40045166, 2725.79907227, 705.472229004, 352.172912598, 1209.13098145, 391.374267578, 329.596374512, 236.803817749, 135.058349609, 39.7717399597, 6.1412396431, 0.333871424198, 0.00670424615964, 8.00811103545e-05, 6.8790370733e-08, 3.31461436076e-09]
    },
    "gfcc": {
        "mean": [-39.3607330322, 72.9817352295, -94.0201568604, 49.224609375, -83.2345657349, 9.98020553589, -42.7579231262, 2.35791802406, -14.5049724579, 10.2199745178, -12.0171194077, 0.643341302872, 0.949508845806],
        "cov": [[8879.83496094, -1790.84631348, -753.781494141, 445.15536499, -226.246246338, 660.862426758, -346.302764893, 448.397888184, -257.008300781, 157.771621704, -234.77166748, 229.163482666, -135.942001343], [-1790.84631348, 2559.5, 652.320617676, -75.8832244873, 574.940673828, -171.534057617, 481.486694336, -219.687408447, 272.066497803, -203.80229187, 169.335388184, -188.349655151, 120.16594696], [-753.781494141, 652.320617676, 2623.43212891, 926.920471191, 390.061676025, 440.38659668, 198.75352478, 220.925018311, 139.354568481, 1.71883881092, 126.659500122, 76.4509735107, -52.7151527405], [445.15536499, -75.8832244873, 926.920471191, 1136.9979248, 171.584671021, 18.2934532166, -69.0536804199, 27.7519378662, 87.1996459961, -49.1569290161, 0.093163587153, 57.9902458191, 15.231344223], [-226.246246338, 574.940673828, 390.061676025, 171.584671021, 539.927490234, 184.784378052, 168.332946777, 84.3132629395, 160.669296265, 37.3594856262, 95.2083206177, -8.34989070892, 45.4666519165], [660.862426758, -171.534057617, 440.38659668, 18.2934532166, 184.784378052, 559.098754883, 216.496810913, 258.432434082, 48.3106575012, 147.524047852, 80.8992996216, 47.2299079895, -18.1950893402], [-346.302764893, 481.486694336, 198.75352478, -69.0536804199, 168.332946777, 216.496810913, 573.971435547, 175.16569519, 157.414855957, 108.431770325, 148.469650269, 21.6256008148, 85.1052398682], [448.397888184, -219.687408447, 220.925018311, 27.7519378662, 84.3132629395, 258.432434082, 175.16569519, 349.714385986, 104.233345032, 130.792816162, 87.7961196899, 82.1785507202, 44.8022842407], [-257.008300781, 272.066497803, 139.354568481, 87.1996459961, 160.669296265, 48.3106575012, 157.414855957, 104.233345032, 279.236755371, 100.991493225, 116.760810852, 33.3956298828, 116.910469055], [157.771621704, -203.80229187, 1.71883881092, -49.1569290161, 37.3594856262, 147.524047852, 108.431770325, 130.792816162, 100.991493225, 240.449279785, 96.793762207, 68.0922470093, 57.0902748108], [-234.77166748, 169.335388184, 126.659500122, 0.093163587153, 95.2083206177, 80.8992996216, 148.469650269, 87.7961196899, 116.760810852, 96.793762207, 215.839904785, 88.4922027588, 95.0190353394], [229.163482666, -188.349655151, 76.4509735107, 57.9902458191, -8.34989070892, 47.2299079895, 21.6256008148, 82.1785507202, 33.3956298828, 68.0922470093, 88.4922027588, 185.003051758, 56.2027626038], [-135.942001343, 120.16594696, -52.7151527405, 15.231344223, 45.4666519165, -18.1950893402, 85.1052398682, 44.8022842407, 116.910469055, 57.0902748108, 95.0190353394, 56.2027626038, 180.085037231]],
        "icov": [[0.000216256943531, -0.000176353918505, 0.000268531875918, -0.000317289959639, 0.00021015535458, -0.000517235253938, 0.000274163408903, -0.000355179421604, 0.000197109024157, -0.000141670912853, 0.000339537829859, -0.000365377374692, 9.16737844818e-05], [-0.000176353918505, 0.00182718934957, -0.000852560566273, 0.0010531982407, -0.00155768403783, 0.00144025997724, -0.00150866853073, 0.00159739668015, -0.00101558677852, 0.0016670600744, -0.00112046534196, 0.00140323431697, -0.000552559620701], [0.000268531875918, -0.000852560566273, 0.00128569337539, -0.00123320962302, 0.000678387761582, -0.00148744939361, 0.000732450804207, -0.000973115034867, 0.000419979827711, -0.000392224348616, 0.000336285855155, -0.000920075748581, 0.000788049655966], [-0.000317289959639, 0.0010531982407, -0.00123320962302, 0.00227949162945, -0.00120665121358, 0.00152457947843, -0.000694533577189, 0.00112008571159, -0.00107526232023, 0.00111335969996, -0.000319699785905, 0.000532029487658, -0.00064007769106], [0.00021015535458, -0.00155768403783, 0.000678387761582, -0.00120665121358, 0.00418113591149, -0.00231132749468, 0.00116289500147, -0.0010276947869, -0.000536420790013, -0.000775999040343, 0.000347948487615, -0.000587786722463, 0.000509737117682], [-0.000517235253938, 0.00144025997724, -0.00148744939361, 0.00152457947843, -0.00231132749468, 0.00583789870143, -0.00202089222148, -0.00042890428449, 0.000312449963531, -0.000373632734409, -0.00127412856091, 0.00164699193556, 0.000393148686271], [0.000274163408903, -0.00150866853073, 0.000732450804207, -0.000694533577189, 0.00116289500147, -0.00202089222148, 0.0040661082603, -0.00200643739663, 0.000235518440604, -0.00121471693274, -3.62584323739e-05, -0.000551205885131, -1.00400193332e-05], [-0.000355179421604, 0.00159739668015, -0.000973115034867, 0.00112008571159, -0.0010276947869, -0.00042890428449, -0.00200643739663, 0.00710558379069, -0.00226091360673, 0.000704700767528, -0.000752247055061, -3.03893157252e-05, -0.000666253443342], [0.000197109024157, -0.00101558677852, 0.000419979827711, -0.00107526232023, -0.000536420790013, 0.000312449963531, 0.000235518440604, -0.00226091360673, 0.00812113191932, -0.00291723106056, -0.000467234815005, 0.000366073276382, -0.00255658128299], [-0.000141670912853, 0.0016670600744, -0.000392224348616, 0.00111335969996, -0.000775999040343, -0.000373632734409, -0.00121471693274, 0.000704700767528, -0.00291723106056, 0.00865064747632, -0.0023463065736, 0.000206024575164, -0.000546269817278], [0.000339537829859, -0.00112046534196, 0.000336285855155, -0.000319699785905, 0.000347948487615, -0.00127412856091, -3.62584323739e-05, -0.000752247055061, -0.000467234815005, -0.0023463065736, 0.0102407848462, -0.00429438007995, -0.00189885986038], [-0.000365377374692, 0.00140323431697, -0.000920075748581, 0.000532029487658, -0.000587786722463, 0.00164699193556, -0.000551205885131, -3.03893157252e-05, 0.000366073276382, 0.000206024575164, -0.00429438007995, 0.00964823458344, -0.00199184846133], [9.16737844818e-05, -0.000552559620701, 0.000788049655966, -0.00064007769106, 0.000509737117682, 0.000393148686271, -1.00400193332e-05, -0.000666253443342, -0.00255658128299, -0.000546269817278, -0.00189885986038, -0.00199184846133, 0.0098136253655]]
    },
    "melbands": {
        "dmean": [0.00323072052561, 0.00198125746101, 0.00093880109489, 0.000639901903924, 0.000338636455126, 0.000818720378447, 0.000367152097169, 8.24114686111e-05, 0.000105712606455, 0.000308444054099, 0.000142920471262, 2.8212516554e-05, 2.59370135609e-05, 4.15741233155e-05, 2.29921333812e-05, 4.1600818804e-05, 5.67776005482e-05, 3.21970255754e-05, 2.88823630399e-05, 1.59547707881e-05, 1.93254163605e-05, 1.08316926344e-05, 1.08906197056e-05, 8.76513513504e-06, 4.2013748498e-06, 4.24729751103e-06, 8.91630679689e-06, 1.4839504729e-05, 9.36356082093e-06, 5.6310295804e-06, 6.08929849477e-06, 1.0495899005e-05, 7.18286855772e-06, 5.25466020918e-06, 4.89431477035e-06, 4.27173245043e-06, 3.9660621951e-06, 3.50591199094e-06, 2.95482755064e-06, 2.19356570597e-06],
        "dmean2": [0.00454890262336, 0.00323513220064, 0.00152210262604, 0.000955989642534, 0.000548795098439, 0.00134010193869, 0.000611394410953, 0.000129113657749, 0.000172366897459, 0.00049830856733, 0.000224547504331, 4.44911856903e-05, 3.99844284402e-05, 7.20496318536e-05, 3.75205381715e-05, 6.29137430224e-05, 9.22890758375e-05, 4.80717426399e-05, 4.70016893814e-05, 2.40408171521e-05, 2.98682953144e-05, 1.68564838532e-05, 1.65875699167e-05, 1.30770649776e-05, 5.84898043599e-06, 6.43593693894e-06, 1.36144935823e-05, 2.34480594372e-05, 1.50750365719e-05, 8.87942951522e-06, 9.38551420404e-06, 1.67679245351e-05, 1.13259620775e-05, 8.2766655396e-06, 7.59845806897e-06, 6.43646990284e-06, 6.2793124016e-06, 5.6140875131e-06, 4.64237155029e-06, 3.48137291439e-06],
        "dvar": [6.95074195391e-05, 4.39846444351e-05, 4.69602946396e-06, 1.68709107129e-06, 4.36993190078e-07, 1.9479518869e-06, 6.15106671376e-07, 5.16245179938e-08, 8.02906683361e-08, 7.51393827159e-07, 1.62853098118e-07, 1.09530908787e-08, 5.57521229183e-09, 2.25003411458e-08, 6.05768590844e-09, 1.57583652793e-08, 3.87346759112e-08, 7.57030349519e-09, 5.76431435917e-09, 1.70598113414e-09, 3.03355385256e-09, 5.58711188425e-10, 7.29328153426e-10, 4.54399656791e-10, 1.69060376809e-10, 9.74058542158e-11, 3.11933340269e-10, 1.35132860457e-09, 3.80047937565e-10, 8.29979002193e-11, 9.59065188377e-11, 3.51112139363e-10, 1.92529978071e-10, 8.70176916634e-11, 1.18413695516e-10, 8.2992619721e-11, 7.68702462794e-11, 6.23372881092e-11, 4.31495568443e-11, 2.86096493718e-11],
        "dvar2": [0.000122458746773, 0.000113593654532, 1.23523486764e-05, 3.57129192707e-06, 1.05986862309e-06, 4.28031489719e-06, 1.58707484843e-06, 1.23234670468e-07, 1.97511752731e-07, 1.70278053702e-06, 3.77660143158e-07, 2.4697758505e-08, 1.08405915356e-08, 6.31768699577e-08, 1.25047519006e-08, 3.43163364391e-08, 9.27451324628e-08, 1.60846447272e-08, 1.44563214732e-08, 3.39326766685e-09, 6.70442945605e-09, 1.29635457924e-09, 1.64167912597e-09, 9.65704294309e-10, 2.84909373871e-10, 1.97515601097e-10, 6.88833379225e-10, 3.01153169069e-09, 9.62510737779e-10, 1.91334489918e-10, 2.15788165114e-10, 7.96646637546e-10, 4.28218377424e-10, 2.01086453044e-10, 2.76120487586e-10, 1.93191559972e-10, 1.87479629044e-10, 1.51174017748e-10, 1.01849667589e-10, 7.23192339347e-11],
        "max": [0.0619382113218, 0.0492484793067, 0.0180127900094, 0.0139878671616, 0.00848839618266, 0.0130083961412, 0.0101687060669, 0.00348384887911, 0.00318268034607, 0.008719378151, 0.0040356493555, 0.00123877997976, 0.00113865046296, 0.00167208735365, 0.0013299860293, 0.00137589266524, 0.00313171558082, 0.00110722635873, 0.000916403834708, 0.000551754492335, 0.000720444368199, 0.000321412604535, 0.000432995148003, 0.000279303727439, 0.000195993692614, 0.000119255979371, 0.000180880786502, 0.000698113290127, 0.000352269009454, 7.64257929404e-05, 0.000101770696347, 0.000182040195796, 0.000138783507282, 8.89631992322e-05, 0.000137823604746, 0.000111504072265, 8.71890370036e-05, 6.56666015857e-05, 6.19273560005e-05, 4.82283176098e-05],
        "mean": [0.00792412739247, 0.00192301068455, 0.00125252478756, 0.000917063152883, 0.000390839180909, 0.00103181775194, 0.000367988017388, 9.87811945379e-05, 0.000111780180305, 0.000314915785566, 0.000140163567266, 2.74169779004e-05, 2.87291532004e-05, 3.71394853573e-05, 2.33293703786e-05, 4.34345784015e-05, 5.39893444511e-05, 3.14156495733e-05, 2.88367664325e-05, 1.92130282812e-05, 2.06960266951e-05, 1.16417168101e-05, 1.21702378237e-05, 9.6741332527e-06, 4.9067521104e-06, 4.81290226162e-06, 9.92012155621e-06, 1.64060966199e-05, 1.03271140688e-05, 6.69645487505e-06, 7.55232804295e-06, 1.20205859275e-05, 8.06854131952e-06, 5.81883386985e-06, 5.06068590767e-06, 4.76066088595e-06, 3.92976289731e-06, 3.26591884914e-06, 2.82324185719e-06, 2.04373509405e-06],
        "median": [0.0004605766444, 0.000191044979147, 0.000240316527197, 0.000151348547661, 0.0001215031225, 0.000348485074937, 0.000106371306174, 3.28962451022e-05, 2.09249828913e-05, 2.03369490919e-05, 1.22903211377e-05, 2.41941188506e-06, 2.97997326015e-06, 3.84802524422e-06, 1.67495488768e-06, 1.42177827911e-06, 1.97030067284e-06, 1.83831139111e-06, 2.14627357309e-06, 1.74591502855e-06, 1.66461541085e-06, 1.64709297223e-06, 1.84200007425e-06, 1.23420716136e-06, 6.23880282546e-07, 8.84040559868e-07, 1.96214273274e-06, 3.02897569782e-06, 2.93297534881e-06, 2.63640936282e-06, 3.08882704303e-06, 3.30593843501e-06, 2.39562314164e-06, 1.85537646757e-06, 1.34415358843e-06, 1.24938298995e-06, 9.40137056205e-07, 5.78089839109e-07, 4.43157944119e-07, 2.83763910147e-07],
        "min": [2.37596905603e-23, 1.62065887842e-23, 1.08429712395e-23, 8.66161621982e-24, 7.03119771205e-24, 6.76587775721e-24, 5.86493588901e-24, 6.0725451466e-24, 1.50982660337e-23, 2.83960958907e-23, 1.32412764187e-23, 1.18922004196e-23, 9.00716806188e-24, 5.4842698759e-24, 1.49286798717e-23, 1.10734053985e-23, 6.84109564452e-24, 6.75902571139e-24, 1.04295284502e-23, 9.39585797368e-24, 5.51673386873e-24, 1.64897756497e-23, 9.6850188828e-24, 7.1524109233e-24, 1.08847572016e-23, 6.80431027165e-24, 1.36738751174e-23, 9.15064923877e-24, 7.57626194337e-24, 1.14217214092e-23, 1.10663727035e-23, 9.98157299631e-24, 1.0404496316e-23, 1.28667749592e-23, 1.12682240654e-23, 1.35067091807e-23, 1.00786999175e-23, 1.03145456624e-23, 6.78052295992e-24, 1.02029510321e-23],
        "stdev": [0.0138002056628, 0.00603337259963, 0.00244497857057, 0.00183696509339, 0.000774047861341, 0.00174423411954, 0.000782915856689, 0.000233680315432, 0.000302521017147, 0.000924768217374, 0.000421549921157, 0.000106778847112, 9.29829038796e-05, 0.000128097555717, 8.55354010127e-05, 0.00014314193686, 0.000197470624698, 9.74932409008e-05, 7.59264949011e-05, 5.80279629503e-05, 6.44423344056e-05, 2.79922442132e-05, 3.0608895031e-05, 2.65360285994e-05, 1.73643384187e-05, 1.19985825222e-05, 2.0389288693e-05, 4.00498902309e-05, 2.03701583814e-05, 1.05058743429e-05, 1.16367755254e-05, 2.21421432798e-05, 1.58484454005e-05, 1.05474255179e-05, 1.12234783956e-05, 1.01540490505e-05, 8.86065026862e-06, 7.87680619396e-06, 6.84899077896e-06, 5.18472052136e-06],
        "var": [0.00019044567307, 3.64015868399e-05, 5.9779199546e-06, 3.37444089382e-06, 5.99150098424e-07, 3.04235254589e-06, 6.12957194335e-07, 5.46064882201e-08, 9.15189630746e-08, 8.55196219618e-07, 1.77704336579e-07, 1.1401722233e-08, 8.64582094806e-09, 1.64089843935e-08, 7.31630445117e-09, 2.04896135614e-08, 3.89946492874e-08, 9.50493195262e-09, 5.76483261128e-09, 3.36724448324e-09, 4.15281409261e-09, 7.83565712315e-10, 9.36904442916e-10, 7.04160785236e-10, 3.0152025321e-10, 1.43965978028e-10, 4.15723122593e-10, 1.6039936046e-09, 4.14943329696e-10, 1.10373397921e-10, 1.3541455457e-10, 4.90274487674e-10, 2.51173248866e-10, 1.11248184276e-10, 1.25966473363e-10, 1.03104719207e-10, 7.85111212154e-11, 6.20440712695e-11, 4.69086748611e-11, 2.68813270254e-11]
    },
    "melbands128": {
