{
"lowlevel": {
    "average_loudness": 0.969637274742,
    "barkbands_crest": {
        "dmean": 3.83590197563,
        "dmean2": 6.27884912491,
        "dvar": 11.1261148453,
        "dvar2": 25.6622829437,
        "max": 26.436258316,
        "mean": 13.0027065277,
        "median": 12.0390720367,
        "min": 2.45536971092,
        "stdev": 5.42918729782,
        "var": 29.4760761261
    },
    "barkbands_flatness_db": {
        "dmean": 0.0391086861491,
        "dmean2": 0.0571639612317,
        "dvar": 0.00130882521626,
        "dvar2": 0.00279673677869,
        "max": 0.409708470106,
        "mean": 0.172866225243,
        "median": 0.167438670993,
        "min": 0.0266819428653,
        "stdev": 0.0685468837619,
        "var": 0.0046986755915
    },
    "barkbands_kurtosis": {
        "dmean": 8.10966110229,
        "dmean2": 13.0617370605,
        "dvar": 355.541351318,
        "dvar2": 923.864929199,
        "max": 234.902542114,
        "mean": 9.80663299561,
        "median": 2.9945898056,
        "min": -1.85396277905,
        "stdev": 20.5425987244,
        "var": 421.998352051
    },
    "barkbands_skewness": {
        "dmean": 0.980940103531,
        "dmean2": 1.53847301006,
        "dvar": 1.43697059155,
        "dvar2": 3.42047595978,
        "max": 14.6910867691,
        "mean": 2.1783823967,
        "median": 1.74059462547,
        "min": -3.41558766365,
        "stdev": 1.91173017025,
        "var": 3.65471220016
    },
    "barkbands_spread": {
        "dmean": 8.91767501831,
        "dmean2": 13.9160032272,
        "dvar": 123.967224121,
        "dvar2": 280.821716309,
        "max": 102.681991577,
        "mean": 21.7114830017,
        "median": 17.3380088806,
        "min": 0.773524940014,
        "stdev": 16.6857051849,
        "var": 278.412750244
    },
    "dissonance": {
        "dmean": 0.0259789861739,
        "dmean2": 0.0418114736676,
        "dvar": 0.000925993314013,
        "dvar2": 0.00225722813047,
        "max": 0.500000119209,
        "mean": 0.456233114004,
        "median": 0.467697024345,
        "min": 0.0231756418943,
        "stdev": 0.0399511307478,
        "var": 0.00159609294496
    },
    "dynamic_complexity": 1.94939923286,
    "erbbands_crest": {
        "dmean": 3.1691660881,
        "dmean2": 5.08052349091,
        "dvar": 8.36668777466,
        "dvar2": 21.1052799225,
        "max": 29.6533107758,
        "mean": 9.54633617401,
        "median": 8.60955905914,
        "min": 2.45016622543,
        "stdev": 4.47332620621,
        "var": 20.0106487274
    },
    "erbbands_flatness_db": {
        "dmean": 0.0242460202426,
        "dmean2": 0.0330005660653,
        "dvar": 0.000549876189325,
        "dvar2": 0.000998803996481,
        "max": 0.355274200439,
        "mean": 0.153136610985,
        "median": 0.145683154464,
        "min": 0.0435770526528,
        "stdev": 0.0586426444352,
        "var": 0.00343895959668
    },
    "erbbands_kurtosis": {
        "dmean": 1.32973444462,
        "dmean2": 2.05208444595,
        "dvar": 2.59646868706,
        "dvar2": 5.70621728897,
        "max": 19.4810333252,
        "mean": 1.15719807148,
        "median": 0.556700229645,
        "min": -1.82319366932,
        "stdev": 2.35895729065,
        "var": 5.56467914581
    },
    "erbbands_skewness": {
        "dmean": 0.517609477043,
        "dmean2": 0.771795630455,
        "dvar": 0.218536406755,
        "dvar2": 0.471360623837,
        "max": 2.87242841721,
        "mean": 0.257723510265,
        "median": 0.252496629953,
        "min": -3.41424584389,
        "stdev": 0.830661118031,
        "var": 0.689997851849
    },
    "erbbands_spread": {
        "dmean": 13.4010467529,
        "dmean2": 19.4210586548,
        "dvar": 266.744812012,
        "dvar2": 552.362854004,
        "max": 174.775314331,
        "mean": 42.7090682983,
        "median": 34.235244751,
        "min": 3.89892339706,
        "stdev": 29.9866523743,
        "var": 899.19934082
    },
    "hfc": {
        "dmean": 10.3586263657,
        "dmean2": 15.1312675476,
        "dvar": 158.580215454,
        "dvar2": 349.906768799,
        "max": 118.194046021,
        "mean": 29.9846744537,
        "median": 27.0307292938,
        "min": 1.21862352189e-16,
        "stdev": 20.9095668793,
        "var": 437.210021973
    },
    "loudness_ebu128": {
        "integrated": -6.92094326019,
        "loudness_range": 3.0868897438,
        "momentary": {
            "dmean": 0.356887370348,
            "dmean2": 0.517617285252,
            "dvar": 0.295180767775,
            "dvar2": 0.43297997117,
            "max": -5.09802675247,
            "mean": -7.21146678925,
            "median": -6.86304759979,
            "min": -20.7490234375,
            "stdev": 1.7672791481,
            "var": 3.12327551842
        },
        "short_term": {
            "dmean": 0.0558296963573,
            "dmean2": 0.0666700750589,
            "dvar": 0.00228461204097,
            "dvar2": 0.00254425290041,
            "max": -5.60512113571,
            "mean": -7.09734201431,
            "median": -6.76352024078,
            "min": -9.65842819214,
            "stdev": 1.11508774757,
            "var": 1.2434207201
        }
    },
    "melbands_crest": {
        "dmean": 4.55456399918,
        "dmean2": 7.38423681259,
        "dvar": 18.0098876953,
        "dvar2": 41.3455543518,
        "max": 36.3286209106,
        "mean": 18.0260028839,
        "median": 17.5695953369,
        "min": 2.4094209671,
        "stdev": 6.79568004608,
        "var": 46.1812667847
    },
    "melbands_flatness_db": {
        "dmean": 0.0474637523293,
        "dmean2": 0.0684226378798,
        "dvar": 0.00194997980725,
        "dvar2": 0.00416222820058,
        "max": 0.546148598194,
        "mean": 0.244901254773,
        "median": 0.238811835647,
        "min": 0.00753376679495,
        "stdev": 0.0859029442072,
        "var": 0.00737931579351
    },
    "melbands_kurtosis": {
        "dmean": 22.0275363922,
        "dmean2": 34.4921035767,
        "dvar": 1851.890625,
        "dvar2": 4459.42236328,
        "max": 587.721252441,
        "mean": 32.7573699951,
        "median": 11.474738121,
        "min": -1.47636437416,
        "stdev": 58.280254364,
        "var": 3396.58813477
    },
    "melbands_skewness": {
        "dmean": 1.46995544434,
        "dmean2": 2.26905798912,
        "dvar": 2.905408144,
        "dvar2": 6.50161933899,
        "max": 18.4748840332,
        "mean": 3.80458211899,
        "median": 2.95261740685,
        "min": -2.18912744522,
        "stdev": 3.11072707176,
        "var": 9.67662239075
    },
    "melbands_spread": {
        "dmean": 8.46811771393,
        "dmean2": 13.7797269821,
        "dvar": 172.643417358,
        "dvar2": 394.753601074,
        "max": 168.499969482,
        "mean": 19.166601181,
        "median": 14.9580917358,
        "min": 0.625805318356,
        "stdev": 18.8290691376,
        "var": 354.533874512
    },
    "pitch_salience": {
        "dmean": 0.117740109563,
        "dmean2": 0.182312935591,
        "dvar": 0.0108264107257,
        "dvar2": 0.0249429699033,
        "max": 0.875096976757,
        "mean": 0.462218850851,
        "median": 0.452155083418,
        "min": 0.0772704854608,
        "stdev": 0.165262937546,
        "var": 0.0273118373007
    },
    "silence_rate_20dB": {
        "dmean": 0,
        "dmean2": 0,
        "dvar": 0,
        "dvar2": 0,
        "max": 1,
        "mean": 1,
        "median": 1,
        "min": 1,
        "stdev": 0,
        "var": 0
    },
    "silence_rate_30dB": {
        "dmean": 0.0572755411267,
        "dmean2": 0.114639811218,
        "dvar": 0.0539951920509,
        "dvar2": 0.134030431509,
        "max": 1,
        "mean": 0.954369664192,
        "median": 1,
        "min": 0,
        "stdev": 0.208682954311,
        "var": 0.0435485728085
    },
    "silence_rate_60dB": {
        "dmean": 0.0147058824077,
        "dmean2": 0.0294345468283,
        "dvar": 0.0144895799458,
        "dvar2": 0.0363138020039,
        "max": 1,
        "mean": 0.0239752512425,
        "median": 0,
        "min": 0,
        "stdev": 0.152970522642,
        "var": 0.0233999788761
    },
    "spectral_centroid": {
        "dmean": 336.602081299,
        "dmean2": 484.310913086,
        "dvar": 224376.265625,
        "dvar2": 362630.125,
        "max": 10557.4921875,
        "mean": 1251.85473633,
        "median": 1126.39733887,
        "min": 148.754776001,
        "stdev": 771.70123291,
        "var": 595522.8125
    },
    "spectral_complexity": {
        "dmean": 4.61222887039,
        "dmean2": 6.78466320038,
        "dvar": 23.0192451477,
        "dvar2": 46.3222923279,
        "max": 54,
        "mean": 17.4315547943,
        "median": 16,
        "min": 0,
        "stdev": 8.88881111145,
        "var": 79.0109558105
    },
    "spectral_decrease": {
        "dmean": 4.56673587834e-09,
        "dmean2": 6.97366742131e-09,
        "dvar": 2.00683661531e-17,
        "dvar2": 4.94537109143e-17,
        "max": 4.61948290246e-29,
        "mean": -1.37631550601e-08,
        "median": -1.2741110389e-08,
        "min": -3.73369317686e-08,
        "stdev": 7.89197063256e-09,
        "var": 6.22831994969e-17
    },
    "spectral_energy": {
        "dmean": 0.0174003373832,
        "dmean2": 0.0265442114323,
        "dvar": 0.000288531009573,
        "dvar2": 0.000708983279765,
        "max": 0.143436670303,
        "mean": 0.0546650439501,
        "median": 0.0508648380637,
        "min": 1.08789283589e-20,
        "stdev": 0.030230185017,
        "var": 0.000913864118047
    },
    "spectral_energyband_high": {
        "dmean": 0.00089502899209,
        "dmean2": 0.00131449755281,
        "dvar": 1.76058949819e-06,
        "dvar2": 3.70764882973e-06,
        "max": 0.0132518382743,
        "mean": 0.00153368408792,
        "median": 0.000598991522565,
        "min": 8.13435924232e-21,
        "stdev": 0.00200587324798,
        "var": 4.02352725359e-06
    },
    "spectral_energyband_low": {
        "dmean": 0.0164100769907,
        "dmean2": 0.0253423657268,
        "dvar": 0.000312043324811,
        "dvar2": 0.000791585713159,
        "max": 0.135020881891,
        "mean": 0.0335201695561,
        "median": 0.0267217215151,
        "min": 1.12942061459e-22,
        "stdev": 0.028363481164,
        "var": 0.000804487091955
    },
    "spectral_energyband_middle_high": {
        "dmean": 0.00276307784952,
        "dmean2": 0.00407922593877,
        "dvar": 1.27698713186e-05,
        "dvar2": 2.65978360403e-05,
        "max": 0.0556067563593,
        "mean": 0.00679604895413,
        "median": 0.00426514213905,
        "min": 1.33549895192e-21,
        "stdev": 0.00678170938045,
        "var": 4.59915827378e-05
    },
    "spectral_energyband_middle_low": {
        "dmean": 0.00873443111777,
        "dmean2": 0.0130381295457,
        "dvar": 0.000151242638822,
        "dvar2": 0.000303441018332,
        "max": 0.0909487605095,
        "mean": 0.0148593923077,
        "median": 0.0111364219338,
        "min": 3.91841398498e-22,
        "stdev": 0.014758054167,
        "var": 0.000217800159589
    },
    "spectral_entropy": {
        "dmean": 0.281176000834,
        "dmean2": 0.385301709175,
        "dvar": 0.0859988927841,
        "dvar2": 0.156307592988,
        "max": 9.80590343475,
        "mean": 7.56365633011,
        "median": 7.58204126358,
        "min": 5.49655532837,
        "stdev": 0.569633722305,
        "var": 0.324482560158
    },
    "spectral_flux": {
        "dmean": 0.0426573865116,
        "dmean2": 0.06470502913,
        "dvar": 0.00141668692231,
        "dvar2": 0.00280348793603,
        "max": 0.358793795109,
        "mean": 0.125768691301,
        "median": 0.115667805076,
        "min": 1.04302101678e-10,
        "stdev": 0.0625817924738,
        "var": 0.00391648057848
    },
    "spectral_kurtosis": {
        "dmean": 2.09674167633,
        "dmean2": 3.2303109169,
        "dvar": 9.46871376038,
        "dvar2": 22.147228241,
        "max": 65.0841827393,
        "mean": 4.66245317459,
        "median": 3.66292190552,
        "min": -1.37348198891,
        "stdev": 4.36794042587,
        "var": 19.0789051056
    },
    "spectral_rms": {
        "dmean": 0.00118953746278,
        "dmean2": 0.00178733153734,
        "dvar": 1.20352171962e-06,
        "dvar2": 2.74069702755e-06,
        "max": 0.0118295485154,
        "mean": 0.00694557232782,
        "median": 0.00704444665462,
        "min": 3.25785036968e-12,
        "stdev": 0.00225624721497,
        "var": 5.0906519391e-06
    },
    "spectral_rolloff": {
        "dmean": 645.563659668,
        "dmean2": 1097.31103516,
        "dvar": 1849968.125,
        "dvar2": 4253177.5,
        "max": 18561.6210938,
        "mean": 1225.74682617,
        "median": 732.12890625,
        "min": 43.06640625,
        "stdev": 1669.92504883,
        "var": 2788649.75
    },
    "spectral_skewness": {
        "dmean": 0.322238504887,
        "dmean2": 0.464329510927,
        "dvar": 0.121074490249,
        "dvar2": 0.231975197792,
        "max": 5.7564663887,
        "mean": 1.68883121014,
        "median": 1.6494063139,
        "min": 0.049089640379,
        "stdev": 0.670114338398,
        "var": 0.449053257704
    },
    "spectral_spread": {
        "dmean": 1063858.375,
        "dmean2": 1446018.875,
        "dvar": 1.97709856768e+12,
        "dvar2": 2.8827582464e+12,
        "max": 40248252,
        "mean": 5606880,
        "median": 5086162.5,
        "min": 945905.5625,
        "stdev": 2598228.75,
        "var": 6.75079205683e+12
    },
    "spectral_strongpeak": {
        "dmean": 0.491159439087,
        "dmean2": 0.842206180096,
        "dvar": 0.821186900139,
        "dvar2": 2.14947772026,
        "max": 9.68220901489,
        "mean": 0.782192766666,
        "median": 0.456966638565,
        "min": 0,
        "stdev": 1.06118512154,
        "var": 1.1261138916
    },
    "zerocrossingrate": {
        "dmean": 0.015117822215,
        "dmean2": 0.0170327331871,
        "dvar": 0.000444369128672,
        "dvar2": 0.000478263944387,
        "max": 0.4951171875,
        "mean": 0.0541372857988,
        "median": 0.04443359375,
        "min": 0.0029296875,
        "stdev": 0.0423623882234,
        "var": 0.00179457187187
    },
    "barkbands": {
        "dmean": [0.000678208656609, 0.0145208816975, 0.00348410452716, 0.00302217830904, 0.00377536332235, 0.00247818720527, 0.000571188051254, 0.000817887717858, 0.00194915162865, 0.000765560718719, 0.000904731976334, 0.000415847753175, 0.000654999865219, 0.000458637456177, 0.000717160175554, 0.000329352886183, 0.000142057353514, 0.00020186114125, 0.000120442011394, 0.000148174745846, 0.000167220307048, 0.000145179554238, 0.000176891262527, 0.000224779054406, 0.000162781900144, 8.00589623395e-05, 5.04097897647e-06],
        "dmean2": [0.000790040008724, 0.0224430784583, 0.00547485798597, 0.00515063526109, 0.00672548729926, 0.00411246437579, 0.000929187459406, 0.00129199388903, 0.0031270198524, 0.0011955765076, 0.00133824301884, 0.000677703123074, 0.00100809079595, 0.000743115087971, 0.00112094799988, 0.000531986181159, 0.000226012271014, 0.000317300931783, 0.000184101823834, 0.000224870920647, 0.000259811873548, 0.000224887102377, 0.000264680740656, 0.00034144721576, 0.000257674662862, 0.00011871499737, 8.60256932356e-06],
        "dvar": [1.10305711587e-06, 0.000279508181848, 3.01632371702e-05, 5.27398697159e-05, 7.51657571527e-05, 1.54181143444e-05, 1.87083912806e-06, 3.23886661135e-06, 1.1124104276e-05, 2.60151159637e-06, 2.46824083661e-06, 5.96220331772e-07, 2.02073306355e-06, 1.23439542676e-06, 1.85326825886e-06, 8.16614488031e-07, 1.62247147273e-07, 1.1783551912e-07, 4.68088501293e-08, 7.33369631689e-08, 7.22293691524e-08, 8.15958429712e-08, 9.29640293634e-08, 1.29116486391e-07, 9.53681649207e-08, 2.6315159829e-08, 2.81384721079e-10],
        "dvar2": [1.63848801549e-06, 0.000690675689839, 6.76545751048e-05, 0.000133654597448, 0.000205340824323, 3.82950856874e-05, 4.27010672865e-06, 7.63696152717e-06, 2.60611177509e-05, 5.62409923077e-06, 4.94490222991e-06, 1.40267059123e-06, 4.68697908218e-06, 3.0171936487e-06, 3.87410227631e-06, 1.94512313101e-06, 3.5680099586e-07, 2.69736972314e-07, 1.04350874608e-07, 1.80000512273e-07, 1.6849830331e-07, 1.91544273775e-07, 2.05645477536e-07, 2.82696163367e-07, 2.19418851088e-07, 5.41919291663e-08, 7.64451058011e-10],
        "max": [0.0121370814741, 0.115793295205, 0.0501195937395, 0.0526834353805, 0.0613105930388, 0.0307686366141, 0.0250927228481, 0.0237221401185, 0.0277717988938, 0.028422202915, 0.0194695871323, 0.0102428179234, 0.0246621016413, 0.0170055031776, 0.0154031775892, 0.0166259817779, 0.00697884801775, 0.00368033372797, 0.0035215173848, 0.00419022748247, 0.00248650810681, 0.00312773347832, 0.0037994182203, 0.00351246073842, 0.00337653630413, 0.00214275321923, 0.000249064352829],
        "mean": [0.00142004759982, 0.0248211584985, 0.00556976208463, 0.00259832385927, 0.00355879217386, 0.00343866972253, 0.000708441075403, 0.00108339113649, 0.00276425969787, 0.00112248712685, 0.00138112797868, 0.000555378152058, 0.0010296786204, 0.000592898577452, 0.00118431390729, 0.000496438180562, 0.000210105936276, 0.000323243963066, 0.000182737072464, 0.000244856317295, 0.000232372767641, 0.000197768997168, 0.0002630672534, 0.000347039458575, 0.000225173746003, 0.000109459942905, 4.06099388783e-06],
        "median": [0.000392076937715, 0.0165788400918, 0.00296260626055, 0.000608358997852, 0.000997197348624, 0.00132480030879, 0.000263350491878, 0.000262122572167, 0.000955981900916, 0.000258036860032, 0.0004099807702, 0.000230255580391, 0.000292949320283, 0.00016695841623, 0.000280374195427, 0.000132535758894, 8.62128072185e-05, 0.000144521764014, 8.7234962848e-05, 0.000104427010228, 9.28344961721e-05, 3.74373048544e-05, 7.3921350122e-05, 0.000122232653666, 5.52050260012e-05, 1.67663856701e-05, 5.66896147802e-08],
        "min": [1.49345726627e-23, 1.62454291398e-23, 5.22624514894e-23, 5.86079350151e-23, 2.79475432691e-23, 6.90945848834e-23, 1.6140013657e-23, 6.18124773387e-23, 1.23410788408e-22, 1.24789666783e-22, 1.82778203993e-23, 7.98717753786e-23, 1.04706896345e-22, 9.25721267192e-23, 7.24002465533e-23, 1.24668598722e-22, 8.86470640883e-23, 3.02167931708e-22, 2.43634149619e-22, 3.53941163219e-22, 2.6746019758e-22, 5.00343952731e-22, 7.84519014799e-22, 1.0107909796e-21, 1.16539095531e-21, 1.66498744656e-21, 2.75988326702e-21],
        "stdev": [0.00213767983951, 0.0251353662461, 0.0072336201556, 0.00641210842878, 0.00733656110242, 0.00473449192941, 0.00167820858769, 0.00217241584323, 0.00403347425163, 0.00269347964786, 0.00230672047473, 0.000951599096879, 0.00199543568306, 0.00133692054078, 0.00212721433491, 0.00143819488585, 0.000473071529996, 0.000506233540364, 0.000303295790218, 0.000371998874471, 0.000337943580234, 0.000364684703527, 0.000427794584539, 0.000497263856232, 0.000400415068725, 0.000245761999395, 1.46312422658e-05],
        "var": [4.56967472928e-06, 0.000631786591839, 5.23252601852e-05, 4.11151340813e-05, 5.38251260878e-05, 2.24154118769e-05, 2.81638403976e-06, 4.71939029012e-06, 1.62689138961e-05, 7.25483278075e-06, 5.32095964445e-06, 9.05540844087e-07, 3.98176371164e-06, 1.78735660938e-06, 4.52504082205e-06, 2.06840445571e-06, 2.23796661203e-07, 2.56272386423e-07, 9.19883405004e-08, 1.38383171588e-07, 1.14205860768e-07, 1.32994927071e-07, 1.83008211252e-07, 2.47271316312e-07, 1.60332220389e-07, 6.03989533943e-08, 2.14073245242e-10]
    },
    "erbbands": {
        "dmean": [0.495409756899, 3.04799938202, 4.19377183914, 7.84759044647, 9.44746112823, 12.5741786957, 19.4409790039, 19.040435791, 9.53547477722, 10.0712041855, 22.1081314087, 48.5453071594, 32.3745651245, 19.5405349731, 37.8127593994, 16.648229599, 28.3322219849, 25.2280235291, 42.2582931519, 20.0666942596, 11.4275331497, 8.0949382782, 10.8168821335, 9.27575778961, 4.32105350494, 6.90561580658, 8.22902584076, 5.42272806168, 5.04010534286, 5.19730472565, 5.21990776062, 5.37387657166, 3.35094761848, 2.02117419243, 1.05902719498, 0.488220393658, 0.125758215785, 0.0171644128859, 0.00048465366126, 2.86977501673e-05],
        "dmean2": [0.763312220573, 4.78452825546, 6.93114280701, 12.5853252411, 16.4103813171, 22.6449127197, 32.9920501709, 31.0467662811, 15.3330717087, 15.6034946442, 35.2115631104, 77.4649887085, 49.6067810059, 30.5928401947, 55.2537651062, 26.1735153198, 43.5574989319, 40.2092094421, 65.3051376343, 31.8189868927, 17.7969703674, 12.6323719025, 16.6866550446, 14.1951370239, 6.54261255264, 10.496427536, 13.2346353531, 8.05058288574, 7.80412387848, 8.08872795105, 7.92177200317, 8.1503276825, 5.15030384064, 3.18957448006, 1.67611789703, 0.745807647705, 0.183157101274, 0.0266755837947, 0.000768649682868, 4.35327638115e-05],
        "dvar": [0.404531955719, 13.4053077698, 37.8098678589, 281.789672852, 564.583068848, 830.16583252, 1334.20495605, 911.647460938, 499.020324707, 618.995178223, 2439.94384766, 6886.76855469, 3988.27514648, 1724.20214844, 4899.1640625, 982.764526367, 3528.29907227, 3677.40722656, 6412.05664062, 3404.02050781, 655.004882812, 512.601501465, 375.554534912, 294.776184082, 60.3201599121, 138.472686768, 223.540176392, 75.7288513184, 91.9027099609, 112.376899719, 80.6629714966, 79.7558135986, 28.7417755127, 13.0234937668, 4.62125205994, 0.986133992672, 0.070477090776, 0.00205042585731, 1.98480665858e-06, 1.15169140891e-09],
        "dvar2": [0.932646989822, 34.1191177368, 95.1289672852, 642.008911133, 1454.29626465, 2291.16333008, 3430.19042969, 2175.37304688, 1105.41638184, 1377.13964844, 5796.19580078, 15550.3066406, 9241.890625, 3352.42919922, 9863.27929688, 2277.35351562, 7795.65527344, 8655.79199219, 14048.7929688, 8168.68408203, 1539.89587402, 1045.30627441, 884.642883301, 658.41784668, 139.664825439, 325.792419434, 579.496337891, 156.940460205, 215.265487671, 261.882080078, 176.2059021, 175.177978516, 64.4184494019, 30.7313098907, 10.5416021347, 2.19126033783, 0.135247096419, 0.00486147031188, 5.09858000441e-06, 2.68312461138e-09],
        "max": [5.28844118118, 28.8061218262, 50.7744216919, 126.089408875, 172.763381958, 229.735855103, 353.610137939, 294.746032715, 381.004272461, 368.538116455, 515.942138672, 831.033630371, 916.078430176, 809.349304199, 1014.15130615, 464.544952393, 935.391967773, 865.19329834, 771.130004883, 1049.23352051, 423.935852051, 491.310241699, 214.043151855, 299.962097168, 141.971740723, 173.034332275, 162.883651733, 101.408622742, 94.0356521606, 140.239746094, 126.61945343, 103.868263245, 53.0448036194, 36.2186203003, 25.355140686, 13.2958850861, 4.50925397873, 0.610666334629, 0.0240708794445, 0.000542380963452],
        "mean": [0.820835411549, 5.04600143433, 7.42929697037, 8.47691440582, 8.4116859436, 12.0664844513, 23.8120346069, 27.1661777496, 12.7187995911, 14.5003795624, 29.0631217957, 71.0541992188, 49.2761688232, 27.5871162415, 59.3687934875, 26.4037570953, 46.8311691284, 39.5173988342, 71.8622512817, 31.7831954956, 19.3649902344, 13.1094675064, 17.3836135864, 14.3538265228, 7.32323026657, 11.5634384155, 11.8685359955, 7.39676618576, 6.7507853508, 7.32317209244, 7.88135385513, 8.13598060608, 5.02171134949, 2.84109902382, 1.42226743698, 0.638754844666, 0.174132615328, 0.0198312420398, 0.000545498507563, 8.34091188153e-05],
        "median": [0.429503828287, 3.40269684792, 4.93970441818, 3.30183672905, 1.97274243832, 3.65414905548, 8.4402961731, 9.98958015442, 5.19300127029, 4.54011297226, 9.36517238617, 25.6896381378, 17.2915992737, 10.3127031326, 17.7572174072, 11.9028100967, 14.8821163177, 15.3097734451, 18.1049957275, 9.88348007202, 7.05204534531, 5.54716444016, 7.77550649643, 6.52826213837, 3.66785430908, 5.03086328506, 4.89443922043, 2.4545841217, 1.31100654602, 1.5843411684, 2.22105503082, 2.52177643776, 1.76110458374, 0.862439453602, 0.283483445644, 0.0971936434507, 0.0236262660474, 0.00173051655293, 8.47559640533e-05, 7.44388598832e-05],
        "min": [1.03829099893e-21, 2.47729991169e-21, 3.93277561554e-20, 1.57676780624e-19, 9.81722960267e-20, 1.37722237418e-19, 1.68456314023e-19, 7.24697173958e-19, 3.76685152109e-19, 4.55128990193e-19, 1.54034678537e-18, 2.70700914556e-18, 3.85469350095e-18, 2.93928084118e-18, 7.02779989653e-19, 3.36976879301e-18, 4.1421093989e-18, 5.194857615e-18, 5.27681715164e-18, 2.82366725453e-18, 8.38460460976e-18, 5.95845533541e-18, 1.40386529303e-17, 1.60388385171e-17, 1.00770732185e-17, 1.53577396551e-17, 1.59505270606e-17, 1.05547063293e-17, 1.89419496453e-17, 1.96052889395e-17, 2.08525466087e-17, 2.12871373764e-17, 1.57267482351e-17, 1.23158871772e-17, 9.23500914519e-18, 6.15365920663e-18, 3.45878645501e-18, 1.58407672243e-18, 3.70536666917e-19, 3.52833017867e-20],
        "stdev": [0.97879087925, 5.30802202225, 8.25761890411, 16.6194515228, 20.7386989594, 24.7530288696, 38.6965293884, 39.9629096985, 28.4554252625, 30.3875961304, 57.7863616943, 105.09765625, 96.6852340698, 59.6382255554, 102.918228149, 41.4715805054, 87.3971405029, 74.2089309692, 128.646530151, 71.2967453003, 44.0103378296, 28.6949386597, 28.4759273529, 24.4755954742, 10.8284978867, 17.0011367798, 17.7344017029, 11.4815616608, 12.0576658249, 13.9893798828, 12.5752601624, 12.4185724258, 7.1355714798, 4.66721868515, 2.77988529205, 1.37208807468, 0.425434082747, 0.0534331910312, 0.00144053553231, 5.79140687478e-05],
        "var": [0.958031535149, 28.1750984192, 68.1882705688, 276.20614624, 430.09362793, 612.712402344, 1497.42126465, 1597.03417969, 809.711242676, 923.405944824, 3339.26367188, 11045.5166016, 9348.03515625, 3556.71777344, 10592.1621094, 1719.89208984, 7638.26074219, 5506.96582031, 16549.9296875, 5083.22558594, 1936.90991211, 823.399475098, 810.878417969, 599.054748535, 117.256370544, 289.038635254, 314.508972168, 131.826263428, 145.387298584, 195.70274353, 158.137161255, 154.220932007, 50.9163780212, 21.7829284668, 7.72776174545, 1.88262557983, 0.180994153023, 0.00285510579124, 2.07514267458e-06, 3.35403926854e-09]
    },
    "gfcc": {
        "mean": [15.0901441574, 87.3536682129, -101.488304138, 31.1016311646, -53.6715240479, 33.8206520081, -34.8146400452, 17.9995384216, -19.4720935822, 7.77857017517, -8.03512763977, -1.88911998272, -2.20247554779],
        "cov": [[8343.74804688, -695.16607666, 347.754241943, 596.922424316, -203.612136841, 385.783843994, -115.749031067, 238.657897949, -261.323303223, 160.020385742, -279.370269775, 189.636169434, -373.047149658], [-695.16607666, 2213.71606445, 106.692230225, -214.809967041, 435.414123535, -71.9674911499, 266.177612305, -49.9552078247, 101.996513367, -195.125228882, 177.788818359, -288.594665527, 129.625732422], [347.754241943, 106.692230225, 1734.2923584, 646.665222168, 149.302886963, 223.107421875, 36.0715179443, 28.3761844635, -64.2698669434, 13.6025085449, -214.484542847, 178.906509399, -263.560791016], [596.922424316, -214.809967041, 646.665222168, 726.862304688, 131.4765625, 103.86441803, -2.59436988831, 52.8134803772, 47.7123146057, 25.5884647369, -60.0813407898, 81.6564941406, -76.8138809204], [-203.612136841, 435.414123535, 149.302886963, 131.4765625, 477.319793701, 135.441726685, 170.996932983, 46.8877601624, 89.6960067749, -3.91738247871, 41.5767250061, -42.561958313, -14.3653144836], [385.783843994, -71.9674911499, 223.107421875, 103.86441803, 135.441726685, 277.706207275, 117.865531921, 64.981552124, 9.72247695923, 50.9462852478, -13.5719060898, 16.73686409, -54.4818534851], [-115.749031067, 266.177612305, 36.0715179443, -2.59436988831, 170.996932983, 117.865531921, 231.352874756, 67.3363342285, 44.2422637939, 12.6332435608, 52.224193573, -23.5622901917, -0.900058686733], [238.657897949, -49.9552078247, 28.3761844635, 52.8134803772, 46.8877601624, 64.981552124, 67.3363342285, 139.422576904, 31.8899364471, 42.2284507751, 32.0301170349, 4.74432992935, 3.14714789391], [-261.323303223, 101.996513367, -64.2698669434, 47.7123146057, 89.6960067749, 9.72247695923, 44.2422637939, 31.8899364471, 148.724014282, 28.0230808258, 58.3384361267, -4.15067768097, 61.0105323792], [160.020385742, -195.125228882, 13.6025085449, 25.5884647369, -3.91738247871, 50.9462852478, 12.6332435608, 42.2284507751, 28.0230808258, 111.032241821, 10.85983181, 53.0696182251, -2.15976858139], [-279.370269775, 177.788818359, -214.484542847, -60.0813407898, 41.5767250061, -13.5719060898, 52.224193573, 32.0301170349, 58.3384361267, 10.85983181, 158.671264648, -22.7984790802, 100.380783081], [189.636169434, -288.594665527, 178.906509399, 81.6564941406, -42.561958313, 16.73686409, -23.5622901917, 4.74432992935, -4.15067768097, 53.0696182251, -22.7984790802, 174.482940674, -32.844039917], [-373.047149658, 129.625732422, -263.560791016, -76.8138809204, -14.3653144836, -54.4818534851, -0.900058686733, 3.14714789391, 61.0105323792, -2.15976858139, 100.380783081, -32.844039917, 166.509185791]],
        "icov": [[0.000223985174671, -0.000271258351859, 0.000344005151419, -0.000389816734241, 0.000255510502029, -0.000504768686369, 0.000393578142393, -0.000544431502931, 0.000427367020166, -0.00026897477801, 0.00038932156167, -0.00045375598711, 0.000462683412479], [-0.000271258351859, 0.00171084597241, -0.00126885238569, 0.00122129009105, -0.00115735502914, 0.00160482351203, -0.00156179501209, 0.00136830017436, -0.000889318529516, 0.00142838910688, -0.0016501233913, 0.00227133743465, -0.00120648078155], [0.000344005151419, -0.00126885238569, 0.00230612349696, -0.00190124416258, 0.000796302454546, -0.00179791706614, 0.00103573885281, -0.00122779363301, 0.0011441600509, -0.000583245011512, 0.00202604453079, -0.00258362060413, 0.00188308802899], [-0.000389816734241, 0.00122129009105, -0.00190124416258, 0.00347051233985, -0.00133898097556, 0.00119563296903, -0.000305626483168, 0.000553683610633, -0.00197314447723, 0.00127817271277, -0.00128193537239, 0.00144770205952, -0.00117098365445], [0.000255510502029, -0.00115735502914, 0.000796302454546, -0.00133898097556, 0.00440898584202, -0.00201913621277, -0.000723354809452, -0.000517330656294, -0.00109948206227, -0.000205992371775, 0.000511292484589, -0.000757076661102, 0.00178437703289], [-0.000504768686369, 0.00160482351203, -0.00179791706614, 0.00119563296903, -0.00201913621277, 0.00803758669645, -0.00400737626478, 0.000857466540765, -0.000305701949401, -0.00126625958364, -0.00110668665729, 0.00271168118343, -0.000959032389801], [0.000393578142393, -0.00156179501209, 0.00103573885281, -0.000305626483168, -0.000723354809452, -0.00400737626478, 0.00975341908634, -0.00372284813784, 0.000230561636272, -0.000308561400743, -0.000664881954435, -0.00185994314961, 0.00229098787531], [-0.000544431502931, 0.00136830017436, -0.00122779363301, 0.000553683610633, -0.000517330656294, 0.000857466540765, -0.00372284813784, 0.011816771701, -0.00173034274485, -0.00186443130951, -0.00314337853342, 0.00276216934435, -0.000930821814109], [0.000427367020166, -0.000889318529516, 0.0011441600509, -0.00197314447723, -0.00109948206227, -0.000305701949401, 0.000230561636272, -0.00173034274485, 0.0116675272584, -0.00348024698906, 0.000366470922017, -0.00141959101893, -0.00243151350878], [-0.00026897477801, 0.00142838910688, -0.000583245011512, 0.00127817271277, -0.000205992371775, -0.00126625958364, -0.000308561400743, -0.00186443130951, -0.00348024698906, 0.0151248099282, -0.00183628511149, -0.00224662316032, -0.000311426556436], [0.00038932156167, -0.0016501233913, 0.00202604453079, -0.00128193537239, 0.000511292484589, -0.00110668665729, -0.000664881954435, -0.00314337853342, 0.000366470922017, -0.00183628511149, 0.0143838869408, -0.00287652178667, -0.00488665513694], [-0.00045375598711, 0.00227133743465, -0.00258362060413, 0.00144770205952, -0.000757076661102, 0.00271168118343, -0.00185994314961, 0.00276216934435, -0.00141959101893, -0.00224662316032, -0.00287652178667, 0.0112673379481, -0.000999155919999], [0.000462683412479, -0.00120648078155, 0.00188308802899, -0.00117098365445, 0.00178437703289, -0.000959032389801, 0.00229098787531, -0.000930821814109, -0.00243151350878, -0.000311426556436, -0.00488665513694, -0.000999155919999, 0.013927844353]]
    },
    "melbands": {
        "dmean": [0.00422494346276, 0.00248377677053, 0.00129177782219, 0.000789083191194, 0.000640109297819, 0.000425969890784, 0.000138687202707, 0.00011978794646, 0.000204851239687, 0.000317230616929, 0.000159498740686, 7.6891068602e-05, 0.000116823452117, 6.37816265225e-05, 4.42515229224e-05, 7.66942030168e-05, 4.6864272008e-05, 7.07454237272e-05, 3.4224751289e-05, 3.15819052048e-05, 1.06320749182e-05, 9.67713549471e-06, 9.40307108976e-06, 9.01658404473e-06, 8.11155041447e-06, 3.3259943848e-06, 3.5959114939e-06, 5.26793246536e-06, 5.60327407584e-06, 4.02263958676e-06, 3.07371146846e-06, 2.82489259007e-06, 3.15865554512e-06, 2.87714965452e-06, 3.01100271827e-06, 3.42784232998e-06, 3.32991294272e-06, 2.65014136858e-06, 1.92574657376e-06, 1.73882449417e-06],
        "dmean2": [0.00651891296729, 0.00401264894754, 0.00202835490927, 0.00139389687683, 0.00108928559348, 0.000698632269632, 0.000221634836635, 0.000186531426152, 0.000333769159624, 0.000504495808855, 0.000246390380198, 0.000122222772916, 0.000173861364601, 0.000100217454019, 6.82383179083e-05, 0.000119574280689, 7.54813590902e-05, 0.000110349930765, 5.30001925654e-05, 5.15560423082e-05, 1.66605786944e-05, 1.53655546455e-05, 1.48212748172e-05, 1.41089512908e-05, 1.25597916849e-05, 5.16022009833e-06, 5.42962197869e-06, 8.18953321868e-06, 9.09079244593e-06, 6.28891484666e-06, 4.61534227725e-06, 4.43048020315e-06, 5.04899435327e-06, 4.49733670393e-06, 4.64732511318e-06, 5.15863621331e-06, 5.14741213919e-06, 4.09595259043e-06, 3.08177914121e-06, 2.77557705886e-06],
        "dvar": [2.50680895988e-05, 9.95716800389e-06, 7.38271728551e-06, 3.57963062925e-06, 1.46926367961e-06, 4.37389843455e-07, 1.03431581522e-07, 9.10015245381e-08, 2.32214802054e-07, 2.99446185181e-07, 9.87011361531e-08, 3.1888834684e-08, 4.43907595127e-08, 1.16421432494e-08, 7.73297781365e-09, 3.27298721459e-08, 1.73798841985e-08, 1.82253465653e-08, 5.41276490296e-09, 9.56597023816e-09, 5.68683045099e-10, 9.46869471719e-10, 2.96937335831e-10, 2.65755528694e-10, 2.43221831564e-10, 3.49170553582e-11, 5.88900039844e-11, 8.77033515256e-11, 1.09170006368e-10, 4.79974809897e-11, 2.4158244849e-11, 2.67396226689e-11, 4.87744566957e-11, 3.26426177755e-11, 2.82045515415e-11, 3.29973340318e-11, 3.13742955227e-11, 1.92488715939e-11, 1.05027488442e-11, 1.10387306934e-11],
        "dvar2": [6.11314681009e-05, 2.53355919995e-05, 1.68593869603e-05, 9.75241346168e-06, 3.87195177609e-06, 1.06114782739e-06, 2.29855061207e-07, 2.05853851298e-07, 5.70081624574e-07, 6.8149654453e-07, 2.27320953172e-07, 6.19305211558e-08, 9.27298628994e-08, 2.73559574993e-08, 1.41724720848e-08, 7.4078037926e-08, 4.21706474185e-08, 4.13242275954e-08, 1.22778907041e-08, 2.31311290122e-08, 1.35769528953e-09, 1.95875204945e-09, 6.92769563937e-10, 6.34485852746e-10, 5.49589318499e-10, 8.45141456818e-11, 1.49705817187e-10, 2.07284744924e-10, 2.83896434139e-10, 1.09392453429e-10, 5.31506644252e-11, 6.30935304002e-11, 1.18825532747e-10, 7.70213823276e-11, 6.39876901465e-11, 7.50641146463e-11, 6.9812162995e-11, 4.31806465584e-11, 2.62182341809e-11, 2.61112381716e-11],
        "max": [0.037067450583, 0.027304135263, 0.0193794798106, 0.0140095138922, 0.0120468623936, 0.00566400168464, 0.00580190028995, 0.00497022457421, 0.00473989080638, 0.0053900978528, 0.00452866125852, 0.00363671570085, 0.00263431365602, 0.00135944795329, 0.00169720209669, 0.00296190124936, 0.00192220637109, 0.00123899395112, 0.00107631797437, 0.00176794012077, 0.000347532855812, 0.000601897889283, 0.000230060963077, 0.000186605495401, 0.000272389908787, 7.38742528483e-05, 0.000194898399059, 0.000132138797198, 0.000136643575388, 8.01810310804e-05, 4.53657994512e-05, 5.20378380315e-05, 8.14544546301e-05, 8.26756222523e-05, 7.19841991668e-05, 7.28790400899e-05, 6.76116469549e-05, 4.98263689224e-05, 4.1414052248e-05, 3.42744424415e-05],
        "mean": [0.00713937496766, 0.00478316377848, 0.0014102824498, 0.000711970496923, 0.000786671065725, 0.000607321271673, 0.00017920267419, 0.000167486694409, 0.000252924364759, 0.000463716482045, 0.000230733436183, 9.7677053418e-05, 0.000177838461241, 9.69204484136e-05, 6.69433720759e-05, 0.000117033290735, 6.2894410803e-05, 0.000114352551464, 5.17933658557e-05, 4.73958643852e-05, 1.58161110448e-05, 1.40606371133e-05, 1.44430523505e-05, 1.37055421874e-05, 1.18791222121e-05, 4.85440568809e-06, 5.72634689888e-06, 8.28140491649e-06, 7.92586433818e-06, 5.45879083802e-06, 3.88178568755e-06, 3.67037569049e-06, 4.07101742894e-06, 3.96654013457e-06, 4.36012942373e-06, 5.03095361637e-06, 4.90606680614e-06, 3.81364088753e-06, 2.63231527242e-06, 2.31966373576e-06],
        "median": [0.00443642912433, 0.00363452779129, 0.000541364017408, 0.000183289230336, 0.000304784829495, 0.000231069905567, 7.22568220226e-05, 4.61661729787e-05, 6.92477842676e-05, 0.000154367880896, 7.06018618075e-05, 2.72576744464e-05, 5.44573304069e-05, 3.91888861486e-05, 2.31045487453e-05, 3.00449592032e-05, 1.8222925064e-05, 2.69152642431e-05, 1.69204940903e-05, 1.09262009573e-05, 6.61896683596e-06, 5.09815072292e-06, 6.18176864009e-06, 6.54603354633e-06, 4.72991951028e-06, 2.26286374527e-06, 2.39482392317e-06, 3.31872956849e-06, 3.21934567182e-06, 1.96140877051e-06, 1.02473404695e-06, 6.75903379488e-07, 6.68093946388e-07, 9.0422025778e-07, 1.18337243293e-06, 1.43893089444e-06, 1.4663486354e-06, 1.28648014197e-06, 1.01166551758e-06, 6.32270882761e-07],
        "min": [7.43385913934e-24, 1.59182979887e-23, 2.50566536191e-23, 7.34004543391e-24, 5.9512794761e-24, 1.51160059377e-23, 5.68141055485e-24, 5.72796044801e-24, 1.27719877994e-23, 1.90897807295e-23, 2.00541253208e-23, 1.30454566874e-23, 2.10881018754e-24, 5.57704465152e-24, 8.50195392805e-24, 1.29590464415e-23, 9.26819582453e-24, 9.19356721631e-24, 4.58264722074e-24, 4.26308716221e-24, 1.16078302628e-23, 5.35753148287e-24, 1.13998226305e-23, 1.31468679122e-23, 1.36568893644e-23, 6.66935194799e-24, 7.66372374079e-24, 1.11696921829e-23, 1.16620620835e-23, 6.55667263401e-24, 5.44975957788e-24, 1.12909519369e-23, 8.49164272715e-24, 1.19711014985e-23, 1.14822751611e-23, 1.50146641327e-23, 1.20191510163e-23, 1.08847643014e-23, 1.07983501112e-23, 1.0043665027e-23],
        "stdev": [0.00755121326074, 0.00452176807448, 0.00272099045105, 0.00159060920123, 0.00122434319928, 0.000849252683111, 0.00040503119817, 0.000363814964658, 0.000532298814505, 0.000696924922522, 0.00048225664068, 0.000246426730882, 0.000299680337775, 0.00014280033065, 0.000131072723889, 0.000252542522503, 0.000154993918841, 0.000207517412491, 9.37297591008e-05, 0.000144738703966, 3.20684303006e-05, 3.64618463209e-05, 2.49083386734e-05, 2.13559487747e-05, 2.16819789784e-05, 7.3475107456e-06, 9.81029552349e-06, 1.29581449073e-05, 1.23091367641e-05, 8.49695425131e-06, 6.27929830443e-06, 6.43029488856e-06, 8.46175316838e-06, 7.49151331547e-06, 7.15622218195e-06, 7.8694702097e-06, 7.58911528465e-06, 5.72371800445e-06, 3.89905108023e-06, 4.23874098487e-06],
        "var": [5.70208248973e-05, 2.04463849514e-05, 7.40378845876e-06, 2.53003759099e-06, 1.49901632085e-06, 7.21230151157e-07, 1.64050263152e-07, 1.32361321903e-07, 2.83342046714e-07, 4.85704333641e-07, 2.32571480296e-07, 6.07261370078e-08, 8.98083030165e-08, 2.03919334751e-08, 1.71800582649e-08, 6.37777191059e-08, 2.4023115941e-08, 4.30634763404e-08, 8.78526762449e-09, 2.09492938552e-08, 1.02838426663e-09, 1.32946631481e-09, 6.2042537774e-10, 4.56076509892e-10, 4.70108230122e-10, 5.39859164317e-11, 9.62418894579e-11, 1.67913516425e-10, 1.51514856217e-10, 7.21982265639e-11, 3.94295880668e-11, 4.13486918316e-11, 7.16012596436e-11, 5.61227696261e-11, 5.12115176654e-11, 6.19285595027e-11, 5.75946720871e-11, 3.27609467332e-11, 1.52025995959e-11, 1.79669265576e-11]
    },
    "melbands128": {
