{
"lowlevel": {
    "average_loudness": 0.979648768902,
    "barkbands_crest": {
        "dmean": 2.53291845322,
        "dmean2": 4.07296085358,
        "dvar": 6.33821678162,
        "dvar2": 16.0047302246,
        "max": 22.9624061584,
        "mean": 9.00242614746,
        "median": 8.25705718994,
        "min": 2.65894436836,
        "stdev": 3.58391022682,
        "var": 12.8444128036
    },
    "barkbands_flatness_db": {
        "dmean": 0.0288883186877,
        "dmean2": 0.0422139391303,
        "dvar": 0.000724392128177,
        "dvar2": 0.00151801330503,
        "max": 0.315714091063,
        "mean": 0.120048835874,
        "median": 0.113536082208,
        "min": 0.0299264434725,
        "stdev": 0.0491117574275,
        "var": 0.00241196458228
    },
    "barkbands_kurtosis": {
        "dmean": 3.77455854416,
        "dmean2": 6.14949131012,
        "dvar": 51.289806366,
        "dvar2": 130.874343872,
        "max": 106.188079834,
        "mean": 3.8849966526,
        "median": 1.59031057358,
        "min": -1.96170306206,
        "stdev": 7.76540708542,
        "var": 60.3015441895
    },
    "barkbands_skewness": {
        "dmean": 0.737109422684,
        "dmean2": 1.12396979332,
        "dvar": 0.72552806139,
        "dvar2": 1.67901146412,
        "max": 8.40702915192,
        "mean": 1.51222014427,
        "median": 1.44199454784,
        "min": -5.37610721588,
        "stdev": 1.25897097588,
        "var": 1.58500778675
    },
    "barkbands_spread": {
        "dmean": 11.0470323563,
        "dmean2": 17.1082000732,
        "dvar": 177.348449707,
        "dvar2": 388.266693115,
        "max": 116.594970703,
        "mean": 29.4712810516,
        "median": 24.6511726379,
        "min": 1.52472889423,
        "stdev": 19.3652324677,
        "var": 375.012237549
    },
    "dissonance": {
        "dmean": 0.020774550736,
        "dmean2": 0.0334455668926,
        "dvar": 0.000763605174143,
        "dvar2": 0.00175890047103,
        "max": 0.499999970198,
        "mean": 0.465021044016,
        "median": 0.472930938005,
        "min": 0,
        "stdev": 0.0318196453154,
        "var": 0.00101248989813
    },
    "dynamic_complexity": 1.52340912819,
    "erbbands_crest": {
        "dmean": 2.70518255234,
        "dmean2": 4.49389266968,
        "dvar": 6.98247766495,
        "dvar2": 17.4081554413,
        "max": 26.5635948181,
        "mean": 7.90189361572,
        "median": 7.07995223999,
        "min": 2.38001847267,
        "stdev": 3.47789096832,
        "var": 12.0957260132
    },
    "erbbands_flatness_db": {
        "dmean": 0.0227791648358,
        "dmean2": 0.0324803963304,
        "dvar": 0.000487818935653,
        "dvar2": 0.000929758243728,
        "max": 0.346546500921,
        "mean": 0.128565967083,
        "median": 0.119041606784,
        "min": 0.0381022803485,
        "stdev": 0.0466245673597,
        "var": 0.00217385031283
    },
    "erbbands_kurtosis": {
        "dmean": 1.11223340034,
        "dmean2": 1.75318729877,
        "dvar": 2.83391547203,
        "dvar2": 6.67950534821,
        "max": 24.37251091,
        "mean": 0.379891812801,
        "median": -0.297826051712,
        "min": -1.87842190266,
        "stdev": 2.15529799461,
        "var": 4.64530944824
    },
    "erbbands_skewness": {
        "dmean": 0.451540917158,
        "dmean2": 0.691332876682,
        "dvar": 0.220053344965,
        "dvar2": 0.468452781439,
        "max": 4.13517522812,
        "mean": 0.196574255824,
        "median": 0.191419884562,
        "min": -2.69018101692,
        "stdev": 0.73340678215,
        "var": 0.53788548708
    },
    "erbbands_spread": {
        "dmean": 14.7901115417,
        "dmean2": 22.2848091125,
        "dvar": 308.986053467,
        "dvar2": 675.279968262,
        "max": 198.485458374,
        "mean": 48.4377861023,
        "median": 43.7099571228,
        "min": 4.57620000839,
        "stdev": 27.1557731628,
        "var": 737.436035156
    },
    "hfc": {
        "dmean": 12.8848075867,
        "dmean2": 17.2528266907,
        "dvar": 195.283782959,
        "dvar2": 332.325073242,
        "max": 141.568206787,
        "mean": 35.2669067383,
        "median": 28.8044452667,
        "min": 1.19150483564e-16,
        "stdev": 24.7615318298,
        "var": 613.133483887
    },
    "loudness_ebu128": {
        "integrated": -8.11700344086,
        "loudness_range": 1.40590620041,
        "momentary": {
            "dmean": 0.353300273418,
            "dmean2": 0.509017825127,
            "dvar": 0.103915981948,
            "dvar2": 0.197005271912,
            "max": -6.47577190399,
            "mean": -8.23237133026,
            "median": -8.05043697357,
            "min": -14.7390651703,
            "stdev": 1.09711432457,
            "var": 1.20365989208
        },
        "short_term": {
            "dmean": 0.039489723742,
            "dmean2": 0.0389019362628,
            "dvar": 0.00145594903734,
            "dvar2": 0.00131261919159,
            "max": -7.29620265961,
            "mean": -8.21249008179,
            "median": -7.93044948578,
            "min": -9.56710624695,
            "stdev": 0.559219300747,
            "var": 0.312726229429
        }
    },
    "melbands_crest": {
        "dmean": 3.295992136,
        "dmean2": 5.39646148682,
        "dvar": 10.6819438934,
        "dvar2": 27.7028217316,
        "max": 28.3564033508,
        "mean": 13.3893232346,
        "median": 12.7868127823,
        "min": 2.71688532829,
        "stdev": 4.36594390869,
        "var": 19.0614681244
    },
    "melbands_flatness_db": {
        "dmean": 0.0366969555616,
        "dmean2": 0.0530304498971,
        "dvar": 0.00120043277275,
        "dvar2": 0.00258745998144,
        "max": 0.443443655968,
        "mean": 0.188547432423,
        "median": 0.186505481601,
        "min": 0.00709188496694,
        "stdev": 0.0646200925112,
        "var": 0.00417575612664
    },
    "melbands_kurtosis": {
        "dmean": 10.4634571075,
        "dmean2": 16.5599517822,
        "dvar": 358.476959229,
        "dvar2": 857.034545898,
        "max": 312.959625244,
        "mean": 15.4739780426,
        "median": 8.75296211243,
        "min": -1.79090130329,
        "stdev": 22.2189407349,
        "var": 493.681304932
    },
    "melbands_skewness": {
        "dmean": 1.00310385227,
        "dmean2": 1.5262914896,
        "dvar": 1.35970687866,
        "dvar2": 2.97265481949,
        "max": 13.9036617279,
        "mean": 2.92000126839,
        "median": 2.6585419178,
        "min": -1.73505032063,
        "stdev": 1.78804242611,
        "var": 3.19709563255
    },
    "melbands_spread": {
        "dmean": 12.3259105682,
        "dmean2": 18.7552261353,
        "dvar": 470.120300293,
        "dvar2": 1032.50878906,
        "max": 249.783828735,
        "mean": 27.5030784607,
        "median": 21.0653038025,
        "min": 1.0488986969,
        "stdev": 28.8258190155,
        "var": 830.927856445
    },
    "pitch_salience": {
        "dmean": 0.0739973783493,
        "dmean2": 0.121885195374,
        "dvar": 0.00495990691707,
        "dvar2": 0.0128141278401,
        "max": 0.903056919575,
        "mean": 0.570156216621,
        "median": 0.574540555477,
        "min": 0.213899448514,
        "stdev": 0.101940669119,
        "var": 0.0103919003159
    },
    "silence_rate_20dB": {
        "dmean": 0,
        "dmean2": 0,
        "dvar": 0,
        "dvar2": 0,
        "max": 1,
        "mean": 1,
        "median": 1,
        "min": 1,
        "stdev": 0,
        "var": 0
    },
    "silence_rate_30dB": {
        "dmean": 0.00773993786424,
        "dmean2": 0.0154918665066,
        "dvar": 0.00768010225147,
        "dvar2": 0.0229979492724,
        "max": 1,
        "mean": 0.996133029461,
        "median": 1,
        "min": 0,
        "stdev": 0.0620645992458,
        "var": 0.00385201442987
    },
    "silence_rate_60dB": {
        "dmean": 0.0147058824077,
        "dmean2": 0.0294345468283,
        "dvar": 0.0144892856479,
        "dvar2": 0.0332154072821,
        "max": 1,
        "mean": 0.0216550659388,
        "median": 0,
        "min": 0,
        "stdev": 0.145555198193,
        "var": 0.0211863163859
    },
    "spectral_centroid": {
        "dmean": 418.88394165,
        "dmean2": 626.136230469,
        "dvar": 308703,
        "dvar2": 534208.6875,
        "max": 11274.5351562,
        "mean": 1417.1217041,
        "median": 1236.43884277,
        "min": 196.816116333,
        "stdev": 853.140258789,
        "var": 727848.3125
    },
    "spectral_complexity": {
        "dmean": 5.71981430054,
        "dmean2": 7.95972108841,
        "dvar": 32.1134147644,
        "dvar2": 54.0418052673,
        "max": 52,
        "mean": 21.8306255341,
        "median": 21,
        "min": 0,
        "stdev": 10.2603368759,
        "var": 105.274505615
    },
    "spectral_decrease": {
        "dmean": 3.61975893703e-09,
        "dmean2": 5.67460567424e-09,
        "dvar": 3.169987387e-17,
        "dvar2": 7.77320018113e-17,
        "max": 5.13019036974e-11,
        "mean": -9.15927600431e-09,
        "median": -8.52513881711e-09,
        "min": -4.40673986191e-08,
        "stdev": 6.1834222187e-09,
        "var": 3.8234709897e-17
    },
    "spectral_energy": {
        "dmean": 0.0141690094024,
        "dmean2": 0.0218928083777,
        "dvar": 0.000462045660242,
        "dvar2": 0.00113078020513,
        "max": 0.168679878116,
        "mean": 0.0377680584788,
        "median": 0.0358466021717,
        "min": 1.12019876245e-20,
        "stdev": 0.0238285437226,
        "var": 0.000567799492273
    },
    "spectral_energyband_high": {
        "dmean": 0.00122729758732,
        "dmean2": 0.00169713026844,
        "dvar": 2.64278378381e-06,
        "dvar2": 4.41871634393e-06,
        "max": 0.0169413760304,
        "mean": 0.00225233333185,
        "median": 0.00117991690058,
        "min": 8.35902440475e-21,
        "stdev": 0.00279993657023,
        "var": 7.83964424045e-06
    },
    "spectral_energyband_low": {
        "dmean": 0.00702035380527,
        "dmean2": 0.0110681783408,
        "dvar": 0.000247942021815,
        "dvar2": 0.000568936695345,
        "max": 0.152463570237,
        "mean": 0.0151966372505,
        "median": 0.0130169969052,
        "min": 7.88035188734e-23,
        "stdev": 0.0178972203285,
        "var": 0.000320310500683
    },
    "spectral_energyband_middle_high": {
        "dmean": 0.00255268835463,
        "dmean2": 0.00352517026477,
        "dvar": 7.83485029388e-06,
        "dvar2": 1.40294032462e-05,
        "max": 0.0297278910875,
        "mean": 0.00667200423777,
        "median": 0.00550177367404,
        "min": 1.71851194928e-21,
        "stdev": 0.00530659593642,
        "var": 2.81599623122e-05
    },
    "spectral_energyband_middle_low": {
        "dmean": 0.00909375958145,
        "dmean2": 0.0151444962248,
        "dvar": 0.000250491400948,
        "dvar2": 0.000673329341225,
        "max": 0.139908492565,
        "mean": 0.0165779534727,
        "median": 0.0143717005849,
        "min": 3.29565007838e-22,
        "stdev": 0.0147469751537,
        "var": 0.000217473279918
    },
    "spectral_entropy": {
        "dmean": 0.253247827291,
        "dmean2": 0.358639776707,
        "dvar": 0.0629454404116,
        "dvar2": 0.132237076759,
        "max": 9.81332874298,
        "mean": 7.78959941864,
        "median": 7.80764818192,
        "min": 6.1368060112,
        "stdev": 0.451072543859,
        "var": 0.203466430306
    },
    "spectral_flux": {
        "dmean": 0.0380107574165,
        "dmean2": 0.0577405206859,
        "dvar": 0.00180802994873,
        "dvar2": 0.00378627423197,
        "max": 0.358535975218,
        "mean": 0.111280754209,
        "median": 0.0994544178247,
        "min": 1.05839441378e-10,
        "stdev": 0.0565398037434,
        "var": 0.00319674960338
    },
    "spectral_kurtosis": {
        "dmean": 1.6779769659,
        "dmean2": 2.53541851044,
        "dvar": 4.1138792038,
        "dvar2": 9.78252124786,
        "max": 19.8612823486,
        "mean": 3.96425914764,
        "median": 3.34224128723,
        "min": -1.22322297096,
        "stdev": 3.02912020683,
        "var": 9.1755695343
    },
    "spectral_rms": {
        "dmean": 0.00107573356945,
        "dmean2": 0.00159534369595,
        "dvar": 2.013252697e-06,
        "dvar2": 4.5753968152e-06,
        "max": 0.0128283174708,
        "mean": 0.00576318521053,
        "median": 0.00591373769566,
        "min": 3.30586881654e-12,
        "stdev": 0.00190593162552,
        "var": 3.63257549907e-06
    },
    "spectral_rolloff": {
        "dmean": 1314.64306641,
        "dmean2": 2159.02612305,
        "dvar": 4954658.5,
        "dvar2": 10435849,
        "max": 17807.9589844,
        "mean": 2376.26293945,
        "median": 1248.92578125,
        "min": 107.666015625,
        "stdev": 2951.09106445,
        "var": 8708939
    },
    "spectral_skewness": {
        "dmean": 0.284657657146,
        "dmean2": 0.411038637161,
        "dvar": 0.0774959772825,
        "dvar2": 0.171911463141,
        "max": 3.49387598038,
        "mean": 1.57590043545,
        "median": 1.56056547165,
        "min": 0.0061416728422,
        "stdev": 0.510903477669,
        "var": 0.261022359133
    },
    "spectral_spread": {
        "dmean": 1299748,
        "dmean2": 1815648.75,
        "dvar": 3.03426515763e+12,
        "dvar2": 5.26114042675e+12,
        "max": 41165908,
        "mean": 6413752,
        "median": 5876500,
        "min": 1618505.125,
        "stdev": 2958160.75,
        "var": 8.75071432294e+12
    },
    "spectral_strongpeak": {
        "dmean": 0.449793845415,
        "dmean2": 0.751112103462,
        "dvar": 0.46261677146,
        "dvar2": 1.14982581139,
        "max": 7.62228918076,
        "mean": 0.77030724287,
        "median": 0.610525786877,
        "min": 0,
        "stdev": 0.777568638325,
        "var": 0.604613006115
    },
    "zerocrossingrate": {
        "dmean": 0.0256215389818,
        "dmean2": 0.0278656929731,
        "dvar": 0.00102194608189,
        "dvar2": 0.00104181817733,
        "max": 0.52685546875,
        "mean": 0.0935317277908,
        "median": 0.0732421875,
        "min": 0.00048828125,
        "stdev": 0.069949477911,
        "var": 0.00489292899147
    },
    "barkbands": {
        "dmean": [8.07617107057e-05, 0.00402638083324, 0.0030718757771, 0.00387847539969, 0.00436511309817, 0.000782515911851, 0.00103927974124, 0.00142344855703, 0.000641988299321, 0.000996703980491, 0.000735569396056, 0.000668231223244, 0.000498969049659, 0.000434919697, 0.000289424729999, 0.000360325182555, 0.000267708644969, 0.000205812466447, 0.000214148894884, 0.000208456098335, 0.000213553576032, 0.000204483207199, 0.000245667528361, 0.000210673446418, 0.00028164809919, 0.000225860610954, 1.73717435246e-05],
        "dmean2": [0.00013613543706, 0.00635056104511, 0.00538091501221, 0.00673190271482, 0.00753365922719, 0.00133322470356, 0.00168067403138, 0.00233566714451, 0.00101575627923, 0.00157020404004, 0.00112657132559, 0.00104870670475, 0.000804403156508, 0.00070393277565, 0.000461697287392, 0.000599483551923, 0.000420341879362, 0.000307718670228, 0.000323605141602, 0.000313383934554, 0.000304703018628, 0.000287109403871, 0.00035562357516, 0.0003139176697, 0.000420474389102, 0.000326800334733, 2.64956233877e-05],
        "dvar": [5.91788449356e-08, 9.01995881577e-05, 7.8593242506e-05, 6.77555508446e-05, 6.37545090285e-05, 1.82889641565e-06, 2.79557548311e-06, 5.29564431417e-06, 2.01617103812e-06, 3.34288438353e-06, 2.00316617338e-06, 1.466686399e-06, 7.8541017956e-07, 6.00041289545e-07, 1.71390908577e-07, 3.59641688874e-07, 2.2426964108e-07, 1.36226972813e-07, 1.12896167082e-07, 1.03267900897e-07, 1.00375132206e-07, 1.25046028643e-07, 1.78359016445e-07, 1.25984101373e-07, 1.71350293954e-07, 1.24911721855e-07, 9.46445477545e-10],
        "dvar2": [1.80711651865e-07, 0.000188892299775, 0.000222490838496, 0.00018208581605, 0.000177016452653, 4.70220857096e-06, 6.28420411886e-06, 1.2319963389e-05, 4.7695871217e-06, 7.97082884674e-06, 4.44201623395e-06, 3.31414344146e-06, 1.86645831945e-06, 1.51762094447e-06, 3.92605898014e-07, 9.3750185215e-07, 5.34421587872e-07, 2.88275430194e-07, 2.51847296795e-07, 2.34335345795e-07, 2.03876226124e-07, 2.48378455581e-07, 3.65722144124e-07, 2.55989334619e-07, 3.36720546557e-07, 2.65111538056e-07, 2.18517381967e-09],
        "max": [0.00538601586595, 0.08848849684, 0.0738544911146, 0.0822940394282, 0.0631945580244, 0.0164676960558, 0.015975266695, 0.0181048009545, 0.0179016180336, 0.0159277245402, 0.019436199218, 0.019401025027, 0.0120656089857, 0.00846882816404, 0.00426983321086, 0.00815471634269, 0.00648872414604, 0.00591673934832, 0.00484575284645, 0.00346755189821, 0.00374546856619, 0.00434274040163, 0.00436198478565, 0.00371428905055, 0.0039399638772, 0.00310059753247, 0.000386797590181],
        "mean": [0.000122950732475, 0.00802390556782, 0.00431082211435, 0.00588178168982, 0.00548276212066, 0.000913614814635, 0.00151225959416, 0.00167828204576, 0.000757551926654, 0.00126687367447, 0.00115991325583, 0.000969325192273, 0.000708937703166, 0.00058175472077, 0.000441639218479, 0.000489846279379, 0.000409489293816, 0.0003237304918, 0.000332394120051, 0.000320514955092, 0.000315249257255, 0.000284672831185, 0.000338928744895, 0.000322876876453, 0.000456385518191, 0.000341299135471, 2.02994360734e-05],
        "median": [4.16850452893e-05, 0.00605071755126, 0.00161780521739, 0.00355923688039, 0.00330798467621, 0.000319753075019, 0.000852076569572, 0.00051589217037, 0.000189734419109, 0.000425719859777, 0.000386707601137, 0.000539943925105, 0.00037283016718, 0.000310025876388, 0.000277566461591, 0.000298942002701, 0.000233148573898, 0.000189594458789, 0.000191325772903, 0.000169296647073, 0.00013362194295, 7.54547218094e-05, 0.000104053098767, 0.000106453619082, 0.000202292692848, 0.00013123381359, 6.09516109762e-06],
        "min": [4.0425625161e-23, 3.31954688401e-23, 2.21809874069e-23, 1.11285317874e-23, 7.75304614555e-23, 1.07132485857e-22, 2.70829895823e-23, 5.98464845016e-23, 4.27061999499e-23, 5.60699675346e-23, 8.38760838206e-23, 1.50564655565e-22, 6.3114728921e-23, 1.31717935502e-22, 1.30143911872e-22, 1.69812899518e-22, 1.81498100469e-22, 3.22857292006e-22, 3.42738783007e-22, 1.89584000478e-22, 3.97756290187e-22, 7.0603056066e-22, 5.735703386e-22, 9.95599916706e-22, 1.44878079154e-21, 2.00319698152e-21, 2.2663367457e-21],
        "stdev": [0.000238020802499, 0.0109890857711, 0.0076566869393, 0.0076783709228, 0.00713651720434, 0.00159514462575, 0.00201167399064, 0.00257157231681, 0.00170025089756, 0.00206981273368, 0.00201679067686, 0.00161078758538, 0.00102589908056, 0.000902496278286, 0.000536763225682, 0.000632043113001, 0.000564960180782, 0.000489473633934, 0.000434823450632, 0.000434617337305, 0.000466402998427, 0.000528389995452, 0.000611248251516, 0.000513969862368, 0.000631937466096, 0.000507889199071, 3.8008827687e-05],
        "var": [5.66538993496e-08, 0.000120759999845, 5.86248570471e-05, 5.8957379224e-05, 5.09298770339e-05, 2.54448627857e-06, 4.04683214583e-06, 6.61298372506e-06, 2.89085323857e-06, 4.28412477049e-06, 4.06744493375e-06, 2.59463649854e-06, 1.05246897419e-06, 8.14499571788e-07, 2.8811476227e-07, 3.99478494728e-07, 3.19180003316e-07, 2.39584437622e-07, 1.89071428736e-07, 1.88892229858e-07, 2.17531749058e-07, 2.79195973008e-07, 3.73624430949e-07, 2.64165038288e-07, 3.99344941115e-07, 2.57951427329e-07, 1.44467104946e-09]
    },
    "erbbands": {
        "dmean": [0.0926231145859, 1.02983570099, 3.16609430313, 7.89941310883, 17.0356750488, 13.0869159698, 10.944067955, 5.74021482468, 8.71016979218, 30.0240821838, 22.6639328003, 13.6507492065, 27.4904460907, 24.9715194702, 29.3107280731, 23.9624710083, 21.8750801086, 19.5943069458, 17.1965847015, 16.315820694, 18.2319717407, 14.6551914215, 10.5594911575, 12.5194206238, 9.54396533966, 9.76894855499, 9.80456447601, 7.56259012222, 7.16761207581, 7.95250368118, 6.55074930191, 4.73041439056, 3.65982365608, 3.36169505119, 2.02797985077, 1.13570594788, 0.395290255547, 0.0652961730957, 0.00171699130442, 5.35938816029e-05],
        "dmean2": [0.143986672163, 1.64572131634, 5.44365167618, 13.6026172638, 30.2207717896, 22.3415737152, 18.2651157379, 9.6412115097, 14.0437345505, 47.9027023315, 36.7998313904, 21.6287651062, 44.2741889954, 37.6975479126, 45.0581321716, 37.1747779846, 34.4941444397, 30.8893566132, 26.6435871124, 26.4014568329, 29.8350486755, 22.8726463318, 15.3662528992, 19.17237854, 14.2209072113, 14.6143827438, 14.4886865616, 10.719042778, 9.9286031723, 12.0618286133, 9.47419071198, 7.088326931, 5.47326993942, 5.05472326279, 2.97610640526, 1.6680535078, 0.576390624046, 0.095471508801, 0.00251289573498, 7.46902660467e-05],
        "dvar": [0.0417665243149, 6.40546989441, 85.9602966309, 211.430221558, 1609.46850586, 424.943206787, 263.513824463, 135.74911499, 203.986068726, 2295.60595703, 1420.89196777, 1123.84350586, 3153.71972656, 2064.44067383, 2916.04614258, 2676.12915039, 1254.86401367, 1137.82299805, 639.707214355, 607.579162598, 995.244750977, 642.879394531, 362.722381592, 446.645812988, 214.51335144, 202.02381897, 246.336593628, 129.393569946, 143.703659058, 235.021621704, 124.381217957, 64.5130767822, 38.8244476318, 26.2000026703, 9.07780456543, 3.53398919106, 0.372501254082, 0.00966871157289, 8.37543211674e-06, 4.75532058175e-09],
        "dvar2": [0.0977184772491, 13.6341056824, 238.955535889, 567.656738281, 4439.39453125, 1144.83825684, 661.652954102, 367.77041626, 494.776733398, 5329.52685547, 3300.72607422, 2685.63623047, 7620.83740234, 4321.74316406, 6779.75732422, 5996.53710938, 2918.42236328, 2825.61376953, 1427.68847656, 1515.66796875, 2608.89233398, 1493.05029297, 780.184204102, 1034.08361816, 440.401977539, 462.325958252, 542.748840332, 249.718170166, 276.110107422, 500.127319336, 242.943695068, 130.844909668, 81.6344223022, 55.8852462769, 18.3325481415, 7.73327445984, 0.79705029726, 0.020351761952, 1.79220660357e-05, 9.61452872872e-09],
        "max": [1.84920108318, 24.0052986145, 74.4423065186, 137.096817017, 368.794525146, 200.724624634, 162.2706604, 155.607376099, 179.054199219, 412.442474365, 286.159301758, 514.130737305, 523.620117188, 568.513183594, 766.609436035, 995.124572754, 442.171356201, 374.112487793, 292.698150635, 241.867172241, 537.549560547, 415.197540283, 299.630767822, 282.517578125, 262.900238037, 157.594207764, 170.858352661, 131.47479248, 158.383026123, 157.720840454, 125.136001587, 83.0578460693, 59.6869926453, 55.119140625, 28.1232566833, 16.7261123657, 5.30160140991, 1.02448904514, 0.031922608614, 0.000691894383635],
        "mean": [0.190277189016, 1.94536614418, 4.612241745, 13.3574476242, 20.1578903198, 17.1430358887, 13.5199832916, 6.88778495789, 12.6350669861, 40.8456230164, 27.6447525024, 16.9770698547, 32.6737251282, 42.5631713867, 47.8787994385, 38.5404472351, 33.6765708923, 28.2512874603, 26.5006408691, 24.6391963959, 27.5277786255, 23.6069869995, 17.3442287445, 18.918800354, 16.0436706543, 15.116771698, 14.3250389099, 11.1859111786, 10.0739994049, 10.4657421112, 9.34768104553, 6.87945747375, 5.49496650696, 5.07593297958, 3.19613909721, 1.70999336243, 0.57788258791, 0.0928274616599, 0.00235895323567, 0.000115843045933],
        "median": [0.107287839055, 1.37997937202, 3.02286028862, 10.864689827, 12.6924066544, 10.3738613129, 5.50254917145, 2.86289644241, 6.50141906738, 21.4681415558, 9.71439647675, 5.37642145157, 10.1245412827, 22.1372871399, 23.9681987762, 21.6546516418, 18.9668159485, 15.8597145081, 15.8014335632, 16.175031662, 16.5343589783, 14.1235599518, 10.0764331818, 11.1266345978, 9.48951530457, 8.20364189148, 6.65833950043, 4.25365114212, 2.88238453865, 2.63145041466, 2.92431330681, 2.28281331062, 1.8897434473, 2.08608055115, 1.39572191238, 0.618208348751, 0.209840595722, 0.0370717160404, 0.000903485575691, 7.80807677074e-05],
        "min": [5.82117450871e-22, 9.00398617564e-21, 3.38006354687e-20, 2.99775133062e-20, 2.94230987318e-20, 2.33134238203e-19, 9.50502902127e-19, 8.16183814996e-19, 5.39981487622e-19, 4.75059338366e-19, 1.40672444281e-18, 1.1855968346e-18, 1.40033602354e-18, 2.38320970837e-18, 3.31477038126e-18, 7.07947407619e-18, 3.55358445514e-18, 4.30956508288e-18, 8.99749746719e-18, 5.42108489509e-18, 1.07780492306e-17, 8.12599320869e-18, 1.74362278132e-17, 2.27992301536e-17, 1.11914269515e-17, 8.50327111326e-18, 1.12667566355e-17, 1.9342635934e-17, 2.46687145862e-17, 1.9016572917e-17, 1.92893837005e-17, 1.86595749996e-17, 1.71001641826e-17, 1.51927899148e-17, 9.88903604012e-18, 7.19685679538e-18, 3.88934120168e-18, 1.4650148266e-18, 3.38389016193e-19, 3.20570679844e-20],
        "stdev": [0.246387541294, 2.84015011787, 8.00288295746, 14.5871095657, 33.0001296997, 20.8749656677, 19.5002346039, 12.157992363, 17.1236019135, 54.1335296631, 44.1584854126, 38.2166023254, 60.9519081116, 63.8432159424, 69.881149292, 67.0536956787, 44.323135376, 41.3447570801, 34.3215751648, 28.2068748474, 34.1886291504, 31.4096488953, 25.4865779877, 24.8685894012, 21.7060718536, 19.5030841827, 20.6238765717, 17.7700538635, 18.3918228149, 20.4740390778, 16.6675453186, 11.52202034, 8.68388366699, 7.21092700958, 4.58113908768, 2.63830780983, 0.864489376545, 0.140051886439, 0.00394621537998, 0.000107426785689],
        "var": [0.060706820339, 8.06645298004, 64.0461349487, 212.7837677, 1089.00854492, 435.764221191, 380.259124756, 147.816772461, 293.217773438, 2930.43920898, 1949.97180176, 1460.50878906, 3715.13500977, 4075.95629883, 4883.37451172, 4496.19775391, 1964.54040527, 1709.38903809, 1177.97045898, 795.627746582, 1168.86242676, 986.566101074, 649.565612793, 618.446716309, 471.153533936, 380.370300293, 425.344268799, 315.774810791, 338.259124756, 419.186279297, 277.807098389, 132.756942749, 75.4098358154, 51.997467041, 20.9868335724, 6.96066856384, 0.747341930866, 0.0196145325899, 1.55726174853e-05, 1.1540514322e-08]
    },
    "gfcc": {
        "mean": [40.3463973999, 59.0470733643, -97.7579727173, 21.3131351471, -51.1034240723, 18.8375892639, -42.1131477356, 12.2338981628, -36.6367111206, 4.67326879501, -23.7584953308, 2.16769266129, -17.125453949],
        "cov": [[5796.04931641, 37.2467193604, 408.391296387, 581.909606934, 220.588470459, 487.383605957, 110.991218567, 206.911407471, 53.4873199463, 103.68611145, -148.555847168, 42.7700004578, -178.334823608], [37.2467193604, 2272.43774414, -80.0936203003, 88.2210388184, 675.757568359, 72.3946762085, 296.404541016, 59.9866905212, 127.947105408, -69.834854126, 127.31603241, -94.5773773193, 26.6929626465], [408.391296387, -80.0936203003, 1217.85046387, 438.281188965, 254.037567139, 303.457122803, 42.5654563904, 134.115234375, 111.727386475, 86.6332778931, -27.69780159, 34.4063110352, -74.2991714478], [581.909606934, 88.2210388184, 438.281188965, 637.759216309, 159.61680603, 137.341644287, 92.0573348999, 43.259437561, 122.754478455, 31.2198028564, 4.73327159882, 4.24592351913, -24.411031723], [220.588470459, 675.757568359, 254.037567139, 159.61680603, 576.290344238, 230.885635376, 186.687393188, 113.824714661, 84.3858032227, 20.4103736877, 32.4031333923, 2.74937176704, -23.2692260742], [487.383605957, 72.3946762085, 303.457122803, 137.341644287, 230.885635376, 324.346710205, 125.937271118, 69.1937332153, 47.889289856, 29.4985733032, 1.99991691113, 19.0362129211, -32.6691017151], [110.991218567, 296.404541016, 42.5654563904, 92.0573348999, 186.687393188, 125.937271118, 240.806289673, 71.6373138428, 35.7721290588, 24.9454727173, 16.2477149963, -5.75428199768, -11.4247150421], [206.911407471, 59.9866905212, 134.115234375, 43.259437561, 113.824714661, 69.1937332153, 71.6373138428, 186.306930542, 59.5902557373, 50.346496582, 3.99050879478, -0.606982648373, 4.75044727325], [53.4873199463, 127.947105408, 111.727386475, 122.754478455, 84.3858032227, 47.889289856, 35.7721290588, 59.5902557373, 136.034484863, 32.9790000916, 12.5222568512, 12.9628982544, -4.75080919266], [103.68611145, -69.834854126, 86.6332778931, 31.2198028564, 20.4103736877, 29.4985733032, 24.9454727173, 50.346496582, 32.9790000916, 96.3462753296, 14.1380577087, 2.86409211159, 1.6502944231], [-148.555847168, 127.31603241, -27.69780159, 4.73327159882, 32.4031333923, 1.99991691113, 16.2477149963, 3.99050879478, 12.5222568512, 14.1380577087, 89.5685119629, 17.0678272247, 13.1488018036], [42.7700004578, -94.5773773193, 34.4063110352, 4.24592351913, 2.74937176704, 19.0362129211, -5.75428199768, -0.606982648373, 12.9628982544, 2.86409211159, 17.0678272247, 75.4425964355, 10.9456930161], [-178.334823608, 26.6929626465, -74.2991714478, -24.411031723, -23.2692260742, -32.6691017151, -11.4247150421, 4.75044727325, -4.75080919266, 1.6502944231, 13.1488018036, 10.9456930161, 72.1106948853]],
        "icov": [[0.00032765569631, -0.000267318333499, 0.000297638034681, -0.000497035740409, 0.0003460230364, -0.000722024298739, 0.000540816923603, -0.000611244875472, 0.000692168716341, -0.000684983213432, 0.000892214709893, -0.00086077384185, 0.000987429288216], [-0.000267318333499, 0.00143814866897, -0.000340117607266, 0.000707507773768, -0.00173456326593, 0.00140399939846, -0.00139535777271, 0.00110468978528, -0.00173595733941, 0.00198940071277, -0.00215593585745, 0.00263669947162, -0.00168888666667], [0.000297638034681, -0.000340117607266, 0.00191731739324, -0.00139296229463, 0.000183292941074, -0.00176711287349, 0.00162891321816, -0.00134147377685, 0.00103020458482, -0.00161784188822, 0.00149504805449, -0.00158892082982, 0.00204442581162], [-0.000497035740409, 0.000707507773768, -0.00139296229463, 0.00340395979583, -0.000849006697536, 0.00137147051282, -0.00195919559337, 0.00196004123427, -0.00326373009011, 0.00179660273716, -0.00186373793986, 0.00238910550252, -0.00214512087405], [0.0003460230364, -0.00173456326593, 0.000183292941074, -0.000849006697536, 0.00517086451873, -0.00302192964591, 0.000331717950758, -0.00207736459561, 0.00129162590019, -0.00132317875978, 0.00159528397489, -0.00266358139925, 0.00211698189378], [-0.000722024298739, 0.00140399939846, -0.00176711287349, 0.00137147051282, -0.00302192964591, 0.00800371635705, -0.00378054846078, 0.00180882576387, -0.00211024866439, 0.00221846648492, -0.00243348325603, 0.00179744232446, -0.00174795871135], [0.000540816923603, -0.00139535777271, 0.00162891321816, -0.00195919559337, 0.000331717950758, -0.00378054846078, 0.00859888643026, -0.00310295121744, 0.00265010329895, -0.00314690242521, 0.00216389936395, -0.00238280091435, 0.00304390001111], [-0.000611244875472, 0.00110468978528, -0.00134147377685, 0.00196004123427, -0.00207736459561, 0.00180882576387, -0.00310295121744, 0.00973491556942, -0.00443044910207, -0.000649519090075, -0.00158886983991, 0.00343874283135, -0.00413229921833], [0.000692168716341, -0.00173595733941, 0.00103020458482, -0.00326373009011, 0.00129162590019, -0.00211024866439, 0.00265010329895, -0.00443044910207, 0.0135718425736, -0.00482205860317, 0.00275936932303, -0.00553097017109, 0.00382438977249], [-0.000684983213432, 0.00198940071277, -0.00161784188822, 0.00179660273716, -0.00132317875978, 0.00221846648492, -0.00314690242521, -0.000649519090075, -0.00482205860317, 0.0166157837957, -0.00585055816919, 0.00482480367646, -0.00373038067482], [0.000892214709893, -0.00215593585745, 0.00149504805449, -0.00186373793986, 0.00159528397489, -0.00243348325603, 0.00216389936395, -0.00158886983991, 0.00275936932303, -0.00585055816919, 0.017081996426, -0.00750053953379, 0.0021133152768], [-0.00086077384185, 0.00263669947162, -0.00158892082982, 0.00238910550252, -0.00266358139925, 0.00179744232446, -0.00238280091435, 0.00343874283135, -0.00553097017109, 0.00482480367646, -0.00750053953379, 0.0205808151513, -0.00681350240484], [0.000987429288216, -0.00168888666667, 0.00204442581162, -0.00214512087405, 0.00211698189378, -0.00174795871135, 0.00304390001111, -0.00413229921833, 0.00382438977249, -0.00373038067482, 0.0021133152768, -0.00681350240484, 0.0199469346553]]
    },
    "melbands": {
        "dmean": [0.00100361660589, 0.00147701520473, 0.00165941100568, 0.00102451071143, 0.000424883764936, 0.000127534585772, 0.000153721513925, 0.00033901448478, 0.000163816861459, 9.10880989977e-05, 0.000142236356623, 0.000107853753434, 0.000105978993815, 8.09003831819e-05, 6.04497436143e-05, 4.25657963206e-05, 3.92127039959e-05, 3.15924844472e-05, 2.15168729483e-05, 2.4823782951e-05, 2.1396244847e-05, 1.71732717718e-05, 1.1070286746e-05, 9.87398743746e-06, 1.10443252197e-05, 7.30636020307e-06, 7.1680228757e-06, 6.75999399391e-06, 6.65365769237e-06, 5.34828359378e-06, 4.37182188762e-06, 4.20142896473e-06, 4.07508287026e-06, 4.81434653921e-06, 3.9041283344e-06, 3.49600009031e-06, 2.79551773019e-06, 2.64399477601e-06, 2.73570481113e-06, 3.08984363073e-06],
        "dmean2": [0.00156704720575, 0.00237546605058, 0.00287916441448, 0.00178026896901, 0.000704692967702, 0.000215597057831, 0.000246003415668, 0.000538264925126, 0.000267038296442, 0.000144254750921, 0.00022995386098, 0.000165528297657, 0.000163025644724, 0.000123832403915, 9.7458869277e-05, 6.70366862323e-05, 6.21139115538e-05, 5.02141483594e-05, 3.44917280017e-05, 4.10111060773e-05, 3.53825562343e-05, 2.7469232009e-05, 1.68005244632e-05, 1.469952349e-05, 1.72738800757e-05, 1.12109783004e-05, 1.08053218355e-05, 1.0359089174e-05, 1.00757297332e-05, 7.97177744971e-06, 6.31343709756e-06, 5.91851949139e-06, 5.97877760811e-06, 7.47950434743e-06, 5.68891482544e-06, 5.1742076721e-06, 4.28747898695e-06, 3.98988231609e-06, 4.09231097365e-06, 4.76202876598e-06],
        "dvar": [5.28321743332e-06, 1.55536527018e-05, 1.12685520435e-05, 4.23432129537e-06, 3.48016072849e-07, 6.13213870793e-08, 6.06385484048e-08, 2.80250873175e-07, 7.95708032797e-08, 4.99918044738e-08, 8.33783104781e-08, 4.02025435164e-08, 4.04870590387e-08, 2.09169090937e-08, 1.72781700059e-08, 5.37932587363e-09, 5.14639220128e-09, 2.74837597125e-09, 1.08568243284e-09, 1.90700966129e-09, 1.46810552604e-09, 1.00687358451e-09, 4.3303957642e-10, 2.40650027683e-10, 3.69621194762e-10, 1.37916678078e-10, 1.45637724103e-10, 1.1125349253e-10, 1.22621898746e-10, 7.81851666742e-11, 4.98480423605e-11, 5.1234499282e-11, 5.98672361685e-11, 9.00885546717e-11, 4.75854806947e-11, 3.62043658941e-11, 2.36619057681e-11, 2.35661143377e-11, 1.77779752725e-11, 2.26673350229e-11],
        "dvar2": [1.13801570478e-05, 4.02495788876e-05, 3.05310022668e-05, 1.17005283755e-05, 8.78958019257e-07, 1.63879306569e-07, 1.40899956591e-07, 6.52560686376e-07, 1.82917602842e-07, 1.18553352024e-07, 2.00488685209e-07, 8.74053185385e-08, 9.17293334624e-08, 4.29296065363e-08, 4.09002076651e-08, 1.30596111703e-08, 1.30163932965e-08, 6.34978780667e-09, 2.61434585092e-09, 4.86655382659e-09, 3.85377196821e-09, 2.42730391342e-09, 9.38550903662e-10, 4.99941810173e-10, 8.77178496506e-10, 3.13825770926e-10, 3.04361730263e-10, 2.68568944861e-10, 2.8256516571e-10, 1.77059880646e-10, 1.01247531192e-10, 1.03617822655e-10, 1.23859353329e-10, 2.05589475999e-10, 9.42556865891e-11, 7.72880093258e-11, 4.92543714148e-11, 5.31492072575e-11, 3.79576266252e-11, 5.01338484615e-11],
        "max": [0.019212750718, 0.0363709516823, 0.029354846105, 0.0174387022853, 0.00628513330594, 0.00323884584941, 0.00287845334969, 0.00412775250152, 0.00277124205604, 0.00303480052389, 0.00268466910347, 0.00234061619267, 0.00316393352114, 0.00271660671569, 0.00184190098662, 0.000856698025018, 0.000834075151943, 0.000658322998788, 0.000404716673074, 0.000459372851765, 0.00059096008772, 0.000569910160266, 0.000357019831426, 0.000236796462559, 0.000247128598858, 0.000156358728418, 0.000212820625165, 0.000121142824355, 0.000138211573358, 0.000105150938907, 8.22208457976e-05, 8.62470915308e-05, 8.99759543245e-05, 8.64789617481e-05, 8.46204638947e-05, 8.32949008327e-05, 4.38707793364e-05, 4.46637168352e-05, 4.74453700008e-05, 4.79315203847e-05],
        "mean": [0.00203314283863, 0.00256745470688, 0.0025745681487, 0.0012889521895, 0.00055632222211, 0.000150482024765, 0.000224882809562, 0.000453165033832, 0.000194586027646, 0.000106221261376, 0.000165740901139, 0.000171605410287, 0.000170312909177, 0.000117827730719, 8.56372935232e-05, 6.4026164182e-05, 5.13655686518e-05, 4.47148195235e-05, 3.18441270792e-05, 3.3470641938e-05, 3.06373112835e-05, 2.55548438872e-05, 1.71560895978e-05, 1.55370289576e-05, 1.54590507009e-05, 1.14368058348e-05, 1.12412626549e-05, 9.77960371529e-06, 9.18871592148e-06, 7.58886881158e-06, 6.09984681432e-06, 5.67689494346e-06, 5.48928710487e-06, 5.99228769715e-06, 5.46444789506e-06, 4.80021844851e-06, 3.94343896915e-06, 3.66397057405e-06, 3.99177770305e-06, 4.45199111709e-06],
        "median": [0.00139451655559, 0.00206698453985, 0.00211363565177, 0.000857321952935, 0.000265056121862, 5.56797604077e-05, 0.000122333673062, 0.000225197436521, 5.46396004211e-05, 2.70766395261e-05, 4.96523025504e-05, 8.04171722848e-05, 6.50000438327e-05, 6.28171110293e-05, 4.34506582678e-05, 3.63397084584e-05, 2.60277956841e-05, 2.46952313319e-05, 1.94468302652e-05, 2.05818723771e-05, 1.7302145352e-05, 1.42004400914e-05, 8.09672201285e-06, 9.11382721824e-06, 8.44677015266e-06, 6.41896531306e-06, 5.8726586758e-06, 5.11264033776e-06, 4.17600767832e-06, 3.19202740684e-06, 1.9765129764e-06, 1.57206420681e-06, 1.32898003358e-06, 1.46169827531e-06, 1.69206714418e-06, 1.58481293511e-06, 1.22594940422e-06, 1.1190885516e-06, 1.55443490257e-06, 1.76789217221e-06],
        "min": [8.87134751325e-24, 1.54419096212e-23, 4.53585790829e-24, 7.77311271594e-24, 3.06087339784e-23, 1.80918906171e-23, 7.58870385757e-24, 5.68921160034e-24, 1.17921397247e-23, 6.93553255007e-24, 7.36094157043e-24, 9.69511945783e-24, 1.17443497422e-23, 1.48582109271e-23, 1.56535562689e-23, 3.83383599481e-24, 9.60349720799e-24, 1.62586551817e-23, 7.96473965159e-24, 9.61101663014e-24, 1.41242121423e-23, 8.32725200311e-24, 7.78576131169e-24, 2.31579869048e-23, 1.87526010682e-23, 7.03430503515e-24, 7.62863441887e-24, 5.24330994582e-24, 4.8905364766e-24, 1.24790301027e-23, 1.06607435815e-23, 1.35732306654e-23, 1.4165535832e-23, 8.87499915038e-24, 1.31291051312e-23, 7.20655044723e-24, 1.32709423219e-23, 1.09529455494e-23, 1.26574294187e-23, 1.28170215019e-23],
        "stdev": [0.00270352442749, 0.0038184162695, 0.00303287408315, 0.00177439465187, 0.000714567431714, 0.000268013216555, 0.000301134190522, 0.00059986510314, 0.000341583945556, 0.000254972052062, 0.000313020893373, 0.000266415532678, 0.000273535086308, 0.000199022630113, 0.000152979395352, 8.81042287801e-05, 8.36972103571e-05, 6.57102209516e-05, 3.92788424506e-05, 4.50697989436e-05, 4.10908469348e-05, 3.75386189262e-05, 2.79612522718e-05, 2.04615153052e-05, 2.17591914407e-05, 1.52178345161e-05, 1.7402913727e-05, 1.34703632284e-05, 1.36661483339e-05, 1.15776192615e-05, 1.05302606244e-05, 1.04742002804e-05, 1.08629501483e-05, 1.19421829368e-05, 1.01541227195e-05, 8.29373675515e-06, 6.77376920066e-06, 6.27094823358e-06, 5.94447510593e-06, 6.43989687887e-06],
        "var": [7.30904457669e-06, 1.45803032865e-05, 9.19832473301e-06, 3.14847648042e-06, 5.10606639637e-07, 7.18310886327e-08, 9.06818087287e-08, 3.59838111308e-07, 1.16679593987e-07, 6.5010752337e-08, 9.79820740099e-08, 7.09772294272e-08, 7.48214432633e-08, 3.96100077182e-08, 2.34026966695e-08, 7.76235520306e-09, 7.00522351238e-09, 4.31783275801e-09, 1.54282742137e-09, 2.03128691645e-09, 1.68845759596e-09, 1.40914779845e-09, 7.81831654972e-10, 4.18673595792e-10, 4.73462380413e-10, 2.31582489296e-10, 3.02861374868e-10, 1.81450687808e-10, 1.86763604582e-10, 1.34041264199e-10, 1.10886397287e-10, 1.09708866991e-10, 1.18003690153e-10, 1.42615738663e-10, 1.03106211069e-10, 6.878606712e-11, 4.58839494177e-11, 3.93247899522e-11, 3.5336785581e-11, 4.14722700626e-11]
    },
    "melbands128": {
