{
"lowlevel": {
    "average_loudness": 0.983941197395,
    "barkbands_crest": {
        "dmean": 3.01962208748,
        "dmean2": 4.20846033096,
        "dvar": 8.44274520874,
        "dvar2": 17.4680595398,
        "max": 26.0316753387,
        "mean": 15.2656326294,
        "median": 14.7462244034,
        "min": 3.83582115173,
        "stdev": 5.08438920975,
        "var": 25.8510150909
    },
    "barkbands_flatness_db": {
        "dmean": 0.0362726934254,
        "dmean2": 0.0520255863667,
        "dvar": 0.00128722446971,
        "dvar2": 0.00299583352171,
        "max": 0.447026282549,
        "mean": 0.197631448507,
        "median": 0.193294450641,
        "min": 0.0464302897453,
        "stdev": 0.0692436993122,
        "var": 0.00479469029233
    },
    "barkbands_kurtosis": {
        "dmean": 13.5088224411,
        "dmean2": 19.3665676117,
        "dvar": 634.483703613,
        "dvar2": 1228.34643555,
        "max": 464.004180908,
        "mean": 23.1231822968,
        "median": 12.524389267,
        "min": -1.71051311493,
        "stdev": 35.7168121338,
        "var": 1275.69055176
    },
    "barkbands_skewness": {
        "dmean": 1.06486058235,
        "dmean2": 1.48357915878,
        "dvar": 1.53264927864,
        "dvar2": 2.79188418388,
        "max": 18.4016551971,
        "mean": 3.52416324615,
        "median": 2.96888160706,
        "min": -1.80950772762,
        "stdev": 2.34525680542,
        "var": 5.50022983551
    },
    "barkbands_spread": {
        "dmean": 6.32383680344,
        "dmean2": 9.55451393127,
        "dvar": 57.403087616,
        "dvar2": 140.221008301,
        "max": 84.1768112183,
        "mean": 14.8039064407,
        "median": 10.7953414917,
        "min": 0.347208410501,
        "stdev": 13.0184240341,
        "var": 169.479354858
    },
    "dissonance": {
        "dmean": 0.0215363837779,
        "dmean2": 0.0352456979454,
        "dvar": 0.000656182295643,
        "dvar2": 0.00171900051646,
        "max": 0.49990978837,
        "mean": 0.452496945858,
        "median": 0.457739979029,
        "min": 0.01179123763,
        "stdev": 0.0346516706049,
        "var": 0.00120073824655
    },
    "dynamic_complexity": 2.2812128067,
    "erbbands_crest": {
        "dmean": 3.17335581779,
        "dmean2": 4.90866327286,
        "dvar": 8.89935970306,
        "dvar2": 20.9171276093,
        "max": 28.386636734,
        "mean": 11.1457204819,
        "median": 10.0308818817,
        "min": 2.57735538483,
        "stdev": 5.57502794266,
        "var": 31.0809383392
    },
    "erbbands_flatness_db": {
        "dmean": 0.0197958275676,
        "dmean2": 0.0298401378095,
        "dvar": 0.000408048101235,
        "dvar2": 0.000999328214675,
        "max": 0.269561588764,
        "mean": 0.131645262241,
        "median": 0.12944984436,
        "min": 0.0550049208105,
        "stdev": 0.0349869951606,
        "var": 0.00122408976313
    },
    "erbbands_kurtosis": {
        "dmean": 1.72031140327,
        "dmean2": 2.55757570267,
        "dvar": 7.00976419449,
        "dvar2": 16.8754692078,
        "max": 36.4753074646,
        "mean": 1.52940237522,
        "median": 0.18480682373,
        "min": -1.77593970299,
        "stdev": 3.88610100746,
        "var": 15.1017818451
    },
    "erbbands_skewness": {
        "dmean": 0.516706705093,
        "dmean2": 0.742667138577,
        "dvar": 0.255863428116,
        "dvar2": 0.576010286808,
        "max": 5.443359375,
        "mean": 0.828451573849,
        "median": 0.686309933662,
        "min": -2.10338902473,
        "stdev": 1.05035173893,
        "var": 1.10323882103
    },
    "erbbands_spread": {
        "dmean": 15.5442886353,
        "dmean2": 21.7925682068,
        "dvar": 238.203918457,
        "dvar2": 505.251983643,
        "max": 144.696762085,
        "mean": 51.6484565735,
        "median": 47.3725128174,
        "min": 6.7330288887,
        "stdev": 26.1722755432,
        "var": 684.987976074
    },
    "hfc": {
        "dmean": 9.80065536499,
        "dmean2": 14.6923141479,
        "dvar": 211.083007812,
        "dvar2": 512.030822754,
        "max": 88.8532714844,
        "mean": 18.1005573273,
        "median": 12.103053093,
        "min": 1.20497954164e-16,
        "stdev": 16.3289413452,
        "var": 266.634307861
    },
    "loudness_ebu128": {
        "integrated": -8.84016036987,
        "loudness_range": 0.554769515991,
        "momentary": {
            "dmean": 0.504636406898,
            "dmean2": 0.87709236145,
            "dvar": 0.124294616282,
            "dvar2": 0.344342648983,
            "max": -7.09083461761,
            "mean": -8.9019947052,
            "median": -8.88149261475,
            "min": -11.1133499146,
            "stdev": 0.736482918262,
            "var": 0.542407095432
        },
        "short_term": {
            "dmean": 0.058654550463,
            "dmean2": 0.0712960362434,
            "dvar": 0.00180138787255,
            "dvar2": 0.00246122921817,
            "max": -8.39389801025,
            "mean": -8.82857894897,
            "median": -8.8187084198,
            "min": -9.74401664734,
            "stdev": 0.235714003444,
            "var": 0.0555610880256
        }
    },
    "melbands_crest": {
        "dmean": 3.65688800812,
        "dmean2": 5.60476589203,
        "dvar": 13.9708938599,
        "dvar2": 30.013551712,
        "max": 37.9022636414,
        "mean": 21.4805850983,
        "median": 20.6887836456,
        "min": 1.58184540272,
        "stdev": 6.76654100418,
        "var": 45.786075592
    },
    "melbands_flatness_db": {
        "dmean": 0.042120911181,
        "dmean2": 0.0585470981896,
        "dvar": 0.00166704342701,
        "dvar2": 0.0038949768059,
        "max": 0.565827012062,
        "mean": 0.282005667686,
        "median": 0.282058626413,
        "min": 0.00453412858769,
        "stdev": 0.0870686396956,
        "var": 0.00758094759658
    },
    "melbands_kurtosis": {
        "dmean": 31.8711509705,
        "dmean2": 45.1051254272,
        "dvar": 3155.24487305,
        "dvar2": 5590.55175781,
        "max": 977.784057617,
        "mean": 56.9347038269,
        "median": 26.2825546265,
        "min": -1.47177243233,
        "stdev": 86.0465240479,
        "var": 7404.00390625
    },
    "melbands_skewness": {
        "dmean": 1.50837051868,
        "dmean2": 2.04606223106,
        "dvar": 3.03242611885,
        "dvar2": 5.66497707367,
        "max": 26.1213111877,
        "mean": 5.03234195709,
        "median": 3.87494921684,
        "min": -0.259602665901,
        "stdev": 3.40064072609,
        "var": 11.5643577576
    },
    "melbands_spread": {
        "dmean": 4.9512834549,
        "dmean2": 7.30895376205,
        "dvar": 75.4998321533,
        "dvar2": 134.801757812,
        "max": 159.508499146,
        "mean": 11.7780246735,
        "median": 6.8828163147,
        "min": 0.345479547977,
        "stdev": 15.3636779785,
        "var": 236.042602539
    },
    "pitch_salience": {
        "dmean": 0.0808372274041,
        "dmean2": 0.122090384364,
        "dvar": 0.00789478886873,
        "dvar2": 0.0160277970135,
        "max": 0.802264511585,
        "mean": 0.393977344036,
        "median": 0.416505157948,
        "min": 0.0550014078617,
        "stdev": 0.145623996854,
        "var": 0.0212063472718
    },
    "silence_rate_20dB": {
        "dmean": 0,
        "dmean2": 0,
        "dvar": 0,
        "dvar2": 0,
        "max": 1,
        "mean": 1,
        "median": 1,
        "min": 1,
        "stdev": 0,
        "var": 0
    },
    "silence_rate_30dB": {
        "dmean": 0.0990712046623,
        "dmean2": 0.198295891285,
        "dvar": 0.0892548188567,
        "dvar2": 0.180663913488,
        "max": 1,
        "mean": 0.911832928658,
        "median": 1,
        "min": 0,
        "stdev": 0.283538818359,
        "var": 0.0803942605853
    },
    "silence_rate_60dB": {
        "dmean": 0.000773993786424,
        "dmean2": 0.00154918665066,
        "dvar": 0.000773391744588,
        "dvar2": 0.00154677091632,
        "max": 1,
        "mean": 0.00154679035768,
        "median": 0,
        "min": 0,
        "stdev": 0.0392987206578,
        "var": 0.00154438940808
    },
    "spectral_centroid": {
        "dmean": 302.71194458,
        "dmean2": 446.554901123,
        "dvar": 179798.046875,
        "dvar2": 330813.65625,
        "max": 10668.0800781,
        "mean": 1035.83203125,
        "median": 846.424682617,
        "min": 142.840759277,
        "stdev": 728.558349609,
        "var": 530797.3125
    },
    "spectral_complexity": {
        "dmean": 4.26470565796,
        "dmean2": 6.46320676804,
        "dvar": 27.7813796997,
        "dvar2": 55.5097122192,
        "max": 49,
        "mean": 12.6078882217,
        "median": 10,
        "min": 0,
        "stdev": 8.11852645874,
        "var": 65.9104766846
    },
    "spectral_decrease": {
        "dmean": 4.98338437183e-09,
        "dmean2": 8.17113932072e-09,
        "dvar": 6.50171240656e-17,
        "dvar2": 1.6998683349e-16,
        "max": 7.35692298914e-29,
        "mean": -1.39412978939e-08,
        "median": -1.36647333449e-08,
        "min": -5.88800830315e-08,
        "stdev": 9.1236840305e-09,
        "var": 8.3241607026e-17
    },
    "spectral_energy": {
        "dmean": 0.0194446668029,
        "dmean2": 0.0317000634968,
        "dvar": 0.000964203849435,
        "dvar2": 0.00251277023926,
        "max": 0.225373953581,
        "mean": 0.0542594753206,
        "median": 0.053099386394,
        "min": 1.06518551639e-20,
        "stdev": 0.0351087003946,
        "var": 0.00123262079433
    },
    "spectral_energyband_high": {
        "dmean": 0.000793285667896,
        "dmean2": 0.00122156739235,
        "dvar": 1.84877967513e-06,
        "dvar2": 4.63828655484e-06,
        "max": 0.00789223145694,
        "mean": 0.00098769471515,
        "median": 0.000336551922373,
        "min": 7.60017343443e-21,
        "stdev": 0.00144602451473,
        "var": 2.09098698178e-06
    },
    "spectral_energyband_low": {
        "dmean": 0.0140906618908,
        "dmean2": 0.0227828361094,
        "dvar": 0.000625854416285,
        "dvar2": 0.00168304238468,
        "max": 0.1929448843,
        "mean": 0.0367171429098,
        "median": 0.0317997597158,
        "min": 3.66672961711e-23,
        "stdev": 0.029843179509,
        "var": 0.000890615396202
    },
    "spectral_energyband_middle_high": {
        "dmean": 0.000981545657851,
        "dmean2": 0.00148728932254,
        "dvar": 2.38561437982e-06,
        "dvar2": 5.48788739252e-06,
        "max": 0.0246205590665,
        "mean": 0.00195668567903,
        "median": 0.0012167339446,
        "min": 1.51919221878e-21,
        "stdev": 0.0021595407743,
        "var": 4.66361598228e-06
    },
    "spectral_energyband_middle_low": {
        "dmean": 0.0103968093172,
        "dmean2": 0.01705509983,
        "dvar": 0.000324771855958,
        "dvar2": 0.000858937448356,
        "max": 0.0957766994834,
        "mean": 0.0170886423439,
        "median": 0.0123349344358,
        "min": 2.95237996915e-22,
        "stdev": 0.0181453879923,
        "var": 0.000329255126417
    },
    "spectral_entropy": {
        "dmean": 0.290661156178,
        "dmean2": 0.418904900551,
        "dvar": 0.0942330881953,
        "dvar2": 0.254627913237,
        "max": 9.78123092651,
        "mean": 7.52785110474,
        "median": 7.61799526215,
        "min": 5.42388677597,
        "stdev": 0.544801533222,
        "var": 0.296808719635
    },
    "spectral_flux": {
        "dmean": 0.0505939871073,
        "dmean2": 0.080934882164,
        "dvar": 0.00414715847,
        "dvar2": 0.00740657979622,
        "max": 0.417752981186,
        "mean": 0.107278436422,
        "median": 0.07841129601,
        "min": 1.03207824231e-10,
        "stdev": 0.0826072022319,
        "var": 0.00682395044714
    },
    "spectral_kurtosis": {
        "dmean": 1.45113706589,
        "dmean2": 2.21532201767,
        "dvar": 3.12167263031,
        "dvar2": 7.31938362122,
        "max": 24.9048461914,
        "mean": 3.39722561836,
        "median": 2.74502897263,
        "min": -1.19937157631,
        "stdev": 2.65676426888,
        "var": 7.05839586258
    },
    "spectral_rms": {
        "dmean": 0.00123305933084,
        "dmean2": 0.00191342853941,
        "dvar": 2.52226141129e-06,
        "dvar2": 5.73416173211e-06,
        "max": 0.0148282507434,
        "mean": 0.00690286140889,
        "median": 0.00719751883298,
        "min": 3.2236708962e-12,
        "stdev": 0.00229926011525,
        "var": 5.28659711563e-06
    },
    "spectral_rolloff": {
        "dmean": 276.530944824,
        "dmean2": 469.394012451,
        "dvar": 596699.125,
        "dvar2": 964622.5625,
        "max": 19379.8828125,
        "mean": 593.121032715,
        "median": 322.998046875,
        "min": 43.06640625,
        "stdev": 1101.54272461,
        "var": 1213396.25
    },
    "spectral_skewness": {
        "dmean": 0.263084799051,
        "dmean2": 0.378337204456,
        "dvar": 0.0773681104183,
        "dvar2": 0.164818495512,
        "max": 4.12043809891,
        "mean": 1.50974750519,
        "median": 1.41536569595,
        "min": 0.035393524915,
        "stdev": 0.517033874989,
        "var": 0.267324000597
    },
    "spectral_spread": {
        "dmean": 912277,
        "dmean2": 1237122.125,
        "dvar": 1.44740161946e+12,
        "dvar2": 2.06166582886e+12,
        "max": 39785972,
        "mean": 5925716,
        "median": 5660039.5,
        "min": 2569303.5,
        "stdev": 1846949,
        "var": 3.41122062746e+12
    },
    "spectral_strongpeak": {
        "dmean": 0.384500831366,
        "dmean2": 0.645797073841,
        "dvar": 0.336386591196,
        "dvar2": 0.734171748161,
        "max": 6.17851638794,
        "mean": 0.637354791164,
        "median": 0.423611551523,
        "min": 0,
        "stdev": 0.656207740307,
        "var": 0.43060863018
    },
    "zerocrossingrate": {
        "dmean": 0.0116159543395,
        "dmean2": 0.0134941115975,
        "dvar": 0.000302266358631,
        "dvar2": 0.000339724327205,
        "max": 0.50341796875,
        "mean": 0.0381822325289,
        "median": 0.02978515625,
        "min": 0.00244140625,
        "stdev": 0.0336964949965,
        "var": 0.00113545369823
    },
    "barkbands": {
        "dmean": [0.00119360629469, 0.00905151199549, 0.00908355135471, 0.00487281940877, 0.00212990492582, 0.00382057554089, 0.000781393435318, 0.000463102158392, 0.000422580924351, 0.000190167804249, 0.000160981755471, 0.000213485851418, 0.000123902616906, 0.000191019062186, 0.000129880718305, 0.000102319019788, 8.90452429303e-05, 9.20218008105e-05, 7.82942588557e-05, 0.000109960143163, 0.000137974042445, 0.000160904208315, 0.000175965440576, 0.000132829882205, 0.000122976809507, 5.99807826802e-05, 1.80173651643e-06],
        "dmean2": [0.00205062050372, 0.0128171285614, 0.0162212457508, 0.00904686469585, 0.00357494084165, 0.00505465967581, 0.00138710613828, 0.000750620558392, 0.000693443114869, 0.000313563912641, 0.000254298356595, 0.000341659790138, 0.000195410902961, 0.000291770935291, 0.000201069036848, 0.000168875063537, 0.000144853271195, 0.000156542519107, 0.0001248648623, 0.000176734043634, 0.000220022644498, 0.000257658393821, 0.000279514148133, 0.00020335863519, 0.000194297273993, 9.62601261563e-05, 3.04761783809e-06],
        "dvar": [3.02726039081e-06, 0.000133692985401, 0.000558404368348, 0.000158562499564, 1.65140409081e-05, 5.19423920196e-05, 2.63635661213e-06, 8.30835517718e-07, 5.41310726021e-07, 2.37145172832e-07, 1.61199238846e-07, 1.30078930738e-07, 9.24015495229e-08, 2.06968394423e-07, 6.91040540346e-08, 3.67985180105e-08, 2.70240914091e-08, 2.89542008147e-08, 1.69551626072e-08, 2.97620026402e-08, 5.50883854089e-08, 8.889291081e-08, 1.0021516772e-07, 5.0000959817e-08, 5.73691743e-08, 1.37584681426e-08, 1.64490938231e-11],
        "dvar2": [8.47965202411e-06, 0.000278625520878, 0.00152912980411, 0.000455131928902, 4.59246984974e-05, 0.000102286721813, 6.98935582477e-06, 1.53053542817e-06, 1.29870556975e-06, 6.56871407045e-07, 3.37357846547e-07, 3.16121287369e-07, 2.10968195802e-07, 3.92157005535e-07, 1.37519762688e-07, 9.76615126547e-08, 6.92433133054e-08, 7.8443321172e-08, 4.11507627973e-08, 7.22319342117e-08, 1.36993691058e-07, 2.26619647492e-07, 2.53251613458e-07, 1.1952667478e-07, 1.47377406279e-07, 3.46143949059e-08, 4.11504025299e-11],
        "max": [0.014587379992, 0.0838423892856, 0.130972236395, 0.0735415965319, 0.0343433171511, 0.0490854904056, 0.016324846074, 0.0193905681372, 0.0114311715588, 0.0070909098722, 0.00859909970313, 0.00402710679919, 0.00730044115335, 0.00984496623278, 0.00483341608196, 0.00188791868277, 0.00226385658607, 0.0013844819041, 0.0025950325653, 0.00196201587096, 0.00227861874737, 0.00203189905733, 0.00208380073309, 0.00154263537843, 0.00172044814099, 0.000743980344851, 3.09771676257e-05],
        "mean": [0.00160119170323, 0.025698883459, 0.00695280218497, 0.00460260407999, 0.00267289951444, 0.00781388301402, 0.000793561921455, 0.000632412265986, 0.000528982374817, 0.000220656031161, 0.000219639376155, 0.000304242334096, 0.000163181539392, 0.000275292288279, 0.000194011256099, 0.000134729561978, 0.000128904910525, 0.000122657773318, 0.000124454658362, 0.000159510731464, 0.00018714730686, 0.000184600547072, 0.000193816100364, 0.000159808667377, 0.000129427717184, 5.86440146435e-05, 1.53426424276e-06],
        "median": [0.00103108247276, 0.0227467287332, 0.00188410957344, 0.00154235877562, 0.00140111893415, 0.00278469268233, 0.000143405952258, 0.000199622139917, 0.000188646517927, 7.36363072065e-05, 7.10233434802e-05, 0.00012213595619, 5.2451981901e-05, 0.000102106598206, 7.16292706784e-05, 6.38348647044e-05, 5.37581145181e-05, 5.49488977413e-05, 6.42212835373e-05, 7.25912686903e-05, 5.44169815839e-05, 4.89067133458e-05, 5.9346028138e-05, 4.57172791357e-05, 3.5714074329e-05, 1.47448636199e-05, 7.15460259926e-08],
        "min": [4.57641600845e-24, 2.1390916389e-23, 8.67634425292e-24, 1.96038308944e-23, 2.63782086278e-23, 4.6418658256e-23, 7.34432279551e-23, 4.15463693154e-23, 6.03372695806e-23, 1.24983272182e-22, 7.94826460713e-23, 8.63425931249e-23, 1.27017965338e-22, 9.9131625053e-23, 3.74371108186e-23, 1.73514171776e-22, 1.49476355682e-22, 2.95851440399e-22, 2.45473318866e-22, 3.41805049374e-22, 2.38714964475e-22, 5.11541334721e-22, 8.78954323691e-22, 6.85023787977e-22, 1.18553581226e-21, 1.83866619365e-21, 2.26857978648e-21],
        "stdev": [0.00193807750475, 0.017689999193, 0.0193111374974, 0.0098618157208, 0.00374787207693, 0.0106323640794, 0.0017852805322, 0.001437633764, 0.00090025481768, 0.000473825348308, 0.000494931184221, 0.000467518722871, 0.000343613675795, 0.000624250096735, 0.000374864641344, 0.000197839472094, 0.000202321069082, 0.000181207549758, 0.000171317646164, 0.000215675972868, 0.000292579672532, 0.000309302442474, 0.000316366204061, 0.000239368324401, 0.000230109784752, 0.000110885659524, 3.75851004719e-06],
        "var": [3.7561442241e-06, 0.000312936084811, 0.000372920039808, 9.72554043983e-05, 1.40465454024e-05, 0.000113047171908, 3.18722641168e-06, 2.06679078474e-06, 8.10458686828e-07, 2.24510458224e-07, 2.44956879669e-07, 2.18573745769e-07, 1.18070367705e-07, 3.89688182167e-07, 1.40523496839e-07, 3.91404562095e-08, 4.09338127838e-08, 3.28361764446e-08, 2.93497350867e-08, 4.65161242857e-08, 8.56028634644e-08, 9.56679926389e-08, 1.00087568455e-07, 5.72971927681e-08, 5.29505150837e-08, 1.22956294035e-08, 1.41263971007e-11]
    },
    "erbbands": {
        "dmean": [0.42224034667, 1.77135264874, 7.39740133286, 16.6335334778, 11.4458026886, 5.23820734024, 18.5279140472, 30.9110240936, 13.5889186859, 11.267244339, 12.1548805237, 8.02206325531, 5.74676656723, 7.1591591835, 5.33092975616, 7.59283065796, 6.15469837189, 9.27992534637, 5.99048089981, 6.28226041794, 6.07404184341, 5.31285715103, 4.63235855103, 4.23946380615, 4.68772506714, 5.00844764709, 5.3194103241, 5.17580413818, 5.31698417664, 6.21149587631, 4.89504098892, 3.51641869545, 1.90531826019, 1.50421059132, 0.785986721516, 0.381982088089, 0.0775602608919, 0.00895712524652, 0.000233665705309, 2.90145508188e-05],
        "dmean2": [0.689928948879, 2.0899438858, 12.8587427139, 30.5943183899, 20.411315918, 8.75997257233, 25.0107040405, 41.9233207703, 21.2614402771, 19.3415622711, 19.7295360565, 13.6410255432, 9.57242488861, 11.8411436081, 8.59065818787, 12.2545700073, 9.39630794525, 14.1969614029, 8.94561767578, 9.72009181976, 9.95496940613, 8.59555149078, 7.7934088707, 6.96406078339, 7.36082267761, 8.09078216553, 8.55937290192, 8.2292470932, 8.43368434906, 10.1631526947, 7.72083234787, 5.48651361465, 2.89486598969, 2.38497519493, 1.24280536175, 0.621903419495, 0.122117877007, 0.0141521915793, 0.000370040128473, 4.53348766314e-05],
        "dvar": [0.278627902269, 4.57637691498, 326.416168213, 1921.95935059, 617.198425293, 123.851730347, 2043.84863281, 4490.609375, 666.669921875, 534.873962402, 517.775512695, 207.479248047, 200.261062622, 345.542053223, 81.8579330444, 175.223220825, 234.597839355, 525.684326172, 153.941726685, 167.563705444, 143.961639404, 98.0508117676, 66.2309417725, 64.2237319946, 64.525642395, 62.7068557739, 91.1798019409, 76.3724441528, 87.7328414917, 145.309585571, 76.0196914673, 38.0755386353, 9.74732017517, 8.08613777161, 2.48466658592, 0.595199227333, 0.0216675195843, 0.000268180825515, 2.05521473617e-07, 1.72829461853e-09],
        "dvar2": [0.833677709103, 6.10050439835, 891.31072998, 5409.19873047, 1747.78076172, 345.149749756, 3939.9074707, 8810.01660156, 1553.05847168, 1425.67248535, 1053.54455566, 522.250610352, 552.566162109, 701.171875, 202.154937744, 434.213195801, 517.522216797, 987.797363281, 314.805114746, 368.294219971, 382.18371582, 247.994766235, 175.466720581, 170.517852783, 153.458587646, 154.109115601, 234.956695557, 186.068023682, 217.656082153, 383.280303955, 190.293426514, 94.3750457764, 22.9207668304, 20.7210254669, 6.37237215042, 1.51379239559, 0.0533965528011, 0.000632577750366, 5.03118940287e-07, 4.22610302309e-09],
        "max": [2.8269534111, 17.600271225, 107.009132385, 226.546142578, 158.568710327, 102.003639221, 410.086791992, 584.579345703, 231.815261841, 210.860458374, 390.602386475, 175.021942139, 225.713027954, 393.520568848, 85.9890136719, 148.314651489, 396.085418701, 560.72265625, 263.609405518, 262.175872803, 127.150436401, 158.938415527, 66.6714553833, 84.80809021, 183.347946167, 96.3443450928, 92.6187057495, 91.8599853516, 75.514251709, 81.5881271362, 57.1455802917, 40.586139679, 19.1381168365, 20.69947052, 11.6035737991, 5.26862335205, 0.994119048119, 0.097321934998, 0.00323748216033, 0.000291328935418],
        "mean": [0.992264091969, 4.85920810699, 6.93558454514, 14.0138225555, 13.6025295258, 6.15473604202, 38.6946372986, 60.1361656189, 20.3598575592, 13.3844451904, 16.8691596985, 9.7780380249, 7.30116319656, 9.24894618988, 7.93739557266, 10.8952302933, 8.80242443085, 13.4096307755, 9.65129566193, 9.4545211792, 8.16413021088, 7.87562894821, 6.55301237106, 6.18729162216, 7.58769178391, 7.25468063354, 7.3007979393, 6.99364614487, 6.50479841232, 6.49795389175, 5.41964483261, 4.03995084763, 2.29147696495, 1.61160552502, 0.809007465839, 0.361905694008, 0.0813066139817, 0.00926588755101, 0.000255738239503, 7.09436426405e-05],
        "median": [0.940671980381, 4.1224770546, 2.97745966911, 4.43299818039, 5.59985208511, 3.57562494278, 7.59208393097, 17.1259365082, 4.63223648071, 3.7875430584, 5.74926519394, 3.75742602348, 2.76369333267, 3.60397195816, 3.28212094307, 4.53361606598, 3.21162056923, 4.73149633408, 3.87966871262, 4.30292081833, 3.90259885788, 3.37439608574, 3.08945894241, 2.96477627754, 3.79970693588, 3.4047806263, 2.63033223152, 1.88366758823, 1.77593290806, 1.77114880085, 1.63216626644, 1.11125516891, 0.687888324261, 0.424752801657, 0.227973505855, 0.0909129753709, 0.0220988318324, 0.00191161315888, 6.98000294506e-05, 6.37256380287e-05],
        "min": [1.74874748578e-22, 6.06075194428e-21, 1.57766591113e-20, 2.8185739933e-20, 7.59724938328e-20, 6.88738042993e-20, 3.6826587519e-19, 2.87377123859e-19, 9.54447106083e-19, 8.83161301278e-19, 1.02485196353e-18, 1.07071189067e-18, 2.87628214534e-18, 3.67360960279e-18, 4.26486961925e-18, 3.8741640918e-18, 5.82688440077e-18, 4.53357386456e-18, 3.17749603629e-18, 4.20462440088e-18, 1.05210500046e-17, 9.22646354228e-18, 1.79630856151e-17, 1.1612900289e-17, 1.23602273668e-17, 1.36929220399e-17, 1.34651380059e-17, 1.15013922065e-17, 2.02900737184e-17, 2.4006483714e-17, 2.38450246759e-17, 1.44320103988e-17, 1.16810665889e-17, 1.39761528175e-17, 8.2333571163e-18, 6.74631095446e-18, 3.06360029698e-18, 1.50920343531e-18, 2.72579974225e-19, 3.42683770245e-20],
        "stdev": [0.650282561779, 3.93869781494, 15.5722694397, 34.4769325256, 21.8685894012, 9.71608448029, 72.2580871582, 97.9656219482, 33.9106216431, 24.7884178162, 33.4327163696, 16.05727005, 14.6508464813, 22.2100830078, 11.5774927139, 16.8045578003, 17.7874088287, 29.9925079346, 18.6342945099, 16.500995636, 12.1841487885, 12.3401489258, 9.05646419525, 8.61557197571, 11.0760374069, 9.67079353333, 11.2914247513, 11.0432157516, 10.4408569336, 11.4766817093, 8.72820472717, 6.33616781235, 3.40164351463, 2.77294421196, 1.49752008915, 0.714662969112, 0.14532533288, 0.016753597185, 0.000444878474809, 4.70600025437e-05],
        "var": [0.422867387533, 15.51334095, 242.495574951, 1188.65881348, 478.235168457, 94.402305603, 5221.23144531, 9597.26367188, 1149.93029785, 614.465637207, 1117.74645996, 257.835906982, 214.64730835, 493.287750244, 134.038330078, 282.393188477, 316.391906738, 899.550476074, 347.236938477, 272.282836914, 148.453475952, 152.279266357, 82.0195388794, 74.2280731201, 122.678604126, 93.5242462158, 127.496276855, 121.952613831, 109.011489868, 131.714233398, 76.1815567017, 40.1470222473, 11.57117939, 7.68921899796, 2.24256634712, 0.510743200779, 0.0211194530129, 0.000280683016172, 1.97916847355e-07, 2.21464380168e-09]
    },
    "gfcc": {
        "mean": [0.748549342155, 85.2975006104, -78.9162521362, 48.8487625122, -52.4464378357, 28.4454421997, -34.6459312439, 15.20723629, -16.7185020447, 14.5517253876, -8.18337345123, 6.8974852562, -6.41520500183],
        "cov": [[4756.34570312, -603.696655273, -83.886177063, 233.868515015, -566.067993164, -214.3878479, -457.640197754, -186.656387329, -367.179443359, 16.2326278687, -175.560287476, 115.841293335, -127.75377655], [-603.696655273, 1149.25463867, 319.943847656, -85.782913208, 229.726654053, -34.8618927002, 67.3798828125, -111.579177856, 61.054977417, -63.6504631042, 71.5336303711, -89.3522644043, 6.71378040314], [-83.886177063, 319.943847656, 951.49041748, 220.319534302, 38.5063667297, -29.1670913696, -145.122406006, -174.577163696, -91.3511352539, -72.2113037109, -49.0929794312, 16.8970413208, -35.7180480957], [233.868515015, -85.782913208, 220.319534302, 324.634857178, 51.1977806091, -34.7520484924, -58.2907295227, -43.6185684204, -22.7279243469, -48.8240394592, -25.2527599335, -2.42270421982, 26.7584171295], [-566.067993164, 229.726654053, 38.5063667297, 51.1977806091, 380.082244873, 131.630218506, 148.783584595, 50.2817306519, 56.0034637451, -53.2496299744, 9.07679653168, -63.4262542725, -13.5397262573], [-214.3878479, -34.8618927002, -29.1670913696, -34.7520484924, 131.630218506, 220.165344238, 147.899917603, 48.6584281921, 28.0244693756, 7.4931397438, 5.40406894684, -53.7309417725, -39.356628418], [-457.640197754, 67.3798828125, -145.122406006, -58.2907295227, 148.783584595, 147.899917603, 241.191467285, 106.823852539, 64.1749343872, -11.5984344482, 21.7254161835, -62.77942276, -12.5392827988], [-186.656387329, -111.579177856, -174.577163696, -43.6185684204, 50.2817306519, 48.6584281921, 106.823852539, 163.945632935, 75.4619445801, 4.29954099655, -0.137965559959, -2.80406188965, 4.78646707535], [-367.179443359, 61.054977417, -91.3511352539, -22.7279243469, 56.0034637451, 28.0244693756, 64.1749343872, 75.4619445801, 135.727264404, 39.9977493286, 24.2406921387, -30.6920986176, 22.9471492767], [16.2326278687, -63.6504631042, -72.2113037109, -48.8240394592, -53.2496299744, 7.4931397438, -11.5984344482, 4.29954099655, 39.9977493286, 103.90196991, 51.0717506409, 17.4514560699, 7.9599366188], [-175.560287476, 71.5336303711, -49.0929794312, -25.2527599335, 9.07679653168, 5.40406894684, 21.7254161835, -0.137965559959, 24.2406921387, 51.0717506409, 91.6222229004, 32.9292411804, 21.220035553], [115.841293335, -89.3522644043, 16.8970413208, -2.42270421982, -63.4262542725, -53.7309417725, -62.77942276, -2.80406188965, -30.6920986176, 17.4514560699, 32.9292411804, 117.336738586, 40.0989608765], [-127.75377655, 6.71378040314, -35.7180480957, 26.7584171295, -13.5397262573, -39.356628418, -12.5392827988, 4.78646707535, 22.9471492767, 7.9599366188, 21.220035553, 40.0989608765, 87.8318099976]],
        "icov": [[0.000562793982681, -0.000643873703666, 0.000706852413714, -0.00127485557459, 0.000740704243071, -0.000691663881298, 0.000740580901038, -0.00062684569275, 0.00157941679936, -0.00152349635027, 0.00191649945918, -0.0010232811328, 0.00121737946756], [-0.000643873703666, 0.00350336846896, -0.00209538149647, 0.00380472186953, -0.00220177369192, 0.00303152832203, -0.00172281451523, 0.00307757570408, -0.00379941868596, 0.0049475422129, -0.00618291320279, 0.00383261498064, -0.00232196273282], [0.000706852413714, -0.00209538149647, 0.00322519126348, -0.00357060949318, 0.0013265524758, -0.00235689827241, 0.00166944274679, 5.8877725678e-05, 0.00199502403848, -0.00256447377615, 0.00488596921787, -0.00388687988743, 0.0032764680218], [-0.00127485557459, 0.00380472186953, -0.00357060949318, 0.00923767499626, -0.00358548643999, 0.003479357576, -0.000926669046748, 0.00266980426386, -0.00461323745549, 0.00724417250603, -0.00803087931126, 0.00609627133235, -0.00597713934258], [0.000740704243071, -0.00220177369192, 0.0013265524758, -0.00358548643999, 0.00647525396198, -0.00397428916767, 0.000305400812067, -0.00173200457357, 0.000913171097636, 0.000210087469895, 0.00222131819464, -0.00210676854476, 0.00240035890602], [-0.000691663881298, 0.00303152832203, -0.00235689827241, 0.003479357576, -0.00397428916767, 0.0127261169255, -0.0078991940245, 0.00326012796722, -0.00202029640786, -0.0003259924124, -0.00298027531244, 0.00316688977182, 0.000359749392373], [0.000740580901038, -0.00172281451523, 0.00166944274679, -0.000926669046748, 0.000305400812067, -0.0078991940245, 0.0156918875873, -0.00841869600117, 0.00368582340889, 0.0019157032948, -0.00328545854427, 0.0043694418855, -0.000960998935625], [-0.00062684569275, 0.00307757570408, 5.8877725678e-05, 0.00266980426386, -0.00173200457357, 0.00326012796722, -0.00841869600117, 0.0186752192676, -0.0123201915994, 0.00554007571191, 0.000830310280435, -0.00547341443598, 0.00205275136977], [0.00157941679936, -0.00379941868596, 0.00199502403848, -0.00461323745549, 0.000913171097636, -0.00202029640786, 0.00368582340889, -0.0123201915994, 0.0236390996724, -0.0142435999587, 0.00582227203995, 0.00407487712801, -0.00291458098218], [-0.00152349635027, 0.0049475422129, -0.00256447377615, 0.00724417250603, 0.000210087469895, -0.0003259924124, 0.0019157032948, 0.00554007571191, -0.0142435999587, 0.0295677613467, -0.0207105595618, 0.00542758964002, -0.0024187178351], [0.00191649945918, -0.00618291320279, 0.00488596921787, -0.00803087931126, 0.00222131819464, -0.00298027531244, -0.00328545854427, 0.000830310280435, 0.00582227203995, -0.0207105595618, 0.0352154485881, -0.0165639407933, 0.00559645192698], [-0.0010232811328, 0.00383261498064, -0.00388687988743, 0.00609627133235, -0.00210676854476, 0.00316688977182, 0.0043694418855, -0.00547341443598, 0.00407487712801, 0.00542758964002, -0.0165639407933, 0.0246703308076, -0.0120206335559], [0.00121737946756, -0.00232196273282, 0.0032764680218, -0.00597713934258, 0.00240035890602, 0.000359749392373, -0.000960998935625, 0.00205275136977, -0.00291458098218, -0.0024187178351, 0.00559645192698, -0.0120206335559, 0.0218856595457]]
    },
    "melbands": {
        "dmean": [0.00303617841564, 0.00295115541667, 0.00263577559963, 0.000534834573045, 0.000502424314618, 0.00067874987144, 0.000212070517591, 0.00011660560267, 0.000103361257061, 4.82335271954e-05, 2.92245676974e-05, 2.94704768748e-05, 1.94875901798e-05, 1.99239966605e-05, 2.13994171645e-05, 1.29672107505e-05, 1.85596145457e-05, 1.01411069409e-05, 1.17505887829e-05, 6.46716807751e-06, 7.2127659223e-06, 5.96379823037e-06, 3.77317405764e-06, 5.1301253734e-06, 3.41949862559e-06, 3.31156002176e-06, 4.14031865148e-06, 3.1901154216e-06, 3.47960531144e-06, 3.35755225933e-06, 2.99137286675e-06, 2.85964733848e-06, 3.77820765607e-06, 3.36227594744e-06, 2.84745874524e-06, 2.7827913982e-06, 1.94424933397e-06, 1.23426400478e-06, 1.55425914272e-06, 1.16735748179e-06],
        "dmean2": [0.00471815606579, 0.00485364440829, 0.00480812927708, 0.000917789817322, 0.000703041383531, 0.000914055563044, 0.000336343015078, 0.000197344474145, 0.000168373502675, 8.22083093226e-05, 4.86473509227e-05, 4.88819314342e-05, 3.08956259687e-05, 3.20806902891e-05, 3.3493131923e-05, 2.02628489205e-05, 2.84194757114e-05, 1.52375105245e-05, 1.81131526915e-05, 1.05649614852e-05, 1.19302276289e-05, 9.73037640506e-06, 6.20969694864e-06, 8.79122308106e-06, 5.67066672374e-06, 5.21845640833e-06, 6.72382157063e-06, 5.226495432e-06, 5.6339904404e-06, 5.61171646041e-06, 4.74692751595e-06, 4.56759289591e-06, 6.24486392553e-06, 5.49125479665e-06, 4.54483051726e-06, 4.43285352958e-06, 3.04803847939e-06, 1.87893931525e-06, 2.50541756941e-06, 1.86771615063e-06],
        "dvar": [1.51213444042e-05, 3.94198468712e-05, 4.51498381153e-05, 1.21436119116e-06, 1.42824399063e-06, 1.91671961147e-06, 1.5537723641e-07, 5.38068931633e-08, 3.79976690112e-08, 7.17466352995e-09, 5.46433476245e-09, 5.49161605079e-09, 1.29966093443e-09, 1.31257438252e-09, 1.66684488434e-09, 8.75399641664e-10, 2.54512255715e-09, 6.76569966718e-10, 6.00786087546e-10, 1.30712746182e-10, 2.29395183404e-10, 1.35171610016e-10, 3.6338088788e-11, 1.04804866174e-10, 4.30627235259e-11, 3.15965829889e-11, 4.37356609262e-11, 2.86812726347e-11, 4.35581640201e-11, 3.46294382059e-11, 2.61251680012e-11, 2.47631099654e-11, 5.67697208687e-11, 4.10967128384e-11, 2.63294334252e-11, 2.59731333663e-11, 1.12551218345e-11, 3.84195496597e-12, 8.59081555893e-12, 4.87118982304e-12],
        "dvar2": [3.75677591364e-05, 0.000108966516564, 0.000126772778458, 3.4007521208e-06, 2.78826519207e-06, 3.78146000912e-06, 3.69131072375e-07, 1.36376101523e-07, 8.00217776487e-08, 1.8317443562e-08, 1.50841916735e-08, 1.16329355038e-08, 3.01742941744e-09, 3.33790572959e-09, 3.40087291661e-09, 1.93987403918e-09, 4.73287808944e-09, 1.38095956892e-09, 1.15412790436e-09, 3.27273430578e-10, 6.20789863959e-10, 3.41304845497e-10, 8.94001608853e-11, 2.89186757874e-10, 1.14710220489e-10, 7.58631282793e-11, 1.04513613042e-10, 7.2520392469e-11, 1.12468138969e-10, 9.15478665098e-11, 6.24290827367e-11, 6.07978181688e-11, 1.50085374684e-10, 1.08489418837e-10, 6.60124663265e-11, 6.62566182474e-11, 2.77502500146e-11, 8.79653988539e-12, 2.16002597753e-11, 1.25179849125e-11],
        "max": [0.0248683113605, 0.0417665205896, 0.035616401583, 0.00942114647478, 0.010931183584, 0.0116430567577, 0.00319201056845, 0.00240044761449, 0.00314591592178, 0.000899605220184, 0.00116621516645, 0.00147115509026, 0.000546553346794, 0.000434563495219, 0.000642860075459, 0.000629791116808, 0.00126917997841, 0.000610609655268, 0.000515381980222, 0.000162844225997, 0.000176592482603, 0.000193310523173, 7.24397832528e-05, 9.34745548875e-05, 6.42668819637e-05, 0.000119101991004, 7.81919443398e-05, 7.48292295611e-05, 6.92294779583e-05, 5.71212076466e-05, 6.02340514888e-05, 5.10086247232e-05, 5.13243576279e-05, 4.20578726334e-05, 3.83749211323e-05, 3.8403479266e-05, 2.45340561378e-05, 1.17595154734e-05, 2.09087429539e-05, 1.70620060089e-05],
        "mean": [0.00808388087898, 0.0044537242502, 0.00241387006827, 0.000630056718364, 0.00102702283766, 0.00134793971665, 0.000304939661874, 0.000140317933983, 0.000141559736221, 5.73466459173e-05, 3.6184941564e-05, 3.72788017557e-05, 2.84469988401e-05, 2.75780384982e-05, 2.86184240395e-05, 1.81723116839e-05, 2.58247146121e-05, 1.48138024088e-05, 1.71585124917e-05, 9.00685336092e-06, 9.05783235794e-06, 8.48165018397e-06, 5.53239260626e-06, 6.39409699943e-06, 4.69570932182e-06, 5.14656539963e-06, 5.95693018113e-06, 4.38759934696e-06, 4.63518335891e-06, 4.24225845563e-06, 3.90618060919e-06, 3.534119287e-06, 3.80700566893e-06, 3.49741776517e-06, 3.10301447826e-06, 2.98569398183e-06, 2.24801146942e-06, 1.52570135015e-06, 1.61562604717e-06, 1.26402244405e-06],
        "median": [0.00754745770246, 0.00292203505524, 0.000895589299034, 0.000286788243102, 0.00019593151228, 0.000429464038461, 5.89235933148e-05, 3.5060904338e-05, 4.61523704871e-05, 1.97499521164e-05, 1.24744065033e-05, 1.44208779602e-05, 1.09087541205e-05, 1.01613040897e-05, 9.91929118754e-06, 6.033941645e-06, 8.89423517947e-06, 5.58273450224e-06, 6.30752492725e-06, 4.37754670202e-06, 4.09186986872e-06, 3.3771091239e-06, 2.58718159785e-06, 2.54588735515e-06, 2.13734438148e-06, 2.6449924917e-06, 2.38931784224e-06, 2.06258232538e-06, 1.74528815933e-06, 1.08639221708e-06, 1.08359813566e-06, 9.84863163467e-07, 9.18029968489e-07, 1.00315776308e-06, 9.96515041152e-07, 7.54682901061e-07, 6.22937193384e-07, 4.70396884111e-07, 3.97003674379e-07, 3.28327701027e-07],
        "min": [3.91739293075e-24, 8.40624537872e-24, 7.34860220815e-24, 4.17897605148e-24, 1.06084918017e-23, 8.56156893551e-24, 1.43374491336e-23, 8.88654965175e-24, 8.53445657506e-24, 7.61686776961e-24, 1.50460497526e-23, 1.56379210458e-23, 1.18000598882e-23, 1.19165501892e-23, 1.33964532474e-23, 1.22390941141e-23, 7.47908453504e-24, 5.5880279619e-24, 3.26070231754e-24, 9.69787968214e-24, 1.25165207173e-23, 9.5459348166e-24, 1.27709717465e-23, 1.41377300628e-23, 9.03628570675e-24, 8.55382705459e-24, 9.00425322084e-24, 9.51269852894e-24, 1.06492396229e-23, 5.17335139416e-24, 6.87714737675e-24, 1.31173069275e-23, 8.1251316397e-24, 1.551301281e-23, 1.36318950955e-23, 9.8199259305e-24, 9.18716797665e-24, 7.40929322189e-24, 8.13548622794e-24, 1.4259284062e-23],
        "stdev": [0.0052913245745, 0.00622695544735, 0.00534460088238, 0.000982030760497, 0.00188801402692, 0.00200973707251, 0.000507952005137, 0.000270677031949, 0.000274844816886, 9.38000739552e-05, 7.61295523262e-05, 8.67972194101e-05, 4.73214422527e-05, 4.51584019174e-05, 5.47031813767e-05, 3.56725795427e-05, 6.48386412649e-05, 3.67618777091e-05, 3.59006880899e-05, 1.2835196685e-05, 1.46618895087e-05, 1.41299478855e-05, 7.55098471927e-06, 1.04985028884e-05, 6.81657684254e-06, 7.55992232371e-06, 8.77637467056e-06, 6.06654248259e-06, 7.5590646702e-06, 6.91637205819e-06, 6.34570142211e-06, 5.76150387133e-06, 7.07395520294e-06, 6.1630471464e-06, 5.06238529852e-06, 5.00470014231e-06, 3.48656271854e-06, 2.20150377572e-06, 2.83596114059e-06, 2.1666428438e-06],
        "var": [2.799811773e-05, 3.87749751098e-05, 2.85647565761e-05, 9.64384526014e-07, 3.5645969092e-06, 4.03904323321e-06, 2.58015234067e-07, 7.32660510039e-08, 7.55396811769e-08, 8.79845440949e-09, 5.79570835768e-09, 7.53375761775e-09, 2.23931895249e-09, 2.03928118836e-09, 2.99243807511e-09, 1.27253285687e-09, 4.20404910884e-09, 1.35143563007e-09, 1.2888594636e-09, 1.64742275377e-10, 2.14971013213e-10, 1.99655431077e-10, 5.70173734615e-11, 1.10218556504e-10, 4.64657201604e-11, 5.71524251536e-11, 7.702475463e-11, 3.6802935699e-11, 5.71394563609e-11, 4.78362037482e-11, 4.02679244116e-11, 3.31949259746e-11, 5.00408429971e-11, 3.79831513464e-11, 2.56277464528e-11, 2.50470217483e-11, 1.21561198607e-11, 4.84661876604e-12, 8.0426750329e-12, 4.69434170355e-12]
    },
    "melbands128": {
