{
"lowlevel": {
    "average_loudness": 0.914526164532,
    "barkbands_crest": {
        "dmean": 3.63640499115,
        "dmean2": 5.77501487732,
        "dvar": 10.3242282867,
        "dvar2": 24.1878547668,
        "max": 26.3516521454,
        "mean": 13.8714427948,
        "median": 13.5228309631,
        "min": 2.6653945446,
        "stdev": 5.07412719727,
        "var": 25.7467651367
    },
    "barkbands_flatness_db": {
        "dmean": 0.041408739984,
        "dmean2": 0.0590326450765,
        "dvar": 0.00175756344106,
        "dvar2": 0.0035776142031,
        "max": 0.517168700695,
        "mean": 0.179691508412,
        "median": 0.163983210921,
        "min": 0.0282311085612,
        "stdev": 0.0775606334209,
        "var": 0.00601565139368
    },
    "barkbands_kurtosis": {
        "dmean": 17.1304283142,
        "dmean2": 24.8907089233,
        "dvar": 1096.08984375,
        "dvar2": 2084.06591797,
        "max": 522.615783691,
        "mean": 23.6603088379,
        "median": 6.4307308197,
        "min": -1.92582666874,
        "stdev": 49.7173805237,
        "var": 2471.81811523
    },
    "barkbands_skewness": {
        "dmean": 1.45536625385,
        "dmean2": 2.08463954926,
        "dvar": 2.65531873703,
        "dvar2": 5.32725811005,
        "max": 21.6439685822,
        "mean": 3.38848185539,
        "median": 2.69261169434,
        "min": -1.92705893517,
        "stdev": 2.88183307648,
        "var": 8.30496120453
    },
    "barkbands_spread": {
        "dmean": 10.5277395248,
        "dmean2": 15.6137094498,
        "dvar": 122.14225769,
        "dvar2": 235.285369873,
        "max": 86.350944519,
        "mean": 24.4822769165,
        "median": 20.1080741882,
        "min": 0.231852397323,
        "stdev": 19.4315452576,
        "var": 377.58493042
    },
    "dissonance": {
        "dmean": 0.0211536455899,
        "dmean2": 0.0338257551193,
        "dvar": 0.000488186866278,
        "dvar2": 0.00122929143254,
        "max": 0.5,
        "mean": 0.455885231495,
        "median": 0.469169169664,
        "min": 0.265959024429,
        "stdev": 0.0388797260821,
        "var": 0.00151163316332
    },
    "dynamic_complexity": 5.9993314743,
    "erbbands_crest": {
        "dmean": 3.42514371872,
        "dmean2": 5.47836065292,
        "dvar": 11.2696685791,
        "dvar2": 28.5098133087,
        "max": 27.5190105438,
        "mean": 10.0827560425,
        "median": 9.04968738556,
        "min": 2.58882331848,
        "stdev": 4.96389007568,
        "var": 24.6402053833
    },
    "erbbands_flatness_db": {
        "dmean": 0.0249477513134,
        "dmean2": 0.0345955789089,
        "dvar": 0.000610481540207,
        "dvar2": 0.00104216113687,
        "max": 0.424381285906,
        "mean": 0.157972082496,
        "median": 0.148756027222,
        "min": 0.0504638291895,
        "stdev": 0.0542457513511,
        "var": 0.00294260145165
    },
    "erbbands_kurtosis": {
        "dmean": 3.19082903862,
        "dmean2": 4.66875982285,
        "dvar": 66.3138122559,
        "dvar2": 94.8551712036,
        "max": 142.61390686,
        "mean": 3.05100035667,
        "median": -0.456284761429,
        "min": -1.8814958334,
        "stdev": 12.9379320145,
        "var": 167.390090942
    },
    "erbbands_skewness": {
        "dmean": 0.71428155899,
        "dmean2": 1.00869417191,
        "dvar": 0.516566038132,
        "dvar2": 0.904326498508,
        "max": 10.1483268738,
        "mean": 0.944266915321,
        "median": 0.596675276756,
        "min": -2.54471611977,
        "stdev": 1.65977752209,
        "var": 2.75486159325
    },
    "erbbands_spread": {
        "dmean": 18.5993556976,
        "dmean2": 27.8340682983,
        "dvar": 278.950561523,
        "dvar2": 580.599853516,
        "max": 144.856002808,
        "mean": 66.252571106,
        "median": 65.6514053345,
        "min": 1.60250329971,
        "stdev": 31.9263210297,
        "var": 1019.28991699
    },
    "hfc": {
        "dmean": 7.48517465591,
        "dmean2": 10.3876676559,
        "dvar": 212.964233398,
        "dvar2": 386.168060303,
        "max": 308.372650146,
        "mean": 14.1531333923,
        "median": 5.34945726395,
        "min": 1.11057441095e-16,
        "stdev": 25.4933605194,
        "var": 649.911437988
    },
    "loudness_ebu128": {
        "integrated": -15.2399158478,
        "loudness_range": 7.92347049713,
        "momentary": {
            "dmean": 1.11135601997,
            "dmean2": 1.60122060776,
            "dvar": 2.04211044312,
            "dvar2": 3.93370175362,
            "max": -9.5770740509,
            "mean": -17.8803539276,
            "median": -17.2906894684,
            "min": -28.4753170013,
            "stdev": 5.02776050568,
            "var": 25.2783756256
        },
        "short_term": {
            "dmean": 0.173507705331,
            "dmean2": 0.177501469851,
            "dvar": 0.0353189408779,
            "dvar2": 0.0359961465001,
            "max": -12.1624345779,
            "mean": -16.6255569458,
            "median": -16.6935958862,
            "min": -22.3516902924,
            "stdev": 2.9901342392,
            "var": 8.94090270996
        }
    },
    "melbands_crest": {
        "dmean": 4.46023654938,
        "dmean2": 7.2570438385,
        "dvar": 20.825466156,
        "dvar2": 47.5353507996,
        "max": 36.7243347168,
        "mean": 18.6055011749,
        "median": 17.8457794189,
        "min": 3.46499848366,
        "stdev": 6.58591651917,
        "var": 43.374294281
    },
    "melbands_flatness_db": {
        "dmean": 0.0470279417932,
        "dmean2": 0.065029554069,
        "dvar": 0.00217695441097,
        "dvar2": 0.00427082926035,
        "max": 0.556795120239,
        "mean": 0.228193804622,
        "median": 0.216671228409,
        "min": 0.00753153115511,
        "stdev": 0.088757134974,
        "var": 0.00787782948464
    },
    "melbands_kurtosis": {
        "dmean": 43.0778388977,
        "dmean2": 64.79271698,
        "dvar": 5492.73291016,
        "dvar2": 11457.2089844,
        "max": 727.619750977,
        "mean": 67.7737884521,
        "median": 37.2917518616,
        "min": -1.76555192471,
        "stdev": 94.0017623901,
        "var": 8836.33105469
    },
    "melbands_skewness": {
        "dmean": 2.03653979301,
        "dmean2": 2.97792840004,
        "dvar": 5.59045219421,
        "dvar2": 11.1226100922,
        "max": 22.543586731,
        "mean": 5.82866954803,
        "median": 5.1821513176,
        "min": 0.0304600559175,
        "stdev": 3.52224397659,
        "var": 12.4062023163
    },
    "melbands_spread": {
        "dmean": 11.44343853,
        "dmean2": 16.8683242798,
        "dvar": 307.516876221,
        "dvar2": 587.868286133,
        "max": 211.797714233,
        "mean": 19.9053421021,
        "median": 11.7006940842,
        "min": 0.448881149292,
        "stdev": 24.8173885345,
        "var": 615.902770996
    },
    "pitch_salience": {
        "dmean": 0.0993730798364,
        "dmean2": 0.155052304268,
        "dvar": 0.00988891813904,
        "dvar2": 0.0216116067022,
        "max": 0.856424152851,
        "mean": 0.517145991325,
        "median": 0.540497481823,
        "min": 0.0559040978551,
        "stdev": 0.162545934319,
        "var": 0.0264211799949
    },
    "silence_rate_20dB": {
        "dmean": 0,
        "dmean2": 0,
        "dvar": 0,
        "dvar2": 0,
        "max": 1,
        "mean": 1,
        "median": 1,
        "min": 1,
        "stdev": 0,
        "var": 0
    },
    "silence_rate_30dB": {
        "dmean": 0.0448916405439,
        "dmean2": 0.0898528248072,
        "dvar": 0.0428761616349,
        "dvar2": 0.0833276063204,
        "max": 1,
        "mean": 0.942768752575,
        "median": 1,
        "min": 0,
        "stdev": 0.232284620404,
        "var": 0.0539561472833
    },
    "silence_rate_60dB": {
        "dmean": 0.0812693461776,
        "dmean2": 0.162664607167,
        "dvar": 0.0746655017138,
        "dvar2": 0.147048309445,
        "max": 1,
        "mean": 0.392111361027,
        "median": 0,
        "min": 0,
        "stdev": 0.488218158484,
        "var": 0.2383569628
    },
    "spectral_centroid": {
        "dmean": 388.046234131,
        "dmean2": 546.372924805,
        "dvar": 242496.03125,
        "dvar2": 388616.28125,
        "max": 11195.4423828,
        "mean": 1190.18725586,
        "median": 972.222351074,
        "min": 253.758255005,
        "stdev": 814.543518066,
        "var": 663481.125
    },
    "spectral_complexity": {
        "dmean": 2.97755408287,
        "dmean2": 4.4980635643,
        "dvar": 22.7710723877,
        "dvar2": 45.9155426025,
        "max": 56,
        "mean": 7.34957456589,
        "median": 5,
        "min": 0,
        "stdev": 7.55815124512,
        "var": 57.1256523132
    },
    "spectral_decrease": {
        "dmean": 4.33293578794e-09,
        "dmean2": 6.15422024453e-09,
        "dvar": 1.23335990994e-16,
        "dvar2": 2.29606968018e-16,
        "max": -3.13696101288e-29,
        "mean": -6.25777518692e-09,
        "median": -1.9023751463e-09,
        "min": -8.76826149465e-08,
        "stdev": 1.30745148041e-08,
        "var": 1.70942935164e-16
    },
    "spectral_energy": {
        "dmean": 0.0169004779309,
        "dmean2": 0.0238978881389,
        "dvar": 0.00179997633677,
        "dvar2": 0.00333269662224,
        "max": 0.336900413036,
        "mean": 0.0249020420015,
        "median": 0.00819664634764,
        "min": 1.01916317427e-20,
        "stdev": 0.050584319979,
        "var": 0.0025587733835
    },
    "spectral_energyband_high": {
        "dmean": 0.000569097988773,
        "dmean2": 0.000802840397228,
        "dvar": 1.60132481142e-06,
        "dvar2": 2.79439245787e-06,
        "max": 0.0258997492492,
        "mean": 0.000951466499828,
        "median": 0.000232664169744,
        "min": 7.44803601742e-21,
        "stdev": 0.00214002048597,
        "var": 4.57968735645e-06
    },
    "spectral_energyband_low": {
        "dmean": 0.0112215615809,
        "dmean2": 0.0163240507245,
        "dvar": 0.00170717446599,
        "dvar2": 0.00331873493269,
        "max": 0.318261563778,
        "mean": 0.0107858953997,
        "median": 0.000237273343373,
        "min": 6.89903732024e-23,
        "stdev": 0.0442141331732,
        "var": 0.00195488962345
    },
    "spectral_energyband_middle_high": {
        "dmean": 0.000830944569316,
        "dmean2": 0.00136907212436,
        "dvar": 4.54366863778e-06,
        "dvar2": 1.22048313642e-05,
        "max": 0.0249338820577,
        "mean": 0.0010895691812,
        "median": 0.00025359459687,
        "min": 1.27907093619e-21,
        "stdev": 0.00231157639064,
        "var": 5.34338505531e-06
    },
    "spectral_energyband_middle_low": {
        "dmean": 0.00573366321623,
        "dmean2": 0.00886635389179,
        "dvar": 0.000126018261653,
        "dvar2": 0.000300343788695,
        "max": 0.125238567591,
        "mean": 0.0123814204708,
        "median": 0.00432378426194,
        "min": 3.7146230666e-22,
        "stdev": 0.0174000877887,
        "var": 0.000302763044601
    },
    "spectral_entropy": {
        "dmean": 0.292210668325,
        "dmean2": 0.383768945932,
        "dvar": 0.0930725485086,
        "dvar2": 0.152761548758,
        "max": 9.80441379547,
        "mean": 7.60624742508,
        "median": 7.76013040543,
        "min": 4.4055557251,
        "stdev": 0.644863903522,
        "var": 0.415849417448
    },
    "spectral_flux": {
        "dmean": 0.0380608737469,
        "dmean2": 0.0618529431522,
        "dvar": 0.00424630800262,
        "dvar2": 0.0112312287092,
        "max": 0.480869710445,
        "mean": 0.0702364370227,
        "median": 0.0411178134382,
        "min": 1.00953613524e-10,
        "stdev": 0.0807436108589,
        "var": 0.00651953089982
    },
    "spectral_kurtosis": {
        "dmean": 1.12908947468,
        "dmean2": 1.71419453621,
        "dvar": 3.14251184464,
        "dvar2": 7.045170784,
        "max": 21.2925128937,
        "mean": 2.00697183609,
        "median": 1.39640235901,
        "min": -1.20242345333,
        "stdev": 2.27220201492,
        "var": 5.16290187836
    },
    "spectral_rms": {
        "dmean": 0.00118579773698,
        "dmean2": 0.00158372998703,
        "dvar": 4.27757186117e-06,
        "dvar2": 6.35652895653e-06,
        "max": 0.018129626289,
        "mean": 0.00361527572386,
        "median": 0.00282784877345,
        "min": 3.15326107239e-12,
        "stdev": 0.00335029209964,
        "var": 1.12244570118e-05
    },
    "spectral_rolloff": {
        "dmean": 1090.39379883,
        "dmean2": 1739.65356445,
        "dvar": 2999144.5,
        "dvar2": 5563880.5,
        "max": 19164.5507812,
        "mean": 1770.4197998,
        "median": 495.263671875,
        "min": 64.599609375,
        "stdev": 2377.06835938,
        "var": 5650454.5
    },
    "spectral_skewness": {
        "dmean": 0.236658483744,
        "dmean2": 0.335074692965,
        "dvar": 0.0660410746932,
        "dvar2": 0.136396482587,
        "max": 3.83608531952,
        "mean": 1.15072846413,
        "median": 1.05332934856,
        "min": -0.00171187648084,
        "stdev": 0.480860412121,
        "var": 0.231226727366
    },
    "spectral_spread": {
        "dmean": 896821.1875,
        "dmean2": 1225414.625,
        "dvar": 1.62327468442e+12,
        "dvar2": 2.02667589632e+12,
        "max": 41224184,
        "mean": 6712760.5,
        "median": 6750487,
        "min": 2146592.25,
        "stdev": 2019162.875,
        "var": 4.07701893939e+12
    },
    "spectral_strongpeak": {
        "dmean": 0.29304471612,
        "dmean2": 0.47411981225,
        "dvar": 0.184309750795,
        "dvar2": 0.438186466694,
        "max": 6.17249584198,
        "mean": 0.611985146999,
        "median": 0.37972599268,
        "min": 0,
        "stdev": 0.654434859753,
        "var": 0.428284972906
    },
    "zerocrossingrate": {
        "dmean": 0.0214594323188,
        "dmean2": 0.0232544410974,
        "dvar": 0.000609461858403,
        "dvar2": 0.000691823719535,
        "max": 0.49462890625,
        "mean": 0.0754940211773,
        "median": 0.06494140625,
        "min": 0.00439453125,
        "stdev": 0.049560174346,
        "var": 0.00245621078648
    },
    "barkbands": {
        "dmean": [0.00227650953457, 0.00886566471308, 0.000183692332939, 0.000610150222201, 0.00260309502482, 0.00195238366723, 0.00117727916222, 0.000784605159424, 0.000549865537323, 0.000158264432685, 0.000166321915458, 0.000113245085231, 0.00014780870697, 5.72593889956e-05, 4.77953144582e-05, 0.000101603021903, 8.71456868481e-05, 5.37561936653e-05, 7.78788162279e-05, 7.18135706848e-05, 7.28550439817e-05, 7.94815205154e-05, 0.000132864879561, 0.00015887900372, 0.000103029058664, 7.39159731893e-05, 9.07046069187e-06],
        "dmean2": [0.00316513236612, 0.0130913956091, 0.000277150829788, 0.000817120308056, 0.00418179482222, 0.00312432902865, 0.00190367631149, 0.00129461183678, 0.000946858490352, 0.0002573322854, 0.000266430142801, 0.000206279350095, 0.000263247726252, 9.66371153481e-05, 8.077264647e-05, 0.000178109577973, 0.000149076760863, 8.70274161571e-05, 0.000122778743389, 0.000109132102807, 0.000108987776912, 0.000109164466267, 0.000203798757866, 0.0002304737136, 0.00014980060223, 0.000112831337901, 1.39695257531e-05],
        "dvar": [7.24506462575e-05, 0.00114392081741, 4.49731174967e-07, 1.67400855844e-06, 3.34021679009e-05, 3.22123996739e-05, 2.01315342565e-05, 7.20733532944e-06, 2.66198821919e-06, 1.57144356194e-07, 1.9741413837e-07, 1.65074339975e-07, 2.73291362873e-07, 2.72342273178e-08, 3.07508578601e-08, 1.18334362753e-07, 3.59681209261e-08, 1.39731062276e-08, 2.71875286728e-08, 2.04153938199e-08, 2.52303067327e-08, 2.13419699691e-08, 8.20555712266e-08, 1.68431711245e-07, 8.0699642524e-08, 1.11046141171e-07, 2.44623143963e-09],
        "dvar2": [0.000147633982124, 0.00223853788339, 1.19068658933e-06, 2.56643033936e-06, 9.19047961361e-05, 7.998541696e-05, 4.98348745168e-05, 1.86616125575e-05, 7.04683725417e-06, 3.54452311058e-07, 4.63126440309e-07, 4.7596520858e-07, 7.5068572869e-07, 6.97457380738e-08, 8.31545960978e-08, 3.19147318351e-07, 8.62718323447e-08, 3.4814128469e-08, 6.33311998399e-08, 4.58180302587e-08, 5.54815997589e-08, 3.74252451252e-08, 1.95917337464e-07, 3.49396998445e-07, 1.42372655887e-07, 2.72342674634e-07, 4.47132109116e-09],
        "max": [0.066274523735, 0.256826937199, 0.0139795942232, 0.0316942371428, 0.0778041034937, 0.0811255797744, 0.0672921389341, 0.0465110763907, 0.0146734621376, 0.00518352445215, 0.00841812603176, 0.00327414390631, 0.00417402060702, 0.00172626704443, 0.00409639021382, 0.00409292755648, 0.00264650792815, 0.00195252127014, 0.00314242951572, 0.00167769053951, 0.0039893751964, 0.00237238407135, 0.00469043897465, 0.0082240132615, 0.00542886042967, 0.00598380155861, 0.000851267192047],
        "mean": [0.00213966425508, 0.00806317012757, 0.000304222514387, 0.00111035036389, 0.00532420305535, 0.00320342346095, 0.00138449773658, 0.000821427325718, 0.000486226257635, 0.000174743880052, 0.000234868581174, 9.58783566603e-05, 0.000113146961667, 5.33838065166e-05, 4.39815048594e-05, 8.19376582513e-05, 8.8788321591e-05, 6.04668493907e-05, 0.000118528114399, 0.000101297941001, 0.000100826116977, 0.000130687752971, 0.000179264709004, 0.00023417781631, 0.000149831874296, 9.28433728404e-05, 1.02019130281e-05],
        "median": [9.95817345029e-07, 4.33431978308e-06, 2.10586658795e-05, 0.000315797573421, 0.000977300223894, 0.000485824217321, 9.35568459681e-05, 3.65964660887e-05, 2.22738981392e-05, 1.56965579663e-05, 2.10806701944e-05, 5.91528714722e-06, 6.17216710452e-06, 5.76908314542e-06, 4.85663758809e-06, 8.87262194738e-06, 1.60953095474e-05, 1.50073756231e-05, 3.03116685245e-05, 3.33891512128e-05, 3.47888599208e-05, 4.22185148636e-05, 3.96075629396e-05, 3.36566845363e-05, 2.04464595299e-05, 5.33270531378e-06, 4.41256347017e-08],
        "min": [8.42603537448e-23, 1.0631073734e-23, 1.37569926578e-23, 8.71909341423e-24, 3.11673894943e-23, 4.3230508462e-23, 5.74396888124e-23, 1.33724469479e-22, 5.46051348751e-23, 6.45575807602e-23, 7.91959235312e-23, 1.64019454543e-22, 4.3473663792e-23, 8.59617689452e-23, 1.1979323638e-22, 1.18200065517e-22, 1.14362200415e-22, 2.18209200509e-22, 1.87709023257e-22, 2.76839110033e-22, 4.14158412346e-22, 7.27576131652e-22, 5.96412266806e-22, 9.0231096786e-22, 1.05717075017e-21, 1.72179724571e-21, 2.15927481556e-21],
        "stdev": [0.00917635578662, 0.0358296371996, 0.000828450312838, 0.00264822575264, 0.00857586879283, 0.00687323138118, 0.00467683328316, 0.00278887455352, 0.00157382234465, 0.000467825942906, 0.000752429594286, 0.000337856501574, 0.000442794000264, 0.000160729323397, 0.00017902062973, 0.000304281071294, 0.000204215175472, 0.000134112371597, 0.000251424324233, 0.000200922760996, 0.000215328807826, 0.000259985739831, 0.000424347468652, 0.000587040849496, 0.00043048535008, 0.000392546411604, 6.15201352048e-05],
        "var": [8.420550148e-05, 0.00128376286011, 6.86329940436e-07, 7.0130995482e-06, 7.35455250833e-05, 4.72413121315e-05, 2.1872769139e-05, 7.7778213381e-06, 2.47691673394e-06, 2.18861103463e-07, 5.66150276882e-07, 1.14147013619e-07, 1.96066537228e-07, 2.58339145631e-08, 3.20483835026e-08, 9.25869727553e-08, 4.1703835052e-08, 1.79861299188e-08, 6.32141947676e-08, 4.03699580431e-08, 4.63664946437e-08, 6.75925804217e-08, 1.8007078495e-07, 3.44616950088e-07, 1.85317645673e-07, 1.54092688831e-07, 3.78472719831e-09]
    },
    "erbbands": {
        "dmean": [0.546617090702, 0.832189619541, 0.211961209774, 1.12386715412, 3.07282090187, 11.536693573, 16.6541194916, 15.3899374008, 15.6864385605, 18.1019229889, 13.7540206909, 13.5692663193, 6.18748950958, 4.93628025055, 7.26124763489, 5.55840682983, 6.44536447525, 2.9482254982, 2.74613928795, 3.16403603554, 5.95205974579, 4.69159317017, 3.01396393776, 2.95554113388, 4.13167142868, 3.50884723663, 3.28921699524, 2.64835929871, 2.99749851227, 3.02040791512, 4.0661649704, 3.39418244362, 2.51985287666, 1.25726950169, 0.717593550682, 0.387939184904, 0.126432418823, 0.0242582764477, 0.00100831862073, 3.79665252694e-05],
        "dmean2": [0.817705333233, 1.18718612194, 0.312524557114, 1.56585347652, 4.65834856033, 18.8811645508, 26.5177612305, 24.4888153076, 25.5038814545, 28.316198349, 22.8712596893, 22.7510890961, 10.2902479172, 7.95517873764, 11.917427063, 10.0984306335, 11.2481355667, 4.94731664658, 4.701816082, 5.44016742706, 10.6247024536, 7.96270370483, 4.9281744957, 4.62694358826, 6.38081026077, 5.41257333755, 4.93901157379, 3.83960127831, 4.2235918045, 4.4589266777, 6.27258014679, 5.11237287521, 3.62860393524, 1.89089977741, 1.04066860676, 0.592915654182, 0.193310812116, 0.0348519533873, 0.00146003765985, 5.24446586496e-05],
        "dvar": [4.4300236702, 9.63489818573, 0.407934933901, 5.53622341156, 60.8190383911, 763.721313477, 1911.86669922, 2185.68603516, 4292.12158203, 6236.16113281, 1186.50634766, 1559.21069336, 280.825836182, 138.853240967, 392.943695068, 415.66003418, 498.297607422, 80.8204498291, 85.8603820801, 123.736610413, 313.760375977, 100.617408752, 48.7046318054, 37.9288597107, 83.8518447876, 55.1089439392, 46.4498252869, 31.9492664337, 33.0180931091, 28.9851455688, 89.3108062744, 70.286239624, 47.7332344055, 10.0013303757, 4.43393468857, 2.09114289284, 0.432948827744, 0.014091771096, 3.20547296724e-05, 1.5024905764e-08],
        "dvar2": [8.79326725006, 18.3854694366, 1.06228673458, 10.233294487, 151.125823975, 2255.96948242, 4445.76953125, 5991.68994141, 10929.2490234, 14972.0097656, 2946.93969727, 4010.9074707, 717.117736816, 319.64175415, 1024.6060791, 1194.30395508, 1359.22302246, 203.22102356, 234.738494873, 316.08795166, 857.661682129, 240.354278564, 126.764968872, 92.0948181152, 200.996109009, 128.850708008, 108.632369995, 61.9097900391, 62.3664245605, 56.6847572327, 221.081451416, 151.310348511, 95.8793182373, 21.0660495758, 7.09352064133, 5.10241031647, 1.07036793232, 0.0258859265596, 6.36782860965e-05, 2.76256777454e-08],
        "max": [15.8620376587, 24.3414878845, 13.4481134415, 48.6184158325, 131.189651489, 434.159240723, 862.178955078, 873.827026367, 1128.12341309, 2061.30639648, 598.509460449, 450.610168457, 216.26789856, 172.639282227, 315.711090088, 150.836761475, 221.119369507, 91.3114929199, 177.199264526, 161.19758606, 172.06703186, 153.206390381, 101.924110413, 93.3705596924, 213.525878906, 94.3613052368, 143.606048584, 138.640487671, 76.3001327515, 92.5554351807, 154.212402344, 125.37676239, 150.995452881, 52.881565094, 46.9211883545, 28.3638801575, 10.88742733, 2.29275369644, 0.10211469233, 0.00198960374109],
        "mean": [0.490816831589, 0.784870684147, 0.332439154387, 2.17499113083, 6.25839662552, 22.7049846649, 27.0443191528, 25.3073348999, 19.0435829163, 25.0218009949, 13.3937702179, 12.3716726303, 6.07766962051, 6.25967359543, 9.24615764618, 4.79395151138, 5.07055664062, 2.80872154236, 2.48142361641, 2.86206293106, 4.9757976532, 4.90276765823, 3.39313292503, 4.40453386307, 6.2880487442, 5.02077722549, 4.27480506897, 4.02202606201, 4.81472206116, 4.41689157486, 5.48216438293, 5.00882101059, 3.64546632767, 1.79811906815, 1.00624465942, 0.478366613388, 0.157109290361, 0.0309198405594, 0.00115100177936, 5.53519021196e-05],
        "median": [0.000253784353845, 0.00135653465986, 0.0361234135926, 0.603677153587, 2.17955994606, 3.95819759369, 4.47555494308, 3.7682287693, 1.60630810261, 1.71424746513, 0.694845557213, 0.58640396595, 0.487532883883, 0.743234217167, 0.823521614075, 0.356354415417, 0.333751142025, 0.312003463507, 0.337825268507, 0.321612209082, 0.655705630779, 0.884157657623, 0.816475987434, 1.10389506817, 1.72914123535, 1.66950929165, 1.53952312469, 1.33234608173, 1.45831906796, 1.44556427002, 1.06591165066, 0.729769766331, 0.490087926388, 0.262185335159, 0.116060003638, 0.0366586707532, 0.0070190699771, 0.000763363379519, 2.53308844549e-05, 1.40601432577e-05],
        "min": [8.84480843379e-22, 1.63907534744e-21, 1.14028002585e-20, 2.94639407746e-20, 4.56397064535e-20, 1.21296756898e-19, 2.86484595978e-19, 2.82195018267e-19, 3.90312926851e-19, 2.90833291254e-18, 1.73136233096e-18, 9.01591298916e-19, 2.60181017641e-18, 1.46038488992e-18, 4.73684026521e-18, 6.36589431306e-18, 2.0513752455e-18, 2.65167696643e-18, 5.51058294224e-18, 8.9215176192e-18, 5.0963850718e-18, 7.36086437697e-18, 1.17716966327e-17, 1.11494293374e-17, 8.26607955415e-18, 1.16016134096e-17, 1.65878895749e-17, 1.83477924287e-17, 2.60644925344e-17, 2.29154986605e-17, 1.82853353294e-17, 2.1404357141e-17, 1.23139317223e-17, 1.09331282247e-17, 7.70452814298e-18, 6.86179488055e-18, 2.92725818457e-18, 1.08434289659e-18, 2.75736262798e-19, 3.48726841608e-20],
        "stdev": [2.20347166061, 3.37990379333, 0.72808855772, 4.61452531815, 10.349032402, 38.1208305359, 52.7280921936, 56.9107055664, 63.2533531189, 97.3518753052, 34.9550895691, 39.8442573547, 17.1374225616, 15.857380867, 27.8983764648, 16.7871875763, 19.2325496674, 8.97846031189, 8.9234418869, 10.6784543991, 15.6314067841, 11.066198349, 7.41605234146, 8.82380199432, 13.7699575424, 10.063076973, 8.66279792786, 8.69068145752, 9.73973751068, 8.67268276215, 13.5734272003, 12.4037570953, 9.54123210907, 4.53699493408, 3.23464369774, 1.79357719421, 0.739346146584, 0.159440368414, 0.00674540782347, 0.000161459145602],
        "var": [4.85528755188, 11.4237499237, 0.530112922192, 21.2938423157, 107.102478027, 1453.19763184, 2780.25170898, 3238.82861328, 4000.98657227, 9477.38769531, 1221.8581543, 1587.56481934, 293.69128418, 251.456542969, 778.319396973, 281.809692383, 369.890991211, 80.6127548218, 79.6278152466, 114.029388428, 244.340881348, 122.460746765, 54.9978294373, 77.8594894409, 189.611724854, 101.265525818, 75.0440673828, 75.5279388428, 94.8624801636, 75.215423584, 184.237915039, 153.85319519, 91.035118103, 20.5843219757, 10.4629192352, 3.21691918373, 0.546632766724, 0.0254212319851, 4.55005283584e-05, 2.60690580234e-08]
    },
    "gfcc": {
        "mean": [-79.9947280884, 49.4081306458, -89.4685897827, 44.4808959961, -92.3173751831, -3.96271491051, -58.1971244812, -3.35906124115, -42.1851539612, -9.64497852325, -24.6164093018, -1.43804883957, -13.5168170929],
        "cov": [[10572.8896484, -426.658325195, 406.035369873, -1372.53442383, -150.419281006, 207.992599487, -115.18952179, 521.019470215, 380.173278809, 602.101989746, 407.312561035, 472.681030273, -20.7625331879], [-426.658325195, 1046.87512207, 2.72820544243, -40.581199646, 70.043006897, -106.05380249, 120.736549377, -108.550971985, 74.8601455688, -56.8384475708, 180.651763916, 35.3823051453, 143.549224854], [406.035369873, 2.72820544243, 922.007568359, 117.950195312, 8.95489406586, -53.7453193665, -129.304138184, -59.7510414124, 26.1161708832, 126.329093933, 65.5546340942, 106.263038635, 87.653717041], [-1372.53442383, -40.581199646, 117.950195312, 672.639404297, 194.561599731, 21.1041088104, 7.558198452, -55.3034667969, 12.2627773285, 2.10542273521, -49.5178909302, -94.7012176514, 41.6879005432], [-150.419281006, 70.043006897, 8.95489406586, 194.561599731, 332.14855957, 155.679489136, 124.301841736, 63.6774749756, 101.946464539, 75.3972244263, 1.91032421589, -7.50516271591, 43.200050354], [207.992599487, -106.05380249, -53.7453193665, 21.1041088104, 155.679489136, 334.174713135, 199.026809692, 160.95223999, 71.6697158813, 84.1734542847, -20.8132991791, -9.52349376678, -31.0789813995], [-115.18952179, 120.736549377, -129.304138184, 7.558198452, 124.301841736, 199.026809692, 298.585021973, 182.587249756, 92.0822525024, 18.4786224365, 11.1800575256, -4.23220252991, -14.5703516006], [521.019470215, -108.550971985, -59.7510414124, -55.3034667969, 63.6774749756, 160.95223999, 182.587249756, 271.209472656, 124.356498718, 81.7588500977, -14.5960111618, 3.60818862915, -51.7284240723], [380.173278809, 74.8601455688, 26.1161708832, 12.2627773285, 101.946464539, 71.6697158813, 92.0822525024, 124.356498718, 191.243469238, 128.696151733, 59.5212249756, 26.1023273468, 22.695520401], [602.101989746, -56.8384475708, 126.329093933, 2.10542273521, 75.3972244263, 84.1734542847, 18.4786224365, 81.7588500977, 128.696151733, 219.849319458, 74.7847442627, 53.9511604309, 28.7927055359], [407.312561035, 180.651763916, 65.5546340942, -49.5178909302, 1.91032421589, -20.8132991791, 11.1800575256, -14.5960111618, 59.5212249756, 74.7847442627, 176.848648071, 85.9464263916, 52.8056602478], [472.681030273, 35.3823051453, 106.263038635, -94.7012176514, -7.50516271591, -9.52349376678, -4.23220252991, 3.60818862915, 26.1023273468, 53.9511604309, 85.9464263916, 129.736312866, 54.2273483276], [-20.7625331879, 143.549224854, 87.653717041, 41.6879005432, 43.200050354, -31.0789813995, -14.5703516006, -51.7284240723, 22.695520401, 28.7927055359, 52.8056602478, 54.2273483276, 116.457489014]],
        "icov": [[0.000209035002626, 4.4038915803e-05, -4.98201516166e-05, 0.000387563719414, -0.000140058880788, -0.000142983786645, 0.000542261521332, -0.000540808658116, -2.96157923003e-05, -9.88205574686e-05, -0.000371072092094, -0.000136747854413, -1.46945649249e-05], [4.4038915803e-05, 0.00233062286861, -0.000292119162623, 0.000810755533166, -0.000473166262964, 0.00108587567229, -0.00224762945436, 0.00164081214461, -0.00136967655271, 0.00128687312827, -0.00219171866775, 0.0020016960334, -0.00201189354993], [-4.98201516166e-05, -0.000292119162623, 0.00152136199176, -0.000638784433249, 0.000262012297753, -0.000149768209667, 0.000777061271947, -0.000158690832905, 0.000286005466478, -0.000839916348923, 0.00059548963327, -0.00147541891783, -0.000106729625259], [0.000387563719414, 0.000810755533166, -0.000638784433249, 0.00334380730055, -0.00182282261085, 0.000447313155746, 3.60890044249e-05, -7.22346449038e-05, -0.000191220708075, 4.09817985201e-05, -0.00134428252932, 0.00282413628884, -0.0015568214003], [-0.000140058880788, -0.000473166262964, 0.000262012297753, -0.00182282261085, 0.00627703871578, -0.00231645256281, -0.00104116555303, 0.00144763221033, -0.00236603687517, -0.000454961118521, 0.00179281912278, -0.000764528638683, -0.00130369001999], [-0.000142983786645, 0.00108587567229, -0.000149768209667, 0.000447313155746, -0.00231645256281, 0.00807910598814, -0.00570396659896, 0.000414434587583, 0.00217550387606, -0.00305201695301, 0.000608593865763, 0.00110734405462, 0.000613455427811], [0.000542261521332, -0.00224762945436, 0.000777061271947, 3.60890044249e-05, -0.00104116555303, -0.00570396659896, 0.0142917605117, -0.00878041237593, -0.000125856677187, 0.00327961356379, -0.00200895313174, -0.0017284124624, -4.9200905778e-05], [-0.000540808658116, 0.00164081214461, -0.000158690832905, -7.22346449038e-05, 0.00144763221033, 0.000414434587583, -0.00878041237593, 0.0148663334548, -0.00662421109155, -0.000972161360551, 0.00352421891876, -0.00105926254764, 0.00353132607415], [-2.96157923003e-05, -0.00136967655271, 0.000286005466478, -0.000191220708075, -0.00236603687517, 0.00217550387606, -0.000125856677187, -0.00662421109155, 0.0156601723284, -0.00679055601358, -0.00179016194306, 0.00172468356322, -0.00132801069412], [-9.88205574686e-05, 0.00128687312827, -0.000839916348923, 4.09817985201e-05, -0.000454961118521, -0.00305201695301, 0.00327961356379, -0.000972161360551, -0.00679055601358, 0.0125713339075, -0.00397743610665, 8.35331593407e-05, -0.00167371553835], [-0.000371072092094, -0.00219171866775, 0.00059548963327, -0.00134428252932, 0.00179281912278, 0.000608593865763, -0.00200895313174, 0.00352421891876, -0.00179016194306, -0.00397743610665, 0.0140223344788, -0.00765288388357, 0.00201739743352], [-0.000136747854413, 0.0020016960334, -0.00147541891783, 0.00282413628884, -0.000764528638683, 0.00110734405462, -0.0017284124624, -0.00105926254764, 0.00172468356322, 8.35331593407e-05, -0.00765288388357, 0.0190868433565, -0.00827412120998], [-1.46945649249e-05, -0.00201189354993, -0.000106729625259, -0.0015568214003, -0.00130369001999, 0.000613455427811, -4.9200905778e-05, 0.00353132607415, -0.00132801069412, -0.00167371553835, 0.00201739743352, -0.00827412120998, 0.0175220929086]]
    },
    "melbands": {
        "dmean": [0.00349505408667, 0.000349259033101, 0.000224330520723, 0.000495037587825, 0.000597763457336, 0.000351821829099, 0.000232759615756, 0.000189673533896, 0.000106315979792, 8.22977963253e-05, 2.93231896649e-05, 1.98719390028e-05, 2.50872290053e-05, 1.50735468196e-05, 1.80219849426e-05, 1.00756160464e-05, 5.23458174939e-06, 4.56297402707e-06, 3.85028079108e-06, 5.89245610172e-06, 7.49646324039e-06, 5.72086219108e-06, 2.76332025351e-06, 2.59642274614e-06, 2.39192445406e-06, 3.5385053252e-06, 2.48536798608e-06, 2.49932804763e-06, 2.19138496504e-06, 1.79465666861e-06, 1.54910912897e-06, 1.78297773346e-06, 1.66503104992e-06, 1.80843358066e-06, 2.41665497924e-06, 2.32030720326e-06, 2.24683617489e-06, 1.96903783944e-06, 1.59623982654e-06, 9.64861783359e-07],
        "dmean2": [0.00515510560945, 0.000489948899485, 0.000314087228617, 0.000794556865003, 0.000961170357186, 0.000561035878491, 0.000376744806999, 0.000298333790852, 0.000175657769432, 0.000141062118928, 4.89968260808e-05, 3.16836885759e-05, 4.04814818467e-05, 2.70301752607e-05, 3.2445666875e-05, 1.75864242919e-05, 8.74923625815e-06, 7.88529359852e-06, 6.55561188978e-06, 1.03562879303e-05, 1.33471348818e-05, 9.85495535133e-06, 4.43785120297e-06, 4.17125056629e-06, 3.78561458092e-06, 5.62835566598e-06, 3.68735845768e-06, 3.95311280954e-06, 3.33703292199e-06, 2.71526937468e-06, 2.30630712394e-06, 2.60188039647e-06, 2.44198918153e-06, 2.7091928132e-06, 3.83162932849e-06, 3.63179879059e-06, 3.41319810104e-06, 2.86832050733e-06, 2.35247443925e-06, 1.5162983118e-06],
        "dvar": [0.000178047426743, 1.28646820485e-06, 2.36326798131e-07, 1.28330555071e-06, 1.93682285499e-06, 1.04576531612e-06, 8.50763285598e-07, 6.65192487759e-07, 6.04277659022e-08, 6.25973797241e-08, 6.43335651418e-09, 2.27225083194e-09, 4.73522554501e-09, 2.64124322413e-09, 4.33280300527e-09, 1.24823928971e-09, 2.33258412585e-10, 2.14981546454e-10, 2.12587891735e-10, 4.86393314514e-10, 4.61568033794e-10, 1.65769412086e-10, 4.11002620826e-11, 3.19429240003e-11, 2.93114074679e-11, 6.26189308739e-11, 2.55759580181e-11, 3.09518695396e-11, 1.89665436134e-11, 1.58306631692e-11, 1.17043640405e-11, 1.23996715673e-11, 1.04508832144e-11, 1.05474309842e-11, 3.10236836221e-11, 3.71725497605e-11, 3.82343844085e-11, 3.75529329855e-11, 1.48384082799e-11, 7.17496591654e-12],
        "dvar2": [0.000348852016032, 2.44843704422e-06, 4.39887912762e-07, 3.77640117222e-06, 4.62476873508e-06, 2.76508262687e-06, 2.1516398192e-06, 1.63098570738e-06, 1.50281039168e-07, 1.64747675058e-07, 1.63695279554e-08, 5.22234477884e-09, 1.15243485865e-08, 7.53190843028e-09, 1.23419106046e-08, 3.23585180872e-09, 5.80200887335e-10, 5.91943660755e-10, 5.66127533741e-10, 1.26121080246e-09, 1.29082700084e-09, 4.0454220529e-10, 1.03679786978e-10, 8.08057301627e-11, 7.30260574233e-11, 1.4698939288e-10, 5.97621396814e-11, 7.52590281761e-11, 4.49010932602e-11, 3.56468153606e-11, 2.34336751392e-11, 2.50023699661e-11, 1.96288731796e-11, 2.29551464642e-11, 7.85429360439e-11, 8.65060453825e-11, 9.13840114691e-11, 7.83748968503e-11, 3.30735230869e-11, 1.62349179239e-11],
        "max": [0.101560369134, 0.00895211286843, 0.0101082399487, 0.0180002320558, 0.0237196646631, 0.0176968742162, 0.0157967377454, 0.0199682470411, 0.00401532649994, 0.00261664856225, 0.00107291573659, 0.000742093194276, 0.00129023147747, 0.000457182934042, 0.00047741891467, 0.000442501390353, 0.000176002678927, 0.000238084001467, 0.000348304427462, 0.000390847562812, 0.000189120197319, 0.000179172537173, 9.28259614739e-05, 8.51543809404e-05, 7.96561289462e-05, 0.000155308080139, 0.000109681335744, 6.91929963068e-05, 7.37183072488e-05, 0.000103017278889, 7.4568502896e-05, 4.49145663879e-05, 5.7422745158e-05, 4.95717795275e-05, 8.67749040481e-05, 8.60493310029e-05, 0.00010717438272, 0.000142708769999, 5.86541027587e-05, 4.31343505625e-05],
        "mean": [0.00318078417331, 0.00039794613258, 0.000470041850349, 0.0010316085536, 0.00105119263753, 0.000577070517465, 0.00028309004847, 0.000255769322393, 0.00010059185297, 7.18455776223e-05, 2.82464243355e-05, 2.41809811996e-05, 3.36321900249e-05, 1.42164453791e-05, 1.31402848638e-05, 8.51557888382e-06, 4.93994411954e-06, 4.02894056606e-06, 3.52000779458e-06, 4.80151220472e-06, 6.0651664171e-06, 5.62595960218e-06, 3.14953263114e-06, 2.89338572657e-06, 3.46331376022e-06, 5.02815419168e-06, 3.78019717573e-06, 3.21903758049e-06, 2.70540431302e-06, 2.31809804063e-06, 2.33656714954e-06, 2.74066974271e-06, 2.50712537309e-06, 2.42134774453e-06, 3.16328396366e-06, 3.04319837596e-06, 3.14679027724e-06, 2.65322501036e-06, 2.13477278521e-06, 1.29485147227e-06],
        "median": [1.42332180531e-06, 2.00456997845e-05, 0.000148142251419, 0.000263562600594, 0.000155917776283, 8.22948495625e-05, 1.71777410287e-05, 1.69406630448e-05, 4.58637032352e-06, 3.2317473142e-06, 2.27124291996e-06, 2.81830762106e-06, 2.95202949019e-06, 8.64109324539e-07, 7.45939985336e-07, 5.33784714207e-07, 5.35816809588e-07, 4.99429802403e-07, 3.8850376427e-07, 4.17965537736e-07, 7.97053530732e-07, 9.26913060084e-07, 7.11837515155e-07, 7.10765561962e-07, 8.18929265733e-07, 1.22541030123e-06, 1.02448416328e-06, 1.00742454379e-06, 9.51411152528e-07, 7.8030552686e-07, 7.1847387062e-07, 7.93614276517e-07, 7.78383594024e-07, 7.45075226405e-07, 6.27407416687e-07, 4.34823903106e-07, 4.27474390108e-07, 3.29761320472e-07, 3.1765492281e-07, 1.76198241775e-07],
        "min": [1.08500907092e-23, 4.61643807761e-24, 4.97623280332e-24, 6.54337520016e-24, 8.21375148493e-24, 6.63937681131e-24, 7.65515671136e-24, 3.44766736135e-23, 1.29528144404e-23, 5.71740746125e-24, 1.31759145596e-23, 4.90971329078e-24, 1.45901512583e-23, 1.69105998105e-23, 1.17948013414e-23, 2.85472096913e-24, 5.08413674781e-24, 8.90391879116e-24, 1.14319963225e-23, 1.04993883942e-23, 5.00545497226e-24, 8.29063071331e-24, 6.41457433029e-24, 1.25372393601e-23, 9.10411512283e-24, 4.9074961972e-24, 6.78235469494e-24, 8.18196827906e-24, 1.06197882899e-23, 1.19271658904e-23, 9.99894213573e-24, 1.52516253268e-23, 1.25617216583e-23, 1.26541288247e-23, 1.0966973074e-23, 9.47504067591e-24, 1.40139656754e-23, 8.25258079641e-24, 8.08325022538e-24, 1.01736369609e-23],
        "stdev": [0.0141375390813, 0.00127732625697, 0.000915390439332, 0.00160219008103, 0.00183419673704, 0.00125870946795, 0.000903274805751, 0.000982369296253, 0.000250077282544, 0.000239710105234, 8.13074148027e-05, 6.23511150479e-05, 0.000109464592242, 4.57192545582e-05, 5.18814886163e-05, 3.33701464115e-05, 1.54460522026e-05, 1.35303662319e-05, 1.48190993059e-05, 1.99037185666e-05, 1.84562086361e-05, 1.36088501677e-05, 7.01028602634e-06, 6.34129401078e-06, 7.39990036891e-06, 1.15243874461e-05, 8.27377334645e-06, 6.76392573951e-06, 5.40868904864e-06, 5.09894698553e-06, 5.22772779732e-06, 5.72681392441e-06, 5.19177274327e-06, 4.81056440549e-06, 7.72212570155e-06, 8.39551466925e-06, 8.29487271403e-06, 7.80867867434e-06, 5.30155830347e-06, 3.54744247488e-06],
        "var": [0.000199870002689, 1.63156244071e-06, 8.37939637677e-07, 2.56701287071e-06, 3.3642775179e-06, 1.58434954756e-06, 8.1590536638e-07, 9.65049480328e-07, 6.2538653367e-08, 5.74609373416e-08, 6.61089538667e-09, 3.88766130399e-09, 1.19824976608e-08, 2.09025019515e-09, 2.69168887179e-09, 1.11356657229e-09, 2.3858054421e-10, 1.83070808513e-10, 2.1960569474e-10, 3.96157995297e-10, 3.4063163401e-10, 1.85200799141e-10, 4.91441123907e-11, 4.02120108045e-11, 5.4758524104e-11, 1.32811511788e-10, 6.8455331681e-11, 4.57506914298e-11, 2.92539152624e-11, 2.59992617713e-11, 2.73291389519e-11, 3.27963975422e-11, 2.69545046006e-11, 2.31415286239e-11, 5.9631230509e-11, 7.04846597754e-11, 6.8804906217e-11, 6.09754607916e-11, 2.81065188484e-11, 1.25843476265e-11]
    },
    "melbands128": {
