{
"lowlevel": {
    "average_loudness": 0.983117699623,
    "barkbands_crest": {
        "dmean": 3.40675067902,
        "dmean2": 5.33500099182,
        "dvar": 11.2838935852,
        "dvar2": 24.625793457,
        "max": 26.5185241699,
        "mean": 13.9082307816,
        "median": 13.1347370148,
        "min": 3.11746263504,
        "stdev": 5.97468805313,
        "var": 35.6968994141
    },
    "barkbands_flatness_db": {
        "dmean": 0.0352822169662,
        "dmean2": 0.049373600632,
        "dvar": 0.00116155284923,
        "dvar2": 0.002180356998,
        "max": 0.43119558692,
        "mean": 0.151558563113,
        "median": 0.139082819223,
        "min": 0.0271142087877,
        "stdev": 0.0669013559818,
        "var": 0.00447579100728
    },
    "barkbands_kurtosis": {
        "dmean": 10.3690233231,
        "dmean2": 16.2630672455,
        "dvar": 986.333374023,
        "dvar2": 2212.97753906,
        "max": 486.477844238,
        "mean": 13.6840934753,
        "median": 2.20230150223,
        "min": -1.90303146839,
        "stdev": 40.4702301025,
        "var": 1637.83947754
    },
    "barkbands_skewness": {
        "dmean": 1.02429139614,
        "dmean2": 1.46718275547,
        "dvar": 1.97170329094,
        "dvar2": 3.84466910362,
        "max": 18.7764968872,
        "mean": 2.23310303688,
        "median": 1.48830199242,
        "min": -0.874248206615,
        "stdev": 2.52837753296,
        "var": 6.39269304276
    },
    "barkbands_spread": {
        "dmean": 8.50270938873,
        "dmean2": 12.8108921051,
        "dvar": 117.119232178,
        "dvar2": 231.110626221,
        "max": 116.939414978,
        "mean": 23.2117328644,
        "median": 20.9665641785,
        "min": 0.327188909054,
        "stdev": 16.5174789429,
        "var": 272.827087402
    },
    "dissonance": {
        "dmean": 0.0268698036671,
        "dmean2": 0.0449313111603,
        "dvar": 0.00075858423952,
        "dvar2": 0.00186080683488,
        "max": 0.499665945768,
        "mean": 0.450785219669,
        "median": 0.457914233208,
        "min": 0.179063007236,
        "stdev": 0.0339487083256,
        "var": 0.0011525148293
    },
    "dynamic_complexity": 2.23314976692,
    "erbbands_crest": {
        "dmean": 2.94445729256,
        "dmean2": 4.65944385529,
        "dvar": 7.646525383,
        "dvar2": 17.8094730377,
        "max": 25.1716194153,
        "mean": 9.83462810516,
        "median": 9.06223011017,
        "min": 2.67751955986,
        "stdev": 4.24051856995,
        "var": 17.9819984436
    },
    "erbbands_flatness_db": {
        "dmean": 0.0220747664571,
        "dmean2": 0.0309714060277,
        "dvar": 0.0004316168488,
        "dvar2": 0.000804059382062,
        "max": 0.291854649782,
        "mean": 0.141231805086,
        "median": 0.138987824321,
        "min": 0.0315090827644,
        "stdev": 0.044921990484,
        "var": 0.00201798509806
    },
    "erbbands_kurtosis": {
        "dmean": 1.01855945587,
        "dmean2": 1.52520501614,
        "dvar": 1.73342072964,
        "dvar2": 3.77593445778,
        "max": 16.8356437683,
        "mean": 0.955601811409,
        "median": 0.244801521301,
        "min": -1.74137449265,
        "stdev": 2.18374371529,
        "var": 4.76873636246
    },
    "erbbands_skewness": {
        "dmean": 0.410030543804,
        "dmean2": 0.607152402401,
        "dvar": 0.159452944994,
        "dvar2": 0.344617456198,
        "max": 3.63255667686,
        "mean": 0.36233484745,
        "median": 0.301207542419,
        "min": -1.7697480917,
        "stdev": 0.751579344273,
        "var": 0.564871549606
    },
    "erbbands_spread": {
        "dmean": 10.740401268,
        "dmean2": 15.9016551971,
        "dvar": 213.417419434,
        "dvar2": 435.997680664,
        "max": 184.471496582,
        "mean": 39.0500183105,
        "median": 34.4972839355,
        "min": 5.79356479645,
        "stdev": 23.568441391,
        "var": 555.471435547
    },
    "hfc": {
        "dmean": 10.0611248016,
        "dmean2": 13.6217002869,
        "dvar": 115.524528503,
        "dvar2": 201.881378174,
        "max": 98.3944015503,
        "mean": 30.3351764679,
        "median": 28.62981987,
        "min": 0.000234353166888,
        "stdev": 19.8533439636,
        "var": 394.155303955
    },
    "loudness_ebu128": {
        "integrated": -6.57317352295,
        "loudness_range": 1.24261617661,
        "momentary": {
            "dmean": 0.441258519888,
            "dmean2": 0.483547508717,
            "dvar": 0.15252353251,
            "dvar2": 0.199939057231,
            "max": -4.64093255997,
            "mean": -6.70649433136,
            "median": -6.48424005508,
            "min": -11.1147232056,
            "stdev": 1.13021993637,
            "var": 1.27739703655
        },
        "short_term": {
            "dmean": 0.0580201037228,
            "dmean2": 0.060278441757,
            "dvar": 0.00160908163525,
            "dvar2": 0.00222503836267,
            "max": -5.69472026825,
            "mean": -6.55738639832,
            "median": -6.49064350128,
            "min": -7.63797616959,
            "stdev": 0.406556993723,
            "var": 0.165288597345
        }
    },
    "melbands_crest": {
        "dmean": 3.82931542397,
        "dmean2": 5.8907995224,
        "dvar": 13.6199207306,
        "dvar2": 30.4739513397,
        "max": 35.589931488,
        "mean": 18.0811710358,
        "median": 18.2902145386,
        "min": 3.76095294952,
        "stdev": 6.44959497452,
        "var": 41.5972747803
    },
    "melbands_flatness_db": {
        "dmean": 0.044017534703,
        "dmean2": 0.0599616095424,
        "dvar": 0.00171222817153,
        "dvar2": 0.00325445830822,
        "max": 0.546861112118,
        "mean": 0.232396051288,
        "median": 0.219815284014,
        "min": 0.0650444850326,
        "stdev": 0.08395165205,
        "var": 0.00704787950963
    },
    "melbands_kurtosis": {
        "dmean": 19.7086200714,
        "dmean2": 29.6327705383,
        "dvar": 1568.47729492,
        "dvar2": 3254.80395508,
        "max": 456.440368652,
        "mean": 29.7709693909,
        "median": 7.74732494354,
        "min": -1.54713118076,
        "stdev": 57.9147186279,
        "var": 3354.11450195
    },
    "melbands_skewness": {
        "dmean": 1.34686160088,
        "dmean2": 1.90643811226,
        "dvar": 2.60377120972,
        "dvar2": 4.97300672531,
        "max": 18.0212268829,
        "mean": 3.40721869469,
        "median": 2.59579181671,
        "min": -0.90013217926,
        "stdev": 2.9883890152,
        "var": 8.93046951294
    },
    "melbands_spread": {
        "dmean": 8.18991661072,
        "dmean2": 11.9967737198,
        "dvar": 80.1206893921,
        "dvar2": 185.579910278,
        "max": 103.831268311,
        "mean": 21.0226631165,
        "median": 19.6928138733,
        "min": 0.392367213964,
        "stdev": 14.3721961975,
        "var": 206.560012817
    },
    "pitch_salience": {
        "dmean": 0.0900616571307,
        "dmean2": 0.138255804777,
        "dvar": 0.00714634591714,
        "dvar2": 0.0158320646733,
        "max": 0.788245439529,
        "mean": 0.423889666796,
        "median": 0.430734038353,
        "min": 0.0708748102188,
        "stdev": 0.154128581285,
        "var": 0.0237556193024
    },
    "silence_rate_20dB": {
        "dmean": 0,
        "dmean2": 0,
        "dvar": 0,
        "dvar2": 0,
        "max": 1,
        "mean": 1,
        "median": 1,
        "min": 1,
        "stdev": 0,
        "var": 0
    },
    "silence_rate_30dB": {
        "dmean": 0.0216718260199,
        "dmean2": 0.0433772280812,
        "dvar": 0.0212018918246,
        "dvar2": 0.0538888834417,
        "max": 1,
        "mean": 0.97138440609,
        "median": 1,
        "min": 0,
        "stdev": 0.166722849011,
        "var": 0.0277965068817
    },
    "silence_rate_60dB": {
        "dmean": 0.00386996893212,
        "dmean2": 0.00697134016082,
        "dvar": 0.00385481654666,
        "dvar2": 0.0100211473182,
        "max": 1,
        "mean": 0.00232018553652,
        "median": 0,
        "min": 0,
        "stdev": 0.0481133200228,
        "var": 0.00231489143334
    },
    "spectral_centroid": {
        "dmean": 286.633575439,
        "dmean2": 421.236450195,
        "dvar": 103643.6875,
        "dvar2": 223332.53125,
        "max": 3365.79272461,
        "mean": 1315.2019043,
        "median": 1337.35217285,
        "min": 128.31477356,
        "stdev": 515.02746582,
        "var": 265253.28125
    },
    "spectral_complexity": {
        "dmean": 4.3351392746,
        "dmean2": 5.98683214188,
        "dvar": 15.1670694351,
        "dvar2": 29.2523956299,
        "max": 41,
        "mean": 17.8762569427,
        "median": 18,
        "min": 0,
        "stdev": 7.14831066132,
        "var": 51.0983428955
    },
    "spectral_decrease": {
        "dmean": 3.40182282343e-09,
        "dmean2": 5.07779551739e-09,
        "dvar": 1.25419175883e-17,
        "dvar2": 2.67919846483e-17,
        "max": -6.01188912021e-13,
        "mean": -1.24888144271e-08,
        "median": -1.11558362548e-08,
        "min": -3.89591399141e-08,
        "stdev": 7.34646032896e-09,
        "var": 5.39704777095e-17
    },
    "spectral_energy": {
        "dmean": 0.0131402499974,
        "dmean2": 0.0196057464927,
        "dvar": 0.000182031886652,
        "dvar2": 0.000386914383853,
        "max": 0.148168668151,
        "mean": 0.0498871766031,
        "median": 0.0453860871494,
        "min": 2.29027818932e-06,
        "stdev": 0.0281316507608,
        "var": 0.000791389727965
    },
    "spectral_energyband_high": {
        "dmean": 0.00056322850287,
        "dmean2": 0.000851171207614,
        "dvar": 5.52619951577e-07,
        "dvar2": 1.18560524243e-06,
        "max": 0.00791740603745,
        "mean": 0.000972905836534,
        "median": 0.000734803557862,
        "min": 2.56362042705e-09,
        "stdev": 0.000982669414952,
        "var": 9.65639173955e-07
    },
    "spectral_energyband_low": {
        "dmean": 0.0117376707494,
        "dmean2": 0.0174457672983,
        "dvar": 0.000201823801035,
        "dvar2": 0.0004117647768,
        "max": 0.145932167768,
        "mean": 0.0296630244702,
        "median": 0.0177601333708,
        "min": 1.66567747328e-06,
        "stdev": 0.0284269507974,
        "var": 0.000808091484942
    },
    "spectral_energyband_middle_high": {
        "dmean": 0.00394759653136,
        "dmean2": 0.00501307100058,
        "dvar": 3.07048358081e-05,
        "dvar2": 4.31609987572e-05,
        "max": 0.0716233849525,
        "mean": 0.0100639890879,
        "median": 0.00546800903976,
        "min": 1.54117749673e-08,
        "stdev": 0.0115553233773,
        "var": 0.000133525507408
    },
    "spectral_energyband_middle_low": {
        "dmean": 0.00433873198926,
        "dmean2": 0.00655529275537,
        "dvar": 3.2662643207e-05,
        "dvar2": 6.94145128364e-05,
        "max": 0.0488757230341,
        "mean": 0.00969010591507,
        "median": 0.00780414603651,
        "min": 4.12881519196e-07,
        "stdev": 0.00812528841197,
        "var": 6.60203077132e-05
    },
    "spectral_entropy": {
        "dmean": 0.261116981506,
        "dmean2": 0.364998549223,
        "dvar": 0.0564624033868,
        "dvar2": 0.109676428139,
        "max": 8.77421760559,
        "mean": 7.55820703506,
        "median": 7.54193973541,
        "min": 5.69879770279,
        "stdev": 0.432875037193,
        "var": 0.18738079071
    },
    "spectral_flux": {
        "dmean": 0.0351854264736,
        "dmean2": 0.0570771731436,
        "dvar": 0.00109111180063,
        "dvar2": 0.00270284921862,
        "max": 0.258579343557,
        "mean": 0.105498984456,
        "median": 0.100735403597,
        "min": 0.00151336647104,
        "stdev": 0.0488516427577,
        "var": 0.00238648313098
    },
    "spectral_kurtosis": {
        "dmean": 1.55982220173,
        "dmean2": 2.44204998016,
        "dvar": 2.24741244316,
        "dvar2": 5.19492053986,
        "max": 18.1592483521,
        "mean": 4.40921020508,
        "median": 4.04020452499,
        "min": -1.21259617805,
        "stdev": 2.48867750168,
        "var": 6.19351625443
    },
    "spectral_rms": {
        "dmean": 0.000995439128019,
        "dmean2": 0.00146794994362,
        "dvar": 1.01093303329e-06,
        "dvar2": 2.04123875847e-06,
        "max": 0.0120230941102,
        "mean": 0.00665656849742,
        "median": 0.00665425509214,
        "min": 4.72696265206e-05,
        "stdev": 0.0020881826058,
        "var": 4.36050686403e-06
    },
    "spectral_rolloff": {
        "dmean": 645.348266602,
        "dmean2": 1042.66821289,
        "dvar": 1953505.5,
        "dvar2": 4126060.5,
        "max": 13285.9863281,
        "mean": 1319.3190918,
        "median": 968.994140625,
        "min": 64.599609375,
        "stdev": 1709.03601074,
        "var": 2920804.25
    },
    "spectral_skewness": {
        "dmean": 0.270349144936,
        "dmean2": 0.412265092134,
        "dvar": 0.059501670301,
        "dvar2": 0.129324823618,
        "max": 3.32044792175,
        "mean": 1.69641387463,
        "median": 1.67133045197,
        "min": 0.257517933846,
        "stdev": 0.448259592056,
        "var": 0.200936675072
    },
    "spectral_spread": {
        "dmean": 961790.8125,
        "dmean2": 1394798.375,
        "dvar": 1.85088095027e+12,
        "dvar2": 3.35367451443e+12,
        "max": 17400828,
        "mean": 5606857,
        "median": 5079276.5,
        "min": 2401704.5,
        "stdev": 2219934,
        "var": 4.92810692198e+12
    },
    "spectral_strongpeak": {
        "dmean": 0.763985812664,
        "dmean2": 1.26680612564,
        "dvar": 1.99996709824,
        "dvar2": 4.91869020462,
        "max": 10.4648246765,
        "mean": 1.23509740829,
        "median": 0.621819674969,
        "min": 0,
        "stdev": 1.65100681782,
        "var": 2.7258234024
    },
    "zerocrossingrate": {
        "dmean": 0.0148513838649,
        "dmean2": 0.0171696487814,
        "dvar": 0.000334362470312,
        "dvar2": 0.000363618979463,
        "max": 0.3369140625,
        "mean": 0.0544152259827,
        "median": 0.05029296875,
        "min": 0.001953125,
        "stdev": 0.0385277979076,
        "var": 0.0014843911631
    },
    "barkbands": {
        "dmean": [0.000435484951595, 0.0107870716602, 0.00218172813766, 0.000525237759575, 0.000806499097962, 0.000429369305493, 0.00072880013613, 0.0017077550292, 0.00179916084744, 0.00133688596543, 0.000978919677436, 0.000728827144485, 0.000518623390235, 0.000915345561225, 0.000970698194578, 0.000305910332827, 0.000222964823479, 0.00021837335953, 0.000133669833303, 0.000168505488546, 8.91654781299e-05, 0.000140251999255, 8.50893338793e-05, 9.22587205423e-05, 9.46338332142e-05, 0.000108360596641, 1.80497700057e-05],
        "dmean2": [0.000726284575649, 0.0163572616875, 0.00335682067089, 0.000873023353051, 0.00124337873422, 0.000669778033625, 0.00112654455006, 0.00277616339736, 0.00266474694945, 0.00199332763441, 0.00131547183264, 0.00109025393613, 0.000780123053119, 0.00143101345748, 0.00146411557216, 0.000461565214209, 0.000334612443112, 0.000336569180945, 0.000201286224183, 0.000250545184826, 0.00014552671928, 0.000234635488596, 0.000136542075779, 0.000139833122375, 0.000139521813253, 0.000155155939865, 2.92341628665e-05],
        "dvar": [4.72379809935e-07, 0.000189821032109, 1.40893389471e-05, 5.37337200512e-07, 2.16609714698e-06, 5.01384249674e-07, 2.61212926489e-06, 1.4077932974e-05, 1.48923209053e-05, 1.29883583213e-05, 9.26917346078e-06, 3.08675112137e-06, 1.33210562581e-06, 3.19684795613e-06, 4.45781279268e-06, 3.73218568939e-07, 1.1739018646e-07, 1.90550238699e-07, 6.00054619326e-08, 8.36315550146e-08, 1.92629272533e-08, 5.89133541951e-08, 1.56554822439e-08, 2.07631440929e-08, 3.44547750331e-08, 4.69175560625e-08, 2.07520955975e-09],
        "dvar2": [1.15339219064e-06, 0.000392739631934, 2.77274921245e-05, 1.41950829402e-06, 4.08528285334e-06, 1.14632189252e-06, 6.06911817158e-06, 3.36885859724e-05, 3.1789917557e-05, 2.65853304882e-05, 1.64941629919e-05, 6.2558128775e-06, 2.67709674517e-06, 7.96933909442e-06, 8.92213120096e-06, 7.76548063186e-07, 2.45064995852e-07, 4.35406008137e-07, 1.33794046064e-07, 1.81273406952e-07, 4.98300707363e-08, 1.56993010592e-07, 3.83740434984e-08, 4.12487075607e-08, 6.26590335173e-08, 8.51152393011e-08, 4.88143436783e-09],
        "max": [0.00712084490806, 0.14306601882, 0.076734483242, 0.00810658186674, 0.0252682920545, 0.00974678527564, 0.0218063592911, 0.0470188483596, 0.0414662435651, 0.0586534030735, 0.0518639795482, 0.0308918431401, 0.0147228091955, 0.0295637901872, 0.0211629830301, 0.00931219384074, 0.00503330584615, 0.00506309885532, 0.00430580088869, 0.00376100023277, 0.0012926220661, 0.00237934174947, 0.00118579913396, 0.00173940893728, 0.00279617495835, 0.00302726589143, 0.00066893605981],
        "mean": [0.000550795230083, 0.0253157764673, 0.0034741142299, 0.000714034074917, 0.00155553023797, 0.000902115425561, 0.00115343893413, 0.0023425759282, 0.00261880923063, 0.00211547245272, 0.0015345660504, 0.000961267913226, 0.000793537241407, 0.00141968671232, 0.00166695914231, 0.000602404703386, 0.000437846581917, 0.000358413672075, 0.000181349751074, 0.000312831922201, 0.000121968398162, 0.000179248469067, 0.000114317983389, 0.000143666838994, 0.000134331712616, 0.00016192664043, 2.02071350941e-05],
        "median": [0.000259354506852, 0.0129707464948, 0.00137627869844, 0.00039685529191, 0.000807841017377, 0.000340682832757, 0.000324882828863, 0.000467338366434, 0.00047835271107, 0.000298082683003, 0.000250587210758, 0.000341297592968, 0.000220828645979, 0.000372073234757, 0.000285428774077, 0.000231107696891, 0.00022100842034, 0.000129028965603, 8.07796459412e-05, 0.000149096769746, 6.5210282628e-05, 8.22755537229e-05, 6.80340162944e-05, 8.25263850857e-05, 5.06718679389e-05, 4.86590361106e-05, 1.64038863204e-06],
        "min": [1.34514039019e-07, 8.35852688397e-07, 3.803539812e-07, 2.23876938321e-07, 1.50133558918e-07, 1.81288566381e-08, 1.2540476213e-08, 2.77633094292e-09, 3.51600704107e-09, 6.03770144991e-09, 3.33746097425e-09, 3.18626264262e-10, 1.16975074071e-09, 7.98567545424e-10, 9.31635546486e-10, 9.30224230977e-10, 1.32243116457e-09, 6.54821974422e-10, 4.508767526e-10, 8.56773263447e-10, 3.32593952379e-10, 3.8522351975e-10, 2.844724456e-10, 2.41407671631e-10, 3.48883893997e-10, 2.54775422981e-10, 1.63361338346e-12],
        "stdev": [0.00082202651538, 0.0273750144988, 0.00651973066851, 0.000933343078941, 0.00257802102715, 0.00147454906255, 0.00227360078134, 0.00451830634847, 0.00517498329282, 0.0054501243867, 0.0045593357645, 0.00221718312241, 0.00159451318905, 0.00238164374605, 0.00331523804925, 0.00112533499487, 0.000569168129005, 0.000616344215814, 0.000302313797874, 0.000445344427135, 0.00015542897745, 0.000241295943852, 0.000140987831401, 0.000199766029255, 0.000249198114034, 0.000311765645165, 5.20288522239e-05],
        "var": [6.75727619637e-07, 0.000749391387217, 4.25068865297e-05, 8.71129259394e-07, 6.6461930146e-06, 2.17429510485e-06, 5.16926002092e-06, 2.04150928766e-05, 2.67804516625e-05, 2.97038568533e-05, 2.07875436899e-05, 4.91590071761e-06, 2.54247220255e-06, 5.67222741665e-06, 1.09908032755e-05, 1.26637883113e-06, 3.2395234939e-07, 3.79880162882e-07, 9.13936375468e-08, 1.98331662205e-07, 2.4158165246e-08, 5.82237333902e-08, 1.98775698124e-08, 3.99064674639e-08, 6.20996942757e-08, 9.71978124653e-08, 2.70700151184e-09]
    },
    "erbbands": {
        "dmean": [0.308187007904, 2.48978185654, 2.97901129723, 1.68683731556, 2.04488706589, 2.72074198723, 3.74669623375, 3.89644813538, 7.36547327042, 21.0606861115, 36.3623428345, 26.7781639099, 59.0087394714, 31.9368801117, 33.5733833313, 26.9268360138, 20.0756797791, 29.1979255676, 55.0258140564, 39.2813491821, 14.6021413803, 14.4455118179, 12.2694673538, 5.97748231888, 8.43332576752, 7.88859415054, 3.49831223488, 4.15040540695, 5.33948469162, 3.35831308365, 2.23608279228, 1.99296748638, 1.58446884155, 1.0612629652, 0.726995706558, 0.495169639587, 0.203005433083, 0.0513740330935, 0.00173371518031, 4.16179063905e-05],
        "dmean2": [0.484105885029, 3.77777576447, 4.63526344299, 2.73926687241, 3.3186981678, 4.22054052353, 5.81645870209, 5.89848804474, 11.3564214706, 33.852519989, 58.4150543213, 39.8327407837, 89.6291656494, 45.1749229431, 45.9879302979, 39.9488792419, 29.7007770538, 41.277973175, 82.4627685547, 58.178314209, 21.1152381897, 21.2507743835, 18.4309139252, 9.17701053619, 12.447052002, 11.5928554535, 5.50656270981, 6.93554973602, 9.00367832184, 5.35037469864, 3.57267141342, 3.11089158058, 2.38260746002, 1.57736933231, 1.07336449623, 0.726322770119, 0.293978601694, 0.0789014548063, 0.00275239953771, 6.22135921731e-05],
        "dvar": [0.189782112837, 10.1591043472, 23.3070545197, 5.60400533676, 9.10441017151, 37.4104385376, 96.0052871704, 52.498664856, 306.845214844, 1924.98974609, 6784.36523438, 2884.46606445, 18050.0175781, 5208.02685547, 9396.81542969, 4455.71972656, 1553.82458496, 2317.95800781, 14409.8964844, 9420.42675781, 713.594970703, 495.283172607, 665.95904541, 111.05770874, 248.002929688, 174.781188965, 23.8501586914, 55.1428070068, 94.600151062, 21.483581543, 11.3404321671, 9.3222322464, 7.09314250946, 4.65353488922, 2.0599591732, 0.903358697891, 0.185366809368, 0.0124785155058, 1.65601632034e-05, 5.07170483388e-09],
        "dvar2": [0.41942641139, 20.8552894592, 45.034122467, 13.9684667587, 22.1501998901, 69.9831924438, 170.775665283, 115.10925293, 725.122436523, 4739.65820312, 16285.5527344, 6205.96728516, 39189.09375, 11278.3007812, 16686.7519531, 8562.47070312, 3149.57714844, 4613.67871094, 32027.2011719, 17229.6757812, 1540.30078125, 1023.12023926, 1511.87927246, 269.585968018, 525.145996094, 332.407348633, 56.882194519, 146.187667847, 254.358856201, 53.0956001282, 27.34765625, 19.4756183624, 14.9010839462, 9.13552093506, 3.79599189758, 1.77046906948, 0.355240672827, 0.0270982049406, 3.75787676603e-05, 1.08947109112e-08],
        "max": [4.18347597122, 34.6033287048, 88.5648803711, 28.7722644806, 39.1092414856, 118.682022095, 190.355148315, 111.003875732, 270.528045654, 601.39239502, 1049.30285645, 681.95526123, 1975.68286133, 1074.34216309, 1427.39038086, 1491.20825195, 490.746154785, 594.114257812, 1392.53381348, 1390.54736328, 395.239471436, 353.283905029, 347.10345459, 138.154907227, 268.905303955, 171.379684448, 76.3560333252, 70.6958084106, 102.413841248, 38.6540908813, 33.5582695007, 30.8142108917, 36.9703445435, 29.1521492004, 20.3736629486, 12.0171670914, 7.25067710876, 1.31128954887, 0.0564525686204, 0.000904362357687],
        "mean": [0.676556348801, 5.79063653946, 5.89223051071, 2.79705882072, 3.22723770142, 5.10689210892, 6.64418983459, 9.04576778412, 12.910823822, 30.969247818, 51.0244903564, 40.1601371765, 91.2624282837, 55.7098312378, 52.0304527283, 36.6943588257, 34.5374908447, 55.8186950684, 94.7839508057, 74.8111495972, 30.1402873993, 29.7874107361, 21.4325332642, 8.49271869659, 13.6424636841, 14.9764766693, 5.52100753784, 5.08848524094, 6.55010128021, 4.87312078476, 3.03343081474, 3.09404850006, 2.24752211571, 1.41208434105, 1.01743590832, 0.718011200428, 0.277495115995, 0.0662025362253, 0.00216203951277, 0.000104556194856],
        "median": [0.28662982583, 2.86864995956, 3.3262591362, 1.78336036205, 1.72811233997, 2.24059200287, 2.50565433502, 2.82490921021, 5.28044271469, 10.9354171753, 11.9968910217, 13.434545517, 20.6832923889, 14.7707033157, 12.8960666656, 13.0148420334, 11.938952446, 15.058057785, 20.9338645935, 16.3043613434, 13.9654369354, 15.7477588654, 9.27117061615, 4.18602466583, 6.84251832962, 7.14400434494, 3.35683202744, 2.37225055695, 2.55898284912, 2.84843182564, 1.82613587379, 1.75216817856, 1.14700341225, 0.524378418922, 0.344855487347, 0.22764852643, 0.0736936628819, 0.0101869171485, 0.000278627790976, 8.22185902507e-05],
        "min": [3.27474554069e-05, 0.00015974121925, 0.00041868709377, 0.000661054975353, 0.000680500641465, 0.000431528053014, 0.000166491867276, 0.00016726879403, 0.000223023758736, 7.7152675658e-05, 8.60870568431e-05, 6.91963141435e-05, 0.000162037118571, 0.000183754251339, 8.8449465693e-05, 1.51558215293e-05, 4.53485263279e-05, 5.55707847525e-05, 3.77118449251e-05, 6.17714758846e-05, 5.00037094753e-05, 8.02065915195e-05, 4.10752145399e-05, 2.63432502834e-05, 2.10732923733e-05, 4.14021924371e-05, 1.9497674657e-05, 1.20999329738e-05, 1.50003352246e-05, 1.20340318972e-05, 7.55509336159e-06, 4.87285205963e-06, 4.47602951681e-06, 4.49332037533e-06, 2.00281056095e-06, 1.11463680241e-06, 4.40684772229e-07, 1.45060923273e-07, 3.40179546754e-08, 5.75794700808e-09],
        "stdev": [0.816477775574, 6.29765939713, 8.57183265686, 3.07865595818, 4.37841367722, 10.6600990295, 16.5141429901, 16.7151050568, 26.3110961914, 53.2587547302, 95.1155548096, 69.8460769653, 177.965148926, 104.839950562, 140.592773438, 87.7899780273, 58.6718864441, 88.7923049927, 177.963439941, 168.429077148, 46.2699775696, 38.6940193176, 36.1229057312, 12.2446699142, 21.8155708313, 21.7953834534, 6.58746623993, 7.17134857178, 9.38426589966, 5.57176589966, 3.79216980934, 4.13673973083, 3.47357749939, 2.7211420536, 1.97397136688, 1.34287285805, 0.587923049927, 0.143657788634, 0.00492417160422, 9.71268673311e-05],
        "var": [0.666635930538, 39.6605148315, 73.4763183594, 9.47812271118, 19.1705055237, 113.637710571, 272.716918945, 279.394744873, 692.273803711, 2836.49511719, 9046.96875, 4878.47412109, 31671.5917969, 10991.4160156, 19766.3300781, 7707.08056641, 3442.39013672, 7884.07275391, 31670.9882812, 28368.3535156, 2140.91088867, 1497.22717285, 1304.86437988, 149.931945801, 475.919128418, 475.038726807, 43.3947105408, 51.4282417297, 88.0644378662, 31.0445766449, 14.3805513382, 17.1126174927, 12.0657405853, 7.40461397171, 3.89656281471, 1.80330741405, 0.345653533936, 0.0206375606358, 2.42474670813e-05, 9.43362898909e-09]
    },
    "gfcc": {
        "mean": [31.1099758148, 77.2981262207, -99.9572296143, 24.2160167694, -41.9202308655, 30.2013034821, -28.1200637817, 22.0177364349, -13.5751914978, 12.541009903, -19.5801448822, 3.13134551048, -12.0039072037],
        "cov": [[2690.21484375, -747.245117188, -639.346923828, -278.122711182, -160.2525177, -41.0832328796, -59.8908653259, 188.424606323, -53.3129768372, 51.6601638794, -129.209213257, 14.1630239487, -128.119750977], [-747.245117188, 850.554016113, -107.094406128, 172.205047607, 132.097061157, -5.00650167465, 151.186386108, -43.4815826416, 154.246414185, -25.7281551361, 59.6581497192, -61.3097305298, 78.1442642212], [-639.346923828, -107.094406128, 1133.8984375, 121.86807251, 130.293212891, -12.3447399139, -99.8825073242, 31.4767551422, -22.9271297455, 58.6178359985, 77.1863098145, 46.0426521301, -53.0419273376], [-278.122711182, 172.205047607, 121.86807251, 430.200836182, 44.4888305664, -6.64356374741, -13.3115930557, -22.4062080383, 145.846755981, 41.9369239807, 20.1599674225, 7.02858495712, 94.4412841797], [-160.2525177, 132.097061157, 130.293212891, 44.4888305664, 299.615600586, 31.17345047, 53.4922409058, 34.715763092, 17.8194923401, -1.70034062862, 35.6229667664, 8.82420539856, 38.3092842102], [-41.0832328796, -5.00650167465, -12.3447399139, -6.64356374741, 31.17345047, 280.486053467, 172.54460144, -44.2742576599, -8.24257183075, -7.0864944458, -8.98094081879, 11.1595258713, 24.3606967926], [-59.8908653259, 151.186386108, -99.8825073242, -13.3115930557, 53.4922409058, 172.54460144, 335.555114746, -24.1899986267, 5.1479973793, 5.08845853806, -10.6876478195, -6.69410562515, 24.3071308136], [188.424606323, -43.4815826416, 31.4767551422, -22.4062080383, 34.715763092, -44.2742576599, -24.1899986267, 151.79498291, 53.8461341858, 18.4388961792, 12.8372344971, -8.54186725616, 1.55055391788], [-53.3129768372, 154.246414185, -22.9271297455, 145.846755981, 17.8194923401, -8.24257183075, 5.1479973793, 53.8461341858, 228.655410767, 53.3239898682, -8.51346588135, -26.2269039154, 46.2533569336], [51.6601638794, -25.7281551361, 58.6178359985, 41.9369239807, -1.70034062862, -7.0864944458, 5.08845853806, 18.4388961792, 53.3239898682, 102.206077576, 14.7163991928, 3.59654855728, 9.32289505005], [-129.209213257, 59.6581497192, 77.1863098145, 20.1599674225, 35.6229667664, -8.98094081879, -10.6876478195, 12.8372344971, -8.51346588135, 14.7163991928, 108.600135803, 21.4808731079, -0.296662509441], [14.1630239487, -61.3097305298, 46.0426521301, 7.02858495712, 8.82420539856, 11.1595258713, -6.69410562515, -8.54186725616, -26.2269039154, 3.59654855728, 21.4808731079, 92.034324646, 13.1134538651], [-128.119750977, 78.1442642212, -53.0419273376, 94.4412841797, 38.3092842102, 24.3606967926, 24.3071308136, 1.55055391788, 46.2533569336, 9.32289505005, -0.296662509441, 13.1134538651, 117.990821838]],
        "icov": [[0.000839073851239, 0.000636560667772, 0.000651542213745, -0.000159856033861, -0.000157502450747, -3.62499667972e-05, -3.69029839931e-05, -0.001036097412, 0.000104585153167, -0.000603511463851, 0.000538368476555, -0.00031769744237, 0.00103355268948], [0.000636560667772, 0.00287810224108, 0.000568169925828, -0.000234741411987, -0.000835125276353, 0.00115774897859, -0.00144162063953, 0.000900197366718, -0.00189275445882, 0.00132464908529, -0.0016389854718, 0.00125721620861, 3.91069770558e-05], [0.000651542213745, 0.000568169925828, 0.00170119362883, -0.00073057343252, -0.000715815578587, -0.000329513743054, 0.00040962456842, -0.00107711367309, 0.000525399518665, -0.00115838134661, 8.0231227912e-05, -0.000567353738006, 0.00185973558109], [-0.000159856033861, -0.000234741411987, -0.00073057343252, 0.00414518313482, 1.1519094187e-05, 0.000396565010305, 0.000180745206308, 0.00201293034479, -0.00254957075231, 8.67021808517e-05, -0.000702667166479, -9.73313508439e-05, -0.00281204166822], [-0.000157502450747, -0.000835125276353, -0.000715815578587, 1.1519094187e-05, 0.00442030513659, -0.000367459753761, -0.00040771116619, -0.00127329770476, 0.000515930296388, 0.000526036368683, -0.000579827872571, -0.000236907144426, -0.00142647221219], [-3.62499667972e-05, 0.00115774897859, -0.000329513743054, 0.000396565010305, -0.000367459753761, 0.00621563661844, -0.00351665983908, 0.00223232107237, -0.00136729190126, 0.00148363958579, -0.000821312598418, 7.83002105891e-05, -0.00133254344109], [-3.69029839931e-05, -0.00144162063953, 0.00040962456842, 0.000180745206308, -0.00040771116619, -0.00351665983908, 0.0055857100524, -0.000811040925328, 0.00124023249373, -0.00189730059355, 0.00132907554507, -0.000312884396408, 0.000374409893993], [-0.001036097412, 0.000900197366718, -0.00107711367309, 0.00201293034479, -0.00127329770476, 0.00223232107237, -0.000811040925328, 0.0112430900335, -0.00450692698359, 0.0016391936224, -0.00305774854496, 0.00168780656531, -0.00240279757418], [0.000104585153167, -0.00189275445882, 0.000525399518665, -0.00254957075231, 0.000515930296388, -0.00136729190126, 0.00124023249373, -0.00450692698359, 0.00950743444264, -0.00452713761479, 0.00286883558147, 0.000641364546027, 0.000129172069137], [-0.000603511463851, 0.00132464908529, -0.00115838134661, 8.67021808517e-05, 0.000526036368683, 0.00148363958579, -0.00189730059355, 0.0016391936224, -0.00452713761479, 0.0139461820945, -0.00342231080867, 0.000527220312506, -0.00162501831073], [0.000538368476555, -0.0016389854718, 8.0231227912e-05, -0.000702667166479, -0.000579827872571, -0.000821312598418, 0.00132907554507, -0.00305774854496, 0.00286883558147, -0.00342231080867, 0.0128261772916, -0.00351494853385, 0.0019614729099], [-0.00031769744237, 0.00125721620861, -0.000567353738006, -9.73313508439e-05, -0.000236907144426, 7.83002105891e-05, -0.000312884396408, 0.00168780656531, 0.000641364546027, 0.000527220312506, -0.00351494853385, 0.0136097352952, -0.00306622381322], [0.00103355268948, 3.91069770558e-05, 0.00185973558109, -0.00281204166822, -0.00142647221219, -0.00133254344109, 0.000374409893993, -0.00240279757418, 0.000129172069137, -0.00162501831073, 0.0019614729099, -0.00306622381322, 0.0137746213004]]
    },
    "melbands": {
        "dmean": [0.00290630757809, 0.00194432050921, 0.000285068381345, 0.000153600878548, 0.000135856695124, 8.74426332302e-05, 0.00011930524488, 0.000281658751192, 0.000265355483862, 0.000212466664379, 0.000307925889501, 0.000144608187838, 0.000136805756483, 7.42790580261e-05, 6.38448182144e-05, 5.45109141967e-05, 5.55650876777e-05, 0.000105653809442, 5.84078516113e-05, 3.51844137185e-05, 1.53634864546e-05, 1.57613430929e-05, 1.47622313307e-05, 8.38356663735e-06, 4.75179922432e-06, 5.13013128511e-06, 7.66953507991e-06, 4.79585287394e-06, 2.30827981795e-06, 2.04375578505e-06, 2.69147017207e-06, 3.20042227031e-06, 2.58243107965e-06, 1.75299817329e-06, 1.33751768772e-06, 1.27494899971e-06, 1.27407690798e-06, 1.16082048862e-06, 1.06973936909e-06, 8.86615850959e-07],
        "dmean2": [0.00444251764566, 0.00292690121569, 0.000454664143035, 0.000243266360485, 0.000209313991945, 0.000133220441057, 0.000183298107004, 0.000452110369224, 0.000427285878686, 0.000314487144351, 0.000465720775537, 0.00020829901041, 0.000186549164937, 0.000114968242997, 9.42544575082e-05, 7.9035795352e-05, 8.27444309834e-05, 0.000160455878358, 8.71268493938e-05, 5.18868946529e-05, 2.29803081311e-05, 2.35064035223e-05, 2.25177464017e-05, 1.27150779008e-05, 7.48263710193e-06, 7.75209718995e-06, 1.1479168279e-05, 7.18854153092e-06, 3.63664980796e-06, 3.33748130288e-06, 4.57449914393e-06, 5.4680717767e-06, 4.25189318776e-06, 2.82061660073e-06, 2.17770434574e-06, 1.992244961e-06, 2.00777981263e-06, 1.78787695404e-06, 1.61127104548e-06, 1.34395543228e-06],
        "dvar": [1.50955238496e-05, 6.60347723169e-06, 1.39217405604e-07, 6.15589144104e-08, 1.22695752225e-07, 2.3367121571e-08, 6.86692445129e-08, 3.02430322563e-07, 3.49824404111e-07, 2.06653524515e-07, 4.72490512493e-07, 1.16039210241e-07, 1.9075808666e-07, 3.29136895516e-08, 2.81005654301e-08, 1.39082070305e-08, 8.68264748988e-09, 5.35069091256e-08, 1.7271027275e-08, 5.7876241577e-09, 8.33111024612e-10, 6.07729200297e-10, 7.59611040735e-10, 2.76507428065e-10, 8.2533958834e-11, 1.07467500177e-10, 2.19283632918e-10, 5.79761967601e-11, 1.13948919744e-11, 9.96157323296e-12, 2.78019534478e-11, 3.77201152257e-11, 1.76379570671e-11, 6.65607933353e-12, 4.88913206795e-12, 3.65998681015e-12, 4.24211143643e-12, 3.76333859908e-12, 4.24013341799e-12, 3.5103736324e-12],
        "dvar2": [3.13475975418e-05, 1.35300842885e-05, 3.36965570114e-07, 1.29208260091e-07, 2.12835686852e-07, 5.24000149937e-08, 1.63288234489e-07, 7.32155513106e-07, 8.20554362235e-07, 4.43609678769e-07, 1.01511579942e-06, 2.59449677742e-07, 3.29941912014e-07, 7.4954797924e-08, 5.07985724596e-08, 2.81444894057e-08, 1.88446040994e-08, 1.21946030163e-07, 3.40300481128e-08, 1.08825268796e-08, 1.84697834804e-09, 1.23599286361e-09, 1.67333813472e-09, 6.68024802142e-10, 2.05220632155e-10, 2.45492209894e-10, 4.62383825672e-10, 1.09253613101e-10, 2.56330165427e-11, 2.58639620138e-11, 7.44085140725e-11, 1.02064745544e-10, 4.6040310453e-11, 1.66800653151e-11, 1.23116117995e-11, 8.52792055722e-12, 9.16264546874e-12, 8.11797070538e-12, 9.14434413607e-12, 6.75308897344e-12],
        "max": [0.0375101491809, 0.0316846892238, 0.00448114704341, 0.00456286687404, 0.00690114032477, 0.00220241164789, 0.00365917477757, 0.00580332381651, 0.00689872866496, 0.00445972150192, 0.0102474326268, 0.00524486927316, 0.00693739298731, 0.00322454771958, 0.0028987377882, 0.00169056339655, 0.000950192508753, 0.00310486066155, 0.0016333857784, 0.00103415141348, 0.000416346883867, 0.000356356467819, 0.000335988792358, 0.00023268510995, 0.000118221068988, 0.000229688477702, 0.000199235015316, 8.58855273691e-05, 6.57772397972e-05, 3.28011192323e-05, 5.46562187083e-05, 6.401243445e-05, 4.74023618153e-05, 2.21806167247e-05, 2.53167108895e-05, 1.62969427038e-05, 2.31565099966e-05, 2.57621468336e-05, 2.41467259912e-05, 2.50317334576e-05],
        "mean": [0.00686416123062, 0.004557013046, 0.000505960662849, 0.000284102046862, 0.000250215904089, 0.000197384535568, 0.000204740776098, 0.00040902508772, 0.00037327921018, 0.000306514848489, 0.000475728535093, 0.000238773965975, 0.000211665450479, 9.38521770877e-05, 9.22483523027e-05, 9.06374625629e-05, 9.78910538834e-05, 0.000169936494785, 9.92974528344e-05, 6.93796828273e-05, 2.77556737274e-05, 3.08965354634e-05, 2.59706212091e-05, 1.25639880935e-05, 5.96790732743e-06, 7.29510929887e-06, 1.34690217237e-05, 8.81952746568e-06, 3.40110250363e-06, 2.73595446743e-06, 3.03372735289e-06, 3.66548147213e-06, 3.54091230292e-06, 2.43101771957e-06, 1.70276359768e-06, 1.7448737708e-06, 1.92997822523e-06, 1.60423451234e-06, 1.3838259747e-06, 1.11073495646e-06],
        "median": [0.00335321575403, 0.00284632155672, 0.000342731626006, 0.000163757489645, 8.96056080819e-05, 6.57368655084e-05, 7.7511103882e-05, 0.000119981821626, 7.73237115936e-05, 6.04185079283e-05, 0.000104454702523, 5.56971426704e-05, 3.8893740566e-05, 3.24047905451e-05, 3.02289081446e-05, 2.20626607188e-05, 2.59714324784e-05, 3.14063872793e-05, 2.18077984755e-05, 1.58158563863e-05, 1.42317348946e-05, 1.48228273247e-05, 1.07704072434e-05, 4.93091010867e-06, 2.74734247796e-06, 3.30097100232e-06, 5.40592509424e-06, 3.85950170312e-06, 1.75709362793e-06, 1.47699324771e-06, 1.14007116281e-06, 1.33086098231e-06, 1.70926182363e-06, 1.40431791351e-06, 9.69933012129e-07, 9.15023179004e-07, 1.06078016415e-06, 7.86921532381e-07, 5.32769149686e-07, 3.833660287e-07],
        "min": [2.93244539762e-07, 2.15223352029e-07, 1.14908324633e-07, 3.97478352454e-08, 7.67101049348e-09, 3.7342156034e-09, 3.20283843891e-09, 6.72246813771e-10, 7.31336879944e-10, 4.30507657301e-10, 8.24441903635e-10, 7.62114427122e-10, 3.87411630554e-10, 4.91825712101e-11, 4.30714110211e-11, 1.42902314981e-10, 9.15490391828e-11, 5.54374428308e-11, 7.05109234889e-11, 8.04592920067e-11, 5.08898166662e-11, 9.3817627278e-11, 4.0044453864e-11, 3.38607752948e-11, 1.94520528157e-11, 1.86893105159e-11, 1.77627409309e-11, 3.00953637011e-11, 1.32719174192e-11, 1.03387333417e-11, 5.64979920487e-12, 7.93780232516e-12, 7.93151742201e-12, 6.39793383203e-12, 4.65953621173e-12, 3.21131099143e-12, 2.85004832234e-12, 3.06338656698e-12, 3.39150257357e-12, 4.01155888022e-12],
        "stdev": [0.00775598129258, 0.00469511002302, 0.0005350325373, 0.000403379002819, 0.000610536313616, 0.000343940628227, 0.000375420087948, 0.000672185386065, 0.000699844909832, 0.000602582585998, 0.000933669391088, 0.000485399010358, 0.000646970584057, 0.000208098994335, 0.000236291773035, 0.000178208676516, 0.000157479415066, 0.00033578305738, 0.000209217774682, 0.000145777346916, 4.300980072e-05, 4.23739002144e-05, 4.01627330575e-05, 2.1340791136e-05, 9.68942276813e-06, 1.24692642203e-05, 2.19658868446e-05, 1.3070816749e-05, 4.8420274652e-06, 3.44709610545e-06, 4.89119793201e-06, 5.66949574932e-06, 4.65964330942e-06, 2.97721021525e-06, 2.31156673181e-06, 2.3446848445e-06, 2.72464785667e-06, 2.49961567533e-06, 2.52559266301e-06, 2.32016714108e-06],
        "var": [6.01552455919e-05, 2.20440560952e-05, 2.86259790983e-07, 1.62714613339e-07, 3.72754556111e-07, 1.18295155005e-07, 1.40940244364e-07, 4.51833159332e-07, 4.89782905788e-07, 3.63105755241e-07, 8.71738564001e-07, 2.35612191091e-07, 4.18570920147e-07, 4.3305192321e-08, 5.58338015821e-08, 3.17583328524e-08, 2.47997675729e-08, 1.12750264236e-07, 4.37720757418e-08, 2.12510329334e-08, 1.84984294549e-09, 1.79554737745e-09, 1.6130451419e-09, 4.55429333135e-10, 9.38849067933e-11, 1.55482557385e-10, 4.82500150945e-10, 1.70846253811e-10, 2.3445231867e-11, 1.18824715692e-11, 2.39238177879e-11, 3.21431839478e-11, 2.17122760743e-11, 8.86378123677e-12, 5.34334122088e-12, 5.49754686219e-12, 7.42370574736e-12, 6.2480788772e-12, 6.37861855349e-12, 5.38317567605e-12]
    },
    "melbands128": {
