{
"lowlevel": {
    "average_loudness": 0.978647708893,
    "barkbands_crest": {
        "dmean": 2.49408173561,
        "dmean2": 3.82126116753,
        "dvar": 5.57756376266,
        "dvar2": 12.2551298141,
        "max": 24.6087360382,
        "mean": 11.4092435837,
        "median": 10.2495288849,
        "min": 3.3577580452,
        "stdev": 4.67486047745,
        "var": 21.8543186188
    },
    "barkbands_flatness_db": {
        "dmean": 0.0322319380939,
        "dmean2": 0.0464168526232,
        "dvar": 0.00108993425965,
        "dvar2": 0.00201498740353,
        "max": 0.419233053923,
        "mean": 0.204279243946,
        "median": 0.198361307383,
        "min": 0.0543337501585,
        "stdev": 0.063696295023,
        "var": 0.00405721785501
    },
    "barkbands_kurtosis": {
        "dmean": 6.42567157745,
        "dmean2": 9.96936416626,
        "dvar": 96.3827133179,
        "dvar2": 201.882736206,
        "max": 176.246383667,
        "mean": 12.376660347,
        "median": 7.91374874115,
        "min": -1.64547896385,
        "stdev": 15.9683084488,
        "var": 254.986877441
    },
    "barkbands_skewness": {
        "dmean": 0.736141443253,
        "dmean2": 1.13014543056,
        "dvar": 0.679982960224,
        "dvar2": 1.39469194412,
        "max": 11.8649091721,
        "mean": 2.49744224548,
        "median": 2.23827886581,
        "min": -1.60179197788,
        "stdev": 1.50361943245,
        "var": 2.26087141037
    },
    "barkbands_spread": {
        "dmean": 4.96578645706,
        "dmean2": 7.59432315826,
        "dvar": 60.5405502319,
        "dvar2": 127.114082336,
        "max": 90.4116439819,
        "mean": 11.7275047302,
        "median": 8.55251502991,
        "min": 0.839929640293,
        "stdev": 11.3441514969,
        "var": 128.68977356
    },
    "dissonance": {
        "dmean": 0.0314452573657,
        "dmean2": 0.0523065067828,
        "dvar": 0.000810172175989,
        "dvar2": 0.00208781240508,
        "max": 0.499893695116,
        "mean": 0.431920677423,
        "median": 0.438605070114,
        "min": 0.254183799028,
        "stdev": 0.0421027578413,
        "var": 0.00177264213562
    },
    "dynamic_complexity": 1.77488064766,
    "erbbands_crest": {
        "dmean": 3.00236415863,
        "dmean2": 4.81261253357,
        "dvar": 7.23866891861,
        "dvar2": 18.5207672119,
        "max": 27.5038642883,
        "mean": 10.2341527939,
        "median": 9.42032814026,
        "min": 3.26409053802,
        "stdev": 4.06627368927,
        "var": 16.5345802307
    },
    "erbbands_flatness_db": {
        "dmean": 0.0228273868561,
        "dmean2": 0.0337347239256,
        "dvar": 0.000597241451032,
        "dvar2": 0.00125455902889,
        "max": 0.33604106307,
        "mean": 0.170775026083,
        "median": 0.167997762561,
        "min": 0.0687211975455,
        "stdev": 0.041611302644,
        "var": 0.00173150061164
    },
    "erbbands_kurtosis": {
        "dmean": 1.79612672329,
        "dmean2": 2.85825181007,
        "dvar": 5.11318302155,
        "dvar2": 13.171664238,
        "max": 22.0009098053,
        "mean": 1.95256984234,
        "median": 1.05255699158,
        "min": -1.85918390751,
        "stdev": 3.16617321968,
        "var": 10.0246524811
    },
    "erbbands_skewness": {
        "dmean": 0.499257087708,
        "dmean2": 0.76885843277,
        "dvar": 0.226970255375,
        "dvar2": 0.547440886497,
        "max": 3.89804530144,
        "mean": 1.03968083858,
        "median": 0.978495895863,
        "min": -1.97453176975,
        "stdev": 0.791722118855,
        "var": 0.62682390213
    },
    "erbbands_spread": {
        "dmean": 10.7835273743,
        "dmean2": 16.6097335815,
        "dvar": 237.401794434,
        "dvar2": 478.320861816,
        "max": 166.074493408,
        "mean": 36.0068664551,
        "median": 29.6870002747,
        "min": 4.38784217834,
        "stdev": 24.8015155792,
        "var": 615.11517334
    },
    "hfc": {
        "dmean": 7.13403844833,
        "dmean2": 11.356637001,
        "dvar": 135.038803101,
        "dvar2": 347.627166748,
        "max": 107.179046631,
        "mean": 16.7356300354,
        "median": 13.3231582642,
        "min": 1.18798435495e-16,
        "stdev": 13.8659801483,
        "var": 192.265396118
    },
    "loudness_ebu128": {
        "integrated": -7.59385299683,
        "loudness_range": 0.960151195526,
        "momentary": {
            "dmean": 0.530201911926,
            "dmean2": 0.73288500309,
            "dvar": 0.186375439167,
            "dvar2": 0.35725158453,
            "max": -5.48005485535,
            "mean": -7.72476482391,
            "median": -7.53064966202,
            "min": -12.0197305679,
            "stdev": 1.11298000813,
            "var": 1.23872458935
        },
        "short_term": {
            "dmean": 0.0596583746374,
            "dmean2": 0.0734085217118,
            "dvar": 0.0024411813356,
            "dvar2": 0.00312161655165,
            "max": -6.97242259979,
            "mean": -7.55362319946,
            "median": -7.4619846344,
            "min": -8.5409040451,
            "stdev": 0.344062834978,
            "var": 0.118379235268
        }
    },
    "melbands_crest": {
        "dmean": 2.67789554596,
        "dmean2": 4.1138458252,
        "dvar": 7.4951505661,
        "dvar2": 14.9352169037,
        "max": 32.0369415283,
        "mean": 14.3661499023,
        "median": 13.007894516,
        "min": 2.55212235451,
        "stdev": 5.65101909637,
        "var": 31.9340171814
    },
    "melbands_flatness_db": {
        "dmean": 0.0387107506394,
        "dmean2": 0.0547721199691,
        "dvar": 0.00180680409539,
        "dvar2": 0.00341627560556,
        "max": 0.563780009747,
        "mean": 0.299037724733,
        "median": 0.293461501598,
        "min": 0.00724145863205,
        "stdev": 0.0798405781388,
        "var": 0.00637451792136
    },
    "melbands_kurtosis": {
        "dmean": 12.7501449585,
        "dmean2": 19.3349151611,
        "dvar": 608.937866211,
        "dvar2": 1309.25537109,
        "max": 621.549682617,
        "mean": 24.3551673889,
        "median": 14.7782173157,
        "min": -1.28591668606,
        "stdev": 33.4767036438,
        "var": 1120.6895752
    },
    "melbands_skewness": {
        "dmean": 0.93397629261,
        "dmean2": 1.40967667103,
        "dvar": 1.21127748489,
        "dvar2": 2.47792959213,
        "max": 19.1533565521,
        "mean": 3.23965764046,
        "median": 2.77612924576,
        "min": 0.0222593806684,
        "stdev": 1.9379774332,
        "var": 3.75575637817
    },
    "melbands_spread": {
        "dmean": 4.44802284241,
        "dmean2": 7.16307830811,
        "dvar": 73.2184143066,
        "dvar2": 175.788024902,
        "max": 121.551170349,
        "mean": 10.2615242004,
        "median": 7.77332782745,
        "min": 0.790755271912,
        "stdev": 9.23592758179,
        "var": 85.3023529053
    },
    "pitch_salience": {
        "dmean": 0.0775207802653,
        "dmean2": 0.12335318327,
        "dvar": 0.00575826130807,
        "dvar2": 0.0134081551805,
        "max": 0.839774012566,
        "mean": 0.523829758167,
        "median": 0.540677368641,
        "min": 0.134553134441,
        "stdev": 0.125176668167,
        "var": 0.0156691968441
    },
    "silence_rate_20dB": {
        "dmean": 0,
        "dmean2": 0,
        "dvar": 0,
        "dvar2": 0,
        "max": 1,
        "mean": 1,
        "median": 1,
        "min": 1,
        "stdev": 0,
        "var": 0
    },
    "silence_rate_30dB": {
        "dmean": 0.0510835908353,
        "dmean2": 0.102246321738,
        "dvar": 0.0484738573432,
        "dvar2": 0.0995371565223,
        "max": 1,
        "mean": 0.895591676235,
        "median": 1,
        "min": 0,
        "stdev": 0.305791139603,
        "var": 0.0935082286596
    },
    "silence_rate_60dB": {
        "dmean": 0.0100619196892,
        "dmean2": 0.0193648338318,
        "dvar": 0.00996068585664,
        "dvar2": 0.0251865498722,
        "max": 1,
        "mean": 0.00928074214607,
        "median": 0,
        "min": 0,
        "stdev": 0.0958879888058,
        "var": 0.00919450633228
    },
    "spectral_centroid": {
        "dmean": 235.798034668,
        "dmean2": 371.174102783,
        "dvar": 215352.5,
        "dvar2": 429742.5625,
        "max": 10883.3417969,
        "mean": 685.836608887,
        "median": 560.163635254,
        "min": 166.383529663,
        "stdev": 499.449615479,
        "var": 249449.90625
    },
    "spectral_complexity": {
        "dmean": 3.85835909843,
        "dmean2": 6.04105329514,
        "dvar": 29.6043930054,
        "dvar2": 70.0672531128,
        "max": 46,
        "mean": 13.7478733063,
        "median": 12,
        "min": 0,
        "stdev": 6.97757768631,
        "var": 48.6865921021
    },
    "spectral_decrease": {
        "dmean": 3.72324215903e-09,
        "dmean2": 5.79710990323e-09,
        "dvar": 2.89485057166e-17,
        "dvar2": 6.12221583816e-17,
        "max": 1.91409946831e-29,
        "mean": -1.24326930973e-08,
        "median": -9.87529702456e-09,
        "min": -4.8539156694e-08,
        "stdev": 9.04540620184e-09,
        "var": 8.18193791506e-17
    },
    "spectral_energy": {
        "dmean": 0.0144843254238,
        "dmean2": 0.0226498264819,
        "dvar": 0.000426827435149,
        "dvar2": 0.000904276268557,
        "max": 0.185167953372,
        "mean": 0.0484418272972,
        "median": 0.0385644808412,
        "min": 1.07031330917e-20,
        "stdev": 0.0345361195505,
        "var": 0.00119274365716
    },
    "spectral_energyband_high": {
        "dmean": 0.000353698502295,
        "dmean2": 0.000572567631025,
        "dvar": 6.77159164297e-07,
        "dvar2": 1.59576063652e-06,
        "max": 0.0112187368795,
        "mean": 0.000434148154454,
        "median": 0.000117315285024,
        "min": 7.54189032079e-21,
        "stdev": 0.00102718838025,
        "var": 1.05511594484e-06
    },
    "spectral_energyband_low": {
        "dmean": 0.00977456569672,
        "dmean2": 0.014744031243,
        "dvar": 0.000365385232726,
        "dvar2": 0.000712622888386,
        "max": 0.174227401614,
        "mean": 0.0275013353676,
        "median": 0.0176961012185,
        "min": 2.84564689935e-23,
        "stdev": 0.0321691147983,
        "var": 0.00103485200088
    },
    "spectral_energyband_middle_high": {
        "dmean": 0.00222982862033,
        "dmean2": 0.00352019257843,
        "dvar": 2.13163420995e-05,
        "dvar2": 5.42666530237e-05,
        "max": 0.0377010926604,
        "mean": 0.00330715556629,
        "median": 0.00152776122559,
        "min": 1.831527318e-21,
        "stdev": 0.00512130232528,
        "var": 2.62277353613e-05
    },
    "spectral_energyband_middle_low": {
        "dmean": 0.00936194695532,
        "dmean2": 0.015620903112,
        "dvar": 0.000316992111038,
        "dvar2": 0.00085134676192,
        "max": 0.162428990006,
        "mean": 0.0203685536981,
        "median": 0.0162162240595,
        "min": 2.95755641131e-22,
        "stdev": 0.0181694515049,
        "var": 0.00033012899803
    },
    "spectral_entropy": {
        "dmean": 0.294287085533,
        "dmean2": 0.42298823595,
        "dvar": 0.099741332233,
        "dvar2": 0.192284628749,
        "max": 9.7911567688,
        "mean": 6.99449729919,
        "median": 7.0006146431,
        "min": 5.09256744385,
        "stdev": 0.550394058228,
        "var": 0.302933633327
    },
    "spectral_flux": {
        "dmean": 0.0407821945846,
        "dmean2": 0.063566967845,
        "dvar": 0.00234497711062,
        "dvar2": 0.00474403984845,
        "max": 0.445794552565,
        "mean": 0.100347317755,
        "median": 0.0838343203068,
        "min": 1.034559452e-10,
        "stdev": 0.0661955997348,
        "var": 0.0043818578124
    },
    "spectral_kurtosis": {
        "dmean": 3.88848114014,
        "dmean2": 5.88890123367,
        "dvar": 29.4111270905,
        "dvar2": 65.1574020386,
        "max": 82.212562561,
        "mean": 8.9333152771,
        "median": 7.36486721039,
        "min": -1.33219778538,
        "stdev": 7.83280706406,
        "var": 61.3528633118
    },
    "spectral_rms": {
        "dmean": 0.000982202123851,
        "dmean2": 0.00151767523494,
        "dvar": 1.5041524648e-06,
        "dvar2": 2.90423986371e-06,
        "max": 0.0134406723082,
        "mean": 0.00649804249406,
        "median": 0.00613383110613,
        "min": 3.23142077333e-12,
        "stdev": 0.00224404572509,
        "var": 5.03574119648e-06
    },
    "spectral_rolloff": {
        "dmean": 332.080291748,
        "dmean2": 565.901550293,
        "dvar": 1005772.5,
        "dvar2": 1959106.5,
        "max": 18841.5527344,
        "mean": 632.106140137,
        "median": 430.6640625,
        "min": 64.599609375,
        "stdev": 1070.74658203,
        "var": 1146498.25
    },
    "spectral_skewness": {
        "dmean": 0.452604174614,
        "dmean2": 0.652637720108,
        "dvar": 0.235808968544,
        "dvar2": 0.514332532883,
        "max": 6.794734478,
        "mean": 2.27043294907,
        "median": 2.23702430725,
        "min": 0.0241175498813,
        "stdev": 0.837307393551,
        "var": 0.70108371973
    },
    "spectral_spread": {
        "dmean": 920050,
        "dmean2": 1295437,
        "dvar": 2.72701770957e+12,
        "dvar2": 3.83089115136e+12,
        "max": 38884244,
        "mean": 4461550.5,
        "median": 3942655,
        "min": 928516.125,
        "stdev": 2601321.75,
        "var": 6.76687459123e+12
    },
    "spectral_strongpeak": {
        "dmean": 0.374466270208,
        "dmean2": 0.644989073277,
        "dvar": 0.304887682199,
        "dvar2": 0.762695431709,
        "max": 4.56554079056,
        "mean": 0.732100605965,
        "median": 0.482172191143,
        "min": 7.03881397612e-10,
        "stdev": 0.671355485916,
        "var": 0.450718194246
    },
    "zerocrossingrate": {
        "dmean": 0.00914620328695,
        "dmean2": 0.010679025203,
        "dvar": 0.000326022069203,
        "dvar2": 0.00034896278521,
        "max": 0.5029296875,
        "mean": 0.0323126614094,
        "median": 0.0263671875,
        "min": 0.00244140625,
        "stdev": 0.0292206201702,
        "var": 0.00085384468548
    },
    "barkbands": {
        "dmean": [0.000334469950758, 0.00713423080742, 0.00304488511756, 0.00377394957468, 0.00349502265453, 0.00248152879067, 0.00223779468797, 0.00101466279011, 0.000604774220847, 0.00075287243817, 0.000376818759833, 0.000437666021753, 0.000234790029936, 0.000418604060542, 0.000111783854663, 0.000100677156297, 0.000135247319122, 0.000101610472484, 0.00013528544514, 0.000213637031266, 5.14144448971e-05, 7.18300943845e-05, 6.10900387983e-05, 7.4431009125e-05, 4.84264855913e-05, 2.12677896343e-05, 1.7127524643e-06],
        "dmean2": [0.000523635011632, 0.0111186774448, 0.00506379362196, 0.00650460412726, 0.00626525236294, 0.00405151071027, 0.00359475193545, 0.00158874527551, 0.000957574695349, 0.00126413337421, 0.000583939021453, 0.000672201218549, 0.000354286370566, 0.000735659850761, 0.000179265596671, 0.000148637685925, 0.000215446212678, 0.000165437231772, 0.000232832797337, 0.00039739132626, 8.80527804838e-05, 0.000123402729514, 0.000100967983599, 0.000113236143079, 6.93755791872e-05, 3.10846953653e-05, 3.0252056149e-06],
        "dvar": [9.85698306977e-07, 0.000345814070897, 4.32015112892e-05, 0.000104572784039, 6.97027790011e-05, 1.6931529899e-05, 1.29554773594e-05, 5.42656471225e-06, 2.59681883108e-06, 3.65488040188e-06, 5.23441542555e-07, 8.6937160404e-07, 4.5151989525e-07, 1.23469510527e-06, 8.38607263631e-08, 4.74379362458e-08, 4.52154260699e-08, 4.73024464043e-08, 8.35631368545e-08, 4.93321692829e-07, 1.61524251752e-08, 3.14282679881e-08, 2.24319567366e-08, 3.96705850392e-08, 3.771645396e-08, 4.86064477556e-09, 1.65463701768e-11],
        "dvar2": [1.92344418792e-06, 0.000666971318424, 0.000112758956675, 0.000284657144221, 0.000201280170586, 4.42420423497e-05, 3.1925366784e-05, 1.21234879771e-05, 5.97594907958e-06, 9.26163284021e-06, 1.1451724049e-06, 1.83099894002e-06, 9.42122767356e-07, 3.36044763571e-06, 1.90256045585e-07, 9.47417930774e-08, 1.08999401505e-07, 1.22408735592e-07, 2.22105938974e-07, 1.41825819355e-06, 4.25855475328e-08, 8.46574650382e-08, 5.26592494055e-08, 7.29990787818e-08, 7.9525783292e-08, 9.31173982366e-09, 4.45024572748e-11],
        "max": [0.00859653763473, 0.149249657989, 0.0775415897369, 0.104034423828, 0.0794427990913, 0.0455118045211, 0.0384577400982, 0.0353320762515, 0.0233936514705, 0.0302350204438, 0.0106216417626, 0.0116351228207, 0.010685287416, 0.00680757453665, 0.00347829493694, 0.00403288379312, 0.00196092971601, 0.00386682106182, 0.00222688540816, 0.00535612879321, 0.00125914614182, 0.00133647583425, 0.0024855628144, 0.004209427163, 0.00528705865145, 0.00132102426142, 2.68689018412e-05],
        "mean": [0.000409162836149, 0.0183258801699, 0.00568982865661, 0.00489673251286, 0.00493287714198, 0.0040595033206, 0.00412055943161, 0.00142237858381, 0.000775446009357, 0.000755670887884, 0.000530314806383, 0.00058906537015, 0.000275158992736, 0.000339786929544, 0.000148751016241, 0.000159238014021, 0.000205114032724, 0.000136768139782, 0.00014763425861, 0.000140060772537, 4.87867764605e-05, 6.8151668529e-05, 6.63832106511e-05, 0.000104978993477, 6.45273612463e-05, 2.77449998975e-05, 1.37246843224e-06],
        "median": [4.38419592683e-05, 0.0099018458277, 0.00436596525833, 0.00188193691429, 0.00304943090305, 0.00201482139528, 0.00229125679471, 0.0004517705529, 0.000251797901001, 0.000144846009789, 0.00015333686315, 0.000128397470689, 4.83857838844e-05, 5.64705987927e-05, 4.62770331069e-05, 4.87255128974e-05, 9.1992347734e-05, 5.35435319762e-05, 4.33268105553e-05, 1.41059945236e-05, 1.18640618894e-05, 1.44569794429e-05, 1.43294319059e-05, 1.73711323441e-05, 1.03264346762e-05, 5.46211322217e-06, 1.69682039086e-07],
        "min": [3.87579708408e-24, 2.30632620651e-23, 3.39385671353e-24, 1.09770768045e-23, 6.92259396905e-23, 2.97979900717e-23, 3.26823937073e-23, 9.0657125851e-23, 4.59847784472e-23, 4.72255146562e-23, 8.57431282567e-23, 8.22951182141e-23, 1.48531161478e-22, 2.06690581737e-22, 7.38596897151e-23, 1.8847631355e-22, 4.85249724087e-22, 1.43488560623e-22, 1.85824453487e-22, 4.46530007478e-22, 4.31417956889e-22, 3.95269497691e-22, 3.99603663587e-22, 9.63962883605e-22, 1.17079923422e-21, 1.40914559239e-21, 2.78343125729e-21],
        "stdev": [0.00119026505854, 0.0286669284105, 0.00659929215908, 0.0109151005745, 0.00711045274511, 0.00560558214784, 0.00499990861863, 0.00304365879856, 0.00184049282689, 0.00204301439226, 0.00095029338263, 0.00127170712221, 0.000831527169794, 0.000951831985731, 0.000367357744835, 0.000319784652675, 0.00027530035004, 0.000229510915233, 0.000271201948635, 0.000531516852789, 0.000119881624414, 0.000160032941494, 0.000182176780072, 0.000312764866976, 0.000295587145956, 9.64799328358e-05, 3.5693387872e-06],
        "var": [1.41673081089e-06, 0.000821792811621, 4.35506553913e-05, 0.000119139425806, 5.05585376231e-05, 3.14225508191e-05, 2.49990862358e-05, 9.26385928324e-06, 3.38741369887e-06, 4.17390810981e-06, 9.03057525647e-07, 1.61723914971e-06, 6.91437435307e-07, 9.05984109068e-07, 1.34951719133e-07, 1.02262220025e-07, 7.57902824944e-08, 5.2675261486e-08, 7.35505025773e-08, 2.82510143279e-07, 1.43716034628e-08, 2.56105430196e-08, 3.31883782678e-08, 9.78218679393e-08, 8.7371759605e-08, 9.30837718016e-09, 1.2740179571e-11]
    },
    "erbbands": {
        "dmean": [0.263468742371, 1.58424699306, 3.17305970192, 9.31461429596, 11.3527269363, 11.541229248, 18.077960968, 17.9880657196, 27.8370628357, 30.551820755, 20.1011142731, 13.3615970612, 16.5193252563, 23.9408397675, 13.7877893448, 15.6968231201, 11.050160408, 22.3476829529, 8.19064617157, 5.39485740662, 5.12579870224, 7.65025138855, 5.56276321411, 6.15641117096, 8.54556274414, 10.6162872314, 2.72282385826, 2.11952543259, 2.3293068409, 2.52424240112, 1.58201503754, 1.68368554115, 1.16418492794, 0.727430343628, 0.237647980452, 0.115030743182, 0.0344051606953, 0.00597357284278, 0.000173199296114, 1.9327042537e-05],
        "dmean2": [0.380403220654, 2.42196393013, 5.18304252625, 15.9407663345, 20.114528656, 20.4678668976, 29.6931438446, 29.3826560974, 44.1708564758, 49.2980957031, 30.8610610962, 20.5845623016, 25.3373508453, 39.5031280518, 20.9671192169, 24.0512828827, 16.695690155, 38.8742523193, 13.3610620499, 8.21954917908, 7.71325588226, 12.1024398804, 8.7061920166, 10.3736143112, 15.2029447556, 19.7862415314, 4.82512235641, 3.65996527672, 4.0060172081, 4.30374288559, 2.56438779831, 2.58804750443, 1.75036799908, 1.04856646061, 0.341659516096, 0.166321143508, 0.0520977899432, 0.00982041377574, 0.000290328607662, 3.01127456623e-05],
        "dvar": [0.494978576899, 18.3428592682, 53.120300293, 565.309265137, 811.790161133, 810.408447266, 1097.95959473, 982.112548828, 2711.28662109, 2788.12817383, 2557.25756836, 1449.42553711, 2263.57983398, 3213.17163086, 680.963439941, 1274.93835449, 756.609558105, 3682.23144531, 374.961120605, 145.529724121, 91.9217147827, 163.438964844, 130.272903442, 158.079055786, 514.808227539, 1250.1776123, 50.7429199219, 29.4655990601, 32.6848487854, 40.1597213745, 16.2898216248, 24.1663684845, 8.33031654358, 9.90823364258, 0.631920337677, 0.146299049258, 0.0121417529881, 0.000191461411305, 1.5442736867e-07, 6.32019325764e-10],
        "dvar2": [0.866596341133, 36.9677047729, 131.605209351, 1553.26489258, 2302.79736328, 2323.63720703, 2969.40527344, 2467.03662109, 6611.44482422, 6935.59326172, 5745.24804688, 3268.05419922, 5253.80419922, 8132.33300781, 1506.57836914, 2636.55297852, 1505.99291992, 9976.83007812, 893.413330078, 289.671295166, 192.260452271, 400.812194824, 328.955535889, 418.328613281, 1452.93359375, 3597.22338867, 138.733093262, 78.1645965576, 87.1526794434, 106.679985046, 35.7542228699, 48.5546875, 14.4068231583, 21.6119995117, 1.15990900993, 0.28216534853, 0.0233612302691, 0.000425198755693, 3.77824591169e-07, 1.38136124761e-09],
        "max": [6.44196462631, 37.1235694885, 84.7430114746, 236.848068237, 230.658691406, 272.797821045, 396.886230469, 410.683197021, 674.491882324, 830.989440918, 1089.91845703, 624.484680176, 886.454223633, 603.520874023, 346.988464355, 509.082824707, 412.108642578, 401.716003418, 237.910171509, 208.997146606, 152.633605957, 135.013824463, 209.933242798, 112.976646423, 178.254440308, 263.943725586, 48.4418563843, 45.0917625427, 41.2593269348, 57.0265083313, 76.8755874634, 93.7531890869, 69.9446182251, 86.4742889404, 21.9420051575, 7.48348522186, 2.0595998764, 0.177682802081, 0.0040046684444, 0.000262714340352],
        "mean": [0.531232655048, 4.05560398102, 6.57010698318, 13.8039894104, 14.2542266846, 15.6124477386, 32.0760879517, 29.0131816864, 47.6133460999, 53.7335968018, 29.5875663757, 17.1116809845, 21.2349662781, 25.1503829956, 20.1832408905, 21.1446361542, 14.1517152786, 18.0917949677, 9.55474758148, 8.48715400696, 9.14540672302, 11.8028612137, 8.48129367828, 7.49875545502, 7.44809865952, 6.88618183136, 2.50959038734, 1.91729688644, 2.20806050301, 2.44727754593, 1.844876647, 2.20364928246, 1.6557687521, 0.972912967205, 0.318136513233, 0.150471478701, 0.0437470823526, 0.00632395315915, 0.00019036323647, 6.00377970841e-05],
        "median": [0.221799597144, 2.30858302116, 4.74415636063, 7.1905632019, 7.02601242065, 9.61911678314, 17.9758262634, 15.0940952301, 24.2994785309, 27.9338359833, 10.3987627029, 5.63383054733, 5.51208209991, 6.0606007576, 5.23570966721, 5.08829641342, 3.08391499519, 2.39312362671, 2.70231246948, 2.92203021049, 3.37466001511, 5.48446512222, 3.66980242729, 2.72042012215, 1.49211299419, 0.722743391991, 0.542140424252, 0.419976264238, 0.443921118975, 0.571348130703, 0.363752841949, 0.267391651869, 0.304958164692, 0.145927295089, 0.0553915053606, 0.0296437293291, 0.00847876165062, 0.00112887506839, 5.71022610529e-05, 4.85415403091e-05],
        "min": [4.56113569383e-22, 5.14540106779e-21, 7.54533394476e-21, 1.62597228955e-20, 7.09967698038e-20, 3.08817412692e-19, 2.89037094403e-19, 2.07164166164e-19, 6.35877104722e-19, 7.14664145212e-19, 2.2600108755e-18, 9.4332256082e-19, 1.18618154789e-18, 2.03935651799e-18, 3.61619789161e-18, 3.3806445637e-18, 5.6027085286e-18, 1.10050846662e-17, 6.19368606288e-18, 4.06922320641e-18, 1.33345278415e-17, 2.74397051182e-17, 1.15244085071e-17, 1.02116505411e-17, 1.33055326795e-17, 1.92158820856e-17, 1.76881307795e-17, 1.74994095227e-17, 1.56857564727e-17, 1.33041769305e-17, 1.08905342134e-17, 1.78501572635e-17, 1.567684112e-17, 1.16778298312e-17, 8.47296238843e-18, 5.48652770284e-18, 2.88093482949e-18, 1.37328483937e-18, 3.82605464699e-19, 3.88290050201e-20],
        "stdev": [1.04545235634, 6.08762264252, 7.71419239044, 25.1194915771, 24.7651958466, 23.754442215, 43.41040802, 38.8059883118, 63.9542427063, 71.6613388062, 65.0865097046, 42.4223518372, 56.3984947205, 57.0581283569, 35.54870224, 47.5914993286, 36.197063446, 52.2340316772, 22.7261333466, 18.2339763641, 14.6711835861, 15.9692754745, 13.2701396942, 12.2261209488, 18.5135231018, 26.6221256256, 6.25485467911, 4.89498233795, 5.22606992722, 6.01017999649, 5.3211684227, 6.8889632225, 4.85535955429, 4.7338180542, 1.2389652729, 0.53380137682, 0.151669293642, 0.016389966011, 0.000418741052272, 4.08245141443e-05],
        "var": [1.09297060966, 37.0591468811, 59.5087661743, 630.988830566, 613.314880371, 564.27355957, 1884.46350098, 1505.90478516, 4090.14501953, 5135.34765625, 4236.25390625, 1799.65588379, 3180.7902832, 3255.62988281, 1263.71032715, 2264.95068359, 1310.22741699, 2728.39404297, 516.477172852, 332.477874756, 215.243637085, 255.017745972, 176.096618652, 149.478042603, 342.750549316, 708.737548828, 39.1232070923, 23.9608516693, 27.3118057251, 36.1222610474, 28.3148326874, 47.4578170776, 23.5745162964, 22.409034729, 1.53503489494, 0.284943938255, 0.0230035744607, 0.00026863097446, 1.7534406993e-07, 1.66664093637e-09]
    },
    "gfcc": {
        "mean": [-13.1256046295, 125.579742432, -79.4544448853, 29.8832511902, -52.8049278259, 8.06189537048, -42.665687561, 12.7548351288, -18.6058521271, 0.113526903093, -8.17888736725, 4.12063837051, -12.9233980179],
        "cov": [[4341.08251953, -1055.23181152, -580.540466309, 105.536109924, -358.493499756, 338.962158203, -44.8626022339, 236.318161011, -198.460342407, 103.988838196, -27.7560520172, 123.631965637, -183.772918701], [-1055.23181152, 1422.89233398, -110.050682068, -203.275390625, 418.780151367, -144.271453857, 299.651733398, -61.1711387634, 177.569702148, -79.0574417114, 112.40486145, -55.8605117798, 146.468902588], [-580.540466309, -110.050682068, 782.65802002, 131.811416626, -8.83879852295, 110.042472839, -79.1943054199, -9.07509231567, 60.4794692993, 66.864730835, 26.79429245, 24.654750824, 18.8862323761], [105.536109924, -203.275390625, 131.811416626, 403.475708008, 12.0663194656, -2.81746268272, -34.5938262939, -38.9920654297, 77.6360321045, 32.0708770752, 5.4868850708, -6.90023803711, 44.5690155029], [-358.493499756, 418.780151367, -8.83879852295, 12.0663194656, 434.072601318, -7.97186422348, 81.3908996582, 27.7383079529, 131.574127197, 8.87770748138, 14.9856901169, 1.96542692184, 70.4591445923], [338.962158203, -144.271453857, 110.042472839, -2.81746268272, -7.97186422348, 300.699554443, 100.101921082, 57.7251586914, -16.6363754272, 47.6626205444, 41.0486297607, 15.9986257553, -11.893034935], [-44.8626022339, 299.651733398, -79.1943054199, -34.5938262939, 81.3908996582, 100.101921082, 362.505706787, 32.0872573853, -14.6998548508, 17.6193675995, 43.5703201294, 20.8493003845, 34.496711731], [236.318161011, -61.1711387634, -9.07509231567, -38.9920654297, 27.7383079529, 57.7251586914, 32.0872573853, 152.833145142, 15.9929504395, 21.3995552063, 18.7234344482, 31.3429298401, -4.48671913147], [-198.460342407, 177.569702148, 60.4794692993, 77.6360321045, 131.574127197, -16.6363754272, -14.6998548508, 15.9929504395, 184.138061523, 34.7692680359, 18.8422966003, -11.1566305161, 42.2609214783], [103.988838196, -79.0574417114, 66.864730835, 32.0708770752, 8.87770748138, 47.6626205444, 17.6193675995, 21.3995552063, 34.7692680359, 123.688537598, 23.4189567566, 13.2931318283, 4.65194034576], [-27.7560520172, 112.40486145, 26.79429245, 5.4868850708, 14.9856901169, 41.0486297607, 43.5703201294, 18.7234344482, 18.8422966003, 23.4189567566, 120.142860413, 10.9619617462, 12.3539943695], [123.631965637, -55.8605117798, 24.654750824, -6.90023803711, 1.96542692184, 15.9986257553, 20.8493003845, 31.3429298401, -11.1566305161, 13.2931318283, 10.9619617462, 106.364501953, 13.5565834045], [-183.772918701, 146.468902588, 18.8862323761, 44.5690155029, 70.4591445923, -11.893034935, 34.496711731, -4.48671913147, 42.2609214783, 4.65194034576, 12.3539943695, 13.5565834045, 110.55480957]],
        "icov": [[0.000478053465486, -0.000128355706693, 0.000567326613236, -0.000529492506757, 0.000287890783511, -0.000710990803782, 0.000406106642913, -0.000635768286884, 0.000382461410481, -0.00047348588123, 0.000313241354888, -0.000586398818996, 0.000579393177759], [-0.000128355706693, 0.00343305780552, -0.000542163790669, 0.0026526779402, -0.00177952286322, 0.00217533810064, -0.00287715904415, 0.00219570449553, -0.00286488467827, 0.00249215681106, -0.00303372018971, 0.00186420197133, -0.00228273752145], [0.000567326613236, -0.000542163790669, 0.00230497051962, -0.00123744388111, 0.000597191625275, -0.00182023190428, 0.00134220614564, -0.000613213866018, 0.000399747135816, -0.00128037401009, 0.000568442628719, -0.00133020780049, 0.000746988807805], [-0.000529492506757, 0.0026526779402, -0.00123744388111, 0.00547607382759, -0.00122355425265, 0.00214401748963, -0.00235193781555, 0.00303698494099, -0.00367365265265, 0.0018607149832, -0.00241758162156, 0.00195173744578, -0.0031663950067], [0.000287890783511, -0.00177952286322, 0.000597191625275, -0.00122355425265, 0.00439376197755, -0.00133795069996, 0.000883755332325, -0.00165447953623, -0.00083212251775, -0.00102991599124, 0.00192031275947, -0.00123959791381, 0.000239165572566], [-0.000710990803782, 0.00217533810064, -0.00182023190428, 0.00214401748963, -0.00133795069996, 0.00684467842802, -0.00347414216958, 0.000663067214191, -0.00136868515983, 0.00101137312595, -0.00294984318316, 0.00222051213495, -0.00137928395998], [0.000406106642913, -0.00287715904415, 0.00134220614564, -0.00235193781555, 0.000883755332325, -0.00347414216958, 0.00628673098981, -0.00220491108485, 0.00345188286155, -0.00265451334417, 0.00179623579606, -0.00215114443563, 0.00107285554986], [-0.000635768286884, 0.00219570449553, -0.000613213866018, 0.00303698494099, -0.00165447953623, 0.000663067214191, -0.00220491108485, 0.0102027840912, -0.00346047943458, 0.00145921041258, -0.00257898750715, -0.000533364829607, -0.00124254170805], [0.000382461410481, -0.00286488467827, 0.000399747135816, -0.00367365265265, -0.00083212251775, -0.00136868515983, 0.00345188286155, -0.00346047943458, 0.0115536339581, -0.00428876513615, 0.00168736546766, -0.000219809066039, 0.000611913157627], [-0.00047348588123, 0.00249215681106, -0.00128037401009, 0.0018607149832, -0.00102991599124, 0.00101137312595, -0.00265451334417, 0.00145921041258, -0.00428876513615, 0.0118915792555, -0.00328305945732, 0.000835594837554, -0.00156404287554], [0.000313241354888, -0.00303372018971, 0.000568442628719, -0.00241758162156, 0.00192031275947, -0.00294984318316, 0.00179623579606, -0.00257898750715, 0.00168736546766, -0.00328305945732, 0.0121545773, -0.00230276491493, 0.0016283855075], [-0.000586398818996, 0.00186420197133, -0.00133020780049, 0.00195173744578, -0.00123959791381, 0.00222051213495, -0.00215114443563, -0.000533364829607, -0.000219809066039, 0.000835594837554, -0.00230276491493, 0.0123248137534, -0.00353077426553], [0.000579393177759, -0.00228273752145, 0.000746988807805, -0.0031663950067, 0.000239165572566, -0.00137928395998, 0.00107285554986, -0.00124254170805, 0.000611913157627, -0.00156404287554, 0.0016283855075, -0.00353077426553, 0.0135784773156]]
    },
    "melbands": {
        "dmean": [0.00206287833862, 0.00165912089869, 0.0015478603309, 0.000790268182755, 0.000584937923122, 0.000430144020356, 0.000425364152761, 0.000314986129524, 0.000154648383614, 8.34616657812e-05, 8.72508098837e-05, 0.000104589045804, 4.84990887344e-05, 4.5100452553e-05, 4.08314626839e-05, 2.3339100153e-05, 4.51265659649e-05, 1.43085953823e-05, 8.26304676593e-06, 7.34348304832e-06, 6.10820234215e-06, 8.64093908604e-06, 6.66759569867e-06, 4.36556456407e-06, 5.10997688252e-06, 5.58137253392e-06, 8.19202250568e-06, 6.54184896121e-06, 1.68825999936e-06, 1.13141504698e-06, 1.31493106892e-06, 1.43024010413e-06, 1.31676074488e-06, 1.40536189974e-06, 8.5947107209e-07, 1.00356817256e-06, 1.03594061329e-06, 8.67481674049e-07, 7.30010356165e-07, 5.90573222325e-07],
        "dmean2": [0.00309686246328, 0.00259234686382, 0.00264781410806, 0.00141538085882, 0.000978360651061, 0.000703059951775, 0.000680535798892, 0.000500919762999, 0.000237898901105, 0.000129184045363, 0.000135889931698, 0.000174150089151, 7.39877359592e-05, 6.96999195497e-05, 6.1985636421e-05, 3.65189152944e-05, 7.90752383182e-05, 2.37276326516e-05, 1.28546280393e-05, 1.0985487279e-05, 9.18657224247e-06, 1.38979185067e-05, 1.03823931568e-05, 7.04363310433e-06, 8.57041959534e-06, 9.66896823229e-06, 1.52257234731e-05, 1.21930515888e-05, 2.95381778415e-06, 1.94638801077e-06, 2.29145439334e-06, 2.50322887041e-06, 2.21191362471e-06, 2.42076680479e-06, 1.38733423682e-06, 1.59356886797e-06, 1.58657621796e-06, 1.34842002808e-06, 1.07545861283e-06, 8.76018646068e-07],
        "dvar": [2.85515216092e-05, 1.41765849548e-05, 1.5071337657e-05, 3.92199626731e-06, 1.23137022001e-06, 5.03412763919e-07, 5.4072080502e-07, 2.87154136913e-07, 1.64937901559e-07, 6.11052115573e-08, 6.04438881169e-08, 6.32162837633e-08, 7.79851205834e-09, 9.13315734152e-09, 1.12212763526e-08, 3.64070795733e-09, 1.53295243166e-08, 1.23883814318e-09, 4.38046959816e-10, 3.1400729239e-10, 1.40958772432e-10, 2.18751530778e-10, 1.79051551363e-10, 7.04248742656e-11, 1.08465403326e-10, 1.54658494345e-10, 7.07581326864e-10, 4.70896099891e-10, 1.75858425044e-11, 8.045415896e-12, 1.16796945379e-11, 1.37353149687e-11, 9.13576159167e-12, 1.33448226428e-11, 5.11924747384e-12, 7.72296723101e-12, 9.85751237581e-12, 4.24602887572e-12, 6.33442170245e-12, 8.2014126393e-12],
        "dvar2": [5.09047386004e-05, 3.15714314638e-05, 4.13560846937e-05, 1.1238676052e-05, 3.42513567375e-06, 1.28164265334e-06, 1.32238471906e-06, 6.92177252404e-07, 3.8142172798e-07, 1.38708642794e-07, 1.40193833431e-07, 1.63658938845e-07, 1.74663483676e-08, 1.95599394459e-08, 2.40557724851e-08, 7.64095986483e-09, 4.18813961289e-08, 2.89980706114e-09, 9.64516577717e-10, 6.26145746363e-10, 3.07635555918e-10, 5.38852518162e-10, 4.50817938535e-10, 1.80588793919e-10, 2.85438672698e-10, 4.16921192015e-10, 2.03619632266e-09, 1.35499966802e-09, 4.77163829282e-11, 2.09190130496e-11, 3.13324539924e-11, 3.71781702646e-11, 2.39110536926e-11, 3.52014355165e-11, 1.09315854979e-11, 1.71570067181e-11, 1.93040011059e-11, 8.55951334117e-12, 9.8624771544e-12, 1.9486912084e-11],
        "max": [0.0462810844183, 0.0402561798692, 0.0387325100601, 0.0165875349194, 0.0105889607221, 0.00795631762594, 0.00894332677126, 0.00822980515659, 0.00955262966454, 0.0039980923757, 0.00472348975018, 0.00230056839064, 0.00104062247556, 0.000978171708994, 0.00151182536501, 0.00098255474586, 0.000792214763351, 0.000511329330038, 0.000306283822283, 0.000341855367878, 0.000184964301297, 0.000161865187692, 0.000262340239715, 0.000102677819086, 0.000106072657218, 9.38369121286e-05, 0.000216710468521, 0.00015602100757, 3.3072054066e-05, 3.53804352926e-05, 2.18707955355e-05, 2.38627817453e-05, 2.41421876126e-05, 3.69170447811e-05, 4.79917616758e-05, 4.43876051577e-05, 6.48503337288e-05, 4.22556477133e-05, 7.87281096564e-05, 8.14397935756e-05],
        "mean": [0.0050369030796, 0.0041604405269, 0.00231928844005, 0.00103742943611, 0.00103223579936, 0.000712036155164, 0.000761721283197, 0.0005354177556, 0.000212581988308, 0.000103773389128, 0.000108082822408, 0.000105273189547, 7.09287560312e-05, 6.06745888945e-05, 5.00340611325e-05, 2.58390537056e-05, 3.48369903804e-05, 1.59341161634e-05, 1.14317690532e-05, 1.08084122985e-05, 1.03512638816e-05, 1.2415837773e-05, 1.01484993138e-05, 5.87883960179e-06, 6.03256876275e-06, 5.68292443859e-06, 5.51443963559e-06, 4.17700675825e-06, 1.59393675858e-06, 1.08366327822e-06, 1.12717384582e-06, 1.23267727759e-06, 1.3864836319e-06, 1.29805880533e-06, 9.57464067142e-07, 1.2358168533e-06, 1.36706898957e-06, 1.18166019547e-06, 1.03013212538e-06, 7.57361874548e-07],
        "median": [0.00251285545528, 0.00300123821944, 0.00129618612118, 0.000599595427047, 0.000621332146693, 0.000376544048777, 0.000418816984165, 0.00028744910378, 6.42421364319e-05, 3.12607735395e-05, 2.70378131972e-05, 2.48785090662e-05, 1.99225651158e-05, 1.28658257381e-05, 9.41651433095e-06, 3.96271207137e-06, 4.44184615844e-06, 4.16453804064e-06, 3.68074961443e-06, 3.19274317917e-06, 3.36966650138e-06, 5.38006406714e-06, 3.97756684833e-06, 2.27315649681e-06, 2.08457890949e-06, 1.23701875054e-06, 4.88602097448e-07, 3.69267922906e-07, 3.38746446005e-07, 2.54551849821e-07, 2.1095603131e-07, 1.92630523088e-07, 3.12187438567e-07, 2.56564163692e-07, 1.59656892151e-07, 1.58021649099e-07, 1.49615715372e-07, 1.99133367573e-07, 1.55263606416e-07, 9.77391039214e-08],
        "min": [4.62890484093e-24, 5.58179201645e-24, 4.34274318097e-24, 1.40352428317e-23, 1.14129508536e-23, 5.4125324429e-24, 8.97358151998e-24, 1.00939162555e-23, 1.82011478524e-23, 5.31417450423e-24, 5.83533309468e-24, 7.73127074466e-24, 1.30900352171e-23, 9.18376561957e-24, 6.35436294398e-24, 1.80626570097e-23, 2.16426450593e-23, 1.15973037029e-23, 5.23176772748e-24, 6.90103014066e-24, 1.69300105219e-23, 2.66849682349e-23, 2.07516597991e-23, 6.51673300081e-24, 8.45695256885e-24, 7.33810325836e-24, 1.35250927952e-23, 1.27080821775e-23, 1.13741657184e-23, 9.78574143204e-24, 9.82398856417e-24, 8.01015516276e-24, 8.71390902037e-24, 7.43558595586e-24, 6.20278213775e-24, 7.78901615179e-24, 1.14743573642e-23, 1.14170584524e-23, 9.53119889489e-24, 1.01429068843e-23],
        "stdev": [0.00851904321462, 0.00480189593509, 0.00394387217239, 0.00166534679011, 0.00129311427008, 0.000896053330507, 0.00094883015845, 0.000734927423764, 0.000497807923239, 0.00027544493787, 0.000292203942081, 0.000246031850111, 0.000122120778542, 0.000128138737637, 0.000130552958581, 7.51203115215e-05, 0.000104398131953, 4.07980587624e-05, 2.76930404652e-05, 2.51254696195e-05, 1.68780752574e-05, 1.78621212399e-05, 1.5734538465e-05, 9.42750102695e-06, 1.01901696326e-05, 1.14442345875e-05, 2.01529201149e-05, 1.63453405548e-05, 3.8030163978e-06, 2.82536757368e-06, 2.97247515846e-06, 3.20048206959e-06, 3.04847912957e-06, 3.45955390912e-06, 2.98298982671e-06, 3.58755301022e-06, 4.51478854302e-06, 3.11408416565e-06, 4.34389357906e-06, 3.9941041905e-06],
        "var": [7.25741047063e-05, 2.30582063523e-05, 1.5554129277e-05, 2.77337994703e-06, 1.67214443536e-06, 8.02911529263e-07, 9.00278678273e-07, 5.40118321624e-07, 2.47812721454e-07, 7.58699130188e-08, 8.53831494396e-08, 6.05316685665e-08, 1.49134837812e-08, 1.64195359531e-08, 1.70440763725e-08, 5.64306112949e-09, 1.08989706149e-08, 1.66448166361e-09, 7.66904484362e-10, 6.31289187591e-10, 2.84869433598e-10, 3.19055393216e-10, 2.47575709933e-10, 8.88777731967e-11, 1.03839548071e-10, 1.30970512213e-10, 4.06140204801e-10, 2.67170174872e-10, 1.44629343224e-11, 7.98270130553e-12, 8.83560846016e-12, 1.02430858934e-11, 9.29322504367e-12, 1.19685129862e-11, 8.89822850819e-12, 1.2870536234e-11, 2.03833148277e-11, 9.69752056434e-12, 1.88694112419e-11, 1.59528674992e-11]
    },
    "melbands128": {
