{
"lowlevel": {
    "average_loudness": 0.951062262058,
    "barkbands_crest": {
        "dmean": 2.53399133682,
        "dmean2": 3.9385869503,
        "dvar": 5.9503660202,
        "dvar2": 14.5407962799,
        "max": 26.3434104919,
        "mean": 12.6771497726,
        "median": 12.1294307709,
        "min": 2.90963411331,
        "stdev": 4.81312894821,
        "var": 23.1662101746
    },
    "barkbands_flatness_db": {
        "dmean": 0.0218799002469,
        "dmean2": 0.0316967330873,
        "dvar": 0.000632498937193,
        "dvar2": 0.00117830920499,
        "max": 0.500604987144,
        "mean": 0.208448544145,
        "median": 0.223773568869,
        "min": 0.0410639680922,
        "stdev": 0.0961374118924,
        "var": 0.00924240238965
    },
    "barkbands_kurtosis": {
        "dmean": 2.62255740166,
        "dmean2": 4.11876773834,
        "dvar": 26.7662620544,
        "dvar2": 66.155921936,
        "max": 82.5020675659,
        "mean": 4.59076356888,
        "median": 2.38244915009,
        "min": -1.80318939686,
        "stdev": 7.20091724396,
        "var": 51.8532104492
    },
    "barkbands_skewness": {
        "dmean": 0.487551957369,
        "dmean2": 0.7141289711,
        "dvar": 0.342816025019,
        "dvar2": 0.693833172321,
        "max": 6.30179834366,
        "mean": 1.15451800823,
        "median": 1.00635945797,
        "min": -5.22013950348,
        "stdev": 1.19032680988,
        "var": 1.416877985
    },
    "barkbands_spread": {
        "dmean": 3.41116380692,
        "dmean2": 5.00903606415,
        "dvar": 29.7536373138,
        "dvar2": 64.1248474121,
        "max": 64.2892837524,
        "mean": 14.7334737778,
        "median": 9.77013301849,
        "min": 0.269906997681,
        "stdev": 12.1664743423,
        "var": 148.023086548
    },
    "dissonance": {
        "dmean": 0.0412524603307,
        "dmean2": 0.0690020769835,
        "dvar": 0.00226928084157,
        "dvar2": 0.00613553309813,
        "max": 0.499662220478,
        "mean": 0.397939175367,
        "median": 0.414279341698,
        "min": 0,
        "stdev": 0.0753822103143,
        "var": 0.00568247819319
    },
    "dynamic_complexity": 2.94805288315,
    "erbbands_crest": {
        "dmean": 3.36446666718,
        "dmean2": 5.26518392563,
        "dvar": 10.2655725479,
        "dvar2": 24.5265769958,
        "max": 34.4924354553,
        "mean": 15.6440076828,
        "median": 15.0859241486,
        "min": 3.29311180115,
        "stdev": 6.63102340698,
        "var": 43.9704742432
    },
    "erbbands_flatness_db": {
        "dmean": 0.0211194381118,
        "dmean2": 0.0293841827661,
        "dvar": 0.000601598643698,
        "dvar2": 0.00103196315467,
        "max": 0.52841424942,
        "mean": 0.251105189323,
        "median": 0.252529740334,
        "min": 0.0625862106681,
        "stdev": 0.0941162928939,
        "var": 0.00885787699372
    },
    "erbbands_kurtosis": {
        "dmean": 1.97415542603,
        "dmean2": 3.02728867531,
        "dvar": 13.7777271271,
        "dvar2": 30.7195835114,
        "max": 81.6060333252,
        "mean": 3.311429739,
        "median": 2.04369854927,
        "min": -1.83106565475,
        "stdev": 5.46017313004,
        "var": 29.8134880066
    },
    "erbbands_skewness": {
        "dmean": 0.44660165906,
        "dmean2": 0.644286930561,
        "dvar": 0.273626923561,
        "dvar2": 0.618434071541,
        "max": 5.80434751511,
        "mean": 0.76138484478,
        "median": 0.72181725502,
        "min": -4.01187229156,
        "stdev": 1.04423451424,
        "var": 1.09042561054
    },
    "erbbands_spread": {
        "dmean": 4.97186803818,
        "dmean2": 7.28890895844,
        "dvar": 60.5183563232,
        "dvar2": 111.520072937,
        "max": 119.930007935,
        "mean": 21.2133197784,
        "median": 14.2211475372,
        "min": 0.371811151505,
        "stdev": 17.295173645,
        "var": 299.123016357
    },
    "hfc": {
        "dmean": 5.70788621902,
        "dmean2": 7.67397403717,
        "dvar": 59.5787963867,
        "dvar2": 99.8729171753,
        "max": 103.433929443,
        "mean": 24.7583580017,
        "median": 20.7238922119,
        "min": 1.27558728168e-16,
        "stdev": 19.2938041687,
        "var": 372.250854492
    },
    "loudness_ebu128": {
        "integrated": -6.74759435654,
        "loudness_range": 4.45496320724,
        "momentary": {
            "dmean": 0.808142840862,
            "dmean2": 0.80135422945,
            "dvar": 0.612830936909,
            "dvar2": 0.721001088619,
            "max": -3.63755440712,
            "mean": -7.42240524292,
            "median": -6.50115537643,
            "min": -15.1764793396,
            "stdev": 2.65609502792,
            "var": 7.05484056473
        },
        "short_term": {
            "dmean": 0.0977310165763,
            "dmean2": 0.0907711535692,
            "dvar": 0.00692819152027,
            "dvar2": 0.00713390205055,
            "max": -5.10606813431,
            "mean": -7.07154989243,
            "median": -6.52834177017,
            "min": -10.8567247391,
            "stdev": 1.66762685776,
            "var": 2.78097939491
        }
    },
    "melbands_crest": {
        "dmean": 3.17023301125,
        "dmean2": 4.88532447815,
        "dvar": 9.0720615387,
        "dvar2": 23.1697940826,
        "max": 30.9009017944,
        "mean": 16.3745269775,
        "median": 15.7989749908,
        "min": 2.86918997765,
        "stdev": 5.55642271042,
        "var": 30.87383461
    },
    "melbands_flatness_db": {
        "dmean": 0.0231941323727,
        "dmean2": 0.0332043208182,
        "dvar": 0.000809986086097,
        "dvar2": 0.00142853904981,
        "max": 0.56106120348,
        "mean": 0.252246856689,
        "median": 0.250770032406,
        "min": 0.00857603177428,
        "stdev": 0.0884718969464,
        "var": 0.00782727636397
    },
    "melbands_kurtosis": {
        "dmean": 3.66071367264,
        "dmean2": 5.58981513977,
        "dvar": 34.1980705261,
        "dvar2": 71.9995498657,
        "max": 102.005134583,
        "mean": 7.12973880768,
        "median": 3.83769106865,
        "min": -1.6568928957,
        "stdev": 10.0659818649,
        "var": 101.323982239
    },
    "melbands_skewness": {
        "dmean": 0.545743107796,
        "dmean2": 0.795953810215,
        "dvar": 0.413390249014,
        "dvar2": 0.833542406559,
        "max": 8.24653244019,
        "mean": 1.50970220566,
        "median": 1.35543572903,
        "min": -3.96277999878,
        "stdev": 1.39314937592,
        "var": 1.94086515903
    },
    "melbands_spread": {
        "dmean": 4.7689166069,
        "dmean2": 6.86869239807,
        "dvar": 99.9986953735,
        "dvar2": 152.77885437,
        "max": 169.97428894,
        "mean": 19.2147483826,
        "median": 13.234287262,
        "min": 1.00011372566,
        "stdev": 17.8552513123,
        "var": 318.810028076
    },
    "pitch_salience": {
        "dmean": 0.063153617084,
        "dmean2": 0.0967584997416,
        "dvar": 0.00396267510951,
        "dvar2": 0.00943664088845,
        "max": 0.821274161339,
        "mean": 0.526066839695,
        "median": 0.522523403168,
        "min": 0.100617520511,
        "stdev": 0.109027154744,
        "var": 0.0118869198486
    },
    "silence_rate_20dB": {
        "dmean": 0,
        "dmean2": 0,
        "dvar": 0,
        "dvar2": 0,
        "max": 1,
        "mean": 1,
        "median": 1,
        "min": 1,
        "stdev": 0,
        "var": 0
    },
    "silence_rate_30dB": {
        "dmean": 0,
        "dmean2": 0,
        "dvar": 0,
        "dvar2": 0,
        "max": 1,
        "mean": 1,
        "median": 1,
        "min": 1,
        "stdev": 0,
        "var": 0
    },
    "silence_rate_60dB": {
        "dmean": 0.0456303171813,
        "dmean2": 0.0913312658668,
        "dvar": 0.0435486882925,
        "dvar2": 0.0922764912248,
        "max": 1,
        "mean": 0.104327663779,
        "median": 0,
        "min": 0,
        "stdev": 0.305688232183,
        "var": 0.0934453010559
    },
    "spectral_centroid": {
        "dmean": 179.849060059,
        "dmean2": 245.34362793,
        "dvar": 137973.8125,
        "dvar2": 195483.3125,
        "max": 10652.9765625,
        "mean": 1265.12158203,
        "median": 1156.50024414,
        "min": 369.131256104,
        "stdev": 612.965270996,
        "var": 375726.4375
    },
    "spectral_complexity": {
        "dmean": 2.01933479309,
        "dmean2": 3.24767804146,
        "dvar": 5.86893463135,
        "dvar2": 14.4170131683,
        "max": 37,
        "mean": 12.3369398117,
        "median": 10,
        "min": 0,
        "stdev": 7.76592969894,
        "var": 60.3096618652
    },
    "spectral_decrease": {
        "dmean": 1.43837264321e-09,
        "dmean2": 2.03587968706e-09,
        "dvar": 3.33793805586e-18,
        "dvar2": 6.14598007541e-18,
        "max": 1.37191043657e-28,
        "mean": -6.35982111419e-09,
        "median": -6.37033448214e-09,
        "min": -2.32628494246e-08,
        "stdev": 4.15236378615e-09,
        "var": 1.7242123265e-17
    },
    "spectral_energy": {
        "dmean": 0.00587178673595,
        "dmean2": 0.00827434659004,
        "dvar": 5.57653256692e-05,
        "dvar2": 0.000101107318187,
        "max": 0.0971810445189,
        "mean": 0.0262490902096,
        "median": 0.0260970145464,
        "min": 1.10521677673e-20,
        "stdev": 0.0172340255231,
        "var": 0.000297011632938
    },
    "spectral_energyband_high": {
        "dmean": 0.000175678287633,
        "dmean2": 0.000251329824096,
        "dvar": 1.11604457231e-07,
        "dvar2": 2.36080495597e-07,
        "max": 0.00470338575542,
        "mean": 0.000463142176159,
        "median": 0.000186478777323,
        "min": 8.20746052116e-21,
        "stdev": 0.000683061545715,
        "var": 4.66573084168e-07
    },
    "spectral_energyband_low": {
        "dmean": 0.00115506059956,
        "dmean2": 0.00183202698827,
        "dvar": 8.48157742439e-06,
        "dvar2": 1.92524494196e-05,
        "max": 0.0464962460101,
        "mean": 0.00272961333394,
        "median": 8.06380739959e-06,
        "min": 1.3997347216e-22,
        "stdev": 0.00485236244276,
        "var": 2.3545422664e-05
    },
    "spectral_energyband_middle_high": {
        "dmean": 0.00393623905256,
        "dmean2": 0.00522436248139,
        "dvar": 4.25188663939e-05,
        "dvar2": 7.14257257641e-05,
        "max": 0.0957784727216,
        "mean": 0.0129645392299,
        "median": 0.0069824187085,
        "min": 1.27706255944e-21,
        "stdev": 0.014598371461,
        "var": 0.000213112449273
    },
    "spectral_energyband_middle_low": {
        "dmean": 0.00365532073192,
        "dmean2": 0.00529078114778,
        "dvar": 2.4880257115e-05,
        "dvar2": 5.21601068613e-05,
        "max": 0.0485057160258,
        "mean": 0.0117734745145,
        "median": 0.00974024273455,
        "min": 2.56516185092e-22,
        "stdev": 0.00956080388278,
        "var": 9.14089687285e-05
    },
    "spectral_entropy": {
        "dmean": 0.237789288163,
        "dmean2": 0.351002961397,
        "dvar": 0.0918334126472,
        "dvar2": 0.157644510269,
        "max": 9.79981613159,
        "mean": 6.81144666672,
        "median": 6.86881160736,
        "min": 4.15805768967,
        "stdev": 0.849074184895,
        "var": 0.720926940441
    },
    "spectral_flux": {
        "dmean": 0.035854190588,
        "dmean2": 0.0587652623653,
        "dvar": 0.00138655793853,
        "dvar2": 0.00345699419267,
        "max": 0.325162410736,
        "mean": 0.0818337798119,
        "median": 0.069829903543,
        "min": 1.05129294159e-10,
        "stdev": 0.0551925599575,
        "var": 0.00304621877149
    },
    "spectral_kurtosis": {
        "dmean": 3.27952456474,
        "dmean2": 5.34599065781,
        "dvar": 33.7166595459,
        "dvar2": 76.8631591797,
        "max": 84.9360580444,
        "mean": 9.57741165161,
        "median": 6.78425598145,
        "min": -1.46820485592,
        "stdev": 9.30417442322,
        "var": 86.5676574707
    },
    "spectral_rms": {
        "dmean": 0.000616163888481,
        "dmean2": 0.000857311533764,
        "dvar": 6.16915656337e-07,
        "dvar2": 1.01515104234e-06,
        "max": 0.00973708275706,
        "mean": 0.00467815250158,
        "median": 0.00504584005103,
        "min": 3.28368734114e-12,
        "stdev": 0.0019296973478,
        "var": 3.72373165192e-06
    },
    "spectral_rolloff": {
        "dmean": 346.21194458,
        "dmean2": 556.064147949,
        "dvar": 1134401.5,
        "dvar2": 1899121.5,
        "max": 18927.6855469,
        "mean": 1499.23596191,
        "median": 1162.79296875,
        "min": 129.19921875,
        "stdev": 1523.00561523,
        "var": 2319546
    },
    "spectral_skewness": {
        "dmean": 0.346589773893,
        "dmean2": 0.537603437901,
        "dvar": 0.225597456098,
        "dvar2": 0.469907641411,
        "max": 7.3806219101,
        "mean": 2.2860326767,
        "median": 2.04946947098,
        "min": -0.187471210957,
        "stdev": 0.994034349918,
        "var": 0.98810428381
    },
    "spectral_spread": {
        "dmean": 596018.4375,
        "dmean2": 837440.875,
        "dvar": 1.41297333043e+12,
        "dvar2": 1.62928905421e+12,
        "max": 41068504,
        "mean": 4270981.5,
        "median": 4096077,
        "min": 1089870.625,
        "stdev": 2039096.625,
        "var": 4.15791500493e+12
    },
    "spectral_strongpeak": {
        "dmean": 0.91681689024,
        "dmean2": 1.48635685444,
        "dvar": 1.58904016018,
        "dvar2": 3.52287435532,
        "max": 11.357378006,
        "mean": 2.45072960854,
        "median": 1.67015433311,
        "min": 0,
        "stdev": 2.14935088158,
        "var": 4.61970949173
    },
    "zerocrossingrate": {
        "dmean": 0.00932077132165,
        "dmean2": 0.0103755984455,
        "dvar": 0.000566753151361,
        "dvar2": 0.000569792173337,
        "max": 0.4990234375,
        "mean": 0.0589126050472,
        "median": 0.05029296875,
        "min": 0.00146484375,
        "stdev": 0.0437521822751,
        "var": 0.00191425334197
    },
    "barkbands": {
        "dmean": [5.7372788433e-05, 0.000907010457013, 0.000513633305673, 0.0003098474117, 0.000599713879637, 0.000667580869049, 0.00137421279214, 0.000512001453899, 0.000785484851804, 0.00267721246928, 0.00157147401478, 0.000719481962733, 0.000530050310772, 0.000611484749243, 0.000495308777317, 0.000130275482661, 0.000303441571305, 0.000185043172678, 0.000110289453005, 6.61130470689e-05, 8.61927910591e-05, 1.78735826921e-05, 1.30772632474e-05, 2.0523355488e-05, 2.75941438304e-05, 1.74181532202e-05, 2.95277709483e-06],
        "dmean2": [7.44114440749e-05, 0.00143680907786, 0.000885758956429, 0.000522826681845, 0.00100786227267, 0.000975217611995, 0.00201316806488, 0.000787977362052, 0.00117042218335, 0.0037800273858, 0.00214979890734, 0.000989074935205, 0.000777546549216, 0.000917199242394, 0.000766660377849, 0.000206731856451, 0.000439884228399, 0.000278694933513, 0.00016883846547, 0.000101987170638, 0.000129368490889, 2.87623861368e-05, 1.95237935259e-05, 3.02471835312e-05, 4.07338011428e-05, 2.51573528658e-05, 4.47877164333e-06],
        "dvar": [2.87188175463e-08, 7.09443020241e-06, 1.56980581778e-06, 5.46771389054e-07, 3.17434091812e-06, 1.85943770248e-06, 5.98005544816e-06, 1.77090555553e-06, 4.60089722765e-06, 2.92983713734e-05, 2.64565296675e-05, 3.65286791748e-06, 3.75510876438e-06, 3.18199477078e-06, 3.308042551e-06, 1.42087301924e-07, 7.21883566257e-07, 4.32730189459e-07, 3.85826872673e-08, 1.20006120596e-08, 3.73169299905e-08, 3.13546499875e-09, 2.67306821122e-09, 2.74033418179e-09, 1.24479226926e-08, 4.48853798574e-09, 6.53913242998e-11],
        "dvar2": [4.44334631311e-08, 1.68332207977e-05, 4.36660639025e-06, 1.60266142757e-06, 8.26450650493e-06, 3.18032539326e-06, 1.20037966553e-05, 3.79897551284e-06, 8.90848423296e-06, 6.11811337876e-05, 4.29404208262e-05, 6.82431755195e-06, 7.94901916379e-06, 6.86971725372e-06, 6.81290657667e-06, 2.69195481906e-07, 1.2974760466e-06, 9.87920088846e-07, 7.27308417936e-08, 2.80528968943e-08, 7.91885383933e-08, 7.49509965203e-09, 6.62464261225e-09, 6.09799721829e-09, 2.7573227257e-08, 1.01561363763e-08, 1.43854761436e-10],
        "max": [0.0027565122582, 0.0411219410598, 0.0128378625959, 0.0121285375208, 0.0260408576578, 0.032306779176, 0.0220396481454, 0.0243369545788, 0.0411792136729, 0.0617478266358, 0.0890547409654, 0.0434278957546, 0.0384117290378, 0.0239002425224, 0.0279906801879, 0.00639569154009, 0.0150331174955, 0.0124668218195, 0.00457231188193, 0.00149197876453, 0.00329164857976, 0.00127728574444, 0.000911041919608, 0.00104190933052, 0.0026037839707, 0.00148862809874, 0.000101918434666],
        "mean": [0.000103773505543, 0.00157424458303, 0.000808005104773, 0.000480700953631, 0.000967077969108, 0.00174348929431, 0.00333652808331, 0.000861856737174, 0.0012579227332, 0.00637680897489, 0.00271394453011, 0.00156941276509, 0.000847215822432, 0.000957067066338, 0.00080945569789, 0.00021984137129, 0.000553873600438, 0.000310377101414, 0.000229132157983, 0.000149388797581, 0.000196312670596, 2.98115082842e-05, 2.34607196035e-05, 4.37997332483e-05, 5.17054686497e-05, 2.99434486806e-05, 3.96418454329e-06],
        "median": [8.87853417453e-08, 1.59765158969e-06, 3.57195972356e-06, 2.66840152108e-06, 0.000256616098341, 0.000522475747857, 0.001267397427, 0.000280799518805, 0.000213410923607, 0.00150495884009, 6.78686992615e-05, 0.000252934230957, 5.78272338316e-05, 0.000136077491334, 0.000117829287774, 4.04821184929e-05, 9.43740305956e-05, 9.72662237473e-05, 0.000116848226753, 7.40014511393e-05, 4.6073084377e-05, 6.43915882392e-06, 5.82210395805e-06, 2.07367975236e-05, 2.20699221245e-05, 6.44258761895e-06, 5.19405205068e-07],
        "min": [2.95238261973e-23, 8.63659560294e-23, 3.86434211376e-23, 6.30747226291e-24, 2.4031640891e-23, 2.14489339532e-23, 2.50956580577e-23, 2.72851872541e-23, 1.30467319599e-22, 3.27523057162e-23, 4.69766953049e-23, 3.14701353771e-23, 1.03753832465e-22, 1.47439037197e-22, 1.00160104036e-22, 1.63860142505e-22, 8.414409458e-23, 2.11733573866e-22, 2.58478618589e-22, 2.3232723587e-22, 5.18348813058e-22, 6.27019363109e-22, 5.77089844685e-22, 8.67499911886e-22, 1.28853423783e-21, 1.56747686756e-21, 2.99731984769e-21],
        "stdev": [0.000296321435599, 0.0035422896035, 0.00163297483232, 0.0010031707352, 0.00185431493446, 0.00340426410548, 0.00433900067583, 0.00186997454148, 0.0032579114195, 0.00973563548177, 0.0084089320153, 0.00400380650535, 0.00286446418613, 0.00249016610906, 0.00268701184541, 0.000566123810131, 0.00153874594253, 0.000826123403385, 0.00034882046748, 0.00018992513651, 0.00045479007531, 7.18581795809e-05, 6.05947170698e-05, 7.17577204341e-05, 0.000122127181385, 7.87956669228e-05, 9.79991727945e-06],
        "var": [8.78063914911e-08, 1.25478154587e-05, 2.66660686066e-06, 1.00635156741e-06, 3.43848387274e-06, 1.15890134111e-05, 1.88269259525e-05, 3.49680499312e-06, 1.06139868876e-05, 9.47825901676e-05, 7.07101353328e-05, 1.60304680321e-05, 8.20515560918e-06, 6.20092760073e-06, 7.22003233022e-06, 3.20496155837e-07, 2.36773894358e-06, 6.82479878833e-07, 1.21675725495e-07, 3.60715581849e-08, 2.0683400237e-07, 5.16359843772e-09, 3.67171981708e-09, 5.14917042338e-09, 1.49150487516e-08, 6.20875750812e-09, 9.60383716997e-11]
    },
    "erbbands": {
        "dmean": [0.0323935560882, 0.199554696679, 0.518381595612, 0.755859017372, 1.9837230444, 1.76321339607, 2.17481780052, 6.7132062912, 15.7175626755, 24.4862785339, 6.99811315536, 11.6140098572, 69.9747161865, 74.7275161743, 51.7833328247, 31.9961566925, 23.603635788, 32.8326187134, 21.4081325531, 17.1369686127, 9.69988822937, 13.1074037552, 8.23302745819, 7.00421380997, 4.50441360474, 3.3540122509, 4.30801916122, 1.98898231983, 0.705227315426, 0.483030289412, 0.364291638136, 0.361207932234, 0.386368662119, 0.290363043547, 0.222132772207, 0.0952313095331, 0.0299211163074, 0.0074299084954, 0.000287933246, 1.11423796625e-05],
        "dmean2": [0.0501573346555, 0.322710454464, 0.883684277534, 1.26652848721, 3.26796770096, 3.04770445824, 3.58135223389, 9.67420005798, 22.6898727417, 35.1216850281, 10.4990530014, 16.799407959, 98.816947937, 100.935211182, 70.3380432129, 43.4079322815, 33.7849311829, 46.873714447, 29.574514389, 26.820520401, 14.9120998383, 18.4066047668, 11.8637971878, 10.9023532867, 7.01035833359, 5.07421255112, 6.3736615181, 2.9453728199, 1.13516163826, 0.755196094513, 0.554636657238, 0.524753332138, 0.567473948002, 0.431561589241, 0.341462820768, 0.142802596092, 0.0431255176663, 0.0108370790258, 0.000433367385995, 1.54304761963e-05],
        "dvar": [0.00895684398711, 0.377392679453, 1.84027552605, 2.97070455551, 38.9578704834, 26.6372241974, 27.2793807983, 206.934265137, 657.366760254, 3311.1640625, 197.116012573, 1149.28808594, 21618.1816406, 33793.5195312, 27368.8144531, 5175.20898438, 7550.20263672, 9552.18554688, 8179.76806641, 3459.23706055, 549.847839355, 1944.75952148, 772.907104492, 214.738693237, 83.3715438843, 37.7194061279, 93.2409820557, 27.1067943573, 3.88905596733, 3.9693312645, 1.86857187748, 0.80763566494, 1.25387907028, 0.742317855358, 1.54807150364, 0.187286630273, 0.00987792480737, 0.000471170147648, 6.3674536932e-07, 3.20122539588e-10],
        "dvar2": [0.0195377487689, 0.935390889645, 4.97623872757, 8.81091690063, 101.387809753, 73.8243179321, 66.4845962524, 343.269256592, 1296.28137207, 6230.80322266, 406.595428467, 2103.86938477, 44979.734375, 68154.453125, 46904.3085938, 8783.34667969, 15030.5185547, 18874.2519531, 13447.1660156, 7839.22998047, 1091.79211426, 2991.96606445, 1610.38684082, 429.477600098, 164.637542725, 76.0838241577, 200.608352661, 56.0244827271, 9.43108081818, 9.71108341217, 4.67481946945, 1.75699388981, 2.83673334122, 1.37060439587, 4.01530170441, 0.45855268836, 0.0214335490018, 0.000985545339063, 1.37545532652e-06, 6.55897225421e-10],
        "max": [1.52680599689, 8.72496700287, 16.513053894, 31.8383655548, 76.4534072876, 78.8586730957, 102.172889709, 391.169830322, 338.978118896, 653.178833008, 233.807754517, 738.064819336, 2108.2800293, 2774.19604492, 2408.3840332, 1226.24926758, 2076.58691406, 1433.27966309, 1763.39855957, 1037.49084473, 454.521759033, 954.440307617, 572.040283203, 343.532318115, 177.964263916, 105.385643005, 201.949005127, 88.7029190063, 44.5647659302, 42.1098175049, 25.170343399, 17.6612262726, 27.3521995544, 18.2393932343, 31.3184242249, 9.64716434479, 2.0205283165, 0.392327129841, 0.0109719391912, 0.000312411488267],
        "mean": [0.0510910190642, 0.332172632217, 0.852955460548, 1.42497265339, 2.63760375977, 2.96236896515, 3.97241616249, 17.0978717804, 42.0446739197, 46.2952384949, 14.8628997803, 23.9633617401, 173.09147644, 156.550521851, 95.9176177979, 73.7205276489, 42.214302063, 57.6906280518, 41.158657074, 27.2313804626, 19.0975990295, 26.0809993744, 17.6524963379, 14.6092615128, 10.5613126755, 7.69994783401, 10.2475242615, 4.03838539124, 1.22336161137, 0.770180463791, 0.682051956654, 0.761354923248, 0.799888908863, 0.61240786314, 0.348612874746, 0.151378288865, 0.0502572283149, 0.0119070038199, 0.000422314886237, 4.06489270972e-05],
        "median": [2.6923018595e-05, 0.000482061877847, 0.00367232225835, 0.00945222470909, 0.072443574667, 1.08119773865, 1.83401834965, 5.37736606598, 22.4314880371, 7.05953645706, 8.2061290741, 7.22797966003, 40.7381095886, 35.1217193604, 11.4375114441, 19.9667243958, 7.31513118744, 9.65301418304, 7.1967048645, 5.63498020172, 5.09875297546, 4.64870643616, 4.67606067657, 8.16785144806, 5.05224895477, 3.79862761497, 3.49757909775, 0.842151284218, 0.317201256752, 0.106724739075, 0.192045390606, 0.299620836973, 0.403339982033, 0.29799926281, 0.107041686773, 0.0294802971184, 0.0111067835242, 0.00221068342216, 8.3147562691e-05, 3.81632125936e-05],
        "min": [2.36643589918e-21, 1.87060934012e-20, 5.72708707612e-20, 1.80989444472e-20, 8.19627225714e-20, 7.67448478804e-20, 5.11937137412e-20, 2.33568508025e-19, 3.40128887214e-19, 5.38012487571e-19, 8.55104368876e-19, 2.81227821826e-18, 2.00842430578e-18, 1.18562733688e-18, 1.89192377472e-18, 1.70513284732e-18, 4.38337523612e-18, 6.86897935776e-18, 6.82943392063e-18, 5.46072049491e-18, 1.08078053988e-17, 4.19061278848e-18, 1.04651615465e-17, 1.17280802262e-17, 1.34361105838e-17, 1.15506822449e-17, 1.70844328617e-17, 2.32681853126e-17, 1.94265054307e-17, 1.90392327027e-17, 1.89943796612e-17, 2.01811108706e-17, 1.19865592784e-17, 9.58810111583e-18, 1.03630808415e-17, 6.71889115793e-18, 3.02453193627e-18, 1.58598585529e-18, 3.96726600978e-19, 3.93845472743e-20],
        "stdev": [0.133844152093, 0.730140686035, 1.7410389185, 2.6096470356, 6.55635976791, 5.33290290833, 7.32291650772, 35.7495918274, 50.8666648865, 89.8625259399, 22.2896690369, 52.3157234192, 288.846221924, 308.103118896, 276.124725342, 155.134277344, 130.220474243, 140.73109436, 156.867233276, 78.0752334595, 38.28956604, 80.964302063, 49.0535736084, 23.0798912048, 15.716463089, 10.5255088806, 20.7637004852, 9.65246391296, 2.64485812187, 2.2853872776, 1.62202763557, 1.36745834351, 1.37714993954, 1.15235769749, 1.13121700287, 0.451927751303, 0.123880162835, 0.0275274850428, 0.000982320285402, 3.0670522392e-05],
        "var": [0.017914256081, 0.533105432987, 3.0312166214, 6.81025791168, 42.9858551025, 28.4398517609, 53.6251068115, 1278.03344727, 2587.41772461, 8075.2734375, 496.829315186, 2736.93481445, 83432.1328125, 94927.5390625, 76244.8671875, 24066.6425781, 16957.3730469, 19805.2402344, 24607.3300781, 6095.74169922, 1466.09094238, 6555.21777344, 2406.25317383, 532.681335449, 247.007202148, 110.786331177, 431.131225586, 93.1700668335, 6.9952750206, 5.22299480438, 2.63097381592, 1.86994242668, 1.8965420723, 1.32792830467, 1.27965199947, 0.204238682985, 0.015346294269, 0.000757762405556, 9.6495307389e-07, 9.40680866535e-10]
    },
    "gfcc": {
        "mean": [-48.4586029053, 63.235710144, -146.927398682, -25.7719802856, -76.5781097412, -3.18642187119, -40.3537483215, 14.6329088211, -38.0551986694, 8.67712783813, -5.92154550552, -0.860983729362, -2.33326792717],
        "cov": [[9377.82714844, 187.00177002, 858.154174805, 2684.86889648, 1566.43286133, 743.019470215, 437.493774414, 639.58807373, 105.909812927, -1.65685880184, -686.456176758, 145.495758057, -60.5593643188], [187.00177002, 1395.9519043, 344.044464111, 332.912567139, 447.100097656, 78.8993835449, 165.078674316, -25.3713932037, 22.1455287933, -163.734863281, -40.0023460388, -82.9867706299, 31.1333560944], [858.154174805, 344.044464111, 1258.39941406, 968.89251709, 428.44934082, 245.976104736, 75.5138397217, 64.607093811, 106.527900696, -79.0175857544, -313.489776611, 130.510925293, -217.716720581], [2684.86889648, 332.912567139, 968.89251709, 1982.64233398, 951.563781738, 346.055206299, 162.626022339, 248.683059692, 195.572738647, -105.590896606, -465.208709717, 139.246383667, -191.54196167], [1566.43286133, 447.100097656, 428.44934082, 951.563781738, 986.342041016, 415.156311035, 164.026977539, 111.507965088, 118.742668152, -10.9743146896, -262.176483154, 25.5082893372, -102.428825378], [743.019470215, 78.8993835449, 245.976104736, 346.055206299, 415.156311035, 443.900024414, 158.939971924, -19.7011528015, 38.576675415, 51.4245223999, -96.7986450195, 3.14251160622, -71.2955169678], [437.493774414, 165.078674316, 75.5138397217, 162.626022339, 164.026977539, 158.939971924, 348.336456299, 81.7805252075, -1.66609072685, 33.0952224731, 7.28988409042, -20.1126041412, -20.1767139435], [639.58807373, -25.3713932037, 64.607093811, 248.683059692, 111.507965088, -19.7011528015, 81.7805252075, 219.288742065, 73.4734725952, 2.13246393204, -53.1706466675, 27.6696281433, -8.99283027649], [105.909812927, 22.1455287933, 106.527900696, 195.572738647, 118.742668152, 38.576675415, -1.66609072685, 73.4734725952, 166.885025024, 22.3136253357, -71.3084411621, 37.3545761108, -45.8410224915], [-1.65685880184, -163.734863281, -79.0175857544, -105.590896606, -10.9743146896, 51.4245223999, 33.0952224731, 2.13246393204, 22.3136253357, 164.559677124, 60.800994873, -9.816614151, -14.3112745285], [-686.456176758, -40.0023460388, -313.489776611, -465.208709717, -262.176483154, -96.7986450195, 7.28988409042, -53.1706466675, -71.3084411621, 60.800994873, 258.435119629, -17.5954113007, 57.3070144653], [145.495758057, -82.9867706299, 130.510925293, 139.246383667, 25.5082893372, 3.14251160622, -20.1126041412, 27.6696281433, 37.3545761108, -9.816614151, -17.5954113007, 114.369903564, -24.9038105011], [-60.5593643188, 31.1333560944, -217.716720581, -191.54196167, -102.428825378, -71.2955169678, -20.1767139435, -8.99283027649, -45.8410224915, -14.3112745285, 57.3070144653, -24.9038105011, 173.424682617]],
        "icov": [[0.000269655400189, -9.92962595774e-05, 0.000195434331545, -0.000311932846671, 8.29209238873e-05, -0.000389941065805, 0.00012132631673, -0.000711426662747, 0.000701386830769, -0.000389754568459, 0.000466171331936, -0.00029941968387, -0.00016509660054], [-9.92962595774e-05, 0.00191963510588, -0.00110200874042, 0.000283722940367, -0.00160339009017, 0.00135413045064, -0.00100092438515, 0.00150785280857, -0.00175015290733, 0.00231283297762, -0.00219770660624, 0.00240826024674, -0.00107767048758], [0.000195434331545, -0.00110200874042, 0.00247124768794, -0.000841333880089, 0.00124784407672, -0.00132124894299, 0.000356275646482, -0.000834248552565, 0.0015358341625, -0.00117657508235, 0.00256106490269, -0.00265719788149, 0.00171228626277], [-0.000311932846671, 0.000283722940367, -0.000841333880089, 0.00205294927582, -0.00126892060507, 0.000784200674389, -0.000421738543082, 0.000168216211023, -0.000874996883795, 0.000915644632187, 0.00041032655281, -0.000308542046696, 0.000248315278441], [8.29209238873e-05, -0.00160339009017, 0.00124784407672, -0.00126892060507, 0.00429188786075, -0.00319324387237, 0.000909125898033, -0.00172675563954, 0.00111618556548, -0.00173246569466, 0.00240478408523, -0.00139196147211, 0.000877767219208], [-0.000389941065805, 0.00135413045064, -0.00132124894299, 0.000784200674389, -0.00319324387237, 0.00679476372898, -0.00277028256096, 0.00429443921894, -0.00219896063209, 0.000194197084056, -0.00123191159219, 0.00150978006423, -0.000305440073134], [0.00012132631673, -0.00100092438515, 0.000356275646482, -0.000421738543082, 0.000909125898033, -0.00277028256096, 0.00514530623332, -0.00348751293495, 0.00201981677674, -0.00121339247562, -0.000420620752266, 0.000153397064423, 0.000614161894191], [-0.000711426662747, 0.00150785280857, -0.000834248552565, 0.000168216211023, -0.00172675563954, 0.00429443921894, -0.00348751293495, 0.0105930166319, -0.00544278463349, 0.00170797039755, -0.00182582926936, 0.00126198132057, -0.00100468227174], [0.000701386830769, -0.00175015290733, 0.0015358341625, -0.000874996883795, 0.00111618556548, -0.00219896063209, 0.00201981677674, -0.00544278463349, 0.0121289454401, -0.00464083952829, 0.00473204115406, -0.00459982082248, 0.00182763696648], [-0.000389754568459, 0.00231283297762, -0.00117657508235, 0.000915644632187, -0.00173246569466, 0.000194197084056, -0.00121339247562, 0.00170797039755, -0.00464083952829, 0.0113156521693, -0.00544772902504, 0.00381431658752, 4.19065072492e-05], [0.000466171331936, -0.00219770660624, 0.00256106490269, 0.00041032655281, 0.00240478408523, -0.00123191159219, -0.000420620752266, -0.00182582926936, 0.00473204115406, -0.00544772902504, 0.0122187929228, -0.00567204831168, 0.000945062958635], [-0.00029941968387, 0.00240826024674, -0.00265719788149, -0.000308542046696, -0.00139196147211, 0.00150978006423, 0.000153397064423, 0.00126198132057, -0.00459982082248, 0.00381431658752, -0.00567204831168, 0.0149641223252, -0.00120962341316], [-0.00016509660054, -0.00107767048758, 0.00171228626277, 0.000248315278441, 0.000877767219208, -0.000305440073134, 0.000614161894191, -0.00100468227174, 0.00182763696648, 4.19065072492e-05, 0.000945062958635, -0.00120962341316, 0.00873864069581]]
    },
    "melbands": {
        "dmean": [0.000259757449385, 0.000222920352826, 0.000155329005793, 0.000130585132865, 7.64916330809e-05, 0.000148878840264, 0.000245599017944, 0.000238053093199, 4.50008774351e-05, 0.000104717975773, 0.000361088372301, 0.000311215524562, 0.000217448017793, 9.4017086667e-05, 6.05188251939e-05, 6.1730897869e-05, 6.25808897894e-05, 3.60202539014e-05, 3.3097112464e-05, 1.44938185258e-05, 1.40979636853e-05, 1.6712327124e-05, 1.12846610136e-05, 7.95502273832e-06, 6.1889418248e-06, 4.99727002534e-06, 2.07735251934e-06, 2.33492141888e-06, 3.31125943376e-06, 2.55322061093e-06, 7.90964691078e-07, 4.11709891068e-07, 3.66383460459e-07, 2.56444621982e-07, 2.13180115338e-07, 2.3267378424e-07, 2.35788675695e-07, 2.67798043296e-07, 3.21362421118e-07, 2.40586729205e-07],
        "dmean2": [0.000407134590205, 0.00037037912989, 0.000257115490967, 0.000222121016122, 0.00012799706019, 0.000213852646993, 0.000352570059476, 0.000342151499353, 6.7703476816e-05, 0.000150703941472, 0.000511609308887, 0.000418748095399, 0.000297437480185, 0.000126813320094, 8.57615232235e-05, 9.13286639843e-05, 9.00075974641e-05, 5.04274430568e-05, 5.05142488691e-05, 2.32434522331e-05, 2.20970705413e-05, 2.37652748183e-05, 1.72148502315e-05, 1.14510803542e-05, 9.92981495074e-06, 7.51250763642e-06, 3.43055694429e-06, 3.63014692084e-06, 4.83334360979e-06, 3.9142305468e-06, 1.2170850141e-06, 6.67661311127e-07, 5.85419741128e-07, 4.023510769e-07, 3.27045938775e-07, 3.47243542365e-07, 3.48575326825e-07, 4.08696934073e-07, 4.64934316824e-07, 3.59753641987e-07],
        "dvar": [5.86593785101e-07, 3.61362822332e-07, 1.27864012711e-07, 1.7278043174e-07, 3.30639196022e-08, 9.02220023136e-08, 1.64722735008e-07, 3.16324729965e-07, 1.05464899036e-08, 7.09065446358e-08, 5.51185394215e-07, 5.99330974183e-07, 5.35316473815e-07, 6.63535146828e-08, 2.59556287574e-08, 5.20914227309e-08, 3.24864011247e-08, 2.26558274363e-08, 1.43910749983e-08, 2.07931427632e-09, 1.17567577895e-09, 3.20120441266e-09, 2.32223884566e-09, 5.02163033378e-10, 1.65073954506e-10, 1.42072506537e-10, 1.35518289299e-11, 2.16765268929e-11, 6.02806207728e-11, 5.05704159104e-11, 4.24784079439e-12, 1.17754796799e-12, 1.91906690192e-12, 1.20670368229e-12, 5.61566689417e-13, 5.85754318314e-13, 2.69882450806e-13, 6.37357842285e-13, 6.33170761915e-13, 5.75018060511e-13],
        "dvar2": [1.3596189774e-06, 8.85417989593e-07, 3.596125282e-07, 4.50073173397e-07, 8.45106811198e-08, 1.47486190372e-07, 3.35011975494e-07, 6.0519124645e-07, 1.93576301655e-08, 1.33150521719e-07, 1.14937517992e-06, 1.19300796086e-06, 8.78435571394e-07, 1.15963651126e-07, 4.9129361912e-08, 1.11819822735e-07, 6.37954471472e-08, 3.66826213849e-08, 3.31973524226e-08, 4.3708925368e-09, 2.49240850181e-09, 4.86286522161e-09, 4.92204410563e-09, 8.09652955791e-10, 3.67190250428e-10, 2.52324938721e-10, 3.67491939657e-11, 4.42543987567e-11, 1.1621411472e-10, 1.11169955186e-10, 9.25967028748e-12, 2.92215622359e-12, 4.69660118088e-12, 3.00186915256e-12, 1.39431153255e-12, 1.42444910034e-12, 5.69907023049e-13, 1.52379703907e-12, 1.26357182096e-12, 1.14330257501e-12],
        "max": [0.0126720657572, 0.00825391709805, 0.00462828017771, 0.00615815771744, 0.00288277748041, 0.00761143676937, 0.00515148695558, 0.00639069220051, 0.00242337817326, 0.00503248721361, 0.0107837142423, 0.0116998944432, 0.012192202732, 0.00578049989417, 0.00292293098755, 0.00415933690965, 0.00270254723728, 0.00275593949482, 0.00216487818398, 0.000851729651913, 0.000605343142524, 0.00137866986915, 0.00108758953866, 0.000592318479903, 0.00029613103834, 0.00026450882433, 4.2896503146e-05, 7.9741992522e-05, 0.000157128466526, 0.00012558689923, 3.19402606692e-05, 2.02304054255e-05, 3.53160467057e-05, 2.06060303753e-05, 1.34026586238e-05, 1.43007637234e-05, 1.02311887531e-05, 1.74058477569e-05, 1.92831794266e-05, 1.65739911608e-05],
        "mean": [0.000448868435342, 0.000441317679361, 0.00028266562731, 0.000199395013624, 0.000135565976962, 0.000393931230064, 0.000674065900967, 0.000432206783444, 9.2824739113e-05, 0.000194745443878, 0.000869720650371, 0.000632789044175, 0.000380217825295, 0.000196503460757, 0.000118481933896, 8.67086200742e-05, 0.000107841813588, 6.19657439529e-05, 4.54706423625e-05, 2.25729963859e-05, 2.3620794309e-05, 2.82192504528e-05, 2.26201973419e-05, 1.47218552229e-05, 1.09989659904e-05, 9.47226999415e-06, 4.64275353806e-06, 4.80822154714e-06, 7.17711645848e-06, 5.10050040248e-06, 1.216308533e-06, 6.63595585593e-07, 5.32798082986e-07, 3.83826090911e-07, 3.64603494063e-07, 4.43463619604e-07, 4.71279776093e-07, 5.17018804658e-07, 6.42553857233e-07, 4.67836287044e-07],
        "median": [4.40444125616e-07, 1.44174896377e-06, 1.98783527594e-06, 4.11204891861e-05, 5.94133998675e-05, 0.000110820888949, 0.000397752068238, 6.76366471453e-05, 4.09511776525e-05, 4.15652139054e-05, 0.000195208442165, 9.35317511903e-05, 1.51464510054e-05, 3.18433412758e-05, 2.44853927143e-05, 7.41583562558e-06, 1.464725392e-05, 8.33436206449e-06, 7.13537156116e-06, 5.40448854736e-06, 4.24413883593e-06, 4.56874386146e-06, 2.83099552689e-06, 4.75796514365e-06, 5.63554294786e-06, 3.79921948479e-06, 2.29074112212e-06, 2.0478287297e-06, 2.29660531659e-06, 9.57296037996e-07, 2.3285352313e-07, 1.45390870898e-07, 9.07122768012e-08, 4.06249043294e-08, 9.53862553388e-08, 1.36640551318e-07, 1.90876662032e-07, 2.50818800396e-07, 3.25410667301e-07, 2.09424413811e-07],
        "min": [2.21331035499e-23, 2.77392524357e-23, 5.78784248489e-24, 5.43242909265e-24, 2.04430660904e-24, 4.79483029386e-24, 5.47751801541e-24, 6.36159758734e-24, 1.03769358825e-23, 1.7448931114e-23, 9.24714586014e-24, 4.00932244191e-24, 6.69225810209e-24, 3.08933766867e-24, 8.74336193112e-24, 9.05292357211e-24, 1.36645144939e-23, 1.12957419003e-23, 7.09573363384e-24, 8.99976696887e-24, 1.2989658189e-23, 4.06868935263e-24, 6.00014388715e-24, 1.03780600093e-23, 8.78891549296e-24, 1.28851388522e-23, 6.61589399988e-24, 7.27876750765e-24, 9.80430175142e-24, 1.29840493879e-23, 1.34533490513e-23, 1.19849373299e-23, 1.05479893258e-23, 9.74552135878e-24, 1.14703680946e-23, 1.16373194612e-23, 1.21079018124e-23, 9.5036029627e-24, 6.2295564713e-24, 8.75791168166e-24],
        "stdev": [0.00106115383096, 0.00082367786672, 0.000503475836013, 0.000421686534537, 0.00023948562739, 0.000770578975789, 0.000780818867497, 0.000862259010319, 0.000169509803527, 0.000433592445916, 0.00144434790127, 0.00132689706516, 0.00118038931396, 0.000528988428414, 0.000265015987679, 0.000288401497528, 0.000274877878837, 0.000254072656389, 0.000142449644045, 6.27022673143e-05, 5.01010072185e-05, 9.68211024883e-05, 8.88266586117e-05, 3.91384455725e-05, 1.78556056198e-05, 1.80447987077e-05, 5.72924045628e-06, 7.29767907615e-06, 1.54258705152e-05, 1.34752544909e-05, 2.79276741821e-06, 1.47203490997e-06, 1.56427677211e-06, 1.22594281038e-06, 8.84218593455e-07, 1.01036732758e-06, 8.11139614143e-07, 9.25003064367e-07, 1.10242274332e-06, 9.65590629676e-07],
        "var": [1.12604743663e-06, 6.78445189806e-07, 2.53487939972e-07, 1.77819529767e-07, 5.73533647241e-08, 5.93791924075e-07, 6.09678068031e-07, 7.43490602417e-07, 2.87335719662e-08, 1.8800241719e-07, 2.08614096664e-06, 1.76065577762e-06, 1.39331893934e-06, 2.79828753946e-07, 7.02334688185e-08, 8.31754292108e-08, 7.55578426492e-08, 6.45529212306e-08, 2.02919014924e-08, 3.93157462142e-09, 2.51011078589e-09, 9.374325316e-09, 7.89017473579e-09, 1.53181800577e-09, 3.18822634959e-10, 3.25614729624e-10, 3.28241947511e-11, 5.32561182653e-11, 2.37957459293e-10, 1.81582485159e-10, 7.7995500683e-12, 2.16688689561e-12, 2.44696168709e-12, 1.50293568823e-12, 7.81842472708e-13, 1.02084215647e-12, 6.57947492062e-13, 8.55630670482e-13, 1.21533599157e-12, 9.3236529608e-13]
    },
    "melbands128": {
