{
"lowlevel": {
    "average_loudness": 0.973545074463,
    "barkbands_crest": {
        "dmean": 2.48196792603,
        "dmean2": 3.97564578056,
        "dvar": 7.93035936356,
        "dvar2": 18.3531646729,
        "max": 25.2991008759,
        "mean": 16.3025131226,
        "median": 17.7939395905,
        "min": 3.50401186943,
        "stdev": 5.59922361374,
        "var": 31.3513031006
    },
    "barkbands_flatness_db": {
        "dmean": 0.0335580408573,
        "dmean2": 0.0462406054139,
        "dvar": 0.00124470191076,
        "dvar2": 0.00213896902278,
        "max": 0.435625404119,
        "mean": 0.209085583687,
        "median": 0.201977789402,
        "min": 0.0283423643559,
        "stdev": 0.0897546857595,
        "var": 0.00805590394884
    },
    "barkbands_kurtosis": {
        "dmean": 19.944688797,
        "dmean2": 31.7816619873,
        "dvar": 1419.4173584,
        "dvar2": 3273.78125,
        "max": 365.758972168,
        "mean": 33.9776573181,
        "median": 9.5843629837,
        "min": -1.93794167042,
        "stdev": 54.970199585,
        "var": 3021.72265625
    },
    "barkbands_skewness": {
        "dmean": 1.41868710518,
        "dmean2": 2.16455960274,
        "dvar": 2.85912203789,
        "dvar2": 6.64118385315,
        "max": 15.25776577,
        "mean": 3.72447562218,
        "median": 2.9996881485,
        "min": -2.72342610359,
        "stdev": 3.11807584763,
        "var": 9.72239685059
    },
    "barkbands_spread": {
        "dmean": 11.4146327972,
        "dmean2": 18.2047462463,
        "dvar": 259.933746338,
        "dvar2": 595.444641113,
        "max": 99.6178436279,
        "mean": 18.199131012,
        "median": 10.3622665405,
        "min": 0.359516113997,
        "stdev": 20.4083271027,
        "var": 416.499816895
    },
    "dissonance": {
        "dmean": 0.0262223556638,
        "dmean2": 0.0420377515256,
        "dvar": 0.000723267323337,
        "dvar2": 0.00165077333804,
        "max": 0.499773710966,
        "mean": 0.455839306116,
        "median": 0.463178217411,
        "min": 0.136751160026,
        "stdev": 0.0350699946284,
        "var": 0.00122990459204
    },
    "dynamic_complexity": 2.57294464111,
    "erbbands_crest": {
        "dmean": 2.87944197655,
        "dmean2": 4.77905130386,
        "dvar": 6.66615867615,
        "dvar2": 16.6472396851,
        "max": 25.3517894745,
        "mean": 8.92109394073,
        "median": 8.06929588318,
        "min": 3.11461806297,
        "stdev": 3.76658821106,
        "var": 14.1871871948
    },
    "erbbands_flatness_db": {
        "dmean": 0.0215205214918,
        "dmean2": 0.0337889306247,
        "dvar": 0.000445588404546,
        "dvar2": 0.00110601237975,
        "max": 0.277520954609,
        "mean": 0.143898665905,
        "median": 0.140980109572,
        "min": 0.0511031523347,
        "stdev": 0.0333766825497,
        "var": 0.00111400301103
    },
    "erbbands_kurtosis": {
        "dmean": 2.05708670616,
        "dmean2": 3.53316688538,
        "dvar": 9.86402606964,
        "dvar2": 28.2341594696,
        "max": 23.7155132294,
        "mean": 1.21178019047,
        "median": 0.371220111847,
        "min": -1.74012351036,
        "stdev": 2.95649981499,
        "var": 8.74089050293
    },
    "erbbands_skewness": {
        "dmean": 0.756517112255,
        "dmean2": 1.18573999405,
        "dvar": 0.752923905849,
        "dvar2": 1.82218301296,
        "max": 2.71108698845,
        "mean": 0.133168295026,
        "median": 0.281161785126,
        "min": -4.21586084366,
        "stdev": 1.036911726,
        "var": 1.07518601418
    },
    "erbbands_spread": {
        "dmean": 15.9862604141,
        "dmean2": 25.789068222,
        "dvar": 334.893798828,
        "dvar2": 851.944885254,
        "max": 162.3309021,
        "mean": 43.6606521606,
        "median": 39.8217010498,
        "min": 5.00232315063,
        "stdev": 23.937921524,
        "var": 573.024047852
    },
    "hfc": {
        "dmean": 20.3712863922,
        "dmean2": 32.2243347168,
        "dvar": 1368.46618652,
        "dvar2": 2952.20581055,
        "max": 348.049285889,
        "mean": 28.7207374573,
        "median": 18.6636791229,
        "min": 0.00020813352603,
        "stdev": 40.1683349609,
        "var": 1613.49499512
    },
    "loudness_ebu128": {
        "integrated": -9.24941730499,
        "loudness_range": 0.869041442871,
        "momentary": {
            "dmean": 0.944084465504,
            "dmean2": 1.08815681934,
            "dvar": 0.588411748409,
            "dvar2": 1.18741357327,
            "max": -6.74302196503,
            "mean": -9.63144302368,
            "median": -9.09770011902,
            "min": -18.5614032745,
            "stdev": 2.0350112915,
            "var": 4.14127111435
        },
        "short_term": {
            "dmean": 0.0884440690279,
            "dmean2": 0.0895270705223,
            "dvar": 0.00402457965538,
            "dvar2": 0.00626824144274,
            "max": -8.4121131897,
            "mean": -9.13251113892,
            "median": -9.10860538483,
            "min": -11.2773265839,
            "stdev": 0.444218337536,
            "var": 0.197329938412
        }
    },
    "melbands_crest": {
        "dmean": 3.27903008461,
        "dmean2": 5.04080247879,
        "dvar": 14.2690868378,
        "dvar2": 31.6897964478,
        "max": 38.0469169617,
        "mean": 25.4830341339,
        "median": 28.9536933899,
        "min": 4.82781744003,
        "stdev": 8.90158939362,
        "var": 79.2382965088
    },
    "melbands_flatness_db": {
        "dmean": 0.0455069839954,
        "dmean2": 0.0612048096955,
        "dvar": 0.00225363927893,
        "dvar2": 0.00401573395357,
        "max": 0.558984100819,
        "mean": 0.292071729898,
        "median": 0.293743133545,
        "min": 0.0389867536724,
        "stdev": 0.116566821933,
        "var": 0.0135878231376
    },
    "melbands_kurtosis": {
        "dmean": 41.9980659485,
        "dmean2": 66.9563064575,
        "dvar": 6214.07226562,
        "dvar2": 16048.171875,
        "max": 1033.578125,
        "mean": 74.7015686035,
        "median": 28.0582256317,
        "min": -1.65869700909,
        "stdev": 108.088981628,
        "var": 11683.2285156
    },
    "melbands_skewness": {
        "dmean": 1.72534382343,
        "dmean2": 2.69549107552,
        "dvar": 4.55939865112,
        "dvar2": 10.6067905426,
        "max": 24.4808483124,
        "mean": 5.6363863945,
        "median": 4.74213123322,
        "min": -0.893368780613,
        "stdev": 4.12104701996,
        "var": 16.9830303192
    },
    "melbands_spread": {
        "dmean": 12.4225902557,
        "dmean2": 20.7551784515,
        "dvar": 569.905761719,
        "dvar2": 1465.0222168,
        "max": 208.983840942,
        "mean": 17.6109027863,
        "median": 8.19071102142,
        "min": 0.272557377815,
        "stdev": 26.4991378784,
        "var": 702.204284668
    },
    "pitch_salience": {
        "dmean": 0.0788246169686,
        "dmean2": 0.127356216311,
        "dvar": 0.00793165434152,
        "dvar2": 0.0186735615134,
        "max": 0.816098213196,
        "mean": 0.370346844196,
        "median": 0.315469413996,
        "min": 0.0894812047482,
        "stdev": 0.172422528267,
        "var": 0.0297295283526
    },
    "silence_rate_20dB": {
        "dmean": 0,
        "dmean2": 0,
        "dvar": 0,
        "dvar2": 0,
        "max": 1,
        "mean": 1,
        "median": 1,
        "min": 1,
        "stdev": 0,
        "var": 0
    },
    "silence_rate_30dB": {
        "dmean": 0.100619196892,
        "dmean2": 0.201394274831,
        "dvar": 0.0904949009418,
        "dvar2": 0.17477619648,
        "max": 1,
        "mean": 0.529002308846,
        "median": 1,
        "min": 0,
        "stdev": 0.499157011509,
        "var": 0.249157726765
    },
    "silence_rate_60dB": {
        "dmean": 0.0123839005828,
        "dmean2": 0.0232378002256,
        "dvar": 0.0122306719422,
        "dvar2": 0.0257960055023,
        "max": 1,
        "mean": 0.0139211136848,
        "median": 0,
        "min": 0,
        "stdev": 0.117162868381,
        "var": 0.0137271378189
    },
    "spectral_centroid": {
        "dmean": 711.984741211,
        "dmean2": 1097.91064453,
        "dvar": 806087,
        "dvar2": 1710894.25,
        "max": 4868.60107422,
        "mean": 1440.42651367,
        "median": 1012.54699707,
        "min": 155.100250244,
        "stdev": 1113.53210449,
        "var": 1239953.75
    },
    "spectral_complexity": {
        "dmean": 5.68111467361,
        "dmean2": 8.77536773682,
        "dvar": 45.8548965454,
        "dvar2": 86.8648757935,
        "max": 59,
        "mean": 15.888630867,
        "median": 14,
        "min": 0,
        "stdev": 9.76753044128,
        "var": 95.4046554565
    },
    "spectral_decrease": {
        "dmean": 6.19153350812e-09,
        "dmean2": 7.98531818447e-09,
        "dvar": 6.56483753695e-17,
        "dvar2": 1.42708388886e-16,
        "max": -1.25683751601e-13,
        "mean": -2.48879175047e-08,
        "median": -2.33722463605e-08,
        "min": -6.75210785062e-08,
        "stdev": 1.95962712723e-08,
        "var": 3.84013848052e-16
    },
    "spectral_energy": {
        "dmean": 0.0242025218904,
        "dmean2": 0.0316018499434,
        "dvar": 0.000963112979662,
        "dvar2": 0.00206112558953,
        "max": 0.263519376516,
        "mean": 0.096537835896,
        "median": 0.0908134058118,
        "min": 4.932377351e-07,
        "stdev": 0.0746621638536,
        "var": 0.0055744391866
    },
    "spectral_energyband_high": {
        "dmean": 0.0028281759005,
        "dmean2": 0.00477501610294,
        "dvar": 2.37595741055e-05,
        "dvar2": 5.77579266974e-05,
        "max": 0.0410453118384,
        "mean": 0.00226894044317,
        "median": 0.000317534722853,
        "min": 2.1244256132e-08,
        "stdev": 0.00466861017048,
        "var": 2.17959222937e-05
    },
    "spectral_energyband_low": {
        "dmean": 0.0206164289266,
        "dmean2": 0.0256462451071,
        "dvar": 0.000804984068964,
        "dvar2": 0.00182899041101,
        "max": 0.234513416886,
        "mean": 0.0815608426929,
        "median": 0.0747826397419,
        "min": 3.54851607653e-07,
        "stdev": 0.0716196447611,
        "var": 0.00512937363237
    },
    "spectral_energyband_middle_high": {
        "dmean": 0.00244138599373,
        "dmean2": 0.00334041053429,
        "dvar": 3.3080301364e-05,
        "dvar2": 5.68979194213e-05,
        "max": 0.068955488503,
        "mean": 0.00436727283522,
        "median": 0.00178838695865,
        "min": 4.70261207752e-09,
        "stdev": 0.00774384336546,
        "var": 5.99671111559e-05
    },
    "spectral_energyband_middle_low": {
        "dmean": 0.00547383958474,
        "dmean2": 0.00868987478316,
        "dvar": 7.84808726166e-05,
        "dvar2": 0.000204021984246,
        "max": 0.0701595172286,
        "mean": 0.00962699204683,
        "median": 0.00631436612457,
        "min": 2.67066031512e-08,
        "stdev": 0.00990031659603,
        "var": 9.80162658379e-05
    },
    "spectral_entropy": {
        "dmean": 0.262146353722,
        "dmean2": 0.37812897563,
        "dvar": 0.0664911195636,
        "dvar2": 0.114022485912,
        "max": 8.90959072113,
        "mean": 7.54402828217,
        "median": 7.51653862,
        "min": 5.9351773262,
        "stdev": 0.468693077564,
        "var": 0.219673201442
    },
    "spectral_flux": {
        "dmean": 0.0475843548775,
        "dmean2": 0.0740452185273,
        "dvar": 0.00338431959972,
        "dvar2": 0.0063236868009,
        "max": 0.432241767645,
        "mean": 0.113593555987,
        "median": 0.0841176956892,
        "min": 0.000702308840118,
        "stdev": 0.0866792574525,
        "var": 0.00751329399645
    },
    "spectral_kurtosis": {
        "dmean": 1.89248895645,
        "dmean2": 2.84216976166,
        "dvar": 3.82451796532,
        "dvar2": 7.81106281281,
        "max": 21.3515434265,
        "mean": 4.18601131439,
        "median": 3.69207715988,
        "min": -1.17718052864,
        "stdev": 3.11169505119,
        "var": 9.68264579773
    },
    "spectral_rms": {
        "dmean": 0.00125619478058,
        "dmean2": 0.00157109473366,
        "dvar": 2.07536163543e-06,
        "dvar2": 3.7474187593e-06,
        "max": 0.0160340908915,
        "mean": 0.00873435102403,
        "median": 0.00941267516464,
        "min": 2.19364446821e-05,
        "stdev": 0.00423017004505,
        "var": 1.78943391802e-05
    },
    "spectral_rolloff": {
        "dmean": 802.830444336,
        "dmean2": 1415.97180176,
        "dvar": 2591339.25,
        "dvar2": 5983017,
        "max": 12316.9921875,
        "mean": 1079.19372559,
        "median": 172.265625,
        "min": 43.06640625,
        "stdev": 1868.41882324,
        "var": 3490988.75
    },
    "spectral_skewness": {
        "dmean": 0.471297472715,
        "dmean2": 0.666309297085,
        "dvar": 0.234148785472,
        "dvar2": 0.435426741838,
        "max": 3.79279971123,
        "mean": 1.53646528721,
        "median": 1.65977358818,
        "min": -0.0305864680558,
        "stdev": 0.76957154274,
        "var": 0.592240333557
    },
    "spectral_spread": {
        "dmean": 900887.5625,
        "dmean2": 1406154.25,
        "dvar": 1.55514411418e+12,
        "dvar2": 3.49225746432e+12,
        "max": 21067886,
        "mean": 5099328,
        "median": 4814935.5,
        "min": 2673818.25,
        "stdev": 1629552.5,
        "var": 2.65544138752e+12
    },
    "spectral_strongpeak": {
        "dmean": 0.239792272449,
        "dmean2": 0.364553332329,
        "dvar": 0.23065520823,
        "dvar2": 0.560824513435,
        "max": 7.18357467651,
        "mean": 0.697715103626,
        "median": 0.558137834072,
        "min": 0,
        "stdev": 0.657452464104,
        "var": 0.432243704796
    },
    "zerocrossingrate": {
        "dmean": 0.0143600795418,
        "dmean2": 0.0173186659813,
        "dvar": 0.000343317136867,
        "dvar2": 0.000418496900238,
        "max": 0.30615234375,
        "mean": 0.0386097170413,
        "median": 0.02587890625,
        "min": 0.00146484375,
        "stdev": 0.0401519574225,
        "var": 0.00161217979621
    },
    "barkbands": {
        "dmean": [0.00275488640182, 0.016899028793, 0.00452559813857, 0.00201575830579, 0.00158190156799, 0.000705869984813, 0.00129414920229, 0.000641508435365, 0.0010248622857, 0.000538421329111, 0.00027583251358, 0.000434236018918, 0.000366313848644, 0.000325590517605, 0.000286101654638, 0.000285404472379, 0.000232900842093, 0.000274149846518, 0.00027979988954, 0.000578841136303, 0.00144842534792, 0.00043557191384, 0.00032798902248, 0.000190391860087, 0.000117053175927, 3.68889450328e-05, 8.9879654297e-07],
        "dmean2": [0.00335817388259, 0.0216027740389, 0.00784596707672, 0.00346927065402, 0.00273488741368, 0.0011666304199, 0.00204357434995, 0.00101136602461, 0.00148576847278, 0.000759434653446, 0.000414923531935, 0.000666284118779, 0.000543921312783, 0.000484846474137, 0.000413939618738, 0.000426402315497, 0.000341104489053, 0.000440521922428, 0.000422147160862, 0.000975234026555, 0.00256265210919, 0.000722237513401, 0.000539712142199, 0.00031166995177, 0.000191200524569, 6.24384629191e-05, 1.57753152052e-06],
        "dvar": [1.81603390956e-05, 0.000573765661102, 0.000108410698886, 2.01054190256e-05, 1.03587335616e-05, 1.97554186343e-06, 6.52478956908e-06, 1.73391958924e-06, 4.35762603956e-06, 1.84093676125e-06, 3.49065743421e-07, 8.92051843948e-07, 7.48493960145e-07, 4.77090907225e-07, 5.16121701821e-07, 7.90523358773e-07, 6.67732308557e-07, 1.54348015258e-06, 1.10183202651e-06, 1.10801533992e-06, 6.67468202664e-06, 5.20130754467e-07, 5.18890885814e-07, 2.47058125069e-07, 1.1269363398e-07, 3.32247367396e-08, 2.63116663873e-11],
        "dvar2": [4.06353719882e-05, 0.00130883138627, 0.000298427563393, 5.70518241148e-05, 2.81086868199e-05, 4.75112801723e-06, 1.37290799103e-05, 3.71368673768e-06, 8.24690414447e-06, 3.0510882425e-06, 8.1092957771e-07, 2.10706184589e-06, 1.40271765758e-06, 1.09490156319e-06, 9.85630094874e-07, 1.79948460755e-06, 1.39885503359e-06, 3.63020853911e-06, 2.13443240682e-06, 2.63038305093e-06, 1.74290853465e-05, 1.2506557141e-06, 1.24856751427e-06, 6.00706869136e-07, 2.88840311669e-07, 9.23312555301e-08, 7.39655212079e-11],
        "max": [0.0572548620403, 0.212598517537, 0.0660468116403, 0.0309507884085, 0.0345841422677, 0.0128373857588, 0.0252790749073, 0.0180477332324, 0.0232943445444, 0.0270406007767, 0.0129251284525, 0.0115799549967, 0.0167329534888, 0.00873933546245, 0.00748926633969, 0.00964755285531, 0.0106202075258, 0.0133241014555, 0.0135132800788, 0.0113611742854, 0.0161588732153, 0.00553451944143, 0.00694842729717, 0.00757285067812, 0.00426562596112, 0.00370314484462, 8.59111460159e-05],
        "mean": [0.00919408537447, 0.0667294561863, 0.00443415762857, 0.00235524890013, 0.00173112424091, 0.000787855009548, 0.00211775302887, 0.000892770825885, 0.00155732082203, 0.000778212328441, 0.000395954062697, 0.000694163783919, 0.000514584360644, 0.000450915918918, 0.000354287942173, 0.000330149108777, 0.000262050278252, 0.000248488475336, 0.000266077462584, 0.000494687352329, 0.000987023464404, 0.000355398602551, 0.000281499553239, 0.000173581705894, 0.000116556504508, 3.37343881256e-05, 6.9449674811e-07],
        "median": [0.00507248332724, 0.0587824061513, 0.00172361033037, 0.000919559213798, 0.000795108149759, 0.000268992997007, 0.000427608785685, 0.000228064047405, 0.000335544231348, 0.000146487465827, 0.000145091820741, 0.000176487927092, 8.53559249663e-05, 0.000106089632027, 5.19826426171e-05, 4.57452551927e-05, 5.55963015358e-05, 3.53542600351e-05, 3.8943526306e-05, 8.95080593182e-05, 4.32743545389e-05, 4.11915716541e-05, 4.30631116615e-05, 3.2328247471e-05, 3.02117769024e-05, 8.13147380541e-06, 6.44748467948e-08],
        "min": [3.63655061619e-08, 1.97216479592e-07, 5.3516359344e-08, 1.65472737734e-08, 4.79375472651e-09, 3.90830656727e-09, 4.01549710149e-10, 7.23037130168e-10, 2.48829790106e-10, 2.06481554077e-10, 2.60679922093e-10, 2.26397034453e-09, 4.89039198026e-10, 2.04884678667e-10, 1.93778923463e-10, 4.2383868637e-10, 1.57928406463e-10, 2.12322298632e-10, 1.27450619503e-10, 1.93516025426e-09, 1.20154275418e-09, 3.97294019905e-09, 1.33765687416e-09, 6.9487473553e-09, 4.57512916441e-09, 1.35024924575e-09, 1.30904326007e-12],
        "stdev": [0.0108149070293, 0.0601154305041, 0.0088905422017, 0.00402357522398, 0.00287025189027, 0.00148382200859, 0.0038783904165, 0.0017938548699, 0.00293308333494, 0.00217081536539, 0.000778336077929, 0.00136828201357, 0.00136826222297, 0.000883708591573, 0.000878960127011, 0.000941612408496, 0.000884191773366, 0.00115559936967, 0.00113622529898, 0.00105070986319, 0.00222881580703, 0.000710626074579, 0.000690630462486, 0.000477112393128, 0.000311094510835, 0.000149972591316, 4.18530544266e-06],
        "var": [0.000116962219181, 0.00361386500299, 7.90417470853e-05, 1.61891566677e-05, 8.23834579933e-06, 2.20172773879e-06, 1.50419127749e-05, 3.2179154914e-06, 8.60297768668e-06, 4.71243947686e-06, 6.0580708805e-07, 1.87219552572e-06, 1.87214163816e-06, 7.80940922596e-07, 7.72570899699e-07, 8.86633927166e-07, 7.81795051807e-07, 1.33540993374e-06, 1.29100794766e-06, 1.10399116693e-06, 4.96762004332e-06, 5.04989429828e-07, 4.76970399177e-07, 2.27636235195e-07, 9.67798001739e-08, 2.24917773295e-08, 1.75167831629e-11]
    },
    "erbbands": {
        "dmean": [0.922076821327, 3.7768497467, 5.85231304169, 6.12994003296, 6.0881934166, 4.85927438736, 5.10462236404, 6.10306835175, 15.7223796844, 19.8033008575, 13.7004089355, 22.0653400421, 18.0081958771, 16.8749008179, 12.373339653, 15.023856163, 15.7289581299, 15.9649600983, 17.0791988373, 14.0892753601, 14.5045442581, 13.5010480881, 14.3714609146, 15.7546081543, 14.5465888977, 28.7588157654, 54.1018829346, 48.0706100464, 17.8055667877, 13.5031204224, 7.62102937698, 5.15866708755, 2.45300269127, 1.36309242249, 0.816895663738, 0.27207672596, 0.0495956353843, 0.00473706424236, 0.000137741008075, 3.2732517866e-05],
        "dmean2": [1.16092085838, 5.47033452988, 9.98997306824, 10.5018749237, 10.4159841537, 8.4189863205, 8.93201637268, 9.94311332703, 25.3370895386, 29.3862133026, 21.5668716431, 32.5117301941, 26.0092220306, 22.8677082062, 18.2999191284, 22.4821529388, 22.7424926758, 23.8942546844, 24.6282157898, 20.7662200928, 20.9048194885, 19.8676948547, 23.448507309, 23.8268489838, 22.982378006, 48.9666824341, 95.0385894775, 84.002822876, 29.8805828094, 22.3540592194, 12.4944238663, 8.58937740326, 3.88647222519, 2.1624994278, 1.37321257591, 0.46368432045, 0.0845428481698, 0.00800966471434, 0.000229799217777, 4.60729570477e-05],
        "dvar": [1.624792099, 45.4199905396, 189.113891602, 181.698684692, 157.871627808, 94.3855133057, 166.290496826, 141.96206665, 1109.63220215, 1698.89904785, 750.690063477, 2620.53540039, 1620.00732422, 1881.65087891, 562.030639648, 1044.3001709, 1466.28161621, 943.475402832, 1864.54492188, 1689.37536621, 1660.92419434, 2321.6418457, 4406.35546875, 4350.46728516, 2076.14404297, 2708.34985352, 9387.43261719, 7145.5703125, 911.52911377, 698.569213867, 277.646759033, 156.741516113, 51.2313652039, 13.0576152802, 6.80277824402, 1.78471541405, 0.0529560819268, 0.000447883183369, 4.10690859098e-07, 1.88874960116e-09],
        "dvar2": [4.26437854767, 109.307029724, 506.142272949, 507.724578857, 433.059875488, 253.241912842, 451.82232666, 321.520263672, 2434.30249023, 3257.56274414, 1657.86401367, 5089.84716797, 3242.0637207, 2845.07226562, 1275.34912109, 2259.07421875, 2706.91088867, 2166.18017578, 3425.13989258, 3847.62426758, 3329.234375, 4835.35351562, 10769.2080078, 8426.84375, 4659.40332031, 6738.48583984, 24411.2695312, 18351.8320312, 2218.69165039, 1695.38220215, 649.918395996, 383.809783936, 123.981460571, 32.2736625671, 18.0848770142, 5.04133796692, 0.143307596445, 0.00121342064813, 1.12782890938e-06, 4.30334390344e-09],
        "max": [11.407283783, 49.4859199524, 83.1187973022, 88.0723495483, 126.645881653, 80.858795166, 108.623245239, 144.349227905, 416.74118042, 624.186950684, 354.225311279, 702.289367676, 691.993469238, 1031.96166992, 361.068267822, 480.929962158, 780.368041992, 302.739959717, 557.30657959, 440.044769287, 429.044921875, 619.15045166, 725.063415527, 786.713562012, 533.288452148, 534.277648926, 526.535400391, 714.354125977, 241.209381104, 292.186309814, 164.898193359, 153.849029541, 121.633789062, 32.1917991638, 39.0751953125, 26.2151184082, 4.43014812469, 0.384804755449, 0.0117657016963, 0.000530285411514],
        "mean": [3.46134543419, 8.72145080566, 6.10307788849, 7.44815969467, 6.6518573761, 5.32104110718, 4.80441808701, 7.47917127609, 23.0711688995, 32.0240859985, 20.2376747131, 33.0528488159, 27.857460022, 26.6150512695, 20.0515842438, 25.7390327454, 24.6736679077, 23.9127082825, 21.8178405762, 16.5341796875, 18.5069675446, 15.3589954376, 13.3362941742, 14.7667732239, 13.7681646347, 23.7816200256, 37.4627113342, 33.7650871277, 14.0736837387, 11.3988828659, 6.7136964798, 4.42520523071, 2.4002559185, 1.35901272297, 0.794696807861, 0.243269890547, 0.0449931509793, 0.00435834936798, 0.000164917772054, 0.000115022165119],
        "median": [2.68742227554, 5.8669052124, 2.66261768341, 3.35110783577, 3.27927947044, 2.08231687546, 1.61116290092, 2.93782711029, 5.22718095779, 9.65869998932, 6.90202331543, 6.45445251465, 8.14391708374, 6.03957986832, 6.63147640228, 7.47075271606, 4.03028249741, 6.71970367432, 3.17742538452, 2.82564210892, 3.07747983932, 3.26254796982, 2.32460856438, 1.66404116154, 3.06509900093, 3.98622989655, 2.36230778694, 1.16872131824, 1.31096422672, 1.73902797699, 1.1250603199, 0.587632656097, 0.550738751888, 0.344664096832, 0.202352106571, 0.0533250011504, 0.0110392402858, 0.00109384732787, 8.67148119141e-05, 0.000108187115984],
        "min": [8.57818758959e-06, 3.4435386624e-05, 6.52745220577e-05, 6.27697954769e-05, 3.04361328745e-05, 1.18601983559e-05, 2.50327739195e-05, 3.14274839184e-05, 1.10797582238e-05, 7.51534980736e-06, 1.5912895833e-05, 5.66802782487e-06, 6.65305788061e-06, 4.39078121417e-06, 3.00216997857e-05, 9.34172712732e-05, 2.97736987704e-05, 8.80756215338e-06, 1.0620008652e-05, 2.27955533774e-05, 1.27469938889e-05, 8.55121470522e-06, 1.48135613927e-05, 4.49527715318e-06, 1.11457429739e-05, 9.48111337493e-05, 6.40547586954e-05, 6.44682950224e-05, 0.000145052443258, 6.89514781698e-05, 5.17248518008e-05, 9.27013970795e-05, 0.000133143767016, 7.59354152251e-05, 2.47105272138e-05, 8.72571672517e-06, 1.90369371467e-06, 1.12379851203e-07, 1.54386725626e-08, 2.01043404147e-09],
        "stdev": [3.28316807747, 9.53471755981, 12.1129369736, 12.0951032639, 11.1065359116, 9.10889911652, 10.8271560669, 13.8378915787, 47.0268211365, 59.8672332764, 35.6596488953, 69.475730896, 55.3701019287, 72.2677841187, 33.4065818787, 49.58801651, 65.0464401245, 41.7918930054, 53.8474502563, 43.9135246277, 48.2615737915, 51.5698509216, 59.9114303589, 70.6206130981, 45.8917999268, 50.0625915527, 84.74659729, 74.7473373413, 29.024892807, 25.4687347412, 16.317483902, 11.9139270782, 6.89532804489, 3.4747877121, 2.31611156464, 1.0879701376, 0.193445548415, 0.0182203669101, 0.000537275336683, 8.48133349791e-05],
        "var": [10.7791919708, 90.9108428955, 146.723251343, 146.291519165, 123.355133057, 82.9720458984, 117.227302551, 191.487243652, 2211.52197266, 3584.08544922, 1271.6105957, 4826.87695312, 3065.84838867, 5222.6328125, 1115.99963379, 2458.97143555, 4231.0390625, 1746.56225586, 2899.54785156, 1928.39758301, 2329.1796875, 2659.44970703, 3589.37939453, 4987.27050781, 2106.05737305, 2506.26293945, 7181.98535156, 5587.1640625, 842.444396973, 648.656494141, 266.260284424, 141.941650391, 47.5455513, 12.0741491318, 5.36437225342, 1.18367898464, 0.0374211780727, 0.000331981747877, 2.88664779191e-07, 7.19330195409e-09]
    },
    "gfcc": {
        "mean": [1.49733996391, 95.004737854, -90.3638153076, 41.957572937, -53.8493881226, 34.8825874329, -19.4031028748, 19.0816707611, -14.2164211273, 12.7280702591, -8.42843532562, -0.624908924103, -6.11174488068],
        "cov": [[4035.19970703, -900.406433105, -540.213439941, 524.37689209, -389.306762695, -90.6252441406, -53.4109725952, 37.9810295105, 19.2976722717, 254.573196411, -257.955108643, 89.546257019, 43.2758636475], [-900.406433105, 1350.02563477, 322.091064453, -432.15411377, 490.158721924, -31.9367198944, 68.195350647, 7.51260900497, 151.375305176, -178.175552368, 173.820510864, -137.804367065, -4.23671865463], [-540.213439941, 322.091064453, 837.09161377, 236.320510864, 234.682113647, 121.142074585, 148.788467407, -48.5271606445, 51.1058731079, -61.2408943176, 97.9853973389, -34.9941596985, 42.7050437927], [524.37689209, -432.15411377, 236.320510864, 882.651000977, -144.659729004, -33.8559265137, 166.934387207, -126.359420776, 77.1519165039, 55.7925453186, -15.9923601151, 48.1558799744, 99.1353378296], [-389.306762695, 490.158721924, 234.682113647, -144.659729004, 441.390319824, 79.7512969971, 50.4580917358, 64.4029922485, 82.9007568359, -81.5736312866, 91.7432022095, -37.3610839844, 20.8815326691], [-90.6252441406, -31.9367198944, 121.142074585, -33.8559265137, 79.7512969971, 220.423538208, 113.76348114, 7.86085891724, -32.3397827148, -6.86969614029, 17.0288543701, 0.254083812237, 10.5745582581], [-53.4109725952, 68.195350647, 148.788467407, 166.934387207, 50.4580917358, 113.76348114, 263.823974609, -31.7405128479, 24.4434776306, -1.67483448982, 24.6975898743, -4.31855964661, 23.1505222321], [37.9810295105, 7.51260900497, -48.5271606445, -126.359420776, 64.4029922485, 7.86085891724, -31.7405128479, 124.773773193, 32.7835884094, -2.55892658234, 0.321521162987, 4.83503389359, -3.63828372955], [19.2976722717, 151.375305176, 51.1058731079, 77.1519165039, 82.9007568359, -32.3397827148, 24.4434776306, 32.7835884094, 161.190322876, 12.919043541, 17.0537948608, -23.1131057739, 33.5254211426], [254.573196411, -178.175552368, -61.2408943176, 55.7925453186, -81.5736312866, -6.86969614029, -1.67483448982, -2.55892658234, 12.919043541, 116.245635986, -26.9552497864, 2.51948618889, 1.17553365231], [-257.955108643, 173.820510864, 97.9853973389, -15.9923601151, 91.7432022095, 17.0288543701, 24.6975898743, 0.321521162987, 17.0537948608, -26.9552497864, 108.379966736, -2.24747848511, 3.84699416161], [89.546257019, -137.804367065, -34.9941596985, 48.1558799744, -37.3610839844, 0.254083812237, -4.31855964661, 4.83503389359, -23.1131057739, 2.51948618889, -2.24747848511, 73.7095031738, 13.1111726761], [43.2758636475, -4.23671865463, 42.7050437927, 99.1353378296, 20.8815326691, 10.5745582581, 23.1505222321, -3.63828372955, 33.5254211426, 1.17553365231, 3.84699416161, 13.1111726761, 63.5523910522]],
        "icov": [[0.000400651217205, -0.000245236267801, 0.000281475542579, -0.000526112562511, 4.30398831668e-05, -0.000286740425508, 0.000255326012848, -0.000531255849637, 0.000234978972003, -0.000695681315847, 0.0007448727265, -0.000303347158479, 0.000158920302056], [-0.000245236267801, 0.00447735423222, -0.001048562699, 0.00348542071879, -0.00217064842582, 0.00369175616652, -0.00272788945585, 0.00381369725801, -0.00307316449471, 0.00351842702366, -0.00293299998157, 0.00354490056634, -0.00195356388576], [0.000281475542579, -0.001048562699, 0.00234109233133, -0.00177274667658, -0.000420273892814, -0.00173373322468, 0.000736201065592, -0.000614634249359, 0.00085354357725, -0.000611480150837, 0.000128597719595, 2.92831209663e-05, 0.000601021456532], [-0.000526112562511, 0.00348542071879, -0.00177274667658, 0.00552101666108, -0.00067916570697, 0.00394099019468, -0.00355185521767, 0.00488175358623, -0.00356333889067, 0.00259907892905, -0.00229989783838, 0.0012516748393, -0.00397699745372], [4.30398831668e-05, -0.00217064842582, -0.000420273892814, -0.00067916570697, 0.00582726253197, -0.00271298363805, 0.00105456064921, -0.00311631523073, -0.000585054978728, 0.000490580045152, -0.000663890095893, -0.000794485153165, -0.000354337273166], [-0.000286740425508, 0.00369175616652, -0.00173373322468, 0.00394099019468, -0.00271298363805, 0.0109912753105, -0.00596878165379, 0.00201957672834, 0.000635941745713, 0.00162588339299, -0.00202732696198, 0.00275063514709, -0.00399901950732], [0.000255326012848, -0.00272788945585, 0.000736201065592, -0.00355185521767, 0.00105456064921, -0.00596878165379, 0.00816869921982, -0.00137987488415, 0.000594654469751, -0.00192535819951, 0.00129142787773, -0.00173032423481, 0.00228284439072], [-0.000531255849637, 0.00381369725801, -0.000614634249359, 0.00488175358623, -0.00311631523073, 0.00201957672834, -0.00137987488415, 0.0155509551987, -0.00652688229457, 0.00293892156333, -0.00173408200499, -0.000429047242505, -0.000923006853554], [0.000234978972003, -0.00307316449471, 0.00085354357725, -0.00356333889067, -0.000585054978728, 0.000635941745713, 0.000594654469751, -0.00652688229457, 0.0133524127305, -0.00475245993584, 0.00134214025456, 0.00184404838365, -0.00330133084208], [-0.000695681315847, 0.00351842702366, -0.000611480150837, 0.00259907892905, 0.000490580045152, 0.00162588339299, -0.00192535819951, 0.00293892156333, -0.00475245993584, 0.0143833812326, -0.00217602448538, 0.0034735982772, -0.000841157627292], [0.0007448727265, -0.00293299998157, 0.000128597719595, -0.00229989783838, -0.000663890095893, -0.00202732696198, 0.00129142787773, -0.00173408200499, 0.00134214025456, -0.00217602448538, 0.0149206900969, -0.00439160037786, 0.00211926363409], [-0.000303347158479, 0.00354490056634, 2.92831209663e-05, 0.0012516748393, -0.000794485153165, 0.00275063514709, -0.00173032423481, -0.000429047242505, 0.00184404838365, 0.0034735982772, -0.00439160037786, 0.0206949077547, -0.00616082316265], [0.000158920302056, -0.00195356388576, 0.000601021456532, -0.00397699745372, -0.000354337273166, -0.00399901950732, 0.00228284439072, -0.000923006853554, -0.00330133084208, -0.000841157627292, 0.00211926363409, -0.00616082316265, 0.0240936670452]]
    },
    "melbands": {
        "dmean": [0.00573849584907, 0.00354007491842, 0.00101818761323, 0.000384337239666, 0.000175608933205, 0.000137989307404, 0.000249721866567, 0.000201951523195, 0.000119028860354, 0.000141426018672, 9.06156856217e-05, 7.13057379471e-05, 4.16108632635e-05, 4.77876528748e-05, 4.49277431471e-05, 3.2672945963e-05, 2.9769993489e-05, 2.93335306196e-05, 1.88625745068e-05, 1.80884526344e-05, 1.66863192135e-05, 1.50110481627e-05, 1.12338930194e-05, 1.38723426062e-05, 1.26233462652e-05, 1.13531405077e-05, 1.11338349598e-05, 1.9984503524e-05, 3.74223964172e-05, 3.63141080015e-05, 2.1111793103e-05, 9.97111146717e-06, 7.7243148553e-06, 8.08999993751e-06, 4.65881157652e-06, 3.76637831323e-06, 2.87580132863e-06, 1.70509883901e-06, 1.48828394231e-06, 1.05665299088e-06],
        "dmean2": [0.00720465928316, 0.00555547699332, 0.0017459228402, 0.000657189113554, 0.000305572204525, 0.000225427793339, 0.000400065269787, 0.000302569562336, 0.000186749923159, 0.000207493561902, 0.000132999412017, 9.78761236183e-05, 6.25482498435e-05, 7.58204623708e-05, 6.43643506919e-05, 4.8680594773e-05, 4.45767873316e-05, 4.22559460276e-05, 2.76942027995e-05, 2.75614875136e-05, 2.4463986847e-05, 2.22439703066e-05, 1.7124311853e-05, 2.27431410167e-05, 1.90152641153e-05, 1.77639303729e-05, 1.84930559044e-05, 3.44263717125e-05, 6.59525248921e-05, 6.448689237e-05, 3.63354738511e-05, 1.68062451849e-05, 1.26798768179e-05, 1.34997017085e-05, 7.64308060752e-06, 6.31089733361e-06, 4.81438928546e-06, 2.70779833045e-06, 2.33605032918e-06, 1.70395219357e-06],
        "dvar": [5.75070407649e-05, 5.46437004232e-05, 4.8704469009e-06, 6.23862092652e-07, 1.71708123275e-07, 6.81921861201e-08, 2.61578122718e-07, 1.58741030987e-07, 5.74541196841e-08, 9.11315183316e-08, 4.11257872202e-08, 3.66343435587e-08, 7.16882464502e-09, 1.27686705653e-08, 1.28802568611e-08, 7.00748969962e-09, 3.44928574592e-09, 5.58420332197e-09, 2.84590861988e-09, 3.21494875166e-09, 2.23069229754e-09, 2.77818701377e-09, 1.70657121767e-09, 4.35015978795e-09, 2.80835377175e-09, 1.8667269952e-09, 5.67687008513e-10, 1.3575338631e-09, 4.62974814042e-09, 4.24635437923e-09, 1.35967836989e-09, 3.01067309971e-10, 1.64268335046e-10, 2.89740287318e-10, 1.14654542804e-10, 6.7368090273e-11, 5.42584831231e-11, 2.92310897709e-11, 1.59237970032e-11, 8.21138382984e-12],
        "dvar2": [0.000139955111081, 0.000137626353535, 1.34610136229e-05, 1.71201384092e-06, 4.63030488618e-07, 1.56566926535e-07, 5.71170403418e-07, 3.08800082394e-07, 1.26204753315e-07, 1.74952120346e-07, 8.18476877384e-08, 5.48557537172e-08, 1.65016960096e-08, 3.11622940785e-08, 2.69645319406e-08, 1.2459891785e-08, 7.9450366286e-09, 1.05402433448e-08, 6.06711880735e-09, 7.85012765903e-09, 4.30820046304e-09, 5.87687010167e-09, 3.6590508401e-09, 1.05010862228e-08, 5.27166132969e-09, 4.10442435594e-09, 1.40163414208e-09, 3.34791350198e-09, 1.20149312721e-08, 1.12065396962e-08, 3.41691275274e-09, 7.45969730431e-10, 3.94416416194e-10, 7.20419168765e-10, 2.75483524881e-10, 1.58914409409e-10, 1.35278066526e-10, 7.12164632821e-11, 3.92065789556e-11, 2.07074097452e-11],
        "max": [0.0731159076095, 0.046011377126, 0.0147959552705, 0.00848048832268, 0.00315573299304, 0.00294190668501, 0.00601813429967, 0.00576749676839, 0.00261088716798, 0.0038910205476, 0.00335449981503, 0.00454479316249, 0.00179197418038, 0.00136823940556, 0.0016982232919, 0.0023019623477, 0.000585950969253, 0.00100077269599, 0.00061270716833, 0.000660033430904, 0.000499189773109, 0.000682941521518, 0.000451800471637, 0.000709021056537, 0.000641414313577, 0.000535009021405, 0.000306791684125, 0.000404337799409, 0.000414616748458, 0.000466421653982, 0.000343520601746, 0.000146704100189, 0.000131385269924, 0.000173727050424, 0.000117982686788, 8.95769844647e-05, 0.000102353726106, 0.000103720238258, 3.87198742828e-05, 3.1305506127e-05],
        "mean": [0.0236207582057, 0.00545617379248, 0.00123160541989, 0.000421900127549, 0.000171983338078, 0.000161674543051, 0.000383792706998, 0.000322692183545, 0.000166832702234, 0.000213323553908, 0.000136967573781, 0.000109326094389, 6.43357416266e-05, 7.41440962884e-05, 6.43292733002e-05, 4.91666942253e-05, 4.24394929723e-05, 3.61173479178e-05, 2.25156800298e-05, 2.03823619813e-05, 2.13825460378e-05, 1.64240918821e-05, 1.18241605378e-05, 1.21777156892e-05, 1.18538582683e-05, 1.02283884189e-05, 1.05449244074e-05, 1.64473276527e-05, 2.56945913861e-05, 2.46176768997e-05, 1.52185912157e-05, 7.64315154811e-06, 6.55855455989e-06, 6.64118761051e-06, 4.0694890231e-06, 3.19464061249e-06, 2.46091144618e-06, 1.68920507804e-06, 1.40553834171e-06, 1.05026549591e-06],
        "median": [0.0211607925594, 0.0031699067913, 0.000622685649432, 0.000190972205019, 6.66524938424e-05, 6.21190483798e-05, 9.07915236894e-05, 9.34486379265e-05, 4.18248782807e-05, 4.33019558841e-05, 3.78959994123e-05, 2.22181079153e-05, 2.21443806367e-05, 1.85845037777e-05, 1.15328630272e-05, 9.73766600509e-06, 1.18047373689e-05, 4.67669633508e-06, 3.42842031387e-06, 3.3464552871e-06, 3.29826320922e-06, 3.15332590617e-06, 2.18119885176e-06, 1.78617494839e-06, 1.07370965452e-06, 1.7172792468e-06, 2.54603173744e-06, 2.45833803092e-06, 1.61710113389e-06, 9.3213168384e-07, 5.06604806105e-07, 5.39386746823e-07, 1.00545173609e-06, 9.44613873344e-07, 6.74762645758e-07, 4.2655216248e-07, 3.16974336556e-07, 3.86297841715e-07, 3.14277741609e-07, 2.66026177087e-07],
        "min": [7.48299626707e-08, 3.7039267653e-08, 9.89651915972e-09, 1.25723342848e-09, 7.90988996524e-10, 7.00376201479e-10, 1.45237863403e-10, 9.75116307145e-11, 1.23761889625e-10, 2.88258462239e-11, 3.35427345621e-11, 1.55998287205e-11, 5.93352034173e-11, 2.32287286628e-10, 1.90136434375e-10, 1.99339017515e-11, 1.6585137777e-11, 1.80551545936e-11, 1.66483944686e-11, 4.13540798827e-11, 8.87374895786e-12, 7.16207822216e-12, 1.48482146717e-11, 9.21207294474e-12, 2.53371303972e-12, 6.24613685427e-12, 9.84221905365e-12, 8.52803314078e-11, 4.21351634139e-11, 3.466441717e-11, 3.96399857383e-11, 9.23367077243e-11, 6.56557516687e-11, 2.17010957815e-11, 3.07980550784e-11, 2.04573545604e-11, 7.57582260813e-11, 8.46097775176e-11, 8.85201495437e-11, 6.08944214497e-11],
        "stdev": [0.0213543623686, 0.00774113461375, 0.00197642855346, 0.000705339072738, 0.000354475603672, 0.00029618726694, 0.000739196955692, 0.000570158939809, 0.000306196539896, 0.000415086862631, 0.000280183972791, 0.000318604463246, 0.000114405775093, 0.000152342952788, 0.000149721221533, 0.000144328078022, 7.76798697188e-05, 9.31834729272e-05, 5.93012882746e-05, 5.6455428421e-05, 5.74152036279e-05, 5.62308414374e-05, 4.1943618271e-05, 5.99582235736e-05, 5.79008883506e-05, 4.31866319559e-05, 2.336639227e-05, 3.55515039701e-05, 5.94275079493e-05, 5.56150334887e-05, 3.36714001605e-05, 1.63681743288e-05, 1.27986122607e-05, 1.58798429766e-05, 1.022039487e-05, 8.01714668341e-06, 6.90795786795e-06, 5.13877694175e-06, 3.85088515031e-06, 2.69523980023e-06],
        "var": [0.000456008827314, 5.99251652602e-05, 3.90627019442e-06, 4.97503208408e-07, 1.25652960037e-07, 8.77269030752e-08, 5.46412138647e-07, 3.25081202845e-07, 9.37563271464e-08, 1.72297092149e-07, 7.85030636052e-08, 1.01508803141e-07, 1.30886821381e-08, 2.32083774421e-08, 2.24164438123e-08, 2.08305959148e-08, 6.034162503e-09, 8.68315908065e-09, 3.51664275478e-09, 3.18721560255e-09, 3.29650573505e-09, 3.16190762462e-09, 1.75926717638e-09, 3.59498875113e-09, 3.35251293393e-09, 1.86508519739e-09, 5.45988310119e-10, 1.26390931054e-09, 3.53162876721e-09, 3.0930320527e-09, 1.13376319444e-09, 2.67917105168e-10, 1.63804469988e-10, 2.52169424231e-10, 1.04456464312e-10, 6.42746342261e-11, 4.77198801307e-11, 2.64070276063e-11, 1.48293148594e-11, 7.26431718598e-12]
    },
    "melbands128": {
