{
"lowlevel": {
    "average_loudness": 0.982736587524,
    "barkbands_crest": {
        "dmean": 2.85111665726,
        "dmean2": 4.3140630722,
        "dvar": 7.06064748764,
        "dvar2": 13.1224327087,
        "max": 26.5960636139,
        "mean": 9.97341060638,
        "median": 9.00026988983,
        "min": 2.21043395996,
        "stdev": 4.76547241211,
        "var": 22.709728241
    },
    "barkbands_flatness_db": {
        "dmean": 0.0242868438363,
        "dmean2": 0.0340983308852,
        "dvar": 0.000631925242487,
        "dvar2": 0.00107438315172,
        "max": 0.398970901966,
        "mean": 0.107466176152,
        "median": 0.098851852119,
        "min": 0.0281878393143,
        "stdev": 0.0466551929712,
        "var": 0.002176706912
    },
    "barkbands_kurtosis": {
        "dmean": 4.29716587067,
        "dmean2": 6.11378526688,
        "dvar": 549.612304688,
        "dvar2": 850.155578613,
        "max": 527.438049316,
        "mean": 4.1952123642,
        "median": -0.203237056732,
        "min": -1.75969624519,
        "stdev": 31.5481624603,
        "var": 995.286560059
    },
    "barkbands_skewness": {
        "dmean": 0.662391483784,
        "dmean2": 0.9424675107,
        "dvar": 1.01412630081,
        "dvar2": 1.58407759666,
        "max": 20.7647418976,
        "mean": 1.1177508831,
        "median": 0.763331234455,
        "min": -1.60182881355,
        "stdev": 1.81417751312,
        "var": 3.29123997688
    },
    "barkbands_spread": {
        "dmean": 8.85340118408,
        "dmean2": 13.6731519699,
        "dvar": 81.6004562378,
        "dvar2": 178.187164307,
        "max": 93.9085617065,
        "mean": 35.0089950562,
        "median": 34.6800842285,
        "min": 0.495235055685,
        "stdev": 14.355298996,
        "var": 206.074615479
    },
    "dissonance": {
        "dmean": 0.0157511737198,
        "dmean2": 0.0263032801449,
        "dvar": 0.000563079083804,
        "dvar2": 0.00138158362824,
        "max": 0.499440222979,
        "mean": 0.471789628267,
        "median": 0.476101726294,
        "min": 0,
        "stdev": 0.0231796819717,
        "var": 0.000537297688425
    },
    "dynamic_complexity": 1.65520811081,
    "erbbands_crest": {
        "dmean": 3.33087182045,
        "dmean2": 5.18768930435,
        "dvar": 10.033572197,
        "dvar2": 22.6014995575,
        "max": 28.8986282349,
        "mean": 10.3188505173,
        "median": 9.04712295532,
        "min": 2.29056954384,
        "stdev": 5.5142121315,
        "var": 30.4065341949
    },
    "erbbands_flatness_db": {
        "dmean": 0.0186426378787,
        "dmean2": 0.0276646539569,
        "dvar": 0.000294521159958,
        "dvar2": 0.000629232847132,
        "max": 0.259053051472,
        "mean": 0.137575373054,
        "median": 0.135856688023,
        "min": 0.0611183829606,
        "stdev": 0.0327939167619,
        "var": 0.00107544090133
    },
    "erbbands_kurtosis": {
        "dmean": 0.903451919556,
        "dmean2": 1.37912917137,
        "dvar": 1.07647693157,
        "dvar2": 2.32397580147,
        "max": 11.2081203461,
        "mean": 0.312181919813,
        "median": -0.218830347061,
        "min": -1.73846614361,
        "stdev": 1.70679032803,
        "var": 2.91313314438
    },
    "erbbands_skewness": {
        "dmean": 0.361800849438,
        "dmean2": 0.545083761215,
        "dvar": 0.107081882656,
        "dvar2": 0.209255084395,
        "max": 2.19723773003,
        "mean": 0.0986936762929,
        "median": 0.0358992740512,
        "min": -1.54611814022,
        "stdev": 0.639929413795,
        "var": 0.409509658813
    },
    "erbbands_spread": {
        "dmean": 12.1582374573,
        "dmean2": 17.7817840576,
        "dvar": 166.186416626,
        "dvar2": 377.054412842,
        "max": 135.593704224,
        "mean": 44.9166259766,
        "median": 41.5738487244,
        "min": 5.62547969818,
        "stdev": 22.2010326385,
        "var": 492.885864258
    },
    "hfc": {
        "dmean": 12.1291913986,
        "dmean2": 17.9247722626,
        "dvar": 172.470413208,
        "dvar2": 391.670623779,
        "max": 113.749183655,
        "mean": 41.068939209,
        "median": 42.5126190186,
        "min": 1.13357823761e-16,
        "stdev": 21.4443817139,
        "var": 459.86151123
    },
    "loudness_ebu128": {
        "integrated": -4.38717603683,
        "loudness_range": 1.28918409348,
        "momentary": {
            "dmean": 0.447629868984,
            "dmean2": 0.669951617718,
            "dvar": 0.152898088098,
            "dvar2": 0.271037638187,
            "max": -2.60345721245,
            "mean": -4.50354576111,
            "median": -4.31639814377,
            "min": -7.95585536957,
            "stdev": 1.04142546654,
            "var": 1.0845669508
        },
        "short_term": {
            "dmean": 0.0576065704226,
            "dmean2": 0.0755237713456,
            "dvar": 0.00151763553731,
            "dvar2": 0.00299589359201,
            "max": -3.43469357491,
            "mean": -4.39556503296,
            "median": -4.4746465683,
            "min": -5.32151508331,
            "stdev": 0.420959383249,
            "var": 0.177206799388
        }
    },
    "melbands_crest": {
        "dmean": 3.64168572426,
        "dmean2": 5.49338579178,
        "dvar": 10.5206451416,
        "dvar2": 21.6076488495,
        "max": 30.6428604126,
        "mean": 14.6185302734,
        "median": 13.5208492279,
        "min": 2.76688790321,
        "stdev": 6.05348539352,
        "var": 36.6446876526
    },
    "melbands_flatness_db": {
        "dmean": 0.0308803617954,
        "dmean2": 0.0434469096363,
        "dvar": 0.00113560829777,
        "dvar2": 0.00205465382896,
        "max": 0.491011500359,
        "mean": 0.150844052434,
        "median": 0.139701992273,
        "min": 0.0157390478998,
        "stdev": 0.0639161989093,
        "var": 0.00408528046682
    },
    "melbands_kurtosis": {
        "dmean": 10.8710289001,
        "dmean2": 16.8094215393,
        "dvar": 1260.421875,
        "dvar2": 2644.70922852,
        "max": 713.83996582,
        "mean": 15.4801979065,
        "median": 4.30589103699,
        "min": -1.3812315464,
        "stdev": 49.2794036865,
        "var": 2428.45947266
    },
    "melbands_skewness": {
        "dmean": 0.978204786777,
        "dmean2": 1.43284666538,
        "dvar": 1.72213506699,
        "dvar2": 3.58228492737,
        "max": 20.7783546448,
        "mean": 2.53901195526,
        "median": 1.93714809418,
        "min": -1.01301515102,
        "stdev": 2.30661606789,
        "var": 5.32047748566
    },
    "melbands_spread": {
        "dmean": 12.6186532974,
        "dmean2": 19.5985717773,
        "dvar": 239.020385742,
        "dvar2": 533.32598877,
        "max": 149.573059082,
        "mean": 39.6681213379,
        "median": 39.3578720093,
        "min": 0.424733042717,
        "stdev": 22.8345565796,
        "var": 521.416931152
    },
    "pitch_salience": {
        "dmean": 0.0817371979356,
        "dmean2": 0.120426252484,
        "dvar": 0.00640242313966,
        "dvar2": 0.0132022667676,
        "max": 0.906887710094,
        "mean": 0.499812781811,
        "median": 0.504333674908,
        "min": 0.0413437336683,
        "stdev": 0.132503196597,
        "var": 0.0175570957363
    },
    "silence_rate_20dB": {
        "dmean": 0,
        "dmean2": 0,
        "dvar": 0,
        "dvar2": 0,
        "max": 1,
        "mean": 1,
        "median": 1,
        "min": 1,
        "stdev": 0,
        "var": 0
    },
    "silence_rate_30dB": {
        "dmean": 0,
        "dmean2": 0,
        "dvar": 0,
        "dvar2": 0,
        "max": 1,
        "mean": 1,
        "median": 1,
        "min": 1,
        "stdev": 0,
        "var": 0
    },
    "silence_rate_60dB": {
        "dmean": 0.00851393211633,
        "dmean2": 0.017041053623,
        "dvar": 0.0084414370358,
        "dvar2": 0.0198491234332,
        "max": 1,
        "mean": 0.0100541375577,
        "median": 0,
        "min": 0,
        "stdev": 0.0997650027275,
        "var": 0.00995305646211
    },
    "spectral_centroid": {
        "dmean": 372.71270752,
        "dmean2": 567.077514648,
        "dvar": 198673.875,
        "dvar2": 389556.625,
        "max": 11240.2988281,
        "mean": 1984.63500977,
        "median": 2045.50244141,
        "min": 212.793960571,
        "stdev": 628.828186035,
        "var": 395424.90625
    },
    "spectral_complexity": {
        "dmean": 5.69504642487,
        "dmean2": 8.94190597534,
        "dvar": 42.798576355,
        "dvar2": 93.3264541626,
        "max": 60,
        "mean": 23.8507347107,
        "median": 23,
        "min": 0,
        "stdev": 9.54356861115,
        "var": 91.0796966553
    },
    "spectral_decrease": {
        "dmean": 2.43221798257e-09,
        "dmean2": 3.66165520127e-09,
        "dvar": 1.04613821583e-17,
        "dvar2": 2.17548385296e-17,
        "max": -5.01375175751e-29,
        "mean": -8.32356583658e-09,
        "median": -7.82853337711e-09,
        "min": -2.49793377094e-08,
        "stdev": 4.68404559584e-09,
        "var": 2.19402841511e-17
    },
    "spectral_energy": {
        "dmean": 0.00978540815413,
        "dmean2": 0.0146640585735,
        "dvar": 0.00015626710956,
        "dvar2": 0.000321782426909,
        "max": 0.0975889861584,
        "mean": 0.0351401008666,
        "median": 0.0338057279587,
        "min": 1.04711210468e-20,
        "stdev": 0.0184588748962,
        "var": 0.000340730068274
    },
    "spectral_energyband_high": {
        "dmean": 0.00115227559581,
        "dmean2": 0.00177610036917,
        "dvar": 1.9206026991e-06,
        "dvar2": 4.67551762995e-06,
        "max": 0.0116136688739,
        "mean": 0.00268421787769,
        "median": 0.00247653434053,
        "min": 7.7630165396e-21,
        "stdev": 0.00177397986408,
        "var": 3.14700446324e-06
    },
    "spectral_energyband_low": {
        "dmean": 0.00666619511321,
        "dmean2": 0.0100956009701,
        "dvar": 0.000128668340039,
        "dvar2": 0.000256494880887,
        "max": 0.0807836651802,
        "mean": 0.0136363003403,
        "median": 0.00830469932407,
        "min": 2.07808018986e-23,
        "stdev": 0.0165290497243,
        "var": 0.000273209472653
    },
    "spectral_energyband_middle_high": {
        "dmean": 0.00360549241304,
        "dmean2": 0.00518896058202,
        "dvar": 1.74592514668e-05,
        "dvar2": 3.23374661093e-05,
        "max": 0.0527987591922,
        "mean": 0.0103471167386,
        "median": 0.00735255982727,
        "min": 1.76026498122e-21,
        "stdev": 0.00932282581925,
        "var": 8.69150826475e-05
    },
    "spectral_energyband_middle_low": {
        "dmean": 0.0056882686913,
        "dmean2": 0.00903747882694,
        "dvar": 6.92875619279e-05,
        "dvar2": 0.000165625155205,
        "max": 0.0540067441761,
        "mean": 0.0110797286034,
        "median": 0.00746719446033,
        "min": 1.26599275834e-22,
        "stdev": 0.0102862324566,
        "var": 0.000105806575448
    },
    "spectral_entropy": {
        "dmean": 0.186613544822,
        "dmean2": 0.259797126055,
        "dvar": 0.0296913441271,
        "dvar2": 0.0568306110799,
        "max": 9.79821872711,
        "mean": 7.875,
        "median": 7.85379076004,
        "min": 6.94280910492,
        "stdev": 0.322726786137,
        "var": 0.104152575135
    },
    "spectral_flux": {
        "dmean": 0.0345184057951,
        "dmean2": 0.0540166050196,
        "dvar": 0.00128968909848,
        "dvar2": 0.00228832685389,
        "max": 0.290147274733,
        "mean": 0.108547322452,
        "median": 0.0980090722442,
        "min": 1.02328492901e-10,
        "stdev": 0.0512306578457,
        "var": 0.00262458040379
    },
    "spectral_kurtosis": {
        "dmean": 0.827786743641,
        "dmean2": 1.2711430788,
        "dvar": 0.767128705978,
        "dvar2": 1.78531289101,
        "max": 14.8297672272,
        "mean": 2.29908776283,
        "median": 2.20591640472,
        "min": -1.16205060482,
        "stdev": 1.27345013618,
        "var": 1.62167513371
    },
    "spectral_rms": {
        "dmean": 0.000834524165839,
        "dmean2": 0.00120477878954,
        "dvar": 1.00426859717e-06,
        "dvar2": 1.81091547802e-06,
        "max": 0.00975749827921,
        "mean": 0.00561510119587,
        "median": 0.00574292615056,
        "min": 3.19620523624e-12,
        "stdev": 0.00165943603497,
        "var": 2.75372781289e-06
    },
    "spectral_rolloff": {
        "dmean": 1034.6451416,
        "dmean2": 1744.10461426,
        "dvar": 1987525.375,
        "dvar2": 4374166,
        "max": 18130.9570312,
        "mean": 2495.00317383,
        "median": 2002.58789062,
        "min": 64.599609375,
        "stdev": 1910.99291992,
        "var": 3651893.75
    },
    "spectral_skewness": {
        "dmean": 0.16482385993,
        "dmean2": 0.249856680632,
        "dvar": 0.0291909426451,
        "dvar2": 0.0644109100103,
        "max": 2.88645744324,
        "mean": 1.19293141365,
        "median": 1.19945156574,
        "min": -0.0295551232994,
        "stdev": 0.26710152626,
        "var": 0.0713432207704
    },
    "spectral_spread": {
        "dmean": 671300.5,
        "dmean2": 985136.6875,
        "dvar": 895873187840,
        "dvar2": 1.17151707955e+12,
        "max": 39008352,
        "mean": 5786747.5,
        "median": 5590945,
        "min": 2954419.25,
        "stdev": 1437624.375,
        "var": 2.0667638743e+12
    },
    "spectral_strongpeak": {
        "dmean": 1.04395210743,
        "dmean2": 1.68868982792,
        "dvar": 2.58431434631,
        "dvar2": 5.77406549454,
        "max": 14.4895429611,
        "mean": 1.93343663216,
        "median": 0.778823256493,
        "min": 0,
        "stdev": 2.46517157555,
        "var": 6.07707071304
    },
    "zerocrossingrate": {
        "dmean": 0.0172716267407,
        "dmean2": 0.0209355782717,
        "dvar": 0.000438545597717,
        "dvar2": 0.000638605852146,
        "max": 0.49267578125,
        "mean": 0.091701336205,
        "median": 0.08984375,
        "min": 0.0029296875,
        "stdev": 0.0397583171725,
        "var": 0.00158072379418
    },
    "barkbands": {
        "dmean": [9.48107117438e-05, 0.0037276011426, 0.00379763892852, 0.00303383055143, 0.00142040802166, 0.00124919356313, 0.00081842840882, 0.000569370866287, 0.000813366204966, 0.00119016459212, 0.000350416783476, 0.000313761323923, 0.000733057153411, 0.00109177501872, 0.00114199891686, 0.000398065370973, 0.000417717179516, 0.000406431936426, 0.000319043028867, 0.000259278225712, 0.000372825277736, 0.000276017992292, 0.000240254463279, 0.000204986004974, 0.00015886881738, 5.96011268499e-05, 2.5800570711e-06],
        "dmean2": [0.000126994927996, 0.00460023991764, 0.00603834865615, 0.00496725086123, 0.00256210356019, 0.00192584237084, 0.00125373026822, 0.0008504568832, 0.00117420428433, 0.00177765707485, 0.000531194906216, 0.000491228420287, 0.00106471811887, 0.00159713858739, 0.0016911533894, 0.00066261185566, 0.000677636300679, 0.000655101146549, 0.000527442491148, 0.000417868810473, 0.000586733047385, 0.000454195978818, 0.000388417567592, 0.000311855896143, 0.000249720847933, 9.09587761271e-05, 4.32563956565e-06],
        "dvar": [2.95473849832e-08, 5.30431971129e-05, 7.05070051481e-05, 4.18149793404e-05, 9.92448622128e-06, 7.14420866643e-06, 3.40088899975e-06, 3.24485176861e-06, 3.61178285857e-06, 5.9190401771e-06, 6.92071751018e-07, 4.87574652652e-07, 2.9410841762e-06, 5.51591347175e-06, 5.90069475948e-06, 5.30308966518e-07, 8.8008982857e-07, 3.33156265242e-07, 1.83338300985e-07, 1.11822416216e-07, 1.58620125035e-07, 1.39009202371e-07, 9.27001764239e-08, 5.31561816786e-08, 4.37302993817e-08, 7.34584526541e-09, 1.79178425569e-11],
        "dvar2": [5.55401911129e-08, 5.84869194427e-05, 0.000165325123817, 0.000102548197901, 2.77896033367e-05, 1.44152718349e-05, 7.202346751e-06, 5.96078461967e-06, 7.14884208719e-06, 1.19673259178e-05, 1.50689538714e-06, 1.17042031889e-06, 5.6486410358e-06, 1.03428692455e-05, 1.19226897368e-05, 1.3418476783e-06, 2.24231325774e-06, 7.85853046636e-07, 4.69390414537e-07, 2.80535914499e-07, 3.73380657948e-07, 3.42703742717e-07, 2.28972453442e-07, 1.24523822365e-07, 1.05993805732e-07, 1.68751608243e-08, 4.45251509273e-11],
        "max": [0.00234262668528, 0.069019511342, 0.0589674785733, 0.0429290086031, 0.024794254452, 0.0426881201565, 0.0296142660081, 0.0414707325399, 0.0264062397182, 0.0329146981239, 0.0135956788436, 0.0105196759105, 0.035199098289, 0.0320196449757, 0.0413159988821, 0.00724671129137, 0.0223767012358, 0.00604109698907, 0.00479763979092, 0.00286884303205, 0.00487573817372, 0.00367040303536, 0.00251732417382, 0.00216341624036, 0.00178766227327, 0.000751728774048, 4.00860153604e-05],
        "mean": [0.000160386654898, 0.00657346844673, 0.00471274461597, 0.00309151387773, 0.00153413659427, 0.00217663799413, 0.00121969264001, 0.000868890492711, 0.00125066819601, 0.00204206141643, 0.000542598369066, 0.000518991204444, 0.00138431601226, 0.00177081057336, 0.00196448899806, 0.000535964092705, 0.000626730790827, 0.000696306000464, 0.000579615239985, 0.000482225441374, 0.000816435029265, 0.000371876609279, 0.000408450723626, 0.000430602987763, 0.000285429065116, 9.21725222724e-05, 2.94185701932e-06],
        "median": [3.23545245919e-05, 0.00264964648522, 0.00124427757692, 0.00062294176314, 0.000587860355154, 0.000729073421098, 0.000431269727414, 0.000135277063237, 0.000270249205641, 0.000518886721693, 0.000109550288471, 0.000174485714524, 0.000220086061745, 0.000345485808793, 0.000350250222255, 0.000238971057115, 0.000277552957414, 0.000478332251078, 0.000450160296168, 0.000371210480807, 0.000687625608407, 0.000219081324758, 0.000277881365037, 0.000376495387172, 0.000222620990826, 5.6572498579e-05, 1.13992132356e-06],
        "min": [2.16084976373e-24, 7.50408117054e-24, 7.36274096215e-24, 9.79054638381e-24, 1.61379799736e-23, 1.22072982865e-23, 2.33696793065e-23, 7.28010383803e-24, 4.42349019437e-23, 5.49410255377e-23, 2.16359918065e-23, 3.05701776128e-23, 1.60607485977e-22, 1.02299116158e-22, 2.45861640379e-22, 6.7754505843e-23, 1.93397657017e-22, 2.29504880878e-22, 5.56202675937e-22, 2.61551995432e-22, 4.76715889924e-22, 6.441857842e-22, 7.77774392899e-22, 7.83354832807e-22, 1.01048088785e-21, 1.8787170026e-21, 2.1928717578e-21],
        "stdev": [0.000284948881017, 0.0120636615902, 0.00833422411233, 0.00627037324011, 0.00274788006209, 0.00434452155605, 0.00247549358755, 0.00326255336404, 0.00313234771602, 0.00378738762811, 0.00129598821513, 0.00104300817475, 0.00314669753425, 0.00389516423456, 0.00418288540095, 0.000863420893438, 0.0012983471388, 0.00077092112042, 0.000536472478416, 0.000445286161266, 0.000653125345707, 0.000426300743129, 0.000396294315578, 0.000322452193359, 0.000249723292654, 0.000101256817288, 4.67202153231e-06],
        "var": [8.11958571489e-08, 0.000145531928865, 6.94592963555e-05, 3.93175796489e-05, 7.55084511184e-06, 1.88748690562e-05, 6.12806798017e-06, 1.06442548713e-05, 9.81160246738e-06, 1.43443048728e-05, 1.67958535258e-06, 1.08786593955e-06, 9.90170519799e-06, 1.51723052113e-05, 1.74965298356e-05, 7.45495640331e-07, 1.68570534242e-06, 5.94319374159e-07, 2.87802748744e-07, 1.98279778374e-07, 4.26572711376e-07, 1.81732332294e-07, 1.570491861e-07, 1.03975416721e-07, 6.23617211204e-08, 1.02529433832e-08, 2.18277843717e-11]
    },
    "erbbands": {
        "dmean": [0.114327870309, 0.876662790775, 3.26876711845, 9.39898967743, 5.43011713028, 4.74790668488, 5.20877218246, 12.5068559647, 13.9227304459, 8.76594734192, 14.0504636765, 15.176156044, 39.5948448181, 21.5076961517, 11.5437097549, 15.9224328995, 30.8198108673, 55.714679718, 49.7188072205, 43.2238311768, 22.6322116852, 19.6885814667, 17.496049881, 20.1518115997, 14.1021404266, 11.6975803375, 16.8215236664, 11.7457208633, 10.1285219193, 8.47225570679, 6.77235603333, 5.02784633636, 3.02331447601, 2.18617844582, 1.0003080368, 0.379834592342, 0.0911831781268, 0.0120090395212, 0.000292034295853, 1.92029219761e-05],
        "dmean2": [0.137777000666, 1.12875938416, 4.97332715988, 15.0700025558, 9.47336196899, 8.59129428864, 8.22622108459, 19.1377601624, 21.6204738617, 13.7195425034, 20.395772934, 22.3293361664, 60.3447189331, 32.4543762207, 17.2211933136, 24.3080463409, 43.5085067749, 80.6107559204, 71.7894363403, 68.0690231323, 36.7053756714, 32.5389442444, 28.2153453827, 32.5929985046, 23.1177101135, 18.9062385559, 26.7906112671, 18.8747329712, 16.6992149353, 13.8553991318, 10.9837741852, 7.89146327972, 4.59148836136, 3.47448825836, 1.56161749363, 0.577021360397, 0.140775606036, 0.0193124841899, 0.000471294479212, 2.85185524262e-05],
        "dvar": [0.0538161210716, 2.96001338959, 46.3279876709, 416.169128418, 133.203384399, 133.681350708, 153.501312256, 878.37701416, 944.330383301, 418.55456543, 2271.39648438, 1302.97131348, 7929.99853516, 2019.56311035, 538.305358887, 1004.01965332, 5339.46826172, 15071.984375, 17747.8808594, 10581.3027344, 2033.95373535, 1733.12792969, 661.179016113, 941.259765625, 362.856506348, 259.8409729, 357.903625488, 176.254745483, 186.184997559, 140.164108276, 76.0191116333, 31.554151535, 12.9681196213, 7.78736877441, 1.93776714802, 0.287865936756, 0.018084552139, 0.000300717627397, 1.91699626839e-07, 5.14980724731e-10],
        "dvar2": [0.0685463175178, 3.42179679871, 102.786636353, 1003.5010376, 369.457733154, 374.684844971, 323.137573242, 1909.79418945, 2059.61645508, 838.217468262, 4115.62792969, 2473.46044922, 17087.5097656, 3621.15136719, 1188.8371582, 2195.90893555, 9379.92773438, 29371.8457031, 33494.3007812, 25689.7421875, 5033.80664062, 4285.15917969, 1504.56994629, 2437.72314453, 912.346313477, 664.698364258, 906.958007812, 390.512237549, 465.985717773, 349.962921143, 186.828170776, 74.473274231, 30.5585250854, 19.0778141022, 4.71500205994, 0.667378604412, 0.0422537140548, 0.000705638492946, 4.61118645489e-07, 1.14342380009e-09],
        "max": [2.2048728466, 16.5686798096, 51.8938827515, 131.728378296, 86.8659515381, 132.086120605, 280.978668213, 522.856872559, 426.136688232, 350.439605713, 1140.63964844, 696.058044434, 1455.28601074, 1184.93603516, 382.3515625, 498.465942383, 1620.19006348, 1642.89782715, 2555.38769531, 1621.59936523, 885.190490723, 737.11151123, 339.560638428, 392.188476562, 192.965606689, 155.04888916, 241.505233765, 217.840560913, 103.19657135, 142.123260498, 72.9419021606, 53.6127548218, 29.5876979828, 23.9142360687, 11.8370733261, 4.65754890442, 1.45046806335, 0.207870721817, 0.00452515855432, 0.000221100330236],
        "mean": [0.175270229578, 1.5402110815, 4.71855258942, 9.85919475555, 6.23631477356, 4.85686349869, 8.24826622009, 20.3029384613, 21.3974685669, 13.5464887619, 23.2644691467, 25.4531917572, 64.9324417114, 43.0221862793, 20.7985744476, 30.0038871765, 65.6767654419, 102.219581604, 96.9147109985, 66.0306549072, 35.9427032471, 31.2242240906, 31.701417923, 37.0611495972, 27.3191490173, 23.6973266602, 36.6434707642, 23.4573040009, 13.5756778717, 12.4551734924, 11.7900447845, 10.3769407272, 6.01071357727, 3.94322800636, 1.59830069542, 0.573248565197, 0.138993084431, 0.0177507810295, 0.000453138287412, 6.36487602605e-05],
        "median": [0.0475010946393, 0.645830273628, 2.17372059822, 2.47110128403, 2.49242043495, 1.82854282856, 2.55257582664, 6.24129009247, 7.88924312592, 4.90010929108, 3.7941365242, 6.64005327225, 18.4411182404, 11.9350128174, 8.03715801239, 10.9599332809, 13.6340293884, 25.7901954651, 19.8753623962, 21.939617157, 17.7415771484, 15.3909492493, 20.1885604858, 28.5001792908, 21.552822113, 18.4195976257, 29.656665802, 20.2223682404, 7.87472867966, 7.35217571259, 8.34352779388, 8.87719631195, 4.9287815094, 3.20504975319, 1.08519375324, 0.331045627594, 0.0845264270902, 0.0102718630806, 0.000287033879431, 6.19227575953e-05],
        "min": [4.13531715999e-22, 9.54484031942e-22, 4.69529243384e-21, 2.51437072978e-20, 7.52437218638e-20, 2.57395826848e-20, 3.65361443726e-20, 1.23091738828e-19, 2.85277119079e-19, 2.94982868646e-19, 2.3368348613e-19, 1.12719829694e-18, 1.85321482398e-18, 9.96604366002e-19, 1.02347760295e-18, 1.30203677468e-18, 5.74600433484e-18, 6.47023073963e-18, 1.48968792856e-17, 5.6613568748e-18, 4.96281360085e-18, 1.30003965049e-17, 1.16529383122e-17, 1.79617406194e-17, 2.73946353553e-17, 1.38107315843e-17, 1.86955805173e-17, 2.08408221507e-17, 2.13439845368e-17, 1.67510145548e-17, 2.12696937916e-17, 2.36949674953e-17, 1.00661279646e-17, 8.97005657755e-18, 7.42073240098e-18, 5.49949541331e-18, 4.06959750563e-18, 1.38608670012e-18, 3.31693790466e-19, 2.88640474224e-20],
        "stdev": [0.362083792686, 2.7581179142, 7.31185483932, 20.0634860992, 10.0051841736, 9.8627166748, 21.9116954803, 44.7425842285, 41.0006561279, 29.2417945862, 87.7404708862, 64.2417221069, 130.179458618, 90.4017944336, 37.8345870972, 51.1477508545, 147.142929077, 218.269592285, 239.357559204, 130.538101196, 61.1569366455, 53.6845817566, 36.3590965271, 37.3026008606, 24.1142024994, 21.0530605316, 30.4863910675, 19.808675766, 15.1529340744, 14.235408783, 11.2937726974, 7.82257795334, 4.85545778275, 3.38339877129, 1.62609219551, 0.644280910492, 0.15462231636, 0.0199128314853, 0.000488851394039, 3.09301285597e-05],
        "var": [0.131104677916, 7.607213974, 53.4632225037, 402.543457031, 100.10370636, 97.2731781006, 480.122436523, 2001.89868164, 1681.05371094, 855.082580566, 7698.390625, 4126.99902344, 16946.6933594, 8172.48486328, 1431.45593262, 2616.09228516, 21651.0410156, 47641.6132812, 57292.0390625, 17040.1953125, 3740.17089844, 2882.03442383, 1321.98388672, 1391.48400879, 581.494750977, 443.231384277, 929.420043945, 392.383666992, 229.611419678, 202.646865845, 127.549293518, 61.1927261353, 23.5754680634, 11.4473876953, 2.64417600632, 0.415097922087, 0.0239080600441, 0.000396520830691, 2.3897570145e-07, 9.56672852048e-10]
    },
    "gfcc": {
        "mean": [51.2030830383, 49.1537399292, -115.87940979, 44.3160133362, -58.2968254089, 28.1130523682, -39.2541007996, 14.9295530319, -27.2082996368, 9.5475730896, -17.8520812988, -1.43660092354, -11.459236145],
        "cov": [[3531.22949219, -261.388092041, -283.856506348, 0.741352677345, -128.473907471, 41.3051757812, -144.697372437, 23.0642967224, -167.034515381, -11.7057561874, -87.2872314453, -144.834777832, -68.6110534668], [-261.388092041, 562.627929688, 77.6190948486, 62.800075531, 134.690673828, -32.8624916077, 120.018203735, 21.7835025787, 50.6429672241, 17.7155246735, 56.7538146973, -33.5114631653, 48.1138954163], [-283.856506348, 77.6190948486, 469.627166748, 166.061538696, -14.3808908463, -23.4723739624, -3.7403280735, 30.6908779144, 29.3872451782, -28.4251937866, -39.1686401367, 52.4493637085, -68.0723876953], [0.741352677345, 62.800075531, 166.061538696, 273.772674561, 55.2150115967, 17.8995170593, 3.1168627739, 22.8991031647, 28.5701408386, -22.4784221649, -1.48450231552, 7.94296312332, -20.6572284698], [-128.473907471, 134.690673828, -14.3808908463, 55.2150115967, 285.812835693, 125.99609375, 129.518035889, 35.7863464355, 12.7017221451, 44.4118118286, 31.106004715, -51.3440170288, 35.2367630005], [41.3051757812, -32.8624916077, -23.4723739624, 17.8995170593, 125.99609375, 259.653991699, 117.927909851, -28.7154941559, -26.5076522827, 49.6942863464, 28.3909511566, -60.8677978516, 9.72519683838], [-144.697372437, 120.018203735, -3.7403280735, 3.1168627739, 129.518035889, 117.927909851, 210.126205444, 39.9943122864, 10.0594892502, 37.6840019226, 52.4976882935, -28.0688591003, 31.8706188202], [23.0642967224, 21.7835025787, 30.6908779144, 22.8991031647, 35.7863464355, -28.7154941559, 39.9943122864, 153.309524536, 84.3519287109, 3.05851459503, 10.8559780121, 6.19129228592, 24.6894817352], [-167.034515381, 50.6429672241, 29.3872451782, 28.5701408386, 12.7017221451, -26.5076522827, 10.0594892502, 84.3519287109, 164.416290283, 45.1737060547, 24.7239952087, 30.9334659576, 13.838593483], [-11.7057561874, 17.7155246735, -28.4251937866, -22.4784221649, 44.4118118286, 49.6942863464, 37.6840019226, 3.05851459503, 45.1737060547, 114.851142883, 63.8450393677, -5.0412478447, 17.83751297], [-87.2872314453, 56.7538146973, -39.1686401367, -1.48450231552, 31.106004715, 28.3909511566, 52.4976882935, 10.8559780121, 24.7239952087, 63.8450393677, 121.805557251, 24.1783771515, 37.2439804077], [-144.834777832, -33.5114631653, 52.4493637085, 7.94296312332, -51.3440170288, -60.8677978516, -28.0688591003, 6.19129228592, 30.9334659576, -5.0412478447, 24.1783771515, 129.376922607, 15.0984802246], [-68.6110534668, 48.1138954163, -68.0723876953, -20.6572284698, 35.2367630005, 9.72519683838, 31.8706188202, 24.6894817352, 13.838593483, 17.83751297, 37.2439804077, 15.0984802246, 110.909744263]],
        "icov": [[0.000403489219025, -0.000109329004772, 0.000417459203163, -0.000328292982886, 0.000368881534087, -0.00030564982444, 0.000389707653085, -0.000853941834066, 0.000830940785818, -0.000612249306869, 0.000392332352931, 6.75126793794e-05, 0.000333676318405], [-0.000109329004772, 0.00339659419842, -0.00116342899855, -1.24841062643e-05, -0.00151565333363, 0.00273598753847, -0.00226482725702, 0.00259786052629, -0.00200599664822, 0.00142841378693, -0.00185766513459, 0.00237156101502, -0.00162184867077], [0.000417459203163, -0.00116342899855, 0.00417283596471, -0.00228305044584, 0.00119368208107, -0.00107451004442, 0.000260103435721, -0.0023537480738, 0.00172618590295, -0.00178472837433, 0.00247125537135, -0.00250107119791, 0.00264534424059], [-0.000328292982886, -1.24841062643e-05, -0.00228305044584, 0.00579262943938, -0.00180822575931, -0.000505350122694, 0.00101381156128, 0.000863210123498, -0.00197885045782, 0.00307340547442, -0.00212584878318, 0.000409592117649, 2.60048182099e-05], [0.000368881534087, -0.00151565333363, 0.00119368208107, -0.00180822575931, 0.00701541872695, -0.00263974186964, -0.00120376958512, -0.00270545994863, 0.00186510826461, -0.0026830455754, 0.00199029222131, 0.000165843826835, -0.000259780324996], [-0.00030564982444, 0.00273598753847, -0.00107451004442, -0.000505350122694, -0.00263974186964, 0.00926424656063, -0.0050508743152, 0.00456965202466, -0.00138398061972, -0.000694860937074, -0.00116486987099, 0.00352303520776, -0.00147311890032], [0.000389707653085, -0.00226482725702, 0.000260103435721, 0.00101381156128, -0.00120376958512, -0.0050508743152, 0.0109177855775, -0.0046911444515, 0.00232685310766, -0.000243318630964, -0.00177362526301, -0.000903333479073, 0.000771753606386], [-0.000853941834066, 0.00259786052629, -0.0023537480738, 0.000863210123498, -0.00270545994863, 0.00456965202466, -0.0046911444515, 0.014886289835, -0.00909642595798, 0.00501984776929, -0.00254316185601, 0.00324246869422, -0.00370580353774], [0.000830940785818, -0.00200599664822, 0.00172618590295, -0.00197885045782, 0.00186510826461, -0.00138398061972, 0.00232685310766, -0.00909642595798, 0.0139492684975, -0.00790552981198, 0.00315366243012, -0.00359537452459, 0.00192164769396], [-0.000612249306869, 0.00142841378693, -0.00178472837433, 0.00307340547442, -0.0026830455754, -0.000694860937074, -0.000243318630964, 0.00501984776929, -0.00790552981198, 0.0185920372605, -0.0096237026155, 0.00304616056383, -0.000842317414936], [0.000392332352931, -0.00185766513459, 0.00247125537135, -0.00212584878318, 0.00199029222131, -0.00116486987099, -0.00177362526301, -0.00254316185601, 0.00315366243012, -0.0096237026155, 0.0165964532644, -0.00504651665688, -0.00101687724236], [6.75126793794e-05, 0.00237156101502, -0.00250107119791, 0.000409592117649, 0.000165843826835, 0.00352303520776, -0.000903333479073, 0.00324246869422, -0.00359537452459, 0.00304616056383, -0.00504651665688, 0.0130983125418, -0.00339943170547], [0.000333676318405, -0.00162184867077, 0.00264534424059, 2.60048182099e-05, -0.000259780324996, -0.00147311890032, 0.000771753606386, -0.00370580353774, 0.00192164769396, -0.000842317414936, -0.00101687724236, -0.00339943170547, 0.0130696222186]]
    },
    "melbands": {
        "dmean": [0.00104313006159, 0.00133662612643, 0.00137702608481, 0.000345331209246, 0.000182424642844, 0.000269548705546, 0.000200633483473, 9.52961636358e-05, 0.000113942893222, 0.000108141750388, 0.000200858426979, 9.30257301661e-05, 4.88656951347e-05, 3.32324307237e-05, 6.14592936472e-05, 6.84195692884e-05, 0.000111813860713, 8.01484566182e-05, 6.91149107297e-05, 4.13276902691e-05, 2.89866129606e-05, 2.27225827985e-05, 1.85206972674e-05, 2.06834829442e-05, 1.73854477907e-05, 1.31077640617e-05, 8.05153104011e-06, 8.36995059217e-06, 1.24479738588e-05, 1.04077853393e-05, 6.51088203085e-06, 5.95652636548e-06, 5.35677236257e-06, 4.75808701594e-06, 4.41738893642e-06, 3.45781404576e-06, 3.20500930684e-06, 2.31391777561e-06, 1.98460793399e-06, 1.92725360648e-06],
        "dmean2": [0.00128810387105, 0.0018756177742, 0.00219221739098, 0.000620620907284, 0.000295368983643, 0.000413685978856, 0.000309972820105, 0.000151380343596, 0.000165309320437, 0.000158938637469, 0.000305437715724, 0.000139817406307, 7.27964070393e-05, 5.0345021009e-05, 8.9910114184e-05, 9.94442525553e-05, 0.000161962307175, 0.000117092007713, 0.000104940059828, 6.69453074806e-05, 4.63975084131e-05, 3.78123077098e-05, 3.05208268401e-05, 3.35838667525e-05, 2.82769851765e-05, 2.14932879317e-05, 1.29696691147e-05, 1.37290944622e-05, 2.01373150048e-05, 1.65608580573e-05, 1.05914550659e-05, 9.86327449937e-06, 8.90690171218e-06, 7.762646419e-06, 7.16823615221e-06, 5.45226657778e-06, 5.11405687575e-06, 3.57629664904e-06, 3.10312429974e-06, 3.13082000503e-06],
        "dvar": [4.42405644208e-06, 5.49073911316e-06, 8.58596104081e-06, 5.88318641803e-07, 1.64297333072e-07, 3.62097210882e-07, 1.84751115739e-07, 5.30822958922e-08, 1.3376104846e-07, 6.44435971253e-08, 1.97854120643e-07, 4.20830978953e-08, 1.28842989611e-08, 4.10372447135e-09, 2.20041815879e-08, 2.31423609165e-08, 6.16963617972e-08, 4.68856882208e-08, 1.8391631329e-08, 8.47101322421e-09, 4.42944569912e-09, 2.66298139096e-09, 1.18069765076e-09, 1.05205943957e-09, 7.8678075166e-10, 2.67637745299e-10, 1.44091905074e-10, 1.41790287844e-10, 2.32669924993e-10, 1.48421247514e-10, 5.79905394538e-11, 6.31504501469e-11, 6.13534015259e-11, 4.4564806706e-11, 3.48886614043e-11, 1.7149786799e-11, 1.2803235902e-11, 7.15813172625e-12, 5.92271197364e-12, 6.20748938363e-12],
        "dvar2": [5.07120739712e-06, 1.07820414996e-05, 2.10751895793e-05, 1.68768042386e-06, 3.62996445347e-07, 7.71732970861e-07, 3.99415114316e-07, 1.11017037341e-07, 2.43730909233e-07, 1.31762945443e-07, 4.24203534521e-07, 7.4687761753e-08, 2.81192402696e-08, 8.47552250605e-09, 4.12740241984e-08, 4.57654394381e-08, 1.19324383263e-07, 9.2192372847e-08, 4.04998132808e-08, 2.12398223454e-08, 1.10186837432e-08, 6.73469280343e-09, 2.98884161865e-09, 2.49256548734e-09, 2.07772332672e-09, 6.49227560601e-10, 3.56959045655e-10, 3.73057806868e-10, 6.03530725396e-10, 3.56045526395e-10, 1.34610350644e-10, 1.57486065855e-10, 1.55407575697e-10, 1.14197401535e-10, 8.91103996148e-11, 4.23396248617e-11, 3.11814046805e-11, 1.70690371559e-11, 1.36389120484e-11, 1.57780524757e-11],
        "max": [0.0194073002785, 0.0201474092901, 0.0178394541144, 0.00573795754462, 0.00804010778666, 0.0102500561625, 0.00579470396042, 0.00307534588501, 0.0084739131853, 0.0037283624988, 0.00709760375321, 0.00526467384771, 0.0019204961136, 0.00118128792383, 0.0036278066691, 0.00260675000027, 0.00360267609358, 0.00389090832323, 0.00164071260951, 0.00139694788959, 0.00155076384544, 0.000978443305939, 0.000548213662114, 0.000440208532382, 0.000363235856639, 0.000190167484106, 0.000128120547743, 0.00012153913849, 0.000182079020306, 0.000186226810911, 0.000104435821413, 6.14696473349e-05, 0.000101672114397, 6.0105099692e-05, 5.11755642947e-05, 4.36806294601e-05, 3.96365358029e-05, 2.1914649551e-05, 2.20549245569e-05, 1.94478434423e-05],
        "mean": [0.00171475822572, 0.00238245911896, 0.00152892118786, 0.000372267269995, 0.000263571564574, 0.00045338307973, 0.000313071912387, 0.000141748721944, 0.000186652905541, 0.000173277134309, 0.000326631066855, 0.000179334325367, 7.91732381913e-05, 5.77433311264e-05, 0.000116976283607, 0.000143039927934, 0.000190996652236, 0.00014431704767, 0.000109380736831, 5.73037941649e-05, 4.15945760324e-05, 3.3772255847e-05, 2.66099505097e-05, 3.48824505636e-05, 2.88715928036e-05, 2.31966423598e-05, 1.43177257996e-05, 1.49897814481e-05, 2.45285900746e-05, 2.0403875169e-05, 1.08048861875e-05, 7.5213602031e-06, 6.96479901308e-06, 6.92281810188e-06, 7.00388090991e-06, 6.33636864222e-06, 6.33303034192e-06, 4.3588220251e-06, 3.58625561603e-06, 3.23235667565e-06],
        "median": [0.000567120208871, 0.00139370840043, 0.000516129715834, 0.000163966222317, 8.96800120245e-05, 0.000148215607624, 0.000120885713841, 4.21047261625e-05, 2.94940473395e-05, 4.14686837757e-05, 8.80332299857e-05, 4.00703211199e-05, 1.84078380698e-05, 2.04957996175e-05, 2.46420313488e-05, 2.51258516073e-05, 3.74935734726e-05, 2.23277420446e-05, 2.43591493927e-05, 2.16253047256e-05, 1.60414183483e-05, 1.41786485983e-05, 1.44507575897e-05, 2.32709680859e-05, 2.02868795895e-05, 1.6791453163e-05, 1.05253429865e-05, 1.09116781459e-05, 1.79214493983e-05, 1.58778348123e-05, 8.19047090772e-06, 4.18160016125e-06, 3.72150589101e-06, 4.12955068896e-06, 4.6366449169e-06, 4.67840482088e-06, 5.53196287001e-06, 3.46841125065e-06, 2.70406371783e-06, 2.55796157944e-06],
        "min": [2.83185623022e-24, 2.31942204695e-24, 5.99391070271e-24, 3.77870013956e-24, 1.02658522369e-24, 2.75911240792e-24, 4.66091287216e-24, 2.8335138242e-24, 2.33954628307e-24, 6.97058795098e-24, 9.34263352841e-24, 4.40806007507e-24, 3.32543249634e-24, 2.62125107613e-24, 5.59089744345e-24, 1.7985082006e-23, 9.49720214532e-24, 2.49447253007e-23, 1.12214738016e-23, 5.38664321128e-24, 5.39000257545e-24, 1.51208889867e-23, 8.74024987485e-24, 1.12369386308e-23, 1.40787138008e-23, 2.34186328588e-23, 1.13675755744e-23, 8.99963759568e-24, 9.66996899445e-24, 1.64070588506e-23, 1.09991862091e-23, 1.19926713223e-23, 1.18463778562e-23, 8.87978043632e-24, 1.03773011251e-23, 1.96034853733e-23, 1.12125241746e-23, 6.76167549517e-24, 6.07212586703e-24, 8.60539252538e-24],
        "stdev": [0.00337347504683, 0.00314210960642, 0.00285353371873, 0.000643968291115, 0.00064349436434, 0.000932220078539, 0.000582704145927, 0.000317543541314, 0.000671888934448, 0.000413023430156, 0.000650160480291, 0.000405638827942, 0.000182630843483, 0.00011584351887, 0.000267056457233, 0.000311254698317, 0.000423940306064, 0.000369383167708, 0.000202864626772, 0.000109970635094, 9.04806147446e-05, 6.88422151143e-05, 4.07718434872e-05, 4.29068750236e-05, 3.27062880388e-05, 2.24399827857e-05, 1.42400576806e-05, 1.4909640413e-05, 2.34178132814e-05, 1.87934874702e-05, 1.01462846942e-05, 8.74628130987e-06, 8.793807865e-06, 7.94731204223e-06, 7.28908980818e-06, 5.55546876058e-06, 4.82882660435e-06, 3.65162213711e-06, 3.19562150253e-06, 2.88526530312e-06],
        "var": [1.13803343993e-05, 9.87285329757e-06, 8.14265513327e-06, 4.14695136897e-07, 4.14084979639e-07, 8.69034238349e-07, 3.3954410128e-07, 1.00833901229e-07, 4.51434772231e-07, 1.70588364767e-07, 4.22708666292e-07, 1.64542854009e-07, 3.33540235431e-08, 1.34197213342e-08, 7.13191568025e-08, 9.68794822143e-08, 1.79725375915e-07, 1.36443929932e-07, 4.11540561629e-08, 1.20935403913e-08, 8.18674195102e-09, 4.7392507696e-09, 1.66234315202e-09, 1.84099979705e-09, 1.06970132752e-09, 5.0355281056e-10, 2.02779251723e-10, 2.22297374952e-10, 5.48393941369e-10, 3.53195139802e-10, 1.02947102232e-10, 7.64974403267e-11, 7.73310582236e-11, 6.31597621426e-11, 5.3130829597e-11, 3.08632355783e-11, 2.33175648928e-11, 1.33343440456e-11, 1.02119961792e-11, 8.32475581525e-12]
    },
    "melbands128": {
