{
"lowlevel": {
    "average_loudness": 0.967774689198,
    "barkbands_crest": {
        "dmean": 3.08719134331,
        "dmean2": 5.06583976746,
        "dvar": 7.25397825241,
        "dvar2": 17.8802223206,
        "max": 25.6571445465,
        "mean": 13.9434967041,
        "median": 13.2815752029,
        "min": 3.83498859406,
        "stdev": 4.43058681488,
        "var": 19.6301002502
    },
    "barkbands_flatness_db": {
        "dmean": 0.0411381199956,
        "dmean2": 0.0601846985519,
        "dvar": 0.00198941375129,
        "dvar2": 0.00404057605192,
        "max": 0.546023488045,
        "mean": 0.222298726439,
        "median": 0.203621923923,
        "min": 0.0533698052168,
        "stdev": 0.0967090651393,
        "var": 0.00935264397413
    },
    "barkbands_kurtosis": {
        "dmean": 13.6959447861,
        "dmean2": 22.0516986847,
        "dvar": 781.439819336,
        "dvar2": 1987.80285645,
        "max": 468.986816406,
        "mean": 21.653175354,
        "median": 7.66151809692,
        "min": -1.91003084183,
        "stdev": 41.8081016541,
        "var": 1747.91723633
    },
    "barkbands_skewness": {
        "dmean": 1.09838068485,
        "dmean2": 1.66602396965,
        "dvar": 1.41905498505,
        "dvar2": 3.42827343941,
        "max": 14.9015426636,
        "mean": 2.93990254402,
        "median": 2.4618844986,
        "min": -1.36309230328,
        "stdev": 2.13914227486,
        "var": 4.57592964172
    },
    "barkbands_spread": {
        "dmean": 7.0713095665,
        "dmean2": 10.4659919739,
        "dvar": 101.842590332,
        "dvar2": 200.103942871,
        "max": 99.4588165283,
        "mean": 17.0499916077,
        "median": 13.163482666,
        "min": 0.13006657362,
        "stdev": 16.6215057373,
        "var": 276.27444458
    },
    "dissonance": {
        "dmean": 0.0305206552148,
        "dmean2": 0.0505648627877,
        "dvar": 0.00113879248966,
        "dvar2": 0.00306632765569,
        "max": 0.500000059605,
        "mean": 0.442127525806,
        "median": 0.459790199995,
        "min": 0.131731107831,
        "stdev": 0.0543852187693,
        "var": 0.00295775220729
    },
    "dynamic_complexity": 1.9248560667,
    "erbbands_crest": {
        "dmean": 3.41803836823,
        "dmean2": 5.4089512825,
        "dvar": 11.7779579163,
        "dvar2": 27.4512767792,
        "max": 33.6297492981,
        "mean": 12.3201646805,
        "median": 10.9322538376,
        "min": 2.36382651329,
        "stdev": 6.84271001816,
        "var": 46.8226776123
    },
    "erbbands_flatness_db": {
        "dmean": 0.0250538811088,
        "dmean2": 0.0351833477616,
        "dvar": 0.000717493938282,
        "dvar2": 0.00142573483754,
        "max": 0.366406738758,
        "mean": 0.162430331111,
        "median": 0.155075564981,
        "min": 0.0545174255967,
        "stdev": 0.0628769174218,
        "var": 0.00395350717008
    },
    "erbbands_kurtosis": {
        "dmean": 2.84796905518,
        "dmean2": 4.26647615433,
        "dvar": 25.6064491272,
        "dvar2": 52.3992118835,
        "max": 83.2758560181,
        "mean": 4.06776857376,
        "median": 0.776525974274,
        "min": -1.79589498043,
        "stdev": 8.56238460541,
        "var": 73.3144378662
    },
    "erbbands_skewness": {
        "dmean": 0.613396823406,
        "dmean2": 0.877630889416,
        "dvar": 0.419544517994,
        "dvar2": 0.858293175697,
        "max": 7.59129047394,
        "mean": 0.719902396202,
        "median": 0.532194912434,
        "min": -3.29076290131,
        "stdev": 1.47348248959,
        "var": 2.17115068436
    },
    "erbbands_spread": {
        "dmean": 13.7667388916,
        "dmean2": 20.2776317596,
        "dvar": 243.11479187,
        "dvar2": 520.640563965,
        "max": 193.768722534,
        "mean": 45.0441894531,
        "median": 40.7145652771,
        "min": 1.49374222755,
        "stdev": 32.288482666,
        "var": 1042.54614258
    },
    "hfc": {
        "dmean": 7.60535287857,
        "dmean2": 11.5002737045,
        "dvar": 127.111808777,
        "dvar2": 292.654541016,
        "max": 110.881340027,
        "mean": 21.9357395172,
        "median": 18.0525550842,
        "min": 0.000264127796981,
        "stdev": 17.9681301117,
        "var": 322.853668213
    },
    "loudness_ebu128": {
        "integrated": -7.68589115143,
        "loudness_range": 1.32320451736,
        "momentary": {
            "dmean": 0.689118266106,
            "dmean2": 1.11385035515,
            "dvar": 0.324829190969,
            "dvar2": 0.692130625248,
            "max": -5.14804172516,
            "mean": -7.8241314888,
            "median": -7.68382167816,
            "min": -11.3717365265,
            "stdev": 1.11624383926,
            "var": 1.24600028992
        },
        "short_term": {
            "dmean": 0.0784946233034,
            "dmean2": 0.108751438558,
            "dvar": 0.00408565858379,
            "dvar2": 0.00622704252601,
            "max": -6.54085063934,
            "mean": -7.78352642059,
            "median": -7.7541103363,
            "min": -8.94929695129,
            "stdev": 0.431181788445,
            "var": 0.1859177351
        }
    },
    "melbands_crest": {
        "dmean": 3.98695087433,
        "dmean2": 6.48749303818,
        "dvar": 13.738940239,
        "dvar2": 36.0815658569,
        "max": 36.5735549927,
        "mean": 18.484664917,
        "median": 18.4143161774,
        "min": 6.74063539505,
        "stdev": 4.98805761337,
        "var": 24.8807182312
    },
    "melbands_flatness_db": {
        "dmean": 0.048324752599,
        "dmean2": 0.0709359273314,
        "dvar": 0.00274951080792,
        "dvar2": 0.0057742446661,
        "max": 0.695576012135,
        "mean": 0.318462967873,
        "median": 0.295330613852,
        "min": 0.0945267751813,
        "stdev": 0.112658284605,
        "var": 0.0126918889582
    },
    "melbands_kurtosis": {
        "dmean": 25.4939193726,
        "dmean2": 39.635925293,
        "dvar": 1418.74902344,
        "dvar2": 3546.51171875,
        "max": 378.077331543,
        "mean": 44.2177085876,
        "median": 23.8449211121,
        "min": -1.82656264305,
        "stdev": 54.8021888733,
        "var": 3003.27978516
    },
    "melbands_skewness": {
        "dmean": 1.45698297024,
        "dmean2": 2.16581320763,
        "dvar": 2.181828022,
        "dvar2": 5.20056581497,
        "max": 16.4884281158,
        "mean": 4.39338064194,
        "median": 3.91372847557,
        "min": -0.652748942375,
        "stdev": 2.77615857124,
        "var": 7.70705604553
    },
    "melbands_spread": {
        "dmean": 5.59545278549,
        "dmean2": 8.66444969177,
        "dvar": 64.4720306396,
        "dvar2": 149.722885132,
        "max": 108.560821533,
        "mean": 12.0698051453,
        "median": 9.32858181,
        "min": 0.30786678195,
        "stdev": 11.6205682755,
        "var": 135.037612915
    },
    "pitch_salience": {
        "dmean": 0.099393889308,
        "dmean2": 0.157304689288,
        "dvar": 0.0092601897195,
        "dvar2": 0.0236921794713,
        "max": 0.833196938038,
        "mean": 0.415736466646,
        "median": 0.408891052008,
        "min": 0.078527636826,
        "stdev": 0.128103151917,
        "var": 0.0164104159921
    },
    "silence_rate_20dB": {
        "dmean": 0,
        "dmean2": 0,
        "dvar": 0,
        "dvar2": 0,
        "max": 1,
        "mean": 1,
        "median": 1,
        "min": 1,
        "stdev": 0,
        "var": 0
    },
    "silence_rate_30dB": {
        "dmean": 0.0975232198834,
        "dmean2": 0.19519752264,
        "dvar": 0.0880131796002,
        "dvar2": 0.163291335106,
        "max": 1,
        "mean": 0.877030134201,
        "median": 1,
        "min": 0,
        "stdev": 0.328402221203,
        "var": 0.107848010957
    },
    "silence_rate_60dB": {
        "dmean": 0.000773993786424,
        "dmean2": 0.000774593325332,
        "dvar": 0.000773391744588,
        "dvar2": 0.000773989362642,
        "max": 1,
        "mean": 0.00077339517884,
        "median": 0,
        "min": 0,
        "stdev": 0.0277991909534,
        "var": 0.000772794999648
    },
    "spectral_centroid": {
        "dmean": 311.618530273,
        "dmean2": 449.467803955,
        "dvar": 160338.640625,
        "dvar2": 307424.625,
        "max": 4169.26416016,
        "mean": 1022.37628174,
        "median": 814.749389648,
        "min": 94.8168945312,
        "stdev": 782.438110352,
        "var": 612209.4375
    },
    "spectral_complexity": {
        "dmean": 4.3359131813,
        "dmean2": 6.40975999832,
        "dvar": 31.4864788055,
        "dvar2": 62.2805175781,
        "max": 52,
        "mean": 12.8824443817,
        "median": 10,
        "min": 0,
        "stdev": 10.1617269516,
        "var": 103.260704041
    },
    "spectral_decrease": {
        "dmean": 6.29127061558e-09,
        "dmean2": 9.34612831571e-09,
        "dvar": 7.0251926646e-17,
        "dvar2": 1.13865077382e-16,
        "max": -1.89928978035e-13,
        "mean": -1.48594230254e-08,
        "median": -1.1298313396e-08,
        "min": -5.95231313127e-08,
        "stdev": 1.16462084421e-08,
        "var": 1.35634168234e-16
    },
    "spectral_energy": {
        "dmean": 0.0240061637014,
        "dmean2": 0.0355803743005,
        "dvar": 0.00102139892988,
        "dvar2": 0.0016589644365,
        "max": 0.226335629821,
        "mean": 0.0580724924803,
        "median": 0.0444218367338,
        "min": 7.4079150636e-07,
        "stdev": 0.0446633771062,
        "var": 0.00199481728487
    },
    "spectral_energyband_high": {
        "dmean": 0.000659328652546,
        "dmean2": 0.000947136431932,
        "dvar": 1.29182967612e-06,
        "dvar2": 2.505015118e-06,
        "max": 0.0112820435315,
        "mean": 0.0013586768182,
        "median": 0.00040909537347,
        "min": 5.18585396847e-09,
        "stdev": 0.00195042754058,
        "var": 3.80416781809e-06
    },
    "spectral_energyband_low": {
        "dmean": 0.021674271673,
        "dmean2": 0.0328742340207,
        "dvar": 0.000879059836734,
        "dvar2": 0.00157288380433,
        "max": 0.215856447816,
        "mean": 0.0417438447475,
        "median": 0.0296746641397,
        "min": 2.89230086992e-07,
        "stdev": 0.0380555652082,
        "var": 0.00144822604489
    },
    "spectral_energyband_middle_high": {
        "dmean": 0.00161468947772,
        "dmean2": 0.0024903754238,
        "dvar": 5.46574210603e-06,
        "dvar2": 1.34576930577e-05,
        "max": 0.0302154570818,
        "mean": 0.00367601518519,
        "median": 0.00190119445324,
        "min": 3.29164286939e-08,
        "stdev": 0.00462704198435,
        "var": 2.14095180127e-05
    },
    "spectral_energyband_middle_low": {
        "dmean": 0.00925442576408,
        "dmean2": 0.0151506196707,
        "dvar": 0.000327296351315,
        "dvar2": 0.000846616167109,
        "max": 0.122157722712,
        "mean": 0.0132734822109,
        "median": 0.0079030841589,
        "min": 4.40007511315e-07,
        "stdev": 0.0172590427101,
        "var": 0.000297874561511
    },
    "spectral_entropy": {
        "dmean": 0.317539334297,
        "dmean2": 0.454693108797,
        "dvar": 0.131911367178,
        "dvar2": 0.253167003393,
        "max": 8.7859992981,
        "mean": 7.13373327255,
        "median": 7.22905349731,
        "min": 4.48112773895,
        "stdev": 0.835247159004,
        "var": 0.697637796402
    },
    "spectral_flux": {
        "dmean": 0.0474847741425,
        "dmean2": 0.0733972713351,
        "dvar": 0.00263633322902,
        "dvar2": 0.00479134125635,
        "max": 0.440913379192,
        "mean": 0.127804890275,
        "median": 0.10431984067,
        "min": 0.000860692467541,
        "stdev": 0.0841446742415,
        "var": 0.00708032678813
    },
    "spectral_kurtosis": {
        "dmean": 2.93136191368,
        "dmean2": 4.5430970192,
        "dvar": 34.2961654663,
        "dvar2": 74.6607818604,
        "max": 92.1492462158,
        "mean": 6.47323179245,
        "median": 3.39931106567,
        "min": -0.915229082108,
        "stdev": 10.15903759,
        "var": 103.206039429
    },
    "spectral_rms": {
        "dmean": 0.00148711737711,
        "dmean2": 0.00218945532106,
        "dvar": 2.83135955215e-06,
        "dvar2": 4.64678305434e-06,
        "max": 0.0148598533124,
        "mean": 0.00707872258499,
        "median": 0.00658318866044,
        "min": 2.68835156021e-05,
        "stdev": 0.00255887256935,
        "var": 6.54782934362e-06
    },
    "spectral_rolloff": {
        "dmean": 449.980163574,
        "dmean2": 774.69708252,
        "dvar": 1239431.5,
        "dvar2": 2848429.5,
        "max": 10658.9355469,
        "mean": 758.758666992,
        "median": 366.064453125,
        "min": 43.06640625,
        "stdev": 1262.78515625,
        "var": 1594626.25
    },
    "spectral_skewness": {
        "dmean": 0.398219347,
        "dmean2": 0.573841273785,
        "dvar": 0.259896874428,
        "dvar2": 0.551503300667,
        "max": 8.19086742401,
        "mean": 1.82224881649,
        "median": 1.58695018291,
        "min": -0.110794268548,
        "stdev": 1.1069483757,
        "var": 1.22533476353
    },
    "spectral_spread": {
        "dmean": 804356.625,
        "dmean2": 1167850.875,
        "dvar": 1.02774099149e+12,
        "dvar2": 1.87585921024e+12,
        "max": 16595297,
        "mean": 5314203,
        "median": 5106656.5,
        "min": 795651.625,
        "stdev": 2147036.5,
        "var": 4.60976606413e+12
    },
    "spectral_strongpeak": {
        "dmean": 0.441501617432,
        "dmean2": 0.77764081955,
        "dvar": 0.630516290665,
        "dvar2": 1.66190099716,
        "max": 6.6468539238,
        "mean": 0.731716036797,
        "median": 0.511510670185,
        "min": 0,
        "stdev": 0.901169121265,
        "var": 0.812105774879
    },
    "zerocrossingrate": {
        "dmean": 0.0110048465431,
        "dmean2": 0.0129343476146,
        "dvar": 0.000188923906535,
        "dvar2": 0.00023635958496,
        "max": 0.19677734375,
        "mean": 0.0388264767826,
        "median": 0.03271484375,
        "min": 0.0029296875,
        "stdev": 0.0311282668263,
        "var": 0.000968968961388
    },
    "barkbands": {
        "dmean": [0.00396087160334, 0.0145370904356, 0.00849393382668, 0.00399466464296, 0.00351249985397, 0.00143313338049, 0.000891768431757, 0.00120828382205, 0.000736070796847, 0.000285756832454, 0.000568818533793, 0.000594563782215, 0.00022162978712, 0.0001961774542, 0.000155313144205, 0.000173631022335, 0.000145502781379, 0.000138610237627, 8.50786818773e-05, 0.000117779978609, 0.000243399539613, 0.000187810364878, 0.000125818420202, 8.98226280697e-05, 7.84522126196e-05, 3.55332194886e-05, 2.35527113546e-06],
        "dmean2": [0.00623518694192, 0.0236041173339, 0.0140858432278, 0.00669418880716, 0.00624660728499, 0.00231426022947, 0.00147089303937, 0.00184007105418, 0.00116809410974, 0.000454061577329, 0.000791170808952, 0.000833418918774, 0.000355001480784, 0.000309351133183, 0.000251393736107, 0.000287570583168, 0.00023516039073, 0.0002372838062, 0.000141243333928, 0.000186367513379, 0.000367864442524, 0.000265650480287, 0.000179961367394, 0.000125115111587, 0.000111794674012, 5.2884897741e-05, 3.73139414478e-06],
        "dvar": [0.000143509503687, 0.00040007464122, 0.000208194600418, 6.96827773936e-05, 7.30471147108e-05, 7.29615476303e-06, 4.7008893489e-06, 8.03694547358e-06, 3.31539445142e-06, 6.27466533842e-07, 2.06818594961e-06, 2.12068175642e-06, 4.14502551394e-07, 1.97971502303e-07, 1.16936320183e-07, 1.40220109301e-07, 8.22216179586e-08, 8.37459879222e-08, 3.91006764744e-08, 6.52995097994e-08, 2.22515026849e-07, 1.61444503988e-07, 6.10299153436e-08, 2.94844415549e-08, 5.14111277994e-08, 1.5088993166e-08, 8.81295869615e-11],
        "dvar2": [0.000329944479745, 0.000818553497083, 0.000539872795343, 0.000176858899067, 0.00019941481878, 1.86291017599e-05, 1.08031981654e-05, 1.95528027689e-05, 7.66218545323e-06, 1.19791820907e-06, 3.46027786691e-06, 3.44548016074e-06, 9.47680803165e-07, 4.14824029349e-07, 2.79014273019e-07, 3.58185133109e-07, 2.0517418875e-07, 2.38926475049e-07, 1.01834729094e-07, 1.59019052148e-07, 4.85353155e-07, 3.60688574119e-07, 1.20135027259e-07, 5.68089859598e-08, 1.0628838254e-07, 3.11817167642e-08, 2.14444864644e-10],
        "max": [0.0942690446973, 0.145453706384, 0.0955036357045, 0.081989377737, 0.0627909451723, 0.030664132908, 0.0283670350909, 0.037096362561, 0.0220547560602, 0.0171338971704, 0.0253945495933, 0.0249358452857, 0.00973462499678, 0.00783526618034, 0.00435760337859, 0.00482961116359, 0.00402550818399, 0.00302600348368, 0.00291144941002, 0.00305943726562, 0.00719067174941, 0.00433612102643, 0.00256513780914, 0.00207093427889, 0.00399662507698, 0.00224342918955, 0.000165130884852],
        "mean": [0.00321560399607, 0.0245024785399, 0.0121081015095, 0.00396175589412, 0.00313966884278, 0.00182188930921, 0.00151855149306, 0.00175401195884, 0.000941600243095, 0.000370589230442, 0.000974423717707, 0.000974944618065, 0.000256841594819, 0.00025914129219, 0.000188298334251, 0.000202598792384, 0.000178850983502, 0.000165604316862, 0.000112453613838, 0.000153993227286, 0.000454717606772, 0.000289521965897, 0.000190269303857, 0.000144662000821, 0.000128511936055, 6.07649817539e-05, 2.6787824936e-06],
        "median": [0.000237795728026, 0.0149588491768, 0.00723467720672, 0.00129011343233, 0.000935591582675, 0.000665648025461, 0.000215403051698, 0.0001941119408, 0.000111366702185, 6.6812717705e-05, 0.000105998304207, 8.63508030307e-05, 4.02276273235e-05, 4.71501552965e-05, 5.06350625074e-05, 4.40849507868e-05, 3.83636725019e-05, 5.46301562281e-05, 2.02927512873e-05, 3.07928130496e-05, 9.74698341452e-05, 5.46884548385e-05, 3.39409489243e-05, 3.05326284433e-05, 2.09060162888e-05, 1.20261265693e-05, 2.7917405987e-07],
        "min": [4.86910423092e-08, 1.15478229645e-07, 1.00304028194e-07, 9.09600004206e-08, 1.13255566703e-07, 9.57439816318e-09, 5.07605051325e-08, 1.13341613428e-07, 5.93528497461e-08, 1.52760595284e-08, 2.86071211164e-09, 1.46174727877e-09, 7.09402037113e-10, 2.03221106609e-09, 3.22839843747e-09, 6.63530963507e-09, 2.94763519149e-10, 6.84293566255e-10, 3.7863440161e-10, 5.80770764813e-10, 3.87538667823e-09, 5.78178505073e-10, 8.12736683509e-11, 8.67718397135e-11, 1.77512907151e-10, 7.63093130351e-11, 7.23903706076e-12],
        "stdev": [0.0114413136616, 0.024866739288, 0.0144647527486, 0.00766030233353, 0.00720395566896, 0.0029734398704, 0.00399342924356, 0.00369643396698, 0.00250568357296, 0.0013081607176, 0.00256606144831, 0.00278011662886, 0.000768165220506, 0.000596119090915, 0.00040256313514, 0.000428965722676, 0.000364214589354, 0.000292747892672, 0.000232902864809, 0.000313999451464, 0.000832264195196, 0.000574003090151, 0.000379999168217, 0.000280327105429, 0.000334859912982, 0.000186781515367, 1.15176808322e-05],
        "var": [0.000130903659738, 0.000618354708422, 0.000209229066968, 5.86802307225e-05, 5.18969754921e-05, 8.84134442458e-06, 1.59474766406e-05, 1.36636244861e-05, 6.27844974588e-06, 1.71128431248e-06, 6.58467160974e-06, 7.72904786572e-06, 5.90077775087e-07, 3.55357968829e-07, 1.62057077091e-07, 1.84011597071e-07, 1.32652260731e-07, 8.57013304767e-08, 5.42437454953e-08, 9.85956631894e-08, 6.92663661539e-07, 3.29479547645e-07, 1.44399365354e-07, 7.85832909855e-08, 1.12131161245e-07, 3.4887335687e-08, 1.32656968743e-10]
    },
    "erbbands": {
        "dmean": [0.556494057178, 3.37736916542, 9.47946834564, 12.1947813034, 11.8736076355, 12.1381454468, 11.5848274231, 11.1525011063, 12.5953226089, 18.9982395172, 24.1625423431, 14.5705947876, 7.81408596039, 11.1048431396, 23.8252353668, 20.8895549774, 10.5551195145, 10.7264604568, 8.28476238251, 8.12043094635, 9.05551815033, 7.15066576004, 7.33672571182, 6.00426626205, 4.20676994324, 5.11505317688, 8.37230014801, 9.82890224457, 6.9519610405, 5.03626585007, 3.3571369648, 2.16915440559, 1.3440104723, 0.935642659664, 0.580151200294, 0.223974630237, 0.0584198981524, 0.00817288178951, 0.000243635236984, 2.9231678127e-05],
        "dmean2": [0.900961339474, 5.4128370285, 15.926112175, 20.0890636444, 20.1942520142, 21.6585521698, 19.3218307495, 18.6156692505, 20.1169090271, 29.4617824554, 36.1495857239, 23.7055168152, 12.8821811676, 16.3627052307, 33.4159431458, 28.5854721069, 16.6730823517, 16.8147640228, 13.1119441986, 13.7542734146, 14.8241548538, 11.5608358383, 12.2592592239, 10.2125911713, 6.70393610001, 8.1473608017, 12.7445249557, 15.1254053116, 10.3318729401, 6.93156337738, 4.80411052704, 3.12387657166, 1.92101621628, 1.3272138834, 0.827587842941, 0.329293072224, 0.0894300863147, 0.0126532074064, 0.000376173411496, 4.32046763308e-05],
        "dvar": [1.00347304344, 18.7630500793, 239.454849243, 582.202026367, 768.877197266, 921.319152832, 530.221496582, 605.412231445, 1083.13684082, 2586.70654297, 2665.09570312, 1396.99841309, 550.773742676, 512.850158691, 3910.29150391, 2978.79101562, 911.10369873, 535.031738281, 310.627380371, 331.65737915, 341.252624512, 175.436477661, 189.042831421, 259.128204346, 82.1778945923, 119.038047791, 266.296569824, 420.430084229, 250.475479126, 101.504005432, 47.4536247253, 18.3723220825, 7.35870885849, 5.61742925644, 3.24731898308, 0.512367904186, 0.0487009696662, 0.000797586922999, 8.26198743198e-07, 1.54207957515e-09],
        "dvar2": [2.24257206917, 48.0571746826, 627.094238281, 1493.97192383, 2023.92834473, 2572.0703125, 1388.73400879, 1596.46154785, 2546.51806641, 6572.41357422, 6122.25927734, 3500.125, 1013.94152832, 994.721252441, 7205.26269531, 4552.02148438, 2149.96020508, 1120.23303223, 735.79864502, 948.99786377, 837.892150879, 469.899414062, 526.955200195, 710.63470459, 202.776306152, 277.677215576, 608.162597656, 938.161987305, 576.201049805, 202.368255615, 89.1610107422, 36.2000198364, 14.7379789352, 11.334151268, 6.69676160812, 0.957767665386, 0.115338027477, 0.00166682864074, 1.87251202988e-06, 2.73665490269e-09],
        "max": [8.21648788452, 33.5325164795, 103.565307617, 253.166931152, 260.083496094, 221.280853271, 199.562713623, 332.355926514, 448.347869873, 740.978759766, 660.274414062, 504.894836426, 657.71307373, 438.100158691, 1160.9831543, 1139.24304199, 504.909576416, 454.592956543, 246.369628906, 235.459365845, 231.578079224, 166.399215698, 158.793701172, 211.447479248, 116.24243927, 127.635177612, 257.739959717, 286.544464111, 183.536758423, 99.2598266602, 78.2650222778, 62.3772010803, 35.0880699158, 46.1652870178, 34.0963516235, 12.5001106262, 4.21733427048, 0.479643493891, 0.0159800089896, 0.000444513512775],
        "mean": [0.656223535538, 5.64920949936, 14.0779666901, 14.7638874054, 10.8538951874, 10.498705864, 14.5276384354, 13.0340766907, 17.7230091095, 29.749420166, 40.2082672119, 20.3130664825, 11.1347751617, 17.4144134521, 51.5649414062, 38.3310089111, 13.7389545441, 14.6621484756, 10.9032716751, 9.40403652191, 11.0823411942, 9.23709869385, 9.4795923233, 7.11987304688, 5.92654323578, 7.21130847931, 14.2817907333, 18.4629306793, 10.5858926773, 7.58012962341, 5.2278380394, 3.42805242538, 2.15926933289, 1.45312476158, 0.910430669785, 0.379551261663, 0.0888317972422, 0.0120109338313, 0.000366019114153, 7.7641569078e-05],
        "median": [0.339191675186, 3.66731309891, 9.62213516235, 7.35990476608, 2.83389997482, 3.22547340393, 5.61860179901, 4.33603000641, 3.12590813637, 6.30408620834, 5.48696565628, 3.45454406738, 2.38240528107, 5.30673885345, 4.65122032166, 4.26854085922, 3.55829024315, 3.85071277618, 3.30564188957, 2.90721392632, 2.81043815613, 2.4905898571, 3.07437992096, 1.86935687065, 1.0051728487, 1.5807005167, 3.20403575897, 3.85325670242, 2.12471413612, 1.70000565052, 0.906744897366, 0.5977024436, 0.463155150414, 0.251263588667, 0.137230634689, 0.0690362080932, 0.0172311831266, 0.0021008530166, 9.15803975658e-05, 5.74117002543e-05],
        "min": [3.58175179827e-06, 2.58096515608e-05, 0.000101160250779, 0.000235926694586, 0.000364691164577, 0.000372120266547, 0.000207435921766, 5.92766446061e-05, 0.00041322413017, 0.00155449099839, 0.00259271124378, 0.00144998682663, 0.000409652973758, 0.000419582589529, 7.43885757402e-05, 5.61600900255e-05, 3.38592544722e-05, 7.70457918406e-05, 0.00017567332543, 0.000266079383437, 0.000244643335463, 2.7066873372e-05, 3.46769447788e-05, 1.88485337276e-05, 2.86517915811e-05, 4.05818100262e-05, 0.000185952376341, 8.39129788801e-05, 2.26014981308e-05, 9.0047624326e-06, 2.5324213766e-06, 2.2586873456e-06, 1.27128214444e-06, 2.69642873718e-06, 7.71776058173e-07, 3.77656249384e-07, 1.14964485931e-07, 4.02644602104e-08, 6.57290177841e-09, 1.43134704089e-09],
        "stdev": [1.0265724659, 5.30813264847, 14.8153486252, 22.3017730713, 24.4609470367, 25.0444107056, 24.6969985962, 24.4162540436, 44.3633766174, 68.278793335, 81.2237091064, 48.8676338196, 48.608505249, 37.0889282227, 135.83190918, 116.926559448, 36.0456695557, 31.2438602448, 21.0656242371, 17.879737854, 22.0252838135, 16.4873733521, 15.4692573547, 15.8414440155, 12.2684421539, 13.9974708557, 26.1840591431, 37.0503807068, 20.7721710205, 14.3464260101, 10.7908096313, 7.11913347244, 4.09743356705, 3.43755626678, 2.6714155674, 1.17862010002, 0.279566645622, 0.0401023253798, 0.00123681488913, 6.11454452155e-05],
        "var": [1.05385100842, 28.1762733459, 219.494567871, 497.369110107, 598.33795166, 627.22253418, 609.941772461, 596.153503418, 1968.10925293, 4661.99365234, 6597.29150391, 2388.0456543, 2362.78662109, 1375.58850098, 18450.3066406, 13671.8203125, 1299.29016113, 976.178771973, 443.760528564, 319.685028076, 485.11315918, 271.833465576, 239.297927856, 250.95135498, 150.514663696, 195.92918396, 685.604919434, 1372.73071289, 431.483123779, 205.819946289, 116.441581726, 50.6820602417, 16.7889633179, 11.8167924881, 7.13646173477, 1.3891453743, 0.0781575143337, 0.00160819652956, 1.52971097123e-06, 3.73876574145e-09]
    },
    "gfcc": {
        "mean": [-14.3787870407, 101.720237732, -72.2386856079, 49.0055084229, -46.85987854, 27.5527362823, -24.1877574921, 9.47985839844, -17.519695282, 8.93557453156, -15.8866844177, 3.02837133408, -10.6330270767],
        "cov": [[7662.53857422, -2429.46972656, -1459.02770996, 18.0457706451, -1061.09094238, 452.251159668, -530.203186035, 335.475799561, -276.903625488, 377.982513428, -403.770477295, 292.447937012, -241.809738159], [-2429.46972656, 1744.48242188, 313.399047852, -309.157745361, 360.552612305, -311.385009766, 222.888671875, -240.342010498, 100.894142151, -197.387588501, 197.912307739, -172.546356201, 105.681671143], [-1459.02770996, 313.399047852, 863.733764648, 118.883789062, 169.766815186, -158.884552002, -21.263507843, -49.6611289978, -10.9153184891, -93.3233566284, 93.5100631714, -17.0232944489, 51.9864006042], [18.0457706451, -309.157745361, 118.883789062, 516.934387207, 47.8715896606, -100.819831848, -99.3085403442, -53.1212615967, 65.2580490112, -70.6712188721, -56.6833343506, 18.6362113953, 82.9396820068], [-1061.09094238, 360.552612305, 169.766815186, 47.8715896606, 344.375640869, -54.5514717102, 54.8126564026, -55.6774940491, 31.3765239716, -79.8539657593, 67.0498580933, -53.4856681824, 26.3843669891], [452.251159668, -311.385009766, -158.884552002, -100.819831848, -54.5514717102, 323.810241699, 79.388710022, 28.9622249603, -41.758228302, 65.8992004395, -6.83624744415, 21.2496051788, -47.4370422363], [-530.203186035, 222.888671875, -21.263507843, -99.3085403442, 54.8126564026, 79.388710022, 230.3177948, -20.6246852875, 24.2295055389, 13.642993927, 39.7679367065, -25.6733226776, 1.35618901253], [335.475799561, -240.342010498, -49.6611289978, -53.1212615967, -55.6774940491, 28.9622249603, -20.6246852875, 180.157531738, 5.29784297943, 29.4633464813, -27.1013870239, 8.35517501831, -41.0745582581], [-276.903625488, 100.894142151, -10.9153184891, 65.2580490112, 31.3765239716, -41.758228302, 24.2295055389, 5.29784297943, 163.526199341, 4.91822433472, -14.979970932, -18.2051792145, 22.231218338], [377.982513428, -197.387588501, -93.3233566284, -70.6712188721, -79.8539657593, 65.8992004395, 13.642993927, 29.4633464813, 4.91822433472, 159.89994812, 5.44534540176, 24.4927635193, -36.5773124695], [-403.770477295, 197.912307739, 93.5100631714, -56.6833343506, 67.0498580933, -6.83624744415, 39.7679367065, -27.1013870239, -14.979970932, 5.44534540176, 151.412628174, 7.43417024612, -16.8974819183], [292.447937012, -172.546356201, -17.0232944489, 18.6362113953, -53.4856681824, 21.2496051788, -25.6733226776, 8.35517501831, -18.2051792145, 24.4927635193, 7.43417024612, 110.073532104, 10.9240455627], [-241.809738159, 105.681671143, 51.9864006042, 82.9396820068, 26.3843669891, -47.4370422363, 1.35618901253, -41.0745582581, 22.231218338, -36.5773124695, -16.8974819183, 10.9240455627, 110.95085144]],
        "icov": [[0.000609229784459, -1.41700711538e-05, 0.000698011310305, -0.000364148814697, 0.000925872591324, -0.000372905109543, 0.000995326554403, -0.000312330172164, 0.000733714608941, -0.000431990221841, 0.000517572043464, -0.00057299627224, 0.000624839216471], [-1.41700711538e-05, 0.0055399783887, -0.000273846933851, 0.00557813886553, -0.00147317757364, 0.00456095766276, -0.00253358064219, 0.00523915002123, -0.00351708126254, 0.00452181883156, -0.00370772043243, 0.00419588806108, -0.00386077817529], [0.000698011310305, -0.000273846933851, 0.00233056326397, -0.000945018837228, 0.000717055809218, -0.000135491995024, 0.00130188954063, -0.000749494007323, 0.00138999836054, -0.000410268054111, -0.000126910483232, -0.000749625032768, 0.000515435123816], [-0.000364148814697, 0.00557813886553, -0.000945018837228, 0.008670036681, -0.00233694468625, 0.00479439506307, -0.00193073623814, 0.0061303190887, -0.00512106716633, 0.00538928015158, -0.00305415829644, 0.00380520755425, -0.00528357643634], [0.000925872591324, -0.00147317757364, 0.000717055809218, -0.00233694468625, 0.00615074951202, -0.00176529050805, 0.00145293923561, -0.00141160434578, 0.001386777265, -0.00027361154207, -1.14836097964e-06, -0.000369716726709, 0.00174246146344], [-0.000372905109543, 0.00456095766276, -0.000135491995024, 0.00479439506307, -0.00176529050805, 0.00837255455554, -0.00446224864572, 0.00425001233816, -0.00206632120535, 0.00299606798217, -0.00269998796284, 0.00287662586197, -0.00234285416082], [0.000995326554403, -0.00253358064219, 0.00130188954063, -0.00193073623814, 0.00145293923561, -0.00446224864572, 0.0089895920828, -0.00222825515084, 0.00126436213031, -0.0028832599055, 0.00129720510449, -0.00162850192282, 0.00138168374542], [-0.000312330172164, 0.00523915002123, -0.000749494007323, 0.0061303190887, -0.00141160434578, 0.00425001233816, -0.00222825515084, 0.0118750110269, -0.0046805171296, 0.00432068528607, -0.00237528933212, 0.00355237652548, -0.00167556013912], [0.000733714608941, -0.00351708126254, 0.00138999836054, -0.00512106716633, 0.001386777265, -0.00206632120535, 0.00126436213031, -0.0046805171296, 0.0107543170452, -0.00483792508021, 0.00349156535231, -0.0022535098251, 0.00216844631359], [-0.000431990221841, 0.00452181883156, -0.000410268054111, 0.00538928015158, -0.00027361154207, 0.00299606798217, -0.0028832599055, 0.00432068528607, -0.00483792508021, 0.012570656836, -0.00426396680996, 0.00242541148327, -0.00187882536557], [0.000517572043464, -0.00370772043243, -0.000126910483232, -0.00305415829644, -1.14836097964e-06, -0.00269998796284, 0.00129720510449, -0.00237528933212, 0.00349156535231, -0.00426396680996, 0.0122342500836, -0.00550752552226, 0.00525308726355], [-0.00057299627224, 0.00419588806108, -0.000749625032768, 0.00380520755425, -0.000369716726709, 0.00287662586197, -0.00162850192282, 0.00355237652548, -0.0022535098251, 0.00242541148327, -0.00550752552226, 0.0151108941063, -0.00616133026779], [0.000624839216471, -0.00386077817529, 0.000515435123816, -0.00528357643634, 0.00174246146344, -0.00234285416082, 0.00138168374542, -0.00167556013912, 0.00216844631359, -0.00187882536557, 0.00525308726355, -0.00616133026779, 0.0160599108785]]
    },
    "melbands": {
        "dmean": [0.00455469451845, 0.00445914175361, 0.00200988748111, 0.000828341348097, 0.000412650522776, 0.000253013597103, 0.00018672303122, 0.000219455279876, 0.000187739540706, 8.76992780832e-05, 3.85428902518e-05, 4.23099372711e-05, 7.4601804954e-05, 7.30494502932e-05, 3.05098255922e-05, 2.39245055127e-05, 2.07996454265e-05, 1.43446668517e-05, 1.10556420623e-05, 1.30116777655e-05, 1.0515298527e-05, 7.63429943618e-06, 7.73295505496e-06, 6.67368385621e-06, 4.99852058056e-06, 2.89253625851e-06, 3.6852784433e-06, 3.44329282598e-06, 4.84588872496e-06, 6.93950369168e-06, 5.80573714615e-06, 4.27095937994e-06, 3.22192340718e-06, 2.80617200588e-06, 2.22523863158e-06, 1.41938403431e-06, 1.32565412514e-06, 9.71097733782e-07, 9.42276869864e-07, 7.95131938958e-07],
        "dmean2": [0.00723111303523, 0.0073302150704, 0.00330730341375, 0.00146729021799, 0.000692735542543, 0.000419768271968, 0.000300377199892, 0.000344059168128, 0.000284479319816, 0.000141697964864, 6.35214601061e-05, 6.33644740446e-05, 0.000103473212221, 9.90402186289e-05, 4.69014339615e-05, 3.75641502615e-05, 3.27090092469e-05, 2.28459484788e-05, 1.81894138223e-05, 2.20661895582e-05, 1.70301591425e-05, 1.24269017761e-05, 1.23711752167e-05, 1.15808261398e-05, 8.54699101183e-06, 4.75288106827e-06, 5.96196878178e-06, 5.50127879251e-06, 7.59442400522e-06, 1.0543625649e-05, 9.06838522496e-06, 6.51003711027e-06, 4.42457849203e-06, 4.05075797971e-06, 3.19080163536e-06, 2.08540177482e-06, 1.93843334273e-06, 1.41500117934e-06, 1.40234385526e-06, 1.14509020932e-06],
        "dvar": [5.00532660226e-05, 4.36325608462e-05, 1.58888942678e-05, 4.14516125602e-06, 7.69745497564e-07, 3.06316849219e-07, 2.20269754436e-07, 3.51200441173e-07, 1.66642692534e-07, 5.25825782915e-08, 1.35565789705e-08, 9.25450382994e-09, 3.88056911049e-08, 2.92945561142e-08, 5.66748648012e-09, 5.293581129e-09, 2.1691706209e-09, 1.09276232507e-09, 7.71641028852e-10, 1.00016839255e-09, 4.67207217358e-10, 2.31511060322e-10, 2.14866735515e-10, 2.09014347496e-10, 1.91929389048e-10, 4.36003941284e-11, 7.64200577819e-11, 5.60635635138e-11, 1.00955466209e-10, 2.69434863309e-10, 1.62113322766e-10, 9.74867270243e-11, 4.94307476895e-11, 3.18881900052e-11, 2.20555327474e-11, 8.18610457198e-12, 6.73398576484e-12, 3.82926329534e-12, 4.80761480973e-12, 4.60096370725e-12],
        "dvar2": [0.000104233025922, 0.000112991721835, 4.07020525017e-05, 1.12799407361e-05, 2.08730943996e-06, 8.04270996468e-07, 5.07108950387e-07, 9.05342744772e-07, 3.82783639452e-07, 1.29351377609e-07, 2.49241853822e-08, 1.82085972966e-08, 7.20906285778e-08, 5.10784232688e-08, 1.07664206439e-08, 1.16719807153e-08, 4.63250726668e-09, 2.66895838763e-09, 1.86903403865e-09, 2.75807532368e-09, 1.16967890929e-09, 6.11350914337e-10, 5.36467759105e-10, 5.95825166982e-10, 5.22966281391e-10, 1.11032322225e-10, 1.94795304886e-10, 1.2592904497e-10, 2.48354392607e-10, 5.66069469077e-10, 3.61627144896e-10, 2.34289060375e-10, 9.87010681519e-11, 6.78998940407e-11, 4.15719680902e-11, 1.63015018151e-11, 1.3570277714e-11, 8.20560286385e-12, 9.82712435732e-12, 9.77765177851e-12],
        "max": [0.0581618994474, 0.048294197768, 0.0370729714632, 0.0157841779292, 0.00784728210419, 0.00774405431002, 0.00592094659805, 0.00904261227697, 0.00453114695847, 0.00317456573248, 0.00327598932199, 0.00178660720121, 0.00402197940275, 0.00331977428868, 0.00096213031793, 0.00104437256232, 0.000861126638483, 0.000540246430319, 0.000440393399913, 0.000413982081227, 0.000308798800688, 0.000244436785579, 0.000218505621888, 0.000151668253238, 0.000189028563909, 8.59070132719e-05, 9.41591715673e-05, 0.00010359584121, 0.000127228224301, 0.000296805374091, 0.000166248530149, 0.000109928230813, 8.19734486868e-05, 5.8426088799e-05, 4.99477246194e-05, 3.66768290405e-05, 3.83281767427e-05, 2.33330174524e-05, 3.56009877578e-05, 3.86763022107e-05],
        "mean": [0.00663056131452, 0.00738556869328, 0.00244084792212, 0.000723798235413, 0.000491650484037, 0.00030376779614, 0.000292731652735, 0.000333820731612, 0.000330663810018, 0.00011180092406, 5.1467683079e-05, 6.09477901889e-05, 0.000142781660543, 0.000144064804772, 4.25491198257e-05, 2.88199717033e-05, 2.71535027423e-05, 1.73671160155e-05, 1.32201548695e-05, 1.44394944073e-05, 1.23223207993e-05, 9.17950819712e-06, 1.03057482193e-05, 7.37445179766e-06, 5.65585878576e-06, 3.89876822737e-06, 4.68380221719e-06, 4.67520294478e-06, 7.12154087523e-06, 1.225156484e-05, 1.02572921605e-05, 6.15967246631e-06, 4.70691566079e-06, 3.9692649807e-06, 3.2288935472e-06, 2.30128807743e-06, 1.97716008188e-06, 1.50261610088e-06, 1.38499069635e-06, 1.15811860724e-06],
        "median": [0.0038847445976, 0.00568006467074, 0.00122346216813, 0.000200433656573, 0.000193823419977, 9.76400842774e-05, 4.33325694758e-05, 6.28256166237e-05, 3.41522645613e-05, 1.69688410097e-05, 7.5829002526e-06, 1.39277372e-05, 1.34220572363e-05, 9.80162803899e-06, 7.67103301769e-06, 4.3558170546e-06, 5.21932315678e-06, 3.89936985812e-06, 3.51285893885e-06, 2.88532191917e-06, 2.69570227829e-06, 2.20620245273e-06, 2.98725376524e-06, 2.2436377094e-06, 1.28678459532e-06, 6.20941762008e-07, 5.5919076658e-07, 8.55393466281e-07, 1.53278358539e-06, 2.27505483963e-06, 1.83100894446e-06, 9.7992483461e-07, 9.61050432124e-07, 7.2124765893e-07, 4.49379143674e-07, 3.89621618524e-07, 3.03132225099e-07, 3.15025062037e-07, 2.32657086485e-07, 1.72716411839e-07],
        "min": [3.43328316887e-08, 4.74648587101e-08, 4.44719603365e-08, 2.70720335038e-08, 9.05996522249e-09, 1.44998635321e-09, 7.39343075651e-09, 1.90153919277e-08, 2.10106367859e-08, 7.61804663796e-09, 1.85011539422e-09, 1.86036530625e-09, 2.88590262798e-10, 1.79374418097e-10, 7.85592285668e-11, 8.19320930545e-11, 1.48798001698e-10, 2.79707285111e-10, 2.46314219021e-10, 5.41071853988e-10, 1.98581623367e-10, 1.26171894113e-11, 3.5254969083e-11, 3.02047518941e-11, 1.22232233016e-11, 1.70147038819e-11, 2.1939290662e-11, 1.98615776603e-11, 1.10140598031e-10, 8.39328467839e-11, 4.16883541576e-11, 1.47430938985e-11, 5.55774480257e-12, 3.56159329459e-12, 1.36544367393e-12, 1.36550016086e-12, 1.14871469541e-12, 6.30172509227e-13, 1.63770689718e-12, 2.50963746312e-12],
        "stdev": [0.00806991104037, 0.006527421996, 0.00368544040248, 0.00172258471139, 0.00085207761731, 0.000558054714929, 0.000742266362067, 0.000758136739023, 0.000705181562807, 0.000293694494758, 0.000240010078414, 0.000149371262523, 0.00038284243783, 0.000374947208911, 0.000117542374937, 8.88738504727e-05, 6.24591411906e-05, 3.67276115867e-05, 3.09041461151e-05, 3.2549516618e-05, 2.49138029176e-05, 1.81349769264e-05, 1.88636022358e-05, 1.40739448398e-05, 1.34853989948e-05, 8.16557439975e-06, 1.0662677596e-05, 9.52496611717e-06, 1.44671375892e-05, 2.69207375823e-05, 2.21331938519e-05, 1.28158399093e-05, 9.62205376709e-06, 7.7278837125e-06, 7.06662558514e-06, 4.7327739594e-06, 4.17925684815e-06, 2.83764757114e-06, 3.08727408083e-06, 2.93206448987e-06],
        "var": [6.51234586257e-05, 4.26072365372e-05, 1.35824702738e-05, 2.96729808724e-06, 7.26036262222e-07, 3.11425083055e-07, 5.50959384782e-07, 5.74771320316e-07, 4.97281007483e-07, 8.62564633053e-08, 5.76048364564e-08, 2.23117737619e-08, 1.46568325476e-07, 1.40585399322e-07, 1.38162095098e-08, 7.89856091643e-09, 3.90114474058e-09, 1.34891742221e-09, 9.55066248309e-10, 1.05947106643e-09, 6.20697604425e-10, 3.28877397537e-10, 3.55835472199e-10, 1.98075930657e-10, 1.81855974724e-10, 6.66766017399e-11, 1.13692687209e-10, 9.07249761428e-11, 2.0929806499e-10, 7.24726112455e-10, 4.89878304588e-10, 1.64245742007e-10, 9.25839266364e-11, 5.97201871289e-11, 4.99371967388e-11, 2.23991485082e-11, 1.74661864832e-11, 8.0522437676e-12, 9.53126119696e-12, 8.59700245021e-12]
    },
    "melbands128": {
