{
"lowlevel": {
    "average_loudness": 0.985718846321,
    "barkbands_crest": {
        "dmean": 3.12602043152,
        "dmean2": 4.95527839661,
        "dvar": 8.9910326004,
        "dvar2": 20.3219604492,
        "max": 25.0126438141,
        "mean": 10.4242362976,
        "median": 9.40953636169,
        "min": 2.93858981133,
        "stdev": 4.19819784164,
        "var": 17.6248645782
    },
    "barkbands_flatness_db": {
        "dmean": 0.0290301237255,
        "dmean2": 0.043879698962,
        "dvar": 0.000805948162451,
        "dvar2": 0.00176811346319,
        "max": 0.355188220739,
        "mean": 0.141603201628,
        "median": 0.137987524271,
        "min": 0.028791449964,
        "stdev": 0.0480342395604,
        "var": 0.00230728811584
    },
    "barkbands_kurtosis": {
        "dmean": 4.59832525253,
        "dmean2": 7.14511537552,
        "dvar": 108.929626465,
        "dvar2": 267.987548828,
        "max": 218.305862427,
        "mean": 5.4185461998,
        "median": 2.49601840973,
        "min": -1.93726933002,
        "stdev": 10.9948549271,
        "var": 120.886833191
    },
    "barkbands_skewness": {
        "dmean": 0.741241931915,
        "dmean2": 1.08172237873,
        "dvar": 0.716112613678,
        "dvar2": 1.49466240406,
        "max": 12.6797828674,
        "mean": 1.6418608427,
        "median": 1.47896206379,
        "min": -2.4875831604,
        "stdev": 1.31748628616,
        "var": 1.73577022552
    },
    "barkbands_spread": {
        "dmean": 7.75700998306,
        "dmean2": 11.7439336777,
        "dvar": 116.944816589,
        "dvar2": 245.906539917,
        "max": 112.449241638,
        "mean": 21.5224685669,
        "median": 17.2941265106,
        "min": 1.26655590534,
        "stdev": 15.6321077347,
        "var": 244.362792969
    },
    "dissonance": {
        "dmean": 0.0280214138329,
        "dmean2": 0.0459897778928,
        "dvar": 0.000989960390143,
        "dvar2": 0.00229551503435,
        "max": 0.500000119209,
        "mean": 0.447973251343,
        "median": 0.45950949192,
        "min": 0.0324967503548,
        "stdev": 0.0428541973233,
        "var": 0.00183648220263
    },
    "dynamic_complexity": 2.26525783539,
    "erbbands_crest": {
        "dmean": 3.44505047798,
        "dmean2": 5.60417509079,
        "dvar": 10.3378601074,
        "dvar2": 25.6884346008,
        "max": 29.1211471558,
        "mean": 9.76481342316,
        "median": 8.82106590271,
        "min": 2.38752150536,
        "stdev": 4.8323636055,
        "var": 23.3517398834
    },
    "erbbands_flatness_db": {
        "dmean": 0.0228837337345,
        "dmean2": 0.0325468145311,
        "dvar": 0.000470712780952,
        "dvar2": 0.000891228031833,
        "max": 0.307451754808,
        "mean": 0.15377381444,
        "median": 0.152801901102,
        "min": 0.0553771182895,
        "stdev": 0.0482755303383,
        "var": 0.00233052694239
    },
    "erbbands_kurtosis": {
        "dmean": 1.58738267422,
        "dmean2": 2.49370455742,
        "dvar": 4.60167312622,
        "dvar2": 10.9562044144,
        "max": 26.0797290802,
        "mean": 1.43029856682,
        "median": 0.452631950378,
        "min": -1.75241518021,
        "stdev": 2.98258805275,
        "var": 8.89583110809
    },
    "erbbands_skewness": {
        "dmean": 0.525036275387,
        "dmean2": 0.798313200474,
        "dvar": 0.303234666586,
        "dvar2": 0.643146753311,
        "max": 4.33154010773,
        "mean": 0.53236413002,
        "median": 0.489491373301,
        "min": -4.16092300415,
        "stdev": 0.891682267189,
        "var": 0.79509729147
    },
    "erbbands_spread": {
        "dmean": 11.1173391342,
        "dmean2": 16.8651332855,
        "dvar": 170.240081787,
        "dvar2": 382.488128662,
        "max": 133.78302002,
        "mean": 37.1190338135,
        "median": 33.3407974243,
        "min": 5.18800830841,
        "stdev": 20.81965065,
        "var": 433.457855225
    },
    "hfc": {
        "dmean": 12.3134889603,
        "dmean2": 17.92253685,
        "dvar": 559.55657959,
        "dvar2": 1246.42675781,
        "max": 358.397094727,
        "mean": 28.6139545441,
        "median": 24.7353439331,
        "min": 1.27362692981e-16,
        "stdev": 27.7273311615,
        "var": 768.804931641
    },
    "loudness_ebu128": {
        "integrated": -7.02009820938,
        "loudness_range": 1.21237754822,
        "momentary": {
            "dmean": 0.70469725132,
            "dmean2": 1.08200967312,
            "dvar": 0.318996697664,
            "dvar2": 0.706795930862,
            "max": -4.42954778671,
            "mean": -7.14095878601,
            "median": -7.0144701004,
            "min": -11.347070694,
            "stdev": 1.0528512001,
            "var": 1.10849559307
        },
        "short_term": {
            "dmean": 0.0803045779467,
            "dmean2": 0.0974374040961,
            "dvar": 0.00332413311116,
            "dvar2": 0.00418809615076,
            "max": -6.03440189362,
            "mean": -6.9764289856,
            "median": -7.02916288376,
            "min": -8.08278179169,
            "stdev": 0.441756755114,
            "var": 0.195149019361
        }
    },
    "melbands_crest": {
        "dmean": 3.66764712334,
        "dmean2": 5.72435903549,
        "dvar": 12.9501256943,
        "dvar2": 28.6421070099,
        "max": 30.9927806854,
        "mean": 13.3621768951,
        "median": 12.1812133789,
        "min": 2.57381081581,
        "stdev": 5.15773248672,
        "var": 26.6022052765
    },
    "melbands_flatness_db": {
        "dmean": 0.0351979248226,
        "dmean2": 0.0506940037012,
        "dvar": 0.00129637541249,
        "dvar2": 0.00260207755491,
        "max": 0.451427280903,
        "mean": 0.205579221249,
        "median": 0.196988016367,
        "min": 0.00853665266186,
        "stdev": 0.0646285861731,
        "var": 0.0041768536903
    },
    "melbands_kurtosis": {
        "dmean": 9.89969539642,
        "dmean2": 15.0881719589,
        "dvar": 309.521697998,
        "dvar2": 736.168212891,
        "max": 312.361755371,
        "mean": 14.0185661316,
        "median": 7.89222049713,
        "min": -1.83856368065,
        "stdev": 20.2529125214,
        "var": 410.180450439
    },
    "melbands_skewness": {
        "dmean": 0.960882306099,
        "dmean2": 1.38613879681,
        "dvar": 1.0259282589,
        "dvar2": 2.10089564323,
        "max": 11.052690506,
        "mean": 2.56789851189,
        "median": 2.32167696953,
        "min": -0.516739487648,
        "stdev": 1.71944618225,
        "var": 2.95649528503
    },
    "melbands_spread": {
        "dmean": 9.49253177643,
        "dmean2": 14.413687706,
        "dvar": 357.182617188,
        "dvar2": 791.911621094,
        "max": 268.322631836,
        "mean": 22.2826843262,
        "median": 17.814365387,
        "min": 0.740610361099,
        "stdev": 21.6293563843,
        "var": 467.829071045
    },
    "pitch_salience": {
        "dmean": 0.0847741737962,
        "dmean2": 0.137957841158,
        "dvar": 0.00631411839277,
        "dvar2": 0.0154069429263,
        "max": 0.851143598557,
        "mean": 0.552054107189,
        "median": 0.558755874634,
        "min": 0.147400930524,
        "stdev": 0.115418121219,
        "var": 0.013321342878
    },
    "silence_rate_20dB": {
        "dmean": 0,
        "dmean2": 0,
        "dvar": 0,
        "dvar2": 0,
        "max": 1,
        "mean": 1,
        "median": 1,
        "min": 1,
        "stdev": 0,
        "var": 0
    },
    "silence_rate_30dB": {
        "dmean": 0.0851393193007,
        "dmean2": 0.170410528779,
        "dvar": 0.0778899788857,
        "dvar2": 0.153762966394,
        "max": 1,
        "mean": 0.914926528931,
        "median": 1,
        "min": 0,
        "stdev": 0.278992414474,
        "var": 0.0778367742896
    },
    "silence_rate_60dB": {
        "dmean": 0.0239938087761,
        "dmean2": 0.0480247884989,
        "dvar": 0.0234183110297,
        "dvar2": 0.062759026885,
        "max": 1,
        "mean": 0.0162412989885,
        "median": 0,
        "min": 0,
        "stdev": 0.126402124763,
        "var": 0.0159774962813
    },
    "spectral_centroid": {
        "dmean": 335.268707275,
        "dmean2": 494.212585449,
        "dvar": 290966.46875,
        "dvar2": 525468.875,
        "max": 11238.1425781,
        "mean": 1238.94152832,
        "median": 1086.45788574,
        "min": 205.450164795,
        "stdev": 713.683349609,
        "var": 509343.9375
    },
    "spectral_complexity": {
        "dmean": 4.84287929535,
        "dmean2": 6.89465522766,
        "dvar": 26.787229538,
        "dvar2": 53.0608787537,
        "max": 57,
        "mean": 19.3580818176,
        "median": 17,
        "min": 0,
        "stdev": 10.1967086792,
        "var": 103.972869873
    },
    "spectral_decrease": {
        "dmean": 4.45471570742e-09,
        "dmean2": 6.46809672489e-09,
        "dvar": 4.68252783434e-17,
        "dvar2": 8.712035618e-17,
        "max": -4.37425996025e-29,
        "mean": -1.01514299189e-08,
        "median": -7.60747820294e-09,
        "min": -5.16280103113e-08,
        "stdev": 9.37314581506e-09,
        "var": 8.78558587109e-17
    },
    "spectral_energy": {
        "dmean": 0.0175636298954,
        "dmean2": 0.0254119858146,
        "dvar": 0.000689271895681,
        "dvar2": 0.00127413403243,
        "max": 0.197183951735,
        "mean": 0.0409092307091,
        "median": 0.0312682650983,
        "min": 1.17172775253e-20,
        "stdev": 0.0363801755011,
        "var": 0.00132351717912
    },
    "spectral_energyband_high": {
        "dmean": 0.000890114984941,
        "dmean2": 0.00133407302201,
        "dvar": 6.44150759399e-06,
        "dvar2": 1.42519784276e-05,
        "max": 0.039095915854,
        "mean": 0.00133849703707,
        "median": 0.000496059190482,
        "min": 8.73848866399e-21,
        "stdev": 0.00274183158763,
        "var": 7.51764036977e-06
    },
    "spectral_energyband_low": {
        "dmean": 0.0116947069764,
        "dmean2": 0.0177993141115,
        "dvar": 0.00068720075069,
        "dvar2": 0.00133602833375,
        "max": 0.176128149033,
        "mean": 0.0186157654971,
        "median": 0.00893884897232,
        "min": 9.71523351764e-23,
        "stdev": 0.0318692922592,
        "var": 0.00101565173827
    },
    "spectral_energyband_middle_high": {
        "dmean": 0.00297082890756,
        "dmean2": 0.00431717000902,
        "dvar": 1.27465982587e-05,
        "dvar2": 2.48552951234e-05,
        "max": 0.0455449856818,
        "mean": 0.00712788570672,
        "median": 0.00464190542698,
        "min": 1.741764691e-21,
        "stdev": 0.00720226019621,
        "var": 5.18725537404e-05
    },
    "spectral_energyband_middle_low": {
        "dmean": 0.00717864232138,
        "dmean2": 0.0110634220764,
        "dvar": 6.55274197925e-05,
        "dvar2": 0.000146860940731,
        "max": 0.0661248415709,
        "mean": 0.015382796526,
        "median": 0.0128193506971,
        "min": 2.41837591482e-22,
        "stdev": 0.0112082026899,
        "var": 0.000125623802887
    },
    "spectral_entropy": {
        "dmean": 0.244378104806,
        "dmean2": 0.354529887438,
        "dvar": 0.0714286863804,
        "dvar2": 0.138068825006,
        "max": 9.78964138031,
        "mean": 7.54165554047,
        "median": 7.52790784836,
        "min": 6.22214603424,
        "stdev": 0.485908806324,
        "var": 0.236107379198
    },
    "spectral_flux": {
        "dmean": 0.045878469944,
        "dmean2": 0.0725796669722,
        "dvar": 0.00236918008886,
        "dvar2": 0.00536441197619,
        "max": 0.40560400486,
        "mean": 0.118232347071,
        "median": 0.0981525704265,
        "min": 1.0824637714e-10,
        "stdev": 0.0710278749466,
        "var": 0.00504495901987
    },
    "spectral_kurtosis": {
        "dmean": 1.86454880238,
        "dmean2": 2.93158817291,
        "dvar": 5.04844999313,
        "dvar2": 12.108382225,
        "max": 32.3168907166,
        "mean": 4.69502782822,
        "median": 4.24927759171,
        "min": -1.37886869907,
        "stdev": 3.21367740631,
        "var": 10.3277225494
    },
    "spectral_rms": {
        "dmean": 0.00128552957904,
        "dmean2": 0.00180014851503,
        "dvar": 2.35209427046e-06,
        "dvar2": 4.03071180699e-06,
        "max": 0.0138699170202,
        "mean": 0.00581049034372,
        "median": 0.00552318943664,
        "min": 3.38104869622e-12,
        "stdev": 0.00247983285226,
        "var": 6.14957070866e-06
    },
    "spectral_rolloff": {
        "dmean": 693.429931641,
        "dmean2": 1139.95825195,
        "dvar": 2272991,
        "dvar2": 4525403,
        "max": 18540.0878906,
        "mean": 1445.00744629,
        "median": 1055.12695312,
        "min": 86.1328125,
        "stdev": 1724.35327148,
        "var": 2973394.25
    },
    "spectral_skewness": {
        "dmean": 0.31656947732,
        "dmean2": 0.471970200539,
        "dvar": 0.11696600914,
        "dvar2": 0.241793081164,
        "max": 4.13441228867,
        "mean": 1.74219810963,
        "median": 1.74569499493,
        "min": -0.253659874201,
        "stdev": 0.574973881245,
        "var": 0.330594986677
    },
    "spectral_spread": {
        "dmean": 854738,
        "dmean2": 1238046.25,
        "dvar": 1.78371166208e+12,
        "dvar2": 2.69669708595e+12,
        "max": 40368352,
        "mean": 5291778,
        "median": 4966737,
        "min": 1905311.375,
        "stdev": 2016942.75,
        "var": 4.06805807104e+12
    },
    "spectral_strongpeak": {
        "dmean": 0.669500589371,
        "dmean2": 1.10432732105,
        "dvar": 1.12040185928,
        "dvar2": 2.75939798355,
        "max": 10.5290222168,
        "mean": 1.19618356228,
        "median": 0.568288207054,
        "min": 0,
        "stdev": 1.38858520985,
        "var": 1.92816889286
    },
    "zerocrossingrate": {
        "dmean": 0.0153234144673,
        "dmean2": 0.017954453826,
        "dvar": 0.000617913086899,
        "dvar2": 0.000728504383005,
        "max": 0.47802734375,
        "mean": 0.0587459355593,
        "median": 0.0517578125,
        "min": 0.0009765625,
        "stdev": 0.0400276146829,
        "var": 0.00160220987163
    },
    "barkbands": {
        "dmean": [0.000542785739526, 0.00903692189604, 0.00355600635521, 0.00158420857042, 0.0019001926994, 0.00200609443709, 0.00191857037134, 0.00186987558845, 0.00144232227467, 0.000857261766214, 0.000943850434851, 0.000694555579685, 0.000561109336559, 0.000563509762287, 0.000433787383372, 0.00039896479575, 0.00032847590046, 0.000232927181059, 0.000174053755472, 0.000160376148415, 0.00014880116214, 0.000142143719131, 0.00015477600391, 0.000234047227423, 0.000209955789614, 5.19332679687e-05, 1.98813177121e-06],
        "dmean2": [0.000900131417438, 0.0135354986414, 0.0062635904178, 0.00265813502483, 0.00309967971407, 0.00313373864628, 0.00309088570066, 0.00290587102063, 0.00222791032866, 0.00132769870106, 0.00153129408136, 0.00109782954678, 0.000886130554136, 0.000877222570125, 0.000704996637069, 0.00065130047733, 0.000511998892762, 0.000356988341082, 0.000262722518528, 0.000248758646194, 0.000242421927396, 0.000203244519071, 0.000234076898778, 0.000364660460036, 0.000334493495757, 8.20535060484e-05, 3.45822900272e-06],
        "dvar": [2.45089745476e-06, 0.000440926844021, 9.9672091892e-05, 6.97525229043e-06, 9.59157114266e-06, 1.30939197334e-05, 1.33601970447e-05, 1.85531353054e-05, 1.1488963537e-05, 3.16320188176e-06, 4.06615345128e-06, 2.78420316135e-06, 1.9325325411e-06, 1.48056869875e-06, 8.32848797927e-07, 8.24951484901e-07, 3.1493433994e-07, 2.78306742985e-07, 1.64879494946e-07, 9.35289179438e-08, 7.55430136223e-08, 5.73651632862e-08, 1.48965668245e-07, 1.20833021811e-06, 1.08767960683e-06, 1.39275080357e-08, 3.96998822705e-11],
        "dvar2": [6.49588264423e-06, 0.000834223814309, 0.000280241569271, 1.94410513359e-05, 2.41177131102e-05, 3.1184310501e-05, 3.2013420423e-05, 4.01161523769e-05, 2.28698627325e-05, 6.95155813446e-06, 1.03858847069e-05, 5.74997920921e-06, 4.08553523812e-06, 2.98011832456e-06, 2.04213802135e-06, 1.91294566321e-06, 7.28447503207e-07, 5.64354309063e-07, 3.92559059037e-07, 2.16544719933e-07, 1.7897959026e-07, 1.15780231624e-07, 3.1583482496e-07, 2.78589709524e-06, 2.71291560239e-06, 3.25632889542e-08, 1.08542418109e-10],
        "max": [0.0137504031882, 0.15758831799, 0.0747749954462, 0.0256290212274, 0.0401137173176, 0.0541495904326, 0.0385401397943, 0.0456172898412, 0.0525346696377, 0.0257881302387, 0.0315771028399, 0.0322819203138, 0.0223142765462, 0.0267677493393, 0.0118298055604, 0.0116627980024, 0.00684077385813, 0.0119969258085, 0.00648668594658, 0.00525685586035, 0.00329383532517, 0.00330849876627, 0.00584660843015, 0.0190357398242, 0.0194018892944, 0.00203965161927, 0.000119387659652],
        "mean": [0.000418057810748, 0.0132763013244, 0.00368465227075, 0.00225210282952, 0.00277820578776, 0.00291764829308, 0.00246425368823, 0.00238913064823, 0.00189781468362, 0.00116565660574, 0.00143209705129, 0.00122298300266, 0.000643637613393, 0.000704718462657, 0.00059120694641, 0.000504569732584, 0.000463231583126, 0.00036007372546, 0.000269703159574, 0.000253238598816, 0.00020654972468, 0.00022791007359, 0.000226007818128, 0.000279429397779, 0.000216488100705, 6.19541096967e-05, 1.60542708727e-06],
        "median": [2.92089680443e-05, 0.00550204887986, 0.00116579048336, 0.00139913917519, 0.00171772181056, 0.00125968898647, 0.00119442492723, 0.000586144160479, 0.000470180995762, 0.000354194751708, 0.000453398213722, 0.000280876789475, 0.00021155946888, 0.000170154657098, 0.00019609744777, 0.000151660642587, 0.000199903297471, 0.000129196996568, 9.71769259195e-05, 0.000105778861325, 5.4339892813e-05, 9.02638203115e-05, 4.84680640511e-05, 6.727121945e-05, 5.07204204041e-05, 2.1250845748e-05, 2.00502398684e-07],
        "min": [3.33667021436e-23, 4.4061242104e-23, 2.53168515001e-23, 1.98901400713e-23, 2.07596162501e-23, 2.14494183138e-23, 2.59700882831e-23, 2.48118416812e-23, 8.36496870517e-23, 1.1968576197e-22, 1.39079345656e-22, 8.89246863289e-23, 3.24401010756e-22, 6.82905715379e-23, 1.24230181386e-22, 1.9070507911e-22, 1.49020949437e-22, 1.6275739069e-22, 1.91271014234e-22, 4.83644183886e-22, 4.99061933853e-22, 4.50038557862e-22, 8.69407718343e-22, 1.08612712032e-21, 1.20361504008e-21, 1.92747623009e-21, 2.67052009394e-21],
        "stdev": [0.00135534070432, 0.0248479712754, 0.00829524453729, 0.00276602548547, 0.00339230406098, 0.00457160267979, 0.00402614893392, 0.00515082944185, 0.00425649806857, 0.00241938233376, 0.00264700246044, 0.00271610775962, 0.00163593445905, 0.00180874741636, 0.00111772865057, 0.00105387868825, 0.000724093173631, 0.000859237799887, 0.000535617175046, 0.000411452376284, 0.000350168731529, 0.000353876355803, 0.000480139249703, 0.00106067606248, 0.000930645968765, 0.000125472113723, 5.23830976817e-06],
        "var": [1.83694839961e-06, 0.000617421697825, 6.88110812916e-05, 7.65089680499e-06, 1.15077273222e-05, 2.08995516005e-05, 1.6209876776e-05, 2.65310427494e-05, 1.81177747436e-05, 5.85341103942e-06, 7.00662212694e-06, 7.37724167266e-06, 2.67628138317e-06, 3.27156703861e-06, 1.24931727896e-06, 1.11066037789e-06, 5.24310905803e-07, 7.38289600122e-07, 2.86885750711e-07, 1.69293059571e-07, 1.22618146747e-07, 1.25228481807e-07, 2.30533686363e-07, 1.1250336911e-06, 8.66101913743e-07, 1.5743250259e-08, 2.74398889027e-11]
    },
    "erbbands": {
        "dmean": [0.335989713669, 2.14016008377, 4.31209945679, 5.00309324265, 5.39426231384, 7.0193104744, 9.39175605774, 17.9233665466, 27.8544921875, 24.8965606689, 46.3417930603, 36.3393554688, 32.0005836487, 25.5322170258, 32.3769989014, 29.4437103271, 25.1063098907, 26.9608917236, 24.3541049957, 19.2666721344, 22.6165275574, 18.2154788971, 13.3864145279, 7.74865102768, 9.12648391724, 7.31855869293, 7.02408695221, 5.26676368713, 5.17203998566, 4.75664043427, 4.41408252716, 4.59234905243, 4.30652475357, 2.93314242363, 1.14294528961, 0.33356025815, 0.0813963711262, 0.00953897275031, 0.000261488370597, 2.81766624539e-05],
        "dmean2": [0.515083014965, 3.42039418221, 7.64031553268, 8.24059009552, 8.92939662933, 11.6222600937, 15.2045230865, 28.1821937561, 45.357421875, 39.0471343994, 70.9684753418, 54.7650337219, 50.1957244873, 40.3852005005, 50.4254722595, 44.3828010559, 39.2683868408, 40.9430656433, 39.5545730591, 30.7291183472, 35.9017372131, 27.8529129028, 20.3648738861, 11.7464199066, 14.2481269836, 11.3778800964, 11.6715297699, 7.99246835709, 7.33128166199, 6.83443593979, 6.60414552689, 6.88225126266, 6.86853933334, 4.62548732758, 1.80868017673, 0.525941610336, 0.132065325975, 0.0157565549016, 0.000432121480117, 4.14157329942e-05],
        "dvar": [0.71907222271, 23.6491756439, 141.45489502, 100.206321716, 59.5340499878, 161.127410889, 565.341186523, 1266.80078125, 3490.69165039, 2316.69213867, 12910.7636719, 7865.76464844, 6083.92480469, 2003.74145508, 5631.70800781, 4771.74804688, 3816.76049805, 4255.84765625, 2307.58569336, 2071.11987305, 2861.66308594, 1031.71716309, 919.353210449, 318.596801758, 379.264648438, 213.550064087, 217.108551025, 97.1787567139, 75.0727615356, 99.4863433838, 131.084274292, 413.073822021, 470.839141846, 256.305480957, 22.3387107849, 0.711046040058, 0.0353477410972, 0.00050397781888, 4.99700661294e-07, 2.26675678228e-09],
        "dvar2": [1.51292657852, 55.8582305908, 403.557769775, 269.487182617, 162.382980347, 411.007080078, 1420.3515625, 2990.02856445, 8119.87597656, 5493.72900391, 27530.3945312, 16306.7480469, 14687.3554688, 4679.90332031, 12898.9892578, 9418.44628906, 8671.87597656, 9318.17773438, 5659.42041016, 4464.9921875, 6629.03662109, 2339.97998047, 1820.6192627, 749.162475586, 919.102539062, 496.231842041, 558.532165527, 217.573974609, 150.900680542, 220.611419678, 278.616394043, 943.984130859, 1166.34008789, 632.777709961, 56.5941429138, 1.64784669876, 0.0858617052436, 0.00127759028692, 1.31088393118e-06, 4.86945772593e-09],
        "max": [5.57732343674, 34.8195991516, 89.9726486206, 81.8785858154, 78.408203125, 123.301811218, 496.692871094, 513.035766602, 738.741760254, 655.975646973, 1209.37524414, 1622.8260498, 1495.54980469, 566.24420166, 1091.8338623, 1288.05126953, 1160.18115234, 1494.36877441, 548.809082031, 899.580871582, 705.182189941, 431.003112793, 706.359924316, 285.304534912, 313.647125244, 259.510406494, 191.5025177, 147.794113159, 134.621078491, 150.277877808, 162.142532349, 494.381286621, 405.642333984, 291.926391602, 82.926612854, 13.3609886169, 2.48140120506, 0.301800400019, 0.0123366434127, 0.000606015790254],
        "mean": [0.374645590782, 2.94327759743, 4.64365959167, 6.57889986038, 8.02467536926, 10.0118227005, 12.4700956345, 25.7748031616, 36.046962738, 35.5655975342, 58.9789085388, 49.8110961914, 46.8984489441, 38.1188850403, 54.0622634888, 54.3228874207, 31.8042697906, 37.33070755, 32.2895431519, 27.8849449158, 29.8675708771, 27.1735115051, 21.6188678741, 12.4242954254, 14.7743377686, 11.6482114792, 9.17962741852, 8.23041915894, 8.19696903229, 7.14371871948, 6.32464408875, 5.8394742012, 4.67511606216, 2.91737389565, 1.22430753708, 0.407662302256, 0.0903201773763, 0.00972327962518, 0.00027782341931, 6.05123241257e-05],
        "median": [0.134011730552, 1.23580348492, 2.48554468155, 3.83377575874, 5.65416765213, 5.6195898056, 5.98430299759, 9.96792793274, 14.6982021332, 19.50258255, 13.5762405396, 14.1840200424, 15.4646272659, 13.6711101532, 17.7046852112, 12.9175271988, 12.0156373978, 11.1120204926, 11.1787023544, 10.3233709335, 10.7164154053, 11.435087204, 9.14425754547, 4.79149103165, 5.8035736084, 4.79393339157, 2.59933257103, 2.71778440475, 3.32672357559, 1.91028249264, 1.32493972778, 1.24448049068, 1.17205476761, 0.634856402874, 0.318262517452, 0.142576932907, 0.0292750429362, 0.00273437635042, 8.76479607541e-05, 4.40758667537e-05],
        "min": [2.47148036489e-21, 5.86984891788e-21, 1.92475186551e-20, 5.8346993964e-20, 7.79490419065e-20, 3.78786875874e-20, 7.75587677537e-20, 2.46169105392e-19, 3.05838967951e-19, 4.66182863213e-19, 7.60732004875e-19, 1.04335733801e-18, 3.94842009539e-18, 6.11768677615e-18, 4.11450514109e-18, 5.40316361353e-18, 1.43392420931e-17, 4.57787807176e-18, 6.48041457374e-18, 7.84961810397e-18, 8.46618943358e-18, 9.05448028522e-18, 9.2881447462e-18, 7.70008039283e-18, 1.25647568722e-17, 2.57109935909e-17, 2.01525185456e-17, 1.96034244744e-17, 1.67505017028e-17, 1.75552706838e-17, 2.29302009687e-17, 2.06458093582e-17, 1.96584270221e-17, 1.28939772376e-17, 1.02984912705e-17, 6.67239657647e-18, 3.72556978015e-18, 1.42477300679e-18, 3.53424445543e-19, 3.97661166436e-20],
        "stdev": [0.878305613995, 5.29638624191, 9.88816261292, 9.79034614563, 8.66082668304, 13.4210891724, 23.4808235168, 44.8442268372, 66.3390884399, 53.8315429688, 137.5262146, 110.348388672, 98.316696167, 63.6898460388, 109.268692017, 125.20866394, 72.021774292, 95.9730529785, 56.0331192017, 55.7920951843, 61.4062004089, 42.4157905579, 49.7781333923, 22.7321834564, 27.1873912811, 18.9196834564, 16.823059082, 13.1360578537, 12.712852478, 13.0685882568, 14.009806633, 20.0756835938, 19.6568336487, 14.3821678162, 4.21315908432, 0.882072150707, 0.19050642848, 0.0211149957031, 0.000633011572063, 5.7826662669e-05],
        "var": [0.771420717239, 28.0517082214, 97.7757568359, 95.8508834839, 75.0099258423, 180.125640869, 551.349060059, 2011.00463867, 4400.875, 2897.83496094, 18913.4609375, 12176.7675781, 9666.17285156, 4056.39648438, 11939.6464844, 15677.2099609, 5187.13623047, 9210.82617188, 3139.71044922, 3112.7578125, 3770.72167969, 1799.09924316, 2477.86254883, 516.752197266, 739.15423584, 357.954437256, 283.015289307, 172.556015015, 161.616607666, 170.787994385, 196.274688721, 403.033050537, 386.391113281, 206.846740723, 17.7507095337, 0.778051316738, 0.0362927019596, 0.000445843063062, 4.00703640935e-07, 3.34392291634e-09]
    },
    "gfcc": {
        "mean": [21.5470619202, 85.545173645, -107.123344421, 23.9425506592, -64.0290222168, 19.9729728699, -43.7806167603, 14.8297777176, -24.6075992584, 5.84233236313, -17.2581443787, 3.89915418625, -10.9924240112],
        "cov": [[5223.36083984, -564.102722168, -228.116165161, 538.760131836, 6.85241794586, 356.348724365, 150.017608643, 157.47555542, 97.1041717529, 190.971466064, -69.6104202271, 61.5425682068, -84.0103530884], [-564.102722168, 1183.1081543, 227.72303772, -64.3256378174, 309.169830322, 67.1483840942, 259.188446045, 36.6861381531, 84.5324325562, -43.4585762024, 73.5961151123, -53.2281532288, 35.8912162781], [-228.116165161, 227.72303772, 995.911682129, 389.908294678, 254.337966919, 179.681381226, 84.7956390381, 51.4217948914, 23.4625434875, 32.5955810547, 19.8562297821, 67.8547363281, -9.37080860138], [538.760131836, -64.3256378174, 389.908294678, 717.251953125, 259.981018066, 86.6979064941, 47.2530403137, 55.6591758728, 43.8349151611, 18.017742157, 27.3350334167, 35.7182197571, 44.1249008179], [6.85241794586, 309.169830322, 254.337966919, 259.981018066, 392.979644775, 104.224700928, 123.575485229, 56.286529541, 43.8863945007, 40.1189155579, 16.6307315826, 15.0205125809, 24.5243721008], [356.348724365, 67.1483840942, 179.681381226, 86.6979064941, 104.224700928, 343.34777832, 202.048965454, 3.08295917511, 23.0051784515, 45.7584495544, 7.19724273682, 8.8261423111, -10.5511627197], [150.017608643, 259.188446045, 84.7956390381, 47.2530403137, 123.575485229, 202.048965454, 345.314666748, 33.2285041809, 10.5782852173, 39.6562309265, 25.2721691132, 17.8254985809, -9.44203090668], [157.47555542, 36.6861381531, 51.4217948914, 55.6591758728, 56.286529541, 3.08295917511, 33.2285041809, 130.224899292, 44.806892395, 5.39039468765, 14.5451021194, 1.30776119232, 6.01753282547], [97.1041717529, 84.5324325562, 23.4625434875, 43.8349151611, 43.8863945007, 23.0051784515, 10.5782852173, 44.806892395, 151.695800781, 33.303604126, -7.06184339523, -6.978307724, -13.0091276169], [190.971466064, -43.4585762024, 32.5955810547, 18.017742157, 40.1189155579, 45.7584495544, 39.6562309265, 5.39039468765, 33.303604126, 129.576187134, 10.5466051102, 5.59714651108, -16.5214271545], [-69.6104202271, 73.5961151123, 19.8562297821, 27.3350334167, 16.6307315826, 7.19724273682, 25.2721691132, 14.5451021194, -7.06184339523, 10.5466051102, 109.926277161, 19.992401123, 17.4872608185], [61.5425682068, -53.2281532288, 67.8547363281, 35.7182197571, 15.0205125809, 8.8261423111, 17.8254985809, 1.30776119232, -6.978307724, 5.59714651108, 19.992401123, 97.1092834473, 17.919670105], [-84.0103530884, 35.8912162781, -9.37080860138, 44.1249008179, 24.5243721008, -10.5511627197, -9.44203090668, 6.01753282547, -13.0091276169, -16.5214271545, 17.4872608185, 17.919670105, 89.6575088501]],
        "icov": [[0.000334835698595, -0.000174300774233, 0.000393766677007, -0.000545762304682, 0.000386504485505, -0.000592821510509, 0.000301748601487, -0.000661662954371, 0.000300741929095, -0.00057109532645, 0.000483578711282, -0.000581846921705, 0.000554345431738], [-0.000174300774233, 0.00261463527568, -0.00110149709508, 0.00176593335345, -0.00233804457821, 0.00165596534498, -0.00239195744507, 0.00169835449196, -0.00223791692406, 0.00237195217051, -0.00212442409247, 0.00275372015312, -0.00174935907125], [0.000393766677007, -0.00110149709508, 0.00232622236945, -0.00174140254967, 0.000646985601634, -0.00187884340994, 0.00154650188051, -0.00159089348745, 0.0013706573518, -0.00132827856578, 0.0012287060963, -0.002475267509, 0.00199082144536], [-0.000545762304682, 0.00176593335345, -0.00174140254967, 0.00391590921208, -0.00289103854448, 0.00163891923148, -0.00151678244583, 0.00170116568916, -0.00201389822178, 0.00226602749899, -0.00208873883821, 0.00226708548144, -0.00253814458847], [0.000386504485505, -0.00233804457821, 0.000646985601634, -0.00289103854448, 0.00644659576938, -0.00178326177411, 0.00107954978012, -0.00255315168761, 0.00163074512966, -0.00312139908783, 0.00233434140682, -0.00223657721654, 0.000753533211537], [-0.000592821510509, 0.00165596534498, -0.00187884340994, 0.00163891923148, -0.00178326177411, 0.00684813503176, -0.00458922050893, 0.00301966303959, -0.00223917071708, 0.00141661823727, -0.00157049356494, 0.00288887834176, -0.00194856757298], [0.000301748601487, -0.00239195744507, 0.00154650188051, -0.00151678244583, 0.00107954978012, -0.00458922050893, 0.0073388456367, -0.00297773862258, 0.00279131648131, -0.00260238279589, 0.00138005090412, -0.00350304902531, 0.0026422010269], [-0.000661662954371, 0.00169835449196, -0.00159089348745, 0.00170116568916, -0.00255315168761, 0.00301966303959, -0.00297773862258, 0.0115627525374, -0.0045363670215, 0.00283576687798, -0.00305462162942, 0.00294221309014, -0.00246720900759], [0.000300741929095, -0.00223791692406, 0.0013706573518, -0.00201389822178, 0.00163074512966, -0.00223917071708, 0.00279131648131, -0.0045363670215, 0.0101826880127, -0.00402253586799, 0.00280112028122, -0.00227235304192, 0.00284498813562], [-0.00057109532645, 0.00237195217051, -0.00132827856578, 0.00226602749899, -0.00312139908783, 0.00141661823727, -0.00260238279589, 0.00283576687798, -0.00402253586799, 0.0116737606004, -0.00341266905889, 0.00236899126321, -0.000422943179728], [0.000483578711282, -0.00212442409247, 0.0012287060963, -0.00208873883821, 0.00233434140682, -0.00157049356494, 0.00138005090412, -0.00305462162942, 0.00280112028122, -0.00341266905889, 0.0121859963983, -0.00414231745526, 0.000215635693166], [-0.000581846921705, 0.00275372015312, -0.002475267509, 0.00226708548144, -0.00223657721654, 0.00288887834176, -0.00350304902531, 0.00294221309014, -0.00227235304192, 0.00236899126321, -0.00414231745526, 0.0151892146096, -0.00475771585479], [0.000554345431738, -0.00174935907125, 0.00199082144536, -0.00253814458847, 0.000753533211537, -0.00194856757298, 0.0026422010269, -0.00246720900759, 0.00284498813562, -0.000422943179728, 0.000215635693166, -0.00475771585479, 0.0150826415047]]
    },
    "melbands": {
        "dmean": [0.002645323053, 0.00233689020388, 0.000812970334664, 0.000425815960625, 0.000308384245727, 0.000415618298575, 0.000418815674493, 0.000277067098068, 0.000368741399143, 0.000225403200602, 0.000158562819706, 9.99319163384e-05, 0.000113357171358, 8.87101996341e-05, 6.16766119492e-05, 5.84414883633e-05, 5.48544085177e-05, 4.30245236203e-05, 3.00433075608e-05, 2.80548174487e-05, 2.62900921371e-05, 2.08836845559e-05, 1.5814024664e-05, 1.00117676993e-05, 6.43333896733e-06, 7.41437816032e-06, 6.21807112111e-06, 4.9308268899e-06, 4.77532739751e-06, 3.7990112105e-06, 3.34524224854e-06, 3.21718607665e-06, 2.58237560047e-06, 2.85777423414e-06, 2.53839516517e-06, 2.88613341581e-06, 2.90053867502e-06, 3.13402370011e-06, 2.95331574307e-06, 2.36204186876e-06],
        "dmean2": [0.00385705567896, 0.00403062719852, 0.0013287056936, 0.000701981887687, 0.000495043175761, 0.000658545992337, 0.000676277733874, 0.000433401030023, 0.000560446293093, 0.000343639723724, 0.000249263510341, 0.000159856965183, 0.000179086680873, 0.00013561261585, 0.000101014731626, 9.54486240516e-05, 8.45743124955e-05, 7.0957110438e-05, 4.7751924285e-05, 4.61739837192e-05, 4.16902803408e-05, 3.30451184709e-05, 2.30632831517e-05, 1.62676897162e-05, 9.83637983154e-06, 1.13727928692e-05, 9.83292102319e-06, 7.8306056821e-06, 8.01707756182e-06, 6.30215754427e-06, 5.15149486091e-06, 4.63554852104e-06, 3.84974691769e-06, 4.18862282459e-06, 3.87176442018e-06, 4.36936625192e-06, 4.35398260379e-06, 4.95647554999e-06, 4.80834432892e-06, 3.7486374822e-06],
        "dvar": [3.94709641114e-05, 3.28747664753e-05, 2.15804311665e-06, 4.51055484518e-07, 5.35682374903e-07, 6.33783145076e-07, 6.74032662573e-07, 2.69055902891e-07, 8.16511942503e-07, 3.16560146985e-07, 1.48822550727e-07, 3.08495486934e-08, 6.5693100737e-08, 4.57855264813e-08, 2.8736701907e-08, 2.45128788379e-08, 1.88382891508e-08, 7.59560414565e-09, 4.38597691499e-09, 3.96131660807e-09, 3.65688457293e-09, 1.54865320567e-09, 1.4733307907e-09, 4.43711317688e-10, 2.53948501117e-10, 2.9455529682e-10, 1.29069019361e-10, 1.27537536088e-10, 1.32055769098e-10, 4.90560370103e-11, 3.94462414122e-11, 2.94753318975e-11, 2.22010500261e-11, 4.2227537439e-11, 4.22092014118e-11, 8.51364465038e-11, 1.76550010722e-10, 2.36803965326e-10, 2.39986475137e-10, 1.73532591075e-10],
        "dvar2": [7.31329200789e-05, 9.03768377611e-05, 5.84418421568e-06, 1.19709693536e-06, 1.29609827582e-06, 1.48560434354e-06, 1.56485782554e-06, 6.2485099761e-07, 1.73626244759e-06, 6.46832688744e-07, 3.59014080686e-07, 7.27334850126e-08, 1.5969726519e-07, 1.03288222419e-07, 7.87119063261e-08, 5.30175476854e-08, 3.89361147768e-08, 1.8440395877e-08, 1.04213579988e-08, 9.13369557765e-09, 8.38702085559e-09, 3.64563423894e-09, 2.89448420787e-09, 1.06762909624e-09, 5.96146021437e-10, 7.33564986533e-10, 3.10812486859e-10, 3.15750120494e-10, 3.45183465145e-10, 1.2360239221e-10, 9.60429791252e-11, 5.94822038846e-11, 4.80951285742e-11, 9.82561532137e-11, 9.42419961514e-11, 1.93405000348e-10, 3.9298048149e-10, 5.81636738772e-10, 6.10692496572e-10, 4.28701407706e-10],
        "max": [0.0469462871552, 0.0397789031267, 0.0118205109611, 0.0058726943098, 0.0155668100342, 0.0100606102496, 0.00950315222144, 0.00711708562449, 0.0114368442446, 0.00971858762205, 0.0072430446744, 0.00207978882827, 0.00421672454104, 0.00475858617574, 0.00332925282419, 0.00236871419474, 0.00309739587829, 0.00094370637089, 0.00117256201338, 0.000818160129711, 0.00077990302816, 0.000582867127378, 0.000862530549057, 0.000328006426571, 0.000234462931985, 0.000266244052909, 0.000171785708517, 0.00023763923673, 0.000166649901075, 0.000109976572276, 0.000104318009107, 9.08910151338e-05, 5.76372294745e-05, 0.00010286331235, 8.80415609572e-05, 0.000211710823351, 0.000321272847941, 0.000300517829601, 0.000239827277255, 0.000250038254308],
        "mean": [0.00358274462633, 0.00295024062507, 0.00116806139704, 0.000639318779577, 0.000428345258115, 0.000599285820499, 0.000555551378056, 0.000393869704567, 0.000453480810393, 0.000307646987494, 0.000223413851927, 0.00014036790526, 0.000175045148353, 0.000160138646606, 8.71245792951e-05, 6.74470938975e-05, 7.14436682756e-05, 5.2246334235e-05, 4.21149889007e-05, 3.59907608072e-05, 3.32221316057e-05, 2.87557613774e-05, 2.41305024247e-05, 1.42661765494e-05, 9.21945138543e-06, 1.11382041723e-05, 9.63979800872e-06, 7.22235608919e-06, 5.99853501626e-06, 4.77718458569e-06, 4.83095436721e-06, 4.9004088396e-06, 3.96461609853e-06, 3.9558581193e-06, 3.50485993295e-06, 3.70762245439e-06, 3.52886399924e-06, 3.35763684234e-06, 2.93804578178e-06, 2.29983220379e-06],
        "median": [0.00151835335419, 0.00151166995056, 0.000789868936408, 0.00041527862777, 0.000214512983803, 0.00024217441387, 0.000253353820881, 0.000203888630494, 9.40120953601e-05, 7.90103513282e-05, 6.82173922542e-05, 4.83413095935e-05, 5.74170335312e-05, 4.22231714765e-05, 2.2864111088e-05, 2.28093085752e-05, 1.72504078364e-05, 1.46177890201e-05, 1.44548539538e-05, 1.07801915874e-05, 1.2154993783e-05, 1.18618963825e-05, 8.04818864708e-06, 5.44064096175e-06, 3.16949285661e-06, 3.66582412425e-06, 3.79017001251e-06, 2.64356503976e-06, 1.47812113482e-06, 1.17686863632e-06, 1.60260549364e-06, 2.02662431548e-06, 1.15674458812e-06, 9.72472776084e-07, 6.96284530477e-07, 6.67394090215e-07, 8.06582477253e-07, 8.16898989342e-07, 6.16412762611e-07, 4.78063498122e-07],
        "min": [1.81854037665e-23, 9.28018493257e-24, 1.08664643061e-23, 3.92193479742e-24, 2.66790115462e-24, 5.09028828515e-24, 5.15434497394e-24, 4.64611265828e-24, 6.7547658625e-24, 9.10306751555e-24, 1.82883090939e-23, 2.3191934745e-23, 1.68929782356e-23, 8.32397349719e-24, 2.92897175241e-23, 2.47148606993e-23, 6.77868175856e-24, 9.94537295823e-24, 9.0972267894e-24, 1.46872726575e-23, 8.32563089395e-24, 8.08122364172e-24, 1.15081576874e-23, 6.59793755353e-24, 5.69422441697e-24, 8.47152756293e-24, 1.14883856777e-23, 1.86492303129e-23, 1.2156853787e-23, 1.19178305105e-23, 1.08830248631e-23, 9.75668058515e-24, 8.27957561659e-24, 1.12279779597e-23, 1.2406559818e-23, 1.53635820442e-23, 1.13061138435e-23, 1.37960254954e-23, 1.16915055279e-23, 1.07132959173e-23],
        "stdev": [0.00723486766219, 0.00537054752931, 0.0014895274071, 0.000724710756913, 0.000748911115807, 0.0010076216422, 0.000938549055718, 0.000603142369073, 0.00108969782013, 0.000704420730472, 0.000486484583234, 0.000243862974457, 0.000338951183949, 0.000344715284882, 0.000198971159989, 0.000176732210093, 0.000204597294214, 9.87855528365e-05, 8.45669710543e-05, 7.3526520282e-05, 6.95538983564e-05, 4.76962086395e-05, 5.9807440266e-05, 2.82673972833e-05, 1.95515367523e-05, 2.27573545999e-05, 1.64797511388e-05, 1.27952434923e-05, 1.2237062947e-05, 8.41931796458e-06, 7.89458135841e-06, 7.80390382715e-06, 6.52889957564e-06, 7.94134030002e-06, 7.84685471444e-06, 9.8869231806e-06, 1.31795695779e-05, 1.40767469929e-05, 1.36330691021e-05, 1.18109946925e-05],
        "var": [5.2343311836e-05, 2.88427800115e-05, 2.21869186134e-06, 5.25205678059e-07, 5.60867817967e-07, 1.01530133634e-06, 8.80874324594e-07, 3.63780742418e-07, 1.18744128486e-06, 4.96208599543e-07, 2.36667261788e-07, 5.94691478284e-08, 1.1488791074e-07, 1.18828623386e-07, 3.95895227712e-08, 3.12342756104e-08, 4.18600514251e-08, 9.75858593932e-09, 7.1515726674e-09, 5.406149306e-09, 4.83774442728e-09, 2.27492846783e-09, 3.57693008546e-09, 7.99045773991e-10, 3.82262582699e-10, 5.17897225105e-10, 2.71582173417e-10, 1.6371826117e-10, 1.49745701949e-10, 7.08849159925e-11, 6.23244095221e-11, 6.09009093155e-11, 4.26265273079e-11, 6.30648797073e-11, 6.15731354792e-11, 9.77512584766e-11, 1.73701053541e-10, 1.98154812003e-10, 1.85860576929e-10, 1.39499592433e-10]
    },
    "melbands128": {
