{
"lowlevel": {
    "average_loudness": 0.984483420849,
    "barkbands_crest": {
        "dmean": 2.50475645065,
        "dmean2": 3.34527659416,
        "dvar": 7.54036474228,
        "dvar2": 12.0071086884,
        "max": 25.250825882,
        "mean": 10.6525583267,
        "median": 8.63345146179,
        "min": 2.17166590691,
        "stdev": 5.87705135345,
        "var": 34.539730072
    },
    "barkbands_flatness_db": {
        "dmean": 0.025214554742,
        "dmean2": 0.0329136662185,
        "dvar": 0.000569016789086,
        "dvar2": 0.00105567590799,
        "max": 0.28382191062,
        "mean": 0.121568508446,
        "median": 0.113322325051,
        "min": 0.0219027828425,
        "stdev": 0.0548880212009,
        "var": 0.00301269488409
    },
    "barkbands_kurtosis": {
        "dmean": 3.21755647659,
        "dmean2": 4.29204797745,
        "dvar": 35.9294471741,
        "dvar2": 60.7219200134,
        "max": 89.478805542,
        "mean": 4.63663101196,
        "median": 0.527174949646,
        "min": -1.91516709328,
        "stdev": 10.8830890656,
        "var": 118.441619873
    },
    "barkbands_skewness": {
        "dmean": 0.648109376431,
        "dmean2": 0.81807410717,
        "dvar": 0.515279173851,
        "dvar2": 0.797118365765,
        "max": 8.88721466064,
        "mean": 1.54776740074,
        "median": 1.21087229252,
        "min": -3.41431808472,
        "stdev": 1.67860400677,
        "var": 2.8177113533
    },
    "barkbands_spread": {
        "dmean": 9.13013935089,
        "dmean2": 13.1274251938,
        "dvar": 118.341789246,
        "dvar2": 234.424118042,
        "max": 115.617744446,
        "mean": 36.1892204285,
        "median": 33.7603874207,
        "min": 2.35372853279,
        "stdev": 20.0160293579,
        "var": 400.641448975
    },
    "dissonance": {
        "dmean": 0.0128293847665,
        "dmean2": 0.0214246287942,
        "dvar": 0.000456579233287,
        "dvar2": 0.0011209724471,
        "max": 0.49967995286,
        "mean": 0.47442522645,
        "median": 0.478101372719,
        "min": 0,
        "stdev": 0.0211108438671,
        "var": 0.000445667712484
    },
    "dynamic_complexity": 1.74987816811,
    "erbbands_crest": {
        "dmean": 2.3573679924,
        "dmean2": 3.72917103767,
        "dvar": 5.13616418839,
        "dvar2": 11.7712850571,
        "max": 27.5331630707,
        "mean": 8.27052402496,
        "median": 7.68727254868,
        "min": 2.37719488144,
        "stdev": 3.80377173424,
        "var": 14.4686794281
    },
    "erbbands_flatness_db": {
        "dmean": 0.0189479254186,
        "dmean2": 0.0255149882287,
        "dvar": 0.000302218017168,
        "dvar2": 0.000524349277839,
        "max": 0.30725300312,
        "mean": 0.128225415945,
        "median": 0.127495720983,
        "min": 0.0440328940749,
        "stdev": 0.036703992635,
        "var": 0.00134718301706
    },
    "erbbands_kurtosis": {
        "dmean": 0.88755261898,
        "dmean2": 1.32885801792,
        "dvar": 2.36227989197,
        "dvar2": 4.75566101074,
        "max": 29.6089630127,
        "mean": 0.274980008602,
        "median": -0.320591211319,
        "min": -1.67381930351,
        "stdev": 2.0743637085,
        "var": 4.30298471451
    },
    "erbbands_skewness": {
        "dmean": 0.356936395168,
        "dmean2": 0.531374394894,
        "dvar": 0.15104791522,
        "dvar2": 0.29749366641,
        "max": 2.53894853592,
        "mean": -0.304854601622,
        "median": -0.197901546955,
        "min": -4.60641765594,
        "stdev": 0.793887794018,
        "var": 0.630257844925
    },
    "erbbands_spread": {
        "dmean": 11.1011047363,
        "dmean2": 16.5128059387,
        "dvar": 149.645187378,
        "dvar2": 325.781433105,
        "max": 137.090118408,
        "mean": 48.6645774841,
        "median": 46.2003173828,
        "min": 9.96109199524,
        "stdev": 20.4125804901,
        "var": 416.673431396
    },
    "hfc": {
        "dmean": 13.7242841721,
        "dmean2": 19.7235145569,
        "dvar": 422.536895752,
        "dvar2": 840.240905762,
        "max": 243.514938354,
        "mean": 39.6601066589,
        "median": 33.0190467834,
        "min": 1.19989522638e-16,
        "stdev": 34.0200538635,
        "var": 1157.36401367
    },
    "loudness_ebu128": {
        "integrated": -6.67937278748,
        "loudness_range": 1.65178918839,
        "momentary": {
            "dmean": 0.467373758554,
            "dmean2": 0.642403304577,
            "dvar": 0.162554949522,
            "dvar2": 0.20843167603,
            "max": -4.69633722305,
            "mean": -6.8432302475,
            "median": -6.66025352478,
            "min": -15.5252990723,
            "stdev": 1.33682274818,
            "var": 1.78709495068
        },
        "short_term": {
            "dmean": 0.063424423337,
            "dmean2": 0.0786579623818,
            "dvar": 0.0022779526189,
            "dvar2": 0.00353959482163,
            "max": -5.92766904831,
            "mean": -6.73904085159,
            "median": -6.45952796936,
            "min": -8.70114135742,
            "stdev": 0.693185985088,
            "var": 0.480506807566
        }
    },
    "melbands_crest": {
        "dmean": 3.79390454292,
        "dmean2": 4.8629117012,
        "dvar": 15.5874738693,
        "dvar2": 24.1779918671,
        "max": 38.2463302612,
        "mean": 17.8395690918,
        "median": 14.0363502502,
        "min": 1.96047234535,
        "stdev": 9.81860733032,
        "var": 96.4050445557
    },
    "melbands_flatness_db": {
        "dmean": 0.0308260489255,
        "dmean2": 0.0391433425248,
        "dvar": 0.0010154027259,
        "dvar2": 0.00175084965304,
        "max": 0.378049492836,
        "mean": 0.175877675414,
        "median": 0.163558870554,
        "min": 0.00699081970379,
        "stdev": 0.0753591582179,
        "var": 0.00567900249735
    },
    "melbands_kurtosis": {
        "dmean": 12.7798805237,
        "dmean2": 17.0483989716,
        "dvar": 644.824401855,
        "dvar2": 1124.12841797,
        "max": 398.430175781,
        "mean": 24.2338027954,
        "median": 8.8808555603,
        "min": -1.9137339592,
        "stdev": 43.0505752563,
        "var": 1853.35192871
    },
    "melbands_skewness": {
        "dmean": 1.03109765053,
        "dmean2": 1.32538461685,
        "dvar": 1.53673946857,
        "dvar2": 2.36167907715,
        "max": 17.9404697418,
        "mean": 3.53560376167,
        "median": 2.76889967918,
        "min": -1.01262712479,
        "stdev": 2.75225543976,
        "var": 7.57491064072
    },
    "melbands_spread": {
        "dmean": 13.1338644028,
        "dmean2": 18.5819549561,
        "dvar": 426.475769043,
        "dvar2": 752.788513184,
        "max": 287.256774902,
        "mean": 38.6109428406,
        "median": 29.6722240448,
        "min": 1.39864838123,
        "stdev": 35.4151153564,
        "var": 1254.23034668
    },
    "pitch_salience": {
        "dmean": 0.0790984854102,
        "dmean2": 0.109402157366,
        "dvar": 0.00737830298021,
        "dvar2": 0.0131110716611,
        "max": 0.967254459858,
        "mean": 0.487326174974,
        "median": 0.518742382526,
        "min": 0.0696720406413,
        "stdev": 0.176500976086,
        "var": 0.0311525966972
    },
    "silence_rate_20dB": {
        "dmean": 0,
        "dmean2": 0,
        "dvar": 0,
        "dvar2": 0,
        "max": 1,
        "mean": 1,
        "median": 1,
        "min": 1,
        "stdev": 0,
        "var": 0
    },
    "silence_rate_30dB": {
        "dmean": 0.0325077399611,
        "dmean2": 0.0650658383965,
        "dvar": 0.031450919807,
        "dvar2": 0.0732260867953,
        "max": 1,
        "mean": 0.970610976219,
        "median": 1,
        "min": 0,
        "stdev": 0.168894246221,
        "var": 0.0285252649337
    },
    "silence_rate_60dB": {
        "dmean": 0.00541795650497,
        "dmean2": 0.0108443070203,
        "dvar": 0.00538872508332,
        "dvar2": 0.0122756911442,
        "max": 1,
        "mean": 0.0224284604192,
        "median": 0,
        "min": 0,
        "stdev": 0.148073494434,
        "var": 0.0219257585704
    },
    "spectral_centroid": {
        "dmean": 374.268463135,
        "dmean2": 555.569030762,
        "dvar": 245182.09375,
        "dvar2": 423883.34375,
        "max": 11029.2568359,
        "mean": 2240.64575195,
        "median": 2259.45361328,
        "min": 341.683868408,
        "stdev": 813.563415527,
        "var": 661885.4375
    },
    "spectral_complexity": {
        "dmean": 4.50309610367,
        "dmean2": 6.75445413589,
        "dvar": 23.1679515839,
        "dvar2": 49.0140647888,
        "max": 51,
        "mean": 18.5003871918,
        "median": 17,
        "min": 0,
        "stdev": 7.79142141342,
        "var": 60.7062492371
    },
    "spectral_decrease": {
        "dmean": 2.49862730506e-09,
        "dmean2": 2.97200153376e-09,
        "dvar": 1.07427211739e-17,
        "dvar2": 1.5501033807e-17,
        "max": 4.41173421234e-31,
        "mean": -9.86321868623e-09,
        "median": -6.88805590343e-09,
        "min": -3.22422870624e-08,
        "stdev": 7.67119345824e-09,
        "var": 5.88472037289e-17
    },
    "spectral_energy": {
        "dmean": 0.00992862135172,
        "dmean2": 0.0119471875951,
        "dvar": 0.000151204454596,
        "dvar2": 0.000222709713853,
        "max": 0.122924670577,
        "mean": 0.0408233255148,
        "median": 0.0305007621646,
        "min": 1.08817305948e-20,
        "stdev": 0.0290078856051,
        "var": 0.000841457454953
    },
    "spectral_energyband_high": {
        "dmean": 0.00136412237771,
        "dmean2": 0.0019823575858,
        "dvar": 5.09290521222e-06,
        "dvar2": 9.90689386526e-06,
        "max": 0.0278164669871,
        "mean": 0.00291702104732,
        "median": 0.00178073369898,
        "min": 8.09722658764e-21,
        "stdev": 0.00371147296391,
        "var": 1.37750312206e-05
    },
    "spectral_energyband_low": {
        "dmean": 0.00883225910366,
        "dmean2": 0.010853166692,
        "dvar": 0.000210199694266,
        "dvar2": 0.000334485142957,
        "max": 0.119669742882,
        "mean": 0.0247749369591,
        "median": 0.00920899771154,
        "min": 2.56771226978e-23,
        "stdev": 0.0301444474608,
        "var": 0.000908687710762
    },
    "spectral_energyband_middle_high": {
        "dmean": 0.00197874475271,
        "dmean2": 0.00275203143246,
        "dvar": 5.87478643865e-06,
        "dvar2": 1.1115939742e-05,
        "max": 0.0256007704884,
        "mean": 0.0063851303421,
        "median": 0.00473414873704,
        "min": 1.48962192552e-21,
        "stdev": 0.00540617201477,
        "var": 2.9226694096e-05
    },
    "spectral_energyband_middle_low": {
        "dmean": 0.00355980778113,
        "dmean2": 0.00583510706201,
        "dvar": 4.05115060857e-05,
        "dvar2": 0.000110314460471,
        "max": 0.0505905039608,
        "mean": 0.0078132962808,
        "median": 0.00602435180917,
        "min": 3.86879955653e-22,
        "stdev": 0.00670337770134,
        "var": 4.49352737633e-05
    },
    "spectral_entropy": {
        "dmean": 0.195671230555,
        "dmean2": 0.266461849213,
        "dvar": 0.0355593748391,
        "dvar2": 0.0622831843793,
        "max": 9.79737091064,
        "mean": 7.83678197861,
        "median": 7.77965354919,
        "min": 6.63661813736,
        "stdev": 0.416223883629,
        "var": 0.17324231565
    },
    "spectral_flux": {
        "dmean": 0.0348905287683,
        "dmean2": 0.0492667704821,
        "dvar": 0.00164845923427,
        "dvar2": 0.00249269441701,
        "max": 0.358057022095,
        "mean": 0.101197123528,
        "median": 0.0872205942869,
        "min": 1.04315535376e-10,
        "stdev": 0.0611099265516,
        "var": 0.00373442308046
    },
    "spectral_kurtosis": {
        "dmean": 0.794508814812,
        "dmean2": 1.22695147991,
        "dvar": 0.691592991352,
        "dvar2": 1.71234750748,
        "max": 11.0310535431,
        "mean": 2.21738934517,
        "median": 2.20668411255,
        "min": -1.27402853966,
        "stdev": 1.36332201958,
        "var": 1.85864686966
    },
    "spectral_rms": {
        "dmean": 0.00077998515917,
        "dmean2": 0.000939752790146,
        "dvar": 7.47012734337e-07,
        "dvar2": 1.06717106974e-06,
        "max": 0.010951096192,
        "mean": 0.00592267373577,
        "median": 0.00545498309657,
        "min": 3.25826995592e-12,
        "stdev": 0.00217935023829,
        "var": 4.74956777907e-06
    },
    "spectral_rolloff": {
        "dmean": 1025.21154785,
        "dmean2": 1602.58203125,
        "dvar": 2793390,
        "dvar2": 5020475.5,
        "max": 18389.3554688,
        "mean": 2512.82373047,
        "median": 1959.52148438,
        "min": 43.06640625,
        "stdev": 2648.69506836,
        "var": 7015585
    },
    "spectral_skewness": {
        "dmean": 0.154479116201,
        "dmean2": 0.233505904675,
        "dvar": 0.0295042749494,
        "dvar2": 0.0597880370915,
        "max": 2.86616301537,
        "mean": 1.15292525291,
        "median": 1.19223511219,
        "min": -0.217569231987,
        "stdev": 0.308370053768,
        "var": 0.0950920879841
    },
    "spectral_spread": {
        "dmean": 869646,
        "dmean2": 1174209.875,
        "dvar": 1.61546108928e+12,
        "dvar2": 2.07710846976e+12,
        "max": 40556800,
        "mean": 6027058.5,
        "median": 5511958,
        "min": 2326766.5,
        "stdev": 2127347.25,
        "var": 4.52560630579e+12
    },
    "spectral_strongpeak": {
        "dmean": 0.694088101387,
        "dmean2": 1.22637712955,
        "dvar": 1.94981515408,
        "dvar2": 4.84588861465,
        "max": 13.0201358795,
        "mean": 0.961933493614,
        "median": 0.487714111805,
        "min": 0,
        "stdev": 1.42382788658,
        "var": 2.02728581429
    },
    "zerocrossingrate": {
        "dmean": 0.0213407631963,
        "dmean2": 0.021930674091,
        "dvar": 0.000789985177107,
        "dvar2": 0.000778509769589,
        "max": 0.505859375,
        "mean": 0.0898762270808,
        "median": 0.07861328125,
        "min": 0.00634765625,
        "stdev": 0.0635734051466,
        "var": 0.00404157768935
    },
    "barkbands": {
        "dmean": [0.00120322138537, 0.00773679139093, 0.00287624658085, 0.00118438107893, 0.00099772925023, 0.00106630148366, 0.000822012429126, 0.000258118583588, 0.000337382429279, 0.000578598526772, 0.000202150520636, 0.000237157262745, 0.000336096418323, 0.00020452872559, 0.000573393015657, 0.000362848921213, 0.000283768167719, 0.00035497584031, 0.000377546821255, 0.00042884144932, 0.000215365173062, 0.000161612362717, 0.000271766446531, 0.000371026078938, 0.000316945690429, 0.000138651113957, 1.63649583556e-05],
        "dmean2": [0.00149284838699, 0.0090767275542, 0.0052547622472, 0.00209493096918, 0.00166059518233, 0.0017148432089, 0.00139314413536, 0.000421765784267, 0.000501674658153, 0.000830760051031, 0.000301906635286, 0.000365052605048, 0.00048614651314, 0.000322729407344, 0.000883620174136, 0.000552468001842, 0.000435179186752, 0.000535085855518, 0.000591671618167, 0.000646298169158, 0.000334831536748, 0.00024194305297, 0.000418119656388, 0.000554443104193, 0.00047601928236, 0.000201509843464, 2.58405962086e-05],
        "dvar": [3.067740181e-06, 0.00017300946638, 7.20195748727e-05, 1.06956676973e-05, 3.77231299353e-06, 3.64271659237e-06, 2.42209216594e-06, 3.52470181042e-07, 8.32141665796e-07, 1.00010709048e-06, 2.77818600125e-07, 2.67160544354e-07, 6.81239043843e-07, 1.45116970884e-07, 1.08095400719e-06, 5.89337901147e-07, 3.46544481999e-07, 4.19626729808e-07, 3.69880723383e-07, 4.02879777539e-07, 9.88922934653e-08, 1.17385781095e-07, 3.75485484483e-07, 4.45031673735e-07, 5.42382338153e-07, 7.60513927389e-08, 1.5177527013e-09],
        "dvar2": [3.86117289963e-06, 0.000232225196669, 0.000208183439099, 3.13281925628e-05, 9.84735834209e-06, 8.8737679107e-06, 6.53817096463e-06, 8.71357769938e-07, 1.49262348259e-06, 1.66403901858e-06, 5.40338533028e-07, 5.87136298691e-07, 1.25685869534e-06, 3.36259233791e-07, 2.41892234953e-06, 1.20793913538e-06, 8.54147401697e-07, 9.93950266093e-07, 9.19952753975e-07, 9.03317527445e-07, 2.3902424573e-07, 2.72361234011e-07, 8.16904787371e-07, 8.40073255404e-07, 1.05081903712e-06, 1.60997544185e-07, 3.58147045354e-09],
        "max": [0.0164684597403, 0.111910395324, 0.0556851401925, 0.0312134325504, 0.0215685218573, 0.0262825731188, 0.0178771130741, 0.0102773169056, 0.0140027357265, 0.0133247226477, 0.0177344568074, 0.00951201189309, 0.0144838355482, 0.00501893786713, 0.0143133103848, 0.0128451678902, 0.00764243118465, 0.00847083888948, 0.00929727312177, 0.00860915798694, 0.00332702812739, 0.00486108148471, 0.0103448564187, 0.0116058010608, 0.0113290846348, 0.00360624166206, 0.000325177883497],
        "mean": [0.00300991721451, 0.0186375677586, 0.00244484841824, 0.00136843754444, 0.00180328858551, 0.00180141394958, 0.00120722514112, 0.000335661839927, 0.000576634251047, 0.00120143906679, 0.0002990787616, 0.000397011637688, 0.000567298964597, 0.000287147413474, 0.000939876073971, 0.000569101248402, 0.000510532583576, 0.000675348215736, 0.000779551686719, 0.000944525876548, 0.000378585042199, 0.000245106668444, 0.000454590277513, 0.000700209115166, 0.000496708438732, 0.000177984315087, 1.42523122122e-05],
        "median": [0.000951236404944, 0.00497622834519, 0.000789303448983, 0.000653250317555, 0.000755091838073, 0.000697527022567, 0.000605449837167, 0.0001315404661, 0.000140596283018, 0.000354132585926, 7.53430067562e-05, 0.000133178124088, 0.000144414996612, 0.000108107196866, 0.000345253385603, 0.000158032751642, 0.000206536074984, 0.000278109044302, 0.000461285031633, 0.000623334781267, 0.000208595694858, 9.62776466622e-05, 0.000188062927919, 0.000372291455278, 0.000132941480842, 4.38869064965e-05, 8.3195783418e-07],
        "min": [9.77011330864e-24, 6.23742693655e-24, 9.14960873123e-24, 1.32218720182e-23, 3.97403606253e-23, 1.04200725323e-22, 4.37760688868e-23, 1.89583643913e-23, 1.14568389723e-22, 9.72428900975e-23, 8.22449466606e-23, 9.59530015432e-23, 1.50255472577e-22, 1.25749691572e-22, 1.37267628768e-22, 1.18385277436e-22, 2.0695791092e-22, 2.15524801511e-22, 1.43437871577e-22, 3.0212398269e-22, 3.7007343184e-22, 5.20187351216e-22, 9.02415779075e-22, 7.67364963046e-22, 1.1867585088e-21, 1.86789943504e-21, 2.59914547384e-21],
        "stdev": [0.00402038730681, 0.0264410041273, 0.00641690334305, 0.00256891502067, 0.00248811114579, 0.00257942616008, 0.00162694696337, 0.000651710550301, 0.00157241267152, 0.00197532633319, 0.000894581258763, 0.000781544717029, 0.0013541985536, 0.000517429201864, 0.00155276653823, 0.00114397413563, 0.000826456700452, 0.000979387201369, 0.000878661579918, 0.001014499343, 0.000450419436675, 0.000448098464403, 0.000901235616766, 0.00111417332664, 0.00116643472575, 0.000361860671546, 3.74621267838e-05],
        "var": [1.61635143741e-05, 0.000699126743712, 4.1176648665e-05, 6.59932493363e-06, 6.19069714958e-06, 6.65343986839e-06, 2.64695631813e-06, 4.24726664505e-07, 2.47248158303e-06, 3.9019137148e-06, 8.00275586244e-07, 6.10812151081e-07, 1.8338537302e-06, 2.67732957582e-07, 2.41108386945e-06, 1.30867681492e-06, 6.83030691562e-07, 9.59199269346e-07, 7.72046178099e-07, 1.02920898826e-06, 2.02877671995e-07, 2.00792229066e-07, 8.12225664504e-07, 1.24138227875e-06, 1.3605699678e-06, 1.30943149657e-07, 1.40341094301e-09]
    },
    "erbbands": {
        "dmean": [0.411401480436, 1.44068300724, 3.17389416695, 3.83981800079, 3.75253629684, 3.0610101223, 3.80154776573, 10.5997028351, 13.2126741409, 8.31854534149, 5.08646440506, 7.88969087601, 17.3257446289, 11.8887653351, 6.37697267532, 11.7049560547, 16.4762420654, 10.1344480515, 22.7384605408, 22.7049789429, 20.356798172, 11.6109418869, 14.7748498917, 21.020198822, 19.7376708984, 21.4186573029, 12.463470459, 5.55613803864, 5.98336219788, 6.60313558578, 7.66908740997, 7.81238222122, 6.51174497604, 3.95228099823, 2.15547204018, 0.772636473179, 0.243153616786, 0.0462983101606, 0.001621706062, 4.64461190859e-05],
        "dmean2": [0.438174426556, 1.96500170231, 5.71509695053, 6.79691791534, 6.25357103348, 5.10638237, 6.29133367538, 17.2511081696, 22.0670089722, 14.4641618729, 7.99528598785, 11.2611684799, 24.7279262543, 17.6083259583, 9.38809967041, 17.6693115234, 23.1096439362, 15.5318155289, 34.854095459, 35.3116722107, 30.5957355499, 17.3290195465, 22.3652992249, 31.6986312866, 31.0572376251, 31.4970417023, 18.8012161255, 8.56515026093, 8.99645519257, 9.82648468018, 11.8432350159, 11.6230154037, 9.87015628815, 6.10258769989, 3.10353207588, 1.08587265015, 0.358228981495, 0.0712882056832, 0.00246240617707, 6.55990006635e-05],
        "dvar": [0.44996535778, 8.12385082245, 85.8910064697, 110.603874207, 73.8589172363, 39.3157272339, 42.276424408, 430.348358154, 600.220275879, 366.426940918, 97.6297302246, 459.194335938, 1227.22338867, 530.319458008, 298.868530273, 553.881652832, 1731.41369629, 313.401184082, 2422.16699219, 1788.01147461, 1795.32202148, 505.036437988, 897.021179199, 1093.2755127, 1100.41772461, 1134.87084961, 312.027893066, 97.0122909546, 166.023544312, 205.024047852, 271.601379395, 230.100311279, 154.013793945, 80.3723449707, 28.3126907349, 2.92268419266, 0.241305872798, 0.0104355625808, 1.33035928229e-05, 6.50775211497e-09],
        "dvar2": [0.486646920443, 17.4275188446, 244.413970947, 321.281524658, 203.739471436, 101.061286926, 104.1431427, 1030.27575684, 1553.10693359, 991.657531738, 209.206665039, 683.342041016, 1947.85180664, 1066.25476074, 373.805755615, 1220.15710449, 3176.47241211, 702.774230957, 5132.42041016, 4303.48779297, 3744.29125977, 1209.40917969, 2065.83105469, 2436.59814453, 2669.49169922, 2536.23510742, 743.890319824, 231.176925659, 408.363708496, 413.156036377, 609.017028809, 456.94317627, 328.58102417, 171.29989624, 54.1828994751, 5.87228345871, 0.55705165863, 0.0249211098999, 3.05752073473e-05, 1.44023886151e-08],
        "max": [5.67605447769, 22.3585891724, 58.8068122864, 97.0465774536, 75.1098709106, 103.38974762, 94.5568084717, 326.320678711, 229.790374756, 266.248016357, 204.362350464, 444.38772583, 462.89251709, 373.596405029, 614.009521484, 376.848815918, 793.945739746, 283.418762207, 768.078430176, 599.443359375, 843.991638184, 349.034881592, 443.699859619, 402.664520264, 478.723968506, 533.868408203, 249.735488892, 171.972793579, 187.007888794, 234.796768188, 238.066329956, 256.975616455, 178.02406311, 116.229057312, 88.9753875732, 26.1108474731, 5.9515914917, 0.82518529892, 0.0299378223717, 0.00069503945997],
        "mean": [0.942796587944, 2.54215335846, 2.89269757271, 4.3791975975, 6.20557308197, 4.76604652405, 6.48613166809, 16.4278717041, 22.1094036102, 9.98162174225, 7.89897060394, 14.8204469681, 38.2290878296, 22.9824867249, 10.8961744308, 21.7092494965, 28.8351097107, 16.8018894196, 36.4228630066, 38.9971656799, 39.1453132629, 24.3155174255, 31.1472415924, 42.2874450684, 43.4517250061, 47.0823974609, 25.7373771667, 9.94637584686, 8.96872997284, 10.1565217972, 13.206495285, 14.7603816986, 11.3082609177, 6.41875219345, 3.05578565598, 1.06865739822, 0.288263469934, 0.0466559864581, 0.00160796905402, 9.63511774899e-05],
        "median": [0.192357584834, 0.800525426865, 1.06149935722, 2.05803871155, 2.02647542953, 2.27721834183, 3.05257749557, 5.76659107208, 10.7380828857, 4.36349344254, 3.73822617531, 4.00426769257, 9.33882236481, 7.63738298416, 4.21804189682, 8.95428657532, 8.95160102844, 8.3640871048, 13.7140522003, 16.6771469116, 14.2700128555, 10.7752342224, 13.4844026566, 23.947637558, 23.7542991638, 30.5167541504, 17.0626621246, 5.66655111313, 3.61458230019, 3.63811016083, 5.60340213776, 7.42193078995, 5.47309970856, 2.25165653229, 0.482018470764, 0.214665129781, 0.0760975927114, 0.00790083501488, 0.000221287016757, 6.03128974035e-05],
        "min": [1.31846488275e-22, 1.9011617488e-21, 1.16355603203e-20, 2.90101546604e-20, 4.52167037366e-20, 9.29352410852e-20, 7.1062719363e-19, 7.12101798169e-19, 7.78095818402e-19, 5.62602395833e-19, 7.43054689895e-19, 2.53447229788e-18, 3.55473754491e-18, 2.60039673154e-18, 3.2238605436e-18, 4.43750676258e-18, 6.32281888266e-18, 7.55863333526e-18, 4.58040965803e-18, 7.41418030335e-18, 8.31941781441e-18, 1.03507384795e-17, 1.37339998291e-17, 8.78629592293e-18, 8.3065841072e-18, 1.34964410018e-17, 1.06709161064e-17, 1.92978424495e-17, 1.48866702224e-17, 2.76408919868e-17, 2.52748195996e-17, 1.89691837398e-17, 1.12822447653e-17, 1.20307009446e-17, 9.83687568505e-18, 6.91159570292e-18, 3.54372653019e-18, 1.52118111398e-18, 3.56980598394e-19, 3.34597045782e-20],
        "stdev": [1.44159293175, 3.88708519936, 7.19965744019, 8.22479534149, 9.81143569946, 7.04553985596, 10.0322885513, 26.9177951813, 28.1997947693, 18.4920654297, 13.017821312, 40.4379348755, 72.2223587036, 42.2663230896, 31.1781806946, 37.8516159058, 67.6918716431, 25.8181018829, 72.6421356201, 64.2817077637, 71.8653182983, 35.4323501587, 47.955745697, 49.0811767578, 52.7202987671, 52.9261894226, 26.2555351257, 13.0940523148, 16.0755977631, 20.4442615509, 25.0607852936, 24.840713501, 18.7910499573, 13.3207235336, 8.40845394135, 2.58099317551, 0.552951395512, 0.100814811885, 0.00365975801833, 9.80209151749e-05],
        "var": [2.07819032669, 15.1094322205, 51.835067749, 67.6472549438, 96.2642745972, 49.639629364, 100.64680481, 724.567687988, 795.22845459, 341.956481934, 169.463668823, 1635.22644043, 5216.06933594, 1786.44213867, 972.078979492, 1432.74475098, 4582.18945312, 666.574401855, 5276.87939453, 4132.13769531, 5164.62451172, 1255.45141602, 2299.75341797, 2408.96191406, 2779.42993164, 2801.18164062, 689.353088379, 171.454208374, 258.424865723, 417.96786499, 628.04296875, 617.061035156, 353.10357666, 177.441680908, 70.7020950317, 6.66152572632, 0.305755227804, 0.0101636266336, 1.33938292493e-05, 9.60810009332e-09]
    },
    "gfcc": {
        "mean": [39.5353431702, 51.9157180786, -106.908485413, 49.5090255737, -55.0620269775, 23.3142585754, -38.3819961548, 21.8434123993, -23.9615402222, 10.7149076462, -6.24685192108, 0.446592956781, -5.86157131195],
        "cov": [[3929.32226562, -699.680175781, 241.934036255, -1.22337770462, 68.5042953491, 114.91771698, -192.071456909, 176.31350708, -168.971832275, 64.4541854858, -122.196594238, 35.7084274292, -144.223846436], [-699.680175781, 1087.88549805, -254.891113281, 150.33555603, 84.7281494141, -106.772422791, 143.212554932, -100.357025146, 13.3919630051, -107.060096741, 95.5699005127, -124.643516541, 75.4582672119], [241.934036255, -254.891113281, 856.370239258, 142.001052856, 48.2191696167, 165.467483521, -29.94896698, 9.18552303314, 16.2842273712, 53.0712013245, -116.047492981, 73.4408798218, -77.212097168], [-1.22337770462, 150.33555603, 142.001052856, 291.419006348, 102.452529907, 38.1192398071, 24.3130149841, 40.8008460999, 50.4072647095, 7.35538482666, 46.9267082214, -3.1343588829, 33.8783035278], [68.5042953491, 84.7281494141, 48.2191696167, 102.452529907, 309.03994751, 49.3155250549, 107.293998718, 105.502891541, 44.4971122742, 37.7146873474, 60.9868545532, 14.7526330948, 22.3048801422], [114.91771698, -106.772422791, 165.467483521, 38.1192398071, 49.3155250549, 234.551010132, 94.7933349609, 17.8156661987, 17.8772335052, 18.6407184601, 4.36120271683, 10.2335453033, -5.99342250824], [-192.071456909, 143.212554932, -29.94896698, 24.3130149841, 107.293998718, 94.7933349609, 256.988647461, 55.4008369446, 49.1984558105, 29.8014793396, 87.1104888916, 8.34156608582, 34.2977790833], [176.31350708, -100.357025146, 9.18552303314, 40.8008460999, 105.502891541, 17.8156661987, 55.4008369446, 194.195663452, 73.0173187256, 43.7228393555, 70.8927154541, 44.5948486328, 42.2360725403], [-168.971832275, 13.3919630051, 16.2842273712, 50.4072647095, 44.4971122742, 17.8772335052, 49.1984558105, 73.0173187256, 132.482910156, 51.8390464783, 50.5057640076, 39.4199829102, 39.5832214355], [64.4541854858, -107.060096741, 53.0712013245, 7.35538482666, 37.7146873474, 18.6407184601, 29.8014793396, 43.7228393555, 51.8390464783, 137.447021484, 75.453918457, 41.4886512756, 5.6738910675], [-122.196594238, 95.5699005127, -116.047492981, 46.9267082214, 60.9868545532, 4.36120271683, 87.1104888916, 70.8927154541, 50.5057640076, 75.453918457, 205.660263062, 23.7593917847, 50.0447235107], [35.7084274292, -124.643516541, 73.4408798218, -3.1343588829, 14.7526330948, 10.2335453033, 8.34156608582, 44.5948486328, 39.4199829102, 41.4886512756, 23.7593917847, 91.1927719116, 20.0061645508], [-144.223846436, 75.4582672119, -77.212097168, 33.8783035278, 22.3048801422, -5.99342250824, 34.2977790833, 42.2360725403, 39.5832214355, 5.6738910675, 50.0447235107, 20.0061645508, 86.0499420166]],
        "icov": [[0.000385841238312, 1.26622044263e-05, 0.000142425356898, -0.000211478531128, 4.97555947732e-06, -0.000326300883899, 0.000308454327751, -0.000781137146987, 0.000860210275277, -0.00044870597776, 0.000337360281264, -0.000248691940214, 0.000578594801482], [1.26622044263e-05, 0.00232609733939, -0.000205824879231, -0.000678763724864, -0.000719991629012, 0.00169022672344, -0.00147206406109, 0.00223274575546, -0.00116539385635, 0.00196909555234, -0.0013627106091, 0.00258804601617, -0.00154376612045], [0.000142425356898, -0.000205824879231, 0.00245827436447, -0.00160685752053, 0.00013003127242, -0.00158348993864, 0.000427692284575, -0.000686792307533, 0.000759630696848, -0.00150972313713, 0.00206159753725, -0.00263340165839, 0.00244364701211], [-0.000211478531128, -0.000678763724864, -0.00160685752053, 0.00584375206381, -0.00135379680432, -0.000307515379973, 0.00121651380323, 0.000335488322889, -0.00200814637356, 0.00122313434258, -0.00188540294766, 0.00194300641306, -0.0023339476902], [4.97555947732e-06, -0.000719991629012, 0.00013003127242, -0.00135379680432, 0.00520353578031, -0.000497573171742, -0.00123990874272, -0.00302241765894, 0.00110801507253, -0.00136769772507, 0.000775570457336, -0.00064579868922, 0.00116320932284], [-0.000326300883899, 0.00169022672344, -0.00158348993864, -0.000307515379973, -0.000497573171742, 0.00768642732874, -0.00385205354542, 0.00232592783868, -0.00155721139163, 0.00178500509355, -0.00117695645895, 0.00265534035861, -0.00160505017266], [0.000308454327751, -0.00147206406109, 0.000427692284575, 0.00121651380323, -0.00123990874272, -0.00385205354542, 0.00760505907238, -0.00175317935646, 1.78734553629e-05, -0.000898947298992, -0.00100293639116, -0.00108395202551, 0.000481414812384], [-0.000781137146987, 0.00223274575546, -0.000686792307533, 0.000335488322889, -0.00302241765894, 0.00232592783868, -0.00175317935646, 0.0122379828244, -0.00567376753315, 0.00324436742812, -0.00349822174758, 0.00113802461419, -0.00421213032678], [0.000860210275277, -0.00116539385635, 0.000759630696848, -0.00200814637356, 0.00110801507253, -0.00155721139163, 1.78734553629e-05, -0.00567376753315, 0.0151001652703, -0.00557987904176, 0.00262146769091, -0.00434382539243, -0.000774861022364], [-0.00044870597776, 0.00196909555234, -0.00150972313713, 0.00122313434258, -0.00136769772507, 0.00178500509355, -0.000898947298992, 0.00324436742812, -0.00557987904176, 0.014633718878, -0.00680378265679, 6.47070119157e-05, 0.000473449152196], [0.000337360281264, -0.0013627106091, 0.00206159753725, -0.00188540294766, 0.000775570457336, -0.00117695645895, -0.00100293639116, -0.00349822174758, 0.00262146769091, -0.00680378265679, 0.010958738625, -0.00273606833071, -0.000308154791128], [-0.000248691940214, 0.00258804601617, -0.00263340165839, 0.00194300641306, -0.00064579868922, 0.00265534035861, -0.00108395202551, 0.00113802461419, -0.00434382539243, 6.47070119157e-05, -0.00273606833071, 0.0201664362103, -0.00669186143205], [0.000578594801482, -0.00154376612045, 0.00244364701211, -0.0023339476902, 0.00116320932284, -0.00160505017266, 0.000481414812384, -0.00421213032678, -0.000774861022364, 0.000473449152196, -0.000308154791128, -0.00669186143205, 0.0205787345767]]
    },
    "melbands": {
        "dmean": [0.00271361228079, 0.00155539391562, 0.000634038529824, 0.000240386842052, 0.000127089006128, 0.000234661783907, 0.000193048050278, 8.12467333162e-05, 3.75175259251e-05, 5.46390583622e-05, 8.77056663739e-05, 5.00827554788e-05, 2.45823284786e-05, 2.57765295828e-05, 3.75288400392e-05, 2.7591977414e-05, 2.06773529499e-05, 3.39436846843e-05, 3.85438761441e-05, 2.69642569037e-05, 2.59904991253e-05, 1.33440435093e-05, 1.72835934791e-05, 1.51017557073e-05, 1.87532405107e-05, 1.52057336891e-05, 1.34847005029e-05, 1.50726582433e-05, 1.08090662252e-05, 4.60778392153e-06, 3.14789303957e-06, 3.62747118743e-06, 3.19206446875e-06, 4.20995229433e-06, 4.32545721196e-06, 5.31304840479e-06, 4.88798650622e-06, 4.70983013656e-06, 4.38271672465e-06, 3.22880100612e-06],
        "dmean2": [0.00294968974777, 0.00249784579501, 0.00111262581777, 0.000403391401051, 0.000211085513001, 0.00038063339889, 0.000323575630318, 0.00014045003627, 5.83589098824e-05, 7.82767165219e-05, 0.000125417107483, 7.47788144508e-05, 3.61741040251e-05, 3.86930769309e-05, 5.48284951947e-05, 4.00307944801e-05, 3.18262100336e-05, 5.22377122252e-05, 5.94538432779e-05, 4.26117767347e-05, 3.95285460399e-05, 2.03591807804e-05, 2.58818654402e-05, 2.3927193979e-05, 2.84834823105e-05, 2.36798041442e-05, 2.0768999093e-05, 2.24628129217e-05, 1.64656230481e-05, 7.41389112591e-06, 4.88079967909e-06, 5.60554553886e-06, 4.82188124806e-06, 6.36172217128e-06, 6.79962431605e-06, 7.97225493443e-06, 7.38237395126e-06, 7.24624806026e-06, 6.7069868237e-06, 5.03299452248e-06],
        "dvar": [1.89948514162e-05, 1.45990852616e-05, 2.91209403258e-06, 2.45553479772e-07, 4.4124625731e-08, 1.93862049969e-07, 1.24228719756e-07, 3.61470569032e-08, 5.31965849149e-09, 2.20656719563e-08, 3.04600469292e-08, 9.64469570874e-09, 5.0714734634e-09, 4.26761470607e-09, 5.69380098625e-09, 3.96349308929e-09, 1.60790747383e-09, 5.09857089881e-09, 5.5531286236e-09, 3.03862734974e-09, 3.24242499516e-09, 6.23105123054e-10, 1.36605904366e-09, 1.0040092091e-09, 9.12530218056e-10, 6.47059461567e-10, 5.03647568095e-10, 5.76830083698e-10, 2.35417962902e-10, 6.08201267127e-11, 3.85380338752e-11, 7.359494264e-11, 4.03960441486e-11, 9.9711718049e-11, 8.44274025691e-11, 1.39726827331e-10, 7.91604906625e-11, 8.32398525108e-11, 7.56406395852e-11, 5.97418156612e-11],
        "dvar2": [2.18623627006e-05, 3.92421243305e-05, 8.43535235617e-06, 6.58864792058e-07, 1.10073592907e-07, 4.69785192081e-07, 3.23142330672e-07, 9.76204574954e-08, 1.06165094493e-08, 3.3928422738e-08, 4.85809614759e-08, 1.92599625137e-08, 8.9567802064e-09, 9.3498453424e-09, 1.10073505866e-08, 7.61715046593e-09, 3.5517917496e-09, 1.07934710059e-08, 1.29455575149e-08, 7.17852488563e-09, 6.97711932673e-09, 1.46227596698e-09, 3.25035909299e-09, 2.49707765576e-09, 2.06171169026e-09, 1.59245427955e-09, 1.102379521e-09, 1.3029318735e-09, 5.38921463011e-10, 1.5674810061e-10, 9.56667592367e-11, 1.88534271528e-10, 8.79505149265e-11, 2.13872808352e-10, 2.01735572691e-10, 2.97707081209e-10, 1.57910212684e-10, 1.93848895269e-10, 1.55091536835e-10, 1.29116800585e-10],
        "max": [0.0389109328389, 0.0253540929407, 0.0159474164248, 0.00529053108767, 0.00251711928286, 0.00631683459505, 0.00308227702044, 0.00254850764759, 0.00147895643022, 0.00268990872428, 0.00231709866785, 0.00156516768038, 0.00265891989693, 0.00143450731412, 0.00124390947167, 0.00117169762962, 0.000642698956653, 0.00110225297976, 0.00125398254022, 0.000848072639201, 0.0011313140858, 0.000316269113682, 0.000552912708372, 0.000452959677204, 0.000362692400813, 0.000332638679538, 0.000382546539186, 0.000348164758179, 0.000180008923053, 0.000108941931103, 0.00012164110376, 0.000149738931214, 9.74184513325e-05, 0.000178199799848, 0.000126232771436, 0.000172870626557, 0.000140689808177, 0.000121949342429, 0.000136658694828, 0.000105381135654],
        "mean": [0.00654824962839, 0.00200730003417, 0.000788427016232, 0.000405194732593, 0.000211617050809, 0.000378829747206, 0.000323154061334, 9.39840974752e-05, 5.9263795265e-05, 0.000101883466414, 0.000189180675079, 9.17807410588e-05, 3.5518209188e-05, 4.40843832621e-05, 6.72113383189e-05, 4.46382109658e-05, 3.00647698168e-05, 5.08034572704e-05, 6.09815142525e-05, 4.2665120418e-05, 4.71372550237e-05, 2.35367824644e-05, 3.18820821121e-05, 2.66328952421e-05, 3.44466243405e-05, 3.08111266349e-05, 2.89507843263e-05, 3.09324641421e-05, 2.04399784707e-05, 7.47286185288e-06, 4.92336721436e-06, 5.00518581248e-06, 4.77373896501e-06, 6.06818912274e-06, 6.96838651493e-06, 9.23997504287e-06, 8.90960927791e-06, 7.84198346082e-06, 7.27744554752e-06, 4.79070695292e-06],
        "median": [0.00161735760048, 0.000967126223259, 0.000370664027287, 0.000163735428941, 0.000100006836874, 0.000137405804708, 0.000157493283041, 3.83213082387e-05, 2.75769616565e-05, 2.42937385337e-05, 4.5812335884e-05, 2.80311305687e-05, 1.05797862489e-05, 1.66380996234e-05, 2.37987715082e-05, 1.44120167533e-05, 1.11266108433e-05, 1.65017481777e-05, 2.10020698432e-05, 1.61108528118e-05, 1.44079822348e-05, 9.80251206784e-06, 1.25247988763e-05, 1.22567571452e-05, 1.73300450115e-05, 1.56289552251e-05, 1.70484963746e-05, 1.94789936359e-05, 1.22360215755e-05, 4.19119714934e-06, 2.4717010092e-06, 1.89363947811e-06, 1.83780866791e-06, 2.03473473448e-06, 2.82422979581e-06, 4.03766034651e-06, 4.6367399591e-06, 3.8916136873e-06, 3.11549774779e-06, 1.34455262923e-06],
        "min": [1.8522148371e-24, 4.6653754583e-24, 5.27550020392e-24, 4.16900208863e-24, 2.02541646692e-23, 1.7203819409e-23, 1.14554602012e-23, 5.40975446922e-24, 7.39267586692e-24, 1.69449673247e-23, 1.73782917754e-23, 9.72522554541e-24, 1.17562307763e-23, 9.09965884757e-24, 1.31256735862e-23, 1.66326210047e-23, 1.31043135995e-23, 6.47278516535e-24, 1.14913967598e-23, 7.7470937167e-24, 9.53141740936e-24, 8.58286108021e-24, 1.36629067954e-23, 1.27323199288e-23, 6.29095351555e-24, 5.87268329196e-24, 7.73547695101e-24, 9.39549194222e-24, 6.19670672549e-24, 8.53728779685e-24, 1.20261639897e-23, 9.06092104396e-24, 9.25355772157e-24, 1.74534418207e-23, 1.61845732541e-23, 1.09704811385e-23, 1.17776483499e-23, 6.72709498853e-24, 1.04952886841e-23, 9.60722220919e-24],
        "stdev": [0.00942029897124, 0.00354988267645, 0.00136063096579, 0.000578621111345, 0.000307625596179, 0.000575174984988, 0.000402570643928, 0.000185545519344, 0.000103727848909, 0.000279489089735, 0.000358886027243, 0.000179878639756, 0.000114662907436, 9.03603649931e-05, 0.000130717613501, 9.55508367042e-05, 5.77268074267e-05, 0.000105488477857, 0.000104065118649, 7.07184590283e-05, 9.3365808425e-05, 3.71402857127e-05, 5.38315616723e-05, 3.93703739974e-05, 4.26276492362e-05, 4.0770322812e-05, 3.59003533958e-05, 3.56614800694e-05, 2.28167937166e-05, 9.68711265159e-06, 7.91652018961e-06, 9.72949965217e-06, 8.81985579326e-06, 1.34014026116e-05, 1.32910481625e-05, 1.79678954737e-05, 1.44541099871e-05, 1.28166211653e-05, 1.31362157845e-05, 1.10486807898e-05],
        "var": [8.87420246727e-05, 1.26016675495e-05, 1.85131659691e-06, 3.3480242223e-07, 9.46334992591e-08, 3.30826281925e-07, 1.62063130915e-07, 3.44271384733e-08, 1.07594670951e-08, 7.81141551442e-08, 1.28799172217e-07, 3.23563256188e-08, 1.31475825782e-08, 8.16499579059e-09, 1.70870926297e-08, 9.12996256375e-09, 3.33238436845e-09, 1.11278186665e-08, 1.08295488133e-08, 5.00110086676e-09, 8.71717364959e-09, 1.37940092682e-09, 2.89783708141e-09, 1.55002621849e-09, 1.8171164573e-09, 1.66221936215e-09, 1.28883526074e-09, 1.27174104581e-09, 5.20606058263e-10, 9.38401439887e-11, 6.26712848284e-11, 9.46631661947e-11, 7.77898578885e-11, 1.7959760068e-10, 1.76651956951e-10, 3.22845278289e-10, 2.08921296929e-10, 1.64265767655e-10, 1.72560160605e-10, 1.2207333755e-10]
    },
    "melbands128": {
