{
"lowlevel": {
    "average_loudness": 0.98246973753,
    "barkbands_crest": {
        "dmean": 3.03733253479,
        "dmean2": 5.03578996658,
        "dvar": 7.56792831421,
        "dvar2": 20.9525356293,
        "max": 24.5949840546,
        "mean": 9.8347234726,
        "median": 8.86922645569,
        "min": 3.34343338013,
        "stdev": 3.90129685402,
        "var": 15.2201166153
    },
    "barkbands_flatness_db": {
        "dmean": 0.0258401073515,
        "dmean2": 0.0399320237339,
        "dvar": 0.000572390155867,
        "dvar2": 0.00137050170451,
        "max": 0.329897493124,
        "mean": 0.129787370563,
        "median": 0.127126261592,
        "min": 0.0247881021351,
        "stdev": 0.0425892844796,
        "var": 0.00181384710595
    },
    "barkbands_kurtosis": {
        "dmean": 3.94402980804,
        "dmean2": 6.38778781891,
        "dvar": 46.0814399719,
        "dvar2": 116.457313538,
        "max": 94.3857269287,
        "mean": 5.74271678925,
        "median": 3.02015590668,
        "min": -1.76270794868,
        "stdev": 8.94186496735,
        "var": 79.9569549561
    },
    "barkbands_skewness": {
        "dmean": 0.617623090744,
        "dmean2": 0.973758220673,
        "dvar": 0.432734519243,
        "dvar2": 1.10735154152,
        "max": 7.6076965332,
        "mean": 1.85986745358,
        "median": 1.65546798706,
        "min": -1.75652778149,
        "stdev": 1.17157113552,
        "var": 1.37257897854
    },
    "barkbands_spread": {
        "dmean": 5.28017234802,
        "dmean2": 7.93924188614,
        "dvar": 36.0051460266,
        "dvar2": 71.6325378418,
        "max": 92.7658462524,
        "mean": 18.7786960602,
        "median": 16.9097728729,
        "min": 1.06089508533,
        "stdev": 11.0671300888,
        "var": 122.481376648
    },
    "dissonance": {
        "dmean": 0.0232599172741,
        "dmean2": 0.0385838188231,
        "dvar": 0.000585014931858,
        "dvar2": 0.00151613913476,
        "max": 0.500000178814,
        "mean": 0.457070887089,
        "median": 0.464095711708,
        "min": 0.175903081894,
        "stdev": 0.0312219429761,
        "var": 0.000974809750915
    },
    "dynamic_complexity": 1.72668373585,
    "erbbands_crest": {
        "dmean": 2.94325327873,
        "dmean2": 4.7117638588,
        "dvar": 7.84242868423,
        "dvar2": 18.8246650696,
        "max": 25.2135410309,
        "mean": 9.10735797882,
        "median": 8.00062656403,
        "min": 2.41408967972,
        "stdev": 4.47734069824,
        "var": 20.0465812683
    },
    "erbbands_flatness_db": {
        "dmean": 0.0189385600388,
        "dmean2": 0.0269377026707,
        "dvar": 0.000288071430987,
        "dvar2": 0.000607902300544,
        "max": 0.243029251695,
        "mean": 0.136081665754,
        "median": 0.135754480958,
        "min": 0.0590394958854,
        "stdev": 0.0347604677081,
        "var": 0.00120828999206
    },
    "erbbands_kurtosis": {
        "dmean": 0.924745738506,
        "dmean2": 1.45568180084,
        "dvar": 1.21885216236,
        "dvar2": 2.99571323395,
        "max": 13.3287258148,
        "mean": 0.692862153053,
        "median": 0.185518264771,
        "min": -1.78002810478,
        "stdev": 1.78337693214,
        "var": 3.18043327332
    },
    "erbbands_skewness": {
        "dmean": 0.379854410887,
        "dmean2": 0.58284497261,
        "dvar": 0.104575790465,
        "dvar2": 0.253090620041,
        "max": 3.42020797729,
        "mean": 0.51124548912,
        "median": 0.49645319581,
        "min": -1.68741714954,
        "stdev": 0.553764820099,
        "var": 0.306655496359
    },
    "erbbands_spread": {
        "dmean": 9.39671707153,
        "dmean2": 13.7773342133,
        "dvar": 103.161560059,
        "dvar2": 227.981628418,
        "max": 134.076431274,
        "mean": 39.5203666687,
        "median": 36.8738594055,
        "min": 7.12508535385,
        "stdev": 19.7019748688,
        "var": 388.16784668
    },
    "hfc": {
        "dmean": 7.67579269409,
        "dmean2": 10.8470773697,
        "dvar": 87.026725769,
        "dvar2": 178.944656372,
        "max": 112.044181824,
        "mean": 25.4228439331,
        "median": 21.9174423218,
        "min": 1.20656865486e-16,
        "stdev": 16.9701900482,
        "var": 287.987365723
    },
    "loudness_ebu128": {
        "integrated": -6.69487047195,
        "loudness_range": 2.31113433838,
        "momentary": {
            "dmean": 0.372885286808,
            "dmean2": 0.494013905525,
            "dvar": 0.114199563861,
            "dvar2": 0.189814403653,
            "max": -5.18838500977,
            "mean": -6.86297655106,
            "median": -6.40174484253,
            "min": -12.8719215393,
            "stdev": 1.320951581,
            "var": 1.7449131012
        },
        "short_term": {
            "dmean": 0.0490458458662,
            "dmean2": 0.0623299852014,
            "dvar": 0.00175497261807,
            "dvar2": 0.00244075874798,
            "max": -5.85733938217,
            "mean": -6.7425198555,
            "median": -6.3571434021,
            "min": -9.15616035461,
            "stdev": 0.870072245598,
            "var": 0.757025718689
        }
    },
    "melbands_crest": {
        "dmean": 3.75132799149,
        "dmean2": 6.24459171295,
        "dvar": 11.0741443634,
        "dvar2": 28.3427219391,
        "max": 32.3709449768,
        "mean": 13.8600759506,
        "median": 12.7874832153,
        "min": 1.83153986931,
        "stdev": 5.21909189224,
        "var": 27.2389221191
    },
    "melbands_flatness_db": {
        "dmean": 0.0304114893079,
        "dmean2": 0.0463805273175,
        "dvar": 0.000834060250781,
        "dvar2": 0.00194851262495,
        "max": 0.448819756508,
        "mean": 0.20526753366,
        "median": 0.202886611223,
        "min": 0.00547511968762,
        "stdev": 0.0571372658014,
        "var": 0.00326466700062
    },
    "melbands_kurtosis": {
        "dmean": 9.13774204254,
        "dmean2": 15.0081300735,
        "dvar": 252.850311279,
        "dvar2": 650.306091309,
        "max": 178.491744995,
        "mean": 15.7930593491,
        "median": 9.23050785065,
        "min": -1.30926680565,
        "stdev": 22.0743198395,
        "var": 487.27557373
    },
    "melbands_skewness": {
        "dmean": 0.848197519779,
        "dmean2": 1.34752869606,
        "dvar": 0.88681435585,
        "dvar2": 2.25568270683,
        "max": 11.9090948105,
        "mean": 2.81055927277,
        "median": 2.56246614456,
        "min": -0.206647440791,
        "stdev": 1.69996607304,
        "var": 2.88988471031
    },
    "melbands_spread": {
        "dmean": 5.56271457672,
        "dmean2": 8.41243362427,
        "dvar": 37.0837745667,
        "dvar2": 77.9339904785,
        "max": 118.088035583,
        "mean": 17.8798370361,
        "median": 16.2829246521,
        "min": 0.793949246407,
        "stdev": 10.3665428162,
        "var": 107.46521759
    },
    "pitch_salience": {
        "dmean": 0.0880820602179,
        "dmean2": 0.146468341351,
        "dvar": 0.00606631720439,
        "dvar2": 0.016616795212,
        "max": 0.844504714012,
        "mean": 0.551987111568,
        "median": 0.553244650364,
        "min": 0.142114460468,
        "stdev": 0.110658563673,
        "var": 0.0122453169897
    },
    "silence_rate_20dB": {
        "dmean": 0,
        "dmean2": 0,
        "dvar": 0,
        "dvar2": 0,
        "max": 1,
        "mean": 1,
        "median": 1,
        "min": 1,
        "stdev": 0,
        "var": 0
    },
    "silence_rate_30dB": {
        "dmean": 0,
        "dmean2": 0,
        "dvar": 0,
        "dvar2": 0,
        "max": 1,
        "mean": 1,
        "median": 1,
        "min": 1,
        "stdev": 0,
        "var": 0
    },
    "silence_rate_60dB": {
        "dmean": 0.0147058824077,
        "dmean2": 0.0294345468283,
        "dvar": 0.0144890705124,
        "dvar2": 0.0378628596663,
        "max": 1,
        "mean": 0.0108275329694,
        "median": 0,
        "min": 0,
        "stdev": 0.10349085927,
        "var": 0.0107103576884
    },
    "spectral_centroid": {
        "dmean": 218.561553955,
        "dmean2": 325.145477295,
        "dvar": 119164.703125,
        "dvar2": 166520.796875,
        "max": 11081.4160156,
        "mean": 1010.29449463,
        "median": 957.105651855,
        "min": 181.321075439,
        "stdev": 478.273254395,
        "var": 228745.3125
    },
    "spectral_complexity": {
        "dmean": 4.60448932648,
        "dmean2": 6.595662117,
        "dvar": 24.8581199646,
        "dvar2": 43.2063484192,
        "max": 54,
        "mean": 20.0100536346,
        "median": 19,
        "min": 0,
        "stdev": 8.28732299805,
        "var": 68.6797180176
    },
    "spectral_decrease": {
        "dmean": 3.5504501561e-09,
        "dmean2": 5.84733950149e-09,
        "dvar": 1.59240903682e-17,
        "dvar2": 4.34839285811e-17,
        "max": -6.90937298125e-29,
        "mean": -1.07899289503e-08,
        "median": -1.03198454227e-08,
        "min": -3.14292378789e-08,
        "stdev": 5.44348122133e-09,
        "var": 2.96314855873e-17
    },
    "spectral_energy": {
        "dmean": 0.0138508975506,
        "dmean2": 0.022655678913,
        "dvar": 0.000237373184063,
        "dvar2": 0.000644785992336,
        "max": 0.120780549943,
        "mean": 0.0430296584964,
        "median": 0.0414417125285,
        "min": 1.12047203902e-20,
        "stdev": 0.0211929250509,
        "var": 0.000449140090495
    },
    "spectral_energyband_high": {
        "dmean": 0.000469472113764,
        "dmean2": 0.000648690620437,
        "dvar": 6.9295913363e-07,
        "dvar2": 1.32075012971e-06,
        "max": 0.012098162435,
        "mean": 0.000903297564946,
        "median": 0.000513961887918,
        "min": 7.94702625959e-21,
        "stdev": 0.00131833914202,
        "var": 1.73801822712e-06
    },
    "spectral_energyband_low": {
        "dmean": 0.00934883579612,
        "dmean2": 0.0161395259202,
        "dvar": 0.000204209223739,
        "dvar2": 0.000582796812523,
        "max": 0.10488242656,
        "mean": 0.0179583877325,
        "median": 0.0127117726952,
        "min": 7.19260969731e-23,
        "stdev": 0.0182085912675,
        "var": 0.000331552815624
    },
    "spectral_energyband_middle_high": {
        "dmean": 0.00265982165001,
        "dmean2": 0.00388887617737,
        "dvar": 1.12932029879e-05,
        "dvar2": 2.25647490879e-05,
        "max": 0.0401860885322,
        "mean": 0.00752263888717,
        "median": 0.00489691225812,
        "min": 1.91202293721e-21,
        "stdev": 0.00726196775213,
        "var": 5.27361771674e-05
    },
    "spectral_energyband_middle_low": {
        "dmean": 0.00786557700485,
        "dmean2": 0.0125372139737,
        "dvar": 8.1964833953e-05,
        "dvar2": 0.000206492186408,
        "max": 0.098868265748,
        "mean": 0.0187978837639,
        "median": 0.016509283334,
        "min": 2.83557630104e-22,
        "stdev": 0.0115382904187,
        "var": 0.000133132140036
    },
    "spectral_entropy": {
        "dmean": 0.198206335306,
        "dmean2": 0.282157242298,
        "dvar": 0.0388685837388,
        "dvar2": 0.0827147290111,
        "max": 9.7944393158,
        "mean": 7.61442613602,
        "median": 7.60952568054,
        "min": 6.36114788055,
        "stdev": 0.347977876663,
        "var": 0.121088601649
    },
    "spectral_flux": {
        "dmean": 0.0333702377975,
        "dmean2": 0.0508216544986,
        "dvar": 0.00101802218705,
        "dvar2": 0.0020469261799,
        "max": 0.300586163998,
        "mean": 0.116166248918,
        "median": 0.108207941055,
        "min": 1.05852354659e-10,
        "stdev": 0.0491926670074,
        "var": 0.0024199183099
    },
    "spectral_kurtosis": {
        "dmean": 1.34024751186,
        "dmean2": 2.0459895134,
        "dvar": 2.8785738945,
        "dvar2": 7.05005216599,
        "max": 24.1534500122,
        "mean": 4.27672863007,
        "median": 3.90993309021,
        "min": -1.16559541225,
        "stdev": 2.30528712273,
        "var": 5.31434822083
    },
    "spectral_rms": {
        "dmean": 0.00103069888428,
        "dmean2": 0.00164180551656,
        "dvar": 1.0823782759e-06,
        "dvar2": 2.7256287467e-06,
        "max": 0.0108551681042,
        "mean": 0.00624624220654,
        "median": 0.00635853270069,
        "min": 3.30627213975e-12,
        "stdev": 0.00172180822119,
        "var": 2.9646234907e-06
    },
    "spectral_rolloff": {
        "dmean": 394.079833984,
        "dmean2": 631.852111816,
        "dvar": 712158.875,
        "dvar2": 1176493.625,
        "max": 18410.8886719,
        "mean": 1086.55200195,
        "median": 861.328125,
        "min": 64.599609375,
        "stdev": 1182.78710938,
        "var": 1398985.375
    },
    "spectral_skewness": {
        "dmean": 0.217043474317,
        "dmean2": 0.316613733768,
        "dvar": 0.0542257875204,
        "dvar2": 0.113929361105,
        "max": 3.8105700016,
        "mean": 1.72701513767,
        "median": 1.70926332474,
        "min": 0.039938159287,
        "stdev": 0.403494477272,
        "var": 0.162807792425
    },
    "spectral_spread": {
        "dmean": 701202.5,
        "dmean2": 979381.0625,
        "dvar": 1.15781192909e+12,
        "dvar2": 1.43393646182e+12,
        "max": 39310808,
        "mean": 5382024.5,
        "median": 5226908.5,
        "min": 2017345.625,
        "stdev": 1792207.375,
        "var": 3.21200744038e+12
    },
    "spectral_strongpeak": {
        "dmean": 0.609267413616,
        "dmean2": 1.04621720314,
        "dvar": 0.872746706009,
        "dvar2": 2.24731469154,
        "max": 8.4209022522,
        "mean": 1.01203203201,
        "median": 0.496559411287,
        "min": 0,
        "stdev": 1.23845016956,
        "var": 1.5337587595
    },
    "zerocrossingrate": {
        "dmean": 0.00995458848774,
        "dmean2": 0.0116022583097,
        "dvar": 0.000284520356217,
        "dvar2": 0.000314006785629,
        "max": 0.50439453125,
        "mean": 0.0506203770638,
        "median": 0.04638671875,
        "min": 0.005859375,
        "stdev": 0.0281398072839,
        "var": 0.000791848753579
    },
    "barkbands": {
        "dmean": [0.000571667507757, 0.00649544782937, 0.00400640955195, 0.00231720227748, 0.0039835725911, 0.00195456924848, 0.00218608812429, 0.00112751615234, 0.000979545642622, 0.0012048445642, 0.000801062793471, 0.000588373106439, 0.00040256549255, 0.000584965397138, 0.000458532798802, 0.000208069162909, 0.000253568548942, 0.000185297249118, 0.000116514427646, 8.74846446095e-05, 0.000100351629953, 9.74408758339e-05, 8.82824024302e-05, 8.49440475577e-05, 7.81923881732e-05, 4.62846619484e-05, 2.43632030106e-06],
        "dmean2": [0.00097830442246, 0.0109933167696, 0.00701328599826, 0.00394541397691, 0.00658635795116, 0.00317212752998, 0.00354752922431, 0.00180285423994, 0.00155186152551, 0.0018875990063, 0.00124748295639, 0.000865743961185, 0.000631611561403, 0.00091128796339, 0.000737206311896, 0.000338862504577, 0.000390020373743, 0.000292867131066, 0.000174534477992, 0.000132451401441, 0.00014887166617, 0.000144016972627, 0.000129664171254, 0.000123335397802, 0.000116211718705, 6.792525528e-05, 3.82843654734e-06],
        "dvar": [1.40943257065e-06, 0.000111303277663, 8.14306404209e-05, 9.86728718999e-06, 2.82256805804e-05, 7.4984091043e-06, 1.25162432596e-05, 5.73157785766e-06, 3.26162671627e-06, 4.35867013948e-06, 3.093767873e-06, 1.31720935315e-06, 6.74474904372e-07, 1.70664145571e-06, 7.820270298e-07, 1.86198406027e-07, 3.66645423355e-07, 1.07454091847e-07, 2.99503319923e-08, 1.94457427938e-08, 3.09963326117e-08, 4.02912654351e-08, 3.42408270626e-08, 3.10191090591e-08, 3.38298349334e-08, 7.23556237148e-09, 2.57492985267e-11],
        "dvar2": [4.0676950448e-06, 0.000326249981299, 0.000230694902712, 2.59556618403e-05, 7.06576101948e-05, 1.76340981852e-05, 3.13787604682e-05, 1.50602118083e-05, 8.31946454127e-06, 9.33363935474e-06, 6.63535502099e-06, 2.57854912888e-06, 1.24268319723e-06, 3.89132037526e-06, 1.85072497061e-06, 4.69799033453e-07, 7.24952997189e-07, 2.64212133061e-07, 6.26576692753e-08, 3.88861778333e-08, 6.58675958221e-08, 9.14528328622e-08, 7.22170199197e-08, 5.95246696378e-08, 7.07789880039e-08, 1.4247631519e-08, 5.99109858945e-11],
        "max": [0.00974956713617, 0.0837157890201, 0.0674364194274, 0.0296742580831, 0.0508289076388, 0.032792840153, 0.0312568545341, 0.0375643372536, 0.0265765022486, 0.0276729054749, 0.0247787870467, 0.0155756985769, 0.0185499601066, 0.0211409628391, 0.0126196779311, 0.00548630673438, 0.0148030072451, 0.00605486240238, 0.00203230720945, 0.00176308455411, 0.00264076888561, 0.00424496596679, 0.00300474325195, 0.00355491903611, 0.00400950759649, 0.00191590248141, 0.000117621268146],
        "mean": [0.000636206998024, 0.0103521896526, 0.0051248902455, 0.0033323741518, 0.00583595409989, 0.00300544407219, 0.00298872054555, 0.0015632082941, 0.0014278992312, 0.00209494726732, 0.00127299840096, 0.000951946538407, 0.000644921208732, 0.000871033407748, 0.000686842831783, 0.000304020679323, 0.000420042080805, 0.000335338932928, 0.000201098766411, 0.000150389547343, 0.000146160542499, 0.000170390107087, 0.00015173428983, 0.000156503359904, 0.000134635163704, 6.69484070386e-05, 2.80231483885e-06],
        "median": [0.000137417708174, 0.00578916212544, 0.0024678632617, 0.00230859639123, 0.00390133680776, 0.00162349268794, 0.00128606101498, 0.000586206326261, 0.000643649080303, 0.000775041407906, 0.000354429561412, 0.000304047513055, 0.000208778568776, 0.000265102658886, 0.000290623022011, 0.00012788681488, 0.000208114899579, 0.000187008728972, 0.000119697222544, 9.19086887734e-05, 7.29597886675e-05, 9.62784906733e-05, 7.35852663638e-05, 8.42022564029e-05, 6.67870117468e-05, 2.66564820777e-05, 6.55466351418e-07],
        "min": [1.96145720244e-23, 2.99327212034e-23, 2.68575078921e-23, 7.44082162569e-24, 3.96689182263e-23, 2.3196483317e-23, 4.57527776105e-23, 3.81699436669e-23, 9.38498605046e-23, 8.66299025774e-23, 5.75848329081e-23, 7.12978544591e-23, 7.9761498935e-23, 9.2815878428e-23, 1.26874682954e-22, 2.5865787303e-22, 2.71245164825e-22, 3.50280848619e-22, 3.76644251905e-22, 3.1833071978e-22, 5.42244760407e-22, 5.50110448316e-22, 5.51934193755e-22, 1.01928462604e-21, 1.11489860672e-21, 1.90751827638e-21, 2.45075500729e-21],
        "stdev": [0.00125280383509, 0.0130227813497, 0.00800797808915, 0.00359567580745, 0.00634372141212, 0.00399975851178, 0.00453907158226, 0.00312714162283, 0.00236758845858, 0.00338093098253, 0.00291705038399, 0.00192717823666, 0.00141784257721, 0.00185831519775, 0.00119368429296, 0.000566244882066, 0.000842405424919, 0.000460197596112, 0.000242692040047, 0.000189253274584, 0.000222231610678, 0.000248535827268, 0.000261036126176, 0.00029744071071, 0.000301110965665, 0.000136240196298, 6.15874887444e-06],
        "var": [1.56951750796e-06, 0.000169592836755, 6.41277147224e-05, 1.29288837343e-05, 4.02428013331e-05, 1.59980700118e-05, 2.0603170924e-05, 9.77901436272e-06, 5.60547459827e-06, 1.14306949399e-05, 8.50918331707e-06, 3.71401574739e-06, 2.01027751245e-06, 3.45333546647e-06, 1.42488227084e-06, 3.20633290585e-07, 7.09646883479e-07, 2.11781824078e-07, 5.88994275574e-08, 3.58168037451e-08, 4.93868874685e-08, 6.17700521843e-08, 6.81398546476e-08, 8.84709763227e-08, 9.06678181423e-08, 1.85613924231e-08, 3.79301902387e-11]
    },
    "erbbands": {
        "dmean": [0.240339040756, 1.47385954857, 3.92912054062, 6.30524682999, 12.0530948639, 13.1744890213, 12.3132562637, 17.4470024109, 28.4939231873, 31.0553951263, 22.3695678711, 23.0824184418, 27.8327960968, 41.0131454468, 24.9204826355, 26.1606693268, 19.7636737823, 28.2783050537, 26.6780281067, 13.757484436, 10.9239025116, 11.3731679916, 10.0780611038, 6.72684764862, 5.11395215988, 4.31524944305, 4.24837732315, 3.78711342812, 3.50121307373, 2.8796517849, 2.65685677528, 1.98677158356, 1.44127941132, 0.945457220078, 0.548398196697, 0.264942765236, 0.0758029073477, 0.0094386190176, 0.000265584996669, 2.13212751987e-05],
        "dmean2": [0.396899223328, 2.54475021362, 6.86201334, 10.784787178, 19.8875350952, 22.0133686066, 20.492609024, 28.3882579803, 47.4274177551, 49.5574760437, 36.3497276306, 36.6607551575, 43.1390151978, 62.6411094666, 37.3829498291, 38.070526123, 29.9606285095, 43.4864883423, 42.074836731, 21.8035068512, 16.8554573059, 17.3896465302, 15.6955633163, 10.2235870361, 7.73633050919, 6.56759309769, 6.36018276215, 5.71643733978, 5.18529701233, 4.10346698761, 3.90635514259, 3.007771492, 2.07850384712, 1.40990650654, 0.823412179947, 0.390930235386, 0.112205855548, 0.0134895071387, 0.000386194413295, 3.25680703099e-05],
        "dvar": [0.166744232178, 5.6959233284, 76.4583511353, 95.633682251, 401.028656006, 300.434112549, 438.047393799, 732.931213379, 2402.05664062, 3313.71972656, 2811.36230469, 2036.39990234, 2915.52978516, 7285.15966797, 2462.92871094, 2706.4050293, 1673.94616699, 3790.11499023, 2559.83374023, 518.020202637, 416.834747314, 601.710998535, 290.967071533, 98.4244384766, 65.5362472534, 47.8207092285, 53.3926277161, 50.904712677, 46.6255836487, 34.8084373474, 33.863243103, 18.650636673, 10.4112024307, 5.09931135178, 1.69782042503, 0.252352774143, 0.0207550805062, 0.00030051113572, 2.39438548988e-07, 5.66695135262e-10],
        "dvar2": [0.469094216824, 17.0117740631, 217.815338135, 261.233642578, 988.696472168, 758.34161377, 1070.9440918, 1694.16015625, 5947.95947266, 8030.33447266, 7963.18457031, 4822.47851562, 6604.82324219, 13780.5625, 5684.30615234, 4986.77050781, 3082.43945312, 8091.68847656, 5865.26806641, 1301.71020508, 980.168395996, 1126.3326416, 610.435913086, 207.329208374, 141.631820679, 100.653060913, 109.620567322, 111.482559204, 107.363052368, 78.4518203735, 74.3660507202, 39.9336242676, 21.8961277008, 10.6748514175, 3.99919486046, 0.524861812592, 0.0445631816983, 0.000602738175076, 5.0827384257e-07, 1.29161104034e-09],
        "max": [4.09090995789, 18.5241832733, 72.3156814575, 71.3276138306, 193.978851318, 188.952880859, 299.196044922, 353.365509033, 555.794494629, 701.300354004, 1000.59625244, 782.090515137, 948.117431641, 1217.37390137, 635.415100098, 714.906616211, 1031.3392334, 981.736328125, 722.196105957, 296.138549805, 345.449554443, 584.28503418, 308.053283691, 124.8072052, 105.962486267, 90.9881744385, 102.313911438, 115.408638, 132.376419067, 125.89087677, 109.26020813, 84.2948379517, 74.2059020996, 45.9928207397, 31.2816333771, 12.001241684, 2.96839189529, 0.366360276937, 0.0120465597138, 0.000441008654889],
        "mean": [0.349405139685, 2.12050795555, 5.49828910828, 9.7121295929, 15.9934806824, 19.3135414124, 18.0529823303, 26.4365062714, 39.6451644897, 46.6961746216, 30.7081489563, 35.3154792786, 47.4637985229, 73.7281417847, 43.1593475342, 45.5155334473, 33.9593772888, 45.6480941772, 42.7974014282, 22.1507930756, 19.3869438171, 21.3377742767, 19.5553455353, 12.6398239136, 9.08570289612, 7.45819044113, 6.18524456024, 5.68591356277, 6.02308368683, 4.97034645081, 4.43690490723, 3.46989345551, 2.48521137238, 1.59465384483, 0.908488929272, 0.381378531456, 0.10607200861, 0.0138559453189, 0.000380819023121, 6.27094486845e-05],
        "median": [0.145524516702, 1.29015541077, 2.73559045792, 7.15670967102, 9.24730205536, 11.8884449005, 9.25129413605, 14.1726179123, 18.5804920197, 15.6957092285, 15.2406778336, 15.4069948196, 23.2228431702, 23.5052433014, 18.0203475952, 15.8683834076, 11.9216308594, 15.609960556, 17.224199295, 11.1082487106, 9.35833835602, 10.7349252701, 11.0318498611, 7.15864944458, 5.93042421341, 4.58905363083, 3.12066650391, 2.9530043602, 3.50553536415, 2.71311974525, 2.08510565758, 1.84291756153, 1.27163052559, 0.801860868931, 0.444962978363, 0.162392482162, 0.0393026210368, 0.00477530760691, 0.000139406780363, 5.8114190324e-05],
        "min": [9.82411979907e-22, 6.4687482801e-21, 3.08081803558e-20, 2.57785781114e-20, 3.39186153347e-20, 1.49288380806e-19, 2.38160342701e-19, 2.22454457616e-19, 6.01277638964e-19, 1.00361037899e-18, 4.0209515825e-19, 1.42302196883e-18, 3.50681318176e-18, 3.59468292387e-18, 1.53748897976e-18, 2.79040363376e-18, 3.90140232219e-18, 5.58001110618e-18, 4.86210105255e-18, 1.0134044456e-17, 1.39986273148e-17, 1.53135963346e-17, 2.06235466192e-17, 1.3368178376e-17, 2.39234016933e-17, 1.43209862169e-17, 2.51565691679e-17, 1.81478496398e-17, 1.66790564589e-17, 1.89270190352e-17, 1.58506019882e-17, 1.73813973191e-17, 1.77671960111e-17, 1.05098582509e-17, 9.34910299426e-18, 5.50659262296e-18, 4.14225994577e-18, 1.33096927776e-18, 3.47670111913e-19, 3.46252602224e-20],
        "stdev": [0.521894335747, 2.62449169159, 8.06170654297, 10.2842264175, 21.4792900085, 23.253660202, 29.0455799103, 38.1783180237, 59.2726554871, 86.1234359741, 56.3680953979, 62.9069862366, 75.6680145264, 142.233062744, 77.8668212891, 89.0964736938, 72.4285583496, 93.7643814087, 73.4798049927, 30.4690723419, 33.723991394, 37.5341148376, 27.5357017517, 15.3668308258, 10.7047977448, 9.19408130646, 9.17882728577, 8.81903457642, 8.53360843658, 7.63749265671, 7.89138841629, 6.42329549789, 5.14649915695, 3.54969120026, 2.02144813538, 0.79288983345, 0.220880225301, 0.0268718693405, 0.000723410747014, 3.81090067094e-05],
        "var": [0.272373706102, 6.88795661926, 64.9911117554, 105.765319824, 461.359863281, 540.732727051, 843.645690918, 1457.58398438, 3513.24755859, 7417.24658203, 3177.36206055, 3957.28881836, 5725.6484375, 20230.2421875, 6063.24169922, 7938.18115234, 5245.89648438, 8791.75878906, 5399.28173828, 928.364379883, 1137.30761719, 1408.80969238, 758.21484375, 236.13949585, 114.592697144, 84.5311279297, 84.2508621216, 77.7753753662, 72.8224716187, 58.3312911987, 62.2740097046, 41.2587242126, 26.4864559174, 12.6003084183, 4.08625221252, 0.628674328327, 0.0487880706787, 0.000722097407561, 5.23323137713e-07, 1.45229628323e-09]
    },
    "gfcc": {
        "mean": [39.3685455322, 92.116859436, -100.144668579, 27.0971946716, -59.6266746521, 22.4765110016, -41.9434967041, 13.3460006714, -26.3222904205, 3.80703568459, -18.1720752716, 3.09821295738, -12.4611263275],
        "cov": [[3804.85961914, -471.100799561, -238.858932495, 45.6429634094, -97.6531829834, 73.3385772705, -97.2415008545, 63.7694587708, -81.1224517822, 33.9005699158, -79.6155395508, 86.261177063, -131.871337891], [-471.100799561, 777.534729004, 15.6678781509, -51.3429870605, 148.448074341, 71.2787628174, 152.328918457, 8.1950044632, 56.566532135, -24.4621944427, 126.316017151, -54.074962616, 60.5921287537], [-238.858932495, 15.6678781509, 534.671875, 214.291824341, 108.621109009, 61.9049301147, 56.1067886353, 27.1717834473, 30.7973518372, 20.3588981628, -8.83098506927, 44.5347290039, 2.78316235542], [45.6429634094, -51.3429870605, 214.291824341, 291.309570312, 73.7383651733, -13.014008522, -0.934095442295, 22.0433731079, 34.2089157104, -23.9404811859, -19.6377735138, 30.8837013245, 15.4762649536], [-97.6531829834, 148.448074341, 108.621109009, 73.7383651733, 198.744262695, 79.1829986572, 77.5875854492, 49.0432510376, 43.4492683411, -2.35893249512, 16.5715808868, -7.43205118179, 8.96890735626], [73.3385772705, 71.2787628174, 61.9049301147, -13.014008522, 79.1829986572, 179.09425354, 103.656936646, 29.6053848267, 8.69225597382, 22.7038726807, 28.6153678894, -26.1082801819, -1.47264313698], [-97.2415008545, 152.328918457, 56.1067886353, -0.934095442295, 77.5875854492, 103.656936646, 159.377304077, 43.5456924438, 24.5992183685, 12.5177841187, 36.7664527893, -15.5226745605, 6.07094573975], [63.7694587708, 8.1950044632, 27.1717834473, 22.0433731079, 49.0432510376, 29.6053848267, 43.5456924438, 94.8187561035, 50.967880249, 4.59486436844, -2.73460865021, 11.2895536423, 5.71211290359], [-81.1224517822, 56.566532135, 30.7973518372, 34.2089157104, 43.4492683411, 8.69225597382, 24.5992183685, 50.967880249, 90.0637359619, 19.9373149872, 7.62286186218, 8.07624149323, 13.0566129684], [33.9005699158, -24.4621944427, 20.3588981628, -23.9404811859, -2.35893249512, 22.7038726807, 12.5177841187, 4.59486436844, 19.9373149872, 74.9396820068, 26.1187896729, 0.626652002335, -6.33660364151], [-79.6155395508, 126.316017151, -8.83098506927, -19.6377735138, 16.5715808868, 28.6153678894, 36.7664527893, -2.73460865021, 7.62286186218, 26.1187896729, 97.7831268311, 25.8190364838, 12.3765363693], [86.261177063, -54.074962616, 44.5347290039, 30.8837013245, -7.43205118179, -26.1082801819, -15.5226745605, 11.2895536423, 8.07624149323, 0.626652002335, 25.8190364838, 95.0665359497, 17.3437213898], [-131.871337891, 60.5921287537, 2.78316235542, 15.4762649536, 8.96890735626, -1.47264313698, 6.07094573975, 5.71211290359, 13.0566129684, -6.33660364151, 12.3765363693, 17.3437213898, 63.4700698853]],
        "icov": [[0.000434397195932, -0.000277891842416, 0.000578982871957, -0.00064248603303, 0.000291210337309, -0.000855144462548, 0.000480793620227, -0.00072016712511, 0.000889564922545, -0.00089098198805, 0.000980231445283, -0.00120354141109, 0.00112272810657], [-0.000277891842416, 0.00384597037919, -0.00125824986026, 0.00213127257302, -0.00202966970392, 0.00226396578364, -0.00234553241171, 0.00217009498738, -0.00331336143427, 0.00457814754918, -0.00603074673563, 0.00465070549399, -0.00330126658082], [0.000578982871957, -0.00125824986026, 0.00430829729885, -0.00353840482421, 4.14443420595e-05, -0.00241147424094, 0.000217294014874, -0.000570851319935, 0.00221852399409, -0.00401003658772, 0.00411251373589, -0.00441802898422, 0.00259540439583], [-0.00064248603303, 0.00213127257302, -0.00353840482421, 0.00771992886439, -0.00263743265532, 0.00307038542815, -0.000911843962967, 0.00204764958471, -0.00426254887134, 0.00550407031551, -0.0036224713549, 0.00313324923627, -0.00347333331592], [0.000291210337309, -0.00202966970392, 4.14443420595e-05, -0.00263743265532, 0.00959556270391, -0.003737334162, 8.79038780113e-05, -0.00296375970356, -0.000324655993609, -0.000452545646112, 0.00193323998246, -0.00135318550747, 0.00201402837411], [-0.000855144462548, 0.00226396578364, -0.00241147424094, 0.00307038542815, -0.003737334162, 0.013175544329, -0.00678102811798, 0.000774428306613, -0.000494720879942, 0.00141371402424, -0.00546929100528, 0.00650447886437, -0.00363622233272], [0.000480793620227, -0.00234553241171, 0.000217294014874, -0.000911843962967, 8.79038780113e-05, -0.00678102811798, 0.0142214633524, -0.00553957186639, 0.00221224874258, -0.00172423024196, 1.86433135241e-05, -0.00100972387008, 0.00206448114477], [-0.00072016712511, 0.00217009498738, -0.000570851319935, 0.00204764958471, -0.00296375970356, 0.000774428306613, -0.00553957186639, 0.0208874642849, -0.0121566653252, 0.00418986659497, 0.000140142816235, -0.000600320519879, -0.0018996122526], [0.000889564922545, -0.00331336143427, 0.00221852399409, -0.00426254887134, -0.000324655993609, -0.000494720879942, 0.00221224874258, -0.0121566653252, 0.0235270950943, -0.0109780868515, 0.00548051064834, -0.00430781953037, 0.00104292540345], [-0.00089098198805, 0.00457814754918, -0.00401003658772, 0.00550407031551, -0.000452545646112, 0.00141371402424, -0.00172423024196, 0.00418986659497, -0.0109780868515, 0.0248715691268, -0.0130195776001, 0.0078115966171, -0.00235777418129], [0.000980231445283, -0.00603074673563, 0.00411251373589, -0.0036224713549, 0.00193323998246, -0.00546929100528, 1.86433135241e-05, 0.000140142816235, 0.00548051064834, -0.0130195776001, 0.0260892566293, -0.0147376582026, 0.00459498586133], [-0.00120354141109, 0.00465070549399, -0.00441802898422, 0.00313324923627, -0.00135318550747, 0.00650447886437, -0.00100972387008, -0.000600320519879, -0.00430781953037, 0.0078115966171, -0.0147376582026, 0.0228009838611, -0.00870863161981], [0.00112272810657, -0.00330126658082, 0.00259540439583, -0.00347333331592, 0.00201402837411, -0.00363622233272, 0.00206448114477, -0.0018996122526, 0.00104292540345, -0.00235777418129, 0.00459498586133, -0.00870863161981, 0.0226111132652]]
    },
    "melbands": {
        "dmean": [0.00190583011135, 0.00180367636494, 0.00117299787235, 0.000903371954337, 0.000449498096714, 0.000397098279791, 0.00043748144526, 0.000311695330311, 0.00018088555953, 0.000143703859067, 0.000140931530041, 0.000170692394022, 0.000100682831544, 6.67606655043e-05, 5.55782353331e-05, 4.01344441343e-05, 5.97252728767e-05, 4.5848206355e-05, 2.61684399447e-05, 1.61241532624e-05, 1.4557387658e-05, 1.36321377795e-05, 1.2225730643e-05, 8.33010835777e-06, 5.75488866161e-06, 4.31817352364e-06, 3.21148604598e-06, 2.88777619062e-06, 2.75689853879e-06, 2.54814312939e-06, 2.23375377573e-06, 2.1522462248e-06, 1.90291837043e-06, 1.54021631715e-06, 1.61469768045e-06, 1.48490551055e-06, 1.19026651646e-06, 1.0552216736e-06, 9.71186636889e-07, 8.08104800853e-07],
        "dmean2": [0.00315823848359, 0.00311855855398, 0.00196647597477, 0.0014944447903, 0.000751825573388, 0.000645066553261, 0.000722301367205, 0.000499264977407, 0.000296184589388, 0.000227980723139, 0.000218372137169, 0.000260182569036, 0.000151126470882, 9.81858393061e-05, 8.55656617205e-05, 6.15878816461e-05, 9.23277402762e-05, 7.29693929316e-05, 4.10012908105e-05, 2.60751421592e-05, 2.24755585805e-05, 2.09433437703e-05, 1.92402840185e-05, 1.32470540848e-05, 8.8822307589e-06, 6.66971800456e-06, 4.84466090711e-06, 4.50509423899e-06, 4.2068163566e-06, 3.8714601942e-06, 3.43590613738e-06, 3.26445706378e-06, 2.80057884083e-06, 2.23566007662e-06, 2.43049339588e-06, 2.28360659094e-06, 1.81926384357e-06, 1.56729720402e-06, 1.44265254676e-06, 1.2424727629e-06],
        "dvar": [9.80687582341e-06, 1.18679099614e-05, 2.64635241365e-06, 1.62710398399e-06, 5.14499788551e-07, 3.46028286913e-07, 5.08730124693e-07, 3.33489708737e-07, 1.71681890038e-07, 8.13464922089e-08, 7.49662731891e-08, 1.2219388168e-07, 4.67540992588e-08, 1.80352426327e-08, 1.02100328192e-08, 6.25291196599e-09, 1.9173635124e-08, 7.47228323661e-09, 2.33099961555e-09, 1.066224109e-09, 8.6817286693e-10, 9.53766621237e-10, 6.58746834858e-10, 1.50327181259e-10, 7.91370788344e-11, 4.2407820311e-11, 2.7483380155e-11, 2.2091136212e-11, 2.21241410608e-11, 2.05832312999e-11, 1.97553189085e-11, 1.78370339332e-11, 1.41404986678e-11, 9.38049377758e-12, 1.48455657489e-11, 1.21722684016e-11, 6.13566662755e-12, 5.61607010896e-12, 6.01207235038e-12, 3.74517951374e-12],
        "dvar2": [2.8421611205e-05, 3.36095909006e-05, 6.99981319485e-06, 4.06110439144e-06, 1.27706221065e-06, 8.00736302153e-07, 1.25220481095e-06, 8.03195007393e-07, 4.88145701638e-07, 1.98423734332e-07, 1.7031123889e-07, 2.29784205885e-07, 1.03766922166e-07, 3.56990312866e-08, 2.17262101643e-08, 1.28715393899e-08, 4.14011864791e-08, 1.72397065512e-08, 5.21011944699e-09, 2.86051204945e-09, 1.9251720218e-09, 1.92332971771e-09, 1.42087808186e-09, 3.48409856521e-10, 1.71611863609e-10, 9.57947124403e-11, 5.9815666309e-11, 4.65722668763e-11, 4.59286497723e-11, 4.44530592891e-11, 4.59260025842e-11, 4.25780626034e-11, 3.22567909883e-11, 2.07296801252e-11, 3.52211593224e-11, 2.68456576413e-11, 1.359511375e-11, 1.15951302379e-11, 1.371568744e-11, 8.58127804926e-12],
        "max": [0.0290481857955, 0.027381407097, 0.0132857766002, 0.0125748738647, 0.0100186746567, 0.00715313199908, 0.00714969309047, 0.00651245843619, 0.00700267823413, 0.00520968670025, 0.00487013626844, 0.00496121169999, 0.00319258216769, 0.00212328881025, 0.00168057903647, 0.00165513786487, 0.00225762464106, 0.00104333064519, 0.000978381955065, 0.000471242936328, 0.000558378582355, 0.00069043203257, 0.000609670241829, 0.000158640847076, 0.000106273713754, 9.56123767537e-05, 7.26884900359e-05, 5.85036177654e-05, 6.16917095613e-05, 6.33442978142e-05, 7.0968453656e-05, 7.96689928393e-05, 7.44118005969e-05, 6.41308943159e-05, 8.07739124866e-05, 7.54749198677e-05, 4.15897375206e-05, 5.51758166694e-05, 5.3720723372e-05, 3.33749085257e-05],
        "mean": [0.0029654330574, 0.00284091476351, 0.00183134921826, 0.00130629295018, 0.000676782627124, 0.000603237887844, 0.00061568908859, 0.000471578532597, 0.000238265260123, 0.000218183602556, 0.000232074511587, 0.000299600127619, 0.000162610973348, 0.000111979941721, 9.21011669561e-05, 6.1122016632e-05, 9.02640531422e-05, 6.91201275913e-05, 3.98197335016e-05, 2.26822230616e-05, 2.40251138166e-05, 2.27205182455e-05, 2.14182764466e-05, 1.45718131535e-05, 9.73805617832e-06, 7.05585989635e-06, 5.50273171029e-06, 4.71202793051e-06, 3.88307580579e-06, 3.50327172782e-06, 3.2258687952e-06, 3.43612555298e-06, 3.26442022924e-06, 2.51336109613e-06, 2.57250485447e-06, 2.3793395485e-06, 2.01818147616e-06, 1.77391098077e-06, 1.5534620843e-06, 1.28745034544e-06],
        "median": [0.0015177319292, 0.00184710964095, 0.00139072735328, 0.000846454291604, 0.000365474814316, 0.000317202880979, 0.000292079232167, 0.000154684690642, 0.00011234061094, 9.6147385193e-05, 0.000108263520815, 8.75950718182e-05, 5.1018610975e-05, 3.76096613763e-05, 3.00914343825e-05, 2.08375131479e-05, 2.56922849076e-05, 2.57849296759e-05, 1.75556797331e-05, 1.06364186649e-05, 1.01461173472e-05, 1.05234821604e-05, 1.06376865006e-05, 8.42323424877e-06, 5.05635125592e-06, 4.33704690295e-06, 3.40061569659e-06, 2.83394888356e-06, 1.96680502995e-06, 1.59776300279e-06, 1.64037055583e-06, 1.94527729036e-06, 1.78315997346e-06, 1.33685955461e-06, 1.22042956718e-06, 1.07861080778e-06, 1.08380584152e-06, 8.74230408954e-07, 7.47212766328e-07, 6.38480798898e-07],
        "min": [9.29491296567e-24, 1.31490940777e-23, 4.74776961326e-24, 5.98844113562e-24, 8.97128356816e-24, 4.9622324944e-24, 9.1695211582e-24, 1.09676869932e-23, 2.79635808113e-24, 1.19904522565e-23, 1.71300766916e-23, 1.38004730932e-23, 5.91651595373e-24, 4.59123081625e-24, 1.01431009441e-23, 9.9365960918e-24, 9.26596650361e-24, 6.54364854046e-24, 1.06539570112e-23, 1.6715410379e-23, 1.58420845589e-23, 1.55262246525e-23, 1.57356861555e-23, 1.98035105221e-23, 9.32257121787e-24, 1.36833872022e-23, 1.71324858728e-23, 7.80873767442e-24, 1.59003261596e-23, 1.25614518678e-23, 1.09169884805e-23, 9.19490827985e-24, 1.05479459384e-23, 1.00466066893e-23, 8.12546769445e-24, 1.01959956455e-23, 1.12211574683e-23, 1.35473118515e-23, 1.00042921904e-23, 8.64785059702e-24],
        "stdev": [0.00399714848027, 0.00345855648629, 0.00177583575714, 0.00149207236245, 0.000963853264693, 0.000839882413857, 0.000882645137608, 0.000877517915796, 0.000435252703028, 0.0003980860929, 0.000382656522561, 0.000588113092817, 0.000349706737325, 0.000224626332056, 0.000171672072611, 0.000121020166262, 0.000207133940421, 0.000121761164337, 6.80138109601e-05, 3.97631811211e-05, 4.86991666548e-05, 4.32226770499e-05, 3.74518203898e-05, 1.82801468327e-05, 1.30032594825e-05, 8.48763284012e-06, 6.9007219281e-06, 6.08817572356e-06, 5.79119432587e-06, 5.58768761039e-06, 5.2164441513e-06, 5.05004345541e-06, 4.74235957881e-06, 4.06253320762e-06, 4.72393094242e-06, 4.83181747768e-06, 3.64199172509e-06, 3.7309137042e-06, 3.686982609e-06, 2.7765906907e-06],
        "var": [1.59771971084e-05, 1.19616124721e-05, 3.15359261549e-06, 2.22628000301e-06, 9.29013083351e-07, 7.05402442236e-07, 7.79062474976e-07, 7.70037672737e-07, 1.89444918419e-07, 1.58472531098e-07, 1.46426003766e-07, 3.45876998153e-07, 1.2229480717e-07, 5.04569861448e-08, 2.9471300067e-08, 1.46458809525e-08, 4.29044675343e-08, 1.48257806032e-08, 4.62587834704e-09, 1.58111068682e-09, 2.37160890926e-09, 1.86819981707e-09, 1.4026387829e-09, 3.34163752225e-10, 1.69084746204e-10, 7.20399156995e-11, 4.7619963528e-11, 3.7065881614e-11, 3.35379293781e-11, 3.12222539489e-11, 2.72112887778e-11, 2.55029400376e-11, 2.248997516e-11, 1.65041764977e-11, 2.23155226936e-11, 2.33464619165e-11, 1.32641042247e-11, 1.3919717809e-11, 1.3593840463e-11, 7.70945546985e-12]
    },
    "melbands128": {
