{
"lowlevel": {
    "average_loudness": 0.963870704174,
    "barkbands_crest": {
        "dmean": 2.90888643265,
        "dmean2": 4.55045843124,
        "dvar": 7.35072803497,
        "dvar2": 16.9803447723,
        "max": 26.336353302,
        "mean": 11.7274465561,
        "median": 10.8366003036,
        "min": 2.99048256874,
        "stdev": 4.76290893555,
        "var": 22.6853027344
    },
    "barkbands_flatness_db": {
        "dmean": 0.0353607349098,
        "dmean2": 0.0475292466581,
        "dvar": 0.00107456871774,
        "dvar2": 0.00194406067021,
        "max": 0.379376143217,
        "mean": 0.165794089437,
        "median": 0.155992180109,
        "min": 0.0420025922358,
        "stdev": 0.0662221387029,
        "var": 0.00438537122682
    },
    "barkbands_kurtosis": {
        "dmean": 5.47152233124,
        "dmean2": 8.62574768066,
        "dvar": 121.501121521,
        "dvar2": 259.191314697,
        "max": 141.728820801,
        "mean": 7.37202119827,
        "median": 1.95986127853,
        "min": -1.9721326828,
        "stdev": 16.592250824,
        "var": 275.30279541
    },
    "barkbands_skewness": {
        "dmean": 0.92838037014,
        "dmean2": 1.35049593449,
        "dvar": 1.16609120369,
        "dvar2": 2.61560606956,
        "max": 10.6746101379,
        "mean": 1.64175057411,
        "median": 1.266710639,
        "min": -4.44149923325,
        "stdev": 1.86366331577,
        "var": 3.47324109077
    },
    "barkbands_spread": {
        "dmean": 12.5662345886,
        "dmean2": 19.1379985809,
        "dvar": 274.237487793,
        "dvar2": 567.583435059,
        "max": 119.702819824,
        "mean": 29.7952671051,
        "median": 22.1262130737,
        "min": 0.858297586441,
        "stdev": 24.6938877106,
        "var": 609.788085938
    },
    "dissonance": {
        "dmean": 0.0275231972337,
        "dmean2": 0.0442139878869,
        "dvar": 0.000808917160612,
        "dvar2": 0.0020019155927,
        "max": 0.499513715506,
        "mean": 0.443383216858,
        "median": 0.454307287931,
        "min": 0.195693209767,
        "stdev": 0.0435181185603,
        "var": 0.00189382676035
    },
    "dynamic_complexity": 3.15018391609,
    "erbbands_crest": {
        "dmean": 3.46759057045,
        "dmean2": 5.30274105072,
        "dvar": 10.6804132462,
        "dvar2": 23.7585487366,
        "max": 30.9551677704,
        "mean": 11.260591507,
        "median": 10.0693378448,
        "min": 2.53174781799,
        "stdev": 5.71153211594,
        "var": 32.62159729
    },
    "erbbands_flatness_db": {
        "dmean": 0.0260712616146,
        "dmean2": 0.0349521487951,
        "dvar": 0.000593423494138,
        "dvar2": 0.0010237628594,
        "max": 0.330799788237,
        "mean": 0.162065446377,
        "median": 0.154577627778,
        "min": 0.0651126652956,
        "stdev": 0.0508594550192,
        "var": 0.00258668418974
    },
    "erbbands_kurtosis": {
        "dmean": 2.20401024818,
        "dmean2": 3.35541605949,
        "dvar": 13.9932031631,
        "dvar2": 30.3330001831,
        "max": 55.0453720093,
        "mean": 1.9995071888,
        "median": 0.375192165375,
        "min": -1.82928955555,
        "stdev": 5.26512241364,
        "var": 27.7215118408
    },
    "erbbands_skewness": {
        "dmean": 0.648457169533,
        "dmean2": 0.986776769161,
        "dvar": 0.562450051308,
        "dvar2": 1.24221074581,
        "max": 5.23982477188,
        "mean": 0.336204767227,
        "median": 0.391577214003,
        "min": -6.45948123932,
        "stdev": 1.26469612122,
        "var": 1.59945619106
    },
    "erbbands_spread": {
        "dmean": 14.7411108017,
        "dmean2": 22.6604175568,
        "dvar": 298.670227051,
        "dvar2": 709.424560547,
        "max": 132.101028442,
        "mean": 43.6570091248,
        "median": 39.4050674438,
        "min": 3.79437446594,
        "stdev": 25.4260120392,
        "var": 646.482055664
    },
    "hfc": {
        "dmean": 34.2713432312,
        "dmean2": 56.0204048157,
        "dvar": 4157.55517578,
        "dvar2": 10731.7597656,
        "max": 426.298675537,
        "mean": 42.5305709839,
        "median": 18.1000518799,
        "min": 1.14130278104e-16,
        "stdev": 63.3431472778,
        "var": 4012.35449219
    },
    "loudness_ebu128": {
        "integrated": -8.14918231964,
        "loudness_range": 3.81436347961,
        "momentary": {
            "dmean": 0.702189743519,
            "dmean2": 1.02384698391,
            "dvar": 0.419574230909,
            "dvar2": 0.755493581295,
            "max": -5.07954931259,
            "mean": -8.61774539948,
            "median": -8.00220966339,
            "min": -17.1494998932,
            "stdev": 2.25185465813,
            "var": 5.07084989548
        },
        "short_term": {
            "dmean": 0.0937382280827,
            "dmean2": 0.0941380858421,
            "dvar": 0.00693782465532,
            "dvar2": 0.00646179355681,
            "max": -6.53581523895,
            "mean": -8.39255523682,
            "median": -8.05064582825,
            "min": -12.7074947357,
            "stdev": 1.35906982422,
            "var": 1.84707069397
        }
    },
    "melbands_crest": {
        "dmean": 3.30242967606,
        "dmean2": 5.16240787506,
        "dvar": 11.3254623413,
        "dvar2": 26.4476490021,
        "max": 32.3968200684,
        "mean": 16.7067222595,
        "median": 16.2510547638,
        "min": 1.7931677103,
        "stdev": 5.57453918457,
        "var": 31.0754852295
    },
    "melbands_flatness_db": {
        "dmean": 0.0446928441525,
        "dmean2": 0.0602968558669,
        "dvar": 0.00208164006472,
        "dvar2": 0.00407702382654,
        "max": 0.519305706024,
        "mean": 0.225333422422,
        "median": 0.219649776816,
        "min": 0.00534698320553,
        "stdev": 0.08732894063,
        "var": 0.00762634398416
    },
    "melbands_kurtosis": {
        "dmean": 13.7056598663,
        "dmean2": 21.7263145447,
        "dvar": 671.892883301,
        "dvar2": 1577.38708496,
        "max": 394.764312744,
        "mean": 21.3120098114,
        "median": 7.98582744598,
        "min": -1.72095108032,
        "stdev": 35.8229408264,
        "var": 1283.28320312
    },
    "melbands_skewness": {
        "dmean": 1.1757286787,
        "dmean2": 1.75235557556,
        "dvar": 1.84566926956,
        "dvar2": 4.32886791229,
        "max": 15.2517604828,
        "mean": 3.04576039314,
        "median": 2.44021439552,
        "min": -1.88685715199,
        "stdev": 2.38038110733,
        "var": 5.66621446609
    },
    "melbands_spread": {
        "dmean": 19.0964107513,
        "dmean2": 30.2350006104,
        "dvar": 1059.87133789,
        "dvar2": 2725.48461914,
        "max": 258.795654297,
        "mean": 32.5139770508,
        "median": 20.3720207214,
        "min": 0.661742806435,
        "stdev": 36.6818771362,
        "var": 1345.56005859
    },
    "pitch_salience": {
        "dmean": 0.0828807279468,
        "dmean2": 0.12600928545,
        "dvar": 0.00702750962228,
        "dvar2": 0.0163647457957,
        "max": 0.860684037209,
        "mean": 0.457271367311,
        "median": 0.451794266701,
        "min": 0.0796910151839,
        "stdev": 0.134463608265,
        "var": 0.0180804636329
    },
    "silence_rate_20dB": {
        "dmean": 0,
        "dmean2": 0,
        "dvar": 0,
        "dvar2": 0,
        "max": 1,
        "mean": 1,
        "median": 1,
        "min": 1,
        "stdev": 0,
        "var": 0
    },
    "silence_rate_30dB": {
        "dmean": 0,
        "dmean2": 0,
        "dvar": 0,
        "dvar2": 0,
        "max": 1,
        "mean": 1,
        "median": 1,
        "min": 1,
        "stdev": 0,
        "var": 0
    },
    "silence_rate_60dB": {
        "dmean": 0.0147058824077,
        "dmean2": 0.0286599528044,
        "dvar": 0.0144895594567,
        "dvar2": 0.0340353660285,
        "max": 1,
        "mean": 0.0185614842921,
        "median": 0,
        "min": 0,
        "stdev": 0.134970650077,
        "var": 0.0182170756161
    },
    "spectral_centroid": {
        "dmean": 502.815948486,
        "dmean2": 758.257385254,
        "dvar": 510150.03125,
        "dvar2": 1134818,
        "max": 10999.4072266,
        "mean": 1505.10302734,
        "median": 1252.84313965,
        "min": 169.387054443,
        "stdev": 1015.61022949,
        "var": 1031464.1875
    },
    "spectral_complexity": {
        "dmean": 5.30959749222,
        "dmean2": 8.00077438354,
        "dvar": 48.7155342102,
        "dvar2": 111.28805542,
        "max": 50,
        "mean": 13.0688323975,
        "median": 11,
        "min": 0,
        "stdev": 9.04319953918,
        "var": 81.7794570923
    },
    "spectral_decrease": {
        "dmean": 2.09353068215e-09,
        "dmean2": 3.02365421589e-09,
        "dvar": 5.87741603721e-18,
        "dvar2": 1.21653800104e-17,
        "max": -3.1084097033e-29,
        "mean": -6.67678401456e-09,
        "median": -5.74553693511e-09,
        "min": -2.33600694344e-08,
        "stdev": 4.38361880128e-09,
        "var": 1.92161153506e-17
    },
    "spectral_energy": {
        "dmean": 0.0100396694615,
        "dmean2": 0.0148932402954,
        "dvar": 0.00014364568051,
        "dvar2": 0.00031247039442,
        "max": 0.106352500618,
        "mean": 0.0290573779494,
        "median": 0.0249624997377,
        "min": 1.04692776618e-20,
        "stdev": 0.0196226015687,
        "var": 0.000385046500014
    },
    "spectral_energyband_high": {
        "dmean": 0.00368417706341,
        "dmean2": 0.00618817657232,
        "dvar": 5.80132655159e-05,
        "dvar2": 0.000151071857545,
        "max": 0.0506899505854,
        "mean": 0.00344191933982,
        "median": 0.000500265567098,
        "min": 7.80757847172e-21,
        "stdev": 0.00712970737368,
        "var": 5.08327248099e-05
    },
    "spectral_energyband_low": {
        "dmean": 0.00384386815131,
        "dmean2": 0.00591975916177,
        "dvar": 4.23304409196e-05,
        "dvar2": 9.72206835286e-05,
        "max": 0.0625418126583,
        "mean": 0.0103751095012,
        "median": 0.00886407960206,
        "min": 4.67293558567e-23,
        "stdev": 0.00857700966299,
        "var": 7.35650901333e-05
    },
    "spectral_energyband_middle_high": {
        "dmean": 0.00393882673234,
        "dmean2": 0.00570665951818,
        "dvar": 4.35835318058e-05,
        "dvar2": 9.47051667026e-05,
        "max": 0.0801570415497,
        "mean": 0.00700600259006,
        "median": 0.00225818459876,
        "min": 1.46128129602e-21,
        "stdev": 0.0109633915126,
        "var": 0.000120195945783
    },
    "spectral_energyband_middle_low": {
        "dmean": 0.00397293502465,
        "dmean2": 0.00590540096164,
        "dvar": 3.063688564e-05,
        "dvar2": 6.36466647848e-05,
        "max": 0.0531184673309,
        "mean": 0.00942029803991,
        "median": 0.00632872385904,
        "min": 2.95204776405e-22,
        "stdev": 0.00945547688752,
        "var": 8.94060358405e-05
    },
    "spectral_entropy": {
        "dmean": 0.34740909934,
        "dmean2": 0.466416060925,
        "dvar": 0.137421682477,
        "dvar2": 0.249152675271,
        "max": 9.80404281616,
        "mean": 7.5232591629,
        "median": 7.50561571121,
        "min": 5.64221191406,
        "stdev": 0.673858642578,
        "var": 0.454085469246
    },
    "spectral_flux": {
        "dmean": 0.0353436768055,
        "dmean2": 0.0520626865327,
        "dvar": 0.00126222940162,
        "dvar2": 0.00247650849633,
        "max": 0.295598298311,
        "mean": 0.0919588655233,
        "median": 0.0786344185472,
        "min": 1.02319486217e-10,
        "stdev": 0.0579283833504,
        "var": 0.00335569772869
    },
    "spectral_kurtosis": {
        "dmean": 1.76542985439,
        "dmean2": 2.69953179359,
        "dvar": 5.32511806488,
        "dvar2": 13.2810764313,
        "max": 35.3082008362,
        "mean": 3.34263420105,
        "median": 2.57515621185,
        "min": -1.29661619663,
        "stdev": 3.8685104847,
        "var": 14.9653739929
    },
    "spectral_rms": {
        "dmean": 0.000910909380764,
        "dmean2": 0.00131275085732,
        "dvar": 9.80348772828e-07,
        "dvar2": 2.01829789148e-06,
        "max": 0.0101861935109,
        "mean": 0.00500012841076,
        "median": 0.00493494234979,
        "min": 3.1959239942e-12,
        "stdev": 0.0018295844784,
        "var": 3.34737933372e-06
    },
    "spectral_rolloff": {
        "dmean": 1523.30810547,
        "dmean2": 2622.9453125,
        "dvar": 6162899.5,
        "dvar2": 13407568,
        "max": 18669.2871094,
        "mean": 2333.09936523,
        "median": 947.4609375,
        "min": 86.1328125,
        "stdev": 2899.50634766,
        "var": 8407137
    },
    "spectral_skewness": {
        "dmean": 0.339228212833,
        "dmean2": 0.494646251202,
        "dvar": 0.138082876801,
        "dvar2": 0.304776340723,
        "max": 4.29201412201,
        "mean": 1.40145087242,
        "median": 1.40413403511,
        "min": -0.58529317379,
        "stdev": 0.670833110809,
        "var": 0.450017035007
    },
    "spectral_spread": {
        "dmean": 1132783,
        "dmean2": 1628919,
        "dvar": 2.27106750464e+12,
        "dvar2": 3.86689374618e+12,
        "max": 39702152,
        "mean": 6184783,
        "median": 5841917,
        "min": 1753699,
        "stdev": 2432537.25,
        "var": 5.91723705139e+12
    },
    "spectral_strongpeak": {
        "dmean": 0.698880076408,
        "dmean2": 1.16054916382,
        "dvar": 1.4407556057,
        "dvar2": 3.30853629112,
        "max": 10.6980514526,
        "mean": 1.25374376774,
        "median": 0.428483694792,
        "min": 4.48886394722e-09,
        "stdev": 1.68949449062,
        "var": 2.85439157486
    },
    "zerocrossingrate": {
        "dmean": 0.0248203333467,
        "dmean2": 0.0285317376256,
        "dvar": 0.000865005131345,
        "dvar2": 0.00114323035814,
        "max": 0.50244140625,
        "mean": 0.0770041793585,
        "median": 0.05859375,
        "min": 0.00390625,
        "stdev": 0.0590179301798,
        "var": 0.00348311616108
    },
    "barkbands": {
        "dmean": [4.5850269089e-05, 0.00299163768068, 0.00118092040066, 0.000323355285218, 0.000527351512574, 0.00138516665902, 0.000849542906508, 0.000233647399, 0.00125093932729, 0.0016430739779, 0.000594190729316, 0.00123266538139, 0.000274816557067, 0.000577853701543, 0.00043019282748, 0.000244840717642, 0.00022846023785, 0.000238200766034, 0.000292978278594, 0.000196738561499, 0.000225205280003, 0.000249390577665, 0.00100392405875, 0.00171300477814, 0.000438965653302, 0.000125297461636, 7.05190404915e-06],
        "dmean2": [7.44452408981e-05, 0.00464465282857, 0.00187612650916, 0.000547217263374, 0.000820526503958, 0.00200706277974, 0.00135957146995, 0.000356407632353, 0.00186197948642, 0.00220444868319, 0.000866153743118, 0.00203375238925, 0.000451225118013, 0.000853550212923, 0.000676024821587, 0.000397068011807, 0.000357224460458, 0.000358127523214, 0.000458159076516, 0.000299463514239, 0.00036220846232, 0.000405764410971, 0.00170554255601, 0.0029364246875, 0.000724458077457, 0.00021263922099, 1.24815333038e-05],
        "dvar": [5.84705395212e-09, 2.84802717943e-05, 4.88944215249e-06, 5.46450394268e-07, 1.19154094591e-06, 7.20790239939e-06, 5.95711344431e-06, 5.82595532705e-07, 7.33246042728e-06, 1.97324352484e-05, 3.5600010051e-06, 1.13986880024e-05, 2.05085802918e-06, 2.37846461459e-06, 1.57938598022e-06, 4.05231190825e-07, 2.56989665104e-07, 3.02686345321e-07, 7.95686560195e-07, 1.13414138525e-07, 1.99988349436e-07, 2.37398609215e-07, 5.266577773e-06, 1.50847481564e-05, 9.18923888094e-07, 7.76889947929e-08, 3.93821364408e-10],
        "dvar2": [1.5372934925e-08, 6.73318863846e-05, 1.21006232803e-05, 1.42281180615e-06, 2.89083800453e-06, 1.51408057718e-05, 1.46013744597e-05, 1.27818827877e-06, 1.45804315252e-05, 3.31692426698e-05, 5.37199912287e-06, 3.07672271447e-05, 5.89462752032e-06, 4.36620439359e-06, 2.93155562758e-06, 9.2974346444e-07, 5.67865583889e-07, 6.725925914e-07, 1.78419361418e-06, 2.42944025786e-07, 4.75544425171e-07, 5.73243994495e-07, 1.38812583828e-05, 4.03683079639e-05, 2.29790498452e-06, 2.02485338718e-07, 1.04498043552e-09],
        "max": [0.000981018180028, 0.0520117506385, 0.0234371460974, 0.0085619520396, 0.0237978752702, 0.0275804027915, 0.0398655459285, 0.0109942983836, 0.0382330007851, 0.0748369693756, 0.0536992587149, 0.0400855466723, 0.0363331586123, 0.0292407274246, 0.0342422910035, 0.0101307295263, 0.0100816916674, 0.00931298360229, 0.0169467013329, 0.0049488269724, 0.00708051072434, 0.00575914466754, 0.0209164023399, 0.0363876409829, 0.0125734927133, 0.00195054896176, 0.000253118370892],
        "mean": [6.99587108102e-05, 0.00670999800786, 0.00323027884588, 0.000539769418538, 0.00088468240574, 0.00289317360148, 0.000969167100266, 0.000270453601843, 0.00232413224876, 0.00267066527158, 0.000744006771129, 0.00128591887187, 0.000295349454973, 0.000898154801689, 0.000532286125235, 0.000241390138399, 0.000253579812124, 0.000307206297293, 0.000368975364836, 0.000265724753262, 0.000233195198234, 0.00025200881646, 0.000849982083309, 0.00143553304952, 0.000419961783336, 0.000106622559542, 5.2134323596e-06],
        "median": [3.85908788303e-05, 0.00453406199813, 0.00264854636043, 0.000300056271954, 0.000378235243261, 0.000697557465173, 9.08322181203e-05, 4.13936722907e-05, 0.000278991035884, 0.000158810275025, 9.09809459699e-05, 0.000167223304743, 8.34201855469e-05, 0.000133809007821, 8.95311386557e-05, 4.29794599768e-05, 6.02074687777e-05, 5.83635155635e-05, 9.18333462323e-05, 9.96488306555e-05, 4.91564969707e-05, 3.52467432094e-05, 7.39274400985e-05, 0.000109381951916, 4.84528900415e-05, 1.23387471831e-05, 2.49297528399e-07],
        "min": [6.01872345473e-23, 6.00992379022e-24, 8.4548368439e-24, 2.29675053952e-23, 2.6666127081e-23, 6.97459504883e-23, 6.54257332305e-24, 8.61842340313e-23, 7.54341740404e-23, 5.71151325034e-23, 1.2153654325e-22, 3.01817835239e-23, 1.19610208028e-22, 9.84404882367e-23, 8.14946326546e-23, 1.78855593142e-22, 1.24068168288e-22, 2.53270647245e-22, 3.06616375151e-22, 3.63903050191e-22, 3.96139339901e-22, 6.05052426798e-22, 7.41313368077e-22, 7.08409058331e-22, 1.2496835072e-21, 1.66105036169e-21, 2.35616015917e-21],
        "stdev": [8.72175005497e-05, 0.00716860406101, 0.00303315347992, 0.000776786881033, 0.00164973945357, 0.00444796029478, 0.00251165265217, 0.000895278702956, 0.00510366400704, 0.00734029943123, 0.00282943015918, 0.00332795782015, 0.00112336548045, 0.00260685477406, 0.0016728930641, 0.000662284204736, 0.0006525387289, 0.000738842471037, 0.00104934384581, 0.000455670407973, 0.000483788346173, 0.000520868401509, 0.00210136896931, 0.00344056473114, 0.000963581900578, 0.000249931559665, 1.72111249412e-05],
        "var": [7.60689200519e-09, 5.1388884458e-05, 9.20002003113e-06, 6.03397836585e-07, 2.72164015769e-06, 1.9784352844e-05, 6.30839940641e-06, 8.01523924565e-07, 2.60473880189e-05, 5.38799940841e-05, 8.00567522674e-06, 1.10753035187e-05, 1.26195004668e-06, 6.79569166095e-06, 2.79857113128e-06, 4.38620389787e-07, 4.25806774729e-07, 5.45888212855e-07, 1.10112250695e-06, 2.07635522997e-07, 2.34051157122e-07, 2.71303917998e-07, 4.41575184595e-06, 1.18374864542e-05, 9.28490067054e-07, 6.2465780104e-08, 2.96222824048e-10]
    },
    "erbbands": {
        "dmean": [0.065935716033, 0.747426092625, 1.51844191551, 1.06923317909, 1.18702721596, 1.82683360577, 5.3540353775, 13.3164520264, 15.0573673248, 5.40186452866, 9.69184875488, 28.6684494019, 59.6317710876, 28.5178165436, 30.2742652893, 42.8485641479, 13.8784456253, 26.1399784088, 22.7436389923, 18.9744129181, 11.8407058716, 12.2025785446, 12.416724205, 16.8710803986, 10.7868814468, 9.08962154388, 9.8009262085, 8.19530105591, 8.00736236572, 16.5919456482, 31.6400718689, 38.7832641602, 24.6219444275, 8.0157623291, 1.80420732498, 0.783172011375, 0.172759652138, 0.0261594317853, 0.000823042355478, 4.71970088256e-05],
        "dmean2": [0.102823905647, 1.16077709198, 2.42215442657, 1.72075283527, 1.94197928905, 2.81349349022, 7.74298048019, 19.618139267, 23.4875793457, 9.00942707062, 13.5846986771, 41.1106758118, 80.2724304199, 39.3409385681, 50.6701316833, 67.7237701416, 21.9095592499, 37.2315559387, 34.2798500061, 28.9224472046, 19.1530094147, 18.7531051636, 18.671087265, 25.5054798126, 16.7267818451, 13.8671598434, 15.4025011063, 13.5319318771, 13.0519990921, 28.0832080841, 53.856803894, 67.1195983887, 41.9362602234, 13.3407497406, 2.97846770287, 1.32479560375, 0.296034455299, 0.0446914546192, 0.0014177383855, 7.70153565099e-05],
        "dvar": [0.0147645417601, 1.80107414722, 7.97409152985, 4.79241657257, 5.88318109512, 15.1172361374, 228.246994019, 769.805236816, 1627.16601562, 480.99597168, 863.513244629, 4722.74169922, 21548.125, 5623.94921875, 8178.66015625, 10661.3427734, 3144.56958008, 4449.23876953, 4681.50976562, 1670.28674316, 986.107849121, 778.361999512, 873.961669922, 3066.71191406, 508.611297607, 262.983154297, 426.343994141, 264.524047852, 255.590942383, 1179.86584473, 5475.69140625, 8385.85839844, 3021.90991211, 304.977264404, 17.5435276031, 2.99953866005, 0.154276117682, 0.00375835434534, 4.5934721129e-06, 7.88339526991e-09],
        "dvar2": [0.033983130008, 4.31471014023, 20.0072021484, 11.8494348526, 14.8981685638, 37.4214324951, 489.859954834, 1610.09106445, 3903.02001953, 1108.4387207, 1649.24047852, 8260.83886719, 35587.7695312, 8890.88378906, 21625.3652344, 26209.15625, 8869.09570312, 8066.95019531, 7489.58544922, 3626.97363281, 2090.91430664, 1506.49023438, 1868.71496582, 7035.13623047, 1100.79309082, 575.569641113, 950.592651367, 637.418823242, 597.966491699, 3044.93237305, 14504.0048828, 22659.5097656, 7933.890625, 769.61541748, 43.9355163574, 7.88835048676, 0.404294043779, 0.00937049463391, 1.20643544506e-05, 1.99603711337e-08],
        "max": [1.4661898613, 13.0258464813, 28.5208873749, 23.3045272827, 26.5852451324, 73.0239105225, 277.341339111, 325.166748047, 727.875976562, 471.718017578, 436.343322754, 1181.87414551, 1821.73071289, 1864.46728516, 1087.22143555, 1250.87194824, 1373.44934082, 1389.87609863, 1991.00366211, 595.025939941, 678.062255859, 714.943054199, 656.524047852, 1202.29199219, 494.093444824, 260.376617432, 390.610107422, 239.502746582, 226.674301147, 324.02243042, 626.723876953, 935.701293945, 471.309295654, 241.744873047, 52.502872467, 12.4218006134, 3.4215965271, 0.548195660114, 0.0270105078816, 0.000703157158569],
        "mean": [0.144357055426, 1.67755424976, 4.12748384476, 2.52086567879, 1.87793123722, 3.19417738914, 10.820857048, 26.0420627594, 20.5958595276, 6.21666002274, 14.8308229446, 55.7118453979, 98.6489486694, 41.4263648987, 30.1046562195, 50.7546272278, 18.1312618256, 39.8668479919, 32.9217987061, 24.1956787109, 13.7061033249, 14.5103225708, 16.8681793213, 20.2457427979, 15.3902854919, 12.009636879, 11.4024400711, 8.07608318329, 8.09036922455, 15.4957056046, 26.3377838135, 31.0287055969, 21.5600185394, 7.47519397736, 1.7544785738, 0.682614386082, 0.143284544349, 0.0218946151435, 0.000672752503306, 6.7163426138e-05],
        "median": [0.0896779894829, 1.13357818127, 3.48098540306, 1.97246146202, 0.991624653339, 1.12344157696, 2.31165766716, 5.98438310623, 3.82160544395, 1.54399132729, 2.11957240105, 7.75010156631, 10.4986944199, 6.36036586761, 5.65753173828, 8.00845336914, 6.29232692719, 8.85209655762, 6.89040660858, 4.74153614044, 3.1444747448, 3.47297310829, 3.16949820518, 4.13007831573, 4.70898008347, 4.52760314941, 2.61984324455, 1.62220489979, 1.17677485943, 1.59867084026, 2.19981884956, 2.50059485435, 1.62337636948, 0.787113308907, 0.226232424378, 0.083353035152, 0.0158032551408, 0.00197642017156, 7.22035110812e-05, 3.8320042222e-05],
        "min": [4.4274074883e-22, 1.14160931075e-21, 6.08181637323e-21, 4.43996334683e-20, 1.19056389908e-19, 6.01200039082e-20, 1.3845387867e-19, 8.46122066304e-19, 1.94838761447e-19, 6.44442870158e-19, 1.78981825427e-18, 1.7204933845e-18, 1.66977273729e-18, 2.63977859371e-18, 4.69636962656e-18, 2.14141364838e-18, 4.12848945653e-18, 5.94734836774e-18, 4.89278366301e-18, 4.06576393708e-18, 1.12230095345e-17, 8.86506336958e-18, 1.49928057668e-17, 1.3803952012e-17, 1.32461750259e-17, 1.66452859832e-17, 1.8903161492e-17, 1.73021467989e-17, 2.28735821101e-17, 2.1669943329e-17, 1.95730586741e-17, 1.42234632771e-17, 1.21417995727e-17, 1.23859849439e-17, 8.62334382379e-18, 6.57278707351e-18, 3.13192520878e-18, 1.14078990838e-18, 3.21851788743e-19, 3.65732382532e-20],
        "stdev": [0.177175328135, 1.76186513901, 3.73171877861, 2.57071805, 2.66397500038, 6.207259655, 25.2557430267, 44.440196991, 46.0693511963, 22.3131580353, 42.7501945496, 130.251144409, 242.311401367, 125.625045776, 84.5953979492, 125.855354309, 47.9777030945, 108.638633728, 105.57875061, 54.5580749512, 37.1864433289, 38.158618927, 39.9520339966, 64.3828048706, 31.7229328156, 20.5204792023, 24.7182502747, 16.4688930511, 17.2191295624, 33.7780036926, 66.7757263184, 78.3116989136, 51.3098182678, 17.2953033447, 4.26285457611, 1.56116235256, 0.348060160875, 0.056476123631, 0.00188294390682, 8.79036597325e-05],
        "var": [0.0313910953701, 3.10416865349, 13.9257249832, 6.60859155655, 7.09676218033, 38.5300712585, 637.852600098, 1974.93115234, 2122.38525391, 497.877044678, 1827.57922363, 16965.359375, 58714.8164062, 15781.6523438, 7156.38134766, 15839.5703125, 2301.85986328, 11802.3525391, 11146.8730469, 2976.58374023, 1382.83166504, 1456.0802002, 1596.16516113, 4145.14599609, 1006.34442139, 421.090087891, 610.991882324, 271.224456787, 296.498443604, 1140.95361328, 4458.99755859, 6132.72167969, 2632.69750977, 299.127502441, 18.1719303131, 2.43722772598, 0.121145866811, 0.00318955234252, 3.54547773895e-06, 7.72705277541e-09]
    },
    "gfcc": {
        "mean": [-5.7318983078, 72.230140686, -99.8529434204, 35.3806266785, -57.420539856, 36.0219764709, -34.0742721558, 18.7562961578, -23.3103752136, 3.32464885712, -6.7883939743, -1.07444143295, -6.22967195511],
        "cov": [[7399.14648438, -2292.8828125, -379.63381958, -13.532740593, -800.176818848, 455.42086792, -402.611175537, 240.327423096, -228.116943359, 85.5020446777, -249.361984253, 109.840278625, -158.975418091], [-2292.8828125, 2227.73730469, -163.144210815, -181.666992188, 632.94708252, -303.88659668, 396.045074463, -71.3538589478, 88.5654296875, -19.9582901001, 157.257705688, -211.645751953, 84.8431091309], [-379.63381958, -163.144210815, 879.479675293, 291.561767578, -122.547286987, 125.023422241, -62.6360664368, -34.8599205017, 27.1819496155, -26.6336288452, -75.3722457886, 72.9699630737, -47.9060211182], [-13.532740593, -181.666992188, 291.561767578, 648.058654785, 82.2373123169, 52.5761222839, -86.7653808594, -22.3432159424, 72.5007171631, -87.9007263184, -59.8370132446, 27.456861496, -50.9582176208], [-800.176818848, 632.94708252, -122.547286987, 82.2373123169, 524.715148926, 35.3191413879, 148.080688477, -6.8191242218, 66.0918045044, -50.0779647827, 3.71068692207, -76.7826156616, -26.3284873962], [455.42086792, -303.88659668, 125.023422241, 52.5761222839, 35.3191413879, 411.703643799, 51.5991783142, -36.1596794128, 24.5380134583, -31.4669055939, -85.6308898926, -13.4004364014, -59.9896011353], [-402.611175537, 396.045074463, -62.6360664368, -86.7653808594, 148.080688477, 51.5991783142, 273.443634033, -11.2826843262, 1.59740114212, 7.10280036926, 22.6163005829, -78.6166992188, 0.319493860006], [240.327423096, -71.3538589478, -34.8599205017, -22.3432159424, -6.8191242218, -36.1596794128, -11.2826843262, 164.093566895, 23.5095825195, 0.587906897068, -0.814380288124, 3.70021986961, 18.3941955566], [-228.116943359, 88.5654296875, 27.1819496155, 72.5007171631, 66.0918045044, 24.5380134583, 1.59740114212, 23.5095825195, 148.043640137, -9.89255523682, -6.45342636108, 8.61066055298, 13.3332901001], [85.5020446777, -19.9582901001, -26.6336288452, -87.9007263184, -50.0779647827, -31.4669055939, 7.10280036926, 0.587906897068, -9.89255523682, 143.981277466, 49.8374328613, 3.56033444405, 39.8683776855], [-249.361984253, 157.257705688, -75.3722457886, -59.8370132446, 3.71068692207, -85.6308898926, 22.6163005829, -0.814380288124, -6.45342636108, 49.8374328613, 160.131515503, 28.8801708221, 43.9916191101], [109.840278625, -211.645751953, 72.9699630737, 27.456861496, -76.7826156616, -13.4004364014, -78.6166992188, 3.70021986961, 8.61066055298, 3.56033444405, 28.8801708221, 147.500717163, 16.5569782257], [-158.975418091, 84.8431091309, -47.9060211182, -50.9582176208, -26.3284873962, -59.9896011353, 0.319493860006, 18.3941955566, 13.3332901001, 39.8683776855, 43.9916191101, 16.5569782257, 145.591094971]],
        "icov": [[0.000292047916446, 1.13832684292e-05, 0.000335112039465, -0.000181342096766, 0.000406716775615, -0.000447935773991, 0.000212123442907, -0.00052977114683, 0.00041851811693, -0.000345032312907, 0.000323245883919, -0.000147722617839, 0.000289789284579], [1.13832684292e-05, 0.00167534232605, -0.000600497587584, 0.000697025563568, -0.0016235319199, 0.00155917112716, -0.00120356515981, 0.00104185950477, -0.000913017021958, 0.00080216221977, -0.000963228172623, 0.00149416085333, -0.000712562701665], [0.000335112039465, -0.000600497587584, 0.00218117260374, -0.00117307307664, 0.00154743529856, -0.00136401550844, 0.000387855456211, -0.00081049662549, 0.00070791435428, -0.000939629389904, 0.00122497149277, -0.00141436397098, 0.000825513678137], [-0.000181342096766, 0.000697025563568, -0.00117307307664, 0.0026905790437, -0.00150393601507, 0.000991165870801, 0.000227398442803, 0.0010604421841, -0.00141544733196, 0.00145114399493, -0.000564090849366, 0.000800852838438, -0.000234896768234], [0.000406716775615, -0.0016235319199, 0.00154743529856, -0.00150393601507, 0.0050004562363, -0.00216976832598, 9.70804539975e-05, -0.00163282733411, 0.000366839958588, -0.000563065637834, 0.00105311581865, -0.00100245245267, 0.00150571099948], [-0.000447935773991, 0.00155917112716, -0.00136401550844, 0.000991165870801, -0.00216976832598, 0.00528374966234, -0.00231697969139, 0.00239729112945, -0.00207525258884, 0.00121580972336, 0.000123683174024, 0.00122137751896, -0.000331824063323], [0.000212123442907, -0.00120356515981, 0.000387855456211, 0.000227398442803, 9.70804539975e-05, -0.00231697969139, 0.00663649849594, -0.00100544269662, 0.0011073788628, -0.000791906495579, -0.000460281939013, 0.00128026644234, 0.000424466619734], [-0.00052977114683, 0.00104185950477, -0.00081049662549, 0.0010604421841, -0.00163282733411, 0.00239729112945, -0.00100544269662, 0.00819720048457, -0.0026398121845, 0.00135683373082, -0.000655993295368, 0.00113553600386, -0.00148279569112], [0.00041851811693, -0.000913017021958, 0.00070791435428, -0.00141544733196, 0.000366839958588, -0.00207525258884, 0.0011073788628, -0.0026398121845, 0.00921760406345, -0.00109968718607, 0.0012153594289, -0.00174944638275, -0.000442390795797], [-0.000345032312907, 0.00080216221977, -0.000939629389904, 0.00145114399493, -0.000563065637834, 0.00121580972336, -0.000791906495579, 0.00135683373082, -0.00109968718607, 0.00967262964696, -0.00319741573185, 0.00166619219817, -0.00218740431592], [0.000323245883919, -0.000963228172623, 0.00122497149277, -0.000564090849366, 0.00105311581865, 0.000123683174024, -0.000460281939013, -0.000655993295368, 0.0012153594289, -0.00319741573185, 0.00998034887016, -0.0036978602875, -0.000385636521969], [-0.000147722617839, 0.00149416085333, -0.00141436397098, 0.000800852838438, -0.00100245245267, 0.00122137751896, 0.00128026644234, 0.00113553600386, -0.00174944638275, 0.00166619219817, -0.0036978602875, 0.0107754087076, -0.00144552323036], [0.000289789284579, -0.000712562701665, 0.000825513678137, -0.000234896768234, 0.00150571099948, -0.000331824063323, 0.000424466619734, -0.00148279569112, -0.000442390795797, -0.00218740431592, -0.000385636521969, -0.00144552323036, 0.00903203524649]]
    },
    "melbands": {
        "dmean": [0.000725420191884, 0.000794936902821, 0.000177057634573, 0.000104772603663, 0.000160517214681, 0.000293589604553, 0.000212343293242, 4.77450666949e-05, 9.86683517112e-05, 0.000200614013011, 0.00030436340603, 0.000123625650303, 8.58687926666e-05, 0.000149211540702, 6.52717135381e-05, 2.02652481676e-05, 5.71355267311e-05, 4.15188806073e-05, 3.1845716876e-05, 2.00908707484e-05, 1.37417555379e-05, 1.36490270961e-05, 1.18515508802e-05, 1.07625282908e-05, 1.53727341967e-05, 9.50889989326e-06, 7.08342759026e-06, 6.098528047e-06, 6.41279893898e-06, 5.38150106877e-06, 4.8383972171e-06, 4.49311210104e-06, 5.06976493853e-06, 1.0961359294e-05, 1.71135761775e-05, 2.25672574743e-05, 2.43986014539e-05, 1.89093480003e-05, 1.19727419587e-05, 5.05922753291e-06],
        "dmean2": [0.00111969199497, 0.00125701841898, 0.000283810601104, 0.00016672158381, 0.000233117432799, 0.000430013111327, 0.000332295981934, 8.03090733825e-05, 0.00013691886852, 0.000290318886982, 0.000409759231843, 0.000171634281287, 0.000136169735924, 0.00025370286312, 0.00010150406888, 3.21800580423e-05, 8.15574894659e-05, 6.21401195531e-05, 4.89947888127e-05, 3.10645082209e-05, 2.2766951588e-05, 2.10665348277e-05, 1.85070111911e-05, 1.64826542459e-05, 2.37297281274e-05, 1.50988380483e-05, 1.09791890281e-05, 9.31372687774e-06, 9.95360642264e-06, 8.76842477737e-06, 8.0671543401e-06, 7.37477557777e-06, 8.24237940833e-06, 1.88820267795e-05, 2.94060046144e-05, 3.90336026612e-05, 4.24867757829e-05, 3.23396016029e-05, 2.02207866096e-05, 8.36857725517e-06],
        "dvar": [1.71878195943e-06, 2.01582975023e-06, 1.25212295643e-07, 4.46827854717e-08, 1.74419554355e-07, 3.46840351995e-07, 3.0681050589e-07, 3.78386530997e-08, 8.92328770874e-08, 2.18435346255e-07, 5.64168203709e-07, 1.22149671711e-07, 5.97232912014e-08, 2.00192474153e-07, 6.96614961271e-08, 2.80169554223e-09, 2.34887309603e-08, 1.50830548051e-08, 6.18158502164e-09, 2.28483276743e-09, 2.04695260742e-09, 1.09167708207e-09, 5.76431180566e-10, 7.88446641309e-10, 3.199618126e-09, 5.24969123727e-10, 1.62343305465e-10, 1.3283427136e-10, 1.85264026342e-10, 1.57863472294e-10, 1.0520149335e-10, 9.37189839623e-11, 1.0123148847e-10, 5.70457348026e-10, 1.74605574443e-09, 2.89158386124e-09, 3.45641537614e-09, 1.82757398104e-09, 7.42075623172e-10, 1.20268850434e-10],
        "dvar2": [3.93265281673e-06, 4.97868677485e-06, 3.0526291539e-07, 1.18709294838e-07, 3.81214675826e-07, 7.33192848656e-07, 7.37277332519e-07, 8.72627836657e-08, 1.63023230471e-07, 4.00008872248e-07, 9.33605406317e-07, 2.13612082689e-07, 1.33248590828e-07, 5.48079299278e-07, 1.84657992008e-07, 7.42503303286e-09, 4.23656381088e-08, 2.52142502433e-08, 1.30894335371e-08, 4.91305796047e-09, 4.14579037766e-09, 1.93209714894e-09, 1.26417865065e-09, 1.82956816364e-09, 7.51942508259e-09, 1.175397224e-09, 3.70015573736e-10, 2.86056567322e-10, 4.22918561283e-10, 3.78795383948e-10, 2.58113891372e-10, 2.23996488025e-10, 2.49707560185e-10, 1.4847140184e-09, 4.65787408643e-09, 7.72483410572e-09, 9.38609900913e-09, 4.83479833946e-09, 1.92167837199e-09, 2.98675084665e-10],
        "max": [0.0145947150886, 0.0142912827432, 0.00370753603056, 0.00293416855857, 0.00787926930934, 0.00647213030607, 0.00934575404972, 0.00414761900902, 0.00440642191097, 0.00762576982379, 0.0101308217272, 0.006848373916, 0.00378671009094, 0.00559903914109, 0.00544217554852, 0.00108431780245, 0.00319408951327, 0.00312942895107, 0.00205463008024, 0.000672561873216, 0.0011187903583, 0.000802014779765, 0.000311268668156, 0.000516942935064, 0.0012420770945, 0.000363367522368, 0.000196200067876, 0.000198168927454, 0.000197638059035, 0.000282931316178, 0.000152335545863, 0.000145825222717, 9.56106669037e-05, 0.000245395931415, 0.000433449225966, 0.000398448697524, 0.000625213899184, 0.000365483603673, 0.000379613775294, 0.000149243700434],
        "mean": [0.00161751627456, 0.00213112449273, 0.000422771496233, 0.000172594896867, 0.000326015404426, 0.000589005765505, 0.000286439142656, 5.12923325005e-05, 0.000152433785843, 0.000372190203052, 0.000493151077535, 0.00017026362184, 9.00940285646e-05, 0.000144302917761, 8.5980987933e-05, 2.52109402936e-05, 8.548850019e-05, 5.64686815778e-05, 3.81849786208e-05, 2.34542458202e-05, 1.49251809489e-05, 1.57914637384e-05, 1.44532132254e-05, 1.3568704162e-05, 1.72305244632e-05, 1.2153715943e-05, 9.32968578127e-06, 7.66487301007e-06, 7.51939614929e-06, 5.49439391762e-06, 4.47962975159e-06, 4.36607206211e-06, 5.19848572367e-06, 9.90417265712e-06, 1.42296612466e-05, 1.80210936378e-05, 1.93973064597e-05, 1.64089451573e-05, 1.06686793515e-05, 4.78204583487e-06],
        "median": [0.000993548543192, 0.00191213411745, 0.000358784309356, 7.90513586253e-05, 8.33086742205e-05, 0.000145754223922, 4.63344731543e-05, 6.54059704175e-06, 1.39919666253e-05, 4.46389894933e-05, 3.85470957553e-05, 1.84573982551e-05, 1.23576828628e-05, 1.83806478162e-05, 1.63424410857e-05, 6.82525342199e-06, 1.36238404593e-05, 9.63089041761e-06, 6.74727425576e-06, 4.5106203288e-06, 2.81239590549e-06, 3.6696578718e-06, 2.59793910118e-06, 2.62410821961e-06, 3.00776264339e-06, 3.15053398481e-06, 2.98778604702e-06, 2.68975236395e-06, 1.7323125121e-06, 1.00472107079e-06, 7.13113877282e-07, 5.73957379402e-07, 6.53553740904e-07, 8.97858512872e-07, 1.15756063224e-06, 1.22379958611e-06, 1.52337236159e-06, 1.08057963644e-06, 8.66856339599e-07, 5.26247390553e-07],
        "min": [6.42587673491e-24, 3.01346325187e-24, 1.06694210515e-23, 6.12038522177e-24, 4.87922500008e-24, 1.65265712778e-23, 2.47104525445e-24, 1.10361885187e-23, 1.3265661687e-23, 1.12570340735e-23, 8.48637865833e-24, 9.94490595258e-24, 1.76228465446e-23, 4.46738596501e-24, 9.50826670837e-24, 9.59604878332e-24, 1.08365783107e-23, 7.51075651152e-24, 5.22502099459e-24, 7.02076108227e-24, 1.41344026475e-23, 8.85374250442e-24, 9.37689060208e-24, 1.32803739429e-23, 1.0805038074e-23, 1.22627473195e-23, 6.56693098122e-24, 1.28113850907e-23, 1.22918831082e-23, 9.35177563744e-24, 1.12411306376e-23, 1.47043767397e-23, 9.7374095021e-24, 1.38654973199e-23, 1.17947263996e-23, 9.30894049029e-24, 8.31465468332e-24, 8.6066815241e-24, 9.30979403779e-24, 1.06087410818e-23],
        "stdev": [0.00186544458847, 0.00174147088546, 0.000406546751037, 0.000283471308649, 0.00071124691749, 0.000938076002058, 0.000631261267699, 0.000200427239179, 0.000463733420474, 0.00087913160678, 0.00124314543791, 0.000547386705875, 0.000281400716631, 0.000406792707508, 0.000265970767941, 5.66175476706e-05, 0.000248557917075, 0.000193799016415, 0.000103043377749, 5.83761102462e-05, 5.45557086298e-05, 4.70308586955e-05, 3.23770582327e-05, 3.41309932992e-05, 6.22518928139e-05, 2.97596125165e-05, 1.64476423379e-05, 1.43606721394e-05, 1.6211928596e-05, 1.33242801894e-05, 1.00015868156e-05, 9.98489576887e-06, 1.09667453216e-05, 2.28054796025e-05, 3.72948634322e-05, 4.71000967082e-05, 4.96209358971e-05, 3.94775051973e-05, 2.60411306954e-05, 1.11580184239e-05],
        "var": [3.47988361682e-06, 3.03272076962e-06, 1.65280269471e-07, 8.03559814244e-08, 5.0587215128e-07, 8.79986544078e-07, 3.98490811904e-07, 4.01710806841e-08, 2.15048672203e-07, 7.72872397192e-07, 1.54541055508e-06, 2.9963220527e-07, 7.91863641325e-08, 1.65480315673e-07, 7.07404552713e-08, 3.20554671696e-09, 6.1781037175e-08, 3.75580597733e-08, 1.06179376402e-08, 3.40777006613e-09, 2.97632518631e-09, 2.21190177285e-09, 1.04827391212e-09, 1.16492482327e-09, 3.87529786039e-09, 8.85634510173e-10, 2.70524963542e-10, 2.06228895072e-10, 2.62826621578e-10, 1.77536443879e-10, 1.00031746775e-10, 9.96981386336e-11, 1.2026950269e-10, 5.20089915579e-10, 1.39090694518e-09, 2.2184192261e-09, 2.46223730294e-09, 1.55847346139e-09, 6.78140488208e-10, 1.24501367549e-10]
    },
    "melbands128": {
