{
"lowlevel": {
    "average_loudness": 0.889235496521,
    "barkbands_crest": {
        "dmean": 3.656904459,
        "dmean2": 6.14341259003,
        "dvar": 9.77497577667,
        "dvar2": 22.9642066956,
        "max": 25.6849822998,
        "mean": 15.1938066483,
        "median": 15.4065618515,
        "min": 3.09976482391,
        "stdev": 4.78666830063,
        "var": 22.9121932983
    },
    "barkbands_flatness_db": {
        "dmean": 0.0559021383524,
        "dmean2": 0.0798879042268,
        "dvar": 0.00209992215969,
        "dvar2": 0.00466399127617,
        "max": 0.475623160601,
        "mean": 0.214233085513,
        "median": 0.215166121721,
        "min": 0.0250711850822,
        "stdev": 0.0877186581492,
        "var": 0.00769456289709
    },
    "barkbands_kurtosis": {
        "dmean": 58.7021560669,
        "dmean2": 97.6050262451,
        "dvar": 9267.50878906,
        "dvar2": 24576.7109375,
        "max": 727.06262207,
        "mean": 63.0711326599,
        "median": 28.9453125,
        "min": -1.90367937088,
        "stdev": 95.0290679932,
        "var": 9030.5234375
    },
    "barkbands_skewness": {
        "dmean": 2.81896495819,
        "dmean2": 4.2958984375,
        "dvar": 8.54264259338,
        "dvar2": 21.6516151428,
        "max": 22.9371814728,
        "mean": 5.71363639832,
        "median": 5.12674331665,
        "min": -2.11711549759,
        "stdev": 4.02084159851,
        "var": 16.1671657562
    },
    "barkbands_spread": {
        "dmean": 13.4719200134,
        "dmean2": 20.1225013733,
        "dvar": 234.345565796,
        "dvar2": 486.669830322,
        "max": 116.92880249,
        "mean": 19.5228290558,
        "median": 10.1254768372,
        "min": 0.401740133762,
        "stdev": 22.4077033997,
        "var": 502.105194092
    },
    "dissonance": {
        "dmean": 0.0165950022638,
        "dmean2": 0.0265755355358,
        "dvar": 0.00051832117606,
        "dvar2": 0.00117734877858,
        "max": 0.499999433756,
        "mean": 0.471610665321,
        "median": 0.477651000023,
        "min": 0.0358850248158,
        "stdev": 0.025339063257,
        "var": 0.000642068102024
    },
    "dynamic_complexity": 4.79842948914,
    "erbbands_crest": {
        "dmean": 2.5444791317,
        "dmean2": 4.29015111923,
        "dvar": 7.56873893738,
        "dvar2": 20.2802352905,
        "max": 20.2902965546,
        "mean": 6.46300697327,
        "median": 5.39806604385,
        "min": 2.00669169426,
        "stdev": 3.3345489502,
        "var": 11.1192169189
    },
    "erbbands_flatness_db": {
        "dmean": 0.0206219442189,
        "dmean2": 0.0314200408757,
        "dvar": 0.000320003484376,
        "dvar2": 0.000728228653315,
        "max": 0.208865731955,
        "mean": 0.0814986974001,
        "median": 0.0775308907032,
        "min": 0.0366656221449,
        "stdev": 0.0276650357991,
        "var": 0.000765354197938
    },
    "erbbands_kurtosis": {
        "dmean": 1.38150918484,
        "dmean2": 2.29242157936,
        "dvar": 5.69091653824,
        "dvar2": 14.6363182068,
        "max": 27.719953537,
        "mean": 0.0249466504902,
        "median": -0.640516757965,
        "min": -1.84295558929,
        "stdev": 2.46065807343,
        "var": 6.05483865738
    },
    "erbbands_skewness": {
        "dmean": 0.7186601758,
        "dmean2": 1.08078944683,
        "dvar": 0.442615002394,
        "dvar2": 1.09621393681,
        "max": 5.05201864243,
        "mean": 0.238247126341,
        "median": 0.183269932866,
        "min": -3.18912148476,
        "stdev": 0.990190148354,
        "var": 0.980476498604
    },
    "erbbands_spread": {
        "dmean": 31.365404129,
        "dmean2": 45.7989006042,
        "dvar": 784.525024414,
        "dvar2": 1589.18322754,
        "max": 219.891265869,
        "mean": 88.9515380859,
        "median": 82.6201324463,
        "min": 12.2471675873,
        "stdev": 38.3286743164,
        "var": 1469.08728027
    },
    "hfc": {
        "dmean": 34.6145324707,
        "dmean2": 54.660484314,
        "dvar": 4264.21142578,
        "dvar2": 10650.3574219,
        "max": 571.858947754,
        "mean": 38.3535766602,
        "median": 6.94724273682,
        "min": 1.14503859339e-16,
        "stdev": 79.9946746826,
        "var": 6399.1484375
    },
    "loudness_ebu128": {
        "integrated": -22.4437789917,
        "loudness_range": 4.02484893799,
        "momentary": {
            "dmean": 1.66325819492,
            "dmean2": 2.9062743187,
            "dvar": 1.92652380466,
            "dvar2": 4.52039051056,
            "max": -17.2088241577,
            "mean": -23.0520591736,
            "median": -23.0579586029,
            "min": -29.6761493683,
            "stdev": 2.31721973419,
            "var": 5.36950683594
        },
        "short_term": {
            "dmean": 0.170723095536,
            "dmean2": 0.2875469625,
            "dvar": 0.020671473816,
            "dvar2": 0.0395432896912,
            "max": -19.5567817688,
            "mean": -22.590013504,
            "median": -23.1187381744,
            "min": -24.3359851837,
            "stdev": 1.24250590801,
            "var": 1.54382097721
        }
    },
    "melbands_crest": {
        "dmean": 5.14597702026,
        "dmean2": 8.53769493103,
        "dvar": 21.1598396301,
        "dvar2": 48.4462585449,
        "max": 38.6578521729,
        "mean": 26.6918926239,
        "median": 28.4232177734,
        "min": 3.32398867607,
        "stdev": 7.93077659607,
        "var": 62.8972167969
    },
    "melbands_flatness_db": {
        "dmean": 0.0640655457973,
        "dmean2": 0.0888241752982,
        "dvar": 0.0027993042022,
        "dvar2": 0.00598280876875,
        "max": 0.599840044975,
        "mean": 0.312149614096,
        "median": 0.320596039295,
        "min": 0.00765029527247,
        "stdev": 0.11024030298,
        "var": 0.0121529242024
    },
    "melbands_kurtosis": {
        "dmean": 193.081542969,
        "dmean2": 301.680999756,
        "dvar": 92432.234375,
        "dvar2": 217192.078125,
        "max": 2401.40576172,
        "mean": 240.031005859,
        "median": 125.94078064,
        "min": -1.47987306118,
        "stdev": 329.431335449,
        "var": 108525.007812
    },
    "melbands_skewness": {
        "dmean": 4.35648345947,
        "dmean2": 6.31453275681,
        "dvar": 20.0210762024,
        "dvar2": 39.8226966858,
        "max": 38.2372932434,
        "mean": 10.5733127594,
        "median": 9.12988758087,
        "min": 0.22475245595,
        "stdev": 6.69381189346,
        "var": 44.8071174622
    },
    "melbands_spread": {
        "dmean": 7.40797328949,
        "dmean2": 11.0169858932,
        "dvar": 189.10319519,
        "dvar2": 314.655487061,
        "max": 200.757339478,
        "mean": 11.7388296127,
        "median": 3.36663269997,
        "min": 0.139512315392,
        "stdev": 23.9584960938,
        "var": 574.009521484
    },
    "pitch_salience": {
        "dmean": 0.119588069618,
        "dmean2": 0.193186879158,
        "dvar": 0.0118990140036,
        "dvar2": 0.0274055879563,
        "max": 0.808852553368,
        "mean": 0.356486439705,
        "median": 0.351264446974,
        "min": 0.0365469418466,
        "stdev": 0.175239354372,
        "var": 0.030708828941
    },
    "silence_rate_20dB": {
        "dmean": 0.116099074483,
        "dmean2": 0.232378005981,
        "dvar": 0.102620303631,
        "dvar2": 0.206264451146,
        "max": 1,
        "mean": 0.870842993259,
        "median": 1,
        "min": 0,
        "stdev": 0.335371613503,
        "var": 0.112474128604
    },
    "silence_rate_30dB": {
        "dmean": 0.150154799223,
        "dmean2": 0.300542205572,
        "dvar": 0.127608835697,
        "dvar2": 0.21641549468,
        "max": 1,
        "mean": 0.699149250984,
        "median": 1,
        "min": 0,
        "stdev": 0.458629190922,
        "var": 0.210340738297
    },
    "silence_rate_60dB": {
        "dmean": 0.0208978336304,
        "dmean2": 0.0418280400336,
        "dvar": 0.0204611681402,
        "dvar2": 0.0400790907443,
        "max": 1,
        "mean": 0.0696055665612,
        "median": 0,
        "min": 0,
        "stdev": 0.254480600357,
        "var": 0.0647603794932
    },
    "spectral_centroid": {
        "dmean": 564.898620605,
        "dmean2": 861.950012207,
        "dvar": 351630.5,
        "dvar2": 675875.5,
        "max": 11059.4003906,
        "mean": 1302.67089844,
        "median": 1064.55126953,
        "min": 152.022720337,
        "stdev": 946.127685547,
        "var": 895157.5625
    },
    "spectral_complexity": {
        "dmean": 4.5851392746,
        "dmean2": 7.55305957794,
        "dvar": 60.7873344421,
        "dvar2": 144.679275513,
        "max": 53,
        "mean": 8.15545272827,
        "median": 5,
        "min": 0,
        "stdev": 9.59615707397,
        "var": 92.0862350464
    },
    "spectral_decrease": {
        "dmean": 2.55108503211e-08,
        "dmean2": 3.91372907416e-08,
        "dvar": 2.65739794773e-15,
        "dvar2": 6.20719465682e-15,
        "max": -4.2110798281e-29,
        "mean": -3.15096109205e-08,
        "median": -6.86849777054e-09,
        "min": -5.21274500898e-07,
        "stdev": 5.79872079243e-08,
        "var": 3.36251624214e-15
    },
    "spectral_energy": {
        "dmean": 0.0977946519852,
        "dmean2": 0.14913533628,
        "dvar": 0.0381817482412,
        "dvar2": 0.087690629065,
        "max": 1.97612571716,
        "mean": 0.122403360903,
        "median": 0.0267176423222,
        "min": 1.0544757085e-20,
        "stdev": 0.222486913204,
        "var": 0.0495004281402
    },
    "spectral_energyband_high": {
        "dmean": 0.00277881580405,
        "dmean2": 0.00469605717808,
        "dvar": 3.31549163093e-05,
        "dvar2": 8.74907273101e-05,
        "max": 0.0547864213586,
        "mean": 0.00293509871699,
        "median": 0.000419414922362,
        "min": 7.22373597768e-21,
        "stdev": 0.00730468146503,
        "var": 5.33583734068e-05
    },
    "spectral_energyband_low": {
        "dmean": 0.09083750844,
        "dmean2": 0.137837529182,
        "dvar": 0.0334684364498,
        "dvar2": 0.0792389512062,
        "max": 1.94308769703,
        "mean": 0.107084058225,
        "median": 0.0206940639764,
        "min": 1.65744800627e-22,
        "stdev": 0.202154561877,
        "var": 0.0408664681017
    },
    "spectral_energyband_middle_high": {
        "dmean": 0.00136650702916,
        "dmean2": 0.00236246641725,
        "dvar": 1.34357396746e-05,
        "dvar2": 3.63525468856e-05,
        "max": 0.0482019409537,
        "mean": 0.0015570129035,
        "median": 0.000210112091736,
        "min": 1.58927951885e-21,
        "stdev": 0.0044914521277,
        "var": 2.01731436391e-05
    },
    "spectral_energyband_middle_low": {
        "dmean": 0.00492764310911,
        "dmean2": 0.00854059308767,
        "dvar": 0.000359561701771,
        "dvar2": 0.00100667204242,
        "max": 0.244749739766,
        "mean": 0.00499194860458,
        "median": 0.00127713545226,
        "min": 4.54232369626e-22,
        "stdev": 0.0159708987921,
        "var": 0.000255069578998
    },
    "spectral_entropy": {
        "dmean": 0.390228420496,
        "dmean2": 0.510541975498,
        "dvar": 0.104644022882,
        "dvar2": 0.217212840915,
        "max": 9.8145866394,
        "mean": 7.98776006699,
        "median": 8.07154846191,
        "min": 6.00326299667,
        "stdev": 0.529920697212,
        "var": 0.280815929174
    },
    "spectral_flux": {
        "dmean": 0.110538601875,
        "dmean2": 0.186565592885,
        "dvar": 0.0238218531013,
        "dvar2": 0.0560902506113,
        "max": 1.2971637249,
        "mean": 0.179333239794,
        "median": 0.0924169868231,
        "min": 1.02687670867e-10,
        "stdev": 0.189093381166,
        "var": 0.0357563048601
    },
    "spectral_kurtosis": {
        "dmean": 1.61785566807,
        "dmean2": 2.12811851501,
        "dvar": 2.76429224014,
        "dvar2": 5.97102212906,
        "max": 14.8416099548,
        "mean": 1.84469389915,
        "median": 1.34186840057,
        "min": -1.15319871902,
        "stdev": 2.11829829216,
        "var": 4.4871878624
    },
    "spectral_rms": {
        "dmean": 0.00359996547922,
        "dmean2": 0.00536343036219,
        "dvar": 2.61549921561e-05,
        "dvar2": 4.50071711384e-05,
        "max": 0.0439081713557,
        "mean": 0.00812974572182,
        "median": 0.00510548660532,
        "min": 3.2074239098e-12,
        "stdev": 0.00730241136625,
        "var": 5.3325209592e-05
    },
    "spectral_rolloff": {
        "dmean": 760.432006836,
        "dmean2": 1271.99707031,
        "dvar": 4262019.5,
        "dvar2": 8893676,
        "max": 19186.0839844,
        "mean": 1043.2052002,
        "median": 107.666015625,
        "min": 21.533203125,
        "stdev": 2733.79150391,
        "var": 7473615.5
    },
    "spectral_skewness": {
        "dmean": 0.378532111645,
        "dmean2": 0.486421585083,
        "dvar": 0.104870766401,
        "dvar2": 0.220346540213,
        "max": 3.35888528824,
        "mean": 1.23925602436,
        "median": 1.13849210739,
        "min": 0.00170853582677,
        "stdev": 0.492806345224,
        "var": 0.242858082056
    },
    "spectral_spread": {
        "dmean": 2393580.25,
        "dmean2": 3096466.25,
        "dvar": 4.34576398746e+12,
        "dvar2": 8.28958467686e+12,
        "max": 38971972,
        "mean": 9095670,
        "median": 8948195,
        "min": 3637768.75,
        "stdev": 2976183.75,
        "var": 8.85766959923e+12
    },
    "spectral_strongpeak": {
        "dmean": 0.323727399111,
        "dmean2": 0.513097822666,
        "dvar": 1.2787514925,
        "dvar2": 2.07993125916,
        "max": 37.3547744751,
        "mean": 0.399190843105,
        "median": 0.191899836063,
        "min": 0,
        "stdev": 1.40744543076,
        "var": 1.98090279102
    },
    "zerocrossingrate": {
        "dmean": 0.0272012725472,
        "dmean2": 0.0319807194173,
        "dvar": 0.000958876335062,
        "dvar2": 0.00103723001666,
        "max": 0.49755859375,
        "mean": 0.0606095604599,
        "median": 0.03759765625,
        "min": 0.00146484375,
        "stdev": 0.0655405893922,
        "var": 0.00429556891322
    },
    "barkbands": {
        "dmean": [0.026379711926, 0.072189502418, 0.00831956695765, 0.00231415871531, 0.00174786860589, 0.000700672506355, 0.000362785125617, 7.04477861291e-05, 0.000107818552351, 0.000372027163394, 0.000171949301148, 0.000117965006211, 0.000217199078179, 8.60390282469e-05, 9.43624836509e-05, 7.63388743508e-05, 8.110771887e-05, 0.000140789925354, 0.000177808309672, 0.000131601394969, 0.000167158330441, 0.00019128981512, 0.000322473613778, 0.000385722174542, 0.000898003461771, 0.000860046769958, 0.000159198258189],
        "dmean2": [0.0427918583155, 0.113438822329, 0.0151051068678, 0.00433831708506, 0.0030733870808, 0.0010757218115, 0.000573032943066, 0.000125102349557, 0.000177367925062, 0.000638506084215, 0.000304576213239, 0.000191541199456, 0.000387739011785, 0.000153117274749, 0.000169398903381, 0.0001324708428, 0.000141146680107, 0.000258718966506, 0.000314597680699, 0.00022354174871, 0.00027167625376, 0.000312089076033, 0.000511795224156, 0.000639302888885, 0.00154957047198, 0.00153599109035, 0.000291422533337],
        "dvar": [0.0036991557572, 0.0213229376823, 0.000650106114335, 0.000109493696073, 6.05978893873e-05, 4.65449375042e-06, 3.65605455954e-06, 4.40171668004e-08, 8.09882578778e-08, 1.72555223799e-06, 3.86683865372e-07, 1.18147326589e-07, 6.10478991803e-07, 5.68120128719e-08, 7.52886109012e-08, 3.16584163329e-08, 3.68285739683e-08, 1.19432485235e-07, 2.34738408267e-07, 1.11298923855e-07, 2.00999011213e-07, 1.88841696058e-07, 5.01370266193e-07, 6.40229529836e-07, 4.29787814937e-06, 4.37890321336e-06, 2.65601954652e-07],
        "dvar2": [0.0095922043547, 0.0498300231993, 0.00184191670269, 0.000314845441608, 0.000169595659827, 1.01447431007e-05, 7.39056531529e-06, 1.23430410781e-07, 1.97106402311e-07, 4.4052976591e-06, 1.0648418538e-06, 2.53013155316e-07, 1.68312465121e-06, 1.52579417545e-07, 2.11954358065e-07, 8.60492903598e-08, 1.0470837708e-07, 3.33006141773e-07, 6.67786707709e-07, 2.94608810236e-07, 5.68400480461e-07, 4.89100898449e-07, 1.06231493646e-06, 1.59337196237e-06, 1.12755769806e-05, 1.22038709378e-05, 7.59599231515e-07],
        "max": [0.931907773018, 1.31034910679, 0.351923644543, 0.134790867567, 0.103368975222, 0.036964494735, 0.0323028825223, 0.00321136461571, 0.00594998523593, 0.0304981768131, 0.00475650373846, 0.00613081175834, 0.00832169130445, 0.00220079976134, 0.00284580537118, 0.0020576599054, 0.00374875310808, 0.00251554488204, 0.00877639371902, 0.00657709268853, 0.00761828524992, 0.00872609298676, 0.0138054573908, 0.0163386538625, 0.0221640337259, 0.0168634392321, 0.00526113808155],
        "mean": [0.0293081179261, 0.0770803540945, 0.00666899373755, 0.00174645520747, 0.00143114244565, 0.000897151709069, 0.000512812985107, 5.65869922866e-05, 0.000152987762704, 0.000492132618092, 0.000133810361149, 0.000120372038509, 0.000170494036865, 7.22480472177e-05, 7.50073813833e-05, 6.82397730998e-05, 9.41555626923e-05, 0.000113221860374, 0.000195206899662, 0.000141132855788, 0.0001869132102, 0.000235053870711, 0.000415788585087, 0.000475197273772, 0.000833600235637, 0.000627511471976, 9.8665303085e-05],
        "median": [0.00636582169682, 0.0122618423775, 0.000997753348202, 0.000431980297435, 0.000319618498906, 0.000118856631161, 7.41088151699e-05, 8.93638116395e-06, 5.88357579545e-05, 3.18770980812e-05, 1.7665895939e-05, 2.2737076506e-05, 1.80010811164e-05, 1.23967383843e-05, 1.48766248458e-05, 1.39520743687e-05, 1.33948651637e-05, 1.53045930347e-05, 1.75372970261e-05, 1.82400490303e-05, 4.09362473874e-05, 4.18827075919e-05, 5.07375152665e-05, 6.57626005705e-05, 7.96777676442e-05, 7.89196856203e-05, 8.02864724392e-06],
        "min": [1.08248086638e-22, 1.01464438211e-22, 6.84335336444e-24, 1.29169804338e-23, 5.8947498614e-23, 1.00412596324e-22, 1.28352541284e-22, 4.98009940504e-23, 9.19434550648e-23, 4.0466147368e-23, 1.45679927866e-22, 7.14002864699e-23, 4.41896528822e-23, 1.57615582688e-22, 1.40956228765e-22, 1.23750983096e-22, 1.63562975447e-22, 3.19619529172e-22, 2.14230716217e-22, 4.61553099801e-22, 4.06715932535e-22, 3.90241411877e-22, 5.91405461304e-22, 6.71906028244e-22, 1.14574743525e-21, 1.51657214035e-21, 2.2962156161e-21],
        "stdev": [0.0650835707784, 0.15492375195, 0.0205540489405, 0.00799750257283, 0.00619768677279, 0.00333743426017, 0.0025287726894, 0.000168201149791, 0.000325779285049, 0.00224083429202, 0.000514006940648, 0.000415657734266, 0.000678269716445, 0.000204556868994, 0.000223070630454, 0.000166149111465, 0.000290920957923, 0.000300912652165, 0.000641821825411, 0.000394097907702, 0.000502628507093, 0.000703535042703, 0.00133907201234, 0.00148748292122, 0.00237978622317, 0.00167341530323, 0.000388280051993],
        "var": [0.00423587160185, 0.0240013673902, 0.000422468961915, 6.39600402792e-05, 3.84113191103e-05, 1.11384679258e-05, 6.39469135422e-06, 2.82916250427e-08, 1.06132134192e-07, 5.02133843838e-06, 2.64203123379e-07, 1.72771351004e-07, 4.60049847106e-07, 4.18435099903e-08, 4.97605050498e-08, 2.76055267534e-08, 8.46350047823e-08, 9.05484256464e-08, 4.11935218381e-07, 1.55313159667e-07, 2.52635430797e-07, 4.9496156862e-07, 1.79311382453e-06, 2.21260529543e-06, 5.66338212593e-06, 2.80031895272e-06, 1.5076140869e-07]
    },
    "erbbands": {
        "dmean": [3.8273499012, 10.6827478409, 12.1528596878, 7.99810743332, 7.40347623825, 4.77233076096, 5.93729496002, 4.56774139404, 6.12436342239, 2.33366966248, 1.54035449028, 2.57573866844, 10.2531576157, 8.29532337189, 6.35108232498, 5.14004421234, 9.39120578766, 4.89863348007, 5.8848400116, 3.59562754631, 4.65867710114, 4.68265247345, 7.15775775909, 6.34404420853, 10.784075737, 6.03531265259, 5.64034366608, 7.63154029846, 6.84951639175, 7.95409870148, 8.98372650146, 7.07028627396, 7.7423324585, 9.72651767731, 6.19732522964, 3.21236562729, 1.63238584995, 0.489284038544, 0.016039473936, 0.000402434176067],
        "dmean2": [6.0829372406, 17.6000232697, 21.6221942902, 14.7208118439, 13.3435583115, 8.57236862183, 9.72946166992, 6.98206853867, 9.64409065247, 3.835719347, 2.64294505119, 4.26796102524, 17.6672687531, 14.0676288605, 11.1365432739, 8.18775081635, 16.4912452698, 8.80140018463, 10.6114454269, 6.3515086174, 8.12857723236, 8.20313739777, 13.0749979019, 11.0885276794, 19.4572296143, 10.0195150375, 9.21091842651, 12.3284568787, 11.2153940201, 13.2595205307, 14.5400667191, 11.4675998688, 12.7348499298, 17.0075492859, 10.7361774445, 5.63854455948, 2.92204260826, 0.889174997807, 0.0291458088905, 0.000637854391243],
        "dvar": [64.6874847412, 581.407775879, 1288.42370605, 808.406982422, 1332.69616699, 415.708404541, 321.521514893, 220.426345825, 1028.33325195, 70.7223739624, 18.0817050934, 34.9147834778, 1784.16491699, 578.348144531, 481.60269165, 212.206176758, 1167.99694824, 226.588043213, 327.607330322, 86.4557647705, 120.697662354, 132.293136597, 303.473358154, 277.593109131, 902.375366211, 199.249160767, 136.617630005, 566.107116699, 242.10925293, 253.408081055, 466.525695801, 220.992889404, 266.633575439, 547.407592773, 206.880081177, 47.2287445068, 16.5706596375, 2.26469278336, 0.00216612569056, 8.30521969419e-07],
        "dvar2": [156.556808472, 1427.33447266, 3631.02099609, 2289.62109375, 3774.16894531, 1186.2109375, 768.843200684, 460.331878662, 2210.17749023, 143.631195068, 47.9840545654, 84.5327224731, 4606.57714844, 1509.9342041, 1328.19091797, 451.381500244, 3137.85571289, 628.429077148, 915.021911621, 226.240509033, 324.463409424, 367.327331543, 847.914428711, 736.029174805, 2635.43237305, 516.422363281, 338.692565918, 1605.33886719, 654.962890625, 649.147949219, 1042.67858887, 517.158874512, 652.511047363, 1508.36071777, 525.043579102, 128.252639771, 46.4989395142, 6.49905204773, 0.00610681157559, 2.11355677493e-06],
        "max": [89.6184921265, 307.999298096, 512.798400879, 362.868286133, 484.858886719, 259.269744873, 240.757919312, 296.377044678, 544.755126953, 162.406204224, 81.447227478, 98.7802352905, 894.952636719, 330.745605469, 169.128097534, 276.067138672, 428.299926758, 117.205169678, 152.447479248, 172.895858765, 158.588378906, 242.680908203, 121.738754272, 171.493225098, 636.472106934, 255.55078125, 200.261535645, 418.700836182, 263.923828125, 179.508392334, 379.505371094, 278.001678467, 331.632904053, 206.674697876, 177.409210205, 54.9363250732, 27.9364280701, 15.0554580688, 0.443518042564, 0.00935620255768],
        "mean": [3.80251312256, 11.0675668716, 10.2251234055, 6.69425821304, 5.81218910217, 3.93676900864, 6.4493598938, 6.23581552505, 8.83795166016, 3.00167036057, 1.58754038811, 3.93952441216, 14.4335317612, 8.42971801758, 5.27268123627, 5.44375610352, 7.81054830551, 4.10051774979, 4.56961488724, 3.25679445267, 4.35715389252, 5.44190883636, 6.05127811432, 5.92586231232, 12.2763576508, 6.93076610565, 6.90188550949, 8.19904232025, 8.1908197403, 8.4454908371, 12.3735685349, 9.70689487457, 9.28324604034, 8.51100826263, 5.90861082077, 2.79681754112, 1.12207686901, 0.309658437967, 0.0102962600067, 0.00035433206358],
        "median": [0.672792315483, 1.43994009495, 1.55290043354, 1.4593873024, 1.27119123936, 1.07342982292, 1.00142228603, 0.916277647018, 1.05338251591, 0.651057481766, 0.479282140732, 1.53693771362, 0.653210759163, 1.16605389118, 0.872374892235, 0.840660870075, 0.892315328121, 0.627536118031, 0.778118729591, 0.691133260727, 0.873492956161, 0.732319355011, 0.710349142551, 0.965616345406, 0.877287268639, 0.878153145313, 1.23925685883, 1.81577539444, 1.45142924786, 1.67678749561, 1.36352133751, 1.33639335632, 1.03066909313, 0.829460203648, 0.581855356693, 0.319946020842, 0.126502335072, 0.0344186834991, 0.00102250499185, 6.72556561767e-05],
        "min": [4.68112696585e-21, 1.62808531596e-20, 1.56074699798e-20, 2.25777009492e-20, 8.28660942732e-20, 3.06503607573e-19, 1.89034693583e-19, 1.13324798575e-18, 2.08241602516e-18, 1.07023067835e-18, 1.22711127178e-18, 1.84947596761e-18, 2.02697321063e-18, 4.22410326353e-18, 3.0224782536e-18, 3.07847962184e-18, 2.38777864048e-18, 6.71916454112e-18, 6.78277638459e-18, 8.13450820592e-18, 7.28134998623e-18, 1.06599328023e-17, 1.69182737833e-17, 1.05167701721e-17, 1.56450277537e-17, 2.48815332686e-17, 1.41876430478e-17, 1.88104097299e-17, 1.56229800816e-17, 1.08617640445e-17, 1.56992560603e-17, 1.40989014574e-17, 1.31277806649e-17, 1.48953407296e-17, 7.44880525661e-18, 5.67034212421e-18, 2.56119416077e-18, 1.25381876241e-18, 3.02362870674e-19, 3.94312506672e-20],
        "stdev": [8.0241317749, 24.3552913666, 29.4095611572, 23.2619724274, 28.4468841553, 15.866765976, 21.3027000427, 23.7518215179, 45.0041732788, 10.0089864731, 3.81003069878, 7.09338283539, 70.7310028076, 26.9212188721, 18.0349998474, 18.9680099487, 30.975982666, 12.5058727264, 14.4799604416, 8.80089378357, 10.6171474457, 17.0366325378, 15.9972066879, 16.113735199, 43.0688743591, 18.7512683868, 17.6134529114, 25.4955596924, 23.5665855408, 19.3425331116, 42.0337219238, 31.0260257721, 30.7461280823, 24.58735466, 16.8893184662, 6.70257091522, 3.18196082115, 1.13023853302, 0.0356993563473, 0.000829736003652],
        "var": [64.3866882324, 593.180236816, 864.922302246, 541.11932373, 809.225219727, 251.754257202, 453.804992676, 564.149047852, 2025.37548828, 100.179801941, 14.5163345337, 50.316078186, 5002.87451172, 724.752075195, 325.261230469, 359.785369873, 959.511474609, 156.396850586, 209.669250488, 77.4557266235, 112.723823547, 290.246856689, 255.910629272, 259.65246582, 1854.92785645, 351.610076904, 310.233703613, 650.02355957, 555.383911133, 374.133605957, 1766.8338623, 962.614257812, 945.32434082, 604.538024902, 285.249084473, 44.9244537354, 10.1248750687, 1.27743911743, 0.00127444416285, 6.88461796017e-07]
    },
    "gfcc": {
        "mean": [-28.2327766418, 44.8837928772, -44.1524963379, 43.3192024231, -39.9668121338, 34.7276725769, -25.5572128296, 18.2369537354, -22.9005012512, 11.7357740402, -15.9154253006, 11.1973381042, -9.68150424957],
        "cov": [[7276.5, -1309.12646484, 42.4281768799, 408.904418945, -67.9887619019, 319.260192871, 131.788742065, 410.775787354, -25.4192962646, 182.406814575, 37.1944465637, 192.733642578, 25.2115097046], [-1309.12646484, 1489.84411621, -34.8948059082, 81.1461715698, 276.967651367, -110.855262756, 35.9492988586, -136.134353638, 95.2621307373, -64.6943054199, 87.7348327637, -64.9993667603, 59.6793556213], [42.4281768799, -34.8948059082, 1016.42559814, 94.6268692017, 260.892303467, 252.328903198, 113.175056458, 51.5479278564, 108.375106812, 88.1593551636, 15.2303104401, 38.128162384, 9.87452411652], [408.904418945, 81.1461715698, 94.6268692017, 368.720397949, 240.234039307, 67.5680847168, 111.429855347, 44.6015853882, 37.7129211426, 8.89313030243, 11.9386281967, 6.56061649323, 21.3663463593], [-67.9887619019, 276.967651367, 260.892303467, 240.234039307, 389.698577881, 103.771224976, 123.686172485, 23.2681617737, 67.4158325195, 14.8554477692, 29.2471942902, 5.90230226517, 12.0658588409], [319.260192871, -110.855262756, 252.328903198, 67.5680847168, 103.771224976, 199.344421387, 88.813621521, 42.5836257935, 25.4862823486, 35.8383865356, 10.5874967575, 27.1262664795, 12.8344669342], [131.788742065, 35.9492988586, 113.175056458, 111.429855347, 123.686172485, 88.813621521, 141.419677734, 67.7865753174, 67.3675537109, 30.7535190582, 25.7028198242, 6.59651565552, 9.61682033539], [410.775787354, -136.134353638, 51.5479278564, 44.6015853882, 23.2681617737, 42.5836257935, 67.7865753174, 138.155059814, 61.9559593201, 38.6193809509, 19.5240306854, 14.2073574066, 8.43426418304], [-25.4192962646, 95.2621307373, 108.375106812, 37.7129211426, 67.4158325195, 25.4862823486, 67.3675537109, 61.9559593201, 107.106750488, 50.3758163452, 40.7921981812, 8.02753448486, 12.8915319443], [182.406814575, -64.6943054199, 88.1593551636, 8.89313030243, 14.8554477692, 35.8383865356, 30.7535190582, 38.6193809509, 50.3758163452, 76.6299133301, 47.090423584, 33.8039169312, 10.4120121002], [37.1944465637, 87.7348327637, 15.2303104401, 11.9386281967, 29.2471942902, 10.5874967575, 25.7028198242, 19.5240306854, 40.7921981812, 47.090423584, 88.6008529663, 47.5092811584, 37.8008041382], [192.733642578, -64.9993667603, 38.128162384, 6.56061649323, 5.90230226517, 27.1262664795, 6.59651565552, 14.2073574066, 8.02753448486, 33.8039169312, 47.5092811584, 69.5736465454, 40.5624732971], [25.2115097046, 59.6793556213, 9.87452411652, 21.3663463593, 12.0658588409, 12.8344669342, 9.61682033539, 8.43426418304, 12.8915319443, 10.4120121002, 37.8008041382, 40.5624732971, 64.6395111084]],
        "icov": [[0.000240482753725, -1.52382626766e-05, 6.51376321912e-05, -0.000410603941418, 0.000230916775763, -0.000342215411365, 0.000257536448771, -0.000770429207478, 0.0004986935528, -0.000429856794653, 0.000192541629076, -0.000638901954517, 0.000391209789086], [-1.52382626766e-05, 0.00191367196385, 4.76018140034e-05, 0.000464494369226, -0.00140771467704, 0.000790515565313, -7.42355841794e-05, 0.00242536282167, -0.00252151349559, 0.0025910846889, -0.00330337067135, 0.00383433070965, -0.00251010595821], [6.51376321912e-05, 4.76018140034e-05, 0.00192718743347, 0.000293881923426, -0.00105367682409, -0.0021730074659, 0.00114347808994, 0.000328147434629, -0.00179221283179, -0.00127085996792, 0.00166908209212, -0.000798165856395, 4.12412518926e-05], [-0.000410603941418, 0.000464494369226, 0.000293881923426, 0.00619889982045, -0.00401384150609, 0.00151343876496, -0.00296711712144, 0.000916768156458, 0.000601740379352, -0.000303655309835, 0.000818766187876, 0.00226788409054, -0.0035651109647], [0.000230916775763, -0.00140771467704, -0.00105367682409, -0.00401384150609, 0.00766378408298, -0.00160936685279, -0.00158035010099, -0.000584704976063, -0.000130962391268, 0.00141753512435, -0.000207076940569, -0.00369583745487, 0.00413584569469], [-0.000342215411365, 0.000790515565313, -0.0021730074659, 0.00151343876496, -0.00160936685279, 0.0121762054041, -0.00758477346972, 0.00113219581544, 0.00409563165158, -0.00210489984602, 0.000946301559452, 0.000355324766133, -0.00315534579568], [0.000257536448771, -7.42355841794e-05, 0.00114347808994, -0.00296711712144, -0.00158035010099, -0.00758477346972, 0.0199996102601, -0.00466953730211, -0.00741707021371, 0.00197792518884, -0.00238668778911, 0.00146859022789, 0.00184378144331], [-0.000770429207478, 0.00242536282167, 0.000328147434629, 0.000916768156458, -0.000584704976063, 0.00113219581544, -0.00466953730211, 0.0175916366279, -0.0106745129451, 0.00298489909619, -0.00186233990826, 0.00376347173005, -0.00363271636888], [0.0004986935528, -0.00252151349559, -0.00179221283179, 0.000601740379352, -0.000130962391268, 0.00409563165158, -0.00741707021371, -0.0106745129451, 0.031298674643, -0.0169959757477, -0.000337953766575, 0.00474294740707, -0.0023671486415], [-0.000429856794653, 0.0025910846889, -0.00127085996792, -0.000303655309835, 0.00141753512435, -0.00210489984602, 0.00197792518884, 0.00298489909619, -0.0169959757477, 0.0393458344042, -0.016871612519, -0.00629824027419, 0.00841006543487], [0.000192541629076, -0.00330337067135, 0.00166908209212, 0.000818766187876, -0.000207076940569, 0.000946301559452, -0.00238668778911, -0.00186233990826, -0.000337953766575, -0.016871612519, 0.0356518626213, -0.01832886599, -0.00366423581727], [-0.000638901954517, 0.00383433070965, -0.000798165856395, 0.00226788409054, -0.00369583745487, 0.000355324766133, 0.00146859022789, 0.00376347173005, 0.00474294740707, -0.00629824027419, -0.01832886599, 0.0477701090276, -0.023198261857], [0.000391209789086, -0.00251010595821, 4.12412518926e-05, -0.0035651109647, 0.00413584569469, -0.00315534579568, 0.00184378144331, -0.00363271636888, -0.0023671486415, 0.00841006543487, -0.00366423581727, -0.023198261857, 0.0346792191267]]
    },
    "melbands": {
        "dmean": [0.0265065096319, 0.00798693671823, 0.00137424992863, 0.000436360569438, 0.000186722143553, 0.000110239336209, 8.64527974045e-05, 2.28105818678e-05, 1.27166995298e-05, 1.61883144756e-05, 5.27736920048e-05, 3.54716103175e-05, 2.39026958297e-05, 1.45452131619e-05, 1.71046976902e-05, 1.82902113011e-05, 8.38310188556e-06, 1.02222311398e-05, 5.69206622458e-06, 4.75768138131e-06, 5.58325109523e-06, 5.29694307261e-06, 4.7289208851e-06, 7.36226365916e-06, 4.78084257338e-06, 7.46533169149e-06, 7.14075213182e-06, 3.39184953191e-06, 3.52354936695e-06, 3.90164586861e-06, 4.68588086733e-06, 4.08978394262e-06, 3.79801349482e-06, 5.03574483446e-06, 5.21528272657e-06, 5.29614089828e-06, 4.70365512228e-06, 5.57058592676e-06, 6.675050372e-06, 8.49253410706e-06],
        "dmean2": [0.0408636592329, 0.0137444529682, 0.00251231342554, 0.000780304661021, 0.000311132345814, 0.000167438178323, 0.000135829279316, 3.91348512494e-05, 2.1300120352e-05, 2.6355846785e-05, 9.07849534997e-05, 5.95807687205e-05, 4.21237928094e-05, 2.45891314989e-05, 2.93622506433e-05, 3.26041990775e-05, 1.51158301378e-05, 1.84102864296e-05, 1.02060912468e-05, 8.36667004478e-06, 9.69601478573e-06, 9.27730161493e-06, 8.35663195176e-06, 1.36255794132e-05, 8.27312032925e-06, 1.34711981445e-05, 1.28916180984e-05, 5.58034480491e-06, 5.70362999497e-06, 6.57416876493e-06, 7.56522695156e-06, 6.77595880916e-06, 6.07521269558e-06, 8.52089397085e-06, 8.61478929437e-06, 8.02287922852e-06, 7.92338960309e-06, 8.96686287888e-06, 1.13361938929e-05, 1.51700569404e-05],
        "dvar": [0.00285659870133, 0.000458154041553, 2.58895652223e-05, 4.26012775279e-06, 3.08915758751e-07, 1.29907846258e-07, 2.05267781439e-07, 5.1666653178e-09, 1.04278052859e-09, 1.56487800496e-09, 4.70820893383e-08, 1.03718909017e-08, 7.29531546284e-09, 1.84508286427e-09, 3.37619954216e-09, 4.27362190081e-09, 5.97932314772e-10, 1.03067987478e-09, 2.54320842163e-10, 1.28655905374e-10, 1.74828027055e-10, 1.77691361625e-10, 1.15007975365e-10, 3.34259231405e-10, 1.77256667677e-10, 4.23003604366e-10, 4.26582852375e-10, 5.56433892018e-11, 6.0742674779e-11, 9.48330719508e-11, 2.3302212937e-10, 1.06981062897e-10, 6.59759469279e-11, 1.04591321715e-10, 1.23748483682e-10, 2.76517420073e-10, 1.18743917477e-10, 2.02997924026e-10, 2.0665888445e-10, 4.51227333276e-10],
        "dvar2": [0.00667405826971, 0.0012360009132, 7.32063926989e-05, 1.21022403619e-05, 7.49656294374e-07, 2.78193994063e-07, 4.27646540402e-07, 1.18000720306e-08, 2.62423549557e-09, 3.77600661849e-09, 1.21050874213e-07, 2.64587232124e-08, 1.99607015361e-08, 4.59653026752e-09, 8.26763635331e-09, 1.18878640265e-08, 1.63807423181e-09, 2.86931323146e-09, 7.03461455753e-10, 3.34826805171e-10, 4.6861142744e-10, 4.9842180383e-10, 3.11050962765e-10, 9.29034127406e-10, 4.63010435547e-10, 1.22025400895e-09, 1.21490761895e-09, 1.31837860073e-10, 1.42786379942e-10, 2.65736210814e-10, 6.44023445684e-10, 2.82553591635e-10, 1.66759162035e-10, 2.74812256285e-10, 2.9285265879e-10, 5.22266729863e-10, 3.12965597882e-10, 4.83784345917e-10, 5.54492285421e-10, 1.25823806929e-09],
        "max": [0.584721446037, 0.314136654139, 0.0665028095245, 0.027384320274, 0.00620435317978, 0.00675286538899, 0.00734032457694, 0.00126858858857, 0.000611847732216, 0.000784170639236, 0.00470290146768, 0.00161927717272, 0.000649414258078, 0.00046110706171, 0.000760895723943, 0.000584309804253, 0.000202843613806, 0.000269908341579, 0.000265492941253, 0.000186406483408, 0.00020898762159, 0.000256210274529, 0.0001269755885, 0.000124063677504, 0.000149631276145, 0.000373175862478, 0.000338087760611, 0.000113105139462, 0.000158523325808, 0.000149929619511, 0.000248100375757, 0.000201502058189, 0.000114817739814, 0.000100080651464, 0.00017395944451, 0.00037659012014, 0.000182728617801, 0.000321979256114, 0.00016647920711, 0.000147763435962],
        "mean": [0.0284397341311, 0.00800435803831, 0.0011443705298, 0.000347258581314, 0.000202794413781, 0.000152899287059, 0.000125359903905, 2.52706413448e-05, 1.48044682646e-05, 2.33118753385e-05, 7.42100382922e-05, 3.70756752091e-05, 1.90031896636e-05, 1.34468182296e-05, 1.70151470229e-05, 1.43302695506e-05, 6.9592761065e-06, 7.79782021709e-06, 4.699670626e-06, 4.23552955908e-06, 5.23621474713e-06, 5.87007571085e-06, 4.81840288558e-06, 5.73927718506e-06, 4.32732713307e-06, 8.10058099887e-06, 7.95218784333e-06, 3.75454669665e-06, 4.18829995397e-06, 4.29516603617e-06, 4.83929670736e-06, 4.80301650896e-06, 4.28808516517e-06, 4.82558925796e-06, 6.48844888929e-06, 7.40416362532e-06, 5.6269518609e-06, 7.13912140782e-06, 6.50355514153e-06, 6.95508015269e-06],
        "median": [0.00512630864978, 0.00118557200767, 0.000264295085799, 8.32440127851e-05, 3.82773723686e-05, 2.0751134798e-05, 1.60504732776e-05, 5.59020509172e-06, 5.27632573721e-06, 8.69544146553e-06, 2.84425050268e-06, 4.84932979816e-06, 2.84974339593e-06, 2.79843379758e-06, 2.13469479604e-06, 1.50831522205e-06, 1.13955275083e-06, 1.2714992863e-06, 8.91564070571e-07, 8.69963116656e-07, 1.03838635823e-06, 7.46356192849e-07, 6.54947882595e-07, 7.30613123778e-07, 7.58615499308e-07, 6.83764994847e-07, 5.52028495804e-07, 5.59291606805e-07, 7.09259950327e-07, 9.492283084e-07, 9.60871489042e-07, 7.3657338362e-07, 8.52495816162e-07, 9.59467570283e-07, 7.73510407726e-07, 7.28282827822e-07, 8.08024083199e-07, 6.87690373979e-07, 7.06135210748e-07, 6.59713123241e-07],
        "min": [3.98936678537e-23, 1.25089799959e-23, 5.03941740638e-24, 1.56741060955e-23, 6.9484540917e-24, 2.40422605365e-23, 3.1586495516e-23, 1.1466679381e-23, 9.67151831727e-24, 1.25867900801e-23, 9.86363907984e-24, 1.60905063243e-23, 1.54378059668e-23, 6.73346425148e-24, 6.43110964372e-24, 6.67411587899e-24, 1.25605849097e-23, 1.12495493612e-23, 1.07971825971e-23, 9.79602344508e-24, 7.63038963438e-24, 9.28281499483e-24, 1.60753018192e-23, 1.32145324563e-23, 7.46795212994e-24, 1.01254328264e-23, 1.15282973063e-23, 1.882678397e-23, 7.28524405569e-24, 1.0768292933e-23, 1.03809843167e-23, 1.00967940201e-23, 5.51397482772e-24, 6.79189281214e-24, 9.37719036922e-24, 9.85840104343e-24, 8.18679374122e-24, 8.77238017952e-24, 1.01984411144e-23, 1.36355869645e-23],
        "stdev": [0.0566653683782, 0.0193886570632, 0.0041378242895, 0.00160783587489, 0.000626228516921, 0.000599993974902, 0.000626857450698, 7.67049641581e-05, 3.13833479595e-05, 4.73729742225e-05, 0.000367760221707, 0.000127247374621, 7.07829749444e-05, 4.19252319261e-05, 6.60751175019e-05, 5.50521726836e-05, 2.0533474526e-05, 2.56320909102e-05, 1.35891268656e-05, 1.09983930088e-05, 1.29462314362e-05, 1.87736713997e-05, 1.34515730679e-05, 1.5554811398e-05, 1.24831622088e-05, 2.70280906989e-05, 2.71523931588e-05, 9.6420499176e-06, 1.14752201625e-05, 1.08862350316e-05, 1.65808487509e-05, 1.55774232553e-05, 1.08928425107e-05, 1.06186289486e-05, 1.95713328139e-05, 3.02280004689e-05, 1.74600645551e-05, 2.69028678304e-05, 1.91088802239e-05, 1.98817888304e-05],
        "var": [0.003210964147, 0.000375920004444, 1.71215906448e-05, 2.58513614426e-06, 3.92162121443e-07, 3.59992753829e-07, 3.92950227024e-07, 5.883651788e-09, 9.84914483304e-10, 2.24419860473e-09, 1.35247589128e-07, 1.61918958241e-08, 5.01022956456e-09, 1.75772496558e-09, 4.36592095809e-09, 3.03074165764e-09, 4.21623597147e-10, 6.57004062266e-10, 1.84664381009e-10, 1.20964641082e-10, 1.67604902179e-10, 3.52450735264e-10, 1.80944828565e-10, 2.41952152757e-10, 1.55829349424e-10, 7.30517646375e-10, 7.37252425775e-10, 9.29691185148e-11, 1.31680680249e-10, 1.18510118385e-10, 2.74924527588e-10, 2.42656089666e-10, 1.18654017167e-10, 1.12755284276e-10, 3.83037102036e-10, 9.13731978969e-10, 3.04853836619e-10, 7.23764270738e-10, 3.65149299686e-10, 3.95285498778e-10]
    },
    "melbands128": {
