{
"lowlevel": {
    "average_loudness": 0.98126077652,
    "barkbands_crest": {
        "dmean": 2.43630361557,
        "dmean2": 3.89549803734,
        "dvar": 4.7358584404,
        "dvar2": 11.6861667633,
        "max": 25.2979049683,
        "mean": 8.52339744568,
        "median": 7.73956251144,
        "min": 2.41177988052,
        "stdev": 3.92765021324,
        "var": 15.4264364243
    },
    "barkbands_flatness_db": {
        "dmean": 0.0171886943281,
        "dmean2": 0.027170041576,
        "dvar": 0.000406057893997,
        "dvar2": 0.000827056064736,
        "max": 0.38126501441,
        "mean": 0.0929496437311,
        "median": 0.0830078423023,
        "min": 0.0317038595676,
        "stdev": 0.0434729270637,
        "var": 0.00188989553135
    },
    "barkbands_kurtosis": {
        "dmean": 1.55686640739,
        "dmean2": 2.53723216057,
        "dvar": 35.4814872742,
        "dvar2": 81.6266326904,
        "max": 164.063018799,
        "mean": 1.32644081116,
        "median": -0.227596521378,
        "min": -1.68198394775,
        "stdev": 8.9573097229,
        "var": 80.2333984375
    },
    "barkbands_skewness": {
        "dmean": 0.396144419909,
        "dmean2": 0.609820783138,
        "dvar": 0.237690478563,
        "dvar2": 0.51123303175,
        "max": 10.8010654449,
        "mean": 0.785723388195,
        "median": 0.601170301437,
        "min": -1.74165356159,
        "stdev": 1.05299556255,
        "var": 1.10879957676
    },
    "barkbands_spread": {
        "dmean": 5.12395906448,
        "dmean2": 8.28275966644,
        "dvar": 27.0611667633,
        "dvar2": 58.5617904663,
        "max": 73.7360610962,
        "mean": 29.1239948273,
        "median": 28.1996803284,
        "min": 1.56204652786,
        "stdev": 11.4464921951,
        "var": 131.022186279
    },
    "dissonance": {
        "dmean": 0.0139068830758,
        "dmean2": 0.023634949699,
        "dvar": 0.000316078454489,
        "dvar2": 0.00079789198935,
        "max": 0.499999910593,
        "mean": 0.475781351328,
        "median": 0.47956636548,
        "min": 0.11539477855,
        "stdev": 0.0201211404055,
        "var": 0.000404860271374
    },
    "dynamic_complexity": 1.68117523193,
    "erbbands_crest": {
        "dmean": 2.49292993546,
        "dmean2": 3.99755096436,
        "dvar": 5.49285936356,
        "dvar2": 12.3503923416,
        "max": 25.4462051392,
        "mean": 8.95612621307,
        "median": 7.9753537178,
        "min": 2.69204711914,
        "stdev": 4.23720169067,
        "var": 17.9538764954
    },
    "erbbands_flatness_db": {
        "dmean": 0.0147352172062,
        "dmean2": 0.0214469637722,
        "dvar": 0.000263331923634,
        "dvar2": 0.00048132633674,
        "max": 0.413693100214,
        "mean": 0.148199141026,
        "median": 0.145078390837,
        "min": 0.0557922758162,
        "stdev": 0.0356644801795,
        "var": 0.00127195520326
    },
    "erbbands_kurtosis": {
        "dmean": 0.663582444191,
        "dmean2": 1.02717244625,
        "dvar": 0.701079010963,
        "dvar2": 1.37215900421,
        "max": 17.602558136,
        "mean": 0.390930682421,
        "median": 0.0285358428955,
        "min": -1.57861948013,
        "stdev": 1.50351166725,
        "var": 2.26054739952
    },
    "erbbands_skewness": {
        "dmean": 0.315074563026,
        "dmean2": 0.489360511303,
        "dvar": 0.0868898481131,
        "dvar2": 0.185117870569,
        "max": 3.56463527679,
        "mean": 0.0991971716285,
        "median": 0.121792465448,
        "min": -1.80929374695,
        "stdev": 0.647393643856,
        "var": 0.4191185534
    },
    "erbbands_spread": {
        "dmean": 5.78052568436,
        "dmean2": 8.80928516388,
        "dvar": 32.8861999512,
        "dvar2": 74.1313781738,
        "max": 97.1731567383,
        "mean": 32.6180953979,
        "median": 31.9858646393,
        "min": 3.91241383553,
        "stdev": 11.7776250839,
        "var": 138.71244812
    },
    "hfc": {
        "dmean": 6.63390254974,
        "dmean2": 10.5250797272,
        "dvar": 55.4916687012,
        "dvar2": 131.389297485,
        "max": 104.625656128,
        "mean": 35.1948394775,
        "median": 36.924785614,
        "min": 1.10850844465e-16,
        "stdev": 15.8089075089,
        "var": 249.921554565
    },
    "loudness_ebu128": {
        "integrated": -4.42892789841,
        "loudness_range": 2.48255848885,
        "momentary": {
            "dmean": 0.291919738054,
            "dmean2": 0.318657010794,
            "dvar": 0.161847218871,
            "dvar2": 0.160109266639,
            "max": -2.57894134521,
            "mean": -4.65692138672,
            "median": -4.04262256622,
            "min": -13.5141716003,
            "stdev": 1.63507020473,
            "var": 2.67345476151
        },
        "short_term": {
            "dmean": 0.0442649498582,
            "dmean2": 0.0377332754433,
            "dvar": 0.00284506450407,
            "dvar2": 0.00155449949671,
            "max": -3.75582194328,
            "mean": -4.52505302429,
            "median": -3.99228715897,
            "min": -7.75815534592,
            "stdev": 1.08222162724,
            "var": 1.17120373249
        }
    },
    "melbands_crest": {
        "dmean": 3.39925575256,
        "dmean2": 5.61655759811,
        "dvar": 10.4899787903,
        "dvar2": 23.8720550537,
        "max": 32.9809570312,
        "mean": 12.4883165359,
        "median": 11.2468318939,
        "min": 1.84143543243,
        "stdev": 5.32267332077,
        "var": 28.3308506012
    },
    "melbands_flatness_db": {
        "dmean": 0.0220861751586,
        "dmean2": 0.0343306325376,
        "dvar": 0.00060719717294,
        "dvar2": 0.00129674503114,
        "max": 0.424168437719,
        "mean": 0.14167663455,
        "median": 0.131805449724,
        "min": 0.00498888315633,
        "stdev": 0.0530360788107,
        "var": 0.002812825609
    },
    "melbands_kurtosis": {
        "dmean": 3.41456437111,
        "dmean2": 5.49690818787,
        "dvar": 104.689712524,
        "dvar2": 230.247573853,
        "max": 313.483947754,
        "mean": 5.80448007584,
        "median": 2.16232919693,
        "min": -1.27641761303,
        "stdev": 19.8618965149,
        "var": 394.494934082
    },
    "melbands_skewness": {
        "dmean": 0.544406831264,
        "dmean2": 0.826014280319,
        "dvar": 0.392640590668,
        "dvar2": 0.901994645596,
        "max": 12.5767745972,
        "mean": 1.67908871174,
        "median": 1.46465086937,
        "min": -1.82546985149,
        "stdev": 1.34741711617,
        "var": 1.81553280354
    },
    "melbands_spread": {
        "dmean": 7.98200082779,
        "dmean2": 12.6161003113,
        "dvar": 78.7129364014,
        "dvar2": 157.867370605,
        "max": 134.992172241,
        "mean": 37.657409668,
        "median": 36.0740852356,
        "min": 0.741930067539,
        "stdev": 18.3643531799,
        "var": 337.249481201
    },
    "pitch_salience": {
        "dmean": 0.0676708295941,
        "dmean2": 0.108454294503,
        "dvar": 0.00442681182176,
        "dvar2": 0.0108854444697,
        "max": 0.911597073078,
        "mean": 0.551925599575,
        "median": 0.558070242405,
        "min": 0.134151279926,
        "stdev": 0.105614796281,
        "var": 0.0111544849351
    },
    "silence_rate_20dB": {
        "dmean": 0,
        "dmean2": 0,
        "dvar": 0,
        "dvar2": 0,
        "max": 1,
        "mean": 1,
        "median": 1,
        "min": 1,
        "stdev": 0,
        "var": 0
    },
    "silence_rate_30dB": {
        "dmean": 0,
        "dmean2": 0,
        "dvar": 0,
        "dvar2": 0,
        "max": 1,
        "mean": 1,
        "median": 1,
        "min": 1,
        "stdev": 0,
        "var": 0
    },
    "silence_rate_60dB": {
        "dmean": 0.00696594407782,
        "dmean2": 0.0139426803216,
        "dvar": 0.00691751157865,
        "dvar2": 0.0137484110892,
        "max": 1,
        "mean": 0.0232018567622,
        "median": 0,
        "min": 0,
        "stdev": 0.150542885065,
        "var": 0.0226631592959
    },
    "spectral_centroid": {
        "dmean": 239.885284424,
        "dmean2": 381.906768799,
        "dvar": 127531.960938,
        "dvar2": 189975.46875,
        "max": 11346.8007812,
        "mean": 1828.15820312,
        "median": 1803.31311035,
        "min": 215.578765869,
        "stdev": 594.969970703,
        "var": 353989.25
    },
    "spectral_complexity": {
        "dmean": 4.75,
        "dmean2": 7.67312145233,
        "dvar": 20.8949298859,
        "dvar2": 46.2680625916,
        "max": 54,
        "mean": 31.7432327271,
        "median": 33,
        "min": 0,
        "stdev": 10.6568050385,
        "var": 113.567489624
    },
    "spectral_decrease": {
        "dmean": 1.5935830433e-09,
        "dmean2": 2.38843100853e-09,
        "dvar": 2.90734422491e-18,
        "dvar2": 6.14624477321e-18,
        "max": -1.19153999541e-28,
        "mean": -7.42934913589e-09,
        "median": -7.62349117167e-09,
        "min": -1.70674603339e-08,
        "stdev": 2.91505242167e-09,
        "var": 8.49753047981e-18
    },
    "spectral_energy": {
        "dmean": 0.00627084262669,
        "dmean2": 0.00940694659948,
        "dvar": 4.39353316324e-05,
        "dvar2": 9.23765037442e-05,
        "max": 0.0675270855427,
        "mean": 0.0312323775142,
        "median": 0.0324365571141,
        "min": 1.05042106947e-20,
        "stdev": 0.0117345405743,
        "var": 0.000137699447805
    },
    "spectral_energyband_high": {
        "dmean": 0.000484574906295,
        "dmean2": 0.000780375674367,
        "dvar": 4.65313945597e-07,
        "dvar2": 1.12428813281e-06,
        "max": 0.00963639188558,
        "mean": 0.00152587029152,
        "median": 0.00120395224076,
        "min": 7.73185913392e-21,
        "stdev": 0.00132788391784,
        "var": 1.7632755771e-06
    },
    "spectral_energyband_low": {
        "dmean": 0.00429385807365,
        "dmean2": 0.00657897721976,
        "dvar": 4.03606354666e-05,
        "dvar2": 8.56484257383e-05,
        "max": 0.0572034344077,
        "mean": 0.00813140068203,
        "median": 0.00600222265348,
        "min": 4.12764526681e-23,
        "stdev": 0.00816388893872,
        "var": 6.66490886942e-05
    },
    "spectral_energyband_middle_high": {
        "dmean": 0.00285013206303,
        "dmean2": 0.00428160559386,
        "dvar": 9.45546798903e-06,
        "dvar2": 1.941544906e-05,
        "max": 0.0419000796974,
        "mean": 0.0116522600874,
        "median": 0.0105407908559,
        "min": 1.48065854713e-21,
        "stdev": 0.00726928003132,
        "var": 5.28424316144e-05
    },
    "spectral_energyband_middle_low": {
        "dmean": 0.00376332364976,
        "dmean2": 0.00590546708554,
        "dvar": 1.75770946953e-05,
        "dvar2": 4.44908691861e-05,
        "max": 0.0408345945179,
        "mean": 0.0111797228456,
        "median": 0.0100633976981,
        "min": 3.9309080271e-22,
        "stdev": 0.00697274506092,
        "var": 4.86191747768e-05
    },
    "spectral_entropy": {
        "dmean": 0.112448461354,
        "dmean2": 0.173115625978,
        "dvar": 0.0240676794201,
        "dvar2": 0.0457691699266,
        "max": 9.80134963989,
        "mean": 7.8416185379,
        "median": 7.88367319107,
        "min": 5.30633592606,
        "stdev": 0.295704811811,
        "var": 0.0874413326383
    },
    "spectral_flux": {
        "dmean": 0.0241913441569,
        "dmean2": 0.0361162759364,
        "dvar": 0.000436492293375,
        "dvar2": 0.000871993252076,
        "max": 0.22480584681,
        "mean": 0.103433951735,
        "median": 0.101664550602,
        "min": 1.02490051168e-10,
        "stdev": 0.0364512652159,
        "var": 0.00132869486697
    },
    "spectral_kurtosis": {
        "dmean": 1.03504753113,
        "dmean2": 1.70292413235,
        "dvar": 1.82469582558,
        "dvar2": 4.85949087143,
        "max": 24.3083267212,
        "mean": 3.86154174805,
        "median": 3.66919946671,
        "min": -1.19973790646,
        "stdev": 1.8056961298,
        "var": 3.26053833961
    },
    "spectral_rms": {
        "dmean": 0.00056454888545,
        "dmean2": 0.000825958675705,
        "dvar": 3.53511154572e-07,
        "dvar2": 6.56692861867e-07,
        "max": 0.00811665505171,
        "mean": 0.00537397665903,
        "median": 0.0056254263036,
        "min": 3.20125132999e-12,
        "stdev": 0.00126134499442,
        "var": 1.5909912463e-06
    },
    "spectral_rolloff": {
        "dmean": 486.230804443,
        "dmean2": 797.546691895,
        "dvar": 693922.25,
        "dvar2": 1216750,
        "max": 18733.8867188,
        "mean": 2149.70092773,
        "median": 1959.52148438,
        "min": 21.533203125,
        "stdev": 1324.59606934,
        "var": 1754554.875
    },
    "spectral_skewness": {
        "dmean": 0.165133044124,
        "dmean2": 0.266467392445,
        "dvar": 0.0303227715194,
        "dvar2": 0.0720860958099,
        "max": 3.86502170563,
        "mean": 1.40665245056,
        "median": 1.39983963966,
        "min": -0.0463979430497,
        "stdev": 0.306603223085,
        "var": 0.0940055400133
    },
    "spectral_spread": {
        "dmean": 434717.625,
        "dmean2": 654685.25,
        "dvar": 1.0597974016e+12,
        "dvar2": 1.65948476621e+12,
        "max": 40374872,
        "mean": 4441208,
        "median": 4292868,
        "min": 1875413,
        "stdev": 1596506.75,
        "var": 2.54883371418e+12
    },
    "spectral_strongpeak": {
        "dmean": 0.908315002918,
        "dmean2": 1.5249812603,
        "dvar": 1.4914239645,
        "dvar2": 3.55137085915,
        "max": 10.0527448654,
        "mean": 1.50985133648,
        "median": 0.720835566521,
        "min": 0,
        "stdev": 1.56374144554,
        "var": 2.44528746605
    },
    "zerocrossingrate": {
        "dmean": 0.00992851145566,
        "dmean2": 0.0116219259799,
        "dvar": 0.000283641333226,
        "dvar2": 0.000295052712318,
        "max": 0.47998046875,
        "mean": 0.0773614197969,
        "median": 0.0732421875,
        "min": 0.0009765625,
        "stdev": 0.0341147854924,
        "var": 0.00116381864063
    },
    "barkbands": {
        "dmean": [0.00012235561735, 0.00282224733382, 0.00226395367645, 0.00166096014436, 0.00115043681581, 0.000686472514644, 0.0010268308688, 0.000686387822498, 0.00127493019681, 0.000677006086335, 0.0010982385138, 0.000749601051211, 0.000563639157917, 0.000661146710627, 0.000563721288927, 0.000535334169399, 0.000507845834363, 0.000405302911531, 0.000312358984957, 0.000300443120068, 0.000165938326973, 0.000148786566569, 8.16360552562e-05, 5.65310219827e-05, 4.34982575825e-05, 2.27524033107e-05, 2.84630527858e-06],
        "dmean2": [0.000195984277525, 0.00438186805695, 0.00397607916966, 0.00289076706395, 0.00194575206842, 0.00104675150942, 0.00152552209329, 0.00106350460555, 0.00195276353043, 0.00105333433021, 0.00172338122502, 0.00114655203652, 0.000866425107233, 0.00106131832581, 0.000899298058357, 0.00085710582789, 0.000824330782052, 0.00067707587732, 0.000529216078576, 0.000515154679306, 0.000278380699456, 0.000240637891693, 0.000124070691527, 8.65426336532e-05, 6.79421209497e-05, 3.72989015887e-05, 4.69656561108e-06],
        "dvar": [6.17216358023e-08, 2.61370805674e-05, 1.5416291717e-05, 5.56173881705e-06, 3.02798594021e-06, 1.33170544814e-06, 3.42550561072e-06, 3.05981848214e-06, 4.09723543271e-06, 2.06084541787e-06, 4.18008676206e-06, 3.30132297677e-06, 1.069175255e-06, 1.03750744529e-06, 7.152393664e-07, 6.37804021153e-07, 6.9251620971e-07, 3.54009472403e-07, 1.99712061999e-07, 1.56171594767e-07, 6.58769110373e-08, 4.01336990308e-08, 1.71735958787e-08, 1.62699187456e-08, 9.3493142117e-09, 2.35207675559e-09, 2.01151838242e-11],
        "dvar2": [1.41471574011e-07, 5.90051822655e-05, 4.25528633059e-05, 1.57975100592e-05, 8.40992834128e-06, 2.86266981675e-06, 6.50245874567e-06, 6.61628746457e-06, 8.53589062899e-06, 4.29021656601e-06, 9.48358592723e-06, 6.94485152053e-06, 2.13797875404e-06, 2.40689814746e-06, 1.68386873156e-06, 1.22486221699e-06, 1.63296840583e-06, 8.94797835826e-07, 5.4208084066e-07, 4.40123187673e-07, 1.74543870912e-07, 1.01440669198e-07, 3.42782087159e-08, 3.16843156156e-08, 1.84325106289e-08, 6.45047126824e-09, 5.23673465702e-11],
        "max": [0.00204496365041, 0.041875615716, 0.0367873311043, 0.0234489366412, 0.019277876243, 0.0204388387501, 0.0275165885687, 0.0269255712628, 0.0223896987736, 0.019715430215, 0.033468067646, 0.0295904446393, 0.0179317444563, 0.0123027497903, 0.0122770108283, 0.0143875852227, 0.0126743409783, 0.00801734533161, 0.00562363164499, 0.00506079895422, 0.00398759217933, 0.00396965211257, 0.00285304221325, 0.00304856710136, 0.00173775327858, 0.000519342371263, 6.06508328929e-05],
        "mean": [0.000118903946714, 0.00341202691197, 0.00347536080517, 0.00218628114089, 0.00161547842436, 0.00121398386545, 0.00210443162359, 0.0010561007075, 0.00274554803036, 0.0012955829734, 0.00208322051913, 0.00119537336286, 0.00112413009629, 0.00127717328724, 0.00100070121698, 0.00102180149406, 0.00104908447247, 0.000773883773945, 0.000640191487037, 0.000587150745559, 0.000373705348466, 0.000377721735276, 0.000201666116482, 0.000146932012285, 0.000105788436485, 4.63920987386e-05, 3.77919218408e-06],
        "median": [2.91593096335e-05, 0.00150716933422, 0.00245002377778, 0.00140414992347, 0.00107490888331, 0.000543152913451, 0.000732959015295, 0.000327965419274, 0.00092934188433, 0.000428297324106, 0.000870432704687, 0.000590315263253, 0.000508759578224, 0.000591321557295, 0.000660934252664, 0.000684090948198, 0.000567523529753, 0.000533059064765, 0.000480843504192, 0.000455111236079, 0.000278692285065, 0.000302096450469, 0.000131864449941, 9.16892167879e-05, 7.23889461369e-05, 3.65334599337e-05, 2.06844219974e-06],
        "min": [4.33092998892e-24, 2.56904402476e-23, 6.16578180028e-24, 5.22565381881e-23, 7.94020939065e-23, 1.58344310304e-23, 6.77500188021e-23, 9.23447706954e-23, 7.62766522436e-23, 9.53575567102e-23, 6.80904596144e-23, 9.31832856615e-23, 1.31603481251e-22, 1.25753755784e-22, 1.03492403961e-22, 2.12334824716e-22, 1.97662983755e-22, 1.33146922322e-22, 1.74512491029e-22, 3.89756357084e-22, 5.59609949202e-22, 6.46400855135e-22, 5.71703881077e-22, 8.44667020871e-22, 1.27603898401e-21, 1.6655660287e-21, 2.17543290833e-21],
        "stdev": [0.000253399310168, 0.00547246588394, 0.00419982941821, 0.00252371327952, 0.0018186820671, 0.00191777700093, 0.00386294419877, 0.00254618935287, 0.00401894235983, 0.00262519903481, 0.00343685387634, 0.00240514846519, 0.00186792260502, 0.0018059303984, 0.00114991993178, 0.0012538995361, 0.00143975159153, 0.000875129073393, 0.0005901712575, 0.000523831520695, 0.000366190943168, 0.000360682985047, 0.000246944749961, 0.000217539723963, 0.000153379878611, 4.88837213197e-05, 5.18671868122e-06],
        "var": [6.42112070182e-08, 2.99478815577e-05, 1.76385656232e-05, 6.36912864138e-06, 3.30760440193e-06, 3.67786878996e-06, 1.4922338778e-05, 6.48308059681e-06, 1.61518983077e-05, 6.89166972734e-06, 1.18119642138e-05, 5.78473918722e-06, 3.48913476955e-06, 3.26138479068e-06, 1.32231593852e-06, 1.57226395459e-06, 2.07288462661e-06, 7.65850870721e-07, 3.48302108932e-07, 2.74399440059e-07, 1.34095813564e-07, 1.30092217887e-07, 6.0981705019e-08, 4.732353176e-08, 2.35253860836e-08, 2.38961828103e-09, 2.69020500321e-11]
    },
    "erbbands": {
        "dmean": [0.0850047618151, 0.669595837593, 2.35759544373, 3.76591825485, 5.78946685791, 2.82525014877, 3.83195519447, 6.2744603157, 11.8126688004, 16.9563560486, 15.8151893616, 29.4027404785, 22.9366874695, 23.0150623322, 43.2411651611, 24.9532775879, 25.5374565125, 25.5865821838, 27.5480270386, 33.6106300354, 27.4188766479, 26.9172077179, 22.0376014709, 14.9271745682, 15.6471281052, 14.154668808, 7.73906040192, 6.4599981308, 5.68776798248, 3.78602027893, 2.15486311913, 1.38257193565, 0.906802594662, 0.559361100197, 0.29196330905, 0.144825294614, 0.0331077538431, 0.00731021910906, 0.000278631283436, 1.01339292087e-05],
        "dmean2": [0.138307616115, 1.05040276051, 4.09561824799, 6.53037691116, 10.1326751709, 4.69493246078, 6.30770778656, 9.49893760681, 17.6866207123, 25.2470798492, 24.6731052399, 44.675113678, 35.4909706116, 34.2142944336, 68.2969436646, 38.6494178772, 38.7687225342, 41.004322052, 44.2629547119, 54.0596694946, 43.7450866699, 43.3688850403, 36.692855835, 24.769859314, 26.3330688477, 24.3373966217, 13.1250982285, 10.6609735489, 9.3773059845, 6.03458929062, 3.25710988045, 2.11754536629, 1.3780246973, 0.853559136391, 0.470305532217, 0.241606146097, 0.0538752488792, 0.0116783138365, 0.000450510182418, 1.56826536113e-05],
        "dvar": [0.0336014218628, 1.39301741123, 17.9362869263, 23.3856163025, 106.556159973, 13.7942113876, 69.11328125, 114.670982361, 457.701538086, 1437.50622559, 1267.75378418, 2553.04736328, 1809.49572754, 1789.44702148, 6246.86474609, 2912.11328125, 2324.38452148, 1519.56384277, 1693.61975098, 2396.81958008, 2068.59472656, 1750.50170898, 1141.79638672, 385.250701904, 499.349029541, 391.985595703, 135.214492798, 93.4820861816, 62.2772293091, 28.6880989075, 15.2095470428, 8.97714710236, 3.76289629936, 2.004809618, 0.313325852156, 0.112342834473, 0.00355083844624, 0.000115069029562, 2.16725482005e-07, 1.2954655404e-10],
        "dvar2": [0.081750921905, 3.30701398849, 48.4337234497, 65.5704269409, 303.228790283, 36.74477005, 179.835968018, 225.867156982, 1001.63824463, 2826.11279297, 3060.17407227, 5170.05029297, 3769.68896484, 3559.56079102, 14209.8125, 6295.40722656, 4787.50488281, 3634.22583008, 3714.28393555, 5253.28662109, 4069.03759766, 4047.73168945, 2972.35913086, 1024.49768066, 1384.80236816, 1092.16125488, 366.075744629, 244.928283691, 164.588043213, 69.0097351074, 29.3973731995, 18.8842334747, 6.83367490768, 4.17060136795, 0.65962433815, 0.310863047838, 0.00936602335423, 0.000288955983706, 5.66514586353e-07, 3.0463953582e-10],
        "max": [1.44258630276, 9.64650821686, 43.8610610962, 60.5261802673, 95.547706604, 40.9325294495, 152.822845459, 235.485870361, 459.755950928, 581.003112793, 579.673400879, 690.156311035, 594.604431152, 654.2265625, 1316.35083008, 816.715148926, 942.919006348, 710.809814453, 610.530517578, 788.099182129, 986.413330078, 745.012023926, 503.98248291, 245.765899658, 278.746154785, 304.253631592, 169.896270752, 125.80581665, 121.650375366, 91.4516143799, 95.3722457886, 66.6261978149, 41.3992462158, 30.6551609039, 8.28269577026, 3.58776211739, 0.575252234936, 0.134486600757, 0.00668508885428, 0.000160380601301],
        "mean": [0.085168376565, 0.835516929626, 3.51846933365, 6.17991113663, 7.18592882156, 4.29563999176, 5.85929250717, 11.6165781021, 22.6561775208, 37.1176261902, 27.0749778748, 60.7665748596, 47.5960845947, 48.3763427734, 82.903678894, 46.8213539124, 55.3714294434, 53.6001472473, 55.6428489685, 63.2211418152, 56.2992553711, 60.2492370605, 47.4752502441, 33.0140609741, 32.6560668945, 28.025806427, 16.8925666809, 14.7737922668, 13.8147344589, 9.26621818542, 5.4735956192, 3.39517068863, 2.30939793587, 1.34900796413, 0.652150273323, 0.266715735197, 0.0725848823786, 0.013995282352, 0.000442886288511, 5.12119258929e-05],
        "median": [0.0311986356974, 0.397177487612, 2.40443301201, 4.83573627472, 4.43710517883, 2.94271159172, 3.02427005768, 5.48878240585, 9.30957698822, 9.33575725555, 13.333691597, 19.6986255646, 19.1848831177, 24.7119445801, 38.5420761108, 29.5102787018, 27.816570282, 29.9109706879, 33.7707672119, 44.0301780701, 38.8620071411, 33.4891319275, 31.423658371, 26.4091892242, 25.8341503143, 21.8097190857, 12.2708587646, 11.398651123, 10.8860931396, 6.66582393646, 3.50173950195, 2.06228399277, 1.48237216473, 0.874105989933, 0.453218668699, 0.200221598148, 0.0564775243402, 0.01014085114, 0.000276265258435, 5.22166374139e-05],
        "min": [9.03234578829e-22, 5.2247595156e-21, 1.00451440339e-20, 6.62258117504e-20, 2.76224480305e-19, 2.33606351538e-19, 2.42704278451e-19, 1.06959868651e-19, 6.21295409787e-19, 1.72074391683e-18, 1.98216545724e-18, 1.47988288113e-18, 2.21480400746e-18, 3.72973877044e-18, 2.88942252976e-18, 3.11469007354e-18, 6.23956025888e-18, 6.49048136179e-18, 5.74035758638e-18, 8.24058005741e-18, 1.17082270643e-17, 1.05875445725e-17, 6.76388027067e-18, 1.048001192e-17, 8.48205889363e-18, 2.09568970974e-17, 1.7856177484e-17, 2.44968529247e-17, 3.01110253494e-17, 1.62031943418e-17, 1.69264843781e-17, 1.87052850002e-17, 1.29607786895e-17, 1.44340866221e-17, 8.91703512746e-18, 6.54662169638e-18, 3.27954055218e-18, 1.11573657218e-18, 2.53116207616e-19, 3.39579871932e-20],
        "stdev": [0.174241915345, 1.25355136395, 4.47464513779, 5.73943805695, 9.3613576889, 4.36403417587, 9.93340492249, 18.9949302673, 46.8167572021, 84.8052749634, 45.349155426, 91.8381271362, 82.0869140625, 73.6823806763, 125.921669006, 71.3074188232, 91.2246932983, 73.0115737915, 66.9609451294, 73.2987136841, 70.8923492432, 78.8658294678, 54.3373413086, 27.2211341858, 29.3048114777, 25.8153018951, 17.0739192963, 14.4833488464, 13.1580963135, 9.41641807556, 7.3191242218, 4.97005796432, 3.38048815727, 2.18157911301, 0.839627385139, 0.322679251432, 0.0687456056476, 0.0142037710175, 0.000531505793333, 1.90525552171e-05],
        "var": [0.0303602460772, 1.57139098644, 20.0224475861, 32.9411468506, 87.6350250244, 19.0447940826, 98.6725311279, 360.807342529, 2191.80859375, 7191.93408203, 2056.54589844, 8434.2421875, 6738.26123047, 5429.09326172, 15856.2675781, 5084.74755859, 8321.94433594, 5330.68994141, 4483.76855469, 5372.70166016, 5025.72558594, 6219.81884766, 2952.54663086, 740.990112305, 858.771972656, 666.42980957, 291.518737793, 209.76739502, 173.135498047, 88.6689300537, 53.5695800781, 24.7014751434, 11.4277000427, 4.75928783417, 0.704974114895, 0.104121893644, 0.00472595822066, 0.000201747112442, 2.82498433535e-07, 3.62999852399e-10]
    },
    "gfcc": {
        "mean": [46.4156265259, 68.1685180664, -133.126190186, 33.0126533508, -53.407585144, 19.4480648041, -33.884803772, 13.2778978348, -26.0092201233, 3.26086115837, -23.4302806854, 0.53388440609, -16.6619987488],
        "cov": [[7058.02490234, -348.557220459, -149.390396118, 185.693756104, -311.498321533, 70.7160644531, -137.711044312, 107.511001587, -170.402389526, 12.0874538422, -155.583114624, 95.3620834351, -119.292060852], [-348.557220459, 735.5234375, 4.65807390213, 4.16588687897, 71.411026001, -54.4455299377, 120.476829529, -45.2966079712, 57.2006835938, -27.6533985138, 63.4853248596, -49.8333129883, 19.9963150024], [-149.390396118, 4.65807390213, 444.890869141, 70.7087783813, 54.6341362, -2.18582510948, -31.3445720673, 28.0383586884, -33.5733451843, 31.8556804657, -6.58931446075, 47.9370994568, -37.5255661011], [185.693756104, 4.16588687897, 70.7087783813, 297.734436035, 42.6320114136, 55.4333953857, 10.6092348099, 0.397607624531, 14.1186475754, -28.1082344055, 18.5156135559, 6.02031373978, 34.3205909729], [-311.498321533, 71.411026001, 54.6341362, 42.6320114136, 205.342147827, 103.403495789, 95.6917114258, 8.78210163116, 8.78200626373, 10.5183353424, -6.62473297119, -0.0549679324031, -0.0225980710238], [70.7160644531, -54.4455299377, -2.18582510948, 55.4333953857, 103.403495789, 235.822799683, 131.457839966, 23.5223636627, -6.15481233597, 9.51871109009, -13.2614116669, -18.9946250916, 6.75382995605], [-137.711044312, 120.476829529, -31.3445720673, 10.6092348099, 95.6917114258, 131.457839966, 182.798126221, 25.1360149384, 16.5943069458, 8.66821098328, -3.84031009674, -28.6000022888, 1.12354660034], [107.511001587, -45.2966079712, 28.0383586884, 0.397607624531, 8.78210163116, 23.5223636627, 25.1360149384, 114.152503967, 56.1925735474, 14.0177335739, -5.50766658783, 5.28864049911, -4.10428619385], [-170.402389526, 57.2006835938, -33.5733451843, 14.1186475754, 8.78200626373, -6.15481233597, 16.5943069458, 56.1925735474, 126.655960083, 26.8939628601, 26.5593261719, -14.9986200333, 4.33808660507], [12.0874538422, -27.6533985138, 31.8556804657, -28.1082344055, 10.5183353424, 9.51871109009, 8.66821098328, 14.0177335739, 26.8939628601, 72.7756958008, 24.7252559662, 6.87944507599, -17.9929561615], [-155.583114624, 63.4853248596, -6.58931446075, 18.5156135559, -6.62473297119, -13.2614116669, -3.84031009674, -5.50766658783, 26.5593261719, 24.7252559662, 81.57787323, 32.4671630859, 17.7442550659], [95.3620834351, -49.8333129883, 47.9370994568, 6.02031373978, -0.0549679324031, -18.9946250916, -28.6000022888, 5.28864049911, -14.9986200333, 6.87944507599, 32.4671630859, 94.0152893066, 23.0152244568], [-119.292060852, 19.9963150024, -37.5255661011, 34.3205909729, -0.0225980710238, 6.75382995605, 1.12354660034, -4.10428619385, 4.33808660507, -17.9929561615, 17.7442550659, 23.0152244568, 72.725440979]],
        "icov": [[0.000285950984107, -0.000435462745372, 0.000551477249246, -0.00060539203696, 0.000659976154566, -0.000593774777371, 0.000641811580863, -0.000730908359401, 0.00073627626989, -0.00103904725984, 0.00133575114887, -0.00113340606913, 0.000895004137419], [-0.000435462745372, 0.00374230369925, -0.0019541347865, 0.00152273196727, -0.00179511145689, 0.00353939458728, -0.00467015011236, 0.00299744145013, -0.00263895187527, 0.00463464530185, -0.00554878870025, 0.00414664717391, -0.0022124866955], [0.000551477249246, -0.0019541347865, 0.00478949537501, -0.00262299040332, 0.000422916084062, -0.00157982390374, 0.00333902542479, -0.00350584788248, 0.00363284279592, -0.00500641809776, 0.00454864976928, -0.0045615225099, 0.00392688624561], [-0.00060539203696, 0.00152273196727, -0.00262299040332, 0.00601453939453, -0.00196516723372, 0.000147098209709, -0.00116865581367, 0.0024895479437, -0.00322719453834, 0.00580743234605, -0.00531943235546, 0.00371106015518, -0.00370647548698], [0.000659976154566, -0.00179511145689, 0.000422916084062, -0.00196516723372, 0.00944240298122, -0.00378710799851, -0.000839332293253, -0.000365858722944, 0.000353214185452, -0.00339984684251, 0.0055706682615, -0.00491168769076, 0.00240169558674], [-0.000593774777371, 0.00353939458728, -0.00157982390374, 0.000147098209709, -0.00378710799851, 0.0120551344007, -0.00931323505938, 0.00144248025026, -0.000193526633666, 0.00223838468082, -0.00457720132545, 0.00507324561477, -0.00365054653957], [0.000641811580863, -0.00467015011236, 0.00333902542479, -0.00116865581367, -0.000839332293253, -0.00931323505938, 0.0172133184969, -0.00566874397919, 0.00353400665335, -0.00551892165095, 0.00517155835405, -0.00260330014862, 0.00287587218918], [-0.000730908359401, 0.00299744145013, -0.00350584788248, 0.0024895479437, -0.000365858722944, 0.00144248025026, -0.00566874397919, 0.0171619635075, -0.0110313557088, 0.00488108024001, -0.00103954516817, 0.000306587782688, -0.00206262129359], [0.00073627626989, -0.00263895187527, 0.00363284279592, -0.00322719453834, 0.000353214185452, -0.000193526633666, 0.00353400665335, -0.0110313557088, 0.0176955424249, -0.00868625100702, 0.000131083259475, 0.00100535771344, 0.00111697998364], [-0.00103904725984, 0.00463464530185, -0.00500641809776, 0.00580743234605, -0.00339984684251, 0.00223838468082, -0.00551892165095, 0.00488108024001, -0.00868625100702, 0.0282721891999, -0.0154706416652, 0.00575412483886, 0.00131583982147], [0.00133575114887, -0.00554878870025, 0.00454864976928, -0.00531943235546, 0.0055706682615, -0.00457720132545, 0.00517155835405, -0.00103954516817, 0.000131083259475, -0.0154706416652, 0.0309413317591, -0.0156952794641, 0.00244463677518], [-0.00113340606913, 0.00414664717391, -0.0045615225099, 0.00371106015518, -0.00491168769076, 0.00507324561477, -0.00260330014862, 0.000306587782688, 0.00100535771344, 0.00575412483886, -0.0156952794641, 0.0238630510867, -0.0098781818524], [0.000895004137419, -0.0022124866955, 0.00392688624561, -0.00370647548698, 0.00240169558674, -0.00365054653957, 0.00287587218918, -0.00206262129359, 0.00111697998364, 0.00131583982147, 0.00244463677518, -0.0098781818524, 0.0225696656853]]
    },
    "melbands": {
        "dmean": [0.000754995679017, 0.00100084044971, 0.000699338503182, 0.000284690468106, 0.000128899744595, 0.00013954367023, 0.000187083613127, 0.000172030719114, 0.000154487090185, 0.000181263589184, 0.000117092531582, 9.65724029811e-05, 0.000167460064404, 9.13684052648e-05, 6.99179072399e-05, 5.08411576448e-05, 5.2185208915e-05, 5.32926715096e-05, 4.5512089855e-05, 4.00903118134e-05, 3.49238507624e-05, 3.08131457132e-05, 2.56386847468e-05, 1.97658628167e-05, 1.263831291e-05, 1.3574633158e-05, 1.17032204798e-05, 9.97544429993e-06, 5.76013962927e-06, 4.04667252951e-06, 3.86460351365e-06, 3.72056774722e-06, 2.9613879633e-06, 2.05899618777e-06, 1.39750864037e-06, 1.09481197796e-06, 8.58840962792e-07, 7.05794320766e-07, 5.90388424371e-07, 4.94526318562e-07],
        "dmean2": [0.0011809093412, 0.00165797374211, 0.00120934145525, 0.000488451041747, 0.000211628925172, 0.000210136407986, 0.000276451115496, 0.000257402454736, 0.000242113877903, 0.000273397628916, 0.000182168281754, 0.000142495569889, 0.000262202927843, 0.000134968111524, 0.000110712433525, 7.65767763369e-05, 8.39966887725e-05, 8.52240118547e-05, 7.23782432033e-05, 6.44594765618e-05, 5.58971078135e-05, 4.99012421642e-05, 4.1122908442e-05, 3.30954753736e-05, 2.10042126128e-05, 2.30455207202e-05, 2.01507173188e-05, 1.72369364009e-05, 9.73257101577e-06, 6.93824404152e-06, 6.3873817453e-06, 6.14400050836e-06, 4.84464044348e-06, 3.29327303916e-06, 2.1557045784e-06, 1.65932272012e-06, 1.33915352762e-06, 1.0764323406e-06, 9.01367059214e-07, 7.77843013111e-07],
        "dvar": [2.15947261495e-06, 2.83556209979e-06, 8.8079229954e-07, 2.12600014038e-07, 6.1093999193e-08, 5.17656744137e-08, 1.0728772537e-07, 1.46039269566e-07, 9.11504898227e-08, 9.18470348665e-08, 4.84375775045e-08, 3.51362317019e-08, 9.57653796263e-08, 6.5882957756e-08, 1.2586836462e-08, 6.89525192499e-09, 6.76174805037e-09, 7.20151360767e-09, 5.44184608486e-09, 3.56262730428e-09, 3.68927910444e-09, 2.62165444909e-09, 1.78190073807e-09, 6.70968780536e-10, 2.91478369219e-10, 4.53691750835e-10, 2.48268294811e-10, 2.17888637688e-10, 6.54727938532e-11, 4.33388325227e-11, 3.36197077122e-11, 2.63013881507e-11, 1.61034276192e-11, 9.31676090443e-12, 7.33369441563e-12, 4.26601505857e-12, 3.63288218952e-12, 2.08617758485e-12, 1.81900349817e-12, 1.64883341355e-12],
        "dvar2": [5.06343803863e-06, 7.22959021004e-06, 2.47356797445e-06, 5.99074837737e-07, 1.58294724883e-07, 1.03714917543e-07, 2.26118274327e-07, 2.92127907642e-07, 2.18004757357e-07, 1.86294514037e-07, 1.01502919847e-07, 6.91439296929e-08, 2.16272297848e-07, 1.35491006859e-07, 2.71615867575e-08, 1.39862486037e-08, 1.60385074111e-08, 1.5462100933e-08, 1.29754047506e-08, 7.33868033009e-09, 7.28768956293e-09, 5.95638871559e-09, 4.30988178479e-09, 1.78204317969e-09, 7.70680519402e-10, 1.26406285439e-09, 6.99087454592e-10, 6.04931327253e-10, 1.73782793711e-10, 1.19577375779e-10, 8.75387540233e-11, 7.15770845372e-11, 4.02487591866e-11, 2.28027961097e-11, 1.53244847367e-11, 8.48222273669e-12, 7.94569878643e-12, 4.22036277453e-12, 3.28827243212e-12, 3.94189585487e-12],
        "max": [0.0122123686597, 0.0166860017926, 0.00901816226542, 0.00516314059496, 0.0046867178753, 0.00476835016161, 0.0065856827423, 0.00554200261831, 0.00396996038035, 0.00389588437974, 0.00289753265679, 0.00278352573514, 0.00552098639309, 0.00428134761751, 0.00155808054842, 0.00129738403484, 0.00133927958086, 0.00127368501853, 0.00110464682803, 0.000802874739747, 0.00133307022043, 0.00108222314157, 0.0006510267267, 0.000331095827278, 0.000225026582484, 0.000330123875756, 0.000145915255416, 0.000212877246668, 0.00010498255142, 9.41385078477e-05, 8.95490156836e-05, 8.06613534223e-05, 6.23607920716e-05, 3.8952610339e-05, 6.45265099593e-05, 4.31907537859e-05, 4.48667415185e-05, 3.06555266434e-05, 2.60310316662e-05, 2.81349712168e-05],
        "mean": [0.000850346114021, 0.00159477430861, 0.0011221623281, 0.000398029689677, 0.000199384929147, 0.000265530281467, 0.000360167148756, 0.000371896283468, 0.000261128589045, 0.00037521973718, 0.000235534782405, 0.00018902629381, 0.000315061915899, 0.000141170748975, 0.000134803340188, 0.0001002666977, 0.000101130448456, 9.74063877948e-05, 7.65997683629e-05, 7.59961840231e-05, 6.3783947553e-05, 6.12852527411e-05, 5.44876820641e-05, 3.56726959581e-05, 2.49890508712e-05, 2.56304610957e-05, 2.16536536755e-05, 1.77514539246e-05, 1.14132599265e-05, 8.16105693957e-06, 8.44463920657e-06, 8.17695763544e-06, 6.60548403175e-06, 4.47427328254e-06, 3.20870435644e-06, 2.50505127042e-06, 1.92085690287e-06, 1.68920269061e-06, 1.32088473492e-06, 1.08494270989e-06],
        "median": [0.000356126984116, 0.00111414748244, 0.000910791917704, 0.000265541224508, 0.000114167123684, 0.000128283092636, 0.000143141383887, 8.63133027451e-05, 0.000113647838589, 0.00011862028623, 7.98962864792e-05, 8.75155383255e-05, 0.000136927017593, 6.20259161224e-05, 7.73665160523e-05, 5.01344147779e-05, 4.94598571095e-05, 5.03881710756e-05, 4.85328127979e-05, 5.24890383531e-05, 4.10596185247e-05, 3.49413785443e-05, 2.8160171496e-05, 2.53015477938e-05, 1.9530303689e-05, 1.8617407477e-05, 1.69184186234e-05, 1.25721508084e-05, 7.98289602244e-06, 5.97789949097e-06, 6.30238855592e-06, 6.30666227153e-06, 5.02346256326e-06, 2.93904122373e-06, 1.95973598238e-06, 1.57681438395e-06, 1.09780444291e-06, 1.04811761048e-06, 8.26484040317e-07, 6.93215724823e-07],
        "min": [7.72033476593e-24, 5.457063641e-24, 2.06171953023e-23, 1.83940227661e-23, 9.06860454918e-24, 2.58033009996e-24, 1.10630318776e-23, 2.03559340368e-23, 1.53652702065e-23, 9.37123841369e-24, 1.18158599833e-23, 1.57864777537e-23, 9.18406459785e-24, 1.05854554856e-23, 8.69868006059e-24, 1.59000705686e-23, 1.09715113908e-23, 9.4307516581e-24, 7.48666469948e-24, 1.22987106993e-23, 1.46461493385e-23, 1.16208180688e-23, 7.78554043064e-24, 6.00031506997e-24, 8.77575887078e-24, 6.60501205813e-24, 8.41662836595e-24, 1.47959287809e-23, 9.17346704045e-24, 1.41716005946e-23, 1.32587796645e-23, 1.80875881697e-23, 9.9769423828e-24, 9.5583664756e-24, 1.08934196832e-23, 7.77490816336e-24, 1.2492708162e-23, 8.70333670651e-24, 9.54779416175e-24, 1.34141458198e-23],
        "stdev": [0.0014902522089, 0.00186369125731, 0.00100801070221, 0.000452366308309, 0.000299237668514, 0.000417870905949, 0.000674259092193, 0.000843196292408, 0.000399759883294, 0.000566369097214, 0.000430237065302, 0.000320908206049, 0.000511789519805, 0.000338948855642, 0.000179078662768, 0.000152121690917, 0.000146531849168, 0.000142091201269, 9.6027921245e-05, 8.76759513631e-05, 9.2216883786e-05, 8.47244809847e-05, 8.29349301057e-05, 3.50996488123e-05, 2.23019414989e-05, 2.68739750027e-05, 1.92347633856e-05, 1.86439392564e-05, 1.23286699818e-05, 8.27926942293e-06, 8.86691759661e-06, 8.20747300168e-06, 6.44285682938e-06, 5.00769328937e-06, 4.63431661046e-06, 3.50276400241e-06, 3.00580177282e-06, 2.42281294049e-06, 2.23713709602e-06, 1.7692344727e-06],
        "var": [2.22085168389e-06, 3.47334525941e-06, 1.01608566183e-06, 2.04635270507e-07, 8.9543185311e-08, 1.74616104687e-07, 4.54625336488e-07, 7.10980032181e-07, 1.59807967748e-07, 3.20773949625e-07, 1.85103928629e-07, 1.02982070871e-07, 2.61928533973e-07, 1.14886333336e-07, 3.20691668776e-08, 2.31410073326e-08, 2.14715818458e-08, 2.01899101882e-08, 9.22136145221e-09, 7.68707231202e-09, 8.50395398544e-09, 7.17823711582e-09, 6.87820245204e-09, 1.23198540258e-09, 4.97376584363e-10, 7.22210513615e-10, 3.69976105308e-10, 3.47596479378e-10, 1.51996110143e-10, 6.8546307519e-11, 7.86222267846e-11, 6.73626154857e-11, 4.1510402754e-11, 2.50769908311e-11, 2.14768914458e-11, 1.22693556703e-11, 9.03484405346e-12, 5.87002278382e-12, 5.00478217896e-12, 3.1301905512e-12]
    },
    "melbands128": {
