{
"lowlevel": {
    "average_loudness": 0.959626853466,
    "barkbands_crest": {
        "dmean": 3.80376505852,
        "dmean2": 5.97815275192,
        "dvar": 10.4533061981,
        "dvar2": 22.0539455414,
        "max": 25.1116371155,
        "mean": 12.0824632645,
        "median": 11.1554384232,
        "min": 2.73385429382,
        "stdev": 5.06925487518,
        "var": 25.6973457336
    },
    "barkbands_flatness_db": {
        "dmean": 0.0381859615445,
        "dmean2": 0.055764041841,
        "dvar": 0.00112778344192,
        "dvar2": 0.00212824065238,
        "max": 0.341122657061,
        "mean": 0.144746407866,
        "median": 0.138899534941,
        "min": 0.027475355193,
        "stdev": 0.0596622936428,
        "var": 0.00355958938599
    },
    "barkbands_kurtosis": {
        "dmean": 5.39155769348,
        "dmean2": 8.69599056244,
        "dvar": 94.1842498779,
        "dvar2": 215.505783081,
        "max": 125.213272095,
        "mean": 5.08724021912,
        "median": 1.94398927689,
        "min": -1.93687784672,
        "stdev": 11.0954332352,
        "var": 123.108634949
    },
    "barkbands_skewness": {
        "dmean": 0.988218069077,
        "dmean2": 1.47574830055,
        "dvar": 0.917832970619,
        "dvar2": 1.93245100975,
        "max": 10.1646699905,
        "mean": 1.33533930779,
        "median": 1.10092353821,
        "min": -5.40641450882,
        "stdev": 1.57323610783,
        "var": 2.47507166862
    },
    "barkbands_spread": {
        "dmean": 14.2965593338,
        "dmean2": 22.9778423309,
        "dvar": 307.987915039,
        "dvar2": 656.151916504,
        "max": 125.033149719,
        "mean": 27.9039573669,
        "median": 19.5580329895,
        "min": 1.38615036011,
        "stdev": 23.9365558624,
        "var": 572.958740234
    },
    "dissonance": {
        "dmean": 0.0340270586312,
        "dmean2": 0.0564655736089,
        "dvar": 0.00111390976235,
        "dvar2": 0.00298670236953,
        "max": 0.499653458595,
        "mean": 0.44637092948,
        "median": 0.45490065217,
        "min": 0.226736187935,
        "stdev": 0.0417490676045,
        "var": 0.00174298475031
    },
    "dynamic_complexity": 2.24696946144,
    "erbbands_crest": {
        "dmean": 4.4018445015,
        "dmean2": 6.87966251373,
        "dvar": 13.7062511444,
        "dvar2": 31.5914592743,
        "max": 32.5769805908,
        "mean": 11.8172073364,
        "median": 10.6961259842,
        "min": 3.18563103676,
        "stdev": 5.44429779053,
        "var": 29.6403808594
    },
    "erbbands_flatness_db": {
        "dmean": 0.0340491533279,
        "dmean2": 0.05102449283,
        "dvar": 0.000946443586145,
        "dvar2": 0.00186559709255,
        "max": 0.352301329374,
        "mean": 0.16036619246,
        "median": 0.152228295803,
        "min": 0.0491830967367,
        "stdev": 0.0543715208769,
        "var": 0.00295626232401
    },
    "erbbands_kurtosis": {
        "dmean": 2.8697373867,
        "dmean2": 4.5120472908,
        "dvar": 17.3371429443,
        "dvar2": 43.1399536133,
        "max": 48.7169151306,
        "mean": 2.36096453667,
        "median": 0.844445705414,
        "min": -1.75529611111,
        "stdev": 4.70612955093,
        "var": 22.1476535797
    },
    "erbbands_skewness": {
        "dmean": 0.732826948166,
        "dmean2": 1.14579451084,
        "dvar": 0.476442366838,
        "dvar2": 1.1418941021,
        "max": 3.97373461723,
        "mean": 0.314886212349,
        "median": 0.337450891733,
        "min": -4.88433408737,
        "stdev": 1.03224647045,
        "var": 1.06553280354
    },
    "erbbands_spread": {
        "dmean": 16.4511318207,
        "dmean2": 25.7007160187,
        "dvar": 299.083068848,
        "dvar2": 668.498474121,
        "max": 148.516571045,
        "mean": 35.6121749878,
        "median": 30.9926357269,
        "min": 1.60645723343,
        "stdev": 24.3958625793,
        "var": 595.158081055
    },
    "hfc": {
        "dmean": 40.8040237427,
        "dmean2": 64.1834564209,
        "dvar": 5379.57421875,
        "dvar2": 13224.3330078,
        "max": 550.336303711,
        "mean": 49.2445907593,
        "median": 22.7059669495,
        "min": 1.09356062924e-16,
        "stdev": 76.1094436646,
        "var": 5792.64697266
    },
    "loudness_ebu128": {
        "integrated": -9.90145874023,
        "loudness_range": 2.22506809235,
        "momentary": {
            "dmean": 0.771408259869,
            "dmean2": 1.14664673805,
            "dvar": 0.402053922415,
            "dvar2": 0.708224356174,
            "max": -5.34184217453,
            "mean": -10.1892309189,
            "median": -9.86376190186,
            "min": -15.3250741959,
            "stdev": 1.64425837994,
            "var": 2.70358562469
        },
        "short_term": {
            "dmean": 0.108568944037,
            "dmean2": 0.149898320436,
            "dvar": 0.00734719121829,
            "dvar2": 0.0129877151921,
            "max": -8.45200252533,
            "mean": -9.9891500473,
            "median": -10.0153608322,
            "min": -11.6885147095,
            "stdev": 0.792268395424,
            "var": 0.627689242363
        }
    },
    "melbands_crest": {
        "dmean": 4.52600240707,
        "dmean2": 7.11269855499,
        "dvar": 15.6163578033,
        "dvar2": 36.9557647705,
        "max": 38.141494751,
        "mean": 17.4654216766,
        "median": 16.8740406036,
        "min": 3.18236994743,
        "stdev": 6.82504415512,
        "var": 46.5812263489
    },
    "melbands_flatness_db": {
        "dmean": 0.0490984320641,
        "dmean2": 0.0683703348041,
        "dvar": 0.00184210052248,
        "dvar2": 0.00316996476613,
        "max": 0.450780540705,
        "mean": 0.208610251546,
        "median": 0.207572162151,
        "min": 0.0104789175093,
        "stdev": 0.0864997729659,
        "var": 0.0074822101742
    },
    "melbands_kurtosis": {
        "dmean": 11.8188781738,
        "dmean2": 18.2381343842,
        "dvar": 518.38067627,
        "dvar2": 1120.39306641,
        "max": 393.12878418,
        "mean": 14.1122722626,
        "median": 5.33716583252,
        "min": -1.78545463085,
        "stdev": 29.1628456116,
        "var": 850.471557617
    },
    "melbands_skewness": {
        "dmean": 1.20723330975,
        "dmean2": 1.74133324623,
        "dvar": 1.57714307308,
        "dvar2": 3.28250217438,
        "max": 18.0870761871,
        "mean": 2.37690711021,
        "median": 1.94396936893,
        "min": -3.13930153847,
        "stdev": 2.21967744827,
        "var": 4.92696809769
    },
    "melbands_spread": {
        "dmean": 18.2430324554,
        "dmean2": 28.2042236328,
        "dvar": 626.376525879,
        "dvar2": 1342.16918945,
        "max": 242.331634521,
        "mean": 32.3024864197,
        "median": 20.3058567047,
        "min": 1.0690382719,
        "stdev": 33.1518592834,
        "var": 1099.04577637
    },
    "pitch_salience": {
        "dmean": 0.101993478835,
        "dmean2": 0.158962771297,
        "dvar": 0.00899643730372,
        "dvar2": 0.020215915516,
        "max": 0.807449042797,
        "mean": 0.501246213913,
        "median": 0.506345689297,
        "min": 0.101567216218,
        "stdev": 0.149464517832,
        "var": 0.0223396401852
    },
    "silence_rate_20dB": {
        "dmean": 0,
        "dmean2": 0,
        "dvar": 0,
        "dvar2": 0,
        "max": 1,
        "mean": 1,
        "median": 1,
        "min": 1,
        "stdev": 0,
        "var": 0
    },
    "silence_rate_30dB": {
        "dmean": 0.061919502914,
        "dmean2": 0.123934932053,
        "dvar": 0.0580860190094,
        "dvar2": 0.108574725688,
        "max": 1,
        "mean": 0.914153158665,
        "median": 1,
        "min": 0,
        "stdev": 0.280138254166,
        "var": 0.0784774497151
    },
    "silence_rate_60dB": {
        "dmean": 0.0301857590675,
        "dmean2": 0.0596436858177,
        "dvar": 0.029274744913,
        "dvar2": 0.0653813779354,
        "max": 1,
        "mean": 0.0309358090162,
        "median": 0,
        "min": 0,
        "stdev": 0.173144236207,
        "var": 0.0299789290875
    },
    "spectral_centroid": {
        "dmean": 550.831481934,
        "dmean2": 823.929199219,
        "dvar": 522272.5,
        "dvar2": 959595,
        "max": 11110.1171875,
        "mean": 1569.04345703,
        "median": 1214.29211426,
        "min": 289.275604248,
        "stdev": 1003.29681396,
        "var": 1006604.5
    },
    "spectral_complexity": {
        "dmean": 5.3506193161,
        "dmean2": 8.04182815552,
        "dvar": 45.5978240967,
        "dvar2": 75.4064331055,
        "max": 59,
        "mean": 16.1361179352,
        "median": 14,
        "min": 0,
        "stdev": 9.38132381439,
        "var": 88.0092315674
    },
    "spectral_decrease": {
        "dmean": 4.09365163989e-09,
        "dmean2": 6.17810735903e-09,
        "dvar": 3.53982579458e-17,
        "dvar2": 6.07556549859e-17,
        "max": -2.08992287915e-28,
        "mean": -9.89977344545e-09,
        "median": -6.9897025945e-09,
        "min": -4.77121595566e-08,
        "stdev": 1.00658477109e-08,
        "var": 1.01321293675e-16
    },
    "spectral_energy": {
        "dmean": 0.0181337185204,
        "dmean2": 0.0276289004833,
        "dvar": 0.000614779361058,
        "dvar2": 0.00111652200576,
        "max": 0.190946653485,
        "mean": 0.0418306514621,
        "median": 0.029490891844,
        "min": 1.07076971253e-20,
        "stdev": 0.0401183851063,
        "var": 0.00160948489793
    },
    "spectral_energyband_high": {
        "dmean": 0.00412961002439,
        "dmean2": 0.0065921456553,
        "dvar": 6.45672917017e-05,
        "dvar2": 0.000157908929395,
        "max": 0.0562317706645,
        "mean": 0.00402686512098,
        "median": 0.000434270710684,
        "min": 7.47052175915e-21,
        "stdev": 0.00831281300634,
        "var": 6.91028617439e-05
    },
    "spectral_energyband_low": {
        "dmean": 0.0096596237272,
        "dmean2": 0.0152878118679,
        "dvar": 0.000532747770194,
        "dvar2": 0.000976982992142,
        "max": 0.17343005538,
        "mean": 0.0207907743752,
        "median": 0.0111024715006,
        "min": 7.67029652986e-23,
        "stdev": 0.0350637845695,
        "var": 0.0012294689659
    },
    "spectral_energyband_middle_high": {
        "dmean": 0.00510873878375,
        "dmean2": 0.00757007161155,
        "dvar": 4.69890910608e-05,
        "dvar2": 9.40345707932e-05,
        "max": 0.0547675229609,
        "mean": 0.00822706241161,
        "median": 0.00427740579471,
        "min": 1.67138729206e-21,
        "stdev": 0.0090397708118,
        "var": 8.17174513941e-05
    },
    "spectral_energyband_middle_low": {
        "dmean": 0.00642859609798,
        "dmean2": 0.0106265954673,
        "dvar": 8.21857247502e-05,
        "dvar2": 0.000212589875446,
        "max": 0.0753912180662,
        "mean": 0.00913492031395,
        "median": 0.0049707996659,
        "min": 6.1499439661e-22,
        "stdev": 0.00985914561898,
        "var": 9.7202755569e-05
    },
    "spectral_entropy": {
        "dmean": 0.368454784155,
        "dmean2": 0.529113411903,
        "dvar": 0.110292926431,
        "dvar2": 0.193704083562,
        "max": 9.80849552155,
        "mean": 7.63975095749,
        "median": 7.60872602463,
        "min": 5.56819391251,
        "stdev": 0.589156866074,
        "var": 0.347105830908
    },
    "spectral_flux": {
        "dmean": 0.047434668988,
        "dmean2": 0.0743524953723,
        "dvar": 0.00214045168832,
        "dvar2": 0.00435550091788,
        "max": 0.404142409563,
        "mean": 0.128124684095,
        "median": 0.119255028665,
        "min": 1.03478003943e-10,
        "stdev": 0.0721451044083,
        "var": 0.00520491600037
    },
    "spectral_kurtosis": {
        "dmean": 2.43272066116,
        "dmean2": 3.62661886215,
        "dvar": 6.31642770767,
        "dvar2": 12.5322036743,
        "max": 20.8339385986,
        "mean": 4.74438142776,
        "median": 3.92985200882,
        "min": -1.21391224861,
        "stdev": 3.94153499603,
        "var": 15.5356988907
    },
    "spectral_rms": {
        "dmean": 0.00135348842014,
        "dmean2": 0.00198505236767,
        "dvar": 2.25641338147e-06,
        "dvar2": 3.85508155887e-06,
        "max": 0.0136487875134,
        "mean": 0.00574293686077,
        "median": 0.00536391651258,
        "min": 3.23210989223e-12,
        "stdev": 0.00279805064201,
        "var": 7.82908682595e-06
    },
    "spectral_rolloff": {
        "dmean": 1488.49206543,
        "dmean2": 2531.95996094,
        "dvar": 5552549,
        "dvar2": 11481282,
        "max": 18217.0898438,
        "mean": 2470.72290039,
        "median": 1162.79296875,
        "min": 64.599609375,
        "stdev": 2941.82177734,
        "var": 8654315
    },
    "spectral_skewness": {
        "dmean": 0.452186852694,
        "dmean2": 0.640188276768,
        "dvar": 0.176013976336,
        "dvar2": 0.315395176411,
        "max": 3.88843512535,
        "mean": 1.70358395576,
        "median": 1.73601853848,
        "min": -0.0312057714909,
        "stdev": 0.747331023216,
        "var": 0.558503687382
    },
    "spectral_spread": {
        "dmean": 1455250.625,
        "dmean2": 2064494.25,
        "dvar": 3.0206459904e+12,
        "dvar2": 4.65769857024e+12,
        "max": 40544332,
        "mean": 6029720.5,
        "median": 5549385,
        "min": 2134323,
        "stdev": 2567789.75,
        "var": 6.59354445414e+12
    },
    "spectral_strongpeak": {
        "dmean": 0.661255300045,
        "dmean2": 1.13060188293,
        "dvar": 1.10983669758,
        "dvar2": 2.76452922821,
        "max": 9.62409210205,
        "mean": 1.01256346703,
        "median": 0.607587873936,
        "min": 0,
        "stdev": 1.13773429394,
        "var": 1.2944393158
    },
    "zerocrossingrate": {
        "dmean": 0.0287602189928,
        "dmean2": 0.0334693901241,
        "dvar": 0.00115804828238,
        "dvar2": 0.00136696058325,
        "max": 0.501953125,
        "mean": 0.0845013558865,
        "median": 0.06103515625,
        "min": 0.00390625,
        "stdev": 0.0669467896223,
        "var": 0.00448187300935
    },
    "barkbands": {
        "dmean": [0.00118387502152, 0.00887745711952, 0.0026975646615, 0.0010431711562, 0.00222126767039, 0.00292309420183, 0.000671350921039, 0.000818769447505, 0.000981628894806, 0.000759411079343, 0.00191063643433, 0.00128198822495, 0.000905981345568, 0.000708306266461, 0.000226627264055, 0.000307282927679, 0.000397614698159, 0.000268292875262, 0.000351205817424, 0.000400743883802, 0.000369702640455, 0.00102325167973, 0.0011206617346, 0.000569093448576, 0.000440527772298, 0.000558804080356, 0.000136398564791],
        "dmean2": [0.00161847530399, 0.0137116415426, 0.0048860013485, 0.00196003192104, 0.00366159924306, 0.00494649633765, 0.00111888418905, 0.0013879800681, 0.00166754145175, 0.00121210131329, 0.00295604881831, 0.00206525530666, 0.0014631182421, 0.00113000778947, 0.0003599927295, 0.000505037198309, 0.000653216673527, 0.000430302781751, 0.000579449406359, 0.000636861717794, 0.00058451667428, 0.00170215533581, 0.00189229997341, 0.000927958928514, 0.000675566901919, 0.000918242672924, 0.000241206027567],
        "dvar": [1.19693386296e-05, 0.000446778576588, 9.15463315323e-05, 1.21131897686e-05, 1.75304776349e-05, 2.71029839496e-05, 2.37494145949e-06, 2.89854347102e-06, 4.39020868725e-06, 2.25608391702e-06, 1.72963427758e-05, 8.58016301208e-06, 4.06159324484e-06, 2.51064602708e-06, 3.41699035289e-07, 4.87039471864e-07, 6.83162966197e-07, 6.96003667144e-07, 1.16958278795e-06, 1.71779208813e-06, 7.90257558947e-07, 4.43326780442e-06, 5.52859319214e-06, 1.49398965732e-06, 9.98326868284e-07, 1.39175449476e-06, 1.15911241494e-07],
        "dvar2": [2.46900090133e-05, 0.000836226274259, 0.000258373009274, 3.5679051507e-05, 4.21650911449e-05, 6.69815563015e-05, 5.48594607608e-06, 7.44279395803e-06, 1.1316261407e-05, 5.21400352227e-06, 3.71138485207e-05, 1.92217030417e-05, 1.03361544461e-05, 5.84830695516e-06, 7.3604616091e-07, 1.14811507501e-06, 1.75110790224e-06, 1.56935197992e-06, 2.92745176012e-06, 4.07027300753e-06, 1.94861968339e-06, 1.09366101242e-05, 1.42633662108e-05, 3.4452809814e-06, 2.1047123937e-06, 3.35490767611e-06, 3.17790664894e-07],
        "max": [0.0588527992368, 0.156464442611, 0.0658654347062, 0.0326997935772, 0.0325546301901, 0.0350433215499, 0.0260432623327, 0.0143171343952, 0.01870790869, 0.0287153199315, 0.0414347909391, 0.0295013561845, 0.0300110317767, 0.017355196178, 0.010823530145, 0.00761278299615, 0.00627082539722, 0.0066704666242, 0.0105123026296, 0.0112849250436, 0.00841799750924, 0.0162287466228, 0.017728433013, 0.0148940831423, 0.0155120957643, 0.0115493349731, 0.00222357758321],
        "mean": [0.0015153195709, 0.0169665440917, 0.00199061771855, 0.00105718814302, 0.0024170181714, 0.00316745368764, 0.000659588258713, 0.000803645409178, 0.000981111661531, 0.00141034042463, 0.00209770095535, 0.00133242830634, 0.000955498893745, 0.000686592829879, 0.000232865073485, 0.00030563728069, 0.000490973819979, 0.000245880772127, 0.000315907818731, 0.000339886406437, 0.000348177039996, 0.000896398792975, 0.000981605495326, 0.000571739801671, 0.000474699918414, 0.000492370163556, 9.34712516028e-05],
        "median": [0.000293082732242, 0.00813916232437, 0.000191247847397, 0.000358198652975, 0.000645225052722, 0.000534820137545, 0.000187304001884, 0.000237898537307, 0.000334920157911, 0.00121050560847, 0.000481465423945, 0.000166336423717, 0.000217464374145, 9.82828569249e-05, 3.98149422836e-05, 6.34171519778e-05, 0.000230388031923, 3.90976929339e-05, 6.76918934914e-05, 3.97196636186e-05, 6.34492389509e-05, 6.08923546679e-05, 6.04711276537e-05, 5.57089297217e-05, 5.49016149307e-05, 4.50256738986e-05, 2.17157594307e-06],
        "min": [5.11941657964e-24, 5.92125180128e-23, 2.78836770902e-24, 1.3808918638e-23, 2.35334562967e-23, 1.23709217644e-22, 1.07340303373e-22, 7.55672958959e-23, 2.48625203146e-22, 4.512534289e-23, 1.65052912816e-22, 2.66133743746e-23, 1.28038940676e-22, 6.8224244113e-23, 2.05606535392e-22, 1.01448509532e-22, 3.92317996702e-22, 1.94415552642e-22, 2.02475641122e-22, 2.7281715635e-22, 4.74270799771e-22, 6.38247289793e-22, 7.46197742367e-22, 8.47393627082e-22, 1.30997156448e-21, 1.52496642817e-21, 2.05378545755e-21],
        "stdev": [0.00440519396216, 0.0296253412962, 0.00768913328648, 0.00265869614668, 0.00452690804377, 0.0058371424675, 0.00166124210227, 0.00165643601213, 0.00197266065516, 0.00171951949596, 0.00469600409269, 0.0032869852148, 0.00207445328124, 0.00164278328884, 0.000654485193081, 0.000697613344528, 0.000829014286865, 0.000806555617601, 0.000973221613094, 0.00122455065139, 0.000845013419166, 0.00207917205989, 0.00228450493887, 0.00137578637805, 0.00122975988779, 0.00119538349099, 0.000283118075458],
        "var": [1.94057320186e-05, 0.000877660815604, 5.91227726545e-05, 7.06866558176e-06, 2.04928946914e-05, 3.40722326655e-05, 2.75972524832e-06, 2.74378021459e-06, 3.89139040635e-06, 2.95674726658e-06, 2.20524525503e-05, 1.08042713691e-05, 4.30335649071e-06, 2.69873680736e-06, 4.28350887205e-07, 4.86664418986e-07, 6.87264730459e-07, 6.50531944757e-07, 9.47160287978e-07, 1.49952427364e-06, 7.14047644124e-07, 4.32295610153e-06, 5.21896254213e-06, 1.89278819107e-06, 1.51230926804e-06, 1.42894180044e-06, 8.0155842852e-08]
    },
    "erbbands": {
        "dmean": [0.290994524956, 2.13154935837, 3.64616131783, 2.88680243492, 4.47665739059, 8.18325328827, 18.8881320953, 24.8753757477, 12.2756567001, 10.8502416611, 20.9664821625, 22.9729576111, 8.79989719391, 50.5717926025, 68.7688980103, 49.8136749268, 42.4768218994, 32.3048591614, 21.3424816132, 11.0798358917, 18.6805839539, 22.8636627197, 14.8036365509, 17.7163333893, 18.5665798187, 20.0480804443, 15.966176033, 15.5698738098, 24.1525783539, 48.377456665, 32.1936149597, 15.317905426, 8.00535488129, 5.34588098526, 2.99960112572, 2.02594137192, 0.946862101555, 0.405003458261, 0.0116372928023, 0.000256409985013],
        "dmean2": [0.440747857094, 3.06900835037, 5.77004528046, 5.26397418976, 8.05296707153, 13.5560970306, 30.0266151428, 42.8960456848, 20.7506904602, 18.6961803436, 35.0213928223, 39.4347877502, 13.9847774506, 76.8654937744, 106.811820984, 77.8172225952, 68.0652160645, 51.2786903381, 33.5791130066, 17.3423442841, 30.0909061432, 38.0692977905, 23.5496788025, 28.9891319275, 30.8079280853, 31.5918102264, 25.6687488556, 24.6233177185, 38.7638664246, 83.0908355713, 54.9558982849, 24.8987636566, 13.1829662323, 8.47054195404, 4.55753660202, 3.18757534027, 1.57762372494, 0.706255078316, 0.0201858785003, 0.000434080488048],
        "dvar": [0.409445881844, 30.0306777954, 134.658813477, 91.229888916, 155.085006714, 267.945739746, 1022.80096436, 2506.23657227, 845.346740723, 784.54095459, 1802.91394043, 2379.43212891, 336.446380615, 9075.53515625, 27386.0625, 11831.2089844, 8501.84082031, 4943.78662109, 2263.50512695, 586.718139648, 1594.62109375, 2810.1340332, 1753.21154785, 3397.69726562, 3473.58447266, 4476.72558594, 2207.21362305, 1018.83734131, 2416.08691406, 10595.0957031, 4783.63378906, 1079.61218262, 305.67477417, 172.075302124, 43.0163764954, 20.5313434601, 4.19338941574, 0.974753260612, 0.000768279307522, 3.12604015562e-07],
        "dvar2": [0.954771220684, 53.9011192322, 348.600524902, 264.055450439, 443.015930176, 612.020935059, 2335.89453125, 6519.06201172, 2028.89208984, 2083.56298828, 4446.640625, 6230.6484375, 849.082397461, 19283.5097656, 61898.671875, 25216.2402344, 21339.5839844, 11817.8242188, 5007.29394531, 1321.38964844, 3765.18701172, 7426.56396484, 4037.31518555, 8359.640625, 8826.48144531, 10642.2861328, 5628.59082031, 2307.0859375, 5515.87402344, 27531.5917969, 12421.5791016, 2505.04907227, 722.596130371, 395.141143799, 84.3433456421, 45.3482627869, 10.036945343, 2.64801764488, 0.00205652508885, 8.27419967209e-07],
        "max": [7.90944814682, 38.7020149231, 83.4169769287, 75.4498596191, 105.85749054, 162.548248291, 287.707611084, 368.543029785, 475.027801514, 319.414031982, 534.516357422, 483.683807373, 332.623016357, 1156.87097168, 1951.63330078, 1292.32250977, 1435.05285645, 917.483642578, 472.71774292, 296.980834961, 373.42855835, 402.81942749, 334.005004883, 502.078125, 583.77557373, 582.759216309, 463.871551514, 262.745056152, 454.609649658, 720.194702148, 505.503997803, 415.183258057, 168.843521118, 213.107513428, 87.3902511597, 53.106590271, 25.0140361786, 6.49519205093, 0.181469321251, 0.00395315792412],
        "mean": [0.567365467548, 3.40761995316, 3.43461418152, 2.74408602715, 4.13784646988, 8.70497322083, 22.9510650635, 23.5159645081, 11.8773908615, 10.5110311508, 22.2964267731, 23.7370452881, 14.1262779236, 87.2405700684, 72.8129806519, 56.2050895691, 47.9747619629, 33.4094276428, 22.2643585205, 11.7743940353, 19.6185188293, 25.6903247833, 15.8647508621, 16.3982028961, 15.850230217, 16.9247989655, 13.916975975, 15.367846489, 23.1592941284, 40.2470817566, 27.2944316864, 15.2560815811, 8.00549602509, 5.40441989899, 3.3131582737, 2.01762366295, 0.823078095913, 0.28815600276, 0.00845114886761, 0.000232184291235],
        "median": [0.340186297894, 1.07943379879, 0.438141018152, 1.24144208431, 1.86646068096, 2.22331643105, 4.62742471695, 4.01055049896, 3.38442587852, 3.51811718941, 7.05590295792, 9.33930397034, 10.0803394318, 63.6532745361, 14.3464803696, 10.1072397232, 11.9202613831, 7.2118639946, 3.68098473549, 2.4929702282, 4.23437166214, 10.4196662903, 5.61592531204, 3.15578126907, 2.90511536598, 1.9539129734, 2.31640696526, 2.45722651482, 2.17416739464, 1.98682177067, 1.67299342155, 1.17728507519, 0.871135413647, 0.561019778252, 0.389193803072, 0.221092671156, 0.0684133917093, 0.0111444769427, 0.000342743500369, 5.58758656553e-05],
        "min": [2.50885495374e-21, 1.01646990974e-20, 4.9871199768e-21, 3.4012364625e-20, 6.04628379604e-20, 6.06873140991e-20, 1.907416454e-19, 1.39796687487e-18, 1.8943393489e-18, 1.45815532798e-18, 1.61994420437e-18, 6.86916051032e-18, 2.50322306869e-18, 4.39551617956e-18, 4.43473612112e-18, 1.40342058005e-18, 6.42771986e-18, 3.57323454418e-18, 5.901010537e-18, 9.86710748208e-18, 1.23489363514e-17, 2.06094878575e-17, 1.07197693934e-17, 1.25715513338e-17, 8.59698819512e-18, 1.39875050443e-17, 1.26423422778e-17, 2.19643881942e-17, 2.13625861744e-17, 2.22629788886e-17, 2.38889115704e-17, 1.50761706833e-17, 1.59186739896e-17, 1.2247852399e-17, 1.08386732977e-17, 5.92857384937e-18, 2.90551553537e-18, 9.72885582322e-19, 2.9007784271e-19, 2.92986274367e-20],
        "stdev": [0.865963935852, 7.15008878708, 10.9664001465, 7.48788070679, 9.97153377533, 17.9082527161, 40.8308258057, 48.8266677856, 30.786277771, 25.555770874, 44.2753677368, 45.3087158203, 18.5863456726, 114.834655762, 176.172119141, 127.177871704, 97.6930160522, 72.1508026123, 51.8694725037, 27.0715103149, 41.1549606323, 49.5705337524, 40.3903388977, 52.987361908, 52.0537834167, 62.3595848083, 42.0946235657, 33.2044525146, 53.2630233765, 96.3011550903, 64.9428634644, 36.7155609131, 19.3117923737, 14.8552522659, 8.49423408508, 5.16698360443, 2.04985952377, 0.834605157375, 0.0238364059478, 0.000498855370097],
        "var": [0.749893546104, 51.1237678528, 120.261924744, 56.068359375, 99.4314880371, 320.705505371, 1667.15625, 2384.04345703, 947.79486084, 653.097412109, 1960.30822754, 2052.87963867, 345.452270508, 13186.9990234, 31036.6152344, 16174.2119141, 9543.92480469, 5205.73876953, 2690.44213867, 732.866638184, 1693.73083496, 2457.23779297, 1631.3795166, 2807.66040039, 2709.59619141, 3888.71777344, 1771.95727539, 1102.53564453, 2836.94970703, 9273.91210938, 4217.57568359, 1348.0324707, 372.9453125, 220.678527832, 72.152015686, 26.6977176666, 4.2019238472, 0.696565747261, 0.000568174291402, 2.48856679264e-07]
    },
    "gfcc": {
        "mean": [14.6674175262, 58.6626663208, -98.5224456787, 12.0565376282, -60.7942886353, 24.1735115051, -30.3447189331, 15.2407226562, -29.6024589539, 2.17847037315, -14.6053581238, 17.5860595703, -10.1970834732],
        "cov": [[5514.41162109, -1417.53198242, 714.63885498, 695.070617676, -46.1906280518, 376.997833252, -94.4695129395, -249.728393555, 254.485214233, 232.81489563, -107.100799561, 160.825531006, -74.4773788452], [-1417.53198242, 2253.11352539, -71.6996688843, -288.098602295, 506.599273682, 40.924156189, 223.887557983, 211.965820312, 4.46175909042, -118.335914612, 219.239379883, -52.3977584839, 167.484817505], [714.63885498, -71.6996688843, 1335.09655762, 540.083862305, 76.7913589478, 291.264404297, 260.204711914, 82.0182189941, 183.106948853, -18.7718029022, 2.12140798569, 133.337844849, -22.6370258331], [695.070617676, -288.098602295, 540.083862305, 751.968933105, 104.104995728, 160.938140869, 124.399208069, 59.6424980164, 180.380203247, 29.8645839691, -27.3748130798, 47.0460510254, -11.8327379227], [-46.1906280518, 506.599273682, 76.7913589478, 104.104995728, 483.671447754, 173.664428711, 88.1915817261, 98.5449905396, 121.001342773, 76.7298736572, 61.1591949463, -28.1658592224, 59.5973854065], [376.997833252, 40.924156189, 291.264404297, 160.938140869, 173.664428711, 357.800354004, 209.091278076, 41.3177070618, 99.9590759277, 41.5150527954, 48.5331840515, -4.88431215286, -19.6881084442], [-94.4695129395, 223.887557983, 260.204711914, 124.399208069, 88.1915817261, 209.091278076, 399.939941406, 119.966125488, 36.108669281, -50.6275138855, 72.4855651855, 9.06567001343, -50.4056434631], [-249.728393555, 211.965820312, 82.0182189941, 59.6424980164, 98.5449905396, 41.3177070618, 119.966125488, 198.604019165, 29.8610019684, -27.659444809, 32.0545883179, -8.10597038269, 20.6632709503], [254.485214233, 4.46175909042, 183.106948853, 180.380203247, 121.001342773, 99.9590759277, 36.108669281, 29.8610019684, 199.016693115, 65.5660858154, -1.0944494009, 28.3385257721, 23.1843738556], [232.81489563, -118.335914612, -18.7718029022, 29.8645839691, 76.7298736572, 41.5150527954, -50.6275138855, -27.659444809, 65.5660858154, 170.253173828, 8.21105098724, -2.69614171982, 12.7497615814], [-107.100799561, 219.239379883, 2.12140798569, -27.3748130798, 61.1591949463, 48.5331840515, 72.4855651855, 32.0545883179, -1.0944494009, 8.21105098724, 157.043716431, 27.6607723236, 17.820640564], [160.825531006, -52.3977584839, 133.337844849, 47.0460510254, -28.1658592224, -4.88431215286, 9.06567001343, -8.10597038269, 28.3385257721, -2.69614171982, 27.6607723236, 121.228149414, 35.1336097717], [-74.4773788452, 167.484817505, -22.6370258331, -11.8327379227, 59.5973854065, -19.6881084442, -50.4056434631, 20.6632709503, 23.1843738556, 12.7497615814, 17.820640564, 35.1336097717, 127.782470703]],
        "icov": [[0.000282417808194, 0.000106947860331, -3.36971643264e-05, -0.000138439485454, -1.92546576727e-05, -0.000320914725307, 0.000171441104612, 0.00022958390764, -3.0259236155e-05, -0.000117465118819, 4.65413213533e-05, -0.000283094501356, 8.42335430207e-05], [0.000106947860331, 0.00111333862878, -0.000227083815844, 0.00051801581867, -0.00116496207193, 0.000633888063021, -0.000573413970415, 0.000164796758327, -0.000269351323368, 0.000987870735116, -0.000969800632447, 0.000834901991766, -0.00114502315409], [-3.36971643264e-05, -0.000227083815844, 0.00147238001227, -0.00075764808571, 0.000358797959052, -0.00092729710741, -7.41776748328e-05, -0.000284419307718, -0.000204673124244, 0.000163664735737, 0.000588572060224, -0.00158877286594, 0.000550746161025], [-0.000138439485454, 0.00051801581867, -0.00075764808571, 0.00255546392873, -0.000677382398862, 0.000547880830709, -0.000528518285137, -0.000272756937193, -0.00141105300281, 0.000572504359297, -7.0935653639e-05, 0.000603590975516, -0.000378436758183], [-1.92546576727e-05, -0.00116496207193, 0.000358797959052, -0.000677382398862, 0.00479333335534, -0.00201201555319, 0.000742510019336, -0.00123210193124, -0.000927523418795, -0.00189192628022, 0.000195258107851, 0.000516307831276, -0.000349065259797], [-0.000320914725307, 0.000633888063021, -0.00092729710741, 0.000547880830709, -0.00201201555319, 0.00695204921067, -0.00343398214318, 0.00135040667374, -0.00127724988852, -0.000238884502323, -0.00138968077954, 0.00255155190825, -0.00094700336922], [0.000171441104612, -0.000573413970415, -7.41776748328e-05, -0.000528518285137, 0.000742510019336, -0.00343398214318, 0.00613051420078, -0.00251409597695, 0.000406592065701, 0.000995078706183, -0.000845209113322, -0.00156338966917, 0.00311350543052], [0.00022958390764, 0.000164796758327, -0.000284419307718, -0.000272756937193, -0.00123210193124, 0.00135040667374, -0.00251409597695, 0.0078298849985, -0.000790720980149, 0.00107211619616, -0.0006110642571, 0.0015767820878, -0.00194480514619], [-3.0259236155e-05, -0.000269351323368, -0.000204673124244, -0.00141105300281, -0.000927523418795, -0.00127724988852, 0.000406592065701, -0.000790720980149, 0.00903353281319, -0.00275767571293, 0.00144795828965, -0.00206898897886, -0.000304392480757], [-0.000117465118819, 0.000987870735116, 0.000163664735737, 0.000572504359297, -0.00189192628022, -0.000238884502323, 0.000995078706183, 0.00107211619616, -0.00275767571293, 0.00924381799996, -0.00186414981727, 0.00121043191757, -0.000711332540959], [4.65413213533e-05, -0.000969800632447, 0.000588572060224, -7.0935653639e-05, 0.000195258107851, -0.00138968077954, -0.000845209113322, -0.0006110642571, 0.00144795828965, -0.00186414981727, 0.00930985901505, -0.00374091300182, 0.000509656150825], [-0.000283094501356, 0.000834901991766, -0.00158877286594, 0.000603590975516, 0.000516307831276, 0.00255155190825, -0.00156338966917, 0.0015767820878, -0.00206898897886, 0.00121043191757, -0.00374091300182, 0.0138231255114, -0.00522854458541], [8.42335430207e-05, -0.00114502315409, 0.000550746161025, -0.000378436758183, -0.000349065259797, -0.00094700336922, 0.00311350543052, -0.00194480514619, -0.000304392480757, -0.000711332540959, 0.000509656150825, -0.00522854458541, 0.0124904569238]]
    },
    "melbands": {
        "dmean": [0.00248256884515, 0.00198544817977, 0.000543784641195, 0.000415785674704, 0.000592672440689, 0.000545312825125, 0.000173586289748, 0.000129028179799, 0.000190022299648, 0.000132144108647, 4.37417111243e-05, 0.000197259214474, 0.000255314982496, 0.000152724896907, 0.000124117344967, 7.66015436966e-05, 6.45695108688e-05, 4.31477310485e-05, 1.54640383698e-05, 1.65592755366e-05, 2.43645608862e-05, 2.4604571081e-05, 1.69540307979e-05, 1.25197202578e-05, 1.49329416672e-05, 1.2305367818e-05, 1.5086534404e-05, 1.26725308291e-05, 1.07596542875e-05, 8.18164153316e-06, 9.51243146119e-06, 1.19245823953e-05, 2.36120213231e-05, 2.67159484793e-05, 2.10310736293e-05, 1.1659586562e-05, 8.85511326487e-06, 5.83741166338e-06, 5.020845947e-06, 4.41571182819e-06],
        "dmean2": [0.00382731296122, 0.00267956987955, 0.000989213469438, 0.000700330478139, 0.000943217484746, 0.000936044438276, 0.00029473673203, 0.000219816764002, 0.000318231672281, 0.000226929085329, 7.07148210495e-05, 0.000304274493828, 0.000394294038415, 0.000239764063735, 0.000196297463845, 0.000125663093058, 0.000103096368548, 6.90873785061e-05, 2.48636351898e-05, 2.71013286692e-05, 3.98761258111e-05, 4.10572611145e-05, 2.78605402855e-05, 1.98812904273e-05, 2.4648350518e-05, 2.03578965738e-05, 2.51955843851e-05, 1.9794821128e-05, 1.76802459464e-05, 1.30086400532e-05, 1.51239573825e-05, 1.88637131942e-05, 3.97055482608e-05, 4.61513445771e-05, 3.62241298717e-05, 1.94392232515e-05, 1.44582054418e-05, 9.70084056462e-06, 8.17401814857e-06, 7.03964087734e-06],
        "dvar": [2.9955570426e-05, 3.06297624775e-05, 3.00722626889e-06, 8.09800098978e-07, 8.96280653251e-07, 1.10388543817e-06, 1.6162677241e-07, 1.00030668193e-07, 1.51393763304e-07, 8.07330877706e-08, 9.73647829028e-09, 1.3948886135e-07, 3.5465237147e-07, 1.37100172992e-07, 6.73865159229e-08, 3.42167680856e-08, 2.17853735052e-08, 1.04732622574e-08, 2.0243293708e-09, 1.48334278194e-09, 2.74058153948e-09, 3.01359404098e-09, 1.49592149778e-09, 1.64012903259e-09, 2.51125609196e-09, 1.33661348656e-09, 2.54668863775e-09, 1.72150238509e-09, 1.2184482312e-09, 3.23713666983e-10, 3.8675640468e-10, 6.3541089057e-10, 2.38205521974e-09, 3.28070259847e-09, 2.14442352764e-09, 5.48811662782e-10, 4.53436399539e-10, 1.70489553031e-10, 1.42088757427e-10, 1.2146796069e-10],
        "dvar2": [6.23886517133e-05, 6.33422896499e-05, 8.64146750246e-06, 2.08115329769e-06, 1.99167971004e-06, 2.84745351564e-06, 3.9201742652e-07, 2.69708380074e-07, 3.73153568489e-07, 2.12831054114e-07, 2.53301699615e-08, 3.00562589928e-07, 7.90171270637e-07, 3.13922186024e-07, 1.50845295366e-07, 8.99958720879e-08, 5.24664862667e-08, 2.38722979162e-08, 4.66369654006e-09, 3.58839891135e-09, 6.53853371446e-09, 7.8776505319e-09, 3.71352637529e-09, 3.68754449198e-09, 6.27510132745e-09, 3.38533134858e-09, 6.39261088509e-09, 3.91703425251e-09, 3.13458081713e-09, 7.84155462785e-10, 8.65913285519e-10, 1.41972744672e-09, 5.9506097827e-09, 8.61829718701e-09, 5.61742075078e-09, 1.33445499095e-09, 1.06249742338e-09, 4.1257330885e-10, 3.27207705375e-10, 2.80980516632e-10],
        "max": [0.0515538342297, 0.0424900650978, 0.014412721619, 0.00800298433751, 0.00795520097017, 0.00745745608583, 0.00610132329166, 0.00327706476673, 0.00540696037933, 0.0031741047278, 0.00182677921839, 0.00462022656575, 0.00612504268065, 0.00445180945098, 0.00373119488358, 0.00298645114526, 0.00197714800015, 0.00100122822914, 0.00100557738915, 0.000508885190357, 0.000392627669498, 0.000384627026506, 0.0002994343522, 0.000339798774803, 0.000435125111835, 0.000359407946235, 0.00046287587611, 0.00036412634654, 0.000354453717591, 0.000209472098504, 0.000168134298292, 0.000324567605276, 0.000417532370193, 0.000363987550372, 0.000349612091668, 0.00019036505546, 0.000324279360939, 0.000129899402964, 0.000139040144859, 0.000194949578145],
        "mean": [0.00498892134055, 0.00268281740136, 0.000523746421095, 0.000426304439316, 0.000741482304875, 0.00054042035481, 0.000167930134921, 0.000122203011415, 0.000200828246307, 0.000132969566039, 6.54283066979e-05, 0.000345350301359, 0.000269477954134, 0.000152302673087, 0.000141637399793, 7.9405028373e-05, 6.24332460575e-05, 4.21913064201e-05, 1.57005106303e-05, 1.67893558682e-05, 2.4553246476e-05, 2.6447509299e-05, 2.14537885768e-05, 1.13941568998e-05, 1.35297505039e-05, 1.08905624074e-05, 1.1967809769e-05, 1.09868597065e-05, 8.85231384018e-06, 7.95796495368e-06, 9.17658326216e-06, 1.14087170004e-05, 2.03755753319e-05, 2.21543868975e-05, 1.71314623003e-05, 1.1025049389e-05, 8.74405759532e-06, 5.60670787308e-06, 5.01963768329e-06, 4.32523029303e-06],
        "median": [0.00274261808954, 0.000743568700273, 0.000248495896813, 0.00013496997417, 0.000169495266164, 9.14409683901e-05, 4.65208104288e-05, 3.96381474275e-05, 6.1825310695e-05, 5.10685895279e-05, 4.64656077384e-05, 0.000260618893662, 5.62700188311e-05, 1.95123902813e-05, 2.73389323411e-05, 1.8965707568e-05, 1.0026592463e-05, 5.25877931068e-06, 2.7354822123e-06, 3.54779604095e-06, 4.40726398665e-06, 8.67796188686e-06, 1.14992953968e-05, 1.6902608877e-06, 2.40475287683e-06, 2.33520654547e-06, 1.21109633255e-06, 1.23484642245e-06, 1.25724181999e-06, 1.60724982834e-06, 1.39574524383e-06, 1.08959159206e-06, 1.05783840354e-06, 1.09754489586e-06, 8.8676034693e-07, 7.57361760861e-07, 6.49783828521e-07, 6.00310102072e-07, 4.65819169904e-07, 4.22085662422e-07],
        "min": [1.94947771851e-23, 6.16818269844e-24, 5.8743844705e-24, 4.96264033549e-24, 5.98749134709e-24, 3.19390847862e-23, 2.55053939896e-23, 1.67483011456e-23, 1.51929466972e-23, 4.29070376255e-23, 1.02916608075e-23, 1.57357997515e-23, 1.81571925228e-23, 4.77789068921e-24, 7.72141550537e-24, 1.20990444822e-23, 6.27511318858e-24, 6.87747633175e-24, 1.93534543316e-23, 6.05826124219e-24, 1.72496806266e-23, 2.45283124501e-23, 1.25356647937e-23, 7.67041091469e-24, 1.11750958801e-23, 4.49410350058e-24, 8.38650334571e-24, 9.38507266739e-24, 6.35300965309e-24, 1.04764412194e-23, 1.35491893404e-23, 1.15544717112e-23, 1.45124815913e-23, 1.03349045846e-23, 1.35249255567e-23, 1.11396886472e-23, 9.07368165797e-24, 1.16332678716e-23, 9.66145560756e-24, 1.04590452587e-23],
        "stdev": [0.00792349874973, 0.00663160579279, 0.00136892765295, 0.000862978515215, 0.00122945732437, 0.00106580881402, 0.000423802615842, 0.000288422073936, 0.000406582810683, 0.000261624023551, 9.60650650086e-05, 0.000444885110483, 0.000648236949928, 0.000397131225327, 0.000305962195853, 0.000182461822988, 0.000148240418639, 0.00010719072452, 4.8299854825e-05, 3.89420492866e-05, 5.32808917342e-05, 5.32627891516e-05, 3.67961110896e-05, 3.92132969864e-05, 4.49819817732e-05, 3.2771647966e-05, 4.47091188107e-05, 3.99365562771e-05, 3.05616340484e-05, 1.7813687009e-05, 2.04701900657e-05, 2.75073634839e-05, 4.78385481983e-05, 5.36849802302e-05, 4.24047902925e-05, 2.51795099757e-05, 2.32044603763e-05, 1.37887191158e-05, 1.37165397973e-05, 1.22140900203e-05],
        "var": [6.27818299108e-05, 4.39781979367e-05, 1.8739629013e-06, 7.44731892155e-07, 1.51156518768e-06, 1.13594842333e-06, 1.79608647954e-07, 8.31872952745e-08, 1.65309572253e-07, 6.84471359591e-08, 9.22849618945e-09, 1.97922773282e-07, 4.20211136998e-07, 1.57713202498e-07, 9.36128614626e-08, 3.32923164592e-08, 2.19752216424e-08, 1.14898508485e-08, 2.33287611451e-09, 1.51648327229e-09, 2.83885359664e-09, 2.83692469516e-09, 1.35395383793e-09, 1.5376827589e-09, 2.0233785758e-09, 1.07398090421e-09, 1.99890526353e-09, 1.59492852259e-09, 9.3401342216e-10, 3.17327469856e-10, 4.19028672871e-10, 7.56655016421e-10, 2.28852670148e-09, 2.88207702148e-09, 1.79816617152e-09, 6.34007735201e-10, 5.38446953691e-10, 1.90128773836e-10, 1.88143473023e-10, 1.4918398461e-10]
    },
    "melbands128": {
