{
"lowlevel": {
    "average_loudness": 0.967963993549,
    "barkbands_crest": {
        "dmean": 3.0915145874,
        "dmean2": 4.54364204407,
        "dvar": 8.61623954773,
        "dvar2": 17.9845485687,
        "max": 25.4895153046,
        "mean": 12.5824155807,
        "median": 11.9954280853,
        "min": 2.17908358574,
        "stdev": 5.29113388062,
        "var": 27.9960975647
    },
    "barkbands_flatness_db": {
        "dmean": 0.0340136252344,
        "dmean2": 0.0469005256891,
        "dvar": 0.00139137567021,
        "dvar2": 0.00245135230944,
        "max": 0.517298460007,
        "mean": 0.17392089963,
        "median": 0.167626723647,
        "min": 0.020306373015,
        "stdev": 0.0761633142829,
        "var": 0.00580085068941
    },
    "barkbands_kurtosis": {
        "dmean": 7.58874797821,
        "dmean2": 11.6009960175,
        "dvar": 303.319732666,
        "dvar2": 659.163513184,
        "max": 258.247528076,
        "mean": 10.2821598053,
        "median": 3.87081384659,
        "min": -1.93187332153,
        "stdev": 21.6706771851,
        "var": 469.618286133
    },
    "barkbands_skewness": {
        "dmean": 0.907025039196,
        "dmean2": 1.29880690575,
        "dvar": 1.3328717947,
        "dvar2": 2.49861955643,
        "max": 14.1710796356,
        "mean": 1.86469602585,
        "median": 1.57868671417,
        "min": -8.39743804932,
        "stdev": 2.08747220039,
        "var": 4.35754060745
    },
    "barkbands_spread": {
        "dmean": 9.96701335907,
        "dmean2": 15.475435257,
        "dvar": 171.427261353,
        "dvar2": 362.550292969,
        "max": 119.989257812,
        "mean": 23.3597145081,
        "median": 17.3046169281,
        "min": 0.678907871246,
        "stdev": 20.2480545044,
        "var": 409.983673096
    },
    "dissonance": {
        "dmean": 0.0293266661465,
        "dmean2": 0.047527808696,
        "dvar": 0.00104308465961,
        "dvar2": 0.00263428059407,
        "max": 0.49996688962,
        "mean": 0.440992921591,
        "median": 0.454818695784,
        "min": 0.0970139056444,
        "stdev": 0.0498029887676,
        "var": 0.00248033786193
    },
    "dynamic_complexity": 2.57884645462,
    "erbbands_crest": {
        "dmean": 3.27321743965,
        "dmean2": 5.26637363434,
        "dvar": 8.94679832458,
        "dvar2": 21.6163425446,
        "max": 29.8376922607,
        "mean": 10.3237390518,
        "median": 9.40574741364,
        "min": 2.88587093353,
        "stdev": 4.55458211899,
        "var": 20.7442188263
    },
    "erbbands_flatness_db": {
        "dmean": 0.0255681090057,
        "dmean2": 0.0363219566643,
        "dvar": 0.000689670850988,
        "dvar2": 0.0013999287039,
        "max": 0.435461610556,
        "mean": 0.167156741023,
        "median": 0.158195212483,
        "min": 0.0459049344063,
        "stdev": 0.0602766759694,
        "var": 0.00363327749074
    },
    "erbbands_kurtosis": {
        "dmean": 2.76748323441,
        "dmean2": 4.53183889389,
        "dvar": 49.5000038147,
        "dvar2": 134.466522217,
        "max": 112.755874634,
        "mean": 2.67644357681,
        "median": 0.470683097839,
        "min": -1.90564227104,
        "stdev": 7.52598762512,
        "var": 56.6404876709
    },
    "erbbands_skewness": {
        "dmean": 0.650429308414,
        "dmean2": 0.971196591854,
        "dvar": 0.603707790375,
        "dvar2": 1.35688090324,
        "max": 9.54413890839,
        "mean": 0.654766082764,
        "median": 0.684299111366,
        "min": -7.00130081177,
        "stdev": 1.32447266579,
        "var": 1.75422799587
    },
    "erbbands_spread": {
        "dmean": 14.6335105896,
        "dmean2": 23.5087032318,
        "dvar": 296.271789551,
        "dvar2": 685.270446777,
        "max": 175.126220703,
        "mean": 42.1136665344,
        "median": 37.5268821716,
        "min": 1.02657341957,
        "stdev": 26.8969573975,
        "var": 723.446289062
    },
    "hfc": {
        "dmean": 14.1904888153,
        "dmean2": 20.5747451782,
        "dvar": 408.698181152,
        "dvar2": 865.598693848,
        "max": 236.10836792,
        "mean": 32.1131286621,
        "median": 23.1698741913,
        "min": 1.2316170073e-16,
        "stdev": 32.072227478,
        "var": 1028.62780762
    },
    "loudness_ebu128": {
        "integrated": -6.2695775032,
        "loudness_range": 2.67840194702,
        "momentary": {
            "dmean": 0.578226864338,
            "dmean2": 0.774327993393,
            "dvar": 0.316555261612,
            "dvar2": 0.516882658005,
            "max": -4.36525821686,
            "mean": -6.53515481949,
            "median": -6.01900482178,
            "min": -14.3145980835,
            "stdev": 1.70638179779,
            "var": 2.91173887253
        },
        "short_term": {
            "dmean": 0.0764482021332,
            "dmean2": 0.0909656360745,
            "dvar": 0.00392849510536,
            "dvar2": 0.00592323159799,
            "max": -5.23622465134,
            "mean": -6.38209056854,
            "median": -5.99561834335,
            "min": -8.85752868652,
            "stdev": 0.930428564548,
            "var": 0.865697264671
        }
    },
    "melbands_crest": {
        "dmean": 3.80617952347,
        "dmean2": 5.79811096191,
        "dvar": 15.3841295242,
        "dvar2": 30.9115562439,
        "max": 36.191493988,
        "mean": 17.2142601013,
        "median": 15.5336990356,
        "min": 2.38247561455,
        "stdev": 7.66728496552,
        "var": 58.7872619629
    },
    "melbands_flatness_db": {
        "dmean": 0.0404298752546,
        "dmean2": 0.0547651350498,
        "dvar": 0.00192075548694,
        "dvar2": 0.00320856436156,
        "max": 0.669952690601,
        "mean": 0.223827183247,
        "median": 0.21588036418,
        "min": 0.00533826043829,
        "stdev": 0.0957537069917,
        "var": 0.00916877295822
    },
    "melbands_kurtosis": {
        "dmean": 16.7304077148,
        "dmean2": 26.0669174194,
        "dvar": 1590.40270996,
        "dvar2": 3537.29858398,
        "max": 772.999694824,
        "mean": 25.4779186249,
        "median": 9.8172082901,
        "min": -1.94861412048,
        "stdev": 50.7287635803,
        "var": 2573.4074707
    },
    "melbands_skewness": {
        "dmean": 1.19478166103,
        "dmean2": 1.76056313515,
        "dvar": 2.30744719505,
        "dvar2": 4.74329090118,
        "max": 22.8030090332,
        "mean": 3.04827404022,
        "median": 2.45615839958,
        "min": -6.82062625885,
        "stdev": 2.75824284554,
        "var": 7.60790395737
    },
    "melbands_spread": {
        "dmean": 11.9607095718,
        "dmean2": 18.4677867889,
        "dvar": 388.120422363,
        "dvar2": 930.637207031,
        "max": 218.769973755,
        "mean": 25.400138855,
        "median": 16.5030632019,
        "min": 0.438235759735,
        "stdev": 27.7358474731,
        "var": 769.277282715
    },
    "pitch_salience": {
        "dmean": 0.0864688679576,
        "dmean2": 0.134401857853,
        "dvar": 0.0094930594787,
        "dvar2": 0.0204889401793,
        "max": 0.957001209259,
        "mean": 0.487533152103,
        "median": 0.48069280386,
        "min": 0.108048796654,
        "stdev": 0.160985261202,
        "var": 0.0259162541479
    },
    "silence_rate_20dB": {
        "dmean": 0,
        "dmean2": 0,
        "dvar": 0,
        "dvar2": 0,
        "max": 1,
        "mean": 1,
        "median": 1,
        "min": 1,
        "stdev": 0,
        "var": 0
    },
    "silence_rate_30dB": {
        "dmean": 0.0185758508742,
        "dmean2": 0.0371804796159,
        "dvar": 0.0182308834046,
        "dvar2": 0.0512891821563,
        "max": 1,
        "mean": 0.98530548811,
        "median": 1,
        "min": 0,
        "stdev": 0.120326414704,
        "var": 0.0144784459844
    },
    "silence_rate_60dB": {
        "dmean": 0.0208978336304,
        "dmean2": 0.0418280400336,
        "dvar": 0.0204611476511,
        "dvar2": 0.0447268635035,
        "max": 1,
        "mean": 0.0464037135243,
        "median": 0,
        "min": 0,
        "stdev": 0.210355237126,
        "var": 0.0442493259907
    },
    "spectral_centroid": {
        "dmean": 441.521179199,
        "dmean2": 646.662658691,
        "dvar": 496511.40625,
        "dvar2": 845195.6875,
        "max": 11143.1728516,
        "mean": 1498.5447998,
        "median": 1248.97546387,
        "min": 165.764724731,
        "stdev": 1133.43139648,
        "var": 1284666.75
    },
    "spectral_complexity": {
        "dmean": 4.50232219696,
        "dmean2": 6.40821075439,
        "dvar": 38.649307251,
        "dvar2": 61.5107154846,
        "max": 62,
        "mean": 14.8955917358,
        "median": 13,
        "min": 0,
        "stdev": 10.8963632584,
        "var": 118.730728149
    },
    "spectral_decrease": {
        "dmean": 2.63562793812e-09,
        "dmean2": 3.94235222245e-09,
        "dvar": 1.39735008765e-17,
        "dvar2": 2.78547942757e-17,
        "max": 4.60673946906e-12,
        "mean": -9.50952827594e-09,
        "median": -7.58480300789e-09,
        "min": -3.74393032132e-08,
        "stdev": 7.46537054397e-09,
        "var": 5.57317569919e-17
    },
    "spectral_energy": {
        "dmean": 0.0105441194028,
        "dmean2": 0.0158146154135,
        "dvar": 0.000204740732443,
        "dvar2": 0.000417473114794,
        "max": 0.142667129636,
        "mean": 0.038803871721,
        "median": 0.0317656882107,
        "min": 1.12393529238e-20,
        "stdev": 0.02837571688,
        "var": 0.000805181334727
    },
    "spectral_energyband_high": {
        "dmean": 0.00124151050113,
        "dmean2": 0.00184581812937,
        "dvar": 4.24122708864e-06,
        "dvar2": 8.65298989083e-06,
        "max": 0.0249979775399,
        "mean": 0.00197913171723,
        "median": 0.000705204438418,
        "min": 8.52978146348e-21,
        "stdev": 0.0032947359141,
        "var": 1.08552840175e-05
    },
    "spectral_energyband_low": {
        "dmean": 0.006240056362,
        "dmean2": 0.00937813613564,
        "dvar": 0.000179310649401,
        "dvar2": 0.000350613699993,
        "max": 0.129231512547,
        "mean": 0.0181955359876,
        "median": 0.00641895458102,
        "min": 9.36737362635e-23,
        "stdev": 0.0264968406409,
        "var": 0.00070208258694
    },
    "spectral_energyband_middle_high": {
        "dmean": 0.00330597697757,
        "dmean2": 0.00456677749753,
        "dvar": 2.30474925047e-05,
        "dvar2": 4.59905277239e-05,
        "max": 0.060298230499,
        "mean": 0.00659517198801,
        "median": 0.00333880633116,
        "min": 1.31987380095e-21,
        "stdev": 0.00837919209152,
        "var": 7.02108663972e-05
    },
    "spectral_energyband_middle_low": {
        "dmean": 0.00688551180065,
        "dmean2": 0.0107548674569,
        "dvar": 0.00018377021479,
        "dvar2": 0.000480463175336,
        "max": 0.122708134353,
        "mean": 0.0127120725811,
        "median": 0.00905332528055,
        "min": 3.41757515771e-22,
        "stdev": 0.0142837865278,
        "var": 0.000204026553547
    },
    "spectral_entropy": {
        "dmean": 0.291786700487,
        "dmean2": 0.409260541201,
        "dvar": 0.0911785289645,
        "dvar2": 0.16742259264,
        "max": 9.81182956696,
        "mean": 7.53780651093,
        "median": 7.54744672775,
        "min": 5.47498703003,
        "stdev": 0.625393152237,
        "var": 0.391116589308
    },
    "spectral_flux": {
        "dmean": 0.0346843861043,
        "dmean2": 0.0510726980865,
        "dvar": 0.00148798478767,
        "dvar2": 0.00260582985356,
        "max": 0.361964643002,
        "mean": 0.101156763732,
        "median": 0.0894863978028,
        "min": 1.06015814183e-10,
        "stdev": 0.06594838202,
        "var": 0.00434918887913
    },
    "spectral_kurtosis": {
        "dmean": 1.920591712,
        "dmean2": 2.95656132698,
        "dvar": 20.7495574951,
        "dvar2": 39.8111190796,
        "max": 119.092536926,
        "mean": 3.67410373688,
        "median": 2.87607097626,
        "min": -1.43720126152,
        "stdev": 5.82533073425,
        "var": 33.9344787598
    },
    "spectral_rms": {
        "dmean": 0.000877717859112,
        "dmean2": 0.0012764869025,
        "dvar": 1.15843079129e-06,
        "dvar2": 2.10762391362e-06,
        "max": 0.0117977727205,
        "mean": 0.00566888740286,
        "median": 0.00556694855914,
        "min": 3.31137764778e-12,
        "stdev": 0.00239190016873,
        "var": 5.72118688069e-06
    },
    "spectral_rolloff": {
        "dmean": 987.862243652,
        "dmean2": 1658.23999023,
        "dvar": 3416298.25,
        "dvar2": 6943554.5,
        "max": 18410.8886719,
        "mean": 2126.92529297,
        "median": 947.4609375,
        "min": 43.06640625,
        "stdev": 2795.25512695,
        "var": 7813451
    },
    "spectral_skewness": {
        "dmean": 0.370460420847,
        "dmean2": 0.536897003651,
        "dvar": 0.207464233041,
        "dvar2": 0.405540406704,
        "max": 8.27783870697,
        "mean": 1.54397368431,
        "median": 1.53080117702,
        "min": -0.702673733234,
        "stdev": 0.747271955013,
        "var": 0.558415353298
    },
    "spectral_spread": {
        "dmean": 1102647.25,
        "dmean2": 1549340.75,
        "dvar": 2.09120906445e+12,
        "dvar2": 3.49229285376e+12,
        "max": 40153300,
        "mean": 6642249.5,
        "median": 5900537,
        "min": 778244.75,
        "stdev": 2861055.5,
        "var": 8.1856388137e+12
    },
    "spectral_strongpeak": {
        "dmean": 0.636684119701,
        "dmean2": 1.02273964882,
        "dvar": 1.08910012245,
        "dvar2": 2.4631049633,
        "max": 10.0707855225,
        "mean": 1.32211601734,
        "median": 0.668695569038,
        "min": 0,
        "stdev": 1.45881140232,
        "var": 2.12813067436
    },
    "zerocrossingrate": {
        "dmean": 0.0215595830232,
        "dmean2": 0.0229045897722,
        "dvar": 0.000915484095458,
        "dvar2": 0.000823666749056,
        "max": 0.5048828125,
        "mean": 0.0791876614094,
        "median": 0.060546875,
        "min": 0.00146484375,
        "stdev": 0.0753766074777,
        "var": 0.0056816325523
    },
    "barkbands": {
        "dmean": [0.00101886538323, 0.0050320639275, 0.00272339233197, 0.00146143138409, 0.00198174640536, 0.00195468682796, 0.00169060542248, 0.000886552210432, 0.00109697482549, 0.00125280953944, 0.000645322492346, 0.000941012462135, 0.000389784487197, 0.000333868607413, 0.000358115939889, 0.00030277328915, 0.00028147129342, 0.000189298123587, 0.000189632337424, 0.000143941069837, 0.000177299065399, 0.00030280475039, 0.000241610119701, 0.000249763194006, 0.000257689564023, 0.000114340335131, 2.56693310803e-05],
        "dmean2": [0.00139515427873, 0.00677729072049, 0.00476640416309, 0.00267692864873, 0.00354314502329, 0.00320450752042, 0.00249703787267, 0.00145634694491, 0.00163471628912, 0.00190213648602, 0.00097627035575, 0.00139022700023, 0.000623099680524, 0.000534080900252, 0.000576151942369, 0.000477413850604, 0.000445875513833, 0.000290178752039, 0.000292207463644, 0.000234019753407, 0.000273328623734, 0.000515385647304, 0.000383052363759, 0.00035408930853, 0.000369618152035, 0.000173244960024, 4.69351980428e-05],
        "dvar": [7.00963755662e-06, 0.000120750519272, 8.66111367941e-05, 2.46089075517e-05, 3.61994716513e-05, 1.64387984114e-05, 1.07540699901e-05, 5.72469025428e-06, 6.07973788647e-06, 7.73218744143e-06, 3.88207490687e-06, 4.45714340458e-06, 1.13891530873e-06, 1.02004253222e-06, 9.46288992054e-07, 5.97064854446e-07, 4.71420008807e-07, 1.39311481462e-07, 1.35052729888e-07, 1.12072036984e-07, 1.22487946896e-07, 1.92337012095e-07, 2.25586973102e-07, 4.41851426558e-07, 6.52691142022e-07, 7.37877030588e-08, 3.03547054159e-08],
        "dvar2": [1.24330217659e-05, 0.000202441005968, 0.000235703424551, 7.16524882591e-05, 0.000106835934275, 4.39494397142e-05, 2.28341377806e-05, 1.36489388751e-05, 1.26460490719e-05, 1.6758320271e-05, 8.87684745976e-06, 9.68672975432e-06, 2.8121669402e-06, 2.7697076348e-06, 2.40110080085e-06, 1.31226033773e-06, 1.08867754989e-06, 2.84250205596e-07, 2.85601117866e-07, 2.66234252422e-07, 2.61708834159e-07, 4.62710147531e-07, 5.09183735176e-07, 8.63832781306e-07, 1.46027764458e-06, 1.65870801538e-07, 8.76015633366e-08],
        "max": [0.0382390990853, 0.111324608326, 0.0775140523911, 0.0413621217012, 0.0557916760445, 0.0391163676977, 0.0597573854029, 0.0312356501818, 0.0407065451145, 0.0407048538327, 0.0515286959708, 0.0307011324912, 0.015070031397, 0.0241377279162, 0.01470586285, 0.0146508840844, 0.00946318730712, 0.00442754104733, 0.00449975021183, 0.00340017676353, 0.00657311128452, 0.00488579971716, 0.00804761145264, 0.0121339540929, 0.01392175816, 0.00465191807598, 0.00260260119103],
        "mean": [0.00203816778958, 0.0130821531639, 0.00253188703209, 0.00121897121426, 0.00230404664762, 0.00299736834131, 0.00310865161009, 0.00113825825974, 0.00169558497146, 0.00178784248419, 0.000812710670289, 0.00142178521492, 0.000449903513072, 0.00044005716336, 0.000417613046011, 0.00034908397356, 0.00037527224049, 0.000290829368168, 0.000275138474535, 0.000195974396775, 0.000240493798628, 0.000269198004389, 0.000303210312268, 0.000438554154243, 0.000440282135969, 0.000162126889336, 1.87408495549e-05],
        "median": [2.02870724024e-05, 0.00405528862029, 0.000361117272405, 0.000124855039758, 0.000997406663373, 0.00125893135555, 0.000601874897256, 0.000208127486985, 0.000385035586078, 0.000262506306171, 0.000134016008815, 0.000241511050262, 7.20930984244e-05, 7.20384487067e-05, 4.96488028148e-05, 6.99974334566e-05, 4.00469725719e-05, 8.38421838125e-05, 0.000102360034361, 6.28042762401e-05, 6.99258962413e-05, 5.45987895748e-05, 7.48882375774e-05, 0.000126517363242, 0.000101985999208, 2.11364476854e-05, 2.41326318928e-07],
        "min": [3.83292683262e-23, 3.41389117729e-23, 2.5815520455e-23, 2.69554370848e-23, 6.58211655364e-23, 9.87828223151e-23, 8.44863024407e-23, 1.75250672354e-23, 4.42001163332e-23, 3.49962331829e-23, 2.60374585821e-23, 1.19826658839e-22, 1.05119577884e-22, 7.93299352218e-23, 9.28343756385e-23, 1.43114855124e-22, 1.70162825593e-22, 1.26239946537e-22, 2.70820265409e-22, 2.4033852857e-22, 6.71575135804e-22, 5.77609508384e-22, 7.74074950797e-22, 9.6541893151e-22, 1.48435541439e-21, 1.73855371157e-21, 2.4252442806e-21],
        "stdev": [0.00495223142207, 0.021155519411, 0.00763521064073, 0.00381378410384, 0.00500482786447, 0.00467876158655, 0.00648383935913, 0.00309623870999, 0.00370912905782, 0.00392567552626, 0.0022754992824, 0.00307982764207, 0.00111944030505, 0.0010608304292, 0.00109142903239, 0.000891563598998, 0.000917556346394, 0.000540391833056, 0.000463144504465, 0.000384623621358, 0.000491982151289, 0.000441296986537, 0.000662845559418, 0.00115206954069, 0.00114707194734, 0.000412963447161, 0.000131507840706],
        "var": [2.45245937549e-05, 0.000447555969004, 5.82964385103e-05, 1.45449494084e-05, 2.50483008131e-05, 2.18908116949e-05, 4.20401702286e-05, 9.58669443207e-06, 1.37576380439e-05, 1.54109293362e-05, 5.17789658261e-06, 9.48533852352e-06, 1.2531467064e-06, 1.12536110919e-06, 1.19121739317e-06, 7.94885636424e-07, 8.41909638893e-07, 2.92023315751e-07, 2.14502833273e-07, 1.47935338646e-07, 2.4204643978e-07, 1.94743023485e-07, 4.39364214344e-07, 1.32726427182e-06, 1.31577417051e-06, 1.70538797306e-07, 1.72943117605e-08]
    },
    "erbbands": {
        "dmean": [0.25446331501, 0.947667241096, 2.55745100975, 4.4677567482, 4.4748506546, 7.50353193283, 12.3215408325, 17.3786392212, 22.6864204407, 22.5349941254, 18.8167896271, 18.1916065216, 40.964427948, 33.0471191406, 26.2929267883, 28.2866649628, 17.2494392395, 15.1710767746, 15.3425712585, 17.6270618439, 15.8129749298, 15.9496221542, 10.4315462112, 10.7288045883, 8.15283679962, 6.0982375145, 8.04494571686, 5.54341411591, 11.0404195786, 10.1220321655, 6.80840682983, 5.40128803253, 4.20019483566, 3.37787818909, 1.60499107838, 0.660176277161, 0.171516343951, 0.0470229461789, 0.00280993874185, 5.65971822653e-05],
        "dmean2": [0.322311341763, 1.33051037788, 4.2530875206, 8.17989730835, 8.19260215759, 13.5524816513, 21.590467453, 27.8842430115, 33.2939872742, 34.6620941162, 30.2958164215, 27.9910526276, 61.9103660583, 49.1840324402, 38.9297370911, 42.1926383972, 26.3156795502, 24.2571983337, 23.7475605011, 27.6443805695, 24.5177402496, 24.9443817139, 15.5689144135, 16.237361908, 13.0967378616, 9.70335483551, 12.5011777878, 8.72193241119, 18.8195934296, 16.7682189941, 10.7047071457, 7.76188898087, 6.13382816315, 4.98423528671, 2.26209521294, 0.975010573864, 0.268547385931, 0.0821098461747, 0.00511502567679, 9.62567501119e-05],
        "dvar": [0.298268020153, 5.06550073624, 64.619392395, 248.701461792, 197.672836304, 491.086456299, 1072.23059082, 1276.5168457, 1958.68688965, 2272.26538086, 2533.51733398, 1419.84436035, 6139.28369141, 4847.60498047, 4081.54907227, 3734.15209961, 1807.70166016, 2451.40869141, 1028.36181641, 1590.40649414, 1446.0723877, 1706.55688477, 429.033477783, 385.424377441, 360.654327393, 181.249298096, 259.738067627, 105.139472961, 258.780548096, 232.754302979, 240.098754883, 208.922241211, 131.008895874, 118.160957336, 24.1927452087, 3.47245597839, 0.169549539685, 0.041937250644, 0.000369387213141, 6.27450376101e-08],
        "dvar2": [0.523977994919, 8.19732284546, 161.812973022, 708.015075684, 586.381286621, 1447.54577637, 3043.48706055, 3239.55957031, 4443.04931641, 4931.62060547, 6380.46533203, 3220.83740234, 13445.0996094, 11402.2460938, 9307.47753906, 8281.25292969, 4145.42724609, 6571.83642578, 2264.39477539, 3847.89575195, 3373.12426758, 3862.68774414, 884.844116211, 769.220336914, 919.032226562, 391.37878418, 576.212219238, 216.085296631, 634.713928223, 540.253417969, 577.42388916, 398.067657471, 278.627288818, 269.689361572, 51.8880271912, 7.51612710953, 0.409927815199, 0.119322359562, 0.00106856948696, 1.79782460918e-07],
        "max": [5.86024904251, 30.4274978638, 74.8369598389, 116.936073303, 123.972854614, 203.220352173, 269.91809082, 435.524230957, 590.117675781, 745.80267334, 777.800964355, 498.876708984, 1004.90637207, 971.449279785, 1078.62939453, 816.254760742, 689.298583984, 1210.93969727, 391.95123291, 470.78137207, 543.459838867, 639.766784668, 229.80380249, 215.940704346, 206.676193237, 141.404907227, 227.304275513, 156.064529419, 188.148452759, 153.15965271, 284.65133667, 301.530609131, 177.670501709, 192.540161133, 86.5870666504, 39.5148735046, 4.19170856476, 2.88149881363, 0.28953114152, 0.00377619219944],
        "mean": [0.579000234604, 2.10942816734, 3.09068012238, 3.84494757652, 4.37904310226, 8.20102500916, 15.1028385162, 29.3905010223, 41.6921195984, 36.1635856628, 24.8764457703, 27.634431839, 65.2100601196, 49.2733078003, 38.3483314514, 43.4194145203, 23.1796588898, 20.1075744629, 21.0974769592, 21.7082672119, 18.8098220825, 22.1313915253, 16.8586845398, 16.5597190857, 11.1343975067, 9.03227806091, 11.2239170074, 7.06312990189, 9.70265960693, 9.77586460114, 8.86145973206, 8.93428611755, 7.2978219986, 5.48871946335, 2.74854660034, 1.00686228275, 0.232833445072, 0.0449786223471, 0.00217115879059, 9.47966836975e-05],
        "median": [0.0269127823412, 1.14148795605, 0.778425991535, 0.490162283182, 1.17459964752, 2.73573684692, 5.55520153046, 11.3442239761, 12.6924648285, 9.49875926971, 6.89512205124, 9.23791027069, 17.7651119232, 13.5112466812, 9.67269420624, 8.19356918335, 4.17376565933, 3.59943604469, 4.25489139557, 3.86194205284, 4.9706401825, 3.05198526382, 4.30874443054, 6.11842775345, 4.50502109528, 3.08443045616, 3.33137059212, 2.01205325127, 2.08441019058, 1.9335334301, 2.25858354568, 2.56540846825, 2.01726984978, 1.26152145863, 0.527631700039, 0.146116554737, 0.0285809338093, 0.00344508117996, 0.00011187979544, 5.63517060073e-05],
        "min": [9.22038296507e-22, 7.94512471353e-21, 3.06445698468e-20, 6.44189778739e-20, 1.03417952354e-19, 2.1047199681e-19, 3.62813824375e-19, 1.14062478245e-18, 1.49939296985e-18, 5.84053360466e-19, 5.02445220496e-19, 9.57327038783e-19, 1.0003804455e-18, 1.19317153426e-18, 2.22674125767e-18, 4.04008659651e-18, 4.50355465295e-18, 4.52829769303e-18, 5.68241110293e-18, 4.78348746149e-18, 8.05948706026e-18, 9.20699171066e-18, 6.96218069251e-18, 9.98147430075e-18, 1.52905758981e-17, 1.28993075894e-17, 2.18756168252e-17, 2.63801893239e-17, 1.82433294435e-17, 2.31305010997e-17, 2.26303728121e-17, 1.90316226411e-17, 1.75165933727e-17, 1.65402175018e-17, 1.03499791277e-17, 6.69164672368e-18, 3.15654106984e-18, 1.46021697226e-18, 3.55159948016e-19, 3.30629842328e-20],
        "stdev": [1.07493972778, 3.61291432381, 7.45406246185, 12.2879800797, 11.1229743958, 19.2499103546, 30.1355686188, 46.7216262817, 72.7881698608, 79.9482650757, 61.8386001587, 50.3008155823, 114.428649902, 90.2117080688, 84.3050384521, 87.8399734497, 52.1552276611, 51.5847587585, 42.3200340271, 47.4695014954, 41.398815155, 54.3178634644, 31.1110858917, 26.3625335693, 20.4395427704, 16.8769836426, 22.0128135681, 13.7581958771, 15.9341182709, 16.9841041565, 21.5077857971, 25.3911991119, 18.3811130524, 14.6706771851, 7.425593853, 2.96651601791, 0.535061717033, 0.166159898043, 0.0144412247464, 0.000198716530576],
        "var": [1.15549552441, 13.053150177, 55.5630493164, 150.994445801, 123.720550537, 370.559051514, 908.15246582, 2182.91040039, 5298.11816406, 6391.72509766, 3824.01269531, 2530.17211914, 13093.9160156, 8138.15234375, 7107.33935547, 7715.86083984, 2720.16772461, 2660.98730469, 1790.98535156, 2253.35351562, 1713.86181641, 2950.43041992, 967.899658203, 694.983154297, 417.774902344, 284.832550049, 484.563995361, 189.287948608, 253.896118164, 288.45980835, 462.584869385, 644.713012695, 337.86529541, 215.228759766, 55.1394462585, 8.80021762848, 0.28629103303, 0.0276091117412, 0.00020854898321, 3.94882597732e-08]
    },
    "gfcc": {
        "mean": [-2.59999799728, 57.3646812439, -100.812866211, 17.116235733, -75.6337280273, 20.7559070587, -41.7913398743, 19.9987182617, -24.5792884827, 7.28607463837, -8.5545873642, 8.2603225708, -4.57984733582],
        "cov": [[7911.44970703, 433.022399902, -13.7908449173, 331.909515381, 56.6243171692, -31.7106494904, 8.69115066528, 10.2065553665, -209.523239136, 10.0660896301, -241.639053345, 3.17610478401, -58.2931137085], [433.022399902, 2952.50317383, 900.405456543, 424.667816162, 605.037414551, 93.0703964233, 360.621032715, -17.3473510742, 89.4426727295, -114.62991333, 185.987091064, -191.363311768, 68.9347991943], [-13.7908449173, 900.405456543, 2319.48510742, 758.863769531, 379.04095459, 382.186859131, 216.205154419, 55.8407211304, 210.964157104, 45.8259620667, 19.5621395111, 74.7780609131, -120.653022766], [331.909515381, 424.667816162, 758.863769531, 958.125366211, 373.724975586, 169.545257568, 179.137145996, 76.041633606, 144.673400879, -32.7040748596, -10.922580719, 56.3608932495, -26.3761730194], [56.6243171692, 605.037414551, 379.04095459, 373.724975586, 772.232910156, 208.571304321, 214.9556427, 77.0590820312, -6.01793909073, 0.55529910326, 7.93895673752, -15.6898298264, 34.7766456604], [-31.7106494904, 93.0703964233, 382.186859131, 169.545257568, 208.571304321, 494.008087158, 248.586898804, -29.2944507599, 59.2374153137, 70.2199554443, 25.5594520569, -5.48696184158, -11.7966051102], [8.69115066528, 360.621032715, 216.205154419, 179.137145996, 214.9556427, 248.586898804, 381.625640869, 18.3926506042, 65.0456314087, 26.7200107574, 36.5614624023, -5.65710926056, -25.4271183014], [10.2065553665, -17.3473510742, 55.8407211304, 76.041633606, 77.0590820312, -29.2944507599, 18.3926506042, 312.593353271, 57.841632843, 1.24068510532, 40.224105835, 18.5088691711, 51.4747962952], [-209.523239136, 89.4426727295, 210.964157104, 144.673400879, -6.01793909073, 59.2374153137, 65.0456314087, 57.841632843, 222.523635864, 47.3600082397, 19.3397808075, 37.7612190247, 7.05996131897], [10.0660896301, -114.62991333, 45.8259620667, -32.7040748596, 0.55529910326, 70.2199554443, 26.7200107574, 1.24068510532, 47.3600082397, 150.54397583, 32.9552383423, 5.42057514191, 10.7115459442], [-241.639053345, 185.987091064, 19.5621395111, -10.922580719, 7.93895673752, 25.5594520569, 36.5614624023, 40.224105835, 19.3397808075, 32.9552383423, 236.111846924, 40.7184371948, 26.2520370483], [3.17610478401, -191.363311768, 74.7780609131, 56.3608932495, -15.6898298264, -5.48696184158, -5.65710926056, 18.5088691711, 37.7612190247, 5.42057514191, 40.7184371948, 154.164123535, 6.78649568558], [-58.2931137085, 68.9347991943, -120.653022766, -26.3761730194, 34.7766456604, -11.7966051102, -25.4271183014, 51.4747962952, 7.05996131897, 10.7115459442, 26.2520370483, 6.78649568558, 153.039398193]],
        "icov": [[0.000155999601702, -0.000112640482257, 6.54593095533e-05, -0.000122468249174, 0.000110164335638, -7.40422037779e-05, 5.6691984355e-05, -0.000134245739901, 0.000325039523887, -0.000285186542897, 0.000298865343211, -0.000257469102507, 0.000129606327391], [-0.000112640482257, 0.000911828305107, -0.000428845407441, 0.000167117905221, -0.000548048934434, 0.000740113086067, -0.000781846756581, 0.000659932964481, -0.000720032257959, 0.00113467557821, -0.00112590170465, 0.00161534280051, -0.000857899081893], [6.54593095533e-05, -0.000428845407441, 0.000896378711332, -0.000485086551635, 0.000133851674036, -0.000750171428081, 0.000597485981416, -0.000381696067052, 3.77066062356e-05, -0.000618301273789, 0.000486143893795, -0.000895419332664, 0.00097844877746], [-0.000122468249174, 0.000167117905221, -0.000485086551635, 0.00195196422283, -0.000800961453933, 0.000164690703969, -0.000324254040606, 0.000104337588709, -0.00119786302093, 0.00110020581633, -0.000120052027341, -7.93751823949e-05, -5.9833706473e-05], [0.000110164335638, -0.000548048934434, 0.000133851674036, -0.000800961453933, 0.00241050310433, -0.00073513307143, -0.000330441573169, -0.000808624958154, 0.00152298691683, -0.000857197854202, 0.000827570795082, -0.000700926932041, -0.000252181984251], [-7.40422037779e-05, 0.000740113086067, -0.000750171428081, 0.000164690703969, -0.00073513307143, 0.00424072891474, -0.00261440686882, 0.00117906404193, -0.000529405253474, -0.000305666064378, -0.000862670014612, 0.00148068368435, -0.00113349605817], [5.6691984355e-05, -0.000781846756581, 0.000597485981416, -0.000324254040606, -0.000330441573169, -0.00261440686882, 0.00529230572283, -0.000746626057662, -0.000441236916231, -0.000585437635891, 0.000299039384117, -0.00101745547727, 0.00184807810001], [-0.000134245739901, 0.000659932964481, -0.000381696067052, 0.000104337588709, -0.000808624958154, 0.00117906404193, -0.000746626057662, 0.0043229367584, -0.00159397895914, 0.00108419044409, -0.00137019064277, 0.00117362686433, -0.00175412197132], [0.000325039523887, -0.000720032257959, 3.77066062356e-05, -0.00119786302093, 0.00152298691683, -0.000529405253474, -0.000441236916231, -0.00159397895914, 0.00747594889253, -0.00308876857162, 0.00138710672036, -0.0022619960364, 8.10264900792e-05], [-0.000285186542897, 0.00113467557821, -0.000618301273789, 0.00110020581633, -0.000857197854202, -0.000305666064378, -0.000585437635891, 0.00108419044409, -0.00308876857162, 0.00972166098654, -0.00243771122769, 0.00218358752318, -0.00142489466816], [0.000298865343211, -0.00112590170465, 0.000486143893795, -0.000120052027341, 0.000827570795082, -0.000862670014612, 0.000299039384117, -0.00137019064277, 0.00138710672036, -0.00243771122769, 0.00639092829078, -0.00332619133405, 0.000397401774535], [-0.000257469102507, 0.00161534280051, -0.000895419332664, -7.93751823949e-05, -0.000700926932041, 0.00148068368435, -0.00101745547727, 0.00117362686433, -0.0022619960364, 0.00218358752318, -0.00332619133405, 0.0101970247924, -0.00176577840466], [0.000129606327391, -0.000857899081893, 0.00097844877746, -5.9833706473e-05, -0.000252181984251, -0.00113349605817, 0.00184807810001, -0.00175412197132, 8.10264900792e-05, -0.00142489466816, 0.000397401774535, -0.00176577840466, 0.00870425254107]]
    },
    "melbands": {
        "dmean": [0.0017198510468, 0.0010543569224, 0.000705154496245, 0.000384115730412, 0.000416733935708, 0.000388132757507, 0.000344286701875, 0.000240027758991, 0.000138303308631, 0.000138772069477, 0.000217120803427, 0.000149772735313, 8.64247122081e-05, 0.000107160994958, 6.45101608825e-05, 3.28167043335e-05, 2.86768117803e-05, 2.46956406045e-05, 3.2272295357e-05, 2.19032372115e-05, 1.77375695785e-05, 1.71961200977e-05, 1.17500585475e-05, 1.08100230136e-05, 9.16870885703e-06, 7.26692996977e-06, 5.56922714168e-06, 4.14998658016e-06, 5.30593615622e-06, 4.91720038553e-06, 2.63998185801e-06, 6.06687945037e-06, 6.35847027297e-06, 5.27914198756e-06, 4.00876206186e-06, 3.39553798767e-06, 3.7063059608e-06, 3.28197461386e-06, 2.79648543255e-06, 3.0795974908e-06],
        "dmean2": [0.00214785267599, 0.00156126124784, 0.00129278167151, 0.000691702996846, 0.000735615671147, 0.000625307671726, 0.000503735034727, 0.000371196016204, 0.000224323273869, 0.000209832054679, 0.000328956783051, 0.000225158131798, 0.000129917214508, 0.000155531932251, 9.73868300207e-05, 5.16668515047e-05, 4.68479956908e-05, 3.82646394428e-05, 5.18173874298e-05, 3.38394347636e-05, 2.86410850094e-05, 2.73669174931e-05, 1.80264287337e-05, 1.64736411534e-05, 1.41050641105e-05, 1.16798728413e-05, 9.28246936382e-06, 6.62264483253e-06, 8.49824937177e-06, 7.81908602221e-06, 4.00879616791e-06, 1.04316550278e-05, 1.07489468064e-05, 8.63897730596e-06, 6.40128382656e-06, 5.36136758456e-06, 5.3967310123e-06, 4.79533900943e-06, 4.15835984313e-06, 4.57416399513e-06],
        "dvar": [1.29902282424e-05, 8.11031532066e-06, 5.92849710301e-06, 1.47047455812e-06, 1.26858572003e-06, 6.02883119427e-07, 4.13098604213e-07, 2.56746488958e-07, 1.33300360972e-07, 9.09173678565e-08, 1.7224921578e-07, 1.01472046765e-07, 5.77310288463e-08, 6.83654519662e-08, 4.29293969262e-08, 5.72148817213e-09, 1.12460085688e-08, 2.56922882969e-09, 9.19542664235e-09, 4.1300092235e-09, 2.0203454465e-09, 2.15033701956e-09, 7.30556060091e-10, 4.68892591421e-10, 2.94976459925e-10, 2.23659146759e-10, 2.25474305893e-10, 8.10700812037e-11, 1.13058527818e-10, 1.32531652319e-10, 2.45523393283e-11, 8.18463422037e-11, 8.75411895751e-11, 7.11197281622e-11, 9.9539911036e-11, 5.85354542615e-11, 1.31685704008e-10, 7.37909872095e-11, 7.81422079821e-11, 1.03398178908e-10],
        "dvar2": [2.170197331e-05, 1.74000779225e-05, 1.6734460587e-05, 4.36898972112e-06, 3.62719924851e-06, 1.5488005829e-06, 9.11697782158e-07, 5.73089607769e-07, 3.47792934008e-07, 1.90808663092e-07, 3.72277781935e-07, 2.36297495348e-07, 1.33444331141e-07, 1.49048986486e-07, 1.02168897342e-07, 1.31221131738e-08, 3.11022780863e-08, 5.59741675232e-09, 2.37104007539e-08, 9.01440877499e-09, 4.8621782156e-09, 4.9579753636e-09, 1.66205949004e-09, 9.71709379627e-10, 6.0657256995e-10, 5.35041955185e-10, 5.9229926519e-10, 1.7918098949e-10, 2.60641147554e-10, 3.0488594982e-10, 4.94157978426e-11, 2.02272920635e-10, 2.13876735766e-10, 1.63754371174e-10, 2.29918348249e-10, 1.32041447221e-10, 2.6725707758e-10, 1.66094707432e-10, 1.7381203421e-10, 2.41798026046e-10],
        "max": [0.0366610921919, 0.029058303684, 0.0185834411532, 0.0108121065423, 0.00983448699117, 0.00892119668424, 0.00938734039664, 0.00710958987474, 0.0057260482572, 0.00455056410283, 0.0054461248219, 0.00400961376727, 0.0061220866628, 0.00417337473482, 0.00391442514956, 0.000696578004863, 0.0026845165994, 0.000679995282553, 0.00152545201126, 0.00145474181045, 0.000627093482763, 0.00078762753401, 0.000437471026089, 0.000279633357422, 0.000204019743251, 0.00018117701984, 0.000181165800313, 0.000113651738502, 0.000164357319591, 0.000255733088125, 4.68296238978e-05, 0.000103523081634, 9.80222466751e-05, 9.08070942387e-05, 0.000205708769499, 0.00017444594414, 0.000250525918091, 0.000139267882332, 0.0001682544098, 0.000173881693627],
        "mean": [0.00433389469981, 0.00194402434863, 0.000672501453664, 0.000423290388426, 0.000509625067934, 0.000648017390631, 0.0006574310828, 0.000370496127289, 0.000175542765646, 0.000210988015169, 0.000344240805134, 0.000217396111111, 0.000114354887046, 0.00016026434605, 8.34702223074e-05, 4.11065811932e-05, 3.62026476068e-05, 3.3572960092e-05, 3.70372545149e-05, 2.51672972809e-05, 1.96325781872e-05, 2.23328661377e-05, 1.67969228642e-05, 1.61028874572e-05, 1.32425702759e-05, 9.975345165e-06, 6.55071107758e-06, 5.81272843192e-06, 7.14699808668e-06, 6.07319680057e-06, 3.2036380162e-06, 5.28090777152e-06, 5.51555785933e-06, 5.282670827e-06, 5.08028597324e-06, 4.84256679556e-06, 5.8464806898e-06, 5.32536660103e-06, 4.43246017312e-06, 4.80567359773e-06],
        "median": [0.000664130086079, 0.00075621024007, 0.000114406553621, 0.000150717038196, 0.000202090421226, 0.000261429260718, 0.00020180887077, 9.10871603992e-05, 4.36976333731e-05, 4.89347730763e-05, 8.5098312411e-05, 4.88975674671e-05, 2.43794693233e-05, 2.24223276746e-05, 6.06686580795e-06, 6.48232617095e-06, 5.68091581954e-06, 6.16473880655e-06, 3.94126391257e-06, 4.11868450101e-06, 4.23035817221e-06, 2.47865273195e-06, 2.16589251067e-06, 4.74935495731e-06, 4.58652175439e-06, 3.83974565921e-06, 1.92488028006e-06, 1.66544145941e-06, 2.03636568585e-06, 1.39496967222e-06, 9.55268319558e-07, 1.09262600745e-06, 1.06453308035e-06, 1.06559173219e-06, 1.22130302316e-06, 1.3188845287e-06, 1.61596221915e-06, 1.44073192132e-06, 1.13449743822e-06, 1.02300225535e-06],
        "min": [1.08753965781e-23, 1.47942500849e-23, 1.22764514111e-23, 1.03414229423e-23, 1.42571588707e-23, 2.54891765871e-23, 2.03657285338e-23, 5.26226114578e-24, 4.73852337459e-24, 5.91797574083e-24, 5.27309693917e-24, 5.06884704574e-24, 5.57790766535e-24, 1.22837665183e-23, 1.00092549143e-23, 1.05838383207e-23, 8.04539989029e-24, 9.29046142358e-24, 5.71695228851e-24, 8.18147681872e-24, 9.92155014776e-24, 9.41886431312e-24, 8.40504157698e-24, 5.67733884929e-24, 7.97870091189e-24, 1.04275097551e-23, 1.08603821885e-23, 7.28582071301e-24, 1.21705223799e-23, 1.54951293333e-23, 1.55321332207e-23, 1.02361502433e-23, 1.12432897499e-23, 1.226154194e-23, 1.32569558181e-23, 1.2068850831e-23, 1.18208495285e-23, 1.26881263631e-23, 1.16274437115e-23, 1.52188907547e-23],
        "stdev": [0.00736908847466, 0.00349430856295, 0.00194987293798, 0.00100184010807, 0.00101843185257, 0.000984724611044, 0.00116280547809, 0.000790351070464, 0.000428720173659, 0.000442585849669, 0.000611674506217, 0.000414304726291, 0.000278773630271, 0.00038545508869, 0.000265324197244, 9.25142740016e-05, 0.000102502010122, 6.85324339429e-05, 0.00010516068869, 7.48063030187e-05, 4.71873099741e-05, 5.67344504816e-05, 4.08876076108e-05, 3.02580447169e-05, 2.21070749831e-05, 1.71608335222e-05, 1.47848331835e-05, 1.13304849947e-05, 1.39219628181e-05, 1.52969987539e-05, 6.36809454591e-06, 8.86344514583e-06, 9.37012737268e-06, 9.77354920906e-06, 1.32453415063e-05, 1.22117826322e-05, 1.82959083759e-05, 1.35428299473e-05, 1.21232205856e-05, 1.3387427316e-05],
        "var": [5.43034657312e-05, 1.2210191926e-05, 3.80200458494e-06, 1.0036835647e-06, 1.037203333e-06, 9.69682446339e-07, 1.35211655561e-06, 6.24654774128e-07, 1.83800992204e-07, 1.95882222442e-07, 3.741456851e-07, 1.71648409264e-07, 7.77147306508e-08, 1.48575622916e-07, 7.03969362803e-08, 8.55889137341e-09, 1.05066622069e-08, 4.69669414471e-09, 1.1058770788e-08, 5.59598323235e-09, 2.22664220395e-09, 3.21879767284e-09, 1.67179636801e-09, 9.15549303038e-10, 4.88722728953e-10, 2.94494179043e-10, 2.18591283963e-10, 1.28379890052e-10, 1.93821042549e-10, 2.33998181942e-10, 4.05526306979e-11, 7.8560657979e-11, 8.77992817339e-11, 9.55222567711e-11, 1.7543907993e-10, 1.49127626914e-10, 3.34740263286e-10, 1.83408233045e-10, 1.46972475856e-10, 1.79223219599e-10]
    },
    "melbands128": {
