{
"lowlevel": {
    "average_loudness": 0.399203360081,
    "barkbands_crest": {
        "dmean": 2.81296610832,
        "dmean2": 4.4285159111,
        "dvar": 7.78591346741,
        "dvar2": 19.9289493561,
        "max": 25.9699878693,
        "mean": 12.6179447174,
        "median": 12.2416362762,
        "min": 2.75442409515,
        "stdev": 5.17580413818,
        "var": 26.7889480591
    },
    "barkbands_flatness_db": {
        "dmean": 0.0371068641543,
        "dmean2": 0.0522672869265,
        "dvar": 0.00129045220092,
        "dvar2": 0.00246724765748,
        "max": 0.520054638386,
        "mean": 0.20326757431,
        "median": 0.189793258905,
        "min": 0.0525331571698,
        "stdev": 0.0820203796029,
        "var": 0.00672734249383
    },
    "barkbands_kurtosis": {
        "dmean": 14.8429775238,
        "dmean2": 22.3962879181,
        "dvar": 1154.09814453,
        "dvar2": 2475.84008789,
        "max": 513.940856934,
        "mean": 23.1677913666,
        "median": 5.39245891571,
        "min": -1.98030662537,
        "stdev": 50.4901618958,
        "var": 2549.25634766
    },
    "barkbands_skewness": {
        "dmean": 1.30524897575,
        "dmean2": 1.84439730644,
        "dvar": 2.41928911209,
        "dvar2": 5.02317667007,
        "max": 17.4456214905,
        "mean": 2.3296713829,
        "median": 1.95550000668,
        "min": -9.23307037354,
        "stdev": 3.46589827538,
        "var": 12.0124511719
    },
    "barkbands_spread": {
        "dmean": 11.1144599915,
        "dmean2": 17.7764091492,
        "dvar": 255.084411621,
        "dvar2": 627.707580566,
        "max": 126.715354919,
        "mean": 19.7162494659,
        "median": 14.1730337143,
        "min": 0.252995252609,
        "stdev": 19.1024284363,
        "var": 364.902740479
    },
    "dissonance": {
        "dmean": 0.0319676287472,
        "dmean2": 0.0504058562219,
        "dvar": 0.0010231010383,
        "dvar2": 0.00232207006775,
        "max": 0.500000059605,
        "mean": 0.439948767424,
        "median": 0.451077997684,
        "min": 0.0545771233737,
        "stdev": 0.0486767627299,
        "var": 0.00236942735501
    },
    "dynamic_complexity": 4.38183307648,
    "erbbands_crest": {
        "dmean": 3.36480569839,
        "dmean2": 5.30918741226,
        "dvar": 9.14762496948,
        "dvar2": 21.8025836945,
        "max": 29.0818862915,
        "mean": 10.9582424164,
        "median": 10.0300712585,
        "min": 3.11052107811,
        "stdev": 4.73265600204,
        "var": 22.3980331421
    },
    "erbbands_flatness_db": {
        "dmean": 0.0295676421374,
        "dmean2": 0.0431178919971,
        "dvar": 0.000838406325784,
        "dvar2": 0.00171894812956,
        "max": 0.339758276939,
        "mean": 0.178605094552,
        "median": 0.175745889544,
        "min": 0.0665215998888,
        "stdev": 0.0562297143042,
        "var": 0.00316178076901
    },
    "erbbands_kurtosis": {
        "dmean": 2.79441928864,
        "dmean2": 4.21717691422,
        "dvar": 27.1389923096,
        "dvar2": 54.9874610901,
        "max": 77.6873474121,
        "mean": 2.80580639839,
        "median": 0.420315027237,
        "min": -1.8109023571,
        "stdev": 7.52102184296,
        "var": 56.5657691956
    },
    "erbbands_skewness": {
        "dmean": 0.748672842979,
        "dmean2": 1.08361959457,
        "dvar": 0.784470260143,
        "dvar2": 1.51819658279,
        "max": 4.07138299942,
        "mean": 0.213757202029,
        "median": 0.425164192915,
        "min": -6.67547369003,
        "stdev": 1.53035378456,
        "var": 2.34198260307
    },
    "erbbands_spread": {
        "dmean": 16.1196880341,
        "dmean2": 24.9916610718,
        "dvar": 364.448730469,
        "dvar2": 894.901733398,
        "max": 187.728012085,
        "mean": 45.8210449219,
        "median": 39.131149292,
        "min": 3.76783466339,
        "stdev": 31.3262023926,
        "var": 981.330993652
    },
    "hfc": {
        "dmean": 34.6600914001,
        "dmean2": 52.2811775208,
        "dvar": 5322.14404297,
        "dvar2": 11765.3769531,
        "max": 811.301147461,
        "mean": 48.9610137939,
        "median": 18.9272441864,
        "min": 0.000416364258854,
        "stdev": 91.6978759766,
        "var": 8408.5
    },
    "loudness_ebu128": {
        "integrated": -11.4944782257,
        "loudness_range": 6.99020767212,
        "momentary": {
            "dmean": 0.970265388489,
            "dmean2": 1.33434522152,
            "dvar": 0.919113576412,
            "dvar2": 1.64460015297,
            "max": -6.09188890457,
            "mean": -13.0837955475,
            "median": -13.470459938,
            "min": -23.6112556458,
            "stdev": 3.77146029472,
            "var": 14.2239122391
        },
        "short_term": {
            "dmean": 0.137199819088,
            "dmean2": 0.157031774521,
            "dvar": 0.0181094780564,
            "dvar2": 0.0225539766252,
            "max": -8.09128952026,
            "mean": -12.2613992691,
            "median": -12.8898620605,
            "min": -16.8094291687,
            "stdev": 2.88224935532,
            "var": 8.30736160278
        }
    },
    "melbands_crest": {
        "dmean": 3.60146546364,
        "dmean2": 5.72879981995,
        "dvar": 14.2234697342,
        "dvar2": 32.1365394592,
        "max": 38.6477661133,
        "mean": 19.1341075897,
        "median": 17.0431613922,
        "min": 2.95211219788,
        "stdev": 9.70152378082,
        "var": 94.1195602417
    },
    "melbands_flatness_db": {
        "dmean": 0.0428990535438,
        "dmean2": 0.0599957853556,
        "dvar": 0.00169341394212,
        "dvar2": 0.00340939778835,
        "max": 0.636286795139,
        "mean": 0.240786612034,
        "median": 0.222081899643,
        "min": 0.0192805491388,
        "stdev": 0.115383222699,
        "var": 0.0133132888004
    },
    "melbands_kurtosis": {
        "dmean": 41.5868644714,
        "dmean2": 64.9168395996,
        "dvar": 20218.5,
        "dvar2": 47016.0820312,
        "max": 2524.75439453,
        "mean": 70.3356170654,
        "median": 13.5514564514,
        "min": -1.93324553967,
        "stdev": 191.472518921,
        "var": 36661.7265625
    },
    "melbands_skewness": {
        "dmean": 1.7020418644,
        "dmean2": 2.46803307533,
        "dvar": 6.1987695694,
        "dvar2": 13.6958904266,
        "max": 42.5729522705,
        "mean": 4.4367518425,
        "median": 3.01529598236,
        "min": -4.71828079224,
        "stdev": 5.29076337814,
        "var": 27.9921779633
    },
    "melbands_spread": {
        "dmean": 20.3307666779,
        "dmean2": 32.9828720093,
        "dvar": 1494.95043945,
        "dvar2": 3738.93847656,
        "max": 324.99710083,
        "mean": 32.193523407,
        "median": 15.1475009918,
        "min": 0.151207327843,
        "stdev": 48.4906730652,
        "var": 2351.34521484
    },
    "pitch_salience": {
        "dmean": 0.0881067290902,
        "dmean2": 0.135869443417,
        "dvar": 0.0083813117817,
        "dvar2": 0.0209990404546,
        "max": 0.891392529011,
        "mean": 0.496394306421,
        "median": 0.532133877277,
        "min": 0.0483505539596,
        "stdev": 0.203300788999,
        "var": 0.0413312092423
    },
    "silence_rate_20dB": {
        "dmean": 0.0557275526226,
        "dmean2": 0.111541442573,
        "dvar": 0.0526216626167,
        "dvar2": 0.126981899142,
        "max": 1,
        "mean": 0.921887099743,
        "median": 1,
        "min": 0,
        "stdev": 0.268351882696,
        "var": 0.0720127373934
    },
    "silence_rate_30dB": {
        "dmean": 0.0185758508742,
        "dmean2": 0.0371804796159,
        "dvar": 0.0182309187949,
        "dvar2": 0.0373463965952,
        "max": 1,
        "mean": 0.753286957741,
        "median": 1,
        "min": 0,
        "stdev": 0.431098729372,
        "var": 0.185846120119
    },
    "silence_rate_60dB": {
        "dmean": 0.0727554187179,
        "dmean2": 0.144848957658,
        "dvar": 0.0674623548985,
        "dvar2": 0.13935919106,
        "max": 1,
        "mean": 0.208043307066,
        "median": 0,
        "min": 0,
        "stdev": 0.405909568071,
        "var": 0.164762571454
    },
    "spectral_centroid": {
        "dmean": 592.066101074,
        "dmean2": 843.525390625,
        "dvar": 845246.5,
        "dvar2": 1433573.125,
        "max": 8771.40039062,
        "mean": 1559.93798828,
        "median": 991.869567871,
        "min": 145.491088867,
        "stdev": 1579.18310547,
        "var": 2493819.25
    },
    "spectral_complexity": {
        "dmean": 3.43034052849,
        "dmean2": 4.88071250916,
        "dvar": 22.6474990845,
        "dvar2": 34.0800552368,
        "max": 63,
        "mean": 10.3712301254,
        "median": 9,
        "min": 0,
        "stdev": 8.34356021881,
        "var": 69.6149902344
    },
    "spectral_decrease": {
        "dmean": 6.16940321052e-09,
        "dmean2": 9.0432097366e-09,
        "dvar": 2.6649533228e-16,
        "dvar2": 6.30627305357e-16,
        "max": -1.6482458844e-13,
        "mean": -2.22231690827e-08,
        "median": -4.66668304e-09,
        "min": -2.20317488697e-07,
        "stdev": 3.63760292998e-08,
        "var": 1.3232156002e-15
    },
    "spectral_energy": {
        "dmean": 0.0249320138246,
        "dmean2": 0.0368271842599,
        "dvar": 0.00388447009027,
        "dvar2": 0.00920323934406,
        "max": 0.842913031578,
        "mean": 0.0883163139224,
        "median": 0.0240614134818,
        "min": 6.59847671614e-07,
        "stdev": 0.138252153993,
        "var": 0.0191136579961
    },
    "spectral_energyband_high": {
        "dmean": 0.00361989927478,
        "dmean2": 0.00555262295529,
        "dvar": 7.02543911757e-05,
        "dvar2": 0.000158126043971,
        "max": 0.0940790176392,
        "mean": 0.00421799067408,
        "median": 0.000544771377463,
        "min": 1.91481888123e-08,
        "stdev": 0.010179371573,
        "var": 0.000103619611764
    },
    "spectral_energyband_low": {
        "dmean": 0.0179000720382,
        "dmean2": 0.0256263557822,
        "dvar": 0.00327602145262,
        "dvar2": 0.00778902741149,
        "max": 0.730728685856,
        "mean": 0.0688870474696,
        "median": 0.000254170125118,
        "min": 5.50191181503e-08,
        "stdev": 0.131400406361,
        "var": 0.0172660686076
    },
    "spectral_energyband_middle_high": {
        "dmean": 0.00210323999636,
        "dmean2": 0.00293373898603,
        "dvar": 2.12811755773e-05,
        "dvar2": 3.61410311598e-05,
        "max": 0.0654882639647,
        "mean": 0.00345541769639,
        "median": 0.00132727052551,
        "min": 2.97493709667e-08,
        "stdev": 0.00644920766354,
        "var": 4.15922768298e-05
    },
    "spectral_energyband_middle_low": {
        "dmean": 0.00772842299193,
        "dmean2": 0.0122207291424,
        "dvar": 0.00043341255514,
        "dvar2": 0.00117428041995,
        "max": 0.227081358433,
        "mean": 0.0115829892457,
        "median": 0.00668505718932,
        "min": 4.93058053053e-07,
        "stdev": 0.0193908531219,
        "var": 0.000376005162252
    },
    "spectral_entropy": {
        "dmean": 0.333100825548,
        "dmean2": 0.471971720457,
        "dvar": 0.119244106114,
        "dvar2": 0.217458978295,
        "max": 8.89403915405,
        "mean": 7.57602214813,
        "median": 7.52151346207,
        "min": 5.82874107361,
        "stdev": 0.644831240177,
        "var": 0.415807306767
    },
    "spectral_flux": {
        "dmean": 0.0455466285348,
        "dmean2": 0.0709194093943,
        "dvar": 0.00521257333457,
        "dvar2": 0.0108117908239,
        "max": 0.891648828983,
        "mean": 0.104560777545,
        "median": 0.0830298066139,
        "min": 0.000812310085166,
        "stdev": 0.107473909855,
        "var": 0.0115506416187
    },
    "spectral_kurtosis": {
        "dmean": 2.30811452866,
        "dmean2": 3.56333971024,
        "dvar": 10.7198190689,
        "dvar2": 25.536359787,
        "max": 37.4564208984,
        "mean": 3.41536450386,
        "median": 2.21740102768,
        "min": -1.33253026009,
        "stdev": 4.49040126801,
        "var": 20.1637020111
    },
    "spectral_rms": {
        "dmean": 0.00130848004483,
        "dmean2": 0.00179290527012,
        "dvar": 3.9389583435e-06,
        "dvar2": 7.97668235464e-06,
        "max": 0.0286767184734,
        "mean": 0.00682888645679,
        "median": 0.00484505388886,
        "min": 2.53723046626e-05,
        "stdev": 0.0062871738337,
        "var": 3.95285533159e-05
    },
    "spectral_rolloff": {
        "dmean": 1164.1439209,
        "dmean2": 2041.96984863,
        "dvar": 5362087,
        "dvar2": 10931375,
        "max": 11843.2617188,
        "mean": 2434.00561523,
        "median": 1055.12695312,
        "min": 43.06640625,
        "stdev": 3333.59643555,
        "var": 11112865
    },
    "spectral_skewness": {
        "dmean": 0.429264068604,
        "dmean2": 0.614682912827,
        "dvar": 0.188275828958,
        "dvar2": 0.386515051126,
        "max": 4.68170881271,
        "mean": 1.4242452383,
        "median": 1.44989573956,
        "min": -1.00575518608,
        "stdev": 0.806045651436,
        "var": 0.649709582329
    },
    "spectral_spread": {
        "dmean": 1433815.25,
        "dmean2": 2070940.25,
        "dvar": 2.50115181773e+12,
        "dvar2": 4.64594927616e+12,
        "max": 29580948,
        "mean": 6816959.5,
        "median": 6414301,
        "min": 1338662.5,
        "stdev": 2831076.75,
        "var": 8.01499512832e+12
    },
    "spectral_strongpeak": {
        "dmean": 0.906796455383,
        "dmean2": 1.43578243256,
        "dvar": 4.63637542725,
        "dvar2": 11.2259693146,
        "max": 22.5898704529,
        "mean": 1.43499684334,
        "median": 0.739706516266,
        "min": 0,
        "stdev": 2.38716697693,
        "var": 5.69856595993
    },
    "zerocrossingrate": {
        "dmean": 0.0274964328855,
        "dmean2": 0.0300086848438,
        "dvar": 0.00150841881987,
        "dvar2": 0.00146002124529,
        "max": 0.44677734375,
        "mean": 0.0869491845369,
        "median": 0.05712890625,
        "min": 0.00146484375,
        "stdev": 0.0944607630372,
        "var": 0.00892283581197
    },
    "barkbands": {
        "dmean": [0.00392770487815, 0.014858503826, 0.00576439313591, 0.00221272767521, 0.00188829342369, 0.00177296169568, 0.00230441591702, 0.000760693801567, 0.000456870475318, 0.000538103107829, 0.000439976487542, 0.000443122989964, 0.000411922956118, 0.000287331873551, 0.000192389648873, 0.000156203692313, 0.000127619481646, 0.0001148865922, 0.000128141662572, 7.83867071732e-05, 0.000136438917252, 0.000291848758934, 0.000830123550259, 0.00148017948959, 0.000963858852629, 0.000141869488289, 4.75173237646e-06],
        "dmean2": [0.00565947405994, 0.0199458356947, 0.0105304243043, 0.00381573219784, 0.00304437987506, 0.00286372285336, 0.00358680263162, 0.00118451996241, 0.000689312408213, 0.000809604593087, 0.000672552094329, 0.000664282473736, 0.000622346706223, 0.000439944007667, 0.000291082076728, 0.000235653627897, 0.000184440010344, 0.00016575329937, 0.000196079839952, 0.000118821131764, 0.000204456810025, 0.000460177223431, 0.00140883470885, 0.00232480932027, 0.00138175266329, 0.000223428796744, 8.54173322296e-06],
        "dvar": [0.000127066101413, 0.0020267397631, 0.00163558986969, 9.77633899311e-05, 3.5872697481e-05, 1.6452608179e-05, 2.01514467335e-05, 3.63174717677e-06, 1.45329352108e-06, 2.23370102503e-06, 2.12480176742e-06, 2.09663699025e-06, 1.27993769183e-06, 5.27184113253e-07, 2.50181955153e-07, 1.91183033849e-07, 7.72584698439e-08, 1.33538861746e-07, 1.3432718049e-07, 5.88170614435e-08, 1.21898352745e-07, 5.00198041209e-07, 5.81582753512e-06, 1.36743401526e-05, 7.57672523832e-06, 1.24693912085e-07, 4.0344738661e-10],
        "dvar2": [0.000262043380644, 0.00457676127553, 0.00470294011757, 0.000276140403003, 9.89558393485e-05, 4.1553783376e-05, 4.24675527029e-05, 8.27189978736e-06, 3.25770838572e-06, 5.28034070157e-06, 4.74573243991e-06, 3.69441386283e-06, 2.9142315725e-06, 1.00042359463e-06, 5.67740300994e-07, 4.50757198678e-07, 1.38938773375e-07, 2.5680770932e-07, 2.60544368302e-07, 1.21931009289e-07, 2.64321926124e-07, 1.0597856317e-06, 1.54496719915e-05, 3.10811665258e-05, 1.42653170769e-05, 3.01893692267e-07, 1.09890141431e-09],
        "max": [0.155593380332, 0.582295238972, 0.519945800304, 0.108370475471, 0.0735416263342, 0.0442360825837, 0.0346491038799, 0.02042084001, 0.0150696458295, 0.0291950386018, 0.0274671670049, 0.022420860827, 0.0186808109283, 0.0104612391442, 0.00623343372717, 0.00496242986992, 0.00337097770534, 0.00642766710371, 0.00515709584579, 0.00379780912772, 0.00498517043889, 0.00884119607508, 0.0200794879347, 0.0350754074752, 0.0401511788368, 0.00368261290714, 0.000191010534763],
        "mean": [0.0154491374269, 0.0492278188467, 0.00447914330289, 0.00213162018918, 0.00241738860495, 0.00208701658994, 0.00326369283721, 0.000852021039464, 0.000660608522594, 0.000697066134308, 0.000535057566594, 0.000526090327185, 0.000469835096737, 0.000377494783606, 0.000220182831981, 0.000194236577954, 0.000176870147698, 0.000142435732414, 0.000148168866872, 8.75437472132e-05, 0.000161533607752, 0.000346964370692, 0.000737692520488, 0.00157968827989, 0.00119948363863, 0.000144200239447, 3.18583602166e-06],
        "median": [1.44264129176e-06, 2.55785903391e-06, 2.83705485344e-05, 0.000294121564366, 0.00110172992572, 0.000412372552091, 0.000321223342326, 9.70116889221e-05, 0.000113350368338, 0.000117153213068, 8.81329979165e-05, 6.1602666392e-05, 7.72865023464e-05, 5.77316895942e-05, 3.07465961669e-05, 3.17548510793e-05, 3.39141261065e-05, 2.70486016234e-05, 3.05180074065e-05, 1.74440319824e-05, 3.37219025823e-05, 7.01332464814e-05, 4.1490100557e-05, 0.000133715715492, 9.98888863251e-05, 9.18533532968e-06, 3.64318464285e-09],
        "min": [6.27088547756e-10, 7.69115882093e-10, 4.90079621329e-09, 2.63670845158e-08, 7.74396227143e-08, 1.60116854886e-07, 1.70672151967e-07, 4.9120540524e-08, 9.18184728249e-09, 3.15495096714e-09, 8.39442204636e-09, 1.92974458635e-09, 2.54092524798e-09, 1.7213929171e-09, 2.3899262569e-09, 1.80728965127e-09, 3.7679850351e-09, 2.10913575494e-09, 1.9556012365e-09, 2.73375627691e-10, 2.68268240955e-10, 1.46320411343e-09, 1.25373766924e-09, 5.55003154545e-10, 5.84784720647e-10, 1.72074410276e-10, 2.00521009844e-13],
        "stdev": [0.034427896142, 0.0989085733891, 0.0305798314512, 0.008116081357, 0.00544595019892, 0.00426381779835, 0.00617915485054, 0.00215870095417, 0.00149693328422, 0.00173983129207, 0.00162372225896, 0.00189785449766, 0.00134875404183, 0.00093801796902, 0.000546605559066, 0.000492493563797, 0.00038015874452, 0.000442971038865, 0.000410005362937, 0.000269275973551, 0.00038780036266, 0.000798375811428, 0.00217599375173, 0.00425616232678, 0.00390188256279, 0.000388312299037, 1.61949919857e-05],
        "var": [0.00118528003804, 0.00978290662169, 0.00093512609601, 6.58707722323e-05, 2.96583730233e-05, 1.81801424333e-05, 3.81819554605e-05, 4.65998937216e-06, 2.24080918088e-06, 3.02701300825e-06, 2.63647393695e-06, 3.60185163117e-06, 1.8191375375e-06, 8.79877688931e-07, 2.98777649732e-07, 2.42549901941e-07, 1.4452066921e-07, 1.96223339799e-07, 1.68104392628e-07, 7.25095574694e-08, 1.50389112719e-07, 6.37403900328e-07, 4.73494901598e-06, 1.81149171112e-05, 1.52246866492e-05, 1.50786434006e-07, 2.6227775507e-10]
    },
    "erbbands": {
        "dmean": [0.678332209587, 2.73203158379, 5.99847269058, 7.37091016769, 7.76438999176, 5.1707701683, 4.966340065, 18.0597934723, 40.2927398682, 16.563495636, 15.2684259415, 9.28588294983, 13.1488437653, 11.5473470688, 21.8195514679, 18.733423233, 17.0303993225, 12.7114467621, 13.2813825607, 9.29084014893, 7.41091060638, 7.65665912628, 5.93650245667, 6.37528514862, 5.94409656525, 3.65486526489, 4.46543455124, 6.63833189011, 9.63755130768, 12.8139362335, 29.7558078766, 31.5187034607, 23.6939105988, 14.7520561218, 4.58920860291, 0.900811076164, 0.225740507245, 0.0381169170141, 0.000916003074963, 6.93954425515e-05],
        "dmean2": [0.84978222847, 3.78856086731, 10.5895986557, 13.0974292755, 12.6173601151, 8.5592546463, 8.48681163788, 28.0393009186, 62.0192565918, 26.7513313293, 23.5390892029, 14.1010694504, 19.8004550934, 17.9806251526, 32.7002716064, 28.0336589813, 25.4177379608, 19.104095459, 20.0829238892, 13.2970638275, 11.0465764999, 10.9195585251, 8.41702365875, 9.50189685822, 9.01311683655, 5.51907348633, 6.66210651398, 10.2057313919, 15.0658159256, 20.6962223053, 50.9539680481, 52.0888710022, 35.5382080078, 21.0535411835, 6.62974357605, 1.37076354027, 0.364549100399, 0.0674013420939, 0.00158434000332, 0.000107529143861],
        "dvar": [4.74987411499, 91.9303283691, 1539.27563477, 1812.40869141, 615.379577637, 353.790466309, 400.291778564, 1276.6932373, 5816.70800781, 1749.52478027, 1197.0904541, 625.125793457, 995.495910645, 1367.87280273, 5105.81103516, 3866.6574707, 2244.57983398, 932.483764648, 1133.64477539, 532.037109375, 418.891204834, 277.79699707, 364.337738037, 304.45690918, 301.914825439, 143.304977417, 144.665405273, 257.200653076, 429.359527588, 1270.04821777, 8516.62207031, 7240.05810547, 3857.15673828, 1805.07250977, 169.146484375, 5.20429754257, 0.356271237135, 0.0188788622618, 9.91488286672e-06, 1.98903506998e-08],
        "dvar2": [8.5901517868, 224.330215454, 4312.29589844, 5176.71337891, 1721.28759766, 972.318054199, 1041.37438965, 3036.22631836, 11776.2900391, 4333.27783203, 2805.11279297, 1451.91760254, 2337.88500977, 3604.07910156, 11009.7285156, 6831.625, 4831.19287109, 1847.31799316, 2302.38232422, 1166.44873047, 935.359008789, 483.995269775, 649.565185547, 614.686218262, 622.237487793, 299.12600708, 320.246887207, 567.698364258, 953.553955078, 2918.53759766, 23210.8554688, 18591.9804688, 7748.05419922, 3470.02124023, 334.914245605, 10.965177536, 0.92735606432, 0.0526101179421, 2.72517991107e-05, 4.91910867595e-08],
        "max": [33.529006958, 114.984115601, 505.89074707, 500.897460938, 321.367279053, 223.473068237, 212.130325317, 330.231658936, 632.55267334, 395.118835449, 317.048492432, 291.626312256, 366.246795654, 713.433654785, 1340.59887695, 808.869934082, 783.959960938, 476.888549805, 428.333190918, 283.534667969, 266.014343262, 221.888366699, 315.708892822, 289.826324463, 256.763092041, 193.204101562, 199.357650757, 221.499511719, 204.121963501, 455.832183838, 762.56640625, 839.968078613, 765.963867188, 618.583984375, 250.608169556, 33.692691803, 6.06116342545, 1.14183282852, 0.0264682397246, 0.00136852846481],
        "mean": [2.7343506813, 5.86053562164, 5.79336929321, 6.36094379425, 10.0004940033, 5.95971488953, 4.94096755981, 24.0267601013, 60.1298828125, 18.1515865326, 18.6660346985, 13.8061380386, 18.7732830048, 13.6065654755, 26.6505737305, 22.9408359528, 21.0130939484, 16.9275398254, 18.2879695892, 11.0867824554, 9.84199142456, 11.1934623718, 7.86118602753, 7.47204732895, 6.70880031586, 4.06108856201, 5.15691184998, 7.90554761887, 11.2093877792, 13.7301435471, 24.6986751556, 29.0392436981, 28.1145477295, 18.6787929535, 5.36369180679, 1.00222492218, 0.215936735272, 0.0278848502785, 0.000758444541134, 0.000145800921018],
        "median": [0.000101301353425, 0.00213568750769, 0.0610630474985, 0.753937840462, 4.7283744812, 2.17430901527, 1.16442918777, 5.62321233749, 7.26205348969, 3.13012266159, 2.33736133575, 2.87037706375, 3.60749840736, 2.72074437141, 4.50481414795, 3.06508207321, 3.87616705894, 3.53538513184, 2.51329803467, 1.95764517784, 1.98025929928, 2.21174240112, 1.65714013577, 1.68314182758, 1.29555308819, 0.904750525951, 1.26988995075, 1.68501543999, 2.17360162735, 1.87508893013, 1.11590850353, 1.95309114456, 2.57487535477, 1.59535884857, 0.40065485239, 0.0737054646015, 0.0132548380643, 0.000793512677774, 6.35411997791e-05, 3.96062168875e-05],
        "min": [1.94161245304e-07, 3.72785649461e-07, 1.00753723018e-05, 6.85173727106e-05, 0.000130580854602, 0.000280163163552, 0.000687185965944, 0.00151700421702, 0.00237478525378, 0.0020910713356, 0.00070132012479, 0.000246863986831, 9.37234435696e-05, 0.000239987304667, 0.000279413623502, 7.85063894e-05, 0.000122783676488, 8.93296746654e-05, 8.80061488715e-05, 0.000111353765533, 0.000121030818264, 0.000239700166276, 0.000147021317389, 0.000124000682263, 5.68062714592e-05, 1.63913500728e-05, 1.3841654436e-05, 1.06324041553e-05, 5.16378895554e-05, 4.8619494919e-05, 2.82683686237e-05, 1.60533672897e-05, 3.98553629566e-06, 5.65624532101e-06, 4.43432099928e-06, 1.92834227164e-06, 2.19882281272e-07, 5.54590542379e-08, 8.78707950847e-09, 1.64454505569e-09],
        "stdev": [5.49631404877, 15.0981826782, 31.426366806, 33.1112327576, 21.915725708, 16.5596466064, 17.5769748688, 41.9448623657, 110.066116333, 42.4684486389, 38.9541511536, 29.7576236725, 40.4295959473, 35.8350334167, 80.6316452026, 79.6934585571, 59.5684585571, 40.0289115906, 42.7399902344, 26.7833404541, 23.7326488495, 23.7602329254, 23.6173973083, 20.003692627, 19.0692234039, 12.9609489441, 13.0357303619, 17.7525138855, 23.3457069397, 37.4541053772, 79.3783187866, 82.1891860962, 81.1893997192, 60.8123703003, 17.4620475769, 2.89282774925, 0.587868511677, 0.109772324562, 0.00259857904166, 0.000206244338187],
        "var": [30.2094688416, 227.955123901, 987.616577148, 1096.3536377, 480.299072266, 274.221923828, 308.950012207, 1759.37158203, 12114.5507812, 1803.56921387, 1517.42590332, 885.516174316, 1634.55224609, 1284.1496582, 6501.46191406, 6351.04736328, 3548.40112305, 1602.3137207, 1826.70666504, 717.347351074, 563.238647461, 564.54864502, 557.781433105, 400.147705078, 363.635284424, 167.986190796, 169.930267334, 315.151763916, 545.022033691, 1402.80993652, 6300.91796875, 6755.0625, 6591.71826172, 3698.14428711, 304.923126221, 8.36845302582, 0.345589399338, 0.0120499636978, 6.75261253491e-06, 4.25367296941e-08]
    },
    "gfcc": {
        "mean": [-45.0002098083, 58.7698478699, -106.627426147, 17.580247879, -80.9947128296, 19.9750499725, -58.0885543823, 0.366127282381, -30.2329730988, -2.57587981224, -15.3941230774, -4.99307060242, -13.2333402634],
        "cov": [[11643.9970703, -2037.14257812, 2208.76342773, 996.691650391, -218.082717896, 1301.95874023, 83.6440734863, 1014.65563965, 479.559173584, 424.22265625, 137.749908447, 377.845550537, 148.04750061], [-2037.14257812, 3578.97875977, -463.018920898, -257.523406982, 881.93170166, -426.611175537, 582.214416504, -34.2440795898, 501.069519043, -103.956138611, 215.748748779, 74.4681472778, 187.130004883], [2208.76342773, -463.018920898, 2424.78955078, 817.877685547, 431.537445068, 1015.4833374, 530.844360352, 475.256225586, 368.190155029, 263.107269287, 146.181365967, 246.632614136, 165.111984253], [996.691650391, -257.523406982, 817.877685547, 722.39050293, 356.175018311, 391.404785156, 225.371231079, 200.292694092, 204.798522949, 119.280128479, 110.346214294, 68.1452407837, 112.063140869], [-218.082717896, 881.93170166, 431.537445068, 356.175018311, 818.661193848, 274.537841797, 439.792236328, 160.49810791, 320.880096436, 105.369621277, 159.104568481, 73.7249755859, 111.081451416], [1301.95874023, -426.611175537, 1015.4833374, 391.404785156, 274.537841797, 730.543273926, 323.702026367, 237.140380859, 175.099029541, 160.885513306, 80.1090698242, 95.3358306885, 70.9002685547], [83.6440734863, 582.214416504, 530.844360352, 225.371231079, 439.792236328, 323.702026367, 674.092041016, 217.544769287, 272.077362061, 97.4761047363, 134.979751587, 136.107910156, 122.121841431], [1014.65563965, -34.2440795898, 475.256225586, 200.292694092, 160.49810791, 237.140380859, 217.544769287, 352.367279053, 168.461166382, 93.515045166, 90.7670288086, 84.7968292236, 90.3501358032], [479.559173584, 501.069519043, 368.190155029, 204.798522949, 320.880096436, 175.099029541, 272.077362061, 168.461166382, 412.334472656, 95.0056152344, 116.067672729, 103.789955139, 107.966888428], [424.22265625, -103.956138611, 263.107269287, 119.280128479, 105.369621277, 160.885513306, 97.4761047363, 93.515045166, 95.0056152344, 175.294235229, 42.781703949, 25.553565979, 21.1377563477], [137.749908447, 215.748748779, 146.181365967, 110.346214294, 159.104568481, 80.1090698242, 134.979751587, 90.7670288086, 116.067672729, 42.781703949, 170.185073853, 53.776714325, 52.9437828064], [377.845550537, 74.4681472778, 246.632614136, 68.1452407837, 73.7249755859, 95.3358306885, 136.107910156, 84.7968292236, 103.789955139, 25.553565979, 53.776714325, 160.400268555, 35.866481781], [148.04750061, 187.130004883, 165.111984253, 112.063140869, 111.081451416, 70.9002685547, 122.121841431, 90.3501358032, 107.966888428, 21.1377563477, 52.9437828064, 35.866481781, 137.95135498]],
        "icov": [[0.000173489708686, -3.99714444939e-05, 5.59819200134e-05, -0.000187900121091, 0.000256817875197, -0.000301134685287, 0.000223691778956, -0.000432474538684, -0.000123232195619, -0.000104679667857, 9.02533211047e-05, -0.000260044209426, 0.000132322355057], [-3.99714444939e-05, 0.000988433719613, -0.00025504900259, 0.000937144039199, -0.00117529381532, 0.00111386331264, -0.000562477798667, 0.000527107855305, -0.00074607814895, 0.000682273588609, -0.000441845477326, 0.000379688106477, -0.000677079195157], [5.59819200134e-05, -0.00025504900259, 0.0014155106619, -0.000998357194476, 0.000563706213143, -0.00162985711358, 0.000168199883774, -0.000638956436887, 3.76813950425e-05, -0.000336915807566, 0.00049336993834, -0.00103240075987, 0.000157233356731], [-0.000187900121091, 0.000937144039199, -0.000998357194476, 0.00383910886012, -0.00210403185338, 0.000990644912235, -0.000190293823835, 0.000767008168623, -0.000584535882808, 0.000553316960577, -0.00097474292852, 0.00103491963819, -0.00166440929752], [0.000256817875197, -0.00117529381532, 0.000563706213143, -0.00210403185338, 0.00422837864608, -0.00180618802551, -0.000273737823591, -0.000762889161706, -0.00037955614971, -0.000941246398725, -0.000151597138029, -7.45461729821e-05, 0.00113748584408], [-0.000301134685287, 0.00111386331264, -0.00162985711358, 0.000990644912235, -0.00180618802551, 0.00544134480879, -0.00164352788124, 0.000888946524356, -0.000242683614488, -0.000183210722753, -0.000505052390508, 0.00124852650333, -0.000424003519583], [0.000223691778956, -0.000562477798667, 0.000168199883774, -0.000190293823835, -0.000273737823591, -0.00164352788124, 0.00373161793686, -0.00125814019702, -6.20780556346e-05, -0.000415859336499, 5.22994050698e-05, -0.00166077946778, -0.000414077047026], [-0.000432474538684, 0.000527107855305, -0.000638956436887, 0.000767008168623, -0.000762889161706, 0.000888946524356, -0.00125814019702, 0.00621716910973, -0.00054666120559, -0.000369620218407, -0.00130362052005, 0.00033329022699, -0.00201176269911], [-0.000123232195619, -0.00074607814895, 3.76813950425e-05, -0.000584535882808, -0.00037955614971, -0.000242683614488, -6.20780556346e-05, -0.00054666120559, 0.00552762299776, -0.00158459332306, -0.00034906482324, -0.0014622840099, -0.00115183112212], [-0.000104679667857, 0.000682273588609, -0.000336915807566, 0.000553316960577, -0.000941246398725, -0.000183210722753, -0.000415859336499, -0.000369620218407, -0.00158459332306, 0.00850708410144, -0.000971210654825, 0.00116182980128, 0.000610239163507], [9.02533211047e-05, -0.000441845477326, 0.00049336993834, -0.00097474292852, -0.000151597138029, -0.000505052390508, 5.22994050698e-05, -0.00130362052005, -0.00034906482324, -0.000971210654825, 0.00884152390063, -0.00178355642129, -0.00061457575066], [-0.000260044209426, 0.000379688106477, -0.00103240075987, 0.00103491963819, -7.45461729821e-05, 0.00124852650333, -0.00166077946778, 0.00033329022699, -0.0014622840099, 0.00116182980128, -0.00178355642129, 0.00971284508705, -4.50875413662e-05], [0.000132322355057, -0.000677079195157, 0.000157233356731, -0.00166440929752, 0.00113748584408, -0.000424003519583, -0.000414077047026, -0.00201176269911, -0.00115183112212, 0.000610239163507, -0.00061457575066, -4.50875413662e-05, 0.0112309483811]]
    },
    "melbands": {
        "dmean": [0.00489488895983, 0.00272596767172, 0.00126641546376, 0.00047735121916, 0.000169104954693, 0.00043289992027, 0.000547075993381, 0.000169963677763, 0.000124877376948, 5.47454837942e-05, 7.00884847902e-05, 5.34195169166e-05, 6.3726438384e-05, 4.95092681376e-05, 5.77255086682e-05, 3.62791397492e-05, 2.33892551478e-05, 2.50217199209e-05, 1.52238744704e-05, 1.09559223347e-05, 8.58306339069e-06, 8.12761390989e-06, 7.12648625267e-06, 4.75825481772e-06, 5.2906871133e-06, 5.27380507265e-06, 3.16524756272e-06, 2.34233857554e-06, 2.62546723206e-06, 3.14054591399e-06, 4.42861346528e-06, 5.35752542419e-06, 6.49779804007e-06, 6.9746997724e-06, 1.54185054271e-05, 2.19452304009e-05, 1.77761703526e-05, 1.64447483257e-05, 1.70781640918e-05, 1.15093343993e-05],
        "dmean2": [0.00645210593939, 0.00438405340537, 0.00217392947525, 0.000778578221798, 0.000287861417746, 0.000667937973049, 0.000847210700158, 0.000274191814242, 0.000189242084161, 8.465594874e-05, 0.000105684368464, 8.31165161799e-05, 9.63864440564e-05, 7.29158564354e-05, 8.62769811647e-05, 5.76136153541e-05, 3.60299782187e-05, 3.83075894206e-05, 2.25377480092e-05, 1.63471431733e-05, 1.29581394503e-05, 1.18869529615e-05, 1.04112323243e-05, 7.03013211023e-06, 8.0470526882e-06, 8.03971215646e-06, 4.7949592954e-06, 3.60770945917e-06, 3.91441608372e-06, 4.74204034617e-06, 6.91450077284e-06, 8.5996953203e-06, 1.02813874037e-05, 1.13816495286e-05, 2.6769370379e-05, 3.73291732103e-05, 2.90970365313e-05, 2.52508452832e-05, 2.51048004429e-05, 1.66278023244e-05],
        "dvar": [0.00021951601957, 0.00020952783234, 4.32198103226e-05, 2.38376219386e-06, 4.39022869614e-07, 6.66273820116e-07, 1.06834784219e-06, 2.19297717763e-07, 7.98588075668e-08, 2.43447804138e-08, 2.94968387493e-08, 3.11610897086e-08, 4.3612157441e-08, 2.21248654952e-08, 3.98323329875e-08, 1.20746248555e-08, 3.37944183748e-09, 4.50220793979e-09, 1.75949121939e-09, 9.32533938958e-10, 5.29469856847e-10, 3.00036689937e-10, 4.13008544031e-10, 2.6992744151e-10, 2.03987340908e-10, 2.55581056319e-10, 7.28279173079e-11, 7.04789421269e-11, 4.86859476345e-11, 7.06485009383e-11, 1.16071215139e-10, 1.45203044033e-10, 3.01424024629e-10, 4.20323026384e-10, 2.57858778774e-09, 3.76994879758e-09, 2.2482680162e-09, 1.82725778952e-09, 2.37957853422e-09, 1.28707422498e-09],
        "dvar2": [0.0004463850928, 0.000550026190467, 0.000121626915643, 6.73032536724e-06, 1.11475151243e-06, 1.60830700224e-06, 2.23071992878e-06, 5.25536847817e-07, 1.75650171741e-07, 5.64390063573e-08, 6.82169627453e-08, 8.07022999538e-08, 9.62607700217e-08, 4.25348645194e-08, 7.77539455044e-08, 2.82207039959e-08, 6.56967191759e-09, 9.15044129357e-09, 4.03448918718e-09, 2.06292827265e-09, 1.18492615719e-09, 5.30697208401e-10, 7.39677985528e-10, 5.48867618022e-10, 4.259096964e-10, 5.21711229773e-10, 1.50362042262e-10, 1.53517809576e-10, 1.10884065818e-10, 1.52092491379e-10, 2.73473577117e-10, 3.33762989468e-10, 6.43538888845e-10, 1.02639952093e-09, 7.11234093842e-09, 9.823816427e-09, 5.73584957309e-09, 3.81846820829e-09, 4.63578375687e-09, 2.67727795489e-09],
        "max": [0.214892506599, 0.190779805183, 0.0752416178584, 0.0189654957503, 0.00642928760499, 0.00769160501659, 0.00812029466033, 0.00467419577762, 0.00346932909451, 0.00196727365255, 0.00234044529498, 0.00356266507879, 0.00374050205573, 0.00166170438752, 0.0033645646181, 0.00152698147576, 0.000806433788966, 0.000888946524356, 0.000699195486959, 0.000442534132162, 0.000301086984109, 0.000230726174777, 0.000272750272416, 0.000302099244436, 0.000230579826166, 0.000231125552091, 0.000108244908915, 0.000142255506944, 0.000114361486339, 0.000106585648609, 0.000154012595885, 0.000127152830828, 0.000238749664277, 0.000263537134742, 0.000433989305748, 0.000636205018964, 0.000550873577595, 0.000528558099177, 0.000542930443771, 0.000500350259244],
        "mean": [0.0189265552908, 0.00421271519735, 0.00122850202024, 0.000617780606262, 0.00016719289124, 0.000586685840972, 0.000799677276518, 0.000170384024386, 0.000158882365213, 8.02655340522e-05, 9.81303383014e-05, 5.96545578446e-05, 7.69932157709e-05, 5.70292322664e-05, 6.81101446389e-05, 4.1914783651e-05, 3.05387329718e-05, 3.38564823323e-05, 1.67180460267e-05, 1.34128413265e-05, 1.09473694465e-05, 1.16337332656e-05, 9.37755976338e-06, 5.66763492316e-06, 5.98759606874e-06, 5.93748927713e-06, 3.38427435054e-06, 2.47292723543e-06, 2.94548976854e-06, 3.57144335794e-06, 5.03694809595e-06, 6.02621366852e-06, 7.47165222492e-06, 7.11830898581e-06, 1.20463391795e-05, 1.94529093278e-05, 1.64285411302e-05, 1.87635905604e-05, 2.07907705772e-05, 1.43372835737e-05],
        "median": [6.58894350636e-07, 2.7132777177e-05, 0.00029826478567, 0.000302852888126, 3.46553824784e-05, 0.000142666045576, 9.32019174797e-05, 1.86372089956e-05, 1.86756606126e-05, 1.75158202183e-05, 1.80736042239e-05, 1.00034721982e-05, 1.24918278743e-05, 8.68681945576e-06, 8.2984997789e-06, 5.90277841184e-06, 6.17708064965e-06, 3.85265320801e-06, 2.25987560043e-06, 2.09485347114e-06, 2.0059869712e-06, 2.1897365059e-06, 1.5882990283e-06, 1.17699653401e-06, 1.25323890643e-06, 9.9326621239e-07, 4.80054552554e-07, 4.67237669e-07, 6.81186747897e-07, 7.00083091942e-07, 1.02567537397e-06, 1.13295857318e-06, 1.32758952986e-06, 8.51392371715e-07, 4.61576490807e-07, 8.51350307585e-07, 1.13964097181e-06, 1.65218000348e-06, 1.69354552781e-06, 1.01066575553e-06],
        "min": [4.38562630656e-10, 4.13276968203e-09, 1.34198483437e-08, 1.41760079231e-08, 2.20827391928e-08, 3.4079739919e-08, 3.63613530396e-08, 2.05014316634e-08, 4.25321999842e-09, 1.40596290166e-09, 4.15561834943e-10, 9.0704793676e-10, 1.09734554776e-09, 2.83801149248e-10, 2.61049487582e-10, 2.08996028817e-10, 1.6843912376e-10, 1.21644694318e-10, 2.05388761554e-10, 1.04477530793e-10, 1.31146885018e-10, 2.42397296679e-10, 1.95478036535e-10, 8.58871446185e-11, 1.08033158808e-10, 4.54785584192e-11, 2.00391040567e-11, 9.22549450028e-12, 8.58913721397e-12, 5.9665501706e-12, 5.3876291449e-12, 2.53137129314e-11, 3.29984720104e-11, 2.30447241151e-11, 1.47580797409e-12, 1.17194474611e-11, 7.94799902976e-12, 1.45973283374e-12, 3.69841570563e-12, 4.44007807951e-12],
        "stdev": [0.0369120612741, 0.0147043000907, 0.00525804283097, 0.001367653138, 0.000597500533331, 0.000960193865467, 0.00145360711031, 0.000496140564792, 0.000346760469256, 0.000181771465577, 0.000219154098886, 0.000171178457094, 0.00023444139515, 0.000174800385139, 0.000265204987954, 0.000125479593407, 7.4211449828e-05, 8.54896134115e-05, 4.44862307631e-05, 3.53988798452e-05, 2.68359108304e-05, 2.45047503995e-05, 2.58821564785e-05, 1.86940960702e-05, 1.6050915292e-05, 1.7440674128e-05, 9.81932589639e-06, 8.69374525791e-06, 7.49606442696e-06, 9.22815706872e-06, 1.13931964734e-05, 1.3102388948e-05, 1.93294090423e-05, 2.04452171602e-05, 4.19256939495e-05, 5.8407546021e-05, 4.60066003143e-05, 5.36027255293e-05, 6.66624982841e-05, 4.90180318593e-05],
        "var": [0.0013625001302, 0.000216216430999, 2.76470127574e-05, 1.87047510281e-06, 3.57006854301e-07, 9.21972230117e-07, 2.11297356145e-06, 2.46155479999e-07, 1.20242816593e-07, 3.30408660432e-08, 4.80285216042e-08, 2.93020647746e-08, 5.49627685587e-08, 3.05551743907e-08, 7.03336908714e-08, 1.57451278682e-08, 5.50733947335e-09, 7.30847382613e-09, 1.97902472188e-09, 1.25308075027e-09, 7.20166148938e-10, 6.00482774615e-10, 6.6988598002e-10, 3.49469231331e-10, 2.5763186029e-10, 3.04177100174e-10, 9.64191643194e-11, 7.55812079589e-11, 5.61909789532e-11, 8.51588799478e-11, 1.29804930693e-10, 1.71672592808e-10, 3.73626074524e-10, 4.18006906866e-10, 1.75776393441e-09, 3.41144157368e-09, 2.1166071118e-09, 2.87325230275e-09, 4.44388881249e-09, 2.40276754049e-09]
    },
    "melbands128": {
