{
"lowlevel": {
    "average_loudness": 0.93569868803,
    "barkbands_crest": {
        "dmean": 2.10663819313,
        "dmean2": 3.31379199028,
        "dvar": 7.64593648911,
        "dvar2": 17.3770751953,
        "max": 26.4140796661,
        "mean": 18.3088874817,
        "median": 19.9795875549,
        "min": 4.21955537796,
        "stdev": 6.07068157196,
        "var": 36.8531761169
    },
    "barkbands_flatness_db": {
        "dmean": 0.0332614704967,
        "dmean2": 0.0455496571958,
        "dvar": 0.00143218424637,
        "dvar2": 0.00254314439371,
        "max": 0.537173092365,
        "mean": 0.255680680275,
        "median": 0.235429316759,
        "min": 0.0737734809518,
        "stdev": 0.0926838889718,
        "var": 0.00859030336142
    },
    "barkbands_kurtosis": {
        "dmean": 28.944562912,
        "dmean2": 44.0608711243,
        "dvar": 4743.22314453,
        "dvar2": 9842.86328125,
        "max": 830.614868164,
        "mean": 51.6507835388,
        "median": 11.7596282959,
        "min": -1.83010780811,
        "stdev": 104.903945923,
        "var": 11004.8378906
    },
    "barkbands_skewness": {
        "dmean": 1.42464530468,
        "dmean2": 2.11360621452,
        "dvar": 4.34353780746,
        "dvar2": 8.59832668304,
        "max": 24.4451560974,
        "mean": 4.55290174484,
        "median": 3.24187541008,
        "min": -2.23347949982,
        "stdev": 4.09665966034,
        "var": 16.7826194763
    },
    "barkbands_spread": {
        "dmean": 4.65515995026,
        "dmean2": 7.1530547142,
        "dvar": 64.5827713013,
        "dvar2": 151.013168335,
        "max": 83.6724777222,
        "mean": 11.1960277557,
        "median": 9.35360050201,
        "min": 0.135256573558,
        "stdev": 11.0000267029,
        "var": 121.000595093
    },
    "dissonance": {
        "dmean": 0.0278200358152,
        "dmean2": 0.0457975491881,
        "dvar": 0.00095326511655,
        "dvar2": 0.00234513916075,
        "max": 0.499363511801,
        "mean": 0.442168802023,
        "median": 0.448803544044,
        "min": 0.0131718264893,
        "stdev": 0.0409077219665,
        "var": 0.00167344161309
    },
    "dynamic_complexity": 3.46239089966,
    "erbbands_crest": {
        "dmean": 2.65589523315,
        "dmean2": 4.18481016159,
        "dvar": 6.12536478043,
        "dvar2": 14.63539505,
        "max": 27.2338523865,
        "mean": 10.5006742477,
        "median": 9.65061092377,
        "min": 3.66535782814,
        "stdev": 4.13857030869,
        "var": 17.1277637482
    },
    "erbbands_flatness_db": {
        "dmean": 0.0200091097504,
        "dmean2": 0.0305641703308,
        "dvar": 0.000436229514889,
        "dvar2": 0.00100632442627,
        "max": 0.315701574087,
        "mean": 0.178682237864,
        "median": 0.166973993182,
        "min": 0.0730552524328,
        "stdev": 0.0513758249581,
        "var": 0.00263947551139
    },
    "erbbands_kurtosis": {
        "dmean": 1.40939080715,
        "dmean2": 2.28156375885,
        "dvar": 6.55735397339,
        "dvar2": 18.0318775177,
        "max": 31.7581710815,
        "mean": 0.808294475079,
        "median": 0.0431003570557,
        "min": -1.84563589096,
        "stdev": 2.65778565407,
        "var": 7.06382417679
    },
    "erbbands_skewness": {
        "dmean": 0.517682492733,
        "dmean2": 0.780919969082,
        "dvar": 0.373756796122,
        "dvar2": 0.937370836735,
        "max": 5.16098499298,
        "mean": 0.477968961,
        "median": 0.422771841288,
        "min": -5.01848268509,
        "stdev": 1.00090408325,
        "var": 1.00180900097
    },
    "erbbands_spread": {
        "dmean": 12.8618373871,
        "dmean2": 19.8526000977,
        "dvar": 356.620422363,
        "dvar2": 820.220153809,
        "max": 203.473724365,
        "mean": 43.9239883423,
        "median": 36.5944786072,
        "min": 7.24190473557,
        "stdev": 26.7891578674,
        "var": 717.658935547
    },
    "hfc": {
        "dmean": 10.3284082413,
        "dmean2": 16.2463874817,
        "dvar": 480.952209473,
        "dvar2": 1266.96228027,
        "max": 203.929458618,
        "mean": 21.6167926788,
        "median": 13.4841995239,
        "min": 1.07705559669e-16,
        "stdev": 24.7852458954,
        "var": 614.308410645
    },
    "loudness_ebu128": {
        "integrated": -11.0471258163,
        "loudness_range": 6.00580120087,
        "momentary": {
            "dmean": 0.695746481419,
            "dmean2": 0.706429362297,
            "dvar": 0.814615309238,
            "dvar2": 0.85712236166,
            "max": -8.47712898254,
            "mean": -12.7458553314,
            "median": -10.8075771332,
            "min": -33.1065673828,
            "stdev": 4.60346221924,
            "var": 21.191865921
        },
        "short_term": {
            "dmean": 0.0895149856806,
            "dmean2": 0.081458196044,
            "dvar": 0.0094745690003,
            "dvar2": 0.00859057065099,
            "max": -9.57231330872,
            "mean": -11.8653240204,
            "median": -10.6052570343,
            "min": -18.2641830444,
            "stdev": 2.5599899292,
            "var": 6.55354833603
        }
    },
    "melbands_crest": {
        "dmean": 2.2075111866,
        "dmean2": 3.51554107666,
        "dvar": 8.91380310059,
        "dvar2": 19.2894573212,
        "max": 35.2762832642,
        "mean": 22.6874523163,
        "median": 24.6503791809,
        "min": 2.02148199081,
        "stdev": 8.00877380371,
        "var": 64.1404647827
    },
    "melbands_flatness_db": {
        "dmean": 0.0380899310112,
        "dmean2": 0.0506562590599,
        "dvar": 0.00194200349506,
        "dvar2": 0.00326746702194,
        "max": 0.673877418041,
        "mean": 0.337922662497,
        "median": 0.314167439938,
        "min": 0.00664731580764,
        "stdev": 0.116968035698,
        "var": 0.0136815207079
    },
    "melbands_kurtosis": {
        "dmean": 44.9706954956,
        "dmean2": 70.7074661255,
        "dvar": 9301.48046875,
        "dvar2": 21523.8339844,
        "max": 1342.11401367,
        "mean": 84.8581085205,
        "median": 35.0053825378,
        "min": -1.88501465321,
        "stdev": 138.315689087,
        "var": 19131.2285156
    },
    "melbands_skewness": {
        "dmean": 1.5930185318,
        "dmean2": 2.38572692871,
        "dvar": 5.05010604858,
        "dvar2": 11.4639148712,
        "max": 30.0958194733,
        "mean": 5.85073137283,
        "median": 4.91581964493,
        "min": -0.0714440122247,
        "stdev": 4.23606538773,
        "var": 17.9442501068
    },
    "melbands_spread": {
        "dmean": 4.33514404297,
        "dmean2": 6.69031476974,
        "dvar": 106.583183289,
        "dvar2": 251.558547974,
        "max": 198.767562866,
        "mean": 9.95636844635,
        "median": 6.93716049194,
        "min": 0.180486708879,
        "stdev": 13.5531635284,
        "var": 183.688232422
    },
    "pitch_salience": {
        "dmean": 0.0643425732851,
        "dmean2": 0.103104196489,
        "dvar": 0.00708958180621,
        "dvar2": 0.016644321382,
        "max": 0.892195701599,
        "mean": 0.343746513128,
        "median": 0.309554964304,
        "min": 0.0495663993061,
        "stdev": 0.183526843786,
        "var": 0.0336821042001
    },
    "silence_rate_20dB": {
        "dmean": 0,
        "dmean2": 0,
        "dvar": 0,
        "dvar2": 0,
        "max": 1,
        "mean": 1,
        "median": 1,
        "min": 1,
        "stdev": 0,
        "var": 0
    },
    "silence_rate_30dB": {
        "dmean": 0.0758513957262,
        "dmean2": 0.151820287108,
        "dvar": 0.0700971856713,
        "dvar2": 0.176799476147,
        "max": 1,
        "mean": 0.447795838118,
        "median": 0,
        "min": 0,
        "stdev": 0.497267454863,
        "var": 0.247274920344
    },
    "silence_rate_60dB": {
        "dmean": 0.0201238393784,
        "dmean2": 0.0402788519859,
        "dvar": 0.0197187699378,
        "dvar2": 0.0433039739728,
        "max": 1,
        "mean": 0.119102858007,
        "median": 0,
        "min": 0,
        "stdev": 0.323909580708,
        "var": 0.104917414486
    },
    "spectral_centroid": {
        "dmean": 284.781799316,
        "dmean2": 437.202178955,
        "dvar": 277804.96875,
        "dvar2": 578686.9375,
        "max": 10611.9404297,
        "mean": 934.968200684,
        "median": 780.342956543,
        "min": 98.2085342407,
        "stdev": 723.634338379,
        "var": 523646.65625
    },
    "spectral_complexity": {
        "dmean": 2.7708978653,
        "dmean2": 4.11773824692,
        "dvar": 14.3995304108,
        "dvar2": 24.6631298065,
        "max": 57,
        "mean": 10.920340538,
        "median": 10,
        "min": 0,
        "stdev": 7.37812614441,
        "var": 54.4367446899
    },
    "spectral_decrease": {
        "dmean": 3.67994301698e-09,
        "dmean2": 5.81905279518e-09,
        "dvar": 4.96126288535e-17,
        "dvar2": 1.16815359312e-16,
        "max": -3.4499276381e-29,
        "mean": -2.16669597819e-08,
        "median": -2.76417022604e-08,
        "min": -8.56007886796e-08,
        "stdev": 1.577481612e-08,
        "var": 2.48844806785e-16
    },
    "spectral_energy": {
        "dmean": 0.0145078646019,
        "dmean2": 0.0229946132749,
        "dvar": 0.000735740875825,
        "dvar2": 0.00174603005871,
        "max": 0.325179934502,
        "mean": 0.0837367847562,
        "median": 0.106315933168,
        "min": 9.8994253446e-21,
        "stdev": 0.0604983456433,
        "var": 0.00366004975513
    },
    "spectral_energyband_high": {
        "dmean": 0.000897508405615,
        "dmean2": 0.00150699145161,
        "dvar": 7.05697584635e-06,
        "dvar2": 1.94890762941e-05,
        "max": 0.0278018321842,
        "mean": 0.000928017660044,
        "median": 0.000147705417476,
        "min": 7.23964466419e-21,
        "stdev": 0.00236141891219,
        "var": 5.57629982723e-06
    },
    "spectral_energyband_low": {
        "dmean": 0.0109475646168,
        "dmean2": 0.0167897045612,
        "dvar": 0.000578942883294,
        "dvar2": 0.0012297766516,
        "max": 0.314009696245,
        "mean": 0.0678146705031,
        "median": 0.0892439261079,
        "min": 7.42726047564e-23,
        "stdev": 0.0582089759409,
        "var": 0.00338828493841
    },
    "spectral_energyband_middle_high": {
        "dmean": 0.00187481113244,
        "dmean2": 0.00264162593521,
        "dvar": 1.72050840774e-05,
        "dvar2": 3.55287666025e-05,
        "max": 0.0568224675953,
        "mean": 0.00408112583682,
        "median": 0.00141924375203,
        "min": 1.42355844716e-21,
        "stdev": 0.00620844215155,
        "var": 3.8544752897e-05
    },
    "spectral_energyband_middle_low": {
        "dmean": 0.00667070085183,
        "dmean2": 0.0109813055024,
        "dvar": 0.00030077926931,
        "dvar2": 0.000851661898196,
        "max": 0.202969998121,
        "mean": 0.0119794160128,
        "median": 0.00769396079704,
        "min": 3.03387068906e-22,
        "stdev": 0.0164737906307,
        "var": 0.000271385768428
    },
    "spectral_entropy": {
        "dmean": 0.274971485138,
        "dmean2": 0.403818577528,
        "dvar": 0.0896032080054,
        "dvar2": 0.187282860279,
        "max": 9.78918552399,
        "mean": 7.07896995544,
        "median": 7.12202072144,
        "min": 5.0672545433,
        "stdev": 0.586505830288,
        "var": 0.34398907423
    },
    "spectral_flux": {
        "dmean": 0.0363333262503,
        "dmean2": 0.0555447563529,
        "dvar": 0.00292664091103,
        "dvar2": 0.00571708008647,
        "max": 0.541669785976,
        "mean": 0.0817929804325,
        "median": 0.0571903511882,
        "min": 9.94958559986e-11,
        "stdev": 0.0797262042761,
        "var": 0.00635626725852
    },
    "spectral_kurtosis": {
        "dmean": 3.30359077454,
        "dmean2": 5.35891199112,
        "dvar": 19.5527019501,
        "dvar2": 52.6637840271,
        "max": 55.943561554,
        "mean": 7.14078521729,
        "median": 4.99473667145,
        "min": -1.24383640289,
        "stdev": 6.9633898735,
        "var": 48.4888000488
    },
    "spectral_rms": {
        "dmean": 0.00079052237561,
        "dmean2": 0.00121773430146,
        "dvar": 1.78266998319e-06,
        "dvar2": 3.84884469895e-06,
        "max": 0.0178114771843,
        "mean": 0.00804415345192,
        "median": 0.0101844426244,
        "min": 3.10772848428e-12,
        "stdev": 0.00412141298875,
        "var": 1.69860450114e-05
    },
    "spectral_rolloff": {
        "dmean": 273.447845459,
        "dmean2": 470.661468506,
        "dvar": 859684.875,
        "dvar2": 1650601.25,
        "max": 18669.2871094,
        "mean": 603.86126709,
        "median": 258.3984375,
        "min": 43.06640625,
        "stdev": 1119.60229492,
        "var": 1253509.375
    },
    "spectral_skewness": {
        "dmean": 0.416146665812,
        "dmean2": 0.640926659107,
        "dvar": 0.211923703551,
        "dvar2": 0.51657307148,
        "max": 5.87641859055,
        "mean": 1.9066400528,
        "median": 1.84928512573,
        "min": -0.501726388931,
        "stdev": 0.796490490437,
        "var": 0.634397089481
    },
    "spectral_spread": {
        "dmean": 902129.0625,
        "dmean2": 1311707.5,
        "dvar": 1.86278648218e+12,
        "dvar2": 3.14745762611e+12,
        "max": 41764100,
        "mean": 4732762,
        "median": 4533653.5,
        "min": 1231540,
        "stdev": 2503934.25,
        "var": 6.26968703795e+12
    },
    "spectral_strongpeak": {
        "dmean": 0.19865719974,
        "dmean2": 0.330308675766,
        "dvar": 0.216201528907,
        "dvar2": 0.590179204941,
        "max": 6.26036262512,
        "mean": 0.854431033134,
        "median": 0.798205018044,
        "min": 0,
        "stdev": 0.631571352482,
        "var": 0.398882359266
    },
    "zerocrossingrate": {
        "dmean": 0.00774674070999,
        "dmean2": 0.0090402001515,
        "dvar": 0.000306906789774,
        "dvar2": 0.000339815946063,
        "max": 0.50927734375,
        "mean": 0.0291786752641,
        "median": 0.0244140625,
        "min": 0.001953125,
        "stdev": 0.0293998364359,
        "var": 0.000864350411575
    },
    "barkbands": {
        "dmean": [0.000912727497052, 0.0105477850884, 0.00234204949811, 0.0017346261302, 0.0027901395224, 0.0012224788079, 0.001042662072, 0.000904056010768, 0.00055389670888, 0.000324489141349, 0.000292094919132, 0.000350972346496, 0.000343181891367, 0.000453866814496, 0.000334101758199, 0.000206512951991, 0.000260512053501, 0.000163777047419, 0.000121117882372, 7.45927536627e-05, 8.497350791e-05, 0.000242272450123, 0.000377404707251, 0.000160269410117, 7.12992696208e-05, 2.45540031756e-05, 1.03743525415e-06],
        "dmean2": [0.00155607168563, 0.0158634260297, 0.00425889715552, 0.00321419676766, 0.00474107591435, 0.00195010111202, 0.00158616958652, 0.0014135139063, 0.00079798855586, 0.000467777543236, 0.00043381008436, 0.000508270051796, 0.000496431079227, 0.00071542308433, 0.000538876454812, 0.00032024862594, 0.000421090138843, 0.000249877281021, 0.000180693867151, 0.000118449388538, 0.00013626278087, 0.000418197043473, 0.000673864095006, 0.000268551957561, 0.000114109076094, 4.01476136176e-05, 1.7941886199e-06],
        "dvar": [3.15138981932e-06, 0.00063692079857, 0.000152765540406, 7.13302797521e-05, 5.40473483852e-05, 1.13468431664e-05, 6.85705117576e-06, 8.89688908501e-06, 3.26036251863e-06, 6.87936505983e-07, 1.79092955932e-06, 1.00904901501e-06, 1.33889261633e-06, 1.40007443861e-06, 1.05024992081e-06, 3.94721070052e-07, 4.59669593056e-07, 4.13868349369e-07, 1.32147064846e-07, 5.84502721779e-08, 9.59195318728e-08, 6.19735430973e-07, 1.86202578334e-06, 2.70085024567e-07, 3.93077925764e-08, 5.26707610859e-09, 2.53310636356e-11],
        "dvar2": [8.02119666332e-06, 0.00131749222055, 0.000427817663876, 0.000214832805796, 0.000144658624777, 2.79609794234e-05, 1.52663596964e-05, 2.01451184694e-05, 5.92714013692e-06, 1.41770601658e-06, 4.05878381571e-06, 2.31708827414e-06, 2.56170528701e-06, 3.18061620419e-06, 2.54230690189e-06, 8.96467497569e-07, 1.00338183984e-06, 1.00102704437e-06, 2.5485692845e-07, 1.31524899416e-07, 2.58648725548e-07, 1.76848618594e-06, 5.27432530362e-06, 7.13666906904e-07, 9.50945349132e-08, 1.2866795629e-08, 6.8937078268e-11],
        "max": [0.0268930159509, 0.295978695154, 0.151517927647, 0.0920034199953, 0.101886637509, 0.0432103276253, 0.0425387248397, 0.0360331498086, 0.0344207696617, 0.0133787086233, 0.0255930200219, 0.0162889100611, 0.0235182885081, 0.0139967054129, 0.0139823239297, 0.0085344882682, 0.00885943323374, 0.010669125244, 0.00519369821995, 0.00330008892342, 0.00569825340062, 0.00827643275261, 0.0133311040699, 0.0073453434743, 0.00314869871363, 0.0013680831762, 0.000117166695418],
        "mean": [0.00187709287275, 0.0622534044087, 0.00265131914057, 0.00191520096269, 0.00436526210979, 0.00181204744149, 0.00151909526903, 0.00130018708296, 0.00101433298551, 0.000537644664291, 0.000364153733244, 0.000557364081033, 0.000529491167981, 0.000602951971814, 0.000381212856155, 0.000307675858494, 0.000380528945243, 0.00020656894776, 0.000163798526046, 9.91427514236e-05, 0.000109065127617, 0.000253992009675, 0.000272781267995, 0.000154375607963, 7.86247692304e-05, 2.84400648525e-05, 9.55528207669e-07],
        "median": [0.000347096793121, 0.0832034498453, 0.000938316225074, 0.000196420805878, 0.00163901515771, 0.000372049922589, 0.000169932216522, 9.04676417122e-05, 6.75715273246e-05, 9.6508905699e-05, 2.57133833657e-05, 4.68691432616e-05, 4.7730638471e-05, 8.37118786876e-05, 5.98508922849e-05, 4.69083388452e-05, 6.50962319924e-05, 3.4868477087e-05, 2.63481961156e-05, 1.377623812e-05, 1.32576724354e-05, 2.60174856521e-05, 1.62111118698e-05, 2.02211358555e-05, 1.17422241601e-05, 3.5454609133e-06, 4.27528803471e-08],
        "min": [1.19321680574e-24, 3.95196657431e-23, 2.11671843923e-23, 2.88711668605e-23, 1.07608251024e-22, 1.66204157488e-23, 1.1151213905e-23, 3.0728640836e-23, 9.40053923207e-23, 1.34535948604e-22, 6.01400354216e-23, 1.09278578794e-22, 9.45578978769e-23, 1.05444096327e-22, 1.23679947749e-22, 1.1796158971e-22, 2.2761535075e-22, 1.63989503072e-22, 2.22081762869e-22, 3.18553039716e-22, 4.40265669341e-22, 6.00405089433e-22, 5.27689935917e-22, 6.84851626973e-22, 1.17846691173e-21, 1.43019538008e-21, 2.29927755761e-21],
        "stdev": [0.00280969939195, 0.0548489503562, 0.00970057863742, 0.00660098018125, 0.00758646149188, 0.0041711484082, 0.00379814137705, 0.0035200312268, 0.00300482637249, 0.00139716488775, 0.00151325075421, 0.00148069043644, 0.00169736891985, 0.0015635319287, 0.00102163199335, 0.000802702445071, 0.000834968988784, 0.000629590998869, 0.000438695889898, 0.000294572470011, 0.000314221164444, 0.000696549774148, 0.00107056892011, 0.000484253716422, 0.0002071835479, 7.49430328142e-05, 4.41221300207e-06],
        "var": [7.8944112829e-06, 0.00300840754062, 9.41012185649e-05, 4.35729416495e-05, 5.7554399973e-05, 1.73984808498e-05, 1.44258783621e-05, 1.23906193039e-05, 9.02898136701e-06, 1.95206985154e-06, 2.28992780649e-06, 2.19244407162e-06, 2.88106116386e-06, 2.44463217314e-06, 1.04373191334e-06, 6.44331180411e-07, 6.97173220487e-07, 3.963848485e-07, 1.92454081116e-07, 8.67729426091e-08, 9.8734936671e-08, 4.85181601562e-07, 1.14611771096e-06, 2.34501655427e-07, 4.29250199829e-08, 5.61645840946e-09, 1.94676254284e-11]
    },
    "erbbands": {
        "dmean": [0.481798112392, 1.93043613434, 2.66941547394, 4.46359491348, 6.7015080452, 10.0492753983, 11.7021913528, 10.043800354, 12.8147993088, 16.175945282, 21.0576839447, 12.4086170197, 9.08491611481, 10.210641861, 11.1841278076, 12.2794961929, 15.935956955, 15.0573978424, 22.0381469727, 15.9822826385, 11.7966947556, 15.8595657349, 9.44527435303, 5.80110502243, 5.83121299744, 3.10944724083, 2.20368504524, 4.75061511993, 8.06950187683, 10.7245416641, 9.70647907257, 5.14347410202, 1.87229764462, 0.91329485178, 0.487746298313, 0.157678380609, 0.0400381535292, 0.00453963503242, 0.000129184976686, 2.06906897802e-05],
        "dmean2": [0.716176569462, 2.93276190758, 4.5149474144, 8.32587718964, 11.9809207916, 16.9047641754, 19.1389770508, 15.8838939667, 19.3635921478, 25.6333332062, 31.9521961212, 17.7872180939, 13.1381921768, 15.1696481705, 15.7533311844, 17.9581871033, 22.6746501923, 22.4349403381, 35.6276779175, 25.2554283142, 18.2511005402, 25.4142131805, 14.4898529053, 8.79425239563, 8.73608016968, 4.76696252823, 3.52722191811, 7.77590799332, 13.8825387955, 19.0678024292, 17.1579189301, 8.78183746338, 3.10713100433, 1.49582600594, 0.760566532612, 0.253837823868, 0.0654651373625, 0.00749390339479, 0.000215960928472, 3.28248388541e-05],
        "dvar": [1.29112637043, 23.7850627899, 133.052215576, 553.347839355, 653.547912598, 754.663330078, 960.562683105, 1021.06829834, 907.286193848, 1842.6895752, 3913.39794922, 1808.09448242, 484.432556152, 1050.35668945, 2091.02856445, 1556.87890625, 2846.37475586, 1586.13647461, 3312.35498047, 2052.4543457, 1318.27575684, 1762.62145996, 1343.1595459, 484.178894043, 319.853973389, 81.7120361328, 62.5196762085, 261.955047607, 642.802246094, 1436.66833496, 1157.68969727, 327.187194824, 36.4251327515, 7.55249023438, 1.65684199333, 0.149676769972, 0.0252498611808, 0.000333125557518, 3.28591795551e-07, 1.32891941895e-09],
        "dvar2": [2.46049427986, 54.9940261841, 356.464111328, 1631.43762207, 1925.66784668, 1889.58349609, 2524.05981445, 2440.83251953, 2077.88769531, 4347.06347656, 8648.76171875, 3361.61181641, 1023.89105225, 2304.33886719, 4128.55566406, 3632.93481445, 5297.61181641, 3438.29663086, 8392.88085938, 4922.83886719, 2964.67651367, 3869.31054688, 3273.5078125, 950.828735352, 588.767883301, 180.555587769, 161.6328125, 718.989074707, 1843.4979248, 4078.64379883, 3254.88964844, 896.86340332, 95.6429519653, 18.8636436462, 3.91224622726, 0.360266149044, 0.0638773068786, 0.000850562180858, 8.65674508077e-07, 3.27650040433e-09],
        "max": [13.6118097305, 59.1346931458, 149.637588501, 264.43258667, 324.354492188, 519.557189941, 501.176208496, 511.318511963, 372.379241943, 570.228820801, 725.190063477, 1046.90844727, 306.829681396, 659.380859375, 1348.09973145, 760.469421387, 1175.26550293, 626.711242676, 699.184143066, 565.687988281, 493.965240479, 548.907287598, 582.38067627, 332.635131836, 257.543457031, 111.742897034, 147.520523071, 316.145996094, 339.824035645, 363.21887207, 334.684631348, 220.353973389, 89.7605209351, 42.1527709961, 15.952372551, 5.64604997635, 3.38064169884, 0.412148803473, 0.0136302253231, 0.000505256175529],
        "mean": [2.38904261589, 11.4811201096, 5.70084953308, 5.18295621872, 7.91161108017, 16.6151332855, 18.5524044037, 15.4109678268, 19.4246711731, 22.9297523499, 33.0817642212, 20.8430843353, 16.1186408997, 15.732293129, 17.0902099609, 19.297203064, 25.7593917847, 21.4803924561, 28.0243015289, 20.5645027161, 19.1289291382, 24.0664310455, 12.4227151871, 7.99848890305, 8.54863548279, 4.35721492767, 2.87164592743, 6.13992261887, 9.12223815918, 8.40115833282, 7.22677230835, 4.51320743561, 1.87037968636, 0.915470719337, 0.550046265125, 0.186832383275, 0.0429680347443, 0.0049512940459, 0.00017607533664, 9.91176057141e-05],
        "median": [1.61275362968, 13.8950719833, 3.02930474281, 1.18384242058, 3.09134531021, 5.20081996918, 3.60637307167, 3.32494974136, 3.70511436462, 4.39465999603, 3.31219935417, 2.15568327904, 3.80789136887, 3.57845902443, 1.73349547386, 1.97911858559, 2.30707359314, 3.48403286934, 4.84437274933, 3.29486632347, 2.95425891876, 4.14458990097, 2.39309382439, 1.64793789387, 1.27594161034, 0.72071737051, 0.478191316128, 0.699608445168, 0.899597764015, 0.458368480206, 0.476274818182, 0.479385584593, 0.289428800344, 0.120292060077, 0.0853280946612, 0.0258622132242, 0.00485649751499, 0.000622790888883, 6.4949519583e-05, 0.000120296288515],
        "min": [1.06011293629e-21, 8.69984220416e-21, 2.8735918438e-20, 5.73174125953e-20, 1.25529672737e-19, 4.00892928777e-19, 4.75431156052e-19, 9.46065078141e-20, 1.70637330805e-19, 3.74460191358e-19, 8.62453351631e-19, 1.71418882067e-18, 2.98811655057e-18, 4.86922928148e-18, 2.15139875235e-18, 4.99665190535e-18, 4.34537166364e-18, 4.36544899147e-18, 6.50216859667e-18, 7.15676086954e-18, 8.02152774195e-18, 1.2111853153e-17, 9.34819474995e-18, 8.78157106727e-18, 1.22487457541e-17, 1.37928843354e-17, 2.31780391695e-17, 1.53723757889e-17, 2.36780400712e-17, 1.61109620491e-17, 1.5215955935e-17, 1.6819319821e-17, 1.06950383474e-17, 1.35037201912e-17, 7.84872226736e-18, 5.91065174063e-18, 2.54837906513e-18, 1.17010632667e-18, 3.19413673887e-19, 3.34934509622e-20],
        "stdev": [2.43593454361, 10.309170723, 11.0814218521, 18.2354621887, 20.2329063416, 31.0584068298, 36.9837150574, 40.711605072, 39.4733772278, 54.8560180664, 80.7570266724, 62.9182128906, 35.3370513916, 42.4296875, 59.0471191406, 52.0037918091, 81.0744857788, 51.7245292664, 65.0191879272, 48.1443824768, 48.2713623047, 51.5221405029, 35.8886451721, 24.6165904999, 23.0789394379, 11.5785198212, 8.38604450226, 16.6154766083, 23.9253463745, 30.4022045135, 26.9993991852, 15.5263032913, 5.78472805023, 2.73954701424, 1.40670990944, 0.428118795156, 0.149682566524, 0.0174491517246, 0.000529320037458, 7.28130253265e-05],
        "var": [5.93377685547, 106.278999329, 122.797904968, 332.532104492, 409.370513916, 964.624633789, 1367.79528809, 1657.43481445, 1558.14758301, 3009.18286133, 6521.69677734, 3958.70141602, 1248.70715332, 1800.27844238, 3486.56225586, 2704.39453125, 6573.07275391, 2675.42675781, 4227.49462891, 2317.8815918, 2330.12451172, 2654.53100586, 1287.99475098, 605.9765625, 532.637451172, 134.06211853, 70.3257446289, 276.074066162, 572.422241211, 924.294067383, 728.967590332, 241.066101074, 33.4630813599, 7.50511789322, 1.9788326025, 0.183285713196, 0.022404871881, 0.000304472865537, 2.80179705214e-07, 5.30173638325e-09]
    },
    "gfcc": {
        "mean": [-47.6375732422, 111.656005859, -97.5375289917, 36.2641639709, -41.7930221558, 17.3813934326, -38.3896903992, 7.56446313858, -12.1926031113, 2.01240086555, -11.0262126923, -0.0595645308495, -3.12883162498],
        "cov": [[12301.7753906, -2668.82470703, 838.066101074, 940.380310059, -668.931274414, 1288.78808594, 167.580200195, 969.574768066, 604.251342773, 676.840393066, -241.708999634, 832.362976074, -661.075378418], [-2668.82470703, 2039.34655762, -340.985595703, -320.545562744, 696.139587402, -581.741516113, 212.077682495, -375.164245605, -22.7594013214, -223.795562744, 253.707336426, -306.552307129, 309.122253418], [838.066101074, -340.985595703, 1599.48071289, 610.03527832, 376.57434082, 638.887573242, 354.824920654, 334.96661377, 324.725189209, 209.03137207, 63.6799049377, 215.923706055, 24.7066192627], [940.380310059, -320.545562744, 610.03527832, 958.064697266, 338.905303955, 277.393859863, 208.460021973, 172.614715576, 354.766296387, 177.615386963, 52.8298187256, 127.700523376, 138.429718018], [-668.931274414, 696.139587402, 376.57434082, 338.905303955, 921.933349609, 35.423084259, 345.403106689, 82.4587631226, 256.215576172, 126.12311554, 189.33921814, -3.90531134605, 196.327331543], [1288.78808594, -581.741516113, 638.887573242, 277.393859863, 35.423084259, 659.965087891, 260.876556396, 290.654571533, 220.608261108, 191.597686768, 5.72227954865, 169.966491699, -53.227722168], [167.580200195, 212.077682495, 354.824920654, 208.460021973, 345.403106689, 260.876556396, 516.770507812, 183.439346313, 250.445648193, 133.686920166, 124.99433136, 92.9569168091, 86.9934234619], [969.574768066, -375.164245605, 334.96661377, 172.614715576, 82.4587631226, 290.654571533, 183.439346313, 381.202697754, 220.912689209, 183.546905518, 32.2464256287, 139.817581177, 0.128700852394], [604.251342773, -22.7594013214, 324.725189209, 354.766296387, 256.215576172, 220.608261108, 250.445648193, 220.912689209, 434.493988037, 201.405975342, 81.7210006714, 86.8678131104, 100.415412903], [676.840393066, -223.795562744, 209.03137207, 177.615386963, 126.12311554, 191.597686768, 133.686920166, 183.546905518, 201.405975342, 244.124557495, 57.9969024658, 99.4116287231, 11.0388317108], [-241.708999634, 253.707336426, 63.6799049377, 52.8298187256, 189.33921814, 5.72227954865, 124.99433136, 32.2464256287, 81.7210006714, 57.9969024658, 200.549880981, 26.0255146027, 92.1323318481], [832.362976074, -306.552307129, 215.923706055, 127.700523376, -3.90531134605, 169.966491699, 92.9569168091, 139.817581177, 86.8678131104, 99.4116287231, 26.0255146027, 220.003051758, -37.3205337524], [-661.075378418, 309.122253418, 24.7066192627, 138.429718018, 196.327331543, -53.227722168, 86.9934234619, 0.128700852394, 100.415412903, 11.0388317108, 92.1323318481, -37.3205337524, 259.252960205]],
        "icov": [[0.000179020178621, -0.000122777346405, 0.000117488860269, -0.000234390725382, 0.000157225338626, -0.000219867011765, 0.000138255869388, -0.000262338697212, -3.79954653908e-05, -0.000186589400982, 0.000134336485644, -0.000391168665374, 0.000424984114943], [-0.000122777346405, 0.0030331981834, -0.000444818579126, 0.0016715337988, -0.00173251563683, 0.00181748287287, -0.00159169174731, 0.0020374043379, -0.00137963867746, 0.00198565982282, -0.00169422337785, 0.00173430563882, -0.00126005650964], [0.000117488860269, -0.000444818579126, 0.00144546979573, -0.000774716318119, -0.000150366002345, -0.00141900090966, 0.000360299454769, -0.000640064652544, 0.000229794284678, 0.000108126085252, 0.000247852207394, -0.000766577315517, 0.00051579013234], [-0.000234390725382, 0.0016715337988, -0.000774716318119, 0.00304140709341, -0.00137475982774, 0.000936072261538, -0.000572083168663, 0.00179942254908, -0.00183188985102, 0.00103086500894, -0.000396932213334, 0.000555491598789, -0.00182988448068], [0.000157225338626, -0.00173251563683, -0.000150366002345, -0.00137475982774, 0.00317363301292, -0.00026496409555, -0.000162873519002, -0.00111204187851, 0.000607087218668, -0.00181226851419, 0.000157761474838, -0.000373863382265, 0.000544695882127], [-0.000219867011765, 0.00181748287287, -0.00141900090966, 0.000936072261538, -0.00026496409555, 0.00516275130212, -0.00233609089628, 0.000368956942111, -0.000720680342056, 0.000166010751855, -0.000586395559367, 0.0011845579138, -0.000397014373448], [0.000138255869388, -0.00159169174731, 0.000360299454769, -0.000572083168663, -0.000162873519002, -0.00233609089628, 0.00489091454074, -0.00145468814299, -0.000502225826494, -0.000308208458591, -0.000113235415483, -0.00166117376648, 0.000533564481884], [-0.000262338697212, 0.0020374043379, -0.000640064652544, 0.00179942254908, -0.00111204187851, 0.000368956942111, -0.00145468814299, 0.00727990828454, -0.00221309391782, -0.000522863585502, -0.000662904640194, 3.67147149518e-05, -0.00147536338773], [-3.79954653908e-05, -0.00137963867746, 0.000229794284678, -0.00183188985102, 0.000607087218668, -0.000720680342056, -0.000502225826494, -0.00221309391782, 0.00663345213979, -0.00346526200883, 0.00082575972192, -1.61552616191e-05, -0.000651231093798], [-0.000186589400982, 0.00198565982282, 0.000108126085252, 0.00103086500894, -0.00181226851419, 0.000166010751855, -0.000308208458591, -0.000522863585502, -0.00346526200883, 0.010438551195, -0.0026465265546, 2.6065397833e-05, -5.20022404089e-05], [0.000134336485644, -0.00169422337785, 0.000247852207394, -0.000396932213334, 0.000157761474838, -0.000586395559367, -0.000113235415483, -0.000662904640194, 0.00082575972192, -0.0026465265546, 0.00868082977831, -0.00233078608289, -0.00127818307374], [-0.000391168665374, 0.00173430563882, -0.000766577315517, 0.000555491598789, -0.000373863382265, 0.0011845579138, -0.00166117376648, 3.67147149518e-05, -1.61552616191e-05, 2.6065397833e-05, -0.00233078608289, 0.00888317916542, -9.29740344873e-05], [0.000424984114943, -0.00126005650964, 0.00051579013234, -0.00182988448068, 0.000544695882127, -0.000397014373448, 0.000533564481884, -0.00147536338773, -0.000651231093798, -5.20022404089e-05, -0.00127818307374, -9.29740344873e-05, 0.00739427329972]]
    },
    "melbands": {
        "dmean": [0.0034768038895, 0.00147707038559, 0.000817686493974, 0.000579126761295, 0.000425512844231, 0.00022400173475, 0.000199358255486, 0.000188589780009, 0.000168712314917, 7.38235539757e-05, 4.73961699754e-05, 4.4611915655e-05, 3.68359615095e-05, 4.11799373978e-05, 2.80974400084e-05, 4.02736477554e-05, 3.08186972688e-05, 4.3427971832e-05, 2.57681585936e-05, 1.65262244991e-05, 1.40596748679e-05, 1.8498969439e-05, 1.17490808407e-05, 5.86637179367e-06, 4.91697255711e-06, 4.72161582366e-06, 3.71242344954e-06, 1.7862578261e-06, 1.16333114875e-06, 2.06466938835e-06, 3.13961027132e-06, 4.31848229709e-06, 5.7423594626e-06, 6.69810742693e-06, 6.02386671744e-06, 4.83304620502e-06, 2.5234826353e-06, 1.38446296205e-06, 9.72686734713e-07, 7.30048213882e-07],
        "dmean2": [0.00517631741241, 0.00231150258332, 0.00149739242624, 0.0010008047102, 0.000698689778801, 0.000353221141268, 0.000301694992231, 0.000297990860417, 0.000248017691774, 0.000107512467366, 6.85623381287e-05, 6.52935195831e-05, 5.41587032785e-05, 5.88953516854e-05, 4.12451809098e-05, 5.84381232329e-05, 4.71859711979e-05, 7.09723317414e-05, 4.14554597228e-05, 2.58504896919e-05, 2.21373320528e-05, 2.97407877952e-05, 1.82313797268e-05, 9.08019774215e-06, 7.47708554627e-06, 7.06284436092e-06, 5.72570661461e-06, 2.81326151708e-06, 1.80566553354e-06, 3.4290160329e-06, 5.18615524925e-06, 7.39517963666e-06, 1.00617180578e-05, 1.20272816275e-05, 1.07105934148e-05, 8.53848541738e-06, 4.21080858359e-06, 2.30466457651e-06, 1.63208028425e-06, 1.20181266539e-06],
        "dvar": [6.80420271237e-05, 1.82999174285e-05, 1.59594328579e-05, 2.74643616649e-06, 1.27102555325e-06, 4.50857527312e-07, 2.15310564045e-07, 2.40552424202e-07, 2.2073270145e-07, 6.28438243666e-08, 1.32490551863e-08, 1.65605715807e-08, 2.54129179922e-08, 1.47754946056e-08, 9.62826973705e-09, 2.09302779552e-08, 7.34884020304e-09, 1.23303953714e-08, 5.29294519325e-09, 2.19941842516e-09, 1.93582683217e-09, 2.02477057343e-09, 1.8045051009e-09, 6.63769594844e-10, 3.55206641878e-10, 1.92856119963e-10, 1.68244571053e-10, 2.70933692148e-11, 1.40188763376e-11, 7.02160621313e-11, 1.06466967187e-10, 1.83598455883e-10, 4.94953578123e-10, 5.74520764296e-10, 4.35628422224e-10, 4.04372341167e-10, 6.21067780537e-11, 2.1063836439e-11, 9.44360215027e-12, 5.52182605196e-12],
        "dvar2": [0.000134798799991, 4.46204358013e-05, 4.69306687592e-05, 7.50174194764e-06, 3.32403601533e-06, 1.08723145331e-06, 4.7596887498e-07, 5.53608970222e-07, 4.693635276e-07, 1.14348367219e-07, 2.72260471945e-08, 3.59231648872e-08, 5.60689450424e-08, 3.1174323567e-08, 2.06437373862e-08, 3.91025558599e-08, 1.62617901367e-08, 3.12755403797e-08, 1.2645731573e-08, 5.15600806494e-09, 4.35627045547e-09, 4.50168569088e-09, 4.22798818178e-09, 1.63984414936e-09, 7.2838712839e-10, 3.51335543991e-10, 3.52862294939e-10, 6.11040315568e-11, 3.34596100826e-11, 1.93419905092e-10, 2.93204738266e-10, 5.23598275848e-10, 1.40490441503e-09, 1.63392976926e-09, 1.22005372472e-09, 1.14943998764e-09, 1.63594762737e-10, 5.53962015148e-11, 2.44711490655e-11, 1.40247145494e-11],
        "max": [0.0990445315838, 0.0563491880894, 0.0449238568544, 0.0188506301492, 0.0209934450686, 0.0102070663124, 0.00634619267657, 0.0050349989906, 0.00513075245544, 0.00607589958236, 0.0017180046998, 0.00242360495031, 0.00351822609082, 0.00199326337315, 0.00156032189261, 0.00306810904294, 0.00119629548863, 0.00112397829071, 0.000861352018546, 0.000587732181884, 0.000557441497222, 0.000512895989232, 0.000627471948974, 0.000434415444033, 0.000295897101751, 0.000299363629892, 0.000191611674381, 8.74718243722e-05, 6.35588439764e-05, 0.000140037343954, 0.000206724449527, 0.000247870339081, 0.000263169960817, 0.000226111398661, 0.000180619434104, 0.000238182707108, 9.65740182437e-05, 8.3751809143e-05, 5.50392978766e-05, 4.40400472144e-05],
        "mean": [0.0192667897791, 0.00673424545676, 0.000936536875088, 0.000857645471115, 0.000706064980477, 0.000342593004461, 0.00030702346703, 0.000268816656899, 0.000268466479611, 0.0001215430093, 8.22363144835e-05, 6.86819621478e-05, 4.98190711369e-05, 6.50777947158e-05, 4.04492384405e-05, 6.23907908448e-05, 3.9704147639e-05, 5.38311978744e-05, 2.9627346521e-05, 2.26569391089e-05, 2.11395363294e-05, 2.65047492576e-05, 1.58478051162e-05, 7.22000459064e-06, 6.25494612905e-06, 6.63266973788e-06, 5.20775211044e-06, 2.28661542678e-06, 1.47216064761e-06, 2.40161739384e-06, 3.99010878027e-06, 5.30984516445e-06, 4.88135128762e-06, 4.90464481118e-06, 4.40319490735e-06, 3.65742698705e-06, 2.37327276409e-06, 1.38666393923e-06, 9.19896024243e-07, 7.18842727565e-07],
        "median": [0.0208226814866, 0.00634603016078, 0.000243520829827, 0.00037059004535, 0.000166546931723, 7.07114959368e-05, 5.34854734724e-05, 2.81950869976e-05, 1.7634483811e-05, 8.3780296336e-06, 1.68510487129e-05, 1.5733507098e-05, 5.29296448804e-06, 5.29414501216e-06, 3.61634965884e-06, 4.98832696394e-06, 6.193714853e-06, 7.25942891222e-06, 5.0121007007e-06, 3.5947014112e-06, 2.94165170089e-06, 4.05659375247e-06, 2.30538262258e-06, 1.45590763623e-06, 1.06133779809e-06, 9.47780051774e-07, 6.14239354491e-07, 3.48836920239e-07, 2.37308157125e-07, 2.47280354415e-07, 4.18378959921e-07, 5.32945421128e-07, 2.80643860151e-07, 2.07555018505e-07, 2.41672097445e-07, 2.18033832766e-07, 2.33056411503e-07, 1.97636069288e-07, 1.19951380384e-07, 7.49655271193e-08],
        "min": [9.40362036499e-24, 1.3965982422e-23, 1.18619136829e-23, 1.82245044461e-23, 1.94226358553e-23, 2.0821253897e-24, 2.58559061891e-24, 4.5557514026e-24, 8.52104436195e-24, 1.18309753471e-23, 1.59017476869e-23, 2.08565246569e-23, 7.04220626598e-24, 9.13770324245e-24, 1.5887216869e-23, 6.8175584017e-24, 8.34538554874e-24, 1.10070393194e-23, 8.706702776e-24, 8.99158648128e-24, 1.0383783984e-23, 1.45931457743e-23, 6.73013999162e-24, 8.74827653456e-24, 6.47787213489e-24, 9.87769342573e-24, 6.32581998427e-24, 1.04936865076e-23, 1.55900434997e-23, 1.01411398359e-23, 8.18760074592e-24, 1.36410032835e-23, 1.20903181028e-23, 8.0050472884e-24, 9.26909985913e-24, 8.47098403777e-24, 1.04536005407e-23, 6.23359267812e-24, 9.81793563444e-24, 1.20190705525e-23],
        "stdev": [0.0177473854274, 0.00718564214185, 0.00309652811848, 0.00159095868003, 0.00133917259518, 0.000848462048452, 0.000660758116283, 0.00062153005274, 0.000679022574332, 0.000372673326638, 0.00019121223886, 0.000176289773663, 0.000184907112271, 0.000183668307727, 0.000133043184178, 0.000215157429921, 0.000107913969259, 0.000131331136799, 7.46765872464e-05, 5.43742062291e-05, 5.73215875193e-05, 5.67381030123e-05, 4.36902155343e-05, 2.43075464823e-05, 2.06481272471e-05, 1.8227225155e-05, 1.61259140441e-05, 6.61523154122e-06, 4.49717208539e-06, 7.92571336206e-06, 1.06106754174e-05, 1.38852774398e-05, 1.79438611667e-05, 1.89886832231e-05, 1.65812616615e-05, 1.57337017299e-05, 7.450096291e-06, 4.44736588179e-06, 2.874664915e-06, 2.28993121709e-06],
        "var": [0.000314969656756, 5.16334512213e-05, 9.58848613664e-06, 2.53114967563e-06, 1.79338314865e-06, 7.19887850664e-07, 4.36601311549e-07, 3.86299632282e-07, 4.61071664404e-07, 1.38885411616e-07, 3.65621204423e-08, 3.10780841062e-08, 3.41906378765e-08, 3.37340466672e-08, 1.77004881863e-08, 4.62927189915e-08, 1.16454250687e-08, 1.72478671345e-08, 5.57659296518e-09, 2.95655411264e-09, 3.28576454933e-09, 3.21921245217e-09, 1.90883508999e-09, 5.90856807925e-10, 4.26345153626e-10, 3.32231769873e-10, 2.60045124323e-10, 4.37612862614e-11, 2.02245581393e-11, 6.28169252725e-11, 1.12586426293e-10, 1.92800941878e-10, 3.21982135398e-10, 3.60570073799e-10, 2.74938238842e-10, 2.47549397647e-10, 5.55039347816e-11, 1.97790638035e-11, 8.2636978857e-12, 5.24378457323e-12]
    },
    "melbands128": {
