{
"lowlevel": {
    "average_loudness": 0.977598071098,
    "barkbands_crest": {
        "dmean": 2.84630084038,
        "dmean2": 4.14243841171,
        "dvar": 7.38221311569,
        "dvar2": 16.2282009125,
        "max": 25.5816345215,
        "mean": 12.8453779221,
        "median": 11.8195238113,
        "min": 3.39559674263,
        "stdev": 5.0030169487,
        "var": 25.0301799774
    },
    "barkbands_flatness_db": {
        "dmean": 0.0251149926335,
        "dmean2": 0.0345672369003,
        "dvar": 0.00060526659945,
        "dvar2": 0.0011019334197,
        "max": 0.423651427031,
        "mean": 0.194576829672,
        "median": 0.190771073103,
        "min": 0.0610105767846,
        "stdev": 0.061527594924,
        "var": 0.00378564512357
    },
    "barkbands_kurtosis": {
        "dmean": 8.34864234924,
        "dmean2": 12.4214324951,
        "dvar": 545.986938477,
        "dvar2": 1227.00683594,
        "max": 357.863189697,
        "mean": 13.2856817245,
        "median": 4.83493518829,
        "min": -1.85394215584,
        "stdev": 31.8571109772,
        "var": 1014.87548828
    },
    "barkbands_skewness": {
        "dmean": 0.800814628601,
        "dmean2": 1.14493834972,
        "dvar": 1.16700696945,
        "dvar2": 2.27107191086,
        "max": 14.5618724823,
        "mean": 2.269551754,
        "median": 1.82585644722,
        "min": -2.30631518364,
        "stdev": 1.94320607185,
        "var": 3.77604961395
    },
    "barkbands_spread": {
        "dmean": 4.39594125748,
        "dmean2": 6.04275655746,
        "dvar": 50.7737045288,
        "dvar2": 87.9552383423,
        "max": 72.885887146,
        "mean": 12.7552070618,
        "median": 9.44352436066,
        "min": 0.400449484587,
        "stdev": 11.647687912,
        "var": 135.668640137
    },
    "dissonance": {
        "dmean": 0.0295362472534,
        "dmean2": 0.0489093251526,
        "dvar": 0.000706441933289,
        "dvar2": 0.00183937163092,
        "max": 0.500000119209,
        "mean": 0.428080111742,
        "median": 0.432377398014,
        "min": 0.255323827267,
        "stdev": 0.0403787828982,
        "var": 0.0016304460587
    },
    "dynamic_complexity": 2.69495677948,
    "erbbands_crest": {
        "dmean": 3.11638665199,
        "dmean2": 4.6578040123,
        "dvar": 9.20578670502,
        "dvar2": 18.6215877533,
        "max": 30.638086319,
        "mean": 12.3620939255,
        "median": 10.8618106842,
        "min": 2.54763245583,
        "stdev": 5.63584470749,
        "var": 31.7627468109
    },
    "erbbands_flatness_db": {
        "dmean": 0.0209302380681,
        "dmean2": 0.0252810511738,
        "dvar": 0.000337634352036,
        "dvar2": 0.000514771614689,
        "max": 0.346776008606,
        "mean": 0.205021545291,
        "median": 0.207899987698,
        "min": 0.083603285253,
        "stdev": 0.0468620732427,
        "var": 0.0021960537415
    },
    "erbbands_kurtosis": {
        "dmean": 2.08633232117,
        "dmean2": 3.11096906662,
        "dvar": 12.2334089279,
        "dvar2": 25.1813259125,
        "max": 40.8096466064,
        "mean": 2.78712797165,
        "median": 1.02622699738,
        "min": -1.90570771694,
        "stdev": 5.53888225555,
        "var": 30.6792182922
    },
    "erbbands_skewness": {
        "dmean": 0.490845233202,
        "dmean2": 0.701743066311,
        "dvar": 0.286839812994,
        "dvar2": 0.5638859272,
        "max": 5.93003225327,
        "mean": 1.11844563484,
        "median": 0.963124275208,
        "min": -2.64214873314,
        "stdev": 1.04196035862,
        "var": 1.08568131924
    },
    "erbbands_spread": {
        "dmean": 8.38494968414,
        "dmean2": 11.2962598801,
        "dvar": 132.139892578,
        "dvar2": 223.084411621,
        "max": 162.004501343,
        "mean": 30.6839618683,
        "median": 23.6028003693,
        "min": 3.22167563438,
        "stdev": 21.3628864288,
        "var": 456.372955322
    },
    "hfc": {
        "dmean": 8.87691879272,
        "dmean2": 12.2998981476,
        "dvar": 420.448730469,
        "dvar2": 927.626342773,
        "max": 179.385543823,
        "mean": 18.0449867249,
        "median": 11.2620782852,
        "min": 1.12616140537e-16,
        "stdev": 24.1530017853,
        "var": 583.367492676
    },
    "loudness_ebu128": {
        "integrated": -11.7097415924,
        "loudness_range": 1.54001522064,
        "momentary": {
            "dmean": 1.05071520805,
            "dmean2": 1.41105008125,
            "dvar": 1.28329241276,
            "dvar2": 2.15868544579,
            "max": -8.43131637573,
            "mean": -12.139090538,
            "median": -11.9235467911,
            "min": -18.8920936584,
            "stdev": 2.05124497414,
            "var": 4.20760583878
        },
        "short_term": {
            "dmean": 0.105297707021,
            "dmean2": 0.142834991217,
            "dvar": 0.0123025467619,
            "dvar2": 0.032039873302,
            "max": -10.5722208023,
            "mean": -11.7336864471,
            "median": -11.689450264,
            "min": -13.042093277,
            "stdev": 0.50162422657,
            "var": 0.251626849174
        }
    },
    "melbands_crest": {
        "dmean": 3.40983009338,
        "dmean2": 5.03885889053,
        "dvar": 9.07371139526,
        "dvar2": 18.9022846222,
        "max": 38.0709991455,
        "mean": 16.8677692413,
        "median": 15.6962003708,
        "min": 1.99211204052,
        "stdev": 6.43949556351,
        "var": 41.4671058655
    },
    "melbands_flatness_db": {
        "dmean": 0.0302617922425,
        "dmean2": 0.0404565855861,
        "dvar": 0.000968651438598,
        "dvar2": 0.00172279216349,
        "max": 0.562322556973,
        "mean": 0.255212187767,
        "median": 0.249324664474,
        "min": 0.00719720870256,
        "stdev": 0.0839620679617,
        "var": 0.00704962853342
    },
    "melbands_kurtosis": {
        "dmean": 13.8412513733,
        "dmean2": 20.2215595245,
        "dvar": 1768.41931152,
        "dvar2": 3480.15380859,
        "max": 844.966247559,
        "mean": 23.6701431274,
        "median": 9.69343948364,
        "min": -1.75019991398,
        "stdev": 62.4472732544,
        "var": 3899.66210938
    },
    "melbands_skewness": {
        "dmean": 0.90859156847,
        "dmean2": 1.26772987843,
        "dvar": 1.55447137356,
        "dvar2": 2.67098140717,
        "max": 23.2046585083,
        "mean": 2.87217640877,
        "median": 2.35896587372,
        "min": -0.61518985033,
        "stdev": 2.35774922371,
        "var": 5.55898141861
    },
    "melbands_spread": {
        "dmean": 5.52513599396,
        "dmean2": 8.31021881104,
        "dvar": 136.974197388,
        "dvar2": 267.0987854,
        "max": 162.190948486,
        "mean": 14.5208740234,
        "median": 10.5465593338,
        "min": 0.429428368807,
        "stdev": 15.9090194702,
        "var": 253.096908569
    },
    "pitch_salience": {
        "dmean": 0.0795594230294,
        "dmean2": 0.123485587537,
        "dvar": 0.00642464403063,
        "dvar2": 0.0151099078357,
        "max": 0.828015267849,
        "mean": 0.516175329685,
        "median": 0.533008635044,
        "min": 0.11501583457,
        "stdev": 0.138710871339,
        "var": 0.0192407052964
    },
    "silence_rate_20dB": {
        "dmean": 0.0201238393784,
        "dmean2": 0.0402788519859,
        "dvar": 0.0197186823934,
        "dvar2": 0.0448527820408,
        "max": 1,
        "mean": 0.982985317707,
        "median": 1,
        "min": 0,
        "stdev": 0.129326984286,
        "var": 0.0167254693806
    },
    "silence_rate_30dB": {
        "dmean": 0.0464396290481,
        "dmean2": 0.0929512009025,
        "dvar": 0.0442825108767,
        "dvar2": 0.104449085891,
        "max": 1,
        "mean": 0.927300870419,
        "median": 1,
        "min": 0,
        "stdev": 0.259641617537,
        "var": 0.0674137696624
    },
    "silence_rate_60dB": {
        "dmean": 0.0386996902525,
        "dmean2": 0.0759101435542,
        "dvar": 0.0372020937502,
        "dvar2": 0.0840902477503,
        "max": 1,
        "mean": 0.0518174804747,
        "median": 0,
        "min": 0,
        "stdev": 0.221659123898,
        "var": 0.0491327643394
    },
    "spectral_centroid": {
        "dmean": 224.731933594,
        "dmean2": 318.85647583,
        "dvar": 185350.15625,
        "dvar2": 301740.0625,
        "max": 11638.4716797,
        "mean": 947.342590332,
        "median": 800.304443359,
        "min": 169.03213501,
        "stdev": 641.862854004,
        "var": 411987.9375
    },
    "spectral_complexity": {
        "dmean": 3.06656336784,
        "dmean2": 4.33307504654,
        "dvar": 23.9321746826,
        "dvar2": 33.6861534119,
        "max": 58,
        "mean": 12.6450119019,
        "median": 11,
        "min": 0,
        "stdev": 8.68820381165,
        "var": 75.4848861694
    },
    "spectral_decrease": {
        "dmean": 4.488753369e-09,
        "dmean2": 6.06367889233e-09,
        "dvar": 1.35302779828e-16,
        "dvar2": 2.50300432905e-16,
        "max": 8.81279061015e-29,
        "mean": -9.27376930804e-09,
        "median": -4.72989380995e-09,
        "min": -1.22900019051e-07,
        "stdev": 1.69892118151e-08,
        "var": 2.8863333245e-16
    },
    "spectral_energy": {
        "dmean": 0.0176676996052,
        "dmean2": 0.0238825529814,
        "dvar": 0.00199595396407,
        "dvar2": 0.00371567090042,
        "max": 0.467255115509,
        "mean": 0.0366380400956,
        "median": 0.0191306434572,
        "min": 9.88200527633e-21,
        "stdev": 0.0649159550667,
        "var": 0.00421408144757
    },
    "spectral_energyband_high": {
        "dmean": 0.000616994220763,
        "dmean2": 0.000871885102242,
        "dvar": 3.42993712366e-06,
        "dvar2": 7.51752895667e-06,
        "max": 0.0145694380626,
        "mean": 0.000785579439253,
        "median": 0.000166744270246,
        "min": 7.35024775938e-21,
        "stdev": 0.00205742986873,
        "var": 4.23301798946e-06
    },
    "spectral_energyband_low": {
        "dmean": 0.0107766389847,
        "dmean2": 0.0145789114758,
        "dvar": 0.0017470427556,
        "dvar2": 0.00317802629434,
        "max": 0.444186687469,
        "mean": 0.0165768321604,
        "median": 0.000300608109683,
        "min": 8.94087692457e-23,
        "stdev": 0.0612853802741,
        "var": 0.00375589798205
    },
    "spectral_energyband_middle_high": {
        "dmean": 0.00176222273149,
        "dmean2": 0.00252981693484,
        "dvar": 2.32408619922e-05,
        "dvar2": 5.39740540262e-05,
        "max": 0.0448689088225,
        "mean": 0.00344114983454,
        "median": 0.00152357527986,
        "min": 1.31788703267e-21,
        "stdev": 0.00568658439443,
        "var": 3.23372405546e-05
    },
    "spectral_energyband_middle_low": {
        "dmean": 0.00676001282409,
        "dmean2": 0.0100328559056,
        "dvar": 0.000195321888896,
        "dvar2": 0.000473395659355,
        "max": 0.129737466574,
        "mean": 0.0164422169328,
        "median": 0.0132925724611,
        "min": 2.95330489279e-22,
        "stdev": 0.0162692610174,
        "var": 0.000264688860625
    },
    "spectral_entropy": {
        "dmean": 0.238550826907,
        "dmean2": 0.323464542627,
        "dvar": 0.0632834658027,
        "dvar2": 0.105475082994,
        "max": 9.80394268036,
        "mean": 6.99733066559,
        "median": 6.89204978943,
        "min": 5.34079647064,
        "stdev": 0.56009632349,
        "var": 0.313707917929
    },
    "spectral_flux": {
        "dmean": 0.0399683564901,
        "dmean2": 0.0599633045495,
        "dvar": 0.00331195257604,
        "dvar2": 0.00730304280296,
        "max": 0.582290410995,
        "mean": 0.0880623459816,
        "median": 0.0657330825925,
        "min": 9.94082732797e-11,
        "stdev": 0.0800459459424,
        "var": 0.00640735402703
    },
    "spectral_kurtosis": {
        "dmean": 2.44369673729,
        "dmean2": 3.93074846268,
        "dvar": 7.49683380127,
        "dvar2": 19.3049850464,
        "max": 33.485496521,
        "mean": 6.36806583405,
        "median": 5.53677654266,
        "min": -1.19526803493,
        "stdev": 4.63327455521,
        "var": 21.4672336578
    },
    "spectral_rms": {
        "dmean": 0.00112740893383,
        "dmean2": 0.00144632020965,
        "dvar": 3.39136909133e-06,
        "dvar2": 5.80008145334e-06,
        "max": 0.0213508456945,
        "mean": 0.00498909410089,
        "median": 0.00432019028813,
        "min": 3.10499282535e-12,
        "stdev": 0.00329444697127,
        "var": 1.08533813545e-05
    },
    "spectral_rolloff": {
        "dmean": 439.597290039,
        "dmean2": 720.320678711,
        "dvar": 1058964.25,
        "dvar2": 1938718.75,
        "max": 18863.0859375,
        "mean": 1110.79760742,
        "median": 667.529296875,
        "min": 43.06640625,
        "stdev": 1334.98583984,
        "var": 1782187.25
    },
    "spectral_skewness": {
        "dmean": 0.321082890034,
        "dmean2": 0.482719451189,
        "dvar": 0.0965394154191,
        "dvar2": 0.201091855764,
        "max": 4.58114719391,
        "mean": 1.84022378922,
        "median": 1.82038712502,
        "min": -0.0613463334739,
        "stdev": 0.713161945343,
        "var": 0.508599936962
    },
    "spectral_spread": {
        "dmean": 588489.1875,
        "dmean2": 753121.625,
        "dvar": 1.56496874701e+12,
        "dvar2": 1.67964914483e+12,
        "max": 40570092,
        "mean": 4214952,
        "median": 3847821.5,
        "min": 1467970,
        "stdev": 1791428.5,
        "var": 3.20921613107e+12
    },
    "spectral_strongpeak": {
        "dmean": 0.465721011162,
        "dmean2": 0.717009305954,
        "dvar": 0.351427137852,
        "dvar2": 0.71511721611,
        "max": 7.49829292297,
        "mean": 1.27119290829,
        "median": 0.999003946781,
        "min": 0,
        "stdev": 1.08477020264,
        "var": 1.17672634125
    },
    "zerocrossingrate": {
        "dmean": 0.0104353111237,
        "dmean2": 0.0114804720506,
        "dvar": 0.00037689646706,
        "dvar2": 0.00043581268983,
        "max": 0.51318359375,
        "mean": 0.0435166992247,
        "median": 0.0361328125,
        "min": 0.00341796875,
        "stdev": 0.033646915108,
        "var": 0.0011321149068
    },
    "barkbands": {
        "dmean": [0.000919220969081, 0.0092540923506, 0.00187666586135, 0.00172043661587, 0.00222768937238, 0.00222029350698, 0.00103251321707, 0.000473888561828, 0.00128705520183, 0.000357207638444, 0.000230426783673, 0.000287243485218, 0.000342036073562, 0.000279045343632, 0.000311249343213, 0.000291781470878, 0.000133754932904, 0.00012607339886, 0.000117531177239, 0.000122818557429, 0.000208961355384, 0.000168629179825, 0.00011423361866, 7.49751416151e-05, 3.47105669789e-05, 9.48634897213e-06, 7.33148397103e-07],
        "dmean2": [0.00100581895094, 0.0127081526443, 0.00323691614904, 0.00274820369668, 0.00354733341374, 0.00330674485303, 0.00137499347329, 0.000716175069101, 0.00172694365028, 0.000494040432386, 0.000357532029739, 0.000399422307964, 0.000529067940079, 0.000439299677964, 0.000485077180201, 0.000468615093268, 0.000209134508623, 0.000186133838724, 0.000176376037416, 0.000189043406863, 0.000314563774737, 0.000274823280051, 0.00016981663066, 0.000114513262815, 4.78207039123e-05, 1.43785036926e-05, 1.24590587802e-06],
        "dvar": [1.11800745799e-05, 0.00180046237074, 2.79429932561e-05, 3.47172608599e-05, 4.18740055466e-05, 1.15283883133e-05, 3.73372017748e-06, 1.45062028878e-06, 1.22172741612e-05, 1.08737879145e-06, 2.89341528514e-07, 6.81444646489e-07, 9.48887588947e-07, 4.04416340416e-07, 7.41915641811e-07, 1.41351767979e-06, 2.50833153359e-07, 1.46542390667e-07, 6.62188881506e-08, 8.283016939e-08, 4.00088225661e-07, 3.47848384763e-07, 1.28377237729e-07, 5.56403918495e-08, 9.51155687545e-09, 7.89093013154e-10, 5.23212072626e-12],
        "dvar2": [1.37391834869e-05, 0.00341084087268, 8.10510246083e-05, 7.99853878561e-05, 0.000109218992293, 2.17520373553e-05, 6.04466822551e-06, 3.53814243681e-06, 2.07414523175e-05, 1.55318127781e-06, 6.98384610587e-07, 1.17880506423e-06, 2.07662219509e-06, 9.66733409768e-07, 1.77457798145e-06, 3.57276553586e-06, 6.29667681551e-07, 3.16507225762e-07, 1.24761058373e-07, 1.99323793026e-07, 9.45319015955e-07, 8.89737350462e-07, 2.8452129186e-07, 1.12726979751e-07, 1.67657852046e-08, 1.61401347842e-09, 1.38389603596e-11],
        "max": [0.0426209792495, 0.426999807358, 0.0441744551063, 0.0564168989658, 0.0600412860513, 0.0539832040668, 0.0419634394348, 0.0182133242488, 0.0792961120605, 0.0315600596368, 0.005308247637, 0.0168399456888, 0.0166406501085, 0.00929287169129, 0.00921734981239, 0.0127629041672, 0.00448499061167, 0.00473434245214, 0.00257662311196, 0.00248040654697, 0.00578534416854, 0.004541315604, 0.00295909680426, 0.00185361632612, 0.000772306579165, 0.000278997235, 2.36283121922e-05],
        "mean": [0.00175714492798, 0.0127637730911, 0.0015593158314, 0.00180370477028, 0.00306166661903, 0.0053313546814, 0.00234414287843, 0.000720332376659, 0.0028856836725, 0.000652370334137, 0.000326933979522, 0.000515946536325, 0.000493504165206, 0.000387398147723, 0.000375639850972, 0.000284844398266, 0.000141738870298, 0.000168946236954, 0.000199552319827, 0.000182558316737, 0.000235321494984, 0.00016911989951, 0.000135251495522, 8.45408721943e-05, 4.43838835054e-05, 1.22145329442e-05, 7.08611310074e-07],
        "median": [3.16142518386e-06, 8.0416444689e-05, 2.95519312203e-05, 0.000162490643561, 0.000842422887217, 0.00289774499834, 0.00102503958624, 0.00022233085474, 0.000738723378163, 8.62149317982e-05, 6.85612758389e-05, 6.61799203954e-05, 7.56636509323e-05, 7.22230615793e-05, 6.30510403425e-05, 2.95865902444e-05, 1.58867060236e-05, 2.74114754575e-05, 6.21690414846e-05, 4.64058502985e-05, 3.99321907025e-05, 9.53418293648e-06, 1.38331179187e-05, 7.87104090705e-06, 5.84587178309e-06, 2.4689879865e-06, 1.46445557903e-07],
        "min": [1.41623377899e-23, 6.38851620355e-23, 1.21359339847e-23, 1.03749463753e-23, 8.90895409032e-24, 3.59809240747e-23, 5.66985508365e-23, 7.3544707022e-23, 9.59585929893e-23, 7.87093919902e-23, 8.58848013643e-23, 7.3395997275e-23, 6.4541418578e-23, 7.81144267846e-23, 2.54547137785e-22, 8.8689618401e-23, 1.56947322838e-22, 1.20253262194e-22, 1.5937881934e-22, 2.6807396923e-22, 2.54531158619e-22, 4.9412368983e-22, 5.71117120025e-22, 7.67750684475e-22, 1.24151974347e-21, 1.63080566177e-21, 2.42250161949e-21],
        "stdev": [0.00673908600584, 0.0557174310088, 0.00481119891629, 0.00603249436244, 0.00619631120935, 0.0068015800789, 0.00400536088273, 0.00143521849532, 0.00664203055203, 0.00188679655548, 0.000732806394808, 0.00134712667204, 0.00138201774098, 0.000834571197629, 0.000917814613786, 0.00107874942478, 0.000479717506096, 0.000443481869297, 0.000349992333213, 0.000353524665115, 0.000641282706056, 0.000560049316846, 0.000399365206249, 0.000262568937615, 0.000120213175251, 3.05488865706e-05, 1.97657118406e-06],
        "var": [4.5415283239e-05, 0.00310443225317, 2.31476333283e-05, 3.63909857697e-05, 3.83942751796e-05, 4.62614916614e-05, 1.60429171956e-05, 2.05985224966e-06, 4.41165720986e-05, 3.56000145985e-06, 5.37005234946e-07, 1.81475024874e-06, 1.90997297977e-06, 6.96509118825e-07, 8.42383713007e-07, 1.16370040359e-06, 2.30128890166e-07, 1.96676168684e-07, 1.22494640209e-07, 1.24979692373e-07, 4.11243519238e-07, 3.13655249329e-07, 1.59492572038e-07, 6.89424481948e-08, 1.44512082301e-08, 9.33234378664e-10, 3.90683362397e-12]
    },
    "erbbands": {
        "dmean": [0.30362457037, 2.19378352165, 2.41329836845, 3.7847507, 7.92284393311, 7.50757884979, 8.95397853851, 22.1395778656, 14.8344268799, 17.5548152924, 13.1020050049, 28.0166015625, 17.1797428131, 9.63958072662, 8.91691017151, 12.1967954636, 15.1450014114, 12.9392957687, 14.8352298737, 12.7808828354, 17.8827991486, 8.61064910889, 6.25023937225, 5.59094762802, 5.64794301987, 6.00338125229, 8.8787946701, 6.13245296478, 6.30594539642, 4.21876859665, 3.56535220146, 1.73094832897, 1.18179392815, 0.490678399801, 0.207621410489, 0.0634847804904, 0.0148058924824, 0.00242100656033, 7.48395905248e-05, 2.22497619689e-05],
        "dmean2": [0.346506774426, 3.24655628204, 4.15080451965, 6.62017631531, 12.6695203781, 12.3544607162, 12.9599132538, 33.8416061401, 21.2700977325, 21.8849220276, 19.2349720001, 36.957485199, 22.9404811859, 14.6369457245, 12.7946720123, 16.0154972076, 23.2004947662, 19.5534667969, 23.4983158112, 19.8754425049, 29.2442150116, 13.2239208221, 8.9301776886, 8.23951148987, 8.58404445648, 9.23595142365, 13.373790741, 9.13422489166, 10.2842025757, 6.03622150421, 5.29001235962, 2.64390325546, 1.72702658176, 0.660769820213, 0.306083351374, 0.0978793874383, 0.0222598053515, 0.00372321368195, 0.000115295733849, 3.02352327708e-05],
        "dvar": [1.40575516224, 113.077606201, 78.2844314575, 107.587898254, 850.832458496, 419.493133545, 193.229370117, 1450.06799316, 819.491577148, 1255.27319336, 1044.28100586, 6380.07324219, 2662.5637207, 643.960632324, 276.95425415, 1318.64294434, 1918.85327148, 1014.66265869, 1656.6126709, 1458.21594238, 5973.70068359, 1183.25598145, 408.429504395, 148.684768677, 203.059860229, 250.414840698, 688.22088623, 339.233947754, 473.741241455, 191.345977783, 142.728271484, 29.3294906616, 13.7856216431, 1.97569048405, 0.434407860041, 0.0415728352964, 0.00175834086258, 4.91637183586e-05, 3.73822359734e-08, 2.59309018702e-09],
        "dvar2": [1.73306334019, 240.9402771, 209.848052979, 278.329772949, 2044.9699707, 1144.48876953, 390.40927124, 2832.32714844, 1590.06079102, 1912.32788086, 2482.00512695, 10746.0449219, 4090.22460938, 1557.15966797, 626.050109863, 2224.86474609, 4011.09765625, 2200.84057617, 4191.59667969, 3224.77856445, 15968.4970703, 2865.93505859, 788.65032959, 290.581604004, 434.575286865, 622.047546387, 1654.29101562, 776.880493164, 1222.58886719, 436.391326904, 336.327301025, 59.0670433044, 28.9183349609, 3.49755263329, 0.806847214699, 0.0786434412003, 0.00405816314742, 0.000114977163321, 8.77912000874e-08, 4.85500928349e-09],
        "max": [14.4642944336, 101.81477356, 87.0695266724, 82.6141204834, 267.559753418, 206.342422485, 183.533966064, 547.992004395, 601.679321289, 665.566894531, 481.875976562, 1991.68884277, 1540.38134766, 497.690246582, 240.500793457, 859.168212891, 812.028747559, 504.606842041, 371.332214355, 437.36328125, 779.389526367, 305.588226318, 246.846679688, 131.76222229, 139.500595093, 157.821472168, 260.488677979, 145.754745483, 165.981231689, 113.747344971, 103.747146606, 44.6644020081, 30.8991794586, 13.6610136032, 5.77856063843, 1.95756113529, 0.392288833857, 0.0756073892117, 0.00198664027266, 0.000511977123097],
        "mean": [0.513514995575, 2.26574206352, 2.23726892471, 3.83249759674, 8.3921585083, 10.6442241669, 20.5117225647, 49.874584198, 32.020275116, 38.9337768555, 23.4641094208, 63.7549972534, 38.2204856873, 17.3222904205, 17.0906734467, 21.0677127838, 23.2203941345, 20.2004489899, 18.7717857361, 16.4671192169, 16.6975975037, 8.97465515137, 8.82822799683, 9.79007911682, 9.41895103455, 8.88209819794, 11.3562660217, 7.00593852997, 6.26910257339, 4.81226444244, 3.93451213837, 2.00687146187, 1.30259180069, 0.614553689957, 0.261203914881, 0.0811210349202, 0.0181571114808, 0.00284157507122, 9.87074381555e-05, 4.51996274933e-05],
        "median": [0.000912272429559, 0.0238801520318, 0.0647045820951, 0.346031010151, 1.18010354042, 2.61713886261, 10.3801450729, 18.8711509705, 12.755771637, 15.06843853, 8.40229511261, 17.1790122986, 8.73748874664, 4.11078119278, 5.12208557129, 3.87470984459, 4.10708379745, 4.23913288116, 4.00437116623, 2.82286000252, 1.67457926273, 0.952785789967, 1.42938196659, 2.84571671486, 2.6473069191, 2.18126058578, 2.79635667801, 0.916619598866, 0.360504359007, 0.362080425024, 0.389753371477, 0.256449788809, 0.0725903958082, 0.0456727445126, 0.0460721664131, 0.014750062488, 0.0039169951342, 0.000743946875446, 3.47023888025e-05, 2.38792908931e-05],
        "min": [1.7368353327e-21, 1.43922834989e-20, 1.98288392176e-20, 2.09119853777e-20, 2.58915351171e-20, 3.67757876434e-20, 1.94522597507e-19, 3.12103801266e-19, 6.66582307554e-19, 1.2108166409e-18, 1.53255277945e-18, 2.66128177412e-18, 1.71828295111e-18, 4.53930498544e-18, 2.153990516e-18, 3.3393014563e-18, 3.36975762607e-18, 2.88842060724e-18, 9.84916262587e-18, 1.12001429536e-17, 5.27716953058e-18, 9.23530279431e-18, 8.27558055067e-18, 9.30301249053e-18, 7.03796946178e-18, 1.23623416404e-17, 1.06632506237e-17, 1.25721196068e-17, 1.29511213558e-17, 1.80227848942e-17, 1.78708996445e-17, 1.80789074444e-17, 1.04028161165e-17, 1.20086648531e-17, 9.86559374156e-18, 5.14782784769e-18, 3.34941208493e-18, 1.39332773581e-18, 2.94462830535e-19, 3.69918821161e-20],
        "stdev": [2.05672430992, 11.5380859375, 8.24877548218, 10.3829565048, 27.3940811157, 20.7736434937, 25.802942276, 73.6484069824, 54.1319618225, 66.4440765381, 46.2873725891, 158.256652832, 109.408576965, 40.9544715881, 29.6648845673, 57.0256080627, 65.9466247559, 44.9531555176, 41.4466629028, 42.162109375, 66.2374038696, 33.1055412292, 24.3711700439, 17.058675766, 18.1583919525, 17.7372913361, 27.1408939362, 19.6938037872, 20.5702381134, 14.9287824631, 12.3675022125, 6.03083515167, 4.11530447006, 1.78429269791, 0.750398039818, 0.22486628592, 0.0433997511864, 0.00703613972291, 0.000196966022486, 7.30906322133e-05],
        "var": [4.23011445999, 133.127426147, 68.0422897339, 107.805778503, 750.43572998, 431.544281006, 665.791870117, 5424.08837891, 2930.26928711, 4414.81494141, 2142.52099609, 25045.1660156, 11970.2373047, 1677.26879883, 880.005432129, 3251.91992188, 4348.95703125, 2020.78613281, 1717.82592773, 1777.64343262, 4387.39355469, 1095.97680664, 593.953918457, 290.998443604, 329.727172852, 314.61151123, 736.628112793, 387.84588623, 423.13470459, 222.868545532, 152.955108643, 36.3709716797, 16.9357318878, 3.1837003231, 0.563097178936, 0.0505648478866, 0.00188353832345, 4.95072636113e-05, 3.87956156089e-08, 5.3422408719e-09]
    },
    "gfcc": {
        "mean": [-41.5020675659, 98.0984954834, -118.766746521, 12.107006073, -80.240524292, -7.78482103348, -41.7018089294, 0.0811276361346, -27.3541431427, 8.49495601654, -11.7843284607, -3.64466071129, -9.28487205505],
        "cov": [[5553.94091797, -1349.21020508, -641.487792969, 383.246185303, -119.536186218, 355.164855957, -183.258270264, 138.380325317, -108.972679138, 102.13394928, -126.343231201, 108.575836182, 8.83034610748], [-1349.21020508, 1579.42504883, 466.637481689, -184.58454895, 487.384094238, 13.9239358902, 326.532928467, 26.6510066986, 52.4752426147, -94.0917282104, 110.729270935, -206.148269653, -35.5296211243], [-641.487792969, 466.637481689, 1402.99169922, 500.584594727, 328.363037109, 260.630615234, 174.33996582, 157.696929932, 163.008255005, -3.54118871689, -2.95808386803, 0.726992368698, -46.3408355713], [383.246185303, -184.58454895, 500.584594727, 683.078308105, 113.723976135, 119.231620789, -31.840221405, 126.917427063, 179.049484253, -34.2973213196, -64.8132400513, 49.8571395874, 4.87153673172], [-119.536186218, 487.384094238, 328.363037109, 113.723976135, 456.173126221, 131.057357788, 195.931808472, 125.600883484, 59.01039505, 12.46205616, 43.0307159424, -35.8534660339, 7.35774374008], [355.164855957, 13.9239358902, 260.630615234, 119.231620789, 131.057357788, 336.427062988, 151.162750244, 20.0758476257, -9.3308391571, 26.1507740021, 1.77121698856, -48.4951515198, -43.5297851562], [-183.258270264, 326.532928467, 174.33996582, -31.840221405, 195.931808472, 151.162750244, 285.203186035, 68.9224700928, 24.9418315887, 53.8292121887, 67.8461914062, -38.7459259033, -15.3252000809], [138.380325317, 26.6510066986, 157.696929932, 126.917427063, 125.600883484, 20.0758476257, 68.9224700928, 233.696746826, 131.832214355, 43.2548332214, -0.584667205811, 34.6602363586, 32.1187133789], [-108.972679138, 52.4752426147, 163.008255005, 179.049484253, 59.01039505, -9.3308391571, 24.9418315887, 131.832214355, 230.305938721, 45.2055091858, -19.0486927032, 25.0130977631, 22.7896003723], [102.13394928, -94.0917282104, -3.54118871689, -34.2973213196, 12.46205616, 26.1507740021, 53.8292121887, 43.2548332214, 45.2055091858, 153.930007935, 56.97215271, 48.1995811462, 27.8784503937], [-126.343231201, 110.729270935, -2.95808386803, -64.8132400513, 43.0307159424, 1.77121698856, 67.8461914062, -0.584667205811, -19.0486927032, 56.97215271, 147.069519043, 28.7273426056, 10.8136444092], [108.575836182, -206.148269653, 0.726992368698, 49.8571395874, -35.8534660339, -48.4951515198, -38.7459259033, 34.6602363586, 25.0130977631, 48.1995811462, 28.7273426056, 146.894226074, 49.4823951721], [8.83034610748, -35.5296211243, -46.3408355713, 4.87153673172, 7.35774374008, -43.5297851562, -15.3252000809, 32.1187133789, 22.7896003723, 27.8784503937, 10.8136444092, 49.4823951721, 100.153579712]],
        "icov": [[0.000329307978973, 5.17481857969e-05, 0.000322267907904, -0.000309737719363, -6.02992149652e-05, -0.000551271950826, 0.000339078746038, -0.000471802399261, 0.000460418144939, -0.000326613459038, 0.000178465474164, -0.000118900505186, 0.000147145576193], [5.17481857969e-05, 0.0027903097216, -0.000958528660703, 0.00144164916128, -0.00218791118823, 0.00163622084074, -0.00167349679396, 0.00132235290948, -0.0018708956195, 0.00257026706822, -0.00175590591971, 0.00272879237309, -0.000784938805737], [0.000322267907904, -0.000958528660703, 0.00190383847803, -0.00152111367788, 0.000263985770289, -0.00154129695147, 0.000660708639771, -0.000974779075477, 0.000887929520104, -0.00109196372796, 0.000734959612601, -0.00139831530396, 0.00102427008096], [-0.000309737719363, 0.00144164916128, -0.00152111367788, 0.00421501742676, -0.00144426350016, -4.87620163767e-05, 0.000284165493213, 0.000894189695828, -0.00351362978108, 0.0031665340066, -0.000917998782825, 0.000282433640677, -0.000650808331557], [-6.02992149652e-05, -0.00218791118823, 0.000263985770289, -0.00144426350016, 0.00572160538286, -0.00138673873153, -0.000702109013218, -0.00241174479015, 0.00179742951877, -0.00123223371338, 0.000575653160922, -0.00104425661266, -0.000547728675883], [-0.000551271950826, 0.00163622084074, -0.00154129695147, -4.87620163767e-05, -0.00138673873153, 0.00760461576283, -0.00442628655583, 0.00202729832381, 8.29494165373e-05, 6.5304004238e-05, -4.21282566094e-05, 0.00307681574486, 0.000445254001534], [0.000339078746038, -0.00167349679396, 0.000660708639771, 0.000284165493213, -0.000702109013218, -0.00442628655583, 0.00944958999753, -0.00260286265984, 0.000699962722138, -0.00268959952518, -0.00125473784283, -0.000583291752264, 0.00108982238453], [-0.000471802399261, 0.00132235290948, -0.000974779075477, 0.000894189695828, -0.00241174479015, 0.00202729832381, -0.00260286265984, 0.00922472123057, -0.00493490556255, 0.00120550068095, -0.000122401805129, 0.000109242544568, -0.00153551099356], [0.000460418144939, -0.0018708956195, 0.000887929520104, -0.00351362978108, 0.00179742951877, 8.29494165373e-05, 0.000699962722138, -0.00493490556255, 0.0107009606436, -0.00532221561298, 0.00296807545237, -0.00082210812252, 0.000603379507083], [-0.000326613459038, 0.00257026706822, -0.00109196372796, 0.0031665340066, -0.00123223371338, 6.5304004238e-05, -0.00268959952518, 0.00120550068095, -0.00532221561298, 0.0135576333851, -0.00495206890628, -0.000300618790789, -0.00227751932107], [0.000178465474164, -0.00175590591971, 0.000734959612601, -0.000917998782825, 0.000575653160922, -4.21282566094e-05, -0.00125473784283, -0.000122401805129, 0.00296807545237, -0.00495206890628, 0.0112847546116, -0.0038629733026, 0.000925934582483], [-0.000118900505186, 0.00272879237309, -0.00139831530396, 0.000282433640677, -0.00104425661266, 0.00307681574486, -0.000583291752264, 0.000109242544568, -0.00082210812252, -0.000300618790789, -0.0038629733026, 0.0137219885364, -0.00448422459885], [0.000147145576193, -0.000784938805737, 0.00102427008096, -0.000650808331557, -0.000547728675883, 0.000445254001534, 0.00108982238453, -0.00153551099356, 0.000603379507083, -0.00227751932107, 0.000925934582483, -0.00448422459885, 0.013703959994]]
    },
    "melbands": {
        "dmean": [0.00255863298662, 0.00183218438178, 0.000779525493272, 0.000537910265848, 0.000292903278023, 0.000466622033855, 0.000229510944337, 0.00016753457021, 0.000128104642499, 0.000171719453647, 8.39200001792e-05, 3.90905843233e-05, 3.26945373672e-05, 3.41273480444e-05, 3.21152765537e-05, 3.11476323986e-05, 2.45703940891e-05, 2.45429855568e-05, 2.16812550207e-05, 1.5759771486e-05, 2.17913620872e-05, 8.19256183604e-06, 6.67865060677e-06, 6.05484456173e-06, 4.6051109166e-06, 5.34341006642e-06, 3.81439122066e-06, 3.89439219362e-06, 4.89427384309e-06, 6.22705192654e-06, 2.70390432888e-06, 3.81228574042e-06, 2.98675035992e-06, 2.11679798667e-06, 2.17774049815e-06, 1.46689467329e-06, 9.68239532995e-07, 9.6506198588e-07, 4.67906460244e-07, 4.1425874997e-07],
        "dmean2": [0.00332110584714, 0.00273182289675, 0.00126232753973, 0.000865127483848, 0.000429333886132, 0.000705372658558, 0.000323412386933, 0.000214229279663, 0.00018237104814, 0.000229279976338, 0.000112250854727, 5.92474098084e-05, 4.82077957713e-05, 4.70186896564e-05, 4.45762852905e-05, 4.84157935716e-05, 3.71851710952e-05, 3.96360446757e-05, 3.38028476108e-05, 2.43437916652e-05, 3.64859552064e-05, 1.28783849505e-05, 9.52876052907e-06, 8.85228473635e-06, 7.04113244865e-06, 8.55218604556e-06, 6.06219555266e-06, 5.99819804847e-06, 7.31080081096e-06, 9.71130612015e-06, 4.0940267354e-06, 6.27651388641e-06, 4.77666344523e-06, 3.14013755087e-06, 3.27279371959e-06, 2.23377946895e-06, 1.49801473981e-06, 1.45019907904e-06, 6.28361817689e-07, 5.7307431689e-07],
        "dvar": [0.000123551668366, 5.5116663134e-05, 5.79408015255e-06, 3.02707803712e-06, 1.86140582059e-07, 5.96553832111e-07, 1.75333127572e-07, 1.08950999334e-07, 1.07938539884e-07, 2.11274482353e-07, 6.59826469018e-08, 1.12198437208e-08, 4.21058121702e-09, 9.26264043244e-09, 7.33934557573e-09, 6.67342581195e-09, 3.50392270754e-09, 4.32483471258e-09, 3.68115271598e-09, 3.04364311532e-09, 9.0462677349e-09, 1.07492970081e-09, 5.44954636972e-10, 2.558164236e-10, 9.32110430507e-11, 1.95440108541e-10, 9.69853294897e-11, 9.86721052088e-11, 1.58442509113e-10, 4.02912481157e-10, 6.11308920151e-11, 1.76712644517e-10, 1.08290751366e-10, 4.04537202348e-11, 5.06923392152e-11, 2.23503403285e-11, 9.21123854275e-12, 9.73584667746e-12, 1.78683348499e-12, 1.44603144563e-12],
        "dvar2": [0.000201943286811, 0.000131092965603, 1.39863286677e-05, 7.84250005381e-06, 3.87259120771e-07, 1.13889961995e-06, 3.25178689309e-07, 1.74831754407e-07, 2.25210285976e-07, 3.58146820645e-07, 1.02817836023e-07, 2.61206576369e-08, 9.59481560869e-09, 1.50744163818e-08, 1.36558160335e-08, 1.40481049016e-08, 7.67747909691e-09, 1.1058283178e-08, 8.30842150634e-09, 6.89121737452e-09, 2.48327314267e-08, 2.55188270515e-09, 1.21252630159e-09, 5.13339371011e-10, 1.93967134021e-10, 4.15415674082e-10, 2.46476367094e-10, 2.43416037327e-10, 3.70294378493e-10, 9.68333191409e-10, 1.32427485644e-10, 4.62851867944e-10, 2.70713951256e-10, 8.68548288846e-11, 1.20484691668e-10, 4.95883091534e-11, 1.91307681502e-11, 2.13739494853e-11, 3.05490181762e-12, 2.70943488999e-12],
        "max": [0.121211528778, 0.0706090927124, 0.0220928881317, 0.0157194472849, 0.00497651984915, 0.0117729594931, 0.00927788950503, 0.00607979437336, 0.00766666559502, 0.0106816990301, 0.00757764512673, 0.00234216405079, 0.000847367045935, 0.0018920910079, 0.00160212826449, 0.00115706748329, 0.00093969295267, 0.000623400963377, 0.000784291827586, 0.000589074392337, 0.000923854240682, 0.000299310457194, 0.000305115943775, 0.000181899042218, 0.000106134553789, 0.000124984100694, 9.45013525779e-05, 0.000106056279037, 0.000133371009724, 0.000171596489963, 6.17155965301e-05, 0.000108422915218, 8.5775689513e-05, 5.18761662534e-05, 6.25909888186e-05, 3.54436560883e-05, 2.67331961368e-05, 2.72653778666e-05, 1.15847542475e-05, 1.24719872474e-05],
        "mean": [0.00411498267204, 0.00173632078804, 0.000831496843603, 0.000668984488584, 0.000667375745252, 0.00107691530138, 0.000509040371981, 0.00035737210419, 0.000239584333031, 0.000395067967474, 0.000180791757884, 6.68024731567e-05, 5.54955258849e-05, 6.33707822999e-05, 4.96087850479e-05, 4.47803395218e-05, 3.6548681237e-05, 2.96413945762e-05, 2.77112103504e-05, 1.71237552422e-05, 1.92953248188e-05, 8.27629537525e-06, 7.98969358584e-06, 8.71200700203e-06, 7.67203891883e-06, 8.08757340565e-06, 5.49179230802e-06, 5.79610423301e-06, 7.14084262654e-06, 6.30104113952e-06, 3.28568921759e-06, 3.80602841688e-06, 2.85019632429e-06, 2.54195970228e-06, 2.40892040893e-06, 1.60061597398e-06, 1.07435619157e-06, 1.00739828213e-06, 5.8724401697e-07, 5.08955793066e-07],
        "median": [1.61643383763e-05, 4.11822293245e-05, 9.09568043426e-05, 0.000143827594002, 0.000348622503225, 0.00044237729162, 0.000216017273488, 0.000145476078615, 5.51310040464e-05, 0.000107609586848, 2.83629287878e-05, 9.53755534283e-06, 1.45915473695e-05, 8.09238099464e-06, 6.79540062265e-06, 8.13059068605e-06, 6.99836937201e-06, 5.71782629777e-06, 3.93720438296e-06, 2.25324652092e-06, 1.6786523247e-06, 8.4300376102e-07, 8.9984933993e-07, 1.47524360727e-06, 2.195361958e-06, 2.21663003686e-06, 1.25030749132e-06, 1.46114393829e-06, 1.85066585345e-06, 8.52349558045e-07, 3.10746173682e-07, 2.02551277084e-07, 1.418922011e-07, 2.05643019058e-07, 2.15870898046e-07, 2.04146644478e-07, 1.14124397044e-07, 4.30218953795e-08, 2.59261216939e-08, 3.78438826942e-08],
        "min": [1.80551864969e-23, 1.34395708068e-23, 4.15626474602e-24, 1.76228094681e-24, 5.63222862728e-24, 7.49005680137e-24, 9.83461925372e-24, 1.31538303985e-23, 1.15966189716e-23, 1.70839677716e-23, 7.83764390457e-24, 1.80843207078e-23, 9.0211774427e-24, 5.76873745706e-24, 1.09892315733e-23, 5.63564715602e-24, 4.59694019705e-24, 1.51474026017e-23, 1.8425692376e-23, 9.73972165341e-24, 4.92120344429e-24, 1.02790690098e-23, 6.32617299953e-24, 7.28914891717e-24, 8.06787138203e-24, 4.28766846245e-24, 7.78829828836e-24, 7.9137713485e-24, 6.37241602579e-24, 6.56912914213e-24, 8.29260996532e-24, 7.61120453717e-24, 9.06072225101e-24, 9.26498831609e-24, 1.02982951277e-23, 1.20499039698e-23, 1.01916663769e-23, 8.72255020272e-24, 5.11183010432e-24, 1.21033540293e-23],
        "stdev": [0.0167847946286, 0.00763215264305, 0.00242234114558, 0.00161872419994, 0.000776674191002, 0.0015200098278, 0.000822238915134, 0.000605606881436, 0.000574884703383, 0.00090293912217, 0.000543037138414, 0.000179786366061, 0.000108026441012, 0.000165789897437, 0.000136536415084, 0.000111806533823, 8.48786148708e-05, 6.72682945151e-05, 6.97280702298e-05, 5.62521599932e-05, 7.88628894952e-05, 3.17515114148e-05, 2.5389404982e-05, 2.02854662348e-05, 1.32544482767e-05, 1.65415076481e-05, 1.14439635581e-05, 1.13509431685e-05, 1.45239582707e-05, 1.94160893443e-05, 9.11154165806e-06, 1.24411326397e-05, 9.9295975815e-06, 7.40693576518e-06, 7.45087663745e-06, 4.93057177664e-06, 3.31081787408e-06, 3.30914281221e-06, 1.73540490778e-06, 1.48250160237e-06],
        "var": [0.00028172932798, 5.82497523283e-05, 5.86773649047e-06, 2.6202681056e-06, 6.03222758855e-07, 2.31042986343e-06, 6.76076865602e-07, 3.66759707049e-07, 3.30492440526e-07, 8.15299017631e-07, 2.9488936093e-07, 3.23231397203e-08, 1.16697114194e-08, 2.74862923533e-08, 1.86421935666e-08, 1.2500701807e-08, 7.20437887125e-09, 4.52502302295e-09, 4.86200413263e-09, 3.16430570635e-09, 6.21935480893e-09, 1.00815855664e-09, 6.44621911405e-10, 4.11500111763e-10, 1.75680400782e-10, 2.73621458824e-10, 1.30964308842e-10, 1.28843907765e-10, 2.10945372281e-10, 3.76984554684e-10, 8.30201879465e-11, 1.54781784611e-10, 9.85969084155e-11, 5.48626977181e-11, 5.55155608983e-11, 2.4310536223e-11, 1.09615146821e-11, 1.09504263296e-11, 3.01163000788e-12, 2.1978111605e-12]
    },
    "melbands128": {
