{
"lowlevel": {
    "average_loudness": 0.691814303398,
    "barkbands_crest": {
        "dmean": 2.38804030418,
        "dmean2": 3.65851140022,
        "dvar": 5.03660440445,
        "dvar2": 11.8946590424,
        "max": 25.2776126862,
        "mean": 12.8158912659,
        "median": 12.3786487579,
        "min": 3.62855577469,
        "stdev": 4.3318862915,
        "var": 18.7652378082
    },
    "barkbands_flatness_db": {
        "dmean": 0.0239900797606,
        "dmean2": 0.0352458544075,
        "dvar": 0.000949408684392,
        "dvar2": 0.00185303320177,
        "max": 0.631966948509,
        "mean": 0.292042851448,
        "median": 0.246549099684,
        "min": 0.0594544075429,
        "stdev": 0.142063111067,
        "var": 0.0201819259673
    },
    "barkbands_kurtosis": {
        "dmean": 3.43364214897,
        "dmean2": 5.06683301926,
        "dvar": 39.8933181763,
        "dvar2": 72.411895752,
        "max": 179.799423218,
        "mean": 6.74150848389,
        "median": 2.93964099884,
        "min": -1.86962926388,
        "stdev": 12.7686471939,
        "var": 163.038360596
    },
    "barkbands_skewness": {
        "dmean": 0.532137274742,
        "dmean2": 0.768425703049,
        "dvar": 0.431520909071,
        "dvar2": 0.81850194931,
        "max": 11.3852338791,
        "mean": 1.56255602837,
        "median": 1.33579838276,
        "min": -2.45242285728,
        "stdev": 1.47058928013,
        "var": 2.16263270378
    },
    "barkbands_spread": {
        "dmean": 2.92845416069,
        "dmean2": 4.29039049149,
        "dvar": 42.5891532898,
        "dvar2": 81.8977813721,
        "max": 126.781555176,
        "mean": 10.1020317078,
        "median": 7.37082242966,
        "min": 0.311963617802,
        "stdev": 10.4936742783,
        "var": 110.117202759
    },
    "dissonance": {
        "dmean": 0.0434324219823,
        "dmean2": 0.0734756961465,
        "dvar": 0.00177956512198,
        "dvar2": 0.00487870676443,
        "max": 0.49912366271,
        "mean": 0.384388685226,
        "median": 0.409420847893,
        "min": 0.0596549808979,
        "stdev": 0.0840176567435,
        "var": 0.00705896690488
    },
    "dynamic_complexity": 3.8904902935,
    "erbbands_crest": {
        "dmean": 2.96923875809,
        "dmean2": 4.5149512291,
        "dvar": 7.72852373123,
        "dvar2": 17.1537075043,
        "max": 30.5091533661,
        "mean": 14.2340173721,
        "median": 13.4670715332,
        "min": 2.66988182068,
        "stdev": 5.47698116302,
        "var": 29.9973239899
    },
    "erbbands_flatness_db": {
        "dmean": 0.0216132737696,
        "dmean2": 0.0318376682699,
        "dvar": 0.000825333641842,
        "dvar2": 0.00161947601009,
        "max": 0.609044492245,
        "mean": 0.305620998144,
        "median": 0.260197222233,
        "min": 0.0510330051184,
        "stdev": 0.134256213903,
        "var": 0.0180247295648
    },
    "erbbands_kurtosis": {
        "dmean": 1.91453504562,
        "dmean2": 2.82962346077,
        "dvar": 13.9986286163,
        "dvar2": 23.6610240936,
        "max": 115.077713013,
        "mean": 3.11395955086,
        "median": 1.32431745529,
        "min": -1.78417170048,
        "stdev": 8.20778656006,
        "var": 67.3677597046
    },
    "erbbands_skewness": {
        "dmean": 0.455290794373,
        "dmean2": 0.671994686127,
        "dvar": 0.254637122154,
        "dvar2": 0.537860035896,
        "max": 9.0445098877,
        "mean": 0.874820232391,
        "median": 0.80301040411,
        "min": -1.89582145214,
        "stdev": 1.10861027241,
        "var": 1.22901666164
    },
    "erbbands_spread": {
        "dmean": 5.27018547058,
        "dmean2": 7.906478405,
        "dvar": 106.89037323,
        "dvar2": 208.608734131,
        "max": 121.161720276,
        "mean": 19.5324993134,
        "median": 14.4632415771,
        "min": 0.733560621738,
        "stdev": 18.1477966309,
        "var": 329.342498779
    },
    "hfc": {
        "dmean": 4.06190681458,
        "dmean2": 5.33564996719,
        "dvar": 36.6544113159,
        "dvar2": 55.0720596313,
        "max": 59.2801322937,
        "mean": 15.5469808578,
        "median": 10.8278455734,
        "min": 1.08877912825e-16,
        "stdev": 14.4935874939,
        "var": 210.064071655
    },
    "loudness_ebu128": {
        "integrated": -10.9157800674,
        "loudness_range": 4.86295795441,
        "momentary": {
            "dmean": 0.602847456932,
            "dmean2": 0.634858965874,
            "dvar": 0.244113400578,
            "dvar2": 0.271702587605,
            "max": -6.78983831406,
            "mean": -11.9981479645,
            "median": -10.9161329269,
            "min": -21.399887085,
            "stdev": 3.42968630791,
            "var": 11.7627477646
        },
        "short_term": {
            "dmean": 0.0935109704733,
            "dmean2": 0.084248252213,
            "dvar": 0.00817335490137,
            "dvar2": 0.00441774213687,
            "max": -8.2429227829,
            "mean": -11.4882564545,
            "median": -10.8695650101,
            "min": -19.0623989105,
            "stdev": 2.37063789368,
            "var": 5.61992359161
        }
    },
    "melbands_crest": {
        "dmean": 2.9242784977,
        "dmean2": 4.61341047287,
        "dvar": 8.04822158813,
        "dvar2": 19.9171390533,
        "max": 32.9135742188,
        "mean": 15.7938556671,
        "median": 15.1423902512,
        "min": 1.73212969303,
        "stdev": 4.98784446716,
        "var": 24.8785915375
    },
    "melbands_flatness_db": {
        "dmean": 0.0260435696691,
        "dmean2": 0.0375095792115,
        "dvar": 0.00124939461239,
        "dvar2": 0.0022759726271,
        "max": 0.760812044144,
        "mean": 0.362736135721,
        "median": 0.298317044973,
        "min": 0.00547047052532,
        "stdev": 0.163232252002,
        "var": 0.026644770056
    },
    "melbands_kurtosis": {
        "dmean": 4.87658929825,
        "dmean2": 7.39536571503,
        "dvar": 119.677970886,
        "dvar2": 212.66973877,
        "max": 227.016204834,
        "mean": 9.80692481995,
        "median": 4.40598630905,
        "min": -1.62363243103,
        "stdev": 17.137594223,
        "var": 293.697143555
    },
    "melbands_skewness": {
        "dmean": 0.560267984867,
        "dmean2": 0.820115804672,
        "dvar": 0.543486952782,
        "dvar2": 0.952736020088,
        "max": 10.0954933167,
        "mean": 1.7800283432,
        "median": 1.58123075962,
        "min": -2.14585399628,
        "stdev": 1.5267444849,
        "var": 2.33094859123
    },
    "melbands_spread": {
        "dmean": 3.14962220192,
        "dmean2": 4.4921336174,
        "dvar": 30.4433078766,
        "dvar2": 56.5786895752,
        "max": 162.195053101,
        "mean": 11.9901332855,
        "median": 9.07575035095,
        "min": 0.632654905319,
        "stdev": 12.0505552292,
        "var": 145.215881348
    },
    "pitch_salience": {
        "dmean": 0.0608261972666,
        "dmean2": 0.0949369296432,
        "dvar": 0.00347440829501,
        "dvar2": 0.00900969468057,
        "max": 0.860979497433,
        "mean": 0.536710143089,
        "median": 0.538663566113,
        "min": 0.164291098714,
        "stdev": 0.108071886003,
        "var": 0.0116795329377
    },
    "silence_rate_20dB": {
        "dmean": 0,
        "dmean2": 0,
        "dvar": 0,
        "dvar2": 0,
        "max": 1,
        "mean": 1,
        "median": 1,
        "min": 1,
        "stdev": 0,
        "var": 0
    },
    "silence_rate_30dB": {
        "dmean": 0.00154798757285,
        "dmean2": 0.00309837330133,
        "dvar": 0.00154559139628,
        "dvar2": 0.00463796034455,
        "max": 1,
        "mean": 0.999226629734,
        "median": 1,
        "min": 0,
        "stdev": 0.0277992263436,
        "var": 0.000772797036916
    },
    "silence_rate_60dB": {
        "dmean": 0.0503095984459,
        "dmean2": 0.100697137415,
        "dvar": 0.0477799884975,
        "dvar2": 0.109149806201,
        "max": 1,
        "mean": 0.108275331557,
        "median": 0,
        "min": 0,
        "stdev": 0.310731858015,
        "var": 0.0965542942286
    },
    "spectral_centroid": {
        "dmean": 128.922683716,
        "dmean2": 185.657501221,
        "dvar": 84933.265625,
        "dvar2": 174094.703125,
        "max": 11304.3925781,
        "mean": 806.831604004,
        "median": 686.114685059,
        "min": 210.255554199,
        "stdev": 640.703308105,
        "var": 410500.75
    },
    "spectral_complexity": {
        "dmean": 1.76238393784,
        "dmean2": 2.60108447075,
        "dvar": 3.96597981453,
        "dvar2": 7.03143978119,
        "max": 29,
        "mean": 11.2111368179,
        "median": 11,
        "min": 0,
        "stdev": 5.74431276321,
        "var": 32.9971313477
    },
    "spectral_decrease": {
        "dmean": 1.35734101736e-09,
        "dmean2": 1.87463533585e-09,
        "dvar": 4.06662337774e-18,
        "dvar2": 6.65646507787e-18,
        "max": 1.87699591636e-28,
        "mean": -5.81702908065e-09,
        "median": -4.67289940076e-09,
        "min": -2.71965880927e-08,
        "stdev": 5.15271691981e-09,
        "var": 2.65504909228e-17
    },
    "spectral_energy": {
        "dmean": 0.00545165501535,
        "dmean2": 0.00750481244177,
        "dvar": 6.54115065117e-05,
        "dvar2": 0.000106272309495,
        "max": 0.108000412583,
        "mean": 0.0233649723232,
        "median": 0.0188467279077,
        "min": 1.00781609804e-20,
        "stdev": 0.0206134431064,
        "var": 0.000424914003816
    },
    "spectral_energyband_high": {
        "dmean": 7.23844350432e-05,
        "dmean2": 0.000105053302832,
        "dvar": 2.37947048731e-08,
        "dvar2": 4.59425990584e-08,
        "max": 0.0017033504555,
        "mean": 0.000174909466296,
        "median": 5.96943427809e-05,
        "min": 7.03739011869e-21,
        "stdev": 0.00026266372879,
        "var": 6.89922359243e-08
    },
    "spectral_energyband_low": {
        "dmean": 0.000742131727748,
        "dmean2": 0.000888172013219,
        "dvar": 5.94118910158e-06,
        "dvar2": 9.87939802144e-06,
        "max": 0.0529992505908,
        "mean": 0.00404788926244,
        "median": 4.94908017572e-05,
        "min": 5.95606013095e-23,
        "stdev": 0.00874990131706,
        "var": 7.65607692301e-05
    },
    "spectral_energyband_middle_high": {
        "dmean": 0.00146263826173,
        "dmean2": 0.00192189752124,
        "dvar": 6.23521827947e-06,
        "dvar2": 9.77401577984e-06,
        "max": 0.0323385857046,
        "mean": 0.00421960791573,
        "median": 0.00150832231157,
        "min": 1.32676872294e-21,
        "stdev": 0.00540881417692,
        "var": 2.92552722385e-05
    },
    "spectral_energyband_middle_low": {
        "dmean": 0.00441333232448,
        "dmean2": 0.00623115571216,
        "dvar": 4.10463071603e-05,
        "dvar2": 7.54365319153e-05,
        "max": 0.0730050578713,
        "mean": 0.0152319390327,
        "median": 0.00958453863859,
        "min": 2.27381368295e-22,
        "stdev": 0.0137053187937,
        "var": 0.00018783575797
    },
    "spectral_entropy": {
        "dmean": 0.217419371009,
        "dmean2": 0.319519668818,
        "dvar": 0.0840721353889,
        "dvar2": 0.166893735528,
        "max": 9.80222034454,
        "mean": 6.30889701843,
        "median": 6.50858211517,
        "min": 3.89960098267,
        "stdev": 0.996788024902,
        "var": 0.993586361408
    },
    "spectral_flux": {
        "dmean": 0.0231351926923,
        "dmean2": 0.0366981737316,
        "dvar": 0.000704869278707,
        "dvar2": 0.00155526387971,
        "max": 0.28682756424,
        "mean": 0.0573578476906,
        "median": 0.0471034646034,
        "min": 6.76684611123e-11,
        "stdev": 0.0406508482993,
        "var": 0.00165249139536
    },
    "spectral_kurtosis": {
        "dmean": 29.311460495,
        "dmean2": 51.0795593262,
        "dvar": 3508.19848633,
        "dvar2": 10856.9951172,
        "max": 698.270996094,
        "mean": 80.6103210449,
        "median": 11.0950403214,
        "min": -1.23300909996,
        "stdev": 135.125732422,
        "var": 18258.9628906
    },
    "spectral_rms": {
        "dmean": 0.000562043744139,
        "dmean2": 0.000772116880398,
        "dvar": 5.19588240877e-07,
        "dvar2": 7.50241042624e-07,
        "max": 0.0102648064494,
        "mean": 0.00427014101297,
        "median": 0.00428801262751,
        "min": 3.13565818276e-12,
        "stdev": 0.00213564001024,
        "var": 4.56095813206e-06
    },
    "spectral_rolloff": {
        "dmean": 262.331329346,
        "dmean2": 440.788208008,
        "dvar": 555000.25,
        "dvar2": 1196666,
        "max": 19422.9492188,
        "mean": 1018.57470703,
        "median": 689.0625,
        "min": 86.1328125,
        "stdev": 1348.07763672,
        "var": 1817313.25
    },
    "spectral_skewness": {
        "dmean": 1.04630732536,
        "dmean2": 1.76541018486,
        "dvar": 1.95140945911,
        "dvar2": 5.55529356003,
        "max": 22.3778018951,
        "mean": 5.26452255249,
        "median": 2.60542845726,
        "min": -0.0201645977795,
        "stdev": 5.16313409805,
        "var": 26.657951355
    },
    "spectral_spread": {
        "dmean": 615219.4375,
        "dmean2": 936968.8125,
        "dvar": 1.55961904333e+12,
        "dvar2": 2.90714786202e+12,
        "max": 40619924,
        "mean": 3239727,
        "median": 3219662,
        "min": 144276.1875,
        "stdev": 2959227.75,
        "var": 8.75702832333e+12
    },
    "spectral_strongpeak": {
        "dmean": 0.551712155342,
        "dmean2": 0.856270670891,
        "dvar": 0.648661077023,
        "dvar2": 1.35366666317,
        "max": 8.40859794617,
        "mean": 1.55531799793,
        "median": 0.960076391697,
        "min": 0,
        "stdev": 1.48224294186,
        "var": 2.19704413414
    },
    "zerocrossingrate": {
        "dmean": 0.00641946215183,
        "dmean2": 0.00719827180728,
        "dvar": 0.000133537731017,
        "dvar2": 0.000120438700833,
        "max": 0.50390625,
        "mean": 0.0396723784506,
        "median": 0.03564453125,
        "min": 0.0048828125,
        "stdev": 0.0348777547479,
        "var": 0.00121645769104
    },
    "barkbands": {
        "dmean": [6.98511503288e-05, 0.000641034625005, 0.000167376434547, 0.000108562286186, 0.00088209338719, 0.000715292582754, 0.00220654648729, 0.00132328260224, 0.00121908809524, 0.000266642979113, 0.000194094012841, 0.000391057954403, 0.000403375859605, 0.000427966471761, 0.000353991024895, 0.000101153127616, 0.000128271334688, 9.00623635971e-05, 4.97053260915e-05, 4.61250347144e-05, 1.33642843139e-05, 1.1040499885e-05, 1.39332405524e-05, 1.39787571243e-05, 1.62812557392e-05, 1.25734577523e-05, 1.67689961472e-06],
        "dmean2": [0.000101134886791, 0.000763644871768, 0.000181402807357, 0.000143041252159, 0.00134434213396, 0.00104895839468, 0.00321315508336, 0.00183818931691, 0.00160273828078, 0.000363865547115, 0.000273516721791, 0.000568266143091, 0.000555565289687, 0.000618430320174, 0.000495822925586, 0.000145074634929, 0.000174741275259, 0.000133651657961, 7.15230562491e-05, 6.96455535945e-05, 2.10920461541e-05, 1.61302414199e-05, 2.00845315703e-05, 2.14128886e-05, 2.4758715881e-05, 1.8317165086e-05, 2.58660725194e-06],
        "dvar": [8.52334522961e-08, 4.54322889709e-06, 2.34280975064e-07, 7.42641645957e-08, 2.73907130577e-06, 2.67362929662e-06, 2.16437238123e-05, 1.34469082695e-05, 1.01290006569e-05, 4.64812444534e-07, 4.7459170105e-07, 1.85000362762e-06, 1.48296021507e-06, 1.29406839733e-06, 9.41057407999e-07, 7.49506057218e-08, 1.06837241276e-07, 6.69286990274e-08, 1.00275068249e-08, 1.05360307145e-08, 1.40162315088e-09, 6.55983212194e-10, 1.19529464104e-09, 8.52723613942e-10, 1.0764549252e-09, 1.28204635796e-09, 3.62390117914e-11],
        "dvar2": [1.7367393923e-07, 7.7708855315e-06, 3.04735920054e-07, 1.56521807071e-07, 5.06357628183e-06, 4.51211235486e-06, 4.04729835282e-05, 2.46211475314e-05, 1.92996576516e-05, 7.89846296811e-07, 9.28884503537e-07, 3.40792462339e-06, 2.80211497738e-06, 2.78559150502e-06, 2.07345919989e-06, 1.43718366985e-07, 1.88851842609e-07, 1.33335746e-07, 2.03428314194e-08, 2.29998295964e-08, 3.27908211695e-09, 1.40619182964e-09, 2.18109419414e-09, 1.75325443053e-09, 2.33978547648e-09, 2.63874389006e-09, 8.30577967514e-11],
        "max": [0.00622927304357, 0.0482475012541, 0.0107818748802, 0.00454062828794, 0.0233884323388, 0.0431025773287, 0.068878211081, 0.0664653554559, 0.0458414889872, 0.0111066093668, 0.0168433059007, 0.0220796875656, 0.0224375184625, 0.0158461667597, 0.0158112160861, 0.00455562677234, 0.00555015727878, 0.00565203279257, 0.00144801533315, 0.00145699107088, 0.000531880592462, 0.00037707676529, 0.000819961132947, 0.00044675936806, 0.000396412011469, 0.000628136331216, 0.000100694356661],
        "mean": [0.000404268619604, 0.0027994569391, 0.000643458566628, 0.000350041751517, 0.00210407166742, 0.00164764898364, 0.00460631679744, 0.00325638917275, 0.00302732153796, 0.000605260254815, 0.000389686552808, 0.000650684291031, 0.000664036138915, 0.000727138016373, 0.00054378103232, 0.000171087362105, 0.000247263058554, 0.00016933515144, 0.00011015846394, 9.90218031802e-05, 1.96172823053e-05, 2.04952557397e-05, 2.51764304267e-05, 2.68157691607e-05, 3.29701979354e-05, 2.14952997339e-05, 1.98196903511e-06],
        "median": [2.9383935285e-08, 1.25638322857e-07, 1.35434174808e-05, 8.58880084706e-05, 0.00115623208694, 0.000724415061995, 0.00124215846881, 0.000407110142987, 0.000310424016789, 0.000110834283987, 4.83073054056e-05, 8.44902097015e-05, 7.0533627877e-05, 5.2866529586e-05, 5.35229773959e-05, 1.69115864992e-05, 2.1154717615e-05, 1.94334061234e-05, 9.79168908088e-06, 1.03952106656e-05, 2.42756573243e-06, 1.87188948075e-06, 4.01273200623e-06, 6.77612570144e-06, 5.40589508091e-06, 4.17568116973e-06, 5.12487865478e-08],
        "min": [2.0489522898e-23, 2.69972309356e-23, 1.48897274979e-23, 9.97103144804e-24, 3.60290445899e-23, 4.92646538319e-23, 2.29734423624e-23, 2.40230517735e-23, 3.43638128615e-23, 3.39082803986e-23, 1.83708334109e-23, 2.206231275e-23, 9.07941604566e-23, 5.63071054336e-23, 5.36933441973e-23, 1.23025445633e-22, 1.35227318923e-22, 8.18974818308e-23, 1.47459598068e-22, 4.07119425421e-22, 3.44326703211e-22, 4.06799892579e-22, 5.8497648474e-22, 7.24262612927e-22, 1.19983577788e-21, 1.30087318359e-21, 1.89471555614e-21],
        "stdev": [0.000940802041441, 0.00710489274934, 0.00160506530665, 0.000718678114936, 0.00277246232145, 0.00301402644254, 0.00803457945585, 0.00819086097181, 0.00651210453361, 0.00129315862432, 0.00108846661169, 0.00185789831448, 0.00209682621062, 0.00178389507346, 0.00125228695106, 0.000408344756579, 0.00059269083431, 0.000412119319662, 0.000214603205677, 0.000185480894288, 4.79686023027e-05, 4.23051787948e-05, 5.20749817952e-05, 4.5290482376e-05, 5.38727545063e-05, 4.76561472169e-05, 6.90137130732e-06],
        "var": [8.85108477178e-07, 5.04794988956e-05, 2.57623446487e-06, 5.16498232628e-07, 7.68654717831e-06, 9.08435595193e-06, 6.45544714644e-05, 6.70902081765e-05, 4.24075078627e-05, 1.67225914538e-06, 1.18475963973e-06, 3.45178614225e-06, 4.39668019681e-06, 3.18228171636e-06, 1.56822261488e-06, 1.66745437014e-07, 3.51282409383e-07, 1.69842337527e-07, 4.6054537961e-08, 3.44031647614e-08, 2.30098695653e-09, 1.78972803244e-09, 2.71180389255e-09, 2.05122763219e-09, 2.90227353261e-09, 2.27110841244e-09, 4.76289285789e-11]
    },
    "erbbands": {
        "dmean": [0.0262509509921, 0.122557811439, 0.179170429707, 0.295804470778, 1.09041631222, 4.02740383148, 5.70120191574, 4.93986415863, 21.7464962006, 34.8915023804, 30.7396354675, 32.5907974243, 9.33767318726, 7.97679615021, 9.7750415802, 14.5688476562, 17.1447162628, 21.9306507111, 17.1710090637, 10.1416521072, 4.42441654205, 6.05580711365, 5.93721294403, 2.31355857849, 2.91279649734, 1.94738090038, 0.72219401598, 0.43095856905, 0.384061396122, 0.436788737774, 0.411581218243, 0.328206419945, 0.231855228543, 0.222838386893, 0.101597331464, 0.0536510013044, 0.0240223836154, 0.0056617744267, 0.000173764419742, 8.37695733935e-06],
        "dmean2": [0.0314446762204, 0.142225578427, 0.186527773738, 0.361040860415, 1.66235220432, 6.15987443924, 8.83981609344, 7.13559913635, 31.6982536316, 50.5546417236, 40.6676254272, 41.8925323486, 11.7156543732, 11.1524515152, 14.2676792145, 20.8677463531, 23.1526832581, 31.952922821, 24.5650196075, 14.2703828812, 5.70645189285, 8.4493598938, 8.58988761902, 3.29967617989, 4.17702198029, 2.91744160652, 1.14433765411, 0.642650663853, 0.564469397068, 0.65205681324, 0.600696444511, 0.505843043327, 0.350227385759, 0.33990713954, 0.157192245126, 0.0776178985834, 0.0358215868473, 0.00859837420285, 0.000273307407042, 1.19952819659e-05],
        "dvar": [0.0102836322039, 0.13911947608, 0.238962292671, 0.571826398373, 3.3862221241, 75.3685913086, 213.358215332, 104.088439941, 1954.29333496, 6358.26123047, 8399.13671875, 7051.13476562, 667.716125488, 387.727355957, 1532.87756348, 2480.19018555, 3117.47729492, 3221.06738281, 1775.20922852, 867.227722168, 105.689994812, 227.444656372, 277.978149414, 24.6969566345, 36.1512985229, 22.797662735, 3.35864520073, 1.74562907219, 0.912169575691, 0.934187173843, 1.39378452301, 0.449125558138, 0.273004382849, 0.207807704806, 0.0497287288308, 0.0167770329863, 0.00513911666349, 0.000408995896578, 3.88605258195e-07, 2.22658863569e-10],
        "dvar2": [0.0171712189913, 0.249601855874, 0.336751490831, 0.905170202255, 7.75471782684, 133.840896606, 376.494628906, 185.99180603, 3406.24316406, 13663.8447266, 14754.3164062, 12924.5712891, 963.515014648, 742.391052246, 2964.24438477, 4385.46142578, 6297.52636719, 6793.69580078, 3604.27661133, 1955.0736084, 173.657592773, 439.108398438, 539.669677734, 50.5347976685, 79.083984375, 52.7154159546, 8.43406677246, 3.75504398346, 1.94968450069, 1.9586263895, 2.51740932465, 0.965964972973, 0.56741297245, 0.448004752398, 0.114748589694, 0.033689212054, 0.0106851579621, 0.000959663768299, 9.44488533605e-07, 4.32480856682e-10],
        "max": [2.43145561218, 9.83034420013, 10.1581554413, 15.5876665115, 29.9562587738, 136.677185059, 286.810455322, 220.046875, 1032.97460938, 946.508300781, 1836.71704102, 1281.05603027, 464.616790771, 423.608428955, 875.237915039, 1058.93481445, 945.016967773, 792.471191406, 685.608581543, 553.094604492, 142.117858887, 232.458786011, 407.503692627, 67.3708953857, 93.7882995605, 75.0769348145, 25.9681873322, 22.669210434, 14.8797492981, 10.7955350876, 31.7422218323, 9.61341762543, 8.48359775543, 6.14783000946, 2.74513792992, 2.0803694725, 1.22234165668, 0.32212421298, 0.00963798072189, 0.000239669156144],
        "mean": [0.124824732542, 0.450062394142, 0.770760893822, 1.09275531769, 2.69591736794, 9.01299476624, 12.734418869, 12.4828968048, 50.3870391846, 75.7785797119, 69.0317077637, 84.1165466309, 24.9291553497, 18.9954395294, 21.3742599487, 25.6708602905, 29.6123752594, 41.3781013489, 31.7927322388, 17.3622760773, 9.21974658966, 11.9973993301, 12.3078660965, 5.41616916656, 6.83001708984, 4.31160354614, 1.19412600994, 0.651826858521, 0.704373478889, 0.777200758457, 0.741534411907, 0.624018251896, 0.418580174446, 0.437774598598, 0.185870483518, 0.0954224392772, 0.0380525887012, 0.00781573262066, 0.000235702624195, 3.26758854499e-05],
        "median": [1.61960069818e-05, 0.000265122042038, 0.0106391431764, 0.203698784113, 1.28829503059, 4.42629051208, 5.3138628006, 6.48072767258, 16.9530677795, 20.2646007538, 15.7044458389, 11.2888555527, 5.74796104431, 4.68263292313, 2.9451084137, 4.43039798737, 3.75011706352, 3.93810725212, 3.72817564011, 2.27384710312, 1.06530714035, 1.21540462971, 1.36581468582, 0.623630523682, 0.627733290195, 0.525789439678, 0.212947487831, 0.0740454345942, 0.0591692812741, 0.109429627657, 0.122202001512, 0.112997181714, 0.114442877471, 0.0623286701739, 0.032397672534, 0.017010115087, 0.00737229688093, 0.000820280867629, 3.75492454623e-05, 2.55843879131e-05],
        "min": [1.12781320637e-21, 3.8376838532e-21, 1.82959556047e-20, 3.23747828878e-20, 8.77901647504e-20, 1.24561083014e-19, 1.18798464653e-19, 3.30533979849e-19, 3.58818335221e-19, 2.95754343814e-19, 6.51604238009e-19, 7.72942845077e-19, 9.36714214906e-19, 1.18337461388e-18, 9.94066369087e-19, 8.77249648236e-19, 4.13895494564e-18, 4.40514125316e-18, 2.36962636873e-18, 4.22803733452e-18, 7.42779238751e-18, 7.11088956868e-18, 4.34041064792e-18, 7.33039269756e-18, 1.05658236368e-17, 1.55976468482e-17, 1.08388800929e-17, 1.53941240215e-17, 1.39171152829e-17, 1.11535156097e-17, 1.68503506745e-17, 1.03596174362e-17, 1.3241659447e-17, 1.2193393309e-17, 9.42244165455e-18, 5.67782107771e-18, 2.08852682194e-18, 1.18294923625e-18, 2.33292048754e-19, 2.79899857024e-20],
        "stdev": [0.335674017668, 1.18457567692, 1.77388834953, 2.32906270027, 3.62755966187, 14.581454277, 27.4954051971, 20.0429573059, 85.2100830078, 142.646408081, 170.674484253, 176.837600708, 49.1230201721, 38.1269989014, 59.0182609558, 71.6505889893, 90.0066604614, 91.8076629639, 63.5642814636, 38.3165512085, 18.8670902252, 26.9058189392, 28.3154087067, 9.69825267792, 13.5180025101, 7.929210186, 2.26567149162, 1.85210299492, 1.58643388748, 1.4356212616, 1.66399466991, 1.06344747543, 0.760340094566, 0.768007397652, 0.313216686249, 0.18338227272, 0.0918101146817, 0.0235910471529, 0.000701863144059, 3.06144247588e-05],
        "var": [0.112677045166, 1.40321946144, 3.14667987823, 5.42453289032, 13.1591892242, 212.61882019, 755.997314453, 401.720123291, 7260.7578125, 20347.9960938, 29129.78125, 31271.5390625, 2413.07104492, 1453.66796875, 3483.1550293, 5133.80712891, 8101.19873047, 8428.64648438, 4040.41796875, 1468.15795898, 355.967071533, 723.923095703, 801.762329102, 94.056098938, 182.73638916, 62.8723716736, 5.13326692581, 3.43028569221, 2.51677250862, 2.06100845337, 2.76887822151, 1.13092041016, 0.578117072582, 0.589835345745, 0.098104685545, 0.0336290597916, 0.00842909701169, 0.00055653747404, 4.92611832215e-07, 9.37243060939e-10]
    },
    "gfcc": {
        "mean": [-127.761276245, 133.673522949, -115.062065125, -40.7137870789, -70.7693252563, -24.7260513306, -55.903175354, -3.55995440483, -28.1129398346, -6.1834821701, -12.8413133621, -11.5660123825, -15.9769239426],
        "cov": [[27907.3027344, -9468.04296875, -4278.41845703, 4472.61865234, -110.121276855, 2595.87353516, -705.688110352, 2857.69799805, -292.951385498, 1796.64709473, -389.196716309, 483.063598633, -973.661743164], [-9468.04296875, 6228.21777344, 1309.57995605, -2277.48706055, 928.763427734, -1016.75476074, 712.36529541, -1092.65649414, 303.559783936, -793.527282715, 436.063140869, -329.512512207, 407.275970459], [-4278.41845703, 1309.57995605, 3422.20288086, 299.876800537, -361.489227295, 276.689300537, 437.46786499, -185.344192505, 124.496505737, -165.902832031, -77.7213516235, 288.348907471, 204.667694092], [4472.61865234, -2277.48706055, 299.876800537, 1772.40783691, 27.3779239655, 856.555175781, -22.2803058624, 743.946899414, 54.0569114685, 443.157073975, -119.19115448, 289.155029297, -127.061058044], [-110.121276855, 928.763427734, -361.489227295, 27.3779239655, 1042.12585449, 177.050018311, 278.322906494, 175.84954834, 215.141708374, 109.295570374, 163.846588135, -37.4960289001, 31.3397445679], [2595.87353516, -1016.75476074, 276.689300537, 856.555175781, 177.050018311, 773.024108887, 270.115783691, 471.979431152, 49.6858482361, 281.110717773, -32.8175964355, 170.417129517, -110.53666687], [-705.688110352, 712.36529541, 437.46786499, -22.2803058624, 278.322906494, 270.115783691, 594.503662109, 96.5040588379, 37.9021530151, -39.3555717468, 101.399223328, 61.6367988586, -7.43131923676], [2857.69799805, -1092.65649414, -185.344192505, 743.946899414, 175.84954834, 471.979431152, 96.5040588379, 592.944152832, 57.5143547058, 264.930389404, -10.3155412674, 114.855819702, -82.1530303955], [-292.951385498, 303.559783936, 124.496505737, 54.0569114685, 215.141708374, 49.6858482361, 37.9021530151, 57.5143547058, 225.708786011, 43.4390258789, 12.2442493439, 7.03329324722, 37.9658126831], [1796.64709473, -793.527282715, -165.902832031, 443.157073975, 109.295570374, 281.110717773, -39.3555717468, 264.930389404, 43.4390258789, 297.689544678, 1.98929393291, 35.1795578003, -62.6904029846], [-389.196716309, 436.063140869, -77.7213516235, -119.19115448, 163.846588135, -32.8175964355, 101.399223328, -10.3155412674, 12.2442493439, 1.98929393291, 174.989379883, -9.31853675842, 11.1898574829], [483.063598633, -329.512512207, 288.348907471, 289.155029297, -37.4960289001, 170.417129517, 61.6367988586, 114.855819702, 7.03329324722, 35.1795578003, -9.31853675842, 158.266067505, 8.66472530365], [-973.661743164, 407.275970459, 204.667694092, -127.061058044, 31.3397445679, -110.53666687, -7.43131923676, -82.1530303955, 37.9658126831, -62.6904029846, 11.1898574829, 8.66472530365, 141.755508423]],
        "icov": [[0.000244319846388, -0.000381570309401, 0.000478958274471, -0.000316478690365, 0.000480091403006, -0.000540391833056, 0.000417675822973, -0.00063928734744, 0.000430844636867, -0.000672068854328, 0.000568436109461, -0.000701799755916, 0.000508522673044], [-0.000381570309401, 0.00260690739378, -0.00170548714232, 0.0015093825059, -0.0024069219362, 0.00148116971832, -0.00159541144967, 0.00179684301838, -0.00193752790801, 0.00329292216338, -0.00313133792952, 0.00335326464847, -0.00163319776766], [0.000478958274471, -0.00170548714232, 0.00199410016648, -0.00137814413756, 0.00210923538543, -0.00155975902453, 0.000676170049701, -0.00095569062978, 0.000917461293284, -0.00230981758796, 0.00231331773102, -0.00294272741303, 0.000604464206845], [-0.000316478690365, 0.0015093825059, -0.00137814413756, 0.0033982724417, -0.00159666198306, -0.000458914495539, 0.000328273250489, -0.000330387643771, -0.000935159681831, 0.00143059971742, -0.00145435531158, 0.000313364551403, -0.00067490641959], [0.000480091403006, -0.0024069219362, 0.00210923538543, -0.00159666198306, 0.00426870165393, -0.00195400044322, 0.000729026563931, -0.00184165732935, 0.000299374980386, -0.00337703200057, 0.00186633889098, -0.0024236717727, 0.000667037733365], [-0.000540391833056, 0.00148116971832, -0.00155975902453, -0.000458914495539, -0.00195400044322, 0.00756788346916, -0.00396230025217, 0.000874027144164, -0.00108363293111, -0.000536155421287, -0.000208874800592, 0.000836753693875, 0.000523859751411], [0.000417675822973, -0.00159541144967, 0.000676170049701, 0.000328273250489, 0.000729026563931, -0.00396230025217, 0.0056174416095, -0.00257437187247, 0.0018445168389, 6.76003764966e-05, 0.000205351054319, -0.00250255689025, 0.00199490902014], [-0.00063928734744, 0.00179684301838, -0.00095569062978, -0.000330387643771, -0.00184165732935, 0.000874027144164, -0.00257437187247, 0.00744594307616, -0.00237618503161, 0.00119215657469, -0.00234052306041, 0.0020697817672, -0.00197896710597], [0.000430844636867, -0.00193752790801, 0.000917461293284, -0.000935159681831, 0.000299374980386, -0.00108363293111, 0.0018445168389, -0.00237618503161, 0.00805368740112, -0.00340341799892, 0.00317999976687, -0.00250483420677, 0.000411516986787], [-0.000672068854328, 0.00329292216338, -0.00230981758796, 0.00143059971742, -0.00337703200057, -0.000536155421287, 6.76003764966e-05, 0.00119215657469, -0.00340341799892, 0.0128846084699, -0.00611542537808, 0.006409780588, -0.00173621904105], [0.000568436109461, -0.00313133792952, 0.00231331773102, -0.00145435531158, 0.00186633889098, -0.000208874800592, 0.000205351054319, -0.00234052306041, 0.00317999976687, -0.00611542537808, 0.012179557234, -0.00570992100984, 0.00216763024218], [-0.000701799755916, 0.00335326464847, -0.00294272741303, 0.000313364551403, -0.0024236717727, 0.000836753693875, -0.00250255689025, 0.0020697817672, -0.00250483420677, 0.006409780588, -0.00570992100984, 0.0168382506818, -0.00474131153896], [0.000508522673044, -0.00163319776766, 0.000604464206845, -0.00067490641959, 0.000667037733365, 0.000523859751411, 0.00199490902014, -0.00197896710597, 0.000411516986787, -0.00173621904105, 0.00216763024218, -0.00474131153896, 0.0122212469578]]
    },
    "melbands": {
        "dmean": [0.000199074624106, 0.000101069053926, 5.98737133259e-05, 0.000180292816367, 0.000185329801752, 0.000120330361824, 0.000381642836146, 0.00035535483039, 0.000255092862062, 0.000192060266272, 4.37212147517e-05, 3.36096600222e-05, 2.67237774096e-05, 4.93468796776e-05, 2.91662345262e-05, 4.33881250501e-05, 4.4888281991e-05, 2.86618869723e-05, 2.68489984592e-05, 8.66493519425e-06, 5.15819328939e-06, 6.14555892753e-06, 7.45319312045e-06, 4.41737347501e-06, 1.82560847861e-06, 2.07178823075e-06, 2.38550205722e-06, 1.22240498968e-06, 5.35831986781e-07, 3.21735285524e-07, 2.43500494435e-07, 2.19427832349e-07, 2.64417394646e-07, 2.49832993404e-07, 2.62090793512e-07, 2.09849133626e-07, 2.1381278259e-07, 1.71029611806e-07, 1.96257801122e-07, 1.98813225438e-07],
        "dmean2": [0.000237937128986, 0.000111754729005, 8.2606668002e-05, 0.000273537734756, 0.000288497802103, 0.000172864791239, 0.00056267954642, 0.000511398189701, 0.000337076431606, 0.000245051574893, 5.61138585908e-05, 4.7601719416e-05, 3.83410879294e-05, 7.03411278664e-05, 4.38714996562e-05, 5.85354937357e-05, 6.56212650938e-05, 4.13956295233e-05, 3.73256370949e-05, 1.27031089505e-05, 6.88171439833e-06, 8.69342602527e-06, 1.04240116343e-05, 6.30518934486e-06, 2.75014008366e-06, 3.00780129692e-06, 3.48265803041e-06, 1.86830345683e-06, 8.54827248986e-07, 4.99826683154e-07, 3.70517312831e-07, 3.2125521443e-07, 4.00871414286e-07, 3.73951451138e-07, 3.86732523339e-07, 3.1688529134e-07, 3.32153035743e-07, 2.64823398766e-07, 3.00439666034e-07, 3.06816616558e-07],
        "dvar": [5.06546939505e-07, 7.60663638744e-08, 1.53623069821e-08, 1.28709729097e-07, 1.80761958291e-07, 6.39637676159e-08, 6.131820669e-07, 6.21096319264e-07, 5.68496375308e-07, 2.44497101676e-07, 1.57559139069e-08, 6.93542290264e-09, 1.09245767987e-08, 2.99811659943e-08, 1.43836080824e-08, 1.802786187e-08, 1.45443479482e-08, 4.97340835182e-09, 7.44989137047e-09, 6.88223533718e-10, 1.73005609838e-10, 2.46801440396e-10, 3.92920640468e-10, 1.48609957673e-10, 1.66972390775e-11, 2.06248577245e-11, 2.72426629866e-11, 1.03756395836e-11, 2.07059456386e-12, 9.98181572121e-13, 6.01515853186e-13, 3.36751324525e-13, 3.98062090018e-13, 3.41900173537e-13, 6.12131168237e-13, 2.29893144452e-13, 1.90357901967e-13, 1.64318713258e-13, 1.69418203967e-13, 1.7249553565e-13],
        "dvar2": [8.61007094954e-07, 1.21804305309e-07, 2.95163875563e-08, 2.21004611944e-07, 3.24066377289e-07, 1.06584479909e-07, 1.06864013105e-06, 1.31443437112e-06, 1.03737977497e-06, 4.27969951033e-07, 2.3066702326e-08, 1.33669173508e-08, 2.09222541514e-08, 5.51224630385e-08, 3.29218039496e-08, 3.11712824441e-08, 3.09957535194e-08, 1.00068655584e-08, 1.71236020918e-08, 1.29138000293e-09, 3.00126284936e-10, 5.0368781368e-10, 7.72872543742e-10, 2.77715433983e-10, 3.67786044675e-11, 4.166939363e-11, 5.93360846568e-11, 2.47546063509e-11, 5.25711158633e-12, 2.29923653901e-12, 1.30956898971e-12, 6.99455684344e-13, 9.27917139827e-13, 7.34672522471e-13, 1.14971129405e-12, 4.72553094745e-13, 4.22427988856e-13, 3.61644497985e-13, 3.63742185244e-13, 3.79658706817e-13],
        "max": [0.0159034337848, 0.00638643745333, 0.00226072291844, 0.00592735083774, 0.00760556431487, 0.00581075530499, 0.0159101057798, 0.0115891536698, 0.0143116358668, 0.0082985451445, 0.002229698468, 0.0018202647334, 0.00264621386304, 0.00316613470204, 0.00238900259137, 0.00301477406174, 0.00180728768464, 0.000834535807371, 0.0015349338064, 0.000468536396511, 0.000220506757614, 0.000217293214519, 0.00035826198291, 0.000293458811939, 6.11715076957e-05, 9.32671537157e-05, 8.44228125061e-05, 4.93320840178e-05, 1.77864803845e-05, 1.64708853845e-05, 1.2582097952e-05, 1.25492442749e-05, 8.79729941516e-06, 7.91642105469e-06, 2.1127418222e-05, 8.26843916002e-06, 7.00321606928e-06, 6.71681164022e-06, 5.69266831008e-06, 5.30782244823e-06],
        "mean": [0.000925984641071, 0.000450402061688, 0.000212405444472, 0.000428999250289, 0.000432085274952, 0.000287268892862, 0.000863384921104, 0.000806499505416, 0.00054827996064, 0.000501011323649, 0.000104175247543, 7.45044890209e-05, 5.62679670111e-05, 8.76137200976e-05, 4.30529507867e-05, 7.52209089114e-05, 7.91972342995e-05, 4.9257207138e-05, 3.94577509724e-05, 1.49704546857e-05, 9.67094638327e-06, 1.1337216165e-05, 1.43349961945e-05, 8.40827942739e-06, 3.68024507225e-06, 4.65497396362e-06, 5.00094529343e-06, 2.29163038057e-06, 8.00762563813e-07, 4.41051184907e-07, 3.40503305551e-07, 3.77975169386e-07, 4.38615330722e-07, 4.2340860773e-07, 4.44523095666e-07, 3.719785866e-07, 3.81234912084e-07, 2.71697729204e-07, 3.3778420061e-07, 3.80881175488e-07],
        "median": [3.42141035503e-08, 5.12665792485e-06, 6.55335461488e-05, 0.00021121930331, 0.000207361925277, 0.000144262652611, 0.0002553294471, 0.000207891134778, 9.21819955693e-05, 5.37220403203e-05, 2.33371192735e-05, 1.42020417115e-05, 7.37987784305e-06, 1.2633670849e-05, 7.14537827662e-06, 7.12040036888e-06, 5.8556820477e-06, 4.88585601488e-06, 3.78586514671e-06, 1.60265983595e-06, 9.65964659372e-07, 1.00698810002e-06, 1.38509324188e-06, 9.00684085536e-07, 3.65384778434e-07, 4.11601263295e-07, 4.11600638017e-07, 2.60590269363e-07, 1.11651267787e-07, 3.73693076483e-08, 2.24943299543e-08, 2.52589682503e-08, 4.08427283105e-08, 5.11797964009e-08, 6.32082262086e-08, 4.98848713448e-08, 5.64094868594e-08, 7.16902732734e-08, 5.21669285547e-08, 4.47128627457e-08],
        "min": [9.83723432763e-24, 8.13496005772e-24, 7.21078820801e-24, 9.28780375119e-24, 4.21468502365e-24, 8.3062872357e-24, 5.67088636151e-24, 3.43215157175e-24, 5.70792732532e-24, 4.74899431982e-24, 4.81049746586e-24, 4.82993105427e-24, 2.55953631814e-24, 2.9911779313e-24, 3.72823631303e-24, 9.24269037374e-24, 7.92691219346e-24, 3.28419498973e-24, 4.28419471345e-24, 8.36371394301e-24, 9.81488274274e-24, 8.09548861347e-24, 3.79261485707e-24, 4.27224347074e-24, 5.33363136402e-24, 6.45679258822e-24, 1.22363220569e-23, 9.02083349934e-24, 6.42553121383e-24, 8.86749550545e-24, 8.61473973825e-24, 7.48294600917e-24, 5.90528020785e-24, 6.64319095379e-24, 9.22778879124e-24, 7.929211723e-24, 5.67210870149e-24, 8.1536757827e-24, 1.01220186364e-23, 9.64986092997e-24],
        "stdev": [0.00236312579364, 0.000988147337921, 0.000372560316464, 0.000644684128929, 0.000773648673203, 0.000483729119878, 0.00146160973236, 0.00158614409156, 0.00133437593468, 0.00111186190043, 0.000224489936954, 0.000159667208209, 0.000156119655003, 0.00023931216856, 0.000132396657136, 0.00026042983518, 0.000192334424355, 0.00010797590221, 0.000102552388853, 3.78230324714e-05, 2.16567150346e-05, 2.57984047494e-05, 3.36287012033e-05, 2.01802577067e-05, 7.31720865588e-06, 1.07605974335e-05, 9.61692694545e-06, 4.61249646833e-06, 1.71926751591e-06, 1.26401403122e-06, 1.06413369849e-06, 9.68101062426e-07, 8.95015489277e-07, 8.24123503662e-07, 1.04621835817e-06, 7.32326611796e-07, 6.72794840284e-07, 5.40498319879e-07, 6.34908246866e-07, 6.99057409292e-07],
        "var": [5.58436340725e-06, 9.76435217126e-07, 1.38801198091e-07, 4.15617648741e-07, 5.98532267304e-07, 2.33993873167e-07, 2.13630301005e-06, 2.51585311162e-06, 1.78055915967e-06, 1.23623681247e-06, 5.03957302556e-08, 2.5493616107e-08, 2.43733460081e-08, 5.72703164892e-08, 1.7528874352e-08, 6.78237057627e-08, 3.69925317045e-08, 1.16587948185e-08, 1.05169917219e-08, 1.43058165314e-09, 4.69013328175e-10, 6.65557720048e-10, 1.13088949316e-09, 4.07242822797e-10, 5.35415427272e-11, 1.15790453614e-10, 9.24852763817e-11, 2.12751240236e-11, 2.95588076585e-12, 1.59773149572e-12, 1.13238043074e-12, 9.37219594467e-13, 8.01052692061e-13, 6.79179585836e-13, 1.09457289153e-12, 5.36302230923e-13, 4.52652916235e-13, 2.92138438007e-13, 4.03108509029e-13, 4.88681252582e-13]
    },
    "melbands128": {
