{
"lowlevel": {
    "average_loudness": 0.970736861229,
    "barkbands_crest": {
        "dmean": 3.35892558098,
        "dmean2": 5.50125980377,
        "dvar": 7.74109506607,
        "dvar2": 20.1895656586,
        "max": 25.5194396973,
        "mean": 11.6043167114,
        "median": 10.9870319366,
        "min": 2.85932421684,
        "stdev": 4.73062086105,
        "var": 22.3787727356
    },
    "barkbands_flatness_db": {
        "dmean": 0.0244169551879,
        "dmean2": 0.0389996059239,
        "dvar": 0.00049173575826,
        "dvar2": 0.00113032222725,
        "max": 0.306733429432,
        "mean": 0.106446914375,
        "median": 0.0987890139222,
        "min": 0.0292001739144,
        "stdev": 0.0409401580691,
        "var": 0.00167609646451
    },
    "barkbands_kurtosis": {
        "dmean": 3.51522374153,
        "dmean2": 5.68435573578,
        "dvar": 29.9452362061,
        "dvar2": 74.5680923462,
        "max": 72.1798248291,
        "mean": 4.18528175354,
        "median": 2.04187917709,
        "min": -1.61417627335,
        "stdev": 6.75088739395,
        "var": 45.5744819641
    },
    "barkbands_skewness": {
        "dmean": 0.661369085312,
        "dmean2": 1.04162442684,
        "dvar": 0.405287384987,
        "dvar2": 0.920750260353,
        "max": 7.34611225128,
        "mean": 1.78793692589,
        "median": 1.63891124725,
        "min": -1.96087801456,
        "stdev": 1.09067690372,
        "var": 1.18957602978
    },
    "barkbands_spread": {
        "dmean": 7.14231681824,
        "dmean2": 11.0082521439,
        "dvar": 45.0720596313,
        "dvar2": 101.110900879,
        "max": 90.701789856,
        "mean": 26.5742149353,
        "median": 26.2663917542,
        "min": 1.19681870937,
        "stdev": 11.5845251083,
        "var": 134.20123291
    },
    "dissonance": {
        "dmean": 0.0141556076705,
        "dmean2": 0.023801792413,
        "dvar": 0.000462762167444,
        "dvar2": 0.00115684024058,
        "max": 0.5,
        "mean": 0.477570652962,
        "median": 0.48238670826,
        "min": 0.0471603348851,
        "stdev": 0.0212775226682,
        "var": 0.000452732958365
    },
    "dynamic_complexity": 1.68571078777,
    "erbbands_crest": {
        "dmean": 2.31836080551,
        "dmean2": 3.8523273468,
        "dvar": 5.02525138855,
        "dvar2": 13.2531871796,
        "max": 30.6248073578,
        "mean": 7.09476518631,
        "median": 6.37967395782,
        "min": 2.35710048676,
        "stdev": 3.07841944695,
        "var": 9.4766664505
    },
    "erbbands_flatness_db": {
        "dmean": 0.0137736778706,
        "dmean2": 0.0208814498037,
        "dvar": 0.000190652877791,
        "dvar2": 0.000439206400188,
        "max": 0.306559294462,
        "mean": 0.114433400333,
        "median": 0.108871608973,
        "min": 0.047781791538,
        "stdev": 0.033827021718,
        "var": 0.00114426738583
    },
    "erbbands_kurtosis": {
        "dmean": 0.632706820965,
        "dmean2": 0.996869385242,
        "dvar": 1.37769854069,
        "dvar2": 3.87426447868,
        "max": 26.3122291565,
        "mean": 0.0705235078931,
        "median": -0.12534236908,
        "min": -1.65533530712,
        "stdev": 1.21870183945,
        "var": 1.48523426056
    },
    "erbbands_skewness": {
        "dmean": 0.276363939047,
        "dmean2": 0.434256523848,
        "dvar": 0.0789660587907,
        "dvar2": 0.19783039391,
        "max": 4.85006332397,
        "mean": 0.204851314425,
        "median": 0.157229721546,
        "min": -1.57353293896,
        "stdev": 0.499070823193,
        "var": 0.24907168746
    },
    "erbbands_spread": {
        "dmean": 9.85137271881,
        "dmean2": 14.888168335,
        "dvar": 87.0267105103,
        "dvar2": 192.814056396,
        "max": 132.451049805,
        "mean": 44.1703987122,
        "median": 42.0662765503,
        "min": 5.32248878479,
        "stdev": 16.7989120483,
        "var": 282.203460693
    },
    "hfc": {
        "dmean": 8.03517532349,
        "dmean2": 11.6949138641,
        "dvar": 70.2379302979,
        "dvar2": 129.078872681,
        "max": 86.6485900879,
        "mean": 32.5710449219,
        "median": 32.2965927124,
        "min": 1.16779638345e-16,
        "stdev": 16.4699516296,
        "var": 271.259307861
    },
    "loudness_ebu128": {
        "integrated": -7.33005189896,
        "loudness_range": 2.71385860443,
        "momentary": {
            "dmean": 0.336387604475,
            "dmean2": 0.44157910347,
            "dvar": 0.0951677635312,
            "dvar2": 0.1394495368,
            "max": -5.32539892197,
            "mean": -7.50614643097,
            "median": -7.22534704208,
            "min": -12.8301544189,
            "stdev": 1.30430054665,
            "var": 1.70119976997
        },
        "short_term": {
            "dmean": 0.0550317503512,
            "dmean2": 0.0606704764068,
            "dvar": 0.00228409608826,
            "dvar2": 0.00254103005864,
            "max": -5.78736495972,
            "mean": -7.31728649139,
            "median": -7.11136484146,
            "min": -9.27945804596,
            "stdev": 0.843595147133,
            "var": 0.711652815342
        }
    },
    "melbands_crest": {
        "dmean": 5.00223970413,
        "dmean2": 8.07608222961,
        "dvar": 16.8755893707,
        "dvar2": 44.3877105713,
        "max": 36.1142082214,
        "mean": 18.0841026306,
        "median": 17.5674762726,
        "min": 3.01209950447,
        "stdev": 7.10987091064,
        "var": 50.5502624512
    },
    "melbands_flatness_db": {
        "dmean": 0.0310482233763,
        "dmean2": 0.0481549613178,
        "dvar": 0.00075666885823,
        "dvar2": 0.00165077997372,
        "max": 0.386120855808,
        "mean": 0.179666996002,
        "median": 0.175399020314,
        "min": 0.00924795679748,
        "stdev": 0.0540444217622,
        "var": 0.00292079965584
    },
    "melbands_kurtosis": {
        "dmean": 10.1147069931,
        "dmean2": 16.6875400543,
        "dvar": 207.810546875,
        "dvar2": 502.043518066,
        "max": 143.68006897,
        "mean": 16.3287086487,
        "median": 10.1851062775,
        "min": -1.27945303917,
        "stdev": 18.8823375702,
        "var": 356.542694092
    },
    "melbands_skewness": {
        "dmean": 0.983221828938,
        "dmean2": 1.56741786003,
        "dvar": 0.942445158958,
        "dvar2": 2.14048433304,
        "max": 10.9396181107,
        "mean": 3.15926289558,
        "median": 2.83737015724,
        "min": -0.268059998751,
        "stdev": 1.67175924778,
        "var": 2.79477882385
    },
    "melbands_spread": {
        "dmean": 7.77860832214,
        "dmean2": 12.0713834763,
        "dvar": 59.1969337463,
        "dvar2": 120.60483551,
        "max": 135.421340942,
        "mean": 23.1498527527,
        "median": 20.6183643341,
        "min": 1.4177877903,
        "stdev": 13.2696218491,
        "var": 176.082855225
    },
    "pitch_salience": {
        "dmean": 0.10171250999,
        "dmean2": 0.166638955474,
        "dvar": 0.00820930954069,
        "dvar2": 0.0201193038374,
        "max": 0.832638800144,
        "mean": 0.51123124361,
        "median": 0.528953254223,
        "min": 0.127418577671,
        "stdev": 0.141791686416,
        "var": 0.0201048832387
    },
    "silence_rate_20dB": {
        "dmean": 0,
        "dmean2": 0,
        "dvar": 0,
        "dvar2": 0,
        "max": 1,
        "mean": 1,
        "median": 1,
        "min": 1,
        "stdev": 0,
        "var": 0
    },
    "silence_rate_30dB": {
        "dmean": 0.0464396290481,
        "dmean2": 0.0929512009025,
        "dvar": 0.0442823879421,
        "dvar2": 0.130784630775,
        "max": 1,
        "mean": 0.976798117161,
        "median": 1,
        "min": 0,
        "stdev": 0.150542899966,
        "var": 0.0226631630212
    },
    "silence_rate_60dB": {
        "dmean": 0.00386996893212,
        "dmean2": 0.00774593325332,
        "dvar": 0.0038549748715,
        "dvar2": 0.00768601242453,
        "max": 1,
        "mean": 0.00618716143072,
        "median": 0,
        "min": 0,
        "stdev": 0.078413978219,
        "var": 0.00614875229076
    },
    "spectral_centroid": {
        "dmean": 311.369506836,
        "dmean2": 459.221496582,
        "dvar": 147801.46875,
        "dvar2": 235694.703125,
        "max": 10774.609375,
        "mean": 1512.10461426,
        "median": 1551.90039062,
        "min": 266.01776123,
        "stdev": 529.04095459,
        "var": 279884.34375
    },
    "spectral_complexity": {
        "dmean": 4.65402460098,
        "dmean2": 7.0038728714,
        "dvar": 16.7076816559,
        "dvar2": 31.6986923218,
        "max": 54,
        "mean": 28.150812149,
        "median": 28,
        "min": 0,
        "stdev": 9.72728061676,
        "var": 94.6199874878
    },
    "spectral_decrease": {
        "dmean": 4.99983610069e-09,
        "dmean2": 7.94702526008e-09,
        "dvar": 2.94243694881e-17,
        "dvar2": 7.56592129277e-17,
        "max": 2.08730124463e-30,
        "mean": -1.2550700923e-08,
        "median": -1.1194257965e-08,
        "min": -3.87265650659e-08,
        "stdev": 7.3332433459e-09,
        "var": 5.37764608425e-17
    },
    "spectral_energy": {
        "dmean": 0.0193125493824,
        "dmean2": 0.0305737443268,
        "dvar": 0.00042971939547,
        "dvar2": 0.00110206822865,
        "max": 0.150729045272,
        "mean": 0.0503235049546,
        "median": 0.0454328209162,
        "min": 1.05843858218e-20,
        "stdev": 0.028303662315,
        "var": 0.000801097310614
    },
    "spectral_energyband_high": {
        "dmean": 0.000532900216058,
        "dmean2": 0.000785999291111,
        "dvar": 4.79811831156e-07,
        "dvar2": 8.7337707555e-07,
        "max": 0.00886760093272,
        "mean": 0.00167308328673,
        "median": 0.00146580592263,
        "min": 7.83889016596e-21,
        "stdev": 0.00124628131744,
        "var": 1.55321720285e-06
    },
    "spectral_energyband_low": {
        "dmean": 0.0163025818765,
        "dmean2": 0.0271536298096,
        "dvar": 0.00044655232341,
        "dvar2": 0.00122445775196,
        "max": 0.138409346342,
        "mean": 0.0276491641998,
        "median": 0.0208953041583,
        "min": 6.93580328713e-23,
        "stdev": 0.0253729708493,
        "var": 0.000643787672743
    },
    "spectral_energyband_middle_high": {
        "dmean": 0.00241524702869,
        "dmean2": 0.00353978388011,
        "dvar": 5.81378526476e-06,
        "dvar2": 1.28795372802e-05,
        "max": 0.0336143933237,
        "mean": 0.00827817525715,
        "median": 0.00753154279664,
        "min": 1.46426074162e-21,
        "stdev": 0.00524179032072,
        "var": 2.74763660855e-05
    },
    "spectral_energyband_middle_low": {
        "dmean": 0.00886996183544,
        "dmean2": 0.0148446979001,
        "dvar": 0.000148858074681,
        "dvar2": 0.000390795205021,
        "max": 0.0937252640724,
        "mean": 0.0144863678142,
        "median": 0.0106999669224,
        "min": 4.24760778643e-22,
        "stdev": 0.0129164224491,
        "var": 0.000166833968251
    },
    "spectral_entropy": {
        "dmean": 0.129100799561,
        "dmean2": 0.195455908775,
        "dvar": 0.0204313900322,
        "dvar2": 0.0455389618874,
        "max": 9.80583953857,
        "mean": 7.95861053467,
        "median": 7.98782968521,
        "min": 5.95351552963,
        "stdev": 0.224098846316,
        "var": 0.0502202920616
    },
    "spectral_flux": {
        "dmean": 0.0390205234289,
        "dmean2": 0.0584589615464,
        "dvar": 0.00149766053073,
        "dvar2": 0.00256033916958,
        "max": 0.354598253965,
        "mean": 0.134009465575,
        "median": 0.118161275983,
        "min": 1.02880447217e-10,
        "stdev": 0.0625943914056,
        "var": 0.00391805823892
    },
    "spectral_kurtosis": {
        "dmean": 0.782266676426,
        "dmean2": 1.24976563454,
        "dvar": 0.878545820713,
        "dvar2": 2.09835982323,
        "max": 19.8321743011,
        "mean": 2.97379469872,
        "median": 2.84465360641,
        "min": -1.15842306614,
        "stdev": 1.33954489231,
        "var": 1.79438054562
    },
    "spectral_rms": {
        "dmean": 0.00128261349164,
        "dmean2": 0.00198979536071,
        "dvar": 1.47374350945e-06,
        "dvar2": 3.55630822924e-06,
        "max": 0.0121265295893,
        "mean": 0.00671432213858,
        "median": 0.00665768003091,
        "min": 3.21344513499e-12,
        "stdev": 0.00200350559317,
        "var": 4.01403485739e-06
    },
    "spectral_rolloff": {
        "dmean": 552.063415527,
        "dmean2": 911.850524902,
        "dvar": 1014615.375,
        "dvar2": 1974837.375,
        "max": 18174.0234375,
        "mean": 1289.4119873,
        "median": 1119.7265625,
        "min": 64.599609375,
        "stdev": 1247.10754395,
        "var": 1555277.25
    },
    "spectral_skewness": {
        "dmean": 0.148784860969,
        "dmean2": 0.224587276578,
        "dvar": 0.0245120972395,
        "dvar2": 0.051968652755,
        "max": 3.3398194313,
        "mean": 1.4194009304,
        "median": 1.39531207085,
        "min": 0.0303847156465,
        "stdev": 0.251154005527,
        "var": 0.0630783364177
    },
    "spectral_spread": {
        "dmean": 620855.25,
        "dmean2": 888442.9375,
        "dvar": 1.0443955241e+12,
        "dvar2": 1.33713507123e+12,
        "max": 39488008,
        "mean": 5666102,
        "median": 5363261,
        "min": 2767634,
        "stdev": 1737654.875,
        "var": 3.0194443223e+12
    },
    "spectral_strongpeak": {
        "dmean": 0.406827807426,
        "dmean2": 0.690138816833,
        "dvar": 0.478088796139,
        "dvar2": 1.21486151218,
        "max": 6.54804801941,
        "mean": 0.679588258266,
        "median": 0.416183769703,
        "min": 0,
        "stdev": 0.830012559891,
        "var": 0.688920855522
    },
    "zerocrossingrate": {
        "dmean": 0.012586469762,
        "dmean2": 0.0152108501643,
        "dvar": 0.000338426470989,
        "dvar2": 0.000389271561289,
        "max": 0.49560546875,
        "mean": 0.0640535876155,
        "median": 0.06005859375,
        "min": 0.00146484375,
        "stdev": 0.0325366929173,
        "var": 0.00105863634963
    },
    "barkbands": {
        "dmean": [0.00108521443326, 0.00932768266648, 0.00854475982487, 0.00351619417779, 0.00414178334177, 0.00165452877991, 0.0011562545551, 0.000646310625598, 0.000970433175098, 0.000859039952047, 0.00050218339311, 0.000562863249797, 0.000563867157325, 0.000776424596552, 0.000509416917339, 0.000312260730425, 0.00029243613244, 0.000208281737287, 0.00013388019579, 0.000148872932186, 0.000131587221404, 0.000109227941721, 9.61087571341e-05, 0.000146072503412, 0.000103817037598, 7.38588132663e-05, 7.89032128523e-06],
        "dmean2": [0.00162143306807, 0.0142188481987, 0.0150446491316, 0.00646736938506, 0.00688602775335, 0.00282688136213, 0.00191600469407, 0.00106517015956, 0.00145620992407, 0.00134131067898, 0.000789686397184, 0.000919610843994, 0.000932820898015, 0.00123181077652, 0.000779965310358, 0.000492846884299, 0.000462601019535, 0.000327547750203, 0.00021408732573, 0.000235238316236, 0.000200442940695, 0.000164116398082, 0.000147115002619, 0.00021890377684, 0.000152084510773, 0.000109145417809, 1.33795847432e-05],
        "dvar": [2.14198234971e-06, 0.000111905334052, 0.000348616624251, 6.17371042608e-05, 3.37231504091e-05, 9.12253017304e-06, 5.04213085151e-06, 1.60351441991e-06, 2.57789793068e-06, 1.98934640139e-06, 4.53084254559e-07, 7.06883952262e-07, 8.17463785552e-07, 1.66082406849e-06, 6.08984748851e-07, 3.44496697835e-07, 1.1955910395e-07, 5.31603028264e-08, 2.08799928458e-08, 2.25170566637e-08, 2.20617764057e-08, 1.87805930807e-08, 1.98382288374e-08, 5.43773701622e-08, 4.06223996663e-08, 1.64253641799e-08, 2.03282224387e-10],
        "dvar2": [4.73000864076e-06, 0.000264395057457, 0.000908418383915, 0.000174416942173, 8.49973948789e-05, 2.4169235985e-05, 1.13648175102e-05, 3.76205093744e-06, 5.39268557986e-06, 4.59112743556e-06, 1.00640920664e-06, 1.61238949659e-06, 2.15517184188e-06, 3.9228652895e-06, 1.24616394714e-06, 7.89996818185e-07, 2.88357540512e-07, 1.28379952002e-07, 5.02691008819e-08, 5.63622393202e-08, 4.96111631776e-08, 3.86032006361e-08, 3.88079648417e-08, 1.16849356857e-07, 7.44605728187e-08, 3.18991162374e-08, 5.19897236373e-10],
        "max": [0.0162323210388, 0.0950121730566, 0.103237017989, 0.0579352453351, 0.0488456226885, 0.0373683832586, 0.0287780929357, 0.0186610016972, 0.0229922477156, 0.0180848594755, 0.00786012969911, 0.0137470820919, 0.0147874001414, 0.0175068676472, 0.0110658854246, 0.00969369057566, 0.00356506952085, 0.00226753856987, 0.00179907074198, 0.00150004320312, 0.00172210671008, 0.00202934653498, 0.00246146414429, 0.00389140541665, 0.00266535347328, 0.00218650558963, 0.000212429993553],
        "mean": [0.00167583033908, 0.0175526514649, 0.00687241461128, 0.00273851398379, 0.00516450824216, 0.00216279155575, 0.00164433417376, 0.000903691805433, 0.00153288687579, 0.00129401416052, 0.00083251792239, 0.00099090684671, 0.000969866523519, 0.00128832750488, 0.000900759128854, 0.000593983684666, 0.000566296337638, 0.000453628628748, 0.000317534810165, 0.000363930856111, 0.000346895307302, 0.000273750192719, 0.000244948605541, 0.000317855068715, 0.000192671024706, 0.000119370968605, 8.61962871568e-06],
        "median": [0.000984865007922, 0.0138617092744, 0.00154462072533, 0.000940170779359, 0.00289015797898, 0.00125776859932, 0.000752377382014, 0.000430708372733, 0.000787782482803, 0.000661157188006, 0.000441907905042, 0.000539028609637, 0.000583297223784, 0.000629978312645, 0.000484968564706, 0.000335147866281, 0.000406300940085, 0.000331888382789, 0.000253786711255, 0.000318029371556, 0.000278660561889, 0.000209849735256, 0.000188864069059, 0.000230796926189, 0.000117881070764, 7.18617739039e-05, 4.08488176618e-06],
        "min": [2.85611003485e-23, 2.07443186595e-23, 2.7934063214e-23, 4.28984611298e-23, 3.56278993532e-23, 1.89078252286e-23, 1.93478707742e-23, 5.03076636326e-23, 2.39660032461e-22, 3.76116668043e-23, 5.87421360323e-23, 9.5011518141e-23, 7.13366033067e-23, 8.78012348039e-23, 9.47003724673e-23, 5.5147757582e-23, 1.09243666966e-22, 2.3509700855e-22, 3.95419393885e-22, 3.67300730908e-22, 3.38317653084e-22, 4.92369616586e-22, 6.41832984462e-22, 7.89226886194e-22, 1.3083941456e-21, 1.8803174436e-21, 2.42805318078e-21],
        "stdev": [0.00204440159723, 0.0159436874092, 0.01611045748, 0.00616543972865, 0.00636777607724, 0.00312933837995, 0.00288481870666, 0.00156675721519, 0.00222745491192, 0.0018495315453, 0.00104842148721, 0.00134418800008, 0.00122489698697, 0.00172722176649, 0.00125634600408, 0.000856701575685, 0.00053688621847, 0.000387396197766, 0.00026167568285, 0.000256979663391, 0.0002753395529, 0.000242022579187, 0.000236904044868, 0.000343962019542, 0.000282147666439, 0.000175732318894, 1.53377150127e-05],
        "var": [4.17957744503e-06, 0.000254201149801, 0.000259546854068, 3.80126475648e-05, 4.05485698138e-05, 9.79275864665e-06, 8.32217938296e-06, 2.45472801907e-06, 4.9615550779e-06, 3.42076691595e-06, 1.09918755697e-06, 1.80684128281e-06, 1.50037260482e-06, 2.98329496218e-06, 1.57840520387e-06, 7.3393761113e-07, 2.88246781111e-07, 1.50075820216e-07, 6.84741650048e-08, 6.60385452989e-08, 7.58118687827e-08, 5.85749297954e-08, 5.61235289354e-08, 1.18309870345e-07, 7.96073109655e-08, 3.08818499661e-08, 2.35245489755e-10]
    },
    "erbbands": {
        "dmean": [0.458666115999, 1.62423861027, 8.15996837616, 11.3399085999, 13.6494274139, 13.7354011536, 11.6661453247, 15.1973791122, 17.8472042084, 12.351354599, 14.8296470642, 21.9064979553, 24.9293479919, 21.8452568054, 17.422624588, 21.020532608, 24.3466720581, 30.8048000336, 33.0725021362, 21.4454250336, 16.1889133453, 16.275806427, 12.0639925003, 6.32026576996, 7.34616565704, 7.22320365906, 5.30431985855, 5.40697336197, 4.08419466019, 2.87642049789, 2.88649058342, 3.32407808304, 2.35499668121, 1.23378896713, 0.736944496632, 0.396860033274, 0.123241521418, 0.0232386142015, 0.000754773151129, 3.3224136132e-05],
        "dmean2": [0.676325976849, 2.64316320419, 13.9446134567, 19.9780540466, 23.0084781647, 23.7545909882, 20.118719101, 25.933588028, 29.7664108276, 19.784236908, 23.927438736, 33.6543426514, 39.081615448, 34.3116149902, 26.905620575, 33.919002533, 39.9168243408, 48.6982460022, 52.3388290405, 32.8720092773, 25.6085605621, 25.4686737061, 18.951461792, 10.0052719116, 11.6841869354, 11.5356664658, 8.06317996979, 8.24987602234, 6.23555278778, 4.32949924469, 4.40767908096, 5.11474943161, 3.51883721352, 1.7919870615, 1.10174107552, 0.5873670578, 0.185851618648, 0.0369190014899, 0.0012494608527, 5.26019175595e-05],
        "dvar": [0.309655606747, 3.98085308075, 300.203613281, 592.106445312, 447.325164795, 445.1355896, 280.278656006, 887.022521973, 1425.75195312, 412.240722656, 867.386108398, 1494.32434082, 1581.86962891, 951.866394043, 558.540466309, 940.444824219, 1379.60083008, 2560.52441406, 2771.97875977, 1486.77124023, 625.03112793, 417.213806152, 196.792678833, 48.7773590088, 62.5671424866, 55.7375679016, 34.9246711731, 37.9646568298, 26.3285694122, 16.7569828033, 17.8213291168, 26.3259086609, 16.3238372803, 5.23743534088, 2.03867316246, 0.496305912733, 0.0520961210132, 0.00172149820719, 2.36929463426e-06, 1.57586010907e-09],
        "dvar2": [0.654346466064, 9.65424060822, 775.887451172, 1572.9296875, 1148.265625, 1188.25854492, 779.362854004, 2282.51171875, 3300.67236328, 873.323791504, 2037.56298828, 3238.63061523, 3542.24633789, 2345.62963867, 1253.63464355, 2328.15014648, 3468.39819336, 6095.34619141, 6599.92041016, 3219.0949707, 1429.98999023, 1014.68292236, 478.514923096, 124.354911804, 146.522964478, 140.378372192, 83.2638320923, 84.115737915, 53.3903694153, 33.9224243164, 35.2834091187, 60.5575180054, 33.7435646057, 9.30655384064, 4.01365470886, 0.981319010258, 0.101496510208, 0.00389021565206, 5.73449824515e-06, 3.4810778704e-09],
        "max": [4.86405134201, 15.4957399368, 98.3187789917, 155.083328247, 142.254638672, 218.052108765, 168.074493408, 352.441436768, 477.508789062, 422.265625, 397.342315674, 526.770080566, 555.654846191, 392.903930664, 392.785552979, 426.251922607, 545.419677734, 888.358337402, 787.394042969, 768.175842285, 322.127319336, 237.081771851, 160.052047729, 87.2442703247, 93.7493743896, 81.5623397827, 86.3970565796, 71.7348098755, 70.4878768921, 82.0573120117, 77.7729492188, 87.5300598145, 56.1543197632, 31.5940761566, 19.6933994293, 8.89674472809, 4.54404735565, 0.727530300617, 0.0251286905259, 0.000556840037461],
        "mean": [0.781638920307, 2.88886380196, 7.0688123703, 9.62672328949, 13.8307590485, 16.2365570068, 16.3631706238, 19.5179672241, 24.187335968, 19.6364173889, 22.8630371094, 34.0620269775, 40.5204811096, 38.8878631592, 33.1162109375, 38.6380615234, 46.026725769, 56.6365356445, 58.2354278564, 40.8312835693, 33.4508171082, 33.1211700439, 27.6793346405, 15.2032175064, 18.422208786, 17.4746494293, 13.8001937866, 13.459113121, 10.3593225479, 7.37178468704, 7.11871385574, 7.07209634781, 4.78885269165, 2.39897441864, 1.25228595734, 0.625230789185, 0.197539284825, 0.0335921309888, 0.000985448015854, 8.6526873929e-05],
        "median": [0.530792295933, 2.15089201927, 2.00835061073, 3.00950860977, 5.41117477417, 8.83851146698, 10.9168195724, 10.7452068329, 11.5971622467, 9.49853038788, 11.8812227249, 17.5193004608, 22.3850212097, 24.435754776, 20.5130176544, 24.0512199402, 29.7219562531, 33.8787994385, 31.3906173706, 21.9809341431, 20.6112270355, 23.5653820038, 20.5022697449, 12.1139287949, 15.7669410706, 14.9682626724, 11.2388620377, 10.8605127335, 8.19106769562, 5.59164905548, 5.4367275238, 5.18956518173, 3.3230714798, 1.49206900597, 0.730306267738, 0.355486541986, 0.123178377748, 0.0201460886747, 0.000530241406523, 7.76274973759e-05],
        "min": [3.94084893669e-22, 5.78969842848e-21, 3.58942877602e-20, 7.92112872095e-20, 1.08341544617e-19, 1.72707582932e-19, 6.51327765814e-20, 1.99357235543e-19, 2.91596236122e-19, 5.62568998416e-19, 2.53127483122e-18, 5.395515088e-18, 1.80729637381e-18, 1.83200239755e-18, 1.94938656431e-18, 4.09025716861e-18, 3.68250262156e-18, 4.0825308881e-18, 5.18637115551e-18, 3.74586052058e-18, 3.99408005161e-18, 6.89208458022e-18, 1.17925804617e-17, 1.7305055166e-17, 2.00346982478e-17, 1.80011772823e-17, 1.46083140202e-17, 1.28455888261e-17, 2.02019210805e-17, 1.92149341367e-17, 1.5966347717e-17, 1.32870220318e-17, 1.53936740353e-17, 1.24172573341e-17, 9.96415810181e-18, 7.40185283068e-18, 3.20957885674e-18, 1.48439329021e-18, 3.61572174577e-19, 3.29055775783e-20],
        "stdev": [0.806702792645, 2.76663017273, 15.3698740005, 20.655002594, 20.7174110413, 21.6045093536, 18.1660289764, 31.3748588562, 46.7025566101, 30.3103485107, 36.1565895081, 50.2472953796, 53.5699119568, 43.4248504639, 39.5328445435, 46.1553039551, 54.6678390503, 67.5399627686, 74.3065795898, 59.4544792175, 39.9797592163, 31.186630249, 23.4953746796, 12.3963460922, 13.6809663773, 12.662946701, 10.9159603119, 11.1342592239, 8.96891117096, 6.94415140152, 7.07050228119, 7.34922933578, 5.7478685379, 3.26258707047, 1.91551542282, 0.947091460228, 0.304647028446, 0.0502857863903, 0.00168757839128, 5.37412815902e-05],
        "var": [0.650769352913, 7.65424251556, 236.233032227, 426.629150391, 429.211090088, 466.75479126, 330.004577637, 984.381774902, 2181.12866211, 918.717224121, 1307.29882812, 2524.79052734, 2869.7355957, 1885.71765137, 1562.84594727, 2130.31201172, 2988.57275391, 4561.64648438, 5521.46728516, 3534.83496094, 1598.38110352, 972.605957031, 552.032653809, 153.669403076, 187.16885376, 160.350219727, 119.158180237, 123.971733093, 80.441368103, 48.2212409973, 49.9920005798, 54.0111732483, 33.0379905701, 10.6444749832, 3.66919946671, 0.896982192993, 0.0928098037839, 0.00252866046503, 2.84792076855e-06, 2.88812529448e-09]
    },
    "gfcc": {
        "mean": [62.3000411987, 66.8114700317, -107.495735168, 31.4743652344, -52.6968841553, 26.3413543701, -37.5713691711, 12.8859863281, -24.5737476349, 10.0163450241, -16.383731842, 6.54178905487, -8.99238109589],
        "cov": [[3839.55957031, 163.859344482, 258.778991699, 374.29598999, 7.07820510864, 137.132324219, -40.5314788818, 101.643226624, -10.642367363, 60.0518951416, -82.5012054443, -10.087061882, -84.0300979614], [163.859344482, 732.267211914, 307.386474609, 329.112976074, 263.238769531, 67.1509552002, 159.972137451, 95.2457275391, 109.474884033, 26.9606494904, 49.4225006104, -61.4007644653, -31.2559280396], [258.778991699, 307.386474609, 777.168701172, 295.253509521, 232.743881226, 95.6769943237, 56.4100837708, 125.586097717, 55.7702827454, 82.0215072632, 23.0656242371, 6.7999625206, -36.2945785522], [374.29598999, 329.112976074, 295.253509521, 404.266937256, 240.048110962, 116.199691772, 122.79724884, 92.7880859375, 86.0955276489, 35.8118515015, 23.9023094177, -15.1520366669, -5.93243360519], [7.07820510864, 263.238769531, 232.743881226, 240.048110962, 324.875366211, 99.764793396, 135.411758423, 92.0560455322, 66.7841033936, 44.622959137, 15.2355680466, -4.08913516998, -8.05380439758], [137.132324219, 67.1509552002, 95.6769943237, 116.199691772, 99.764793396, 136.95892334, 111.49520874, 58.8475036621, 29.3664188385, 24.3971881866, 30.7958526611, 7.39759778976, -0.725024163723], [-40.5314788818, 159.972137451, 56.4100837708, 122.79724884, 135.411758423, 111.49520874, 201.185516357, 80.8985977173, 41.4873695374, 22.2519664764, 45.6044082642, 6.80862569809, -10.9917144775], [101.643226624, 95.2457275391, 125.586097717, 92.7880859375, 92.0560455322, 58.8475036621, 80.8985977173, 115.443061829, 74.1298904419, 45.3002281189, 25.5506973267, 6.61647796631, 10.0225753784], [-10.642367363, 109.474884033, 55.7702827454, 86.0955276489, 66.7841033936, 29.3664188385, 41.4873695374, 74.1298904419, 129.256134033, 52.0577278137, 22.0510940552, -9.76023483276, 20.65284729], [60.0518951416, 26.9606494904, 82.0215072632, 35.8118515015, 44.622959137, 24.3971881866, 22.2519664764, 45.3002281189, 52.0577278137, 83.2445602417, 44.0591964722, 19.4655838013, 10.0500183105], [-82.5012054443, 49.4225006104, 23.0656242371, 23.9023094177, 15.2355680466, 30.7958526611, 45.6044082642, 25.5506973267, 22.0510940552, 44.0591964722, 84.8321609497, 37.0261650085, 14.2998142242], [-10.087061882, -61.4007644653, 6.7999625206, -15.1520366669, -4.08913516998, 7.39759778976, 6.80862569809, 6.61647796631, -9.76023483276, 19.4655838013, 37.0261650085, 76.2233505249, 33.535282135], [-84.0300979614, -31.2559280396, -36.2945785522, -5.93243360519, -8.05380439758, -0.725024163723, -10.9917144775, 10.0225753784, 20.65284729, 10.0500183105, 14.2998142242, 33.535282135, 71.0747070312]],
        "icov": [[0.000485479802592, -0.000416802096879, 0.000393912865547, -0.000826805422548, 0.000809500692412, -0.00101978541352, 0.000963688013144, -0.00110290758312, 0.000930871407036, -0.00136367511004, 0.00165629782714, -0.0011043184204, 0.00101885409094], [-0.000416802096879, 0.00399960996583, -0.00128203339409, -0.000738082220778, -0.0019851361867, 0.00378322252072, -0.00290337228216, 0.00182429677807, -0.00232195318677, 0.00364386476576, -0.00529718585312, 0.00469287764281, -0.00133181305137], [0.000393912865547, -0.00128203339409, 0.00311720604077, -0.0017675999552, 0.00027128806687, -0.00209152209572, 0.00328564364463, -0.00377302267589, 0.00259904097766, -0.00323171401396, 0.00256154686213, -0.00270158844069, 0.00285684945993], [-0.000826805422548, -0.000738082220778, -0.0017675999552, 0.00801103189588, -0.00358901848085, -0.00143146526534, -0.0011179514695, 0.00270656729117, -0.00364656257443, 0.00383500056341, -0.00258955615573, 0.00166252895724, -0.00225799833424], [0.000809500692412, -0.0019851361867, 0.00027128806687, -0.00358901848085, 0.00901081040502, -0.00249205133878, -0.00117299077101, -0.00222911383025, 0.00215147808194, -0.00573755055666, 0.00722357397899, -0.0036337361671, 0.00149889534805], [-0.00101978541352, 0.00378322252072, -0.00209152209572, -0.00143146526534, -0.00249205133878, 0.0198878981173, -0.0107124457136, 0.00159862230066, -0.00116097647697, 0.0032222410664, -0.00691430876032, 0.00577982189134, -0.00414535636082], [0.000963688013144, -0.00290337228216, 0.00328564364463, -0.0011179514695, -0.00117299077101, -0.0107124457136, 0.0177507661283, -0.00953415222466, 0.00319570349529, 0.00030217145104, -0.000509002595209, -0.00489092012867, 0.00673325592652], [-0.00110290758312, 0.00182429677807, -0.00377302267589, 0.00270656729117, -0.00222911383025, 0.00159862230066, -0.00953415222466, 0.0257464051247, -0.0116786472499, 0.000469816674013, -0.00194390700199, 0.00195882841945, -0.00474984105676], [0.000930871407036, -0.00232195318677, 0.00259904097766, -0.00364656257443, 0.00215147808194, -0.00116097647697, 0.00319570349529, -0.0116786472499, 0.0207123830914, -0.0118166049942, 0.00428649224341, 0.00328530045226, -0.00328492885455], [-0.00136367511004, 0.00364386476576, -0.00323171401396, 0.00383500056341, -0.00573755055666, 0.0032222410664, 0.00030217145104, 0.000469816674013, -0.0118166049942, 0.0318405069411, -0.0186871308833, 0.00282167899422, -0.000617025885731], [0.00165629782714, -0.00529718585312, 0.00256154686213, -0.00258955615573, 0.00722357397899, -0.00691430876032, -0.000509002595209, -0.00194390700199, 0.00428649224341, -0.0186871308833, 0.0336144380271, -0.0162755921483, 0.00397714972496], [-0.0011043184204, 0.00469287764281, -0.00270158844069, 0.00166252895724, -0.0036337361671, 0.00577982189134, -0.00489092012867, 0.00195882841945, 0.00328530045226, 0.00282167899422, -0.0162755921483, 0.0308157615364, -0.0144869945943], [0.00101885409094, -0.00133181305137, 0.00285684945993, -0.00225799833424, 0.00149889534805, -0.00414535636082, 0.00673325592652, -0.00474984105676, -0.00328492885455, -0.000617025885731, 0.00397714972496, -0.0144869945943, 0.0248746611178]]
    },
    "melbands": {
        "dmean": [0.00316370232031, 0.00313508370891, 0.00188532925677, 0.0009829091141, 0.000445431796834, 0.000329756818246, 0.000258909363765, 0.000132771208882, 0.000125949140056, 0.000142027944094, 0.000131470500492, 9.60178876994e-05, 6.44192332402e-05, 5.90895069763e-05, 6.93071924616e-05, 5.43729474884e-05, 6.3302955823e-05, 6.29587157164e-05, 3.733505946e-05, 2.52510963037e-05, 1.96918626898e-05, 1.92119441635e-05, 1.50615232997e-05, 9.5118975878e-06, 5.45419879927e-06, 5.53282370674e-06, 6.34336265648e-06, 5.10328345626e-06, 3.54562803295e-06, 3.69344411411e-06, 3.45838020621e-06, 2.7037253858e-06, 2.01454372473e-06, 1.6775260292e-06, 1.77414119662e-06, 1.98486100089e-06, 2.26367001233e-06, 1.85393832908e-06, 1.39299118018e-06, 1.01496243587e-06],
        "dmean2": [0.00468893442303, 0.00523960730061, 0.00324569270015, 0.00164462230168, 0.000771956401877, 0.000559632258955, 0.000431111489888, 0.000212709681364, 0.00019852227706, 0.000218120985664, 0.000206476208405, 0.000150756037328, 9.95948576019e-05, 9.64672290138e-05, 0.000112384463137, 8.87551723281e-05, 9.98276227619e-05, 0.000101079247543, 5.79131847189e-05, 3.92928341171e-05, 3.16637342621e-05, 3.05261346512e-05, 2.43339891313e-05, 1.51804033521e-05, 8.79164235812e-06, 8.96448000276e-06, 9.96587459667e-06, 8.23624941404e-06, 5.50685672351e-06, 5.7426946114e-06, 5.37731420991e-06, 4.18676518166e-06, 3.10752375299e-06, 2.56582052316e-06, 2.74400258604e-06, 3.01914769807e-06, 3.52436018147e-06, 2.79730898001e-06, 2.11312885767e-06, 1.47975288201e-06],
        "dvar": [1.37906063173e-05, 3.57742901542e-05, 1.33238954731e-05, 2.06178879125e-06, 3.90207702594e-07, 3.94030365669e-07, 2.76155844858e-07, 4.55661677279e-08, 5.42999494257e-08, 6.45612487915e-08, 4.40068035346e-08, 2.05485992666e-08, 7.59785212523e-09, 8.36268121418e-09, 1.14003473328e-08, 6.48152376215e-09, 1.19294814027e-08, 1.21957253185e-08, 3.59450402776e-09, 3.20789927954e-09, 8.08103473027e-10, 6.02438543496e-10, 3.51480206051e-10, 1.13274022107e-10, 4.08685828235e-11, 3.85706223904e-11, 5.02694726123e-11, 2.90517141593e-11, 1.75562342442e-11, 1.88031777648e-11, 1.59033480829e-11, 1.12748265585e-11, 7.90422848701e-12, 5.61024490753e-12, 7.52283738775e-12, 7.11468601047e-12, 1.30431117296e-11, 9.97676594117e-12, 6.5425265032e-12, 3.70801826743e-12],
        "dvar2": [3.0964933103e-05, 9.11664392333e-05, 3.45410953742e-05, 5.29103817826e-06, 1.07436494545e-06, 1.02275328118e-06, 6.42728707589e-07, 9.76636655992e-08, 1.23816818132e-07, 1.35336449603e-07, 9.86041612805e-08, 4.92402314478e-08, 1.69396230376e-08, 1.8944222191e-08, 2.89466104419e-08, 1.63498974359e-08, 2.83236882836e-08, 2.95848696652e-08, 7.86394060981e-09, 7.58700480219e-09, 1.87965465415e-09, 1.472973854e-09, 8.89487150602e-10, 2.65427790858e-10, 1.08964740009e-10, 9.11401232262e-11, 1.23237739458e-10, 7.8071445142e-11, 4.31675875601e-11, 4.56104772006e-11, 3.70334457545e-11, 2.43366975877e-11, 1.73709484297e-11, 1.1839349813e-11, 1.63266310194e-11, 1.55665914187e-11, 3.12019368676e-11, 2.17088222398e-11, 1.24962713788e-11, 6.87116682996e-12],
        "max": [0.0332122333348, 0.0357796438038, 0.0240654367954, 0.0127382855862, 0.0067919162102, 0.00745933037251, 0.00666307937354, 0.00422747386619, 0.00315853371285, 0.00313920108601, 0.00280052912422, 0.00193314964417, 0.00126572023146, 0.00167183834128, 0.00191795884166, 0.00112924014684, 0.00200688373297, 0.00174652435817, 0.000773396808654, 0.000949557928834, 0.000396028772229, 0.000253612233792, 0.000186029952602, 0.000115910159366, 7.75111911935e-05, 7.89360055933e-05, 7.81179915066e-05, 5.10609097546e-05, 6.03582775511e-05, 4.00908102165e-05, 4.18677882408e-05, 4.01167999371e-05, 5.04173476656e-05, 4.42099772044e-05, 4.97476212331e-05, 4.85688069602e-05, 6.42861632514e-05, 4.40505173174e-05, 4.0890652599e-05, 3.00865558529e-05],
        "mean": [0.00570922251791, 0.00357036711648, 0.00177044700831, 0.00111814844422, 0.000619029859081, 0.000437561480794, 0.000354197254637, 0.000208339697565, 0.000195286775124, 0.000217004446313, 0.00020580861019, 0.000162267344422, 0.000114504269732, 0.000102119607618, 0.000111004614155, 9.34421332204e-05, 0.000109131462523, 0.000100823344837, 6.53296810924e-05, 4.4321972382e-05, 3.74823357561e-05, 3.50998961949e-05, 2.94037890853e-05, 1.99291134777e-05, 1.10659766506e-05, 1.25415308503e-05, 1.40381107485e-05, 1.08773729153e-05, 8.3456206994e-06, 8.30939370644e-06, 7.73259125708e-06, 6.22715924692e-06, 4.4807256927e-06, 3.94396147385e-06, 3.98828706238e-06, 4.29291685577e-06, 4.35668926002e-06, 3.57383578375e-06, 2.57358328781e-06, 1.83603174264e-06],
        "median": [0.00418877415359, 0.00169039517641, 0.000683501013555, 0.000554989208467, 0.000400401477236, 0.000243479211349, 0.000172252694028, 0.000100212040707, 0.000101759767858, 0.000110132597911, 0.000105975756014, 9.85071674222e-05, 6.54348186799e-05, 5.26182520844e-05, 6.6101878474e-05, 5.75350968575e-05, 5.7485387515e-05, 4.81866409245e-05, 3.42714156432e-05, 2.19095527427e-05, 2.3422682716e-05, 2.35342013184e-05, 1.98377874767e-05, 1.48645231093e-05, 8.12521648186e-06, 9.64593436947e-06, 1.14081794891e-05, 8.82045878825e-06, 6.45150794298e-06, 6.12323037785e-06, 5.8552691371e-06, 4.7489370445e-06, 3.12755673804e-06, 2.94679534818e-06, 2.82316523226e-06, 3.1836400467e-06, 3.02553871734e-06, 2.42760643232e-06, 1.61391221809e-06, 1.12458531021e-06],
        "min": [4.57028932023e-24, 1.45385045348e-23, 1.52858618901e-23, 9.62988223869e-24, 3.29290815565e-24, 4.4493096118e-24, 4.40156577766e-24, 6.69901232916e-24, 3.00708034163e-23, 3.00105470649e-23, 7.84485014894e-24, 6.87129718428e-24, 7.01397214532e-24, 6.96059387217e-24, 1.35958473075e-23, 6.5985355101e-24, 7.20850761113e-24, 8.11623171097e-24, 6.36317885902e-24, 3.06432900304e-24, 5.15619130289e-24, 7.67071304841e-24, 6.09917156873e-24, 1.36434361305e-23, 1.38677865942e-23, 1.52481290953e-23, 1.48581825281e-23, 1.09697869409e-23, 8.55533535664e-24, 9.23406970177e-24, 6.57364063765e-24, 1.31031871061e-23, 8.12711168057e-24, 1.21294905688e-23, 9.94090248348e-24, 7.45409342156e-24, 7.94769394515e-24, 1.1485366707e-23, 1.07477770275e-23, 9.93534969157e-24],
        "stdev": [0.00546669913456, 0.00575882382691, 0.00321442144923, 0.00150404195301, 0.000675226619933, 0.000669608649332, 0.000645872671157, 0.00031911500264, 0.000302215135889, 0.00033719689236, 0.000282829045318, 0.000194919120986, 0.000140551259392, 0.000148449908011, 0.000143402037793, 0.00011904357234, 0.000143359706271, 0.000144392353832, 9.23899569898e-05, 7.75095686549e-05, 4.42293639935e-05, 3.56871751137e-05, 2.83713761746e-05, 1.73127682501e-05, 1.01653149613e-05, 1.07204896267e-05, 1.08023750727e-05, 8.6078662207e-06, 7.0692326517e-06, 7.19025319995e-06, 6.83528605805e-06, 5.60733087696e-06, 4.42451073468e-06, 3.83462156606e-06, 4.28336716141e-06, 4.20534524892e-06, 4.866566087e-06, 4.37599192082e-06, 3.53571635969e-06, 2.64209393208e-06],
        "var": [2.98847971862e-05, 3.31640512741e-05, 1.03325046439e-05, 2.2621422886e-06, 4.55930972976e-07, 4.48375715223e-07, 4.17151483134e-07, 1.01834380928e-07, 9.13339874842e-08, 1.13701752014e-07, 7.99922688088e-08, 3.79934625983e-08, 1.97546583536e-08, 2.20373763682e-08, 2.05641441653e-08, 1.41713725199e-08, 2.0552006319e-08, 2.0849149962e-08, 8.53590442773e-09, 6.00773297776e-09, 1.95623650612e-09, 1.27357446811e-09, 8.04935007537e-10, 2.99731961473e-10, 1.03333619439e-10, 1.14928906669e-10, 1.16691309393e-10, 7.40953548517e-11, 4.99740492044e-11, 5.16997382405e-11, 4.67211373756e-11, 3.14421579051e-11, 1.95762954458e-11, 1.47043210941e-11, 1.83472334547e-11, 1.76849299094e-11, 2.36834666462e-11, 1.91493036705e-11, 1.25012908012e-11, 6.98065997368e-12]
    },
    "melbands128": {
