{
"lowlevel": {
    "average_loudness": 0.852157652378,
    "barkbands_crest": {
        "dmean": 2.59107041359,
        "dmean2": 3.99623322487,
        "dvar": 7.59011745453,
        "dvar2": 15.8031549454,
        "max": 25.6867332458,
        "mean": 12.5412788391,
        "median": 11.3920593262,
        "min": 3.09649348259,
        "stdev": 5.50802707672,
        "var": 30.3383598328
    },
    "barkbands_flatness_db": {
        "dmean": 0.0310813952237,
        "dmean2": 0.0435146167874,
        "dvar": 0.00110849377234,
        "dvar2": 0.00192423479166,
        "max": 0.439087182283,
        "mean": 0.194454655051,
        "median": 0.188849046826,
        "min": 0.0360909849405,
        "stdev": 0.0645357072353,
        "var": 0.00416485732421
    },
    "barkbands_kurtosis": {
        "dmean": 8.3231754303,
        "dmean2": 12.5267305374,
        "dvar": 443.676177979,
        "dvar2": 908.697998047,
        "max": 294.742218018,
        "mean": 12.7656669617,
        "median": 5.37480735779,
        "min": -1.92707157135,
        "stdev": 28.4022312164,
        "var": 806.686767578
    },
    "barkbands_skewness": {
        "dmean": 0.861080944538,
        "dmean2": 1.26893723011,
        "dvar": 1.43760001659,
        "dvar2": 2.75663614273,
        "max": 14.8284902573,
        "mean": 2.26721096039,
        "median": 2.02534151077,
        "min": -2.87636303902,
        "stdev": 2.0952694416,
        "var": 4.39015388489
    },
    "barkbands_spread": {
        "dmean": 8.23924446106,
        "dmean2": 12.3659915924,
        "dvar": 208.3256073,
        "dvar2": 449.515991211,
        "max": 118.057601929,
        "mean": 18.0855770111,
        "median": 12.5149030685,
        "min": 0.535732090473,
        "stdev": 19.4978027344,
        "var": 380.164306641
    },
    "dissonance": {
        "dmean": 0.0342126041651,
        "dmean2": 0.0552161447704,
        "dvar": 0.00121492519975,
        "dvar2": 0.00288171088323,
        "max": 0.499584257603,
        "mean": 0.426072180271,
        "median": 0.434866845608,
        "min": 0.0397056005895,
        "stdev": 0.0514483451843,
        "var": 0.00264693214558
    },
    "dynamic_complexity": 2.98903560638,
    "erbbands_crest": {
        "dmean": 3.04368233681,
        "dmean2": 4.84867763519,
        "dvar": 9.36148643494,
        "dvar2": 21.5215797424,
        "max": 27.720331192,
        "mean": 10.0209197998,
        "median": 8.88575172424,
        "min": 2.58133530617,
        "stdev": 4.43060541153,
        "var": 19.6302623749
    },
    "erbbands_flatness_db": {
        "dmean": 0.0234475508332,
        "dmean2": 0.0343392416835,
        "dvar": 0.000498968409374,
        "dvar2": 0.00108492199797,
        "max": 0.395049244165,
        "mean": 0.175147980452,
        "median": 0.169664666057,
        "min": 0.0573676489294,
        "stdev": 0.0535452179611,
        "var": 0.00286709051579
    },
    "erbbands_kurtosis": {
        "dmean": 1.75352287292,
        "dmean2": 2.73488378525,
        "dvar": 4.99526643753,
        "dvar2": 12.4151029587,
        "max": 20.1636276245,
        "mean": 1.9069943428,
        "median": 0.814481496811,
        "min": -1.80966031551,
        "stdev": 3.15284371376,
        "var": 9.94042301178
    },
    "erbbands_skewness": {
        "dmean": 0.571509838104,
        "dmean2": 0.83713889122,
        "dvar": 0.33690738678,
        "dvar2": 0.72667747736,
        "max": 3.7619228363,
        "mean": 0.576354146004,
        "median": 0.7023011446,
        "min": -3.88976430893,
        "stdev": 1.0911397934,
        "var": 1.19058609009
    },
    "erbbands_spread": {
        "dmean": 12.7950296402,
        "dmean2": 20.107170105,
        "dvar": 323.624237061,
        "dvar2": 769.122741699,
        "max": 176.201324463,
        "mean": 36.5753097534,
        "median": 28.3866653442,
        "min": 4.5083117485,
        "stdev": 25.8187103271,
        "var": 666.605834961
    },
    "hfc": {
        "dmean": 11.4929199219,
        "dmean2": 17.6167106628,
        "dvar": 1080.38024902,
        "dvar2": 2726.62646484,
        "max": 330.165649414,
        "mean": 16.1802616119,
        "median": 7.23053121567,
        "min": 1.2301335085e-16,
        "stdev": 32.5195732117,
        "var": 1057.52270508
    },
    "loudness_ebu128": {
        "integrated": -9.33325004578,
        "loudness_range": 3.07229852676,
        "momentary": {
            "dmean": 0.953886210918,
            "dmean2": 1.32196450233,
            "dvar": 1.38014781475,
            "dvar2": 2.29085302353,
            "max": -5.7967748642,
            "mean": -10.1326351166,
            "median": -9.61908340454,
            "min": -23.4522399902,
            "stdev": 2.93307232857,
            "var": 8.60291290283
        },
        "short_term": {
            "dmean": 0.11427347362,
            "dmean2": 0.143188029528,
            "dvar": 0.0165683925152,
            "dvar2": 0.0247294120491,
            "max": -7.54104709625,
            "mean": -9.45003128052,
            "median": -9.58019828796,
            "min": -14.8620862961,
            "stdev": 1.33790373802,
            "var": 1.78998637199
        }
    },
    "melbands_crest": {
        "dmean": 3.04712939262,
        "dmean2": 4.63400030136,
        "dvar": 10.3428897858,
        "dvar2": 20.8758964539,
        "max": 35.9535102844,
        "mean": 17.7214813232,
        "median": 15.5983114243,
        "min": 2.07987308502,
        "stdev": 8.16129016876,
        "var": 66.6066589355
    },
    "melbands_flatness_db": {
        "dmean": 0.0391489379108,
        "dmean2": 0.0523818619549,
        "dvar": 0.00183810922317,
        "dvar2": 0.00308310729451,
        "max": 0.568420112133,
        "mean": 0.270922064781,
        "median": 0.269895732403,
        "min": 0.00583064043894,
        "stdev": 0.0908993631601,
        "var": 0.00826269481331
    },
    "melbands_kurtosis": {
        "dmean": 18.5247840881,
        "dmean2": 28.3682250977,
        "dvar": 3220.41748047,
        "dvar2": 7286.48486328,
        "max": 959.706298828,
        "mean": 27.5141716003,
        "median": 11.7311639786,
        "min": -1.78202211857,
        "stdev": 65.8122177124,
        "var": 4331.24804688
    },
    "melbands_skewness": {
        "dmean": 1.08309316635,
        "dmean2": 1.62527310848,
        "dvar": 2.8187520504,
        "dvar2": 5.7936835289,
        "max": 26.3203544617,
        "mean": 3.2008433342,
        "median": 2.5673930645,
        "min": -1.36535859108,
        "stdev": 2.69905638695,
        "var": 7.28490543365
    },
    "melbands_spread": {
        "dmean": 8.71279811859,
        "dmean2": 13.018989563,
        "dvar": 346.440460205,
        "dvar2": 694.239685059,
        "max": 216.453674316,
        "mean": 19.0766410828,
        "median": 11.8138532639,
        "min": 0.472251325846,
        "stdev": 26.4937858582,
        "var": 701.920715332
    },
    "pitch_salience": {
        "dmean": 0.0718372985721,
        "dmean2": 0.111057624221,
        "dvar": 0.00562891038135,
        "dvar2": 0.0117782549933,
        "max": 0.860767662525,
        "mean": 0.512312054634,
        "median": 0.531688690186,
        "min": 0.0783746466041,
        "stdev": 0.163810625672,
        "var": 0.0268339198083
    },
    "silence_rate_20dB": {
        "dmean": 0,
        "dmean2": 0,
        "dvar": 0,
        "dvar2": 0,
        "max": 1,
        "mean": 1,
        "median": 1,
        "min": 1,
        "stdev": 0,
        "var": 0
    },
    "silence_rate_30dB": {
        "dmean": 0.0154798757285,
        "dmean2": 0.0309837330133,
        "dvar": 0.0152401691303,
        "dvar2": 0.0315726771951,
        "max": 1,
        "mean": 0.973704576492,
        "median": 1,
        "min": 0,
        "stdev": 0.160013973713,
        "var": 0.0256044697016
    },
    "silence_rate_60dB": {
        "dmean": 0.0410216711462,
        "dmean2": 0.0821068957448,
        "dvar": 0.0393384583294,
        "dvar2": 0.0815629735589,
        "max": 1,
        "mean": 0.103634960949,
        "median": 0,
        "min": 0,
        "stdev": 0.304786264896,
        "var": 0.0928946733475
    },
    "spectral_centroid": {
        "dmean": 341.845672607,
        "dmean2": 492.089569092,
        "dvar": 399550.125,
        "dvar2": 686335.25,
        "max": 11360.234375,
        "mean": 1030.93383789,
        "median": 696.046264648,
        "min": 167.633255005,
        "stdev": 929.1640625,
        "var": 863345.875
    },
    "spectral_complexity": {
        "dmean": 3.31811141968,
        "dmean2": 4.70875310898,
        "dvar": 26.3500843048,
        "dvar2": 39.3432846069,
        "max": 58,
        "mean": 11.4849185944,
        "median": 10,
        "min": 0,
        "stdev": 8.08333301544,
        "var": 65.3402709961
    },
    "spectral_decrease": {
        "dmean": 1.85956650078e-09,
        "dmean2": 2.7754945009e-09,
        "dvar": 1.58594958342e-17,
        "dvar2": 2.9376912482e-17,
        "max": -1.63668550986e-29,
        "mean": -6.28706198214e-09,
        "median": -4.12707512609e-09,
        "min": -4.59622775395e-08,
        "stdev": 7.06947478335e-09,
        "var": 4.99774750607e-17
    },
    "spectral_energy": {
        "dmean": 0.00778174865991,
        "dmean2": 0.0116653107107,
        "dvar": 0.000251353194471,
        "dvar2": 0.0004771205422,
        "max": 0.176418170333,
        "mean": 0.025196403265,
        "median": 0.0166708193719,
        "min": 1.12194480825e-20,
        "stdev": 0.0275544449687,
        "var": 0.000759247399401
    },
    "spectral_energyband_high": {
        "dmean": 0.00129081809428,
        "dmean2": 0.00214643101208,
        "dvar": 2.46130384767e-05,
        "dvar2": 6.69859728077e-05,
        "max": 0.0564972348511,
        "mean": 0.00116347812582,
        "median": 0.000102006611996,
        "min": 7.91762176596e-21,
        "stdev": 0.00426083803177,
        "var": 1.81547420652e-05
    },
    "spectral_energyband_low": {
        "dmean": 0.00372914411128,
        "dmean2": 0.00604634173214,
        "dvar": 0.000199750575121,
        "dvar2": 0.000375977542717,
        "max": 0.149359077215,
        "mean": 0.0142533136532,
        "median": 0.00387339387089,
        "min": 1.25428000406e-22,
        "stdev": 0.0239987596869,
        "var": 0.000575940473936
    },
    "spectral_energyband_middle_high": {
        "dmean": 0.00148553436156,
        "dmean2": 0.00212923111394,
        "dvar": 1.07421747089e-05,
        "dvar2": 2.0629435312e-05,
        "max": 0.0377347767353,
        "mean": 0.0023715137504,
        "median": 0.0010423255153,
        "min": 1.70945799703e-21,
        "stdev": 0.00404354510829,
        "var": 1.63502572832e-05
    },
    "spectral_energyband_middle_low": {
        "dmean": 0.00420280173421,
        "dmean2": 0.00655544036999,
        "dvar": 8.51031873026e-05,
        "dvar2": 0.000226060568821,
        "max": 0.126977175474,
        "mean": 0.00799850467592,
        "median": 0.00616432353854,
        "min": 2.85172535662e-22,
        "stdev": 0.00897799711674,
        "var": 8.060442633e-05
    },
    "spectral_entropy": {
        "dmean": 0.303795218468,
        "dmean2": 0.4216799438,
        "dvar": 0.104329302907,
        "dvar2": 0.203608483076,
        "max": 9.78913784027,
        "mean": 7.18508911133,
        "median": 7.09053373337,
        "min": 5.73428535461,
        "stdev": 0.626669466496,
        "var": 0.392714619637
    },
    "spectral_flux": {
        "dmean": 0.0289139784873,
        "dmean2": 0.0439307913184,
        "dvar": 0.00162182748318,
        "dvar2": 0.00281881797127,
        "max": 0.431679129601,
        "mean": 0.06887409091,
        "median": 0.0541574694216,
        "min": 1.05921896254e-10,
        "stdev": 0.0604867339134,
        "var": 0.00365864508785
    },
    "spectral_kurtosis": {
        "dmean": 3.7593793869,
        "dmean2": 5.6194653511,
        "dvar": 21.1979980469,
        "dvar2": 49.8596839905,
        "max": 51.688659668,
        "mean": 8.26823425293,
        "median": 6.38448047638,
        "min": -1.41941547394,
        "stdev": 7.23022413254,
        "var": 52.2761383057
    },
    "spectral_rms": {
        "dmean": 0.000721481512301,
        "dmean2": 0.00102255074307,
        "dvar": 1.19427738809e-06,
        "dvar2": 2.04868592846e-06,
        "max": 0.0131192719564,
        "mean": 0.00436137709767,
        "median": 0.0040328912437,
        "min": 3.30844423038e-12,
        "stdev": 0.0023580219131,
        "var": 5.56026679988e-06
    },
    "spectral_rolloff": {
        "dmean": 714.964782715,
        "dmean2": 1211.19824219,
        "dvar": 3141125.5,
        "dvar2": 6542708,
        "max": 19186.0839844,
        "mean": 1407.28857422,
        "median": 581.396484375,
        "min": 64.599609375,
        "stdev": 2216.89208984,
        "var": 4914610
    },
    "spectral_skewness": {
        "dmean": 0.490576595068,
        "dmean2": 0.696973621845,
        "dvar": 0.265881955624,
        "dvar2": 0.540552258492,
        "max": 5.39034795761,
        "mean": 2.27345561981,
        "median": 2.23954296112,
        "min": -0.381412237883,
        "stdev": 0.970970511436,
        "var": 0.942783772945
    },
    "spectral_spread": {
        "dmean": 1290938.125,
        "dmean2": 1877627.5,
        "dvar": 2.96735473664e+12,
        "dvar2": 5.61520050176e+12,
        "max": 39886412,
        "mean": 5433483,
        "median": 4933954,
        "min": 1224813.25,
        "stdev": 2905248,
        "var": 8.44046585037e+12
    },
    "spectral_strongpeak": {
        "dmean": 0.360328555107,
        "dmean2": 0.615901947021,
        "dvar": 1.32656347752,
        "dvar2": 3.86891341209,
        "max": 18.5823192596,
        "mean": 0.661382377148,
        "median": 0.422615140676,
        "min": 0,
        "stdev": 0.944277882576,
        "var": 0.891660749912
    },
    "zerocrossingrate": {
        "dmean": 0.016873292625,
        "dmean2": 0.0186571851373,
        "dvar": 0.000686370243784,
        "dvar2": 0.000748990569264,
        "max": 0.50634765625,
        "mean": 0.0542747452855,
        "median": 0.0400390625,
        "min": 0.001953125,
        "stdev": 0.0532603040338,
        "var": 0.00283666001633
    },
    "barkbands": {
        "dmean": [0.000239032669924, 0.0028742372524, 0.00151167798322, 0.000947806693148, 0.00105057295877, 0.00181659939699, 0.00103237386793, 0.000646439380944, 0.000392066896893, 0.000176116023795, 0.000223100389121, 0.000362479244359, 0.000234548366279, 8.55474427226e-05, 8.49383577588e-05, 0.000108731961518, 0.000162463402376, 0.000158236944117, 0.000215182808461, 0.000584536639508, 6.17222831352e-05, 8.76023987075e-05, 0.000125054764794, 0.000319814425893, 0.00015904083557, 4.92395156471e-05, 3.232253448e-06],
        "dmean2": [0.000322335283272, 0.0042737792246, 0.00281128729694, 0.00166399218142, 0.0017358463956, 0.00294540217146, 0.0015834197402, 0.00102520280052, 0.00063875754131, 0.000275705562672, 0.000319144077366, 0.000571954878978, 0.000372264446924, 0.000139649579069, 0.00012402064749, 0.000162311072927, 0.000240394670982, 0.000240221401327, 0.000342766288668, 0.000963541620877, 8.77175334608e-05, 0.00013508653501, 0.000182792064152, 0.000561795081012, 0.000258032407146, 7.34070636099e-05, 5.54799589736e-06],
        "dvar": [6.35774313196e-07, 0.000141184515087, 6.17503028479e-05, 1.49020897879e-05, 8.38873711473e-06, 1.06149154817e-05, 3.25366181642e-06, 2.02457317755e-06, 1.99864120987e-06, 1.38875137168e-07, 2.89133851084e-07, 6.30634701793e-07, 3.17789243809e-07, 6.2397759848e-08, 7.25706925664e-08, 8.34217814827e-08, 1.58489442015e-07, 4.341308113e-07, 6.07284107446e-07, 1.20461645565e-05, 5.02980412875e-08, 8.23571610908e-08, 1.81106926789e-07, 3.01801378555e-06, 2.36875109749e-07, 1.95703684369e-08, 1.94564184208e-10],
        "dvar2": [1.05654555682e-06, 0.00022572526359, 0.000179794064024, 4.40092735516e-05, 2.30602890952e-05, 2.55453105638e-05, 6.76849913361e-06, 4.62582420369e-06, 5.36136985829e-06, 3.43071690168e-07, 4.70637530725e-07, 1.42686008076e-06, 7.22832851352e-07, 1.50373892893e-07, 1.43386984064e-07, 1.8287516923e-07, 2.86667983573e-07, 8.21796845685e-07, 1.48746880768e-06, 3.20748695231e-05, 1.09405917215e-07, 1.92092201701e-07, 4.0773304022e-07, 8.78719856701e-06, 6.31022430753e-07, 4.17072492098e-08, 5.49544132422e-10],
        "max": [0.012363393791, 0.142555981874, 0.0792130455375, 0.0504246503115, 0.0461299456656, 0.0304338112473, 0.0141075402498, 0.0187564175576, 0.0157581828535, 0.00415592920035, 0.00990745704621, 0.00842653121799, 0.00784625485539, 0.00205491669476, 0.00315437675454, 0.00349056581035, 0.00435417145491, 0.00723668001592, 0.00781556311995, 0.0470691397786, 0.00272678607143, 0.00449346425012, 0.00642709061503, 0.0268737003207, 0.00634969770908, 0.00173249514773, 0.000173152933712],
        "mean": [0.000753423199058, 0.0113958725706, 0.00154412037227, 0.00108074629679, 0.00156689772848, 0.00264115491882, 0.00133298849687, 0.00086787249893, 0.000453996035503, 0.000269676791504, 0.000362159044016, 0.000515662832186, 0.000291162083158, 9.48703309405e-05, 8.98755315575e-05, 0.000127208943013, 0.000195756816538, 0.000164724973729, 0.000195699190954, 0.000434848188888, 6.52232192806e-05, 0.0001002288991, 0.000145099009387, 0.000272905861493, 0.000175331602804, 5.62844979868e-05, 2.64097252511e-06],
        "median": [1.07581433895e-06, 0.00112713256385, 0.000392500020098, 0.000496707507409, 0.000897354853805, 0.00118725490756, 0.000278261257336, 0.000206593394978, 8.30461649457e-05, 0.000109465727292, 5.38871099707e-05, 0.000182444186066, 0.000100176861451, 2.80466010736e-05, 2.06034692383e-05, 2.75834081549e-05, 4.33201348642e-05, 1.54355948325e-05, 1.40734582601e-05, 1.7672452941e-06, 1.93978166863e-06, 8.42609642859e-06, 7.17458669897e-06, 1.48462613652e-05, 2.80035910691e-05, 4.7409025683e-06, 1.00154544214e-07],
        "min": [8.4509524928e-24, 2.42491724411e-23, 6.14946926116e-23, 4.68458422134e-23, 8.18776908884e-23, 9.63524175968e-24, 2.02257719875e-23, 6.92644550353e-23, 5.24581773464e-23, 4.29428803096e-23, 8.06616712693e-23, 9.84590990432e-23, 1.21728078677e-22, 1.93448661607e-22, 1.8437984091e-22, 1.05127794659e-22, 1.39133013441e-22, 3.20342201492e-22, 2.96466751905e-22, 3.33306884345e-22, 3.98686994594e-22, 6.37657802437e-22, 8.82229623682e-22, 8.02796707402e-22, 1.11811453388e-21, 1.73207197599e-21, 2.55179261495e-21],
        "stdev": [0.00155763328075, 0.0210118666291, 0.00592800043523, 0.00297203916125, 0.00261338660493, 0.00377623178065, 0.00230310973711, 0.00191600283142, 0.00132733816281, 0.000451806408819, 0.000976281415205, 0.000971957750153, 0.000616489327513, 0.00024619809119, 0.000293025485007, 0.00031683742418, 0.000481030845549, 0.000720925803762, 0.000729876395781, 0.00294345151633, 0.000243734641117, 0.000338326848578, 0.000528563919943, 0.00133281678427, 0.000474715838209, 0.000180927585461, 1.17506451716e-05],
        "var": [2.42622127189e-06, 0.000441498530563, 3.51411872543e-05, 8.83301709109e-06, 6.82978952682e-06, 1.42599255923e-05, 5.30431407242e-06, 3.67106690646e-06, 1.76182663836e-06, 2.04129023018e-07, 9.5312537951e-07, 9.44701866956e-07, 3.80059105964e-07, 6.06135017733e-08, 8.58639310763e-08, 1.00385953772e-07, 2.31390671956e-07, 5.19734044246e-07, 5.32719525381e-07, 8.66390746523e-06, 5.94065774351e-08, 1.14465059653e-07, 2.79379833046e-07, 1.77640072252e-06, 2.25355123007e-07, 3.27347926543e-08, 1.38077660417e-10]
    },
    "erbbands": {
        "dmean": [0.134246945381, 0.596950352192, 1.62159526348, 2.55502486229, 3.03279089928, 3.38588309288, 9.86961460114, 17.0238342285, 14.3434114456, 14.7435855865, 11.6199121475, 8.96471881866, 5.09544706345, 7.07062768936, 11.9634494781, 11.9624738693, 10.0884771347, 5.90755701065, 3.56033062935, 5.13635349274, 7.05152797699, 8.27444458008, 8.84398555756, 10.2803726196, 10.052025795, 28.1099338531, 10.5935230255, 2.54535102844, 2.88593482971, 3.52221488953, 3.97406101227, 5.9118771553, 5.45457983017, 2.00040864944, 1.12130689621, 0.343186706305, 0.0675938650966, 0.0113628171384, 0.000358798279194, 2.00684753509e-05],
        "dmean2": [0.178378984332, 0.919864118099, 2.9237883091, 4.52821731567, 5.19968652725, 5.66115665436, 15.3068389893, 27.7479248047, 21.8358306885, 22.4442195892, 18.391374588, 14.2914047241, 8.06596183777, 10.6969766617, 17.1176242828, 18.7840080261, 15.8221054077, 9.49961948395, 5.34408187866, 7.40981721878, 10.430270195, 12.4925298691, 13.0639371872, 15.9931144714, 14.7691440582, 47.3870201111, 18.1810302734, 3.74448299408, 4.44449043274, 5.41173315048, 5.96385526657, 10.3160886765, 9.566198349, 3.34305739403, 1.80094194412, 0.523201584816, 0.105299189687, 0.0185919795185, 0.000601309351623, 3.1137107726e-05],
        "dvar": [0.287957251072, 5.92047023773, 66.7080154419, 139.248855591, 109.856826782, 96.400642395, 306.233306885, 1058.09106445, 719.075195312, 731.111206055, 817.229003906, 1012.83221436, 228.813323975, 261.52432251, 655.396728516, 741.188232422, 567.07800293, 270.842712402, 82.9981460571, 264.715484619, 316.145385742, 418.728515625, 1392.07067871, 1159.66577148, 1640.83825684, 28525.6074219, 3943.32397461, 81.4177780151, 87.4237289429, 166.665161133, 176.892669678, 876.088745117, 910.330871582, 68.8571777344, 8.42759418488, 0.898488521576, 0.0410292595625, 0.00131448765751, 2.36632331507e-06, 2.39171948913e-09],
        "dvar2": [0.419550657272, 11.4948177338, 189.266021729, 410.812438965, 312.377380371, 260.715881348, 745.451171875, 2493.390625, 1582.43725586, 1652.42565918, 2005.01416016, 2734.9699707, 619.14239502, 576.346252441, 1235.16503906, 1633.63928223, 1290.24365234, 657.668334961, 150.623245239, 493.348175049, 717.277832031, 738.944396973, 2750.83422852, 2685.53417969, 3336.44140625, 76504.8046875, 10852.2080078, 177.6197052, 201.63520813, 403.699676514, 410.648956299, 2543.81762695, 2646.62719727, 195.276794434, 21.2493686676, 2.0049571991, 0.0886752679944, 0.00323602277786, 6.5858198468e-06, 5.99911942345e-09],
        "max": [7.04426288605, 32.8192558289, 80.0966567993, 144.197647095, 166.119445801, 149.005813599, 181.682037354, 366.383239746, 226.416549683, 259.558959961, 311.755432129, 423.5574646, 175.491577148, 194.424026489, 549.770019531, 308.661102295, 334.399200439, 138.943450928, 102.626487732, 182.078109741, 208.276229858, 255.229202271, 406.327514648, 345.665893555, 414.282287598, 2278.82299805, 823.587402344, 135.267105103, 136.355560303, 219.073013306, 178.245391846, 419.496398926, 488.43939209, 125.866622925, 30.4197692871, 11.5524282455, 2.65557122231, 0.332707285881, 0.0294979326427, 0.000569129479118],
        "mean": [0.527207016945, 1.76923596859, 1.83154034615, 2.90639710426, 3.64751839638, 5.0675163269, 15.2815637589, 23.4771213531, 18.3841533661, 21.698720932, 14.8434028625, 10.6952514648, 7.15629768372, 10.3519458771, 20.0787734985, 17.3662986755, 13.6551895142, 6.94010877609, 4.642827034, 5.54267215729, 8.5853509903, 10.2020540237, 9.08120632172, 10.1283788681, 9.62731552124, 20.2542476654, 7.61251163483, 2.79503130913, 3.26645326614, 3.97579693794, 4.43372249603, 5.09387207031, 4.68486738205, 2.02750468254, 1.23557364941, 0.391460955143, 0.0757710859179, 0.0119314501062, 0.000355763797415, 4.24225290772e-05],
        "median": [0.00733548495919, 0.348193973303, 0.662999689579, 1.35011982918, 1.80215585232, 3.09471035004, 6.50867271423, 9.5109500885, 5.49782514572, 5.45216846466, 3.98483920097, 2.17922997475, 3.14130353928, 3.0604622364, 5.60453748703, 6.12826299667, 4.92352104187, 2.10031414032, 1.78629517555, 0.900133728981, 2.1917257309, 2.52354812622, 0.985113203526, 1.05677318573, 0.397102504969, 0.107895575464, 0.059445373714, 0.115924701095, 0.267194330692, 0.250289708376, 0.221043393016, 0.304902046919, 0.248672679067, 0.267783939838, 0.179244533181, 0.0386719927192, 0.00576315727085, 0.000927264976781, 4.31436164945e-05, 2.53952657658e-05],
        "min": [1.50709672181e-21, 3.15545896896e-21, 4.21995721458e-20, 1.53721875019e-19, 1.06406988885e-19, 4.39877175565e-19, 1.56522463004e-19, 1.20460244655e-19, 2.24699606744e-19, 3.5753328429e-19, 1.86852635071e-18, 1.03355038806e-18, 1.45640966669e-18, 2.10384372534e-18, 3.69034967044e-18, 4.00019084839e-18, 4.82520672928e-18, 8.38539787597e-18, 1.10266674627e-17, 8.05399127227e-18, 7.72950982466e-18, 6.77819545836e-18, 1.63085357928e-17, 1.75934864281e-17, 1.32150101692e-17, 1.63262573102e-17, 1.71931839512e-17, 1.64162479434e-17, 2.12742283957e-17, 2.37352429193e-17, 2.37669454435e-17, 1.95891704981e-17, 1.23736525081e-17, 1.23447863863e-17, 8.28102009037e-18, 7.05678616635e-18, 3.47973542441e-18, 1.0099419296e-18, 3.30807647385e-19, 3.85215943314e-20],
        "stdev": [0.972954690456, 3.5974047184, 6.42293834686, 8.92584991455, 8.4975271225, 8.74251079559, 21.4473075867, 37.9877166748, 32.5808868408, 37.6360321045, 31.4179477692, 30.0788669586, 14.0867681503, 20.581413269, 47.3578491211, 33.9564476013, 26.863735199, 16.4660949707, 10.7269420624, 18.445306778, 19.4992771149, 24.7962245941, 40.056137085, 33.6198883057, 42.8102607727, 140.619400024, 50.943611145, 9.90205764771, 10.7753705978, 15.0720043182, 15.9427280426, 23.0538005829, 23.1974658966, 6.94358921051, 3.13495326042, 1.18193328381, 0.255451768637, 0.0392786972225, 0.00134372443426, 5.70752199565e-05],
        "var": [0.946640849113, 12.9413204193, 41.2541389465, 79.670791626, 72.2079620361, 76.4314956665, 459.986999512, 1443.06665039, 1061.51416016, 1416.47094727, 987.087402344, 904.73828125, 198.437042236, 423.594604492, 2242.76586914, 1153.0402832, 721.66027832, 271.132263184, 115.06728363, 340.229309082, 380.221832275, 614.852722168, 1604.4942627, 1130.29699707, 1832.71850586, 19773.8164062, 2595.25170898, 98.0507507324, 116.108604431, 227.165313721, 254.170562744, 531.477722168, 538.122436523, 48.213432312, 9.82793140411, 1.39696633816, 0.0652556046844, 0.00154281617142, 1.80559538876e-06, 3.25758064967e-09]
    },
    "gfcc": {
        "mean": [-60.0235595703, 101.213180542, -91.4571228027, 8.34520721436, -60.9191017151, 21.0035037994, -56.1658096313, 12.6840600967, -25.106180191, -2.15394306183, -4.62322282791, 9.06906509399, -12.6525344849],
        "cov": [[9199.67675781, -1255.82019043, 1631.9609375, 1037.2376709, 12.8850727081, 453.877410889, 19.0617427826, 604.253845215, -126.539787292, 479.70791626, 52.4349899292, 285.478942871, -204.97845459], [-1255.82019043, 2388.57788086, 79.0058135986, -627.732666016, 676.775756836, 108.224395752, 67.028175354, -101.279541016, 261.034698486, -233.787033081, 28.7746257782, -6.49015331268, 174.059326172], [1631.9609375, 79.0058135986, 2182.03076172, 512.423156738, 378.585571289, 572.982116699, 184.213943481, 245.907852173, 40.117816925, 286.506317139, 15.338927269, 202.991577148, 24.0953502655], [1037.2376709, -627.732666016, 512.423156738, 997.499145508, 47.6437225342, 166.143890381, 138.941604614, 36.3401451111, 80.2570114136, 214.295211792, 149.982498169, 19.8552036285, 99.4110488892], [12.8850727081, 676.775756836, 378.585571289, 47.6437225342, 495.85748291, 165.994857788, 102.262649536, 49.0938911438, 137.37298584, 39.8505363464, 51.5951271057, 51.4416007996, 103.562850952], [453.877410889, 108.224395752, 572.982116699, 166.143890381, 165.994857788, 394.399230957, 146.398742676, 65.8950805664, 71.5088500977, 111.183135986, 41.0618133545, 49.013256073, 58.8539009094], [19.0617427826, 67.028175354, 184.213943481, 138.941604614, 102.262649536, 146.398742676, 409.119628906, 67.463142395, 67.7873077393, 152.104644775, 63.8925056458, 33.106174469, 88.2307510376], [604.253845215, -101.279541016, 245.907852173, 36.3401451111, 49.0938911438, 65.8950805664, 67.463142395, 221.582870483, 36.5925979614, 83.27784729, 55.8845252991, 84.3105316162, -0.761549174786], [-126.539787292, 261.034698486, 40.117816925, 80.2570114136, 137.37298584, 71.5088500977, 67.7873077393, 36.5925979614, 203.530883789, 41.5406112671, 84.2392883301, 34.0769691467, 93.3464202881], [479.70791626, -233.787033081, 286.506317139, 214.295211792, 39.8505363464, 111.183135986, 152.104644775, 83.27784729, 41.5406112671, 237.800811768, 53.4397239685, 45.4334106445, 54.9556350708], [52.4349899292, 28.7746257782, 15.338927269, 149.982498169, 51.5951271057, 41.0618133545, 63.8925056458, 55.8845252991, 84.2392883301, 53.4397239685, 180.906204224, 42.5319252014, 61.1543693542], [285.478942871, -6.49015331268, 202.991577148, 19.8552036285, 51.4416007996, 49.013256073, 33.106174469, 84.3105316162, 34.0769691467, 45.4334106445, 42.5319252014, 125.734207153, 24.153673172], [-204.97845459, 174.059326172, 24.0953502655, 99.4110488892, 103.562850952, 58.8539009094, 88.2307510376, -0.761549174786, 93.3464202881, 54.9556350708, 61.1543693542, 24.153673172, 147.787399292]],
        "icov": [[0.000193566898815, -0.00010740065045, 5.79269762966e-05, -0.000303225562675, 7.50014150981e-05, -0.000174427812453, 0.000181511641131, -0.000480161135783, 0.000229952740483, -0.000302949076286, 0.000217746783164, -0.000286313210381, 0.000419656833401], [-0.00010740065045, 0.00179840903729, -0.000527541153133, 0.00154079752974, -0.00185143889394, 0.00042294812738, -0.000573275086936, 0.00124780170154, -0.00135689089075, 0.00181937951129, -0.000956900592428, 0.00114536308683, -0.00135056918953], [5.79269762966e-05, -0.000527541153133, 0.00136838131584, -0.000975651142653, -0.000117618641525, -0.00141902442556, 0.000431803549873, -0.000855857913848, 0.000922434381209, -0.00106321752537, 0.00110589561518, -0.00161101587582, 0.00113857805263], [-0.000303225562675, 0.00154079752974, -0.000975651142653, 0.00319366645999, -0.00117421662435, 0.000696920440532, -0.000596610479988, 0.00202479306608, -0.00145670888014, 0.000817830266897, -0.00231986050494, 0.00213147187606, -0.00208496092819], [7.50014150981e-05, -0.00185143889394, -0.000117618641525, -0.00117421662435, 0.0051834108308, -0.0006207349943, 0.000275989994407, -0.00125598930754, -0.000148220176925, -0.0010478614131, 0.000849089934491, -0.000830669887364, -0.000195047148736], [-0.000174427812453, 0.00042294812738, -0.00141902442556, 0.000696920440532, -0.0006207349943, 0.00514568248764, -0.0011670968961, 0.000860262895003, -0.00125543354079, 0.000408186198911, -0.000763332063798, 0.00124673033133, -0.00113720830996], [0.000181511641131, -0.000573275086936, 0.000431803549873, -0.000596610479988, 0.000275989994407, -0.0011670968961, 0.00399771332741, -0.00120678264648, 0.000779817288276, -0.00259231450036, 0.000253527250607, -0.000217712906306, -0.000461581425043], [-0.000480161135783, 0.00124780170154, -0.000855857913848, 0.00202479306608, -0.00125598930754, 0.000860262895003, -0.00120678264648, 0.00926967617124, -0.00211523124017, -5.7484365243e-05, -0.00269387918524, -0.00214558001608, 0.000770527869463], [0.000229952740483, -0.00135689089075, 0.000922434381209, -0.00145670888014, -0.000148220176925, -0.00125543354079, 0.000779817288276, -0.00211523124017, 0.00980340037495, -0.00144801533315, -0.00110853847582, -0.00144655653276, -0.00208461657166], [-0.000302949076286, 0.00181937951129, -0.00106321752537, 0.000817830266897, -0.0010478614131, 0.000408186198911, -0.00259231450036, -5.7484365243e-05, -0.00144801533315, 0.00984072685242, -0.00103563314769, 0.00118654617108, -0.00333079020493], [0.000217746783164, -0.000956900592428, 0.00110589561518, -0.00231986050494, 0.000849089934491, -0.000763332063798, 0.000253527250607, -0.00269387918524, -0.00110853847582, -0.00103563314769, 0.00963962450624, -0.00284266355447, -8.60577929416e-05], [-0.000286313210381, 0.00114536308683, -0.00161101587582, 0.00213147187606, -0.000830669887364, 0.00124673033133, -0.000217712906306, -0.00214558001608, -0.00144655653276, 0.00118654617108, -0.00284266355447, 0.0138404807076, -0.00332592707127], [0.000419656833401, -0.00135056918953, 0.00113857805263, -0.00208496092819, -0.000195047148736, -0.00113720830996, -0.000461581425043, 0.000770527869463, -0.00208461657166, -0.00333079020493, -8.60577929416e-05, -0.00332592707127, 0.0141595844179]]
    },
    "melbands": {
        "dmean": [0.000945077219512, 0.000747531303205, 0.000446286721854, 0.000205632546567, 0.000300072919345, 0.000364604435163, 0.000217571854591, 0.000160337454872, 9.15301352507e-05, 5.48989555682e-05, 2.52962036029e-05, 2.86041449726e-05, 3.29184513248e-05, 4.27867198596e-05, 2.97606657114e-05, 2.23275856115e-05, 9.8232030723e-06, 5.42934049008e-06, 6.87459078108e-06, 7.40031646274e-06, 9.04155695025e-06, 9.54581264523e-06, 6.74377361065e-06, 8.12042981124e-06, 8.52019184094e-06, 8.43648558657e-06, 6.54510813547e-06, 2.56927996816e-05, 1.04767614175e-05, 1.580303433e-06, 1.35025595682e-06, 1.4837917206e-06, 2.1458079118e-06, 1.87105115401e-06, 2.21214963858e-06, 2.60072602032e-06, 3.98224437959e-06, 4.25816733696e-06, 2.6947693641e-06, 1.3883942529e-06],
        "dmean2": [0.00132209644653, 0.00124840450007, 0.000786466873251, 0.000351336842868, 0.000463981530629, 0.000592918135226, 0.000331032002578, 0.0002447887382, 0.000145402533235, 8.8799133664e-05, 4.07847655879e-05, 4.37227899965e-05, 4.74353146274e-05, 6.686130655e-05, 4.48441351182e-05, 3.54137373506e-05, 1.60402923939e-05, 8.2801834651e-06, 1.00665802165e-05, 1.12277393782e-05, 1.37043198265e-05, 1.4350011952e-05, 1.01004116004e-05, 1.2564147255e-05, 1.35970467454e-05, 1.31050792334e-05, 9.68953463598e-06, 4.50424631708e-05, 1.84850796359e-05, 2.35431389228e-06, 1.99471810447e-06, 2.27468945013e-06, 3.4267072806e-06, 2.89506647277e-06, 3.3273831832e-06, 4.19864227297e-06, 7.11456641511e-06, 7.51484958528e-06, 4.65684570372e-06, 2.31846684073e-06],
        "dvar": [1.46416350617e-05, 1.06914130811e-05, 3.78148502023e-06, 4.7095866762e-07, 2.91327495461e-07, 4.49401170499e-07, 1.49559411966e-07, 8.75348789009e-08, 5.86648845058e-08, 3.93088868123e-08, 5.23475218728e-09, 4.1684744545e-09, 5.30866062221e-09, 8.16084355648e-09, 6.52217169161e-09, 2.51306753185e-09, 8.86479889495e-10, 1.6701307004e-10, 5.13909026445e-10, 5.34103927752e-10, 5.05275210561e-10, 5.00443297913e-10, 6.15445305829e-10, 1.25337284995e-09, 7.63255569858e-10, 1.01523089935e-09, 9.05195918222e-10, 2.63005457413e-08, 4.34874669608e-09, 3.57463468548e-11, 1.94960037697e-11, 2.23761148499e-11, 5.442863521e-11, 4.93945370716e-11, 5.97944818659e-11, 7.72144570504e-11, 4.34881491929e-10, 5.87664250595e-10, 1.5795333097e-10, 2.67916955982e-11],
        "dvar2": [2.18830409722e-05, 2.77443668892e-05, 1.1031062968e-05, 1.31841477469e-06, 7.17947898465e-07, 1.0717344594e-06, 3.28709745645e-07, 1.93859662545e-07, 1.45360701254e-07, 1.07140273542e-07, 1.41684184385e-08, 9.30091648144e-09, 9.33341492981e-09, 2.03033252433e-08, 1.38952094275e-08, 5.91511684078e-09, 2.13625872547e-09, 3.12974396399e-10, 9.94450632952e-10, 1.08354802908e-09, 1.19108511942e-09, 9.66676294567e-10, 9.80077574653e-10, 2.45033748847e-09, 1.87589810352e-09, 2.3635855495e-09, 1.7241666983e-09, 7.25685040948e-08, 1.2146211148e-08, 7.83490078371e-11, 4.37993599722e-11, 5.08241469743e-11, 1.34049576994e-10, 1.1892418994e-10, 1.36677141827e-10, 2.02281538741e-10, 1.27023125351e-09, 1.71234659785e-09, 4.52390180872e-10, 7.48497028247e-11],
        "max": [0.0486915633082, 0.0338567756116, 0.0243429671973, 0.011419407092, 0.00538176996633, 0.00712997093797, 0.00315526034683, 0.00311328261159, 0.00211213668808, 0.00233266176656, 0.000823159527499, 0.00080615025945, 0.00138923327904, 0.000888379814569, 0.00109144882299, 0.000562799395993, 0.000231385667576, 0.000146059479448, 0.000249178614467, 0.000220432120841, 0.000269892887445, 0.000302625441691, 0.000262606190518, 0.000393152819015, 0.000279163796222, 0.000319679355016, 0.000354790361598, 0.00215482339263, 0.000856229336932, 7.81319467933e-05, 6.44464307697e-05, 5.90673516854e-05, 0.000120751356008, 0.000113508343929, 0.00010271796782, 9.87272505881e-05, 0.000292122189421, 0.000397150841309, 0.000191220489796, 7.79250040068e-05],
        "mean": [0.0037921697367, 0.00131868280005, 0.000526712916326, 0.000291063566692, 0.000480104383314, 0.000512691796757, 0.000278172286926, 0.000236294799834, 0.000111607740109, 6.39210484223e-05, 3.51057533408e-05, 4.10917637055e-05, 5.56138256798e-05, 6.46907865303e-05, 3.36521516147e-05, 2.94520359603e-05, 1.02779949884e-05, 7.24831215848e-06, 7.07282470103e-06, 7.89890327724e-06, 1.08742206066e-05, 1.13876967589e-05, 8.02303384262e-06, 8.20337299956e-06, 8.1880361904e-06, 7.60753482609e-06, 6.31387092653e-06, 1.71587616933e-05, 7.04599642631e-06, 1.64837035754e-06, 1.47112098148e-06, 1.66439394889e-06, 2.30250066124e-06, 2.11542487705e-06, 2.47394882535e-06, 2.64464210886e-06, 3.27033535541e-06, 3.57636986337e-06, 2.4013284019e-06, 1.48290769175e-06],
        "median": [0.000186963821761, 0.000669182511047, 0.000264309055638, 0.000182937350473, 0.00021710449073, 0.00021886099421, 7.78518660809e-05, 5.7948869653e-05, 2.58826748905e-05, 1.2743789739e-05, 1.58466791618e-05, 1.31485840029e-05, 1.27030416479e-05, 2.37930144067e-05, 6.38287610855e-06, 1.06860043161e-05, 2.30574255511e-06, 3.00816259369e-06, 1.14338467938e-06, 1.36684707286e-06, 2.75026923191e-06, 2.81585039374e-06, 9.33313458518e-07, 6.96957329183e-07, 8.54204870393e-07, 3.71651168507e-07, 6.62072778823e-08, 4.82655018175e-08, 3.02473530667e-08, 3.74256394764e-08, 6.45039861524e-08, 1.1454631732e-07, 1.93573484353e-07, 8.99875161053e-08, 8.57604476323e-08, 1.70334956806e-07, 1.666439573e-07, 1.60607200428e-07, 1.49584508335e-07, 2.04684653227e-07],
        "min": [9.96255750419e-24, 1.76293814683e-23, 2.3507485418e-23, 1.92503091906e-23, 9.02508309304e-24, 2.50830473273e-24, 3.61414257144e-24, 5.70190673889e-24, 1.37182595874e-23, 7.21743357227e-24, 7.64649107432e-24, 8.13188823335e-24, 1.14391757456e-23, 1.12175168753e-23, 6.89518310363e-24, 1.6487675702e-23, 1.44846442677e-23, 1.84858414423e-23, 1.47722881973e-23, 6.84775915259e-24, 1.03755821972e-23, 6.94359628624e-24, 1.03270569963e-23, 1.60309078829e-23, 1.41055192943e-23, 1.01154608357e-23, 8.99586684055e-24, 1.13778197221e-23, 1.06483750314e-23, 9.10522110582e-24, 1.02300602372e-23, 1.12516027661e-23, 1.37358354083e-23, 1.28750414326e-23, 1.21944903408e-23, 1.66642559047e-23, 1.00875548812e-23, 8.56366809438e-24, 8.88326010178e-24, 1.10400223827e-23],
        "stdev": [0.00696605676785, 0.00316905207001, 0.00149159680586, 0.000564751389902, 0.000645588035695, 0.000774730055127, 0.000472577055916, 0.000430483516539, 0.000262234651018, 0.00018396419182, 6.703845429e-05, 8.13739170553e-05, 0.000136095753987, 0.000109557659016, 9.63519778452e-05, 5.5929813243e-05, 2.92029490083e-05, 1.52956836246e-05, 2.50346456596e-05, 2.51970941463e-05, 2.41722627834e-05, 2.63690999418e-05, 3.02928056044e-05, 3.76296993636e-05, 2.62317698798e-05, 3.0963896279e-05, 3.26582048729e-05, 0.00012934107508, 5.2076895372e-05, 6.42479608359e-06, 4.95580843562e-06, 5.33913498657e-06, 8.46059538162e-06, 8.20005607238e-06, 9.40193422139e-06, 8.86541329237e-06, 1.59176688612e-05, 1.85363660421e-05, 1.00493671198e-05, 4.55001008959e-06],
        "var": [4.85259479319e-05, 1.00428915175e-05, 2.22486119128e-06, 3.18944159972e-07, 4.16783905166e-07, 6.0020664705e-07, 2.23329067239e-07, 1.85316054058e-07, 6.87670080879e-08, 3.38428236546e-08, 4.49415393788e-09, 6.62171384391e-09, 1.85220550009e-08, 1.20028804673e-08, 9.28370358366e-09, 3.12814396608e-09, 8.5281220974e-10, 2.33957936357e-10, 6.26733442921e-10, 6.34893526641e-10, 5.84298276429e-10, 6.95329405165e-10, 9.17654119359e-10, 1.4159943218e-09, 6.88105739055e-10, 9.58762846892e-10, 1.06655828613e-09, 1.6729114094e-08, 2.71200284452e-09, 4.12780018499e-11, 2.45600362964e-11, 2.8506363936e-11, 7.15816711461e-11, 6.72409142255e-11, 8.83963596765e-11, 7.85955536764e-11, 2.53372184345e-10, 3.4359684542e-10, 1.009897721e-10, 2.07025924182e-11]
    },
    "melbands128": {
