{
"lowlevel": {
    "average_loudness": 0.987632215023,
    "barkbands_crest": {
        "dmean": 2.89805006981,
        "dmean2": 4.7219991684,
        "dvar": 8.52038002014,
        "dvar2": 21.9587459564,
        "max": 23.9894390106,
        "mean": 11.0320911407,
        "median": 10.6200828552,
        "min": 2.90734815598,
        "stdev": 3.97784090042,
        "var": 15.8232183456
    },
    "barkbands_flatness_db": {
        "dmean": 0.0204292181879,
        "dmean2": 0.0324047245085,
        "dvar": 0.000480691611301,
        "dvar2": 0.0012471517548,
        "max": 0.238579139113,
        "mean": 0.116942510009,
        "median": 0.11566067487,
        "min": 0.0328870415688,
        "stdev": 0.0292983688414,
        "var": 0.00085839437088
    },
    "barkbands_kurtosis": {
        "dmean": 1.86425065994,
        "dmean2": 3.05245041847,
        "dvar": 12.8559913635,
        "dvar2": 34.8374137878,
        "max": 55.8338623047,
        "mean": 1.90616178513,
        "median": 0.903831958771,
        "min": -1.52270138264,
        "stdev": 3.52981519699,
        "var": 12.4595956802
    },
    "barkbands_skewness": {
        "dmean": 0.487506836653,
        "dmean2": 0.748961448669,
        "dvar": 0.343203932047,
        "dvar2": 0.823008537292,
        "max": 6.94108629227,
        "mean": 1.06571149826,
        "median": 0.888902068138,
        "min": -2.16011381149,
        "stdev": 0.882952392101,
        "var": 0.779604911804
    },
    "barkbands_spread": {
        "dmean": 5.54752397537,
        "dmean2": 8.63289451599,
        "dvar": 39.0677680969,
        "dvar2": 97.237991333,
        "max": 80.4267730713,
        "mean": 24.3715419769,
        "median": 24.0745563507,
        "min": 3.79432606697,
        "stdev": 8.61485385895,
        "var": 74.2157058716
    },
    "dissonance": {
        "dmean": 0.0232270136476,
        "dmean2": 0.0384952388704,
        "dvar": 0.000560314103495,
        "dvar2": 0.00142985407729,
        "max": 0.499696016312,
        "mean": 0.458766102791,
        "median": 0.463447898626,
        "min": 0.127145588398,
        "stdev": 0.0289557799697,
        "var": 0.000838437175844
    },
    "dynamic_complexity": 0.906188547611,
    "erbbands_crest": {
        "dmean": 3.40589547157,
        "dmean2": 5.545794487,
        "dvar": 11.6817321777,
        "dvar2": 28.1936511993,
        "max": 29.5221385956,
        "mean": 11.6361484528,
        "median": 10.9643497467,
        "min": 2.90285229683,
        "stdev": 5.32672119141,
        "var": 28.373960495
    },
    "erbbands_flatness_db": {
        "dmean": 0.0170237459242,
        "dmean2": 0.0263730082661,
        "dvar": 0.000290311756544,
        "dvar2": 0.00065974809695,
        "max": 0.246282741427,
        "mean": 0.15244089067,
        "median": 0.155685916543,
        "min": 0.0580748468637,
        "stdev": 0.0314783975482,
        "var": 0.000990889500827
    },
    "erbbands_kurtosis": {
        "dmean": 1.03773474693,
        "dmean2": 1.64061021805,
        "dvar": 1.58713984489,
        "dvar2": 3.92777967453,
        "max": 16.5951423645,
        "mean": 1.31252658367,
        "median": 0.835071563721,
        "min": -1.45128488541,
        "stdev": 2.00177741051,
        "var": 4.00711297989
    },
    "erbbands_skewness": {
        "dmean": 0.373440980911,
        "dmean2": 0.586596786976,
        "dvar": 0.158372595906,
        "dvar2": 0.376047968864,
        "max": 3.08698153496,
        "mean": 0.65218347311,
        "median": 0.654548764229,
        "min": -0.913007318974,
        "stdev": 0.570597350597,
        "var": 0.32558131218
    },
    "erbbands_spread": {
        "dmean": 6.77468156815,
        "dmean2": 10.6320066452,
        "dvar": 56.7651176453,
        "dvar2": 133.661331177,
        "max": 91.4329528809,
        "mean": 30.6628818512,
        "median": 28.2408561707,
        "min": 5.42776584625,
        "stdev": 13.861661911,
        "var": 192.145675659
    },
    "hfc": {
        "dmean": 7.74393796921,
        "dmean2": 12.1556606293,
        "dvar": 81.919960022,
        "dvar2": 195.052780151,
        "max": 94.7733917236,
        "mean": 40.2309341431,
        "median": 42.5720672607,
        "min": 1.11621141521e-16,
        "stdev": 13.3955593109,
        "var": 179.441009521
    },
    "loudness_ebu128": {
        "integrated": -6.68170642853,
        "loudness_range": 0.524332046509,
        "momentary": {
            "dmean": 0.15151296556,
            "dmean2": 0.170833721757,
            "dvar": 0.0151223717257,
            "dvar2": 0.024876980111,
            "max": -6.03884792328,
            "mean": -6.69543504715,
            "median": -6.66279506683,
            "min": -7.98958015442,
            "stdev": 0.349157124758,
            "var": 0.121910698712
        },
        "short_term": {
            "dmean": 0.021791761741,
            "dmean2": 0.0290574841201,
            "dvar": 0.000274868245469,
            "dvar2": 0.000432579312474,
            "max": -6.35397005081,
            "mean": -6.69323396683,
            "median": -6.69396972656,
            "min": -7.02956676483,
            "stdev": 0.164590492845,
            "var": 0.0270900279284
        }
    },
    "melbands_crest": {
        "dmean": 3.31359815598,
        "dmean2": 5.30977201462,
        "dvar": 10.3432416916,
        "dvar2": 24.6759643555,
        "max": 29.2907943726,
        "mean": 14.6764612198,
        "median": 14.227388382,
        "min": 1.85938310623,
        "stdev": 4.82503509521,
        "var": 23.2809658051
    },
    "melbands_flatness_db": {
        "dmean": 0.0249316655099,
        "dmean2": 0.0379858165979,
        "dvar": 0.000799887115136,
        "dvar2": 0.00194644462317,
        "max": 0.339489161968,
        "mean": 0.176412016153,
        "median": 0.174711510539,
        "min": 0.00424870848656,
        "stdev": 0.0396491922438,
        "var": 0.00157205830328
    },
    "melbands_kurtosis": {
        "dmean": 4.6966586113,
        "dmean2": 7.6255030632,
        "dvar": 92.8987731934,
        "dvar2": 248.142929077,
        "max": 138.641036987,
        "mean": 6.77083921432,
        "median": 3.12756824493,
        "min": -1.34464013577,
        "stdev": 10.0934514999,
        "var": 101.87776947
    },
    "melbands_skewness": {
        "dmean": 0.685939729214,
        "dmean2": 1.06081461906,
        "dvar": 0.718815982342,
        "dvar2": 1.72595715523,
        "max": 9.63874149323,
        "mean": 1.80167663097,
        "median": 1.5204231739,
        "min": -0.723787248135,
        "stdev": 1.30743801594,
        "var": 1.70939409733
    },
    "melbands_spread": {
        "dmean": 6.76418972015,
        "dmean2": 10.1403017044,
        "dvar": 63.1347427368,
        "dvar2": 131.665664673,
        "max": 148.327163696,
        "mean": 27.7993850708,
        "median": 27.4912662506,
        "min": 2.15141654015,
        "stdev": 11.9300441742,
        "var": 142.325958252
    },
    "pitch_salience": {
        "dmean": 0.0758486166596,
        "dmean2": 0.12061651051,
        "dvar": 0.00547731807455,
        "dvar2": 0.0133716631681,
        "max": 0.80763065815,
        "mean": 0.502004027367,
        "median": 0.498860508204,
        "min": 0.161323994398,
        "stdev": 0.108892299235,
        "var": 0.0118575328961
    },
    "silence_rate_20dB": {
        "dmean": 0,
        "dmean2": 0,
        "dvar": 0,
        "dvar2": 0,
        "max": 1,
        "mean": 1,
        "median": 1,
        "min": 1,
        "stdev": 0,
        "var": 0
    },
    "silence_rate_30dB": {
        "dmean": 0,
        "dmean2": 0,
        "dvar": 0,
        "dvar2": 0,
        "max": 1,
        "mean": 1,
        "median": 1,
        "min": 1,
        "stdev": 0,
        "var": 0
    },
    "silence_rate_60dB": {
        "dmean": 0.000773993786424,
        "dmean2": 0.00154918665066,
        "dvar": 0.000773391744588,
        "dvar2": 0.00154677091632,
        "max": 1,
        "mean": 0.00154679035768,
        "median": 0,
        "min": 0,
        "stdev": 0.0392987206578,
        "var": 0.00154438940808
    },
    "spectral_centroid": {
        "dmean": 238.732681274,
        "dmean2": 360.632110596,
        "dvar": 139365.375,
        "dvar2": 238832.828125,
        "max": 11230.5507812,
        "mean": 1524.1920166,
        "median": 1549.03808594,
        "min": 564.891479492,
        "stdev": 452.597991943,
        "var": 204844.9375
    },
    "spectral_complexity": {
        "dmean": 3.99071216583,
        "dmean2": 6.29434537888,
        "dvar": 14.7785654068,
        "dvar2": 35.1371803284,
        "max": 50,
        "mean": 25.3225059509,
        "median": 25,
        "min": 0,
        "stdev": 5.73172330856,
        "var": 32.8526496887
    },
    "spectral_decrease": {
        "dmean": 2.9596467499e-09,
        "dmean2": 4.87478990507e-09,
        "dvar": 1.53231833579e-17,
        "dvar2": 3.97385374855e-17,
        "max": -7.86468298377e-29,
        "mean": -1.22052350449e-08,
        "median": -1.17240519515e-08,
        "min": -3.29714993086e-08,
        "stdev": 4.27669100134e-09,
        "var": 1.82900866548e-17
    },
    "spectral_energy": {
        "dmean": 0.0114294700325,
        "dmean2": 0.0187914092094,
        "dvar": 0.000221414651605,
        "dvar2": 0.000575104611926,
        "max": 0.128178119659,
        "mean": 0.0497144460678,
        "median": 0.047975320369,
        "min": 1.04211985965e-20,
        "stdev": 0.0162978023291,
        "var": 0.000265618349658
    },
    "spectral_energyband_high": {
        "dmean": 0.000535908038728,
        "dmean2": 0.000872917997185,
        "dvar": 5.67550785036e-07,
        "dvar2": 1.45796479956e-06,
        "max": 0.00962998345494,
        "mean": 0.00141015974805,
        "median": 0.00127301807515,
        "min": 7.89099850558e-21,
        "stdev": 0.000847873394378,
        "var": 7.18889339169e-07
    },
    "spectral_energyband_low": {
        "dmean": 0.00940805580467,
        "dmean2": 0.0149469012395,
        "dvar": 0.000223628041567,
        "dvar2": 0.000560689833947,
        "max": 0.107995778322,
        "mean": 0.0183030478656,
        "median": 0.0153503529727,
        "min": 6.51059905507e-23,
        "stdev": 0.0165057461709,
        "var": 0.000272439647233
    },
    "spectral_energyband_middle_high": {
        "dmean": 0.00399753730744,
        "dmean2": 0.00586206419393,
        "dvar": 1.96816545213e-05,
        "dvar2": 4.20786636823e-05,
        "max": 0.0449748449028,
        "mean": 0.0157652553171,
        "median": 0.0136674456298,
        "min": 1.21992186784e-21,
        "stdev": 0.00978521257639,
        "var": 9.57503798418e-05
    },
    "spectral_energyband_middle_low": {
        "dmean": 0.00692719593644,
        "dmean2": 0.0111586060375,
        "dvar": 0.000110981891339,
        "dvar2": 0.000285255373456,
        "max": 0.0918021425605,
        "mean": 0.0148616759107,
        "median": 0.0106179248542,
        "min": 3.19978618656e-22,
        "stdev": 0.0123545974493,
        "var": 0.000152636072016
    },
    "spectral_entropy": {
        "dmean": 0.142607852817,
        "dmean2": 0.22262904048,
        "dvar": 0.0210852120072,
        "dvar2": 0.0461974181235,
        "max": 9.7913684845,
        "mean": 7.66493558884,
        "median": 7.64032840729,
        "min": 7.03695821762,
        "stdev": 0.241142868996,
        "var": 0.0581498816609
    },
    "spectral_flux": {
        "dmean": 0.0439771786332,
        "dmean2": 0.0685301870108,
        "dvar": 0.00146111869253,
        "dvar2": 0.00327389151789,
        "max": 0.299227416515,
        "mean": 0.126069277525,
        "median": 0.117577776313,
        "min": 1.02084271592e-10,
        "stdev": 0.0555015169084,
        "var": 0.00308041833341
    },
    "spectral_kurtosis": {
        "dmean": 0.896334648132,
        "dmean2": 1.50880610943,
        "dvar": 0.648362696171,
        "dvar2": 1.79124617577,
        "max": 9.30605697632,
        "mean": 3.5352435112,
        "median": 3.4974603653,
        "min": -1.17709088326,
        "stdev": 1.07471942902,
        "var": 1.1550219059
    },
    "spectral_rms": {
        "dmean": 0.000774690066464,
        "dmean2": 0.0012556866277,
        "dvar": 8.8723470526e-07,
        "dvar2": 2.21510936171e-06,
        "max": 0.011182657443,
        "mean": 0.00687117548659,
        "median": 0.00684143183753,
        "min": 3.1885770066e-12,
        "stdev": 0.00113526522182,
        "var": 1.28882709305e-06
    },
    "spectral_rolloff": {
        "dmean": 388.163330078,
        "dmean2": 626.899047852,
        "dvar": 636510.6875,
        "dvar2": 1137768.75,
        "max": 18389.3554688,
        "mean": 1343.46643066,
        "median": 1313.52539062,
        "min": 86.1328125,
        "stdev": 922.694213867,
        "var": 851364.625
    },
    "spectral_skewness": {
        "dmean": 0.148432925344,
        "dmean2": 0.242449551821,
        "dvar": 0.0206284560263,
        "dvar2": 0.0509942695498,
        "max": 2.42743110657,
        "mean": 1.51469004154,
        "median": 1.5164411068,
        "min": 0.0177367758006,
        "stdev": 0.196970582008,
        "var": 0.0387974083424
    },
    "spectral_spread": {
        "dmean": 531949.6875,
        "dmean2": 759086.5625,
        "dvar": 956305965056,
        "dvar2": 934411108352,
        "max": 40358188,
        "mean": 5106516.5,
        "median": 4972438.5,
        "min": 2672084,
        "stdev": 1479623.625,
        "var": 2.18928604774e+12
    },
    "spectral_strongpeak": {
        "dmean": 1.17238044739,
        "dmean2": 2.01266288757,
        "dvar": 2.35630106926,
        "dvar2": 5.24281311035,
        "max": 9.53855895996,
        "mean": 1.95305168629,
        "median": 0.673040926456,
        "min": 0,
        "stdev": 2.08452129364,
        "var": 4.34522914886
    },
    "zerocrossingrate": {
        "dmean": 0.00960500631481,
        "dmean2": 0.0116514265537,
        "dvar": 0.000277805433143,
        "dvar2": 0.000331654708134,
        "max": 0.49658203125,
        "mean": 0.0615121088922,
        "median": 0.0595703125,
        "min": 0.00341796875,
        "stdev": 0.0232666283846,
        "var": 0.000541335961316
    },
    "barkbands": {
        "dmean": [0.000294781522825, 0.00780223542824, 0.00240472052246, 0.000422826968133, 0.00104106473736, 0.00257945572957, 0.00324457744136, 0.00146557588596, 0.00126560835633, 0.00186278147157, 0.00103323592339, 0.00144045439083, 0.00142613239586, 0.000954894290771, 0.000592611788306, 0.000397942989366, 0.000190452483366, 0.000184784497833, 0.00027226516977, 0.000228824152146, 0.000158262308105, 9.26272332435e-05, 0.000108915941382, 0.000128340572701, 0.000105964521936, 3.98583724746e-05, 3.3800579331e-06],
        "dmean2": [0.000425572739914, 0.0126428762451, 0.00426394119859, 0.000731196196284, 0.00180156552233, 0.00412050168961, 0.00530883716419, 0.00239408551715, 0.00195043743588, 0.00282789487392, 0.00162890029605, 0.00208721496165, 0.00212598615326, 0.00143407541327, 0.00090671738144, 0.000653096765745, 0.000302424159599, 0.000301075167954, 0.000439331284724, 0.000357597164111, 0.000258087384282, 0.000157826871146, 0.000175562876393, 0.000203428731766, 0.000167730235262, 6.51803420624e-05, 5.77020045966e-06],
        "dvar": [2.79121337599e-07, 0.000155269124662, 3.27119560097e-05, 6.23956907475e-07, 7.90870853962e-06, 3.40823826264e-05, 4.85672426294e-05, 2.09968711715e-05, 9.91660635918e-06, 1.07888672574e-05, 6.98874328009e-06, 6.94847813065e-06, 6.59341549181e-06, 2.13860016629e-06, 9.5184662996e-07, 5.28755151663e-07, 1.04430625925e-07, 1.16242610204e-07, 8.1377685035e-08, 7.42183701163e-08, 4.24658992415e-08, 3.03871914298e-08, 2.42578490628e-08, 2.86119945514e-08, 3.48568605091e-08, 7.9745294812e-09, 4.55905938002e-11],
        "dvar2": [5.08574714786e-07, 0.000396650255425, 9.32739421842e-05, 1.70901284946e-06, 2.15972977458e-05, 8.09764314909e-05, 0.000124311438412, 5.23987800989e-05, 2.35009429161e-05, 2.43898830377e-05, 1.54564113473e-05, 1.29302616187e-05, 1.32390223371e-05, 4.1606404011e-06, 1.99991109184e-06, 1.21391246921e-06, 2.39280751657e-07, 2.97833935292e-07, 2.05495268801e-07, 1.74597360569e-07, 1.12875710556e-07, 7.86736364944e-08, 6.03963741241e-08, 6.85769023789e-08, 8.49093240163e-08, 2.04531360737e-08, 1.22324442242e-10],
        "max": [0.00533431023359, 0.0929679572582, 0.0471250005066, 0.00865218043327, 0.0356962867081, 0.0773870125413, 0.060247849673, 0.0495162419975, 0.0512966178358, 0.0368043296039, 0.0313816852868, 0.0315913818777, 0.0292585641146, 0.0200017932802, 0.00991389341652, 0.00999600253999, 0.00543793756515, 0.00467173475772, 0.00302705494687, 0.00355158303864, 0.00304407067597, 0.00207389192656, 0.00166459102184, 0.00167703744955, 0.00212041707709, 0.000959154625889, 8.58450002852e-05],
        "mean": [0.000527810305357, 0.0144161405042, 0.00295837293379, 0.000708278268576, 0.0014236040879, 0.00402775034308, 0.00431151641533, 0.00173776946031, 0.00224048062228, 0.00375845702365, 0.00164809217677, 0.0029114682693, 0.00257778842933, 0.00180783832911, 0.00104499631561, 0.000656556803733, 0.00036416130024, 0.000330429233145, 0.000565988477319, 0.000536837149411, 0.000317822763463, 0.000130437038024, 0.000206266937312, 0.000254025449976, 0.000185836528544, 6.19440543232e-05, 3.8011999095e-06],
        "median": [0.000109619504656, 0.0114747909829, 0.00164156930987, 0.000442382966867, 0.000714844092727, 0.00121317314915, 0.00148812844418, 0.000395911571104, 0.000836671388242, 0.00139726547059, 0.000299619336147, 0.000681559904478, 0.000785570591688, 0.000773496925831, 0.000462716183392, 0.000393875699956, 0.00021929529612, 0.000209454243304, 0.000459822360426, 0.000405644997954, 0.000246590701863, 7.68737809267e-05, 0.000154037756147, 0.000200140158995, 0.000121294513519, 3.38809586538e-05, 1.54686176757e-06],
        "min": [1.2717140825e-22, 6.43500740546e-24, 2.43666543403e-23, 1.39731468567e-23, 7.01675114452e-23, 6.85223136283e-23, 2.86369382805e-23, 1.61683179863e-23, 1.098844997e-22, 4.3922077574e-23, 6.38664565657e-23, 4.43201083878e-23, 6.42111572269e-23, 1.2926538588e-22, 9.20504940233e-23, 1.34018115062e-22, 1.73424897965e-22, 1.09507878571e-22, 2.67466180302e-22, 2.24574437111e-22, 5.13587728261e-22, 5.53378680114e-22, 6.97353545086e-22, 1.33158610085e-21, 1.30228934669e-21, 1.50650087308e-21, 2.01167841008e-21],
        "stdev": [0.000880465609953, 0.0139797246084, 0.00471695559099, 0.000841342261992, 0.00264925323427, 0.00750853307545, 0.00758789898828, 0.00478671677411, 0.00393300224096, 0.00537971081212, 0.00395179213956, 0.00503363227472, 0.00449274480343, 0.00264231581241, 0.00149880640674, 0.000989680993371, 0.000533223501407, 0.000399800832383, 0.000385515624657, 0.000443835364422, 0.000239140295889, 0.000174003798747, 0.000187601079233, 0.000218991845031, 0.000227053533308, 0.000100216224382, 6.99569864082e-06],
        "var": [7.75219689331e-07, 0.00019543270173, 2.22496710194e-05, 7.07856770532e-07, 7.01854287399e-06, 5.63780704397e-05, 5.7576209656e-05, 2.29126580962e-05, 1.54685058078e-05, 2.89412873826e-05, 1.56166624947e-05, 2.53374546446e-05, 2.01847560675e-05, 6.98183293935e-06, 2.24642053581e-06, 9.79468381956e-07, 2.84327285272e-07, 1.59840709557e-07, 1.48622291363e-07, 1.9698983067e-07, 5.71880818256e-08, 3.02773237593e-08, 3.51941658039e-08, 4.79574282508e-08, 5.15533038481e-08, 1.00432915318e-08, 4.89398001291e-11]
    },
    "erbbands": {
        "dmean": [0.186605423689, 1.92820549011, 3.26328969002, 1.8191010952, 1.83481633663, 4.26645088196, 7.17565727234, 26.960018158, 48.935382843, 36.5443954468, 28.4181861877, 23.8795146942, 42.4937171936, 58.7717399597, 46.8816070557, 55.9793434143, 59.6463279724, 37.5647201538, 38.4503860474, 19.1485080719, 20.0084495544, 10.5754699707, 9.04716110229, 11.7561903, 12.6503229141, 10.840297699, 7.52102231979, 4.72154951096, 3.41944074631, 2.50036668777, 3.39806342125, 3.24299049377, 1.84865927696, 1.24684131145, 0.756895720959, 0.231442451477, 0.0673553571105, 0.011287426576, 0.000339406455169, 1.76308531081e-05],
        "dmean2": [0.288636416197, 3.18210959435, 5.61972284317, 3.17354226112, 3.15706062317, 7.48855352402, 11.8386659622, 42.9890556335, 79.626083374, 62.0751914978, 47.1120948792, 37.5249824524, 62.9152793884, 87.0384368896, 68.3884048462, 79.6820602417, 85.7978363037, 55.0480003357, 56.5838546753, 29.889881134, 32.5873336792, 16.7944698334, 14.6849946976, 19.2062473297, 20.3136081696, 17.1044082642, 12.233423233, 7.7400021553, 5.85593271255, 4.23527765274, 5.38698577881, 5.1561665535, 3.00062870979, 2.0444085598, 1.21547687054, 0.374312907457, 0.112532459199, 0.0187387112528, 0.000574401870836, 2.88248211291e-05],
        "dvar": [0.0653598383069, 11.073843956, 51.2149467468, 15.1818342209, 13.4076910019, 164.342193604, 573.973144531, 4006.65942383, 10704.2744141, 9920.06933594, 8841.11523438, 3672.85449219, 7222.79101562, 11705.7783203, 11871.0683594, 9436.35351562, 12161.2802734, 3695.51171875, 3657.40161133, 1237.33129883, 1448.70581055, 389.73614502, 332.996887207, 238.642410278, 194.104553223, 169.25579834, 115.077964783, 48.6925239563, 48.4769554138, 20.9648246765, 21.7743244171, 16.3371257782, 8.31989192963, 5.72737169266, 1.60900580883, 0.210059911013, 0.028939737007, 0.000585837347899, 5.39337861483e-07, 5.37357269792e-10],
        "dvar2": [0.14970010519, 28.6907711029, 141.083602905, 43.6184959412, 37.1570472717, 455.076477051, 1382.1496582, 9491.86621094, 26109.0527344, 26961.8769531, 21837.5976562, 9351.15625, 15794.4472656, 25602.6386719, 27582.7460938, 18564.7441406, 22315.1386719, 6844.34228516, 6711.28173828, 2596.90161133, 3465.73706055, 905.21697998, 854.452941895, 592.983642578, 495.808044434, 395.311553955, 306.201263428, 127.550483704, 129.2003479, 52.8129844666, 53.9135284424, 38.5871505737, 20.2764930725, 14.1464767456, 3.98654341698, 0.519749164581, 0.076642781496, 0.00150020990986, 1.43237082284e-06, 1.31206201459e-09],
        "max": [2.12223052979, 23.8098545074, 53.5743942261, 35.8578414917, 29.5435123444, 112.809768677, 558.511901855, 927.860961914, 1007.76263428, 1125.28588867, 1105.66589355, 1055.07641602, 1468.71508789, 1372.12939453, 1213.57592773, 1158.66918945, 1602.57678223, 868.094482422, 780.632263184, 616.705627441, 674.465820312, 367.703094482, 251.24017334, 182.440643311, 183.543624878, 165.328475952, 162.885726929, 85.038230896, 94.2334136963, 61.3877830505, 43.7232398987, 39.8205909729, 30.2231807709, 24.8783416748, 13.8243274689, 4.9281835556, 1.98175275326, 0.360504090786, 0.010213742964, 0.000272133707767],
        "mean": [0.386850595474, 3.23107481003, 4.50767326355, 2.77425742149, 2.74394798279, 4.98379325867, 12.302822113, 43.0012130737, 68.1126480103, 44.7495536804, 37.6368904114, 42.066192627, 87.4305953979, 115.323242188, 85.0183944702, 113.724601746, 128.883026123, 80.2219467163, 86.9285888672, 38.7041625977, 36.247756958, 21.8891277313, 17.3064212799, 24.9004096985, 28.8470916748, 26.7741298676, 16.8526420593, 8.83068370819, 4.85605239868, 4.10777902603, 6.52475166321, 6.4218788147, 3.41574525833, 2.12234711647, 1.28541874886, 0.37300375104, 0.0971784666181, 0.0163255985826, 0.000483756739413, 7.44520511944e-05],
        "median": [0.263253420591, 2.3225710392, 2.9942586422, 1.82669115067, 1.83413422108, 2.23463916779, 4.15043973923, 13.5314340591, 25.8174381256, 15.1485090256, 12.1322870255, 18.3938922882, 40.9169540405, 45.6209945679, 27.8314723969, 43.239780426, 45.7687644958, 41.1754074097, 42.301612854, 23.0822906494, 23.7504386902, 13.5582408905, 11.3011379242, 18.8381118774, 24.9504699707, 20.0766983032, 13.0410203934, 6.67707204819, 2.82039666176, 2.85296607018, 4.83171415329, 5.06141805649, 2.58428907394, 1.30225050449, 0.779452681541, 0.205192059278, 0.0521988086402, 0.00918972678483, 0.00026142137358, 6.99370793882e-05],
        "min": [4.03675801446e-22, 2.08456057491e-21, 2.09669040311e-20, 3.94075112298e-20, 1.4993288375e-19, 1.97035649756e-19, 3.78846394104e-19, 5.95087329452e-19, 4.31692481898e-19, 4.19506095222e-19, 1.04893367271e-18, 2.21766026211e-18, 1.71451235168e-18, 2.28053281291e-18, 1.4596177833e-18, 1.94526368934e-18, 3.16233443605e-18, 6.70618318218e-18, 5.35453159737e-18, 4.21777160953e-18, 8.45169392052e-18, 8.86416670579e-18, 7.49350775128e-18, 1.30724861225e-17, 1.07401635314e-17, 1.28484144751e-17, 1.99437646287e-17, 1.73040377338e-17, 1.72587198168e-17, 1.96473080603e-17, 2.1127243364e-17, 2.82911320489e-17, 2.1304278213e-17, 1.34261695272e-17, 9.08269128002e-18, 4.8715362882e-18, 3.01688382432e-18, 1.30637368263e-18, 2.78957640145e-19, 2.98308955427e-20],
        "stdev": [0.392770767212, 3.43636083603, 6.19526863098, 3.46167755127, 3.35527276993, 10.9208259583, 33.7341194153, 83.0283966064, 119.350593567, 95.470199585, 98.6938018799, 70.4083938599, 123.534179688, 170.705383301, 156.612991333, 173.038543701, 216.419174194, 113.632957458, 115.710632324, 55.7700767517, 54.0788192749, 32.2365722656, 21.4169464111, 20.0070781708, 18.2860641479, 21.8580913544, 13.3231544495, 7.59569454193, 6.77489376068, 4.61940383911, 5.91904973984, 5.2433681488, 3.53092288971, 2.8109691143, 1.54884147644, 0.551657140255, 0.176603451371, 0.0258046723902, 0.000749844475649, 2.65313356067e-05],
        "var": [0.154268875718, 11.8085765839, 38.3813514709, 11.9832115173, 11.2578554153, 119.264442444, 1137.99072266, 6893.71484375, 14244.5644531, 9114.55859375, 9740.46679688, 4957.34228516, 15260.6933594, 29140.3300781, 24527.6289062, 29942.3378906, 46837.2578125, 12912.4482422, 13388.9511719, 3110.30151367, 2924.51855469, 1039.1965332, 458.68560791, 400.283172607, 334.380157471, 477.776153564, 177.506454468, 57.6945762634, 45.8991851807, 21.338891983, 35.0351486206, 27.4929103851, 12.4674158096, 7.90154790878, 2.39890980721, 0.304325610399, 0.0311887785792, 0.000665881147142, 5.62266734505e-07, 7.03911762212e-10]
    },
    "gfcc": {
        "mean": [64.8964996338, 74.2016601562, -121.081993103, 25.1340141296, -56.4194717407, 29.4387931824, -31.1722774506, 20.2546424866, -24.6420726776, 15.8034591675, -5.09672307968, 0.908663630486, -7.87060880661],
        "cov": [[2075.6171875, -101.375480652, -84.2209701538, -3.42984175682, -103.990737915, 88.2372436523, -70.5022888184, 63.4862365723, -46.1564788818, 22.9555282593, -24.7478733063, 1.31126987934, -50.9675292969], [-101.375480652, 368.323181152, 37.7145843506, 146.795257568, 80.1656951904, 8.84838008881, 90.317565918, -4.84288692474, 53.378490448, -9.29224586487, 33.7939949036, 6.18838834763, 53.3336639404], [-84.2209701538, 37.7145843506, 358.332244873, 111.660690308, 45.0921592712, -6.92512989044, -24.011926651, 77.52759552, 66.7100448608, 29.6364917755, -5.31504154205, 40.9112014771, -21.9285621643], [-3.42984175682, 146.795257568, 111.660690308, 210.508972168, 81.1872787476, 3.15682339668, 23.8705196381, 32.6246566772, 57.1879959106, -8.41024589539, -5.66510820389, 14.7693471909, 26.3441181183], [-103.990737915, 80.1656951904, 45.0921592712, 81.1872787476, 172.257781982, 75.5890808105, 78.3152542114, 29.6605968475, 13.1739492416, 16.006483078, 2.76278686523, -23.2808532715, 1.1395637989], [88.2372436523, 8.84838008881, -6.92512989044, 3.15682339668, 75.5890808105, 216.295135498, 108.323097229, 3.21464490891, -20.7755622864, 19.3865871429, 36.8074111938, -35.9838790894, -10.3099803925], [-70.5022888184, 90.317565918, -24.011926651, 23.8705196381, 78.3152542114, 108.323097229, 156.828659058, 11.6203384399, 1.93893027306, 7.40973424911, 25.1478233337, -17.7403087616, 4.10857629776], [63.4862365723, -4.84288692474, 77.52759552, 32.6246566772, 29.6605968475, 3.21464490891, 11.6203384399, 119.146179199, 54.8716011047, 18.1074695587, 5.498005867, 11.473736763, 3.07648897171], [-46.1564788818, 53.378490448, 66.7100448608, 57.1879959106, 13.1739492416, -20.7755622864, 1.93893027306, 54.8716011047, 119.761657715, 34.5599060059, 3.14986681938, 18.433265686, 1.83778953552], [22.9555282593, -9.29224586487, 29.6364917755, -8.41024589539, 16.006483078, 19.3865871429, 7.40973424911, 18.1074695587, 34.5599060059, 85.9863128662, 41.6005859375, 0.275829434395, -10.6664810181], [-24.7478733063, 33.7939949036, -5.31504154205, -5.66510820389, 2.76278686523, 36.8074111938, 25.1478233337, 5.498005867, 3.14986681938, 41.6005859375, 102.509719849, 23.9789047241, 21.3539428711], [1.31126987934, 6.18838834763, 40.9112014771, 14.7693471909, -23.2808532715, -35.9838790894, -17.7403087616, 11.473736763, 18.433265686, 0.275829434395, 23.9789047241, 83.0847015381, 35.174446106], [-50.9675292969, 53.3336639404, -21.9285621643, 26.3441181183, 1.1395637989, -10.3099803925, 4.10857629776, 3.07648897171, 1.83778953552, -10.6664810181, 21.3539428711, 35.174446106, 95.9590835571]],
        "icov": [[0.00070852949284, -0.00036553008249, 0.000642426486593, -0.000645905500278, 0.000888453912921, -0.00103596004192, 0.000860643573105, -0.0012152051786, 0.00104396266397, -0.00103071110789, 0.000918132020161, -0.000846548820846, 0.000755303481128], [-0.00036553008249, 0.00608109077439, -0.000956057105213, -0.00240452797152, -0.00109858589713, 0.00271310145035, -0.00416735559702, 0.00330881634727, -0.00309896306135, 0.00269246264361, -0.00347045972012, 0.00276917871088, -0.00263958843425], [0.000642426486593, -0.000956057105213, 0.00536952354014, -0.00263742171228, 0.000456332287285, -0.00197242456488, 0.0026687302161, -0.00350454775617, 0.00142013223376, -0.00270984671079, 0.00216274475679, -0.00411538267508, 0.00330327753909], [-0.000645905500278, -0.00240452797152, -0.00263742171228, 0.0106414798647, -0.00439966330305, 0.00054539978737, 0.00081715505803, 0.00132150342688, -0.00390954036266, 0.00365539547056, -0.000283262023004, 0.00042083876906, -0.00210733828135], [0.000888453912921, -0.00109858589713, 0.000456332287285, -0.00439966330305, 0.0118496399373, -0.00288386759348, -0.00217295321636, -0.00347674544901, 0.00359466182999, -0.00450881430879, 0.00321345799603, 0.000754227687139, 0.000586966809351], [-0.00103596004192, 0.00271310145035, -0.00197242456488, 0.00054539978737, -0.00288386759348, 0.0108259944245, -0.00734353577718, 0.0028698972892, -0.000949395471253, 0.00197739992291, -0.00495563354343, 0.00496678287163, -0.00171865848824], [0.000860643573105, -0.00416735559702, 0.0026687302161, 0.00081715505803, -0.00217295321636, -0.00734353577718, 0.0152797102928, -0.00366959231906, 0.00135030876845, -0.00090562942205, 0.00140252558049, -0.00294182891957, 0.00249879201874], [-0.0012152051786, 0.00330881634727, -0.00350454775617, 0.00132150342688, -0.00347674544901, 0.0028698972892, -0.00366959231906, 0.01538042631, -0.00807128846645, 0.00363858533092, -0.00355390342884, 0.00283634942025, -0.00332427257672], [0.00104396266397, -0.00309896306135, 0.00142013223376, -0.00390954036266, 0.00359466182999, -0.000949395471253, 0.00135030876845, -0.00807128846645, 0.0175943858922, -0.00963616278023, 0.00529370736331, -0.00435003079474, 0.00273940269835], [-0.00103071110789, 0.00269246264361, -0.00270984671079, 0.00365539547056, -0.00450881430879, 0.00197739992291, -0.00090562942205, 0.00363858533092, -0.00963616278023, 0.022719912231, -0.0116999410093, 0.00480544194579, 7.35808789614e-05], [0.000918132020161, -0.00347045972012, 0.00216274475679, -0.000283262023004, 0.00321345799603, -0.00495563354343, 0.00140252558049, -0.00355390342884, 0.00529370736331, -0.0116999410093, 0.0192331038415, -0.00775746628642, -0.000366528751329], [-0.000846548820846, 0.00276917871088, -0.00411538267508, 0.00042083876906, 0.000754227687139, 0.00496678287163, -0.00294182891957, 0.00283634942025, -0.00435003079474, 0.00480544194579, -0.00775746628642, 0.0217622183263, -0.00811834819615], [0.000755303481128, -0.00263958843425, 0.00330327753909, -0.00210733828135, 0.000586966809351, -0.00171865848824, 0.00249879201874, -0.00332427257672, 0.00273940269835, 7.35808789614e-05, -0.000366528751329, -0.00811834819615, 0.0164438318461]]
    },
    "melbands": {
        "dmean": [0.00191388023086, 0.00191121024545, 0.000299629929941, 0.000220044821617, 0.000234331411775, 0.000598637096118, 0.000716726121027, 0.000380899407901, 0.000216607499169, 0.000164386743563, 0.000227811193326, 0.00025928588002, 0.000159840725246, 0.000154079825734, 0.000170326165971, 0.000118199932331, 7.22185650375e-05, 7.30510873836e-05, 3.46160231857e-05, 2.65024300461e-05, 2.42003734456e-05, 1.33959765662e-05, 8.02740032668e-06, 9.87081148196e-06, 1.05592898763e-05, 1.15789334814e-05, 9.02325245988e-06, 7.64894502936e-06, 5.68853010918e-06, 3.8745929487e-06, 2.8425547498e-06, 2.18240916183e-06, 1.583232347e-06, 1.47476157508e-06, 1.97705639948e-06, 2.30738510254e-06, 2.06911863643e-06, 1.42177793805e-06, 1.24429629977e-06, 1.0830580095e-06],
        "dmean2": [0.0030515010003, 0.00313999666832, 0.000523689086549, 0.00038421608042, 0.000389640597859, 0.000954457267653, 0.00116545089986, 0.00064544606721, 0.000359748955816, 0.000253083504504, 0.000335416581947, 0.000385519320844, 0.000243494650931, 0.000217872773646, 0.000238690539845, 0.000170929473825, 0.000106624604086, 0.000106994113594, 5.15861975146e-05, 4.23065393989e-05, 3.96805480705e-05, 2.12848735828e-05, 1.32556760946e-05, 1.60114432219e-05, 1.72156178451e-05, 1.85013432201e-05, 1.44941059261e-05, 1.21813227452e-05, 9.27800556383e-06, 6.34345678918e-06, 4.76138939121e-06, 3.7410773075e-06, 2.69784072771e-06, 2.52050222116e-06, 3.18615707329e-06, 3.67271422874e-06, 3.28927490045e-06, 2.2915739919e-06, 2.05077367355e-06, 1.78544758e-06],
        "dvar": [7.92110313341e-06, 1.31243768919e-05, 3.64577033451e-07, 4.02285536438e-07, 5.06258857058e-07, 1.78038578724e-06, 2.22167568609e-06, 1.13613339181e-06, 4.96345990086e-07, 1.57660920763e-07, 1.92924048292e-07, 2.1258442473e-07, 1.47855175214e-07, 1.02325124374e-07, 8.48628474159e-08, 4.97046563908e-08, 1.45397436313e-08, 1.45215750535e-08, 2.68920530289e-09, 2.75877654055e-09, 1.87222526371e-09, 7.23930360103e-10, 2.8419208653e-10, 3.79960729546e-10, 1.99085928299e-10, 1.61281821232e-10, 1.23854426715e-10, 8.41946165564e-11, 6.52244994126e-11, 3.05057333561e-11, 1.97894010207e-11, 1.97440761657e-11, 1.06813039316e-11, 7.10022535558e-12, 8.48376490586e-12, 8.97857829751e-12, 6.56965020579e-12, 4.27597410604e-12, 5.40792540957e-12, 4.26879668766e-12],
        "dvar2": [1.93610594579e-05, 3.4770117054e-05, 1.04521677713e-06, 1.11369479328e-06, 1.24631651488e-06, 4.22086532126e-06, 5.51581297259e-06, 3.05990602101e-06, 1.2392898725e-06, 3.73131882725e-07, 4.20395252831e-07, 4.7075150178e-07, 3.30792090608e-07, 1.85669989605e-07, 1.45346717773e-07, 8.96027501085e-08, 2.82697616427e-08, 2.54558116808e-08, 5.74098679706e-09, 6.00334182366e-09, 4.47439640894e-09, 1.71085656753e-09, 6.90673462866e-10, 9.6692476248e-10, 4.90176843559e-10, 4.2190342886e-10, 2.91740159808e-10, 1.93799254422e-10, 1.64796912228e-10, 8.0438607164e-11, 5.08130135191e-11, 5.21252173369e-11, 2.785924616e-11, 1.79143644363e-11, 2.13104586061e-11, 2.10612170065e-11, 1.54652800982e-11, 1.02857661624e-11, 1.37483375379e-11, 1.04224779848e-11],
        "max": [0.0218378286809, 0.0262684710324, 0.00558052910492, 0.00588509021327, 0.0165192708373, 0.0183267556131, 0.0131830386817, 0.0131964152679, 0.00818353332579, 0.00565965054557, 0.00736054917797, 0.00578416744247, 0.00473052728921, 0.00444792490453, 0.00349313626066, 0.00343584246002, 0.00153315300122, 0.00173888145946, 0.000598141981754, 0.000877782877069, 0.000765274744481, 0.000491018116008, 0.000293478165986, 0.000329744449118, 0.000180893286597, 0.000196760243853, 0.000166638943483, 0.000114324779133, 0.000116025083116, 7.51170009607e-05, 5.48410862393e-05, 6.10070273979e-05, 4.17824667238e-05, 3.63298968296e-05, 2.83425815724e-05, 3.30076072714e-05, 2.24791747314e-05, 2.18922832573e-05, 2.27248528972e-05, 2.2524225642e-05],
        "mean": [0.00380216608755, 0.00301285134628, 0.000477958412375, 0.000271220545983, 0.000381498393835, 0.000939218618441, 0.000999766401947, 0.000452063512057, 0.000287054455839, 0.00029092116165, 0.000462062685983, 0.000502105685882, 0.000270311778877, 0.000296336191241, 0.000356821343303, 0.000214194937143, 0.000138839910505, 0.000157045404194, 6.12122094026e-05, 4.5108183258e-05, 3.998068496e-05, 2.39682794927e-05, 1.35090431286e-05, 1.71511564986e-05, 2.00183549168e-05, 2.33843875321e-05, 1.9172895918e-05, 1.71863794094e-05, 1.14290969577e-05, 7.0972305366e-06, 4.34222647527e-06, 2.82062342194e-06, 2.18853892875e-06, 2.26498036682e-06, 3.52691290573e-06, 4.3824511522e-06, 3.78382992494e-06, 2.48502874456e-06, 1.96014798348e-06, 1.72277964339e-06],
        "median": [0.00286806444637, 0.00233310740441, 0.000336979603162, 0.000140043193824, 0.000136334056151, 0.000307077571051, 0.00039901654236, 0.000127511870232, 9.36440046644e-05, 0.000108988424472, 0.000204593714443, 0.000189638041775, 6.84999831719e-05, 6.73819668009e-05, 9.62712147157e-05, 6.94413247402e-05, 5.93828881392e-05, 6.30428330624e-05, 2.95972131426e-05, 2.21024019993e-05, 2.52886547969e-05, 1.36134840432e-05, 8.54339305079e-06, 1.06603720269e-05, 1.42002845678e-05, 1.92464776774e-05, 1.45388366946e-05, 1.22359906527e-05, 8.16767533252e-06, 5.20959156347e-06, 2.98556778944e-06, 1.48144215473e-06, 1.26848851778e-06, 1.46361639963e-06, 2.39415635406e-06, 3.37961910191e-06, 2.90846992357e-06, 1.78721563771e-06, 1.1995849718e-06, 9.51857998643e-07],
        "min": [7.27937729713e-24, 7.98145798075e-24, 1.0438019749e-23, 1.25138472676e-23, 1.34038322523e-23, 1.35300499971e-23, 6.65334674908e-24, 4.25457456418e-24, 1.22568955493e-23, 1.31101937687e-23, 8.31131622397e-24, 9.03745558748e-24, 6.22027788933e-24, 5.71031086854e-24, 4.99168579959e-24, 7.60887266433e-24, 1.29865682208e-23, 8.11381937432e-24, 6.99437210727e-24, 5.356002276e-24, 1.16141411501e-23, 9.45078083649e-24, 7.86314856649e-24, 5.79872758209e-24, 1.19172869853e-23, 7.31588893527e-24, 6.85965280846e-24, 8.4796236424e-24, 1.06946093802e-23, 1.27421231032e-23, 9.63712003749e-24, 8.96009988711e-24, 1.25110972985e-23, 9.41684167376e-24, 9.72390262568e-24, 1.80620827189e-23, 1.69777034745e-23, 1.83191330449e-23, 9.6609160267e-24, 1.13334084309e-23],
        "stdev": [0.00361592834815, 0.00340037699789, 0.000529451761395, 0.000532473321073, 0.00096500775544, 0.00171491957735, 0.00168807723094, 0.00102458836045, 0.000737565453164, 0.000501447007991, 0.000652474467643, 0.000752710213419, 0.000581738015171, 0.000612760079093, 0.000581693137065, 0.000369792833226, 0.000211409453186, 0.000235574392718, 7.7803619206e-05, 7.34061031835e-05, 6.17098921794e-05, 4.25859980169e-05, 1.96220225916e-05, 2.32650218095e-05, 1.82425210369e-05, 1.65850779013e-05, 1.67550333572e-05, 1.50980395119e-05, 1.04589644252e-05, 6.24218819212e-06, 4.62224534203e-06, 4.32970227848e-06, 3.24155939779e-06, 2.70587338491e-06, 3.60085687134e-06, 3.89356318919e-06, 3.30463331011e-06, 2.58761929217e-06, 2.62359071712e-06, 2.45777368946e-06],
        "var": [1.30749376694e-05, 1.15625643957e-05, 2.80319170542e-07, 2.83527839429e-07, 9.31239924284e-07, 2.94094934361e-06, 2.84960492536e-06, 1.04978141735e-06, 5.44002830338e-07, 2.51449080224e-07, 4.25722959108e-07, 5.66572623484e-07, 3.38419113177e-07, 3.75474940029e-07, 3.38366930919e-07, 1.36746749035e-07, 4.46939552035e-08, 5.54952919174e-08, 6.05340311211e-09, 5.3884559037e-09, 3.80811071565e-09, 1.81356707429e-09, 3.85023762872e-10, 5.41261202525e-10, 3.32789601432e-10, 2.75064832023e-10, 2.80731132785e-10, 2.27950797127e-10, 1.09389927672e-10, 3.89649146282e-11, 2.13651509678e-11, 1.87463204682e-11, 1.05077066839e-11, 7.3217508445e-12, 1.29661698045e-11, 1.5159833458e-11, 1.09206012289e-11, 6.69577327611e-12, 6.88322836229e-12, 6.04065191964e-12]
    },
    "melbands128": {
