{
"lowlevel": {
    "average_loudness": 0.982431232929,
    "barkbands_crest": {
        "dmean": 3.06739330292,
        "dmean2": 4.8779258728,
        "dvar": 8.37836551666,
        "dvar2": 22.1914978027,
        "max": 24.5297336578,
        "mean": 11.3073596954,
        "median": 10.5581207275,
        "min": 2.78233456612,
        "stdev": 4.54020214081,
        "var": 20.6134357452
    },
    "barkbands_flatness_db": {
        "dmean": 0.0252445247024,
        "dmean2": 0.0377736128867,
        "dvar": 0.000568437215406,
        "dvar2": 0.00132708938327,
        "max": 0.310423761606,
        "mean": 0.128356665373,
        "median": 0.121626071632,
        "min": 0.0317714363337,
        "stdev": 0.0450076237321,
        "var": 0.00202568620443
    },
    "barkbands_kurtosis": {
        "dmean": 4.06112670898,
        "dmean2": 6.59193754196,
        "dvar": 85.6460342407,
        "dvar2": 233.436920166,
        "max": 151.893753052,
        "mean": 5.4535112381,
        "median": 2.1189250946,
        "min": -1.82578098774,
        "stdev": 11.3156576157,
        "var": 128.0440979
    },
    "barkbands_skewness": {
        "dmean": 0.625871539116,
        "dmean2": 0.96370947361,
        "dvar": 0.578546345234,
        "dvar2": 1.40768039227,
        "max": 11.1730155945,
        "mean": 1.77198696136,
        "median": 1.43229115009,
        "min": -1.77191400528,
        "stdev": 1.31266129017,
        "var": 1.72307980061
    },
    "barkbands_spread": {
        "dmean": 7.60833406448,
        "dmean2": 11.4577827454,
        "dvar": 81.0671920776,
        "dvar2": 163.681304932,
        "max": 108.913803101,
        "mean": 25.3715248108,
        "median": 22.4383983612,
        "min": 2.0723836422,
        "stdev": 15.0849580765,
        "var": 227.555953979
    },
    "dissonance": {
        "dmean": 0.0249996893108,
        "dmean2": 0.0413847975433,
        "dvar": 0.000826219678856,
        "dvar2": 0.00210711196996,
        "max": 0.5,
        "mean": 0.447991877794,
        "median": 0.453761428595,
        "min": 0,
        "stdev": 0.0346193164587,
        "var": 0.00119849701878
    },
    "dynamic_complexity": 1.90935087204,
    "erbbands_crest": {
        "dmean": 3.27285480499,
        "dmean2": 5.06030845642,
        "dvar": 10.931303978,
        "dvar2": 24.4344825745,
        "max": 30.786075592,
        "mean": 10.861330986,
        "median": 9.26101016998,
        "min": 2.48652005196,
        "stdev": 5.95099067688,
        "var": 35.4142875671
    },
    "erbbands_flatness_db": {
        "dmean": 0.0188885238022,
        "dmean2": 0.0262452643365,
        "dvar": 0.000349499488948,
        "dvar2": 0.000729782623239,
        "max": 0.338600039482,
        "mean": 0.138733923435,
        "median": 0.131943956017,
        "min": 0.052818570286,
        "stdev": 0.0473180375993,
        "var": 0.00223899679258
    },
    "erbbands_kurtosis": {
        "dmean": 1.33069014549,
        "dmean2": 2.04653310776,
        "dvar": 3.62917041779,
        "dvar2": 8.76400661469,
        "max": 21.64128685,
        "mean": 1.01072108746,
        "median": 0.156544923782,
        "min": -1.83697640896,
        "stdev": 2.78501105309,
        "var": 7.75628662109
    },
    "erbbands_skewness": {
        "dmean": 0.450878143311,
        "dmean2": 0.645237326622,
        "dvar": 0.202462241054,
        "dvar2": 0.418711513281,
        "max": 3.82456803322,
        "mean": 0.670537769794,
        "median": 0.667331278324,
        "min": -2.62264084816,
        "stdev": 0.878154695034,
        "var": 0.771155714989
    },
    "erbbands_spread": {
        "dmean": 11.2238225937,
        "dmean2": 16.3452854156,
        "dvar": 159.165008545,
        "dvar2": 336.696899414,
        "max": 142.15776062,
        "mean": 43.958896637,
        "median": 40.1051445007,
        "min": 7.10261964798,
        "stdev": 23.744102478,
        "var": 563.782409668
    },
    "hfc": {
        "dmean": 9.49149608612,
        "dmean2": 13.4308099747,
        "dvar": 116.380805969,
        "dvar2": 225.895019531,
        "max": 91.0543289185,
        "mean": 33.1396865845,
        "median": 34.6812171936,
        "min": 1.214455061e-16,
        "stdev": 17.3766345978,
        "var": 301.947418213
    },
    "loudness_ebu128": {
        "integrated": -7.8656873703,
        "loudness_range": 0.884273529053,
        "momentary": {
            "dmean": 0.385257482529,
            "dmean2": 0.520306050777,
            "dvar": 0.0978393256664,
            "dvar2": 0.177680373192,
            "max": -5.9921631813,
            "mean": -7.93394374847,
            "median": -7.88410186768,
            "min": -10.267375946,
            "stdev": 0.775507509708,
            "var": 0.601411879063
        },
        "short_term": {
            "dmean": 0.047924131155,
            "dmean2": 0.0521862432361,
            "dvar": 0.00126361346338,
            "dvar2": 0.00153228489216,
            "max": -7.00370121002,
            "mean": -7.86299133301,
            "median": -7.82700252533,
            "min": -8.84380149841,
            "stdev": 0.320867985487,
            "var": 0.102956257761
        }
    },
    "melbands_crest": {
        "dmean": 3.80757641792,
        "dmean2": 6.05431127548,
        "dvar": 12.2159719467,
        "dvar2": 29.8491268158,
        "max": 36.1307373047,
        "mean": 15.4114465714,
        "median": 14.0728054047,
        "min": 2.18722367287,
        "stdev": 6.25116252899,
        "var": 39.0770339966
    },
    "melbands_flatness_db": {
        "dmean": 0.0300398226827,
        "dmean2": 0.0446844026446,
        "dvar": 0.000850846990943,
        "dvar2": 0.00190651335288,
        "max": 0.431721180677,
        "mean": 0.189850240946,
        "median": 0.183962255716,
        "min": 0.0064160679467,
        "stdev": 0.0611918792129,
        "var": 0.00374444620684
    },
    "melbands_kurtosis": {
        "dmean": 11.0114660263,
        "dmean2": 17.2339229584,
        "dvar": 788.289367676,
        "dvar2": 1981.87426758,
        "max": 562.856506348,
        "mean": 17.9732952118,
        "median": 8.3981924057,
        "min": -1.06188464165,
        "stdev": 33.2345848083,
        "var": 1104.53771973
    },
    "melbands_skewness": {
        "dmean": 0.909717023373,
        "dmean2": 1.37950956821,
        "dvar": 1.42898273468,
        "dvar2": 3.19844675064,
        "max": 20.9415569305,
        "mean": 2.88647127151,
        "median": 2.37014889717,
        "min": -0.209887757897,
        "stdev": 2.06899333,
        "var": 4.28073358536
    },
    "melbands_spread": {
        "dmean": 7.33512401581,
        "dmean2": 10.8407773972,
        "dvar": 96.5734100342,
        "dvar2": 202.007553101,
        "max": 182.048690796,
        "mean": 22.750120163,
        "median": 20.6916294098,
        "min": 0.950796365738,
        "stdev": 15.1470575333,
        "var": 229.433364868
    },
    "pitch_salience": {
        "dmean": 0.0770970508456,
        "dmean2": 0.120267271996,
        "dvar": 0.00552213285118,
        "dvar2": 0.012899549678,
        "max": 0.879406630993,
        "mean": 0.505932629108,
        "median": 0.499527841806,
        "min": 0.0932547599077,
        "stdev": 0.130763098598,
        "var": 0.017098987475
    },
    "silence_rate_20dB": {
        "dmean": 0,
        "dmean2": 0,
        "dvar": 0,
        "dvar2": 0,
        "max": 1,
        "mean": 1,
        "median": 1,
        "min": 1,
        "stdev": 0,
        "var": 0
    },
    "silence_rate_30dB": {
        "dmean": 0,
        "dmean2": 0,
        "dvar": 0,
        "dvar2": 0,
        "max": 1,
        "mean": 1,
        "median": 1,
        "min": 1,
        "stdev": 0,
        "var": 0
    },
    "silence_rate_60dB": {
        "dmean": 0.00696594407782,
        "dmean2": 0.0139426803216,
        "dvar": 0.00691751297563,
        "dvar2": 0.0168467853218,
        "max": 1,
        "mean": 0.00618716143072,
        "median": 0,
        "min": 0,
        "stdev": 0.0784144252539,
        "var": 0.00614882213995
    },
    "spectral_centroid": {
        "dmean": 309.650238037,
        "dmean2": 447.927185059,
        "dvar": 148447.1875,
        "dvar2": 256105.640625,
        "max": 10845.7578125,
        "mean": 1464.41564941,
        "median": 1354.26940918,
        "min": 299.743774414,
        "stdev": 663.180664062,
        "var": 439808.59375
    },
    "spectral_complexity": {
        "dmean": 4.11377716064,
        "dmean2": 6.14407444,
        "dvar": 19.7556324005,
        "dvar2": 39.7235717773,
        "max": 48,
        "mean": 18.8352661133,
        "median": 18,
        "min": 0,
        "stdev": 7.49529314041,
        "var": 56.1794204712
    },
    "spectral_decrease": {
        "dmean": 2.86872237076e-09,
        "dmean2": 4.50013981634e-09,
        "dvar": 1.03052145945e-17,
        "dvar2": 2.66124632943e-17,
        "max": 2.53576181866e-29,
        "mean": -9.86565851235e-09,
        "median": -9.79486891595e-09,
        "min": -2.57157530825e-08,
        "stdev": 4.81921258455e-09,
        "var": 2.32248096157e-17
    },
    "spectral_energy": {
        "dmean": 0.0113389194012,
        "dmean2": 0.0176543686539,
        "dvar": 0.000156322552357,
        "dvar2": 0.000396838528104,
        "max": 0.100756511092,
        "mean": 0.040241163224,
        "median": 0.040372222662,
        "min": 1.09197712094e-20,
        "stdev": 0.0188963226974,
        "var": 0.000357071025064
    },
    "spectral_energyband_high": {
        "dmean": 0.000786056392826,
        "dmean2": 0.00114394002594,
        "dvar": 9.59447788773e-07,
        "dvar2": 1.87014870789e-06,
        "max": 0.00946364551783,
        "mean": 0.00177560385782,
        "median": 0.0013395518763,
        "min": 7.93872133393e-21,
        "stdev": 0.00155444140546,
        "var": 2.4162882255e-06
    },
    "spectral_energyband_low": {
        "dmean": 0.00665317894891,
        "dmean2": 0.0104289986193,
        "dvar": 0.000113291986054,
        "dvar2": 0.000314832432196,
        "max": 0.0934273079038,
        "mean": 0.0150323659182,
        "median": 0.0127325328067,
        "min": 4.88834857088e-23,
        "stdev": 0.0155520513654,
        "var": 0.000241866291617
    },
    "spectral_energyband_middle_high": {
        "dmean": 0.00320333545096,
        "dmean2": 0.00469621270895,
        "dvar": 2.48438864219e-05,
        "dvar2": 5.85710513406e-05,
        "max": 0.0549858175218,
        "mean": 0.00735577195883,
        "median": 0.00498578883708,
        "min": 1.72480506506e-21,
        "stdev": 0.0074594928883,
        "var": 5.56440354558e-05
    },
    "spectral_energyband_middle_low": {
        "dmean": 0.00686129601672,
        "dmean2": 0.0104051874951,
        "dvar": 7.80104019213e-05,
        "dvar2": 0.00017230634694,
        "max": 0.072887070477,
        "mean": 0.0167828146368,
        "median": 0.0125850783661,
        "min": 3.29132409139e-22,
        "stdev": 0.0133775258437,
        "var": 0.000178958202014
    },
    "spectral_entropy": {
        "dmean": 0.2155700773,
        "dmean2": 0.299065470695,
        "dvar": 0.0454537607729,
        "dvar2": 0.0834129154682,
        "max": 9.7940158844,
        "mean": 7.67196178436,
        "median": 7.67241001129,
        "min": 6.49551057816,
        "stdev": 0.39826181531,
        "var": 0.158612474799
    },
    "spectral_flux": {
        "dmean": 0.0351804159582,
        "dmean2": 0.0543204806745,
        "dvar": 0.00102285400499,
        "dvar2": 0.0020698083099,
        "max": 0.269587367773,
        "mean": 0.104662962258,
        "median": 0.0969523340464,
        "min": 1.04497709097e-10,
        "stdev": 0.0494882576168,
        "var": 0.00244908756576
    },
    "spectral_kurtosis": {
        "dmean": 1.02366197109,
        "dmean2": 1.54919075966,
        "dvar": 1.27050757408,
        "dvar2": 2.99896073341,
        "max": 14.0378513336,
        "mean": 2.9727499485,
        "median": 2.72711706161,
        "min": -1.21332406998,
        "stdev": 1.79230844975,
        "var": 3.21236944199
    },
    "spectral_rms": {
        "dmean": 0.000912527204491,
        "dmean2": 0.00138299947139,
        "dvar": 9.74384761321e-07,
        "dvar2": 2.23460051529e-06,
        "max": 0.00991458725184,
        "mean": 0.00604571308941,
        "median": 0.00627594906837,
        "min": 3.26396006577e-12,
        "stdev": 0.00164591777138,
        "var": 2.70904524768e-06
    },
    "spectral_rolloff": {
        "dmean": 615.497558594,
        "dmean2": 1012.87908936,
        "dvar": 1228433.75,
        "dvar2": 2318372.75,
        "max": 18755.4199219,
        "mean": 1527.20703125,
        "median": 1012.06054688,
        "min": 64.599609375,
        "stdev": 1591.41125488,
        "var": 2532589.75
    },
    "spectral_skewness": {
        "dmean": 0.20921766758,
        "dmean2": 0.302076220512,
        "dvar": 0.0485271587968,
        "dvar2": 0.0951002389193,
        "max": 3.29367256165,
        "mean": 1.43600511551,
        "median": 1.43034267426,
        "min": 0.0214318409562,
        "stdev": 0.394547879696,
        "var": 0.155668020248
    },
    "spectral_spread": {
        "dmean": 791419.875,
        "dmean2": 1120452.375,
        "dvar": 1.16721411686e+12,
        "dvar2": 1.58841215386e+12,
        "max": 40875112,
        "mean": 6362018.5,
        "median": 6094606.5,
        "min": 2175285.75,
        "stdev": 2038772.25,
        "var": 4.15659248845e+12
    },
    "spectral_strongpeak": {
        "dmean": 0.760365188122,
        "dmean2": 1.26012432575,
        "dvar": 1.20143485069,
        "dvar2": 2.71956801414,
        "max": 7.15647315979,
        "mean": 1.46230638027,
        "median": 0.536332607269,
        "min": 0,
        "stdev": 1.64599013329,
        "var": 2.7092833519
    },
    "zerocrossingrate": {
        "dmean": 0.014531658031,
        "dmean2": 0.0164472498,
        "dvar": 0.000372084148694,
        "dvar2": 0.000449018378276,
        "max": 0.50341796875,
        "mean": 0.0709065198898,
        "median": 0.06494140625,
        "min": 0.0078125,
        "stdev": 0.0347243063152,
        "var": 0.00120577740017
    },
    "barkbands": {
        "dmean": [0.00065449817339, 0.00574825983495, 0.00127751135733, 0.00109335628804, 0.00219369004481, 0.0015898598358, 0.00104503822513, 0.00108061137144, 0.00259675597772, 0.00145855860319, 0.00110406638123, 0.000514643499628, 0.000466783036245, 0.000307881389745, 0.000371834990801, 0.000406575680245, 0.000172797008418, 0.000210490994505, 0.000272166420473, 0.000156819238327, 0.000250313198194, 0.000153321583639, 0.000113920970762, 0.000166021593031, 0.000141564945807, 7.62471172493e-05, 7.82376264397e-06],
        "dmean2": [0.000700983335264, 0.00921964272857, 0.00203836290166, 0.00194369722158, 0.00365311768837, 0.00251632370055, 0.00166845100466, 0.00174687022809, 0.00382819096558, 0.00218644971028, 0.00187155336607, 0.000774466781877, 0.000708529900294, 0.000490954495035, 0.000577399798203, 0.00061709334841, 0.000256703846389, 0.000327976507833, 0.000413436064264, 0.000233972008573, 0.000383150647394, 0.000235700790654, 0.000169956620084, 0.000244115581154, 0.000204486539587, 0.000113106194476, 1.25747783386e-05],
        "dvar": [1.89414720353e-06, 9.46209329413e-05, 8.49336629472e-06, 6.47646857033e-06, 1.70747371158e-05, 5.73112902202e-06, 5.77688706471e-06, 8.36341678223e-06, 2.93571756629e-05, 1.19565211207e-05, 8.70590974955e-06, 1.49336517552e-06, 1.54728684265e-06, 1.43399461194e-06, 6.28260011126e-07, 5.81955305279e-07, 9.39468733918e-08, 1.58272399631e-07, 1.55827592607e-07, 4.57815971799e-08, 1.53614436726e-07, 8.09449431927e-08, 3.12780983336e-08, 5.66139881641e-08, 3.43708776995e-08, 1.15746008333e-08, 2.05436737066e-10],
        "dvar2": [2.31207832257e-06, 0.000280515610939, 1.96379569388e-05, 1.84945693036e-05, 4.22978409915e-05, 1.26876966533e-05, 1.37443039421e-05, 1.78715908987e-05, 6.04155648034e-05, 2.41446359723e-05, 2.20948186325e-05, 3.41803888659e-06, 3.33168645739e-06, 3.58423312719e-06, 1.44758689657e-06, 1.20471167975e-06, 1.94287437694e-07, 3.34335055641e-07, 3.59267346539e-07, 1.00539068626e-07, 3.49876813743e-07, 1.91711734487e-07, 6.72964617365e-08, 1.13462526485e-07, 6.89522750008e-08, 2.61170072235e-08, 5.14825959641e-10],
        "max": [0.0172127280384, 0.07571914047, 0.0276164487004, 0.0207563340664, 0.0454540662467, 0.0261897947639, 0.0289294011891, 0.0381634682417, 0.0625579506159, 0.0438201315701, 0.0292616393417, 0.0212901551276, 0.0179412644356, 0.0283987335861, 0.0102075738832, 0.0106984656304, 0.00433291960508, 0.00494875572622, 0.00416728993878, 0.00410254811868, 0.00520071061328, 0.00443456415087, 0.00195499439724, 0.00276792561635, 0.00178206944838, 0.00114620116074, 0.000176414527232],
        "mean": [0.00123298878316, 0.0109616769478, 0.00239500147291, 0.00119441840798, 0.00323916599154, 0.00314258877188, 0.001480880077, 0.00173484464176, 0.00531921675429, 0.00220259465277, 0.00113474263344, 0.000914833741263, 0.000730408006348, 0.000380783516448, 0.000530504621565, 0.000610659189988, 0.000306019093841, 0.000363679020666, 0.000467890698928, 0.000296636339044, 0.00045135235996, 0.000237273095991, 0.000199547546799, 0.000303278531646, 0.00027253353619, 0.00012872008665, 8.93025026016e-06],
        "median": [4.14131063735e-05, 0.00829440262169, 0.00101323937997, 0.000404104124755, 0.00146596098784, 0.0017419239739, 0.000573473225813, 0.000438925228082, 0.000891000032425, 0.000466317200335, 0.000142681368743, 0.000312941934681, 0.000248515832936, 0.000129128122353, 0.000206388809602, 0.000238604319748, 0.000136970556923, 0.000162541560712, 0.000291708856821, 0.000190089194803, 0.000237071129959, 0.000127625637106, 0.000112553098006, 0.000177109526703, 0.000181339404662, 7.19409435987e-05, 3.80061214855e-06],
        "min": [2.05370194242e-24, 2.60515145057e-23, 5.85657238569e-24, 3.18175434088e-23, 2.8644410371e-23, 5.59871371395e-23, 3.89001227871e-23, 1.77653558449e-23, 1.53532463886e-22, 6.87832057069e-23, 3.65412488202e-23, 8.98361172862e-23, 5.20906628278e-23, 1.56837071638e-22, 1.43037407916e-22, 1.97290401594e-22, 3.24531696609e-22, 1.72061758943e-22, 2.63299732545e-22, 3.95590191737e-22, 4.01223264446e-22, 4.58204189621e-22, 5.66732769953e-22, 5.91956427004e-22, 1.67343343317e-21, 1.78948348038e-21, 2.50202889616e-21],
        "stdev": [0.00270359148271, 0.01251912117, 0.00342086423188, 0.00221279985271, 0.00481121428311, 0.00389775494114, 0.00292824022472, 0.00406615296379, 0.00977671612054, 0.00479009188712, 0.0030876363162, 0.00181098259054, 0.00171193457209, 0.00120507006068, 0.000961276644375, 0.00105820060708, 0.000490835809615, 0.000587465125136, 0.000551379984245, 0.00035299276351, 0.000567007344216, 0.000331926101353, 0.000255008402746, 0.000368752749637, 0.000288765877485, 0.000153049375513, 1.54916251631e-05],
        "var": [7.30940701033e-06, 0.000156728390721, 1.17023118946e-05, 4.89648300572e-06, 2.31477806665e-05, 1.51924941747e-05, 8.57459144754e-06, 1.65335986821e-05, 9.5584182418e-05, 2.29449815379e-05, 9.53349808697e-06, 3.27965813085e-06, 2.93071980195e-06, 1.45219394199e-06, 9.24052756091e-07, 1.11978840778e-06, 2.40919803218e-07, 3.45115239497e-07, 3.04019863506e-07, 1.2460388632e-07, 3.21497310551e-07, 1.10174937618e-07, 6.50292832916e-08, 1.35978581284e-07, 8.33857356497e-08, 2.34241124275e-08, 2.3999047194e-10]
    },
    "erbbands": {
        "dmean": [0.232109546661, 1.08790051937, 1.69092738628, 2.20146775246, 5.32525014877, 8.57649898529, 11.0094995499, 13.5909023285, 15.5219049454, 15.0180425644, 29.8720016479, 59.0108718872, 49.8215408325, 52.5396842957, 32.7050666809, 20.5166225433, 20.898109436, 15.9420604706, 16.0312995911, 18.9779129028, 22.4587783813, 8.13847637177, 8.5921497345, 14.9283771515, 9.96696662903, 7.50853967667, 10.7445878983, 7.80680704117, 5.58596420288, 4.56485033035, 3.22266387939, 3.50080990791, 2.67718267441, 1.70216453075, 1.00447309017, 0.427899092436, 0.124962374568, 0.0242487806827, 0.000780384172685, 2.68238800345e-05],
        "dmean2": [0.356251716614, 1.76167225838, 2.57597017288, 3.83791708946, 9.21335506439, 14.4222230911, 17.146232605, 21.9655208588, 24.3568916321, 24.874704361, 46.7808456421, 85.0077209473, 72.2836685181, 85.4476089478, 52.7153244019, 30.7078208923, 31.3139877319, 25.0317134857, 24.0708217621, 30.6314334869, 33.1758613586, 11.7340402603, 12.9258584976, 23.1288204193, 14.5962791443, 11.1173439026, 16.7455806732, 12.0485572815, 8.69207000732, 7.19621276855, 4.79049825668, 5.18328046799, 3.98204064369, 2.50294065475, 1.45413720608, 0.640394926071, 0.189390346408, 0.0369416512549, 0.00123672257178, 3.9096816181e-05],
        "dvar": [0.208603143692, 3.64059901237, 13.0192775726, 29.4642391205, 129.485443115, 320.211791992, 719.295410156, 406.518707275, 1306.69287109, 1261.98510742, 5687.8828125, 17369.3574219, 15805.9707031, 14884.9287109, 5533.14648438, 2559.23632812, 3040.92553711, 3685.38232422, 1521.46398926, 1769.69140625, 2137.09350586, 177.511672974, 278.968231201, 591.524291992, 271.16607666, 97.9030227661, 272.704467773, 182.802261353, 98.5453643799, 83.5882873535, 24.818977356, 25.1638259888, 15.4474515915, 5.29900836945, 1.75128793716, 0.370061248541, 0.0341106317937, 0.00145872065332, 2.09076097235e-06, 1.04791231248e-09],
        "dvar2": [0.571504831314, 9.82990646362, 28.1453971863, 82.0285186768, 349.658325195, 851.342102051, 1400.07446289, 1013.10797119, 3066.48461914, 3287.65795898, 12815.4833984, 34630.9257812, 31131.8945312, 36588.4179688, 12152.0546875, 6092.8203125, 6242.29980469, 9167.82128906, 3076.57080078, 4525.92773438, 4347.83691406, 367.046508789, 563.506591797, 1353.75769043, 603.93951416, 199.65447998, 613.890075684, 439.66696167, 230.486541748, 193.083877563, 52.8555183411, 50.7975578308, 31.5045681, 10.862247467, 3.76380395889, 0.801883935928, 0.081014841795, 0.00343215093017, 5.08552056999e-06, 2.29897878512e-09],
        "max": [4.73174953461, 14.6031637192, 32.174533844, 50.7622146606, 109.568382263, 222.896636963, 386.481292725, 225.993148804, 422.298583984, 409.029571533, 991.339111328, 1887.19104004, 1804.38427734, 1460.38598633, 984.123779297, 1048.58154297, 825.951477051, 1309.90734863, 647.358581543, 485.638549805, 682.657958984, 221.09463501, 281.966461182, 290.384216309, 214.659606934, 228.880432129, 161.270263672, 218.907516479, 148.966537476, 124.126281738, 62.7127456665, 51.7412338257, 42.1975975037, 24.2120819092, 12.4694890976, 6.6517033577, 2.0109577179, 0.47633099556, 0.0184334665537, 0.000403035082854],
        "mean": [0.388681173325, 2.10084605217, 3.55016827583, 2.9541156292, 6.03718471527, 11.9182882309, 22.578868866, 24.6614494324, 22.7842388153, 23.9237232208, 54.1985282898, 118.792198181, 85.5959396362, 70.3352508545, 45.5274963379, 36.5854148865, 35.4323005676, 21.2878284454, 25.188873291, 27.2400417328, 35.8378486633, 15.5937986374, 17.4097614288, 27.3880271912, 18.0630741119, 15.1674127579, 19.1057624817, 14.1335735321, 8.78943252563, 7.20451545715, 5.79124069214, 6.05249404907, 4.96517324448, 3.23642849922, 1.81754314899, 0.72963231802, 0.199388206005, 0.0350215397775, 0.00105410942342, 7.81434646342e-05],
        "median": [0.129977226257, 1.70242071152, 2.3263964653, 1.70239233971, 2.42741680145, 5.31188583374, 7.3244600296, 14.669801712, 8.35616207123, 12.7827625275, 14.7863254547, 22.6256790161, 24.2406997681, 18.9950561523, 13.8544416428, 17.4261741638, 12.9193525314, 8.04170608521, 10.1375980377, 13.8856449127, 14.9552335739, 7.71139287949, 7.85024404526, 16.2365913391, 11.4204082489, 10.0280427933, 10.7025289536, 8.27411746979, 4.90694046021, 3.92017102242, 3.24716758728, 3.72520136833, 2.7738263607, 1.95224928856, 1.14727783203, 0.374395728111, 0.112664729357, 0.0196846313775, 0.000535758328624, 7.18945666449e-05],
        "min": [9.96688317564e-22, 4.8907203159e-21, 5.60535226246e-21, 6.36308556959e-20, 9.7255521414e-20, 6.78401839628e-20, 2.81631475626e-19, 5.98050445502e-19, 6.41786121126e-19, 3.46051448701e-19, 5.32907697517e-19, 2.92954906127e-18, 2.4489647768e-18, 3.06391048971e-18, 2.28173801506e-18, 3.3274446494e-18, 2.56886646775e-18, 9.01938797492e-18, 4.46108554594e-18, 1.0944592948e-17, 9.86027000714e-18, 2.05622707338e-17, 1.07204551261e-17, 1.32147371996e-17, 1.63519181072e-17, 1.53995222022e-17, 1.01215176328e-17, 1.96524365801e-17, 2.00427980004e-17, 1.96579671097e-17, 1.34917632955e-17, 1.02557789724e-17, 1.20642737241e-17, 1.30062926483e-17, 1.52487950054e-17, 6.66535147919e-18, 3.33568936536e-18, 1.32908258218e-18, 3.51629825505e-19, 3.75425356036e-20],
        "stdev": [0.62173473835, 2.31942367554, 4.5320391655, 4.68547821045, 10.3768415451, 18.6934661865, 49.6922645569, 28.131275177, 44.6327857971, 38.5750389099, 105.310653687, 238.409133911, 182.991455078, 145.160690308, 96.1599655151, 63.1297302246, 80.7634658813, 61.6870956421, 52.2169799805, 43.4009094238, 64.5216903687, 22.4553375244, 28.2705974579, 34.3605651855, 21.7703533173, 18.9996013641, 23.2961769104, 17.4012260437, 11.7168598175, 10.7325267792, 7.52587175369, 7.33604049683, 6.16368198395, 3.6045153141, 1.92926824093, 0.891954541206, 0.240303918719, 0.0452391803265, 0.00165370781906, 4.76164495922e-05],
        "var": [0.386554062366, 5.37972593307, 20.5393791199, 21.9537067413, 107.678833008, 349.445648193, 2469.32128906, 791.368652344, 1992.08569336, 1488.03356934, 11090.3330078, 56838.9179688, 33485.875, 21071.625, 9246.73925781, 3985.36303711, 6522.73681641, 3805.29785156, 2726.61303711, 1883.63879395, 4163.04833984, 504.242156982, 799.22668457, 1180.64831543, 473.948272705, 360.984863281, 542.711853027, 302.80267334, 137.284805298, 115.187133789, 56.6387443542, 53.817489624, 37.990978241, 12.9925308228, 3.72207593918, 0.795582950115, 0.0577459707856, 0.00204658345319, 2.73474938695e-06, 2.26732610464e-09]
    },
    "gfcc": {
        "mean": [43.720123291, 59.7893218994, -103.381782532, 22.6213245392, -67.438835144, 18.2849235535, -35.5427856445, 19.5355911255, -28.5343856812, 9.36046791077, -18.7047920227, 4.48627281189, -7.4234495163],
        "cov": [[3939.75610352, -138.210769653, 66.0665130615, 187.94972229, 88.1659698486, 90.1143188477, -47.7077255249, 89.9072570801, -144.794677734, 21.7367553711, -95.2015075684, 81.0742034912, -7.79123401642], [-138.210769653, 647.631225586, 145.392974854, -5.03020048141, 194.995651245, 50.174041748, 92.6238861084, 32.0940628052, 53.0457801819, 20.0344600677, 9.89515209198, -41.0415725708, -8.46608448029], [66.0665130615, 145.392974854, 1470.99682617, 545.751464844, 347.734069824, 380.299499512, 89.7700271606, 120.373588562, 105.617286682, 128.374526978, 14.4923686981, 136.724136353, -72.2024383545], [187.94972229, -5.03020048141, 545.751464844, 535.197631836, 221.799346924, 143.464004517, 70.602394104, 89.9614868164, 70.6631317139, 46.1342163086, 35.8833236694, 88.1731109619, 0.161751449108], [88.1659698486, 194.995651245, 347.734069824, 221.799346924, 431.768829346, 218.939025879, 155.384872437, 146.996734619, 77.4347000122, 83.287940979, 22.6820888519, 34.4287796021, 25.6681079865], [90.1143188477, 50.174041748, 380.299499512, 143.464004517, 218.939025879, 371.943145752, 181.298065186, 77.0856628418, 74.0180435181, 93.8748703003, 26.3566455841, 20.9898395538, 14.9314527512], [-47.7077255249, 92.6238861084, 89.7700271606, 70.602394104, 155.384872437, 181.298065186, 240.780700684, 106.213287354, 70.696144104, 47.0747032166, 15.9672336578, 13.4369907379, 27.9805812836], [89.9072570801, 32.0940628052, 120.373588562, 89.9614868164, 146.996734619, 77.0856628418, 106.213287354, 176.106658936, 88.5787811279, 24.8043346405, 13.8945827484, 23.5538578033, 25.1218032837], [-144.794677734, 53.0457801819, 105.617286682, 70.6631317139, 77.4347000122, 74.0180435181, 70.696144104, 88.5787811279, 147.641769409, 43.3846549988, 2.85996484756, 3.21215581894, 0.994515895844], [21.7367553711, 20.0344600677, 128.374526978, 46.1342163086, 83.287940979, 93.8748703003, 47.0747032166, 24.8043346405, 43.3846549988, 132.173614502, 52.3769721985, 12.6082324982, 11.7586183548], [-95.2015075684, 9.89515209198, 14.4923686981, 35.8833236694, 22.6820888519, 26.3566455841, 15.9672336578, 13.8945827484, 2.85996484756, 52.3769721985, 108.225090027, 40.9421730042, 26.0176353455], [81.0742034912, -41.0415725708, 136.724136353, 88.1731109619, 34.4287796021, 20.9898395538, 13.4369907379, 23.5538578033, 3.21215581894, 12.6082324982, 40.9421730042, 106.052764893, 25.7960624695], [-7.79123401642, -8.46608448029, -72.2024383545, 0.161751449108, 25.6681079865, 14.9314527512, 27.9805812836, 25.1218032837, 0.994515895844, 11.7586183548, 26.0176353455, 25.7960624695, 83.153213501]],
        "icov": [[0.000387910404243, -0.000214579267777, 0.000365262880223, -0.000392446207115, 0.000313905038638, -0.000626392953563, 0.000624892883934, -0.00105424690992, 0.00109383661766, -0.000796279811766, 0.0011338070035, -0.000835257698782, 0.000460114795715], [-0.000214579267777, 0.00266366708092, -0.00105512421578, 0.00121784384828, -0.00210200319998, 0.00195126608014, -0.00190036639106, 0.00247036921792, -0.00197133119218, 0.00178489438258, -0.00233027222566, 0.00245754257776, -0.000737941707484], [0.000365262880223, -0.00105512421578, 0.00258978782222, -0.00190218223725, 0.000778622576036, -0.00290284026414, 0.00237894244492, -0.00234699784778, 0.00176467269193, -0.00221995380707, 0.00285854027607, -0.00348945939913, 0.00284961541183], [-0.000392446207115, 0.00121784384828, -0.00190218223725, 0.0043975347653, -0.00218777288683, 0.00187879928853, -0.00153583427891, 0.00220673461445, -0.00259830476716, 0.00236266781576, -0.00282529811375, 0.000751103041694, -0.00103696750011], [0.000313905038638, -0.00210200319998, 0.000778622576036, -0.00218777288683, 0.00665968237445, -0.00305608497001, 0.00112884177361, -0.00525341834873, 0.00313713471405, -0.00325513049029, 0.00303369993344, -0.00169872469269, 0.000196612352738], [-0.000626392953563, 0.00195126608014, -0.00290284026414, 0.00187879928853, -0.00305608497001, 0.00924893189222, -0.00644776411355, 0.00506706023589, -0.00345277483575, 0.00110245414544, -0.00369358365424, 0.00434022489935, -0.00276821898296], [0.000624892883934, -0.00190036639106, 0.00237894244492, -0.00153583427891, 0.00112884177361, -0.00644776411355, 0.0111770248041, -0.00640815263614, 0.00216561695561, -0.00239559193142, 0.00357185094617, -0.00354090565816, 0.0012117784936], [-0.00105424690992, 0.00247036921792, -0.00234699784778, 0.00220673461445, -0.00525341834873, 0.00506706023589, -0.00640815263614, 0.01697678864, -0.00979674607515, 0.00564328813925, -0.00576057191938, 0.00355147570372, -0.00413049897179], [0.00109383661766, -0.00197133119218, 0.00176467269193, -0.00259830476716, 0.00313713471405, -0.00345277483575, 0.00216561695561, -0.00979674607515, 0.015312823467, -0.00655169878155, 0.00601236242801, -0.00290382304229, 0.00308471545577], [-0.000796279811766, 0.00178489438258, -0.00221995380707, 0.00236266781576, -0.00325513049029, 0.00110245414544, -0.00239559193142, 0.00564328813925, -0.00655169878155, 0.0156762059778, -0.00997373182327, 0.00486550899222, -0.00244418345392], [0.0011338070035, -0.00233027222566, 0.00285854027607, -0.00282529811375, 0.00303369993344, -0.00369358365424, 0.00357185094617, -0.00576057191938, 0.00601236242801, -0.00997373182327, 0.0194605085999, -0.00921886507422, 0.000731212785468], [-0.000835257698782, 0.00245754257776, -0.00348945939913, 0.000751103041694, -0.00169872469269, 0.00434022489935, -0.00354090565816, 0.00355147570372, -0.00290382304229, 0.00486550899222, -0.00921886507422, 0.018928123638, -0.00663664424792], [0.000460114795715, -0.000737941707484, 0.00284961541183, -0.00103696750011, 0.000196612352738, -0.00276821898296, 0.0012117784936, -0.00413049897179, 0.00308471545577, -0.00244418345392, 0.000731212785468, -0.00663664424792, 0.017885632813]]
    },
    "melbands": {
        "dmean": [0.00177398207597, 0.000946871936321, 0.00047617056407, 0.000470253784442, 0.000370612542611, 0.000301399704767, 0.000231760117458, 0.000167650301591, 0.000283429486444, 0.00037199864164, 0.000243224247242, 0.000213297185837, 0.000141502125189, 6.55992043903e-05, 4.78454021504e-05, 3.7028650695e-05, 3.09943679895e-05, 2.6552228519e-05, 2.48969317909e-05, 2.71564495051e-05, 2.66804836428e-05, 8.66175741976e-06, 6.9680818342e-06, 1.25224969452e-05, 1.35225027407e-05, 1.01023651951e-05, 4.64056347482e-06, 5.36684183317e-06, 7.70754195401e-06, 7.18614774087e-06, 4.13488896811e-06, 3.27736552208e-06, 3.15022703035e-06, 2.47153275268e-06, 1.98936072593e-06, 1.82997280262e-06, 2.36083951677e-06, 1.97620761355e-06, 1.89422564745e-06, 1.44868204188e-06],
        "dmean2": [0.00279866182245, 0.00141212216113, 0.00082103535533, 0.000805326155387, 0.000568768475205, 0.000484914111439, 0.00036360163358, 0.000276262231637, 0.000436204572907, 0.000539345724974, 0.000354720570613, 0.000343499123119, 0.000231206067838, 9.65877770795e-05, 6.82437603245e-05, 5.8450983488e-05, 4.89468984597e-05, 4.04496131523e-05, 3.94676862925e-05, 4.30188083556e-05, 3.99511882279e-05, 1.29564368763e-05, 1.01064488263e-05, 1.94697822735e-05, 2.1334619305e-05, 1.50778278112e-05, 6.944040706e-06, 8.0110730778e-06, 1.21057564684e-05, 1.12502330012e-05, 6.48021978122e-06, 5.17203852723e-06, 4.91886567033e-06, 3.885141723e-06, 2.96425309898e-06, 2.74844796877e-06, 3.50063351107e-06, 2.94218057206e-06, 2.84820862362e-06, 2.15178192775e-06],
        "dvar": [9.93637604552e-06, 2.9375783015e-06, 1.14679664875e-06, 8.32719422306e-07, 6.41714620997e-07, 1.87728446122e-07, 2.78049668623e-07, 1.58901826808e-07, 4.31188084349e-07, 6.26967675998e-07, 3.91890836227e-07, 2.43227390229e-07, 1.22394439472e-07, 1.84417867644e-08, 1.48315315585e-08, 8.07884426024e-09, 1.7907577643e-08, 4.50473525149e-09, 2.93065616219e-09, 2.76862688331e-09, 2.85136292355e-09, 2.81122042312e-10, 1.68144290158e-10, 6.32915775345e-10, 5.50403000954e-10, 3.43509415357e-10, 3.86046368483e-11, 5.33914891465e-11, 1.64823377169e-10, 1.8327765694e-10, 4.95174526383e-11, 3.57764720627e-11, 3.9286737058e-11, 2.4107606536e-11, 1.09772876553e-11, 6.06991366892e-12, 1.23452316078e-11, 8.3090201386e-12, 7.81604121702e-12, 3.76163683535e-12],
        "dvar2": [2.89341478492e-05, 6.24006088401e-06, 3.15736747325e-06, 2.18596096602e-06, 1.28365525143e-06, 4.5809397875e-07, 6.47083993499e-07, 3.81552354156e-07, 9.650177617e-07, 1.27214434542e-06, 7.68166444232e-07, 5.78679362206e-07, 2.80332955072e-07, 3.63750416454e-08, 2.46777958068e-08, 1.93747542454e-08, 4.46558132694e-08, 9.69823155117e-09, 7.74505437562e-09, 6.48322684427e-09, 5.92605120531e-09, 6.63229637876e-10, 3.10338921228e-10, 1.37814193391e-09, 1.32382127482e-09, 7.91575027748e-10, 8.78223396783e-11, 1.14723813782e-10, 3.83793108405e-10, 4.33840463554e-10, 1.20017176752e-10, 8.70158181621e-11, 9.36636532223e-11, 5.76294741095e-11, 2.39702719479e-11, 1.33718739206e-11, 2.52448097149e-11, 1.76027612625e-11, 1.67025473313e-11, 8.08961665016e-12],
        "max": [0.0299133751541, 0.0155569184572, 0.00911260955036, 0.0076725226827, 0.0109719773754, 0.00470399484038, 0.00653328513727, 0.00542317004874, 0.00835536047816, 0.0104820141569, 0.00886677298695, 0.00645736139268, 0.00456216558814, 0.00217506219633, 0.00232325540856, 0.00124033214524, 0.00297428504564, 0.00102539290674, 0.0007734108367, 0.000559263455216, 0.000743463402614, 0.000324623135384, 0.000209246907616, 0.000395206850953, 0.00029750081012, 0.000280677253613, 0.000124562720885, 0.000135701469844, 0.000152816239279, 0.000222627422772, 0.00010566200217, 8.62161978148e-05, 9.39938690863e-05, 6.73530812492e-05, 4.1673942178e-05, 2.72212037089e-05, 4.28321254731e-05, 3.53111026925e-05, 2.81846660073e-05, 1.88594658539e-05],
        "mean": [0.00323078315705, 0.00212851702236, 0.000618228688836, 0.000622553925496, 0.000740309245884, 0.000553659920115, 0.000344469794072, 0.000270799617283, 0.000531881581992, 0.000741319905501, 0.000413676229073, 0.000285738875391, 0.000167732257978, 0.000116681207146, 8.18521584733e-05, 5.75008743908e-05, 3.79141347366e-05, 3.85291750717e-05, 3.48844005202e-05, 3.84976083296e-05, 4.07378465752e-05, 1.48337776409e-05, 1.27745934151e-05, 2.13583261939e-05, 2.23692295549e-05, 1.64937464433e-05, 8.73811859492e-06, 9.93558114715e-06, 1.25640617625e-05, 1.13927981147e-05, 6.88436148266e-06, 4.91966693517e-06, 4.43119370175e-06, 3.76528828383e-06, 3.41976669915e-06, 3.06847095999e-06, 3.90351124224e-06, 3.42025759892e-06, 3.30292800754e-06, 2.56707244262e-06],
        "median": [0.00188609247562, 0.00185107754078, 0.000339019694366, 0.000306206668029, 0.000273330748314, 0.000327511254, 0.000140359828947, 0.000138525560033, 0.000113291302114, 0.000128559593577, 8.60121654114e-05, 6.0701098846e-05, 3.11642870656e-05, 3.89723900298e-05, 3.42789826391e-05, 2.18033710553e-05, 1.21274106277e-05, 1.45787398651e-05, 1.51512740558e-05, 1.60212712217e-05, 1.55996040121e-05, 7.38824473956e-06, 4.56730231235e-06, 8.96669007489e-06, 1.25485448734e-05, 9.63203729043e-06, 5.76007232667e-06, 5.93840741203e-06, 6.66420328344e-06, 5.29721819476e-06, 3.91006915379e-06, 2.51562664744e-06, 2.2062536118e-06, 2.01683565138e-06, 1.75574939476e-06, 1.85520616469e-06, 2.23937354349e-06, 1.82716212294e-06, 1.68243911958e-06, 1.51647918756e-06],
        "min": [8.17161842398e-24, 4.69155301858e-24, 1.22279080665e-23, 5.00945094717e-24, 9.00631135894e-24, 1.27364330495e-23, 8.70343136982e-24, 3.73006528703e-24, 5.0181240784e-24, 2.19737394476e-23, 1.22123501517e-23, 1.24228892387e-23, 5.44188043516e-24, 1.24421800433e-23, 3.47020582738e-24, 8.49041920389e-24, 1.74818755231e-23, 5.33008898413e-24, 1.15711829406e-23, 1.45823809784e-23, 1.04717837846e-23, 2.00912885581e-23, 1.53680438415e-23, 7.95802328984e-24, 1.13275968926e-23, 8.7916386408e-24, 1.48609230308e-23, 9.59882320713e-24, 5.98713359867e-24, 8.09760907158e-24, 1.28544079868e-23, 1.07529756208e-23, 1.04142079826e-23, 1.14932553161e-23, 8.17489456332e-24, 5.71743309923e-24, 6.67775252777e-24, 7.49702402088e-24, 1.05419419181e-23, 1.04654476538e-23],
        "stdev": [0.0042500635609, 0.00231848098338, 0.000951349677052, 0.000919778714888, 0.00144539959729, 0.000616093166173, 0.000662963895593, 0.000473261578009, 0.000985599006526, 0.00140098494012, 0.000922145030927, 0.000625324901193, 0.00042193281115, 0.000231550817261, 0.000184230491868, 0.000111857378215, 0.000135405105539, 8.43627058202e-05, 5.78613653488e-05, 6.17484911345e-05, 7.30422470951e-05, 2.32685688388e-05, 2.27404652833e-05, 3.76445277652e-05, 3.04530676658e-05, 2.23465376621e-05, 1.02773246908e-05, 1.26515615193e-05, 1.70073071786e-05, 1.71155170392e-05, 8.83377560967e-06, 6.96453889759e-06, 6.9332518251e-06, 5.71802684135e-06, 4.92706067234e-06, 3.4867357499e-06, 5.06508240505e-06, 4.40591975348e-06, 4.18861509388e-06, 2.90917068924e-06],
        "var": [1.80630413524e-05, 5.37535424883e-06, 9.0506620154e-07, 8.459928722e-07, 2.08918004319e-06, 3.79570764153e-07, 4.3952110218e-07, 2.23976527991e-07, 9.71405370365e-07, 1.9627589154e-06, 8.50351455028e-07, 3.91031221625e-07, 1.78027306674e-07, 5.36157784836e-08, 3.39408749994e-08, 1.25120722672e-08, 1.83345427729e-08, 7.11706560352e-09, 3.3479374828e-09, 3.81287579287e-09, 5.33516963941e-09, 5.41426292688e-10, 5.17128728728e-10, 1.41711054003e-09, 9.27389331995e-10, 4.99367769358e-10, 1.05623405855e-10, 1.60062005317e-10, 2.89248514029e-10, 2.9294092152e-10, 7.80355849384e-11, 4.85048008703e-11, 4.80699785532e-11, 3.26958286834e-11, 2.42759267549e-11, 1.21573254935e-11, 2.56550596739e-11, 1.94121281549e-11, 1.75444953704e-11, 8.46327435217e-12]
    },
    "melbands128": {
