{
"lowlevel": {
    "average_loudness": 0.976572036743,
    "barkbands_crest": {
        "dmean": 2.08798575401,
        "dmean2": 3.54474687576,
        "dvar": 5.43720340729,
        "dvar2": 15.0320491791,
        "max": 22.5465106964,
        "mean": 9.78043460846,
        "median": 9.3356552124,
        "min": 3.6408727169,
        "stdev": 3.17092561722,
        "var": 10.054769516
    },
    "barkbands_flatness_db": {
        "dmean": 0.0195407941937,
        "dmean2": 0.029689328745,
        "dvar": 0.000415992632043,
        "dvar2": 0.000973367597908,
        "max": 0.316485226154,
        "mean": 0.166429340839,
        "median": 0.161646932364,
        "min": 0.0449199862778,
        "stdev": 0.0442779920995,
        "var": 0.00196054042317
    },
    "barkbands_kurtosis": {
        "dmean": 3.4025144577,
        "dmean2": 5.55321264267,
        "dvar": 35.6864128113,
        "dvar2": 97.2791824341,
        "max": 87.5130004883,
        "mean": 7.38240623474,
        "median": 5.01777267456,
        "min": -1.79204785824,
        "stdev": 8.10694026947,
        "var": 65.7224731445
    },
    "barkbands_skewness": {
        "dmean": 0.502777695656,
        "dmean2": 0.787870466709,
        "dvar": 0.363620519638,
        "dvar2": 0.951277852058,
        "max": 7.57613706589,
        "mean": 2.14862370491,
        "median": 2.00744652748,
        "min": -1.77215480804,
        "stdev": 1.02321481705,
        "var": 1.04696846008
    },
    "barkbands_spread": {
        "dmean": 3.42119765282,
        "dmean2": 5.19599580765,
        "dvar": 28.9171009064,
        "dvar2": 52.1199645996,
        "max": 96.1786651611,
        "mean": 15.2410888672,
        "median": 13.6597671509,
        "min": 1.56573343277,
        "stdev": 11.2836666107,
        "var": 127.321136475
    },
    "dissonance": {
        "dmean": 0.0189971588552,
        "dmean2": 0.031218579039,
        "dvar": 0.000505980337039,
        "dvar2": 0.00118299771566,
        "max": 0.498838275671,
        "mean": 0.447920173407,
        "median": 0.453801542521,
        "min": 0.0488902367651,
        "stdev": 0.032580293715,
        "var": 0.00106147548649
    },
    "dynamic_complexity": 1.84590196609,
    "erbbands_crest": {
        "dmean": 2.04564356804,
        "dmean2": 3.24604535103,
        "dvar": 4.31329870224,
        "dvar2": 10.6974802017,
        "max": 25.0372962952,
        "mean": 9.17573547363,
        "median": 8.38966274261,
        "min": 2.59418201447,
        "stdev": 3.641923666,
        "var": 13.2636079788
    },
    "erbbands_flatness_db": {
        "dmean": 0.013972598128,
        "dmean2": 0.0189380832016,
        "dvar": 0.000192341991351,
        "dvar2": 0.000388135376852,
        "max": 0.263420879841,
        "mean": 0.158340647817,
        "median": 0.157640308142,
        "min": 0.0663984566927,
        "stdev": 0.0303225107491,
        "var": 0.000919454614632
    },
    "erbbands_kurtosis": {
        "dmean": 0.851086974144,
        "dmean2": 1.28557932377,
        "dvar": 1.65796935558,
        "dvar2": 3.85772132874,
        "max": 23.6358032227,
        "mean": 0.94799464941,
        "median": 0.168287038803,
        "min": -1.60644364357,
        "stdev": 2.51989412308,
        "var": 6.34986686707
    },
    "erbbands_skewness": {
        "dmean": 0.281192928553,
        "dmean2": 0.416706860065,
        "dvar": 0.0749690458179,
        "dvar2": 0.158007651567,
        "max": 3.26455545425,
        "mean": 0.631328821182,
        "median": 0.595475018024,
        "min": -1.91093766689,
        "stdev": 0.834095060825,
        "var": 0.695714533329
    },
    "erbbands_spread": {
        "dmean": 7.20811080933,
        "dmean2": 10.9866781235,
        "dvar": 84.6768417358,
        "dvar2": 197.537216187,
        "max": 123.041236877,
        "mean": 38.4149093628,
        "median": 34.9570007324,
        "min": 6.65966176987,
        "stdev": 17.6305732727,
        "var": 310.837097168
    },
    "hfc": {
        "dmean": 5.25065851212,
        "dmean2": 7.59923744202,
        "dvar": 91.7754058838,
        "dvar2": 167.333435059,
        "max": 194.703704834,
        "mean": 21.8962078094,
        "median": 18.4676685333,
        "min": 1.20571579856e-16,
        "stdev": 18.3437423706,
        "var": 336.492858887
    },
    "loudness_ebu128": {
        "integrated": -10.0202083588,
        "loudness_range": 1.67277240753,
        "momentary": {
            "dmean": 0.529349267483,
            "dmean2": 0.709251821041,
            "dvar": 0.76247549057,
            "dvar2": 1.21936702728,
            "max": -8.17245864868,
            "mean": -10.3692426682,
            "median": -9.96233177185,
            "min": -28.425983429,
            "stdev": 2.11529922485,
            "var": 4.47449064255
        },
        "short_term": {
            "dmean": 0.0648507401347,
            "dmean2": 0.0781364887953,
            "dvar": 0.00251286639832,
            "dvar2": 0.00355540425517,
            "max": -9.14409637451,
            "mean": -10.0556974411,
            "median": -9.87020397186,
            "min": -11.3672180176,
            "stdev": 0.62230861187,
            "var": 0.387268006802
        }
    },
    "melbands_crest": {
        "dmean": 2.44579005241,
        "dmean2": 4.15087270737,
        "dvar": 6.44263744354,
        "dvar2": 17.1513805389,
        "max": 27.6428985596,
        "mean": 14.7188224792,
        "median": 14.6239261627,
        "min": 2.63531804085,
        "stdev": 3.95133638382,
        "var": 15.6130590439
    },
    "melbands_flatness_db": {
        "dmean": 0.0222854502499,
        "dmean2": 0.0339220874012,
        "dvar": 0.000632901675999,
        "dvar2": 0.00142743636388,
        "max": 0.415504604578,
        "mean": 0.238041475415,
        "median": 0.234495505691,
        "min": 0.00767651479691,
        "stdev": 0.0567933656275,
        "var": 0.00322548625991
    },
    "melbands_kurtosis": {
        "dmean": 8.14750957489,
        "dmean2": 13.5477399826,
        "dvar": 238.420562744,
        "dvar2": 655.898132324,
        "max": 219.687179565,
        "mean": 17.6120872498,
        "median": 12.7713804245,
        "min": -1.49716067314,
        "stdev": 17.8088512421,
        "var": 317.155212402
    },
    "melbands_skewness": {
        "dmean": 0.711021542549,
        "dmean2": 1.13998472691,
        "dvar": 0.82036203146,
        "dvar2": 2.11171388626,
        "max": 12.3997898102,
        "mean": 3.10071086884,
        "median": 2.87224245071,
        "min": 0.155657574534,
        "stdev": 1.36067378521,
        "var": 1.85143315792
    },
    "melbands_spread": {
        "dmean": 3.46692872047,
        "dmean2": 5.13080978394,
        "dvar": 33.466594696,
        "dvar2": 49.536491394,
        "max": 155.836288452,
        "mean": 14.1556348801,
        "median": 11.4504747391,
        "min": 1.15992796421,
        "stdev": 12.2309322357,
        "var": 149.595703125
    },
    "pitch_salience": {
        "dmean": 0.0657128468156,
        "dmean2": 0.109693475068,
        "dvar": 0.00496638938785,
        "dvar2": 0.013797275722,
        "max": 0.973239243031,
        "mean": 0.519981384277,
        "median": 0.513958871365,
        "min": 0.134526237845,
        "stdev": 0.109094038606,
        "var": 0.0119015099481
    },
    "silence_rate_20dB": {
        "dmean": 0,
        "dmean2": 0,
        "dvar": 0,
        "dvar2": 0,
        "max": 1,
        "mean": 1,
        "median": 1,
        "min": 1,
        "stdev": 0,
        "var": 0
    },
    "silence_rate_30dB": {
        "dmean": 0.0464396290481,
        "dmean2": 0.0929512009025,
        "dvar": 0.0442824959755,
        "dvar2": 0.116842314601,
        "max": 1,
        "mean": 0.969837605953,
        "median": 1,
        "min": 0,
        "stdev": 0.171033248305,
        "var": 0.0292523708194
    },
    "silence_rate_60dB": {
        "dmean": 0.00386996893212,
        "dmean2": 0.00774593325332,
        "dvar": 0.00385500025004,
        "dvar2": 0.0107843419537,
        "max": 1,
        "mean": 0.0224284604192,
        "median": 0,
        "min": 0,
        "stdev": 0.148072555661,
        "var": 0.0219254810363
    },
    "spectral_centroid": {
        "dmean": 155.980499268,
        "dmean2": 230.808532715,
        "dvar": 108392.953125,
        "dvar2": 138911.78125,
        "max": 11682.3564453,
        "mean": 871.820739746,
        "median": 784.288024902,
        "min": 226.298629761,
        "stdev": 546.129394531,
        "var": 298257.34375
    },
    "spectral_complexity": {
        "dmean": 2.71207427979,
        "dmean2": 4.32687854767,
        "dvar": 10.0765914917,
        "dvar2": 23.4113807678,
        "max": 41,
        "mean": 17.4679050446,
        "median": 17,
        "min": 0,
        "stdev": 6.82834911346,
        "var": 46.6263504028
    },
    "spectral_decrease": {
        "dmean": 4.00508293197e-09,
        "dmean2": 6.58138610277e-09,
        "dvar": 4.84237916423e-17,
        "dvar2": 1.2289442213e-16,
        "max": -1.25237499156e-29,
        "mean": -1.16495977309e-08,
        "median": -1.08320010739e-08,
        "min": -5.18058769217e-08,
        "stdev": 7.30177518449e-09,
        "var": 5.33159197647e-17
    },
    "spectral_energy": {
        "dmean": 0.015456658788,
        "dmean2": 0.0253074970096,
        "dvar": 0.000707992701791,
        "dvar2": 0.00179727270734,
        "max": 0.198604553938,
        "mean": 0.0459543131292,
        "median": 0.0428125746548,
        "min": 1.09834770413e-20,
        "stdev": 0.0281713623554,
        "var": 0.000793625658844
    },
    "spectral_energyband_high": {
        "dmean": 0.000309751776513,
        "dmean2": 0.000438302144175,
        "dvar": 9.86488203125e-07,
        "dvar2": 1.48553260715e-06,
        "max": 0.0240633618087,
        "mean": 0.00073434371734,
        "median": 0.000279266183497,
        "min": 7.8708044742e-21,
        "stdev": 0.00189612072427,
        "var": 3.59527393812e-06
    },
    "spectral_energyband_low": {
        "dmean": 0.0110169937834,
        "dmean2": 0.018433406949,
        "dvar": 0.000574143021367,
        "dvar2": 0.00146354734898,
        "max": 0.180309519172,
        "mean": 0.0224113222212,
        "median": 0.0206805840135,
        "min": 8.57690533814e-23,
        "stdev": 0.0233466979116,
        "var": 0.000545068294741
    },
    "spectral_energyband_middle_high": {
        "dmean": 0.00111924938392,
        "dmean2": 0.00160538998898,
        "dvar": 2.52657514466e-06,
        "dvar2": 4.88693285661e-06,
        "max": 0.0288713593036,
        "mean": 0.00500068208203,
        "median": 0.00311012612656,
        "min": 1.53060563506e-21,
        "stdev": 0.0050883796066,
        "var": 2.58916061284e-05
    },
    "spectral_energyband_middle_low": {
        "dmean": 0.00687868148088,
        "dmean2": 0.0116073172539,
        "dvar": 0.000187210011063,
        "dvar2": 0.000514811545145,
        "max": 0.130520924926,
        "mean": 0.0216166656464,
        "median": 0.0195120889693,
        "min": 5.51498540587e-22,
        "stdev": 0.0142783597112,
        "var": 0.000203871561098
    },
    "spectral_entropy": {
        "dmean": 0.15908947587,
        "dmean2": 0.22264547646,
        "dvar": 0.0316973738372,
        "dvar2": 0.0604655817151,
        "max": 9.81009292603,
        "mean": 7.24882555008,
        "median": 7.27105474472,
        "min": 6.0496969223,
        "stdev": 0.420545041561,
        "var": 0.176858127117
    },
    "spectral_flux": {
        "dmean": 0.0337969362736,
        "dmean2": 0.0519585162401,
        "dvar": 0.0022852208931,
        "dvar2": 0.00455153314397,
        "max": 0.37174230814,
        "mean": 0.0873742029071,
        "median": 0.0669979006052,
        "min": 1.04802083678e-10,
        "stdev": 0.0631054118276,
        "var": 0.00398229295388
    },
    "spectral_kurtosis": {
        "dmean": 1.61032795906,
        "dmean2": 2.59405398369,
        "dvar": 2.68572044373,
        "dvar2": 6.52459430695,
        "max": 19.8699226379,
        "mean": 5.13386154175,
        "median": 4.72548055649,
        "min": -1.18515145779,
        "stdev": 3.1087334156,
        "var": 9.66422367096
    },
    "spectral_rms": {
        "dmean": 0.00100156536791,
        "dmean2": 0.00157417834271,
        "dvar": 2.18173090616e-06,
        "dvar2": 5.1360038924e-06,
        "max": 0.0139197893441,
        "mean": 0.00638801278546,
        "median": 0.00646284502,
        "min": 3.27346721778e-12,
        "stdev": 0.0020066825673,
        "var": 4.02677505917e-06
    },
    "spectral_rolloff": {
        "dmean": 274.280914307,
        "dmean2": 440.504608154,
        "dvar": 696323.4375,
        "dvar2": 1136395,
        "max": 18906.1523438,
        "mean": 873.835083008,
        "median": 538.330078125,
        "min": 107.666015625,
        "stdev": 1249.56262207,
        "var": 1561406.875
    },
    "spectral_skewness": {
        "dmean": 0.231405749917,
        "dmean2": 0.35521197319,
        "dvar": 0.060781057924,
        "dvar2": 0.130797117949,
        "max": 3.58557415009,
        "mean": 1.78733110428,
        "median": 1.77300405502,
        "min": -0.0969239547849,
        "stdev": 0.544326663017,
        "var": 0.29629150033
    },
    "spectral_spread": {
        "dmean": 439240.96875,
        "dmean2": 627476.25,
        "dvar": 1.10020997939e+12,
        "dvar2": 1.22976128205e+12,
        "max": 41172772,
        "mean": 4551877.5,
        "median": 4410084,
        "min": 2222411.75,
        "stdev": 1646256.25,
        "var": 2.71015975322e+12
    },
    "spectral_strongpeak": {
        "dmean": 0.326195269823,
        "dmean2": 0.559834837914,
        "dvar": 0.275050550699,
        "dvar2": 0.658514142036,
        "max": 10.5785045624,
        "mean": 0.804312705994,
        "median": 0.646643400192,
        "min": 2.88045121088e-09,
        "stdev": 0.81871420145,
        "var": 0.670292973518
    },
    "zerocrossingrate": {
        "dmean": 0.00734387105331,
        "dmean2": 0.00833860319108,
        "dvar": 0.000280822714558,
        "dvar2": 0.000294185651001,
        "max": 0.50537109375,
        "mean": 0.0407203137875,
        "median": 0.0361328125,
        "min": 0.0068359375,
        "stdev": 0.0309417452663,
        "var": 0.000957391632255
    },
    "barkbands": {
        "dmean": [6.37212724541e-05, 0.00713688321412, 0.0042233010754, 0.00294479331933, 0.00377696729265, 0.000842797802761, 0.00123519788031, 0.000637018179987, 0.00054718030151, 0.000479920650832, 0.000210728234379, 0.000199820788112, 0.000191709405044, 0.000324297841871, 0.00016232811322, 0.000215829990339, 0.000209207937587, 7.30475803721e-05, 9.80039549177e-05, 0.00010140244558, 6.84296173858e-05, 8.22169313324e-05, 3.90493078157e-05, 6.74240145599e-05, 5.91775788052e-05, 1.38979030453e-05, 9.45740680436e-07],
        "dmean2": [0.000111970970465, 0.012170179747, 0.00715225469321, 0.00514776352793, 0.00642713252455, 0.00124415988103, 0.00186419801321, 0.000959357013926, 0.000795267173089, 0.000697069219314, 0.000310436909785, 0.000308653136017, 0.000297853373922, 0.000526980031282, 0.000253834499745, 0.000337069708621, 0.000317592435749, 0.000114663074783, 0.000151802771143, 0.00016576742928, 0.000109636421257, 0.000131215361762, 5.66501803405e-05, 7.76464294177e-05, 9.10416129045e-05, 2.06492532016e-05, 1.55807583724e-06],
        "dvar": [2.63848161097e-08, 0.000360245961929, 5.88507537032e-05, 4.11071923736e-05, 6.06717221672e-05, 1.70764769791e-06, 4.86461476612e-06, 1.7288282379e-06, 1.04166304027e-06, 1.50401149313e-06, 4.36489926869e-07, 1.05140784967e-07, 1.13981052152e-07, 4.61184612277e-07, 7.62963239254e-08, 2.51774309845e-07, 3.87142023328e-07, 1.5558784483e-08, 3.09434931012e-08, 3.09616829952e-08, 3.82620974904e-08, 5.81800776445e-08, 8.39354719062e-09, 8.74614940471e-08, 1.55192083184e-07, 4.11657197219e-09, 1.58514538301e-11],
        "dvar2": [7.21503425893e-08, 0.000932455644943, 0.000157670787303, 0.000113635549496, 0.000167398000485, 3.70138400285e-06, 1.12740917757e-05, 4.39771838501e-06, 2.14932788367e-06, 3.19650212077e-06, 9.27702956233e-07, 2.47291922051e-07, 2.2829871682e-07, 1.11552230919e-06, 1.73976914652e-07, 5.84331644404e-07, 8.79696415268e-07, 3.75975162115e-08, 6.78233220697e-08, 7.51510356167e-08, 6.49827072152e-08, 1.15216167274e-07, 1.52440673418e-08, 8.65987175303e-08, 3.24678097741e-07, 8.40155944815e-09, 3.78078193752e-11],
        "max": [0.00221575889736, 0.138523668051, 0.0828702822328, 0.056791909039, 0.0866104140878, 0.0256684478372, 0.0322775840759, 0.0181402228773, 0.0185654852539, 0.0253295134753, 0.0150972418487, 0.00714393891394, 0.00764634460211, 0.00953851826489, 0.00366591894999, 0.0081189610064, 0.0150109734386, 0.0020483660046, 0.00287405727431, 0.00220027891919, 0.0057361125946, 0.00669272569939, 0.0018432129873, 0.00820341147482, 0.00964470300823, 0.00145888910629, 6.83246180415e-05],
        "mean": [6.49920693832e-05, 0.00854764971882, 0.0101361954585, 0.00535510713235, 0.00696693407372, 0.00269975606352, 0.00329636828974, 0.00162718631327, 0.00139067496639, 0.00125352502801, 0.000508879777044, 0.000427582825068, 0.000418900192017, 0.000733799068257, 0.000350775837433, 0.000485201220727, 0.000477404537378, 0.00014886991994, 0.000217133914703, 0.000201130111236, 0.000125023347209, 0.000172695217771, 8.36569088278e-05, 0.00014204015315, 0.000103221012978, 1.86868837773e-05, 9.37510321819e-07],
        "median": [1.37423776323e-05, 0.00436468422413, 0.00882058404386, 0.00322733516805, 0.00444282824174, 0.00200002151541, 0.00169023824856, 0.000753389380407, 0.000632976414636, 0.000355525902705, 0.000120699995023, 0.00021082132298, 0.000174060784047, 0.000177440655534, 0.000153830798808, 0.000134844405693, 0.000146435093484, 7.35450958018e-05, 0.000105445236841, 8.94127879292e-05, 4.53428656328e-05, 5.95931887801e-05, 3.30489856424e-05, 3.51449562004e-05, 2.54672922892e-05, 4.37098742623e-06, 1.05533331407e-07],
        "min": [6.45584358855e-24, 2.06991421731e-23, 4.71453537664e-23, 2.7698070741e-23, 1.77687447913e-22, 8.15737585589e-23, 1.33382267929e-22, 4.44849203636e-23, 7.68916229618e-23, 1.00109755777e-22, 1.11678849026e-22, 6.69480060079e-23, 9.83976183797e-23, 9.84690576232e-23, 9.63544244589e-23, 2.19226313584e-22, 1.22756601836e-22, 2.6901287779e-22, 2.15994079087e-22, 2.99899470668e-22, 3.74215973956e-22, 4.81610715043e-22, 5.55196720511e-22, 9.77008850686e-22, 1.12946161012e-21, 1.85535702628e-21, 2.63707117986e-21],
        "stdev": [0.000147129350808, 0.0168237909675, 0.00939258188009, 0.00650802254677, 0.00811434816569, 0.00272106798366, 0.00444121193141, 0.00223334436305, 0.00213433778845, 0.00257858168334, 0.00142191548366, 0.00064933381509, 0.000721541699022, 0.0013398185838, 0.000491184357088, 0.000934049254283, 0.0010754497489, 0.000209302161238, 0.000336566474289, 0.000276085193036, 0.000344166852301, 0.00041501360829, 0.000162191572599, 0.000624944048468, 0.000597660604399, 8.71189549798e-05, 4.13728776039e-06],
        "var": [2.16470468217e-08, 0.000283039960777, 8.82206004462e-05, 4.23543569923e-05, 6.58426506561e-05, 7.4042104643e-06, 1.97243625735e-05, 4.9878271966e-06, 4.5553979362e-06, 6.64908338877e-06, 2.02184378395e-06, 4.21634382519e-07, 5.20622393196e-07, 1.7951136897e-06, 2.41262085865e-07, 8.72448026712e-07, 1.15659224775e-06, 4.38073968212e-08, 1.13276982461e-07, 7.62230385476e-08, 1.18450813602e-07, 1.72236283902e-07, 2.63061057382e-08, 3.90555044305e-07, 3.57198217671e-07, 7.58971197001e-09, 1.71171497115e-11]
    },
    "erbbands": {
        "dmean": [0.141663655639, 1.83673155308, 4.61223268509, 7.10441827774, 14.6635694504, 10.6394386292, 6.81998729706, 8.47440719604, 18.1973247528, 11.9276819229, 12.4932165146, 15.1708211899, 9.26664638519, 15.2180185318, 6.8570151329, 8.34572887421, 8.30821704865, 13.6194086075, 13.3943061829, 6.98892879486, 12.6009149551, 8.7935333252, 4.73344087601, 4.38341093063, 5.13469839096, 4.32531547546, 2.96602296829, 2.99804615974, 2.84578824043, 2.00217199326, 1.10712718964, 1.40260136127, 1.12896704674, 0.779217004776, 0.316397160292, 0.0947266295552, 0.0189001057297, 0.00322402035818, 0.000113122092444, 1.9472621716e-05],
        "dmean2": [0.23636674881, 3.16480946541, 8.01537513733, 12.1281013489, 25.9160919189, 17.3668861389, 10.0490102768, 12.9790649414, 26.7269706726, 18.7325935364, 18.8868618011, 21.7907466888, 13.4105091095, 21.9656333923, 9.95077991486, 12.9376678467, 12.7090206146, 21.178401947, 21.4075164795, 10.7519378662, 19.331823349, 13.4103336334, 7.42692184448, 6.95192527771, 8.01130867004, 7.04773378372, 4.88086509705, 4.80029392242, 4.42993021011, 3.00168800354, 1.62587440014, 1.80803489685, 1.31283247471, 1.20078122616, 0.469014704227, 0.137998282909, 0.0284954253584, 0.00500421319157, 0.000179246577318, 3.10485738737e-05],
        "dvar": [0.150522232056, 23.3740940094, 86.8520202637, 153.697906494, 1606.77246094, 260.235839844, 116.791290283, 203.483596802, 1136.33105469, 399.929199219, 819.320800781, 877.926574707, 896.985900879, 1372.71679688, 167.732055664, 223.283981323, 156.227340698, 642.268432617, 536.053039551, 189.095016479, 878.449890137, 561.49798584, 63.7949523926, 58.2356452942, 91.8177642822, 55.0292854309, 48.4540328979, 132.61416626, 62.8768386841, 25.0133190155, 6.10266542435, 29.9392986298, 31.982717514, 28.5162124634, 3.7170855999, 0.279598116875, 0.00523934233934, 0.000109490873001, 2.05052572255e-07, 1.03031772003e-09],
        "dvar2": [0.370213985443, 61.7161979675, 240.142669678, 400.137268066, 4474.33251953, 712.29083252, 216.995742798, 487.753479004, 2639.55786133, 1001.12615967, 1980.63085938, 1812.49743652, 2021.9309082, 2703.88012695, 301.37109375, 531.837646484, 297.157043457, 1535.5793457, 1323.41442871, 402.552307129, 2197.68847656, 1270.4909668, 153.965362549, 128.797714233, 199.853225708, 133.3097229, 113.840164185, 232.997924805, 119.130905151, 52.006942749, 11.2362966537, 38.5264778137, 33.5306739807, 54.9975624084, 7.58816242218, 0.551338911057, 0.0109821259975, 0.000249497679761, 4.95983442761e-07, 2.50881848629e-09],
        "max": [2.85907745361, 35.2491874695, 76.607711792, 105.252067566, 355.227874756, 183.327865601, 303.091033936, 249.938858032, 549.093688965, 368.05859375, 505.909698486, 566.463134766, 878.767944336, 620.060241699, 337.911804199, 333.813781738, 328.074005127, 404.689422607, 258.998046875, 232.31036377, 506.108459473, 512.587402344, 103.517951965, 118.406188965, 171.681015015, 73.0561752319, 146.442352295, 370.271362305, 215.578674316, 133.29574585, 48.3659477234, 187.27507019, 156.137802124, 134.257400513, 46.5585899353, 12.493429184, 1.71273350716, 0.156121268868, 0.00836816988885, 0.000340049969964],
        "mean": [0.141002431512, 2.33518743515, 9.67220020294, 18.7163219452, 19.4490222931, 23.0212516785, 19.1565952301, 26.7955150604, 51.8078727722, 34.3912696838, 31.7029342651, 39.4267463684, 24.5107421875, 42.6963577271, 19.4883098602, 19.1973896027, 19.9427967072, 33.5263366699, 30.3443698883, 17.284034729, 29.7368373871, 21.8628959656, 11.0518894196, 9.57118606567, 11.6543893814, 9.16302013397, 5.34025096893, 5.27008295059, 5.84616041183, 4.29897356033, 2.34215402603, 2.95200991631, 2.33220624924, 1.44240880013, 0.535793781281, 0.136136114597, 0.0242848489434, 0.00377684715204, 0.000140144897159, 5.73780780542e-05],
        "median": [0.0529471151531, 1.22662436962, 7.8123717308, 15.2860517502, 11.1035518646, 13.7480201721, 12.5365209579, 20.3372612, 27.3376808167, 23.4645080566, 13.6298007965, 19.1551265717, 10.7917222977, 9.69053840637, 8.37248516083, 9.08696651459, 9.50859737396, 11.061006546, 11.7582387924, 8.59189224243, 8.14472579956, 6.47336864471, 5.49315500259, 5.64430570602, 4.28995513916, 4.0565071106, 2.11459112167, 1.79598248005, 1.98307299614, 1.29743111134, 1.07631468773, 0.797709226608, 0.514263093472, 0.319468408823, 0.143060639501, 0.0318530835211, 0.00475420476869, 0.000764561293181, 4.47007332696e-05, 5.10590616614e-05],
        "min": [7.30968965607e-22, 4.76825356049e-21, 4.75894519366e-20, 7.75501469808e-20, 1.6783525648e-19, 7.83370025385e-19, 8.07754947951e-19, 5.89071865242e-19, 1.57204021054e-18, 2.15215686338e-18, 6.05423881784e-19, 1.20476788267e-18, 2.70235914975e-18, 4.70421626185e-18, 3.50820822187e-18, 3.22806406868e-18, 4.07530215673e-18, 6.03322129585e-18, 4.80629117662e-18, 8.3939252809e-18, 8.83770271645e-18, 7.76917561658e-18, 1.53696278949e-17, 9.56966491434e-18, 1.44996919708e-17, 1.44450202954e-17, 1.38480771346e-17, 1.52996153278e-17, 1.63707099963e-17, 1.70399024206e-17, 1.66611298007e-17, 1.88857410683e-17, 1.59404751618e-17, 1.04683536365e-17, 9.88035643395e-18, 6.03906946278e-18, 3.09340547561e-18, 1.77670950951e-18, 3.04543473865e-19, 3.87802530628e-20],
        "stdev": [0.35304838419, 4.22836637497, 9.61981391907, 16.651134491, 33.7081947327, 24.8174591064, 24.2283344269, 24.3854370117, 68.0191192627, 36.5530052185, 50.0856323242, 60.6242179871, 42.4283752441, 96.7162628174, 36.1576461792, 30.469461441, 28.8192710876, 55.7351913452, 41.3796234131, 25.1976470947, 56.183883667, 41.4477157593, 14.1524505615, 12.1795501709, 18.9246196747, 12.5796051025, 9.16426563263, 20.2359313965, 13.9068231583, 9.17744636536, 4.23493814468, 10.9761219025, 11.7047080994, 8.76286029816, 2.76471686363, 0.710870087147, 0.100618191063, 0.0126768713817, 0.000478725210996, 3.89398664993e-05],
        "var": [0.124643161893, 17.8790836334, 92.5408172607, 277.260253906, 1136.24230957, 615.90625, 587.012207031, 594.649536133, 4626.60107422, 1336.12231445, 2508.57055664, 3675.29589844, 1800.16711426, 9354.03515625, 1307.37536621, 928.388061523, 830.550354004, 3106.41137695, 1712.27319336, 634.921386719, 3156.62890625, 1717.91320801, 200.291854858, 148.341445923, 358.141204834, 158.246459961, 83.983757019, 409.492950439, 193.399734497, 84.2255172729, 17.9347000122, 120.475242615, 137.000198364, 76.787727356, 7.64365911484, 0.505336284637, 0.0101240202785, 0.00016070305719, 2.29177814504e-07, 1.51631318612e-09]
    },
    "gfcc": {
        "mean": [12.8838129044, 116.842201233, -105.378967285, 36.6599731445, -63.6093673706, 14.0554037094, -44.7265815735, 4.70187187195, -21.1436023712, -1.38207066059, -15.1758451462, -8.40741729736, -10.6008329391],
        "cov": [[5021.79345703, -748.887268066, -247.310317993, 154.035247803, -22.2811183929, 174.862457275, -44.9003944397, 105.033042908, -306.070678711, 114.487617493, -224.969482422, 29.7606449127, -236.621231079], [-748.887268066, 899.600830078, -9.60605335236, -73.6140518188, 193.845413208, -19.7470645905, 59.2372779846, -7.0590429306, 207.777160645, -88.8623046875, 122.508102417, -107.384140015, 102.355575562], [-247.310317993, -9.60605335236, 600.773498535, 93.1071090698, -19.2934894562, 79.8749771118, 19.3688049316, 30.4250221252, -3.79789495468, 43.748008728, 44.3794517517, 32.87317276, 8.87553119659], [154.035247803, -73.6140518188, 93.1071090698, 267.116821289, 72.6018753052, 24.1270198822, 27.8560218811, 24.1808013916, 11.5935821533, -1.48511481285, 35.4542732239, 4.54515361786, -1.95655584335], [-22.2811183929, 193.845413208, -19.2934894562, 72.6018753052, 406.13168335, 44.5478744507, 38.8174095154, 79.0577316284, 74.2920532227, 17.2153987885, -7.23024129868, -33.0256652832, -25.7501564026], [174.862457275, -19.7470645905, 79.8749771118, 24.1270198822, 44.5478744507, 160.910766602, 83.9512023926, 18.1014575958, -8.65379810333, 19.8532886505, -9.16407871246, -14.915678978, -9.60258865356], [-44.9003944397, 59.2372779846, 19.3688049316, 27.8560218811, 38.8174095154, 83.9512023926, 231.698608398, 14.5271625519, -6.03296136856, 14.8942651749, -0.082941994071, -0.53070628643, -19.0754947662], [105.033042908, -7.0590429306, 30.4250221252, 24.1808013916, 79.0577316284, 18.1014575958, 14.5271625519, 101.953933716, 29.8508796692, 28.7576332092, 0.304487854242, -0.768800735474, -8.78279495239], [-306.070678711, 207.777160645, -3.79789495468, 11.5935821533, 74.2920532227, -8.65379810333, -6.03296136856, 29.8508796692, 144.279418945, -0.386244863272, 34.5168685913, -21.9915332794, 32.0460739136], [114.487617493, -88.8623046875, 43.748008728, -1.48511481285, 17.2153987885, 19.8532886505, 14.8942651749, 28.7576332092, -0.386244863272, 87.9063644409, -4.02745914459, 19.1104621887, -26.3177909851], [-224.969482422, 122.508102417, 44.3794517517, 35.4542732239, -7.23024129868, -9.16407871246, -0.082941994071, 0.304487854242, 34.5168685913, -4.02745914459, 106.718521118, 3.46215033531, 32.8523330688], [29.7606449127, -107.384140015, 32.87317276, 4.54515361786, -33.0256652832, -14.915678978, -0.53070628643, -0.768800735474, -21.9915332794, 19.1104621887, 3.46215033531, 79.7555541992, 4.72472810745], [-236.621231079, 102.355575562, 8.87553119659, -1.95655584335, -25.7501564026, -9.60258865356, -19.0754947662, -8.78279495239, 32.0460739136, -26.3177909851, 32.8523330688, 4.72472810745, 86.1774291992]],
        "icov": [[0.000351080903783, -0.000316702149576, 0.000336966477334, -0.000539488799404, 0.000316816789564, -0.000655924784951, 0.000516324944329, -0.000628800364211, 0.000834093254525, -0.000417591858422, 0.000617817044258, -0.000398710428271, 0.000713605899364], [-0.000316702149576, 0.00468878308311, -0.00108610989992, 0.00309040374123, -0.00253265840001, 0.00211671297438, -0.0026057169307, 0.00235549919307, -0.00450014416128, 0.0033600977622, -0.00424914713949, 0.00437351083383, -0.00303455395624], [0.000336966477334, -0.00108610989992, 0.00254197814502, -0.00158464955166, 0.00102611468174, -0.0020832750015, 0.00120599067304, -0.0013248254545, 0.00152948417235, -0.00162557687145, 0.000529853045009, -0.00178327667527, 0.000954437535256], [-0.000539488799404, 0.00309040374123, -0.00158464955166, 0.00683980295435, -0.00262815947644, 0.0017562037101, -0.00233216257766, 0.00152802350931, -0.00321721564978, 0.00340721220709, -0.00465566245839, 0.00247659301385, -0.00190755468793], [0.000316816789564, -0.00253265840001, 0.00102611468174, -0.00262815947644, 0.00494994688779, -0.00206373864785, 0.00145525310654, -0.00343557749875, 0.00101245893165, -0.00172856228892, 0.00292896223255, -0.0017731791595, 0.00301001640037], [-0.000655924784951, 0.00211671297438, -0.0020832750015, 0.0017562037101, -0.00206373864785, 0.0108774211258, -0.00472492398694, 0.001542463433, -0.00162492168602, 0.000156717374921, -0.00129963038489, 0.00479277828708, -0.00346914492548], [0.000516324944329, -0.0026057169307, 0.00120599067304, -0.00233216257766, 0.00145525310654, -0.00472492398694, 0.0073217600584, -0.00191930658184, 0.00298115774058, -0.00194340874441, 0.00209589884616, -0.00331777660176, 0.0033496809192], [-0.000628800364211, 0.00235549919307, -0.0013248254545, 0.00152802350931, -0.00343557749875, 0.001542463433, -0.00191930658184, 0.0150563446805, -0.00495943101123, -0.00158207444474, -0.00201274524443, 0.00208572740667, -0.00208413368091], [0.000834093254525, -0.00450014416128, 0.00152948417235, -0.00321721564978, 0.00101245893165, -0.00162492168602, 0.00298115774058, -0.00495943101123, 0.0152799310163, -0.00474881986156, 0.00230589183047, -0.00146412733011, -0.000250532815699], [-0.000417591858422, 0.0033600977622, -0.00162557687145, 0.00340721220709, -0.00172856228892, 0.000156717374921, -0.00194340874441, -0.00158207444474, -0.00474881986156, 0.0182820856571, -0.00393051002175, -0.00125205994118, 0.00293294037692], [0.000617817044258, -0.00424914713949, 0.000529853045009, -0.00465566245839, 0.00292896223255, -0.00129963038489, 0.00209589884616, -0.00201274524443, 0.00230589183047, -0.00393051002175, 0.0163627546281, -0.00404334813356, -0.000501791539136], [-0.000398710428271, 0.00437351083383, -0.00178327667527, 0.00247659301385, -0.0017731791595, 0.00479277828708, -0.00331777660176, 0.00208572740667, -0.00146412733011, -0.00125205994118, -0.00404334813356, 0.0197537411004, -0.00594656076282], [0.000713605899364, -0.00303455395624, 0.000954437535256, -0.00190755468793, 0.00301001640037, -0.00346914492548, 0.0033496809192, -0.00208413368091, -0.000250532815699, 0.00293294037692, -0.000501791539136, -0.00594656076282, 0.0195740386844]]
    },
    "melbands": {
        "dmean": [0.0016722533619, 0.00232037785463, 0.00140271219425, 0.00093620858388, 0.00025850138627, 0.000178712507477, 0.000273444544291, 0.000127635532408, 0.000101541780168, 9.03778345673e-05, 4.80510680063e-05, 6.50800720905e-05, 2.44489729084e-05, 2.33804494201e-05, 1.99513087864e-05, 1.74846081791e-05, 2.96965645248e-05, 2.5734432711e-05, 8.5807605501e-06, 1.4051754988e-05, 1.67169728229e-05, 1.12145326057e-05, 6.79557660987e-06, 3.74376213585e-06, 3.90358400182e-06, 3.9949022721e-06, 4.11527753386e-06, 2.91853075396e-06, 2.02894443646e-06, 1.81123493803e-06, 1.91947333406e-06, 1.70338228145e-06, 1.68429494352e-06, 8.88648798991e-07, 5.92600201799e-07, 8.45060526444e-07, 9.18756370538e-07, 9.1332304919e-07, 6.76618753914e-07, 6.89469004556e-07],
        "dmean2": [0.00282185687684, 0.00399108882993, 0.0024319565855, 0.00160775671247, 0.000388361833757, 0.000273728859611, 0.000403913494665, 0.00019976925978, 0.000151946194819, 0.000131377266371, 6.89545922796e-05, 9.50865432969e-05, 3.5916807974e-05, 3.6234381696e-05, 3.10625036946e-05, 2.59116095549e-05, 4.64379554614e-05, 4.17062583438e-05, 1.32502182169e-05, 2.15265426959e-05, 2.59356147581e-05, 1.69431568793e-05, 1.07713476609e-05, 5.95315486862e-06, 6.29400346952e-06, 6.21050094196e-06, 6.60064142721e-06, 4.81748065795e-06, 3.36711627824e-06, 3.02587568513e-06, 3.13215696224e-06, 2.72443980975e-06, 2.66795973403e-06, 1.28000328914e-06, 9.23197376324e-07, 1.30791852371e-06, 1.16455589705e-06, 1.06297113689e-06, 1.00710064999e-06, 1.05755236746e-06],
        "dvar": [2.04317548196e-05, 2.57928422798e-05, 8.21442699817e-06, 4.17668979935e-06, 1.23132579688e-07, 7.9119168106e-08, 2.48834652439e-07, 4.70749625947e-08, 4.65593217314e-08, 3.04465501699e-08, 2.47344633664e-08, 2.53672514106e-08, 3.80373288422e-09, 1.60229174373e-09, 7.60786433851e-10, 1.00015129512e-09, 3.13763171e-09, 2.47385023577e-09, 2.10405359802e-10, 1.01041786049e-09, 1.86977389127e-09, 1.18877030442e-09, 2.21628909669e-10, 4.97000982036e-11, 4.81627099314e-11, 5.97623964205e-11, 5.85913609297e-11, 2.66537972249e-11, 1.87717341671e-11, 3.18086355866e-11, 6.77861863863e-11, 3.07946966538e-11, 1.22800823329e-11, 5.51212330988e-12, 1.73812667818e-12, 5.9959858259e-12, 1.61886944822e-11, 2.14874194826e-11, 2.04688314909e-11, 2.20966855924e-11],
        "dvar2": [5.15767678735e-05, 6.99272131897e-05, 2.23883980652e-05, 1.16476394396e-05, 2.6713237844e-07, 1.88510810517e-07, 5.73734951104e-07, 1.19623393857e-07, 1.07675873551e-07, 6.28503329381e-08, 5.59319488502e-08, 4.91241252121e-08, 6.51344089775e-09, 3.52568263473e-09, 1.72927827613e-09, 1.95539251457e-09, 7.63979102203e-09, 6.24646112612e-09, 4.68352134853e-10, 1.94674387721e-09, 4.90204898895e-09, 2.71769540205e-09, 5.43228628747e-10, 1.15737384954e-10, 1.07434235119e-10, 1.33261318647e-10, 1.32820324183e-10, 6.55824977658e-11, 4.79771014583e-11, 6.54233958675e-11, 1.2566192531e-10, 6.05948347054e-11, 2.73052275235e-11, 1.08520250078e-11, 3.77409561936e-12, 1.31098283271e-11, 1.89094018221e-11, 2.45620884742e-11, 3.5306504248e-11, 4.40013199487e-11],
        "max": [0.0327771008015, 0.0371492169797, 0.02452082932, 0.0222248695791, 0.00853587221354, 0.00489223469049, 0.00774343917146, 0.0035071936436, 0.00391120091081, 0.00331254233606, 0.00452440837398, 0.00274165836163, 0.00139603449497, 0.000957302283496, 0.000394657545257, 0.00103393499739, 0.000775629479904, 0.000587885035202, 0.000215491745621, 0.000777625886258, 0.000747149402741, 0.000815116916783, 0.000247385003604, 0.000158199298312, 0.000113004483865, 0.000146911275806, 0.00011404279212, 6.16347751929e-05, 8.61739827087e-05, 0.000145472236909, 0.000262381276116, 0.000154819324962, 7.99505287432e-05, 6.14200325799e-05, 2.31911653827e-05, 6.25413813395e-05, 0.00013957831834, 0.000105400220491, 0.000119760086818, 0.000122613259009],
        "mean": [0.0018515996635, 0.00457318918779, 0.00312204216607, 0.00160215422511, 0.000735400943086, 0.000563287641853, 0.000770055223256, 0.000361862505088, 0.000253794685705, 0.000231370693655, 0.00011732501298, 0.000180019414984, 6.31910588709e-05, 5.38110434718e-05, 4.23140991188e-05, 4.11227265431e-05, 6.85861814418e-05, 5.44670474483e-05, 1.94224121515e-05, 3.09438510158e-05, 3.67865541193e-05, 2.53947127931e-05, 1.40138090501e-05, 7.85083375376e-06, 7.43793543734e-06, 8.33046851767e-06, 8.17166801426e-06, 5.69535131945e-06, 3.43933311342e-06, 2.8244674013e-06, 3.14824387715e-06, 3.17238209391e-06, 3.60110357178e-06, 1.79128880973e-06, 1.10913890694e-06, 1.76490959802e-06, 1.81441873792e-06, 1.79488085905e-06, 1.34049741973e-06, 1.1693474562e-06],
        "median": [0.000929264700972, 0.00396259827539, 0.0025358160492, 0.000896178651601, 0.000547215284314, 0.000428379513323, 0.00040932034608, 0.0002458661329, 0.000101736135548, 0.000111225446744, 4.66473247798e-05, 3.82917569368e-05, 2.03846248041e-05, 2.83028566628e-05, 2.32916863752e-05, 1.45992280522e-05, 1.94045624085e-05, 1.8160111722e-05, 1.01952091427e-05, 1.04151040432e-05, 9.20366619539e-06, 7.4347572081e-06, 4.66426854473e-06, 3.7333684304e-06, 3.96804398406e-06, 2.99866565001e-06, 3.51458379555e-06, 2.14663577935e-06, 1.34677839014e-06, 9.57844804361e-07, 1.00888667021e-06, 9.48997239902e-07, 1.20367849377e-06, 4.55080709116e-07, 5.34126058938e-07, 6.16246779828e-07, 4.25188090958e-07, 3.53991993052e-07, 2.48405996217e-07, 2.61526139411e-07],
        "min": [5.63781336806e-24, 1.79855963433e-23, 1.51554805374e-23, 3.20366605693e-23, 3.19915850572e-23, 1.50598216863e-23, 2.5564533314e-23, 2.07553059142e-23, 3.59415204724e-24, 9.91029310264e-24, 1.43574562239e-23, 1.93946170937e-23, 1.29408994853e-23, 7.69596448599e-24, 8.83066911181e-24, 1.03183937259e-23, 1.11632574445e-23, 6.54719644238e-24, 9.26580873143e-24, 1.62525430874e-23, 7.74609975196e-24, 7.07584645042e-24, 1.07536990063e-23, 1.47452129133e-23, 6.54766265918e-24, 9.57874433051e-24, 1.04592716618e-23, 9.54779810606e-24, 6.66143730653e-24, 1.10541209048e-23, 8.20917135852e-24, 1.01240144545e-23, 8.44791853376e-24, 9.6297749536e-24, 8.41972306729e-24, 1.25706957399e-23, 1.09165096419e-23, 1.16028880492e-23, 9.1657014937e-24, 8.5519542988e-24],
        "stdev": [0.00404594279826, 0.00480473227799, 0.00290868943557, 0.00208551855758, 0.000745669414755, 0.00051030900795, 0.00102340930607, 0.000399525917601, 0.000395177106839, 0.000362808728823, 0.000219209963689, 0.000418626266764, 0.000150846826728, 8.13659862615e-05, 5.04257914145e-05, 7.85566371633e-05, 0.000119339987577, 8.43261732371e-05, 2.50808734563e-05, 6.24412059551e-05, 7.73634019424e-05, 5.62956847716e-05, 2.56297716987e-05, 1.2589383914e-05, 1.03675301943e-05, 1.56934529514e-05, 1.20487657114e-05, 8.89245347935e-06, 5.35592062079e-06, 8.23962363938e-06, 1.38229570439e-05, 9.03777345229e-06, 6.84769520376e-06, 4.16016337113e-06, 1.92649554265e-06, 4.19612024416e-06, 8.11686913949e-06, 9.25781569094e-06, 8.03390048532e-06, 7.26638654669e-06],
        "var": [1.63696549862e-05, 2.30854529946e-05, 8.46047441883e-06, 4.34938783656e-06, 5.56022882847e-07, 2.6041530532e-07, 1.04736659523e-06, 1.596209529e-07, 1.56164944087e-07, 1.31630173428e-07, 4.80530069069e-08, 1.7524796192e-07, 2.27547634069e-08, 6.62042420885e-09, 2.54276044664e-09, 6.17114537249e-09, 1.42420324423e-08, 7.11090297756e-09, 6.29050256329e-10, 3.89890386643e-09, 5.98509553029e-09, 3.16920401033e-09, 6.5688515738e-10, 1.58492580171e-10, 1.0748567314e-10, 2.462844928e-10, 1.45172748822e-10, 7.90757320734e-11, 2.86858852644e-11, 6.78913938956e-11, 1.91074142619e-10, 8.16813422455e-11, 4.689092864e-11, 1.73069579501e-11, 3.71138493202e-12, 1.76074241992e-11, 6.58835694334e-11, 8.57071566496e-11, 6.45435579982e-11, 5.28003717137e-11]
    },
    "melbands128": {
