{
"lowlevel": {
    "average_loudness": 0.95316195488,
    "barkbands_crest": {
        "dmean": 2.80978679657,
        "dmean2": 4.38778162003,
        "dvar": 9.13502788544,
        "dvar2": 21.1931915283,
        "max": 25.8813209534,
        "mean": 12.0019521713,
        "median": 10.5492630005,
        "min": 2.95902132988,
        "stdev": 6.00594568253,
        "var": 36.0713844299
    },
    "barkbands_flatness_db": {
        "dmean": 0.0251063890755,
        "dmean2": 0.035430829972,
        "dvar": 0.000695643830113,
        "dvar2": 0.00125917303376,
        "max": 0.359491914511,
        "mean": 0.134545683861,
        "median": 0.120981439948,
        "min": 0.0260264314711,
        "stdev": 0.0584153197706,
        "var": 0.00341234961525
    },
    "barkbands_kurtosis": {
        "dmean": 5.7690820694,
        "dmean2": 8.61128234863,
        "dvar": 224.31288147,
        "dvar2": 469.046722412,
        "max": 230.008743286,
        "mean": 7.96642160416,
        "median": 1.68726444244,
        "min": -1.90747463703,
        "stdev": 19.9928264618,
        "var": 399.71307373
    },
    "barkbands_skewness": {
        "dmean": 0.760045289993,
        "dmean2": 1.05911672115,
        "dvar": 0.929969549179,
        "dvar2": 1.8232845068,
        "max": 13.3526849747,
        "mean": 1.82507407665,
        "median": 1.3856742382,
        "min": -1.93907296658,
        "stdev": 1.89197933674,
        "var": 3.57958579063
    },
    "barkbands_spread": {
        "dmean": 8.3993434906,
        "dmean2": 12.3496932983,
        "dvar": 120.979408264,
        "dvar2": 246.791610718,
        "max": 124.065582275,
        "mean": 27.0831890106,
        "median": 21.379940033,
        "min": 0.851747512817,
        "stdev": 21.2612113953,
        "var": 452.039093018
    },
    "dissonance": {
        "dmean": 0.0211136545986,
        "dmean2": 0.0349145382643,
        "dvar": 0.000465076591354,
        "dvar2": 0.00114917638712,
        "max": 0.5,
        "mean": 0.462004750967,
        "median": 0.471323907375,
        "min": 0.281326234341,
        "stdev": 0.0329984165728,
        "var": 0.00108889548574
    },
    "dynamic_complexity": 2.43855905533,
    "erbbands_crest": {
        "dmean": 2.84822154045,
        "dmean2": 4.59100484848,
        "dvar": 7.95412111282,
        "dvar2": 18.2729415894,
        "max": 28.9361419678,
        "mean": 9.31166648865,
        "median": 8.01797008514,
        "min": 2.62433648109,
        "stdev": 4.87386226654,
        "var": 23.7545318604
    },
    "erbbands_flatness_db": {
        "dmean": 0.0178279709071,
        "dmean2": 0.0255716852844,
        "dvar": 0.000286782247713,
        "dvar2": 0.000520120607689,
        "max": 0.272945970297,
        "mean": 0.142638847232,
        "median": 0.141081467271,
        "min": 0.0454162172973,
        "stdev": 0.0412683784962,
        "var": 0.0017030792078
    },
    "erbbands_kurtosis": {
        "dmean": 1.52596437931,
        "dmean2": 2.31602168083,
        "dvar": 6.75104904175,
        "dvar2": 12.2401018143,
        "max": 39.7344970703,
        "mean": 1.61509788036,
        "median": 0.276502847672,
        "min": -1.79287803173,
        "stdev": 4.63030433655,
        "var": 21.4397182465
    },
    "erbbands_skewness": {
        "dmean": 0.460812628269,
        "dmean2": 0.685150027275,
        "dvar": 0.231848210096,
        "dvar2": 0.44218993187,
        "max": 5.18385839462,
        "mean": 0.454911440611,
        "median": 0.313336968422,
        "min": -3.59859800339,
        "stdev": 1.12390339375,
        "var": 1.26315879822
    },
    "erbbands_spread": {
        "dmean": 11.9875764847,
        "dmean2": 18.3284549713,
        "dvar": 207.941314697,
        "dvar2": 434.1690979,
        "max": 131.881622314,
        "mean": 42.0550537109,
        "median": 35.5098190308,
        "min": 4.60031175613,
        "stdev": 23.7954082489,
        "var": 566.221496582
    },
    "hfc": {
        "dmean": 20.0825061798,
        "dmean2": 29.9325065613,
        "dvar": 1300.42651367,
        "dvar2": 3015.43408203,
        "max": 395.144317627,
        "mean": 40.6627502441,
        "median": 28.3534317017,
        "min": 1.18085021995e-16,
        "stdev": 45.2005996704,
        "var": 2043.09411621
    },
    "loudness_ebu128": {
        "integrated": -8.45358085632,
        "loudness_range": 3.81226682663,
        "momentary": {
            "dmean": 0.549617052078,
            "dmean2": 0.694662153721,
            "dvar": 0.21264372766,
            "dvar2": 0.352753221989,
            "max": -5.97904062271,
            "mean": -8.83695602417,
            "median": -8.19771194458,
            "min": -16.8977603912,
            "stdev": 2.05500459671,
            "var": 4.22304344177
        },
        "short_term": {
            "dmean": 0.0900458320975,
            "dmean2": 0.0850543156266,
            "dvar": 0.00409509195015,
            "dvar2": 0.00482619227841,
            "max": -7.35576486588,
            "mean": -8.74009799957,
            "median": -8.06593704224,
            "min": -12.3686132431,
            "stdev": 1.39649295807,
            "var": 1.95019257069
        }
    },
    "melbands_crest": {
        "dmean": 3.72290372849,
        "dmean2": 5.63535404205,
        "dvar": 14.9683628082,
        "dvar2": 30.0624847412,
        "max": 37.3131637573,
        "mean": 18.1922531128,
        "median": 16.4814090729,
        "min": 2.12347245216,
        "stdev": 8.92340564728,
        "var": 79.6271743774
    },
    "melbands_flatness_db": {
        "dmean": 0.0309513323009,
        "dmean2": 0.0419378653169,
        "dvar": 0.0010800723685,
        "dvar2": 0.00183765694965,
        "max": 0.462759703398,
        "mean": 0.190579354763,
        "median": 0.170721143484,
        "min": 0.00475938618183,
        "stdev": 0.0839549228549,
        "var": 0.00704842898995
    },
    "melbands_kurtosis": {
        "dmean": 14.9073991776,
        "dmean2": 22.61353302,
        "dvar": 1212.00219727,
        "dvar2": 2463.44067383,
        "max": 505.537536621,
        "mean": 23.429857254,
        "median": 7.70325374603,
        "min": -1.69897258282,
        "stdev": 47.68800354,
        "var": 2274.14575195
    },
    "melbands_skewness": {
        "dmean": 1.03800153732,
        "dmean2": 1.4955637455,
        "dvar": 1.9650914669,
        "dvar2": 3.74311637878,
        "max": 17.9079856873,
        "mean": 3.11755919456,
        "median": 2.31185364723,
        "min": -0.522450327873,
        "stdev": 2.68992471695,
        "var": 7.23569536209
    },
    "melbands_spread": {
        "dmean": 11.5366010666,
        "dmean2": 17.6170387268,
        "dvar": 428.50604248,
        "dvar2": 941.018493652,
        "max": 230.630691528,
        "mean": 28.9905948639,
        "median": 22.4215373993,
        "min": 0.606596648693,
        "stdev": 28.3310871124,
        "var": 802.65045166
    },
    "pitch_salience": {
        "dmean": 0.0824259966612,
        "dmean2": 0.130735307932,
        "dvar": 0.00846071448177,
        "dvar2": 0.0184129402041,
        "max": 0.917673885822,
        "mean": 0.493030369282,
        "median": 0.523513913155,
        "min": 0.0584360361099,
        "stdev": 0.17048214376,
        "var": 0.0290641598403
    },
    "silence_rate_20dB": {
        "dmean": 0,
        "dmean2": 0,
        "dvar": 0,
        "dvar2": 0,
        "max": 1,
        "mean": 1,
        "median": 1,
        "min": 1,
        "stdev": 0,
        "var": 0
    },
    "silence_rate_30dB": {
        "dmean": 0.078947365284,
        "dmean2": 0.158017039299,
        "dvar": 0.072715036571,
        "dvar2": 0.13924460113,
        "max": 1,
        "mean": 0.783449351788,
        "median": 1,
        "min": 0,
        "stdev": 0.411895304918,
        "var": 0.169657751918
    },
    "silence_rate_60dB": {
        "dmean": 0.0185758508742,
        "dmean2": 0.0356312952936,
        "dvar": 0.0182308908552,
        "dvar2": 0.0374605059624,
        "max": 1,
        "mean": 0.0309358090162,
        "median": 0,
        "min": 0,
        "stdev": 0.173144564033,
        "var": 0.0299790389836
    },
    "spectral_centroid": {
        "dmean": 357.680084229,
        "dmean2": 545.735473633,
        "dvar": 238002.5,
        "dvar2": 465178.71875,
        "max": 11111.453125,
        "mean": 1605.67346191,
        "median": 1514.17871094,
        "min": 287.986877441,
        "stdev": 840.851379395,
        "var": 707031
    },
    "spectral_complexity": {
        "dmean": 5.25077390671,
        "dmean2": 7.40975999832,
        "dvar": 38.2018356323,
        "dvar2": 63.1156425476,
        "max": 55,
        "mean": 21.9427680969,
        "median": 20,
        "min": 0,
        "stdev": 11.6312904358,
        "var": 135.28692627
    },
    "spectral_decrease": {
        "dmean": 4.48992709678e-09,
        "dmean2": 6.42254871508e-09,
        "dvar": 5.88380253328e-17,
        "dvar2": 9.92435483248e-17,
        "max": -4.02844359055e-29,
        "mean": -1.41334943748e-08,
        "median": -7.415017933e-09,
        "min": -7.26302147314e-08,
        "stdev": 1.46336107676e-08,
        "var": 2.14142555151e-16
    },
    "spectral_energy": {
        "dmean": 0.0178118068725,
        "dmean2": 0.0259406324476,
        "dvar": 0.000888781738468,
        "dvar2": 0.00150391925126,
        "max": 0.276919573545,
        "mean": 0.0570313334465,
        "median": 0.032320484519,
        "min": 1.08627030173e-20,
        "stdev": 0.0561398528516,
        "var": 0.00315168313682
    },
    "spectral_energyband_high": {
        "dmean": 0.00212915870361,
        "dmean2": 0.0032458032947,
        "dvar": 2.01992643269e-05,
        "dvar2": 4.63939904876e-05,
        "max": 0.0451475009322,
        "mean": 0.00281658489257,
        "median": 0.00069784745574,
        "min": 7.87180129146e-21,
        "stdev": 0.00545428693295,
        "var": 2.97492442769e-05
    },
    "spectral_energyband_low": {
        "dmean": 0.0139464493841,
        "dmean2": 0.0192515794188,
        "dvar": 0.000830753124319,
        "dvar2": 0.00143118365668,
        "max": 0.266206532717,
        "mean": 0.0346441939473,
        "median": 0.00580348679796,
        "min": 9.06125015673e-23,
        "stdev": 0.0528781525791,
        "var": 0.00279609905556
    },
    "spectral_energyband_middle_high": {
        "dmean": 0.00255693029612,
        "dmean2": 0.00361949438229,
        "dvar": 9.17572015169e-06,
        "dvar2": 1.88175017684e-05,
        "max": 0.0432184189558,
        "mean": 0.00701488321647,
        "median": 0.00480652181432,
        "min": 1.53949550424e-21,
        "stdev": 0.00656063342467,
        "var": 4.3041913159e-05
    },
    "spectral_energyband_middle_low": {
        "dmean": 0.0069872639142,
        "dmean2": 0.0120543865487,
        "dvar": 0.000160906201927,
        "dvar2": 0.00045685376972,
        "max": 0.106085881591,
        "mean": 0.0134840533137,
        "median": 0.00842106156051,
        "min": 3.59063432714e-22,
        "stdev": 0.0147125916556,
        "var": 0.000216460350202
    },
    "spectral_entropy": {
        "dmean": 0.18746984005,
        "dmean2": 0.265812367201,
        "dvar": 0.0458679459989,
        "dvar2": 0.0854241326451,
        "max": 9.80730247498,
        "mean": 7.80777645111,
        "median": 7.78397035599,
        "min": 6.18041038513,
        "stdev": 0.456086456776,
        "var": 0.208014845848
    },
    "spectral_flux": {
        "dmean": 0.045831553638,
        "dmean2": 0.0688618645072,
        "dvar": 0.00370340934023,
        "dvar2": 0.0061203148216,
        "max": 0.503804445267,
        "mean": 0.116408720613,
        "median": 0.0923962593079,
        "min": 1.04224288922e-10,
        "stdev": 0.0860384106636,
        "var": 0.00740260863677
    },
    "spectral_kurtosis": {
        "dmean": 1.0650434494,
        "dmean2": 1.62090337276,
        "dvar": 1.17356657982,
        "dvar2": 2.48763608932,
        "max": 11.9339923859,
        "mean": 3.27298140526,
        "median": 3.40469121933,
        "min": -1.14807534218,
        "stdev": 2.19444894791,
        "var": 4.81560659409
    },
    "spectral_rms": {
        "dmean": 0.00111420615576,
        "dmean2": 0.00160097447224,
        "dvar": 2.57650413005e-06,
        "dvar2": 4.02767500418e-06,
        "max": 0.0164367109537,
        "mean": 0.00660049077123,
        "median": 0.00561535218731,
        "min": 3.25542002209e-12,
        "stdev": 0.00347474729642,
        "var": 1.20738686746e-05
    },
    "spectral_rolloff": {
        "dmean": 927.063659668,
        "dmean2": 1463.97631836,
        "dvar": 2665240.25,
        "dvar2": 5235215,
        "max": 18389.3554688,
        "mean": 2182.03100586,
        "median": 1378.125,
        "min": 64.599609375,
        "stdev": 2603.65991211,
        "var": 6779044.5
    },
    "spectral_skewness": {
        "dmean": 0.22374689579,
        "dmean2": 0.321279555559,
        "dvar": 0.0568467825651,
        "dvar2": 0.109477579594,
        "max": 2.77899861336,
        "mean": 1.48198330402,
        "median": 1.58853757381,
        "min": -0.0984003096819,
        "stdev": 0.498020768166,
        "var": 0.248024687171
    },
    "spectral_spread": {
        "dmean": 757298.4375,
        "dmean2": 1075017.875,
        "dvar": 1.34524135014e+12,
        "dvar2": 1.84230661325e+12,
        "max": 38376056,
        "mean": 6035508.5,
        "median": 5762412,
        "min": 2715055.5,
        "stdev": 2174037.25,
        "var": 4.72643849421e+12
    },
    "spectral_strongpeak": {
        "dmean": 0.514398932457,
        "dmean2": 0.857529401779,
        "dvar": 0.577568769455,
        "dvar2": 1.45415306091,
        "max": 6.16565227509,
        "mean": 1.07985317707,
        "median": 0.68553519249,
        "min": 0,
        "stdev": 1.08032119274,
        "var": 1.16709375381
    },
    "zerocrossingrate": {
        "dmean": 0.0180244557559,
        "dmean2": 0.0204556174576,
        "dvar": 0.000673457223456,
        "dvar2": 0.000760463415645,
        "max": 0.50048828125,
        "mean": 0.0783700868487,
        "median": 0.06884765625,
        "min": 0.001953125,
        "stdev": 0.0594769716263,
        "var": 0.00353751028888
    },
    "barkbands": {
        "dmean": [0.00220499094576, 0.0128390099853, 0.00409225653857, 0.00224100309424, 0.00223270780407, 0.00124397838954, 0.00111389195081, 0.0011646382045, 0.000999553827569, 0.00123910221737, 0.000435578607721, 0.000381204328733, 0.000469872407848, 0.000517286011018, 0.00044269891805, 0.000172487038071, 0.000241487068706, 0.000250159326242, 0.000179877664777, 0.000225478739594, 0.000310097791953, 0.000272013188805, 0.00061147037195, 0.000579552608542, 0.000270594988251, 0.000121358898468, 1.35645486807e-05],
        "dmean2": [0.00330363376997, 0.0201465431601, 0.00761859677732, 0.00434416439384, 0.00374659709632, 0.00207336689346, 0.0016982058296, 0.00167600077111, 0.001657096087, 0.00190425571054, 0.000663553422783, 0.000618529040366, 0.000754983222578, 0.000824425485916, 0.000709291605745, 0.000271228869678, 0.000382772122975, 0.00040525913937, 0.000284876819933, 0.000361464830348, 0.000480810500449, 0.000413541769376, 0.00100052286871, 0.00092617305927, 0.000395735463826, 0.000183071664651, 2.12407339859e-05],
        "dvar": [2.06369240914e-05, 0.00102364120539, 0.000208138866583, 5.74712466914e-05, 1.24975749713e-05, 1.10274750114e-05, 7.36559104553e-06, 9.46544241742e-06, 2.67813015853e-06, 4.74736361866e-06, 6.13092026924e-07, 4.85798068439e-07, 1.01456498669e-06, 7.07556353063e-07, 6.83356120135e-07, 1.02409046576e-07, 2.8591142609e-07, 1.28772470021e-07, 5.85378536755e-08, 2.42810216378e-07, 5.75605895392e-07, 3.05806480583e-07, 2.06843810702e-06, 1.64113168921e-06, 3.05558785385e-07, 8.70427854238e-08, 1.51802914683e-09],
        "dvar2": [4.17062656197e-05, 0.00229269685224, 0.000606228364632, 0.000167113350471, 3.29579925165e-05, 2.73327495961e-05, 1.25548167489e-05, 1.71253723238e-05, 6.71093084748e-06, 1.03231714093e-05, 1.29056718379e-06, 1.24164762383e-06, 2.78358834294e-06, 1.84752013865e-06, 1.89438139842e-06, 2.74876043704e-07, 7.45573345284e-07, 3.24966009657e-07, 1.37422972557e-07, 6.1918819938e-07, 1.43447675782e-06, 6.74420846281e-07, 5.15980173077e-06, 3.91190906157e-06, 5.88349735153e-07, 1.82393208092e-07, 3.28533644733e-09],
        "max": [0.0382354818285, 0.260540902615, 0.105509534478, 0.0456457510591, 0.0457561053336, 0.0550665855408, 0.0455259755254, 0.0636173933744, 0.0216050166637, 0.0356927625835, 0.0105111580342, 0.0106693571433, 0.0143505251035, 0.0141367865726, 0.0155152538791, 0.00567560410127, 0.0113210091367, 0.0042053530924, 0.00267779151909, 0.00523120909929, 0.00725848414004, 0.006275461521, 0.0173026453704, 0.01664368622, 0.00804351083934, 0.00588605785742, 0.000931465241592],
        "mean": [0.0030587783549, 0.0282149612904, 0.00270997127518, 0.0013131526066, 0.00371949770488, 0.0016586240381, 0.00183945498429, 0.00277934153564, 0.00163220451213, 0.00207861838862, 0.000613633485045, 0.00057192298118, 0.000683000369463, 0.000867760565598, 0.000750221195631, 0.000288723414997, 0.00043756395462, 0.000514381856192, 0.000340487749781, 0.000324030581396, 0.000322362117004, 0.000349207693944, 0.00066959328251, 0.000690911780111, 0.000416895432863, 0.000168823215063, 1.72419695446e-05],
        "median": [0.0001246836473, 0.000633780029602, 0.000295039644698, 9.41451144172e-05, 0.00224679894745, 0.000492589140777, 0.000401797267841, 0.000446906138677, 0.000596392725129, 0.000682497979142, 0.00021953137184, 0.000262371264398, 0.000207472941838, 0.000323483080138, 0.000298053928418, 0.000153752771439, 0.000170910716406, 0.000244151975494, 0.000226127842325, 0.000113838817924, 5.34467981197e-05, 7.72108905949e-05, 0.00010925182869, 0.000165927471244, 0.000118037576613, 3.90207751479e-05, 2.3865136427e-06],
        "min": [3.21376663196e-23, 3.39155978724e-23, 3.01536558994e-23, 1.97916744531e-23, 8.1603583812e-23, 2.33640247515e-23, 9.8310117928e-23, 4.41682747517e-23, 5.41408555225e-23, 9.86460338342e-23, 7.97606406543e-23, 6.84525783243e-23, 6.28333075263e-23, 9.24033041746e-23, 8.42523704724e-23, 3.07908567179e-22, 2.60767022033e-22, 1.02810184428e-22, 2.31816508387e-22, 3.00485752092e-22, 5.14313833704e-22, 6.17305645467e-22, 7.33295259619e-22, 7.53651253609e-22, 1.20679956427e-21, 1.87138324675e-21, 2.24426297868e-21],
        "stdev": [0.00598885724321, 0.0475030131638, 0.0107499463484, 0.00557841220871, 0.0044902455993, 0.00403603166342, 0.00484004849568, 0.00743406685069, 0.00241703167558, 0.00353868352249, 0.00117029587273, 0.000890465104021, 0.00124891498126, 0.00127211038489, 0.00124747434165, 0.000404215359595, 0.000907758483663, 0.000636643031612, 0.000359555589966, 0.000524476927239, 0.000751182204112, 0.000666690873913, 0.00152514711954, 0.00147500541061, 0.000850532436743, 0.000436343543697, 6.10526913079e-05],
        "var": [3.58664110536e-05, 0.0022565361578, 0.000115561342682, 3.11186850013e-05, 2.01623061002e-05, 1.62895503308e-05, 2.34260696743e-05, 5.52653473278e-05, 5.84204235565e-06, 1.25222813949e-05, 1.3695924963e-06, 7.92928062765e-07, 1.55978864314e-06, 1.61826494605e-06, 1.55619227371e-06, 1.63390055263e-07, 8.24025448765e-07, 4.05314352747e-07, 1.29280223859e-07, 2.75076075695e-07, 5.64274671433e-07, 4.44476683015e-07, 2.32607362705e-06, 2.17564092964e-06, 7.23405378267e-07, 1.90395681443e-07, 3.72743080845e-09]
    },
    "erbbands": {
        "dmean": [0.597726941109, 2.71969604492, 3.58770775795, 7.50422763824, 6.03950214386, 8.92048454285, 9.95798492432, 11.2588911057, 13.5211591721, 20.1440315247, 25.1413726807, 21.7189922333, 34.1726417542, 27.8849411011, 16.0259170532, 15.2972335815, 19.5628585815, 24.161605835, 28.3368377686, 13.7596597672, 9.3311882019, 14.0153131485, 13.6594982147, 9.49999237061, 8.68163204193, 9.99328517914, 11.022313118, 13.3713722229, 9.28482151031, 14.4624595642, 16.8911933899, 13.7486305237, 8.80468940735, 3.84375572205, 1.5739634037, 0.582042038441, 0.22031532228, 0.0456438921392, 0.00148149917368, 5.29749086127e-05],
        "dmean2": [0.868647515774, 4.36361265182, 6.13030195236, 14.3296985626, 10.6986789703, 14.8797140121, 16.46808815, 19.2953243256, 20.6622047424, 30.4068908691, 36.1528205872, 36.9285545349, 53.2137031555, 41.1223297119, 24.7016677856, 24.8760566711, 31.0208835602, 39.1403121948, 45.1420059204, 21.7046546936, 14.2211332321, 22.2769088745, 22.0851211548, 14.9587345123, 13.4600982666, 15.792509079, 16.6836433411, 21.3829231262, 14.0660829544, 22.853181839, 27.5986061096, 22.3667163849, 13.9083108902, 5.74512529373, 2.29003334045, 0.869724035263, 0.340331375599, 0.0702653825283, 0.00235489639454, 7.91513812146e-05],
        "dvar": [1.5848107338, 50.2565994263, 136.867828369, 653.060852051, 211.019393921, 195.13394165, 419.141204834, 914.404296875, 779.820739746, 3581.04150391, 3229.04125977, 1452.28955078, 2939.6484375, 3057.21264648, 1117.68676758, 859.557189941, 1707.79870605, 1584.54882812, 2583.88867188, 452.089050293, 184.757568359, 1196.8704834, 373.44241333, 165.836288452, 154.354537964, 431.639312744, 602.466308594, 1121.8223877, 375.348632812, 993.852233887, 1620.0970459, 996.164733887, 343.061981201, 63.0833625793, 10.4322471619, 1.88605928421, 0.313016682863, 0.0143810017034, 1.5940202502e-05, 9.78916947503e-09],
        "dvar2": [2.82956266403, 132.847351074, 369.343505859, 1893.16357422, 598.310302734, 504.36932373, 971.214538574, 2360.36181641, 1489.15661621, 6511.27099609, 5528.98046875, 3813.27807617, 6859.09375, 6825.06884766, 2881.41259766, 2191.27539062, 4588.78369141, 4341.33691406, 6673.86230469, 1211.9407959, 451.275024414, 3136.3972168, 985.901733398, 392.241455078, 368.998535156, 1094.35107422, 1404.9453125, 2862.37060547, 846.951782227, 2399.34912109, 4031.42651367, 2377.56884766, 818.178955078, 121.881713867, 20.6981468201, 3.94670891762, 0.691834390163, 0.0316819623113, 3.58591532859e-05, 2.14395683429e-08],
        "max": [10.6669025421, 55.9610862732, 92.240737915, 166.364883423, 127.926956177, 160.660369873, 284.152191162, 494.376342773, 595.979187012, 1129.93701172, 1142.77636719, 534.679382324, 769.442749023, 979.532836914, 532.418762207, 455.60824585, 634.158569336, 463.446533203, 844.70715332, 262.488464355, 207.090698242, 762.042907715, 220.65776062, 128.15864563, 143.238769531, 210.04309082, 282.42175293, 277.000640869, 228.658096313, 304.048797607, 495.331359863, 344.09942627, 228.733032227, 127.842521667, 42.520904541, 27.1883468628, 12.3018760681, 2.67951178551, 0.0745953246951, 0.00176605430897],
        "mean": [1.32480382919, 4.29743766785, 3.25524091721, 4.58517360687, 6.21143865585, 14.2707853317, 13.5945539474, 14.5305147171, 24.427898407, 37.9863433838, 61.3647842407, 36.8734436035, 57.6991500854, 48.1460533142, 24.9382381439, 23.854839325, 30.8362121582, 43.1610603333, 50.1815261841, 23.1683063507, 17.4714736938, 26.735704422, 28.2641658783, 19.8805294037, 16.9244480133, 14.6127376556, 13.0233631134, 13.228720665, 11.8093347549, 16.7664813995, 18.5006580353, 15.3027467728, 11.0357427597, 5.85533809662, 2.35166192055, 0.835681259632, 0.290602236986, 0.0610415525734, 0.00194106448907, 0.000118248608487],
        "median": [0.00452772388235, 0.180513784289, 0.517449498177, 0.372523218393, 2.53025245667, 7.6402349472, 5.66571807861, 3.81220960617, 7.07560443878, 6.401699543, 15.432308197, 16.802570343, 24.8221626282, 18.6868743896, 12.8572740555, 11.0421257019, 11.6255884171, 17.2361774445, 20.3926010132, 12.9308261871, 9.53752994537, 10.7494668961, 13.750629425, 12.9885578156, 11.2986307144, 5.31534957886, 2.82579803467, 1.86969673634, 2.57154130936, 3.37868404388, 3.07466268539, 2.46056866646, 2.98459076881, 1.74782967567, 0.541008412838, 0.18746304512, 0.0681891441345, 0.0130045032129, 0.000386608939152, 7.05269558239e-05],
        "min": [1.66002658431e-21, 5.68434397199e-21, 2.27008813902e-20, 6.94899375334e-20, 9.14564360204e-20, 3.9290877471e-19, 1.75007765421e-19, 3.12615024734e-19, 1.67071851492e-18, 8.56673737294e-19, 7.34561768052e-19, 1.27751862434e-18, 2.54728677313e-18, 3.9133439151e-18, 3.27998971125e-18, 2.39151791044e-18, 2.511606751e-18, 4.3894004197e-18, 3.67004197281e-18, 1.27263854824e-17, 1.2987078897e-17, 1.38950030907e-17, 7.66238080923e-18, 1.15532498135e-17, 1.15280348669e-17, 1.40126347913e-17, 2.05298336733e-17, 2.04403575464e-17, 2.20447918041e-17, 1.608616152e-17, 2.34522627774e-17, 1.99055819717e-17, 1.07521022292e-17, 1.11273221084e-17, 1.00764056838e-17, 6.90383757596e-18, 3.68788591298e-18, 1.32970948169e-18, 3.4937472436e-19, 2.96744065417e-20],
        "stdev": [2.19177722931, 8.34525871277, 9.82315063477, 18.9321289062, 12.2230978012, 19.0309734344, 24.8919506073, 36.0532608032, 57.2745742798, 104.634040833, 140.809585571, 51.6459236145, 83.9170608521, 82.3274154663, 39.1953392029, 37.7744789124, 52.8583984375, 60.3180961609, 75.4664306641, 31.3311042786, 21.2412166595, 57.4422836304, 34.3700180054, 21.2833538055, 17.9091529846, 22.5032615662, 26.9540348053, 32.0621871948, 22.9800109863, 34.4569778442, 43.1066627502, 35.5441017151, 22.1115608215, 11.8888273239, 4.9284658432, 1.98121070862, 0.797275006771, 0.186008870602, 0.00604848982766, 0.000155576475663],
        "var": [4.80388784409, 69.6433486938, 96.4942932129, 358.425476074, 149.40411377, 362.17791748, 619.609191895, 1299.83764648, 3280.37695312, 10948.2832031, 19827.3398438, 2667.30126953, 7042.07275391, 6777.80273438, 1536.27453613, 1426.91125488, 2794.01025391, 3638.27270508, 5695.18261719, 981.638061523, 451.189300537, 3299.6159668, 1181.2980957, 452.981109619, 320.737731934, 506.396789551, 726.519958496, 1027.98388672, 528.080932617, 1187.28320312, 1858.18444824, 1263.38330078, 488.921112061, 141.344223022, 24.2897777557, 3.92519593239, 0.635647416115, 0.0345993004739, 3.6584227928e-05, 2.42040414378e-08]
    },
    "gfcc": {
        "mean": [34.4048233032, 56.8388671875, -108.432991028, 19.7498092651, -66.4907608032, 21.2991542816, -43.9664764404, 16.6808128357, -25.1474399567, 0.248606830835, -15.0324811935, 1.41973721981, -11.3472194672],
        "cov": [[3996.41992188, -429.969146729, 177.622711182, 314.913146973, 104.116668701, 279.861083984, 123.446121216, 226.297744751, 81.3526382446, 188.901977539, -60.7528915405, -29.6358451843, -51.3111457825], [-429.969146729, 1162.75341797, -31.0753440857, 11.6780157089, 324.648101807, 23.802696228, 208.615615845, 147.9949646, 164.144577026, 7.54056739807, 209.014678955, -6.44647598267, 23.8221492767], [177.622711182, -31.0753440857, 1401.72753906, 403.656860352, -4.73997306824, 194.346511841, 258.740356445, 141.058334351, 302.758361816, 312.677307129, 165.378555298, 240.300521851, 108.788726807], [314.913146973, 11.6780157089, 403.656860352, 558.147033691, 155.484436035, 243.243057251, 221.21522522, 74.4045562744, 162.915435791, 158.677734375, 120.92830658, 86.8440475464, 105.709846497], [104.116668701, 324.648101807, -4.73997306824, 155.484436035, 489.753570557, 211.735046387, 187.73236084, 166.918655396, 108.338188171, 53.7542572021, 100.729942322, 29.6765365601, 87.3593826294], [279.861083984, 23.802696228, 194.346511841, 243.243057251, 211.735046387, 275.630371094, 203.130691528, 116.854972839, 104.033607483, 90.2350311279, 79.1469345093, 62.1856994629, 73.6676940918], [123.446121216, 208.615615845, 258.740356445, 221.21522522, 187.73236084, 203.130691528, 329.093353271, 168.629135132, 171.02671814, 105.528167725, 128.604064941, 86.399810791, 55.3525238037], [226.297744751, 147.9949646, 141.058334351, 74.4045562744, 166.918655396, 116.854972839, 168.629135132, 212.989044189, 124.345710754, 68.4356613159, 74.8770141602, 32.3011131287, 41.9002685547], [81.3526382446, 164.144577026, 302.758361816, 162.915435791, 108.338188171, 104.033607483, 171.02671814, 124.345710754, 255.803237915, 143.82194519, 123.592010498, 92.4101791382, 49.1691017151], [188.901977539, 7.54056739807, 312.677307129, 158.677734375, 53.7542572021, 90.2350311279, 105.528167725, 68.4356613159, 143.82194519, 172.844833374, 88.9305877686, 80.2169265747, 45.3706512451], [-60.7528915405, 209.014678955, 165.378555298, 120.92830658, 100.729942322, 79.1469345093, 128.604064941, 74.8770141602, 123.592010498, 88.9305877686, 170.494125366, 90.5904769897, 57.2132339478], [-29.6358451843, -6.44647598267, 240.300521851, 86.8440475464, 29.6765365601, 62.1856994629, 86.399810791, 32.3011131287, 92.4101791382, 80.2169265747, 90.5904769897, 154.56413269, 65.4048080444], [-51.3111457825, 23.8221492767, 108.788726807, 105.709846497, 87.3593826294, 73.6676940918, 55.3525238037, 41.9002685547, 49.1691017151, 45.3706512451, 57.2132339478, 65.4048080444, 125.667304993]],
        "icov": [[0.00034950801637, 5.95861420152e-05, 9.93802168523e-05, -0.00022480476764, 8.03687435109e-05, -0.000322408275679, 0.000275621074252, -0.00063202198362, 0.000181242357939, -0.000532395089976, 0.000318718870403, -8.7901687948e-05, 0.000478886213386], [5.95861420152e-05, 0.00198313314468, -0.000220911635552, 0.0003526325454, -0.0013305725297, 0.00155374815222, -0.00116931460798, 0.000444541452453, -0.000832314603031, 0.00131170474924, -0.00278215948492, 0.00184262194671, 8.36910621729e-05], [9.93802168523e-05, -0.000220911635552, 0.00159205507953, -0.000660800433252, 0.000772087543737, -0.000240892273723, 6.09314083704e-05, -0.000777036009822, -0.000104601676867, -0.00198090658523, 0.00110206776299, -0.00166436121799, 0.000217416338273], [-0.00022480476764, 0.0003526325454, -0.000660800433252, 0.00440649362281, -0.000237865722738, -0.00199372973293, -0.00166913715657, 0.00278793298639, -0.000884347595274, -0.000629157468211, -0.00144811789505, 0.00232771527953, -0.00213255849667], [8.03687435109e-05, -0.0013305725297, 0.000772087543737, -0.000237865722738, 0.00503110792488, -0.00359457288869, 0.000932882889174, -0.00219348073006, 0.00018449833442, -0.00068454851862, 0.000922218780033, -0.000450554594863, -0.00126347283367], [-0.000322408275679, 0.00155374815222, -0.000240892273723, -0.00199372973293, -0.00359457288869, 0.0122717013583, -0.00499784993008, 4.44987017545e-05, 0.000916884280741, 2.07482335099e-05, -0.000643650826532, 0.000420898664743, -0.00134123896714], [0.000275621074252, -0.00116931460798, 6.09314083704e-05, -0.00166913715657, 0.000932882889174, -0.00499784993008, 0.0105889439583, -0.00484605692327, -0.00113334273919, 0.000679991964716, -0.000381841062335, -0.00285346223973, 0.00277537712827], [-0.00063202198362, 0.000444541452453, -0.000777036009822, 0.00278793298639, -0.00219348073006, 4.44987017545e-05, -0.00484605692327, 0.0123075982556, -0.00327347358689, 0.000786143413279, -0.00155712105334, 0.00368135049939, -0.0026952936314], [0.000181242357939, -0.000832314603031, -0.000104601676867, -0.000884347595274, 0.00018449833442, 0.000916884280741, -0.00113334273919, -0.00327347358689, 0.0112329348922, -0.0060267499648, -0.000709601154085, -0.00210263114423, 0.00118938169908], [-0.000532395089976, 0.00131170474924, -0.00198090658523, -0.000629157468211, -0.00068454851862, 2.07482335099e-05, 0.000679991964716, 0.000786143413279, -0.0060267499648, 0.0172103028744, -0.0046627772972, 0.000501352595165, -0.000313476193696], [0.000318718870403, -0.00278215948492, 0.00110206776299, -0.00144811789505, 0.000922218780033, -0.000643650826532, -0.000381841062335, -0.00155712105334, -0.000709601154085, -0.0046627772972, 0.0170885883272, -0.00719746667892, -0.000727720616851], [-8.7901687948e-05, 0.00184262194671, -0.00166436121799, 0.00232771527953, -0.000450554594863, 0.000420898664743, -0.00285346223973, 0.00368135049939, -0.00210263114423, 0.000501352595165, -0.00719746667892, 0.015967560932, -0.0051984959282], [0.000478886213386, 8.36910621729e-05, 0.000217416338273, -0.00213255849667, -0.00126347283367, -0.00134123896714, 0.00277537712827, -0.0026952936314, 0.00118938169908, -0.000313476193696, -0.000727720616851, -0.0051984959282, 0.0137683684006]]
    },
    "melbands": {
        "dmean": [0.00413609016687, 0.00193556502927, 0.00120848242659, 0.000488697260153, 0.000364410836482, 0.000245272938628, 0.000212484475924, 0.000224439005251, 0.000198083769646, 0.0001386423246, 0.000178534100996, 0.00012682468514, 6.05767381785e-05, 4.46464437118e-05, 3.962019764e-05, 4.86218705191e-05, 4.74446278531e-05, 4.9167771067e-05, 2.561907786e-05, 1.45177200466e-05, 1.14085969471e-05, 1.70815219462e-05, 1.20095364764e-05, 1.3224529539e-05, 7.9218780229e-06, 7.57070165491e-06, 5.88727834838e-06, 7.40633777241e-06, 7.12879636922e-06, 7.73503052187e-06, 7.71920258558e-06, 5.07096729052e-06, 5.65118443774e-06, 9.56755866355e-06, 9.76081537374e-06, 9.739998859e-06, 8.39611584524e-06, 6.63977698423e-06, 4.94524874739e-06, 2.84329121314e-06],
        "dmean2": [0.00639821449295, 0.00289153843187, 0.0022877426818, 0.000830681528896, 0.000596493948251, 0.000412850960856, 0.000325711094774, 0.000336283090292, 0.000290032243356, 0.000233718208619, 0.000277638609987, 0.000187643629033, 9.23611078179e-05, 7.218929386e-05, 6.52657836326e-05, 7.80613117968e-05, 7.6870470366e-05, 7.88589677541e-05, 4.12437548221e-05, 2.36101332121e-05, 1.7665728592e-05, 2.72006764135e-05, 1.93818796106e-05, 2.16058087972e-05, 1.26299983094e-05, 1.19981787066e-05, 9.35335538088e-06, 1.20276554298e-05, 1.08533968159e-05, 1.21149987535e-05, 1.24527086882e-05, 7.68115296523e-06, 8.80740753928e-06, 1.54714271048e-05, 1.58718175953e-05, 1.63192689797e-05, 1.37165761771e-05, 1.06278812382e-05, 7.7554186646e-06, 4.24442077929e-06],
        "dvar": [9.37203076319e-05, 2.33809514611e-05, 1.57044651132e-05, 6.90623437549e-07, 4.38007731418e-07, 4.18850561346e-07, 1.8835008575e-07, 3.6565839423e-07, 1.55528070422e-07, 5.65315900758e-08, 8.17168910316e-08, 6.63141577206e-08, 1.2814795447e-08, 7.98341748265e-09, 7.96540078341e-09, 9.99912508348e-09, 6.25763973972e-09, 7.53261186759e-09, 1.88034632309e-09, 8.49540049419e-10, 3.01685759707e-10, 2.11577111386e-09, 2.92946639169e-10, 4.05330408126e-10, 1.18111589953e-10, 1.21532686692e-10, 8.30708904442e-11, 3.01933394953e-10, 2.6144139631e-10, 3.56072310526e-10, 3.74834302486e-10, 1.15370726861e-10, 1.31431671102e-10, 4.68073635407e-10, 5.40023581408e-10, 5.77273895352e-10, 3.95071392267e-10, 1.93325563891e-10, 1.29687371953e-10, 3.43395312186e-11],
        "dvar2": [0.000186640143511, 5.07628064952e-05, 4.54155342595e-05, 1.87820364772e-06, 1.03385025341e-06, 1.06553625301e-06, 3.60382614417e-07, 7.45267072944e-07, 2.70088861498e-07, 1.44985264683e-07, 1.85974315059e-07, 1.4713634755e-07, 2.80580962908e-08, 1.98404705998e-08, 2.20881357649e-08, 2.6323981217e-08, 1.69789444726e-08, 1.87037318966e-08, 5.41353006867e-09, 2.35262564985e-09, 7.35425442766e-10, 5.59684609769e-09, 7.9433132294e-10, 1.02198927099e-09, 2.88843921004e-10, 2.97103813773e-10, 2.0318038918e-10, 7.81065490063e-10, 6.18778916994e-10, 8.85544748641e-10, 9.63169100032e-10, 2.65515970321e-10, 2.91611679248e-10, 1.15703113757e-09, 1.34055722079e-09, 1.44952549963e-09, 9.68904956267e-10, 4.64254329424e-10, 3.1296404357e-10, 6.43167533121e-11],
        "max": [0.0790673196316, 0.0412060283124, 0.0257422178984, 0.00924279540777, 0.00771405687556, 0.0106992693618, 0.00905747525394, 0.0101716089994, 0.00753636145964, 0.00289863906801, 0.00443354761228, 0.0043117608875, 0.00156212435104, 0.00146520091221, 0.00155425642151, 0.00142045202665, 0.000961358018685, 0.00121722707991, 0.000749391212594, 0.000549706688616, 0.000308119750116, 0.00101766339503, 0.00016770788352, 0.000238386972342, 0.000117666721053, 0.000140172618558, 8.5956264229e-05, 0.000179615992238, 0.000183484226, 0.000175388457137, 0.00015851619537, 0.000104526618088, 0.000165152887348, 0.000192590581719, 0.000300669315038, 0.000345445121638, 0.000209373145481, 0.000148526829435, 0.000213727034861, 0.000112553228973],
        "mean": [0.00961671676487, 0.00282653374597, 0.000801151036285, 0.000738895963877, 0.000540065404493, 0.000329123577103, 0.000380349956686, 0.000479967944557, 0.000466852245154, 0.000220913061639, 0.00029779569013, 0.000213963983697, 8.87604692252e-05, 6.60776859149e-05, 5.70201700612e-05, 7.272556104e-05, 8.08087570476e-05, 8.35848913994e-05, 4.28822095273e-05, 2.19226785703e-05, 1.97430526896e-05, 2.93659395538e-05, 2.31315207202e-05, 2.52605950664e-05, 1.48187491504e-05, 1.34007232191e-05, 1.03555057649e-05, 9.74468366621e-06, 8.41587007017e-06, 7.84017811384e-06, 7.49049149817e-06, 6.23990081294e-06, 7.29340263206e-06, 1.04874006865e-05, 1.05798517325e-05, 1.05755325421e-05, 9.02846204553e-06, 7.97592474555e-06, 6.56980637359e-06, 4.37303197032e-06],
        "median": [0.000110998189484, 0.000277144194115, 0.000124446247355, 0.000417487870436, 0.000250795506872, 8.63918685354e-05, 0.000101104560599, 6.75404880894e-05, 0.000135115231387, 8.93136239029e-05, 0.00012005289318, 7.42323318264e-05, 3.80932324333e-05, 2.97930910165e-05, 2.15883210331e-05, 2.24721788982e-05, 2.91052965622e-05, 3.31968221872e-05, 1.90739519894e-05, 1.19567148431e-05, 1.01370505945e-05, 1.03482188933e-05, 1.13032592708e-05, 1.13427267934e-05, 8.77293223311e-06, 8.41070414026e-06, 5.51323182663e-06, 2.78896982309e-06, 1.65316680523e-06, 1.1557324342e-06, 1.00890633803e-06, 1.35376342314e-06, 1.68606163697e-06, 1.90538560219e-06, 1.75237676103e-06, 1.58000705142e-06, 1.45729359247e-06, 2.11259316529e-06, 1.87678028851e-06, 1.1942332776e-06],
        "min": [1.33235341008e-23, 1.07692261555e-23, 1.15285237094e-23, 1.6741198242e-23, 9.88699567353e-24, 8.25743623528e-24, 2.29294696778e-23, 9.61316548725e-24, 5.10580439029e-24, 8.69316040084e-24, 1.20731935103e-23, 1.50594256782e-23, 1.11555005752e-23, 8.9825926781e-24, 3.53157486708e-24, 7.269583589e-24, 8.46445858036e-24, 6.07297980896e-24, 9.18661261857e-24, 2.19820366866e-23, 1.31750042141e-23, 1.38458673051e-23, 1.16784167477e-23, 5.03196424855e-24, 9.7876630972e-24, 8.72520866397e-24, 9.38254357933e-24, 8.5112569647e-24, 1.14062258144e-23, 1.48255015985e-23, 1.04887095842e-23, 1.28239098353e-23, 1.06763614497e-23, 8.03138577631e-24, 1.42012160108e-23, 1.23075459414e-23, 1.22461346977e-23, 7.99620257993e-24, 5.642382056e-24, 1.0514078562e-23],
        "stdev": [0.0157703589648, 0.00573132373393, 0.00296011404134, 0.000965974235442, 0.000858196173795, 0.000819845823571, 0.000882499734871, 0.00127640808932, 0.000970154826064, 0.000327810877934, 0.000449947081506, 0.000389519729652, 0.000162078387802, 0.000110876913823, 0.000107794447104, 0.000127185077872, 0.000118682750326, 0.000126070270198, 6.66634732625e-05, 3.22318010149e-05, 2.53598209383e-05, 7.39859460737e-05, 2.7967222195e-05, 3.320354881e-05, 1.66071658896e-05, 1.52174470713e-05, 1.20484464787e-05, 1.79011567525e-05, 1.78466234502e-05, 1.87336008821e-05, 1.8321636162e-05, 1.22802557598e-05, 1.42189182952e-05, 2.2647813239e-05, 2.48169035331e-05, 2.57953543041e-05, 2.13017901842e-05, 1.61768166436e-05, 1.37413808261e-05, 9.10230573936e-06],
        "var": [0.000248704192927, 3.28480709868e-05, 8.7622747742e-06, 9.33106264256e-07, 7.36500680887e-07, 6.7214716637e-07, 7.7880582694e-07, 1.62921753599e-06, 9.41200426041e-07, 1.07459975141e-07, 2.02452383746e-07, 1.51725615183e-07, 2.62694026532e-08, 1.22936896219e-08, 1.16196421374e-08, 1.61760453921e-08, 1.40855958009e-08, 1.58937147887e-08, 4.44401848654e-09, 1.03888908587e-09, 6.43120501298e-10, 5.47392042805e-09, 7.82165554547e-10, 1.10247555529e-09, 2.75797940041e-10, 2.31570707054e-10, 1.45165060528e-10, 3.20451415403e-10, 3.18501947039e-10, 3.50947826355e-10, 3.35682343033e-10, 1.50804674304e-10, 2.02177649622e-10, 5.12923425955e-10, 6.15878681387e-10, 6.65400345934e-10, 4.537662468e-10, 2.61689392378e-10, 1.88825552416e-10, 8.28519683416e-11]
    },
    "melbands128": {
