{
"lowlevel": {
    "average_loudness": 0.983662188053,
    "barkbands_crest": {
        "dmean": 2.80434846878,
        "dmean2": 4.09011650085,
        "dvar": 8.15082931519,
        "dvar2": 15.5626029968,
        "max": 26.7344551086,
        "mean": 13.7552051544,
        "median": 12.1990032196,
        "min": 3.84249687195,
        "stdev": 6.38586139679,
        "var": 40.7792243958
    },
    "barkbands_flatness_db": {
        "dmean": 0.0314587205648,
        "dmean2": 0.0407287739217,
        "dvar": 0.00123718893155,
        "dvar2": 0.00186251057312,
        "max": 0.595700502396,
        "mean": 0.192124724388,
        "median": 0.177462771535,
        "min": 0.0557691045105,
        "stdev": 0.0806108266115,
        "var": 0.00649810582399
    },
    "barkbands_kurtosis": {
        "dmean": 12.0725011826,
        "dmean2": 17.7447605133,
        "dvar": 2853.31811523,
        "dvar2": 6828.59277344,
        "max": 1491.0793457,
        "mean": 19.0080986023,
        "median": 5.88025379181,
        "min": -1.90700554848,
        "stdev": 73.3520050049,
        "var": 5380.51611328
    },
    "barkbands_skewness": {
        "dmean": 0.854947984219,
        "dmean2": 1.19382846355,
        "dvar": 1.87011790276,
        "dvar2": 3.24404454231,
        "max": 30.4331455231,
        "mean": 2.66310954094,
        "median": 2.20189380646,
        "min": -6.37751483917,
        "stdev": 2.69834089279,
        "var": 7.28104305267
    },
    "barkbands_spread": {
        "dmean": 5.79618263245,
        "dmean2": 8.72867584229,
        "dvar": 89.1624221802,
        "dvar2": 194.26776123,
        "max": 103.620300293,
        "mean": 15.1261529922,
        "median": 12.2314805984,
        "min": 0.0684687942266,
        "stdev": 14.1187620163,
        "var": 199.339447021
    },
    "dissonance": {
        "dmean": 0.0317029356956,
        "dmean2": 0.0530720055103,
        "dvar": 0.00106615014374,
        "dvar2": 0.00261278823018,
        "max": 0.499083459377,
        "mean": 0.429953545332,
        "median": 0.437203347683,
        "min": 0.0301898233593,
        "stdev": 0.0428519211709,
        "var": 0.00183628720697
    },
    "dynamic_complexity": 2.00474262238,
    "erbbands_crest": {
        "dmean": 2.82946205139,
        "dmean2": 4.4974770546,
        "dvar": 6.99381160736,
        "dvar2": 17.7015590668,
        "max": 26.5683860779,
        "mean": 10.4738445282,
        "median": 9.85575580597,
        "min": 2.38992571831,
        "stdev": 4.05203008652,
        "var": 16.4189472198
    },
    "erbbands_flatness_db": {
        "dmean": 0.0222557354718,
        "dmean2": 0.0316033624113,
        "dvar": 0.000658854725771,
        "dvar2": 0.00136153970379,
        "max": 0.33853250742,
        "mean": 0.164054781199,
        "median": 0.161925882101,
        "min": 0.0453339666128,
        "stdev": 0.0451371632516,
        "var": 0.0020373633597
    },
    "erbbands_kurtosis": {
        "dmean": 1.35562372208,
        "dmean2": 2.05479574203,
        "dvar": 4.42359781265,
        "dvar2": 10.5183038712,
        "max": 31.3796043396,
        "mean": 1.6845293045,
        "median": 1.1368355751,
        "min": -1.86529862881,
        "stdev": 2.86101007462,
        "var": 8.18537902832
    },
    "erbbands_skewness": {
        "dmean": 0.435852706432,
        "dmean2": 0.62275916338,
        "dvar": 0.220780581236,
        "dvar2": 0.442186325788,
        "max": 5.15778112411,
        "mean": 0.714169085026,
        "median": 0.708624303341,
        "min": -4.62320137024,
        "stdev": 0.798123121262,
        "var": 0.63700056076
    },
    "erbbands_spread": {
        "dmean": 10.810418129,
        "dmean2": 16.3972568512,
        "dvar": 320.597564697,
        "dvar2": 676.675292969,
        "max": 204.104171753,
        "mean": 36.6207237244,
        "median": 28.1864147186,
        "min": 6.95891094208,
        "stdev": 27.8246669769,
        "var": 774.212097168
    },
    "hfc": {
        "dmean": 8.63409996033,
        "dmean2": 12.3579874039,
        "dvar": 251.041870117,
        "dvar2": 590.141601562,
        "max": 341.400970459,
        "mean": 23.1459903717,
        "median": 20.9219245911,
        "min": 1.17654438091e-16,
        "stdev": 19.951915741,
        "var": 398.078979492
    },
    "loudness_ebu128": {
        "integrated": -9.1579284668,
        "loudness_range": 1.12827396393,
        "momentary": {
            "dmean": 0.813086152077,
            "dmean2": 1.21940755844,
            "dvar": 0.392239868641,
            "dvar2": 0.782219827175,
            "max": -7.17269611359,
            "mean": -9.28079223633,
            "median": -9.12540912628,
            "min": -14.2097578049,
            "stdev": 1.07979547977,
            "var": 1.16595840454
        },
        "short_term": {
            "dmean": 0.0899221301079,
            "dmean2": 0.103408955038,
            "dvar": 0.00343174836598,
            "dvar2": 0.00277314661071,
            "max": -8.43572616577,
            "mean": -9.16700267792,
            "median": -9.11640834808,
            "min": -9.99884605408,
            "stdev": 0.403832942247,
            "var": 0.163081049919
        }
    },
    "melbands_crest": {
        "dmean": 3.30863118172,
        "dmean2": 4.78775978088,
        "dvar": 10.422211647,
        "dvar2": 20.1711730957,
        "max": 33.2994995117,
        "mean": 17.4166431427,
        "median": 16.6241092682,
        "min": 2.57171559334,
        "stdev": 7.36315917969,
        "var": 54.2161140442
    },
    "melbands_flatness_db": {
        "dmean": 0.03639556095,
        "dmean2": 0.04597248137,
        "dvar": 0.00165127031505,
        "dvar2": 0.00253988034092,
        "max": 0.719744503498,
        "mean": 0.280738979578,
        "median": 0.264551609755,
        "min": 0.00501777231693,
        "stdev": 0.0987216085196,
        "var": 0.00974595639855
    },
    "melbands_kurtosis": {
        "dmean": 16.4891986847,
        "dmean2": 24.8514995575,
        "dvar": 2865.93139648,
        "dvar2": 5577.34179688,
        "max": 1208.51635742,
        "mean": 30.9400806427,
        "median": 12.7768526077,
        "min": -1.82374191284,
        "stdev": 71.376159668,
        "var": 5094.55664062
    },
    "melbands_skewness": {
        "dmean": 0.973224103451,
        "dmean2": 1.38689494133,
        "dvar": 2.24556851387,
        "dvar2": 4.02193689346,
        "max": 26.2055168152,
        "mean": 3.44964623451,
        "median": 2.88221764565,
        "min": -2.13897538185,
        "stdev": 2.76576566696,
        "var": 7.64945936203
    },
    "melbands_spread": {
        "dmean": 5.06883955002,
        "dmean2": 7.43012475967,
        "dvar": 187.077789307,
        "dvar2": 348.064727783,
        "max": 230.096420288,
        "mean": 14.2669410706,
        "median": 10.5347661972,
        "min": 0.215998739004,
        "stdev": 18.2225379944,
        "var": 332.060913086
    },
    "pitch_salience": {
        "dmean": 0.0745028927922,
        "dmean2": 0.107081830502,
        "dvar": 0.00572028197348,
        "dvar2": 0.0106243975461,
        "max": 0.825106799603,
        "mean": 0.465062648058,
        "median": 0.497808277607,
        "min": 0.0246153939515,
        "stdev": 0.174250364304,
        "var": 0.0303631909192
    },
    "silence_rate_20dB": {
        "dmean": 0,
        "dmean2": 0,
        "dvar": 0,
        "dvar2": 0,
        "max": 1,
        "mean": 1,
        "median": 1,
        "min": 1,
        "stdev": 0,
        "var": 0
    },
    "silence_rate_30dB": {
        "dmean": 0.0835913345218,
        "dmean2": 0.166537567973,
        "dvar": 0.0766043737531,
        "dvar2": 0.138803482056,
        "max": 1,
        "mean": 0.851508140564,
        "median": 1,
        "min": 0,
        "stdev": 0.355586141348,
        "var": 0.12644149363
    },
    "silence_rate_60dB": {
        "dmean": 0.0208978336304,
        "dmean2": 0.0418280400336,
        "dvar": 0.0204611755908,
        "dvar2": 0.0447269827127,
        "max": 1,
        "mean": 0.0255220420659,
        "median": 0,
        "min": 0,
        "stdev": 0.157706722617,
        "var": 0.0248714126647
    },
    "spectral_centroid": {
        "dmean": 203.064453125,
        "dmean2": 294.254394531,
        "dvar": 196156.8125,
        "dvar2": 282916.21875,
        "max": 10607.7421875,
        "mean": 829.749023438,
        "median": 719.003112793,
        "min": 90.8691101074,
        "stdev": 611.63458252,
        "var": 374096.875
    },
    "spectral_complexity": {
        "dmean": 2.83591341972,
        "dmean2": 4.25793981552,
        "dvar": 11.1216754913,
        "dvar2": 21.7002277374,
        "max": 34,
        "mean": 14.1933488846,
        "median": 14,
        "min": 0,
        "stdev": 6.21492671967,
        "var": 38.6253166199
    },
    "spectral_decrease": {
        "dmean": 3.86380571982e-09,
        "dmean2": 4.42028325054e-09,
        "dvar": 1.54483258584e-17,
        "dvar2": 2.59327210085e-17,
        "max": 3.73800402621e-29,
        "mean": -1.36429427755e-08,
        "median": -1.0416869145e-08,
        "min": -4.77117652053e-08,
        "stdev": 1.03943822438e-08,
        "var": 1.0804317509e-16
    },
    "spectral_energy": {
        "dmean": 0.014935602434,
        "dmean2": 0.0171930231154,
        "dvar": 0.000228078555665,
        "dvar2": 0.000386388244806,
        "max": 0.182050511241,
        "mean": 0.0535910092294,
        "median": 0.0414402484894,
        "min": 1.05305286091e-20,
        "stdev": 0.0396764613688,
        "var": 0.00157422164921
    },
    "spectral_energyband_high": {
        "dmean": 0.000541370827705,
        "dmean2": 0.000788395002019,
        "dvar": 2.06035883821e-06,
        "dvar2": 5.02816146764e-06,
        "max": 0.0314525701106,
        "mean": 0.000783424184192,
        "median": 0.000299963081488,
        "min": 7.42879356686e-21,
        "stdev": 0.00165898003615,
        "var": 2.75221464108e-06
    },
    "spectral_energyband_low": {
        "dmean": 0.0117376120761,
        "dmean2": 0.0102563956752,
        "dvar": 0.000180512681254,
        "dvar2": 0.000205608652323,
        "max": 0.15789245069,
        "mean": 0.031862616539,
        "median": 0.0134599367157,
        "min": 8.02334460156e-23,
        "stdev": 0.0387994684279,
        "var": 0.00150539865717
    },
    "spectral_energyband_middle_high": {
        "dmean": 0.00202207756229,
        "dmean2": 0.00262279459275,
        "dvar": 9.3679600468e-06,
        "dvar2": 1.61473763001e-05,
        "max": 0.0380905419588,
        "mean": 0.00534058781341,
        "median": 0.00310686137527,
        "min": 1.55213323265e-21,
        "stdev": 0.00600311020389,
        "var": 3.60373305739e-05
    },
    "spectral_energyband_middle_low": {
        "dmean": 0.00787163339555,
        "dmean2": 0.0117464223877,
        "dvar": 0.000156601890922,
        "dvar2": 0.00034517221502,
        "max": 0.125652179122,
        "mean": 0.0170075893402,
        "median": 0.0139439189807,
        "min": 3.87450737539e-22,
        "stdev": 0.0151458084583,
        "var": 0.000229395503993
    },
    "spectral_entropy": {
        "dmean": 0.281883299351,
        "dmean2": 0.392674654722,
        "dvar": 0.108341760933,
        "dvar2": 0.229429140687,
        "max": 9.80903148651,
        "mean": 7.11402130127,
        "median": 7.06434869766,
        "min": 5.3243637085,
        "stdev": 0.581679522991,
        "var": 0.338351041079
    },
    "spectral_flux": {
        "dmean": 0.0331917032599,
        "dmean2": 0.0480428226292,
        "dvar": 0.00112148164771,
        "dvar2": 0.00225824210793,
        "max": 0.309031873941,
        "mean": 0.104271627963,
        "median": 0.089810796082,
        "min": 1.02618365194e-10,
        "stdev": 0.0593903660774,
        "var": 0.00352721544914
    },
    "spectral_kurtosis": {
        "dmean": 3.3429543972,
        "dmean2": 5.06266927719,
        "dvar": 27.062877655,
        "dvar2": 58.7823562622,
        "max": 64.0124130249,
        "mean": 8.19693660736,
        "median": 6.53520011902,
        "min": -1.44015169144,
        "stdev": 7.75806903839,
        "var": 60.1876373291
    },
    "spectral_rms": {
        "dmean": 0.00103465886787,
        "dmean2": 0.00120972143486,
        "dvar": 1.09495647393e-06,
        "dvar2": 1.88215028629e-06,
        "max": 0.0133270500228,
        "mean": 0.00668751634657,
        "median": 0.00635842047632,
        "min": 3.20525919174e-12,
        "stdev": 0.00274975318462,
        "var": 7.5611428656e-06
    },
    "spectral_rolloff": {
        "dmean": 383.23046875,
        "dmean2": 613.455688477,
        "dvar": 1735460.5,
        "dvar2": 3062139,
        "max": 19207.6171875,
        "mean": 975.521484375,
        "median": 538.330078125,
        "min": 64.599609375,
        "stdev": 1819.47509766,
        "var": 3310489.5
    },
    "spectral_skewness": {
        "dmean": 0.413777917624,
        "dmean2": 0.599280595779,
        "dvar": 0.224332123995,
        "dvar2": 0.486066550016,
        "max": 6.06474018097,
        "mean": 2.26676177979,
        "median": 2.22486972809,
        "min": -0.484959304333,
        "stdev": 0.872992515564,
        "var": 0.762115955353
    },
    "spectral_spread": {
        "dmean": 1294534.625,
        "dmean2": 1766631.25,
        "dvar": 3.8950100009e+12,
        "dvar2": 6.98012925952e+12,
        "max": 40071424,
        "mean": 5611007,
        "median": 4755113.5,
        "min": 1084302.5,
        "stdev": 3341458,
        "var": 1.11653421056e+13
    },
    "spectral_strongpeak": {
        "dmean": 0.481838226318,
        "dmean2": 0.783527314663,
        "dvar": 0.605443835258,
        "dvar2": 1.44798350334,
        "max": 10.5848379135,
        "mean": 1.06255483627,
        "median": 0.726109325886,
        "min": 0,
        "stdev": 1.02650654316,
        "var": 1.05371570587
    },
    "zerocrossingrate": {
        "dmean": 0.0138608384877,
        "dmean2": 0.0147278634831,
        "dvar": 0.000660377612803,
        "dvar2": 0.000651836046018,
        "max": 0.4990234375,
        "mean": 0.0447330586612,
        "median": 0.03564453125,
        "min": 0.00244140625,
        "stdev": 0.0495435222983,
        "var": 0.00245456048287
    },
    "barkbands": {
        "dmean": [0.000110539629532, 0.0106543656439, 0.00454223249108, 0.00174895487726, 0.00405470049009, 0.00145876023453, 0.000813962717075, 0.00208796886727, 0.000508774130139, 0.000783006835263, 0.00063393759774, 0.000439924770035, 0.000580036547035, 0.000314395059831, 0.000308858754579, 0.000139418218168, 0.000118711257528, 7.8301942267e-05, 6.12873700447e-05, 4.88416517328e-05, 3.97422300011e-05, 4.21968907176e-05, 8.01759815658e-05, 0.000108526975964, 0.000152503926074, 0.000150626743562, 1.2617115317e-05],
        "dmean2": [0.000131875582156, 0.00893775559962, 0.00651719700545, 0.00275897327811, 0.00663432944566, 0.00239155790769, 0.00130379176699, 0.00322299590334, 0.000771562918089, 0.00114804040641, 0.000912928080652, 0.000664905703161, 0.000868355098646, 0.000483285111841, 0.000461684656329, 0.000201282877242, 0.000174858927494, 0.000122563695186, 9.32558396016e-05, 7.80531045166e-05, 5.4737291066e-05, 5.96073587076e-05, 0.000114891765406, 0.000162075797562, 0.000236556472373, 0.000239726738073, 2.10237558349e-05],
        "dvar": [3.09025622869e-08, 0.000239337357925, 7.59310642025e-05, 1.46138336277e-05, 7.70041006035e-05, 6.82348672854e-06, 2.45643946073e-06, 1.61862499226e-05, 1.20509480439e-06, 2.21343270823e-06, 2.04993762054e-06, 1.41679151966e-06, 1.98244833882e-06, 4.79122661545e-07, 4.74120128047e-07, 9.89625661418e-08, 3.74331357023e-08, 1.65303095656e-08, 1.20614762622e-08, 8.43800940231e-09, 6.85864964822e-09, 5.80316550369e-09, 3.10215710897e-08, 1.32049791546e-07, 3.89995847172e-07, 1.9020177433e-07, 2.19485429831e-09],
        "dvar2": [6.39651389633e-08, 0.000232346137636, 0.000153958710143, 3.36419070663e-05, 0.000206037700991, 1.79624821612e-05, 4.94401911055e-06, 3.65385058103e-05, 2.55838654084e-06, 4.99422412759e-06, 4.53104530607e-06, 2.95779591397e-06, 4.16543707615e-06, 1.05312494725e-06, 1.08118808839e-06, 2.0812638013e-07, 6.91223434046e-08, 3.55190579171e-08, 2.72612918906e-08, 2.03404812993e-08, 1.50487675654e-08, 1.13469544871e-08, 7.12533179126e-08, 3.35185916356e-07, 9.90392777567e-07, 4.83754604375e-07, 6.28820551185e-09],
        "max": [0.00319689116441, 0.142181128263, 0.0738540887833, 0.0347399190068, 0.0866225585341, 0.0333013944328, 0.0265859477222, 0.0432012565434, 0.0174822881818, 0.0202413704246, 0.0193365141749, 0.0167370140553, 0.0186199247837, 0.0105965966359, 0.00804899726063, 0.00612548459321, 0.00251489388756, 0.00136035471223, 0.00160695961677, 0.00100226467475, 0.00163794879336, 0.000891932053491, 0.00323011982255, 0.00778395030648, 0.0140835447237, 0.0080802468583, 0.000987657113001],
        "mean": [0.000250614975812, 0.0253153704107, 0.00525117991492, 0.00181554956362, 0.00583162205294, 0.00282092322595, 0.00126427295618, 0.00367368501611, 0.000865418987814, 0.00139954336919, 0.00106104661245, 0.000673005415592, 0.000926916778553, 0.000471624720376, 0.000452730804682, 0.000215804146137, 0.000235631057876, 0.000135635826155, 0.000106744635559, 7.61558330851e-05, 5.73415709368e-05, 6.58483986626e-05, 0.000119767559227, 0.000140217598528, 0.000202044073376, 0.000150807813043, 1.15537650345e-05],
        "median": [6.29464630038e-05, 0.00627572136, 0.000869734911248, 0.000494625302963, 0.00349234114401, 0.00153023202438, 0.000581813743338, 0.00132605643012, 0.000280356791336, 0.000522985297721, 0.000380059937015, 0.00012147979578, 0.000160681287525, 0.000105743769382, 8.22005968075e-05, 5.71760356252e-05, 8.81614032551e-05, 5.26183976035e-05, 4.05048667744e-05, 3.25902219629e-05, 1.00356519397e-05, 1.71723550011e-05, 3.99538548663e-05, 3.31030569214e-05, 5.19445893588e-05, 1.90941609617e-05, 1.020445211e-06],
        "min": [2.6465413651e-24, 3.46365283873e-23, 1.54681092696e-23, 6.69831008519e-23, 9.02389727733e-23, 4.60404341618e-23, 1.03441191111e-22, 3.55613857572e-23, 3.43869769731e-23, 6.12942588328e-23, 1.05857282737e-22, 1.5136226336e-22, 1.05470185535e-22, 5.94305213017e-23, 1.19679451083e-22, 1.40305677265e-22, 1.28715543519e-22, 2.19281748417e-22, 3.50164778781e-22, 3.2059057277e-22, 3.52486478466e-22, 4.11843200253e-22, 6.10855565296e-22, 8.99935146005e-22, 1.34523387414e-21, 1.22993830612e-21, 2.62864569101e-21],
        "stdev": [0.00035595044028, 0.0367152839899, 0.010429052636, 0.00377911538817, 0.00820284057409, 0.0041716885753, 0.00225342973135, 0.00534825166687, 0.0019167693099, 0.00213702092879, 0.00194790225942, 0.00166918255854, 0.00213879789226, 0.00102637393866, 0.000940214376897, 0.000432319327956, 0.000349729205482, 0.000199452391826, 0.00015798684035, 0.000113838810648, 0.000116336341307, 0.000112623994937, 0.000235929328483, 0.000384463201044, 0.000661030644551, 0.000433455687016, 3.90170353057e-05],
        "var": [1.26700712144e-07, 0.00134801212698, 0.000108765139885, 1.42817125379e-05, 6.72866008244e-05, 1.74029846676e-05, 5.07794584337e-06, 2.86037957267e-05, 3.67400457435e-06, 4.56685893369e-06, 3.79432299269e-06, 2.78617039839e-06, 4.57445685242e-06, 1.05344338408e-06, 8.84003043211e-07, 1.86900010135e-07, 1.22310510164e-07, 3.9781255623e-08, 2.49598439694e-08, 1.29592754305e-08, 1.35341435836e-08, 1.26841648296e-08, 5.56626496007e-08, 1.47811945794e-07, 4.36961499872e-07, 1.87883841818e-07, 1.5223290406e-09]
    },
    "erbbands": {
        "dmean": [0.247430950403, 2.74379301071, 4.82325410843, 5.31986522675, 10.1493015289, 14.1811447144, 11.7510232925, 12.3236846924, 10.6117582321, 28.7070636749, 35.7854576111, 13.6329336166, 20.8115711212, 17.4933643341, 29.0837783813, 19.3714847565, 23.6381607056, 19.2810688019, 17.0100078583, 8.88455295563, 5.30244207382, 5.1544380188, 4.71434259415, 3.37680840492, 2.91854000092, 2.37231087685, 1.60460817814, 1.48666155338, 1.32144546509, 2.20723295212, 2.29223680496, 1.9385008812, 2.10036420822, 1.63372385502, 1.19427454472, 0.628653109074, 0.285748839378, 0.0510065071285, 0.00156206497923, 4.86607495986e-05],
        "dmean2": [0.189388245344, 2.45498418808, 5.98128795624, 7.80345678329, 16.5696125031, 23.3176631927, 18.5693721771, 20.3115844727, 16.3450946808, 44.7874107361, 56.2834396362, 20.3415031433, 30.2026977539, 25.968214035, 41.2449035645, 27.8833999634, 34.7464599609, 27.9288711548, 25.5700130463, 12.6204185486, 7.27936029434, 7.44158792496, 7.01697540283, 5.08849906921, 4.44819355011, 3.69716906548, 2.35829019547, 2.04496622086, 1.91881275177, 3.17866826057, 3.36613488197, 2.90252876282, 3.13845276833, 2.47283101082, 1.85008406639, 0.987122774124, 0.461849808693, 0.0816959664226, 0.00259681046009, 7.29220919311e-05],
        "dvar": [0.114070490003, 17.2087688446, 69.3480911255, 104.7239151, 668.679016113, 895.454833984, 338.465423584, 584.246826172, 517.355285645, 3397.42480469, 6783.05175781, 820.123840332, 1785.25195312, 1940.48669434, 4518.36230469, 2321.31152344, 3644.68383789, 1783.70043945, 1677.07531738, 351.578704834, 106.808387756, 66.6377563477, 51.3483047485, 39.1298828125, 24.7543983459, 21.2843589783, 15.9469966888, 7.69490194321, 6.53338289261, 18.8535938263, 23.9715309143, 25.4545288086, 71.1767959595, 44.2447624207, 21.8184890747, 5.92296743393, 0.506962716579, 0.0178547594696, 2.12723916775e-05, 9.8724308728e-09],
        "dvar2": [0.0873450934887, 17.0909938812, 113.552429199, 220.910018921, 1755.41113281, 2430.45385742, 849.109619141, 1579.27233887, 952.230224609, 7583.45166016, 15645.296875, 1853.75720215, 3875.56811523, 4511.07958984, 10270.1621094, 4771.72851562, 7898.51611328, 3705.44995117, 3859.65844727, 772.305419922, 210.549209595, 125.073394775, 105.787155151, 84.3502731323, 60.2511062622, 51.9354438782, 35.7083511353, 13.3517799377, 12.9235258102, 42.4803161621, 54.7702064514, 57.11120224, 191.016159058, 110.753158569, 55.6490859985, 15.2765026093, 1.2885915041, 0.0474930107594, 5.89632763877e-05, 2.66585029607e-08],
        "max": [4.70409011841, 37.654838562, 74.5024337769, 103.953201294, 268.387786865, 299.281005859, 227.19821167, 378.609069824, 367.206115723, 864.053527832, 1156.2253418, 472.245574951, 697.174316406, 790.814086914, 923.249938965, 719.263000488, 901.227783203, 540.911560059, 545.573791504, 251.329452515, 141.501373291, 101.595916748, 93.2432556152, 90.3905487061, 63.0416107178, 54.8818473816, 92.7227935791, 45.1839675903, 28.1820793152, 65.2266693115, 83.7547607422, 86.7636032104, 188.269851685, 147.244369507, 101.801300049, 53.7993812561, 8.9231300354, 1.94530940056, 0.0813135057688, 0.00150846294127],
        "mean": [0.67584002018, 5.77147102356, 7.40948724747, 6.45009708405, 10.5071134567, 21.035161972, 24.8617916107, 22.3446388245, 18.9409866333, 50.5736122131, 62.2937507629, 25.727399826, 38.8783683777, 31.1925964355, 50.817199707, 35.1510734558, 39.9810562134, 32.6003570557, 26.2569904327, 14.7860307693, 10.0239496231, 10.3281888962, 9.33213233948, 6.14533042908, 4.93332338333, 3.83470821381, 2.46065211296, 2.18021154404, 2.09704136848, 3.40463066101, 3.3162651062, 2.63874053955, 2.57894897461, 2.19759559631, 1.46449327469, 0.690116465092, 0.272430986166, 0.0484968274832, 0.00143805728294, 9.70019609667e-05],
        "median": [0.140521198511, 1.36101961136, 1.899761796, 1.96730935574, 3.39281487465, 11.9713344574, 15.716334343, 12.1678714752, 8.62108039856, 20.8804473877, 20.7750015259, 10.4299983978, 14.1982297897, 11.4323730469, 19.300743103, 8.33428764343, 7.97040748596, 7.19442796707, 5.85157346725, 3.80158352852, 3.24728131294, 4.36067676544, 4.14911031723, 2.27613425255, 2.19741177559, 1.6932092905, 0.539588272572, 0.418287962675, 0.526798307896, 1.14849054813, 1.11048746109, 0.622448801994, 0.6098331213, 0.572303652763, 0.345785826445, 0.101798973978, 0.0325543582439, 0.00534009281546, 0.000169956532773, 7.07825965947e-05],
        "min": [1.34706130514e-21, 6.36125761353e-21, 1.35072172071e-20, 1.31125278163e-19, 3.00338552919e-19, 2.11418653323e-19, 3.95849763679e-19, 4.25364472664e-19, 1.24373429337e-18, 1.34120439707e-18, 6.95461819376e-19, 7.75427075252e-19, 1.30917430939e-18, 2.67057907741e-18, 6.62484154946e-18, 4.59056743595e-18, 4.97552529891e-18, 4.06269923292e-18, 5.02351376856e-18, 6.15014741134e-18, 8.24761026543e-18, 8.90420307462e-18, 1.30518934611e-17, 1.215304013e-17, 1.93237911053e-17, 1.32111596434e-17, 1.3421716814e-17, 1.68424544084e-17, 1.49375319039e-17, 1.34963309868e-17, 1.95262286709e-17, 1.80601999277e-17, 1.5016616988e-17, 1.39897136165e-17, 9.43921108711e-18, 4.52367499417e-18, 2.43963417949e-18, 1.35717673771e-18, 3.17016633719e-19, 3.9309096124e-20],
        "stdev": [0.942290008068, 8.99919509888, 12.8503379822, 11.5304851532, 23.0773925781, 29.0143947601, 29.5028209686, 34.0562324524, 34.1616859436, 76.813079834, 113.804748535, 49.2045707703, 60.7519645691, 63.2823066711, 93.7904510498, 74.6009140015, 94.485710144, 64.993522644, 54.0447463989, 26.714969635, 16.6093559265, 14.5377912521, 12.1850175858, 9.70619392395, 6.67803287506, 5.69622278214, 5.31961250305, 4.24937772751, 3.64739561081, 6.02697086334, 6.4061384201, 6.36807012558, 8.04990196228, 7.28629207611, 4.81312179565, 2.35495901108, 0.71593606472, 0.125529482961, 0.00405772356316, 0.000104354599898],
        "var": [0.887910485268, 80.9855117798, 165.131195068, 132.952087402, 532.566040039, 841.835144043, 870.416442871, 1159.8269043, 1167.02075195, 5900.24902344, 12951.5205078, 2421.08959961, 3690.80126953, 4004.65014648, 8796.6484375, 5565.296875, 8927.54882812, 4224.15820312, 2920.8347168, 713.68963623, 275.870697021, 211.347381592, 148.474655151, 94.2101974487, 44.5961227417, 32.4469566345, 28.2982769012, 18.0572128296, 13.3034944534, 36.3243789673, 41.0386123657, 40.5523147583, 64.8009262085, 53.0900535583, 23.1661434174, 5.54583215714, 0.512564480305, 0.0157576519996, 1.64651191881e-05, 1.08898818851e-08]
    },
    "gfcc": {
        "mean": [-2.57593536377, 101.226669312, -83.5958557129, 7.06512403488, -54.3833503723, 19.4786205292, -42.4027557373, 13.8693037033, -24.0725860596, 3.30297613144, -9.48007106781, 5.96905851364, -12.966258049],
        "cov": [[7152.61669922, -1612.41235352, -230.11668396, 65.6596450806, -406.165588379, 416.613861084, -248.995986938, 337.600219727, -303.713165283, 198.169204712, -460.598236084, 15.4596405029, -369.381286621], [-1612.41235352, 2139.06640625, -196.316726685, 1.38920426369, 576.051269531, -93.0332107544, 332.923431396, 13.3450088501, 251.067245483, -200.40486145, 383.038482666, -104.019454956, 140.975845337], [-230.11668396, -196.316726685, 1216.86816406, 177.605438232, 110.329467773, 307.149932861, 206.224121094, 105.030830383, 148.085037231, 193.538253784, 67.0704040527, 153.404083252, 71.5163879395], [65.6596450806, 1.38920426369, 177.605438232, 511.07144165, 114.430664062, -4.8272023201, 116.336120605, 10.3241910934, 88.2508010864, 21.1936359406, 5.80195474625, 5.67549324036, 96.71434021], [-406.165588379, 576.051269531, 110.329467773, 114.430664062, 509.863616943, 141.571273804, 261.421691895, 103.973228455, 166.08480835, 53.3950271606, 150.856918335, 25.3721027374, 85.556892395], [416.613861084, -93.0332107544, 307.149932861, -4.8272023201, 141.571273804, 488.430480957, 178.733139038, 67.3270645142, 74.3737030029, 107.278167725, 57.068813324, 31.0726127625, -10.9592590332], [-248.995986938, 332.923431396, 206.224121094, 116.336120605, 261.421691895, 178.733139038, 359.585876465, 61.0236740112, 92.2911300659, 69.8614273071, 113.333312988, 47.7976112366, 73.7299118042], [337.600219727, 13.3450088501, 105.030830383, 10.3241910934, 103.973228455, 67.3270645142, 61.0236740112, 271.141998291, 85.8275527954, 38.1712112427, 73.2883758545, 22.1186962128, 0.293580651283], [-303.713165283, 251.067245483, 148.085037231, 88.2508010864, 166.08480835, 74.3737030029, 92.2911300659, 85.8275527954, 270.681854248, 57.7053489685, 88.3630218506, 30.7406578064, 74.9351119995], [198.169204712, -200.40486145, 193.538253784, 21.1936359406, 53.3950271606, 107.278167725, 69.8614273071, 38.1712112427, 57.7053489685, 171.709976196, -9.75671386719, 66.0540847778, 30.4212551117], [-460.598236084, 383.038482666, 67.0704040527, 5.80195474625, 150.856918335, 57.068813324, 113.333312988, 73.2883758545, 88.3630218506, -9.75671386719, 226.303787231, 28.4127292633, 43.9069213867], [15.4596405029, -104.019454956, 153.404083252, 5.67549324036, 25.3721027374, 31.0726127625, 47.7976112366, 22.1186962128, 30.7406578064, 66.0540847778, 28.4127292633, 161.538619995, 46.1512069702], [-369.381286621, 140.975845337, 71.5163879395, 96.71434021, 85.556892395, -10.9592590332, 73.7299118042, 0.293580651283, 74.9351119995, 30.4212551117, 43.9069213867, 46.1512069702, 159.56980896]],
        "icov": [[0.000289770890959, -9.2434725957e-05, 0.000205446936889, -0.000329419446643, 0.000210511047044, -0.000444492266979, 0.000209350328078, -0.00061247148551, 0.000328722875565, -0.000407914980315, 0.000560270214919, -0.000329445465468, 0.000485537893837], [-9.2434725957e-05, 0.00166898779571, -9.71633417066e-05, 0.000811474048533, -0.00134376052301, 0.000944305153098, -0.00111342174932, 0.000970380322542, -0.00110248557758, 0.00205386150628, -0.00161666492932, 0.00120357458945, -0.000615833152551], [0.000205446936889, -9.71633417066e-05, 0.00141747994348, -0.000646262953524, 0.000499453104567, -0.000880314153619, -4.45986152044e-05, -0.000598913116846, 2.12643572013e-05, -0.00101011397783, 0.000277342449408, -0.000973334535956, 0.000399069365812], [-0.000329419446643, 0.000811474048533, -0.000646262953524, 0.00325159518979, -0.000995535752736, 0.00127336103469, -0.00140240660403, 0.00105466949753, -0.00126556726173, 0.00169779348653, -0.000473354768474, 0.00140810385346, -0.00189968955237], [0.000210511047044, -0.00134376052301, 0.000499453104567, -0.000995535752736, 0.00504719186574, -0.00115169712808, -0.00113263097592, -0.00151597172953, -0.000134785354021, -0.00201360252686, 0.000560782791581, -0.000684500671923, 0.000285736576188], [-0.000444492266979, 0.000944305153098, -0.000880314153619, 0.00127336103469, -0.00115169712808, 0.00429165456444, -0.00206140847877, 0.00131286727265, -0.00123131403234, 0.000358733581379, -0.00171208579559, 0.00157401175238, 0.00014758236648], [0.000209350328078, -0.00111342174932, -4.45986152044e-05, -0.00140240660403, -0.00113263097592, -0.00206140847877, 0.00663536274806, -0.000807512493338, 0.00168886000756, -0.00223075598478, 2.8525470043e-05, -0.0012603753712, -0.000271566968877], [-0.00061247148551, 0.000970380322542, -0.000598913116846, 0.00105466949753, -0.00151597172953, 0.00131286727265, -0.000807512493338, 0.00624403776601, -0.00211979914457, 0.00113072886597, -0.00291345268488, 0.00106932455674, -0.00010898905748], [0.000328722875565, -0.00110248557758, 2.12643572013e-05, -0.00126556726173, -0.000134785354021, -0.00123131403234, 0.00168886000756, -0.00211979914457, 0.00683144852519, -0.00283316103742, 0.000255834689597, -0.000609883107245, -0.000858226849232], [-0.000407914980315, 0.00205386150628, -0.00101011397783, 0.00169779348653, -0.00201360252686, 0.000358733581379, -0.00223075598478, 0.00113072886597, -0.00283316103742, 0.0123519301414, 9.37761142268e-05, -0.000949406996369, -0.00197776081041], [0.000560270214919, -0.00161666492932, 0.000277342449408, -0.000473354768474, 0.000560782791581, -0.00171208579559, 2.8525470043e-05, -0.00291345268488, 0.000255834689597, 9.37761142268e-05, 0.00934410281479, -0.00258295238018, 0.000499666086398], [-0.000329445465468, 0.00120357458945, -0.000973334535956, 0.00140810385346, -0.000684500671923, 0.00157401175238, -0.0012603753712, 0.00106932455674, -0.000609883107245, -0.000949406996369, -0.00258295238018, 0.0096628786996, -0.00280424882658], [0.000485537893837, -0.000615833152551, 0.000399069365812, -0.00189968955237, 0.000285736576188, 0.00014758236648, -0.000271566968877, -0.00010898905748, -0.000858226849232, -0.00197776081041, 0.000499666086398, -0.00280424882658, 0.0103436652571]]
    },
    "melbands": {
        "dmean": [0.00264814356342, 0.00242739985697, 0.000860930595081, 0.000929354398977, 0.000441093317932, 0.000272555102129, 0.000155068424647, 0.000357024546247, 0.000258230342297, 7.63899297453e-05, 0.000104822145659, 7.23979173927e-05, 8.94560289453e-05, 6.06117428106e-05, 5.83885630476e-05, 4.60974806629e-05, 3.65506093658e-05, 2.69563006441e-05, 1.81951818377e-05, 1.27334342324e-05, 5.64884430787e-06, 5.29812132299e-06, 5.95509209234e-06, 3.98569682147e-06, 2.75958200291e-06, 2.3504485398e-06, 1.89041486465e-06, 1.63100230566e-06, 1.1019901649e-06, 8.8921075303e-07, 9.02503018096e-07, 7.23053801721e-07, 1.06714389858e-06, 1.34904121296e-06, 1.41857174185e-06, 1.21725554436e-06, 1.18911850677e-06, 1.52887832883e-06, 1.42601993502e-06, 1.41168516166e-06],
        "dmean2": [0.00206752796657, 0.00248684966937, 0.00124658760615, 0.00154316436965, 0.000696465838701, 0.000448201433755, 0.00024224925437, 0.000553588673938, 0.000406544626458, 0.000113494541438, 0.000152812543092, 0.00010946491966, 0.000130277956487, 8.54252211866e-05, 8.68132847245e-05, 6.86877028784e-05, 5.40436994925e-05, 4.10512839153e-05, 2.71708540822e-05, 1.83087213372e-05, 8.01597343525e-06, 7.70068254496e-06, 9.05726756173e-06, 6.21839035375e-06, 4.2259998736e-06, 3.57195426659e-06, 2.92175627692e-06, 2.59193711827e-06, 1.67068037626e-06, 1.26896884467e-06, 1.26903023556e-06, 1.06366132968e-06, 1.53860003138e-06, 1.99747705665e-06, 2.0989400582e-06, 1.78784068794e-06, 1.83168413059e-06, 2.34734557125e-06, 2.09033441934e-06, 2.16479338633e-06],
        "dvar": [1.38474952109e-05, 1.18273956105e-05, 2.73270643447e-06, 4.81318784296e-06, 4.371342186e-07, 2.68731952247e-07, 1.02328726825e-07, 5.0800599638e-07, 3.47922565425e-07, 2.66672266491e-08, 4.53431212577e-08, 3.65904178068e-08, 4.39435332567e-08, 2.1038957243e-08, 2.05861745428e-08, 1.13066294105e-08, 6.30675955904e-09, 4.53562476466e-09, 1.5036842882e-09, 9.23912335526e-10, 1.40658221182e-10, 8.23513202075e-11, 8.52764386883e-11, 4.51778649213e-11, 2.95999995348e-11, 1.98412206803e-11, 1.0577534508e-11, 1.12799439927e-11, 1.00704522846e-11, 3.04327700193e-12, 3.09014120715e-12, 2.17966313401e-12, 4.0832771192e-12, 8.8027510628e-12, 9.41087052037e-12, 1.11218378257e-11, 1.15491973623e-11, 4.02542929545e-11, 3.10235379053e-11, 3.13115575135e-11],
        "dvar2": [1.23141753647e-05, 1.31336701088e-05, 4.81571896671e-06, 1.28084293465e-05, 1.0685325833e-06, 7.0981133149e-07, 1.85714782219e-07, 1.13582041195e-06, 8.00573729975e-07, 6.06739689601e-08, 9.94757414219e-08, 8.48765466799e-08, 1.00921781154e-07, 4.66949181543e-08, 4.43616414714e-08, 2.36921611219e-08, 1.30673001308e-08, 1.06312434411e-08, 3.3548395173e-09, 1.90753102203e-09, 2.75150735529e-10, 1.56785501249e-10, 1.74532444053e-10, 9.63693846945e-11, 6.41647499022e-11, 4.85928450256e-11, 2.6043590895e-11, 2.75825699086e-11, 2.33166663061e-11, 6.18365688515e-12, 5.69004956e-12, 4.83749021743e-12, 9.14441265765e-12, 2.06472287184e-11, 2.22789356408e-11, 2.72248109473e-11, 2.70685956288e-11, 1.10333485404e-10, 7.91861437532e-11, 7.72449534892e-11],
        "max": [0.0413424894214, 0.0400472059846, 0.0169174093753, 0.0193005241454, 0.00686463015154, 0.00736594898626, 0.00494369212538, 0.0101951602846, 0.00809610076249, 0.00275257299654, 0.00352299679071, 0.0034576584585, 0.00279250903986, 0.00233526411466, 0.00229759607464, 0.00151058891788, 0.00118762929924, 0.000921638449654, 0.000512390921358, 0.000638035184238, 0.000192204621271, 0.000101438883576, 0.000105865459773, 7.13575427653e-05, 7.9771183664e-05, 6.78258729749e-05, 4.67060308438e-05, 3.93429108954e-05, 7.99191184342e-05, 2.23496081162e-05, 2.56004532275e-05, 1.584733036e-05, 2.17531523958e-05, 4.88974583277e-05, 4.46885824203e-05, 7.12321925675e-05, 7.08421721356e-05, 0.00014306337107, 0.000123330828501, 0.000118485353596],
        "mean": [0.00674234842882, 0.00512244645506, 0.00120110169519, 0.00115254928824, 0.00094800471561, 0.000507950608153, 0.000270686374279, 0.000625489454251, 0.000458855880424, 0.000134828092996, 0.000191169470781, 0.000120782788144, 0.000149839484948, 0.000104328581074, 9.79385877145e-05, 7.3849238106e-05, 5.87158938288e-05, 3.92161418858e-05, 2.73319219559e-05, 1.94498607016e-05, 1.04074651972e-05, 1.02216963569e-05, 1.14446193038e-05, 7.16613249097e-06, 4.65174070996e-06, 3.6885778627e-06, 3.14705562232e-06, 2.41507427745e-06, 1.62671028647e-06, 1.24063569729e-06, 1.24458301798e-06, 1.05181516119e-06, 1.52713653279e-06, 2.04114212465e-06, 2.01570560421e-06, 1.61004447818e-06, 1.60130491622e-06, 1.78990080713e-06, 1.80947552053e-06, 1.86984743777e-06],
        "median": [0.00164416967891, 0.00163244549185, 0.000451640924439, 0.000601450214162, 0.000641755526885, 0.000271752680419, 0.000117234965728, 0.000256336934399, 0.000137377675856, 5.44184331375e-05, 6.41806982458e-05, 3.23932836181e-05, 5.44793583686e-05, 3.19916434819e-05, 1.74369633896e-05, 1.24617790789e-05, 1.23024237837e-05, 8.11838799564e-06, 5.37615096619e-06, 5.05503476234e-06, 3.27974021275e-06, 3.89231581721e-06, 4.30810996477e-06, 2.59804664893e-06, 1.48664014432e-06, 1.40085364819e-06, 1.53252358359e-06, 8.47980743401e-07, 2.98620221884e-07, 1.94643234863e-07, 2.29958502018e-07, 2.2906387187e-07, 3.61677422234e-07, 6.20034370513e-07, 6.43643886633e-07, 4.2757085339e-07, 3.18067861826e-07, 3.96542930048e-07, 3.88476422586e-07, 4.61776807015e-07],
        "min": [1.05670363723e-23, 8.69863509552e-24, 2.82425677813e-23, 1.94067024427e-23, 1.3506526165e-23, 1.0603233255e-23, 1.82138106477e-23, 1.28612040235e-23, 4.56605984248e-24, 5.28588476887e-24, 6.65081529444e-24, 1.00394958971e-23, 2.15331558989e-23, 1.46230783125e-23, 1.12308076038e-23, 1.1087246752e-23, 6.68103576685e-24, 7.04676193771e-24, 8.61485333422e-24, 7.882184569e-24, 9.91400627092e-24, 7.93613871061e-24, 1.30597989675e-23, 8.13847522191e-24, 9.77081460599e-24, 1.43255215568e-23, 1.101231601e-23, 9.04205306883e-24, 9.79619147245e-24, 6.6501037419e-24, 1.12012797513e-23, 9.391761419e-24, 6.5636434034e-24, 7.91046286587e-24, 9.80125201516e-24, 1.43155061787e-23, 9.49742618181e-24, 1.06418219639e-23, 1.13996964127e-23, 1.15703790913e-23],
        "stdev": [0.00955126713961, 0.00748338969424, 0.00203207926825, 0.00197080080397, 0.000999186886474, 0.000769529433455, 0.000496874388773, 0.000935884134378, 0.000847118441015, 0.000267299823463, 0.000303410051856, 0.000276063423371, 0.000276808335911, 0.000200615919312, 0.000239978602622, 0.00015720873489, 0.000124752623378, 8.49621428642e-05, 5.56185113965e-05, 4.17730116169e-05, 1.94774693227e-05, 1.54289264174e-05, 1.62530668604e-05, 1.05219933175e-05, 8.13415681478e-06, 5.67871347812e-06, 4.18940408053e-06, 4.11324435845e-06, 4.03472949984e-06, 2.58110299001e-06, 2.50774951382e-06, 1.94608901438e-06, 2.69454267254e-06, 3.94551443605e-06, 3.8762937038e-06, 3.93392838305e-06, 4.09068024965e-06, 5.82095253776e-06, 5.76011598241e-06, 6.30504064247e-06],
        "var": [9.12266987143e-05, 5.60011212656e-05, 4.12934605265e-06, 3.88405624108e-06, 9.98374503069e-07, 5.9217558146e-07, 2.46884155786e-07, 8.75879095474e-07, 7.1760962328e-07, 7.1449200334e-08, 9.20576539443e-08, 7.62110090591e-08, 7.6622860945e-08, 4.024674638e-08, 5.75897267652e-08, 2.47145877097e-08, 1.55632182697e-08, 7.21856574515e-09, 3.09341863236e-09, 1.74498460126e-09, 3.79371783987e-10, 2.38051744983e-10, 2.64162192121e-10, 1.10712342072e-10, 6.61645113698e-11, 3.2247784304e-11, 1.75511081363e-11, 1.69187788779e-11, 1.62790423502e-11, 6.66209231878e-12, 6.28880758233e-12, 3.78726217054e-12, 7.26056064229e-12, 1.55670840801e-11, 1.50256543319e-11, 1.54757942572e-11, 1.67336630663e-11, 3.38834862945e-11, 3.31789352936e-11, 3.97535372676e-11]
    },
    "melbands128": {
