{
"lowlevel": {
    "average_loudness": 0.881057143211,
    "barkbands_crest": {
        "dmean": 3.06793928146,
        "dmean2": 4.94119548798,
        "dvar": 7.30716657639,
        "dvar2": 18.1435184479,
        "max": 25.7433395386,
        "mean": 13.4292945862,
        "median": 12.7248973846,
        "min": 3.90310072899,
        "stdev": 4.90076637268,
        "var": 24.0175113678
    },
    "barkbands_flatness_db": {
        "dmean": 0.0313457921147,
        "dmean2": 0.0460656397045,
        "dvar": 0.000816514715552,
        "dvar2": 0.00167425686959,
        "max": 0.402557402849,
        "mean": 0.204562529922,
        "median": 0.205593436956,
        "min": 0.0491711311042,
        "stdev": 0.0587056353688,
        "var": 0.00344635150395
    },
    "barkbands_kurtosis": {
        "dmean": 6.11740970612,
        "dmean2": 9.70896053314,
        "dvar": 72.9339904785,
        "dvar2": 181.770843506,
        "max": 109.988464355,
        "mean": 11.4360284805,
        "median": 7.89924144745,
        "min": -1.87138009071,
        "stdev": 11.8915042877,
        "var": 141.40788269
    },
    "barkbands_skewness": {
        "dmean": 0.696014523506,
        "dmean2": 1.09308552742,
        "dvar": 0.468259960413,
        "dvar2": 1.17837131023,
        "max": 8.41332530975,
        "mean": 2.41402935982,
        "median": 2.27553057671,
        "min": -1.79662966728,
        "stdev": 1.21233260632,
        "var": 1.46975040436
    },
    "barkbands_spread": {
        "dmean": 3.72325873375,
        "dmean2": 5.51061105728,
        "dvar": 39.2966156006,
        "dvar2": 75.546043396,
        "max": 90.3623809814,
        "mean": 9.91437244415,
        "median": 7.00843667984,
        "min": 0.718093633652,
        "stdev": 10.7657470703,
        "var": 115.901306152
    },
    "dissonance": {
        "dmean": 0.0280385185033,
        "dmean2": 0.0460814423859,
        "dvar": 0.00067728193244,
        "dvar2": 0.00174337846693,
        "max": 0.499999850988,
        "mean": 0.434424877167,
        "median": 0.439372420311,
        "min": 0.119808167219,
        "stdev": 0.0375930406153,
        "var": 0.001413236605
    },
    "dynamic_complexity": 2.72385787964,
    "erbbands_crest": {
        "dmean": 3.43768405914,
        "dmean2": 5.4012093544,
        "dvar": 9.60272598267,
        "dvar2": 22.677740097,
        "max": 31.1076850891,
        "mean": 13.1492233276,
        "median": 11.8495998383,
        "min": 3.32338857651,
        "stdev": 6.12248563766,
        "var": 37.4848327637
    },
    "erbbands_flatness_db": {
        "dmean": 0.0253322590142,
        "dmean2": 0.0354289077222,
        "dvar": 0.000575624115299,
        "dvar2": 0.00104636547621,
        "max": 0.36308196187,
        "mean": 0.203787341714,
        "median": 0.20457932353,
        "min": 0.0796160623431,
        "stdev": 0.0525251217186,
        "var": 0.00275888829492
    },
    "erbbands_kurtosis": {
        "dmean": 1.9281642437,
        "dmean2": 3.07288622856,
        "dvar": 7.07219362259,
        "dvar2": 16.7730560303,
        "max": 33.95885849,
        "mean": 2.29107785225,
        "median": 1.11178684235,
        "min": -1.71648550034,
        "stdev": 3.8953230381,
        "var": 15.173541069
    },
    "erbbands_skewness": {
        "dmean": 0.491717934608,
        "dmean2": 0.743539452553,
        "dvar": 0.223607093096,
        "dvar2": 0.521842479706,
        "max": 5.43926000595,
        "mean": 1.26272237301,
        "median": 1.16459035873,
        "min": -2.80269503593,
        "stdev": 0.928449809551,
        "var": 0.862019002438
    },
    "erbbands_spread": {
        "dmean": 7.48940610886,
        "dmean2": 11.2450895309,
        "dvar": 73.3995513916,
        "dvar2": 152.409927368,
        "max": 121.891242981,
        "mean": 28.7003192902,
        "median": 25.3102245331,
        "min": 4.89388370514,
        "stdev": 16.5531253815,
        "var": 274.005981445
    },
    "hfc": {
        "dmean": 3.91117334366,
        "dmean2": 5.50650072098,
        "dvar": 33.907081604,
        "dvar2": 60.0567321777,
        "max": 132.142791748,
        "mean": 12.4458580017,
        "median": 7.94154167175,
        "min": 1.18110512393e-16,
        "stdev": 13.5035362244,
        "var": 182.345489502
    },
    "loudness_ebu128": {
        "integrated": -10.45154953,
        "loudness_range": 4.37014579773,
        "momentary": {
            "dmean": 0.666366755962,
            "dmean2": 0.727394998074,
            "dvar": 0.338633954525,
            "dvar2": 0.39882004261,
            "max": -6.8813123703,
            "mean": -11.0880794525,
            "median": -11.0574407578,
            "min": -17.5108795166,
            "stdev": 2.44534420967,
            "var": 5.97970867157
        },
        "short_term": {
            "dmean": 0.109868057072,
            "dmean2": 0.0983653888106,
            "dvar": 0.00824610516429,
            "dvar2": 0.00616696057841,
            "max": -7.54066085815,
            "mean": -10.6766424179,
            "median": -10.9693527222,
            "min": -13.3055734634,
            "stdev": 1.37497878075,
            "var": 1.89056670666
        }
    },
    "melbands_crest": {
        "dmean": 3.50598835945,
        "dmean2": 5.6062374115,
        "dvar": 8.90285968781,
        "dvar2": 23.5125045776,
        "max": 30.7547588348,
        "mean": 16.1962299347,
        "median": 15.5233058929,
        "min": 2.38146829605,
        "stdev": 5.28507995605,
        "var": 27.9320716858
    },
    "melbands_flatness_db": {
        "dmean": 0.034688025713,
        "dmean2": 0.0504327341914,
        "dvar": 0.00101635605097,
        "dvar2": 0.00212969444692,
        "max": 0.533618032932,
        "mean": 0.285207122564,
        "median": 0.286482304335,
        "min": 0.00489400094375,
        "stdev": 0.0677405893803,
        "var": 0.00458878744394
    },
    "melbands_kurtosis": {
        "dmean": 8.99994182587,
        "dmean2": 14.6750898361,
        "dvar": 131.255691528,
        "dvar2": 336.410919189,
        "max": 129.773330688,
        "mean": 18.9764556885,
        "median": 14.3525695801,
        "min": -1.38545095921,
        "stdev": 16.3964691162,
        "var": 268.844177246
    },
    "melbands_skewness": {
        "dmean": 0.761175990105,
        "dmean2": 1.22937822342,
        "dvar": 0.529191553593,
        "dvar2": 1.34590923786,
        "max": 8.98407840729,
        "mean": 2.89041376114,
        "median": 2.72114801407,
        "min": -0.145843163133,
        "stdev": 1.30035173893,
        "var": 1.69091451168
    },
    "melbands_spread": {
        "dmean": 3.97229647636,
        "dmean2": 6.04416894913,
        "dvar": 73.5380096436,
        "dvar2": 164.193222046,
        "max": 202.314437866,
        "mean": 9.93381786346,
        "median": 7.35476207733,
        "min": 0.640362620354,
        "stdev": 11.8408088684,
        "var": 140.20475769
    },
    "pitch_salience": {
        "dmean": 0.0800628736615,
        "dmean2": 0.127528011799,
        "dvar": 0.00465008849278,
        "dvar2": 0.012027557008,
        "max": 0.87994325161,
        "mean": 0.512232422829,
        "median": 0.523082375526,
        "min": 0.148429140449,
        "stdev": 0.125267595053,
        "var": 0.0156919695437
    },
    "silence_rate_20dB": {
        "dmean": 0,
        "dmean2": 0,
        "dvar": 0,
        "dvar2": 0,
        "max": 1,
        "mean": 1,
        "median": 1,
        "min": 1,
        "stdev": 0,
        "var": 0
    },
    "silence_rate_30dB": {
        "dmean": 0,
        "dmean2": 0,
        "dvar": 0,
        "dvar2": 0,
        "max": 1,
        "mean": 1,
        "median": 1,
        "min": 1,
        "stdev": 0,
        "var": 0
    },
    "silence_rate_60dB": {
        "dmean": 0.0100619196892,
        "dmean2": 0.020139425993,
        "dvar": 0.00996060669422,
        "dvar2": 0.0243816263974,
        "max": 1,
        "mean": 0.0139211136848,
        "median": 0,
        "min": 0,
        "stdev": 0.117163464427,
        "var": 0.013727276586
    },
    "spectral_centroid": {
        "dmean": 160.930526733,
        "dmean2": 240.163009644,
        "dvar": 120122.875,
        "dvar2": 171534.453125,
        "max": 10891,
        "mean": 656.888793945,
        "median": 541.769714355,
        "min": 156.857040405,
        "stdev": 470.632568359,
        "var": 221495.015625
    },
    "spectral_complexity": {
        "dmean": 2.46284818649,
        "dmean2": 3.83888459206,
        "dvar": 7.73310041428,
        "dvar2": 16.2450122833,
        "max": 33,
        "mean": 11.8437738419,
        "median": 11,
        "min": 0,
        "stdev": 4.72660255432,
        "var": 22.3407726288
    },
    "spectral_decrease": {
        "dmean": 2.31587682364e-09,
        "dmean2": 3.50401707649e-09,
        "dvar": 7.72389988575e-18,
        "dvar2": 1.98208968749e-17,
        "max": -2.50021817968e-29,
        "mean": -6.69457644875e-09,
        "median": -5.4026960683e-09,
        "min": -3.40789512165e-08,
        "stdev": 4.94952923091e-09,
        "var": 2.44978405784e-17
    },
    "spectral_energy": {
        "dmean": 0.00901924353093,
        "dmean2": 0.0135916052386,
        "dvar": 0.00011412785534,
        "dvar2": 0.00029268002254,
        "max": 0.129989400506,
        "mean": 0.0263957697898,
        "median": 0.0219425167888,
        "min": 1.08073425008e-20,
        "stdev": 0.0193768907338,
        "var": 0.000375463889213
    },
    "spectral_energyband_high": {
        "dmean": 0.000153280590894,
        "dmean2": 0.000208137367736,
        "dvar": 3.74940356096e-07,
        "dvar2": 5.3487860896e-07,
        "max": 0.0165699701756,
        "mean": 0.000267685187282,
        "median": 3.74599439965e-05,
        "min": 7.93243185322e-21,
        "stdev": 0.00122386985458,
        "var": 1.49785728354e-06
    },
    "spectral_energyband_low": {
        "dmean": 0.00365523225628,
        "dmean2": 0.00598866306245,
        "dvar": 8.93672695383e-05,
        "dvar2": 0.000243512768066,
        "max": 0.126000389457,
        "mean": 0.00584365427494,
        "median": 0.00249246950261,
        "min": 6.38786176454e-23,
        "stdev": 0.0112311383709,
        "var": 0.000126138475025
    },
    "spectral_energyband_middle_high": {
        "dmean": 0.000769464066252,
        "dmean2": 0.00109949428588,
        "dvar": 1.52940845055e-06,
        "dvar2": 2.87204784399e-06,
        "max": 0.0223385058343,
        "mean": 0.00215847813524,
        "median": 0.000941431673709,
        "min": 1.65379203356e-21,
        "stdev": 0.00317208725028,
        "var": 1.00621382444e-05
    },
    "spectral_energyband_middle_low": {
        "dmean": 0.00673801917583,
        "dmean2": 0.00996096804738,
        "dvar": 5.1431114116e-05,
        "dvar2": 0.00012020257418,
        "max": 0.0862516015768,
        "mean": 0.0189399402589,
        "median": 0.013917144388,
        "min": 3.91444544664e-22,
        "stdev": 0.0151560576633,
        "var": 0.00022970608552
    },
    "spectral_entropy": {
        "dmean": 0.286172658205,
        "dmean2": 0.406391173601,
        "dvar": 0.0716385617852,
        "dvar2": 0.146353572607,
        "max": 9.7873878479,
        "mean": 6.81210947037,
        "median": 6.77343988419,
        "min": 5.32877731323,
        "stdev": 0.54956138134,
        "var": 0.302017688751
    },
    "spectral_flux": {
        "dmean": 0.0242782868445,
        "dmean2": 0.0391577146947,
        "dvar": 0.000621218641754,
        "dvar2": 0.0016091549769,
        "max": 0.277692645788,
        "mean": 0.0715525150299,
        "median": 0.0641656145453,
        "min": 1.0395836969e-10,
        "stdev": 0.037771884352,
        "var": 0.00142671517096
    },
    "spectral_kurtosis": {
        "dmean": 4.19965791702,
        "dmean2": 7.07968187332,
        "dvar": 21.4052734375,
        "dvar2": 60.9358482361,
        "max": 48.125125885,
        "mean": 10.1682462692,
        "median": 8.64291763306,
        "min": -1.25321888924,
        "stdev": 6.51671075821,
        "var": 42.4675178528
    },
    "spectral_rms": {
        "dmean": 0.000850327953231,
        "dmean2": 0.00124884524848,
        "dvar": 6.61802062041e-07,
        "dvar2": 1.60952788519e-06,
        "max": 0.0112613905221,
        "mean": 0.00473779113963,
        "median": 0.00462680589408,
        "min": 3.24711394925e-12,
        "stdev": 0.00181805843022,
        "var": 3.30533657689e-06
    },
    "spectral_rolloff": {
        "dmean": 262.914245605,
        "dmean2": 440.370880127,
        "dvar": 883118.0625,
        "dvar2": 1589382.125,
        "max": 18798.4863281,
        "mean": 729.446899414,
        "median": 452.197265625,
        "min": 107.666015625,
        "stdev": 1230.66772461,
        "var": 1514543
    },
    "spectral_skewness": {
        "dmean": 0.408170729876,
        "dmean2": 0.667121589184,
        "dvar": 0.152662187815,
        "dvar2": 0.41490021348,
        "max": 5.15391111374,
        "mean": 2.29674983025,
        "median": 2.2538383007,
        "min": 0.0231184270233,
        "stdev": 0.68733382225,
        "var": 0.472427785397
    },
    "spectral_spread": {
        "dmean": 630785.4375,
        "dmean2": 869178.6875,
        "dvar": 1.4128391127e+12,
        "dvar2": 1.26835385958e+12,
        "max": 43130900,
        "mean": 3565302,
        "median": 3179231,
        "min": 1382768.875,
        "stdev": 2110912,
        "var": 4.4559499264e+12
    },
    "spectral_strongpeak": {
        "dmean": 0.435676306486,
        "dmean2": 0.698787689209,
        "dvar": 0.259101033211,
        "dvar2": 0.628531813622,
        "max": 6.60705900192,
        "mean": 1.17023038864,
        "median": 0.895321905613,
        "min": 0,
        "stdev": 1.01802957058,
        "var": 1.03638410568
    },
    "zerocrossingrate": {
        "dmean": 0.0075207403861,
        "dmean2": 0.00848951283842,
        "dvar": 0.00032172864303,
        "dvar2": 0.000322867970681,
        "max": 0.49560546875,
        "mean": 0.032667260617,
        "median": 0.0263671875,
        "min": 0.0048828125,
        "stdev": 0.0308079402894,
        "var": 0.000949129229411
    },
    "barkbands": {
        "dmean": [2.68069361482e-05, 0.00129910756368, 0.00237665371969, 0.000792105682194, 0.00355294765905, 0.00257494300604, 0.000934170326218, 0.000738760980312, 0.000766164506786, 0.000339970021741, 0.000168384009157, 0.000126197817735, 9.57821466727e-05, 0.0001076096014, 9.95510272332e-05, 0.000100644610939, 9.39222809393e-05, 7.64944052207e-05, 3.40044971381e-05, 4.71214698337e-05, 3.03682463709e-05, 1.614017674e-05, 2.56966977759e-05, 4.16962066083e-05, 2.54905808106e-05, 1.1146070392e-05, 3.7090003957e-07],
        "dmean2": [4.57386049675e-05, 0.00220471457578, 0.00395121052861, 0.00130926002748, 0.00548571813852, 0.00382545473985, 0.00139290234074, 0.00108574330807, 0.00109964236617, 0.000503103947267, 0.000240367429797, 0.00020363611111, 0.000154081440996, 0.000155465706484, 0.000153137763846, 0.000158181719598, 0.00014337261382, 0.000117636976938, 5.39391112397e-05, 7.06782884663e-05, 4.50411353086e-05, 2.30333207583e-05, 3.36870107276e-05, 6.00800922257e-05, 3.59582918463e-05, 1.61773059517e-05, 6.44572992314e-07],
        "dvar": [3.33402461195e-09, 1.20320701171e-05, 4.45623154519e-05, 1.70286762113e-06, 2.92060740321e-05, 1.90940027096e-05, 5.41338704352e-06, 3.49889342033e-06, 5.55060705665e-06, 5.00573662521e-07, 2.21109189624e-07, 9.84682841931e-08, 6.3020287655e-08, 9.73420313244e-08, 4.21918997517e-08, 5.68353648589e-08, 3.22029691802e-08, 2.99769915557e-08, 4.00655242316e-09, 1.88212911922e-08, 1.09752775757e-08, 5.32352428806e-09, 1.61174309454e-08, 6.55467573552e-08, 1.4941429427e-08, 1.47539869211e-09, 1.97769318283e-12],
        "dvar2": [8.60405702241e-09, 3.40070764651e-05, 0.000119583433843, 4.45542991656e-06, 6.4005398599e-05, 4.49678518635e-05, 1.19246769827e-05, 6.85546456225e-06, 1.10222135845e-05, 9.54345523496e-07, 3.45584851402e-07, 2.34507751884e-07, 1.55190420514e-07, 1.99422473202e-07, 9.74760681061e-08, 1.28893987039e-07, 6.68525146352e-08, 6.66693154017e-08, 1.00490975541e-08, 4.18319956452e-08, 2.32485568574e-08, 1.02351753739e-08, 2.01939442945e-08, 1.38283326123e-07, 2.44904079238e-08, 2.6242465978e-09, 5.43167767708e-12],
        "max": [0.000632897310425, 0.0538852140307, 0.0864473134279, 0.0204022601247, 0.0652376711369, 0.0702727511525, 0.0464046709239, 0.0338503718376, 0.0596362277865, 0.0148420939222, 0.0110432012007, 0.00418329052627, 0.00679156603292, 0.00773833971471, 0.00496489321813, 0.00508103286847, 0.00434783380479, 0.00211249967106, 0.00069287896622, 0.00294183753431, 0.00262880884111, 0.00241878908128, 0.00376433203928, 0.00728791113943, 0.00333430944011, 0.000780601636507, 2.04555235541e-05],
        "mean": [3.75296076527e-05, 0.00201354012825, 0.00314254430123, 0.00106983724982, 0.00739854341373, 0.00550511060283, 0.00151372456457, 0.00123110227287, 0.00191127951257, 0.00064665247919, 0.000417094299337, 0.00016510867863, 0.000200717535336, 0.000172444953932, 0.000158635535627, 0.000168535189005, 0.000161310032126, 0.000124628699268, 5.44081049156e-05, 7.49689497752e-05, 4.03664344049e-05, 2.253949242e-05, 4.30395812145e-05, 6.93404945196e-05, 3.86554347642e-05, 1.38185305332e-05, 3.25187471617e-07],
        "median": [1.96615656023e-05, 0.000931585673243, 0.000824195565656, 0.000493608065881, 0.00342217832804, 0.00142525997944, 0.000568623829167, 0.000288850773359, 0.000250450655585, 0.000212404876947, 7.44932767702e-05, 4.10857719544e-05, 5.41884401173e-05, 5.21935180586e-05, 6.56661650282e-05, 4.97615692439e-05, 6.85096310917e-05, 3.22273444908e-05, 2.82393248199e-05, 2.30020414165e-05, 6.6005836743e-06, 2.52937547884e-06, 3.70864722754e-06, 2.81521170109e-06, 3.16621344609e-06, 9.49234845393e-07, 1.30183650526e-08],
        "min": [2.30915383898e-24, 1.21733133698e-23, 4.4333616842e-23, 1.2110966537e-23, 6.95879258718e-23, 7.30435468443e-23, 1.12662261963e-22, 3.54829792941e-23, 6.75935719074e-23, 4.68936566506e-23, 5.83548305714e-23, 1.17216740933e-22, 7.21587730748e-23, 7.82885378527e-23, 9.06946945628e-23, 1.84002967346e-22, 2.25495927623e-22, 2.66955730498e-22, 3.66442904627e-22, 3.46285678341e-22, 4.77307901634e-22, 5.99737549024e-22, 5.24239647645e-22, 8.45186432134e-22, 9.61130658385e-22, 1.89764158639e-21, 2.59260234595e-21],
        "stdev": [5.9455367591e-05, 0.00410927645862, 0.00738605996594, 0.00160380953457, 0.0100196544081, 0.00865713134408, 0.00300535117276, 0.00302500277758, 0.00667728111148, 0.00142523599789, 0.00126859999727, 0.000397058436647, 0.000645444553811, 0.000475386535982, 0.000287737086182, 0.000395328155719, 0.000320961873513, 0.000249865552178, 7.52162668505e-05, 0.000210001162486, 0.000161984557053, 0.0001151895558, 0.000251444143942, 0.000453739194199, 0.000189798316569, 5.54814869247e-05, 1.30592013647e-06],
        "var": [3.53494078453e-09, 1.68861515704e-05, 5.45538787264e-05, 2.57220517597e-06, 0.00010039346671, 7.49459286453e-05, 9.03213549464e-06, 9.15064174478e-06, 4.45860823675e-05, 2.031297754e-06, 1.60934609994e-06, 1.57655406952e-07, 4.16598652464e-07, 2.25992351943e-07, 8.27926243119e-08, 1.56284357899e-07, 1.03016517983e-07, 6.24327967103e-08, 5.65748692338e-09, 4.41004885943e-08, 2.62389967531e-08, 1.32686333032e-08, 6.32241636822e-08, 2.05879260307e-07, 3.60234011509e-08, 3.07819547629e-09, 1.70542746591e-12]
    },
    "erbbands": {
        "dmean": [0.0140402661636, 0.393939912319, 2.47044944763, 2.58051204681, 2.95829033852, 16.1166305542, 22.7244033813, 22.9385299683, 11.3196229935, 19.0866527557, 11.4868326187, 19.7869701385, 13.2423791885, 7.39636516571, 7.56953525543, 4.13448047638, 4.80045986176, 4.54040718079, 5.22943973541, 5.26927900314, 4.95854473114, 4.61202669144, 3.70702981949, 2.70418310165, 1.59349787235, 2.37165093422, 1.63738036156, 0.837915182114, 0.582438349724, 0.665973603725, 0.736099839211, 0.680712878704, 0.860173940659, 0.351205378771, 0.155407652259, 0.0620144344866, 0.01636951603, 0.00268427445553, 6.32713999948e-05, 1.13174419312e-05],
        "dmean2": [0.0227934271097, 0.674168169498, 4.14476251602, 4.20247888565, 4.80211591721, 24.9181785583, 33.4366340637, 34.0988731384, 16.86369133, 28.9123897552, 16.4299240112, 27.3318519592, 19.7726078033, 9.44394207001, 10.9550666809, 6.37843513489, 7.69880628586, 6.88553094864, 7.61511421204, 8.22994232178, 7.45558214188, 6.8879776001, 5.63139438629, 4.20332574844, 2.48429727554, 3.63309121132, 2.36709427834, 1.25436162949, 0.829489886761, 0.927934527397, 1.00022637844, 0.923154771328, 1.23677122593, 0.490545094013, 0.229965299368, 0.0901354551315, 0.0239109341055, 0.00422635488212, 0.000100324752566, 1.67880589288e-05],
        "dvar": [0.000859563762788, 1.16596245766, 49.3455734253, 25.2802505493, 27.7220973969, 650.113769531, 1181.8190918, 2127.40185547, 585.730957031, 3176.1574707, 776.750061035, 4867.52929688, 619.391540527, 562.66015625, 347.558349609, 92.0521316528, 177.314743042, 100.86945343, 207.706680298, 109.89339447, 121.464271545, 72.6672363281, 68.2173156738, 29.4421386719, 10.668510437, 50.8897247314, 40.8696861267, 5.62988519669, 5.17548656464, 12.5432758331, 15.7776355743, 18.4765071869, 27.2716751099, 2.7135310173, 0.579550683498, 0.0682513341308, 0.00272486894391, 6.54049290461e-05, 3.63964645089e-08, 1.83615372906e-10],
        "dvar2": [0.00227839266881, 3.31749033928, 137.625793457, 61.9373435974, 59.8618125916, 1466.75610352, 2698.04492188, 4844.50390625, 1252.65649414, 7661.54003906, 1547.94958496, 9747.66210938, 1352.93371582, 691.625366211, 614.737243652, 223.688232422, 434.467285156, 235.044998169, 348.518707275, 239.129882812, 259.381134033, 156.913024902, 147.916748047, 66.9989700317, 24.8368701935, 121.833229065, 81.3809432983, 11.375670433, 10.8592996597, 23.1279659271, 23.4794692993, 29.9146614075, 65.542350769, 5.06605625153, 1.00360918045, 0.113305956125, 0.00522571802139, 0.000168316619238, 9.47633012061e-08, 4.44653758258e-10],
        "max": [0.540230214596, 15.504652977, 90.0472640991, 82.2872543335, 125.922210693, 337.964935303, 441.145935059, 664.96862793, 376.145172119, 977.079345703, 521.099487305, 1860.69189453, 527.357299805, 764.235900879, 403.304412842, 192.555175781, 371.696594238, 180.059555054, 482.032012939, 173.819244385, 209.670547485, 157.500015259, 137.614227295, 71.7396316528, 61.3230895996, 145.331878662, 162.956680298, 62.1580581665, 53.5171279907, 129.964645386, 135.603927612, 135.429611206, 129.429199219, 45.5883789062, 15.8392047882, 5.92879676819, 1.0067820549, 0.10491707921, 0.00277111795731, 0.000186385339475],
        "mean": [0.0293360222131, 0.584081172943, 3.2018237114, 4.0065946579, 5.73803091049, 31.1233348846, 48.0631332397, 47.1277542114, 21.4795227051, 31.1826629639, 22.4359207153, 51.2263679504, 25.5197944641, 16.2073020935, 16.8876457214, 7.11504411697, 10.2858657837, 7.62676429749, 9.16739654541, 9.74572849274, 8.20531463623, 8.37000465393, 6.86761140823, 4.56361246109, 2.51456618309, 3.72675895691, 2.35813236237, 1.17432117462, 0.792673170567, 0.971126079559, 1.24085438251, 1.19951450825, 1.30156087875, 0.525905132294, 0.224463254213, 0.0809889361262, 0.0200049448758, 0.00276322569698, 7.62824929552e-05, 3.27386296703e-05],
        "median": [0.0195137783885, 0.24723264575, 0.890311479568, 1.73227250576, 3.50646233559, 12.8028583527, 21.3720111847, 12.3441848755, 9.53304576874, 10.1370706558, 5.6822552681, 6.49690198898, 8.7604341507, 3.83523869514, 3.75981378555, 2.04756522179, 2.92625188828, 2.78392004967, 3.33273386955, 3.67701196671, 2.72871422768, 3.60689139366, 2.16275787354, 1.73838913441, 1.28689348698, 1.16132485867, 0.435974210501, 0.215977206826, 0.104122333229, 0.111769929528, 0.0940594896674, 0.0599933452904, 0.0497912429273, 0.0387268327177, 0.0152780096978, 0.00469307461753, 0.00139821961056, 0.000268717936706, 2.06361455639e-05, 2.63816964434e-05],
        "min": [3.81208159341e-22, 3.32209870389e-21, 3.84603344985e-20, 5.51080454909e-20, 1.31530557889e-19, 2.8973735449e-19, 2.17865388824e-19, 8.80527765003e-19, 1.74521522807e-18, 8.75034148363e-19, 8.12431155051e-19, 1.99446852808e-18, 1.51430631251e-18, 1.81850280996e-18, 2.4622081452e-18, 4.7786616898e-18, 3.3736902495e-18, 4.62692574618e-18, 3.29687184717e-18, 6.17699231735e-18, 1.09640606437e-17, 1.29819826373e-17, 1.46450193327e-17, 1.81860670384e-17, 1.97098528408e-17, 1.7569120996e-17, 2.46149346115e-17, 1.47155348255e-17, 1.97202190682e-17, 1.8311882864e-17, 1.71253452148e-17, 1.35883035447e-17, 1.71147341419e-17, 1.02797275055e-17, 7.1751772187e-18, 7.45466583125e-18, 3.38240211571e-18, 1.21532415485e-18, 3.42349117526e-19, 4.22955412527e-20],
        "stdev": [0.0402703918517, 1.25578963757, 7.56973028183, 6.43722105026, 8.59212589264, 45.783493042, 67.9328536987, 87.8137588501, 35.7559394836, 74.8924713135, 51.0843391418, 191.174957275, 49.2137107849, 55.2067909241, 45.9054603577, 14.8635377884, 33.711151123, 13.6372346878, 25.2862014771, 17.5150184631, 17.4640674591, 14.3970584869, 13.6611337662, 7.41614437103, 3.88209462166, 10.2608327866, 10.2040700912, 3.89070177078, 3.46001815796, 5.61258554459, 7.60891246796, 8.03788375854, 8.44072341919, 2.54586052895, 1.1479537487, 0.380598604679, 0.075113363564, 0.0085087986663, 0.000202362876735, 2.49411696132e-05],
        "var": [0.0016217045486, 1.57700765133, 57.3008155823, 41.4378128052, 73.8246231079, 2096.12817383, 4614.87304688, 7711.25683594, 1278.48718262, 5608.88232422, 2609.60961914, 36547.8632812, 2421.98925781, 3047.78979492, 2107.3112793, 220.924758911, 1136.44177246, 185.974182129, 639.391967773, 306.775848389, 304.993682861, 207.275283813, 186.626586914, 54.9991950989, 15.0706586838, 105.284690857, 104.123039246, 15.1375598907, 11.9717254639, 31.5011138916, 57.8955497742, 64.6075820923, 71.245803833, 6.48140525818, 1.31779778004, 0.144855305552, 0.00564201781526, 7.23996490706e-05, 4.09507343591e-08, 6.22061901989e-10]
    },
    "gfcc": {
        "mean": [-50.7020568848, 135.831634521, -106.928710938, 19.9168720245, -52.5181503296, -8.42883968353, -45.5018959045, 5.3175868988, -25.3582000732, -2.19998693466, -12.6308145523, -2.87240481377, -3.71921229362],
        "cov": [[4876.23535156, -1342.46374512, 26.0592384338, 14.953587532, -511.770996094, 548.363708496, -306.98815918, 420.423522949, -157.128082275, -33.1807174683, -118.019897461, 13.550743103, -100.22542572], [-1342.46374512, 1417.55200195, -232.493026733, -60.6855964661, 443.575073242, -337.618286133, 247.912338257, -180.015701294, 145.346542358, -91.9142532349, 183.784164429, -124.545204163, 127.710090637], [26.0592384338, -232.493026733, 505.86026001, 157.843780518, -37.6529502869, 144.705841064, -19.0261154175, 27.4492874146, -17.5653514862, 45.3601379395, -92.6414260864, 33.4345741272, -53.667098999], [14.953587532, -60.6855964661, 157.843780518, 363.634368896, 89.3008346558, -14.7653436661, 37.832824707, -43.4119567871, 20.3337745667, 59.041431427, -52.472984314, 34.9142684937, -13.6203117371], [-511.770996094, 443.575073242, -37.6529502869, 89.3008346558, 320.838592529, -127.931716919, 102.457801819, -68.531829834, 50.7954483032, 10.5078525543, 29.5455169678, -3.88424706459, 15.1248922348], [548.363708496, -337.618286133, 144.705841064, -14.7653436661, -127.931716919, 336.413879395, -18.4128704071, 129.192764282, -14.3104639053, -20.9573554993, -57.6979179382, -18.2607021332, -39.4749679565], [-306.98815918, 247.912338257, -19.0261154175, 37.832824707, 102.457801819, -18.4128704071, 175.59513855, -45.4196395874, 19.5314311981, 23.1045913696, 11.3812055588, -4.13177537918, -13.2821922302], [420.423522949, -180.015701294, 27.4492874146, -43.4119567871, -68.531829834, 129.192764282, -45.4196395874, 171.50743103, 22.9810352325, -32.5593338013, -2.70568346977, -27.4855442047, -3.98525738716], [-157.128082275, 145.346542358, -17.5653514862, 20.3337745667, 50.7954483032, -14.3104639053, 19.5314311981, 22.9810352325, 107.492828369, -3.53138518333, 10.7199287415, -19.143245697, 9.92932987213], [-33.1807174683, -91.9142532349, 45.3601379395, 59.041431427, 10.5078525543, -20.9573554993, 23.1045913696, -32.5593338013, -3.53138518333, 120.05103302, -17.4633979797, 41.6258163452, -44.8948974609], [-118.019897461, 183.784164429, -92.6414260864, -52.472984314, 29.5455169678, -57.6979179382, 11.3812055588, -2.70568346977, 10.7199287415, -17.4633979797, 145.31652832, -19.7574920654, 45.4126815796], [13.550743103, -124.545204163, 33.4345741272, 34.9142684937, -3.88424706459, -18.2607021332, -4.13177537918, -27.4855442047, -19.143245697, 41.6258163452, -19.7574920654, 106.918540955, -16.0570831299], [-100.22542572, 127.710090637, -53.667098999, -13.6203117371, 15.1248922348, -39.4749679565, -13.2821922302, -3.98525738716, 9.92932987213, -44.8948974609, 45.4126815796, -16.0570831299, 97.7751693726]],
        "icov": [[0.000373397604562, -4.43154822278e-05, 0.000319880316965, -0.000364374485798, 0.000259906140855, -0.00035027024569, 0.00040997681208, -0.000731837993953, 0.000585304980632, -6.16860343143e-05, 3.777519305e-05, -0.000124217636767, 0.000283992063487], [-4.43154822278e-05, 0.00447735702619, -0.000808141601738, 0.00185614067595, -0.00344238104299, 0.00191460328642, -0.00378998043016, 0.00302613666281, -0.00360208749771, 0.00265648285858, -0.002041074913, 0.00333181908354, -0.00208386802115], [0.000319880316965, -0.000808141601738, 0.00333889550529, -0.00176365254447, 0.000724753481336, -0.00184387003537, 0.0015214147279, -0.00101202190854, 0.00138452101965, -0.000956463278271, 0.00108367553912, -0.000963654252701, 0.00103796867188], [-0.000364374485798, 0.00185614067595, -0.00176365254447, 0.00507349940017, -0.00260792463087, 0.00112627935596, -0.00210540299304, 0.00239552534185, -0.00267833517864, -0.000256662751781, 0.000242583875661, 0.00107424124144, -0.00217155436985], [0.000259906140855, -0.00344238104299, 0.000724753481336, -0.00260792463087, 0.00791002158076, -6.36472177575e-05, 0.000716931419447, -0.00240880227648, 0.0015153089771, -0.00128646427765, 0.00116930773947, -0.00246614753269, 0.001854463364], [-0.00035027024569, 0.00191460328642, -0.00184387003537, 0.00112627935596, -6.36472177575e-05, 0.00706820655614, -0.003622145392, -0.00196632207371, -0.00115066801663, 0.00218532700092, 0.000239636545302, 0.00201781326905, -8.33383965073e-05], [0.00040997681208, -0.00378998043016, 0.0015214147279, -0.00210540299304, 0.000716931419447, -0.003622145392, 0.0116135338321, -0.000923741201404, 0.00274223368615, -0.00329728517681, 0.000893005344551, -0.00219935365021, 0.00331063591875], [-0.000731837993953, 0.00302613666281, -0.00101202190854, 0.00239552534185, -0.00240880227648, -0.00196632207371, -0.000923741201404, 0.013749577105, -0.00664152437821, 0.00296927290037, -0.00250957463868, 0.00324221467599, -0.00117498810869], [0.000585304980632, -0.00360208749771, 0.00138452101965, -0.00267833517864, 0.0015153089771, -0.00115066801663, 0.00274223368615, -0.00664152437821, 0.0152131197974, -0.00289517175406, 0.00184490764514, -0.00120433024131, 0.00116560561582], [-6.16860343143e-05, 0.00265648285858, -0.000956463278271, -0.000256662751781, -0.00128646427765, 0.00218532700092, -0.00329728517681, 0.00296927290037, -0.00289517175406, 0.0145269297063, -0.00230273138732, -0.00148358312435, 0.00445078453049], [3.777519305e-05, -0.002041074913, 0.00108367553912, 0.000242583875661, 0.00116930773947, 0.000239636545302, 0.000893005344551, -0.00250957463868, 0.00184490764514, -0.00230273138732, 0.0104296086356, -0.000612257048488, -0.00292118825018], [-0.000124217636767, 0.00333181908354, -0.000963654252701, 0.00107424124144, -0.00246614753269, 0.00201781326905, -0.00219935365021, 0.00324221467599, -0.00120433024131, -0.00148358312435, -0.000612257048488, 0.0141862649471, -0.00177378801163], [0.000283992063487, -0.00208386802115, 0.00103796867188, -0.00217155436985, 0.001854463364, -8.33383965073e-05, 0.00331063591875, -0.00117498810869, 0.00116560561582, 0.00445078453049, -0.00292118825018, -0.00177378801163, 0.0165798142552]]
    },
    "melbands": {
        "dmean": [0.000230778809055, 0.000972674519289, 0.00042569290963, 0.000602919957601, 0.000839509826619, 0.000483832991449, 0.000173176813405, 0.000201785325771, 9.83064455795e-05, 0.00012617991888, 6.42847662675e-05, 3.13138589263e-05, 2.53654779954e-05, 1.64068078448e-05, 1.15311459012e-05, 9.84658527159e-06, 8.85865210876e-06, 9.28706685954e-06, 7.04260310158e-06, 8.27526582725e-06, 5.76744650971e-06, 5.28347345607e-06, 4.01183115173e-06, 3.76432035409e-06, 2.20925039685e-06, 1.12616885417e-06, 1.47776972881e-06, 1.62772823842e-06, 1.2161997347e-06, 6.40338555513e-07, 4.36012555838e-07, 3.47631981867e-07, 3.02043645206e-07, 4.26832599487e-07, 4.65504058411e-07, 4.04226256023e-07, 4.5690651973e-07, 6.62997138079e-07, 5.25725511125e-07, 2.26162441663e-07],
        "dmean2": [0.000384264014428, 0.00162469118368, 0.00069368025288, 0.000943623424973, 0.00124550762121, 0.000717973103747, 0.000258770567598, 0.000307042297209, 0.000137903218274, 0.000170647545019, 9.67398591456e-05, 4.06159269914e-05, 3.57858880307e-05, 2.58680211118e-05, 1.73827356775e-05, 1.47720065797e-05, 1.34384945341e-05, 1.33504045152e-05, 1.06440957097e-05, 1.31591177706e-05, 8.85797999217e-06, 8.10307210486e-06, 6.13978181718e-06, 5.83740484217e-06, 3.41462714459e-06, 1.82179462627e-06, 2.33305149777e-06, 2.58317527368e-06, 1.78334835255e-06, 9.63276079347e-07, 6.61640342514e-07, 5.0235883009e-07, 4.51576795513e-07, 6.25921472874e-07, 6.80087509863e-07, 4.96879295042e-07, 6.6591991299e-07, 9.62074750532e-07, 7.67547874148e-07, 3.11156782118e-07],
        "dvar": [3.23620923837e-07, 7.28775057723e-06, 5.85897339533e-07, 9.08897050067e-07, 1.40128327075e-06, 8.45854913223e-07, 1.4347936883e-07, 3.25857826056e-07, 5.92818629741e-08, 1.81479023809e-07, 1.59184381232e-08, 1.04352162467e-08, 4.89293316974e-09, 1.46018253044e-09, 7.13798020691e-10, 8.83517980999e-10, 3.92762405932e-10, 8.96239249482e-10, 1.45676554153e-10, 3.93362037387e-10, 1.76914802252e-10, 9.64627405731e-11, 8.73827885051e-11, 8.13758713192e-11, 1.89398791789e-11, 4.73348487143e-12, 1.23763881088e-11, 3.05142057455e-11, 2.76656961229e-11, 3.53327133176e-12, 1.74667311864e-12, 1.6203085965e-12, 3.57275862541e-12, 4.37606288012e-12, 5.97571037791e-12, 5.49171732395e-12, 9.71304200265e-12, 1.87874351493e-11, 7.78753624087e-12, 1.00579473136e-12],
        "dvar2": [8.75032753811e-07, 2.04506959562e-05, 1.42161457006e-06, 2.02697833629e-06, 3.19687728734e-06, 1.96897576643e-06, 2.97928551163e-07, 7.53899144001e-07, 1.08996303538e-07, 3.56005642743e-07, 3.37330625655e-08, 1.33564324045e-08, 8.21831225295e-09, 3.44764083948e-09, 1.5621876015e-09, 1.910223979e-09, 9.02790453505e-10, 1.47796941352e-09, 3.0468752521e-10, 9.09857411635e-10, 3.82146009281e-10, 2.11301171005e-10, 1.62173621754e-10, 1.90919363652e-10, 4.34190634835e-11, 1.18159006884e-11, 2.72331306811e-11, 7.28486229673e-11, 5.82020924511e-11, 6.38447281154e-12, 3.86342260267e-12, 3.31909803461e-12, 7.7453234798e-12, 8.40005755925e-12, 1.11054871896e-11, 6.36400003876e-12, 1.84081760252e-11, 4.52144120755e-11, 1.81833315765e-11, 1.67264823953e-12],
        "max": [0.0100350957364, 0.0350019074976, 0.0120615521446, 0.0173857584596, 0.0147053673863, 0.0141860041767, 0.00649510603398, 0.00932931341231, 0.00493721989915, 0.011237969622, 0.00274014286697, 0.00299494201317, 0.00175769720227, 0.000565340684261, 0.000489060301334, 0.000757574394811, 0.000414175796323, 0.00102742179297, 0.000180667309905, 0.000429929379607, 0.000186628647498, 0.000175370689249, 0.000269016105449, 0.000115556547826, 5.76130623813e-05, 3.00214123854e-05, 8.28630581964e-05, 0.000102634359791, 0.000119524775073, 4.93591978739e-05, 3.38598474627e-05, 2.62150206254e-05, 6.77002390148e-05, 7.22186669009e-05, 7.25905556465e-05, 7.7860604506e-05, 9.21805985854e-05, 0.00010835404828, 6.317266525e-05, 2.80605090666e-05],
        "mean": [0.000409741129261, 0.00135785492603, 0.000703245576005, 0.00121702626348, 0.00179830542766, 0.00100936589297, 0.000309793656925, 0.00033385475399, 0.00019881791377, 0.000308114365907, 0.000115820090286, 6.21913131909e-05, 6.03324697295e-05, 2.29767392739e-05, 2.13431012526e-05, 1.73809821717e-05, 1.42176177178e-05, 1.50063724504e-05, 1.22717628983e-05, 1.40798165376e-05, 8.61445460032e-06, 9.05318120203e-06, 7.44708222555e-06, 5.81739823247e-06, 3.49897777596e-06, 1.69886584445e-06, 2.1629271032e-06, 2.50003040492e-06, 1.69563338659e-06, 8.98509597391e-07, 5.78225922254e-07, 4.59830090449e-07, 4.02621765261e-07, 6.07798483543e-07, 7.19816398487e-07, 6.95228550285e-07, 7.64347873883e-07, 1.00012755411e-06, 7.18719093129e-07, 3.37335308132e-07],
        "median": [0.000224269460887, 0.000466873985715, 0.000354510528268, 0.000557159946766, 0.000935395830311, 0.000260589178652, 0.000130052518216, 9.5603747468e-05, 4.32252745668e-05, 3.73098846467e-05, 3.90245731978e-05, 1.33068742798e-05, 1.19092646855e-05, 6.57731516185e-06, 6.27541749054e-06, 4.38495180788e-06, 5.18379692949e-06, 4.46346712124e-06, 4.83023359266e-06, 4.3178370106e-06, 2.64729646915e-06, 3.87678437619e-06, 2.16468515646e-06, 1.57344561558e-06, 1.29267584725e-06, 9.29241366521e-07, 8.32619093671e-07, 6.70691065352e-07, 2.38246727235e-07, 1.69592340171e-07, 9.58263157713e-08, 5.57195320994e-08, 3.62020600164e-08, 6.88531685e-08, 5.49366738767e-08, 3.61435823493e-08, 2.92417752235e-08, 2.56289460765e-08, 4.49448549489e-08, 2.34117205622e-08],
        "min": [3.14562092211e-24, 1.44498460354e-23, 1.1230335865e-23, 1.61739756967e-23, 9.14055734121e-24, 1.81272931168e-23, 2.5966356971e-23, 8.8752326532e-24, 7.73229941928e-24, 1.15065697104e-23, 6.83831569869e-24, 6.89588913414e-24, 8.01748604716e-24, 1.16366031755e-23, 1.14019091676e-23, 7.5617208703e-24, 8.09364031236e-24, 3.94899824849e-24, 9.08421768422e-24, 7.99266453877e-24, 1.33864015817e-23, 1.18826402143e-23, 1.49252151946e-23, 1.26133407716e-23, 1.52024508934e-23, 1.33186510518e-23, 1.19330318601e-23, 1.13760211192e-23, 1.67109880248e-23, 8.44487984155e-24, 8.38072336185e-24, 1.14974843994e-23, 1.20243093777e-23, 8.92948261766e-24, 1.09234815946e-23, 7.716154592e-24, 7.99890285081e-24, 1.16675856875e-23, 1.13675108878e-23, 8.02153448132e-24],
        "stdev": [0.000736458343454, 0.00299445795827, 0.000996068120003, 0.00177758396603, 0.00225933757611, 0.00176585570443, 0.00055038247956, 0.000817246851511, 0.00051993568195, 0.00115553685464, 0.000242049180088, 0.000226589530939, 0.000184668169823, 5.16445215908e-05, 5.2292842156e-05, 5.88571529079e-05, 2.72819142992e-05, 5.1438484661e-05, 2.00052054424e-05, 3.33062962454e-05, 1.88502926903e-05, 1.50989189933e-05, 1.97414756258e-05, 1.20711292766e-05, 5.87317572354e-06, 2.38944289777e-06, 4.51823507319e-06, 7.83760242484e-06, 8.04122555564e-06, 3.13155032927e-06, 2.01884336093e-06, 1.91680555872e-06, 2.66669758275e-06, 3.24821894537e-06, 4.15565136791e-06, 4.77411185784e-06, 5.29403723704e-06, 7.06234777681e-06, 3.73680109078e-06, 1.64073333053e-06],
        "var": [5.42370855783e-07, 8.96677829587e-06, 9.92151626633e-07, 3.15980491905e-06, 5.10460586156e-06, 3.11824624077e-06, 3.02920852846e-07, 6.67892436468e-07, 2.70333089247e-07, 1.33526532409e-06, 5.85878048298e-08, 5.13428162208e-08, 3.41023316253e-08, 2.66715649566e-09, 2.73454148214e-09, 3.46416428876e-09, 7.44302897093e-10, 2.64591770716e-09, 4.00208255424e-10, 1.1093094221e-09, 3.55333540369e-10, 2.27977345335e-10, 3.89725834937e-10, 1.45712164556e-10, 3.44941922248e-11, 5.70943682957e-12, 2.04144496446e-11, 6.14280085132e-11, 6.46613040889e-11, 9.80660778277e-12, 4.07572847e-12, 3.67414388844e-12, 7.11127554412e-12, 1.0550926452e-11, 1.72694393508e-11, 2.27921431728e-11, 2.80268325908e-11, 4.98767589729e-11, 1.39636826407e-11, 2.69200590639e-12]
    },
    "melbands128": {
