{
"lowlevel": {
    "average_loudness": 0.912127137184,
    "barkbands_crest": {
        "dmean": 3.46849155426,
        "dmean2": 5.20868778229,
        "dvar": 11.260225296,
        "dvar2": 25.230266571,
        "max": 26.5619239807,
        "mean": 13.5671434402,
        "median": 12.6214399338,
        "min": 2.25225329399,
        "stdev": 6.24013614655,
        "var": 38.9393005371
    },
    "barkbands_flatness_db": {
        "dmean": 0.0423987731338,
        "dmean2": 0.058741338551,
        "dvar": 0.00230058585294,
        "dvar2": 0.00439473520964,
        "max": 0.573249161243,
        "mean": 0.191939800978,
        "median": 0.16346603632,
        "min": 0.038713965565,
        "stdev": 0.103407144547,
        "var": 0.0106930378824
    },
    "barkbands_kurtosis": {
        "dmean": 14.2537250519,
        "dmean2": 22.3674144745,
        "dvar": 1524.24902344,
        "dvar2": 3615.12207031,
        "max": 565.240966797,
        "mean": 17.2005767822,
        "median": 3.87971019745,
        "min": -1.87630224228,
        "stdev": 45.1684646606,
        "var": 2040.19006348
    },
    "barkbands_skewness": {
        "dmean": 1.13263595104,
        "dmean2": 1.67211019993,
        "dvar": 2.29819083214,
        "dvar2": 5.2034072876,
        "max": 18.3762702942,
        "mean": 2.41003131866,
        "median": 1.80404686928,
        "min": -3.20028686523,
        "stdev": 2.49256587029,
        "var": 6.21288490295
    },
    "barkbands_spread": {
        "dmean": 7.57006168365,
        "dmean2": 11.1449174881,
        "dvar": 100.393737793,
        "dvar2": 220.645111084,
        "max": 108.012130737,
        "mean": 19.5930862427,
        "median": 16.2291755676,
        "min": 0.124444939196,
        "stdev": 16.2673816681,
        "var": 264.627716064
    },
    "dissonance": {
        "dmean": 0.0382280275226,
        "dmean2": 0.0619709603488,
        "dvar": 0.00155134371016,
        "dvar2": 0.00401830486953,
        "max": 0.499787420034,
        "mean": 0.430376976728,
        "median": 0.443910956383,
        "min": 0.189805448055,
        "stdev": 0.0550572909415,
        "var": 0.00303130527027
    },
    "dynamic_complexity": 2.31472086906,
    "erbbands_crest": {
        "dmean": 3.6178894043,
        "dmean2": 5.90271949768,
        "dvar": 11.269826889,
        "dvar2": 28.1502838135,
        "max": 29.4519920349,
        "mean": 10.5503911972,
        "median": 9.52172470093,
        "min": 2.7323474884,
        "stdev": 4.84103631973,
        "var": 23.4356327057
    },
    "erbbands_flatness_db": {
        "dmean": 0.0268985293806,
        "dmean2": 0.0394323915243,
        "dvar": 0.000987621606328,
        "dvar2": 0.00175772595685,
        "max": 0.428889542818,
        "mean": 0.170688420534,
        "median": 0.162469163537,
        "min": 0.0696508139372,
        "stdev": 0.054236471653,
        "var": 0.00294159469195
    },
    "erbbands_kurtosis": {
        "dmean": 2.13868618011,
        "dmean2": 3.48497819901,
        "dvar": 10.3505525589,
        "dvar2": 27.2505626678,
        "max": 33.7571334839,
        "mean": 2.12891459465,
        "median": 0.668942689896,
        "min": -1.73889374733,
        "stdev": 3.99538946152,
        "var": 15.963136673
    },
    "erbbands_skewness": {
        "dmean": 0.579838812351,
        "dmean2": 0.895322740078,
        "dvar": 0.404102325439,
        "dvar2": 0.92262160778,
        "max": 4.69288444519,
        "mean": 0.669439256191,
        "median": 0.555546998978,
        "min": -3.92152118683,
        "stdev": 1.0693513155,
        "var": 1.14351212978
    },
    "erbbands_spread": {
        "dmean": 12.9709177017,
        "dmean2": 19.6275100708,
        "dvar": 275.882507324,
        "dvar2": 578.636352539,
        "max": 146.468063354,
        "mean": 38.0226402283,
        "median": 33.6137771606,
        "min": 2.41248965263,
        "stdev": 23.4101104736,
        "var": 548.03326416
    },
    "hfc": {
        "dmean": 11.9110660553,
        "dmean2": 17.0939064026,
        "dvar": 257.240509033,
        "dvar2": 508.682037354,
        "max": 139.404052734,
        "mean": 27.3489952087,
        "median": 21.8841876984,
        "min": 0.00105436122976,
        "stdev": 24.0211315155,
        "var": 577.014770508
    },
    "loudness_ebu128": {
        "integrated": -7.50151014328,
        "loudness_range": 2.83491134644,
        "momentary": {
            "dmean": 0.71303653717,
            "dmean2": 1.07559466362,
            "dvar": 0.333040505648,
            "dvar2": 0.858361542225,
            "max": -5.21500444412,
            "mean": -7.76301813126,
            "median": -7.6070022583,
            "min": -14.4992351532,
            "stdev": 1.59756147861,
            "var": 2.55220270157
        },
        "short_term": {
            "dmean": 0.0922382324934,
            "dmean2": 0.134030565619,
            "dvar": 0.00494491867721,
            "dvar2": 0.00867686327547,
            "max": -6.17804813385,
            "mean": -7.72901916504,
            "median": -7.74492835999,
            "min": -9.78308391571,
            "stdev": 0.962501466274,
            "var": 0.926409065723
        }
    },
    "melbands_crest": {
        "dmean": 3.95113182068,
        "dmean2": 6.39646482468,
        "dvar": 15.8179969788,
        "dvar2": 39.7446060181,
        "max": 35.834400177,
        "mean": 17.0360546112,
        "median": 16.4835662842,
        "min": 2.09645485878,
        "stdev": 7.51640844345,
        "var": 56.4963989258
    },
    "melbands_flatness_db": {
        "dmean": 0.0527822487056,
        "dmean2": 0.0710446462035,
        "dvar": 0.00361181865446,
        "dvar2": 0.00669455900788,
        "max": 0.715226769447,
        "mean": 0.260244339705,
        "median": 0.235493853688,
        "min": 0.00899262912571,
        "stdev": 0.139076411724,
        "var": 0.0193422492594
    },
    "melbands_kurtosis": {
        "dmean": 21.1775569916,
        "dmean2": 34.1398239136,
        "dvar": 2291.93017578,
        "dvar2": 6067.57763672,
        "max": 722.434753418,
        "mean": 29.2156887054,
        "median": 11.7479829788,
        "min": -1.80323815346,
        "stdev": 53.3598594666,
        "var": 2847.2746582
    },
    "melbands_skewness": {
        "dmean": 1.27243363857,
        "dmean2": 1.92462301254,
        "dvar": 2.42963171005,
        "dvar2": 5.85573482513,
        "max": 17.0791416168,
        "mean": 3.34200501442,
        "median": 2.75214552879,
        "min": -0.598306357861,
        "stdev": 2.57150959969,
        "var": 6.61266136169
    },
    "melbands_spread": {
        "dmean": 11.039056778,
        "dmean2": 16.0983695984,
        "dvar": 426.36227417,
        "dvar2": 809.585571289,
        "max": 215.147247314,
        "mean": 23.8719978333,
        "median": 14.3690395355,
        "min": 0.274430185556,
        "stdev": 30.3217906952,
        "var": 919.410949707
    },
    "pitch_salience": {
        "dmean": 0.102605864406,
        "dmean2": 0.16124369204,
        "dvar": 0.0120398486033,
        "dvar2": 0.0303049124777,
        "max": 0.848859786987,
        "mean": 0.470855921507,
        "median": 0.496129125357,
        "min": 0.0494825541973,
        "stdev": 0.199277386069,
        "var": 0.0397114790976
    },
    "silence_rate_20dB": {
        "dmean": 0,
        "dmean2": 0,
        "dvar": 0,
        "dvar2": 0,
        "max": 1,
        "mean": 1,
        "median": 1,
        "min": 1,
        "stdev": 0,
        "var": 0
    },
    "silence_rate_30dB": {
        "dmean": 0.0510835908353,
        "dmean2": 0.102246321738,
        "dvar": 0.0484738610685,
        "dvar2": 0.0995386019349,
        "max": 1,
        "mean": 0.925754070282,
        "median": 1,
        "min": 0,
        "stdev": 0.262171000242,
        "var": 0.0687336400151
    },
    "silence_rate_60dB": {
        "dmean": 0.0402476787567,
        "dmean2": 0.0790085196495,
        "dvar": 0.0386284701526,
        "dvar2": 0.0960029363632,
        "max": 1,
        "mean": 0.0363495759666,
        "median": 0,
        "min": 0,
        "stdev": 0.187156900764,
        "var": 0.035027705133
    },
    "spectral_centroid": {
        "dmean": 350.332336426,
        "dmean2": 508.159362793,
        "dvar": 248659.046875,
        "dvar2": 443801.6875,
        "max": 5142.43798828,
        "mean": 1180.75744629,
        "median": 985.657348633,
        "min": 100.727027893,
        "stdev": 889.296447754,
        "var": 790848.1875
    },
    "spectral_complexity": {
        "dmean": 4.84984540939,
        "dmean2": 7.4298992157,
        "dvar": 45.0066719055,
        "dvar2": 83.2942428589,
        "max": 48,
        "mean": 14.191028595,
        "median": 13,
        "min": 0,
        "stdev": 8.72142028809,
        "var": 76.0631790161
    },
    "spectral_decrease": {
        "dmean": 3.30620508748e-09,
        "dmean2": 4.41390834993e-09,
        "dvar": 1.82129752238e-17,
        "dvar2": 3.46368084134e-17,
        "max": -8.11469381273e-13,
        "mean": -1.09422577665e-08,
        "median": -7.4467250144e-09,
        "min": -3.94008239368e-08,
        "stdev": 9.31836119378e-09,
        "var": 8.68318620521e-17
    },
    "spectral_energy": {
        "dmean": 0.0130937648937,
        "dmean2": 0.0175193678588,
        "dvar": 0.00026678564609,
        "dvar2": 0.000508860102855,
        "max": 0.150306835771,
        "mean": 0.0437792353332,
        "median": 0.0316216163337,
        "min": 3.15830925501e-06,
        "stdev": 0.0355069376528,
        "var": 0.00126074266154
    },
    "spectral_energyband_high": {
        "dmean": 0.00102960818913,
        "dmean2": 0.00148956978228,
        "dvar": 3.25028190673e-06,
        "dvar2": 6.2473759499e-06,
        "max": 0.0144031271338,
        "mean": 0.00174046983011,
        "median": 0.000639350211713,
        "min": 4.74115893212e-08,
        "stdev": 0.00245093577541,
        "var": 6.00708654019e-06
    },
    "spectral_energyband_low": {
        "dmean": 0.00800992175937,
        "dmean2": 0.0106363138184,
        "dvar": 0.000240319612203,
        "dvar2": 0.000451432657428,
        "max": 0.134665489197,
        "mean": 0.0259597636759,
        "median": 0.00426856195554,
        "min": 4.08426181764e-08,
        "stdev": 0.034273494035,
        "var": 0.00117467239033
    },
    "spectral_energyband_middle_high": {
        "dmean": 0.00267991400324,
        "dmean2": 0.00400191312656,
        "dvar": 1.6478352336e-05,
        "dvar2": 4.1169780161e-05,
        "max": 0.036943487823,
        "mean": 0.00524474214762,
        "median": 0.00309928972274,
        "min": 1.92909993757e-07,
        "stdev": 0.00599806243554,
        "var": 3.59767545888e-05
    },
    "spectral_energyband_middle_low": {
        "dmean": 0.00772286811844,
        "dmean2": 0.0124951237813,
        "dvar": 0.000170119223185,
        "dvar2": 0.000424298632424,
        "max": 0.108607791364,
        "mean": 0.0115814190358,
        "median": 0.00741621945053,
        "min": 1.18185300835e-06,
        "stdev": 0.0134811047465,
        "var": 0.000181740178959
    },
    "spectral_entropy": {
        "dmean": 0.371344804764,
        "dmean2": 0.532716095448,
        "dvar": 0.193064898252,
        "dvar2": 0.351155489683,
        "max": 8.68721389771,
        "mean": 7.18769931793,
        "median": 7.33972120285,
        "min": 4.28798961639,
        "stdev": 0.800519406796,
        "var": 0.640831291676
    },
    "spectral_flux": {
        "dmean": 0.0418070480227,
        "dmean2": 0.0630183815956,
        "dvar": 0.00196244497783,
        "dvar2": 0.00387442903593,
        "max": 0.332653880119,
        "mean": 0.101887881756,
        "median": 0.0841259881854,
        "min": 0.00177716324106,
        "stdev": 0.0653667524457,
        "var": 0.00427281251177
    },
    "spectral_kurtosis": {
        "dmean": 4.8391084671,
        "dmean2": 7.29910039902,
        "dvar": 129.075592041,
        "dvar2": 270.115600586,
        "max": 163.224533081,
        "mean": 8.46767425537,
        "median": 3.29594802856,
        "min": -0.632705211639,
        "stdev": 16.4145107269,
        "var": 269.436157227
    },
    "spectral_rms": {
        "dmean": 0.00104378140531,
        "dmean2": 0.00136676849797,
        "dvar": 1.3201628235e-06,
        "dvar2": 2.34827302847e-06,
        "max": 0.0121095338836,
        "mean": 0.00592904770747,
        "median": 0.00555431004614,
        "min": 5.55092519789e-05,
        "stdev": 0.00274914782494,
        "var": 7.55781320549e-06
    },
    "spectral_rolloff": {
        "dmean": 790.247741699,
        "dmean2": 1277.89831543,
        "dvar": 2706584,
        "dvar2": 5214445.5,
        "max": 12575.390625,
        "mean": 1682.48999023,
        "median": 710.595703125,
        "min": 64.599609375,
        "stdev": 2365.7175293,
        "var": 5596619
    },
    "spectral_skewness": {
        "dmean": 0.512301027775,
        "dmean2": 0.733529508114,
        "dvar": 0.640691280365,
        "dvar2": 1.22363090515,
        "max": 11.1099624634,
        "mean": 2.04100298882,
        "median": 1.63956272602,
        "min": 0.0960535556078,
        "stdev": 1.37557137012,
        "var": 1.89219665527
    },
    "spectral_spread": {
        "dmean": 1108989,
        "dmean2": 1647668.5,
        "dvar": 1.82152344371e+12,
        "dvar2": 3.3441644544e+12,
        "max": 21464096,
        "mean": 5659775.5,
        "median": 5822350.5,
        "min": 682572.3125,
        "stdev": 2110126,
        "var": 4.45263223194e+12
    },
    "spectral_strongpeak": {
        "dmean": 0.625356674194,
        "dmean2": 1.0403008461,
        "dvar": 1.08301103115,
        "dvar2": 2.93168306351,
        "max": 9.62589836121,
        "mean": 1.16418087482,
        "median": 0.741108357906,
        "min": 0,
        "stdev": 1.29401123524,
        "var": 1.67446517944
    },
    "zerocrossingrate": {
        "dmean": 0.0174953583628,
        "dmean2": 0.0187400151044,
        "dvar": 0.000606154440902,
        "dvar2": 0.000638397119474,
        "max": 0.35595703125,
        "mean": 0.0605631135404,
        "median": 0.0439453125,
        "min": 0.00244140625,
        "stdev": 0.0572593957186,
        "var": 0.00327863823622
    },
    "barkbands": {
        "dmean": [0.000223987153731, 0.0072380094789, 0.00417117308825, 0.00132519507315, 0.00399160804227, 0.00125457695685, 0.00116002303548, 0.000632443814538, 0.001277662348, 0.000428696890594, 0.000516358821187, 0.000651716662105, 0.000604633416515, 0.000538411317393, 0.000297663442325, 0.000282562163193, 0.000259038526565, 0.000190391874639, 8.01439600764e-05, 0.000165135250427, 0.000171394698555, 0.000230351855862, 0.000240736451815, 0.00019817618886, 0.000195407512365, 6.42608720227e-05, 2.7903749924e-06],
        "dmean2": [0.000302335829474, 0.00894249044359, 0.00679661752656, 0.00240614195354, 0.00685415416956, 0.00207976787351, 0.00181814015377, 0.000983567442745, 0.00188604474533, 0.000662021047901, 0.00083060527686, 0.00102655426599, 0.000873468234204, 0.000843777379487, 0.00046124617802, 0.000429724139394, 0.000372846756363, 0.000283868779661, 0.000127811828861, 0.000260309112491, 0.000259769207332, 0.00032818998443, 0.000353208975866, 0.000291579111945, 0.000290125200991, 9.78357711574e-05, 4.66605206384e-06],
        "dvar": [2.85112804477e-07, 0.000213420731598, 0.000160003750352, 1.3648780623e-05, 0.000115460185043, 4.68962252853e-06, 6.18369995209e-06, 2.28809062719e-06, 6.2991393861e-06, 1.05551623619e-06, 1.21421555832e-06, 1.83426050171e-06, 1.79338144335e-06, 1.59780745435e-06, 6.6019993028e-07, 4.77781952668e-07, 3.10844939122e-07, 2.51180011901e-07, 2.51343230673e-08, 1.0342930068e-07, 8.03996229592e-08, 1.37055096161e-07, 2.50784722766e-07, 1.29543067828e-07, 1.46028227732e-07, 1.96339922098e-08, 8.66568136693e-11],
        "dvar2": [4.88496652906e-07, 0.000332787632942, 0.000425825564889, 3.85826679121e-05, 0.000301778665744, 1.15975153676e-05, 1.4445125089e-05, 5.31258001502e-06, 1.29840000227e-05, 1.99912983589e-06, 3.1639892768e-06, 4.07460356655e-06, 3.36938114742e-06, 3.53019686372e-06, 1.46491424857e-06, 1.061504463e-06, 5.9999598534e-07, 4.47115951374e-07, 5.55083978782e-08, 2.47143077559e-07, 1.59373314546e-07, 2.75560523733e-07, 5.22665459357e-07, 2.48543500447e-07, 3.15335796586e-07, 4.12562677354e-08, 2.13994474918e-10],
        "max": [0.00516096642241, 0.120565660298, 0.0890789702535, 0.0283140968531, 0.101974785328, 0.0169431306422, 0.0378763712943, 0.0360917448997, 0.0258046574891, 0.0213295649737, 0.00887085311115, 0.0176045801491, 0.0182861033827, 0.0167391654104, 0.0164073128253, 0.0100105274469, 0.0120591353625, 0.0117362011224, 0.00125444598962, 0.00500324973837, 0.00294790253974, 0.00624827854335, 0.00468230713159, 0.00327754556201, 0.00327807664871, 0.00260388478637, 0.000178285612492],
        "mean": [0.000342483370332, 0.0170764718205, 0.00784810818732, 0.00126443838235, 0.0040244362317, 0.00161858007777, 0.00180072593503, 0.000837643572595, 0.00191601749975, 0.000555070291739, 0.000623735191766, 0.000802754075266, 0.000995056587271, 0.00069372280268, 0.000386873085517, 0.000400933786295, 0.000437909009634, 0.000267814146355, 7.8116885561e-05, 0.000226513235248, 0.00027370249154, 0.000412412802689, 0.000299032602925, 0.000278766849078, 0.000227517957683, 8.78271748661e-05, 2.60842557509e-06],
        "median": [2.39266446442e-05, 0.00127949705347, 0.000268728443189, 0.000301140767988, 0.00136192713398, 0.000708833802491, 0.000481121707708, 0.000208257886698, 0.000529426964931, 9.38724697335e-05, 0.000100171564554, 0.000119665819511, 0.000109990724013, 0.00010581749666, 6.15794779151e-05, 9.71088375081e-05, 7.34878558433e-05, 3.62212194887e-05, 1.61046882567e-05, 5.98962287768e-05, 7.68540121499e-05, 0.000115738708701, 6.8994348112e-05, 6.95408671163e-05, 6.73370304867e-05, 2.73342993751e-05, 2.94344459917e-07],
        "min": [9.11778030854e-09, 9.31435706342e-10, 4.03880084932e-09, 3.09620347139e-08, 1.42453330909e-07, 1.22488586385e-07, 3.63971963679e-08, 7.73730306491e-08, 7.00712448065e-08, 4.23917967396e-08, 2.14086632866e-08, 1.8049775008e-08, 8.65276774675e-08, 5.37525446376e-09, 3.0176019461e-09, 8.74918626437e-09, 7.20733916992e-09, 4.15474987747e-09, 2.96106206221e-09, 6.25100726737e-09, 2.54059724369e-08, 4.36896119282e-09, 3.2609070999e-09, 2.14580109237e-09, 1.98652960748e-09, 1.37342248685e-09, 1.64674339703e-12],
        "stdev": [0.00087093282491, 0.0265522263944, 0.0181353874505, 0.00306399073452, 0.0101098939776, 0.00234028836712, 0.00331527274102, 0.00183419603854, 0.00343256350607, 0.00167711358517, 0.00125140906312, 0.00170460052323, 0.00232025398873, 0.00158991233911, 0.00102417403832, 0.000890731054824, 0.000982896890491, 0.000856478465721, 0.000163995078765, 0.0004229748738, 0.000438935298007, 0.000665240339004, 0.000573233061004, 0.000477156980196, 0.000428057275712, 0.000174252301804, 9.15857071959e-06],
        "var": [7.58523981403e-07, 0.00070502073504, 0.000328892288962, 9.38803987083e-06, 0.00010220996046, 5.47694980924e-06, 1.09910333776e-05, 3.36427524417e-06, 1.17824929475e-05, 2.81271013591e-06, 1.56602470724e-06, 2.90566299554e-06, 5.38357880941e-06, 2.52782137977e-06, 1.04893251773e-06, 7.93401852661e-07, 9.66086304288e-07, 7.33555339139e-07, 2.6894383609e-08, 1.78907740178e-07, 1.92664188603e-07, 4.42544745738e-07, 3.28596115651e-07, 2.27678796705e-07, 1.83233041184e-07, 3.03638643118e-08, 8.38794242397e-11]
    },
    "erbbands": {
        "dmean": [0.211539790034, 1.77537417412, 4.50006151199, 4.36091899872, 7.56505727768, 18.8832702637, 7.94251060486, 11.3533010483, 13.9039716721, 15.975438118, 16.4128303528, 29.747297287, 17.4882831573, 17.0262527466, 20.0904273987, 26.9978103638, 26.1551303864, 23.4399452209, 19.1698112488, 12.7791032791, 15.0956935883, 15.4391946793, 11.2413568497, 4.64485311508, 3.80667948723, 8.23670578003, 7.60049200058, 6.49654626846, 7.74779272079, 8.83108139038, 6.39423036575, 3.48997092247, 4.01449871063, 2.36338925362, 1.26857721806, 0.421749055386, 0.108359284699, 0.0116764362901, 0.000312496063998, 2.37424192164e-05],
        "dmean2": [0.242329195142, 2.25871539116, 6.8130273819, 7.56541156769, 12.4949550629, 33.3633537292, 13.5372257233, 18.5702877045, 22.1781463623, 25.2410507202, 24.5875034332, 44.3648643494, 25.4022464752, 27.152677536, 32.5561447144, 42.0384254456, 37.8175315857, 35.8396377563, 28.8654594421, 19.0335693359, 22.2738685608, 22.1464328766, 16.2346630096, 7.2340593338, 5.99350118637, 12.7589445114, 11.6190643311, 9.69490909576, 11.1334838867, 12.9524936676, 9.37669181824, 5.13894414902, 5.86694049835, 3.49072861671, 1.93396937847, 0.640176653862, 0.167330741882, 0.0186027679592, 0.000495611981023, 3.28918213199e-05],
        "dvar": [0.236293211579, 12.3233146667, 147.92326355, 182.322311401, 262.67288208, 3213.1105957, 198.917175293, 336.741424561, 589.052856445, 1477.11376953, 1509.98266602, 4518.00292969, 1319.19799805, 1169.95129395, 2309.43603516, 3224.59912109, 3301.53833008, 2785.75317383, 2255.01074219, 707.394470215, 1392.13110352, 1094.1541748, 1009.91796875, 89.4968643188, 46.1379852295, 262.379577637, 163.485458374, 117.397613525, 182.489776611, 203.522003174, 187.948257446, 50.9739608765, 49.3398628235, 17.5505409241, 8.78624248505, 0.762785494328, 0.0653603225946, 0.000756947731134, 5.64046104046e-07, 8.45115366577e-10],
        "dvar2": [0.325439810753, 22.6052093506, 381.009185791, 499.19329834, 646.193786621, 8908.47265625, 540.532836914, 790.963806152, 1433.09277344, 3505.78198242, 3510.57250977, 9614.10253906, 2330.93676758, 2937.94018555, 6130.08837891, 7074.65917969, 6492.13964844, 5788.35791016, 4846.57470703, 1499.22192383, 2944.41552734, 2080.9387207, 1714.37915039, 205.651245117, 96.8692016602, 607.511108398, 351.866241455, 217.339096069, 382.4737854, 400.095397949, 385.542633057, 102.481697083, 99.0715866089, 37.0248794556, 19.8599376678, 1.5463501215, 0.149580553174, 0.00172211253084, 1.28506667352e-06, 1.73708836204e-09],
        "max": [4.26535606384, 29.2064609528, 89.4022445679, 108.393959045, 140.042098999, 501.313598633, 124.418525696, 148.237243652, 310.059020996, 617.91418457, 864.058654785, 655.776916504, 705.166992188, 290.10256958, 466.275970459, 861.551513672, 863.751403809, 928.094238281, 767.596252441, 329.494781494, 703.600585938, 781.52746582, 840.210021973, 73.6855697632, 63.8494338989, 212.552947998, 141.138900757, 128.447509766, 237.0887146, 149.830032349, 107.120292664, 72.7832946777, 72.8356170654, 61.5377845764, 25.5511074066, 14.2014789581, 4.55309438705, 0.587846517563, 0.0134060448036, 0.00041648169281],
        "mean": [0.397321820259, 4.17357110977, 9.52318382263, 6.41421794891, 7.87636852264, 17.318769455, 9.52355957031, 15.4717321396, 22.4931240082, 22.3648548126, 24.6458721161, 41.1714630127, 27.8262195587, 22.8324775696, 23.040971756, 35.1092185974, 43.227684021, 35.6135063171, 27.2948818207, 20.0610942841, 24.2075576782, 26.8382072449, 17.4514694214, 5.12817001343, 4.44712495804, 11.614988327, 11.1481275558, 10.7689151764, 12.9838752747, 14.3656606674, 7.87236118317, 4.52857208252, 5.58040475845, 3.01896214485, 1.30693209171, 0.529494762421, 0.142529025674, 0.0150211732835, 0.000412202061852, 6.8126952101e-05],
        "median": [0.0173972994089, 0.359863489866, 0.917154192924, 0.90018081665, 2.59103441238, 4.41209030151, 3.7278072834, 7.07527971268, 9.388463974, 7.64406967163, 7.54400157928, 10.5763444901, 6.19215631485, 4.80646133423, 4.05869293213, 5.67515802383, 5.52243566513, 5.92697381973, 5.28606462479, 4.75201272964, 6.31685161591, 5.27073192596, 2.63418340683, 1.06093013287, 1.40454912186, 3.08690357208, 3.21427583694, 2.83490204811, 3.70495915413, 3.75972819328, 1.49938249588, 0.90187060833, 1.52035450935, 1.01645386219, 0.238209545612, 0.123843155801, 0.048668846488, 0.00492810737342, 0.000152943714056, 5.96022728132e-05],
        "min": [5.114197279e-07, 7.79037691245e-07, 6.10110419075e-06, 7.79018882895e-05, 0.000373817660147, 0.000231727433857, 0.00115162017755, 0.000954074901529, 0.000620775157586, 0.000786807620898, 0.00193878822029, 0.00151016912423, 0.00176434672903, 0.000690485525411, 0.00106887728907, 0.000979092204943, 0.00398443546146, 0.000896544195712, 0.000183897296665, 0.000343820720445, 0.000380367040634, 0.000396684830775, 0.000276299833786, 0.000158490278409, 0.000216152038774, 0.000282931287074, 0.000738276634365, 0.000822781119496, 0.000197446541279, 0.00015206412354, 7.96147505753e-05, 2.71735407296e-05, 6.38438286842e-05, 3.40554433933e-05, 8.62209344632e-06, 2.93984248856e-06, 3.27422549162e-06, 7.45621264286e-07, 5.47385887728e-08, 3.01815816783e-08],
        "stdev": [0.782030463219, 6.27630996704, 19.0194568634, 14.142583847, 16.1058483124, 49.9462585449, 14.2595663071, 21.3934650421, 33.6347122192, 45.0537986755, 47.7396430969, 82.5748901367, 58.8798103333, 43.3814430237, 49.1340408325, 72.9576644897, 98.892539978, 74.4265975952, 60.4016342163, 40.6825637817, 54.0174407959, 60.5457191467, 56.8352203369, 10.536857605, 7.72301959991, 21.5424461365, 18.7901630402, 17.4024906158, 21.72889328, 22.1208572388, 15.6710662842, 8.91647338867, 9.27247714996, 5.03114128113, 3.11519002914, 1.08978497982, 0.292917966843, 0.0329773277044, 0.000871221185662, 5.01194299432e-05],
        "var": [0.611571609974, 39.3920669556, 361.739746094, 200.012680054, 259.398376465, 2494.62890625, 203.335220337, 457.680358887, 1131.29394531, 2029.84472656, 2279.07348633, 6818.61230469, 3466.83227539, 1881.94958496, 2414.15380859, 5322.82080078, 9779.734375, 5539.31835938, 3648.35742188, 1655.07092285, 2917.88378906, 3665.78417969, 3230.2421875, 111.025375366, 59.6450309753, 464.07699585, 353.070220947, 302.84664917, 472.144775391, 489.332305908, 245.582321167, 79.5034942627, 85.9788360596, 25.3123836517, 9.70440864563, 1.18763136864, 0.0858009383082, 0.00108750420623, 7.59026363539e-07, 2.51195730883e-09]
    },
    "gfcc": {
        "mean": [-13.3975248337, 83.0806121826, -87.1682739258, 22.469121933, -64.821647644, 21.0788421631, -41.8207511902, 5.67992448807, -18.1368865967, 9.14245319366, -20.5942211151, 3.18702864647, -9.95071125031],
        "cov": [[8285.79394531, -3376.10253906, -1842.5012207, 480.900146484, -596.024108887, 724.32409668, -361.203796387, 378.094268799, -252.358718872, 434.154907227, -416.635070801, 212.802993774, -232.173446655], [-3376.10253906, 3320.33349609, 1156.24121094, -454.492828369, 751.514587402, -149.252029419, 631.997070312, -142.268920898, 351.445129395, -262.690093994, 319.514404297, -108.099601746, 212.459396362], [-1842.5012207, 1156.24121094, 1549.46508789, 242.544525146, 335.244140625, -63.819683075, 296.579040527, 112.602554321, 121.680000305, -85.7341384888, 156.816894531, -0.121177993715, 38.1463661194], [480.900146484, -454.492828369, 242.544525146, 764.719909668, 181.891998291, -41.8989181519, -32.3004226685, 206.30821228, 100.582244873, 59.4848480225, 63.2034759521, 54.73229599, 3.6573009491], [-596.024108887, 751.514587402, 335.244140625, 181.891998291, 613.259399414, 5.06170034409, 188.587234497, 97.8205337524, 215.955612183, 25.5158615112, 164.624465942, 17.124671936, 67.699508667], [724.32409668, -149.252029419, -63.819683075, -41.8989181519, 5.06170034409, 492.625671387, 247.415679932, 11.2687091827, 27.4183979034, 79.3829345703, 9.40184783936, 51.4497146606, -17.751745224], [-361.203796387, 631.997070312, 296.579040527, -32.3004226685, 188.587234497, 247.415679932, 524.252990723, 30.3745803833, 129.770019531, 1.5345146656, 96.7219848633, 48.858757019, 41.6938362122], [378.094268799, -142.268920898, 112.602554321, 206.30821228, 97.8205337524, 11.2687091827, 30.3745803833, 245.278396606, 94.8592224121, 68.5668258667, 51.2170562744, 63.2338066101, 21.6993331909], [-252.358718872, 351.445129395, 121.680000305, 100.582244873, 215.955612183, 27.4183979034, 129.770019531, 94.8592224121, 313.115386963, 72.9991378784, 71.0609359741, 11.4151105881, 56.739490509], [434.154907227, -262.690093994, -85.7341384888, 59.4848480225, 25.5158615112, 79.3829345703, 1.5345146656, 68.5668258667, 72.9991378784, 199.983825684, 7.91619253159, 13.9579143524, -7.55180454254], [-416.635070801, 319.514404297, 156.816894531, 63.2034759521, 164.624465942, 9.40184783936, 96.7219848633, 51.2170562744, 71.0609359741, 7.91619253159, 206.985107422, 45.2257766724, 33.4453048706], [212.802993774, -108.099601746, -0.121177993715, 54.73229599, 17.124671936, 51.4497146606, 48.858757019, 63.2338066101, 11.4151105881, 13.9579143524, 45.2257766724, 160.809249878, 15.620434761], [-232.173446655, 212.459396362, 38.1463661194, 3.6573009491, 67.699508667, -17.751745224, 41.6938362122, 21.6993331909, 56.739490509, -7.55180454254, 33.4453048706, 15.620434761, 104.02986145]],
        "icov": [[0.000358796387445, -1.35769487315e-05, 0.000374091003323, -0.000257253675954, 4.29578358307e-05, -0.000503940915223, 0.000119113377878, -0.000659696059301, 0.000282431923551, -0.000236421343288, 0.000531665689778, -0.000200653492357, 0.000364269653801], [-1.35769487315e-05, 0.00180550967343, -0.000821052468382, 0.00144316768274, -0.00129772594664, 0.000856684695464, -0.00116034341045, 0.000947640684899, -0.00106639275327, 0.00144183007069, -0.00101198384073, 0.000949218170717, -0.00134014093783], [0.000374091003323, -0.000821052468382, 0.00166420789901, -0.00112432707101, 0.000410059903516, -0.00057971465867, 3.54433286702e-05, -0.00138477841392, 0.000852030061651, -0.000463816395495, 0.000738143571652, -0.000328318448737, 0.00116347998846], [-0.000257253675954, 0.00144316768274, -0.00112432707101, 0.00319109670818, -0.00143735681195, 0.0010198764503, -0.000539200613275, -8.21676803753e-05, -0.00115213147365, 0.00122215540614, -0.00114439008757, 0.000630349153653, -0.000888375507202], [4.29578358307e-05, -0.00129772594664, 0.000410059903516, -0.00143735681195, 0.00376235321164, -0.000505186035298, 0.000402093224693, -0.000730476866011, -0.000407517625717, -0.00101673649624, -0.000598027661908, -0.00027538719587, 0.000485033611767], [-0.000503940915223, 0.000856684695464, -0.00057971465867, 0.0010198764503, -0.000505186035298, 0.00442781671882, -0.00267031416297, 0.00148888491094, -0.000521961832419, -0.0003085922217, -0.00091085297754, 0.000108796491986, -0.000314799166517], [0.000119113377878, -0.00116034341045, 3.54433286702e-05, -0.000539200613275, 0.000402093224693, -0.00267031416297, 0.00456750905141, -0.00066980876727, -0.00021452618239, -0.000240321605816, 0.000267278344836, -0.00114672130439, 0.000419151794631], [-0.000659696059301, 0.000947640684899, -0.00138477841392, -8.21676803753e-05, -0.000730476866011, 0.00148888491094, -0.00066980876727, 0.00837404374033, -0.00205638259649, -0.000430224608863, -0.00169941142667, -0.00111076724716, -0.00184233824257], [0.000282431923551, -0.00106639275327, 0.000852030061651, -0.00115213147365, -0.000407517625717, -0.000521961832419, -0.00021452618239, -0.00205638259649, 0.00622327905148, -0.00267272652127, 0.000957004027441, -2.80184358417e-05, -0.000664419494569], [-0.000236421343288, 0.00144183007069, -0.000463816395495, 0.00122215540614, -0.00101673649624, -0.0003085922217, -0.000240321605816, -0.000430224608863, -0.00267272652127, 0.00818117242306, -0.00129384081811, 0.00118374556769, -0.000260251516011], [0.000531665689778, -0.00101198384073, 0.000738143571652, -0.00114439008757, -0.000598027661908, -0.00091085297754, 0.000267278344836, -0.00169941142667, 0.000957004027441, -0.00129384081811, 0.00820833351463, -0.00237461389042, 0.000605717359576], [-0.000200653492357, 0.000949218170717, -0.000328318448737, 0.000630349153653, -0.00027538719587, 0.000108796491986, -0.00114672130439, -0.00111076724716, -2.80184358417e-05, 0.00118374556769, -0.00237461389042, 0.00842900946736, -0.00180010695476], [0.000364269653801, -0.00134014093783, 0.00116347998846, -0.000888375507202, 0.000485033611767, -0.000314799166517, 0.000419151794631, -0.00184233824257, -0.000664419494569, -0.000260251516011, 0.000605717359576, -0.00180010695476, 0.0130331423134]]
    },
    "melbands": {
        "dmean": [0.00198119482957, 0.00195865728892, 0.000764092255849, 0.00100025883876, 0.000370516208932, 0.000250970537309, 0.000220472895307, 0.000166979487403, 0.000138373099617, 0.000200286143809, 8.5380183009e-05, 6.77322314004e-05, 6.50507208775e-05, 7.1366870543e-05, 6.59453071421e-05, 6.15362805547e-05, 4.62113275717e-05, 3.68408800568e-05, 2.53020480159e-05, 1.73473672476e-05, 1.90147893591e-05, 1.7416297851e-05, 1.36828466566e-05, 6.34469188299e-06, 3.67099755749e-06, 3.105955102e-06, 3.11810322273e-06, 6.59940496917e-06, 4.91936452818e-06, 5.09247865921e-06, 3.97535814045e-06, 4.09900485465e-06, 5.86071473663e-06, 4.83205531054e-06, 3.81723839382e-06, 2.96733219329e-06, 2.03415402211e-06, 2.87667853627e-06, 2.82781388705e-06, 1.76697858478e-06],
        "dmean2": [0.00226797536016, 0.00270459405147, 0.0013041208731, 0.00171937281266, 0.000640052836388, 0.000411377317505, 0.000350390095264, 0.000262693763943, 0.000205520744203, 0.00029815765447, 0.000125212987768, 0.00010758843564, 0.000105591832835, 0.000113352762128, 0.000100987490441, 8.65332403919e-05, 7.20130847185e-05, 5.58084793738e-05, 3.87709587812e-05, 2.6889365472e-05, 2.78110637737e-05, 2.52327827184e-05, 2.03730851354e-05, 9.57941847446e-06, 5.87269414609e-06, 4.91190576213e-06, 4.86986755277e-06, 1.02603135019e-05, 7.62116997066e-06, 7.78935100243e-06, 5.95255869484e-06, 5.88497778153e-06, 8.57128452481e-06, 7.25283916836e-06, 5.71371674596e-06, 4.71743396702e-06, 2.99732118947e-06, 4.3045597522e-06, 4.27639452028e-06, 2.61996660811e-06],
        "dvar": [1.64939137903e-05, 1.83258907782e-05, 4.25241842095e-06, 7.90334343037e-06, 5.17052001214e-07, 1.60578181863e-07, 1.69235732983e-07, 1.30428759348e-07, 9.75607150622e-08, 2.04621244393e-07, 3.30120322189e-08, 1.83372623752e-08, 2.2304122993e-08, 2.22320508669e-08, 2.44013005357e-08, 1.98526315387e-08, 1.35556961212e-08, 8.81236861261e-09, 4.38494618393e-09, 2.07939776509e-09, 2.38548203413e-09, 1.73084369059e-09, 9.3374818988e-10, 2.92835394822e-10, 6.10903827525e-11, 3.77287576181e-11, 2.68942836751e-11, 1.99650823651e-10, 8.95278851054e-11, 8.72477576297e-11, 4.66974063584e-11, 5.93412194383e-11, 9.4230706571e-11, 7.14262260448e-11, 6.38196925862e-11, 5.16477451085e-11, 1.71505500773e-11, 2.91007114239e-11, 2.09576331983e-11, 1.13807288246e-11],
        "dvar2": [2.26460488193e-05, 4.31453627243e-05, 1.13855703603e-05, 2.06487547985e-05, 1.43406998632e-06, 3.82529833587e-07, 4.07648315104e-07, 3.08330385224e-07, 2.18847844735e-07, 4.32407716744e-07, 5.76529295415e-08, 4.42522463118e-08, 5.92790243559e-08, 5.23775689487e-08, 4.97007306421e-08, 3.62444794177e-08, 2.84699854802e-08, 1.9359255532e-08, 9.71408997685e-09, 4.91958518367e-09, 4.97883156925e-09, 3.42344974591e-09, 1.67425218134e-09, 5.20416931771e-10, 1.45745179814e-10, 8.13891801177e-11, 6.11434236575e-11, 4.77785921937e-10, 2.00289326791e-10, 1.86425097581e-10, 9.19737966343e-11, 1.31988933672e-10, 2.04921316027e-10, 1.42341249898e-10, 1.21378296303e-10, 1.24502338994e-10, 3.42219655391e-11, 5.82399753424e-11, 4.4758068779e-11, 2.40899904191e-11],
        "max": [0.0364146418869, 0.0364846326411, 0.015904860571, 0.0266817007214, 0.00563057418913, 0.00325753726065, 0.00533124664798, 0.00540381483734, 0.00584291154519, 0.00470535783097, 0.00373137346469, 0.00145399593748, 0.00139926723205, 0.00156453624368, 0.00216756085865, 0.00235997675918, 0.00211463193409, 0.0012507016072, 0.00114696763922, 0.00068543717498, 0.000909194059204, 0.000984150450677, 0.00057436717907, 0.000480644404888, 5.99964623689e-05, 5.1867991715e-05, 6.78185533616e-05, 0.000196834065719, 0.000128619096358, 0.000100199809822, 9.89680120256e-05, 0.000150675317855, 0.000128794970806, 0.000100094883237, 6.154429866e-05, 5.46328192286e-05, 6.55855619698e-05, 5.78196850256e-05, 4.86215940327e-05, 4.73563486594e-05],
        "mean": [0.00429285457358, 0.00506325718015, 0.00115221960004, 0.000968713429756, 0.000411363929743, 0.000342973042279, 0.000358262826921, 0.000228651042562, 0.000207390185096, 0.000276459904853, 0.000134042507852, 8.99970546016e-05, 7.44357748772e-05, 8.72623932082e-05, 8.87654387043e-05, 0.000103983613371, 6.26336695859e-05, 4.83969779452e-05, 3.3244054066e-05, 2.4675646273e-05, 2.81072661892e-05, 2.90675416181e-05, 2.09779445868e-05, 9.01316161617e-06, 3.63979552276e-06, 3.10140535476e-06, 3.87048930861e-06, 8.77804359334e-06, 7.00698501532e-06, 6.73417162034e-06, 6.06816138315e-06, 6.36039749224e-06, 9.88522515399e-06, 7.04419426256e-06, 4.67895870315e-06, 3.17333842759e-06, 2.64940376837e-06, 3.89858450944e-06, 3.83815722671e-06, 2.07851303458e-06],
        "median": [0.00025095732417, 0.000697221723385, 0.000213057515793, 0.000288639421342, 0.000160593452165, 0.000160563533427, 0.000144726014696, 7.45747529436e-05, 5.02218827023e-05, 6.4131221734e-05, 2.67743689619e-05, 1.69779959833e-05, 1.29834616018e-05, 1.19430605992e-05, 1.27684761537e-05, 1.14642198241e-05, 8.8744200184e-06, 7.72803468863e-06, 5.11949656357e-06, 5.95364417677e-06, 6.17433897787e-06, 4.99490124639e-06, 2.90165257866e-06, 1.32571358336e-06, 6.49301853173e-07, 6.13133408933e-07, 9.63594288805e-07, 2.01525722332e-06, 1.52734742187e-06, 1.49512038661e-06, 1.33261778501e-06, 1.59294199875e-06, 2.31319677368e-06, 1.73618627741e-06, 8.32304465348e-07, 4.13280275779e-07, 4.65692863827e-07, 8.43917121074e-07, 1.23078734759e-06, 6.1842604282e-07],
        "min": [1.67743896551e-09, 2.79974865514e-09, 2.00231333736e-08, 3.04988461153e-08, 4.45249348502e-08, 2.14648849806e-08, 8.86466455796e-09, 1.01260937413e-08, 1.60156012896e-08, 9.22871112863e-09, 8.76148753548e-09, 2.7669955216e-09, 3.36840999537e-09, 2.06583372631e-09, 6.1577813959e-09, 7.72729524812e-09, 9.40890476642e-10, 2.43267850308e-10, 2.47790260532e-10, 6.48753328836e-10, 4.2467240835e-10, 4.3698680785e-10, 2.65257760201e-10, 2.11956396878e-10, 1.16780543569e-10, 1.14491346959e-10, 2.41358544262e-10, 1.53688187177e-10, 2.30201524509e-10, 7.43776318313e-10, 2.12109524389e-10, 9.26117862954e-11, 9.48527228983e-11, 8.35921679099e-11, 5.33414423742e-11, 2.0731708017e-11, 1.3302924734e-11, 2.56532173976e-11, 5.97166344152e-11, 2.92189601507e-12],
        "stdev": [0.00715603632852, 0.00789698120207, 0.00223124329932, 0.00261675915681, 0.000686847954057, 0.000459820177639, 0.000563034904189, 0.0004305409675, 0.000411838642322, 0.000563577108551, 0.000303165870719, 0.000181657800567, 0.000153677581693, 0.000186397883226, 0.000224282586714, 0.000251465564361, 0.000155795176397, 0.000115651841043, 8.6773718067e-05, 5.75106569158e-05, 6.85114573571e-05, 6.96210554452e-05, 5.45405273442e-05, 2.94091496471e-05, 7.88595843915e-06, 6.52943845125e-06, 6.49453158985e-06, 1.82364074135e-05, 1.43412289617e-05, 1.19330061352e-05, 1.05401577457e-05, 1.20062959468e-05, 1.6323334421e-05, 1.15290122267e-05, 9.35871958063e-06, 7.32858052288e-06, 5.52747451366e-06, 7.0217861321e-06, 5.87898966842e-06, 3.87748195863e-06],
        "var": [5.12088590767e-05, 6.23623127467e-05, 4.9784462135e-06, 6.84742872181e-06, 4.71760074561e-07, 2.11434596054e-07, 3.17008300499e-07, 1.85365536254e-07, 1.69611055867e-07, 3.17619139878e-07, 9.19095484164e-08, 3.29995586412e-08, 2.36168009593e-08, 3.47441684312e-08, 5.03026775789e-08, 6.32349284047e-08, 2.42721380772e-08, 1.33753488285e-08, 7.52967821427e-09, 3.30747562671e-09, 4.69381999935e-09, 4.84709117288e-09, 2.97466917765e-09, 8.64898097586e-10, 6.21883378127e-11, 4.26335668158e-11, 4.21789408955e-11, 3.32566557626e-10, 2.05670855347e-10, 1.42396636149e-10, 1.11094931865e-10, 1.44151149351e-10, 2.66451222197e-10, 1.32918120954e-10, 8.75856331906e-11, 5.37080900587e-11, 3.05529768152e-11, 4.93054798378e-11, 3.45625195131e-11, 1.50348674482e-11]
    },
    "melbands128": {
