{
"lowlevel": {
    "average_loudness": 0.944956898689,
    "barkbands_crest": {
        "dmean": 3.05684399605,
        "dmean2": 4.66917133331,
        "dvar": 8.96664714813,
        "dvar2": 18.27318573,
        "max": 25.8527126312,
        "mean": 11.5009460449,
        "median": 10.242816925,
        "min": 2.5638897419,
        "stdev": 5.32975816727,
        "var": 28.4063224792
    },
    "barkbands_flatness_db": {
        "dmean": 0.0338482744992,
        "dmean2": 0.0487101525068,
        "dvar": 0.00140922388528,
        "dvar2": 0.00289493682794,
        "max": 0.42467430234,
        "mean": 0.167694151402,
        "median": 0.155707746744,
        "min": 0.0307762529701,
        "stdev": 0.0669931098819,
        "var": 0.00448807654902
    },
    "barkbands_kurtosis": {
        "dmean": 12.3789567947,
        "dmean2": 17.2325839996,
        "dvar": 744.723937988,
        "dvar2": 1257.12243652,
        "max": 442.424316406,
        "mean": 18.6749973297,
        "median": 7.14715003967,
        "min": -1.91606140137,
        "stdev": 38.7183227539,
        "var": 1499.10864258
    },
    "barkbands_skewness": {
        "dmean": 1.07799458504,
        "dmean2": 1.45403897762,
        "dvar": 1.70927369595,
        "dvar2": 2.98869872093,
        "max": 17.8738670349,
        "mean": 2.86583542824,
        "median": 2.42176532745,
        "min": -3.34427952766,
        "stdev": 2.39023303986,
        "var": 5.71321344376
    },
    "barkbands_spread": {
        "dmean": 9.36258411407,
        "dmean2": 14.4489555359,
        "dvar": 178.09664917,
        "dvar2": 377.914123535,
        "max": 103.045257568,
        "mean": 20.258140564,
        "median": 14.2984075546,
        "min": 0.430376380682,
        "stdev": 19.7378349304,
        "var": 389.582122803
    },
    "dissonance": {
        "dmean": 0.0283558443189,
        "dmean2": 0.0450512431562,
        "dvar": 0.000794359890278,
        "dvar2": 0.00178416527342,
        "max": 0.499986946583,
        "mean": 0.438775569201,
        "median": 0.445613324642,
        "min": 0.0325633175671,
        "stdev": 0.0404084995389,
        "var": 0.00163284677546
    },
    "dynamic_complexity": 2.41073107719,
    "erbbands_crest": {
        "dmean": 2.79755330086,
        "dmean2": 4.56210756302,
        "dvar": 7.08235263824,
        "dvar2": 16.602602005,
        "max": 26.5671634674,
        "mean": 9.21822738647,
        "median": 8.441822052,
        "min": 2.66319417953,
        "stdev": 3.92074251175,
        "var": 15.372220993
    },
    "erbbands_flatness_db": {
        "dmean": 0.0202257204801,
        "dmean2": 0.0301671158522,
        "dvar": 0.000481505179778,
        "dvar2": 0.00100520299748,
        "max": 0.337195128202,
        "mean": 0.144946321845,
        "median": 0.143852457404,
        "min": 0.0571973249316,
        "stdev": 0.0377505049109,
        "var": 0.00142510072328
    },
    "erbbands_kurtosis": {
        "dmean": 1.7871696949,
        "dmean2": 2.77723860741,
        "dvar": 7.48953151703,
        "dvar2": 16.9739074707,
        "max": 50.522983551,
        "mean": 1.94651758671,
        "median": 1.16913795471,
        "min": -1.89853942394,
        "stdev": 3.53665733337,
        "var": 12.5079450607
    },
    "erbbands_skewness": {
        "dmean": 0.540550231934,
        "dmean2": 0.805811107159,
        "dvar": 0.358356386423,
        "dvar2": 0.806350171566,
        "max": 6.40020418167,
        "mean": 0.996912837029,
        "median": 1.11853563786,
        "min": -2.71915721893,
        "stdev": 0.954386651516,
        "var": 0.910853862762
    },
    "erbbands_spread": {
        "dmean": 15.3407297134,
        "dmean2": 24.0637512207,
        "dvar": 344.734313965,
        "dvar2": 827.367614746,
        "max": 169.285491943,
        "mean": 49.6699409485,
        "median": 43.1403045654,
        "min": 3.97295427322,
        "stdev": 27.6627521515,
        "var": 765.227905273
    },
    "hfc": {
        "dmean": 11.7993106842,
        "dmean2": 19.1214828491,
        "dvar": 509.644927979,
        "dvar2": 1367.79882812,
        "max": 229.739654541,
        "mean": 20.7393798828,
        "median": 13.0269832611,
        "min": 1.25562165633e-16,
        "stdev": 24.3789806366,
        "var": 594.334716797
    },
    "loudness_ebu128": {
        "integrated": -8.85041618347,
        "loudness_range": 2.57286930084,
        "momentary": {
            "dmean": 0.877717792988,
            "dmean2": 1.20003211498,
            "dvar": 0.78501611948,
            "dvar2": 1.48092091084,
            "max": -5.51769065857,
            "mean": -9.40100669861,
            "median": -8.44478034973,
            "min": -18.0721645355,
            "stdev": 2.40830087662,
            "var": 5.79991340637
        },
        "short_term": {
            "dmean": 0.110747724771,
            "dmean2": 0.13932852447,
            "dvar": 0.0131307058036,
            "dvar2": 0.0216437857598,
            "max": -7.83201742172,
            "mean": -8.94119167328,
            "median": -8.35172843933,
            "min": -13.6688137054,
            "stdev": 1.33598291874,
            "var": 1.78485023975
        }
    },
    "melbands_crest": {
        "dmean": 3.68700861931,
        "dmean2": 5.27716732025,
        "dvar": 10.7374229431,
        "dvar2": 21.6839427948,
        "max": 37.1249313354,
        "mean": 16.2210826874,
        "median": 14.50989151,
        "min": 2.70461249352,
        "stdev": 7.20263719559,
        "var": 51.8779830933
    },
    "melbands_flatness_db": {
        "dmean": 0.0429276637733,
        "dmean2": 0.0596663579345,
        "dvar": 0.00228368095122,
        "dvar2": 0.00467275688425,
        "max": 0.539362072945,
        "mean": 0.235506892204,
        "median": 0.221717342734,
        "min": 0.00760821439326,
        "stdev": 0.0888954922557,
        "var": 0.00790240895003
    },
    "melbands_kurtosis": {
        "dmean": 24.0770454407,
        "dmean2": 35.3442459106,
        "dvar": 2390.02856445,
        "dvar2": 4632.27978516,
        "max": 565.418212891,
        "mean": 40.2978057861,
        "median": 18.8515796661,
        "min": -1.77010989189,
        "stdev": 66.6945800781,
        "var": 4448.16748047
    },
    "melbands_skewness": {
        "dmean": 1.2955442667,
        "dmean2": 1.86354148388,
        "dvar": 2.52895116806,
        "dvar2": 5.09260463715,
        "max": 18.2648010254,
        "mean": 4.05316448212,
        "median": 3.38397955894,
        "min": -0.14204852283,
        "stdev": 2.77838683128,
        "var": 7.71943283081
    },
    "melbands_spread": {
        "dmean": 11.5309734344,
        "dmean2": 17.698972702,
        "dvar": 545.903381348,
        "dvar2": 1134.43041992,
        "max": 246.172546387,
        "mean": 20.3538722992,
        "median": 11.5582180023,
        "min": 0.321001440287,
        "stdev": 31.9784297943,
        "var": 1022.61999512
    },
    "pitch_salience": {
        "dmean": 0.0879980623722,
        "dmean2": 0.136408925056,
        "dvar": 0.00799935124815,
        "dvar2": 0.0177385918796,
        "max": 0.865251660347,
        "mean": 0.540913164616,
        "median": 0.572592079639,
        "min": 0.0734119638801,
        "stdev": 0.161437943578,
        "var": 0.0260622091591
    },
    "silence_rate_20dB": {
        "dmean": 0,
        "dmean2": 0,
        "dvar": 0,
        "dvar2": 0,
        "max": 1,
        "mean": 1,
        "median": 1,
        "min": 1,
        "stdev": 0,
        "var": 0
    },
    "silence_rate_30dB": {
        "dmean": 0.0557275526226,
        "dmean2": 0.111541442573,
        "dvar": 0.052621729672,
        "dvar2": 0.103747613728,
        "max": 1,
        "mean": 0.868522822857,
        "median": 1,
        "min": 0,
        "stdev": 0.337922185659,
        "var": 0.114191398025
    },
    "silence_rate_60dB": {
        "dmean": 0.0193498451263,
        "dmean2": 0.0387296676636,
        "dvar": 0.0189751815051,
        "dvar2": 0.049622617662,
        "max": 1,
        "mean": 0.0239752512425,
        "median": 0,
        "min": 0,
        "stdev": 0.152970895171,
        "var": 0.0234000943601
    },
    "spectral_centroid": {
        "dmean": 353.638366699,
        "dmean2": 530.16998291,
        "dvar": 350319.40625,
        "dvar2": 650240.3125,
        "max": 11161.2236328,
        "mean": 936.46295166,
        "median": 689.514709473,
        "min": 169.761779785,
        "stdev": 806.13269043,
        "var": 649849.9375
    },
    "spectral_complexity": {
        "dmean": 4.05030965805,
        "dmean2": 6.83423709869,
        "dvar": 35.3310623169,
        "dvar2": 93.8346710205,
        "max": 44,
        "mean": 12.5444698334,
        "median": 12,
        "min": 0,
        "stdev": 6.00107860565,
        "var": 36.0129470825
    },
    "spectral_decrease": {
        "dmean": 5.00840613427e-09,
        "dmean2": 6.52778142651e-09,
        "dvar": 1.10399356052e-16,
        "dvar2": 1.64054532364e-16,
        "max": 5.52463055494e-29,
        "mean": -1.17660396981e-08,
        "median": -4.51615500552e-09,
        "min": -8.70951311072e-08,
        "stdev": 1.88690432168e-08,
        "var": 3.56040796727e-16
    },
    "spectral_energy": {
        "dmean": 0.0193875264376,
        "dmean2": 0.0255915652961,
        "dvar": 0.00161032867618,
        "dvar2": 0.00241721258499,
        "max": 0.331334084272,
        "mean": 0.0462889038026,
        "median": 0.0186110008508,
        "min": 1.11803565284e-20,
        "stdev": 0.0717753693461,
        "var": 0.00515170348808
    },
    "spectral_energyband_high": {
        "dmean": 0.00110875407699,
        "dmean2": 0.00184466259088,
        "dvar": 5.02060174767e-06,
        "dvar2": 1.31526539917e-05,
        "max": 0.0218308810145,
        "mean": 0.00138507084921,
        "median": 0.000423842866439,
        "min": 8.07308083013e-21,
        "stdev": 0.00246444903314,
        "var": 6.07350875725e-06
    },
    "spectral_energyband_low": {
        "dmean": 0.0151894334704,
        "dmean2": 0.0187102053314,
        "dvar": 0.00150599342305,
        "dvar2": 0.00218888069503,
        "max": 0.307050138712,
        "mean": 0.0297187305987,
        "median": 0.00249325344339,
        "min": 9.22302975118e-23,
        "stdev": 0.0686852037907,
        "var": 0.00471765734255
    },
    "spectral_energyband_middle_high": {
        "dmean": 0.0012377826497,
        "dmean2": 0.00208563287742,
        "dvar": 6.05740342507e-06,
        "dvar2": 1.7119666154e-05,
        "max": 0.0291252676398,
        "mean": 0.00208448944613,
        "median": 0.00128376844805,
        "min": 1.51850004067e-21,
        "stdev": 0.00243073306046,
        "var": 5.90846320847e-06
    },
    "spectral_energyband_middle_low": {
        "dmean": 0.00741624226794,
        "dmean2": 0.0119767012075,
        "dvar": 0.000197138899239,
        "dvar2": 0.000526530551724,
        "max": 0.113640740514,
        "mean": 0.0149208037183,
        "median": 0.0109372809529,
        "min": 2.70740344333e-22,
        "stdev": 0.0150052774698,
        "var": 0.000225158350077
    },
    "spectral_entropy": {
        "dmean": 0.299539059401,
        "dmean2": 0.450948148966,
        "dvar": 0.115486972034,
        "dvar2": 0.242465943098,
        "max": 9.80062961578,
        "mean": 7.46842241287,
        "median": 7.40106773376,
        "min": 5.20961141586,
        "stdev": 0.549078226089,
        "var": 0.301486909389
    },
    "spectral_flux": {
        "dmean": 0.0426620282233,
        "dmean2": 0.0649617016315,
        "dvar": 0.0044030235149,
        "dvar2": 0.00795023608953,
        "max": 0.507305324078,
        "mean": 0.0972506329417,
        "median": 0.069288648665,
        "min": 1.05737203715e-10,
        "stdev": 0.0912199318409,
        "var": 0.00832107663155
    },
    "spectral_kurtosis": {
        "dmean": 1.70738518238,
        "dmean2": 2.71122837067,
        "dvar": 6.36607170105,
        "dvar2": 15.7542552948,
        "max": 30.3548698425,
        "mean": 3.45991969109,
        "median": 2.85971641541,
        "min": -1.27711856365,
        "stdev": 3.38524341583,
        "var": 11.4598731995
    },
    "spectral_rms": {
        "dmean": 0.0012106874492,
        "dmean2": 0.0016079308698,
        "dvar": 3.60390254173e-06,
        "dvar2": 5.46498677068e-06,
        "max": 0.0179792307317,
        "mean": 0.00551849976182,
        "median": 0.00426111184061,
        "min": 3.30267540746e-12,
        "stdev": 0.00383484410122,
        "var": 1.47060300151e-05
    },
    "spectral_rolloff": {
        "dmean": 929.961791992,
        "dmean2": 1592.85693359,
        "dvar": 4337391.5,
        "dvar2": 8918924,
        "max": 19207.6171875,
        "mean": 1601.96716309,
        "median": 645.99609375,
        "min": 43.06640625,
        "stdev": 2701.49194336,
        "var": 7298059
    },
    "spectral_skewness": {
        "dmean": 0.333040744066,
        "dmean2": 0.504624307156,
        "dvar": 0.147215381265,
        "dvar2": 0.325338929892,
        "max": 4.51514911652,
        "mean": 1.65555894375,
        "median": 1.67820191383,
        "min": -0.0370834358037,
        "stdev": 0.605503022671,
        "var": 0.366633921862
    },
    "spectral_spread": {
        "dmean": 1039356.625,
        "dmean2": 1525645.75,
        "dvar": 2.09139387597e+12,
        "dvar2": 3.38238767104e+12,
        "max": 40681856,
        "mean": 6877555.5,
        "median": 6638216,
        "min": 1577381,
        "stdev": 2364438,
        "var": 5.59056735437e+12
    },
    "spectral_strongpeak": {
        "dmean": 0.364819735289,
        "dmean2": 0.600882411003,
        "dvar": 0.258373349905,
        "dvar2": 0.63589155674,
        "max": 7.70611476898,
        "mean": 0.778442561626,
        "median": 0.595745325089,
        "min": 0,
        "stdev": 0.631183326244,
        "var": 0.398392409086
    },
    "zerocrossingrate": {
        "dmean": 0.0196903571486,
        "dmean2": 0.0218194779009,
        "dvar": 0.00098070083186,
        "dvar2": 0.000923832121771,
        "max": 0.498046875,
        "mean": 0.0670776814222,
        "median": 0.05126953125,
        "min": 0.001953125,
        "stdev": 0.0646988600492,
        "var": 0.0041859424673
    },
    "barkbands": {
        "dmean": [0.00137216341682, 0.0126956934109, 0.00436079036444, 0.00310916383751, 0.00384779600427, 0.000977870076895, 0.00133617641404, 0.0004382347106, 0.000433758628787, 0.000239372137003, 0.000175547989784, 0.000193785686861, 0.000225537587539, 0.000211096717976, 0.000114141548693, 6.39163699816e-05, 0.000169766237377, 0.000117367395433, 7.84906660556e-05, 0.000147255996126, 0.000139070136356, 0.000266453280346, 0.000165407487657, 0.000261149660219, 0.000219889814616, 7.39032402635e-05, 2.06119821087e-05],
        "dmean2": [0.00150283111725, 0.0150948697701, 0.00796749256551, 0.00539231253788, 0.00601093284786, 0.00150102993939, 0.00205834791996, 0.000662247184664, 0.000629354151897, 0.000341830163961, 0.000260053697275, 0.000313786615152, 0.000387841340853, 0.000365781888831, 0.000206918164622, 0.000110768574814, 0.000304623885313, 0.000212829763768, 0.000139125753776, 0.000260981003521, 0.000243869420956, 0.000490239530336, 0.000282064429484, 0.000418792158598, 0.000329612958012, 0.000122164667118, 3.79465418519e-05],
        "dvar": [2.22904909606e-05, 0.00138157454785, 0.000240074805333, 6.22775114607e-05, 5.36392217327e-05, 1.80737220035e-06, 4.7194803301e-06, 1.22240430755e-06, 9.18402747629e-07, 1.87323848877e-07, 1.5138340359e-07, 1.32213784809e-07, 1.93301218587e-07, 1.94406666765e-07, 9.04198316221e-08, 2.25101608464e-08, 1.60488326628e-07, 1.32044732482e-07, 4.57005349119e-08, 1.55097055199e-07, 9.62301740515e-08, 5.28260159172e-07, 1.13139755342e-07, 2.85022451862e-07, 2.03235813956e-07, 3.46388837613e-08, 2.40802933149e-08],
        "dvar2": [3.31915180141e-05, 0.00208951509558, 0.000678286887705, 0.000169080216438, 0.000135992930154, 3.8774865061e-06, 9.79916694632e-06, 2.29227930504e-06, 1.74650347162e-06, 3.44227657934e-07, 2.83189166339e-07, 3.09399524667e-07, 4.98258600601e-07, 5.43890109839e-07, 2.52751874541e-07, 6.19308337946e-08, 4.5758420697e-07, 3.8229478605e-07, 1.27753196466e-07, 4.35751928762e-07, 2.66438547669e-07, 1.50204266447e-06, 2.96526025068e-07, 7.47115620925e-07, 3.99021530484e-07, 8.38273024328e-08, 6.96031889902e-08],
        "max": [0.116340093315, 0.300643265247, 0.118785381317, 0.0923271626234, 0.067559286952, 0.0127092907205, 0.0236770343035, 0.0220198556781, 0.0176360737532, 0.00810096971691, 0.00907192192972, 0.00572570040822, 0.00600560801104, 0.00315109011717, 0.00255975243635, 0.00252688978799, 0.00394839560613, 0.00489573273808, 0.00295664765872, 0.00477589527145, 0.00266578374431, 0.00477034458891, 0.00447888113558, 0.00639263074845, 0.00526944547892, 0.0032277314458, 0.00284192268737],
        "mean": [0.00283265556209, 0.0213128197938, 0.00378600601107, 0.00362653308548, 0.00563243683428, 0.00180845579598, 0.00233851675875, 0.000723316392396, 0.000735250592697, 0.000464250624646, 0.000293553486699, 0.000279090163531, 0.000277835002635, 0.000237740474404, 9.81840421446e-05, 7.46820587665e-05, 0.000156612004503, 9.54559582169e-05, 7.31492036721e-05, 0.000143444151036, 0.000136490052682, 0.000196012799279, 0.000186514822417, 0.000351639115252, 0.000328318448737, 8.77050115378e-05, 1.22275223475e-05],
        "median": [1.63634535966e-06, 0.000138592120493, 0.000648703775369, 0.00166995625477, 0.00212563737296, 0.000975068542175, 0.000965538434684, 0.000263332622126, 0.000291929289233, 0.000151683547301, 0.000101718156657, 0.000117774718092, 0.000130187385366, 0.000107385785668, 2.30163041124e-05, 3.59864316124e-05, 4.01333090849e-05, 1.79724374902e-05, 1.80611241376e-05, 5.17554399266e-05, 3.67224383808e-05, 2.71826975222e-05, 5.77065802645e-05, 0.000130917644128, 6.8922257924e-05, 1.96428845811e-05, 3.70567931895e-07],
        "min": [9.74996106796e-23, 1.64637747943e-23, 3.27310096272e-23, 2.65073104481e-23, 1.19130971873e-22, 1.37881747517e-23, 1.30301543635e-23, 2.96715766894e-23, 6.07092648291e-23, 4.57358518109e-23, 7.14905952663e-23, 6.12449140055e-23, 5.54482820324e-23, 1.04036932556e-22, 1.02593373897e-22, 2.27768604336e-22, 2.07231816048e-22, 2.47365827732e-22, 2.54855967363e-22, 4.17749206212e-22, 3.52303639441e-22, 6.72381414758e-22, 5.26508386364e-22, 9.42222735338e-22, 1.39237731255e-21, 1.53027595431e-21, 2.59390854815e-21],
        "stdev": [0.0106712561101, 0.0598451122642, 0.0129077490419, 0.00752886803821, 0.00858923792839, 0.00206713541411, 0.00313090905547, 0.00156303856056, 0.00133082584944, 0.000924141902942, 0.000629634130746, 0.000463116040919, 0.000477407535072, 0.00038885534741, 0.000258754123934, 0.000134577407152, 0.000335686956532, 0.000302859029034, 0.000191931147128, 0.000323590415064, 0.000277473824099, 0.00056899007177, 0.00035628041951, 0.000639226695057, 0.000725660647731, 0.000226368079893, 0.000112032983452],
        "var": [0.000113875699753, 0.00358143751509, 0.000166609985172, 5.66838571103e-05, 7.37750160624e-05, 4.27304894401e-06, 9.80259119387e-06, 2.44308967012e-06, 1.77109734523e-06, 8.54038262332e-07, 3.96439133965e-07, 2.14476457927e-07, 2.2791796539e-07, 1.5120848218e-07, 6.69536959208e-08, 1.81110770825e-08, 1.12685732745e-07, 9.17235993825e-08, 3.68375658866e-08, 1.04710757398e-07, 7.69917249954e-08, 3.23749702602e-07, 1.2693574547e-07, 4.0861075945e-07, 5.26583392002e-07, 5.12425089028e-08, 1.25513901494e-08]
    },
    "erbbands": {
        "dmean": [0.49317279458, 2.87663650513, 4.88551425934, 8.38517951965, 9.58928108215, 14.7895126343, 13.1577377319, 7.86511135101, 17.6826763153, 13.9643211365, 9.89471626282, 9.12971591949, 6.70952320099, 6.39805221558, 7.11771297455, 6.57431173325, 9.77071762085, 9.90231990814, 7.5378704071, 5.55920362473, 4.29545021057, 9.96422195435, 6.82938671112, 4.46877861023, 4.43378448486, 6.90193414688, 7.21283483505, 4.64630699158, 9.88700389862, 7.73767280579, 4.47823143005, 5.07273292542, 4.41039943695, 3.10293340683, 1.29713118076, 0.420643091202, 0.122473455966, 0.0384755805135, 0.00239600869827, 5.69982839806e-05],
        "dmean2": [0.540879309177, 3.69501495361, 8.37507343292, 14.5273342133, 16.0739746094, 23.129442215, 20.1942176819, 11.7841892242, 27.5003547668, 21.3793926239, 14.0168924332, 13.287115097, 9.59353733063, 9.26974201202, 11.0784912109, 10.72569561, 17.0305843353, 17.0858917236, 13.2891607285, 10.1450195312, 7.42094135284, 17.9188785553, 12.4551897049, 7.86249542236, 7.94304323196, 12.2455453873, 12.6821308136, 8.17474269867, 18.2286472321, 13.9668388367, 7.51673603058, 8.45345592499, 6.85806846619, 4.69747304916, 1.96694493294, 0.680695235729, 0.205732584, 0.0683500915766, 0.0044110971503, 9.18379737413e-05],
        "dvar": [1.78551447392, 80.5837631226, 302.216125488, 558.468322754, 456.532226562, 922.346069336, 637.733154297, 136.033676147, 911.589477539, 952.086425781, 484.52255249, 313.080627441, 152.557098389, 187.79675293, 207.484222412, 130.342437744, 376.303222656, 382.343109131, 361.284362793, 233.790786743, 79.7436904907, 564.096069336, 425.571533203, 149.111373901, 152.77154541, 329.036468506, 267.029083252, 115.782241821, 768.149230957, 395.559509277, 72.1904296875, 92.6335754395, 87.4760131836, 42.3455162048, 7.2078499794, 1.10214173794, 0.103040136397, 0.0376375243068, 0.000399899145123, 7.0040577782e-08],
        "dvar2": [1.70375108719, 155.337020874, 817.032348633, 1496.68774414, 1224.53430176, 2266.61523438, 1443.61584473, 265.325683594, 1961.05456543, 1927.89892578, 845.800354004, 577.102661133, 355.642608643, 350.762939453, 482.238677979, 313.760345459, 991.962158203, 1065.10180664, 1022.2644043, 665.832763672, 219.590606689, 1611.64746094, 1237.81152344, 415.156555176, 431.780883789, 924.819519043, 738.377563477, 320.969024658, 2190.57885742, 1115.48144531, 182.683105469, 253.860061646, 210.488494873, 85.8952789307, 14.6149253845, 2.38827967644, 0.275141686201, 0.106457062066, 0.00117147387937, 2.01851165116e-07],
        "max": [11.0143299103, 73.471496582, 136.041778564, 270.143859863, 178.403594971, 343.904602051, 271.353912354, 121.311332703, 386.686035156, 383.087371826, 508.834564209, 282.479003906, 181.667221069, 369.756591797, 215.345077515, 163.629501343, 208.836364746, 185.581863403, 166.803024292, 148.27772522, 127.967514038, 253.488922119, 260.648742676, 139.528015137, 157.00819397, 216.40486145, 114.730262756, 114.559799194, 199.907577515, 150.307678223, 109.655677795, 104.937538147, 107.287788391, 75.0038375854, 46.9624137878, 25.4508743286, 3.71711158752, 2.84916996956, 0.397930473089, 0.00505418051034],
        "mean": [0.902719676495, 3.63728094101, 4.5035533905, 9.52898693085, 12.7969245911, 20.4890651703, 20.1567249298, 15.6080970764, 31.5840129852, 24.4252376556, 18.5043525696, 16.3747787476, 13.0086374283, 12.4331932068, 12.1721353531, 9.85147762299, 12.3883676529, 12.4233703613, 7.68045806885, 4.78253078461, 5.12316703796, 9.15600204468, 5.62198209763, 4.1924405098, 4.05224847794, 6.68601751328, 6.91579961777, 4.69981384277, 7.19035434723, 6.14762449265, 5.34509086609, 6.5210313797, 6.14184427261, 4.39383077621, 1.8827739954, 0.557419121265, 0.129458665848, 0.0280804317445, 0.00151198438834, 8.47133851494e-05],
        "median": [0.00102699175477, 0.0559554994106, 0.721631884575, 4.13789844513, 5.90765428543, 6.04760694504, 8.59333133698, 9.59009361267, 13.9796161652, 9.92048168182, 7.77362775803, 6.46030282974, 5.48939657211, 5.13406610489, 4.9137969017, 4.48057079315, 5.9051156044, 6.24277162552, 2.73175477982, 1.40001058578, 2.55227375031, 2.45370197296, 1.13887476921, 1.08203530312, 1.24096739292, 2.35504245758, 1.87649869919, 1.32970714569, 1.04850673676, 0.807428538799, 1.74915838242, 2.81986045837, 1.98629307747, 0.733833432198, 0.456775963306, 0.139463037252, 0.026033680886, 0.0027745354455, 0.000100959870906, 3.36284429068e-05],
        "min": [1.21418592767e-21, 2.14863980935e-21, 2.40904155723e-20, 7.41602832824e-20, 3.96389835071e-19, 3.10307164975e-19, 1.31581183927e-19, 9.12054448656e-20, 1.67904558705e-19, 3.69560257752e-19, 1.10397003137e-18, 1.12635653727e-18, 1.20599314395e-18, 1.88184933524e-18, 3.26179339213e-18, 2.03462173617e-18, 2.23074067593e-18, 5.17463553057e-18, 5.37787670221e-18, 7.18250024867e-18, 1.41082800311e-17, 1.04435415268e-17, 1.27530355873e-17, 1.20733553401e-17, 1.39311376486e-17, 1.62502840797e-17, 1.56503945015e-17, 1.84568429576e-17, 2.52292287129e-17, 1.85380373522e-17, 1.52864035991e-17, 1.56357054282e-17, 1.6713089978e-17, 1.2105263005e-17, 1.1210458723e-17, 6.18849467735e-18, 3.12311863039e-18, 1.38766237579e-18, 3.68223016894e-19, 3.49993914285e-20],
        "stdev": [2.47242832184, 11.6464490891, 15.3441238403, 22.5148067474, 20.4537963867, 36.6380653381, 34.1992034912, 18.4784984589, 44.2165679932, 44.2367286682, 37.5130577087, 27.5022239685, 22.0922889709, 22.5931529999, 21.3680801392, 14.6926803589, 20.493303299, 18.1754741669, 16.1397247314, 12.0243015289, 8.24147891998, 19.8090572357, 17.1040687561, 11.0595588684, 10.3459196091, 14.875620842, 14.2539777756, 9.72429275513, 21.52409935, 16.2416400909, 9.71836566925, 10.585770607, 12.2671451569, 10.0619487762, 4.19816637039, 1.50255250931, 0.31838965416, 0.144048020244, 0.0144042028114, 0.000211040605791],
        "var": [6.11290216446, 135.639770508, 235.442123413, 506.916564941, 418.357788086, 1342.34777832, 1169.58557129, 341.454925537, 1955.10498047, 1956.88818359, 1407.22937012, 756.372314453, 488.069213867, 510.450561523, 456.594848633, 215.874847412, 419.975494385, 330.347839355, 260.490722656, 144.583831787, 67.9219818115, 392.398712158, 292.549163818, 122.313850403, 107.03805542, 221.284103394, 203.175872803, 94.5618667603, 463.286834717, 263.790893555, 94.4466400146, 112.058547974, 150.482849121, 101.24281311, 17.6245994568, 2.25766396523, 0.101371981204, 0.0207498334348, 0.000207481047255, 4.45381402869e-08]
    },
    "gfcc": {
        "mean": [-9.94336700439, 76.7579421997, -85.0521240234, 18.6095981598, -78.4809036255, 17.4271335602, -55.7475242615, 3.92660784721, -34.307182312, 0.656417369843, -16.1220817566, -7.99481582642, -14.9854898453],
        "cov": [[4960.06689453, -1382.26489258, 112.416496277, 257.337890625, -71.5619354248, 12.01283741, -170.005523682, 62.3067054749, -230.620941162, 281.72946167, -319.906066895, 225.366394043, -136.380081177], [-1382.26489258, 1865.34301758, -27.4960269928, -136.355178833, 325.014160156, 85.2125549316, 263.176940918, 20.6484985352, 331.234069824, -109.515541077, 248.716110229, -81.4026947021, 188.071914673], [112.416496277, -27.4960269928, 662.558776855, 296.690979004, 206.057174683, 127.933227539, 136.966812134, 83.7015304565, 78.4421005249, 78.4376754761, 100.30039978, 67.2428131104, 57.5523033142], [257.337890625, -136.355178833, 296.690979004, 558.014343262, 226.694168091, 65.5997314453, 82.8114624023, 28.7183876038, 123.243217468, 72.4889221191, 78.6932907104, 48.0517654419, 22.6693515778], [-71.5619354248, 325.014160156, 206.057174683, 226.694168091, 402.127044678, 104.519699097, 196.900161743, 82.9730606079, 186.308502197, 85.3139801025, 98.0313262939, 73.692565918, 62.0750579834], [12.01283741, 85.2125549316, 127.933227539, 65.5997314453, 104.519699097, 201.811889648, 129.336700439, 91.3577575684, 86.8828353882, 30.0546989441, 78.2274856567, 9.2765083313, 9.60506534576], [-170.005523682, 263.176940918, 136.966812134, 82.8114624023, 196.900161743, 129.336700439, 321.594451904, 157.557250977, 166.088790894, 69.0765380859, 75.2587890625, 63.7016868591, 50.9340057373], [62.3067054749, 20.6484985352, 83.7015304565, 28.7183876038, 82.9730606079, 91.3577575684, 157.557250977, 197.969512939, 92.6299972534, 87.5846328735, 44.0290260315, 52.4631309509, 22.1093559265], [-230.620941162, 331.234069824, 78.4421005249, 123.243217468, 186.308502197, 86.8828353882, 166.088790894, 92.6299972534, 245.264343262, 62.5062713623, 95.1417388916, 27.5411491394, 53.8418769836], [281.72946167, -109.515541077, 78.4376754761, 72.4889221191, 85.3139801025, 30.0546989441, 69.0765380859, 87.5846328735, 62.5062713623, 177.537384033, 0.0847808271646, 61.3355941772, 17.394990921], [-319.906066895, 248.716110229, 100.30039978, 78.6932907104, 98.0313262939, 78.2274856567, 75.2587890625, 44.0290260315, 95.1417388916, 0.0847808271646, 175.203765869, -9.31721591949, 43.1107711792], [225.366394043, -81.4026947021, 67.2428131104, 48.0517654419, 73.692565918, 9.2765083313, 63.7016868591, 52.4631309509, 27.5411491394, 61.3355941772, -9.31721591949, 117.669555664, 24.4175357819], [-136.380081177, 188.071914673, 57.5523033142, 22.6693515778, 62.0750579834, 9.60506534576, 50.9340057373, 22.1093559265, 53.8418769836, 17.394990921, 43.1107711792, 24.4175357819, 114.751235962]],
        "icov": [[0.000319103419315, 4.68618163723e-05, 3.20319086313e-05, -0.000185152530321, 7.81138351158e-06, -0.000338156038197, 0.000264730973868, -9.42243059399e-05, 0.000225767827942, -0.000352028553607, 0.000461342540802, -0.000458565191366, 0.000119373456982], [4.68618163723e-05, 0.00154583028052, 7.90927879279e-05, 0.00105163443368, -0.00117577228229, 0.000501153583173, -0.000642722996417, 0.000644649378955, -0.00145003700163, 0.00103089760523, -0.000881721149199, 0.00128252722789, -0.00138766365126], [3.20319086313e-05, 7.90927879279e-05, 0.0024614832364, -0.00101586210076, -0.000423535035225, -0.000943213526625, -0.000272785226116, -0.000107767307782, 0.00106569426134, -0.000296540500131, -0.00060700555332, -0.000438073504483, -0.000809315242805], [-0.000185152530321, 0.00105163443368, -0.00101586210076, 0.00379461003467, -0.00184242043179, 0.000774181738961, -0.00013958690397, 0.00116358429659, -0.00209208880551, 0.000514328479767, -0.00125721353106, 0.000933839124627, -0.000236874140683], [7.81138351158e-06, -0.00117577228229, -0.000423535035225, -0.00184242043179, 0.00649245735258, -0.00095750996843, -0.00122538220603, 0.00105145759881, -0.000947050051764, -0.0015921194572, 1.31301821966e-05, -0.0027186749503, 0.000681334408], [-0.000338156038197, 0.000501153583173, -0.000943213526625, 0.000774181738961, -0.00095750996843, 0.00906580965966, -0.00224874122068, -0.00174142501783, -0.00107068219222, 0.0010686207097, -0.00280698365532, 0.00234185927548, 0.00108626217116], [0.000264730973868, -0.000642722996417, -0.000272785226116, -0.00013958690397, -0.00122538220603, -0.00224874122068, 0.00849465560168, -0.00429655378684, -0.00156907527708, 0.00046930013923, 0.00145869702101, -0.00224645179696, 3.59373225365e-05], [-9.42243059399e-05, 0.000644649378955, -0.000107767307782, 0.00116358429659, 0.00105145759881, -0.00174142501783, -0.00429655378684, 0.0114570744336, -0.00155553407967, -0.00309389294125, -0.00161260389723, -0.00124167639297, 1.16380022064e-06], [0.000225767827942, -0.00145003700163, 0.00106569426134, -0.00209208880551, -0.000947050051764, -0.00107068219222, -0.00156907527708, -0.00155553407967, 0.010788560845, -0.00256915437058, -0.000958462653216, -0.000200819427846, -0.000148011051351], [-0.000352028553607, 0.00103089760523, -0.000296540500131, 0.000514328479767, -0.0015921194572, 0.0010686207097, 0.00046930013923, -0.00309389294125, -0.00256915437058, 0.0100276814774, 0.000452130829217, -0.000959640077781, -0.00118152191862], [0.000461342540802, -0.000881721149199, -0.00060700555332, -0.00125721353106, 1.31301821966e-05, -0.00280698365532, 0.00145869702101, -0.00161260389723, -0.000958462653216, 0.000452130829217, 0.0106101119891, 0.000606963934842, -0.00129678589292], [-0.000458565191366, 0.00128252722789, -0.000438073504483, 0.000933839124627, -0.0027186749503, 0.00234185927548, -0.00224645179696, -0.00124167639297, -0.000200819427846, -0.000959640077781, 0.000606963934842, 0.0146826989949, -0.00321337580681], [0.000119373456982, -0.00138766365126, -0.000809315242805, -0.000236874140683, 0.000681334408, 0.00108626217116, 3.59373225365e-05, 1.16380022064e-06, -0.000148011051351, -0.00118152191862, -0.00129678589292, -0.00321337580681, 0.0125272264704]]
    },
    "melbands": {
        "dmean": [0.00381152727641, 0.00267761084251, 0.00141297990922, 0.000820550776552, 0.000529429875314, 0.000180555012776, 0.000261808163486, 0.000138119168696, 8.16676692921e-05, 5.26095464011e-05, 3.51763919753e-05, 2.81657121377e-05, 2.38258871832e-05, 2.060506813e-05, 2.20478377742e-05, 2.2370581064e-05, 1.83291995199e-05, 1.41710042953e-05, 8.60180261952e-06, 5.14823841513e-06, 5.37904998055e-06, 1.1242034816e-05, 7.30223155188e-06, 5.64859146834e-06, 3.42374300999e-06, 3.02461717183e-06, 4.0416284719e-06, 4.77442790725e-06, 5.06098376718e-06, 3.23820813719e-06, 2.46436775342e-06, 5.41202552995e-06, 5.65921300222e-06, 3.86306237488e-06, 2.37425001615e-06, 3.10004952553e-06, 3.23573567584e-06, 3.08862240672e-06, 3.30276975546e-06, 2.49700997301e-06],
        "dmean2": [0.0043344674632, 0.00388475251384, 0.00243729562499, 0.00129320798442, 0.000806806783658, 0.000270514603471, 0.000405158672947, 0.000210111771594, 0.000114531525469, 7.78891553637e-05, 5.02792354382e-05, 4.03865487897e-05, 3.61011807399e-05, 3.3209213143e-05, 3.73596230929e-05, 3.85324019589e-05, 3.1722971471e-05, 2.50028442679e-05, 1.55561265274e-05, 9.22528943192e-06, 9.26423399505e-06, 2.01150269277e-05, 1.33129369715e-05, 1.02405783764e-05, 5.98306223765e-06, 5.36185507372e-06, 7.37933896744e-06, 8.34330694488e-06, 8.9269824457e-06, 5.71460986976e-06, 4.32857814303e-06, 9.96144899545e-06, 1.04849841591e-05, 6.87739293426e-06, 3.93186064684e-06, 5.27829615748e-06, 5.37319692739e-06, 5.01420936416e-06, 5.08482162331e-06, 3.81541303796e-06],
        "dvar": [0.000115026297863, 6.96807910572e-05, 1.43834395203e-05, 2.78115703622e-06, 1.03220224901e-06, 6.11343295986e-08, 1.80551978701e-07, 8.80350086163e-08, 2.80165082245e-08, 1.05189501554e-08, 4.17017576027e-09, 3.30754779121e-09, 2.37629649291e-09, 1.800767091e-09, 1.71045011488e-09, 2.13362061352e-09, 1.34758837422e-09, 1.28403454536e-09, 5.10169129164e-10, 1.89600363187e-10, 1.1593062621e-10, 6.83476053531e-10, 4.19613677138e-10, 3.1822453006e-10, 8.95999385797e-11, 6.78826647671e-11, 1.50630036222e-10, 1.47976103593e-10, 1.32637192896e-10, 4.88504965646e-11, 3.65741395503e-11, 2.23052173953e-10, 2.50099940757e-10, 9.12986561352e-11, 2.24374251817e-11, 3.24095195126e-11, 3.95480731497e-11, 4.48331441416e-11, 5.36277133811e-11, 3.01854687079e-11],
        "dvar2": [0.00014202093007, 0.00016214432253, 3.91867979488e-05, 7.16193335393e-06, 2.3765203423e-06, 1.22320273022e-07, 3.93866258719e-07, 1.76586581802e-07, 4.39099814287e-08, 2.11043147402e-08, 9.41963218537e-09, 6.28341512154e-09, 4.9906621058e-09, 4.25564028461e-09, 4.40473657548e-09, 5.48220047136e-09, 3.76530673307e-09, 3.64481156367e-09, 1.42617273546e-09, 5.30260224618e-10, 3.14039710902e-10, 1.938150751e-09, 1.21818899412e-09, 9.20113041314e-10, 2.46167891627e-10, 1.87896365134e-10, 4.3269460237e-10, 4.1255279748e-10, 3.66778607486e-10, 1.33540498104e-10, 1.02022695847e-10, 6.34865271465e-10, 7.12891246035e-10, 2.55165083507e-10, 5.54249077189e-11, 8.86074200124e-11, 1.09481701482e-10, 1.17281032108e-10, 1.07073835909e-10, 6.39008429504e-11],
        "max": [0.0884105712175, 0.0669458955526, 0.0364836975932, 0.0144789330661, 0.00995715893805, 0.00248457933776, 0.00553326448426, 0.00343832513317, 0.00379757396877, 0.00155458273366, 0.00102990423329, 0.00136590690818, 0.000747994461562, 0.000859999621753, 0.000378655444365, 0.000694117450621, 0.000350441434421, 0.000308127433527, 0.000210808953852, 0.000186646575457, 0.000142667966429, 0.00026802776847, 0.000239968474489, 0.000240116860368, 0.000123783494928, 0.00010651856428, 0.000142266319017, 0.000143991055666, 9.29168163566e-05, 5.18646229466e-05, 7.97844331828e-05, 0.000109622422315, 0.000116652699944, 9.59305616561e-05, 6.49795401841e-05, 5.39025568287e-05, 7.15476926416e-05, 7.90877820691e-05, 0.000114543283416, 7.06559658283e-05],
        "mean": [0.00698804296553, 0.00310545205139, 0.00169777707197, 0.00116591528058, 0.000804503099062, 0.000370872294297, 0.000463791220682, 0.000239351851633, 0.000155045941938, 9.11887327675e-05, 6.66012638249e-05, 5.51098710275e-05, 4.1452676669e-05, 3.05396824842e-05, 2.85302085103e-05, 2.74835838354e-05, 2.22641210712e-05, 1.38142795549e-05, 7.3443356996e-06, 4.85384271087e-06, 6.32719502391e-06, 1.04322461993e-05, 5.93241884417e-06, 4.50956895293e-06, 3.23145013681e-06, 2.72062152362e-06, 3.48985145138e-06, 4.66162236989e-06, 4.7416228881e-06, 3.18023512591e-06, 2.5079250463e-06, 4.02193063564e-06, 3.90604009226e-06, 3.22710002365e-06, 2.76048444903e-06, 3.82311691283e-06, 3.9940264287e-06, 4.09151516578e-06, 4.57071928395e-06, 3.44076647707e-06],
        "median": [2.27102864301e-05, 0.000310725416057, 0.00086613727035, 0.00045677201706, 0.000323442713125, 0.000234709266806, 0.000215543070226, 9.46840737015e-05, 6.43765743007e-05, 3.73609254893e-05, 2.56058301602e-05, 2.05840369745e-05, 1.57107297127e-05, 1.23609388538e-05, 1.16837236419e-05, 1.31695887831e-05, 1.11736771942e-05, 4.49150911663e-06, 1.70454711679e-06, 1.65146241216e-06, 3.03004890156e-06, 2.78184438685e-06, 9.88182364381e-07, 8.23298364594e-07, 7.64846561196e-07, 6.57573082208e-07, 1.08545839339e-06, 1.68212329754e-06, 1.22875474062e-06, 7.91118964116e-07, 7.15391820449e-07, 6.12612382156e-07, 3.44405520991e-07, 4.72443502986e-07, 6.61095498344e-07, 1.67407915797e-06, 1.65200503943e-06, 1.36662652039e-06, 8.72707914823e-07, 5.25780365024e-07],
        "min": [1.20010411365e-23, 9.63765567405e-24, 2.2716207443e-23, 2.75216782872e-23, 5.52869142234e-24, 2.11499209602e-24, 2.79559367491e-24, 3.96285380143e-24, 1.10437686832e-23, 6.62698775079e-24, 6.20283538586e-24, 7.52068984804e-24, 1.11256879439e-23, 7.66516498967e-24, 4.32995337912e-24, 6.1337433979e-24, 9.66301912987e-24, 8.80551785957e-24, 7.14368848827e-24, 1.17645619363e-23, 1.89331997284e-23, 1.05959915118e-23, 1.0187440449e-23, 1.3243945924e-23, 9.05881872965e-24, 1.12059679516e-23, 9.52834085183e-24, 1.13846299583e-23, 1.18517712983e-23, 9.45738517999e-24, 1.02822354974e-23, 1.38170091955e-23, 1.40407269927e-23, 9.35912072133e-24, 8.73343332777e-24, 9.4326969891e-24, 8.74138820114e-24, 1.08052045237e-23, 1.26124241152e-23, 9.45718086501e-24],
        "stdev": [0.0189413018525, 0.00912618823349, 0.00349596561864, 0.0017921513645, 0.0013443341013, 0.000406663253671, 0.000614268530626, 0.000424581492553, 0.000308322021738, 0.00015017662372, 0.000121061922982, 9.94219662971e-05, 7.79620095273e-05, 5.62083259865e-05, 4.73084837722e-05, 4.92222425237e-05, 3.34134747391e-05, 3.00381416309e-05, 1.94297590497e-05, 1.13368823804e-05, 1.03776364995e-05, 2.20687488763e-05, 1.71070332726e-05, 1.47091768667e-05, 8.7493835963e-06, 7.28778104531e-06, 9.53235030465e-06, 1.02031590359e-05, 9.97861479846e-06, 6.46071157462e-06, 5.40498922419e-06, 1.16861856441e-05, 1.22281471704e-05, 8.13490896689e-06, 5.53589097763e-06, 6.14915916231e-06, 6.76495756124e-06, 7.96962558525e-06, 1.06983206933e-05, 8.23537811812e-06],
        "var": [0.000358772929758, 8.32873120089e-05, 1.22217752505e-05, 3.21180664287e-06, 1.80723429821e-06, 1.65375013239e-07, 3.7732581859e-07, 1.80269438488e-07, 9.50624752249e-08, 2.25530172315e-08, 1.46559884229e-08, 9.88472681485e-09, 6.07807448816e-09, 3.15937609408e-09, 2.23809260014e-09, 2.42282927054e-09, 1.1164603686e-09, 9.02289964966e-10, 3.77515518846e-10, 1.28524899057e-10, 1.07695331819e-10, 4.8702963884e-10, 2.92650598199e-10, 2.16359874461e-10, 7.65517163548e-11, 5.31117511082e-11, 9.08656969112e-11, 1.04104454224e-10, 9.95727528208e-11, 4.17407913789e-11, 2.92139090696e-11, 1.36566924436e-10, 1.49527584759e-10, 6.61767446397e-11, 3.06460898325e-11, 3.78121561839e-11, 4.57646524843e-11, 6.3514929427e-11, 1.14454071221e-10, 6.7821456784e-11]
    },
    "melbands128": {
