{
"lowlevel": {
    "average_loudness": 0.961342871189,
    "barkbands_crest": {
        "dmean": 1.54073750973,
        "dmean2": 2.32905173302,
        "dvar": 2.71279907227,
        "dvar2": 6.06138515472,
        "max": 25.6864910126,
        "mean": 11.540178299,
        "median": 10.8551177979,
        "min": 2.98819541931,
        "stdev": 4.08537769318,
        "var": 16.6903114319
    },
    "barkbands_flatness_db": {
        "dmean": 0.0159665755928,
        "dmean2": 0.022527333349,
        "dvar": 0.000416032358771,
        "dvar2": 0.000744287099224,
        "max": 0.39053440094,
        "mean": 0.192625269294,
        "median": 0.174457371235,
        "min": 0.0242869071662,
        "stdev": 0.0643073096871,
        "var": 0.00413542985916
    },
    "barkbands_kurtosis": {
        "dmean": 3.01960110664,
        "dmean2": 4.38250255585,
        "dvar": 29.628698349,
        "dvar2": 70.6616363525,
        "max": 130.981719971,
        "mean": 8.84163093567,
        "median": 3.73416185379,
        "min": -1.93821895123,
        "stdev": 13.4147443771,
        "var": 179.955368042
    },
    "barkbands_skewness": {
        "dmean": 0.407926619053,
        "dmean2": 0.575298130512,
        "dvar": 0.260748833418,
        "dvar2": 0.549554944038,
        "max": 10.7022447586,
        "mean": 2.0675470829,
        "median": 1.73871994019,
        "min": -1.76954627037,
        "stdev": 1.48478591442,
        "var": 2.20458936691
    },
    "barkbands_spread": {
        "dmean": 4.16079854965,
        "dmean2": 5.89917325974,
        "dvar": 62.3325195312,
        "dvar2": 114.084632874,
        "max": 108.020141602,
        "mean": 20.1450881958,
        "median": 16.4391040802,
        "min": 0.589998781681,
        "stdev": 18.2427463531,
        "var": 332.797821045
    },
    "dissonance": {
        "dmean": 0.0235316883773,
        "dmean2": 0.0397238954902,
        "dvar": 0.000558612926397,
        "dvar2": 0.00142853159923,
        "max": 0.499597251415,
        "mean": 0.441308021545,
        "median": 0.447573661804,
        "min": 0.220478445292,
        "stdev": 0.0332059003413,
        "var": 0.00110263191164
    },
    "dynamic_complexity": 2.21293139458,
    "erbbands_crest": {
        "dmean": 1.93039631844,
        "dmean2": 2.96703195572,
        "dvar": 3.54976081848,
        "dvar2": 7.74715948105,
        "max": 26.814119339,
        "mean": 9.99404430389,
        "median": 8.83772659302,
        "min": 2.53581023216,
        "stdev": 4.26450967789,
        "var": 18.186044693
    },
    "erbbands_flatness_db": {
        "dmean": 0.0122303050011,
        "dmean2": 0.0170950759202,
        "dvar": 0.000201283852221,
        "dvar2": 0.000418868294219,
        "max": 0.318242847919,
        "mean": 0.1675054878,
        "median": 0.15962035954,
        "min": 0.0693698078394,
        "stdev": 0.0406004562974,
        "var": 0.00164839695208
    },
    "erbbands_kurtosis": {
        "dmean": 0.93083024025,
        "dmean2": 1.39533245564,
        "dvar": 1.91447806358,
        "dvar2": 4.56015110016,
        "max": 25.9183006287,
        "mean": 1.26877403259,
        "median": 0.465924024582,
        "min": -1.84766256809,
        "stdev": 2.94064331055,
        "var": 8.64738273621
    },
    "erbbands_skewness": {
        "dmean": 0.314797252417,
        "dmean2": 0.452198177576,
        "dvar": 0.14241617918,
        "dvar2": 0.29510653019,
        "max": 4.8820848465,
        "mean": 0.670490384102,
        "median": 0.752395451069,
        "min": -3.29422998428,
        "stdev": 1.03247642517,
        "var": 1.06600761414
    },
    "erbbands_spread": {
        "dmean": 7.52552223206,
        "dmean2": 10.9567518234,
        "dvar": 127.719909668,
        "dvar2": 274.718109131,
        "max": 152.303405762,
        "mean": 41.8950309753,
        "median": 36.92212677,
        "min": 5.57323074341,
        "stdev": 23.0703544617,
        "var": 532.241271973
    },
    "hfc": {
        "dmean": 4.46065950394,
        "dmean2": 6.15179538727,
        "dvar": 85.0160064697,
        "dvar2": 157.249588013,
        "max": 137.205627441,
        "mean": 22.3871040344,
        "median": 17.8322582245,
        "min": 1.15648611132e-16,
        "stdev": 20.3185157776,
        "var": 412.842071533
    },
    "loudness_ebu128": {
        "integrated": -11.1957788467,
        "loudness_range": 1.75600147247,
        "momentary": {
            "dmean": 0.503963589668,
            "dmean2": 0.393998712301,
            "dvar": 0.188461348414,
            "dvar2": 0.147502839565,
            "max": -7.87532520294,
            "mean": -11.5006303787,
            "median": -11.2890338898,
            "min": -17.2579135895,
            "stdev": 1.68268585205,
            "var": 2.83143186569
        },
        "short_term": {
            "dmean": 0.0739564970136,
            "dmean2": 0.0501788891852,
            "dvar": 0.00307972310111,
            "dvar2": 0.00209530792199,
            "max": -9.98414421082,
            "mean": -11.2091684341,
            "median": -11.1847467422,
            "min": -12.9360218048,
            "stdev": 0.608741462231,
            "var": 0.370566189289
        }
    },
    "melbands_crest": {
        "dmean": 1.6385178566,
        "dmean2": 2.51172947884,
        "dvar": 3.26140666008,
        "dvar2": 7.54871225357,
        "max": 29.9735336304,
        "mean": 14.3563690186,
        "median": 13.3940868378,
        "min": 2.71749401093,
        "stdev": 4.5987071991,
        "var": 21.1481075287
    },
    "melbands_flatness_db": {
        "dmean": 0.0185363311321,
        "dmean2": 0.0250123869628,
        "dvar": 0.000647901906632,
        "dvar2": 0.00105263257865,
        "max": 0.50348508358,
        "mean": 0.261860489845,
        "median": 0.238285675645,
        "min": 0.00645186752081,
        "stdev": 0.0838070362806,
        "var": 0.00702361948788
    },
    "melbands_kurtosis": {
        "dmean": 6.48828601837,
        "dmean2": 9.57316589355,
        "dvar": 107.884109497,
        "dvar2": 243.137435913,
        "max": 288.767303467,
        "mean": 21.6181964874,
        "median": 12.7911529541,
        "min": -1.23941445351,
        "stdev": 28.3878955841,
        "var": 805.872619629
    },
    "melbands_skewness": {
        "dmean": 0.520830154419,
        "dmean2": 0.75718998909,
        "dvar": 0.409787476063,
        "dvar2": 0.880825698376,
        "max": 14.2409563065,
        "mean": 3.17977333069,
        "median": 2.9901638031,
        "min": -0.134611308575,
        "stdev": 1.81870424747,
        "var": 3.3076851368
    },
    "melbands_spread": {
        "dmean": 4.29426717758,
        "dmean2": 6.0931186676,
        "dvar": 110.137832642,
        "dvar2": 227.847167969,
        "max": 199.89263916,
        "mean": 18.1637573242,
        "median": 14.2013940811,
        "min": 0.959929704666,
        "stdev": 17.0644245148,
        "var": 291.194580078
    },
    "pitch_salience": {
        "dmean": 0.0474235117435,
        "dmean2": 0.0728710070252,
        "dvar": 0.00206499570049,
        "dvar2": 0.0045584095642,
        "max": 0.913048923016,
        "mean": 0.48963752389,
        "median": 0.491856575012,
        "min": 0.106911174953,
        "stdev": 0.109537236392,
        "var": 0.0119984066114
    },
    "silence_rate_20dB": {
        "dmean": 0,
        "dmean2": 0,
        "dvar": 0,
        "dvar2": 0,
        "max": 1,
        "mean": 1,
        "median": 1,
        "min": 1,
        "stdev": 0,
        "var": 0
    },
    "silence_rate_30dB": {
        "dmean": 0,
        "dmean2": 0,
        "dvar": 0,
        "dvar2": 0,
        "max": 1,
        "mean": 1,
        "median": 1,
        "min": 1,
        "stdev": 0,
        "var": 0
    },
    "silence_rate_60dB": {
        "dmean": 0.00232198135927,
        "dmean2": 0.00464755995199,
        "dvar": 0.0023166204337,
        "dvar2": 0.00462588015944,
        "max": 1,
        "mean": 0.00309358071536,
        "median": 0,
        "min": 0,
        "stdev": 0.0555335693061,
        "var": 0.0030839771498
    },
    "spectral_centroid": {
        "dmean": 190.547851562,
        "dmean2": 260.033599854,
        "dvar": 119890.117188,
        "dvar2": 173377.9375,
        "max": 10393.2119141,
        "mean": 1111.7253418,
        "median": 998.481140137,
        "min": 206.098831177,
        "stdev": 737.765014648,
        "var": 544297.25
    },
    "spectral_complexity": {
        "dmean": 2.03869962692,
        "dmean2": 3.20294356346,
        "dvar": 6.46756792068,
        "dvar2": 13.1470518112,
        "max": 40,
        "mean": 13.6171693802,
        "median": 13,
        "min": 0,
        "stdev": 6.18054246902,
        "var": 38.1991043091
    },
    "spectral_decrease": {
        "dmean": 1.11760545263e-09,
        "dmean2": 1.66625457876e-09,
        "dvar": 1.6865527164e-18,
        "dvar2": 3.21439677022e-18,
        "max": -9.1054164059e-29,
        "mean": -8.41509617544e-09,
        "median": -8.01473376555e-09,
        "min": -2.01922301102e-08,
        "stdev": 3.46465212075e-09,
        "var": 1.2003814266e-17
    },
    "spectral_energy": {
        "dmean": 0.00441909627989,
        "dmean2": 0.00657681003213,
        "dvar": 2.67939922196e-05,
        "dvar2": 5.02889197378e-05,
        "max": 0.0814085751772,
        "mean": 0.0337910577655,
        "median": 0.0320067889988,
        "min": 1.08333251809e-20,
        "stdev": 0.0140237715095,
        "var": 0.000196666165721
    },
    "spectral_energyband_high": {
        "dmean": 0.000351667462382,
        "dmean2": 0.000479819602333,
        "dvar": 9.77261606749e-07,
        "dvar2": 1.66240681665e-06,
        "max": 0.01607455872,
        "mean": 0.000962669146247,
        "median": 0.000370945082977,
        "min": 7.99160111641e-21,
        "stdev": 0.00188797723968,
        "var": 3.56445821126e-06
    },
    "spectral_energyband_low": {
        "dmean": 0.00161762430798,
        "dmean2": 0.0023601797875,
        "dvar": 6.99935117154e-06,
        "dvar2": 1.25935266624e-05,
        "max": 0.0309964101762,
        "mean": 0.0137749901041,
        "median": 0.0150405261666,
        "min": 6.13740347585e-23,
        "stdev": 0.00737319421023,
        "var": 5.43639944226e-05
    },
    "spectral_energyband_middle_high": {
        "dmean": 0.00124793767463,
        "dmean2": 0.00175666925497,
        "dvar": 4.46312333224e-06,
        "dvar2": 8.56135466165e-06,
        "max": 0.0434328168631,
        "mean": 0.00526661938056,
        "median": 0.00232271966524,
        "min": 1.52999322656e-21,
        "stdev": 0.00670651486143,
        "var": 4.49773433502e-05
    },
    "spectral_energyband_middle_low": {
        "dmean": 0.00347410934046,
        "dmean2": 0.00525452243164,
        "dvar": 1.63059867191e-05,
        "dvar2": 3.62744831364e-05,
        "max": 0.0555608421564,
        "mean": 0.0149610731751,
        "median": 0.0135813383386,
        "min": 4.55402357634e-22,
        "stdev": 0.00930827204138,
        "var": 8.66439295351e-05
    },
    "spectral_entropy": {
        "dmean": 0.186496779323,
        "dmean2": 0.271099895239,
        "dvar": 0.0495445393026,
        "dvar2": 0.0938316732645,
        "max": 9.7975358963,
        "mean": 7.08486032486,
        "median": 7.08463811874,
        "min": 5.21020555496,
        "stdev": 0.529367506504,
        "var": 0.280229926109
    },
    "spectral_flux": {
        "dmean": 0.0219275802374,
        "dmean2": 0.0355455689132,
        "dvar": 0.000500954105519,
        "dvar2": 0.0011796974577,
        "max": 0.221149682999,
        "mean": 0.0650353580713,
        "median": 0.0572979487479,
        "min": 1.04083262842e-10,
        "stdev": 0.036828469485,
        "var": 0.00135633617174
    },
    "spectral_kurtosis": {
        "dmean": 2.08922362328,
        "dmean2": 3.52835702896,
        "dvar": 14.563202858,
        "dvar2": 36.478099823,
        "max": 54.6425628662,
        "mean": 5.2721118927,
        "median": 3.8685874939,
        "min": -1.21846711636,
        "stdev": 6.28395223618,
        "var": 39.4880561829
    },
    "spectral_rms": {
        "dmean": 0.000391488196328,
        "dmean2": 0.000573977013119,
        "dvar": 2.17921467538e-07,
        "dvar2": 3.74832893613e-07,
        "max": 0.0089119579643,
        "mean": 0.00560494186357,
        "median": 0.00558803509921,
        "min": 3.25101490867e-12,
        "stdev": 0.00124559365213,
        "var": 1.55150348746e-06
    },
    "spectral_rolloff": {
        "dmean": 362.796661377,
        "dmean2": 604.49822998,
        "dvar": 1253831.375,
        "dvar2": 2373825.5,
        "max": 18453.9550781,
        "mean": 1282.03234863,
        "median": 624.462890625,
        "min": 107.666015625,
        "stdev": 1788.65161133,
        "var": 3199274.5
    },
    "spectral_skewness": {
        "dmean": 0.260295748711,
        "dmean2": 0.41241762042,
        "dvar": 0.126076623797,
        "dvar2": 0.274465620518,
        "max": 5.75285816193,
        "mean": 1.64901268482,
        "median": 1.57777202129,
        "min": -0.0513805225492,
        "stdev": 0.784287214279,
        "var": 0.615106463432
    },
    "spectral_spread": {
        "dmean": 564401.0625,
        "dmean2": 772695.75,
        "dvar": 1.38901363098e+12,
        "dvar2": 1.79994492928e+12,
        "max": 39750532,
        "mean": 4886449.5,
        "median": 4424037,
        "min": 1377786,
        "stdev": 2472872.5,
        "var": 6.115098624e+12
    },
    "spectral_strongpeak": {
        "dmean": 0.34064000845,
        "dmean2": 0.589445769787,
        "dvar": 0.559019207954,
        "dvar2": 1.43675541878,
        "max": 7.74831962585,
        "mean": 0.903266131878,
        "median": 0.432183802128,
        "min": 0,
        "stdev": 1.14979052544,
        "var": 1.32201838493
    },
    "zerocrossingrate": {
        "dmean": 0.0085112862289,
        "dmean2": 0.00963400490582,
        "dvar": 0.000391196081182,
        "dvar2": 0.000416025868617,
        "max": 0.49609375,
        "mean": 0.0441775582731,
        "median": 0.0380859375,
        "min": 0.001953125,
        "stdev": 0.0386755429208,
        "var": 0.00149579753634
    },
    "barkbands": {
        "dmean": [2.40123899857e-05, 0.00116920040455, 0.000585076864809, 0.00048453907948, 0.00225231400691, 0.000815212726593, 0.000590269512031, 0.000421391363489, 0.000650886679068, 0.00070866959868, 0.000207665856578, 0.000155630114023, 0.000204942130949, 0.000210262194742, 0.000180812654435, 0.000148207313032, 0.000173554159119, 0.000211060949368, 0.00010419607861, 0.000195883738343, 4.4678861741e-05, 5.79074076086e-05, 7.00469463482e-05, 0.000124637430417, 6.39036734356e-05, 1.25820470203e-05, 2.3967972993e-06],
        "dmean2": [4.09105450672e-05, 0.00164281099569, 0.000911571842153, 0.00076663348591, 0.00358712370507, 0.00120140903164, 0.000862768152729, 0.000586359179579, 0.000872291566338, 0.000986623461358, 0.000286474591121, 0.00021888948686, 0.000300018815324, 0.000319915852742, 0.00026936570066, 0.000230414239923, 0.000265974260401, 0.000300328625599, 0.000156016802066, 0.000288256938802, 6.41087754047e-05, 8.30779536045e-05, 9.61849218584e-05, 0.000176697038114, 9.33911796892e-05, 1.75819259312e-05, 3.7160532429e-06],
        "dvar": [5.03980945865e-09, 3.33960770149e-06, 1.16773537684e-06, 8.41285952902e-07, 8.83841130417e-06, 2.02202272703e-06, 1.59449314197e-06, 1.11924566681e-06, 2.37536846726e-06, 3.31959699906e-06, 2.67067633786e-07, 2.30018969205e-07, 3.85017102644e-07, 4.5447524144e-07, 4.41931348405e-07, 1.81001311716e-07, 1.81309403047e-07, 1.9280379604e-07, 1.3386048181e-07, 1.62224466749e-07, 1.07462811982e-08, 1.48013938883e-08, 4.64908112008e-08, 2.20511324756e-07, 1.03351837311e-07, 3.54893003873e-09, 2.58474519566e-10],
        "dvar2": [1.37404514433e-08, 5.63155163036e-06, 2.63639185505e-06, 2.04199932341e-06, 2.22353755817e-05, 4.43842918685e-06, 3.34748892783e-06, 1.98982002075e-06, 3.99337932322e-06, 5.95133178649e-06, 5.03384853801e-07, 4.52080769264e-07, 7.460448046e-07, 8.61347245973e-07, 1.06689219592e-06, 4.05413203453e-07, 4.2541026346e-07, 3.59763276947e-07, 3.34350147568e-07, 3.05448168092e-07, 2.10276454027e-08, 2.81209082686e-08, 7.75297266387e-08, 3.82249169206e-07, 2.19058037487e-07, 6.61509513833e-09, 5.24300769467e-10],
        "max": [0.000965833140071, 0.0240697599947, 0.0149224828929, 0.0106025114655, 0.0442070104182, 0.0211462099105, 0.0186304859817, 0.0216103121638, 0.0263317134231, 0.039270542562, 0.0121695101261, 0.00788172613829, 0.0111682424322, 0.0171668063849, 0.0128385070711, 0.00693645980209, 0.00600367691368, 0.00696632592008, 0.00977518875152, 0.0076792598702, 0.0019755505491, 0.00194385147188, 0.00555975921452, 0.00760600669309, 0.00552144553512, 0.00204599858262, 0.000606076442637],
        "mean": [8.83075335878e-05, 0.010397660546, 0.00256970780902, 0.00131852587219, 0.00621459400281, 0.00245214183815, 0.00124513672199, 0.000961619371083, 0.00173512264155, 0.00205168616958, 0.000509530771524, 0.000251419318374, 0.000451109750429, 0.000472655025078, 0.000282571010757, 0.000291583157377, 0.000396219780669, 0.00054613390239, 0.000234288323554, 0.00052986072842, 9.64799983194e-05, 0.000146445294376, 0.000159598726896, 0.000250118901022, 0.000111874127469, 2.34356703004e-05, 3.28552664541e-06],
        "median": [5.52505798623e-06, 0.0109351864085, 0.0015846407041, 0.000605846696999, 0.00451855687425, 0.00150035892148, 0.000584319699556, 0.000216837928747, 0.000303030392388, 0.000379795645131, 6.63062819513e-05, 4.66419915028e-05, 3.08423368551e-05, 3.98239426431e-05, 3.10249888571e-05, 2.76872033282e-05, 8.68843271746e-05, 6.34824973531e-05, 5.33590064151e-05, 0.000137079754495, 2.95890313282e-05, 4.24866411777e-05, 4.62721400254e-05, 2.93452994811e-05, 1.28522033265e-05, 3.55281486009e-06, 9.70151035062e-08],
        "min": [5.00588845133e-24, 2.69651022086e-23, 1.76565451048e-23, 4.79893812925e-23, 3.12926132744e-23, 5.07306981817e-23, 8.16182692466e-23, 1.32336276234e-23, 2.02445828491e-22, 1.02190392192e-22, 4.1142999491e-23, 6.13577463585e-23, 1.08964082039e-22, 1.42356791349e-22, 1.02155537162e-22, 2.83343034694e-22, 2.11839622015e-22, 1.4141433607e-22, 2.12769493385e-22, 2.91113377719e-22, 4.77600322905e-22, 3.92050288865e-22, 8.2339665505e-22, 1.1021051761e-21, 1.21189956895e-21, 1.75951615658e-21, 2.28361625789e-21],
        "stdev": [0.000175731358468, 0.0060796267353, 0.00263759633526, 0.00177002465352, 0.00545954145491, 0.00283996295184, 0.00191196624655, 0.00203178147785, 0.00363775785081, 0.00509962812066, 0.00114459113684, 0.000672563037369, 0.00119508453645, 0.0014705969952, 0.000853548001032, 0.000821621273644, 0.000788433244452, 0.000966535240877, 0.000468309503049, 0.000844547408633, 0.00017071221373, 0.00023485996644, 0.000369489134755, 0.000847329443786, 0.000490779522806, 0.000113783353299, 2.77832677966e-05],
        "var": [3.08815089056e-08, 3.69618610421e-05, 6.95691460351e-06, 3.13298710353e-06, 2.98065915558e-05, 8.06538992038e-06, 3.65561504623e-06, 4.12813596995e-06, 1.32332816065e-05, 2.60062079178e-05, 1.31008891913e-06, 4.52341055279e-07, 1.42822693761e-06, 2.16265561903e-06, 7.28544193862e-07, 6.75061528455e-07, 6.21627009423e-07, 9.3419038194e-07, 2.1931379024e-07, 7.13260362772e-07, 2.91426616172e-08, 5.51592052034e-08, 1.36522217531e-07, 7.17967168384e-07, 2.40864551415e-07, 1.29466508625e-08, 7.71909980379e-10]
    },
    "erbbands": {
        "dmean": [0.0212705135345, 0.304122984409, 0.655573487282, 1.15205729008, 4.13712692261, 9.49686145782, 9.14282417297, 5.64342975616, 8.07701587677, 8.51651382446, 7.04023551941, 13.5154161453, 25.8109092712, 8.08073806763, 7.63235139847, 5.91167593002, 8.57552242279, 9.65641975403, 8.67242336273, 9.63803672791, 6.88638544083, 9.16806697845, 13.2112474442, 3.02062296867, 7.8109588623, 8.19721508026, 2.84637141228, 1.51192069054, 1.90053665638, 2.09424638748, 2.06223964691, 2.5228471756, 2.10745072365, 1.00539278984, 0.334867566824, 0.0709244832397, 0.0224793534726, 0.00619454262778, 0.000225046474952, 9.38325774769e-06],
        "dmean2": [0.0325284637511, 0.42809382081, 1.00595784187, 1.80156373978, 6.39261293411, 15.1580562592, 13.5920267105, 8.36545658112, 12.5070114136, 11.696978569, 8.97958564758, 17.4855976105, 34.9470443726, 11.3489952087, 10.574016571, 7.81958723068, 11.8002824783, 14.1576433182, 12.1959753036, 14.6268777847, 10.7273235321, 13.851474762, 18.3899536133, 4.0227971077, 11.1289148331, 10.9924526215, 4.20241498947, 2.08684659004, 2.75599884987, 3.01373791695, 2.87802648544, 3.63830733299, 3.04721641541, 1.42974865437, 0.504447937012, 0.105836413801, 0.0324653238058, 0.00846025906503, 0.00035192220821, 1.3802252397e-05],
        "dvar": [0.00211376068182, 0.219508305192, 1.30080103874, 5.15268087387, 36.5016746521, 224.044570923, 209.315231323, 116.553077698, 372.045532227, 563.409606934, 213.794891357, 1210.03479004, 4162.00292969, 401.992828369, 408.47958374, 333.126800537, 687.154663086, 916.305603027, 641.236083984, 1387.12121582, 399.461242676, 486.432861328, 701.039123535, 34.525138855, 697.59173584, 323.678131104, 50.7138557434, 9.02931022644, 16.8416118622, 19.9607391357, 49.8152084351, 101.074501038, 68.494102478, 24.296207428, 3.1969435215, 0.106648638844, 0.0136838639155, 0.00137881713454, 2.29280362873e-06, 8.18267620328e-10],
        "dvar2": [0.00439298804849, 0.355470955372, 2.68110656738, 12.650560379, 90.532043457, 576.1328125, 505.839477539, 239.143005371, 938.881591797, 1151.90124512, 336.352416992, 1655.15588379, 6724.27246094, 698.939453125, 748.131408691, 608.685974121, 1261.9510498, 1550.16394043, 1296.6817627, 3291.61474609, 991.571289062, 1171.31384277, 1258.74450684, 53.4829177856, 1780.21179199, 551.147827148, 108.403923035, 15.4692869186, 33.3132972717, 37.8196640015, 88.349899292, 168.363449097, 135.207305908, 48.8407745361, 7.68191051483, 0.235926106572, 0.0263748206198, 0.00227944692597, 4.34557250628e-06, 1.44198830654e-09],
        "max": [0.655643343925, 6.69726085663, 17.7451934814, 32.8126373291, 90.6444473267, 247.806930542, 275.604522705, 170.724624634, 330.852661133, 421.040374756, 327.001495361, 669.664428711, 1383.9161377, 533.103271484, 563.100463867, 399.144165039, 542.612731934, 822.228149414, 586.234863281, 732.545288086, 252.860671997, 293.585113525, 434.458068848, 111.836952209, 681.50390625, 462.392333984, 166.588821411, 52.5766181946, 77.3205718994, 69.715385437, 156.971496582, 212.697402954, 123.166732788, 86.0312347412, 34.8714370728, 7.2274646759, 4.20542764664, 1.60959661007, 0.057503644377, 0.00114471267443],
        "mean": [0.201775312424, 2.60183525085, 4.10826253891, 3.66702318192, 9.58630180359, 24.3925437927, 26.7449874878, 17.3289852142, 17.1188678741, 22.3609466553, 18.9578704834, 40.3851699829, 75.5144958496, 23.9297351837, 21.3723068237, 12.6603517532, 19.6068134308, 21.9303817749, 17.9635276794, 17.9246501923, 14.7956571579, 22.3565139771, 35.8538513184, 10.0873336792, 21.5097332001, 23.7288093567, 6.27786684036, 3.73574733734, 4.85137033463, 5.32673120499, 4.6400642395, 5.18633937836, 3.88167881966, 1.72104430199, 0.548876702785, 0.126107931137, 0.0408109240234, 0.0100378813222, 0.000367564905901, 4.9259258958e-05],
        "median": [0.164372503757, 2.67787766457, 3.36720466614, 2.19264626503, 7.29408025742, 13.6116085052, 17.5040588379, 11.8014507294, 8.47445011139, 6.12576293945, 7.09776687622, 7.6515750885, 14.4834527969, 6.42013835907, 3.56129145622, 2.36834907532, 1.75826454163, 2.51845240593, 1.76697266102, 1.74946391582, 2.3491358757, 5.70240163803, 5.20766687393, 2.87443804741, 4.27431726456, 7.07320976257, 2.64452219009, 0.946748793125, 1.35692977905, 1.8076145649, 1.18338906765, 0.670521736145, 0.409172534943, 0.161983966827, 0.0832839757204, 0.0201905593276, 0.00615985738114, 0.000790927966591, 3.93449408875e-05, 4.05216451327e-05],
        "min": [9.96713157216e-22, 5.22545583366e-21, 1.69728769837e-20, 7.90781757544e-20, 1.46635535033e-19, 6.697973518e-20, 2.16774609015e-19, 6.01903762988e-19, 1.21640372895e-18, 5.46063901762e-19, 1.0662522498e-18, 4.90931610832e-18, 3.4150759567e-18, 2.52119211994e-18, 2.10725977448e-18, 2.0657578484e-18, 4.02062510465e-18, 9.33701953987e-18, 5.16304093992e-18, 8.29057402645e-18, 1.58788766759e-17, 1.14488232243e-17, 8.6625364684e-18, 1.2653893855e-17, 9.23946268561e-18, 1.46849721562e-17, 2.35185629579e-17, 1.36919418309e-17, 1.54125900015e-17, 1.75154320112e-17, 2.56179374264e-17, 2.32818387558e-17, 1.71528241548e-17, 1.18269977926e-17, 9.62804484043e-18, 6.60396557875e-18, 3.48729047854e-18, 1.08689588615e-18, 3.12098553839e-19, 3.66625931464e-20],
        "stdev": [0.157802224159, 1.63489210606, 3.33920788765, 4.1275305748, 9.21099185944, 28.2928791046, 27.1507759094, 19.7124233246, 24.2134075165, 45.4949417114, 33.2715148926, 92.8985061646, 169.683670044, 56.6503181458, 51.5563049316, 30.7460727692, 51.7863082886, 58.9790039062, 47.2339782715, 51.1443634033, 31.5158081055, 38.6738510132, 62.0943527222, 15.4712085724, 38.2326622009, 38.5815391541, 11.6665220261, 6.29454851151, 7.84613370895, 8.58684444427, 11.713593483, 17.8285884857, 13.7732791901, 7.63908290863, 2.44426774979, 0.527345597744, 0.217128038406, 0.072344250977, 0.00278578139842, 5.86726382608e-05],
        "var": [0.0249015409499, 2.6728720665, 11.1503095627, 17.0365104675, 84.8423690796, 800.486999512, 737.164611816, 388.579620361, 586.289123535, 2069.78955078, 1106.99377441, 8630.1328125, 28792.546875, 3209.25854492, 2658.05249023, 945.320983887, 2681.8215332, 3478.52270508, 2231.04882812, 2615.74584961, 993.24621582, 1495.66687012, 3855.70874023, 239.358306885, 1461.73657227, 1488.53503418, 136.107727051, 39.6213417053, 61.5618171692, 73.7339019775, 137.208267212, 317.858551025, 189.703216553, 58.3555870056, 5.97444534302, 0.278093367815, 0.047144588083, 0.00523369107395, 7.76057822804e-06, 3.44247830242e-09]
    },
    "gfcc": {
        "mean": [-8.98501300812, 109.059104919, -93.4652786255, 43.7134590149, -63.3955802917, 6.62512302399, -33.4515609741, 11.3526210785, -24.4281921387, -3.25607848167, -11.3565092087, -0.448275476694, -4.53576421738],
        "cov": [[5597.30224609, -1194.55895996, -1133.90136719, 358.862243652, -267.630187988, 392.256011963, -147.404876709, 300.270782471, 108.561050415, -52.7384986877, -58.76304245, 120.147773743, -290.725769043], [-1194.55895996, 1794.99072266, 213.976974487, -271.842956543, 553.569885254, -100.993179321, 532.325439453, -37.9734382629, -2.73937273026, 89.4824981689, 145.436523438, -120.2813797, 76.4579467773], [-1133.90136719, 213.976974487, 1200.15393066, 57.4393081665, 65.4578323364, 274.836486816, 92.9679794312, 31.5034370422, -22.3140983582, 137.881744385, 50.0020675659, -19.9180164337, 119.689178467], [358.862243652, -271.842956543, 57.4393081665, 405.949493408, -45.8478965759, 15.6607532501, -99.7749404907, 48.0572166443, 72.4859542847, -33.8468017578, -26.077495575, -3.44911265373, 35.5809593201], [-267.630187988, 553.569885254, 65.4578323364, -45.8478965759, 472.47668457, 27.7598896027, 161.313781738, 84.919670105, 43.6050491333, 79.3662719727, 13.9050693512, -55.6855239868, 70.2230529785], [392.256011963, -100.993179321, 274.836486816, 15.6607532501, 27.7598896027, 446.453796387, 121.269630432, 75.344833374, 14.6891050339, 66.6551055908, 64.8508224487, 3.01675987244, -26.2016277313], [-147.404876709, 532.325439453, 92.9679794312, -99.7749404907, 161.313781738, 121.269630432, 409.2293396, 7.58175086975, -21.3025054932, 32.842792511, 87.3803253174, -9.41536808014, -44.5830802917], [300.270782471, -37.9734382629, 31.5034370422, 48.0572166443, 84.919670105, 75.344833374, 7.58175086975, 155.554458618, 25.1765441895, 9.39927577972, 5.55555438995, 1.93600797653, 11.2149839401], [108.561050415, -2.73937273026, -22.3140983582, 72.4859542847, 43.6050491333, 14.6891050339, -21.3025054932, 25.1765441895, 127.251670837, 17.0453643799, -8.89826583862, -2.15004277229, 14.0022678375], [-52.7384986877, 89.4824981689, 137.881744385, -33.8468017578, 79.3662719727, 66.6551055908, 32.842792511, 9.39927577972, 17.0453643799, 130.981399536, 19.2818641663, -16.7238693237, 27.9573402405], [-58.76304245, 145.436523438, 50.0020675659, -26.077495575, 13.9050693512, 64.8508224487, 87.3803253174, 5.55555438995, -8.89826583862, 19.2818641663, 113.765899658, 8.93643379211, -23.1112518311], [120.147773743, -120.2813797, -19.9180164337, -3.44911265373, -55.6855239868, 3.01675987244, -9.41536808014, 1.93600797653, -2.15004277229, -16.7238693237, 8.93643379211, 94.7975997925, -8.29092216492], [-290.725769043, 76.4579467773, 119.689178467, 35.5809593201, 70.2230529785, -26.2016277313, -44.5830802917, 11.2149839401, 14.0022678375, 27.9573402405, -23.1112518311, -8.29092216492, 121.930511475]],
        "icov": [[0.000455512665212, -9.81854100246e-05, 0.000581340165809, -0.000485014345031, 0.00028240136453, -0.000631858594716, 0.000143367753481, -0.000784004630987, 0.000177799869562, -0.000641583814286, 0.000559465202969, -0.000477903464343, 0.000744900433347], [-9.81854100246e-05, 0.00236706854776, -0.000518492597621, 0.00102310196962, -0.00170120387338, 0.00157395983115, -0.00231834431179, 0.00108054594602, -0.000816034444142, 0.000908595509827, -0.0022627718281, 0.00197423715144, -0.00154634995852], [0.000581340165809, -0.000518492597621, 0.00207979255356, -0.00103276234586, 0.000877062033396, -0.00173271377571, 0.000300732790492, -0.0010480225319, 0.000925460073631, -0.00181175395846, 0.000898161029909, -0.000780896109063, -0.000273768382613], [-0.000485014345031, 0.00102310196962, -0.00103276234586, 0.00419203098863, -0.00041021767538, 0.00109480659012, -0.000622292107437, 0.000260506698396, -0.00241425959393, 0.00232634088024, -0.00142211804632, 0.00180356751662, -0.00219056056812], [0.00028240136453, -0.00170120387338, 0.000877062033396, -0.00041021767538, 0.00533658498898, -0.000913810334168, -0.000159886185429, -0.00327111873776, -0.000424147729063, -0.0022577312775, 0.00211531040259, 0.000168562211911, -0.00104977877345], [-0.000631858594716, 0.00157395983115, -0.00173271377571, 0.00109480659012, -0.000913810334168, 0.00523726688698, -0.00230661476962, -9.20978436625e-06, -0.00115076382644, 0.000164945435245, -0.00280978577211, 0.00175479659811, -0.000621916959062], [0.000143367753481, -0.00231834431179, 0.000300732790492, -0.000622292107437, -0.000159886185429, -0.00230661476962, 0.00642166938633, -0.000242334586801, 0.00132691010367, -0.000389442313462, 0.000227338488912, -0.00221634609625, 0.00347801856697], [-0.000784004630987, 0.00108054594602, -0.0010480225319, 0.000260506698396, -0.00327111873776, -9.20978436625e-06, -0.000242334586801, 0.0103184655309, -0.000859278196003, 0.00219646887854, -0.00195518694818, 0.000419343763497, -0.00149694480933], [0.000177799869562, -0.000816034444142, 0.000925460073631, -0.00241425959393, -0.000424147729063, -0.00115076382644, 0.00132691010367, -0.000859278196003, 0.0101848579943, -0.00228095962666, 0.00136629445478, -0.00144696398638, 0.000806882453617], [-0.000641583814286, 0.000908595509827, -0.00181175395846, 0.00232634088024, -0.0022577312775, 0.000164945435245, -0.000389442313462, 0.00219646887854, -0.00228095962666, 0.0121140349656, -0.00279372907244, 0.00235059857368, -0.00289398594759], [0.000559465202969, -0.0022627718281, 0.000898161029909, -0.00142211804632, 0.00211531040259, -0.00280978577211, 0.000227338488912, -0.00195518694818, 0.00136629445478, -0.00279372907244, 0.0141126736999, -0.00352202332579, 0.00364626594819], [-0.000477903464343, 0.00197423715144, -0.000780896109063, 0.00180356751662, 0.000168562211911, 0.00175479659811, -0.00221634609625, 0.000419343763497, -0.00144696398638, 0.00235059857368, -0.00352202332579, 0.0138440169394, -0.00280520529486], [0.000744900433347, -0.00154634995852, -0.000273768382613, -0.00219056056812, -0.00104977877345, -0.000621916959062, 0.00347801856697, -0.00149694480933, 0.000806882453617, -0.00289398594759, 0.00364626594819, -0.00280520529486, 0.0148067642003]]
    },
    "melbands": {
        "dmean": [0.00026120088296, 0.000341981009115, 0.000250521377893, 0.000479799404275, 0.00034498484456, 0.000135596201289, 0.000116632734716, 9.38567754929e-05, 6.06923094892e-05, 9.51308320509e-05, 0.000131910550408, 3.93596092181e-05, 2.56206494669e-05, 1.84093860298e-05, 1.77986275958e-05, 2.2147423806e-05, 2.04902044061e-05, 1.62079959409e-05, 1.49952511492e-05, 1.36600119731e-05, 8.22562651592e-06, 9.42534734349e-06, 1.45933172462e-05, 9.53588551056e-06, 2.02564024221e-06, 3.91193862015e-06, 8.50218566484e-06, 5.43760188521e-06, 2.51999153988e-06, 9.66822767623e-07, 9.32896682571e-07, 1.06628010599e-06, 1.3440087514e-06, 1.21818709431e-06, 1.25467431644e-06, 1.30416117372e-06, 1.83350800853e-06, 1.74128183517e-06, 1.22093229038e-06, 7.82804761457e-07],
        "dmean2": [0.000372382230125, 0.000502522510942, 0.000386618863558, 0.000765026605222, 0.000525215582456, 0.000203147705179, 0.000176446847036, 0.000128934945678, 7.6537959103e-05, 0.000122985002236, 0.000178333983058, 5.43887726963e-05, 3.60708618246e-05, 2.48751512117e-05, 2.52820482274e-05, 3.06332221953e-05, 3.02930857288e-05, 2.29609486269e-05, 2.25036110351e-05, 2.09070440178e-05, 1.2499946024e-05, 1.44958075907e-05, 2.14501142182e-05, 1.28383144329e-05, 2.90745947495e-06, 5.53203972231e-06, 1.24587486425e-05, 7.56978352001e-06, 3.80281380785e-06, 1.41526379593e-06, 1.32234617922e-06, 1.56035321197e-06, 1.92024367607e-06, 1.79661628863e-06, 1.81243672159e-06, 1.81318011983e-06, 2.77286653727e-06, 2.56085490946e-06, 1.81353289008e-06, 1.13656176381e-06],
        "dvar": [1.93751120037e-07, 3.04534609086e-07, 1.62146648108e-07, 4.74615092116e-07, 2.52440827353e-07, 6.50033342708e-08, 6.91860932989e-08, 6.4574059877e-08, 1.67784293126e-08, 5.94602909132e-08, 1.02947971925e-07, 1.17858922621e-08, 4.96381913351e-09, 2.6086584004e-09, 3.71764730112e-09, 4.51411530378e-09, 4.67287852857e-09, 2.68008171211e-09, 3.09222714101e-09, 1.7123662488e-09, 5.78627035175e-10, 5.69569724718e-10, 1.18696052986e-09, 4.32707730758e-10, 1.74139574288e-11, 1.80703535468e-10, 4.63921540073e-10, 1.51938531201e-10, 5.40927060089e-11, 4.32418380616e-12, 3.76920933701e-12, 5.96813830994e-12, 8.2811439997e-12, 6.78842485696e-12, 1.60194496557e-11, 2.99252012059e-11, 5.42684924776e-11, 4.35100774854e-11, 3.19565623963e-11, 1.56816885866e-11],
        "dvar2": [3.5425799183e-07, 5.66853486816e-07, 3.98308799276e-07, 1.23690665532e-06, 5.97265454871e-07, 1.37465960393e-07, 1.63550453181e-07, 1.28420921897e-07, 2.38132962238e-08, 8.24084622764e-08, 1.66710037774e-07, 1.89004776274e-08, 1.00403081404e-08, 4.84656714761e-09, 7.82216336148e-09, 7.48303818909e-09, 7.95286503319e-09, 5.18958254148e-09, 7.5146999734e-09, 3.81342113442e-09, 1.48447676374e-09, 1.4182065522e-09, 2.5297606232e-09, 6.81792122759e-10, 3.27302247805e-11, 4.48890202787e-10, 1.05836073239e-09, 2.84833295838e-10, 1.23233923066e-10, 8.87749335848e-12, 6.89330146783e-12, 1.18398858426e-11, 1.68641697829e-11, 1.38208168868e-11, 3.19992574105e-11, 4.63157914798e-11, 1.00904840039e-10, 9.50067108318e-11, 6.43681358214e-11, 3.35734391677e-11],
        "max": [0.00621274020523, 0.00796637870371, 0.00510524725541, 0.00998571049422, 0.00783300586045, 0.00357885798439, 0.00424650823697, 0.00522035686299, 0.00311698345467, 0.00468320772052, 0.00672126654536, 0.00305821374059, 0.00186561408918, 0.000850909447763, 0.00126865727361, 0.00147092319094, 0.00180409930181, 0.00137167691719, 0.00120335572865, 0.000686072278768, 0.000320990831824, 0.00032695021946, 0.000520729983691, 0.000497450120747, 8.28477641335e-05, 0.000375670235371, 0.000356478238245, 0.000274904392427, 0.000165072124219, 2.89635736408e-05, 3.88018488593e-05, 5.56551385671e-05, 3.95953393308e-05, 3.59663063136e-05, 7.53338244976e-05, 0.000160656258231, 0.000145468438859, 0.000103442973341, 0.00010240458505, 6.36611948721e-05],
        "mean": [0.00243283016607, 0.00263574859127, 0.00076130364323, 0.00125470070634, 0.00101268209983, 0.000412261346355, 0.000248555850703, 0.00024132199178, 0.000158804221428, 0.000274291989626, 0.000381151709007, 0.000106241684989, 6.50797810522e-05, 3.72622889699e-05, 3.72406939277e-05, 4.48759346909e-05, 4.26908773079e-05, 3.15715224133e-05, 2.35971619986e-05, 2.61949335254e-05, 1.49017232616e-05, 2.09040354093e-05, 3.2946572901e-05, 2.56163875747e-05, 5.55111864742e-06, 9.94573292701e-06, 2.33254104387e-05, 1.37297720357e-05, 4.57120358988e-06, 1.9764991066e-06, 2.1348816972e-06, 2.48662331614e-06, 3.29301428792e-06, 2.83664985545e-06, 2.67126165454e-06, 2.65041103376e-06, 3.45655666933e-06, 2.95737277156e-06, 2.053055141e-06, 1.24367090848e-06],
        "median": [0.00250890129246, 0.00259880162776, 0.00055027398048, 0.000859510502778, 0.000707740662619, 0.000280789128738, 0.000119035074022, 4.97764303873e-05, 5.26519797859e-05, 4.02350160584e-05, 7.32956686988e-05, 2.74108879239e-05, 9.04161424842e-06, 5.82811208005e-06, 5.71688178752e-06, 2.93205948765e-06, 4.24979634772e-06, 2.61644504462e-06, 2.81716688733e-06, 1.95209258891e-06, 2.4391019906e-06, 4.81645110995e-06, 6.17062141828e-06, 2.65466178462e-06, 1.51693734551e-06, 2.38238339989e-06, 3.67717848349e-06, 3.5804109757e-06, 1.33112598633e-06, 5.58791327876e-07, 4.15768710127e-07, 6.20529988282e-07, 8.70089820637e-07, 9.56261374085e-07, 7.31851002911e-07, 3.97873463953e-07, 3.79720319188e-07, 3.01745359366e-07, 1.58165960329e-07, 9.54684509225e-08],
        "min": [8.35198910338e-24, 8.58119737256e-24, 1.81271542773e-23, 6.6845580308e-24, 7.6129029547e-24, 1.23060928597e-23, 1.8440914236e-23, 4.5200795069e-24, 1.30035729065e-23, 3.07561878588e-23, 1.66450376754e-23, 1.07983493224e-23, 7.11067387053e-24, 6.86800211228e-24, 4.22063658475e-24, 1.48859520096e-23, 1.65165921873e-23, 7.21926846274e-24, 7.28164842768e-24, 1.69679626201e-23, 1.79899540109e-23, 1.14583379658e-23, 8.72597622563e-24, 7.66519969955e-24, 1.13257083596e-23, 5.64466580832e-24, 7.97919079451e-24, 9.72815221937e-24, 1.4665418055e-23, 1.04017305696e-23, 7.43319491846e-24, 1.02775954176e-23, 5.4133678466e-24, 1.2186163914e-23, 1.58149887646e-23, 1.2603039037e-23, 1.45820386127e-23, 1.20525955632e-23, 1.03232680974e-23, 9.54465212877e-24],
        "stdev": [0.0014673366677, 0.00165648083203, 0.000695738242939, 0.00122618291061, 0.000965364160948, 0.000452126318123, 0.000356839795131, 0.00051336659817, 0.000308677554131, 0.000645689258818, 0.000867555267178, 0.000308820308419, 0.000153872271767, 8.52591983858e-05, 0.000107935324195, 0.000130465632537, 0.000127855528262, 0.00010223838035, 7.24434503354e-05, 7.90184931247e-05, 3.27233392454e-05, 4.02742116421e-05, 5.9576559579e-05, 5.21743531863e-05, 8.93992091733e-06, 1.80396764335e-05, 4.00495919166e-05, 2.49467484537e-05, 1.08811900645e-05, 3.56081477548e-06, 3.92422953155e-06, 4.38641018263e-06, 5.57628800379e-06, 4.70038912681e-06, 6.25620623396e-06, 9.15829787118e-06, 1.24234156829e-05, 1.03243528429e-05, 9.05048364075e-06, 5.68291352465e-06],
        "var": [2.15307704821e-06, 2.7439286896e-06, 4.84051668082e-07, 1.5035245724e-06, 9.31927957026e-07, 2.04418213912e-07, 1.27334644162e-07, 2.63545274493e-07, 9.52818339783e-08, 4.16914588186e-07, 7.52652169922e-07, 9.53699768047e-08, 2.36766748429e-08, 7.26913063076e-09, 1.16500338265e-08, 1.70212821615e-08, 1.63470375014e-08, 1.0452685828e-08, 5.24805399138e-09, 6.24392226811e-09, 1.07081687961e-09, 1.62201219123e-09, 3.54936635638e-09, 2.72216316155e-09, 7.9922193863e-11, 3.25429905246e-10, 1.60396973481e-09, 6.22340290413e-10, 1.1840030345e-10, 1.26794026667e-11, 1.53995757118e-11, 1.92405952282e-11, 3.10949876958e-11, 2.20936567652e-11, 3.91401182298e-11, 8.38744212972e-11, 1.54341261993e-10, 1.06592255855e-10, 8.19112486172e-11, 3.22955065468e-11]
    },
    "melbands128": {
