{
"lowlevel": {
    "average_loudness": 0.981477439404,
    "barkbands_crest": {
        "dmean": 1.96528446674,
        "dmean2": 3.16727423668,
        "dvar": 5.38221263885,
        "dvar2": 14.8616895676,
        "max": 22.7402515411,
        "mean": 11.4255809784,
        "median": 10.6618127823,
        "min": 3.29891061783,
        "stdev": 4.01869869232,
        "var": 16.1499385834
    },
    "barkbands_flatness_db": {
        "dmean": 0.0175973866135,
        "dmean2": 0.026159375906,
        "dvar": 0.000291569827823,
        "dvar2": 0.000733699998818,
        "max": 0.300970196724,
        "mean": 0.143145680428,
        "median": 0.13763949275,
        "min": 0.0524821691215,
        "stdev": 0.0375400446355,
        "var": 0.00140925485175
    },
    "barkbands_kurtosis": {
        "dmean": 2.9169344902,
        "dmean2": 4.45474433899,
        "dvar": 20.0101699829,
        "dvar2": 47.4766921997,
        "max": 59.804473877,
        "mean": 5.44851875305,
        "median": 2.64899158478,
        "min": -1.81332075596,
        "stdev": 8.38072109222,
        "var": 70.2364807129
    },
    "barkbands_skewness": {
        "dmean": 0.507974863052,
        "dmean2": 0.76519793272,
        "dvar": 0.347767233849,
        "dvar2": 0.832549214363,
        "max": 7.09216833115,
        "mean": 2.04626965523,
        "median": 1.85809326172,
        "min": -1.93042254448,
        "stdev": 1.1412460804,
        "var": 1.30244266987
    },
    "barkbands_spread": {
        "dmean": 5.31564760208,
        "dmean2": 7.77361011505,
        "dvar": 46.6895599365,
        "dvar2": 86.5183944702,
        "max": 92.5012512207,
        "mean": 23.1582813263,
        "median": 21.5362377167,
        "min": 2.31350660324,
        "stdev": 13.8066740036,
        "var": 190.624237061
    },
    "dissonance": {
        "dmean": 0.0120781166479,
        "dmean2": 0.0202996004373,
        "dvar": 0.000185105440323,
        "dvar2": 0.000463931675768,
        "max": 0.500000059605,
        "mean": 0.474994808435,
        "median": 0.478342354298,
        "min": 0.236929386854,
        "stdev": 0.0165321361274,
        "var": 0.000273311510682
    },
    "dynamic_complexity": 1.08719229698,
    "erbbands_crest": {
        "dmean": 1.95754313469,
        "dmean2": 3.18403315544,
        "dvar": 3.73296642303,
        "dvar2": 9.93596363068,
        "max": 19.2589187622,
        "mean": 6.93820142746,
        "median": 6.25192022324,
        "min": 2.30597400665,
        "stdev": 2.74644970894,
        "var": 7.5429854393
    },
    "erbbands_flatness_db": {
        "dmean": 0.0129573177546,
        "dmean2": 0.0186085477471,
        "dvar": 0.000147564496729,
        "dvar2": 0.000303936452838,
        "max": 0.22941686213,
        "mean": 0.139689847827,
        "median": 0.142006739974,
        "min": 0.0665998160839,
        "stdev": 0.0270728208125,
        "var": 0.000732937594876
    },
    "erbbands_kurtosis": {
        "dmean": 0.490809708834,
        "dmean2": 0.783619701862,
        "dvar": 0.294150441885,
        "dvar2": 0.672886371613,
        "max": 5.68540668488,
        "mean": -0.404265522957,
        "median": -0.624653816223,
        "min": -1.65207374096,
        "stdev": 0.883985459805,
        "var": 0.781430244446
    },
    "erbbands_skewness": {
        "dmean": 0.296134859324,
        "dmean2": 0.431932508945,
        "dvar": 0.0709787607193,
        "dvar2": 0.155691340566,
        "max": 2.23749041557,
        "mean": -0.136033669114,
        "median": -0.132832691073,
        "min": -2.40495085716,
        "stdev": 0.60356348753,
        "var": 0.36428886652
    },
    "erbbands_spread": {
        "dmean": 7.25033712387,
        "dmean2": 10.9274511337,
        "dvar": 51.6179008484,
        "dvar2": 99.4267196655,
        "max": 116.958114624,
        "mean": 47.7142562866,
        "median": 45.6983604431,
        "min": 14.6790342331,
        "stdev": 16.0789260864,
        "var": 258.531890869
    },
    "hfc": {
        "dmean": 7.17568397522,
        "dmean2": 10.2466659546,
        "dvar": 91.9284896851,
        "dvar2": 172.606994629,
        "max": 167.270339966,
        "mean": 26.6309337616,
        "median": 23.4353675842,
        "min": 1.22928621086e-16,
        "stdev": 17.7067089081,
        "var": 313.527526855
    },
    "loudness_ebu128": {
        "integrated": -9.83336639404,
        "loudness_range": 0.941977500916,
        "momentary": {
            "dmean": 0.299631476402,
            "dmean2": 0.388419121504,
            "dvar": 0.0696693658829,
            "dvar2": 0.0972512587905,
            "max": -7.97264909744,
            "mean": -9.90507316589,
            "median": -9.8331451416,
            "min": -12.8579244614,
            "stdev": 0.808740377426,
            "var": 0.654061019421
        },
        "short_term": {
            "dmean": 0.0451339446008,
            "dmean2": 0.0504012294114,
            "dvar": 0.0010407922091,
            "dvar2": 0.0016894408036,
            "max": -9.12808227539,
            "mean": -9.80068016052,
            "median": -9.81621360779,
            "min": -10.4316158295,
            "stdev": 0.319647759199,
            "var": 0.102174699306
        }
    },
    "melbands_crest": {
        "dmean": 2.08003497124,
        "dmean2": 3.2926094532,
        "dvar": 5.23979330063,
        "dvar2": 13.8166208267,
        "max": 28.1064167023,
        "mean": 17.0785980225,
        "median": 16.9178066254,
        "min": 2.04442119598,
        "stdev": 4.4197678566,
        "var": 19.5343494415
    },
    "melbands_flatness_db": {
        "dmean": 0.020012198016,
        "dmean2": 0.0294404476881,
        "dvar": 0.000465075165266,
        "dvar2": 0.0011560767889,
        "max": 0.37916508317,
        "mean": 0.218580842018,
        "median": 0.212979480624,
        "min": 0.00447508413345,
        "stdev": 0.04481228441,
        "var": 0.00200814078562
    },
    "melbands_kurtosis": {
        "dmean": 8.27790927887,
        "dmean2": 12.6056938171,
        "dvar": 160.804840088,
        "dvar2": 421.929840088,
        "max": 140.908828735,
        "mean": 19.5003585815,
        "median": 14.1406059265,
        "min": -1.24534595013,
        "stdev": 19.3546772003,
        "var": 374.603515625
    },
    "melbands_skewness": {
        "dmean": 0.735925137997,
        "dmean2": 1.11098837852,
        "dvar": 0.722712814808,
        "dvar2": 1.88536942005,
        "max": 10.0480308533,
        "mean": 3.61814141273,
        "median": 3.43993711472,
        "min": 0.19150416553,
        "stdev": 1.48755407333,
        "var": 2.21281695366
    },
    "melbands_spread": {
        "dmean": 5.26472187042,
        "dmean2": 7.86657476425,
        "dvar": 47.7529029846,
        "dvar2": 93.7747573853,
        "max": 145.4896698,
        "mean": 18.6569385529,
        "median": 16.6358737946,
        "min": 1.88647890091,
        "stdev": 11.9708843231,
        "var": 143.302078247
    },
    "pitch_salience": {
        "dmean": 0.0563737489283,
        "dmean2": 0.0918419808149,
        "dvar": 0.00354817439802,
        "dvar2": 0.00965709332377,
        "max": 0.953912079334,
        "mean": 0.512265026569,
        "median": 0.51955974102,
        "min": 0.135925471783,
        "stdev": 0.114614248276,
        "var": 0.0131364259869
    },
    "silence_rate_20dB": {
        "dmean": 0,
        "dmean2": 0,
        "dvar": 0,
        "dvar2": 0,
        "max": 1,
        "mean": 1,
        "median": 1,
        "min": 1,
        "stdev": 0,
        "var": 0
    },
    "silence_rate_30dB": {
        "dmean": 0.061919502914,
        "dmean2": 0.123934932053,
        "dvar": 0.0580857507885,
        "dvar2": 0.117869786918,
        "max": 1,
        "mean": 0.941995382309,
        "median": 1,
        "min": 0,
        "stdev": 0.233752280474,
        "var": 0.0546401292086
    },
    "silence_rate_60dB": {
        "dmean": 0.000773993786424,
        "dmean2": 0.00154918665066,
        "dvar": 0.000773391744588,
        "dvar2": 0.00154677091632,
        "max": 1,
        "mean": 0.00154679035768,
        "median": 0,
        "min": 0,
        "stdev": 0.0392987206578,
        "var": 0.00154438940808
    },
    "spectral_centroid": {
        "dmean": 236.752716064,
        "dmean2": 348.731414795,
        "dvar": 132826.328125,
        "dvar2": 194225.421875,
        "max": 11289.3847656,
        "mean": 1407.46081543,
        "median": 1383.55383301,
        "min": 295.475708008,
        "stdev": 605.789550781,
        "var": 366981
    },
    "spectral_complexity": {
        "dmean": 4.06888532639,
        "dmean2": 6.0216884613,
        "dvar": 14.7468271255,
        "dvar2": 27.2264194489,
        "max": 53,
        "mean": 26.0711517334,
        "median": 26,
        "min": 0,
        "stdev": 8.72052764893,
        "var": 76.0476074219
    },
    "spectral_decrease": {
        "dmean": 3.88692500408e-09,
        "dmean2": 6.70992861274e-09,
        "dvar": 7.42720641277e-17,
        "dvar2": 2.057957072e-16,
        "max": 5.77054171619e-29,
        "mean": -1.26956907209e-08,
        "median": -1.1097081476e-08,
        "min": -7.25659106138e-08,
        "stdev": 7.85066145426e-09,
        "var": 6.16328833342e-17
    },
    "spectral_energy": {
        "dmean": 0.015084923245,
        "dmean2": 0.025934362784,
        "dvar": 0.0010770248482,
        "dvar2": 0.00298338499852,
        "max": 0.277874797583,
        "mean": 0.0503319352865,
        "median": 0.0444700531662,
        "min": 1.09321886121e-20,
        "stdev": 0.0301294159144,
        "var": 0.00090778170852
    },
    "spectral_energyband_high": {
        "dmean": 0.000461658317363,
        "dmean2": 0.000614607473835,
        "dvar": 1.10817120458e-06,
        "dvar2": 1.58497039138e-06,
        "max": 0.0208911728114,
        "mean": 0.00108155445196,
        "median": 0.000543142028619,
        "min": 8.10639342903e-21,
        "stdev": 0.0019969753921,
        "var": 3.98791053158e-06
    },
    "spectral_energyband_low": {
        "dmean": 0.0129848336801,
        "dmean2": 0.0229390393943,
        "dvar": 0.00104028766509,
        "dvar2": 0.00290038692765,
        "max": 0.249830916524,
        "mean": 0.0315670259297,
        "median": 0.0249334052205,
        "min": 9.6366787487e-23,
        "stdev": 0.0281696338207,
        "var": 0.000793528277427
    },
    "spectral_energyband_middle_high": {
        "dmean": 0.00205602776259,
        "dmean2": 0.00307612796314,
        "dvar": 8.35744504002e-06,
        "dvar2": 2.02050341613e-05,
        "max": 0.0465940162539,
        "mean": 0.00625236611813,
        "median": 0.00504198810086,
        "min": 1.39766220099e-21,
        "stdev": 0.00509746046737,
        "var": 2.59841017396e-05
    },
    "spectral_energyband_middle_low": {
        "dmean": 0.00384409353137,
        "dmean2": 0.00609902665019,
        "dvar": 1.88316516869e-05,
        "dvar2": 5.02645598317e-05,
        "max": 0.0649916157126,
        "mean": 0.0135683268309,
        "median": 0.0121471565217,
        "min": 3.90936341537e-22,
        "stdev": 0.00671225646511,
        "var": 4.50543884654e-05
    },
    "spectral_entropy": {
        "dmean": 0.100959196687,
        "dmean2": 0.141295716166,
        "dvar": 0.00981542095542,
        "dvar2": 0.0149626946077,
        "max": 9.78759479523,
        "mean": 7.63255548477,
        "median": 7.61208820343,
        "min": 6.6279129982,
        "stdev": 0.270865738392,
        "var": 0.0733682438731
    },
    "spectral_flux": {
        "dmean": 0.0269477125257,
        "dmean2": 0.0423664972186,
        "dvar": 0.002185911173,
        "dvar2": 0.00450734235346,
        "max": 0.424563497305,
        "mean": 0.0927774086595,
        "median": 0.0793048962951,
        "min": 1.04557106029e-10,
        "stdev": 0.0619633831084,
        "var": 0.00383946066722
    },
    "spectral_kurtosis": {
        "dmean": 1.19049811363,
        "dmean2": 2.00580310822,
        "dvar": 1.12234401703,
        "dvar2": 3.33731651306,
        "max": 14.9662227631,
        "mean": 3.80178356171,
        "median": 3.79982662201,
        "min": -1.16932988167,
        "stdev": 1.68714916706,
        "var": 2.84647226334
    },
    "spectral_rms": {
        "dmean": 0.000880137609784,
        "dmean2": 0.00146594876423,
        "dvar": 2.33921264226e-06,
        "dvar2": 6.26292194283e-06,
        "max": 0.0164650343359,
        "mean": 0.0068116588518,
        "median": 0.00658676074818,
        "min": 3.26581535252e-12,
        "stdev": 0.001644927077,
        "var": 2.70578516393e-06
    },
    "spectral_rolloff": {
        "dmean": 459.147064209,
        "dmean2": 743.805847168,
        "dvar": 855203.25,
        "dvar2": 1385412.75,
        "max": 18453.9550781,
        "mean": 1129.61828613,
        "median": 732.12890625,
        "min": 86.1328125,
        "stdev": 1332.65942383,
        "var": 1775981.25
    },
    "spectral_skewness": {
        "dmean": 0.166840329766,
        "dmean2": 0.265398323536,
        "dvar": 0.0224211011082,
        "dvar2": 0.0533508621156,
        "max": 3.25550627708,
        "mean": 1.31840360165,
        "median": 1.3472507,
        "min": 0.000524147995748,
        "stdev": 0.299217522144,
        "var": 0.0895311236382
    },
    "spectral_spread": {
        "dmean": 449990.28125,
        "dmean2": 559835.375,
        "dvar": 773789319168,
        "dvar2": 576796164096,
        "max": 38699092,
        "mean": 4226365,
        "median": 3824307.75,
        "min": 2467311.5,
        "stdev": 1694415,
        "var": 2.87104224461e+12
    },
    "spectral_strongpeak": {
        "dmean": 0.213419914246,
        "dmean2": 0.383184790611,
        "dvar": 0.363710314035,
        "dvar2": 0.986699342728,
        "max": 7.618039608,
        "mean": 0.651509523392,
        "median": 0.571196377277,
        "min": 0,
        "stdev": 0.541244208813,
        "var": 0.292945325375
    },
    "zerocrossingrate": {
        "dmean": 0.00851355399936,
        "dmean2": 0.00964988954365,
        "dvar": 0.000265200942522,
        "dvar2": 0.000296203885227,
        "max": 0.49853515625,
        "mean": 0.0465570315719,
        "median": 0.04296875,
        "min": 0.00537109375,
        "stdev": 0.0291978046298,
        "var": 0.00085251184646
    },
    "barkbands": {
        "dmean": [0.000529947457835, 0.008988709189, 0.00470618112013, 0.00173185940366, 0.00144958065357, 0.000954056042247, 0.00070766848512, 0.000674133771099, 0.000929549743887, 0.000536958454177, 0.000191872677533, 0.000308203569148, 0.000197003289941, 0.000422963377787, 0.000691619061399, 0.000260370288743, 0.00021416846721, 0.000465973716928, 0.000198182126042, 0.000255282997387, 0.000114716327516, 7.79859619797e-05, 7.24090277799e-05, 8.61451917444e-05, 6.86729617883e-05, 1.09721886474e-05, 1.02114586298e-06],
        "dmean2": [0.000826148607302, 0.0160299818963, 0.00822851341218, 0.00298287672922, 0.00227704783902, 0.00151232816279, 0.00112660590094, 0.0011116740061, 0.00143030914478, 0.000845438218676, 0.000305182940792, 0.000463705073344, 0.000302362197544, 0.000672529451549, 0.00113830843475, 0.000412412395235, 0.000331036571879, 0.00074128783308, 0.000318500940921, 0.00040373991942, 0.00017225886404, 0.000110105225758, 9.63429411058e-05, 0.000109433749458, 8.34692182252e-05, 1.42019434861e-05, 1.57833369485e-06],
        "dvar": [1.09279881144e-06, 0.000666804728098, 7.80768605182e-05, 5.08125231136e-06, 4.42930877398e-06, 1.90836817637e-06, 2.71104840976e-06, 2.4797639071e-06, 2.58071213466e-06, 3.39701864505e-06, 1.02464582596e-07, 4.15033156287e-07, 2.43093552399e-07, 6.04399929216e-07, 1.95402685677e-06, 3.96978322215e-07, 1.23417322584e-07, 4.51540614677e-07, 8.29386479495e-08, 1.47279763496e-07, 4.71327901153e-08, 6.7911962276e-08, 4.64050131654e-08, 6.85584069515e-08, 5.78661705219e-08, 9.63461421755e-10, 1.32689250212e-11],
        "dvar2": [2.30180876315e-06, 0.00185967446305, 0.000226886942983, 1.4190040929e-05, 1.06119305201e-05, 4.88066507387e-06, 7.59608929002e-06, 6.91667946739e-06, 6.09568496657e-06, 8.55984580994e-06, 2.47691161803e-07, 8.75175942383e-07, 5.08326252202e-07, 1.50076448335e-06, 5.34436821908e-06, 9.997769439e-07, 2.81825009552e-07, 1.15503166853e-06, 1.91773551705e-07, 3.22167750255e-07, 1.00992018304e-07, 1.27612196366e-07, 7.14915273647e-08, 9.61644985864e-08, 8.99146996858e-08, 1.47188927713e-09, 3.14063150486e-11],
        "max": [0.0112734520808, 0.201158106327, 0.0930266454816, 0.0232357401401, 0.0288441553712, 0.0167631432414, 0.0366741269827, 0.0202904697508, 0.0226691756397, 0.0372703075409, 0.00539477076381, 0.00967718567699, 0.0121214259416, 0.00951321423054, 0.0140956789255, 0.0131744425744, 0.0070049087517, 0.0076669966802, 0.00468223588541, 0.00534016359597, 0.0043806922622, 0.00448365788907, 0.00428314134479, 0.00421820115298, 0.00582027388737, 0.000778183049988, 7.65033764765e-05],
        "mean": [0.000954386719968, 0.0136003550142, 0.0149777475744, 0.00387846585363, 0.00332149560563, 0.00202780659311, 0.00143176328856, 0.000947659427766, 0.00173290993553, 0.000879828701727, 0.000367330620065, 0.000524632632732, 0.000324313936289, 0.000708535837475, 0.00106696470175, 0.000476131855976, 0.000452901615063, 0.000867920229211, 0.000440310337581, 0.000535250699613, 0.000229321129154, 0.000148779305164, 0.000137831128086, 0.000164131444762, 0.000115137110697, 1.89322709048e-05, 1.11889676191e-06],
        "median": [0.000160699535627, 0.00901512894779, 0.0110656805336, 0.00285125011578, 0.0024060360156, 0.00135400588624, 0.000910048838705, 0.000437522132415, 0.00103356980253, 0.000293342745863, 0.000236647552811, 0.000244260183536, 0.000135962516651, 0.000296497979434, 0.000419566058554, 0.000241082976572, 0.000258741347352, 0.000508755561896, 0.000313274736982, 0.000331346178427, 0.000114268506877, 5.00577079947e-05, 5.40049222764e-05, 4.62494754174e-05, 1.93164287339e-05, 5.73036004425e-06, 1.6239457068e-07],
        "min": [1.98722707941e-23, 3.78536987963e-23, 4.09501829531e-23, 1.37312600151e-23, 1.03897209512e-22, 6.65493472608e-23, 6.44955068733e-23, 3.97175972551e-23, 5.64636533025e-23, 1.10131444717e-22, 1.08545695458e-22, 4.70227553154e-23, 1.53510350537e-22, 6.83636137469e-23, 1.48637184384e-22, 1.3455676191e-22, 2.08267230696e-22, 1.48435526293e-22, 1.75873635811e-22, 2.56391204281e-22, 4.83639135176e-22, 4.86309650221e-22, 5.29955090053e-22, 7.41411313047e-22, 1.40382304058e-21, 2.10065101497e-21, 2.42130527722e-21],
        "stdev": [0.00153160397895, 0.0220233444124, 0.0131164593622, 0.003654015949, 0.00328409764916, 0.00202135439031, 0.00186197145376, 0.00181520765182, 0.00218013278209, 0.0024749559816, 0.000447328406153, 0.000993079738691, 0.000652957183775, 0.00105634168722, 0.00168511550874, 0.000795824162196, 0.000612797855865, 0.000951375579461, 0.000440365372924, 0.000577460741624, 0.000322263251292, 0.000411920802435, 0.000379870267352, 0.000479526672279, 0.000419473275542, 5.50846452825e-05, 4.19466186941e-06],
        "var": [2.34581057157e-06, 0.000485027703689, 0.000172041502083, 1.33518333314e-05, 1.07852974907e-05, 4.0858731154e-06, 3.46693764186e-06, 3.29497902385e-06, 4.75297883895e-06, 6.12540725342e-06, 2.00102704184e-07, 9.86207282949e-07, 4.26353068406e-07, 1.11585779905e-06, 2.83961435343e-06, 6.33336071587e-07, 3.75521238993e-07, 9.05115541627e-07, 1.93921664504e-07, 3.33460917545e-07, 1.03853594169e-07, 1.69678756379e-07, 1.44301409932e-07, 2.29945825936e-07, 1.75957836746e-07, 3.03431813009e-09, 1.75951891945e-11]
    },
    "erbbands": {
        "dmean": [0.262894034386, 2.05925178528, 4.95010566711, 5.82573699951, 4.56494951248, 5.97530603409, 5.6756234169, 9.22903442383, 8.53830528259, 13.4551115036, 15.7377691269, 15.268743515, 24.799741745, 9.40330410004, 8.69897079468, 9.20549488068, 7.71446800232, 16.5677433014, 29.4936771393, 25.7071609497, 14.8731966019, 13.0086708069, 24.528213501, 13.7184867859, 10.7083911896, 11.2214488983, 7.39645576477, 3.00876235962, 2.92601180077, 2.30359196663, 2.06014442444, 1.71270620823, 1.52048873901, 0.998288929462, 0.349022656679, 0.075933791697, 0.0164194274694, 0.0033638717141, 9.27701330511e-05, 1.89650763787e-05],
        "dmean2": [0.483745276928, 3.60396409035, 8.69703292847, 10.087647438, 7.59352445602, 9.2306060791, 8.8574924469, 14.5997104645, 12.8030509949, 22.3835697174, 25.542886734, 23.6965789795, 38.7239112854, 14.5982313156, 13.6300497055, 14.12840271, 12.2046546936, 25.6009292603, 47.2268333435, 41.6920051575, 23.4177589417, 19.8218822479, 39.0136795044, 22.0533809662, 16.961233139, 17.5438404083, 11.0828495026, 4.52481269836, 4.3328037262, 3.20977377892, 2.72283697128, 2.25954604149, 2.04114675522, 1.2387496233, 0.436138778925, 0.0986988246441, 0.0214759428054, 0.00453346595168, 0.000130067535792, 3.08874077746e-05],
        "dvar": [0.62858402729, 31.9877033234, 99.9668121338, 74.5198669434, 45.3777961731, 94.9668960571, 90.409034729, 201.321136475, 211.524383545, 999.170654297, 1359.14904785, 680.331359863, 3426.07543945, 614.667480469, 341.865844727, 329.535736084, 224.057510376, 1192.51293945, 3366.53173828, 2343.98925781, 1509.9161377, 451.866210938, 1445.65466309, 403.377197266, 336.115783691, 301.828643799, 176.265274048, 82.2198410034, 107.332817078, 46.9620361328, 39.3699073792, 27.9414424896, 22.6095161438, 12.4492645264, 1.54308950901, 0.0574377477169, 0.002106733853, 0.000102608035377, 7.270018898e-08, 1.37660671751e-09],
        "dvar2": [1.80102181435, 88.8923110962, 295.521484375, 207.249511719, 121.882453918, 223.77456665, 210.066635132, 529.921447754, 539.934143066, 2694.70092773, 3901.66064453, 1657.00793457, 9009.63574219, 1374.53356934, 822.063537598, 724.922119141, 499.250427246, 2973.37353516, 8965.66992188, 6130.53710938, 3849.99023438, 1038.95690918, 3655.61425781, 1020.40789795, 799.27331543, 651.627563477, 350.850860596, 184.210235596, 216.174285889, 75.7159881592, 57.6046905518, 40.8100090027, 33.922328949, 19.2177352905, 2.51488089561, 0.109577804804, 0.00275693787262, 0.000153866203618, 1.21610952419e-07, 3.68304675646e-09],
        "max": [5.57173919678, 45.8278579712, 99.3903121948, 86.6402740479, 89.1611633301, 165.320968628, 186.531616211, 204.969680786, 270.029602051, 577.524963379, 487.021148682, 433.781524658, 981.961669922, 434.150817871, 261.292266846, 290.030609131, 303.247375488, 450.468536377, 686.19317627, 533.146362305, 854.945373535, 484.735992432, 465.070098877, 374.113128662, 255.03024292, 247.527648926, 207.789825439, 164.828399658, 176.03175354, 132.104202271, 128.301025391, 91.0316467285, 72.7250289917, 79.1607208252, 33.2615203857, 6.65295553207, 1.14908576012, 0.277219563723, 0.00628962554038, 0.000320996943628],
        "mean": [0.263136535883, 3.60552191734, 15.2301616669, 16.6211338043, 10.8784837723, 12.2929830551, 11.6954832077, 19.4486865997, 19.1711120605, 22.6058387756, 25.0888385773, 28.7478981018, 42.8362693787, 19.5552959442, 16.5560646057, 17.0106201172, 14.6785287857, 29.1910762787, 50.5516090393, 41.5104904175, 28.9773426056, 28.7399044037, 45.859992981, 29.9718704224, 24.4365081787, 24.0853633881, 15.3977489471, 5.958152771, 5.35566473007, 4.68749427795, 3.8287987709, 3.13241934776, 2.88441205025, 1.67726516724, 0.586860835552, 0.128024280071, 0.0282338894904, 0.00499434862286, 0.00015350583999, 6.37444027234e-05],
        "median": [0.118488155305, 2.67311024666, 12.9067955017, 11.4827289581, 7.468562603, 9.20025634766, 7.49912834167, 12.0197038651, 12.7917394638, 13.6510505676, 12.1660270691, 18.2042751312, 20.6817703247, 11.1806545258, 9.18831348419, 9.31286239624, 8.57283878326, 11.4283752441, 21.426618576, 19.7110786438, 15.7785263062, 17.6664047241, 26.2530269623, 22.1354598999, 15.7559757233, 15.3669500351, 8.1743478775, 2.47539830208, 1.65788388252, 1.94229030609, 1.38304448128, 0.978722274303, 0.706410288811, 0.271417617798, 0.122686520219, 0.0372228547931, 0.00820217467844, 0.00110010534991, 5.27207666892e-05, 5.47349118278e-05],
        "min": [2.41568343789e-21, 3.86478532737e-21, 2.56615255924e-20, 6.10312144388e-20, 1.3972104182e-19, 5.02817244977e-19, 3.86101750353e-19, 5.72962522813e-19, 1.19857953771e-18, 4.99025914338e-19, 1.0863904788e-18, 1.10634734845e-18, 3.47405889746e-18, 3.29260752431e-18, 4.15935363313e-18, 2.0729255752e-18, 7.56720871667e-18, 4.41666346551e-18, 4.6142918031e-18, 8.89595194801e-18, 8.80674134613e-18, 1.14861911084e-17, 8.92239608501e-18, 9.4424966485e-18, 7.99740550093e-18, 1.25140961956e-17, 2.19655297034e-17, 1.50085635575e-17, 1.63865108004e-17, 1.3425930472e-17, 1.6658658185e-17, 1.64994044104e-17, 1.26482516561e-17, 1.69451968579e-17, 9.17169922265e-18, 5.97098215861e-18, 3.67671897472e-18, 1.61707378425e-18, 3.90230157091e-19, 3.54464276197e-20],
        "stdev": [0.64056622982, 4.91709899902, 11.3817443848, 13.1625270844, 10.2908391953, 12.8208341599, 16.1591892242, 20.6530838013, 20.8076076508, 35.0618629456, 42.9070587158, 33.5674781799, 79.5387649536, 36.1959609985, 26.8036460876, 26.8842658997, 20.3755283356, 46.7487297058, 73.4577636719, 60.0890617371, 46.3285980225, 36.8857841492, 52.3273582458, 28.7607002258, 28.178194046, 25.9853115082, 19.325006485, 12.7546644211, 15.2317018509, 11.9208478928, 11.0546684265, 9.39347839355, 8.5212802887, 6.07066011429, 2.11610484123, 0.395562142134, 0.0832797139883, 0.0161300878972, 0.000407310959417, 3.94959533878e-05],
        "var": [0.410325109959, 24.1778640747, 129.544113159, 173.252120972, 105.901367188, 164.373779297, 261.119415283, 426.549835205, 432.956542969, 1229.33410645, 1841.015625, 1126.7755127, 6326.41503906, 1310.14770508, 718.43548584, 722.763793945, 415.16217041, 2185.44360352, 5396.04345703, 3610.6953125, 2146.33886719, 1360.56115723, 2738.15234375, 827.177856445, 794.010620117, 675.23638916, 373.4559021, 162.681472778, 232.004730225, 142.106613159, 122.205696106, 88.2374420166, 72.6122207642, 36.8529167175, 4.47790002823, 0.156469419599, 0.00693551031873, 0.000260179745965, 1.65902221738e-07, 1.55993029605e-09]
    },
    "gfcc": {
        "mean": [36.6945152283, 106.873908997, -114.796295166, 51.990322113, -48.7570114136, 12.3440856934, -35.4836997986, 17.1994991302, -21.8142166138, -0.281420528889, -15.4048070908, -10.6097745895, -10.9802179337],
        "cov": [[2683.21118164, -436.553649902, -68.6015930176, 111.935516357, -71.4246520996, 139.777908325, -116.984741211, 143.958694458, -59.4393081665, 93.5390930176, -61.3305931091, 28.1035003662, -67.5288162231], [-436.553649902, 774.698852539, -324.582122803, -79.7430648804, 130.982254028, -148.856964111, 113.666152954, -78.5334243774, 63.2461853027, -97.080116272, 81.9948425293, -60.4740028381, 77.7653808594], [-68.6015930176, -324.582122803, 474.116973877, 47.9112663269, -96.5625457764, 54.513381958, -73.462272644, 2.98505663872, -34.475025177, 54.7657051086, -42.0523986816, 75.3624343872, -25.0783634186], [111.935516357, -79.7430648804, 47.9112663269, 157.889541626, -18.7781162262, -14.7498636246, -20.2491645813, 14.4028558731, 19.3012695312, -11.8790016174, -7.04560756683, 2.19424080849, 32.4220161438], [-71.4246520996, 130.982254028, -96.5625457764, -18.7781162262, 149.358612061, -17.8278617859, 25.9583072662, 12.4970140457, 1.785384655, -8.8563117981, 14.9151535034, 2.70911097527, 18.502664566], [139.777908325, -148.856964111, 54.513381958, -14.7498636246, -17.8278617859, 150.930007935, 26.5924415588, -0.12768496573, -8.66875839233, 18.4427013397, -3.93526339531, 12.5503501892, -18.697933197], [-116.984741211, 113.666152954, -73.462272644, -20.2491645813, 25.9583072662, 26.5924415588, 105.882270813, -8.41941165924, 11.52277565, -22.3760528564, 17.8177604675, -11.9768228531, 1.36297678947], [143.958694458, -78.5334243774, 2.98505663872, 14.4028558731, 12.4970140457, -0.12768496573, -8.41941165924, 96.4040756226, 26.5291976929, 11.6952848434, -19.8697414398, 9.28252696991, 11.1458339691], [-59.4393081665, 63.2461853027, -34.475025177, 19.3012695312, 1.785384655, -8.66875839233, 11.52277565, 26.5291976929, 85.3277587891, -3.37814474106, -9.6909236908, -15.5051612854, 25.127702713], [93.5390930176, -97.080116272, 54.7657051086, -11.8790016174, -8.8563117981, 18.4427013397, -22.3760528564, 11.6952848434, -3.37814474106, 78.1759185791, 13.1083669662, 9.43706035614, -13.8004245758], [-61.3305931091, 81.9948425293, -42.0523986816, -7.04560756683, 14.9151535034, -3.93526339531, 17.8177604675, -19.8697414398, -9.6909236908, 13.1083669662, 76.2751846313, 11.3834409714, 3.17464852333], [28.1035003662, -60.4740028381, 75.3624343872, 2.19424080849, 2.70911097527, 12.5503501892, -11.9768228531, 9.28252696991, -15.5051612854, 9.43706035614, 11.3834409714, 72.4392318726, 14.4330072403], [-67.5288162231, 77.7653808594, -25.0783634186, 32.4220161438, 18.502664566, -18.697933197, 1.36297678947, 11.1458339691, 25.127702713, -13.8004245758, 3.17464852333, 14.4330072403, 79.0110397339]],
        "icov": [[0.000714293215424, -0.000777425419074, 0.000892143580131, -0.00140741909854, 0.000774396408815, -0.00143489427865, 0.00116851495113, -0.0014564661542, 0.001362661249, -0.00147244869731, 0.00144657690544, -0.00123032170814, 0.00137681828346], [-0.000777425419074, 0.00741358427331, -0.000863352208398, 0.0057432744652, -0.0036985038314, 0.00678322603926, -0.00477892206982, 0.00609332043678, -0.00591346202418, 0.00651225401089, -0.00709503469989, 0.00490088993683, -0.00648975977674], [0.000892143580131, -0.000863352208398, 0.00527662876993, -0.00311242579482, 0.00259602232836, -0.00236378097907, 0.00226659071632, -0.000765757460613, 0.00213288445957, -0.00413314206526, 0.00466253515333, -0.00600741570815, 0.00297564431094], [-0.00140741909854, 0.0057432744652, -0.00311242579482, 0.0134801222011, -0.00270934426226, 0.00639130780473, -0.00325698265806, 0.00452695414424, -0.0064390860498, 0.00821932405233, -0.0078178178519, 0.00666434736922, -0.00923032872379], [0.000774396408815, -0.0036985038314, 0.00259602232836, -0.00270934426226, 0.0105845537037, -0.00301382923499, 0.00129089737311, -0.00485574407503, 0.00454686954618, -0.00426036631688, 0.00388752762228, -0.0045650023967, 0.00219616107643], [-0.00143489427865, 0.00678322603926, -0.00236378097907, 0.00639130780473, -0.00301382923499, 0.0152475098148, -0.00873475056142, 0.00651854509488, -0.00582195213065, 0.00465386733413, -0.00592898949981, 0.00385819468647, -0.00553251244128], [0.00116851495113, -0.00477892206982, 0.00226659071632, -0.00325698265806, 0.00129089737311, -0.00873475056142, 0.0173481497914, -0.00448265159503, 0.00228385697119, -0.000503006624058, 0.00163936277386, -0.0025555123575, 0.00530867557973], [-0.0014564661542, 0.00609332043678, -0.000765757460613, 0.00452695414424, -0.00485574407503, 0.00651854509488, -0.00448265159503, 0.0195996221155, -0.00977115985006, 0.0029715297278, -0.00196042796597, 0.00110549735837, -0.0058472007513], [0.001362661249, -0.00591346202418, 0.00213288445957, -0.0064390860498, 0.00454686954618, -0.00582195213065, 0.00228385697119, -0.00977115985006, 0.0216178353876, -0.00758862076327, 0.0079027460888, -0.000812595535535, 0.000830936187413], [-0.00147244869731, 0.00651225401089, -0.00413314206526, 0.00821932405233, -0.00426036631688, 0.00465386733413, -0.000503006624058, 0.0029715297278, -0.00758862076327, 0.0249244850129, -0.0138650797307, 0.00718229496852, -0.00465227616951], [0.00144657690544, -0.00709503469989, 0.00466253515333, -0.0078178178519, 0.00388752762228, -0.00592898949981, 0.00163936277386, -0.00196042796597, 0.0079027460888, -0.0138650797307, 0.0266427472234, -0.0117753166705, 0.00698774028569], [-0.00123032170814, 0.00490088993683, -0.00600741570815, 0.00666434736922, -0.0045650023967, 0.00385819468647, -0.0025555123575, 0.00110549735837, -0.000812595535535, 0.00718229496852, -0.0117753166705, 0.0263876933604, -0.0114806359634], [0.00137681828346, -0.00648975977674, 0.00297564431094, -0.00923032872379, 0.00219616107643, -0.00553251244128, 0.00530867557973, -0.0058472007513, 0.000830936187413, -0.00465227616951, 0.00698774028569, -0.0114806359634, 0.0246020331979]]
    },
    "melbands": {
        "dmean": [0.00242137978785, 0.00243270443752, 0.000903641921468, 0.000318280159263, 0.000220378642553, 0.000196752298507, 0.00012982483895, 0.000146093865624, 0.000129817053676, 0.000111815774289, 0.000128029161715, 4.35212932643e-05, 2.86296253762e-05, 3.23213316733e-05, 2.39148303081e-05, 2.28528351727e-05, 3.31846385961e-05, 4.80574162793e-05, 5.6949123973e-05, 1.87525201909e-05, 1.873551264e-05, 1.42739036164e-05, 1.63449585671e-05, 2.67060495389e-05, 1.06885408968e-05, 7.48072307033e-06, 9.17904981179e-06, 8.0802001321e-06, 6.19487582298e-06, 2.42796159e-06, 1.68850021964e-06, 1.79892322194e-06, 1.53287203375e-06, 1.34794606765e-06, 1.27479734147e-06, 1.1359952623e-06, 1.08966821699e-06, 1.16429237096e-06, 1.05168237496e-06, 8.18741114017e-07],
        "dmean2": [0.00436981208622, 0.00426603900269, 0.00156500120647, 0.000511967169587, 0.000339538644766, 0.000311065028654, 0.000198902242118, 0.000242797046667, 0.000206596931093, 0.000174510016222, 0.000200421534828, 6.76318086335e-05, 4.52885142295e-05, 4.83255171275e-05, 3.76918324037e-05, 3.56194068445e-05, 5.19658424309e-05, 7.67259043641e-05, 9.43436170928e-05, 3.0223869544e-05, 3.02706012008e-05, 2.20842357521e-05, 2.61933328147e-05, 4.28688908869e-05, 1.75188379217e-05, 1.20921231428e-05, 1.4515926523e-05, 1.28141182358e-05, 9.49521017901e-06, 3.68027804143e-06, 2.61505579147e-06, 2.73187902167e-06, 2.28878116104e-06, 1.87827515674e-06, 1.70764485574e-06, 1.56128567141e-06, 1.41322971103e-06, 1.67837151821e-06, 1.40139570703e-06, 1.00321904029e-06],
        "dvar": [5.20038229297e-05, 3.00780720863e-05, 1.78178584065e-06, 2.13957278561e-07, 1.16982768361e-07, 8.42087928277e-08, 5.86683057691e-08, 1.03320815015e-07, 8.40427958337e-08, 3.99092741077e-08, 9.3695618375e-08, 1.70194809357e-08, 2.60292898346e-09, 6.35890051726e-09, 2.21850826598e-09, 3.25941496016e-09, 4.36184244279e-09, 9.07614339241e-09, 1.48456313909e-08, 1.2975496233e-09, 2.82092416093e-09, 6.64984289855e-10, 6.90533741299e-10, 1.60447910513e-09, 2.74139655421e-10, 1.41069156356e-10, 2.63574190251e-10, 1.72949626842e-10, 1.34668790008e-10, 2.69548463411e-11, 3.41688101424e-11, 3.83126169679e-11, 2.94282133384e-11, 1.48627551239e-11, 1.45872567497e-11, 1.34824287151e-11, 1.1034746901e-11, 1.33523574142e-11, 1.3186338306e-11, 8.77336137767e-12],
        "dvar2": [0.000145687023178, 8.64876128617e-05, 4.94295727549e-06, 5.19950503985e-07, 2.76639013919e-07, 2.21189878857e-07, 1.54048180434e-07, 2.73862013955e-07, 2.32550874557e-07, 9.59200789907e-08, 2.44716829911e-07, 3.77563011966e-08, 6.42673558815e-09, 1.30891635308e-08, 5.86594550711e-09, 7.41242844882e-09, 1.07325437426e-08, 2.34513848341e-08, 3.98704678162e-08, 3.30984106789e-09, 7.32404537018e-09, 1.49766932189e-09, 1.69933911387e-09, 4.25903046164e-09, 7.02546520959e-10, 3.46065121004e-10, 6.30911378696e-10, 3.83882758914e-10, 2.90428930905e-10, 5.6257797032e-11, 7.58684989832e-11, 7.86598841618e-11, 6.16867529279e-11, 2.56411818861e-11, 2.2716134529e-11, 2.34291995527e-11, 1.69256015453e-11, 2.41871054435e-11, 2.16644861772e-11, 1.41113136801e-11],
        "max": [0.0537729337811, 0.0501464307308, 0.0129342349246, 0.00650770356879, 0.006703926716, 0.00403353199363, 0.0050771557726, 0.0051158182323, 0.00354254292324, 0.00338936178014, 0.00537968240678, 0.00251413998194, 0.000773116305936, 0.00135354278609, 0.000997430528514, 0.00130224553868, 0.000756617868319, 0.00101404683664, 0.0014584318269, 0.000479889189592, 0.00117830035742, 0.000573786499444, 0.000315944780596, 0.000519601802807, 0.000322485837387, 0.000178802074515, 0.000207648103242, 0.000175051362021, 0.000194594016648, 0.00010601732356, 0.000117393872642, 9.46453001234e-05, 0.00010492556612, 7.70463448134e-05, 7.70998158259e-05, 6.87180290697e-05, 6.08421760262e-05, 5.7048684539e-05, 5.77079008508e-05, 6.93983020028e-05],
        "mean": [0.00315244891681, 0.00686779757962, 0.00277503044344, 0.000758526439313, 0.000462465482997, 0.000429163163062, 0.000288585579256, 0.000233791288338, 0.000211178747122, 0.000203625066206, 0.000218718108954, 8.43515663291e-05, 5.5028416682e-05, 5.19850473211e-05, 4.22359444201e-05, 3.52541173925e-05, 5.59635227546e-05, 7.83815557952e-05, 8.50923461257e-05, 3.19242972182e-05, 3.34217656928e-05, 2.95226545859e-05, 2.97276183119e-05, 4.75336346426e-05, 2.14300380321e-05, 1.55185443873e-05, 1.96456949197e-05, 1.52555676323e-05, 1.16554156193e-05, 4.75825254398e-06, 2.92508730126e-06, 3.03918500322e-06, 2.81902134702e-06, 2.56033331425e-06, 2.28063299801e-06, 1.86868180663e-06, 1.93326286535e-06, 2.10549569601e-06, 1.80438019015e-06, 1.2869808188e-06],
        "median": [0.00181808008347, 0.00566902616993, 0.00218522804789, 0.000582221255172, 0.000318671547575, 0.000283593632048, 0.000200100475922, 0.000133498324431, 0.000102425918158, 0.000126219747472, 0.000102751073427, 4.22798657382e-05, 3.33806674462e-05, 1.76154044311e-05, 2.4998364097e-05, 1.27775047076e-05, 2.12780378206e-05, 3.25774853991e-05, 3.23898129864e-05, 1.61310090334e-05, 1.64701777976e-05, 1.60847994266e-05, 1.77424299181e-05, 2.68606363534e-05, 1.51099848154e-05, 1.04553164419e-05, 1.12120069389e-05, 8.82358835952e-06, 5.67801862417e-06, 2.22031621888e-06, 9.8863790754e-07, 8.1579412381e-07, 1.05147114482e-06, 1.05903643544e-06, 8.14698580598e-07, 5.8880857523e-07, 5.5559280554e-07, 5.56153509024e-07, 3.22509379203e-07, 1.95664554781e-07],
        "min": [1.59649133573e-23, 1.09764733259e-23, 1.27294279647e-23, 2.22161327379e-23, 1.513702277e-23, 1.358265282e-23, 1.72768663511e-23, 6.22714334579e-24, 8.38400502322e-24, 7.50265412117e-24, 1.73472721869e-23, 1.26907083049e-23, 1.54673708958e-23, 5.84929396055e-24, 9.92041339919e-24, 1.61611787951e-23, 6.74900717789e-24, 5.68874814456e-24, 1.28605800345e-23, 1.02409544063e-23, 1.06639881664e-23, 1.37065986455e-23, 7.181223279e-24, 7.82174046872e-24, 7.72119383546e-24, 5.39707195245e-24, 6.94752639127e-24, 8.00871075845e-24, 1.58274638109e-23, 9.22609116258e-24, 8.76624994143e-24, 9.67887128976e-24, 9.33635261788e-24, 6.44372116302e-24, 9.81205073209e-24, 9.98885576019e-24, 1.07012184569e-23, 8.92310309952e-24, 1.06200959457e-23, 1.49234781229e-23],
        "stdev": [0.00602480676025, 0.00511459633708, 0.00193420634605, 0.000659548677504, 0.000578844337724, 0.00042231605039, 0.000312276766635, 0.000369852874428, 0.000353722803993, 0.00025697183446, 0.000418303534389, 0.000187906305655, 7.21492033335e-05, 0.000125060192659, 6.14752352703e-05, 7.30859028408e-05, 9.07463690965e-05, 0.000119517782878, 0.000144047604408, 4.95450512972e-05, 5.95365745539e-05, 4.33676977991e-05, 3.52913266397e-05, 5.44747417734e-05, 2.22751623369e-05, 1.6913512809e-05, 2.49998211075e-05, 1.78607187991e-05, 1.572441397e-05, 7.50261506255e-06, 7.99693862064e-06, 9.00052873476e-06, 7.79760466685e-06, 6.5600893322e-06, 6.55809935779e-06, 5.91911339143e-06, 5.80713958698e-06, 6.0876027419e-06, 6.09760581938e-06, 4.92240496897e-06],
        "var": [3.62982937077e-05, 2.61590976152e-05, 3.7411541598e-06, 4.35004494648e-07, 3.35060747148e-07, 1.78350845204e-07, 9.75167822048e-08, 1.36791157956e-07, 1.25119825611e-07, 6.60345165215e-08, 1.74977841993e-07, 3.53087798999e-08, 5.20550713645e-09, 1.56400510321e-08, 3.77920450489e-09, 5.341549425e-09, 8.23490342583e-09, 1.42844998052e-08, 2.07497130589e-08, 2.45471198923e-09, 3.54460372165e-09, 1.88075710561e-09, 1.24547760993e-09, 2.967497581e-09, 4.96182817056e-10, 2.86066892397e-10, 6.24991058906e-10, 3.19005294402e-10, 2.47257186947e-10, 5.62892336908e-11, 6.39510250311e-11, 8.10095185377e-11, 6.08026337612e-11, 4.30347736613e-11, 4.3008666073e-11, 3.5035904733e-11, 3.37228717173e-11, 3.70589045562e-11, 3.71807966359e-11, 2.42300728093e-11]
    },
    "melbands128": {
