{
"lowlevel": {
    "average_loudness": 0.877021968365,
    "barkbands_crest": {
        "dmean": 2.86329174042,
        "dmean2": 4.50610733032,
        "dvar": 8.97796916962,
        "dvar2": 21.4606628418,
        "max": 24.5844516754,
        "mean": 12.4352350235,
        "median": 11.8830623627,
        "min": 3.15342116356,
        "stdev": 4.90733194351,
        "var": 24.081905365
    },
    "barkbands_flatness_db": {
        "dmean": 0.0480555258691,
        "dmean2": 0.06326944381,
        "dvar": 0.00270142871886,
        "dvar2": 0.00434692250565,
        "max": 0.667368590832,
        "mean": 0.226221874356,
        "median": 0.212607085705,
        "min": 0.0330097191036,
        "stdev": 0.106036521494,
        "var": 0.011243743822
    },
    "barkbands_kurtosis": {
        "dmean": 14.4268712997,
        "dmean2": 23.3465938568,
        "dvar": 2103.8581543,
        "dvar2": 5783.84179688,
        "max": 659.37109375,
        "mean": 16.196105957,
        "median": 5.06896877289,
        "min": -1.95245993137,
        "stdev": 43.7281990051,
        "var": 1912.15539551
    },
    "barkbands_skewness": {
        "dmean": 1.34977936745,
        "dmean2": 2.03217482567,
        "dvar": 3.37130999565,
        "dvar2": 8.641248703,
        "max": 18.9493141174,
        "mean": 2.20241999626,
        "median": 1.91945779324,
        "min": -5.4491558075,
        "stdev": 2.38003230095,
        "var": 5.66455411911
    },
    "barkbands_spread": {
        "dmean": 11.7825737,
        "dmean2": 18.3179893494,
        "dvar": 330.920196533,
        "dvar2": 739.827270508,
        "max": 127.896751404,
        "mean": 19.109331131,
        "median": 10.7917718887,
        "min": 0.147569313645,
        "stdev": 22.0792865753,
        "var": 487.494873047
    },
    "dissonance": {
        "dmean": 0.0321833454072,
        "dmean2": 0.0518974922597,
        "dvar": 0.00110939296428,
        "dvar2": 0.00284628593363,
        "max": 0.500000059605,
        "mean": 0.438044369221,
        "median": 0.453823715448,
        "min": 0.181922644377,
        "stdev": 0.0507386736572,
        "var": 0.00257441308349
    },
    "dynamic_complexity": 4.39927482605,
    "erbbands_crest": {
        "dmean": 3.33011603355,
        "dmean2": 5.43823671341,
        "dvar": 9.91010665894,
        "dvar2": 23.1581420898,
        "max": 28.0908584595,
        "mean": 10.3413915634,
        "median": 9.43155765533,
        "min": 2.67188620567,
        "stdev": 4.41932535172,
        "var": 19.5304374695
    },
    "erbbands_flatness_db": {
        "dmean": 0.0330870784819,
        "dmean2": 0.0488854013383,
        "dvar": 0.00127690879162,
        "dvar2": 0.00255934521556,
        "max": 0.393082290888,
        "mean": 0.195977389812,
        "median": 0.193732708693,
        "min": 0.046880941838,
        "stdev": 0.0658113062382,
        "var": 0.00433112774044
    },
    "erbbands_kurtosis": {
        "dmean": 2.94238829613,
        "dmean2": 4.76673793793,
        "dvar": 23.7136631012,
        "dvar2": 50.9429359436,
        "max": 51.4747543335,
        "mean": 2.49802112579,
        "median": 0.74798822403,
        "min": -1.93762028217,
        "stdev": 5.79963874817,
        "var": 33.6358108521
    },
    "erbbands_skewness": {
        "dmean": 0.806301236153,
        "dmean2": 1.22521400452,
        "dvar": 0.77896553278,
        "dvar2": 1.62708771229,
        "max": 6.25210285187,
        "mean": 0.662706017494,
        "median": 0.620451331139,
        "min": -4.45476579666,
        "stdev": 1.28947460651,
        "var": 1.66274476051
    },
    "erbbands_spread": {
        "dmean": 18.0847244263,
        "dmean2": 28.7526416779,
        "dvar": 639.626953125,
        "dvar2": 1525.07824707,
        "max": 239.719223022,
        "mean": 39.8364753723,
        "median": 30.2824554443,
        "min": 2.9252781868,
        "stdev": 32.7682723999,
        "var": 1073.75976562
    },
    "hfc": {
        "dmean": 36.8603897095,
        "dmean2": 58.5361289978,
        "dvar": 7591.76953125,
        "dvar2": 18500.3320312,
        "max": 619.059265137,
        "mean": 36.932888031,
        "median": 9.10052680969,
        "min": 1.23515231106e-16,
        "stdev": 82.6342010498,
        "var": 6828.41162109
    },
    "loudness_ebu128": {
        "integrated": -10.1230831146,
        "loudness_range": 3.39149284363,
        "momentary": {
            "dmean": 0.992272436619,
            "dmean2": 1.41870629787,
            "dvar": 1.09297347069,
            "dvar2": 1.78014576435,
            "max": -6.62415838242,
            "mean": -10.8988838196,
            "median": -9.85916805267,
            "min": -26.8529586792,
            "stdev": 3.01465344429,
            "var": 9.0881357193
        },
        "short_term": {
            "dmean": 0.125744208694,
            "dmean2": 0.159598320723,
            "dvar": 0.0138509226963,
            "dvar2": 0.0154156405479,
            "max": -8.79598999023,
            "mean": -10.3202829361,
            "median": -9.89771270752,
            "min": -14.976269722,
            "stdev": 1.23230552673,
            "var": 1.51857686043
        }
    },
    "melbands_crest": {
        "dmean": 3.6332783699,
        "dmean2": 5.69699811935,
        "dvar": 18.0478801727,
        "dvar2": 40.9963645935,
        "max": 39.7972221375,
        "mean": 18.4030151367,
        "median": 15.1396722794,
        "min": 1.95286607742,
        "stdev": 9.52612400055,
        "var": 90.7470474243
    },
    "melbands_flatness_db": {
        "dmean": 0.0605720765889,
        "dmean2": 0.0774221941829,
        "dvar": 0.00428805220872,
        "dvar2": 0.00760379526764,
        "max": 0.823258757591,
        "mean": 0.290845841169,
        "median": 0.274493277073,
        "min": 0.00539726018906,
        "stdev": 0.140307128429,
        "var": 0.0196860898286
    },
    "melbands_kurtosis": {
        "dmean": 61.1748809814,
        "dmean2": 98.4035491943,
        "dvar": 87971.8359375,
        "dvar2": 225762.484375,
        "max": 3947.5534668,
        "mean": 66.5796203613,
        "median": 12.4148845673,
        "min": -1.92387449741,
        "stdev": 301.086029053,
        "var": 90652.796875
    },
    "melbands_skewness": {
        "dmean": 1.91158437729,
        "dmean2": 2.84705591202,
        "dvar": 13.8261156082,
        "dvar2": 31.756729126,
        "max": 54.4323005676,
        "mean": 3.92315864563,
        "median": 2.80054235458,
        "min": -3.62862563133,
        "stdev": 5.07549953461,
        "var": 25.7606945038
    },
    "melbands_spread": {
        "dmean": 16.7418632507,
        "dmean2": 27.2645111084,
        "dvar": 1294.5390625,
        "dvar2": 3143.61157227,
        "max": 258.673553467,
        "mean": 23.6858978271,
        "median": 10.8281421661,
        "min": 0.0481320396066,
        "stdev": 39.4146652222,
        "var": 1553.51586914
    },
    "pitch_salience": {
        "dmean": 0.0930592939258,
        "dmean2": 0.142391875386,
        "dvar": 0.00905293412507,
        "dvar2": 0.0204113516957,
        "max": 0.881470561028,
        "mean": 0.528554558754,
        "median": 0.575317144394,
        "min": 0.0172394458205,
        "stdev": 0.205375269055,
        "var": 0.0421789996326
    },
    "silence_rate_20dB": {
        "dmean": 0,
        "dmean2": 0,
        "dvar": 0,
        "dvar2": 0,
        "max": 1,
        "mean": 1,
        "median": 1,
        "min": 1,
        "stdev": 0,
        "var": 0
    },
    "silence_rate_30dB": {
        "dmean": 0.0479876175523,
        "dmean2": 0.0960495769978,
        "dvar": 0.0456847026944,
        "dvar2": 0.108511917293,
        "max": 1,
        "mean": 0.941995382309,
        "median": 1,
        "min": 0,
        "stdev": 0.233752280474,
        "var": 0.0546401292086
    },
    "silence_rate_60dB": {
        "dmean": 0.0890092849731,
        "dmean2": 0.178156465292,
        "dvar": 0.0810850858688,
        "dvar2": 0.161907956004,
        "max": 1,
        "mean": 0.187935039401,
        "median": 0,
        "min": 0,
        "stdev": 0.390662431717,
        "var": 0.152617141604
    },
    "spectral_centroid": {
        "dmean": 541.419799805,
        "dmean2": 817.272583008,
        "dvar": 808131.625,
        "dvar2": 1761100.375,
        "max": 10996.8857422,
        "mean": 1132.27587891,
        "median": 755.544555664,
        "min": 69.5212860107,
        "stdev": 1102.84790039,
        "var": 1216273.625
    },
    "spectral_complexity": {
        "dmean": 4.58049535751,
        "dmean2": 6.28505039215,
        "dvar": 43.7899436951,
        "dvar2": 86.2393951416,
        "max": 55,
        "mean": 9.9373550415,
        "median": 8,
        "min": 0,
        "stdev": 8.96757888794,
        "var": 80.4174728394
    },
    "spectral_decrease": {
        "dmean": 2.54158760704e-09,
        "dmean2": 3.48800699435e-09,
        "dvar": 1.41953474081e-17,
        "dvar2": 2.51135458499e-17,
        "max": -3.31786030236e-29,
        "mean": -9.19032761004e-09,
        "median": -6.09172490229e-09,
        "min": -4.01782713766e-08,
        "stdev": 9.28144761048e-09,
        "var": 8.6145262439e-17
    },
    "spectral_energy": {
        "dmean": 0.0113823199645,
        "dmean2": 0.0160223208368,
        "dvar": 0.000275537749985,
        "dvar2": 0.000521759560797,
        "max": 0.159889876842,
        "mean": 0.0380363501608,
        "median": 0.0258012004197,
        "min": 1.13284153957e-20,
        "stdev": 0.036793012172,
        "var": 0.00135372579098
    },
    "spectral_energyband_high": {
        "dmean": 0.0031193678733,
        "dmean2": 0.00508351158351,
        "dvar": 6.8540481152e-05,
        "dvar2": 0.000166216676007,
        "max": 0.0574008747935,
        "mean": 0.00252653448842,
        "median": 0.000114637397928,
        "min": 8.43276787947e-21,
        "stdev": 0.00766514940187,
        "var": 5.87545182498e-05
    },
    "spectral_energyband_low": {
        "dmean": 0.00371387205087,
        "dmean2": 0.00515580130741,
        "dvar": 0.000110710054287,
        "dvar2": 0.000172902218765,
        "max": 0.11636762321,
        "mean": 0.0198354534805,
        "median": 0.00166180008091,
        "min": 3.08984636563e-23,
        "stdev": 0.032096106559,
        "var": 0.00103016011417
    },
    "spectral_energyband_middle_high": {
        "dmean": 0.00336340069771,
        "dmean2": 0.00487313233316,
        "dvar": 4.49006074632e-05,
        "dvar2": 9.37945078476e-05,
        "max": 0.0700239166617,
        "mean": 0.00403961725533,
        "median": 0.000714246707503,
        "min": 1.77161145161e-21,
        "stdev": 0.00821577291936,
        "var": 6.74989278195e-05
    },
    "spectral_energyband_middle_low": {
        "dmean": 0.00651647150517,
        "dmean2": 0.00936242844909,
        "dvar": 0.000108062886284,
        "dvar2": 0.000239119588514,
        "max": 0.152919232845,
        "mean": 0.012396032922,
        "median": 0.00875203404576,
        "min": 2.88114444102e-22,
        "stdev": 0.0140448333696,
        "var": 0.000197257351829
    },
    "spectral_entropy": {
        "dmean": 0.452508896589,
        "dmean2": 0.628318369389,
        "dvar": 0.264971762896,
        "dvar2": 0.488174885511,
        "max": 9.80939674377,
        "mean": 7.17720651627,
        "median": 7.12149143219,
        "min": 4.85768127441,
        "stdev": 0.880625903606,
        "var": 0.775502026081
    },
    "spectral_flux": {
        "dmean": 0.0413416400552,
        "dmean2": 0.0631391629577,
        "dvar": 0.00225341529585,
        "dvar2": 0.00434031011537,
        "max": 0.374138355255,
        "mean": 0.0867831259966,
        "median": 0.066989466548,
        "min": 1.06435027458e-10,
        "stdev": 0.0716866776347,
        "var": 0.00513897929341
    },
    "spectral_kurtosis": {
        "dmean": 6.16662406921,
        "dmean2": 9.19705486298,
        "dvar": 113.934280396,
        "dvar2": 220.658889771,
        "max": 257.606567383,
        "mean": 10.7906894684,
        "median": 6.13620185852,
        "min": -1.51599955559,
        "stdev": 19.7481231689,
        "var": 389.98840332
    },
    "spectral_rms": {
        "dmean": 0.00106123439036,
        "dmean2": 0.001402827329,
        "dvar": 1.9737110506e-06,
        "dvar2": 3.24064399138e-06,
        "max": 0.0124896010384,
        "mean": 0.00512367160991,
        "median": 0.00501716090366,
        "min": 3.32447177426e-12,
        "stdev": 0.00329493847676,
        "var": 1.08566200652e-05
    },
    "spectral_rolloff": {
        "dmean": 1553.30725098,
        "dmean2": 2649.10083008,
        "dvar": 9968971,
        "dvar2": 20786224,
        "max": 18647.7539062,
        "mean": 2306.51074219,
        "median": 645.99609375,
        "min": 21.533203125,
        "stdev": 3794.29541016,
        "var": 14396677
    },
    "spectral_skewness": {
        "dmean": 0.671839475632,
        "dmean2": 0.9849588871,
        "dvar": 0.605587542057,
        "dvar2": 1.18891274929,
        "max": 13.1903114319,
        "mean": 2.22257208824,
        "median": 2.08088183403,
        "min": -0.392379134893,
        "stdev": 1.47751247883,
        "var": 2.1830432415
    },
    "spectral_spread": {
        "dmean": 1736084.75,
        "dmean2": 2615433.25,
        "dvar": 6.30995497779e+12,
        "dvar2": 1.06194481971e+13,
        "max": 39849820,
        "mean": 5771787,
        "median": 4465421.5,
        "min": 492393.65625,
        "stdev": 4027948.5,
        "var": 1.62243700326e+13
    },
    "spectral_strongpeak": {
        "dmean": 0.48998054862,
        "dmean2": 0.795001864433,
        "dvar": 1.23728346825,
        "dvar2": 3.1947145462,
        "max": 10.8760089874,
        "mean": 0.813607037067,
        "median": 0.447680264711,
        "min": 0,
        "stdev": 1.16987228394,
        "var": 1.36860108376
    },
    "zerocrossingrate": {
        "dmean": 0.0301967188716,
        "dmean2": 0.0357659384608,
        "dvar": 0.00192081101704,
        "dvar2": 0.00266769877635,
        "max": 0.50927734375,
        "mean": 0.0706172510982,
        "median": 0.03759765625,
        "min": 0.0009765625,
        "stdev": 0.084782473743,
        "var": 0.00718806777149
    },
    "barkbands": {
        "dmean": [0.000936708005611, 0.00261643482372, 0.00020656628476, 0.000891797419172, 0.00159097451251, 0.00150821905117, 0.00180742889643, 0.00172362162266, 0.00145313388202, 0.000716266280506, 0.000755839981139, 0.000541190151125, 0.000726321421098, 0.000690964050591, 0.000294768833555, 0.000277168059256, 0.00027668333496, 0.000199941423489, 0.000111758825369, 9.08684160095e-05, 9.47930820985e-05, 0.000171680672793, 0.000619225262199, 0.000459330505691, 0.00079502153676, 0.000937675707974, 5.75302183279e-05],
        "dmean2": [0.00142005702946, 0.00358115346171, 0.000322850974044, 0.00122440012638, 0.0022511491552, 0.00226047472097, 0.00291358842514, 0.00307214888744, 0.00225144345313, 0.00120298808906, 0.00122372957412, 0.000904182496015, 0.00118032493629, 0.00111832201947, 0.000460664392449, 0.000432920962339, 0.000428177183494, 0.000302705855574, 0.000178317874088, 0.000148731007357, 0.000155543515575, 0.000276472623227, 0.00103295233566, 0.000753333733883, 0.00132295826916, 0.00153046380728, 9.9729775684e-05],
        "dvar": [7.90026751929e-06, 6.63519094815e-05, 3.40491737916e-07, 3.54671647074e-06, 1.23610107039e-05, 1.07007790575e-05, 4.2799700168e-05, 4.1816416342e-05, 1.29655300043e-05, 9.73249188974e-06, 4.69191445518e-06, 8.30973203847e-06, 4.70206987302e-06, 4.6317441047e-06, 7.58209125706e-07, 7.91477134499e-07, 5.13998941187e-07, 1.88180976579e-07, 1.41556270705e-07, 9.15429154702e-08, 8.71679048942e-08, 1.93715237629e-07, 2.84220573121e-06, 1.37996573812e-06, 4.43281578555e-06, 6.7000096351e-06, 3.26154001584e-08],
        "dvar2": [1.44864652611e-05, 0.00010322372691, 5.31729710929e-07, 5.65028312849e-06, 2.31945978157e-05, 2.12936192838e-05, 0.00010339947039, 0.000117586620036, 2.85712194454e-05, 2.60058768617e-05, 1.13512332973e-05, 2.30541209021e-05, 1.11318004201e-05, 1.05685512608e-05, 1.74557374066e-06, 1.86750503417e-06, 1.19766355056e-06, 4.20344036911e-07, 3.52619764499e-07, 2.34037543123e-07, 2.10591011296e-07, 4.26261152597e-07, 7.15649684935e-06, 3.41049940289e-06, 1.09107804747e-05, 1.61720890901e-05, 8.44582075388e-08],
        "max": [0.0379518195987, 0.0879012942314, 0.0186371039599, 0.0481209233403, 0.0663887187839, 0.0441661179066, 0.142743647099, 0.0688240006566, 0.0496766231954, 0.056533370167, 0.0221417509019, 0.0538250766695, 0.0336251594126, 0.0256772562861, 0.0120207443833, 0.0133010819554, 0.0102768670768, 0.00537454849109, 0.00885502249002, 0.00463462714106, 0.00296343280934, 0.00361768039875, 0.0115954075009, 0.00850970391184, 0.0145660685375, 0.0208702236414, 0.00175018096343],
        "mean": [0.00433853873983, 0.0143594546244, 0.000502998416778, 0.00213878764771, 0.00296080904081, 0.00234003434889, 0.00179985538125, 0.00131169205997, 0.00156298372895, 0.000605375447776, 0.000716910581104, 0.00045641628094, 0.000617439858615, 0.000619072699919, 0.000291423988529, 0.000258742889855, 0.000270508782705, 0.000209589343285, 0.000113315232738, 7.91631100583e-05, 8.13725637272e-05, 0.000152901033289, 0.000481893628603, 0.000372280162992, 0.000628701760434, 0.000725207792129, 4.0879676817e-05],
        "median": [1.76552714493e-06, 5.29305543751e-05, 0.000126277082018, 0.000399727694457, 0.00100702652708, 0.000725597143173, 0.000362809514627, 8.4467807028e-05, 0.000109539389086, 3.64694824384e-05, 2.24598225032e-05, 2.25036710617e-05, 2.63425918092e-05, 2.48148116953e-05, 2.09796817217e-05, 2.18949826376e-05, 3.1301548006e-05, 2.20344190893e-05, 1.27123503262e-05, 8.2171500253e-06, 5.5681066442e-06, 5.31171599505e-06, 1.92168845388e-05, 1.76400571945e-05, 1.51006579472e-05, 4.52772383142e-06, 1.16890127799e-07],
        "min": [5.00016297776e-23, 9.95071117998e-24, 3.16760825047e-24, 1.72197796428e-23, 8.70873219956e-23, 4.5794413689e-23, 5.72029800538e-23, 3.46436849334e-23, 3.97190329819e-23, 3.84508538798e-23, 1.01569091654e-22, 6.47852901937e-23, 2.08121222009e-22, 2.07650985179e-22, 1.38704226518e-22, 1.43925640052e-22, 1.4712779686e-22, 2.69144623872e-22, 3.27002913836e-22, 2.97549371989e-22, 5.71276002922e-22, 6.13386836925e-22, 5.51359751555e-22, 1.03739677145e-21, 1.1587246389e-21, 1.63246598047e-21, 2.79588198149e-21],
        "stdev": [0.007997286506, 0.0246990174055, 0.00175379717257, 0.00368239078671, 0.00534228701144, 0.00462002912536, 0.00624432461336, 0.00510698929429, 0.00403686705977, 0.00273347250186, 0.00223026517779, 0.00250296783634, 0.0021005042363, 0.00218091299757, 0.000895521952771, 0.000883727800101, 0.000740406103432, 0.000468407728476, 0.000404298305511, 0.000268251489615, 0.000276341219433, 0.000439524475951, 0.00150802335702, 0.00107718713116, 0.00192756426986, 0.00238521490246, 0.000155153989908],
        "var": [6.39565987512e-05, 0.00061004149029, 3.07580444314e-06, 1.35600021167e-05, 2.85400310531e-05, 2.13446710404e-05, 3.8991591282e-05, 2.60813394561e-05, 1.62962969625e-05, 7.47187141314e-06, 4.97408245792e-06, 6.26484779787e-06, 4.41211795987e-06, 4.75638171338e-06, 8.01959572527e-07, 7.80974858117e-07, 5.48201228412e-07, 2.19405805524e-07, 1.63457116287e-07, 7.19588584275e-08, 7.63644649737e-08, 1.93181776353e-07, 2.27413443099e-06, 1.16033208997e-06, 3.71550413547e-06, 5.68924997424e-06, 2.40727615619e-08]
    },
    "erbbands": {
        "dmean": [0.160218343139, 0.296093463898, 0.27272439003, 1.53225779533, 3.94869089127, 6.4675488472, 8.38077640533, 13.4026002884, 18.8828411102, 36.0835533142, 31.7003879547, 29.0605201721, 31.2517681122, 19.5398445129, 26.7161369324, 24.2182941437, 30.0091152191, 40.6899986267, 18.0950202942, 12.4865722656, 16.591917038, 15.6823329926, 11.7186431885, 6.91895341873, 4.61747694016, 4.33288812637, 3.36878204346, 4.52786016464, 6.05212974548, 19.0791511536, 13.2407255173, 10.5974617004, 6.54310798645, 6.04390048981, 7.36914825439, 4.41360521317, 1.74212384224, 0.239038735628, 0.007324189879, 0.000206273107324],
        "dmean2": [0.219059258699, 0.423245757818, 0.400028437376, 2.11135077477, 5.58538198471, 9.00013256073, 12.7555246353, 19.9412784576, 30.1427726746, 58.4820709229, 55.5958862305, 44.8898124695, 48.7376022339, 32.5833854675, 41.9892120361, 39.30493927, 47.0638275146, 63.8609962463, 28.4268016815, 19.4116744995, 25.9809131622, 23.4852199554, 17.5784435272, 11.0291671753, 7.29146432877, 7.07022237778, 5.5823507309, 7.25629520416, 9.7455997467, 31.6152973175, 21.8849544525, 17.6168689728, 10.5481119156, 9.70164108276, 12.4446783066, 7.13171720505, 2.89204311371, 0.400771349669, 0.0124289179221, 0.000339716032613],
        "dvar": [0.281199097633, 0.841161608696, 1.19444906712, 9.90166282654, 122.351417542, 163.686553955, 283.937744141, 878.330993652, 4982.33300781, 12734.6337891, 13997.7617188, 4647.24511719, 9975.57226562, 5594.23730469, 5364.34814453, 15886.2597656, 8091.13476562, 16229.4873047, 2494.93530273, 1302.07165527, 2793.91992188, 1578.42407227, 560.534912109, 366.718963623, 218.224899292, 224.424560547, 122.640602112, 176.785415649, 253.595001221, 2754.05712891, 1207.26147461, 777.973937988, 252.392562866, 220.296096802, 418.887298584, 142.943008423, 24.1720962524, 0.471379429102, 0.000498386914842, 3.19421786799e-07],
        "dvar2": [0.426011443138, 1.46479415894, 1.4703373909, 16.2105007172, 244.30255127, 289.638671875, 629.711120605, 1786.83947754, 11631.5214844, 32086.6582031, 39430.90625, 10720.640625, 22915.0644531, 15390.6054688, 12122.7900391, 43879.0507812, 18224.2910156, 35393.1445312, 5506.53466797, 3140.21655273, 6563.90722656, 3557.84204102, 1166.19189453, 939.977661133, 446.920074463, 568.845153809, 306.160858154, 409.161804199, 553.639526367, 6971.45947266, 2965.75317383, 1930.8894043, 606.305175781, 525.859191895, 1054.55822754, 342.84954834, 59.665309906, 1.16003239155, 0.00127506256104, 7.90857882293e-07],
        "max": [5.87432861328, 20.004655838, 38.0049705505, 79.1608123779, 242.281234741, 206.704910278, 280.729156494, 446.048339844, 1708.16430664, 1541.13635254, 1532.22277832, 738.754455566, 1794.10717773, 1601.21557617, 826.405822754, 2612.51464844, 1784.68457031, 1651.72814941, 697.405761719, 732.682434082, 784.945251465, 554.095275879, 262.387481689, 338.942108154, 360.779937744, 239.151992798, 138.536972046, 112.762489319, 140.937149048, 393.19708252, 250.1612854, 205.673034668, 110.471626282, 106.702087402, 145.362869263, 85.1118927002, 40.6830787659, 6.8534526825, 0.236578688025, 0.0054600960575],
        "mean": [0.884771585464, 1.30120372772, 0.913900196552, 3.84929585457, 7.6223654747, 12.5091714859, 13.292216301, 20.4812774658, 19.152223587, 35.4905395508, 25.8163223267, 32.5471916199, 31.9367847443, 17.5594062805, 26.898355484, 21.0976791382, 27.9756679535, 38.2192955017, 18.1827049255, 12.819776535, 15.7522144318, 15.6285848618, 12.8364696503, 6.68998765945, 5.07864999771, 3.87490153313, 2.92629051208, 3.88265681267, 5.28175592422, 14.532453537, 10.8333368301, 8.42672538757, 5.55923032761, 5.05917882919, 5.61110019684, 3.45010590553, 1.31235361099, 0.181487068534, 0.00539494864643, 0.00019144534599],
        "median": [0.000804138311651, 0.0216469839215, 0.304820686579, 1.04669415951, 2.16667628288, 3.75115871429, 6.25889348984, 6.20772171021, 5.23287725449, 3.91128826141, 2.96494483948, 2.63033676147, 2.15739011765, 1.19130980968, 1.0106446743, 1.12026154995, 1.24952399731, 1.61495530605, 1.28237724304, 1.36969673634, 1.41000401974, 1.92207896709, 1.48765075207, 0.845961809158, 0.630404353142, 0.420032262802, 0.259682178497, 0.165797263384, 0.148586660624, 0.463825970888, 0.499555677176, 0.311062604189, 0.317143678665, 0.196726948023, 0.087288364768, 0.0277681052685, 0.00659928098321, 0.000963606173173, 5.0513241149e-05, 3.75373347197e-05],
        "min": [3.91874694739e-22, 2.18385193483e-21, 3.76205135322e-21, 3.54191823582e-20, 2.42015133603e-19, 2.805702029e-19, 3.46442524185e-19, 2.83746834946e-19, 9.59644488667e-19, 4.72471348724e-19, 8.09640661254e-19, 8.40036291742e-19, 8.73198117595e-19, 2.17176414582e-18, 4.49632757594e-18, 2.8194403616e-18, 9.44905619076e-18, 9.90165964345e-18, 1.02901665248e-17, 4.84757906971e-18, 8.14600767079e-18, 9.22406802723e-18, 1.23998435279e-17, 2.07291494593e-17, 1.18320287051e-17, 1.30224565847e-17, 2.02354996503e-17, 2.31523353591e-17, 2.66915417608e-17, 1.4725470919e-17, 1.67683621866e-17, 1.5165929706e-17, 1.97742323078e-17, 1.36119667005e-17, 8.61769004431e-18, 5.96577795178e-18, 3.08668918262e-18, 1.42009416305e-18, 3.83876763752e-19, 4.17890256057e-20],
        "stdev": [1.61627662182, 2.57563138008, 3.59480524063, 6.18249225616, 16.5607967377, 20.8956050873, 21.8581562042, 40.561958313, 69.8235778809, 106.789871216, 93.5088195801, 77.5272445679, 107.051315308, 64.2876739502, 79.4477615356, 107.892494202, 91.3768997192, 135.639144897, 53.3915519714, 37.2174606323, 52.6912994385, 41.6203994751, 27.2285499573, 17.5378913879, 19.1737384796, 13.390291214, 10.0077981949, 12.8949012756, 15.8823041916, 46.6009063721, 32.0306015015, 25.3811702728, 15.0648641586, 14.2085962296, 18.2392311096, 11.1270236969, 4.42983150482, 0.61884522438, 0.0194401126355, 0.000513597507961],
        "var": [2.61235022545, 6.63387727737, 12.9226255417, 38.2232131958, 274.259979248, 436.626312256, 477.778961182, 1645.27246094, 4875.33203125, 11404.0771484, 8743.89941406, 6010.47314453, 11459.9833984, 4132.90527344, 6311.94726562, 11640.7910156, 8349.73828125, 18397.9785156, 2850.65771484, 1385.13928223, 2776.37304688, 1732.25756836, 741.393981934, 307.577667236, 367.632263184, 179.299911499, 100.156021118, 166.2784729, 252.247589111, 2171.64453125, 1025.95935059, 644.203796387, 226.950134277, 201.88420105, 332.669586182, 123.810653687, 19.6234073639, 0.382969379425, 0.000377917982405, 2.63782396814e-07]
    },
    "gfcc": {
        "mean": [-86.6733093262, 84.7026519775, -93.0688095093, 7.61954832077, -61.706653595, 2.85395264626, -56.6181602478, 5.31999397278, -22.0586738586, -3.06826686859, -14.8113250732, 1.3408228159, -12.7770595551],
        "cov": [[22437.5039062, -3253.77124023, 550.883300781, 572.970031738, -911.501159668, 1252.94189453, -385.919586182, 1078.76428223, -182.259155273, 276.168212891, -185.156234741, 533.036560059, -376.074554443], [-3253.77124023, 5773.13525391, -379.590698242, 125.94984436, 1453.19140625, -745.52746582, 581.360778809, -295.051940918, 385.704803467, -393.043548584, 481.174499512, -456.982543945, 339.069915771], [550.883300781, -379.590698242, 3021.890625, 941.593566895, 552.806762695, 549.654663086, 235.582626343, 399.337799072, 192.775619507, 345.417938232, 96.9538955688, 266.274353027, 81.580329895], [572.970031738, 125.94984436, 941.593566895, 1285.73193359, 425.199829102, 53.5983200073, 123.745780945, 178.706634521, 219.407318115, 154.025512695, 148.711761475, 42.8695297241, 173.656738281], [-911.501159668, 1453.19140625, 552.806762695, 425.199829102, 964.798095703, 76.1648635864, 430.15045166, 109.428840637, 275.739379883, 79.1496505737, 253.443206787, 1.50145864487, 168.272293091], [1252.94189453, -745.52746582, 549.654663086, 53.5983200073, 76.1648635864, 687.310546875, 268.305053711, 247.051040649, 44.2307128906, 205.568206787, 47.7533454895, 147.159057617, -24.8987388611], [-385.919586182, 581.360778809, 235.582626343, 123.745780945, 430.15045166, 268.305053711, 667.768676758, 88.6625900269, 137.552947998, 115.552429199, 174.591308594, 100.398674011, 105.232948303], [1078.76428223, -295.051940918, 399.337799072, 178.706634521, 109.428840637, 247.051040649, 88.6625900269, 367.876403809, 103.802307129, 97.7570343018, 64.675567627, 90.2365341187, 5.92728471756], [-182.259155273, 385.704803467, 192.775619507, 219.407318115, 275.739379883, 44.2307128906, 137.552947998, 103.802307129, 348.331756592, 83.5045700073, 127.595344543, 55.3554382324, 102.822814941], [276.168212891, -393.043548584, 345.417938232, 154.025512695, 79.1496505737, 205.568206787, 115.552429199, 97.7570343018, 83.5045700073, 246.13269043, 54.84633255, 81.2891387939, 39.3988075256], [-185.156234741, 481.174499512, 96.9538955688, 148.711761475, 253.443206787, 47.7533454895, 174.591308594, 64.675567627, 127.595344543, 54.84633255, 240.764633179, 39.3598060608, 82.6391296387], [533.036560059, -456.982543945, 266.274353027, 42.8695297241, 1.50145864487, 147.159057617, 100.398674011, 90.2365341187, 55.3554382324, 81.2891387939, 39.3598060608, 232.90335083, 35.078994751], [-376.074554443, 339.069915771, 81.580329895, 173.656738281, 168.272293091, -24.8987388611, 105.232948303, 5.92728471756, 102.822814941, 39.3988075256, 82.6391296387, 35.078994751, 181.34173584]],
        "icov": [[6.95970084053e-05, -6.0222861066e-05, 5.24369461345e-05, -0.000101049772638, 9.53315757215e-05, -0.000151537475176, 0.000101162171632, -0.000176130939508, 7.09167288733e-05, -5.52182573301e-05, 8.11625359347e-05, -0.000232575606788, 0.000147689090227], [-6.0222861066e-05, 0.000864910660312, -0.000180197312147, 0.0004269038036, -0.000916058430448, 0.000720736163203, -0.000557226419915, 0.00036869867472, -0.000399574520998, 0.0011818750063, -0.000900667684618, 0.00155482231639, -0.000730069470592], [5.24369461345e-05, -0.000180197312147, 0.000684205093421, -0.000480046903249, -0.000192534251255, -0.000486342789372, 0.000372255162802, -0.000317875004839, 0.000280758016743, -0.000561177264899, 0.000526257616002, -0.000916898134165, 0.000404102524044], [-0.000101049772638, 0.0004269038036, -0.000480046903249, 0.0015740848612, -0.000632745504845, 0.00075008533895, -0.00022833039111, 1.32656605274e-05, -0.00041207918548, 0.000226866017329, -0.000643788371235, 0.00126638181973, -0.00124422530644], [9.53315757215e-05, -0.000916058430448, -0.000192534251255, -0.000632745504845, 0.00345195853151, -0.000524177914485, -0.000597532023676, -0.000538557767868, -0.00045564872562, -0.000754370412324, -0.00018044647004, -0.000547314586584, 0.000302647589706], [-0.000151537475176, 0.000720736163203, -0.000486342789372, 0.00075008533895, -0.000524177914485, 0.00384882255457, -0.0016780870501, -0.000816160696559, -7.53306230763e-05, -0.000617465528194, -0.000637942459434, 0.00111535226461, 0.000105762177554], [0.000101162171632, -0.000557226419915, 0.000372255162802, -0.00022833039111, -0.000597532023676, -0.0016780870501, 0.00336120021529, 3.14196404361e-05, 0.000498455949128, -0.000909776601475, -3.99708660552e-05, -0.00189586065244, -2.46178096859e-05], [-0.000176130939508, 0.00036869867472, -0.000317875004839, 1.32656605274e-05, -0.000538557767868, -0.000816160696559, 3.14196404361e-05, 0.00482071936131, -0.00114432384726, 0.000623452768195, -0.000995345995761, 0.000318924227031, 0.000192811567103], [7.09167288733e-05, -0.000399574520998, 0.000280758016743, -0.00041207918548, -0.00045564872562, -7.53306230763e-05, 0.000498455949128, -0.00114432384726, 0.00486756348982, -0.00142002443317, -0.000351970724296, -0.00140950304922, -0.000695278402418], [-5.52182573301e-05, 0.0011818750063, -0.000561177264899, 0.000226866017329, -0.000754370412324, -0.000617465528194, -0.000909776601475, 0.000623452768195, -0.00142002443317, 0.00819516088814, -0.00171322037932, 0.00160939944908, -0.00167229759973], [8.11625359347e-05, -0.000900667684618, 0.000526257616002, -0.000643788371235, -0.00018044647004, -0.000637942459434, -3.99708660552e-05, -0.000995345995761, -0.000351970724296, -0.00171322037932, 0.00782352872193, -0.00224057934247, -0.000192334948224], [-0.000232575606788, 0.00155482231639, -0.000916898134165, 0.00126638181973, -0.000547314586584, 0.00111535226461, -0.00189586065244, 0.000318924227031, -0.00140950304922, 0.00160939944908, -0.00224057934247, 0.00925165321678, -0.00275803706609], [0.000147689090227, -0.000730069470592, 0.000404102524044, -0.00124422530644, 0.000302647589706, 0.000105762177554, -2.46178096859e-05, 0.000192811567103, -0.000695278402418, -0.00167229759973, -0.000192334948224, -0.00275803706609, 0.0093159051612]]
    },
    "melbands": {
        "dmean": [0.00103840790689, 0.000205302043469, 0.000338659010595, 0.000349436333636, 0.000301718944684, 0.000296556507237, 0.000308484013658, 0.000406046543503, 0.000244434020715, 0.000194807187654, 0.000157188158482, 7.71491031628e-05, 0.000104680751974, 5.32800077053e-05, 6.93459805916e-05, 7.38192611607e-05, 7.71743289079e-05, 3.01795662381e-05, 1.85636654351e-05, 1.52469228851e-05, 2.1610301701e-05, 1.67457528732e-05, 1.42750950545e-05, 8.3837803686e-06, 5.56800523555e-06, 3.89278284274e-06, 3.00119631902e-06, 2.98630493489e-06, 2.09024005926e-06, 2.22536164074e-06, 2.76854302683e-06, 3.35850063493e-06, 3.56184546035e-06, 1.52214643094e-05, 8.45030444907e-06, 5.36095785719e-06, 7.03320802131e-06, 4.68348525828e-06, 3.95593087887e-06, 5.36456673217e-06],
        "dmean2": [0.00143117096741, 0.000296175800031, 0.000468494254164, 0.00047924061073, 0.000446933321655, 0.000443796918262, 0.000494102598168, 0.000666474341415, 0.000430128537118, 0.000297729653539, 0.000246691692155, 0.000130835513119, 0.000165766017744, 9.0382010967e-05, 0.000108687490865, 0.000118229319924, 0.000124234706163, 4.8711335694e-05, 2.9734799682e-05, 2.37026197283e-05, 3.44593936461e-05, 2.54799469985e-05, 2.18162549572e-05, 1.289991269e-05, 9.12192172109e-06, 6.245984423e-06, 4.86607314087e-06, 4.95126732858e-06, 3.43043370776e-06, 3.80526648769e-06, 4.40268468083e-06, 5.43228861716e-06, 5.79480547458e-06, 2.56828843703e-05, 1.41251666719e-05, 8.77300590219e-06, 1.18109892355e-05, 7.58040368964e-06, 6.3831839725e-06, 8.6856625785e-06],
        "dvar": [1.10024902824e-05, 5.27472479916e-07, 4.7305874773e-07, 7.07128094746e-07, 2.80107570916e-07, 4.19045022682e-07, 1.39345036132e-06, 1.5785094547e-06, 7.36270067137e-07, 2.27756601134e-07, 2.68361617373e-07, 1.06356750962e-07, 8.56614690292e-08, 8.42071798957e-08, 6.59175540818e-08, 4.53929516198e-08, 6.54703171676e-08, 6.64714328025e-09, 2.6223698768e-09, 2.21989449045e-09, 5.54361889726e-09, 1.91727167476e-09, 1.20880017107e-09, 3.4505232005e-10, 2.82067036395e-10, 2.23053533976e-10, 9.09557429374e-11, 1.14423887032e-10, 4.85228419944e-11, 4.85087074675e-11, 6.67990524006e-11, 8.26126597686e-11, 8.20416165559e-11, 1.86197002261e-09, 4.9788417833e-10, 1.94950708354e-10, 3.55294738075e-10, 1.36087571767e-10, 8.68233124285e-11, 1.78645612192e-10],
        "dvar2": [1.71424671862e-05, 7.29598980342e-07, 8.18922842427e-07, 1.32249192575e-06, 5.78135598062e-07, 8.37599316128e-07, 3.35934078066e-06, 4.11771816289e-06, 2.05529931918e-06, 5.03668616147e-07, 6.24761469226e-07, 2.95755910429e-07, 1.95227343625e-07, 2.40387890926e-07, 1.59915344966e-07, 1.06283252421e-07, 1.44809760627e-07, 1.48615111328e-08, 6.24876905775e-09, 5.46315703787e-09, 1.29606725352e-08, 4.45269776606e-09, 2.59238275291e-09, 7.59404372719e-10, 7.32052307661e-10, 5.81960701851e-10, 2.0269207146e-10, 2.93306351429e-10, 1.22200166652e-10, 1.21549659227e-10, 1.50881307448e-10, 1.82590026432e-10, 1.88937435142e-10, 4.7942982917e-09, 1.22634458144e-09, 4.68233229967e-10, 9.04631591858e-10, 3.33907484995e-10, 1.97928382017e-10, 4.32906432923e-10],
        "max": [0.0365199930966, 0.0231751166284, 0.0151837579906, 0.0162873603404, 0.00841012597084, 0.00925733055919, 0.0285277310759, 0.0138330291957, 0.0111254956573, 0.00587396044284, 0.00944569054991, 0.00708484137431, 0.00308430800214, 0.00575737981126, 0.00390039826743, 0.00250673410483, 0.00312440795824, 0.00102865218651, 0.000789178942796, 0.000952709116973, 0.00126750627533, 0.000603458203841, 0.000460494746221, 0.000248757191002, 0.00030605532811, 0.000381361140171, 0.000167185091414, 0.000170508341398, 9.08835281734e-05, 6.71366360621e-05, 7.03069745214e-05, 7.95145097072e-05, 8.01561618573e-05, 0.000321243656799, 0.000157600268722, 0.000113037742267, 0.000149731567944, 8.5073588707e-05, 7.38985545468e-05, 0.000100243698398],
        "mean": [0.00566536467522, 0.000814210332464, 0.000798724999186, 0.000682502577547, 0.000524856208358, 0.000461289659142, 0.000305140420096, 0.000378132652259, 0.00020144256996, 0.000214005471207, 0.000156551148393, 6.51344307698e-05, 0.000102376725408, 4.65652119601e-05, 6.36645054328e-05, 6.42840604996e-05, 7.07086728653e-05, 2.89037143375e-05, 1.8070320948e-05, 1.51726708282e-05, 1.95961292775e-05, 1.5951864043e-05, 1.52006032295e-05, 8.77481943462e-06, 5.02138891534e-06, 4.00845738113e-06, 2.92009872283e-06, 2.54150450019e-06, 1.7956198235e-06, 1.84153498139e-06, 2.37699714489e-06, 2.86050271825e-06, 3.15856323141e-06, 1.12093694042e-05, 6.8116746661e-06, 4.58459044239e-06, 5.36285233466e-06, 3.88722355638e-06, 3.54393705493e-06, 4.36774280388e-06],
        "median": [1.12422731036e-05, 0.000190768521861, 0.000209230915061, 0.000244762049988, 0.000267476803856, 0.000148896651808, 7.80739283073e-05, 3.28251189785e-05, 1.84011732927e-05, 1.46954644151e-05, 9.26318716665e-06, 4.11740438722e-06, 3.13770055982e-06, 2.1897537863e-06, 3.02531816487e-06, 2.86337262878e-06, 2.51902451964e-06, 1.7588256469e-06, 1.63797449204e-06, 1.46765955833e-06, 1.51768495016e-06, 1.71137298821e-06, 1.68505869169e-06, 8.02854913218e-07, 5.95836979755e-07, 4.17919835627e-07, 3.34960930104e-07, 2.11448082155e-07, 1.38288996254e-07, 1.30490846573e-07, 6.69940121156e-08, 4.64258462785e-08, 1.2267206273e-07, 2.95590069754e-07, 2.96754052442e-07, 1.52944878096e-07, 1.67491549519e-07, 1.95223989863e-07, 1.9858713074e-07, 1.21978843026e-07],
        "min": [4.78104731612e-24, 2.48927385782e-24, 1.13597548074e-23, 2.22362897118e-23, 1.01007454244e-23, 7.16984396044e-24, 1.36036838518e-23, 4.7508682589e-24, 7.34805947185e-24, 5.12166207221e-24, 4.2278593952e-24, 8.02730420998e-24, 1.62542107394e-23, 7.98132781871e-24, 1.06382358022e-23, 2.35888422209e-23, 1.76386742498e-23, 1.71482820235e-23, 1.03334365145e-23, 6.4319888292e-24, 9.69529774039e-24, 6.38216082455e-24, 1.82192837647e-23, 7.96435310975e-24, 1.85363064521e-23, 9.9433558409e-24, 8.27933501401e-24, 8.52756035303e-24, 1.27695715184e-23, 1.31010619149e-23, 1.29272529805e-23, 1.56354929319e-23, 1.10203687021e-23, 7.35861443076e-24, 1.12332538615e-23, 6.90754455401e-24, 1.02842321044e-23, 1.56942851575e-23, 9.22775408136e-24, 1.32353157857e-23],
        "stdev": [0.0100037595257, 0.00229404098354, 0.00126885937061, 0.00124807201792, 0.000761075818446, 0.000899674720131, 0.00113079277799, 0.00114656111691, 0.000690588785801, 0.000541564251762, 0.000546434079297, 0.000270209537121, 0.000315391051117, 0.000249315082328, 0.000247410789598, 0.000209789068322, 0.000265254289843, 8.53657911648e-05, 5.24268834852e-05, 4.6011966333e-05, 7.3344563134e-05, 4.42946366093e-05, 3.80217243219e-05, 2.0016948838e-05, 1.47944965647e-05, 1.61538555403e-05, 1.04713299152e-05, 9.36018022912e-06, 6.25999518888e-06, 6.30965178061e-06, 8.06733714853e-06, 8.96512028703e-06, 8.8288106781e-06, 3.74716764782e-05, 2.04087446036e-05, 1.33076491693e-05, 1.66790468938e-05, 1.08284975795e-05, 9.30542137212e-06, 1.25877459141e-05],
        "var": [0.000100075209048, 5.26262419953e-06, 1.61000411936e-06, 1.55768384502e-06, 5.79236427711e-07, 8.09414586911e-07, 1.27869225253e-06, 1.31460251396e-06, 4.76912873637e-07, 2.93291833486e-07, 2.98590180137e-07, 7.30131901605e-08, 9.9471520798e-08, 6.21580085181e-08, 6.12120985011e-08, 4.4011450484e-08, 7.03598459495e-08, 7.28731830435e-09, 2.74857803184e-09, 2.117100939e-09, 5.37942490553e-09, 1.96201477287e-09, 1.44565159843e-09, 4.00678212831e-10, 2.18877138636e-10, 2.60947069508e-10, 1.09648748414e-10, 8.76129793714e-11, 3.91875386307e-11, 3.98117060152e-11, 6.50819259596e-11, 8.03733885002e-11, 7.79478981361e-11, 1.40412659277e-09, 4.16516876545e-10, 1.77093534282e-10, 2.78190609437e-10, 1.17256357401e-10, 8.65908594827e-11, 1.58451349264e-10]
    },
    "melbands128": {
