{
"lowlevel": {
    "average_loudness": 0.966190099716,
    "barkbands_crest": {
        "dmean": 2.75662517548,
        "dmean2": 4.0161113739,
        "dvar": 12.8141841888,
        "dvar2": 19.4263839722,
        "max": 25.3474636078,
        "mean": 13.007651329,
        "median": 11.2684059143,
        "min": 2.11151838303,
        "stdev": 7.79382705688,
        "var": 60.7437400818
    },
    "barkbands_flatness_db": {
        "dmean": 0.0344337671995,
        "dmean2": 0.0444290712476,
        "dvar": 0.00142862368375,
        "dvar2": 0.00213822233491,
        "max": 0.394995123148,
        "mean": 0.136826097965,
        "median": 0.11721188575,
        "min": 0.019960694015,
        "stdev": 0.0854438766837,
        "var": 0.0073006558232
    },
    "barkbands_kurtosis": {
        "dmean": 14.776219368,
        "dmean2": 18.7313117981,
        "dvar": 659.347717285,
        "dvar2": 1005.23327637,
        "max": 289.075195312,
        "mean": 27.5214958191,
        "median": 6.60476970673,
        "min": -1.48645508289,
        "stdev": 46.191028595,
        "var": 2133.61108398
    },
    "barkbands_skewness": {
        "dmean": 1.26658129692,
        "dmean2": 1.54860043526,
        "dvar": 1.97133123875,
        "dvar2": 2.59509110451,
        "max": 14.4872550964,
        "mean": 3.48507165909,
        "median": 2.36496901512,
        "min": -0.550352394581,
        "stdev": 3.22508311272,
        "var": 10.4011611938
    },
    "barkbands_spread": {
        "dmean": 7.87043142319,
        "dmean2": 11.0122623444,
        "dvar": 93.4136276245,
        "dvar2": 140.862854004,
        "max": 80.3616638184,
        "mean": 20.9709663391,
        "median": 16.2242546082,
        "min": 0.61845767498,
        "stdev": 16.9683990479,
        "var": 287.926574707
    },
    "dissonance": {
        "dmean": 0.0225290190428,
        "dmean2": 0.0364161655307,
        "dvar": 0.00061455235118,
        "dvar2": 0.00136688991915,
        "max": 0.49999448657,
        "mean": 0.46304833889,
        "median": 0.472279757261,
        "min": 0.0588746033609,
        "stdev": 0.0339872203767,
        "var": 0.00115513103083
    },
    "dynamic_complexity": 3.10300993919,
    "erbbands_crest": {
        "dmean": 2.92324733734,
        "dmean2": 4.69737100601,
        "dvar": 11.7950906754,
        "dvar2": 31.3231239319,
        "max": 27.5903186798,
        "mean": 7.22421503067,
        "median": 5.36408281326,
        "min": 2.38677334785,
        "stdev": 4.71622848511,
        "var": 22.242811203
    },
    "erbbands_flatness_db": {
        "dmean": 0.0199476890266,
        "dmean2": 0.0305682234466,
        "dvar": 0.000435236579506,
        "dvar2": 0.000991801614873,
        "max": 0.221257820725,
        "mean": 0.106505595148,
        "median": 0.105262950063,
        "min": 0.049872931093,
        "stdev": 0.0343725197017,
        "var": 0.00118147023022
    },
    "erbbands_kurtosis": {
        "dmean": 1.37601649761,
        "dmean2": 2.32142400742,
        "dvar": 6.04898786545,
        "dvar2": 17.9442119598,
        "max": 18.6302566528,
        "mean": 0.770116508007,
        "median": 0.0108418464661,
        "min": -1.22559952736,
        "stdev": 2.4830224514,
        "var": 6.1654009819
    },
    "erbbands_skewness": {
        "dmean": 0.431018978357,
        "dmean2": 0.669792473316,
        "dvar": 0.211791098118,
        "dvar2": 0.533032178879,
        "max": 3.79610872269,
        "mean": 0.663360834122,
        "median": 0.51339173317,
        "min": -0.727698385715,
        "stdev": 0.699410915375,
        "var": 0.489175617695
    },
    "erbbands_spread": {
        "dmean": 9.36425876617,
        "dmean2": 13.9689531326,
        "dvar": 91.8772583008,
        "dvar2": 200.37953186,
        "max": 106.581100464,
        "mean": 43.9969711304,
        "median": 40.5476226807,
        "min": 9.12859725952,
        "stdev": 16.0573501587,
        "var": 257.838470459
    },
    "hfc": {
        "dmean": 22.3308105469,
        "dmean2": 28.5569229126,
        "dvar": 1501.43310547,
        "dvar2": 2820.60742188,
        "max": 254.839569092,
        "mean": 26.1737003326,
        "median": 5.53254985809,
        "min": 9.13366804411e-08,
        "stdev": 48.0980911255,
        "var": 2313.42651367
    },
    "loudness_ebu128": {
        "integrated": -6.18271541595,
        "loudness_range": 1.56977701187,
        "momentary": {
            "dmean": 0.822347462177,
            "dmean2": 1.38258254528,
            "dvar": 0.502294957638,
            "dvar2": 1.33117973804,
            "max": -3.96571922302,
            "mean": -6.38402032852,
            "median": -6.08318805695,
            "min": -11.8427867889,
            "stdev": 1.44863152504,
            "var": 2.09853315353
        },
        "short_term": {
            "dmean": 0.100980967283,
            "dmean2": 0.144379615784,
            "dvar": 0.00762506667525,
            "dvar2": 0.0163928233087,
            "max": -5.36255979538,
            "mean": -6.2598824501,
            "median": -6.15266036987,
            "min": -8.73833465576,
            "stdev": 0.691984772682,
            "var": 0.478842914104
        }
    },
    "melbands_crest": {
        "dmean": 4.26552724838,
        "dmean2": 6.12437295914,
        "dvar": 25.0515766144,
        "dvar2": 48.8239097595,
        "max": 36.5404624939,
        "mean": 22.0893630981,
        "median": 23.2421665192,
        "min": 4.13832950592,
        "stdev": 11.971493721,
        "var": 143.316665649
    },
    "melbands_flatness_db": {
        "dmean": 0.0448242835701,
        "dmean2": 0.055472008884,
        "dvar": 0.00224815588444,
        "dvar2": 0.00334184803069,
        "max": 0.53666228056,
        "mean": 0.211624488235,
        "median": 0.195911884308,
        "min": 0.0291348863393,
        "stdev": 0.118068732321,
        "var": 0.0139402253553
    },
    "melbands_kurtosis": {
        "dmean": 34.1553535461,
        "dmean2": 40.4769439697,
        "dvar": 3301.73291016,
        "dvar2": 4276.31201172,
        "max": 804.499938965,
        "mean": 66.8272705078,
        "median": 17.3572883606,
        "min": -0.319991588593,
        "stdev": 106.436195374,
        "var": 11328.6640625
    },
    "melbands_skewness": {
        "dmean": 1.70921421051,
        "dmean2": 2.07659292221,
        "dvar": 4.20318078995,
        "dvar2": 5.3720908165,
        "max": 23.2587509155,
        "mean": 5.14828968048,
        "median": 3.15235686302,
        "min": 0.267355591059,
        "stdev": 4.57951068878,
        "var": 20.9719181061
    },
    "melbands_spread": {
        "dmean": 9.9729719162,
        "dmean2": 13.7038860321,
        "dvar": 151.778274536,
        "dvar2": 259.633026123,
        "max": 101.358665466,
        "mean": 21.2476997375,
        "median": 12.1997566223,
        "min": 0.4383431077,
        "stdev": 21.3401546478,
        "var": 455.402160645
    },
    "pitch_salience": {
        "dmean": 0.10516423732,
        "dmean2": 0.14579308033,
        "dvar": 0.0140504511073,
        "dvar2": 0.0231378525496,
        "max": 0.937323629856,
        "mean": 0.442065179348,
        "median": 0.469513833523,
        "min": 0.0437109768391,
        "stdev": 0.268606334925,
        "var": 0.0721493586898
    },
    "silence_rate_20dB": {
        "dmean": 0,
        "dmean2": 0,
        "dvar": 0,
        "dvar2": 0,
        "max": 1,
        "mean": 1,
        "median": 1,
        "min": 1,
        "stdev": 0,
        "var": 0
    },
    "silence_rate_30dB": {
        "dmean": 0.0634674951434,
        "dmean2": 0.127033308148,
        "dvar": 0.0594395324588,
        "dvar2": 0.155823290348,
        "max": 1,
        "mean": 0.953596293926,
        "median": 1,
        "min": 0,
        "stdev": 0.210355743766,
        "var": 0.0442495420575
    },
    "silence_rate_60dB": {
        "dmean": 0.11222910136,
        "dmean2": 0.223857477307,
        "dvar": 0.0996340811253,
        "dvar2": 0.220220074058,
        "max": 1,
        "mean": 0.131477192044,
        "median": 0,
        "min": 0,
        "stdev": 0.337922304869,
        "var": 0.114191479981
    },
    "spectral_centroid": {
        "dmean": 395.222991943,
        "dmean2": 545.001037598,
        "dvar": 130029.164062,
        "dvar2": 283749.46875,
        "max": 3496.73999023,
        "mean": 1563.4564209,
        "median": 1554.35009766,
        "min": 192.373916626,
        "stdev": 680.387634277,
        "var": 462927.34375
    },
    "spectral_complexity": {
        "dmean": 7.16795682907,
        "dmean2": 9.50193691254,
        "dvar": 88.5850296021,
        "dvar2": 101.846992493,
        "max": 62,
        "mean": 16.4872398376,
        "median": 9,
        "min": 0,
        "stdev": 15.6706409454,
        "var": 245.569000244
    },
    "spectral_decrease": {
        "dmean": 3.18828852208e-09,
        "dmean2": 4.29358637533e-09,
        "dvar": 2.40138042624e-17,
        "dvar2": 4.30078563601e-17,
        "max": -4.98260100187e-18,
        "mean": -8.01055310973e-09,
        "median": -6.28463014962e-09,
        "min": -3.43351800325e-08,
        "stdev": 8.03734501176e-09,
        "var": 6.45989214002e-17
    },
    "spectral_energy": {
        "dmean": 0.0138148879632,
        "dmean2": 0.0182928703725,
        "dvar": 0.000367032800568,
        "dvar2": 0.000650354661047,
        "max": 0.131694883108,
        "mean": 0.0326077528298,
        "median": 0.0242681056261,
        "min": 2.70899951776e-11,
        "stdev": 0.0313145704567,
        "var": 0.000980602228083
    },
    "spectral_energyband_high": {
        "dmean": 0.00176112330519,
        "dmean2": 0.00232705404051,
        "dvar": 1.12826655823e-05,
        "dvar2": 2.20611200348e-05,
        "max": 0.0216519776732,
        "mean": 0.00186948745977,
        "median": 0.000166998943314,
        "min": 9.67379214928e-12,
        "stdev": 0.00398500962183,
        "var": 1.58803013619e-05
    },
    "spectral_energyband_low": {
        "dmean": 0.00825486052781,
        "dmean2": 0.0103534022346,
        "dvar": 0.000312188582029,
        "dvar2": 0.000552801939193,
        "max": 0.119595587254,
        "mean": 0.0225549619645,
        "median": 0.0142775801942,
        "min": 3.81859474596e-12,
        "stdev": 0.0300602316856,
        "var": 0.00090361747425
    },
    "spectral_energyband_middle_high": {
        "dmean": 0.00328617705964,
        "dmean2": 0.00437425123528,
        "dvar": 3.00481515296e-05,
        "dvar2": 4.48044738732e-05,
        "max": 0.0361601598561,
        "mean": 0.00436277361587,
        "median": 0.000822068250272,
        "min": 8.18932942293e-12,
        "stdev": 0.00771144172177,
        "var": 5.94663324591e-05
    },
    "spectral_energyband_middle_low": {
        "dmean": 0.00389067945071,
        "dmean2": 0.00657899258658,
        "dvar": 3.91509856854e-05,
        "dvar2": 0.000103669721284,
        "max": 0.0373418927193,
        "mean": 0.00405896315351,
        "median": 0.00157977337949,
        "min": 5.35232578744e-12,
        "stdev": 0.00590755837038,
        "var": 3.48992434738e-05
    },
    "spectral_entropy": {
        "dmean": 0.221525773406,
        "dmean2": 0.334472477436,
        "dvar": 0.0622505322099,
        "dvar2": 0.143729612231,
        "max": 9.27668190002,
        "mean": 7.9254283905,
        "median": 7.92203807831,
        "min": 6.20301055908,
        "stdev": 0.391847252846,
        "var": 0.153544262052
    },
    "spectral_flux": {
        "dmean": 0.0416218414903,
        "dmean2": 0.0591587200761,
        "dvar": 0.00245478493161,
        "dvar2": 0.00468416325748,
        "max": 0.331829279661,
        "mean": 0.0833620429039,
        "median": 0.0671929195523,
        "min": 5.20480489286e-06,
        "stdev": 0.0663166716695,
        "var": 0.00439790124074
    },
    "spectral_kurtosis": {
        "dmean": 0.967752754688,
        "dmean2": 1.49991881847,
        "dvar": 1.892816782,
        "dvar2": 4.84348487854,
        "max": 17.8860111237,
        "mean": 3.31400179863,
        "median": 2.91144275665,
        "min": 0.727415800095,
        "stdev": 1.52353823185,
        "var": 2.32116889954
    },
    "spectral_rms": {
        "dmean": 0.00124335230794,
        "dmean2": 0.00160486577079,
        "dvar": 2.12705435843e-06,
        "dvar2": 3.44336831404e-06,
        "max": 0.0113350264728,
        "mean": 0.00496060354635,
        "median": 0.0048658195883,
        "min": 1.62570799489e-07,
        "stdev": 0.00268418295309,
        "var": 7.20483831174e-06
    },
    "spectral_rolloff": {
        "dmean": 1025.62719727,
        "dmean2": 1392.53564453,
        "dvar": 1985333.25,
        "dvar2": 3774017.5,
        "max": 9926.80664062,
        "mean": 1777.98083496,
        "median": 732.12890625,
        "min": 64.599609375,
        "stdev": 2323.02636719,
        "var": 5396452
    },
    "spectral_skewness": {
        "dmean": 0.199388280511,
        "dmean2": 0.306133806705,
        "dvar": 0.0626152232289,
        "dvar2": 0.162872478366,
        "max": 3.50895309448,
        "mean": 1.59999191761,
        "median": 1.53042221069,
        "min": 0.770390987396,
        "stdev": 0.294220894575,
        "var": 0.086565926671
    },
    "spectral_spread": {
        "dmean": 674118.6875,
        "dmean2": 1032677.25,
        "dvar": 781538426880,
        "dvar2": 1.41216474726e+12,
        "max": 26394638,
        "mean": 6615780,
        "median": 6673437,
        "min": 2688596.5,
        "stdev": 1067400,
        "var": 1.13934283571e+12
    },
    "spectral_strongpeak": {
        "dmean": 0.261972367764,
        "dmean2": 0.420084893703,
        "dvar": 0.174185484648,
        "dvar2": 0.467287391424,
        "max": 2.92816829681,
        "mean": 0.480349838734,
        "median": 0.30376970768,
        "min": 0,
        "stdev": 0.446717113256,
        "var": 0.199556171894
    },
    "zerocrossingrate": {
        "dmean": 0.0190055537969,
        "dmean2": 0.0180353913456,
        "dvar": 0.000418649840867,
        "dvar2": 0.00035422554356,
        "max": 0.22802734375,
        "mean": 0.0589362643659,
        "median": 0.04296875,
        "min": 0.001953125,
        "stdev": 0.0532957538962,
        "var": 0.00284043722786
    },
    "barkbands": {
        "dmean": [0.000804908399004, 0.00756380939856, 0.000948833068833, 0.000610538409092, 0.000735096633434, 0.000614111078903, 0.000868162605911, 0.000899232923985, 0.000406566658057, 0.00071063823998, 0.000597712758463, 0.000687356689014, 0.000317723199259, 0.000321199855534, 0.000346885179169, 0.000223005306907, 0.000358028541086, 0.000245400937274, 0.000321096624248, 0.000296326208627, 0.000248271011515, 0.000252806406934, 0.00022433612321, 0.000250847282587, 0.000336687167874, 0.000291225907858, 5.82850370847e-05],
        "dmean2": [0.000982949044555, 0.00967891328037, 0.00181636353955, 0.0010683904402, 0.00127531553153, 0.00111837941222, 0.00150997296441, 0.00158809230197, 0.00066198996501, 0.00122492166702, 0.000812935060821, 0.00116384460125, 0.000421573815402, 0.000470820872579, 0.000559889769647, 0.000363343715435, 0.000507774704602, 0.000340208061971, 0.000515869469382, 0.000438927556388, 0.000338452518918, 0.000355845928425, 0.000333442148985, 0.000332132913172, 0.000469607446576, 0.000392281333916, 8.57133272802e-05],
        "dvar": [1.89350839719e-06, 0.000284054229269, 1.30557255034e-05, 4.14470605392e-06, 2.98323152492e-06, 1.60373804192e-06, 3.06046717924e-06, 2.93478024105e-06, 5.40658277259e-07, 1.10628923267e-06, 1.13589794637e-06, 1.21360267258e-06, 3.04256872141e-07, 4.56832452755e-07, 4.70443467293e-07, 1.68168753589e-07, 4.61587205791e-07, 1.99133921797e-07, 5.25613984337e-07, 4.05157180694e-07, 2.20766878556e-07, 2.07022480936e-07, 2.0143042434e-07, 2.31558814789e-07, 4.85160228436e-07, 3.38722401239e-07, 1.53017847282e-08],
        "dvar2": [3.13319924317e-06, 0.000537393963896, 3.78773911507e-05, 1.1303989595e-05, 8.19353590487e-06, 4.41662223238e-06, 7.93282288214e-06, 8.29390683066e-06, 1.44716750583e-06, 3.21083052768e-06, 2.19072876462e-06, 3.23161566484e-06, 5.40599842225e-07, 1.07878975086e-06, 8.87431099272e-07, 4.0244185584e-07, 9.68062408901e-07, 3.46759065906e-07, 1.33016897053e-06, 9.06726654648e-07, 4.03728961373e-07, 4.08423460385e-07, 4.4577978997e-07, 4.43668085381e-07, 1.05360345515e-06, 6.94666255185e-07, 3.43430670569e-08],
        "max": [0.0161371268332, 0.113404199481, 0.025181511417, 0.0153463445604, 0.0112164504826, 0.00946424715221, 0.0131092006341, 0.0129001056775, 0.00623341463506, 0.00669925287366, 0.00843415781856, 0.00826017092913, 0.00449096038938, 0.00513171451166, 0.00427814107388, 0.00267177214846, 0.00457757990807, 0.0029072642792, 0.00456040306017, 0.00412248866633, 0.00326236174442, 0.00299641909078, 0.0034097484313, 0.0033472192008, 0.00442874198779, 0.00385589548387, 0.000899294391274],
        "mean": [0.0024807616137, 0.01938784495, 0.000561295775697, 0.000543911592104, 0.000642503087875, 0.000502574490383, 0.000785240263212, 0.000890599971171, 0.000432230212027, 0.000679447490256, 0.000672202964779, 0.000731606502086, 0.000392120389733, 0.000329312577378, 0.000415205169702, 0.000260974891717, 0.000367864588043, 0.000266799383098, 0.000263811991317, 0.000284633075353, 0.000261914276052, 0.000258384650806, 0.00023233689717, 0.000276906939689, 0.000329565489665, 0.000299512321362, 5.8172034187e-05],
        "median": [0.00175898591988, 0.0113605279475, 2.10384714592e-05, 0.000160319264978, 0.00017925411521, 0.000122581535834, 9.98621471808e-05, 0.000247195595875, 0.000171552717802, 0.00021529442165, 0.000117565490655, 0.000146905164002, 6.81593519403e-05, 5.12246842845e-05, 5.1818202337e-05, 4.08771520597e-05, 3.27672532876e-05, 2.79444884654e-05, 2.96612688544e-05, 2.57343217527e-05, 2.34320013988e-05, 2.33872979152e-05, 2.0477862563e-05, 2.46562303801e-05, 2.82494820567e-05, 2.960794518e-05, 6.26876590104e-06],
        "min": [1.2805880488e-12, 1.77598821066e-12, 9.86159721592e-13, 7.87835454426e-13, 1.26504514329e-12, 8.53934381973e-13, 7.62126960933e-13, 6.29413079815e-13, 7.23218305989e-13, 1.40838664515e-12, 1.14849091608e-12, 6.49552080959e-13, 4.70770991634e-13, 2.19869424316e-13, 7.22153185775e-14, 5.47756230564e-13, 3.80815767375e-13, 6.1052584429e-13, 2.70866597381e-12, 4.47852990587e-13, 6.09959402865e-13, 2.66611320694e-12, 2.88453961238e-12, 1.89076814101e-12, 1.02532999452e-12, 2.24851224879e-13, 4.75689806826e-14],
        "stdev": [0.00286383298226, 0.0269547589123, 0.00268290424719, 0.00167314033024, 0.00143354583997, 0.00103260902688, 0.00174570537638, 0.00162291561719, 0.000684727332555, 0.00105515029281, 0.0013212740887, 0.00122555461712, 0.000724279438145, 0.000715461792424, 0.000814014580101, 0.000460319890408, 0.000779387191869, 0.000546462775674, 0.000666837964673, 0.000666228996124, 0.000560974061955, 0.000533252081368, 0.000496664899401, 0.000583833141718, 0.000758141744882, 0.000666159496177, 0.00013329621288],
        "var": [8.20153945824e-06, 0.00072655902477, 7.19797526472e-06, 2.79939854408e-06, 2.05505375561e-06, 1.06628147023e-06, 3.0474873256e-06, 2.63385527433e-06, 4.68851538926e-07, 1.11334225039e-06, 1.74576530299e-06, 1.50198422944e-06, 5.24580741512e-07, 5.11885616561e-07, 6.62619754621e-07, 2.11894388258e-07, 6.07444405887e-07, 2.98621557704e-07, 4.44672906497e-07, 4.43861068788e-07, 3.14691902759e-07, 2.84357781766e-07, 2.46675995186e-07, 3.40861163295e-07, 5.74778937334e-07, 4.43768499281e-07, 1.77678796121e-08]
    },
    "erbbands": {
        "dmean": [0.359378516674, 1.35529875755, 1.32123470306, 1.54825949669, 2.79571175575, 1.87133491039, 3.85540485382, 5.04302406311, 5.04675722122, 33.9471969604, 8.06832027435, 9.39077758789, 19.0946903229, 19.5515556335, 25.2405567169, 22.4448928833, 14.7458019257, 14.5966596603, 20.1578922272, 15.5287332535, 11.5102968216, 18.8099308014, 14.2966423035, 16.4055328369, 13.8527269363, 13.6173753738, 10.1503763199, 8.97710514069, 8.75833129883, 7.85462760925, 6.05362033844, 5.58388853073, 4.02235603333, 3.79867196083, 2.32993292809, 1.32676017284, 0.548124730587, 0.143601536751, 0.00596380932257, 0.00012705057452],
        "dmean2": [0.425023019314, 1.89212799072, 2.40550780296, 2.77442789078, 4.99216508865, 3.1577641964, 6.60735988617, 9.30055999756, 8.91438770294, 59.9634552002, 13.6232357025, 14.9891204834, 32.0383720398, 32.7256584167, 37.0164680481, 38.6279983521, 18.2295646667, 19.0742511749, 29.2626667023, 25.6912822723, 16.7007732391, 26.3471450806, 18.9477043152, 24.3474159241, 22.2976398468, 19.7742042542, 13.7650051117, 12.3933801651, 12.3471345901, 11.3396978378, 8.8224067688, 7.61066007614, 5.37342977524, 5.51748228073, 3.18996667862, 1.88337337971, 0.790538847446, 0.20829077065, 0.00859094131738, 0.000174472894287],
        "dvar": [0.532504916191, 11.8672447205, 22.5108985901, 28.6994724274, 79.1671295166, 14.6964111328, 56.6485519409, 119.131698608, 103.984703064, 4954.31640625, 146.31300354, 320.718566895, 669.168273926, 1207.56970215, 2137.93969727, 1156.8326416, 588.302978516, 759.328735352, 1701.64245605, 838.980957031, 391.102203369, 1213.1998291, 640.227661133, 1164.46789551, 946.532287598, 844.729187012, 351.477264404, 281.437438965, 253.023529053, 206.268157959, 147.363037109, 126.99319458, 59.1800308228, 66.0070037842, 21.6773777008, 7.61359357834, 1.38111925125, 0.0866840034723, 0.000157852671691, 5.83134891485e-08],
        "dvar2": [0.826051533222, 27.088104248, 64.0185623169, 80.1228256226, 219.557052612, 36.7869796753, 147.74256897, 334.857910156, 276.406066895, 13792.2617188, 393.440948486, 863.764404297, 1838.75390625, 2920.39038086, 3462.60961914, 2912.52124023, 916.334350586, 1568.71813965, 3578.37036133, 1936.25024414, 708.536254883, 2503.96826172, 1024.49401855, 2575.86645508, 2308.80200195, 1883.72851562, 570.890991211, 498.50579834, 477.314880371, 433.182556152, 333.987304688, 256.060913086, 113.302467346, 146.13117981, 45.5018692017, 16.1149902344, 3.09575271606, 0.186797052622, 0.0003495811834, 1.23756834114e-07],
        "max": [5.66810655594, 23.8067111969, 33.5412597656, 38.5973320007, 57.2293395996, 24.2477970123, 61.9628562927, 75.8804016113, 82.5528564453, 535.840087891, 89.9506912231, 165.544494629, 162.007553101, 192.244567871, 288.806884766, 249.075912476, 211.590774536, 224.412475586, 276.966064453, 157.648330688, 128.52835083, 239.792373657, 184.09803772, 238.45664978, 181.58480835, 182.659683228, 109.536338806, 122.879837036, 106.299095154, 113.64932251, 87.0877532959, 86.4419021606, 53.4657249451, 58.0162391663, 31.7080059052, 17.8170928955, 7.70169639587, 2.09513568878, 0.0929806828499, 0.00170695781708],
        "mean": [1.0480723381, 2.36407709122, 0.952442407608, 1.22844207287, 2.47542405128, 1.6236923933, 3.13150429726, 4.14361333847, 4.8743596077, 29.08710289, 9.75914001465, 9.60784244537, 19.9868106842, 23.3266201019, 31.8065128326, 25.1311340332, 19.2487754822, 16.4875507355, 21.2830295563, 17.6675395966, 15.0250883102, 19.8964881897, 16.0226783752, 15.3150396347, 11.8061523438, 13.2292394638, 11.2807998657, 9.61306381226, 9.13304519653, 8.27668094635, 6.09223365784, 5.92563390732, 4.50573825836, 3.56201696396, 2.40770816803, 1.30773770809, 0.535108804703, 0.154691249132, 0.00601747166365, 0.000154299748829],
        "median": [0.606293141842, 1.0394961834, 0.142715513706, 0.236778855324, 0.934690654278, 0.271879345179, 0.49697175622, 1.03213739395, 0.983219146729, 4.12111091614, 4.61048221588, 3.39153313637, 7.90172243118, 5.14930438995, 6.24703025818, 5.10654354095, 3.45370125771, 2.59424114227, 2.5872168541, 2.142993927, 2.30859303474, 1.94666135311, 1.70775735378, 1.50340366364, 1.3407626152, 1.16269803047, 1.01062333584, 0.931363165379, 0.813395440578, 0.714060306549, 0.607579410076, 0.515067815781, 0.411946207285, 0.307468026876, 0.206163540483, 0.116625525057, 0.055256459862, 0.0163075681776, 0.000667139829602, 4.02306977776e-05],
        "min": [6.72351826991e-11, 3.49786755116e-10, 1.0455871724e-09, 2.10061901207e-09, 3.27504312558e-09, 4.34399449745e-09, 5.54999113334e-09, 7.42822336974e-09, 1.0026183439e-08, 1.27371713177e-08, 1.38587150644e-08, 1.58799977612e-08, 3.31657403763e-08, 5.17087457297e-08, 4.02660802479e-08, 2.55138008498e-08, 2.16917293017e-08, 1.60674265004e-08, 3.43111161705e-09, 1.01391277596e-08, 3.62171483914e-08, 2.05218615434e-08, 2.49686120668e-08, 1.04409387802e-07, 1.04527295264e-07, 2.1887252899e-08, 3.14123695944e-08, 2.4098358864e-08, 4.29687148085e-08, 1.83796132092e-07, 5.62627882061e-08, 3.8106875877e-08, 2.85879249162e-08, 7.63450724861e-09, 8.93855034434e-09, 2.68748023835e-09, 2.0461503325e-10, 3.96890818821e-11, 7.19315535955e-12, 7.04347116656e-13],
        "stdev": [1.35891640186, 4.17473316193, 3.69216537476, 4.29484176636, 7.05148935318, 3.57231497765, 6.64206790924, 8.74846839905, 9.5129699707, 66.1269073486, 12.462436676, 16.4266815186, 26.7483253479, 39.983959198, 60.2296600342, 39.1874389648, 34.3337287903, 32.9111557007, 45.9576835632, 32.9303474426, 25.9500408173, 40.9653511047, 32.3562889099, 35.6794815063, 29.0449142456, 30.7196960449, 23.5122795105, 20.2677593231, 18.8898334503, 16.7772388458, 13.174612999, 13.0062026978, 9.39778804779, 8.51492595673, 5.30397558212, 3.02125120163, 1.24572241306, 0.334119319916, 0.013662757352, 0.000274261314189],
        "var": [1.84665381908, 17.4283981323, 13.6320858002, 18.4456672668, 49.7235031128, 12.7614345551, 44.1170654297, 76.5357055664, 90.49659729, 4372.76757812, 155.312316895, 269.835845947, 715.472900391, 1598.71704102, 3627.61206055, 1535.65539551, 1178.80505371, 1083.14428711, 2112.10864258, 1084.40771484, 673.404663086, 1678.16003418, 1046.92944336, 1273.02526855, 843.606994629, 943.699707031, 552.827331543, 410.782104492, 356.825775146, 281.475738525, 173.57043457, 169.161300659, 88.3184280396, 72.5039596558, 28.1321544647, 9.12795829773, 1.55182445049, 0.111635729671, 0.000186670935364, 7.52192690356e-08]
    },
    "gfcc": {
        "mean": [-6.59943437576, 39.6227416992, -98.6919250488, 9.88669490814, -52.1433448792, 23.2900714874, -26.4251403809, 20.878692627, -20.5105361938, 11.4025211334, -18.0206489563, 9.61829280853, -13.4447374344],
        "cov": [[4664.59960938, -1155.64013672, -718.683166504, -60.8258590698, 64.8401641846, 305.843231201, 104.176895142, 105.254936218, -35.1965255737, 95.1794967651, 37.9033432007, 205.4243927, 116.872131348], [-1155.64013672, 1607.75219727, 947.891052246, 441.451812744, 251.931915283, 51.1353530884, 182.002685547, 123.492347717, 291.031738281, 166.725601196, 213.248138428, 56.2543716431, 114.190292358], [-718.683166504, 947.891052246, 811.845703125, 492.772979736, 420.755523682, 252.433914185, 292.442443848, 215.12789917, 269.429748535, 153.076400757, 165.828567505, 43.4192199707, 104.288108826], [-60.8258590698, 441.451812744, 492.772979736, 480.976623535, 435.954376221, 334.686645508, 311.954193115, 232.537521362, 226.517196655, 137.256744385, 129.243515015, 58.4375305176, 86.3781890869], [64.8401641846, 251.931915283, 420.755523682, 435.954376221, 525.063049316, 419.358947754, 380.048217773, 268.772613525, 200.277236938, 118.130889893, 116.667366028, 53.1526412964, 91.056854248], [305.843231201, 51.1353530884, 252.433914185, 334.686645508, 419.358947754, 412.858551025, 342.322937012, 233.132400513, 166.582336426, 104.535942078, 91.4533081055, 63.5931396484, 76.1164550781], [104.176895142, 182.002685547, 292.442443848, 311.954193115, 380.048217773, 342.322937012, 320.542236328, 217.993438721, 172.464141846, 107.787330627, 103.320167542, 57.5442504883, 75.2063446045], [105.254936218, 123.492347717, 215.12789917, 232.537521362, 268.772613525, 233.132400513, 217.993438721, 186.761459351, 142.973266602, 100.142059326, 87.25756073, 52.4096717834, 62.0065193176], [-35.1965255737, 291.031738281, 269.429748535, 226.517196655, 200.277236938, 166.582336426, 172.464141846, 142.973266602, 167.262268066, 110.859008789, 101.135879517, 53.3198356628, 56.2931938171], [95.1794967651, 166.725601196, 153.076400757, 137.256744385, 118.130889893, 104.535942078, 107.787330627, 100.142059326, 110.859008789, 94.5406494141, 81.0340042114, 50.2970046997, 42.0159950256], [37.9033432007, 213.248138428, 165.828567505, 129.243515015, 116.667366028, 91.4533081055, 103.320167542, 87.25756073, 101.135879517, 81.0340042114, 90.3468093872, 52.8822364807, 50.8185768127], [205.4243927, 56.2543716431, 43.4192199707, 58.4375305176, 53.1526412964, 63.5931396484, 57.5442504883, 52.4096717834, 53.3198356628, 50.2970046997, 52.8822364807, 56.7723083496, 42.6041259766], [116.872131348, 114.190292358, 104.288108826, 86.3781890869, 91.056854248, 76.1164550781, 75.2063446045, 62.0065193176, 56.2931938171, 42.0159950256, 50.8185768127, 42.6041259766, 56.6256828308]],
        "icov": [[0.000464949436719, 2.60689412244e-05, 0.000823684909847, -0.000272691773716, -0.000480127811898, -0.000738673086744, 0.000715983449481, 0.000987447914667, 0.000438156217569, -0.00219344347715, 0.000902201747522, -0.000521251116879, -0.00160597858485], [2.60689412244e-05, 0.00456041190773, -0.00548461638391, -0.000747286889236, 0.00200545717962, 0.00459144590423, -0.00514130666852, 0.00417789909989, -0.001981041627, 0.00235430034809, -0.00367646757513, -0.00205024797469, -8.79904619069e-05], [0.000823684909847, -0.00548461638391, 0.0147123131901, -0.00354045350105, -0.00643687462434, -0.00252157542855, 0.00580828776583, 0.00170931115281, -0.00367823336273, -0.00669457018375, 0.00284777954221, 0.0104514984414, -0.0099758496508], [-0.000272691773716, -0.000747286889236, -0.00354045350105, 0.0191657915711, -0.0147461043671, -0.00425648922101, 0.0102738467976, 0.0036383131519, -0.0125670013949, -0.00248128641397, 0.00620997603983, -0.00508807227015, 0.00374865299091], [-0.000480127811898, 0.00200545717962, -0.00643687462434, -0.0147461043671, 0.0407689139247, -0.00911358930171, -0.0174913592637, -0.0196610037237, 0.018640788272, 0.0156697556376, -0.0188607424498, 0.0156351551414, -0.00224735331722], [-0.000738673086744, 0.00459144590423, -0.00252157542855, -0.00425648922101, -0.00911358930171, 0.0452961809933, -0.0395617820323, 0.00686181336641, -0.00277594849467, -0.00238722190261, 0.0195436384529, -0.0215409174562, 0.00539826275781], [0.000715983449481, -0.00514130666852, 0.00580828776583, 0.0102738467976, -0.0174913592637, -0.0395617820323, 0.0713904872537, -0.0136790424585, -0.0147957094014, 0.00895601883531, -0.0161803718656, 0.010435433127, -0.00127693591639], [0.000987447914667, 0.00417789909989, 0.00170931115281, 0.0036383131519, -0.0196610037237, 0.00686181336641, -0.0136790424585, 0.0613952130079, -0.0175615958869, -0.035658672452, 0.0179235134274, 9.38035882427e-05, -0.0180696044117], [0.000438156217569, -0.001981041627, -0.00367823336273, -0.0125670013949, 0.018640788272, -0.00277594849467, -0.0147957094014, -0.0175615958869, 0.0688919648528, -0.0349149517715, -0.00855734199286, 0.00485156057402, 0.00312084751204], [-0.00219344347715, 0.00235430034809, -0.00669457018375, -0.00248128641397, 0.0156697556376, -0.00238722190261, 0.00895601883531, -0.035658672452, -0.0349149517715, 0.12079372257, -0.0596552789211, -0.0190659146756, 0.0340213961899], [0.000902201747522, -0.00367646757513, 0.00284777954221, 0.00620997603983, -0.0188607424498, 0.0195436384529, -0.0161803718656, 0.0179235134274, -0.00855734199286, -0.0596552789211, 0.105474576354, -0.0368914566934, -0.0173748992383], [-0.000521251116879, -0.00205024797469, 0.0104514984414, -0.00508807227015, 0.0156351551414, -0.0215409174562, 0.010435433127, 9.38035882427e-05, 0.00485156057402, -0.0190659146756, -0.0368914566934, 0.102863542736, -0.0513866432011], [-0.00160597858485, -8.79904619069e-05, -0.0099758496508, 0.00374865299091, -0.00224735331722, 0.00539826275781, -0.00127693591639, -0.0180696044117, 0.00312084751204, 0.0340213961899, -0.0173748992383, -0.0513866432011, 0.0775555372238]]
    },
    "melbands": {
        "dmean": [0.00252086017281, 0.000955248950049, 0.000312608055538, 0.000158689159434, 0.000122891215142, 0.000113530899398, 9.35715943342e-05, 0.000351409253199, 4.91975442856e-05, 5.94443263253e-05, 9.65753133642e-05, 7.99776462372e-05, 8.78155915416e-05, 8.81362648215e-05, 3.41804443451e-05, 3.30891889462e-05, 2.69002666755e-05, 3.32396884914e-05, 2.68543717539e-05, 1.75763052539e-05, 1.36918415592e-05, 2.00871363631e-05, 1.66324243764e-05, 1.17344952741e-05, 1.38447894642e-05, 1.05181707113e-05, 9.93569119601e-06, 9.12254472496e-06, 6.24177710051e-06, 7.47128524381e-06, 4.35057154391e-06, 4.82019549963e-06, 5.10887139171e-06, 4.02331261284e-06, 3.04597119793e-06, 4.33868854088e-06, 3.1023637348e-06, 2.98570603263e-06, 2.80489575744e-06, 3.40774431606e-06],
        "dmean2": [0.00312184891663, 0.00147762126289, 0.000561296881642, 0.000278818857623, 0.000208711295272, 0.000208021359867, 0.00016399010201, 0.000622021732852, 8.29726559459e-05, 9.61607220233e-05, 0.000162551092217, 0.000135840207804, 0.000118254203699, 0.000151948697749, 5.34824830538e-05, 4.38241404481e-05, 3.83635342587e-05, 4.79495720356e-05, 4.37745147792e-05, 3.05837893393e-05, 1.88342837646e-05, 2.92712593364e-05, 2.3853901439e-05, 1.70847488334e-05, 2.06726326724e-05, 1.69746508618e-05, 1.56256483024e-05, 1.34547872221e-05, 8.46886359795e-06, 1.07157920866e-05, 6.08557274973e-06, 6.86104613123e-06, 7.39191000321e-06, 6.0168354139e-06, 4.60149976789e-06, 6.46088119538e-06, 4.09832136938e-06, 4.05799437431e-06, 3.73961142941e-06, 5.18703882335e-06],
        "dvar": [2.876869803e-05, 7.71580926084e-06, 1.12369616545e-06, 1.77002831947e-07, 5.56955299658e-08, 5.94130540321e-08, 3.08776968438e-08, 5.15380406796e-07, 6.32762864328e-09, 1.11237214995e-08, 1.72327379033e-08, 2.02576462272e-08, 2.5400233028e-08, 2.06155519322e-08, 2.67423772016e-09, 3.71237529606e-09, 3.01921088131e-09, 4.92129492713e-09, 2.70824607185e-09, 1.09042497254e-09, 5.23317944534e-10, 1.52545842624e-09, 9.61869139893e-10, 5.45839762278e-10, 8.48721759539e-10, 5.48805167977e-10, 5.03057262513e-10, 3.91714993775e-10, 1.33056565765e-10, 2.3356508394e-10, 6.30525978651e-11, 7.98614577247e-11, 8.27083124211e-11, 5.56177534583e-11, 3.52608428567e-11, 1.01029830335e-10, 3.5471837273e-11, 3.34818978098e-11, 3.1360542635e-11, 5.87105294936e-11],
        "dvar2": [5.01521135448e-05, 1.98983507289e-05, 3.11943927045e-06, 4.85758960167e-07, 1.4130661441e-07, 1.6620202814e-07, 7.86864546853e-08, 1.43855208989e-06, 1.71456484566e-08, 2.95213045121e-08, 4.78058197473e-08, 5.12225497573e-08, 4.55901378871e-08, 5.59724924187e-08, 4.90703211398e-09, 6.69082300675e-09, 6.99505608992e-09, 1.08703854806e-08, 5.49969314534e-09, 2.98777003138e-09, 8.98252139336e-10, 3.42070971548e-09, 1.46140211044e-09, 1.14904563642e-09, 1.90364879415e-09, 1.3811755073e-09, 1.14290388264e-09, 9.06854202842e-10, 2.30513400035e-10, 4.82649142874e-10, 1.04252252664e-10, 1.48972278957e-10, 1.77198672402e-10, 1.14571269139e-10, 8.00097210707e-11, 2.40244130145e-10, 6.30054758366e-11, 6.52192050365e-11, 6.37170108342e-11, 1.36350639113e-10],
        "max": [0.0373339168727, 0.0210626590997, 0.00748360855505, 0.00289757014252, 0.00201444583945, 0.00176763173658, 0.00125154748093, 0.00548300892115, 0.000725406687707, 0.000937936187256, 0.000828451593406, 0.000789763580542, 0.00111044093501, 0.00104741263203, 0.000325448490912, 0.000469805527246, 0.000439237628598, 0.000500455498695, 0.000316440564347, 0.000211561258766, 0.000175013570697, 0.000274225312751, 0.000201897797524, 0.000146638703882, 0.000210916710785, 0.000143762517837, 0.000136142101837, 0.000125899168779, 7.9011930211e-05, 0.000114381604362, 5.54410326004e-05, 5.95056517341e-05, 6.51478985674e-05, 5.80488740525e-05, 4.19607422373e-05, 8.91287854756e-05, 4.25264988735e-05, 4.24516838393e-05, 3.75931158487e-05, 5.69005387661e-05],
        "mean": [0.00697341561317, 0.00119935336988, 0.000261666427832, 0.000139068331919, 0.00010246430611, 9.34988638619e-05, 9.03928521439e-05, 0.000309327821014, 6.05041823292e-05, 6.35382602923e-05, 9.88538158708e-05, 9.0897505288e-05, 0.000100378856587, 9.04384651221e-05, 4.65067932964e-05, 3.96321120206e-05, 2.864425187e-05, 3.32015661115e-05, 3.09458373522e-05, 1.80043662112e-05, 1.72639520315e-05, 1.990898636e-05, 2.04489115276e-05, 1.16039755085e-05, 1.27242374219e-05, 8.71930387802e-06, 8.867622455e-06, 8.85111603566e-06, 6.99114616509e-06, 7.24807250663e-06, 4.92110484629e-06, 5.07339291289e-06, 4.98929102832e-06, 4.43413955509e-06, 3.16000955536e-06, 4.03487001677e-06, 3.48223306901e-06, 3.31205797011e-06, 2.93034122478e-06, 3.02288572129e-06],
        "median": [0.00412980699912, 0.000422410696046, 6.7997687438e-05, 4.28369130532e-05, 1.55598409037e-05, 2.27078180615e-05, 1.56060232257e-05, 5.08580633323e-05, 3.15465258609e-05, 2.60212455032e-05, 3.82141770388e-05, 1.8271333829e-05, 1.7392274458e-05, 1.85395056178e-05, 9.54989081947e-06, 6.73701288179e-06, 4.3999425543e-06, 3.83691576644e-06, 4.24294694312e-06, 2.95306699627e-06, 2.71242674899e-06, 2.11721430787e-06, 1.66485426689e-06, 1.54213387304e-06, 1.17287243029e-06, 1.05810954665e-06, 8.66678533384e-07, 7.5052844295e-07, 6.52587289096e-07, 5.73465399611e-07, 5.27519887328e-07, 4.73586368344e-07, 4.26031789402e-07, 3.84795697528e-07, 3.62769981166e-07, 3.24798605789e-07, 3.12399293989e-07, 2.87600613547e-07, 2.8015469411e-07, 2.56036798874e-07],
        "min": [6.08136371122e-13, 5.20981857915e-13, 3.95290544004e-13, 2.73719089929e-13, 1.96964542115e-13, 1.6734240404e-13, 1.55164658791e-13, 1.40042505045e-13, 1.1055355443e-13, 1.02392446193e-13, 1.69215431055e-13, 2.11445485144e-13, 1.48513810299e-13, 8.08839079698e-14, 5.35322315447e-14, 4.55118087043e-14, 2.73285304027e-14, 4.68160658013e-15, 6.96372086311e-15, 2.25423571818e-14, 4.77607862114e-14, 2.29685214804e-14, 1.45463814063e-14, 3.00074906329e-14, 8.87313700705e-14, 1.15244754928e-13, 2.31232930346e-14, 1.26705066659e-14, 2.31042856152e-14, 1.23086211565e-14, 1.6037457549e-14, 1.45323223534e-14, 7.12521065912e-14, 1.08858573739e-13, 3.92061464674e-14, 6.20677961067e-15, 3.24528002128e-14, 2.57395457216e-14, 7.21025107296e-15, 5.44840348443e-15],
        "stdev": [0.00927479565144, 0.00271566095762, 0.000846853537951, 0.000341296283295, 0.00021605672373, 0.000196439301362, 0.000175739973201, 0.00067576195579, 7.42678093957e-05, 9.96694798232e-05, 0.000134456771775, 0.00015888074995, 0.000201100367121, 0.000155296584126, 7.00163509464e-05, 7.69596445025e-05, 5.99775776209e-05, 7.53176864237e-05, 6.01510910201e-05, 3.34612595907e-05, 3.03790948237e-05, 4.26880251325e-05, 4.08251835324e-05, 2.54187034443e-05, 3.0134433473e-05, 2.16026310227e-05, 2.21544760279e-05, 2.05807154998e-05, 1.43701290654e-05, 1.6739269995e-05, 9.94065158011e-06, 1.05545086626e-05, 1.03165702967e-05, 8.87738315214e-06, 6.52589096717e-06, 9.9966146081e-06, 7.36808215152e-06, 6.97729637977e-06, 6.45909767627e-06, 7.60001739764e-06],
        "var": [8.6021842435e-05, 7.3748142313e-06, 7.17160958175e-07, 1.16483143131e-07, 4.66805083477e-08, 3.85883964782e-08, 3.08845393704e-08, 4.56654191794e-07, 5.51570744634e-09, 9.93400472993e-09, 1.80786248194e-08, 2.52430929493e-08, 4.04413604826e-08, 2.41170283743e-08, 4.90228924122e-09, 5.92278714961e-09, 3.59731000543e-09, 5.67275426633e-09, 3.61815355454e-09, 1.11965592353e-09, 9.22889376032e-10, 1.82226755907e-09, 1.66669567037e-09, 6.46110498437e-10, 9.08084107909e-10, 4.66673644173e-10, 4.90820772914e-10, 4.23565849061e-10, 2.06500622157e-10, 2.8020313847e-10, 9.8816559102e-11, 1.1139764805e-10, 1.064316274e-10, 7.88079254632e-11, 4.25872531684e-11, 9.99323124251e-11, 5.42886360866e-11, 4.86826620683e-11, 4.17199434721e-11, 5.77602618512e-11]
    },
    "melbands128": {
