{
"lowlevel": {
    "average_loudness": 0.978448748589,
    "barkbands_crest": {
        "dmean": 2.68259263039,
        "dmean2": 3.93436312675,
        "dvar": 8.8005771637,
        "dvar2": 17.3708152771,
        "max": 26.9007530212,
        "mean": 16.9203166962,
        "median": 16.6838035583,
        "min": 5.20989847183,
        "stdev": 5.37133216858,
        "var": 28.8512115479
    },
    "barkbands_flatness_db": {
        "dmean": 0.03186333552,
        "dmean2": 0.0421094447374,
        "dvar": 0.00135939964093,
        "dvar2": 0.00236025778577,
        "max": 0.8234141469,
        "mean": 0.31566593051,
        "median": 0.30350625515,
        "min": 0.057113610208,
        "stdev": 0.104639433324,
        "var": 0.0109494114295
    },
    "barkbands_kurtosis": {
        "dmean": 22.3192234039,
        "dmean2": 32.8346099854,
        "dvar": 5443.45654297,
        "dvar2": 12580.1640625,
        "max": 1472.2076416,
        "mean": 37.7906990051,
        "median": 14.8791275024,
        "min": -1.27520644665,
        "stdev": 81.3332519531,
        "var": 6615.09765625
    },
    "barkbands_skewness": {
        "dmean": 1.33009922504,
        "dmean2": 1.77866292,
        "dvar": 3.20112466812,
        "dvar2": 6.41433620453,
        "max": 33.1641159058,
        "mean": 3.73324775696,
        "median": 2.93355631828,
        "min": -5.26618099213,
        "stdev": 3.35821962357,
        "var": 11.277639389
    },
    "barkbands_spread": {
        "dmean": 2.01523923874,
        "dmean2": 2.96983766556,
        "dvar": 13.794968605,
        "dvar2": 28.0303020477,
        "max": 60.5146865845,
        "mean": 5.60480499268,
        "median": 3.59208130836,
        "min": 0.0415514297783,
        "stdev": 5.80700159073,
        "var": 33.7212677002
    },
    "dissonance": {
        "dmean": 0.0379031002522,
        "dmean2": 0.062495816499,
        "dvar": 0.00163206609432,
        "dvar2": 0.00425542704761,
        "max": 0.500000119209,
        "mean": 0.412473469973,
        "median": 0.427198886871,
        "min": 0.0122211826965,
        "stdev": 0.061884637922,
        "var": 0.00382970832288
    },
    "dynamic_complexity": 3.50429534912,
    "erbbands_crest": {
        "dmean": 3.35277938843,
        "dmean2": 5.22325706482,
        "dvar": 8.88821029663,
        "dvar2": 21.3152179718,
        "max": 31.9318180084,
        "mean": 15.4520740509,
        "median": 14.3191690445,
        "min": 3.46134185791,
        "stdev": 6.13710355759,
        "var": 37.6640396118
    },
    "erbbands_flatness_db": {
        "dmean": 0.0216841120273,
        "dmean2": 0.0310286711901,
        "dvar": 0.000490579288453,
        "dvar2": 0.00101636757609,
        "max": 0.500143945217,
        "mean": 0.236497938633,
        "median": 0.225259974599,
        "min": 0.0882666036487,
        "stdev": 0.0676053836942,
        "var": 0.00457048788667
    },
    "erbbands_kurtosis": {
        "dmean": 3.68507456779,
        "dmean2": 5.29647779465,
        "dvar": 66.9319839478,
        "dvar2": 113.721282959,
        "max": 179.282028198,
        "mean": 6.10982227325,
        "median": 1.75596761703,
        "min": -1.88851881027,
        "stdev": 14.5082054138,
        "var": 210.488037109
    },
    "erbbands_skewness": {
        "dmean": 0.548726081848,
        "dmean2": 0.758389592171,
        "dvar": 0.442495435476,
        "dvar2": 0.748727142811,
        "max": 10.703042984,
        "mean": 1.08711075783,
        "median": 0.750864326954,
        "min": -5.16825389862,
        "stdev": 1.52430272102,
        "var": 2.32349872589
    },
    "erbbands_spread": {
        "dmean": 6.9136967659,
        "dmean2": 9.75245857239,
        "dvar": 102.411071777,
        "dvar2": 174.27961731,
        "max": 178.385971069,
        "mean": 25.9083766937,
        "median": 19.9698085785,
        "min": 0.684967577457,
        "stdev": 21.2745056152,
        "var": 452.604553223
    },
    "hfc": {
        "dmean": 4.97717571259,
        "dmean2": 7.18557882309,
        "dvar": 50.6767807007,
        "dvar2": 111.741737366,
        "max": 63.4839859009,
        "mean": 15.7361183167,
        "median": 12.8945417404,
        "min": 1.18468330874e-16,
        "stdev": 12.2049388885,
        "var": 148.960540771
    },
    "loudness_ebu128": {
        "integrated": -10.1108369827,
        "loudness_range": 2.39253234863,
        "momentary": {
            "dmean": 1.40031969547,
            "dmean2": 2.09688162804,
            "dvar": 3.11831569672,
            "dvar2": 6.84097003937,
            "max": -7.85986328125,
            "mean": -10.9141769409,
            "median": -9.88480472565,
            "min": -28.910697937,
            "stdev": 3.19232296944,
            "var": 10.1909265518
        },
        "short_term": {
            "dmean": 0.153076410294,
            "dmean2": 0.182036742568,
            "dvar": 0.0145248807967,
            "dvar2": 0.0156057346612,
            "max": -8.91920089722,
            "mean": -10.3531446457,
            "median": -10.2525501251,
            "min": -13.4997158051,
            "stdev": 0.942622721195,
            "var": 0.88853764534
        }
    },
    "melbands_crest": {
        "dmean": 3.10879230499,
        "dmean2": 4.58996486664,
        "dvar": 11.8279008865,
        "dvar2": 23.9413795471,
        "max": 34.9478912354,
        "mean": 21.9267158508,
        "median": 21.4663562775,
        "min": 2.33494639397,
        "stdev": 6.61090040207,
        "var": 43.7040061951
    },
    "melbands_flatness_db": {
        "dmean": 0.0350610688329,
        "dmean2": 0.0440843142569,
        "dvar": 0.00183509383351,
        "dvar2": 0.0029105108697,
        "max": 0.975006341934,
        "mean": 0.42140224576,
        "median": 0.407468348742,
        "min": 0.00903351418674,
        "stdev": 0.123781524599,
        "var": 0.0153218656778
    },
    "melbands_kurtosis": {
        "dmean": 25.3376979828,
        "dmean2": 34.5401229858,
        "dvar": 2194.91015625,
        "dvar2": 5003.94677734,
        "max": 702.846008301,
        "mean": 52.3803520203,
        "median": 20.6472167969,
        "min": -1.73437893391,
        "stdev": 78.6989898682,
        "var": 6193.53076172
    },
    "melbands_skewness": {
        "dmean": 1.34371960163,
        "dmean2": 1.75614118576,
        "dvar": 2.23630237579,
        "dvar2": 4.06845188141,
        "max": 20.8112545013,
        "mean": 4.34283733368,
        "median": 3.41057729721,
        "min": -2.35245847702,
        "stdev": 3.66133666039,
        "var": 13.4053859711
    },
    "melbands_spread": {
        "dmean": 2.67632865906,
        "dmean2": 4.01519632339,
        "dvar": 47.2792854309,
        "dvar2": 101.647254944,
        "max": 151.13104248,
        "mean": 6.41640233994,
        "median": 3.46505451202,
        "min": 0.126246482134,
        "stdev": 10.7205457687,
        "var": 114.930091858
    },
    "pitch_salience": {
        "dmean": 0.0790114924312,
        "dmean2": 0.116669543087,
        "dvar": 0.00733727868646,
        "dvar2": 0.0155657734722,
        "max": 0.9673833251,
        "mean": 0.356019824743,
        "median": 0.357204437256,
        "min": 0.0202810224146,
        "stdev": 0.153327211738,
        "var": 0.02350923419
    },
    "silence_rate_20dB": {
        "dmean": 0.0820433422923,
        "dmean2": 0.16421379149,
        "dvar": 0.0753120034933,
        "dvar2": 0.144993111491,
        "max": 1,
        "mean": 0.891724646091,
        "median": 1,
        "min": 0,
        "stdev": 0.310729771852,
        "var": 0.0965529978275
    },
    "silence_rate_30dB": {
        "dmean": 0.116099074483,
        "dmean2": 0.232378005981,
        "dvar": 0.102620504797,
        "dvar2": 0.201617345214,
        "max": 1,
        "mean": 0.706109821796,
        "median": 1,
        "min": 0,
        "stdev": 0.455540895462,
        "var": 0.207517504692
    },
    "silence_rate_60dB": {
        "dmean": 0.0255417954177,
        "dmean2": 0.0511231608689,
        "dvar": 0.0248893555254,
        "dvar2": 0.0531576797366,
        "max": 1,
        "mean": 0.0827532857656,
        "median": 0,
        "min": 0,
        "stdev": 0.275511562824,
        "var": 0.0759066268802
    },
    "spectral_centroid": {
        "dmean": 103.979286194,
        "dmean2": 149.130142212,
        "dvar": 68890.5546875,
        "dvar2": 110453.203125,
        "max": 11141.8671875,
        "mean": 525.96685791,
        "median": 449.62890625,
        "min": 56.6105575562,
        "stdev": 533.781860352,
        "var": 284923.0625
    },
    "spectral_complexity": {
        "dmean": 1.64551079273,
        "dmean2": 2.60030984879,
        "dvar": 3.58641552925,
        "dvar2": 7.22986745834,
        "max": 28,
        "mean": 8.65815925598,
        "median": 8,
        "min": 0,
        "stdev": 4.56125736237,
        "var": 20.8050708771
    },
    "spectral_decrease": {
        "dmean": 1.10099245276e-08,
        "dmean2": 1.39438851576e-08,
        "dvar": 3.60674411056e-16,
        "dvar2": 5.99010900628e-16,
        "max": 4.88277076663e-29,
        "mean": -2.8487750825e-08,
        "median": -1.72414367228e-08,
        "min": -1.49449036257e-07,
        "stdev": 3.33491350091e-08,
        "var": 1.11216474178e-15
    },
    "spectral_energy": {
        "dmean": 0.0419417023659,
        "dmean2": 0.0531613305211,
        "dvar": 0.00521235074848,
        "dvar2": 0.00868132803589,
        "max": 0.569327831268,
        "mean": 0.108946435153,
        "median": 0.0661961361766,
        "min": 1.0561144793e-20,
        "stdev": 0.126718759537,
        "var": 0.0160576440394
    },
    "spectral_energyband_high": {
        "dmean": 3.258488141e-05,
        "dmean2": 4.54767796327e-05,
        "dvar": 2.84146608465e-08,
        "dvar2": 4.60975364547e-08,
        "max": 0.00328896380961,
        "mean": 8.42472654767e-05,
        "median": 3.42506355082e-05,
        "min": 7.30791129853e-21,
        "stdev": 0.000234944309341,
        "var": 5.5198828619e-08
    },
    "spectral_energyband_low": {
        "dmean": 0.0404950901866,
        "dmean2": 0.0518442131579,
        "dvar": 0.00538386357948,
        "dvar2": 0.00913209747523,
        "max": 0.558954656124,
        "mean": 0.0955748483539,
        "median": 0.0545202791691,
        "min": 1.05887574996e-22,
        "stdev": 0.125581711531,
        "var": 0.0157707650214
    },
    "spectral_energyband_middle_high": {
        "dmean": 0.000616271747276,
        "dmean2": 0.000890179537237,
        "dvar": 1.33557773552e-06,
        "dvar2": 2.65425228463e-06,
        "max": 0.0212028604001,
        "mean": 0.00171946559567,
        "median": 0.000918079807889,
        "min": 1.67599524949e-21,
        "stdev": 0.0025202606339,
        "var": 6.35171409158e-06
    },
    "spectral_energyband_middle_low": {
        "dmean": 0.00715219369158,
        "dmean2": 0.0121561242267,
        "dvar": 0.000186093573575,
        "dvar2": 0.000525999756064,
        "max": 0.116566218436,
        "mean": 0.0150946862996,
        "median": 0.0103981010616,
        "min": 2.64815052302e-22,
        "stdev": 0.0151802934706,
        "var": 0.000230441306485
    },
    "spectral_entropy": {
        "dmean": 0.229123994708,
        "dmean2": 0.32159820199,
        "dvar": 0.0719509646297,
        "dvar2": 0.127347663045,
        "max": 9.80387496948,
        "mean": 6.38112545013,
        "median": 6.52247238159,
        "min": 3.69149208069,
        "stdev": 0.752905726433,
        "var": 0.566867053509
    },
    "spectral_flux": {
        "dmean": 0.0620434805751,
        "dmean2": 0.0929274708033,
        "dvar": 0.00856411270797,
        "dvar2": 0.0144539112225,
        "max": 0.68538659811,
        "mean": 0.123449265957,
        "median": 0.0763468816876,
        "min": 1.02767433452e-10,
        "stdev": 0.13252800703,
        "var": 0.0175636708736
    },
    "spectral_kurtosis": {
        "dmean": 7.30687475204,
        "dmean2": 11.296046257,
        "dvar": 380.123779297,
        "dvar2": 711.079467773,
        "max": 556.199035645,
        "mean": 19.7408981323,
        "median": 11.8843269348,
        "min": -1.25308275223,
        "stdev": 31.5295772552,
        "var": 994.114257812
    },
    "spectral_rms": {
        "dmean": 0.00182155834045,
        "dmean2": 0.00223695719615,
        "dvar": 7.11300344847e-06,
        "dvar2": 1.08222320705e-05,
        "max": 0.0235678125173,
        "mean": 0.00868560560048,
        "median": 0.00803626794368,
        "min": 3.20991518955e-12,
        "stdev": 0.00555422296748,
        "var": 3.0849394534e-05
    },
    "spectral_rolloff": {
        "dmean": 146.581939697,
        "dmean2": 250.241363525,
        "dvar": 308606.0625,
        "dvar2": 554077.25,
        "max": 19035.3515625,
        "mean": 437.790496826,
        "median": 215.33203125,
        "min": 64.599609375,
        "stdev": 849.588928223,
        "var": 721801.375
    },
    "spectral_skewness": {
        "dmean": 0.506036996841,
        "dmean2": 0.787636876106,
        "dvar": 0.643299102783,
        "dvar2": 1.27168643475,
        "max": 20.6789417267,
        "mean": 3.1598572731,
        "median": 2.78470015526,
        "min": -0.0159194543958,
        "stdev": 1.6928665638,
        "var": 2.86579728127
    },
    "spectral_spread": {
        "dmean": 492675.5625,
        "dmean2": 696824.3125,
        "dvar": 938068344832,
        "dvar2": 1.01402148864e+12,
        "max": 41628004,
        "mean": 3489229.25,
        "median": 3335704.25,
        "min": 344571.6875,
        "stdev": 1934443.25,
        "var": 3.7420704727e+12
    },
    "spectral_strongpeak": {
        "dmean": 0.40570294857,
        "dmean2": 0.650652110577,
        "dvar": 0.32346740365,
        "dvar2": 0.825557351112,
        "max": 5.56429338455,
        "mean": 1.09275054932,
        "median": 0.981364607811,
        "min": 0,
        "stdev": 0.863224983215,
        "var": 0.745157361031
    },
    "zerocrossingrate": {
        "dmean": 0.00509256171063,
        "dmean2": 0.00561239756644,
        "dvar": 0.00025956396712,
        "dvar2": 0.00036833944614,
        "max": 0.50439453125,
        "mean": 0.0194330643862,
        "median": 0.0146484375,
        "min": 0.001953125,
        "stdev": 0.0258683096617,
        "var": 0.000669169414323
    },
    "barkbands": {
        "dmean": [0.00170260481536, 0.034646820277, 0.0146762048826, 0.00366126163863, 0.00155370170251, 0.000591672724113, 0.000816582818516, 0.000618368969299, 0.00131933623925, 0.000502014532685, 0.000167716440046, 4.43646167696e-05, 7.61638875701e-05, 0.000139252282679, 9.7931966593e-05, 6.55077965348e-05, 2.39187429543e-05, 2.58554318862e-05, 2.50554439845e-05, 5.27610745849e-06, 9.06000786927e-06, 8.93797277968e-06, 5.09596566189e-06, 7.01451381246e-06, 7.47278727431e-06, 2.34339199778e-06, 1.2574595587e-07],
        "dmean2": [0.00216172565706, 0.0429849736392, 0.0256670173258, 0.00674892868847, 0.00255938316695, 0.000871151220053, 0.0011917083757, 0.000967595202383, 0.00199667410925, 0.0007946480182, 0.000242102571065, 6.32116134511e-05, 0.000115629016364, 0.000228979784879, 0.000147168218973, 9.74385984591e-05, 3.78831646231e-05, 3.90840505133e-05, 3.91510402551e-05, 8.16461943032e-06, 1.34354195325e-05, 1.28208648675e-05, 7.86860164226e-06, 1.04363252831e-05, 1.12179395728e-05, 3.5062371353e-06, 2.04725338904e-07],
        "dvar": [7.94414881966e-06, 0.00459637446329, 0.00142032641452, 0.000108065803943, 1.11814042612e-05, 1.84302734851e-06, 2.83347844743e-06, 2.36244181906e-06, 9.31099202717e-06, 4.07287416238e-06, 2.15635594714e-07, 2.04625525413e-08, 2.81451129069e-08, 8.70268195285e-08, 6.55404548411e-08, 3.4149188366e-08, 3.08795100601e-09, 7.17893167135e-09, 5.51388845693e-09, 4.11742528961e-10, 6.6179822733e-10, 5.48386402954e-09, 1.37067490691e-09, 2.02035188579e-09, 1.14130316309e-09, 7.07546590761e-11, 1.08727222646e-13],
        "dvar2": [1.49756997416e-05, 0.00731082540005, 0.00393719924614, 0.000313687516609, 2.89416529995e-05, 2.96529310617e-06, 6.01006104262e-06, 5.05373827764e-06, 2.19531739276e-05, 9.38370885706e-06, 4.02009391109e-07, 3.1214725027e-08, 6.10339370155e-08, 2.18298524146e-07, 1.10215225391e-07, 6.30272225521e-08, 6.61049215367e-09, 1.45786973604e-08, 1.18089991119e-08, 1.07638142843e-09, 1.25222177072e-09, 7.1480945607e-09, 2.92907298416e-09, 4.7319330676e-09, 2.32659091992e-09, 1.56148774466e-10, 2.94346795202e-13],
        "max": [0.0240260306746, 0.463242352009, 0.353206783533, 0.0777762085199, 0.0273502822965, 0.0359556339681, 0.0349012240767, 0.033993691206, 0.0376269891858, 0.0335299521685, 0.0117043480277, 0.00334862503223, 0.003229316324, 0.00347137684003, 0.00876828003675, 0.00385325192474, 0.00107339979149, 0.00293528987095, 0.00204919883981, 0.00041293608956, 0.000535977538675, 0.00247864448465, 0.000708750099875, 0.0010233951034, 0.000821731227916, 0.000145579891978, 7.03120031176e-06],
        "mean": [0.00236253254116, 0.0678875595331, 0.0221250262111, 0.0047327792272, 0.00224051228724, 0.00106063589919, 0.00160584039986, 0.00136057392228, 0.0032854990568, 0.000939972989727, 0.000355937489076, 6.6391643486e-05, 0.000149964369484, 0.000255317630945, 0.000163177639479, 0.000120384116599, 4.5659726311e-05, 4.85622040287e-05, 5.12226943101e-05, 9.32065358938e-06, 1.86913803191e-05, 1.37879460453e-05, 8.58999192133e-06, 1.28997326101e-05, 1.87279947568e-05, 6.83714506522e-06, 2.10866346606e-07],
        "median": [0.000456985202618, 0.0141805717722, 0.00834258366376, 0.00107430212665, 0.000932177295908, 0.00039919000119, 0.000406865845434, 0.000186919569387, 0.000132306100568, 5.27752927155e-05, 4.87110228278e-05, 1.72955842572e-05, 2.33366590692e-05, 5.33019810973e-05, 2.4913208108e-05, 2.28906992561e-05, 1.53308337758e-05, 1.6555602997e-05, 1.09676793727e-05, 3.08449648401e-06, 6.67126687404e-06, 2.71441763289e-06, 2.14909300666e-06, 2.95285872198e-06, 5.14797511642e-06, 2.88142905447e-06, 2.388034126e-08],
        "min": [5.33772192336e-23, 6.28711665388e-23, 8.94137942897e-24, 4.41306855295e-24, 1.7061909643e-23, 3.55236876722e-23, 1.63490191984e-23, 6.90036891745e-23, 8.57247130877e-23, 1.47438671166e-22, 5.53892941694e-23, 1.16195210237e-22, 1.35965680109e-22, 6.18407122482e-23, 2.33069547671e-22, 1.80902882828e-22, 1.96602224584e-22, 1.94301527531e-22, 2.39563955514e-22, 2.91622060474e-22, 2.23463039381e-22, 5.88903977062e-22, 5.7688360489e-22, 7.14556518836e-22, 1.24961787397e-21, 1.75317053421e-21, 2.18985444688e-21],
        "stdev": [0.00417531793937, 0.114935182035, 0.0335744172335, 0.00879430118948, 0.00346871837974, 0.00240190979093, 0.00310806999914, 0.00366936391219, 0.00661017047241, 0.00357316737063, 0.00096724985633, 0.000230158519116, 0.000318024336593, 0.00046951425611, 0.00045849964954, 0.000340974947903, 9.03736436157e-05, 0.000138406336191, 0.00013231493358, 2.75128895737e-05, 4.212712156e-05, 0.000106300765765, 4.29738684034e-05, 4.66486853838e-05, 4.57386413473e-05, 1.27355042423e-05, 5.40449718756e-07],
        "var": [1.74332799361e-05, 0.0132100963965, 0.00112724152859, 7.73397405283e-05, 1.2032007362e-05, 5.76917091166e-06, 9.66009883996e-06, 1.34642323246e-05, 4.36943519162e-05, 1.27675248223e-05, 9.35572245453e-07, 5.29729433651e-08, 1.01139470132e-07, 2.20443624244e-07, 2.10221941188e-07, 1.16263919381e-07, 8.16739564868e-09, 1.91563138685e-08, 1.75072418784e-08, 7.56959050996e-10, 1.77469428042e-09, 1.12998526092e-08, 1.84675341686e-09, 2.17609974484e-09, 2.09202344337e-09, 1.62193064535e-10, 2.92085881306e-13]
    },
    "erbbands": {
        "dmean": [1.33146822453, 8.39027690887, 17.9652366638, 13.8992929459, 7.80889081955, 4.73786115646, 3.9961066246, 5.36064481735, 6.42977046967, 20.6870498657, 12.2410306931, 31.3675765991, 28.9403629303, 5.25935220718, 5.62280654907, 2.22845125198, 3.83445382118, 6.56077671051, 5.56875991821, 4.45057678223, 1.87285244465, 1.04038691521, 1.09390854836, 1.56156647205, 0.730862021446, 0.201580017805, 0.412150382996, 0.301494270563, 0.318416446447, 0.252000451088, 0.151857048273, 0.118883565068, 0.131292209029, 0.101520299911, 0.0453313738108, 0.0140392482281, 0.00438175164163, 0.000480736372992, 2.62749072135e-05, 4.54435430584e-05],
        "dmean2": [1.34605908394, 11.0113239288, 30.2682685852, 24.7366847992, 14.0223722458, 7.43293857574, 6.24250125885, 8.00714111328, 9.81383037567, 29.3171482086, 19.1295528412, 48.6081504822, 42.4255485535, 7.57419061661, 8.06587123871, 3.13664698601, 5.73791074753, 10.6233949661, 8.51071834564, 6.48920583725, 2.94571518898, 1.61719334126, 1.64797377586, 2.44548416138, 1.07857644558, 0.309593230486, 0.635524690151, 0.446730643511, 0.410416096449, 0.392111986876, 0.236678406596, 0.170077070594, 0.202902585268, 0.154251247644, 0.0674582272768, 0.0209170430899, 0.00659030023962, 0.000727273698431, 3.58879151463e-05, 5.76105594519e-05],
        "dvar": [5.69744300842, 290.404083252, 1936.6484375, 1412.00634766, 425.872955322, 84.1200485229, 60.7584533691, 164.316131592, 256.196014404, 2182.26611328, 1230.0916748, 6054.82910156, 8765.1484375, 161.559799194, 266.132751465, 42.0431671143, 67.2635192871, 218.048248291, 178.061798096, 111.559837341, 20.1436786652, 4.11108350754, 14.8040332794, 21.8911895752, 6.352684021, 0.542580783367, 1.31848108768, 1.07942974567, 5.5476102829, 7.31086492538, 1.1715477705, 0.665526330471, 0.650611758232, 0.164988607168, 0.0570190399885, 0.00494570098817, 0.000114590031444, 1.07441758246e-06, 1.42817302429e-09, 6.06425576422e-09],
        "dvar2": [5.56982421875, 616.471557617, 5177.54589844, 3993.26171875, 1216.22827148, 200.323883057, 120.593147278, 293.335510254, 608.784790039, 4884.49560547, 2751.6171875, 15025.2001953, 21053.2988281, 299.107269287, 519.784423828, 67.2682495117, 145.384475708, 551.443908691, 376.519805908, 201.117218018, 43.3505592346, 8.50282764435, 31.3586883545, 40.570980072, 13.3139286041, 1.15694510937, 3.14431405067, 2.06063079834, 7.36877059937, 15.4996852875, 2.39761590958, 1.51739156246, 1.55285596848, 0.360097616911, 0.104261592031, 0.0110131688416, 0.000228135482757, 1.98794668904e-06, 2.66643174207e-09, 1.01320596357e-08],
        "max": [18.9664783478, 118.647613525, 374.576568604, 311.149841309, 151.053466797, 75.3505172729, 158.738388062, 286.530609131, 330.382293701, 1155.3770752, 939.877685547, 997.101501465, 1494.52734375, 228.905731201, 433.980987549, 147.318847656, 133.639968872, 181.983169556, 313.329803467, 224.722229004, 83.1797714233, 47.3945884705, 133.831741333, 148.910598755, 81.8058013916, 15.8978004456, 21.8059253693, 22.3746681213, 86.0092926025, 79.2951965332, 26.0905303955, 21.5077705383, 18.9755535126, 8.46115112305, 6.47772026062, 1.3408216238, 0.173997208476, 0.0295423958451, 0.000704214267898, 0.000616130768321],
        "mean": [2.34033322334, 13.655591011, 25.6646251678, 22.2371807098, 9.87452507019, 7.35741186142, 6.49031066895, 9.53333568573, 11.9822416306, 41.8371505737, 30.7753200531, 78.372467041, 60.451210022, 11.0743255615, 12.2110795975, 3.88992404938, 7.59339523315, 12.5425710678, 9.91500473022, 9.79605960846, 3.82283425331, 2.25035810471, 2.25855374336, 3.51779985428, 1.50742590427, 0.437581717968, 0.794424653053, 0.595250844955, 0.4868067801, 0.360719949007, 0.259837538004, 0.224026232958, 0.245608985424, 0.253825575113, 0.105286575854, 0.034292280674, 0.0126779824495, 0.00152607937343, 8.37288607727e-05, 0.00011994207307],
        "median": [0.269167333841, 3.94593548775, 13.1880397797, 9.35057163239, 3.94582486153, 2.83757734299, 2.56620836258, 3.59546208382, 4.93032646179, 8.62870407104, 5.67286205292, 3.34630680084, 3.44350194931, 2.81835961342, 2.30391120911, 1.37014806271, 1.54146778584, 2.88735723495, 1.99028337002, 1.93954455853, 1.36475920677, 0.944783806801, 0.888336122036, 1.04283130169, 0.329604268074, 0.174622654915, 0.272281050682, 0.203132018447, 0.107746422291, 0.0603851787746, 0.0632953047752, 0.0547901466489, 0.0563261210918, 0.058137498796, 0.0302169509232, 0.0122948912904, 0.00518057448789, 0.000459297851194, 5.85572597629e-05, 7.3459232226e-05],
        "min": [2.73810010375e-21, 1.05748433564e-20, 1.4753250901e-20, 1.23179350502e-20, 1.89676391868e-20, 8.76879174719e-20, 9.3159587977e-20, 4.07606145683e-19, 1.46616367708e-19, 7.00448581097e-19, 1.50820213318e-18, 2.03913834911e-18, 4.00072520706e-18, 3.87295434015e-18, 2.35293820667e-18, 4.83199953647e-18, 6.63250827297e-18, 4.26287776833e-18, 6.91169372382e-18, 1.7795856165e-17, 5.8342769139e-18, 9.69388759001e-18, 1.22872278505e-17, 1.25056912134e-17, 1.05537501086e-17, 1.6129482623e-17, 9.03386611718e-18, 1.27156916914e-17, 2.24612739338e-17, 1.45100333829e-17, 1.68612049385e-17, 1.60702846153e-17, 1.10061815077e-17, 1.16690732972e-17, 1.08847977159e-17, 7.34801908924e-18, 2.89481099106e-18, 1.05870339953e-18, 3.0973780622e-19, 3.54410961821e-20],
        "stdev": [4.48491621017, 23.2944068909, 39.9312782288, 33.9459609985, 17.5720691681, 11.1459980011, 11.9563856125, 21.7210617065, 24.0025959015, 88.5422286987, 89.0831985474, 163.404418945, 173.960968018, 23.8448028564, 33.0597877502, 10.54383564, 15.4565620422, 24.3473033905, 21.2136936188, 23.0806655884, 7.36113882065, 3.70377635956, 5.940574646, 8.98971176147, 4.21727848053, 1.15340685844, 1.63195943832, 1.63081920147, 3.35756397247, 3.22837090492, 1.25013101101, 0.866130411625, 0.840418219566, 0.578632593155, 0.317145377398, 0.0890405476093, 0.0212450753897, 0.00259335082956, 8.35581595311e-05, 0.000136867398396],
        "var": [20.1144752502, 542.629394531, 1594.50695801, 1152.32824707, 308.777587891, 124.233261108, 142.955154419, 471.804534912, 576.124633789, 7839.72607422, 7935.81591797, 26701.0058594, 30262.4199219, 568.574584961, 1092.94958496, 111.172470093, 238.905303955, 592.791137695, 450.020782471, 532.717102051, 54.1863632202, 13.7179584503, 35.2904281616, 80.8149185181, 17.7854385376, 1.33034741879, 2.66329145432, 2.65957140923, 11.2732362747, 10.42237854, 1.56282746792, 0.750181853771, 0.706302821636, 0.334815680981, 0.10058118403, 0.00792821869254, 0.000451353203971, 6.72546912028e-06, 6.98196567228e-09, 1.87326865131e-08]
    },
    "gfcc": {
        "mean": [-87.4201126099, 137.668441772, -75.3804168701, 16.6633167267, -34.1471595764, 9.15470314026, -28.5615596771, 16.1399173737, -13.8255796432, 7.63961648941, -12.6915569305, -9.61153030396, -7.59611320496],
        "cov": [[12630.1943359, -1244.61315918, 63.8070716858, 431.05065918, 177.656158447, 1790.34033203, -5.61461925507, 1224.28564453, 6.20376110077, -21.9447822571, -664.123168945, 75.5476150513, -386.334320068], [-1244.61315918, 2196.48876953, 815.321716309, 134.776306152, 834.575256348, -137.219833374, 497.497924805, -223.344406128, 269.533416748, -204.443481445, 183.466033936, -241.378433228, 47.2376365662], [63.8070716858, 815.321716309, 1406.21203613, 570.206054688, 566.466552734, 292.473388672, 286.313964844, 2.94762587547, 131.21282959, -113.149177551, 84.1385040283, -62.9611740112, -64.9035110474], [431.05065918, 134.776306152, 570.206054688, 1037.20202637, 599.924926758, 228.329360962, 105.424415588, -52.2487602234, 86.2957763672, -73.1653137207, 26.182756424, -132.370727539, 51.4359283447], [177.656158447, 834.575256348, 566.466552734, 599.924926758, 1046.00769043, 357.442962646, 392.257720947, 24.6818122864, 384.339538574, -7.36972808838, 99.0142669678, -172.899871826, 58.5507583618], [1790.34033203, -137.219833374, 292.473388672, 228.329360962, 357.442962646, 665.820922852, 179.740737915, 274.88760376, 208.612838745, 70.7473220825, -29.7402915955, -8.17049789429, -80.1623153687], [-5.61461925507, 497.497924805, 286.313964844, 105.424415588, 392.257720947, 179.740737915, 406.523162842, 79.7478561401, 207.85874939, 24.4795360565, 62.2689247131, -47.6935043335, 19.3714981079], [1224.28564453, -223.344406128, 2.94762587547, -52.2487602234, 24.6818122864, 274.88760376, 79.7478561401, 452.677246094, 187.552337646, 9.51583194733, -54.7532653809, 52.7901039124, -89.4634857178], [6.20376110077, 269.533416748, 131.21282959, 86.2957763672, 384.339538574, 208.612838745, 207.85874939, 187.552337646, 455.376251221, 73.657875061, 92.765083313, -12.8952598572, -20.8672122955], [-21.9447822571, -204.443481445, -113.149177551, -73.1653137207, -7.36972808838, 70.7473220825, 24.4795360565, 9.51583194733, 73.657875061, 238.297088623, 86.9406585693, 52.7019271851, 62.5107154846], [-664.123168945, 183.466033936, 84.1385040283, 26.182756424, 99.0142669678, -29.7402915955, 62.2689247131, -54.7532653809, 92.765083313, 86.9406585693, 243.527069092, 42.8243598938, 72.6338043213], [75.5476150513, -241.378433228, -62.9611740112, -132.370727539, -172.899871826, -8.17049789429, -47.6935043335, 52.7901039124, -12.8952598572, 52.7019271851, 42.8243598938, 161.117630005, 21.7594738007], [-386.334320068, 47.2376365662, -64.9035110474, 51.4359283447, 58.5507583618, -80.1623153687, 19.3714981079, -89.4634857178, -20.8672122955, 62.5107154846, 72.6338043213, 21.7594738007, 181.313903809]],
        "icov": [[0.000220743284444, -0.000226370757446, 0.000177456939127, -0.000209751393413, 8.72586169862e-05, -0.000642800354399, 0.00021619918698, -0.0004238083784, 0.000351742841303, -0.000181914932909, 0.000433856825111, -0.000319581769872, 7.5516247307e-05], [-0.000226370757446, 0.00224258122034, -0.00106537016109, 0.00151876849122, -0.00143744691741, 0.00165093666874, -0.00122979446314, 0.000932737486437, -0.000646152126137, 0.00181834655814, -0.00139926723205, 0.00195756275207, -0.000468745740363], [0.000177456939127, -0.00106537016109, 0.00181859359145, -0.00123540626373, 0.000332250725478, -0.0011893453775, -4.25810503657e-05, -0.000305217661662, 0.000759329355787, -0.000285891554086, 0.000205509073567, -0.00165977806319, 0.00118077453226], [-0.000209751393413, 0.00151876849122, -0.00123540626373, 0.00297678052448, -0.00202598702163, 0.000918369623832, 8.13879087218e-05, 0.000673241855111, -0.000162977536093, 0.00153460120782, -0.00103607226629, 0.00192266819067, -0.00110906816553], [8.72586169862e-05, -0.00143744691741, 0.000332250725478, -0.00202598702163, 0.00513196177781, -0.00219193915837, -0.000777708541136, 0.000515605555847, -0.00215892866254, -0.000208186145755, 0.000533397076651, 0.00123384117614, -0.00157318287529], [-0.000642800354399, 0.00165093666874, -0.0011893453775, 0.000918369623832, -0.00219193915837, 0.00573911564425, -0.00131263723597, -0.000218592351303, -0.000531586061697, -0.000568017712794, -0.000914016563911, 0.000912819523364, 0.00118281424511], [0.00021619918698, -0.00122979446314, -4.25810503657e-05, 8.13879087218e-05, -0.000777708541136, -0.00131263723597, 0.00549776852131, -0.00127724534832, 8.05922900327e-06, -0.00115887960419, 0.000659513520077, -0.000461665680632, -0.000612387899309], [-0.0004238083784, 0.000932737486437, -0.000305217661662, 0.000673241855111, 0.000515605555847, -0.000218592351303, -0.00127724534832, 0.00547193177044, -0.00286514079198, 0.00174080650322, -3.92048095819e-05, -0.00042268645484, 0.000263499969151], [0.000351742841303, -0.000646152126137, 0.000759329355787, -0.000162977536093, -0.00215892866254, -0.000531586061697, 8.05922900327e-06, -0.00286514079198, 0.00612739939243, -0.00190010934602, -0.000666811887641, -0.00136374076828, 0.00207451009192], [-0.000181914932909, 0.00181834655814, -0.000285891554086, 0.00153460120782, -0.000208186145755, -0.000568017712794, -0.00115887960419, 0.00174080650322, -0.00190010934602, 0.00840498041362, -0.00288524688222, 0.00102080055512, -0.00268328376114], [0.000433856825111, -0.00139926723205, 0.000205509073567, -0.00103607226629, 0.000533397076651, -0.000914016563911, 0.000659513520077, -3.92048095819e-05, -0.000666811887641, -0.00288524688222, 0.00803822930902, -0.00346159632318, -0.000896359793842], [-0.000319581769872, 0.00195756275207, -0.00165977806319, 0.00192266819067, 0.00123384117614, 0.000912819523364, -0.000461665680632, -0.00042268645484, -0.00136374076828, 0.00102080055512, -0.00346159632318, 0.0124888727441, -0.00310559174977], [7.5516247307e-05, -0.000468745740363, 0.00118077453226, -0.00110906816553, -0.00157318287529, 0.00118281424511, -0.000612387899309, 0.000263499969151, 0.00207451009192, -0.00268328376114, -0.000896359793842, -0.00310559174977, 0.00965766701847]]
    },
    "melbands": {
        "dmean": [0.0100196152925, 0.00900913868099, 0.00220691063441, 0.000399129552534, 0.000151916072355, 0.000116309027362, 0.000113506772323, 0.000206376513233, 0.000118147167086, 0.000196431283257, 0.000141329437611, 1.7397591364e-05, 2.45949177042e-05, 4.88950172439e-06, 8.20469540486e-06, 7.39272127248e-06, 1.39207513712e-05, 9.49905097514e-06, 6.49921094009e-06, 5.60741318623e-06, 1.96892892745e-06, 1.17991805837e-06, 1.19686603739e-06, 1.25422570818e-06, 1.39942790156e-06, 8.13687336176e-07, 2.75245838566e-07, 1.12090653204e-07, 2.66658645387e-07, 2.65267573241e-07, 1.68587689586e-07, 1.72914653263e-07, 2.08036340155e-07, 1.23250259776e-07, 9.33157977556e-08, 6.80470648717e-08, 8.24082277973e-08, 9.98799194463e-08, 9.25951795239e-08, 9.96835822775e-08],
        "dmean2": [0.0112896943465, 0.0135696418583, 0.00393449794501, 0.000672912225127, 0.000234792620176, 0.000172780884895, 0.000171173072886, 0.000295616599033, 0.000183880780241, 0.000299991050269, 0.000206504279049, 2.45849169005e-05, 3.52123315679e-05, 7.17114971849e-06, 1.18639363791e-05, 1.1023161278e-05, 2.27956516028e-05, 1.49419629452e-05, 9.13297299121e-06, 8.29853888717e-06, 3.19959076478e-06, 1.87104080851e-06, 1.82974622476e-06, 1.94886411009e-06, 2.20503784476e-06, 1.21183575175e-06, 4.53665279565e-07, 1.69058125721e-07, 4.175253423e-07, 4.01608332368e-07, 2.5650660973e-07, 2.38698106614e-07, 2.761282758e-07, 2.03427674705e-07, 1.48808396716e-07, 9.73040030772e-08, 1.20030222206e-07, 1.57454095984e-07, 1.39772751595e-07, 1.53096905819e-07],
        "dvar": [0.00035157383536, 0.000378198630642, 3.50642840203e-05, 8.4099264086e-07, 7.50018784856e-08, 7.37929468642e-08, 6.11727912769e-08, 2.10093077158e-07, 1.03456301304e-07, 2.15089883682e-07, 2.12002547073e-07, 2.21301599268e-09, 5.12642372996e-09, 1.44537562474e-10, 3.85729975738e-10, 2.2146222356e-10, 1.03677300078e-09, 5.0705928345e-10, 3.93926002928e-10, 2.63766258835e-10, 2.84902969272e-11, 6.74823391611e-12, 1.15601729578e-11, 2.73347941504e-11, 1.75495139254e-11, 5.47699299108e-12, 1.88727202269e-12, 1.27861168376e-13, 6.60171136507e-13, 6.42481835962e-13, 4.09040179115e-13, 1.10111204009e-12, 4.44139169886e-12, 1.64242252611e-12, 4.14741429134e-13, 2.0285705895e-13, 3.2106308172e-13, 4.19019989062e-13, 1.44878277127e-13, 1.35177378189e-13],
        "dvar2": [0.000397550698835, 0.000937052594963, 9.91689812508e-05, 2.25863573178e-06, 1.53425560256e-07, 1.28271153699e-07, 1.41604303394e-07, 4.75883837225e-07, 2.38699385591e-07, 5.29259125415e-07, 5.07031813868e-07, 3.87232779175e-09, 9.81230030561e-09, 2.72653094546e-10, 6.936863306e-10, 4.82444195704e-10, 2.62128163619e-09, 1.2018126494e-09, 5.48213863194e-10, 4.79277229015e-10, 6.69794428254e-11, 1.42966801592e-11, 2.66699180101e-11, 6.17124407132e-11, 3.40246650299e-11, 1.21947313358e-11, 4.1391018217e-12, 2.73229572648e-13, 1.83943246919e-12, 1.31534019787e-12, 8.91559666805e-13, 1.51234938201e-12, 5.72261942694e-12, 4.2077526359e-12, 8.56675841376e-13, 4.16243049143e-13, 7.72522237152e-13, 1.0513237416e-12, 3.00659399721e-13, 3.13061127586e-13],
        "max": [0.137944981456, 0.150673791766, 0.0487363114953, 0.00659558270127, 0.00466642901301, 0.00635299971327, 0.00508552417159, 0.0111076775938, 0.0078462800011, 0.0060575408861, 0.00727592455223, 0.000921045953874, 0.00189828872681, 0.000226920441492, 0.000366013089661, 0.000257345265709, 0.000415003887611, 0.000351316470187, 0.000739572336897, 0.000381531048333, 0.000126224185806, 6.11385985394e-05, 8.15769235487e-05, 0.000186365738045, 0.000122933881357, 4.73291293019e-05, 4.15932554461e-05, 8.44316673465e-06, 1.59030732902e-05, 1.6795411284e-05, 1.37400002131e-05, 3.49652764271e-05, 7.42433694541e-05, 3.53783252649e-05, 1.5063864339e-05, 1.24619609778e-05, 1.47134569488e-05, 1.45611138578e-05, 8.81999221747e-06, 7.73289957579e-06],
        "mean": [0.0196852665395, 0.0145120099187, 0.00349665526301, 0.000553222023882, 0.000253199308645, 0.000209678284591, 0.000218682544073, 0.000422920042183, 0.000286784197669, 0.000492818595376, 0.000281566637568, 3.33723546646e-05, 5.22436384927e-05, 7.78809135227e-06, 1.39229869092e-05, 1.49422876348e-05, 2.4868932087e-05, 1.59479022841e-05, 1.31059950945e-05, 1.10920636871e-05, 3.4170291201e-06, 2.30689170166e-06, 2.15430077333e-06, 2.30993919104e-06, 3.01208751807e-06, 1.5883119886e-06, 4.69630435873e-07, 2.22356703716e-07, 4.76680639849e-07, 4.83149847241e-07, 2.98826506651e-07, 2.64989552079e-07, 2.84260835315e-07, 1.5894840999e-07, 1.52382867213e-07, 1.23999257085e-07, 1.44885220266e-07, 1.61714780234e-07, 1.89723976973e-07, 2.30894457331e-07],
        "median": [0.00373588642105, 0.00982232578099, 0.00172686541919, 0.000266276940238, 0.000107944593765, 7.61209303164e-05, 8.36362523842e-05, 8.06678872323e-05, 3.00885149045e-05, 1.93024770851e-05, 1.15097800517e-05, 5.97689631832e-06, 7.09991991243e-06, 2.73467412626e-06, 2.43555678026e-06, 2.93849871014e-06, 4.91931314173e-06, 2.72652050626e-06, 1.99595706363e-06, 1.77978563443e-06, 1.0645482007e-06, 8.40812617753e-07, 7.16854003713e-07, 7.799510513e-07, 7.9906777728e-07, 2.92836347171e-07, 1.1678747569e-07, 7.98396442292e-08, 1.52179083557e-07, 1.63021425692e-07, 8.63089226755e-08, 5.72903893215e-08, 3.47920057209e-08, 2.52189149563e-08, 3.52719737862e-08, 2.90498007871e-08, 3.12906145439e-08, 3.48226301128e-08, 3.902578527e-08, 4.65932075144e-08],
        "min": [2.37821399639e-23, 9.83431396455e-24, 2.16478381307e-24, 3.73279711235e-24, 3.62165371055e-24, 8.04815774801e-24, 2.66305695701e-24, 1.02329340574e-23, 9.78714954875e-24, 1.44049566945e-23, 2.13459939159e-23, 1.69525829879e-23, 6.87699749318e-24, 8.91531152036e-24, 1.86545377691e-23, 1.16899751377e-23, 7.15465286599e-24, 9.10393684026e-24, 1.93905844367e-23, 1.95112580671e-23, 5.44239990007e-24, 9.26839856178e-24, 1.14104793524e-23, 1.11981889942e-23, 1.01247567726e-23, 7.84746522284e-24, 6.98753978297e-24, 1.19682434555e-23, 5.01045950584e-24, 5.44684868114e-24, 8.14929129378e-24, 1.37128906e-23, 9.87553194685e-24, 7.61910340141e-24, 8.94532452236e-24, 1.14504887998e-23, 9.42950052471e-24, 8.29695737777e-24, 6.6472141444e-24, 1.07132604186e-23],
        "stdev": [0.034954868257, 0.0206378716975, 0.00521967420354, 0.00088144489564, 0.000404377642553, 0.000474190717796, 0.000406335660955, 0.000886632362381, 0.000797968008555, 0.000994134694338, 0.000859402236529, 8.63574605319e-05, 0.000147430720972, 1.75908244273e-05, 3.36582852469e-05, 2.89864437946e-05, 5.14914027008e-05, 3.28666392306e-05, 3.849204586e-05, 3.20226026815e-05, 7.57699081078e-06, 4.40472194896e-06, 4.95664198752e-06, 7.43508644518e-06, 7.81880407885e-06, 4.13365705754e-06, 1.92470884031e-06, 5.48012963009e-07, 1.03392210349e-06, 1.18321395348e-06, 9.00165559869e-07, 1.53259463787e-06, 2.92721119877e-06, 1.31997614972e-06, 7.41514384117e-07, 5.09918777425e-07, 5.81469066674e-07, 6.31056764178e-07, 5.15514670951e-07, 5.20041680829e-07],
        "var": [0.001221842831, 0.000425921753049, 2.72449979093e-05, 7.76945057623e-07, 1.63521278296e-07, 2.24856847808e-07, 1.65108659189e-07, 7.86116913787e-07, 6.36752929495e-07, 9.8830389561e-07, 7.38572168757e-07, 7.45761141729e-09, 2.17358167021e-08, 3.09437087065e-10, 1.13288023407e-09, 8.40213953968e-10, 2.65136446131e-09, 1.08021591672e-09, 1.48163770142e-09, 1.0254470606e-09, 5.74107913986e-11, 1.94015740973e-11, 2.4568300519e-11, 5.52805093368e-11, 6.11336953282e-11, 1.70871216482e-11, 3.70450415135e-12, 3.00318201297e-13, 1.06899493597e-12, 1.39999513718e-12, 8.10298009246e-13, 2.34884637781e-12, 8.56856599563e-12, 1.74233717731e-12, 5.49843590797e-13, 2.60017186818e-13, 3.3810625198e-13, 3.98232662124e-13, 2.65755353921e-13, 2.704433628e-13]
    },
    "melbands128": {
