{
"lowlevel": {
    "average_loudness": 0.985088407993,
    "barkbands_crest": {
        "dmean": 3.045140028,
        "dmean2": 4.75344085693,
        "dvar": 6.97439002991,
        "dvar2": 17.230802536,
        "max": 25.2675857544,
        "mean": 11.6103916168,
        "median": 11.2530927658,
        "min": 2.5133998394,
        "stdev": 4.11389636993,
        "var": 16.9241447449
    },
    "barkbands_flatness_db": {
        "dmean": 0.025006480515,
        "dmean2": 0.0387144088745,
        "dvar": 0.000563363777474,
        "dvar2": 0.00140532292426,
        "max": 0.255984485149,
        "mean": 0.109633289278,
        "median": 0.104160867631,
        "min": 0.0297705922276,
        "stdev": 0.0384084247053,
        "var": 0.00147520715836
    },
    "barkbands_kurtosis": {
        "dmean": 3.17202401161,
        "dmean2": 5.08118724823,
        "dvar": 29.6388931274,
        "dvar2": 65.193321228,
        "max": 75.9050750732,
        "mean": 3.48714637756,
        "median": 1.25476312637,
        "min": -1.88467407227,
        "stdev": 6.97331380844,
        "var": 48.6271057129
    },
    "barkbands_skewness": {
        "dmean": 0.628224730492,
        "dmean2": 0.976898908615,
        "dvar": 0.514741837978,
        "dvar2": 1.15619146824,
        "max": 8.19430732727,
        "mean": 1.6270660162,
        "median": 1.42588615417,
        "min": -1.74440693855,
        "stdev": 1.154063344,
        "var": 1.33186221123
    },
    "barkbands_spread": {
        "dmean": 9.70840549469,
        "dmean2": 15.0320625305,
        "dvar": 106.099563599,
        "dvar2": 245.356140137,
        "max": 112.381507874,
        "mean": 35.1659927368,
        "median": 33.2831344604,
        "min": 3.36927127838,
        "stdev": 17.292339325,
        "var": 299.024993896
    },
    "dissonance": {
        "dmean": 0.0183897763491,
        "dmean2": 0.0306272972375,
        "dvar": 0.000443088531028,
        "dvar2": 0.00106920488179,
        "max": 0.499933958054,
        "mean": 0.471611142159,
        "median": 0.477327167988,
        "min": 0.0812429785728,
        "stdev": 0.0254696439952,
        "var": 0.000648702727631
    },
    "dynamic_complexity": 1.72278285027,
    "erbbands_crest": {
        "dmean": 3.00307178497,
        "dmean2": 4.80420398712,
        "dvar": 7.95939683914,
        "dvar2": 19.1966075897,
        "max": 29.7609977722,
        "mean": 8.97011375427,
        "median": 7.71482658386,
        "min": 2.47530055046,
        "stdev": 4.74373483658,
        "var": 22.5030193329
    },
    "erbbands_flatness_db": {
        "dmean": 0.0177952069789,
        "dmean2": 0.0252822265029,
        "dvar": 0.000228941964451,
        "dvar2": 0.000452433800092,
        "max": 0.247228547931,
        "mean": 0.114167816937,
        "median": 0.111154206097,
        "min": 0.0429899133742,
        "stdev": 0.0325451381505,
        "var": 0.00105918594636
    },
    "erbbands_kurtosis": {
        "dmean": 0.855843961239,
        "dmean2": 1.31503117085,
        "dvar": 1.15588319302,
        "dvar2": 2.71384167671,
        "max": 14.8770542145,
        "mean": 0.34283465147,
        "median": -0.179349422455,
        "min": -1.72143995762,
        "stdev": 1.90659928322,
        "var": 3.63512063026
    },
    "erbbands_skewness": {
        "dmean": 0.3751321733,
        "dmean2": 0.562533259392,
        "dvar": 0.0990033075213,
        "dvar2": 0.226862832904,
        "max": 2.98263716698,
        "mean": 0.289719194174,
        "median": 0.28432866931,
        "min": -2.05565476418,
        "stdev": 0.668694138527,
        "var": 0.447151869535
    },
    "erbbands_spread": {
        "dmean": 12.3787851334,
        "dmean2": 17.8272304535,
        "dvar": 203.968261719,
        "dvar2": 461.51940918,
        "max": 169.173019409,
        "mean": 47.6922683716,
        "median": 44.5585289001,
        "min": 6.64719676971,
        "stdev": 23.127281189,
        "var": 534.871154785
    },
    "hfc": {
        "dmean": 12.8641910553,
        "dmean2": 18.5451507568,
        "dvar": 211.916213989,
        "dvar2": 376.16494751,
        "max": 163.356750488,
        "mean": 40.0012397766,
        "median": 34.1186180115,
        "min": 1.19342376231e-16,
        "stdev": 26.3212547302,
        "var": 692.80847168
    },
    "loudness_ebu128": {
        "integrated": -7.00204467773,
        "loudness_range": 1.72035074234,
        "momentary": {
            "dmean": 0.382436722517,
            "dmean2": 0.515571951866,
            "dvar": 0.0891658067703,
            "dvar2": 0.18147175014,
            "max": -4.95248794556,
            "mean": -7.14987277985,
            "median": -6.95414209366,
            "min": -10.9748210907,
            "stdev": 1.17826330662,
            "var": 1.38830435276
        },
        "short_term": {
            "dmean": 0.0599530749023,
            "dmean2": 0.0673481374979,
            "dvar": 0.00208487757482,
            "dvar2": 0.00245630647987,
            "max": -5.98923110962,
            "mean": -6.96102762222,
            "median": -6.89169597626,
            "min": -9.21763515472,
            "stdev": 0.60440081358,
            "var": 0.365300357342
        }
    },
    "melbands_crest": {
        "dmean": 4.21264028549,
        "dmean2": 6.64315891266,
        "dvar": 13.3431577682,
        "dvar2": 34.6350784302,
        "max": 34.9868659973,
        "mean": 20.3789386749,
        "median": 20.5600585938,
        "min": 2.11230993271,
        "stdev": 6.33449220657,
        "var": 40.1257896423
    },
    "melbands_flatness_db": {
        "dmean": 0.0313540957868,
        "dmean2": 0.0479064844549,
        "dvar": 0.00099255272653,
        "dvar2": 0.00232228753157,
        "max": 0.387350201607,
        "mean": 0.187455639243,
        "median": 0.181832864881,
        "min": 0.00703314179555,
        "stdev": 0.0530758202076,
        "var": 0.00281704263762
    },
    "melbands_kurtosis": {
        "dmean": 14.2089977264,
        "dmean2": 22.9654350281,
        "dvar": 1282.28845215,
        "dvar2": 3210.60717773,
        "max": 507.21105957,
        "mean": 18.397567749,
        "median": 9.05569839478,
        "min": -1.54766118526,
        "stdev": 36.6978034973,
        "var": 1346.72888184
    },
    "melbands_skewness": {
        "dmean": 1.09783172607,
        "dmean2": 1.66846871376,
        "dvar": 2.19049096107,
        "dvar2": 5.11323833466,
        "max": 18.2585048676,
        "mean": 3.16446638107,
        "median": 2.71001410484,
        "min": -0.189018428326,
        "stdev": 2.12042737007,
        "var": 4.49621248245
    },
    "melbands_spread": {
        "dmean": 8.88048362732,
        "dmean2": 13.4317073822,
        "dvar": 96.5848770142,
        "dvar2": 194.327438354,
        "max": 165.531921387,
        "mean": 28.5471134186,
        "median": 25.7180500031,
        "min": 1.19441187382,
        "stdev": 18.8275585175,
        "var": 354.476989746
    },
    "pitch_salience": {
        "dmean": 0.0851192995906,
        "dmean2": 0.137497380376,
        "dvar": 0.0066377716139,
        "dvar2": 0.0172968003899,
        "max": 0.887613594532,
        "mean": 0.46437138319,
        "median": 0.467310369015,
        "min": 0.0835503190756,
        "stdev": 0.116461515427,
        "var": 0.0135632846504
    },
    "silence_rate_20dB": {
        "dmean": 0,
        "dmean2": 0,
        "dvar": 0,
        "dvar2": 0,
        "max": 1,
        "mean": 1,
        "median": 1,
        "min": 1,
        "stdev": 0,
        "var": 0
    },
    "silence_rate_30dB": {
        "dmean": 0.0464396290481,
        "dmean2": 0.0929512009025,
        "dvar": 0.0442826151848,
        "dvar2": 0.0889577046037,
        "max": 1,
        "mean": 0.95204949379,
        "median": 1,
        "min": 0,
        "stdev": 0.213662013412,
        "var": 0.0456514544785
    },
    "silence_rate_60dB": {
        "dmean": 0.000773993786424,
        "dmean2": 0.00154918665066,
        "dvar": 0.000773391744588,
        "dvar2": 0.00154677091632,
        "max": 1,
        "mean": 0.00154679035768,
        "median": 0,
        "min": 0,
        "stdev": 0.0392987206578,
        "var": 0.00154438940808
    },
    "spectral_centroid": {
        "dmean": 360.658721924,
        "dmean2": 540.359619141,
        "dvar": 191495.9375,
        "dvar2": 359347.9375,
        "max": 10465.2822266,
        "mean": 1773.515625,
        "median": 1741.97729492,
        "min": 417.215270996,
        "stdev": 686.803894043,
        "var": 471699.5625
    },
    "spectral_complexity": {
        "dmean": 4.82043361664,
        "dmean2": 7.61735105515,
        "dvar": 23.7882938385,
        "dvar2": 55.7018318176,
        "max": 56,
        "mean": 23.4300079346,
        "median": 23,
        "min": 0,
        "stdev": 8.55314254761,
        "var": 73.15625
    },
    "spectral_decrease": {
        "dmean": 4.16943590764e-09,
        "dmean2": 6.40433883703e-09,
        "dvar": 4.19691855173e-17,
        "dvar2": 9.71206653833e-17,
        "max": 4.45366966297e-29,
        "mean": -1.1635122199e-08,
        "median": -9.95353754973e-09,
        "min": -5.92001647703e-08,
        "stdev": 7.99668065099e-09,
        "var": 6.39469045542e-17
    },
    "spectral_energy": {
        "dmean": 0.0163889918476,
        "dmean2": 0.0249400325119,
        "dvar": 0.00061533821281,
        "dvar2": 0.001403404749,
        "max": 0.22884349525,
        "mean": 0.0475418940187,
        "median": 0.0408864952624,
        "min": 1.06566146835e-20,
        "stdev": 0.031106967479,
        "var": 0.000967643398326
    },
    "spectral_energyband_high": {
        "dmean": 0.00104956503492,
        "dmean2": 0.00151646602899,
        "dvar": 1.76210949121e-06,
        "dvar2": 3.3054841424e-06,
        "max": 0.0150224268436,
        "mean": 0.00257118046284,
        "median": 0.00203302642331,
        "min": 7.76825831205e-21,
        "stdev": 0.00233461894095,
        "var": 5.45044576938e-06
    },
    "spectral_energyband_low": {
        "dmean": 0.0128981024027,
        "dmean2": 0.0204131826758,
        "dvar": 0.000610325660091,
        "dvar2": 0.00144999776967,
        "max": 0.219146117568,
        "mean": 0.0272165872157,
        "median": 0.0207515079528,
        "min": 2.18615050512e-23,
        "stdev": 0.0287773907185,
        "var": 0.00082813820336
    },
    "spectral_energyband_middle_high": {
        "dmean": 0.00320780533366,
        "dmean2": 0.00481527578086,
        "dvar": 1.54476419993e-05,
        "dvar2": 3.31974915753e-05,
        "max": 0.0553354434669,
        "mean": 0.00852109584957,
        "median": 0.00580708635971,
        "min": 1.63989172381e-21,
        "stdev": 0.00812634918839,
        "var": 6.60375444568e-05
    },
    "spectral_energyband_middle_low": {
        "dmean": 0.00641696387902,
        "dmean2": 0.0107292020693,
        "dvar": 0.000146251681144,
        "dvar2": 0.00036740777432,
        "max": 0.0908662378788,
        "mean": 0.0104509321973,
        "median": 0.00673683127388,
        "min": 3.22204821996e-22,
        "stdev": 0.0117559507489,
        "var": 0.000138202376547
    },
    "spectral_entropy": {
        "dmean": 0.181612819433,
        "dmean2": 0.263869613409,
        "dvar": 0.0288075637072,
        "dvar2": 0.0578564330935,
        "max": 9.80401229858,
        "mean": 7.90315246582,
        "median": 7.91274499893,
        "min": 6.7070889473,
        "stdev": 0.340713173151,
        "var": 0.116085469723
    },
    "spectral_flux": {
        "dmean": 0.0369697026908,
        "dmean2": 0.055266931653,
        "dvar": 0.0017946214648,
        "dvar2": 0.00320511241443,
        "max": 0.401455432177,
        "mean": 0.116340748966,
        "median": 0.0990154668689,
        "min": 1.03230882176e-10,
        "stdev": 0.0622483342886,
        "var": 0.00387485511601
    },
    "spectral_kurtosis": {
        "dmean": 0.935476660728,
        "dmean2": 1.38154602051,
        "dvar": 1.1670871973,
        "dvar2": 2.77709460258,
        "max": 14.4918937683,
        "mean": 2.82035923004,
        "median": 2.6197552681,
        "min": -1.32699227333,
        "stdev": 1.77389168739,
        "var": 3.14669179916
    },
    "spectral_rms": {
        "dmean": 0.00106591044459,
        "dmean2": 0.00158290821128,
        "dvar": 1.64470122854e-06,
        "dvar2": 3.47354762198e-06,
        "max": 0.0149419521913,
        "mean": 0.00653051398695,
        "median": 0.0063157947734,
        "min": 3.22439102328e-12,
        "stdev": 0.00193254859187,
        "var": 3.73474404114e-06
    },
    "spectral_rolloff": {
        "dmean": 831.496337891,
        "dmean2": 1412.11816406,
        "dvar": 2167897.5,
        "dvar2": 4785723.5,
        "max": 18863.0859375,
        "mean": 1736.12939453,
        "median": 1184.32617188,
        "min": 64.599609375,
        "stdev": 1905.42358398,
        "var": 3630639
    },
    "spectral_skewness": {
        "dmean": 0.175790533423,
        "dmean2": 0.255223035812,
        "dvar": 0.0338277667761,
        "dvar2": 0.0724753588438,
        "max": 2.84086418152,
        "mean": 1.41454672813,
        "median": 1.41310203075,
        "min": 0.0567744597793,
        "stdev": 0.352082520723,
        "var": 0.12396209687
    },
    "spectral_spread": {
        "dmean": 1048540.9375,
        "dmean2": 1476653,
        "dvar": 1.66448791552e+12,
        "dvar2": 3.03873471283e+12,
        "max": 40287504,
        "mean": 6556991.5,
        "median": 6150487,
        "min": 2175902,
        "stdev": 2193264.25,
        "var": 4.81040846029e+12
    },
    "spectral_strongpeak": {
        "dmean": 0.448628842831,
        "dmean2": 0.773592948914,
        "dvar": 1.1482489109,
        "dvar2": 2.69949054718,
        "max": 11.3007364273,
        "mean": 0.646748542786,
        "median": 0.211310759187,
        "min": 0,
        "stdev": 1.27273869514,
        "var": 1.61986374855
    },
    "zerocrossingrate": {
        "dmean": 0.0155067089945,
        "dmean2": 0.0181242730469,
        "dvar": 0.000396087853005,
        "dvar2": 0.000483576353872,
        "max": 0.50537109375,
        "mean": 0.0798209533095,
        "median": 0.07177734375,
        "min": 0.00537109375,
        "stdev": 0.041418556124,
        "var": 0.00171549688093
    },
    "barkbands": {
        "dmean": [0.00123239075765, 0.00995209999382, 0.00352350948378, 0.00301619293168, 0.00174824183341, 0.00137335131876, 0.00125180277973, 0.000755674554966, 0.000594893412199, 0.000949423934799, 0.00122832902707, 0.000515706720762, 0.000651409267448, 0.000512120197527, 0.000415260903537, 0.000297703518299, 0.000213962979615, 0.000256545841694, 0.000343814492226, 0.000219347813982, 0.000204316180316, 0.000149219064042, 0.000170216153492, 0.00022697528766, 0.00032350566471, 0.00022280398116, 2.02498631552e-05],
        "dmean2": [0.00197537592612, 0.0158385261893, 0.0063156215474, 0.00537624163553, 0.00302555621602, 0.00237150443718, 0.00200336193666, 0.00120123382658, 0.000962917052675, 0.00145482493099, 0.00192783144303, 0.000832518970128, 0.000975689501502, 0.000826778355986, 0.000660772377159, 0.000473678985145, 0.000354658841388, 0.000415897375206, 0.000538198451977, 0.00034386551124, 0.000309780734824, 0.000221763344598, 0.000248963973718, 0.000335312623065, 0.000476382585475, 0.0003446614719, 3.37918354489e-05],
        "dvar": [3.50867276211e-06, 0.000405061262427, 0.000125964550534, 9.51916954364e-05, 1.49110665006e-05, 8.0758572949e-06, 4.70447730549e-06, 2.99299199469e-06, 2.03513354791e-06, 4.84665088152e-06, 6.78225705997e-06, 2.20034644371e-06, 2.91897708848e-06, 1.5316511508e-06, 6.26690280114e-07, 4.17033305666e-07, 1.41234323792e-07, 2.15596941189e-07, 3.35318247835e-07, 1.25697525277e-07, 7.12250169954e-08, 7.7568721224e-08, 9.88186528161e-08, 1.18764631907e-07, 2.92834101856e-07, 1.26018278479e-07, 2.94583957228e-09],
        "dvar2": [9.02770170796e-06, 0.000995006063022, 0.00034487733501, 0.000260450586211, 4.14743481087e-05, 2.06627992156e-05, 1.07853129521e-05, 6.89142916599e-06, 4.94248115501e-06, 1.04325372376e-05, 1.47377695612e-05, 4.76415607409e-06, 5.67574397792e-06, 3.43144870385e-06, 1.27211751533e-06, 9.70282826529e-07, 3.55614730552e-07, 5.42808891169e-07, 7.09290134182e-07, 2.92023401016e-07, 1.64498629829e-07, 1.79438245596e-07, 2.1390323468e-07, 2.6192381597e-07, 5.85499378758e-07, 2.78586554714e-07, 7.89274778867e-09],
        "max": [0.0238422453403, 0.181760638952, 0.0935336500406, 0.0750318467617, 0.0352917909622, 0.0343663059175, 0.0289072487503, 0.0229720547795, 0.0327790752053, 0.0294725243002, 0.0422375909984, 0.0446888804436, 0.0360374078155, 0.0209797229618, 0.0131922420114, 0.0136173330247, 0.00544430222362, 0.00865670945495, 0.0094800433144, 0.00637468090281, 0.00371967675164, 0.00788888707757, 0.0069994116202, 0.00426753843203, 0.00625082058832, 0.00340640265495, 0.000740937539376],
        "mean": [0.00382428779267, 0.0194192733616, 0.00295202038251, 0.00236603943631, 0.00230529671535, 0.00168756279163, 0.00171190628316, 0.00104785454459, 0.000954939343501, 0.00126457016449, 0.0020635058172, 0.000863880850375, 0.00104844500311, 0.00079290533904, 0.000625967863016, 0.000422520126449, 0.000321943167364, 0.00042572375969, 0.000636278069578, 0.000425271631684, 0.000441196287284, 0.000292545882985, 0.000303941575112, 0.000458179478301, 0.000581065833103, 0.000287478527753, 1.72953077708e-05],
        "median": [0.00330992997624, 0.0148066952825, 0.000741899420973, 0.000506148731802, 0.000993756693788, 0.000709726300556, 0.000703454774339, 0.000459809554741, 0.000413561880123, 0.000423216726631, 0.000536181789357, 0.000294602650683, 0.000343304913258, 0.000279246189166, 0.000272619188763, 0.000207663644687, 0.000151714135427, 0.000208840589039, 0.000332330877427, 0.00024604916689, 0.000284715119051, 0.000152096632519, 0.00013897192548, 0.000326508336002, 0.00020698098524, 0.000110324777779, 3.58809506906e-06],
        "min": [3.45405902795e-24, 9.63271188276e-24, 4.09045954703e-24, 6.74251406378e-24, 8.92699739026e-23, 2.96773953274e-23, 2.65564785706e-23, 2.83021678004e-23, 9.74966571844e-23, 1.35640404358e-22, 6.82525484423e-23, 1.00058599725e-22, 8.1838702227e-23, 1.39823424505e-22, 1.48694184317e-22, 1.02592692321e-22, 1.73963607922e-22, 2.5552562823e-22, 2.77246843836e-22, 3.15540424095e-22, 4.05835084137e-22, 4.68649465312e-22, 7.3812445151e-22, 7.29138959768e-22, 1.32323502998e-21, 1.50759169731e-21, 2.66815386463e-21],
        "stdev": [0.00327347195707, 0.0223375093192, 0.00905364193022, 0.00791944377124, 0.00386046711355, 0.00312227592804, 0.00269061489962, 0.00199868157506, 0.00214924477041, 0.00270062801428, 0.004143350292, 0.00309481029399, 0.0025379282888, 0.00177369755693, 0.00115203508176, 0.00078819214832, 0.000486751552671, 0.000713771150913, 0.000920982274693, 0.000607321213465, 0.000490999431349, 0.000522002344951, 0.000532841135282, 0.000485095661134, 0.000889887858648, 0.000418231560616, 4.57942769572e-05],
        "var": [1.07156192826e-05, 0.000498964334838, 8.1968435552e-05, 6.2717590481e-05, 1.49032057379e-05, 9.74860722636e-06, 7.2394086601e-06, 3.99472764911e-06, 4.61925264972e-06, 7.29339171812e-06, 1.71673509612e-05, 9.57785141509e-06, 6.44108013148e-06, 3.1460028822e-06, 1.32718480472e-06, 6.21246840637e-07, 2.36927078845e-07, 5.09469259669e-07, 8.48208344451e-07, 3.68839039311e-07, 2.4108044272e-07, 2.72486431641e-07, 2.83919661115e-07, 2.35317813235e-07, 7.91900390595e-07, 1.74917644813e-07, 2.09711581434e-09]
    },
    "erbbands": {
        "dmean": [0.402084648609, 1.95600664616, 3.92082095146, 7.74107265472, 6.61676645279, 5.90234565735, 7.99165534973, 13.5226268768, 15.4316930771, 21.1396007538, 9.77917003632, 14.7877607346, 24.5639324188, 38.0157203674, 35.6896858215, 20.6598167419, 27.6072864532, 24.6905612946, 21.4286136627, 19.9072742462, 12.9021606445, 11.5249166489, 13.6515893936, 18.7289409637, 12.4839172363, 8.80362892151, 8.9580078125, 7.05821752548, 5.30885076523, 5.51603841782, 4.61807584763, 4.11306333542, 4.44461584091, 3.77854251862, 2.46061968803, 1.06602740288, 0.383504211903, 0.0761888474226, 0.0020566645544, 6.473272515e-05],
        "dmean2": [0.646656811237, 3.13435959816, 6.79636144638, 13.7115755081, 11.6273260117, 10.0796918869, 13.7182159424, 22.859249115, 25.3373088837, 33.9586639404, 16.2688522339, 23.5944690704, 37.0453033447, 58.3907051086, 56.2462043762, 33.9919662476, 41.200176239, 37.605594635, 34.1030693054, 31.6974163055, 21.0855770111, 18.9233551025, 22.3821353912, 28.8051967621, 19.4586620331, 14.1985578537, 14.166144371, 10.7959709167, 8.07978153229, 8.16594409943, 6.84860801697, 6.38638734818, 6.50880718231, 5.66543769836, 3.61146688461, 1.63995087147, 0.593704760075, 0.120081454515, 0.0033121095039, 9.57048905548e-05],
        "dvar": [0.424631983042, 22.4178771973, 149.850708008, 520.322021484, 367.127075195, 160.152801514, 254.539154053, 769.974365234, 780.897399902, 1557.25976562, 527.053344727, 1532.69262695, 4104.59082031, 7538.15380859, 6856.13623047, 4882.82226562, 4547.23046875, 2483.75146484, 2111.18286133, 1372.25134277, 542.891174316, 394.460998535, 727.395324707, 1034.89282227, 355.2527771, 187.607009888, 157.681594849, 98.9734191895, 99.0152587891, 120.625244141, 79.726852417, 42.9582977295, 43.9650039673, 42.9995918274, 17.9436645508, 2.88813972473, 0.405292183161, 0.0236655604094, 2.58747277257e-05, 1.28202630734e-08],
        "dvar2": [1.11631214619, 55.6308746338, 402.752624512, 1413.91650391, 1012.91760254, 435.266265869, 662.723693848, 1943.8737793, 1802.59814453, 3609.45776367, 1298.99182129, 3654.64648438, 8430.00878906, 17388.0859375, 15115.1103516, 10911.3769531, 9267.86914062, 4931.30419922, 5082.1640625, 3138.00463867, 1279.19616699, 982.996704102, 1831.64501953, 2254.65966797, 812.418579102, 479.841003418, 382.97277832, 214.38053894, 240.691268921, 268.927001953, 159.847167969, 97.0844726562, 96.6921920776, 92.1271133423, 36.4706039429, 6.28851509094, 0.909986972809, 0.0585083924234, 6.82157697156e-05, 2.94934636713e-08],
        "max": [6.89254808426, 41.7823219299, 95.0758132935, 167.132568359, 149.753952026, 138.225082397, 169.485641479, 348.803527832, 404.893188477, 442.864746094, 331.709136963, 925.804016113, 946.961120605, 1369.10437012, 1425.42834473, 2257.99511719, 1526.17041016, 1228.42041016, 820.23223877, 624.133911133, 448.074523926, 269.690856934, 502.776550293, 568.796813965, 300.304840088, 200.251937866, 241.405776978, 196.659759521, 198.738723755, 269.940643311, 199.937316895, 88.21484375, 82.4882125854, 88.7934265137, 61.6355171204, 18.0541725159, 6.48536968231, 1.82397639751, 0.0682999640703, 0.00140780711081],
        "mean": [0.902283489704, 2.96318697929, 3.82131624222, 6.1748290062, 6.47369241714, 8.25746154785, 9.78558635712, 17.332649231, 21.6288299561, 30.6068820953, 14.8295888901, 24.187664032, 35.4238929749, 64.209236145, 61.3233528137, 39.617515564, 46.7552223206, 43.2109069824, 34.0617675781, 32.7059898376, 20.3366088867, 18.439912796, 23.6144256592, 34.6871757507, 25.8453483582, 17.7221088409, 18.8525772095, 15.3147583008, 10.4388237, 9.67849826813, 8.74947071075, 8.2870798111, 8.34206295013, 6.28960227966, 4.29926252365, 1.53960096836, 0.465557843447, 0.0792626515031, 0.00207316735759, 0.000120513686852],
        "median": [0.763477027416, 1.75238001347, 1.39149844646, 1.29615223408, 2.25282621384, 3.20912313461, 4.44711017609, 7.2927274704, 10.0352239609, 13.9673624039, 9.11965560913, 9.91666316986, 14.0510225296, 18.978105545, 21.79296875, 14.8568534851, 17.1429309845, 18.5598506927, 16.7434253693, 16.9619979858, 10.7031126022, 8.97892665863, 11.7900857925, 16.7544898987, 16.3420543671, 11.6055183411, 12.8235197067, 10.0215978622, 5.78715991974, 3.88974070549, 4.25017499924, 5.48823261261, 5.76205968857, 2.48670220375, 1.35841095448, 0.599917829037, 0.179122522473, 0.0248287692666, 0.000624498527031, 7.78823523433e-05],
        "min": [4.26178001969e-22, 1.48921711997e-21, 4.11335794821e-21, 1.90278004204e-20, 5.71233611935e-20, 3.13322755296e-19, 5.25287813112e-19, 2.64579018051e-19, 3.25683030846e-19, 2.86648506987e-19, 1.08896145954e-18, 2.34096269935e-18, 4.16887985866e-18, 2.47754779607e-18, 3.85580026861e-18, 3.81614316209e-18, 4.28129204954e-18, 7.07456806798e-18, 5.23935083297e-18, 7.61100379421e-18, 7.13759840347e-18, 1.09589089629e-17, 1.2952395214e-17, 1.56336821444e-17, 1.46490096519e-17, 1.3970192154e-17, 1.34461161605e-17, 1.68913606349e-17, 1.60073709123e-17, 2.35875845625e-17, 1.93408608044e-17, 1.15240817707e-17, 1.53833624018e-17, 1.30359876051e-17, 9.5883922834e-18, 4.67585678814e-18, 3.20728260336e-18, 1.35387701085e-18, 3.7050880127e-19, 4.04175795371e-20],
        "stdev": [0.793012142181, 4.90658712387, 10.3523921967, 18.5852394104, 15.8358898163, 14.6704216003, 16.1489467621, 32.8280754089, 34.5100021362, 47.8302459717, 22.9181861877, 59.5800743103, 77.9577255249, 131.805770874, 129.306488037, 149.805740356, 99.7896881104, 90.8701248169, 55.8205833435, 49.934425354, 29.4304180145, 25.8222961426, 40.830783844, 51.9879188538, 34.741065979, 20.7961444855, 20.7726249695, 17.7682476044, 16.2650718689, 19.9005413055, 15.7932548523, 9.40404510498, 9.32109737396, 9.71369171143, 7.12311172485, 2.27777600288, 0.695887029171, 0.147399187088, 0.00446974812075, 0.000123463527416],
        "var": [0.628868222237, 24.0745983124, 107.172019958, 345.411132812, 250.775421143, 215.2212677, 260.788452148, 1077.68249512, 1190.94030762, 2287.73242188, 525.243225098, 3549.78540039, 6077.40673828, 17372.7617188, 16720.1679688, 22441.7578125, 9957.98242188, 8257.37890625, 3115.9375, 2493.44677734, 866.149475098, 666.791015625, 1667.1529541, 2702.74389648, 1206.94165039, 432.479644775, 431.501983643, 315.710632324, 264.55255127, 396.031555176, 249.4269104, 88.4360733032, 86.8828582764, 94.3558120728, 50.7387199402, 5.18826341629, 0.484258770943, 0.0217265188694, 1.99786481971e-05, 1.52432431122e-08]
    },
    "gfcc": {
        "mean": [59.5693511963, 58.0653648376, -94.9291381836, 31.7649669647, -51.7555465698, 30.4206485748, -31.7812385559, 24.6715431213, -25.5598716736, 17.6242809296, -9.99136734009, 8.51353549957, -8.04700946808],
        "cov": [[3272.41845703, -578.680725098, -76.8051071167, 69.9302597046, -70.1014862061, 79.1794433594, -104.373733521, 3.98520302773, -85.0155487061, 95.6349182129, -88.6578674316, 42.6318130493, -65.8391265869], [-578.680725098, 696.393249512, -136.279174805, -61.777053833, 83.9089508057, -107.383323669, 27.9687919617, -51.6214866638, 4.33939886093, -41.0411605835, 55.5204811096, -23.6951141357, 58.2895889282], [-76.8051071167, -136.279174805, 462.964202881, 9.09812164307, 26.9331970215, 13.3317680359, -73.7543029785, 23.1941070557, 18.1787395477, -15.7716522217, -56.2779922485, 27.7167663574, -58.2313690186], [69.9302597046, -61.777053833, 9.09812164307, 267.840911865, -20.3756580353, -44.1374664307, -21.7913913727, -18.109249115, 13.4165477753, -48.8338127136, -17.5861549377, -16.3011512756, -13.392947197], [-70.1014862061, 83.9089508057, 26.9331970215, -20.3756580353, 191.257766724, 3.80216407776, 35.2647819519, -17.4865913391, -0.475711941719, 1.76587331295, -23.9460296631, 17.185792923, -8.69445419312], [79.1794433594, -107.383323669, 13.3317680359, -44.1374664307, 3.80216407776, 162.347167969, 58.5069465637, -1.8118224144, 3.63671183586, 27.4962482452, 6.26599121094, 1.39520645142, -1.38137125969], [-104.373733521, 27.9687919617, -73.7543029785, -21.7913913727, 35.2647819519, 58.5069465637, 149.876358032, 5.12033319473, -4.52759885788, 26.0187206268, 16.3880195618, -6.35851240158, 7.019302845], [3.98520302773, -51.6214866638, 23.1941070557, -18.109249115, -17.4865913391, -1.8118224144, 5.12033319473, 128.108200073, 27.1288490295, 28.315694809, 33.2358360291, -2.61315155029, 23.1095199585], [-85.0155487061, 4.33939886093, 18.1787395477, 13.4165477753, -0.475711941719, 3.63671183586, -4.52759885788, 27.1288490295, 111.36730957, 21.8755226135, 4.26760864258, 20.9602832794, -2.86698651314], [95.6349182129, -41.0411605835, -15.7716522217, -48.8338127136, 1.76587331295, 27.4962482452, 26.0187206268, 28.315694809, 21.8755226135, 111.57901001, 41.879032135, 0.0911054313183, 22.8870544434], [-88.6578674316, 55.5204811096, -56.2779922485, -17.5861549377, -23.9460296631, 6.26599121094, 16.3880195618, 33.2358360291, 4.26760864258, 41.879032135, 129.560409546, 14.9063014984, 30.4781265259], [42.6318130493, -23.6951141357, 27.7167663574, -16.3011512756, 17.185792923, 1.39520645142, -6.35851240158, -2.61315155029, 20.9602832794, 0.0911054313183, 14.9063014984, 94.4578781128, 10.4502468109], [-65.8391265869, 58.2895889282, -58.2313690186, -13.392947197, -8.69445419312, -1.38137125969, 7.019302845, 23.1095199585, -2.86698651314, 22.8870544434, 30.4781265259, 10.4502468109, 92.7362823486]],
        "icov": [[0.000453862507129, 0.000150679567014, 0.000364935636753, -0.000280589156318, 4.71570201626e-05, -0.000335971650202, 0.000611790746916, -0.000304186803987, 0.000698474468663, -0.000857928826008, 0.000585255562328, -0.000601189676672, 0.000553784193471], [0.000150679567014, 0.00298841041513, 0.000139793541166, 0.00136082258541, -0.0014022111427, 0.00232419581152, -0.000856035505421, 0.00206718058325, -0.00160986557603, 0.00226817955263, -0.00212784972973, 0.00202706176788, -0.00217291759327], [0.000364935636753, 0.000139793541166, 0.00328557542525, -0.00044147335575, -0.000514786806889, -0.0011677837465, 0.0022670708131, -0.0015903894091, 0.000815549923573, -0.00104580377229, 0.00160496053286, -0.00163473351859, 0.0022696738597], [-0.000280589156318, 0.00136082258541, -0.00044147335575, 0.00531592220068, -0.000289291754598, 0.00243928004056, -0.00118701579049, 0.0019838726148, -0.00263057975098, 0.00370755721815, -0.00179182633292, 0.00255248579197, -0.00165444158483], [4.71570201626e-05, -0.0014022111427, -0.000514786806889, -0.000289291754598, 0.00675089797005, -0.000395935436245, -0.0015230034478, -0.000265842129011, 0.000966662773862, -0.00168585893698, 0.00237713661045, -0.00233450112864, 0.00128613552079], [-0.000335971650202, 0.00232419581152, -0.0011677837465, 0.00243928004056, -0.000395935436245, 0.0102001931518, -0.00478926626965, 0.00300092669204, -0.00246522622183, 0.0017313438002, -0.00232789875008, 0.00235351291485, -0.00235454528593], [0.000611790746916, -0.000856035505421, 0.0022670708131, -0.00118701579049, -0.0015230034478, -0.00478926626965, 0.010822692886, -0.00221449113451, 0.00229166750796, -0.00321865966544, 0.00132914970163, -0.00131765578408, 0.00231992267072], [-0.000304186803987, 0.00206718058325, -0.0015903894091, 0.0019838726148, -0.000265842129011, 0.00300092669204, -0.00221449113451, 0.0118541540578, -0.00440353155136, 0.00184834841639, -0.00427671847865, 0.00380808068439, -0.00460990983993], [0.000698474468663, -0.00160986557603, 0.000815549923573, -0.00263057975098, 0.000966662773862, -0.00246522622183, 0.00229166750796, -0.00440353155136, 0.0131153864786, -0.00570309441537, 0.00341354869306, -0.00539623666555, 0.00391695275903], [-0.000857928826008, 0.00226817955263, -0.00104580377229, 0.00370755721815, -0.00168585893698, 0.0017313438002, -0.00321865966544, 0.00184834841639, -0.00570309441537, 0.0164870228618, -0.00645517464727, 0.00485953083262, -0.00517660891637], [0.000585255562328, -0.00212784972973, 0.00160496053286, -0.00179182633292, 0.00237713661045, -0.00232789875008, 0.00132914970163, -0.00427671847865, 0.00341354869306, -0.00645517464727, 0.0131394164637, -0.00500680878758, 0.00159985863138], [-0.000601189676672, 0.00202706176788, -0.00163473351859, 0.00255248579197, -0.00233450112864, 0.00235351291485, -0.00131765578408, 0.00380808068439, -0.00539623666555, 0.00485953083262, -0.00500680878758, 0.0152102019638, -0.00482647540048], [0.000553784193471, -0.00217291759327, 0.0022696738597, -0.00165444158483, 0.00128613552079, -0.00235454528593, 0.00231992267072, -0.00460990983993, 0.00391695275903, -0.00517660891637, 0.00159985863138, -0.00482647540048, 0.0162039082497]]
    },
    "melbands": {
        "dmean": [0.00299715646543, 0.0020522356499, 0.00126357295085, 0.000397150870413, 0.000287096627289, 0.000289732008241, 0.000238580847508, 0.000227321346756, 7.13060726412e-05, 0.000101364777947, 0.000125686870888, 0.00015219625493, 0.000132856541313, 6.11770738033e-05, 5.77821010666e-05, 7.14195848559e-05, 4.79572881886e-05, 3.7376255932e-05, 3.54766016244e-05, 2.49164477282e-05, 1.4295510482e-05, 1.24263469843e-05, 1.37276310852e-05, 1.25473025037e-05, 1.73954686034e-05, 1.1569389244e-05, 9.23748848436e-06, 6.01282226853e-06, 5.72241424379e-06, 5.67416873309e-06, 4.12946337747e-06, 3.29052204506e-06, 3.11635812977e-06, 3.34065157404e-06, 2.91447645395e-06, 2.50394145951e-06, 2.82437190435e-06, 3.3556100334e-06, 3.04123818751e-06, 3.55244515049e-06],
        "dmean2": [0.00483076320961, 0.00337039795704, 0.00224006874487, 0.000684419821482, 0.000484267657157, 0.000492327322718, 0.000388251035474, 0.000362234568456, 0.000118292402476, 0.000162276046467, 0.000189271449926, 0.000234376871958, 0.000209697813261, 9.76176233962e-05, 9.43120394368e-05, 0.000101025783806, 7.49198588892e-05, 5.96805948589e-05, 5.58369174541e-05, 3.93385416828e-05, 2.41232974076e-05, 2.04158659471e-05, 2.26427055168e-05, 2.02281698876e-05, 2.70758337138e-05, 1.82853182196e-05, 1.45436952153e-05, 9.82630535873e-06, 9.23921379581e-06, 8.92350180948e-06, 6.41714450467e-06, 5.14391285833e-06, 4.74810940432e-06, 5.06531159772e-06, 4.40003123003e-06, 3.82280495614e-06, 4.49756953458e-06, 5.05134494233e-06, 4.50844572697e-06, 5.40818746231e-06],
        "dvar": [2.94409874186e-05, 2.91234482575e-05, 1.35379959829e-05, 9.09347932065e-07, 3.0616556046e-07, 3.37844369369e-07, 1.73449294039e-07, 1.81750152706e-07, 2.46070666066e-08, 7.23616935261e-08, 1.07267403848e-07, 1.16382487647e-07, 9.5121698962e-08, 2.95310389475e-08, 1.88466824369e-08, 4.52864590272e-08, 1.07557065476e-08, 8.83150086395e-09, 5.94878857285e-09, 3.14111447963e-09, 9.5043872772e-10, 4.86798490407e-10, 6.56322163284e-10, 8.98380203562e-10, 1.01366348648e-09, 3.9823952469e-10, 3.15748399649e-10, 8.73689523506e-11, 6.60370577665e-11, 7.95751936566e-11, 3.53814026688e-11, 3.55083948356e-11, 4.98543081817e-11, 4.38824497573e-11, 3.55909225702e-11, 1.7596729629e-11, 2.22046356996e-11, 2.36686850674e-11, 2.96508477493e-11, 3.81619735812e-11],
        "dvar2": [7.1222151746e-05, 7.4088377005e-05, 3.66986569134e-05, 2.52797963185e-06, 7.93191759385e-07, 8.57907878071e-07, 4.00852854909e-07, 4.16041672224e-07, 6.12249024812e-08, 1.7404553887e-07, 2.20135035534e-07, 2.69824823818e-07, 1.95557063876e-07, 5.95567115624e-08, 4.48158452571e-08, 8.84911273147e-08, 2.27349179482e-08, 2.15114575042e-08, 1.18835519203e-08, 7.02926206131e-09, 2.28497643029e-09, 1.23330479163e-09, 1.62939017834e-09, 2.43224818064e-09, 2.25662444286e-09, 8.58364435086e-10, 7.10379588487e-10, 2.22491497448e-10, 1.65559413401e-10, 1.90943566514e-10, 7.83484735423e-11, 8.92573306932e-11, 1.1967360436e-10, 1.02924786749e-10, 7.51218115491e-11, 3.66419360132e-11, 5.20599292841e-11, 5.32729450831e-11, 6.37312980167e-11, 8.32311233823e-11],
        "max": [0.0507954880595, 0.0440240427852, 0.0266274288297, 0.00936508830637, 0.00598334008828, 0.00708180479705, 0.00623375270516, 0.00432103918865, 0.0021988437511, 0.00633741542697, 0.00495076458901, 0.00504625309259, 0.00637973705307, 0.00532378721982, 0.00287908362225, 0.00499574001878, 0.0023951169569, 0.00181351462379, 0.00133342319168, 0.00138496607542, 0.000687126244884, 0.000302424217807, 0.000465629505925, 0.000624056265224, 0.000586688925978, 0.000322722742567, 0.00033421034459, 0.000120527438412, 0.000150683699758, 0.000118151489005, 0.000101153644209, 7.90010817582e-05, 0.000219625639147, 0.00013917418255, 0.000130298067234, 8.46536204335e-05, 6.33574090898e-05, 5.7314246078e-05, 8.53406090755e-05, 8.17324107629e-05],
        "mean": [0.00666091963649, 0.00256169959903, 0.00107011455111, 0.000498467357829, 0.000378175085643, 0.00037301206612, 0.000334156531608, 0.000325842527673, 0.000103706479422, 0.000160533556482, 0.000174423577846, 0.00024847430177, 0.000226501317229, 0.000113712019811, 8.62632223289e-05, 0.000118499207019, 7.62219715398e-05, 5.51899065613e-05, 5.2951170801e-05, 3.72648391931e-05, 2.03307681659e-05, 1.85484914255e-05, 2.04500029213e-05, 2.00738613785e-05, 2.98666727758e-05, 2.08910569199e-05, 1.68745827978e-05, 1.06223405965e-05, 1.10035371108e-05, 1.14055173981e-05, 8.04717819847e-06, 5.89476394453e-06, 5.50499771634e-06, 5.27277870788e-06, 5.16775253345e-06, 4.62175603388e-06, 5.23442076883e-06, 6.19162210569e-06, 4.98834924656e-06, 5.46498040421e-06],
        "median": [0.00546683324501, 0.00124835362658, 0.000269021722488, 0.000209889636608, 0.000170750921825, 0.000152525288286, 0.000150092178956, 0.000148774241097, 6.46834741929e-05, 5.84021508985e-05, 6.0024587583e-05, 6.76635681884e-05, 6.84596525389e-05, 3.70864072465e-05, 3.31257688231e-05, 3.18126876664e-05, 2.856392166e-05, 2.31080593949e-05, 2.03002837225e-05, 1.83448410098e-05, 9.4588540378e-06, 8.68266852194e-06, 8.59162082634e-06, 9.6147905424e-06, 1.29248774101e-05, 1.19156411529e-05, 8.64489629748e-06, 6.69980363455e-06, 7.55824885346e-06, 6.4432651925e-06, 4.9123405006e-06, 3.10017685479e-06, 2.18521086026e-06, 1.96293444787e-06, 2.23483812078e-06, 2.67858445113e-06, 3.37384017257e-06, 4.11402606915e-06, 2.65306675828e-06, 1.73834507677e-06],
        "min": [3.29722736632e-24, 2.38879585546e-24, 3.80552417135e-24, 1.19384442348e-23, 2.01785870613e-23, 6.00427870158e-24, 4.65761425028e-24, 2.89820061564e-24, 1.05821280703e-23, 1.47081190958e-23, 2.10888426158e-23, 1.0619385182e-23, 1.04843085292e-23, 1.30910575809e-23, 7.96374726457e-24, 1.01850202238e-23, 1.3704639115e-23, 6.75606984958e-24, 1.39782176546e-23, 6.33006011164e-24, 8.30223959039e-24, 1.10675978045e-23, 1.06831448647e-23, 1.20144998924e-23, 1.30385951752e-23, 9.57969806334e-24, 1.1936100529e-23, 8.86249097186e-24, 7.31108240578e-24, 1.01734807664e-23, 9.44339630955e-24, 6.81218468121e-24, 1.33414869972e-23, 1.31979245677e-23, 1.17000772905e-23, 7.99997885709e-24, 6.45844525181e-24, 1.10271947155e-23, 1.11702278194e-23, 1.05712441564e-23],
        "stdev": [0.00642728479579, 0.0051861461252, 0.00301710260101, 0.000881793501321, 0.000618197198492, 0.000674965267535, 0.000512268627062, 0.000522702757735, 0.000155447269208, 0.000408620137023, 0.000400170218199, 0.00051029183669, 0.000473159801913, 0.000369848014088, 0.000216360858758, 0.000324906781316, 0.000178861853783, 0.000111487410322, 0.000112791181891, 7.13489935151e-05, 3.61973943654e-05, 2.73125006061e-05, 3.46850429196e-05, 3.98080628656e-05, 4.94460546179e-05, 3.02513453789e-05, 3.09340684908e-05, 1.27796865854e-05, 1.19497490232e-05, 1.46389002111e-05, 9.49270361161e-06, 8.36584695207e-06, 1.37988363349e-05, 1.03593747554e-05, 1.03606780613e-05, 6.60488785797e-06, 6.20051832811e-06, 6.98863595971e-06, 7.22289178157e-06, 9.12806171982e-06],
        "var": [4.13099915022e-05, 2.68961121037e-05, 9.10290782485e-06, 7.77559819198e-07, 3.8216776943e-07, 4.55578089031e-07, 2.624191211e-07, 2.7321814855e-07, 2.41638513643e-08, 1.66970423265e-07, 1.60136195859e-07, 2.60397740703e-07, 2.23880192607e-07, 1.3678756261e-07, 4.68120227026e-08, 1.05564410546e-07, 3.19915614e-08, 1.24294432524e-08, 1.27218511281e-08, 5.09067854537e-09, 1.31025135186e-09, 7.45972672522e-10, 1.20305232443e-09, 1.58468194122e-09, 2.44491227264e-09, 9.15143849589e-10, 9.56916657024e-10, 1.63320384994e-10, 1.42796510727e-10, 2.1429739927e-10, 9.0111425266e-11, 6.99873908827e-11, 1.90407883904e-10, 1.07316648623e-10, 1.0734364092e-10, 4.36245449487e-11, 3.84464265979e-11, 4.88410319133e-11, 5.21701640221e-11, 8.33215024754e-11]
    },
    "melbands128": {
