{
"lowlevel": {
    "average_loudness": 0.972486317158,
    "barkbands_crest": {
        "dmean": 2.86676549911,
        "dmean2": 4.37386751175,
        "dvar": 10.0221014023,
        "dvar2": 22.9217376709,
        "max": 26.4354877472,
        "mean": 14.7420578003,
        "median": 14.5270433426,
        "min": 2.72247886658,
        "stdev": 5.29582548141,
        "var": 28.0457668304
    },
    "barkbands_flatness_db": {
        "dmean": 0.0358126424253,
        "dmean2": 0.0503641106188,
        "dvar": 0.00177831016481,
        "dvar2": 0.00385711924173,
        "max": 0.433973431587,
        "mean": 0.185364365578,
        "median": 0.178108230233,
        "min": 0.0266183633357,
        "stdev": 0.0704989805818,
        "var": 0.0049701067619
    },
    "barkbands_kurtosis": {
        "dmean": 13.4726104736,
        "dmean2": 20.4898891449,
        "dvar": 739.205810547,
        "dvar2": 1689.44482422,
        "max": 305.877868652,
        "mean": 18.9867324829,
        "median": 7.88813591003,
        "min": -1.95153009892,
        "stdev": 31.7250938416,
        "var": 1006.48162842
    },
    "barkbands_skewness": {
        "dmean": 1.2209277153,
        "dmean2": 1.73463845253,
        "dvar": 2.62458276749,
        "dvar2": 5.53356266022,
        "max": 15.727107048,
        "mean": 3.14315319061,
        "median": 2.66123628616,
        "min": -3.44853711128,
        "stdev": 2.40380811691,
        "var": 5.77829360962
    },
    "barkbands_spread": {
        "dmean": 10.3716859818,
        "dmean2": 15.9580097198,
        "dvar": 230.48008728,
        "dvar2": 509.37979126,
        "max": 101.987068176,
        "mean": 21.0737609863,
        "median": 15.1432495117,
        "min": 0.546660959721,
        "stdev": 19.1821899414,
        "var": 367.956390381
    },
    "dissonance": {
        "dmean": 0.0220688078552,
        "dmean2": 0.0356409810483,
        "dvar": 0.00053277600091,
        "dvar2": 0.00128254166339,
        "max": 0.499996393919,
        "mean": 0.453514307737,
        "median": 0.459321975708,
        "min": 0.144062489271,
        "stdev": 0.030605090782,
        "var": 0.000936671625823
    },
    "dynamic_complexity": 2.76001191139,
    "erbbands_crest": {
        "dmean": 2.7692501545,
        "dmean2": 4.42372226715,
        "dvar": 6.67354011536,
        "dvar2": 14.8312177658,
        "max": 23.5815868378,
        "mean": 9.05640125275,
        "median": 8.20681667328,
        "min": 2.55120992661,
        "stdev": 3.96180868149,
        "var": 15.6959276199
    },
    "erbbands_flatness_db": {
        "dmean": 0.0211290568113,
        "dmean2": 0.0280837826431,
        "dvar": 0.000436767877545,
        "dvar2": 0.000741393421777,
        "max": 0.335618644953,
        "mean": 0.131793230772,
        "median": 0.12944598496,
        "min": 0.0300821736455,
        "stdev": 0.0463432408869,
        "var": 0.00214769598097
    },
    "erbbands_kurtosis": {
        "dmean": 1.14928781986,
        "dmean2": 1.83757162094,
        "dvar": 4.28777694702,
        "dvar2": 10.0749292374,
        "max": 29.8904266357,
        "mean": 0.505225598812,
        "median": -0.0516355037689,
        "min": -1.9111430645,
        "stdev": 2.3032784462,
        "var": 5.30509138107
    },
    "erbbands_skewness": {
        "dmean": 0.458829134703,
        "dmean2": 0.684820711613,
        "dvar": 0.270825356245,
        "dvar2": 0.588799417019,
        "max": 2.73499751091,
        "mean": 0.539730012417,
        "median": 0.609674453735,
        "min": -4.83298492432,
        "stdev": 0.840660214424,
        "var": 0.706709563732
    },
    "erbbands_spread": {
        "dmean": 15.4019041061,
        "dmean2": 23.0540847778,
        "dvar": 364.078582764,
        "dvar2": 844.976928711,
        "max": 180.421173096,
        "mean": 55.0036392212,
        "median": 49.3958816528,
        "min": 8.21642589569,
        "stdev": 28.5721111298,
        "var": 816.365539551
    },
    "hfc": {
        "dmean": 28.6846542358,
        "dmean2": 44.9153671265,
        "dvar": 3402.45751953,
        "dvar2": 8397.16015625,
        "max": 442.41607666,
        "mean": 41.9140090942,
        "median": 23.889831543,
        "min": 1.21187425749e-16,
        "stdev": 59.9730796814,
        "var": 3596.77026367
    },
    "loudness_ebu128": {
        "integrated": -10.3911657333,
        "loudness_range": 1.63465499878,
        "momentary": {
            "dmean": 0.727436423302,
            "dmean2": 1.03282535076,
            "dvar": 0.732706785202,
            "dvar2": 1.18925273418,
            "max": -7.82707071304,
            "mean": -10.865530014,
            "median": -10.2272348404,
            "min": -23.2169857025,
            "stdev": 2.27481102943,
            "var": 5.17476558685
        },
        "short_term": {
            "dmean": 0.0920047387481,
            "dmean2": 0.121736831963,
            "dvar": 0.00565421301872,
            "dvar2": 0.00868551246822,
            "max": -9.41816806793,
            "mean": -10.4460926056,
            "median": -10.2199220657,
            "min": -13.068069458,
            "stdev": 0.767660796642,
            "var": 0.589303076267
        }
    },
    "melbands_crest": {
        "dmean": 3.72024202347,
        "dmean2": 5.44566440582,
        "dvar": 17.8736000061,
        "dvar2": 33.5709762573,
        "max": 38.3783988953,
        "mean": 23.4179267883,
        "median": 24.6194534302,
        "min": 2.46231436729,
        "stdev": 8.74997997284,
        "var": 76.5621414185
    },
    "melbands_flatness_db": {
        "dmean": 0.0411114059389,
        "dmean2": 0.0551101602614,
        "dvar": 0.00233645713888,
        "dvar2": 0.0046700281091,
        "max": 0.556939065456,
        "mean": 0.256945610046,
        "median": 0.249497279525,
        "min": 0.00500883441418,
        "stdev": 0.0927982479334,
        "var": 0.00861151516438
    },
    "melbands_kurtosis": {
        "dmean": 45.9175987244,
        "dmean2": 72.3782501221,
        "dvar": 17802.015625,
        "dvar2": 45011.9570312,
        "max": 2126.67333984,
        "mean": 61.2070960999,
        "median": 25.2313613892,
        "min": -1.90518152714,
        "stdev": 129.066757202,
        "var": 16658.2285156
    },
    "melbands_skewness": {
        "dmean": 1.86134564877,
        "dmean2": 2.74916696548,
        "dvar": 8.48245716095,
        "dvar2": 18.2926445007,
        "max": 38.6075973511,
        "mean": 5.13251113892,
        "median": 4.13970851898,
        "min": -1.55960679054,
        "stdev": 3.90205097198,
        "var": 15.2260017395
    },
    "melbands_spread": {
        "dmean": 8.75938415527,
        "dmean2": 13.2170181274,
        "dvar": 325.002044678,
        "dvar2": 693.713134766,
        "max": 253.664154053,
        "mean": 16.9493904114,
        "median": 10.4853086472,
        "min": 0.365047395229,
        "stdev": 23.0327205658,
        "var": 530.506225586
    },
    "pitch_salience": {
        "dmean": 0.0864453092217,
        "dmean2": 0.1286316365,
        "dvar": 0.00889965519309,
        "dvar2": 0.0183034576476,
        "max": 0.93382281065,
        "mean": 0.404842376709,
        "median": 0.400750696659,
        "min": 0.0514755807817,
        "stdev": 0.173437342048,
        "var": 0.0300805103034
    },
    "silence_rate_20dB": {
        "dmean": 0.0603715181351,
        "dmean2": 0.120836563408,
        "dvar": 0.0567264035344,
        "dvar2": 0.124826185405,
        "max": 1,
        "mean": 0.945862352848,
        "median": 1,
        "min": 0,
        "stdev": 0.226288467646,
        "var": 0.0512064732611
    },
    "silence_rate_30dB": {
        "dmean": 0.119195044041,
        "dmean2": 0.238574743271,
        "dvar": 0.104986764491,
        "dvar2": 0.207992002368,
        "max": 1,
        "mean": 0.797370433807,
        "median": 1,
        "min": 0,
        "stdev": 0.401960879564,
        "var": 0.161572560668
    },
    "silence_rate_60dB": {
        "dmean": 0.0286377705634,
        "dmean2": 0.0573199056089,
        "dvar": 0.0278176870197,
        "dvar2": 0.0679766759276,
        "max": 1,
        "mean": 0.0448569208384,
        "median": 0,
        "min": 0,
        "stdev": 0.206987425685,
        "var": 0.0428437925875
    },
    "spectral_centroid": {
        "dmean": 350.716888428,
        "dmean2": 508.369628906,
        "dvar": 240592.5625,
        "dvar2": 443762.53125,
        "max": 10707.1259766,
        "mean": 1265.08056641,
        "median": 1069.56958008,
        "min": 200.499435425,
        "stdev": 777.512207031,
        "var": 604525.1875
    },
    "spectral_complexity": {
        "dmean": 4.59597539902,
        "dmean2": 6.9821844101,
        "dvar": 31.474439621,
        "dvar2": 70.8508377075,
        "max": 57,
        "mean": 15.2389793396,
        "median": 14,
        "min": 0,
        "stdev": 8.45089626312,
        "var": 71.4176483154
    },
    "spectral_decrease": {
        "dmean": 9.02388741508e-09,
        "dmean2": 1.17429399538e-08,
        "dvar": 3.42021422069e-16,
        "dvar2": 4.96541830988e-16,
        "max": 3.35594135814e-10,
        "mean": -2.22092211288e-08,
        "median": -1.69494711599e-08,
        "min": -1.45928638062e-07,
        "stdev": 2.67545416932e-08,
        "var": 7.15805467928e-16
    },
    "spectral_energy": {
        "dmean": 0.0353129506111,
        "dmean2": 0.0457740090787,
        "dvar": 0.00481196399778,
        "dvar2": 0.00684855459258,
        "max": 0.558310091496,
        "mean": 0.0876244604588,
        "median": 0.0659491568804,
        "min": 1.09479704751e-20,
        "stdev": 0.102464690804,
        "var": 0.0104990126565
    },
    "spectral_energyband_high": {
        "dmean": 0.00234933616593,
        "dmean2": 0.00364447664469,
        "dvar": 2.6847146728e-05,
        "dvar2": 5.87834256294e-05,
        "max": 0.0679065361619,
        "mean": 0.00277393916622,
        "median": 0.000907309353352,
        "min": 7.56192683242e-21,
        "stdev": 0.0057418840006,
        "var": 3.2969233871e-05
    },
    "spectral_energyband_low": {
        "dmean": 0.031199939549,
        "dmean2": 0.041335079819,
        "dvar": 0.0052994065918,
        "dvar2": 0.00816666521132,
        "max": 0.540185332298,
        "mean": 0.0656828358769,
        "median": 0.0527910701931,
        "min": 1.31796670131e-22,
        "stdev": 0.0991256758571,
        "var": 0.00982590019703
    },
    "spectral_energyband_middle_high": {
        "dmean": 0.00287792528979,
        "dmean2": 0.00455368869007,
        "dvar": 2.94628625852e-05,
        "dvar2": 8.02084468887e-05,
        "max": 0.0506377518177,
        "mean": 0.00449027726427,
        "median": 0.00214321678504,
        "min": 1.64527617281e-21,
        "stdev": 0.00604844279587,
        "var": 3.65836604033e-05
    },
    "spectral_energyband_middle_low": {
        "dmean": 0.00531111471355,
        "dmean2": 0.0078831249848,
        "dvar": 3.83385377063e-05,
        "dvar2": 8.32173100207e-05,
        "max": 0.0780199021101,
        "mean": 0.0142914578319,
        "median": 0.0113344090059,
        "min": 4.54588556102e-22,
        "stdev": 0.0115445181727,
        "var": 0.000133275898406
    },
    "spectral_entropy": {
        "dmean": 0.239813551307,
        "dmean2": 0.330607503653,
        "dvar": 0.064681366086,
        "dvar2": 0.122317574918,
        "max": 9.79545402527,
        "mean": 7.64581012726,
        "median": 7.62195587158,
        "min": 6.05459117889,
        "stdev": 0.461815714836,
        "var": 0.213273763657
    },
    "spectral_flux": {
        "dmean": 0.0548433549702,
        "dmean2": 0.0831561088562,
        "dvar": 0.00564264226705,
        "dvar2": 0.0125257279724,
        "max": 0.589898645878,
        "mean": 0.119473405182,
        "median": 0.0836460143328,
        "min": 1.04632552622e-10,
        "stdev": 0.105086252093,
        "var": 0.0110431201756
    },
    "spectral_kurtosis": {
        "dmean": 1.19438278675,
        "dmean2": 1.85956728458,
        "dvar": 2.56767392159,
        "dvar2": 5.8002409935,
        "max": 26.6986217499,
        "mean": 2.93705391884,
        "median": 2.52829027176,
        "min": -1.60613203049,
        "stdev": 2.47993683815,
        "var": 6.15008640289
    },
    "spectral_rms": {
        "dmean": 0.00156778655946,
        "dmean2": 0.00198020692915,
        "dvar": 6.03995977144e-06,
        "dvar2": 7.76365686761e-06,
        "max": 0.0233386550099,
        "mean": 0.00808513909578,
        "median": 0.00802126154304,
        "min": 3.26817175753e-12,
        "stdev": 0.0044852765277,
        "var": 2.01177062991e-05
    },
    "spectral_rolloff": {
        "dmean": 968.262390137,
        "dmean2": 1663.61218262,
        "dvar": 4666359,
        "dvar2": 10911113,
        "max": 19401.4160156,
        "mean": 1373.29943848,
        "median": 473.73046875,
        "min": 43.06640625,
        "stdev": 2470.60620117,
        "var": 6103894.5
    },
    "spectral_skewness": {
        "dmean": 0.235636100173,
        "dmean2": 0.354677349329,
        "dvar": 0.067350231111,
        "dvar2": 0.141215592623,
        "max": 3.7639875412,
        "mean": 1.43292117119,
        "median": 1.4066388607,
        "min": -0.310269862413,
        "stdev": 0.469523459673,
        "var": 0.220452278852
    },
    "spectral_spread": {
        "dmean": 1204199.375,
        "dmean2": 1616307.625,
        "dvar": 2.47502051738e+12,
        "dvar2": 3.89732027597e+12,
        "max": 41811088,
        "mean": 6765446,
        "median": 5928974,
        "min": 1993177.375,
        "stdev": 2988253.5,
        "var": 8.92965853594e+12
    },
    "spectral_strongpeak": {
        "dmean": 0.346030682325,
        "dmean2": 0.567063570023,
        "dvar": 0.557979404926,
        "dvar2": 1.49829256535,
        "max": 10.7245931625,
        "mean": 0.737952232361,
        "median": 0.478747934103,
        "min": 0,
        "stdev": 0.828371822834,
        "var": 0.686199843884
    },
    "zerocrossingrate": {
        "dmean": 0.0198256541044,
        "dmean2": 0.0230033043772,
        "dvar": 0.000848528754432,
        "dvar2": 0.00117837800644,
        "max": 0.5068359375,
        "mean": 0.0578396134079,
        "median": 0.04248046875,
        "min": 0.00146484375,
        "stdev": 0.0544259548187,
        "var": 0.00296218460426
    },
    "barkbands": {
        "dmean": [0.00754930870607, 0.0271810404956, 0.000735585461371, 0.000600137689617, 0.00267172162421, 0.000837854749989, 0.00180468894541, 0.00126783933956, 0.000785931595601, 0.00060165458126, 0.000593939388636, 0.000380937679438, 0.00035523736733, 0.000371407455532, 0.000474053696962, 0.000339954713127, 0.000276006700005, 0.000281450949842, 0.000195941131096, 0.000170130035258, 0.000250463170232, 0.000287930452032, 0.000246850861004, 0.000381671445211, 0.000573365949094, 0.000706566672307, 0.000149630199303],
        "dmean2": [0.00973100122064, 0.0376520492136, 0.00131656054873, 0.000976291950792, 0.00413378002122, 0.00121660658624, 0.00286229047924, 0.00193282170221, 0.00112917064689, 0.000963093421888, 0.000903433188796, 0.000677610805724, 0.000624821288511, 0.000574846402742, 0.000770219892729, 0.000571860931814, 0.000468507554615, 0.000438575167209, 0.000309474649839, 0.000257075298578, 0.000376027426682, 0.000450180436019, 0.000387939624488, 0.000593905977439, 0.000927696586587, 0.00120757787954, 0.000242968570092],
        "dvar": [0.000365994899767, 0.00421246932819, 5.28469308847e-06, 1.44738407926e-06, 1.56173737196e-05, 2.51207916335e-06, 1.12288607852e-05, 8.879467714e-06, 3.06111064674e-06, 1.92494348994e-06, 2.32416277868e-06, 8.56385099723e-07, 9.76811634246e-07, 7.81292669672e-07, 8.78763557921e-07, 6.54888424378e-07, 4.6026838163e-07, 3.27584729121e-07, 1.90993930005e-07, 1.10457079927e-07, 1.2841011312e-06, 2.53414123108e-06, 5.01629415339e-07, 1.21715493151e-06, 1.6263852558e-06, 3.51004496224e-06, 1.74730573121e-07],
        "dvar2": [0.00059402466286, 0.0074945082888, 1.51544809341e-05, 3.77651690542e-06, 3.47207605955e-05, 5.21209130966e-06, 2.53465696005e-05, 1.8144828573e-05, 5.09972778673e-06, 4.85459986521e-06, 4.82196674056e-06, 2.33109290093e-06, 2.78175275525e-06, 1.71715828401e-06, 2.14102919927e-06, 1.72280840616e-06, 1.16235491987e-06, 7.05810748514e-07, 4.24696168011e-07, 2.23856019943e-07, 2.92428057946e-06, 5.13166696692e-06, 1.18838829621e-06, 2.77462186205e-06, 4.05882610721e-06, 9.35441858019e-06, 4.35107551766e-07],
        "max": [0.175470262766, 0.483472377062, 0.0331868864596, 0.0155486119911, 0.047829348594, 0.0227476190776, 0.0432874262333, 0.0556322447956, 0.0287474263459, 0.0180079713464, 0.0239152871072, 0.00811830628663, 0.014813978225, 0.0135098835453, 0.00974910426885, 0.00760331237689, 0.00819818489254, 0.00950927473605, 0.00676464708522, 0.00541666802019, 0.0310416258872, 0.0302946362644, 0.0131254699081, 0.0182785782963, 0.0121728051454, 0.0145170493051, 0.00381986564025],
        "mean": [0.0124618662521, 0.0531653389335, 0.000640914833639, 0.00121216545813, 0.00534895109013, 0.00147930392995, 0.0027293828316, 0.00180369114969, 0.00130970252212, 0.00078665028559, 0.000803180038929, 0.000317116267979, 0.00030163381598, 0.000435076653957, 0.000581652100664, 0.000362090824638, 0.000309985276544, 0.000381471123546, 0.000290204043267, 0.000270146440016, 0.000307023030473, 0.000322830775985, 0.000320129271131, 0.000450833089417, 0.000584239081945, 0.00053454877343, 0.000114428505185],
        "median": [0.00364391505718, 0.0383092463017, 8.3200444351e-05, 0.000433037668699, 0.0030493310187, 0.000599977560341, 0.000854977406561, 0.000379413046176, 0.00029729102971, 0.000297164078802, 0.000243203248829, 4.71473795187e-05, 5.11241123604e-05, 8.51632648846e-05, 0.000141238080687, 8.85027111508e-05, 8.52004959597e-05, 0.000126239610836, 8.99049264262e-05, 0.000111925197416, 0.000107188599941, 6.13844385953e-05, 0.000124611178762, 0.000141793789226, 9.42853803281e-05, 2.66331007879e-05, 1.49653851622e-06],
        "min": [2.5753254086e-23, 2.37244647654e-23, 8.04952342401e-23, 2.05326341464e-23, 1.06090305937e-22, 5.50264307747e-23, 9.43328011508e-23, 5.34804337944e-23, 7.6552551612e-23, 9.1285816438e-23, 8.37416934768e-23, 5.2273252573e-23, 9.41833845844e-23, 1.32676950549e-22, 1.88237244519e-22, 1.66196597045e-22, 2.88841508799e-22, 2.00849199262e-22, 2.45864795823e-22, 2.8355447466e-22, 2.8784264681e-22, 4.23992112577e-22, 7.24429270837e-22, 9.57101989919e-22, 1.19716531332e-21, 1.54325073459e-21, 2.47173057894e-21],
        "stdev": [0.0246985703707, 0.0813551619649, 0.00192035140935, 0.00200422620401, 0.00660066492856, 0.00240310281515, 0.00483710272238, 0.00441434048116, 0.00324534089305, 0.00150803406723, 0.00197304785252, 0.000817087304313, 0.000811958336271, 0.00110293901525, 0.0011128600454, 0.000833645579405, 0.000688329862896, 0.000742443487979, 0.000620294187684, 0.000445473851869, 0.00112978147808, 0.00169687508605, 0.000733195920475, 0.00118184741586, 0.0013059261255, 0.00160086120013, 0.000377056916477],
        "var": [0.000610019371379, 0.00661866180599, 3.68774931303e-06, 4.01692295782e-06, 4.35687761637e-05, 5.77490300202e-06, 2.33975624724e-05, 1.94864005607e-05, 1.05322369564e-05, 2.27416671805e-06, 3.8929179027e-06, 6.67631638862e-07, 6.59276338411e-07, 1.21647451579e-06, 1.23845745748e-06, 6.94964967352e-07, 4.7379796797e-07, 5.51222342438e-07, 3.84764888395e-07, 1.98446954869e-07, 1.27640623759e-06, 2.8793851925e-06, 5.37576227089e-07, 1.39676342314e-06, 1.70544319644e-06, 2.56275666288e-06, 1.42171913353e-07]
    },
    "erbbands": {
        "dmean": [1.53119695187, 3.75666546822, 1.60558021069, 1.11003744602, 4.64180326462, 12.5860157013, 7.0253868103, 7.39804458618, 18.5183391571, 32.1222076416, 20.8871536255, 20.1842250824, 17.585144043, 24.0197162628, 16.8244915009, 17.4565906525, 16.1367511749, 16.8888244629, 24.5375862122, 16.9307327271, 16.7669353485, 13.1882076263, 14.392206192, 13.5180482864, 7.7647023201, 8.2212266922, 8.75490283966, 10.5581884384, 10.413974762, 8.04620933533, 7.66229295731, 6.22373533249, 7.54383516312, 5.6646156311, 4.48454713821, 2.29297971725, 1.19382083416, 0.524648785591, 0.0184046756476, 0.000362089078408],
        "dmean2": [2.06070184708, 5.63345336914, 2.68457531929, 1.7903213501, 7.3351559639, 19.2950572968, 11.2122440338, 10.5516138077, 28.8927822113, 48.7603492737, 32.5354766846, 27.6775608063, 26.650718689, 36.8453559875, 26.6273441315, 30.8752880096, 28.3242588043, 26.5916290283, 40.5344009399, 26.6617050171, 28.7755699158, 22.5937099457, 23.4335784912, 20.4214839935, 12.2195577621, 12.3548440933, 13.0054702759, 15.8706188202, 16.739812851, 12.1904525757, 12.0612945557, 9.73385429382, 11.8704032898, 8.9507598877, 7.42060422897, 3.83998513222, 2.0297305584, 0.876755297184, 0.0305427890271, 0.000577094382606],
        "dvar": [14.2578125, 87.4259414673, 20.4544792175, 5.77561187744, 68.7566299438, 375.142486572, 194.956237793, 246.287658691, 1190.96984863, 3764.60058594, 2568.60107422, 2087.33935547, 1449.20849609, 4607.0703125, 1400.8026123, 1840.63781738, 2060.96972656, 1752.88122559, 2736.89819336, 928.092102051, 1704.46228027, 1005.9105835, 868.246520996, 956.351379395, 216.488845825, 258.107757568, 511.635162354, 3898.01904297, 4323.69726562, 1133.90698242, 366.326934814, 330.266967773, 447.839691162, 144.863464355, 115.770591736, 29.9857196808, 10.6041622162, 2.19700241089, 0.00271647935733, 8.81721462065e-07],
        "dvar2": [24.0610713959, 200.273880005, 54.2971611023, 15.4950742722, 155.218948364, 826.032165527, 463.820251465, 481.290710449, 2763.39746094, 7527.01220703, 5948.49902344, 3129.5534668, 3138.13061523, 10742.4228516, 3248.53735352, 4992.88867188, 5875.58349609, 4227.05517578, 7056.06054688, 2273.21264648, 4794.05419922, 2629.88989258, 2000.02966309, 1742.98474121, 503.282440186, 524.960510254, 1033.62182617, 8821.78613281, 8715.75292969, 2471.92773438, 892.491210938, 772.561706543, 1022.40338135, 330.663269043, 298.253692627, 77.7639465332, 28.337392807, 5.78380584717, 0.00702363764867, 2.28090675591e-06],
        "max": [27.7376041412, 63.5819892883, 40.3475532532, 35.1054611206, 119.699905396, 206.819396973, 212.244354248, 282.994232178, 465.13458252, 959.52142334, 770.656005859, 796.796203613, 670.604187012, 1086.59741211, 597.63079834, 381.66784668, 766.640380859, 754.711914062, 456.175872803, 347.007141113, 280.81918335, 295.532226562, 435.041107178, 673.162902832, 190.499816895, 243.518829346, 529.342651367, 1689.84228516, 1174.98156738, 596.992980957, 304.111297607, 333.895599365, 328.419708252, 163.61428833, 131.579574585, 47.4615898132, 26.8386383057, 12.6427373886, 0.526494503021, 0.00882744602859],
        "mean": [2.91481542587, 6.39553356171, 2.00996208191, 2.22235274315, 9.88681602478, 22.4458827972, 12.6900720596, 13.8580303192, 29.5356025696, 49.1938247681, 31.5280380249, 35.8548774719, 26.1942214966, 32.5175971985, 21.219209671, 15.197224617, 14.3604021072, 20.6600589752, 29.4056358337, 23.7162761688, 17.9336051941, 15.1948108673, 19.3495941162, 20.9202823639, 12.4808626175, 13.1325569153, 12.5492696762, 11.440656662, 11.4909954071, 10.0188035965, 9.73801898956, 7.83024644852, 8.54153347015, 6.48035860062, 4.11923933029, 1.90850281715, 0.897154211998, 0.375356197357, 0.0134600354359, 0.000349454960087],
        "median": [2.12818169594, 2.39513969421, 0.391714334488, 1.05819606781, 4.58183145523, 11.3466730118, 6.2541012764, 5.39768695831, 10.8060760498, 17.7514667511, 9.81487941742, 8.656001091, 10.9867210388, 9.80045127869, 6.39409065247, 2.60402917862, 2.59584641457, 4.4362654686, 6.85563802719, 7.12369966507, 5.1305437088, 4.61855220795, 6.72419786453, 6.60594320297, 4.91610240936, 5.3617181778, 4.63544988632, 3.33032131195, 1.96325445175, 3.03359818459, 3.71674776077, 2.7834239006, 2.42235040665, 1.26998698711, 0.457165449858, 0.148194596171, 0.045239135623, 0.00860548578203, 0.000257461244473, 8.84147666511e-05],
        "min": [4.67401727174e-22, 7.54041771311e-21, 7.64416667988e-20, 9.67268948415e-20, 1.20914017844e-19, 4.60057797572e-19, 2.62164038403e-19, 6.83297921673e-19, 1.41932819381e-18, 1.00992714374e-18, 1.05506576938e-18, 1.11440077889e-18, 3.71984072723e-18, 3.0889600002e-18, 2.90427641881e-18, 2.46877533888e-18, 4.55313751323e-18, 5.96366781404e-18, 8.34094684421e-18, 1.05872418244e-17, 7.93205740536e-18, 1.67736362902e-17, 1.28430973581e-17, 1.19002744143e-17, 1.10653844785e-17, 1.20740907036e-17, 1.27475877758e-17, 1.22080517767e-17, 1.43516961244e-17, 2.05903121566e-17, 1.89360022167e-17, 1.98064576101e-17, 1.5859902807e-17, 1.30342133027e-17, 8.53255661566e-18, 5.62026006043e-18, 3.11796550197e-18, 1.04950866663e-18, 3.63574442798e-19, 3.95343639004e-20],
        "stdev": [4.7515912056, 10.3844966888, 4.30045127869, 3.11034536362, 14.5085659027, 30.2208023071, 19.3760719299, 25.0541667938, 50.6235198975, 89.6749191284, 72.0578079224, 89.641204834, 48.2550010681, 82.3733825684, 45.5546150208, 38.19739151, 37.3644981384, 48.8815765381, 57.4794921875, 40.6887397766, 37.0841522217, 31.1497631073, 36.7836227417, 46.888584137, 21.7600193024, 21.9370765686, 27.8498878479, 61.4436454773, 69.2465133667, 35.7055664062, 19.9788208008, 19.1435394287, 22.6793479919, 13.9870271683, 10.3358955383, 4.98662137985, 2.7681248188, 1.2691423893, 0.0453378371894, 0.000843912945129],
        "var": [22.5776195526, 107.837768555, 18.4938793182, 9.6742477417, 210.498474121, 913.296875, 375.432159424, 627.711303711, 2562.74072266, 8041.59179688, 5192.328125, 8035.54541016, 2328.54516602, 6785.37451172, 2075.22290039, 1459.04077148, 1396.10571289, 2389.40844727, 3303.89208984, 1655.5736084, 1375.234375, 970.307739258, 1353.03491211, 2198.53930664, 473.498413086, 481.235351562, 775.616210938, 3775.32177734, 4795.07910156, 1274.88757324, 399.153259277, 366.475067139, 514.352844238, 195.636917114, 106.830734253, 24.8663921356, 7.66251516342, 1.6107224226, 0.0020555194933, 7.12189034857e-07]
    },
    "gfcc": {
        "mean": [18.4109096527, 64.7848129272, -88.2740325928, 27.3067378998, -63.1680145264, 13.1960000992, -40.2381324768, 18.3895587921, -18.5640926361, 6.82226037979, -13.1146450043, 2.98210048676, -4.58558988571],
        "cov": [[6996.09130859, -778.833129883, 717.453430176, 419.170776367, 472.805328369, 559.217041016, 226.857925415, 443.251220703, 94.0405883789, 437.381286621, 96.5301589966, 253.76322937, -39.9317169189], [-778.833129883, 1635.02246094, 108.511535645, 357.825134277, 427.354095459, 63.5753669739, 364.434997559, 108.86693573, 337.792053223, 11.9983196259, 241.288452148, -42.1481361389, 199.270736694], [717.453430176, 108.511535645, 1725.93920898, 478.105712891, 613.007568359, 500.768341064, 418.433929443, 287.440124512, 184.57460022, 262.146026611, 150.237411499, 244.86114502, 61.9197158813], [419.170776367, 357.825134277, 478.105712891, 793.585266113, 314.187774658, 148.530929565, 265.644958496, 163.306518555, 244.939575195, 55.7316131592, 145.115158081, 117.900177002, 105.282241821], [472.805328369, 427.354095459, 613.007568359, 314.187774658, 682.815185547, 313.858581543, 384.464294434, 222.995162964, 218.524505615, 151.421829224, 151.262512207, 128.350723267, 84.6605911255], [559.217041016, 63.5753669739, 500.768341064, 148.530929565, 313.858581543, 492.394439697, 264.871520996, 196.004165649, 120.429664612, 151.564941406, 100.867980957, 79.0836868286, 66.7249069214], [226.857925415, 364.434997559, 418.433929443, 265.644958496, 384.464294434, 264.871520996, 442.843505859, 156.46295166, 180.091400146, 106.821548462, 141.48274231, 110.080665588, 64.4497528076], [443.251220703, 108.86693573, 287.440124512, 163.306518555, 222.995162964, 196.004165649, 156.46295166, 258.466369629, 147.195205688, 111.856147766, 76.907371521, 33.1481819153, 61.2968330383], [94.0405883789, 337.792053223, 184.57460022, 244.939575195, 218.524505615, 120.429664612, 180.091400146, 147.195205688, 274.49899292, 95.6780090332, 107.830749512, 34.3835067749, 83.930015564], [437.381286621, 11.9983196259, 262.146026611, 55.7316131592, 151.421829224, 151.564941406, 106.821548462, 111.856147766, 95.6780090332, 184.909912109, 84.3383712769, 45.5983352661, 29.9661598206], [96.5301589966, 241.288452148, 150.237411499, 145.115158081, 151.262512207, 100.867980957, 141.48274231, 76.907371521, 107.830749512, 84.3383712769, 169.869735718, 55.0732498169, 47.4347991943], [253.76322937, -42.1481361389, 244.86114502, 117.900177002, 128.350723267, 79.0836868286, 110.080665588, 33.1481819153, 34.3835067749, 45.5983352661, 55.0732498169, 167.218093872, 26.7096309662], [-39.9317169189, 199.270736694, 61.9197158813, 105.282241821, 84.6605911255, 66.7249069214, 64.4497528076, 61.2968330383, 83.930015564, 29.9661598206, 47.4347991943, 26.7096309662, 119.918922424]],
        "icov": [[0.000215443302295, 5.76826460019e-05, 0.000110542452603, -0.000185875484021, -9.23422630876e-05, -0.000126603743411, 0.000100574849057, -0.000271574768703, 0.000212168451981, -0.000501094502397, 0.000168055979884, -0.000229299330385, 0.000263716385234], [5.76826460019e-05, 0.00167123577558, -0.00010761750309, 0.000118351112178, -0.000765277189203, 0.000652783550322, -0.000865687034093, 0.000699681404512, -0.000983310630545, 0.00119668175466, -0.00177607510705, 0.00187357328832, -0.00184716517106], [0.000110542452603, -0.00010761750309, 0.00133055762853, -0.000628469220828, -0.000500931113493, -0.000684047059622, 0.000110956068966, -0.000417722825659, 0.000675434013829, -0.00134741992224, 0.00079264951637, -0.00113826489542, 0.000772483937908], [-0.000185875484021, 0.000118351112178, -0.000628469220828, 0.00249923649244, -1.0407195532e-06, 0.000522610382177, -0.000442268239567, -3.385276068e-05, -0.00175950722769, 0.00204406958073, -0.00115264009219, -0.000141871540109, -0.000955091614742], [-9.23422630876e-05, -0.000765277189203, -0.000500931113493, -1.0407195532e-06, 0.00403934344649, -0.000487025914481, -0.00147308898158, -0.00100140599534, -0.000299491221085, -0.000379537581466, 0.000541425892152, -0.00112368434202, 0.00056391581893], [-0.000126603743411, 0.000652783550322, -0.000684047059622, 0.000522610382177, -0.000487025914481, 0.00467234756798, -0.00194451224525, -0.00102266995236, 0.000301374617266, -0.000398801959818, -0.000801135902293, 0.00126638985239, -0.00199709041044], [0.000100574849057, -0.000865687034093, 0.000110956068966, -0.000442268239567, -0.00147308898158, -0.00194451224525, 0.00642143050209, -0.000378596072551, -0.000688743195496, 5.66873131902e-06, -0.000613746873569, -0.00228456780314, 0.00189954391681], [-0.000271574768703, 0.000699681404512, -0.000417722825659, -3.385276068e-05, -0.00100140599534, -0.00102266995236, -0.000378596072551, 0.00864945165813, -0.00277004716918, -0.000670328037813, -0.00060692767147, 0.00230115279555, -0.00211562635377], [0.000212168451981, -0.000983310630545, 0.000675434013829, -0.00175950722769, -0.000299491221085, 0.000301374617266, -0.000688743195496, -0.00277004716918, 0.00943593215197, -0.00357758207247, 0.000204765106901, -9.448005585e-05, -0.00103962840512], [-0.000501094502397, 0.00119668175466, -0.00134741992224, 0.00204406958073, -0.000379537581466, -0.000398801959818, 5.66873131902e-06, -0.000670328037813, -0.00357758207247, 0.0130272135139, -0.00535593461245, 0.00136783369817, -0.00136230152566], [0.000168055979884, -0.00177607510705, 0.00079264951637, -0.00115264009219, 0.000541425892152, -0.000801135902293, -0.000613746873569, -0.00060692767147, 0.000204765106901, -0.00535593461245, 0.0126952352002, -0.00352916819975, 0.00127300200984], [-0.000229299330385, 0.00187357328832, -0.00113826489542, -0.000141871540109, -0.00112368434202, 0.00126638985239, -0.00228456780314, 0.00230115279555, -9.448005585e-05, 0.00136783369817, -0.00352916819975, 0.011283153668, -0.00372994551435], [0.000263716385234, -0.00184716517106, 0.000772483937908, -0.000955091614742, 0.00056391581893, -0.00199709041044, 0.00189954391681, -0.00211562635377, -0.00103962840512, -0.00136230152566, 0.00127300200984, -0.00372994551435, 0.0141047714278]]
    },
    "melbands": {
        "dmean": [0.00993855204433, 0.00192916800734, 0.000279401079752, 0.000607470690738, 0.000309376075165, 0.000163147808053, 0.000323421438225, 0.000344905100064, 0.00016026578669, 0.000126172541059, 8.62786182552e-05, 9.45860956563e-05, 6.2825914938e-05, 4.72720566904e-05, 3.90969144064e-05, 3.26801928168e-05, 3.42965795426e-05, 3.90470959246e-05, 3.50710688508e-05, 2.57436295215e-05, 1.91959170479e-05, 1.36363096317e-05, 1.47898945215e-05, 1.2881891962e-05, 1.15198408821e-05, 6.11605855738e-06, 5.86458418184e-06, 5.7891106735e-06, 5.58191050004e-06, 5.97330745222e-06, 6.42543363938e-06, 6.19504680799e-06, 5.64809033676e-06, 4.05413129556e-06, 4.52200583823e-06, 3.88220860259e-06, 4.023542715e-06, 5.84004646953e-06, 4.64608046968e-06, 5.13674876856e-06],
        "dmean2": [0.0133692640811, 0.00298123876564, 0.000442609132733, 0.00094546872424, 0.000486476259539, 0.00023182266159, 0.000507903168909, 0.000522583723068, 0.000248426920734, 0.000173049440491, 0.000132313798531, 0.000146279475302, 9.81050980045e-05, 8.14580998849e-05, 7.09640444256e-05, 5.61016640859e-05, 5.32736266905e-05, 6.43983730697e-05, 5.61710403417e-05, 4.18440104113e-05, 3.35626864398e-05, 2.31478134083e-05, 2.55437735177e-05, 1.98308825929e-05, 1.75968489202e-05, 9.44485509535e-06, 9.30220539885e-06, 8.81077085069e-06, 8.23814752948e-06, 9.18550540518e-06, 9.8039436125e-06, 9.88100600807e-06, 8.91821764526e-06, 6.1896630541e-06, 7.10110225555e-06, 6.29865508017e-06, 6.37545690552e-06, 9.31882004807e-06, 7.32537455406e-06, 8.20605600893e-06],
        "dvar": [0.000572868157178, 2.36508494709e-05, 2.97062968002e-07, 9.16511851301e-07, 2.52038944382e-07, 1.06509418174e-07, 3.59220081236e-07, 4.6834117029e-07, 1.52585059254e-07, 8.33777349385e-08, 3.6690586569e-08, 7.13859904522e-08, 2.27621104187e-08, 1.1919461862e-08, 1.20903198564e-08, 6.84705359077e-09, 8.41948288866e-09, 7.53732365411e-09, 5.11646192081e-09, 3.5564466927e-09, 2.48878051501e-09, 9.90612925023e-10, 1.37061040295e-09, 6.51297904497e-10, 7.65211505271e-10, 1.56648208294e-10, 1.03460864875e-10, 1.54217139059e-10, 1.556267476e-10, 6.0318616768e-10, 1.68544467272e-09, 1.6037222661e-09, 8.31505198029e-10, 2.75233391633e-10, 1.34708647015e-10, 7.47047285143e-11, 1.77860726147e-10, 3.25284826852e-10, 1.24530677437e-10, 1.20319990082e-10],
        "dvar2": [0.000945590494666, 5.56765953661e-05, 7.70110432313e-07, 2.02204773814e-06, 5.75304454742e-07, 2.05398535513e-07, 8.21964135866e-07, 9.07272294626e-07, 3.58967668035e-07, 1.22582903828e-07, 7.96179833173e-08, 1.69870190803e-07, 5.00754921973e-08, 3.18287227685e-08, 3.44946151642e-08, 1.9010071739e-08, 1.98408525165e-08, 1.91453004561e-08, 1.19314034208e-08, 8.53328963046e-09, 7.07289160573e-09, 2.58940069386e-09, 3.43725381491e-09, 1.33825950321e-09, 1.41704914469e-09, 3.52354090349e-10, 2.53070536749e-10, 3.09682196553e-10, 3.04325342704e-10, 1.36376721027e-09, 3.87395449053e-09, 3.35726868528e-09, 1.72631253736e-09, 6.34436336799e-10, 3.32048694096e-10, 1.83814866106e-10, 4.17914369777e-10, 7.82909126418e-10, 2.65766630925e-10, 2.86972529073e-10],
        "max": [0.174314364791, 0.0355191640556, 0.00586211681366, 0.0130065875128, 0.00679403264076, 0.00552827259526, 0.00707203149796, 0.0123886484653, 0.00589734921232, 0.0053886868991, 0.00337834097445, 0.00408539082855, 0.00298791890964, 0.00108633283526, 0.00123809929937, 0.00105646264274, 0.00169253582135, 0.000874527555425, 0.000960442528594, 0.000726895872504, 0.000378703029128, 0.000342461804394, 0.000528435572051, 0.000416069000494, 0.000599046004936, 0.000171768668224, 0.000157401169417, 0.000221546375542, 0.000222895803745, 0.000661706610117, 0.00107060011942, 0.000721658812836, 0.000527175317984, 0.000310528237605, 0.000196368535399, 0.000113865426101, 0.000252158410149, 0.000280072592432, 0.000150342559209, 0.000147113838466],
        "mean": [0.0199553277344, 0.00310081476346, 0.000596727768425, 0.00121547246817, 0.000576192920562, 0.000296360638458, 0.000509943987709, 0.000523873139173, 0.000237184081925, 0.000219023786485, 0.000120814249385, 0.000123432881082, 8.03021393949e-05, 4.49138096883e-05, 3.09318966174e-05, 2.96719626931e-05, 4.14285168517e-05, 4.41593729192e-05, 4.46160411229e-05, 3.04842342302e-05, 1.88399626495e-05, 1.5369592802e-05, 1.68818496604e-05, 1.82908170245e-05, 1.71935953404e-05, 9.34817762754e-06, 8.31730903883e-06, 8.71814518177e-06, 8.098240869e-06, 7.05418597136e-06, 6.48058312436e-06, 6.38941901343e-06, 6.35218884781e-06, 5.12190399604e-06, 5.65795198781e-06, 4.76859258924e-06, 4.91327455165e-06, 6.32606224826e-06, 5.33091724719e-06, 5.58295823794e-06],
        "median": [0.0157570429146, 0.000813046121038, 0.000297721970128, 0.000640999351162, 0.00031625982956, 0.000113900132419, 0.000173723121407, 0.000176292553078, 6.37236516923e-05, 4.91876235174e-05, 4.89759368065e-05, 3.32479103236e-05, 2.5174658731e-05, 9.36228025239e-06, 4.31955322711e-06, 5.53487598154e-06, 8.23710161058e-06, 9.74895556283e-06, 1.1503724636e-05, 7.54454322305e-06, 5.0586627367e-06, 4.44920306109e-06, 4.895490747e-06, 6.05488776273e-06, 4.98078361488e-06, 2.90827347271e-06, 3.6533583625e-06, 2.93354969472e-06, 2.64076857093e-06, 2.48776996159e-06, 1.44592422657e-06, 9.30420924306e-07, 1.23060169699e-06, 1.67437224263e-06, 2.05254013963e-06, 1.89672005035e-06, 1.56565079124e-06, 1.67511564086e-06, 1.28351939566e-06, 8.48452998525e-07],
        "min": [6.45024977587e-24, 2.92177576324e-23, 1.59167171115e-23, 2.21381995914e-23, 1.28330629884e-23, 1.50711134413e-23, 2.09693570099e-23, 1.1598312656e-23, 7.4314365475e-24, 9.53567489166e-24, 1.81817876281e-23, 1.16675462445e-23, 1.06183320527e-23, 6.63544355084e-24, 9.01398697555e-24, 8.19402286255e-24, 1.15799621736e-23, 1.25120612866e-23, 1.42884324724e-23, 1.51669805517e-23, 7.57752806512e-24, 1.65201641495e-23, 1.87772356166e-23, 7.51906006141e-24, 1.01067518113e-23, 9.15896935473e-24, 8.23863925763e-24, 7.48690530205e-24, 9.21794144056e-24, 7.31780192297e-24, 6.61872522167e-24, 7.2214323082e-24, 9.67384309035e-24, 1.29732483044e-23, 1.10791546168e-23, 1.01852253276e-23, 1.31286278703e-23, 1.24484570095e-23, 8.8548871416e-24, 1.15139289938e-23],
        "stdev": [0.0310479346663, 0.0053269402124, 0.000835967832245, 0.00163467903621, 0.000759654620197, 0.000519545574207, 0.000877892482094, 0.00101007963531, 0.000566973292734, 0.00055659370264, 0.000235160361626, 0.000316656514769, 0.000183315423783, 0.000103657628642, 8.64061148604e-05, 7.40132600185e-05, 0.000107421554276, 9.41643011174e-05, 8.87523274287e-05, 7.18910960131e-05, 4.16769908043e-05, 3.11543699354e-05, 3.87197724194e-05, 3.5733984987e-05, 4.1200513806e-05, 1.96426080947e-05, 1.27931725729e-05, 1.64523298736e-05, 1.72555446625e-05, 2.47691132245e-05, 3.98454103561e-05, 4.13588277297e-05, 3.02693897538e-05, 1.70735056599e-05, 1.19971400636e-05, 9.11870120035e-06, 1.37610049933e-05, 1.83059019037e-05, 1.28501687868e-05, 1.22514429677e-05],
        "var": [0.00096397427842, 2.8376291084e-05, 6.98842200109e-07, 2.67217546934e-06, 5.77075127239e-07, 2.69927596719e-07, 7.70695180563e-07, 1.02026092463e-06, 3.21458685448e-07, 3.09796575948e-07, 5.53003935977e-08, 1.00271350334e-07, 3.36045467009e-08, 1.07449045217e-08, 7.46601624968e-09, 5.47796297212e-09, 1.15393898881e-08, 8.86691520208e-09, 7.8769755163e-09, 5.16833020825e-09, 1.7369716776e-09, 9.70594826732e-10, 1.49922074755e-09, 1.27691779372e-09, 1.69748237688e-09, 3.8583203299e-10, 1.63665275776e-10, 2.7067917352e-10, 2.97753793843e-10, 6.13508965852e-10, 1.58765678382e-09, 1.71055269949e-09, 9.16235920467e-10, 2.91504625993e-10, 1.43931366825e-10, 8.31507085408e-11, 1.89365259584e-10, 3.35106026261e-10, 1.65126828877e-10, 1.50097864693e-10]
    },
    "melbands128": {
