{
"lowlevel": {
    "average_loudness": 0.967350006104,
    "barkbands_crest": {
        "dmean": 2.32032942772,
        "dmean2": 3.48110532761,
        "dvar": 4.94466543198,
        "dvar2": 10.8533744812,
        "max": 24.5449390411,
        "mean": 11.33040905,
        "median": 10.7936630249,
        "min": 4.08784198761,
        "stdev": 3.83907985687,
        "var": 14.7385349274
    },
    "barkbands_flatness_db": {
        "dmean": 0.0213063806295,
        "dmean2": 0.0291996691376,
        "dvar": 0.000510559475515,
        "dvar2": 0.000800459994934,
        "max": 0.373878836632,
        "mean": 0.195454403758,
        "median": 0.19549036026,
        "min": 0.030164251104,
        "stdev": 0.0574123933911,
        "var": 0.00329618272372
    },
    "barkbands_kurtosis": {
        "dmean": 3.91248393059,
        "dmean2": 5.99840259552,
        "dvar": 34.9588470459,
        "dvar2": 73.9523239136,
        "max": 111.950454712,
        "mean": 7.82606220245,
        "median": 6.00485897064,
        "min": -1.94042086601,
        "stdev": 8.76867961884,
        "var": 76.8897399902
    },
    "barkbands_skewness": {
        "dmean": 0.543112277985,
        "dmean2": 0.807212710381,
        "dvar": 0.412787944078,
        "dvar2": 0.838879108429,
        "max": 8.96440029144,
        "mean": 1.91870093346,
        "median": 1.82174050808,
        "min": -1.52395117283,
        "stdev": 1.07918465137,
        "var": 1.16463947296
    },
    "barkbands_spread": {
        "dmean": 5.12854337692,
        "dmean2": 7.71375083923,
        "dvar": 128.86529541,
        "dvar2": 228.668304443,
        "max": 124.212219238,
        "mean": 14.0458707809,
        "median": 8.87642002106,
        "min": 1.64378452301,
        "stdev": 17.4669914246,
        "var": 305.09576416
    },
    "dissonance": {
        "dmean": 0.0363532863557,
        "dmean2": 0.0600017718971,
        "dvar": 0.000994934118353,
        "dvar2": 0.00258561130613,
        "max": 0.499540984631,
        "mean": 0.41439345479,
        "median": 0.418941885233,
        "min": 0.186921209097,
        "stdev": 0.0484500527382,
        "var": 0.00234740762971
    },
    "dynamic_complexity": 2.21268033981,
    "erbbands_crest": {
        "dmean": 2.97365260124,
        "dmean2": 4.73175811768,
        "dvar": 8.40035057068,
        "dvar2": 18.5102310181,
        "max": 29.2470874786,
        "mean": 11.5651226044,
        "median": 10.4429388046,
        "min": 2.60855269432,
        "stdev": 4.98688983917,
        "var": 24.8690681458
    },
    "erbbands_flatness_db": {
        "dmean": 0.0194223094732,
        "dmean2": 0.0274962969124,
        "dvar": 0.000381649035262,
        "dvar2": 0.000725594640244,
        "max": 0.32886531949,
        "mean": 0.182570189238,
        "median": 0.183887645602,
        "min": 0.0631764233112,
        "stdev": 0.0495711863041,
        "var": 0.00245730252936
    },
    "erbbands_kurtosis": {
        "dmean": 1.89026200771,
        "dmean2": 3.00780892372,
        "dvar": 4.69019985199,
        "dvar2": 11.037156105,
        "max": 20.3482646942,
        "mean": 2.69286227226,
        "median": 1.71134996414,
        "min": -1.74451732635,
        "stdev": 3.44403171539,
        "var": 11.8613548279
    },
    "erbbands_skewness": {
        "dmean": 0.495871305466,
        "dmean2": 0.742121696472,
        "dvar": 0.247078061104,
        "dvar2": 0.461075782776,
        "max": 4.15743494034,
        "mean": 1.05238568783,
        "median": 1.05648446083,
        "min": -3.22403049469,
        "stdev": 0.944316864014,
        "var": 0.891734302044
    },
    "erbbands_spread": {
        "dmean": 7.82064342499,
        "dmean2": 11.951171875,
        "dvar": 149.038330078,
        "dvar2": 335.935089111,
        "max": 141.067733765,
        "mean": 28.5191078186,
        "median": 22.5719013214,
        "min": 7.45314407349,
        "stdev": 19.526216507,
        "var": 381.273101807
    },
    "hfc": {
        "dmean": 8.94509601593,
        "dmean2": 13.144244194,
        "dvar": 389.100921631,
        "dvar2": 829.537597656,
        "max": 249.587905884,
        "mean": 22.372303009,
        "median": 17.7679786682,
        "min": 1.13287956778e-16,
        "stdev": 24.8581733704,
        "var": 617.928771973
    },
    "loudness_ebu128": {
        "integrated": -9.72604465485,
        "loudness_range": 2.77944946289,
        "momentary": {
            "dmean": 0.499262630939,
            "dmean2": 0.683831572533,
            "dvar": 0.289633572102,
            "dvar2": 0.432999670506,
            "max": -7.80620908737,
            "mean": -10.0423946381,
            "median": -9.46084499359,
            "min": -18.1791820526,
            "stdev": 1.89352762699,
            "var": 3.58544707298
        },
        "short_term": {
            "dmean": 0.0825986787677,
            "dmean2": 0.0775817558169,
            "dvar": 0.0052420492284,
            "dvar2": 0.00447886670008,
            "max": -8.53648948669,
            "mean": -9.84821128845,
            "median": -9.33947467804,
            "min": -13.6867370605,
            "stdev": 1.22029197216,
            "var": 1.48911261559
        }
    },
    "melbands_crest": {
        "dmean": 2.73485922813,
        "dmean2": 4.1919503212,
        "dvar": 7.29267549515,
        "dvar2": 16.7874698639,
        "max": 32.3859786987,
        "mean": 14.7373104095,
        "median": 13.8725595474,
        "min": 2.53461098671,
        "stdev": 5.06569099426,
        "var": 25.6612262726
    },
    "melbands_flatness_db": {
        "dmean": 0.0244845803827,
        "dmean2": 0.0325626283884,
        "dvar": 0.000824625662062,
        "dvar2": 0.00116736849304,
        "max": 0.458331912756,
        "mean": 0.275445759296,
        "median": 0.275159329176,
        "min": 0.00616545183584,
        "stdev": 0.0696066021919,
        "var": 0.00484507950023
    },
    "melbands_kurtosis": {
        "dmean": 6.09863710403,
        "dmean2": 9.55700683594,
        "dvar": 133.909622192,
        "dvar2": 311.829559326,
        "max": 188.70274353,
        "mean": 12.6421871185,
        "median": 8.61552238464,
        "min": -1.08898973465,
        "stdev": 14.8159542084,
        "var": 219.512512207
    },
    "melbands_skewness": {
        "dmean": 0.609794676304,
        "dmean2": 0.917658507824,
        "dvar": 0.607628881931,
        "dvar2": 1.3423126936,
        "max": 12.6004314423,
        "mean": 2.32278203964,
        "median": 2.05149102211,
        "min": 0.139695540071,
        "stdev": 1.30633723736,
        "var": 1.70651686192
    },
    "melbands_spread": {
        "dmean": 5.62989807129,
        "dmean2": 8.42579555511,
        "dvar": 200.905502319,
        "dvar2": 418.725402832,
        "max": 186.090744019,
        "mean": 13.6517410278,
        "median": 9.59631252289,
        "min": 1.11586415768,
        "stdev": 16.6624031067,
        "var": 277.635650635
    },
    "pitch_salience": {
        "dmean": 0.0634370073676,
        "dmean2": 0.0982128307223,
        "dvar": 0.00395790906623,
        "dvar2": 0.00952275749296,
        "max": 0.896010577679,
        "mean": 0.531858801842,
        "median": 0.546990334988,
        "min": 0.185680359602,
        "stdev": 0.106323182583,
        "var": 0.0113046187907
    },
    "silence_rate_20dB": {
        "dmean": 0,
        "dmean2": 0,
        "dvar": 0,
        "dvar2": 0,
        "max": 1,
        "mean": 1,
        "median": 1,
        "min": 1,
        "stdev": 0,
        "var": 0
    },
    "silence_rate_30dB": {
        "dmean": 0.0479876175523,
        "dmean2": 0.0960495769978,
        "dvar": 0.0456852205098,
        "dvar2": 0.0868230983615,
        "max": 1,
        "mean": 0.924207270145,
        "median": 1,
        "min": 0,
        "stdev": 0.264666646719,
        "var": 0.0700484365225
    },
    "silence_rate_60dB": {
        "dmean": 0.00154798757285,
        "dmean2": 0.00154918665066,
        "dvar": 0.00154557928909,
        "dvar2": 0.00154677091632,
        "max": 1,
        "mean": 0.00154679035768,
        "median": 0,
        "min": 0,
        "stdev": 0.0392987206578,
        "var": 0.00154438940808
    },
    "spectral_centroid": {
        "dmean": 186.307861328,
        "dmean2": 268.840942383,
        "dvar": 233789.828125,
        "dvar2": 365363.59375,
        "max": 11062.2070312,
        "mean": 698.019836426,
        "median": 542.926086426,
        "min": 226.115081787,
        "stdev": 618.180236816,
        "var": 382146.78125
    },
    "spectral_complexity": {
        "dmean": 2.66563463211,
        "dmean2": 3.87993812561,
        "dvar": 14.7705183029,
        "dvar2": 22.3952579498,
        "max": 50,
        "mean": 13.6960554123,
        "median": 13,
        "min": 0,
        "stdev": 6.35539531708,
        "var": 40.3910522461
    },
    "spectral_decrease": {
        "dmean": 2.97435787111e-09,
        "dmean2": 4.12344558498e-09,
        "dvar": 1.89205670264e-17,
        "dvar2": 3.04020175628e-17,
        "max": -1.52969405282e-28,
        "mean": -1.08085806971e-08,
        "median": -9.26468146645e-09,
        "min": -4.48470949266e-08,
        "stdev": 8.35628188867e-09,
        "var": 6.98274440254e-17
    },
    "spectral_energy": {
        "dmean": 0.0117130242288,
        "dmean2": 0.0163107775152,
        "dvar": 0.000276687758742,
        "dvar2": 0.000450370425824,
        "max": 0.173817425966,
        "mean": 0.042823318392,
        "median": 0.0365519821644,
        "min": 1.08528891333e-20,
        "stdev": 0.0320095978677,
        "var": 0.00102461443748
    },
    "spectral_energyband_high": {
        "dmean": 0.000637553632259,
        "dmean2": 0.000946152955294,
        "dvar": 4.81019014842e-06,
        "dvar2": 1.0188984561e-05,
        "max": 0.0276123788208,
        "mean": 0.000869208772201,
        "median": 0.000196625871467,
        "min": 7.27562702084e-21,
        "stdev": 0.00261565926485,
        "var": 6.84167298459e-06
    },
    "spectral_energyband_low": {
        "dmean": 0.00554784806445,
        "dmean2": 0.00721914926544,
        "dvar": 0.000199224348762,
        "dvar2": 0.000325759523548,
        "max": 0.14853130281,
        "mean": 0.0154533665627,
        "median": 0.00765230599791,
        "min": 7.81120223366e-23,
        "stdev": 0.0253955945373,
        "var": 0.000644936226308
    },
    "spectral_energyband_middle_high": {
        "dmean": 0.00138147047255,
        "dmean2": 0.00205081701279,
        "dvar": 5.31842033524e-06,
        "dvar2": 1.02985241028e-05,
        "max": 0.0281400699168,
        "mean": 0.00329660717398,
        "median": 0.00239540752955,
        "min": 2.1282973459e-21,
        "stdev": 0.00340624270029,
        "var": 1.16024893941e-05
    },
    "spectral_energyband_middle_low": {
        "dmean": 0.00800980534405,
        "dmean2": 0.0128757655621,
        "dvar": 0.000116545546916,
        "dvar2": 0.000280378415482,
        "max": 0.100755870342,
        "mean": 0.0237821582705,
        "median": 0.0248181466013,
        "min": 4.60599196573e-22,
        "stdev": 0.0159184113145,
        "var": 0.000253395846812
    },
    "spectral_entropy": {
        "dmean": 0.214000880718,
        "dmean2": 0.305449336767,
        "dvar": 0.0681601464748,
        "dvar2": 0.100015744567,
        "max": 9.80293369293,
        "mean": 6.94846343994,
        "median": 6.84118270874,
        "min": 5.82552957535,
        "stdev": 0.612858116627,
        "var": 0.375595092773
    },
    "spectral_flux": {
        "dmean": 0.0326382704079,
        "dmean2": 0.0481183826923,
        "dvar": 0.00148864998482,
        "dvar2": 0.00254812999628,
        "max": 0.372257888317,
        "mean": 0.0912142917514,
        "median": 0.0746499672532,
        "min": 1.04177201588e-10,
        "stdev": 0.0659381374717,
        "var": 0.00434783753008
    },
    "spectral_kurtosis": {
        "dmean": 3.39648246765,
        "dmean2": 5.38462162018,
        "dvar": 24.9205226898,
        "dvar2": 62.5285949707,
        "max": 71.8819732666,
        "mean": 9.84182739258,
        "median": 7.66455173492,
        "min": -1.42472553253,
        "stdev": 8.94218921661,
        "var": 79.9627456665
    },
    "spectral_rms": {
        "dmean": 0.000837845727801,
        "dmean2": 0.00116153492127,
        "dvar": 1.10278006105e-06,
        "dvar2": 1.75592663254e-06,
        "max": 0.0130222113803,
        "mean": 0.00606960058212,
        "median": 0.00597163848579,
        "min": 3.25394897659e-12,
        "stdev": 0.00222233589739,
        "var": 4.93877723784e-06
    },
    "spectral_rolloff": {
        "dmean": 428.930480957,
        "dmean2": 701.17388916,
        "dvar": 1928060.25,
        "dvar2": 3348844,
        "max": 18497.0214844,
        "mean": 1007.18060303,
        "median": 538.330078125,
        "min": 64.599609375,
        "stdev": 1810.5402832,
        "var": 3278056
    },
    "spectral_skewness": {
        "dmean": 0.367698907852,
        "dmean2": 0.547897934914,
        "dvar": 0.162851110101,
        "dvar2": 0.340871363878,
        "max": 6.38029623032,
        "mean": 2.48925852776,
        "median": 2.48899555206,
        "min": -0.16340225935,
        "stdev": 0.895973920822,
        "var": 0.802769303322
    },
    "spectral_spread": {
        "dmean": 821139.5625,
        "dmean2": 1135713.5,
        "dvar": 2.20767872614e+12,
        "dvar2": 2.93358193869e+12,
        "max": 40028884,
        "mean": 4804924.5,
        "median": 4411875.5,
        "min": 966750.1875,
        "stdev": 2583440,
        "var": 6.67416159846e+12
    },
    "spectral_strongpeak": {
        "dmean": 0.441403120756,
        "dmean2": 0.710216641426,
        "dvar": 0.341715961695,
        "dvar2": 0.727205097675,
        "max": 5.70058012009,
        "mean": 1.25842046738,
        "median": 0.902849197388,
        "min": 1.75538872327e-09,
        "stdev": 1.00087559223,
        "var": 1.00175189972
    },
    "zerocrossingrate": {
        "dmean": 0.0120373424143,
        "dmean2": 0.0130689935759,
        "dvar": 0.000620274280664,
        "dvar2": 0.000611010182183,
        "max": 0.50146484375,
        "mean": 0.0428834035993,
        "median": 0.03076171875,
        "min": 0.00244140625,
        "stdev": 0.0453026518226,
        "var": 0.00205233041197
    },
    "barkbands": {
        "dmean": [0.000203100236831, 0.00470704725012, 0.00289520365186, 0.00156099291053, 0.00309803988785, 0.00226167403162, 0.00316227553412, 0.00182823534124, 0.000677457777783, 0.000298723229207, 0.00030868803151, 0.000382307043765, 0.000314751348924, 0.000308801041683, 0.000249067408731, 9.78984389803e-05, 6.72384703648e-05, 6.82812969899e-05, 3.14504686685e-05, 3.82512407668e-05, 6.33701201878e-05, 7.70978149376e-05, 0.000108571395685, 0.000232783742831, 0.000124852580484, 0.000102069490822, 6.74435386827e-06],
        "dmean2": [0.00025316583924, 0.00547252688557, 0.00506706908345, 0.0028618501965, 0.00502410158515, 0.00357386190444, 0.00486688129604, 0.00281098042615, 0.00100292218849, 0.000452036358183, 0.000494714651722, 0.000600116909482, 0.000502570823301, 0.000477231311379, 0.000398295494961, 0.000152642693138, 9.42160186241e-05, 0.000104816732346, 4.49563412985e-05, 5.32693593414e-05, 9.77399977273e-05, 0.000120783792227, 0.00016271189088, 0.000359961471986, 0.000186723627849, 0.00014944295981, 1.06634488475e-05],
        "dvar": [2.80903606154e-07, 0.000162885611644, 0.000109971275378, 2.75995826087e-05, 1.72511354322e-05, 1.7476037101e-05, 3.8231995859e-05, 1.51609983732e-05, 1.48481069573e-06, 3.12779661726e-07, 3.96633538458e-07, 5.18804313288e-07, 5.16207819601e-07, 3.60028565183e-07, 3.52867772335e-07, 7.36263316981e-08, 4.22593124938e-08, 4.13709884128e-08, 8.46743475336e-09, 1.01525223783e-08, 4.71257308732e-08, 7.58773381904e-08, 1.71528697024e-07, 9.75618490884e-07, 2.97787863701e-07, 1.3905606977e-07, 2.92471130647e-10],
        "dvar2": [4.8973737421e-07, 0.000235638726735, 0.000296793499729, 8.27065305202e-05, 4.745168917e-05, 3.93464506487e-05, 9.02707470232e-05, 3.52463721356e-05, 2.7955927635e-06, 7.00552334365e-07, 1.03683123598e-06, 1.24214091102e-06, 1.17312174552e-06, 8.05692309314e-07, 9.10680626021e-07, 1.63831117561e-07, 8.86201547701e-08, 9.51555065853e-08, 1.77676877655e-08, 1.92523543774e-08, 1.03924257644e-07, 1.73790439817e-07, 3.79571929443e-07, 2.37087078858e-06, 6.59541399273e-07, 2.60285048626e-07, 6.9942729386e-10],
        "max": [0.00474228430539, 0.135602608323, 0.0765660628676, 0.0508113875985, 0.0404440239072, 0.0522869415581, 0.0676568001509, 0.0459024868906, 0.0187828876078, 0.0061570070684, 0.00683784577996, 0.0131744686514, 0.0112574193627, 0.0074244751595, 0.00710519077256, 0.00375164812431, 0.0033580341842, 0.00321602425538, 0.00133063166868, 0.00132675410714, 0.0029040761292, 0.00533249089494, 0.00637502921745, 0.0120704798028, 0.0115154329687, 0.00923963449895, 0.000201731963898],
        "mean": [0.000274068006547, 0.0104472720996, 0.00419090222567, 0.00144631555304, 0.00677576102316, 0.00459447829053, 0.00610917666927, 0.00333839515224, 0.00144021760207, 0.000479739246657, 0.00047466243268, 0.000666041625664, 0.000516504223924, 0.000451060099294, 0.000370117544662, 0.000138471979881, 8.5946659965e-05, 8.88432332431e-05, 4.14528767578e-05, 5.37676605745e-05, 7.22032418707e-05, 9.32980328798e-05, 0.000135636713821, 0.000265792798018, 0.000149225685163, 0.000117262701679, 6.71949874231e-06],
        "median": [4.21809590989e-06, 0.00463670026511, 0.00243587698787, 0.000410176842706, 0.00485086953267, 0.00187189737335, 0.00174844847061, 0.000836363178678, 0.000572257093154, 0.000215135980397, 0.000175001463504, 0.000286657450488, 0.000105573417386, 0.00014511019981, 7.08772276994e-05, 2.75285183307e-05, 1.72535310412e-05, 2.07559605769e-05, 1.34081465148e-05, 1.64546854649e-05, 7.5074558481e-06, 1.91639828699e-05, 3.67858301615e-05, 4.88171244797e-05, 1.59157752933e-05, 9.71979989117e-06, 9.03058534618e-08],
        "min": [9.38145495128e-24, 3.02141299764e-23, 3.11915538816e-23, 2.31065153085e-23, 6.70126862912e-23, 6.46794061276e-23, 1.34123771936e-22, 9.40699590081e-23, 5.28104100514e-23, 1.13730669929e-22, 6.9777088406e-23, 6.27631620146e-23, 1.57583258324e-22, 1.04405715562e-22, 1.96700510342e-22, 3.02852284321e-22, 1.60723644168e-22, 3.02106943294e-22, 5.33403106407e-22, 2.81787098066e-22, 3.69803881224e-22, 5.37457826216e-22, 6.85419455364e-22, 6.17922597803e-22, 1.07875580207e-21, 1.79043667679e-21, 2.23521952775e-21],
        "stdev": [0.000772688479628, 0.0212690960616, 0.00862188823521, 0.00402976805344, 0.00614218460396, 0.00642495322973, 0.00886086281389, 0.00600069481879, 0.00232199439779, 0.000751625630073, 0.000745208701119, 0.00105244840961, 0.00111073884182, 0.000835906132124, 0.000742987438571, 0.000343118706951, 0.000239201443037, 0.000222814414883, 0.000103211175883, 0.000126205515699, 0.000234262435697, 0.000294134079013, 0.000444232282462, 0.00102273642551, 0.000632493582089, 0.000463683274575, 1.83235570148e-05],
        "var": [5.9704746036e-07, 0.000452374457382, 7.43369528209e-05, 1.62390315381e-05, 3.77264295821e-05, 4.12800254708e-05, 7.85148949944e-05, 3.60083358828e-05, 5.3916583056e-06, 5.64941103676e-07, 5.55336043817e-07, 1.107647563e-06, 1.23374081795e-06, 6.98739086147e-07, 5.52030314793e-07, 1.1773044406e-07, 5.72173277646e-08, 4.9646260436e-08, 1.06525464005e-08, 1.59278314982e-08, 5.4878885436e-08, 8.65148592766e-08, 1.9734231671e-07, 1.04598973394e-06, 4.0004815105e-07, 2.15002188497e-07, 3.35752758929e-10]
    },
    "erbbands": {
        "dmean": [0.173666402698, 1.08416414261, 2.9373664856, 4.31307554245, 7.79650449753, 12.7922344208, 8.02725696564, 25.6747379303, 43.3807487488, 43.7781410217, 32.4216842651, 12.8873310089, 11.1178350449, 11.12616539, 11.2900257111, 13.0118503571, 11.8119401932, 13.4275789261, 14.6979780197, 8.93879699707, 4.5193862915, 3.95344614983, 3.87261414528, 1.85122573376, 1.86751890182, 1.96832275391, 1.9807882309, 3.07734441757, 2.85059356689, 2.28785562515, 3.21357321739, 5.60205173492, 3.11856770515, 1.39763355255, 0.930441081524, 0.534826636314, 0.164778128266, 0.0230445638299, 0.000759641756304, 3.00659266941e-05],
        "dmean2": [0.173779577017, 1.3679176569, 5.04470491409, 7.92591381073, 13.0320167542, 20.9459095001, 12.7008228302, 39.7959671021, 67.4314575195, 66.9447631836, 48.1402053833, 18.9178848267, 16.862165451, 17.5043773651, 17.9126758575, 20.1170978546, 18.1507968903, 20.9300460815, 22.3708648682, 13.9257192612, 6.81569433212, 5.62713336945, 5.95769119263, 2.58635377884, 2.91775727272, 2.77660298347, 2.9321539402, 5.07614850998, 4.49584054947, 3.40920948982, 4.86351633072, 8.71415424347, 4.84038352966, 2.13839888573, 1.4328738451, 0.81730568409, 0.252264738083, 0.0349079370499, 0.00120514491573, 4.25751240982e-05],
        "dvar": [0.201273396611, 9.83236980438, 105.902328491, 264.531494141, 168.556762695, 343.512054443, 217.487442017, 2348.57788086, 7850.85742188, 7195.98974609, 4354.62597656, 563.250732422, 276.577667236, 428.617797852, 550.93963623, 874.941650391, 695.786010742, 1023.17114258, 1012.53204346, 448.298522949, 137.695343018, 142.760681152, 144.898757935, 20.4778938293, 40.4209785461, 28.0816555023, 54.3777618408, 118.431243896, 107.840896606, 51.8668022156, 161.293869019, 562.329406738, 192.007720947, 35.5353050232, 20.936384201, 6.5355591774, 0.206226810813, 0.0043191188015, 3.85796101909e-06, 3.3447435932e-09],
        "dvar2": [0.201661199331, 17.8893489838, 272.549713135, 762.286132812, 487.693939209, 902.872680664, 500.846282959, 5281.9765625, 18982.828125, 16162.9160156, 9211.36523438, 1059.7791748, 636.226806641, 1122.53503418, 1397.36376953, 2049.45556641, 1494.39501953, 2299.2487793, 2476.81152344, 1116.65710449, 290.219909668, 305.349121094, 329.53515625, 33.7915916443, 102.148986816, 53.1428222656, 123.701202393, 274.717437744, 252.920608521, 102.256355286, 359.269287109, 1397.5916748, 462.228942871, 81.6131896973, 46.002620697, 12.3131322861, 0.438865602016, 0.00957168079913, 8.36530125525e-06, 6.39871000629e-09],
        "max": [4.45233297348, 35.3210830688, 81.1177902222, 142.664413452, 126.487113953, 233.000976562, 209.614334106, 570.26348877, 1165.5168457, 972.249816895, 799.570983887, 475.153839111, 148.836380005, 223.580078125, 275.196594238, 625.886901855, 422.06741333, 644.115966797, 394.437774658, 251.913665771, 140.671813965, 199.266036987, 197.991210938, 55.6970977783, 85.9970550537, 59.6916732788, 162.665374756, 120.928153992, 188.990509033, 120.504692078, 193.00239563, 339.253479004, 174.240753174, 123.714111328, 87.8994522095, 58.6701011658, 7.11101484299, 1.4159873724, 0.0314503870904, 0.000967266736552],
        "mean": [0.288440525532, 2.34174919128, 5.49220228195, 4.28409194946, 14.2612113953, 26.424451828, 15.7900533676, 53.0990715027, 87.6133270264, 79.3824920654, 63.228931427, 28.1077613831, 21.7215766907, 18.9486103058, 19.9132461548, 24.6061038971, 22.0146007538, 20.6697502136, 23.8329219818, 14.1080188751, 6.82297945023, 5.19216489792, 5.02983140945, 2.87413787842, 2.17882490158, 2.71924161911, 2.39260149002, 3.38654088974, 3.38101267815, 3.08753347397, 3.90808224678, 6.43670558929, 3.51184034348, 1.66470956802, 1.1079365015, 0.62580370903, 0.189075469971, 0.0260491725057, 0.000867863651365, 7.27731312509e-05],
        "median": [0.0262896493077, 1.30274605751, 3.88324189186, 1.85229241848, 8.76837253571, 17.4191398621, 9.21179389954, 26.5773200989, 38.8287849426, 24.9846839905, 21.0637950897, 12.4676113129, 13.2632522583, 8.97610187531, 9.41169834137, 9.47634410858, 5.21230077744, 7.52505779266, 6.94460535049, 3.34883213043, 1.70810556412, 1.12284481525, 1.09142053127, 0.970905601978, 0.672465384007, 0.744516551495, 0.392254173756, 0.376476943493, 0.643629014492, 0.791844129562, 1.0035289526, 1.61904346943, 0.426312625408, 0.19271607697, 0.0999264344573, 0.0557543821633, 0.0136652812362, 0.00125906278845, 5.16369800607e-05, 4.77688772662e-05],
        "min": [1.15237285711e-21, 5.98468202408e-21, 3.68676240784e-20, 4.7614619553e-20, 1.36122870779e-19, 2.64017905252e-19, 2.63363346894e-19, 6.05427138808e-19, 2.24956317077e-18, 1.32994450438e-18, 2.07418123537e-18, 1.29100911295e-18, 2.55830916159e-18, 3.61939246313e-18, 2.29349287195e-18, 3.6014529836e-18, 5.31963863759e-18, 7.13862410743e-18, 9.02808495188e-18, 1.54377991579e-17, 1.13476127132e-17, 9.71646134892e-18, 1.38682975646e-17, 3.47223091102e-17, 1.41673572705e-17, 1.50623451866e-17, 1.45912377036e-17, 1.46798088949e-17, 2.11366120116e-17, 1.64217619294e-17, 2.15798021489e-17, 9.79925468361e-18, 1.40033422443e-17, 1.17059705156e-17, 7.93067187783e-18, 5.35002801252e-18, 3.52220453142e-18, 1.30394818228e-18, 3.23041894849e-19, 3.28853601209e-20],
        "stdev": [0.783252298832, 4.44186019897, 9.1652173996, 12.5742073059, 16.5180168152, 27.8700656891, 20.3695487976, 74.0337905884, 121.632087708, 129.404678345, 105.496955872, 47.0556259155, 23.9814319611, 24.9492416382, 29.5296535492, 44.6807670593, 45.4129447937, 39.0059356689, 41.9657173157, 27.7476158142, 15.2710514069, 13.8758955002, 13.2901220322, 6.15213060379, 6.03701353073, 6.55931282043, 7.6134428978, 11.3886880875, 10.9534826279, 8.72154903412, 13.431760788, 23.9793109894, 14.3424272537, 6.57490634918, 5.25056934357, 3.05883717537, 0.556994736195, 0.0758324712515, 0.00226654228754, 8.1992984633e-05],
        "var": [0.613484144211, 19.7301235199, 84.0012054443, 158.110687256, 272.84487915, 776.740600586, 414.918518066, 5481.00244141, 14794.3652344, 16745.5722656, 11129.6083984, 2214.23193359, 575.109069824, 622.464660645, 872.000488281, 1996.37084961, 2062.33569336, 1521.46313477, 1761.12145996, 769.930175781, 233.205001831, 192.540466309, 176.627349854, 37.8487091064, 36.4455337524, 43.0245857239, 57.964515686, 129.702224731, 119.978790283, 76.0654144287, 180.412200928, 575.007324219, 205.705215454, 43.2293930054, 27.568479538, 9.35648441315, 0.310243159533, 0.00575056392699, 5.1372139751e-06, 6.72284894421e-09]
    },
    "gfcc": {
        "mean": [-8.18234348297, 119.184875488, -82.3147888184, 8.2525510788, -66.3885803223, 18.3893146515, -46.6137504578, 3.93663334846, -19.0473670959, 3.87631869316, -11.9206676483, -1.65049147606, -15.5761537552],
        "cov": [[5502.39599609, -2312.89282227, 445.323272705, 120.845031738, -599.616333008, 386.634552002, -527.955322266, 320.304901123, -60.7824897766, 497.598052979, -296.854370117, 150.428085327, -306.714599609], [-2312.89282227, 2164.36206055, -474.553710938, -270.894744873, 321.148010254, -307.615386963, 314.750946045, -247.723220825, 104.67780304, -324.535400391, 302.494354248, -131.384475708, 110.175636292], [445.323272705, -474.553710938, 602.389099121, 55.1341056824, 0.0790366381407, 121.413169861, -20.4194755554, 120.271186829, -1.91369974613, 108.360115051, -63.1857032776, 122.723716736, -1.47755801678], [120.845031738, -270.894744873, 55.1341056824, 400.016265869, 26.3404369354, 6.78497409821, -4.34745931625, 63.9828681946, 59.4142494202, 19.891210556, -27.8392906189, 56.3760261536, 97.0559158325], [-599.616333008, 321.148010254, 0.0790366381407, 26.3404369354, 422.448059082, -102.780899048, 89.4517745972, 32.6826477051, 81.631072998, -28.047712326, -31.392873764, 63.7240905762, 117.486572266], [386.634552002, -307.615386963, 121.413169861, 6.78497409821, -102.780899048, 220.709213257, 13.9210920334, 37.1590995789, -18.5796928406, 69.011932373, 0.369239419699, 12.0282068253, -25.6501121521], [-527.955322266, 314.750946045, -20.4194755554, -4.34745931625, 89.4517745972, 13.9210920334, 264.534729004, 1.99581980705, -6.70498657227, -34.3887519836, 77.8706970215, 0.91851323843, 47.8573417664], [320.304901123, -247.723220825, 120.271186829, 63.9828681946, 32.6826477051, 37.1590995789, 1.99581980705, 136.761779785, 25.6047363281, 61.4479904175, -34.9793968201, 50.7597160339, 15.1543016434], [-60.7824897766, 104.67780304, -1.91369974613, 59.4142494202, 81.631072998, -18.5796928406, -6.70498657227, 25.6047363281, 145.711349487, 26.7063941956, -8.77117729187, 7.35529470444, 40.8636779785], [497.598052979, -324.535400391, 108.360115051, 19.891210556, -28.047712326, 69.011932373, -34.3887519836, 61.4479904175, 26.7063941956, 155.594543457, -38.9472427368, 4.2228178978, -24.6639652252], [-296.854370117, 302.494354248, -63.1857032776, -27.8392906189, -31.392873764, 0.369239419699, 77.8706970215, -34.9793968201, -8.77117729187, -38.9472427368, 150.133605957, -4.82184171677, -8.20673084259], [150.428085327, -131.384475708, 122.723716736, 56.3760261536, 63.7240905762, 12.0282068253, 0.91851323843, 50.7597160339, 7.35529470444, 4.2228178978, -4.82184171677, 133.877258301, 33.7520484924], [-306.714599609, 110.175636292, -1.47755801678, 97.0559158325, 117.486572266, -25.6501121521, 47.8573417664, 15.1543016434, 40.8636779785, -24.6639652252, -8.20673084259, 33.7520484924, 124.850791931]],
        "icov": [[0.000493221508805, 7.27847436792e-05, 0.000230403820751, -5.60727057746e-05, 0.00044343227637, -0.000220474277739, 0.000409564556321, -0.000539144035429, 4.47721940873e-05, -0.000856545870192, 0.000463568518171, -0.000795573461801, 0.00070131837856], [7.27847436792e-05, 0.00270742899738, -3.12762349495e-05, 0.00161075172946, -0.00108502840158, 0.0016170280287, -0.00117747392505, 0.00157798023429, -0.00255241361447, 0.00268495525233, -0.0037368379999, 0.00194398546591, -0.00125521863811], [0.000230403820751, -3.12762349495e-05, 0.0027775594499, 1.7451318854e-05, 0.000334534881404, -0.000955534691457, 7.05702768755e-05, -0.00113113876432, 0.000329538423102, -0.00141943700146, 0.00106357655022, -0.00257157883607, 0.00058890436776], [-5.60727057746e-05, 0.00161075172946, 1.7451318854e-05, 0.00463681295514, 0.000330104579916, 0.00119269324932, -0.000629341113381, -2.44128514169e-05, -0.00239662732929, 0.00156163785141, -0.00204896135256, 0.000481062190374, -0.00415672780946], [0.00044343227637, -0.00108502840158, 0.000334534881404, 0.000330104579916, 0.00562603538856, 0.00102534878533, -0.000768915517256, -0.00155406491831, -0.000651953276247, -0.00211570062675, 0.0036767704878, -0.00348906079307, -0.00182562635746], [-0.000220474277739, 0.0016170280287, -0.000955534691457, 0.00119269324932, 0.00102534878533, 0.00785476341844, -0.00222236383706, 0.000850672717206, -0.00129647890572, -0.000224249888561, -0.00251469388604, 0.00109616748523, -0.00159118685406], [0.000409564556321, -0.00117747392505, 7.05702768755e-05, -0.000629341113381, -0.000768915517256, -0.00222236383706, 0.00680735427886, -0.00230775796808, 0.00250473874621, -0.00135766202584, -0.00137276272289, 1.29730942717e-05, -0.000708718551323], [-0.000539144035429, 0.00157798023429, -0.00113113876432, -2.44128514169e-05, -0.00155406491831, 0.000850672717206, -0.00230775796808, 0.0135462228209, -0.00248810020275, -0.000693859881721, -0.0011078834068, -0.000887207395863, -0.000989552936517], [4.47721940873e-05, -0.00255241361447, 0.000329538423102, -0.00239662732929, -0.000651953276247, -0.00129647890572, 0.00250473874621, -0.00248810020275, 0.0116629404947, -0.00488819554448, 0.00227434234694, -0.000772090919781, -0.000506302923895], [-0.000856545870192, 0.00268495525233, -0.00141943700146, 0.00156163785141, -0.00211570062675, -0.000224249888561, -0.00135766202584, -0.000693859881721, -0.00488819554448, 0.0150171266869, -0.00354456738569, 0.00526980636641, -0.000246024515945], [0.000463568518171, -0.0037368379999, 0.00106357655022, -0.00204896135256, 0.0036767704878, -0.00251469388604, -0.00137276272289, -0.0011078834068, 0.00227434234694, -0.00354456738569, 0.0156416259706, -0.00582395726815, 0.00388396182097], [-0.000795573461801, 0.00194398546591, -0.00257157883607, 0.000481062190374, -0.00348906079307, 0.00109616748523, 1.29730942717e-05, -0.000887207395863, -0.000772090919781, 0.00526980636641, -0.00582395726815, 0.0148931723088, -0.00357843609527], [0.00070131837856, -0.00125521863811, 0.00058890436776, -0.00415672780946, -0.00182562635746, -0.00159118685406, -0.000708718551323, -0.000989552936517, -0.000506302923895, -0.000246024515945, 0.00388396182097, -0.00357843609527, 0.0172010585666]]
    },
    "melbands": {
        "dmean": [0.00137500290293, 0.00124380330089, 0.000794858206064, 0.000733207503799, 0.00033306190744, 0.0005461864057, 0.000649338937365, 0.000474355387269, 0.000236334337387, 8.37279148982e-05, 5.77097416681e-05, 4.55088775198e-05, 3.72615140805e-05, 3.88698281313e-05, 3.84112208849e-05, 2.81954817183e-05, 2.52209338214e-05, 2.62786597887e-05, 1.99740134121e-05, 7.57058478484e-06, 5.01337990499e-06, 4.45550858785e-06, 3.60112312592e-06, 3.30464558829e-06, 1.34887091008e-06, 1.19132675991e-06, 1.423169806e-06, 1.3299852526e-06, 1.23549216369e-06, 1.2337196722e-06, 2.09345739677e-06, 1.70390433141e-06, 1.39897792906e-06, 1.32579475576e-06, 1.36662890782e-06, 3.55223664883e-06, 3.41655686498e-06, 2.3725679057e-06, 1.57455303906e-06, 1.14812849006e-06],
        "dmean2": [0.00141933467239, 0.00187390961219, 0.00141533953138, 0.00121423928067, 0.000524826988112, 0.000844229478389, 0.00100627890788, 0.000732115062419, 0.000341662147548, 0.000123334277305, 8.73097014846e-05, 7.08657535142e-05, 5.98448241362e-05, 5.9336925915e-05, 5.83626642765e-05, 4.41796910309e-05, 3.94867711293e-05, 4.01423822041e-05, 3.2436917536e-05, 1.18195557661e-05, 7.46511477701e-06, 6.35973219687e-06, 5.43530632058e-06, 5.06200831296e-06, 1.92760376194e-06, 1.82884684818e-06, 2.18322293222e-06, 1.86062288776e-06, 1.89559887076e-06, 1.86660270174e-06, 3.48988965015e-06, 2.73049136013e-06, 2.15066575038e-06, 1.95773645828e-06, 2.005978331e-06, 5.64797528568e-06, 5.34465107194e-06, 3.71207966054e-06, 2.45914020525e-06, 1.80447989351e-06],
        "dvar": [1.26810409711e-05, 1.47956507135e-05, 6.12346093476e-06, 1.06533366306e-06, 2.68548916438e-07, 9.52986624725e-07, 1.58288196417e-06, 7.95574294443e-07, 2.32689629343e-07, 2.31963284136e-08, 7.45226813592e-09, 6.53552412189e-09, 6.16559070465e-09, 5.05188157973e-09, 8.4865545702e-09, 4.71464645102e-09, 3.28435190156e-09, 3.40452976921e-09, 2.39778152888e-09, 4.53437259962e-10, 1.71386807524e-10, 1.82371534541e-10, 1.51990212083e-10, 1.02986251471e-10, 1.03769944026e-11, 1.51172841606e-11, 1.78316944544e-11, 1.23151922687e-11, 2.70453052315e-11, 1.91886749545e-11, 5.51307194341e-11, 3.65063881902e-11, 3.42171291301e-11, 1.70213166478e-11, 2.87210966815e-11, 2.44991277265e-10, 2.05377839735e-10, 1.23336160729e-10, 4.25559344708e-11, 2.77917029667e-11],
        "dvar2": [1.38362220241e-05, 3.34299766109e-05, 1.76433113666e-05, 3.01902355204e-06, 6.1676422547e-07, 2.14743408833e-06, 3.85379053114e-06, 1.81555003564e-06, 4.73740016105e-07, 4.52646276017e-08, 1.68751217444e-08, 1.65738018865e-08, 1.58455595312e-08, 1.18779048819e-08, 1.8952968972e-08, 1.12169056266e-08, 7.34854799234e-09, 8.17864620473e-09, 6.2692011582e-09, 1.03653541306e-09, 3.6119796043e-10, 3.97891025683e-10, 3.57260943051e-10, 2.37964925542e-10, 1.64736176089e-11, 3.68509563142e-11, 4.25978592677e-11, 2.27881359616e-11, 6.63237173515e-11, 3.78497927445e-11, 1.3643201846e-10, 8.69718394525e-11, 7.83526230008e-11, 3.30718195884e-11, 6.02604979805e-11, 6.24841067776e-10, 5.01503560901e-10, 3.01441399619e-10, 9.95107468649e-11, 6.77179284869e-11],
        "max": [0.0370247103274, 0.0378349535167, 0.0222499147058, 0.0109642585739, 0.00619998015463, 0.0123318955302, 0.015723163262, 0.00953847076744, 0.0074724201113, 0.00317073683254, 0.000775112072006, 0.000823919544928, 0.000829218828585, 0.000907483801711, 0.00131044536829, 0.00138432648964, 0.00104497233406, 0.000724435376469, 0.000506649783347, 0.000305645196931, 0.000147974482388, 0.000164841418155, 0.000268770236289, 0.000186294011655, 4.35044785263e-05, 5.74878758925e-05, 4.81862080051e-05, 4.25861653639e-05, 0.000122121346067, 7.31741238269e-05, 7.95500163804e-05, 7.66110024415e-05, 0.000156004316523, 6.29635324003e-05, 0.000100369361462, 0.000209493839066, 0.000204140538699, 0.000153824090376, 9.4930495834e-05, 0.000117496354505],
        "mean": [0.00270321103744, 0.00287327636033, 0.00103115639649, 0.00154439476319, 0.000680612865835, 0.00116423412692, 0.0012954226695, 0.000862025073729, 0.000458201597212, 0.000173829103005, 0.000107990919787, 7.64030555729e-05, 6.17745536147e-05, 7.03367113601e-05, 7.06860737409e-05, 4.24422360084e-05, 3.74111696146e-05, 4.10089705838e-05, 2.86983104161e-05, 1.11425079012e-05, 7.13975305189e-06, 5.52618303118e-06, 4.5294004849e-06, 4.1346506805e-06, 2.1198916329e-06, 1.42509657053e-06, 1.70126213561e-06, 1.81212215011e-06, 1.42873147979e-06, 1.52154734678e-06, 2.14410920307e-06, 2.00035538001e-06, 1.6523283648e-06, 1.75600689545e-06, 1.68560529801e-06, 3.89389015254e-06, 3.91709090763e-06, 2.60407568931e-06, 1.78488858182e-06, 1.27697956032e-06],
        "median": [0.000731107022148, 0.00206621456891, 0.000545442453586, 0.00106412754394, 0.000425581121817, 0.000720187090337, 0.000602474436164, 0.000186212462722, 0.000117202755064, 7.15148926247e-05, 6.47005290375e-05, 3.63451072189e-05, 2.92252025247e-05, 3.18367710861e-05, 8.44049554871e-06, 1.03412003227e-05, 1.14130907605e-05, 1.11740355351e-05, 6.05626519246e-06, 2.02612159228e-06, 1.57320710059e-06, 1.08239885321e-06, 8.20443915472e-07, 9.97567781269e-07, 6.73614181324e-07, 4.31569958437e-07, 4.78007223137e-07, 4.56037298591e-07, 2.30946383795e-07, 1.25441232512e-07, 2.48649200785e-07, 3.42616516491e-07, 3.46049944255e-07, 4.15999181769e-07, 3.92299511986e-07, 1.00066984032e-06, 8.62113040512e-07, 2.55989164089e-07, 1.55470218033e-07, 1.44609998642e-07],
        "min": [9.33386533945e-24, 1.46213459739e-23, 1.13361852212e-23, 1.45869831929e-23, 9.68984197837e-24, 1.61279188416e-23, 3.19528551422e-23, 1.47872039793e-23, 1.73390585671e-23, 6.99212622027e-24, 1.31078682068e-23, 1.53194626315e-23, 8.26561356742e-24, 6.34852773986e-24, 1.29252177193e-23, 1.47257958909e-23, 1.18020020637e-23, 1.31546823683e-23, 1.47141365268e-23, 2.6483701419e-23, 9.95354319063e-24, 1.07916463713e-23, 7.20065844512e-24, 1.65660206339e-23, 3.02711267546e-23, 1.49216590097e-23, 6.5725066501e-24, 1.02909926423e-23, 7.99015911654e-24, 1.0612279123e-23, 8.08474827224e-24, 1.20970983623e-23, 9.91495290401e-24, 8.78362539172e-24, 1.45801926782e-23, 7.94396578851e-24, 4.7010615535e-24, 8.98103388895e-24, 1.10165742812e-23, 9.37623111436e-24],
        "stdev": [0.00632778648287, 0.0043997191824, 0.00202405219898, 0.00149072078057, 0.000754956738092, 0.00148427975364, 0.00170336279552, 0.00137270358391, 0.000800068199169, 0.000294818251859, 0.0001234147785, 0.000100832279713, 9.41878533922e-05, 0.000101629513665, 0.000171235602465, 8.39922577143e-05, 7.23273406038e-05, 7.78634130256e-05, 6.00762286922e-05, 2.74524791166e-05, 1.67576054082e-05, 1.52588527271e-05, 1.35614372994e-05, 1.07912283056e-05, 4.51354890174e-06, 3.82542066291e-06, 4.39041605205e-06, 4.41269503426e-06, 4.94042524224e-06, 5.06692185809e-06, 7.380572697e-06, 6.33321133137e-06, 6.05634750173e-06, 5.14915700478e-06, 5.87342537983e-06, 1.48541512317e-05, 1.47814653246e-05, 1.12111692943e-05, 7.06398577677e-06, 5.41632334716e-06],
        "var": [4.00408789574e-05, 1.93575306184e-05, 4.09678750657e-06, 2.22224844038e-06, 5.69959638597e-07, 2.2030862965e-06, 2.90144498649e-06, 1.88431499737e-06, 6.40109078631e-07, 8.69177938512e-08, 1.52312082946e-08, 1.01671489006e-08, 8.87135165328e-09, 1.03285575648e-08, 2.93216331215e-08, 7.05469993534e-09, 5.23124388252e-09, 6.06271122194e-09, 3.60915319852e-09, 7.53638595974e-10, 2.80817341602e-10, 2.328326143e-10, 1.8391257961e-10, 1.16450599164e-10, 2.03721241265e-11, 1.46338444834e-11, 1.92757546036e-11, 1.94718755009e-11, 2.44078021683e-11, 2.56736958082e-11, 5.44728533114e-11, 4.01095649749e-11, 3.66793470596e-11, 2.65138189182e-11, 3.44971273769e-11, 2.20645821059e-10, 2.18491724713e-10, 1.25690319264e-10, 4.98998932452e-11, 2.93365609583e-11]
    },
    "melbands128": {
