{
"lowlevel": {
    "average_loudness": 0.967760443687,
    "barkbands_crest": {
        "dmean": 2.77280211449,
        "dmean2": 4.36507558823,
        "dvar": 6.58559036255,
        "dvar2": 15.0573663712,
        "max": 25.1028633118,
        "mean": 11.7612724304,
        "median": 11.027009964,
        "min": 4.0655503273,
        "stdev": 4.36487197876,
        "var": 19.0521068573
    },
    "barkbands_flatness_db": {
        "dmean": 0.0290854610503,
        "dmean2": 0.0432910621166,
        "dvar": 0.000851064629387,
        "dvar2": 0.0016868696548,
        "max": 0.574386835098,
        "mean": 0.282758891582,
        "median": 0.270192950964,
        "min": 0.0642740502954,
        "stdev": 0.102644555271,
        "var": 0.0105359042063
    },
    "barkbands_kurtosis": {
        "dmean": 5.02216672897,
        "dmean2": 7.56228065491,
        "dvar": 57.3721084595,
        "dvar2": 124.052963257,
        "max": 85.4979629517,
        "mean": 8.94599437714,
        "median": 4.68477296829,
        "min": -1.52754867077,
        "stdev": 11.3802547455,
        "var": 129.510192871
    },
    "barkbands_skewness": {
        "dmean": 0.659997165203,
        "dmean2": 0.964702486992,
        "dvar": 0.465834259987,
        "dvar2": 0.911584496498,
        "max": 8.24074649811,
        "mean": 1.9566642046,
        "median": 1.65709650517,
        "min": -1.75862586498,
        "stdev": 1.41475963593,
        "var": 2.00154471397
    },
    "barkbands_spread": {
        "dmean": 1.84735453129,
        "dmean2": 2.75798869133,
        "dvar": 4.06096315384,
        "dvar2": 8.48353290558,
        "max": 27.7475452423,
        "mean": 6.89461803436,
        "median": 5.84153795242,
        "min": 0.544300794601,
        "stdev": 4.74924516678,
        "var": 22.5553283691
    },
    "dissonance": {
        "dmean": 0.0382344201207,
        "dmean2": 0.0645340904593,
        "dvar": 0.00132054288406,
        "dvar2": 0.00341176241636,
        "max": 0.498861819506,
        "mean": 0.418866097927,
        "median": 0.427628815174,
        "min": 0.081228390336,
        "stdev": 0.0494248233736,
        "var": 0.00244281324558
    },
    "dynamic_complexity": 1.96169245243,
    "erbbands_crest": {
        "dmean": 2.68482041359,
        "dmean2": 4.21076345444,
        "dvar": 6.03419160843,
        "dvar2": 13.6734514236,
        "max": 27.1493377686,
        "mean": 11.6718673706,
        "median": 10.8526153564,
        "min": 2.95727324486,
        "stdev": 4.15445327759,
        "var": 17.2594814301
    },
    "erbbands_flatness_db": {
        "dmean": 0.0170635450631,
        "dmean2": 0.0246080011129,
        "dvar": 0.000278600607999,
        "dvar2": 0.000559017178603,
        "max": 0.483931154013,
        "mean": 0.240353748202,
        "median": 0.222258016467,
        "min": 0.066316306591,
        "stdev": 0.0693144649267,
        "var": 0.00480449479073
    },
    "erbbands_kurtosis": {
        "dmean": 1.3622276783,
        "dmean2": 2.1085255146,
        "dvar": 2.38712263107,
        "dvar2": 5.27304983139,
        "max": 17.268327713,
        "mean": 2.20797848701,
        "median": 1.67756652832,
        "min": -1.61249732971,
        "stdev": 2.43715262413,
        "var": 5.93971347809
    },
    "erbbands_skewness": {
        "dmean": 0.367536753416,
        "dmean2": 0.537948489189,
        "dvar": 0.117080241442,
        "dvar2": 0.233406752348,
        "max": 3.33307552338,
        "mean": 0.792723953724,
        "median": 0.848830103874,
        "min": -3.30213117599,
        "stdev": 0.757958054543,
        "var": 0.574500441551
    },
    "erbbands_spread": {
        "dmean": 3.95786976814,
        "dmean2": 5.84936141968,
        "dvar": 22.3872299194,
        "dvar2": 46.4194030762,
        "max": 105.750183105,
        "mean": 18.8433914185,
        "median": 16.3117961884,
        "min": 2.01584362984,
        "stdev": 11.083978653,
        "var": 122.85459137
    },
    "hfc": {
        "dmean": 4.14239120483,
        "dmean2": 6.05104637146,
        "dvar": 29.4523773193,
        "dvar2": 59.6623497009,
        "max": 62.0531349182,
        "mean": 14.6194353104,
        "median": 12.3218488693,
        "min": 1.19156651023e-16,
        "stdev": 10.0581302643,
        "var": 101.165977478
    },
    "loudness_ebu128": {
        "integrated": -11.4275398254,
        "loudness_range": 1.79877090454,
        "momentary": {
            "dmean": 0.741631031036,
            "dmean2": 0.970282912254,
            "dvar": 0.495312660933,
            "dvar2": 0.621765971184,
            "max": -8.42479896545,
            "mean": -11.6780529022,
            "median": -11.5757246017,
            "min": -15.7506284714,
            "stdev": 1.51686537266,
            "var": 2.30088043213
        },
        "short_term": {
            "dmean": 0.0971357300878,
            "dmean2": 0.133807212114,
            "dvar": 0.00655071251094,
            "dvar2": 0.0126894935966,
            "max": -10.1391296387,
            "mean": -11.4434089661,
            "median": -11.4374876022,
            "min": -12.4983034134,
            "stdev": 0.574617862701,
            "var": 0.330185711384
        }
    },
    "melbands_crest": {
        "dmean": 3.95705008507,
        "dmean2": 6.31431484222,
        "dvar": 11.8559331894,
        "dvar2": 26.3164100647,
        "max": 35.4264793396,
        "mean": 17.5112743378,
        "median": 16.1379241943,
        "min": 1.79303431511,
        "stdev": 7.03130865097,
        "var": 49.4393005371
    },
    "melbands_flatness_db": {
        "dmean": 0.0335618704557,
        "dmean2": 0.0483683981001,
        "dvar": 0.00114658114035,
        "dvar2": 0.00211029266939,
        "max": 0.719356238842,
        "mean": 0.387996584177,
        "median": 0.376613885164,
        "min": 0.00649525411427,
        "stdev": 0.121577806771,
        "var": 0.0147811630741
    },
    "melbands_kurtosis": {
        "dmean": 7.16533613205,
        "dmean2": 10.7364959717,
        "dvar": 132.868408203,
        "dvar2": 285.583679199,
        "max": 134.451660156,
        "mean": 13.9343729019,
        "median": 7.05182170868,
        "min": -1.71240329742,
        "stdev": 17.9238510132,
        "var": 321.264465332
    },
    "melbands_skewness": {
        "dmean": 0.721451044083,
        "dmean2": 1.04879903793,
        "dvar": 0.574712455273,
        "dvar2": 1.10055029392,
        "max": 9.13164997101,
        "mean": 2.44351506233,
        "median": 2.04964494705,
        "min": -0.620354413986,
        "stdev": 1.61455440521,
        "var": 2.60678601265
    },
    "melbands_spread": {
        "dmean": 2.25677275658,
        "dmean2": 3.2538921833,
        "dvar": 14.4492168427,
        "dvar2": 18.2786216736,
        "max": 122.254600525,
        "mean": 7.99075841904,
        "median": 6.23862075806,
        "min": 0.590117275715,
        "stdev": 6.86587762833,
        "var": 47.1402778625
    },
    "pitch_salience": {
        "dmean": 0.0822890102863,
        "dmean2": 0.128243625164,
        "dvar": 0.00535859446973,
        "dvar2": 0.0121982535347,
        "max": 0.806569755077,
        "mean": 0.494328677654,
        "median": 0.514116764069,
        "min": 0.128467291594,
        "stdev": 0.137013420463,
        "var": 0.0187726784497
    },
    "silence_rate_20dB": {
        "dmean": 0.0170278642327,
        "dmean2": 0.0340821072459,
        "dvar": 0.0167378950864,
        "dvar2": 0.0422160252929,
        "max": 1,
        "mean": 0.987625658512,
        "median": 1,
        "min": 0,
        "stdev": 0.110549807549,
        "var": 0.0122212599963
    },
    "silence_rate_30dB": {
        "dmean": 0.113003097475,
        "dmean2": 0.22540666163,
        "dvar": 0.100234746933,
        "dvar2": 0.193190529943,
        "max": 1,
        "mean": 0.702242851257,
        "median": 1,
        "min": 0,
        "stdev": 0.457271248102,
        "var": 0.209096997976
    },
    "silence_rate_60dB": {
        "dmean": 0.00232198135927,
        "dmean2": 0.00464755995199,
        "dvar": 0.0023166006431,
        "dvar2": 0.0046259011142,
        "max": 1,
        "mean": 0.00309358071536,
        "median": 0,
        "min": 0,
        "stdev": 0.0555335693061,
        "var": 0.0030839771498
    },
    "spectral_centroid": {
        "dmean": 95.1784515381,
        "dmean2": 138.678222656,
        "dvar": 94779.3359375,
        "dvar2": 102477.828125,
        "max": 11395.3818359,
        "mean": 508.387420654,
        "median": 431.19039917,
        "min": 148.113876343,
        "stdev": 386.664672852,
        "var": 149509.5625
    },
    "spectral_complexity": {
        "dmean": 1.66021668911,
        "dmean2": 2.75367927551,
        "dvar": 2.07108712196,
        "dvar2": 4.92613983154,
        "max": 23,
        "mean": 11.6040220261,
        "median": 11,
        "min": 0,
        "stdev": 3.42020440102,
        "var": 11.6977977753
    },
    "spectral_decrease": {
        "dmean": 9.69546309904e-09,
        "dmean2": 1.40421461126e-08,
        "dvar": 2.0440972307e-16,
        "dvar2": 4.00999770321e-16,
        "max": -4.95829641032e-29,
        "mean": -2.26626735156e-08,
        "median": -1.23285213149e-08,
        "min": -1.39541000976e-07,
        "stdev": 2.31294841058e-08,
        "var": 5.34973039294e-16
    },
    "spectral_energy": {
        "dmean": 0.0368805415928,
        "dmean2": 0.0534238815308,
        "dvar": 0.00295113446191,
        "dvar2": 0.0057873306796,
        "max": 0.531689107418,
        "mean": 0.0868601575494,
        "median": 0.0477278642356,
        "min": 1.09949969854e-20,
        "stdev": 0.0878556445241,
        "var": 0.00771861430258
    },
    "spectral_energyband_high": {
        "dmean": 2.77409308183e-05,
        "dmean2": 3.85955208912e-05,
        "dvar": 5.8996656449e-09,
        "dvar2": 1.18476304323e-08,
        "max": 0.00163732690271,
        "mean": 8.11801364762e-05,
        "median": 2.2831844035e-05,
        "min": 8.03477202801e-21,
        "stdev": 0.000151282525621,
        "var": 2.28864021068e-08
    },
    "spectral_energyband_low": {
        "dmean": 0.0298743471503,
        "dmean2": 0.0425094850361,
        "dvar": 0.00244953646325,
        "dvar2": 0.00466708280146,
        "max": 0.501776278019,
        "mean": 0.0540439151227,
        "median": 0.0144754843786,
        "min": 4.69190264173e-23,
        "stdev": 0.076421327889,
        "var": 0.00584021909162
    },
    "spectral_energyband_middle_high": {
        "dmean": 0.000929978501517,
        "dmean2": 0.00124108314048,
        "dvar": 3.49594779436e-06,
        "dvar2": 5.98481710767e-06,
        "max": 0.0339248627424,
        "mean": 0.00287022674456,
        "median": 0.00125306996051,
        "min": 1.71523897169e-21,
        "stdev": 0.00416247081012,
        "var": 1.73261632881e-05
    },
    "spectral_energyband_middle_low": {
        "dmean": 0.00972966942936,
        "dmean2": 0.0153056494892,
        "dvar": 0.000239366854657,
        "dvar2": 0.000609160924796,
        "max": 0.212958067656,
        "mean": 0.0224043950438,
        "median": 0.0179811306298,
        "min": 2.35644793562e-22,
        "stdev": 0.0179075691849,
        "var": 0.000320681021549
    },
    "spectral_entropy": {
        "dmean": 0.197786986828,
        "dmean2": 0.296487599611,
        "dvar": 0.0392780229449,
        "dvar2": 0.0783876627684,
        "max": 9.78010654449,
        "mean": 6.36790561676,
        "median": 6.44484758377,
        "min": 4.92546749115,
        "stdev": 0.593086957932,
        "var": 0.35175216198
    },
    "spectral_flux": {
        "dmean": 0.0583295896649,
        "dmean2": 0.0922711119056,
        "dvar": 0.00524488883093,
        "dvar2": 0.0104831736535,
        "max": 0.590499937534,
        "mean": 0.136924311519,
        "median": 0.101492337883,
        "min": 1.04857032779e-10,
        "stdev": 0.103804305196,
        "var": 0.0107753342018
    },
    "spectral_kurtosis": {
        "dmean": 13.4173870087,
        "dmean2": 21.958032608,
        "dvar": 507.566711426,
        "dvar2": 1334.24145508,
        "max": 243.173782349,
        "mean": 36.56798172,
        "median": 15.7817249298,
        "min": -1.20159888268,
        "stdev": 46.440284729,
        "var": 2156.70019531
    },
    "spectral_rms": {
        "dmean": 0.0017927106237,
        "dmean2": 0.00257918308489,
        "dvar": 4.9107693485e-06,
        "dvar2": 8.96803612704e-06,
        "max": 0.0227754488587,
        "mean": 0.0081925727427,
        "median": 0.00682376511395,
        "min": 3.27518350982e-12,
        "stdev": 0.00419802218676,
        "var": 1.76233897946e-05
    },
    "spectral_rolloff": {
        "dmean": 112.698905945,
        "dmean2": 176.351791382,
        "dvar": 269207.5,
        "dvar2": 277931.4375,
        "max": 18712.3535156,
        "mean": 452.397125244,
        "median": 366.064453125,
        "min": 21.533203125,
        "stdev": 598.343078613,
        "var": 358014.4375
    },
    "spectral_skewness": {
        "dmean": 0.787967681885,
        "dmean2": 1.28544998169,
        "dvar": 1.0897705555,
        "dvar2": 2.96952104568,
        "max": 12.1433496475,
        "mean": 3.99151992798,
        "median": 3.13449287415,
        "min": -0.0128265954554,
        "stdev": 2.31153345108,
        "var": 5.34318685532
    },
    "spectral_spread": {
        "dmean": 395749.4375,
        "dmean2": 624258.375,
        "dvar": 1.01083152384e+12,
        "dvar2": 1.72219301888e+12,
        "max": 40747572,
        "mean": 2609481.75,
        "median": 2539623,
        "min": 247993.046875,
        "stdev": 2006013.5,
        "var": 4.02408996864e+12
    },
    "spectral_strongpeak": {
        "dmean": 0.431661397219,
        "dmean2": 0.722070753574,
        "dvar": 0.383546113968,
        "dvar2": 0.85563480854,
        "max": 6.15845346451,
        "mean": 0.726631402969,
        "median": 0.529818832874,
        "min": 0,
        "stdev": 0.881079792976,
        "var": 0.776301562786
    },
    "zerocrossingrate": {
        "dmean": 0.00437336741015,
        "dmean2": 0.00506814010441,
        "dvar": 0.000194149426534,
        "dvar2": 0.000208061203011,
        "max": 0.48486328125,
        "mean": 0.0198148526251,
        "median": 0.01611328125,
        "min": 0.00146484375,
        "stdev": 0.0179846156389,
        "var": 0.000323446380207
    },
    "barkbands": {
        "dmean": [0.0128370011225, 0.0231287814677, 0.00905152596533, 0.00461830850691, 0.00430154707283, 0.00201079342514, 0.000711279688403, 0.000942253391258, 0.000550065771677, 0.000486997130793, 0.000291023170575, 0.000153997243615, 0.000179615686648, 0.000129024818307, 8.75352125149e-05, 3.95154638682e-05, 3.42412786267e-05, 3.12773699989e-05, 3.73473012587e-05, 1.5384359358e-05, 7.01361022948e-06, 6.20218588665e-06, 9.53758262767e-06, 4.49133813163e-06, 3.14344651997e-06, 1.49224433699e-06, 1.74195719183e-07],
        "dmean2": [0.0210222378373, 0.0345296747983, 0.0155373634771, 0.00775212282315, 0.00682591460645, 0.00309659470804, 0.00116363330744, 0.0013968932908, 0.000787897850387, 0.000699194672052, 0.000400362740038, 0.000216956497752, 0.000271958066151, 0.00017892527103, 0.000130417975015, 5.74279110879e-05, 5.00195274071e-05, 4.9088459491e-05, 5.61185333936e-05, 2.3470929591e-05, 1.05049766717e-05, 9.12673112907e-06, 1.39168851092e-05, 6.23244386588e-06, 4.49874642072e-06, 2.37229005506e-06, 2.81832825522e-07],
        "dvar": [0.000555059232283, 0.00222638784908, 0.000501684029587, 0.000115553346404, 6.43450766802e-05, 9.64992341324e-06, 1.82818860139e-06, 1.75825289261e-06, 3.17697708851e-06, 2.27474356507e-06, 1.05912045001e-06, 1.77180311312e-07, 4.51661264833e-07, 2.28488630682e-07, 6.97517279491e-08, 2.37834267836e-08, 1.68862719363e-08, 1.0393163663e-08, 1.22827108484e-08, 1.2036689423e-09, 7.53112572305e-10, 3.86235377015e-10, 8.55044979264e-10, 2.97414037842e-10, 1.65632590976e-10, 3.77539145779e-11, 2.81096408086e-13],
        "dvar2": [0.00156178395264, 0.00468474579975, 0.00138260331005, 0.000321089435602, 0.000156119043822, 2.29754950851e-05, 4.31327316619e-06, 3.4813883758e-06, 5.69914391235e-06, 3.71360260942e-06, 2.28812814385e-06, 2.55863540133e-07, 9.50613355144e-07, 3.77386754735e-07, 1.46072594021e-07, 4.56903244128e-08, 3.26973719211e-08, 2.59542929371e-08, 2.70360356325e-08, 2.72170397331e-09, 1.57203794426e-09, 8.14086020817e-10, 1.8676862279e-09, 5.98561256115e-10, 3.02370212202e-10, 8.89372048229e-11, 6.98929249979e-13],
        "max": [0.20518912375, 0.452778220177, 0.188213840127, 0.178577288985, 0.117294609547, 0.0393440909684, 0.0201713591814, 0.0234108716249, 0.030444489792, 0.0339057855308, 0.02310988307, 0.0113123897463, 0.0121948085725, 0.0120676467195, 0.00456235744059, 0.00353542366065, 0.00354099296965, 0.00236590835266, 0.00220181047916, 0.000533140031621, 0.000977089162916, 0.000320576451486, 0.000601303763688, 0.000433385837823, 0.000408848427469, 0.000123076140881, 8.29063355923e-06],
        "mean": [0.0175107829273, 0.035193502903, 0.00898065045476, 0.00580036826432, 0.00692497938871, 0.00366643373854, 0.00160725519527, 0.0029659345746, 0.00116217078175, 0.000913687923457, 0.000614168704487, 0.000445858313469, 0.000297132442938, 0.000255175371422, 0.000152947963215, 7.60267357691e-05, 7.0041656727e-05, 5.00559290231e-05, 7.48500679038e-05, 2.99291150441e-05, 1.42759863593e-05, 1.18661955639e-05, 2.09390036616e-05, 1.01072746475e-05, 7.40846053304e-06, 3.43418901139e-06, 2.56977529034e-07],
        "median": [0.00255696568638, 0.00687739159912, 0.00175045244396, 0.00187677482609, 0.00417903624475, 0.00231418758631, 0.000598252634518, 0.00181574630551, 0.000233678205404, 0.000301462510834, 0.000111863409984, 7.20557000022e-05, 5.34071150469e-05, 2.84750403807e-05, 3.16532969009e-05, 1.36187691169e-05, 8.06206571724e-06, 1.04150076368e-05, 9.18090790947e-06, 8.50407923281e-06, 2.1198104605e-06, 1.56522105499e-06, 3.637908776e-06, 2.04204366128e-06, 1.36441838094e-06, 7.00794430486e-07, 1.95354203925e-08],
        "min": [9.20414820764e-24, 1.98540796616e-23, 1.91126387631e-23, 1.48468008429e-23, 3.28088007788e-23, 4.39825579619e-23, 4.64822641108e-24, 5.20966865697e-23, 6.28866913214e-23, 1.2373124264e-22, 6.50424588488e-23, 1.54477430898e-22, 8.27964235422e-23, 8.03228271116e-23, 1.82735349913e-22, 1.52573676031e-22, 1.15599273154e-22, 3.79636066842e-22, 2.48874735628e-22, 2.53073419397e-22, 5.32831188561e-22, 6.0651756238e-22, 8.31769687807e-22, 1.04610852214e-21, 1.11146154607e-21, 1.61648428962e-21, 2.43250715256e-21],
        "stdev": [0.0307286307216, 0.0610392093658, 0.0199942812324, 0.0102854492143, 0.00873016286641, 0.0040637194179, 0.00270200148225, 0.00341153820045, 0.00327869364992, 0.00219777808525, 0.00176143401768, 0.00140738149639, 0.000932885392103, 0.00102870480623, 0.000406037695939, 0.000251644058153, 0.000229947298067, 0.000117715782835, 0.0002137079573, 5.34073769813e-05, 4.80437302031e-05, 3.01013224089e-05, 4.84743031848e-05, 3.05489811581e-05, 2.5748178814e-05, 1.00136539913e-05, 6.99400061421e-07],
        "var": [0.000944248691667, 0.00372578529641, 0.000399771262892, 0.000105790466478, 7.6215750596e-05, 1.65138153534e-05, 7.30081183065e-06, 1.16385936053e-05, 1.07498326543e-05, 4.83022859044e-06, 3.10264977088e-06, 1.98072257263e-06, 8.70275130183e-07, 1.05823369267e-06, 1.64866605701e-07, 6.33247267956e-08, 5.28757624352e-08, 1.3857005321e-08, 4.5671090021e-08, 2.85234791342e-09, 2.30820007552e-09, 9.06089647756e-10, 2.34975794378e-09, 9.33240262846e-10, 6.62968735465e-10, 1.00273261916e-10, 4.89160469942e-13]
    },
    "erbbands": {
        "dmean": [0.973480701447, 4.74065589905, 9.72613048553, 12.824640274, 14.2021770477, 17.5803909302, 15.007396698, 19.8541164398, 8.95973587036, 12.8373689651, 19.2977313995, 15.3204488754, 14.8754749298, 10.3872213364, 10.6621198654, 6.81323766708, 6.8382358551, 8.41499614716, 5.45706892014, 2.22797489166, 1.70288836956, 1.39430356026, 1.82237064838, 1.69834077358, 1.60232007504, 0.665138721466, 0.311792105436, 0.271440058947, 0.236168310046, 0.257136911154, 0.253313571215, 0.120273508132, 0.0683361291885, 0.0388412177563, 0.0219391118735, 0.00735141010955, 0.00283356616274, 0.00054813339375, 2.93032280752e-05, 4.00142598664e-05],
        "dmean2": [1.4113587141, 7.32470083237, 16.2840251923, 22.2730674744, 22.3242378235, 28.0703029633, 25.3553657532, 28.545501709, 14.1901903152, 20.2945346832, 27.9105224609, 21.2535667419, 21.3506908417, 14.7943344116, 15.2704210281, 9.41416931152, 9.87183570862, 11.3120536804, 7.89445018768, 3.21574687958, 2.43822169304, 1.93890798092, 2.8351328373, 2.46421480179, 2.30476641655, 1.00498127937, 0.478425383568, 0.385392725468, 0.337897241116, 0.370996654034, 0.374172925949, 0.172839701176, 0.0925526842475, 0.0567667968571, 0.0307966899127, 0.0116173047572, 0.00460491189733, 0.000867317663506, 4.52743370261e-05, 5.79380975978e-05],
        "dvar": [3.08034539223, 128.257263184, 517.863830566, 1063.85009766, 557.111816406, 1490.45715332, 510.749908447, 1242.06787109, 295.315795898, 254.980148315, 1260.00439453, 2501.50146484, 1903.40136719, 559.113464355, 1804.80480957, 369.309417725, 593.46862793, 717.066345215, 311.748931885, 37.1132316589, 37.3685302734, 19.068447113, 44.682636261, 33.3436164856, 22.1081790924, 2.26913285255, 0.85646212101, 1.3790769577, 0.637014865875, 0.568093657494, 0.62589007616, 0.179962813854, 0.0738960579038, 0.0299194138497, 0.0061885449104, 0.000789033074398, 0.000140771313454, 3.75894228455e-06, 3.86122067653e-09, 3.46010420316e-09],
        "dvar2": [6.07985925674, 306.193969727, 1352.19494629, 2994.13330078, 1361.74536133, 3687.72973633, 1329.21118164, 2833.06835938, 670.934326172, 536.106994629, 2353.75585938, 4402.25927734, 3186.4284668, 887.16583252, 4071.73071289, 465.810211182, 1259.05505371, 1152.84106445, 711.387145996, 72.3135070801, 67.9630661011, 34.5038223267, 114.867378235, 72.2543258667, 41.0327644348, 5.29095983505, 2.05279970169, 2.29802203178, 1.2723249197, 1.27444207668, 1.37751102448, 0.40021315217, 0.138692930341, 0.062665745616, 0.00962719507515, 0.00185223016888, 0.000336314929882, 8.67305698193e-06, 8.82446560269e-09, 6.80519152141e-09],
        "max": [17.093038559, 114.941520691, 196.580490112, 475.78012085, 258.956207275, 552.811950684, 304.942443848, 452.735107422, 265.270355225, 256.014068604, 591.527526855, 969.207580566, 879.678161621, 605.329223633, 868.431091309, 583.320068359, 492.61114502, 634.479492188, 296.370727539, 155.210098267, 229.312637329, 97.7244567871, 165.851013184, 158.055374146, 109.223754883, 20.428483963, 17.8652114868, 45.415851593, 13.5770339966, 14.6155996323, 14.8268451691, 10.0925979614, 6.74420833588, 4.76942968369, 2.89698457718, 0.712181389332, 0.210389435291, 0.0325731597841, 0.00121723604389, 0.000577161146794],
        "mean": [1.52281963825, 5.98219394684, 10.6494216919, 14.0749635696, 22.3760929108, 25.2157726288, 24.8270721436, 35.0531349182, 19.7638053894, 41.1555290222, 59.6148300171, 34.6135635376, 27.5547561646, 25.3275337219, 24.3518657684, 20.3372516632, 13.4533548355, 17.7988891602, 9.95730495453, 4.59418821335, 3.73903918266, 3.18845772743, 3.13678908348, 3.37723398209, 3.44199419022, 1.40930771828, 0.642532885075, 0.582246184349, 0.465684086084, 0.525556147099, 0.553190648556, 0.26981279254, 0.153929159045, 0.088275372982, 0.0499596893787, 0.0171395912766, 0.0060077290982, 0.00108847336378, 6.92557514412e-05, 9.58378732321e-05],
        "median": [0.28725835681, 1.19216549397, 2.60693001747, 5.74963569641, 9.79015445709, 12.1925907135, 16.4681339264, 19.0127658844, 8.95247650146, 29.8645610809, 26.9148693085, 9.48560810089, 9.41773605347, 9.64958190918, 3.91041517258, 3.59166097641, 2.61723423004, 2.43170046806, 2.25456666946, 1.1886575222, 0.658221662045, 0.461779862642, 0.636056005955, 0.522600531578, 0.593785345554, 0.417477220297, 0.14729039371, 0.0775878801942, 0.0595932044089, 0.0829893425107, 0.0964305624366, 0.064339324832, 0.0237810648978, 0.0128471199423, 0.00953557994217, 0.00387423764914, 0.00109321193304, 0.000146947335452, 4.48201644758e-05, 5.38586136827e-05],
        "min": [2.7262432088e-22, 5.56854474469e-21, 1.82353306975e-20, 3.62141158516e-20, 9.30078003346e-20, 9.46005689158e-20, 4.00761432909e-19, 2.07834376331e-19, 6.91546321173e-20, 7.57161789953e-19, 8.12944265524e-19, 1.33783291229e-18, 3.03395724575e-18, 3.75097580548e-18, 3.20594712026e-18, 6.53093049375e-18, 3.66390181112e-18, 4.58311784735e-18, 6.88891275616e-18, 1.09608801343e-17, 6.7891456753e-18, 8.29588287162e-18, 2.0550006954e-17, 1.12526912564e-17, 1.39656608586e-17, 1.18309343451e-17, 2.17899225681e-17, 2.00591662504e-17, 1.93786894282e-17, 2.25065455287e-17, 2.39156890612e-17, 2.22546111296e-17, 1.71220464185e-17, 1.14725509001e-17, 8.58934918216e-18, 5.15734373345e-18, 3.73157097549e-18, 1.14724181376e-18, 3.45165926006e-19, 3.50303945456e-20],
        "stdev": [2.49065279961, 12.1379442215, 21.6572132111, 27.7007427216, 29.405298233, 40.1510047913, 27.8633232117, 46.1873588562, 30.2949180603, 37.2896499634, 89.4049606323, 90.9223175049, 64.1715698242, 53.4288902283, 74.5154037476, 64.4385604858, 35.7100601196, 60.1990013123, 25.2852592468, 10.2831315994, 11.8321285248, 9.36390781403, 7.518034935, 10.1823759079, 9.59121704102, 2.42578029633, 1.39021503925, 2.28304028511, 1.28495430946, 1.15944135189, 1.32280004025, 0.735700547695, 0.49156370759, 0.30931442976, 0.171876788139, 0.0503383688629, 0.0178670100868, 0.00289920484647, 9.35618227231e-05, 9.50689427555e-05],
        "var": [6.20335102081, 147.329681396, 469.034912109, 767.331115723, 864.671508789, 1612.10314941, 776.364807129, 2133.2722168, 917.782104492, 1390.51806641, 7993.24658203, 8266.8671875, 4117.99072266, 2854.64648438, 5552.54589844, 4152.328125, 1275.20837402, 3623.91967773, 639.344360352, 105.742797852, 139.999267578, 87.6827774048, 56.5208511353, 103.680770874, 91.9914398193, 5.88441038132, 1.93269777298, 5.21227264404, 1.65110754967, 1.3443043232, 1.7497998476, 0.541255295277, 0.241634875536, 0.0956754088402, 0.0295416284353, 0.00253395154141, 0.000319230079185, 8.40538905322e-06, 8.75381456211e-09, 9.03810359887e-09]
    },
    "gfcc": {
        "mean": [-64.0509262085, 178.34854126, -79.8693771362, 6.85771131516, -45.0039596558, 2.19088935852, -25.1699790955, 4.42292547226, -12.8157157898, -2.69337892532, -3.70399022102, -7.69352531433, -8.40988826752],
        "cov": [[7149.20068359, -3250.49853516, -749.81262207, 1097.62512207, -1013.56762695, 856.063293457, -524.088317871, 398.054443359, -523.146972656, 325.700744629, -189.954376221, 237.888153076, -403.371826172], [-3250.49853516, 2731.63330078, 544.00970459, -639.068359375, 879.477355957, -579.148681641, 532.604797363, -261.547515869, 355.887054443, -290.40536499, 193.011032104, -215.394134521, 330.444824219], [-749.81262207, 544.00970459, 739.46496582, -78.2217178345, 289.077209473, -32.4431686401, 81.2739334106, -26.2501964569, 126.438407898, -43.8116035461, 0.779046297073, 4.87545251846, 97.7242355347], [1097.62512207, -639.068359375, -78.2217178345, 469.965362549, -108.02481842, 109.196350098, -74.7027893066, 73.9328689575, -20.9505271912, 59.5833320618, -32.9560623169, 56.350528717, -47.6518173218], [-1013.56762695, 879.477355957, 289.077209473, -108.02481842, 521.69708252, -168.101318359, 227.586715698, -19.0495319366, 148.079956055, -71.5411529541, 109.264678955, -72.2910690308, 130.137710571], [856.063293457, -579.148681641, -32.4431686401, 109.196350098, -168.101318359, 342.087799072, -0.433822453022, 51.3693504333, -82.8480758667, 70.3036346436, 24.506734848, 49.8027267456, -80.0971755981], [-524.088317871, 532.604797363, 81.2739334106, -74.7027893066, 227.586715698, -0.433822453022, 369.702178955, 20.8823547363, 73.1484222412, -42.0835380554, 110.776824951, -5.70763254166, 89.3469619751], [398.054443359, -261.547515869, -26.2501964569, 73.9328689575, -19.0495319366, 51.3693504333, 20.8823547363, 167.496246338, 5.79553699493, 36.8824119568, -2.75027823448, 44.1794204712, 4.2554769516], [-523.146972656, 355.887054443, 126.438407898, -20.9505271912, 148.079956055, -82.8480758667, 73.1484222412, 5.79553699493, 236.511245728, 6.1371254921, -15.2367315292, 24.1296977997, 87.586227417], [325.700744629, -290.40536499, -43.8116035461, 59.5833320618, -71.5411529541, 70.3036346436, -42.0835380554, 36.8824119568, 6.1371254921, 124.77986908, 1.24553108215, 35.5358200073, -19.3014431], [-189.954376221, 193.011032104, 0.779046297073, -32.9560623169, 109.264678955, 24.506734848, 110.776824951, -2.75027823448, -15.2367315292, 1.24553108215, 174.300109863, -18.3321857452, 2.89385104179], [237.888153076, -215.394134521, 4.87545251846, 56.350528717, -72.2910690308, 49.8027267456, -5.70763254166, 44.1794204712, 24.1296977997, 35.5358200073, -18.3321857452, 111.904342651, 9.34561347961], [-403.371826172, 330.444824219, 97.7242355347, -47.6518173218, 130.137710571, -80.0971755981, 89.3469619751, 4.2554769516, 87.586227417, -19.3014431, 2.89385104179, 9.34561347961, 137.330413818]],
        "icov": [[0.000480576389236, -0.000420563184889, 0.000293042103294, -0.000944049446844, 0.000166255093063, -0.000983096892014, 0.000533658312634, -0.00089552096324, 0.00086504931096, -0.000480014539789, 0.000522273476236, -0.000410958280554, 0.000234832114074], [-0.000420563184889, 0.00623977230862, -0.00149806472473, 0.004210812971, -0.00200188253075, 0.00528119970113, -0.00440164795145, 0.00545044383034, -0.00453889463097, 0.00453301845118, -0.0031234039925, 0.0040849163197, -0.00273051904514], [0.000293042103294, -0.00149806472473, 0.00252732937224, -0.0010342100868, -0.00119167752564, -0.0024918327108, 0.00174099975266, -0.00110713485628, 0.00107254029717, -0.000706711201929, 0.00163124257233, -0.00198730127886, 0.000203107338166], [-0.000944049446844, 0.004210812971, -0.0010342100868, 0.00644684350118, -0.00178401055746, 0.00384092889726, -0.00283921300434, 0.00370918610133, -0.00395301263779, 0.00297440728173, -0.00214746035635, 0.00211484078318, -0.00142851145938], [0.000166255093063, -0.00200188253075, -0.00119167752564, -0.00178401055746, 0.00678775785491, 0.000180381612154, -0.000357111101039, -0.00252658873796, -0.000261901062913, -0.000900304235984, -0.00181188958231, 0.00211883662269, -0.000547690375242], [-0.000983096892014, 0.00528119970113, -0.0024918327108, 0.00384092889726, 0.000180381612154, 0.0106428172439, -0.00569795165211, 0.00472581014037, -0.0036975806579, 0.00222273427062, -0.00410287361592, 0.00310145039111, -0.000346190179698], [0.000533658312634, -0.00440164795145, 0.00174099975266, -0.00283921300434, -0.000357111101039, -0.00569795165211, 0.00847662426531, -0.00474061444402, 0.00286270468496, -0.00152787193656, 0.000349487905623, -0.00370078254491, -0.000214222076465], [-0.00089552096324, 0.00545044383034, -0.00110713485628, 0.00370918610133, -0.00252658873796, 0.00472581014037, -0.00474061444402, 0.012855890207, -0.00419689714909, 0.00274727120996, -0.00236219842918, 0.00140337087214, -0.00281684333459], [0.00086504931096, -0.00453889463097, 0.00107254029717, -0.00395301263779, -0.000261901062913, -0.0036975806579, 0.00286270468496, -0.00419689714909, 0.0110534504056, -0.00548420473933, 0.00446369498968, -0.00527383573353, 0.00013106696133], [-0.000480014539789, 0.00453301845118, -0.000706711201929, 0.00297440728173, -0.000900304235984, 0.00222273427062, -0.00152787193656, 0.00274727120996, -0.00548420473933, 0.0145615190268, -0.00408765394241, 0.00161808240227, -0.00220354576595], [0.000522273476236, -0.0031234039925, 0.00163124257233, -0.00214746035635, -0.00181188958231, -0.00410287361592, 0.000349487905623, -0.00236219842918, 0.00446369498968, -0.00408765394241, 0.0109015861526, -0.00262179994024, 0.00284083350562], [-0.000410958280554, 0.0040849163197, -0.00198730127886, 0.00211484078318, 0.00211883662269, 0.00310145039111, -0.00370078254491, 0.00140337087214, -0.00527383573353, 0.00161808240227, -0.00262179994024, 0.0164843127131, -0.00419855024666], [0.000234832114074, -0.00273051904514, 0.000203107338166, -0.00142851145938, -0.000547690375242, -0.000346190179698, -0.000214222076465, -0.00281684333459, 0.00013106696133, -0.00220354576595, 0.00284083350562, -0.00419855024666, 0.0142777552828]]
    },
    "melbands": {
        "dmean": [0.00727942027152, 0.00471595674753, 0.00226453668438, 0.0010367417708, 0.000560946529731, 0.00040292966878, 0.000143438344821, 0.000149554340169, 0.000147363665747, 9.46726067923e-05, 7.72903222241e-05, 4.64950608148e-05, 3.44696454704e-05, 2.24822306336e-05, 1.18747875604e-05, 2.20159618038e-05, 1.56223613885e-05, 8.8276092356e-06, 5.03429100718e-06, 3.22209939441e-06, 2.12409850064e-06, 1.54902602389e-06, 2.04750699595e-06, 1.41399277709e-06, 1.53475946263e-06, 1.60116212555e-06, 7.40612904337e-07, 4.62686898572e-07, 2.43587635396e-07, 1.24750386021e-07, 2.00310935838e-07, 1.67511970517e-07, 9.40654842907e-08, 1.89067037581e-07, 1.72621525962e-07, 1.16407356643e-07, 6.69908146733e-08, 5.67362512527e-08, 4.03570297181e-08, 3.61626177892e-08],
        "dmean2": [0.0107222981751, 0.00737140094861, 0.00383709021844, 0.00163407914806, 0.000925621541683, 0.00058890186483, 0.000228961231187, 0.000235128434724, 0.000209668680327, 0.000133786787046, 0.000109344342491, 6.622410001e-05, 4.83212897961e-05, 3.06826332235e-05, 1.61514271895e-05, 3.2639643905e-05, 2.05788546737e-05, 1.29812151499e-05, 7.37640084481e-06, 4.59662851426e-06, 3.06381821247e-06, 2.16823787014e-06, 3.06887750412e-06, 2.24854761655e-06, 2.22980975195e-06, 2.36868527281e-06, 1.1095003174e-06, 7.30665306037e-07, 3.82607652227e-07, 1.89389695038e-07, 2.84731072497e-07, 2.41142089408e-07, 1.4040180929e-07, 2.76154622725e-07, 2.65143995648e-07, 1.73067149944e-07, 1.00042861106e-07, 7.85955478477e-08, 6.08454442386e-08, 5.40770024315e-08],
        "dvar": [0.000184790333151, 0.000106660365418, 2.63782767433e-05, 3.88727630707e-06, 7.98045675765e-07, 4.78413483052e-07, 7.50507780367e-08, 3.11282555288e-08, 7.70413564055e-08, 1.09829542794e-07, 5.36280317931e-08, 1.2492816559e-08, 2.23936869048e-08, 3.38318151272e-09, 1.35967281878e-09, 7.60552865131e-09, 2.97144775452e-09, 9.2740742863e-10, 2.0004266299e-10, 1.42250156099e-10, 8.67984989439e-11, 2.74530693317e-11, 4.74822438312e-11, 1.81083412154e-11, 3.35942836049e-11, 2.7863562152e-11, 3.523690454e-12, 1.26316220938e-12, 5.38970940361e-13, 1.13770104448e-13, 1.0553259655e-12, 3.46077604508e-13, 8.31274271965e-14, 3.16752971508e-13, 2.83046643849e-13, 1.40842754668e-13, 5.48185662716e-14, 4.25077216536e-14, 4.06181741074e-14, 2.19862919103e-14],
        "dvar2": [0.000363549654139, 0.000242879628786, 7.24053170416e-05, 9.4001297839e-06, 2.08479355024e-06, 1.1015608834e-06, 1.76497209736e-07, 6.45720916737e-08, 1.42786177548e-07, 1.95551137949e-07, 8.86458195737e-08, 2.05916776963e-08, 5.33321156126e-08, 5.26713961335e-09, 1.85746640291e-09, 1.59324091697e-08, 4.53258452993e-09, 2.17284634729e-09, 4.03034494667e-10, 2.53756626822e-10, 1.72573025314e-10, 4.61977123223e-11, 1.07121492232e-10, 4.65254640369e-11, 7.29263940902e-11, 5.5455019049e-11, 7.19034510752e-12, 3.06933059697e-12, 1.30371830952e-12, 2.53826338203e-13, 1.65211073988e-12, 6.90850263281e-13, 1.89733293096e-13, 7.18355984506e-13, 6.45373023685e-13, 3.1806149511e-13, 1.17608478295e-13, 7.46752039003e-14, 1.00173484145e-13, 4.45750207578e-14],
        "max": [0.128606438637, 0.103582806885, 0.0731378421187, 0.0276030097157, 0.0102674346417, 0.00893730390817, 0.00435645412654, 0.00273127132095, 0.00455624284223, 0.00605116365477, 0.00482073612511, 0.0022695211228, 0.00352058024146, 0.00110629817937, 0.00160621444229, 0.00164426618721, 0.00144038780127, 0.000525273557287, 0.000220317975618, 0.000336436583893, 0.000358664838132, 0.000141681986861, 0.000119983822515, 9.79450996965e-05, 0.000158274182468, 0.000129376741825, 3.48326320818e-05, 1.6762969608e-05, 1.0886180462e-05, 5.32840931555e-06, 4.08002961194e-05, 1.0203054444e-05, 5.99876466367e-06, 9.48089837038e-06, 8.91074705578e-06, 8.3109462139e-06, 5.57329394724e-06, 5.16574436915e-06, 4.72757710668e-06, 4.59576176581e-06],
        "mean": [0.0120280506089, 0.00609645852819, 0.00285666901618, 0.00164880824741, 0.000932712631766, 0.000718505529221, 0.00032043698593, 0.000488522055093, 0.000437527225586, 0.000201539398404, 0.00013413495617, 0.000104265738628, 7.32334883651e-05, 6.11468421994e-05, 3.11423536914e-05, 3.67595239368e-05, 3.20385261148e-05, 1.49109428094e-05, 8.97726749827e-06, 6.20205310042e-06, 4.00827320846e-06, 3.3309072478e-06, 3.46022238773e-06, 2.31834155784e-06, 2.67851783065e-06, 3.05117168864e-06, 1.42941541981e-06, 8.25359222745e-07, 4.46609874416e-07, 2.39005260028e-07, 3.9935682139e-07, 2.99081335697e-07, 1.69751189105e-07, 3.55734982804e-07, 3.46415816921e-07, 2.39196452867e-07, 1.35208097163e-07, 1.19795501519e-07, 7.68369403659e-08, 7.31551992317e-08],
        "median": [0.00234440458007, 0.00153434427921, 0.0012510267552, 0.000957135227509, 0.000603258202318, 0.000406318751629, 0.000133345121867, 0.000356524484232, 0.000179481998202, 4.33455425082e-05, 4.28028179158e-05, 3.5385684896e-05, 1.24038633658e-05, 1.00093811852e-05, 5.90166564507e-06, 5.92199785387e-06, 3.42517910212e-06, 3.19259402204e-06, 2.0688528366e-06, 1.18649279557e-06, 5.98261465257e-07, 4.04779541441e-07, 4.88664568365e-07, 5.22077073128e-07, 3.13923465001e-07, 3.58557684876e-07, 3.66702721522e-07, 2.31333586953e-07, 8.62230109533e-08, 3.87930754187e-08, 3.88398611051e-08, 3.2365580438e-08, 2.71638072036e-08, 4.78851340802e-08, 5.31748511889e-08, 4.85199542766e-08, 3.10178229768e-08, 1.54063268809e-08, 8.62330029605e-09, 9.65495061678e-09],
        "min": [4.75782916753e-24, 9.29422586782e-24, 8.50881228476e-24, 6.90949856248e-24, 1.10714048473e-23, 5.42375320042e-24, 8.75245808901e-25, 9.81834347553e-24, 6.8767308582e-24, 8.6987242368e-24, 1.58940594485e-23, 1.5916436277e-23, 8.82103475357e-24, 1.90040362823e-23, 1.11491052798e-23, 7.77936680519e-24, 8.52478671809e-24, 8.89315083981e-24, 1.6268380259e-23, 1.25392714658e-23, 6.94147661699e-24, 6.61843886516e-24, 1.79718938293e-23, 1.56780409337e-23, 7.98597342058e-24, 1.00763215019e-23, 9.10429340539e-24, 7.20519123989e-24, 1.26677477194e-23, 1.17337837392e-23, 1.26282123774e-23, 9.89825902953e-24, 1.37918729316e-23, 1.1916687451e-23, 1.43416237856e-23, 1.27426721504e-23, 1.39143151881e-23, 1.0942785021e-23, 1.14400158824e-23, 9.32877166458e-24],
        "stdev": [0.0192018356174, 0.0113118551672, 0.00472552562132, 0.00214763986878, 0.00102605787106, 0.000903713167645, 0.000513208447956, 0.000414408801589, 0.000688657106366, 0.000605771434493, 0.000337304198183, 0.0002245191572, 0.000227116819588, 0.000159955467097, 0.00011848268332, 0.000121357334137, 0.000125607301015, 4.04147103836e-05, 2.20341025852e-05, 2.15002128243e-05, 1.60936888278e-05, 1.08993690446e-05, 9.89093223325e-06, 4.95996209793e-06, 9.49886634771e-06, 1.02112690001e-05, 3.1005395158e-06, 1.59383455411e-06, 1.07037465114e-06, 5.46194314666e-07, 1.93945811588e-06, 9.10096332518e-07, 3.99269879381e-07, 8.36773608626e-07, 8.59789679453e-07, 6.1987037725e-07, 4.03302237828e-07, 3.80343891493e-07, 2.93903866577e-07, 2.57243328861e-07],
        "var": [0.000368710519979, 0.000127958075609, 2.2330592401e-05, 4.61235731564e-06, 1.05279468698e-06, 8.16697536266e-07, 2.63382901267e-07, 1.71734654941e-07, 4.74248594173e-07, 3.66959000075e-07, 1.13774120791e-07, 5.04088539799e-08, 5.15820488545e-08, 2.55857521836e-08, 1.4038145757e-08, 1.4727603137e-08, 1.57771928855e-08, 1.63334867853e-09, 4.85501694403e-10, 4.62259175382e-10, 2.59006815995e-10, 1.18796250614e-10, 9.78305353394e-11, 2.46012255706e-11, 9.02284566506e-11, 1.04270009293e-10, 9.61334570976e-12, 2.54030867522e-12, 1.145701806e-12, 2.98328202419e-13, 3.76149762379e-12, 8.28275328098e-13, 1.59416425373e-13, 7.00190068686e-13, 7.39238260449e-13, 3.84239298365e-13, 1.62652701095e-13, 1.4466147735e-13, 8.63794780604e-14, 6.61741305199e-14]
    },
