{
"lowlevel": {
    "average_loudness": 0.966365993023,
    "barkbands_crest": {
        "dmean": 2.50623846054,
        "dmean2": 3.52920031548,
        "dvar": 6.98339748383,
        "dvar2": 14.4368362427,
        "max": 26.5789890289,
        "mean": 12.7800178528,
        "median": 11.7463703156,
        "min": 3.73254275322,
        "stdev": 5.10593891144,
        "var": 26.0706138611
    },
    "barkbands_flatness_db": {
        "dmean": 0.0332484543324,
        "dmean2": 0.0451343469322,
        "dvar": 0.001345925848,
        "dvar2": 0.00250161997974,
        "max": 0.7136272192,
        "mean": 0.192573189735,
        "median": 0.170579448342,
        "min": 0.0384101495147,
        "stdev": 0.0901045054197,
        "var": 0.00811882223934
    },
    "barkbands_kurtosis": {
        "dmean": 11.7231693268,
        "dmean2": 17.7877635956,
        "dvar": 1537.18994141,
        "dvar2": 3245.29785156,
        "max": 789.228515625,
        "mean": 16.6077480316,
        "median": 5.18389225006,
        "min": -1.88152861595,
        "stdev": 45.1296463013,
        "var": 2036.68505859
    },
    "barkbands_skewness": {
        "dmean": 0.948581755161,
        "dmean2": 1.40822803974,
        "dvar": 1.9457911253,
        "dvar2": 4.24028015137,
        "max": 21.8050708771,
        "mean": 2.53862977028,
        "median": 2.04142689705,
        "min": -3.77944993973,
        "stdev": 2.11187338829,
        "var": 4.46000909805
    },
    "barkbands_spread": {
        "dmean": 5.95971822739,
        "dmean2": 9.03479576111,
        "dvar": 79.7042694092,
        "dvar2": 191.601745605,
        "max": 98.7844619751,
        "mean": 16.4735813141,
        "median": 14.7518529892,
        "min": 0.0255667231977,
        "stdev": 12.7859287262,
        "var": 163.479980469
    },
    "dissonance": {
        "dmean": 0.0300939902663,
        "dmean2": 0.0488679260015,
        "dvar": 0.00105852622073,
        "dvar2": 0.00269422493875,
        "max": 0.499152451754,
        "mean": 0.425106048584,
        "median": 0.434325993061,
        "min": 0.0294753462076,
        "stdev": 0.0468238219619,
        "var": 0.00219247024506
    },
    "dynamic_complexity": 2.21818900108,
    "erbbands_crest": {
        "dmean": 2.77474737167,
        "dmean2": 4.43677330017,
        "dvar": 7.84444856644,
        "dvar2": 18.7424945831,
        "max": 29.7402534485,
        "mean": 10.588095665,
        "median": 9.61093139648,
        "min": 3.22343182564,
        "stdev": 4.33808088303,
        "var": 18.818944931
    },
    "erbbands_flatness_db": {
        "dmean": 0.0218564961106,
        "dmean2": 0.0312352459878,
        "dvar": 0.000624244508799,
        "dvar2": 0.00118948123418,
        "max": 0.475378841162,
        "mean": 0.156997188926,
        "median": 0.141408830881,
        "min": 0.0551125518978,
        "stdev": 0.0603701509535,
        "var": 0.00364455534145
    },
    "erbbands_kurtosis": {
        "dmean": 2.95228838921,
        "dmean2": 4.54859304428,
        "dvar": 86.4452438354,
        "dvar2": 217.716598511,
        "max": 168.161437988,
        "mean": 3.37857532501,
        "median": 0.765401363373,
        "min": -1.83526182175,
        "stdev": 10.4589824677,
        "var": 109.390312195
    },
    "erbbands_skewness": {
        "dmean": 0.570310473442,
        "dmean2": 0.845816850662,
        "dvar": 0.703997313976,
        "dvar2": 1.63578283787,
        "max": 8.38888931274,
        "mean": 0.866930425167,
        "median": 0.724766135216,
        "min": -5.54662132263,
        "stdev": 1.22407722473,
        "var": 1.49836492538
    },
    "erbbands_spread": {
        "dmean": 11.4877958298,
        "dmean2": 17.4787826538,
        "dvar": 238.661056519,
        "dvar2": 483.23059082,
        "max": 152.713439941,
        "mean": 39.0205116272,
        "median": 34.4046401978,
        "min": 0.745601892471,
        "stdev": 24.3436737061,
        "var": 592.614440918
    },
    "hfc": {
        "dmean": 10.1642990112,
        "dmean2": 16.3061885834,
        "dvar": 323.507415771,
        "dvar2": 855.715026855,
        "max": 151.053970337,
        "mean": 25.271030426,
        "median": 23.0184249878,
        "min": 1.20140876838e-16,
        "stdev": 19.5861129761,
        "var": 383.615814209
    },
    "loudness_ebu128": {
        "integrated": -9.62159252167,
        "loudness_range": 2.72522926331,
        "momentary": {
            "dmean": 0.625520348549,
            "dmean2": 0.74230247736,
            "dvar": 0.976861894131,
            "dvar2": 1.60421395302,
            "max": -7.86623573303,
            "mean": -10.0701198578,
            "median": -9.37940311432,
            "min": -23.84582901,
            "stdev": 2.25443410873,
            "var": 5.08247280121
        },
        "short_term": {
            "dmean": 0.0779576078057,
            "dmean2": 0.0692505687475,
            "dvar": 0.00451078591868,
            "dvar2": 0.00485014170408,
            "max": -8.47154426575,
            "mean": -9.66715621948,
            "median": -9.31970119476,
            "min": -12.6499500275,
            "stdev": 1.01283860207,
            "var": 1.02584207058
        }
    },
    "melbands_crest": {
        "dmean": 3.21933174133,
        "dmean2": 4.67624282837,
        "dvar": 11.9155988693,
        "dvar2": 25.6933269501,
        "max": 38.0471382141,
        "mean": 18.2973136902,
        "median": 17.1852741241,
        "min": 1.71716082096,
        "stdev": 7.25909757614,
        "var": 52.6944961548
    },
    "melbands_flatness_db": {
        "dmean": 0.0393864363432,
        "dmean2": 0.0529300160706,
        "dvar": 0.00204475433566,
        "dvar2": 0.00366871594451,
        "max": 0.868840396404,
        "mean": 0.281004816294,
        "median": 0.258288055658,
        "min": 0.00310757244006,
        "stdev": 0.107697419822,
        "var": 0.0115987341851
    },
    "melbands_kurtosis": {
        "dmean": 17.7212524414,
        "dmean2": 27.7710647583,
        "dvar": 1929.58361816,
        "dvar2": 4860.91308594,
        "max": 658.291564941,
        "mean": 27.3660793304,
        "median": 12.1236591339,
        "min": -1.86934900284,
        "stdev": 50.0648574829,
        "var": 2506.48999023
    },
    "melbands_skewness": {
        "dmean": 1.07428872585,
        "dmean2": 1.61721777916,
        "dvar": 2.2900249958,
        "dvar2": 5.24946975708,
        "max": 20.0633392334,
        "mean": 3.3140399456,
        "median": 2.77910399437,
        "min": -2.60200810432,
        "stdev": 2.35759925842,
        "var": 5.55827379227
    },
    "melbands_spread": {
        "dmean": 6.37932825089,
        "dmean2": 9.72323608398,
        "dvar": 218.675064087,
        "dvar2": 440.302947998,
        "max": 242.424667358,
        "mean": 15.1093358994,
        "median": 12.005074501,
        "min": 0.0775733664632,
        "stdev": 19.3200073242,
        "var": 373.262695312
    },
    "pitch_salience": {
        "dmean": 0.0792825594544,
        "dmean2": 0.12105653435,
        "dvar": 0.00873831566423,
        "dvar2": 0.0201647412032,
        "max": 0.90211802721,
        "mean": 0.44425290823,
        "median": 0.440970659256,
        "min": 0.0167120248079,
        "stdev": 0.145447567105,
        "var": 0.021154994145
    },
    "silence_rate_20dB": {
        "dmean": 0,
        "dmean2": 0,
        "dvar": 0,
        "dvar2": 0,
        "max": 1,
        "mean": 1,
        "median": 1,
        "min": 1,
        "stdev": 0,
        "var": 0
    },
    "silence_rate_30dB": {
        "dmean": 0.0696594417095,
        "dmean2": 0.139426797628,
        "dvar": 0.0648068189621,
        "dvar2": 0.132380247116,
        "max": 1,
        "mean": 0.839133799076,
        "median": 1,
        "min": 0,
        "stdev": 0.367408543825,
        "var": 0.13498903811
    },
    "silence_rate_60dB": {
        "dmean": 0.0201238393784,
        "dmean2": 0.0395042598248,
        "dvar": 0.0197188425809,
        "dvar2": 0.0425912104547,
        "max": 1,
        "mean": 0.0448569208384,
        "median": 0,
        "min": 0,
        "stdev": 0.206989824772,
        "var": 0.04284478724
    },
    "spectral_centroid": {
        "dmean": 249.564605713,
        "dmean2": 371.951080322,
        "dvar": 214655.453125,
        "dvar2": 369343.90625,
        "max": 10716.8808594,
        "mean": 955.139526367,
        "median": 890.229614258,
        "min": 60.6240653992,
        "stdev": 621.265563965,
        "var": 385970.9375
    },
    "spectral_complexity": {
        "dmean": 3.35603713989,
        "dmean2": 5.39426803589,
        "dvar": 23.5465583801,
        "dvar2": 57.1653213501,
        "max": 43,
        "mean": 13.5452432632,
        "median": 14,
        "min": 0,
        "stdev": 7.16270542145,
        "var": 51.3043479919
    },
    "spectral_decrease": {
        "dmean": 4.48966375188e-09,
        "dmean2": 6.96334456762e-09,
        "dvar": 5.92302479095e-17,
        "dvar2": 1.49263219523e-16,
        "max": 8.24874049807e-29,
        "mean": -1.58102420045e-08,
        "median": -1.37494957642e-08,
        "min": -7.3960855218e-08,
        "stdev": 1.21306475975e-08,
        "var": 1.47152611942e-16
    },
    "spectral_energy": {
        "dmean": 0.0174541249871,
        "dmean2": 0.0271459501237,
        "dvar": 0.000859522784594,
        "dvar2": 0.0021631133277,
        "max": 0.282912969589,
        "mean": 0.0619636699557,
        "median": 0.0547088831663,
        "min": 1.0585809154e-20,
        "stdev": 0.0462696887553,
        "var": 0.00214088405482
    },
    "spectral_energyband_high": {
        "dmean": 0.000724143057596,
        "dmean2": 0.00116192887072,
        "dvar": 3.55592192136e-06,
        "dvar2": 9.25242056837e-06,
        "max": 0.0190111510456,
        "mean": 0.00102889596019,
        "median": 0.000571327924263,
        "min": 7.96567821305e-21,
        "stdev": 0.00181721348781,
        "var": 3.3022649859e-06
    },
    "spectral_energyband_low": {
        "dmean": 0.0136943915859,
        "dmean2": 0.0210204664618,
        "dvar": 0.000771153601818,
        "dvar2": 0.00194232049398,
        "max": 0.259652465582,
        "mean": 0.0383880697191,
        "median": 0.0268580522388,
        "min": 4.5541691054e-23,
        "stdev": 0.0433067195117,
        "var": 0.00187547190581
    },
    "spectral_energyband_middle_high": {
        "dmean": 0.00265588308685,
        "dmean2": 0.00433280039579,
        "dvar": 3.39985526807e-05,
        "dvar2": 9.32160255616e-05,
        "max": 0.0456714183092,
        "mean": 0.00494858808815,
        "median": 0.00348213687539,
        "min": 1.38315564217e-21,
        "stdev": 0.00594556611031,
        "var": 3.53497562173e-05
    },
    "spectral_energyband_middle_low": {
        "dmean": 0.0087756710127,
        "dmean2": 0.0145632438362,
        "dvar": 0.000557433231734,
        "dvar2": 0.00151939177886,
        "max": 0.222421303391,
        "mean": 0.0194236356765,
        "median": 0.0157407205552,
        "min": 3.46465614359e-22,
        "stdev": 0.0205610468984,
        "var": 0.000422756624175
    },
    "spectral_entropy": {
        "dmean": 0.323889315128,
        "dmean2": 0.466747313738,
        "dvar": 0.136547476053,
        "dvar2": 0.252959042788,
        "max": 9.82130050659,
        "mean": 7.06160879135,
        "median": 7.11266803741,
        "min": 3.70798134804,
        "stdev": 0.706259429455,
        "var": 0.498802423477
    },
    "spectral_flux": {
        "dmean": 0.0416311211884,
        "dmean2": 0.0627387613058,
        "dvar": 0.00278562726453,
        "dvar2": 0.00465957680717,
        "max": 0.549834609032,
        "mean": 0.104626178741,
        "median": 0.0797781869769,
        "min": 1.02887358355e-10,
        "stdev": 0.0862569957972,
        "var": 0.00744026899338
    },
    "spectral_kurtosis": {
        "dmean": 3.88800477982,
        "dmean2": 5.64466524124,
        "dvar": 129.847747803,
        "dvar2": 263.007446289,
        "max": 278.781768799,
        "mean": 8.09670162201,
        "median": 4.75084638596,
        "min": -1.16661417484,
        "stdev": 16.0425357819,
        "var": 257.362976074
    },
    "spectral_rms": {
        "dmean": 0.0010217896197,
        "dmean2": 0.00152703630738,
        "dvar": 2.02828096008e-06,
        "dvar2": 4.44493480245e-06,
        "max": 0.0166136287153,
        "mean": 0.007179107517,
        "median": 0.00730578647926,
        "min": 3.2136613249e-12,
        "stdev": 0.00298543740064,
        "var": 8.9128370746e-06
    },
    "spectral_rolloff": {
        "dmean": 476.230560303,
        "dmean2": 823.484680176,
        "dvar": 1641913.75,
        "dvar2": 3666233,
        "max": 18626.2207031,
        "mean": 901.914123535,
        "median": 559.86328125,
        "min": 43.06640625,
        "stdev": 1458.65344238,
        "var": 2127669.75
    },
    "spectral_skewness": {
        "dmean": 0.430281281471,
        "dmean2": 0.59830057621,
        "dvar": 0.470098674297,
        "dvar2": 0.89307641983,
        "max": 14.4442853928,
        "mean": 2.13779592514,
        "median": 1.8762857914,
        "min": -0.184767752886,
        "stdev": 1.23827791214,
        "var": 1.53333210945
    },
    "spectral_spread": {
        "dmean": 1162322.375,
        "dmean2": 1637364.625,
        "dvar": 2.32890118963e+12,
        "dvar2": 3.86444846694e+12,
        "max": 40290384,
        "mean": 5811309,
        "median": 5398645.5,
        "min": 487114.1875,
        "stdev": 2410306.5,
        "var": 5.80957713203e+12
    },
    "spectral_strongpeak": {
        "dmean": 0.302084714174,
        "dmean2": 0.510099947453,
        "dvar": 0.287874102592,
        "dvar2": 0.694568276405,
        "max": 4.51881456375,
        "mean": 0.693355619907,
        "median": 0.429539769888,
        "min": 0,
        "stdev": 0.660887181759,
        "var": 0.436771839857
    },
    "zerocrossingrate": {
        "dmean": 0.0128547977656,
        "dmean2": 0.0147134913132,
        "dvar": 0.000485097785713,
        "dvar2": 0.000556695216801,
        "max": 0.50390625,
        "mean": 0.0471253730357,
        "median": 0.03955078125,
        "min": 0.001953125,
        "stdev": 0.0383592694998,
        "var": 0.00147143367212
    },
    "barkbands": {
        "dmean": [0.0011062292615, 0.0110657215118, 0.00520255137235, 0.00364649598487, 0.00365065969527, 0.00204141368158, 0.000921117083635, 0.00103119260166, 0.000843073648866, 0.00075787876267, 0.000340620143106, 0.000460806273622, 0.000393303635065, 0.000551957753487, 0.000315119541483, 0.000179005975951, 0.000280303967884, 0.000164289434906, 0.000138419141877, 7.04249177943e-05, 7.64260767028e-05, 8.4384373622e-05, 0.000263951253146, 0.000168883881997, 0.00010332436068, 9.8610027635e-05, 1.2403814253e-05],
        "dmean2": [0.00152778474148, 0.0144975148141, 0.00893239211291, 0.00676208408549, 0.00638076057658, 0.00324104074389, 0.00156072399113, 0.00153064006008, 0.00116171769332, 0.00126524816733, 0.000547155039385, 0.000741015886888, 0.000594721233938, 0.000974461785518, 0.000534900522325, 0.000283497618511, 0.000463060045149, 0.000263889873167, 0.000221381327719, 0.000121598022815, 0.000121304678032, 0.000134586865897, 0.000438072864199, 0.000278500374407, 0.00015931710368, 0.000155316636665, 2.02123192139e-05],
        "dvar": [4.71367866339e-06, 0.000521150417626, 0.000367913249647, 0.000201192204258, 9.82040292001e-05, 1.8652252038e-05, 6.40806865704e-06, 3.40397582477e-06, 2.84980046672e-06, 4.1232433432e-06, 6.33655190541e-07, 7.99884787739e-07, 7.084953495e-07, 2.52507038567e-06, 7.10112828983e-07, 9.80271650519e-08, 2.8317953138e-07, 7.60688863011e-08, 5.42490319333e-08, 2.98764497586e-08, 1.0851580079e-08, 2.82898326986e-08, 9.19617775708e-07, 2.64469065314e-07, 5.38225997104e-08, 2.3535990934e-08, 8.45095438073e-10],
        "dvar2": [8.93595006346e-06, 0.00102293153759, 0.00099450815469, 0.000579201441724, 0.000286348484224, 5.15740721312e-05, 1.70756320585e-05, 7.09113919584e-06, 5.46995670447e-06, 1.13164778668e-05, 1.50359039708e-06, 1.86366958133e-06, 1.61756520356e-06, 6.94244408805e-06, 1.8292993218e-06, 2.21735959371e-07, 7.48763341107e-07, 1.718638174e-07, 1.28306680836e-07, 8.23378698556e-08, 2.52074592311e-08, 6.77882709965e-08, 2.43042040893e-06, 6.97627115187e-07, 1.26721161564e-07, 5.52398802256e-08, 2.15880713306e-09],
        "max": [0.0301829259843, 0.209859013557, 0.183822676539, 0.128964528441, 0.0827020853758, 0.0430600643158, 0.0294577758759, 0.0263084992766, 0.0232946556062, 0.0146654685959, 0.00966434180737, 0.009152575396, 0.0108520528302, 0.0107762850821, 0.0084099797532, 0.00391110032797, 0.00572549970821, 0.00313056819141, 0.00366065069102, 0.00177593028639, 0.00141808914486, 0.0025169251021, 0.0099015571177, 0.00481223827228, 0.00222726399079, 0.0016780734295, 0.000320313323755],
        "mean": [0.00323677877896, 0.0280871000141, 0.00529997143894, 0.00347291002981, 0.0063633332029, 0.00414632167667, 0.00113878201228, 0.00231018872, 0.00187531998381, 0.000828972551972, 0.000469401333248, 0.000883869652171, 0.000670420005918, 0.000500911904965, 0.000364712876035, 0.000340839411365, 0.000397567637265, 0.000280644424492, 0.000231598416576, 7.72225102992e-05, 0.000146144186147, 0.000128530780785, 0.000249115808401, 0.000178806600161, 0.000130318003357, 0.000142341959872, 1.15100910989e-05],
        "median": [0.000993606867269, 0.0179190412164, 0.00126050692052, 0.000938540557399, 0.0047085955739, 0.00246951403096, 0.000210067897569, 0.000885883404408, 0.00034126418177, 0.000108560001536, 5.7765893871e-05, 0.000169361388544, 9.80789845926e-05, 3.08897542709e-05, 4.26762999268e-05, 8.42810186441e-05, 0.000154888286488, 0.000139666750329, 0.00013146569836, 2.51981891779e-05, 9.66766747297e-05, 6.3768668042e-05, 5.05828465975e-05, 5.62973946217e-05, 4.40615440311e-05, 6.84798433213e-05, 2.09766972148e-06],
        "min": [1.29848784807e-23, 2.64920033911e-23, 6.03213653559e-24, 9.2036827797e-24, 7.01019602594e-23, 5.64211242334e-23, 4.18573698387e-23, 8.30404907954e-23, 4.60242214925e-23, 1.28466263473e-22, 3.61449251014e-23, 6.61927316446e-23, 1.1300615483e-22, 1.0654975115e-22, 8.62865398244e-23, 1.92039591948e-22, 1.1398595794e-22, 1.25804343856e-22, 2.94957465356e-22, 3.55423439171e-22, 3.79606759081e-22, 3.80723584175e-22, 6.14675570587e-22, 8.62460087822e-22, 1.25729615378e-21, 1.82527358216e-21, 2.63933502134e-21],
        "stdev": [0.00497258082032, 0.0363826788962, 0.0160524025559, 0.0107396021485, 0.00818566605449, 0.00494185136631, 0.00267249345779, 0.00352039071731, 0.00324685988016, 0.0018770020688, 0.000985706807114, 0.00154056237079, 0.00143778778147, 0.00138779345434, 0.000861797074322, 0.000605267472565, 0.000611130904872, 0.00040051524411, 0.000305483496049, 0.000164978744579, 0.000164647994097, 0.000191331550013, 0.00083428050857, 0.000473143038107, 0.000266580405878, 0.000205321499379, 2.87890015898e-05],
        "var": [2.47265579674e-05, 0.0013236993691, 0.000257679610513, 0.000115339054901, 6.70051304041e-05, 2.44218936132e-05, 7.14222187526e-06, 1.23931504277e-05, 1.05420995169e-05, 3.52313668373e-06, 9.71617964751e-07, 2.37333256337e-06, 2.06723370866e-06, 1.9259707642e-06, 7.42694169276e-07, 3.66348729131e-07, 3.73481015004e-07, 1.60412454875e-07, 9.33201746989e-08, 2.72179843108e-08, 2.71089639625e-08, 3.6607762155e-08, 6.96023960245e-07, 2.23864347504e-07, 7.10651093527e-08, 4.21569161801e-08, 8.28806578923e-10]
    },
    "erbbands": {
        "dmean": [0.455529272556, 2.11765980721, 4.56758403778, 10.443359375, 10.729344368, 13.8754901886, 14.2532243729, 18.8388347626, 12.2037258148, 17.7921791077, 21.6207485199, 16.9616069794, 14.5129480362, 28.5437164307, 13.5169811249, 17.1437397003, 18.2551555634, 31.5250644684, 15.0044660568, 12.3794298172, 11.8511943817, 15.1088409424, 8.863322258, 8.1778678894, 4.96422815323, 3.58764243126, 2.72374653816, 3.05504870415, 2.90596294403, 4.88509607315, 7.56113958359, 4.72496557236, 2.26365876198, 1.18603026867, 0.755150616169, 0.450544804335, 0.18583765626, 0.037352591753, 0.00131396995857, 4.022100984e-05],
        "dmean2": [0.610906898975, 2.64997196198, 7.27108430862, 18.9396648407, 19.4080448151, 23.5720939636, 23.4947223663, 29.8408565521, 20.819890976, 28.4410591125, 31.0484428406, 23.7179775238, 21.1792812347, 49.7326774597, 21.6463317871, 27.445148468, 26.9742183685, 55.3149490356, 25.5777072906, 20.8658657074, 19.1506519318, 24.8987636566, 14.1457386017, 12.7798614502, 8.27440547943, 6.20567321777, 4.31773853302, 4.86873912811, 4.66228723526, 7.79171609879, 12.6462917328, 7.87129497528, 3.66138839722, 1.86279165745, 1.17093229294, 0.714481115341, 0.29769513011, 0.0588367022574, 0.00209023221396, 6.2585757405e-05],
        "dvar": [0.908132433891, 22.9676494598, 233.643356323, 1651.75097656, 1433.61816406, 1003.73284912, 1119.74182129, 1474.68920898, 1330.33337402, 1217.75598145, 1716.42456055, 1116.28161621, 575.251159668, 7437.87207031, 857.229614258, 1177.28234863, 1332.35144043, 8593.60644531, 1606.06958008, 931.268981934, 419.65713501, 915.336669922, 265.168426514, 181.217147827, 87.7065887451, 80.1824569702, 19.370016098, 16.226474762, 29.1462612152, 193.27557373, 773.509399414, 264.008575439, 35.2845039368, 8.92048168182, 2.43696022034, 0.458420366049, 0.0869005322456, 0.0057604922913, 8.69250925462e-06, 3.68898644965e-09],
        "dvar2": [1.82613122463, 41.8260116577, 591.817932129, 4679.328125, 4137.26367188, 2892.31860352, 3204.92773438, 3878.57275391, 3695.24829102, 3145.32714844, 3444.74584961, 2119.79980469, 1364.93920898, 20928.3417969, 1960.64331055, 2889.9987793, 2854.59643555, 23556.234375, 4411.1171875, 2331.9050293, 981.782897949, 2447.7199707, 613.295959473, 403.901641846, 230.491821289, 222.703186035, 45.171043396, 38.5811920166, 70.5489730835, 495.946258545, 2048.6315918, 697.31628418, 89.9535293579, 21.3496932983, 5.67599821091, 1.09135425091, 0.205770239234, 0.0136089473963, 2.18994009629e-05, 8.87221407453e-09],
        "max": [9.47972202301, 49.5494918823, 145.62260437, 376.436004639, 369.646240234, 292.024414062, 392.621582031, 373.478668213, 533.718383789, 323.009277344, 537.29888916, 487.993621826, 276.641235352, 643.00012207, 435.85760498, 425.730407715, 480.263244629, 649.486694336, 519.906494141, 408.685455322, 226.28225708, 332.064544678, 179.750732422, 164.013549805, 109.246398926, 88.0944595337, 69.2301101685, 54.8942756653, 72.3765029907, 144.963424683, 275.714294434, 157.676086426, 68.4959869385, 32.3484840393, 16.1034698486, 7.70327281952, 2.67416405678, 0.800333619118, 0.0311302021146, 0.000604367582127],
        "mean": [1.24077391624, 4.59761953354, 6.0845284462, 9.92009830475, 12.6779108047, 26.7838172913, 27.3508396149, 37.5323410034, 17.6679916382, 32.0080070496, 49.8750228882, 36.3539924622, 27.6534767151, 28.6283416748, 23.1886997223, 31.0584335327, 33.9705162048, 31.6006221771, 17.5220718384, 17.6496696472, 22.3188171387, 23.1545982361, 15.0033607483, 14.9512004852, 7.54981279373, 4.08223342896, 4.77667808533, 5.9347782135, 4.71678161621, 5.46904611588, 7.0603928566, 4.6372385025, 2.57364034653, 1.40887582302, 0.978261768818, 0.660721182823, 0.253969281912, 0.0429259687662, 0.00136863731313, 0.000103458602098],
        "median": [0.687467932701, 2.40526437759, 2.30690813065, 3.64894866943, 6.28830337524, 19.8306732178, 15.2627773285, 21.8189334869, 7.40402603149, 14.3065366745, 15.1309108734, 9.01385307312, 9.11017513275, 4.5880446434, 6.72751808167, 7.41932821274, 5.90685653687, 2.91130042076, 1.74000263214, 3.03725481033, 7.77354431152, 10.8971414566, 8.16980743408, 8.35154247284, 4.03339529037, 1.59750401974, 2.86380004883, 4.05732584, 2.51074671745, 1.76834952831, 1.38925504684, 1.13799870014, 0.832621216774, 0.444660276175, 0.349145174026, 0.321636795998, 0.117414318025, 0.0129703124985, 0.000374714756617, 8.99193037185e-05],
        "min": [1.15729191603e-21, 4.15851885926e-21, 9.61076192904e-21, 1.96712790824e-20, 1.01363739776e-19, 2.76536896082e-19, 3.74384168289e-19, 4.32696446517e-19, 7.13819076819e-19, 1.39910672976e-18, 1.19451053288e-18, 1.06731807201e-18, 2.88538609516e-18, 3.20054149496e-18, 1.9386907054e-18, 3.92380485472e-18, 5.86225174863e-18, 4.8813454095e-18, 4.92088133406e-18, 7.40603422868e-18, 8.44693432328e-18, 7.73171508818e-18, 6.70580019755e-18, 1.24888018396e-17, 1.48886091338e-17, 1.57414621238e-17, 1.52478569826e-17, 1.7366306236e-17, 1.13970334461e-17, 2.01279992579e-17, 1.60366729583e-17, 1.43077976493e-17, 1.46752279686e-17, 1.18355425683e-17, 1.0138395426e-17, 6.9464973481e-18, 3.53341489667e-18, 1.08086966859e-18, 4.22769115944e-19, 3.80721670714e-20],
        "stdev": [1.5344414711, 7.18368816376, 14.6093139648, 31.3748550415, 29.0425415039, 30.3612060547, 35.4462966919, 48.5518188477, 36.6519050598, 45.0793647766, 79.3503723145, 62.2397384644, 39.8386383057, 71.659286499, 40.8850479126, 54.7549324036, 66.8090286255, 81.3288192749, 38.1949996948, 36.5814361572, 33.3730163574, 33.9877586365, 21.2448787689, 20.237657547, 10.5706262589, 8.3703956604, 6.61124849319, 6.38832473755, 6.53684139252, 12.9610452652, 24.1222476959, 14.322306633, 5.98875665665, 3.24060487747, 1.86871445179, 0.952405571938, 0.369418352842, 0.0853147506714, 0.00299600488506, 8.02947688499e-05],
        "var": [2.35451078415, 51.6053733826, 213.432067871, 984.381469727, 843.469238281, 921.80279541, 1256.43994141, 2357.27929688, 1343.36206055, 2032.14904785, 6296.48144531, 3873.78491211, 1587.11706543, 5135.05371094, 1671.5871582, 2998.10253906, 4463.44580078, 6614.37744141, 1458.85791016, 1338.20153809, 1113.75830078, 1155.16772461, 451.344848633, 409.562805176, 111.738143921, 70.0635223389, 43.70860672, 40.8106918335, 42.7302932739, 167.988693237, 581.8828125, 205.128479004, 35.8652038574, 10.5015192032, 3.4920938015, 0.907076358795, 0.13646993041, 0.00727860676125, 8.97604513739e-06, 6.4472502892e-09]
    },
    "gfcc": {
        "mean": [4.87438440323, 86.6561889648, -73.8735961914, 23.8175373077, -56.0575523376, 9.79036235809, -41.6674613953, 12.9434137344, -23.8757629395, 4.50841808319, -18.3291969299, 12.9630689621, -14.4673271179],
        "cov": [[10514.5732422, -1282.1307373, -862.745910645, 814.675720215, 784.858154297, 738.513427734, -33.9323883057, 498.733795166, 17.0311260223, 603.944824219, 6.52495956421, 448.934265137, -157.475326538], [-1282.1307373, 1473.0925293, 362.124816895, -149.749862671, 314.639892578, -67.186378479, 228.705062866, -0.851622402668, 134.358642578, -15.9613113403, 144.315307617, -12.3421354294, 111.258079529], [-862.745910645, 362.124816895, 1595.09143066, 303.520446777, 262.857330322, 177.552902222, 126.198539734, 100.571411133, 174.105667114, 159.711624146, 95.7406692505, 36.9228286743, 118.663978577], [814.675720215, -149.749862671, 303.520446777, 696.677124023, 225.37197876, 148.375732422, 58.4406318665, 68.5963058472, 174.627624512, 157.019210815, 77.7132873535, 68.9595184326, 43.2883834839], [784.858154297, 314.639892578, 262.857330322, 225.37197876, 779.241699219, 259.529144287, 82.5554504395, 110.160903931, 138.475418091, 225.196060181, 90.7203369141, 71.5936126709, 86.6832427979], [738.513427734, -67.186378479, 177.552902222, 148.375732422, 259.529144287, 332.466156006, 112.736282349, 113.871688843, 64.8479919434, 101.157463074, 57.2987480164, 43.9395561218, 27.4472389221], [-33.9323883057, 228.705062866, 126.198539734, 58.4406318665, 82.5554504395, 112.736282349, 414.674682617, 168.822631836, 33.6239280701, 20.8642807007, 75.8977355957, 93.7874755859, 37.5717582703], [498.733795166, -0.851622402668, 100.571411133, 68.5963058472, 110.160903931, 113.871688843, 168.822631836, 221.469894409, 65.3213195801, 52.9348526001, 30.1951255798, 77.3062820435, 26.4439277649], [17.0311260223, 134.358642578, 174.105667114, 174.627624512, 138.475418091, 64.8479919434, 33.6239280701, 65.3213195801, 201.232269287, 86.4207077026, 55.537071228, 9.19574451447, 41.8433036804], [603.944824219, -15.9613113403, 159.711624146, 157.019210815, 225.196060181, 101.157463074, 20.8642807007, 52.9348526001, 86.4207077026, 215.89855957, 54.0634727478, 44.3214874268, 22.6099338531], [6.52495956421, 144.315307617, 95.7406692505, 77.7132873535, 90.7203369141, 57.2987480164, 75.8977355957, 30.1951255798, 55.537071228, 54.0634727478, 138.56199646, 54.0794487, 21.6830005646], [448.934265137, -12.3421354294, 36.9228286743, 68.9595184326, 71.5936126709, 43.9395561218, 93.7874755859, 77.3062820435, 9.19574451447, 44.3214874268, 54.0794487, 148.575119019, 31.5864143372], [-157.475326538, 111.258079529, 118.663978577, 43.2883834839, 86.6832427979, 27.4472389221, 37.5717582703, 26.4439277649, 41.8433036804, 22.6099338531, 21.6830005646, 31.5864143372, 123.627349854]],
        "icov": [[0.000241466608713, -6.25386455795e-05, 0.000219677865971, -0.000261114066234, 2.35919651459e-05, -0.000448594597401, 0.000375984120183, -0.000494130945299, 0.000361262442311, -0.000533271348104, 0.000358464138117, -0.00060281570768, 0.000385314226151], [-6.25386455795e-05, 0.0015942028258, -0.000346585584339, 0.00082590978127, -0.00108617614023, 0.00131706078537, -0.0012582836207, 0.000943742168602, -0.00125394808128, 0.00109236431308, -0.00139428535476, 0.000841083063278, -0.000566877075471], [0.000219677865971, -0.000346585584339, 0.00102864264045, -0.000540634035133, 0.000238821216044, -0.00077805732144, 0.000438234885223, -0.000628843845334, 0.000335409858963, -0.000922159291804, 0.000404939492, -0.000400676974095, -0.000113218040497], [-0.000261114066234, 0.00082590978127, -0.000540634035133, 0.00278014712967, -0.000528071483131, 0.000563030305784, -0.00100212858524, 0.00148034549784, -0.00247382838279, 0.00041665363824, -0.000828434072901, 6.9064219133e-05, -0.000408497464377], [2.35919651459e-05, -0.00108617614023, 0.000238821216044, -0.000528071483131, 0.00305140274577, -0.00205591018312, 0.000916615186725, -0.000578551844228, 0.000506080279592, -0.00231217150576, 0.000768951664213, -0.000609114475083, -0.000602347659878], [-0.000448594597401, 0.00131706078537, -0.00077805732144, 0.000563030305784, -0.00205591018312, 0.00671909190714, -0.00196623872034, -0.00024609270622, -0.000824887363706, 0.00127737526782, -0.00245210016146, 0.00249574473128, -0.00076904083835], [0.000375984120183, -0.0012582836207, 0.000438234885223, -0.00100212858524, 0.000916615186725, -0.00196623872034, 0.00549561344087, -0.00414909003302, 0.00207015732303, -0.000711905420758, -0.00018987650401, -0.00201416783966, 0.000530163000803], [-0.000494130945299, 0.000943742168602, -0.000628843845334, 0.00148034549784, -0.000578551844228, -0.00024609270622, -0.00414909003302, 0.0105578675866, -0.00424750335515, 0.00122438569088, 0.00113261316437, -0.00190562021453, -0.00042863516137], [0.000361262442311, -0.00125394808128, 0.000335409858963, -0.00247382838279, 0.000506080279592, -0.000824887363706, 0.00207015732303, -0.00424750335515, 0.0102872941643, -0.00290094129741, -0.00124578736722, 0.00164877041243, -0.000913458643481], [-0.000533271348104, 0.00109236431308, -0.000922159291804, 0.00041665363824, -0.00231217150576, 0.00127737526782, -0.000711905420758, 0.00122438569088, -0.00290094129741, 0.00986033398658, -0.0024351933971, 0.000440371717559, -0.000137902679853], [0.000358464138117, -0.00139428535476, 0.000404939492, -0.000828434072901, 0.000768951664213, -0.00245210016146, -0.00018987650401, 0.00113261316437, -0.00124578736722, -0.0024351933971, 0.0124003803357, -0.00504040531814, 0.00141339516267], [-0.00060281570768, 0.000841083063278, -0.000400676974095, 6.9064219133e-05, -0.000609114475083, 0.00249574473128, -0.00201416783966, -0.00190562021453, 0.00164877041243, 0.000440371717559, -0.00504040531814, 0.012810472399, -0.00329923420213], [0.000385314226151, -0.000566877075471, -0.000113218040497, -0.000408497464377, -0.000602347659878, -0.00076904083835, 0.000530163000803, -0.00042863516137, -0.000913458643481, -0.000137902679853, 0.00141339516267, -0.00329923420213, 0.01079459209]]
    },
    "melbands": {
        "dmean": [0.00349920825101, 0.00190858542919, 0.00169657403603, 0.000839619606268, 0.00051055586664, 0.00039641559124, 0.000190041100723, 0.000209072328289, 0.000172939646291, 0.000111223787826, 7.46000368963e-05, 0.000121194294479, 4.2787156417e-05, 5.1928745961e-05, 3.63327562809e-05, 5.1922062994e-05, 6.23480445938e-05, 2.2651083782e-05, 2.42995120061e-05, 1.17857471196e-05, 1.53378241521e-05, 1.92847492144e-05, 9.28281860979e-06, 6.68728807796e-06, 7.16622298569e-06, 4.86216777063e-06, 2.95591325994e-06, 2.28175326811e-06, 1.6499608364e-06, 2.06179538509e-06, 1.72639147422e-06, 1.65457890944e-06, 1.84665373126e-06, 3.51619291905e-06, 4.61056924905e-06, 4.33584318671e-06, 2.39567793869e-06, 1.73841715423e-06, 1.17909689834e-06, 9.66698394222e-07],
        "dmean2": [0.00466891517863, 0.00279541010968, 0.00304400036111, 0.00146859290544, 0.000858237559441, 0.000628662761301, 0.000321770377923, 0.000327477027895, 0.000248757802183, 0.000153320812387, 0.000109225213237, 0.000210444937693, 6.84435435687e-05, 8.2775070041e-05, 5.80473570153e-05, 7.82147108112e-05, 0.000110000059067, 3.84601771657e-05, 4.04656893807e-05, 1.91594081116e-05, 2.50325338129e-05, 3.19280952681e-05, 1.50654923345e-05, 1.06159313873e-05, 1.11901008495e-05, 7.78989033279e-06, 5.28268856215e-06, 3.88557828046e-06, 2.64208983936e-06, 3.29646536557e-06, 2.77277104033e-06, 2.67040923063e-06, 2.91255537377e-06, 5.70482416151e-06, 7.71996110416e-06, 7.33111755835e-06, 3.96130781155e-06, 2.84137968265e-06, 1.88973592685e-06, 1.54472820668e-06],
        "dvar": [5.07996664965e-05, 2.69971296802e-05, 4.04096790589e-05, 5.48726529814e-06, 1.48916967646e-06, 6.72988676342e-07, 2.84925192773e-07, 1.40971479823e-07, 1.28725233139e-07, 4.64032225977e-08, 1.57582231708e-08, 1.3290878087e-07, 8.90626150607e-09, 1.06153068558e-08, 6.99019331307e-09, 1.21589120994e-08, 3.48401698602e-08, 3.80601195005e-09, 4.68809480125e-09, 5.4885451739e-10, 7.65928487301e-10, 1.44754441767e-09, 3.18344239858e-10, 1.54468174363e-10, 1.44275313918e-10, 7.96084448362e-11, 6.83524972733e-11, 2.73030591191e-11, 8.54224677105e-12, 8.54910586767e-12, 5.15914958324e-12, 7.55142736536e-12, 1.83845872553e-11, 1.23386759143e-10, 2.89013091237e-10, 2.53189275101e-10, 6.13564893337e-11, 2.22514472126e-11, 7.76300117938e-12, 5.97750798512e-12],
        "dvar2": [0.000100900921097, 6.11903160461e-05, 0.000112158188131, 1.59091614478e-05, 4.30778391092e-06, 1.80595156962e-06, 7.80860659688e-07, 3.43529194424e-07, 2.48875949183e-07, 8.71374083999e-08, 3.72218131872e-08, 3.73733087145e-07, 2.14230322371e-08, 2.34258070719e-08, 1.64240248068e-08, 2.82079799518e-08, 9.57715968752e-08, 1.04256772104e-08, 1.1120448562e-08, 1.27810229067e-09, 1.82105130975e-09, 3.84741749571e-09, 7.84021569888e-10, 3.55655699336e-10, 3.22555260279e-10, 1.84795775904e-10, 1.94515362151e-10, 7.29107538233e-11, 2.01968598096e-11, 1.94734749159e-11, 1.26356468691e-11, 1.85341846037e-11, 4.3585083459e-11, 3.24954618769e-10, 7.69346919505e-10, 6.75096423208e-10, 1.60381097292e-10, 5.83174480928e-11, 1.86623702603e-11, 1.43921341858e-11],
        "max": [0.0625832155347, 0.0552649088204, 0.0572497360408, 0.021409843117, 0.0150237362832, 0.00799184013158, 0.00694496603683, 0.00378535012715, 0.00506408046931, 0.00344298477285, 0.00139212713111, 0.00272805499844, 0.00142008590046, 0.0013598917285, 0.00167643360328, 0.00133805605583, 0.00129203812685, 0.000835825223476, 0.000947607972194, 0.000373173359549, 0.000286615511868, 0.000452389998827, 0.000145185549627, 0.000217770357267, 0.000144528588862, 0.000159384988365, 5.63723369851e-05, 6.9978828833e-05, 4.68204598292e-05, 4.45067707915e-05, 2.70342716249e-05, 3.98237534682e-05, 6.1017126427e-05, 0.00011963473662, 0.000168366052094, 0.000159204326337, 7.2355112934e-05, 5.6455428421e-05, 3.45108528563e-05, 2.49929962592e-05],
        "mean": [0.00930110923946, 0.00398019701242, 0.00175817660056, 0.00140060589183, 0.00103043927811, 0.000796244945377, 0.000270210905001, 0.00041600226541, 0.000398386531742, 0.000232501624851, 0.000137177747092, 0.000120016760775, 6.33702948107e-05, 0.000100556389953, 6.23197047389e-05, 8.2813166955e-05, 5.51416487724e-05, 2.52543759416e-05, 2.80889835267e-05, 2.26688425755e-05, 2.55628328887e-05, 2.78128591162e-05, 1.34552037707e-05, 1.16298779176e-05, 1.25190008475e-05, 8.17581712909e-06, 2.68188091468e-06, 2.6002192044e-06, 2.58529826169e-06, 3.84652639696e-06, 3.15113106808e-06, 2.67829204859e-06, 2.46387935476e-06, 3.5119533095e-06, 4.12995859733e-06, 3.96817858928e-06, 2.41510429078e-06, 1.93216237676e-06, 1.34691356379e-06, 1.11882161491e-06],
        "median": [0.00560449901968, 0.00213679578155, 0.000674837268889, 0.000985712278634, 0.000689412816428, 0.000479243870359, 9.81096818577e-05, 0.000180926756002, 9.80396143859e-05, 4.65949524369e-05, 3.76409334422e-05, 1.24487569337e-05, 1.70475104824e-05, 2.38170850935e-05, 7.824873137e-06, 8.80100287759e-06, 3.22761275129e-06, 2.44074976763e-06, 3.74920909962e-06, 4.31147645941e-06, 8.17887757876e-06, 1.12154039016e-05, 6.46738681098e-06, 5.25959467268e-06, 6.56277916278e-06, 4.04926095143e-06, 7.40642747132e-07, 7.59295858188e-07, 1.35354878239e-06, 2.28750172937e-06, 2.13073531086e-06, 1.4399797692e-06, 9.31179783947e-07, 8.53326469041e-07, 7.61793614856e-07, 7.27788915356e-07, 6.05447326052e-07, 5.44670854197e-07, 4.18672470914e-07, 3.06698012764e-07],
        "min": [8.89802836678e-24, 5.27681996821e-24, 5.09712337046e-24, 1.48327386084e-23, 1.24653268e-23, 1.06683994766e-23, 9.79230396591e-24, 1.65628888561e-23, 9.00098575897e-24, 6.58303163229e-24, 1.48154988422e-23, 1.36989372283e-23, 5.09301813831e-24, 8.39531413316e-24, 1.3733823813e-23, 7.92624166169e-24, 9.92313339159e-24, 7.94239595531e-24, 6.88606939359e-24, 1.38011609799e-23, 8.30176785157e-24, 7.14787418423e-24, 6.80306860459e-24, 5.99055252183e-24, 1.06700623954e-23, 9.90848818889e-24, 1.00564019752e-23, 1.10228102266e-23, 1.01332472826e-23, 9.79833244095e-24, 9.82614767646e-24, 6.0309709936e-24, 8.49345000749e-24, 1.2390362137e-23, 1.0619175345e-23, 7.03729718457e-24, 9.62692322143e-24, 1.07052164039e-23, 8.9578098239e-24, 1.09071324524e-23],
        "stdev": [0.0115136597306, 0.00671993521973, 0.00503253052011, 0.0019350318471, 0.00119980890304, 0.000986674102023, 0.000547439325601, 0.000588535971474, 0.000704339297954, 0.000400882563554, 0.000209158446523, 0.00030421584961, 0.000115919647214, 0.000186464516446, 0.000132686618599, 0.000186833814951, 0.000162598109455, 5.92453470745e-05, 7.5110598118e-05, 4.74706139357e-05, 3.93217014789e-05, 4.41574775323e-05, 2.0157534891e-05, 1.77128513315e-05, 1.77374058694e-05, 1.19203396025e-05, 6.67359017825e-06, 5.47102081327e-06, 4.25194320997e-06, 4.53358597952e-06, 3.48541584572e-06, 3.61772345059e-06, 4.46796684628e-06, 9.92084187601e-06, 1.46696938828e-05, 1.36216176543e-05, 7.09899268259e-06, 4.61696026832e-06, 3.06892980007e-06, 2.62939397544e-06],
        "var": [0.000132564367959, 4.51575324405e-05, 2.53263624472e-05, 3.74434830519e-06, 1.43954127907e-06, 9.73525857262e-07, 2.99689844496e-07, 3.46374605442e-07, 4.9609383268e-07, 1.60706818519e-07, 4.37472529313e-08, 9.25472889435e-08, 1.34373641103e-08, 3.47690161107e-08, 1.76057373125e-08, 3.49068756123e-08, 2.64381458948e-08, 3.5100111706e-09, 5.64160229644e-09, 2.25345919702e-09, 1.5461961711e-09, 1.94988292179e-09, 4.06326222668e-10, 3.13745113223e-10, 3.14615583585e-10, 1.42094502831e-10, 4.45368047997e-11, 2.99320672414e-11, 1.80790209192e-11, 2.0553400995e-11, 1.21481236529e-11, 1.3087922239e-11, 1.99627259168e-11, 9.8423103001e-11, 2.15199927323e-10, 1.85548465481e-10, 5.03956980313e-11, 2.13163237062e-11, 9.41832983131e-12, 6.91371222425e-12]
    },
    "melbands128": {
