{
"lowlevel": {
    "average_loudness": 0.963492691517,
    "barkbands_crest": {
        "dmean": 2.89590525627,
        "dmean2": 4.50725364685,
        "dvar": 8.63424968719,
        "dvar2": 21.4784755707,
        "max": 25.6016330719,
        "mean": 12.4585142136,
        "median": 11.6759519577,
        "min": 3.02740931511,
        "stdev": 5.19430065155,
        "var": 26.980758667
    },
    "barkbands_flatness_db": {
        "dmean": 0.0403546355665,
        "dmean2": 0.0550802499056,
        "dvar": 0.00181333813816,
        "dvar2": 0.0031334431842,
        "max": 0.483314692974,
        "mean": 0.184812143445,
        "median": 0.167869180441,
        "min": 0.030536243692,
        "stdev": 0.0856310501695,
        "var": 0.00733267702162
    },
    "barkbands_kurtosis": {
        "dmean": 10.961607933,
        "dmean2": 17.0021400452,
        "dvar": 459.2605896,
        "dvar2": 1118.24560547,
        "max": 288.752593994,
        "mean": 15.3007240295,
        "median": 6.70759677887,
        "min": -1.78240072727,
        "stdev": 25.995344162,
        "var": 675.757873535
    },
    "barkbands_skewness": {
        "dmean": 1.05878269672,
        "dmean2": 1.62435233593,
        "dvar": 1.606731534,
        "dvar2": 3.97869443893,
        "max": 12.6964998245,
        "mean": 2.60491299629,
        "median": 2.22661375999,
        "min": -2.01847624779,
        "stdev": 1.96619474888,
        "var": 3.86592197418
    },
    "barkbands_spread": {
        "dmean": 8.73016834259,
        "dmean2": 13.8059539795,
        "dvar": 160.138031006,
        "dvar2": 349.889526367,
        "max": 87.328704834,
        "mean": 16.5124702454,
        "median": 12.4772253036,
        "min": 0.347234576941,
        "stdev": 15.2796230316,
        "var": 233.466888428
    },
    "dissonance": {
        "dmean": 0.032040130347,
        "dmean2": 0.0519146323204,
        "dvar": 0.00101531215478,
        "dvar2": 0.00244798115455,
        "max": 0.498713612556,
        "mean": 0.439432650805,
        "median": 0.446711361408,
        "min": 0.0141847599298,
        "stdev": 0.0417486913502,
        "var": 0.00174295308534
    },
    "dynamic_complexity": 2.94244170189,
    "erbbands_crest": {
        "dmean": 2.76138305664,
        "dmean2": 4.33165359497,
        "dvar": 6.56369256973,
        "dvar2": 15.9158477783,
        "max": 26.3659210205,
        "mean": 9.36519050598,
        "median": 8.48404216766,
        "min": 2.59468841553,
        "stdev": 4.00012731552,
        "var": 16.0010204315
    },
    "erbbands_flatness_db": {
        "dmean": 0.0244695339352,
        "dmean2": 0.0346928015351,
        "dvar": 0.000634677009657,
        "dvar2": 0.00116266764235,
        "max": 0.303903758526,
        "mean": 0.151718273759,
        "median": 0.144020557404,
        "min": 0.0567666776478,
        "stdev": 0.0472519733012,
        "var": 0.00223274901509
    },
    "erbbands_kurtosis": {
        "dmean": 1.68674111366,
        "dmean2": 2.6485812664,
        "dvar": 6.74953222275,
        "dvar2": 16.4167995453,
        "max": 35.1811103821,
        "mean": 1.57435274124,
        "median": 0.801331758499,
        "min": -1.7785333395,
        "stdev": 3.16149973869,
        "var": 9.9950799942
    },
    "erbbands_skewness": {
        "dmean": 0.604215979576,
        "dmean2": 0.916265130043,
        "dvar": 0.410882204771,
        "dvar2": 0.938762485981,
        "max": 5.24468564987,
        "mean": 0.730540752411,
        "median": 0.739046514034,
        "min": -2.60779809952,
        "stdev": 0.881120026112,
        "var": 0.776372492313
    },
    "erbbands_spread": {
        "dmean": 14.2045583725,
        "dmean2": 22.3759021759,
        "dvar": 296.600067139,
        "dvar2": 697.828186035,
        "max": 154.643737793,
        "mean": 41.417263031,
        "median": 35.3953361511,
        "min": 4.71551418304,
        "stdev": 24.3040504456,
        "var": 590.686889648
    },
    "hfc": {
        "dmean": 13.1477117538,
        "dmean2": 22.6995811462,
        "dvar": 683.888671875,
        "dvar2": 1837.33422852,
        "max": 144.797073364,
        "mean": 17.3885040283,
        "median": 9.57542324066,
        "min": 1.22791084111e-16,
        "stdev": 23.6470756531,
        "var": 559.184204102
    },
    "loudness_ebu128": {
        "integrated": -12.5603971481,
        "loudness_range": 2.05895328522,
        "momentary": {
            "dmean": 0.738388240337,
            "dmean2": 0.940118610859,
            "dvar": 0.484612286091,
            "dvar2": 0.821473121643,
            "max": -9.04703998566,
            "mean": -12.9581251144,
            "median": -12.7748966217,
            "min": -17.6878433228,
            "stdev": 1.89400160313,
            "var": 3.58724212646
        },
        "short_term": {
            "dmean": 0.112814471126,
            "dmean2": 0.128718614578,
            "dvar": 0.0111324461177,
            "dvar2": 0.0114397890866,
            "max": -11.1097097397,
            "mean": -12.5636367798,
            "median": -12.5916557312,
            "min": -14.244134903,
            "stdev": 0.679121613503,
            "var": 0.461206138134
        }
    },
    "melbands_crest": {
        "dmean": 3.30301809311,
        "dmean2": 5.14302873611,
        "dvar": 11.4343109131,
        "dvar2": 27.8682041168,
        "max": 37.1478042603,
        "mean": 17.9248523712,
        "median": 16.6910820007,
        "min": 1.98515820503,
        "stdev": 7.46164703369,
        "var": 55.6761779785
    },
    "melbands_flatness_db": {
        "dmean": 0.0490373149514,
        "dmean2": 0.0663718879223,
        "dvar": 0.0027393263299,
        "dvar2": 0.00483167916536,
        "max": 0.592113435268,
        "mean": 0.261035263538,
        "median": 0.243799448013,
        "min": 0.00559130869806,
        "stdev": 0.107858605683,
        "var": 0.0116334781051
    },
    "melbands_kurtosis": {
        "dmean": 20.9188842773,
        "dmean2": 32.6865959167,
        "dvar": 1440.25146484,
        "dvar2": 3578.74853516,
        "max": 564.506225586,
        "mean": 33.5926971436,
        "median": 15.8960437775,
        "min": -1.50711810589,
        "stdev": 51.1822319031,
        "var": 2619.62084961
    },
    "melbands_skewness": {
        "dmean": 1.28275191784,
        "dmean2": 2.00403928757,
        "dvar": 2.22355818748,
        "dvar2": 5.55869722366,
        "max": 15.0975551605,
        "mean": 3.74971604347,
        "median": 3.26079034805,
        "min": -0.928356230259,
        "stdev": 2.56348323822,
        "var": 6.57144594193
    },
    "melbands_spread": {
        "dmean": 8.90481281281,
        "dmean2": 14.2128982544,
        "dvar": 219.722015381,
        "dvar2": 480.723724365,
        "max": 162.395736694,
        "mean": 15.93754673,
        "median": 10.5183897018,
        "min": 0.407305657864,
        "stdev": 17.6603317261,
        "var": 311.887298584
    },
    "pitch_salience": {
        "dmean": 0.0834848880768,
        "dmean2": 0.130575552583,
        "dvar": 0.00735801598057,
        "dvar2": 0.0175265017897,
        "max": 0.83984297514,
        "mean": 0.502388417721,
        "median": 0.532621622086,
        "min": 0.0993424355984,
        "stdev": 0.166816264391,
        "var": 0.0278276652098
    },
    "silence_rate_20dB": {
        "dmean": 0.0061919502914,
        "dmean2": 0.0123934932053,
        "dvar": 0.00615350203589,
        "dvar2": 0.0168879404664,
        "max": 1,
        "mean": 0.996133029461,
        "median": 1,
        "min": 0,
        "stdev": 0.0620638914406,
        "var": 0.00385192641988
    },
    "silence_rate_30dB": {
        "dmean": 0.0448916405439,
        "dmean2": 0.0898528248072,
        "dvar": 0.0428759939969,
        "dvar2": 0.0910735875368,
        "max": 1,
        "mean": 0.924207270145,
        "median": 1,
        "min": 0,
        "stdev": 0.264666736126,
        "var": 0.0700484886765
    },
    "silence_rate_60dB": {
        "dmean": 0.0301857590675,
        "dmean2": 0.0604182817042,
        "dvar": 0.0292748901993,
        "dvar2": 0.0676111280918,
        "max": 1,
        "mean": 0.0494972914457,
        "median": 0,
        "min": 0,
        "stdev": 0.216901898384,
        "var": 0.047046430409
    },
    "spectral_centroid": {
        "dmean": 405.510955811,
        "dmean2": 633.452819824,
        "dvar": 356703.84375,
        "dvar2": 700346.25,
        "max": 10645.2255859,
        "mean": 966.442504883,
        "median": 768.94152832,
        "min": 143.726776123,
        "stdev": 714.045227051,
        "var": 509860.59375
    },
    "spectral_complexity": {
        "dmean": 4.9210524559,
        "dmean2": 7.9357085228,
        "dvar": 59.2181282043,
        "dvar2": 131.084213257,
        "max": 55,
        "mean": 12.4485692978,
        "median": 11,
        "min": 0,
        "stdev": 8.86628437042,
        "var": 78.611000061
    },
    "spectral_decrease": {
        "dmean": 4.21227275282e-09,
        "dmean2": 6.51714238131e-09,
        "dvar": 1.19379910379e-16,
        "dvar2": 2.81965303801e-16,
        "max": 5.38123905205e-29,
        "mean": -9.76630420979e-09,
        "median": -4.90449680868e-09,
        "min": -1.306728592e-07,
        "stdev": 1.33007960201e-08,
        "var": 1.7691118225e-16
    },
    "spectral_energy": {
        "dmean": 0.0167678594589,
        "dmean2": 0.0261693820357,
        "dvar": 0.00178098178003,
        "dvar2": 0.00420927722007,
        "max": 0.496797174215,
        "mean": 0.0384375043213,
        "median": 0.0198192950338,
        "min": 1.09344278159e-20,
        "stdev": 0.0510849691927,
        "var": 0.00260967388749
    },
    "spectral_energyband_high": {
        "dmean": 0.000719842733815,
        "dmean2": 0.00121927505825,
        "dvar": 1.81482801054e-06,
        "dvar2": 4.59631655758e-06,
        "max": 0.00966215878725,
        "mean": 0.000737612484954,
        "median": 0.000234279767028,
        "min": 7.89916206737e-21,
        "stdev": 0.00129301531706,
        "var": 1.67188863998e-06
    },
    "spectral_energyband_low": {
        "dmean": 0.0112564442679,
        "dmean2": 0.0170450154692,
        "dvar": 0.00150037836283,
        "dvar2": 0.00357410428114,
        "max": 0.485141843557,
        "mean": 0.0238617639989,
        "median": 0.00478230044246,
        "min": 1.39859648998e-22,
        "stdev": 0.0468359068036,
        "var": 0.00219360203482
    },
    "spectral_energyband_middle_high": {
        "dmean": 0.00399560621008,
        "dmean2": 0.0070409765467,
        "dvar": 7.61311530368e-05,
        "dvar2": 0.0002102816361,
        "max": 0.0517299547791,
        "mean": 0.00465065380558,
        "median": 0.00127493601758,
        "min": 1.38922651374e-21,
        "stdev": 0.00820942502469,
        "var": 6.7394656071e-05
    },
    "spectral_energyband_middle_low": {
        "dmean": 0.00483920238912,
        "dmean2": 0.0078311720863,
        "dvar": 9.02339961613e-05,
        "dvar2": 0.000238461812842,
        "max": 0.153573587537,
        "mean": 0.0104041099548,
        "median": 0.00819382909685,
        "min": 3.34375595234e-22,
        "stdev": 0.0107138315216,
        "var": 0.000114786176709
    },
    "spectral_entropy": {
        "dmean": 0.369680702686,
        "dmean2": 0.510370612144,
        "dvar": 0.145471215248,
        "dvar2": 0.227646544576,
        "max": 9.792927742,
        "mean": 7.28422737122,
        "median": 7.32688951492,
        "min": 5.09523916245,
        "stdev": 0.65600502491,
        "var": 0.430342555046
    },
    "spectral_flux": {
        "dmean": 0.0400464348495,
        "dmean2": 0.0626898556948,
        "dvar": 0.0037683993578,
        "dvar2": 0.00706021115184,
        "max": 0.684195637703,
        "mean": 0.0858276933432,
        "median": 0.0615054219961,
        "min": 1.04567812742e-10,
        "stdev": 0.0785367563367,
        "var": 0.00616802228615
    },
    "spectral_kurtosis": {
        "dmean": 3.08915734291,
        "dmean2": 4.52537441254,
        "dvar": 31.8023223877,
        "dvar2": 63.3130073547,
        "max": 78.4959182739,
        "mean": 6.10033464432,
        "median": 3.66277647018,
        "min": -1.20577609539,
        "stdev": 8.0654335022,
        "var": 65.0512161255
    },
    "spectral_rms": {
        "dmean": 0.00114116014447,
        "dmean2": 0.0016973601887,
        "dvar": 3.5815648971e-06,
        "dvar2": 7.64818469179e-06,
        "max": 0.0220154523849,
        "mean": 0.00530202686787,
        "median": 0.00439726002514,
        "min": 3.26614972047e-12,
        "stdev": 0.00306405965239,
        "var": 9.38846187637e-06
    },
    "spectral_rolloff": {
        "dmean": 697.280883789,
        "dmean2": 1205.04199219,
        "dvar": 2185290,
        "dvar2": 4726089,
        "max": 18776.953125,
        "mean": 1060.58764648,
        "median": 559.86328125,
        "min": 21.533203125,
        "stdev": 1570.63378906,
        "var": 2466890.5
    },
    "spectral_skewness": {
        "dmean": 0.43885537982,
        "dmean2": 0.622198998928,
        "dvar": 0.293885916471,
        "dvar2": 0.537203133106,
        "max": 6.89631700516,
        "mean": 1.88445448875,
        "median": 1.68644845486,
        "min": 0.0176447555423,
        "stdev": 0.878335773945,
        "var": 0.771473765373
    },
    "spectral_spread": {
        "dmean": 1057837.375,
        "dmean2": 1560778.25,
        "dvar": 1.79909492736e+12,
        "dvar2": 2.74967114547e+12,
        "max": 40888084,
        "mean": 5422684.5,
        "median": 5350452.5,
        "min": 1053070.75,
        "stdev": 2145000,
        "var": 4.60102513459e+12
    },
    "spectral_strongpeak": {
        "dmean": 0.323731541634,
        "dmean2": 0.518237352371,
        "dvar": 0.389355629683,
        "dvar2": 0.780764400959,
        "max": 8.60008525848,
        "mean": 0.752644121647,
        "median": 0.492449820042,
        "min": 0,
        "stdev": 1.04109978676,
        "var": 1.08388888836
    },
    "zerocrossingrate": {
        "dmean": 0.0151182003319,
        "dmean2": 0.0183391030878,
        "dvar": 0.000505428179167,
        "dvar2": 0.000626939407084,
        "max": 0.48681640625,
        "mean": 0.0447175763547,
        "median": 0.037109375,
        "min": 0.0009765625,
        "stdev": 0.038140617311,
        "var": 0.00145470676944
    },
    "barkbands": {
        "dmean": [0.0010175453499, 0.00810819584876, 0.00285596493632, 0.00197045970708, 0.00218065222725, 0.00056383642368, 0.000785006210208, 0.000540166744031, 0.000528930686414, 0.000397576368414, 0.000709932064638, 0.000865257403348, 0.000316922087222, 0.000521708920132, 0.000247619085712, 0.000299815117614, 0.000640070997179, 0.000249412172707, 0.000244871916948, 0.000267374474788, 0.000115632145025, 0.000202547817025, 0.000121584409499, 0.000100385521364, 8.51727090776e-05, 5.25378382008e-05, 1.82005317129e-06],
        "dmean2": [0.00154438905884, 0.0123380385339, 0.00472671724856, 0.00320078409277, 0.00350373284891, 0.000913330528419, 0.00126526446547, 0.000888254202437, 0.000832961930428, 0.000607304740697, 0.00129266956355, 0.0014152006479, 0.000485106691485, 0.000946087471675, 0.000425351667218, 0.000530734425411, 0.00122430105694, 0.000452239793958, 0.000449215731351, 0.000484358461108, 0.000196019274881, 0.000354009622242, 0.000201394839678, 0.000165611010743, 0.000141112148413, 8.98056678125e-05, 3.27358020513e-06],
        "dvar": [1.42848293763e-05, 0.00112925795838, 9.38882221817e-05, 2.2987011107e-05, 1.60611962201e-05, 9.98275027086e-07, 1.58146613103e-05, 4.04423099098e-06, 2.03995546144e-06, 1.72073487192e-06, 2.97978363051e-06, 4.13256748288e-06, 7.7204884974e-07, 1.63902029726e-06, 3.00725218949e-07, 5.00642613588e-07, 3.21154038829e-06, 3.00775411688e-07, 3.44831192933e-07, 3.68376930737e-07, 5.21264311715e-08, 1.90274406009e-07, 5.58838983977e-08, 3.32851399776e-08, 2.00637515491e-08, 8.64140936585e-09, 1.61816931382e-11],
        "dvar2": [3.35852855642e-05, 0.00279490207322, 0.000260883243755, 6.28144989605e-05, 4.05724749726e-05, 2.50583366324e-06, 4.31726766692e-05, 1.1456680113e-05, 5.17682201462e-06, 4.54259816252e-06, 8.2873602878e-06, 8.99682618183e-06, 1.45451247135e-06, 4.68839880341e-06, 7.9319266888e-07, 1.36638868753e-06, 9.20291495277e-06, 8.32847092624e-07, 9.66305606198e-07, 1.020080731e-06, 1.33013287495e-07, 5.1055133099e-07, 1.35137511847e-07, 8.11616658325e-08, 4.89732414621e-08, 2.20877751644e-08, 4.38925944202e-11],
        "max": [0.0554330833256, 0.438056647778, 0.155696809292, 0.0675343871117, 0.0528967678547, 0.0157614257187, 0.106442406774, 0.0400835350156, 0.0207308288664, 0.0292519032955, 0.011862593703, 0.0334891527891, 0.0230572633445, 0.0112215075642, 0.00525351986289, 0.00536342943087, 0.00923682097346, 0.00309273926541, 0.00368679268286, 0.00319549441338, 0.00268064136617, 0.00323292077519, 0.00202415627427, 0.00191248313058, 0.000972433830611, 0.000505197502207, 3.45425905834e-05],
        "mean": [0.00238625216298, 0.0166344158351, 0.00368555099703, 0.00265524792485, 0.00405275356025, 0.000887748436071, 0.0010896109743, 0.000747930782381, 0.000866443442646, 0.000660774239805, 0.000565486086998, 0.00104772089981, 0.000609858194366, 0.000422614772106, 0.000230374673265, 0.000235459199757, 0.000378008204279, 0.000213036168134, 0.000195410466404, 0.000212556435145, 0.000111736939289, 0.000182960255188, 0.000132095214212, 0.000104447564809, 8.29238779261e-05, 4.47833008366e-05, 1.29166789975e-06],
        "median": [2.83514254988e-05, 0.000624021689873, 0.00121636979748, 0.000693799753208, 0.00247655017301, 0.000481447787024, 0.000306806643493, 0.000178608563147, 0.000194627136807, 0.000126658720546, 4.02839614253e-05, 0.000121139819385, 6.66699197609e-05, 3.47829627572e-05, 2.90819534712e-05, 2.36806718021e-05, 1.7663154722e-05, 4.15592330683e-05, 3.95550123358e-05, 2.77523777186e-05, 2.6146073651e-05, 4.00929893658e-05, 3.62804166798e-05, 2.67574905592e-05, 2.35214356508e-05, 1.16731671369e-05, 7.9111487139e-08],
        "min": [5.7462994919e-23, 4.45048343683e-23, 2.16336362678e-23, 4.95099674853e-23, 7.75353460822e-23, 5.60968329816e-23, 3.17712404291e-23, 3.43233916287e-23, 6.20104120062e-23, 1.38441655744e-22, 3.67105320596e-23, 8.28537642637e-23, 1.02788197297e-22, 1.55583691567e-22, 1.10438507247e-22, 9.69706699763e-23, 9.75337778231e-23, 1.23836886893e-22, 2.3724710259e-22, 3.90515884985e-22, 3.96200025393e-22, 7.03967253942e-22, 5.30424771525e-22, 8.77189698644e-22, 1.33963707641e-21, 1.90379232855e-21, 2.20858859334e-21],
        "stdev": [0.00643432466313, 0.0395162478089, 0.00915822386742, 0.00541865220293, 0.00494359619915, 0.00123487692326, 0.00387767679058, 0.00196395348758, 0.00185082678217, 0.00166538648773, 0.0014386359835, 0.0029659809079, 0.00191158277448, 0.00114240287803, 0.000531673373189, 0.000599954626523, 0.0013347362401, 0.000450823194114, 0.00047058382188, 0.00050119770458, 0.000228796940064, 0.000388680433389, 0.000245477538556, 0.000195398111828, 0.000140496151289, 8.40885259095e-05, 3.36058928951e-06],
        "var": [4.14005335188e-05, 0.00156153377611, 8.38730629766e-05, 2.9361792258e-05, 2.44391430897e-05, 1.52492111738e-06, 1.50363766807e-05, 3.85711291528e-06, 3.42555995303e-06, 2.77351205114e-06, 2.06967365557e-06, 8.79704293766e-06, 3.65414848602e-06, 1.30508431084e-06, 2.82676580809e-07, 3.59945573791e-07, 1.78152072294e-06, 2.0324154093e-07, 2.2144912748e-07, 2.5119911129e-07, 5.23480387926e-08, 1.510724843e-07, 6.02592180599e-08, 3.81804241556e-08, 1.97391685219e-08, 7.0708803257e-09, 1.12935598373e-11]
    },
    "erbbands": {
        "dmean": [0.303475499153, 1.66646635532, 3.24408173561, 5.28612804413, 6.34200620651, 7.66484022141, 6.6120724678, 4.63880300522, 7.66282272339, 14.8023204803, 10.6152305603, 12.080906868, 13.1052827835, 12.6674747467, 40.4836540222, 24.8486499786, 14.2606124878, 22.6562709808, 17.7589416504, 16.1257534027, 17.7679843903, 35.4982147217, 17.2267189026, 15.5560693741, 10.3123121262, 11.98645401, 5.6619477272, 4.59025859833, 6.58157634735, 5.90381574631, 3.44116163254, 1.91698122025, 1.73900234699, 0.98463010788, 0.612351953983, 0.288032144308, 0.0909662172198, 0.0093794837594, 0.000261094974121, 2.69305874099e-05],
        "dmean2": [0.448394656181, 2.52576732635, 5.29827451706, 8.66131210327, 10.1020421982, 12.4526376724, 10.6824560165, 7.40516090393, 12.4225883484, 23.828502655, 17.5684337616, 18.9267196655, 19.522769928, 20.9236087799, 71.3396453857, 40.3282737732, 21.3518009186, 40.6207809448, 32.3695640564, 28.2452259064, 31.7920589447, 67.8016586304, 31.9406642914, 28.7390441895, 18.6330680847, 21.5842437744, 9.89730739594, 7.68747520447, 11.4243822098, 10.2413110733, 5.72243976593, 3.13436198235, 2.89907026291, 1.60327577591, 1.02521252632, 0.484872072935, 0.15888184309, 0.0165334641933, 0.000461643387098, 4.37445414718e-05],
        "dvar": [1.67462086678, 50.5597991943, 147.300918579, 172.943023682, 216.959899902, 180.034286499, 132.578964233, 100.010185242, 342.178924561, 11215.6494141, 1523.1517334, 1309.16442871, 1399.82983398, 561.040710449, 8670.37890625, 3351.53320312, 1555.51831055, 2945.45605469, 1985.99206543, 1312.12011719, 1828.27087402, 9796.74023438, 1713.59399414, 1444.95922852, 567.830444336, 731.936218262, 126.686256409, 95.6677398682, 189.652282715, 143.392089844, 49.0479660034, 12.9112415314, 10.0266828537, 2.7183406353, 1.06448554993, 0.24664516747, 0.0306600145996, 0.000326122913975, 2.56151281519e-07, 2.79984480045e-09],
        "dvar2": [4.48617172241, 122.596244812, 402.187805176, 458.476776123, 564.025146484, 455.79574585, 302.12298584, 256.965515137, 881.823791504, 30753.3789062, 4357.84033203, 3454.33813477, 3626.45849609, 1447.61669922, 23623.1074219, 7775.33935547, 2923.04345703, 8236.0078125, 5546.05859375, 3557.58911133, 5050.16210938, 28066.6210938, 4840.14501953, 4064.31958008, 1579.1763916, 2023.12145996, 333.272644043, 237.392181396, 492.731262207, 383.610900879, 117.3436203, 30.2103328705, 24.9441814423, 6.648624897, 2.63813781738, 0.611215591431, 0.0813703909516, 0.000859615800437, 6.80242806084e-07, 6.69426780675e-09],
        "max": [19.9336681366, 90.9914245605, 187.885467529, 167.892868042, 225.889953613, 211.929382324, 140.951477051, 189.211364746, 296.111846924, 2894.30224609, 901.615661621, 573.74786377, 764.988037109, 333.553314209, 700.765197754, 822.846679688, 1203.41149902, 617.765441895, 411.48348999, 242.090911865, 273.912719727, 518.217224121, 232.453063965, 207.705871582, 153.707122803, 153.767181396, 86.8427429199, 104.665901184, 131.574417114, 109.915527344, 59.696182251, 47.3158569336, 25.2132835388, 11.8561229706, 6.23873853683, 3.12238359451, 1.18331193924, 0.092214204371, 0.00420913286507, 0.000543283007573],
        "mean": [0.672768652439, 2.92622113228, 4.45639228821, 7.35012197495, 10.0782995224, 13.9272356033, 12.0895833969, 7.3815536499, 12.1992044449, 19.4100475311, 15.1882343292, 18.3969116211, 22.7914085388, 17.5935554504, 38.9290351868, 30.071641922, 28.4872684479, 23.4372768402, 14.21571064, 15.16639328, 13.8253307343, 21.5389213562, 13.1134824753, 11.735045433, 9.26007270813, 9.68078231812, 5.05764389038, 4.66294765472, 5.9267873764, 5.83979940414, 3.68654227257, 2.09217357635, 1.78668665886, 0.984609484673, 0.567592918873, 0.258329898119, 0.0732347518206, 0.00735139893368, 0.000215689782635, 5.17235603184e-05],
        "median": [0.0127204256132, 0.166025087237, 1.34402275085, 2.56084609032, 4.54413032532, 8.27528572083, 5.36453962326, 3.84957528114, 4.300344944, 5.24090862274, 5.2760424614, 4.73071241379, 5.37720441818, 5.38899326324, 5.12215185165, 4.76809406281, 3.59571480751, 2.45823097229, 1.66781234741, 1.7052192688, 1.51546645164, 1.32563912868, 2.09088563919, 2.35480046272, 1.49740874767, 1.36193299294, 1.09983026981, 1.18917024136, 1.32289123535, 1.39214730263, 0.994913101196, 0.590804636478, 0.414247721434, 0.24620655179, 0.160698965192, 0.0722851604223, 0.0146703226492, 0.00121052504983, 5.11867838213e-05, 2.91683045361e-05],
        "min": [2.92184910837e-21, 3.96134170023e-21, 1.83610427635e-20, 1.33084933657e-19, 1.02342527085e-19, 3.13966379361e-19, 5.23202490788e-19, 4.23332296694e-19, 3.50601123016e-19, 8.38522809715e-19, 6.94619697814e-19, 1.85962319898e-18, 1.88270608756e-18, 4.83707594389e-18, 2.10619167751e-18, 3.6816303596e-18, 4.25222492282e-18, 9.3556848704e-18, 4.68557243802e-18, 6.08402342035e-18, 5.82662218452e-18, 5.42402055909e-18, 7.48333591128e-18, 7.54274815878e-18, 1.41912346661e-17, 2.0931628384e-17, 1.38782162874e-17, 2.16088808562e-17, 2.22194394099e-17, 1.84522984273e-17, 1.51897078399e-17, 1.56226640986e-17, 1.79023391252e-17, 1.66046449454e-17, 8.15501980357e-18, 5.17045826848e-18, 3.5599562274e-18, 1.41800087912e-18, 3.46415821761e-19, 3.39769057185e-20],
        "stdev": [1.65655171871, 7.78396701813, 11.4854774475, 14.3874549866, 16.5668239594, 17.3841247559, 19.097902298, 11.5955648422, 23.3041038513, 101.634338379, 35.4992332458, 40.1181373596, 50.1146316528, 28.952381134, 89.6502227783, 76.153678894, 88.4554672241, 58.7031745911, 36.9948768616, 35.8889579773, 35.3716163635, 73.7934112549, 32.2599639893, 29.5478973389, 20.2192153931, 22.4727191925, 10.598154068, 9.80392074585, 12.6604328156, 11.2401609421, 7.15273952484, 4.22761297226, 3.25410747528, 1.69027733803, 0.991899490356, 0.465871632099, 0.150586366653, 0.015580621548, 0.000432811968494, 6.08507434663e-05],
        "var": [2.7441637516, 60.5901412964, 131.91619873, 206.99887085, 274.459625244, 302.207794189, 364.729888916, 134.457122803, 543.081298828, 10329.5390625, 1260.19555664, 1609.46496582, 2511.47631836, 838.24041748, 8037.16259766, 5799.38232422, 7824.36914062, 3446.06274414, 1368.62084961, 1288.01721191, 1251.15124512, 5445.46728516, 1040.7052002, 873.078186035, 408.816650391, 505.023101807, 112.320877075, 96.1168670654, 160.286560059, 126.34122467, 51.1616821289, 17.872713089, 10.5892152786, 2.85703754425, 0.983864605427, 0.217036366463, 0.0226762536913, 0.000242755777435, 1.87326193668e-07, 3.70281316719e-09]
    },
    "gfcc": {
        "mean": [-27.7150650024, 96.8847198486, -87.3911437988, 30.5146121979, -62.7097587585, 20.9285964966, -36.3923034668, 6.21068382263, -30.964176178, -1.16637825966, -17.7645168304, 1.0933150053, -15.2232437134],
        "cov": [[8230.65332031, -2416.73120117, -1328.60290527, 212.872268677, -364.577941895, 370.588592529, -412.8387146, 349.906066895, -363.964599609, 192.149780273, -232.950408936, 344.961914062, -191.85383606], [-2416.73120117, 2029.23742676, 444.211700439, -216.9324646, 310.781860352, -102.44934845, 363.037475586, -132.728866577, 279.964752197, -102.981376648, 254.438995361, -196.243728638, 147.918258667], [-1328.60290527, 444.211700439, 966.401000977, 196.894638062, 134.510070801, 54.7678031921, 153.718429565, 44.5446815491, 149.415740967, 49.8883247375, 24.5446929932, -11.8355007172, 106.681335449], [212.872268677, -216.9324646, 196.894638062, 468.841430664, 182.223953247, 6.10807704926, 12.5497283936, 75.0067749023, 82.2249221802, 36.058631897, -19.5278930664, 39.616973877, 71.85572052], [-364.577941895, 310.781860352, 134.510070801, 182.223953247, 406.310180664, 36.2499313354, 109.450256348, 42.7252388, 123.668708801, 13.6624174118, 76.3919525146, -4.76802778244, 83.1855545044], [370.588592529, -102.44934845, 54.7678031921, 6.10807704926, 36.2499313354, 222.433029175, 64.9506835938, 41.8866615295, 6.92427253723, 46.0689125061, 35.1143455505, 11.6150188446, 17.8872280121], [-412.8387146, 363.037475586, 153.718429565, 12.5497283936, 109.450256348, 64.9506835938, 268.367950439, 29.3429813385, 58.5001106262, 17.5183830261, 114.104751587, -7.48142957687, 49.5912094116], [349.906066895, -132.728866577, 44.5446815491, 75.0067749023, 42.7252388, 41.8866615295, 29.3429813385, 150.527481079, 34.7625045776, 39.7839698792, 8.54356765747, 46.9425315857, 19.8819274902], [-363.964599609, 279.964752197, 149.415740967, 82.2249221802, 123.668708801, 6.92427253723, 58.5001106262, 34.7625045776, 221.792449951, 34.2444648743, 31.5319061279, -16.27368927, 67.6039886475], [192.149780273, -102.981376648, 49.8883247375, 36.058631897, 13.6624174118, 46.0689125061, 17.5183830261, 39.7839698792, 34.2444648743, 106.74079895, 27.8988857269, 26.2334918976, 14.9259977341], [-232.950408936, 254.438995361, 24.5446929932, -19.5278930664, 76.3919525146, 35.1143455505, 114.104751587, 8.54356765747, 31.5319061279, 27.8988857269, 163.355636597, 11.0500822067, 38.4565849304], [344.961914062, -196.243728638, -11.8355007172, 39.616973877, -4.76802778244, 11.6150188446, -7.48142957687, 46.9425315857, -16.27368927, 26.2334918976, 11.0500822067, 124.047447205, 27.4912662506], [-191.85383606, 147.918258667, 106.681335449, 71.85572052, 83.1855545044, 17.8872280121, 49.5912094116, 19.8819274902, 67.6039886475, 14.9259977341, 38.4565849304, 27.4912662506, 108.171089172]],
        "icov": [[0.000318161823088, -8.28520351206e-05, 0.000483709765831, -0.000378163123969, 0.000214396568481, -0.00065030681435, 0.000213349208934, -0.00052510300884, 0.000247406831477, -0.000421847624239, 0.000372748996597, -0.000546935247257, 0.000303183362121], [-8.28520351206e-05, 0.00239225360565, -0.000921656086575, 0.0018960298039, -0.00104519282468, 0.00175461289473, -0.00146972900257, 0.00113899423741, -0.00179230619688, 0.00222763721831, -0.00217046169564, 0.00249217683449, -0.00183965743054], [0.000483709765831, -0.000921656086575, 0.00239040912129, -0.00158753793221, 0.000797402288299, -0.00161159504205, 2.11237784242e-05, -0.00104232784361, 0.000547634903342, -0.00173255614936, 0.00181260146201, -0.00126373616513, 0.000224058021558], [-0.000378163123969, 0.0018960298039, -0.00158753793221, 0.00507030775771, -0.00239151180722, 0.00233509181999, -0.000984069076367, 0.000504619907588, -0.00153145007789, 0.00142723368481, -0.000814236118458, 0.00188404961955, -0.00268364744261], [0.000214396568481, -0.00104519282468, 0.000797402288299, -0.00239151180722, 0.00462061306462, -0.00143872911576, 0.000151749482029, -0.0010371573735, -0.000341211154591, -0.000231499332585, -0.000202270268346, -0.000651535228826, -9.99676485662e-05], [-0.00065030681435, 0.00175461289473, -0.00161159504205, 0.00233509181999, -0.00143872911576, 0.007882415317, -0.00241197948344, 0.000673850823659, -0.000771349761635, 0.000107175932499, -0.00204276479781, 0.00306187430397, -0.00231423857622], [0.000213349208934, -0.00146972900257, 2.11237784242e-05, -0.000984069076367, 0.000151749482029, -0.00241197948344, 0.00749249523506, -0.00190834491514, 0.00100103206933, -0.000546804338228, -0.00243195518851, -0.000901814782992, 0.000762621581089], [-0.00052510300884, 0.00113899423741, -0.00104232784361, 0.000504619907588, -0.0010371573735, 0.000673850823659, -0.00190834491514, 0.0104502225295, -0.00231805024669, -0.000127596707898, -0.000586176291108, -0.00136638060212, -0.000133810346597], [0.000247406831477, -0.00179230619688, 0.000547634903342, -0.00153145007789, -0.000341211154591, -0.000771349761635, 0.00100103206933, -0.00231805024669, 0.00859298650175, -0.0039204293862, 0.00206917640753, 0.000206298544072, -0.00189348973799], [-0.000421847624239, 0.00222763721831, -0.00173255614936, 0.00142723368481, -0.000231499332585, 0.000107175932499, -0.000546804338228, -0.000127596707898, -0.0039204293862, 0.0151277892292, -0.00488303182647, 0.000958883960266, -0.000744263466913], [0.000372748996597, -0.00217046169564, 0.00181260146201, -0.000814236118458, -0.000202270268346, -0.00204276479781, -0.00243195518851, -0.000586176291108, 0.00206917640753, -0.00488303182647, 0.0126275783405, -0.00357692153193, -0.000101280420495], [-0.000546935247257, 0.00249217683449, -0.00126373616513, 0.00188404961955, -0.000651535228826, 0.00306187430397, -0.000901814782992, -0.00136638060212, 0.000206298544072, 0.000958883960266, -0.00357692153193, 0.0145155247301, -0.00640251860023], [0.000303183362121, -0.00183965743054, 0.000224058021558, -0.00268364744261, -9.99676485662e-05, -0.00231423857622, 0.000762621581089, -0.000133810346597, -0.00189348973799, -0.000744263466913, -0.000101280420495, -0.00640251860023, 0.0169434845448]]
    },
    "melbands": {
        "dmean": [0.00245794910006, 0.00178269157186, 0.000896049197763, 0.000490747392178, 0.000253845471889, 0.000103881771793, 0.000124465004774, 0.000155515692313, 8.1181016867e-05, 7.76375818532e-05, 6.75043847878e-05, 5.0369395467e-05, 0.000120259705, 0.000125116741401, 2.73167206615e-05, 3.48132780346e-05, 4.72386054753e-05, 3.46412853105e-05, 1.94814692804e-05, 2.17130673263e-05, 2.17535798583e-05, 3.99234231736e-05, 2.20151523536e-05, 1.10191285785e-05, 1.37459755933e-05, 6.19242428002e-06, 1.06705347207e-05, 7.03620844433e-06, 3.64521451957e-06, 2.86862950816e-06, 2.76870423477e-06, 3.3522396734e-06, 4.78978017782e-06, 2.73654472949e-06, 2.1686096261e-06, 1.35951233915e-06, 1.13365501875e-06, 1.30008334054e-06, 1.05812785023e-06, 7.95340099558e-07],
        "dmean2": [0.00371975521557, 0.00277895550244, 0.00145299639553, 0.000779585796408, 0.000411085464293, 0.000165683857631, 0.000202383045689, 0.000250645243796, 0.000134162604809, 0.000121374047012, 9.965870413e-05, 8.00425113994e-05, 0.000215665990254, 0.000206458353205, 4.22315279138e-05, 5.3474726883e-05, 8.56488695717e-05, 6.37180201011e-05, 3.36178709404e-05, 3.88797052437e-05, 3.90828681702e-05, 7.63166754041e-05, 4.17117480538e-05, 1.96931014216e-05, 2.55173836194e-05, 1.10725895865e-05, 1.9751909349e-05, 1.26637751237e-05, 6.39319341644e-06, 4.81053302792e-06, 4.68749749416e-06, 5.71269811189e-06, 8.57696068124e-06, 4.61932859253e-06, 3.61695174433e-06, 2.20855690714e-06, 1.8905543584e-06, 2.19913704314e-06, 1.7492261577e-06, 1.30260684728e-06],
        "dvar": [0.000102858561149, 4.50627558166e-05, 4.32955494034e-06, 8.810383747e-07, 1.90793883803e-07, 4.32576250375e-08, 1.42390462088e-07, 9.83864424597e-07, 8.2163765569e-08, 5.31815160798e-08, 3.94552230887e-08, 1.06595736682e-08, 8.02914712494e-08, 8.80119728208e-08, 9.73047953323e-09, 1.17135448008e-08, 1.3795277809e-08, 7.75453123936e-09, 1.89905602355e-09, 2.72669398171e-09, 2.75928813132e-09, 1.25698704778e-08, 3.25052917916e-09, 5.6715071528e-10, 1.16284937235e-09, 1.87469179069e-10, 6.9046052209e-10, 2.3559437734e-10, 5.03743574631e-11, 3.51756124228e-11, 4.1277342655e-11, 4.80749051679e-11, 1.13841949756e-10, 2.6955524618e-11, 2.03431767959e-11, 6.97730631952e-12, 4.72253009268e-12, 5.95386760727e-12, 3.48312568024e-12, 1.8127163182e-12],
        "dvar2": [0.00026466322015, 0.000114516820759, 1.15205702969e-05, 2.18013042286e-06, 4.63830303943e-07, 1.10010809351e-07, 3.82468300586e-07, 2.7019789286e-06, 2.35831379314e-07, 1.39731952231e-07, 1.02538599833e-07, 2.71922999673e-08, 2.23113374886e-07, 1.94461136971e-07, 2.48543052805e-08, 2.24742233712e-08, 3.9379045802e-08, 2.17395754731e-08, 5.01656893803e-09, 7.59887264223e-09, 7.60547891332e-09, 3.60234899688e-08, 9.29179932996e-09, 1.54735768643e-09, 3.28104343694e-09, 5.14686848696e-10, 1.9397312645e-09, 6.40758446302e-10, 1.30975966184e-10, 8.83783324301e-11, 1.04527442257e-10, 1.19797852194e-10, 3.16448534043e-10, 6.98307037195e-11, 4.89902528267e-11, 1.54428310417e-11, 1.16078657103e-11, 1.48269539008e-11, 8.75505570819e-12, 4.37856868818e-12],
        "max": [0.140672668815, 0.0868129506707, 0.0231344494969, 0.0127823613584, 0.00550379091874, 0.00374170369469, 0.0088001228869, 0.0270627811551, 0.00660976348445, 0.00368106388487, 0.00417668977752, 0.00188652856741, 0.00181669613812, 0.00476957159117, 0.00206107320264, 0.00308838649653, 0.00136493274476, 0.000721719989087, 0.000440065923613, 0.000365440675523, 0.000374078372261, 0.000596511003096, 0.000311571900966, 0.000137631650432, 0.000191282349988, 9.59911558311e-05, 0.000141650700243, 0.000124892976601, 5.58558094781e-05, 9.36204596655e-05, 8.03770526545e-05, 8.04921801318e-05, 8.16335959826e-05, 4.8214373237e-05, 4.0256712964e-05, 3.9932459913e-05, 2.60098095168e-05, 2.22704566113e-05, 1.57749727805e-05, 9.22067283682e-06],
        "mean": [0.00529075460508, 0.0028150123544, 0.00132657121867, 0.000895064848009, 0.000476885645185, 0.000165300618391, 0.000191330604139, 0.000210792131838, 0.000116033719678, 0.000118637733976, 0.000117582298117, 7.39783135941e-05, 0.000108804924821, 0.000140598058351, 3.93273912778e-05, 6.88976942911e-05, 4.10737084167e-05, 2.56705407082e-05, 1.81453797268e-05, 1.8081662347e-05, 1.62947198987e-05, 2.3695454729e-05, 1.46760457937e-05, 9.58343935054e-06, 9.91113029158e-06, 5.69407393414e-06, 8.55107282405e-06, 5.72677436139e-06, 3.18831257573e-06, 2.62870821643e-06, 2.78637844531e-06, 3.03430215354e-06, 4.09508811572e-06, 2.87112584374e-06, 2.25294206757e-06, 1.54581005063e-06, 1.1490626548e-06, 1.29007401029e-06, 1.08016922695e-06, 7.62032300372e-07],
        "median": [0.000154135908815, 0.000683625286911, 0.000514064216986, 0.000541221234016, 0.0002420086239, 8.80063380464e-05, 6.91094028298e-05, 5.56006307306e-05, 3.80107994715e-05, 2.70244909188e-05, 2.33877253777e-05, 1.9095990865e-05, 1.35960626721e-05, 1.35655564009e-05, 6.72711257721e-06, 6.47161232337e-06, 3.40454971592e-06, 2.16037756218e-06, 2.18817672248e-06, 1.72651891717e-06, 1.48903336594e-06, 1.01692694443e-06, 1.49766276536e-06, 1.93467508325e-06, 1.70756106854e-06, 1.20822051031e-06, 8.57553231981e-07, 7.72215742018e-07, 6.38334370251e-07, 4.70375510986e-07, 6.80973016642e-07, 6.8550849619e-07, 8.15602959392e-07, 7.03276782588e-07, 5.76477987124e-07, 4.26079367344e-07, 2.9405870805e-07, 2.66574346597e-07, 2.357508464e-07, 1.78818027052e-07],
        "min": [2.1169636172e-23, 9.87225265207e-24, 1.97404237378e-23, 1.31640800683e-23, 1.90936808578e-23, 9.57937541923e-24, 5.16716435808e-24, 8.93995711276e-24, 5.52063715249e-24, 1.11610147129e-23, 9.04452299233e-24, 2.05140675162e-23, 5.63093568426e-24, 1.00851669992e-23, 7.51207785354e-24, 1.09882589079e-23, 1.87990476206e-23, 6.77882138694e-24, 8.19440151579e-24, 6.49362016514e-24, 7.05585829281e-24, 4.77151353765e-24, 7.77230176693e-24, 5.62965496858e-24, 5.89263437311e-24, 9.35503994387e-24, 1.1865616596e-23, 1.39209147985e-23, 8.36454776899e-24, 9.37431102692e-24, 1.41075939985e-23, 1.31102568776e-23, 1.23268809222e-23, 8.56518270732e-24, 8.01683918121e-24, 9.70346245076e-24, 9.90585339347e-24, 1.24827464265e-23, 1.32967286072e-23, 1.35910447223e-23],
        "stdev": [0.0124236810952, 0.00680184364319, 0.00231676641852, 0.00116276822519, 0.000698404328432, 0.000250732555287, 0.000414908718085, 0.000961212557741, 0.000257598148892, 0.000263610127149, 0.000266518531134, 0.000138026298373, 0.000246688548941, 0.000416384398704, 0.000111923487566, 0.000238882843405, 0.000112889836601, 7.2127499152e-05, 4.25334037573e-05, 4.51897758467e-05, 4.31241605838e-05, 8.35328537505e-05, 4.30545187555e-05, 2.00385984499e-05, 2.62981993728e-05, 1.19246697068e-05, 2.11779770325e-05, 1.3147111531e-05, 6.83867074258e-06, 6.07907213634e-06, 6.1821538111e-06, 6.67977610647e-06, 9.03005002328e-06, 5.29506360181e-06, 4.53482516605e-06, 3.16365390063e-06, 2.38730194724e-06, 2.47939124165e-06, 1.92542916011e-06, 1.36495293646e-06],
        "var": [0.00015434785746, 4.62650750706e-05, 5.36740662938e-06, 1.35203003993e-06, 4.87768602397e-07, 6.28668175295e-08, 1.72149242417e-07, 9.23929633245e-07, 6.63568044956e-08, 6.94903050658e-08, 7.10321259589e-08, 1.9051260125e-08, 6.08552355175e-08, 1.73375966028e-07, 1.25268666551e-08, 5.70650158238e-08, 1.27441150966e-08, 5.20237630752e-09, 1.80909043301e-09, 2.04211580979e-09, 1.85969317723e-09, 6.97773749891e-09, 1.8536915336e-09, 4.01545435791e-10, 6.91595281044e-10, 1.42197753572e-10, 4.48506676243e-10, 1.72846542634e-10, 4.67674163285e-11, 3.69551160506e-11, 3.82190251669e-11, 4.46194088621e-11, 8.1541808028e-11, 2.8037697164e-11, 2.05646385337e-11, 1.00087056698e-11, 5.69921020099e-12, 6.1473807815e-12, 3.70727754051e-12, 1.86309648265e-12]
    },
    "melbands128": {
