{
"lowlevel": {
    "average_loudness": 0.981338977814,
    "barkbands_crest": {
        "dmean": 2.89351224899,
        "dmean2": 4.72623443604,
        "dvar": 6.64058113098,
        "dvar2": 16.6460571289,
        "max": 24.7590045929,
        "mean": 10.8893432617,
        "median": 9.57962989807,
        "min": 3.49988150597,
        "stdev": 4.63375711441,
        "var": 21.4717063904
    },
    "barkbands_flatness_db": {
        "dmean": 0.0335449241102,
        "dmean2": 0.0480062961578,
        "dvar": 0.00089307653252,
        "dvar2": 0.00185244623572,
        "max": 0.524534225464,
        "mean": 0.19380620122,
        "median": 0.183418899775,
        "min": 0.0424443036318,
        "stdev": 0.0709614902735,
        "var": 0.00503553310409
    },
    "barkbands_kurtosis": {
        "dmean": 11.1416816711,
        "dmean2": 18.0716381073,
        "dvar": 814.547668457,
        "dvar2": 2417.95605469,
        "max": 488.257415771,
        "mean": 16.3100509644,
        "median": 7.777967453,
        "min": -1.93613672256,
        "stdev": 36.0809860229,
        "var": 1301.83764648
    },
    "barkbands_skewness": {
        "dmean": 0.984545946121,
        "dmean2": 1.48063445091,
        "dvar": 1.25083363056,
        "dvar2": 3.29274487495,
        "max": 16.3110980988,
        "mean": 2.51016259193,
        "median": 2.25284838676,
        "min": -1.91814494133,
        "stdev": 1.95918154716,
        "var": 3.83839249611
    },
    "barkbands_spread": {
        "dmean": 9.08016395569,
        "dmean2": 13.7893877029,
        "dvar": 239.258514404,
        "dvar2": 475.823547363,
        "max": 116.229064941,
        "mean": 18.6651077271,
        "median": 10.9818468094,
        "min": 0.309636831284,
        "stdev": 22.3087215424,
        "var": 497.679077148
    },
    "dissonance": {
        "dmean": 0.0373866595328,
        "dmean2": 0.0588470324874,
        "dvar": 0.00132704421412,
        "dvar2": 0.00312964851037,
        "max": 0.499879300594,
        "mean": 0.419955909252,
        "median": 0.427247524261,
        "min": 0.00344311306253,
        "stdev": 0.0521767884493,
        "var": 0.00272241723724
    },
    "dynamic_complexity": 1.66619157791,
    "erbbands_crest": {
        "dmean": 3.81007266045,
        "dmean2": 6.04804992676,
        "dvar": 11.4442853928,
        "dvar2": 25.3399124146,
        "max": 28.4155349731,
        "mean": 11.2589979172,
        "median": 10.299949646,
        "min": 2.94020628929,
        "stdev": 5.07154226303,
        "var": 25.7205410004
    },
    "erbbands_flatness_db": {
        "dmean": 0.0263488013297,
        "dmean2": 0.0394705422223,
        "dvar": 0.000578022853006,
        "dvar2": 0.00131263560615,
        "max": 0.294569075108,
        "mean": 0.16866953671,
        "median": 0.166478261352,
        "min": 0.0579093694687,
        "stdev": 0.0392324700952,
        "var": 0.00153918680735
    },
    "erbbands_kurtosis": {
        "dmean": 3.08910751343,
        "dmean2": 4.84735918045,
        "dvar": 17.4733886719,
        "dvar2": 41.3842697144,
        "max": 49.5515823364,
        "mean": 3.5196852684,
        "median": 2.24075555801,
        "min": -1.85001814365,
        "stdev": 5.20054388046,
        "var": 27.0456581116
    },
    "erbbands_skewness": {
        "dmean": 0.742181777954,
        "dmean2": 1.07290232182,
        "dvar": 0.511502563953,
        "dvar2": 0.958043575287,
        "max": 6.07335853577,
        "mean": 1.22457873821,
        "median": 1.32178020477,
        "min": -3.90822219849,
        "stdev": 1.28824317455,
        "var": 1.65957033634
    },
    "erbbands_spread": {
        "dmean": 16.2391376495,
        "dmean2": 24.9530143738,
        "dvar": 374.420776367,
        "dvar2": 809.061706543,
        "max": 175.025115967,
        "mean": 41.5991897583,
        "median": 33.9525032043,
        "min": 5.48651170731,
        "stdev": 28.3049411774,
        "var": 801.16973877
    },
    "hfc": {
        "dmean": 11.0988225937,
        "dmean2": 16.1269035339,
        "dvar": 328.228149414,
        "dvar2": 654.066833496,
        "max": 271.446075439,
        "mean": 22.8822460175,
        "median": 16.8250827789,
        "min": 1.17764128857e-16,
        "stdev": 25.1770401001,
        "var": 633.883300781
    },
    "loudness_ebu128": {
        "integrated": -8.20741844177,
        "loudness_range": 0.804688930511,
        "momentary": {
            "dmean": 0.486883670092,
            "dmean2": 0.6191868186,
            "dvar": 0.185183778405,
            "dvar2": 0.276299983263,
            "max": -6.44089698792,
            "mean": -8.2947063446,
            "median": -8.27924537659,
            "min": -12.940823555,
            "stdev": 0.899820923805,
            "var": 0.809677660465
        },
        "short_term": {
            "dmean": 0.0643040835857,
            "dmean2": 0.0773103013635,
            "dvar": 0.00260917842388,
            "dvar2": 0.00451452285051,
            "max": -7.67819786072,
            "mean": -8.24289131165,
            "median": -8.21551132202,
            "min": -8.88574790955,
            "stdev": 0.266196340322,
            "var": 0.0708604976535
        }
    },
    "melbands_crest": {
        "dmean": 3.73878908157,
        "dmean2": 5.99622678757,
        "dvar": 11.8768053055,
        "dvar2": 26.1956214905,
        "max": 36.3083305359,
        "mean": 15.6259412766,
        "median": 13.8539457321,
        "min": 2.05973649025,
        "stdev": 6.89803266525,
        "var": 47.5828552246
    },
    "melbands_flatness_db": {
        "dmean": 0.0399631559849,
        "dmean2": 0.0543765574694,
        "dvar": 0.00125938211568,
        "dvar2": 0.00244982005097,
        "max": 0.642143368721,
        "mean": 0.258692532778,
        "median": 0.244511440396,
        "min": 0.00639990018681,
        "stdev": 0.0895236805081,
        "var": 0.00801448896527
    },
    "melbands_kurtosis": {
        "dmean": 18.9593162537,
        "dmean2": 30.1952438354,
        "dvar": 1282.39208984,
        "dvar2": 3203.4621582,
        "max": 615.739807129,
        "mean": 32.7534866333,
        "median": 17.1553726196,
        "min": -1.44907391071,
        "stdev": 54.6609687805,
        "var": 2987.8215332
    },
    "melbands_skewness": {
        "dmean": 1.22366952896,
        "dmean2": 1.87384533882,
        "dvar": 1.80772531033,
        "dvar2": 3.97919678688,
        "max": 16.3335170746,
        "mean": 3.44279527664,
        "median": 2.87718009949,
        "min": -0.168982297182,
        "stdev": 2.39730834961,
        "var": 5.7470870018
    },
    "melbands_spread": {
        "dmean": 8.69256401062,
        "dmean2": 13.1749715805,
        "dvar": 320.622619629,
        "dvar2": 625.238525391,
        "max": 192.736022949,
        "mean": 16.9154071808,
        "median": 9.83850955963,
        "min": 0.305572271347,
        "stdev": 24.3602600098,
        "var": 593.422302246
    },
    "pitch_salience": {
        "dmean": 0.0858161374927,
        "dmean2": 0.138274997473,
        "dvar": 0.00656846957281,
        "dvar2": 0.0166924521327,
        "max": 0.926943898201,
        "mean": 0.556755781174,
        "median": 0.583668649197,
        "min": 0.0553740411997,
        "stdev": 0.153260186315,
        "var": 0.0234886854887
    },
    "silence_rate_20dB": {
        "dmean": 0,
        "dmean2": 0,
        "dvar": 0,
        "dvar2": 0,
        "max": 1,
        "mean": 1,
        "median": 1,
        "min": 1,
        "stdev": 0,
        "var": 0
    },
    "silence_rate_30dB": {
        "dmean": 0.0371517017484,
        "dmean2": 0.0743609592319,
        "dvar": 0.0357718430459,
        "dvar2": 0.0812259614468,
        "max": 1,
        "mean": 0.905645787716,
        "median": 1,
        "min": 0,
        "stdev": 0.292322218418,
        "var": 0.085452273488
    },
    "silence_rate_60dB": {
        "dmean": 0.00386996893212,
        "dmean2": 0.00774593325332,
        "dvar": 0.00385498604737,
        "dvar2": 0.00768596865237,
        "max": 1,
        "mean": 0.00928074214607,
        "median": 0,
        "min": 0,
        "stdev": 0.0958888605237,
        "var": 0.00919467397034
    },
    "spectral_centroid": {
        "dmean": 341.772064209,
        "dmean2": 496.827056885,
        "dvar": 300127.84375,
        "dvar2": 489833.25,
        "max": 10534.8134766,
        "mean": 976.01751709,
        "median": 715.460876465,
        "min": 161.103591919,
        "stdev": 828.100280762,
        "var": 685750.125
    },
    "spectral_complexity": {
        "dmean": 3.90944266319,
        "dmean2": 5.5522851944,
        "dvar": 18.5559940338,
        "dvar2": 31.0435581207,
        "max": 46,
        "mean": 12.8855371475,
        "median": 11,
        "min": 0,
        "stdev": 7.67238950729,
        "var": 58.865562439
    },
    "spectral_decrease": {
        "dmean": 4.10876577206e-09,
        "dmean2": 6.49920739448e-09,
        "dvar": 2.91160230255e-17,
        "dvar2": 7.36102733155e-17,
        "max": 3.36929105782e-29,
        "mean": -1.05555191254e-08,
        "median": -8.33179925053e-09,
        "min": -4.87503299951e-08,
        "stdev": 9.29530763472e-09,
        "var": 8.64027406026e-17
    },
    "spectral_energy": {
        "dmean": 0.0160177405924,
        "dmean2": 0.0253568831831,
        "dvar": 0.000424682948506,
        "dvar2": 0.00107541272882,
        "max": 0.185892671347,
        "mean": 0.0419144332409,
        "median": 0.0332392081618,
        "min": 1.055439487e-20,
        "stdev": 0.0351359844208,
        "var": 0.00123453733977
    },
    "spectral_energyband_high": {
        "dmean": 0.000879301398527,
        "dmean2": 0.00123256270308,
        "dvar": 4.51741243523e-06,
        "dvar2": 8.30509088701e-06,
        "max": 0.0307822041214,
        "mean": 0.00128282839432,
        "median": 0.000397519906983,
        "min": 7.73702901275e-21,
        "stdev": 0.00291379494593,
        "var": 8.49020125315e-06
    },
    "spectral_energyband_low": {
        "dmean": 0.00821756664664,
        "dmean2": 0.013845520094,
        "dvar": 0.000349420151906,
        "dvar2": 0.000933687610086,
        "max": 0.180768355727,
        "mean": 0.0193082913756,
        "median": 0.00755097717047,
        "min": 6.5837422382e-23,
        "stdev": 0.0342772454023,
        "var": 0.0011749296682
    },
    "spectral_energyband_middle_high": {
        "dmean": 0.00144096952863,
        "dmean2": 0.00193372846115,
        "dvar": 4.35956508227e-06,
        "dvar2": 7.58611804486e-06,
        "max": 0.0279030427337,
        "mean": 0.00245135556906,
        "median": 0.00108305248432,
        "min": 1.59708744952e-21,
        "stdev": 0.00338839762844,
        "var": 1.14812391985e-05
    },
    "spectral_energyband_middle_low": {
        "dmean": 0.0106113729998,
        "dmean2": 0.0164948031306,
        "dvar": 0.000213644758333,
        "dvar2": 0.000510849175043,
        "max": 0.122788287699,
        "mean": 0.0201887451112,
        "median": 0.0181002318859,
        "min": 2.64083418522e-22,
        "stdev": 0.0166461858898,
        "var": 0.000277095503407
    },
    "spectral_entropy": {
        "dmean": 0.338423937559,
        "dmean2": 0.464324176311,
        "dvar": 0.104375995696,
        "dvar2": 0.189031422138,
        "max": 9.77937221527,
        "mean": 7.31278085709,
        "median": 7.2906703949,
        "min": 5.48431301117,
        "stdev": 0.615917980671,
        "var": 0.379354953766
    },
    "spectral_flux": {
        "dmean": 0.0400597080588,
        "dmean2": 0.0656286850572,
        "dvar": 0.00164049863815,
        "dvar2": 0.00366862188093,
        "max": 0.432340532541,
        "mean": 0.110231734812,
        "median": 0.100476063788,
        "min": 1.02734584728e-10,
        "stdev": 0.0561766698956,
        "var": 0.00315581820905
    },
    "spectral_kurtosis": {
        "dmean": 2.19464349747,
        "dmean2": 3.29344940186,
        "dvar": 7.68196725845,
        "dvar2": 16.7934894562,
        "max": 31.6916503906,
        "mean": 4.17096376419,
        "median": 3.26628160477,
        "min": -1.40306580067,
        "stdev": 3.9395442009,
        "var": 15.5200090408
    },
    "spectral_rms": {
        "dmean": 0.00118712591939,
        "dmean2": 0.0018097111024,
        "dvar": 1.54943120378e-06,
        "dvar2": 3.31341993842e-06,
        "max": 0.0134669486433,
        "mean": 0.00594542501494,
        "median": 0.00569460215047,
        "min": 3.20888931746e-12,
        "stdev": 0.00235457485542,
        "var": 5.54402231501e-06
    },
    "spectral_rolloff": {
        "dmean": 774.564025879,
        "dmean2": 1264.17285156,
        "dvar": 3723768,
        "dvar2": 7379952,
        "max": 18863.0859375,
        "mean": 1343.45324707,
        "median": 495.263671875,
        "min": 64.599609375,
        "stdev": 2430.53076172,
        "var": 5907480
    },
    "spectral_skewness": {
        "dmean": 0.411601245403,
        "dmean2": 0.574364006519,
        "dvar": 0.159506991506,
        "dvar2": 0.304433524609,
        "max": 4.44550609589,
        "mean": 1.64919900894,
        "median": 1.61404621601,
        "min": -0.164109304547,
        "stdev": 0.725148320198,
        "var": 0.525840103626
    },
    "spectral_spread": {
        "dmean": 1174934.25,
        "dmean2": 1698840.625,
        "dvar": 2.3753546793e+12,
        "dvar2": 4.54944096256e+12,
        "max": 39606604,
        "mean": 5727912.5,
        "median": 5316021.5,
        "min": 1822319.375,
        "stdev": 2467196,
        "var": 6.08705550746e+12
    },
    "spectral_strongpeak": {
        "dmean": 0.561539411545,
        "dmean2": 0.910484373569,
        "dvar": 0.396831274033,
        "dvar2": 0.854500412941,
        "max": 4.48429584503,
        "mean": 1.0300526619,
        "median": 0.77042734623,
        "min": 0,
        "stdev": 0.825977027416,
        "var": 0.682238042355
    },
    "zerocrossingrate": {
        "dmean": 0.0181744936854,
        "dmean2": 0.0200074277818,
        "dvar": 0.000855019199662,
        "dvar2": 0.000947942549828,
        "max": 0.50244140625,
        "mean": 0.0544371269643,
        "median": 0.03955078125,
        "min": 0.001953125,
        "stdev": 0.0553138181567,
        "var": 0.00305961864069
    },
    "barkbands": {
        "dmean": [0.000815609411802, 0.00679325079545, 0.00195150461514, 0.00183314690366, 0.00284007913433, 0.00331232207827, 0.00456693582237, 0.0014512197813, 0.00122363818809, 0.000546778610442, 0.000235697312746, 0.000331132032443, 0.000210218320717, 0.000158400493092, 0.000110406464955, 0.000123255624203, 0.000167804391822, 8.23467489681e-05, 9.19415178942e-05, 0.000156008405611, 0.000101880366856, 0.000107207859401, 0.000160985160619, 0.000303865410388, 0.000220362067921, 4.72345018352e-05, 3.57737661716e-07],
        "dmean2": [0.00119428045582, 0.0117963068187, 0.00316146761179, 0.0032181898132, 0.00449864938855, 0.00526620121673, 0.00715772295371, 0.00236324733123, 0.0019446950173, 0.000774228945374, 0.000364233186701, 0.000519220891874, 0.000321362051181, 0.000245819159318, 0.000182876276085, 0.000195459462702, 0.000265238340944, 0.000128319865325, 0.000147829749039, 0.000238492386416, 0.000143613797263, 0.000148233229993, 0.000223005059524, 0.000451047497336, 0.000336170633091, 6.90342712915e-05, 6.22716640919e-07],
        "dvar": [7.94551669969e-06, 0.000298770464724, 3.0303521271e-05, 3.20594008372e-05, 2.03405215871e-05, 3.83598635381e-05, 4.99931411468e-05, 1.18672805911e-05, 9.32637613005e-06, 1.71340877841e-06, 3.46751676261e-07, 6.44929968985e-07, 2.79155813132e-07, 1.07805597338e-07, 9.34061787916e-08, 7.35764800197e-08, 1.00699558914e-07, 5.29522061754e-08, 2.95321971322e-08, 5.27389829585e-08, 3.48769937375e-08, 6.37264179204e-08, 1.58100007752e-07, 6.42945224172e-07, 4.40957393266e-07, 2.44321274323e-08, 2.66646860841e-12],
        "dvar2": [1.59638566402e-05, 0.000865324807819, 8.11315185274e-05, 9.4201444881e-05, 4.90583224746e-05, 8.66822447279e-05, 0.000113794711069, 2.88215924229e-05, 2.20780657401e-05, 2.89712079393e-06, 7.82411575528e-07, 1.49300763042e-06, 6.87227441176e-07, 2.45539411026e-07, 2.53303966247e-07, 1.82340613719e-07, 2.14581461933e-07, 1.0314232668e-07, 7.30391036541e-08, 1.20511643331e-07, 7.49195194771e-08, 1.20993192354e-07, 2.87301844537e-07, 1.29302043206e-06, 9.49205627876e-07, 4.58454749719e-08, 7.47561561265e-12],
        "max": [0.0341257825494, 0.157996371388, 0.0797762051225, 0.0709026679397, 0.0419469848275, 0.100958235562, 0.0603656992316, 0.0325853414834, 0.0386393107474, 0.0231354925781, 0.00722094671801, 0.0105431945994, 0.00735794147477, 0.00428158603609, 0.00329101621173, 0.00284799281508, 0.00365923973732, 0.00315387989394, 0.00201336620376, 0.0024425687734, 0.00210488750599, 0.00280128209852, 0.00631621014327, 0.0118077937514, 0.00816123001277, 0.00245512020774, 3.60149497283e-05],
        "mean": [0.00148960482329, 0.0133108124137, 0.00334074813873, 0.00192737637553, 0.00494874455035, 0.00439038872719, 0.00532589294016, 0.00155731290579, 0.00175459333695, 0.00072026241105, 0.000286203809083, 0.000344241358107, 0.00023424057872, 0.000167205900652, 0.000117623210826, 0.000149510829942, 0.000223195005674, 0.000114327871415, 0.000123247722513, 0.000210968457395, 0.00013123829558, 0.000137733703014, 0.000216616783291, 0.000382481579436, 0.000253218575381, 5.63934336242e-05, 2.94870545758e-07],
        "median": [1.10457622213e-05, 0.00345781166106, 0.00248540891334, 0.000962370482739, 0.00322897383012, 0.00244996952824, 0.00205147778615, 0.00035146024311, 0.000413694680901, 8.53268211358e-05, 5.03727387695e-05, 4.58101421827e-05, 4.29069696111e-05, 2.81353750324e-05, 2.58646723523e-05, 3.61053316738e-05, 6.75542178215e-05, 3.10625364364e-05, 5.05843781866e-05, 9.98591058305e-05, 4.3251337047e-05, 2.57722240349e-05, 5.5492084357e-05, 8.60191576066e-05, 3.51819071511e-05, 5.84652980251e-06, 1.4127735426e-08],
        "min": [7.67169439138e-24, 5.18832618295e-23, 1.04733323186e-23, 3.1724281906e-24, 4.95023155345e-23, 9.98597752229e-23, 2.15784191599e-23, 2.15182259174e-23, 6.37599035455e-23, 5.08931656628e-23, 4.77511011229e-23, 4.56548263296e-23, 4.73711352238e-23, 1.17950091274e-22, 2.40899768394e-22, 8.34764216425e-23, 1.73669672038e-22, 3.03840241097e-22, 3.4346112716e-22, 2.69252312852e-22, 5.70244854434e-22, 3.50990217588e-22, 5.70802585405e-22, 9.00006938658e-22, 1.14435288063e-21, 1.79499121887e-21, 2.46719502001e-21],
        "stdev": [0.00495699699968, 0.028737090528, 0.00515571422875, 0.00435362337157, 0.00567702203989, 0.00677837384865, 0.00797338597476, 0.0035047896672, 0.00345632620156, 0.00179473229218, 0.000670787820127, 0.000866442569532, 0.000559954612982, 0.000385984661989, 0.000291298114462, 0.000307383830659, 0.000405513012083, 0.000284140143776, 0.000208617231692, 0.000295884994557, 0.000245546078077, 0.000350537186023, 0.000553171441425, 0.000986989238299, 0.000780244416092, 0.000207868593861, 1.31831916406e-06],
        "var": [2.45718183578e-05, 0.000825820374303, 2.65813869191e-05, 1.8954036932e-05, 3.22285814036e-05, 4.59463517473e-05, 6.35748801869e-05, 1.22835499496e-05, 1.19461910799e-05, 3.22106416206e-06, 4.49956331749e-07, 7.50722733756e-07, 3.13549151087e-07, 1.48984156567e-07, 8.48545838039e-08, 9.44848110862e-08, 1.64440805861e-07, 8.07356173027e-08, 4.35211511274e-08, 8.7547931571e-08, 6.02928764692e-08, 1.22876315345e-07, 3.0599863976e-07, 9.74147724264e-07, 6.08781306255e-07, 4.32093507641e-08, 1.73796556573e-12]
    },
    "erbbands": {
        "dmean": [0.292189240456, 1.19738698006, 2.11895561218, 4.42770195007, 5.39798545837, 9.32022285461, 28.5995578766, 25.0147609711, 66.5640716553, 37.4523582458, 35.0087356567, 27.0491333008, 22.6714382172, 11.3256874084, 10.3156061172, 12.0703210831, 9.60018730164, 8.7243270874, 4.89316034317, 6.40239048004, 7.01898097992, 9.37329769135, 5.24628543854, 3.92551517487, 6.13188409805, 7.23272562027, 4.15920829773, 4.06470489502, 3.69330048561, 4.54503965378, 4.20509052277, 5.94585561752, 5.33143997192, 2.99989700317, 1.28367328644, 0.362135767937, 0.0583991073072, 0.00380052207038, 0.000104442136944, 2.41124635068e-05],
        "dmean2": [0.500911951065, 2.10690760612, 3.40283513069, 7.66814517975, 9.77955913544, 14.7421541214, 44.3012962341, 40.5884437561, 104.146690369, 58.8133354187, 55.6505813599, 41.4617195129, 34.112613678, 16.2223110199, 16.031496048, 18.7773857117, 14.2949790955, 13.3393096924, 7.85169029236, 10.5086288452, 11.0182495117, 14.6983852386, 7.897377491, 6.29681062698, 9.65604972839, 11.0829362869, 6.20452690125, 5.73210048676, 5.12868785858, 6.47056913376, 5.86483860016, 8.68790817261, 8.18018245697, 4.47241640091, 1.96412265301, 0.538605749607, 0.084410212934, 0.00590741168708, 0.000156646448886, 3.76302050427e-05],
        "dvar": [0.812039315701, 8.23067378998, 34.0243644714, 191.686798096, 268.920166016, 243.537322998, 2044.12207031, 3341.03881836, 10812.9570312, 4233.14160156, 7736.75537109, 4244.25390625, 2988.14794922, 587.030700684, 601.429016113, 962.121826172, 530.775390625, 372.792480469, 87.9981307983, 357.429534912, 208.608627319, 298.34173584, 171.76272583, 85.3752441406, 121.902183533, 110.730407715, 47.8606071472, 64.4334945679, 79.3321380615, 101.914680481, 116.863357544, 234.426971436, 218.446273804, 72.376449585, 17.0063114166, 1.39608824253, 0.0382215939462, 0.000179478127393, 9.72887761463e-08, 1.0576195475e-09],
        "dvar2": [2.23864459991, 22.2832145691, 90.5356674194, 563.104309082, 777.066467285, 592.889404297, 4388.26611328, 7598.19042969, 24249.4277344, 9472.73632812, 19221.125, 9640.98339844, 6371.02001953, 1140.2401123, 1403.89099121, 2203.08300781, 1244.79992676, 855.711181641, 222.443725586, 958.419921875, 490.199493408, 637.950500488, 345.729187012, 189.6690979, 302.667175293, 255.957809448, 106.362205505, 133.762084961, 152.288482666, 192.211593628, 201.794998169, 452.824035645, 459.303741455, 161.036315918, 36.3293151855, 2.75664544106, 0.062910631299, 0.000357083918061, 1.84973629302e-07, 2.35019181893e-09],
        "max": [8.64437580109, 29.3518505096, 76.4922409058, 177.564331055, 182.314529419, 187.603515625, 665.751525879, 1292.76989746, 940.978210449, 663.024475098, 900.838928223, 876.572265625, 653.915100098, 265.878448486, 296.862854004, 528.165466309, 382.317260742, 240.794754028, 88.1676864624, 206.45123291, 118.537620544, 200.601989746, 190.792510986, 124.037139893, 140.150497437, 100.425254822, 73.8086929321, 98.2361297607, 102.428756714, 114.824523926, 175.672210693, 221.22718811, 233.45211792, 103.027908325, 52.4085350037, 15.4014701843, 3.70284938812, 0.291999280453, 0.00587999168783, 0.00042705287342],
        "mean": [0.540021598339, 2.294308424, 4.31747436523, 5.60715103149, 5.98204183578, 15.5679559708, 44.6534233093, 33.0177955627, 79.8013458252, 43.3525276184, 36.6526298523, 41.0940856934, 33.1609649658, 15.4825687408, 12.6512413025, 13.1381988525, 11.5399513245, 9.85422706604, 6.03789043427, 6.88532304764, 9.26566410065, 12.5871896744, 7.16987800598, 5.34608316422, 8.40867137909, 9.75481319427, 6.017100811, 5.12517642975, 4.73907184601, 6.03951883316, 5.85658788681, 7.61366701126, 6.46081829071, 3.42261862755, 1.4224460125, 0.423068553209, 0.0723226740956, 0.00455915136263, 0.000144998906762, 5.87820613873e-05],
        "median": [0.0327611751854, 0.959276437759, 3.32059812546, 3.64452123642, 3.0942671299, 9.08853435516, 25.9386558533, 19.6973781586, 34.3916740417, 17.8115825653, 10.1460189819, 10.6523256302, 6.26347351074, 2.48369455338, 2.31225180626, 1.94525837898, 2.08799648285, 1.72803103924, 1.8790128231, 1.52775406837, 2.54351687431, 3.80960965157, 2.12265777588, 1.74973714352, 3.8144390583, 4.40782117844, 2.4864192009, 1.26709628105, 0.847491800785, 1.56789362431, 1.48366379738, 1.6356317997, 1.24349570274, 0.582728981972, 0.129719093442, 0.0344148948789, 0.00955666787922, 0.000708335952368, 4.86576573167e-05, 4.45521254733e-05],
        "min": [9.24302743823e-22, 1.33785881985e-20, 1.76457593315e-20, 1.27302603518e-20, 6.92567242994e-20, 2.0614464021e-19, 4.51340709783e-19, 9.14247886072e-19, 4.85382862604e-19, 3.37622685054e-19, 3.63286402999e-19, 1.40774539048e-18, 1.49322375344e-18, 2.50247509063e-18, 1.50315095477e-18, 2.05144369469e-18, 2.04967497575e-18, 7.1050604269e-18, 8.10497041342e-18, 1.01888906665e-17, 6.15468325622e-18, 1.07770375888e-17, 1.8168565551e-17, 1.59174795407e-17, 1.6394115899e-17, 1.32608690623e-17, 1.49236584307e-17, 2.39693217978e-17, 1.26334914452e-17, 1.74881416684e-17, 1.64013040985e-17, 1.94582906729e-17, 1.32462891769e-17, 1.36067819324e-17, 8.07084094135e-18, 4.96081141018e-18, 3.39528917606e-18, 1.65424934893e-18, 3.1832257096e-19, 3.65867348681e-20],
        "stdev": [1.5615118742, 4.09425020218, 5.93741226196, 10.914899826, 12.8256864548, 19.5373687744, 58.4928817749, 58.2833328247, 117.297203064, 71.3921203613, 86.2382354736, 79.6433181763, 71.6576461792, 33.125705719, 28.2711849213, 33.4386711121, 26.5762023926, 22.4694080353, 10.8511276245, 17.6747894287, 17.7277374268, 22.4489097595, 16.3861351013, 11.0944375992, 13.2882013321, 13.5520277023, 9.47770881653, 10.5455856323, 12.2626953125, 14.2895421982, 15.1642179489, 19.5364322662, 17.4263954163, 9.74641990662, 4.9107427597, 1.53285348415, 0.272725731134, 0.0171942878515, 0.000411658169469, 4.97714208905e-05],
        "var": [2.43831920624, 16.7628860474, 35.2528648376, 119.135040283, 164.498245239, 381.708770752, 3421.41723633, 3396.94702148, 13758.6337891, 5096.83447266, 7437.03271484, 6343.05761719, 5134.81835938, 1097.31237793, 799.259887695, 1118.14465332, 706.294494629, 504.874328613, 117.74697876, 312.398193359, 314.272644043, 503.953582764, 268.505401611, 123.086547852, 176.576293945, 183.657455444, 89.8269577026, 111.209381104, 150.373703003, 204.19102478, 229.95350647, 381.672210693, 303.679260254, 94.9926986694, 24.1153964996, 2.34963965416, 0.074379324913, 0.000295643520076, 1.69462438748e-07, 2.47719422752e-09]
    },
    "gfcc": {
        "mean": [-8.52659893036, 99.927444458, -79.5165252686, 44.3928985596, -77.9099121094, 9.55942058563, -46.5048484802, 15.1817722321, -20.0590286255, 2.76081609726, -5.6296043396, -4.98310756683, -5.8187122345],
        "cov": [[4721.17041016, -888.636108398, -816.112426758, -290.142425537, -301.693450928, 91.7976150513, -337.111480713, 182.760391235, -176.151382446, 204.68397522, -225.557510376, 49.266658783, -201.96786499], [-888.636108398, 1819.71240234, -262.942260742, -496.575561523, 237.758850098, -215.272781372, 284.499847412, -172.699661255, 110.850112915, -198.33152771, 281.704101562, -90.4696426392, 130.576812744], [-816.112426758, -262.942260742, 842.741516113, 332.984680176, 41.432510376, 82.2480621338, 2.61647987366, 63.0817184448, 47.1163063049, 76.8748168945, 34.1189346313, 27.2334957123, 42.8477478027], [-290.142425537, -496.575561523, 332.984680176, 682.851257324, 15.8146009445, 2.12033891678, -110.586662292, -9.89529800415, 47.1533699036, 43.7955627441, -21.032043457, 45.2392082214, 48.6599807739], [-301.693450928, 237.758850098, 41.432510376, 15.8146009445, 290.597473145, -3.98966193199, 32.2590293884, 5.43246507645, 57.8362884521, 7.73636674881, 60.6193504333, 8.18398571014, 30.4750022888], [91.7976150513, -215.272781372, 82.2480621338, 2.12033891678, -3.98966193199, 244.842681885, 143.358673096, 30.2627830505, -9.31077861786, 21.2207279205, -15.5310459137, 10.517539978, -35.3988227844], [-337.111480713, 284.499847412, 2.61647987366, -110.586662292, 32.2590293884, 143.358673096, 426.570281982, 27.6593875885, 23.718421936, -64.0968856812, 73.6032409668, -20.725610733, -10.4307966232], [182.760391235, -172.699661255, 63.0817184448, -9.89529800415, 5.43246507645, 30.2627830505, 27.6593875885, 188.596969604, 52.834564209, 25.7497062683, -29.6343994141, -15.3804979324, -4.22656345367], [-176.151382446, 110.850112915, 47.1163063049, 47.1533699036, 57.8362884521, -9.31077861786, 23.718421936, 52.834564209, 153.777908325, 23.3444538116, 18.2888317108, -27.3529949188, 38.5577392578], [204.68397522, -198.33152771, 76.8748168945, 43.7955627441, 7.73636674881, 21.2207279205, -64.0968856812, 25.7497062683, 23.3444538116, 138.911651611, 1.69061088562, -6.41924381256, -29.8898487091], [-225.557510376, 281.704101562, 34.1189346313, -21.032043457, 60.6193504333, -15.5310459137, 73.6032409668, -29.6343994141, 18.2888317108, 1.69061088562, 156.40814209, 8.24119567871, 17.0898628235], [49.266658783, -90.4696426392, 27.2334957123, 45.2392082214, 8.18398571014, 10.517539978, -20.725610733, -15.3804979324, -27.3529949188, -6.41924381256, 8.24119567871, 95.4497680664, 5.88431024551], [-201.96786499, 130.576812744, 42.8477478027, 48.6599807739, 30.4750022888, -35.3988227844, -10.4307966232, -4.22656345367, 38.5577392578, -29.8898487091, 17.0898628235, 5.88431024551, 89.836479187]],
        "icov": [[0.000437839364167, -0.000190153179574, 0.000544783775695, -0.000131043881993, 0.000356810720405, -0.000481317518279, 0.000406628358178, -0.000801026122645, 0.000512951228302, -0.000843628367875, 0.000254346319707, -0.000465121294837, 0.000251934572589], [-0.000190153179574, 0.00333607010543, -0.000412803463405, 0.00225126510486, -0.00158584932797, 0.0026234597899, -0.00155110820197, 0.00322513654828, -0.0023922000546, 0.00299881957471, -0.00330059346743, 0.00228070933372, -0.00225265487097], [0.000544783775695, -0.000412803463405, 0.00240352959372, -0.00105300161522, 0.00049771979684, -0.00128600478638, 0.000533021462616, -0.00176009547431, 0.00106988323387, -0.00197042524815, -5.24133720319e-05, -0.000718228926416, -0.000505493604578], [-0.000131043881993, 0.00225126510486, -0.00105300161522, 0.00360151962377, -0.00101129116956, 0.00168722448871, -0.000642748665996, 0.00273048761301, -0.00234729796648, 0.00185802846681, -0.00171009532642, 0.000722448574379, -0.00204997858964], [0.000356810720405, -0.00158584932797, 0.00049771979684, -0.00101129116956, 0.00498380884528, -0.00154763169121, 0.000897436053492, -0.00187583151273, 5.2774012147e-05, -0.00201834086329, 0.000323905784171, -0.00189364515245, 0.000501288101077], [-0.000481317518279, 0.0026234597899, -0.00128600478638, 0.00168722448871, -0.00154763169121, 0.00887651648372, -0.00436148000881, 0.00290727498941, -0.00163076608442, 0.00103526050225, -0.000636653508991, 0.000661486410536, -0.000420595781179], [0.000406628358178, -0.00155110820197, 0.000533021462616, -0.000642748665996, 0.000897436053492, -0.00436148000881, 0.00542861223221, -0.00252832076512, 0.000428244238719, 0.00106747832615, -0.000918426958378, -0.000208833676879, 0.0021107159555], [-0.000801026122645, 0.00322513654828, -0.00176009547431, 0.00273048761301, -0.00187583151273, 0.00290727498941, -0.00252832076512, 0.0107792662457, -0.00538999773562, 0.0030654608272, -0.00131645449437, 0.00258794729598, -0.00171834416687], [0.000512951228302, -0.0023922000546, 0.00106988323387, -0.00234729796648, 5.2774012147e-05, -0.00163076608442, 0.000428244238719, -0.00538999773562, 0.0123332338408, -0.00527314981446, 0.00198631570674, 0.000865133013576, -0.00295535475016], [-0.000843628367875, 0.00299881957471, -0.00197042524815, 0.00185802846681, -0.00201834086329, 0.00103526050225, 0.00106747832615, 0.0030654608272, -0.00527314981446, 0.0148545783013, -0.00502679683268, 0.00348274689168, 0.00297247897834], [0.000254346319707, -0.00330059346743, -5.24133720319e-05, -0.00171009532642, 0.000323905784171, -0.000636653508991, -0.000918426958378, -0.00131645449437, 0.00198631570674, -0.00502679683268, 0.012371824123, -0.00371165852994, 0.0011557409307], [-0.000465121294837, 0.00228070933372, -0.000718228926416, 0.000722448574379, -0.00189364515245, 0.000661486410536, -0.000208833676879, 0.00258794729598, 0.000865133013576, 0.00348274689168, -0.00371165852994, 0.0141801070422, -0.00284416577779], [0.000251934572589, -0.00225265487097, -0.000505493604578, -0.00204997858964, 0.000501288101077, -0.000420595781179, 0.0021107159555, -0.00171834416687, -0.00295535475016, 0.00297247897834, 0.0011557409307, -0.00284416577779, 0.0183757208288]]
    },
    "melbands": {
        "dmean": [0.00218448555097, 0.00108424341306, 0.000757282541599, 0.000455598026747, 0.000874855846632, 0.000601068139076, 0.00098521693144, 0.000369933492038, 0.000269464217126, 0.000179393668077, 0.000113778107334, 4.93786865263e-05, 3.36836419592e-05, 3.44883046637e-05, 2.79420510196e-05, 2.05224605452e-05, 1.64417142514e-05, 8.02636441222e-06, 9.1863275884e-06, 8.2084980022e-06, 8.63113564264e-06, 1.03589318314e-05, 7.06155788066e-06, 3.93227037421e-06, 3.21878133036e-06, 3.88147418562e-06, 5.73626539335e-06, 4.89274316351e-06, 2.83040799332e-06, 2.65782477982e-06, 2.34695062318e-06, 2.08196024687e-06, 2.28486032938e-06, 2.7675189358e-06, 2.24359814638e-06, 3.36438051818e-06, 3.92030915464e-06, 4.10374332205e-06, 3.35743561664e-06, 2.28768044508e-06],
        "dmean2": [0.00373454904184, 0.00178059283644, 0.00133007194381, 0.000765996577684, 0.00135121925268, 0.000968156731687, 0.00153993384447, 0.000579924380872, 0.000433734414401, 0.000280931708403, 0.000172407744685, 7.20215684851e-05, 5.24858260178e-05, 5.50170188944e-05, 4.36951013398e-05, 3.15441575367e-05, 2.5474710128e-05, 1.29485233629e-05, 1.52908505697e-05, 1.30349635583e-05, 1.38518817039e-05, 1.62652831932e-05, 1.08730855573e-05, 6.02580394116e-06, 5.33491584065e-06, 6.18054218648e-06, 8.74383385963e-06, 7.69057442085e-06, 4.34856065112e-06, 3.81963218388e-06, 3.40564315593e-06, 2.9174127576e-06, 3.31003252541e-06, 4.03046669817e-06, 3.13756072501e-06, 5.01812837683e-06, 5.81463064009e-06, 6.29760961601e-06, 5.1045899454e-06, 3.45122066392e-06],
        "dvar": [3.66713611584e-05, 6.70568988426e-06, 5.84390409131e-06, 8.95465575468e-07, 1.6957067146e-06, 1.48698529756e-06, 2.34995604842e-06, 3.95313492163e-07, 4.7884208243e-07, 2.08427394455e-07, 7.61148442052e-08, 1.21655645557e-08, 7.3869736994e-09, 8.27855028973e-09, 4.83732698342e-09, 2.86971690855e-09, 1.36931732619e-09, 2.18841778032e-10, 7.35872363045e-10, 4.34038749386e-10, 3.13965520249e-10, 3.45164841153e-10, 2.73445738275e-10, 1.56029231202e-10, 6.01791116939e-11, 5.21421725241e-11, 9.32490404337e-11, 5.37232168474e-11, 2.23889726203e-11, 2.60895784143e-11, 2.30281124031e-11, 2.5830724712e-11, 3.11328809954e-11, 4.02569713676e-11, 3.02750671755e-11, 9.10195391279e-11, 9.59130275202e-11, 1.3598812354e-10, 8.36741925747e-11, 4.35638053409e-11],
        "dvar2": [0.000104883962194, 1.68387068697e-05, 1.70926450664e-05, 2.44992247644e-06, 3.58267448064e-06, 3.37241795023e-06, 5.31295700057e-06, 8.78511059454e-07, 1.2126126876e-06, 4.93717891459e-07, 1.6136823433e-07, 2.38280701836e-08, 1.70243463771e-08, 1.88369462251e-08, 1.13313651795e-08, 6.80918521567e-09, 3.11526449082e-09, 5.41640066132e-10, 2.01360683683e-09, 1.08160591594e-09, 7.56384677114e-10, 7.36303185089e-10, 6.60116739049e-10, 3.05194813865e-10, 1.45457396128e-10, 1.32683516951e-10, 2.15052989305e-10, 1.27720362064e-10, 5.48427969704e-11, 5.84981715845e-11, 4.81841302968e-11, 5.26194886274e-11, 6.16059564473e-11, 8.17312814649e-11, 5.35757202491e-11, 1.90516921683e-10, 1.91470894695e-10, 2.93258028972e-10, 1.85949020071e-10, 9.95038981766e-11],
        "max": [0.0568174123764, 0.0360182747245, 0.0293468758464, 0.0105068944395, 0.018116241321, 0.0247991718352, 0.0138669516891, 0.00582473073155, 0.00711425067857, 0.00653866957873, 0.00347606139258, 0.00133786094375, 0.00116565311328, 0.00133829703555, 0.000688091444317, 0.000923473678995, 0.000490886741318, 0.000151709173224, 0.000310262141284, 0.000227246026043, 0.000141775482916, 0.000220641319174, 0.000184360891581, 0.000183552343515, 0.000105691666249, 7.60313705541e-05, 0.000124953396153, 6.2841361796e-05, 5.1968243497e-05, 5.55096557946e-05, 5.54154976271e-05, 5.64885922358e-05, 7.70844853832e-05, 7.24365381757e-05, 8.5509273049e-05, 0.000146083839354, 0.000130109110614, 0.000186011646292, 0.000124024838442, 8.0060090113e-05],
        "mean": [0.00411119777709, 0.00248230271973, 0.000949290930294, 0.000681156525388, 0.00145440851338, 0.000794802093878, 0.0011816448532, 0.000424370460678, 0.000275173661066, 0.000268876814516, 0.00016289461928, 6.3931758632e-05, 4.13021407439e-05, 3.69847984985e-05, 3.07665541186e-05, 2.34645085584e-05, 1.74439119291e-05, 9.34518993745e-06, 9.3945327535e-06, 9.16335466172e-06, 1.1063328202e-05, 1.36375101647e-05, 8.9352397481e-06, 5.12103451911e-06, 4.00462567995e-06, 5.20422508998e-06, 7.29879093342e-06, 6.32886076346e-06, 3.86249348594e-06, 3.19291439155e-06, 2.87702346213e-06, 2.53460007116e-06, 2.91606897918e-06, 3.58473539563e-06, 3.05587536786e-06, 4.16708235207e-06, 4.83480243929e-06, 4.78970241602e-06, 3.80326355298e-06, 2.53618077295e-06],
        "median": [0.000615924363956, 0.00171030755155, 0.000603986729402, 0.000418745097704, 0.000907128502149, 0.000474940636195, 0.000521027948707, 0.000157368980581, 6.57925556879e-05, 6.04246924922e-05, 2.84069446934e-05, 9.19104331842e-06, 7.1415884122e-06, 5.50151935386e-06, 4.2463934733e-06, 3.76019806936e-06, 2.74517719845e-06, 2.42818623519e-06, 1.88868727946e-06, 2.09665017792e-06, 2.77318599728e-06, 4.01902616431e-06, 2.46504691859e-06, 1.29894840484e-06, 1.1664582189e-06, 2.24332939069e-06, 3.31507317242e-06, 2.74341937256e-06, 1.58423370067e-06, 8.37150992083e-07, 6.24101062385e-07, 3.68277511598e-07, 5.52436802082e-07, 9.72989823822e-07, 8.19521517315e-07, 7.66874848068e-07, 1.01898558569e-06, 9.16783790217e-07, 6.70704082495e-07, 3.92790809656e-07],
        "min": [1.22784977163e-23, 1.2388717362e-23, 3.23249048221e-24, 1.04697082916e-23, 1.37431828588e-23, 2.01046266183e-23, 6.33001987973e-24, 4.29400972083e-24, 3.10729036794e-24, 9.79965536068e-24, 7.28493639993e-24, 1.00050928842e-23, 5.52176443473e-24, 4.83039529891e-24, 5.27286343634e-24, 4.90879150681e-24, 1.40727358128e-23, 8.98983047691e-24, 2.04016453708e-23, 7.13478540409e-24, 7.67617038816e-24, 1.11024473127e-23, 1.72212737454e-23, 1.12911814955e-23, 1.32555973996e-23, 1.12808237518e-23, 1.10350604476e-23, 8.08585504409e-24, 7.83591708805e-24, 1.05877124166e-23, 1.5363498425e-23, 6.23362265484e-24, 8.53374028936e-24, 1.0349392804e-23, 9.58430501103e-24, 1.02654343379e-23, 1.18184435027e-23, 1.00650171251e-23, 8.17785358058e-24, 1.22647502373e-23],
        "stdev": [0.0103496201336, 0.00331163080409, 0.00188952672761, 0.000911705894396, 0.00176223320886, 0.00126469624229, 0.00172556412872, 0.000698744785041, 0.000665597559419, 0.000532789097633, 0.000359081139322, 0.000145936064655, 9.7423682746e-05, 9.64690188994e-05, 7.58074384066e-05, 5.86639398534e-05, 4.235680899e-05, 1.7326694433e-05, 2.51809287874e-05, 2.1182184355e-05, 2.14361371036e-05, 2.40730350924e-05, 1.9060458726e-05, 1.46166430568e-05, 8.71380689205e-06, 8.6505233412e-06, 1.17005129141e-05, 9.06213790586e-06, 6.03820126344e-06, 6.3495226641e-06, 6.21210665486e-06, 6.71986526868e-06, 7.56251301937e-06, 8.49127809488e-06, 7.75277385401e-06, 1.17611061796e-05, 1.22392311823e-05, 1.33895528052e-05, 1.04156179077e-05, 7.45238185118e-06],
        "var": [0.000107114632556, 1.09668990262e-05, 3.57031126441e-06, 8.31207671581e-07, 3.10546602122e-06, 1.5994567093e-06, 2.97757151202e-06, 4.88244268126e-07, 4.4302012725e-07, 2.8386421036e-07, 1.28939262822e-07, 2.12973354508e-08, 9.49137390904e-09, 9.30627130913e-09, 5.7467679504e-09, 3.44145800746e-09, 1.79409931356e-09, 3.00214325621e-10, 6.34079178052e-10, 4.48684922549e-10, 4.5950795946e-10, 5.79511050258e-10, 3.63301055906e-10, 2.13646253466e-10, 7.59304286113e-11, 7.48315576171e-11, 1.36902003622e-10, 8.21223505865e-11, 3.64598767844e-11, 4.03164376883e-11, 3.85902698685e-11, 4.51565868032e-11, 5.7191605618e-11, 7.21017967553e-11, 6.01054969684e-11, 1.3832361645e-10, 1.49798784488e-10, 1.79280132406e-10, 1.08485095907e-10, 5.55379943423e-11]
    },
    "melbands128": {
