{
"lowlevel": {
    "average_loudness": 0.97066116333,
    "barkbands_crest": {
        "dmean": 2.70189142227,
        "dmean2": 4.17015600204,
        "dvar": 6.23580884933,
        "dvar2": 13.0802412033,
        "max": 24.5809440613,
        "mean": 10.100104332,
        "median": 9.224817276,
        "min": 2.74162006378,
        "stdev": 4.42170667648,
        "var": 19.5514907837
    },
    "barkbands_flatness_db": {
        "dmean": 0.0304480846971,
        "dmean2": 0.0423819087446,
        "dvar": 0.000843589601573,
        "dvar2": 0.00145825941581,
        "max": 0.35428416729,
        "mean": 0.122410528362,
        "median": 0.115839682519,
        "min": 0.0270445551723,
        "stdev": 0.053575322032,
        "var": 0.00287031498738
    },
    "barkbands_kurtosis": {
        "dmean": 3.83306264877,
        "dmean2": 5.86232614517,
        "dvar": 49.0158195496,
        "dvar2": 97.022605896,
        "max": 153.324554443,
        "mean": 5.47584724426,
        "median": 2.06351613998,
        "min": -1.87853336334,
        "stdev": 11.1817703247,
        "var": 125.031990051
    },
    "barkbands_skewness": {
        "dmean": 0.6695073843,
        "dmean2": 1.01041817665,
        "dvar": 0.601279377937,
        "dvar2": 1.20063769817,
        "max": 10.5247793198,
        "mean": 1.82359278202,
        "median": 1.58674275875,
        "min": -2.04222297668,
        "stdev": 1.33208286762,
        "var": 1.7744448185
    },
    "barkbands_spread": {
        "dmean": 10.8992481232,
        "dmean2": 16.4051303864,
        "dvar": 143.69833374,
        "dvar2": 292.187255859,
        "max": 92.9381942749,
        "mean": 27.6962451935,
        "median": 24.2325534821,
        "min": 0.985690712929,
        "stdev": 16.8659076691,
        "var": 284.458831787
    },
    "dissonance": {
        "dmean": 0.0185607597232,
        "dmean2": 0.030769130215,
        "dvar": 0.000304190267343,
        "dvar2": 0.000772337894887,
        "max": 0.498903483152,
        "mean": 0.460709512234,
        "median": 0.464327394962,
        "min": 0.335037201643,
        "stdev": 0.025212071836,
        "var": 0.000635648611933
    },
    "dynamic_complexity": 2.35312247276,
    "erbbands_crest": {
        "dmean": 2.07348608971,
        "dmean2": 3.31828451157,
        "dvar": 3.94787025452,
        "dvar2": 9.7560300827,
        "max": 23.1225948334,
        "mean": 7.27898263931,
        "median": 6.77951431274,
        "min": 2.63940858841,
        "stdev": 3.00964021683,
        "var": 9.05793476105
    },
    "erbbands_flatness_db": {
        "dmean": 0.0173540636897,
        "dmean2": 0.025363786146,
        "dvar": 0.00026409397833,
        "dvar2": 0.000494170410093,
        "max": 0.212757661939,
        "mean": 0.121828943491,
        "median": 0.12397249788,
        "min": 0.060993630439,
        "stdev": 0.0297899115831,
        "var": 0.000887438829523
    },
    "erbbands_kurtosis": {
        "dmean": 0.620832204819,
        "dmean2": 1.00008869171,
        "dvar": 0.569772362709,
        "dvar2": 1.44722092152,
        "max": 7.21133422852,
        "mean": -0.273889482021,
        "median": -0.562836408615,
        "min": -1.62341892719,
        "stdev": 1.02911937237,
        "var": 1.0590865612
    },
    "erbbands_skewness": {
        "dmean": 0.35377073288,
        "dmean2": 0.541629254818,
        "dvar": 0.109646141529,
        "dvar2": 0.255634725094,
        "max": 2.31928658485,
        "mean": 0.242825180292,
        "median": 0.255220174789,
        "min": -2.36909604073,
        "stdev": 0.569353103638,
        "var": 0.32416293025
    },
    "erbbands_spread": {
        "dmean": 10.5160140991,
        "dmean2": 16.3187103271,
        "dvar": 111.206726074,
        "dvar2": 256.338867188,
        "max": 130.391830444,
        "mean": 50.256526947,
        "median": 48.8455505371,
        "min": 12.071644783,
        "stdev": 17.1996841431,
        "var": 295.829162598
    },
    "hfc": {
        "dmean": 14.1723146439,
        "dmean2": 21.4134254456,
        "dvar": 296.973419189,
        "dvar2": 666.932434082,
        "max": 133.368118286,
        "mean": 24.9593372345,
        "median": 17.7322349548,
        "min": 1.1701380325e-16,
        "stdev": 22.8855609894,
        "var": 523.748901367
    },
    "loudness_ebu128": {
        "integrated": -9.0334854126,
        "loudness_range": 2.40101337433,
        "momentary": {
            "dmean": 0.493793994188,
            "dmean2": 0.671888947487,
            "dvar": 0.182675719261,
            "dvar2": 0.272116929293,
            "max": -6.63777542114,
            "mean": -9.22718334198,
            "median": -9.08067893982,
            "min": -14.5927858353,
            "stdev": 1.33219516277,
            "var": 1.7747439146
        },
        "short_term": {
            "dmean": 0.0732313171029,
            "dmean2": 0.102390810847,
            "dvar": 0.00338984676637,
            "dvar2": 0.00554408691823,
            "max": -7.61458015442,
            "mean": -9.10053062439,
            "median": -9.13931941986,
            "min": -10.5129108429,
            "stdev": 0.837825655937,
            "var": 0.701951801777
        }
    },
    "melbands_crest": {
        "dmean": 3.30633306503,
        "dmean2": 5.20070695877,
        "dvar": 9.14928150177,
        "dvar2": 22.2750587463,
        "max": 29.6030330658,
        "mean": 13.8606891632,
        "median": 13.055603981,
        "min": 2.38834190369,
        "stdev": 5.0350189209,
        "var": 25.3514137268
    },
    "melbands_flatness_db": {
        "dmean": 0.0404532589018,
        "dmean2": 0.0567640438676,
        "dvar": 0.00150261179078,
        "dvar2": 0.00272869784385,
        "max": 0.448873788118,
        "mean": 0.189947724342,
        "median": 0.184860154986,
        "min": 0.0073666293174,
        "stdev": 0.0696831792593,
        "var": 0.00485574500635
    },
    "melbands_kurtosis": {
        "dmean": 9.05239391327,
        "dmean2": 13.8795175552,
        "dvar": 231.33543396,
        "dvar2": 505.271362305,
        "max": 229.532012939,
        "mean": 18.2426147461,
        "median": 10.9480657578,
        "min": -1.38327682018,
        "stdev": 24.4246883392,
        "var": 596.565429688
    },
    "melbands_skewness": {
        "dmean": 0.824953556061,
        "dmean2": 1.2411866188,
        "dvar": 0.850140273571,
        "dvar2": 1.78237164021,
        "max": 12.3009824753,
        "mean": 3.16877007484,
        "median": 2.83079719543,
        "min": -0.0968339890242,
        "stdev": 1.7181866169,
        "var": 2.9521651268
    },
    "melbands_spread": {
        "dmean": 11.8998613358,
        "dmean2": 18.7589511871,
        "dvar": 332.513214111,
        "dvar2": 844.183959961,
        "max": 159.928115845,
        "mean": 25.0209255219,
        "median": 20.3505592346,
        "min": 0.825661361217,
        "stdev": 20.5181789398,
        "var": 420.995635986
    },
    "pitch_salience": {
        "dmean": 0.0745645537972,
        "dmean2": 0.116309843957,
        "dvar": 0.00429257564247,
        "dvar2": 0.00978383980691,
        "max": 0.897667229176,
        "mean": 0.547089874744,
        "median": 0.557485103607,
        "min": 0.191710904241,
        "stdev": 0.109249994159,
        "var": 0.011935560964
    },
    "silence_rate_20dB": {
        "dmean": 0,
        "dmean2": 0,
        "dvar": 0,
        "dvar2": 0,
        "max": 1,
        "mean": 1,
        "median": 1,
        "min": 1,
        "stdev": 0,
        "var": 0
    },
    "silence_rate_30dB": {
        "dmean": 0,
        "dmean2": 0,
        "dvar": 0,
        "dvar2": 0,
        "max": 1,
        "mean": 1,
        "median": 1,
        "min": 1,
        "stdev": 0,
        "var": 0
    },
    "silence_rate_60dB": {
        "dmean": 0.00696594407782,
        "dmean2": 0.0139426803216,
        "dvar": 0.00691752694547,
        "dvar2": 0.0152976131067,
        "max": 1,
        "mean": 0.0116009283811,
        "median": 0,
        "min": 0,
        "stdev": 0.107080519199,
        "var": 0.0114662377164
    },
    "spectral_centroid": {
        "dmean": 405.109893799,
        "dmean2": 611.277038574,
        "dvar": 246049.359375,
        "dvar2": 485391.96875,
        "max": 10901.8916016,
        "mean": 1376.48583984,
        "median": 1267.48095703,
        "min": 298.649047852,
        "stdev": 698.023925781,
        "var": 487237.40625
    },
    "spectral_complexity": {
        "dmean": 5.6222910881,
        "dmean2": 8.12780761719,
        "dvar": 32.6034355164,
        "dvar2": 65.2283096313,
        "max": 53,
        "mean": 18.0471763611,
        "median": 17,
        "min": 0,
        "stdev": 8.93424034119,
        "var": 79.8206558228
    },
    "spectral_decrease": {
        "dmean": 1.83358350725e-09,
        "dmean2": 2.63222910135e-09,
        "dvar": 3.04191038055e-18,
        "dvar2": 5.86044063668e-18,
        "max": 4.06280338446e-29,
        "mean": -6.4989102988e-09,
        "median": -6.07869399261e-09,
        "min": -2.10425241676e-08,
        "stdev": 3.53649021179e-09,
        "var": 1.25067632395e-17
    },
    "spectral_energy": {
        "dmean": 0.00770929502323,
        "dmean2": 0.0111388070509,
        "dvar": 5.4285297665e-05,
        "dvar2": 0.000103864258563,
        "max": 0.0848179534078,
        "mean": 0.0267922952771,
        "median": 0.0249054357409,
        "min": 1.04601447478e-20,
        "stdev": 0.0146522587165,
        "var": 0.000214688698179
    },
    "spectral_energyband_high": {
        "dmean": 0.00124877505004,
        "dmean2": 0.00198414316401,
        "dvar": 2.8528988878e-06,
        "dvar2": 6.73604245094e-06,
        "max": 0.00994757842273,
        "mean": 0.00145760725718,
        "median": 0.000605362758506,
        "min": 7.86070382344e-21,
        "stdev": 0.00185516104102,
        "var": 3.44162231158e-06
    },
    "spectral_energyband_low": {
        "dmean": 0.00362728023902,
        "dmean2": 0.00559653434902,
        "dvar": 1.87418354471e-05,
        "dvar2": 4.4149979658e-05,
        "max": 0.0467565767467,
        "mean": 0.00973050668836,
        "median": 0.00882684998214,
        "min": 1.09794885101e-22,
        "stdev": 0.00695989094675,
        "var": 4.84400807181e-05
    },
    "spectral_energyband_middle_high": {
        "dmean": 0.00219762767665,
        "dmean2": 0.00312821287662,
        "dvar": 7.87337467045e-06,
        "dvar2": 1.48085555338e-05,
        "max": 0.039332292974,
        "mean": 0.00472967606038,
        "median": 0.00293885078281,
        "min": 1.38869155245e-21,
        "stdev": 0.00537750357762,
        "var": 2.89175441139e-05
    },
    "spectral_energyband_middle_low": {
        "dmean": 0.00429500825703,
        "dmean2": 0.00625173328444,
        "dvar": 2.3933895136e-05,
        "dvar2": 4.72293577332e-05,
        "max": 0.0605423785746,
        "mean": 0.0116213746369,
        "median": 0.00956006255001,
        "min": 2.75342167579e-22,
        "stdev": 0.00886580627412,
        "var": 7.8602519352e-05
    },
    "spectral_entropy": {
        "dmean": 0.264459580183,
        "dmean2": 0.373003005981,
        "dvar": 0.0649047493935,
        "dvar2": 0.122289292514,
        "max": 9.80232429504,
        "mean": 7.69960165024,
        "median": 7.65063095093,
        "min": 6.30957794189,
        "stdev": 0.423555493355,
        "var": 0.179399266839
    },
    "spectral_flux": {
        "dmean": 0.0238484889269,
        "dmean2": 0.0360850058496,
        "dvar": 0.000487935700221,
        "dvar2": 0.000968365289737,
        "max": 0.213383093476,
        "mean": 0.0845647752285,
        "median": 0.0824495926499,
        "min": 1.02274848313e-10,
        "stdev": 0.0375301614404,
        "var": 0.00140851293691
    },
    "spectral_kurtosis": {
        "dmean": 1.3801407814,
        "dmean2": 2.09619450569,
        "dvar": 1.86230897903,
        "dvar2": 4.36158370972,
        "max": 20.6230735779,
        "mean": 3.30235266685,
        "median": 3.054874897,
        "min": -1.20796477795,
        "stdev": 2.03455090523,
        "var": 4.13939714432
    },
    "spectral_rms": {
        "dmean": 0.000768362951931,
        "dmean2": 0.00110670062713,
        "dvar": 5.01099748362e-07,
        "dvar2": 9.73657392933e-07,
        "max": 0.00909665971994,
        "mean": 0.00490072416142,
        "median": 0.00492929853499,
        "min": 3.1945297102e-12,
        "stdev": 0.00145662249997,
        "var": 2.12174904846e-06
    },
    "spectral_rolloff": {
        "dmean": 1122.77770996,
        "dmean2": 1870.92016602,
        "dvar": 2840397.75,
        "dvar2": 6440388.5,
        "max": 18949.21875,
        "mean": 1702.45458984,
        "median": 1119.7265625,
        "min": 86.1328125,
        "stdev": 1867.08044434,
        "var": 3485989.5
    },
    "spectral_skewness": {
        "dmean": 0.258677273989,
        "dmean2": 0.39100509882,
        "dvar": 0.0573328025639,
        "dvar2": 0.13011674583,
        "max": 3.20203471184,
        "mean": 1.48879849911,
        "median": 1.47780525684,
        "min": 0.0110262865201,
        "stdev": 0.383698761463,
        "var": 0.147224739194
    },
    "spectral_spread": {
        "dmean": 912159.6875,
        "dmean2": 1313152.75,
        "dvar": 1.59565375078e+12,
        "dvar2": 2.09557481062e+12,
        "max": 40867392,
        "mean": 5746250,
        "median": 5412730,
        "min": 2212765.25,
        "stdev": 1759914.125,
        "var": 3.09729768243e+12
    },
    "spectral_strongpeak": {
        "dmean": 0.415334612131,
        "dmean2": 0.730270564556,
        "dvar": 0.732306838036,
        "dvar2": 1.83598875999,
        "max": 10.1502685547,
        "mean": 0.638428688049,
        "median": 0.289172619581,
        "min": 4.64088145691e-09,
        "stdev": 0.98225158453,
        "var": 0.964818179607
    },
    "zerocrossingrate": {
        "dmean": 0.0175444893539,
        "dmean2": 0.0201481264085,
        "dvar": 0.000375016243197,
        "dvar2": 0.000493462488521,
        "max": 0.47900390625,
        "mean": 0.06422881037,
        "median": 0.06005859375,
        "min": 0.00390625,
        "stdev": 0.0348428562284,
        "var": 0.00121402472723
    },
    "barkbands": {
        "dmean": [0.000180609131348, 0.00289551843889, 0.00106693711132, 0.00121299957391, 0.0018453260418, 0.00076694577001, 0.00119330233429, 0.000739821640309, 0.000737455906346, 0.000323205371387, 0.000233999599004, 0.000236481311731, 0.000279646628769, 0.000563848996535, 0.000440944597358, 0.000241320391069, 0.0003049900115, 0.000251287943684, 0.000260619039182, 0.000223789509619, 0.000170959247043, 0.000241712870775, 0.000181481576874, 0.000378777709557, 0.000203647505259, 9.34326017159e-05, 2.66464894594e-06],
        "dmean2": [0.00030978518771, 0.00454074656591, 0.00181721372064, 0.00192701257765, 0.00293466332369, 0.00112072622869, 0.00184335827362, 0.00112309784163, 0.0010374689009, 0.000475355016533, 0.000333684205543, 0.000345900916727, 0.000410320906667, 0.000906449218746, 0.000680406985339, 0.000373537710402, 0.000499806774314, 0.000425807171268, 0.000389490043744, 0.000346165325027, 0.000275168538792, 0.00039265648229, 0.000297411839711, 0.00063292181585, 0.000312008021865, 0.000142150718602, 4.52835774922e-06],
        "dvar": [7.37309591159e-08, 1.50527748701e-05, 2.41751399699e-06, 3.67711027138e-06, 5.22695245309e-06, 1.59412820722e-06, 6.15299313722e-06, 2.28068597607e-06, 2.74383137366e-06, 5.29460237431e-07, 3.34359413046e-07, 2.34920989328e-07, 4.25552883598e-07, 1.75038746875e-06, 1.02770013655e-06, 2.03090962714e-07, 2.42018046492e-07, 2.36206460613e-07, 3.129794095e-07, 1.69428119534e-07, 7.44020738352e-08, 1.69256850313e-07, 9.17148881285e-08, 4.11381193999e-07, 7.84620723948e-08, 1.94691303079e-08, 3.68866812095e-11],
        "dvar2": [1.94436196921e-07, 3.47802924807e-05, 6.47159686196e-06, 8.70099302119e-06, 1.25441893033e-05, 3.29885529027e-06, 1.15483562695e-05, 4.54607516076e-06, 5.30716260982e-06, 1.11484439458e-06, 5.53170764306e-07, 5.14706016475e-07, 8.1688182263e-07, 3.90467539546e-06, 1.97089138965e-06, 4.99683039834e-07, 6.13720544607e-07, 6.45697753043e-07, 6.27980114132e-07, 3.6193890196e-07, 1.87391108852e-07, 4.39670202468e-07, 2.39676978708e-07, 1.0883388768e-06, 1.57714808324e-07, 3.92636110291e-08, 9.2808281893e-11],
        "max": [0.00319377076812, 0.0449441187084, 0.0225603785366, 0.0238158628345, 0.026500813663, 0.018044019118, 0.0356229767203, 0.0260334145278, 0.0297603849322, 0.0190035309643, 0.0171351395547, 0.0087007721886, 0.00988733395934, 0.0190519429743, 0.0209905710071, 0.00694384705275, 0.00441402429715, 0.00460567325354, 0.00750788999721, 0.00981738138944, 0.00298377801664, 0.00359113281593, 0.00260860659182, 0.00450897403061, 0.00185982265975, 0.00103298842441, 8.26883333502e-05],
        "mean": [0.000273452169495, 0.00717591028661, 0.00162318092771, 0.0017760329647, 0.00369863584638, 0.00141654023901, 0.00224755355157, 0.00112284848001, 0.00119521201123, 0.000489065248985, 0.000383137608878, 0.000400410441216, 0.000393285241444, 0.000856066530105, 0.000680556811858, 0.000364074134268, 0.000384404236684, 0.000271363562206, 0.000406795210438, 0.000283827073872, 0.000210022029933, 0.000274012796581, 0.000186360659427, 0.000344275962561, 0.000228598248214, 0.00010444012878, 2.22293442675e-06],
        "median": [0.000109043066914, 0.00634576566517, 0.00104121025652, 0.000875539844856, 0.00284079927951, 0.000807751319371, 0.000947300111875, 0.000319067068631, 0.000363423721865, 0.000155541783897, 0.000150963023771, 0.000127705483465, 0.000112874244223, 0.000234035571339, 0.000192084000446, 0.000187081343029, 0.000165511024534, 0.000125196864246, 0.000119450312923, 0.00011404765246, 9.72724155872e-05, 9.65206127148e-05, 5.74763107579e-05, 9.51958063524e-05, 8.44637397677e-05, 3.15801771649e-05, 2.17877243358e-07],
        "min": [1.02202752065e-23, 6.98345805887e-23, 9.9410192349e-24, 5.14809869441e-23, 9.10279378081e-24, 4.94744592782e-23, 2.75349248395e-23, 5.90126017268e-23, 6.61660365915e-23, 7.25034484924e-23, 8.56519106925e-23, 6.39146465007e-23, 8.42557594189e-23, 3.93606187628e-23, 1.15798709813e-22, 1.19940784923e-22, 1.63536103689e-22, 1.917386636e-22, 2.84094434172e-22, 2.6880482046e-22, 6.54444459578e-22, 3.23314553652e-22, 6.80759849634e-22, 9.03753283274e-22, 1.22949401966e-21, 1.59810405772e-21, 2.58145923759e-21],
        "stdev": [0.000382694299333, 0.00581398839131, 0.00183745427057, 0.00251751975156, 0.00333358650096, 0.00186489056796, 0.00437234854326, 0.00210677762516, 0.00232121674344, 0.00102785753552, 0.000918272999115, 0.000892068259418, 0.000902346742805, 0.00190029630903, 0.00166454550344, 0.000562867498957, 0.000575368409045, 0.000437768612755, 0.000922785606235, 0.000515041465405, 0.000297495251289, 0.000422106095357, 0.000296467420412, 0.000584516325034, 0.000327578571159, 0.000160673225764, 5.69831490793e-06],
        "var": [1.46454922856e-07, 3.3802461985e-05, 3.37623805535e-06, 6.33790523352e-06, 1.11127992568e-05, 3.47781701748e-06, 1.91174312931e-05, 4.43851149612e-06, 5.38804761163e-06, 1.05649121451e-06, 8.43225336666e-07, 7.95785808805e-07, 8.14229622392e-07, 3.6111262034e-06, 2.77071171695e-06, 3.16819836144e-07, 3.31048795488e-07, 1.91641362335e-07, 8.51533229707e-07, 2.65267686927e-07, 8.8503419704e-08, 1.78173564791e-07, 8.78929355963e-08, 3.41659330161e-07, 1.07307727149e-07, 2.58158845412e-08, 3.24707934152e-11]
    },
    "erbbands": {
        "dmean": [0.110397160053, 0.602431893349, 1.12753248215, 2.37568807602, 5.8629693985, 6.93758249283, 4.41178607941, 8.09044265747, 15.1267232895, 15.9712581635, 14.2591562271, 19.4760990143, 11.799118042, 7.84810686111, 8.33321094513, 10.3532295227, 11.8443012238, 19.4700222015, 28.0797672272, 17.6384811401, 13.2608041763, 15.2863531113, 14.1558418274, 9.48685264587, 15.9842071533, 9.20779132843, 7.28415775299, 6.85903406143, 8.54420471191, 6.62769460678, 5.80933761597, 5.18518304825, 8.01620197296, 2.91953682899, 1.25203156471, 0.572349607944, 0.13750448823, 0.015032899566, 0.000374331895728, 2.39568034885e-05],
        "dmean2": [0.181170061231, 0.932186841965, 1.88851869106, 3.83431720734, 9.18362045288, 11.1271543503, 6.89996385574, 12.0576887131, 23.2464923859, 24.3082141876, 21.1568222046, 27.6024799347, 16.9423465729, 11.0564517975, 12.2468643188, 15.1594905853, 17.1402263641, 29.8378887177, 42.8852386475, 26.8564796448, 19.9322757721, 25.2291927338, 23.7735214233, 15.1533527374, 23.3344764709, 14.1539306641, 11.751830101, 10.9733133316, 13.727107048, 11.1380586624, 9.65117168427, 8.46754932404, 13.6054172516, 4.57392120361, 1.90617024899, 0.871930003166, 0.207142755389, 0.0233976561576, 0.000584141060244, 3.58540855814e-05],
        "dvar": [0.0223129019141, 0.652375459671, 2.56347417831, 14.1512842178, 68.0811157227, 101.687812805, 36.9084587097, 219.211959839, 1116.68261719, 1148.18640137, 801.715637207, 2097.29516602, 579.424682617, 226.283493042, 441.812927246, 543.506103516, 755.336425781, 2056.89648438, 3205.50585938, 1304.64416504, 556.406188965, 631.582824707, 732.856323242, 330.726196289, 1191.67443848, 245.703735352, 153.017303467, 133.397384644, 222.856842041, 132.475540161, 114.001426697, 80.6815643311, 197.585662842, 14.6059885025, 3.41430163383, 0.741369366646, 0.0418909788132, 0.000590561830904, 4.34260783777e-07, 7.86967657707e-10],
        "dvar2": [0.0550419576466, 1.4595413208, 6.75515604019, 34.8147239685, 165.263671875, 244.432373047, 90.6559753418, 453.741088867, 2004.96765137, 2235.60644531, 1589.4119873, 4038.11889648, 1113.77453613, 371.363372803, 898.382263184, 1172.16052246, 1439.44055176, 4782.64550781, 6599.73291016, 2575.22924805, 1303.53662109, 1654.7076416, 2006.13769531, 839.679870605, 2187.33056641, 532.235656738, 389.177185059, 334.565551758, 571.988708496, 348.953948975, 307.021240234, 214.502853394, 528.248840332, 32.0931472778, 6.72271823883, 1.49133002758, 0.084483243525, 0.00134516938124, 1.00957095128e-06, 1.57608071039e-09],
        "max": [1.62638962269, 8.72589588165, 24.118927002, 47.493057251, 107.349983215, 154.127319336, 66.2752456665, 220.963897705, 584.905944824, 683.848815918, 554.735961914, 822.261779785, 540.754089355, 273.343231201, 641.58581543, 447.89175415, 475.216522217, 604.093261719, 1061.6295166, 642.915222168, 327.346466064, 240.508804321, 260.943634033, 337.971160889, 523.161499023, 327.214752197, 167.971923828, 131.121032715, 182.841384888, 83.417640686, 109.138221741, 88.7436141968, 95.7836303711, 26.3850669861, 11.9617071152, 5.98095321655, 1.26797294617, 0.267285466194, 0.0078783556819, 0.000283320056042],
        "mean": [0.239826455712, 1.46394634247, 2.07107067108, 3.85127520561, 9.74628448486, 13.3519277573, 8.56234073639, 15.3746604919, 28.137178421, 30.0444431305, 23.5006313324, 31.6395683289, 19.0402927399, 14.6411266327, 13.4426317215, 18.0137691498, 18.0136032104, 32.3074798584, 45.8708724976, 27.1558551788, 21.9779624939, 19.7006187439, 16.1532001495, 12.2423439026, 26.3378925323, 12.2440319061, 9.20061016083, 8.05667877197, 9.97515583038, 7.01974248886, 5.74379301071, 5.13868427277, 6.88121652603, 3.09379577637, 1.42485070229, 0.631828248501, 0.153712227941, 0.0162712931633, 0.000412010209402, 5.07425611431e-05],
        "median": [0.188923314214, 1.26703774929, 1.46339964867, 2.24263882637, 5.75279283524, 9.28961372375, 5.90914583206, 8.30422115326, 12.9719924927, 10.055688858, 8.10987186432, 9.48360729218, 6.52008962631, 5.2828578949, 6.19785022736, 5.54573488235, 6.34276390076, 10.9005861282, 14.9207115173, 10.3087015152, 11.2991952896, 9.95955181122, 8.15461158752, 5.43309354782, 6.78364086151, 5.06237220764, 4.47525072098, 3.39082860947, 3.71225595474, 2.39382696152, 1.6614613533, 1.65489196777, 1.63184416294, 1.07594919205, 0.477263063192, 0.182091385126, 0.0428027585149, 0.00448644720018, 0.000132037734147, 4.03893754992e-05],
        "min": [3.0583262354e-21, 1.15419305835e-20, 1.03978743651e-20, 9.4870313806e-20, 1.03322464692e-19, 2.37006454827e-20, 4.94976057446e-20, 5.2249328681e-19, 4.48993222903e-19, 6.17737137286e-19, 1.55428209036e-18, 1.94816295739e-18, 9.28112777306e-19, 3.86977962096e-18, 3.39802590312e-18, 2.92631602585e-18, 3.93299689928e-18, 2.04291815091e-18, 4.07024229292e-18, 7.47131945852e-18, 6.38085759675e-18, 9.26717489049e-18, 1.02220093239e-17, 1.0704392933e-17, 1.62944340177e-17, 1.51072362784e-17, 1.82244118229e-17, 2.48022463525e-17, 1.56172774985e-17, 1.32287661828e-17, 2.06486598226e-17, 2.26586458454e-17, 1.27991641414e-17, 1.21451612347e-17, 9.11469158919e-18, 5.86529163738e-18, 2.90003670458e-18, 1.47658274068e-18, 3.23728118715e-19, 3.82709909176e-20],
        "stdev": [0.217188566923, 1.21771800518, 1.99751889706, 4.79245567322, 10.9516477585, 14.6665468216, 8.57925891876, 21.6704978943, 54.0394515991, 60.0783996582, 41.26953125, 63.5654563904, 35.6802253723, 27.5239696503, 27.367395401, 42.1599197388, 38.5270690918, 64.5958938599, 91.4267196655, 54.8046684265, 32.8565940857, 26.8657455444, 24.6862926483, 20.1000785828, 61.0651512146, 19.7524929047, 13.4435844421, 12.2203893661, 15.6905994415, 11.3552331924, 9.72722911835, 8.3534450531, 12.4561433792, 4.34826421738, 2.14559745789, 0.986558318138, 0.23732163012, 0.0266681089997, 0.000702847843058, 3.7881978642e-05],
        "var": [0.0471708737314, 1.48283720016, 3.99008154869, 22.9676303864, 119.938598633, 215.10760498, 73.6036758423, 469.61050415, 2920.26245117, 3609.4140625, 1703.17407227, 4040.56738281, 1273.07849121, 757.568908691, 748.974365234, 1777.4588623, 1484.33496094, 4172.62939453, 8358.84570312, 3003.55151367, 1079.55566406, 721.768310547, 609.413024902, 404.013183594, 3728.95288086, 390.160949707, 180.729949951, 149.337905884, 246.194900513, 128.941329956, 94.6189880371, 69.7800521851, 155.155517578, 18.9074001312, 4.60358858109, 0.973297357559, 0.0563215576112, 0.000711188069545, 4.93995116813e-07, 1.43504441663e-09]
    },
    "gfcc": {
        "mean": [22.0252494812, 79.4297409058, -98.9100799561, 40.2672424316, -56.4424591064, 20.115945816, -47.0380783081, 14.9423341751, -22.1714801788, 11.4038534164, -16.9635124207, 0.883774399757, -9.06559944153],
        "cov": [[5128.92431641, -1282.63879395, -205.661712646, -321.152252197, -435.218597412, 107.582397461, -136.97946167, 304.130065918, -192.395645142, 216.350082397, -230.544113159, 15.6922178268, -236.220901489], [-1282.63879395, 1150.85400391, 6.33174610138, 72.3253097534, 269.831359863, -97.0197067261, 128.127639771, -67.302444458, 120.38306427, -74.3914871216, 117.621780396, -43.885559082, 118.719841003], [-205.661712646, 6.33174610138, 315.198883057, 87.506690979, 62.0089988708, 44.3978309631, 21.8165779114, 9.99045848846, 18.3090724945, 8.96689224243, -4.65514659882, 42.125667572, -2.10212397575], [-321.152252197, 72.3253097534, 87.506690979, 316.145568848, 82.2364578247, 31.9153690338, 5.44020032883, -26.033203125, 60.9280204773, -61.0449028015, 61.8539466858, 27.0318698883, 68.5456695557], [-435.218597412, 269.831359863, 62.0089988708, 82.2364578247, 268.899139404, 27.817155838, 28.7399711609, -1.56857216358, 38.1533126831, 3.00965499878, 13.1810235977, -33.2962837219, 44.5711669922], [107.582397461, -97.0197067261, 44.3978309631, 31.9153690338, 27.817155838, 152.062805176, 44.6329803467, 8.2469587326, 0.0215448439121, -1.08460998535, 6.76771736145, 1.85665774345, 1.92764759064], [-136.97946167, 128.127639771, 21.8165779114, 5.44020032883, 28.7399711609, 44.6329803467, 195.002822876, 36.2217063904, 5.51555395126, 11.9750232697, 47.2408409119, 45.3618011475, 10.5873775482], [304.130065918, -67.302444458, 9.99045848846, -26.033203125, -1.56857216358, 8.2469587326, 36.2217063904, 105.920341492, 2.12185263634, 20.6462039948, -0.551540732384, 12.4589710236, -6.63058900833], [-192.395645142, 120.38306427, 18.3090724945, 60.9280204773, 38.1533126831, 0.0215448439121, 5.51555395126, 2.12185263634, 111.609130859, 13.7599458694, 19.4569625854, -9.95855522156, 15.7136144638], [216.350082397, -74.3914871216, 8.96689224243, -61.0449028015, 3.00965499878, -1.08460998535, 11.9750232697, 20.6462039948, 13.7599458694, 121.375724792, -23.8693637848, -16.8353404999, -26.7770862579], [-230.544113159, 117.621780396, -4.65514659882, 61.8539466858, 13.1810235977, 6.76771736145, 47.2408409119, -0.551540732384, 19.4569625854, -23.8693637848, 110.463401794, 55.2009315491, 35.2603797913], [15.6922178268, -43.885559082, 42.125667572, 27.0318698883, -33.2962837219, 1.85665774345, 45.3618011475, 12.4589710236, -9.95855522156, -16.8353404999, 55.2009315491, 141.275772095, 27.3472576141], [-236.220901489, 118.719841003, -2.10212397575, 68.5456695557, 44.5711669922, 1.92764759064, 10.5873775482, -6.63058900833, 15.7136144638, -26.7770862579, 35.2603797913, 27.3472576141, 90.9728240967]],
        "icov": [[0.000446159130661, -9.14554912015e-05, 0.000465906225145, -0.00035989418393, 0.000509706675075, -0.000672168680467, 0.000605719105806, -0.00136850343551, 0.00062283949228, -0.000759197573643, 0.00075012963498, -0.000568658288103, 0.000703221303411], [-9.14554912015e-05, 0.00289275846444, -0.000770804646891, 0.00176294683479, -0.00226155831479, 0.00294590904377, -0.00259953807108, 0.00236393231899, -0.00255126995035, 0.00240504764952, -0.00254552997649, 0.00242808484472, -0.00243293889798], [0.000465906225145, -0.000770804646891, 0.00489650061354, -0.00214348942973, -2.40547778958e-05, -0.00218820408918, 0.00124362891074, -0.00212882249616, 0.000994625734165, -0.0018911594525, 0.00301000196487, -0.0034091072157, 0.00283185322769], [-0.00035989418393, 0.00176294683479, -0.00214348942973, 0.00675116106868, -0.00223417300731, 0.00146668835077, -0.00140750734136, 0.00312438537367, -0.00415260018781, 0.00404345616698, -0.00379404937848, 0.00204084347934, -0.00415197387338], [0.000509706675075, -0.00226155831479, -2.40547778958e-05, -0.00223417300731, 0.00729073910043, -0.00311183976009, 0.00169271789491, -0.00312587874942, 0.00202961987816, -0.00305938348174, 0.00228898064233, 7.70597180235e-05, -0.000134658897878], [-0.000672168680467, 0.00294590904377, -0.00218820408918, 0.00146668835077, -0.00311183976009, 0.0112880170345, -0.00512527348474, 0.0039160749875, -0.00260909809731, 0.00343834818341, -0.0033518942073, 0.0038938310463, -0.00298676337115], [0.000605719105806, -0.00259953807108, 0.00124362891074, -0.00140750734136, 0.00169271789491, -0.00512527348474, 0.00994753651321, -0.00545467529446, 0.0029853428714, -0.00373291643336, 0.00046145284432, -0.00427047908306, 0.0032689771615], [-0.00136850343551, 0.00236393231899, -0.00212882249616, 0.00312438537367, -0.00312587874942, 0.0039160749875, -0.00545467529446, 0.0163444299251, -0.00426243524998, 0.00285030039959, -0.00339545565657, 0.00251402659342, -0.00363162811846], [0.00062283949228, -0.00255126995035, 0.000994625734165, -0.00415260018781, 0.00202961987816, -0.00260909809731, 0.0029853428714, -0.00426243524998, 0.0142181264237, -0.00550814298913, 0.00104434473906, -0.000941639649682, 0.002302470617], [-0.000759197573643, 0.00240504764952, -0.0018911594525, 0.00404345616698, -0.00305938348174, 0.00343834818341, -0.00373291643336, 0.00285030039959, -0.00550814298913, 0.013603117317, -0.0019019440515, 0.00304056541063, -0.00135350215714], [0.00075012963498, -0.00254552997649, 0.00301000196487, -0.00379404937848, 0.00228898064233, -0.0033518942073, 0.00046145284432, -0.00339545565657, 0.00104434473906, -0.0019019440515, 0.0181658025831, -0.0078368941322, 0.00142107345164], [-0.000568658288103, 0.00242808484472, -0.0034091072157, 0.00204084347934, 7.70597180235e-05, 0.0038938310463, -0.00427047908306, 0.00251402659342, -0.000941639649682, 0.00304056541063, -0.0078368941322, 0.0141295604408, -0.00585410976782], [0.000703221303411, -0.00243293889798, 0.00283185322769, -0.00415197387338, -0.000134658897878, -0.00298676337115, 0.0032689771615, -0.00363162811846, 0.002302470617, -0.00135350215714, 0.00142107345164, -0.00585410976782, 0.0190841536969]]
    },
    "melbands": {
        "dmean": [0.000872034404892, 0.000572779448703, 0.000494387932122, 0.000446452439064, 0.00018037846894, 0.000177534631803, 0.000235659666942, 0.000173548876774, 0.000109274173155, 0.000126046419609, 5.87939102843e-05, 3.35876247846e-05, 2.81788161374e-05, 2.86471513391e-05, 2.13345883822e-05, 3.23454041791e-05, 4.24335812568e-05, 5.2688516007e-05, 3.37597084581e-05, 1.94504955289e-05, 1.67344860529e-05, 1.66382051248e-05, 1.61198659043e-05, 1.10118025987e-05, 7.02938359609e-06, 1.27523653646e-05, 1.01311106846e-05, 5.59228374186e-06, 4.8669876378e-06, 4.06224990002e-06, 4.06204435421e-06, 4.81362894789e-06, 5.12334145242e-06, 3.0762496408e-06, 3.42649786944e-06, 2.85282703771e-06, 3.32714876095e-06, 5.96238623984e-06, 3.84381019103e-06, 2.2768447252e-06],
        "dmean2": [0.00139026320539, 0.00091159454314, 0.000776494503953, 0.000714103924111, 0.000284713285509, 0.000263254711172, 0.000362667866284, 0.000257541221799, 0.000160895564477, 0.000178333822987, 8.53485180414e-05, 4.8176774726e-05, 4.07031402574e-05, 4.17988521804e-05, 3.21306179103e-05, 4.71404855489e-05, 6.59931538394e-05, 8.05758172646e-05, 5.1320570492e-05, 3.0378187148e-05, 2.56058046944e-05, 2.74387402897e-05, 2.77276794804e-05, 1.8664610252e-05, 1.13840314953e-05, 1.8613633074e-05, 1.51705535245e-05, 8.84748533281e-06, 7.8820357885e-06, 6.54088171359e-06, 6.53621282254e-06, 7.71869872551e-06, 8.61282842379e-06, 5.13650184075e-06, 5.76747925152e-06, 4.59057901026e-06, 5.50739196115e-06, 1.01656769402e-05, 6.3963343564e-06, 3.51236394636e-06],
        "dvar": [1.4033428215e-06, 5.33997194907e-07, 5.08544474087e-07, 3.35383646188e-07, 5.55350929687e-08, 1.00362562705e-07, 2.41962254677e-07, 1.19995505088e-07, 4.65315181941e-08, 9.32933374997e-08, 1.50450691905e-08, 4.41203518164e-09, 7.53446993684e-09, 3.52916007529e-09, 2.39347608399e-09, 5.89788973215e-09, 1.0589531918e-08, 1.23736878521e-08, 7.25451920758e-09, 1.34563149512e-09, 9.02990959784e-10, 6.44434006158e-10, 1.42900002942e-09, 4.66910954344e-10, 2.17438025918e-10, 9.01666408204e-10, 4.61198468305e-10, 9.20296755469e-11, 8.6703595692e-11, 4.93754273578e-11, 5.02729559371e-11, 7.59146634444e-11, 9.12867559322e-11, 2.81797345875e-11, 4.28968874311e-11, 1.97975715682e-11, 3.9475651914e-11, 1.12871385849e-10, 3.76907290101e-11, 1.01112677259e-11],
        "dvar2": [3.29833233081e-06, 1.32886452775e-06, 1.18836021556e-06, 8.04176409019e-07, 1.3801110299e-07, 2.02071277045e-07, 4.4471485694e-07, 2.32456372373e-07, 9.22146412563e-08, 1.81190202397e-07, 3.0049637445e-08, 8.26325141645e-09, 1.46168757098e-08, 7.887079434e-09, 5.12737807767e-09, 1.1408512357e-08, 2.42863116284e-08, 2.64044679454e-08, 1.45432581533e-08, 3.10154923966e-09, 2.13426210038e-09, 1.6213146381e-09, 3.96858856888e-09, 1.27153376717e-09, 5.60638757641e-10, 1.81552628487e-09, 8.9254270641e-10, 2.19709681004e-10, 2.28873503483e-10, 1.24963775439e-10, 1.26703064707e-10, 1.90373952713e-10, 2.46094505885e-10, 7.30050533915e-11, 1.16128134886e-10, 5.06449118753e-11, 1.07358497092e-10, 3.02957103848e-10, 9.72698657731e-11, 2.1414991308e-11],
        "max": [0.0138378040865, 0.00934375729412, 0.0088322814554, 0.00627535954118, 0.00251786201261, 0.00428524939343, 0.0083795664832, 0.00769981136546, 0.00398110412061, 0.00565879885107, 0.00289707351476, 0.00113550492097, 0.00276909233071, 0.000989907188341, 0.00103654793929, 0.00130863778759, 0.00138228863943, 0.00227602268569, 0.00191234902013, 0.000586695678066, 0.000417269329773, 0.000215756372199, 0.000334185053362, 0.000207397970371, 0.000308232440148, 0.000477234192658, 0.000477212597616, 0.000139965632115, 0.000151853411808, 9.15036507649e-05, 9.20099992072e-05, 0.000113492926175, 7.98751352704e-05, 4.52955646324e-05, 6.96579445503e-05, 3.73020193365e-05, 6.0706432123e-05, 7.09996311343e-05, 4.77033936477e-05, 2.09528861888e-05],
        "mean": [0.00208083400503, 0.00135031994432, 0.000862512097228, 0.000860483734868, 0.000366543506971, 0.000332655064994, 0.000446219259175, 0.000315465586027, 0.000176396191819, 0.000200951602892, 9.05375127331e-05, 5.9264486481e-05, 4.44478318968e-05, 4.88760924782e-05, 3.21196203004e-05, 4.62542302557e-05, 6.51785085211e-05, 8.07943870313e-05, 5.10382706125e-05, 2.75568891084e-05, 2.59354274021e-05, 2.1542840841e-05, 1.7095289877e-05, 1.19550577438e-05, 8.21017056296e-06, 2.03117542696e-05, 1.4786468455e-05, 6.63760420139e-06, 5.83055589232e-06, 4.90394859298e-06, 4.50436982646e-06, 5.68527002542e-06, 5.29860517418e-06, 3.25048495142e-06, 3.31670412379e-06, 2.88366163659e-06, 3.18004595101e-06, 5.05165462528e-06, 3.53288942279e-06, 2.44874445343e-06],
        "median": [0.00172531802673, 0.00118698133156, 0.000549467746168, 0.000638671743218, 0.000262076384388, 0.000181123585207, 0.000206833879929, 0.000101029007055, 5.8647539845e-05, 5.60317930649e-05, 2.9845356039e-05, 2.07516750379e-05, 1.91260569409e-05, 1.73113458004e-05, 1.18271991596e-05, 1.27899174913e-05, 1.79350372491e-05, 2.44759285124e-05, 1.26344566524e-05, 1.32952736749e-05, 1.16066494229e-05, 9.87648309092e-06, 7.44871704228e-06, 5.61613660466e-06, 3.27190377902e-06, 4.90123829877e-06, 4.21538607043e-06, 2.70022337645e-06, 2.83309645965e-06, 2.1419893983e-06, 1.71426859197e-06, 2.03297713597e-06, 1.71454769315e-06, 1.02639580746e-06, 8.55432119806e-07, 8.79868309767e-07, 9.80686422736e-07, 1.13891780984e-06, 9.86222971733e-07, 8.09185735307e-07],
        "min": [2.34542246851e-23, 9.2829869665e-24, 1.77515002919e-23, 3.63633007326e-24, 1.41146690948e-24, 1.11777519748e-23, 7.38841128487e-24, 8.70894866299e-24, 1.264320389e-23, 1.08029657364e-23, 3.62794605956e-24, 1.50336031053e-23, 1.07490636596e-23, 7.36596819212e-24, 9.88700987302e-24, 7.37437744937e-24, 3.05656641452e-24, 5.5429630994e-24, 1.02873504715e-23, 8.48843600757e-24, 7.26378467248e-24, 9.19918785026e-24, 9.00585224189e-24, 1.03100578327e-23, 7.96517983598e-24, 1.20401078951e-23, 1.11216734307e-23, 9.2775651255e-24, 8.82321595398e-24, 1.49048420729e-23, 1.4546137553e-23, 9.19587700105e-24, 5.98488337294e-24, 8.14280685714e-24, 1.15028241989e-23, 1.44961016835e-23, 1.24594821295e-23, 7.57030525468e-24, 1.26215417696e-23, 8.70929497293e-24],
        "stdev": [0.00176250410732, 0.00105458346661, 0.000973894551862, 0.000811893900391, 0.000357287266525, 0.000464059092337, 0.000835185870528, 0.000605521840043, 0.000319488055538, 0.000422965560574, 0.000178279733518, 0.000110194450826, 0.000114123155072, 0.000108951739094, 6.29947317066e-05, 0.000109201253508, 0.000140246193041, 0.000169665785506, 0.000138865012559, 4.61784366053e-05, 4.16648654209e-05, 3.00766168948e-05, 3.24242028e-05, 1.97075751203e-05, 1.57348367793e-05, 5.11615326104e-05, 3.14154094667e-05, 1.07659570858e-05, 9.3309163276e-06, 7.55285327614e-06, 7.34381956136e-06, 9.34164017963e-06, 8.97583959159e-06, 5.48601747141e-06, 5.89583351029e-06, 4.41693237008e-06, 5.60683747608e-06, 9.33552200877e-06, 5.82506936553e-06, 3.6376557091e-06],
        "var": [3.10642076329e-06, 1.11214626486e-06, 9.4847064247e-07, 6.5917174652e-07, 1.27654189441e-07, 2.15350851818e-07, 6.97535426752e-07, 3.66656706774e-07, 1.02072625907e-07, 1.78899867365e-07, 3.17836637009e-08, 1.21428165301e-08, 1.30240938034e-08, 1.18704814867e-08, 3.96833588212e-09, 1.19249143893e-08, 1.9668993545e-08, 2.87864772019e-08, 1.92834903601e-08, 2.13244799596e-09, 1.73596104158e-09, 9.04602837082e-10, 1.05132891282e-09, 3.88388515793e-10, 2.47585091318e-10, 2.61750243702e-09, 9.86927872759e-10, 1.15905840481e-10, 8.70659933039e-11, 5.70455904736e-11, 5.39316889758e-11, 8.72662428431e-11, 8.05656999447e-11, 3.0096387188e-11, 3.47608504481e-11, 1.95092917515e-11, 3.14366241372e-11, 8.71519731382e-11, 3.39314340514e-11, 1.3232538329e-11]
    },
    "melbands128": {
