{
"lowlevel": {
    "average_loudness": 0.890712141991,
    "barkbands_crest": {
        "dmean": 2.64129710197,
        "dmean2": 4.17325782776,
        "dvar": 7.35541677475,
        "dvar2": 19.9476280212,
        "max": 25.645734787,
        "mean": 11.4595766068,
        "median": 10.4288072586,
        "min": 2.61555457115,
        "stdev": 4.72870635986,
        "var": 22.3606643677
    },
    "barkbands_flatness_db": {
        "dmean": 0.0332072302699,
        "dmean2": 0.0497761927545,
        "dvar": 0.00097224797355,
        "dvar2": 0.00185834057629,
        "max": 0.63176715374,
        "mean": 0.223831191659,
        "median": 0.197577238083,
        "min": 0.0214621536434,
        "stdev": 0.10726223141,
        "var": 0.0115051865578
    },
    "barkbands_kurtosis": {
        "dmean": 5.80727958679,
        "dmean2": 9.24506378174,
        "dvar": 108.133850098,
        "dvar2": 250.225280762,
        "max": 165.810714722,
        "mean": 8.67635440826,
        "median": 4.36241483688,
        "min": -1.9557851553,
        "stdev": 14.7486095428,
        "var": 217.521484375
    },
    "barkbands_skewness": {
        "dmean": 0.837462246418,
        "dmean2": 1.26581680775,
        "dvar": 0.96724063158,
        "dvar2": 1.99763429165,
        "max": 10.1135091782,
        "mean": 1.92084729671,
        "median": 1.78148412704,
        "min": -4.70692968369,
        "stdev": 1.7287735939,
        "var": 2.98865795135
    },
    "barkbands_spread": {
        "dmean": 8.36365413666,
        "dmean2": 13.4527797699,
        "dvar": 196.487335205,
        "dvar2": 441.903839111,
        "max": 121.865112305,
        "mean": 17.9599094391,
        "median": 11.603928566,
        "min": 0.423676073551,
        "stdev": 19.1282405853,
        "var": 365.889556885
    },
    "dissonance": {
        "dmean": 0.038641590625,
        "dmean2": 0.0632020235062,
        "dvar": 0.00127828621771,
        "dvar2": 0.00318064494058,
        "max": 0.499839395285,
        "mean": 0.421332091093,
        "median": 0.428720653057,
        "min": 0.220104068518,
        "stdev": 0.0529839992523,
        "var": 0.00280730426311
    },
    "dynamic_complexity": 3.12898468971,
    "erbbands_crest": {
        "dmean": 3.03845477104,
        "dmean2": 4.83171510696,
        "dvar": 7.3490729332,
        "dvar2": 17.9121856689,
        "max": 28.4151992798,
        "mean": 10.8215560913,
        "median": 10.2345161438,
        "min": 2.73172402382,
        "stdev": 4.28445911407,
        "var": 18.356590271
    },
    "erbbands_flatness_db": {
        "dmean": 0.0241902992129,
        "dmean2": 0.0369562283158,
        "dvar": 0.000617834273726,
        "dvar2": 0.00121730065439,
        "max": 0.51233369112,
        "mean": 0.225812166929,
        "median": 0.183348789811,
        "min": 0.047272015363,
        "stdev": 0.113583706319,
        "var": 0.0129012577236
    },
    "erbbands_kurtosis": {
        "dmean": 2.08527255058,
        "dmean2": 3.30591058731,
        "dvar": 21.9831428528,
        "dvar2": 57.1089324951,
        "max": 120.577590942,
        "mean": 2.17011165619,
        "median": 1.32659387589,
        "min": -1.82308900356,
        "stdev": 4.77494716644,
        "var": 22.8001213074
    },
    "erbbands_skewness": {
        "dmean": 0.619260847569,
        "dmean2": 0.956930756569,
        "dvar": 0.573619246483,
        "dvar2": 1.23987722397,
        "max": 4.09396409988,
        "mean": 0.761465370655,
        "median": 0.891936719418,
        "min": -9.57410907745,
        "stdev": 1.1019346714,
        "var": 1.21426010132
    },
    "erbbands_spread": {
        "dmean": 13.3873567581,
        "dmean2": 21.3415279388,
        "dvar": 359.064086914,
        "dvar2": 902.847412109,
        "max": 162.899795532,
        "mean": 33.795085907,
        "median": 26.5031929016,
        "min": 2.70087885857,
        "stdev": 25.8002891541,
        "var": 665.654907227
    },
    "hfc": {
        "dmean": 24.2101173401,
        "dmean2": 37.9393234253,
        "dvar": 3082.12646484,
        "dvar2": 7049.71826172,
        "max": 869.109436035,
        "mean": 35.3693275452,
        "median": 18.2454986572,
        "min": 1.21541909037e-16,
        "stdev": 60.9517707825,
        "var": 3715.1184082
    },
    "loudness_ebu128": {
        "integrated": -7.34596538544,
        "loudness_range": 5.02283382416,
        "momentary": {
            "dmean": 0.949634432793,
            "dmean2": 1.0096757412,
            "dvar": 0.956424891949,
            "dvar2": 1.03310549259,
            "max": -3.9252550602,
            "mean": -8.35074996948,
            "median": -7.16474437714,
            "min": -23.3843135834,
            "stdev": 3.36565375328,
            "var": 11.3276252747
        },
        "short_term": {
            "dmean": 0.108564697206,
            "dmean2": 0.0991949811578,
            "dvar": 0.0081057716161,
            "dvar2": 0.00748189585283,
            "max": -5.6515994072,
            "mean": -7.75497722626,
            "median": -6.82438421249,
            "min": -12.6116828918,
            "stdev": 1.90719270706,
            "var": 3.63738393784
        }
    },
    "melbands_crest": {
        "dmean": 3.22465348244,
        "dmean2": 5.07529258728,
        "dvar": 10.0425710678,
        "dvar2": 24.2842082977,
        "max": 36.4324607849,
        "mean": 17.595369339,
        "median": 17.2864723206,
        "min": 1.94733011723,
        "stdev": 6.70237874985,
        "var": 44.9218826294
    },
    "melbands_flatness_db": {
        "dmean": 0.0377571843565,
        "dmean2": 0.0537401326001,
        "dvar": 0.00143766461406,
        "dvar2": 0.00261264666915,
        "max": 0.791392683983,
        "mean": 0.287870198488,
        "median": 0.282669335604,
        "min": 0.00434132339433,
        "stdev": 0.119139589369,
        "var": 0.0141942417249
    },
    "melbands_kurtosis": {
        "dmean": 13.9146022797,
        "dmean2": 22.0686359406,
        "dvar": 1023.77484131,
        "dvar2": 2505.99267578,
        "max": 530.170776367,
        "mean": 21.2421989441,
        "median": 9.65615367889,
        "min": -1.81166851521,
        "stdev": 40.3079872131,
        "var": 1624.73376465
    },
    "melbands_skewness": {
        "dmean": 1.1041738987,
        "dmean2": 1.66262221336,
        "dvar": 1.9387127161,
        "dvar2": 4.36600875854,
        "max": 18.3397064209,
        "mean": 2.89918756485,
        "median": 2.42164182663,
        "min": -2.19193148613,
        "stdev": 2.34988975525,
        "var": 5.52198171616
    },
    "melbands_spread": {
        "dmean": 11.7767982483,
        "dmean2": 18.9375324249,
        "dvar": 675.503356934,
        "dvar2": 1630.3034668,
        "max": 296.640350342,
        "mean": 21.3103179932,
        "median": 12.2483043671,
        "min": 0.406115919352,
        "stdev": 30.3815059662,
        "var": 923.035949707
    },
    "pitch_salience": {
        "dmean": 0.0788531377912,
        "dmean2": 0.128005832434,
        "dvar": 0.00628741458058,
        "dvar2": 0.0168895795941,
        "max": 0.878405690193,
        "mean": 0.502279996872,
        "median": 0.487956732512,
        "min": 0.0846292749047,
        "stdev": 0.143096983433,
        "var": 0.0204767454416
    },
    "silence_rate_20dB": {
        "dmean": 0,
        "dmean2": 0,
        "dvar": 0,
        "dvar2": 0,
        "max": 1,
        "mean": 1,
        "median": 1,
        "min": 1,
        "stdev": 0,
        "var": 0
    },
    "silence_rate_30dB": {
        "dmean": 0.0526315793395,
        "dmean2": 0.105344690382,
        "dvar": 0.0498612113297,
        "dvar2": 0.101993963122,
        "max": 1,
        "mean": 0.874709963799,
        "median": 1,
        "min": 0,
        "stdev": 0.331049263477,
        "var": 0.109593614936
    },
    "silence_rate_60dB": {
        "dmean": 0.0348297208548,
        "dmean2": 0.068938806653,
        "dvar": 0.0336165651679,
        "dvar2": 0.0719325169921,
        "max": 1,
        "mean": 0.0982211902738,
        "median": 0,
        "min": 0,
        "stdev": 0.297617763281,
        "var": 0.0885763391852
    },
    "spectral_centroid": {
        "dmean": 410.592071533,
        "dmean2": 645.11315918,
        "dvar": 565005.5625,
        "dvar2": 1095210.375,
        "max": 10780.6777344,
        "mean": 1190.45080566,
        "median": 900.30670166,
        "min": 121.403045654,
        "stdev": 985.349853516,
        "var": 970914.375
    },
    "spectral_complexity": {
        "dmean": 3.32043337822,
        "dmean2": 5.12935686111,
        "dvar": 26.4329624176,
        "dvar2": 51.7966156006,
        "max": 62,
        "mean": 12.2111368179,
        "median": 11,
        "min": 0,
        "stdev": 7.52337932587,
        "var": 56.601234436
    },
    "spectral_decrease": {
        "dmean": 3.03148350866e-09,
        "dmean2": 4.06084721405e-09,
        "dvar": 2.12905255082e-17,
        "dvar2": 3.85030406703e-17,
        "max": -9.62569434331e-29,
        "mean": -1.14959135544e-08,
        "median": -7.33286276144e-09,
        "min": -5.61412818456e-08,
        "stdev": 1.13828679815e-08,
        "var": 1.29569677029e-16
    },
    "spectral_energy": {
        "dmean": 0.0126042868942,
        "dmean2": 0.0173644702882,
        "dvar": 0.000356234057108,
        "dvar2": 0.00066957710078,
        "max": 0.214172050357,
        "mean": 0.0465963482857,
        "median": 0.0311004407704,
        "min": 1.13874958016e-20,
        "stdev": 0.0443376004696,
        "var": 0.00196582288481
    },
    "spectral_energyband_high": {
        "dmean": 0.00244483118877,
        "dmean2": 0.00388874253258,
        "dvar": 4.35540277977e-05,
        "dvar2": 9.77942690952e-05,
        "max": 0.104884594679,
        "mean": 0.00253502209671,
        "median": 0.000343629042618,
        "min": 8.03592636501e-21,
        "stdev": 0.00717592379078,
        "var": 5.14938838023e-05
    },
    "spectral_energyband_low": {
        "dmean": 0.00677689909935,
        "dmean2": 0.00878704898059,
        "dvar": 0.000266176677542,
        "dvar2": 0.000471899664262,
        "max": 0.193216562271,
        "mean": 0.0250632539392,
        "median": 0.000346350716427,
        "min": 6.24420577608e-23,
        "stdev": 0.0394962206483,
        "var": 0.00155995157547
    },
    "spectral_energyband_middle_high": {
        "dmean": 0.00328507111408,
        "dmean2": 0.00505970558152,
        "dvar": 8.09690754977e-05,
        "dvar2": 0.000218197674258,
        "max": 0.101808600128,
        "mean": 0.00578698003665,
        "median": 0.00227853003889,
        "min": 2.06790205403e-21,
        "stdev": 0.00947225932032,
        "var": 8.97237041499e-05
    },
    "spectral_energyband_middle_low": {
        "dmean": 0.0058338441886,
        "dmean2": 0.0086946291849,
        "dvar": 6.1486272898e-05,
        "dvar2": 0.000150951003889,
        "max": 0.0850628092885,
        "mean": 0.013468475081,
        "median": 0.0114238932729,
        "min": 2.93756276322e-22,
        "stdev": 0.0119395172223,
        "var": 0.000142552074976
    },
    "spectral_entropy": {
        "dmean": 0.28531306982,
        "dmean2": 0.414211332798,
        "dvar": 0.107062481344,
        "dvar2": 0.204877689481,
        "max": 9.80527973175,
        "mean": 7.21165037155,
        "median": 7.20090866089,
        "min": 4.45811462402,
        "stdev": 0.782576024532,
        "var": 0.612425267696
    },
    "spectral_flux": {
        "dmean": 0.0357094481587,
        "dmean2": 0.057214461267,
        "dvar": 0.0020348385442,
        "dvar2": 0.004135068506,
        "max": 0.388566762209,
        "mean": 0.0975155308843,
        "median": 0.082888700068,
        "min": 1.06712208514e-10,
        "stdev": 0.0748481824994,
        "var": 0.00560225034133
    },
    "spectral_kurtosis": {
        "dmean": 4.77313518524,
        "dmean2": 7.96508264542,
        "dvar": 60.6345787048,
        "dvar2": 154.985946655,
        "max": 182.946487427,
        "mean": 7.84083938599,
        "median": 3.66808366776,
        "min": -1.27103459835,
        "stdev": 14.1280450821,
        "var": 199.601669312
    },
    "spectral_rms": {
        "dmean": 0.000932413386181,
        "dmean2": 0.00129696319345,
        "dvar": 1.4344717556e-06,
        "dvar2": 2.72047554972e-06,
        "max": 0.0144550455734,
        "mean": 0.00590067077428,
        "median": 0.00550834741443,
        "min": 3.33312956229e-12,
        "stdev": 0.00326219666749,
        "var": 1.06419274744e-05
    },
    "spectral_rolloff": {
        "dmean": 865.196472168,
        "dmean2": 1489.8449707,
        "dvar": 4063627.5,
        "dvar2": 7877825.5,
        "max": 18281.6894531,
        "mean": 1709.3873291,
        "median": 904.39453125,
        "min": 43.06640625,
        "stdev": 2550.90649414,
        "var": 6507124
    },
    "spectral_skewness": {
        "dmean": 0.53382730484,
        "dmean2": 0.854022145271,
        "dvar": 0.323959350586,
        "dvar2": 0.835761427879,
        "max": 10.5294513702,
        "mean": 1.7403472662,
        "median": 1.63494050503,
        "min": -0.431369483471,
        "stdev": 1.03066384792,
        "var": 1.06226789951
    },
    "spectral_spread": {
        "dmean": 1028814.875,
        "dmean2": 1543968.375,
        "dvar": 3.30366006067e+12,
        "dvar2": 5.48646997197e+12,
        "max": 40255716,
        "mean": 5321589,
        "median": 5440306,
        "min": 435085.46875,
        "stdev": 3351249.75,
        "var": 1.12308749599e+13
    },
    "spectral_strongpeak": {
        "dmean": 0.531087517738,
        "dmean2": 0.863627791405,
        "dvar": 0.786863684654,
        "dvar2": 1.91229319572,
        "max": 9.20159244537,
        "mean": 1.21027386189,
        "median": 0.738990008831,
        "min": 0,
        "stdev": 1.32806026936,
        "var": 1.76374399662
    },
    "zerocrossingrate": {
        "dmean": 0.0186642855406,
        "dmean2": 0.0212888363749,
        "dvar": 0.000984475947917,
        "dvar2": 0.00104173948057,
        "max": 0.498046875,
        "mean": 0.0634735450149,
        "median": 0.044921875,
        "min": 0.0009765625,
        "stdev": 0.0608866512775,
        "var": 0.00370718422346
    },
    "barkbands": {
        "dmean": [0.00201070448384, 0.00598228117451, 0.00254542659968, 0.000898625468835, 0.00073084916221, 0.00198583374731, 0.00180966896005, 0.00146272964776, 0.00126533699222, 0.000820140354335, 0.000942464859691, 0.000800347537734, 0.000781394541264, 0.000378688040655, 0.000240922250669, 0.000110784887511, 0.000186660734471, 0.000129728708998, 0.00014591976651, 0.000216505563003, 0.000267132476438, 0.000451705680462, 0.000546477735043, 0.000599081220571, 0.00033199947211, 0.000245520786848, 2.48751293839e-05],
        "dmean2": [0.00355311646126, 0.00930345896631, 0.0044005298987, 0.00155596272089, 0.00123078748584, 0.0029275410343, 0.00271244742908, 0.00215738685802, 0.0018504842883, 0.00126304407604, 0.00149723945651, 0.00125259009656, 0.0011748066172, 0.00061543303309, 0.00037995094317, 0.000184568125405, 0.000303557579173, 0.000218448461965, 0.000246231531492, 0.000378267228371, 0.00045014632633, 0.000744456774555, 0.000895644130651, 0.000919131212868, 0.000531729019713, 0.000402008270612, 4.0134669689e-05],
        "dvar": [1.99018413696e-05, 0.000281089218333, 6.88880754751e-05, 6.9319303293e-06, 4.31173248217e-06, 9.57224074227e-06, 1.57039376063e-05, 9.18743171496e-06, 1.12023799375e-05, 3.46727529177e-06, 5.71568853047e-06, 2.72560100711e-06, 3.93933396481e-06, 1.19689559597e-06, 5.52364156192e-07, 1.62751021549e-07, 3.13812876129e-07, 2.39556641191e-07, 3.70459162014e-07, 8.68143274602e-07, 8.82288475168e-07, 1.6818549966e-06, 2.59855551121e-06, 1.01647328847e-05, 7.28911857095e-07, 6.20476328095e-07, 6.73998146183e-09],
        "dvar2": [5.90580384596e-05, 0.0007029423723, 0.000201856048079, 1.98494526558e-05, 1.16807959785e-05, 2.20156398427e-05, 3.38004574587e-05, 2.02668488782e-05, 1.95098946278e-05, 8.53757865116e-06, 1.46140191646e-05, 6.1856812863e-06, 9.62695594353e-06, 3.2203158753e-06, 1.37286474455e-06, 4.32192251765e-07, 8.23861228127e-07, 6.29261421636e-07, 9.73177861852e-07, 2.3796271762e-06, 2.35374386648e-06, 4.10331676903e-06, 6.16555962552e-06, 2.18332734221e-05, 1.64966479588e-06, 1.53332450736e-06, 1.61015680789e-08],
        "max": [0.0343748517334, 0.163939297199, 0.0739859119058, 0.029212102294, 0.0231631752104, 0.0560897514224, 0.0500705465674, 0.035811740905, 0.0802580043674, 0.0169129259884, 0.021897630766, 0.0239247325808, 0.0201814062893, 0.0112573429942, 0.00832146778703, 0.00500445021316, 0.00607903348282, 0.00629082275555, 0.00600739941001, 0.0107830669731, 0.0105750635266, 0.0172848086804, 0.0197682734579, 0.0972090661526, 0.0107251601294, 0.00859225727618, 0.00101931428071],
        "mean": [0.00513789476827, 0.0163491759449, 0.00355997192673, 0.00108879932668, 0.0010414053686, 0.00408638780937, 0.00274710706435, 0.00207965727895, 0.00194416556042, 0.0010466753738, 0.00148356973659, 0.00102754542604, 0.00108495005406, 0.000426886865171, 0.000272573524853, 0.000118690397358, 0.000233719139942, 0.000130407715915, 0.000135979818879, 0.000165585282957, 0.000219860652578, 0.000457027636003, 0.000572399818338, 0.000615210505202, 0.00031991727883, 0.000229524302995, 2.12838185689e-05],
        "median": [2.6359803087e-06, 3.16945042869e-05, 5.91102943872e-05, 0.000166553334566, 0.000489293714054, 0.0022263545543, 0.000859999505337, 0.000449634651886, 0.000477647146909, 0.000284401903627, 0.000244198832661, 0.000315269106068, 0.000109726381197, 6.76964118611e-05, 5.69582589378e-05, 3.20659673889e-05, 7.89928526501e-05, 3.13305827149e-05, 3.47497225448e-05, 1.97081535589e-05, 2.3788665203e-05, 5.46964874957e-05, 4.17773044319e-05, 3.14245917252e-05, 2.88916944555e-05, 2.78020979749e-05, 7.40825782941e-07],
        "min": [1.70178312511e-23, 2.30031918849e-23, 1.59749255799e-23, 1.50850336809e-23, 5.08663822574e-23, 2.22278820323e-23, 5.671251683e-23, 4.82499515158e-23, 9.30125256745e-23, 9.29695548433e-23, 3.48021260685e-23, 1.10316416822e-22, 8.19413866733e-23, 1.59073826781e-22, 1.81792528603e-22, 3.05273746512e-22, 3.13830754254e-22, 3.61474797486e-22, 2.03867519925e-22, 4.17485108203e-22, 3.08956704576e-22, 6.18461749522e-22, 7.35035145988e-22, 1.05668647793e-21, 1.04462632192e-21, 1.76125291275e-21, 2.49001397659e-21],
        "stdev": [0.00845792703331, 0.0293547660112, 0.00797248072922, 0.00244905473664, 0.00198137597181, 0.0054146964103, 0.00569976773113, 0.00398976216093, 0.00487859826535, 0.00209932844155, 0.0033551810775, 0.00191322504543, 0.00251034507528, 0.00110808364116, 0.000755673798267, 0.000363462138921, 0.000521632551681, 0.000427784601925, 0.000518848653883, 0.000747555284761, 0.000814126862679, 0.00129618088249, 0.00176015554462, 0.00346356374212, 0.000896352226846, 0.000741520314477, 8.15607927507e-05],
        "var": [7.15365313226e-05, 0.000861702254042, 6.3560451963e-05, 5.99786881139e-06, 3.9258511606e-06, 2.93189368676e-05, 3.24873544741e-05, 1.59182036441e-05, 2.38007214648e-05, 4.40718031314e-06, 1.12572406579e-05, 3.66043013855e-06, 6.30183194517e-06, 1.22784945233e-06, 5.71042846786e-07, 1.3210473071e-07, 2.7210052167e-07, 1.82999670528e-07, 2.69203951575e-07, 5.58838905818e-07, 6.62802506213e-07, 1.68008489254e-06, 3.09814754473e-06, 1.19962742247e-05, 8.03447335329e-07, 5.49852416043e-07, 6.6521623765e-09]
    },
    "erbbands": {
        "dmean": [0.269733458757, 1.37941431999, 3.02774429321, 2.75139546394, 2.89963126183, 2.23803377151, 5.16245269775, 19.4266090393, 27.3726196289, 23.3764152527, 35.957649231, 29.5988502502, 23.3963890076, 36.0207901001, 25.3463001251, 35.0704727173, 35.9898834229, 21.1230506897, 14.7451763153, 8.88608264923, 7.29942846298, 9.85969543457, 6.98327064514, 7.2107129097, 7.85186862946, 8.58279800415, 11.7563505173, 11.3369941711, 13.9301013947, 20.1046543121, 13.7943840027, 14.1600370407, 8.65158748627, 4.11224555969, 2.25178790092, 1.0849647522, 0.486378163099, 0.0825520306826, 0.00276323314756, 7.7806536865e-05],
        "dmean2": [0.428029388189, 2.23723101616, 5.19666576385, 4.73927736282, 5.15731334686, 3.62542128563, 8.33150482178, 28.41796875, 40.5964927673, 35.7376708984, 53.1566390991, 42.8878517151, 33.7123794556, 58.8557243347, 37.1171379089, 54.3395195007, 53.4778633118, 32.7643089294, 23.1202049255, 14.6186275482, 12.5905046463, 15.8222169876, 11.518529892, 12.7203006744, 13.2729520798, 14.7927370071, 20.5035305023, 19.0313930511, 22.8138847351, 33.6005439758, 22.177028656, 22.8283786774, 13.3325595856, 6.38333082199, 3.74427866936, 1.76986825466, 0.804465651512, 0.134597077966, 0.00440108124167, 0.000121316159493],
        "dvar": [0.463785737753, 19.0902023315, 101.89302063, 77.1576461792, 69.7445373535, 39.3955421448, 114.713539124, 1035.67089844, 3210.33447266, 2998.00292969, 6145.40380859, 7331.49072266, 2136.72460938, 14929.7460938, 3218.56860352, 5469.48779297, 6453.62207031, 3073.58520508, 2102.70507812, 951.950256348, 855.595581055, 759.2265625, 535.69720459, 1217.11865234, 842.62286377, 1218.53234863, 2425.64697266, 1490.3001709, 1493.86633301, 3533.10107422, 1608.74780273, 9186.0546875, 1095.19897461, 113.027503967, 36.9161491394, 9.54268455505, 2.90949702263, 0.073783069849, 8.26731848065e-05, 4.63554137298e-08],
        "dvar2": [1.30071163177, 50.2014770508, 293.206268311, 219.712402344, 203.600158691, 100.897033691, 293.846496582, 2224.04663086, 6805.34765625, 6760.54150391, 12857.6855469, 11757.4384766, 4185.20605469, 40913.9921875, 6404.94287109, 12131.2597656, 14647.09375, 8095.25097656, 5247.45507812, 2524.81079102, 2349.97436523, 1988.52087402, 1321.62792969, 3294.03955078, 2243.38525391, 3229.32836914, 6667.57226562, 3932.28857422, 3597.47094727, 8743.25292969, 3814.95507812, 24161.0625, 1885.38708496, 234.953399658, 91.2551345825, 22.9555892944, 7.36084079742, 0.179973304272, 0.0001963807008, 1.09791685077e-07],
        "max": [6.68352031708, 40.4401054382, 87.4192047119, 86.0815887451, 87.5323104858, 85.7374649048, 119.124893188, 538.94342041, 808.193054199, 728.261779785, 967.526184082, 2208.74511719, 536.70715332, 1348.03149414, 1037.1829834, 1230.73925781, 1086.81408691, 570.98815918, 538.380065918, 383.867675781, 340.062469482, 291.727233887, 258.778717041, 363.388580322, 313.917388916, 342.903869629, 513.619995117, 484.300262451, 448.819366455, 640.795715332, 469.061462402, 2786.04638672, 969.116516113, 142.115020752, 60.1481590271, 30.5593452454, 18.9162158966, 3.29203891754, 0.122761905193, 0.00260977656581],
        "mean": [0.813951730728, 2.33680510521, 4.51276826859, 3.62832021713, 3.4492995739, 3.42757844925, 8.65913772583, 38.9057350159, 47.6643180847, 34.5023651123, 56.3999404907, 46.0364723206, 34.3262901306, 45.5165748596, 43.5899658203, 47.6033859253, 55.2450523376, 28.8184509277, 17.9493312836, 9.72587108612, 8.52555084229, 12.6008815765, 7.81095981598, 6.20387744904, 7.58648586273, 6.87830209732, 8.5788640976, 10.1779251099, 14.5195407867, 20.723657608, 14.2198419571, 13.3495731354, 9.18423080444, 4.24406909943, 2.01315641403, 1.04757606983, 0.433560609818, 0.0726674646139, 0.00247222371399, 0.000116457944387],
        "median": [0.000705825630575, 0.00787246134132, 0.0678311139345, 0.39527156949, 1.27323126793, 1.1093981266, 3.54276585579, 18.0528125763, 19.6061706543, 8.31942749023, 15.5318775177, 13.2164039612, 10.2508535385, 11.3422136307, 8.59169483185, 15.0656204224, 8.63011264801, 4.98026561737, 3.88773202896, 2.61302161217, 2.60416913033, 4.7703909874, 2.17384886742, 1.40436458588, 2.00963926315, 0.89435261488, 0.704503118992, 1.11443150043, 1.77836120129, 2.09981536865, 0.934674859047, 0.595783531666, 0.56188249588, 0.377348154783, 0.147531598806, 0.136105537415, 0.0416711121798, 0.00482416432351, 0.000163713484653, 5.34426071681e-05],
        "min": [1.52452183879e-21, 2.22741058734e-21, 1.07622466171e-20, 4.55785887922e-20, 1.19312609103e-19, 1.30621357149e-19, 1.67292289956e-19, 3.25575678312e-19, 9.06667499541e-19, 5.39234336734e-19, 1.16003188719e-18, 2.5594221331e-18, 2.12381186533e-18, 2.49173683871e-18, 1.99987249902e-18, 4.61279253824e-18, 4.03137597107e-18, 7.89370600344e-18, 8.10118771648e-18, 1.41890078958e-17, 1.69242129401e-17, 1.76054606947e-17, 2.18210013981e-17, 1.20819472651e-17, 1.35731983996e-17, 1.85232159299e-17, 1.4538099621e-17, 1.35078279701e-17, 2.26324986662e-17, 2.27683564644e-17, 2.20025460359e-17, 2.05723457937e-17, 1.69316476395e-17, 1.09305482484e-17, 7.88416364789e-18, 5.13371490567e-18, 3.30481216066e-18, 1.60701599178e-18, 3.67479640018e-19, 3.4263953547e-20],
        "stdev": [1.34012913704, 5.31378316879, 9.92427062988, 8.23201942444, 7.31639957428, 6.42133045197, 13.2993927002, 56.4660644531, 79.7830429077, 74.879776001, 105.597793579, 124.674293518, 63.9610595703, 111.883430481, 93.2270355225, 88.529914856, 118.417732239, 62.1205596924, 47.8911399841, 28.198299408, 25.0640773773, 26.2646903992, 21.7959899902, 28.4815998077, 24.7263011932, 29.1052799225, 39.7221908569, 34.6768913269, 39.7359848022, 59.7624397278, 43.9680862427, 87.7675094604, 40.3779716492, 12.0928459167, 5.83294963837, 3.00647497177, 1.55840015411, 0.261712729931, 0.00893092900515, 0.000221249705646],
        "var": [1.79594624043, 28.2362937927, 98.4911422729, 67.7661514282, 53.5297050476, 41.2334823608, 176.873840332, 3188.41650391, 6365.33349609, 5606.98095703, 11150.8945312, 15543.6796875, 4091.01708984, 12517.9013672, 8691.28027344, 7837.54541016, 14022.7597656, 3858.96411133, 2293.5612793, 795.144042969, 628.207946777, 689.833984375, 475.065216064, 811.201477051, 611.389953613, 847.117370605, 1577.85241699, 1202.48681641, 1578.94836426, 3571.54907227, 1933.19274902, 7703.13525391, 1630.38049316, 146.236923218, 34.0233001709, 9.0388917923, 2.42861104012, 0.0684935599566, 7.97614993644e-05, 4.89514313529e-08]
    },
    "gfcc": {
        "mean": [-50.0251197815, 101.819519043, -126.757858276, -4.89708948135, -63.4314651489, -4.17734718323, -28.8478946686, 0.560266077518, -21.4945144653, 5.32756853104, -9.53956508636, 4.86010456085, -11.0337944031],
        "cov": [[15630.4228516, -6738.11865234, 5676.09960938, 1638.59619141, -2154.41772461, 4905.31542969, -1397.05041504, 1402.96801758, 652.400390625, 839.850646973, -750.763366699, 1144.51708984, -1151.37207031], [-6738.11865234, 5901.31494141, -2820.12963867, -729.7734375, 1727.98449707, -2823.05078125, 1116.57409668, -661.194396973, -180.013412476, -390.514190674, 581.292663574, -668.938537598, 648.646606445], [5676.09960938, -2820.12963867, 4989.50585938, 1777.59155273, -657.294616699, 3035.00878906, -448.517913818, 865.407226562, 514.529602051, 532.878845215, -323.526092529, 591.439819336, -528.568786621], [1638.59619141, -729.7734375, 1777.59155273, 1189.68115234, 54.6338768005, 1070.68444824, 57.4161491394, 323.100921631, 208.142196655, 206.802322388, -76.1536331177, 152.4793396, -113.848976135], [-2154.41772461, 1727.98449707, -657.294616699, 54.6338768005, 983.65826416, -608.675231934, 470.567962646, -101.460632324, -25.1844062805, -92.1082382202, 213.680511475, -214.895019531, 217.515701294], [4905.31542969, -2823.05078125, 3035.00878906, 1070.68444824, -608.675231934, 2694.75708008, -428.982727051, 682.442504883, 352.022125244, 330.331085205, -262.680938721, 502.700714111, -457.644165039], [-1397.05041504, 1116.57409668, -448.517913818, 57.4161491394, 470.567962646, -428.982727051, 531.563476562, -58.9217071533, -57.8760108948, -62.647190094, 140.653106689, -108.738059998, 161.299133301], [1402.96801758, -661.194396973, 865.407226562, 323.100921631, -101.460632324, 682.442504883, -58.9217071533, 319.068145752, 126.883728027, 107.088050842, -45.0260543823, 145.939971924, -108.924606323], [652.400390625, -180.013412476, 514.529602051, 208.142196655, -25.1844062805, 352.022125244, -57.8760108948, 126.883728027, 190.747039795, 95.3185958862, -24.9846172333, 75.825340271, -53.2851371765], [839.850646973, -390.514190674, 532.878845215, 206.802322388, -92.1082382202, 330.331085205, -62.647190094, 107.088050842, 95.3185958862, 177.652816772, -30.8859138489, 78.0944366455, -82.8020095825], [-750.763366699, 581.292663574, -323.526092529, -76.1536331177, 213.680511475, -262.680938721, 140.653106689, -45.0260543823, -24.9846172333, -30.8859138489, 193.368179321, -38.7593955994, 103.926963806], [1144.51708984, -668.938537598, 591.439819336, 152.4793396, -214.895019531, 502.700714111, -108.738059998, 145.939971924, 75.825340271, 78.0944366455, -38.7593955994, 218.38571167, -76.8645782471], [-1151.37207031, 648.646606445, -528.568786621, -113.848976135, 217.515701294, -457.644165039, 161.299133301, -108.924606323, -53.2851371765, -82.8020095825, 103.926963806, -76.8645782471, 237.165725708]],
        "icov": [[0.000226119402214, -2.45112532866e-05, 4.34813700849e-05, -3.61459060514e-05, 0.000180061222636, -0.000204036521609, 0.000153440472786, -0.000359199446393, 0.000138159070048, -0.000326333276462, 0.000156206893735, -0.000225412630243, 0.000191752405954], [-2.45112532866e-05, 0.00100697868038, -0.000369747605873, 0.000359338300768, -0.000806122669019, 0.000825646508019, -0.000858937273733, 0.000620583712589, -0.00133802613709, 0.000829846423585, -0.000869992014486, 0.000516221974976, 0.00021473824745], [4.34813700849e-05, -0.000369747605873, 0.00116176635493, -0.000937932811212, 0.000444221514044, -0.000843509216793, 0.000511849473696, -0.000627151748631, 0.000293567252811, -0.00087977363728, 0.000449167244369, -0.000471877312521, 9.91232154774e-05], [-3.61459060514e-05, 0.000359338300768, -0.000937932811212, 0.00259992759675, -0.000728290528059, -9.45015708567e-05, -0.00109119678382, 0.00036294842721, -0.000671351153869, -0.000373821647372, 0.000186600926099, 0.000890285882633, -0.000680713274051], [0.000180061222636, -0.000806122669019, 0.000444221514044, -0.000728290528059, 0.0032495171763, -0.000793900515418, -0.000548876239918, -0.000945523846895, 0.000159799150424, -0.000421905511757, -0.00053522142116, 0.00115061248653, -0.000357826909749], [-0.000204036521609, 0.000825646508019, -0.000843509216793, -9.45015708567e-05, -0.000793900515418, 0.0027623558417, -0.000417680625105, -0.000560941640288, -0.00130909134168, 0.00156584964134, -0.000635512638837, -0.000829505152069, 0.00117316446267], [0.000153440472786, -0.000858937273733, 0.000511849473696, -0.00109119678382, -0.000548876239918, -0.000417680625105, 0.00473077455536, -0.00153271562885, 0.00227962969802, -0.000897447869647, 0.000184266697033, -0.000942719925661, -0.000700364762451], [-0.000359199446393, 0.000620583712589, -0.000627151748631, 0.00036294842721, -0.000945523846895, -0.000560941640288, -0.00153271562885, 0.00894465483725, -0.00258726300672, 0.000719011062756, -0.00116418348625, -0.000630007707514, 0.000246358395088], [0.000138159070048, -0.00133802613709, 0.000293567252811, -0.000671351153869, 0.000159799150424, -0.00130909134168, 0.00227962969802, -0.00258726300672, 0.0109143722802, -0.00418162532151, 0.00149564177264, -0.00145391549449, -0.000883452070411], [-0.000326333276462, 0.000829846423585, -0.00087977363728, -0.000373821647372, -0.000421905511757, 0.00156584964134, -0.000897447869647, 0.000719011062756, -0.00418162532151, 0.0111571261659, -0.00187713862397, -0.000193349304027, 0.00207069539465], [0.000156206893735, -0.000869992014486, 0.000449167244369, 0.000186600926099, -0.00053522142116, -0.000635512638837, 0.000184266697033, -0.00116418348625, 0.00149564177264, -0.00187713862397, 0.0091972919181, -0.00200221594423, -0.00216558109969], [-0.000225412630243, 0.000516221974976, -0.000471877312521, 0.000890285882633, 0.00115061248653, -0.000829505152069, -0.000942719925661, -0.000630007707514, -0.00145391549449, -0.000193349304027, -0.00200221594423, 0.0106861125678, -0.00148804322816], [0.000191752405954, 0.00021473824745, 9.91232154774e-05, -0.000680713274051, -0.000357826909749, 0.00117316446267, -0.000700364762451, 0.000246358395088, -0.000883452070411, 0.00207069539465, -0.00216558109969, -0.00148804322816, 0.00862678978592]]
    },
    "melbands": {
        "dmean": [0.00187237083446, 0.00142932368908, 0.000475124455988, 0.000172573185409, 0.000154276291141, 0.000436637667008, 0.000406224804465, 0.000252411555266, 0.000307657872327, 0.000179707712959, 0.000113200490887, 0.000142888908158, 9.92636123556e-05, 8.14389422885e-05, 8.253215492e-05, 8.51155928103e-05, 3.86082356272e-05, 2.6650421205e-05, 1.74258220795e-05, 8.50216201798e-06, 9.3476701295e-06, 1.11586869025e-05, 7.41056192055e-06, 6.05620107308e-06, 5.98977430855e-06, 5.28707278136e-06, 5.77676337343e-06, 5.76559659748e-06, 8.95897210285e-06, 5.60917442272e-06, 6.71428642818e-06, 6.79156119077e-06, 1.08522744995e-05, 1.21020393635e-05, 8.83332177182e-06, 6.68852680974e-06, 1.00234010461e-05, 6.71485395287e-06, 4.43590170107e-06, 3.22469031744e-06],
        "dmean2": [0.00292549165897, 0.00230198958889, 0.000826804898679, 0.000298189144814, 0.000249163946137, 0.000641549238935, 0.000603888940532, 0.000387920590583, 0.00045773392776, 0.000260225497186, 0.000165512639796, 0.00023398414487, 0.000151170024765, 0.000122684112284, 0.000131150285597, 0.000126414277474, 6.13416850683e-05, 4.31058979302e-05, 2.868269803e-05, 1.37572897074e-05, 1.64182929439e-05, 1.81395462278e-05, 1.1781464309e-05, 1.04774126157e-05, 1.07317000584e-05, 9.00697978068e-06, 1.00455790744e-05, 9.99407620839e-06, 1.58279690368e-05, 9.46410182223e-06, 1.12731950139e-05, 1.09453594632e-05, 1.81127543328e-05, 2.02770461328e-05, 1.45162430272e-05, 1.07222149381e-05, 1.639646689e-05, 1.03912261693e-05, 7.01669841874e-06, 5.1146153055e-06],
        "dvar": [2.32908059843e-05, 2.26139709412e-05, 2.23495044338e-06, 2.69301040134e-07, 9.78614593805e-08, 5.04882962105e-07, 6.52446544791e-07, 3.30648987301e-07, 4.87821580464e-07, 3.01312070405e-07, 5.40023812334e-08, 2.33429005903e-07, 4.93454201944e-08, 2.80479266479e-08, 3.99742532409e-08, 4.26360102779e-08, 1.1175152359e-08, 7.5549637657e-09, 3.8998435592e-09, 7.87418352743e-10, 1.41610900783e-09, 9.01018870625e-10, 4.06281785992e-10, 6.79941436488e-10, 8.553552866e-10, 4.92785146022e-10, 3.9454109424e-10, 5.92093540863e-10, 1.63264946007e-09, 4.12530509752e-10, 4.86539142308e-10, 3.83508863555e-10, 1.02077424291e-09, 1.37726996474e-09, 7.22199133829e-10, 4.70917527196e-10, 7.92975374253e-09, 9.47037226418e-10, 1.55908050359e-10, 7.15754400193e-11],
        "dvar2": [6.13804586465e-05, 5.98800434091e-05, 6.42731538392e-06, 7.37194397971e-07, 2.48935009495e-07, 1.11776910217e-06, 1.39804751598e-06, 7.36547860924e-07, 1.00820773241e-06, 4.54979442566e-07, 1.07462547305e-07, 6.37818175164e-07, 1.11333264385e-07, 6.2813803936e-08, 1.02177452277e-07, 9.7228749496e-08, 2.94141830892e-08, 1.95767295708e-08, 1.05049782206e-08, 2.00861860478e-09, 3.93203603011e-09, 2.3600625898e-09, 1.0184320054e-09, 1.76829773046e-09, 2.33417130069e-09, 1.31486999067e-09, 1.08298015e-09, 1.5541774534e-09, 4.55507231933e-09, 1.08817843625e-09, 1.25879573432e-09, 8.82318607065e-10, 2.61404786706e-09, 3.37543082374e-09, 1.70908198704e-09, 1.11433728911e-09, 2.14098214713e-08, 1.73707204176e-09, 3.35725169887e-10, 1.5351860061e-10],
        "max": [0.050675150007, 0.0432096980512, 0.0145766669884, 0.00609467085451, 0.00342557649128, 0.01278384123, 0.0103281922638, 0.00672205211595, 0.00980614684522, 0.0153514761478, 0.002373885829, 0.00533389113843, 0.00294058467261, 0.0021396598313, 0.00338221131824, 0.00276868324727, 0.00119107903447, 0.000943325401749, 0.000852825818583, 0.000297451129882, 0.000426657294156, 0.000316499179462, 0.00021112630202, 0.000349823414581, 0.000309497641865, 0.000238643784542, 0.000165836056112, 0.000261401262833, 0.0004571894533, 0.000245201721555, 0.000260269967839, 0.000269034586381, 0.000356812757673, 0.00042828777805, 0.000372114038328, 0.000311232026434, 0.00260552670807, 0.000953019072767, 0.000197946894332, 0.0001015596863],
        "mean": [0.00594205688685, 0.00243952590972, 0.00063390773721, 0.000233197715716, 0.000263479159912, 0.000892313895747, 0.000717497081496, 0.000358318211511, 0.000481554074213, 0.000271660974249, 0.000160641910043, 0.000173608990735, 0.000175689638127, 0.000104637823824, 0.000111292494694, 0.000121548284369, 4.56579655292e-05, 2.99322891806e-05, 1.83459706022e-05, 9.16945100471e-06, 1.03885231511e-05, 1.41176069519e-05, 8.91557101568e-06, 5.64540869163e-06, 4.89004105475e-06, 5.02425291415e-06, 5.31304067408e-06, 4.42129339717e-06, 6.03368198426e-06, 4.71650946565e-06, 6.07988567936e-06, 7.18784394849e-06, 1.05507415356e-05, 1.26859686134e-05, 9.07750927581e-06, 6.58881344862e-06, 8.95905395737e-06, 6.90400520398e-06, 4.66880374006e-06, 3.21189781971e-06],
        "median": [7.75850639911e-06, 3.72801478079e-05, 0.000112303270726, 0.000113771631732, 0.000111650297185, 0.000442757882411, 0.000273681303952, 6.22023944743e-05, 0.000117598108773, 6.95455819368e-05, 3.97884468839e-05, 3.88245862268e-05, 2.81611210085e-05, 3.32218987751e-05, 2.89161816909e-05, 9.82942583505e-06, 6.89516355123e-06, 5.36145398655e-06, 3.82526604881e-06, 2.41775887844e-06, 2.65691164714e-06, 4.92418030262e-06, 2.42266764872e-06, 1.20692391192e-06, 9.42087183375e-07, 1.35063407924e-06, 1.19663218356e-06, 3.01459465391e-07, 3.26019289787e-07, 5.34054549917e-07, 5.86441558426e-07, 8.4211325202e-07, 1.16774947401e-06, 1.06485822471e-06, 5.54310531697e-07, 3.0586014077e-07, 3.0496630643e-07, 3.14028994808e-07, 4.46300617796e-07, 2.63491926944e-07],
        "min": [1.09695794705e-23, 5.00620872885e-24, 9.82892446685e-24, 9.19714627824e-24, 6.45231501372e-24, 7.18768168323e-24, 1.24256407855e-23, 5.97877916725e-24, 9.31305203332e-24, 1.67262635273e-23, 1.10048723185e-23, 1.13086287321e-23, 5.67660915295e-24, 1.05472683069e-23, 9.87269678076e-24, 1.04765808478e-23, 1.48329484454e-23, 1.34165013584e-23, 1.34853058066e-23, 2.17783953994e-23, 1.84256545106e-23, 1.60308794839e-23, 2.25335435449e-23, 1.62975539129e-23, 9.02113957737e-24, 7.60838120399e-24, 1.32360588927e-23, 1.19912529504e-23, 1.01058753869e-23, 6.81932939443e-24, 8.4538058027e-24, 1.46673523419e-23, 9.19817179742e-24, 1.41633159774e-23, 1.39646981564e-23, 8.36242336657e-24, 1.48178102047e-23, 1.20234668743e-23, 1.11262283136e-23, 8.52791376271e-24],
        "stdev": [0.00975612830371, 0.00520721729845, 0.00137797812931, 0.000474862841656, 0.000389134773286, 0.00124343158677, 0.00118450901937, 0.000772067694925, 0.000944637286011, 0.000805037736427, 0.00031637531356, 0.000439761613961, 0.000409582280554, 0.000194398497115, 0.000224164308747, 0.000280994514469, 0.000112580135465, 8.60147702042e-05, 5.63988214708e-05, 2.61492732534e-05, 3.19154896715e-05, 2.88045303023e-05, 2.03222516575e-05, 2.22635098908e-05, 2.36300711549e-05, 1.87397090485e-05, 1.62981559697e-05, 2.04285424843e-05, 3.17525191349e-05, 1.77792026079e-05, 2.0525401851e-05, 2.10840607906e-05, 2.99451858154e-05, 3.85498715332e-05, 2.96157595585e-05, 2.25570820476e-05, 7.78702742537e-05, 3.56088567059e-05, 1.39734684126e-05, 9.29250836634e-06],
        "var": [9.51820402406e-05, 2.71151111519e-05, 1.89882359791e-06, 2.25494716233e-07, 1.51425879835e-07, 1.54612200731e-06, 1.40306156027e-06, 5.96088511884e-07, 8.92339585334e-07, 6.4808574507e-07, 1.00093330957e-07, 1.93390278014e-07, 1.67757647773e-07, 3.77907731774e-08, 5.02496355637e-08, 7.89579104321e-08, 1.26742873974e-08, 7.39854044696e-09, 3.18082715722e-09, 6.83784473487e-10, 1.01859853885e-09, 8.29700974592e-10, 4.12993944598e-10, 4.95663898814e-10, 5.58380230942e-10, 3.51176671076e-10, 2.65629879204e-10, 4.17325313196e-10, 1.00822239446e-09, 3.16100062792e-10, 4.21292112307e-10, 4.44537656685e-10, 8.9671414738e-10, 1.48609258233e-09, 8.77093175866e-10, 5.08821984546e-10, 6.06377925649e-09, 1.26799071243e-09, 1.95257809921e-10, 8.63507113036e-11]
    },
    "melbands128": {
