{
"lowlevel": {
    "average_loudness": 0.681079983711,
    "barkbands_crest": {
        "dmean": 1.97204661369,
        "dmean2": 3.14561986923,
        "dvar": 4.48547077179,
        "dvar2": 11.1694612503,
        "max": 24.3281364441,
        "mean": 11.811958313,
        "median": 10.9964056015,
        "min": 3.86594080925,
        "stdev": 4.01990604401,
        "var": 16.1596450806
    },
    "barkbands_flatness_db": {
        "dmean": 0.0216157156974,
        "dmean2": 0.0325167179108,
        "dvar": 0.000515868305229,
        "dvar2": 0.00105117971543,
        "max": 0.466784983873,
        "mean": 0.267579227686,
        "median": 0.283772975206,
        "min": 0.0384330973029,
        "stdev": 0.0890622586012,
        "var": 0.00793208647519
    },
    "barkbands_kurtosis": {
        "dmean": 3.5459253788,
        "dmean2": 5.58280467987,
        "dvar": 38.8092384338,
        "dvar2": 84.963432312,
        "max": 92.1677398682,
        "mean": 10.0046882629,
        "median": 7.21095657349,
        "min": -1.29187989235,
        "stdev": 10.2936658859,
        "var": 105.959564209
    },
    "barkbands_skewness": {
        "dmean": 0.427342832088,
        "dmean2": 0.662413954735,
        "dvar": 0.294261693954,
        "dvar2": 0.649768710136,
        "max": 8.13317489624,
        "mean": 2.21812915802,
        "median": 2.24587368965,
        "min": -2.14089226723,
        "stdev": 1.3939088583,
        "var": 1.94298195839
    },
    "barkbands_spread": {
        "dmean": 2.52152228355,
        "dmean2": 3.99967575073,
        "dvar": 29.8176345825,
        "dvar2": 69.3565597534,
        "max": 78.1567230225,
        "mean": 8.55225944519,
        "median": 6.48522472382,
        "min": 0.553774178028,
        "stdev": 7.81116104126,
        "var": 61.0142402649
    },
    "dissonance": {
        "dmean": 0.0299121458083,
        "dmean2": 0.0503014549613,
        "dvar": 0.000928620516788,
        "dvar2": 0.00256098341197,
        "max": 0.499730825424,
        "mean": 0.412040024996,
        "median": 0.422430247068,
        "min": 0.22304803133,
        "stdev": 0.0555770918727,
        "var": 0.0030888132751
    },
    "dynamic_complexity": 2.59966897964,
    "erbbands_crest": {
        "dmean": 2.31871819496,
        "dmean2": 3.82066917419,
        "dvar": 6.27116012573,
        "dvar2": 15.2733736038,
        "max": 31.0990638733,
        "mean": 11.5664987564,
        "median": 9.98542308807,
        "min": 2.2976770401,
        "stdev": 6.00641965866,
        "var": 36.0770797729
    },
    "erbbands_flatness_db": {
        "dmean": 0.014562853612,
        "dmean2": 0.022384705022,
        "dvar": 0.000289092917228,
        "dvar2": 0.000594511628151,
        "max": 0.425834953785,
        "mean": 0.24336785078,
        "median": 0.286642700434,
        "min": 0.0616630651057,
        "stdev": 0.0999017506838,
        "var": 0.00998035911471
    },
    "erbbands_kurtosis": {
        "dmean": 1.30028426647,
        "dmean2": 2.09755706787,
        "dvar": 5.57811594009,
        "dvar2": 12.4967441559,
        "max": 47.9685897827,
        "mean": 2.16830134392,
        "median": 1.00049734116,
        "min": -1.75755310059,
        "stdev": 4.27836370468,
        "var": 18.3043956757
    },
    "erbbands_skewness": {
        "dmean": 0.294391393661,
        "dmean2": 0.462178856134,
        "dvar": 0.110316082835,
        "dvar2": 0.245623812079,
        "max": 5.45215797424,
        "mean": 1.17533564568,
        "median": 1.11952543259,
        "min": -0.934325218201,
        "stdev": 0.803751707077,
        "var": 0.646016836166
    },
    "erbbands_spread": {
        "dmean": 5.23027849197,
        "dmean2": 7.9384522438,
        "dvar": 63.9060211182,
        "dvar2": 135.503463745,
        "max": 114.537765503,
        "mean": 28.7321510315,
        "median": 22.8944587708,
        "min": 1.80897068977,
        "stdev": 20.3477115631,
        "var": 414.029388428
    },
    "hfc": {
        "dmean": 4.15265989304,
        "dmean2": 6.00410318375,
        "dvar": 102.068077087,
        "dvar2": 206.717681885,
        "max": 153.262893677,
        "mean": 13.9521884918,
        "median": 10.335773468,
        "min": 1.06864224342e-16,
        "stdev": 14.5428514481,
        "var": 211.494537354
    },
    "loudness_ebu128": {
        "integrated": -11.4805383682,
        "loudness_range": 6.4018907547,
        "momentary": {
            "dmean": 1.50093269348,
            "dmean2": 1.63555335999,
            "dvar": 112.748588562,
            "dvar2": 139.153686523,
            "max": -6.4040517807,
            "mean": -15.8413953781,
            "median": -12.4406309128,
            "min": -300.691009521,
            "stdev": 29.9928073883,
            "var": 899.568481445
        },
        "short_term": {
            "dmean": 0.0940328389406,
            "dmean2": 0.0678630843759,
            "dvar": 0.00574871525168,
            "dvar2": 0.00407265918329,
            "max": -8.20890617371,
            "mean": -12.0850830078,
            "median": -12.3580932617,
            "min": -18.4583644867,
            "stdev": 2.26566720009,
            "var": 5.13324737549
        }
    },
    "melbands_crest": {
        "dmean": 2.3815176487,
        "dmean2": 3.77935171127,
        "dvar": 6.53095054626,
        "dvar2": 15.1421737671,
        "max": 34.2557525635,
        "mean": 15.1541852951,
        "median": 14.384677887,
        "min": 1.67468905449,
        "stdev": 5.3963341713,
        "var": 29.1204204559
    },
    "melbands_flatness_db": {
        "dmean": 0.0224481485784,
        "dmean2": 0.0333197154105,
        "dvar": 0.000767044839449,
        "dvar2": 0.00148677476682,
        "max": 0.54986011982,
        "mean": 0.339579939842,
        "median": 0.353996098042,
        "min": 0.00310735614039,
        "stdev": 0.0971454977989,
        "var": 0.00943724811077
    },
    "melbands_kurtosis": {
        "dmean": 6.26193857193,
        "dmean2": 9.72279644012,
        "dvar": 173.891113281,
        "dvar2": 401.242340088,
        "max": 241.524673462,
        "mean": 18.4161968231,
        "median": 12.0377836227,
        "min": -1.38511943817,
        "stdev": 22.5893325806,
        "var": 510.277954102
    },
    "melbands_skewness": {
        "dmean": 0.509277641773,
        "dmean2": 0.78757840395,
        "dvar": 0.449394196272,
        "dvar2": 1.03018057346,
        "max": 12.6321620941,
        "mean": 2.81697392464,
        "median": 2.65088534355,
        "min": -0.981096088886,
        "stdev": 1.72842526436,
        "var": 2.98745369911
    },
    "melbands_spread": {
        "dmean": 2.30757665634,
        "dmean2": 3.61509776115,
        "dvar": 31.4617996216,
        "dvar2": 64.7717819214,
        "max": 184.868759155,
        "mean": 10.9665060043,
        "median": 6.82883310318,
        "min": 0.886382639408,
        "stdev": 20.7862911224,
        "var": 432.069885254
    },
    "pitch_salience": {
        "dmean": 0.0556169040501,
        "dmean2": 0.0878124237061,
        "dvar": 0.00359586626291,
        "dvar2": 0.00860821269453,
        "max": 0.821941435337,
        "mean": 0.51949608326,
        "median": 0.518744289875,
        "min": 0.146867990494,
        "stdev": 0.117046654224,
        "var": 0.0136999199167
    },
    "silence_rate_20dB": {
        "dmean": 0.00464396271855,
        "dmean2": 0.00929511990398,
        "dvar": 0.00462236953899,
        "dvar2": 0.0138562908396,
        "max": 1,
        "mean": 0.997679829597,
        "median": 1,
        "min": 0,
        "stdev": 0.0481123588979,
        "var": 0.00231479899958
    },
    "silence_rate_30dB": {
        "dmean": 0.0247678011656,
        "dmean2": 0.0495739728212,
        "dvar": 0.024154484272,
        "dvar2": 0.0564112588763,
        "max": 1,
        "mean": 0.935034811497,
        "median": 1,
        "min": 0,
        "stdev": 0.246463730931,
        "var": 0.0607443675399
    },
    "silence_rate_60dB": {
        "dmean": 0.0100619196892,
        "dmean2": 0.020139425993,
        "dvar": 0.00996056385338,
        "dvar2": 0.0243817921728,
        "max": 1,
        "mean": 0.0378963649273,
        "median": 0,
        "min": 0,
        "stdev": 0.190941095352,
        "var": 0.0364584997296
    },
    "spectral_centroid": {
        "dmean": 98.4323577881,
        "dmean2": 159.022384644,
        "dvar": 66325.8125,
        "dvar2": 138963.828125,
        "max": 11592.3955078,
        "mean": 826.63861084,
        "median": 518.335876465,
        "min": 258.301727295,
        "stdev": 1576.68835449,
        "var": 2485946
    },
    "spectral_complexity": {
        "dmean": 1.85990715027,
        "dmean2": 2.86677002907,
        "dvar": 9.87276172638,
        "dvar2": 16.9644298553,
        "max": 53,
        "mean": 11.9914922714,
        "median": 11,
        "min": 0,
        "stdev": 6.56438684464,
        "var": 43.0911750793
    },
    "spectral_decrease": {
        "dmean": 2.82939383034e-09,
        "dmean2": 4.38077618625e-09,
        "dvar": 5.18567830903e-17,
        "dvar2": 1.29111935131e-16,
        "max": 1.70571008675e-28,
        "mean": -1.00845936046e-08,
        "median": -7.18502279895e-09,
        "min": -1.1848677417e-07,
        "stdev": 1.13865121776e-08,
        "var": 1.29652659788e-16
    },
    "spectral_energy": {
        "dmean": 0.0109233092517,
        "dmean2": 0.0168846473098,
        "dvar": 0.000757550064009,
        "dvar2": 0.00188164541032,
        "max": 0.450375825167,
        "mean": 0.0393270254135,
        "median": 0.028202155605,
        "min": 1.0364053664e-20,
        "stdev": 0.0438167154789,
        "var": 0.00191990460735
    },
    "spectral_energyband_high": {
        "dmean": 0.000235245417571,
        "dmean2": 0.000333888252499,
        "dvar": 8.07054107099e-07,
        "dvar2": 1.74379135842e-06,
        "max": 0.011876642704,
        "mean": 0.000336952798534,
        "median": 1.39321236929e-05,
        "min": 6.9892585468e-21,
        "stdev": 0.00107542076148,
        "var": 1.15652983368e-06
    },
    "spectral_energyband_low": {
        "dmean": 0.00650673732162,
        "dmean2": 0.00955983344465,
        "dvar": 0.000527505239006,
        "dvar2": 0.0012651985744,
        "max": 0.435066580772,
        "mean": 0.0175854042172,
        "median": 0.00331788579933,
        "min": 2.15363113425e-23,
        "stdev": 0.0368989780545,
        "var": 0.00136153458152
    },
    "spectral_energyband_middle_high": {
        "dmean": 0.000753213127609,
        "dmean2": 0.00109821360093,
        "dvar": 2.21400136979e-06,
        "dvar2": 4.4769244596e-06,
        "max": 0.0196640081704,
        "mean": 0.00251474557444,
        "median": 0.00170777994208,
        "min": 1.14276496042e-21,
        "stdev": 0.00271817296743,
        "var": 7.38846438253e-06
    },
    "spectral_energyband_middle_low": {
        "dmean": 0.0060197445564,
        "dmean2": 0.0101085137576,
        "dvar": 0.00033411043114,
        "dvar2": 0.000935136224143,
        "max": 0.300594329834,
        "mean": 0.0203690379858,
        "median": 0.0181264355779,
        "min": 1.23522566843e-22,
        "stdev": 0.0178985204548,
        "var": 0.000320357066812
    },
    "spectral_entropy": {
        "dmean": 0.196307301521,
        "dmean2": 0.302196919918,
        "dvar": 0.0595822818577,
        "dvar2": 0.130585297942,
        "max": 9.82057666779,
        "mean": 6.38989067078,
        "median": 6.01272153854,
        "min": 4.69490671158,
        "stdev": 1.03902733326,
        "var": 1.0795776844
    },
    "spectral_flux": {
        "dmean": 0.0231984518468,
        "dmean2": 0.0366741009057,
        "dvar": 0.00132067664526,
        "dvar2": 0.00269383261912,
        "max": 0.540977418423,
        "mean": 0.0590258948505,
        "median": 0.0436400435865,
        "min": 6.43650757692e-11,
        "stdev": 0.0569373443723,
        "var": 0.00324186100625
    },
    "spectral_kurtosis": {
        "dmean": 10.6226444244,
        "dmean2": 18.3610019684,
        "dvar": 188.129318237,
        "dvar2": 506.226654053,
        "max": 149.134109497,
        "mean": 26.0733280182,
        "median": 17.1063556671,
        "min": -1.2620869875,
        "stdev": 25.4536170959,
        "var": 647.88659668
    },
    "spectral_rms": {
        "dmean": 0.000702820485458,
        "dmean2": 0.00107243785169,
        "dvar": 1.31493266053e-06,
        "dvar2": 2.95244967674e-06,
        "max": 0.0209616571665,
        "mean": 0.00556336576119,
        "median": 0.00524540711194,
        "min": 3.17982272457e-12,
        "stdev": 0.00272339116782,
        "var": 7.41685926187e-06
    },
    "spectral_rolloff": {
        "dmean": 158.481948853,
        "dmean2": 275.577514648,
        "dvar": 402610.75,
        "dvar2": 906327.9375,
        "max": 19875.1464844,
        "mean": 998.22467041,
        "median": 430.6640625,
        "min": 64.599609375,
        "stdev": 2893.69506836,
        "var": 8373471.5
    },
    "spectral_skewness": {
        "dmean": 0.74940007925,
        "dmean2": 1.28217315674,
        "dvar": 0.766354739666,
        "dvar2": 2.03387570381,
        "max": 9.99672031403,
        "mean": 3.30369853973,
        "median": 2.84702706337,
        "min": -0.0538165308535,
        "stdev": 1.83651769161,
        "var": 3.37279725075
    },
    "spectral_spread": {
        "dmean": 499726.46875,
        "dmean2": 771650.1875,
        "dvar": 1.14986241229e+12,
        "dvar2": 2.13833023488e+12,
        "max": 42849508,
        "mean": 3865526,
        "median": 1938047.125,
        "min": 602604.4375,
        "stdev": 5975622,
        "var": 3.57080603034e+13
    },
    "spectral_strongpeak": {
        "dmean": 0.257328718901,
        "dmean2": 0.415003031492,
        "dvar": 0.128273740411,
        "dvar2": 0.272530823946,
        "max": 3.92930269241,
        "mean": 0.994914412498,
        "median": 0.789885818958,
        "min": 0,
        "stdev": 0.743309795856,
        "var": 0.552509486675
    },
    "zerocrossingrate": {
        "dmean": 0.00579626113176,
        "dmean2": 0.0070477402769,
        "dvar": 0.000137927403557,
        "dvar2": 0.000167880774825,
        "max": 0.53955078125,
        "mean": 0.0405594408512,
        "median": 0.02392578125,
        "min": 0.00390625,
        "stdev": 0.076867736876,
        "var": 0.00590864894912
    },
    "barkbands": {
        "dmean": [0.000190526712686, 0.00519002834335, 0.00168535893317, 0.00109459552914, 0.0031976881437, 0.00116382911801, 0.00226220861077, 0.000243723348831, 0.000259570952039, 0.000460480398033, 0.00014031813771, 0.00010736718832, 5.72908247705e-05, 8.69070718181e-05, 4.69669648737e-05, 8.75906116562e-05, 5.01009380969e-05, 3.11769654218e-05, 2.89066720143e-05, 4.23558922193e-05, 3.18098173011e-05, 3.80371420761e-05, 3.22996093018e-05, 6.09004346188e-05, 4.56002599094e-05, 2.09522786463e-05, 4.28216139881e-07],
        "dmean2": [0.000199759582756, 0.00764570245519, 0.00257966271602, 0.00184342660941, 0.00553410174325, 0.00167960720137, 0.00375077594072, 0.000369538465748, 0.000392961985199, 0.000684082915541, 0.000211711434531, 0.000160716183018, 8.97296922631e-05, 0.000137958399137, 7.64903888921e-05, 0.000134651651024, 7.41675758036e-05, 4.83141338918e-05, 4.19627649535e-05, 6.52782109682e-05, 4.87813995278e-05, 5.78372309974e-05, 5.02465882164e-05, 8.86488414835e-05, 6.91165405442e-05, 3.17729645758e-05, 6.73726276545e-07],
        "dvar": [1.27110206449e-06, 0.000462117081042, 1.78808513738e-05, 1.0805833881e-05, 0.000282426277408, 4.19737443735e-06, 1.17630715977e-05, 2.85633404928e-07, 8.3450765942e-07, 8.61102705585e-07, 2.21588337013e-07, 1.60335432042e-07, 2.52208511853e-08, 4.8105107453e-08, 1.37244411391e-08, 6.40385522388e-08, 2.15941842185e-08, 8.8432079437e-09, 1.01125561258e-08, 1.68406142365e-08, 1.29266553017e-08, 2.19186109263e-08, 1.67476326141e-08, 6.16755997385e-08, 3.7639647843e-08, 8.70775185291e-09, 5.67767751217e-12],
        "dvar2": [1.40128815929e-06, 0.00112187652849, 4.331845048e-05, 3.03027627524e-05, 0.000826582720038, 9.74520753516e-06, 2.93484899885e-05, 5.67644349303e-07, 1.86965280591e-06, 1.85504018191e-06, 4.11874424344e-07, 3.28674190087e-07, 6.20130720108e-08, 1.02902376398e-07, 3.40198198501e-08, 1.52416816945e-07, 4.53008830448e-08, 2.13047552933e-08, 1.82938446613e-08, 3.83106772972e-08, 2.82084080538e-08, 4.73554493396e-08, 3.66474139923e-08, 1.40963720696e-07, 8.74357439784e-08, 2.16572555445e-08, 1.15619683966e-11],
        "max": [0.0248385258019, 0.394692748785, 0.0527514368296, 0.0473150536418, 0.273445099592, 0.0269812326878, 0.0440215207636, 0.0102646751329, 0.0268385708332, 0.0133960172534, 0.00933209806681, 0.0109760398045, 0.00321945082396, 0.0053900689818, 0.00134600140154, 0.00526180258021, 0.00341897737235, 0.00160300242715, 0.00265774130821, 0.00172578496858, 0.00161487003788, 0.00205756514333, 0.00174909771886, 0.00437966128811, 0.00335742137395, 0.00153346534353, 6.13728479948e-05],
        "mean": [0.000304939399939, 0.0112791070715, 0.00457411352545, 0.00309231132269, 0.00596361188218, 0.00384490517899, 0.00586588354781, 0.000757980218623, 0.000757121597417, 0.00108733214438, 0.000277466635453, 0.000233759084949, 0.0001168909439, 0.000242441034061, 9.85523147392e-05, 0.000235867584706, 0.000113169800898, 5.60020343983e-05, 5.38351632713e-05, 7.32416592655e-05, 5.30762081326e-05, 5.44565991731e-05, 4.19519856223e-05, 7.30730680516e-05, 5.45974871784e-05, 2.10333182622e-05, 4.1109541371e-07],
        "median": [2.18671800667e-07, 0.00195172464009, 0.000853475008626, 0.00108629546594, 0.00398953165859, 0.00257761054672, 0.00267059588805, 0.00027313811006, 0.000273582641967, 0.000442308140919, 2.81786069536e-05, 4.72770407214e-05, 3.20543222188e-05, 8.37117768242e-05, 3.80424244213e-05, 0.000104788239696, 4.63887990918e-05, 5.53440622753e-06, 1.0796738934e-05, 1.50693813339e-05, 5.71514465264e-06, 1.04128048406e-06, 1.37997247407e-07, 5.55907107014e-08, 5.8769717981e-08, 6.47621831718e-08, 6.46248032865e-09],
        "min": [1.58748840149e-25, 3.75823235452e-24, 2.09386600655e-24, 7.8831313993e-25, 8.60331151031e-24, 9.83968374074e-24, 1.40408879204e-24, 1.28681988531e-23, 2.58581899414e-23, 1.70486236476e-23, 1.26324832703e-23, 2.2406713644e-23, 3.26320927806e-23, 4.41997913226e-23, 5.85567789631e-23, 5.79251601244e-23, 8.45827075542e-23, 1.11082975052e-22, 1.69444583516e-22, 1.36211602763e-22, 2.72872944594e-22, 4.18035064161e-22, 4.29052989761e-22, 6.78307337878e-22, 9.60545209998e-22, 1.31256326917e-21, 1.97006553032e-21],
        "stdev": [0.00189708697144, 0.0309329405427, 0.0074486634694, 0.00472521176562, 0.0131644736975, 0.00406739953905, 0.00734343566, 0.00138255418278, 0.0016778591089, 0.00154518557247, 0.000813631049823, 0.00065354234539, 0.000238052962231, 0.000504055817146, 0.000164934346685, 0.000406321400078, 0.000245804170845, 0.000124813610455, 0.000166585785337, 0.000167521575349, 0.000144153527799, 0.000180991890375, 0.000154592955369, 0.000269184965873, 0.000206144613912, 9.03657928575e-05, 2.74319813798e-06],
        "var": [3.59893897439e-06, 0.000956846866757, 5.54825892323e-05, 2.23276274482e-05, 0.000173303371412, 1.65437377291e-05, 5.39260472578e-05, 1.91145613826e-06, 2.81521101897e-06, 2.38759844251e-06, 6.61995443352e-07, 4.27117583968e-07, 5.66692150983e-08, 2.54072290318e-07, 2.72033364723e-08, 1.65097077343e-07, 6.04196941367e-08, 1.55784363187e-08, 2.77508256374e-08, 2.8063478652e-08, 2.07802397512e-08, 3.27580629289e-08, 2.38989805723e-08, 7.24605442315e-08, 4.24956034806e-08, 8.16597633957e-09, 7.52513589636e-12]
    },
    "erbbands": {
        "dmean": [0.16353610158, 1.13133049011, 2.06016898155, 2.54033303261, 7.41780567169, 12.6762361526, 7.90542078018, 11.011048317, 38.9638977051, 9.30665874481, 5.61558914185, 4.49767971039, 11.3623609543, 8.96125984192, 5.56741809845, 3.32949638367, 2.70330953598, 2.64837884903, 4.11870861053, 3.08891034126, 4.4184589386, 2.98716282845, 1.71017920971, 1.25572323799, 1.71701622009, 1.83189976215, 1.50470197201, 1.37425637245, 1.45279729366, 1.05386710167, 0.887042343616, 1.20360434055, 1.00349855423, 0.490219533443, 0.337425291538, 0.133439615369, 0.031113917008, 0.00278864614666, 7.09115120117e-05, 1.34210140459e-05],
        "dmean2": [0.202986761928, 1.78544139862, 3.21403765678, 4.20863342285, 12.9269523621, 21.8326129913, 12.681801796, 15.9204540253, 65.0274658203, 14.911646843, 8.25359344482, 6.79839754105, 16.8289337158, 13.37155056, 8.34109306335, 4.9947552681, 4.1732749939, 4.1453371048, 6.55540370941, 4.90701341629, 6.60955429077, 4.2780122757, 2.56137394905, 1.92764699459, 2.46580505371, 2.79994726181, 2.28490018845, 2.03534531593, 2.28973960876, 1.64361715317, 1.40354073048, 1.82503008842, 1.45626938343, 0.7316198349, 0.51839786768, 0.204774275422, 0.0485474616289, 0.00414249720052, 0.00010544370889, 2.05825617741e-05],
        "dvar": [0.701886892319, 20.4812355042, 32.9117393494, 47.1452980042, 1095.13757324, 4635.30859375, 329.207183838, 395.702056885, 3486.08251953, 544.032470703, 153.473846436, 144.139022827, 690.051269531, 364.632995605, 314.152679443, 125.321495056, 46.7304801941, 42.5606689453, 112.869194031, 82.4764328003, 114.023742676, 82.7754058838, 26.9016704559, 14.3015518188, 36.636756897, 33.7149543762, 33.1306304932, 20.8489933014, 32.6568069458, 18.6417503357, 14.3509378433, 26.2595691681, 16.8506298065, 4.12114810944, 2.33234453201, 0.330464482307, 0.0220950152725, 0.000164807410329, 1.01525145624e-07, 1.03987762845e-09],
        "dvar2": [1.06638562679, 60.2718925476, 84.6652069092, 127.003265381, 3191.09350586, 13554.9873047, 909.159851074, 818.359985352, 8969.43652344, 903.333251953, 310.041229248, 327.683898926, 1529.54724121, 779.143371582, 643.536193848, 254.767501831, 112.304321289, 101.573539734, 254.193084717, 214.109405518, 219.084594727, 157.527130127, 62.3989524841, 31.4014358521, 61.7307128906, 77.5914993286, 74.0438156128, 43.3907623291, 75.2036437988, 42.0288352966, 32.4147911072, 60.8782310486, 38.6393432617, 9.31754398346, 5.67807531357, 0.808740675449, 0.0558478832245, 0.000375918345526, 2.19870628371e-07, 2.415832423e-09],
        "max": [18.5112228394, 78.5251083374, 81.3161392212, 111.584762573, 636.541320801, 972.970825195, 278.592437744, 320.568878174, 780.724121094, 790.246337891, 256.564697266, 307.477966309, 607.51550293, 362.642578125, 305.308074951, 258.182495117, 117.494812012, 110.279518127, 218.777099609, 184.099838257, 270.577056885, 240.151229858, 97.0958709717, 70.6648788452, 173.757904053, 84.067489624, 83.7487869263, 67.4698562622, 70.1896972656, 83.1355133057, 57.3203544617, 96.3389587402, 54.0370864868, 27.2943630219, 28.7135658264, 10.144162178, 2.32245230675, 0.21983794868, 0.00665570283309, 0.000488779798616],
        "mean": [0.295399099588, 2.56374740601, 5.85088348389, 7.8240852356, 16.0785064697, 20.3654632568, 22.2822246552, 37.9234619141, 98.2790908813, 30.4456653595, 18.3961315155, 12.8106403351, 28.8233070374, 24.2643470764, 12.3583650589, 7.5823264122, 6.09466552734, 7.00120162964, 11.0561237335, 7.72307920456, 12.270108223, 7.31979513168, 3.38736629486, 2.55023980141, 3.37047219276, 3.15630888939, 2.41375184059, 2.28572201729, 2.02950882912, 1.400603652, 1.13035905361, 1.46552753448, 1.18591082096, 0.603496015072, 0.383888304234, 0.13778232038, 0.0306510329247, 0.0029183588922, 9.0821638878e-05, 4.76047207485e-05],
        "median": [0.0121615119278, 0.561729431152, 1.58413255215, 2.61175632477, 8.29923725128, 10.9882974625, 16.0227489471, 24.8820095062, 51.4277648926, 14.8277482986, 7.94953393936, 5.93363332748, 13.5273895264, 10.9653272629, 2.75601291656, 2.15400624275, 2.12995290756, 3.04014921188, 3.95233535767, 4.60691356659, 5.15251731873, 3.21384501457, 1.04761981964, 0.65872502327, 0.758701920509, 0.746705591679, 0.209340915084, 0.284516185522, 0.0465660654008, 0.0145090017468, 0.00262418692, 0.00111907965038, 0.000953639566433, 0.000709944055416, 0.000425038277172, 0.000265386508545, 0.000129818843561, 3.45373664459e-05, 1.49724810399e-05, 3.216053301e-05],
        "min": [1.71636935257e-22, 7.53853706872e-22, 1.49864296018e-21, 7.18253204342e-21, 1.86612721674e-20, 3.46375419158e-20, 3.71413659312e-20, 9.67151139801e-20, 5.32885809543e-20, 1.88484734798e-19, 4.52652514837e-19, 5.97865570636e-19, 3.53677097521e-19, 8.53648427601e-19, 1.38249652947e-18, 1.20025075274e-18, 1.56292912629e-18, 3.02255249306e-18, 2.9881750736e-18, 2.96348331872e-18, 4.00207102992e-18, 5.5605719482e-18, 5.52564672837e-18, 6.10777797959e-18, 7.10789848358e-18, 6.73567672051e-18, 1.00053988456e-17, 1.07357000648e-17, 1.26989297035e-17, 1.40530756514e-17, 1.05406119989e-17, 1.16702421034e-17, 1.01101455538e-17, 8.89819029875e-18, 6.40064251624e-18, 4.76125946407e-18, 2.57484243408e-18, 9.6634372105e-19, 2.51651141504e-19, 2.92166170026e-20],
        "stdev": [1.34300947189, 5.70024824142, 9.38320541382, 12.2317409515, 28.8636512756, 53.5070533752, 22.5743103027, 43.3067626953, 117.973609924, 64.503692627, 27.8357772827, 21.2098617554, 47.2779312134, 37.1858558655, 28.8190288544, 17.6417808533, 11.1154508591, 11.114730835, 21.5064868927, 10.7610177994, 23.5642795563, 16.3653869629, 6.71565485001, 5.27358341217, 10.2221059799, 7.24146080017, 6.87392616272, 6.02543306351, 6.67472076416, 5.06089401245, 4.34472131729, 5.47142457962, 4.45385313034, 2.2395427227, 1.53094482422, 0.566888689995, 0.140829950571, 0.0138548193499, 0.000354945543222, 5.37332234671e-05],
        "var": [1.80367434025, 32.4928321838, 88.0445404053, 149.615478516, 833.110412598, 2863.00488281, 509.599487305, 1875.47558594, 13917.7724609, 4160.7265625, 774.830505371, 449.858215332, 2235.20288086, 1382.78796387, 830.536437988, 311.232452393, 123.553245544, 123.537231445, 462.528991699, 115.799499512, 555.275268555, 267.825866699, 45.1000213623, 27.8106842041, 104.491447449, 52.4387550354, 47.2508583069, 36.3058433533, 44.5518951416, 25.6126499176, 18.8766040802, 29.9364852905, 19.8368091583, 5.01555156708, 2.34379220009, 0.321362793446, 0.01983307302, 0.000191956016351, 1.25986346688e-07, 2.88725932052e-09]
    },
    "gfcc": {
        "mean": [-101.045539856, 154.274307251, -111.05695343, 6.53903388977, -50.9628601074, -22.563709259, -42.9567756653, -5.695104599, -19.7763366699, -1.28078508377, -17.6565589905, -6.0075969696, 1.39615142345],
        "cov": [[42320.2617188, 2107.69311523, -1412.54260254, 2552.35986328, -1711.34716797, 2170.27758789, -546.194030762, 1001.26538086, -768.332214355, 195.249252319, -481.159576416, 302.518218994, -68.7301101685], [2107.69311523, 2762.578125, -1035.97192383, -846.356018066, 242.937820435, -1195.29040527, -148.774993896, -441.64163208, 263.962554932, -115.299583435, 47.917224884, -186.690307617, 185.380966187], [-1412.54260254, -1035.97192383, 1582.90795898, 688.276489258, 227.627197266, 1208.54821777, 319.084960938, 533.52355957, 6.54487514496, 112.361572266, 80.3436508179, 197.788696289, -77.7232208252], [2552.35986328, -846.356018066, 688.276489258, 1023.24304199, -5.03162956238, 983.496643066, 274.16973877, 413.636322021, -24.9835586548, 156.702011108, 3.81206226349, 139.452285767, -60.4374885559], [-1711.34716797, 242.937820435, 227.627197266, -5.03162956238, 375.358947754, 23.8341636658, 103.385276794, 37.729309082, 130.332748413, 31.4660644531, 68.3352432251, 16.4307327271, 11.1352815628], [2170.27758789, -1195.29040527, 1208.54821777, 983.496643066, 23.8341636658, 1556.51379395, 337.740844727, 627.032043457, -75.905632019, 124.43106842, 61.9804916382, 253.509628296, -70.7542648315], [-546.194030762, -148.774993896, 319.084960938, 274.16973877, 103.385276794, 337.740844727, 337.284515381, 165.714126587, 95.5180892944, 59.2686424255, 44.1552581787, 91.9356689453, 35.0222091675], [1001.26538086, -441.64163208, 533.52355957, 413.636322021, 37.729309082, 627.032043457, 165.714126587, 365.371856689, 3.51367115974, 38.9986877441, 37.7226448059, 141.242492676, -7.00229930878], [-768.332214355, 263.962554932, 6.54487514496, -24.9835586548, 130.332748413, -75.905632019, 95.5180892944, 3.51367115974, 180.729858398, 56.7615203857, 50.4912033081, 20.343132019, 51.2162666321], [195.249252319, -115.299583435, 112.361572266, 156.702011108, 31.4660644531, 124.43106842, 59.2686424255, 38.9986877441, 56.7615203857, 192.946212769, 32.463092804, -14.2805376053, -16.2747344971], [-481.159576416, 47.917224884, 80.3436508179, 3.81206226349, 68.3352432251, 61.9804916382, 44.1552581787, 37.7226448059, 50.4912033081, 32.463092804, 122.545135498, 18.9544563293, 10.643406868], [302.518218994, -186.690307617, 197.788696289, 139.452285767, 16.4307327271, 253.509628296, 91.9356689453, 141.242492676, 20.343132019, -14.2805376053, 18.9544563293, 158.307754517, 12.1535167694], [-68.7301101685, 185.380966187, -77.7232208252, -60.4374885559, 11.1352815628, -70.7542648315, 35.0222091675, -7.00229930878, 51.2162666321, -16.2747344971, 10.643406868, 12.1535167694, 88.2815551758]],
        "icov": [[0.000350646412699, -0.00114893110003, 0.000837432045955, -0.00102366600186, 0.00121930218302, -0.000931991729885, 0.00110034749378, -0.00111838127486, 0.00117066560779, -0.000925802742131, 0.000898808415513, -0.000820992921945, 0.000450941268355], [-0.00114893110003, 0.00453960802406, -0.00238898349926, 0.00352301914245, -0.00448915036395, 0.00313245668076, -0.00350939109921, 0.00354207050987, -0.00455342512578, 0.00338626746088, -0.00306084658951, 0.00318173109554, -0.00217168405652], [0.000837432045955, -0.00238898349926, 0.00425048498437, -0.00181864143815, 0.00165336497594, -0.00369659345597, 0.00234515592456, -0.00368691957556, 0.00236531021073, -0.00217198673636, 0.00237891124561, -0.00138127594255, 0.00190235697664], [-0.00102366600186, 0.00352301914245, -0.00181864143815, 0.00628059124574, -0.00357189122587, 0.00092053116532, -0.00417726766318, 0.00210040505044, -0.00381466839463, 0.0014940147521, -0.0012954256963, 0.0030995446723, -0.000266300252406], [0.00121930218302, -0.00448915036395, 0.00165336497594, -0.00357189122587, 0.00908153597265, -0.00278373691253, 0.00330620934255, -0.00369470240548, 0.0014123513829, -0.00261982646771, 0.00209040846676, -0.00256574829109, 0.00320392008871], [-0.000931991729885, 0.00313245668076, -0.00369659345597, 0.00092053116532, -0.00278373691253, 0.00712910527363, -0.00347754661925, 0.000148739520228, -0.000741555762943, 0.00187261169776, -0.00353498803452, 0.000835873128381, -0.00138492835686], [0.00110034749378, -0.00350939109921, 0.00234515592456, -0.00417726766318, 0.00330620934255, -0.00347754661925, 0.00922254752368, -0.00317653641105, 0.00121282122564, -0.00280158990063, 0.00269823917188, -0.00346153206192, -0.000752740015741], [-0.00111838127486, 0.00354207050987, -0.00368691957556, 0.00210040505044, -0.00369470240548, 0.000148739520228, -0.00317653641105, 0.0148094836622, -0.00461386330426, 0.00383276795037, -0.0036065003369, -0.000536068517249, -0.00320471241139], [0.00117066560779, -0.00455342512578, 0.00236531021073, -0.00381466839463, 0.0014123513829, -0.000741555762943, 0.00121282122564, -0.00461386330426, 0.0182228516787, -0.00760813290253, 0.00116342247929, -0.00568508915603, -0.00300770974718], [-0.000925802742131, 0.00338626746088, -0.00217198673636, 0.0014940147521, -0.00261982646771, 0.00187261169776, -0.00280158990063, 0.00383276795037, -0.00760813290253, 0.0108065214008, -0.00379968318157, 0.00499422475696, 0.000702321762219], [0.000898808415513, -0.00306084658951, 0.00237891124561, -0.0012954256963, 0.00209040846676, -0.00353498803452, 0.00269823917188, -0.0036065003369, 0.00116342247929, -0.00379968318157, 0.0128847081214, -0.00219494127668, 0.00125475239474], [-0.000820992921945, 0.00318173109554, -0.00138127594255, 0.0030995446723, -0.00256574829109, 0.000835873128381, -0.00346153206192, -0.000536068517249, -0.00568508915603, 0.00499422475696, -0.00219494127668, 0.013607038185, -0.00148006121162], [0.000450941268355, -0.00217168405652, 0.00190235697664, -0.000266300252406, 0.00320392008871, -0.00138492835686, -0.000752740015741, -0.00320471241139, -0.00300770974718, 0.000702321762219, 0.00125475239474, -0.00148006121162, 0.0181884877384]]
    },
    "melbands": {
        "dmean": [0.00143078225665, 0.00110222736839, 0.000515301595442, 0.000759786460549, 0.000313065916998, 0.000259028223809, 0.00053605355788, 7.60712500778e-05, 4.63761862193e-05, 2.99385428661e-05, 6.21902145213e-05, 4.41863267042e-05, 2.14730243897e-05, 1.36104708872e-05, 7.14389352652e-06, 5.16446925758e-06, 5.55070255359e-06, 8.18854823592e-06, 3.39971529684e-06, 5.85959696764e-06, 5.01581325807e-06, 3.41744862453e-06, 2.03557283385e-06, 1.48860283389e-06, 9.75503553491e-07, 1.35201446483e-06, 1.24532061818e-06, 1.30317039293e-06, 1.14365218451e-06, 8.28826784982e-07, 8.44141368361e-07, 9.13009046144e-07, 6.65068910166e-07, 5.96184065671e-07, 5.07392599047e-07, 6.93493859671e-07, 7.51383197439e-07, 7.70599172029e-07, 5.5532495935e-07, 3.9207046143e-07],
        "dmean2": [0.0020041114185, 0.00176984095015, 0.000853142119013, 0.00132892245892, 0.000512235390488, 0.000376591575332, 0.000893029558938, 0.000116224277008, 6.8023960921e-05, 4.58737049485e-05, 9.22655526665e-05, 6.55104086036e-05, 3.24433312926e-05, 2.02639403142e-05, 1.07221685539e-05, 8.27562598715e-06, 8.69840732776e-06, 1.3065751773e-05, 5.55414862902e-06, 9.16788849281e-06, 7.59206932344e-06, 5.04823083247e-06, 3.06833499053e-06, 2.32305910686e-06, 1.55069551511e-06, 1.98441102839e-06, 1.84454188457e-06, 2.05113360607e-06, 1.79877827122e-06, 1.26924305732e-06, 1.26124803046e-06, 1.46269599099e-06, 1.00404372461e-06, 9.60037027653e-07, 8.22315087134e-07, 1.0810921367e-06, 1.16640887882e-06, 1.14013641905e-06, 8.3711086063e-07, 6.0091093701e-07],
        "dvar": [4.16416914959e-05, 1.26666182041e-05, 2.11603833122e-06, 1.70331968548e-05, 9.96391577246e-07, 1.91223833212e-07, 6.56115787478e-07, 4.44245884523e-08, 1.21676029252e-08, 1.05361754876e-08, 1.96481302339e-08, 8.35328073379e-09, 5.26692911507e-09, 3.03199798601e-09, 2.69164135425e-10, 2.30073390894e-10, 1.72101152773e-10, 4.82001882851e-10, 7.14497003229e-11, 5.1858023431e-10, 1.56274146401e-10, 1.30247646002e-10, 3.65858142393e-11, 1.56467113571e-11, 9.63831185002e-12, 2.75708379738e-11, 1.46827272562e-11, 1.86377198397e-11, 1.85351317628e-11, 8.50810047415e-12, 7.9684227966e-12, 1.25083554625e-11, 8.33428898811e-12, 5.8613773557e-12, 4.99350907845e-12, 9.14243940969e-12, 1.31982471827e-11, 1.00424087449e-11, 4.98338740065e-12, 2.99108069042e-12],
        "dvar2": [8.46748007461e-05, 3.61635757145e-05, 5.73956049266e-06, 4.99145608046e-05, 2.81546431324e-06, 4.06690475074e-07, 1.68732742623e-06, 7.23609190345e-08, 2.51079494973e-08, 2.42258142436e-08, 4.34103029079e-08, 1.78609056434e-08, 1.00972004091e-08, 6.1663296691e-09, 6.0039329064e-10, 5.82426273876e-10, 3.94126287162e-10, 1.06654407528e-09, 1.90564938829e-10, 1.36131328432e-09, 2.89123142094e-10, 2.51869802792e-10, 8.51947470903e-11, 3.5884038796e-11, 2.21980038517e-11, 4.82220791076e-11, 2.8350283926e-11, 4.44340363115e-11, 4.28643440187e-11, 1.99952866764e-11, 1.69230133379e-11, 2.99356858746e-11, 1.85540714737e-11, 1.40418189229e-11, 1.16651219934e-11, 2.17335455188e-11, 3.30036206697e-11, 2.30448039124e-11, 1.13277529717e-11, 7.05201435441e-12],
        "max": [0.133393004537, 0.06436021626, 0.0220546294004, 0.0697120204568, 0.0165112856776, 0.00635915389284, 0.0100577613339, 0.00712330965325, 0.00257895840332, 0.00301779992878, 0.00306778564118, 0.00160448427778, 0.00140805752017, 0.00153963989578, 0.000259681575699, 0.000357774988515, 0.000221823473112, 0.000495330546983, 0.000121431541629, 0.000531626108568, 0.000332802475896, 0.000300965359202, 0.000101976678707, 5.51628509129e-05, 5.77757127758e-05, 0.000166988436831, 6.91500245011e-05, 5.99407721893e-05, 5.38159656571e-05, 4.39906070824e-05, 4.08795494877e-05, 3.87652544305e-05, 5.08070806973e-05, 4.34247813246e-05, 3.19732789649e-05, 4.99759589729e-05, 8.18034022814e-05, 4.49085127912e-05, 3.37926212524e-05, 2.30366058531e-05],
        "mean": [0.00285504083149, 0.00318238721229, 0.00161606015172, 0.00133604428265, 0.000808034557849, 0.000905042921659, 0.00136637105606, 0.000259268126683, 0.000142099088407, 8.30660937936e-05, 0.000155294590513, 0.000115083508717, 4.40752082795e-05, 2.87816656055e-05, 1.49840916492e-05, 1.0155425116e-05, 1.47098053276e-05, 2.16842145164e-05, 7.347443443e-06, 1.47190439748e-05, 1.28778201542e-05, 7.6969172369e-06, 3.95804727304e-06, 2.76861283055e-06, 1.82940948434e-06, 2.50459902418e-06, 2.35061497733e-06, 2.07646098715e-06, 1.64443838457e-06, 1.29335217025e-06, 1.34539175178e-06, 1.25206997836e-06, 8.40058078211e-07, 7.62289175782e-07, 5.97452867623e-07, 8.29569728467e-07, 9.0157681143e-07, 8.91174749995e-07, 6.84369013015e-07, 4.51288229897e-07],
        "median": [0.000313435506541, 0.000895509379916, 0.000738813949283, 0.000799936999101, 0.000564632355236, 0.000632955867331, 0.000707373314071, 0.000107128100353, 6.52158996672e-05, 2.99218136206e-05, 7.37275695428e-05, 4.76056375192e-05, 6.75609408063e-06, 3.94423295802e-06, 5.37848609383e-06, 2.86545332528e-06, 6.0611846493e-06, 6.33333684164e-06, 2.9881912269e-06, 6.66426831231e-06, 4.15968906964e-06, 3.02335661218e-06, 1.47760988511e-06, 2.38304039613e-07, 4.84864244754e-07, 4.52881039337e-07, 5.28107193531e-07, 4.01311609721e-07, 6.60298837829e-08, 1.69412103901e-07, 1.3079274197e-07, 2.307231739e-08, 6.47004227972e-09, 7.47685913183e-09, 1.24609855767e-09, 4.48462711411e-10, 7.05749236829e-10, 6.41438568927e-10, 6.5045857589e-10, 5.45266498619e-10],
        "min": [1.67443043818e-24, 1.14728429485e-24, 2.75386963835e-24, 1.73235235293e-24, 1.03550122547e-24, 2.33386234304e-24, 7.41603403833e-25, 2.24277671583e-24, 3.55770391241e-24, 3.56645750744e-24, 1.71318894939e-24, 2.89282965617e-24, 3.01252253524e-24, 2.13744603561e-24, 1.95680142427e-24, 3.21532309397e-24, 3.775947015e-24, 3.63401437208e-24, 3.85772940834e-24, 3.7643779754e-24, 4.54583936533e-24, 3.92147173606e-24, 4.23471617418e-24, 4.51197041122e-24, 4.52875539913e-24, 4.08707454488e-24, 4.35853972617e-24, 3.29076324284e-24, 5.97455481711e-24, 5.61157269891e-24, 4.18531533772e-24, 7.39110287828e-24, 7.11484694472e-24, 7.26503107271e-24, 6.12598652862e-24, 4.48301132739e-24, 6.27411646282e-24, 7.19911858864e-24, 5.95744008534e-24, 6.42565624829e-24],
        "stdev": [0.00976410601288, 0.00525953248143, 0.00214830227196, 0.00321463216096, 0.00099571980536, 0.000921805505641, 0.00163266784512, 0.000589659204707, 0.000215149193536, 0.000183039548574, 0.000249964738032, 0.000173469336005, 0.000123057587189, 9.18405203265e-05, 2.52882273344e-05, 2.13790317503e-05, 2.46930812864e-05, 4.7642563004e-05, 1.16264418466e-05, 2.72565594059e-05, 2.87460170512e-05, 2.0126304662e-05, 7.8499006122e-06, 5.87989188716e-06, 3.99575264964e-06, 9.50389949139e-06, 6.09938979323e-06, 5.09278333993e-06, 4.89168633067e-06, 3.55017277798e-06, 3.63847243534e-06, 4.04400998377e-06, 3.29428007717e-06, 2.72188663075e-06, 2.46342915489e-06, 3.21546281157e-06, 3.56119971912e-06, 3.40955011779e-06, 2.47340267379e-06, 1.80414167517e-06],
        "var": [9.53377602855e-05, 2.76626797131e-05, 4.61520312456e-06, 1.0333859791e-05, 9.91458023236e-07, 8.49725438457e-07, 2.66560414275e-06, 3.47697977077e-07, 4.62891769359e-08, 3.35034755494e-08, 6.24823641715e-08, 3.00916092044e-08, 1.51431702733e-08, 8.43468050959e-09, 6.39494401877e-10, 4.57062970805e-10, 6.09748307401e-10, 2.2698138924e-09, 1.35174149651e-10, 7.42920003294e-10, 8.26333501625e-10, 4.05068145692e-10, 6.16209444582e-11, 3.45731290818e-11, 1.59660375199e-11, 9.03241023642e-11, 3.72025535378e-11, 2.59364439648e-11, 2.39285934817e-11, 1.26037270898e-11, 1.3238482359e-11, 1.63540153642e-11, 1.08522808795e-11, 7.40866742954e-12, 6.06848338941e-12, 1.0339201717e-11, 1.26821435298e-11, 1.16250316665e-11, 6.11772134687e-12, 3.25492736063e-12]
    },
    "melbands128": {
