{
"lowlevel": {
    "average_loudness": 0.823807775974,
    "barkbands_crest": {
        "dmean": 2.61626195908,
        "dmean2": 4.1719865799,
        "dvar": 6.5636882782,
        "dvar2": 16.2967948914,
        "max": 25.5029792786,
        "mean": 11.6503925323,
        "median": 10.9495515823,
        "min": 2.83985567093,
        "stdev": 4.39383602142,
        "var": 19.3057956696
    },
    "barkbands_flatness_db": {
        "dmean": 0.029491122812,
        "dmean2": 0.0419733934104,
        "dvar": 0.000783084717114,
        "dvar2": 0.00163104827516,
        "max": 0.409538239241,
        "mean": 0.199677333236,
        "median": 0.19674256444,
        "min": 0.0359720773995,
        "stdev": 0.0645799785852,
        "var": 0.00417057378218
    },
    "barkbands_kurtosis": {
        "dmean": 9.50560283661,
        "dmean2": 14.6760368347,
        "dvar": 161.301132202,
        "dvar2": 395.428985596,
        "max": 251.465011597,
        "mean": 17.6736068726,
        "median": 13.6054229736,
        "min": -1.91498959064,
        "stdev": 18.1131324768,
        "var": 328.085571289
    },
    "barkbands_skewness": {
        "dmean": 0.930761277676,
        "dmean2": 1.38592839241,
        "dvar": 0.891947627068,
        "dvar2": 1.87296950817,
        "max": 11.6919975281,
        "mean": 3.00748038292,
        "median": 3.04321932793,
        "min": -5.11598491669,
        "stdev": 1.77558350563,
        "var": 3.15269684792
    },
    "barkbands_spread": {
        "dmean": 8.77409267426,
        "dmean2": 13.3371391296,
        "dvar": 206.39050293,
        "dvar2": 424.930755615,
        "max": 101.161308289,
        "mean": 16.4732551575,
        "median": 8.83032417297,
        "min": 0.666345357895,
        "stdev": 19.4117259979,
        "var": 376.815124512
    },
    "dissonance": {
        "dmean": 0.0329893119633,
        "dmean2": 0.0543960891664,
        "dvar": 0.000797894259449,
        "dvar2": 0.0019876898732,
        "max": 0.499637037516,
        "mean": 0.415806800127,
        "median": 0.421294093132,
        "min": 0.207435503602,
        "stdev": 0.0494110397995,
        "var": 0.00244145072065
    },
    "dynamic_complexity": 3.3453514576,
    "erbbands_crest": {
        "dmean": 2.89648675919,
        "dmean2": 4.47416591644,
        "dvar": 7.6672167778,
        "dvar2": 17.4004821777,
        "max": 27.9458217621,
        "mean": 11.3151187897,
        "median": 10.3671045303,
        "min": 3.21479034424,
        "stdev": 4.70443916321,
        "var": 22.1317481995
    },
    "erbbands_flatness_db": {
        "dmean": 0.0238363556564,
        "dmean2": 0.0329298898578,
        "dvar": 0.000523302296642,
        "dvar2": 0.0010516026523,
        "max": 0.327093482018,
        "mean": 0.166742369533,
        "median": 0.162319406867,
        "min": 0.0594655759633,
        "stdev": 0.0499470420182,
        "var": 0.0024947070051
    },
    "erbbands_kurtosis": {
        "dmean": 2.82849121094,
        "dmean2": 4.41040229797,
        "dvar": 12.072599411,
        "dvar2": 28.4511947632,
        "max": 35.3863945007,
        "mean": 4.37061262131,
        "median": 3.0074596405,
        "min": -1.87726175785,
        "stdev": 5.23363256454,
        "var": 27.3909091949
    },
    "erbbands_skewness": {
        "dmean": 0.591329097748,
        "dmean2": 0.868588447571,
        "dvar": 0.40727353096,
        "dvar2": 0.813173353672,
        "max": 5.4877038002,
        "mean": 1.42695605755,
        "median": 1.57032835484,
        "min": -4.06866073608,
        "stdev": 1.26301264763,
        "var": 1.59520089626
    },
    "erbbands_spread": {
        "dmean": 18.1424198151,
        "dmean2": 27.745639801,
        "dvar": 596.85760498,
        "dvar2": 1271.12646484,
        "max": 178.451797485,
        "mean": 44.2151908875,
        "median": 34.49061203,
        "min": 4.27572011948,
        "stdev": 33.6471443176,
        "var": 1132.13024902
    },
    "hfc": {
        "dmean": 13.5611248016,
        "dmean2": 20.5426177979,
        "dvar": 897.073425293,
        "dvar2": 2300.94335938,
        "max": 303.757385254,
        "mean": 21.6052322388,
        "median": 12.2025671005,
        "min": 1.13569383474e-16,
        "stdev": 30.7587509155,
        "var": 946.100708008
    },
    "loudness_ebu128": {
        "integrated": -12.8551483154,
        "loudness_range": 5.57577133179,
        "momentary": {
            "dmean": 0.725906908512,
            "dmean2": 0.768003821373,
            "dvar": 1.48029696941,
            "dvar2": 1.74809098244,
            "max": -8.49870300293,
            "mean": -14.081319809,
            "median": -13.4939107895,
            "min": -50.2812805176,
            "stdev": 4.46752405167,
            "var": 19.9587726593
        },
        "short_term": {
            "dmean": 0.099761724472,
            "dmean2": 0.0864055901766,
            "dvar": 0.00774722266942,
            "dvar2": 0.00591535400599,
            "max": -9.99538421631,
            "mean": -13.3103876114,
            "median": -13.8995790482,
            "min": -18.2953910828,
            "stdev": 1.98773527145,
            "var": 3.95109128952
        }
    },
    "melbands_crest": {
        "dmean": 3.08223581314,
        "dmean2": 4.87468004227,
        "dvar": 8.56681442261,
        "dvar2": 20.7439842224,
        "max": 29.3973922729,
        "mean": 15.2575721741,
        "median": 14.8667125702,
        "min": 2.63127040863,
        "stdev": 4.69441509247,
        "var": 22.037530899
    },
    "melbands_flatness_db": {
        "dmean": 0.0343407951295,
        "dmean2": 0.0490607880056,
        "dvar": 0.0012003359152,
        "dvar2": 0.00243265647441,
        "max": 0.546072781086,
        "mean": 0.277484506369,
        "median": 0.27881538868,
        "min": 0.00625887792557,
        "stdev": 0.084010399878,
        "var": 0.00705774687231
    },
    "melbands_kurtosis": {
        "dmean": 19.9223155975,
        "dmean2": 30.9129333496,
        "dvar": 926.527282715,
        "dvar2": 2189.09082031,
        "max": 352.822814941,
        "mean": 38.0975151062,
        "median": 26.8322486877,
        "min": -1.85653436184,
        "stdev": 39.6825523376,
        "var": 1574.70495605
    },
    "melbands_skewness": {
        "dmean": 1.2331751585,
        "dmean2": 1.84615588188,
        "dvar": 2.16075539589,
        "dvar2": 4.77018547058,
        "max": 15.9709177017,
        "mean": 4.01271247864,
        "median": 3.71688771248,
        "min": -2.46945238113,
        "stdev": 2.29976463318,
        "var": 5.28891706467
    },
    "melbands_spread": {
        "dmean": 7.04013872147,
        "dmean2": 10.4434700012,
        "dvar": 384.252593994,
        "dvar2": 682.383850098,
        "max": 254.777984619,
        "mean": 15.6702613831,
        "median": 6.37621068954,
        "min": 0.509028077126,
        "stdev": 34.1483154297,
        "var": 1166.10754395
    },
    "pitch_salience": {
        "dmean": 0.0703439041972,
        "dmean2": 0.111498869956,
        "dvar": 0.00503721134737,
        "dvar2": 0.0120181655511,
        "max": 0.845682680607,
        "mean": 0.538600921631,
        "median": 0.545648932457,
        "min": 0.117547228932,
        "stdev": 0.121326982975,
        "var": 0.0147202368826
    },
    "silence_rate_20dB": {
        "dmean": 0,
        "dmean2": 0,
        "dvar": 0,
        "dvar2": 0,
        "max": 1,
        "mean": 1,
        "median": 1,
        "min": 1,
        "stdev": 0,
        "var": 0
    },
    "silence_rate_30dB": {
        "dmean": 0.0247678011656,
        "dmean2": 0.0495739728212,
        "dvar": 0.0241548344493,
        "dvar2": 0.057960037142,
        "max": 1,
        "mean": 0.965197205544,
        "median": 1,
        "min": 0,
        "stdev": 0.1832831949,
        "var": 0.0335927307606
    },
    "silence_rate_60dB": {
        "dmean": 0.0239938087761,
        "dmean2": 0.0480247884989,
        "dvar": 0.0234183575958,
        "dvar2": 0.0565624795854,
        "max": 1,
        "mean": 0.0595514290035,
        "median": 0,
        "min": 0,
        "stdev": 0.236656159163,
        "var": 0.0560061410069
    },
    "spectral_centroid": {
        "dmean": 210.799301147,
        "dmean2": 313.442901611,
        "dvar": 242125.796875,
        "dvar2": 415813.8125,
        "max": 10975.8242188,
        "mean": 740.347412109,
        "median": 462.952728271,
        "min": 141.469802856,
        "stdev": 941.134277344,
        "var": 885733.6875
    },
    "spectral_complexity": {
        "dmean": 1.79179561138,
        "dmean2": 2.78233933449,
        "dvar": 4.81502151489,
        "dvar2": 10.8597154617,
        "max": 35,
        "mean": 8.56689834595,
        "median": 8,
        "min": 0,
        "stdev": 4.16049480438,
        "var": 17.309715271
    },
    "spectral_decrease": {
        "dmean": 3.36724648164e-09,
        "dmean2": 5.30078647643e-09,
        "dvar": 3.51696516942e-17,
        "dvar2": 9.80213327215e-17,
        "max": -3.9065472714e-29,
        "mean": -8.22371948317e-09,
        "median": -6.39054320573e-09,
        "min": -8.7939234561e-08,
        "stdev": 8.28927504415e-09,
        "var": 6.87120736874e-17
    },
    "spectral_energy": {
        "dmean": 0.0134997777641,
        "dmean2": 0.0211791247129,
        "dvar": 0.000545431801584,
        "dvar2": 0.00150713161565,
        "max": 0.338528901339,
        "mean": 0.0329978689551,
        "median": 0.0257176533341,
        "min": 1.04489899264e-20,
        "stdev": 0.032457947731,
        "var": 0.00105351826642
    },
    "spectral_energyband_high": {
        "dmean": 0.00120140728541,
        "dmean2": 0.00183288776316,
        "dvar": 8.57700433698e-06,
        "dvar2": 2.20380516112e-05,
        "max": 0.0325339660048,
        "mean": 0.00141019513831,
        "median": 0.00032279320294,
        "min": 7.31385262022e-21,
        "stdev": 0.00297844270244,
        "var": 8.87112128112e-06
    },
    "spectral_energyband_low": {
        "dmean": 0.00654590548947,
        "dmean2": 0.0109222400934,
        "dvar": 0.000349412875948,
        "dvar2": 0.0010713665979,
        "max": 0.281422793865,
        "mean": 0.0115762883797,
        "median": 0.00461684120819,
        "min": 4.19345930104e-23,
        "stdev": 0.023285780102,
        "var": 0.000542227586266
    },
    "spectral_energyband_middle_high": {
        "dmean": 0.000403826648835,
        "dmean2": 0.000565977650695,
        "dvar": 6.87503415975e-07,
        "dvar2": 1.42037924888e-06,
        "max": 0.0158029031008,
        "mean": 0.000993731897324,
        "median": 0.000443417200586,
        "min": 1.67628807466e-21,
        "stdev": 0.00160110997967,
        "var": 2.56355315287e-06
    },
    "spectral_energyband_middle_low": {
        "dmean": 0.00925851427019,
        "dmean2": 0.0141178648919,
        "dvar": 0.000190427177586,
        "dvar2": 0.000452701904578,
        "max": 0.153234019876,
        "mean": 0.0212939083576,
        "median": 0.0169575642794,
        "min": 3.07865173518e-22,
        "stdev": 0.0193440299481,
        "var": 0.000374191527953
    },
    "spectral_entropy": {
        "dmean": 0.332112818956,
        "dmean2": 0.460420101881,
        "dvar": 0.117400340736,
        "dvar2": 0.225443780422,
        "max": 9.80142116547,
        "mean": 7.02581596375,
        "median": 6.98089170456,
        "min": 5.2733540535,
        "stdev": 0.732252061367,
        "var": 0.536193072796
    },
    "spectral_flux": {
        "dmean": 0.0302399080247,
        "dmean2": 0.0461489036679,
        "dvar": 0.00120034697466,
        "dvar2": 0.00267982576042,
        "max": 0.380937367678,
        "mean": 0.0816610828042,
        "median": 0.0695437416434,
        "min": 6.58980439661e-11,
        "stdev": 0.0596280321479,
        "var": 0.00355550204404
    },
    "spectral_kurtosis": {
        "dmean": 2.63239884377,
        "dmean2": 3.99590206146,
        "dvar": 10.8572502136,
        "dvar2": 26.3295288086,
        "max": 56.1457862854,
        "mean": 5.60872459412,
        "median": 3.57421970367,
        "min": -1.29629254341,
        "stdev": 6.68869829178,
        "var": 44.7386817932
    },
    "spectral_rms": {
        "dmean": 0.00103178608697,
        "dmean2": 0.00154468824621,
        "dvar": 1.66457891737e-06,
        "dvar2": 4.0815907596e-06,
        "max": 0.0181733891368,
        "mean": 0.00510737998411,
        "median": 0.00500903138891,
        "min": 3.19282577807e-12,
        "stdev": 0.00247138459235,
        "var": 6.10774168308e-06
    },
    "spectral_rolloff": {
        "dmean": 737.063781738,
        "dmean2": 1303.00256348,
        "dvar": 4397009,
        "dvar2": 9815592,
        "max": 18712.3535156,
        "mean": 1330.3482666,
        "median": 473.73046875,
        "min": 86.1328125,
        "stdev": 2643.84277344,
        "var": 6989904
    },
    "spectral_skewness": {
        "dmean": 0.40606841445,
        "dmean2": 0.579901874065,
        "dvar": 0.169508829713,
        "dvar2": 0.352995991707,
        "max": 6.17959880829,
        "mean": 1.96350765228,
        "median": 1.83169448376,
        "min": -0.243392795324,
        "stdev": 0.9289701581,
        "var": 0.862985551357
    },
    "spectral_spread": {
        "dmean": 1708484.125,
        "dmean2": 2289924.25,
        "dvar": 3.85822543053e+12,
        "dvar2": 6.51398427443e+12,
        "max": 39583464,
        "mean": 7089716.5,
        "median": 6519915,
        "min": 1515871.75,
        "stdev": 3522436.5,
        "var": 1.24075596841e+13
    },
    "spectral_strongpeak": {
        "dmean": 0.405823081732,
        "dmean2": 0.671165108681,
        "dvar": 0.317914426327,
        "dvar2": 0.815301656723,
        "max": 4.88625144958,
        "mean": 0.842190682888,
        "median": 0.641875326633,
        "min": 0,
        "stdev": 0.726062893867,
        "var": 0.527167320251
    },
    "zerocrossingrate": {
        "dmean": 0.0205301102251,
        "dmean2": 0.0228455867618,
        "dvar": 0.000794360996224,
        "dvar2": 0.000765467470046,
        "max": 0.49365234375,
        "mean": 0.0639769285917,
        "median": 0.041015625,
        "min": 0.00390625,
        "stdev": 0.0685319304466,
        "var": 0.00469662528485
    },
    "barkbands": {
        "dmean": [5.31804871571e-05, 0.00393304834142, 0.00193120469339, 0.00386096746661, 0.00415204232559, 0.0019138114294, 0.00195069727488, 0.000548643467482, 0.000490614562295, 7.46016230551e-05, 7.63558418839e-05, 8.49559291964e-05, 0.000106657309516, 6.13586453255e-05, 6.59915531287e-05, 3.9812282921e-05, 3.46028500644e-05, 1.27807197714e-05, 3.69890185539e-05, 3.58205361408e-05, 5.59588952456e-05, 9.94340298348e-05, 0.000138826144394, 0.000331582967192, 0.000418925628765, 0.00021020208078, 1.33283028845e-05],
        "dmean2": [9.42174447118e-05, 0.00679564988241, 0.00298475450836, 0.00608061533421, 0.00678413268179, 0.00290491711348, 0.00287130102515, 0.000814758008346, 0.000687595747877, 0.000116177128803, 0.000120880482427, 0.000127868741401, 0.000162022988661, 9.29075395106e-05, 9.69945540419e-05, 6.01838619332e-05, 5.39927641512e-05, 2.09676982195e-05, 5.47673880646e-05, 5.72923454456e-05, 8.79571161931e-05, 0.000149630694068, 0.000205178483156, 0.000539523724001, 0.000661703001242, 0.00032496030326, 2.18939530896e-05],
        "dvar": [9.82274528383e-08, 0.000242216949118, 2.63808888121e-05, 6.6048836743e-05, 4.62696480099e-05, 1.46226411744e-05, 1.98015986825e-05, 1.92055449588e-06, 1.26028794512e-06, 4.24864801118e-08, 4.01292616914e-08, 9.10176396474e-08, 1.73342485255e-07, 3.0634097925e-08, 3.04363290127e-08, 5.78524161909e-09, 5.63588598013e-09, 1.31698252304e-09, 7.71009744938e-09, 1.02011554759e-08, 2.39994584206e-08, 4.63661642414e-08, 9.08763411189e-08, 1.18610159916e-06, 1.13157250325e-06, 2.60041701949e-07, 2.6376802964e-09],
        "dvar2": [2.77030125062e-07, 0.00081455957843, 6.41596343485e-05, 0.00016275960661, 0.000124923186377, 2.93473985948e-05, 3.89510387322e-05, 3.99405644202e-06, 2.74367312159e-06, 9.05014587715e-08, 1.00350867172e-07, 1.7465058022e-07, 4.18218576215e-07, 6.63245103283e-08, 6.24820373218e-08, 1.18766045887e-08, 1.38384725901e-08, 3.57484042368e-09, 1.54644563821e-08, 2.51236027538e-08, 5.963456573e-08, 1.07452223119e-07, 2.01506779263e-07, 3.23880340147e-06, 2.9745840493e-06, 6.21486151431e-07, 6.25347507111e-09],
        "max": [0.00626550288871, 0.227960318327, 0.11782386899, 0.0980007648468, 0.068232640624, 0.0642505735159, 0.0720492228866, 0.0219342317432, 0.0182501431555, 0.00318989437073, 0.00332921650261, 0.00700100930408, 0.00847831182182, 0.00414966139942, 0.00265957089141, 0.00117066130042, 0.0010396229336, 0.000503327115439, 0.00153425068129, 0.00229349546134, 0.00206969375722, 0.00221185176633, 0.00295476941392, 0.0204087924212, 0.0130668981001, 0.00461887894198, 0.000973426096607],
        "mean": [6.83806865709e-05, 0.00569789484143, 0.00354850967415, 0.00526114366949, 0.00747371464968, 0.00340067176148, 0.00343544059433, 0.000852565455716, 0.00083606998669, 0.000123488396639, 0.000151339336298, 0.000168700193171, 0.000146608770592, 8.40343927848e-05, 0.000107576852315, 6.9206187618e-05, 5.45431030332e-05, 1.82434978342e-05, 6.0934733483e-05, 5.1236784202e-05, 7.35500580049e-05, 0.000151197731611, 0.000196607550606, 0.000340172526194, 0.000417149160057, 0.000197590270545, 1.13512332973e-05],
        "median": [2.34522462961e-06, 0.000342856394127, 0.00136834220029, 0.00175830931403, 0.00468188803643, 0.00113335286733, 0.000936126336455, 0.000202271767193, 0.00028594295145, 2.90419047815e-05, 4.34989342466e-05, 3.21289808198e-05, 2.35413699556e-05, 1.5172867279e-05, 1.68002952705e-05, 1.42912376759e-05, 1.83038555406e-05, 8.70577150636e-06, 1.4396710867e-05, 1.45400072142e-05, 1.2640971363e-05, 3.24358443322e-05, 4.82207105961e-05, 5.55792030354e-05, 5.78442486585e-05, 1.51585309141e-05, 4.34121943726e-07],
        "min": [3.80389951232e-24, 1.06022763667e-23, 1.02314060339e-23, 1.15226135635e-23, 6.60754311834e-23, 3.34272614176e-23, 1.36218008313e-23, 3.20046675264e-23, 5.08558588529e-23, 4.72555008369e-23, 1.05857352157e-22, 5.82657776415e-23, 5.3429978251e-23, 4.06182081961e-23, 1.12031047021e-22, 9.66761976667e-23, 9.21359560584e-23, 2.73638177537e-22, 2.60683415399e-22, 3.59059747156e-22, 2.82589489514e-22, 5.17931385732e-22, 5.96197797614e-22, 7.50886984023e-22, 1.00812687642e-21, 1.54860034748e-21, 2.25400355546e-21],
        "stdev": [0.00026568811154, 0.0167444739491, 0.00673383940011, 0.00945589970797, 0.00853435322642, 0.00613240431994, 0.00636414112523, 0.00191878818441, 0.00156199804042, 0.00030416098889, 0.000332813913701, 0.00063484365819, 0.000510222744197, 0.000219978333917, 0.000285367452307, 0.00011703002383, 9.56451331149e-05, 3.51625640178e-05, 0.0001462312066, 0.000119240721688, 0.000186433069757, 0.000309516151901, 0.000403925980208, 0.000983742182143, 0.000982898985967, 0.000502970360685, 4.97514811286e-05],
        "var": [7.05901683773e-08, 0.000280377396848, 4.53445936728e-05, 8.94140393939e-05, 7.28351878934e-05, 3.76063835574e-05, 4.05022910854e-05, 3.68174801224e-06, 2.43983777182e-06, 9.25139076458e-08, 1.10765093098e-07, 4.03026461981e-07, 2.60327226442e-07, 4.83904685211e-08, 8.14345852973e-08, 1.36960265351e-08, 9.14799169749e-09, 1.2364059776e-09, 2.13835669172e-08, 1.42183491647e-08, 3.47572886028e-08, 9.58002459583e-08, 1.63156187227e-07, 9.67748746916e-07, 9.66090397014e-07, 2.52979191373e-07, 2.47521003693e-09]
    },
    "erbbands": {
        "dmean": [0.0586494766176, 1.04533517361, 2.32113456726, 7.23725271225, 17.239572525, 12.2029533386, 9.13266277313, 18.8258876801, 27.6551704407, 19.1658191681, 12.8430395126, 10.6195440292, 4.71010971069, 3.02852845192, 2.30872440338, 3.52790427208, 4.59771728516, 3.52922725677, 2.58788323402, 2.69692730904, 2.19442391396, 1.71764397621, 0.715433716774, 1.07617902756, 2.20729517937, 1.50544834137, 1.60879766941, 2.81610894203, 3.54243063927, 3.81188440323, 4.39815282822, 6.31159353256, 5.55125331879, 4.85783100128, 2.93514585495, 1.20579957962, 0.331583440304, 0.0502359382808, 0.00150755397044, 5.57197090529e-05],
        "dmean2": [0.10185918957, 1.79967153072, 3.70842504501, 11.4428339005, 28.1207122803, 19.6744251251, 14.4933643341, 28.2214126587, 40.7601928711, 27.8055744171, 18.6750030518, 14.7446928024, 6.71408510208, 4.64194297791, 3.56203818321, 5.37373542786, 6.79240369797, 5.17052364349, 3.7682890892, 3.7770626545, 3.20023202896, 2.61183786392, 1.16192066669, 1.67346346378, 3.25220036507, 2.4083635807, 2.42022776604, 4.40420198441, 5.33749198914, 5.56787204742, 6.65462589264, 10.0867023468, 9.13868808746, 7.86219501495, 4.59473848343, 1.86763930321, 0.516706347466, 0.0786092504859, 0.00241343164816, 8.65880720085e-05],
        "dvar": [0.0624929964542, 16.9098854065, 42.6096305847, 237.905960083, 981.404052734, 467.810668945, 363.213226318, 1689.93444824, 4300.98193359, 1515.78442383, 1220.36206055, 669.229614258, 165.153289795, 65.2964553833, 31.6380252838, 184.463027954, 289.960174561, 112.504623413, 36.0497055054, 51.0686378479, 17.6530609131, 14.4675168991, 3.56881666183, 8.71502017975, 28.8065319061, 22.7741775513, 18.5835437775, 56.6616668701, 59.5468673706, 77.6068496704, 128.670333862, 581.445983887, 275.792419434, 194.164901733, 49.3642921448, 8.60140037537, 0.73513096571, 0.0196463093162, 2.39866949414e-05, 1.60926703074e-08],
        "dvar2": [0.188897326589, 57.2565460205, 115.627227783, 561.29119873, 2561.29174805, 1153.83959961, 832.222045898, 3295.84790039, 8725.07324219, 3173.72558594, 2563.39282227, 1453.11450195, 362.764526367, 155.743728638, 76.5132293701, 362.363739014, 695.344299316, 237.887374878, 83.5579528809, 88.3896026611, 35.8312797546, 35.7129211426, 9.68756771088, 21.2997970581, 56.6528358459, 57.7908287048, 41.9869499207, 142.923919678, 142.343490601, 186.323791504, 302.38961792, 1548.01000977, 772.326171875, 531.438781738, 124.915885925, 20.8898715973, 1.79907429218, 0.0463458746672, 6.00460116402e-05, 3.88888885539e-08],
        "max": [3.64553356171, 59.5448150635, 115.027099609, 189.84375, 334.639648438, 324.234466553, 250.685302734, 782.649353027, 988.925720215, 568.456237793, 690.553588867, 460.818511963, 277.586242676, 147.897888184, 91.6127166748, 332.032165527, 316.300964355, 234.868011475, 92.0753631592, 162.736953735, 77.70703125, 52.2849273682, 24.0248680115, 50.7446479797, 96.8460693359, 119.828605652, 68.891166687, 97.4139022827, 92.5121688843, 119.35900116, 202.005752563, 570.795715332, 195.324234009, 210.141555786, 65.0431289673, 31.7095317841, 9.66260623932, 2.42275238037, 0.0712780505419, 0.00167659309227],
        "mean": [0.0990469381213, 1.50720608234, 4.26800537109, 11.0866117477, 25.4575061798, 24.4675273895, 17.187833786, 33.4437522888, 45.9027366638, 35.9240608215, 20.4512004852, 18.1179962158, 8.03434467316, 6.24347162247, 4.46739864349, 6.87832832336, 7.0017490387, 5.38601922989, 4.24458789825, 4.94755935669, 4.11645174026, 2.929915905, 1.12245893478, 1.70832121372, 3.79794216156, 2.26069092751, 2.15174102783, 3.76933860779, 5.2539525032, 5.53972148895, 5.95387077332, 6.75612211227, 5.60727214813, 4.81673955917, 2.829185009, 1.14920961857, 0.2966760993, 0.0462654344738, 0.00135240203235, 7.96793683548e-05],
        "median": [0.00301114935428, 0.140773996711, 1.63270223141, 4.18081474304, 11.8294534683, 14.0527772903, 8.93486595154, 10.2019395828, 12.5329265594, 15.5325260162, 7.12996673584, 6.39208984375, 2.19469022751, 1.62120401859, 1.54751610756, 1.36959600449, 1.25535035133, 0.932173252106, 0.823659777641, 0.952422142029, 1.01310324669, 1.02871525288, 0.557652890682, 0.528937399387, 0.870608448982, 0.652893781662, 0.447747260332, 0.676816701889, 1.06940150261, 1.21244466305, 1.42365312576, 1.22329306602, 0.916323006153, 0.756892621517, 0.307540565729, 0.08454092592, 0.0209009088576, 0.00314461346716, 9.62318808888e-05, 4.00061944674e-05],
        "min": [1.21209803374e-22, 2.66991546045e-21, 9.67745094255e-21, 2.95468559375e-20, 1.01937583401e-19, 1.69281594705e-19, 9.20000164675e-20, 3.29979691291e-19, 3.06401243972e-19, 4.59240026139e-19, 1.02376742635e-18, 8.30885037529e-19, 1.34273643896e-18, 2.88963304722e-18, 3.08271023708e-18, 2.29172394621e-18, 2.35261002276e-18, 2.83642486112e-18, 4.68677184991e-18, 7.20195553667e-18, 7.46020545981e-18, 4.97168511292e-18, 1.21029650973e-17, 1.46634125208e-17, 1.68107485755e-17, 1.58679645093e-17, 1.51456257306e-17, 1.1652255061e-17, 1.78283263128e-17, 2.25042558928e-17, 1.38669765572e-17, 1.5028859261e-17, 1.24523289649e-17, 9.55427439186e-18, 8.20425772953e-18, 5.22186464841e-18, 2.86531600517e-18, 1.41925829705e-18, 3.08191909053e-19, 3.00151500241e-20],
        "stdev": [0.286886453629, 4.40773296356, 8.77986526489, 19.3186187744, 36.5079879761, 30.6433525085, 25.8264751434, 66.920753479, 92.5880966187, 55.5358963013, 45.089805603, 35.1560516357, 17.9275188446, 14.6260471344, 8.60064888, 26.0131969452, 22.1035404205, 15.6430368423, 8.54091835022, 11.6795434952, 6.70040273666, 4.92958688736, 1.93243050575, 4.00181341171, 8.91211605072, 5.44201087952, 5.62919425964, 9.10751724243, 10.8567895889, 11.6407651901, 13.5852365494, 22.492067337, 14.4960956573, 12.3242845535, 6.70213937759, 2.8672645092, 0.819496393204, 0.13881149888, 0.00455912156031, 0.000130256798002],
        "var": [0.0823038369417, 19.4281101227, 77.0860290527, 373.20904541, 1332.83312988, 939.015014648, 667.006835938, 4478.38769531, 8572.55566406, 3084.2355957, 2033.0904541, 1235.94799805, 321.395965576, 213.921264648, 73.9711532593, 676.686462402, 488.566467285, 244.704605103, 72.9472808838, 136.411743164, 44.8953971863, 24.3008289337, 3.7342877388, 16.0145111084, 79.425819397, 29.615480423, 31.6878299713, 82.9468765259, 117.869888306, 135.507415771, 184.558639526, 505.893127441, 210.136795044, 151.887985229, 44.918674469, 8.22120571136, 0.671574294567, 0.0192686337978, 2.07855882763e-05, 1.69668332717e-08]
    },
    "gfcc": {
        "mean": [-41.2553024292, 82.9099273682, -62.6617240906, 21.1879863739, -79.3392868042, 8.81613254547, -57.9250183105, 2.80815863609, -28.3733043671, 0.427266687155, -21.9314575195, -4.17606115341, -16.9309692383],
        "cov": [[13821.2460938, -1293.8536377, 1146.63098145, 660.713806152, -361.207733154, 537.848144531, -546.661682129, 293.77633667, -57.6364173889, 348.565795898, -331.361328125, 16.6809673309, -364.516479492], [-1293.8536377, 2100.31201172, -179.847167969, -210.520996094, 332.387359619, -191.897079468, 313.149536133, -9.03626441956, 159.200195312, -196.586654663, 202.816314697, -31.2312545776, 114.386268616], [1146.63098145, -179.847167969, 1205.51318359, 297.833496094, 294.172851562, 303.086273193, 130.792068481, 206.256744385, 3.58706307411, 136.683990479, -62.046131134, 66.928024292, -36.5781745911], [660.713806152, -210.520996094, 297.833496094, 596.985168457, 129.501602173, 156.122955322, -9.7458896637, 21.5711250305, 102.001968384, 39.9330024719, -47.9353675842, -33.277973175, 35.7029571533], [-361.207733154, 332.387359619, 294.172851562, 129.501602173, 417.678649902, 106.887550354, 119.229721069, 100.629478455, 57.979724884, 43.8900909424, 9.53774929047, 15.1170873642, 19.9017276764], [537.848144531, -191.897079468, 303.086273193, 156.122955322, 106.887550354, 322.870025635, 168.726715088, 119.679237366, -9.6989107132, 76.8937149048, 1.28279066086, 13.8654079437, -36.941078186], [-546.661682129, 313.149536133, 130.792068481, -9.7458896637, 119.229721069, 168.726715088, 418.612854004, 113.206138611, -8.67177295685, 3.54149413109, 92.3776855469, 40.0200576782, 5.78347682953], [293.77633667, -9.03626441956, 206.256744385, 21.5711250305, 100.629478455, 119.679237366, 113.206138611, 161.366531372, 15.5986690521, 49.7460212708, 4.09725475311, 22.1578216553, -19.9970016479], [-57.6364173889, 159.200195312, 3.58706307411, 102.001968384, 57.979724884, -9.6989107132, -8.67177295685, 15.5986690521, 170.657928467, 29.2855529785, 16.4912395477, -18.7841949463, 29.2925033569], [348.565795898, -196.586654663, 136.683990479, 39.9330024719, 43.8900909424, 76.8937149048, 3.54149413109, 49.7460212708, 29.2855529785, 131.35736084, 1.50482106209, 16.4674816132, -21.7761974335], [-331.361328125, 202.816314697, -62.046131134, -47.9353675842, 9.53774929047, 1.28279066086, 92.3776855469, 4.09725475311, 16.4912395477, 1.50482106209, 109.378166199, 20.9029941559, 6.35202598572], [16.6809673309, -31.2312545776, 66.928024292, -33.277973175, 15.1170873642, 13.8654079437, 40.0200576782, 22.1578216553, -18.7841949463, 16.4674816132, 20.9029941559, 75.500038147, 2.71510648727], [-364.516479492, 114.386268616, -36.5781745911, 35.7029571533, 19.9017276764, -36.941078186, 5.78347682953, -19.9970016479, 29.2925033569, -21.7761974335, 6.35202598572, 2.71510648727, 83.3161621094]],
        "icov": [[0.000141049938975, -0.000192291437997, -3.51730304828e-05, -0.000237947882852, 0.000405480910558, -0.000243016707827, 0.000357468932634, -0.000327859772369, 0.000176780944457, -0.000355966069037, 0.000345871638274, -0.000305908790324, 0.000487928802613], [-0.000192291437997, 0.00169721140992, -0.000182175077498, 0.00102676427923, -0.00182857818436, 0.00114267005119, -0.00130072899628, 0.000786590448115, -0.00155923049897, 0.00258211861365, -0.00222339783795, 0.00167863175739, -0.00113099068403], [-3.51730304828e-05, -0.000182175077498, 0.00160202325787, -0.000593586009927, -0.000482377188746, -0.000526746327523, 7.30992178433e-05, -0.000894592725672, 0.000531502591912, -0.000774751708377, 0.0010692452779, -0.0013374252012, 0.000288513663691], [-0.000237947882852, 0.00102676427923, -0.000593586009927, 0.00363215571269, -0.00158226443455, -0.00102639291435, -0.000547642994206, 0.0019639688544, -0.00255872146226, 0.00200360454619, -0.000720984069631, 0.00203679362312, -0.00242363917641], [0.000405480910558, -0.00182857818436, -0.000482377188746, -0.00158226443455, 0.00572608876973, -0.00127885316033, 0.00119976769201, -0.00234887353145, 0.000988098443486, -0.00301225227304, 0.0024212191347, -0.00177418545354, 0.000907427689526], [-0.000243016707827, 0.00114267005119, -0.000526746327523, -0.00102639291435, -0.00127885316033, 0.00821416452527, -0.00353929470293, -0.00147250306327, 0.000635412463453, -0.000748739636037, -0.00110646244138, 0.00218807184137, 0.00101029220968], [0.000357468932634, -0.00130072899628, 7.30992178433e-05, -0.000547642994206, 0.00119976769201, -0.00353929470293, 0.00634850608185, -0.00306967226788, 0.00161915179342, -0.000200843933271, -0.00187940278556, -0.00201685423963, 0.000170471495949], [-0.000327859772369, 0.000786590448115, -0.000894592725672, 0.0019639688544, -0.00234887353145, -0.00147250306327, -0.00306967226788, 0.012758044526, -0.00274697248824, -3.44922991644e-05, 0.000669709290378, -0.000193688843865, 0.000346700719092], [0.000176780944457, -0.00155923049897, 0.000531502591912, -0.00255872146226, 0.000988098443486, 0.000635412463453, 0.00161915179342, -0.00274697248824, 0.0101500768214, -0.00490093743429, -0.000344305823091, 0.00108819070738, -0.00134080345742], [-0.000355966069037, 0.00258211861365, -0.000774751708377, 0.00200360454619, -0.00301225227304, -0.000748739636037, -0.000200843933271, -3.44922991644e-05, -0.00490093743429, 0.0152119370177, -0.00451708678156, 0.000282711349428, 0.000126236249343], [0.000345871638274, -0.00222339783795, 0.0010692452779, -0.000720984069631, 0.0024212191347, -0.00110646244138, -0.00187940278556, 0.000669709290378, -0.000344305823091, -0.00451708678156, 0.017021253705, -0.00564271211624, 0.0023930221796], [-0.000305908790324, 0.00167863175739, -0.0013374252012, 0.00203679362312, -0.00177418545354, 0.00218807184137, -0.00201685423963, -0.000193688843865, 0.00108819070738, 0.000282711349428, -0.00564271211624, 0.0190889835358, -0.00411608535796], [0.000487928802613, -0.00113099068403, 0.000288513663691, -0.00242363917641, 0.000907427689526, 0.00101029220968, 0.000170471495949, 0.000346700719092, -0.00134080345742, 0.000126236249343, 0.0023930221796, -0.00411608535796, 0.0176138784736]]
    },
    "melbands": {
        "dmean": [0.000811663281638, 0.00129730114713, 0.0015294412151, 0.00103398959618, 0.000333276781021, 0.000411475833971, 0.000423343008151, 0.00018484130851, 0.000103658079752, 6.67675340082e-05, 2.26405409194e-05, 1.20009171951e-05, 8.32837122289e-06, 8.25469578558e-06, 1.07192799987e-05, 1.204255841e-05, 5.80086316404e-06, 3.92990568798e-06, 5.89049886912e-06, 2.6194873044e-06, 2.90635443889e-06, 2.22467906497e-06, 7.07785261511e-07, 6.06114042512e-07, 8.84431074155e-07, 1.72259751707e-06, 1.48949527556e-06, 9.95023697214e-07, 9.45297472299e-07, 1.27365410663e-06, 1.82084318112e-06, 2.03346280614e-06, 2.08725850825e-06, 2.22560697694e-06, 2.43222643803e-06, 3.41747158927e-06, 4.01739453082e-06, 3.67202687812e-06, 4.30632826465e-06, 4.15475005866e-06],
        "dmean2": [0.00141259096563, 0.00217041722499, 0.00240451283753, 0.00169027911033, 0.000532528560143, 0.000613781972788, 0.00062471779529, 0.000268411793513, 0.000151999862283, 9.28642839426e-05, 3.2408246625e-05, 1.84955079021e-05, 1.31211754706e-05, 1.24076323118e-05, 1.62160922628e-05, 1.79242560989e-05, 8.65148285811e-06, 5.89365708947e-06, 8.32608475321e-06, 3.87411500924e-06, 4.27699797001e-06, 3.41861073139e-06, 1.14208626201e-06, 1.01312775769e-06, 1.40275028571e-06, 2.53836810771e-06, 2.27936743613e-06, 1.64126868185e-06, 1.4317276964e-06, 1.98606630875e-06, 2.9047400858e-06, 3.17161538987e-06, 3.14726116812e-06, 3.32536706082e-06, 3.68473206436e-06, 5.50492404727e-06, 6.42789837002e-06, 6.09540074947e-06, 7.22579989088e-06, 6.72049009154e-06],
        "dvar": [1.07806208689e-05, 1.65076562553e-05, 8.80609240994e-06, 2.88446449304e-06, 4.24976434488e-07, 7.13632289262e-07, 9.35053435569e-07, 1.33750262421e-07, 8.93538256719e-08, 2.78451341984e-08, 4.02048527803e-09, 1.02968922278e-09, 4.09812239699e-10, 6.30088203835e-10, 3.03286218362e-09, 2.46092479728e-09, 2.83367995735e-10, 9.86183357199e-11, 2.72231764908e-10, 3.25879878638e-11, 3.41174553886e-11, 2.49892814774e-11, 2.6559494621e-12, 3.12399650419e-12, 7.10718463248e-12, 2.09945325014e-11, 1.41216049271e-11, 1.18403984534e-11, 7.152760155e-12, 1.21018542409e-11, 2.3796789192e-11, 2.16856341911e-11, 2.10444231485e-11, 2.74603534356e-11, 3.32648041057e-11, 2.5447111085e-10, 1.77946823943e-10, 1.19048812475e-10, 1.80515102866e-10, 1.3848634739e-10],
        "dvar2": [3.49879046553e-05, 5.14702369401e-05, 2.1263886083e-05, 7.72247403802e-06, 1.01285183973e-06, 1.42715123275e-06, 1.88324190731e-06, 2.77667396631e-07, 1.86025062021e-07, 6.13877375599e-08, 8.76195116462e-09, 2.410486033e-09, 1.02395836254e-09, 1.26131027844e-09, 6.76506761721e-09, 5.78481307301e-09, 5.81685255518e-10, 2.38014746801e-10, 5.28260213351e-10, 6.71423958098e-11, 7.18343301509e-11, 6.19580428629e-11, 6.97349036155e-12, 8.54355735463e-12, 1.80025439001e-11, 4.08055048084e-11, 2.99782178248e-11, 3.11675268927e-11, 1.65514078138e-11, 2.91931374907e-11, 6.05877570337e-11, 5.32171147427e-11, 4.87888687783e-11, 6.5611585609e-11, 7.55091475457e-11, 6.86660117655e-10, 4.67142324823e-10, 3.33292615728e-10, 5.06442110471e-10, 3.75840220057e-10],
        "max": [0.0499804131687, 0.0636943727732, 0.0384342707694, 0.0170976389199, 0.00949500594288, 0.0154069047421, 0.0158832967281, 0.00501951109618, 0.00622093956918, 0.00314043927938, 0.00136559433304, 0.000552741694264, 0.000309459021082, 0.000595891091507, 0.00147040409502, 0.00117292662617, 0.000419637217419, 0.000166404846823, 0.000273713842034, 0.000134317728225, 9.41500984482e-05, 7.57982270443e-05, 2.46166346187e-05, 2.41235993599e-05, 4.9890284572e-05, 9.93553185253e-05, 5.1800358051e-05, 8.91147283255e-05, 4.73235086247e-05, 4.58700524177e-05, 5.83053697483e-05, 6.53561073705e-05, 6.54817340546e-05, 5.97531288804e-05, 7.62523995945e-05, 0.000418201816501, 0.000261421955656, 0.00012161093764, 0.000179338443559, 0.000185418030014],
        "mean": [0.00127823732328, 0.00221563014202, 0.00239471159875, 0.00184190378059, 0.000664789113216, 0.000728281738702, 0.000725220947061, 0.000344885746017, 0.000159631454153, 0.000114401598694, 3.71683054254e-05, 2.38857519435e-05, 1.61257739819e-05, 1.50543255586e-05, 1.82725507329e-05, 1.70240091393e-05, 8.46834609547e-06, 5.7809666032e-06, 9.83421796263e-06, 4.43348153567e-06, 5.01179374623e-06, 3.57686531061e-06, 1.13118062472e-06, 8.30777992178e-07, 1.27039857034e-06, 2.90945558845e-06, 2.30390423894e-06, 1.32665888941e-06, 1.20562992834e-06, 1.60089689416e-06, 2.37994527197e-06, 2.88320552499e-06, 3.08619223688e-06, 3.11479720949e-06, 3.34378592015e-06, 3.88130229112e-06, 4.17960472987e-06, 3.77712990485e-06, 4.05670698456e-06, 4.12405324823e-06],
        "median": [5.43290552741e-05, 0.000745783851016, 0.00119996163994, 0.00106043519918, 0.000402109581046, 0.000226344636758, 0.000211045902688, 0.000133405570523, 4.20554824814e-05, 3.56011114491e-05, 9.12552332011e-06, 5.7263346207e-06, 5.41127383258e-06, 3.94860580855e-06, 2.1779551389e-06, 2.34507888308e-06, 1.33112143885e-06, 1.08300537249e-06, 1.30635226014e-06, 1.0351805031e-06, 1.18573086638e-06, 1.14640477022e-06, 5.06055755523e-07, 3.86399932495e-07, 3.58369732112e-07, 5.93909589952e-07, 5.08899347551e-07, 3.56397038104e-07, 2.41240741161e-07, 2.46126489856e-07, 3.96724942675e-07, 5.19262755461e-07, 6.16963006905e-07, 6.5395471438e-07, 7.71162035562e-07, 6.91583750267e-07, 6.63413686652e-07, 5.767632274e-07, 5.88328248341e-07, 5.82437905905e-07],
        "min": [2.3467519358e-24, 4.40097255426e-24, 7.81237353433e-24, 9.30048863455e-24, 5.8637778412e-24, 8.43353286629e-24, 4.39135239552e-24, 5.21920353985e-24, 1.02860985493e-23, 4.70073496508e-24, 6.73828103616e-24, 1.14409901257e-23, 1.20706234015e-23, 8.72748531654e-24, 3.15634213346e-24, 6.06902722139e-24, 3.97681111743e-24, 6.98079344451e-24, 8.53674111624e-24, 5.44570680498e-24, 1.01131707725e-23, 5.04552121764e-24, 7.34764531987e-24, 1.29731851955e-23, 1.15315079702e-23, 1.00837147063e-23, 1.25607718697e-23, 9.81272126386e-24, 1.11272120231e-23, 6.25422809611e-24, 6.85366298761e-24, 9.02526453105e-24, 1.23731870574e-23, 1.1893554105e-23, 6.09374460014e-24, 1.05711581705e-23, 8.5376743387e-24, 8.42971399065e-24, 8.13932166966e-24, 7.87466514685e-24],
        "stdev": [0.00375184393488, 0.00484706833959, 0.00367472856306, 0.00215056957677, 0.000857816892676, 0.00137650058605, 0.00136967562139, 0.000527344294824, 0.000380759389373, 0.000228250108194, 8.80762381712e-05, 5.72134522372e-05, 3.15357465297e-05, 4.21360055043e-05, 8.23882000986e-05, 6.34876341792e-05, 2.50424982369e-05, 1.20058011817e-05, 2.78488460026e-05, 8.39046151668e-06, 8.71532029123e-06, 6.32571754977e-06, 1.86288662007e-06, 1.67142297869e-06, 3.44856266565e-06, 8.13966653368e-06, 5.21104311701e-06, 3.77331707568e-06, 3.41069721799e-06, 4.21777440351e-06, 5.82632083024e-06, 6.28163570582e-06, 6.42752320346e-06, 6.71769430483e-06, 7.28927079763e-06, 1.46791744555e-05, 1.26924815049e-05, 9.61352634476e-06, 1.14014183055e-05, 1.04944820123e-05],
        "var": [1.40763331729e-05, 2.34940707742e-05, 1.35036298161e-05, 4.62494926978e-06, 7.35849823741e-07, 1.89475395018e-06, 1.87601142443e-06, 2.78091988548e-07, 1.44977718719e-07, 5.20981124907e-08, 7.75742314829e-09, 3.27337912331e-09, 9.94503368545e-10, 1.77544290381e-09, 6.78781564289e-09, 4.03067978993e-09, 6.27126739428e-10, 1.44139256086e-10, 7.75558228749e-10, 7.03998456753e-11, 7.59568102859e-11, 4.00146998869e-11, 3.47034662292e-12, 2.79365463055e-12, 1.18925850071e-11, 6.62541757568e-11, 2.71549727149e-11, 1.42379216056e-11, 1.16328552693e-11, 1.77896222059e-11, 3.39460161369e-11, 3.94589499964e-11, 4.13130536725e-11, 4.51274156932e-11, 5.31334663767e-11, 2.1547816309e-10, 1.61099092399e-10, 9.24198842456e-11, 1.2999233634e-10, 1.10134144859e-10]
    },
    "melbands128": {
