{
"lowlevel": {
    "average_loudness": 0.978730857372,
    "barkbands_crest": {
        "dmean": 3.84485054016,
        "dmean2": 5.35967731476,
        "dvar": 13.1362304688,
        "dvar2": 26.1270847321,
        "max": 26.4906635284,
        "mean": 15.6252508163,
        "median": 14.8856773376,
        "min": 3.44418311119,
        "stdev": 5.66826581955,
        "var": 32.1292381287
    },
    "barkbands_flatness_db": {
        "dmean": 0.0434707589447,
        "dmean2": 0.058375120163,
        "dvar": 0.00197676755488,
        "dvar2": 0.00376660493203,
        "max": 0.518478572369,
        "mean": 0.215188041329,
        "median": 0.199058771133,
        "min": 0.0401468835771,
        "stdev": 0.079023629427,
        "var": 0.00624473392963
    },
    "barkbands_kurtosis": {
        "dmean": 24.9882774353,
        "dmean2": 35.9938850403,
        "dvar": 3383.14672852,
        "dvar2": 6044.27880859,
        "max": 970.671508789,
        "mean": 32.2489509583,
        "median": 6.38220214844,
        "min": -1.62588202953,
        "stdev": 83.2887268066,
        "var": 6937.01220703
    },
    "barkbands_skewness": {
        "dmean": 1.57480347157,
        "dmean2": 2.22845458984,
        "dvar": 4.00999927521,
        "dvar2": 7.6943025589,
        "max": 26.2287864685,
        "mean": 3.53949213028,
        "median": 2.33562374115,
        "min": -1.90836322308,
        "stdev": 3.34380888939,
        "var": 11.18105793
    },
    "barkbands_spread": {
        "dmean": 6.2039604187,
        "dmean2": 9.07600307465,
        "dvar": 70.5314178467,
        "dvar2": 161.095550537,
        "max": 91.1485061646,
        "mean": 14.1602773666,
        "median": 12.2447147369,
        "min": 0.176270797849,
        "stdev": 11.7284612656,
        "var": 137.556808472
    },
    "dissonance": {
        "dmean": 0.0292730946094,
        "dmean2": 0.0481895320117,
        "dvar": 0.000892811047379,
        "dvar2": 0.00224114232697,
        "max": 0.499999672174,
        "mean": 0.443313837051,
        "median": 0.449884712696,
        "min": 0.0649213641882,
        "stdev": 0.0382680892944,
        "var": 0.00146444654092
    },
    "dynamic_complexity": 2.27938103676,
    "erbbands_crest": {
        "dmean": 3.68349766731,
        "dmean2": 6.0016746521,
        "dvar": 9.99933052063,
        "dvar2": 23.49376297,
        "max": 27.0693283081,
        "mean": 10.5023612976,
        "median": 9.42199134827,
        "min": 2.73925805092,
        "stdev": 4.67190170288,
        "var": 21.8266639709
    },
    "erbbands_flatness_db": {
        "dmean": 0.0241920072585,
        "dmean2": 0.0365141965449,
        "dvar": 0.000498999841511,
        "dvar2": 0.00103417318314,
        "max": 0.287750929594,
        "mean": 0.161196276546,
        "median": 0.163673236966,
        "min": 0.0620079450309,
        "stdev": 0.0392450578511,
        "var": 0.00154017447494
    },
    "erbbands_kurtosis": {
        "dmean": 1.51161658764,
        "dmean2": 2.3110845089,
        "dvar": 3.94182538986,
        "dvar2": 8.86673259735,
        "max": 18.8975372314,
        "mean": 1.13883769512,
        "median": 0.287369251251,
        "min": -1.70640480518,
        "stdev": 2.65168523788,
        "var": 7.03143405914
    },
    "erbbands_skewness": {
        "dmean": 0.568372249603,
        "dmean2": 0.823684155941,
        "dvar": 0.276349067688,
        "dvar2": 0.566035330296,
        "max": 4.02256011963,
        "mean": 0.663329303265,
        "median": 0.630120515823,
        "min": -3.40150332451,
        "stdev": 0.880832672119,
        "var": 0.775866150856
    },
    "erbbands_spread": {
        "dmean": 11.9600830078,
        "dmean2": 18.1865100861,
        "dvar": 172.775970459,
        "dvar2": 398.998321533,
        "max": 185.729873657,
        "mean": 39.4235076904,
        "median": 35.8143844604,
        "min": 8.02457046509,
        "stdev": 20.1979846954,
        "var": 407.958587646
    },
    "hfc": {
        "dmean": 9.14052200317,
        "dmean2": 13.4912252426,
        "dvar": 204.386230469,
        "dvar2": 505.239440918,
        "max": 119.075782776,
        "mean": 15.5859947205,
        "median": 12.2620029449,
        "min": 1.18401838787e-16,
        "stdev": 15.1186037064,
        "var": 228.572189331
    },
    "loudness_ebu128": {
        "integrated": -8.5830821991,
        "loudness_range": 1.39742088318,
        "momentary": {
            "dmean": 0.87934678793,
            "dmean2": 1.39130604267,
            "dvar": 0.754025042057,
            "dvar2": 1.31391918659,
            "max": -6.46061754227,
            "mean": -8.80571842194,
            "median": -8.30450534821,
            "min": -15.2965126038,
            "stdev": 1.48644793034,
            "var": 2.20952749252
        },
        "short_term": {
            "dmean": 0.11064029485,
            "dmean2": 0.173587664962,
            "dvar": 0.00995940901339,
            "dvar2": 0.0165863148868,
            "max": -7.60831928253,
            "mean": -8.53580379486,
            "median": -8.30481338501,
            "min": -9.88643074036,
            "stdev": 0.554483473301,
            "var": 0.30745190382
        }
    },
    "melbands_crest": {
        "dmean": 4.63802051544,
        "dmean2": 6.5045838356,
        "dvar": 20.9665374756,
        "dvar2": 42.6780433655,
        "max": 38.1315116882,
        "mean": 22.0101985931,
        "median": 21.230052948,
        "min": 2.16794705391,
        "stdev": 7.84127616882,
        "var": 61.4856147766
    },
    "melbands_flatness_db": {
        "dmean": 0.0499709919095,
        "dmean2": 0.0654050335288,
        "dvar": 0.00263577210717,
        "dvar2": 0.00487456982955,
        "max": 0.64962542057,
        "mean": 0.303662002087,
        "median": 0.286113083363,
        "min": 0.00486458372325,
        "stdev": 0.0959232375026,
        "var": 0.00920126680285
    },
    "melbands_kurtosis": {
        "dmean": 49.8628959656,
        "dmean2": 76.4843215942,
        "dvar": 13947.546875,
        "dvar2": 26746.1015625,
        "max": 2215.89160156,
        "mean": 65.1298294067,
        "median": 16.2076377869,
        "min": -1.22540819645,
        "stdev": 161.389831543,
        "var": 26046.6796875
    },
    "melbands_skewness": {
        "dmean": 2.05686020851,
        "dmean2": 3.04198217392,
        "dvar": 6.90834283829,
        "dvar2": 14.1597537994,
        "max": 34.0256462097,
        "mean": 4.73386573792,
        "median": 3.28481411934,
        "min": -0.0558886304498,
        "stdev": 4.06734132767,
        "var": 16.5432662964
    },
    "melbands_spread": {
        "dmean": 5.37274646759,
        "dmean2": 7.68698406219,
        "dvar": 69.1680679321,
        "dvar2": 128.553100586,
        "max": 176.442382812,
        "mean": 11.9658222198,
        "median": 10.2984323502,
        "min": 0.119065716863,
        "stdev": 11.2132730484,
        "var": 125.737503052
    },
    "pitch_salience": {
        "dmean": 0.122013963759,
        "dmean2": 0.186739951372,
        "dvar": 0.0198248010129,
        "dvar2": 0.0472464673221,
        "max": 0.949723124504,
        "mean": 0.37502643466,
        "median": 0.397017240524,
        "min": 0.0253703128546,
        "stdev": 0.188676416874,
        "var": 0.0355987921357
    },
    "silence_rate_20dB": {
        "dmean": 0,
        "dmean2": 0,
        "dvar": 0,
        "dvar2": 0,
        "max": 1,
        "mean": 1,
        "median": 1,
        "min": 1,
        "stdev": 0,
        "var": 0
    },
    "silence_rate_30dB": {
        "dmean": 0.078947365284,
        "dmean2": 0.158017039299,
        "dvar": 0.0727149993181,
        "dvar2": 0.133047357202,
        "max": 1,
        "mean": 0.806651175022,
        "median": 1,
        "min": 0,
        "stdev": 0.394923955202,
        "var": 0.155964925885
    },
    "silence_rate_60dB": {
        "dmean": 0.0108359130099,
        "dmean2": 0.0209140200168,
        "dvar": 0.010718385689,
        "dvar2": 0.0251238644123,
        "max": 1,
        "mean": 0.0170146953315,
        "median": 0,
        "min": 0,
        "stdev": 0.129326790571,
        "var": 0.0167254172266
    },
    "spectral_centroid": {
        "dmean": 309.699279785,
        "dmean2": 455.106079102,
        "dvar": 216605.28125,
        "dvar2": 380388.53125,
        "max": 11118.6923828,
        "mean": 1012.90216064,
        "median": 905.864868164,
        "min": 114.578697205,
        "stdev": 636.53125,
        "var": 405172.0625
    },
    "spectral_complexity": {
        "dmean": 4.36532497406,
        "dmean2": 6.4298992157,
        "dvar": 27.2596740723,
        "dvar2": 53.8037719727,
        "max": 49,
        "mean": 14.1554527283,
        "median": 14,
        "min": 0,
        "stdev": 7.81078100204,
        "var": 61.0083007812
    },
    "spectral_decrease": {
        "dmean": 5.68500091447e-09,
        "dmean2": 8.08467959246e-09,
        "dvar": 8.4337879418e-17,
        "dvar2": 1.29675542913e-16,
        "max": 1.9170786412e-29,
        "mean": -1.49705314811e-08,
        "median": -7.52016671157e-09,
        "min": -6.2474974527e-08,
        "stdev": 1.67643943172e-08,
        "var": 2.81044923094e-16
    },
    "spectral_energy": {
        "dmean": 0.0220560245216,
        "dmean2": 0.0314710512757,
        "dvar": 0.00123466528021,
        "dvar2": 0.00192054000217,
        "max": 0.237548172474,
        "mean": 0.0579159259796,
        "median": 0.0295609962195,
        "min": 1.06670392595e-20,
        "stdev": 0.063791975379,
        "var": 0.00406941631809
    },
    "spectral_energyband_high": {
        "dmean": 0.000415354355937,
        "dmean2": 0.000625271874014,
        "dvar": 8.63612740432e-07,
        "dvar2": 2.04119123737e-06,
        "max": 0.00818067509681,
        "mean": 0.000483064999571,
        "median": 0.000172745145392,
        "min": 7.89970409685e-21,
        "stdev": 0.000957037380431,
        "var": 9.15920566058e-07
    },
    "spectral_energyband_low": {
        "dmean": 0.0176814142615,
        "dmean2": 0.0242105294019,
        "dvar": 0.00126325467136,
        "dvar2": 0.00193980324548,
        "max": 0.234526768327,
        "mean": 0.0437200777233,
        "median": 0.0179231874645,
        "min": 7.0481503329e-23,
        "stdev": 0.0616362802684,
        "var": 0.00379903125577
    },
    "spectral_energyband_middle_high": {
        "dmean": 0.00186812342145,
        "dmean2": 0.00292392401025,
        "dvar": 8.96755136637e-06,
        "dvar2": 2.22962698899e-05,
        "max": 0.0251834690571,
        "mean": 0.00274365860969,
        "median": 0.00180797534995,
        "min": 1.39380013995e-21,
        "stdev": 0.00318133994006,
        "var": 1.01209234344e-05
    },
    "spectral_energyband_middle_low": {
        "dmean": 0.0115388408303,
        "dmean2": 0.0199908334762,
        "dvar": 0.00054829911096,
        "dvar2": 0.00156294659246,
        "max": 0.131510540843,
        "mean": 0.0119943860918,
        "median": 0.00776614807546,
        "min": 2.97113794552e-22,
        "stdev": 0.0186897199601,
        "var": 0.000349305628333
    },
    "spectral_entropy": {
        "dmean": 0.284140169621,
        "dmean2": 0.419964790344,
        "dvar": 0.086976133287,
        "dvar2": 0.175653129816,
        "max": 9.79976177216,
        "mean": 7.2768330574,
        "median": 7.23232889175,
        "min": 5.61748027802,
        "stdev": 0.46587896347,
        "var": 0.217043206096
    },
    "spectral_flux": {
        "dmean": 0.0576120577753,
        "dmean2": 0.0867216512561,
        "dvar": 0.00481186434627,
        "dvar2": 0.00765172205865,
        "max": 0.500038325787,
        "mean": 0.121490679681,
        "median": 0.0855344906449,
        "min": 1.03281362629e-10,
        "stdev": 0.105549022555,
        "var": 0.0111405961215
    },
    "spectral_kurtosis": {
        "dmean": 2.58905553818,
        "dmean2": 4.11805438995,
        "dvar": 11.9879379272,
        "dvar2": 29.0001239777,
        "max": 42.4665641785,
        "mean": 6.2177772522,
        "median": 5.41496372223,
        "min": -1.29635369778,
        "stdev": 4.3946762085,
        "var": 19.3131771088
    },
    "spectral_rms": {
        "dmean": 0.00133221736178,
        "dmean2": 0.00184518028982,
        "dvar": 3.27778866449e-06,
        "dvar2": 4.95112089993e-06,
        "max": 0.0152234788984,
        "mean": 0.00664879148826,
        "median": 0.00537028815597,
        "min": 3.22596767008e-12,
        "stdev": 0.00350669817999,
        "var": 1.22969313452e-05
    },
    "spectral_rolloff": {
        "dmean": 364.830596924,
        "dmean2": 594.174133301,
        "dvar": 872572.3125,
        "dvar2": 1797074.375,
        "max": 18690.8203125,
        "mean": 605.81237793,
        "median": 409.130859375,
        "min": 43.06640625,
        "stdev": 998.834533691,
        "var": 997670.4375
    },
    "spectral_skewness": {
        "dmean": 0.379493534565,
        "dmean2": 0.572248280048,
        "dvar": 0.162106260657,
        "dvar2": 0.361102879047,
        "max": 5.14003276825,
        "mean": 1.99860703945,
        "median": 1.95641386509,
        "min": 0.0151166226715,
        "stdev": 0.648893654346,
        "var": 0.421063005924
    },
    "spectral_spread": {
        "dmean": 1134364.625,
        "dmean2": 1631356.25,
        "dvar": 2.20287415091e+12,
        "dvar2": 3.6656274473e+12,
        "max": 39943728,
        "mean": 5127751.5,
        "median": 4716239,
        "min": 1604713.75,
        "stdev": 2260730.5,
        "var": 5.11090255462e+12
    },
    "spectral_strongpeak": {
        "dmean": 0.305388659239,
        "dmean2": 0.527615725994,
        "dvar": 0.236636251211,
        "dvar2": 0.611091971397,
        "max": 3.3273165226,
        "mean": 0.577869176865,
        "median": 0.345201790333,
        "min": 0,
        "stdev": 0.51399731636,
        "var": 0.26419326663
    },
    "zerocrossingrate": {
        "dmean": 0.0113835288212,
        "dmean2": 0.0122395576909,
        "dvar": 0.000335267919581,
        "dvar2": 0.000377061864128,
        "max": 0.51513671875,
        "mean": 0.0327646918595,
        "median": 0.02880859375,
        "min": 0.001953125,
        "stdev": 0.0290429797024,
        "var": 0.000843494664878
    },
    "barkbands": {
        "dmean": [0.00140871817712, 0.0167829953134, 0.00686828792095, 0.0031772737857, 0.00293550873175, 0.00348270498216, 0.00156875443645, 0.00211192201823, 0.000487926619826, 0.000259800930507, 0.000264447182417, 0.00041276452248, 0.000506653275806, 0.000243095521, 0.000282014749246, 0.000122514684335, 0.000117690244224, 7.40993418731e-05, 0.000115941184049, 0.000124722282635, 3.20050457958e-05, 6.11200521234e-05, 6.41675578663e-05, 8.67047419888e-05, 0.000123164238175, 3.68598812202e-05, 4.13427733292e-06],
        "dmean2": [0.0015335646458, 0.0216409619898, 0.0127108087763, 0.00607161782682, 0.00556050008163, 0.00580655084923, 0.0027776574716, 0.00330237695016, 0.000700649572536, 0.00043269013986, 0.000441292097094, 0.000684303580783, 0.000842024630401, 0.000387988227885, 0.000443605385954, 0.000191456216271, 0.000185625685845, 0.000124718382722, 0.000187011261005, 0.000195558823179, 4.97438231832e-05, 0.000102247598988, 0.000100612094684, 0.000128288345877, 0.000192038613022, 5.65553091292e-05, 7.64051583246e-06],
        "dvar": [7.59751628721e-06, 0.00116488640197, 0.000506158918142, 9.54526985879e-05, 8.392844029e-05, 2.59300213656e-05, 8.50234118843e-06, 9.82532401395e-06, 7.72441183017e-07, 2.05692813893e-07, 2.48819986837e-07, 4.92763774673e-07, 1.09413645077e-06, 1.85473552961e-07, 5.60643002245e-07, 6.21452755922e-08, 4.17323882118e-08, 5.87242539041e-08, 8.95937830592e-08, 5.42143752114e-08, 7.8885653565e-09, 4.58202187303e-08, 3.39871171207e-08, 2.84348740109e-08, 5.57231700782e-08, 9.16739484325e-09, 3.54764495558e-10],
        "dvar2": [7.71576651459e-06, 0.00166146131232, 0.00142818852328, 0.000275774451438, 0.000243840593612, 6.60892765154e-05, 2.33710434259e-05, 2.23803217523e-05, 1.30555679334e-06, 5.1515502264e-07, 6.09339110724e-07, 1.21824984944e-06, 2.86760541712e-06, 4.07343975439e-07, 1.39864312132e-06, 1.52439852741e-07, 1.01230256178e-07, 1.63186783197e-07, 2.35936525428e-07, 1.37619949214e-07, 1.75458190199e-08, 1.21076141113e-07, 8.08218416637e-08, 6.11003656559e-08, 1.29820392658e-07, 2.17883542319e-08, 1.01908259609e-09],
        "max": [0.0247587710619, 0.227793186903, 0.135683119297, 0.0555009506643, 0.0537648238242, 0.0341826044023, 0.0325258970261, 0.0248917173594, 0.01506065391, 0.00484417006373, 0.00381815852597, 0.00705500133336, 0.00806064624339, 0.00431703357026, 0.0127819143236, 0.00350145436823, 0.00233657401986, 0.00228462996893, 0.0029533423949, 0.00199418468401, 0.000705061480403, 0.0019466842059, 0.00173099269159, 0.0021664777305, 0.00198507518508, 0.000886208901647, 0.000253300007898],
        "mean": [0.00249824090861, 0.0354174114764, 0.00481139775366, 0.00199596909806, 0.00194632995408, 0.00358665618114, 0.00146583863534, 0.0021886555478, 0.000747187936213, 0.000309960974846, 0.000283379253233, 0.000441765092546, 0.000514530285727, 0.000281563639874, 0.000314687553328, 0.000156884925673, 0.000161286850926, 8.70873045642e-05, 0.000135911046527, 0.00016548014537, 3.23777458107e-05, 5.03212431795e-05, 6.30223803455e-05, 0.000104441060103, 0.000118139723781, 3.47920213244e-05, 2.6300576792e-06],
        "median": [0.000283165223664, 0.0152719551697, 0.000286037684418, 0.000271460041404, 0.000258103304077, 0.00129960954655, 0.000481198687339, 0.000657710246742, 0.000265659939032, 0.000124665151816, 0.000112391790026, 0.000153789340402, 0.000174783242983, 8.32852238091e-05, 7.58570604376e-05, 5.96766694798e-05, 8.22993606562e-05, 2.55415270658e-05, 4.25852085755e-05, 6.55473631923e-05, 5.67929691897e-06, 7.52201685827e-06, 9.53509970714e-06, 3.17299964081e-05, 3.00029587379e-05, 6.01515921517e-06, 1.03003969798e-07],
        "min": [8.2296848975e-24, 3.15669885636e-23, 2.08968133611e-23, 2.33083927028e-23, 5.33084936715e-23, 5.97975625037e-23, 1.20693888342e-23, 1.33767932559e-23, 1.23091962385e-22, 5.01607304004e-23, 1.13149954707e-22, 4.84518367987e-23, 9.4369839748e-23, 7.10175627131e-23, 1.73996651727e-22, 1.79712876686e-22, 1.95748765437e-22, 1.26896872033e-22, 2.71100721238e-22, 2.38240764408e-22, 5.1361019502e-22, 5.77951053601e-22, 4.85897473554e-22, 1.11785442435e-21, 1.27298320192e-21, 1.6245480889e-21, 2.34661971324e-21],
        "stdev": [0.00461720209569, 0.054034166038, 0.0172906517982, 0.00728118512779, 0.00685789110139, 0.00519799580798, 0.00263866060413, 0.00339250592515, 0.00144354929216, 0.000486669945531, 0.000499711313751, 0.000737279595342, 0.00102201383561, 0.000496367458254, 0.000737174355891, 0.000266630755505, 0.000220667570829, 0.000212844199268, 0.000282396649709, 0.00026671908563, 9.17696670513e-05, 0.000183661104529, 0.000186768826097, 0.00020569319895, 0.000237540734815, 9.44688290474e-05, 1.43167253555e-05],
        "var": [2.13185539906e-05, 0.00291969114915, 0.000298966653645, 5.30156576133e-05, 4.70306731586e-05, 2.70191612799e-05, 6.96253027854e-06, 1.15090970212e-05, 2.08383448808e-06, 2.36847625956e-07, 2.4971137691e-07, 5.43581222701e-07, 1.04451237348e-06, 2.46380636781e-07, 5.43426040167e-07, 7.10919536573e-08, 4.86941758027e-08, 4.53026522962e-08, 7.9747863424e-08, 7.11390768515e-08, 8.42167224846e-09, 3.37313998955e-08, 3.4882596367e-08, 4.23096935265e-08, 5.64256019686e-08, 8.92435991773e-09, 2.04968625406e-10]
    },
    "erbbands": {
        "dmean": [0.695941090584, 3.4874958992, 7.73507404327, 9.52752876282, 10.075712204, 9.39826011658, 13.2303342819, 35.5979385376, 23.3087654114, 40.2918205261, 28.3571949005, 12.8983230591, 6.35426616669, 11.3263196945, 11.8594827652, 16.8953552246, 22.2533569336, 13.1944704056, 13.5338535309, 12.4296922684, 5.95811986923, 6.81977510452, 3.50191044807, 6.02240610123, 5.86270809174, 5.83643865585, 1.99522805214, 1.35142838955, 2.23692822456, 1.95601141453, 1.78430664539, 1.96323335171, 1.43703198433, 1.68585467339, 0.672749400139, 0.223283201456, 0.0553671121597, 0.0105662792921, 0.000567880400922, 3.292546171e-05],
        "dmean2": [0.835729658604, 5.2414598465, 13.6660776138, 17.7159442902, 19.1816806793, 17.6606693268, 23.94231987, 57.9465789795, 41.3879699707, 63.3331794739, 45.1147499084, 18.1453514099, 9.9673538208, 18.7338657379, 19.3182163239, 27.4046440125, 36.6407623291, 20.5923690796, 20.491897583, 20.5573921204, 9.00534820557, 10.7595920563, 5.57729768753, 10.3657236099, 8.96211147308, 9.07779312134, 3.05027961731, 2.19919419289, 3.7424454689, 3.20976805687, 2.70647120476, 2.94492053986, 2.14800095558, 2.64893651009, 1.0610679388, 0.344364970922, 0.0851949453354, 0.0174086503685, 0.00102770037483, 4.90765014547e-05],
        "dvar": [2.0125682354, 66.0150222778, 547.186218262, 893.306030273, 930.966552734, 835.527099609, 986.803588867, 2544.13476562, 2201.83349609, 3146.28369141, 2357.56958008, 574.707885742, 104.916145325, 426.665588379, 549.41583252, 768.611572266, 2028.56982422, 418.297607422, 641.756652832, 1649.45361328, 99.8179321289, 172.551849365, 82.3303451538, 448.649963379, 135.227722168, 119.085540771, 20.37541008, 17.7589759827, 66.3906707764, 35.0625495911, 25.8958072662, 19.8734855652, 6.02033090591, 9.72518253326, 2.24824357033, 0.299417704344, 0.0238536354154, 0.0011218652362, 6.97044424669e-06, 3.08193937038e-09],
        "dvar2": [2.41332030296, 112.776756287, 1489.92407227, 2549.00146484, 2698.73413086, 2402.296875, 2807.58520508, 6213.79345703, 6210.28076172, 7239.27734375, 6002.10449219, 972.07434082, 237.67755127, 1047.64025879, 1394.75744629, 1843.41357422, 5289.75878906, 923.094116211, 1392.16906738, 4443.60644531, 234.702560425, 437.365905762, 215.285552979, 1252.8770752, 329.721160889, 296.981750488, 45.2175865173, 44.399105072, 174.85319519, 93.4378662109, 56.9812698364, 40.8984451294, 13.5856437683, 22.8291511536, 5.3086848259, 0.707885205746, 0.0576180331409, 0.00283956411295, 2.01668590307e-05, 6.67401867105e-09],
        "max": [10.5101957321, 54.3151092529, 149.410232544, 169.626342773, 183.994476318, 173.5050354, 222.87272644, 394.434997559, 491.909851074, 447.679656982, 518.830749512, 425.312408447, 141.721572876, 176.880340576, 367.94052124, 247.519577026, 380.106323242, 241.757003784, 363.109710693, 677.714233398, 112.683654785, 154.497467041, 85.055770874, 208.276260376, 97.1673049927, 88.8477859497, 45.4749336243, 34.4136886597, 70.1190109253, 50.5629501343, 60.3598861694, 58.6491470337, 28.1015548706, 22.9017505646, 14.2340936661, 4.95508623123, 1.92678773403, 0.405304908752, 0.0390994921327, 0.000571084208786],
        "mean": [1.36278688908, 6.43952178955, 7.11893844604, 6.07915639877, 6.63853740692, 6.42953395844, 10.8857393265, 37.9513664246, 20.897026062, 46.4253005981, 30.0003051758, 19.9990444183, 8.84737873077, 12.1338300705, 13.618844986, 18.7640171051, 23.7815475464, 16.0630302429, 16.7193584442, 12.8576211929, 8.69586753845, 9.0836057663, 4.92250680923, 6.25077819824, 7.94727087021, 7.75644302368, 2.41434884071, 1.23044979572, 1.79790389538, 1.79050540924, 1.8052290678, 2.30339288712, 1.64205741882, 1.5767891407, 0.666762828827, 0.211688965559, 0.0521074533463, 0.0087166884914, 0.000401676807087, 7.37691007089e-05],
        "median": [0.47549918294, 2.80736970901, 1.355422616, 0.711715042591, 1.14463329315, 0.718306481838, 3.46288919449, 14.0408735275, 8.24880409241, 16.6949367523, 11.6377019882, 7.54133415222, 3.80256319046, 4.03154420853, 5.83086585999, 7.3663892746, 8.96575737, 5.80997371674, 4.50857830048, 3.34010052681, 4.32812643051, 4.47537851334, 1.80980420113, 1.70753455162, 2.75659036636, 3.00256156921, 0.774934887886, 0.18274332583, 0.227637842298, 0.334419846535, 0.259536534548, 0.476105481386, 0.511543571949, 0.342419236898, 0.184795930982, 0.0426589362323, 0.00811466015875, 0.00109559844714, 5.29950593773e-05, 3.77375072276e-05],
        "min": [4.19854341491e-22, 8.42755680317e-21, 1.75853864558e-20, 7.09407218549e-20, 9.13366434656e-20, 1.87829879171e-19, 2.74834584231e-19, 6.10065398996e-19, 3.08316244638e-19, 2.26566605085e-19, 4.66863581158e-19, 3.31174393419e-18, 1.83588187463e-18, 2.08748953745e-18, 4.78293779997e-18, 2.73929421166e-18, 4.12582552136e-18, 4.2916872283e-18, 7.2875844465e-18, 8.72314978214e-18, 1.03226954024e-17, 1.07639565545e-17, 7.24159320445e-18, 1.1780339843e-17, 1.17668667252e-17, 1.31661874879e-17, 1.31613782598e-17, 2.59853197693e-17, 1.94554848762e-17, 1.92809381865e-17, 1.25016247935e-17, 2.23842518382e-17, 1.95360257981e-17, 1.39659288652e-17, 8.01456949864e-18, 5.78419567731e-18, 3.00519555547e-18, 1.41468150672e-18, 3.39311012384e-19, 3.40843422629e-20],
        "stdev": [2.31988835335, 10.5516166687, 19.4223594666, 22.7228755951, 22.7727298737, 22.1947822571, 25.025352478, 55.0681915283, 39.9280357361, 64.2846755981, 48.2733802795, 39.2903862, 13.5349435806, 21.0232830048, 23.1359920502, 30.4816513062, 45.2078704834, 24.5302791595, 30.3965759277, 35.1592559814, 11.8192968369, 13.284532547, 9.03245925903, 17.7241821289, 13.2892169952, 12.4495105743, 4.92817020416, 3.92643213272, 6.98603487015, 5.24303627014, 5.46797466278, 5.43226003647, 2.86663103104, 3.13244009018, 1.46291518211, 0.539350509644, 0.150244250894, 0.030823726207, 0.00199035322294, 7.76855667937e-05],
        "var": [5.3818821907, 111.336608887, 377.228057861, 516.329101562, 518.597229004, 492.608337402, 626.268249512, 3032.50561523, 1594.24804688, 4132.51904297, 2330.31933594, 1543.73449707, 183.19468689, 441.978393555, 535.274108887, 929.131103516, 2043.75170898, 601.734619141, 923.951843262, 1236.17321777, 139.695770264, 176.478805542, 81.5853118896, 314.146636963, 176.603286743, 154.990310669, 24.2868595123, 15.4168691635, 48.8046836853, 27.4894313812, 29.8987483978, 29.5094470978, 8.21757411957, 9.81218147278, 2.14012074471, 0.290898948908, 0.0225733369589, 0.000950102112256, 3.9615060814e-06, 6.03504757279e-09]
    },
    "gfcc": {
        "mean": [-24.6812133789, 103.993850708, -90.7902679443, 23.0817146301, -47.0574760437, 23.4513816833, -37.6967277527, 26.5302314758, -14.4363880157, 17.3729019165, 4.86361789703, -1.38949477673, -7.36373519897],
        "cov": [[5870.79589844, -730.68762207, -103.386329651, 16.0589599609, -349.35144043, 92.5687789917, -496.925323486, 276.44921875, -326.862609863, 303.868621826, -129.085830688, 33.6808700562, -104.287475586], [-730.68762207, 1132.68066406, -45.6641845703, -132.651428223, 278.745849609, -27.0920848846, 184.491882324, -17.8901386261, 102.219924927, -99.8822937012, 113.471473694, -78.788444519, 98.3007278442], [-103.386329651, -45.6641845703, 1016.2177124, 190.892669678, 206.710281372, 291.849060059, -13.4946594238, 52.0061187744, 46.5208053589, 79.8845214844, 28.0743236542, 65.1744689941, 78.2830429077], [16.0589599609, -132.651428223, 190.892669678, 500.244384766, 196.276031494, 49.2757987976, 73.3004150391, 45.6614189148, 91.8887176514, 39.0764503479, 85.1215362549, 43.4325523376, 72.4524917603], [-349.35144043, 278.745849609, 206.710281372, 196.276031494, 514.745788574, 132.836837769, 118.164100647, 130.269058228, 169.286453247, 83.5005493164, 111.717430115, -16.4644546509, 81.0401763916], [92.5687789917, -27.0920848846, 291.849060059, 49.2757987976, 132.836837769, 284.886199951, 119.460624695, 68.1802825928, 83.1585769653, 55.903968811, 20.9344520569, 19.1199092865, -12.1293354034], [-496.925323486, 184.491882324, -13.4946594238, 73.3004150391, 118.164100647, 119.460624695, 465.118896484, 79.0864715576, 64.0701522827, -59.7436332703, 31.3891735077, 53.9579200745, -38.8686447144], [276.44921875, -17.8901386261, 52.0061187744, 45.6614189148, 130.269058228, 68.1802825928, 79.0864715576, 280.939239502, 72.0978546143, 79.9222106934, 79.9722747803, 16.7589454651, 11.7527122498], [-326.862609863, 102.219924927, 46.5208053589, 91.8887176514, 169.286453247, 83.1585769653, 64.0701522827, 72.0978546143, 205.946304321, 63.2844009399, 78.4030990601, -5.1339225769, 40.5280418396], [303.868621826, -99.8822937012, 79.8845214844, 39.0764503479, 83.5005493164, 55.903968811, -59.7436332703, 79.9222106934, 63.2844009399, 253.168411255, 85.5769119263, -48.3625907898, 19.5211486816], [-129.085830688, 113.471473694, 28.0743236542, 85.1215362549, 111.717430115, 20.9344520569, 31.3891735077, 79.9722747803, 78.4030990601, 85.5769119263, 192.266616821, 8.94834709167, 34.3229446411], [33.6808700562, -78.788444519, 65.1744689941, 43.4325523376, -16.4644546509, 19.1199092865, 53.9579200745, 16.7589454651, -5.1339225769, -48.3625907898, 8.94834709167, 159.27482605, 16.1582393646], [-104.287475586, 98.3007278442, 78.2830429077, 72.4524917603, 81.0401763916, -12.1293354034, -38.8686447144, 11.7527122498, 40.5280418396, 19.5211486816, 34.3229446411, 16.1582393646, 146.896057129]],
        "icov": [[0.000362174527254, -0.000265548704192, 0.00032141484553, -0.00048484627041, 0.000309585157083, -0.000767450954299, 0.000646468426567, -0.000673361239024, 0.000864419678692, -0.000644612358883, 0.000554866041057, -0.000456821522675, 0.000261216540821], [-0.000265548704192, 0.00230788183399, -0.000490452046506, 0.00182421598583, -0.00146357098129, 0.00138895446435, -0.00150416302495, 0.00122684903909, -0.00103293755092, 0.00197377591394, -0.00209202128462, 0.00181274430361, -0.00163324386813], [0.00032141484553, -0.000490452046506, 0.00212786509655, -0.00105536193587, 7.01306998963e-05, -0.00290290056728, 0.00130673300009, -0.000593079836108, 0.0016604703851, -0.000843085523229, 0.000783115217928, -0.00112932478078, -0.000347060180502], [-0.00048484627041, 0.00182421598583, -0.00105536193587, 0.00436446955428, -0.00191277393606, 0.00221137912013, -0.00194936688058, 0.00167078641243, -0.00191976025235, 0.00175253930502, -0.00240719760768, 0.00105857395101, -0.00182405416854], [0.000309585157083, -0.00146357098129, 7.01306998963e-05, -0.00191277393606, 0.00457703787833, -0.00159825081937, 0.00060759508051, -0.00172785797622, -0.000556488521397, -0.00131408218294, 0.000880265957676, -0.00011000160157, -0.000118214273243], [-0.000767450954299, 0.00138895446435, -0.00290290056728, 0.00221137912013, -0.00159825081937, 0.00940243713558, -0.0034059509635, 0.0014401973458, -0.0041908044368, 0.000739385781344, -0.000837374594994, 0.00120348809287, 0.000744883611333], [0.000646468426567, -0.00150416302495, 0.00130673300009, -0.00194936688058, 0.00060759508051, -0.0034059509635, 0.00491206813604, -0.00209321617149, 0.00159039557911, -0.000586103764363, 0.00141688168515, -0.00227948278189, 0.00214016553946], [-0.000673361239024, 0.00122684903909, -0.000593079836108, 0.00167078641243, -0.00172785797622, 0.0014401973458, -0.00209321617149, 0.00627233367413, -0.00202281121165, 0.000531223719008, -0.00254940986633, 0.00055125541985, -0.000768055208027], [0.000864419678692, -0.00103293755092, 0.0016604703851, -0.00191976025235, -0.000556488521397, -0.0041908044368, 0.00159039557911, -0.00202281121165, 0.0103335734457, -0.00233792280778, 0.000132006520289, -0.00105912669096, -0.000544126727618], [-0.000644612358883, 0.00197377591394, -0.000843085523229, 0.00175253930502, -0.00131408218294, 0.000739385781344, -0.000586103764363, 0.000531223719008, -0.00233792280778, 0.00835359469056, -0.00437118439004, 0.00375284440815, -0.00146168365609], [0.000554866041057, -0.00209202128462, 0.000783115217928, -0.00240719760768, 0.000880265957676, -0.000837374594994, 0.00141688168515, -0.00254940986633, 0.000132006520289, -0.00437118439004, 0.009994154796, -0.00283346627839, 0.00110889459029], [-0.000456821522675, 0.00181274430361, -0.00112932478078, 0.00105857395101, -0.00011000160157, 0.00120348809287, -0.00227948278189, 0.00055125541985, -0.00105912669096, 0.00375284440815, -0.00283346627839, 0.00952555891126, -0.00253710104153], [0.000261216540821, -0.00163324386813, -0.000347060180502, -0.00182405416854, -0.000118214273243, 0.000744883611333, 0.00214016553946, -0.000768055208027, -0.000544126727618, -0.00146168365609, 0.00110889459029, -0.00253710104153, 0.0102893486619]]
    },
    "melbands": {
        "dmean": [0.00530302291736, 0.00372448726557, 0.00164969416801, 0.000684429134708, 0.000447509548394, 0.000748466060031, 0.000349787937012, 0.000479080306832, 0.000192059596884, 7.71223276388e-05, 3.12454321829e-05, 4.60331793875e-05, 3.7038094888e-05, 4.20933574787e-05, 5.39756110811e-05, 4.48765495094e-05, 2.40268782363e-05, 2.24667001021e-05, 2.03417221201e-05, 1.14497934192e-05, 6.76544095768e-06, 7.81136805017e-06, 3.94046310248e-06, 3.66471999769e-06, 5.16858062838e-06, 4.22488255936e-06, 4.72308420285e-06, 3.89774095311e-06, 1.52310167323e-06, 6.77620107581e-07, 8.53130700307e-07, 1.16448109111e-06, 1.40118550007e-06, 1.0248536455e-06, 9.86920667856e-07, 1.17484842121e-06, 1.32257127916e-06, 1.06853883608e-06, 1.16992339372e-06, 1.43985835166e-06],
        "dmean2": [0.00627904105932, 0.00557696307078, 0.00304404832423, 0.00129427644424, 0.000812972080894, 0.00123137049377, 0.000618243182544, 0.000747646321543, 0.000305430789012, 0.000109624001198, 5.02343173139e-05, 7.6481148426e-05, 6.05802051723e-05, 6.89817607054e-05, 8.88891445356e-05, 7.44922217564e-05, 3.79075318051e-05, 3.43490100931e-05, 3.30073198711e-05, 1.85966873687e-05, 1.02339390651e-05, 1.24487851281e-05, 6.15409953753e-06, 6.23918231213e-06, 8.97854806681e-06, 6.54323139315e-06, 7.44826002119e-06, 6.07789479545e-06, 2.36410528487e-06, 1.0298494999e-06, 1.42142960158e-06, 1.91463755073e-06, 2.40835674958e-06, 1.66148834069e-06, 1.54366159677e-06, 1.71276917627e-06, 2.02638580049e-06, 1.62931632985e-06, 1.8432269826e-06, 2.2634214929e-06],
        "dvar": [0.000106999083073, 8.43899906613e-05, 2.52241043199e-05, 4.47840784545e-06, 1.22467372421e-06, 1.1578762269e-06, 4.45679575023e-07, 4.25409069749e-07, 1.08353020778e-07, 2.12095265795e-08, 2.69364752725e-09, 7.12090431065e-09, 4.84081708052e-09, 5.82395509596e-09, 1.08240998387e-08, 8.44485192886e-09, 1.70643765784e-09, 1.7073200631e-09, 3.87144982739e-09, 1.10065367931e-09, 1.00992693375e-10, 2.05479674942e-10, 6.17923212598e-11, 1.54883383896e-10, 3.46775080873e-10, 8.7286518291e-11, 8.55866696958e-11, 5.05500849513e-11, 1.08880968477e-11, 3.84681305907e-12, 7.77842200372e-12, 1.72805676019e-11, 2.62600427514e-11, 8.74603601347e-12, 9.00980245272e-12, 9.60941656108e-12, 8.53301890952e-12, 3.67484254832e-12, 4.44933152821e-12, 7.14985969735e-12],
        "dvar2": [0.000142790056998, 0.000202754890779, 7.15560017852e-05, 1.29977443066e-05, 3.49372066921e-06, 2.8890538033e-06, 1.24969369608e-06, 9.43990755786e-07, 2.7558442639e-07, 3.69080090934e-08, 6.33467500677e-09, 1.75105014932e-08, 1.21116050522e-08, 1.45613325842e-08, 2.80840435352e-08, 2.13938466942e-08, 3.74240949341e-09, 3.70297525976e-09, 1.01264872043e-08, 2.90385382407e-09, 2.30906613274e-10, 5.15695930403e-10, 1.49215056977e-10, 4.31505803311e-10, 9.70293068114e-10, 2.14105164154e-10, 2.26060267727e-10, 1.21813101273e-10, 2.50160413218e-11, 8.68626004458e-12, 1.99199250844e-11, 4.42714233329e-11, 7.24315052381e-11, 2.31748439883e-11, 2.07562057819e-11, 1.91003168143e-11, 1.9232396925e-11, 8.56698132573e-12, 1.03425063652e-11, 1.66893217995e-11],
        "max": [0.0751058235765, 0.060956813395, 0.027880448848, 0.0122615201399, 0.00739361811429, 0.00790944881737, 0.00642276881263, 0.00473839882761, 0.00353212584741, 0.0024039412383, 0.000684059807099, 0.000780424568802, 0.000894930562936, 0.000906080647837, 0.00100980245043, 0.000800187815912, 0.000537494255695, 0.000568387797102, 0.00103208294604, 0.000517821463291, 0.00010799941083, 0.000166109050042, 7.55885484978e-05, 0.000113517402497, 0.000184301286936, 7.65570512158e-05, 9.50604662648e-05, 5.93094227952e-05, 3.84934537578e-05, 1.67534344655e-05, 2.37075109908e-05, 3.6054647353e-05, 4.60835071863e-05, 2.71056378551e-05, 2.94708534057e-05, 4.72889041703e-05, 3.49277179339e-05, 1.98440102395e-05, 1.52025486386e-05, 1.95693792193e-05],
        "mean": [0.0108479065821, 0.00518021918833, 0.00108324922621, 0.000454681983683, 0.000364244449884, 0.000787866010796, 0.000315490178764, 0.000542265421245, 0.000209503938095, 0.000115275674034, 4.06375111197e-05, 4.86936769448e-05, 4.19330026489e-05, 4.56906636828e-05, 5.66382877878e-05, 4.61053969047e-05, 2.81728553091e-05, 2.67516170425e-05, 2.12619197555e-05, 1.23967693071e-05, 9.97846018436e-06, 1.02128087747e-05, 5.46586215933e-06, 4.22957646151e-06, 5.03193450641e-06, 5.42854240848e-06, 6.14276677879e-06, 5.02013062942e-06, 1.7884369754e-06, 6.62558022668e-07, 7.22589675206e-07, 9.48504236931e-07, 1.10469807169e-06, 9.65369849837e-07, 9.60068632594e-07, 1.20867946407e-06, 1.53279506776e-06, 1.21410846532e-06, 1.13376120225e-06, 1.33895287036e-06],
        "median": [0.00410340679809, 0.00202252482995, 0.000148014558363, 6.81166930008e-05, 0.000110435204988, 0.00029428146081, 0.000115789349366, 0.000184512129636, 7.57473608246e-05, 4.04617640015e-05, 1.66534518939e-05, 1.58670427481e-05, 1.8531225578e-05, 1.74604701897e-05, 1.81916329893e-05, 1.5866726244e-05, 8.53359688335e-06, 6.90615843268e-06, 4.59906596006e-06, 3.5392861264e-06, 5.13868053531e-06, 4.92591789225e-06, 2.16195462599e-06, 1.10302448775e-06, 1.09530049031e-06, 1.57688714353e-06, 2.203709073e-06, 1.78936306838e-06, 4.68107998586e-07, 8.96584779753e-08, 7.46546362507e-08, 1.02363792109e-07, 1.66849659422e-07, 1.79064926442e-07, 1.12195714053e-07, 1.68005044543e-07, 3.27117447796e-07, 3.84952670629e-07, 2.54270247524e-07, 2.79303549178e-07],
        "min": [7.01154955348e-24, 1.17808992457e-23, 1.23656076818e-23, 8.86255960276e-24, 1.02870238831e-23, 1.27242980022e-23, 4.62796136328e-24, 2.64541329401e-24, 4.24381529029e-24, 2.19417795369e-23, 8.53993994721e-24, 7.68307055449e-24, 1.59951787948e-23, 6.72638028055e-24, 9.57221729538e-24, 8.82887760869e-24, 7.19348375519e-24, 1.06984755875e-23, 1.12610422757e-23, 1.28077579083e-23, 1.17905146712e-23, 1.10901158391e-23, 6.73526443206e-24, 7.40511304796e-24, 9.53212422873e-24, 1.05042185896e-23, 7.20243969305e-24, 9.49281765641e-24, 6.44490642653e-24, 1.21413865912e-23, 1.5200462964e-23, 1.23176078623e-23, 8.94974687659e-24, 1.11014225824e-23, 6.18639315801e-24, 1.06187154391e-23, 1.37239583185e-23, 1.43654363408e-23, 1.29968202571e-23, 1.12429671058e-23],
        "stdev": [0.0171268414706, 0.00974758341908, 0.00385091104545, 0.00158339343034, 0.000873432261869, 0.00114131881855, 0.000575851358008, 0.000750037550461, 0.000336918456014, 0.000229946585023, 6.5102809458e-05, 8.57848135638e-05, 6.96873757988e-05, 7.87181561464e-05, 0.000104799102701, 9.07848225324e-05, 4.79431837448e-05, 4.92217186547e-05, 5.64126603422e-05, 3.01743184536e-05, 1.26748864204e-05, 1.47235314216e-05, 8.61032640387e-06, 1.07948098957e-05, 1.53946766659e-05, 1.00607485365e-05, 1.03267711893e-05, 8.31178385852e-06, 3.60857234227e-06, 2.01616944651e-06, 2.5069334697e-06, 3.66506287719e-06, 4.18855734097e-06, 2.67959717348e-06, 3.06557308249e-06, 3.64276479559e-06, 3.43709075423e-06, 2.15779573409e-06, 2.20858305511e-06, 2.6810187137e-06],
        "var": [0.000293328688713, 9.50153844315e-05, 1.48295166582e-05, 2.50713469541e-06, 7.62883928473e-07, 1.30260866626e-06, 3.31604809389e-07, 5.62556351724e-07, 1.13514055045e-07, 5.28754320328e-08, 4.2383754284e-09, 7.35903382676e-09, 4.8563300048e-09, 6.19654860756e-09, 1.09828519612e-08, 8.24188362003e-09, 2.29854890677e-09, 2.42277775619e-09, 3.1823881308e-09, 9.10489461603e-10, 1.60652754988e-10, 2.16782383711e-10, 7.41377237379e-11, 1.16527926197e-10, 2.36996061664e-10, 1.01218665394e-10, 1.06642202014e-10, 6.90857579477e-11, 1.30217945801e-11, 4.06493935734e-12, 6.28471536965e-12, 1.34326855195e-11, 1.75440131173e-11, 7.18024121063e-12, 9.39773866365e-12, 1.32697360045e-11, 1.18135935062e-11, 4.65608194361e-12, 4.8778394518e-12, 7.18786185086e-12]
    },
    "melbands128": {
