{
"lowlevel": {
    "average_loudness": 0.969876945019,
    "barkbands_crest": {
        "dmean": 2.74071836472,
        "dmean2": 4.19085454941,
        "dvar": 6.17202806473,
        "dvar2": 14.6614151001,
        "max": 25.4599208832,
        "mean": 12.0526180267,
        "median": 11.381518364,
        "min": 2.70921874046,
        "stdev": 4.7642621994,
        "var": 22.6981925964
    },
    "barkbands_flatness_db": {
        "dmean": 0.0333470776677,
        "dmean2": 0.0481353588402,
        "dvar": 0.00143425469287,
        "dvar2": 0.0027174949646,
        "max": 0.472640693188,
        "mean": 0.177422940731,
        "median": 0.169074565172,
        "min": 0.0174217764288,
        "stdev": 0.0656788125634,
        "var": 0.0043137059547
    },
    "barkbands_kurtosis": {
        "dmean": 6.68906927109,
        "dmean2": 10.1121826172,
        "dvar": 324.069854736,
        "dvar2": 628.077697754,
        "max": 495.732208252,
        "mean": 9.69497489929,
        "median": 3.13750553131,
        "min": -1.84800243378,
        "stdev": 27.1000709534,
        "var": 734.413818359
    },
    "barkbands_skewness": {
        "dmean": 0.775063216686,
        "dmean2": 1.11574983597,
        "dvar": 1.01751673222,
        "dvar2": 2.02529549599,
        "max": 19.1461791992,
        "mean": 1.96327257156,
        "median": 1.5978140831,
        "min": -1.7452287674,
        "stdev": 1.82801914215,
        "var": 3.34165406227
    },
    "barkbands_spread": {
        "dmean": 6.78106927872,
        "dmean2": 10.4646434784,
        "dvar": 114.765258789,
        "dvar2": 236.032272339,
        "max": 116.416778564,
        "mean": 17.6963672638,
        "median": 14.0715847015,
        "min": 0.334956884384,
        "stdev": 14.3859510422,
        "var": 206.955596924
    },
    "dissonance": {
        "dmean": 0.0334803238511,
        "dmean2": 0.0559047982097,
        "dvar": 0.000988721032627,
        "dvar2": 0.00251856562681,
        "max": 0.499999970198,
        "mean": 0.434716701508,
        "median": 0.442224174738,
        "min": 0.202489688993,
        "stdev": 0.0439901351929,
        "var": 0.00193513208069
    },
    "dynamic_complexity": 2.18938064575,
    "erbbands_crest": {
        "dmean": 3.48999667168,
        "dmean2": 5.46790075302,
        "dvar": 11.9429864883,
        "dvar2": 26.9318561554,
        "max": 32.3895759583,
        "mean": 12.2644577026,
        "median": 11.2788934708,
        "min": 2.42764210701,
        "stdev": 5.86495065689,
        "var": 34.3976478577
    },
    "erbbands_flatness_db": {
        "dmean": 0.0241720620543,
        "dmean2": 0.0361129939556,
        "dvar": 0.000650534871966,
        "dvar2": 0.0013387191575,
        "max": 0.343817323446,
        "mean": 0.170748174191,
        "median": 0.16944296658,
        "min": 0.0531412549317,
        "stdev": 0.0487442873418,
        "var": 0.00237600551918
    },
    "erbbands_kurtosis": {
        "dmean": 1.88524770737,
        "dmean2": 2.93061304092,
        "dvar": 6.92518949509,
        "dvar2": 15.8706092834,
        "max": 29.8220710754,
        "mean": 2.42738318443,
        "median": 1.29644298553,
        "min": -1.83533251286,
        "stdev": 3.76970696449,
        "var": 14.210691452
    },
    "erbbands_skewness": {
        "dmean": 0.538558065891,
        "dmean2": 0.815316021442,
        "dvar": 0.31170296669,
        "dvar2": 0.690849483013,
        "max": 3.65751409531,
        "mean": 0.777656078339,
        "median": 0.834249258041,
        "min": -2.66016054153,
        "stdev": 0.883144199848,
        "var": 0.779943704605
    },
    "erbbands_spread": {
        "dmean": 10.3827676773,
        "dmean2": 16.0113735199,
        "dvar": 174.468826294,
        "dvar2": 368.37902832,
        "max": 155.045822144,
        "mean": 33.1831436157,
        "median": 28.0852241516,
        "min": 2.50767326355,
        "stdev": 21.3659477234,
        "var": 456.503723145
    },
    "hfc": {
        "dmean": 10.9995527267,
        "dmean2": 16.1397438049,
        "dvar": 244.606842041,
        "dvar2": 518.61895752,
        "max": 138.819519043,
        "mean": 23.0364093781,
        "median": 18.9242324829,
        "min": 1.19270841652e-16,
        "stdev": 20.0488033295,
        "var": 401.954528809
    },
    "loudness_ebu128": {
        "integrated": -8.51689243317,
        "loudness_range": 0.917992591858,
        "momentary": {
            "dmean": 0.584722995758,
            "dmean2": 0.697915792465,
            "dvar": 0.277465432882,
            "dvar2": 0.317307412624,
            "max": -5.95302772522,
            "mean": -8.69150924683,
            "median": -8.61249446869,
            "min": -14.2288255692,
            "stdev": 1.3022197485,
            "var": 1.69577634335
        },
        "short_term": {
            "dmean": 0.0729049444199,
            "dmean2": 0.0846267268062,
            "dvar": 0.00316756870598,
            "dvar2": 0.00412579672411,
            "max": -7.76554012299,
            "mean": -8.55953025818,
            "median": -8.5764541626,
            "min": -9.28714179993,
            "stdev": 0.314613252878,
            "var": 0.0989815071225
        }
    },
    "melbands_crest": {
        "dmean": 3.6453037262,
        "dmean2": 5.66360569,
        "dvar": 13.4051771164,
        "dvar2": 34.3907318115,
        "max": 37.2915534973,
        "mean": 17.1289539337,
        "median": 15.5442256927,
        "min": 2.35919618607,
        "stdev": 7.17002010345,
        "var": 51.4091873169
    },
    "melbands_flatness_db": {
        "dmean": 0.0408472791314,
        "dmean2": 0.0571308024228,
        "dvar": 0.00224462454207,
        "dvar2": 0.00390134309418,
        "max": 0.594170987606,
        "mean": 0.255838483572,
        "median": 0.248121023178,
        "min": 0.00672033475712,
        "stdev": 0.0849705561996,
        "var": 0.007219995372
    },
    "melbands_kurtosis": {
        "dmean": 14.166437149,
        "dmean2": 21.5511989594,
        "dvar": 1643.25,
        "dvar2": 3156.45825195,
        "max": 1101.78649902,
        "mean": 21.5517749786,
        "median": 8.34924888611,
        "min": -1.62764728069,
        "stdev": 55.4647521973,
        "var": 3076.33886719
    },
    "melbands_skewness": {
        "dmean": 1.00954937935,
        "dmean2": 1.47318708897,
        "dvar": 1.84771382809,
        "dvar2": 3.59651327133,
        "max": 22.7882537842,
        "mean": 2.79552745819,
        "median": 2.3164741993,
        "min": -0.938631057739,
        "stdev": 2.36812019348,
        "var": 5.60799312592
    },
    "melbands_spread": {
        "dmean": 6.78275728226,
        "dmean2": 10.2287168503,
        "dvar": 105.791252136,
        "dvar2": 208.027404785,
        "max": 134.132156372,
        "mean": 17.5239887238,
        "median": 14.508523941,
        "min": 0.203965768218,
        "stdev": 14.0400781631,
        "var": 197.123794556
    },
    "pitch_salience": {
        "dmean": 0.0790567845106,
        "dmean2": 0.126520365477,
        "dvar": 0.00783717166632,
        "dvar2": 0.0192086845636,
        "max": 0.856500387192,
        "mean": 0.481170922518,
        "median": 0.484812408686,
        "min": 0.0565316937864,
        "stdev": 0.139176547527,
        "var": 0.0193701125681
    },
    "silence_rate_20dB": {
        "dmean": 0,
        "dmean2": 0,
        "dvar": 0,
        "dvar2": 0,
        "max": 1,
        "mean": 1,
        "median": 1,
        "min": 1,
        "stdev": 0,
        "var": 0
    },
    "silence_rate_30dB": {
        "dmean": 0.0386996902525,
        "dmean2": 0.0774593353271,
        "dvar": 0.037202231586,
        "dvar2": 0.0714590772986,
        "max": 1,
        "mean": 0.876256763935,
        "median": 1,
        "min": 0,
        "stdev": 0.32928815484,
        "var": 0.108430698514
    },
    "silence_rate_60dB": {
        "dmean": 0.00541795650497,
        "dmean2": 0.0108443070203,
        "dvar": 0.00538878701627,
        "dvar2": 0.0153745273128,
        "max": 1,
        "mean": 0.00464037107304,
        "median": 0,
        "min": 0,
        "stdev": 0.0679614767432,
        "var": 0.00461876252666
    },
    "spectral_centroid": {
        "dmean": 301.067382812,
        "dmean2": 455.716796875,
        "dvar": 241708.109375,
        "dvar2": 396660.65625,
        "max": 11137.1386719,
        "mean": 1032.77844238,
        "median": 872.74420166,
        "min": 123.61580658,
        "stdev": 647.314086914,
        "var": 419015.5625
    },
    "spectral_complexity": {
        "dmean": 4.57430362701,
        "dmean2": 6.7180480957,
        "dvar": 46.0171699524,
        "dvar2": 74.5076217651,
        "max": 56,
        "mean": 15.0943546295,
        "median": 13,
        "min": 0,
        "stdev": 9.17402744293,
        "var": 84.1627731323
    },
    "spectral_decrease": {
        "dmean": 3.39265571192e-09,
        "dmean2": 4.73963845948e-09,
        "dvar": 1.90581834106e-17,
        "dvar2": 3.1306724851e-17,
        "max": -2.27229204439e-29,
        "mean": -1.16023981533e-08,
        "median": -8.18141643322e-09,
        "min": -4.96821108698e-08,
        "stdev": 1.0279151752e-08,
        "var": 1.05660961101e-16
    },
    "spectral_energy": {
        "dmean": 0.0134405614808,
        "dmean2": 0.018882682547,
        "dvar": 0.000285222777165,
        "dvar2": 0.000475564826047,
        "max": 0.188704296947,
        "mean": 0.0458795726299,
        "median": 0.0330244153738,
        "min": 1.09039780374e-20,
        "stdev": 0.039250895381,
        "var": 0.00154063291848
    },
    "spectral_energyband_high": {
        "dmean": 0.000645713007543,
        "dmean2": 0.000984029960819,
        "dvar": 1.88963690562e-06,
        "dvar2": 4.03118292525e-06,
        "max": 0.0126647204161,
        "mean": 0.000903645239305,
        "median": 0.000372509559384,
        "min": 7.67714646784e-21,
        "stdev": 0.00162785314023,
        "var": 2.64990580945e-06
    },
    "spectral_energyband_low": {
        "dmean": 0.00802765320987,
        "dmean2": 0.0116187930107,
        "dvar": 0.000330879178364,
        "dvar2": 0.000609478447586,
        "max": 0.187460541725,
        "mean": 0.0243553556502,
        "median": 0.0112838307396,
        "min": 9.25352395833e-23,
        "stdev": 0.0377921499312,
        "var": 0.00142824673094
    },
    "spectral_energyband_middle_high": {
        "dmean": 0.00353069207631,
        "dmean2": 0.00524891028181,
        "dvar": 3.03656161122e-05,
        "dvar2": 6.67592612444e-05,
        "max": 0.0635390132666,
        "mean": 0.00599464448169,
        "median": 0.00277895946056,
        "min": 1.66657849696e-21,
        "stdev": 0.00724811432883,
        "var": 5.25351606484e-05
    },
    "spectral_energyband_middle_low": {
        "dmean": 0.00832003448159,
        "dmean2": 0.0134386904538,
        "dvar": 0.000196591179701,
        "dvar2": 0.00052913534455,
        "max": 0.125597476959,
        "mean": 0.0154843917117,
        "median": 0.0116832070053,
        "min": 4.00297533018e-22,
        "stdev": 0.0143323382363,
        "var": 0.000205415926757
    },
    "spectral_entropy": {
        "dmean": 0.28762152791,
        "dmean2": 0.422800689936,
        "dvar": 0.101620547473,
        "dvar2": 0.192506745458,
        "max": 9.78420066833,
        "mean": 7.28971147537,
        "median": 7.21778869629,
        "min": 5.18650770187,
        "stdev": 0.537855923176,
        "var": 0.28928899765
    },
    "spectral_flux": {
        "dmean": 0.0392176546156,
        "dmean2": 0.057308934629,
        "dvar": 0.00166854273994,
        "dvar2": 0.0028964583762,
        "max": 0.424493640661,
        "mean": 0.103748887777,
        "median": 0.0846718922257,
        "min": 1.04422116787e-10,
        "stdev": 0.0720626786351,
        "var": 0.00519302999601
    },
    "spectral_kurtosis": {
        "dmean": 2.59457230568,
        "dmean2": 4.09148931503,
        "dvar": 15.9181985855,
        "dvar2": 43.1154098511,
        "max": 56.2095069885,
        "mean": 5.63933849335,
        "median": 4.26855421066,
        "min": -1.23831415176,
        "stdev": 5.24420022964,
        "var": 27.5016345978
    },
    "spectral_rms": {
        "dmean": 0.00097956485115,
        "dmean2": 0.00138725352008,
        "dvar": 1.2826941429e-06,
        "dvar2": 2.19186699724e-06,
        "max": 0.0135684097186,
        "mean": 0.00619387999177,
        "median": 0.00567617313936,
        "min": 3.26159889028e-12,
        "stdev": 0.0025291161146,
        "var": 6.3964284891e-06
    },
    "spectral_rolloff": {
        "dmean": 535.081054688,
        "dmean2": 894.254577637,
        "dvar": 1733710.125,
        "dvar2": 3586406.5,
        "max": 18863.0859375,
        "mean": 1070.53234863,
        "median": 710.595703125,
        "min": 43.06640625,
        "stdev": 1464.87109375,
        "var": 2145847.5
    },
    "spectral_skewness": {
        "dmean": 0.367474287748,
        "dmean2": 0.556417584419,
        "dvar": 0.183101221919,
        "dvar2": 0.42626324296,
        "max": 6.19241285324,
        "mean": 1.89331173897,
        "median": 1.84358608723,
        "min": 0.00382540212013,
        "stdev": 0.670292973518,
        "var": 0.44929265976
    },
    "spectral_spread": {
        "dmean": 919507.25,
        "dmean2": 1344457.625,
        "dvar": 2.21561461146e+12,
        "dvar2": 3.07405258752e+12,
        "max": 41457860,
        "mean": 5324701,
        "median": 5002762.5,
        "min": 1400922.125,
        "stdev": 2246574,
        "var": 5.04709460787e+12
    },
    "spectral_strongpeak": {
        "dmean": 0.58946031332,
        "dmean2": 0.977059662342,
        "dvar": 0.845921278,
        "dvar2": 1.95152139664,
        "max": 9.78185558319,
        "mean": 1.16962170601,
        "median": 0.801213681698,
        "min": 0,
        "stdev": 1.20416283607,
        "var": 1.45000815392
    },
    "zerocrossingrate": {
        "dmean": 0.0124534396455,
        "dmean2": 0.0141196865588,
        "dvar": 0.00041226981557,
        "dvar2": 0.000480439950479,
        "max": 0.501953125,
        "mean": 0.0462968423963,
        "median": 0.0400390625,
        "min": 0.001953125,
        "stdev": 0.0348970703781,
        "var": 0.00121780554764
    },
    "barkbands": {
        "dmean": [0.00112992408685, 0.00637405039743, 0.00367739400826, 0.000996169983409, 0.00273151346482, 0.00239157816395, 0.000606007874012, 0.00217371620238, 0.00196809950285, 0.000970695400611, 0.00101657689083, 0.000649814377539, 0.00055008509662, 0.00053415435832, 0.000443459837697, 0.000260564847849, 0.000207759352634, 0.000168968821527, 0.000161455114721, 0.000149296334712, 0.000126527622342, 0.00016711500939, 0.000108782885945, 0.000117862742627, 0.0001042924996, 3.64208499377e-05, 9.11794188596e-07],
        "dmean2": [0.00122265669052, 0.00732736196369, 0.00636864081025, 0.00178385444451, 0.00460192421451, 0.00392527924851, 0.00107596849557, 0.00342117878608, 0.00324388430454, 0.00149199354928, 0.0015829479089, 0.00103060563561, 0.000904095708393, 0.000869862618856, 0.000694046320859, 0.00042423926061, 0.000316729099723, 0.000259247259237, 0.000257222302025, 0.00022736316896, 0.000198780748178, 0.000262570916675, 0.000167111662449, 0.000185804907233, 0.000163283766597, 5.85644665989e-05, 1.53788971602e-06],
        "dvar": [7.58972691983e-06, 0.000183519237908, 0.000204195530387, 1.22657074826e-05, 4.55894078186e-05, 2.12703052966e-05, 2.13452653952e-06, 2.38583761529e-05, 2.29293837037e-05, 7.02687430021e-06, 7.14285124559e-06, 1.98093107429e-06, 3.40197789228e-06, 1.68021836089e-06, 1.95437542061e-06, 3.46136573626e-07, 2.14484444427e-07, 1.17213637907e-07, 8.71641603339e-08, 1.01061665703e-07, 8.95784921795e-08, 1.58601366707e-07, 5.39436051383e-08, 8.4451144744e-08, 6.28317877727e-08, 1.06575681613e-08, 1.28065995308e-11],
        "dvar2": [9.7982092484e-06, 0.000199887042982, 0.00055382977007, 3.67733227904e-05, 0.00012455797696, 5.18339438713e-05, 5.60880653211e-06, 5.50689037482e-05, 5.78934814257e-05, 1.77030524355e-05, 1.79908001883e-05, 4.64587265014e-06, 9.0127950898e-06, 4.28374914918e-06, 4.92946537634e-06, 8.30416752251e-07, 5.19807997534e-07, 2.68727234243e-07, 1.9821669639e-07, 2.35764446188e-07, 1.96184373635e-07, 3.49339529748e-07, 1.17835604385e-07, 2.03657151587e-07, 1.51754306899e-07, 2.58143870724e-08, 2.73936377054e-11],
        "max": [0.0357485115528, 0.177491158247, 0.113528043032, 0.0353392511606, 0.0780925527215, 0.0431942343712, 0.014987481758, 0.0553060211241, 0.0565700493753, 0.0342806130648, 0.0406863577664, 0.0156530290842, 0.0322871990502, 0.0153433606029, 0.0220159143209, 0.00693942559883, 0.00497659854591, 0.005423696246, 0.00297861057334, 0.00386383547448, 0.00288064498454, 0.00423402711749, 0.00192385073751, 0.00313615542836, 0.00315787084401, 0.00118179561105, 0.000105589955638],
        "mean": [0.00213508540764, 0.0180935319513, 0.00360634643584, 0.00114378961734, 0.003985629417, 0.00340683432296, 0.000663079088554, 0.00277425860986, 0.00278139440343, 0.00141337746754, 0.00151405064389, 0.000756183231715, 0.000574260309804, 0.0006182671641, 0.000471073348308, 0.000305028777802, 0.000227633063332, 0.000207438177313, 0.00020309833053, 0.000193452477106, 0.000151631582412, 0.000184720687685, 0.000130927437567, 0.000148951861775, 0.000146099744597, 4.25872676715e-05, 8.75829755387e-07],
        "median": [0.000383309234167, 0.00821899622679, 0.00134182639886, 0.000555065867957, 0.00121341925114, 0.0010263818549, 0.00017972898786, 0.000815612496808, 0.000558076368179, 0.000288842857117, 0.000401631725254, 0.000149989966303, 8.82702734089e-05, 0.000109605156467, 0.000101924139017, 5.03176124766e-05, 4.54730288766e-05, 5.62406676181e-05, 6.46122352919e-05, 5.32500453119e-05, 3.1245934224e-05, 1.6334677639e-05, 3.28193091264e-05, 5.26172261743e-05, 5.35382241651e-05, 9.74532213149e-06, 4.79992152691e-08],
        "min": [1.03336826391e-23, 6.83478049743e-23, 9.83790959256e-24, 6.44868309811e-24, 1.49225567334e-23, 1.28062177362e-22, 3.93419101376e-23, 1.09695690575e-22, 8.94912967182e-23, 8.45159888543e-23, 6.55954377216e-23, 2.25996557686e-22, 3.72348374162e-23, 8.16149749634e-23, 1.53570215614e-22, 1.06381805819e-22, 1.63036533855e-22, 2.4266658963e-22, 3.63049515314e-22, 3.07460367967e-22, 4.14847813668e-22, 6.1415969342e-22, 6.43032658883e-22, 6.88142123581e-22, 1.29599602896e-21, 1.65900745175e-21, 2.46412156744e-21],
        "stdev": [0.00502122472972, 0.0315746925771, 0.0116163827479, 0.00274970359169, 0.00738707138225, 0.00539262127131, 0.00147362751886, 0.00522088166326, 0.00519797997549, 0.00317984307185, 0.00325445504859, 0.00160851108376, 0.00179457431659, 0.00138757913373, 0.0013590346789, 0.000682602578308, 0.000496295921039, 0.00041657561087, 0.000328149239067, 0.000359562749509, 0.000338195590302, 0.000446092977654, 0.000267318158876, 0.000306155474391, 0.000285854039248, 0.000119139658636, 4.70145050713e-06],
        "var": [2.52126956184e-05, 0.000996961258352, 0.00013494034647, 7.56087047193e-06, 5.45688235434e-05, 2.90803654934e-05, 2.17157798943e-06, 2.72576071438e-05, 2.70189939329e-05, 1.01114019344e-05, 1.05914778032e-05, 2.58730801761e-06, 3.22049686474e-06, 1.9253757273e-06, 1.84697523764e-06, 4.65946243366e-07, 2.46309667773e-07, 1.73535241288e-07, 1.07681920269e-07, 1.29285368189e-07, 1.14376256022e-07, 1.98998932888e-07, 7.14589916129e-08, 9.37311668281e-08, 8.17125354047e-08, 1.41942582133e-08, 2.21036366294e-11]
    },
    "erbbands": {
        "dmean": [0.332068234682, 1.21029901505, 3.89008688927, 3.33201265335, 4.61984395981, 10.2580375671, 21.3590946198, 16.0512828827, 6.7071852684, 25.0107536316, 52.2391166687, 43.0362434387, 28.6345901489, 42.3468132019, 28.9827327728, 27.6940250397, 24.3106746674, 30.3023014069, 22.2480163574, 16.2931232452, 13.3768396378, 11.2764577866, 9.3662443161, 8.56865406036, 7.56170558929, 7.07022237778, 4.92277812958, 5.47914743423, 6.1584444046, 4.50741052628, 3.02631425858, 2.65623736382, 1.85285627842, 1.41143226624, 0.64400434494, 0.244025528431, 0.0499782264233, 0.00511533534154, 0.000132580069476, 1.91005055967e-05],
        "dmean2": [0.373424768448, 1.42865097523, 6.33080482483, 5.68245410919, 8.6331949234, 16.8097991943, 34.3972702026, 26.4554004669, 11.7729415894, 40.2205123901, 81.7420654297, 70.5078277588, 44.8757820129, 65.298538208, 46.4024620056, 43.6450004578, 38.797203064, 49.1716537476, 33.8196754456, 26.8487758636, 21.5612411499, 17.2910270691, 14.3215713501, 13.5859575272, 11.955499649, 10.9570636749, 7.66599273682, 8.66534423828, 9.80980968475, 7.15362501144, 4.62327098846, 4.23489236832, 2.86679053307, 2.18676018715, 1.02908217907, 0.391726285219, 0.0827416107059, 0.00843845121562, 0.000214346800931, 2.74735029961e-05],
        "dvar": [0.604917287827, 7.80896806717, 205.798355103, 148.193710327, 276.39630127, 685.491882324, 1305.45922852, 1496.22265625, 258.278167725, 3802.13500977, 14481.5185547, 12273.9423828, 6523.65576172, 15685.8544922, 6330.53076172, 3631.02929688, 6000.87841797, 5181.53808594, 2645.64331055, 2597.00952148, 1143.75744629, 585.246398926, 384.364471436, 271.905090332, 191.956878662, 289.664581299, 102.098609924, 219.60395813, 228.089691162, 100.166030884, 42.9335136414, 62.8476066589, 16.6054801941, 10.5934238434, 2.55077648163, 0.442041546106, 0.0224482342601, 0.000298273953376, 1.8782502309e-07, 5.96539373454e-10],
        "dvar2": [0.627088367939, 9.83169269562, 528.400634766, 400.319793701, 822.528259277, 1770.21472168, 3182.44848633, 3786.01513672, 703.971557617, 8885.65429688, 34055.8710938, 31658.6835938, 16307.5878906, 40241.140625, 15694.5234375, 8423.42675781, 15563.3496094, 13324.8779297, 6281.62451172, 6584.09765625, 2755.07373047, 1365.57470703, 883.812927246, 616.623779297, 416.966125488, 721.127258301, 203.540756226, 506.341552734, 519.153137207, 211.864135742, 97.2481384277, 162.565505981, 37.320148468, 25.4045829773, 6.35598993301, 1.07509148121, 0.0551088675857, 0.000718416238669, 4.28615379633e-07, 1.21615895132e-09],
        "max": [9.43163013458, 34.0123138428, 122.479675293, 104.350097656, 163.461807251, 358.779937744, 328.275756836, 545.640136719, 161.282653809, 762.738647461, 1451.00976562, 1488.09558105, 1243.7265625, 2075.13208008, 1334.29968262, 741.889953613, 1516.30480957, 917.450073242, 627.317077637, 920.542663574, 430.823608398, 219.228088379, 274.954864502, 202.364273071, 103.166030884, 237.501480103, 115.328704834, 130.016098022, 153.132873535, 91.0925292969, 65.4985122681, 91.8493881226, 42.1036071777, 48.1167182922, 17.1395320892, 7.12322282791, 2.12340807915, 0.298770070076, 0.0106082940474, 0.000276820064755],
        "mean": [0.813478708267, 2.89724707603, 4.41003751755, 3.98141360283, 4.79174184799, 15.0301513672, 34.7408828735, 20.5826225281, 8.24482631683, 31.8901748657, 68.6343231201, 63.9369621277, 46.3280677795, 64.1711959839, 36.771156311, 33.5264396667, 28.1011371613, 36.6767997742, 25.920425415, 17.9619503021, 16.5614490509, 12.8665332794, 11.313580513, 11.5526790619, 10.1790151596, 8.91294765472, 6.58602285385, 6.0865778923, 6.76772022247, 5.14631700516, 3.62165641785, 2.99878621101, 2.55146098137, 1.98393070698, 0.832865834236, 0.282020449638, 0.0597869455814, 0.00598440039903, 0.000173340697074, 6.03409207542e-05],
        "median": [0.334313750267, 1.35555946827, 1.77391338348, 1.96464574337, 2.27868366241, 4.04150009155, 14.1386194229, 6.01119470596, 3.25747942924, 6.12823677063, 22.1873760223, 17.641242981, 12.3064308167, 18.0974693298, 10.3147153854, 8.17673969269, 6.13522291183, 7.92934465408, 5.37075281143, 4.87031936646, 3.0600707531, 2.68553447723, 2.87412691116, 3.6591861248, 3.227840662, 2.62643837929, 1.82827711105, 0.883409619331, 0.608624517918, 0.778576016426, 0.937718808651, 0.856934726238, 0.924349367619, 0.734843254089, 0.269324064255, 0.0655510500073, 0.0133866928518, 0.00106404244434, 6.16442557657e-05, 4.50965453638e-05],
        "min": [2.55146767999e-21, 1.27797433623e-20, 1.07065104766e-20, 2.71193684141e-20, 1.64729464698e-20, 8.04277855473e-20, 4.8463038674e-19, 1.01136395647e-18, 8.89533590525e-19, 6.23624905489e-19, 2.75217568855e-18, 2.33785063909e-18, 2.01682225695e-18, 2.96417649608e-18, 5.97428385002e-18, 6.45676796157e-18, 2.40585812033e-18, 3.78014260747e-18, 4.04275094526e-18, 8.83894927764e-18, 8.36617668007e-18, 9.65804502688e-18, 1.13822509014e-17, 1.680345946e-17, 1.48953820887e-17, 1.60932984343e-17, 1.40568972259e-17, 1.88105966727e-17, 2.29235520909e-17, 2.1742090022e-17, 1.64751216963e-17, 1.3806622151e-17, 1.17943332574e-17, 1.45916049718e-17, 9.6592601552e-18, 5.83129079189e-18, 3.19130953893e-18, 1.16951758086e-18, 3.45029156862e-19, 3.7295644809e-20],
        "stdev": [1.63772261143, 5.1831870079, 12.6940898895, 10.3226270676, 12.8735027313, 31.0254020691, 47.4576530457, 41.7788352966, 16.1223640442, 72.2064437866, 124.792457581, 122.427642822, 102.704574585, 145.871185303, 79.3352355957, 70.1226272583, 76.0395889282, 78.5628051758, 58.5570640564, 47.2415428162, 39.8689689636, 26.5484046936, 23.5909099579, 19.5058231354, 16.2470188141, 17.5087528229, 12.4689817429, 15.6949195862, 16.4004020691, 11.5370321274, 7.42524147034, 7.44180440903, 4.75607872009, 3.76327824593, 1.75117182732, 0.749855160713, 0.173380255699, 0.020758183673, 0.000537172774784, 4.73842083011e-05],
        "var": [2.68213534355, 26.8654289246, 161.139907837, 106.556625366, 165.72706604, 962.575622559, 2252.22900391, 1745.47119141, 259.930603027, 5213.77050781, 15573.1582031, 14988.5273438, 10548.2294922, 21278.4023438, 6294.08007812, 4917.18310547, 5782.01904297, 6172.11425781, 3428.92993164, 2231.76342773, 1589.53479004, 704.817749023, 556.531005859, 380.477172852, 263.965606689, 306.556396484, 155.475509644, 246.330505371, 268.973175049, 133.103103638, 55.1342086792, 55.3804512024, 22.6202869415, 14.1622638702, 3.06660270691, 0.56228274107, 0.0300607122481, 0.000430902204243, 2.88554588224e-07, 2.24526330861e-09]
    },
    "gfcc": {
        "mean": [0.205027326941, 103.901138306, -97.9053726196, 24.9313907623, -59.2348098755, 25.8105239868, -32.8221321106, 20.2680835724, -22.860294342, 5.8056602478, -10.8764629364, -0.982900738716, -3.23217535019],
        "cov": [[4912.74365234, -1519.83776855, -534.604064941, 274.011260986, -337.633758545, 251.283233643, -371.621063232, 256.829467773, -234.221359253, 255.866729736, 4.86933469772, 101.897651672, -55.5486831665], [-1519.83776855, 1555.40478516, 120.982162476, -176.66998291, 262.14654541, -164.12588501, 328.203063965, -102.00289917, 163.585479736, -180.796005249, 107.822006226, -139.641067505, 73.3187484741], [-534.604064941, 120.982162476, 977.13470459, 207.135818481, 106.607597351, 115.997108459, -42.7995185852, 102.16053009, 54.193523407, 38.9146118164, 14.6276044846, 31.5476703644, 33.6396369934], [274.011260986, -176.66998291, 207.135818481, 546.322265625, 61.4383544922, 11.3834047318, -21.2212104797, -19.4691486359, 147.469894409, 28.6403503418, -46.2333908081, 92.5954742432, 48.3386001587], [-337.633758545, 262.14654541, 106.607597351, 61.4383544922, 315.08102417, 53.2173652649, 58.2124557495, 20.1577968597, 57.7110404968, 4.52848291397, 40.3583869934, -17.4920063019, 50.0484008789], [251.283233643, -164.12588501, 115.997108459, 11.3834047318, 53.2173652649, 264.993804932, 38.5186691284, 74.009223938, -37.4895782471, 33.9379386902, 8.38039016724, -15.5803031921, -6.01656293869], [-371.621063232, 328.203063965, -42.7995185852, -21.2212104797, 58.2124557495, 38.5186691284, 324.137359619, 0.00102626578882, 59.0564308167, -40.0440635681, -12.6901111603, -12.5362224579, 9.02918243408], [256.829467773, -102.00289917, 102.16053009, -19.4691486359, 20.1577968597, 74.009223938, 0.00102626578882, 219.454269409, 10.382806778, 23.8291759491, 33.1200675964, -26.423286438, 22.08228302], [-234.221359253, 163.585479736, 54.193523407, 147.469894409, 57.7110404968, -37.4895782471, 59.0564308167, 10.382806778, 224.006317139, -7.93980979919, -25.0803031921, 21.3472595215, 30.2665805817], [255.866729736, -180.796005249, 38.9146118164, 28.6403503418, 4.52848291397, 33.9379386902, -40.0440635681, 23.8291759491, -7.93980979919, 131.065567017, 32.2710723877, -12.8825922012, 14.9841918945], [4.86933469772, 107.822006226, 14.6276044846, -46.2333908081, 40.3583869934, 8.38039016724, -12.6901111603, 33.1200675964, -25.0803031921, 32.2710723877, 168.776229858, -40.4468536377, 24.2370872498], [101.897651672, -139.641067505, 31.5476703644, 92.5954742432, -17.4920063019, -15.5803031921, -12.5362224579, -26.423286438, 21.3472595215, -12.8825922012, -40.4468536377, 169.269561768, -3.02931809425], [-55.5486831665, 73.3187484741, 33.6396369934, 48.3386001587, 50.0484008789, -6.01656293869, 9.02918243408, 22.08228302, 30.2665805817, 14.9841918945, 24.2370872498, -3.02931809425, 120.223770142]],
        "icov": [[0.000448857288575, -9.1322363005e-05, 0.000479832029669, -0.000538786756806, 0.00040832880768, -0.000463724049041, 0.000424181343988, -0.000735716486815, 0.000500347756315, -0.000696191040333, 5.98991755396e-05, -0.000322420557495, 0.000196146778762], [-9.1322363005e-05, 0.00259078317322, -0.00098661868833, 0.00127758248709, -0.00147948227823, 0.00168631738052, -0.00200977805071, 0.00176372670103, -0.00160956731997, 0.00305022019893, -0.00169868487865, 0.00181886611972, -0.000919199781492], [0.000479832029669, -0.00098661868833, 0.00207600649446, -0.00138688995503, 0.00063785223756, -0.00143962725997, 0.00135640904773, -0.00180903496221, 0.000990271102637, -0.00176673207898, 0.000581604545005, -0.00109063659329, 0.000519130437169], [-0.000538786756806, 0.00127758248709, -0.00138688995503, 0.00401719613001, -0.00127637560945, 0.000872153032105, -0.000944318890106, 0.00222193542868, -0.00298708071932, 0.0015431495849, -0.00035325952922, 4.94997402711e-05, -0.00138528388925], [0.00040832880768, -0.00147948227823, 0.00063785223756, -0.00127637560945, 0.00512410793453, -0.00213522859849, 0.000979456817731, -0.00119288067799, 0.000406570528867, -0.00185400340706, 4.38462029706e-06, -0.000869083392899, -0.000562859291676], [-0.000463724049041, 0.00168631738052, -0.00143962725997, 0.000872153032105, -0.00213522859849, 0.00658950535581, -0.00261090975255, 0.000167018995853, 0.000197427798412, 0.00130996177904, -0.000600742991082, 0.00161390239373, 0.000142353004776], [0.000424181343988, -0.00200977805071, 0.00135640904773, -0.000944318890106, 0.000979456817731, -0.00261090975255, 0.005582252983, -0.0016363481991, 0.000283493398456, -0.00170363381039, 0.00147381611168, -0.00143368763383, 0.000572435383219], [-0.000735716486815, 0.00176372670103, -0.00180903496221, 0.00222193542868, -0.00119288067799, 0.000167018995853, -0.0016363481991, 0.00788900349289, -0.0027491399087, 0.00269949436188, -0.00189513817895, 0.00208849366754, -0.00183359161019], [0.000500347756315, -0.00160956731997, 0.000990271102637, -0.00298708071932, 0.000406570528867, 0.000197427798412, 0.000283493398456, -0.0027491399087, 0.00807213503867, -0.00245341379195, 0.00187958101742, -0.00127735524438, 0.000323502375977], [-0.000696191040333, 0.00305022019893, -0.00176673207898, 0.0015431495849, -0.00185400340706, 0.00130996177904, -0.00170363381039, 0.00269949436188, -0.00245341379195, 0.0133566604927, -0.0035073379986, 0.00309502682649, -0.00210048584267], [5.98991755396e-05, -0.00169868487865, 0.000581604545005, -0.00035325952922, 4.38462029706e-06, -0.000600742991082, 0.00147381611168, -0.00189513817895, 0.00187958101742, -0.0035073379986, 0.00836538244039, -0.000107692132588, -0.0004767854698], [-0.000322420557495, 0.00181886611972, -0.00109063659329, 4.94997402711e-05, -0.000869083392899, 0.00161390239373, -0.00143368763383, 0.00208849366754, -0.00127735524438, 0.00309502682649, -0.000107692132588, 0.00841661170125, -0.00063670455711], [0.000196146778762, -0.000919199781492, 0.000519130437169, -0.00138528388925, -0.000562859291676, 0.000142353004776, 0.000572435383219, -0.00183359161019, 0.000323502375977, -0.00210048584267, -0.0004767854698, -0.00063670455711, 0.0101764183491]]
    },
    "melbands": {
        "dmean": [0.00219103507698, 0.00156879168935, 0.000559642328881, 0.000512403901666, 0.000676184718031, 0.000370937719708, 0.000104722028482, 0.000309175899019, 0.000454529508715, 0.000260603992501, 0.000138844043249, 0.000166070531122, 0.000104972510599, 7.82210336183e-05, 6.93126785336e-05, 5.30173965672e-05, 5.95507335674e-05, 3.40091828548e-05, 3.38060926879e-05, 1.84808468475e-05, 1.53183682414e-05, 1.25297201521e-05, 1.012091343e-05, 7.83072209742e-06, 7.27023552827e-06, 5.86904525335e-06, 5.44772365174e-06, 4.7065450417e-06, 3.18028310176e-06, 2.90690013571e-06, 3.44257114193e-06, 3.7074478314e-06, 3.12670476887e-06, 2.35056290876e-06, 1.8009671976e-06, 1.59124840593e-06, 1.69352824742e-06, 1.32209538606e-06, 1.32722959734e-06, 1.21769278394e-06],
        "dmean2": [0.00243386393413, 0.0022282381542, 0.000933595700189, 0.000892424723133, 0.00108283362351, 0.000611317984294, 0.000186126824701, 0.000492566730827, 0.00070801761467, 0.00043006654596, 0.000218076573219, 0.000256743951468, 0.000167652411619, 0.000128040381242, 0.000107044274046, 8.8786437118e-05, 9.73764908849e-05, 5.23080489074e-05, 5.41362896911e-05, 3.04778641294e-05, 2.51153214776e-05, 1.95981774596e-05, 1.55996640387e-05, 1.20401500681e-05, 1.15366328828e-05, 9.28279405343e-06, 8.73647150001e-06, 7.46179739508e-06, 4.9381401368e-06, 4.51683899882e-06, 5.53136578674e-06, 5.85012139709e-06, 4.97739347338e-06, 3.7172287648e-06, 2.77753201772e-06, 2.45934666054e-06, 2.77183607977e-06, 2.07755533665e-06, 2.05198944059e-06, 1.94200265469e-06],
        "dvar": [2.31118719967e-05, 2.39983510255e-05, 3.63164622286e-06, 2.43465046879e-06, 1.27284079099e-06, 6.68335871978e-07, 6.5447395059e-08, 6.01087606356e-07, 1.12373299999e-06, 4.77297533052e-07, 1.63507408502e-07, 2.45943311938e-07, 6.89069565851e-08, 3.507663493e-08, 2.10337027795e-08, 4.63273011064e-08, 2.08901766996e-08, 6.63251276123e-09, 1.84653572433e-08, 1.69828229257e-09, 1.86515602962e-09, 8.37594271719e-10, 4.89869922404e-10, 3.34374083977e-10, 2.16017398413e-10, 1.23435067723e-10, 1.2824998008e-10, 1.37477459972e-10, 4.08709836808e-11, 4.49977277661e-11, 1.03697488096e-10, 8.21694795539e-11, 5.36229671777e-11, 2.63346549428e-11, 1.58414028423e-11, 1.27506043918e-11, 3.24038712529e-11, 8.72943297509e-12, 8.71616234049e-12, 8.9180364482e-12],
        "dvar2": [2.40880926867e-05, 5.4340747738e-05, 9.36870128498e-06, 6.88159161655e-06, 3.08698417939e-06, 1.6698336367e-06, 1.7654647877e-07, 1.39356313866e-06, 2.67106224783e-06, 1.23654433537e-06, 4.11192161209e-07, 6.30694444226e-07, 1.72969691903e-07, 8.63569837861e-08, 4.81862052482e-08, 1.27161968067e-07, 5.34692929932e-08, 1.54757771043e-08, 4.73480490371e-08, 4.13636414009e-09, 4.68104399687e-09, 2.03290961842e-09, 1.14466047751e-09, 8.0390233359e-10, 5.07431985319e-10, 2.77563666495e-10, 2.9726468509e-10, 3.47065820527e-10, 8.29470658825e-11, 9.07244557258e-11, 2.54544552103e-10, 1.86035867267e-10, 1.21989141011e-10, 5.5647465802e-11, 3.62040744606e-11, 3.07884932826e-11, 8.60219465104e-11, 2.01195778787e-11, 2.02637524815e-11, 2.24766160545e-11],
        "max": [0.0608781836927, 0.0456786192954, 0.0165791418403, 0.0202472172678, 0.00902978889644, 0.0104477005079, 0.00270183896646, 0.0104510840029, 0.0109509648755, 0.00886589102447, 0.00633800588548, 0.00783750507981, 0.00344030279666, 0.00199044053443, 0.00172080530319, 0.0041666100733, 0.00171795522328, 0.000932981900405, 0.00244337273762, 0.000382766185794, 0.000531688740011, 0.000302129308693, 0.00020466731803, 0.000442565971753, 0.00019999689539, 0.000110254964966, 0.000107976258732, 0.000157358139404, 8.26505129226e-05, 6.87691499479e-05, 9.10609523999e-05, 9.38714365475e-05, 7.41100811865e-05, 4.25294456363e-05, 3.91243411286e-05, 3.30350667355e-05, 6.89966400387e-05, 3.21351071761e-05, 4.26946608059e-05, 4.75964297948e-05],
        "mean": [0.00598639808595, 0.00264337914996, 0.000709774438292, 0.000646115862764, 0.00115356151946, 0.000492200721055, 0.000122671292047, 0.000392260786612, 0.000593210977968, 0.000386232277378, 0.000213412102312, 0.000243122180109, 0.00014351507707, 8.33844023873e-05, 8.63990280777e-05, 5.2234136092e-05, 7.14364869054e-05, 3.8186837628e-05, 3.40974220308e-05, 2.03231265914e-05, 1.81144005182e-05, 1.38037057695e-05, 1.06446050268e-05, 9.63985803537e-06, 9.30104306462e-06, 7.62036233937e-06, 6.81366191202e-06, 5.66847165828e-06, 4.20799415224e-06, 3.49203241967e-06, 3.5225789361e-06, 3.9589467633e-06, 3.37858364219e-06, 2.64553295892e-06, 2.098202458e-06, 1.85586645784e-06, 1.80635231573e-06, 1.72873819793e-06, 1.8210437247e-06, 1.64007235526e-06],
        "median": [0.00263435556553, 0.00127282179892, 0.000365700630937, 0.000215100692003, 0.000463553937152, 0.000145882397192, 4.06912513427e-05, 6.69725704938e-05, 0.000172869156813, 9.11700335564e-05, 4.41122829216e-05, 5.91182397329e-05, 4.17562732764e-05, 1.67202633747e-05, 1.64626999322e-05, 8.52544235386e-06, 1.2355763829e-05, 6.74275543133e-06, 7.99801455287e-06, 3.85131534131e-06, 3.00343390336e-06, 2.78688912658e-06, 2.03998729376e-06, 2.44577063313e-06, 2.67039058599e-06, 2.13765315493e-06, 1.61474747529e-06, 1.49128254634e-06, 1.19093215289e-06, 6.23007110789e-07, 3.80372625841e-07, 3.45153893022e-07, 2.80171605027e-07, 4.28610690051e-07, 4.95729238992e-07, 4.57140657772e-07, 4.45826600526e-07, 5.49670176042e-07, 5.70663303279e-07, 5.22104585343e-07],
        "min": [2.14625086716e-23, 9.83751042894e-24, 3.75276160414e-24, 3.02682695004e-24, 1.30158160277e-23, 2.41283710152e-23, 1.24276310816e-23, 9.73721623117e-24, 2.06795941999e-23, 1.47600214102e-23, 1.06021509378e-23, 1.23957666231e-23, 1.45441859111e-23, 2.70291987349e-23, 7.98893164897e-24, 4.58369798346e-24, 7.5084222721e-24, 6.24723208317e-24, 1.13649415678e-23, 7.99164927479e-24, 1.08557539416e-23, 1.01000149392e-23, 1.07745643772e-23, 9.51339588198e-24, 1.40550700617e-23, 1.60281121599e-23, 7.97798383733e-24, 1.1153216034e-23, 6.81763728779e-24, 1.27824772828e-23, 9.64949095421e-24, 1.45971358328e-23, 9.43309536385e-24, 1.37343207954e-23, 1.02737725976e-23, 7.80820834875e-24, 8.86880659227e-24, 8.43950927651e-24, 8.31722479215e-24, 1.40139246546e-23],
        "stdev": [0.0109745422378, 0.00557227432728, 0.00170513719786, 0.00147129653487, 0.00152579485439, 0.000904339423869, 0.000260559027083, 0.000902518513612, 0.00110886152834, 0.000775529828388, 0.000510688871145, 0.000570630363654, 0.000284326990368, 0.000191137427464, 0.000182064992259, 0.000186516961548, 0.000161764852237, 9.29523230297e-05, 0.000122275581816, 4.30473737651e-05, 4.90217353217e-05, 3.10833383992e-05, 2.37660005951e-05, 2.28957887884e-05, 1.67028392752e-05, 1.28774399855e-05, 1.2869802049e-05, 1.1729191101e-05, 7.89695513959e-06, 7.9839846876e-06, 1.00962543002e-05, 9.82309484243e-06, 8.14502618596e-06, 5.86907344768e-06, 4.45047226094e-06, 3.88233593185e-06, 5.05627394887e-06, 3.31295950673e-06, 3.50629215973e-06, 3.23994481732e-06],
        "var": [0.000120440585306, 3.1050243706e-05, 2.90749267151e-06, 2.16471357817e-06, 2.32804995903e-06, 8.17829800326e-07, 6.78910012653e-08, 8.14539646399e-07, 1.22957385429e-06, 6.01446515702e-07, 2.60803147967e-07, 3.25619026853e-07, 8.08418434417e-08, 3.65335139918e-08, 3.31476606164e-08, 3.47885773522e-08, 2.61678660962e-08, 8.64013482982e-09, 1.49513184056e-08, 1.85307647005e-09, 2.40313036137e-09, 9.66173918648e-10, 5.64822744131e-10, 5.24217114162e-10, 2.78984835234e-10, 1.65828462073e-10, 1.6563181382e-10, 1.37573924475e-10, 6.2361893427e-11, 6.37440100704e-11, 1.0193434985e-10, 9.64931884395e-11, 6.63414531643e-11, 3.44460224233e-11, 1.98067014179e-11, 1.50725334991e-11, 2.55659070303e-11, 1.09757012506e-11, 1.22940850208e-11, 1.04972419646e-11]
    },
    "melbands128": {
