{
"lowlevel": {
    "average_loudness": 0.955507516861,
    "barkbands_crest": {
        "dmean": 2.41314291954,
        "dmean2": 3.9317471981,
        "dvar": 4.90091609955,
        "dvar2": 12.1318597794,
        "max": 22.0246257782,
        "mean": 11.2442026138,
        "median": 11.0937318802,
        "min": 2.74099564552,
        "stdev": 3.4948554039,
        "var": 12.2140140533
    },
    "barkbands_flatness_db": {
        "dmean": 0.0243524108082,
        "dmean2": 0.0381154790521,
        "dvar": 0.000552863872144,
        "dvar2": 0.00129978789482,
        "max": 0.337731033564,
        "mean": 0.154962092638,
        "median": 0.150381907821,
        "min": 0.0396062768996,
        "stdev": 0.0442818030715,
        "var": 0.0019608780276
    },
    "barkbands_kurtosis": {
        "dmean": 4.31835794449,
        "dmean2": 6.97914648056,
        "dvar": 29.1874485016,
        "dvar2": 70.1755142212,
        "max": 62.3177642822,
        "mean": 7.60133123398,
        "median": 5.17897701263,
        "min": -1.91162538528,
        "stdev": 8.55869960785,
        "var": 73.251335144
    },
    "barkbands_skewness": {
        "dmean": 0.652342140675,
        "dmean2": 1.03380477428,
        "dvar": 0.457549154758,
        "dvar2": 1.04462814331,
        "max": 6.21254968643,
        "mean": 2.163220644,
        "median": 2.13421463966,
        "min": -3.55345511436,
        "stdev": 1.28667068481,
        "var": 1.65552139282
    },
    "barkbands_spread": {
        "dmean": 6.33911752701,
        "dmean2": 10.142745018,
        "dvar": 85.1744842529,
        "dvar2": 182.343902588,
        "max": 107.664497375,
        "mean": 19.1168289185,
        "median": 16.3359699249,
        "min": 1.64947211742,
        "stdev": 14.3484716415,
        "var": 205.878646851
    },
    "dissonance": {
        "dmean": 0.0234991330653,
        "dmean2": 0.0383305922151,
        "dvar": 0.000642562401481,
        "dvar2": 0.00157091894653,
        "max": 0.499875307083,
        "mean": 0.449122220278,
        "median": 0.458337634802,
        "min": 0.051256865263,
        "stdev": 0.0374381840229,
        "var": 0.00140161765739
    },
    "dynamic_complexity": 2.00354886055,
    "erbbands_crest": {
        "dmean": 2.7229282856,
        "dmean2": 4.30522441864,
        "dvar": 6.23057556152,
        "dvar2": 14.410823822,
        "max": 30.3969326019,
        "mean": 9.8309431076,
        "median": 8.90563678741,
        "min": 2.48683166504,
        "stdev": 5.15299844742,
        "var": 26.5533943176
    },
    "erbbands_flatness_db": {
        "dmean": 0.0178786590695,
        "dmean2": 0.0252485703677,
        "dvar": 0.000382955273381,
        "dvar2": 0.000818409898784,
        "max": 0.282733380795,
        "mean": 0.142796561122,
        "median": 0.142681136727,
        "min": 0.0465468764305,
        "stdev": 0.0471555441618,
        "var": 0.00222364533693
    },
    "erbbands_kurtosis": {
        "dmean": 1.19325661659,
        "dmean2": 1.80805742741,
        "dvar": 2.88552069664,
        "dvar2": 6.13262462616,
        "max": 28.6954345703,
        "mean": 1.2765661478,
        "median": 0.387461185455,
        "min": -1.78245031834,
        "stdev": 3.21211099625,
        "var": 10.317656517
    },
    "erbbands_skewness": {
        "dmean": 0.403317511082,
        "dmean2": 0.588241994381,
        "dvar": 0.162819430232,
        "dvar2": 0.3349429667,
        "max": 4.15996170044,
        "mean": 0.522782087326,
        "median": 0.410066336393,
        "min": -2.61247491837,
        "stdev": 0.912582933903,
        "var": 0.832807600498
    },
    "erbbands_spread": {
        "dmean": 10.4375810623,
        "dmean2": 15.5052680969,
        "dvar": 150.948394775,
        "dvar2": 345.019805908,
        "max": 156.16734314,
        "mean": 45.1989746094,
        "median": 40.7199363708,
        "min": 4.70389890671,
        "stdev": 25.9734706879,
        "var": 674.621154785
    },
    "hfc": {
        "dmean": 8.39745998383,
        "dmean2": 11.2747144699,
        "dvar": 159.630050659,
        "dvar2": 295.181518555,
        "max": 156.421325684,
        "mean": 26.1271533966,
        "median": 19.6158790588,
        "min": 1.18953336645e-16,
        "stdev": 23.1724681854,
        "var": 536.963256836
    },
    "loudness_ebu128": {
        "integrated": -9.29748916626,
        "loudness_range": 3.32445383072,
        "momentary": {
            "dmean": 0.51719301939,
            "dmean2": 0.771493792534,
            "dvar": 0.306570529938,
            "dvar2": 0.61558932066,
            "max": -6.49939155579,
            "mean": -9.85619831085,
            "median": -9.14474010468,
            "min": -18.3165149689,
            "stdev": 2.54659461975,
            "var": 6.48514461517
        },
        "short_term": {
            "dmean": 0.0803978666663,
            "dmean2": 0.0776445716619,
            "dvar": 0.0105607612059,
            "dvar2": 0.0108605977148,
            "max": -7.43509817123,
            "mean": -9.39671897888,
            "median": -8.98559093475,
            "min": -16.1884803772,
            "stdev": 1.80917608738,
            "var": 3.2731180191
        }
    },
    "melbands_crest": {
        "dmean": 3.54817509651,
        "dmean2": 5.93432235718,
        "dvar": 12.9433031082,
        "dvar2": 36.6150016785,
        "max": 33.7428512573,
        "mean": 16.0362052917,
        "median": 15.1563091278,
        "min": 1.71662652493,
        "stdev": 5.31046056747,
        "var": 28.2009925842
    },
    "melbands_flatness_db": {
        "dmean": 0.0287120565772,
        "dmean2": 0.0450662709773,
        "dvar": 0.000882753636688,
        "dvar2": 0.00190171739087,
        "max": 0.390319347382,
        "mean": 0.234260961413,
        "median": 0.230829685926,
        "min": 0.00407892744988,
        "stdev": 0.0550533123314,
        "var": 0.003030867083
    },
    "melbands_kurtosis": {
        "dmean": 10.470664978,
        "dmean2": 17.2184276581,
        "dvar": 190.148986816,
        "dvar2": 498.591400146,
        "max": 140.421188354,
        "mean": 22.1248264313,
        "median": 16.3866119385,
        "min": -1.55137205124,
        "stdev": 21.2153224945,
        "var": 450.089904785
    },
    "melbands_skewness": {
        "dmean": 0.89156973362,
        "dmean2": 1.43445801735,
        "dvar": 0.922509074211,
        "dvar2": 2.21685862541,
        "max": 10.4587020874,
        "mean": 3.452075243,
        "median": 3.27484178543,
        "min": -1.63388800621,
        "stdev": 1.8948212862,
        "var": 3.59034752846
    },
    "melbands_spread": {
        "dmean": 6.06327390671,
        "dmean2": 9.96585941315,
        "dvar": 167.268096924,
        "dvar2": 362.099945068,
        "max": 199.290176392,
        "mean": 16.7953701019,
        "median": 12.417552948,
        "min": 2.19602108002,
        "stdev": 18.0475940704,
        "var": 325.715637207
    },
    "pitch_salience": {
        "dmean": 0.066596314311,
        "dmean2": 0.107923522592,
        "dvar": 0.00380047154613,
        "dvar2": 0.00978250894696,
        "max": 0.828187763691,
        "mean": 0.505811870098,
        "median": 0.493860006332,
        "min": 0.250572472811,
        "stdev": 0.10783688724,
        "var": 0.0116287944838
    },
    "silence_rate_20dB": {
        "dmean": 0,
        "dmean2": 0,
        "dvar": 0,
        "dvar2": 0,
        "max": 1,
        "mean": 1,
        "median": 1,
        "min": 1,
        "stdev": 0,
        "var": 0
    },
    "silence_rate_30dB": {
        "dmean": 0.0866873040795,
        "dmean2": 0.172734320164,
        "dvar": 0.0791727602482,
        "dvar2": 0.152191072702,
        "max": 1,
        "mean": 0.864655852318,
        "median": 1,
        "min": 0,
        "stdev": 0.342088550329,
        "var": 0.117024585605
    },
    "silence_rate_60dB": {
        "dmean": 0.00851393211633,
        "dmean2": 0.017041053623,
        "dvar": 0.0084414370358,
        "dvar2": 0.0198492091149,
        "max": 1,
        "mean": 0.0116009283811,
        "median": 0,
        "min": 0,
        "stdev": 0.107080578804,
        "var": 0.0114662498236
    },
    "spectral_centroid": {
        "dmean": 257.891113281,
        "dmean2": 383.237915039,
        "dvar": 187354.484375,
        "dvar2": 293041.71875,
        "max": 10719.2568359,
        "mean": 1125.63330078,
        "median": 1007.47076416,
        "min": 247.2240448,
        "stdev": 685.750793457,
        "var": 470254.125
    },
    "spectral_complexity": {
        "dmean": 4.39551067352,
        "dmean2": 6.2277302742,
        "dvar": 28.5037612915,
        "dvar2": 47.8628921509,
        "max": 57,
        "mean": 17.8259868622,
        "median": 16,
        "min": 0,
        "stdev": 10.5159873962,
        "var": 110.585983276
    },
    "spectral_decrease": {
        "dmean": 5.07650943504e-09,
        "dmean2": 8.81055584045e-09,
        "dvar": 7.26279533247e-17,
        "dvar2": 1.87271864267e-16,
        "max": 7.91040696806e-29,
        "mean": -1.31828832295e-08,
        "median": -9.85429604583e-09,
        "min": -6.72212081554e-08,
        "stdev": 1.11056248642e-08,
        "var": 1.23334905733e-16
    },
    "spectral_energy": {
        "dmean": 0.0194995813072,
        "dmean2": 0.0337567701936,
        "dvar": 0.00107272691093,
        "dvar2": 0.00273224501871,
        "max": 0.265368372202,
        "mean": 0.0521251037717,
        "median": 0.0393583066761,
        "min": 1.04908554436e-20,
        "stdev": 0.0432940274477,
        "var": 0.00187437294517
    },
    "spectral_energyband_high": {
        "dmean": 0.000687638239469,
        "dmean2": 0.000910697039217,
        "dvar": 1.68970996128e-06,
        "dvar2": 3.16285013469e-06,
        "max": 0.0178047716618,
        "mean": 0.00137437134981,
        "median": 0.000457820977317,
        "min": 7.65062498945e-21,
        "stdev": 0.00228028791025,
        "var": 5.19971308677e-06
    },
    "spectral_energyband_low": {
        "dmean": 0.0168739911169,
        "dmean2": 0.0299483258277,
        "dvar": 0.000926528358832,
        "dvar2": 0.00244178972207,
        "max": 0.224364727736,
        "mean": 0.0315303727984,
        "median": 0.0190709903836,
        "min": 7.44303643157e-23,
        "stdev": 0.0371606983244,
        "var": 0.00138091749977
    },
    "spectral_energyband_middle_high": {
        "dmean": 0.00188107031863,
        "dmean2": 0.00273429881781,
        "dvar": 7.64773812989e-06,
        "dvar2": 1.64687025972e-05,
        "max": 0.0431706011295,
        "mean": 0.00579148577526,
        "median": 0.00278928130865,
        "min": 1.45441929162e-21,
        "stdev": 0.00706803100184,
        "var": 4.9957059673e-05
    },
    "spectral_energyband_middle_low": {
        "dmean": 0.00495702587068,
        "dmean2": 0.00794483162463,
        "dvar": 3.74036353605e-05,
        "dvar2": 9.54764982453e-05,
        "max": 0.0703371018171,
        "mean": 0.015103100799,
        "median": 0.0135588450357,
        "min": 2.64079026145e-22,
        "stdev": 0.00906785298139,
        "var": 8.22259535198e-05
    },
    "spectral_entropy": {
        "dmean": 0.19159245491,
        "dmean2": 0.264593452215,
        "dvar": 0.0523334294558,
        "dvar2": 0.0901653915644,
        "max": 9.79254150391,
        "mean": 7.5061955452,
        "median": 7.48560285568,
        "min": 5.7605805397,
        "stdev": 0.529268860817,
        "var": 0.280125558376
    },
    "spectral_flux": {
        "dmean": 0.0396073535085,
        "dmean2": 0.0647130459547,
        "dvar": 0.0023855722975,
        "dvar2": 0.00488401018083,
        "max": 0.419092059135,
        "mean": 0.112149089575,
        "median": 0.091278731823,
        "min": 1.02424874138e-10,
        "stdev": 0.074405156076,
        "var": 0.00553612690419
    },
    "spectral_kurtosis": {
        "dmean": 1.42513465881,
        "dmean2": 2.24198842049,
        "dvar": 4.62302017212,
        "dvar2": 10.535738945,
        "max": 42.2748565674,
        "mean": 4.0699763298,
        "median": 3.24879646301,
        "min": -1.17231464386,
        "stdev": 3.4302148819,
        "var": 11.766374588
    },
    "spectral_rms": {
        "dmean": 0.00115865922999,
        "dmean2": 0.00195437204093,
        "dvar": 2.633180884e-06,
        "dvar2": 6.12582152826e-06,
        "max": 0.0160902440548,
        "mean": 0.00659664953128,
        "median": 0.00619663996622,
        "min": 3.19921563199e-12,
        "stdev": 0.00270886067301,
        "var": 7.33792649044e-06
    },
    "spectral_rolloff": {
        "dmean": 472.380279541,
        "dmean2": 807.938293457,
        "dvar": 1807784.875,
        "dvar2": 3373933.25,
        "max": 19379.8828125,
        "mean": 1046.73364258,
        "median": 538.330078125,
        "min": 64.599609375,
        "stdev": 1770.00439453,
        "var": 3132915.5
    },
    "spectral_skewness": {
        "dmean": 0.224283158779,
        "dmean2": 0.334611803293,
        "dvar": 0.0669542402029,
        "dvar2": 0.13362249732,
        "max": 4.63463926315,
        "mean": 1.57918524742,
        "median": 1.5348457098,
        "min": 0.00317776133306,
        "stdev": 0.544740736485,
        "var": 0.296742469072
    },
    "spectral_spread": {
        "dmean": 668921.5,
        "dmean2": 953610.125,
        "dvar": 1.34432856474e+12,
        "dvar2": 2.18547552256e+12,
        "max": 40006788,
        "mean": 5375436,
        "median": 5113119,
        "min": 1730589.5,
        "stdev": 2081784.75,
        "var": 4.33382752256e+12
    },
    "spectral_strongpeak": {
        "dmean": 0.387202501297,
        "dmean2": 0.672680675983,
        "dvar": 0.607796192169,
        "dvar2": 1.49378192425,
        "max": 10.6489877701,
        "mean": 0.758618533611,
        "median": 0.535155653954,
        "min": 0,
        "stdev": 0.962757229805,
        "var": 0.926901519299
    },
    "zerocrossingrate": {
        "dmean": 0.0117508741096,
        "dmean2": 0.0137702124193,
        "dvar": 0.00052098184824,
        "dvar2": 0.000511180027388,
        "max": 0.4970703125,
        "mean": 0.0525115691125,
        "median": 0.04296875,
        "min": 0.001953125,
        "stdev": 0.0428356938064,
        "var": 0.00183489662595
    },
    "barkbands": {
        "dmean": [0.00212666462176, 0.0115804122761, 0.00542015722021, 0.0019872628618, 0.00234434101731, 0.00129241810646, 0.000974683673121, 0.00092874612892, 0.000611198833212, 0.00051058374811, 0.000438408082118, 0.00051453744527, 0.000534443708602, 0.000633423100226, 0.000170051964233, 0.000111129353172, 0.000142600547406, 0.000190573133295, 0.000132906745421, 0.000177700392669, 0.000132317800308, 0.000141814278322, 0.000139909869176, 0.000134603949846, 0.000115572780487, 4.74057451356e-05, 4.00062663175e-06],
        "dmean2": [0.00348430196755, 0.0201133806258, 0.00970758404583, 0.00339475600049, 0.00374370277859, 0.00202685035765, 0.00144886237103, 0.00143180624582, 0.000901951862033, 0.000781210255809, 0.000690181739628, 0.000764952681493, 0.000803594884928, 0.000981606426649, 0.000277942803223, 0.000184430784429, 0.000227633921895, 0.000305934721837, 0.000208099983865, 0.000264812872047, 0.000197346642381, 0.00021585826471, 0.000202732990147, 0.000181543597137, 0.000165634817677, 6.8797977292e-05, 6.76681156619e-06],
        "dvar": [1.33898520289e-05, 0.000420309806941, 0.00016292365035, 1.0041007954e-05, 1.21172761283e-05, 3.18704428537e-06, 3.2223663311e-06, 2.34432150137e-06, 1.77188678663e-06, 1.37652273224e-06, 1.51818142058e-06, 2.0325044261e-06, 1.10862458769e-06, 2.91388028018e-06, 1.83750501037e-07, 6.69283863886e-08, 6.70657982482e-08, 8.3537756268e-08, 5.61465220983e-08, 1.18424047457e-07, 6.17885120846e-08, 8.51500985277e-08, 1.10159668054e-07, 9.05867807433e-08, 7.63217968824e-08, 1.78449486299e-08, 2.89233165196e-10],
        "dvar2": [3.38175013894e-05, 0.00105029297993, 0.000463399977889, 2.73504083452e-05, 2.99685634673e-05, 6.92211688147e-06, 6.82415111442e-06, 4.94415144203e-06, 3.35443746735e-06, 2.95625318358e-06, 3.47114701071e-06, 3.19770879287e-06, 2.22874632527e-06, 7.05002821633e-06, 4.70436162914e-07, 1.79695746283e-07, 1.6572002437e-07, 1.98109731286e-07, 1.14705599685e-07, 2.67065189519e-07, 1.31467317033e-07, 1.95396893332e-07, 2.47943575005e-07, 1.6746579945e-07, 1.40968040796e-07, 3.43634205535e-08, 7.0618277892e-10],
        "max": [0.022156920284, 0.135530441999, 0.0917370468378, 0.0257668979466, 0.0394678078592, 0.0216444265097, 0.0237311944366, 0.0194920245558, 0.0285075940192, 0.0176867675036, 0.0225546956062, 0.0343029052019, 0.0148173989728, 0.0342372506857, 0.00655956380069, 0.00374774262309, 0.002823660383, 0.00315619050525, 0.00259790522978, 0.00384740578011, 0.00274336943403, 0.00273354700767, 0.00541113922372, 0.00475229974836, 0.00508772954345, 0.00186170090456, 0.000380461977329],
        "mean": [0.00260772975162, 0.0192201323807, 0.00815180037171, 0.00293909339234, 0.0048923753202, 0.00267834309489, 0.0016727928305, 0.00155988556799, 0.0011593735544, 0.000908022397198, 0.00077281909762, 0.000866686459631, 0.00100918917451, 0.0010255635716, 0.000220467190957, 0.00016308821796, 0.000239217682974, 0.000327665620716, 0.000214133979171, 0.000300885847537, 0.000232349135331, 0.000214941101149, 0.000238315435126, 0.000239258049987, 0.00019055181474, 7.63711941545e-05, 4.04163347412e-06],
        "median": [0.00012756587239, 0.00520919356495, 0.00471484242007, 0.00167451868765, 0.0033044621814, 0.00164383801166, 0.000699267257005, 0.000711896456778, 0.000287401897367, 0.000186596473213, 0.000129626598209, 0.00028125877725, 0.000200264970772, 0.000158012306201, 7.68509198679e-05, 6.89986118232e-05, 9.28003282752e-05, 0.000166480414919, 0.000100790872239, 0.000136732618557, 8.01814603619e-05, 6.53633178445e-05, 6.194908201e-05, 5.18269189342e-05, 3.52926363121e-05, 1.20723698274e-05, 3.31218188876e-07],
        "min": [7.62841432668e-24, 3.22158929224e-23, 2.32846464118e-23, 2.89945257734e-23, 3.67587093728e-23, 6.3019251508e-23, 3.8215382055e-23, 2.02784032093e-23, 5.95296527185e-23, 6.51123014379e-23, 3.97414808078e-23, 1.06516518018e-22, 1.43732993908e-22, 4.84961202945e-23, 1.27881622878e-22, 9.53758582832e-23, 1.57539990881e-22, 2.8760856338e-22, 1.32827641915e-22, 3.65864423459e-22, 4.17279019869e-22, 7.15886601432e-22, 7.41292567393e-22, 5.405472832e-22, 1.33955993213e-21, 1.56094595754e-21, 2.45220842986e-21],
        "stdev": [0.00480808503926, 0.026533998549, 0.0113977976143, 0.00356506276876, 0.00493229785934, 0.0030549345538, 0.00285968696699, 0.00255972635932, 0.00246614892967, 0.00213713431731, 0.00218354980461, 0.00259434292093, 0.0019071776187, 0.00271132192574, 0.000450879393611, 0.000293154647807, 0.000382049183827, 0.000416343071265, 0.000324861612171, 0.000453388871392, 0.000385597319109, 0.000384778250009, 0.000490835693199, 0.000528087315615, 0.000412412366131, 0.000198894020286, 1.70858256752e-05],
        "var": [2.31176800298e-05, 0.000704053032678, 0.000129909793031, 1.27096718643e-05, 2.43275608227e-05, 9.33262526814e-06, 8.17780983198e-06, 6.55219946566e-06, 6.08189020568e-06, 4.56734278487e-06, 4.76789000459e-06, 6.73061549605e-06, 3.63732647202e-06, 7.35126604923e-06, 2.03292216838e-07, 8.59396394048e-08, 1.45961578824e-07, 1.73341561549e-07, 1.05535072237e-07, 2.05561477173e-07, 1.48685302293e-07, 1.48054311921e-07, 2.4091966111e-07, 2.78876228776e-07, 1.7008396469e-07, 3.95588308777e-08, 2.91925456031e-10]
    },
    "erbbands": {
        "dmean": [0.584515035152, 2.4326980114, 6.14778757095, 6.65854454041, 5.71724176407, 8.85818386078, 10.988161087, 11.282456398, 11.723118782, 18.9977588654, 17.5244274139, 12.2429265976, 15.7067623138, 13.5942850113, 17.3781337738, 17.4881763458, 21.7063999176, 35.7916908264, 10.8775157928, 7.57463693619, 6.1847577095, 8.11776733398, 9.49716854095, 8.16782093048, 6.57188940048, 8.84126281738, 5.56842565536, 6.29726600647, 5.04889440536, 4.41646003723, 3.96623301506, 2.95535826683, 2.19890546799, 1.4993019104, 0.76920992136, 0.282663315535, 0.0751889273524, 0.0127671435475, 0.000400175864343, 2.87488383037e-05],
        "dmean2": [0.951225459576, 4.30544137955, 11.1039133072, 11.6652851105, 9.27027130127, 14.4094572067, 17.5945014954, 17.5100135803, 17.652261734, 30.255191803, 26.5106468201, 18.033864975, 23.7272968292, 19.8347187042, 26.7881374359, 25.3135910034, 32.1719703674, 54.2714042664, 16.8354568481, 11.8153896332, 10.3363275528, 12.9865016937, 14.9345283508, 12.1043138504, 10.3554353714, 13.4227313995, 8.32333564758, 9.29393291473, 7.75556659698, 6.50319385529, 5.74491882324, 4.09920835495, 3.05596137047, 2.08917856216, 1.11015427113, 0.40536737442, 0.109337024391, 0.0198241993785, 0.000624721113127, 4.66564270027e-05],
        "dvar": [0.982737362385, 25.8503379822, 216.951583862, 172.837799072, 107.550453186, 171.052230835, 252.749267578, 333.843109131, 503.248443604, 1740.08569336, 803.833557129, 732.198059082, 1115.34802246, 844.338134766, 1827.49267578, 2602.77490234, 1709.05432129, 9394.01269531, 454.987823486, 312.086700439, 232.219070435, 220.479660034, 203.115036011, 223.65977478, 144.053512573, 305.975158691, 100.904525757, 168.930419922, 107.183555603, 91.8374938965, 102.149795532, 50.162361145, 22.5272541046, 17.4737300873, 2.97032380104, 0.577801823616, 0.044528555125, 0.00171093398239, 2.17522301682e-06, 2.49332554603e-09],
        "dvar2": [2.68275880814, 74.1117706299, 619.635070801, 481.253143311, 266.051940918, 422.579437256, 631.868103027, 741.758361816, 1012.70373535, 4543.74902344, 1726.22460938, 1516.37121582, 2371.65185547, 1795.25732422, 4672.234375, 4987.5703125, 3278.12231445, 22311.8964844, 1085.40356445, 742.823303223, 638.56842041, 562.541809082, 482.059539795, 475.651733398, 324.844268799, 709.598632812, 226.494262695, 384.33303833, 250.796203613, 195.386886597, 235.913894653, 98.0389480591, 42.5368423462, 33.830291748, 6.09083223343, 1.08536756039, 0.090887337923, 0.0036629086826, 4.74530088468e-06, 5.47296785669e-09],
        "max": [6.51086997986, 37.8529624939, 101.949356079, 104.834655762, 133.49079895, 142.540603638, 197.717788696, 253.282913208, 329.856170654, 800.36340332, 386.331665039, 346.132873535, 615.826171875, 476.057678223, 1083.2154541, 1054.1986084, 525.714782715, 1915.46838379, 334.825073242, 257.559539795, 235.37399292, 160.750534058, 167.509078979, 157.197189331, 146.394561768, 199.485153198, 109.742424011, 131.610702515, 107.796943665, 129.5262146, 169.501205444, 125.667381287, 64.6084976196, 105.043884277, 27.5662441254, 11.8232059479, 3.12360405922, 0.887341797352, 0.0306189898401, 0.000672892318107],
        "mean": [0.691801905632, 3.73733329773, 9.22211074829, 10.4728164673, 10.233083725, 17.3837299347, 23.3101520538, 21.9794483185, 21.8964767456, 32.5007553101, 32.3331413269, 23.4525222778, 31.398059845, 24.9768619537, 36.1721992493, 31.6321296692, 44.5092010498, 61.3177146912, 19.1748561859, 10.9928007126, 9.43420505524, 14.5208835602, 17.8818416595, 12.9819841385, 11.3379468918, 14.7408571243, 10.0868301392, 9.59410762787, 7.59770822525, 7.34258174896, 6.78836774826, 5.23553228378, 3.77847218513, 2.33401203156, 1.26103174686, 0.457447767258, 0.114122644067, 0.017501000315, 0.000522362417541, 7.6682496001e-05],
        "median": [0.167986705899, 1.27942240238, 6.51759004593, 6.72007989883, 5.86848735809, 10.701002121, 13.6392726898, 11.1545782089, 9.11290836334, 14.8748273849, 15.225479126, 8.33920478821, 6.84373426437, 6.90526199341, 10.630812645, 9.51181697845, 10.2803344727, 9.61065864563, 6.36250209808, 4.73562383652, 3.81916666031, 6.07213878632, 8.65854740143, 6.77465200424, 5.58266305923, 6.72463178635, 4.1440372467, 2.60306191444, 2.30039978027, 2.13355588913, 1.73971414566, 1.12940609455, 0.850391507149, 0.41409277916, 0.236247181892, 0.0774692520499, 0.0166052486748, 0.0022667599842, 8.32678051665e-05, 5.25258510606e-05],
        "min": [3.792316147e-22, 8.37116231088e-21, 2.37987180841e-20, 7.94816718722e-20, 1.09573785236e-19, 1.21439755747e-19, 2.25857840547e-19, 5.12340833863e-19, 7.67523881487e-19, 4.06549836041e-19, 7.20939602628e-19, 1.01382998867e-18, 1.51349071243e-18, 2.29814845123e-18, 2.30890841664e-18, 4.79838622509e-18, 6.32230644427e-18, 3.65902889013e-18, 3.62318756778e-18, 8.02219775825e-18, 5.42492714904e-18, 1.06546024504e-17, 1.40907222955e-17, 8.77004182389e-18, 1.19638986655e-17, 1.67316469479e-17, 1.69530683086e-17, 1.4979964615e-17, 2.26663981821e-17, 2.40172221727e-17, 2.07736170347e-17, 1.26169172273e-17, 1.06723272766e-17, 1.09425729729e-17, 1.09746162955e-17, 6.4770884805e-18, 2.95012414503e-18, 1.03708255267e-18, 2.88883885044e-19, 4.38861481784e-20],
        "stdev": [1.17071557045, 5.32902812958, 12.8035354614, 12.6162910461, 12.3805999756, 18.7532539368, 26.9849052429, 29.1108074188, 39.4506111145, 61.6273612976, 49.6701164246, 44.411907196, 65.9095993042, 49.0420570374, 93.9351119995, 88.7942276001, 76.5782852173, 158.624343872, 31.9841403961, 20.4794845581, 16.6277599335, 21.600643158, 22.6959209442, 18.9933757782, 16.221529007, 22.1126327515, 15.4209785461, 17.7740345001, 13.4852199554, 13.7379789352, 14.5933532715, 12.2568349838, 7.95558309555, 5.61501646042, 2.6041367054, 1.15493452549, 0.303753376007, 0.052968326956, 0.00169215456117, 7.32958505978e-05],
        "var": [1.37057507038, 28.3985404968, 163.930511475, 159.170806885, 153.279251099, 351.684539795, 728.185119629, 847.439086914, 1556.35058594, 3797.93164062, 2467.12036133, 1972.41748047, 4344.07519531, 2405.12329102, 8823.80566406, 7884.41455078, 5864.23339844, 25161.6816406, 1022.98529053, 419.40927124, 276.482421875, 466.587768555, 515.104797363, 360.748321533, 263.138000488, 488.968566895, 237.80657959, 315.916290283, 181.851150513, 188.732070923, 212.9659729, 150.229995728, 63.291305542, 31.5284099579, 6.78152799606, 1.33387374878, 0.092266112566, 0.00280564348213, 2.8633871807e-06, 5.3722812865e-09]
    },
    "gfcc": {
        "mean": [21.7811756134, 93.6200180054, -93.345199585, 38.2976570129, -60.5730361938, 18.0144920349, -38.25207901, 9.67179870605, -29.2637004852, 5.63468599319, -11.9162282944, -0.920771956444, -16.5196304321],
        "cov": [[5518.69482422, -636.82232666, -42.3048591614, 525.502990723, 357.196533203, 779.580322266, 302.782836914, 365.008178711, 149.92024231, 257.701324463, 1.11777889729, 176.937286377, 37.0066947937], [-636.82232666, 1328.86035156, -230.924057007, -296.475646973, 130.618591309, -126.305053711, 155.685638428, -92.4918746948, 65.3109207153, -91.3458862305, 117.019737244, -29.8643817902, 27.7727966309], [-42.3048591614, -230.924057007, 490.150054932, 191.22958374, -15.8220767975, 17.9517250061, -51.3904914856, 54.0055885315, 36.7952537537, 45.4183807373, -32.0842018127, 40.479637146, 22.9993419647], [525.502990723, -296.475646973, 191.22958374, 396.864501953, 45.3360176086, 74.5103378296, 3.13220953941, 83.4190368652, 69.8753662109, 54.8945846558, -4.85524225235, 33.8672599792, 47.9272079468], [357.196533203, 130.618591309, -15.8220767975, 45.3360176086, 317.527038574, 160.69758606, 101.814193726, 53.2172431946, 49.7303848267, 41.7449417114, 15.8867282867, 29.6926727295, 21.1793231964], [779.580322266, -126.305053711, 17.9517250061, 74.5103378296, 160.69758606, 378.700469971, 187.025619507, 85.1035003662, 62.160194397, 76.8927612305, 8.29489135742, 25.9279670715, 30.9205818176], [302.782836914, 155.685638428, -51.3904914856, 3.13220953941, 101.814193726, 187.025619507, 253.2368927, 52.8939437866, 56.1161231995, 53.1935348511, 38.4423217773, 20.0027656555, 27.9394073486], [365.008178711, -92.4918746948, 54.0055885315, 83.4190368652, 53.2172431946, 85.1035003662, 52.8939437866, 135.925994873, 57.1460914612, 21.6601104736, 5.00480556488, 17.6364650726, 25.3643817902], [149.92024231, 65.3109207153, 36.7952537537, 69.8753662109, 49.7303848267, 62.160194397, 56.1161231995, 57.1460914612, 148.896957397, 46.0394134521, 15.8646373749, 15.8469591141, 22.4827022552], [257.701324463, -91.3458862305, 45.4183807373, 54.8945846558, 41.7449417114, 76.8927612305, 53.1935348511, 21.6601104736, 46.0394134521, 144.933639526, 9.24321365356, -6.61562824249, 3.5742483139], [1.11777889729, 117.019737244, -32.0842018127, -4.85524225235, 15.8867282867, 8.29489135742, 38.4423217773, 5.00480556488, 15.8646373749, 9.24321365356, 86.4864501953, 21.2914562225, 6.07871484756], [176.937286377, -29.8643817902, 40.479637146, 33.8672599792, 29.6926727295, 25.9279670715, 20.0027656555, 17.6364650726, 15.8469591141, -6.61562824249, 21.2914562225, 94.9820556641, 18.1276264191], [37.0066947937, 27.7727966309, 22.9993419647, 47.9272079468, 21.1793231964, 30.9205818176, 27.9394073486, 25.3643817902, 22.4827022552, 3.5742483139, 6.07871484756, 18.1276264191, 65.1023635864]],
        "icov": [[0.000398022151785, -0.000226013362408, 0.000436247937614, -0.000581779400818, 0.000219880545046, -0.000870883872267, 0.000449056795333, -0.000878019724041, 0.000455335422885, -0.000636840064544, 0.00048446355504, -0.000920771388337, 0.000724675424863], [-0.000226013362408, 0.00226351711899, -0.000484704971313, 0.00167266465724, -0.00158750382252, 0.00218988093548, -0.00222086557187, 0.00218254327774, -0.00212482037023, 0.00210944819264, -0.00242093065754, 0.00214317184873, -0.00207089609466], [0.000436247937614, -0.000484704971313, 0.00337231322192, -0.00180705904495, 0.000785109703429, -0.00122940086294, 0.00149260251783, -0.00174178357702, 0.000627879751846, -0.00176453590393, 0.00182958238292, -0.00246035144664, 0.000858580810018], [-0.000581779400818, 0.00167266465724, -0.00180705904495, 0.00550157018006, -0.00136638374534, 0.00198146817274, -0.001046816702, 0.00112663779873, -0.00248715397902, 0.00123767775949, -0.0020568666514, 0.00201436877251, -0.00385877140798], [0.000219880545046, -0.00158750382252, 0.000785109703429, -0.00136638374534, 0.00535076763481, -0.00299154687673, 0.00129476177972, -0.0020580755081, 0.00112234835979, -0.00185612239875, 0.00170808378607, -0.00247936160304, 0.00145227904432], [-0.000870883872267, 0.00218988093548, -0.00122940086294, 0.00198146817274, -0.00299154687673, 0.0085332384333, -0.005653265398, 0.00198137992993, -0.00212611211464, 0.00165039999411, -0.00146542629227, 0.00291211297736, -0.00291944481432], [0.000449056795333, -0.00222086557187, 0.00149260251783, -0.001046816702, 0.00129476177972, -0.005653265398, 0.00995377544314, -0.00328962830827, 0.00128538499121, -0.00337925367057, 0.000330449285684, -0.00280215684325, 0.000700245785993], [-0.000878019724041, 0.00218254327774, -0.00174178357702, 0.00112663779873, -0.0020580755081, 0.00198137992993, -0.00328962830827, 0.0140043748543, -0.00505351414904, 0.00374296749942, -0.00269372295588, 0.00334813795052, -0.00410306639969], [0.000455335422885, -0.00212482037023, 0.000627879751846, -0.00248715397902, 0.00112234835979, -0.00212611211464, 0.00128538499121, -0.00505351414904, 0.0114047741517, -0.00420105876401, 0.00164032808971, -0.00279909535311, 0.00123705237638], [-0.000636840064544, 0.00210944819264, -0.00176453590393, 0.00123767775949, -0.00185612239875, 0.00165039999411, -0.00337925367057, 0.00374296749942, -0.00420105876401, 0.0115967262536, -0.0035378637258, 0.00484066735953, -0.00121715082787], [0.00048446355504, -0.00242093065754, 0.00182958238292, -0.0020568666514, 0.00170808378607, -0.00146542629227, 0.000330449285684, -0.00269372295588, 0.00164032808971, -0.0035378637258, 0.0166454948485, -0.00613322202116, 0.00245459424332], [-0.000920771388337, 0.00214317184873, -0.00246035144664, 0.00201436877251, -0.00247936160304, 0.00291211297736, -0.00280215684325, 0.00334813795052, -0.00279909535311, 0.00484066735953, -0.00613322202116, 0.0163207855076, -0.00495397020131], [0.000724675424863, -0.00207089609466, 0.000858580810018, -0.00385877140798, 0.00145227904432, -0.00291944481432, 0.000700245785993, -0.00410306639969, 0.00123705237638, -0.00121715082787, 0.00245459424332, -0.00495397020131, 0.0213714372367]]
    },
    "melbands": {
        "dmean": [0.00383363338187, 0.00305643887259, 0.00105017621536, 0.000466552039143, 0.000386396830436, 0.000245925446507, 0.000178273374331, 0.000209762147279, 0.000132491724798, 8.01965943538e-05, 8.15777530079e-05, 6.08426526014e-05, 6.14059172221e-05, 5.81194872211e-05, 4.57947753603e-05, 6.59568031551e-05, 6.57128402963e-05, 2.03731997317e-05, 1.24231037262e-05, 7.67335586715e-06, 7.67077744968e-06, 8.3073928181e-06, 9.20044567465e-06, 9.42841143114e-06, 6.8004383138e-06, 5.18359502166e-06, 5.18524711879e-06, 6.58085127725e-06, 3.93707841795e-06, 3.03651245304e-06, 3.95102733819e-06, 3.00064880321e-06, 2.75046318166e-06, 2.59871876551e-06, 2.55602481047e-06, 2.00668046091e-06, 1.89143725038e-06, 1.73419971361e-06, 1.23554684706e-06, 1.34530273499e-06],
        "dmean2": [0.00637698080391, 0.00551382778212, 0.00182151910849, 0.000749608676415, 0.000626522640232, 0.000378216151148, 0.000266957416898, 0.000334389595082, 0.000197713452508, 0.000116895142128, 0.000123926627566, 9.00957311387e-05, 9.43137783906e-05, 8.59700594447e-05, 6.57836790197e-05, 9.88790634437e-05, 0.00010057464533, 3.13720374834e-05, 2.02953215194e-05, 1.21194352687e-05, 1.30444923343e-05, 1.33422863655e-05, 1.49200368469e-05, 1.47888467836e-05, 1.0217734598e-05, 8.5197179942e-06, 7.83997256804e-06, 1.02172052721e-05, 6.15970384388e-06, 4.57020951217e-06, 6.00012754148e-06, 4.79375830764e-06, 4.17330284108e-06, 3.82542839361e-06, 3.76724960915e-06, 2.95746144729e-06, 2.58667819253e-06, 2.50673269875e-06, 1.70267480826e-06, 1.93217965716e-06],
        "dvar": [4.00825992983e-05, 5.12655133207e-05, 3.82219650419e-06, 5.77416585656e-07, 3.14692641723e-07, 1.39474707339e-07, 1.00130151282e-07, 1.72267590415e-07, 5.0371578908e-08, 3.15513624116e-08, 3.0072506263e-08, 1.74006835607e-08, 2.46702693829e-08, 2.42583411136e-08, 1.32158239907e-08, 1.91184206244e-08, 3.10358956312e-08, 1.6662548008e-09, 1.09610576171e-09, 2.48174591988e-10, 3.75148662135e-10, 2.49565451638e-10, 2.4412791233e-10, 2.17114604073e-10, 1.71782324476e-10, 8.95151938685e-11, 1.01193067814e-10, 1.70607777905e-10, 5.22683528403e-11, 3.49181759896e-11, 7.16275788681e-11, 4.14657301551e-11, 3.13424321219e-11, 3.37305357256e-11, 3.93210047855e-11, 2.48101608702e-11, 2.14496111844e-11, 1.50134106536e-11, 6.73500534856e-12, 2.21590142069e-11],
        "dvar2": [0.000100594945252, 0.000147222774103, 1.06053594209e-05, 1.4285188854e-06, 7.82445340519e-07, 3.05333173856e-07, 2.04741496646e-07, 4.44705761993e-07, 1.05222319746e-07, 6.29212806302e-08, 6.39513118017e-08, 3.63201024811e-08, 5.97106080136e-08, 3.77237547866e-08, 2.3416767192e-08, 4.30393534145e-08, 7.39752792356e-08, 3.94035692963e-09, 2.85933876576e-09, 5.35241462263e-10, 1.06541508949e-09, 6.30717755801e-10, 6.08912364974e-10, 5.02509978073e-10, 3.65402680336e-10, 2.1449557408e-10, 2.34234048824e-10, 4.07763350863e-10, 1.2275097605e-10, 7.6525542847e-11, 1.69719030496e-10, 1.03123669326e-10, 7.10159292483e-11, 7.49980702541e-11, 9.38700020492e-11, 5.21833930234e-11, 4.32443005016e-11, 2.97981778141e-11, 1.2046036911e-11, 4.45343519007e-11],
        "max": [0.0457444824278, 0.0530241876841, 0.0152379004285, 0.00973396375775, 0.0062813651748, 0.00512432027608, 0.00503881601617, 0.00783070549369, 0.00353421131149, 0.00325616984628, 0.00313380267471, 0.00178864120971, 0.00332331401296, 0.00442917412147, 0.00215035281144, 0.00184949696995, 0.00336268008687, 0.00079371657921, 0.000511463207658, 0.000190451479284, 0.000309900729917, 0.000167310892721, 0.000268467672868, 0.000179224953172, 0.000139775176649, 0.000105225160951, 0.000128479354316, 0.00015772714687, 7.98805631348e-05, 8.52843004395e-05, 8.03223447292e-05, 7.20822426956e-05, 4.9551097618e-05, 8.58131825225e-05, 0.000100610821391, 9.22185718082e-05, 8.13740334706e-05, 5.65204354643e-05, 3.25066357618e-05, 0.000132818255224],
        "mean": [0.00575530622154, 0.00479579716921, 0.0017946951557, 0.000958716205787, 0.000858368817717, 0.000501045200508, 0.000329226750182, 0.000362919468898, 0.000247267540544, 0.000146464677528, 0.000162333730259, 0.000105113882455, 0.000123360558064, 9.64756618487e-05, 7.90832564235e-05, 0.000120329466881, 0.000108294007077, 3.27853667841e-05, 1.59618466569e-05, 1.17132140076e-05, 1.0652027413e-05, 1.37005081342e-05, 1.68514980032e-05, 1.58282364282e-05, 9.81803077593e-06, 7.93490198703e-06, 8.57497070683e-06, 1.02783005786e-05, 6.75577348375e-06, 5.14244948135e-06, 5.57190514883e-06, 4.18243735112e-06, 4.16786406277e-06, 4.10709208154e-06, 4.11371684095e-06, 3.36160564984e-06, 3.13115037898e-06, 2.84130078398e-06, 2.09276663554e-06, 1.93097912415e-06],
        "median": [0.00154113280587, 0.00351005559787, 0.00125825568102, 0.000663102255203, 0.000560103915632, 0.000266333081527, 0.000141361582791, 0.000171791980392, 0.000106770239654, 3.9148824726e-05, 3.03421802528e-05, 2.68336007139e-05, 2.81519623968e-05, 3.2864867535e-05, 1.55347624968e-05, 2.00136728381e-05, 1.55766447278e-05, 8.98044436326e-06, 5.6672674873e-06, 4.98277313454e-06, 3.62196806236e-06, 5.15700276082e-06, 7.30170813767e-06, 7.702822586e-06, 4.51382538813e-06, 3.75442755285e-06, 3.97679650632e-06, 4.30505588156e-06, 2.88474598165e-06, 1.68081862739e-06, 1.28093688545e-06, 1.20991580843e-06, 1.19329320114e-06, 1.13831129056e-06, 1.09802533643e-06, 6.9380740797e-07, 6.23158484814e-07, 5.9783621964e-07, 4.40347292852e-07, 3.06122757365e-07],
        "min": [5.84838361506e-24, 1.40074528398e-23, 1.42036756791e-23, 7.82416148284e-24, 7.26844052954e-24, 1.19025273978e-23, 1.16014270788e-23, 4.54562440073e-24, 7.38652985161e-24, 6.43127333236e-24, 7.48858478692e-24, 9.25769293044e-24, 6.65282925633e-24, 1.26587578605e-23, 9.28975302649e-24, 1.63588326281e-23, 5.25184975955e-24, 4.96564116237e-24, 1.02685771597e-23, 7.43074313877e-24, 6.16002311567e-24, 1.02134231607e-23, 1.397521525e-23, 1.20521624786e-23, 6.32645580616e-24, 5.69466933452e-24, 1.43862433361e-23, 9.41912384836e-24, 1.01142877996e-23, 1.00537277367e-23, 8.68848797769e-24, 1.15276212526e-23, 1.53020934921e-23, 1.23214472483e-23, 1.08800390246e-23, 1.29304305122e-23, 5.81557804546e-24, 6.88456266926e-24, 8.00785957753e-24, 9.78940884639e-24],
        "stdev": [0.00841659028083, 0.00639303820208, 0.0019210857572, 0.000976648298092, 0.000938632641919, 0.000633309129626, 0.000553386635147, 0.000644528772682, 0.000402762612794, 0.000308599090204, 0.000349640409695, 0.00021992965776, 0.000327502348227, 0.000289196672384, 0.00021109568479, 0.000240631372435, 0.000284534646198, 6.38598576188e-05, 3.38916688634e-05, 2.08686651604e-05, 2.00712256628e-05, 2.12690738408e-05, 2.58029813267e-05, 2.12183404074e-05, 1.58958300744e-05, 1.192865966e-05, 1.29871123136e-05, 1.60903109645e-05, 1.03200172816e-05, 9.29477755562e-06, 1.07442865556e-05, 7.68776317273e-06, 7.57538373364e-06, 8.05299441708e-06, 8.63354034664e-06, 8.11280369817e-06, 7.54420989324e-06, 6.13341990174e-06, 4.39151381215e-06, 5.61343495065e-06],
        "var": [7.08389852662e-05, 4.08709383919e-05, 3.6905705656e-06, 9.53841890805e-07, 8.81031269273e-07, 4.0108048438e-07, 3.06236756842e-07, 4.15417360955e-07, 1.62217730804e-07, 9.52334033855e-08, 1.22248408729e-07, 4.83690527631e-08, 1.0725779731e-07, 8.36347098243e-08, 4.45613856925e-08, 5.7903456252e-08, 8.09599569607e-08, 4.07808187219e-09, 1.14864517897e-09, 4.3550116291e-10, 4.02854111181e-10, 4.52373472015e-10, 6.65793864485e-10, 4.50217946257e-10, 2.52677406776e-10, 1.42292927441e-10, 1.68665095779e-10, 2.58898125161e-10, 1.06502764941e-10, 8.63928859007e-11, 1.15439685588e-10, 5.91016957596e-11, 5.7386435881e-11, 6.48507220147e-11, 7.45380146494e-11, 6.58175805524e-11, 5.69151011043e-11, 3.76188420692e-11, 1.92853944619e-11, 3.15106517268e-11]
    },
    "melbands128": {
