{
"lowlevel": {
    "average_loudness": 0.979752779007,
    "barkbands_crest": {
        "dmean": 3.24171328545,
        "dmean2": 5.14834547043,
        "dvar": 7.82493066788,
        "dvar2": 16.197845459,
        "max": 25.3414993286,
        "mean": 11.6374864578,
        "median": 10.5498199463,
        "min": 2.76529097557,
        "stdev": 5.06665182114,
        "var": 25.6709594727
    },
    "barkbands_flatness_db": {
        "dmean": 0.0277499295771,
        "dmean2": 0.0412301719189,
        "dvar": 0.000756758730859,
        "dvar2": 0.00145811960101,
        "max": 0.422554403543,
        "mean": 0.172287628055,
        "median": 0.167405754328,
        "min": 0.0409417152405,
        "stdev": 0.0646359324455,
        "var": 0.00417780363932
    },
    "barkbands_kurtosis": {
        "dmean": 5.84930562973,
        "dmean2": 9.0645275116,
        "dvar": 107.312767029,
        "dvar2": 245.227966309,
        "max": 160.144683838,
        "mean": 8.64120006561,
        "median": 3.94184589386,
        "min": -1.94623863697,
        "stdev": 14.0713281631,
        "var": 198.00227356
    },
    "barkbands_skewness": {
        "dmean": 0.76658898592,
        "dmean2": 1.14960587025,
        "dvar": 0.670866131783,
        "dvar2": 1.33899760246,
        "max": 10.3715791702,
        "mean": 2.05349183083,
        "median": 1.74347341061,
        "min": -1.6644384861,
        "stdev": 1.54164683819,
        "var": 2.37667512894
    },
    "barkbands_spread": {
        "dmean": 6.65437459946,
        "dmean2": 9.56177711487,
        "dvar": 99.7120666504,
        "dvar2": 171.26612854,
        "max": 113.313598633,
        "mean": 18.4248466492,
        "median": 13.1147375107,
        "min": 0.643183290958,
        "stdev": 17.3835735321,
        "var": 302.188598633
    },
    "dissonance": {
        "dmean": 0.0232230629772,
        "dmean2": 0.038709256798,
        "dvar": 0.000582189764827,
        "dvar2": 0.00148051243741,
        "max": 0.499994516373,
        "mean": 0.459084928036,
        "median": 0.466069042683,
        "min": 0.143794745207,
        "stdev": 0.0307552330196,
        "var": 0.000945884326939
    },
    "dynamic_complexity": 1.70268034935,
    "erbbands_crest": {
        "dmean": 2.9048705101,
        "dmean2": 4.76584911346,
        "dvar": 7.18062543869,
        "dvar2": 18.6273441315,
        "max": 26.980134964,
        "mean": 8.82266902924,
        "median": 7.75268793106,
        "min": 2.37816095352,
        "stdev": 3.97564578056,
        "var": 15.8057584763
    },
    "erbbands_flatness_db": {
        "dmean": 0.0195111203939,
        "dmean2": 0.0279908925295,
        "dvar": 0.00030370906461,
        "dvar2": 0.000664807332214,
        "max": 0.312311142683,
        "mean": 0.16031602025,
        "median": 0.156414821744,
        "min": 0.0460549555719,
        "stdev": 0.0426125340164,
        "var": 0.00181582802907
    },
    "erbbands_kurtosis": {
        "dmean": 1.29732501507,
        "dmean2": 2.01957464218,
        "dvar": 2.58217120171,
        "dvar2": 5.71643447876,
        "max": 26.4630031586,
        "mean": 1.09316575527,
        "median": 0.453002214432,
        "min": -1.79441130161,
        "stdev": 2.49129724503,
        "var": 6.2065615654
    },
    "erbbands_skewness": {
        "dmean": 0.4608913064,
        "dmean2": 0.68783134222,
        "dvar": 0.167380645871,
        "dvar2": 0.344114542007,
        "max": 3.09683084488,
        "mean": 0.589845657349,
        "median": 0.614150285721,
        "min": -3.88747310638,
        "stdev": 0.797914087772,
        "var": 0.636666893959
    },
    "erbbands_spread": {
        "dmean": 10.7839603424,
        "dmean2": 15.8027858734,
        "dvar": 180.273178101,
        "dvar2": 351.67980957,
        "max": 172.038223267,
        "mean": 38.2997398376,
        "median": 32.0506401062,
        "min": 2.87633013725,
        "stdev": 24.4634189606,
        "var": 598.458862305
    },
    "hfc": {
        "dmean": 9.33517074585,
        "dmean2": 13.4330253601,
        "dvar": 244.307327271,
        "dvar2": 508.611541748,
        "max": 193.646392822,
        "mean": 23.8074645996,
        "median": 16.7527446747,
        "min": 1.16430885763e-16,
        "stdev": 24.1766872406,
        "var": 584.512207031
    },
    "loudness_ebu128": {
        "integrated": -8.74346256256,
        "loudness_range": 1.63381576538,
        "momentary": {
            "dmean": 0.498216331005,
            "dmean2": 0.643221259117,
            "dvar": 0.165191635489,
            "dvar2": 0.296523571014,
            "max": -6.42880439758,
            "mean": -8.94009304047,
            "median": -8.67254543304,
            "min": -13.8291501999,
            "stdev": 1.40237307549,
            "var": 1.96665012836
        },
        "short_term": {
            "dmean": 0.0701812654734,
            "dmean2": 0.0690399333835,
            "dvar": 0.00334893772379,
            "dvar2": 0.00213326769881,
            "max": -7.49813938141,
            "mean": -8.92809867859,
            "median": -8.71783542633,
            "min": -11.6406116486,
            "stdev": 0.790520727634,
            "var": 0.624923050404
        }
    },
    "melbands_crest": {
        "dmean": 3.79937529564,
        "dmean2": 6.09510946274,
        "dvar": 10.658033371,
        "dvar2": 24.0660667419,
        "max": 30.9719810486,
        "mean": 14.3128204346,
        "median": 13.1208324432,
        "min": 3.01407051086,
        "stdev": 5.82811403275,
        "var": 33.9669113159
    },
    "melbands_flatness_db": {
        "dmean": 0.034191776067,
        "dmean2": 0.049053221941,
        "dvar": 0.00119956489652,
        "dvar2": 0.00210901396349,
        "max": 0.545491814613,
        "mean": 0.245097905397,
        "median": 0.23924587667,
        "min": 0.0110004292801,
        "stdev": 0.085865445435,
        "var": 0.00737287523225
    },
    "melbands_kurtosis": {
        "dmean": 12.1265258789,
        "dmean2": 18.7986850739,
        "dvar": 412.584075928,
        "dvar2": 871.877441406,
        "max": 267.263946533,
        "mean": 20.6728363037,
        "median": 10.7492723465,
        "min": -1.76771247387,
        "stdev": 29.6138076782,
        "var": 876.977600098
    },
    "melbands_skewness": {
        "dmean": 0.984478294849,
        "dmean2": 1.47157752514,
        "dvar": 1.1551220417,
        "dvar2": 2.30806541443,
        "max": 13.6396389008,
        "mean": 3.04776310921,
        "median": 2.55146598816,
        "min": -0.897786140442,
        "stdev": 2.04690504074,
        "var": 4.18981981277
    },
    "melbands_spread": {
        "dmean": 6.52728319168,
        "dmean2": 9.84749698639,
        "dvar": 104.297393799,
        "dvar2": 220.897872925,
        "max": 156.563720703,
        "mean": 17.3556098938,
        "median": 12.5228633881,
        "min": 0.659973204136,
        "stdev": 16.0651912689,
        "var": 258.090362549
    },
    "pitch_salience": {
        "dmean": 0.0926631987095,
        "dmean2": 0.152465581894,
        "dvar": 0.00780020654202,
        "dvar2": 0.0193022079766,
        "max": 0.87373739481,
        "mean": 0.533155679703,
        "median": 0.555771648884,
        "min": 0.120171874762,
        "stdev": 0.142809912562,
        "var": 0.0203946717083
    },
    "silence_rate_20dB": {
        "dmean": 0,
        "dmean2": 0,
        "dvar": 0,
        "dvar2": 0,
        "max": 1,
        "mean": 1,
        "median": 1,
        "min": 1,
        "stdev": 0,
        "var": 0
    },
    "silence_rate_30dB": {
        "dmean": 0.0820433422923,
        "dmean2": 0.16421379149,
        "dvar": 0.0753119364381,
        "dvar2": 0.163583084941,
        "max": 1,
        "mean": 0.926527440548,
        "median": 1,
        "min": 0,
        "stdev": 0.260911762714,
        "var": 0.0680749490857
    },
    "silence_rate_60dB": {
        "dmean": 0.00232198135927,
        "dmean2": 0.00464755995199,
        "dvar": 0.00231666327454,
        "dvar2": 0.00617502303794,
        "max": 1,
        "mean": 0.00232018553652,
        "median": 0,
        "min": 0,
        "stdev": 0.048113245517,
        "var": 0.00231488421559
    },
    "spectral_centroid": {
        "dmean": 269.636749268,
        "dmean2": 386.405334473,
        "dvar": 181430.578125,
        "dvar2": 261629.5,
        "max": 11024.9414062,
        "mean": 986.219543457,
        "median": 774.013305664,
        "min": 162.92414856,
        "stdev": 717.232421875,
        "var": 514422.34375
    },
    "spectral_complexity": {
        "dmean": 3.94504642487,
        "dmean2": 5.68086767197,
        "dvar": 26.0798149109,
        "dvar2": 43.0057067871,
        "max": 62,
        "mean": 18.7950496674,
        "median": 17,
        "min": 0,
        "stdev": 8.75165176392,
        "var": 76.5914154053
    },
    "spectral_decrease": {
        "dmean": 4.67102001522e-09,
        "dmean2": 6.99616986566e-09,
        "dvar": 4.15949690081e-17,
        "dvar2": 9.38930728075e-17,
        "max": -8.7480003708e-30,
        "mean": -1.12294111787e-08,
        "median": -8.73057004469e-09,
        "min": -5.13242355282e-08,
        "stdev": 8.92656437657e-09,
        "var": 7.96835591043e-17
    },
    "spectral_energy": {
        "dmean": 0.0181197598577,
        "dmean2": 0.0271429382265,
        "dvar": 0.000604739179835,
        "dvar2": 0.00137008458842,
        "max": 0.196596220136,
        "mean": 0.0445417687297,
        "median": 0.0353448092937,
        "min": 1.05936415204e-20,
        "stdev": 0.034080658108,
        "var": 0.00116149138194
    },
    "spectral_energyband_high": {
        "dmean": 0.000702248711605,
        "dmean2": 0.000985441496596,
        "dvar": 2.97077212963e-06,
        "dvar2": 6.18591366219e-06,
        "max": 0.0247748252004,
        "mean": 0.00113118451554,
        "median": 0.000309640046908,
        "min": 7.39198241401e-21,
        "stdev": 0.00255008856766,
        "var": 6.5029516918e-06
    },
    "spectral_energyband_low": {
        "dmean": 0.0147660011426,
        "dmean2": 0.0228210296482,
        "dvar": 0.000596616591793,
        "dvar2": 0.0013322859304,
        "max": 0.183057770133,
        "mean": 0.0245051644742,
        "median": 0.0110065257177,
        "min": 3.4160031157e-23,
        "stdev": 0.0328933782876,
        "var": 0.00108197436202
    },
    "spectral_energyband_middle_high": {
        "dmean": 0.00212171929888,
        "dmean2": 0.00311272311956,
        "dvar": 1.39549320011e-05,
        "dvar2": 2.75189104286e-05,
        "max": 0.0719805881381,
        "mean": 0.00501248659566,
        "median": 0.00243602669798,
        "min": 1.86365124868e-21,
        "stdev": 0.00678498158231,
        "var": 4.60359769932e-05
    },
    "spectral_energyband_middle_low": {
        "dmean": 0.00833307392895,
        "dmean2": 0.0134910168126,
        "dvar": 0.000159286733833,
        "dvar2": 0.000430242682341,
        "max": 0.0866589099169,
        "mean": 0.0159532912076,
        "median": 0.012603553012,
        "min": 2.07685430001e-22,
        "stdev": 0.0128096155822,
        "var": 0.000164086261066
    },
    "spectral_entropy": {
        "dmean": 0.212778046727,
        "dmean2": 0.308432012796,
        "dvar": 0.0566451139748,
        "dvar2": 0.10790977627,
        "max": 9.80702400208,
        "mean": 7.40441417694,
        "median": 7.41232442856,
        "min": 5.76409196854,
        "stdev": 0.506847143173,
        "var": 0.256894022226
    },
    "spectral_flux": {
        "dmean": 0.0422177873552,
        "dmean2": 0.0662726089358,
        "dvar": 0.00238012429327,
        "dvar2": 0.00447667669505,
        "max": 0.399335503578,
        "mean": 0.119382359087,
        "median": 0.102564893663,
        "min": 1.02925418188e-10,
        "stdev": 0.0662255063653,
        "var": 0.00438581733033
    },
    "spectral_kurtosis": {
        "dmean": 2.6435573101,
        "dmean2": 4.03921985626,
        "dvar": 15.5568447113,
        "dvar2": 38.1805114746,
        "max": 70.5999145508,
        "mean": 6.57806587219,
        "median": 4.64064121246,
        "min": -1.61883044243,
        "stdev": 6.73693704605,
        "var": 45.3863182068
    },
    "spectral_rms": {
        "dmean": 0.00124693545513,
        "dmean2": 0.0018185544759,
        "dvar": 1.84294685823e-06,
        "dvar2": 3.87932504964e-06,
        "max": 0.0138492304832,
        "mean": 0.00618823384866,
        "median": 0.00587220070884,
        "min": 3.21485004416e-12,
        "stdev": 0.00227182405069,
        "var": 5.16118416272e-06
    },
    "spectral_rolloff": {
        "dmean": 584.613525391,
        "dmean2": 964.858154297,
        "dvar": 1980764.5,
        "dvar2": 3766844.75,
        "max": 18906.1523438,
        "mean": 1210.00561523,
        "median": 624.462890625,
        "min": 64.599609375,
        "stdev": 1822.37451172,
        "var": 3321048.75
    },
    "spectral_skewness": {
        "dmean": 0.339905977249,
        "dmean2": 0.484731853008,
        "dvar": 0.146679013968,
        "dvar2": 0.31508615613,
        "max": 6.11244773865,
        "mean": 1.96605181694,
        "median": 1.8875399828,
        "min": -0.0724841877818,
        "stdev": 0.79667198658,
        "var": 0.634686231613
    },
    "spectral_spread": {
        "dmean": 855919.25,
        "dmean2": 1135627.5,
        "dvar": 1.99748852122e+12,
        "dvar2": 2.50240512819e+12,
        "max": 40738320,
        "mean": 5025446.5,
        "median": 4614467.5,
        "min": 861896.5,
        "stdev": 2727018.25,
        "var": 7.4366278697e+12
    },
    "spectral_strongpeak": {
        "dmean": 0.536709070206,
        "dmean2": 0.89032971859,
        "dvar": 0.687849998474,
        "dvar2": 1.65305066109,
        "max": 9.97257995605,
        "mean": 0.903416514397,
        "median": 0.494140565395,
        "min": 0,
        "stdev": 1.09420084953,
        "var": 1.19727551937
    },
    "zerocrossingrate": {
        "dmean": 0.0130626568571,
        "dmean2": 0.014209702611,
        "dvar": 0.000439825758804,
        "dvar2": 0.000486530043418,
        "max": 0.5029296875,
        "mean": 0.049264293164,
        "median": 0.03857421875,
        "min": 0.00244140625,
        "stdev": 0.0422702729702,
        "var": 0.00178677611984
    },
    "barkbands": {
        "dmean": [0.000184168879059, 0.00991587992758, 0.0079804174602, 0.00350566627458, 0.00334253278561, 0.00116234901361, 0.00150319980457, 0.0013026263332, 0.00096226966707, 0.000698041461874, 0.000424748752266, 0.000447404047009, 0.000363788072718, 0.000426639657235, 0.000409798900364, 0.000215912790736, 0.000212026687223, 0.000127934777993, 0.000172200496309, 0.000157802569447, 0.000124066849821, 0.00012337724911, 0.000106985920866, 0.000169059392647, 0.000157965449034, 1.77154797711e-05, 7.74777561219e-07],
        "dmean2": [0.000306934816763, 0.0146427713335, 0.0141737246886, 0.00610134843737, 0.00566356210038, 0.00186288845725, 0.0023720653262, 0.00212097400799, 0.00146846240386, 0.00109599228017, 0.000670420879032, 0.000683984020725, 0.000587756803725, 0.000645592866931, 0.000654177623801, 0.000332865456585, 0.000348028726876, 0.000191982340766, 0.000268837698968, 0.000235746876569, 0.000193876694539, 0.000194964479306, 0.000153265180415, 0.000242565511144, 0.000224158226047, 2.40001118073e-05, 1.20071092624e-06],
        "dvar": [1.49207920686e-07, 0.000219530731556, 0.000395054055844, 7.03835103195e-05, 2.40811259573e-05, 3.03300407722e-06, 5.99262921241e-06, 7.59117347116e-06, 4.16647935708e-06, 2.41397719947e-06, 1.40571535212e-06, 2.71776980298e-06, 5.85875852721e-07, 9.78832531473e-07, 1.1440962453e-06, 3.61396956805e-07, 4.76296833085e-07, 9.10974478074e-08, 1.45735711499e-07, 1.55983144623e-07, 1.52826245881e-07, 1.74778563178e-07, 1.00370066036e-07, 2.47997832048e-07, 3.51111907548e-07, 2.61086352538e-09, 7.01205933595e-12],
        "dvar2": [3.70514101178e-07, 0.000413757108618, 0.00107453099918, 0.000193674612092, 6.46111948299e-05, 7.25398194845e-06, 1.44411587826e-05, 1.83961637958e-05, 9.27245946514e-06, 5.42845873497e-06, 3.49284368895e-06, 4.48771697847e-06, 1.4006436686e-06, 2.13040038943e-06, 3.11953158416e-06, 8.63998025125e-07, 1.16060630262e-06, 2.06202741992e-07, 3.56160626325e-07, 3.65643785472e-07, 3.9009989905e-07, 4.17159071731e-07, 2.00074921963e-07, 4.98321185205e-07, 6.90223600941e-07, 4.74610173384e-09, 1.60030530494e-11],
        "max": [0.00324083049782, 0.11357717216, 0.130042687058, 0.0565775074065, 0.0417227298021, 0.024528818205, 0.0392124131322, 0.0336585119367, 0.0387137979269, 0.0252417307347, 0.0240685790777, 0.0526337660849, 0.0143723431975, 0.0177598204464, 0.0168913528323, 0.0118898432702, 0.00871094316244, 0.00376526755281, 0.00633971765637, 0.0044859056361, 0.00420389091596, 0.00635837716982, 0.00599389104173, 0.008117178455, 0.0127196954563, 0.000919123995118, 4.52728781966e-05],
        "mean": [0.00017466119607, 0.0160151924938, 0.00636216346174, 0.00290743354708, 0.0050489762798, 0.00188322295435, 0.00235732435249, 0.00200282875448, 0.00155079877004, 0.00104527932126, 0.000607468711678, 0.000666198553517, 0.00055700330995, 0.000617430487182, 0.000575860962272, 0.00026891840389, 0.000232402424444, 0.000186943885637, 0.000255740451394, 0.000229161145398, 0.000148519931827, 0.0001486090041, 0.000161204661708, 0.000260611413978, 0.000250526354648, 2.64215632342e-05, 9.2780965133e-07],
        "median": [2.64276295638e-05, 0.00738214468583, 0.00161083356943, 0.000772496801801, 0.00297370296903, 0.0011463057017, 0.00125806615688, 0.000558082363568, 0.000558889296371, 0.00034491106635, 0.000241520479904, 0.000245748000452, 0.000250685086939, 0.000190215650946, 0.000190315913642, 8.00163325039e-05, 5.61047818337e-05, 4.92393628519e-05, 6.56123665976e-05, 4.06762264902e-05, 2.94854125968e-05, 1.60400559253e-05, 2.80284202745e-05, 5.31036239408e-05, 5.60839143873e-05, 4.65054563392e-06, 5.53853070073e-08],
        "min": [7.79124468384e-24, 2.29769275499e-23, 1.47792932821e-24, 2.72155119035e-24, 5.91881327445e-23, 9.58800555753e-24, 1.01176554468e-23, 6.40022542374e-23, 5.87166148043e-23, 2.03953284883e-22, 9.19626086076e-23, 5.06374516672e-23, 4.73320108784e-23, 1.82408029435e-22, 1.66667565938e-22, 1.61255816045e-22, 1.85267340983e-22, 4.06072752151e-22, 2.79801188069e-22, 2.30738836038e-22, 3.02329465178e-22, 5.44189220496e-22, 6.42992269205e-22, 7.08625900416e-22, 1.41358058102e-21, 1.79160131316e-21, 2.15190268952e-21],
        "stdev": [0.000392105081119, 0.0217244811356, 0.0165576953441, 0.00701954169199, 0.00563350180164, 0.0023440013174, 0.00319252791815, 0.00384830497205, 0.00306606572121, 0.00229040300474, 0.00138580938801, 0.00255634752102, 0.000984810758382, 0.00135596503969, 0.00135411694646, 0.000695092312526, 0.000704053789377, 0.000382385827834, 0.000539169530384, 0.000523233029526, 0.000407382816775, 0.000519704772159, 0.000485544733237, 0.000736236630473, 0.000886288529728, 7.18237497495e-05, 3.29540398525e-06],
        "var": [1.53746384512e-07, 0.000471953069791, 0.000274157297099, 4.92739673064e-05, 3.17363410431e-05, 5.49434207642e-06, 1.01922341855e-05, 1.48094504766e-05, 9.40075915423e-06, 5.24594543094e-06, 1.92046763914e-06, 6.53491315461e-06, 9.69852294475e-07, 1.83864108294e-06, 1.83363283668e-06, 4.8315331469e-07, 4.95691779179e-07, 1.46218923192e-07, 2.90703781047e-07, 2.73772826631e-07, 1.65960756249e-07, 2.70093067911e-07, 2.3575367436e-07, 5.42044347185e-07, 7.85507381806e-07, 5.15865083983e-09, 1.08596881487e-11]
    },
    "erbbands": {
        "dmean": [0.27010974288, 2.42522144318, 7.36999940872, 12.6177749634, 9.20670223236, 12.6135950089, 12.1758813858, 9.05418109894, 19.2186546326, 23.7340221405, 23.0463066101, 22.9672813416, 18.3702049255, 21.3729515076, 17.8485927582, 15.5891256332, 16.7431163788, 17.8852005005, 26.718547821, 13.1788320541, 13.0406389236, 10.028963089, 6.26069164276, 8.78429794312, 7.77007675171, 7.53719425201, 7.646276474, 3.37914705276, 4.01451349258, 3.73935031891, 3.01113152504, 3.11840510368, 3.25640630722, 2.48476433754, 0.731738328934, 0.130428120494, 0.0249330587685, 0.00359292374924, 9.56030417001e-05, 2.32941310969e-05],
        "dmean2": [0.373605668545, 3.73150420189, 12.7047243118, 21.600610733, 16.1126480103, 20.9907398224, 19.5967445374, 14.5574245453, 30.8723697662, 37.5661811829, 37.0629844666, 35.3138237, 28.4595279694, 33.6678009033, 26.5549545288, 22.6969261169, 26.8053207397, 27.3795967102, 43.5327186584, 20.689912796, 20.9724998474, 16.1264820099, 9.33246135712, 13.7573328018, 11.7456531525, 11.4933376312, 12.0711736679, 5.43715906143, 6.25580024719, 5.57265663147, 4.42266130447, 4.44947767258, 4.81149482727, 3.61249613762, 1.02029764652, 0.172720998526, 0.0337136499584, 0.00491542508826, 0.000132162531372, 3.47976638295e-05],
        "dvar": [0.214128807187, 12.5589828491, 273.929504395, 933.698242188, 309.300201416, 324.383972168, 343.188720703, 179.646514893, 1041.73095703, 1672.40014648, 2529.14331055, 3183.8996582, 1692.82531738, 1876.96325684, 2692.88378906, 2558.28344727, 1370.74572754, 1903.41113281, 4690.77392578, 954.401794434, 1658.63269043, 1076.5435791, 230.119247437, 386.937316895, 376.389801025, 347.049987793, 728.453674316, 102.814178467, 172.99269104, 147.770828247, 87.7624588013, 100.765281677, 101.188659668, 80.1823730469, 9.23702144623, 0.169801384211, 0.00440578581765, 0.000109654312837, 7.42097867601e-08, 8.93576768135e-10],
        "dvar2": [0.318232864141, 26.0290107727, 737.555358887, 2487.20654297, 865.954223633, 835.103027344, 854.779602051, 443.481201172, 2484.93847656, 3894.90429688, 6013.35058594, 7248.51123047, 3556.6184082, 4399.84033203, 6029.30566406, 4444.73779297, 3202.73120117, 4305.24414062, 13116.5234375, 2014.25354004, 4209.64013672, 2481.68286133, 495.346282959, 906.035705566, 992.958251953, 807.829711914, 1911.76782227, 261.004211426, 401.649047852, 314.341461182, 182.951629639, 205.885101318, 216.832107544, 161.949951172, 17.1099891663, 0.273120552301, 0.00881341844797, 0.000211158854654, 1.39894780204e-07, 1.97083482867e-09],
        "max": [3.78969168663, 28.4846458435, 117.05997467, 194.011398315, 130.709640503, 169.540679932, 200.911056519, 194.931396484, 514.014526367, 466.398529053, 891.599609375, 1234.31335449, 634.719726562, 697.318969727, 1176.66833496, 1870.38012695, 773.731079102, 736.27532959, 1062.71520996, 504.095306396, 774.060668945, 605.757873535, 178.553131104, 197.835632324, 324.807128906, 262.1796875, 307.199493408, 119.779777527, 216.934005737, 194.509597778, 170.122619629, 240.281387329, 159.886413574, 197.142776489, 81.9900970459, 9.2080821991, 0.899244487286, 0.190205171704, 0.00532965455204, 0.000387159525417],
        "mean": [0.392907977104, 3.81371927261, 7.09369850159, 10.4509372711, 10.0214195251, 19.3798027039, 19.3939647675, 14.9338607788, 30.4579677582, 39.5462150574, 37.8663215637, 36.7635421753, 28.7756557465, 34.3472709656, 27.5608081818, 25.3388385773, 27.0786170959, 28.4704933167, 38.2062492371, 19.3273658752, 15.9505558014, 12.0951108932, 9.41829967499, 12.6289701462, 12.0492649078, 11.3493242264, 8.8248462677, 4.33646821976, 5.0088801384, 5.02237653732, 4.58354139328, 4.80386590958, 4.80617427826, 3.77407240868, 1.17142236233, 0.20028860867, 0.0383656360209, 0.0052131889388, 0.000160184819833, 5.95830315433e-05],
        "median": [0.116569951177, 1.99553084373, 2.60371994972, 2.5189063549, 5.49728155136, 10.197227478, 10.3045072556, 9.49304962158, 16.8238677979, 18.5721263885, 14.3716993332, 13.9393234253, 11.3083124161, 12.4962282181, 12.3076725006, 10.5416069031, 12.2110681534, 10.0235357285, 13.3114414215, 6.63376283646, 4.58202314377, 3.15022206306, 2.74790215492, 3.99195766449, 2.54855203629, 1.9733492136, 1.64761805534, 0.852680325508, 0.596377074718, 0.562348484993, 0.871580243111, 0.878916800022, 0.945070564747, 0.883348107338, 0.229851484299, 0.0381138697267, 0.0064173056744, 0.000718232244253, 4.85793316329e-05, 4.67637109978e-05],
        "min": [1.07285699053e-21, 3.66234902832e-21, 2.64914123134e-21, 9.33598610048e-21, 8.95552130812e-20, 1.48004131206e-19, 2.67575247175e-19, 5.89659577068e-20, 1.16026117132e-19, 9.30944526736e-19, 8.81330647185e-19, 1.10911767972e-18, 3.05185888178e-18, 6.82005410607e-18, 3.56664356906e-18, 2.23415176198e-18, 2.47149862425e-18, 7.80816477475e-18, 7.36738090584e-18, 9.91956727653e-18, 8.6153565678e-18, 1.1095998433e-17, 1.73854951718e-17, 1.82555055421e-17, 1.3965841184e-17, 1.02608677875e-17, 1.24407955856e-17, 1.23670805581e-17, 1.66807124745e-17, 2.04365938746e-17, 2.15399618219e-17, 1.18142054444e-17, 1.4801707193e-17, 1.45604930546e-17, 9.78511237668e-18, 5.7588566536e-18, 3.39384926141e-18, 1.21426505347e-18, 2.84187179375e-19, 3.47060266544e-20],
        "stdev": [0.662791252136, 4.95922088623, 14.6313610077, 26.1702747345, 15.1162958145, 24.5192775726, 25.3241500854, 17.2438755035, 43.0169067383, 53.5715179443, 69.2035446167, 81.6275177002, 58.5448722839, 67.013458252, 62.5384750366, 87.3812942505, 49.6862602234, 59.7096939087, 83.9810028076, 39.658744812, 44.0916481018, 36.4090461731, 19.4161815643, 23.0891952515, 28.3230609894, 27.0115356445, 26.1212806702, 11.5533208847, 17.2490901947, 16.647069931, 13.9071187973, 15.5146207809, 13.8295860291, 13.1510305405, 4.6218662262, 0.631535887718, 0.0959620773792, 0.0149233099073, 0.000396977120545, 4.52862441307e-05],
        "var": [0.439292252064, 24.593870163, 214.07673645, 684.883300781, 228.50239563, 601.194946289, 641.31262207, 297.351257324, 1850.45422363, 2869.90771484, 4789.13037109, 6663.05175781, 3427.50195312, 4490.80322266, 3911.06079102, 7635.49121094, 2468.72460938, 3565.24755859, 7052.80908203, 1572.81591797, 1944.07348633, 1325.61877441, 376.988128662, 533.110961914, 802.195800781, 729.623046875, 682.321350098, 133.479232788, 297.531097412, 277.124938965, 193.407958984, 240.703445435, 191.257461548, 172.94960022, 21.3616485596, 0.398837596178, 0.00920872017741, 0.000222705173655, 1.57590832828e-07, 2.05084393912e-09]
    },
    "gfcc": {
        "mean": [5.51881694794, 117.031639099, -99.271446228, 26.5113258362, -59.3422164917, 24.2107391357, -41.4986724854, 13.022233963, -22.1913375854, 5.10020160675, -6.19430017471, -8.66853713989, -4.87964582443],
        "cov": [[5108.02587891, -1788.38122559, -207.194412231, 333.557678223, -322.405822754, 369.372528076, -296.766998291, 470.021514893, -300.756011963, 268.557769775, -203.550720215, 83.1299133301, -217.792984009], [-1788.38122559, 1826.90869141, -185.756790161, -323.416748047, 376.681793213, -283.074768066, 245.56741333, -285.440734863, 184.023468018, -235.401657104, 174.841201782, -132.015899658, 174.223495483], [-207.194412231, -185.756790161, 962.067443848, 103.430809021, 6.48937702179, 252.601242065, -78.9817962646, 126.091079712, -3.60288596153, 32.4840774536, 1.29234313965, 46.1236381531, 31.983745575], [333.557678223, -323.416748047, 103.430809021, 367.903900146, -12.4946641922, 20.0517272949, 12.682346344, 11.8143701553, 10.3548793793, 26.2336044312, -14.7464599609, 48.7184524536, -16.8920059204], [-322.405822754, 376.681793213, 6.48937702179, -12.4946641922, 306.96963501, -19.8246955872, 76.4742126465, 7.1637134552, 49.9515419006, -30.9231300354, 50.3996429443, -3.49644708633, 50.4733428955], [369.372528076, -283.074768066, 252.601242065, 20.0517272949, -19.8246955872, 289.595855713, -23.0047111511, 97.7398223877, -7.27392101288, 45.1404266357, 8.33706474304, 11.3551025391, -2.86676883698], [-296.766998291, 245.56741333, -78.9817962646, 12.682346344, 76.4742126465, -23.0047111511, 219.087265015, -54.8121299744, 54.3350486755, -3.42212772369, 28.1968479156, -12.8206195831, 12.1608142853], [470.021514893, -285.440734863, 126.091079712, 11.8143701553, 7.1637134552, 97.7398223877, -54.8121299744, 234.096694946, -42.3294525146, 53.9519462585, 11.7652826309, 9.05502700806, 0.685666501522], [-300.756011963, 184.023468018, -3.60288596153, 10.3548793793, 49.9515419006, -7.27392101288, 54.3350486755, -42.3294525146, 147.90435791, -5.43631124496, 31.4877433777, 5.18917560577, -9.07377624512], [268.557769775, -235.401657104, 32.4840774536, 26.2336044312, -30.9231300354, 45.1404266357, -3.42212772369, 53.9519462585, -5.43631124496, 129.147766113, -6.84731674194, 17.9229068756, -17.5360774994], [-203.550720215, 174.841201782, 1.29234313965, -14.7464599609, 50.3996429443, 8.33706474304, 28.1968479156, 11.7652826309, 31.4877433777, -6.84731674194, 108.84551239, 3.25736093521, 30.2317199707], [83.1299133301, -132.015899658, 46.1236381531, 48.7184524536, -3.49644708633, 11.3551025391, -12.8206195831, 9.05502700806, 5.18917560577, 17.9229068756, 3.25736093521, 87.981300354, -4.42609357834], [-217.792984009, 174.223495483, 31.983745575, -16.8920059204, 50.4733428955, -2.86676883698, 12.1608142853, 0.685666501522, -9.07377624512, -17.5360774994, 30.2317199707, -4.42609357834, 105.820228577]],
        "icov": [[0.000478505244246, -0.000284562294837, 0.000495334621519, -0.000613737967797, 0.000246238836553, -0.000825475668535, 0.000436880945927, -0.00086573860608, 0.000732682470698, -0.000556985556614, 0.000748087710235, -0.000449093786301, 0.000759264861699], [-0.000284562294837, 0.00409783283249, -0.00113383203279, 0.00292104831897, -0.00257035531104, 0.00309385196306, -0.00193193345331, 0.00315150222741, -0.00269669177942, 0.00339049915783, -0.00375092425384, 0.00372072635219, -0.00345415109769], [0.000495334621519, -0.00113383203279, 0.00218740710989, -0.00151500443462, 0.000661016150843, -0.00260603870265, 0.00126148376148, -0.00172770163044, 0.000963114318438, -0.00104728539009, 0.00175036513247, -0.00162068533245, 0.000804770097602], [-0.000613737967797, 0.00292104831897, -0.00151500443462, 0.0055393083021, -0.0017837745836, 0.00291786692105, -0.0021310695447, 0.00273766322061, -0.00254500308074, 0.00243516382761, -0.00264515844174, 0.00127228768542, -0.00257901358418], [0.000246238836553, -0.00257035531104, 0.000661016150843, -0.0017837745836, 0.00590950669721, -0.00159952032845, -3.16518708132e-06, -0.00300216116011, 0.000635506468825, -0.00121563847642, 0.00167727191001, -0.00251616560854, 0.000680553901475], [-0.000825475668535, 0.00309385196306, -0.00260603870265, 0.00291786692105, -0.00159952032845, 0.00824491027743, -0.00219933828339, 0.00183812202886, -0.00290021370165, 0.00214417721145, -0.00391107751057, 0.00326598598622, -0.00295152910985], [0.000436880945927, -0.00193193345331, 0.00126148376148, -0.0021310695447, -3.16518708132e-06, -0.00219933828339, 0.00708453496918, -0.000582505774219, 0.000350888061803, -0.00268636504188, 0.00130661972798, -0.000854913319927, 0.00166587741114], [-0.00086573860608, 0.00315150222741, -0.00172770163044, 0.00273766322061, -0.00300216116011, 0.00183812202886, -0.000582505774219, 0.00954989716411, -0.00110455648974, 0.000877747836057, -0.00483039068058, 0.00342907733284, -0.00295030628331], [0.000732682470698, -0.00269669177942, 0.000963114318438, -0.00254500308074, 0.000635506468825, -0.00290021370165, 0.000350888061803, -0.00110455648974, 0.0111915832385, -0.00291356840171, 0.000580779218581, -0.00310561875813, 0.00501661654562], [-0.000556985556614, 0.00339049915783, -0.00104728539009, 0.00243516382761, -0.00121563847642, 0.00214417721145, -0.00268636504188, 0.000877747836057, -0.00291356840171, 0.0125515479594, -0.00290775485337, 0.001611635671, -0.00235402071849], [0.000748087710235, -0.00375092425384, 0.00175036513247, -0.00264515844174, 0.00167727191001, -0.00391107751057, 0.00130661972798, -0.00483039068058, 0.000580779218581, -0.00290775485337, 0.0155340414494, -0.0045118201524, 0.000680433760863], [-0.000449093786301, 0.00372072635219, -0.00162068533245, 0.00127228768542, -0.00251616560854, 0.00326598598622, -0.000854913319927, 0.00342907733284, -0.00310561875813, 0.001611635671, -0.0045118201524, 0.0163895543665, -0.0030172788538], [0.000759264861699, -0.00345415109769, 0.000804770097602, -0.00257901358418, 0.000680553901475, -0.00295152910985, 0.00166587741114, -0.00295030628331, 0.00501661654562, -0.00235402071849, 0.000680433760863, -0.0030172788538, 0.0151872644201]]
    },
    "melbands": {
        "dmean": [0.00263111270033, 0.00322613446042, 0.0019257835811, 0.000762891024351, 0.000447276805062, 0.000202622730285, 0.000301148102153, 0.000280290900264, 0.000175037610461, 0.000141698357766, 9.46580184973e-05, 9.28509616642e-05, 6.34657844785e-05, 5.7416902564e-05, 3.61708480341e-05, 3.49769761669e-05, 3.52851966454e-05, 4.60195442429e-05, 2.39964192588e-05, 1.47634900713e-05, 1.64526991284e-05, 1.17579947982e-05, 7.39054121368e-06, 6.18220428805e-06, 7.67979872762e-06, 7.31303043722e-06, 4.16862667407e-06, 5.44167687622e-06, 5.74959040023e-06, 2.72062561635e-06, 1.99790656552e-06, 2.37659764935e-06, 2.35933907788e-06, 2.05133187592e-06, 1.66201039065e-06, 2.11115229831e-06, 1.83865859071e-06, 2.16979969991e-06, 2.6636646453e-06, 2.11257633964e-06],
        "dmean2": [0.00378652056679, 0.00515252863988, 0.00330885034055, 0.00130486383568, 0.000730655330699, 0.000324943015585, 0.000480414775666, 0.000443864933914, 0.000277701357845, 0.000217286025872, 0.000145549056469, 0.000147945567733, 9.84397265711e-05, 8.69869472808e-05, 5.87524518778e-05, 5.55363440071e-05, 5.40211112821e-05, 7.50972612877e-05, 3.81080935767e-05, 2.31780049944e-05, 2.72597699222e-05, 1.93050291273e-05, 1.15233187898e-05, 9.39332403505e-06, 1.2223147678e-05, 1.1568955415e-05, 6.25879192739e-06, 8.44063924887e-06, 9.33784667723e-06, 4.34839648733e-06, 3.36029597747e-06, 3.87410636904e-06, 3.54876488018e-06, 3.05565640701e-06, 2.45714727498e-06, 3.13959117193e-06, 2.64610798695e-06, 3.14774479193e-06, 4.13178349845e-06, 3.07325308313e-06],
        "dvar": [1.73088137672e-05, 3.54319236067e-05, 2.06492768484e-05, 1.37041229209e-06, 4.3367708713e-07, 8.7811045546e-08, 2.55394837723e-07, 2.38557618104e-07, 1.27430567431e-07, 1.10331576764e-07, 4.62284894809e-08, 3.75883111303e-08, 3.37402887851e-08, 5.98023888188e-08, 5.98569238619e-09, 5.12290299071e-09, 8.25132140392e-09, 1.30022259626e-08, 2.82585777001e-09, 1.33989253026e-09, 2.86292412e-09, 1.59869584238e-09, 4.46235576268e-10, 2.22369581082e-10, 3.04471531321e-10, 3.96348481813e-10, 9.7518007558e-11, 1.84428972094e-10, 4.45751657807e-10, 6.55193538313e-11, 4.41392304651e-11, 6.99451052633e-11, 7.02163327482e-11, 4.09462221074e-11, 2.49664594554e-11, 5.30587102032e-11, 3.33245687989e-11, 4.10846287546e-11, 8.11698278036e-11, 6.68227417844e-11],
        "dvar2": [2.9280590752e-05, 8.81754021975e-05, 5.48524913029e-05, 3.69816211787e-06, 1.09642951429e-06, 2.16191509139e-07, 6.15742351329e-07, 5.65993104829e-07, 2.91666907515e-07, 2.48505727996e-07, 9.74678471266e-08, 8.74761525438e-08, 8.44442098469e-08, 9.65405249076e-08, 1.47617216228e-08, 1.16595870736e-08, 1.86149780035e-08, 3.56433496052e-08, 6.66114052805e-09, 2.89457124936e-09, 7.23528748026e-09, 3.6714720153e-09, 1.0759600988e-09, 4.81168771493e-10, 7.29154903123e-10, 1.13962195236e-09, 2.14672821186e-10, 4.43605152611e-10, 1.19336540649e-09, 1.6168834327e-10, 1.20093587852e-10, 1.76135689367e-10, 1.55170168381e-10, 9.00650387603e-11, 5.40976083374e-11, 1.09507396207e-10, 6.74603845008e-11, 8.21704718157e-11, 1.9131816964e-10, 1.42922187973e-10],
        "max": [0.0306809674948, 0.0444520711899, 0.0291142817587, 0.00857908185571, 0.00659789750353, 0.0039556180127, 0.00841900333762, 0.00549219781533, 0.00662009697407, 0.0073346090503, 0.00346990837716, 0.00304433773272, 0.00362776173279, 0.00804643891752, 0.00122053071391, 0.0012664354872, 0.00164528761525, 0.00165237975307, 0.000770801212639, 0.000635342672467, 0.000908431306016, 0.000775850785431, 0.000339244259521, 0.00022470287513, 0.000174706088728, 0.000406352075515, 0.000113430396596, 0.000162370110047, 0.000240348803345, 8.27745097922e-05, 8.34644160932e-05, 0.000140000905958, 0.00014426735288, 8.65526453708e-05, 8.60810032464e-05, 0.000197027940885, 0.000125119928271, 9.45190913626e-05, 0.000161344214575, 0.000196295557544],
        "mean": [0.00413481844589, 0.00423340732232, 0.00171570421662, 0.00107153563295, 0.000741055584513, 0.000333622971084, 0.000476077751955, 0.000464587647002, 0.000292508339044, 0.000221415306441, 0.000141788113979, 0.000143752302392, 9.3998889497e-05, 8.15773382783e-05, 5.6237931858e-05, 5.4967491451e-05, 5.21094661963e-05, 6.39370919089e-05, 3.40913502441e-05, 1.94284402824e-05, 1.85995631909e-05, 1.28709525598e-05, 9.89365889836e-06, 8.62923661771e-06, 1.0188206943e-05, 1.0569207916e-05, 6.65384686727e-06, 7.6544147305e-06, 6.36322783976e-06, 3.23440804095e-06, 2.30892715081e-06, 2.78675224763e-06, 2.95307950182e-06, 2.69398356068e-06, 2.41248289967e-06, 3.05238950205e-06, 2.82645351035e-06, 3.18589400194e-06, 3.69081044482e-06, 3.03973774862e-06],
        "median": [0.00161693035625, 0.00200480991043, 0.00053374003619, 0.000614583899733, 0.000394098489778, 0.00021219268092, 0.000264248257736, 0.00018738147628, 0.000115057540825, 7.78569883551e-05, 5.06797186972e-05, 4.86849530716e-05, 3.86856299883e-05, 2.81255997834e-05, 2.44262882916e-05, 2.3808232072e-05, 1.66366353369e-05, 2.19170178752e-05, 1.17110657811e-05, 6.01229021413e-06, 4.84142174173e-06, 3.14679027724e-06, 2.29568945542e-06, 2.35866832554e-06, 3.13967643706e-06, 2.08532946999e-06, 1.30304169943e-06, 1.25618453239e-06, 1.1408062619e-06, 5.7668341924e-07, 4.19032460286e-07, 3.11096215455e-07, 2.54534569422e-07, 3.05705555093e-07, 4.58017751725e-07, 4.80288008475e-07, 5.04678780544e-07, 5.2665319572e-07, 8.37621314531e-07, 6.4547839429e-07],
        "min": [8.62847301775e-24, 2.43044751404e-24, 3.45394069881e-24, 9.0339924881e-24, 9.79050772963e-24, 1.33958117063e-24, 1.61071157907e-24, 1.20280612002e-23, 6.86643227908e-24, 7.64671984398e-24, 1.7894986202e-23, 3.0633889175e-23, 1.17789854691e-23, 5.45281325844e-24, 6.43864681524e-24, 6.86287609412e-24, 1.56820246813e-23, 1.15711971401e-23, 1.54558188167e-23, 1.18783582773e-23, 9.56304520963e-24, 1.0306653109e-23, 1.45420070773e-23, 1.83405569293e-23, 1.43738503313e-23, 1.23026337046e-23, 7.09040093412e-24, 6.83989815367e-24, 7.4601581842e-24, 8.37709381283e-24, 6.1504751377e-24, 7.79061753942e-24, 1.35527344813e-23, 1.0342031154e-23, 1.43992437638e-23, 7.14045415856e-24, 6.98965077475e-24, 8.5641398332e-24, 1.43375090871e-23, 1.16034702286e-23],
        "stdev": [0.00609791930765, 0.00643231766298, 0.00391281303018, 0.00124151853379, 0.000913884025067, 0.000388564978493, 0.000667606072966, 0.000674754322972, 0.000511701742653, 0.000482882081997, 0.000303173466818, 0.000296039739624, 0.000208928890061, 0.000356731383363, 0.000107870793727, 9.49825698626e-05, 0.00012012719526, 0.000138988514664, 7.12725013727e-05, 4.43176177214e-05, 5.64947331441e-05, 4.37593589595e-05, 2.4193786885e-05, 1.8879352865e-05, 1.93533451238e-05, 2.79335235973e-05, 1.44154482768e-05, 1.87844962056e-05, 1.9863480702e-05, 8.75640125741e-06, 6.81052551954e-06, 9.824884728e-06, 1.0924374692e-05, 8.66328900884e-06, 6.94864502293e-06, 1.1114573681e-05, 8.81329287949e-06, 9.13285930437e-06, 1.15402945084e-05, 1.14939703053e-05],
        "var": [3.71846217604e-05, 4.13747111452e-05, 1.53101063916e-05, 1.54136819219e-06, 8.35183982417e-07, 1.50982742753e-07, 4.45697850182e-07, 4.55293388768e-07, 2.6183869295e-07, 2.33175100561e-07, 9.19141456279e-08, 8.76395347404e-08, 4.36512834767e-08, 1.27257280269e-07, 1.16361080771e-08, 9.02168917349e-09, 1.4430543871e-08, 1.93178060215e-08, 5.07976993802e-09, 1.96405114394e-09, 3.19165471829e-09, 1.91488136458e-09, 5.85339332559e-10, 3.56429996629e-10, 3.7455197277e-10, 7.80281728119e-10, 2.07805161967e-10, 3.5285727118e-10, 3.94557830852e-10, 7.66745694714e-11, 4.63832583453e-11, 9.65283547538e-11, 1.19341952987e-10, 7.50525822046e-11, 4.82836687299e-11, 1.23533752672e-10, 7.76741379549e-11, 8.34091198887e-11, 1.33178398865e-10, 1.32111363516e-10]
    },
    "melbands128": {
