{
"lowlevel": {
    "average_loudness": 0.769720971584,
    "barkbands_crest": {
        "dmean": 2.83274674416,
        "dmean2": 4.42862892151,
        "dvar": 6.7184138298,
        "dvar2": 16.397069931,
        "max": 25.473991394,
        "mean": 10.0561704636,
        "median": 9.19697475433,
        "min": 2.49776434898,
        "stdev": 4.23403263092,
        "var": 17.9270305634
    },
    "barkbands_flatness_db": {
        "dmean": 0.0297486353666,
        "dmean2": 0.0440762862563,
        "dvar": 0.000924395804759,
        "dvar2": 0.00181320891716,
        "max": 0.391269683838,
        "mean": 0.142310127616,
        "median": 0.131546974182,
        "min": 0.0294093992561,
        "stdev": 0.0560761280358,
        "var": 0.00314453197643
    },
    "barkbands_kurtosis": {
        "dmean": 7.33222150803,
        "dmean2": 11.170633316,
        "dvar": 427.167755127,
        "dvar2": 946.377990723,
        "max": 349.9402771,
        "mean": 8.4875535965,
        "median": 2.65210580826,
        "min": -1.92596256733,
        "stdev": 24.2057037354,
        "var": 585.91607666
    },
    "barkbands_skewness": {
        "dmean": 0.927275598049,
        "dmean2": 1.333512187,
        "dvar": 1.45680809021,
        "dvar2": 2.7403383255,
        "max": 15.4382209778,
        "mean": 1.64186000824,
        "median": 1.41294586658,
        "min": -6.81572341919,
        "stdev": 2.00535821915,
        "var": 4.02146148682
    },
    "barkbands_spread": {
        "dmean": 10.6328248978,
        "dmean2": 16.8346691132,
        "dvar": 186.437805176,
        "dvar2": 442.551849365,
        "max": 104.693069458,
        "mean": 24.3979549408,
        "median": 20.099489212,
        "min": 0.596370458603,
        "stdev": 17.56681633,
        "var": 308.593017578
    },
    "dissonance": {
        "dmean": 0.0268752723932,
        "dmean2": 0.0429108627141,
        "dvar": 0.00078906287672,
        "dvar2": 0.00169542781077,
        "max": 0.499992281199,
        "mean": 0.448593378067,
        "median": 0.456208378077,
        "min": 0.163849905133,
        "stdev": 0.0420560985804,
        "var": 0.0017687153304
    },
    "dynamic_complexity": 3.21504449844,
    "erbbands_crest": {
        "dmean": 3.54769778252,
        "dmean2": 5.74578905106,
        "dvar": 10.0761651993,
        "dvar2": 25.7151679993,
        "max": 27.0917835236,
        "mean": 10.1540555954,
        "median": 9.16902256012,
        "min": 3.03803277016,
        "stdev": 4.39728736877,
        "var": 19.3361377716
    },
    "erbbands_flatness_db": {
        "dmean": 0.0259927269071,
        "dmean2": 0.0390937551856,
        "dvar": 0.000776616681833,
        "dvar2": 0.0015450034989,
        "max": 0.354756623507,
        "mean": 0.15310755372,
        "median": 0.145564854145,
        "min": 0.0551347509027,
        "stdev": 0.0490486994386,
        "var": 0.00240577477962
    },
    "erbbands_kurtosis": {
        "dmean": 2.15035367012,
        "dmean2": 3.46411275864,
        "dvar": 10.6305332184,
        "dvar2": 24.8634243011,
        "max": 30.918712616,
        "mean": 1.6873062849,
        "median": 0.405849456787,
        "min": -1.84153211117,
        "stdev": 3.8744199276,
        "var": 15.0111293793
    },
    "erbbands_skewness": {
        "dmean": 0.623864114285,
        "dmean2": 0.959397852421,
        "dvar": 0.451683342457,
        "dvar2": 0.963474094868,
        "max": 3.87937998772,
        "mean": 0.697914898396,
        "median": 0.739718139172,
        "min": -3.80095171928,
        "stdev": 1.04797637463,
        "var": 1.09825456142
    },
    "erbbands_spread": {
        "dmean": 14.9555225372,
        "dmean2": 23.4812335968,
        "dvar": 311.950775146,
        "dvar2": 750.037597656,
        "max": 173.132080078,
        "mean": 42.6406669617,
        "median": 36.293346405,
        "min": 4.15101146698,
        "stdev": 25.6610088348,
        "var": 658.487365723
    },
    "hfc": {
        "dmean": 14.2194814682,
        "dmean2": 21.9632606506,
        "dvar": 501.954528809,
        "dvar2": 1132.90844727,
        "max": 216.916046143,
        "mean": 26.3265476227,
        "median": 16.2295246124,
        "min": 1.14101042233e-16,
        "stdev": 29.0232486725,
        "var": 842.348999023
    },
    "loudness_ebu128": {
        "integrated": -11.6511745453,
        "loudness_range": 5.06501197815,
        "momentary": {
            "dmean": 0.637156486511,
            "dmean2": 0.826580703259,
            "dvar": 0.51543712616,
            "dvar2": 0.931038558483,
            "max": -7.40844726562,
            "mean": -12.3818006516,
            "median": -13.0774211884,
            "min": -16.5138397217,
            "stdev": 2.47096920013,
            "var": 6.10568904877
        },
        "short_term": {
            "dmean": 0.0924626216292,
            "dmean2": 0.107587337494,
            "dvar": 0.0137762883678,
            "dvar2": 0.0165534112602,
            "max": -9.35675239563,
            "mean": -12.058842659,
            "median": -11.181684494,
            "min": -15.4014644623,
            "stdev": 1.99843847752,
            "var": 3.99375629425
        }
    },
    "melbands_crest": {
        "dmean": 3.68321895599,
        "dmean2": 5.76793575287,
        "dvar": 12.0834608078,
        "dvar2": 27.3473052979,
        "max": 35.8444442749,
        "mean": 14.6784305573,
        "median": 12.6069717407,
        "min": 2.03137540817,
        "stdev": 7.14674091339,
        "var": 51.0759086609
    },
    "melbands_flatness_db": {
        "dmean": 0.0349949300289,
        "dmean2": 0.0500393770635,
        "dvar": 0.00142057787161,
        "dvar2": 0.00248122261837,
        "max": 0.493551760912,
        "mean": 0.191082209349,
        "median": 0.18259125948,
        "min": 0.00803608167917,
        "stdev": 0.0749210119247,
        "var": 0.00561315752566
    },
    "melbands_kurtosis": {
        "dmean": 14.1139917374,
        "dmean2": 20.6150894165,
        "dvar": 1298.41845703,
        "dvar2": 2489.53515625,
        "max": 721.652954102,
        "mean": 20.8807640076,
        "median": 7.28077602386,
        "min": -1.88071846962,
        "stdev": 52.6869239807,
        "var": 2775.91210938
    },
    "melbands_skewness": {
        "dmean": 1.09754920006,
        "dmean2": 1.64524006844,
        "dvar": 1.91082632542,
        "dvar2": 3.83939671516,
        "max": 21.639295578,
        "mean": 2.64543652534,
        "median": 2.07807469368,
        "min": -3.56779575348,
        "stdev": 2.47261428833,
        "var": 6.11382198334
    },
    "melbands_spread": {
        "dmean": 14.7980117798,
        "dmean2": 24.1780567169,
        "dvar": 859.191650391,
        "dvar2": 1898.24609375,
        "max": 256.793579102,
        "mean": 29.0238838196,
        "median": 19.5674514771,
        "min": 0.49167817831,
        "stdev": 35.3340988159,
        "var": 1248.49841309
    },
    "pitch_salience": {
        "dmean": 0.0750793069601,
        "dmean2": 0.119128130376,
        "dvar": 0.00546684721485,
        "dvar2": 0.0120631568134,
        "max": 0.852799117565,
        "mean": 0.543616354465,
        "median": 0.53680229187,
        "min": 0.0995970070362,
        "stdev": 0.1399846524,
        "var": 0.0195957049727
    },
    "silence_rate_20dB": {
        "dmean": 0.0139318881556,
        "dmean2": 0.0278853606433,
        "dvar": 0.0137379327789,
        "dvar2": 0.0286571588367,
        "max": 1,
        "mean": 0.986078858376,
        "median": 1,
        "min": 0,
        "stdev": 0.117163278162,
        "var": 0.0137272337452
    },
    "silence_rate_30dB": {
        "dmean": 0.0185758508742,
        "dmean2": 0.0371804796159,
        "dvar": 0.0182308536023,
        "dvar2": 0.0357980579138,
        "max": 1,
        "mean": 0.944315552711,
        "median": 1,
        "min": 0,
        "stdev": 0.229311704636,
        "var": 0.0525838583708
    },
    "silence_rate_60dB": {
        "dmean": 0.0286377705634,
        "dmean2": 0.0573199056089,
        "dvar": 0.0278176851571,
        "dvar2": 0.0617801770568,
        "max": 1,
        "mean": 0.040216550231,
        "median": 0,
        "min": 0,
        "stdev": 0.196466907859,
        "var": 0.0385992452502
    },
    "spectral_centroid": {
        "dmean": 468.728363037,
        "dmean2": 702.777832031,
        "dvar": 476071.4375,
        "dvar2": 830637.75,
        "max": 10669.6953125,
        "mean": 1496.80773926,
        "median": 1217.63354492,
        "min": 177.343780518,
        "stdev": 1043.22302246,
        "var": 1088314.25
    },
    "spectral_complexity": {
        "dmean": 4.33204317093,
        "dmean2": 6.19209909439,
        "dvar": 26.4908905029,
        "dvar2": 44.8027687073,
        "max": 57,
        "mean": 14.7354984283,
        "median": 13,
        "min": 0,
        "stdev": 9.02251243591,
        "var": 81.4057388306
    },
    "spectral_decrease": {
        "dmean": 3.59997720523e-09,
        "dmean2": 5.17711296055e-09,
        "dvar": 9.2741802831e-17,
        "dvar2": 1.58834122727e-16,
        "max": 3.83216375299e-11,
        "mean": -8.94789486949e-09,
        "median": -3.30924798675e-09,
        "min": -1.26971556824e-07,
        "stdev": 1.62289524042e-08,
        "var": 2.63378912779e-16
    },
    "spectral_energy": {
        "dmean": 0.0142455296591,
        "dmean2": 0.0206375885755,
        "dvar": 0.00134091731161,
        "dvar2": 0.0022928903345,
        "max": 0.48577067256,
        "mean": 0.0361593142152,
        "median": 0.0142603851855,
        "min": 1.04926552077e-20,
        "stdev": 0.0620008148253,
        "var": 0.00384410121478
    },
    "spectral_energyband_high": {
        "dmean": 0.00135133625008,
        "dmean2": 0.00215198937804,
        "dvar": 6.96568031344e-06,
        "dvar2": 1.6321449948e-05,
        "max": 0.0246985778213,
        "mean": 0.00175471336115,
        "median": 0.00053630018374,
        "min": 7.74559566353e-21,
        "stdev": 0.00307565764524,
        "var": 9.45966985455e-06
    },
    "spectral_energyband_low": {
        "dmean": 0.00844549573958,
        "dmean2": 0.0118203302845,
        "dvar": 0.00127272214741,
        "dvar2": 0.00218110531569,
        "max": 0.464054703712,
        "mean": 0.0193313378841,
        "median": 0.00161496992223,
        "min": 1.05848788283e-22,
        "stdev": 0.0571912676096,
        "var": 0.0032708409708
    },
    "spectral_energyband_middle_high": {
        "dmean": 0.00232375459746,
        "dmean2": 0.00341804069467,
        "dvar": 1.69531394931e-05,
        "dvar2": 3.26364061038e-05,
        "max": 0.0405860058963,
        "mean": 0.00445791473612,
        "median": 0.00249258219264,
        "min": 1.56859364216e-21,
        "stdev": 0.0059737493284,
        "var": 3.56856799044e-05
    },
    "spectral_energyband_middle_low": {
        "dmean": 0.00731767667457,
        "dmean2": 0.0116947088391,
        "dvar": 0.00031483542989,
        "dvar2": 0.00087079172954,
        "max": 0.19831456244,
        "mean": 0.0112841809168,
        "median": 0.00647477805614,
        "min": 3.0803198289e-22,
        "stdev": 0.0163293071091,
        "var": 0.00026664629695
    },
    "spectral_entropy": {
        "dmean": 0.259787529707,
        "dmean2": 0.378886520863,
        "dvar": 0.079145655036,
        "dvar2": 0.127014964819,
        "max": 9.79262638092,
        "mean": 7.68327140808,
        "median": 7.63771915436,
        "min": 6.0304069519,
        "stdev": 0.487216770649,
        "var": 0.237380191684
    },
    "spectral_flux": {
        "dmean": 0.0329174697399,
        "dmean2": 0.0510832630098,
        "dvar": 0.00267337751575,
        "dvar2": 0.00471433624625,
        "max": 0.641621768475,
        "mean": 0.0969012901187,
        "median": 0.0713456645608,
        "min": 1.02433665716e-10,
        "stdev": 0.0853349193931,
        "var": 0.00728204846382
    },
    "spectral_kurtosis": {
        "dmean": 1.40411996841,
        "dmean2": 2.08465838432,
        "dvar": 2.56222963333,
        "dvar2": 5.3751502037,
        "max": 24.217880249,
        "mean": 3.45345687866,
        "median": 3.27156352997,
        "min": -1.19465303421,
        "stdev": 2.68570065498,
        "var": 7.21298742294
    },
    "spectral_rms": {
        "dmean": 0.0010070996359,
        "dmean2": 0.0014448852744,
        "dvar": 2.47289904109e-06,
        "dvar2": 4.22257062382e-06,
        "max": 0.0217697639018,
        "mean": 0.00489903613925,
        "median": 0.0037299557589,
        "min": 3.19949015198e-12,
        "stdev": 0.00335809425451,
        "var": 1.12767975224e-05
    },
    "spectral_rolloff": {
        "dmean": 1137.1105957,
        "dmean2": 1877.7767334,
        "dvar": 4295723,
        "dvar2": 8211492.5,
        "max": 18238.6230469,
        "mean": 2324.58837891,
        "median": 1119.7265625,
        "min": 43.06640625,
        "stdev": 2952.68701172,
        "var": 8718360
    },
    "spectral_skewness": {
        "dmean": 0.292868554592,
        "dmean2": 0.430443704128,
        "dvar": 0.0956798866391,
        "dvar2": 0.173723623157,
        "max": 4.01605796814,
        "mean": 1.55711758137,
        "median": 1.62985241413,
        "min": -0.194404602051,
        "stdev": 0.564321577549,
        "var": 0.318458855152
    },
    "spectral_spread": {
        "dmean": 1136968.75,
        "dmean2": 1600932.875,
        "dvar": 2.27679482675e+12,
        "dvar2": 3.62030432256e+12,
        "max": 39983728,
        "mean": 6535722,
        "median": 6034480.5,
        "min": 2114197,
        "stdev": 2467041.75,
        "var": 6.08629528986e+12
    },
    "spectral_strongpeak": {
        "dmean": 0.589400649071,
        "dmean2": 0.957486927509,
        "dvar": 0.620249509811,
        "dvar2": 1.62743365765,
        "max": 6.89028549194,
        "mean": 1.00587320328,
        "median": 0.749393522739,
        "min": 0,
        "stdev": 0.932924747467,
        "var": 0.870348572731
    },
    "zerocrossingrate": {
        "dmean": 0.0270973425359,
        "dmean2": 0.0299311485142,
        "dvar": 0.00121709017549,
        "dvar2": 0.00113966828212,
        "max": 0.51220703125,
        "mean": 0.0943783819675,
        "median": 0.07275390625,
        "min": 0.005859375,
        "stdev": 0.0754931494594,
        "var": 0.00569921545684
    },
    "barkbands": {
        "dmean": [0.00120803213213, 0.00646351417527, 0.00321442866698, 0.00164794700686, 0.00123435480054, 0.00202223286033, 0.00228676386178, 0.0016715353122, 0.000866498623509, 0.000459808215965, 0.000816115294583, 0.000619896512944, 0.000367329368601, 0.000216610336793, 0.000165219113114, 0.00025877734879, 0.000207122793654, 0.000124521291582, 0.000163308592164, 0.000131257460453, 0.000186924429727, 0.000303432781948, 0.000233688449953, 0.000285897956928, 0.000283045170363, 0.000117182200484, 2.92669369628e-06],
        "dmean2": [0.00169274583459, 0.00907738693058, 0.00583267305046, 0.00305244885385, 0.00206703552976, 0.00326146837324, 0.00357776577584, 0.00275662983768, 0.00134416494984, 0.000698045594618, 0.00125888793264, 0.000964452745393, 0.000580551160965, 0.000343522493495, 0.000253242324106, 0.000413528992794, 0.000330968847265, 0.000204085983569, 0.000247108429903, 0.000211462873267, 0.000303537701257, 0.000503503601067, 0.000387604610296, 0.000448438280728, 0.000438986549852, 0.00018620218907, 4.99748603033e-06],
        "dvar": [2.25213752856e-05, 0.000913537864108, 0.000437976035755, 0.000101187186374, 2.76401624433e-05, 1.64642569871e-05, 3.47171917383e-05, 2.33017944993e-05, 5.20120738656e-06, 9.01347789295e-07, 2.06062804864e-06, 2.66302185992e-06, 1.11001156711e-06, 3.95163482381e-07, 1.52884084059e-07, 2.67200903181e-07, 1.68151359503e-07, 5.98635523374e-08, 7.83840690133e-08, 6.39332995434e-08, 2.18814690811e-07, 5.71867133203e-07, 3.17441134712e-07, 4.26919683605e-07, 3.05845475168e-07, 7.13720282874e-08, 5.54820044074e-11],
        "dvar2": [4.67739409942e-05, 0.00165087927599, 0.00119091931265, 0.000300699524814, 7.71609848016e-05, 4.31156986451e-05, 8.25735114631e-05, 5.97047474002e-05, 1.16777391668e-05, 1.93702908291e-06, 4.66709934699e-06, 5.54531334274e-06, 2.47611114901e-06, 8.47744217936e-07, 3.31854636215e-07, 6.86566238528e-07, 4.07841696415e-07, 1.47400925243e-07, 1.64627635968e-07, 1.59959370194e-07, 5.48732657535e-07, 1.41138457366e-06, 7.65992808738e-07, 9.96448648038e-07, 6.8294735911e-07, 1.90307801518e-07, 1.4499773604e-10],
        "max": [0.102645777166, 0.409605383873, 0.277020275593, 0.118601843715, 0.0636181309819, 0.0602338276803, 0.0824619457126, 0.0745720341802, 0.0339805595577, 0.0132904844359, 0.0172013919801, 0.0178000349551, 0.0117096723989, 0.00819666031748, 0.00654360465705, 0.00510195689276, 0.00439105648547, 0.00290957442485, 0.00373932044022, 0.00407367106527, 0.00463877478614, 0.00676744012162, 0.00698507390916, 0.00668125739321, 0.00610087718815, 0.00314428796992, 7.71861232352e-05],
        "mean": [0.00304749631323, 0.0127593735233, 0.00294488365762, 0.00141272856854, 0.00129281508271, 0.00310048251413, 0.00251715071499, 0.00165561935864, 0.00114604062401, 0.000625448068604, 0.00110487407073, 0.000791796308476, 0.000456000008853, 0.00026213095407, 0.000201436138013, 0.000328390015056, 0.000278093793895, 0.000172899497557, 0.000235233412241, 0.000172707426827, 0.000208764133276, 0.00033382041147, 0.000255595310591, 0.000347381806932, 0.000369981280528, 0.000135751644848, 2.4423643481e-06],
        "median": [2.48148307946e-06, 0.000611693714745, 0.000468000827823, 0.000313209311571, 0.0003610982385, 0.00122959562577, 0.000670550973155, 0.000289949995931, 0.000286204362055, 0.000209158621146, 0.000316961813951, 0.000149617728312, 7.94413572294e-05, 4.11260625697e-05, 4.26620536018e-05, 0.000109757645987, 9.80163604254e-05, 7.69824473537e-05, 8.84021137608e-05, 8.03721486591e-05, 4.57023161289e-05, 4.16144357587e-05, 4.064535824e-05, 7.86607779446e-05, 0.000117734402011, 3.57581811841e-05, 1.55097495735e-07],
        "min": [6.93182648154e-24, 5.49701313496e-23, 4.35549164652e-23, 5.98068742178e-24, 3.51416707348e-23, 2.62603212541e-23, 5.35475437694e-23, 1.0633994886e-23, 1.71735599668e-22, 1.29289892633e-23, 1.07393302204e-22, 1.06563205962e-22, 3.57179336261e-23, 1.24579488994e-22, 1.51068958564e-22, 1.89533614355e-22, 1.08763761856e-22, 1.99895422252e-22, 2.77925011779e-22, 3.58185159158e-22, 3.40014070062e-22, 5.03801814068e-22, 6.75756325793e-22, 9.20351320616e-22, 1.43491713543e-21, 1.66585905582e-21, 2.35249338222e-21],
        "stdev": [0.00868883915246, 0.0434470884502, 0.0169637259096, 0.00735101941973, 0.0043094297871, 0.00486146239564, 0.00608630571514, 0.00456290878356, 0.0028330644127, 0.00123399251606, 0.00192275259178, 0.00186343211681, 0.00128113210667, 0.000750569801312, 0.000464032636955, 0.00058390601771, 0.000492786173709, 0.000281233486021, 0.000374230818124, 0.000276939099422, 0.000473299412988, 0.000780899310485, 0.000606023473665, 0.000760309048928, 0.000660625810269, 0.000258785905316, 7.11304664947e-06],
        "var": [7.54959328333e-05, 0.00188764953054, 0.000287767965347, 5.40374894626e-05, 1.85711851373e-05, 2.36338182731e-05, 3.70431189367e-05, 2.08201381611e-05, 8.02625436336e-06, 1.52273764797e-06, 3.69697750102e-06, 3.47237937603e-06, 1.64129960467e-06, 5.63355001759e-07, 2.1532628125e-07, 3.40946257893e-07, 2.42838211761e-07, 7.90922811689e-08, 1.40048697972e-07, 7.66952581444e-08, 2.24012339345e-07, 6.09803691987e-07, 3.67264448187e-07, 5.78069830226e-07, 4.36426461192e-07, 6.69701378797e-08, 5.05954306229e-11]
    },
    "erbbands": {
        "dmean": [0.275634139776, 1.503703475, 3.73426580429, 4.96583604813, 3.95220136642, 3.80378246307, 13.5772008896, 15.9559650421, 25.3543014526, 33.6846694946, 35.7656440735, 19.7607402802, 13.3729743958, 22.5003299713, 27.862903595, 23.8365650177, 17.2311229706, 11.4892225266, 8.5069437027, 10.2248840332, 14.2926044464, 10.1166238785, 7.58170032501, 6.82775068283, 7.6988863945, 6.1646771431, 5.87776374817, 9.73391246796, 11.2023429871, 7.99314498901, 6.79031276703, 5.95507001877, 4.87344837189, 3.52546215057, 1.86166501045, 0.787888944149, 0.136052876711, 0.0141120050102, 0.000383327977033, 2.97847163893e-05],
        "dmean2": [0.380954265594, 2.1760661602, 6.30788516998, 9.00184726715, 7.25303316116, 6.31904459, 21.687915802, 25.6583652496, 39.5144004822, 54.9674415588, 57.1668167114, 30.6849460602, 20.3030414581, 34.1195907593, 43.2779159546, 37.036075592, 26.9889888763, 17.6174926758, 12.6130151749, 15.4085702896, 22.4406204224, 15.9236907959, 12.3268699646, 10.7644529343, 11.5979442596, 9.81668758392, 9.36309814453, 16.1422386169, 18.4940242767, 13.3228435516, 11.2382726669, 9.35426330566, 7.68653345108, 5.60793685913, 2.86438798904, 1.25758910179, 0.203360185027, 0.0220767520368, 0.000604356406257, 4.35754918726e-05],
        "dvar": [1.29948532581, 65.2171554565, 536.457885742, 887.324707031, 645.834655762, 278.024353027, 748.948120117, 1317.22363281, 4363.35742188, 8335.00488281, 12085.2460938, 2423.375, 913.626342773, 1577.19934082, 3178.91699219, 4449.25292969, 2387.26171875, 1178.23718262, 462.609466553, 417.274414062, 848.541320801, 368.74130249, 239.624832153, 126.392478943, 192.372879028, 143.421264648, 158.261917114, 735.637268066, 811.428527832, 407.977203369, 265.837738037, 178.104385376, 135.998336792, 58.296585083, 10.7714004517, 3.06485772133, 0.079422056675, 0.000871426018421, 6.30114982414e-07, 2.40514563821e-09],
        "dvar2": [2.56868219376, 138.90171814, 1374.37524414, 2567.42382812, 1900.11865234, 765.099731445, 1843.61889648, 3441.91088867, 10869.0595703, 18968.5644531, 29821.6132812, 5057.08154297, 1904.04260254, 3469.86132812, 7359.58789062, 9109.36132812, 5556.50292969, 2558.53320312, 918.779052734, 901.054138184, 2165.51611328, 849.992248535, 596.7578125, 268.196411133, 428.742675781, 350.473876953, 371.609008789, 1880.68981934, 2013.51843262, 1013.34112549, 647.47454834, 426.203613281, 323.261749268, 136.066497803, 23.0079555511, 8.24317741394, 0.170367762446, 0.00194755452685, 1.46295712966e-06, 4.69699967809e-09],
        "max": [16.6342506409, 102.918922424, 311.862548828, 344.423034668, 314.953308105, 224.201873779, 260.333770752, 586.670471191, 1044.18554688, 929.403991699, 1516.36608887, 721.647705078, 583.579956055, 400.764373779, 659.147949219, 635.732177734, 546.352600098, 497.691925049, 353.306182861, 277.841796875, 321.056335449, 182.158737183, 195.889129639, 134.868804932, 186.443313599, 178.092819214, 161.726623535, 254.180358887, 229.817382812, 199.500030518, 236.008270264, 139.678253174, 152.023193359, 87.1330413818, 39.5095863342, 20.585269928, 4.25385951996, 0.428846955299, 0.00958527065814, 0.000546478200704],
        "mean": [0.608077645302, 1.89877021313, 3.46588802338, 4.42521572113, 3.3170030117, 4.20706129074, 17.7735042572, 27.0048618317, 31.5661315918, 36.2418212891, 37.2974853516, 27.6184101105, 19.3484649658, 33.4516716003, 37.087852478, 30.421787262, 22.2812042236, 14.5337715149, 11.4239587784, 13.4025306702, 19.1231384277, 14.7576808929, 10.6804428101, 10.3260650635, 10.9398431778, 8.04492664337, 6.96045780182, 10.7425937653, 12.2755270004, 8.71075820923, 7.27583265305, 6.88517475128, 5.91045618057, 4.35099506378, 2.52269887924, 0.915747225285, 0.167954877019, 0.0160981081426, 0.000451329775387, 6.47722408758e-05],
        "median": [0.00917186681181, 0.16518868506, 0.497925430536, 1.27593386173, 0.687207102776, 1.14975845814, 4.87806892395, 10.2450618744, 11.7449436188, 9.09435749054, 6.52335548401, 7.83846092224, 6.53376293182, 10.1769638062, 12.8052587509, 6.58052253723, 4.50101566315, 2.32690191269, 3.21991896629, 3.79235744476, 6.28888988495, 5.61564350128, 5.11590576172, 4.70161867142, 4.08110952377, 3.75352239609, 2.09692931175, 1.88224089146, 1.49426627159, 1.39150667191, 1.07879769802, 1.08804392815, 1.5507683754, 1.27854526043, 0.809192657471, 0.248074695468, 0.047391269356, 0.00388974719681, 0.000124900383526, 3.24622051266e-05],
        "min": [2.05925058492e-21, 1.08545499568e-20, 4.00934152099e-20, 3.91494631905e-20, 4.15849931065e-20, 1.59782782464e-19, 1.28481040238e-19, 2.71103430982e-19, 8.83253531917e-19, 3.21943502393e-19, 1.31569042467e-18, 3.50537843699e-18, 9.98122139028e-19, 9.71259138443e-19, 5.99390002466e-18, 3.70352955273e-18, 1.78840005311e-18, 4.49289270845e-18, 9.72784169979e-18, 6.85131781091e-18, 1.06112805202e-17, 7.52031750211e-18, 1.11165389819e-17, 9.19032236696e-18, 2.25384614655e-17, 1.1826390642e-17, 1.19885321042e-17, 1.57191977305e-17, 1.60185593572e-17, 1.91543481199e-17, 1.94775474375e-17, 1.60195420478e-17, 1.78180113705e-17, 1.23640977449e-17, 1.21813735475e-17, 5.22256361603e-18, 3.61166204672e-18, 1.20516865167e-18, 3.53260431137e-19, 3.42146652147e-20],
        "stdev": [1.77317452431, 9.12658214569, 20.1648426056, 22.5472717285, 18.8334293365, 13.9909076691, 31.8941230774, 44.814125061, 67.0553207397, 94.157371521, 109.694519043, 63.637512207, 39.4093093872, 57.4229469299, 68.5523452759, 75.0490875244, 56.8010826111, 42.0798454285, 26.6283855438, 25.5222377777, 33.9287643433, 24.1369915009, 17.4983062744, 14.581659317, 18.1153392792, 13.1568489075, 13.8601417542, 26.5594806671, 29.3461475372, 20.4567718506, 17.4294891357, 15.750579834, 12.8525619507, 8.59974861145, 4.13519430161, 1.69451522827, 0.330727249384, 0.0337996669114, 0.000888077542186, 8.04669762147e-05],
        "var": [3.14414787292, 83.2945022583, 406.620880127, 508.379486084, 354.6980896, 195.745498657, 1017.23510742, 2008.30566406, 4496.41601562, 8865.61132812, 12032.8867188, 4049.7331543, 1553.09375, 3297.39477539, 4699.42431641, 5632.36572266, 3226.36303711, 1770.71350098, 709.070922852, 651.38458252, 1151.16101074, 582.594360352, 306.190704346, 212.624801636, 328.165527344, 173.102661133, 192.103530884, 705.406005859, 861.196350098, 418.479553223, 303.787109375, 248.080764771, 165.188339233, 73.9556732178, 17.0998325348, 2.87138175964, 0.10938051343, 0.00114241754636, 7.88681745689e-07, 6.47493392236e-09]
    },
    "gfcc": {
        "mean": [-6.96317672729, 55.7629852295, -101.100875854, 21.4029865265, -71.604133606, 15.0516586304, -46.5391426086, 24.2892456055, -29.2401008606, 10.1846237183, -13.6616573334, 10.6334695816, -7.66122865677],
        "cov": [[10127.7294922, 324.871643066, -462.096405029, 10.6405992508, -87.6730957031, 345.073760986, -53.9243850708, 113.935394287, -3.78383922577, 144.564910889, 40.315700531, 37.5549430847, -52.3336753845], [324.871643066, 2186.86547852, 11.962020874, -364.094146729, 229.830718994, -174.283966064, 127.90813446, 164.844528198, 78.5636978149, -29.0877246857, 147.028564453, 18.2077159882, 61.2319259644], [-462.096405029, 11.962020874, 1113.21948242, 490.194610596, 179.170608521, 107.795776367, -8.58860874176, 65.7021865845, 59.1532707214, 29.0187759399, -2.48019623756, 15.5105724335, 59.5942573547], [10.6405992508, -364.094146729, 490.194610596, 843.092407227, 110.558120728, 26.2869300842, -115.11781311, -141.44631958, 42.1693000793, -14.3582906723, -34.9449996948, -6.42460346222, 56.2361602783], [-87.6730957031, 229.830718994, 179.170608521, 110.558120728, 407.619445801, 145.08555603, 66.5012969971, 58.9658164978, 19.4445858002, 90.4167785645, 38.1593589783, 23.9470005035, 40.8793144226], [345.073760986, -174.283966064, 107.795776367, 26.2869300842, 145.08555603, 328.531402588, 149.488372803, 62.5472602844, 17.7566642761, 67.7473526001, 19.0734767914, -1.21079182625, 11.857460022], [-53.9243850708, 127.90813446, -8.58860874176, -115.11781311, 66.5012969971, 149.488372803, 297.642852783, 146.915206909, 26.6364898682, 50.7394256592, 52.35105896, 22.7296009064, 7.32661771774], [113.935394287, 164.844528198, 65.7021865845, -141.44631958, 58.9658164978, 62.5472602844, 146.915206909, 258.697052002, 55.754196167, 63.5054969788, 55.4248008728, 15.3741092682, 23.8386592865], [-3.78383922577, 78.5636978149, 59.1532707214, 42.1693000793, 19.4445858002, 17.7566642761, 26.6364898682, 55.754196167, 176.057922363, 40.6546211243, 18.7236328125, -7.05312871933, 0.909360408783], [144.564910889, -29.0877246857, 29.0187759399, -14.3582906723, 90.4167785645, 67.7473526001, 50.7394256592, 63.5054969788, 40.6546211243, 192.631591797, 90.6241607666, 33.308681488, 38.2487297058], [40.315700531, 147.028564453, -2.48019623756, -34.9449996948, 38.1593589783, 19.0734767914, 52.35105896, 55.4248008728, 18.7236328125, 90.6241607666, 139.932510376, 54.1756973267, 38.3304862976], [37.5549430847, 18.2077159882, 15.5105724335, -6.42460346222, 23.9470005035, -1.21079182625, 22.7296009064, 15.3741092682, -7.05312871933, 33.308681488, 54.1756973267, 114.103591919, 54.7656326294], [-52.3336753845, 61.2319259644, 59.5942573547, 56.2361602783, 40.8793144226, 11.857460022, 7.32661771774, 23.8386592865, 0.909360408783, 38.2487297058, 38.3304862976, 54.7656326294, 127.366340637]],
        "icov": [[0.000138724819408, -0.0001469830313, 0.000157179674716, -0.000201679591555, 0.000266506365733, -0.000447927595815, 0.00032415255555, -0.000277004321106, 0.000142232864164, -0.000272899633273, 0.000243581263931, -0.000299043545965, 0.000268746924121], [-0.0001469830313, 0.00104639318306, -0.000389041495509, 0.000833156693261, -0.00123951293062, 0.00148801412433, -0.000855002377648, 0.000531268189661, -0.000692460569553, 0.00138735980727, -0.00158953457139, 0.00112150947098, -0.000955789408181], [0.000157179674716, -0.000389041495509, 0.00165188708343, -0.0012797677191, 0.000325784087181, -0.00106715108268, 0.000841659959406, -0.00134926405735, 0.000288621027721, -0.00046617697808, 0.000791542581283, -0.000809016171843, 0.000490255653858], [-0.000201679591555, 0.000833156693261, -0.0012797677191, 0.00287198717706, -0.00141343509313, 0.00130339362659, -0.000672855996527, 0.00214535347186, -0.00129586516414, 0.00133939820807, -0.00126175605692, 0.00141979556065, -0.00180694973096], [0.000266506365733, -0.00123951293062, 0.000325784087181, -0.00141343509313, 0.00488941604272, -0.0030607485678, 0.00122052163351, -0.00123647984583, 0.00111241219565, -0.00276482361369, 0.00202688458376, -0.00171774649061, 0.00100488238968], [-0.000447927595815, 0.00148801412433, -0.00106715108268, 0.00130339362659, -0.0030607485678, 0.00748213659972, -0.00417695241049, 0.00178668810986, -0.000915372685995, 0.000910016009584, -0.00147520808969, 0.00265982071869, -0.00175038760062], [0.00032415255555, -0.000855002377648, 0.000841659959406, -0.000672855996527, 0.00122052163351, -0.00417695241049, 0.00730849243701, -0.00367586780339, 0.000627849134617, -0.000597418344114, 0.000262905698037, -0.00212072161958, 0.00171990785748], [-0.000277004321106, 0.000531268189661, -0.00134926405735, 0.00214535347186, -0.00123647984583, 0.00178668810986, -0.00367586780339, 0.00792822334915, -0.00210526119918, 0.000290833238978, -0.00168573914561, 0.00183784414548, -0.00208230828866], [0.000142232864164, -0.000692460569553, 0.000288621027721, -0.00129586516414, 0.00111241219565, -0.000915372685995, 0.000627849134617, -0.00210526119918, 0.00714521110058, -0.00221946276724, 0.000962592777796, -0.000120838725707, 0.00129233323969], [-0.000272899633273, 0.00138735980727, -0.00046617697808, 0.00133939820807, -0.00276482361369, 0.000910016009584, -0.000597418344114, 0.000290833238978, -0.00221946276724, 0.0107355033979, -0.00706771435216, 0.00183708581608, -0.00224076001905], [0.000243581263931, -0.00158953457139, 0.000791542581283, -0.00126175605692, 0.00202688458376, -0.00147520808969, 0.000262905698037, -0.00168573914561, 0.000962592777796, -0.00706771435216, 0.0150913055986, -0.00573558267206, 0.000878319202457], [-0.000299043545965, 0.00112150947098, -0.000809016171843, 0.00141979556065, -0.00171774649061, 0.00265982071869, -0.00212072161958, 0.00183784414548, -0.000120838725707, 0.00183708581608, -0.00573558267206, 0.0144275315106, -0.00585702061653], [0.000268746924121, -0.000955789408181, 0.000490255653858, -0.00180694973096, 0.00100488238968, -0.00175038760062, 0.00171990785748, -0.00208230828866, 0.00129233323969, -0.00224076001905, 0.000878319202457, -0.00585702061653, 0.0120387496427]]
    },
    "melbands": {
        "dmean": [0.00197058031335, 0.00179643195588, 0.000806902651675, 0.000237755230046, 0.00040212116437, 0.000358266319381, 0.000412261928432, 0.000366425141692, 0.000281383865513, 0.000117104893434, 6.76691124681e-05, 8.84361797944e-05, 0.000100242235931, 7.14863053872e-05, 5.50907825527e-05, 3.58449251507e-05, 2.02767514565e-05, 1.4701407963e-05, 1.38044133564e-05, 1.68046353792e-05, 1.77203219209e-05, 1.17732433864e-05, 8.90369665285e-06, 5.06239939568e-06, 5.83976407142e-06, 6.91052809998e-06, 4.4655516831e-06, 4.44214811068e-06, 3.72157228412e-06, 4.55643566966e-06, 6.1843597905e-06, 7.09598816684e-06, 5.18186470799e-06, 4.22051016358e-06, 3.91863613913e-06, 4.09526228395e-06, 3.73499324269e-06, 3.63754747923e-06, 3.2913180803e-06, 2.99482599075e-06],
        "dmean2": [0.00269184820354, 0.00283313705586, 0.00146969559137, 0.00042184224003, 0.000643246108666, 0.000575730809942, 0.000644928601105, 0.000598708516918, 0.000447323109256, 0.000182411138667, 0.000103641410533, 0.000135090260301, 0.000156739246449, 0.000109407519631, 8.23766167741e-05, 5.74911391595e-05, 3.15342149406e-05, 2.20748279389e-05, 2.11472997762e-05, 2.61314307863e-05, 2.78131610685e-05, 1.85872395377e-05, 1.42641438288e-05, 8.25879033073e-06, 9.30781789066e-06, 1.04511627796e-05, 6.83918051436e-06, 7.21170090401e-06, 5.97046846451e-06, 7.47294234316e-06, 1.03797237898e-05, 1.17220597531e-05, 8.46137299959e-06, 6.99916108715e-06, 6.38556593913e-06, 6.82978088662e-06, 5.80976393394e-06, 5.71450027564e-06, 5.29359658685e-06, 4.75178921988e-06],
        "dvar": [6.68311622576e-05, 0.000102369929664, 2.43093418248e-05, 1.96644396055e-06, 6.64591084387e-07, 5.83809367072e-07, 1.13867054097e-06, 8.81856692558e-07, 6.99184113273e-07, 8.12111409232e-08, 2.37834267836e-08, 2.43719657789e-08, 3.87069789554e-08, 3.27265148314e-08, 2.73255373884e-08, 1.11732463282e-08, 3.81501275015e-09, 1.47146128615e-09, 9.63213730998e-10, 1.0984438914e-09, 1.31709276818e-09, 4.86394646781e-10, 3.90634441461e-10, 8.40076966324e-11, 9.50696396607e-11, 1.66356678433e-10, 6.20257456507e-11, 8.22782120213e-11, 6.45114447972e-11, 1.27454033438e-10, 2.92622981402e-10, 3.48800682781e-10, 1.55391075007e-10, 1.15097861797e-10, 8.79156608624e-11, 1.03464799228e-10, 7.10166717099e-11, 8.69183475194e-11, 5.93109936164e-11, 4.41536460172e-11],
        "dvar2": [0.000111985536932, 0.000233231243328, 6.99998126947e-05, 5.67532106288e-06, 1.64258983659e-06, 1.52592588165e-06, 2.78171364698e-06, 2.07921402762e-06, 1.6742369553e-06, 1.66060814877e-07, 5.04899553277e-08, 5.37012461166e-08, 9.02717545159e-08, 6.92918078471e-08, 5.77168073335e-08, 2.73660152317e-08, 7.95982035839e-09, 2.90102541989e-09, 2.16948325971e-09, 2.64010413531e-09, 3.35960659292e-09, 1.14265941153e-09, 9.50315937054e-10, 2.03190658743e-10, 2.0562666847e-10, 3.65530605784e-10, 1.46241407872e-10, 2.06886174858e-10, 1.58062021804e-10, 3.19680809602e-10, 7.56130602575e-10, 8.90402529485e-10, 3.733008902e-10, 2.88637030943e-10, 2.17386345036e-10, 2.68871647169e-10, 1.6446008444e-10, 2.10090986275e-10, 1.42971440242e-10, 1.06189307347e-10],
        "max": [0.108673833311, 0.129471898079, 0.0567243956029, 0.0168794319034, 0.00694523938, 0.0123057803139, 0.0147068444639, 0.0091165592894, 0.0101042846218, 0.00402335962281, 0.00282491999678, 0.00174012535717, 0.00266429409385, 0.00258858618326, 0.00176480878145, 0.0013592451578, 0.000977876130491, 0.000558196625207, 0.000327744550304, 0.000333537347615, 0.000405431521358, 0.000221271620831, 0.000255680672126, 0.000110569235403, 0.000118600233691, 0.000168501224834, 9.11277893465e-05, 0.00013564658002, 0.000120502096252, 0.000114470705739, 0.000157998729264, 0.000138538351166, 0.000107812935312, 0.000113408823381, 0.000156670066644, 9.24067135202e-05, 9.00948944036e-05, 0.000113796071673, 0.000136820657644, 8.20238565211e-05],
        "mean": [0.00444617541507, 0.00197918131016, 0.00073297007475, 0.000230277815717, 0.000537588784937, 0.000597644597292, 0.000491789076477, 0.000387479463825, 0.000294068595394, 0.000162028358318, 9.27523433347e-05, 0.000128959436552, 0.000133333072881, 8.99775986909e-05, 6.95373018971e-05, 4.25490943599e-05, 2.47744101216e-05, 1.89684269571e-05, 1.60977597261e-05, 2.13316016016e-05, 2.2667563826e-05, 1.64233006217e-05, 1.12900779641e-05, 7.2339066719e-06, 8.40022403281e-06, 9.37948971114e-06, 5.91162688579e-06, 5.37373398402e-06, 4.28930115959e-06, 4.80199423691e-06, 6.67332233206e-06, 7.56332337915e-06, 5.42451243746e-06, 4.56280713479e-06, 4.05876471632e-06, 4.12451117882e-06, 4.34125649917e-06, 4.26661245001e-06, 3.88656371797e-06, 3.57846465704e-06],
        "median": [0.000137366339914, 0.00026366050588, 0.000216803658986, 6.46198386676e-05, 0.000161705727805, 0.000251954101259, 0.000162309690495, 9.12456598599e-05, 4.66542369395e-05, 4.58532776975e-05, 2.76019763987e-05, 3.78427866963e-05, 4.35530673712e-05, 2.12342820305e-05, 8.26324321679e-06, 6.45508725938e-06, 3.23410472447e-06, 4.72824240205e-06, 3.22218534166e-06, 6.89545549903e-06, 6.21067647444e-06, 6.027890322e-06, 4.35411539002e-06, 3.52250663127e-06, 3.6184299006e-06, 2.83409417534e-06, 2.51442656918e-06, 2.34927847487e-06, 1.4411069742e-06, 9.55959876592e-07, 1.04972502868e-06, 8.32080957025e-07, 7.24960216303e-07, 7.80880668572e-07, 5.96667121044e-07, 4.85049156396e-07, 6.76007289258e-07, 1.02924468592e-06, 1.18522780213e-06, 9.99451913231e-07],
        "min": [1.66753725326e-23, 1.82229819446e-23, 7.07566895672e-24, 6.81780058199e-24, 5.91785267853e-24, 6.54030258693e-24, 1.27193904985e-23, 2.62444951267e-24, 1.75056013037e-23, 2.08430398686e-23, 4.58492939533e-24, 2.60761029057e-24, 1.79982070737e-23, 1.36117460102e-23, 6.11338289794e-24, 3.9441865914e-24, 8.56540122179e-24, 1.63320886657e-23, 1.03014269055e-23, 8.43575666518e-24, 1.42156758311e-23, 6.01639087192e-24, 1.23949525186e-23, 7.50404961611e-24, 6.68767718682e-24, 1.32866422317e-23, 1.87074403591e-23, 5.29117802555e-24, 7.76480679947e-24, 7.55641499186e-24, 9.2094982623e-24, 8.60079583289e-24, 1.05070222012e-23, 1.07855106112e-23, 1.07896016438e-23, 1.07239621056e-23, 9.50862011806e-24, 1.23498699067e-23, 1.09413548161e-23, 1.01435285067e-23],
        "stdev": [0.0133125996217, 0.01021189522, 0.00375297153369, 0.00107509887312, 0.000927711080294, 0.000932695285883, 0.00109039258678, 0.000952949631028, 0.000874452933203, 0.000370972120436, 0.000196706459974, 0.000223969036597, 0.00024483317975, 0.000209144447581, 0.000186371180462, 0.000123157398775, 7.56505760364e-05, 4.69778206025e-05, 3.58034485544e-05, 3.90063614759e-05, 4.29369574704e-05, 2.76873324765e-05, 2.22203325393e-05, 1.0721975741e-05, 1.23237832668e-05, 1.66926856764e-05, 9.7869997262e-06, 9.54552706389e-06, 8.54299833009e-06, 1.1279705177e-05, 1.67610942299e-05, 1.87588975677e-05, 1.28829606183e-05, 1.09067568701e-05, 9.90647367871e-06, 1.04447181002e-05, 1.01430296127e-05, 1.00549232229e-05, 8.15027669887e-06, 7.33299930289e-06],
        "var": [0.000177225316293, 0.000104282808024, 1.40847951116e-05, 1.15583748084e-06, 8.60647844547e-07, 8.69920484092e-07, 1.18895604828e-06, 9.08112951947e-07, 7.64667959174e-07, 1.37620304486e-07, 3.86934324581e-08, 5.0162128673e-08, 5.99432894433e-08, 4.37413980592e-08, 3.47342172802e-08, 1.51677461702e-08, 5.72300962176e-09, 2.2069155392e-09, 1.28188681892e-09, 1.52149637334e-09, 1.84358217581e-09, 7.66588348355e-10, 4.93743212981e-10, 1.14960756192e-10, 1.51875637067e-10, 2.78645745366e-10, 9.57853588113e-11, 9.11170930373e-11, 7.29828281143e-11, 1.27231739033e-10, 2.80934275843e-10, 3.51896206618e-10, 1.65970667765e-10, 1.18957343975e-10, 9.81382267118e-11, 1.09092138101e-10, 1.0288105784e-10, 1.01101474415e-10, 6.6427016665e-11, 5.3772878511e-11]
    },
    "melbands128": {
