{
"lowlevel": {
    "average_loudness": 0.881866335869,
    "barkbands_crest": {
        "dmean": 2.23895525932,
        "dmean2": 3.4100754261,
        "dvar": 5.39963912964,
        "dvar2": 11.8943147659,
        "max": 24.7522335052,
        "mean": 12.938750267,
        "median": 12.7764263153,
        "min": 2.75624608994,
        "stdev": 5.25162553787,
        "var": 27.5795688629
    },
    "barkbands_flatness_db": {
        "dmean": 0.0207085628062,
        "dmean2": 0.0297189801931,
        "dvar": 0.000500902300701,
        "dvar2": 0.000919402984437,
        "max": 0.374963372946,
        "mean": 0.159776061773,
        "median": 0.15391151607,
        "min": 0.0396844558418,
        "stdev": 0.0549432598054,
        "var": 0.00301876175217
    },
    "barkbands_kurtosis": {
        "dmean": 3.75265908241,
        "dmean2": 5.64832639694,
        "dvar": 40.3803749084,
        "dvar2": 78.6603622437,
        "max": 84.5318603516,
        "mean": 7.37441396713,
        "median": 3.95713853836,
        "min": -1.84642028809,
        "stdev": 10.5006523132,
        "var": 110.263694763
    },
    "barkbands_skewness": {
        "dmean": 0.572239279747,
        "dmean2": 0.852323591709,
        "dvar": 0.508144319057,
        "dvar2": 1.09311950207,
        "max": 7.89013338089,
        "mean": 2.05304884911,
        "median": 1.82842600346,
        "min": -4.20374011993,
        "stdev": 1.41431736946,
        "var": 2.00029349327
    },
    "barkbands_spread": {
        "dmean": 6.17857170105,
        "dmean2": 9.4512386322,
        "dvar": 100.107086182,
        "dvar2": 214.415054321,
        "max": 99.2144317627,
        "mean": 17.980430603,
        "median": 14.6150312424,
        "min": 1.3789781332,
        "stdev": 13.6805438995,
        "var": 187.157272339
    },
    "dissonance": {
        "dmean": 0.0221596099436,
        "dmean2": 0.0366014130414,
        "dvar": 0.000570946605876,
        "dvar2": 0.00130466953851,
        "max": 0.499984800816,
        "mean": 0.450334191322,
        "median": 0.456313788891,
        "min": 0.18123716116,
        "stdev": 0.0327850207686,
        "var": 0.00107485754415
    },
    "dynamic_complexity": 2.21469378471,
    "erbbands_crest": {
        "dmean": 3.00590538979,
        "dmean2": 4.65011882782,
        "dvar": 8.42004203796,
        "dvar2": 19.2597255707,
        "max": 30.3586940765,
        "mean": 10.733628273,
        "median": 9.72478294373,
        "min": 2.5392165184,
        "stdev": 5.34207296371,
        "var": 28.5377445221
    },
    "erbbands_flatness_db": {
        "dmean": 0.0173982679844,
        "dmean2": 0.0242060925812,
        "dvar": 0.000345185893821,
        "dvar2": 0.000641804537736,
        "max": 0.40927824378,
        "mean": 0.158576875925,
        "median": 0.152575314045,
        "min": 0.0537432916462,
        "stdev": 0.0514543913305,
        "var": 0.00264755450189
    },
    "erbbands_kurtosis": {
        "dmean": 1.11566090584,
        "dmean2": 1.75938022137,
        "dvar": 3.4194290638,
        "dvar2": 9.01271629333,
        "max": 28.9673786163,
        "mean": 1.06338870525,
        "median": 0.252530574799,
        "min": -1.57816815376,
        "stdev": 2.77825069427,
        "var": 7.71867752075
    },
    "erbbands_skewness": {
        "dmean": 0.408454298973,
        "dmean2": 0.623077690601,
        "dvar": 0.212382569909,
        "dvar2": 0.491323649883,
        "max": 3.98440313339,
        "mean": 0.617812633514,
        "median": 0.615886867046,
        "min": -4.03034353256,
        "stdev": 0.739875376225,
        "var": 0.547415554523
    },
    "erbbands_spread": {
        "dmean": 8.45957660675,
        "dmean2": 12.6446533203,
        "dvar": 100.510452271,
        "dvar2": 229.773254395,
        "max": 110.538719177,
        "mean": 37.8677406311,
        "median": 35.5078620911,
        "min": 3.09771752357,
        "stdev": 18.9419956207,
        "var": 358.799194336
    },
    "hfc": {
        "dmean": 13.3113679886,
        "dmean2": 19.8371753693,
        "dvar": 814.401916504,
        "dvar2": 1952.17578125,
        "max": 255.048706055,
        "mean": 29.8863506317,
        "median": 23.3259220123,
        "min": 0.000146532271174,
        "stdev": 31.0231704712,
        "var": 962.437133789
    },
    "loudness_ebu128": {
        "integrated": -10.0860433578,
        "loudness_range": 3.30303478241,
        "momentary": {
            "dmean": 0.528682231903,
            "dmean2": 0.571808934212,
            "dvar": 0.187302157283,
            "dvar2": 0.251993179321,
            "max": -6.97631072998,
            "mean": -10.4399957657,
            "median": -10.6080217361,
            "min": -14.8791704178,
            "stdev": 1.79216754436,
            "var": 3.21186470985
        },
        "short_term": {
            "dmean": 0.0676535367966,
            "dmean2": 0.0642050430179,
            "dvar": 0.00321043957956,
            "dvar2": 0.0028204289265,
            "max": -8.53711891174,
            "mean": -10.3760309219,
            "median": -10.468662262,
            "min": -12.8045759201,
            "stdev": 1.39329910278,
            "var": 1.94128239155
        }
    },
    "melbands_crest": {
        "dmean": 2.58072423935,
        "dmean2": 3.89211416245,
        "dvar": 8.5009431839,
        "dvar2": 17.0541381836,
        "max": 37.0587387085,
        "mean": 19.1120681763,
        "median": 17.1336688995,
        "min": 5.51174020767,
        "stdev": 8.55935573578,
        "var": 73.2625656128
    },
    "melbands_flatness_db": {
        "dmean": 0.0228892937303,
        "dmean2": 0.0329263322055,
        "dvar": 0.000725126476027,
        "dvar2": 0.00131582003087,
        "max": 0.453441470861,
        "mean": 0.217220291495,
        "median": 0.206333085895,
        "min": 0.0538491159678,
        "stdev": 0.0660261213779,
        "var": 0.00435944832861
    },
    "melbands_kurtosis": {
        "dmean": 7.94546127319,
        "dmean2": 11.9520149231,
        "dvar": 213.142532349,
        "dvar2": 463.95111084,
        "max": 203.703277588,
        "mean": 18.9777355194,
        "median": 10.858045578,
        "min": -1.89625680447,
        "stdev": 25.1692237854,
        "var": 633.489868164
    },
    "melbands_skewness": {
        "dmean": 0.698966085911,
        "dmean2": 1.03897023201,
        "dvar": 0.795175731182,
        "dvar2": 1.83206856251,
        "max": 12.329416275,
        "mean": 3.07144498825,
        "median": 2.7727894783,
        "min": -1.2730140686,
        "stdev": 1.98927092552,
        "var": 3.95719861984
    },
    "melbands_spread": {
        "dmean": 6.59847688675,
        "dmean2": 10.3926019669,
        "dvar": 217.56842041,
        "dvar2": 498.699554443,
        "max": 206.295715332,
        "mean": 18.3741664886,
        "median": 14.5959615707,
        "min": 1.01797235012,
        "stdev": 19.5143032074,
        "var": 380.808013916
    },
    "pitch_salience": {
        "dmean": 0.0621872060001,
        "dmean2": 0.0930752009153,
        "dvar": 0.00386949046515,
        "dvar2": 0.00894496776164,
        "max": 0.933588981628,
        "mean": 0.469302624464,
        "median": 0.472314685583,
        "min": 0.0993135198951,
        "stdev": 0.146708622575,
        "var": 0.0215234197676
    },
    "silence_rate_20dB": {
        "dmean": 0,
        "dmean2": 0,
        "dvar": 0,
        "dvar2": 0,
        "max": 1,
        "mean": 1,
        "median": 1,
        "min": 1,
        "stdev": 0,
        "var": 0
    },
    "silence_rate_30dB": {
        "dmean": 0.0278637763113,
        "dmean2": 0.0557707212865,
        "dvar": 0.0270874295384,
        "dvar2": 0.0557586923242,
        "max": 1,
        "mean": 0.691415309906,
        "median": 1,
        "min": 0,
        "stdev": 0.461910903454,
        "var": 0.213361680508
    },
    "silence_rate_60dB": {
        "dmean": 0.00386996893212,
        "dmean2": 0.00774593325332,
        "dvar": 0.00385489920154,
        "dvar2": 0.00923515483737,
        "max": 1,
        "mean": 0.00386697612703,
        "median": 0,
        "min": 0,
        "stdev": 0.062063805759,
        "var": 0.00385191594251
    },
    "spectral_centroid": {
        "dmean": 248.879760742,
        "dmean2": 376.57623291,
        "dvar": 159193.515625,
        "dvar2": 318931.125,
        "max": 6458.53710938,
        "mean": 1151.35388184,
        "median": 1028.23474121,
        "min": 436.55557251,
        "stdev": 566.361755371,
        "var": 320765.65625
    },
    "spectral_complexity": {
        "dmean": 3.67724466324,
        "dmean2": 5.63516664505,
        "dvar": 24.6086673737,
        "dvar2": 45.4896583557,
        "max": 61,
        "mean": 18.2962112427,
        "median": 17,
        "min": 0,
        "stdev": 7.51093578339,
        "var": 56.4141540527
    },
    "spectral_decrease": {
        "dmean": 2.69740385583e-09,
        "dmean2": 3.97457444734e-09,
        "dvar": 1.53437139807e-17,
        "dvar2": 2.88030575864e-17,
        "max": -1.99434195422e-14,
        "mean": -1.59806301525e-08,
        "median": -8.53594972483e-09,
        "min": -5.20690335293e-08,
        "stdev": 1.48118655119e-08,
        "var": 2.19391353627e-16
    },
    "spectral_energy": {
        "dmean": 0.0105987442657,
        "dmean2": 0.0155147388577,
        "dvar": 0.000239650515141,
        "dvar2": 0.000451939966297,
        "max": 0.198908746243,
        "mean": 0.0630253627896,
        "median": 0.0347473584116,
        "min": 8.85618902657e-08,
        "stdev": 0.0569215901196,
        "var": 0.00324006727897
    },
    "spectral_energyband_high": {
        "dmean": 0.00113631039858,
        "dmean2": 0.00179553055204,
        "dvar": 1.01757232187e-05,
        "dvar2": 2.44237162406e-05,
        "max": 0.0268707461655,
        "mean": 0.00134123628959,
        "median": 0.00041491407319,
        "min": 5.15758769026e-09,
        "stdev": 0.00317947333679,
        "var": 1.01090508906e-05
    },
    "spectral_energyband_low": {
        "dmean": 0.00658465083688,
        "dmean2": 0.0100993486121,
        "dvar": 0.000202489871299,
        "dvar2": 0.000414084730437,
        "max": 0.183812052011,
        "mean": 0.0383171662688,
        "median": 0.0035762116313,
        "min": 2.96162594449e-10,
        "stdev": 0.0528526715934,
        "var": 0.00279340473935
    },
    "spectral_energyband_middle_high": {
        "dmean": 0.00271018617786,
        "dmean2": 0.00367125449702,
        "dvar": 2.68521052931e-05,
        "dvar2": 5.00801252201e-05,
        "max": 0.103148140013,
        "mean": 0.00726689212024,
        "median": 0.0036234096624,
        "min": 8.13779124087e-08,
        "stdev": 0.0105431992561,
        "var": 0.000111159053631
    },
    "spectral_energyband_middle_low": {
        "dmean": 0.00571131892502,
        "dmean2": 0.0082748150453,
        "dvar": 5.32215490239e-05,
        "dvar2": 0.000123232894111,
        "max": 0.0867923870683,
        "mean": 0.0171523671597,
        "median": 0.0151176676154,
        "min": 1.9504977633e-09,
        "stdev": 0.0117129068822,
        "var": 0.000137192182592
    },
    "spectral_entropy": {
        "dmean": 0.175062417984,
        "dmean2": 0.241788953543,
        "dvar": 0.0398970730603,
        "dvar2": 0.0626127794385,
        "max": 8.71090698242,
        "mean": 7.49887228012,
        "median": 7.44003486633,
        "min": 6.01312637329,
        "stdev": 0.417482405901,
        "var": 0.174291566014
    },
    "spectral_flux": {
        "dmean": 0.0297342482954,
        "dmean2": 0.0459197275341,
        "dvar": 0.00123229681049,
        "dvar2": 0.00242806551978,
        "max": 0.323639631271,
        "mean": 0.0835405215621,
        "median": 0.0689323097467,
        "min": 0.00029759350582,
        "stdev": 0.0521481260657,
        "var": 0.00271942699328
    },
    "spectral_kurtosis": {
        "dmean": 1.28711795807,
        "dmean2": 2.08646440506,
        "dvar": 1.47164881229,
        "dvar2": 3.68396711349,
        "max": 16.0384464264,
        "mean": 3.89076066017,
        "median": 3.85850572586,
        "min": -1.25773239136,
        "stdev": 2.00386595726,
        "var": 4.01547908783
    },
    "spectral_rms": {
        "dmean": 0.00074134930037,
        "dmean2": 0.00104299653322,
        "dvar": 1.00642262169e-06,
        "dvar2": 1.64128130109e-06,
        "max": 0.013930445537,
        "mean": 0.00699765700847,
        "median": 0.00582235865295,
        "min": 9.29525958782e-06,
        "stdev": 0.00353849399835,
        "var": 1.25209398902e-05
    },
    "spectral_rolloff": {
        "dmean": 507.247375488,
        "dmean2": 879.843994141,
        "dvar": 1547760,
        "dvar2": 3438235.5,
        "max": 10142.1386719,
        "mean": 1179.5645752,
        "median": 775.1953125,
        "min": 64.599609375,
        "stdev": 1509.78051758,
        "var": 2279437.25
    },
    "spectral_skewness": {
        "dmean": 0.207897379994,
        "dmean2": 0.323852032423,
        "dvar": 0.0461314320564,
        "dvar2": 0.0901382490993,
        "max": 3.42507791519,
        "mean": 1.5928684473,
        "median": 1.63248121738,
        "min": -0.487593084574,
        "stdev": 0.388034909964,
        "var": 0.150571092963
    },
    "spectral_spread": {
        "dmean": 639682.25,
        "dmean2": 925045.1875,
        "dvar": 703839404032,
        "dvar2": 1.22559555174e+12,
        "max": 12812204,
        "mean": 4979247,
        "median": 4612110,
        "min": 2478492.25,
        "stdev": 1439756.375,
        "var": 2.07289830605e+12
    },
    "spectral_strongpeak": {
        "dmean": 0.461113035679,
        "dmean2": 0.690899610519,
        "dvar": 0.668363749981,
        "dvar2": 1.39495551586,
        "max": 11.0632801056,
        "mean": 1.36692643166,
        "median": 0.853950321674,
        "min": 0,
        "stdev": 1.40426433086,
        "var": 1.9719581604
    },
    "zerocrossingrate": {
        "dmean": 0.0118030272424,
        "dmean2": 0.0144540322945,
        "dvar": 0.000380845245672,
        "dvar2": 0.000488234771183,
        "max": 0.37939453125,
        "mean": 0.0502895712852,
        "median": 0.04345703125,
        "min": 0.00244140625,
        "stdev": 0.0390253514051,
        "var": 0.00152297818568
    },
    "barkbands": {
        "dmean": [0.00079554982949, 0.00597053067759, 0.000935602758545, 0.000521334412042, 0.00131346459966, 0.00214513367973, 0.00133911240846, 0.000758331269026, 0.00164647167549, 0.00140218087472, 0.000659162586089, 0.000336224795319, 0.000444172532298, 0.000441207783297, 0.000441513344413, 0.000192037667148, 0.000182099334779, 0.000205917953281, 0.000161680785823, 0.000120280579722, 0.000168690501596, 0.000214209838305, 0.000238766515395, 0.000277366314549, 0.000157356291311, 0.000101756515505, 1.43211818795e-05],
        "dmean2": [0.00117436016444, 0.00903814751655, 0.00159630121198, 0.000841800414491, 0.00203544669785, 0.0032216666732, 0.0021127697546, 0.00114317086991, 0.00225753197446, 0.00198320718482, 0.000958001764957, 0.000520528818015, 0.000660128775053, 0.000644594198093, 0.000659980170894, 0.000306962901959, 0.00028281606501, 0.000325224391418, 0.000263839494437, 0.000193609608687, 0.00027577689616, 0.000346628075931, 0.000377649994334, 0.000429738400271, 0.000255155871855, 0.00016891535779, 2.44425336859e-05],
        "dvar": [5.39001257494e-06, 0.000175961089553, 1.37151409945e-05, 1.56896601311e-06, 4.09486347053e-06, 1.26395598272e-05, 1.07216910692e-05, 3.14368071486e-06, 1.58680795721e-05, 2.02108076337e-05, 6.7093551479e-06, 7.51007348754e-07, 1.27225405322e-06, 1.17438264624e-06, 7.2431822673e-07, 1.94839330447e-07, 1.34458090884e-07, 1.25128906348e-07, 1.21152808674e-07, 7.29258005094e-08, 2.22544869644e-07, 3.63046524399e-07, 3.72304924667e-07, 5.55858434836e-07, 2.46205985377e-07, 1.48904959474e-07, 3.84816090104e-09],
        "dvar2": [9.34811214393e-06, 0.000369183195289, 3.98767770093e-05, 4.62763136966e-06, 9.78799289442e-06, 2.84526304313e-05, 2.65090584435e-05, 7.29939529265e-06, 3.17426929541e-05, 3.89565102523e-05, 1.43195256896e-05, 1.55450754846e-06, 2.05866194847e-06, 2.23338702199e-06, 1.3802716694e-06, 4.21975300924e-07, 2.93328838552e-07, 2.75324396171e-07, 2.99682767491e-07, 1.65492380688e-07, 5.63951687127e-07, 8.92869365998e-07, 8.48902686812e-07, 1.24669281831e-06, 6.11498364833e-07, 3.74017673721e-07, 9.97849891604e-09],
        "max": [0.0456841886044, 0.170812860131, 0.0442261248827, 0.0140875689685, 0.0319206826389, 0.0460382178426, 0.0487394183874, 0.0290906727314, 0.0557039640844, 0.0957804694772, 0.058247372508, 0.0108187999576, 0.0323996543884, 0.0153550794348, 0.0115976380184, 0.00899048987776, 0.0055163144134, 0.0050497436896, 0.0039820484817, 0.00253415876068, 0.00386287015863, 0.00491774501279, 0.00599723123014, 0.0113788228482, 0.00440989946947, 0.00333956792019, 0.000651622656733],
        "mean": [0.00497564068064, 0.03121358715, 0.00157587358262, 0.0010942480294, 0.00348602957092, 0.00489980867133, 0.00205986504443, 0.00147163495421, 0.00311824353412, 0.00255340454169, 0.00113922485616, 0.000511793536134, 0.000809126067907, 0.000680704135448, 0.00075822341023, 0.000293736608, 0.000343821709976, 0.00035485427361, 0.000232649646932, 0.0001812196424, 0.000187920231838, 0.000229753641179, 0.000287230883259, 0.000325555331074, 0.0001499424543, 8.12334474176e-05, 1.01054047263e-05],
        "median": [6.76874321925e-07, 0.00150890660007, 0.000927075103391, 0.000572593184188, 0.00180339056533, 0.00199629901908, 0.000638833211269, 0.000477135792607, 0.000507508637384, 0.000294568046229, 0.000237385131186, 0.000178205445991, 0.000226547796046, 0.000176281959284, 0.000248602184001, 0.000109749569674, 0.000136281261803, 0.000159087372595, 9.1083922598e-05, 7.74934305809e-05, 7.12458713679e-05, 6.43093226245e-05, 6.99319134583e-05, 6.3796833274e-05, 2.5566901968e-05, 8.44359328767e-06, 1.87124868489e-07],
        "min": [1.19616729716e-11, 1.16105708381e-10, 1.18115739411e-10, 1.00670152769e-10, 2.91237423067e-10, 5.08257380627e-10, 3.18253728926e-10, 2.62376231852e-10, 1.88330462336e-10, 1.92083504658e-09, 4.51720483241e-09, 3.23088862331e-08, 3.52255931091e-08, 3.54185214491e-09, 1.38291456064e-09, 1.24886012642e-09, 1.68627695141e-10, 4.54318332954e-10, 6.7136579629e-10, 1.91496402069e-10, 4.94937091311e-10, 1.09803821591e-09, 1.43074896375e-09, 1.18250198522e-09, 4.87257068027e-10, 3.02989106027e-10, 3.26463183743e-12],
        "stdev": [0.0109703307971, 0.0448721908033, 0.00305509357713, 0.00147465674672, 0.00425276625901, 0.00628866767511, 0.00403958931565, 0.00257351389155, 0.00664033507928, 0.00775336520746, 0.00422677630559, 0.00113188708201, 0.00191418477334, 0.00163207494188, 0.00136879028287, 0.000641354534309, 0.000606687390245, 0.000497188884765, 0.000388648710214, 0.000303495588014, 0.000436154659837, 0.000570059171878, 0.000662201840896, 0.000864322588313, 0.000469231163152, 0.000340764527209, 5.26719522895e-05],
        "var": [0.000120348158816, 0.00201351358555, 9.33359660849e-06, 2.1746125185e-06, 1.80860206456e-05, 3.95473398385e-05, 1.63182830875e-05, 6.62297316012e-06, 4.40940493718e-05, 6.01146712143e-05, 1.78656373464e-05, 1.28116835185e-06, 3.66410313291e-06, 2.66366873802e-06, 1.87358693893e-06, 4.1133566242e-07, 3.68069606793e-07, 2.47196794589e-07, 1.51047814256e-07, 9.2109573302e-08, 1.90230892372e-07, 3.24967459164e-07, 4.38511307266e-07, 7.47053491068e-07, 2.2017788126e-07, 1.16120467908e-07, 2.77433453988e-09]
    },
    "erbbands": {
        "dmean": [0.280719101429, 0.99310708046, 1.03510344028, 1.50895130634, 1.76421511173, 4.86227369308, 13.9720783234, 17.5249462128, 20.8826408386, 14.1017570496, 19.4060955048, 43.2403831482, 38.5481529236, 43.4528160095, 18.3722839355, 14.8902225494, 18.0046100616, 25.4348907471, 25.34882164, 10.3893642426, 9.53306102753, 8.81427955627, 11.9846754074, 9.34336280823, 6.61500835419, 5.73787546158, 5.84756803513, 6.60428953171, 6.93181657791, 7.24229717255, 7.12333393097, 5.4778175354, 4.83502340317, 2.1069009304, 0.905599594116, 0.50133138895, 0.189235433936, 0.038396846503, 0.00154092360754, 4.40044350398e-05],
        "dmean2": [0.429752886295, 1.52586770058, 1.71106517315, 2.52651953697, 2.86334037781, 7.70480585098, 20.3250999451, 26.7535095215, 33.2320518494, 22.4726238251, 27.4308185577, 58.7376861572, 54.2052383423, 57.1303672791, 26.1466121674, 22.4923381805, 26.3173904419, 37.2127456665, 38.131061554, 15.6086778641, 15.2200651169, 13.5405282974, 18.2611732483, 14.9851083755, 10.5315189362, 9.33630466461, 9.47488594055, 10.6277666092, 11.229016304, 11.4986696243, 11.2458906174, 8.49600410461, 7.59071731567, 3.31480526924, 1.4886623621, 0.841982364655, 0.316869586706, 0.0633002445102, 0.00258786883205, 6.98076546541e-05],
        "dvar": [0.438673138618, 5.41003036499, 15.9706363678, 18.8531284332, 14.9816493988, 71.2970581055, 626.627441406, 1216.60437012, 2312.38525391, 1891.87207031, 2233.15356445, 11713.9960938, 11578.8251953, 27999.7792969, 2085.46777344, 1262.51269531, 2110.73291016, 3559.09277344, 2618.52001953, 324.655822754, 437.44708252, 378.595458984, 411.044128418, 366.72277832, 157.880493164, 204.165008545, 256.343444824, 338.367401123, 403.598937988, 328.244110107, 360.401519775, 215.125366211, 185.028488159, 36.8313407898, 9.84258365631, 3.5672082901, 0.541236996651, 0.0235212612897, 4.22008051828e-05, 1.87584436873e-08],
        "dvar2": [0.910388767719, 11.4600172043, 44.594871521, 55.0668067932, 41.8015823364, 187.225234985, 1199.05322266, 2828.8347168, 5663.65869141, 4814.296875, 4811.82421875, 22518.5292969, 23786.8769531, 50292.578125, 4274.0625, 2651.97900391, 3592.47631836, 6810.67675781, 4968.26660156, 649.911987305, 1016.30664062, 831.701171875, 862.545227051, 917.873474121, 357.997009277, 477.442138672, 638.67590332, 841.752685547, 1009.59680176, 799.975646973, 818.588684082, 456.826202393, 428.42666626, 86.9224777222, 24.5678539276, 9.18883419037, 1.3715057373, 0.0580037385225, 0.000107821360871, 4.69846241913e-08],
        "max": [8.71733283997, 25.8962287903, 45.5275802612, 51.963508606, 53.0067214966, 134.137573242, 458.113342285, 372.753570557, 697.710693359, 928.112609863, 841.351745605, 1542.46057129, 2114.59179688, 3380.6418457, 774.453857422, 549.908752441, 1352.83618164, 832.237548828, 742.916320801, 257.260986328, 297.503265381, 331.814910889, 334.466552734, 293.170898438, 104.961631775, 146.45123291, 146.023635864, 154.420593262, 179.920288086, 150.773178101, 227.322692871, 202.463088989, 202.972488403, 66.7543563843, 31.4381694794, 17.9608154297, 6.61344003677, 1.51903927326, 0.0672761499882, 0.00138346210588],
        "mean": [1.66585838795, 3.93516469002, 2.21182847023, 3.33847260475, 3.64159464836, 12.4619131088, 35.4033813477, 36.0602836609, 36.711479187, 21.9252758026, 42.8727722168, 83.6393356323, 71.2003173828, 81.5066986084, 33.4326782227, 25.4483337402, 34.8269081116, 44.0606269836, 45.5475234985, 20.3077812195, 16.1333255768, 17.6773643494, 21.2404174805, 14.8318195343, 10.8065261841, 8.21485233307, 6.96275472641, 7.18656730652, 7.11666631699, 9.18877983093, 8.21400260925, 6.4230298996, 5.56417751312, 2.20064473152, 0.80189293623, 0.398699820042, 0.146838992834, 0.0297794919461, 0.00114769698121, 9.79584729066e-05],
        "median": [0.0155652742833, 0.433495670557, 1.24984025955, 1.93537986279, 2.38930296898, 6.22719812393, 12.9660949707, 12.8757753372, 9.69097423553, 9.34506511688, 15.1236314774, 16.7611923218, 15.992937088, 11.9135198593, 9.27479076385, 9.76874446869, 10.5526094437, 15.1213693619, 13.889550209, 10.5508871078, 6.81014442444, 7.48059844971, 10.0409288406, 5.74409818649, 5.04368066788, 3.50667452812, 2.91473817825, 2.40576887131, 1.9953212738, 2.92552733421, 1.84932374954, 1.12400472164, 1.16422700882, 0.460310578346, 0.124841585755, 0.0461636334658, 0.0127401994541, 0.00163222046103, 7.95814630692e-05, 4.6662211389e-05],
        "min": [2.86497803259e-09, 2.85111205756e-08, 1.19388190001e-07, 2.66265914206e-07, 4.72736104484e-07, 1.05568233266e-06, 2.57624265032e-06, 4.56066391052e-06, 4.94277855978e-06, 4.38204278908e-06, 6.2949848143e-06, 4.24341487815e-06, 3.19638747897e-05, 0.000100318364275, 0.000406874401961, 0.0014780999627, 0.0017029591836, 0.000359328842023, 0.000122949219076, 9.84875732684e-05, 4.3378182454e-05, 1.16845358207e-05, 2.41072139033e-05, 3.53691175405e-05, 2.28681965382e-05, 7.94129027781e-06, 2.41890411417e-05, 1.38288351081e-05, 2.55715567619e-05, 5.42993293493e-05, 4.68119396828e-05, 2.20085184992e-05, 2.199395567e-05, 8.9401837613e-06, 1.63376046203e-06, 1.21815719467e-06, 7.55634005145e-07, 4.53377282383e-08, 2.42663200645e-09, 3.06326436439e-10],
        "stdev": [2.53390288353, 5.95301580429, 3.68284392357, 4.46855258942, 4.30736541748, 17.4028949738, 54.0251274109, 54.8028945923, 73.9606628418, 44.4791488647, 81.6760253906, 179.989807129, 157.555297852, 300.160766602, 73.8077926636, 49.2615470886, 79.5051879883, 89.4504318237, 84.1938247681, 28.2033119202, 29.1320171356, 32.0196380615, 29.933013916, 24.1117172241, 14.5491285324, 14.8136148453, 15.2826690674, 17.3194179535, 18.7458057404, 18.2044639587, 20.6762657166, 17.9713573456, 14.7697305679, 6.31827688217, 2.83419847488, 1.63169467449, 0.643273293972, 0.136992484331, 0.00560202263296, 0.000142358519952],
        "var": [6.42066431046, 35.4383964539, 13.5633401871, 19.967962265, 18.553396225, 302.860778809, 2918.71435547, 3003.35742188, 5470.17919922, 1978.39477539, 6670.97314453, 32396.328125, 24823.6699219, 90096.4921875, 5447.59033203, 2426.70019531, 6321.07470703, 8001.37988281, 7088.60009766, 795.426818848, 848.674377441, 1025.25720215, 895.985290527, 581.374938965, 211.677154541, 219.44317627, 233.5599823, 299.962249756, 351.40524292, 331.402526855, 427.507965088, 322.969665527, 218.144943237, 39.9206199646, 8.03268146515, 2.6624276638, 0.413800567389, 0.0187669415027, 3.13826567435e-05, 2.02659471427e-08]
    },
    "gfcc": {
        "mean": [24.8100223541, 88.3352355957, -115.485099792, 27.165851593, -66.7787399292, 19.0013465881, -41.8228187561, 10.1962385178, -18.567905426, 2.23961138725, -10.1112670898, 0.678995788097, -8.38858032227],
        "cov": [[2594.08447266, -173.93611145, 653.707885742, 516.44329834, 340.43927002, 287.848236084, 171.420074463, 307.532714844, 199.485214233, 125.931900024, 43.4462432861, 97.2751083374, 15.5551786423], [-173.93611145, 1069.73950195, 47.2932815552, 169.968688965, 383.546295166, 57.1683616638, 226.569290161, 29.3906555176, 108.766639709, -47.0128822327, 66.0282897949, -69.3466110229, 90.9838180542], [653.707885742, 47.2932815552, 694.116394043, 390.090270996, 234.876022339, 123.496421814, 60.5545043945, 89.7747039795, 51.4770469666, 81.7917404175, 19.0167942047, 67.765586853, 14.3974227905], [516.44329834, 169.968688965, 390.090270996, 497.93649292, 237.624084473, 94.2996292114, 41.7899398804, 121.802337646, 125.144264221, -13.0345306396, 28.7672424316, 7.21695804596, 57.1924934387], [340.43927002, 383.546295166, 234.876022339, 237.624084473, 366.302368164, 149.409484863, 184.673934937, 93.1356582642, 85.860168457, 28.0316314697, 30.0398216248, 14.553393364, 48.8519706726], [287.848236084, 57.1683616638, 123.496421814, 94.2996292114, 149.409484863, 303.777862549, 189.448760986, 79.3706130981, 72.226890564, 36.2536010742, 39.9283370972, 15.1475305557, 30.3223838806], [171.420074463, 226.569290161, 60.5545043945, 41.7899398804, 184.673934937, 189.448760986, 289.221282959, 70.3815765381, 81.830368042, 54.539642334, 60.6414222717, 43.8442649841, 50.3957443237], [307.532714844, 29.3906555176, 89.7747039795, 121.802337646, 93.1356582642, 79.3706130981, 70.3815765381, 161.487960815, 108.809356689, 15.217083931, 41.2888145447, 9.92059421539, 43.1863517761], [199.485214233, 108.766639709, 51.4770469666, 125.144264221, 85.860168457, 72.226890564, 81.830368042, 108.809356689, 204.430175781, 39.1884536743, 88.9787902832, 26.2733325958, 90.6430206299], [125.931900024, -47.0128822327, 81.7917404175, -13.0345306396, 28.0316314697, 36.2536010742, 54.539642334, 15.217083931, 39.1884536743, 115.74230957, 55.4763565063, 42.3012390137, 14.8379707336], [43.4462432861, 66.0282897949, 19.0167942047, 28.7672424316, 30.0398216248, 39.9283370972, 60.6414222717, 41.2888145447, 88.9787902832, 55.4763565063, 159.460403442, 47.2384490967, 58.5756835938], [97.2751083374, -69.3466110229, 67.765586853, 7.21695804596, 14.553393364, 15.1475305557, 43.8442649841, 9.92059421539, 26.2733325958, 42.3012390137, 47.2384490967, 128.271820068, 39.6929740906], [15.5551786423, 90.9838180542, 14.3974227905, 57.1924934387, 48.8519706726, 30.3223838806, 50.3957443237, 43.1863517761, 90.6430206299, 14.8379707336, 58.5756835938, 39.6929740906, 110.211303711]],
        "icov": [[0.000703602272552, 0.000257861684076, -0.000212446961086, -0.000296833430184, -0.000340226950357, -0.000133755078423, -1.84063410416e-05, -0.000784342584666, -0.000222109170863, -0.000301306339679, 0.000171662963112, -0.000245917530265, 0.000593548931647], [0.000257861684076, 0.00295807863586, -0.000360795093002, 0.000572497432586, -0.00344150629826, 0.0017186087789, -0.00186837348156, 0.00170253426768, -0.00109773629811, 0.00248473742977, -0.00148695381358, 0.00253192707896, -0.00104181002825], [-0.000212446961086, -0.000360795093002, 0.00419129291549, -0.00330720073543, -0.000252899364568, -0.000897108577192, 0.00102558918297, -0.000436800561147, 0.00187065964565, -0.00376817607321, 0.000858633429743, -0.00193871546071, 0.000768325757235], [-0.000296833430184, 0.000572497432586, -0.00330720073543, 0.00701158074662, -0.00301627302542, 0.000368308101315, 0.00119725649711, 0.000121835859318, -0.0030407961458, 0.00483995908871, -0.00106250413228, 0.0015370210167, -0.00113637105096], [-0.000340226950357, -0.00344150629826, -0.000252899364568, -0.00301627302542, 0.0106847770512, -0.00175614433829, -0.00193520123139, -0.00231643370353, 0.00191825185902, -0.00315741589293, 0.00229656323791, -0.0017486999277, 0.000283701316221], [-0.000133755078423, 0.0017186087789, -0.000897108577192, 0.000368308101315, -0.00175614433829, 0.00732005340979, -0.00512341735885, 0.000435171823483, -0.00082485988969, 0.00192223850172, -0.00111472641584, 0.00262759532779, -0.000471406674478], [-1.84063410416e-05, -0.00186837348156, 0.00102558918297, 0.00119725649711, -0.00193520123139, -0.00512341735885, 0.0104917865247, -0.00179687817581, 6.88813379384e-05, -0.00296644237824, 0.000487605895614, -0.00354342372157, 0.000323465414112], [-0.000784342584666, 0.00170253426768, -0.000436800561147, 0.000121835859318, -0.00231643370353, 0.000435171823483, -0.00179687817581, 0.0133572034538, -0.00572889763862, 0.00315374997444, -0.0012456063414, 0.00234044110402, -0.000700075586792], [-0.000222109170863, -0.00109773629811, 0.00187065964565, -0.0030407961458, 0.00191825185902, -0.00082485988969, 6.88813379384e-05, -0.00572889763862, 0.0139486398548, -0.0044690030627, -0.00193172181025, 0.000266126618953, -0.00607830518857], [-0.000301306339679, 0.00248473742977, -0.00376817607321, 0.00483995908871, -0.00315741589293, 0.00192223850172, -0.00296644237824, 0.00315374997444, -0.0044690030627, 0.0179188065231, -0.00519769033417, 0.000906844448764, 0.000662210222799], [0.000171662963112, -0.00148695381358, 0.000858633429743, -0.00106250413228, 0.00229656323791, -0.00111472641584, 0.000487605895614, -0.0012456063414, -0.00193172181025, -0.00519769033417, 0.0112237790599, -0.00313230836764, -0.0013522800291], [-0.000245917530265, 0.00253192707896, -0.00193871546071, 0.0015370210167, -0.0017486999277, 0.00262759532779, -0.00354342372157, 0.00234044110402, 0.000266126618953, 0.000906844448764, -0.00313230836764, 0.0136945648119, -0.00545280706137], [0.000593548931647, -0.00104181002825, 0.000768325757235, -0.00113637105096, 0.000283701316221, -0.000471406674478, 0.000323465414112, -0.000700075586792, -0.00607830518857, 0.000662210222799, -0.0013522800291, -0.00545280706137, 0.0180619526654]]
    },
    "melbands": {
        "dmean": [0.00201227678917, 0.000658104079776, 0.000239267712459, 0.000213867693674, 0.000421832868597, 0.000401956524001, 0.000306524627376, 0.000144959718455, 0.000159388204338, 0.000289666670142, 0.000191368206288, 0.000181085342774, 6.55726835248e-05, 4.3756528612e-05, 3.2444972021e-05, 4.86224489578e-05, 5.12914302817e-05, 4.22843295382e-05, 2.35142670135e-05, 1.48559547597e-05, 1.1409903891e-05, 1.00261113403e-05, 1.15493503472e-05, 9.74948943622e-06, 8.08292134025e-06, 5.45187640455e-06, 4.62770685772e-06, 3.80949290957e-06, 3.08300036522e-06, 5.03734736412e-06, 3.43952888215e-06, 3.77083597414e-06, 4.88672594656e-06, 3.84528038921e-06, 4.34194225818e-06, 4.13659017795e-06, 3.01294107885e-06, 3.62070113624e-06, 2.8414526696e-06, 1.50216726524e-06],
        "dmean2": [0.00304829096422, 0.000996274757199, 0.0003979873145, 0.000344968022546, 0.000621263869107, 0.000616582983639, 0.00048662617337, 0.000230087360251, 0.00022161193192, 0.000392344692955, 0.000274401623756, 0.000237718093558, 9.54278002609e-05, 6.7159475293e-05, 4.8021258408e-05, 7.01639146428e-05, 7.51354673412e-05, 6.40430589556e-05, 3.5918350477e-05, 2.31336707657e-05, 1.84886885108e-05, 1.54994722834e-05, 1.77730416908e-05, 1.54491117428e-05, 1.30925500343e-05, 8.96457822819e-06, 7.2741090662e-06, 6.30744898444e-06, 4.96406573802e-06, 8.4489602159e-06, 5.5050568335e-06, 6.16840270595e-06, 8.07332980912e-06, 6.09234848525e-06, 6.95291237207e-06, 6.45895079288e-06, 4.71654038847e-06, 5.59219415663e-06, 4.57642863694e-06, 2.40363056037e-06],
        "dvar": [2.07076554943e-05, 3.28368628288e-06, 4.7357266908e-07, 1.33918845791e-07, 4.99736984239e-07, 5.78825336106e-07, 4.75372502251e-07, 1.68217397345e-07, 1.61101340268e-07, 5.42449754448e-07, 3.03797122569e-07, 4.91007597248e-07, 3.82006000166e-08, 1.03480051195e-08, 7.15436776488e-09, 1.82981523267e-08, 1.74889525084e-08, 7.23834681082e-09, 1.96616345427e-09, 1.34788102901e-09, 6.54358234264e-10, 6.15657580472e-10, 3.63895164002e-10, 3.42727957126e-10, 2.99701347073e-10, 1.31062757869e-10, 7.03331282104e-11, 1.04666421363e-10, 6.58991125557e-11, 2.29833208021e-10, 8.78164138629e-11, 1.20403201298e-10, 2.13034354046e-10, 7.82309286795e-11, 1.31304120354e-10, 1.38780570369e-10, 5.99722077554e-11, 1.07098489799e-10, 6.46878106636e-11, 1.95781221096e-11],
        "dvar2": [4.2864921852e-05, 7.90458398114e-06, 1.37034214731e-06, 3.47328608541e-07, 9.67372329796e-07, 1.35257016609e-06, 1.16657815852e-06, 4.28721392609e-07, 3.36773211984e-07, 1.06077993678e-06, 6.31987632005e-07, 8.6588039494e-07, 8.11292864e-08, 2.16435829259e-08, 1.46416434532e-08, 2.58806096554e-08, 3.30864260434e-08, 1.39710500946e-08, 4.27794022428e-09, 2.66613064959e-09, 1.58791313432e-09, 1.29695765239e-09, 7.88908272042e-10, 7.49577677706e-10, 7.64984631196e-10, 3.14654996503e-10, 1.4481041366e-10, 2.53186388521e-10, 1.6375634182e-10, 5.99377880661e-10, 2.11509115777e-10, 3.03384262157e-10, 5.38843525355e-10, 1.9228363346e-10, 3.10134973258e-10, 2.94972546389e-10, 1.26709906456e-10, 2.51594467482e-10, 1.563346258e-10, 4.64993252236e-11],
        "max": [0.0567861869931, 0.023472301662, 0.00906813889742, 0.00407623546198, 0.0125955110416, 0.00956682581455, 0.00932603888214, 0.00817599054426, 0.00712040765211, 0.0106873512268, 0.010686147958, 0.0152487801388, 0.00383812561631, 0.00164143799338, 0.00143423036207, 0.00449111545458, 0.00189371989109, 0.00121005857363, 0.000729573599529, 0.000873185403179, 0.000341186736478, 0.00046582944924, 0.000298199069221, 0.000311996467644, 0.000274008518318, 0.000114226008009, 0.00010041497444, 0.000107941879833, 7.4298135587e-05, 0.000129955195007, 8.24281742098e-05, 0.000135304988362, 0.000128302533994, 8.67368871695e-05, 0.000122484925669, 0.000170301660546, 0.000104364080471, 0.000173094958882, 7.87282697274e-05, 4.97838991578e-05],
        "mean": [0.011320175603, 0.00223928899504, 0.000541126704775, 0.00051226397045, 0.00112047349103, 0.000853568548337, 0.000542151625268, 0.000228271688684, 0.000347031280398, 0.000547044444829, 0.000339688180247, 0.000329968170263, 0.000113880632853, 7.34208297217e-05, 5.56945888093e-05, 8.73798853718e-05, 8.05674135336e-05, 7.10713502485e-05, 3.94135058741e-05, 2.44241145992e-05, 1.74186516233e-05, 1.876074748e-05, 2.01461498364e-05, 1.62061805895e-05, 1.16415230877e-05, 7.79351830715e-06, 7.70595033828e-06, 4.73766795039e-06, 3.7803097257e-06, 5.06377136844e-06, 3.83084807254e-06, 3.71771466234e-06, 5.09458232045e-06, 5.02210423292e-06, 4.87220813739e-06, 4.44014722234e-06, 3.64587185686e-06, 4.12722238252e-06, 3.02782723338e-06, 1.48190213167e-06],
        "median": [0.000287104572635, 0.000755055982154, 0.00033566399361, 0.000305780791678, 0.000442893360741, 0.00031727986061, 0.000147835657117, 9.38324446906e-05, 0.000101371784694, 9.15296113817e-05, 6.6088141466e-05, 3.89502383769e-05, 2.83947319986e-05, 2.59099106188e-05, 1.82892545126e-05, 2.38836564677e-05, 2.10997459362e-05, 1.96618293558e-05, 1.6530184439e-05, 9.85749466054e-06, 7.04767126081e-06, 7.25460995454e-06, 8.79140407051e-06, 7.25171321392e-06, 3.93530172005e-06, 3.4066142689e-06, 3.29898648488e-06, 1.94468543668e-06, 1.65921721873e-06, 1.62359015121e-06, 1.18664900128e-06, 9.64902596934e-07, 1.39313840464e-06, 1.62035075846e-06, 1.11567385375e-06, 6.39362326638e-07, 6.50547178793e-07, 7.73592034875e-07, 6.31656007499e-07, 2.51728465628e-07],
        "min": [2.94700201742e-11, 5.51250434189e-11, 5.10392214603e-11, 5.22954110571e-11, 8.33764793318e-11, 1.02046093797e-10, 7.32410382343e-11, 4.85294096575e-11, 5.09630913859e-11, 2.33563151458e-11, 1.65288616127e-10, 3.65082991616e-10, 8.72393490781e-10, 3.08020786655e-09, 4.65828753349e-09, 2.78468559323e-09, 4.20589257866e-10, 2.26541507775e-10, 1.03907007998e-10, 1.17754320184e-10, 3.84392899455e-11, 9.93439185082e-12, 1.5146427515e-11, 2.23925357423e-11, 2.9519768574e-11, 2.65501336194e-11, 4.4519795836e-12, 4.98941903418e-12, 1.49630152019e-11, 1.54580497708e-11, 4.78341368251e-12, 1.27628602131e-11, 2.58154747579e-11, 2.75986004883e-11, 2.87293383527e-11, 1.73585174013e-11, 1.15131081752e-11, 1.85431808797e-11, 8.92009383024e-12, 6.96532675287e-12],
        "stdev": [0.0166596565396, 0.0030998182483, 0.00069676322164, 0.00060020852834, 0.00156152748968, 0.00125517917331, 0.00104779284447, 0.000428520375863, 0.000747811980546, 0.00121961138211, 0.00080300681293, 0.00127090048045, 0.000313957571052, 0.000144718273077, 0.000125532314996, 0.000235906321905, 0.000193370186025, 0.000136566653964, 6.439077697e-05, 5.48965545022e-05, 3.28449932567e-05, 4.08596970374e-05, 2.84403940896e-05, 2.6158786568e-05, 2.1248099074e-05, 1.22005185403e-05, 1.18614698295e-05, 1.00452762126e-05, 8.00172983872e-06, 1.33990843096e-05, 9.1554102255e-06, 1.02186604636e-05, 1.33694502438e-05, 9.2489481176e-06, 1.2024537682e-05, 1.36952503453e-05, 9.69804841588e-06, 1.10114560812e-05, 8.4461280494e-06, 4.48953596788e-06],
        "var": [0.000277544168057, 9.60887246038e-06, 4.85478949486e-07, 3.60250282938e-07, 2.43836802838e-06, 1.57547469826e-06, 1.09786981284e-06, 1.83629722983e-07, 5.59222769425e-07, 1.48745186834e-06, 6.44819920126e-07, 1.61518812547e-06, 9.85693588973e-08, 2.09433768106e-08, 1.5758363503e-08, 5.56517925077e-08, 3.73920272523e-08, 1.86504518496e-08, 4.14617185029e-09, 3.01363178856e-09, 1.07879361e-09, 1.66951485969e-09, 8.08855982193e-10, 6.84282130958e-10, 4.51481685371e-10, 1.48852652426e-10, 1.40694456086e-10, 1.00907573963e-10, 6.40276859309e-11, 1.79535469824e-10, 8.38215330479e-11, 1.04421020442e-10, 1.78742201595e-10, 8.5543037931e-11, 1.44589507034e-10, 1.87559870413e-10, 9.40521410753e-11, 1.21252174967e-10, 7.1337075136e-11, 2.01559324786e-11]
    },
    "melbands128": {
