{
"lowlevel": {
    "average_loudness": 0.981569766998,
    "barkbands_crest": {
        "dmean": 3.05647087097,
        "dmean2": 4.96629142761,
        "dvar": 7.55084228516,
        "dvar2": 19.2245101929,
        "max": 24.9145412445,
        "mean": 9.4499464035,
        "median": 8.49157142639,
        "min": 2.96016263962,
        "stdev": 4.14097929001,
        "var": 17.1477088928
    },
    "barkbands_flatness_db": {
        "dmean": 0.0187713615596,
        "dmean2": 0.0290314424783,
        "dvar": 0.000313224736601,
        "dvar2": 0.000755472865421,
        "max": 0.284935444593,
        "mean": 0.10216807574,
        "median": 0.0978864058852,
        "min": 0.0277067441493,
        "stdev": 0.0314985103905,
        "var": 0.000992156099528
    },
    "barkbands_kurtosis": {
        "dmean": 2.15575218201,
        "dmean2": 3.56978106499,
        "dvar": 46.4784355164,
        "dvar2": 140.093276978,
        "max": 173.707336426,
        "mean": 2.01639461517,
        "median": 0.631866455078,
        "min": -1.84444880486,
        "stdev": 6.46498346329,
        "var": 41.7960128784
    },
    "barkbands_skewness": {
        "dmean": 0.558889567852,
        "dmean2": 0.855168819427,
        "dvar": 0.398075342178,
        "dvar2": 0.939886450768,
        "max": 11.9400577545,
        "mean": 0.908719241619,
        "median": 0.744881093502,
        "min": -2.0158662796,
        "stdev": 1.08350861073,
        "var": 1.17399096489
    },
    "barkbands_spread": {
        "dmean": 6.65117502213,
        "dmean2": 10.5446147919,
        "dvar": 89.8668823242,
        "dvar2": 183.740280151,
        "max": 100.602386475,
        "mean": 24.6428642273,
        "median": 22.1087551117,
        "min": 1.49999189377,
        "stdev": 13.7890768051,
        "var": 190.138626099
    },
    "dissonance": {
        "dmean": 0.0219608098269,
        "dmean2": 0.0373578667641,
        "dvar": 0.000648986198939,
        "dvar2": 0.00156435382087,
        "max": 0.499972224236,
        "mean": 0.466421186924,
        "median": 0.473466128111,
        "min": 0.00218781642616,
        "stdev": 0.0279013793916,
        "var": 0.000778487010393
    },
    "dynamic_complexity": 1.41926312447,
    "erbbands_crest": {
        "dmean": 3.14993286133,
        "dmean2": 5.09328079224,
        "dvar": 8.83049869537,
        "dvar2": 21.023015976,
        "max": 28.097536087,
        "mean": 10.1732559204,
        "median": 9.02566146851,
        "min": 2.51646208763,
        "stdev": 5.01955127716,
        "var": 25.1958961487
    },
    "erbbands_flatness_db": {
        "dmean": 0.0175734870136,
        "dmean2": 0.0262998118997,
        "dvar": 0.000261012726696,
        "dvar2": 0.000512051337864,
        "max": 0.274875819683,
        "mean": 0.143878951669,
        "median": 0.141839250922,
        "min": 0.0473603047431,
        "stdev": 0.0375516340137,
        "var": 0.0014101251727
    },
    "erbbands_kurtosis": {
        "dmean": 1.17977499962,
        "dmean2": 1.81466567516,
        "dvar": 1.98530507088,
        "dvar2": 4.43792772293,
        "max": 16.3557662964,
        "mean": 1.48651707172,
        "median": 0.708753585815,
        "min": -1.54637134075,
        "stdev": 2.48336648941,
        "var": 6.16710853577
    },
    "erbbands_skewness": {
        "dmean": 0.417505353689,
        "dmean2": 0.64431220293,
        "dvar": 0.172410234809,
        "dvar2": 0.355978250504,
        "max": 3.1317346096,
        "mean": 0.456565707922,
        "median": 0.440936744213,
        "min": -3.63990139961,
        "stdev": 0.690787672997,
        "var": 0.47718757391
    },
    "erbbands_spread": {
        "dmean": 7.81991958618,
        "dmean2": 11.7991113663,
        "dvar": 82.8973770142,
        "dvar2": 183.3515625,
        "max": 106.152488708,
        "mean": 29.0946350098,
        "median": 26.0358715057,
        "min": 6.18147945404,
        "stdev": 16.0069923401,
        "var": 256.223815918
    },
    "hfc": {
        "dmean": 12.75066185,
        "dmean2": 19.7777862549,
        "dvar": 744.713317871,
        "dvar2": 1409.50585938,
        "max": 357.414703369,
        "mean": 39.0943984985,
        "median": 32.3536643982,
        "min": 1.17998201118e-16,
        "stdev": 36.267074585,
        "var": 1315.30065918
    },
    "loudness_ebu128": {
        "integrated": -6.61816740036,
        "loudness_range": 1.45332956314,
        "momentary": {
            "dmean": 0.241162329912,
            "dmean2": 0.312555253506,
            "dvar": 0.0326450355351,
            "dvar2": 0.0625744014978,
            "max": -5.27052927017,
            "mean": -6.67715120316,
            "median": -6.55223560333,
            "min": -8.68953514099,
            "stdev": 0.725909292698,
            "var": 0.526944339275
        },
        "short_term": {
            "dmean": 0.0325719788671,
            "dmean2": 0.0350667834282,
            "dvar": 0.000590107345488,
            "dvar2": 0.000841315544676,
            "max": -5.83966255188,
            "mean": -6.60390233994,
            "median": -6.57560920715,
            "min": -7.68386173248,
            "stdev": 0.434242963791,
            "var": 0.188566952944
        }
    },
    "melbands_crest": {
        "dmean": 3.89979124069,
        "dmean2": 6.24382019043,
        "dvar": 12.6382551193,
        "dvar2": 33.1167411804,
        "max": 31.8624858856,
        "mean": 13.0778903961,
        "median": 12.1031608582,
        "min": 1.79572880268,
        "stdev": 5.27434015274,
        "var": 27.8186664581
    },
    "melbands_flatness_db": {
        "dmean": 0.0252684243023,
        "dmean2": 0.039120119065,
        "dvar": 0.000624142121524,
        "dvar2": 0.0013939824421,
        "max": 0.412300437689,
        "mean": 0.173629075289,
        "median": 0.170958906412,
        "min": 0.0065862624906,
        "stdev": 0.0452983789146,
        "var": 0.00205194321461
    },
    "melbands_kurtosis": {
        "dmean": 4.94260501862,
        "dmean2": 7.9575176239,
        "dvar": 149.953125,
        "dvar2": 422.836212158,
        "max": 307.428009033,
        "mean": 6.31529760361,
        "median": 2.52392148972,
        "min": -1.78484082222,
        "stdev": 14.0847978592,
        "var": 198.381530762
    },
    "melbands_skewness": {
        "dmean": 0.713243663311,
        "dmean2": 1.09626317024,
        "dvar": 0.558731377125,
        "dvar2": 1.24752366543,
        "max": 13.3490343094,
        "mean": 1.68722999096,
        "median": 1.4524885416,
        "min": -1.07575023174,
        "stdev": 1.4318614006,
        "var": 2.05022716522
    },
    "melbands_spread": {
        "dmean": 10.0602312088,
        "dmean2": 15.1525993347,
        "dvar": 310.206695557,
        "dvar2": 548.243225098,
        "max": 244.232696533,
        "mean": 30.6544952393,
        "median": 26.8573112488,
        "min": 0.844429552555,
        "stdev": 24.1459064484,
        "var": 583.024780273
    },
    "pitch_salience": {
        "dmean": 0.0762788280845,
        "dmean2": 0.123887099326,
        "dvar": 0.00467147305608,
        "dvar2": 0.0116288950667,
        "max": 0.870962440968,
        "mean": 0.544095337391,
        "median": 0.550905227661,
        "min": 0.159427851439,
        "stdev": 0.104779705405,
        "var": 0.0109787862748
    },
    "silence_rate_20dB": {
        "dmean": 0,
        "dmean2": 0,
        "dvar": 0,
        "dvar2": 0,
        "max": 1,
        "mean": 1,
        "median": 1,
        "min": 1,
        "stdev": 0,
        "var": 0
    },
    "silence_rate_30dB": {
        "dmean": 0.0030959751457,
        "dmean2": 0.00619674660265,
        "dvar": 0.00308634224348,
        "dvar2": 0.00925653707236,
        "max": 1,
        "mean": 0.998453199863,
        "median": 1,
        "min": 0,
        "stdev": 0.0392987206578,
        "var": 0.0015443895245
    },
    "silence_rate_60dB": {
        "dmean": 0.000773993786424,
        "dmean2": 0.00154918665066,
        "dvar": 0.000773391744588,
        "dvar2": 0.00154677091632,
        "max": 1,
        "mean": 0.00154679035768,
        "median": 0,
        "min": 0,
        "stdev": 0.0392987206578,
        "var": 0.00154438940808
    },
    "spectral_centroid": {
        "dmean": 271.861755371,
        "dmean2": 405.081298828,
        "dvar": 193404.15625,
        "dvar2": 289659.5,
        "max": 10794.4785156,
        "mean": 1449.47912598,
        "median": 1355.61572266,
        "min": 415.601928711,
        "stdev": 608.35949707,
        "var": 370101.3125
    },
    "spectral_complexity": {
        "dmean": 3.97523212433,
        "dmean2": 6.30441522598,
        "dvar": 13.0426998138,
        "dvar2": 30.5370445251,
        "max": 49,
        "mean": 25.4748649597,
        "median": 25,
        "min": 0,
        "stdev": 5.83641433716,
        "var": 34.0637321472
    },
    "spectral_decrease": {
        "dmean": 3.42001049702e-09,
        "dmean2": 5.3395656785e-09,
        "dvar": 1.69407168477e-17,
        "dvar2": 3.58553480261e-17,
        "max": -6.09491706892e-29,
        "mean": -1.07437339025e-08,
        "median": -9.65708935041e-09,
        "min": -4.28767705785e-08,
        "stdev": 5.38221556212e-09,
        "var": 2.89682455547e-17
    },
    "spectral_energy": {
        "dmean": 0.0133237112314,
        "dmean2": 0.020856462419,
        "dvar": 0.000242530033574,
        "dvar2": 0.00051402207464,
        "max": 0.163056820631,
        "mean": 0.044095300138,
        "median": 0.0400893315673,
        "min": 1.09328178833e-20,
        "stdev": 0.0204854477197,
        "var": 0.000419653544668
    },
    "spectral_energyband_high": {
        "dmean": 0.00099562399555,
        "dmean2": 0.00153391831554,
        "dvar": 1.00580409708e-05,
        "dvar2": 1.80658280442e-05,
        "max": 0.0339422821999,
        "mean": 0.00160668266471,
        "median": 0.000628436799161,
        "min": 7.68734647721e-21,
        "stdev": 0.0041422592476,
        "var": 1.71583105839e-05
    },
    "spectral_energyband_low": {
        "dmean": 0.00897609721869,
        "dmean2": 0.0142066879198,
        "dvar": 0.000202604394872,
        "dvar2": 0.00043881041347,
        "max": 0.159542441368,
        "mean": 0.0159239880741,
        "median": 0.00991869904101,
        "min": 6.55008438327e-23,
        "stdev": 0.017286464572,
        "var": 0.000298821832985
    },
    "spectral_energyband_middle_high": {
        "dmean": 0.0039923498407,
        "dmean2": 0.00600300449878,
        "dvar": 1.77904512384e-05,
        "dvar2": 3.6380457459e-05,
        "max": 0.0587314628065,
        "mean": 0.0134270647541,
        "median": 0.0107719469815,
        "min": 1.77243015039e-21,
        "stdev": 0.00995106995106,
        "var": 9.90237967926e-05
    },
    "spectral_energyband_middle_low": {
        "dmean": 0.00714397197589,
        "dmean2": 0.0117697333917,
        "dvar": 9.9739896541e-05,
        "dvar2": 0.000243863119977,
        "max": 0.089502222836,
        "mean": 0.0148549871519,
        "median": 0.010886952281,
        "min": 2.85559418293e-22,
        "stdev": 0.0120639633387,
        "var": 0.000145539204823
    },
    "spectral_entropy": {
        "dmean": 0.136096790433,
        "dmean2": 0.202354252338,
        "dvar": 0.0236287619919,
        "dvar2": 0.0402657538652,
        "max": 9.8013343811,
        "mean": 7.74338769913,
        "median": 7.71635770798,
        "min": 7.08305883408,
        "stdev": 0.291393250227,
        "var": 0.0849100276828
    },
    "spectral_flux": {
        "dmean": 0.0339515805244,
        "dmean2": 0.054200027138,
        "dvar": 0.00102141080424,
        "dvar2": 0.00217226659879,
        "max": 0.304378598928,
        "mean": 0.124442353845,
        "median": 0.11681778729,
        "min": 1.04560117509e-10,
        "stdev": 0.0468626916409,
        "var": 0.00219611194916
    },
    "spectral_kurtosis": {
        "dmean": 1.10361301899,
        "dmean2": 1.80331838131,
        "dvar": 1.02185678482,
        "dvar2": 2.4740357399,
        "max": 11.1813058853,
        "mean": 4.68000650406,
        "median": 4.82265520096,
        "min": -1.35642242432,
        "stdev": 1.84020340443,
        "var": 3.38634872437
    },
    "spectral_rms": {
        "dmean": 0.000962213205639,
        "dmean2": 0.00148504064418,
        "dvar": 1.00980162188e-06,
        "dvar2": 2.04563889383e-06,
        "max": 0.0126126846299,
        "mean": 0.00639366777614,
        "median": 0.00625392235816,
        "min": 3.26590924443e-12,
        "stdev": 0.00146316643804,
        "var": 2.14085594052e-06
    },
    "spectral_rolloff": {
        "dmean": 611.264404297,
        "dmean2": 1020.45178223,
        "dvar": 2333664.75,
        "dvar2": 4575573.5,
        "max": 18884.6191406,
        "mean": 1643.45092773,
        "median": 1270.45898438,
        "min": 64.599609375,
        "stdev": 1866.73535156,
        "var": 3484701
    },
    "spectral_skewness": {
        "dmean": 0.185707315803,
        "dmean2": 0.291260659695,
        "dvar": 0.0390447303653,
        "dvar2": 0.0747781246901,
        "max": 2.55422997475,
        "mean": 1.67987644672,
        "median": 1.7283192873,
        "min": 0.0139252180234,
        "stdev": 0.351408034563,
        "var": 0.123487606645
    },
    "spectral_spread": {
        "dmean": 603480.125,
        "dmean2": 838782.625,
        "dvar": 1.26636903629e+12,
        "dvar2": 1.55014135808e+12,
        "max": 40939792,
        "mean": 4884688.5,
        "median": 4465761.5,
        "min": 2958705.25,
        "stdev": 1936177.75,
        "var": 3.74878450483e+12
    },
    "spectral_strongpeak": {
        "dmean": 0.986393034458,
        "dmean2": 1.66831922531,
        "dvar": 1.90699112415,
        "dvar2": 4.65569067001,
        "max": 12.2816553116,
        "mean": 1.6599406004,
        "median": 0.51236307621,
        "min": 0,
        "stdev": 1.9973449707,
        "var": 3.98938703537
    },
    "zerocrossingrate": {
        "dmean": 0.0138544132933,
        "dmean2": 0.0157774221152,
        "dvar": 0.000732148007955,
        "dvar2": 0.000769522623159,
        "max": 0.48974609375,
        "mean": 0.0664931088686,
        "median": 0.05615234375,
        "min": 0.0078125,
        "stdev": 0.0474909953773,
        "var": 0.00225539458916
    },
    "barkbands": {
        "dmean": [0.000576909980737, 0.00761662470177, 0.00179649633355, 0.00138811441138, 0.00229481561109, 0.00204490614124, 0.00136193668004, 0.00148984673433, 0.00173739599995, 0.00198332802393, 0.00146815809421, 0.00117501430213, 0.000822844798677, 0.00103509356268, 0.000510914425831, 0.00031797826523, 0.000284456677036, 0.00023360758496, 0.000202013499802, 0.000149663042976, 0.000108161279059, 0.000129023785121, 0.00020905159181, 0.000323345942888, 0.00022937959875, 0.000111614033813, 1.19610667753e-05],
        "dmean2": [0.000943322316743, 0.0121100405231, 0.00293895881623, 0.00237130420282, 0.0038966583088, 0.00351996161044, 0.00231387955137, 0.00230535957962, 0.00271737063304, 0.00306398095563, 0.00228536128998, 0.00183293910231, 0.00128748023417, 0.00168542913161, 0.000833531550597, 0.000507900374942, 0.000453781744, 0.000377175223548, 0.000327819027007, 0.000245475268457, 0.000181400755537, 0.000204926443985, 0.000309228053084, 0.000490833597723, 0.000348747154931, 0.000174641943886, 1.81301820703e-05],
        "dvar": [1.11049484985e-06, 0.00017781140923, 6.62857655698e-06, 6.21554590907e-06, 2.51283581747e-05, 2.93193097605e-05, 9.40808695304e-06, 1.09938455353e-05, 1.02038311525e-05, 1.03399042928e-05, 7.06496848579e-06, 5.19988361702e-06, 2.11861492971e-06, 3.25600854012e-06, 8.2443222027e-07, 4.21817048846e-07, 1.95560375005e-07, 1.82043280006e-07, 6.12077855067e-08, 3.51644082741e-08, 3.76299951199e-08, 9.76501510763e-08, 6.35035235064e-07, 1.83947383903e-06, 1.15028262826e-06, 2.23257146104e-07, 5.15092413167e-09],
        "dvar2": [2.60715910372e-06, 0.000404779770179, 1.67082307598e-05, 1.67416546901e-05, 6.51372029097e-05, 7.77472087066e-05, 2.41488596657e-05, 2.42214500759e-05, 2.40688314079e-05, 2.34101426031e-05, 1.53791206685e-05, 1.00117540569e-05, 4.59234252048e-06, 7.34907371225e-06, 2.05513515539e-06, 1.03365573523e-06, 5.03010312514e-07, 4.80150220028e-07, 1.53484194243e-07, 9.29502519398e-08, 9.52730800918e-08, 1.92125028775e-07, 1.31370700274e-06, 3.97211033487e-06, 2.30092518905e-06, 5.14634336923e-07, 1.04976889403e-08],
        "max": [0.0157304666936, 0.150462523103, 0.0263711065054, 0.0331183075905, 0.0612683556974, 0.0784893482924, 0.0299647059292, 0.0524395518005, 0.0466412529349, 0.0499441549182, 0.0403894558549, 0.0496720969677, 0.016910398379, 0.0306053999811, 0.0106112482026, 0.0135366041213, 0.00505240494385, 0.00896651018411, 0.00328862294555, 0.00223228265531, 0.00304686208256, 0.00629671802744, 0.0144865997136, 0.0186331477016, 0.0228192992508, 0.00720693869516, 0.00207059131935],
        "mean": [0.000795904838014, 0.0109226852655, 0.00315814488567, 0.00201568030752, 0.00278573203832, 0.00210405071266, 0.00146341917571, 0.00218740222044, 0.00292602274567, 0.00318163563497, 0.0028004348278, 0.00232225563377, 0.00118848762941, 0.00181279855315, 0.000788991805166, 0.000536923471373, 0.000494096020702, 0.000420321681304, 0.000421610631747, 0.000297627557302, 0.000179968235898, 0.000219785331865, 0.000272801815299, 0.000365580868674, 0.000277803861536, 0.000142323377077, 1.28448573378e-05],
        "median": [0.000213683466427, 0.00524534843862, 0.00237663113512, 0.00124670320656, 0.00145695311949, 0.000828545424156, 0.000504571478814, 0.000769260106608, 0.00121576467063, 0.00164091715124, 0.000767120451201, 0.000774916668888, 0.000488100515213, 0.000900462968275, 0.000455408531707, 0.00028757166001, 0.000282711000182, 0.0003114574356, 0.000322120671626, 0.000222935836064, 0.000114159978693, 0.000116411516501, 8.18240805529e-05, 5.38522617717e-05, 5.60912558285e-05, 4.48625505669e-05, 3.86983856515e-06],
        "min": [8.9035346159e-24, 2.38220373931e-23, 3.14996766402e-23, 1.00163033865e-23, 1.78206802379e-23, 1.96372154879e-23, 2.45367879717e-23, 7.93809271907e-23, 8.27373662594e-23, 7.33429227133e-23, 9.54882488741e-23, 1.01239240511e-22, 1.76351685519e-22, 1.46322527648e-22, 2.01240600489e-22, 2.65639683316e-22, 8.82214641636e-23, 2.46353813854e-22, 2.49155090482e-22, 3.59598217299e-22, 4.86606766793e-22, 5.37510686207e-22, 7.48420689289e-22, 7.15226886523e-22, 1.55816512819e-21, 1.4489836487e-21, 2.3812754709e-21],
        "stdev": [0.00159496359993, 0.0151525735855, 0.0029923368711, 0.00261412165128, 0.00476674316451, 0.0049997549504, 0.00305943749845, 0.00461665308103, 0.00504649849609, 0.00484916521236, 0.00563504453748, 0.00478188181296, 0.00191181397531, 0.00262205605395, 0.00105025316589, 0.000808320997749, 0.000589015486185, 0.000455950008472, 0.000362886552466, 0.000239176253672, 0.000223303301027, 0.00042089886847, 0.000992326298729, 0.0015276693739, 0.00131408148445, 0.000515748106409, 8.05116433185e-05],
        "var": [2.5439089768e-06, 0.000229600496823, 8.95407993085e-06, 6.83363168719e-06, 2.27218388318e-05, 2.49975510087e-05, 9.36015840125e-06, 2.13134844671e-05, 2.54671449511e-05, 2.35144034377e-05, 3.17537269439e-05, 2.28663957387e-05, 3.65503274224e-06, 6.87517831466e-06, 1.10303176371e-06, 6.53382812743e-07, 3.46939231122e-07, 2.07890423098e-07, 1.31686647364e-07, 5.72052769598e-08, 4.98643615288e-08, 1.77155868641e-07, 9.84711391538e-07, 2.33377386394e-06, 1.72681018284e-06, 2.6599613534e-07, 6.48212417076e-09]
    },
    "erbbands": {
        "dmean": [0.313832491636, 1.48621809483, 2.14189767838, 3.30641269684, 7.10797071457, 7.41619634628, 10.9706573486, 18.857301712, 20.2093391418, 19.962808609, 37.3408889771, 36.9834899902, 58.5460891724, 57.8981704712, 46.31590271, 43.4962730408, 33.3157730103, 47.8206710815, 34.4421272278, 19.160282135, 16.3381195068, 12.9412460327, 11.8236703873, 12.1078767776, 8.52533054352, 6.61154508591, 4.68895149231, 4.14468383789, 4.57200956345, 4.72517967224, 6.40168142319, 6.96602678299, 4.86157512665, 2.91083526611, 1.44452643394, 0.636431574821, 0.177582159638, 0.0379921607673, 0.00117733050138, 3.95893366658e-05],
        "dmean2": [0.509834229946, 2.38902688026, 3.52641868591, 5.37981414795, 12.2877788544, 12.7041835785, 18.610918045, 33.0630073547, 34.2376251221, 32.7426185608, 58.2452850342, 56.6867790222, 89.0623626709, 90.3158340454, 67.6990585327, 67.1078033447, 51.4727630615, 75.1380386353, 54.854133606, 30.7968292236, 25.5975627899, 20.8150081635, 19.176399231, 20.0775585175, 13.7507820129, 10.7840204239, 7.96774101257, 6.76793146133, 7.36829042435, 7.34819173813, 9.57839393616, 10.547334671, 7.21534919739, 4.55412006378, 2.14307236671, 1.02591621876, 0.283366411924, 0.0584266707301, 0.00177099264693, 5.96527424932e-05],
        "dvar": [0.320453673601, 6.82629966736, 11.0816707611, 24.9926681519, 224.938156128, 320.614501953, 630.905761719, 3526.78027344, 2303.04272461, 1964.87670898, 6440.33251953, 4735.96240234, 10819.78125, 13033.7988281, 6488.52929688, 5446.61621094, 3757.58007812, 6147.44970703, 3726.36376953, 975.279785156, 841.650512695, 480.68170166, 346.144989014, 316.626586914, 110.30821991, 65.2076339722, 45.4306030273, 81.0599060059, 113.625312805, 193.039505005, 646.318603516, 897.78338623, 381.424682617, 180.667129517, 49.6169929504, 9.55865097046, 0.489484459162, 0.0374981686473, 4.45613841293e-05, 1.79702919212e-08],
        "dvar2": [0.787566065788, 15.9061956406, 27.9332370758, 67.789680481, 592.595947266, 857.61907959, 1609.17297363, 9624.1875, 5822.20507812, 5045.25927734, 14212.9882812, 10298.3261719, 23503.8515625, 31773.2617188, 12287.7070312, 10766.375, 7912.88085938, 12919.2724609, 9062.02441406, 2562.30297852, 2068.23925781, 1233.49780273, 846.259277344, 832.698791504, 271.889404297, 170.592788696, 122.249794006, 196.632263184, 236.389953613, 361.789978027, 1349.45678711, 1793.2857666, 794.064575195, 370.101257324, 93.9795379639, 23.8693351746, 1.03191030025, 0.080198071897, 8.82696404005e-05, 3.54788056711e-08],
        "max": [5.36067199707, 29.2088928223, 39.0145454407, 63.3847084045, 146.878585815, 230.556365967, 415.428253174, 984.311218262, 523.028747559, 581.025024414, 1108.40319824, 1154.35131836, 1884.08520508, 1804.59289551, 1246.12438965, 1273.66784668, 924.328796387, 1316.79418945, 875.59552002, 501.875335693, 538.26550293, 316.835998535, 277.804595947, 315.182556152, 178.147140503, 91.0518417358, 83.6906661987, 151.990631104, 218.92829895, 256.637054443, 457.620239258, 429.897216797, 224.616241455, 253.02394104, 166.407241821, 57.5472717285, 13.2596912384, 5.52399778366, 0.191073045135, 0.00355560565367],
        "mean": [0.376713782549, 2.18070650101, 3.73776626587, 5.78137636185, 8.74182891846, 8.35852336884, 11.8197813034, 18.388841629, 22.5187568665, 25.1936702728, 58.2951393127, 67.9100494385, 99.5905761719, 100.410186768, 107.71005249, 86.3396987915, 57.168056488, 91.2053070068, 58.7870559692, 35.3280143738, 30.8094902039, 24.8246116638, 23.1624469757, 24.670129776, 17.9846115112, 13.7452812195, 8.74174022675, 6.74786281586, 7.60540914536, 7.51680040359, 8.18748855591, 8.2531452179, 5.50531959534, 3.36055326462, 1.80475986004, 0.746052384377, 0.237076744437, 0.0473634302616, 0.00141879217699, 9.0384754003e-05],
        "median": [0.139623269439, 1.15243625641, 2.82377815247, 4.41370677948, 4.75850486755, 4.2364282608, 5.18985939026, 6.39405822754, 7.49843931198, 11.4101381302, 20.8385505676, 28.0965995789, 53.1518821716, 46.7627601624, 34.3534240723, 39.8958625793, 29.712594986, 51.5409049988, 34.3785552979, 24.2988872528, 19.364358902, 15.8461284637, 16.6905326843, 18.0057544708, 14.3546695709, 10.2750291824, 6.58925580978, 3.91705822945, 3.97486639023, 3.34069013596, 2.25388216972, 1.29827094078, 0.83105379343, 0.59215337038, 0.416023999453, 0.195785194635, 0.0853749215603, 0.0177312064916, 0.000461597752292, 6.22491788818e-05],
        "min": [1.13905193729e-21, 3.67040555746e-21, 2.71261829607e-20, 4.85017933782e-20, 2.9684794767e-20, 4.8864589625e-20, 1.40832423597e-19, 1.53640824244e-19, 3.05111695247e-19, 1.22778594097e-18, 1.1914719883e-18, 1.56009065602e-18, 3.54347548087e-18, 1.44891520355e-18, 4.90440555062e-18, 4.68591861311e-18, 7.61429845459e-18, 8.52174867378e-18, 9.42243586429e-18, 1.35654154572e-17, 1.1141664593e-17, 6.22119891723e-18, 1.36475644182e-17, 9.97490648669e-18, 1.51564568336e-17, 1.81700147715e-17, 2.02870214219e-17, 1.78227478067e-17, 1.67890929871e-17, 2.42933532591e-17, 2.0153747736e-17, 1.41175163299e-17, 1.31506034052e-17, 1.81894750226e-17, 1.08333991941e-17, 5.49095022399e-18, 2.81030270417e-18, 1.16763729593e-18, 3.05794429445e-19, 3.43567593343e-20],
        "stdev": [0.614115715027, 2.91470313072, 3.63403224945, 5.59890699387, 14.0611000061, 16.3585548401, 23.5524482727, 52.5108795166, 49.1614456177, 48.8364143372, 115.93687439, 127.8176651, 156.385986328, 164.167709351, 193.309341431, 136.665512085, 84.2911529541, 122.66708374, 76.3847808838, 37.7727470398, 37.0746421814, 28.5163021088, 23.3197212219, 22.9597663879, 14.960606575, 10.7372770309, 7.74093484879, 10.3968515396, 14.1184101105, 18.3418369293, 31.3547878265, 35.8339004517, 22.2181053162, 15.4877004623, 9.10069656372, 3.19234108925, 0.792099297047, 0.212636694312, 0.0077336654067, 0.000161141360877],
        "var": [0.377138108015, 8.49549388885, 13.2061910629, 31.3477611542, 197.714538574, 267.602294922, 554.717834473, 2757.39257812, 2416.84790039, 2384.99536133, 13441.3583984, 16337.3554688, 24456.5761719, 26951.0371094, 37368.5, 18677.4609375, 7104.99853516, 15047.2128906, 5834.63427734, 1426.78051758, 1374.5291748, 813.179504395, 543.809387207, 527.150878906, 223.819747925, 115.289115906, 59.9220695496, 108.094512939, 199.329498291, 336.422973633, 983.122680664, 1284.06835938, 493.644195557, 239.868865967, 82.8226776123, 10.1910409927, 0.62742125988, 0.0452143624425, 5.98095793976e-05, 2.59665391411e-08]
    },
    "gfcc": {
        "mean": [60.601978302, 79.6879806519, -114.101287842, 20.38788414, -47.4090995789, 26.355966568, -26.710931778, 17.5342235565, -26.3542938232, 7.09982252121, -20.0453281403, 3.72724175453, -15.7158546448],
        "cov": [[2436.49951172, -143.021881104, -128.888198853, 69.3890686035, -165.715530396, 26.2667064667, -132.876205444, 13.2625684738, -12.3111143112, 22.8672466278, -7.59015417099, 28.0519180298, -5.39774656296], [-143.021881104, 570.969787598, -157.770095825, -16.7468223572, 129.301330566, -72.8355484009, 90.5345306396, -5.82337665558, 3.38443756104, -21.5432071686, 4.86375045776, -23.2977085114, -12.7669086456], [-128.888198853, -157.770095825, 509.286132812, 113.18497467, -22.5344753265, 4.56062316895, -56.6270904541, 14.2059831619, -10.514840126, 9.82481765747, -37.6400375366, -6.56689834595, -5.31802082062], [69.3890686035, -16.7468223572, 113.18497467, 185.593795776, 7.53613901138, 9.51602745056, -34.7234649658, -9.97647571564, 19.3152065277, -6.77264595032, -9.1401424408, -11.0152759552, 7.90987873077], [-165.715530396, 129.301330566, -22.5344753265, 7.53613901138, 192.038223267, 30.5579471588, 86.8506240845, 27.0647678375, -18.6136054993, -6.68018341064, 1.24568998814, 3.50000691414, -10.5341396332], [26.2667064667, -72.8355484009, 4.56062316895, 9.51602745056, 30.5579471588, 142.81022644, 61.097202301, -5.6410112381, -28.3154563904, -18.0421791077, 21.4555130005, -0.390961050987, 4.2459487915], [-132.876205444, 90.5345306396, -56.6270904541, -34.7234649658, 86.8506240845, 61.097202301, 161.944000244, 52.6099624634, -19.1827831268, -19.496635437, 11.3116884232, -9.14760875702, -14.6008853912], [13.2625684738, -5.82337665558, 14.2059831619, -9.97647571564, 27.0647678375, -5.6410112381, 52.6099624634, 105.167388916, 39.4267272949, 4.08927822113, -15.4736194611, -16.4528083801, -7.78374147415], [-12.3111143112, 3.38443756104, -10.514840126, 19.3152065277, -18.6136054993, -28.3154563904, -19.1827831268, 39.4267272949, 115.485961914, 35.6702957153, -9.44886016846, -5.23831319809, 2.78267431259], [22.8672466278, -21.5432071686, 9.82481765747, -6.77264595032, -6.68018341064, -18.0421791077, -19.496635437, 4.08927822113, 35.6702957153, 55.5036354065, 19.6487827301, 11.1237773895, -3.71237444878], [-7.59015417099, 4.86375045776, -37.6400375366, -9.1401424408, 1.24568998814, 21.4555130005, 11.3116884232, -15.4736194611, -9.44886016846, 19.6487827301, 65.7765884399, 28.0546760559, 5.20581102371], [28.0519180298, -23.2977085114, -6.56689834595, -11.0152759552, 3.50000691414, -0.390961050987, -9.14760875702, -16.4528083801, -5.23831319809, 11.1237773895, 28.0546760559, 63.0758590698, 24.7316799164], [-5.39774656296, -12.7669086456, -5.31802082062, 7.90987873077, -10.5341396332, 4.2459487915, -14.6008853912, -7.78374147415, 2.78267431259, -3.71237444878, 5.20581102371, 24.7316799164, 50.0328674316]],
        "icov": [[0.000600158353336, -0.000300184823573, 0.000504813855514, -0.000631264527328, 0.000824986374937, -0.000999670475721, 0.000996498274617, -0.0013164015254, 0.00106731394771, -0.00106691312976, 0.00103907252196, -0.00119770329911, 0.00083154218737], [-0.000300184823573, 0.00367775605991, 0.00010973137978, 0.000308275892166, -0.00270626717247, 0.00437869364396, -0.00322196725756, 0.00352504872717, -0.00220640329644, 0.00288114859723, -0.00263873743825, 0.00323925958946, -0.00145438383333], [0.000504813855514, 0.00010973137978, 0.00330064655282, -0.00243689632043, 0.000974126916844, -0.0012976397993, 0.00150339724496, -0.00245594209991, 0.00277106906287, -0.00306689064018, 0.00321144773625, -0.00197728700005, 0.00145198707469], [-0.000631264527328, 0.000308275892166, -0.00243689632043, 0.00834459718317, -0.00268326187506, 0.000443794269813, 0.000895439414307, 0.00286374776624, -0.00439575826749, 0.0048608565703, -0.00345636578277, 0.00389141356573, -0.00242224615067], [0.000824986374937, -0.00270626717247, 0.000974126916844, -0.00268326187506, 0.0102080730721, -0.00392189482227, -0.00121583871078, -0.00420902995393, 0.00436150794849, -0.00533652305603, 0.00525477854535, -0.00584995560348, 0.00310504343361], [-0.000999670475721, 0.00437869364396, -0.0012976397993, 0.000443794269813, -0.00392189482227, 0.0159857142717, -0.00912546273321, 0.00765414629132, -0.00359478709288, 0.00679355720058, -0.008011569269, 0.00691739562899, -0.00473496410996], [0.000996498274617, -0.00322196725756, 0.00150339724496, 0.000895439414307, -0.00121583871078, -0.00912546273321, 0.0181345082819, -0.0114433085546, 0.00424808822572, 0.000525748357177, -2.84917746285e-06, -0.00326598878019, 0.00475131813437], [-0.0013164015254, 0.00352504872717, -0.00245594209991, 0.00286374776624, -0.00420902995393, 0.00765414629132, -0.0114433085546, 0.0219035614282, -0.0104145938531, 0.00488899415359, -0.00251116021536, 0.00737173389643, -0.00386456376873], [0.00106731394771, -0.00220640329644, 0.00277106906287, -0.00439575826749, 0.00436150794849, -0.00359478709288, 0.00424808822572, -0.0104145938531, 0.0190325211734, -0.0150236589834, 0.0078480867669, -0.00342926988378, 8.97250793059e-05], [-0.00106691312976, 0.00288114859723, -0.00306689064018, 0.0048608565703, -0.00533652305603, 0.00679355720058, 0.000525748357177, 0.00488899415359, -0.0150236589834, 0.0375348962843, -0.0170615836978, 0.00230461638421, 0.00299619114958], [0.00103907252196, -0.00263873743825, 0.00321144773625, -0.00345636578277, 0.00525477854535, -0.008011569269, -2.84917746285e-06, -0.00251116021536, 0.0078480867669, -0.0170615836978, 0.0307966265827, -0.0142531050369, 0.00385997700505], [-0.00119770329911, 0.00323925958946, -0.00197728700005, 0.00389141356573, -0.00584995560348, 0.00691739562899, -0.00326598878019, 0.00737173389643, -0.00342926988378, 0.00230461638421, -0.0142531050369, 0.0316127426922, -0.0155347147956], [0.00083154218737, -0.00145438383333, 0.00145198707469, -0.00242224615067, 0.00310504343361, -0.00473496410996, 0.00475131813437, -0.00386456376873, 8.97250793059e-05, 0.00299619114958, 0.00385997700505, -0.0155347147956, 0.0295782871544]]
    },
    "melbands": {
        "dmean": [0.00238680816256, 0.00126884935889, 0.000635900127236, 0.000520168978255, 0.000356144882971, 0.000407799845561, 0.000298432074487, 0.000230021541938, 0.000319781742292, 0.000239113229327, 0.000298687256873, 0.000239282890107, 0.000173120934051, 0.00013285712339, 0.000103451995528, 7.91032798588e-05, 0.000100088436739, 6.58611825202e-05, 3.46950655512e-05, 2.62809608103e-05, 1.98609559448e-05, 1.61225452757e-05, 1.13075329864e-05, 1.21391176435e-05, 1.08736448965e-05, 7.22183403923e-06, 6.00915473115e-06, 4.48327045888e-06, 3.33691718879e-06, 2.58065529124e-06, 2.57866577158e-06, 2.52950621871e-06, 2.89884201266e-06, 2.66189363174e-06, 3.68675500795e-06, 4.08213327319e-06, 4.7458120207e-06, 3.88623220715e-06, 2.76913033304e-06, 2.32676529777e-06],
        "dmean2": [0.00379587896168, 0.00206244830042, 0.00106370029971, 0.000887399131898, 0.000604772474617, 0.000713150249794, 0.000507628079504, 0.000369439570932, 0.000503464369103, 0.000365845306078, 0.000453440181445, 0.000374945084332, 0.000259602005826, 0.000199570597033, 0.00015816699306, 0.000121282108012, 0.000160232957569, 0.000105657149106, 5.62415698369e-05, 4.21622607973e-05, 3.14887729473e-05, 2.59539119725e-05, 1.83171905519e-05, 1.9667102606e-05, 1.79124381248e-05, 1.1802832887e-05, 9.82630353974e-06, 7.34913010092e-06, 5.6644948927e-06, 4.38845290773e-06, 4.19766183768e-06, 4.15573140344e-06, 4.65724224341e-06, 4.172115041e-06, 5.59206409889e-06, 6.17148452875e-06, 7.19868648957e-06, 5.92100968788e-06, 4.06607023251e-06, 3.76892035092e-06],
        "dvar": [1.79551625479e-05, 3.84353370464e-06, 1.112830887e-06, 1.32987850066e-06, 6.39132338165e-07, 1.45020885611e-06, 4.68272929766e-07, 2.69852080237e-07, 4.3961753704e-07, 1.98801060947e-07, 2.7360371746e-07, 2.11189899346e-07, 9.41220150708e-08, 7.93718442083e-08, 4.18634833466e-08, 2.02417709261e-08, 2.99177251861e-08, 1.53195589547e-08, 3.66980801303e-09, 3.12386583268e-09, 1.10792208741e-09, 7.5069994665e-10, 2.90924534463e-10, 7.00025981626e-10, 2.30147415015e-10, 9.14297318411e-11, 6.14362311024e-11, 3.19042431363e-11, 2.07139409791e-11, 2.12772664071e-11, 3.37899916381e-11, 3.0899491299e-11, 6.17208575915e-11, 6.4171959413e-11, 2.08680614455e-10, 3.18045451086e-10, 4.6117390462e-10, 2.70795802448e-10, 1.44175657524e-10, 1.24054017059e-10],
        "dvar2": [4.2180166929e-05, 9.14370048122e-06, 2.95592576549e-06, 3.51707626578e-06, 1.61053208103e-06, 3.90556351704e-06, 1.17996387416e-06, 6.57362704715e-07, 9.9448209312e-07, 4.27997633778e-07, 5.91817979512e-07, 5.02663056068e-07, 1.84772474654e-07, 1.42234483747e-07, 9.09900990109e-08, 4.55029329771e-08, 6.41925694822e-08, 3.66051047251e-08, 9.23766574346e-09, 7.83266429494e-09, 2.7323947549e-09, 1.89343096757e-09, 7.11317393876e-10, 1.85256854301e-09, 6.05920091878e-10, 2.27116034313e-10, 1.50738907467e-10, 8.22137219414e-11, 5.60571172814e-11, 5.49637765856e-11, 8.20866638551e-11, 6.70896810329e-11, 1.24259796896e-10, 1.23853538536e-10, 4.54009968509e-10, 6.62778831817e-10, 9.85868275905e-10, 6.14050255088e-10, 2.88309098817e-10, 2.57827703631e-10],
        "max": [0.0454296916723, 0.0202025454491, 0.0108740339056, 0.0132235623896, 0.0118330130354, 0.0189671162516, 0.00687689008191, 0.00818232446909, 0.00848749745637, 0.00733689591289, 0.00951147265732, 0.00776267563924, 0.00591374654323, 0.00663764635101, 0.00306189619005, 0.00156405707821, 0.00301224947907, 0.00216169469059, 0.000681392441038, 0.00108151312452, 0.000424465426477, 0.000409320899053, 0.000254225713434, 0.00055909488583, 0.000219353125431, 0.000125177713926, 0.000103269077954, 6.57941127429e-05, 5.2545361541e-05, 6.99267402524e-05, 0.000103866274003, 0.000112291920232, 0.000155024696141, 0.000135826572659, 0.00024572678376, 0.00028872207622, 0.000348963629222, 0.000200255584787, 0.000265482580289, 0.000226677162573],
        "mean": [0.0032114086207, 0.00225205882452, 0.0010819270974, 0.000622828491032, 0.000397188297939, 0.000416225142544, 0.000332303665346, 0.000297782913549, 0.000493125524372, 0.000430423591752, 0.000490920152515, 0.000394864444388, 0.000381523510441, 0.000279965606751, 0.000160454088473, 0.000121190336358, 0.000179607741302, 0.000102008241811, 5.47449490114e-05, 4.34955109085e-05, 3.47478235199e-05, 2.77683575405e-05, 2.03193285415e-05, 2.05416163226e-05, 2.0227404093e-05, 1.39484818646e-05, 1.14452050184e-05, 8.56156748341e-06, 5.89363571635e-06, 4.10248685512e-06, 3.91472440242e-06, 4.2149104047e-06, 4.42409873358e-06, 4.04404363508e-06, 4.68579355584e-06, 4.83333133161e-06, 5.23090420756e-06, 4.12451663578e-06, 3.15205261359e-06, 2.6561544928e-06],
        "median": [0.00136861624196, 0.00160984019749, 0.000788693141658, 0.000325488887029, 0.000187445271877, 0.000151137603098, 0.000115231676318, 0.000125667676912, 0.000175313558429, 0.00017282780027, 0.000254588929238, 0.000178203641553, 0.000105785737105, 8.78884602571e-05, 7.35015055398e-05, 5.30235774931e-05, 9.26865322981e-05, 4.94535088365e-05, 3.16518708132e-05, 2.45760347752e-05, 2.03596118808e-05, 1.58212587849e-05, 1.33676830956e-05, 1.37571232699e-05, 1.36254666359e-05, 1.04308273876e-05, 8.73273074831e-06, 6.15979479335e-06, 4.29898545917e-06, 2.44990451392e-06, 2.12442478187e-06, 2.23590700443e-06, 2.09664062822e-06, 1.68483450125e-06, 1.37674749112e-06, 9.47507430737e-07, 6.95881510637e-07, 5.67072902413e-07, 5.30531622189e-07, 4.72337433166e-07],
        "min": [7.20673504068e-24, 1.11958042677e-23, 7.31868150288e-24, 2.53621857586e-24, 4.55517513971e-24, 3.72947719123e-24, 4.67511631275e-24, 1.5616487695e-23, 8.50066177388e-24, 1.18487933483e-23, 1.72237239473e-23, 4.46408694871e-24, 1.39938812768e-23, 1.35164468797e-23, 1.42103667973e-23, 1.69241540186e-23, 1.54731074923e-23, 1.24429444495e-23, 1.96238442955e-23, 1.74968039269e-23, 1.12305630569e-23, 4.90855524297e-24, 1.02622678502e-23, 1.22759654728e-23, 6.93693198932e-24, 1.1503538118e-23, 1.08393314353e-23, 1.23465937674e-23, 1.2284806237e-23, 1.15138674627e-23, 1.02498330357e-23, 8.37268565809e-24, 1.13458590225e-23, 1.47524136356e-23, 1.10962216225e-23, 1.03565067517e-23, 7.87399777052e-24, 8.60132279197e-24, 1.02672897387e-23, 1.75516786692e-23],
        "stdev": [0.00474382657558, 0.00223653274588, 0.00110555964056, 0.00107141863555, 0.000763513206039, 0.00108751317021, 0.000702404417098, 0.000622342806309, 0.000968246953562, 0.00082103832392, 0.000785213662311, 0.000667152635287, 0.000776465632953, 0.000636885175481, 0.000274092657492, 0.000184679840459, 0.000265619106358, 0.000155442248797, 7.18413139111e-05, 6.7447181209e-05, 4.26652113674e-05, 3.50836489815e-05, 2.22609378397e-05, 2.66923416348e-05, 2.01780258067e-05, 1.27972771224e-05, 1.03570528154e-05, 7.41829353501e-06, 5.22277332493e-06, 5.14987141287e-06, 6.72130227031e-06, 7.35130743124e-06, 9.92170316749e-06, 1.04022228697e-05, 1.73949774762e-05, 2.13586226891e-05, 2.40447097895e-05, 1.74219858309e-05, 1.3830062926e-05, 1.27919665829e-05],
        "var": [2.25038893404e-05, 5.00207897858e-06, 1.22226208532e-06, 1.14793795092e-06, 5.82952452532e-07, 1.18268496863e-06, 4.93371999255e-07, 3.87310592487e-07, 9.37502136367e-07, 6.74103887377e-07, 6.16560498656e-07, 4.4509260988e-07, 6.02898865054e-07, 4.05622756716e-07, 7.51267918986e-08, 3.41066446197e-08, 7.05535043721e-08, 2.41622934993e-08, 5.16117459881e-09, 4.5491224121e-09, 1.82032022789e-09, 1.23086252302e-09, 4.95549379309e-10, 7.12481074139e-10, 4.07152700443e-10, 1.63770302875e-10, 1.07268541272e-10, 5.50310803871e-11, 2.72773591908e-11, 2.65211776151e-11, 4.51759046838e-11, 5.40417224859e-11, 9.84401865578e-11, 1.08206242577e-10, 3.02585234646e-10, 4.56190779596e-10, 5.78148084962e-10, 3.03525593548e-10, 1.91270652095e-10, 1.63634397699e-10]
    },
    "melbands128": {
