{
"lowlevel": {
    "average_loudness": 0.97452133894,
    "barkbands_crest": {
        "dmean": 2.93015694618,
        "dmean2": 4.57711410522,
        "dvar": 7.37344074249,
        "dvar2": 15.9343261719,
        "max": 25.964849472,
        "mean": 11.338763237,
        "median": 10.2984275818,
        "min": 3.19215559959,
        "stdev": 4.74069929123,
        "var": 22.4742298126
    },
    "barkbands_flatness_db": {
        "dmean": 0.024173527956,
        "dmean2": 0.0343117788434,
        "dvar": 0.000565366412047,
        "dvar2": 0.00109081622213,
        "max": 0.362767517567,
        "mean": 0.14805804193,
        "median": 0.141630157828,
        "min": 0.0262708161026,
        "stdev": 0.0566974096,
        "var": 0.00321459607221
    },
    "barkbands_kurtosis": {
        "dmean": 3.78315353394,
        "dmean2": 5.55275297165,
        "dvar": 88.3570022583,
        "dvar2": 204.919662476,
        "max": 164.745498657,
        "mean": 5.18441343307,
        "median": 1.70344257355,
        "min": -1.87009692192,
        "stdev": 12.4030628204,
        "var": 153.835968018
    },
    "barkbands_skewness": {
        "dmean": 0.658242106438,
        "dmean2": 0.935640275478,
        "dvar": 0.625961124897,
        "dvar2": 1.27747118473,
        "max": 11.9585199356,
        "mean": 1.4489120245,
        "median": 1.10201990604,
        "min": -2.06733179092,
        "stdev": 1.554271698,
        "var": 2.41576051712
    },
    "barkbands_spread": {
        "dmean": 6.62315654755,
        "dmean2": 9.75408840179,
        "dvar": 83.5485076904,
        "dvar2": 161.637268066,
        "max": 92.6026687622,
        "mean": 21.9210605621,
        "median": 18.6708927155,
        "min": 1.33066141605,
        "stdev": 14.9911613464,
        "var": 224.734924316
    },
    "dissonance": {
        "dmean": 0.0286659859121,
        "dmean2": 0.047525588423,
        "dvar": 0.000926176377106,
        "dvar2": 0.00240118592046,
        "max": 0.499866098166,
        "mean": 0.443534731865,
        "median": 0.450786530972,
        "min": 0.0180394537747,
        "stdev": 0.0398381575942,
        "var": 0.0015870789066
    },
    "dynamic_complexity": 2.19498848915,
    "erbbands_crest": {
        "dmean": 3.35422945023,
        "dmean2": 5.37752914429,
        "dvar": 9.33847904205,
        "dvar2": 21.6349868774,
        "max": 28.1914310455,
        "mean": 11.0771083832,
        "median": 10.2609491348,
        "min": 2.4823076725,
        "stdev": 5.0491771698,
        "var": 25.4941883087
    },
    "erbbands_flatness_db": {
        "dmean": 0.0220150053501,
        "dmean2": 0.0302586760372,
        "dvar": 0.00043833910604,
        "dvar2": 0.000799322733656,
        "max": 0.348708480597,
        "mean": 0.170273035765,
        "median": 0.164928749204,
        "min": 0.0599379204214,
        "stdev": 0.0559991151094,
        "var": 0.00313590094447
    },
    "erbbands_kurtosis": {
        "dmean": 1.32814896107,
        "dmean2": 2.04811811447,
        "dvar": 3.81607031822,
        "dvar2": 9.35095691681,
        "max": 30.4374885559,
        "mean": 1.26431417465,
        "median": 0.531620502472,
        "min": -1.86092710495,
        "stdev": 2.65482497215,
        "var": 7.04809617996
    },
    "erbbands_skewness": {
        "dmean": 0.449680387974,
        "dmean2": 0.67641890049,
        "dvar": 0.198388278484,
        "dvar2": 0.424419611692,
        "max": 5.20458316803,
        "mean": 0.474504113197,
        "median": 0.491241395473,
        "min": -2.57019162178,
        "stdev": 0.790601432323,
        "var": 0.625050663948
    },
    "erbbands_spread": {
        "dmean": 11.0212459564,
        "dmean2": 15.6841955185,
        "dvar": 189.567810059,
        "dvar2": 399.68850708,
        "max": 149.965881348,
        "mean": 35.3347244263,
        "median": 29.4941387177,
        "min": 3.61516070366,
        "stdev": 22.9532432556,
        "var": 526.851379395
    },
    "hfc": {
        "dmean": 12.2974843979,
        "dmean2": 17.8238067627,
        "dvar": 618.168823242,
        "dvar2": 1410.49914551,
        "max": 285.614868164,
        "mean": 31.4094257355,
        "median": 26.3412284851,
        "min": 1.18427249776e-16,
        "stdev": 29.4146575928,
        "var": 865.222045898
    },
    "loudness_ebu128": {
        "integrated": -8.40012931824,
        "loudness_range": 3.27429962158,
        "momentary": {
            "dmean": 0.569922089577,
            "dmean2": 0.769336342812,
            "dvar": 0.231584757566,
            "dvar2": 0.411129117012,
            "max": -6.13824462891,
            "mean": -8.64909553528,
            "median": -8.31313323975,
            "min": -14.9833688736,
            "stdev": 1.56424915791,
            "var": 2.44687533379
        },
        "short_term": {
            "dmean": 0.0701267793775,
            "dmean2": 0.0800932571292,
            "dvar": 0.00237451866269,
            "dvar2": 0.00404837401584,
            "max": -7.2027053833,
            "mean": -8.45234394073,
            "median": -8.15678977966,
            "min": -11.044172287,
            "stdev": 1.05372202396,
            "var": 1.11033022404
        }
    },
    "melbands_crest": {
        "dmean": 3.42638707161,
        "dmean2": 5.5262594223,
        "dvar": 11.1318998337,
        "dvar2": 26.4563236237,
        "max": 32.5070648193,
        "mean": 14.3492107391,
        "median": 13.417514801,
        "min": 2.17693400383,
        "stdev": 5.61904144287,
        "var": 31.5736293793
    },
    "melbands_flatness_db": {
        "dmean": 0.0287997741252,
        "dmean2": 0.0395173877478,
        "dvar": 0.000879064726178,
        "dvar2": 0.00158549833577,
        "max": 0.45538058877,
        "mean": 0.202429518104,
        "median": 0.197632968426,
        "min": 0.00639385776594,
        "stdev": 0.0671445503831,
        "var": 0.00450839102268
    },
    "melbands_kurtosis": {
        "dmean": 9.8674659729,
        "dmean2": 15.4383249283,
        "dvar": 666.156677246,
        "dvar2": 1588.70092773,
        "max": 424.880950928,
        "mean": 14.4706697464,
        "median": 4.73740434647,
        "min": -1.77674710751,
        "stdev": 31.8790397644,
        "var": 1016.27319336
    },
    "melbands_skewness": {
        "dmean": 0.886734068394,
        "dmean2": 1.27261602879,
        "dvar": 1.36478829384,
        "dvar2": 2.9215066433,
        "max": 16.3557777405,
        "mean": 2.31885957718,
        "median": 1.81676697731,
        "min": -1.54809486866,
        "stdev": 2.15125250816,
        "var": 4.62788724899
    },
    "melbands_spread": {
        "dmean": 8.23636341095,
        "dmean2": 12.2178783417,
        "dvar": 154.463882446,
        "dvar2": 296.935272217,
        "max": 167.791564941,
        "mean": 24.9886474609,
        "median": 20.5626811981,
        "min": 1.0426030159,
        "stdev": 19.043006897,
        "var": 362.636138916
    },
    "pitch_salience": {
        "dmean": 0.0826924592257,
        "dmean2": 0.133011370897,
        "dvar": 0.00749924918637,
        "dvar2": 0.0186539608985,
        "max": 0.836298406124,
        "mean": 0.543096125126,
        "median": 0.55937063694,
        "min": 0.133056312799,
        "stdev": 0.13087554276,
        "var": 0.0171284060925
    },
    "silence_rate_20dB": {
        "dmean": 0,
        "dmean2": 0,
        "dvar": 0,
        "dvar2": 0,
        "max": 1,
        "mean": 1,
        "median": 1,
        "min": 1,
        "stdev": 0,
        "var": 0
    },
    "silence_rate_30dB": {
        "dmean": 0.0278637763113,
        "dmean2": 0.0557707212865,
        "dvar": 0.0270873885602,
        "dvar2": 0.0697015747428,
        "max": 1,
        "mean": 0.980665147305,
        "median": 1,
        "min": 0,
        "stdev": 0.137699112296,
        "var": 0.018961045891
    },
    "silence_rate_60dB": {
        "dmean": 0.0162538699806,
        "dmean2": 0.0325329191983,
        "dvar": 0.0159903150052,
        "dvar2": 0.0392192602158,
        "max": 1,
        "mean": 0.0177880898118,
        "median": 0,
        "min": 0,
        "stdev": 0.132181107998,
        "var": 0.0174718443304
    },
    "spectral_centroid": {
        "dmean": 280.193969727,
        "dmean2": 409.151000977,
        "dvar": 168346.890625,
        "dvar2": 271309.25,
        "max": 10334.6464844,
        "mean": 1349.93591309,
        "median": 1337.02075195,
        "min": 242.643264771,
        "stdev": 658.561157227,
        "var": 433702.8125
    },
    "spectral_complexity": {
        "dmean": 3.74690413475,
        "dmean2": 5.41750574112,
        "dvar": 24.4970302582,
        "dvar2": 36.890750885,
        "max": 58,
        "mean": 16.7223510742,
        "median": 15,
        "min": 0,
        "stdev": 8.5353269577,
        "var": 72.8518066406
    },
    "spectral_decrease": {
        "dmean": 2.70386002477e-09,
        "dmean2": 3.91120735799e-09,
        "dvar": 1.82990946517e-17,
        "dvar2": 3.85899905876e-17,
        "max": 3.03943643439e-29,
        "mean": -8.07904676492e-09,
        "median": -6.92250168299e-09,
        "min": -3.60731284843e-08,
        "stdev": 6.06797012637e-09,
        "var": 3.68202608281e-17
    },
    "spectral_energy": {
        "dmean": 0.011043516919,
        "dmean2": 0.0160035509616,
        "dvar": 0.000312434829539,
        "dvar2": 0.000674715440255,
        "max": 0.152053743601,
        "mean": 0.0333410985768,
        "median": 0.0289224199951,
        "min": 1.06269807765e-20,
        "stdev": 0.0243043471128,
        "var": 0.00059070129646
    },
    "spectral_energyband_high": {
        "dmean": 0.00095874525141,
        "dmean2": 0.00138577865437,
        "dvar": 5.65523123441e-06,
        "dvar2": 1.23434665511e-05,
        "max": 0.0253873150796,
        "mean": 0.00133310863748,
        "median": 0.000564736430533,
        "min": 7.74544460613e-21,
        "stdev": 0.00261734426022,
        "var": 6.85049053573e-06
    },
    "spectral_energyband_low": {
        "dmean": 0.0048210718669,
        "dmean2": 0.00686443410814,
        "dvar": 0.000192523031728,
        "dvar2": 0.000395474140532,
        "max": 0.127026244998,
        "mean": 0.00954097881913,
        "median": 0.00228218594566,
        "min": 7.34801971326e-23,
        "stdev": 0.0193113125861,
        "var": 0.000372926821001
    },
    "spectral_energyband_middle_high": {
        "dmean": 0.00337778963149,
        "dmean2": 0.00464712036774,
        "dvar": 2.06060994969e-05,
        "dvar2": 3.5343800846e-05,
        "max": 0.0470226556063,
        "mean": 0.0103116203099,
        "median": 0.00573490653187,
        "min": 1.52070178301e-21,
        "stdev": 0.0101548973471,
        "var": 0.000103121936263
    },
    "spectral_energyband_middle_low": {
        "dmean": 0.00702367397025,
        "dmean2": 0.011780208908,
        "dvar": 0.000170828221599,
        "dvar2": 0.000463359116111,
        "max": 0.0942392423749,
        "mean": 0.0127894850448,
        "median": 0.00926250591874,
        "min": 2.16702816968e-22,
        "stdev": 0.0122903212905,
        "var": 0.00015105199418
    },
    "spectral_entropy": {
        "dmean": 0.256482750177,
        "dmean2": 0.340789139271,
        "dvar": 0.0619027353823,
        "dvar2": 0.108400821686,
        "max": 9.8052520752,
        "mean": 7.39160919189,
        "median": 7.36880493164,
        "min": 5.17203330994,
        "stdev": 0.541142046452,
        "var": 0.292834699154
    },
    "spectral_flux": {
        "dmean": 0.0400631725788,
        "dmean2": 0.0602027066052,
        "dvar": 0.0018183614593,
        "dvar2": 0.00355994771235,
        "max": 0.365859597921,
        "mean": 0.102755844593,
        "median": 0.0848683789372,
        "min": 1.03087247072e-10,
        "stdev": 0.0637037456036,
        "var": 0.00405816687271
    },
    "spectral_kurtosis": {
        "dmean": 1.63119351864,
        "dmean2": 2.34491658211,
        "dvar": 3.1973490715,
        "dvar2": 6.40173387527,
        "max": 30.4895172119,
        "mean": 4.77441310883,
        "median": 4.42880964279,
        "min": -1.30982899666,
        "stdev": 3.14413285255,
        "var": 9.8855714798
    },
    "spectral_rms": {
        "dmean": 0.000885050569195,
        "dmean2": 0.0012593382271,
        "dvar": 1.34926517603e-06,
        "dvar2": 2.67088353212e-06,
        "max": 0.012179701589,
        "mean": 0.00537606934085,
        "median": 0.00531196733937,
        "min": 3.21990459469e-12,
        "stdev": 0.00190413347445,
        "var": 3.62572450285e-06
    },
    "spectral_rolloff": {
        "dmean": 682.447387695,
        "dmean2": 1107.11950684,
        "dvar": 2410466.75,
        "dvar2": 5083428.5,
        "max": 18863.0859375,
        "mean": 1775.66552734,
        "median": 1399.65820312,
        "min": 64.599609375,
        "stdev": 1884.41357422,
        "var": 3551014.5
    },
    "spectral_skewness": {
        "dmean": 0.275134831667,
        "dmean2": 0.379853993654,
        "dvar": 0.0762164965272,
        "dvar2": 0.140832036734,
        "max": 4.55302762985,
        "mean": 1.7870208025,
        "median": 1.79653477669,
        "min": 0.0346921235323,
        "stdev": 0.538484692574,
        "var": 0.289965778589
    },
    "spectral_spread": {
        "dmean": 968992.875,
        "dmean2": 1348230.25,
        "dvar": 1.80813286605e+12,
        "dvar2": 2.52230080922e+12,
        "max": 41351568,
        "mean": 5673598,
        "median": 5202942,
        "min": 2077071.75,
        "stdev": 2178141.75,
        "var": 4.74430098637e+12
    },
    "spectral_strongpeak": {
        "dmean": 0.918376743793,
        "dmean2": 1.45855927467,
        "dvar": 1.67828071117,
        "dvar2": 3.75398087502,
        "max": 11.2106466293,
        "mean": 1.84095799923,
        "median": 1.07978820801,
        "min": 0,
        "stdev": 2.02231764793,
        "var": 4.08976888657
    },
    "zerocrossingrate": {
        "dmean": 0.0159307420254,
        "dmean2": 0.0178610328585,
        "dvar": 0.000610502378549,
        "dvar2": 0.000673870090395,
        "max": 0.51953125,
        "mean": 0.0697815492749,
        "median": 0.06201171875,
        "min": 0.00341796875,
        "stdev": 0.0439579300582,
        "var": 0.00193229957949
    },
    "barkbands": {
        "dmean": [0.000170930230524, 0.0037601692602, 0.00171608710662, 0.00130419561174, 0.00345558160916, 0.000912543968298, 0.00142962252721, 0.0013192766346, 0.000581691681873, 0.000812070269603, 0.0011350227287, 0.000915353128221, 0.000718214607332, 0.000989738618955, 0.000664463499561, 0.000607149675488, 0.000225186377065, 0.000194523105165, 0.000263544556219, 0.000221351496293, 0.000199859423446, 0.000175054126885, 0.000164405719261, 0.000171971129021, 0.000185963130207, 7.5780939369e-05, 4.32854540122e-06],
        "dmean2": [0.000276310660411, 0.00523676443845, 0.00299549591728, 0.00240920390934, 0.00588046899065, 0.00152131926734, 0.00234028697014, 0.00208919635043, 0.000906524423044, 0.00123114977032, 0.00156567303929, 0.00128919619601, 0.00109769939445, 0.00145927467383, 0.000959671975579, 0.000908892601728, 0.000340566621162, 0.000293478282401, 0.000412267603679, 0.00033547138446, 0.000305257650325, 0.000264781992882, 0.00024025978928, 0.000258060346823, 0.000281149696093, 0.000116078292194, 6.8675149123e-06],
        "dvar": [1.52993862912e-07, 0.000130512024043, 4.79704867757e-05, 1.83220836334e-05, 5.16399668413e-05, 3.45708167515e-06, 8.06677962828e-06, 7.6249225458e-06, 1.43608792769e-06, 3.35606569024e-06, 7.28590430299e-06, 4.14902206103e-06, 4.80818334836e-06, 5.14620478498e-06, 2.6253494525e-06, 1.5083173821e-06, 2.6912388762e-07, 1.89600172007e-07, 3.07427939106e-07, 2.25563425715e-07, 2.02372334002e-07, 3.01802913327e-07, 1.8027279225e-07, 1.9629651149e-07, 1.40096574341e-07, 3.37564074471e-08, 1.13096539078e-10],
        "dvar2": [4.11392619526e-07, 0.000244562048465, 0.000135614303872, 5.31631885679e-05, 0.000137036578963, 7.95966388978e-06, 2.04922671401e-05, 1.70932671608e-05, 3.22513619722e-06, 6.89888111083e-06, 1.18519928947e-05, 6.77150228512e-06, 1.08598851511e-05, 1.08098465716e-05, 5.26175153936e-06, 3.30058878717e-06, 6.10547601809e-07, 3.91861817661e-07, 7.70983888287e-07, 5.09279516336e-07, 4.57428797063e-07, 7.07211427198e-07, 3.75881199943e-07, 4.47735402531e-07, 3.16463513172e-07, 7.79309203836e-08, 2.76949435607e-10],
        "max": [0.0040883095935, 0.105842515826, 0.0549146868289, 0.0350679829717, 0.0562096014619, 0.0232051089406, 0.0261343382299, 0.0318487882614, 0.0208196472377, 0.0326019115746, 0.031004069373, 0.023885268718, 0.0356275886297, 0.0296091586351, 0.0187651030719, 0.0164537318051, 0.00733045535162, 0.00470811547711, 0.0058037196286, 0.00547595368698, 0.00473587913439, 0.00579731585458, 0.00533790979534, 0.00648164702579, 0.00488788541406, 0.00213326141238, 0.000124606798636],
        "mean": [0.000322696694639, 0.0068998131901, 0.00179222878069, 0.00123216654174, 0.0044010435231, 0.0016225988511, 0.00211542658508, 0.00212614424527, 0.00108719465788, 0.0015506768832, 0.0018007872859, 0.00153819844127, 0.000940152967814, 0.00157829059754, 0.000923691841308, 0.000884085777216, 0.000320288847433, 0.00029489165172, 0.000381245714379, 0.000331053102855, 0.000264987960691, 0.000178672707989, 0.000192787498236, 0.000218599001528, 0.000244309514528, 9.49791501625e-05, 4.12796407545e-06],
        "median": [4.02567311539e-05, 0.000952885311563, 0.000454407301731, 0.000437187205534, 0.00142500689253, 0.000477213528939, 0.000624620122835, 0.000577874889132, 0.000341497507179, 0.000434510118794, 0.000115529779578, 0.000280298787402, 0.00017232207756, 0.000213056177017, 0.000180505696335, 0.00022718613036, 8.49571297294e-05, 9.48137385421e-05, 0.000145411118865, 0.000128875399241, 0.00010974851466, 2.48893829848e-05, 4.02888435929e-05, 7.00185046298e-05, 0.000100369070424, 3.32175259246e-05, 6.81986250584e-07],
        "min": [2.136176009e-23, 4.40246421135e-23, 6.93189432358e-24, 1.33064631508e-23, 7.17111860189e-23, 1.78405106233e-23, 5.16541324464e-23, 1.51196709855e-23, 3.18964452766e-23, 7.72110863848e-23, 9.51711772773e-23, 8.68523234874e-23, 3.64895752755e-23, 1.63567632881e-22, 9.18921159971e-23, 1.49986212262e-22, 1.79724362501e-22, 1.38233446952e-22, 3.52080208789e-22, 2.51517508013e-22, 7.12284801378e-22, 3.98395128681e-22, 6.62013232865e-22, 5.79744506781e-22, 1.21872926161e-21, 2.23854480997e-21, 2.02814447415e-21],
        "stdev": [0.000496192020364, 0.0155974319205, 0.00554334046319, 0.00331113208085, 0.00731209060177, 0.00304031581618, 0.00345453154296, 0.0039410283789, 0.00210413406603, 0.00333569967188, 0.0044711837545, 0.00340320565738, 0.00283611519262, 0.00370777631178, 0.00209347414784, 0.00175592314918, 0.000680222467054, 0.000550539931282, 0.000628229696304, 0.000565511814784, 0.000492317776661, 0.000556122919079, 0.000480868504383, 0.000478847650811, 0.000430338550359, 0.000200893380679, 1.06011821117e-05],
        "var": [2.46206525389e-07, 0.000243279879214, 3.07286209136e-05, 1.09635957415e-05, 5.34666687599e-05, 9.24352025322e-06, 1.19337873912e-05, 1.55317047756e-05, 4.42738019046e-06, 1.11268927867e-05, 1.99914829864e-05, 1.15818083941e-05, 8.04354931461e-06, 1.37476044983e-05, 4.38263441538e-06, 3.08326616505e-06, 4.62702587356e-07, 3.03094196852e-07, 3.94672554194e-07, 3.19803604043e-07, 2.42376785309e-07, 3.09272707e-07, 2.31234508874e-07, 2.29295082477e-07, 1.85191268542e-07, 4.03581488229e-08, 1.12385066531e-10]
    },
    "erbbands": {
        "dmean": [0.104896843433, 0.95018017292, 2.2022664547, 3.02689409256, 8.31525802612, 13.7988948822, 9.14078426361, 8.1399564743, 15.3921699524, 25.7743835449, 25.7576313019, 13.9827375412, 14.0685710907, 33.9480323792, 47.3154335022, 25.6250114441, 28.4407196045, 38.7614212036, 42.2907447815, 29.9114265442, 31.6333255768, 11.5860719681, 10.5769405365, 9.43478298187, 15.2426939011, 10.865401268, 8.10012149811, 6.89370727539, 5.84153795242, 6.13447475433, 4.61524629593, 3.40960597992, 2.99897742271, 2.13583564758, 1.32979404926, 0.416384965181, 0.124033935368, 0.0206785295159, 0.000572170887608, 2.7786980354e-05],
        "dmean2": [0.150850191712, 1.30605566502, 3.74731469154, 5.40769052505, 14.6317577362, 22.8086605072, 14.8907794952, 13.1938419342, 25.4423465729, 41.1626052856, 40.1167182922, 22.1167945862, 21.6232471466, 48.7863273621, 67.5216674805, 34.8989028931, 42.4977378845, 58.3943481445, 59.6376914978, 44.8793678284, 46.3724479675, 17.1305103302, 16.1754188538, 14.2306852341, 24.1336536407, 16.1389980316, 12.2919940948, 10.2866544724, 8.84470939636, 9.28936958313, 6.67123222351, 4.96499681473, 4.59926986694, 3.26906228065, 2.02021932602, 0.644413053989, 0.188110679388, 0.0312658660114, 0.000882984313648, 4.05164500989e-05],
        "dvar": [0.0718359723687, 9.26513004303, 69.2708053589, 108.963294983, 553.657348633, 678.973266602, 229.698669434, 319.889282227, 1113.55664062, 2315.96459961, 2698.28540039, 860.203857422, 713.280151367, 5181.74707031, 8167.21582031, 2202.91040039, 8142.09814453, 9648.23144531, 9223.74804688, 7058.99755859, 4519.26367188, 656.497741699, 563.508544922, 370.254852295, 1046.01293945, 597.764343262, 219.660415649, 438.165771484, 354.240997314, 300.739898682, 149.976226807, 77.1165542603, 57.5478553772, 20.9337387085, 6.66493463516, 0.817379713058, 0.0987219363451, 0.00356267252937, 2.28647672884e-06, 3.5364071671e-09],
        "dvar2": [0.135177150369, 18.3682231903, 192.345703125, 310.321289062, 1536.03344727, 1731.91870117, 560.473999023, 716.990478516, 2845.31884766, 5614.75, 5751.31982422, 2004.3659668, 1566.77307129, 11151.8496094, 15050.5419922, 3653.24682617, 18434.4765625, 23188.4980469, 16588.3320312, 12798.5839844, 8789.96777344, 1503.90490723, 1212.89794922, 789.565917969, 2588.29150391, 1369.57141113, 482.948150635, 964.061889648, 796.933654785, 702.369018555, 311.927734375, 169.594299316, 135.553268433, 49.0001029968, 14.784154892, 1.83592367172, 0.235263928771, 0.00841417349875, 5.47745139556e-06, 8.35162783375e-09],
        "max": [2.5884475708, 28.3691101074, 71.6896286011, 97.3743362427, 183.060287476, 204.213745117, 199.11529541, 271.790710449, 359.135070801, 527.548217773, 616.114562988, 490.441986084, 436.234527588, 1351.7935791, 1107.54162598, 552.212585449, 1676.21447754, 1252.78833008, 1247.22045898, 1272.80822754, 1050.36071777, 461.5887146, 203.522567749, 258.725067139, 308.669677734, 285.891326904, 148.646728516, 234.177810669, 198.865997314, 197.160202026, 157.043014526, 133.193893433, 91.53099823, 64.2984848022, 28.3864822388, 9.4440202713, 3.51534795761, 0.853275120258, 0.0167501810938, 0.000715393631253],
        "mean": [0.199363738298, 1.51671302319, 2.35908722878, 3.18694186211, 8.23554611206, 17.7483634949, 14.097527504, 14.2479248047, 24.2114009857, 40.0703468323, 42.0834922791, 25.087436676, 28.4906196594, 69.1312103271, 85.8088912964, 45.8197135925, 42.853717804, 58.4505386353, 72.5113143921, 46.4761962891, 52.2817573547, 19.2134571075, 15.918428421, 15.9662666321, 21.4566173553, 17.1528701782, 12.867348671, 7.64340686798, 6.05539035797, 6.38667345047, 5.50167417526, 4.24889755249, 3.81627225876, 2.80340337753, 1.67679750919, 0.542546987534, 0.150384441018, 0.0234080124646, 0.000630780181382, 6.12769799773e-05],
        "median": [0.0372750982642, 0.157980144024, 0.542711675167, 1.138412714, 2.67569518089, 4.79192352295, 6.10447692871, 4.06355285645, 7.72589302063, 18.9234447479, 13.446146965, 10.1150054932, 11.3173322678, 20.6609344482, 19.700925827, 13.7091188431, 10.6325149536, 12.2065105438, 18.2581996918, 11.123169899, 15.0998258591, 5.94307184219, 5.36618804932, 6.17292070389, 8.23288345337, 6.68936109543, 6.11329984665, 1.89792025089, 0.94224268198, 1.02219986916, 1.16789519787, 1.17266988754, 1.26615822315, 1.09494447708, 0.684925317764, 0.222648561001, 0.0441456027329, 0.00514859287068, 0.000161044226843, 4.60349328932e-05],
        "min": [1.15660811878e-21, 1.01893061051e-20, 1.35403205875e-20, 2.62469335904e-20, 5.01287607078e-20, 3.40511406549e-19, 2.24193630703e-19, 2.2112652254e-19, 6.99669583755e-19, 4.81856901845e-19, 5.98957552442e-19, 7.58585057595e-19, 1.51342091906e-18, 2.1576344534e-18, 5.3842083562e-18, 3.00777759975e-18, 1.87468036767e-18, 5.25786603021e-18, 8.40627508745e-18, 6.72481542548e-18, 8.5527489216e-18, 7.80255897174e-18, 6.75742660754e-18, 1.2347555787e-17, 2.04462090221e-17, 1.39027587361e-17, 3.17145282018e-17, 1.65498061795e-17, 1.27147131367e-17, 2.01735338962e-17, 1.69307393952e-17, 1.50682032797e-17, 8.7199345311e-18, 1.27179374868e-17, 9.94645560952e-18, 8.33808976238e-18, 4.12125617566e-18, 1.22754760956e-18, 2.54327019087e-19, 3.34132435234e-20],
        "stdev": [0.386764675379, 3.85329341888, 7.03196763992, 8.34517192841, 19.6841754913, 30.8660068512, 21.934431076, 27.5354976654, 42.8937568665, 58.3056259155, 75.9012298584, 47.5543556213, 45.6793022156, 135.699310303, 156.269348145, 80.7413406372, 125.580886841, 136.861282349, 151.775115967, 117.576324463, 105.064552307, 37.0511665344, 29.0599517822, 25.8865871429, 36.6793632507, 28.8051795959, 18.6991939545, 21.7122383118, 19.3159103394, 17.9174194336, 13.8472242355, 9.7713394165, 8.03228664398, 5.11974716187, 2.97560811043, 1.03224110603, 0.339278995991, 0.061432428658, 0.0015257721534, 6.45065811113e-05],
        "var": [0.14958691597, 14.8478708267, 49.4485664368, 69.6418914795, 387.466796875, 952.710388184, 481.119262695, 758.203613281, 1839.87426758, 3399.54589844, 5760.99707031, 2261.41674805, 2086.59863281, 18414.3027344, 24420.1074219, 6519.1640625, 15770.5585938, 18731.0097656, 23035.6855469, 13824.1914062, 11038.5605469, 1372.78881836, 844.480773926, 670.115356445, 1345.37573242, 829.73840332, 349.659820557, 471.421264648, 373.104370117, 321.033905029, 191.745620728, 95.4790649414, 64.5176315308, 26.2118110657, 8.8542432785, 1.06552159786, 0.115110240877, 0.00377394328825, 2.32798061006e-06, 4.16109857682e-09]
    },
    "gfcc": {
        "mean": [15.7553167343, 65.6541137695, -117.805976868, 7.81823778152, -67.0272293091, 12.9511156082, -48.8571777344, 11.7961492538, -36.5365142822, 8.70790195465, -18.7905139923, -2.47223782539, -7.0589056015],
        "cov": [[4825.34375, -336.204101562, -63.4426269531, 676.645324707, 469.086212158, 390.698516846, 155.718673706, 418.074981689, 215.701889038, 185.239715576, 120.073272705, 67.9016189575, -135.356002808], [-336.204101562, 1330.46569824, 402.508636475, 249.107437134, 450.668884277, 200.419433594, 351.574005127, 83.3894424438, 141.661239624, 104.273086548, 124.806816101, -63.581741333, 51.4466247559], [-63.4426269531, 402.508636475, 1290.85021973, 568.801879883, 134.601242065, 266.308563232, 133.804595947, 55.3584632874, 198.191436768, 41.7292366028, -25.9862728119, 121.872703552, -55.7069816589], [676.645324707, 249.107437134, 568.801879883, 868.697753906, 408.037200928, 239.768981934, 227.692550659, 222.982849121, 274.137176514, 60.0457496643, 52.9060134888, 76.7343063354, -20.7716426849], [469.086212158, 450.668884277, 134.601242065, 408.037200928, 612.258056641, 260.377624512, 241.170669556, 254.306335449, 210.203155518, 138.236328125, 112.966667175, -1.00129175186, -3.85749483109], [390.698516846, 200.419433594, 266.308563232, 239.768981934, 260.377624512, 371.414703369, 225.371063232, 88.1822052002, 150.364212036, 124.017295837, 83.4047088623, 16.8144111633, -46.2928276062], [155.718673706, 351.574005127, 133.804595947, 227.692550659, 241.170669556, 225.371063232, 377.890441895, 96.814994812, 101.715690613, 97.203666687, 88.9905776978, 12.2607488632, -20.4037456512], [418.074981689, 83.3894424438, 55.3584632874, 222.982849121, 254.306335449, 88.1822052002, 96.814994812, 269.797851562, 137.498458862, 54.8944358826, 71.786277771, 35.4778518677, 24.9732151031], [215.701889038, 141.661239624, 198.191436768, 274.137176514, 210.203155518, 150.364212036, 101.715690613, 137.498458862, 247.69178772, 89.7383804321, 37.408657074, 32.6177139282, -19.0467090607], [185.239715576, 104.273086548, 41.7292366028, 60.0457496643, 138.236328125, 124.017295837, 97.203666687, 54.8944358826, 89.7383804321, 155.383010864, 78.9088134766, -11.4982910156, -25.7840919495], [120.073272705, 124.806816101, -25.9862728119, 52.9060134888, 112.966667175, 83.4047088623, 88.9905776978, 71.786277771, 37.408657074, 78.9088134766, 149.738601685, 14.9867229462, 14.8024082184], [67.9016189575, -63.581741333, 121.872703552, 76.7343063354, -1.00129175186, 16.8144111633, 12.2607488632, 35.4778518677, 32.6177139282, -11.4982910156, 14.9867229462, 109.311798096, 20.3470439911], [-135.356002808, 51.4466247559, -55.7069816589, -20.7716426849, -3.85749483109, -46.2928276062, -20.4037456512, 24.9732151031, -19.0467090607, -25.7840919495, 14.8024082184, 20.3470439911, 119.633850098]],
        "icov": [[0.000336980127031, -5.32095327799e-05, 0.0002984519233, -0.000445188867161, 0.000227508382523, -0.00052464165492, 0.000342302344507, -0.000610423390754, 0.000514678366017, -0.000449284125352, 0.00028986853431, -0.000344917061739, 0.000463857606519], [-5.32095327799e-05, 0.00228115287609, -0.00138428807259, 0.00115524372086, -0.00221991096623, 0.0015968598891, -0.00203368044458, 0.00171379605308, -0.00136149080936, 0.00145293620881, -0.00184980244376, 0.00263984734192, -0.00176716467831], [0.0002984519233, -0.00138428807259, 0.00248646549881, -0.00197959784418, 0.00192011834588, -0.00225269375369, 0.00166652700864, -0.0011957869865, 0.00121068314184, -0.00158552685753, 0.00210525211878, -0.00291439308785, 0.00155735318549], [-0.000445188867161, 0.00115524372086, -0.00197959784418, 0.00412182509899, -0.00261673657224, 0.00181778566912, -0.00205980776809, 0.0012670236174, -0.00308816297911, 0.00295863044448, -0.00165078358259, 0.00144183542579, -0.00109835993499], [0.000227508382523, -0.00221991096623, 0.00192011834588, -0.00261673657224, 0.00684052053839, -0.0032760668546, 0.00161399331409, -0.00449793599546, 0.0014437912032, -0.00282257073559, 0.00188914034516, -0.00113838783, 0.00140028086025], [-0.00052464165492, 0.0015968598891, -0.00225269375369, 0.00181778566912, -0.0032760668546, 0.00839550048113, -0.00396435242146, 0.00308219832368, -0.00307374005206, 0.000316629302688, -0.00281465868466, 0.00206377869472, -0.000613986281678], [0.000342302344507, -0.00203368044458, 0.00166652700864, -0.00205980776809, 0.00161399331409, -0.00396435242146, 0.00680559035391, -0.00206583645195, 0.00238101719879, -0.00227201054804, 0.00105172523763, -0.00274485303089, 0.0020162826404], [-0.000610423390754, 0.00171379605308, -0.0011957869865, 0.0012670236174, -0.00449793599546, 0.00308219832368, -0.00206583645195, 0.0101888375357, -0.00453069200739, 0.0026729144156, -0.00364279327914, 0.000929310743231, -0.00304861576296], [0.000514678366017, -0.00136149080936, 0.00121068314184, -0.00308816297911, 0.0014437912032, -0.00307374005206, 0.00238101719879, -0.00453069200739, 0.011149181053, -0.00586842326447, 0.00385583355092, -0.00345384166576, 0.00202496373095], [-0.000449284125352, 0.00145293620881, -0.00158552685753, 0.00295863044448, -0.00282257073559, 0.000316629302688, -0.00227201054804, 0.0026729144156, -0.00586842326447, 0.0155009692535, -0.00732636312023, 0.00446123583242, 0.000282601307845], [0.00028986853431, -0.00184980244376, 0.00210525211878, -0.00165078358259, 0.00188914034516, -0.00281465868466, 0.00105172523763, -0.00364279327914, 0.00385583355092, -0.00732636312023, 0.0135789234191, -0.0046905297786, -0.000118825097161], [-0.000344917061739, 0.00263984734192, -0.00291439308785, 0.00144183542579, -0.00113838783, 0.00206377869472, -0.00274485303089, 0.000929310743231, -0.00345384166576, 0.00446123583242, -0.0046905297786, 0.0157414209098, -0.00421772385016], [0.000463857606519, -0.00176716467831, 0.00155735318549, -0.00109835993499, 0.00140028086025, -0.000613986281678, 0.0020162826404, -0.00304861576296, 0.00202496373095, 0.000282601307845, -0.000118825097161, -0.00421772385016, 0.0120812440291]]
    },
    "melbands": {
        "dmean": [0.000985711812973, 0.00112028012518, 0.00065693090437, 0.000790127378423, 0.000373076007236, 0.000175188019057, 0.000257307750871, 0.000294504774502, 0.000189973419765, 8.20655332063e-05, 7.48333113734e-05, 0.000141886484926, 0.000176160319825, 0.000125007645693, 5.12010519742e-05, 7.20149619156e-05, 7.67284218455e-05, 8.24804519652e-05, 4.19061325374e-05, 4.04195088777e-05, 3.71840615117e-05, 1.20854438137e-05, 1.28451829369e-05, 1.05827830339e-05, 7.49136779632e-06, 1.26768827613e-05, 9.83462086879e-06, 6.85469649397e-06, 5.76155707677e-06, 4.79255231767e-06, 3.64898050975e-06, 3.13082114189e-06, 3.82194730264e-06, 3.28233363689e-06, 2.90365392175e-06, 2.2557558168e-06, 2.09828203879e-06, 2.26979955187e-06, 1.83535723863e-06, 1.89901174963e-06],
        "dmean2": [0.00134323036764, 0.00173310912214, 0.00116937397979, 0.00135124148801, 0.00060909986496, 0.000287202070467, 0.000423026503995, 0.000467409234261, 0.000297023070743, 0.000129123494844, 0.000114884867799, 0.000207244753256, 0.000240423323703, 0.000167207341292, 7.65706645325e-05, 0.000109161592263, 0.000116600844194, 0.000116767136205, 6.14252057858e-05, 6.13838274148e-05, 5.56479244551e-05, 1.77786569111e-05, 1.99214209715e-05, 1.61239131558e-05, 1.1527832612e-05, 1.97148056031e-05, 1.61026582646e-05, 1.04137379822e-05, 8.84626388142e-06, 7.30768078938e-06, 5.4160423133e-06, 4.74109901916e-06, 6.08862637819e-06, 4.9761115406e-06, 4.28579915024e-06, 3.20880121762e-06, 3.14628687192e-06, 3.51791709363e-06, 2.77761273537e-06, 2.97005180983e-06],
        "dvar": [7.25034487914e-06, 1.40823785841e-05, 3.97788198825e-06, 3.0092801353e-06, 3.52159986505e-07, 1.38975451591e-07, 2.88530657144e-07, 2.83476310869e-07, 1.36523723882e-07, 2.80712306733e-08, 1.97875511532e-08, 9.1885183906e-08, 1.41235375395e-07, 7.14701968718e-08, 2.50132501378e-08, 4.67635068446e-08, 3.72196176102e-08, 3.98554469427e-08, 1.15312870363e-08, 8.81038886291e-09, 7.10839387352e-09, 9.70870828176e-10, 1.08842046487e-09, 6.38861574753e-10, 2.37641517575e-10, 6.47527087505e-10, 4.5303139018e-10, 2.52432547088e-10, 9.20275244898e-11, 1.50828571854e-10, 1.32586969182e-10, 9.66269494973e-11, 1.6123113955e-10, 7.20375772922e-11, 6.30829971593e-11, 3.25597986073e-11, 2.9341060831e-11, 3.36917542476e-11, 1.74064009734e-11, 1.63396102204e-11],
        "dvar2": [1.21066477732e-05, 3.55593110726e-05, 1.11962926894e-05, 8.03677357908e-06, 8.75704813552e-07, 3.15068916734e-07, 7.43001407955e-07, 6.83832524828e-07, 2.98401175769e-07, 6.29584633316e-08, 4.32943316753e-08, 1.97192107976e-07, 2.37665503278e-07, 1.07077951839e-07, 5.56198642698e-08, 1.11095161515e-07, 8.7207922661e-08, 7.12262249181e-08, 2.50075302688e-08, 1.84985662344e-08, 1.38598323929e-08, 2.14729345416e-09, 2.66467181653e-09, 1.39435862856e-09, 5.43636857753e-10, 1.58379764859e-09, 1.17958220969e-09, 5.49117917803e-10, 1.99729038863e-10, 3.47671141876e-10, 2.88741835996e-10, 2.05737288317e-10, 4.19149492892e-10, 1.6043236184e-10, 1.34970631893e-10, 6.90228846301e-11, 6.75910091785e-11, 8.08175540379e-11, 3.9940918628e-11, 3.94862753605e-11],
        "max": [0.027566626668, 0.0336286090314, 0.0158559251577, 0.013239916414, 0.00629669986665, 0.00520425708964, 0.00579398032278, 0.00572822149843, 0.00459160748869, 0.0026397863403, 0.00223427452147, 0.00549702811986, 0.00452102348208, 0.00328729394823, 0.0035796079319, 0.00369254220277, 0.00264636264183, 0.00286770635284, 0.00157577265054, 0.00127005088143, 0.00115881639067, 0.0006672294694, 0.000388090818888, 0.000281065353192, 0.000213262886973, 0.000241522342549, 0.000222773160203, 0.000180698989425, 0.000110304965347, 0.000115794180601, 0.000131525826873, 0.000100340614154, 0.000147684040712, 8.87912610779e-05, 0.000101996229205, 6.98762378306e-05, 8.18698681542e-05, 6.88637010171e-05, 5.10855206812e-05, 5.77570026508e-05],
        "mean": [0.0018940679729, 0.0014917870285, 0.000688621075824, 0.000946331012528, 0.000580183637794, 0.000307007954689, 0.000394679402234, 0.000475547858514, 0.000303960638121, 0.000149673593114, 0.000144247038406, 0.000278963620076, 0.000297574908473, 0.000212240149267, 7.38314629416e-05, 9.27210639929e-05, 0.000113250251161, 0.000135831520311, 5.79368861509e-05, 5.75518788537e-05, 5.82943757763e-05, 1.73485350388e-05, 1.63583699759e-05, 1.48261933646e-05, 1.17126573969e-05, 1.77569872903e-05, 1.31564665935e-05, 1.02404992504e-05, 9.36873129831e-06, 5.2101268011e-06, 3.89634033127e-06, 3.28072928824e-06, 3.63464664588e-06, 3.46270053342e-06, 3.29539670929e-06, 2.76034143099e-06, 2.53564553532e-06, 2.76293917523e-06, 2.42193073063e-06, 2.37327503783e-06],
        "median": [0.000332364346832, 0.000287218834274, 0.000268765754299, 0.000289084535325, 0.000231771380641, 8.64572502906e-05, 0.000130225613248, 0.00021921141888, 9.53006747295e-05, 4.91590508318e-05, 5.02196962771e-05, 7.61719420552e-05, 4.43900644314e-05, 3.59521072824e-05, 1.40021948027e-05, 1.85184671864e-05, 1.73537864612e-05, 2.22755625146e-05, 1.14895992738e-05, 1.13008409244e-05, 1.57103659149e-05, 4.37550806964e-06, 4.40835947302e-06, 4.06304161515e-06, 4.10283610108e-06, 5.93465256316e-06, 5.18512342751e-06, 3.42846510648e-06, 4.22747416451e-06, 1.4538936739e-06, 6.45535465083e-07, 5.07100594405e-07, 4.06205998615e-07, 5.99586087446e-07, 6.53434085507e-07, 6.36456718439e-07, 7.01634974121e-07, 7.91445302184e-07, 9.02139049686e-07, 9.10718313207e-07],
        "min": [1.36415081544e-23, 9.6759951029e-24, 4.82149142587e-24, 1.30285892635e-23, 1.13956219461e-23, 5.08826170148e-24, 1.03255889262e-23, 4.27425979921e-24, 5.87497453846e-24, 3.9500060183e-24, 8.24305451212e-24, 8.66533096582e-24, 1.54531619332e-23, 1.29955833232e-23, 4.08411789421e-24, 4.43019432878e-24, 1.11505646725e-23, 1.56006126581e-23, 7.50498836058e-24, 1.10333288979e-23, 1.03907677696e-23, 9.41095598255e-24, 4.38323580567e-24, 8.20900254228e-24, 9.63788286599e-24, 1.39264589129e-23, 1.26939268574e-23, 6.97404237288e-24, 2.08950194914e-23, 1.79964715797e-23, 6.2129840814e-24, 5.86268487441e-24, 1.06927429353e-23, 1.16706732891e-23, 9.96902221931e-24, 9.83953701261e-24, 8.95676537206e-24, 5.17160248953e-24, 8.09818257346e-24, 1.17056576925e-23],
        "stdev": [0.00399356940761, 0.00385439815, 0.00161716353614, 0.00171130907256, 0.000837390194647, 0.000587080256082, 0.000673757807817, 0.000675740186125, 0.000528047850821, 0.000290003226837, 0.000238562381128, 0.000576388265472, 0.000640067621134, 0.000474367116112, 0.000225152587518, 0.000260765489656, 0.000272772653261, 0.000321340950904, 0.000134510133648, 0.000128402287373, 0.000126504601212, 4.2973239033e-05, 3.56451673724e-05, 3.04278437397e-05, 1.96901437448e-05, 3.00843876175e-05, 2.27752152568e-05, 1.86191082321e-05, 1.31887054522e-05, 1.2697873899e-05, 1.20194044939e-05, 1.03661077446e-05, 1.18898542496e-05, 9.10199196369e-06, 8.66715618031e-06, 6.62204274704e-06, 5.80529194849e-06, 5.97597045271e-06, 4.72948568131e-06, 4.37897051597e-06],
        "var": [1.59485953191e-05, 1.48563858602e-05, 2.6152179089e-06, 2.92857885142e-06, 7.012222909e-07, 3.44663220631e-07, 4.53949581924e-07, 4.56624832168e-07, 2.7883456255e-07, 8.41018774622e-08, 5.69120075511e-08, 3.32223407895e-07, 4.09686549574e-07, 2.25024152201e-07, 5.06936856937e-08, 6.79986413843e-08, 7.44049160062e-08, 1.03259999662e-07, 1.80929777827e-08, 1.64871476471e-08, 1.60034137053e-08, 1.84669912695e-09, 1.27057797616e-09, 9.25853727018e-10, 3.87701787341e-10, 9.05070407509e-10, 5.18710463471e-10, 3.46671163998e-10, 1.73941944182e-10, 1.61235996776e-10, 1.44466091867e-10, 1.07456196718e-10, 1.41368639017e-10, 8.28462576319e-11, 7.5119598042e-11, 4.38514502488e-11, 3.37014166574e-11, 3.57122213746e-11, 2.23680362427e-11, 1.91753835033e-11]
    },
    "melbands128": {
