{
"lowlevel": {
    "average_loudness": 0.964203059673,
    "barkbands_crest": {
        "dmean": 2.21250653267,
        "dmean2": 3.15843129158,
        "dvar": 4.36587142944,
        "dvar2": 8.60092639923,
        "max": 26.2974052429,
        "mean": 13.2949094772,
        "median": 12.5052700043,
        "min": 3.69230365753,
        "stdev": 4.73160552979,
        "var": 22.388092041
    },
    "barkbands_flatness_db": {
        "dmean": 0.0253609903157,
        "dmean2": 0.0349407345057,
        "dvar": 0.000674591923598,
        "dvar2": 0.00128465343732,
        "max": 0.503683388233,
        "mean": 0.185592740774,
        "median": 0.168920710683,
        "min": 0.0431330390275,
        "stdev": 0.0625467002392,
        "var": 0.0039120898582
    },
    "barkbands_kurtosis": {
        "dmean": 6.74851036072,
        "dmean2": 9.63822174072,
        "dvar": 310.426879883,
        "dvar2": 639.75579834,
        "max": 334.200958252,
        "mean": 12.9180698395,
        "median": 5.40575885773,
        "min": -1.89187526703,
        "stdev": 30.4075107574,
        "var": 924.616760254
    },
    "barkbands_skewness": {
        "dmean": 0.663214027882,
        "dmean2": 0.917976140976,
        "dvar": 0.764046370983,
        "dvar2": 1.42305910587,
        "max": 15.3983869553,
        "mean": 2.47950267792,
        "median": 2.22836589813,
        "min": -2.80250501633,
        "stdev": 1.968521595,
        "var": 3.87507748604
    },
    "barkbands_spread": {
        "dmean": 7.08157014847,
        "dmean2": 10.2941703796,
        "dvar": 121.710075378,
        "dvar2": 223.328231812,
        "max": 115.718536377,
        "mean": 24.4698448181,
        "median": 20.2677268982,
        "min": 0.262721508741,
        "stdev": 20.9850177765,
        "var": 440.371002197
    },
    "dissonance": {
        "dmean": 0.0241936743259,
        "dmean2": 0.0398756302893,
        "dvar": 0.000690238841344,
        "dvar2": 0.00165768619627,
        "max": 0.499836146832,
        "mean": 0.449742287397,
        "median": 0.458541691303,
        "min": 0.0504520274699,
        "stdev": 0.0372836217284,
        "var": 0.00139006844256
    },
    "dynamic_complexity": 1.26949799061,
    "erbbands_crest": {
        "dmean": 2.94179391861,
        "dmean2": 4.52621459961,
        "dvar": 7.1711473465,
        "dvar2": 15.4381532669,
        "max": 28.4936218262,
        "mean": 11.6953802109,
        "median": 10.6338386536,
        "min": 2.81945538521,
        "stdev": 5.31198406219,
        "var": 28.2171764374
    },
    "erbbands_flatness_db": {
        "dmean": 0.0155011080205,
        "dmean2": 0.0229311063886,
        "dvar": 0.000243871894781,
        "dvar2": 0.000532561214641,
        "max": 0.292695432901,
        "mean": 0.147399559617,
        "median": 0.144028902054,
        "min": 0.0703431367874,
        "stdev": 0.0364012829959,
        "var": 0.00132505327929
    },
    "erbbands_kurtosis": {
        "dmean": 1.48607957363,
        "dmean2": 2.24161052704,
        "dvar": 4.66660928726,
        "dvar2": 10.832909584,
        "max": 28.4636268616,
        "mean": 1.53888785839,
        "median": 0.589762449265,
        "min": -1.89031279087,
        "stdev": 3.14867472649,
        "var": 9.91415214539
    },
    "erbbands_skewness": {
        "dmean": 0.476974010468,
        "dmean2": 0.688753306866,
        "dvar": 0.274185448885,
        "dvar2": 0.601518630981,
        "max": 4.22771310806,
        "mean": 0.662985086441,
        "median": 0.692090332508,
        "min": -3.15391397476,
        "stdev": 1.04692268372,
        "var": 1.09604716301
    },
    "erbbands_spread": {
        "dmean": 11.6914167404,
        "dmean2": 17.143239975,
        "dvar": 185.345214844,
        "dvar2": 415.740814209,
        "max": 157.670074463,
        "mean": 49.1406211853,
        "median": 44.037563324,
        "min": 7.23978900909,
        "stdev": 27.0987987518,
        "var": 734.344848633
    },
    "hfc": {
        "dmean": 9.02180862427,
        "dmean2": 13.1283493042,
        "dvar": 247.784225464,
        "dvar2": 507.422393799,
        "max": 182.977828979,
        "mean": 34.518321991,
        "median": 28.3468666077,
        "min": 1.12496020677e-16,
        "stdev": 26.5121116638,
        "var": 702.892089844
    },
    "loudness_ebu128": {
        "integrated": -8.20768356323,
        "loudness_range": 1.02474021912,
        "momentary": {
            "dmean": 0.305322706699,
            "dmean2": 0.407551884651,
            "dvar": 0.070994861424,
            "dvar2": 0.14316546917,
            "max": -6.40218639374,
            "mean": -8.27673435211,
            "median": -8.18842506409,
            "min": -11.2310466766,
            "stdev": 0.798476696014,
            "var": 0.637565076351
        },
        "short_term": {
            "dmean": 0.0580565482378,
            "dmean2": 0.0711377933621,
            "dvar": 0.00219154311344,
            "dvar2": 0.00342019600794,
            "max": -7.35563755035,
            "mean": -8.28785514832,
            "median": -8.22200393677,
            "min": -9.42255496979,
            "stdev": 0.396141588688,
            "var": 0.156928166747
        }
    },
    "melbands_crest": {
        "dmean": 2.89994645119,
        "dmean2": 4.14856958389,
        "dvar": 9.48735713959,
        "dvar2": 17.6455783844,
        "max": 37.5725975037,
        "mean": 18.4195766449,
        "median": 16.4154052734,
        "min": 2.99244165421,
        "stdev": 7.37021255493,
        "var": 54.3200302124
    },
    "melbands_flatness_db": {
        "dmean": 0.0285451635718,
        "dmean2": 0.0386043414474,
        "dvar": 0.000995026552118,
        "dvar2": 0.00178004195914,
        "max": 0.633301138878,
        "mean": 0.243837505579,
        "median": 0.225168630481,
        "min": 0.00668795173988,
        "stdev": 0.0762285217643,
        "var": 0.00581078696996
    },
    "melbands_kurtosis": {
        "dmean": 15.927819252,
        "dmean2": 22.4181213379,
        "dvar": 1335.81555176,
        "dvar2": 2366.72851562,
        "max": 679.883544922,
        "mean": 35.3849639893,
        "median": 18.6065635681,
        "min": -1.72780585289,
        "stdev": 63.8578834534,
        "var": 4077.82910156
    },
    "melbands_skewness": {
        "dmean": 0.94641327858,
        "dmean2": 1.35617125034,
        "dvar": 1.47813665867,
        "dvar2": 2.63305020332,
        "max": 20.1855354309,
        "mean": 3.9921579361,
        "median": 3.46351861954,
        "min": -0.662436783314,
        "stdev": 2.73975372314,
        "var": 7.50625038147
    },
    "melbands_spread": {
        "dmean": 5.92854404449,
        "dmean2": 8.68613243103,
        "dvar": 129.110336304,
        "dvar2": 260.03338623,
        "max": 189.673492432,
        "mean": 18.8417930603,
        "median": 13.7036991119,
        "min": 0.26305782795,
        "stdev": 18.7663841248,
        "var": 352.177154541
    },
    "pitch_salience": {
        "dmean": 0.0640471205115,
        "dmean2": 0.0963454321027,
        "dvar": 0.00524023687467,
        "dvar2": 0.0103227943182,
        "max": 0.956369817257,
        "mean": 0.437914639711,
        "median": 0.445728123188,
        "min": 0.0687520876527,
        "stdev": 0.140546187758,
        "var": 0.0197532325983
    },
    "silence_rate_20dB": {
        "dmean": 0,
        "dmean2": 0,
        "dvar": 0,
        "dvar2": 0,
        "max": 1,
        "mean": 1,
        "median": 1,
        "min": 1,
        "stdev": 0,
        "var": 0
    },
    "silence_rate_30dB": {
        "dmean": 0.0557275526226,
        "dmean2": 0.111541442573,
        "dvar": 0.0526218824089,
        "dvar2": 0.103747956455,
        "max": 1,
        "mean": 0.810518145561,
        "median": 1,
        "min": 0,
        "stdev": 0.391890674829,
        "var": 0.153578311205
    },
    "silence_rate_60dB": {
        "dmean": 0.00232198135927,
        "dmean2": 0.00464755995199,
        "dvar": 0.00231662834994,
        "dvar2": 0.00462587177753,
        "max": 1,
        "mean": 0.00541376648471,
        "median": 0,
        "min": 0,
        "stdev": 0.0733780786395,
        "var": 0.00538434227929
    },
    "spectral_centroid": {
        "dmean": 293.262878418,
        "dmean2": 425.295471191,
        "dvar": 234316.859375,
        "dvar2": 375058.9375,
        "max": 11032.6240234,
        "mean": 1259.20800781,
        "median": 1099.80859375,
        "min": 121.147476196,
        "stdev": 815.030212402,
        "var": 664274.25
    },
    "spectral_complexity": {
        "dmean": 3.24225997925,
        "dmean2": 4.82571649551,
        "dvar": 10.462184906,
        "dvar2": 20.7201766968,
        "max": 52,
        "mean": 16.8020114899,
        "median": 17,
        "min": 0,
        "stdev": 6.73572015762,
        "var": 45.3699264526
    },
    "spectral_decrease": {
        "dmean": 3.16593706806e-09,
        "dmean2": 4.48100623274e-09,
        "dvar": 1.34953028013e-17,
        "dvar2": 2.3963084856e-17,
        "max": -1.70026728836e-28,
        "mean": -1.57632875641e-08,
        "median": -1.19344543137e-08,
        "min": -4.73377426147e-08,
        "stdev": 1.00897246114e-08,
        "var": 1.01802540738e-16
    },
    "spectral_energy": {
        "dmean": 0.0121223209426,
        "dmean2": 0.0172893665731,
        "dvar": 0.00018974536215,
        "dvar2": 0.000342163082678,
        "max": 0.181703463197,
        "mean": 0.0626252368093,
        "median": 0.0482649058104,
        "min": 1.08454477389e-20,
        "stdev": 0.0377555526793,
        "var": 0.00142548163421
    },
    "spectral_energyband_high": {
        "dmean": 0.00085646280786,
        "dmean2": 0.00125042174477,
        "dvar": 3.67752613784e-06,
        "dvar2": 7.14318912287e-06,
        "max": 0.019280070439,
        "mean": 0.00207165512256,
        "median": 0.00105050066486,
        "min": 7.77381108503e-21,
        "stdev": 0.00340004218742,
        "var": 1.15602861115e-05
    },
    "spectral_energyband_low": {
        "dmean": 0.0104752602056,
        "dmean2": 0.0143156899139,
        "dvar": 0.000271857366897,
        "dvar2": 0.000428447063314,
        "max": 0.172313541174,
        "mean": 0.0384632572532,
        "median": 0.02142954804,
        "min": 8.68239623601e-23,
        "stdev": 0.040343798697,
        "var": 0.00162762205582
    },
    "spectral_energyband_middle_high": {
        "dmean": 0.00171655102167,
        "dmean2": 0.00234745419584,
        "dvar": 5.37099049325e-06,
        "dvar2": 9.39998881222e-06,
        "max": 0.0388876497746,
        "mean": 0.00555090885609,
        "median": 0.00298301316798,
        "min": 1.8889184256e-21,
        "stdev": 0.00652383454144,
        "var": 4.25604193879e-05
    },
    "spectral_energyband_middle_low": {
        "dmean": 0.00746891461313,
        "dmean2": 0.0120186954737,
        "dvar": 0.000174784698174,
        "dvar2": 0.000459697534097,
        "max": 0.111747212708,
        "mean": 0.0177054367959,
        "median": 0.0142095889896,
        "min": 3.57330311616e-22,
        "stdev": 0.0145413251594,
        "var": 0.000211450125789
    },
    "spectral_entropy": {
        "dmean": 0.207948833704,
        "dmean2": 0.304980248213,
        "dvar": 0.058277130127,
        "dvar2": 0.115259334445,
        "max": 9.79638290405,
        "mean": 7.55368995667,
        "median": 7.53468561172,
        "min": 5.4290933609,
        "stdev": 0.480020582676,
        "var": 0.230419769883
    },
    "spectral_flux": {
        "dmean": 0.0327882170677,
        "dmean2": 0.0464851222932,
        "dvar": 0.00121077150106,
        "dvar2": 0.0020360131748,
        "max": 0.38222849369,
        "mean": 0.107787922025,
        "median": 0.0871667265892,
        "min": 1.04141480162e-10,
        "stdev": 0.0674022883177,
        "var": 0.00454306881875
    },
    "spectral_kurtosis": {
        "dmean": 1.13269019127,
        "dmean2": 1.75804889202,
        "dvar": 3.3732624054,
        "dvar2": 6.65513944626,
        "max": 40.7314987183,
        "mean": 2.91904568672,
        "median": 2.48829936981,
        "min": -1.45408141613,
        "stdev": 3.30818939209,
        "var": 10.9441165924
    },
    "spectral_rms": {
        "dmean": 0.000742857635487,
        "dmean2": 0.00105783622712,
        "dvar": 6.05194259151e-07,
        "dvar2": 9.78079583547e-07,
        "max": 0.0133143402636,
        "mean": 0.00749537860975,
        "median": 0.00686204852536,
        "min": 3.25283333255e-12,
        "stdev": 0.00221744156443,
        "var": 4.91704759042e-06
    },
    "spectral_rolloff": {
        "dmean": 535.813903809,
        "dmean2": 895.390014648,
        "dvar": 2113336,
        "dvar2": 4056978.5,
        "max": 18324.7558594,
        "mean": 1297.33764648,
        "median": 602.9296875,
        "min": 43.06640625,
        "stdev": 2135.13574219,
        "var": 4558804.5
    },
    "spectral_skewness": {
        "dmean": 0.213820964098,
        "dmean2": 0.315735250711,
        "dvar": 0.0763166993856,
        "dvar2": 0.146749153733,
        "max": 5.1774353981,
        "mean": 1.48657047749,
        "median": 1.53293097019,
        "min": -0.20432163775,
        "stdev": 0.588036477566,
        "var": 0.345786929131
    },
    "spectral_spread": {
        "dmean": 857944.375,
        "dmean2": 1262010.625,
        "dvar": 1.41986090189e+12,
        "dvar2": 2.03746666086e+12,
        "max": 41481432,
        "mean": 6895023,
        "median": 6672205,
        "min": 1850663,
        "stdev": 2418593.25,
        "var": 5.84959288934e+12
    },
    "spectral_strongpeak": {
        "dmean": 0.451317459345,
        "dmean2": 0.784448385239,
        "dvar": 0.958542406559,
        "dvar2": 2.46586918831,
        "max": 13.4997682571,
        "mean": 0.978416025639,
        "median": 0.492856413126,
        "min": 0,
        "stdev": 1.25294947624,
        "var": 1.56988239288
    },
    "zerocrossingrate": {
        "dmean": 0.0136968186125,
        "dmean2": 0.015139744617,
        "dvar": 0.000443940691184,
        "dvar2": 0.000430342479376,
        "max": 0.48681640625,
        "mean": 0.0603206716478,
        "median": 0.0537109375,
        "min": 0.001953125,
        "stdev": 0.0482601933181,
        "var": 0.00232904637232
    },
    "barkbands": {
        "dmean": [0.00149456120562, 0.00966779701412, 0.00425979914144, 0.00231743697077, 0.0034602091182, 0.0026974985376, 0.000479955982883, 0.000725661520846, 0.00121950556058, 0.000426873506512, 0.000718026305549, 0.000307251611957, 0.000231187921599, 0.000237352389377, 0.000288731971523, 0.000196999579202, 0.000173933047336, 0.000199061338208, 0.00025319508859, 0.0001066834011, 0.000124383746879, 0.000116440634883, 0.00019540557696, 0.000275695812888, 0.000316963967634, 2.74545727734e-05, 1.35917460398e-07],
        "dmean2": [0.00141642498784, 0.0133087327704, 0.00731138139963, 0.00420878920704, 0.00613436801359, 0.0039407867007, 0.000741773110349, 0.00112411566079, 0.00182766711805, 0.000655176700093, 0.000997018069029, 0.00044892920414, 0.000353756418917, 0.000358598743333, 0.000452400447102, 0.000303913489915, 0.000278325576801, 0.000306743138935, 0.000383328355383, 0.000163246193551, 0.000190941951587, 0.000182039279025, 0.000291498348815, 0.000408662046539, 0.000481874361867, 4.47169513791e-05, 2.41483746777e-07],
        "dvar": [1.08455305963e-05, 0.000321375060594, 0.000178839822183, 5.45503789908e-05, 8.00589332357e-05, 1.57565791596e-05, 1.38790335313e-06, 2.06697450267e-06, 4.8641209105e-06, 1.30595731207e-06, 3.04040122501e-06, 7.91441379988e-07, 1.98456632461e-07, 3.39329858434e-07, 4.56231362023e-07, 3.20818401178e-07, 1.73612079379e-07, 5.30517752395e-07, 3.85157392202e-07, 3.36980754412e-08, 1.12426995713e-07, 1.16502562264e-07, 2.6321487212e-07, 3.87334239349e-07, 5.27668078121e-07, 5.22381427004e-09, 2.87584165466e-13],
        "dvar2": [8.71498014021e-06, 0.000524038041476, 0.000459160393802, 0.000156479523866, 0.000229873141507, 3.12671763822e-05, 3.32360605171e-06, 4.71784915135e-06, 9.70477321971e-06, 2.50675020652e-06, 5.22882828591e-06, 1.46831132497e-06, 4.45408716132e-07, 7.70426652252e-07, 1.05855076526e-06, 6.81678557157e-07, 4.31849883853e-07, 1.3154771068e-06, 8.83356506165e-07, 7.98495349841e-08, 2.43972721137e-07, 2.51431856668e-07, 5.26958160663e-07, 8.73658052569e-07, 1.12717020784e-06, 1.33653426104e-08, 7.41339010579e-13],
        "max": [0.0331787467003, 0.166100636125, 0.088597394526, 0.0572636649013, 0.0654399618506, 0.0461797192693, 0.0270797759295, 0.0222122389823, 0.043418277055, 0.0183252859861, 0.0299647245556, 0.0343576408923, 0.0109904035926, 0.0107099879533, 0.0127171762288, 0.012445746921, 0.00788637064397, 0.0142357703298, 0.0147963538766, 0.00359016982839, 0.00604480784386, 0.00489815603942, 0.00877318717539, 0.00764261884615, 0.0105170141906, 0.00108443561476, 8.59560532263e-06],
        "mean": [0.0032436742913, 0.029631473124, 0.00455479789525, 0.00228617340326, 0.00436014682055, 0.00625069998205, 0.000847873976454, 0.00125055178069, 0.00244993134402, 0.000683523248881, 0.00159520597663, 0.000690418586601, 0.000397339696065, 0.00039435835788, 0.000455555215012, 0.000297046004562, 0.000303123961203, 0.00032705598278, 0.000435776804807, 0.000199982066988, 0.000228108314332, 0.000211252132431, 0.000360529171303, 0.00050470122369, 0.000623980071396, 4.18852032453e-05, 1.08224575968e-07],
        "median": [4.63175892946e-05, 0.017641030252, 0.00162010407075, 0.000744591234252, 0.00179043691605, 0.0031585842371, 0.000329040922225, 0.000433194596553, 0.000537413579877, 0.000185586759471, 0.000233342521824, 0.000133615816594, 0.000175985696842, 0.000112065921712, 0.000143877565279, 0.00010392520926, 0.000132120389026, 0.000103651414975, 0.000189704063814, 0.000104136954178, 8.21350549813e-05, 4.93123225169e-05, 0.000113722977403, 0.000195975022507, 0.000274601363344, 1.73487042048e-05, 3.43936679137e-09],
        "min": [7.25134275828e-24, 4.94355463475e-23, 2.74000012257e-23, 1.39867941504e-23, 4.80805041934e-23, 1.89170296576e-23, 3.92883843474e-23, 4.76996389929e-23, 9.83011754008e-23, 2.35230344975e-22, 5.42966082197e-23, 7.79961102706e-23, 1.17564180519e-22, 1.71595245536e-22, 3.34207195519e-22, 1.06611660954e-22, 1.40898244333e-22, 1.86303424585e-22, 2.29968074758e-22, 5.44388190149e-22, 5.16520018909e-22, 6.24892291186e-22, 6.64621143909e-22, 7.30932968306e-22, 1.32442056802e-21, 1.45488750896e-21, 2.39278047078e-21],
        "stdev": [0.00753900781274, 0.0350568518043, 0.0117227165028, 0.00597980618477, 0.00803462509066, 0.00785663444549, 0.00211647339165, 0.00239415979013, 0.00507257319987, 0.00165738875512, 0.00383385480382, 0.0026993448846, 0.000793835148215, 0.000908310874365, 0.000940348021686, 0.000805024639703, 0.000648611225188, 0.00084589922335, 0.00078959541861, 0.000264999369392, 0.000516436120961, 0.000553578720428, 0.000836730818264, 0.000963084923569, 0.00119151116814, 8.62511660671e-05, 4.90552679366e-07],
        "var": [5.68366376683e-05, 0.00122898293193, 0.000137422088301, 3.57580829586e-05, 6.45551990601e-05, 6.17266996414e-05, 4.47945922133e-06, 5.73200122744e-06, 2.5731000278e-05, 2.74693752544e-06, 1.46984430103e-05, 7.28646318748e-06, 6.301742701e-07, 8.25028621421e-07, 8.84254347966e-07, 6.48064656161e-07, 4.20696522951e-07, 7.15545468211e-07, 6.23460891802e-07, 7.02246722994e-08, 2.6670625175e-07, 3.0644937965e-07, 7.00118505392e-07, 9.27532539663e-07, 1.41969894685e-06, 7.4392634275e-09, 2.4064192479e-13]
    },
    "erbbands": {
        "dmean": [0.375391542912, 2.27843952179, 4.59107017517, 5.97534608841, 9.65161514282, 10.835940361, 20.3681793213, 22.3581180573, 7.22319889069, 10.5518159866, 17.8117599487, 32.5029563904, 14.1576213837, 14.9709749222, 28.6583309174, 14.5365285873, 10.514585495, 11.1910209656, 13.7984981537, 13.8914470673, 7.85858535767, 8.19709300995, 8.48389625549, 15.4600572586, 7.4507484436, 4.74462795258, 5.02841949463, 5.01564979553, 3.78971481323, 5.42111063004, 5.57346010208, 5.70617389679, 4.91345930099, 4.77079248428, 1.65791320801, 0.262733370066, 0.026786737144, 0.00171026168391, 5.73949837417e-05, 1.72743948497e-05],
        "dmean2": [0.410171806812, 3.14358901978, 7.19103717804, 10.3793430328, 17.642370224, 18.810956955, 32.1943244934, 31.9902095795, 10.8266868591, 16.5131587982, 27.2185020447, 47.9533233643, 21.5393733978, 22.0289154053, 39.5902175903, 19.8997211456, 15.7159795761, 16.6478214264, 21.2522773743, 20.9760475159, 12.3142557144, 12.9611854553, 12.747592926, 23.6540870667, 11.2128381729, 7.1665263176, 7.48347854614, 7.86046409607, 5.93921232224, 8.16578388214, 8.20343399048, 8.54894065857, 7.54833555222, 7.29479026794, 2.5435962677, 0.408634394407, 0.042409799993, 0.00280530494638, 8.96074707271e-05, 2.57059000432e-05],
        "dvar": [0.432437002659, 21.6130313873, 161.31427002, 333.444549561, 1113.04699707, 751.631896973, 1079.23339844, 1353.68383789, 302.004089355, 679.949157715, 1332.53662109, 3517.58398438, 1191.76196289, 1016.25494385, 5090.82910156, 1692.76916504, 402.265869141, 761.676452637, 1091.92932129, 1299.96838379, 310.131835938, 407.504455566, 503.46875, 2699.0690918, 150.441894531, 69.0448455811, 108.71333313, 253.776657104, 114.890731812, 280.211639404, 198.018981934, 155.280059814, 146.327148438, 128.204910278, 13.9993028641, 0.491729795933, 0.00443529104814, 1.69809354702e-05, 1.60305226871e-08, 4.47019588012e-10],
        "dvar2": [0.466533958912, 34.763458252, 367.345306396, 908.577453613, 3227.92529297, 2065.44702148, 2445.70996094, 2702.00585938, 633.97668457, 1592.14440918, 2924.44335938, 6769.93554688, 2430.78540039, 2014.33581543, 9171.7734375, 2613.74023438, 896.835510254, 1725.44812012, 2526.85351562, 2561.83764648, 688.411193848, 983.962341309, 1058.48168945, 6779.84716797, 331.846008301, 163.063400269, 205.393661499, 620.529541016, 240.142715454, 596.078796387, 390.501098633, 315.692352295, 343.95199585, 286.856018066, 32.6881599426, 1.25733911991, 0.0113013926893, 4.40167132183e-05, 3.92145764749e-08, 9.54382461948e-10],
        "max": [8.2844877243, 42.4615936279, 95.4521865845, 142.099319458, 245.234786987, 225.83833313, 455.174285889, 535.559997559, 352.981964111, 644.412231445, 604.596801758, 1208.44311523, 746.153808594, 501.249511719, 1394.51098633, 1736.29333496, 523.340026855, 598.401367188, 620.327026367, 908.525756836, 371.403198242, 364.369293213, 644.851623535, 1067.55993652, 205.157302856, 174.217529297, 202.870666504, 331.238464355, 135.329879761, 316.42364502, 231.518127441, 160.790420532, 155.728408813, 160.99156189, 56.6127815247, 10.9688386917, 0.75315117836, 0.0408492609859, 0.00133433716837, 0.000257412059],
        "mean": [1.06045269966, 5.66384601593, 6.92489671707, 6.57607364655, 8.5732383728, 13.9645147324, 44.6387481689, 48.1293754578, 14.1414575577, 18.6034755707, 33.3963050842, 67.7859649658, 24.6526813507, 27.6343269348, 66.0988311768, 34.6312408447, 19.7440071106, 20.8662719727, 22.9412002563, 24.1881999969, 13.9255247116, 15.6842327118, 16.8763313293, 27.2772140503, 14.5000677109, 9.43947124481, 9.58689403534, 8.72573280334, 7.05900859833, 9.69995498657, 10.3272542953, 10.1720438004, 8.9044046402, 9.14757347107, 2.94564270973, 0.427710860968, 0.0441463217139, 0.00252830749378, 0.000133305744384, 8.6449268565e-05],
        "median": [0.329076468945, 4.17693519592, 3.22628331184, 2.3787112236, 2.23803281784, 4.96718835831, 20.6615943909, 20.0520191193, 6.94762802124, 7.39950323105, 13.3269815445, 16.2977848053, 9.69818973541, 9.71399784088, 12.213142395, 9.16143989563, 9.32340431213, 7.86207008362, 8.28672409058, 7.60165405273, 6.41457748413, 7.03690004349, 6.59386539459, 9.32452964783, 7.68366384506, 5.17939662933, 4.41144657135, 2.63974428177, 1.67174804211, 2.32362437248, 3.47150278091, 3.60559248924, 3.46757078171, 3.99424171448, 1.18781614304, 0.170774891973, 0.0198272578418, 0.00111800909508, 8.70117728482e-05, 7.10668755346e-05],
        "min": [1.56919252012e-21, 1.07015538553e-20, 2.83637517858e-20, 4.1766559251e-20, 4.3716469524e-20, 1.80058543166e-19, 2.63927639168e-19, 1.83203147812e-19, 5.3320796408e-19, 6.50703645118e-19, 1.04023576517e-18, 1.84435034294e-18, 7.00194243738e-18, 5.1901732912e-18, 3.26002694794e-18, 2.67985859631e-18, 5.70608128975e-18, 8.66835485683e-18, 1.31800353185e-17, 1.31740316416e-17, 6.29584700443e-18, 9.09805533271e-18, 9.69534177352e-18, 8.77097074772e-18, 1.73964718585e-17, 2.37891105752e-17, 1.76017152209e-17, 2.57561626154e-17, 2.24904535571e-17, 2.25397799914e-17, 1.74001610841e-17, 1.18160434397e-17, 1.44835057006e-17, 1.07712241634e-17, 1.16100580964e-17, 5.6386375321e-18, 2.83725803879e-18, 1.2387326424e-18, 3.43122428002e-19, 3.3309516367e-20],
        "stdev": [1.69838404655, 6.98195075989, 13.04155159, 15.7355775833, 26.244884491, 27.1272277832, 57.6058387756, 70.903175354, 27.6900367737, 46.0830459595, 63.01795578, 139.876815796, 52.074596405, 54.2124900818, 156.466247559, 132.271224976, 37.3731422424, 45.4735565186, 46.884765625, 55.8008460999, 26.7903556824, 32.7648277283, 37.3436584473, 63.5218315125, 20.0540771484, 11.8998823166, 17.642660141, 22.3839607239, 17.7992515564, 27.0824394226, 22.7008247375, 19.8566608429, 17.6680965424, 17.7716846466, 5.75398731232, 0.913433551788, 0.0778155475855, 0.00430463207886, 0.00016233191127, 4.49841645604e-05],
        "var": [2.88450837135, 48.7476387024, 170.082077026, 247.608398438, 688.794006348, 735.886535645, 3318.43261719, 5027.26074219, 766.738098145, 2123.64697266, 3971.26293945, 19565.5214844, 2711.76342773, 2938.99414062, 24481.6855469, 17495.6757812, 1396.75170898, 2067.84423828, 2198.18139648, 3113.734375, 717.723144531, 1073.53405762, 1394.5489502, 4035.02319336, 402.166015625, 141.607192993, 311.263458252, 501.041656494, 316.813354492, 733.458496094, 515.327453613, 394.286956787, 312.161651611, 315.832763672, 33.1083717346, 0.834360897541, 0.0060552591458, 1.8529857698e-05, 2.63516479748e-08, 2.02357508527e-09]
    },
    "gfcc": {
        "mean": [31.835817337, 83.0202560425, -90.2986831665, 42.4411468506, -66.5345535278, 30.6159038544, -44.0049552917, 25.9589824677, -25.2442016602, 6.52004241943, -2.72332668304, 0.0554263778031, 1.32051897049],
        "cov": [[3368.72241211, -321.698516846, -368.613922119, 158.387664795, -11.7802772522, 251.910507202, -84.9797515869, 243.701293945, -86.076713562, 84.9087982178, -73.6890029907, 60.308139801, -53.5971374512], [-321.698516846, 1077.03491211, 46.7925186157, -94.3962554932, 323.949676514, -105.668006897, 155.967834473, 3.80389451981, 64.1249542236, -75.9235839844, 99.9626998901, -75.9988632202, 24.4785308838], [-368.613922119, 46.7925186157, 935.909912109, 376.083862305, -70.8282775879, 56.9283256531, 26.6070747375, 24.9755249023, 39.5693435669, -23.1950969696, 47.102230072, -2.76168060303, 2.78157758713], [158.387664795, -94.3962554932, 376.083862305, 671.182800293, 81.3554840088, -49.9982643127, 31.3752174377, 61.2392234802, 92.4937438965, -38.6015014648, 47.5131530762, 33.0486373901, 13.6418437958], [-11.7802772522, 323.949676514, -70.8282775879, 81.3554840088, 405.677124023, 60.4200248718, 108.184890747, 71.7928466797, 59.9623222351, 18.6251468658, 53.0386161804, 7.88440656662, 24.5172023773], [251.910507202, -105.668006897, 56.9283256531, -49.9982643127, 60.4200248718, 307.164367676, 120.373527527, 8.16455459595, 8.44709205627, 58.11536026, -13.9110736847, -12.0991811752, -8.42324733734], [-84.9797515869, 155.967834473, 26.6070747375, 31.3752174377, 108.184890747, 120.373527527, 256.532287598, 38.6684684753, 45.7863960266, 14.9746656418, 28.1045703888, -8.63639259338, -6.21246957779], [243.701293945, 3.80389451981, 24.9755249023, 61.2392234802, 71.7928466797, 8.16455459595, 38.6684684753, 223.424057007, 71.2360687256, 28.5317611694, 42.132610321, 3.63937139511, 21.4369850159], [-86.076713562, 64.1249542236, 39.5693435669, 92.4937438965, 59.9623222351, 8.44709205627, 45.7863960266, 71.2360687256, 159.30065918, 19.3955593109, 22.1395778656, -16.5942077637, 18.541135788], [84.9087982178, -75.9235839844, -23.1950969696, -38.6015014648, 18.6251468658, 58.11536026, 14.9746656418, 28.5317611694, 19.3955593109, 103.197853088, 24.4496307373, 8.05945682526, 16.6640815735], [-73.6890029907, 99.9626998901, 47.102230072, 47.5131530762, 53.0386161804, -13.9110736847, 28.1045703888, 42.132610321, 22.1395778656, 24.4496307373, 132.500976562, 37.8925323486, 36.7398223877], [60.308139801, -75.9988632202, -2.76168060303, 33.0486373901, 7.88440656662, -12.0991811752, -8.63639259338, 3.63937139511, -16.5942077637, 8.05945682526, 37.8925323486, 109.122558594, 24.6715774536], [-53.5971374512, 24.4785308838, 2.78157758713, 13.6418437958, 24.5172023773, -8.42324733734, -6.21246957779, 21.4369850159, 18.541135788, 16.6640815735, 36.7398223877, 24.6715774536, 92.2842254639]],
        "icov": [[0.000729340710677, -0.000864588655531, 0.000883580301888, -0.00118787225801, 0.00106419611257, -0.00171240139753, 0.00115003378596, -0.00145875907037, 0.00103545433376, -0.000903822889086, 0.000877917627804, -0.000976881361566, 0.000645959342364], [-0.000864588655531, 0.00393776921555, -0.00197846395895, 0.00307222106494, -0.00389338610694, 0.00419114157557, -0.0030231657438, 0.00269173737615, -0.00191819330212, 0.00336027913727, -0.0029902108945, 0.00345060112886, -0.00130646745674], [0.000883580301888, -0.00197846395895, 0.00296674529091, -0.00295162247494, 0.00275742146187, -0.0034758602269, 0.00201437924989, -0.00211270339787, 0.00154940551147, -0.00141444813926, 0.00092161615612, -0.00144077010918, 0.000923791434616], [-0.00118787225801, 0.00307222106494, -0.00295162247494, 0.0052831582725, -0.0038064327091, 0.00461456552148, -0.00291316839866, 0.00279105920345, -0.0031862272881, 0.003499584971, -0.0024361666292, 0.00194772344548, -0.00115143414587], [0.00106419611257, -0.00389338610694, 0.00275742146187, -0.0038064327091, 0.00722321635112, -0.00504492036998, 0.00230139773339, -0.0034852810204, 0.00174389022868, -0.00309493136592, 0.0020647556521, -0.00330607616343, 0.000985764083453], [-0.00171240139753, 0.00419114157557, -0.0034758602269, 0.00461456552148, -0.00504492036998, 0.0107251154259, -0.0061969216913, 0.00435920897871, -0.00251124845818, 0.000887643545866, -0.00182582670823, 0.00388234481215, -0.0017609493807], [0.00115003378596, -0.0030231657438, 0.00201437924989, -0.00291316839866, 0.00230139773339, -0.0061969216913, 0.00844353996217, -0.00308059412055, 0.000969196553342, -0.00172461697366, 0.00110540853348, -0.00251854374073, 0.00229664333165], [-0.00145875907037, 0.00269173737615, -0.00211270339787, 0.00279105920345, -0.0034852810204, 0.00435920897871, -0.00308059412055, 0.00887322425842, -0.00421308306977, 0.00155313161667, -0.00330362678505, 0.00275602424517, -0.00171043130103], [0.00103545433376, -0.00191819330212, 0.00154940551147, -0.0031862272881, 0.00174389022868, -0.00251124845818, 0.000969196553342, -0.00421308306977, 0.0103852450848, -0.00329835154116, 0.00169087119866, 0.00022075221932, -0.000337240402587], [-0.000903822889086, 0.00336027913727, -0.00141444813926, 0.003499584971, -0.00309493136592, 0.000887643545866, -0.00172461697366, 0.00155313161667, -0.00329835154116, 0.0157639812678, -0.00500921625644, 0.00247503863648, -0.00231587328017], [0.000877917627804, -0.0029902108945, 0.00092161615612, -0.0024361666292, 0.0020647556521, -0.00182582670823, 0.00110540853348, -0.00330362678505, 0.00169087119866, -0.00500921625644, 0.0132886394858, -0.00561740994453, -0.00146181858145], [-0.000976881361566, 0.00345060112886, -0.00144077010918, 0.00194772344548, -0.00330607616343, 0.00388234481215, -0.00251854374073, 0.00275602424517, 0.00022075221932, 0.00247503863648, -0.00561740994453, 0.014432922937, -0.0034176344052], [0.000645959342364, -0.00130646745674, 0.000923791434616, -0.00115143414587, 0.000985764083453, -0.0017609493807, 0.00229664333165, -0.00171043130103, -0.000337240402587, -0.00231587328017, -0.00146181858145, -0.0034176344052, 0.0138110648841]]
    },
    "melbands": {
        "dmean": [0.00285315071233, 0.00211251853034, 0.00102127040736, 0.000718582537957, 0.00065285153687, 0.000482516479678, 0.000104203172668, 0.000122337296489, 0.000160131879966, 0.000196083579795, 6.80479497532e-05, 5.92147880525e-05, 0.000100869314338, 4.70039303764e-05, 2.58257277892e-05, 2.33166701946e-05, 2.22315011342e-05, 2.41590460064e-05, 1.62092983373e-05, 1.99450987566e-05, 8.50462220114e-06, 9.88025567494e-06, 8.09370339994e-06, 9.99526491796e-06, 1.40383517646e-05, 7.14611314834e-06, 4.06519302487e-06, 3.24021243614e-06, 3.44494378623e-06, 3.365762268e-06, 3.07633217744e-06, 2.43670615419e-06, 2.40431472776e-06, 3.49223296325e-06, 3.4642225728e-06, 3.41659892911e-06, 3.67561551684e-06, 3.1896481687e-06, 4.41668362328e-06, 4.35360379925e-06],
        "dmean2": [0.00355869298801, 0.00290669570677, 0.00172752945218, 0.00129112170544, 0.00102840398904, 0.000689030217472, 0.000156814712682, 0.000192627368961, 0.000241234709392, 0.000292332697427, 0.000103937847598, 8.78958671819e-05, 0.000137298178743, 6.59903962514e-05, 3.75776508008e-05, 3.5741548345e-05, 3.30351103912e-05, 3.75309100491e-05, 2.45221526711e-05, 3.0677048926e-05, 1.37127372e-05, 1.57782797032e-05, 1.24905709527e-05, 1.4814540009e-05, 2.17736160266e-05, 1.10636892714e-05, 6.15365161138e-06, 4.95567428516e-06, 5.24433426108e-06, 5.34828086529e-06, 4.80749486087e-06, 3.89619572161e-06, 3.77434457732e-06, 5.26896292286e-06, 5.20031790074e-06, 5.19433888257e-06, 5.59926866117e-06, 4.91035052619e-06, 6.79279628457e-06, 6.7719342951e-06],
        "dvar": [2.38315060415e-05, 2.07982011489e-05, 8.80808511283e-06, 5.02666625835e-06, 9.9659814623e-07, 5.83480243677e-07, 5.87757895687e-08, 7.06476797063e-08, 8.74283756502e-08, 1.29733223275e-07, 3.16982955439e-08, 1.81202981508e-08, 5.92232716201e-08, 1.39270488475e-08, 3.86287490883e-09, 2.85946621936e-09, 3.14833914494e-09, 3.41049499752e-09, 1.39052191983e-09, 3.0072984103e-09, 3.52820994642e-10, 6.87326140447e-10, 4.71082506337e-10, 1.11822184845e-09, 2.40894215686e-09, 1.67538746765e-10, 4.96171055631e-11, 3.65509705835e-11, 4.97783689268e-11, 8.99528437848e-11, 9.99383076294e-11, 4.63469054801e-11, 7.07349109841e-11, 1.04609390594e-10, 7.72023139861e-11, 6.45321088233e-11, 6.49964734811e-11, 5.91843865583e-11, 1.04878924989e-10, 1.13010358016e-10],
        "dvar2": [3.2161395211e-05, 3.60795493179e-05, 2.22943326662e-05, 1.45165849972e-05, 2.3150355446e-06, 1.14172837584e-06, 1.25029600895e-07, 1.69652849991e-07, 1.88290243841e-07, 2.58053347579e-07, 6.52576659377e-08, 3.59322420707e-08, 1.00513844359e-07, 2.48218778864e-08, 6.79180267582e-09, 6.37581720753e-09, 7.12531811331e-09, 8.04830779799e-09, 3.07095815444e-09, 5.65153124299e-09, 8.64060323291e-10, 1.64742641751e-09, 8.91172524664e-10, 2.50183562756e-09, 6.05762728867e-09, 3.81700338004e-10, 1.09386971703e-10, 8.86850801129e-11, 9.93784221581e-11, 2.13851963915e-10, 2.42219105884e-10, 1.03615678537e-10, 1.67529989881e-10, 2.21900567365e-10, 1.54215779036e-10, 1.36000891104e-10, 1.44224007737e-10, 1.40431027917e-10, 2.36194147574e-10, 2.66923261272e-10],
        "max": [0.0550834797323, 0.039553809911, 0.0213904082775, 0.0167382415384, 0.0131870517507, 0.0105356583372, 0.004526570905, 0.00587485916913, 0.00444812327623, 0.00651636486873, 0.003660190152, 0.00217313203029, 0.00419242167845, 0.00398992514238, 0.00190651323646, 0.00146546086762, 0.00117976649199, 0.000920153106563, 0.000906474480871, 0.00118736131117, 0.000356016942533, 0.000493362662382, 0.000696421426255, 0.000831288518384, 0.00106974621303, 0.000236250285525, 0.000104332189949, 0.000130393571453, 0.000168119498994, 0.000153419590788, 0.000217881432036, 8.99395963643e-05, 0.000154274035594, 0.000180170100066, 0.000152112363139, 0.000141895492561, 0.000122079130961, 0.00010145453416, 0.000175872497493, 0.000149030718603],
        "mean": [0.00890882965177, 0.00488959625363, 0.00119816372171, 0.000740414077882, 0.00141653721221, 0.00107244914398, 0.000195121654542, 0.000208688928979, 0.000304624554701, 0.000399317184929, 0.000108319698484, 0.000100542834844, 0.000227251046454, 0.000110662716907, 5.18919441674e-05, 4.15175964008e-05, 3.8409132685e-05, 3.76508542104e-05, 2.64966474788e-05, 3.18775528285e-05, 1.37445031214e-05, 1.69548311533e-05, 1.4708532035e-05, 1.70576622622e-05, 2.32840029639e-05, 1.24000944197e-05, 7.44986755308e-06, 5.83854762226e-06, 6.16880561211e-06, 5.28095188201e-06, 5.08395669385e-06, 4.17515229856e-06, 3.8503558244e-06, 6.02430418439e-06, 6.17842624706e-06, 5.8153500504e-06, 6.01676219958e-06, 5.24861889062e-06, 7.97583561507e-06, 7.79933816375e-06],
        "median": [0.00413526734337, 0.00318422238342, 0.000422959565185, 0.000245273316978, 0.000760941591579, 0.000482137344079, 8.78535502125e-05, 8.3552004071e-05, 0.000107795662188, 8.54640893522e-05, 3.47818167938e-05, 2.88526953227e-05, 3.54839648935e-05, 2.12318063859e-05, 1.99173427973e-05, 1.5976411305e-05, 1.05337840068e-05, 1.22002284115e-05, 9.2860964287e-06, 8.91507625056e-06, 6.42434270048e-06, 7.15665782991e-06, 6.18778813077e-06, 5.15456258654e-06, 7.05581169314e-06, 5.61173283131e-06, 3.62645300811e-06, 3.2489399473e-06, 2.6979996619e-06, 1.82457768005e-06, 1.30181615532e-06, 9.79490437203e-07, 7.66254800055e-07, 1.38718280596e-06, 1.75964021309e-06, 2.08958863368e-06, 1.9546216663e-06, 1.8128910142e-06, 3.03253750644e-06, 3.34888318321e-06],
        "min": [1.41593416962e-23, 1.43981866902e-23, 7.40352270437e-24, 6.99779339702e-24, 1.06517158573e-23, 3.73681123107e-24, 8.29124050279e-24, 7.55394585722e-24, 7.89618685007e-24, 1.40115833155e-23, 3.55738813139e-23, 2.16887524015e-23, 9.96532640597e-24, 7.72112914887e-24, 1.20110020831e-23, 1.26295810511e-23, 1.48052057851e-23, 1.80815502283e-23, 2.47368099651e-23, 9.82187362808e-24, 6.59740704457e-24, 8.89240221081e-24, 8.96886807607e-24, 9.07236347139e-24, 6.61287069047e-24, 8.59950683417e-24, 1.78780761796e-23, 1.57654593438e-23, 1.1362949694e-23, 1.14924183347e-23, 1.67464457447e-23, 1.2751890779e-23, 1.13108170322e-23, 1.36162283179e-23, 1.16732007994e-23, 6.21501342608e-24, 7.45561040108e-24, 1.11362649909e-23, 8.82605585323e-24, 8.40719280067e-24],
        "stdev": [0.0117096342146, 0.00640091765672, 0.00276875961572, 0.00183197518345, 0.00170752650592, 0.0014968306059, 0.000405126484111, 0.000449374696473, 0.000557245512027, 0.000816086481791, 0.000260862288997, 0.000219929104787, 0.000541685440112, 0.00033965689363, 0.000153312823386, 9.85561127891e-05, 9.46473082877e-05, 7.92042919784e-05, 5.44292852283e-05, 8.49870484672e-05, 2.5369996365e-05, 3.78097611247e-05, 4.18217859988e-05, 4.45381956524e-05, 5.92319083808e-05, 1.95873799385e-05, 1.11936105895e-05, 7.93769868324e-06, 1.14210542961e-05, 1.27080229504e-05, 1.3765771655e-05, 1.04191112769e-05, 1.19274372992e-05, 1.65664860106e-05, 1.41201417136e-05, 1.18981815831e-05, 1.2174733456e-05, 1.08990670924e-05, 1.60911677085e-05, 1.54704230226e-05],
        "var": [0.000137115537655, 4.09717467846e-05, 7.66602988733e-06, 3.35613299285e-06, 2.91564674626e-06, 2.24050199904e-06, 1.64127456515e-07, 2.01937609745e-07, 3.10522551672e-07, 6.65997163196e-07, 6.80491396565e-08, 4.83688111785e-08, 2.93423141784e-07, 1.15366809439e-07, 2.35048229769e-08, 9.71330749167e-09, 8.95811247403e-09, 6.27332008563e-09, 2.96254709653e-09, 7.2227988035e-09, 6.43636755004e-10, 1.4295779005e-09, 1.74906167327e-09, 1.98365102122e-09, 3.50841911079e-09, 3.83665432757e-10, 1.25296925613e-10, 6.30070648433e-11, 1.30440477863e-10, 1.61493846074e-10, 1.8949646019e-10, 1.08557884904e-10, 1.42263770209e-10, 2.74448436199e-10, 1.99378402677e-10, 1.41566716683e-10, 1.48224127416e-10, 1.18789672543e-10, 2.58925686447e-10, 2.39333997065e-10]
    },
    "melbands128": {
