{
"lowlevel": {
    "average_loudness": 0.950667977333,
    "barkbands_crest": {
        "dmean": 2.75927114487,
        "dmean2": 4.38028430939,
        "dvar": 8.13685894012,
        "dvar2": 19.9293766022,
        "max": 26.2968101501,
        "mean": 12.5159349442,
        "median": 11.7542304993,
        "min": 3.09242868423,
        "stdev": 4.83735322952,
        "var": 23.3999862671
    },
    "barkbands_flatness_db": {
        "dmean": 0.0300520453602,
        "dmean2": 0.044618729502,
        "dvar": 0.000975354050752,
        "dvar2": 0.00198008795269,
        "max": 0.379499286413,
        "mean": 0.162055060267,
        "median": 0.158310011029,
        "min": 0.0286116097122,
        "stdev": 0.0579328648746,
        "var": 0.0033562167082
    },
    "barkbands_kurtosis": {
        "dmean": 5.77186107635,
        "dmean2": 8.78440856934,
        "dvar": 169.505950928,
        "dvar2": 340.174102783,
        "max": 154.99861145,
        "mean": 8.38616752625,
        "median": 0.697481870651,
        "min": -1.76781892776,
        "stdev": 18.9230537415,
        "var": 358.081970215
    },
    "barkbands_skewness": {
        "dmean": 0.779988467693,
        "dmean2": 1.13912069798,
        "dvar": 0.934685587883,
        "dvar2": 1.70668172836,
        "max": 11.5965824127,
        "mean": 1.81444370747,
        "median": 1.13960313797,
        "min": -1.7890869379,
        "stdev": 2.00044894218,
        "var": 4.00179624557
    },
    "barkbands_spread": {
        "dmean": 6.49465322495,
        "dmean2": 10.0200376511,
        "dvar": 56.3597335815,
        "dvar2": 124.044288635,
        "max": 77.8698501587,
        "mean": 23.0004711151,
        "median": 22.9073219299,
        "min": 0.952177524567,
        "stdev": 13.205324173,
        "var": 174.380584717
    },
    "dissonance": {
        "dmean": 0.0242021270096,
        "dmean2": 0.0400055162609,
        "dvar": 0.000660233781673,
        "dvar2": 0.00172818626743,
        "max": 0.499993622303,
        "mean": 0.461363315582,
        "median": 0.471089690924,
        "min": 0.259627819061,
        "stdev": 0.0334343798459,
        "var": 0.00111785787158
    },
    "dynamic_complexity": 2.48444032669,
    "erbbands_crest": {
        "dmean": 3.31859517097,
        "dmean2": 5.22192192078,
        "dvar": 8.80981731415,
        "dvar2": 20.7018604279,
        "max": 32.9944419861,
        "mean": 11.4531469345,
        "median": 10.1640548706,
        "min": 2.65861439705,
        "stdev": 5.81413936615,
        "var": 33.8042144775
    },
    "erbbands_flatness_db": {
        "dmean": 0.022461950779,
        "dmean2": 0.032787527889,
        "dvar": 0.000424201367423,
        "dvar2": 0.00085398304509,
        "max": 0.334509044886,
        "mean": 0.161034315825,
        "median": 0.155625015497,
        "min": 0.059022475034,
        "stdev": 0.0467831902206,
        "var": 0.0021886669565
    },
    "erbbands_kurtosis": {
        "dmean": 1.61585891247,
        "dmean2": 2.46158361435,
        "dvar": 5.84519672394,
        "dvar2": 13.1533880234,
        "max": 44.1025886536,
        "mean": 2.23983359337,
        "median": 0.9476146698,
        "min": -1.62437784672,
        "stdev": 4.73466920853,
        "var": 22.417093277
    },
    "erbbands_skewness": {
        "dmean": 0.458669662476,
        "dmean2": 0.697952747345,
        "dvar": 0.168538182974,
        "dvar2": 0.394283443689,
        "max": 5.23029661179,
        "mean": 0.258571177721,
        "median": 0.272027850151,
        "min": -3.00096821785,
        "stdev": 0.81127601862,
        "var": 0.65816873312
    },
    "erbbands_spread": {
        "dmean": 8.85373210907,
        "dmean2": 13.2565841675,
        "dvar": 105.477455139,
        "dvar2": 228.607696533,
        "max": 175.486068726,
        "mean": 31.6165103912,
        "median": 27.5990562439,
        "min": 2.27749204636,
        "stdev": 19.8112411499,
        "var": 392.485290527
    },
    "hfc": {
        "dmean": 9.45272445679,
        "dmean2": 12.8968381882,
        "dvar": 111.30594635,
        "dvar2": 193.710037231,
        "max": 110.356903076,
        "mean": 29.6410655975,
        "median": 28.8585166931,
        "min": 1.2279598102e-16,
        "stdev": 20.5830612183,
        "var": 423.662414551
    },
    "loudness_ebu128": {
        "integrated": -5.88544845581,
        "loudness_range": 1.96885728836,
        "momentary": {
            "dmean": 0.594446778297,
            "dmean2": 0.730592370033,
            "dvar": 0.280396610498,
            "dvar2": 0.531017541885,
            "max": -3.01751661301,
            "mean": -6.09143018723,
            "median": -5.9998831749,
            "min": -11.6507349014,
            "stdev": 1.38523113728,
            "var": 1.91886532307
        },
        "short_term": {
            "dmean": 0.0734705030918,
            "dmean2": 0.0755519494414,
            "dvar": 0.00292113679461,
            "dvar2": 0.00399072794244,
            "max": -4.45003223419,
            "mean": -5.85108852386,
            "median": -5.99716043472,
            "min": -7.06807422638,
            "stdev": 0.649840593338,
            "var": 0.42229282856
        }
    },
    "melbands_crest": {
        "dmean": 3.49543571472,
        "dmean2": 5.47839593887,
        "dvar": 13.025308609,
        "dvar2": 32.7716445923,
        "max": 38.5407905579,
        "mean": 20.4384765625,
        "median": 19.730014801,
        "min": 2.86563897133,
        "stdev": 7.67368221283,
        "var": 58.8853988647
    },
    "melbands_flatness_db": {
        "dmean": 0.0348082669079,
        "dmean2": 0.0509815067053,
        "dvar": 0.00131291302387,
        "dvar2": 0.00264027388766,
        "max": 0.486335635185,
        "mean": 0.231208980083,
        "median": 0.228240653872,
        "min": 0.00572597747669,
        "stdev": 0.0743094310164,
        "var": 0.00552189117298
    },
    "melbands_kurtosis": {
        "dmean": 14.4114398956,
        "dmean2": 22.2283554077,
        "dvar": 1201.33654785,
        "dvar2": 2805.82348633,
        "max": 460.883209229,
        "mean": 22.0198135376,
        "median": 4.76051950455,
        "min": -1.76132678986,
        "stdev": 44.926700592,
        "var": 2018.40856934
    },
    "melbands_skewness": {
        "dmean": 1.09475553036,
        "dmean2": 1.64847624302,
        "dvar": 2.11949706078,
        "dvar2": 4.38164997101,
        "max": 19.4177474976,
        "mean": 3.00615286827,
        "median": 2.16779112816,
        "min": -1.09067392349,
        "stdev": 2.71428513527,
        "var": 7.36734437943
    },
    "melbands_spread": {
        "dmean": 7.7316865921,
        "dmean2": 11.6732568741,
        "dvar": 95.5237350464,
        "dvar2": 190.885620117,
        "max": 167.885421753,
        "mean": 25.4286880493,
        "median": 25.7657279968,
        "min": 0.782126486301,
        "stdev": 18.3732719421,
        "var": 337.577087402
    },
    "pitch_salience": {
        "dmean": 0.0816641971469,
        "dmean2": 0.131433010101,
        "dvar": 0.00725654931739,
        "dvar2": 0.0177894476801,
        "max": 0.853212893009,
        "mean": 0.422170311213,
        "median": 0.417095243931,
        "min": 0.0679974108934,
        "stdev": 0.136220276356,
        "var": 0.0185559634119
    },
    "silence_rate_20dB": {
        "dmean": 0,
        "dmean2": 0,
        "dvar": 0,
        "dvar2": 0,
        "max": 1,
        "mean": 1,
        "median": 1,
        "min": 1,
        "stdev": 0,
        "var": 0
    },
    "silence_rate_30dB": {
        "dmean": 0.0464396290481,
        "dmean2": 0.0929512009025,
        "dvar": 0.0442824177444,
        "dvar2": 0.0920554921031,
        "max": 1,
        "mean": 0.940448582172,
        "median": 1,
        "min": 0,
        "stdev": 0.236655712128,
        "var": 0.0560059286654
    },
    "silence_rate_60dB": {
        "dmean": 0.0193498451263,
        "dmean2": 0.0379550717771,
        "dvar": 0.0189755316824,
        "dvar2": 0.0427116192877,
        "max": 1,
        "mean": 0.0286156218499,
        "median": 0,
        "min": 0,
        "stdev": 0.166723132133,
        "var": 0.0277966037393
    },
    "spectral_centroid": {
        "dmean": 295.332275391,
        "dmean2": 437.972320557,
        "dvar": 175538.640625,
        "dvar2": 279553.75,
        "max": 11264.7119141,
        "mean": 1469.31274414,
        "median": 1446.9909668,
        "min": 255.208023071,
        "stdev": 644.038146973,
        "var": 414785.125
    },
    "spectral_complexity": {
        "dmean": 5.09210538864,
        "dmean2": 6.99457788467,
        "dvar": 29.5078010559,
        "dvar2": 48.1912460327,
        "max": 50,
        "mean": 17.9048728943,
        "median": 16,
        "min": 0,
        "stdev": 10.0728740692,
        "var": 101.462783813
    },
    "spectral_decrease": {
        "dmean": 3.38400063526e-09,
        "dmean2": 5.23931076302e-09,
        "dvar": 2.90240670111e-17,
        "dvar2": 5.98586470947e-17,
        "max": 1.03797476759e-28,
        "mean": -1.26859651672e-08,
        "median": -1.1902208108e-08,
        "min": -4.89494702549e-08,
        "stdev": 8.39926261875e-09,
        "var": 7.05476139365e-17
    },
    "spectral_energy": {
        "dmean": 0.013312779367,
        "dmean2": 0.0204188060015,
        "dvar": 0.000424466765253,
        "dvar2": 0.000864709087182,
        "max": 0.186218753457,
        "mean": 0.0505683161318,
        "median": 0.0472597628832,
        "min": 1.07461860654e-20,
        "stdev": 0.0324814878404,
        "var": 0.00105504714884
    },
    "spectral_energyband_high": {
        "dmean": 0.00041316827992,
        "dmean2": 0.000615355209447,
        "dvar": 3.55340887381e-07,
        "dvar2": 7.03022635662e-07,
        "max": 0.00552502926439,
        "mean": 0.000775194668677,
        "median": 0.000436961912783,
        "min": 7.60015404739e-21,
        "stdev": 0.000856714497786,
        "var": 7.33959780064e-07
    },
    "spectral_energyband_low": {
        "dmean": 0.0102586941794,
        "dmean2": 0.016461763531,
        "dvar": 0.000381366262445,
        "dvar2": 0.000868569710292,
        "max": 0.175567224622,
        "mean": 0.029899885878,
        "median": 0.0269887652248,
        "min": 2.29592223557e-23,
        "stdev": 0.0283969435841,
        "var": 0.00080638640793
    },
    "spectral_energyband_middle_high": {
        "dmean": 0.00453223986551,
        "dmean2": 0.00630092527717,
        "dvar": 3.18809143209e-05,
        "dvar2": 6.44054453005e-05,
        "max": 0.0841026008129,
        "mean": 0.0127930780873,
        "median": 0.00994527991861,
        "min": 1.46760046314e-21,
        "stdev": 0.0122640356421,
        "var": 0.000150406573084
    },
    "spectral_energyband_middle_low": {
        "dmean": 0.00480993743986,
        "dmean2": 0.00780726550147,
        "dvar": 9.24655250856e-05,
        "dvar2": 0.000250394950854,
        "max": 0.0866432785988,
        "mean": 0.00830623228103,
        "median": 0.00565588474274,
        "min": 4.3436933166e-22,
        "stdev": 0.00943112187088,
        "var": 8.89460570761e-05
    },
    "spectral_entropy": {
        "dmean": 0.216218367219,
        "dmean2": 0.318811893463,
        "dvar": 0.0466331727803,
        "dvar2": 0.0956428125501,
        "max": 9.82165908813,
        "mean": 7.57046031952,
        "median": 7.60623025894,
        "min": 6.22569704056,
        "stdev": 0.431997060776,
        "var": 0.186621457338
    },
    "spectral_flux": {
        "dmean": 0.0380181483924,
        "dmean2": 0.0561973638833,
        "dvar": 0.00199262495153,
        "dvar2": 0.0033653031569,
        "max": 0.490638196468,
        "mean": 0.10893637687,
        "median": 0.0933569520712,
        "min": 1.03663813644e-10,
        "stdev": 0.0705241039395,
        "var": 0.00497364951298
    },
    "spectral_kurtosis": {
        "dmean": 1.43594884872,
        "dmean2": 2.31404256821,
        "dvar": 1.94588541985,
        "dvar2": 4.98898553848,
        "max": 16.9271373749,
        "mean": 4.71498250961,
        "median": 4.2964258194,
        "min": -1.20232820511,
        "stdev": 2.31789517403,
        "var": 5.37263774872
    },
    "spectral_rms": {
        "dmean": 0.000900987011846,
        "dmean2": 0.0013358653523,
        "dvar": 1.47030289099e-06,
        "dvar2": 2.76306263913e-06,
        "max": 0.0134787550196,
        "mean": 0.00662663578987,
        "median": 0.00679021980613,
        "min": 3.23791340961e-12,
        "stdev": 0.00232866220176,
        "var": 5.42266752745e-06
    },
    "spectral_rolloff": {
        "dmean": 431.496765137,
        "dmean2": 728.443969727,
        "dvar": 914034.9375,
        "dvar2": 1756351.375,
        "max": 19293.75,
        "mean": 1243.57971191,
        "median": 1076.66015625,
        "min": 43.06640625,
        "stdev": 1351.21337891,
        "var": 1825777.5
    },
    "spectral_skewness": {
        "dmean": 0.217217132449,
        "dmean2": 0.342197149992,
        "dvar": 0.0420450419188,
        "dvar2": 0.0976508036256,
        "max": 3.29943680763,
        "mean": 1.70757091045,
        "median": 1.6685334444,
        "min": -0.0110522238538,
        "stdev": 0.39751496911,
        "var": 0.158018141985
    },
    "spectral_spread": {
        "dmean": 706280.0625,
        "dmean2": 1037199.375,
        "dvar": 1.73185564672e+12,
        "dvar2": 2.28638615142e+12,
        "max": 41026752,
        "mean": 4911055.5,
        "median": 4649463,
        "min": 2362228.5,
        "stdev": 1779465.375,
        "var": 3.16649688269e+12
    },
    "spectral_strongpeak": {
        "dmean": 0.533214330673,
        "dmean2": 0.920199036598,
        "dvar": 1.48175108433,
        "dvar2": 3.59479689598,
        "max": 9.78563976288,
        "mean": 1.04076910019,
        "median": 0.435967117548,
        "min": 0,
        "stdev": 1.71524310112,
        "var": 2.94205880165
    },
    "zerocrossingrate": {
        "dmean": 0.0103370500728,
        "dmean2": 0.0117584634572,
        "dvar": 0.000310131697915,
        "dvar2": 0.00031134870369,
        "max": 0.5,
        "mean": 0.0496796891093,
        "median": 0.0458984375,
        "min": 0.0009765625,
        "stdev": 0.0367722325027,
        "var": 0.00135219714139
    },
    "barkbands": {
        "dmean": [0.00110195355956, 0.00910342764109, 0.00384095800109, 0.00201019644737, 0.00102757615969, 0.00115290936083, 0.000601479609031, 0.000383663602406, 0.00104856607504, 0.00115687330253, 0.00151895033196, 0.00141749414615, 0.000753909349442, 0.000808371114545, 0.000665693776682, 0.000372853945009, 0.000341763661709, 0.000478633795865, 0.000267329771305, 0.00016238639364, 7.95000378275e-05, 8.15579041955e-05, 8.99395454326e-05, 8.42188528623e-05, 7.1062866482e-05, 3.39719626936e-05, 1.54855297296e-06],
        "dmean2": [0.00174420012627, 0.014933584258, 0.00689204642549, 0.00361451064236, 0.0016850020038, 0.00193012342788, 0.00098598387558, 0.000630082329735, 0.00165779783856, 0.0018239733763, 0.00223603798077, 0.00210270821117, 0.00122806371655, 0.0012318782974, 0.00104564824142, 0.000569640775211, 0.000519333058037, 0.000713261717465, 0.000416186783696, 0.000249494827585, 0.000121147699247, 0.00012467711349, 0.000142030810821, 0.000134284418891, 0.000107806969027, 4.96784523421e-05, 2.67511995844e-06],
        "dvar": [4.58386284663e-06, 0.000363988947356, 0.000149009385495, 4.3822965381e-05, 4.09219410358e-06, 4.30652107752e-06, 2.37233507505e-06, 8.64281673785e-07, 3.32914009959e-06, 1.30892012749e-05, 9.66776042333e-06, 7.82415463618e-06, 2.14263218368e-06, 3.04054697153e-06, 1.83827341971e-06, 8.31459772144e-07, 6.9025367111e-07, 7.73411670707e-07, 2.31112977644e-07, 9.28937069489e-08, 1.8110362987e-08, 1.72957914657e-08, 2.65229385121e-08, 1.98130862827e-08, 1.16875416012e-08, 2.86274448591e-09, 1.44006646885e-11],
        "dvar2": [1.02547819552e-05, 0.00100161181763, 0.000427334423875, 0.000126529179397, 1.02720450741e-05, 1.15971324703e-05, 5.73131001147e-06, 2.05855826607e-06, 7.73974352342e-06, 3.04258301185e-05, 1.86672477867e-05, 1.61433254107e-05, 5.06767128172e-06, 6.6989368861e-06, 4.30314821642e-06, 1.80434062713e-06, 1.58349780577e-06, 1.67508733284e-06, 5.4336391031e-07, 2.2003322897e-07, 4.07029361327e-08, 4.03913951175e-08, 6.4541737288e-08, 4.92438090305e-08, 2.34375345798e-08, 5.35150324055e-09, 3.86154302978e-11],
        "max": [0.0262301415205, 0.17369119823, 0.0966891348362, 0.0632603541017, 0.0239743236452, 0.0237830709666, 0.0196252632886, 0.0110849915072, 0.0194182954729, 0.0795601606369, 0.0476196780801, 0.0352935865521, 0.0176528207958, 0.0259567685425, 0.0189706701785, 0.0136031350121, 0.0134987058118, 0.010792802088, 0.00574493966997, 0.00401861825958, 0.00168238545302, 0.00139308453072, 0.0018855528906, 0.00216485164128, 0.00138015113771, 0.000645265448838, 4.92627332278e-05],
        "mean": [0.00409679207951, 0.0205005239695, 0.00428583333269, 0.00208843010478, 0.00144216639455, 0.00167337409221, 0.000682228885125, 0.000431235355791, 0.00163950480055, 0.00170045159757, 0.00318851158954, 0.00221684295684, 0.00117864098866, 0.00128198077437, 0.00103780918289, 0.000555338338017, 0.000491208396852, 0.00076496071415, 0.000397818745114, 0.000248048978392, 0.000118214913527, 0.000132799366838, 0.00012289523147, 0.000128571875393, 0.000112078734674, 5.07574586663e-05, 1.29751106215e-06],
        "median": [0.000388938875403, 0.0183116737753, 0.00088503403822, 0.000358069693903, 0.000450632709544, 0.000832678866573, 0.000113417976536, 8.11523714219e-05, 0.000811312289443, 0.000226463162107, 0.000356753618689, 0.000563403649721, 0.000362359220162, 0.000214671570575, 0.00033605741919, 0.000145935977343, 0.000115056645882, 0.00024462339934, 0.000219466412091, 0.000124981874251, 5.48318312212e-05, 4.73779946333e-05, 4.89319754706e-05, 6.07410875091e-05, 4.93099869345e-05, 1.94707790797e-05, 2.7417550541e-07],
        "min": [7.77637465578e-24, 1.40282188142e-23, 6.10573173602e-24, 8.55729567599e-24, 3.16637881075e-23, 6.810301828e-23, 1.23858015743e-22, 9.22586838826e-23, 1.06626125508e-22, 5.44936214976e-23, 6.68320560766e-23, 6.32311269253e-23, 8.50791219446e-23, 8.51762338775e-23, 1.32274568379e-22, 1.53490610082e-22, 1.65073890205e-22, 1.23358710966e-22, 3.63900828759e-22, 3.79151491676e-22, 3.11596069082e-22, 5.28576943741e-22, 5.44691314685e-22, 9.27772015245e-22, 1.13304478043e-21, 1.41558714024e-21, 2.76879524955e-21],
        "stdev": [0.00619050813839, 0.0229977853596, 0.0101477690041, 0.00566644733772, 0.00258600967936, 0.00250374944881, 0.00173655175604, 0.00116584659554, 0.00232081627473, 0.00594832515344, 0.00659459177405, 0.00448904093355, 0.00190664362162, 0.00292518152855, 0.00176178012043, 0.00130313448608, 0.00116172025446, 0.00128556438722, 0.000571988057345, 0.000371984642697, 0.000161485033459, 0.00018610341067, 0.000180741466465, 0.000173261752934, 0.000162578871823, 8.11380305095e-05, 3.38459540217e-06],
        "var": [3.83223887184e-05, 0.000528898090124, 0.00010297721019, 3.21086263284e-05, 6.68744587529e-06, 6.26876089882e-06, 3.01561181004e-06, 1.3591983361e-06, 5.38618814971e-06, 3.53825707862e-05, 4.34886424046e-05, 2.01514903893e-05, 3.63529011338e-06, 8.55668713484e-06, 3.1038691759e-06, 1.69815962181e-06, 1.34959407205e-06, 1.65267579177e-06, 3.27170340597e-07, 1.38372584502e-07, 2.6077414006e-08, 3.46344783964e-08, 3.26674758355e-08, 3.0019634778e-08, 2.64318877896e-08, 6.58338006332e-09, 1.14554858655e-11]
    },
    "erbbands": {
        "dmean": [0.31544482708, 1.97976481915, 3.89624404907, 6.50066041946, 4.37337207794, 2.9339389801, 4.04207706451, 12.2144784927, 10.2874412537, 7.25399780273, 9.24629878998, 22.1912021637, 35.5989570618, 31.6697368622, 75.0921554565, 46.6782836914, 31.3061561584, 34.6513290405, 42.9901123047, 22.0858821869, 18.6839885712, 20.3979053497, 26.3833198547, 16.6116428375, 10.9251289368, 7.13024187088, 3.86668324471, 2.86330747604, 2.92505192757, 3.01918649673, 2.5230038166, 1.73667883873, 1.48635625839, 0.865359067917, 0.505152821541, 0.224598959088, 0.0481679067016, 0.00556283956394, 0.000164561002748, 1.86634624697e-05],
        "dmean2": [0.498328655958, 3.29959702492, 6.62397670746, 11.8722114563, 7.28408432007, 5.0210723877, 6.40240478516, 20.7913913727, 17.0802249908, 11.9271621704, 15.1320829391, 35.3444023132, 54.7139205933, 48.6921653748, 106.140350342, 68.9656448364, 49.5368118286, 52.6763648987, 64.523223877, 33.7505226135, 28.6345157623, 30.3588962555, 38.6636734009, 25.6937332153, 16.4802856445, 10.6606416702, 5.80048847198, 4.28484201431, 4.53520488739, 4.68580675125, 4.03519105911, 2.73340559006, 2.39543056488, 1.33737325668, 0.760660409927, 0.327662199736, 0.0707293227315, 0.00896842963994, 0.000268990348559, 2.74490121228e-05],
        "dvar": [0.380835294724, 20.9899578094, 114.335113525, 529.829711914, 81.198387146, 41.2493286133, 61.2590866089, 536.835266113, 543.015014648, 597.46282959, 401.582397461, 1657.20727539, 8349.81152344, 9627.04785156, 17805.2734375, 9225.95996094, 3230.83325195, 5147.27880859, 6743.54248047, 2690.55908203, 2328.63720703, 2626.88085938, 2619.42529297, 725.530273438, 381.361053467, 169.839065552, 36.1108398438, 23.7272434235, 22.0949192047, 32.0543441772, 20.0661659241, 7.47317028046, 7.67437028885, 1.78190100193, 0.670486807823, 0.131382927299, 0.00603126734495, 0.000116189337859, 1.33287741733e-07, 5.91908300152e-10],
        "dvar2": [0.964066147804, 56.6113243103, 307.332214355, 1547.03820801, 213.677001953, 110.007904053, 134.370452881, 1499.0769043, 1255.44177246, 1494.86193848, 974.932128906, 3833.35864258, 18800.8515625, 24388.7929688, 31886.28125, 21904.9492188, 7344.82421875, 11530.3623047, 13209.4902344, 6359.04980469, 5280.15332031, 5775.33496094, 5453.30908203, 1677.49230957, 834.36706543, 389.741149902, 83.4477539062, 52.8864059448, 53.25963974, 79.0672073364, 48.1069030762, 16.7051258087, 20.3167610168, 3.87180972099, 1.37686109543, 0.246642127633, 0.011741746217, 0.000290133786621, 3.51460528236e-07, 1.1624449181e-09],
        "max": [6.10616397858, 40.2343711853, 83.6859970093, 206.869354248, 81.2681274414, 53.5178565979, 148.945907593, 298.712371826, 257.3722229, 488.453491211, 289.029083252, 578.100341797, 1914.42370605, 1787.85522461, 2325.32128906, 1207.7421875, 637.705932617, 803.335266113, 1286.4798584, 824.894958496, 619.873474121, 903.91973877, 616.008117676, 361.961914062, 255.802459717, 195.641296387, 71.05027771, 59.0531578064, 51.6929893494, 65.8655014038, 42.5628929138, 26.1848907471, 52.4929580688, 16.3171977997, 11.7006759644, 5.79266119003, 1.11693513393, 0.121034011245, 0.0046308063902, 0.000220147660002],
        "mean": [0.878209590912, 3.44155573845, 5.3317027092, 6.74686431885, 6.1531047821, 3.58314108849, 5.70094394684, 17.2886009216, 13.0811290741, 7.64678955078, 11.7313699722, 35.9915313721, 54.3641357422, 50.2639923096, 166.187805176, 80.4264602661, 56.8570671082, 57.0687217712, 80.2415084839, 34.1335601807, 27.4242553711, 31.3317947388, 42.6893997192, 27.3083362579, 17.400226593, 11.4744539261, 5.84573316574, 4.37460374832, 4.70834445953, 4.38600826263, 3.41535520554, 2.55296349525, 2.24430799484, 1.35754239559, 0.743778049946, 0.329496711493, 0.0711057111621, 0.00689636776224, 0.000214323343243, 6.68854700052e-05],
        "median": [0.44187065959, 1.5663818121, 2.00914978981, 1.31559789181, 1.96306145191, 1.14533352852, 2.36025047302, 8.08687591553, 3.58716607094, 1.7868282795, 3.24048542976, 18.8197059631, 16.4317989349, 15.529999733, 31.8195495605, 31.4263572693, 24.3239917755, 21.3489723206, 23.4404182434, 13.5350914001, 7.82057476044, 7.97926235199, 11.8158607483, 13.97681427, 9.65594291687, 5.95838546753, 2.84346318245, 1.88415110111, 1.65141367912, 1.74573898315, 1.28481137753, 1.09912252426, 1.05231058598, 0.608579218388, 0.292458802462, 0.122561320662, 0.0271632391959, 0.0028192892205, 0.000101325706055, 6.43024905003e-05],
        "min": [3.13355594932e-22, 3.24393700225e-21, 9.15902680274e-21, 1.26069337001e-20, 9.55731846821e-20, 1.01958799291e-19, 2.83269500034e-19, 5.94828318523e-19, 2.22246680186e-18, 9.01219894821e-19, 2.3746880937e-18, 2.66809546762e-18, 1.29468531038e-18, 2.02521772658e-18, 3.07871350716e-18, 2.81579022035e-18, 3.2952532615e-18, 4.64192956172e-18, 5.87141939136e-18, 6.78520540046e-18, 9.68175698632e-18, 9.41440394054e-18, 7.48020089676e-18, 1.35326127828e-17, 1.98289436879e-17, 1.81590612458e-17, 1.33262303928e-17, 1.36258716066e-17, 1.82999201779e-17, 1.87672424824e-17, 1.37719235787e-17, 1.61866490752e-17, 1.72625976395e-17, 1.18160086982e-17, 8.80234736271e-18, 5.88923313944e-18, 2.76361352847e-18, 1.2727331777e-18, 4.03874630542e-19, 3.80912083813e-20],
        "stdev": [1.01692056656, 4.87683153152, 10.0511598587, 18.7777137756, 10.812171936, 6.64192581177, 10.2910394669, 27.5152606964, 28.3853530884, 24.2475585938, 24.6873874664, 52.4022407532, 142.328842163, 125.335235596, 314.291290283, 142.069015503, 81.9081802368, 97.9529724121, 142.460571289, 62.9037780762, 62.7532310486, 72.6824493408, 75.2310028076, 35.8470878601, 24.4769382477, 16.9510116577, 7.4219212532, 6.20679426193, 6.63540077209, 6.48276615143, 5.04089975357, 3.50828123093, 3.16385293007, 1.9082877636, 1.18507540226, 0.552615106106, 0.111149653792, 0.0116997947916, 0.000357657350833, 3.89951055695e-05],
        "var": [1.03412747383, 23.7834873199, 101.025817871, 352.602539062, 116.903060913, 44.1151809692, 105.905487061, 757.089538574, 805.728271484, 587.944091797, 609.467102051, 2745.99487305, 20257.4980469, 15708.921875, 98779.0234375, 20183.6035156, 6708.94970703, 9594.78515625, 20295.015625, 3956.88525391, 3937.96801758, 5282.73828125, 5659.70361328, 1285.01367188, 599.120483398, 287.33682251, 55.0849151611, 38.5242958069, 44.0285415649, 42.0262565613, 25.4106693268, 12.3080368042, 10.0099649429, 3.64156222343, 1.40440368652, 0.305383473635, 0.0123542463407, 0.000136885195388, 1.27918781345e-07, 1.52061818692e-09]
    },
    "gfcc": {
        "mean": [17.9227142334, 81.2343063354, -115.069458008, 30.2813777924, -42.2313613892, 36.0439605713, -28.42827034, 21.3942375183, -27.2650814056, 6.20404481888, -7.91969013214, 6.20230484009, -7.74195241928],
        "cov": [[4921.20263672, -648.909851074, -484.719146729, -48.3111953735, -96.4546203613, 248.227920532, -153.452987671, 196.283660889, -55.1250610352, 141.968048096, -38.0076141357, 149.939865112, -144.515930176], [-648.909851074, 880.255126953, 245.029968262, 89.1606063843, 159.000442505, -58.0067710876, 134.298965454, -104.279632568, -12.0347318649, -80.1670761108, 62.9159240723, -158.612930298, 30.5006141663], [-484.719146729, 245.029968262, 702.77947998, 193.93119812, -24.8395195007, -92.7471542358, -45.0451469421, -5.28256845474, 56.1702003479, 27.1900463104, 7.33909225464, -23.4158363342, 32.1433067322], [-48.3111953735, 89.1606063843, 193.93119812, 388.494812012, 97.3542785645, -50.8787727356, 10.5110111237, 20.4616508484, 134.317199707, 47.0976409912, 5.23090171814, 35.3186264038, 67.3112030029], [-96.4546203613, 159.000442505, -24.8395195007, 97.3542785645, 283.062011719, 105.760887146, 86.3730316162, -4.31699466705, 44.0614509583, 2.50672602654, 21.9299240112, -1.37006676197, 14.7350902557], [248.227920532, -58.0067710876, -92.7471542358, -50.8787727356, 105.760887146, 250.694900513, 105.300476074, -20.2226142883, -9.78016376495, 23.0187644958, 14.0974731445, -10.3756637573, -8.47358703613], [-153.452987671, 134.298965454, -45.0451469421, 10.5110111237, 86.3730316162, 105.300476074, 264.383789062, 28.0155200958, 12.1265897751, 34.7829093933, 61.7613258362, -0.108541280031, 29.2614955902], [196.283660889, -104.279632568, -5.28256845474, 20.4616508484, -4.31699466705, -20.2226142883, 28.0155200958, 165.679229736, 66.6265029907, 19.7467308044, 19.5401802063, 70.034828186, 24.9186592102], [-55.1250610352, -12.0347318649, 56.1702003479, 134.317199707, 44.0614509583, -9.78016376495, 12.1265897751, 66.6265029907, 204.264266968, 75.4115982056, -4.41107225418, 87.3137969971, 82.3019714355], [141.968048096, -80.1670761108, 27.1900463104, 47.0976409912, 2.50672602654, 23.0187644958, 34.7829093933, 19.7467308044, 75.4115982056, 151.158874512, 44.846157074, 54.4605789185, 43.2274246216], [-38.0076141357, 62.9159240723, 7.33909225464, 5.23090171814, 21.9299240112, 14.0974731445, 61.7613258362, 19.5401802063, -4.41107225418, 44.846157074, 123.617889404, 34.3036346436, 22.1496543884], [149.939865112, -158.612930298, -23.4158363342, 35.3186264038, -1.37006676197, -10.3756637573, -0.108541280031, 70.034828186, 87.3137969971, 54.4605789185, 34.3036346436, 175.856445312, 61.3628349304], [-144.515930176, 30.5006141663, 32.1433067322, 67.3112030029, 14.7350902557, -8.47358703613, 29.2614955902, 24.9186592102, 82.3019714355, 43.2274246216, 22.1496543884, 61.3628349304, 130.070571899]],
        "icov": [[0.000366758031305, -0.000357406010153, 0.000362006598152, -0.000452254520496, 0.00044238785631, -0.000870783289429, 0.000665169616695, -0.000891865056474, 0.000740829855204, -0.000837311206851, 0.000517073844094, -0.000589630333707, 0.000549882708583], [-0.000357406010153, 0.00377204618417, -0.00138978369068, 0.00123323744629, -0.00237900181673, 0.00317038502544, -0.00261224829592, 0.00311830150895, -0.00271721184254, 0.00340821500868, -0.00318102608435, 0.0037192357704, -0.00173633429222], [0.000362006598152, -0.00138978369068, 0.00246573449112, -0.00159829016775, 0.00139087787829, -0.00128660188057, 0.001501546707, -0.00152389181312, 0.00116015365347, -0.00175581895746, 0.000907937006559, -0.000841314496938, 0.000750373408664], [-0.000452254520496, 0.00123323744629, -0.00159829016775, 0.00519525585696, -0.00267967139371, 0.00293251429684, -0.00146493536886, 0.0020803574007, -0.00353717291728, 0.00134197354782, -0.00115573732182, 0.00163341290317, -0.00144123204518], [0.00044238785631, -0.00237900181673, 0.00139087787829, -0.00267967139371, 0.00713081890717, -0.00465172110125, 0.00119237951003, -0.00187617354095, 0.000692895613611, -0.000901760882698, 0.000972314388491, -0.0021464060992, 0.0017810005229], [-0.000870783289429, 0.00317038502544, -0.00128660188057, 0.00293251429684, -0.00465172110125, 0.00995847675949, -0.00487837009132, 0.0045644659549, -0.00301703531295, 0.00228514475748, -0.0021002322901, 0.00332035915926, -0.00157099950593], [0.000665169616695, -0.00261224829592, 0.001501546707, -0.00146493536886, 0.00119237951003, -0.00487837009132, 0.00805697962642, -0.00428394787014, 0.00274675060064, -0.0033876390662, 0.000175549881533, -0.00146520684939, 0.000343085295754], [-0.000891865056474, 0.00311830150895, -0.00152389181312, 0.0020803574007, -0.00187617354095, 0.0045644659549, -0.00428394787014, 0.012001552619, -0.00600320473313, 0.00493601290509, -0.00391438882798, 0.000943103281315, -0.000867965980433], [0.000740829855204, -0.00271721184254, 0.00116015365347, -0.00353717291728, 0.000692895613611, -0.00301703531295, 0.00274675060064, -0.00600320473313, 0.014378529042, -0.0072046816349, 0.00648990040645, -0.00548807624727, -0.00195851572789], [-0.000837311206851, 0.00340821500868, -0.00175581895746, 0.00134197354782, -0.000901760882698, 0.00228514475748, -0.0033876390662, 0.00493601290509, -0.0072046816349, 0.0141932107508, -0.00690569495782, 0.00274012889713, -0.00219749798998], [0.000517073844094, -0.00318102608435, 0.000907937006559, -0.00115573732182, 0.000972314388491, -0.0021002322901, 0.000175549881533, -0.00391438882798, 0.00648990040645, -0.00690569495782, 0.0146706113592, -0.00563663896173, 0.000507066550199], [-0.000589630333707, 0.0037192357704, -0.000841314496938, 0.00163341290317, -0.0021464060992, 0.00332035915926, -0.00146520684939, 0.000943103281315, -0.00548807624727, 0.00274012889713, -0.00563663896173, 0.0134025737643, -0.00435730908066], [0.000549882708583, -0.00173633429222, 0.000750373408664, -0.00144123204518, 0.0017810005229, -0.00157099950593, 0.000343085295754, -0.000867965980433, -0.00195851572789, -0.00219749798998, 0.000507066550199, -0.00435730908066, 0.0129904802889]]
    },
    "melbands": {
        "dmean": [0.00263254274614, 0.00187897088472, 0.00100048608147, 0.000249020056799, 0.000131113716634, 0.000254975486314, 0.000147253784235, 7.86362870713e-05, 8.24228409328e-05, 0.000153475513798, 0.000184990174603, 0.000132715445943, 0.000219842419028, 0.000181207418791, 8.69043215062e-05, 7.70803162595e-05, 6.73362083035e-05, 7.75415101089e-05, 4.02887708333e-05, 2.82077853626e-05, 2.25828225666e-05, 2.17330070882e-05, 2.40249100898e-05, 2.38465636357e-05, 1.35974969453e-05, 9.50169123826e-06, 7.3468067967e-06, 4.50809147878e-06, 2.74294961855e-06, 1.94912422558e-06, 1.64764026067e-06, 1.7368764702e-06, 1.7099436036e-06, 1.76139769792e-06, 1.5608763988e-06, 1.20678726034e-06, 1.09079394406e-06, 1.16418038942e-06, 8.85965846464e-07, 7.19284798834e-07],
        "dmean2": [0.00428385427222, 0.0030360466335, 0.00180846941657, 0.000413188594393, 0.000210876401979, 0.000432635803008, 0.000243386893999, 0.00012845879246, 0.000136211936479, 0.000242989204708, 0.00028479428147, 0.000207319040783, 0.000315771147143, 0.000264993170276, 0.00013644954015, 0.000122891317005, 0.000103244630736, 0.000116096445709, 6.22794395895e-05, 4.2444877181e-05, 3.5333338019e-05, 3.28526621161e-05, 3.62635400961e-05, 3.5242002923e-05, 2.14970696106e-05, 1.48097087731e-05, 1.13399200927e-05, 6.91755803928e-06, 4.23861229137e-06, 3.06821993945e-06, 2.51026767728e-06, 2.7130718081e-06, 2.64211757894e-06, 2.77625736089e-06, 2.51956748798e-06, 1.89138381756e-06, 1.75667526037e-06, 1.91921549231e-06, 1.40247402669e-06, 1.11968961392e-06],
        "dvar": [2.76791524811e-05, 1.89244128705e-05, 1.09698848973e-05, 2.49335386115e-07, 6.65680062184e-08, 2.23771309038e-07, 1.08906355933e-07, 6.12240569353e-08, 3.09408285659e-08, 7.49547623968e-08, 2.34334493143e-07, 1.92019300016e-07, 1.62161683193e-07, 1.22692441096e-07, 4.17316847745e-08, 2.35902941625e-08, 2.06563921523e-08, 2.46665852188e-08, 6.61852173067e-09, 5.43036815515e-09, 4.45444658936e-09, 3.34820060566e-09, 3.07016234657e-09, 1.83078874283e-09, 5.65752888981e-10, 3.0058069922e-10, 2.39729014417e-10, 6.75230843461e-11, 1.92048304343e-11, 1.34048640243e-11, 7.90888014801e-12, 8.06040824364e-12, 8.67806087407e-12, 1.27604541517e-11, 8.07847191919e-12, 3.95692159594e-12, 2.99010686003e-12, 5.42258815975e-12, 1.94509664452e-12, 1.36483803859e-12],
        "dvar2": [7.58397509344e-05, 4.40457224613e-05, 3.17297126458e-05, 6.27511099083e-07, 1.54177982381e-07, 6.11438736087e-07, 2.54434041835e-07, 1.51249309965e-07, 7.51926592102e-08, 1.73891450572e-07, 5.29354622358e-07, 4.82233531329e-07, 3.02418840192e-07, 2.59160287897e-07, 8.87423610152e-08, 5.58600916634e-08, 4.49507737699e-08, 4.681721677e-08, 1.60525797099e-08, 1.18139187322e-08, 1.07134390248e-08, 7.51327711157e-09, 6.58414078814e-09, 4.052877145e-09, 1.36307609644e-09, 6.74728328764e-10, 5.68383951016e-10, 1.50227705276e-10, 4.61917067096e-11, 3.2821096535e-11, 1.72761336487e-11, 2.02270075689e-11, 2.07446022166e-11, 3.26290348907e-11, 2.03580208247e-11, 8.69414089333e-12, 6.93508011435e-12, 1.47803505546e-11, 4.80045734066e-12, 2.94354059356e-12],
        "max": [0.0472513400018, 0.0326868072152, 0.0294769946486, 0.00592285627499, 0.00436211004853, 0.00578017812222, 0.00378806749359, 0.00452521629632, 0.0024353498593, 0.00368589023128, 0.0106836007908, 0.00804092548788, 0.00646435748786, 0.00541450968012, 0.00386035209522, 0.0020961666014, 0.00175239681266, 0.00253039994277, 0.000835688377265, 0.00115023041144, 0.000928293273319, 0.00107829051558, 0.000774595479015, 0.000469186285045, 0.000350364833139, 0.00019916119345, 0.000188307240023, 0.000110608962132, 4.50779843959e-05, 6.1288352299e-05, 3.39044017892e-05, 3.40899641742e-05, 3.13294549414e-05, 4.43194257969e-05, 2.85542482743e-05, 2.14522169699e-05, 1.71768806467e-05, 4.54397886642e-05, 1.95015090867e-05, 1.5276033082e-05],
        "mean": [0.00682655628771, 0.00329653173685, 0.00112192542292, 0.000351896131178, 0.000180036469828, 0.000368523964426, 0.000183275391464, 8.29363052617e-05, 0.000102709127532, 0.000247151736403, 0.000279879954178, 0.000193415107788, 0.000464664684841, 0.000348589615896, 0.000135061593028, 0.000132093773573, 0.000100039156678, 0.000142873948789, 5.8322417317e-05, 4.14139904024e-05, 2.80236363324e-05, 3.09548850055e-05, 3.5841454519e-05, 3.64898514817e-05, 2.06439253816e-05, 1.41877526403e-05, 1.04392493085e-05, 6.96651341059e-06, 3.80815686185e-06, 2.78204925053e-06, 2.40624899561e-06, 2.63581341642e-06, 2.62738990386e-06, 2.34915523833e-06, 2.00395743377e-06, 1.64228129051e-06, 1.54356973781e-06, 1.64495372701e-06, 1.34808453822e-06, 1.07025948637e-06],
        "median": [0.00528746563941, 0.00171672331635, 0.000304598564981, 0.000110949367809, 7.92329810793e-05, 0.000180668837857, 4.80960115965e-05, 1.56573969434e-05, 2.45810315391e-05, 0.000125038437545, 6.9196219556e-05, 3.26169683831e-05, 7.80638583819e-05, 9.92483765003e-05, 2.52275985986e-05, 3.37929959642e-05, 2.1849937184e-05, 3.2297350117e-05, 2.09370737139e-05, 1.09863258331e-05, 7.36448737371e-06, 7.38814378565e-06, 8.0927829913e-06, 1.10809742182e-05, 9.66040624917e-06, 6.86991279508e-06, 5.0328103498e-06, 3.3193548461e-06, 1.77250876732e-06, 1.1771935533e-06, 9.58535679274e-07, 8.87820306161e-07, 9.3915718935e-07, 9.33769797484e-07, 7.31873569748e-07, 6.16953059307e-07, 6.2649900201e-07, 7.1199372087e-07, 6.20177900146e-07, 4.26539230602e-07],
        "min": [3.32249911706e-24, 4.67527921253e-24, 4.96470715106e-24, 8.01159404506e-24, 7.78615179784e-24, 1.72416437117e-23, 2.91470472963e-23, 1.07071073035e-23, 1.89940177488e-23, 1.65542082307e-23, 6.87118674375e-24, 8.34164240375e-24, 1.02406585834e-23, 5.41085414133e-24, 1.18294536344e-23, 6.31085765948e-24, 8.95718346834e-24, 9.01702487889e-24, 8.09235604681e-24, 1.05045648995e-23, 1.15756983804e-23, 9.20980039602e-24, 8.2988293447e-24, 5.86548335848e-24, 1.15359200693e-23, 1.24913386994e-23, 1.43820655287e-23, 1.18448088119e-23, 8.71668265531e-24, 8.01983685265e-24, 7.34227712141e-24, 1.06623205145e-23, 1.10786394906e-23, 1.03142143408e-23, 7.44179192461e-24, 8.21379881659e-24, 1.02969051548e-23, 1.09395980229e-23, 1.23865432613e-23, 9.25224584589e-24],
        "stdev": [0.00734156602994, 0.00484061148018, 0.00272960495204, 0.000639434263576, 0.000317481841194, 0.000565078749787, 0.000395751005271, 0.000262291199761, 0.000214576371945, 0.000356355099939, 0.000783640076406, 0.000588179391343, 0.000895246455912, 0.00061809993349, 0.000329785601934, 0.00022048180108, 0.000201276154257, 0.000287808215944, 9.99181793304e-05, 0.000104432845546, 7.55116998334e-05, 7.77315290179e-05, 7.83913565101e-05, 5.94668999838e-05, 2.98027734971e-05, 2.14028405026e-05, 1.70712464751e-05, 1.12108000394e-05, 5.19806553712e-06, 4.00569706471e-06, 3.62432979273e-06, 3.82456528314e-06, 4.01276884077e-06, 3.71728515347e-06, 3.0786222851e-06, 2.43161503022e-06, 2.19838284465e-06, 2.51154006037e-06, 1.8142686713e-06, 1.64352968568e-06],
        "var": [5.38985950698e-05, 2.34315211856e-05, 7.45074339648e-06, 4.08876189795e-07, 1.00794721902e-07, 3.19313983255e-07, 1.56618867209e-07, 6.87966661417e-08, 4.60430165106e-08, 1.2698895091e-07, 6.14091732132e-07, 3.45954987324e-07, 8.01466171652e-07, 3.820475456e-07, 1.08758548834e-07, 4.86122253562e-08, 4.05120914593e-08, 8.28335728897e-08, 9.98364235727e-09, 1.0906219039e-08, 5.70201708072e-09, 6.04219030365e-09, 6.14520523357e-09, 3.53631235406e-09, 8.88205342608e-10, 4.5808160043e-10, 2.91427437737e-10, 1.25682034224e-10, 2.70198845936e-11, 1.60456092857e-11, 1.31357659125e-11, 1.46272993717e-11, 1.6102312192e-11, 1.381820873e-11, 9.47791584799e-12, 5.91275162512e-12, 4.83288756237e-12, 6.30783359573e-12, 3.29157100881e-12, 2.70118974931e-12]
    },
    "melbands128": {
