{
"lowlevel": {
    "average_loudness": 0.958771169186,
    "barkbands_crest": {
        "dmean": 2.61350297928,
        "dmean2": 3.88006782532,
        "dvar": 7.2048201561,
        "dvar2": 14.6545238495,
        "max": 25.8887672424,
        "mean": 13.3330888748,
        "median": 12.9819602966,
        "min": 2.83284425735,
        "stdev": 5.20447921753,
        "var": 27.086605072
    },
    "barkbands_flatness_db": {
        "dmean": 0.0453606620431,
        "dmean2": 0.0628105476499,
        "dvar": 0.00213845027611,
        "dvar2": 0.00372408051044,
        "max": 0.493026405573,
        "mean": 0.192478239536,
        "median": 0.180085361004,
        "min": 0.027632214129,
        "stdev": 0.082445435226,
        "var": 0.00679724989459
    },
    "barkbands_kurtosis": {
        "dmean": 14.321056366,
        "dmean2": 22.2941551208,
        "dvar": 745.139648438,
        "dvar2": 1681.63366699,
        "max": 363.009643555,
        "mean": 20.2105960846,
        "median": 9.29270362854,
        "min": -1.91429328918,
        "stdev": 35.4722137451,
        "var": 1258.27807617
    },
    "barkbands_skewness": {
        "dmean": 1.21458947659,
        "dmean2": 1.84349882603,
        "dvar": 1.99954724312,
        "dvar2": 4.09484434128,
        "max": 15.9354715347,
        "mean": 3.10242295265,
        "median": 2.79808926582,
        "min": -4.40794897079,
        "stdev": 2.40615487099,
        "var": 5.78958082199
    },
    "barkbands_spread": {
        "dmean": 13.2443494797,
        "dmean2": 20.769826889,
        "dvar": 277.648132324,
        "dvar2": 537.200073242,
        "max": 112.355911255,
        "mean": 25.3169975281,
        "median": 17.095949173,
        "min": 0.378153443336,
        "stdev": 24.9612407684,
        "var": 623.063537598
    },
    "dissonance": {
        "dmean": 0.0303075183183,
        "dmean2": 0.0467702671885,
        "dvar": 0.000914486474358,
        "dvar2": 0.00222064112313,
        "max": 0.499943614006,
        "mean": 0.44009321928,
        "median": 0.449176818132,
        "min": 0.153659239411,
        "stdev": 0.0453866533935,
        "var": 0.0020599483978
    },
    "dynamic_complexity": 2.09566688538,
    "erbbands_crest": {
        "dmean": 2.96646499634,
        "dmean2": 4.80120849609,
        "dvar": 7.58215045929,
        "dvar2": 17.2486228943,
        "max": 28.8881797791,
        "mean": 8.94452285767,
        "median": 8.10549926758,
        "min": 2.81158614159,
        "stdev": 3.9501080513,
        "var": 15.603354454
    },
    "erbbands_flatness_db": {
        "dmean": 0.0273852720857,
        "dmean2": 0.0409997440875,
        "dvar": 0.000706135644577,
        "dvar2": 0.00144930952229,
        "max": 0.283204853535,
        "mean": 0.132349327207,
        "median": 0.125995784998,
        "min": 0.0461667217314,
        "stdev": 0.0411939285696,
        "var": 0.00169693969656
    },
    "erbbands_kurtosis": {
        "dmean": 2.3692882061,
        "dmean2": 3.74418258667,
        "dvar": 9.60066795349,
        "dvar2": 21.6792831421,
        "max": 32.8193283081,
        "mean": 1.87616801262,
        "median": 0.72264122963,
        "min": -1.83698070049,
        "stdev": 3.8312432766,
        "var": 14.6784257889
    },
    "erbbands_skewness": {
        "dmean": 0.731630384922,
        "dmean2": 1.07848870754,
        "dvar": 0.542360782623,
        "dvar2": 1.04802203178,
        "max": 4.68326711655,
        "mean": 0.564233064651,
        "median": 0.675883293152,
        "min": -4.74223089218,
        "stdev": 1.29881882668,
        "var": 1.68693029881
    },
    "erbbands_spread": {
        "dmean": 22.9358329773,
        "dmean2": 37.2851486206,
        "dvar": 577.766601562,
        "dvar2": 1377.02697754,
        "max": 196.625534058,
        "mean": 56.9959945679,
        "median": 50.7410125732,
        "min": 9.10549354553,
        "stdev": 31.177482605,
        "var": 972.035400391
    },
    "hfc": {
        "dmean": 24.0369853973,
        "dmean2": 36.3682289124,
        "dvar": 1653.26611328,
        "dvar2": 3510.27563477,
        "max": 355.940093994,
        "mean": 38.0175933838,
        "median": 21.197347641,
        "min": 1.24865586913e-16,
        "stdev": 50.5157814026,
        "var": 2551.84423828
    },
    "loudness_ebu128": {
        "integrated": -7.37566804886,
        "loudness_range": 2.43923425674,
        "momentary": {
            "dmean": 0.546433806419,
            "dmean2": 0.720315396786,
            "dvar": 0.238959491253,
            "dvar2": 0.446013838053,
            "max": -5.1330537796,
            "mean": -7.6115655899,
            "median": -7.28833866119,
            "min": -13.2223558426,
            "stdev": 1.51215314865,
            "var": 2.28660702705
        },
        "short_term": {
            "dmean": 0.0785859078169,
            "dmean2": 0.0924405157566,
            "dvar": 0.0041366238147,
            "dvar2": 0.00672367587686,
            "max": -6.22561454773,
            "mean": -7.54009151459,
            "median": -7.32357311249,
            "min": -9.30915164948,
            "stdev": 0.867893338203,
            "var": 0.753238797188
        }
    },
    "melbands_crest": {
        "dmean": 3.57421565056,
        "dmean2": 5.52583026886,
        "dvar": 13.1598234177,
        "dvar2": 29.7198219299,
        "max": 37.0818252563,
        "mean": 20.8926181793,
        "median": 20.4169788361,
        "min": 2.002399683,
        "stdev": 7.84058952332,
        "var": 61.4748458862
    },
    "melbands_flatness_db": {
        "dmean": 0.0548913069069,
        "dmean2": 0.0755608230829,
        "dvar": 0.00333329057321,
        "dvar2": 0.00567867280915,
        "max": 0.626113951206,
        "mean": 0.274086177349,
        "median": 0.26355561614,
        "min": 0.00463741691783,
        "stdev": 0.107985548675,
        "var": 0.0116608785465
    },
    "melbands_kurtosis": {
        "dmean": 36.1293525696,
        "dmean2": 58.0685691833,
        "dvar": 5509.140625,
        "dvar2": 12660.9199219,
        "max": 1584.61621094,
        "mean": 62.2107925415,
        "median": 32.8580627441,
        "min": -1.8159995079,
        "stdev": 115.076042175,
        "var": 13242.4960938
    },
    "melbands_skewness": {
        "dmean": 1.6953754425,
        "dmean2": 2.61199498177,
        "dvar": 3.70032691956,
        "dvar2": 8.31704235077,
        "max": 30.4223175049,
        "mean": 5.21345233917,
        "median": 4.52393436432,
        "min": -1.64993393421,
        "stdev": 3.46984505653,
        "var": 12.0398244858
    },
    "melbands_spread": {
        "dmean": 11.9103021622,
        "dmean2": 18.0282611847,
        "dvar": 580.538818359,
        "dvar2": 1082.06811523,
        "max": 258.657318115,
        "mean": 21.4404144287,
        "median": 9.54898071289,
        "min": 0.249432399869,
        "stdev": 35.0929718018,
        "var": 1231.51672363
    },
    "pitch_salience": {
        "dmean": 0.086195550859,
        "dmean2": 0.13485455513,
        "dvar": 0.00802818778902,
        "dvar2": 0.01876729168,
        "max": 0.835694313049,
        "mean": 0.472395479679,
        "median": 0.48047542572,
        "min": 0.0973115190864,
        "stdev": 0.160718351603,
        "var": 0.0258303862065
    },
    "silence_rate_20dB": {
        "dmean": 0,
        "dmean2": 0,
        "dvar": 0,
        "dvar2": 0,
        "max": 1,
        "mean": 1,
        "median": 1,
        "min": 1,
        "stdev": 0,
        "var": 0
    },
    "silence_rate_30dB": {
        "dmean": 0.0340557284653,
        "dmean2": 0.0681642144918,
        "dvar": 0.032895822078,
        "dvar2": 0.0666161328554,
        "max": 1,
        "mean": 0.936581611633,
        "median": 1,
        "min": 0,
        "stdev": 0.243712738156,
        "var": 0.0593958981335
    },
    "silence_rate_60dB": {
        "dmean": 0.0131578948349,
        "dmean2": 0.0255615804344,
        "dvar": 0.0129848960787,
        "dvar2": 0.0295556485653,
        "max": 1,
        "mean": 0.0170146953315,
        "median": 0,
        "min": 0,
        "stdev": 0.129326403141,
        "var": 0.0167253166437
    },
    "spectral_centroid": {
        "dmean": 519.882080078,
        "dmean2": 792.231872559,
        "dvar": 646454.5625,
        "dvar2": 1076769.375,
        "max": 11071.1591797,
        "mean": 1223.16674805,
        "median": 746.869506836,
        "min": 150.822250366,
        "stdev": 1204.40869141,
        "var": 1450600.375
    },
    "spectral_complexity": {
        "dmean": 4.61145496368,
        "dmean2": 6.80480241776,
        "dvar": 44.6635856628,
        "dvar2": 73.4306640625,
        "max": 61,
        "mean": 13.9149265289,
        "median": 11,
        "min": 0,
        "stdev": 9.76159954071,
        "var": 95.2888336182
    },
    "spectral_decrease": {
        "dmean": 3.58701224279e-09,
        "dmean2": 5.55000712055e-09,
        "dvar": 4.40294012555e-17,
        "dvar2": 9.00796576871e-17,
        "max": 8.36983334332e-29,
        "mean": -1.34303865806e-08,
        "median": -1.12825349063e-08,
        "min": -7.41025161233e-08,
        "stdev": 1.05765387559e-08,
        "var": 1.11863181186e-16
    },
    "spectral_energy": {
        "dmean": 0.0142696322873,
        "dmean2": 0.022197091952,
        "dvar": 0.000647574022878,
        "dvar2": 0.00133726443164,
        "max": 0.283694416285,
        "mean": 0.0541377104819,
        "median": 0.0462151765823,
        "min": 1.10097796076e-20,
        "stdev": 0.0402337014675,
        "var": 0.00161875074264
    },
    "spectral_energyband_high": {
        "dmean": 0.00258811516687,
        "dmean2": 0.00393490400165,
        "dvar": 2.28335848078e-05,
        "dvar2": 4.77263529319e-05,
        "max": 0.040877789259,
        "mean": 0.00339654600248,
        "median": 0.00110816466622,
        "min": 8.13817122016e-21,
        "stdev": 0.00598887773231,
        "var": 3.58666584361e-05
    },
    "spectral_energyband_low": {
        "dmean": 0.0106894755736,
        "dmean2": 0.0169651489705,
        "dvar": 0.000512223166879,
        "dvar2": 0.00109405897092,
        "max": 0.23853456974,
        "mean": 0.0355502068996,
        "median": 0.0245856530964,
        "min": 3.69378281299e-23,
        "stdev": 0.0364419110119,
        "var": 0.00132801290601
    },
    "spectral_energyband_middle_high": {
        "dmean": 0.0016167962458,
        "dmean2": 0.00245200400241,
        "dvar": 1.05999661173e-05,
        "dvar2": 2.19747034862e-05,
        "max": 0.0406299754977,
        "mean": 0.00265692756511,
        "median": 0.00155217130668,
        "min": 1.28638237674e-21,
        "stdev": 0.00379699887708,
        "var": 1.44172008731e-05
    },
    "spectral_energyband_middle_low": {
        "dmean": 0.00803878344595,
        "dmean2": 0.0133450580761,
        "dvar": 0.000385580060538,
        "dvar2": 0.00109902769327,
        "max": 0.185286030173,
        "mean": 0.0133013110608,
        "median": 0.010941282846,
        "min": 3.22588195774e-22,
        "stdev": 0.0170947127044,
        "var": 0.000292229204206
    },
    "spectral_entropy": {
        "dmean": 0.416255742311,
        "dmean2": 0.596314787865,
        "dvar": 0.191386178136,
        "dvar2": 0.375066190958,
        "max": 9.81337928772,
        "mean": 7.61881303787,
        "median": 7.69714641571,
        "min": 5.35047721863,
        "stdev": 0.696242928505,
        "var": 0.484754234552
    },
    "spectral_flux": {
        "dmean": 0.0375854596496,
        "dmean2": 0.0560094788671,
        "dvar": 0.00220558233559,
        "dvar2": 0.00394169567153,
        "max": 0.523379743099,
        "mean": 0.106261052191,
        "median": 0.0924469456077,
        "min": 1.04927497246e-10,
        "stdev": 0.0714033097029,
        "var": 0.00509843230247
    },
    "spectral_kurtosis": {
        "dmean": 2.48484349251,
        "dmean2": 3.84384346008,
        "dvar": 23.8789405823,
        "dvar2": 54.1237182617,
        "max": 66.4111709595,
        "mean": 3.12635302544,
        "median": 1.53101396561,
        "min": -1.22268164158,
        "stdev": 5.76094388962,
        "var": 33.1884765625
    },
    "spectral_rms": {
        "dmean": 0.000924331194256,
        "dmean2": 0.00139670679346,
        "dvar": 1.57411443524e-06,
        "dvar2": 3.03773231281e-06,
        "max": 0.0166365578771,
        "mean": 0.00681495061144,
        "median": 0.00671475799754,
        "min": 3.27738444023e-12,
        "stdev": 0.00252462294884,
        "var": 6.37372113488e-06
    },
    "spectral_rolloff": {
        "dmean": 952.378173828,
        "dmean2": 1617.6763916,
        "dvar": 4188247.25,
        "dvar2": 8047228,
        "max": 19143.0175781,
        "mean": 1516.90026855,
        "median": 409.130859375,
        "min": 64.599609375,
        "stdev": 2629.44482422,
        "var": 6913980.5
    },
    "spectral_skewness": {
        "dmean": 0.469879239798,
        "dmean2": 0.702174723148,
        "dvar": 0.31382638216,
        "dvar2": 0.705787479877,
        "max": 6.55870914459,
        "mean": 1.50492405891,
        "median": 1.3929554224,
        "min": -0.0695512965322,
        "stdev": 0.797829508781,
        "var": 0.636531889439
    },
    "spectral_spread": {
        "dmean": 1792755.875,
        "dmean2": 2712077.75,
        "dvar": 4.16280477696e+12,
        "dvar2": 8.0980827177e+12,
        "max": 39893872,
        "mean": 7930999,
        "median": 7757244.5,
        "min": 1214931.625,
        "stdev": 2809952,
        "var": 7.89583075738e+12
    },
    "spectral_strongpeak": {
        "dmean": 0.269700556993,
        "dmean2": 0.448650807142,
        "dvar": 0.423047930002,
        "dvar2": 1.08955669403,
        "max": 9.11139202118,
        "mean": 0.537136495113,
        "median": 0.329955488443,
        "min": 0,
        "stdev": 0.64257889986,
        "var": 0.412907660007
    },
    "zerocrossingrate": {
        "dmean": 0.0243033301085,
        "dmean2": 0.027832409367,
        "dvar": 0.000829786702525,
        "dvar2": 0.000895995879546,
        "max": 0.5,
        "mean": 0.0677007809281,
        "median": 0.05224609375,
        "min": 0.001953125,
        "stdev": 0.0618518032134,
        "var": 0.00382564566098
    },
    "barkbands": {
        "dmean": [0.000753996078856, 0.00762963062152, 0.00496810022742, 0.00221974402666, 0.00412190891802, 0.0012621890055, 0.00148547417484, 0.000959765631706, 0.000475835957332, 0.000336175202392, 0.000317340774927, 0.000301624240819, 0.000307790964143, 0.00016085000243, 0.000189509053598, 0.000110164248326, 0.000187122932402, 0.000183512660442, 0.000165110672242, 0.000209445526707, 0.0003308627347, 0.00048432109179, 0.000572154880501, 0.000558640458621, 0.000547458475921, 0.00025487417588, 8.16278679849e-06],
        "dmean2": [0.00114175979979, 0.0119624743238, 0.00868713203818, 0.00415632594377, 0.00652185641229, 0.00206567998976, 0.0024976672139, 0.0015764409909, 0.000751314801164, 0.000550333526917, 0.000504033581819, 0.000495785963722, 0.000495214189868, 0.000264413101831, 0.000306760630338, 0.000177909663762, 0.000300680694636, 0.000300132494885, 0.000262746558292, 0.000326207227772, 0.000525266106706, 0.000731064181309, 0.000889580929652, 0.000876711215824, 0.000849915260915, 0.000417003873736, 1.40295569508e-05],
        "dvar": [1.79628818842e-06, 0.000338121521054, 0.000181045979843, 8.81751184352e-05, 7.97850152594e-05, 8.78875835042e-06, 7.53037147661e-06, 3.23624931298e-06, 1.15747820928e-06, 5.26112216903e-07, 1.21949028653e-06, 6.04505146384e-07, 6.09886740222e-07, 1.25703735421e-07, 2.32251096577e-07, 6.57428529394e-08, 3.38053752102e-07, 2.58944766074e-07, 1.77643983079e-07, 3.37059219646e-07, 9.36426999942e-07, 1.06114714526e-06, 1.11265774194e-06, 1.03314869193e-06, 7.00268572018e-07, 1.8978427363e-07, 4.15062317849e-10],
        "dvar2": [4.01131683248e-06, 0.000761163013522, 0.000495865358971, 0.000256910716416, 0.000219613822992, 2.24729064939e-05, 1.94114909391e-05, 7.69300913817e-06, 2.76291143564e-06, 1.29446732444e-06, 2.84372140413e-06, 1.599165671e-06, 1.47921866755e-06, 3.08002427118e-07, 5.43198666492e-07, 1.51554132799e-07, 8.58222335864e-07, 6.64147421503e-07, 4.12712097386e-07, 7.70513679527e-07, 2.29358738579e-06, 2.13987505049e-06, 2.29884153669e-06, 2.15961540562e-06, 1.53458790919e-06, 4.57662082454e-07, 1.05117492488e-09],
        "max": [0.0152721526101, 0.19665235281, 0.133949995041, 0.0942100733519, 0.106865502894, 0.0640718862414, 0.0198141261935, 0.0193415507674, 0.0147679522634, 0.0110054723918, 0.0300531517714, 0.0105007663369, 0.011214537546, 0.00429793959484, 0.00666413921863, 0.00276908138767, 0.0103894732893, 0.00478732213378, 0.00563016533852, 0.0053002522327, 0.00835355278105, 0.00873166043311, 0.0113077275455, 0.0101236021146, 0.00863517448306, 0.00350118661299, 0.000231154335779],
        "mean": [0.00350240222178, 0.0260667800903, 0.00528293754905, 0.00163806288037, 0.00657402677462, 0.00171809189487, 0.0015735165216, 0.00105149659794, 0.000607638445217, 0.000435956957517, 0.000393672642531, 0.000317346071824, 0.000351666705683, 0.000171903593582, 0.000230532968999, 0.000123241727124, 0.000218095767195, 0.000183657029993, 0.000188231220818, 0.000222579052206, 0.000331346032908, 0.000630157242995, 0.000696337607224, 0.000687731837388, 0.000691239372827, 0.000243485017563, 5.60005582884e-06],
        "median": [0.00170313194394, 0.0169077217579, 0.00248349877074, 0.000490703678224, 0.00296970643103, 0.000457917398307, 0.000416150287492, 0.000148641120177, 0.000167079386301, 0.000171705149114, 0.000150169842527, 7.11734537617e-05, 0.00011903700215, 5.20972062077e-05, 4.17578667111e-05, 2.79518499156e-05, 5.27750162291e-05, 2.1306626877e-05, 2.5740111596e-05, 1.98079978873e-05, 3.22346350003e-05, 0.000111913170258, 0.000162809330504, 0.000222113565542, 0.000289412593702, 5.94913399254e-05, 5.22702627848e-08],
        "min": [8.55646500546e-24, 2.41599428064e-23, 6.98107664557e-24, 1.30864017238e-23, 3.07897428463e-23, 3.4886360636e-23, 6.17516403857e-23, 1.96203953956e-23, 1.3177268876e-22, 6.16866634907e-23, 1.31070589932e-22, 7.62333027591e-23, 7.69324544022e-23, 7.75980636796e-23, 3.77986299942e-23, 1.33853628097e-22, 1.58201662165e-22, 1.84893231587e-22, 1.6905296772e-22, 3.42448406463e-22, 5.55683012238e-22, 6.81837951123e-22, 6.81250786174e-22, 8.87635176284e-22, 1.29061733549e-21, 1.71829041189e-21, 2.55774564964e-21],
        "stdev": [0.00399570167065, 0.0291869547218, 0.0112536465749, 0.00696935458109, 0.00923282280564, 0.00387684768066, 0.00282875006087, 0.00216256338172, 0.00136668467894, 0.000843887799419, 0.00113678863272, 0.000728619401343, 0.000786550983321, 0.000362751859939, 0.000554826110601, 0.000273558456684, 0.00060347042745, 0.000503619201481, 0.000455146742752, 0.0006092110998, 0.000957344134804, 0.00135639635846, 0.0013867925154, 0.00125549035147, 0.00107946270145, 0.000444332923507, 1.78488189704e-05],
        "var": [1.59656319738e-05, 0.000851878314279, 0.000126644561533, 4.85719028802e-05, 8.52450175444e-05, 1.50299483721e-05, 8.00182715466e-06, 4.67668087367e-06, 1.86782699529e-06, 7.12146572823e-07, 1.29228828882e-06, 5.3088626828e-07, 6.18662454599e-07, 1.31588905106e-07, 3.0783203897e-07, 7.48342259271e-08, 3.64176543144e-07, 2.53632293834e-07, 2.0715854987e-07, 3.71138156652e-07, 9.16507758575e-07, 1.83981114787e-06, 1.92319362213e-06, 1.57625606789e-06, 1.16523972338e-06, 1.97431745619e-07, 3.1858035654e-10]
    },
    "erbbands": {
        "dmean": [0.252777010202, 1.80662667751, 5.77921438217, 6.19536972046, 11.4286642075, 15.3793449402, 9.29021835327, 10.4763088226, 18.2393054962, 23.5139446259, 15.7039728165, 11.472495079, 9.03377723694, 10.0412092209, 13.4460983276, 12.1040277481, 13.5370635986, 9.56943511963, 9.22975635529, 7.59986019135, 6.13561010361, 10.5907201767, 9.66351795197, 9.03063201904, 9.23488330841, 10.1344499588, 10.6101493835, 15.1963968277, 16.6154403687, 17.4313278198, 16.6350746155, 12.3507633209, 9.27698802948, 6.83786058426, 3.62790107727, 1.46079063416, 0.410731583834, 0.0480343624949, 0.00115902256221, 5.86582937103e-05],
        "dmean2": [0.378007501364, 2.80024862289, 9.76844882965, 11.2298688889, 19.3759937286, 24.3788032532, 14.9397163391, 17.6273231506, 29.3428535461, 40.2463340759, 25.5365028381, 18.1610088348, 14.6152830124, 15.8713445663, 21.6368751526, 19.4250240326, 21.8054962158, 15.4099912643, 14.0831918716, 12.4384384155, 9.73446464539, 17.0391693115, 15.3754701614, 14.486787796, 14.5119924545, 15.9086914062, 16.7474517822, 23.7534351349, 25.2641677856, 26.7096672058, 25.9386863708, 19.7770824432, 14.313785553, 10.5737047195, 5.69613647461, 2.35627627373, 0.681704163551, 0.0797084718943, 0.00192581082229, 9.26310458453e-05],
        "dvar": [0.325668007135, 22.3291149139, 234.29927063, 493.023803711, 1263.93884277, 834.082885742, 437.484283447, 491.139556885, 887.735595703, 2303.00708008, 989.787231445, 708.611694336, 433.784637451, 487.862915039, 2383.21435547, 911.480651855, 1120.84716797, 481.510314941, 522.711303711, 412.614685059, 220.440109253, 1094.18591309, 706.835754395, 505.342437744, 631.584777832, 823.749511719, 1085.46264648, 1668.5032959, 1296.85327148, 1073.79956055, 1077.27124023, 581.639404297, 253.665267944, 109.670555115, 34.6549987793, 5.39398431778, 0.620090425014, 0.00880608800799, 5.75734293307e-06, 8.35165891999e-09],
        "dvar2": [0.808240413666, 44.8867530823, 624.299804688, 1392.09765625, 3659.58056641, 2143.69506836, 1084.89257812, 1288.22033691, 2070.03271484, 6248.25927734, 2464.35961914, 1702.69189453, 1082.54150391, 1123.29943848, 5854.11181641, 2341.08447266, 2739.0847168, 1152.69812012, 1140.79382324, 909.366210938, 507.945678711, 2755.1796875, 1790.03015137, 1257.7677002, 1448.65380859, 1889.90710449, 2690.67456055, 3935.37768555, 2642.96679688, 2233.76391602, 2248.26831055, 1224.53271484, 550.815612793, 238.067123413, 79.4733428955, 12.7948913574, 1.51035821438, 0.0207982752472, 1.41736563819e-05, 1.99311447346e-08],
        "max": [6.15555953979, 47.2217063904, 150.170883179, 227.028274536, 337.038604736, 330.567504883, 439.632843018, 358.803253174, 293.995422363, 387.551177979, 532.22442627, 404.504364014, 358.813293457, 333.281097412, 1337.71289062, 457.092803955, 461.761474609, 266.060424805, 424.580871582, 255.299255371, 180.642791748, 595.511108398, 347.250793457, 251.806716919, 252.588790894, 261.297454834, 295.257476807, 329.754425049, 361.380432129, 263.576202393, 470.44354248, 235.286590576, 152.296524048, 100.543022156, 58.6704444885, 17.876832962, 7.10921525955, 0.835297524929, 0.0230004247278, 0.000835342565551],
        "mean": [1.21695721149, 3.93122935295, 6.62065696716, 5.7247171402, 15.7345542908, 22.7951698303, 13.6261482239, 13.8326759338, 21.4092082977, 24.3791866302, 17.7708339691, 15.092880249, 11.4259319305, 14.2954807281, 16.3892421722, 13.9909076691, 16.0365219116, 10.4914979935, 12.3406448364, 8.63234710693, 7.28147125244, 12.4250097275, 9.94068241119, 9.8781003952, 10.2320261002, 10.8326063156, 10.3146858215, 16.270483017, 21.5329456329, 21.2748470306, 20.1637248993, 14.1873064041, 11.9216861725, 9.01055622101, 4.10548353195, 1.50879490376, 0.364451467991, 0.0388104133308, 0.000967592932284, 0.000108472682768],
        "median": [0.816127538681, 2.1226913929, 3.31357216835, 2.63217067719, 5.84418153763, 8.04267787933, 4.98027420044, 4.08116054535, 6.41254615784, 5.66960668564, 4.01380205154, 4.32834434509, 4.31452035904, 6.42635440826, 6.11396551132, 3.93843531609, 5.87494850159, 3.13733577728, 2.52091598511, 2.09724926949, 1.84246051311, 2.92323756218, 1.63357973099, 1.18415892124, 1.36905002594, 1.00907695293, 0.870013415813, 1.81971168518, 3.47724914551, 5.07986545563, 4.38354730606, 3.32435297966, 4.51292276382, 3.82293725014, 1.47580325603, 0.460852891207, 0.0684319734573, 0.0038310342934, 0.000154274632223, 8.13222723082e-05],
        "min": [9.11852019627e-22, 4.66990832879e-21, 9.81795694e-21, 1.93519631321e-20, 6.04564402353e-20, 1.6190300147e-19, 1.76468566382e-19, 3.0409183325e-19, 8.31740652475e-19, 6.14732765603e-19, 9.65735639902e-19, 2.09966687684e-18, 3.11153996297e-18, 3.00329428083e-18, 5.25080935241e-18, 2.54809224025e-18, 3.90285195621e-18, 3.21929099111e-18, 3.1568115579e-18, 5.3691516011e-18, 7.13114970342e-18, 8.90781289081e-18, 1.01685296158e-17, 9.23904330504e-18, 1.01029126865e-17, 1.45748777254e-17, 1.86746396129e-17, 2.33304323081e-17, 2.46224884249e-17, 2.19477155418e-17, 1.77484438266e-17, 1.61557290639e-17, 1.57710354851e-17, 1.45779961963e-17, 8.86874184176e-18, 6.55760872286e-18, 2.96563336793e-18, 1.42278405101e-18, 3.14987947417e-19, 3.77905734651e-20],
        "stdev": [1.24209570885, 6.34867191315, 13.69277668, 17.3516273499, 29.6612548828, 33.0641365051, 27.3591327667, 28.9192256927, 36.8635520935, 46.5943145752, 33.6793708801, 34.760093689, 25.4339733124, 26.2470149994, 47.0165138245, 29.5296039581, 33.7342643738, 22.8328361511, 29.5898914337, 21.3736915588, 16.1914710999, 34.4280929565, 26.9683914185, 23.9480400085, 26.4226379395, 29.8966999054, 31.4593830109, 43.8362770081, 48.0019874573, 40.8404884338, 43.1225776672, 29.4764003754, 19.8999958038, 13.865606308, 6.98040151596, 2.53372168541, 0.76010453701, 0.0898651555181, 0.00222304021008, 0.000102649559267],
        "var": [1.54280173779, 40.3056373596, 187.492141724, 301.078948975, 879.790039062, 1093.23718262, 748.522094727, 836.321655273, 1358.92150879, 2171.0300293, 1134.30004883, 1208.26416016, 646.886962891, 688.905822754, 2210.55249023, 871.997558594, 1138.00048828, 521.338439941, 875.561706543, 456.834686279, 262.163757324, 1185.2935791, 727.294128418, 573.508605957, 698.155761719, 893.81262207, 989.692749023, 1921.61914062, 2304.19091797, 1667.94543457, 1859.55664062, 868.858154297, 396.009857178, 192.255050659, 48.7260055542, 6.41974592209, 0.577758908272, 0.0080757457763, 4.94190817335e-06, 1.05369322156e-08]
    },
    "gfcc": {
        "mean": [5.5437502861, 75.0433883667, -60.5172195435, 37.0761604309, -63.0494422913, 42.2999229431, -41.0098228455, 15.1600236893, -21.4290523529, 6.03274106979, -12.5347881317, 7.88859128952, -10.8541183472],
        "cov": [[7106.078125, -2491.41235352, -342.893249512, 480.97857666, -530.345275879, 76.5051345825, -450.490386963, 481.457427979, -192.044692993, 462.679138184, -171.150314331, 244.531906128, -220.376312256], [-2491.41235352, 2498.9621582, 183.385940552, -589.170349121, 275.138458252, -79.5541152954, 121.831809998, -256.429901123, 107.286476135, -345.917480469, 120.881652832, -161.079772949, 152.886322021], [-342.893249512, 183.385940552, 1083.5333252, -52.8371658325, -36.1033477783, 175.278945923, -15.1127462387, -33.0436439514, 38.0658493042, -21.1671085358, -1.06759572029, 121.810646057, -38.1393241882], [480.97857666, -589.170349121, -52.8371658325, 599.199401855, 133.863891602, -7.73314523697, 12.4418258667, 38.0797996521, 49.3737716675, 45.8257408142, 16.651720047, 36.5108375549, 48.0507011414], [-530.345275879, 275.138458252, -36.1033477783, 133.863891602, 456.890686035, 37.3912506104, 121.993515015, -43.4113807678, 108.847000122, -1.667293787, 47.1878623962, -7.49476289749, 80.2305908203], [76.5051345825, -79.5541152954, 175.278945923, -7.73314523697, 37.3912506104, 293.051452637, 107.250312805, 5.85126018524, 33.6666946411, 23.9586963654, 14.3584394455, 42.9740104675, -17.5962181091], [-450.490386963, 121.831809998, -15.1127462387, 12.4418258667, 121.993515015, 107.250312805, 393.205047607, 38.66223526, 57.8769836426, 31.1545257568, 42.0473861694, 26.4418830872, 32.630027771], [481.457427979, -256.429901123, -33.0436439514, 38.0797996521, -43.4113807678, 5.85126018524, 38.66223526, 201.147659302, 12.416270256, 62.4677391052, 9.79084873199, 32.8007316589, -7.68107461929], [-192.044692993, 107.286476135, 38.0658493042, 49.3737716675, 108.847000122, 33.6666946411, 57.8769836426, 12.416270256, 149.75177002, 15.7473258972, 5.29394769669, 13.4323997498, 10.3519201279], [462.679138184, -345.917480469, -21.1671085358, 45.8257408142, -1.667293787, 23.9586963654, 31.1545257568, 62.4677391052, 15.7473258972, 181.167282104, 17.6057777405, 13.6151485443, -19.1722717285], [-171.150314331, 120.881652832, -1.06759572029, 16.651720047, 47.1878623962, 14.3584394455, 42.0473861694, 9.79084873199, 5.29394769669, 17.6057777405, 117.653091431, 9.69346046448, 22.9711322784], [244.531906128, -161.079772949, 121.810646057, 36.5108375549, -7.49476289749, 42.9740104675, 26.4418830872, 32.8007316589, 13.4323997498, 13.6151485443, 9.69346046448, 122.496688843, -8.48159599304], [-220.376312256, 152.886322021, -38.1393241882, 48.0507011414, 80.2305908203, -17.5962181091, 32.630027771, -7.68107461929, 10.3519201279, -19.1722717285, 22.9711322784, -8.48159599304, 123.785072327]],
        "icov": [[0.000337469275109, -7.78907560743e-05, 0.000211981037864, -0.000317337544402, 0.000166955651366, -0.000327669811668, 0.000479840848129, -0.000549863965716, 0.000458725116914, -0.000767515215557, 0.000567776151001, -0.000715502304956, 0.00025847661891], [-7.78907560743e-05, 0.00185905327089, -0.000553940597456, 0.00193206849508, -0.000687356630806, 0.000896713230759, -0.000624366395641, 0.000972816429567, -0.00178294396028, 0.00291331158951, -0.00224417867139, 0.00204502674751, -0.00140060507692], [0.000211981037864, -0.000553940597456, 0.00146196270362, -0.00058973004343, 0.000408606050769, -0.00105934555177, 0.000691910739988, -0.000251676712651, 0.000409617729019, -0.00107004796155, 0.000904911314137, -0.002069727052, 0.000617767160293], [-0.000317337544402, 0.00193206849508, -0.00058973004343, 0.00412701210007, -0.00134693994187, 0.00122313131578, -0.000702864432242, 0.00109453045297, -0.00236282474361, 0.00304247601889, -0.00256425281987, 0.00185163726564, -0.00216333637945], [0.000166955651366, -0.000687356630806, 0.000408606050769, -0.00134693994187, 0.00379108008929, -0.000640696031041, -0.000200771013624, 0.000471608218504, -0.00127817259636, -0.00130841834471, 0.000207166711334, -0.000657907105051, -0.000850407057442], [-0.000327669811668, 0.000896713230759, -0.00105934555177, 0.00122313131578, -0.000640696031041, 0.00511985924095, -0.00183268438559, 0.00111944263335, -0.00144942943007, 0.00157065060921, -0.00161601067521, 0.000889940769412, -7.11008178769e-05], [0.000479840848129, -0.000624366395641, 0.000691910739988, -0.000702864432242, -0.000200771013624, -0.00183268438559, 0.00417141010985, -0.00159791111946, 0.000552618235815, -0.00204836693592, 0.000811241858173, -0.00198732456192, 0.000132117667818], [-0.000549863965716, 0.000972816429567, -0.000251676712651, 0.00109453045297, 0.000471608218504, 0.00111944263335, -0.00159791111946, 0.00754484394565, -0.0022647199221, 0.000725020479877, -0.00215336377732, 0.000516542291734, -0.00120333826635], [0.000458725116914, -0.00178294396028, 0.000409617729019, -0.00236282474361, -0.00127817259636, -0.00144942943007, 0.000552618235815, -0.0022647199221, 0.0108580579981, -0.00390760600567, 0.00345694739372, -0.00293435412459, 0.00204254849814], [-0.000767515215557, 0.00291331158951, -0.00107004796155, 0.00304247601889, -0.00130841834471, 0.00157065060921, -0.00204836693592, 0.000725020479877, -0.00390760600567, 0.0124164680019, -0.00535280583426, 0.00452159997076, -0.00126605143305], [0.000567776151001, -0.00224417867139, 0.000904911314137, -0.00256425281987, 0.000207166711334, -0.00161601067521, 0.000811241858173, -0.00215336377732, 0.00345694739372, -0.00535280583426, 0.0128708165139, -0.0040024491027, 0.000564460817259], [-0.000715502304956, 0.00204502674751, -0.002069727052, 0.00185163726564, -0.000657907105051, 0.000889940769412, -0.00198732456192, 0.000516542291734, -0.00293435412459, 0.00452159997076, -0.0040024491027, 0.0137633029372, -0.00141574267764], [0.00025847661891, -0.00140060507692, 0.000617767160293, -0.00216333637945, -0.000850407057442, -7.11008178769e-05, 0.000132117667818, -0.00120333826635, 0.00204254849814, -0.00126605143305, 0.000564460817259, -0.00141574267764, 0.0111615937203]]
    },
    "melbands": {
        "dmean": [0.00208285078406, 0.00255425251089, 0.00115654221736, 0.00103276153095, 0.00036095091491, 0.000235977146076, 0.00028967866092, 0.000256168161286, 0.00011820322834, 6.65701809339e-05, 4.54698019894e-05, 4.20383548771e-05, 4.59098882857e-05, 3.71345486201e-05, 3.09811730403e-05, 2.86713529931e-05, 1.70483508555e-05, 1.47545870277e-05, 1.35872305691e-05, 8.29823875392e-06, 7.13706640454e-06, 1.10349647002e-05, 1.07318719529e-05, 8.68193001224e-06, 7.34800323698e-06, 6.44314241072e-06, 7.48381853555e-06, 6.74792636346e-06, 5.80451114729e-06, 8.36909930513e-06, 9.08067977434e-06, 9.35478965403e-06, 1.07150171971e-05, 9.96285416477e-06, 1.04179807749e-05, 8.67934249982e-06, 7.49056971472e-06, 6.59813986204e-06, 6.57989357933e-06, 5.79174638915e-06],
        "dmean2": [0.0031787129119, 0.00401216419414, 0.00207128631882, 0.00164309004322, 0.000577438273467, 0.000391668640077, 0.000471140519949, 0.000434944842709, 0.000189968966879, 0.000105987812276, 7.39072202123e-05, 6.74946568324e-05, 7.32606567908e-05, 6.09020862612e-05, 4.94528685522e-05, 4.59571165266e-05, 2.78901152342e-05, 2.23144616029e-05, 2.25342628255e-05, 1.32629593281e-05, 1.15113161883e-05, 1.77506590262e-05, 1.76104658749e-05, 1.4240411474e-05, 1.20299664559e-05, 1.03175780168e-05, 1.16147339213e-05, 1.05688359326e-05, 9.20638558455e-06, 1.34060446726e-05, 1.44975138028e-05, 1.41300661198e-05, 1.65486926562e-05, 1.55751149578e-05, 1.64891280292e-05, 1.34053198053e-05, 1.23147983686e-05, 1.03361517176e-05, 1.01719597296e-05, 9.03639465832e-06],
        "dvar": [2.30533187278e-05, 3.94861781388e-05, 1.71885512827e-05, 5.32155627297e-06, 5.2717774679e-07, 2.49266577157e-07, 2.4312998903e-07, 2.55147028838e-07, 5.86182729023e-08, 2.41039668225e-08, 1.09770690315e-08, 8.68845972946e-09, 3.03982616856e-08, 9.04699870574e-09, 5.18828002782e-09, 5.46319878225e-09, 1.49662038318e-09, 1.35700151116e-09, 1.36449596067e-09, 3.96392779711e-10, 3.28854499188e-10, 1.12300413413e-09, 1.12203379921e-09, 6.19635509569e-10, 3.43453904206e-10, 3.27192328786e-10, 4.02045230441e-10, 3.77460063206e-10, 3.16949383405e-10, 6.59187870955e-10, 5.61469370997e-10, 4.31764263231e-10, 4.63812349638e-10, 3.24297338983e-10, 4.27413715531e-10, 3.4870031862e-10, 2.10246847709e-10, 1.4195800091e-10, 1.13585238437e-10, 8.00493213382e-11],
        "dvar2": [5.59118925594e-05, 9.39923265832e-05, 4.85470663989e-05, 1.46824495459e-05, 1.28855106141e-06, 6.42762074676e-07, 5.87993156387e-07, 6.70667077429e-07, 1.45452801803e-07, 5.78464494083e-08, 2.74531632982e-08, 2.1005604367e-08, 7.27318933968e-08, 2.38821495913e-08, 1.28967529989e-08, 1.29336772403e-08, 3.65695695947e-09, 2.94384183697e-09, 3.33924510265e-09, 8.87735940314e-10, 7.79543318785e-10, 2.77214029509e-09, 2.96429147895e-09, 1.60527535709e-09, 8.67161564777e-10, 7.9720519075e-10, 9.36975275145e-10, 8.74403160989e-10, 7.67407470903e-10, 1.65732005897e-09, 1.32183763935e-09, 8.89667728377e-10, 9.98495508497e-10, 7.05055624994e-10, 9.43125466613e-10, 7.07774838737e-10, 4.71794103785e-10, 3.09680031618e-10, 2.6530713737e-10, 1.74579434242e-10],
        "max": [0.056287959218, 0.0644107460976, 0.0416046716273, 0.025847569108, 0.0120011838153, 0.00908724684268, 0.00430834339932, 0.00403607776389, 0.00415621278808, 0.00225342507474, 0.00176174635999, 0.00139756978024, 0.00484515307471, 0.00110776012298, 0.00111349555664, 0.000971333356574, 0.000450062187156, 0.000710990745574, 0.000490926380735, 0.000258428539382, 0.000212363345781, 0.00055654742755, 0.000642138998955, 0.000248128228122, 0.000208809477044, 0.00023482531833, 0.00018432624347, 0.0001785884524, 0.000188522288227, 0.000220503832679, 0.000189163707546, 0.000233180995565, 0.00016069971025, 0.000155093439389, 0.000295336620184, 0.000227712647757, 0.000164026510902, 0.000119770214951, 0.000100448829471, 8.56875485624e-05],
        "mean": [0.00868069753051, 0.00382120418362, 0.00123834016267, 0.00162302446552, 0.000532254693098, 0.000315357727231, 0.000325321161654, 0.000269149779342, 0.000139218507684, 8.60552972881e-05, 5.56952691113e-05, 5.76746570005e-05, 5.70315023651e-05, 3.91926187149e-05, 3.66623680748e-05, 3.09873175866e-05, 1.75922014023e-05, 1.94722288143e-05, 1.45984968185e-05, 9.2858554126e-06, 8.13665519672e-06, 1.28580741148e-05, 1.10488426799e-05, 8.39822678245e-06, 7.91800994193e-06, 6.98041048963e-06, 7.84159965406e-06, 6.97952009432e-06, 5.61136812394e-06, 8.00048564997e-06, 9.75943930825e-06, 1.18747339002e-05, 1.27893754325e-05, 1.16085893751e-05, 1.21709508676e-05, 1.02371041066e-05, 8.00486850494e-06, 8.05298623163e-06, 8.56800579641e-06, 7.38474409445e-06],
        "median": [0.00563594326377, 0.00223666103557, 0.000650942500215, 0.000603458844125, 0.000219390160055, 8.97917052498e-05, 8.59067586134e-05, 5.57019266125e-05, 3.37483797921e-05, 2.40885019593e-05, 2.02668379643e-05, 2.43664417212e-05, 2.24559189519e-05, 9.04525950318e-06, 1.40626334542e-05, 9.0757775979e-06, 4.90868751513e-06, 3.92792662751e-06, 2.8079925869e-06, 2.21486288865e-06, 1.90160176317e-06, 2.8307795219e-06, 2.15554678107e-06, 8.37326638248e-07, 8.7869671006e-07, 9.6561996088e-07, 8.00123473255e-07, 5.63491937555e-07, 4.02990139037e-07, 6.92973685545e-07, 1.01497460037e-06, 1.73739090314e-06, 2.04995490094e-06, 3.07888308271e-06, 2.64958907792e-06, 1.83917234153e-06, 1.87631781046e-06, 2.66816732619e-06, 3.54349390363e-06, 3.05338539874e-06],
        "min": [7.56179660095e-24, 5.11411227891e-24, 5.07080894281e-24, 7.35190674648e-24, 6.65138011885e-24, 7.410812568e-24, 1.26351267432e-23, 5.88617596888e-24, 1.05404067947e-23, 1.48242425765e-23, 1.47981723013e-23, 1.07459949907e-23, 1.94725186858e-23, 8.83692398993e-24, 7.63315222527e-24, 7.57352459603e-24, 5.86471974112e-24, 5.4892590267e-24, 4.53725143108e-24, 8.72014654354e-24, 8.68532149002e-24, 1.04351435621e-23, 7.12689995049e-24, 8.60562997251e-24, 7.38549881041e-24, 6.6492281063e-24, 1.08244046092e-23, 8.78510450592e-24, 8.71902714992e-24, 1.89072114948e-23, 1.09321369765e-23, 1.42527680709e-23, 1.31056388858e-23, 1.17613331286e-23, 8.80105132912e-24, 1.17472685276e-23, 9.25040858884e-24, 8.3208559189e-24, 1.71742355473e-23, 1.0796049004e-23],
        "stdev": [0.00897271558642, 0.00683423411101, 0.00324274366722, 0.00236442312598, 0.000959245080594, 0.000662743404973, 0.000575512938667, 0.000526981719304, 0.000264162634267, 0.00019919143233, 0.000126826387714, 0.000107419371489, 0.000172883053892, 8.93342948984e-05, 7.2280956374e-05, 7.49332029955e-05, 3.92698893847e-05, 4.81492388644e-05, 3.72984068235e-05, 2.13833827729e-05, 1.92424722627e-05, 3.65115738532e-05, 3.14655917464e-05, 2.41249235842e-05, 1.95200173039e-05, 1.83017491509e-05, 2.09178433579e-05, 2.00275189854e-05, 1.73148928297e-05, 2.44288639806e-05, 2.60281685769e-05, 2.74546309811e-05, 2.74247049674e-05, 2.13379335037e-05, 2.58840918832e-05, 2.43286067416e-05, 1.63529221027e-05, 1.42798753586e-05, 1.35184118335e-05, 1.16175551739e-05],
        "var": [8.05096278782e-05, 4.67067548016e-05, 1.0515386748e-05, 5.59049703952e-06, 9.20151137507e-07, 4.39228784899e-07, 3.31215119331e-07, 2.77709744978e-07, 6.97819046991e-08, 3.96772286138e-08, 1.60849324971e-08, 1.1538921818e-08, 2.98885503014e-08, 7.98061616791e-09, 5.22453635909e-09, 5.61498492146e-09, 1.54212420611e-09, 2.31834929032e-09, 1.39117117826e-09, 4.57249044183e-10, 3.702727569e-10, 1.33309507877e-09, 9.90083570684e-10, 5.82011938643e-10, 3.81031095564e-10, 3.34954008974e-10, 4.37556157973e-10, 4.01101485359e-10, 2.99805513748e-10, 5.96769356154e-10, 6.77465583632e-10, 7.53756723704e-10, 7.52114426295e-10, 4.55307375136e-10, 6.69986177648e-10, 5.91881099687e-10, 2.67418059918e-10, 2.03914843344e-10, 1.82747456057e-10, 1.34967592658e-10]
    },
    "melbands128": {
