{
"lowlevel": {
    "average_loudness": 0.968212485313,
    "barkbands_crest": {
        "dmean": 3.96279001236,
        "dmean2": 6.27749490738,
        "dvar": 11.8359909058,
        "dvar2": 29.1146430969,
        "max": 25.7752685547,
        "mean": 14.0597038269,
        "median": 13.8934020996,
        "min": 2.48947453499,
        "stdev": 5.54766559601,
        "var": 30.776594162
    },
    "barkbands_flatness_db": {
        "dmean": 0.0373232588172,
        "dmean2": 0.0529599003494,
        "dvar": 0.00136760785244,
        "dvar2": 0.00250710034743,
        "max": 0.450194627047,
        "mean": 0.165815874934,
        "median": 0.156080693007,
        "min": 0.0235877949744,
        "stdev": 0.0707538872957,
        "var": 0.0050061121583
    },
    "barkbands_kurtosis": {
        "dmean": 8.65934944153,
        "dmean2": 13.8607683182,
        "dvar": 243.910430908,
        "dvar2": 602.083740234,
        "max": 224.337631226,
        "mean": 12.3244714737,
        "median": 6.00542449951,
        "min": -1.96163856983,
        "stdev": 18.8679294586,
        "var": 355.998748779
    },
    "barkbands_skewness": {
        "dmean": 1.11355614662,
        "dmean2": 1.62977087498,
        "dvar": 1.39251828194,
        "dvar2": 2.88839054108,
        "max": 12.0416269302,
        "mean": 2.47138977051,
        "median": 2.26089477539,
        "min": -5.66467380524,
        "stdev": 2.07638525963,
        "var": 4.31137561798
    },
    "barkbands_spread": {
        "dmean": 12.4949817657,
        "dmean2": 18.9061908722,
        "dvar": 256.584472656,
        "dvar2": 547.954223633,
        "max": 133.193069458,
        "mean": 26.8046665192,
        "median": 18.8773441315,
        "min": 0.604485571384,
        "stdev": 24.0997447968,
        "var": 580.797668457
    },
    "dissonance": {
        "dmean": 0.025891315192,
        "dmean2": 0.0419105142355,
        "dvar": 0.000839787302539,
        "dvar2": 0.00196069991216,
        "max": 0.499924689531,
        "mean": 0.451091110706,
        "median": 0.459637671709,
        "min": 0.0449477769434,
        "stdev": 0.0404187738895,
        "var": 0.00163367728237
    },
    "dynamic_complexity": 2.24277353287,
    "erbbands_crest": {
        "dmean": 3.1312251091,
        "dmean2": 4.86155843735,
        "dvar": 7.52304649353,
        "dvar2": 17.9271945953,
        "max": 26.848941803,
        "mean": 9.38724708557,
        "median": 8.25394248962,
        "min": 2.16368579865,
        "stdev": 4.56896495819,
        "var": 20.8754425049
    },
    "erbbands_flatness_db": {
        "dmean": 0.0249197669327,
        "dmean2": 0.0368182212114,
        "dvar": 0.000599579478148,
        "dvar2": 0.00128849304747,
        "max": 0.345088332891,
        "mean": 0.12889778614,
        "median": 0.120465487242,
        "min": 0.0362061038613,
        "stdev": 0.0476815141737,
        "var": 0.00227352674119
    },
    "erbbands_kurtosis": {
        "dmean": 1.71475851536,
        "dmean2": 2.6118748188,
        "dvar": 7.58629798889,
        "dvar2": 16.0358333588,
        "max": 47.6021232605,
        "mean": 1.28168463707,
        "median": 0.189754962921,
        "min": -1.81273305416,
        "stdev": 3.72164654732,
        "var": 13.8506526947
    },
    "erbbands_skewness": {
        "dmean": 0.582751512527,
        "dmean2": 0.84874099493,
        "dvar": 0.347524553537,
        "dvar2": 0.6551451087,
        "max": 6.03472280502,
        "mean": 0.476349949837,
        "median": 0.495019257069,
        "min": -4.61425733566,
        "stdev": 1.05425655842,
        "var": 1.11145699024
    },
    "erbbands_spread": {
        "dmean": 18.4249420166,
        "dmean2": 28.0583877563,
        "dvar": 389.417266846,
        "dvar2": 909.630981445,
        "max": 173.817871094,
        "mean": 55.232635498,
        "median": 50.7214660645,
        "min": 2.39348554611,
        "stdev": 30.355556488,
        "var": 921.459777832
    },
    "hfc": {
        "dmean": 20.7882976532,
        "dmean2": 31.9625930786,
        "dvar": 1070.80102539,
        "dvar2": 2609.29785156,
        "max": 245.357818604,
        "mean": 35.8016471863,
        "median": 22.703458786,
        "min": 1.15224154981e-16,
        "stdev": 39.7742500305,
        "var": 1581.99108887
    },
    "loudness_ebu128": {
        "integrated": -7.62259149551,
        "loudness_range": 2.83818054199,
        "momentary": {
            "dmean": 0.577752947807,
            "dmean2": 0.869434297085,
            "dvar": 0.257097065449,
            "dvar2": 0.539495825768,
            "max": -5.42124414444,
            "mean": -7.87814092636,
            "median": -7.4588394165,
            "min": -14.6097335815,
            "stdev": 1.57840144634,
            "var": 2.49135112762
        },
        "short_term": {
            "dmean": 0.0771612524986,
            "dmean2": 0.0914389565587,
            "dvar": 0.00378011818975,
            "dvar2": 0.00528135476634,
            "max": -6.31003427505,
            "mean": -7.64991140366,
            "median": -7.24192142487,
            "min": -9.81656455994,
            "stdev": 1.12110507488,
            "var": 1.25687646866
        }
    },
    "melbands_crest": {
        "dmean": 4.98963022232,
        "dmean2": 8.007563591,
        "dvar": 18.9715442657,
        "dvar2": 44.1738853455,
        "max": 36.6195869446,
        "mean": 18.779794693,
        "median": 18.5564899445,
        "min": 1.94545829296,
        "stdev": 7.27846097946,
        "var": 52.9759941101
    },
    "melbands_flatness_db": {
        "dmean": 0.046433866024,
        "dmean2": 0.0641784742475,
        "dvar": 0.00220030313358,
        "dvar2": 0.00402660761029,
        "max": 0.567685961723,
        "mean": 0.23918941617,
        "median": 0.236013650894,
        "min": 0.00422442751005,
        "stdev": 0.0941938906908,
        "var": 0.00887248944491
    },
    "melbands_kurtosis": {
        "dmean": 23.1089248657,
        "dmean2": 35.4700508118,
        "dvar": 1183.89526367,
        "dvar2": 2767.00537109,
        "max": 346.077575684,
        "mean": 37.8083000183,
        "median": 21.5737762451,
        "min": -1.90954220295,
        "stdev": 45.5934906006,
        "var": 2078.76635742
    },
    "melbands_skewness": {
        "dmean": 1.58053386211,
        "dmean2": 2.31860303879,
        "dvar": 2.67942643166,
        "dvar2": 5.83900308609,
        "max": 16.0953731537,
        "mean": 4.32932567596,
        "median": 3.92625331879,
        "min": -1.29791665077,
        "stdev": 2.82274985313,
        "var": 7.96791696548
    },
    "melbands_spread": {
        "dmean": 13.6695804596,
        "dmean2": 21.3157215118,
        "dvar": 645.515319824,
        "dvar2": 1293.89306641,
        "max": 267.850158691,
        "mean": 23.3761482239,
        "median": 12.032371521,
        "min": 0.592589437962,
        "stdev": 35.8227958679,
        "var": 1283.27258301
    },
    "pitch_salience": {
        "dmean": 0.115580379963,
        "dmean2": 0.186479404569,
        "dvar": 0.0139426374808,
        "dvar2": 0.0333524756134,
        "max": 0.940730035305,
        "mean": 0.472254157066,
        "median": 0.471146345139,
        "min": 0.0569816417992,
        "stdev": 0.173381924629,
        "var": 0.0300612933934
    },
    "silence_rate_20dB": {
        "dmean": 0,
        "dmean2": 0,
        "dvar": 0,
        "dvar2": 0,
        "max": 1,
        "mean": 1,
        "median": 1,
        "min": 1,
        "stdev": 0,
        "var": 0
    },
    "silence_rate_30dB": {
        "dmean": 0.0479876175523,
        "dmean2": 0.0960495769978,
        "dvar": 0.0456851571798,
        "dvar2": 0.108513168991,
        "max": 1,
        "mean": 0.961330235004,
        "median": 1,
        "min": 0,
        "stdev": 0.192806720734,
        "var": 0.0371744297445
    },
    "silence_rate_60dB": {
        "dmean": 0.0255417954177,
        "dmean2": 0.0511231608689,
        "dvar": 0.0248893555254,
        "dvar2": 0.0578047558665,
        "max": 1,
        "mean": 0.0371229685843,
        "median": 0,
        "min": 0,
        "stdev": 0.189061835408,
        "var": 0.0357443802059
    },
    "spectral_centroid": {
        "dmean": 464.286865234,
        "dmean2": 651.834960938,
        "dvar": 398447.03125,
        "dvar2": 590551.5625,
        "max": 11362.0292969,
        "mean": 1297.0246582,
        "median": 971.687438965,
        "min": 141.412338257,
        "stdev": 1040.05297852,
        "var": 1081710.125
    },
    "spectral_complexity": {
        "dmean": 4.95356035233,
        "dmean2": 7.45003890991,
        "dvar": 41.633972168,
        "dvar2": 79.3242492676,
        "max": 58,
        "mean": 13.874710083,
        "median": 12,
        "min": 0,
        "stdev": 9.11173439026,
        "var": 83.0237121582
    },
    "spectral_decrease": {
        "dmean": 3.58272145284e-09,
        "dmean2": 4.99321206604e-09,
        "dvar": 1.76655421313e-17,
        "dvar2": 3.58786877542e-17,
        "max": 2.27224461469e-10,
        "mean": -9.8541201865e-09,
        "median": -7.56267137803e-09,
        "min": -3.29610934102e-08,
        "stdev": 7.67679253499e-09,
        "var": 5.89331444858e-17
    },
    "spectral_energy": {
        "dmean": 0.0142153324559,
        "dmean2": 0.0200060289353,
        "dvar": 0.000277252693195,
        "dvar2": 0.000570430886,
        "max": 0.127958953381,
        "mean": 0.0404390282929,
        "median": 0.0316215157509,
        "min": 1.05743449477e-20,
        "stdev": 0.0295852739364,
        "var": 0.000875288445968
    },
    "spectral_energyband_high": {
        "dmean": 0.00177404331043,
        "dmean2": 0.00271862233058,
        "dvar": 8.40623033582e-06,
        "dvar2": 1.96396322281e-05,
        "max": 0.0245777722448,
        "mean": 0.00260654650629,
        "median": 0.00110747094732,
        "min": 7.69288794108e-21,
        "stdev": 0.00364600634202,
        "var": 1.32933628265e-05
    },
    "spectral_energyband_low": {
        "dmean": 0.0106358723715,
        "dmean2": 0.0160885713995,
        "dvar": 0.00027072156081,
        "dvar2": 0.000596583471633,
        "max": 0.109716892242,
        "mean": 0.0227375030518,
        "median": 0.01178990677,
        "min": 7.11526661872e-23,
        "stdev": 0.0264039542526,
        "var": 0.000697168754414
    },
    "spectral_energyband_middle_high": {
        "dmean": 0.00335041317157,
        "dmean2": 0.0057168090716,
        "dvar": 6.38730052742e-05,
        "dvar2": 0.000177500856807,
        "max": 0.0769829750061,
        "mean": 0.00386342988349,
        "median": 0.0017885043053,
        "min": 1.57706406453e-21,
        "stdev": 0.00697222631425,
        "var": 4.8611938837e-05
    },
    "spectral_energyband_middle_low": {
        "dmean": 0.00794882141054,
        "dmean2": 0.012604823336,
        "dvar": 0.000216982065467,
        "dvar2": 0.00057289522374,
        "max": 0.110777378082,
        "mean": 0.0125746997073,
        "median": 0.00914227869362,
        "min": 3.5241195951e-22,
        "stdev": 0.0144286034629,
        "var": 0.000208184588701
    },
    "spectral_entropy": {
        "dmean": 0.300750911236,
        "dmean2": 0.425989508629,
        "dvar": 0.0974305048585,
        "dvar2": 0.180032476783,
        "max": 9.77411460876,
        "mean": 7.69323253632,
        "median": 7.69179487228,
        "min": 5.36804771423,
        "stdev": 0.602071523666,
        "var": 0.36249011755
    },
    "spectral_flux": {
        "dmean": 0.0453914441168,
        "dmean2": 0.064003996551,
        "dvar": 0.0019989204593,
        "dvar2": 0.00312695396133,
        "max": 0.377016156912,
        "mean": 0.116746671498,
        "median": 0.0947210863233,
        "min": 1.02831632098e-10,
        "stdev": 0.0750980600715,
        "var": 0.00563971884549
    },
    "spectral_kurtosis": {
        "dmean": 1.6546369791,
        "dmean2": 2.56122589111,
        "dvar": 8.0972328186,
        "dvar2": 18.5970458984,
        "max": 41.272228241,
        "mean": 3.29999923706,
        "median": 2.35478878021,
        "min": -1.32557630539,
        "stdev": 4.27667617798,
        "var": 18.2899589539
    },
    "spectral_rms": {
        "dmean": 0.001131988829,
        "dmean2": 0.00156916468404,
        "dvar": 1.39309941005e-06,
        "dvar2": 2.73645991911e-06,
        "max": 0.0111730927601,
        "mean": 0.00582659384236,
        "median": 0.00555430119857,
        "min": 3.21192074673e-12,
        "stdev": 0.00234596268274,
        "var": 5.50354070583e-06
    },
    "spectral_rolloff": {
        "dmean": 1354.90734863,
        "dmean2": 2253.48046875,
        "dvar": 6056670,
        "dvar2": 12111589,
        "max": 18281.6894531,
        "mean": 2124.10913086,
        "median": 645.99609375,
        "min": 64.599609375,
        "stdev": 3355.55444336,
        "var": 11259746
    },
    "spectral_skewness": {
        "dmean": 0.323348432779,
        "dmean2": 0.46721726656,
        "dvar": 0.130636975169,
        "dvar2": 0.261387467384,
        "max": 5.40318202972,
        "mean": 1.52713656425,
        "median": 1.45421040058,
        "min": -0.624165952206,
        "stdev": 0.689976513386,
        "var": 0.476067602634
    },
    "spectral_spread": {
        "dmean": 1506272.25,
        "dmean2": 2169913.75,
        "dvar": 2.70258929664e+12,
        "dvar2": 4.59347800883e+12,
        "max": 39088864,
        "mean": 7715985.5,
        "median": 7176154,
        "min": 1201942.75,
        "stdev": 3108014.25,
        "var": 9.65975264461e+12
    },
    "spectral_strongpeak": {
        "dmean": 0.471178144217,
        "dmean2": 0.778581500053,
        "dvar": 0.78720921278,
        "dvar2": 1.94704151154,
        "max": 10.2730855942,
        "mean": 0.805446624756,
        "median": 0.522884845734,
        "min": 0,
        "stdev": 1.05151700974,
        "var": 1.10568809509
    },
    "zerocrossingrate": {
        "dmean": 0.0277738310397,
        "dmean2": 0.0304731372744,
        "dvar": 0.0013120850781,
        "dvar2": 0.00135969743133,
        "max": 0.52978515625,
        "mean": 0.0832562968135,
        "median": 0.06103515625,
        "min": 0.0029296875,
        "stdev": 0.0806757733226,
        "var": 0.00650857994333
    },
    "barkbands": {
        "dmean": [0.000486872508191, 0.00968244578689, 0.00463887210935, 0.00285265524872, 0.00328465993516, 0.00148921448272, 0.00174224493094, 0.000731355452444, 0.0008025628631, 0.000449305662187, 0.000415117887314, 0.000407809216995, 0.000329830683768, 0.00115652824752, 0.000362467166269, 0.000274403340882, 0.000138383678859, 0.000258026004303, 0.000179454000317, 0.000203356292332, 0.000218883578782, 0.000226582415053, 0.00041142111877, 0.000389895256376, 0.000414115405874, 0.000333836564096, 2.59206353803e-05],
        "dmean2": [0.00063471053727, 0.0145941199735, 0.00802196934819, 0.00508989859372, 0.00558351073414, 0.0024980197195, 0.00282791350037, 0.00111226784065, 0.00122555834241, 0.000690865679644, 0.000691003981046, 0.000696918170433, 0.000565784925129, 0.0021092959214, 0.000653308990877, 0.000461797346361, 0.000227848664508, 0.000418197130784, 0.000291928066872, 0.000334738346282, 0.000348614237737, 0.000362998282071, 0.000706661317963, 0.000635697739199, 0.000621097278781, 0.000492850900628, 4.30586442235e-05],
        "dvar": [8.02547162948e-07, 0.000205753662158, 0.000155300804181, 5.73774850636e-05, 4.30425607192e-05, 1.15255752462e-05, 1.35413411044e-05, 2.84336374534e-06, 2.67273162535e-06, 7.92233379343e-07, 1.08104165975e-06, 6.88518582592e-07, 5.34693526788e-07, 1.64550492627e-05, 1.14001568363e-06, 3.8017725501e-07, 7.94751002786e-08, 3.79480326274e-07, 2.12824602386e-07, 2.87162663426e-07, 1.87182564559e-07, 1.38688022844e-07, 8.5135604877e-07, 5.60701494123e-07, 5.23363553384e-07, 3.52485812982e-07, 3.72219410849e-09],
        "dvar2": [1.22648214074e-06, 0.000448386534117, 0.000403597718105, 0.000163108794368, 0.000116561430332, 2.84746292891e-05, 3.33318348567e-05, 5.31672458237e-06, 5.46699220649e-06, 1.70649639131e-06, 2.50057723861e-06, 1.79312269211e-06, 1.4349615185e-06, 4.68124453619e-05, 3.26114150084e-06, 9.5252016763e-07, 2.00678329065e-07, 9.56832877819e-07, 5.1633566045e-07, 6.88394152348e-07, 4.5494593337e-07, 3.17609448075e-07, 2.30110072152e-06, 1.42776173107e-06, 9.82030883279e-07, 6.97236202996e-07, 9.08254538246e-09],
        "max": [0.00813946127892, 0.0901346802711, 0.0861616432667, 0.051737062633, 0.0598811320961, 0.0316767916083, 0.0379404202104, 0.0224794391543, 0.0214762426913, 0.0133047075942, 0.0161420013756, 0.00851926580071, 0.00930475443602, 0.0473625771701, 0.0117747141048, 0.0073440358974, 0.00315971369855, 0.0044447039254, 0.0097115021199, 0.00727973505855, 0.00377648463473, 0.0048032947816, 0.00892563443631, 0.00805587228388, 0.0106739187613, 0.00762607343495, 0.000718921539374],
        "mean": [0.000687991268933, 0.0168473273516, 0.00390585092828, 0.00237414683215, 0.00423356657848, 0.00165478512645, 0.00207594549283, 0.0010367842624, 0.00110956467688, 0.000534417107701, 0.000411546847317, 0.000428360828664, 0.000328917230945, 0.00086340442067, 0.000328196008923, 0.00029859598726, 0.000162973155966, 0.000256537809037, 0.00018904801982, 0.000199252172024, 0.000271265103947, 0.000290488038445, 0.000376049312763, 0.000438763585407, 0.000615653290879, 0.000492353108712, 2.72727174888e-05],
        "median": [0.000124773476273, 0.00710026500747, 0.000406209961511, 0.000461068935692, 0.00145956710912, 0.000311461131787, 0.000443791010184, 0.000160747076734, 0.000262487650616, 0.000151446613017, 5.7144825405e-05, 0.00010836556612, 7.72479106672e-05, 7.67020173953e-05, 8.56428014231e-05, 9.11613824428e-05, 5.73373872612e-05, 4.68743237434e-05, 3.52839088009e-05, 3.87426262023e-05, 8.37676925585e-05, 0.000114347603812, 8.88678914635e-05, 0.000106647414214, 0.000174592714757, 0.000144979610923, 5.34244600203e-06],
        "min": [1.13835039382e-22, 1.82724924327e-23, 1.27589715945e-23, 1.65665397044e-23, 3.68915251502e-23, 6.97174063453e-23, 2.32981043788e-23, 6.51370401159e-23, 8.33924931531e-23, 9.96560156066e-23, 7.0964456597e-23, 7.65630403066e-23, 6.83423649895e-23, 1.61962685903e-22, 1.25153880708e-22, 1.07711711709e-22, 1.15403080292e-22, 1.75862692732e-22, 3.63986000493e-22, 4.50042849266e-22, 4.28012248724e-22, 5.98690345639e-22, 4.19178445468e-22, 5.93575497747e-22, 1.40131453863e-21, 1.75937257127e-21, 2.39640100155e-21],
        "stdev": [0.00134396157227, 0.0215936992317, 0.0107643855736, 0.00610515521839, 0.00691008754075, 0.00367887620814, 0.00407780054957, 0.00267674331553, 0.00229061720893, 0.0010694161756, 0.00125201966148, 0.000836768362205, 0.000731801846996, 0.00326125347055, 0.000873026670888, 0.000609274487942, 0.000304306595353, 0.000596403260715, 0.000482435774757, 0.00055312551558, 0.000502868671902, 0.000456219218904, 0.000814429891761, 0.000813880120404, 0.00107813964132, 0.000895187084097, 6.5808853833e-05],
        "var": [1.80623283086e-06, 0.00046628783457, 0.000115872004244, 3.7272919144e-05, 4.77493085782e-05, 1.35341306304e-05, 1.66284589795e-05, 7.16495424058e-06, 5.24692677573e-06, 1.14365093395e-06, 1.56755334046e-06, 7.00181260527e-07, 5.35533956736e-07, 1.06357738332e-05, 7.62175602631e-07, 3.71215406858e-07, 9.26025052195e-08, 3.55696869292e-07, 2.3274428429e-07, 3.05947850165e-07, 2.52876930062e-07, 2.08135986668e-07, 6.63296077619e-07, 6.62400850615e-07, 1.16238504688e-06, 8.01359874458e-07, 4.330805492e-09]
    },
    "erbbands": {
        "dmean": [0.284387111664, 2.37313961983, 4.77684736252, 8.14420890808, 10.648765564, 11.1320343018, 8.88178825378, 13.9352397919, 25.6311225891, 16.8996772766, 16.3029060364, 17.2522506714, 13.2842617035, 17.1466274261, 16.3282661438, 15.3289394379, 15.9418344498, 40.7431640625, 34.7533874512, 24.0991153717, 11.9523181915, 9.02031993866, 14.7928991318, 9.68876743317, 9.41491508484, 8.84899520874, 7.51517772675, 9.8913974762, 8.0866355896, 11.6284418106, 10.6211385727, 9.42432308197, 5.95166492462, 4.31967353821, 3.33530068398, 1.75759160519, 0.572339296341, 0.0906801521778, 0.00275598256849, 7.60603870731e-05],
        "dmean2": [0.404520720243, 3.50229763985, 7.82411956787, 14.5315103531, 18.1159973145, 19.2194042206, 15.814491272, 22.8951091766, 41.1912384033, 27.7638397217, 24.2786941528, 26.0656261444, 21.0676307678, 27.0817871094, 26.976858139, 26.7137699127, 27.5482616425, 73.0548019409, 62.609210968, 43.2255592346, 19.6087379456, 14.7742452621, 23.8140735626, 15.8874511719, 15.2546081543, 14.3721179962, 11.7817134857, 15.9592533112, 12.8586711884, 19.680639267, 18.2490539551, 15.9787664413, 9.50418281555, 6.43387746811, 5.02255725861, 2.57639431953, 0.881158351898, 0.136751815677, 0.00438157049939, 0.000113150977995],
        "dvar": [0.155247494578, 13.21301651, 123.504631042, 512.521911621, 444.50088501, 527.938842773, 496.962371826, 1003.18719482, 2817.2902832, 1591.86950684, 1211.01220703, 1493.13781738, 912.804443359, 1325.10900879, 1424.6418457, 1091.11254883, 1372.19104004, 17413.6269531, 13349.0849609, 5312.00976562, 627.701171875, 365.118591309, 1249.14660645, 537.694152832, 675.141662598, 516.651062012, 248.511734009, 358.843933105, 171.014968872, 567.582702637, 580.07409668, 393.917938232, 121.931297302, 68.4206619263, 35.5853042603, 9.71888256073, 1.16493952274, 0.0396832488477, 4.04976199206e-05, 1.81863253346e-08],
        "dvar2": [0.257490992546, 30.0680561066, 297.095977783, 1423.91918945, 1197.43139648, 1420.3515625, 1343.82165527, 2301.63500977, 6697.71435547, 4106, 2199.81054688, 2836.57861328, 2142.89648438, 2973.3605957, 3077.03125, 3033.35009766, 3732.13427734, 49544.5859375, 37515.8085938, 15076.4179688, 1524.71704102, 934.615112305, 3109.23925781, 1397.81201172, 1584.52392578, 1213.20996094, 560.828857422, 891.979675293, 398.327819824, 1511.29626465, 1560.63378906, 1051.51403809, 291.669128418, 133.160217285, 70.8965606689, 18.6826686859, 2.48773670197, 0.0913602486253, 9.64869686868e-05, 3.99153208264e-08],
        "max": [2.92188453674, 23.8537540436, 77.898475647, 161.163848877, 196.247955322, 195.171005249, 188.426086426, 364.581329346, 624.215942383, 409.949310303, 387.250518799, 596.72442627, 559.652770996, 398.999664307, 766.292480469, 412.328460693, 480.404510498, 1607.89587402, 1232.43835449, 834.272521973, 260.707733154, 224.008499146, 246.859954834, 315.231140137, 579.081420898, 350.950164795, 203.747024536, 177.7315979, 157.715164185, 195.43081665, 233.346740723, 150.725509644, 137.744827271, 153.741989136, 68.045539856, 45.7687797546, 12.8177404404, 3.74377179146, 0.0869732871652, 0.00202884944156],
        "mean": [0.54536986351, 3.47089457512, 5.10944080353, 6.79972934723, 12.2687797546, 13.6044006348, 9.44969463348, 16.4861221313, 32.5726737976, 20.9381465912, 24.0096569061, 23.6153621674, 17.8815898895, 19.5557556152, 18.137260437, 15.8673353195, 16.28216362, 31.4115619659, 28.8637161255, 21.4363594055, 14.0731611252, 10.4969949722, 14.8221540451, 10.3100614548, 9.72156906128, 8.88774299622, 9.14559173584, 12.0296144485, 10.4643697739, 11.3876857758, 10.024477005, 9.21371078491, 7.29918479919, 5.82550859451, 4.9864821434, 2.60305500031, 0.807017207146, 0.12181943655, 0.00346794771031, 0.000147782702697],
        "median": [0.222384482622, 1.46096026897, 1.05120933056, 1.41523098946, 4.29132270813, 4.17916584015, 2.32865834236, 4.0565328598, 7.86265468597, 5.69169712067, 4.9028339386, 5.62191009521, 6.34126663208, 4.95908975601, 3.98304796219, 4.42789459229, 4.05161142349, 3.81739544868, 4.45167922974, 5.61596679688, 4.96151304245, 3.9145488739, 2.96308588982, 2.18465232849, 1.94910299778, 1.9413087368, 2.41900205612, 3.99919557571, 4.1296620369, 3.12819719315, 2.36761760712, 1.91813468933, 1.896895051, 1.49254369736, 1.37234246731, 0.699260115623, 0.2370249331, 0.0353898517787, 0.00102421268821, 9.02653628145e-05],
        "min": [6.69171848968e-22, 4.65184162177e-21, 1.66029559977e-20, 2.65372239022e-20, 1.04933528182e-19, 1.63047819438e-19, 1.45876907014e-19, 6.7612125098e-19, 3.66076560753e-19, 5.53565809533e-19, 2.01470136586e-18, 1.61851183774e-18, 3.92589596731e-18, 2.63685058114e-18, 2.16230057923e-18, 3.80030265336e-18, 2.64597066098e-18, 5.59111228359e-18, 7.69937232623e-18, 6.56231579414e-18, 6.55340581817e-18, 7.41999207434e-18, 8.82151892777e-18, 1.26119748231e-17, 2.19001510022e-17, 2.40778644378e-17, 1.35227676792e-17, 2.00260327037e-17, 1.67410999679e-17, 2.00358298309e-17, 1.17764678105e-17, 1.16790664662e-17, 1.13042436337e-17, 1.3786141159e-17, 1.12206247728e-17, 7.75110916482e-18, 2.95955193607e-18, 1.40574319981e-18, 3.20873389174e-19, 3.08592264469e-20],
        "stdev": [0.738597154617, 4.90710353851, 10.9553995132, 18.3995933533, 20.999622345, 24.020318985, 22.5666446686, 37.7982559204, 61.2310409546, 42.2957000732, 53.7939834595, 53.5675125122, 35.6507911682, 40.941734314, 47.9411582947, 30.7351875305, 36.378326416, 103.449317932, 98.5735473633, 59.3910331726, 26.5724620819, 19.1030960083, 34.3472900391, 22.8876972198, 27.9845085144, 24.1452178955, 19.2526817322, 21.2509555817, 16.1670417786, 22.2600212097, 21.4710712433, 18.8291511536, 13.3556470871, 11.530500412, 8.6776638031, 4.69601154327, 1.52052164078, 0.250916779041, 0.00729919411242, 0.000186178658623],
        "var": [0.545525729656, 24.0796642303, 120.020782471, 338.545013428, 440.984130859, 576.975708008, 509.253479004, 1428.70825195, 3749.24023438, 1788.92614746, 2893.79248047, 2869.47827148, 1270.97888184, 1676.22558594, 2298.35449219, 944.651794434, 1323.38269043, 10701.7607422, 9716.74414062, 3527.29467773, 706.095703125, 364.928283691, 1179.7364502, 523.846679688, 783.13269043, 582.991516113, 370.665740967, 451.603149414, 261.37322998, 495.508544922, 461.006866455, 354.536956787, 178.373321533, 132.952438354, 75.3018569946, 22.052526474, 2.31198620796, 0.0629592239857, 5.32782360096e-05, 3.46624915437e-08]
    },
    "gfcc": {
        "mean": [9.02334880829, 55.5932655334, -76.6587219238, 22.0246219635, -59.3810119629, 23.3174686432, -41.5583267212, 13.1508798599, -22.1140136719, 10.8686342239, -22.6892089844, 7.08716011047, -11.7425107956],
        "cov": [[7880.06347656, -1835.3392334, -1.61547422409, 230.263198853, 55.1044692993, 97.8565139771, -347.544128418, 196.326553345, -322.497039795, 410.74230957, -283.476257324, 297.235900879, -366.857208252], [-1835.3392334, 2468.10498047, -10.64494133, 60.597530365, 334.256134033, 180.417205811, 428.5206604, -63.4526824951, 412.540985107, -130.762969971, 207.017272949, -134.929702759, 175.179443359], [-1.61547422409, -10.64494133, 1008.48266602, 313.517089844, 262.473144531, 213.676544189, 129.025375366, 157.074783325, 34.0565719604, 120.831245422, 26.8722057343, 43.7806930542, -16.3053722382], [230.263198853, 60.597530365, 313.517089844, 806.474182129, 341.188110352, 183.375183105, 166.515808105, 89.3283920288, 99.9359283447, 79.2609176636, 77.9632797241, 1.64526689053, 45.6275367737], [55.1044692993, 334.256134033, 262.473144531, 341.188110352, 568.148071289, 244.136413574, 234.027954102, 127.879341125, 144.417709351, 114.429588318, 93.0362243652, 30.1548442841, 8.96723365784], [97.8565139771, 180.417205811, 213.676544189, 183.375183105, 244.136413574, 354.603363037, 211.280883789, 118.725219727, 153.127151489, 100.290184021, 109.556549072, 18.4899539948, 27.4389762878], [-347.544128418, 428.5206604, 129.025375366, 166.515808105, 234.027954102, 211.280883789, 449.634155273, 194.945220947, 194.216293335, 36.2671737671, 109.435806274, 20.5889720917, 39.9131774902], [196.326553345, -63.4526824951, 157.074783325, 89.3283920288, 127.879341125, 118.725219727, 194.945220947, 302.756896973, 142.490127563, 89.7362670898, 67.2597732544, 53.1768760681, 29.2387561798], [-322.497039795, 412.540985107, 34.0565719604, 99.9359283447, 144.417709351, 153.127151489, 194.216293335, 142.490127563, 335.252685547, 112.59980011, 119.9295578, 30.1363010406, 77.0205612183], [410.74230957, -130.762969971, 120.831245422, 79.2609176636, 114.429588318, 100.290184021, 36.2671737671, 89.7362670898, 112.59980011, 234.162399292, 62.6380615234, 67.6216125488, 11.911280632], [-283.476257324, 207.017272949, 26.8722057343, 77.9632797241, 93.0362243652, 109.556549072, 109.435806274, 67.2597732544, 119.9295578, 62.6380615234, 174.496444702, 16.9701080322, 52.9790000916], [297.235900879, -134.929702759, 43.7806930542, 1.64526689053, 30.1548442841, 18.4899539948, 20.5889720917, 53.1768760681, 30.1363010406, 67.6216125488, 16.9701080322, 137.67237854, 11.6599760056], [-366.857208252, 175.179443359, -16.3053722382, 45.6275367737, 8.96723365784, 27.4389762878, 39.9131774902, 29.2387561798, 77.0205612183, 11.911280632, 52.9790000916, 11.6599760056, 138.528671265]],
        "icov": [[0.000247666524956, -4.82795330754e-05, 0.000197574088816, -0.000192868057638, 9.76944284048e-05, -0.000342968996847, 0.000278911786154, -0.00041135319043, 0.000373749557184, -0.000483849580633, 0.000449151935754, -0.000448647129815, 0.000571576820221], [-4.82795330754e-05, 0.0010631250916, -0.00026102756965, 0.000425285834353, -0.000690928136464, 0.000481196329929, -0.000847774092108, 0.00136120687239, -0.00149755668826, 0.0010898236651, -0.000606640474871, 0.000850035226904, -0.000837309926283], [0.000197574088816, -0.00026102756965, 0.00157486088574, -0.000574980978854, 3.71816167899e-05, -0.000971400993876, 0.000470077444334, -0.00113626883831, 0.00106932641938, -0.00094037828967, 0.000813616381492, -0.00062141061062, 0.000749920320231], [-0.000192868057638, 0.000425285834353, -0.000574980978854, 0.00210081948899, -0.00120911665726, 0.000375690869987, -0.000612478994299, 0.000899389910046, -0.000728149781935, 0.000649881025311, -0.00065498019103, 0.000980628188699, -0.00130078766961], [9.76944284048e-05, -0.000690928136464, 3.71816167899e-05, -0.00120911665726, 0.0037702198606, -0.00144484115299, -0.000205108954106, -0.000850678072311, 0.000905592401978, -0.00141052820254, 0.000423705234425, -0.000829210446682, 0.00134138646536], [-0.000342968996847, 0.000481196329929, -0.000971400993876, 0.000375690869987, -0.00144484115299, 0.00621114112437, -0.00202420819551, 0.00127536361106, -0.00168406998273, 0.000155123037985, -0.00226054619998, 0.00145728897769, -0.000912706484087], [0.000278911786154, -0.000847774092108, 0.000470077444334, -0.000612478994299, -0.000205108954106, -0.00202420819551, 0.00562795251608, -0.00336256809533, 0.000152837499627, 0.00055191735737, 0.000177670124685, -0.00125267787371, 0.00147522625048], [-0.00041135319043, 0.00136120687239, -0.00113626883831, 0.000899389910046, -0.000850678072311, 0.00127536361106, -0.00336256809533, 0.00782798044384, -0.0032946059946, 0.00101743172854, -0.00134511676151, 0.000616523320787, -0.00191480852664], [0.000373749557184, -0.00149755668826, 0.00106932641938, -0.000728149781935, 0.000905592401978, -0.00168406998273, 0.000152837499627, -0.0032946059946, 0.00842960644513, -0.0040006111376, 8.27204275993e-05, -0.00121067417786, -9.69826432993e-05], [-0.000483849580633, 0.0010898236651, -0.00094037828967, 0.000649881025311, -0.00141052820254, 0.000155123037985, 0.00055191735737, 0.00101743172854, -0.0040006111376, 0.00904677994549, -0.00245953677222, -0.000977925141342, -0.000828075804748], [0.000449151935754, -0.000606640474871, 0.000813616381492, -0.00065498019103, 0.000423705234425, -0.00226054619998, 0.000177670124685, -0.00134511676151, 8.27204275993e-05, -0.00245953677222, 0.0100874835625, -0.00110744370613, -0.000678012554999], [-0.000448647129815, 0.000850035226904, -0.00062141061062, 0.000980628188699, -0.000829210446682, 0.00145728897769, -0.00125267787371, 0.000616523320787, -0.00121067417786, -0.000977925141342, -0.00110744370613, 0.010266973637, -0.00234680064023], [0.000571576820221, -0.000837309926283, 0.000749920320231, -0.00130078766961, 0.00134138646536, -0.000912706484087, 0.00147522625048, -0.00191480852664, -9.69826432993e-05, -0.000828075804748, -0.000678012554999, -0.00234680064023, 0.0109629584476]]
    },
    "melbands": {
        "dmean": [0.00249719806015, 0.00230227177963, 0.00139060372021, 0.000800420413725, 0.000325074215652, 0.000307137670461, 0.000380575511372, 0.000176518238732, 0.00013719056733, 0.000106718041934, 6.80897719576e-05, 7.03958212398e-05, 5.55878141313e-05, 4.65612720291e-05, 3.66253989341e-05, 3.36304947268e-05, 9.02663305169e-05, 7.33190026949e-05, 3.27671004925e-05, 2.52423196798e-05, 1.26182030726e-05, 8.17404361442e-06, 1.39427829708e-05, 1.1652460671e-05, 7.75799981056e-06, 6.92022422299e-06, 7.79029505793e-06, 5.48241723664e-06, 4.70050918011e-06, 6.05486911809e-06, 5.52622941541e-06, 4.63411515739e-06, 4.83451549371e-06, 7.31494628781e-06, 6.45395311949e-06, 5.83132759857e-06, 5.844772204e-06, 4.30673162555e-06, 3.79429934583e-06, 3.8253965613e-06],
        "dmean2": [0.00375333311968, 0.00340993492864, 0.00239955540746, 0.00135312695056, 0.000576710619498, 0.000502691837028, 0.000610796792898, 0.000282582564978, 0.000201696442673, 0.000164553202922, 0.000108179992822, 0.000110568325908, 9.1574358521e-05, 7.94992956799e-05, 6.40940706944e-05, 5.84688496019e-05, 0.000162780590472, 0.000133983790874, 5.95549536229e-05, 4.36469854321e-05, 2.09536628972e-05, 1.32537234094e-05, 2.31543144764e-05, 1.9048609829e-05, 1.27908751892e-05, 1.11967638077e-05, 1.32008908622e-05, 8.67605649546e-06, 7.40505402064e-06, 1.00149563877e-05, 8.81199048308e-06, 7.35063849788e-06, 7.96327276475e-06, 1.25601736727e-05, 1.10960245365e-05, 1.01111427284e-05, 9.87941075437e-06, 6.9848624662e-06, 5.90519266552e-06, 5.75865306018e-06],
        "dvar": [1.29821482915e-05, 1.69923805515e-05, 1.17334957395e-05, 2.50465700447e-06, 5.99881161634e-07, 4.51865304285e-07, 6.08160974025e-07, 1.5965636635e-07, 7.88562601883e-08, 4.99851751101e-08, 2.34658141807e-08, 2.17242188683e-08, 1.79610974982e-08, 8.93086937737e-09, 5.8664317848e-09, 6.69120536756e-09, 9.18266493954e-08, 6.68478818966e-08, 1.04786010979e-08, 4.48674697395e-09, 7.63399732318e-10, 2.58122939689e-10, 1.19228904527e-09, 7.34928173873e-10, 3.55609319769e-10, 3.49147710743e-10, 5.24189303075e-10, 1.82984044583e-10, 9.77738237595e-11, 1.76997763668e-10, 9.72492988915e-11, 5.53991019725e-11, 7.53738321757e-11, 2.39562286675e-10, 2.19765150522e-10, 1.64946598047e-10, 1.45653766825e-10, 7.15457831868e-11, 4.55937058941e-11, 6.03259664445e-11],
        "dvar2": [2.45635746978e-05, 3.75030940631e-05, 3.19291757478e-05, 6.66274308969e-06, 1.65432106769e-06, 1.06681136458e-06, 1.45778960814e-06, 3.9317046685e-07, 1.45085664371e-07, 1.01849906287e-07, 5.44453762075e-08, 4.82638391475e-08, 4.04030160439e-08, 2.22849934062e-08, 1.60955373474e-08, 1.82121926429e-08, 2.61817831415e-07, 1.88033425275e-07, 2.99885307697e-08, 1.24465353579e-08, 1.95901983524e-09, 6.55934140337e-10, 3.08728953513e-09, 1.82998749487e-09, 9.33921051605e-10, 8.40113589806e-10, 1.32710031853e-09, 4.0732561768e-10, 2.26206275933e-10, 4.52355736202e-10, 2.31658595085e-10, 1.30949542876e-10, 1.84160617311e-10, 6.44651498849e-10, 5.93963211948e-10, 4.44721676152e-10, 3.83541864935e-10, 1.77287712289e-10, 9.87424239596e-11, 1.19125528886e-10],
        "max": [0.023665305227, 0.0281523112208, 0.0235553439707, 0.0145927416161, 0.00702522555366, 0.00740188872442, 0.00870831217617, 0.00370119535364, 0.00363705027848, 0.00334441824816, 0.00274020293728, 0.00153619656339, 0.00237228954211, 0.00120042671915, 0.000923785322811, 0.00106314744335, 0.00365168647841, 0.00285838264972, 0.0011024614796, 0.000845348055009, 0.00030707087717, 0.000191522281966, 0.000305533612845, 0.000235940809944, 0.000249927863479, 0.000441830168711, 0.000345051899785, 0.000244741677307, 0.000127406441607, 0.000116856812383, 0.000111370100058, 9.36287251534e-05, 8.56213009683e-05, 0.000138166753459, 0.000151114392793, 9.82554629445e-05, 9.95772352326e-05, 0.000113289541332, 9.3550865131e-05, 0.000151537635247],
        "mean": [0.00478444620967, 0.00329756713472, 0.00130554207135, 0.00102589116432, 0.000352750037564, 0.000361980550224, 0.000481947354274, 0.000229732293519, 0.000195225627976, 0.000145200931001, 8.84855544427e-05, 8.00546476967e-05, 6.00494386163e-05, 4.90239617648e-05, 3.7769877963e-05, 3.29533759214e-05, 6.66713385726e-05, 5.76454403927e-05, 2.78419556707e-05, 2.46133731707e-05, 1.37880388138e-05, 9.61181194725e-06, 1.36050020956e-05, 1.16659230116e-05, 7.89629575593e-06, 7.25437257643e-06, 6.99362044543e-06, 5.5544010138e-06, 5.38850463272e-06, 6.66108780933e-06, 6.9199995778e-06, 5.84389090363e-06, 5.68271070733e-06, 6.61628700982e-06, 5.89714045418e-06, 5.37627920494e-06, 5.71975897401e-06, 5.14999510415e-06, 4.69406722914e-06, 4.97269138577e-06],
        "median": [0.00203423784114, 0.00134606973734, 0.000391235982534, 0.000326170993503, 0.000100646677311, 8.80247898749e-05, 0.000117646413855, 5.00524656672e-05, 3.82179496228e-05, 3.32885538228e-05, 3.16276491503e-05, 2.12520280911e-05, 1.14327967822e-05, 1.21805533126e-05, 8.53178062243e-06, 6.96401502864e-06, 6.51005575492e-06, 6.24188214715e-06, 6.50196989227e-06, 6.94461732564e-06, 4.435527444e-06, 3.56574469151e-06, 2.77736239696e-06, 2.06900972444e-06, 1.43987017509e-06, 1.3710841813e-06, 1.0824378478e-06, 1.21082553051e-06, 1.2051863223e-06, 1.71932731519e-06, 2.33160949392e-06, 2.26663246394e-06, 1.89249055893e-06, 1.5347087583e-06, 1.38587461151e-06, 1.02905300992e-06, 1.1200179415e-06, 1.35293043968e-06, 1.19174944757e-06, 1.14211331947e-06],
        "min": [1.09129258468e-23, 7.66237478865e-24, 7.59363581595e-24, 9.93937130447e-24, 5.17550813988e-24, 1.43541019873e-23, 5.9871300488e-24, 5.96381132044e-24, 1.74482779372e-23, 1.05391540836e-23, 1.93406542746e-23, 1.01038472255e-23, 8.3069893219e-24, 8.15807210452e-24, 7.62613136322e-24, 6.27492267867e-24, 1.21435086271e-23, 1.47311364793e-23, 9.35558031359e-24, 7.05647360431e-24, 7.77294468856e-24, 7.1331650838e-24, 8.34538791533e-24, 7.73596446705e-24, 9.62337019192e-24, 1.66535699949e-23, 1.50513398539e-23, 1.61633071418e-23, 6.52073607547e-24, 1.17081804697e-23, 1.12952338739e-23, 7.95032242969e-24, 1.41882960468e-23, 9.21216303443e-24, 5.9599963891e-24, 7.72819813144e-24, 6.66134816524e-24, 6.97607368971e-24, 1.07020554383e-23, 1.16023192805e-23],
        "stdev": [0.00610312446952, 0.00518017914146, 0.00290260044858, 0.00171784230042, 0.000780218688305, 0.000791703118011, 0.000898736179806, 0.00048183236504, 0.00041235977551, 0.000312144256895, 0.000180266317329, 0.000167176680407, 0.000172680374817, 0.000101848156191, 7.42013507988e-05, 7.7284341387e-05, 0.00023651884112, 0.00021988536173, 8.18685366539e-05, 5.79941006436e-05, 2.76503160421e-05, 1.6525897081e-05, 3.30406219291e-05, 2.65796134045e-05, 1.84352411452e-05, 1.96057608264e-05, 2.2307764084e-05, 1.50076311911e-05, 1.16784194688e-05, 1.39299263537e-05, 1.1815799553e-05, 9.16065164347e-06, 9.69851225818e-06, 1.39534176924e-05, 1.30634471134e-05, 1.16315368359e-05, 1.17661966215e-05, 9.77346917352e-06, 8.9306386144e-06, 1.05062026705e-05],
        "var": [3.72481299564e-05, 2.68342537311e-05, 8.42508870846e-06, 2.95098197967e-06, 6.08741231645e-07, 6.26793848824e-07, 8.07726678431e-07, 2.32162420843e-07, 1.70040578951e-07, 9.74340395032e-08, 3.24959472664e-08, 2.79480421028e-08, 2.98185121039e-08, 1.037304731e-08, 5.50584067227e-09, 5.97286975434e-09, 5.59411645895e-08, 4.83495696812e-08, 6.70245769996e-09, 3.363315626e-09, 7.64539931364e-10, 2.73105260629e-10, 1.0916827442e-09, 7.06475877799e-10, 3.39858086118e-10, 3.84385884233e-10, 4.97636376551e-10, 2.25228988238e-10, 1.36385486238e-10, 1.94042851231e-10, 1.39613112737e-10, 8.39175395839e-11, 9.40611338818e-11, 1.9469785506e-10, 1.70653643994e-10, 1.35292652081e-10, 1.38443381759e-10, 9.552069552e-11, 7.97563126653e-11, 1.10380288243e-10]
    },
    "melbands128": {
