{
"lowlevel": {
    "average_loudness": 0.187640458345,
    "barkbands_crest": {
        "dmean": 2.73760294914,
        "dmean2": 4.28966426849,
        "dvar": 5.74635696411,
        "dvar2": 13.9142694473,
        "max": 26.530790329,
        "mean": 13.0858001709,
        "median": 12.1754350662,
        "min": 3.148219347,
        "stdev": 4.71630001068,
        "var": 22.2434844971
    },
    "barkbands_flatness_db": {
        "dmean": 0.0247621126473,
        "dmean2": 0.0368999876082,
        "dvar": 0.000711040978786,
        "dvar2": 0.00160188239533,
        "max": 0.648554205894,
        "mean": 0.266453295946,
        "median": 0.260455042124,
        "min": 0.024831391871,
        "stdev": 0.081322029233,
        "var": 0.00661327270791
    },
    "barkbands_kurtosis": {
        "dmean": 6.46464633942,
        "dmean2": 9.87450027466,
        "dvar": 138.975189209,
        "dvar2": 339.541015625,
        "max": 237.864349365,
        "mean": 14.2948675156,
        "median": 7.08441162109,
        "min": -1.86618971825,
        "stdev": 19.0386180878,
        "var": 362.468963623
    },
    "barkbands_skewness": {
        "dmean": 0.68906378746,
        "dmean2": 1.02821826935,
        "dvar": 0.580934643745,
        "dvar2": 1.33444452286,
        "max": 13.5130987167,
        "mean": 2.45520853996,
        "median": 1.95894813538,
        "min": -1.87463796139,
        "stdev": 1.75821125507,
        "var": 3.09130692482
    },
    "barkbands_spread": {
        "dmean": 2.43633723259,
        "dmean2": 3.52142643929,
        "dvar": 25.283203125,
        "dvar2": 39.6444664001,
        "max": 82.7922897339,
        "mean": 7.74431562424,
        "median": 5.62317848206,
        "min": 0.278121560812,
        "stdev": 9.12179374695,
        "var": 83.2071151733
    },
    "dissonance": {
        "dmean": 0.0424873195589,
        "dmean2": 0.0712740719318,
        "dvar": 0.00145987654105,
        "dvar2": 0.00381750473753,
        "max": 0.499054402113,
        "mean": 0.388151675463,
        "median": 0.392574161291,
        "min": 0.00728049082682,
        "stdev": 0.0570764392614,
        "var": 0.00325771979988
    },
    "dynamic_complexity": 7.16248226166,
    "erbbands_crest": {
        "dmean": 3.14934754372,
        "dmean2": 4.80659675598,
        "dvar": 7.35732746124,
        "dvar2": 17.6734981537,
        "max": 30.8194446564,
        "mean": 14.6674432755,
        "median": 13.8842830658,
        "min": 3.26748847961,
        "stdev": 5.62783098221,
        "var": 31.6724815369
    },
    "erbbands_flatness_db": {
        "dmean": 0.0187710113823,
        "dmean2": 0.0265030134469,
        "dvar": 0.00038600989501,
        "dvar2": 0.000696464674547,
        "max": 0.416983217001,
        "mean": 0.271260946989,
        "median": 0.284191071987,
        "min": 0.0740139558911,
        "stdev": 0.0589288063347,
        "var": 0.00347260409035
    },
    "erbbands_kurtosis": {
        "dmean": 2.48461437225,
        "dmean2": 3.79940748215,
        "dvar": 12.2569952011,
        "dvar2": 27.6703720093,
        "max": 47.819480896,
        "mean": 5.56537532806,
        "median": 2.76193809509,
        "min": -1.77596247196,
        "stdev": 6.94796085358,
        "var": 48.2741584778
    },
    "erbbands_skewness": {
        "dmean": 0.470304757357,
        "dmean2": 0.692978799343,
        "dvar": 0.196337327361,
        "dvar2": 0.402286350727,
        "max": 6.22645998001,
        "mean": 1.46749901772,
        "median": 1.23554313183,
        "min": -1.38777923584,
        "stdev": 1.1629499197,
        "var": 1.35245263577
    },
    "erbbands_spread": {
        "dmean": 4.64012002945,
        "dmean2": 6.94237089157,
        "dvar": 63.6750259399,
        "dvar2": 115.391921997,
        "max": 143.499664307,
        "mean": 17.2299423218,
        "median": 13.7085971832,
        "min": 3.08206176758,
        "stdev": 14.4730043411,
        "var": 209.467849731
    },
    "hfc": {
        "dmean": 2.36397814751,
        "dmean2": 3.23289465904,
        "dvar": 34.0849304199,
        "dvar2": 66.0732803345,
        "max": 106.332763672,
        "mean": 9.39482688904,
        "median": 2.75678992271,
        "min": 1.16120633477e-16,
        "stdev": 13.735502243,
        "var": 188.664016724
    },
    "loudness_ebu128": {
        "integrated": -16.6120166779,
        "loudness_range": 7.99920272827,
        "momentary": {
            "dmean": 0.968489289284,
            "dmean2": 0.868912518024,
            "dvar": 1.84700119495,
            "dvar2": 2.31052875519,
            "max": -8.54655075073,
            "mean": -20.3019065857,
            "median": -20.5078239441,
            "min": -38.587272644,
            "stdev": 5.90780639648,
            "var": 34.9021759033
        },
        "short_term": {
            "dmean": 0.203327298164,
            "dmean2": 0.121257089078,
            "dvar": 0.0850581526756,
            "dvar2": 0.0765058621764,
            "max": -13.5456619263,
            "mean": -17.8859767914,
            "median": -17.4999694824,
            "min": -23.6962966919,
            "stdev": 2.63506937027,
            "var": 6.94359111786
        }
    },
    "melbands_crest": {
        "dmean": 3.745906353,
        "dmean2": 6.02686834335,
        "dvar": 11.2334661484,
        "dvar2": 30.2835426331,
        "max": 37.7003593445,
        "mean": 18.0751399994,
        "median": 17.0585479736,
        "min": 1.77748179436,
        "stdev": 6.54633665085,
        "var": 42.8545265198
    },
    "melbands_flatness_db": {
        "dmean": 0.0265975221992,
        "dmean2": 0.038631606847,
        "dvar": 0.000882191641722,
        "dvar2": 0.00194075738546,
        "max": 0.803017854691,
        "mean": 0.344353675842,
        "median": 0.327587306499,
        "min": 0.0074880127795,
        "stdev": 0.103157013655,
        "var": 0.0106413699687
    },
    "melbands_kurtosis": {
        "dmean": 10.598739624,
        "dmean2": 16.7089004517,
        "dvar": 385.638763428,
        "dvar2": 995.208068848,
        "max": 233.202392578,
        "mean": 21.0873718262,
        "median": 8.68596553802,
        "min": -1.06289744377,
        "stdev": 31.5872707367,
        "var": 997.755615234
    },
    "melbands_skewness": {
        "dmean": 0.853966653347,
        "dmean2": 1.30966615677,
        "dvar": 0.952185213566,
        "dvar2": 2.4405310154,
        "max": 12.7858381271,
        "mean": 2.62435626984,
        "median": 1.98577976227,
        "min": -0.855122208595,
        "stdev": 2.17491865158,
        "var": 4.73027133942
    },
    "melbands_spread": {
        "dmean": 2.72752332687,
        "dmean2": 3.99070978165,
        "dvar": 35.3396759033,
        "dvar2": 55.6583061218,
        "max": 123.487365723,
        "mean": 8.39544963837,
        "median": 6.72247314453,
        "min": 0.257566213608,
        "stdev": 8.35025787354,
        "var": 69.7268066406
    },
    "pitch_salience": {
        "dmean": 0.0774554759264,
        "dmean2": 0.124691799283,
        "dvar": 0.0049306047149,
        "dvar2": 0.0121440868825,
        "max": 0.822433233261,
        "mean": 0.518415331841,
        "median": 0.54096108675,
        "min": 0.087440110743,
        "stdev": 0.151635691524,
        "var": 0.0229933820665
    },
    "silence_rate_20dB": {
        "dmean": 0,
        "dmean2": 0,
        "dvar": 0,
        "dvar2": 0,
        "max": 1,
        "mean": 1,
        "median": 1,
        "min": 1,
        "stdev": 0,
        "var": 0
    },
    "silence_rate_30dB": {
        "dmean": 0.00464396271855,
        "dmean2": 0.00929511990398,
        "dvar": 0.00462231971323,
        "dvar2": 0.0123073654249,
        "max": 1,
        "mean": 0.986078858376,
        "median": 1,
        "min": 0,
        "stdev": 0.117165878415,
        "var": 0.0137278428301
    },
    "silence_rate_60dB": {
        "dmean": 0.071207433939,
        "dmean2": 0.142525181174,
        "dvar": 0.0661368593574,
        "dvar2": 0.142351746559,
        "max": 1,
        "mean": 0.360402166843,
        "median": 0,
        "min": 0,
        "stdev": 0.480115115643,
        "var": 0.230510532856
    },
    "spectral_centroid": {
        "dmean": 98.9992599487,
        "dmean2": 138.33114624,
        "dvar": 95023.421875,
        "dvar2": 111691.609375,
        "max": 10836.8662109,
        "mean": 629.817932129,
        "median": 532.845703125,
        "min": 126.237213135,
        "stdev": 438.060455322,
        "var": 191896.953125
    },
    "spectral_complexity": {
        "dmean": 1.15789473057,
        "dmean2": 1.96359407902,
        "dvar": 1.39455449581,
        "dvar2": 3.38441085815,
        "max": 20,
        "mean": 6.46171712875,
        "median": 6,
        "min": 0,
        "stdev": 3.4420800209,
        "var": 11.8479146957
    },
    "spectral_decrease": {
        "dmean": 1.37963585001e-09,
        "dmean2": 2.09436623599e-09,
        "dvar": 1.2000150683e-17,
        "dvar2": 2.70241064174e-17,
        "max": -5.92339495178e-29,
        "mean": -4.41279190966e-09,
        "median": -1.33490030141e-09,
        "min": -9.02639598621e-08,
        "stdev": 7.54625339994e-09,
        "var": 5.69459456346e-17
    },
    "spectral_energy": {
        "dmean": 0.00537838926539,
        "dmean2": 0.00814437214285,
        "dvar": 0.000177673471626,
        "dvar2": 0.000396803225158,
        "max": 0.350312769413,
        "mean": 0.0175070334226,
        "median": 0.0053162178956,
        "min": 1.07560468015e-20,
        "stdev": 0.0294801965356,
        "var": 0.000869081937708
    },
    "spectral_energyband_high": {
        "dmean": 8.23196969577e-05,
        "dmean2": 0.000115479808301,
        "dvar": 2.01379720011e-07,
        "dvar2": 3.71382071762e-07,
        "max": 0.0105920406058,
        "mean": 0.000189781916561,
        "median": 7.7109416452e-06,
        "min": 7.95557998567e-21,
        "stdev": 0.000611233699601,
        "var": 3.73606638959e-07
    },
    "spectral_energyband_low": {
        "dmean": 0.00223624310456,
        "dmean2": 0.0038055984769,
        "dvar": 0.000121309669339,
        "dvar2": 0.000321296975017,
        "max": 0.20712004602,
        "mean": 0.00344474427402,
        "median": 0.00011810009164,
        "min": 3.83939359878e-23,
        "stdev": 0.0160609576851,
        "var": 0.000257954379776
    },
    "spectral_energyband_middle_high": {
        "dmean": 0.000565830734558,
        "dmean2": 0.000742023519706,
        "dvar": 1.70652663201e-06,
        "dvar2": 3.10517089019e-06,
        "max": 0.0379314534366,
        "mean": 0.00187486875802,
        "median": 0.0004082993255,
        "min": 1.69244323918e-21,
        "stdev": 0.00397734018043,
        "var": 1.58192342496e-05
    },
    "spectral_energyband_middle_low": {
        "dmean": 0.00340388994664,
        "dmean2": 0.00490970863029,
        "dvar": 5.22892187291e-05,
        "dvar2": 9.65370127233e-05,
        "max": 0.135567516088,
        "mean": 0.0123372077942,
        "median": 0.003007956082,
        "min": 2.43935885759e-22,
        "stdev": 0.0182114318013,
        "var": 0.000331656250637
    },
    "spectral_entropy": {
        "dmean": 0.184763744473,
        "dmean2": 0.260280400515,
        "dvar": 0.0469222925603,
        "dvar2": 0.0806405171752,
        "max": 9.79493999481,
        "mean": 6.4419426918,
        "median": 6.37599849701,
        "min": 5.17850732803,
        "stdev": 0.564707696438,
        "var": 0.318894803524
    },
    "spectral_flux": {
        "dmean": 0.0144816180691,
        "dmean2": 0.0239813681692,
        "dvar": 0.000522585585713,
        "dvar2": 0.00127954722848,
        "max": 0.315664947033,
        "mean": 0.0414238609374,
        "median": 0.0300007406622,
        "min": 1.03711365884e-10,
        "stdev": 0.0378845408559,
        "var": 0.00143523840234
    },
    "spectral_kurtosis": {
        "dmean": 8.770362854,
        "dmean2": 15.0228853226,
        "dvar": 171.439971924,
        "dvar2": 514.429016113,
        "max": 184.206115723,
        "mean": 25.6419658661,
        "median": 13.2189273834,
        "min": -1.22026872635,
        "stdev": 31.0038375854,
        "var": 961.237915039
    },
    "spectral_rms": {
        "dmean": 0.00052229053108,
        "dmean2": 0.000777934328653,
        "dvar": 6.18565934474e-07,
        "dvar2": 1.27112934933e-06,
        "max": 0.0184869840741,
        "mean": 0.00323393661529,
        "median": 0.00227740081027,
        "min": 3.23939876659e-12,
        "stdev": 0.0025732642971,
        "var": 6.6216889536e-06
    },
    "spectral_rolloff": {
        "dmean": 216.3984375,
        "dmean2": 361.427093506,
        "dvar": 898851.75,
        "dvar2": 1503510.75,
        "max": 18044.8242188,
        "mean": 808.920166016,
        "median": 667.529296875,
        "min": 43.06640625,
        "stdev": 1185.01623535,
        "var": 1404263.375
    },
    "spectral_skewness": {
        "dmean": 0.591460645199,
        "dmean2": 0.992656290531,
        "dvar": 0.505765557289,
        "dvar2": 1.53350460529,
        "max": 10.8577766418,
        "mean": 3.43896365166,
        "median": 2.93105602264,
        "min": -0.0208646226674,
        "stdev": 1.78199160099,
        "var": 3.17549419403
    },
    "spectral_spread": {
        "dmean": 521128.96875,
        "dmean2": 718017.0625,
        "dvar": 1.04303388262e+12,
        "dvar2": 1.06295420518e+12,
        "max": 40567984,
        "mean": 3847090,
        "median": 2727509,
        "min": 482956.40625,
        "stdev": 3058436.75,
        "var": 9.3540361175e+12
    },
    "spectral_strongpeak": {
        "dmean": 0.379417687654,
        "dmean2": 0.611685276031,
        "dvar": 0.393517166376,
        "dvar2": 1.0585116148,
        "max": 7.61175298691,
        "mean": 1.14517450333,
        "median": 0.61645179987,
        "min": 0,
        "stdev": 1.2262159586,
        "var": 1.50360560417
    },
    "zerocrossingrate": {
        "dmean": 0.00669308099896,
        "dmean2": 0.00793201755732,
        "dvar": 0.000331592920702,
        "dvar2": 0.000359444296919,
        "max": 0.4912109375,
        "mean": 0.0360671058297,
        "median": 0.03125,
        "min": 0.00146484375,
        "stdev": 0.0312779918313,
        "var": 0.000978312804364
    },
    "barkbands": {
        "dmean": [0.00035587043385, 0.0018963139737, 0.000260923145106, 0.000124765661894, 0.000400011893362, 0.00147790287156, 0.0014084802242, 0.000435368332546, 0.000747125246562, 0.000489216239657, 4.95610365761e-05, 8.95797638805e-05, 5.65963455301e-05, 1.58034163178e-05, 4.38668175775e-05, 2.9547356462e-05, 2.13246075873e-05, 1.77306246769e-05, 9.74748218141e-06, 5.31137720827e-06, 8.69860468811e-06, 1.09500088001e-05, 8.17253021523e-06, 1.37109573188e-05, 4.33146960859e-05, 1.22660967463e-05, 1.23254983464e-06],
        "dmean2": [0.000612431380432, 0.00315354834311, 0.000435603084043, 0.000183511845535, 0.0005774628371, 0.00225196313113, 0.00195873342454, 0.000604238884989, 0.000953568145633, 0.00067542900797, 7.10708554834e-05, 0.000129297186504, 7.65732547734e-05, 2.59210555669e-05, 6.90544038662e-05, 4.49356994068e-05, 3.10120885842e-05, 2.67618052021e-05, 1.53087657964e-05, 8.24658218335e-06, 1.44085861393e-05, 1.52151387738e-05, 1.22004785226e-05, 2.01082857529e-05, 6.50900692563e-05, 1.89107904589e-05, 2.00649424187e-06],
        "dvar": [2.71679778052e-06, 9.60370889516e-05, 5.60421449336e-06, 6.917463935e-08, 2.28148064707e-06, 1.18525604194e-05, 2.05769702006e-05, 1.0931222505e-06, 1.13226451504e-05, 1.86824604498e-06, 4.23011741191e-08, 7.17254806659e-08, 5.92577116265e-08, 3.32303673467e-09, 2.89672819065e-08, 9.74097691397e-09, 3.62090046835e-09, 3.67256292044e-09, 1.20575582852e-09, 3.23019111459e-10, 7.39596517363e-09, 8.96999896582e-09, 2.67712585433e-09, 2.21780283027e-09, 5.09268787141e-08, 4.93275154057e-09, 5.45021250353e-11],
        "dvar2": [7.56459667173e-06, 0.000262049812591, 1.06124853119e-05, 1.77214957375e-07, 4.85866166855e-06, 3.21614861605e-05, 3.93606205762e-05, 2.01030729841e-06, 1.68502683664e-05, 3.46228762282e-06, 8.13891816165e-08, 1.58621134005e-07, 1.12608873337e-07, 8.32276736418e-09, 6.45067146365e-08, 1.72261795939e-08, 7.06244618343e-09, 8.12519029836e-09, 3.21712123608e-09, 8.08174360767e-10, 1.95380032153e-08, 1.42826737104e-08, 5.23471044289e-09, 4.51482273789e-09, 1.18444077657e-07, 9.7507628638e-09, 1.43817763254e-10],
        "max": [0.0274382941425, 0.188987866044, 0.0631510317326, 0.00492122769356, 0.0420544631779, 0.0435072407126, 0.0741516724229, 0.0187655352056, 0.0792910531163, 0.0356125235558, 0.00603668531403, 0.00609626434743, 0.00747237540781, 0.000940203550272, 0.00398043636233, 0.00257944595069, 0.00107078184374, 0.00118891347665, 0.00092938792659, 0.000466016674181, 0.00248518120497, 0.00241405586712, 0.00111723062582, 0.000975285132881, 0.00619741575792, 0.00148427381646, 0.000150114196003],
        "mean": [0.000508672033902, 0.00249019451439, 0.000328760070261, 0.000229972254601, 0.00110975233838, 0.00431987131014, 0.00352994003333, 0.000912671035621, 0.00175896519795, 0.0014908289304, 0.000113341899123, 0.000165233344887, 0.000109383880044, 2.3535292712e-05, 7.95570304035e-05, 5.11464095325e-05, 3.86962965422e-05, 3.20690924127e-05, 1.91633262148e-05, 1.11806039058e-05, 1.12289526442e-05, 1.45005369632e-05, 1.53161199705e-05, 2.91626838589e-05, 8.87521891855e-05, 2.36377672991e-05, 1.52023289957e-06],
        "median": [9.93194475996e-07, 5.39113989362e-06, 2.63661258941e-05, 5.50298354938e-05, 0.000268410425633, 0.000642040628009, 0.000125168691739, 0.000194926382392, 9.92026471067e-05, 0.000103533915535, 1.09777729449e-05, 1.85528951988e-05, 1.23478021123e-05, 6.33363242741e-06, 9.46510135691e-06, 8.9284076239e-06, 4.92911476613e-06, 5.81589165449e-06, 2.37029576056e-06, 1.75922252765e-06, 1.12558109322e-06, 3.03781575894e-07, 3.81903873858e-07, 3.78828161729e-07, 2.43828651492e-07, 2.26231279044e-07, 1.06975219794e-08],
        "min": [5.20004999707e-24, 9.63601484337e-24, 5.23885485386e-24, 3.7339509792e-23, 3.83662217264e-23, 6.28458851245e-23, 3.08449315552e-23, 4.26047713702e-23, 2.39381403634e-23, 2.65158080578e-23, 3.91366706181e-23, 7.12027998754e-23, 1.28630434893e-22, 1.22102756053e-22, 1.17387488298e-22, 2.06242193198e-22, 1.46270033688e-22, 1.72231837354e-22, 3.75414058033e-22, 4.75070919299e-22, 3.24397047519e-22, 5.68594380715e-22, 7.8818574126e-22, 1.08809076551e-21, 1.29837376932e-21, 1.56521736797e-21, 2.32969462048e-21],
        "stdev": [0.00218042475171, 0.0131456647068, 0.00258243875578, 0.000399291137001, 0.00333562144078, 0.00773794064298, 0.00908385869116, 0.00190530682448, 0.00682106101885, 0.00416820170358, 0.000457200105302, 0.000435139489127, 0.000415574089857, 6.62835882395e-05, 0.00028759977431, 0.000173241089215, 9.6754723927e-05, 9.50763424044e-05, 5.43700443814e-05, 3.43862739101e-05, 8.36669205455e-05, 0.000119372612971, 6.71174857416e-05, 7.49426180846e-05, 0.000278117018752, 8.60726431711e-05, 6.95818744134e-06],
        "var": [4.75425167679e-06, 0.000172808489879, 6.6689904088e-06, 1.5943341225e-07, 1.11263707367e-05, 5.98757251282e-05, 8.25164897833e-05, 3.63019421457e-06, 4.65268749394e-05, 1.7373906303e-05, 2.09031924214e-07, 1.89346366142e-07, 1.72701831502e-07, 4.39351444115e-09, 8.27136332759e-08, 3.00124760599e-08, 9.3614760388e-09, 9.03951136166e-09, 2.95610180778e-09, 1.18241583191e-09, 7.00015334587e-09, 1.42498208788e-08, 4.50475701186e-09, 5.61639623697e-09, 7.73490711481e-08, 7.40849959158e-09, 4.84163716064e-11]
    },
    "erbbands": {
        "dmean": [0.0973245576024, 0.283881396055, 0.31963044405, 0.401531100273, 0.231099486351, 1.26363050938, 7.80404520035, 13.6643753052, 21.4606952667, 8.87546825409, 12.4100542068, 21.4046783447, 11.9608688354, 13.3311033249, 2.63985753059, 4.37308216095, 2.52121067047, 1.25782608986, 2.34935617447, 1.36704266071, 1.54266726971, 0.771843850613, 0.842603445053, 0.721768677235, 0.376788914204, 0.230926394463, 0.298248380423, 0.333476781845, 0.390372931957, 0.314986228943, 0.252963334322, 0.258963018656, 0.275878846645, 0.520631551743, 0.300722211599, 0.070418857038, 0.0239751916379, 0.00411636708304, 0.000124581332784, 8.2661081251e-06],
        "dmean2": [0.174970328808, 0.43316873908, 0.479020684958, 0.588173627853, 0.346483409405, 1.8322725296, 10.8199748993, 21.4888896942, 30.6592235565, 12.0923547745, 16.810956955, 26.7920951843, 16.4667129517, 17.8462142944, 3.64535355568, 6.34559726715, 3.52316188812, 1.8954359293, 3.65122532845, 2.11176109314, 2.2680876255, 1.10222935677, 1.2808535099, 1.10418260098, 0.592546761036, 0.358114928007, 0.458949536085, 0.59272736311, 0.532339692116, 0.415386587381, 0.370393276215, 0.390916258097, 0.399168550968, 0.787716209888, 0.443929731846, 0.110065937042, 0.0363589636981, 0.00640956964344, 0.000194118823856, 1.24707667055e-05],
        "dvar": [0.238104879856, 2.52463984489, 7.99375343323, 2.52083206177, 0.301328271627, 49.7989082336, 286.579498291, 1317.66308594, 4533.26757812, 1013.76934814, 861.21081543, 9496.80273438, 1601.86120605, 1719.99804688, 94.7287750244, 177.317138672, 90.2140350342, 29.9422798157, 87.2680892944, 16.8973484039, 20.1072807312, 5.29413223267, 11.9468507767, 4.53199243546, 2.23667120934, 0.625835835934, 4.92301559448, 12.161110878, 10.7004756927, 7.14992856979, 1.83223724365, 0.687000334263, 1.21952664852, 4.24311923981, 3.592263937, 0.201173201203, 0.0212331358343, 0.000639397418126, 5.23326889379e-07, 5.54283896559e-10],
        "dvar2": [0.73232626915, 5.4348077774, 13.5495586395, 6.32632732391, 0.750715076923, 117.482971191, 558.671203613, 3612.36181641, 9453.77734375, 1664.42663574, 1479.95385742, 14073.5957031, 2794.53100586, 3232.19775391, 178.04447937, 393.542663574, 152.13444519, 69.8224334717, 182.527648926, 32.6803665161, 37.7132377625, 11.1538600922, 29.3587703705, 9.00514411926, 5.88591480255, 1.52625596523, 12.839928627, 30.4161071777, 18.2218666077, 13.2441015244, 3.32462525368, 1.47135448456, 2.48106384277, 9.99755477905, 8.28040504456, 0.389737248421, 0.0502875559032, 0.0015418875264, 1.30680712118e-06, 1.27176225106e-09],
        "max": [9.66928577423, 42.471031189, 93.551109314, 43.2639503479, 11.7582426071, 220.724807739, 595.459716797, 544.773254395, 1149.640625, 938.610290527, 546.958190918, 2328.56958008, 1212.72143555, 1348.25878906, 287.94241333, 300.067718506, 256.255157471, 128.646896362, 249.376739502, 110.617752075, 85.9955215454, 57.5263442993, 77.170249939, 50.5725669861, 46.2767906189, 19.9227561951, 64.2277145386, 92.9703979492, 87.0926132202, 57.2502098083, 32.7848892212, 15.0845069885, 22.8228797913, 40.9867095947, 54.8918571472, 10.8259963989, 4.00690889359, 0.574183881283, 0.0168141890317, 0.00045184357441],
        "mean": [0.11505779624, 0.387251019478, 0.428288787603, 0.711495101452, 0.603348374367, 3.09328389168, 23.0956802368, 37.9938049316, 55.6018104553, 23.5651779175, 27.9470005035, 51.287322998, 35.592754364, 38.0970230103, 6.69467973709, 8.63986206055, 5.34221363068, 2.09507107735, 4.60095739365, 2.48952245712, 2.88839006424, 1.57988727093, 1.54907917976, 1.62946856022, 0.756498634815, 0.510938882828, 0.479686796665, 0.439314097166, 0.503114461899, 0.424719244242, 0.502272844315, 0.560025572777, 0.56775778532, 1.02844452858, 0.574910700321, 0.124866552651, 0.0447448417544, 0.00724292127416, 0.000198926310986, 2.60523411271e-05],
        "median": [0.000180645249202, 0.00199685944244, 0.021454276517, 0.152752101421, 0.145728796721, 0.886194944382, 4.77878046036, 3.69454932213, 2.722864151, 2.31931710243, 6.47573709488, 4.05166816711, 4.10811758041, 3.47385835648, 1.32456350327, 1.34406149387, 0.848589122295, 0.457683622837, 0.576793551445, 0.494744807482, 0.566183745861, 0.271737754345, 0.438834249973, 0.149929583073, 0.112179867923, 0.0911106839776, 0.0604070276022, 0.0335756056011, 0.0142184700817, 0.00902047287673, 0.0104105742648, 0.00898696947843, 0.00591020798311, 0.00350933661684, 0.00150322576519, 0.000685470120516, 0.000458453723695, 0.000103054633655, 5.2875639085e-06, 6.72326996209e-06],
        "min": [4.66005657942e-22, 1.60478259201e-21, 7.07136026156e-21, 7.0989228243e-20, 9.36837167549e-20, 1.16353137817e-19, 5.53647080028e-19, 3.91956302084e-19, 2.75694102436e-19, 9.55607123494e-19, 7.29849475199e-19, 5.74697068859e-19, 8.19031539351e-19, 6.78869610264e-19, 2.19592898665e-18, 3.13159661128e-18, 6.52710933291e-18, 6.03784978497e-18, 5.60398321392e-18, 1.18121565181e-17, 9.18310273457e-18, 7.71500273108e-18, 9.41574562749e-18, 1.44782597212e-17, 2.15904380372e-17, 2.20880880917e-17, 1.65136898196e-17, 1.15646111392e-17, 1.89408362602e-17, 2.83638346073e-17, 1.99441103902e-17, 2.37857373326e-17, 1.69641690725e-17, 9.86025594507e-18, 1.18439061915e-17, 6.31008485072e-18, 2.64425819032e-18, 1.31531385069e-18, 3.70372471565e-19, 3.09051866697e-20],
        "stdev": [0.592988789082, 2.32915401459, 3.50298404694, 1.72275984287, 0.950188815594, 9.97356987, 61.9433403015, 78.9075317383, 130.366241455, 72.2052688599, 55.6116981506, 196.00567627, 112.640708923, 122.760925293, 21.6398696899, 21.7810821533, 18.0440254211, 6.65357732773, 17.2771968842, 6.86311769485, 7.3227353096, 3.60841536522, 4.29034757614, 4.54320001602, 2.22621488571, 1.53139317036, 2.18436145782, 3.76883339882, 4.01602840424, 3.20304512978, 2.00288033485, 1.43051254749, 1.66153311729, 3.03732156754, 2.08527374268, 0.529213428497, 0.161293134093, 0.0267946179956, 0.000736143207178, 4.19076459366e-05],
        "var": [0.351635694504, 5.42495822906, 12.2708969116, 2.96790146828, 0.902858734131, 99.4720993042, 3836.97753906, 6226.39892578, 16995.3554688, 5213.60107422, 3092.66088867, 38418.2226562, 12687.9296875, 15070.2441406, 468.283966064, 474.415557861, 325.586853027, 44.2700920105, 298.501556396, 47.1023826599, 53.6224555969, 13.0206623077, 18.4070835114, 20.6406669617, 4.95603275299, 2.34516501427, 4.77143478394, 14.2041053772, 16.1284828186, 10.2594976425, 4.01152992249, 2.04636621475, 2.7606921196, 9.22532176971, 4.34836626053, 0.280066847801, 0.0260154735297, 0.000717951566912, 5.41906842955e-07, 1.75625092247e-09]
    },
    "gfcc": {
        "mean": [-159.806335449, 125.477767944, -113.853660583, -33.7174530029, -69.3093185425, -13.9463186264, -50.8469047546, 8.31873893738, -25.1927261353, -5.12810325623, -12.1708221436, 0.616647541523, -0.937992691994],
        "cov": [[16310.3388672, -6174.71533203, 250.922531128, -100.867149353, -2516.97021484, 533.257446289, -1513.63745117, 1237.29614258, -841.713745117, 966.444274902, -182.912628174, 321.769561768, -363.412384033], [-6174.71533203, 4724.81640625, 762.352111816, 377.24987793, 1752.92028809, -105.059463501, 884.117431641, -456.828369141, 505.806030273, -464.67401123, 219.18397522, -359.85458374, 162.355758667], [250.922531128, 762.352111816, 2777.85107422, 543.41986084, 454.924957275, 669.973022461, 18.4917316437, 430.153747559, 160.642486572, 258.740600586, 175.657440186, -183.392349243, -201.701416016], [-100.867149353, 377.24987793, 543.41986084, 633.929016113, 338.626525879, 170.865112305, 133.804016113, 113.241088867, 149.926956177, 78.9547119141, 61.797618866, -23.9286441803, -7.26770877838], [-2516.97021484, 1752.92028809, 454.924957275, 338.626525879, 906.649841309, 71.8270568848, 417.05581665, -98.6569366455, 248.945632935, -114.633789062, 128.631729126, -102.635658264, 84.6702270508], [533.257446289, -105.059463501, 669.973022461, 170.865112305, 71.8270568848, 397.518951416, 82.7572021484, 176.264587402, 35.1312904358, 151.20892334, 62.3492469788, -35.0737190247, -44.3367729187], [-1513.63745117, 884.117431641, 18.4917316437, 133.804016113, 417.05581665, 82.7572021484, 493.53503418, -65.6057739258, 157.966186523, -23.8546390533, 93.2582092285, -42.564617157, 92.9239044189], [1237.29614258, -456.828369141, 430.153747559, 113.241088867, -98.6569366455, 176.264587402, -65.6057739258, 352.674865723, 47.3611755371, 154.581481934, 77.1219558716, 8.29655742645, -62.5808830261], [-841.713745117, 505.806030273, 160.642486572, 149.926956177, 248.945632935, 35.1312904358, 157.966186523, 47.3611755371, 237.702758789, -6.21534776688, 51.648891449, -27.3303928375, 11.8194618225], [966.444274902, -464.67401123, 258.740600586, 78.9547119141, -114.633789062, 151.20892334, -23.8546390533, 154.581481934, -6.21534776688, 214.626022339, 58.4580574036, 22.1684398651, -17.223613739], [-182.912628174, 219.18397522, 175.657440186, 61.797618866, 128.631729126, 62.3492469788, 93.2582092285, 77.1219558716, 51.648891449, 58.4580574036, 143.774902344, -1.12339818478, 29.8715686798], [321.769561768, -359.85458374, -183.392349243, -23.9286441803, -102.635658264, -35.0737190247, -42.564617157, 8.29655742645, -27.3303928375, 22.1684398651, -1.12339818478, 116.116897583, 24.1644744873], [-363.412384033, 162.355758667, -201.701416016, -7.26770877838, 84.6702270508, -44.3367729187, 92.9239044189, -62.5808830261, 11.8194618225, -17.223613739, 29.8715686798, 24.1644744873, 137.793746948]],
        "icov": [[0.000225780851906, -0.000114059403131, 0.000116167262604, -0.000196794528165, 0.000396671064664, -0.000197701097932, 0.000292458600597, -0.000685525592417, 0.000542714842595, -0.000526173622347, 0.000349258451024, -0.000138810471981, -9.00915983948e-05], [-0.000114059403131, 0.00200613844208, -0.000650350470096, 0.000438714720076, -0.00232565030456, 0.0012501507299, -0.000996827380732, 0.00171010487247, -0.00118255848065, 0.00217463891022, -0.00176004588138, 0.00272799632512, -3.67930661014e-05], [0.000116167262604, -0.000650350470096, 0.00120819208678, -0.000362253369531, 0.000181520837941, -0.00159133411944, 0.00109090353362, -0.00107252784073, 0.000591034768149, -0.00113517744467, 0.000308321061311, -0.000143026729347, 0.000741396681406], [-0.000196794528165, 0.000438714720076, -0.000362253369531, 0.00286490516737, -0.00196153880097, 0.000196816865355, -0.000243366623181, 0.000337386794854, -0.00121015904006, -0.000388582760934, 0.000502501497976, -9.82398487395e-05, 0.000134415269713], [0.000396671064664, -0.00232565030456, 0.000181520837941, -0.00196153880097, 0.00704588647932, -0.00144939997699, -0.000133799854666, -0.00133848248515, 0.000444713776233, -0.000442692486104, 2.93969151244e-05, -0.00217244192027, -0.00108377181459], [-0.000197701097932, 0.0012501507299, -0.00159133411944, 0.000196816865355, -0.00144939997699, 0.00696730799973, -0.00267892028205, 0.000193549873075, 2.5027364245e-05, -0.000813717313576, -0.000115724702482, 0.00187334767543, 0.000306215108139], [0.000292458600597, -0.000996827380732, 0.00109090353362, -0.000243366623181, -0.000133799854666, -0.00267892028205, 0.00549464672804, -0.000526172632817, -0.000462694733869, -0.00191243423615, -0.000135483249323, -0.000585109577514, -0.00126167293638], [-0.000685525592417, 0.00171010487247, -0.00107252784073, 0.000337386794854, -0.00133848248515, 0.000193549873075, -0.000526172632817, 0.00936917960644, -0.00437815813348, 0.00151773996186, -0.00522201741114, 0.00190884317271, 0.00148218940012], [0.000542714842595, -0.00118255848065, 0.000591034768149, -0.00121015904006, 0.000444713776233, 2.5027364245e-05, -0.000462694733869, -0.00437815813348, 0.00903349276632, -0.0020389361307, 0.00200255122036, -0.00150685396511, 0.000484840944409], [-0.000526173622347, 0.00217463891022, -0.00113517744467, -0.000388582760934, -0.000442692486104, -0.000813717313576, -0.00191243423615, 0.00151773996186, -0.0020389361307, 0.0135426772758, -0.00583790568635, 0.00193264626432, -0.000848641910125], [0.000349258451024, -0.00176004588138, 0.000308321061311, 0.000502501497976, 2.93969151244e-05, -0.000115724702482, -0.000135483249323, -0.00522201741114, 0.00200255122036, -0.00583790568635, 0.014515879564, -0.00330584519543, -0.00233143009245], [-0.000138810471981, 0.00272799632512, -0.000143026729347, -9.82398487395e-05, -0.00217244192027, 0.00187334767543, -0.000585109577514, 0.00190884317271, -0.00150685396511, 0.00193264626432, -0.00330584519543, 0.0151961706579, -0.00217314856127], [-9.00915983948e-05, -3.67930661014e-05, 0.000741396681406, 0.000134415269713, -0.00108377181459, 0.000306215108139, -0.00126167293638, 0.00148218940012, 0.000484840944409, -0.000848641910125, -0.00233143009245, -0.00217314856127, 0.0111826276407]]
    },
    "melbands": {
        "dmean": [0.000668177613989, 0.000198036344955, 5.77695973334e-05, 4.42964374088e-05, 0.00022890616674, 0.000297603401123, 0.000321675528539, 8.34595557535e-05, 9.82907731668e-05, 0.000138554067235, 5.76959864702e-05, 5.8336147049e-05, 7.10600852472e-06, 1.107715525e-05, 6.66796131554e-06, 6.28031193628e-06, 1.86841361938e-06, 3.73233797291e-06, 2.21612936002e-06, 2.3368654638e-06, 1.91615436052e-06, 9.59566477832e-07, 7.87924022916e-07, 8.67762310008e-07, 6.16547083609e-07, 3.59650755399e-07, 2.22290481133e-07, 1.55898121079e-07, 1.49251604853e-07, 2.97116827142e-07, 1.80010843565e-07, 2.36043661062e-07, 2.18255905793e-07, 1.62164582207e-07, 1.52041025103e-07, 1.41105587659e-07, 1.76942336338e-07, 1.5745918347e-07, 3.79300388431e-07, 4.86696308144e-07],
        "dmean2": [0.00115453952458, 0.000263712776359, 8.54288591654e-05, 6.32305818726e-05, 0.000323524669511, 0.000464690412628, 0.000455728615634, 0.000114265472803, 0.000131523251184, 0.000173091364559, 8.01003770903e-05, 7.81820563134e-05, 9.79349533736e-06, 1.60208419402e-05, 9.33166302275e-06, 8.73753106134e-06, 3.02745092995e-06, 5.69695157537e-06, 3.47938316736e-06, 3.55655606654e-06, 2.82542214336e-06, 1.4287745671e-06, 1.21897585359e-06, 1.34696051646e-06, 9.55122573032e-07, 5.76168133648e-07, 3.55691810228e-07, 2.43908289121e-07, 2.17936744207e-07, 4.97478538364e-07, 3.17591513976e-07, 3.36166095849e-07, 3.03906716681e-07, 2.32670387845e-07, 2.28757826903e-07, 2.14812914123e-07, 2.675410542e-07, 2.2527336796e-07, 5.80017001539e-07, 7.44800445318e-07],
        "dvar": [1.14095719255e-05, 1.73911121237e-06, 5.67805216178e-08, 5.1886029695e-08, 2.52771911846e-07, 5.65282959997e-07, 1.0276141893e-06, 8.17521836893e-08, 5.05136732443e-08, 4.18733662855e-07, 3.70308157471e-08, 3.31258291908e-08, 8.07669930936e-10, 1.06238295938e-09, 2.76072525951e-10, 9.82251058268e-10, 6.43000305778e-11, 1.97115129774e-10, 8.11673089851e-11, 6.39732294916e-11, 2.6188993682e-11, 7.07628747265e-12, 1.291395723e-11, 8.42839166515e-12, 3.51874800998e-12, 2.46415106202e-12, 6.11540169632e-13, 2.94930529651e-13, 2.63105238551e-13, 1.30139380175e-11, 3.14753084707e-12, 4.11053179342e-12, 3.36933063914e-12, 2.07899084233e-12, 6.74779080268e-13, 3.34509790744e-13, 2.92517610611e-13, 3.79161952486e-13, 2.06782529467e-12, 3.5576023464e-12],
        "dvar2": [3.35747499776e-05, 2.68185362984e-06, 1.36401737905e-07, 1.23884191794e-07, 5.23472181158e-07, 1.54657618623e-06, 2.06366553357e-06, 1.33734246788e-07, 8.42561433956e-08, 6.11479947565e-07, 6.66041870545e-08, 6.21227087549e-08, 1.46268064327e-09, 2.29672592056e-09, 5.47127843031e-10, 1.77497283538e-09, 1.63261584807e-10, 3.95936866626e-10, 1.94700172651e-10, 1.00013587689e-10, 5.1391564615e-11, 1.40618150804e-11, 2.93103874505e-11, 2.01226969115e-11, 7.34146857889e-12, 6.68516630942e-12, 1.60910878805e-12, 6.93369298609e-13, 5.73271790281e-13, 3.56029858373e-11, 7.36815903429e-12, 7.45328625207e-12, 5.12193412683e-12, 4.64922197962e-12, 1.24258253426e-12, 6.63805165349e-13, 6.72991501936e-13, 7.67887706546e-13, 4.74106951615e-12, 8.56067473853e-12],
        "max": [0.0664581954479, 0.0482147224247, 0.00659125996754, 0.00723103806376, 0.0164394993335, 0.0104285180569, 0.0168740246445, 0.00875338446349, 0.00387646607123, 0.0156516823918, 0.0059824869968, 0.0059580928646, 0.000854095560499, 0.000749448838178, 0.000285772664938, 0.000964088540059, 0.00015632690338, 0.000381637859391, 0.00016694633814, 0.000258862797637, 9.45844731177e-05, 4.60677256342e-05, 8.44318274176e-05, 4.75977285532e-05, 4.22830489697e-05, 5.00075548189e-05, 1.49597217387e-05, 1.57918711921e-05, 1.24631642393e-05, 0.000102302641608, 4.57153219031e-05, 5.41132649232e-05, 4.12498666265e-05, 3.30916518578e-05, 2.03451781999e-05, 1.34273968797e-05, 8.94020195119e-06, 1.35291720653e-05, 2.48093838309e-05, 3.73465336452e-05],
        "mean": [0.000861672509927, 0.000308290094836, 0.000107381005364, 0.000108689033368, 0.000669288914651, 0.00083356507821, 0.000845277740154, 0.000211890452192, 0.000220247762627, 0.00032362883212, 0.000170240746229, 0.00016469421098, 1.65184865182e-05, 2.15124819078e-05, 1.3929713532e-05, 1.08253116196e-05, 2.64991444965e-06, 7.10499170964e-06, 3.6922997424e-06, 3.96717769036e-06, 3.34816331815e-06, 1.79971948455e-06, 1.35273819524e-06, 1.5442650465e-06, 1.3171855926e-06, 6.31361160686e-07, 4.03841511343e-07, 3.23549585346e-07, 2.89721100444e-07, 3.16069559858e-07, 2.34918957176e-07, 2.88492714162e-07, 2.80337332015e-07, 2.0953130786e-07, 2.86771950186e-07, 2.87919448283e-07, 3.61158100759e-07, 2.88147106176e-07, 6.92339483521e-07, 9.24727601159e-07],
        "median": [1.54220947479e-06, 1.25068499983e-05, 2.51528435911e-05, 2.71332046395e-05, 0.000134330999572, 8.93416872714e-05, 3.55034717359e-05, 2.62122666754e-05, 4.57989226561e-05, 1.72046820808e-05, 1.71200772456e-05, 1.15787661343e-05, 2.09699305742e-06, 2.6152395094e-06, 3.00351371152e-06, 1.1436177374e-06, 6.59049987917e-07, 8.72691998666e-07, 6.42407485429e-07, 5.8938434222e-07, 6.09656524375e-07, 2.40469887558e-07, 3.3257779819e-07, 2.66960768158e-07, 8.68920011499e-08, 7.66733023738e-08, 6.56412879607e-08, 4.76358223978e-08, 3.50575746211e-08, 2.15822968386e-08, 1.3615710337e-08, 6.95549218221e-09, 3.44944650621e-09, 4.32058877564e-09, 6.00851057797e-09, 5.6378790525e-09, 4.73548222857e-09, 3.74183573015e-09, 3.46740414159e-09, 2.77758505085e-09],
        "min": [3.70987557546e-24, 3.61666929292e-24, 1.2936919682e-23, 6.40517386931e-24, 1.62141760484e-23, 9.16851930485e-24, 4.69058666397e-24, 1.10018438815e-23, 5.43645741087e-24, 3.3197136492e-24, 4.01162197145e-24, 2.45868479015e-24, 6.62885182911e-24, 8.42676522859e-24, 9.05044970431e-24, 1.48903207213e-23, 1.07726387678e-23, 9.00123267243e-24, 1.02630172681e-23, 1.65622246353e-23, 1.04014268582e-23, 8.14736489545e-24, 8.5846289175e-24, 7.3156159894e-24, 1.18026370968e-23, 1.53205433709e-23, 1.74374673873e-23, 1.33673521686e-23, 1.24347671173e-23, 5.64627114026e-24, 6.83709375315e-24, 1.08049970532e-23, 1.33859361538e-23, 1.48935850278e-23, 9.65533404693e-24, 1.28848091083e-23, 1.55015238398e-23, 1.29080560503e-23, 8.15360951838e-24, 8.35955270174e-24],
        "stdev": [0.00435602944344, 0.00201208586805, 0.000263156980509, 0.000299650622765, 0.00174855091609, 0.00161649880465, 0.00200656428933, 0.000657397322357, 0.000449358602054, 0.00129214243498, 0.000549024494831, 0.000545809569303, 6.33015151834e-05, 5.43128408026e-05, 3.15297293128e-05, 4.76811255794e-05, 8.36082654132e-06, 2.67347822955e-05, 1.19355954666e-05, 1.56668866111e-05, 7.9467863543e-06, 4.40964822701e-06, 4.36055961472e-06, 4.28809244113e-06, 3.83931865144e-06, 2.25878807214e-06, 1.14487204428e-06, 1.08376036678e-06, 8.04090916517e-07, 3.17947024087e-06, 2.02136106964e-06, 2.40661347561e-06, 2.34048070524e-06, 1.56084865921e-06, 1.20755885291e-06, 8.94354684533e-07, 9.16029307518e-07, 8.53768938214e-07, 2.18827176468e-06, 2.71996623269e-06],
        "var": [1.89749935089e-05, 4.04848924518e-06, 6.92515982337e-08, 8.97904968156e-08, 3.05743014906e-06, 2.61306831817e-06, 4.02630030294e-06, 4.32171276543e-07, 2.01923157306e-07, 1.66963195625e-06, 3.01427888871e-07, 2.97908115954e-07, 4.00708222159e-09, 2.94988478089e-09, 9.94123783293e-10, 2.27348984083e-09, 6.99034163887e-11, 7.14748538133e-10, 1.42458447816e-10, 2.45451325931e-10, 6.31514146532e-11, 1.94449976954e-11, 1.90144792273e-11, 1.83877375132e-11, 1.47403686479e-11, 5.10212315105e-12, 1.31073190496e-12, 1.17453648803e-12, 6.46562176628e-13, 1.01090316673e-11, 4.08590088846e-12, 5.79178892346e-12, 5.47784994448e-12, 2.43624846859e-12, 1.45819836241e-12, 7.99870261171e-13, 8.39109651988e-13, 7.28921426257e-13, 4.78853285149e-12, 7.39821658796e-12]
