{
"lowlevel": {
    "average_loudness": 0.969121038914,
    "barkbands_crest": {
        "dmean": 2.96627569199,
        "dmean2": 4.47751235962,
        "dvar": 9.86737155914,
        "dvar2": 21.5505981445,
        "max": 26.5268745422,
        "mean": 13.8236188889,
        "median": 14.0229568481,
        "min": 2.56554341316,
        "stdev": 5.03410863876,
        "var": 25.342250824
    },
    "barkbands_flatness_db": {
        "dmean": 0.0511839538813,
        "dmean2": 0.0702217444777,
        "dvar": 0.00316632026806,
        "dvar2": 0.0055830180645,
        "max": 0.657309532166,
        "mean": 0.23314280808,
        "median": 0.221462801099,
        "min": 0.0276018027216,
        "stdev": 0.103931225836,
        "var": 0.0108016999438
    },
    "barkbands_kurtosis": {
        "dmean": 29.3864021301,
        "dmean2": 49.8951225281,
        "dvar": 4993.22412109,
        "dvar2": 13026.5917969,
        "max": 1039.35546875,
        "mean": 29.6936817169,
        "median": 6.84496212006,
        "min": -1.91784667969,
        "stdev": 69.5941390991,
        "var": 4843.34375
    },
    "barkbands_skewness": {
        "dmean": 1.79558980465,
        "dmean2": 2.81285214424,
        "dvar": 5.66480302811,
        "dvar2": 14.1504068375,
        "max": 23.9234142303,
        "mean": 3.01435232162,
        "median": 2.31315636635,
        "min": -10.2978048325,
        "stdev": 3.29480648041,
        "var": 10.8557491302
    },
    "barkbands_spread": {
        "dmean": 7.75798845291,
        "dmean2": 11.7007293701,
        "dvar": 120.241836548,
        "dvar2": 303.345123291,
        "max": 114.852005005,
        "mean": 15.0142173767,
        "median": 11.5233011246,
        "min": 0.0988397747278,
        "stdev": 14.2275390625,
        "var": 202.422866821
    },
    "dissonance": {
        "dmean": 0.0348436757922,
        "dmean2": 0.0576118156314,
        "dvar": 0.00141122203786,
        "dvar2": 0.00345099414699,
        "max": 0.499874711037,
        "mean": 0.440173983574,
        "median": 0.454888105392,
        "min": 0.16040982306,
        "stdev": 0.0519978888333,
        "var": 0.0027037805412
    },
    "dynamic_complexity": 2.64882898331,
    "erbbands_crest": {
        "dmean": 3.67496562004,
        "dmean2": 6.11264038086,
        "dvar": 10.552693367,
        "dvar2": 29.2946300507,
        "max": 28.8790931702,
        "mean": 10.4722299576,
        "median": 9.64378643036,
        "min": 3.26201581955,
        "stdev": 4.49933052063,
        "var": 20.2439746857
    },
    "erbbands_flatness_db": {
        "dmean": 0.0326067991555,
        "dmean2": 0.0473755188286,
        "dvar": 0.00104587723035,
        "dvar2": 0.00223572575487,
        "max": 0.444415420294,
        "mean": 0.182960540056,
        "median": 0.17841117084,
        "min": 0.0622618794441,
        "stdev": 0.0566168017685,
        "var": 0.00320546212606
    },
    "erbbands_kurtosis": {
        "dmean": 3.94215917587,
        "dmean2": 6.64425516129,
        "dvar": 87.0192260742,
        "dvar2": 225.638717651,
        "max": 144.015625,
        "mean": 3.08040332794,
        "median": 0.392073392868,
        "min": -1.95597708225,
        "stdev": 9.85248661041,
        "var": 97.0714950562
    },
    "erbbands_skewness": {
        "dmean": 0.852614939213,
        "dmean2": 1.29487466812,
        "dvar": 1.0925142765,
        "dvar2": 2.56961727142,
        "max": 10.3741588593,
        "mean": 0.585474491119,
        "median": 0.514680743217,
        "min": -7.06239366531,
        "stdev": 1.41701066494,
        "var": 2.0079190731
    },
    "erbbands_spread": {
        "dmean": 18.5507049561,
        "dmean2": 29.6964206696,
        "dvar": 780.566772461,
        "dvar2": 1822.24438477,
        "max": 246.036529541,
        "mean": 42.6718406677,
        "median": 32.2417030334,
        "min": 1.13085913658,
        "stdev": 37.4251365662,
        "var": 1400.64086914
    },
    "hfc": {
        "dmean": 10.345293045,
        "dmean2": 14.7958707809,
        "dvar": 339.788238525,
        "dvar2": 648.273620605,
        "max": 178.132125854,
        "mean": 18.2783298492,
        "median": 11.9984264374,
        "min": 0.00022411957616,
        "stdev": 23.7304096222,
        "var": 563.132324219
    },
    "loudness_ebu128": {
        "integrated": -7.96539449692,
        "loudness_range": 2.24381542206,
        "momentary": {
            "dmean": 0.711228907108,
            "dmean2": 1.03657531738,
            "dvar": 0.358431369066,
            "dvar2": 0.690409958363,
            "max": -5.75673246384,
            "mean": -8.20141792297,
            "median": -7.88985300064,
            "min": -15.491268158,
            "stdev": 1.53144609928,
            "var": 2.3453271389
        },
        "short_term": {
            "dmean": 0.102184534073,
            "dmean2": 0.145928382874,
            "dvar": 0.00813314691186,
            "dvar2": 0.0134219676256,
            "max": -7.09318637848,
            "mean": -8.0822725296,
            "median": -7.82995796204,
            "min": -11.1336774826,
            "stdev": 0.819872975349,
            "var": 0.672191679478
        }
    },
    "melbands_crest": {
        "dmean": 3.36772346497,
        "dmean2": 5.55273723602,
        "dvar": 15.9814033508,
        "dvar2": 41.5381469727,
        "max": 36.7983169556,
        "mean": 17.9102249146,
        "median": 18.7034759521,
        "min": 3.26513552666,
        "stdev": 5.8427362442,
        "var": 34.1375694275
    },
    "melbands_flatness_db": {
        "dmean": 0.0584653653204,
        "dmean2": 0.0790715441108,
        "dvar": 0.00433091865852,
        "dvar2": 0.00733902165666,
        "max": 0.826014280319,
        "mean": 0.315293639898,
        "median": 0.305981963873,
        "min": 0.0174602046609,
        "stdev": 0.137208297849,
        "var": 0.0188261158764
    },
    "melbands_kurtosis": {
        "dmean": 48.8245124817,
        "dmean2": 81.1914520264,
        "dvar": 11191.3896484,
        "dvar2": 28219.9746094,
        "max": 1352.46923828,
        "mean": 58.2112197876,
        "median": 15.0607223511,
        "min": -1.7952003479,
        "stdev": 118.774627686,
        "var": 14107.4121094
    },
    "melbands_skewness": {
        "dmean": 2.06880164146,
        "dmean2": 3.31542062759,
        "dvar": 8.12224292755,
        "dvar2": 19.096944809,
        "max": 27.8953037262,
        "mean": 4.3319311142,
        "median": 3.17056918144,
        "min": -4.79804039001,
        "stdev": 4.13370323181,
        "var": 17.0875015259
    },
    "melbands_spread": {
        "dmean": 9.69726276398,
        "dmean2": 15.0148868561,
        "dvar": 499.000488281,
        "dvar2": 1272.37805176,
        "max": 260.825134277,
        "mean": 17.2700157166,
        "median": 9.57382488251,
        "min": 0.226477578282,
        "stdev": 26.2685604095,
        "var": 690.037231445
    },
    "pitch_salience": {
        "dmean": 0.0933833569288,
        "dmean2": 0.1561409235,
        "dvar": 0.013638433069,
        "dvar2": 0.0369060151279,
        "max": 0.922152161598,
        "mean": 0.454659342766,
        "median": 0.398416131735,
        "min": 0.0751062855124,
        "stdev": 0.184496507049,
        "var": 0.0340389609337
    },
    "silence_rate_20dB": {
        "dmean": 0,
        "dmean2": 0,
        "dvar": 0,
        "dvar2": 0,
        "max": 1,
        "mean": 1,
        "median": 1,
        "min": 1,
        "stdev": 0,
        "var": 0
    },
    "silence_rate_30dB": {
        "dmean": 0.0588235296309,
        "dmean2": 0.117738187313,
        "dvar": 0.0553634092212,
        "dvar2": 0.117818132043,
        "max": 1,
        "mean": 0.914926528931,
        "median": 1,
        "min": 0,
        "stdev": 0.278992086649,
        "var": 0.0778365805745
    },
    "silence_rate_60dB": {
        "dmean": 0.0348297208548,
        "dmean2": 0.068938806653,
        "dvar": 0.0336165651679,
        "dvar2": 0.0765801593661,
        "max": 1,
        "mean": 0.0595514290035,
        "median": 0,
        "min": 0,
        "stdev": 0.236655548215,
        "var": 0.0560058504343
    },
    "spectral_centroid": {
        "dmean": 455.525878906,
        "dmean2": 676.669616699,
        "dvar": 604258.8125,
        "dvar2": 1178102.125,
        "max": 9257.17578125,
        "mean": 1191.55395508,
        "median": 916.999267578,
        "min": 87.4935150146,
        "stdev": 1163.96789551,
        "var": 1354821.125
    },
    "spectral_complexity": {
        "dmean": 4.47213602066,
        "dmean2": 6,
        "dvar": 37.823638916,
        "dvar2": 51.1432991028,
        "max": 63,
        "mean": 12.0626449585,
        "median": 10,
        "min": 0,
        "stdev": 11.0027647018,
        "var": 121.060821533
    },
    "spectral_decrease": {
        "dmean": 4.37823244326e-09,
        "dmean2": 6.92980073325e-09,
        "dvar": 6.10266856766e-17,
        "dvar2": 1.46030955031e-16,
        "max": 4.62114374544e-12,
        "mean": -1.0856105348e-08,
        "median": -8.98044305586e-09,
        "min": -5.73052254538e-08,
        "stdev": 1.02366781718e-08,
        "var": 1.04789575956e-16
    },
    "spectral_energy": {
        "dmean": 0.0172586161643,
        "dmean2": 0.0271394532174,
        "dvar": 0.000904475105926,
        "dvar2": 0.00216161250137,
        "max": 0.219185426831,
        "mean": 0.042631290853,
        "median": 0.0348859243095,
        "min": 8.26383541153e-07,
        "stdev": 0.0392135418952,
        "var": 0.00153770192992
    },
    "spectral_energyband_high": {
        "dmean": 0.000587458838709,
        "dmean2": 0.000801400921773,
        "dvar": 1.43885074522e-06,
        "dvar2": 2.51835695053e-06,
        "max": 0.0117132859305,
        "mean": 0.000760004506446,
        "median": 0.000154278168338,
        "min": 6.6079928196e-09,
        "stdev": 0.00162397930399,
        "var": 2.63730862571e-06
    },
    "spectral_energyband_low": {
        "dmean": 0.0126845063642,
        "dmean2": 0.0205889735371,
        "dvar": 0.000795271364041,
        "dvar2": 0.00198132824153,
        "max": 0.203299641609,
        "mean": 0.0303104817867,
        "median": 0.0264861825854,
        "min": 3.90516996518e-09,
        "stdev": 0.0368679128587,
        "var": 0.00135924306232
    },
    "spectral_energyband_middle_high": {
        "dmean": 0.00290189008228,
        "dmean2": 0.00419586244971,
        "dvar": 4.34305184172e-05,
        "dvar2": 0.000100338351331,
        "max": 0.0547535456717,
        "mean": 0.00395490182564,
        "median": 0.00109100854024,
        "min": 4.81549022879e-08,
        "stdev": 0.0073792221956,
        "var": 5.44529211766e-05
    },
    "spectral_energyband_middle_low": {
        "dmean": 0.00628003897145,
        "dmean2": 0.0106174657121,
        "dvar": 0.000127459337818,
        "dvar2": 0.000349095935235,
        "max": 0.0698502361774,
        "mean": 0.00832581054419,
        "median": 0.00476731313393,
        "min": 1.32204021952e-07,
        "stdev": 0.0106648122892,
        "var": 0.000113738213258
    },
    "spectral_entropy": {
        "dmean": 0.390727221966,
        "dmean2": 0.572102367878,
        "dvar": 0.20468954742,
        "dvar2": 0.403416514397,
        "max": 9.01682472229,
        "mean": 7.16202545166,
        "median": 7.20447349548,
        "min": 3.75240373611,
        "stdev": 0.764212071896,
        "var": 0.584020078182
    },
    "spectral_flux": {
        "dmean": 0.0443372912705,
        "dmean2": 0.0663654878736,
        "dvar": 0.00276269041933,
        "dvar2": 0.00545797729865,
        "max": 0.423588842154,
        "mean": 0.103936165571,
        "median": 0.0798051282763,
        "min": 0.000909056398086,
        "stdev": 0.0805703923106,
        "var": 0.00649158796296
    },
    "spectral_kurtosis": {
        "dmean": 4.47358798981,
        "dmean2": 7.17462444305,
        "dvar": 84.0412902832,
        "dvar2": 196.490615845,
        "max": 154.588745117,
        "mean": 7.75716733932,
        "median": 5.63175296783,
        "min": -1.69310534,
        "stdev": 10.2636871338,
        "var": 105.343269348
    },
    "spectral_rms": {
        "dmean": 0.00120179506484,
        "dmean2": 0.00181035103742,
        "dvar": 3.03778710986e-06,
        "dvar2": 6.7153546297e-06,
        "max": 0.014623249881,
        "mean": 0.00584310619161,
        "median": 0.00583395641297,
        "min": 2.83941517409e-05,
        "stdev": 0.00272940797731,
        "var": 7.44966791899e-06
    },
    "spectral_rolloff": {
        "dmean": 566.813964844,
        "dmean2": 969.796264648,
        "dvar": 2133241,
        "dvar2": 4451841,
        "max": 13996.5820312,
        "mean": 1191.11938477,
        "median": 473.73046875,
        "min": 21.533203125,
        "stdev": 2131.47290039,
        "var": 4543177
    },
    "spectral_skewness": {
        "dmean": 0.572494149208,
        "dmean2": 0.864196240902,
        "dvar": 0.538238346577,
        "dvar2": 1.11837875843,
        "max": 10.756278038,
        "mean": 1.95146739483,
        "median": 1.88948726654,
        "min": -0.907093942165,
        "stdev": 1.09805774689,
        "var": 1.20573091507
    },
    "spectral_spread": {
        "dmean": 1568937,
        "dmean2": 2235753,
        "dvar": 5.28118605414e+12,
        "dvar2": 1.00500682834e+13,
        "max": 31394234,
        "mean": 5384442.5,
        "median": 4243099.5,
        "min": 738100.625,
        "stdev": 3860340.5,
        "var": 1.49022289428e+13
    },
    "spectral_strongpeak": {
        "dmean": 0.347889065742,
        "dmean2": 0.579883754253,
        "dvar": 0.465487629175,
        "dvar2": 1.15598142147,
        "max": 8.7992773056,
        "mean": 0.597031414509,
        "median": 0.311731547117,
        "min": 0,
        "stdev": 0.806300401688,
        "var": 0.650120317936
    },
    "zerocrossingrate": {
        "dmean": 0.0190992802382,
        "dmean2": 0.0204397328198,
        "dvar": 0.000961523503065,
        "dvar2": 0.000917364901397,
        "max": 0.50244140625,
        "mean": 0.0557082444429,
        "median": 0.03369140625,
        "min": 0.00146484375,
        "stdev": 0.0713231191039,
        "var": 0.00508698681369
    },
    "barkbands": {
        "dmean": [0.000328489841195, 0.00956094171852, 0.00610995432362, 0.00147661939263, 0.00186840817332, 0.00101304415148, 0.00103579636198, 0.00106040143874, 0.0013166613644, 0.000725924852304, 0.000502572453115, 0.000387322012102, 0.00035074565676, 0.000256484694546, 0.00040250638267, 0.000478020258015, 0.000262425339315, 0.000243583490374, 0.00019600809901, 0.000152709966642, 0.000169686420122, 9.26133652683e-05, 5.15594074386e-05, 8.18519838504e-05, 0.000129905340145, 5.90435738559e-05, 1.90999048755e-06],
        "dmean2": [0.000548652140424, 0.0148891946301, 0.0105842119083, 0.00274247257039, 0.0032111806795, 0.00175339262933, 0.00168050359935, 0.00183665857185, 0.0021811153274, 0.00121939287055, 0.000801746384241, 0.000613825686742, 0.000576643098611, 0.000411214277847, 0.000627343484666, 0.000773997977376, 0.000399556476623, 0.000374511582777, 0.000305363588268, 0.00022785049805, 0.000241947331233, 0.000127442923258, 7.50710751163e-05, 0.000117605472042, 0.000193215382751, 9.00419763639e-05, 2.91103515337e-06],
        "dvar": [5.39291022505e-07, 0.000391696259612, 0.00039651649422, 1.73003118107e-05, 1.4228226064e-05, 4.33088416685e-06, 3.85985367757e-06, 5.46377350474e-06, 7.11265693099e-06, 3.49608467332e-06, 1.2419640143e-06, 9.52720654368e-07, 9.38512869197e-07, 3.61053025699e-07, 1.08948131583e-06, 2.56003409049e-06, 4.1644562998e-07, 4.00447760285e-07, 1.90490808905e-07, 1.68401797396e-07, 2.64734040911e-07, 7.93871421934e-08, 1.61342619265e-08, 3.33734391234e-08, 1.11752683551e-07, 2.08754880049e-08, 1.90091883207e-11],
        "dvar2": [1.37223946695e-06, 0.000934967305511, 0.00110202119686, 5.22573318449e-05, 3.87883592339e-05, 1.1532568351e-05, 8.63141576701e-06, 1.36508124342e-05, 1.75623117684e-05, 8.90146111487e-06, 2.61800823864e-06, 2.30933073908e-06, 2.2297074338e-06, 8.54545021411e-07, 2.57687838712e-06, 6.76948366163e-06, 9.54351889959e-07, 8.26727898584e-07, 3.40835327961e-07, 3.52454321728e-07, 5.26470728346e-07, 1.52660945218e-07, 3.0926123884e-08, 6.37387103097e-08, 2.26057650821e-07, 5.00344228271e-08, 4.43611952727e-11],
        "max": [0.00939631741494, 0.141152665019, 0.136044859886, 0.0364461876452, 0.0274888481945, 0.0137441018596, 0.0295066852123, 0.0269709322602, 0.0302937328815, 0.0294059123844, 0.0178708974272, 0.0136993816122, 0.017119185999, 0.0104512386024, 0.00945005193353, 0.0136351119727, 0.00595486816019, 0.00540056359023, 0.00366150517948, 0.00387950986624, 0.00511640962213, 0.00285290600732, 0.00150655873585, 0.00235241884366, 0.00399214634672, 0.00230572139844, 5.80293381063e-05],
        "mean": [0.000705304206349, 0.0211130734533, 0.00788141135126, 0.00110764720012, 0.00206958642229, 0.00107482622843, 0.0013614842901, 0.000945915933698, 0.00147750787437, 0.000684447120875, 0.000572622811887, 0.000421019882197, 0.00033937007538, 0.000300677551422, 0.000408713240176, 0.000459016475361, 0.000316641759127, 0.000289648975013, 0.000246115319896, 0.000182705625775, 0.000178858055733, 9.90014377749e-05, 6.08327500231e-05, 0.000107529878733, 0.000165633522556, 5.98986807745e-05, 1.82915459845e-06],
        "median": [0.000555071455892, 0.0177180413157, 0.00609991094097, 0.000283288332867, 0.000817622116301, 0.000211798338569, 0.000585581350606, 0.000157813119586, 0.00033044355223, 0.000113059926662, 9.35790376388e-05, 5.98310143687e-05, 4.13862944697e-05, 4.53474385722e-05, 3.29826580128e-05, 4.34667854279e-05, 4.24308054789e-05, 3.10009636451e-05, 2.97618353216e-05, 3.17278536386e-05, 1.46383663377e-05, 6.08791606282e-06, 5.51567427465e-06, 1.59193550644e-05, 1.73879852809e-05, 5.44562180949e-06, 5.97972089622e-08],
        "min": [2.41042269478e-10, 2.1750521384e-09, 4.0211944885e-10, 7.9254540708e-09, 2.57984460461e-08, 1.75056023011e-08, 1.4379803126e-08, 4.8321751045e-09, 3.70339647837e-09, 2.12809569966e-09, 6.20582252253e-10, 2.27574803446e-09, 2.91196378122e-09, 4.73459849104e-09, 4.07317068962e-09, 7.06835923125e-09, 2.85686496682e-09, 2.01922656373e-09, 1.49531331761e-09, 2.05811589993e-09, 5.39204569883e-10, 4.47227865852e-10, 7.80423725644e-10, 1.8124226564e-09, 8.88473461469e-10, 1.34293942633e-09, 6.12459302024e-13],
        "stdev": [0.000861009291839, 0.0267116092145, 0.0160272885114, 0.00324074132368, 0.00348989036866, 0.00198584469035, 0.0022231854964, 0.00221225712448, 0.00317288306542, 0.00178973516449, 0.00138708227314, 0.00113487557974, 0.000976049341261, 0.000719954259694, 0.00108599895611, 0.00146835122723, 0.000739498820622, 0.000736059562769, 0.000532369886059, 0.000467171572382, 0.000582139589824, 0.000334279844537, 0.000159556875587, 0.000255714578088, 0.000463093019789, 0.000149255210999, 4.47607999376e-06],
        "var": [7.41336975807e-07, 0.000713510031346, 0.000256873958278, 1.05024046206e-05, 1.21793354992e-05, 3.94357903133e-06, 4.94255345984e-06, 4.89408193971e-06, 1.00671868495e-05, 3.20315189128e-06, 1.9239971607e-06, 1.28794249576e-06, 9.52672337462e-07, 5.1833416137e-07, 1.17939384836e-06, 2.15605541598e-06, 5.46858530015e-07, 5.41783663266e-07, 2.83417705305e-07, 2.18249269324e-07, 3.38886508189e-07, 1.1174302017e-07, 2.54583980563e-08, 6.53899476788e-08, 2.14455141645e-07, 2.22771188163e-08, 2.00352928692e-11]
    },
    "erbbands": {
        "dmean": [0.278930485249, 2.3540558815, 6.94696998596, 5.36748886108, 4.93194055557, 6.59630393982, 9.74608898163, 6.96940326691, 9.82666873932, 25.39777565, 20.547039032, 26.8344764709, 29.2910671234, 20.6062374115, 16.5288982391, 16.5160331726, 15.7226819992, 12.7758731842, 16.0324344635, 29.0994300842, 20.7077274323, 13.9466552734, 13.244761467, 12.0658130646, 7.98222160339, 6.33507013321, 8.1846780777, 5.11910820007, 3.29491686821, 2.00699448586, 1.58200991154, 1.60846018791, 1.51699137688, 1.6057100296, 0.837704002857, 0.36745634675, 0.0858797281981, 0.0094128549099, 0.000251250545261, 2.62217472482e-05],
        "dmean2": [0.376276552677, 3.74995875359, 11.7331609726, 9.63495063782, 8.97570228577, 11.1850357056, 16.9178333282, 12.0329198837, 15.8897533417, 41.0870704651, 36.2391929626, 43.6380958557, 47.4188117981, 33.7789001465, 25.1929988861, 26.4075603485, 25.4702777863, 19.71941185, 24.9545269012, 48.447353363, 32.3801383972, 21.429353714, 20.2879257202, 18.6318206787, 11.7064619064, 9.75285148621, 11.7924385071, 7.03918647766, 4.65712404251, 2.80011558533, 2.35850596428, 2.3512814045, 2.21727228165, 2.43987631798, 1.20866549015, 0.566139101982, 0.131178423762, 0.0141521710902, 0.000374302704586, 3.94774506276e-05],
        "dvar": [0.355075031519, 26.4832324982, 466.677001953, 307.051727295, 126.167266846, 170.791015625, 490.197662354, 158.57232666, 342.2003479, 2554.98828125, 2505.33789062, 3407.72216797, 4914.22607422, 2614.08813477, 1519.9708252, 1700.98571777, 2084.06982422, 822.439941406, 1367.46411133, 9535.30371094, 3506.62744141, 1067.64672852, 1280.53479004, 802.768798828, 340.082702637, 254.870300293, 644.183410645, 220.265548706, 105.209861755, 32.3330154419, 15.0947980881, 12.1201782227, 13.9967164993, 20.9804515839, 3.92687153816, 0.951737642288, 0.0374031290412, 0.000478409725474, 2.92304179084e-07, 1.41149780752e-09],
        "dvar2": [0.623157382011, 68.0614318848, 1255.91040039, 872.965332031, 363.622833252, 458.792999268, 1349.9173584, 408.17868042, 814.50177002, 6009.07226562, 6873.08300781, 8142.22167969, 12481.5664062, 6901.49707031, 3102.6159668, 4008.60107422, 4983.27099609, 1814.35205078, 3212.39428711, 25005.4863281, 8142.36572266, 2415.28857422, 2479.51611328, 1480.06640625, 695.28338623, 450.987854004, 1362.2755127, 386.897247314, 216.628540039, 56.4302062988, 29.3222579956, 24.4328460693, 29.0558223724, 44.9326553345, 7.77982473373, 2.33725309372, 0.0863365605474, 0.00109492533375, 6.61122555812e-07, 3.13911807659e-09],
        "max": [5.01294755936, 38.2466278076, 145.60017395, 127.391960144, 77.8033676147, 112.447494507, 140.200592041, 139.367965698, 312.862243652, 490.250976562, 393.599578857, 832.922912598, 1176.14660645, 469.836669922, 550.766662598, 482.476806641, 803.668945312, 527.224121094, 342.482452393, 774.716796875, 590.540283203, 310.741271973, 328.424957275, 230.309402466, 158.566604614, 133.274597168, 255.507324219, 164.140106201, 99.3223800659, 57.6612358093, 49.5423049927, 54.6074638367, 43.452331543, 70.2854766846, 22.7739658356, 17.4164581299, 2.90385103226, 0.344240307808, 0.00775078684092, 0.000344636064256],
        "mean": [0.730704843998, 4.28963518143, 9.49567222595, 5.62606191635, 4.4801774025, 7.57312870026, 9.48861122131, 8.26833820343, 13.3783597946, 28.8388252258, 17.684337616, 30.6838054657, 31.7339668274, 21.748216629, 20.7066993713, 18.3504943848, 16.2049217224, 15.6104717255, 18.1297473907, 25.2986946106, 24.076997757, 17.3477020264, 16.4715423584, 15.3379392624, 9.78143405914, 8.11191749573, 8.49306964874, 5.9407043457, 3.47974443436, 2.29224967957, 1.84532260895, 2.00526165962, 1.95166957378, 2.00102996826, 1.04993510246, 0.380998283625, 0.0899048447609, 0.00955682713538, 0.000276635255432, 5.90726231167e-05],
        "median": [0.762340426445, 3.03117227554, 7.0906791687, 3.04353308678, 1.29145395756, 2.9860458374, 1.9490250349, 1.84312319756, 4.92471504211, 9.83031749725, 4.12656545639, 6.41898059845, 7.79133701324, 4.21506643295, 4.18765830994, 2.62912392616, 2.27371311188, 2.859177351, 2.54662275314, 2.64458036423, 2.40051984787, 2.7941775322, 1.87412154675, 2.0094127655, 1.43112659454, 1.491984725, 0.950197637081, 0.371757358313, 0.237912818789, 0.165726959705, 0.177533969283, 0.26605206728, 0.2295075804, 0.184583887458, 0.120595104992, 0.0391491986811, 0.00717086158693, 0.00068536575418, 4.29594547313e-05, 4.26287915616e-05],
        "min": [5.38868562217e-07, 1.99915098165e-06, 1.41948212331e-05, 5.31692894583e-05, 7.62755007599e-05, 5.24545612279e-05, 0.000101901045127, 0.00013888302783, 0.000191040555364, 0.000191527695279, 7.95346641098e-05, 8.62028682604e-05, 8.64976464072e-05, 3.32660638378e-05, 5.48415227968e-05, 8.71370066307e-05, 0.000119224372611, 0.000301467138343, 0.000336646131473, 0.000302406871924, 0.000304992077872, 0.000178137473995, 0.000111721557914, 7.29762759875e-05, 0.000123811871163, 8.84381806827e-05, 3.28602400259e-05, 1.59183127835e-05, 1.26090180856e-05, 2.06892673305e-05, 2.01708444365e-05, 5.33498168807e-05, 1.68660462805e-05, 7.66944776842e-06, 7.0779701673e-06, 5.80254163651e-06, 2.46950230576e-06, 4.46430675538e-07, 1.00405728176e-08, 1.20676002524e-09],
        "stdev": [0.784977138042, 6.39687252045, 18.3693199158, 14.0225830078, 9.30382156372, 12.563741684, 19.4778881073, 13.7744398117, 21.9734382629, 53.2198867798, 42.3684158325, 72.4654312134, 71.0888290405, 49.5015716553, 49.6887588501, 47.5881958008, 46.0461997986, 36.3590011597, 42.1018867493, 85.9794235229, 64.6090087891, 38.0356826782, 42.9176330566, 34.1625404358, 21.5175056458, 19.6032180786, 27.619638443, 18.4646205902, 11.6861362457, 7.22958278656, 4.80070495605, 4.52887153625, 5.09052085876, 6.02281808853, 2.75668048859, 1.00740563869, 0.206943586469, 0.0227993559092, 0.000578714592848, 5.04677373101e-05],
        "var": [0.616189062595, 40.9199752808, 337.431884766, 196.632843018, 86.561088562, 157.847610474, 379.388153076, 189.735183716, 482.831970215, 2832.35644531, 1795.08276367, 5251.23876953, 5053.62109375, 2450.40551758, 2468.97290039, 2264.63623047, 2120.25244141, 1321.97705078, 1772.56896973, 7392.4609375, 4174.32421875, 1446.7130127, 1841.9230957, 1167.07922363, 463.003051758, 384.286193848, 762.844421387, 340.942199707, 136.56578064, 52.2668685913, 23.0467681885, 20.5106773376, 25.91340065, 36.2743377686, 7.59928703308, 1.01486623287, 0.0428256466985, 0.000519810651895, 3.34910566835e-07, 2.54699261681e-09]
    },
    "gfcc": {
        "mean": [-52.6072349548, 94.2015151978, -87.7614593506, 28.4233226776, -46.7945404053, 16.6518516541, -32.8147239685, 23.8062801361, -23.9760532379, 5.18117380142, -13.7610664368, -4.43355846405, -6.24045991898],
        "cov": [[8768.15527344, -222.701477051, -1703.50830078, -233.61138916, -411.340454102, -142.513549805, -170.776672363, 328.243774414, -171.958755493, 289.898864746, -227.086547852, 249.22895813, -91.6516189575], [-222.701477051, 3989.5480957, 360.684173584, 209.59727478, 990.551635742, -142.049316406, 771.822753906, -60.7084693909, 407.836791992, -87.3796386719, 440.486846924, -219.1065979, 263.210174561], [-1703.50830078, 360.684173584, 3539.72436523, 1158.5279541, 646.266662598, 993.862731934, 461.001251221, 295.263824463, 417.610046387, 145.829711914, 152.298126221, 80.294631958, -90.5802383423], [-233.61138916, 209.59727478, 1158.5279541, 1044.58789062, 411.796112061, 241.633224487, 301.487304688, 148.211761475, 258.590026855, 71.3762893677, 81.5504684448, 35.1999549866, -9.58265304565], [-411.340454102, 990.551635742, 646.266662598, 411.796112061, 942.77545166, 395.594787598, 394.6875, 99.606803894, 296.708129883, 8.3318977356, 113.740203857, 0.366713345051, 66.5044250488], [-142.513549805, -142.049316406, 993.862731934, 241.633224487, 395.594787598, 854.610595703, 200.599060059, 145.211776733, 155.250350952, 41.998916626, 46.885055542, 21.0741615295, -42.2967224121], [-170.776672363, 771.822753906, 461.001251221, 301.487304688, 394.6875, 200.599060059, 551.826660156, 117.049163818, 125.238677979, 49.6293373108, 125.739524841, -16.1073894501, 22.1505031586], [328.243774414, -60.7084693909, 295.263824463, 148.211761475, 99.606803894, 145.211776733, 117.049163818, 351.651824951, 73.7372436523, 30.6969623566, 58.2578926086, 0.903892219067, -10.1309509277], [-171.958755493, 407.836791992, 417.610046387, 258.590026855, 296.708129883, 155.250350952, 125.238677979, 73.7372436523, 274.380065918, 23.2057094574, 41.9864654541, 14.598110199, 33.0759010315], [289.898864746, -87.3796386719, 145.829711914, 71.3762893677, 8.3318977356, 41.998916626, 49.6293373108, 30.6969623566, 23.2057094574, 180.434249878, 6.69333982468, 39.9975013733, 1.63285553455], [-227.086547852, 440.486846924, 152.298126221, 81.5504684448, 113.740203857, 46.885055542, 125.739524841, 58.2578926086, 41.9864654541, 6.69333982468, 189.599365234, -29.222492218, 27.9296913147], [249.22895813, -219.1065979, 80.294631958, 35.1999549866, 0.366713345051, 21.0741615295, -16.1073894501, 0.903892219067, 14.598110199, 39.9975013733, -29.222492218, 156.799057007, -14.9138917923], [-91.6516189575, 263.210174561, -90.5802383423, -9.58265304565, 66.5044250488, -42.2967224121, 22.1505031586, -10.1309509277, 33.0759010315, 1.63285553455, 27.9296913147, -14.9138917923, 109.938018799]],
        "icov": [[0.000255286926404, -0.000336452707415, 0.000319030543324, -0.000330623210175, 0.000279900705209, -0.00043933276902, 0.000324855936924, -0.000550748896785, 0.000356054486474, -0.00054754136363, 0.000649291847367, -0.000599558348767, 0.000452559645055], [-0.000336452707415, 0.00137734215241, -0.000628033070825, 0.000971932546236, -0.000973532907665, 0.0013722165022, -0.00132977892645, 0.00131574389525, -0.00138272310141, 0.00111963809468, -0.00208598468453, 0.00156117859297, -0.00136368046515], [0.000319030543324, -0.000628033070825, 0.00110576953739, -0.00107152992859, 0.000620861013886, -0.00130776129663, 0.00057105376618, -0.000817555293906, 0.000354772433639, -0.000891925941687, 0.000877214712091, -0.00101349316537, 0.00106430763844], [-0.000330623210175, 0.000971932546236, -0.00107152992859, 0.00261454493739, -0.000998618896119, 0.00152746553067, -0.00130310736131, 0.000876252655871, -0.00172711792402, 0.000766109733377, -0.00147081841715, 0.0011294457363, -0.00068738515256], [0.000279900705209, -0.000973532907665, 0.000620861013886, -0.000998618896119, 0.00312554067932, -0.00175739976112, -0.000150765350554, -0.000699379597791, -0.000630462425761, -0.000285285525024, 0.00134299963247, -0.0012936637504, 6.4953645051e-05], [-0.00043933276902, 0.0013722165022, -0.00130776129663, 0.00152746553067, -0.00175739976112, 0.00358860590495, -0.00133248791099, 0.00105321023148, -0.00137706077658, 0.00112795666791, -0.00196505500935, 0.00173340982292, -0.000654729316011], [0.000324855936924, -0.00132977892645, 0.00057105376618, -0.00130310736131, -0.000150765350554, -0.00133248791099, 0.00441578496248, -0.00165892485529, 0.00178866612259, -0.00174615159631, 0.000853722915053, -0.00115478713997, 0.00146168819629], [-0.000550748896785, 0.00131574389525, -0.000817555293906, 0.000876252655871, -0.000699379597791, 0.00105321023148, -0.00165892485529, 0.00496029155329, -0.00193007511552, 0.00119312526658, -0.0028794570826, 0.00183647871017, -0.00104324135464], [0.000356054486474, -0.00138272310141, 0.000354772433639, -0.00172711792402, -0.000630462425761, -0.00137706077658, 0.00178866612259, -0.00193007511552, 0.0080724908039, -0.00135198177304, 0.00221112975851, -0.0019212764455, -0.000168571248651], [-0.00054754136363, 0.00111963809468, -0.000891925941687, 0.000766109733377, -0.000285285525024, 0.00112795666791, -0.00174615159631, 0.00119312526658, -0.00135198177304, 0.00766677083448, -0.00186508719344, 1.78458794835e-05, -0.00196773326024], [0.000649291847367, -0.00208598468453, 0.000877214712091, -0.00147081841715, 0.00134299963247, -0.00196505500935, 0.000853722915053, -0.0028794570826, 0.00221112975851, -0.00186508719344, 0.0100649986416, -0.00148572539911, 0.0007281578728], [-0.000599558348767, 0.00156117859297, -0.00101349316537, 0.0011294457363, -0.0012936637504, 0.00173340982292, -0.00115478713997, 0.00183647871017, -0.0019212764455, 1.78458794835e-05, -0.00148572539911, 0.00922874454409, -0.000915611046366], [0.000452559645055, -0.00136368046515, 0.00106430763844, -0.00068738515256, 6.4953645051e-05, -0.000654729316011, 0.00146168819629, -0.00104324135464, -0.000168571248651, -0.00196773326024, 0.0007281578728, -0.000915611046366, 0.0126441065222]]
    },
    "melbands": {
        "dmean": [0.00240096705966, 0.00311486539431, 0.000898303638678, 0.000385685707442, 0.000334258103976, 0.000163756732945, 0.000165426827152, 0.000276424572803, 0.000171142804902, 0.000178949849214, 0.00014495087089, 8.38743435452e-05, 6.38632918708e-05, 4.43010540039e-05, 4.5605644118e-05, 2.92901750072e-05, 2.44649472734e-05, 2.5494280635e-05, 3.3271186112e-05, 3.97301919293e-05, 2.28970639e-05, 1.48433618961e-05, 1.30887183332e-05, 1.21280891108e-05, 1.0093111996e-05, 6.58851240587e-06, 5.80752885071e-06, 3.94654989577e-06, 5.75046442464e-06, 3.43771489497e-06, 2.80965809907e-06, 1.96214637072e-06, 1.71971555574e-06, 8.68603251547e-07, 9.47097589687e-07, 9.38824257446e-07, 1.01796945273e-06, 9.72898305918e-07, 1.41001112297e-06, 1.41701275425e-06],
        "dmean2": [0.00347886793315, 0.00508507573977, 0.0016103257658, 0.000671714020427, 0.000574073637836, 0.000283298344584, 0.000269012001809, 0.00045144604519, 0.000304590968881, 0.000290058873361, 0.000234519553487, 0.000138556526508, 9.79581818683e-05, 7.1563255915e-05, 7.21063624951e-05, 4.62086536572e-05, 3.91512730857e-05, 4.14632850152e-05, 5.25075301994e-05, 6.77868738421e-05, 3.59749537893e-05, 2.28588905884e-05, 2.09023237403e-05, 1.84393211384e-05, 1.57389113156e-05, 9.77644867817e-06, 8.55109919939e-06, 5.98884071223e-06, 8.19662272988e-06, 4.81500637761e-06, 3.90557806895e-06, 3.01614272757e-06, 2.43499744101e-06, 1.22894869037e-06, 1.40268628002e-06, 1.4296158497e-06, 1.51215260757e-06, 1.42141163906e-06, 2.21253412747e-06, 2.13744374378e-06],
        "dvar": [2.5302206268e-05, 7.02089746483e-05, 7.43522514313e-06, 6.41908741272e-07, 5.06519711507e-07, 9.11904081136e-08, 9.24522680634e-08, 3.01843641637e-07, 2.15906794665e-07, 1.27177045783e-07, 1.22630979149e-07, 4.73155594705e-08, 2.22374616499e-08, 1.44546081771e-08, 1.17445635439e-08, 9.13633435573e-09, 3.54520057755e-09, 3.60412366618e-09, 8.42583691707e-09, 2.03619539008e-08, 3.75809738884e-09, 1.13621456688e-09, 1.28053478932e-09, 1.03528441375e-09, 5.44307765526e-10, 2.1150094176e-10, 2.32673047496e-10, 9.3241830923e-11, 3.25330096196e-10, 9.74785252517e-11, 6.81966982885e-11, 4.30760670189e-11, 2.8882148409e-11, 5.69562582861e-12, 5.59137848868e-12, 4.93900406684e-12, 5.44889003709e-12, 5.48319159174e-12, 1.80850594916e-11, 1.79971697267e-11],
        "dvar2": [4.86862481921e-05, 0.000181830691872, 2.11800543184e-05, 1.77920321676e-06, 1.3919666344e-06, 2.36174116708e-07, 2.09666566775e-07, 7.12254745849e-07, 6.00757516622e-07, 2.91461844881e-07, 3.1004168477e-07, 1.24625387343e-07, 4.41880523283e-08, 3.56120644085e-08, 2.76833844737e-08, 2.09962429665e-08, 8.23779977566e-09, 8.85181083987e-09, 2.01095549102e-08, 5.55961037207e-08, 8.34741253897e-09, 2.53845500175e-09, 3.02852898315e-09, 2.03444616709e-09, 1.03153174891e-09, 4.34057262355e-10, 5.17657861021e-10, 1.72886607808e-10, 6.94225399389e-10, 1.81907766628e-10, 1.29252913927e-10, 1.00894632926e-10, 5.17071455097e-11, 1.06986251455e-11, 1.10440797133e-11, 1.08730819487e-11, 1.11966868069e-11, 1.13959510231e-11, 4.2742972356e-11, 3.95754470861e-11],
        "max": [0.0428378656507, 0.0578365772963, 0.0194826480001, 0.00679222773761, 0.00458192266524, 0.00280286255293, 0.00507666449994, 0.00577174127102, 0.00385924521834, 0.0054874853231, 0.00574705377221, 0.00258909119293, 0.00264402991161, 0.00210354407318, 0.00111260614358, 0.00224110111594, 0.00120663293637, 0.000583455315791, 0.000695949071087, 0.00113726314157, 0.000665198836941, 0.000300729909213, 0.000323767046211, 0.000325098604662, 0.000189208847587, 0.00011967591854, 0.000132539324113, 8.30207427498e-05, 0.000174922155566, 0.000100425793789, 9.00831219042e-05, 6.49147477816e-05, 4.95758722536e-05, 3.04973582388e-05, 3.00263618556e-05, 3.13913151331e-05, 3.60940721293e-05, 2.44107213803e-05, 6.37104458292e-05, 7.15014975867e-05],
        "mean": [0.00611853972077, 0.00490932445973, 0.000976091367193, 0.000423466699431, 0.000342903920682, 0.000190520571778, 0.000226267482503, 0.000301987223793, 0.000136893737363, 0.000210744226933, 0.000154972658493, 8.38981213747e-05, 7.73408319219e-05, 4.67166501039e-05, 4.65795128548e-05, 3.02030584862e-05, 2.85902751784e-05, 2.74306239589e-05, 3.204998211e-05, 3.29245667672e-05, 2.72734469036e-05, 1.82117491931e-05, 1.51232152348e-05, 1.42461958603e-05, 1.25097167256e-05, 7.9009860201e-06, 6.4404252953e-06, 4.91771834277e-06, 5.89332876189e-06, 3.82819962397e-06, 3.18680940836e-06, 1.96958399101e-06, 1.83620079497e-06, 1.01028331301e-06, 1.05864262423e-06, 1.08419499156e-06, 1.26363511299e-06, 1.2528669231e-06, 1.63055335634e-06, 1.71876683908e-06],
        "median": [0.00569307710975, 0.00373376416974, 0.000568770396058, 0.000179116832442, 9.305356798e-05, 4.05801656598e-05, 8.70238727657e-05, 9.14459815249e-05, 2.17164451897e-05, 4.32344641013e-05, 3.5084260162e-05, 1.38579680424e-05, 1.3967554878e-05, 6.76407944411e-06, 4.72061401524e-06, 4.94772348247e-06, 4.56189673059e-06, 3.79467905987e-06, 2.79725236396e-06, 3.02263970298e-06, 2.43647718889e-06, 2.67284804067e-06, 1.70556802459e-06, 1.56831617915e-06, 1.48228298258e-06, 9.31011186367e-07, 8.94105937732e-07, 8.32135697237e-07, 5.8321461438e-07, 2.74232149877e-07, 1.46222106423e-07, 1.18208845379e-07, 8.70440288736e-08, 7.08683387529e-08, 7.89532563772e-08, 1.18363963963e-07, 1.72409102106e-07, 1.62093513723e-07, 1.35536708967e-07, 1.5569479217e-07],
        "min": [7.40499939145e-10, 4.60504107069e-10, 1.13235545385e-08, 4.64354954488e-09, 4.12924938686e-09, 3.22231352712e-09, 2.95688895591e-09, 1.89825066776e-09, 5.57000945367e-10, 5.54185197732e-10, 4.30482871572e-10, 1.42467010411e-10, 1.26561275349e-10, 2.780617403e-10, 1.31397240311e-10, 4.1160483355e-10, 5.41930889053e-10, 5.3022608526e-10, 2.78480405402e-10, 4.63533933459e-10, 2.89146845356e-10, 1.80740117317e-10, 1.20077087162e-10, 9.46700356996e-11, 5.18104031899e-11, 6.15233211598e-11, 1.10601500181e-10, 4.73568614878e-11, 1.83900065315e-11, 1.40422118378e-11, 8.69316858082e-12, 5.77814705804e-12, 9.88161288906e-12, 1.24638762852e-11, 6.26931145886e-12, 3.20946706711e-11, 3.06037868658e-11, 1.17061100396e-11, 8.80349872862e-12, 5.88787655784e-12],
        "stdev": [0.00712639372796, 0.00827116612345, 0.00219384022057, 0.0007249332848, 0.00064080231823, 0.00032112916233, 0.000360541045666, 0.000573088065721, 0.000380798592232, 0.000477892084746, 0.000355335767381, 0.000207695775316, 0.000193537693121, 0.000134896705276, 0.000121458033391, 9.68557651504e-05, 7.3597759183e-05, 6.52694070595e-05, 9.17109500733e-05, 0.000120422278997, 7.05793936504e-05, 3.99380987801e-05, 3.97661606257e-05, 3.74012706743e-05, 2.78429015452e-05, 1.70324037754e-05, 1.6615327695e-05, 1.18187899716e-05, 1.950128717e-05, 1.18962934721e-05, 1.00018314697e-05, 6.83308689986e-06, 6.498111361e-06, 3.02492162518e-06, 2.89989543489e-06, 2.58742238657e-06, 2.99819407701e-06, 3.17661465488e-06, 5.01832846567e-06, 5.4086444834e-06],
        "var": [5.07854856551e-05, 6.84121841914e-05, 4.81293454868e-06, 5.25528264461e-07, 4.10627592373e-07, 1.03123944939e-07, 1.2998984289e-07, 3.28429933916e-07, 1.45007561514e-07, 2.28380841349e-07, 1.26263515199e-07, 4.31375362098e-08, 3.74568394079e-08, 1.81971202551e-08, 1.47520546889e-08, 9.38103905668e-09, 5.41662981135e-09, 4.26009583165e-09, 8.41089864423e-09, 1.45015253139e-08, 4.98145036332e-09, 1.59505164632e-09, 1.58134738637e-09, 1.39885492079e-09, 7.75227215755e-10, 2.90102775136e-10, 2.7606908426e-10, 1.39683792311e-10, 3.80300235747e-10, 1.41521808161e-10, 1.00036638695e-10, 4.66910780872e-11, 4.22254488319e-11, 9.15015112291e-12, 8.409393841e-12, 6.69475499343e-12, 8.98916704961e-12, 1.00908803882e-11, 2.5183619079e-11, 2.92534364787e-11]
    },
    "melbands128": {
