{
"lowlevel": {
    "average_loudness": 0.916490733624,
    "barkbands_crest": {
        "dmean": 3.1150829792,
        "dmean2": 4.97782707214,
        "dvar": 8.83255195618,
        "dvar2": 19.4976501465,
        "max": 26.473608017,
        "mean": 11.1800985336,
        "median": 10.1412210464,
        "min": 3.16335248947,
        "stdev": 4.85732221603,
        "var": 23.593580246
    },
    "barkbands_flatness_db": {
        "dmean": 0.0383085459471,
        "dmean2": 0.056890912354,
        "dvar": 0.00180154538248,
        "dvar2": 0.0035497804638,
        "max": 0.474797070026,
        "mean": 0.183120980859,
        "median": 0.180042937398,
        "min": 0.0335843414068,
        "stdev": 0.0718695372343,
        "var": 0.00516523048282
    },
    "barkbands_kurtosis": {
        "dmean": 6.47615146637,
        "dmean2": 9.68793106079,
        "dvar": 341.48828125,
        "dvar2": 619.347412109,
        "max": 409.225646973,
        "mean": 7.93634366989,
        "median": 2.15079593658,
        "min": -1.78382611275,
        "stdev": 24.9196224213,
        "var": 620.987548828
    },
    "barkbands_skewness": {
        "dmean": 0.811213374138,
        "dmean2": 1.16243648529,
        "dvar": 1.1400026083,
        "dvar2": 2.02951335907,
        "max": 17.798242569,
        "mean": 1.77882373333,
        "median": 1.36133778095,
        "min": -3.69341492653,
        "stdev": 1.80187189579,
        "var": 3.24674248695
    },
    "barkbands_spread": {
        "dmean": 7.66958999634,
        "dmean2": 11.693356514,
        "dvar": 96.6052246094,
        "dvar2": 230.448654175,
        "max": 96.5763244629,
        "mean": 19.4818210602,
        "median": 16.357383728,
        "min": 0.270378768444,
        "stdev": 13.0155992508,
        "var": 169.405822754
    },
    "dissonance": {
        "dmean": 0.0328293181956,
        "dmean2": 0.054802890867,
        "dvar": 0.00102415005676,
        "dvar2": 0.00276891863905,
        "max": 0.499999731779,
        "mean": 0.440639078617,
        "median": 0.449883937836,
        "min": 0.255930781364,
        "stdev": 0.0426037758589,
        "var": 0.00181508180685
    },
    "dynamic_complexity": 2.26403450966,
    "erbbands_crest": {
        "dmean": 3.30511426926,
        "dmean2": 5.32059526443,
        "dvar": 10.149269104,
        "dvar2": 23.6526794434,
        "max": 30.8614387512,
        "mean": 10.5137205124,
        "median": 9.64491462708,
        "min": 2.30335831642,
        "stdev": 4.46910667419,
        "var": 19.9729156494
    },
    "erbbands_flatness_db": {
        "dmean": 0.0287859532982,
        "dmean2": 0.0419839695096,
        "dvar": 0.000951098103542,
        "dvar2": 0.00212338939309,
        "max": 0.404151529074,
        "mean": 0.198554888368,
        "median": 0.191112652421,
        "min": 0.0787652954459,
        "stdev": 0.0596040710807,
        "var": 0.00355264521204
    },
    "erbbands_kurtosis": {
        "dmean": 1.79064071178,
        "dmean2": 2.8293762207,
        "dvar": 8.92201423645,
        "dvar2": 21.201374054,
        "max": 38.8697242737,
        "mean": 1.73640441895,
        "median": 0.857936620712,
        "min": -1.79573762417,
        "stdev": 3.38862919807,
        "var": 11.4828081131
    },
    "erbbands_skewness": {
        "dmean": 0.498461037874,
        "dmean2": 0.743587255478,
        "dvar": 0.296262681484,
        "dvar2": 0.64889383316,
        "max": 5.37847089767,
        "mean": 0.562829732895,
        "median": 0.562476992607,
        "min": -3.70882105827,
        "stdev": 0.98604542017,
        "var": 0.972285628319
    },
    "erbbands_spread": {
        "dmean": 10.4395027161,
        "dmean2": 15.9767475128,
        "dvar": 160.74005127,
        "dvar2": 403.459106445,
        "max": 201.547470093,
        "mean": 31.2543144226,
        "median": 27.4004173279,
        "min": 3.29185414314,
        "stdev": 17.6842803955,
        "var": 312.733764648
    },
    "hfc": {
        "dmean": 14.7217826843,
        "dmean2": 22.4544239044,
        "dvar": 704.370422363,
        "dvar2": 1716.69750977,
        "max": 217.508590698,
        "mean": 24.70819664,
        "median": 18.318151474,
        "min": 1.23902920733e-16,
        "stdev": 27.5769004822,
        "var": 760.485473633
    },
    "loudness_ebu128": {
        "integrated": -10.019695282,
        "loudness_range": 4.18361568451,
        "momentary": {
            "dmean": 0.685148596764,
            "dmean2": 0.994418919086,
            "dvar": 0.317479789257,
            "dvar2": 0.602049648762,
            "max": -6.87153244019,
            "mean": -10.424533844,
            "median": -10.0840024948,
            "min": -16.4480857849,
            "stdev": 1.94548869133,
            "var": 3.78492641449
        },
        "short_term": {
            "dmean": 0.0852103978395,
            "dmean2": 0.10961856693,
            "dvar": 0.00458155106753,
            "dvar2": 0.00674842484295,
            "max": -8.02753829956,
            "mean": -10.3863868713,
            "median": -9.69780921936,
            "min": -12.6976280212,
            "stdev": 1.51508891582,
            "var": 2.29549431801
        }
    },
    "melbands_crest": {
        "dmean": 3.7267575264,
        "dmean2": 5.95529174805,
        "dvar": 12.1140556335,
        "dvar2": 27.3938713074,
        "max": 35.2559890747,
        "mean": 14.873087883,
        "median": 13.8753757477,
        "min": 2.0624961853,
        "stdev": 6.30986213684,
        "var": 39.8143577576
    },
    "melbands_flatness_db": {
        "dmean": 0.0425728112459,
        "dmean2": 0.0616446919739,
        "dvar": 0.00254325056449,
        "dvar2": 0.00477490900084,
        "max": 0.603136301041,
        "mean": 0.223755642772,
        "median": 0.217024967074,
        "min": 0.00683119799942,
        "stdev": 0.0869120210409,
        "var": 0.00755369942635
    },
    "melbands_kurtosis": {
        "dmean": 12.0994157791,
        "dmean2": 18.4665851593,
        "dvar": 825.829528809,
        "dvar2": 1862.75793457,
        "max": 396.025634766,
        "mean": 17.0270938873,
        "median": 6.06142234802,
        "min": -1.69834637642,
        "stdev": 36.9779434204,
        "var": 1367.36816406
    },
    "melbands_skewness": {
        "dmean": 1.01007795334,
        "dmean2": 1.49543678761,
        "dvar": 1.62482237816,
        "dvar2": 3.35100197792,
        "max": 18.4941997528,
        "mean": 2.59404754639,
        "median": 2.00678563118,
        "min": -1.35981953144,
        "stdev": 2.1690351963,
        "var": 4.70471334457
    },
    "melbands_spread": {
        "dmean": 9.1803445816,
        "dmean2": 14.051035881,
        "dvar": 199.706161499,
        "dvar2": 447.21774292,
        "max": 169.880447388,
        "mean": 22.8852539062,
        "median": 18.3895950317,
        "min": 0.414618462324,
        "stdev": 18.2336502075,
        "var": 332.466033936
    },
    "pitch_salience": {
        "dmean": 0.0910550579429,
        "dmean2": 0.142722755671,
        "dvar": 0.00890460889786,
        "dvar2": 0.0180680844933,
        "max": 0.863402962685,
        "mean": 0.529257714748,
        "median": 0.54367017746,
        "min": 0.0560389719903,
        "stdev": 0.181237354875,
        "var": 0.0328469797969
    },
    "silence_rate_20dB": {
        "dmean": 0,
        "dmean2": 0,
        "dvar": 0,
        "dvar2": 0,
        "max": 1,
        "mean": 1,
        "median": 1,
        "min": 1,
        "stdev": 0,
        "var": 0
    },
    "silence_rate_30dB": {
        "dmean": 0.0495356023312,
        "dmean2": 0.0991479456425,
        "dvar": 0.0470810718834,
        "dvar2": 0.100161090493,
        "max": 1,
        "mean": 0.940448582172,
        "median": 1,
        "min": 0,
        "stdev": 0.236655905843,
        "var": 0.0560060180724
    },
    "silence_rate_60dB": {
        "dmean": 0.0549535602331,
        "dmean2": 0.1099922508,
        "dvar": 0.0519342906773,
        "dvar2": 0.124230906367,
        "max": 1,
        "mean": 0.0711523592472,
        "median": 0,
        "min": 0,
        "stdev": 0.25708091259,
        "var": 0.0660905987024
    },
    "spectral_centroid": {
        "dmean": 376.910064697,
        "dmean2": 543.987976074,
        "dvar": 261147.765625,
        "dvar2": 473994.71875,
        "max": 11094.0830078,
        "mean": 1482.96276855,
        "median": 1452.81677246,
        "min": 137.417312622,
        "stdev": 720.034240723,
        "var": 518449.3125
    },
    "spectral_complexity": {
        "dmean": 5.42027854919,
        "dmean2": 7.52749824524,
        "dvar": 46.5734329224,
        "dvar2": 83.1309814453,
        "max": 65,
        "mean": 16.0997676849,
        "median": 14,
        "min": 0,
        "stdev": 10.3530950546,
        "var": 107.186569214
    },
    "spectral_decrease": {
        "dmean": 3.95406463127e-09,
        "dmean2": 5.91484194956e-09,
        "dvar": 3.39494080895e-17,
        "dvar2": 6.45238200181e-17,
        "max": 1.50842420289e-28,
        "mean": -8.41178948718e-09,
        "median": -5.68004976387e-09,
        "min": -4.6731798875e-08,
        "stdev": 9.12982667245e-09,
        "var": 8.33537396299e-17
    },
    "spectral_energy": {
        "dmean": 0.0158866029233,
        "dmean2": 0.0238212421536,
        "dvar": 0.000522657181136,
        "dvar2": 0.000999007141218,
        "max": 0.178960993886,
        "mean": 0.0339891314507,
        "median": 0.0234935376793,
        "min": 1.06690385486e-20,
        "stdev": 0.0355629660189,
        "var": 0.00126472464763
    },
    "spectral_energyband_high": {
        "dmean": 0.000999430892989,
        "dmean2": 0.00163958512712,
        "dvar": 6.70131794323e-06,
        "dvar2": 1.72598847712e-05,
        "max": 0.0195416416973,
        "mean": 0.00103392417077,
        "median": 0.000314521923428,
        "min": 7.46657811095e-21,
        "stdev": 0.0023698201403,
        "var": 5.61604747418e-06
    },
    "spectral_energyband_low": {
        "dmean": 0.0091068316251,
        "dmean2": 0.0138637162745,
        "dvar": 0.000447398459073,
        "dvar2": 0.000874039949849,
        "max": 0.168404012918,
        "mean": 0.0166584420949,
        "median": 0.000664122460876,
        "min": 1.21975919841e-22,
        "stdev": 0.031922891736,
        "var": 0.0010190710891
    },
    "spectral_energyband_middle_high": {
        "dmean": 0.00391559582204,
        "dmean2": 0.00557808578014,
        "dvar": 2.74865014944e-05,
        "dvar2": 5.86563037359e-05,
        "max": 0.0487850978971,
        "mean": 0.00733079342172,
        "median": 0.00568082230166,
        "min": 1.47935446539e-21,
        "stdev": 0.00710596237332,
        "var": 5.0494698371e-05
    },
    "spectral_energyband_middle_low": {
        "dmean": 0.00685611693189,
        "dmean2": 0.0110182678327,
        "dvar": 0.000143433047924,
        "dvar2": 0.000356282806024,
        "max": 0.0925122201443,
        "mean": 0.00989606883377,
        "median": 0.00586244976148,
        "min": 3.39347867561e-22,
        "stdev": 0.0123133733869,
        "var": 0.000151619155076
    },
    "spectral_entropy": {
        "dmean": 0.319704413414,
        "dmean2": 0.48653870821,
        "dvar": 0.108848653734,
        "dvar2": 0.234522461891,
        "max": 9.79726791382,
        "mean": 7.34788894653,
        "median": 7.33505964279,
        "min": 5.71234607697,
        "stdev": 0.50194722414,
        "var": 0.251951038837
    },
    "spectral_flux": {
        "dmean": 0.0474535562098,
        "dmean2": 0.0765708163381,
        "dvar": 0.00263767689466,
        "dvar2": 0.00523726409301,
        "max": 0.424899309874,
        "mean": 0.105901651084,
        "median": 0.0849989801645,
        "min": 1.03291035447e-10,
        "stdev": 0.0756827518344,
        "var": 0.00572787877172
    },
    "spectral_kurtosis": {
        "dmean": 2.40732717514,
        "dmean2": 3.9073331356,
        "dvar": 14.5538549423,
        "dvar2": 38.7342262268,
        "max": 44.8854103088,
        "mean": 5.54612636566,
        "median": 4.74516773224,
        "min": -1.20091056824,
        "stdev": 4.58251667023,
        "var": 20.999458313
    },
    "spectral_rms": {
        "dmean": 0.0012871848885,
        "dmean2": 0.00184903026093,
        "dvar": 2.23221491069e-06,
        "dvar2": 3.8519096961e-06,
        "max": 0.0132134817541,
        "mean": 0.00509694684297,
        "median": 0.00478753866628,
        "min": 3.22627016248e-12,
        "stdev": 0.00267978222109,
        "var": 7.18123237675e-06
    },
    "spectral_rolloff": {
        "dmean": 686.813659668,
        "dmean2": 1131.8359375,
        "dvar": 1823330.5,
        "dvar2": 3964810.25,
        "max": 19315.2832031,
        "mean": 1636.03637695,
        "median": 1291.9921875,
        "min": 43.06640625,
        "stdev": 1548.40673828,
        "var": 2397563.25
    },
    "spectral_skewness": {
        "dmean": 0.335114985704,
        "dmean2": 0.525213360786,
        "dvar": 0.153504788876,
        "dvar2": 0.363229990005,
        "max": 4.91154193878,
        "mean": 1.78782951832,
        "median": 1.79642927647,
        "min": -0.0371292456985,
        "stdev": 0.556809961796,
        "var": 0.310037314892
    },
    "spectral_spread": {
        "dmean": 873929.4375,
        "dmean2": 1293091.5,
        "dvar": 2.06561004749e+12,
        "dvar2": 3.44536802918e+12,
        "max": 41236824,
        "mean": 4900244.5,
        "median": 4686030.5,
        "min": 1131233.875,
        "stdev": 1840239.625,
        "var": 3.38648209818e+12
    },
    "spectral_strongpeak": {
        "dmean": 0.670776307583,
        "dmean2": 1.08099734783,
        "dvar": 0.826431870461,
        "dvar2": 1.83200156689,
        "max": 8.34074211121,
        "mean": 1.19831395149,
        "median": 0.753794491291,
        "min": 0,
        "stdev": 1.23889994621,
        "var": 1.53487300873
    },
    "zerocrossingrate": {
        "dmean": 0.0142527483404,
        "dmean2": 0.016127275303,
        "dvar": 0.000466205907287,
        "dvar2": 0.000518457090948,
        "max": 0.52197265625,
        "mean": 0.0591450966895,
        "median": 0.05517578125,
        "min": 0.0029296875,
        "stdev": 0.0374339111149,
        "var": 0.00140129763167
    },
    "barkbands": {
        "dmean": [0.000635023752693, 0.00733880000189, 0.00377176096663, 0.0017183162272, 0.00192213465925, 0.000784161034971, 0.00117176107597, 0.00196338235401, 0.00147711252794, 0.000577830651309, 0.000796871550847, 0.00100094592199, 0.000872956181411, 0.000590100884438, 0.000316618592478, 0.00032493181061, 0.000358485791367, 0.000347143068211, 0.00031632106402, 0.000302711909171, 0.000188378879102, 0.000196434979443, 0.000180727336556, 0.000194112188183, 0.000116082257591, 3.76041462005e-05, 2.22042626774e-06],
        "dmean2": [0.000923025247175, 0.010750092566, 0.00672749476507, 0.00296196085401, 0.00325139961205, 0.00130192725919, 0.00189083314035, 0.00325849023648, 0.00244701351039, 0.00090245885076, 0.00117827090435, 0.00153572927229, 0.00134571222588, 0.000954029732384, 0.000506401760504, 0.000506979704369, 0.000561385590117, 0.000548823329154, 0.000499387504533, 0.000477385241538, 0.000309833703795, 0.000338397978339, 0.000298841157928, 0.000314451463055, 0.000192109422642, 5.97910293436e-05, 4.03811782235e-06],
        "dvar": [2.93191260425e-06, 0.000378051510779, 0.000201358634513, 4.57043024653e-05, 3.08267262881e-05, 2.89791614705e-06, 6.2638455347e-06, 1.40996071423e-05, 1.28952715386e-05, 1.97380359168e-06, 2.82188989331e-06, 4.21892036684e-06, 2.47004663834e-06, 2.20615265789e-06, 5.10418942667e-07, 7.10211793375e-07, 5.27335146217e-07, 4.06986430335e-07, 4.33751466744e-07, 3.98810954039e-07, 2.84741844325e-07, 4.36198831721e-07, 2.73454332955e-07, 2.20718263222e-07, 1.16157124808e-07, 1.1982020709e-08, 1.5606675674e-10],
        "dvar2": [6.48614741294e-06, 0.000701916462276, 0.000556175713427, 0.000126199287479, 7.85419688327e-05, 6.98063695381e-06, 1.54556310008e-05, 3.52532988472e-05, 3.45781700162e-05, 4.24918789577e-06, 5.70188558413e-06, 8.80836068973e-06, 5.44921977053e-06, 5.74826572119e-06, 1.24869063711e-06, 1.8288717456e-06, 1.27041471387e-06, 9.63297566159e-07, 1.0640550272e-06, 9.62602371146e-07, 7.27633334918e-07, 1.18565890261e-06, 7.25873633201e-07, 5.61406579891e-07, 2.88621379241e-07, 2.79162595263e-08, 4.46108122665e-10],
        "max": [0.0264015868306, 0.162987098098, 0.118296042085, 0.0594311133027, 0.0420005209744, 0.0184164382517, 0.0302005745471, 0.0414999611676, 0.0425528287888, 0.014860721305, 0.0188373625278, 0.0203375555575, 0.015907779336, 0.019335668534, 0.00759237632155, 0.0112686753273, 0.00809856317937, 0.00928053073585, 0.00799126643687, 0.0059772701934, 0.00577369937673, 0.00591344758868, 0.00445534847677, 0.00686907116324, 0.0055177747272, 0.00245210365392, 0.000236141320784],
        "mean": [0.00096186704468, 0.0109383026138, 0.0038897653576, 0.00142599095125, 0.00179676129483, 0.000988759216852, 0.00148297171108, 0.00231066113338, 0.00177141372114, 0.000724887533579, 0.00117095536552, 0.00139539199881, 0.00123041088227, 0.000627711124253, 0.0003247653367, 0.000397520896513, 0.000471970648505, 0.000449791259598, 0.00040176184848, 0.000360580976121, 0.000170372106368, 0.000162604555953, 0.000164468787261, 0.00021492720407, 0.000114337912237, 3.87385698559e-05, 1.44480554809e-06],
        "median": [2.10331063499e-06, 2.52112440648e-05, 0.000189167476492, 8.49574716995e-05, 0.000374893366825, 0.000261756213149, 0.000473615858937, 0.000752271036617, 0.000510603073053, 0.000142103614053, 0.000263572845142, 0.000330419483362, 0.000320197694236, 0.00012449179485, 6.48028581054e-05, 6.56732881907e-05, 0.000143309676787, 0.000184995282325, 0.000159381510457, 0.000111495559395, 2.11461847357e-05, 1.37008446472e-05, 2.2297112082e-05, 7.22972472431e-05, 3.58734250767e-05, 1.1175327927e-05, 6.47071729531e-08],
        "min": [1.04728795124e-23, 4.11717550488e-23, 5.37897556217e-23, 3.30887264933e-23, 1.68788465813e-23, 8.17872558742e-23, 8.36866372965e-23, 8.41519137693e-23, 3.40699211535e-23, 5.47622822783e-23, 6.00429550432e-23, 1.32301225566e-22, 1.24523158015e-22, 9.9639758761e-23, 1.33518330658e-22, 1.11545954362e-22, 1.59220491801e-22, 1.50699809526e-22, 3.62749344273e-22, 1.78982845872e-22, 3.69359039404e-22, 4.51547566732e-22, 5.06238371902e-22, 9.52892678615e-22, 9.76603237341e-22, 1.68788930295e-21, 2.67155245411e-21],
        "stdev": [0.002503905911, 0.0260748099536, 0.0116308405995, 0.00564013840631, 0.00498126028106, 0.00202421867289, 0.00275995861739, 0.00403347751126, 0.00345360278152, 0.00164732674602, 0.00236306944862, 0.00261206668802, 0.00210757157765, 0.00139390758704, 0.000722114054952, 0.000918636273127, 0.000880663224962, 0.00074846908683, 0.000701308250427, 0.000655113370158, 0.000482271949295, 0.00056482385844, 0.000474105530884, 0.000458728463855, 0.000318832317134, 0.000108644264401, 9.55984978646e-06],
        "var": [6.269545338e-06, 0.000679895689245, 0.000135276452056, 3.18111633533e-05, 2.48129545071e-05, 4.09746144214e-06, 7.61737146604e-06, 1.62689411809e-05, 1.19273718155e-05, 2.71368548965e-06, 5.5840969253e-06, 6.82289237375e-06, 4.44185752713e-06, 1.94297831513e-06, 5.21448669133e-07, 8.4389262156e-07, 7.75567684741e-07, 5.60205990041e-07, 4.91833247906e-07, 4.29173496741e-07, 2.32586245374e-07, 3.19025986073e-07, 2.24776059099e-07, 2.1043179288e-07, 1.01654038076e-07, 1.18035767827e-08, 9.13907352573e-11]
    },
    "erbbands": {
        "dmean": [0.254411846399, 1.58472239971, 3.66406488419, 5.76721286774, 4.47960662842, 7.76854991913, 5.9857583046, 6.51443004608, 10.2842025757, 28.2808609009, 46.7013931274, 32.7703819275, 20.4369678497, 22.4764938354, 30.4229812622, 42.373626709, 40.1344871521, 30.295879364, 17.5358314514, 20.3124732971, 17.5711231232, 18.7044200897, 19.8681907654, 15.2956199646, 14.9678850174, 14.547791481, 9.91428279877, 6.29878664017, 6.91292572021, 7.40877008438, 4.45684528351, 4.28197860718, 3.06838822365, 1.55297195911, 0.664160192013, 0.246944323182, 0.053465038538, 0.00833452306688, 0.000257240317296, 2.5439007004e-05],
        "dmean2": [0.378869920969, 2.29701423645, 6.13055992126, 10.1412124634, 7.478328228, 12.8822526932, 9.81440258026, 10.8015213013, 16.4995079041, 46.5176963806, 77.3555374146, 53.6940116882, 32.0182800293, 33.304058075, 44.9892692566, 65.0345687866, 59.7415657043, 47.7353782654, 27.5039215088, 32.3772468567, 26.7862281799, 29.2183532715, 31.5024662018, 24.0509090424, 22.6114330292, 22.7122974396, 15.7969465256, 10.5017671585, 11.8890609741, 12.7881393433, 7.27563333511, 6.9872469902, 4.95118904114, 2.5989074707, 1.08384990692, 0.387174576521, 0.0878942385316, 0.014813859947, 0.000453432003269, 3.87022409996e-05],
        "dvar": [0.419213533401, 20.4988765717, 150.427764893, 529.743896484, 190.316635132, 533.722167969, 159.531799316, 191.267227173, 651.609802246, 3000.64794922, 8055.22509766, 7101.00390625, 2272.73657227, 2174.5078125, 3265.49023438, 7632.984375, 4840.50341797, 4466.39013672, 1688.21960449, 2397.4519043, 1779.62939453, 1368.08886719, 1387.55395508, 1084.15148926, 875.062194824, 930.283935547, 621.665161133, 416.009429932, 611.805603027, 622.47454834, 141.438110352, 112.669830322, 53.2750778198, 23.7911128998, 3.22662115097, 0.38725233078, 0.035039268434, 0.0013741486473, 1.69737791111e-06, 1.92681515188e-09],
        "dvar2": [0.870622038841, 37.562538147, 395.401855469, 1462.98657227, 517.138183594, 1299.50195312, 368.782562256, 470.513397217, 1530.03015137, 7068.32470703, 20466.1542969, 19171.7714844, 5738.51660156, 4449.45214844, 6762.20458984, 16146.0605469, 10342.9228516, 10782.5791016, 4296.61230469, 5874.20703125, 4325.50097656, 3330.78881836, 3270.22583008, 2658.01391602, 2081.6953125, 2244.94238281, 1582.58874512, 1091.58361816, 1682.60302734, 1715.76647949, 360.270843506, 293.880279541, 132.303146362, 61.503238678, 7.61589622498, 0.853486776352, 0.0866270288825, 0.00375901884399, 4.81197093904e-06, 4.36228608791e-09],
        "max": [5.49807548523, 40.166973114, 115.833862305, 202.85760498, 105.599624634, 187.003479004, 153.002975464, 142.681777954, 528.381774902, 573.382446289, 860.762145996, 1140.50793457, 576.040344238, 734.053649902, 821.322387695, 985.248535156, 810.02142334, 885.668029785, 514.770629883, 538.296691895, 472.672729492, 355.994781494, 603.722717285, 297.739746094, 529.306396484, 302.107635498, 227.865356445, 213.557052612, 242.202087402, 215.474960327, 136.996078491, 136.052200317, 115.425048828, 63.3160896301, 33.4995498657, 13.2067298889, 4.35281658173, 0.584000885487, 0.0257030744106, 0.000672911584843],
        "mean": [0.359649896622, 2.26189613342, 4.3974275589, 5.38508892059, 4.15434026718, 7.3325252533, 7.2065448761, 8.28237247467, 13.4511327744, 35.1203765869, 54.8511886597, 39.6861572266, 27.7246208191, 31.9428405762, 45.7993507385, 60.816734314, 62.3546180725, 35.4479560852, 19.1769313812, 21.3149757385, 23.1082687378, 25.5861816406, 26.660697937, 19.9205284119, 20.7537021637, 17.4053459167, 9.85439872742, 5.26333808899, 5.64407300949, 6.26213979721, 4.28995323181, 4.295586586, 3.51517558098, 1.54698610306, 0.665389180183, 0.267089873552, 0.0504302754998, 0.00656957831234, 0.000210798505577, 4.8271183914e-05],
        "median": [0.000521408102941, 0.0101467547938, 0.149817600846, 0.624896526337, 0.460210442543, 1.19616723061, 2.12661600113, 2.18472194672, 4.50119495392, 12.7101430893, 20.8618583679, 14.9519109726, 9.04086971283, 10.9330329895, 15.5856485367, 20.2915897369, 20.2363910675, 9.69097042084, 4.45878601074, 3.63916444778, 4.86229991913, 8.53580570221, 11.1489286423, 8.4206533432, 8.05351448059, 5.76509475708, 2.03881883621, 0.477115362883, 0.455965280533, 0.644416928291, 0.611566841602, 0.880039274693, 1.2358379364, 0.484404057264, 0.19819791615, 0.0781381577253, 0.0135194268078, 0.00114116899204, 5.43220812688e-05, 3.2393138099e-05],
        "min": [1.93906281712e-21, 7.39110757358e-21, 4.81093737257e-20, 1.00754870221e-19, 6.13605744943e-20, 4.65239980712e-20, 1.30828824386e-19, 8.64075659607e-19, 1.38381164324e-18, 1.13607001581e-18, 1.90754652815e-18, 6.91406101134e-19, 8.53933081129e-19, 2.9946773336e-18, 2.28885466346e-18, 5.37431362172e-18, 6.91489201766e-18, 4.12406652179e-18, 7.31534131914e-18, 6.28690766355e-18, 7.47624201035e-18, 1.0159893023e-17, 8.63535448629e-18, 1.367699385e-17, 1.64910366513e-17, 9.39595202262e-18, 1.23214450038e-17, 1.47608080748e-17, 1.75887566094e-17, 1.32474124881e-17, 1.77182021034e-17, 1.84504703581e-17, 1.48039538155e-17, 1.09041181734e-17, 7.8496040419e-18, 5.9547098616e-18, 3.17448964836e-18, 1.32118062919e-18, 3.71385741966e-19, 4.13120655097e-20],
        "stdev": [0.832674503326, 5.79327297211, 11.1956501007, 18.8455352783, 12.4156932831, 21.505979538, 14.5428390503, 16.7409954071, 30.0591697693, 60.4450416565, 92.9928741455, 80.1108398438, 50.9133148193, 58.8615074158, 77.375289917, 107.159255981, 98.6777954102, 67.540473938, 40.4257965088, 49.9354515076, 50.978969574, 43.641998291, 43.223575592, 34.4713401794, 35.1333885193, 31.5188827515, 23.4582920074, 17.6658496857, 20.7609081268, 20.8289318085, 11.6762609482, 10.2931394577, 7.17271947861, 4.38118934631, 1.78984844685, 0.656230390072, 0.172577098012, 0.030220374465, 0.00101388606708, 5.38352651347e-05],
        "var": [0.69334679842, 33.5620117188, 125.342575073, 355.154174805, 154.149429321, 462.507141113, 211.494171143, 280.260925293, 903.553649902, 3653.60327148, 8647.67480469, 6417.74609375, 2592.16552734, 3464.67700195, 5986.93603516, 11483.1054688, 9737.30761719, 4561.71533203, 1634.24511719, 2493.54931641, 2598.85546875, 1904.62414551, 1868.27758789, 1188.27331543, 1234.35510254, 993.439941406, 550.291442871, 312.082244873, 431.015289307, 433.844390869, 136.335067749, 105.94871521, 51.4479026794, 19.1948184967, 3.2035574913, 0.430638343096, 0.0297828558832, 0.00091327104019, 1.02796502688e-06, 2.89823565147e-09]
    },
    "gfcc": {
        "mean": [-23.9964923859, 62.4675369263, -139.576217651, 0.0148760890588, -74.6220397949, 9.11501789093, -46.1825332642, 21.3427352905, -35.3523292542, 0.718770325184, -5.38112306595, -7.21184301376, -17.8851547241],
        "cov": [[6535.02929688, 188.698028564, 517.253356934, 1314.68676758, 619.810852051, 692.122741699, 288.26751709, 118.8516922, 139.42276001, 140.99647522, -279.821594238, 246.333572388, -24.3674869537], [188.698028564, 2176.86987305, 1269.35437012, 890.393859863, 1264.52539062, 495.70123291, 677.741943359, 308.871795654, 601.055541992, 57.4124221802, 141.814041138, 90.9702835083, -17.2050094604], [517.253356934, 1269.35437012, 2041.90783691, 1303.21765137, 872.195129395, 708.319946289, 625.491943359, 237.569122314, 551.749206543, 178.638168335, -30.9699268341, 192.038070679, -63.692440033], [1314.68676758, 890.393859863, 1303.21765137, 1546.95324707, 929.856506348, 653.010925293, 468.103729248, 167.273574829, 609.425537109, 156.854019165, -26.726266861, 125.720710754, -34.52917099], [619.810852051, 1264.52539062, 872.195129395, 929.856506348, 1376.8203125, 549.25, 539.598144531, 306.228912354, 539.912414551, 155.825485229, 30.3634777069, 151.589614868, -55.4077453613], [692.122741699, 495.70123291, 708.319946289, 653.010925293, 549.25, 623.054443359, 474.44128418, 138.326004028, 280.217102051, 100.097862244, 3.37398147583, 90.5515975952, -40.7186126709], [288.26751709, 677.741943359, 625.491943359, 468.103729248, 539.598144531, 474.44128418, 715.631408691, 208.242355347, 215.011047363, 97.6701126099, 58.5508956909, 113.508598328, -36.7384910583], [118.8516922, 308.871795654, 237.569122314, 167.273574829, 306.228912354, 138.326004028, 208.242355347, 273.009674072, 146.152511597, 61.5152320862, 84.8007736206, 43.6356620789, 9.33578681946], [139.42276001, 601.055541992, 551.749206543, 609.425537109, 539.912414551, 280.217102051, 215.011047363, 146.152511597, 528.655761719, 128.533172607, 73.8219223022, 55.5523719788, -11.4161748886], [140.99647522, 57.4124221802, 178.638168335, 156.854019165, 155.825485229, 100.097862244, 97.6701126099, 61.5152320862, 128.533172607, 203.403656006, 41.9528999329, 28.4606533051, 17.2731933594], [-279.821594238, 141.814041138, -30.9699268341, -26.726266861, 30.3634777069, 3.37398147583, 58.5508956909, 84.8007736206, 73.8219223022, 41.9528999329, 213.330810547, 2.68451786041, 53.2940139771], [246.333572388, 90.9702835083, 192.038070679, 125.720710754, 151.589614868, 90.5515975952, 113.508598328, 43.6356620789, 55.5523719788, 28.4606533051, 2.68451786041, 179.853302002, 14.1439886093], [-24.3674869537, -17.2050094604, -63.692440033, -34.52917099, -55.4077453613, -40.7186126709, -36.7384910583, 9.33578681946, -11.4161748886, 17.2731933594, 53.2940139771, 14.1439886093, 171.16003418]],
        "icov": [[0.000296319951303, -0.0002707974636, 0.000406332925195, -0.00056433113059, 0.000310862524202, -0.000461525050923, 0.00030615637661, -0.000407294632168, 0.000458419148345, -0.000413734000176, 0.000504879222717, -0.000523005612195, 8.94359836821e-05], [-0.0002707974636, 0.00243178475648, -0.00159949576482, 0.00123013532721, -0.00220409082249, 0.00160395004787, -0.00145970913582, 0.0012347032316, -0.00128837837838, 0.00215423689224, -0.00165458244737, 0.00180468184408, -0.000791028665844], [0.000406332925195, -0.00159949576482, 0.00251524033956, -0.00197389675304, 0.00168936722912, -0.00155910244212, 0.000768154277466, -0.00139375508297, 0.000936345313676, -0.00172387692146, 0.00170141633134, -0.00193723361008, 0.000718451396096], [-0.00056433113059, 0.00123013532721, -0.00197389675304, 0.00364825525321, -0.00172962772194, 0.000297199381748, -0.000684182508849, 0.00163024733774, -0.00239437748678, 0.001517814002, -0.000883658300154, 0.00163224956486, -0.000852836703416], [0.000310862524202, -0.00220409082249, 0.00168936722912, -0.00172962772194, 0.00390734802932, -0.00179101643153, 0.000938310637139, -0.00228523905389, 0.000320736289723, -0.00202273321338, 0.00208248291165, -0.00222597364336, 0.00102832436096], [-0.000461525050923, 0.00160395004787, -0.00155910244212, 0.000297199381748, -0.00179101643153, 0.00619787722826, -0.00333003513515, 0.00144682289101, -0.00126164394896, 0.00131848384626, -0.00112700171303, 0.00164100341499, -0.000325611064909], [0.00030615637661, -0.00145970913582, 0.000768154277466, -0.000684182508849, 0.000938310637139, -0.00333003513515, 0.00453156605363, -0.0019115525065, 0.00159324344713, -0.00152729998808, 0.00037275091745, -0.00186262035277, 0.000931414251681], [-0.000407294632168, 0.0012347032316, -0.00139375508297, 0.00163024733774, -0.00228523905389, 0.00144682289101, -0.0019115525065, 0.0071689048782, -0.00134785706177, 0.00102766836062, -0.00295239011757, 0.00129971804563, -0.000702275137883], [0.000458419148345, -0.00128837837838, 0.000936345313676, -0.00239437748678, 0.000320736289723, -0.00126164394896, 0.00159324344713, -0.00134785706177, 0.005871493835, -0.00246293633245, -0.000384737882996, -0.00110251398291, 0.000871422467753], [-0.000413734000176, 0.00215423689224, -0.00172387692146, 0.001517814002, -0.00202273321338, 0.00131848384626, -0.00152729998808, 0.00102766836062, -0.00246293633245, 0.00815808400512, -0.00219461461529, 0.00162032560911, -0.00134080147836], [0.000504879222717, -0.00165458244737, 0.00170141633134, -0.000883658300154, 0.00208248291165, -0.00112700171303, 0.00037275091745, -0.00295239011757, -0.000384737882996, -0.00219461461529, 0.00827594660223, -0.00131830875762, -0.00126462162007], [-0.000523005612195, 0.00180468184408, -0.00193723361008, 0.00163224956486, -0.00222597364336, 0.00164100341499, -0.00186262035277, 0.00129971804563, -0.00110251398291, 0.00162032560911, -0.00131830875762, 0.00843160226941, -0.00160887697712], [8.94359836821e-05, -0.000791028665844, 0.000718451396096, -0.000852836703416, 0.00102832436096, -0.000325611064909, 0.000931414251681, -0.000702275137883, 0.000871422467753, -0.00134080147836, -0.00126462162007, -0.00160887697712, 0.00708481110632]]
    },
    "melbands": {
        "dmean": [0.00215459847823, 0.00164349470288, 0.000884162262082, 0.000439739000285, 0.00023483671248, 0.000146024423884, 0.000175506909727, 0.000339406135026, 0.000367822271073, 0.000197414599825, 0.000102246085589, 9.276963101e-05, 0.000117970586871, 9.91367996903e-05, 0.000111460059998, 7.88327452028e-05, 5.62704626645e-05, 3.25630899169e-05, 2.43281083385e-05, 2.60218566837e-05, 2.0428416974e-05, 1.86993165698e-05, 2.39575128944e-05, 1.67770849657e-05, 1.22600295072e-05, 1.23977051771e-05, 1.00485958683e-05, 1.00197603388e-05, 7.22627964933e-06, 3.88525450035e-06, 3.65642836186e-06, 4.0559871195e-06, 3.94650169255e-06, 4.2560222937e-06, 2.64963023255e-06, 2.33970331465e-06, 2.77604272014e-06, 2.31908825299e-06, 1.73313344476e-06, 1.23343249925e-06],
        "dmean2": [0.00316039170139, 0.00244795065373, 0.0015069693327, 0.000744610559195, 0.000385466497391, 0.00024162538466, 0.00028405993362, 0.000554472615477, 0.000615079596173, 0.000321883999277, 0.000159969597007, 0.000138949224493, 0.000172637737705, 0.000153655273607, 0.000167151229107, 0.000121113036585, 9.02075698832e-05, 5.22339432791e-05, 3.93131376768e-05, 4.18525232817e-05, 3.12027550535e-05, 2.90995521937e-05, 3.82025027648e-05, 2.62126668531e-05, 1.96048076759e-05, 1.93913492694e-05, 1.52403563334e-05, 1.58258462761e-05, 1.15133743748e-05, 6.47451361147e-06, 6.14688178757e-06, 7.08023253537e-06, 6.7002843025e-06, 7.40316454539e-06, 4.38725555796e-06, 3.76014281755e-06, 4.56621637568e-06, 3.71250098397e-06, 2.85847204395e-06, 2.10671646528e-06],
        "dvar": [3.06341098621e-05, 2.03784529731e-05, 1.0844722965e-05, 1.80315839771e-06, 2.38804886976e-07, 9.88790276324e-08, 1.59150346235e-07, 3.65427410998e-07, 4.95010965551e-07, 2.48865177355e-07, 5.7192618641e-08, 3.99433233156e-08, 5.8478995868e-08, 4.52123778416e-08, 4.19211687586e-08, 1.92746743011e-08, 1.81514607789e-08, 7.18931048027e-09, 3.3636451402e-09, 4.60720128714e-09, 2.20161289199e-09, 1.36026168107e-09, 2.3555415396e-09, 1.00141062109e-09, 7.85167486583e-10, 7.3978462245e-10, 3.42924133534e-10, 5.39145228462e-10, 3.27461946448e-10, 1.30839242218e-10, 1.6328609298e-10, 2.48557202598e-10, 1.42196920905e-10, 2.18951440312e-10, 5.29430561891e-11, 3.31388701202e-11, 4.84682086133e-11, 2.92856121298e-11, 1.91998032056e-11, 1.91636827934e-11],
        "dvar2": [5.9124577092e-05, 4.412319322e-05, 2.9231679946e-05, 4.68126199848e-06, 5.49693140783e-07, 2.38940174313e-07, 3.84500509654e-07, 8.76992260146e-07, 1.27470923417e-06, 6.70784515933e-07, 1.4204549359e-07, 8.17969336708e-08, 1.15854327021e-07, 9.61073496342e-08, 8.50184065371e-08, 4.25667288084e-08, 4.53598154593e-08, 1.84879844767e-08, 8.50021386611e-09, 1.19981784508e-08, 5.03442176836e-09, 3.34745653419e-09, 5.69285285579e-09, 2.37279285109e-09, 1.93745441912e-09, 1.8510392108e-09, 7.33608063186e-10, 1.35212430141e-09, 8.32236002335e-10, 3.40659167541e-10, 4.34981245467e-10, 6.98560931323e-10, 3.7801961561e-10, 6.08015637837e-10, 1.3566328616e-10, 8.22784132493e-11, 1.27493487989e-10, 7.14624678877e-11, 4.84799943246e-11, 5.06713837556e-11],
        "max": [0.0477617643774, 0.0429664850235, 0.0302875954658, 0.0104616731405, 0.00447306688875, 0.00374773656949, 0.00697398558259, 0.00542650651187, 0.00587771553546, 0.00697459140792, 0.00285715120845, 0.00304979807697, 0.0030029034242, 0.00268921698444, 0.00234029511921, 0.00127988238819, 0.00198456319049, 0.00111020973418, 0.000523233320564, 0.000863199646119, 0.000509252713528, 0.000404673686717, 0.000543599890079, 0.000461590592749, 0.000244061098783, 0.000472030136734, 0.000254449929344, 0.000228019620408, 0.000170352679561, 0.000135502166813, 0.000144458885188, 0.000163138116477, 0.000116336661449, 0.000139283409226, 7.90497142589e-05, 7.70253827795e-05, 8.74726974871e-05, 9.62996200542e-05, 5.47265990463e-05, 6.17788173258e-05],
        "mean": [0.00317605142482, 0.00251832650974, 0.000872382428497, 0.000402625126299, 0.000272889068583, 0.000185183176654, 0.000231114085182, 0.000416390073951, 0.000427739112638, 0.00023761758348, 0.000136399918119, 0.000125292121083, 0.000175927008968, 0.000129230815219, 0.000180375136551, 0.000106678671727, 6.08645459579e-05, 3.38483405358e-05, 2.40948575083e-05, 2.77356903098e-05, 2.6714278647e-05, 2.46026229433e-05, 2.86610465992e-05, 2.30089463003e-05, 1.47852451846e-05, 1.56505848281e-05, 1.36463913805e-05, 1.10880773718e-05, 7.19869149179e-06, 3.43467490893e-06, 2.89462263936e-06, 3.11701751343e-06, 3.37639835379e-06, 3.51665494236e-06, 2.49802610597e-06, 2.27787359108e-06, 2.76559489976e-06, 2.63663173428e-06, 1.87625107628e-06, 1.12034172162e-06],
        "median": [5.85569296163e-06, 8.20157729322e-05, 0.000104672726593, 6.19932980044e-05, 8.47193950904e-05, 4.77372268506e-05, 8.18681000965e-05, 0.000165545541677, 0.000169417166035, 7.32807820896e-05, 3.62347054761e-05, 4.07305196859e-05, 4.61630588688e-05, 3.07549053105e-05, 4.68929029012e-05, 2.91252672469e-05, 1.2201010577e-05, 6.8274671321e-06, 3.81581321562e-06, 4.20104970544e-06, 5.06001333633e-06, 7.41200938137e-06, 9.76859155344e-06, 8.59215469973e-06, 5.39470147487e-06, 5.64031461181e-06, 4.67935251436e-06, 3.20282288158e-06, 1.43889951687e-06, 3.73236645146e-07, 1.65499301374e-07, 1.96631489757e-07, 3.08178158548e-07, 3.53564985289e-07, 3.12381445156e-07, 2.90830286076e-07, 5.69730616462e-07, 8.86691282176e-07, 6.47757588013e-07, 2.7450752782e-07],
        "min": [1.42219646303e-23, 1.94605532436e-23, 1.61434546683e-23, 3.38486014934e-24, 3.93342376764e-24, 1.90607490705e-23, 2.12915372699e-23, 1.45122023345e-23, 1.40950100894e-23, 4.04868226235e-24, 3.98667503419e-24, 1.19582525321e-23, 8.27555479255e-24, 1.05333748886e-23, 1.48816116969e-23, 1.5153923326e-23, 5.86653254348e-24, 1.24455027254e-23, 8.55773664924e-24, 6.63704414961e-24, 9.2503368025e-24, 9.34150703504e-24, 1.14774773091e-23, 5.1177749601e-24, 1.15169787301e-23, 1.43448549598e-23, 7.9940624003e-24, 5.62133919135e-24, 7.1676272613e-24, 7.88497792546e-24, 8.25958903669e-24, 8.92367186823e-24, 1.00687689476e-23, 6.06704165849e-24, 1.05567038722e-23, 9.58823196061e-24, 1.18380482739e-23, 9.24425626264e-24, 1.18357921318e-23, 8.379854826e-24],
        "stdev": [0.00741523364559, 0.00550203956664, 0.00280902674422, 0.00119314331096, 0.000531508005224, 0.000383337639505, 0.000462509371573, 0.000671655172482, 0.000713056419045, 0.000476904184325, 0.000260220200289, 0.000245495961281, 0.000342247920344, 0.000252814701525, 0.000296224927297, 0.000171930878423, 0.000129911364638, 8.15122912172e-05, 5.64168221899e-05, 6.58040735289e-05, 6.06279354542e-05, 4.33453533333e-05, 5.36297775398e-05, 4.10220673075e-05, 2.83507924905e-05, 2.90450916509e-05, 2.34566250583e-05, 2.27392920351e-05, 1.71122537722e-05, 1.02362901089e-05, 1.08011454358e-05, 1.2680276086e-05, 1.08803151306e-05, 1.21153316286e-05, 7.05084767105e-06, 5.90052331972e-06, 6.63654782329e-06, 5.44139311387e-06, 4.14052283304e-06, 3.80187066185e-06],
        "var": [5.49856886209e-05, 3.02724383801e-05, 7.89063142292e-06, 1.42359101574e-06, 2.82500764115e-07, 1.46947755297e-07, 2.13914916003e-07, 4.5112068392e-07, 5.08449431891e-07, 2.27437610079e-07, 6.77145450823e-08, 6.02682632689e-08, 1.17133645006e-07, 6.39152730741e-08, 8.77491999063e-08, 2.95602262668e-08, 1.68769638265e-08, 6.64425359176e-09, 3.18285797718e-09, 4.33017621759e-09, 3.67574637394e-09, 1.87881976643e-09, 2.87615309347e-09, 1.68281000246e-09, 8.03767441493e-10, 8.4361734265e-10, 5.50213263839e-10, 5.17075382511e-10, 2.92829205328e-10, 1.04781641697e-10, 1.16664747307e-10, 1.60789395687e-10, 1.18381263126e-10, 1.46781253818e-10, 4.97144513056e-11, 3.48161777186e-11, 4.40437651628e-11, 2.96087598883e-11, 1.71439286378e-11, 1.44542208064e-11]
    },
    "melbands128": {
