{
"lowlevel": {
    "average_loudness": 0.424806296825,
    "barkbands_crest": {
        "dmean": 2.2937297821,
        "dmean2": 3.61028909683,
        "dvar": 6.83733940125,
        "dvar2": 16.4850254059,
        "max": 25.8416423798,
        "mean": 12.5720930099,
        "median": 11.7119703293,
        "min": 2.92918133736,
        "stdev": 4.33939695358,
        "var": 18.8303642273
    },
    "barkbands_flatness_db": {
        "dmean": 0.0258247628808,
        "dmean2": 0.0395139977336,
        "dvar": 0.0010644539725,
        "dvar2": 0.00215769885108,
        "max": 0.551484823227,
        "mean": 0.31501737237,
        "median": 0.338966935873,
        "min": 0.0349602364004,
        "stdev": 0.122248873115,
        "var": 0.0149447862059
    },
    "barkbands_kurtosis": {
        "dmean": 4.58568191528,
        "dmean2": 6.86618614197,
        "dvar": 279.438659668,
        "dvar2": 620.832824707,
        "max": 476.665618896,
        "mean": 6.48063135147,
        "median": 2.75596904755,
        "min": -1.81945729256,
        "stdev": 19.6430530548,
        "var": 385.849517822
    },
    "barkbands_skewness": {
        "dmean": 0.601934194565,
        "dmean2": 0.883880019188,
        "dvar": 0.823882043362,
        "dvar2": 1.7397403717,
        "max": 19.4578914642,
        "mean": 1.69250249863,
        "median": 1.39256727695,
        "min": -1.75618886948,
        "stdev": 1.47452104092,
        "var": 2.17421245575
    },
    "barkbands_spread": {
        "dmean": 3.34744501114,
        "dmean2": 5.45669364929,
        "dvar": 76.0985107422,
        "dvar2": 190.557937622,
        "max": 95.715927124,
        "mean": 7.8630771637,
        "median": 3.88474273682,
        "min": 0.457173168659,
        "stdev": 10.0201406479,
        "var": 100.403213501
    },
    "dissonance": {
        "dmean": 0.0430137552321,
        "dmean2": 0.0719279050827,
        "dvar": 0.00164247502107,
        "dvar2": 0.00422648014501,
        "max": 0.499319732189,
        "mean": 0.382773667574,
        "median": 0.40417906642,
        "min": 0.0841119214892,
        "stdev": 0.077477991581,
        "var": 0.00600283965468
    },
    "dynamic_complexity": 6.39784049988,
    "erbbands_crest": {
        "dmean": 2.42679595947,
        "dmean2": 3.7513654232,
        "dvar": 5.15064048767,
        "dvar2": 12.9753503799,
        "max": 24.3862476349,
        "mean": 10.1745357513,
        "median": 9.72427177429,
        "min": 2.98309755325,
        "stdev": 3.32745909691,
        "var": 11.0719833374
    },
    "erbbands_flatness_db": {
        "dmean": 0.0190198402852,
        "dmean2": 0.0261882953346,
        "dvar": 0.000570428033825,
        "dvar2": 0.000936660973821,
        "max": 0.499637305737,
        "mean": 0.298352390528,
        "median": 0.326640605927,
        "min": 0.0544881038368,
        "stdev": 0.117857933044,
        "var": 0.0138904917985
    },
    "erbbands_kurtosis": {
        "dmean": 1.03628277779,
        "dmean2": 1.54521119595,
        "dvar": 1.26101219654,
        "dvar2": 2.74663734436,
        "max": 15.602973938,
        "mean": 1.14301562309,
        "median": 0.824031829834,
        "min": -1.83014416695,
        "stdev": 1.83950483799,
        "var": 3.38377809525
    },
    "erbbands_skewness": {
        "dmean": 0.336198359728,
        "dmean2": 0.488489449024,
        "dvar": 0.105867117643,
        "dvar2": 0.222116887569,
        "max": 3.30878043175,
        "mean": 0.495105445385,
        "median": 0.506973743439,
        "min": -1.51689398289,
        "stdev": 0.618395209312,
        "var": 0.382412612438
    },
    "erbbands_spread": {
        "dmean": 5.73682785034,
        "dmean2": 8.00707530975,
        "dvar": 149.30645752,
        "dvar2": 290.997833252,
        "max": 174.407211304,
        "mean": 19.1630268097,
        "median": 11.0991315842,
        "min": 2.70148634911,
        "stdev": 21.1422748566,
        "var": 446.995788574
    },
    "hfc": {
        "dmean": 7.28225851059,
        "dmean2": 11.4780750275,
        "dvar": 521.244567871,
        "dvar2": 1398.24707031,
        "max": 233.412460327,
        "mean": 14.4846858978,
        "median": 2.35742759705,
        "min": 1.14152089203e-16,
        "stdev": 25.4038600922,
        "var": 645.356140137
    },
    "loudness_ebu128": {
        "integrated": -11.0819540024,
        "loudness_range": 11.4646034241,
        "momentary": {
            "dmean": 1.18058288097,
            "dmean2": 1.34078752995,
            "dvar": 2.17988371849,
            "dvar2": 4.11501789093,
            "max": -6.72883033752,
            "mean": -15.1275930405,
            "median": -16.1756801605,
            "min": -28.6463603973,
            "stdev": 5.98929738998,
            "var": 35.8716850281
        },
        "short_term": {
            "dmean": 0.17090395093,
            "dmean2": 0.147265404463,
            "dvar": 0.0339059941471,
            "dvar2": 0.0470901280642,
            "max": -7.78325891495,
            "mean": -14.5171947479,
            "median": -17.7380867004,
            "min": -20.2495651245,
            "stdev": 5.00509548187,
            "var": 25.0509815216
        }
    },
    "melbands_crest": {
        "dmean": 2.77807116508,
        "dmean2": 4.16970491409,
        "dvar": 8.47245311737,
        "dvar2": 20.5201721191,
        "max": 36.9988212585,
        "mean": 15.7038860321,
        "median": 14.7781305313,
        "min": 1.96022427082,
        "stdev": 5.74934768677,
        "var": 33.0550003052
    },
    "melbands_flatness_db": {
        "dmean": 0.0282765254378,
        "dmean2": 0.0418705679476,
        "dvar": 0.00183814833872,
        "dvar2": 0.00382950133644,
        "max": 0.673043251038,
        "mean": 0.403487026691,
        "median": 0.42987537384,
        "min": 0.00443887757137,
        "stdev": 0.139743372798,
        "var": 0.0195282083005
    },
    "melbands_kurtosis": {
        "dmean": 9.71828842163,
        "dmean2": 14.9526758194,
        "dvar": 2068.8515625,
        "dvar2": 3773.52587891,
        "max": 1192.59899902,
        "mean": 13.7755823135,
        "median": 3.42689180374,
        "min": -1.17916548252,
        "stdev": 56.9690971375,
        "var": 3245.47802734
    },
    "melbands_skewness": {
        "dmean": 0.718963503838,
        "dmean2": 1.05558669567,
        "dvar": 1.63647079468,
        "dvar2": 3.27703619003,
        "max": 26.886423111,
        "mean": 2.13485360146,
        "median": 1.57336688042,
        "min": -0.133980825543,
        "stdev": 2.16579055786,
        "var": 4.69064855576
    },
    "melbands_spread": {
        "dmean": 3.6687541008,
        "dmean2": 6.13756084442,
        "dvar": 118.97631073,
        "dvar2": 315.711425781,
        "max": 128.638259888,
        "mean": 8.78521156311,
        "median": 5.90106487274,
        "min": 0.296007156372,
        "stdev": 10.2921819687,
        "var": 105.929008484
    },
    "pitch_salience": {
        "dmean": 0.0718613415956,
        "dmean2": 0.107907287776,
        "dvar": 0.00554920267314,
        "dvar2": 0.0122139127925,
        "max": 0.871042191982,
        "mean": 0.534726858139,
        "median": 0.559805870056,
        "min": 0.0520896017551,
        "stdev": 0.156403213739,
        "var": 0.0244619660079
    },
    "silence_rate_20dB": {
        "dmean": 0,
        "dmean2": 0,
        "dvar": 0,
        "dvar2": 0,
        "max": 1,
        "mean": 1,
        "median": 1,
        "min": 1,
        "stdev": 0,
        "var": 0
    },
    "silence_rate_30dB": {
        "dmean": 0.0448916405439,
        "dmean2": 0.0898528248072,
        "dvar": 0.0428762473166,
        "dvar2": 0.0879756733775,
        "max": 1,
        "mean": 0.88553750515,
        "median": 1,
        "min": 0,
        "stdev": 0.318372130394,
        "var": 0.101360805333
    },
    "silence_rate_60dB": {
        "dmean": 0.0410216711462,
        "dmean2": 0.0821068957448,
        "dvar": 0.0393385738134,
        "dvar2": 0.0831129699945,
        "max": 1,
        "mean": 0.339520484209,
        "median": 0,
        "min": 0,
        "stdev": 0.47354605794,
        "var": 0.224245861173
    },
    "spectral_centroid": {
        "dmean": 124.306007385,
        "dmean2": 191.425704956,
        "dvar": 163898.0625,
        "dvar2": 278041.71875,
        "max": 10940.0957031,
        "mean": 599.374389648,
        "median": 417.280883789,
        "min": 197.216903687,
        "stdev": 498.209289551,
        "var": 248212.484375
    },
    "spectral_complexity": {
        "dmean": 2.17414855957,
        "dmean2": 3.47017812729,
        "dvar": 13.462720871,
        "dvar2": 31.685213089,
        "max": 47,
        "mean": 10.3812837601,
        "median": 7,
        "min": 0,
        "stdev": 7.03097581863,
        "var": 49.4346237183
    },
    "spectral_decrease": {
        "dmean": 2.70423616833e-09,
        "dmean2": 4.07140987591e-09,
        "dvar": 3.32570612255e-17,
        "dvar2": 7.27689975453e-17,
        "max": -9.18910528422e-29,
        "mean": -8.23841883602e-09,
        "median": -1.55741286534e-09,
        "min": -6.59259242752e-08,
        "stdev": 1.2064487187e-08,
        "var": 1.4555185202e-16
    },
    "spectral_energy": {
        "dmean": 0.010379451327,
        "dmean2": 0.015277245082,
        "dvar": 0.000459850940388,
        "dvar2": 0.000987129518762,
        "max": 0.251781284809,
        "mean": 0.0324074923992,
        "median": 0.00611704448238,
        "min": 1.07007347526e-20,
        "stdev": 0.0468385107815,
        "var": 0.00219384604134
    },
    "spectral_energyband_high": {
        "dmean": 0.000536903098691,
        "dmean2": 0.000876288162544,
        "dvar": 4.50400466434e-06,
        "dvar2": 1.21791354104e-05,
        "max": 0.0226438399404,
        "mean": 0.000503613031469,
        "median": 1.58153895313e-07,
        "min": 7.94820402261e-21,
        "stdev": 0.00188362994231,
        "var": 3.5480616134e-06
    },
    "spectral_energyband_low": {
        "dmean": 0.00741674937308,
        "dmean2": 0.0119867930189,
        "dvar": 0.000497208267916,
        "dvar2": 0.0011308232788,
        "max": 0.243920579553,
        "mean": 0.0178915113211,
        "median": 0.000385057035601,
        "min": 6.39908757077e-23,
        "stdev": 0.03826841712,
        "var": 0.00146447168663
    },
    "spectral_energyband_middle_high": {
        "dmean": 0.001284970087,
        "dmean2": 0.00183228484821,
        "dvar": 7.50142999095e-06,
        "dvar2": 1.64307366504e-05,
        "max": 0.0309647545218,
        "mean": 0.00306141213514,
        "median": 0.00026249961229,
        "min": 1.65120436785e-21,
        "stdev": 0.00534387025982,
        "var": 2.85569494736e-05
    },
    "spectral_energyband_middle_low": {
        "dmean": 0.00478617334738,
        "dmean2": 0.00681856507435,
        "dvar": 9.25793428905e-05,
        "dvar2": 0.000190449587535,
        "max": 0.105856440961,
        "mean": 0.0113306157291,
        "median": 0.00453455932438,
        "min": 3.44439996259e-22,
        "stdev": 0.015499137342,
        "var": 0.000240223249421
    },
    "spectral_entropy": {
        "dmean": 0.18730905652,
        "dmean2": 0.25719216466,
        "dvar": 0.0831293836236,
        "dvar2": 0.139827787876,
        "max": 9.80292129517,
        "mean": 6.17182254791,
        "median": 5.88083028793,
        "min": 4.57344818115,
        "stdev": 0.97258323431,
        "var": 0.9459182024
    },
    "spectral_flux": {
        "dmean": 0.0282598882914,
        "dmean2": 0.0437872745097,
        "dvar": 0.00198977300897,
        "dvar2": 0.00486448779702,
        "max": 0.381420612335,
        "mean": 0.0624278523028,
        "median": 0.0262704808265,
        "min": 1.03444357247e-10,
        "stdev": 0.0720966979861,
        "var": 0.00519793387502
    },
    "spectral_kurtosis": {
        "dmean": 24.1649951935,
        "dmean2": 40.300655365,
        "dvar": 1289.43518066,
        "dvar2": 3289.44311523,
        "max": 470.653076172,
        "mean": 79.7236862183,
        "median": 43.5610580444,
        "min": -1.19214963913,
        "stdev": 91.4567184448,
        "var": 8364.33203125
    },
    "spectral_rms": {
        "dmean": 0.000714332854841,
        "dmean2": 0.000975987757556,
        "dvar": 1.42308192608e-06,
        "dvar2": 2.63084552898e-06,
        "max": 0.0156729165465,
        "mean": 0.00427435757592,
        "median": 0.00244291801937,
        "min": 3.23105886664e-12,
        "stdev": 0.00365334562957,
        "var": 1.33469347929e-05
    },
    "spectral_rolloff": {
        "dmean": 335.447814941,
        "dmean2": 601.81237793,
        "dvar": 1563603.75,
        "dvar2": 3855136,
        "max": 17915.625,
        "mean": 739.339904785,
        "median": 538.330078125,
        "min": 43.06640625,
        "stdev": 1101.64550781,
        "var": 1213622.875
    },
    "spectral_skewness": {
        "dmean": 1.14694488049,
        "dmean2": 1.91570663452,
        "dvar": 1.78725218773,
        "dvar2": 4.64954471588,
        "max": 17.1847171783,
        "mean": 5.8037405014,
        "median": 4.79305028915,
        "min": 0.0231810864061,
        "stdev": 3.98049664497,
        "var": 15.8443527222
    },
    "spectral_spread": {
        "dmean": 649644,
        "dmean2": 914942.4375,
        "dvar": 1.86295333683e+12,
        "dvar2": 2.07950381056e+12,
        "max": 40432864,
        "mean": 2725442,
        "median": 1336236,
        "min": 196680.03125,
        "stdev": 2785172.25,
        "var": 7.75718436864e+12
    },
    "spectral_strongpeak": {
        "dmean": 0.258452683687,
        "dmean2": 0.424964874983,
        "dvar": 0.264049351215,
        "dvar2": 0.60198622942,
        "max": 6.57602310181,
        "mean": 0.704897463322,
        "median": 0.394920527935,
        "min": 0,
        "stdev": 0.803363800049,
        "var": 0.645393371582
    },
    "zerocrossingrate": {
        "dmean": 0.00654984684661,
        "dmean2": 0.00845585111529,
        "dvar": 0.000251413322985,
        "dvar2": 0.000305262976326,
        "max": 0.49365234375,
        "mean": 0.0275835469365,
        "median": 0.01953125,
        "min": 0.00244140625,
        "stdev": 0.0269071571529,
        "var": 0.000723995093722
    },
    "barkbands": {
        "dmean": [0.000655281473882, 0.00675251660869, 0.000733480672352, 0.000364484527381, 0.00273916893639, 0.000818189932033, 0.00116379361134, 0.000789349665865, 0.000925224157982, 0.000501965056174, 0.000197571978788, 0.000215514082811, 0.000159436909598, 0.000192688938114, 0.000196634195163, 8.27438852866e-05, 0.000160843279446, 0.000145429425174, 6.10762217548e-05, 5.18213200849e-05, 3.13495074806e-05, 5.73596043978e-05, 0.000107502775791, 0.000103659527667, 0.000159949777299, 7.07614963176e-05, 3.11626331495e-06],
        "dmean2": [0.001037568436, 0.011071735993, 0.00116974418052, 0.000573514669668, 0.00402628257871, 0.00123145396356, 0.0017956540687, 0.0011965065496, 0.00136354158167, 0.000706822378561, 0.000272948556812, 0.000326108885929, 0.000243426547968, 0.000290744152153, 0.000283828616375, 0.000126503276988, 0.000277104816632, 0.000238673092099, 0.000111035376904, 8.67654161993e-05, 4.74389271403e-05, 8.9475994173e-05, 0.000179310169187, 0.000164853045135, 0.000276677572401, 0.000120878044982, 5.35571416549e-06],
        "dvar": [4.48347645943e-06, 0.000479129259475, 5.80747473578e-06, 6.54052428217e-07, 5.72142816964e-05, 4.086156423e-06, 7.60420925872e-06, 7.23738867237e-06, 6.64331582811e-06, 2.44823468165e-06, 4.54251761539e-07, 5.31054183739e-07, 2.31862856026e-07, 3.58865065664e-07, 4.98794349824e-07, 8.48468104664e-08, 3.63829030903e-07, 1.91773111169e-07, 6.65216504103e-08, 2.69426774224e-08, 1.08625579642e-08, 4.31966071801e-08, 1.85288797638e-07, 1.76385796635e-07, 4.58331214759e-07, 7.76081705567e-08, 1.63371899342e-10],
        "dvar2": [1.10796254376e-05, 0.00109285721555, 1.19092419482e-05, 1.40562974593e-06, 0.000121981276607, 1.00391562228e-05, 1.81653831532e-05, 1.59079427249e-05, 1.37285751407e-05, 4.94104597237e-06, 8.19201204649e-07, 1.29944589844e-06, 5.36246091087e-07, 7.46210787383e-07, 1.02196986518e-06, 1.97304942162e-07, 1.03475395008e-06, 5.24967731508e-07, 1.92014312006e-07, 7.24070119418e-08, 2.63997996797e-08, 1.08340451277e-07, 5.06849687554e-07, 4.69581635798e-07, 1.27607700051e-06, 2.14732679638e-07, 4.45510184299e-10],
        "max": [0.0197439081967, 0.24097931385, 0.0459713414311, 0.0110255852342, 0.0857429429889, 0.0181950442493, 0.0378211848438, 0.04591909796, 0.0336199663579, 0.0211092438549, 0.0122828315943, 0.012976246886, 0.00790357496589, 0.00865552201867, 0.0117502482608, 0.00546861812472, 0.00814080052078, 0.00506473099813, 0.00232217903249, 0.00151165283751, 0.000959846191108, 0.00349996471778, 0.00378522719257, 0.00639736652374, 0.00578368129209, 0.00278348615393, 0.000134315690957],
        "mean": [0.000821734080091, 0.0143546657637, 0.00240335217677, 0.000689268694259, 0.00434445170686, 0.00123547832482, 0.00195454386994, 0.00138543103822, 0.00158512988128, 0.000871092255693, 0.000387249339838, 0.000378786004148, 0.000288282026304, 0.000333245028742, 0.000287513365038, 0.000124418671476, 0.000189060825505, 0.000185332712135, 4.85532800667e-05, 6.27749977866e-05, 3.22150735883e-05, 5.86090500292e-05, 9.50062385527e-05, 0.000100888653833, 0.000126105063828, 6.16313773207e-05, 2.6914508453e-06],
        "median": [3.25178604044e-08, 2.69301017397e-06, 9.37215809245e-05, 0.000229633966228, 0.00117086968385, 0.000427427643444, 0.00063111865893, 0.000211280712392, 0.000281072279904, 0.00011345398525, 3.43904976035e-05, 8.48250510899e-06, 4.20305059379e-06, 2.07901734939e-06, 8.75441457993e-07, 4.88594707804e-07, 1.59582398851e-07, 1.90893899799e-07, 2.61967613824e-07, 2.02309834663e-07, 6.71084521287e-08, 1.35700402026e-08, 5.11245845658e-09, 3.21192361596e-09, 1.53078505427e-09, 5.43391664998e-10, 2.65129501686e-10],
        "min": [3.10016458738e-24, 1.44672041308e-23, 4.03977625939e-23, 6.83608164461e-24, 5.91637285436e-23, 5.86469615418e-23, 3.52167166504e-23, 5.22656227103e-23, 1.09858814389e-22, 4.18435837055e-23, 3.93987175891e-23, 1.04677102647e-22, 1.2704736145e-22, 1.61481051611e-22, 1.16406157953e-22, 2.78162477844e-22, 1.49211841154e-22, 1.48775670493e-22, 2.54106334933e-22, 4.24295338087e-22, 4.05716565675e-22, 7.68450183217e-22, 5.05016028774e-22, 9.15672580276e-22, 1.28946602771e-21, 1.69823249373e-21, 2.33255804673e-21],
        "stdev": [0.0028429555241, 0.0345781520009, 0.00696234405041, 0.00126227154396, 0.00976275838912, 0.00232236715965, 0.0035529343877, 0.00414821831509, 0.00393687700853, 0.0024133445695, 0.00113784673158, 0.00109596294351, 0.000792806677055, 0.000981120509095, 0.000960721983574, 0.000371330388589, 0.000571054930333, 0.000488515477628, 0.00020080016111, 0.00017092138296, 0.000105325387267, 0.000203589981538, 0.000370244291844, 0.000393570429878, 0.000556931481697, 0.000237440501223, 1.10967339424e-05],
        "var": [8.0823965618e-06, 0.00119564856868, 4.84742377012e-05, 1.59332944349e-06, 9.53114431468e-05, 5.39338952876e-06, 1.26233435367e-05, 1.72077161551e-05, 1.54990011652e-05, 5.82423172091e-06, 1.29469515286e-06, 1.20113475077e-06, 6.28542466075e-07, 9.62597482612e-07, 9.22986771457e-07, 1.37886260632e-07, 3.26103730686e-07, 2.38647345441e-07, 4.03207032207e-08, 2.92141173475e-08, 1.10934372799e-08, 4.14488781075e-08, 1.3708084623e-07, 1.54897691118e-07, 3.10172680429e-07, 5.63779920526e-08, 1.23137514074e-10]
    },
    "erbbands": {
        "dmean": [0.274370282888, 1.4883108139, 1.19052803516, 0.917185008526, 2.69342088699, 13.8333177567, 8.47666072845, 6.68831634521, 13.3106508255, 19.2103347778, 15.4055166245, 18.0495681763, 18.4761581421, 10.7292852402, 5.57997751236, 7.79174804688, 6.87514877319, 7.37971591949, 11.6480474472, 7.72140312195, 4.83788871765, 9.68774604797, 7.83146715164, 5.36922693253, 2.21874260902, 2.39157986641, 1.46917629242, 1.18102765083, 1.6025301218, 3.51458954811, 3.13574337959, 2.23109459877, 1.72357058525, 1.37065029144, 1.26522660255, 0.409811109304, 0.138389676809, 0.0141372885555, 0.000404864491429, 2.06919667107e-05],
        "dmean2": [0.403819382191, 2.30702066422, 1.90586137772, 1.41017842293, 4.15088129044, 20.2246208191, 11.7454242706, 9.93735218048, 19.2418327332, 30.8411865234, 22.9346370697, 26.4494361877, 27.025346756, 14.1396751404, 8.22843360901, 11.6140069962, 10.3195867538, 10.9618520737, 17.2501888275, 11.1367454529, 7.1396188736, 16.5578422546, 12.7994241714, 9.64416122437, 3.85215210915, 3.94959545135, 2.35403156281, 1.75151062012, 2.43218827248, 5.75781679153, 5.31295776367, 3.54579401016, 2.81805539131, 2.31518149376, 2.20075654984, 0.696728110313, 0.24084122479, 0.0243553165346, 0.000685381353833, 3.29524336848e-05],
        "dvar": [0.729068994522, 25.7639884949, 16.5428714752, 4.00561761856, 34.2076950073, 1888.0234375, 368.062347412, 256.381988525, 957.956054688, 2946.03588867, 2287.01074219, 3402.47631836, 2676.7487793, 810.526916504, 195.430236816, 896.756958008, 447.478912354, 532.133483887, 2015.84265137, 914.403808594, 240.075805664, 1216.16796875, 557.65637207, 489.127868652, 65.2185134888, 55.2979202271, 24.4229717255, 15.4882211685, 27.9829845428, 187.323883057, 174.611846924, 84.5146942139, 46.4555664062, 27.7740879059, 30.3929653168, 2.59305667877, 0.333108305931, 0.00330735440366, 2.60667002294e-06, 3.58905194453e-09],
        "dvar2": [1.74095058441, 62.0459480286, 36.2447052002, 8.48655128479, 85.1551132202, 4027.22143555, 775.126098633, 631.475341797, 2116.61401367, 7683.77148438, 4748.15039062, 7220.66943359, 5514.66601562, 1221.65771484, 437.905059814, 2165.45727539, 993.867431641, 1159.21057129, 4587.14355469, 1867.78967285, 504.758087158, 3509.20605469, 1497.82531738, 1410.13586426, 181.787887573, 145.072921753, 63.1182899475, 36.1405639648, 67.4769287109, 501.984375, 483.272888184, 222.734191895, 125.152702332, 76.2903137207, 84.828666687, 7.16568040848, 0.931529223919, 0.00921826343983, 7.15717487765e-06, 9.21761600381e-09],
        "max": [8.76881027222, 51.467414856, 60.6693077087, 22.4027042389, 83.8781356812, 508.156890869, 185.079223633, 151.35723877, 460.667266846, 906.36907959, 740.627624512, 947.90625, 747.931396484, 500.77243042, 206.743560791, 649.192565918, 348.276000977, 414.518341064, 909.63293457, 808.896789551, 357.599151611, 421.507202148, 321.333984375, 188.087799072, 88.0560150146, 65.0840606689, 50.2417526245, 36.773651123, 79.5216903687, 163.453659058, 122.099571228, 143.731521606, 86.9934997559, 46.4297332764, 48.8220176697, 15.465344429, 5.1776061058, 0.571424901485, 0.0167356114835, 0.000660832913127],
        "mean": [0.43719419837, 3.04145169258, 3.91957211494, 2.2584002018, 5.16164398193, 20.0438671112, 13.6493091583, 10.61241436, 23.2050094604, 29.6760807037, 30.5893669128, 32.3846511841, 35.483291626, 21.7855377197, 12.1194572449, 14.4060735703, 13.1815652847, 14.1085939407, 18.5299129486, 12.0681219101, 7.83784532547, 12.1835002899, 10.4177398682, 4.60441923141, 2.32331705093, 2.96397829056, 1.56986343861, 1.22200024128, 1.64893877506, 3.35618400574, 2.64033150673, 2.22752141953, 1.58389997482, 1.17986524105, 0.965676128864, 0.348268479109, 0.112585492432, 0.0123806660995, 0.00037351125502, 4.89446392749e-05],
        "median": [0.000110202461656, 0.00295959948562, 0.0889290571213, 0.83332246542, 2.11176562309, 3.91531133652, 3.90483236313, 3.62073540688, 7.32605266571, 8.14236831665, 6.26520490646, 6.3158121109, 5.25642681122, 2.97672605515, 1.01258063316, 0.373121231794, 0.225050225854, 0.134434774518, 0.0492059774697, 0.0424036346376, 0.0239662062377, 0.0110646262765, 0.00774510297924, 0.0154973221943, 0.0150289013982, 0.00666031148285, 0.00458600698039, 0.00157129077706, 0.000627019326203, 0.000245080911554, 0.000132421133458, 8.64213943714e-05, 4.29252286267e-05, 2.46965555561e-05, 1.41389236887e-05, 6.44622423351e-06, 2.66377878688e-06, 5.10310997015e-07, 2.99410476146e-06, 6.84534188622e-06],
        "min": [4.60193684202e-22, 3.44491886898e-21, 3.57124760465e-20, 4.62075917934e-20, 5.04333118073e-20, 3.01462872318e-19, 3.0086205485e-19, 5.11707523707e-19, 7.27678953271e-19, 5.61282991058e-19, 1.1057391639e-18, 2.0699260115e-18, 2.52817331751e-18, 9.88772930155e-19, 2.18772997242e-18, 4.93779386886e-18, 6.53250875436e-18, 7.13877299994e-18, 8.72796314613e-18, 5.60986157295e-18, 1.62541933353e-17, 9.11565939051e-18, 9.61105951373e-18, 9.1140472155e-18, 1.68100471264e-17, 2.09485392644e-17, 1.18909148657e-17, 1.9682800726e-17, 2.88915626032e-17, 2.11464107931e-17, 1.42111498665e-17, 1.94797725534e-17, 1.47155530235e-17, 1.40626031177e-17, 8.86382756174e-18, 3.95601071828e-18, 3.95208119678e-18, 1.5305794367e-18, 3.59090839534e-19, 3.02965045235e-20],
        "stdev": [1.27466225624, 7.2433013916, 9.83416748047, 3.44964146614, 7.44853925705, 55.1408195496, 26.018163681, 18.5420951843, 43.363494873, 60.5921630859, 80.8814239502, 88.5454559326, 81.561050415, 53.6363220215, 28.2922286987, 44.0078315735, 35.0106697083, 36.5968971252, 58.6026916504, 40.4313354492, 21.4044914246, 33.8161468506, 27.0934562683, 17.6835403442, 7.12153100967, 8.10647773743, 4.88293457031, 4.09533977509, 5.38892173767, 12.4658889771, 10.9957380295, 8.66890144348, 6.19219017029, 4.53634643555, 4.5039191246, 1.37238430977, 0.475086927414, 0.0482527129352, 0.001400807756, 8.21182547952e-05],
        "var": [1.6247638464, 52.4654159546, 96.7108535767, 11.9000263214, 55.4807357788, 3040.51000977, 676.944885254, 343.809326172, 1880.3927002, 3671.41040039, 6541.80517578, 7840.29833984, 6652.20507812, 2876.85498047, 800.450195312, 1936.68933105, 1225.74694824, 1339.33300781, 3434.27563477, 1634.69299316, 458.15222168, 1143.53173828, 734.055419922, 312.707611084, 50.7162055969, 65.7149887085, 23.8430500031, 16.7718086243, 29.04047966, 155.398376465, 120.906265259, 75.1498565674, 38.3432197571, 20.5784378052, 20.2852859497, 1.88343882561, 0.225707575679, 0.00232832413167, 1.96226233129e-06, 6.74340805418e-09]
    },
    "gfcc": {
        "mean": [-172.280685425, 177.608901978, -93.7913131714, -22.2706375122, -65.5049209595, -21.1596755981, -32.1574821472, -6.96286058426, -25.7173786163, -13.6155738831, -16.0263137817, -14.7529096603, -9.19111728668],
        "cov": [[29233.5039062, -12052.2236328, -767.314697266, 3579.55371094, 546.14654541, 4610.36425781, -2106.14868164, 3315.69116211, 500.110198975, 1825.90075684, -629.799926758, 2124.82788086, -777.175476074], [-12052.2236328, 6360.76855469, 687.186340332, -1767.51818848, -38.9101982117, -2027.36608887, 1217.47827148, -1387.17785645, -101.607467651, -815.128967285, 382.485595703, -914.099182129, 422.153869629], [-767.314697266, 687.186340332, 982.901306152, 32.8443336487, 164.030563354, 10.8416185379, 275.014831543, 70.3292770386, 147.460266113, 51.4703826904, 98.9502792358, 64.5587234497, 67.8204193115], [3579.55371094, -1767.51818848, 32.8443336487, 1097.08752441, 223.822875977, 719.397949219, -214.237030029, 555.072814941, 190.048217773, 328.412536621, -26.6164627075, 271.133056641, -98.7478561401], [546.14654541, -38.9101982117, 164.030563354, 223.822875977, 387.151947021, 326.276824951, 108.910591125, 218.298065186, 137.27444458, 114.340362549, 41.1828651428, 74.2290878296, -6.00021791458], [4610.36425781, -2027.36608887, 10.8416185379, 719.397949219, 326.276824951, 1083.07067871, -204.68989563, 660.141967773, 165.731399536, 386.498199463, -71.6841278076, 378.31060791, -128.428817749], [-2106.14868164, 1217.47827148, 275.014831543, -214.237030029, 108.910591125, -204.68989563, 442.966705322, -146.682418823, 41.2505455017, -91.0618972778, 127.624542236, -138.964874268, 75.1850662231], [3315.69116211, -1387.17785645, 70.3292770386, 555.072814941, 218.298065186, 660.141967773, -146.682418823, 561.750976562, 162.26234436, 275.589385986, -36.5120315552, 268.695739746, -90.2363128662], [500.110198975, -101.607467651, 147.460266113, 190.048217773, 137.27444458, 165.731399536, 41.2505455017, 162.26234436, 167.617095947, 101.06414032, 22.9223747253, 52.645690918, 4.86762714386], [1825.90075684, -815.128967285, 51.4703826904, 328.412536621, 114.340362549, 386.498199463, -91.0618972778, 275.589385986, 101.06414032, 221.760757446, -6.06089735031, 150.404129028, -45.9186897278], [-629.799926758, 382.485595703, 98.9502792358, -26.6164627075, 41.1828651428, -71.6841278076, 127.624542236, -36.5120315552, 22.9223747253, -6.06089735031, 100.048324585, -11.8625688553, 27.1204624176], [2124.82788086, -914.099182129, 64.5587234497, 271.133056641, 74.2290878296, 378.31060791, -138.964874268, 268.695739746, 52.645690918, 150.404129028, -11.8625688553, 254.03956604, -31.6416702271], [-777.175476074, 422.153869629, 67.8204193115, -98.7478561401, -6.00021791458, -128.428817749, 75.1850662231, -90.2363128662, 4.86762714386, -45.9186897278, 27.1204624176, -31.6416702271, 104.346336365]],
        "icov": [[0.00032040476799, -0.000223497350817, 0.00020978723478, -0.000168333339388, 0.000613981217612, -0.000597179401666, 0.00044203698053, -0.000950098969042, 0.000340420316206, -0.000469442427857, 0.000675888324622, -0.00110983476043, 0.000420435564592], [-0.000223497350817, 0.00448981160298, -0.00137147703208, 0.002251325408, -0.00394263537601, 0.00331270252354, -0.00342464470305, 0.00284894532524, -0.00300487154163, 0.00372484792024, -0.00475497776642, 0.00506539270282, -0.00347409024835], [0.00020978723478, -0.00137147703208, 0.00212677242234, -0.000757677829824, 0.00116071570665, -0.00041076540947, -0.000260866916506, -0.00114244129509, 0.000119910073408, -0.00195850315504, 0.00251154252328, -0.00369005859829, 0.00113375170622], [-0.000168333339388, 0.002251325408, -0.000757677829824, 0.00325370160863, -0.00196961918846, 0.00113520293962, -0.000854440848343, 0.000441938405856, -0.00222976692021, 0.00136866688263, -0.00368653680198, 0.00343395792879, -0.00180280045606], [0.000613981217612, -0.00394263537601, 0.00116071570665, -0.00196961918846, 0.00960281584412, -0.00604481855407, 0.0026359197218, -0.00419828435406, 0.000471413950436, -0.00192747428082, 0.00265499041416, -0.00392828602344, 0.00273628043942], [-0.000597179401666, 0.00331270252354, -0.00041076540947, 0.00113520293962, -0.00604481855407, 0.00966783147305, -0.00512807583436, 0.00104569923133, -0.000601110397838, -0.00185022316873, 0.00104588107206, 0.00037211063318, -0.00130314100534], [0.00044203698053, -0.00342464470305, -0.000260866916506, -0.000854440848343, 0.0026359197218, -0.00512807583436, 0.0103911859915, -0.00338531238958, 0.00171039160341, 4.15063223045e-05, -0.00395336654037, 0.00066290050745, 0.00110057776328], [-0.000950098969042, 0.00284894532524, -0.00114244129509, 0.000441938405856, -0.00419828435406, 0.00104569923133, -0.00338531238958, 0.0139437979087, -0.00611802050844, 0.00120225793216, -0.00206141266972, 0.00153558631428, -8.25626993901e-05], [0.000340420316206, -0.00300487154163, 0.000119910073408, -0.00222976692021, 0.000471413950436, -0.000601110397838, 0.00171039160341, -0.00611802050844, 0.0157586596906, -0.00724785868078, 0.00365102058277, -0.00197588209994, -0.000204362193472], [-0.000469442427857, 0.00372484792024, -0.00195850315504, 0.00136866688263, -0.00192747428082, -0.00185022316873, 4.15063223045e-05, 0.00120225793216, -0.00724785868078, 0.0212114248425, -0.0105102574453, 0.00651580002159, -0.00299622141756], [0.000675888324622, -0.00475497776642, 0.00251154252328, -0.00368653680198, 0.00265499041416, 0.00104588107206, -0.00395336654037, -0.00206141266972, 0.00365102058277, -0.0105102574453, 0.0283418782055, -0.0143521446735, 0.00514207407832], [-0.00110983476043, 0.00506539270282, -0.00369005859829, 0.00343395792879, -0.00392828602344, 0.00037211063318, 0.00066290050745, 0.00153558631428, -0.00197588209994, 0.00651580002159, -0.0143521446735, 0.0228861477226, -0.00839897338301], [0.000420435564592, -0.00347409024835, 0.00113375170622, -0.00180280045606, 0.00273628043942, -0.00130314100534, 0.00110057776328, -8.25626993901e-05, -0.000204362193472, -0.00299622141756, 0.00514207407832, -0.00839897338301, 0.0168237630278]]
    },
    "melbands": {
        "dmean": [0.00206596823409, 0.0010248052422, 0.000176760382601, 0.000557602208573, 0.00040494883433, 0.000159603107022, 0.000206883822102, 0.000207268210943, 0.000119701857329, 0.000127363222418, 9.53434282565e-05, 5.055667134e-05, 2.13342609641e-05, 2.32272159337e-05, 1.75632903847e-05, 1.93189189304e-05, 1.39613302963e-05, 2.27369746426e-05, 1.35120471896e-05, 7.47615968066e-06, 5.73115812585e-06, 1.034561501e-05, 8.11737390904e-06, 6.85983786752e-06, 4.26835367762e-06, 2.08416759051e-06, 1.65466826729e-06, 1.60450827025e-06, 1.04683545032e-06, 7.25152347059e-07, 7.18946807865e-07, 8.06030300282e-07, 1.34622496262e-06, 2.20459560296e-06, 1.94469498638e-06, 1.17259446597e-06, 1.43661372931e-06, 1.15144598567e-06, 1.32803540964e-06, 1.07757546175e-06],
        "dmean2": [0.00326521089301, 0.00158102565911, 0.000267175433692, 0.00082859036047, 0.000562044791877, 0.000237123458646, 0.000308042450342, 0.000332321971655, 0.000176828951226, 0.000188704347238, 0.000139394935104, 6.73526519677e-05, 3.0714636523e-05, 3.49823385477e-05, 2.65973212663e-05, 2.93465727736e-05, 2.10773541767e-05, 3.41576669598e-05, 1.95244938368e-05, 1.1640790035e-05, 8.54535664985e-06, 1.78121790668e-05, 1.32924442369e-05, 1.17101799333e-05, 7.74386899138e-06, 3.76501611754e-06, 2.73643127002e-06, 2.67647214969e-06, 1.70554073975e-06, 1.11717781692e-06, 1.10696078082e-06, 1.23143627206e-06, 2.18560558096e-06, 3.65390519619e-06, 3.31003366227e-06, 1.91197568711e-06, 2.31186913879e-06, 1.89411332485e-06, 2.23583242587e-06, 1.85554893051e-06],
        "dvar": [4.15463364334e-05, 1.13760388558e-05, 1.23631977544e-07, 2.3193774723e-06, 1.09131133286e-06, 1.4607540777e-07, 2.36545957932e-07, 3.60232149887e-07, 1.29863920506e-07, 1.65933784047e-07, 7.03407465608e-08, 1.76289205456e-08, 3.38294681157e-09, 6.94563295767e-09, 4.72746020108e-09, 3.82450293657e-09, 2.07410533193e-09, 7.70810792972e-09, 2.05277350673e-09, 1.09896791667e-09, 3.43989947638e-10, 1.38261835314e-09, 5.73901592915e-10, 5.63658619779e-10, 3.18596787841e-10, 7.3581536697e-11, 2.91649551731e-11, 2.56267611298e-11, 1.20249227242e-11, 6.67970323151e-12, 5.89839765572e-12, 6.38330100583e-12, 2.59867179858e-11, 7.25362686582e-11, 6.65955207646e-11, 2.13668978344e-11, 3.54854375051e-11, 2.04455202768e-11, 2.85443023385e-11, 1.64959296223e-11],
        "dvar2": [9.40011741477e-05, 2.72702236543e-05, 2.63314234417e-07, 5.18998331245e-06, 2.16299486056e-06, 3.55352256065e-07, 5.40297776297e-07, 9.1014641157e-07, 2.7096311328e-07, 3.49636081864e-07, 1.42455249375e-07, 2.72561884174e-08, 6.80485268134e-09, 1.70566529789e-08, 1.09940589965e-08, 8.82603767849e-09, 4.76311168285e-09, 1.75172623074e-08, 3.57486973357e-09, 2.65641642017e-09, 7.28317239851e-10, 3.96737265262e-09, 1.52036538914e-09, 1.55801616053e-09, 9.20577558627e-10, 2.12082643114e-10, 7.68078656233e-11, 6.62409085916e-11, 3.17055548482e-11, 1.6403387329e-11, 1.40055475897e-11, 1.51505162582e-11, 6.56630236295e-11, 1.95608793052e-10, 1.83899923067e-10, 5.77113322409e-11, 9.22053544627e-11, 5.49674333827e-11, 7.78628897469e-11, 4.5677555488e-11],
        "max": [0.0725555121899, 0.0407148040831, 0.00396311795339, 0.0178427156061, 0.0117669561878, 0.00355865247548, 0.00679278001189, 0.011158821173, 0.00613299570978, 0.00651246029884, 0.0038624543231, 0.0020092385821, 0.00093467120314, 0.00162144668866, 0.00123687426094, 0.00107830041088, 0.000745919358451, 0.00165891204961, 0.000894689757843, 0.000794949242845, 0.000424409750849, 0.000459038739791, 0.000246731826337, 0.000268609612249, 0.000150755920913, 8.10088386061e-05, 6.06994981354e-05, 5.40770124644e-05, 3.71854439436e-05, 2.39533328568e-05, 2.43004906224e-05, 3.38381069014e-05, 8.74615943758e-05, 8.87828718987e-05, 7.83956566011e-05, 5.85002344451e-05, 9.98745163088e-05, 6.43679595669e-05, 5.11333964823e-05, 3.41772756656e-05],
        "mean": [0.00400456087664, 0.00267476798035, 0.000447753234766, 0.000884063076228, 0.000625640794169, 0.000255353603279, 0.000358191115083, 0.00033571413951, 0.000233086146181, 0.000218578410568, 0.000181504627108, 9.70117253019e-05, 4.32649612776e-05, 3.98759511882e-05, 2.87474522338e-05, 3.53104696842e-05, 2.41202978941e-05, 3.36565317411e-05, 2.0427556592e-05, 1.04373611975e-05, 8.70204257808e-06, 1.24305579448e-05, 1.13293390314e-05, 7.43458122088e-06, 3.36275547852e-06, 1.71928070358e-06, 1.99612736651e-06, 1.91002413885e-06, 1.09019856609e-06, 6.95821995578e-07, 7.1819238201e-07, 7.87991211837e-07, 1.41695250022e-06, 2.02177852771e-06, 1.59880175943e-06, 1.10305177259e-06, 1.45413105201e-06, 1.06878235329e-06, 1.13865826279e-06, 9.16159763165e-07],
        "median": [4.99664906783e-07, 4.5951554057e-05, 0.000214262021473, 0.000246631359914, 0.000149012397742, 8.67051494424e-05, 0.000108332329546, 7.33568958822e-05, 4.76834684378e-05, 3.4194534237e-05, 2.65286289505e-05, 1.41966811498e-05, 4.40100211563e-06, 7.82805159361e-07, 9.92073637462e-07, 3.20476061688e-07, 2.06396535418e-07, 7.2295968323e-08, 8.52645882787e-08, 3.26425926289e-08, 2.31737811163e-08, 1.17346781181e-08, 5.68153479819e-09, 8.48663628261e-09, 1.23103562899e-08, 1.00794146363e-08, 9.75756186961e-09, 3.07129011112e-09, 3.9539851393e-09, 9.82100956115e-10, 7.0471306568e-10, 4.03605454613e-10, 1.29275590233e-10, 1.35569028226e-10, 8.70833544164e-11, 4.24656421139e-11, 5.38811668893e-11, 2.22874860928e-11, 2.78877667487e-11, 1.42276667878e-11],
        "min": [3.69466830936e-24, 1.39141937036e-23, 7.2680902753e-24, 1.22626455564e-23, 1.16981319595e-23, 1.22624246754e-23, 9.56657930649e-24, 7.19864053893e-24, 9.74156601021e-24, 1.47338454276e-23, 1.28741973514e-23, 3.65104390687e-24, 6.54149850007e-24, 1.0620144855e-23, 1.34954647573e-23, 1.45237433696e-23, 1.25439730768e-23, 1.45376146997e-23, 7.84152115592e-24, 9.56933479763e-24, 2.12023565446e-23, 8.32845580486e-24, 8.63396427851e-24, 8.31317714684e-24, 6.74976606208e-24, 1.07087654891e-23, 1.46714670404e-23, 1.36890165136e-23, 6.82385745602e-24, 7.43270740242e-24, 1.26110309869e-23, 1.83816502716e-23, 1.35840065053e-23, 1.07014519597e-23, 8.48312224052e-24, 7.93092197344e-24, 1.3618473416e-23, 1.00721444834e-23, 9.44092086403e-24, 1.27350462321e-23],
        "stdev": [0.0103257996961, 0.00577764911577, 0.000605137785897, 0.00194698374253, 0.00140463840216, 0.000449415383628, 0.000655186828226, 0.000737790076528, 0.00061584362993, 0.000620448205154, 0.000426542392233, 0.000239916262217, 0.000102703968878, 0.000121062948892, 9.50344037847e-05, 9.72415946308e-05, 6.72788955853e-05, 0.000113590969704, 7.04338817741e-05, 3.77946671506e-05, 2.52847639786e-05, 3.56841155735e-05, 2.96696689475e-05, 2.2504473236e-05, 1.39985631904e-05, 6.76954550727e-06, 5.55882206754e-06, 5.48913658349e-06, 3.41625309375e-06, 2.51492610914e-06, 2.46950503424e-06, 2.57359670286e-06, 4.99826319356e-06, 7.64091328165e-06, 6.75276442053e-06, 4.13985617342e-06, 5.76824686505e-06, 4.21459799327e-06, 4.5809074436e-06, 3.47626451003e-06],
        "var": [0.000106622144813, 3.33812276949e-05, 3.66191727608e-07, 3.79074549528e-06, 1.97300892069e-06, 2.01974174274e-07, 4.29269761071e-07, 5.44334170627e-07, 3.79263383365e-07, 3.84955995969e-07, 1.81938403898e-07, 5.7559812916e-08, 1.0548104612e-08, 1.4656238001e-08, 9.03153818399e-09, 9.45592759649e-09, 4.52644943749e-09, 1.29029089635e-08, 4.96093166547e-09, 1.42843681328e-09, 6.39319319706e-10, 1.27335608724e-09, 8.80289230398e-10, 5.06451325322e-10, 1.95959776184e-10, 4.58267451764e-11, 3.09005043775e-11, 3.01306202211e-11, 1.16707849981e-11, 6.32485296775e-12, 6.09845550795e-12, 6.62339974533e-12, 2.49826357518e-11, 5.8383554935e-11, 4.55998259985e-11, 1.71384087477e-11, 3.32726728114e-11, 1.77628380754e-11, 2.09847139665e-11, 1.20844141985e-11]
    },
    "melbands128": {
