{
"lowlevel": {
    "average_loudness": 0.982681453228,
    "barkbands_crest": {
        "dmean": 3.24589085579,
        "dmean2": 5.03758764267,
        "dvar": 10.1299066544,
        "dvar2": 21.6758155823,
        "max": 25.1916351318,
        "mean": 13.9684858322,
        "median": 13.7734489441,
        "min": 3.04097223282,
        "stdev": 5.15846776962,
        "var": 26.6097888947
    },
    "barkbands_flatness_db": {
        "dmean": 0.0306989010423,
        "dmean2": 0.041117567569,
        "dvar": 0.000770832644776,
        "dvar2": 0.00141232134774,
        "max": 0.409809231758,
        "mean": 0.186604872346,
        "median": 0.179667338729,
        "min": 0.0345487818122,
        "stdev": 0.067213460803,
        "var": 0.0045176493004
    },
    "barkbands_kurtosis": {
        "dmean": 11.2008905411,
        "dmean2": 15.5194339752,
        "dvar": 657.986938477,
        "dvar2": 1291.79504395,
        "max": 451.325683594,
        "mean": 16.3608818054,
        "median": 3.55543088913,
        "min": -1.94317090511,
        "stdev": 38.3840904236,
        "var": 1473.33850098
    },
    "barkbands_skewness": {
        "dmean": 1.07383358479,
        "dmean2": 1.45076608658,
        "dvar": 1.38787591457,
        "dvar2": 2.42962861061,
        "max": 18.1277198792,
        "mean": 2.63884115219,
        "median": 1.97986793518,
        "min": -1.14206957817,
        "stdev": 2.60849165916,
        "var": 6.80422830582
    },
    "barkbands_spread": {
        "dmean": 8.48294067383,
        "dmean2": 12.2314004898,
        "dvar": 158.944793701,
        "dvar2": 298.352264404,
        "max": 122.935150146,
        "mean": 22.5727272034,
        "median": 17.5099716187,
        "min": 0.450607270002,
        "stdev": 20.3729228973,
        "var": 415.055969238
    },
    "dissonance": {
        "dmean": 0.0207362491637,
        "dmean2": 0.0342186763883,
        "dvar": 0.000493937986903,
        "dvar2": 0.00124081689864,
        "max": 0.499976962805,
        "mean": 0.46344679594,
        "median": 0.472000062466,
        "min": 0.23469042778,
        "stdev": 0.0318048372865,
        "var": 0.00101154763252
    },
    "dynamic_complexity": 2.90239787102,
    "erbbands_crest": {
        "dmean": 3.5706949234,
        "dmean2": 5.6898765564,
        "dvar": 11.2621145248,
        "dvar2": 25.4335746765,
        "max": 31.2000007629,
        "mean": 11.2218761444,
        "median": 9.60052108765,
        "min": 2.44422650337,
        "stdev": 5.53312730789,
        "var": 30.6154956818
    },
    "erbbands_flatness_db": {
        "dmean": 0.0203652530909,
        "dmean2": 0.0293018631637,
        "dvar": 0.000337628240231,
        "dvar2": 0.000676678493619,
        "max": 0.298652201891,
        "mean": 0.158634990454,
        "median": 0.154810994864,
        "min": 0.0536524131894,
        "stdev": 0.0421228632331,
        "var": 0.00177433562931
    },
    "erbbands_kurtosis": {
        "dmean": 1.61599969864,
        "dmean2": 2.53869509697,
        "dvar": 4.9156460762,
        "dvar2": 11.19789505,
        "max": 24.3854789734,
        "mean": 1.10310471058,
        "median": -0.0850055217743,
        "min": -1.78744769096,
        "stdev": 3.26811170578,
        "var": 10.68055439
    },
    "erbbands_skewness": {
        "dmean": 0.5442045331,
        "dmean2": 0.815922141075,
        "dvar": 0.295293778181,
        "dvar2": 0.586817920208,
        "max": 4.63301181793,
        "mean": 0.00939799100161,
        "median": 0.0123775275424,
        "min": -3.41900014877,
        "stdev": 0.998183190823,
        "var": 0.996369719505
    },
    "erbbands_spread": {
        "dmean": 14.1234273911,
        "dmean2": 21.3524684906,
        "dvar": 240.260177612,
        "dvar2": 515.358093262,
        "max": 180.442153931,
        "mean": 46.3849563599,
        "median": 43.036365509,
        "min": 4.53183174133,
        "stdev": 27.1765899658,
        "var": 738.567016602
    },
    "hfc": {
        "dmean": 6.76940488815,
        "dmean2": 9.15453147888,
        "dvar": 128.299438477,
        "dvar2": 233.313201904,
        "max": 128.093612671,
        "mean": 14.9988183975,
        "median": 9.25270175934,
        "min": 4.83336407342e-05,
        "stdev": 17.9366321564,
        "var": 321.722747803
    },
    "loudness_ebu128": {
        "integrated": -9.65705299377,
        "loudness_range": 1.15244960785,
        "momentary": {
            "dmean": 0.852616846561,
            "dmean2": 1.23385035992,
            "dvar": 0.583546340466,
            "dvar2": 0.840733170509,
            "max": -6.97110939026,
            "mean": -9.87185382843,
            "median": -9.66549110413,
            "min": -14.1262321472,
            "stdev": 1.40937960148,
            "var": 1.98635089397
        },
        "short_term": {
            "dmean": 0.102169647813,
            "dmean2": 0.120522938669,
            "dvar": 0.00512954546139,
            "dvar2": 0.00769826723263,
            "max": -8.72990036011,
            "mean": -9.64095211029,
            "median": -9.62811565399,
            "min": -10.5788297653,
            "stdev": 0.388763159513,
            "var": 0.151136785746
        }
    },
    "melbands_crest": {
        "dmean": 3.68036055565,
        "dmean2": 5.27207517624,
        "dvar": 12.1005735397,
        "dvar2": 24.2019882202,
        "max": 36.8839569092,
        "mean": 18.8577022552,
        "median": 17.7013092041,
        "min": 2.85955095291,
        "stdev": 7.29704046249,
        "var": 53.246799469
    },
    "melbands_flatness_db": {
        "dmean": 0.0381668992341,
        "dmean2": 0.0499265380204,
        "dvar": 0.00123094441369,
        "dvar2": 0.00223642238416,
        "max": 0.523054003716,
        "mean": 0.264526873827,
        "median": 0.257480293512,
        "min": 0.0336844362319,
        "stdev": 0.0877185836434,
        "var": 0.00769454985857
    },
    "melbands_kurtosis": {
        "dmean": 28.9076766968,
        "dmean2": 39.4402732849,
        "dvar": 3721.68798828,
        "dvar2": 6618.11523438,
        "max": 1099.28051758,
        "mean": 48.58543396,
        "median": 14.99467659,
        "min": -1.49138247967,
        "stdev": 98.569694519,
        "var": 9715.984375
    },
    "melbands_skewness": {
        "dmean": 1.4696393013,
        "dmean2": 2.03923463821,
        "dvar": 2.81787896156,
        "dvar2": 4.5472946167,
        "max": 25.122461319,
        "mean": 4.50015640259,
        "median": 3.48017096519,
        "min": -0.636129975319,
        "stdev": 3.72317504883,
        "var": 13.8620319366
    },
    "melbands_spread": {
        "dmean": 9.59959888458,
        "dmean2": 14.0626544952,
        "dvar": 219.738021851,
        "dvar2": 428.722442627,
        "max": 189.902801514,
        "mean": 20.7613525391,
        "median": 14.0552463531,
        "min": 0.331961393356,
        "stdev": 21.1507549286,
        "var": 447.354400635
    },
    "pitch_salience": {
        "dmean": 0.0761238709092,
        "dmean2": 0.114834502339,
        "dvar": 0.00526443496346,
        "dvar2": 0.0116321779788,
        "max": 0.801980018616,
        "mean": 0.413625329733,
        "median": 0.414974302053,
        "min": 0.0470907501876,
        "stdev": 0.12994427979,
        "var": 0.0168855153024
    },
    "silence_rate_20dB": {
        "dmean": 0,
        "dmean2": 0,
        "dvar": 0,
        "dvar2": 0,
        "max": 1,
        "mean": 1,
        "median": 1,
        "min": 1,
        "stdev": 0,
        "var": 0
    },
    "silence_rate_30dB": {
        "dmean": 0.0386996902525,
        "dmean2": 0.0774593353271,
        "dvar": 0.0372022800148,
        "dvar2": 0.096245482564,
        "max": 1,
        "mean": 0.97138440609,
        "median": 1,
        "min": 0,
        "stdev": 0.166723877192,
        "var": 0.0277968496084
    },
    "silence_rate_60dB": {
        "dmean": 0.0131578948349,
        "dmean2": 0.0255615804344,
        "dvar": 0.0129850655794,
        "dvar2": 0.0280069690198,
        "max": 1,
        "mean": 0.0185614842921,
        "median": 0,
        "min": 0,
        "stdev": 0.134971708059,
        "var": 0.0182173606008
    },
    "spectral_centroid": {
        "dmean": 411.993774414,
        "dmean2": 626.942138672,
        "dvar": 245969.0625,
        "dvar2": 479216.1875,
        "max": 6508.42724609,
        "mean": 1401.99291992,
        "median": 1249.94042969,
        "min": 282.153106689,
        "stdev": 767.230407715,
        "var": 588642.5
    },
    "spectral_complexity": {
        "dmean": 3.90170288086,
        "dmean2": 5.34391927719,
        "dvar": 30.4584980011,
        "dvar2": 47.70054245,
        "max": 61,
        "mean": 12.9033260345,
        "median": 9,
        "min": 0,
        "stdev": 11.9302072525,
        "var": 142.329833984
    },
    "spectral_decrease": {
        "dmean": 3.32134875158e-09,
        "dmean2": 4.50888171244e-09,
        "dvar": 2.18928420343e-17,
        "dvar2": 3.89116083359e-17,
        "max": -2.29535052803e-14,
        "mean": -7.75433139921e-09,
        "median": -4.23523616178e-09,
        "min": -3.85089293786e-08,
        "stdev": 7.94874388532e-09,
        "var": 6.31825234937e-17
    },
    "spectral_energy": {
        "dmean": 0.0128113878891,
        "dmean2": 0.0174068454653,
        "dvar": 0.000314283446642,
        "dvar2": 0.000558180559892,
        "max": 0.146119073033,
        "mean": 0.0306271072477,
        "median": 0.0172835178673,
        "min": 9.101577092e-08,
        "stdev": 0.0303322616965,
        "var": 0.000920046120882
    },
    "spectral_energyband_high": {
        "dmean": 0.00042234378634,
        "dmean2": 0.000592923548538,
        "dvar": 8.65887727741e-07,
        "dvar2": 1.56851240263e-06,
        "max": 0.01124039758,
        "mean": 0.000696320610587,
        "median": 0.000210604994209,
        "min": 3.9402636709e-09,
        "stdev": 0.00134786358103,
        "var": 1.81673613042e-06
    },
    "spectral_energyband_low": {
        "dmean": 0.00923911295831,
        "dmean2": 0.0119221871719,
        "dvar": 0.00029714097036,
        "dvar2": 0.000502446608152,
        "max": 0.145482882857,
        "mean": 0.0198411494493,
        "median": 0.00681277085096,
        "min": 5.76624081816e-08,
        "stdev": 0.0295398700982,
        "var": 0.000872603908647
    },
    "spectral_energyband_middle_high": {
        "dmean": 0.0016527378466,
        "dmean2": 0.00250355713069,
        "dvar": 1.29084637592e-05,
        "dvar2": 2.50100893027e-05,
        "max": 0.0346757173538,
        "mean": 0.00344649003819,
        "median": 0.00153961079195,
        "min": 9.8254009373e-09,
        "stdev": 0.00523388432339,
        "var": 2.73935438599e-05
    },
    "spectral_energyband_middle_low": {
        "dmean": 0.00486713647842,
        "dmean2": 0.0076819867827,
        "dvar": 7.68469180912e-05,
        "dvar2": 0.000187922443729,
        "max": 0.0624659433961,
        "mean": 0.00699776923284,
        "median": 0.00345907034352,
        "min": 6.34422026025e-09,
        "stdev": 0.0101247150451,
        "var": 0.000102509846329
    },
    "spectral_entropy": {
        "dmean": 0.21343319118,
        "dmean2": 0.306463629007,
        "dvar": 0.0508445836604,
        "dvar2": 0.101635567844,
        "max": 8.82465553284,
        "mean": 7.51674509048,
        "median": 7.50112724304,
        "min": 6.09250402451,
        "stdev": 0.425953567028,
        "var": 0.181436449289
    },
    "spectral_flux": {
        "dmean": 0.0343036428094,
        "dmean2": 0.0522143058479,
        "dvar": 0.0014105347218,
        "dvar2": 0.00271590892226,
        "max": 0.303430646658,
        "mean": 0.0864925011992,
        "median": 0.0723593384027,
        "min": 0.000301688211039,
        "stdev": 0.0568436868489,
        "var": 0.00323120458052
    },
    "spectral_kurtosis": {
        "dmean": 1.56854259968,
        "dmean2": 2.40887022018,
        "dvar": 2.34730839729,
        "dvar2": 6.1038775444,
        "max": 16.9165210724,
        "mean": 3.99918532372,
        "median": 3.85239315033,
        "min": -1.61680901051,
        "stdev": 2.46023440361,
        "var": 6.05275297165
    },
    "spectral_rms": {
        "dmean": 0.00104757037479,
        "dmean2": 0.00137417577207,
        "dvar": 1.52697782596e-06,
        "dvar2": 2.4872965696e-06,
        "max": 0.0119396476075,
        "mean": 0.00490173744038,
        "median": 0.00410633254796,
        "min": 9.42315637076e-06,
        "stdev": 0.00241931132041,
        "var": 5.85306725043e-06
    },
    "spectral_rolloff": {
        "dmean": 680.863952637,
        "dmean2": 1145.4140625,
        "dvar": 2337138.25,
        "dvar2": 4755655,
        "max": 12101.6601562,
        "mean": 1303.26745605,
        "median": 602.9296875,
        "min": 64.599609375,
        "stdev": 1997.09277344,
        "var": 3988379.75
    },
    "spectral_skewness": {
        "dmean": 0.273214370012,
        "dmean2": 0.409071981907,
        "dvar": 0.073448754847,
        "dvar2": 0.165546894073,
        "max": 3.31083869934,
        "mean": 1.43705201149,
        "median": 1.47124671936,
        "min": -0.305765479803,
        "stdev": 0.462687641382,
        "var": 0.214079841971
    },
    "spectral_spread": {
        "dmean": 849125.125,
        "dmean2": 1114286.25,
        "dvar": 1.57583343616e+12,
        "dvar2": 2.40505821594e+12,
        "max": 19886664,
        "mean": 5054971,
        "median": 4327899,
        "min": 2340046,
        "stdev": 2451170,
        "var": 6.00823457382e+12
    },
    "spectral_strongpeak": {
        "dmean": 0.326929211617,
        "dmean2": 0.539037048817,
        "dvar": 0.255553126335,
        "dvar2": 0.622383654118,
        "max": 5.30175352097,
        "mean": 0.587477505207,
        "median": 0.339044421911,
        "min": 0,
        "stdev": 0.658749818802,
        "var": 0.433951318264
    },
    "zerocrossingrate": {
        "dmean": 0.0150966588408,
        "dmean2": 0.015737708658,
        "dvar": 0.000478464207845,
        "dvar2": 0.000478055619169,
        "max": 0.3505859375,
        "mean": 0.0509009584785,
        "median": 0.0390625,
        "min": 0.00048828125,
        "stdev": 0.0452134534717,
        "var": 0.00204425631091
    },
    "barkbands": {
        "dmean": [0.00109330390114, 0.00799473654479, 0.00226168893278, 0.000591869582422, 0.0033820560202, 0.000662381469738, 0.000268390838755, 0.000424084690167, 0.000461485469714, 0.000347454217263, 0.000227733573411, 0.000217730135773, 0.000205447620829, 0.000238993467065, 0.000189021870028, 0.000256397324847, 0.000352356000803, 0.000256892875768, 0.000173474167241, 0.00013402440527, 8.82440144778e-05, 4.71942221338e-05, 3.66630483768e-05, 9.94129222818e-05, 0.000128608066007, 2.43555132329e-05, 8.84327391759e-07],
        "dmean2": [0.00127552775666, 0.0107558490708, 0.00408902252093, 0.00103864062112, 0.00540228607133, 0.00102131569292, 0.00044330189121, 0.000677086529322, 0.00066761020571, 0.000556451384909, 0.000375545612769, 0.000346134213032, 0.000309532333631, 0.000402617646614, 0.000300037820125, 0.000394824804971, 0.000558421306778, 0.000381058111088, 0.000247601157753, 0.000203092829906, 0.000134792877361, 7.14979469194e-05, 5.2086506912e-05, 0.000145183774293, 0.000173689928488, 3.43087340298e-05, 1.4914098756e-06],
        "dvar": [5.32631429451e-06, 0.000245530245593, 3.96298819396e-05, 2.228385938e-06, 7.0457586844e-05, 2.45903856921e-06, 4.56372077906e-07, 1.16261662697e-06, 1.71357407908e-06, 1.47202808876e-06, 7.23487858068e-07, 4.74262066064e-07, 1.18365548474e-07, 4.84901988784e-07, 2.40214717451e-07, 3.91850761616e-07, 9.21911691876e-07, 4.10193223388e-07, 2.07843697808e-07, 6.09781594108e-08, 2.70948010694e-08, 1.41461633518e-08, 1.08994075987e-08, 1.54562485477e-07, 1.80446434683e-07, 1.86832931348e-08, 9.57330915929e-12],
        "dvar2": [6.36083723293e-06, 0.000457413931144, 0.000115248694783, 6.14761711404e-06, 0.000176094399649, 5.26940766576e-06, 1.19437697776e-06, 2.88357909994e-06, 3.50841264662e-06, 3.23134599967e-06, 2.09945028473e-06, 1.25256894989e-06, 2.69723301471e-07, 1.3178151903e-06, 5.70513918774e-07, 9.6971189123e-07, 1.81755729045e-06, 8.30942155972e-07, 4.77662865705e-07, 1.28778978592e-07, 5.22681169457e-08, 2.8330868318e-08, 2.02169694319e-08, 3.53699107336e-07, 3.29341389715e-07, 3.6178700924e-08, 2.42671230333e-11],
        "max": [0.0191947575659, 0.129148066044, 0.0540920421481, 0.0140053797513, 0.0565475784242, 0.0220892615616, 0.00959335826337, 0.0159121230245, 0.0216792766005, 0.0253738220781, 0.0192854814231, 0.0117618422955, 0.00433524092659, 0.00618663243949, 0.00580612150952, 0.00640687718987, 0.0113375727087, 0.00704550137743, 0.00576584925875, 0.00298445299268, 0.0021050227806, 0.00266245473176, 0.00220706686378, 0.00760563882068, 0.00638018595055, 0.00350369350053, 4.88626901642e-05],
        "mean": [0.00187162286602, 0.0152614573017, 0.00244702189229, 0.000574000820052, 0.00389272812754, 0.00100722361822, 0.000295498699415, 0.000503475253936, 0.000567232258618, 0.000621944433078, 0.000283798959572, 0.000287024711724, 0.000341694918461, 0.000266526534688, 0.000246600364335, 0.000328261899995, 0.000458918744698, 0.000347095163306, 0.000226518808631, 0.000218390705413, 0.000143362558447, 6.51394075248e-05, 5.20775938639e-05, 0.000123619334772, 0.000164825178217, 3.02502412524e-05, 7.79613685609e-07],
        "median": [0.000389074382838, 0.00496005965397, 0.00103140890133, 0.000129504231154, 0.000413436238887, 0.00027501504519, 0.000104952916445, 4.71776547784e-05, 5.92336691625e-05, 5.20005996805e-05, 5.16071268066e-05, 6.82671234244e-05, 0.000109044842247, 5.69494804949e-05, 5.98612095928e-05, 5.3657204262e-05, 4.82774084958e-05, 9.97837632895e-05, 7.46494770283e-05, 4.85796044813e-05, 4.05551909353e-05, 1.09481088657e-05, 1.41613927553e-05, 1.71690080606e-05, 1.54201079567e-05, 2.54857286563e-06, 5.94297020484e-08],
        "min": [3.02073992486e-08, 3.18171089475e-08, 9.03372487926e-09, 3.06540925976e-09, 1.15529763534e-09, 7.60166152247e-10, 1.1425314167e-10, 2.62015908969e-10, 8.09954492365e-10, 4.82068218677e-10, 1.09283437855e-09, 1.21586540835e-09, 7.59170781794e-10, 6.47619013971e-10, 3.64588553792e-10, 3.63151481109e-10, 5.51227063994e-10, 3.6688535543e-10, 3.59170315711e-09, 1.70849068226e-09, 1.32870847658e-09, 1.01925123897e-09, 1.75108150202e-10, 5.66444356698e-11, 2.80981921758e-11, 1.73319119473e-11, 6.16767108306e-13],
        "stdev": [0.00378967262805, 0.0243628174067, 0.00510336551815, 0.0013507201802, 0.00898780114949, 0.00199610786512, 0.000637331162579, 0.00125841365661, 0.00164834456518, 0.00203740992583, 0.00100888614543, 0.0007632994093, 0.000531969883014, 0.000684963539243, 0.000543000758626, 0.000739787355997, 0.00117344851606, 0.000779217574745, 0.00052969052922, 0.000399303360609, 0.000255927909166, 0.00016137700004, 0.000132414876134, 0.00044617507956, 0.000572008080781, 0.000165508827195, 2.97149767903e-06],
        "var": [1.43616180139e-05, 0.000593546894379, 2.60443375737e-05, 1.8244451212e-06, 8.07805627119e-05, 3.98444626626e-06, 4.06191020375e-07, 1.58360478508e-06, 2.71703970611e-06, 4.15103886553e-06, 1.01785121842e-06, 5.82625943935e-07, 2.82991976519e-07, 4.69175034823e-07, 2.94849854754e-07, 5.47285310404e-07, 1.37698134495e-06, 6.07180027146e-07, 2.80572038491e-07, 1.59443175107e-07, 6.54990941484e-08, 2.60425352394e-08, 1.75337007136e-08, 1.99072204055e-07, 3.27193248495e-07, 2.7393172175e-08, 8.82979887123e-12]
    },
    "erbbands": {
        "dmean": [0.40076944232, 1.48083496094, 2.5336997509, 2.15681123734, 4.00510597229, 18.4121856689, 6.18309020996, 5.74655437469, 2.90728902817, 6.40190601349, 9.41574573517, 9.57366085052, 10.3460826874, 10.1032094955, 8.34861278534, 8.25705242157, 8.43805980682, 9.04579734802, 11.6907806396, 8.68989562988, 16.4693984985, 19.7905769348, 14.3216896057, 10.1619472504, 7.42186832428, 6.72697496414, 4.69452381134, 2.67010784149, 1.81385445595, 1.03889942169, 1.11129271984, 1.1203161478, 2.17210745811, 1.8079791069, 0.742464065552, 0.179284527898, 0.0300702340901, 0.00341517198831, 9.79153774097e-05, 1.75583300006e-05],
        "dmean2": [0.447919666767, 2.34071278572, 4.47527694702, 3.77438044548, 6.93663311005, 29.1917095184, 9.60050582886, 8.82811450958, 4.81764316559, 10.4131736755, 14.6062316895, 14.1091814041, 15.2611103058, 15.9300279617, 13.1181001663, 13.3418102264, 12.5789432526, 14.396985054, 19.5055294037, 13.7129192352, 25.4826221466, 31.1042861938, 22.3864479065, 14.6700515747, 10.0501718521, 10.2699699402, 7.18210363388, 4.00286436081, 2.73400330544, 1.48214828968, 1.5999853611, 1.57050430775, 3.22796940804, 2.51100468636, 1.02622902393, 0.252335637808, 0.0425946749747, 0.00523697026074, 0.000145816899021, 2.37895601458e-05],
        "dvar": [0.613197803497, 10.0036153793, 47.7789878845, 33.3345336914, 64.1051101685, 2286.20019531, 141.056472778, 254.314437866, 43.5659294128, 339.972198486, 651.89251709, 688.672119141, 1119.22705078, 1864.40112305, 636.716918945, 522.530944824, 197.791046143, 454.445617676, 1127.9822998, 399.305328369, 2083.43188477, 3273.32861328, 1613.08239746, 760.377197266, 325.918121338, 158.493362427, 67.0821914673, 30.7872524261, 22.0791721344, 7.53421449661, 11.2760839462, 11.1626033783, 82.2687988281, 32.7970161438, 7.29293394089, 0.814530313015, 0.0380286090076, 0.000309200113406, 1.73825114302e-07, 7.00999758241e-10],
        "dvar2": [0.816206932068, 24.9279136658, 134.484710693, 92.4453353882, 168.850128174, 5624.07275391, 333.063781738, 540.388549805, 109.684585571, 891.648498535, 1537.6796875, 1363.80786133, 2569.24389648, 4474.92333984, 1602.12817383, 1417.72070312, 439.877990723, 1173.67358398, 2938.54541016, 865.611633301, 5281.81396484, 6305.82275391, 3136.31933594, 1814.5736084, 698.372802734, 343.598022461, 144.777236938, 61.9190368652, 45.2067680359, 15.7500696182, 20.8894271851, 22.5385608673, 183.561080933, 63.3361320496, 14.233247757, 1.47965621948, 0.0783733054996, 0.000710188585799, 3.94763645772e-07, 1.30422506128e-09],
        "max": [7.26992416382, 27.8226108551, 64.4365692139, 48.1971359253, 48.6381340027, 322.29296875, 139.282119751, 257.239044189, 138.924926758, 167.186706543, 449.487091064, 386.558197021, 568.270324707, 980.389953613, 504.851654053, 388.866149902, 228.627151489, 192.08605957, 345.203063965, 216.252914429, 479.477752686, 618.822021484, 431.900878906, 288.441802979, 240.712905884, 129.609329224, 92.1947174072, 102.512825012, 100.525909424, 56.3219146729, 63.2794113159, 60.9281616211, 174.484039307, 69.3787689209, 39.3817520142, 20.3316459656, 5.5651473999, 0.497362941504, 0.0106241209432, 0.000509764009621],
        "mean": [0.697106480598, 2.34419775009, 3.1515827179, 2.42618918419, 3.70062875748, 21.3588371277, 10.1014986038, 8.19135379791, 3.99839806557, 6.78305149078, 12.2455997467, 12.7347688675, 16.1102905273, 18.9335384369, 12.4724531174, 12.5629558563, 14.5405759811, 12.7062444687, 14.6529130936, 13.6000776291, 20.2144470215, 26.6210536957, 21.0127162933, 13.4352798462, 10.5865879059, 10.4473924637, 7.82877445221, 4.13974761963, 2.50140213966, 1.55053365231, 1.55067884922, 1.54102516174, 2.71858739853, 2.22504067421, 0.947776734829, 0.231725051999, 0.0375902280211, 0.00375817576423, 0.000121454977489, 4.13814959757e-05],
        "median": [0.160685375333, 0.990906119347, 1.68561434746, 0.769518435001, 0.873512983322, 1.38730049133, 3.12769508362, 1.85546219349, 1.89396154881, 1.31955039501, 1.63106656075, 1.78648984432, 2.00522589684, 2.17319321632, 2.75638651848, 4.65255260468, 5.37857341766, 3.5040564537, 3.93721294403, 3.04526257515, 3.24197459221, 2.92972064018, 4.78576231003, 4.84874725342, 3.0261888504, 2.22550582886, 2.59788179398, 0.999337136745, 0.404409855604, 0.423173367977, 0.394021958113, 0.334175229073, 0.302590817213, 0.212920129299, 0.0906824842095, 0.0225308462977, 0.00315100816078, 0.000468658196041, 3.00916017295e-05, 2.33427781495e-05],
        "min": [1.37433539749e-06, 5.59200316275e-06, 1.09016755232e-05, 1.1146579709e-05, 6.35214382783e-06, 3.08208905153e-06, 4.8188708206e-06, 6.26920882496e-06, 2.95958716379e-06, 1.61940852195e-06, 8.83004940988e-06, 1.79772014235e-05, 1.75771601789e-05, 2.31736357819e-05, 4.98710141983e-05, 4.92161634611e-05, 3.41218910762e-05, 4.33308559877e-05, 1.27844505187e-05, 2.61962832155e-05, 1.76394460141e-05, 3.33776770276e-05, 2.54597944149e-05, 8.79079598235e-05, 0.000169778388226, 8.9729706815e-05, 7.15916103218e-05, 3.96143077523e-05, 2.98910581478e-05, 3.07042937493e-05, 3.18524280374e-06, 1.70276791778e-06, 5.84501719914e-07, 3.08690800921e-07, 1.97670573243e-07, 7.8697539152e-08, 2.96881292883e-08, 1.07298969709e-08, 2.46425724271e-09, 3.45970946336e-10],
        "stdev": [1.30775237083, 3.62820482254, 5.79627275467, 5.17798709869, 7.3907585144, 52.0029678345, 16.0591850281, 19.3196239471, 7.22056865692, 17.4946956635, 32.439704895, 34.8449783325, 50.0227851868, 71.6203384399, 32.8559761047, 26.3263702393, 22.1738643646, 25.028465271, 34.07371521, 25.9262104034, 49.0438919067, 69.9131774902, 48.6230812073, 30.3424987793, 23.3582897186, 19.3901519775, 12.6548776627, 8.38693523407, 6.27689599991, 3.43685078621, 4.25274324417, 4.14862442017, 10.5526943207, 7.45200777054, 3.48288083076, 1.12462520599, 0.232799202204, 0.0189158264548, 0.000461139250547, 4.24316967838e-05],
        "var": [1.71021616459, 13.1638708115, 33.5967788696, 26.8115520477, 54.6233100891, 2704.30859375, 257.89743042, 373.24786377, 52.1366119385, 306.064361572, 1052.33435059, 1214.17248535, 2502.27905273, 5129.47314453, 1079.51513672, 693.077758789, 491.680297852, 626.424072266, 1161.01794434, 672.168395996, 2405.30322266, 4887.85205078, 2364.20385742, 920.667175293, 545.609680176, 375.977966309, 160.145935059, 70.3406906128, 39.3994255066, 11.8119430542, 18.0858249664, 17.2110843658, 111.359352112, 55.5324172974, 12.1304588318, 1.2647819519, 0.0541954673827, 0.000357808516128, 2.12649396758e-07, 1.8004490121e-09]
    },
    "gfcc": {
        "mean": [-37.7036399841, 91.4037399292, -103.041183472, 53.367515564, -37.4699363708, 26.705871582, -32.6414222717, 17.289396286, -25.2332878113, 9.88202095032, -3.38576936722, -0.7894500494, -1.98584413528],
        "cov": [[4613.69287109, -856.195739746, -460.693359375, -66.6304550171, -611.080871582, -286.547637939, -387.642150879, 275.824371338, -112.743133545, -325.600799561, -481.770263672, 99.7159576416, 95.2145004272], [-856.195739746, 1189.37402344, -279.196777344, -117.295761108, 112.751693726, -233.266906738, 282.347900391, -160.544403076, 107.834342957, -82.8487472534, 117.237167358, -97.7177124023, 62.4740638733], [-460.693359375, -279.196777344, 968.649841309, 135.650909424, -28.4721603394, 180.868972778, -72.0452728271, 119.442993164, 45.2333908081, 139.76184082, 55.2997283936, -14.5141859055, -72.2893676758], [-66.6304550171, -117.295761108, 135.650909424, 422.837036133, 101.318717957, -92.6924972534, -67.5340652466, -97.8356628418, 20.9615688324, 37.3917541504, 60.5766792297, 30.9012832642, -6.50820493698], [-611.080871582, 112.751693726, -28.4721603394, 101.318717957, 392.712524414, 104.265258789, 97.9927825928, -103.288154602, -3.09811735153, 74.8209915161, 101.946968079, -0.600717961788, -54.4655761719], [-286.547637939, -233.266906738, 180.868972778, -92.6924972534, 104.265258789, 404.138580322, 114.689651489, 34.7721481323, -21.8506336212, 65.0348358154, 10.1191864014, -40.6205406189, -67.2171783447], [-387.642150879, 282.347900391, -72.0452728271, -67.5340652466, 97.9927825928, 114.689651489, 335.9559021, 13.3636789322, 54.80519104, 1.69076561928, 11.7362279892, -77.6678085327, -36.9515304565], [275.824371338, -160.544403076, 119.442993164, -97.8356628418, -103.288154602, 34.7721481323, 13.3636789322, 330.387786865, 86.4381484985, -31.1702785492, -48.229549408, -0.155011102557, 22.245891571], [-112.743133545, 107.834342957, 45.2333908081, 20.9615688324, -3.09811735153, -21.8506336212, 54.80519104, 86.4381484985, 161.078918457, 13.9615087509, 9.93348407745, -22.3931064606, 8.83493423462], [-325.600799561, -82.8487472534, 139.76184082, 37.3917541504, 74.8209915161, 65.0348358154, 1.69076561928, -31.1702785492, 13.9615087509, 153.558639526, 70.6853561401, -9.3929643631, -57.5063552856], [-481.770263672, 117.237167358, 55.2997283936, 60.5766792297, 101.946968079, 10.1191864014, 11.7362279892, -48.229549408, 9.93348407745, 70.6853561401, 184.518310547, 23.4217987061, -14.2172822952], [99.7159576416, -97.7177124023, -14.5141859055, 30.9012832642, -0.600717961788, -40.6205406189, -77.6678085327, -0.155011102557, -22.3931064606, -9.3929643631, 23.4217987061, 107.362434387, 44.4654197693], [95.2145004272, 62.4740638733, -72.2893676758, -6.50820493698, -54.4655761719, -67.2171783447, -36.9515304565, 22.245891571, 8.83493423462, -57.5063552856, -14.2172822952, 44.4654197693, 136.075836182]],
        "icov": [[0.000463580712676, 0.000235979110585, 0.000245611532591, -0.000133220601128, 0.000359542143997, 0.000153775152285, 0.000169787832419, -0.000221776965191, 8.92985262908e-05, 0.00043400406139, 0.000626472348813, -0.000161494608619, 0.000289464689558], [0.000235979110585, 0.0042252172716, -0.000692025467288, 0.00277585210279, -0.0013141608797, 0.00385341444053, -0.00285804737359, 0.00287061580457, -0.0024176905863, 0.00345572666265, -0.00311354082078, 0.0034437594004, -0.00204101507552], [0.000245611532591, -0.000692025467288, 0.00196582637727, -0.00147754501086, 0.00108515587635, -0.00158513511997, 0.00117302441504, -0.00144369783811, 0.000428839033702, -0.00149791850708, 0.000692286586855, -0.00047640298726, 0.000892546784598], [-0.000133220601128, 0.00277585210279, -0.00147754501086, 0.00557364476845, -0.00226808572188, 0.00367806805298, -0.00160383735783, 0.00327242864296, -0.00272817979567, 0.00247558299452, -0.00264069973491, 0.00188541854732, -0.00142972217873], [0.000359542143997, -0.0013141608797, 0.00108515587635, -0.00226808572188, 0.00505201239139, -0.00244368822314, 0.000212157523492, -0.000621978251729, 0.000851141230669, -0.00164060969837, 0.000372714857804, -0.00227915076539, 0.00182918203063], [0.000153775152285, 0.00385341444053, -0.00158513511997, 0.00367806805298, -0.00244368822314, 0.00762588577345, -0.00381043623202, 0.00219342112541, -0.000896321376786, 0.0022203407716, -0.00237495847978, 0.00335435033776, -0.001495112665], [0.000169787832419, -0.00285804737359, 0.00117302441504, -0.00160383735783, 0.000212157523492, -0.00381043623202, 0.00699709588662, -0.00220090337098, 8.91993622645e-05, -0.00110621203203, 0.00204798672348, 0.000173078049556, 0.0018865079619], [-0.000221776965191, 0.00287061580457, -0.00144369783811, 0.00327242864296, -0.000621978251729, 0.00219342112541, -0.00220090337098, 0.00711921323091, -0.0047558019869, 0.00331718893722, -0.0021385573782, 0.00138014846016, -0.00166397332214], [8.92985262908e-05, -0.0024176905863, 0.000428839033702, -0.00272817979567, 0.000851141230669, -0.000896321376786, 8.91993622645e-05, -0.0047558019869, 0.0107553815469, -0.00368161406368, 0.00169198098592, -7.90793783381e-05, -0.000207086224691], [0.00043400406139, 0.00345572666265, -0.00149791850708, 0.00247558299452, -0.00164060969837, 0.0022203407716, -0.00110621203203, 0.00331718893722, -0.00368161406368, 0.0141470879316, -0.00512598222122, 0.00269178813323, 0.00183232186828], [0.000626472348813, -0.00311354082078, 0.000692286586855, -0.00264069973491, 0.000372714857804, -0.00237495847978, 0.00204798672348, -0.0021385573782, 0.00169198098592, -0.00512598222122, 0.0116194849834, -0.00535714859143, 0.00180280185305], [-0.000161494608619, 0.0034437594004, -0.00047640298726, 0.00188541854732, -0.00227915076539, 0.00335435033776, 0.000173078049556, 0.00138014846016, -7.90793783381e-05, 0.00269178813323, -0.00535714859143, 0.0173043180257, -0.00613645976409], [0.000289464689558, -0.00204101507552, 0.000892546784598, -0.00142972217873, 0.00182918203063, -0.001495112665, 0.0018865079619, -0.00166397332214, -0.000207086224691, 0.00183232186828, 0.00180280185305, -0.00613645976409, 0.0122484136373]]
    },
    "melbands": {
        "dmean": [0.0026851950679, 0.00130460585933, 0.000392603571527, 0.000809139048215, 0.000342962826835, 0.000122832614579, 4.61413583253e-05, 7.58557653171e-05, 7.65023651184e-05, 6.35764808976e-05, 5.29320896021e-05, 4.23553938163e-05, 2.89887539111e-05, 2.6111401894e-05, 2.1275396648e-05, 1.65874862432e-05, 1.94164676941e-05, 2.18475197471e-05, 1.29579411805e-05, 1.24724201669e-05, 2.2981699658e-05, 2.22091275646e-05, 2.03294639505e-05, 9.45925694396e-06, 8.55207963468e-06, 6.30474960417e-06, 4.87995430376e-06, 4.71059956908e-06, 3.45439684679e-06, 2.04854291042e-06, 1.48720096149e-06, 1.1971717413e-06, 7.15230441983e-07, 5.45139300812e-07, 6.72308885896e-07, 6.35819617401e-07, 7.24869664737e-07, 1.39833980484e-06, 1.79180369742e-06, 1.52216887273e-06],
        "dmean2": [0.00324334856123, 0.00215513259172, 0.000690044777002, 0.0013101589866, 0.000523744674865, 0.00018812440976, 7.6234631706e-05, 0.000123467529193, 0.000116930925287, 9.15587515919e-05, 7.8424505773e-05, 6.80554294377e-05, 4.62203533971e-05, 4.29264109698e-05, 3.27877060045e-05, 2.53283506026e-05, 3.17216363328e-05, 3.6985904444e-05, 1.98978068511e-05, 2.02183618967e-05, 3.73367111024e-05, 3.46636479662e-05, 3.23213389493e-05, 1.33581288537e-05, 1.28285319079e-05, 8.9420709628e-06, 7.12332712283e-06, 7.33300021238e-06, 5.46008868696e-06, 3.0801675166e-06, 2.2533442916e-06, 1.86102397493e-06, 1.07017513074e-06, 7.86892030646e-07, 9.87086878013e-07, 9.37874403917e-07, 1.04342029772e-06, 2.03289096135e-06, 2.67451559921e-06, 2.13332918975e-06],
        "dvar": [2.74185604212e-05, 9.69670873019e-06, 8.92946161457e-07, 4.14836495111e-06, 5.30836814505e-07, 1.04324335837e-07, 1.08137614419e-08, 4.42610819107e-08, 4.5171649532e-08, 3.35692078579e-08, 2.96286764012e-08, 3.21652535717e-08, 7.74176545093e-09, 9.68482360975e-09, 1.24258381362e-09, 1.15698228775e-09, 2.51697107601e-09, 4.12604661548e-09, 1.11569342653e-09, 6.64412080909e-10, 4.53402515532e-09, 3.9155816367e-09, 3.59370044833e-09, 4.06412264953e-10, 5.87940418573e-10, 2.62739663359e-10, 1.00311918494e-10, 7.96518268009e-11, 3.90608621836e-11, 1.22583089512e-11, 1.14585745406e-11, 9.54918522728e-12, 4.13866987556e-12, 2.18332665315e-12, 4.35540752769e-12, 3.68087938601e-12, 5.31490042949e-12, 3.20745791038e-11, 5.84463935582e-11, 2.08861990203e-11],
        "dvar2": [4.27568156738e-05, 2.45550108957e-05, 2.48991614171e-06, 1.04372957139e-05, 1.26344707496e-06, 2.20929067041e-07, 2.74166058745e-08, 1.15125416755e-07, 1.02791851475e-07, 6.74004709822e-08, 6.78232652263e-08, 7.39144212503e-08, 2.12423607593e-08, 2.59722359175e-08, 2.91247670425e-09, 2.68204525256e-09, 6.78411327115e-09, 1.09354205691e-08, 2.67305044765e-09, 1.37539168943e-09, 1.19350911376e-08, 7.6053972009e-09, 7.79011610774e-09, 8.27193258335e-10, 1.4543913851e-09, 5.9319421597e-10, 2.05233566253e-10, 1.85928036855e-10, 9.07672756401e-11, 2.44926093296e-11, 2.42695863406e-11, 2.11962843111e-11, 7.53859214636e-12, 5.22896006008e-12, 8.94461327922e-12, 7.14334234125e-12, 1.13212859226e-11, 6.99268559723e-11, 1.28635824215e-10, 4.02798176757e-11],
        "max": [0.0475688129663, 0.0287201143801, 0.00771617610008, 0.0134810917079, 0.00627070153132, 0.00502921454608, 0.00192901433911, 0.00187521707267, 0.00373814254999, 0.00314912036993, 0.00276620406657, 0.00430611008778, 0.00159875594545, 0.00167270319071, 0.000383126782253, 0.000577608938329, 0.000442487245891, 0.000620903505478, 0.000385198800359, 0.000343181018252, 0.000678623153362, 0.00070926931221, 0.000598492915742, 0.000226047181059, 0.000241753528826, 0.000213999985135, 0.000133077322971, 9.54431816353e-05, 6.97195573593e-05, 4.65436714876e-05, 6.71054658596e-05, 5.75836784265e-05, 5.00674286741e-05, 3.44131731254e-05, 4.16297370975e-05, 3.61149977834e-05, 4.23908131779e-05, 0.000100154036772, 0.000143610901432, 5.9144840634e-05],
        "mean": [0.0050342543982, 0.00203914986923, 0.000428222265327, 0.000865155190695, 0.000517374079209, 0.000179489215952, 5.9042013163e-05, 8.03644725238e-05, 9.98240211629e-05, 8.06126117823e-05, 8.10508281575e-05, 7.9360732343e-05, 4.0144623199e-05, 3.44354157278e-05, 3.74132832803e-05, 2.60338347289e-05, 2.41327543336e-05, 2.53439702647e-05, 1.68420119735e-05, 1.95111533685e-05, 2.44839829975e-05, 2.75371621683e-05, 2.5229406674e-05, 1.39197845783e-05, 1.05504304884e-05, 8.24041308078e-06, 7.0163619057e-06, 6.8862691478e-06, 5.48473371964e-06, 3.20940534948e-06, 2.11123369809e-06, 1.5325044842e-06, 1.00064039543e-06, 7.86156476806e-07, 8.92902619398e-07, 8.56826829931e-07, 9.5392726962e-07, 1.72302361534e-06, 2.19775893129e-06, 1.82838050478e-06],
        "median": [0.0013986043632, 0.0010465051746, 0.000146831691382, 8.38944179122e-05, 0.000120135831821, 4.58082940895e-05, 2.55144495895e-05, 1.26133772937e-05, 1.1769453522e-05, 8.82094627741e-06, 8.3951108536e-06, 7.68848349253e-06, 7.89171826909e-06, 6.22373181614e-06, 1.10179616968e-05, 8.45967315399e-06, 5.38346466783e-06, 5.78236631554e-06, 3.60619037565e-06, 3.94471999243e-06, 3.22028063238e-06, 2.75384877568e-06, 3.41283612215e-06, 4.61797162643e-06, 3.47436116499e-06, 2.53567372965e-06, 1.49227992097e-06, 1.35015056912e-06, 1.70885141415e-06, 1.01538944364e-06, 3.88386411032e-07, 2.09385703442e-07, 1.84083319255e-07, 2.3750592959e-07, 2.18535575414e-07, 1.82775863777e-07, 2.09964980513e-07, 1.9768366144e-07, 1.83400615583e-07, 1.72105117713e-07],
        "min": [1.20087557676e-08, 6.12775874487e-09, 1.78523618111e-09, 2.98122193598e-10, 1.5846529644e-10, 1.39729658399e-10, 3.91915284947e-11, 2.21759225566e-11, 8.29825583248e-11, 1.17034340552e-10, 8.4879270279e-11, 8.37338670623e-11, 1.62392571612e-10, 1.34577779476e-10, 1.24567717252e-10, 6.42275330143e-11, 7.98238211641e-11, 1.43010638054e-11, 3.1874534262e-11, 3.32255022106e-11, 1.76622674819e-11, 3.61155653994e-11, 2.78279309318e-11, 1.46139367968e-11, 6.74619735075e-11, 1.7861513657e-10, 4.83920993555e-11, 6.44972200647e-11, 5.25662326167e-11, 2.84608777518e-11, 2.16788618307e-11, 9.58612095953e-12, 3.2417797613e-11, 1.03750046748e-11, 1.13406007675e-12, 1.32243022956e-12, 8.41377531882e-13, 3.94781782135e-13, 3.20791163815e-13, 2.28420960532e-13],
        "stdev": [0.00865161977708, 0.00314081110992, 0.00084190472262, 0.00210038735531, 0.000925447035115, 0.000398289092118, 0.000109990600322, 0.000203806484933, 0.000274783698842, 0.000237332496908, 0.000257172738202, 0.000305813999148, 0.000113364949357, 0.000103934988147, 5.6747259805e-05, 4.68088474008e-05, 5.37630221515e-05, 6.34207754047e-05, 3.72616450477e-05, 3.84832419513e-05, 6.58913631923e-05, 7.54946740926e-05, 6.70155859552e-05, 2.68789735856e-05, 2.53653161053e-05, 1.94031563296e-05, 1.46011780089e-05, 1.29786785692e-05, 9.13164149097e-06, 5.51967332285e-06, 4.7896464821e-06, 3.93116124542e-06, 2.69235101769e-06, 1.65492315318e-06, 2.48500623456e-06, 2.37630661104e-06, 2.72874467555e-06, 6.69304972689e-06, 8.8437109298e-06, 5.9488243096e-06],
        "var": [7.48505262891e-05, 9.8646942206e-06, 7.08803554517e-07, 4.41162683273e-06, 8.56452231801e-07, 1.58634207992e-07, 1.20979315454e-08, 4.15370848827e-08, 7.55060796109e-08, 5.63267157361e-08, 6.61378152245e-08, 9.35222104204e-08, 1.28516113307e-08, 1.08024815759e-08, 3.22025162092e-09, 2.19106821575e-09, 2.89046253599e-09, 4.0221945774e-09, 1.38843014863e-09, 1.48095979924e-09, 4.34167146679e-09, 5.6994458042e-09, 4.49108883416e-09, 7.22479243098e-10, 6.43399278299e-10, 3.76482456321e-10, 2.13194406573e-10, 1.68446090409e-10, 8.33868807337e-11, 3.04667957529e-11, 2.29407152996e-11, 1.54540304165e-11, 7.24875368063e-12, 2.73877058185e-12, 6.17525605304e-12, 5.64683282772e-12, 7.446047251e-12, 4.47969127071e-11, 7.82112222208e-11, 3.53885080961e-11]
    },
    "melbands128": {
