{
"lowlevel": {
    "average_loudness": 0.977918088436,
    "barkbands_crest": {
        "dmean": 3.27353906631,
        "dmean2": 5.19344997406,
        "dvar": 9.45823097229,
        "dvar2": 22.7431926727,
        "max": 25.7011260986,
        "mean": 12.3249530792,
        "median": 11.7677469254,
        "min": 2.91499638557,
        "stdev": 4.72295188904,
        "var": 22.3062744141
    },
    "barkbands_flatness_db": {
        "dmean": 0.0319694057107,
        "dmean2": 0.0455312617123,
        "dvar": 0.00113757338841,
        "dvar2": 0.00232333946042,
        "max": 0.451224923134,
        "mean": 0.169876426458,
        "median": 0.162672817707,
        "min": 0.0210843067616,
        "stdev": 0.064998716116,
        "var": 0.00422483263537
    },
    "barkbands_kurtosis": {
        "dmean": 5.67225217819,
        "dmean2": 8.65951824188,
        "dvar": 111.67464447,
        "dvar2": 247.603286743,
        "max": 184.951263428,
        "mean": 9.03310108185,
        "median": 4.98809576035,
        "min": -1.74525403976,
        "stdev": 15.474905014,
        "var": 239.472671509
    },
    "barkbands_skewness": {
        "dmean": 0.794563233852,
        "dmean2": 1.2026361227,
        "dvar": 0.754229187965,
        "dvar2": 1.69510746002,
        "max": 11.6926488876,
        "mean": 2.18969869614,
        "median": 1.97274446487,
        "min": -1.11055123806,
        "stdev": 1.50830197334,
        "var": 2.274974823
    },
    "barkbands_spread": {
        "dmean": 6.84849882126,
        "dmean2": 10.8838310242,
        "dvar": 105.776885986,
        "dvar2": 259.918609619,
        "max": 79.1456298828,
        "mean": 17.1363620758,
        "median": 14.6501684189,
        "min": 0.537206232548,
        "stdev": 12.4163284302,
        "var": 154.165206909
    },
    "dissonance": {
        "dmean": 0.0297806095332,
        "dmean2": 0.0479698739946,
        "dvar": 0.000721087271813,
        "dvar2": 0.00186635169666,
        "max": 0.499904811382,
        "mean": 0.440783262253,
        "median": 0.450364768505,
        "min": 0.148592814803,
        "stdev": 0.0425869114697,
        "var": 0.00181364500895
    },
    "dynamic_complexity": 2.54812097549,
    "erbbands_crest": {
        "dmean": 3.13895654678,
        "dmean2": 4.79439878464,
        "dvar": 7.82193136215,
        "dvar2": 18.4769210815,
        "max": 27.0682468414,
        "mean": 10.611907959,
        "median": 9.79210758209,
        "min": 2.80399727821,
        "stdev": 4.55303239822,
        "var": 20.7301044464
    },
    "erbbands_flatness_db": {
        "dmean": 0.0240317583084,
        "dmean2": 0.0309093985707,
        "dvar": 0.000574233010411,
        "dvar2": 0.000921579659916,
        "max": 0.354782670736,
        "mean": 0.162735670805,
        "median": 0.155734077096,
        "min": 0.0447666235268,
        "stdev": 0.0544884987175,
        "var": 0.0029689965304
    },
    "erbbands_kurtosis": {
        "dmean": 1.3822811842,
        "dmean2": 2.03638553619,
        "dvar": 2.50478887558,
        "dvar2": 5.29893684387,
        "max": 22.2764377594,
        "mean": 1.87369942665,
        "median": 0.937305688858,
        "min": -1.62210786343,
        "stdev": 3.04779052734,
        "var": 9.28902721405
    },
    "erbbands_skewness": {
        "dmean": 0.464631974697,
        "dmean2": 0.698722243309,
        "dvar": 0.189994826913,
        "dvar2": 0.448267668486,
        "max": 3.86018896103,
        "mean": 0.691790997982,
        "median": 0.688883841038,
        "min": -1.84074985981,
        "stdev": 0.832798540592,
        "var": 0.693553447723
    },
    "erbbands_spread": {
        "dmean": 11.8502941132,
        "dmean2": 17.1589946747,
        "dvar": 254.483215332,
        "dvar2": 589.210876465,
        "max": 140.471237183,
        "mean": 35.3967018127,
        "median": 30.1560173035,
        "min": 6.09126472473,
        "stdev": 22.1993083954,
        "var": 492.809295654
    },
    "hfc": {
        "dmean": 11.6568374634,
        "dmean2": 18.3262310028,
        "dvar": 464.994689941,
        "dvar2": 1226.86010742,
        "max": 137.394073486,
        "mean": 22.1770553589,
        "median": 17.6362953186,
        "min": 0.00037394464016,
        "stdev": 21.8156013489,
        "var": 475.920471191
    },
    "loudness_ebu128": {
        "integrated": -7.40520334244,
        "loudness_range": 2.00360584259,
        "momentary": {
            "dmean": 0.616995751858,
            "dmean2": 0.875865340233,
            "dvar": 0.22902777791,
            "dvar2": 0.499464690685,
            "max": -5.14860057831,
            "mean": -7.61911201477,
            "median": -7.26020050049,
            "min": -14.5778903961,
            "stdev": 1.47738325596,
            "var": 2.18266129494
        },
        "short_term": {
            "dmean": 0.0930559933186,
            "dmean2": 0.1275536865,
            "dvar": 0.00462575815618,
            "dvar2": 0.00856773834676,
            "max": -6.22231960297,
            "mean": -7.4628663063,
            "median": -7.37684106827,
            "min": -9.47087097168,
            "stdev": 0.733262658119,
            "var": 0.537674129009
        }
    },
    "melbands_crest": {
        "dmean": 4.18149280548,
        "dmean2": 6.58531951904,
        "dvar": 16.3740997314,
        "dvar2": 36.4093894958,
        "max": 38.5338287354,
        "mean": 19.1649703979,
        "median": 18.7495517731,
        "min": 3.95949840546,
        "stdev": 7.5767326355,
        "var": 57.406879425
    },
    "melbands_flatness_db": {
        "dmean": 0.0380043648183,
        "dmean2": 0.0549970269203,
        "dvar": 0.00175125314854,
        "dvar2": 0.00381091283634,
        "max": 0.56697499752,
        "mean": 0.244558945298,
        "median": 0.23496170342,
        "min": 0.0550878532231,
        "stdev": 0.0794612541795,
        "var": 0.00631409091875
    },
    "melbands_kurtosis": {
        "dmean": 13.3346529007,
        "dmean2": 20.8778476715,
        "dvar": 613.73425293,
        "dvar2": 1324.36914062,
        "max": 465.677276611,
        "mean": 22.020357132,
        "median": 11.1352424622,
        "min": -1.3764346838,
        "stdev": 35.4752502441,
        "var": 1258.4934082
    },
    "melbands_skewness": {
        "dmean": 1.0829603672,
        "dmean2": 1.62945652008,
        "dvar": 1.72791755199,
        "dvar2": 3.90139555931,
        "max": 16.0559806824,
        "mean": 3.17639827728,
        "median": 2.7644162178,
        "min": -0.662890195847,
        "stdev": 2.21478796005,
        "var": 4.90528535843
    },
    "melbands_spread": {
        "dmean": 7.50305461884,
        "dmean2": 12.5798625946,
        "dvar": 169.732543945,
        "dvar2": 469.578521729,
        "max": 100.719947815,
        "mean": 16.4840736389,
        "median": 13.0313491821,
        "min": 0.32060483098,
        "stdev": 13.5344953537,
        "var": 183.182571411
    },
    "pitch_salience": {
        "dmean": 0.0917067453265,
        "dmean2": 0.143041267991,
        "dvar": 0.00789206940681,
        "dvar2": 0.0177829954773,
        "max": 0.878306210041,
        "mean": 0.493780463934,
        "median": 0.491087585688,
        "min": 0.0628665313125,
        "stdev": 0.157660678029,
        "var": 0.0248568914831
    },
    "silence_rate_20dB": {
        "dmean": 0,
        "dmean2": 0,
        "dvar": 0,
        "dvar2": 0,
        "max": 1,
        "mean": 1,
        "median": 1,
        "min": 1,
        "stdev": 0,
        "var": 0
    },
    "silence_rate_30dB": {
        "dmean": 0,
        "dmean2": 0,
        "dvar": 0,
        "dvar2": 0,
        "max": 1,
        "mean": 1,
        "median": 1,
        "min": 1,
        "stdev": 0,
        "var": 0
    },
    "silence_rate_60dB": {
        "dmean": 0.0255417954177,
        "dmean2": 0.0503485687077,
        "dvar": 0.0248893592507,
        "dvar2": 0.054010335356,
        "max": 1,
        "mean": 0.039443153888,
        "median": 0,
        "min": 0,
        "stdev": 0.194647938013,
        "var": 0.0378878191113
    },
    "spectral_centroid": {
        "dmean": 295.320098877,
        "dmean2": 470.243621826,
        "dvar": 188738.125,
        "dvar2": 486339.65625,
        "max": 3113.65893555,
        "mean": 1013.94458008,
        "median": 881.391906738,
        "min": 236.186553955,
        "stdev": 514.887695312,
        "var": 265109.34375
    },
    "spectral_complexity": {
        "dmean": 4.69969034195,
        "dmean2": 7.43841981888,
        "dvar": 41.861869812,
        "dvar2": 94.7916412354,
        "max": 51,
        "mean": 15.8785772324,
        "median": 14,
        "min": 0,
        "stdev": 8.5390625,
        "var": 72.9155807495
    },
    "spectral_decrease": {
        "dmean": 3.08560377249e-09,
        "dmean2": 4.54300375097e-09,
        "dvar": 1.45594210285e-17,
        "dvar2": 2.9536012401e-17,
        "max": -7.63018188671e-14,
        "mean": -9.67374980121e-09,
        "median": -9.39662925248e-09,
        "min": -2.9402304591e-08,
        "stdev": 6.01642602405e-09,
        "var": 3.61973839007e-17
    },
    "spectral_energy": {
        "dmean": 0.0121042449027,
        "dmean2": 0.0179534759372,
        "dvar": 0.000228477059864,
        "dvar2": 0.000451904546935,
        "max": 0.113399013877,
        "mean": 0.0385224893689,
        "median": 0.037244874984,
        "min": 3.21898397715e-07,
        "stdev": 0.0237018261105,
        "var": 0.000561776570976
    },
    "spectral_energyband_high": {
        "dmean": 0.000796212290879,
        "dmean2": 0.00128762819804,
        "dvar": 2.81110897049e-06,
        "dvar2": 7.37133314033e-06,
        "max": 0.0105352634564,
        "mean": 0.000896797107998,
        "median": 0.000340978032909,
        "min": 1.29995916254e-08,
        "stdev": 0.00155517016537,
        "var": 2.41855423155e-06
    },
    "spectral_energyband_low": {
        "dmean": 0.00775643857196,
        "dmean2": 0.0124365361407,
        "dvar": 0.000155032452312,
        "dvar2": 0.000369718211005,
        "max": 0.0911563783884,
        "mean": 0.0188978761435,
        "median": 0.0201724860817,
        "min": 6.19615647679e-08,
        "stdev": 0.0184435080737,
        "var": 0.000340162980137
    },
    "spectral_energyband_middle_high": {
        "dmean": 0.00240290537477,
        "dmean2": 0.00364759215154,
        "dvar": 1.23660765894e-05,
        "dvar2": 3.00872834487e-05,
        "max": 0.0314163342118,
        "mean": 0.00531914969906,
        "median": 0.00315512809902,
        "min": 1.82430497375e-07,
        "stdev": 0.00584207428619,
        "var": 3.41298327839e-05
    },
    "spectral_energyband_middle_low": {
        "dmean": 0.00674721691757,
        "dmean2": 0.00958116073161,
        "dvar": 0.000112038520456,
        "dvar2": 0.000215558713535,
        "max": 0.0982566699386,
        "mean": 0.0147755807266,
        "median": 0.0108897695318,
        "min": 5.82319685805e-08,
        "stdev": 0.0153096094728,
        "var": 0.000234384133364
    },
    "spectral_entropy": {
        "dmean": 0.23878082633,
        "dmean2": 0.324808269739,
        "dvar": 0.0648592486978,
        "dvar2": 0.115944929421,
        "max": 8.39394187927,
        "mean": 7.34187173843,
        "median": 7.33674526215,
        "min": 5.46608161926,
        "stdev": 0.477890193462,
        "var": 0.228379040956
    },
    "spectral_flux": {
        "dmean": 0.0390584431589,
        "dmean2": 0.0612132437527,
        "dvar": 0.00164319062606,
        "dvar2": 0.00345798768103,
        "max": 0.288618713617,
        "mean": 0.0954738855362,
        "median": 0.0827280059457,
        "min": 0.000567360897548,
        "stdev": 0.0607648380101,
        "var": 0.00369236548431
    },
    "spectral_kurtosis": {
        "dmean": 2.30543780327,
        "dmean2": 3.53565239906,
        "dvar": 11.4467544556,
        "dvar2": 25.958568573,
        "max": 59.8067932129,
        "mean": 5.73299598694,
        "median": 4.32228899002,
        "min": 0.128018140793,
        "stdev": 5.07418251038,
        "var": 25.7473297119
    },
    "spectral_rms": {
        "dmean": 0.000984387355857,
        "dmean2": 0.00141351949424,
        "dvar": 1.43325951285e-06,
        "dvar2": 2.53429379882e-06,
        "max": 0.0105182314292,
        "mean": 0.00575185520574,
        "median": 0.00602797325701,
        "min": 1.77213769348e-05,
        "stdev": 0.00212110439315,
        "var": 4.49908338851e-06
    },
    "spectral_rolloff": {
        "dmean": 498.946990967,
        "dmean2": 895.32220459,
        "dvar": 950001.625,
        "dvar2": 2499984,
        "max": 8484.08203125,
        "mean": 951.590270996,
        "median": 689.0625,
        "min": 43.06640625,
        "stdev": 970.448669434,
        "var": 941770.625
    },
    "spectral_skewness": {
        "dmean": 0.316282093525,
        "dmean2": 0.45783084631,
        "dvar": 0.11435687542,
        "dvar2": 0.225170254707,
        "max": 5.74673366547,
        "mean": 1.93661522865,
        "median": 1.88174271584,
        "min": 0.530841827393,
        "stdev": 0.613525271416,
        "var": 0.376413285732
    },
    "spectral_spread": {
        "dmean": 924483.5625,
        "dmean2": 1245650.75,
        "dvar": 1.11779368141e+12,
        "dvar2": 2.14582165504e+12,
        "max": 13497292,
        "mean": 5267034.5,
        "median": 5123775,
        "min": 1244257.5,
        "stdev": 1857179.875,
        "var": 3.44911695053e+12
    },
    "spectral_strongpeak": {
        "dmean": 0.41865119338,
        "dmean2": 0.694321334362,
        "dvar": 0.50205129385,
        "dvar2": 1.14030146599,
        "max": 6.81092262268,
        "mean": 0.86935710907,
        "median": 0.388362556696,
        "min": 0,
        "stdev": 1.08656382561,
        "var": 1.18062090874
    },
    "zerocrossingrate": {
        "dmean": 0.0111892744899,
        "dmean2": 0.0133772417903,
        "dvar": 0.000154345019837,
        "dvar2": 0.000213421910303,
        "max": 0.20263671875,
        "mean": 0.0442274063826,
        "median": 0.04052734375,
        "min": 0.00146484375,
        "stdev": 0.0251698642969,
        "var": 0.000633522111457
    },
    "barkbands": {
        "dmean": [0.000791314407252, 0.00572312902659, 0.00349830207415, 0.0020270771347, 0.00343337026425, 0.00131966569461, 0.000924018677324, 0.00111828371882, 0.000778781250119, 0.000544390524738, 0.000583046465181, 0.000454027322121, 0.000471166655188, 0.000348662870238, 0.000232712307479, 0.000233331636991, 0.000331265095156, 0.000314028933644, 0.000244333292358, 0.000145189609611, 9.95398513624e-05, 0.000116847630125, 0.000127771563712, 0.000139776268043, 0.000160591691383, 0.000116127826914, 3.42430794262e-05],
        "dmean2": [0.00122736697085, 0.0089756809175, 0.00549094704911, 0.00323543464765, 0.00489008240402, 0.00218103313819, 0.00146043987479, 0.00165869970806, 0.00113147392403, 0.00079510739306, 0.000785039737821, 0.000600820116233, 0.000704026955646, 0.000525784038473, 0.000364911189536, 0.000399363168981, 0.000601109815761, 0.000539024476893, 0.00043640070362, 0.000255640974501, 0.000158402443049, 0.000191277547856, 0.000199346744921, 0.000230010584346, 0.000268692121608, 0.000194376538275, 5.93871482124e-05],
        "dvar": [1.94113522411e-06, 8.77375568962e-05, 6.96914794389e-05, 2.52681566053e-05, 6.45546897431e-05, 8.28973134048e-06, 2.10493203667e-06, 3.55333008883e-06, 3.02437888422e-06, 2.11422980101e-06, 1.30621720018e-06, 1.35204163598e-06, 1.17257877719e-06, 6.0233981003e-07, 3.32888987487e-07, 5.08426069246e-07, 7.03163038906e-07, 3.62272857046e-07, 3.25092116782e-07, 1.20187621633e-07, 3.44698349863e-08, 5.88773403365e-08, 4.83378812532e-08, 9.60516430837e-08, 1.47118797145e-07, 9.92538602418e-08, 1.32007835774e-08],
        "dvar2": [4.03211561206e-06, 0.000223836817895, 0.000162017691764, 4.9934067647e-05, 0.000115696471767, 2.32713537116e-05, 5.09118035552e-06, 6.93156835041e-06, 5.85591988056e-06, 3.44254476659e-06, 2.3307070478e-06, 2.28431713367e-06, 2.36600794778e-06, 1.33802018354e-06, 6.87297244895e-07, 1.37404606448e-06, 1.99753731067e-06, 9.56080839387e-07, 9.11768495371e-07, 3.35699041898e-07, 8.37649238861e-08, 1.53908871425e-07, 1.20764354961e-07, 2.52089535024e-07, 3.95668934061e-07, 2.58855038737e-07, 3.538335136e-08],
        "max": [0.0143262241036, 0.0712258890271, 0.0534291490912, 0.0643258094788, 0.0808338746428, 0.0369038917124, 0.0174771845341, 0.0238249786198, 0.0266323387623, 0.0286461655051, 0.0179386269301, 0.0185239389539, 0.0169689562172, 0.0121187139302, 0.0129869058728, 0.00886848475784, 0.00548361428082, 0.00585988815874, 0.00591175863519, 0.00347727746703, 0.00143881805707, 0.00135788822081, 0.00157777196728, 0.00210547680035, 0.00291511323303, 0.00237983767875, 0.00110222038347],
        "mean": [0.00233858614229, 0.0122675700113, 0.0032018776983, 0.00242480426095, 0.00476911803707, 0.00203514145687, 0.0015205743257, 0.00198677740991, 0.00141200365033, 0.000935811898671, 0.00114024069626, 0.000740190676879, 0.00078712758841, 0.000539448927157, 0.000310502568027, 0.000237444226514, 0.000289106217679, 0.000383460224839, 0.000232506718021, 0.000130647866172, 0.000114137386845, 0.000107173531433, 0.000176862959052, 0.000158029739396, 0.000165476114489, 9.45540596149e-05, 2.33323444263e-05],
        "median": [0.000651473470498, 0.0106503739953, 0.000318695092574, 0.000722001888789, 0.00169419124722, 0.000900510174688, 0.000761477625929, 0.000587269198149, 0.000393826281652, 0.000292617594823, 0.000336032564519, 0.000178907706868, 0.000221697948291, 0.000145244397572, 0.000113594272989, 5.62543573324e-05, 6.9905348937e-05, 0.000110193745058, 7.86149466876e-05, 2.83381486952e-05, 2.66191582341e-05, 1.36273520184e-05, 7.21827309462e-05, 5.57066632609e-05, 5.16238760611e-05, 1.22787869259e-05, 1.36268383244e-07],
        "min": [4.54114551518e-10, 9.7971755153e-09, 1.3883344252e-08, 7.93434651314e-09, 4.49817472159e-09, 2.46217046751e-09, 9.98492133419e-09, 7.09413860989e-09, 2.20653486593e-08, 1.32738975367e-08, 6.19175040129e-08, 6.97884345868e-08, 1.0656123095e-08, 6.7694263528e-09, 8.06125655117e-09, 6.25983931357e-09, 4.30278790375e-09, 3.37190431132e-09, 6.05542838095e-10, 3.00170471812e-10, 7.51448181457e-10, 4.72185623934e-10, 3.91765420105e-09, 1.45899514692e-09, 3.40040506863e-09, 1.13913677102e-10, 7.93880698078e-15],
        "stdev": [0.00346616609022, 0.0130757652223, 0.00833917222917, 0.00673717586324, 0.0101730041206, 0.00319306971505, 0.00218950305134, 0.00330745638348, 0.00292061967775, 0.00219080084935, 0.0021946830675, 0.00176956504583, 0.001618048409, 0.00127613882069, 0.000747187354136, 0.000651600246783, 0.000672470021527, 0.000647235952783, 0.000473361142213, 0.000286399299512, 0.000203868679819, 0.000224342962611, 0.000252937577898, 0.000290732423309, 0.00034106176463, 0.000275746249827, 9.50993126025e-05],
        "var": [1.20143076856e-05, 0.000170975647052, 6.95417911629e-05, 4.5389537263e-05, 0.000103490005131, 1.01956948129e-05, 4.79392338093e-06, 1.09392676677e-05, 8.53001984069e-06, 4.79960863231e-06, 4.81663346363e-06, 3.13136047225e-06, 2.61808054347e-06, 1.62853029906e-06, 5.5828894574e-07, 4.24582879077e-07, 4.52215942914e-07, 4.18914368083e-07, 2.24070774379e-07, 8.20245560362e-08, 4.15624406003e-08, 5.03297670207e-08, 6.39774242472e-08, 8.45253396164e-08, 1.16323136012e-07, 7.60359881724e-08, 9.04387942313e-09]
    },
    "erbbands": {
        "dmean": [0.262487411499, 0.956585109234, 3.2827129364, 5.23204565048, 8.86062335968, 13.8592195511, 10.511218071, 11.1567926407, 10.1316576004, 23.2099399567, 18.8618927002, 16.1792697906, 22.6978607178, 12.2566785812, 21.8801727295, 18.576210022, 21.5830554962, 20.1094322205, 11.2723302841, 11.0947465897, 13.6632413864, 19.7275733948, 19.4207420349, 11.1872501373, 12.4924125671, 6.9960975647, 4.74651813507, 4.02059459686, 3.89650511742, 3.7341811657, 3.86479640007, 2.81534552574, 2.40169548988, 1.57710897923, 1.27242279053, 0.497601568699, 0.201253697276, 0.0810594037175, 0.00345810456201, 7.21632168279e-05],
        "dmean2": [0.41358551383, 1.5402289629, 5.10028553009, 8.16505527496, 13.2104759216, 19.6328487396, 17.1837310791, 18.5900592804, 15.9993066788, 36.3465232849, 26.4457454681, 23.4706878662, 31.6000709534, 17.7498836517, 28.4207954407, 24.0182037354, 30.6944236755, 29.3521251678, 17.5564289093, 18.1343231201, 22.9684238434, 35.7151756287, 34.1647720337, 18.9737796783, 22.533575058, 12.3571205139, 7.71572256088, 6.59764194489, 6.36866426468, 5.95309972763, 6.02748155594, 4.59844303131, 3.90518260002, 2.55430531502, 2.19119548798, 0.81916230917, 0.336945682764, 0.140348911285, 0.00595015287399, 0.000120239317766],
        "dvar": [0.182431876659, 2.9153573513, 59.3632888794, 127.339385986, 301.280426025, 1278.43273926, 626.343078613, 813.902160645, 339.177001953, 1659.17687988, 1420.63549805, 1277.7590332, 2943.07568359, 809.067077637, 1855.734375, 1978.69702148, 2566.69458008, 2081.89550781, 686.73449707, 800.981689453, 1501.4876709, 2549.24316406, 1580.9354248, 821.870422363, 851.509765625, 293.998077393, 99.9571533203, 69.0557479858, 66.4946746826, 48.6440887451, 46.9468994141, 37.5653419495, 26.5902404785, 10.0983905792, 11.9116077423, 1.67837059498, 0.301947325468, 0.0634310543537, 0.000124970509205, 3.82717466607e-08],
        "dvar2": [0.466380923986, 7.35075902939, 139.060958862, 277.048706055, 579.355895996, 2323.56640625, 1711.86291504, 2417.77416992, 863.054992676, 3806.09790039, 2481.453125, 2915.54833984, 4820.83984375, 1736.05444336, 2900.109375, 3299.7409668, 5053.93652344, 4451.96191406, 1522.2857666, 2046.0501709, 3906.87988281, 7322.33154297, 4380.79101562, 2287.98754883, 2418.57348633, 822.139831543, 259.018554688, 179.0887146, 174.783172607, 123.76764679, 118.620628357, 98.6724090576, 68.9415130615, 26.2061538696, 32.4620552063, 4.33508491516, 0.788200557232, 0.16886793077, 0.000330057664542, 1.00185474139e-07],
        "max": [2.96474456787, 14.8382759094, 54.1609153748, 119.360153198, 177.391204834, 368.645050049, 294.079040527, 412.507415771, 243.985366821, 438.643798828, 649.023071289, 498.512756348, 1103.0291748, 492.452026367, 966.682800293, 704.26953125, 855.004211426, 932.261230469, 418.417877197, 377.068634033, 609.282226562, 345.383666992, 264.083404541, 365.845428467, 207.080535889, 156.348403931, 119.891677856, 67.5630645752, 59.9221763611, 51.972858429, 49.7281532288, 46.1295700073, 39.3265304565, 26.5653629303, 23.1297340393, 8.9596824646, 4.48587322235, 2.53400397301, 0.0957461521029, 0.001741532702],
        "mean": [0.624791800976, 1.72113382816, 3.24916100502, 6.57763051987, 11.2529497147, 18.333820343, 14.1807422638, 17.462436676, 17.8708572388, 39.1315917969, 36.3771858215, 31.1812133789, 44.7347183228, 21.6828594208, 45.5670509338, 33.2490997314, 40.3606491089, 33.6995315552, 16.3339805603, 13.8342247009, 14.5778560638, 18.0715351105, 21.8283309937, 12.7178525925, 11.1377487183, 6.19729614258, 5.38648796082, 3.92088222504, 3.56027054787, 4.45838594437, 5.23311471939, 3.04640483856, 2.91009473801, 1.97694826126, 1.07394683361, 0.43193551898, 0.161974444985, 0.0574099719524, 0.00243138871156, 8.91348099685e-05],
        "median": [0.472919255495, 0.86852902174, 0.555743157864, 1.77841854095, 3.95855379105, 5.58038282394, 5.92192268372, 7.35833978653, 9.39240837097, 15.8028659821, 10.1026582718, 11.6803646088, 12.0839824677, 10.2313194275, 14.5803766251, 9.03375911713, 12.0412006378, 11.2622442245, 6.38743591309, 4.74559402466, 3.79573369026, 4.64337491989, 6.47560167313, 4.49588823318, 3.83807587624, 1.43389058113, 1.48817837238, 0.588963389397, 0.457573950291, 1.50407111645, 2.01059436798, 0.940033197403, 0.991525709629, 0.735230207443, 0.227317556739, 0.0735029280186, 0.0202761050314, 0.00178145582322, 6.73245158396e-05, 4.69797741971e-05],
        "min": [7.9186389712e-07, 5.95218625676e-06, 1.53489563672e-05, 2.36739906541e-05, 2.31770172832e-05, 1.21174143715e-05, 3.51672088073e-06, 2.96030520985e-05, 0.000111141474918, 0.000179597525857, 0.000156684036483, 0.000478284928249, 0.000474982662126, 0.00118056405336, 0.0028460402973, 0.00260429386981, 0.000612875504885, 0.000409838336054, 0.000370112335077, 0.000447025842732, 0.000296709506074, 0.000249924312811, 0.000239496599534, 3.89537635783e-05, 3.28613423335e-05, 1.88648828043e-05, 3.47847344528e-05, 1.73028656718e-05, 2.06782115129e-05, 8.72693490237e-05, 9.22377803363e-05, 2.24940868065e-05, 4.79591508338e-05, 3.4071978007e-05, 7.83247469371e-06, 1.52721122504e-06, 1.4019946093e-07, 1.69612111023e-08, 2.7246414902e-08, 2.90986879037e-09],
        "stdev": [0.653170645237, 2.16983962059, 7.83410358429, 14.8974189758, 21.9413204193, 44.0856704712, 24.1158390045, 30.4119739532, 27.0142440796, 60.2641601562, 72.227973938, 58.3654403687, 94.7632904053, 37.9765129089, 87.0032196045, 69.9401168823, 78.9003448486, 79.2474517822, 33.8095779419, 30.9639396667, 38.0287857056, 40.6432533264, 37.7265357971, 25.5256824493, 23.2252826691, 14.0250873566, 9.97038650513, 8.10731983185, 7.60951423645, 6.9967417717, 7.81046628952, 5.71271896362, 5.0826177597, 3.21640253067, 2.89733147621, 1.15822541714, 0.481091320515, 0.210763841867, 0.00941372290254, 0.00017127461615],
        "var": [0.42663192749, 4.70820379257, 61.3731765747, 221.933105469, 481.421539307, 1943.54638672, 581.573730469, 924.888122559, 729.76940918, 3631.76904297, 5216.88037109, 3406.52441406, 8980.08105469, 1442.21557617, 7569.56005859, 4891.62011719, 6225.26416016, 6280.15820312, 1143.08764648, 958.765563965, 1446.18847656, 1651.87390137, 1423.29162598, 651.56048584, 539.413757324, 196.703063965, 99.4086151123, 65.7286300659, 57.9047088623, 48.9543952942, 61.0033836365, 32.6351585388, 25.8330039978, 10.3452453613, 8.39452934265, 1.34148621559, 0.231448858976, 0.0444213971496, 8.86181805981e-05, 2.93349948777e-08]
    },
    "gfcc": {
        "mean": [-4.06836414337, 93.6063537598, -103.130386353, 15.3440523148, -63.1248054504, 18.8284854889, -42.8888168335, 13.6182584763, -25.7848243713, -0.598956823349, -7.87027597427, 0.26248434186, -14.560344696],
        "cov": [[6715.35693359, -2033.79260254, 493.248016357, 739.817504883, 301.754760742, 457.018676758, -185.047592163, 453.527374268, -76.8863677979, 240.720291138, -290.254730225, 303.43862915, -241.671829224], [-2033.79260254, 1568.83349609, -6.07978534698, -94.7316894531, 265.862609863, 114.604248047, 340.853607178, -44.0437812805, 225.10585022, -14.5356645584, 316.342834473, -52.8736991882, 190.689498901], [493.248016357, -6.07978534698, 1067.76586914, 401.251495361, 347.475494385, 265.834136963, 203.63243103, 204.714981079, 174.363082886, 208.048202515, 11.3536081314, 97.5600814819, 28.4120521545], [739.817504883, -94.7316894531, 401.251495361, 609.631591797, 326.607299805, 81.372215271, 108.810745239, 82.8198776245, 170.504501343, 148.865280151, -1.87471604347, 72.2653808594, 73.1180496216], [301.754760742, 265.862609863, 347.475494385, 326.607299805, 636.174804688, 295.93447876, 241.415344238, 177.655471802, 199.529205322, 93.4953765869, 87.6654434204, 79.7175140381, 85.5971221924], [457.018676758, 114.604248047, 265.834136963, 81.372215271, 295.93447876, 495.841430664, 219.886993408, 237.025039673, 108.774841309, 78.0320358276, 130.299179077, 69.0173568726, 15.1065587997], [-185.047592163, 340.853607178, 203.63243103, 108.810745239, 241.415344238, 219.886993408, 346.297210693, 97.335357666, 126.33442688, 51.7674980164, 121.671829224, 66.2752304077, 49.6752052307], [453.527374268, -44.0437812805, 204.714981079, 82.8198776245, 177.655471802, 237.025039673, 97.335357666, 313.22668457, 117.012634277, 97.9610671997, 82.2820892334, 47.1945800781, 22.2591133118], [-76.8863677979, 225.10585022, 174.363082886, 170.504501343, 199.529205322, 108.774841309, 126.33442688, 117.012634277, 230.418106079, 96.7620849609, 74.18334198, 37.0137367249, 69.9069747925], [240.720291138, -14.5356645584, 208.048202515, 148.865280151, 93.4953765869, 78.0320358276, 51.7674980164, 97.9610671997, 96.7620849609, 171.462615967, 46.6181030273, 30.5202274323, 25.6303577423], [-290.254730225, 316.342834473, 11.3536081314, -1.87471604347, 87.6654434204, 130.299179077, 121.671829224, 82.2820892334, 74.18334198, 46.6181030273, 200.677261353, 37.3932113647, 49.25157547], [303.43862915, -52.8736991882, 97.5600814819, 72.2653808594, 79.7175140381, 69.0173568726, 66.2752304077, 47.1945800781, 37.0137367249, 30.5202274323, 37.3932113647, 127.137069702, 32.0998077393], [-241.671829224, 190.689498901, 28.4120521545, 73.1180496216, 85.5971221924, 15.1065587997, 49.6752052307, 22.2591133118, 69.9069747925, 25.6303577423, 49.25157547, 32.0998077393, 125.442817688]],
        "icov": [[0.00042457782547, 0.000234777195146, 0.000197473520529, -0.000537857820746, -4.69820770377e-05, -0.000429351581261, 0.000288164650556, -0.000390463450458, 0.000341177452356, -0.000254023616435, 0.000436620321125, -0.000841296394356, 0.000674418639392], [0.000234777195146, 0.00254028383642, -0.000340588449035, 0.000906499626581, -0.000796468288172, 0.000205515287234, -0.00114711199421, 0.0015334590571, -0.00160091021098, 0.000904553744476, -0.0029320421163, 0.00224352907389, -0.00187519018073], [0.000197473520529, -0.000340588449035, 0.00186441536061, -0.00102750991937, -1.83146803465e-05, -0.000667145999614, -0.000151039930643, -0.000758093141485, 0.000557599356398, -0.0015888849739, 0.00169624947011, -0.00126667926088, 0.00103403511457], [-0.000537857820746, 0.000906499626581, -0.00102750991937, 0.00461760582402, -0.00165260594804, 0.00131577788852, -0.000878501858097, 0.00186364375986, -0.00214946293272, -0.000823393987957, -0.0011918800883, 0.00171565485653, -0.00249155331403], [-4.69820770377e-05, -0.000796468288172, -1.83146803465e-05, -0.00165260594804, 0.00384646933526, -0.00142914045136, -0.000442032178398, -0.000780784932431, -0.000538711494301, 0.000714834022801, 0.00122172478586, -0.000705989310518, -0.00019619804516], [-0.000429351581261, 0.000205515287234, -0.000667145999614, 0.00131577788852, -0.00142914045136, 0.00536063592881, -0.00191007193644, -0.00167723267805, 0.000119219541375, 0.0005272035487, -0.00227607437409, 0.000961065350566, 0.000101768302557], [0.000288164650556, -0.00114711199421, -0.000151039930643, -0.000878501858097, -0.000442032178398, -0.00191007193644, 0.00652464991435, -0.000175203604158, -0.000331756891683, 0.000139584764838, -1.34637984956e-05, -0.00294376839884, 0.00173911161255], [-0.000390463450458, 0.0015334590571, -0.000758093141485, 0.00186364375986, -0.000780784932431, -0.00167723267805, -0.000175203604158, 0.0078109158203, -0.00333886663429, -0.000605609035119, -0.00315364194103, 0.00221470161341, -0.00192385504488], [0.000341177452356, -0.00160091021098, 0.000557599356398, -0.00214946293272, -0.000538711494301, 0.000119219541375, -0.000331756891683, -0.00333886663429, 0.0106131089851, -0.00333858584054, 0.00193975726143, -0.00179931300227, -0.000238965483732], [-0.000254023616435, 0.000904553744476, -0.0015888849739, -0.000823393987957, 0.000714834022801, 0.0005272035487, 0.000139584764838, -0.000605609035119, -0.00333858584054, 0.0113113531843, -0.00367046217434, 0.00166574737523, -0.000959433731623], [0.000436620321125, -0.0029320421163, 0.00169624947011, -0.0011918800883, 0.00122172478586, -0.00227607437409, -1.34637984956e-05, -0.00315364194103, 0.00193975726143, -0.00367046217434, 0.0131130646914, -0.00514520285651, 0.00145125656854], [-0.000841296394356, 0.00224352907389, -0.00126667926088, 0.00171565485653, -0.000705989310518, 0.000961065350566, -0.00294376839884, 0.00221470161341, -0.00179931300227, 0.00166574737523, -0.00514520285651, 0.0144960647449, -0.00563256582245], [0.000674418639392, -0.00187519018073, 0.00103403511457, -0.00249155331403, -0.00019619804516, 0.000101768302557, 0.00173911161255, -0.00192385504488, -0.000238965483732, -0.000959433731623, 0.00145125656854, -0.00563256582245, 0.0143147157505]]
    },
    "melbands": {
        "dmean": [0.00191812636331, 0.00132245884743, 0.000954579736572, 0.00086819648277, 0.000370974594261, 0.00024409154139, 0.000161291376571, 0.000252297584666, 0.000140628850204, 0.00010977981583, 0.000113240741484, 4.92478029628e-05, 8.30864155432e-05, 4.09837266488e-05, 6.27063709544e-05, 4.59834882349e-05, 3.77268115699e-05, 1.85649423656e-05, 1.56287769641e-05, 1.47017008203e-05, 1.56511650857e-05, 1.91042854567e-05, 2.3921698812e-05, 1.40491638376e-05, 8.93487322173e-06, 9.10206563276e-06, 7.82728602644e-06, 4.06865910918e-06, 3.34737956109e-06, 2.37404992731e-06, 2.46512558988e-06, 2.43252111432e-06, 1.94706353795e-06, 2.22557491725e-06, 2.44007765104e-06, 1.91953972717e-06, 1.7104031258e-06, 1.6730812149e-06, 1.66502161392e-06, 1.25553242469e-06],
        "dmean2": [0.0030037057586, 0.00206587463617, 0.00143457716331, 0.00122985476628, 0.000585533154663, 0.000406750681577, 0.000253549165791, 0.000398630683776, 0.00019871625409, 0.000159014540259, 0.000158445749548, 7.29166349629e-05, 0.000112121531856, 5.49205142306e-05, 8.54324825923e-05, 6.74115581205e-05, 5.54249309062e-05, 2.9164903026e-05, 2.46216150117e-05, 2.51622350333e-05, 2.61917666649e-05, 3.46068773069e-05, 4.28265375376e-05, 2.38307966356e-05, 1.51886897584e-05, 1.61795178428e-05, 1.41849550346e-05, 7.19011813999e-06, 5.51831317352e-06, 3.80688061341e-06, 4.12847703046e-06, 4.05255696023e-06, 3.19361879519e-06, 3.54256781065e-06, 3.83951100957e-06, 3.03273259306e-06, 2.8602362363e-06, 2.72858051176e-06, 2.70763098342e-06, 2.0430522909e-06],
        "dvar": [9.47478565649e-06, 7.44580211176e-06, 3.500644425e-06, 4.61781837657e-06, 7.2646253102e-07, 3.50737536792e-07, 7.77067086233e-08, 1.96610997705e-07, 8.56965343132e-08, 5.60562298801e-08, 7.39994732157e-08, 1.53139723125e-08, 2.71016773468e-08, 7.78334463547e-09, 2.71775775218e-08, 9.1701997107e-09, 7.34648697431e-09, 1.86314697004e-09, 1.95113858403e-09, 1.87588011791e-09, 1.92965843304e-09, 2.37855313223e-09, 2.79859957431e-09, 9.20423959272e-10, 6.42301656306e-10, 4.00633248798e-10, 3.4782010605e-10, 1.16156480268e-10, 6.37634944844e-11, 2.16068777453e-11, 2.83349489705e-11, 2.91577595402e-11, 1.66305354904e-11, 1.5458669067e-11, 1.78595506439e-11, 1.44761988854e-11, 1.50917056629e-11, 1.29976029939e-11, 1.14414875144e-11, 6.25520295283e-12],
        "dvar2": [2.39346372837e-05, 1.73649077624e-05, 7.32534772396e-06, 8.36786603031e-06, 1.85067415259e-06, 1.02429328308e-06, 1.97934184598e-07, 4.37826258803e-07, 1.54773118766e-07, 1.21746083437e-07, 1.21388467278e-07, 3.3414849554e-08, 4.85222173552e-08, 1.39129170407e-08, 4.68509888663e-08, 1.91247462311e-08, 1.56492330206e-08, 4.31378044397e-09, 3.78741971119e-09, 5.32443600321e-09, 4.81965534149e-09, 6.70470878816e-09, 7.89033638426e-09, 2.32455477089e-09, 1.81546433442e-09, 1.12300324595e-09, 9.8870189813e-10, 3.23599536056e-10, 1.72345415717e-10, 5.21736612247e-11, 7.53581502755e-11, 7.81584172382e-11, 4.248028318e-11, 3.88594920131e-11, 4.4848191133e-11, 3.72690246719e-11, 4.0359004333e-11, 3.3490911433e-11, 2.9894097614e-11, 1.61430990103e-11],
        "max": [0.0227226037532, 0.0210415627807, 0.0213739722967, 0.0221013203263, 0.00987040996552, 0.00843744166195, 0.00372739462182, 0.00465086568147, 0.00473433546722, 0.00307342130691, 0.00549496803433, 0.00221801386215, 0.00248967087828, 0.00135750568006, 0.00275937002152, 0.00156769761816, 0.00154361792374, 0.000653935247101, 0.00118462287355, 0.000456613022834, 0.000717380433343, 0.000336023280397, 0.000315223325742, 0.000423156685429, 0.000339351856383, 0.000152002670802, 0.000156767346198, 0.000118638803542, 0.000109340158815, 4.39357172581e-05, 4.12232002418e-05, 3.79939847335e-05, 2.44556467806e-05, 3.96852155973e-05, 3.23365275108e-05, 3.27820671373e-05, 3.06473120872e-05, 2.74119738606e-05, 2.78891802736e-05, 2.03829476959e-05],
        "mean": [0.00439652753994, 0.00178622954991, 0.00124713394325, 0.00113557977602, 0.000546666444279, 0.000385961262509, 0.000280633190414, 0.000432032160461, 0.00026885358966, 0.000205145857763, 0.000218882967602, 7.60398979764e-05, 0.000165148710948, 7.37180525903e-05, 0.00010993322212, 7.73438296164e-05, 5.85822272114e-05, 2.51035125984e-05, 1.94490148715e-05, 1.68290789588e-05, 1.62260566867e-05, 1.67786038219e-05, 2.25803232752e-05, 1.72605887201e-05, 9.26848952076e-06, 8.41463679535e-06, 6.42083386992e-06, 3.51327435055e-06, 3.61032698493e-06, 2.67156588052e-06, 2.18042055167e-06, 2.07695165955e-06, 1.95722054741e-06, 2.72891043096e-06, 3.35006643581e-06, 2.19921844291e-06, 1.70354599049e-06, 1.93658797798e-06, 2.11078486245e-06, 1.52799907482e-06],
        "median": [0.00364658702165, 0.000591652118601, 0.000397197261918, 0.000350192683982, 0.000237814572756, 0.000168112150277, 0.000149701198097, 0.000178374466486, 6.37601988274e-05, 6.95434791851e-05, 5.67587921978e-05, 3.38968420692e-05, 4.97248547617e-05, 2.32923848671e-05, 2.37907006522e-05, 2.2656566216e-05, 1.62477426784e-05, 8.84889232111e-06, 6.44416195428e-06, 5.24185679751e-06, 4.1133293962e-06, 4.13398538512e-06, 5.39799566468e-06, 4.75699471281e-06, 3.03815272673e-06, 2.72270131063e-06, 1.61827711054e-06, 5.57239900445e-07, 8.97951622392e-07, 5.37316168447e-07, 2.19658062406e-07, 1.90128417898e-07, 3.1777446452e-07, 9.73854753283e-07, 1.26154418467e-06, 6.97182997556e-07, 4.55456216741e-07, 6.21220010544e-07, 6.97651330483e-07, 5.41834481282e-07],
        "min": [3.27786642274e-09, 7.92431364971e-09, 4.08347800018e-09, 1.2583715181e-09, 1.60819343953e-10, 6.71752820036e-10, 1.8115027256e-09, 1.93038807161e-09, 1.29549082573e-09, 3.34260641388e-09, 2.1970669728e-09, 4.07862010832e-09, 9.18596487764e-09, 8.51703063631e-09, 3.72801389759e-09, 8.51831605253e-10, 7.06387448535e-10, 5.74840897105e-10, 5.96116211948e-10, 4.95155083602e-10, 3.11738190817e-10, 1.85556209287e-10, 3.91949750433e-10, 1.00350318333e-10, 2.00598235939e-11, 3.06319240806e-11, 1.14043679014e-11, 1.22846247064e-11, 1.64245370776e-11, 2.46582806257e-11, 5.19967055523e-12, 1.16455369653e-11, 9.58371923487e-12, 7.63336616139e-11, 3.84814610732e-11, 1.22828787072e-11, 1.17074162864e-11, 2.1100409614e-11, 4.33923383336e-11, 2.02613585631e-11],
        "stdev": [0.00455471361056, 0.00306608807296, 0.0025499262847, 0.00265976996161, 0.000893967575394, 0.00064439768903, 0.000405365077313, 0.000656284100842, 0.000547724426724, 0.000399648968596, 0.000471972278319, 0.000152609092765, 0.000314289121889, 0.000146526494063, 0.000255515536992, 0.000158437396749, 0.000143071811181, 5.37662199349e-05, 5.66855560464e-05, 3.98169067921e-05, 4.43938770331e-05, 3.991957783e-05, 4.52143940493e-05, 3.40585211234e-05, 2.15500022023e-05, 1.66154950421e-05, 1.47465971168e-05, 8.8281403805e-06, 7.37555865271e-06, 5.07949243911e-06, 4.93457946504e-06, 4.84403244627e-06, 3.85354724131e-06, 4.15861813963e-06, 5.00295072925e-06, 3.84415170629e-06, 3.48521052729e-06, 3.52587903762e-06, 3.49453580384e-06, 2.54850897363e-06],
        "var": [2.07454177144e-05, 9.40089648793e-06, 6.50212450637e-06, 7.07437675374e-06, 7.99178053512e-07, 4.15248365471e-07, 1.64320837825e-07, 4.30708837484e-07, 3.00002028553e-07, 1.59719292014e-07, 2.22757819301e-07, 2.3289533857e-08, 9.87776545003e-08, 2.14700150991e-08, 6.52881837482e-08, 2.51024090403e-08, 2.04695425055e-08, 2.89080626104e-09, 3.21325210884e-09, 1.58538593364e-09, 1.97081639897e-09, 1.59357260721e-09, 2.04434136286e-09, 1.15998288752e-09, 4.64402599709e-10, 2.76074690886e-10, 2.17462131635e-10, 7.7936067322e-11, 5.43988673551e-11, 2.58012413518e-11, 2.43500740404e-11, 2.34646486269e-11, 1.48498262298e-11, 1.72941053839e-11, 2.50295166537e-11, 1.47775021386e-11, 1.2146692506e-11, 1.24318229322e-11, 1.22117810655e-11, 6.49489793544e-12]
    },
    "melbands128": {
