{
"lowlevel": {
    "average_loudness": 0.97606575489,
    "barkbands_crest": {
        "dmean": 3.68485403061,
        "dmean2": 5.61019468307,
        "dvar": 11.051074028,
        "dvar2": 22.3624992371,
        "max": 26.4609184265,
        "mean": 14.4204101562,
        "median": 13.7215204239,
        "min": 2.32003211975,
        "stdev": 5.92348098755,
        "var": 35.0876274109
    },
    "barkbands_flatness_db": {
        "dmean": 0.0427586808801,
        "dmean2": 0.0616090930998,
        "dvar": 0.00187157699838,
        "dvar2": 0.00370348454453,
        "max": 0.493506878614,
        "mean": 0.204648181796,
        "median": 0.193271830678,
        "min": 0.0429413244128,
        "stdev": 0.0793227627873,
        "var": 0.00629210099578
    },
    "barkbands_kurtosis": {
        "dmean": 14.3300914764,
        "dmean2": 22.0200309753,
        "dvar": 1028.58081055,
        "dvar2": 2486.00878906,
        "max": 594.98815918,
        "mean": 17.6054363251,
        "median": 6.44168663025,
        "min": -1.87395787239,
        "stdev": 35.5475502014,
        "var": 1263.6282959
    },
    "barkbands_skewness": {
        "dmean": 1.26917684078,
        "dmean2": 1.8611420393,
        "dvar": 2.19818592072,
        "dvar2": 4.70951032639,
        "max": 20.5694637299,
        "mean": 2.85630869865,
        "median": 2.21513795853,
        "min": -5.07480764389,
        "stdev": 2.33440041542,
        "var": 5.44942474365
    },
    "barkbands_spread": {
        "dmean": 8.23089885712,
        "dmean2": 12.7483510971,
        "dvar": 140.709976196,
        "dvar2": 297.565551758,
        "max": 105.620384216,
        "mean": 16.9368934631,
        "median": 13.1153821945,
        "min": 0.367887735367,
        "stdev": 15.9842309952,
        "var": 255.495651245
    },
    "dissonance": {
        "dmean": 0.0313469134271,
        "dmean2": 0.0519304536283,
        "dvar": 0.000787597033195,
        "dvar2": 0.00210319366306,
        "max": 0.499887466431,
        "mean": 0.439066141844,
        "median": 0.446856558323,
        "min": 0.238452449441,
        "stdev": 0.0409926734865,
        "var": 0.0016803991748
    },
    "dynamic_complexity": 2.19715046883,
    "erbbands_crest": {
        "dmean": 3.85226535797,
        "dmean2": 6.19763040543,
        "dvar": 12.0077047348,
        "dvar2": 29.6374721527,
        "max": 29.1324005127,
        "mean": 11.1528301239,
        "median": 10.0295181274,
        "min": 2.9721467495,
        "stdev": 5.39314508438,
        "var": 29.0860137939
    },
    "erbbands_flatness_db": {
        "dmean": 0.0244211573154,
        "dmean2": 0.0374719537795,
        "dvar": 0.000551488948986,
        "dvar2": 0.00121999508701,
        "max": 0.361260771751,
        "mean": 0.162720948458,
        "median": 0.157269969583,
        "min": 0.0633527114987,
        "stdev": 0.0466358140111,
        "var": 0.00217489921488
    },
    "erbbands_kurtosis": {
        "dmean": 2.13060832024,
        "dmean2": 3.42854452133,
        "dvar": 8.61676311493,
        "dvar2": 21.6698856354,
        "max": 38.5977745056,
        "mean": 1.90645313263,
        "median": 0.857064723969,
        "min": -1.80615568161,
        "stdev": 3.71760392189,
        "var": 13.8205795288
    },
    "erbbands_skewness": {
        "dmean": 0.578350305557,
        "dmean2": 0.895123660564,
        "dvar": 0.342654585838,
        "dvar2": 0.7539280653,
        "max": 5.41349506378,
        "mean": 0.765377402306,
        "median": 0.742128610611,
        "min": -4.13506507874,
        "stdev": 0.9086586833,
        "var": 0.825660586357
    },
    "erbbands_spread": {
        "dmean": 15.705534935,
        "dmean2": 24.511882782,
        "dvar": 323.375396729,
        "dvar2": 762.717346191,
        "max": 196.957931519,
        "mean": 42.7261619568,
        "median": 35.165802002,
        "min": 5.05360794067,
        "stdev": 27.1180210114,
        "var": 735.387023926
    },
    "hfc": {
        "dmean": 11.3049058914,
        "dmean2": 16.5575065613,
        "dvar": 223.869049072,
        "dvar2": 538.285339355,
        "max": 112.201347351,
        "mean": 20.9886989594,
        "median": 16.0435733795,
        "min": 1.20422594702e-16,
        "stdev": 18.0626678467,
        "var": 326.25994873
    },
    "loudness_ebu128": {
        "integrated": -6.49147224426,
        "loudness_range": 2.5361328125,
        "momentary": {
            "dmean": 0.435958504677,
            "dmean2": 0.714375674725,
            "dvar": 0.131371051073,
            "dvar2": 0.30111014843,
            "max": -5.00948810577,
            "mean": -6.68131685257,
            "median": -6.09801626205,
            "min": -11.0282716751,
            "stdev": 1.35698056221,
            "var": 1.84139609337
        },
        "short_term": {
            "dmean": 0.0755105763674,
            "dmean2": 0.125104174018,
            "dvar": 0.00325014581904,
            "dvar2": 0.00816166214645,
            "max": -5.46028995514,
            "mean": -6.53451681137,
            "median": -6.1719865799,
            "min": -9.31644535065,
            "stdev": 1.04794120789,
            "var": 1.09818089008
        }
    },
    "melbands_crest": {
        "dmean": 4.36512088776,
        "dmean2": 6.49011468887,
        "dvar": 14.5100755692,
        "dvar2": 29.8584060669,
        "max": 36.5607681274,
        "mean": 19.4018878937,
        "median": 18.5381793976,
        "min": 1.7090177536,
        "stdev": 7.85836029053,
        "var": 61.7538299561
    },
    "melbands_flatness_db": {
        "dmean": 0.0512273386121,
        "dmean2": 0.0724746882915,
        "dvar": 0.00276659941301,
        "dvar2": 0.00527463620529,
        "max": 0.623881518841,
        "mean": 0.267275691032,
        "median": 0.256346732378,
        "min": 0.00767207890749,
        "stdev": 0.102597922087,
        "var": 0.0105263330042
    },
    "melbands_kurtosis": {
        "dmean": 29.1694469452,
        "dmean2": 44.5287895203,
        "dvar": 2980.49853516,
        "dvar2": 6493.359375,
        "max": 668.022033691,
        "mean": 39.860042572,
        "median": 17.0885753632,
        "min": -1.88369178772,
        "stdev": 66.3042297363,
        "var": 4396.25097656
    },
    "melbands_skewness": {
        "dmean": 1.67759358883,
        "dmean2": 2.50712513924,
        "dvar": 3.49349093437,
        "dvar2": 7.42957115173,
        "max": 22.6360588074,
        "mean": 4.14122724533,
        "median": 3.30232596397,
        "min": -2.80908083916,
        "stdev": 2.97813439369,
        "var": 8.86928462982
    },
    "melbands_spread": {
        "dmean": 7.74301958084,
        "dmean2": 12.4347467422,
        "dvar": 231.981033325,
        "dvar2": 652.977966309,
        "max": 310.673217773,
        "mean": 15.5926113129,
        "median": 11.0577316284,
        "min": 0.345465809107,
        "stdev": 19.2330799103,
        "var": 369.911346436
    },
    "pitch_salience": {
        "dmean": 0.109037168324,
        "dmean2": 0.163096576929,
        "dvar": 0.0104156760499,
        "dvar2": 0.0228896588087,
        "max": 0.866594791412,
        "mean": 0.433018654585,
        "median": 0.439081758261,
        "min": 0.0469251163304,
        "stdev": 0.174132466316,
        "var": 0.030322117731
    },
    "silence_rate_20dB": {
        "dmean": 0,
        "dmean2": 0,
        "dvar": 0,
        "dvar2": 0,
        "max": 1,
        "mean": 1,
        "median": 1,
        "min": 1,
        "stdev": 0,
        "var": 0
    },
    "silence_rate_30dB": {
        "dmean": 0.0851393193007,
        "dmean2": 0.170410528779,
        "dvar": 0.0778900533915,
        "dvar2": 0.141369700432,
        "max": 1,
        "mean": 0.887857675552,
        "median": 1,
        "min": 0,
        "stdev": 0.315540105104,
        "var": 0.0995655581355
    },
    "silence_rate_60dB": {
        "dmean": 0.011609907262,
        "dmean2": 0.0232378002256,
        "dvar": 0.0114748310298,
        "dvar2": 0.0273464247584,
        "max": 1,
        "mean": 0.0154679045081,
        "median": 0,
        "min": 0,
        "stdev": 0.123401768506,
        "var": 0.0152279958129
    },
    "spectral_centroid": {
        "dmean": 348.624664307,
        "dmean2": 539.452514648,
        "dvar": 224394.28125,
        "dvar2": 463150.1875,
        "max": 10682.7265625,
        "mean": 1029.05407715,
        "median": 849.501281738,
        "min": 143.734207153,
        "stdev": 769.787963867,
        "var": 592573.5
    },
    "spectral_complexity": {
        "dmean": 4.84674930573,
        "dmean2": 7.30596446991,
        "dvar": 34.4377403259,
        "dvar2": 73.3325500488,
        "max": 47,
        "mean": 13.4029388428,
        "median": 12,
        "min": 0,
        "stdev": 8.00526714325,
        "var": 64.0842971802
    },
    "spectral_decrease": {
        "dmean": 5.84396930847e-09,
        "dmean2": 8.243103089e-09,
        "dvar": 5.52237092771e-17,
        "dvar2": 9.48121763472e-17,
        "max": 8.4930275587e-31,
        "mean": -1.3608228322e-08,
        "median": -1.0883096202e-08,
        "min": -5.71381448822e-08,
        "stdev": 1.13378906264e-08,
        "var": 1.28547771483e-16
    },
    "spectral_energy": {
        "dmean": 0.0226492937654,
        "dmean2": 0.0318431556225,
        "dvar": 0.000793932646047,
        "dvar2": 0.00135983736254,
        "max": 0.218439459801,
        "mean": 0.0532643012702,
        "median": 0.0427032448351,
        "min": 1.09194747492e-20,
        "stdev": 0.043174661696,
        "var": 0.00186405144632
    },
    "spectral_energyband_high": {
        "dmean": 0.00089038250735,
        "dmean2": 0.00141459703445,
        "dvar": 2.64839513875e-06,
        "dvar2": 6.62603906676e-06,
        "max": 0.0132437134162,
        "mean": 0.00110424554441,
        "median": 0.000418796873419,
        "min": 8.14836880615e-21,
        "stdev": 0.00172808871139,
        "var": 2.98629061035e-06
    },
    "spectral_energyband_low": {
        "dmean": 0.0192806925625,
        "dmean2": 0.0282190293074,
        "dvar": 0.000879883416928,
        "dvar2": 0.00163473538123,
        "max": 0.204711839557,
        "mean": 0.0357254780829,
        "median": 0.0211258921772,
        "min": 7.53380655386e-23,
        "stdev": 0.0421900823712,
        "var": 0.00178000307642
    },
    "spectral_energyband_middle_high": {
        "dmean": 0.00288608320989,
        "dmean2": 0.00450275745243,
        "dvar": 1.93153227883e-05,
        "dvar2": 4.55983536085e-05,
        "max": 0.0397926568985,
        "mean": 0.00477497978136,
        "median": 0.00220518512651,
        "min": 1.56820822366e-21,
        "stdev": 0.00601361179724,
        "var": 3.61635284207e-05
    },
    "spectral_energyband_middle_low": {
        "dmean": 0.0104746632278,
        "dmean2": 0.0171237681061,
        "dvar": 0.000289623625576,
        "dvar2": 0.000760793220252,
        "max": 0.107538290322,
        "mean": 0.013778029941,
        "median": 0.00847658980638,
        "min": 1.73691999957e-22,
        "stdev": 0.0161768756807,
        "var": 0.000261691311607
    },
    "spectral_entropy": {
        "dmean": 0.346372276545,
        "dmean2": 0.519878149033,
        "dvar": 0.120596542954,
        "dvar2": 0.271443992853,
        "max": 9.80113697052,
        "mean": 7.4189863205,
        "median": 7.45471191406,
        "min": 4.92938137054,
        "stdev": 0.591506004333,
        "var": 0.349879324436
    },
    "spectral_flux": {
        "dmean": 0.0582429505885,
        "dmean2": 0.0838418826461,
        "dvar": 0.00388881703839,
        "dvar2": 0.00613958342001,
        "max": 0.529927968979,
        "mean": 0.129856452346,
        "median": 0.101064242423,
        "min": 1.04496293563e-10,
        "stdev": 0.0930526182055,
        "var": 0.00865879002959
    },
    "spectral_kurtosis": {
        "dmean": 2.19081544876,
        "dmean2": 3.49689793587,
        "dvar": 15.2737112045,
        "dvar2": 33.5605506897,
        "max": 69.9309921265,
        "mean": 3.88636064529,
        "median": 2.60315084457,
        "min": -1.25485050678,
        "stdev": 5.27159261703,
        "var": 27.7896900177
    },
    "spectral_rms": {
        "dmean": 0.00146851630416,
        "dmean2": 0.00200941693038,
        "dvar": 2.22218613999e-06,
        "dvar2": 3.61983916264e-06,
        "max": 0.0145983444527,
        "mean": 0.0066538285464,
        "median": 0.00645458791405,
        "min": 3.26391583032e-12,
        "stdev": 0.0027733866591,
        "var": 7.69167309045e-06
    },
    "spectral_rolloff": {
        "dmean": 622.430603027,
        "dmean2": 1058.28063965,
        "dvar": 1931464.5,
        "dvar2": 4330059.5,
        "max": 18583.1542969,
        "mean": 1076.44335938,
        "median": 538.330078125,
        "min": 64.599609375,
        "stdev": 1795.45166016,
        "var": 3223646.75
    },
    "spectral_skewness": {
        "dmean": 0.364020317793,
        "dmean2": 0.546278178692,
        "dvar": 0.163673520088,
        "dvar2": 0.340444713831,
        "max": 6.74475383759,
        "mean": 1.56208586693,
        "median": 1.43591976166,
        "min": -0.355495542288,
        "stdev": 0.712217032909,
        "var": 0.507253110409
    },
    "spectral_spread": {
        "dmean": 965026.5625,
        "dmean2": 1409733.375,
        "dvar": 1.76987937178e+12,
        "dvar2": 3.14769067213e+12,
        "max": 39840596,
        "mean": 5663608,
        "median": 5339789.5,
        "min": 1065038.375,
        "stdev": 2188354.5,
        "var": 4.78889535078e+12
    },
    "spectral_strongpeak": {
        "dmean": 0.46318757534,
        "dmean2": 0.794669032097,
        "dvar": 0.60778516531,
        "dvar2": 1.59200942516,
        "max": 6.08470869064,
        "mean": 0.770487904549,
        "median": 0.540663719177,
        "min": 0,
        "stdev": 0.818591415882,
        "var": 0.670091867447
    },
    "zerocrossingrate": {
        "dmean": 0.014400517568,
        "dmean2": 0.01658719033,
        "dvar": 0.00044629277545,
        "dvar2": 0.000577612081543,
        "max": 0.49853515625,
        "mean": 0.0463542416692,
        "median": 0.03466796875,
        "min": 0.0029296875,
        "stdev": 0.0446939319372,
        "var": 0.00199754745699
    },
    "barkbands": {
        "dmean": [0.00107238581404, 0.016559695825, 0.00804054178298, 0.0044595845975, 0.00382045470178, 0.00173042714596, 0.00143487588502, 0.000701712444425, 0.000892504467629, 0.00150508864317, 0.000559348904062, 0.000425947015174, 0.000419641670305, 0.000252817408182, 0.000250253156992, 0.000129210166051, 0.000114534705062, 9.83394420473e-05, 9.00028244359e-05, 0.000146534264786, 0.000166035999428, 0.000191413157154, 0.000218075903831, 0.000187434561667, 0.000110457709525, 2.41510151682e-05, 4.12598751609e-07],
        "dmean2": [0.00158410589211, 0.0254293177277, 0.0144707038999, 0.00829044822603, 0.00616974569857, 0.00273398822173, 0.00232973485254, 0.00115226069465, 0.00137880002148, 0.0023984129075, 0.000876914535183, 0.000681250123307, 0.000653934723232, 0.000400677148718, 0.000408718275139, 0.000217440770939, 0.000184603442904, 0.000161744537763, 0.000150168445543, 0.000242155612796, 0.000277675775578, 0.000310183328111, 0.000356353644747, 0.00029742604238, 0.000175013687112, 3.96005561925e-05, 7.45958743664e-07],
        "dvar": [3.38979316439e-06, 0.000768755504396, 0.000479300273582, 0.000150663705426, 5.90971758356e-05, 7.83692576078e-06, 9.77940908342e-06, 2.95389804705e-06, 3.36139828505e-06, 9.30467103899e-06, 2.04040679819e-06, 8.56483666212e-07, 5.88730188156e-07, 2.50923875456e-07, 2.83029521597e-07, 7.54340447884e-08, 5.99780420885e-08, 3.32389191726e-08, 2.62242210169e-08, 6.68126887149e-08, 9.61250989917e-08, 1.32330811198e-07, 1.70349238715e-07, 1.57910946541e-07, 5.54753185611e-08, 5.89608450952e-09, 4.03310327843e-12],
        "dvar2": [7.0307473834e-06, 0.00180584774353, 0.00134874589276, 0.000432721222751, 0.000142102871905, 1.83842676051e-05, 2.43954800681e-05, 8.01849091658e-06, 7.45303714211e-06, 2.25827807299e-05, 4.15734029957e-06, 2.00469867195e-06, 1.25373901483e-06, 5.65147786347e-07, 7.01025044236e-07, 2.01761366725e-07, 1.48565106883e-07, 8.50578416589e-08, 6.95749022839e-08, 1.68557434677e-07, 2.5520674285e-07, 3.42645364526e-07, 4.40870110197e-07, 3.96402157321e-07, 1.31805762749e-07, 1.51094301515e-08, 1.15193497102e-11],
        "max": [0.0145681519061, 0.190458327532, 0.145832434297, 0.0830177143216, 0.074250459671, 0.0317970886827, 0.0429491996765, 0.0315066203475, 0.0203205235302, 0.0305713452399, 0.0252853166312, 0.0167633686215, 0.0110131120309, 0.00583184603602, 0.00741190183908, 0.00295557035133, 0.00378038291819, 0.00210107304156, 0.00264811189845, 0.00207761325873, 0.00231227325276, 0.0030428795144, 0.0031005658675, 0.00408053351566, 0.00287834904157, 0.00153925758786, 3.91779867641e-05],
        "mean": [0.0013254218502, 0.0266121160239, 0.0059848530218, 0.00307108298875, 0.00404298817739, 0.00241560488939, 0.00160089414567, 0.000805829360615, 0.00121111329645, 0.00208056811243, 0.000758482492529, 0.000527131895069, 0.000539778207894, 0.000303588109091, 0.000302648142679, 0.000130928383442, 0.000133501525852, 0.00011689827079, 0.000107341533294, 0.000175195804331, 0.000176883928361, 0.000210764672374, 0.000263258378254, 0.000215831940295, 0.000124978483655, 2.63823767455e-05, 2.89372621864e-07],
        "median": [0.000278317980701, 0.0149808106944, 0.000844363064971, 0.00024983639014, 0.0016940619098, 0.000743148731999, 0.000450778374216, 0.000204656666028, 0.00024570140522, 0.000358784716809, 0.000149527608301, 0.000111175519123, 0.000164622702869, 8.04052251624e-05, 7.63158750487e-05, 3.75102317776e-05, 4.36584377894e-05, 4.77640423924e-05, 4.39568757429e-05, 6.58841745462e-05, 5.45962357137e-05, 7.46131991036e-05, 0.000106807354314, 5.21450019733e-05, 2.66822935373e-05, 4.84210704599e-06, 7.64563168332e-09],
        "min": [1.17472401286e-23, 4.27473500902e-23, 1.36045279329e-23, 1.9590210422e-23, 1.07376993294e-23, 1.85199975417e-23, 2.95001225048e-23, 2.36988346746e-23, 6.22843045124e-23, 1.89490069233e-23, 8.95798132226e-23, 5.2146173392e-23, 6.84739091232e-23, 1.81011202897e-22, 1.43038973016e-22, 2.42655129059e-22, 1.58463841664e-22, 6.32033022235e-23, 3.43758243732e-22, 4.11298217274e-22, 4.60079128977e-22, 6.54223931934e-22, 6.50029211402e-22, 8.47357276371e-22, 1.5458673799e-21, 1.76980583104e-21, 2.13286663022e-21],
        "stdev": [0.002317388542, 0.0339061617851, 0.0172384548932, 0.00928175076842, 0.00748393079266, 0.00391607545316, 0.00327631668188, 0.00170601939317, 0.00251477491111, 0.00411922903731, 0.00211713206954, 0.00124136300292, 0.00098984898068, 0.0006368078175, 0.000638693745714, 0.000268300587777, 0.000272981415037, 0.000196444962057, 0.000179386290256, 0.000278890831396, 0.000311598647386, 0.000356626027497, 0.000421040283982, 0.000420037686126, 0.00026590062771, 7.93418221292e-05, 1.57052488703e-06],
        "var": [5.37028972758e-06, 0.00114962784573, 0.000297164311633, 8.61508960952e-05, 5.60092230444e-05, 1.53356468218e-05, 1.07342502815e-05, 2.91050218948e-06, 6.32409319223e-06, 1.69680461113e-05, 4.48224773208e-06, 1.54098211169e-06, 9.79800915957e-07, 4.0552421865e-07, 4.07929718449e-07, 7.19852053521e-08, 7.45188586393e-08, 3.8590620477e-08, 3.21794431102e-08, 7.7780093477e-08, 9.70937108491e-08, 1.27182133269e-07, 1.77274927182e-07, 1.76431655063e-07, 7.07031446723e-08, 6.29512486583e-09, 2.46654844986e-12]
    },
    "erbbands": {
        "dmean": [0.512172579765, 3.85468673706, 8.23843288422, 13.7994680405, 9.37884902954, 14.0808610916, 20.2776031494, 13.3455972672, 19.725856781, 17.7310619354, 15.1094856262, 22.5353469849, 32.9945716858, 40.9276885986, 20.8193817139, 19.4051456451, 18.8204097748, 14.7102813721, 13.0909032822, 9.2994184494, 7.13442850113, 5.66443157196, 5.46037530899, 4.71066999435, 5.16302680969, 6.90924787521, 6.47137451172, 6.60656929016, 6.72053527832, 7.06181573868, 6.08085536957, 4.26846122742, 2.90206193924, 1.69810950756, 0.573905169964, 0.178463980556, 0.0286929216236, 0.00239415466785, 7.6301927038e-05, 2.78378338407e-05],
        "dmean2": [0.770110666752, 6.01276016235, 14.0394191742, 25.4567012787, 16.2534046173, 22.8855838776, 33.3614730835, 21.0341510773, 32.15574646, 28.6346302032, 24.4892578125, 33.5527915955, 52.6478691101, 64.8520889282, 32.2378768921, 30.9095001221, 28.8775997162, 23.47108078, 20.8612365723, 15.8801403046, 11.9658794403, 9.15027427673, 8.93989944458, 7.85850667953, 8.48771476746, 11.3804883957, 10.7931880951, 10.8235435486, 11.0354995728, 11.48163414, 9.90506649017, 6.79101324081, 4.61936473846, 2.74644708633, 0.905043125153, 0.287593275309, 0.0466674119234, 0.00403902772814, 0.000125258884509, 3.93122754758e-05],
        "dvar": [0.573655307293, 50.0646247864, 385.208374023, 1575.36547852, 384.882507324, 837.708679199, 1973.37805176, 547.072631836, 1597.24682617, 2111.44702148, 1178.89306641, 2318.97070312, 4903.73974609, 8591.08789062, 2162.80297852, 1739.75585938, 1128.95617676, 1031.83837891, 715.070556641, 394.862548828, 243.217422485, 129.487594604, 100.285514832, 103.579284668, 79.2814407349, 138.987533569, 139.53024292, 145.28678894, 176.376831055, 174.744659424, 131.3959198, 71.9568099976, 39.306968689, 13.3073644638, 1.64588606358, 0.285635411739, 0.00746715161949, 6.90685701557e-05, 8.13666147792e-08, 9.56817514108e-10],
        "dvar2": [1.02905237675, 124.491416931, 1026.2902832, 4515.62890625, 1079.65551758, 1923.55212402, 5065.24121094, 1260.31433105, 4037.60644531, 5072.32617188, 2983.08959961, 5037.24414062, 11728.9980469, 20643.0410156, 4583.08447266, 4141.88378906, 2382.36938477, 2295.41040039, 1604.19873047, 1053.90612793, 648.355224609, 327.454833984, 253.165542603, 283.268096924, 204.246276855, 339.104949951, 363.893432617, 377.040344238, 467.906066895, 459.286346436, 332.071563721, 177.393692017, 100.088264465, 32.8963546753, 3.82274675369, 0.707043707371, 0.0188978295773, 0.000186614561244, 2.30531128409e-07, 1.72580161273e-09],
        "max": [5.08580541611, 46.5213890076, 132.723953247, 250.419296265, 129.084838867, 286.215087891, 386.661743164, 356.982879639, 489.500457764, 727.546325684, 507.51675415, 634.514465332, 812.005493164, 1159.49145508, 760.992797852, 838.487426758, 493.662902832, 425.702972412, 461.616668701, 167.2762146, 151.356170654, 139.678924561, 120.459037781, 187.09312439, 73.5606994629, 118.179244995, 97.6820678711, 81.2289505005, 112.998336792, 100.632141113, 89.6598434448, 75.4471359253, 64.643913269, 47.3565254211, 18.1862468719, 10.2207889557, 1.60677659512, 0.146408170462, 0.00567146856338, 0.000237735875999],
        "mean": [0.931201994419, 5.22516918182, 7.59670257568, 9.49600124359, 8.32066059113, 15.2011537552, 22.0991287231, 19.1218585968, 22.021572113, 20.9298038483, 18.925535202, 32.2411880493, 47.0581855774, 55.3807640076, 29.5766773224, 25.5010910034, 25.4075584412, 18.5996837616, 17.8220291138, 9.99112606049, 7.57021713257, 6.66451501846, 6.6825671196, 5.91877126694, 5.97296047211, 8.59046840668, 7.25637054443, 6.92155408859, 7.25578212738, 8.26488113403, 7.27474784851, 5.04868364334, 3.24375915527, 1.86514246464, 0.641436100006, 0.198322251439, 0.031933080405, 0.00234220875427, 9.55364375841e-05, 6.57121418044e-05],
        "median": [0.319892317057, 2.86026597023, 2.28411054611, 1.00968909264, 2.47805571556, 5.91166400909, 6.79287147522, 6.01117897034, 7.29291534424, 6.33127307892, 6.10407066345, 7.96820306778, 11.3825426102, 10.9838218689, 9.83461761475, 7.81504964828, 8.39859199524, 5.55314826965, 5.05050849915, 3.60749840736, 2.41100430489, 2.18625664711, 2.64417624474, 2.57914686203, 2.46508288383, 3.25929236412, 2.39443540573, 2.0621676445, 2.64028525352, 3.17416858673, 2.87226486206, 1.44587481022, 0.764132618904, 0.423844903708, 0.108266741037, 0.0350548401475, 0.00630364660174, 0.000441502692411, 4.29446699854e-05, 5.46681549167e-05],
        "min": [1.4700205117e-21, 8.85514051741e-21, 1.14488525698e-20, 5.74064185217e-20, 2.02992868819e-20, 5.74029353159e-20, 9.89043961052e-20, 1.5059399493e-19, 3.57608609425e-19, 4.36405912125e-19, 9.18927867182e-19, 1.23757376236e-18, 7.60668311967e-19, 1.06178226916e-18, 3.98868683402e-18, 2.48448949577e-18, 3.12985891161e-18, 5.78528590135e-18, 7.51001331322e-18, 1.1773401452e-17, 1.23657595507e-17, 9.78242569405e-18, 4.78810974675e-18, 1.21366743616e-17, 1.74240566776e-17, 1.793073789e-17, 1.69262908178e-17, 2.21238851599e-17, 2.09837275277e-17, 2.02325135282e-17, 1.95026507148e-17, 1.58981334406e-17, 1.70333461871e-17, 1.58825311599e-17, 1.0684699417e-17, 5.98054891598e-18, 3.90364315447e-18, 1.08870203502e-18, 3.02571914724e-19, 3.41272328702e-20],
        "stdev": [1.20949947834, 7.56852960587, 16.8940868378, 30.0435276031, 16.1458702087, 29.2171401978, 43.8723869324, 34.0408096313, 41.2310600281, 50.8770980835, 37.9215431213, 68.0921630859, 99.2540512085, 120.245658875, 66.2475585938, 54.9091529846, 44.4554595947, 41.6283454895, 36.8768920898, 19.2640838623, 15.3254137039, 12.5372457504, 10.8428010941, 10.4800329208, 9.53538608551, 13.6925706863, 12.5011863708, 11.9573440552, 12.6191263199, 13.1596279144, 11.9056129456, 9.26537227631, 6.52465963364, 3.89564585686, 1.49069726467, 0.58018475771, 0.0912492796779, 0.00765025103465, 0.000240893568844, 4.80275703012e-05],
        "var": [1.46288907528, 57.2826385498, 285.41015625, 902.613525391, 260.689117432, 853.641235352, 1924.78637695, 1158.7767334, 1700.00024414, 2588.47900391, 1438.04345703, 4636.54248047, 9851.3671875, 14459.0175781, 4388.73876953, 3015.01513672, 1976.28771973, 1732.91918945, 1359.90527344, 371.104919434, 234.868301392, 157.182540894, 117.566329956, 109.831085205, 90.9235839844, 187.486495972, 156.279663086, 142.97807312, 159.242355347, 173.175796509, 141.743621826, 85.8471221924, 42.5711860657, 15.1760559082, 2.22217845917, 0.336614340544, 0.00832643080503, 5.8526344219e-05, 5.80297125907e-08, 2.30664753964e-09]
    },
    "gfcc": {
        "mean": [-8.20986175537, 94.444190979, -98.7753219604, 37.1909790039, -71.3786849976, 33.0771598816, -29.1250190735, 9.3601102829, -18.856716156, 3.32200932503, -4.8581237793, 2.37040996552, -2.10792803764],
        "cov": [[5582.96240234, -543.506896973, -364.967102051, 410.125061035, -214.761444092, 371.942962646, -220.161743164, 174.740203857, -130.252288818, 140.622543335, -255.114578247, 107.800346375, -85.0899658203], [-543.506896973, 2006.67297363, 571.85345459, 51.4389076233, 598.745117188, 27.9287891388, 376.731628418, -151.626022339, 184.144790649, -152.944412231, 143.336410522, -221.214706421, 13.0440349579], [-364.967102051, 571.85345459, 1573.0748291, 502.898956299, 345.437805176, 272.370330811, 129.109924316, 81.9640960693, 54.4251289368, 28.5788230896, 29.4439220428, -30.4919872284, -26.09674263], [410.125061035, 51.4389076233, 502.898956299, 611.688049316, 232.873306274, 173.866592407, 71.2719802856, 76.7530136108, 54.9190139771, 4.50580072403, -8.97010993958, -31.11627388, 55.7904167175], [-214.761444092, 598.745117188, 345.437805176, 232.873306274, 542.391357422, 229.774261475, 300.626068115, 25.1311836243, 131.683685303, 2.30563259125, 55.2234306335, -79.1836700439, 38.3285102844], [371.942962646, 27.9287891388, 272.370330811, 173.866592407, 229.774261475, 406.595550537, 237.725982666, 86.8017807007, 51.598739624, 70.9672164917, 17.0867214203, -4.64780092239, -4.61139965057], [-220.161743164, 376.731628418, 129.109924316, 71.2719802856, 300.626068115, 237.725982666, 391.083770752, 90.0605545044, 133.531433105, 31.2151699066, 93.697303772, -25.1800003052, 20.8615207672], [174.740203857, -151.626022339, 81.9640960693, 76.7530136108, 25.1311836243, 86.8017807007, 90.0605545044, 206.664733887, 93.9870529175, 69.2762527466, 31.5165328979, 55.3360939026, 10.1572914124], [-130.252288818, 184.144790649, 54.4251289368, 54.9190139771, 131.683685303, 51.598739624, 133.531433105, 93.9870529175, 201.137710571, 66.0547866821, 75.8483505249, 12.3721942902, 44.4240226746], [140.622543335, -152.944412231, 28.5788230896, 4.50580072403, 2.30563259125, 70.9672164917, 31.2151699066, 69.2762527466, 66.0547866821, 146.412414551, 46.0287437439, 50.4986724854, 10.3538331985], [-255.114578247, 143.336410522, 29.4439220428, -8.97010993958, 55.2234306335, 17.0867214203, 93.697303772, 31.5165328979, 75.8483505249, 46.0287437439, 136.870620728, 31.0776042938, 32.7781829834], [107.800346375, -221.214706421, -30.4919872284, -31.11627388, -79.1836700439, -4.64780092239, -25.1800003052, 55.3360939026, 12.3721942902, 50.4986724854, 31.0776042938, 131.654586792, 37.3440551758], [-85.0899658203, 13.0440349579, -26.09674263, 55.7904167175, 38.3285102844, -4.61139965057, 20.8615207672, 10.1572914124, 44.4240226746, 10.3538331985, 32.7781829834, 37.3440551758, 120.453971863]],
        "icov": [[0.000433838897152, -0.000587800168432, 0.000554289727006, -0.000711610307917, 0.000416258408222, -0.000924912281334, 0.000740097661037, -0.000633846444543, 0.000491217069793, -0.000781251234002, 0.000915108714253, -0.000855536083691, 0.000479422975332], [-0.000587800168432, 0.00249054771848, -0.00143034826033, 0.00163830420934, -0.00161151075736, 0.00208408781327, -0.00187429180369, 0.0021609920077, -0.00195081252605, 0.00258211605251, -0.00230573490262, 0.00248515931889, -0.000664184510242], [0.000554289727006, -0.00143034826033, 0.0019832001999, -0.00185920100193, 0.000443840661319, -0.00183527206536, 0.00171288545243, -0.00142513518222, 0.0012316548964, -0.0015108169755, 0.00110807223246, -0.00190767261665, 0.00141479086597], [-0.000711610307917, 0.00163830420934, -0.00185920100193, 0.00445988681167, -0.00195133313537, 0.000930226640776, -0.000312558433507, 0.000227872660616, -0.00130271434318, 0.0024189397227, -0.00165217288304, 0.00300345523283, -0.00266617420129], [0.000416258408222, -0.00161151075736, 0.000443840661319, -0.00195133313537, 0.00608116993681, -0.00204541371204, -0.00166230229661, 0.000266826449661, -0.00051405467093, -0.00133488769643, 0.00197721272707, -1.38309223985e-05, -0.000508852768689], [-0.000924912281334, 0.00208408781327, -0.00183527206536, 0.000930226640776, -0.00204541371204, 0.0083140283823, -0.005816438701, 0.00167705921922, 0.000384932412999, -0.000811515492387, -0.000311271578539, 0.00176387955435, -0.00040680373786], [0.000740097661037, -0.00187429180369, 0.00171288545243, -0.000312558433507, -0.00166230229661, -0.005816438701, 0.0103843966499, -0.00401223963127, -0.000219748573727, 0.000490947568323, -0.00188572262414, -0.000952898990363, 0.00093518832], [-0.000633846444543, 0.0021609920077, -0.00142513518222, 0.000227872660616, 0.000266826449661, 0.00167705921922, -0.00401223963127, 0.0109806628898, -0.00543604278937, 0.000977693474852, -0.000500902649947, -0.00135547644459, 0.00112950452603], [0.000491217069793, -0.00195081252605, 0.0012316548964, -0.00130271434318, -0.00051405467093, 0.000384932412999, -0.000219748573727, -0.00543604278937, 0.0123965134844, -0.00555915851146, -0.00034816833795, -0.000184349875781, -0.00183891516645], [-0.000781251234002, 0.00258211605251, -0.0015108169755, 0.0024189397227, -0.00133488769643, -0.000811515492387, 0.000490947568323, 0.000977693474852, -0.00555915851146, 0.0144724454731, -0.00548475934193, 0.000271686381893, 0.000161555115483], [0.000915108714253, -0.00230573490262, 0.00110807223246, -0.00165217288304, 0.00197721272707, -0.000311271578539, -0.00188572262414, -0.000500902649947, -0.00034816833795, -0.00548475934193, 0.0149784414098, -0.00504863308743, -0.000281695683952], [-0.000855536083691, 0.00248515931889, -0.00190767261665, 0.00300345523283, -1.38309223985e-05, 0.00176387955435, -0.000952898990363, -0.00135547644459, -0.000184349875781, 0.000271686381893, -0.00504863308743, 0.0159461013973, -0.00585187552497], [0.000479422975332, -0.000664184510242, 0.00141479086597, -0.00266617420129, -0.000508852768689, -0.00040680373786, 0.00093518832, 0.00112950452603, -0.00183891516645, 0.000161555115483, -0.000281695683952, -0.00585187552497, 0.0126982703805]]
    },
    "melbands": {
        "dmean": [0.0045493687503, 0.00393114658073, 0.00217793998308, 0.000741513504181, 0.000729814404622, 0.000306712201564, 0.000297629623674, 0.00018030362844, 0.000125155813294, 0.000140787902637, 0.000169750113855, 0.000179294031113, 7.83944487921e-05, 4.64590775664e-05, 5.14682251378e-05, 3.69303706975e-05, 2.66168699454e-05, 2.11373899219e-05, 1.58442526299e-05, 1.05065537355e-05, 8.30934277474e-06, 6.37925995761e-06, 5.33170623385e-06, 5.05788921146e-06, 3.82371354135e-06, 3.53240261575e-06, 4.68664347864e-06, 4.63281048724e-06, 3.99029431719e-06, 4.63754076918e-06, 3.64565835298e-06, 3.80280494028e-06, 3.88187891076e-06, 4.14493524659e-06, 3.70648717762e-06, 3.03032106785e-06, 2.54641076936e-06, 2.11152541851e-06, 1.84487294064e-06, 1.33276103043e-06],
        "dmean2": [0.00686540687457, 0.00611936533824, 0.0039715799503, 0.00121130130719, 0.00119101582095, 0.000483084237203, 0.000484152289573, 0.000292813871056, 0.000203427334782, 0.000212297367398, 0.000272033212241, 0.000284631561954, 0.000121802739159, 7.32838525437e-05, 8.09599514469e-05, 5.77998616791e-05, 4.30868130934e-05, 3.31784176524e-05, 2.69559295702e-05, 1.77653200808e-05, 1.39250250868e-05, 1.05037524918e-05, 8.53738765727e-06, 8.32605019241e-06, 6.48546347293e-06, 5.89743376622e-06, 7.80383652454e-06, 7.6318056017e-06, 6.6273455559e-06, 7.96944186732e-06, 5.9358726503e-06, 6.37330958853e-06, 6.36795402897e-06, 6.82076051817e-06, 6.05473496762e-06, 4.93012748848e-06, 4.10463735534e-06, 3.42179896506e-06, 2.96787902698e-06, 2.18472109736e-06],
        "dvar": [5.0264159654e-05, 5.90922427364e-05, 3.55602824129e-05, 1.71426529505e-06, 2.61843729277e-06, 2.68243326218e-07, 3.73418458821e-07, 2.13569151697e-07, 7.36443297455e-08, 9.41027806789e-08, 1.30036625023e-07, 1.74092491534e-07, 3.9793018658e-08, 9.027949055e-09, 9.83202230742e-09, 5.47750822477e-09, 3.43563555383e-09, 1.78038273013e-09, 1.37026823221e-09, 4.98724006537e-10, 3.48805789807e-10, 2.0730647754e-10, 8.53862189287e-11, 8.8201758397e-11, 8.57292778433e-11, 3.27874845329e-11, 9.20465093035e-11, 6.07841207922e-11, 5.00809324566e-11, 1.01662817054e-10, 4.33809620171e-11, 5.94567728385e-11, 5.65936845998e-11, 6.30506827304e-11, 4.85704566844e-11, 3.22917213802e-11, 2.86629608937e-11, 2.23992421833e-11, 1.46458262185e-11, 8.50181817308e-12],
        "dvar2": [0.000106670224341, 0.00013835982827, 0.000101472396636, 4.15266777054e-06, 6.50272158964e-06, 6.26044993624e-07, 9.46995101003e-07, 5.35756385034e-07, 1.84288921901e-07, 2.03563658374e-07, 3.12058233476e-07, 4.20171119231e-07, 7.90687195718e-08, 2.1580920162e-08, 2.18746567526e-08, 1.25110819482e-08, 7.73498598505e-09, 3.86680465425e-09, 3.71131281263e-09, 1.30014843336e-09, 9.18170539599e-10, 5.31321764363e-10, 2.03081343408e-10, 2.27856664092e-10, 2.39899072829e-10, 8.37721558788e-11, 2.43264991484e-10, 1.48336801176e-10, 1.28664939814e-10, 2.79636425127e-10, 1.09140786686e-10, 1.5781551066e-10, 1.48399653677e-10, 1.68162650471e-10, 1.22946167136e-10, 8.09036240779e-11, 7.26480819946e-11, 5.81531663102e-11, 3.65962538051e-11, 2.11078359652e-11],
        "max": [0.049654264003, 0.0499828085303, 0.0374878719449, 0.0107934987172, 0.0152771249413, 0.00711140083149, 0.00754692452028, 0.006446829997, 0.00335561577231, 0.00396415730938, 0.00406768685207, 0.00511616142467, 0.00355029595084, 0.0019873206038, 0.00171432644129, 0.000913777563255, 0.000751082145143, 0.000699313706718, 0.000322867592331, 0.000302464555716, 0.000178705959115, 0.00020696548745, 9.17508732527e-05, 0.00011271618132, 0.000173588778125, 6.6266162321e-05, 8.10233832453e-05, 7.68897516537e-05, 8.50568030728e-05, 9.34624331421e-05, 4.71815583296e-05, 6.83391917846e-05, 7.31494292268e-05, 5.84435001656e-05, 5.52214405616e-05, 4.48145292467e-05, 5.54274083697e-05, 4.83273615828e-05, 4.54219152743e-05, 3.82589787478e-05],
        "mean": [0.00779863027856, 0.0048961401917, 0.00157877942547, 0.000797866028734, 0.000803298375104, 0.000432959437603, 0.000331338029355, 0.000211147038499, 0.000156285910634, 0.000198488531169, 0.000237532163737, 0.000236896565184, 0.00010853423737, 5.97244143137e-05, 6.73050963087e-05, 4.65430639451e-05, 3.2317260775e-05, 2.84118614218e-05, 1.68174574355e-05, 1.08699005068e-05, 8.48716172186e-06, 6.927690265e-06, 6.56009069644e-06, 5.98335191171e-06, 4.56567659057e-06, 4.05183936891e-06, 5.12466385771e-06, 5.64984793527e-06, 4.64021832158e-06, 4.30408636021e-06, 3.90417608287e-06, 3.96203222408e-06, 4.26781707574e-06, 4.82016957903e-06, 4.38291954197e-06, 3.53492873728e-06, 2.87768307317e-06, 2.30253544942e-06, 2.02016963158e-06, 1.40711540553e-06],
        "median": [0.00362416286953, 0.00235742842779, 0.000220298374188, 0.000364288833225, 0.000289089395665, 0.000137854032801, 0.000106033636257, 6.41617152723e-05, 4.47475722467e-05, 4.27131490142e-05, 5.34434548172e-05, 4.25238067692e-05, 2.4495735488e-05, 1.63999520737e-05, 2.02977680601e-05, 1.35566187964e-05, 8.33704962133e-06, 7.44424914956e-06, 4.64934146294e-06, 3.42188945979e-06, 2.24688142225e-06, 2.14733108805e-06, 1.98909242499e-06, 2.40522763306e-06, 1.84132966297e-06, 1.58742955136e-06, 1.81699817858e-06, 2.12914005715e-06, 1.55104817168e-06, 1.05876972611e-06, 1.15544685286e-06, 1.40602014653e-06, 1.38100426739e-06, 1.89711488474e-06, 1.73664943759e-06, 1.11604322228e-06, 6.82453844547e-07, 5.19165212154e-07, 4.61455130107e-07, 3.0799697015e-07],
        "min": [1.33752470885e-23, 8.55956601768e-24, 8.07205155597e-24, 2.12641421028e-24, 3.5256560437e-24, 3.58950486765e-24, 5.52215531531e-24, 4.53411689228e-24, 8.87650745243e-24, 7.80197713646e-24, 3.70009882783e-24, 3.39255075431e-24, 1.29114150201e-23, 8.63977818338e-24, 4.57475427295e-24, 8.48501629555e-24, 1.19444348445e-23, 1.45068948784e-23, 1.15117264942e-23, 1.63746066907e-23, 1.38942134345e-23, 1.0151966163e-23, 5.67371955546e-24, 3.82986368572e-24, 1.03489257984e-23, 1.38579463433e-23, 1.24528422873e-23, 1.17425897935e-23, 1.02791092417e-23, 1.2052772268e-23, 1.23522806657e-23, 1.08252234468e-23, 1.43017137346e-23, 9.94747685027e-24, 1.07694707024e-23, 1.11651562327e-23, 9.08862741668e-24, 1.14635949349e-23, 1.53546268952e-23, 1.16752818145e-23],
        "stdev": [0.00982445850968, 0.00799308996648, 0.00456231413409, 0.00130135356449, 0.00158188445494, 0.000734056928195, 0.000629097921774, 0.000491795362905, 0.000304795394186, 0.000435562076746, 0.000508111610543, 0.000538703636266, 0.00029642554, 0.000129331296193, 0.000130512329633, 9.12799441721e-05, 7.50700783101e-05, 5.91690113652e-05, 3.49649417331e-05, 2.24436462304e-05, 1.87052264664e-05, 1.52879074449e-05, 1.11273539005e-05, 9.94162928691e-06, 9.04441367311e-06, 6.54073983242e-06, 9.27834753384e-06, 9.03327236301e-06, 8.21959656605e-06, 8.90151022759e-06, 6.69732526148e-06, 7.16461363481e-06, 7.33635579309e-06, 7.75837997935e-06, 7.18256842447e-06, 6.21051640337e-06, 5.57974044568e-06, 4.74378202853e-06, 4.1463413254e-06, 3.04328159473e-06],
        "var": [9.65199869825e-05, 6.38894925942e-05, 2.08147102967e-05, 1.69352119883e-06, 2.50235848398e-06, 5.38839572073e-07, 3.95764203631e-07, 2.41862665007e-07, 9.29002297312e-08, 1.89714313592e-07, 2.58177379919e-07, 2.90201597863e-07, 8.78681021277e-08, 1.67265845619e-08, 1.70334679694e-08, 8.33202840056e-09, 5.63551694199e-09, 3.50097173474e-09, 1.22254706358e-09, 5.0371723459e-10, 3.49885509454e-10, 2.33720126586e-10, 1.23817997522e-10, 9.8835988005e-11, 8.18014198045e-11, 4.27812785198e-11, 8.60877272246e-11, 8.16000114701e-11, 6.75617686796e-11, 7.92368878844e-11, 4.48541655207e-11, 5.13316888995e-11, 5.38221169022e-11, 6.01924621257e-11, 5.15892883968e-11, 3.85705148376e-11, 3.11335054959e-11, 2.25034678392e-11, 1.71921452768e-11, 9.26156287079e-12]
    },
    "melbands128": {
