{
"lowlevel": {
    "average_loudness": 0.986508131027,
    "barkbands_crest": {
        "dmean": 2.94794392586,
        "dmean2": 4.52539491653,
        "dvar": 9.04045295715,
        "dvar2": 19.8770294189,
        "max": 24.411195755,
        "mean": 9.57111263275,
        "median": 8.14731788635,
        "min": 2.42210865021,
        "stdev": 5.11772155762,
        "var": 26.1910743713
    },
    "barkbands_flatness_db": {
        "dmean": 0.020716054365,
        "dmean2": 0.0308836828917,
        "dvar": 0.000411095272284,
        "dvar2": 0.000827408686746,
        "max": 0.251989334822,
        "mean": 0.0825433135033,
        "median": 0.074892513454,
        "min": 0.0203447751701,
        "stdev": 0.0355206392705,
        "var": 0.00126171577722
    },
    "barkbands_kurtosis": {
        "dmean": 1.8063274622,
        "dmean2": 2.82682228088,
        "dvar": 9.5686340332,
        "dvar2": 19.8163166046,
        "max": 48.5540008545,
        "mean": 1.123234272,
        "median": -0.0626218318939,
        "min": -1.90640950203,
        "stdev": 4.04031229019,
        "var": 16.3241233826
    },
    "barkbands_skewness": {
        "dmean": 0.575140357018,
        "dmean2": 0.85931044817,
        "dvar": 0.399072468281,
        "dvar2": 0.782854378223,
        "max": 6.70474100113,
        "mean": 0.962826788425,
        "median": 0.891142785549,
        "min": -5.32891511917,
        "stdev": 1.10224676132,
        "var": 1.21494781971
    },
    "barkbands_spread": {
        "dmean": 10.6639661789,
        "dmean2": 16.1862831116,
        "dvar": 104.791145325,
        "dvar2": 225.196533203,
        "max": 114.632095337,
        "mean": 43.3551712036,
        "median": 40.8060569763,
        "min": 5.54619693756,
        "stdev": 17.316526413,
        "var": 299.862060547
    },
    "dissonance": {
        "dmean": 0.0134133202955,
        "dmean2": 0.0221956465393,
        "dvar": 0.00045895203948,
        "dvar2": 0.00112600019202,
        "max": 0.499910473824,
        "mean": 0.476664364338,
        "median": 0.479932069778,
        "min": 0.01365941111,
        "stdev": 0.0207028444856,
        "var": 0.000428607745562
    },
    "dynamic_complexity": 1.72855579853,
    "erbbands_crest": {
        "dmean": 2.29961633682,
        "dmean2": 3.75553297997,
        "dvar": 4.94454622269,
        "dvar2": 12.5087795258,
        "max": 23.6033096313,
        "mean": 6.87212991714,
        "median": 6.00247955322,
        "min": 2.02932834625,
        "stdev": 3.32269597054,
        "var": 11.0403089523
    },
    "erbbands_flatness_db": {
        "dmean": 0.0136672789231,
        "dmean2": 0.0202409438789,
        "dvar": 0.000152061431436,
        "dvar2": 0.000324791268213,
        "max": 0.224076107144,
        "mean": 0.106385610998,
        "median": 0.101589903235,
        "min": 0.0466133952141,
        "stdev": 0.0276690684259,
        "var": 0.000765577307902
    },
    "erbbands_kurtosis": {
        "dmean": 0.654223203659,
        "dmean2": 1.06177854538,
        "dvar": 0.734268426895,
        "dvar2": 1.95520496368,
        "max": 10.7873907089,
        "mean": -0.0531841479242,
        "median": -0.264878511429,
        "min": -1.59700071812,
        "stdev": 1.01269447803,
        "var": 1.02555012703
    },
    "erbbands_skewness": {
        "dmean": 0.308595865965,
        "dmean2": 0.461148917675,
        "dvar": 0.0994177907705,
        "dvar2": 0.227789491415,
        "max": 2.33903264999,
        "mean": 0.029631877318,
        "median": 0.0117950513959,
        "min": -3.07719302177,
        "stdev": 0.55655926466,
        "var": 0.309758245945
    },
    "erbbands_spread": {
        "dmean": 11.1012716293,
        "dmean2": 17.0986766815,
        "dvar": 134.359741211,
        "dvar2": 330.986938477,
        "max": 156.569473267,
        "mean": 49.0641174316,
        "median": 46.2231750488,
        "min": 15.568898201,
        "stdev": 17.8470993042,
        "var": 318.518920898
    },
    "hfc": {
        "dmean": 20.3587799072,
        "dmean2": 28.765996933,
        "dvar": 709.018859863,
        "dvar2": 1530.72875977,
        "max": 427.131256104,
        "mean": 57.9628639221,
        "median": 50.9590263367,
        "min": 1.16355698354e-16,
        "stdev": 38.0864562988,
        "var": 1450.57824707
    },
    "loudness_ebu128": {
        "integrated": -6.62736415863,
        "loudness_range": 1.70861339569,
        "momentary": {
            "dmean": 0.477662533522,
            "dmean2": 0.618777692318,
            "dvar": 0.244291126728,
            "dvar2": 0.352103888988,
            "max": -5.07634544373,
            "mean": -6.78725814819,
            "median": -6.58365154266,
            "min": -12.226474762,
            "stdev": 1.25893092155,
            "var": 1.5849070549
        },
        "short_term": {
            "dmean": 0.0658638253808,
            "dmean2": 0.070576287806,
            "dvar": 0.0024020280689,
            "dvar2": 0.00293071358465,
            "max": -5.72334623337,
            "mean": -6.65074205399,
            "median": -6.54308319092,
            "min": -8.06647491455,
            "stdev": 0.608823895454,
            "var": 0.370666563511
        }
    },
    "melbands_crest": {
        "dmean": 3.8601667881,
        "dmean2": 5.87458133698,
        "dvar": 13.1180114746,
        "dvar2": 27.472202301,
        "max": 34.2338600159,
        "mean": 14.9688463211,
        "median": 14.0112314224,
        "min": 2.43848347664,
        "stdev": 6.74973869324,
        "var": 45.5589752197
    },
    "melbands_flatness_db": {
        "dmean": 0.0287221670151,
        "dmean2": 0.0421975329518,
        "dvar": 0.000872853444889,
        "dvar2": 0.00163180893287,
        "max": 0.341368973255,
        "mean": 0.132169052958,
        "median": 0.124749146402,
        "min": 0.00584214460105,
        "stdev": 0.0575323812664,
        "var": 0.00330997491255
    },
    "melbands_kurtosis": {
        "dmean": 7.4591255188,
        "dmean2": 11.2936296463,
        "dvar": 209.406982422,
        "dvar2": 440.452758789,
        "max": 246.574295044,
        "mean": 11.3658084869,
        "median": 6.00713539124,
        "min": -1.8039252758,
        "stdev": 18.9405975342,
        "var": 358.74621582
    },
    "melbands_skewness": {
        "dmean": 0.871312081814,
        "dmean2": 1.31112527847,
        "dvar": 1.02785861492,
        "dvar2": 2.12569665909,
        "max": 13.7273569107,
        "mean": 2.6351082325,
        "median": 2.3852493763,
        "min": -1.13252007961,
        "stdev": 1.70525658131,
        "var": 2.90789985657
    },
    "melbands_spread": {
        "dmean": 15.0614538193,
        "dmean2": 22.9765853882,
        "dvar": 342.724975586,
        "dvar2": 686.922180176,
        "max": 238.472473145,
        "mean": 43.2310066223,
        "median": 36.8574905396,
        "min": 2.6703953743,
        "stdev": 30.4946250916,
        "var": 929.922180176
    },
    "pitch_salience": {
        "dmean": 0.084650427103,
        "dmean2": 0.127795264125,
        "dvar": 0.00653320271522,
        "dvar2": 0.0132338367403,
        "max": 0.847324967384,
        "mean": 0.537369728088,
        "median": 0.549591958523,
        "min": 0.104672655463,
        "stdev": 0.143706783652,
        "var": 0.0206516385078
    },
    "silence_rate_20dB": {
        "dmean": 0,
        "dmean2": 0,
        "dvar": 0,
        "dvar2": 0,
        "max": 1,
        "mean": 1,
        "median": 1,
        "min": 1,
        "stdev": 0,
        "var": 0
    },
    "silence_rate_30dB": {
        "dmean": 0.0108359130099,
        "dmean2": 0.0216886140406,
        "dvar": 0.0107184061781,
        "dvar2": 0.0289642307907,
        "max": 1,
        "mean": 0.993039429188,
        "median": 1,
        "min": 0,
        "stdev": 0.083139680326,
        "var": 0.0069122062996
    },
    "silence_rate_60dB": {
        "dmean": 0.0178018584847,
        "dmean2": 0.0356312952936,
        "dvar": 0.0174847170711,
        "dvar2": 0.0343623198569,
        "max": 1,
        "mean": 0.0286156218499,
        "median": 0,
        "min": 0,
        "stdev": 0.166725978255,
        "var": 0.0277975518256
    },
    "spectral_centroid": {
        "dmean": 383.717285156,
        "dmean2": 572.43737793,
        "dvar": 237750.296875,
        "dvar2": 456404.375,
        "max": 11278.0888672,
        "mean": 2162.36157227,
        "median": 2114.15258789,
        "min": 411.886138916,
        "stdev": 695.92590332,
        "var": 484312.84375
    },
    "spectral_complexity": {
        "dmean": 4.72213602066,
        "dmean2": 6.85437631607,
        "dvar": 22.5024719238,
        "dvar2": 41.2367973328,
        "max": 59,
        "mean": 27.7919559479,
        "median": 28,
        "min": 0,
        "stdev": 10.7877368927,
        "var": 116.375267029
    },
    "spectral_decrease": {
        "dmean": 3.17557047325e-09,
        "dmean2": 4.89721152519e-09,
        "dvar": 1.57557607679e-17,
        "dvar2": 4.13177245366e-17,
        "max": 5.40226231804e-11,
        "mean": -9.31663191039e-09,
        "median": -8.27922530533e-09,
        "min": -3.30357998735e-08,
        "stdev": 6.15514972324e-09,
        "var": 3.78858679804e-17
    },
    "spectral_energy": {
        "dmean": 0.0127012142912,
        "dmean2": 0.0194132719189,
        "dvar": 0.00022180796077,
        "dvar2": 0.000583784305491,
        "max": 0.130283147097,
        "mean": 0.0404205322266,
        "median": 0.0369990579784,
        "min": 1.05660901053e-20,
        "stdev": 0.0237066764385,
        "var": 0.000562006549444
    },
    "spectral_energyband_high": {
        "dmean": 0.00194348837249,
        "dmean2": 0.0027464972809,
        "dvar": 7.33576189305e-06,
        "dvar2": 1.56237420015e-05,
        "max": 0.0425543934107,
        "mean": 0.00434589572251,
        "median": 0.00332250492647,
        "min": 7.575565619e-21,
        "stdev": 0.00372116221115,
        "var": 1.38470477395e-05
    },
    "spectral_energyband_low": {
        "dmean": 0.00907825585455,
        "dmean2": 0.0144363064319,
        "dvar": 0.00019150825392,
        "dvar2": 0.000487198267365,
        "max": 0.11707213521,
        "mean": 0.0183391328901,
        "median": 0.0131996795535,
        "min": 7.23653915231e-23,
        "stdev": 0.0198164526373,
        "var": 0.000392691814341
    },
    "spectral_energyband_middle_high": {
        "dmean": 0.00272092735395,
        "dmean2": 0.00406901258975,
        "dvar": 1.05198851088e-05,
        "dvar2": 2.23400948016e-05,
        "max": 0.0404822565615,
        "mean": 0.00889573339373,
        "median": 0.00764726661146,
        "min": 1.78066015319e-21,
        "stdev": 0.00611841725186,
        "var": 3.74350311176e-05
    },
    "spectral_energyband_middle_low": {
        "dmean": 0.0061680036597,
        "dmean2": 0.0101776178926,
        "dvar": 0.000102617377706,
        "dvar2": 0.000272062956356,
        "max": 0.0833574980497,
        "mean": 0.0104307951406,
        "median": 0.00802007131279,
        "min": 2.325769703e-22,
        "stdev": 0.0101356618106,
        "var": 0.000102731639345
    },
    "spectral_entropy": {
        "dmean": 0.139891147614,
        "dmean2": 0.197067409754,
        "dvar": 0.0200891308486,
        "dvar2": 0.0360645279288,
        "max": 9.81088829041,
        "mean": 8.15881443024,
        "median": 8.15445899963,
        "min": 7.34306669235,
        "stdev": 0.260453343391,
        "var": 0.0678359419107
    },
    "spectral_flux": {
        "dmean": 0.0315577201545,
        "dmean2": 0.0465133748949,
        "dvar": 0.00097448262386,
        "dvar2": 0.00195995555259,
        "max": 0.307785689831,
        "mean": 0.11746840179,
        "median": 0.105590291321,
        "min": 1.02791490597e-10,
        "stdev": 0.0513470098376,
        "var": 0.00263651553541
    },
    "spectral_kurtosis": {
        "dmean": 0.630911111832,
        "dmean2": 0.96998912096,
        "dvar": 0.415369987488,
        "dvar2": 0.950840175152,
        "max": 9.56897926331,
        "mean": 1.89708781242,
        "median": 1.89983272552,
        "min": -1.32380628586,
        "stdev": 1.05337047577,
        "var": 1.10958945751
    },
    "spectral_rms": {
        "dmean": 0.00096680567367,
        "dmean2": 0.00142939563375,
        "dvar": 9.77399508884e-07,
        "dvar2": 2.29339616453e-06,
        "max": 0.0112741077319,
        "mean": 0.00597622804344,
        "median": 0.00600804807618,
        "min": 3.2106667585e-12,
        "stdev": 0.0019285682356,
        "var": 3.71937562704e-06
    },
    "spectral_rolloff": {
        "dmean": 1656.02416992,
        "dmean2": 2548.00634766,
        "dvar": 4344226,
        "dvar2": 7868056.5,
        "max": 18540.0878906,
        "mean": 3865.39477539,
        "median": 2562.45117188,
        "min": 64.599609375,
        "stdev": 3372.32226562,
        "var": 11372558
    },
    "spectral_skewness": {
        "dmean": 0.14501401782,
        "dmean2": 0.218648448586,
        "dvar": 0.0231716558337,
        "dvar2": 0.0491253212094,
        "max": 2.46572828293,
        "mean": 1.24750196934,
        "median": 1.26521468163,
        "min": -0.0827508270741,
        "stdev": 0.25350984931,
        "var": 0.0642672404647
    },
    "spectral_spread": {
        "dmean": 848665.5625,
        "dmean2": 1211133.375,
        "dvar": 1.41726043341e+12,
        "dvar2": 1.92974304051e+12,
        "max": 39750952,
        "mean": 7237083,
        "median": 6880536,
        "min": 4113847.25,
        "stdev": 1923061.875,
        "var": 3.69816685773e+12
    },
    "spectral_strongpeak": {
        "dmean": 0.482017576694,
        "dmean2": 0.827263057232,
        "dvar": 0.784257471561,
        "dvar2": 1.92767751217,
        "max": 8.80937957764,
        "mean": 0.836871087551,
        "median": 0.441147655249,
        "min": 0,
        "stdev": 1.149127841,
        "var": 1.32049489021
    },
    "zerocrossingrate": {
        "dmean": 0.0269231181592,
        "dmean2": 0.0291520170867,
        "dvar": 0.0009075331036,
        "dvar2": 0.00105936755426,
        "max": 0.52099609375,
        "mean": 0.131460562348,
        "median": 0.11669921875,
        "min": 0.0048828125,
        "stdev": 0.0734223425388,
        "var": 0.00539084058255
    },
    "barkbands": {
        "dmean": [0.000362229096936, 0.007570119109, 0.00319384154864, 0.00215277285315, 0.00237348512746, 0.00118789309636, 0.000564425659832, 0.000947610533331, 0.000657107273582, 0.0010486113606, 0.000437572685769, 0.000528017990291, 0.000636798446067, 0.000708240899257, 0.000728810147848, 0.000425396545324, 0.000475580716738, 0.000260616798187, 0.0002563635353, 0.000340623810189, 0.000228981254622, 0.000244710361585, 0.000323260726873, 0.000483702111524, 0.000544626964256, 0.000412069697632, 2.46301769948e-05],
        "dmean2": [0.00051590235671, 0.0118039716035, 0.00556772900745, 0.00389197398908, 0.00415247026831, 0.00195093790535, 0.000932010996621, 0.00151755230036, 0.00102130998857, 0.00156724464614, 0.000676134426612, 0.000858077721205, 0.00100036803633, 0.00116446462926, 0.00115839042701, 0.000691907596774, 0.000792198930867, 0.000427530088928, 0.000416228926042, 0.000526402145624, 0.000357663084287, 0.000376691808924, 0.000499318470247, 0.000736789370421, 0.000808361975942, 0.000612269854173, 4.16383772972e-05],
        "dvar": [3.77990716061e-07, 0.000159111616085, 5.85975467402e-05, 3.24821630784e-05, 2.4371798645e-05, 3.97122084905e-06, 9.28223585106e-07, 2.69717270385e-06, 1.58735008426e-06, 4.50484139947e-06, 7.65544882597e-07, 7.88636839388e-07, 1.40566567097e-06, 1.69550082774e-06, 9.81452444648e-07, 4.63632801484e-07, 3.39589774967e-07, 9.96715954216e-08, 8.67796785542e-08, 1.9738222079e-07, 7.94198342646e-08, 8.22972552328e-08, 2.40323544176e-07, 4.77567880353e-07, 1.11383656076e-06, 4.57406827081e-07, 3.03290859094e-09],
        "dvar2": [8.65022173002e-07, 0.000401058932766, 0.000159685296239, 8.94591430551e-05, 6.81060701027e-05, 1.06702027551e-05, 2.51885262514e-06, 6.96278902979e-06, 3.9354135879e-06, 9.55179984885e-06, 1.61236391705e-06, 1.75086529453e-06, 3.05185494653e-06, 4.25484449806e-06, 2.342818334e-06, 1.13692578907e-06, 8.91260185654e-07, 2.5912825663e-07, 2.15351008137e-07, 4.91318360218e-07, 1.82366193258e-07, 1.86980912531e-07, 5.35828633019e-07, 1.04705281956e-06, 2.59123066826e-06, 1.048843842e-06, 7.57785567629e-09],
        "max": [0.00908498838544, 0.113670654595, 0.0544194802642, 0.0438918210566, 0.0374623648822, 0.0245592333376, 0.0116454930976, 0.0196354836226, 0.0146366124973, 0.0317103341222, 0.0173947494477, 0.0167911220342, 0.0185870695859, 0.0209389813244, 0.0122759249061, 0.00972270872444, 0.00617040600628, 0.00276503362693, 0.00397836789489, 0.0067791165784, 0.00360615551472, 0.00282389880158, 0.00587440328673, 0.0121721215546, 0.0193262230605, 0.00981405004859, 0.000602968677413],
        "mean": [0.000511228630785, 0.0132485087961, 0.00351508241147, 0.00176986353472, 0.00265583675355, 0.0016671755584, 0.000813653576188, 0.00144889391959, 0.00100254709832, 0.00176939531229, 0.000687372230459, 0.000770901737269, 0.00106805574615, 0.00100162078161, 0.00123762211297, 0.00067615887383, 0.000813729537185, 0.000508441706188, 0.000528756470885, 0.000694089394528, 0.000448796228739, 0.000548086827621, 0.00059529277496, 0.000873007986229, 0.000935811200179, 0.00060348934494, 2.71134176728e-05],
        "median": [0.000147692961036, 0.00787060614675, 0.00124380609486, 0.000460889481474, 0.00119624403305, 0.000932615948841, 0.000483530340716, 0.000706919003278, 0.000383935781429, 0.000558885047212, 0.000240195717197, 0.000414175592596, 0.000458185764728, 0.000387996609788, 0.000857535691466, 0.000422725570388, 0.000593138101976, 0.000397673517, 0.000442109885626, 0.000512989936396, 0.00033603279735, 0.000441060925368, 0.000432430912042, 0.000613364507444, 0.000578310806304, 0.000296055804938, 6.09095741311e-06],
        "min": [6.13388026527e-24, 4.5103990003e-23, 5.29022113727e-24, 2.0935169356e-23, 5.16943391091e-23, 6.15358269747e-23, 1.71483624873e-23, 1.48087651255e-23, 5.51350159006e-23, 2.84603533446e-23, 1.16629790554e-22, 3.30292842464e-23, 6.59937051936e-23, 1.922958897e-22, 7.80785115253e-23, 1.49438540845e-22, 1.42550560831e-22, 1.86556768843e-22, 5.86446467083e-22, 3.96156581245e-22, 3.83303045739e-22, 4.23347796233e-22, 4.93550408833e-22, 8.04875463173e-22, 1.38449950774e-21, 1.82267733363e-21, 2.3787335465e-21],
        "stdev": [0.000883849279489, 0.0168805215508, 0.00655378773808, 0.00460055842996, 0.00440741609782, 0.00217312481254, 0.00103728182148, 0.0021306858398, 0.00164301658515, 0.00323374196887, 0.00130019593053, 0.00113117787987, 0.001773027936, 0.00168611679692, 0.00135802244768, 0.000827459327411, 0.000771961291321, 0.000427173974458, 0.000436529080616, 0.000656784977764, 0.000400006654672, 0.000424593948992, 0.000592543918174, 0.000895192322787, 0.00126707542222, 0.000834461650811, 6.41079750494e-05],
        "var": [7.81189498866e-07, 0.000284951995127, 4.295213148e-05, 2.11651386053e-05, 1.94253170775e-05, 4.72247165817e-06, 1.07595349164e-06, 4.53982192994e-06, 2.69950351139e-06, 1.04570872281e-05, 1.69050952081e-06, 1.27956343476e-06, 3.14362819154e-06, 2.84298971565e-06, 1.84422492566e-06, 6.84688927777e-07, 5.95924234403e-07, 1.82477592148e-07, 1.90557628343e-07, 4.31366487419e-07, 1.60005328098e-07, 1.80280025575e-07, 3.51108297991e-07, 8.01369310466e-07, 1.60548017902e-06, 6.96326253546e-07, 4.10983203025e-09]
    },
    "erbbands": {
        "dmean": [0.237730592489, 1.77689301968, 3.20839715004, 6.25675916672, 6.84815883636, 8.32633590698, 9.21450805664, 10.3326368332, 9.53612804413, 9.5644493103, 21.1339378357, 14.294834137, 35.1191596985, 17.268245697, 20.2335224152, 23.7150669098, 28.4064979553, 33.5535240173, 38.9077568054, 27.56798172, 22.8311595917, 17.9890346527, 15.2759246826, 10.9905500412, 15.2394208908, 17.0879039764, 9.35862731934, 9.06453514099, 9.05468082428, 8.82893848419, 9.60047149658, 9.1320104599, 9.05437374115, 5.99779558182, 4.14370155334, 2.38859653473, 0.566370427608, 0.100527018309, 0.00270066037774, 8.25092720333e-05],
        "dmean2": [0.337167948484, 2.76619338989, 5.23042964935, 11.2094860077, 12.3302440643, 14.3082046509, 15.2683029175, 17.0865917206, 15.4754219055, 15.7135515213, 33.6544570923, 22.0310974121, 51.5260925293, 26.2280216217, 31.4639263153, 38.0584831238, 44.8843421936, 55.2165489197, 64.5312042236, 42.3086853027, 37.186920166, 29.4293632507, 24.944644928, 18.0995979309, 24.7036209106, 26.3758888245, 14.7245864868, 13.8664913177, 13.9538011551, 14.0094327927, 14.6989173889, 13.8259115219, 13.7559862137, 9.19209003448, 6.23907089233, 3.6502790451, 0.815756917, 0.151779443026, 0.00424927007407, 0.000122540208395],
        "dvar": [0.147077858448, 9.01355934143, 41.8593864441, 268.714782715, 277.752624512, 291.92086792, 216.464981079, 363.999755859, 295.427062988, 321.440948486, 1309.14221191, 643.047546387, 6113.48242188, 1096.27819824, 1488.09069824, 1721.0826416, 3119.03125, 3202.44775391, 3684.78100586, 2419.88085938, 1150.15234375, 537.523803711, 304.293304443, 256.001586914, 293.653167725, 632.444152832, 150.775741577, 113.642181396, 120.859474182, 144.810211182, 218.086273193, 198.841964722, 164.208511353, 102.547447205, 75.7740631104, 17.6839199066, 0.800965130329, 0.0317149944603, 2.71748158411e-05, 1.62585305219e-08],
        "dvar2": [0.308203399181, 23.4131984711, 104.108467102, 741.869995117, 779.454650879, 808.511413574, 584.520751953, 971.472473145, 816.900390625, 810.100402832, 3227.34277344, 1599.05554199, 13021.2236328, 2288.51269531, 3166.91333008, 3621.90478516, 6875.84912109, 8003.63769531, 9284.81445312, 4912.64794922, 3055.40551758, 1348.72998047, 776.108581543, 692.405761719, 776.243713379, 1587.76025391, 347.49597168, 250.647918701, 275.094238281, 348.895874023, 486.693878174, 422.326782227, 376.020202637, 219.388671875, 184.739273071, 41.13722229, 1.82234454155, 0.0723199769855, 6.51640220894e-05, 3.67471351126e-08],
        "max": [3.03798151016, 27.6932525635, 51.1420135498, 105.997802734, 141.067245483, 141.692169189, 123.034683228, 251.592178345, 254.231765747, 255.945526123, 470.568695068, 288.236450195, 1269.79077148, 1037.59545898, 807.903991699, 895.058105469, 861.490844727, 809.321228027, 873.00189209, 1043.25183105, 635.510314941, 342.962493896, 167.008682251, 244.610412598, 206.03968811, 409.555908203, 162.843490601, 103.079376221, 102.535865784, 129.317352295, 190.148178101, 291.575836182, 167.944213867, 182.208908081, 175.386291504, 57.7067756653, 11.2426290512, 2.05958151817, 0.0624975338578, 0.00178295897786],
        "mean": [0.406605780125, 2.84273672104, 4.42480039597, 5.56849479675, 6.09666728973, 9.54706192017, 11.7945022583, 14.0758504868, 14.2995862961, 15.4177999496, 32.5687484741, 24.9580936432, 59.2435035706, 31.3291091919, 33.1523208618, 38.7335128784, 49.2954940796, 54.4174957275, 62.7803726196, 51.2218132019, 41.1480636597, 34.5777893066, 31.7873802185, 23.8597927094, 32.3913497925, 34.1351547241, 19.786075592, 17.485906601, 19.359079361, 18.5008029938, 17.1157608032, 16.6419658661, 15.2733831406, 10.2109050751, 6.76907730103, 3.42510223389, 0.884734749794, 0.13983951509, 0.0035813646391, 0.000167413265444],
        "median": [0.187013670802, 1.7131537199, 2.35896158218, 1.99267029762, 2.16627812386, 3.72704195976, 5.70721483231, 7.37411737442, 8.68315887451, 8.01945877075, 15.6019906998, 13.40736866, 15.0144004822, 16.5578041077, 14.1978139877, 23.3611545563, 22.0291481018, 25.3506221771, 42.0897903442, 32.5267028809, 30.0409049988, 25.6418457031, 25.5149650574, 19.2491798401, 27.8456687927, 24.3308448792, 15.0351133347, 12.8576259613, 14.9253740311, 14.2519359589, 12.1419448853, 12.0777931213, 9.69557952881, 6.36128425598, 3.9949965477, 1.75333821774, 0.44419246912, 0.0539771728218, 0.0013388042571, 0.000115643582831],
        "min": [7.52742788769e-22, 1.1747026139e-20, 1.11892567979e-20, 6.09144850372e-20, 1.50209162075e-19, 1.24105720087e-19, 2.32577002814e-19, 5.15474038927e-19, 4.05202307124e-19, 2.99408776062e-19, 6.09559474654e-19, 1.04809284362e-18, 9.17880656527e-19, 2.60322610283e-18, 3.78274326332e-18, 1.48705670839e-18, 3.13828891603e-18, 6.74153274566e-18, 7.40961674791e-18, 4.93373365282e-18, 9.18406722717e-18, 7.3942535224e-18, 1.04688590438e-17, 3.08732689752e-17, 2.08983360187e-17, 1.71268688815e-17, 1.97926221872e-17, 1.35482862011e-17, 1.32319789523e-17, 1.38526092571e-17, 1.42892621861e-17, 1.55535167625e-17, 1.44483505246e-17, 1.36648715181e-17, 1.09890323992e-17, 7.02733109192e-18, 3.31063096268e-18, 1.2693027563e-18, 3.07380806763e-19, 3.5422293979e-20],
        "stdev": [0.586137771606, 3.67338299751, 6.53154325485, 13.2948226929, 13.4676074982, 16.2909832001, 16.0227928162, 20.5237064362, 17.960144043, 22.9252071381, 48.4202651978, 34.2046775818, 113.795227051, 65.0561904907, 54.0571212769, 53.4784088135, 81.1489639282, 83.95337677, 73.4253463745, 70.57837677, 40.1442298889, 32.4639511108, 25.1567459106, 20.7921218872, 24.8507575989, 34.4543266296, 17.4990749359, 15.3935365677, 15.6095943451, 15.715341568, 17.6134357452, 17.9570045471, 16.451253891, 13.1627378464, 9.66979122162, 4.86995267868, 1.18295228481, 0.234591424465, 0.00650885794312, 0.000172894389834],
        "var": [0.343557476997, 13.4937429428, 42.6610603333, 176.752319336, 181.376449585, 265.396118164, 256.729919434, 421.222503662, 322.566772461, 525.565124512, 2344.5222168, 1169.95983887, 12949.3535156, 4232.30761719, 2922.17236328, 2859.94018555, 6585.15380859, 7048.16943359, 5391.28173828, 4981.30712891, 1611.5592041, 1053.90820312, 632.861877441, 432.312347412, 617.560119629, 1187.10070801, 306.217651367, 236.960968018, 243.659439087, 246.971969604, 310.233123779, 322.454040527, 270.643737793, 173.257659912, 93.5048675537, 23.7164382935, 1.39937603474, 0.0550331361592, 4.23652309109e-05, 2.98924689446e-08]
    },
    "gfcc": {
        "mean": [74.7182922363, 28.4664077759, -103.897102356, 29.6479873657, -56.3080825806, 28.6814517975, -43.6901130676, 19.878446579, -26.3190231323, 14.3132505417, -18.7219276428, 6.22089004517, -12.9634952545],
        "cov": [[3886.47827148, 565.147460938, 38.6369972229, 153.016021729, -3.79179644585, 113.003944397, 43.1583633423, 103.008285522, 17.0159759521, 12.6659231186, -63.1873626709, -71.0477600098, -70.8694915771], [565.147460938, 1195.38928223, 146.42288208, 373.954772949, 284.794219971, 174.383102417, 209.604370117, 139.481048584, 105.795783997, 11.8661565781, 59.2737770081, -24.5543270111, 41.4299468994], [38.6369972229, 146.42288208, 595.336730957, 248.083175659, 188.362640381, 61.5046386719, 3.94185447693, 26.9119491577, 4.72951078415, 13.1224060059, -6.93862915039, 17.8184204102, 7.7155919075], [153.016021729, 373.954772949, 248.083175659, 416.873199463, 231.72354126, 123.942001343, 96.8995361328, 74.219039917, 71.0432662964, 18.8595542908, 16.4326610565, 0.737521290779, 34.0463371277], [-3.79179644585, 284.794219971, 188.362640381, 231.72354126, 283.95223999, 138.788391113, 114.758247375, 86.506072998, 62.3111381531, 35.5948448181, 31.8301296234, 11.7182922363, 23.6557598114], [113.003944397, 174.383102417, 61.5046386719, 123.942001343, 138.788391113, 219.68321228, 167.654602051, 76.4053421021, 54.5095100403, 30.9247055054, 41.1363868713, 7.66544103622, 13.7315645218], [43.1583633423, 209.604370117, 3.94185447693, 96.8995361328, 114.758247375, 167.654602051, 232.598846436, 104.977783203, 75.2593307495, 40.2636451721, 44.7215538025, 9.03445148468, 12.1226015091], [103.008285522, 139.481048584, 26.9119491577, 74.219039917, 86.506072998, 76.4053421021, 104.977783203, 136.150726318, 84.4972686768, 39.7702827454, 36.7589263916, 8.02073001862, 21.2799339294], [17.0159759521, 105.795783997, 4.72951078415, 71.0432662964, 62.3111381531, 54.5095100403, 75.2593307495, 84.4972686768, 117.695762634, 52.7463035583, 34.5858802795, 14.1965274811, 21.1024551392], [12.6659231186, 11.8661565781, 13.1224060059, 18.8595542908, 35.5948448181, 30.9247055054, 40.2636451721, 39.7702827454, 52.7463035583, 78.7841873169, 47.1331710815, 20.6618804932, 10.5239248276], [-63.1873626709, 59.2737770081, -6.93862915039, 16.4326610565, 31.8301296234, 41.1363868713, 44.7215538025, 36.7589263916, 34.5858802795, 47.1331710815, 76.3310241699, 35.9419555664, 17.3484630585], [-71.0477600098, -24.5543270111, 17.8184204102, 0.737521290779, 11.7182922363, 7.66544103622, 9.03445148468, 8.02073001862, 14.1965274811, 20.6618804932, 35.9419555664, 66.4141998291, 30.8378868103], [-70.8694915771, 41.4299468994, 7.7155919075, 34.0463371277, 23.6557598114, 13.7315645218, 12.1226015091, 21.2799339294, 21.1024551392, 10.5239248276, 17.3484630585, 30.8378868103, 68.0002670288]],
        "icov": [[0.000355712283636, -0.000290761876386, 6.98846197338e-05, -0.000151355518028, 0.000512723752763, -0.000576586986426, 0.000509243225679, -0.000710036139935, 0.000477609864902, -0.000812297861557, 0.00106251204852, -0.000453129498055, 0.00059712206712], [-0.000290761876386, 0.00173475104384, -1.02575795609e-05, -0.000712325447239, -0.0011219031876, 0.00110057543498, -0.00133964105044, 0.000622384366579, -0.000827314914204, 0.00223999354057, -0.00278319953941, 0.00200656754896, -0.00107988261152], [6.98846197338e-05, -1.02575795609e-05, 0.00275893346407, -0.00142870412674, -0.000996588845737, -0.000518799526617, 0.00124666409101, -0.00093527615536, 0.00150379480328, -0.00141669320874, 0.00186542968731, -0.00189313141163, 0.00113845197484], [-0.000151355518028, -0.000712325447239, -0.00142870412674, 0.00598586117849, -0.00294046103954, -0.000407145300414, -4.20647811552e-05, 0.00141767901368, -0.00256249541417, 0.00141917855944, -0.000120106036775, 0.00134154874831, -0.00189181754831], [0.000512723752763, -0.0011219031876, -0.000996588845737, -0.00294046103954, 0.0098591633141, -0.00374020007439, 0.000976626062766, -0.00320224580355, 0.00163901573978, -0.00321286567487, 0.00259009748697, -0.00190628948621, 0.00114898977336], [-0.000576586986426, 0.00110057543498, -0.000518799526617, -0.000407145300414, -0.00374020007439, 0.013464176096, -0.00895306374878, 0.00254277838394, -0.000802337075584, 0.00310155842453, -0.00551024917513, 0.00297521334141, -0.00180060218554], [0.000509243225679, -0.00133964105044, 0.00124666409101, -4.20647811552e-05, 0.000976626062766, -0.00895306374878, 0.0138400560245, -0.00603339541703, 0.000376717856852, -0.00270656333305, 0.00293545238674, -0.00276071345434, 0.00292053213343], [-0.000710036139935, 0.000622384366579, -0.00093527615536, 0.00141767901368, -0.00320224580355, 0.00254277838394, -0.00603339541703, 0.0193455927074, -0.0104321036488, 0.00348244048655, -0.00601479550824, 0.00472559966147, -0.00401085242629], [0.000477609864902, -0.000827314914204, 0.00150379480328, -0.00256249541417, 0.00163901573978, -0.000802337075584, 0.000376717856852, -0.0104321036488, 0.0214488562196, -0.0115758189932, 0.00506394030526, -0.00291358679533, 6.81486926624e-05], [-0.000812297861557, 0.00223999354057, -0.00141669320874, 0.00141917855944, -0.00321286567487, 0.00310155842453, -0.00270656333305, 0.00348244048655, -0.0115758189932, 0.0299468208104, -0.0181308463216, 0.00395465176553, -0.00108719884884], [0.00106251204852, -0.00278319953941, 0.00186542968731, -0.000120106036775, 0.00259009748697, -0.00551024917513, 0.00293545238674, -0.00601479550824, 0.00506394030526, -0.0181308463216, 0.0349867120385, -0.0160247944295, 0.00379789294675], [-0.000453129498055, 0.00200656754896, -0.00189313141163, 0.00134154874831, -0.00190628948621, 0.00297521334141, -0.00276071345434, 0.00472559966147, -0.00291358679533, 0.00395465176553, -0.0160247944295, 0.0292160473764, -0.0119449011981], [0.00059712206712, -0.00107988261152, 0.00113845197484, -0.00189181754831, 0.00114898977336, -0.00180060218554, 0.00292053213343, -0.00401085242629, 6.81486926624e-05, -0.00108719884884, 0.00379789294675, -0.0119449011981, 0.0220976397395]]
    },
    "melbands": {
        "dmean": [0.00207300810143, 0.0016020401381, 0.00102869723924, 0.000522592978086, 0.000335200427799, 0.000227835960686, 0.000139722484164, 0.000124400627101, 0.000164946337463, 9.47605876718e-05, 0.000176189641934, 7.23133634892e-05, 6.08780028415e-05, 6.54349278193e-05, 6.69670989737e-05, 5.53838799533e-05, 6.95559501764e-05, 6.40768412268e-05, 4.54465516668e-05, 3.7463290937e-05, 3.04422446789e-05, 2.13573966903e-05, 1.90759783436e-05, 1.49266197695e-05, 9.34101171879e-06, 1.19770893434e-05, 1.28683059302e-05, 1.21931725516e-05, 6.52387507216e-06, 5.9580083871e-06, 5.59442787562e-06, 5.52539358978e-06, 5.14746761837e-06, 5.31873911314e-06, 5.80460255151e-06, 6.03366879659e-06, 5.64291440242e-06, 6.22452489552e-06, 7.17195098332e-06, 4.76799323224e-06],
        "dmean2": [0.00314156757668, 0.00255047017708, 0.00182320259046, 0.000918183359317, 0.000557546853088, 0.000376400479581, 0.000226415635552, 0.000201486778678, 0.000260560074821, 0.00014623667812, 0.000259256717982, 0.000111158529762, 9.51119873207e-05, 0.000106037958176, 0.000104096987343, 8.8264590886e-05, 0.000115748916869, 0.000107218162157, 7.10690655978e-05, 5.94821576669e-05, 5.05412062921e-05, 3.51740491169e-05, 3.09593378915e-05, 2.49334261753e-05, 1.56176665769e-05, 1.94677177205e-05, 2.05792603083e-05, 1.91546332644e-05, 1.02948770291e-05, 9.62109425018e-06, 8.61972057464e-06, 8.63769037096e-06, 8.08763525129e-06, 8.55771486385e-06, 9.0631601779e-06, 9.38782795856e-06, 8.70762778504e-06, 9.67840060184e-06, 1.11217968879e-05, 7.46315026845e-06],
        "dvar": [1.1946257473e-05, 7.22261756891e-06, 6.61455260342e-06, 1.2788271988e-06, 3.23395312307e-07, 1.71132953142e-07, 6.22237052994e-08, 5.69176137333e-08, 7.68655326056e-08, 2.7248450607e-08, 1.52977435164e-07, 2.09031760789e-08, 1.46249750088e-08, 1.03565129805e-08, 1.3779771102e-08, 1.17149836498e-08, 1.5232673789e-08, 1.25559118658e-08, 3.94558696826e-09, 4.20362855635e-09, 2.06361305821e-09, 7.40686123546e-10, 6.0071830843e-10, 3.30833582751e-10, 2.10661849076e-10, 2.24321797249e-10, 2.71744460267e-10, 3.51661533227e-10, 8.11584618954e-11, 6.04865948994e-11, 4.20359927422e-11, 4.59955303012e-11, 3.56300267068e-11, 6.15323486608e-11, 7.64701080236e-11, 1.033644767e-10, 6.95968491171e-11, 7.28615640044e-11, 1.26016697077e-10, 7.46493353243e-11],
        "dvar2": [2.86436843453e-05, 1.63365439221e-05, 1.79711278179e-05, 3.58909687748e-06, 8.85082272362e-07, 4.58520730717e-07, 1.71135383198e-07, 1.47234231918e-07, 1.88570069781e-07, 6.56842260582e-08, 3.26525366745e-07, 4.29932853763e-08, 2.89891506355e-08, 2.29212169245e-08, 2.9418094627e-08, 2.75077081113e-08, 3.89638188381e-08, 3.09181480418e-08, 8.96250629268e-09, 9.54360235284e-09, 5.6215316846e-09, 1.94713623003e-09, 1.40717781871e-09, 8.69895933064e-10, 5.77805026047e-10, 5.63541824317e-10, 7.10770664547e-10, 9.05495678438e-10, 1.85844895029e-10, 1.47047582444e-10, 9.47988146316e-11, 1.06877458272e-10, 8.45117031911e-11, 1.57198948303e-10, 1.80402817684e-10, 2.14998768788e-10, 1.55642040922e-10, 1.7208630354e-10, 2.85653889431e-10, 1.67138441975e-10],
        "max": [0.0290445927531, 0.0208197757602, 0.0169862899929, 0.00774198537692, 0.00512982485816, 0.00563571043313, 0.00362281571142, 0.00353818736039, 0.00328185339458, 0.00171745591797, 0.00630439771339, 0.00456466758624, 0.00254062702879, 0.00174777465872, 0.0015124976635, 0.00237781181931, 0.00178012275137, 0.00196952535771, 0.000865209207404, 0.00106848031282, 0.000693598238286, 0.000306020112475, 0.000397280411562, 0.000179905007826, 0.000224918781896, 0.00026162355789, 0.000191607556189, 0.000257301522652, 0.000125783641124, 8.05027229944e-05, 6.74476468703e-05, 6.54104806017e-05, 6.14563759882e-05, 8.08853365015e-05, 9.90270127659e-05, 0.00019977572083, 0.000169421022292, 0.000104565486254, 0.000155325251399, 0.000149407162098],
        "mean": [0.00372119667009, 0.00277380039915, 0.000953291426413, 0.000549050164409, 0.00042931115604, 0.00031481240876, 0.000209661506233, 0.000193660656805, 0.000252037716564, 0.000156294045155, 0.000293454329949, 0.000122439232655, 9.69593238551e-05, 0.00010155934433, 0.000107750929601, 9.40065438044e-05, 0.000102982659882, 9.52242480707e-05, 8.08467739262e-05, 5.97421130806e-05, 4.92229446536e-05, 3.66500498785e-05, 3.37604687957e-05, 2.68092353508e-05, 1.71227402461e-05, 2.24852883548e-05, 2.42872247327e-05, 2.21656391659e-05, 1.26688419186e-05, 1.00886263681e-05, 1.02363828773e-05, 1.08453841676e-05, 1.08012545752e-05, 9.98455834633e-06, 9.67823962128e-06, 1.01324358184e-05, 1.00505249065e-05, 1.03819138531e-05, 1.07869536805e-05, 7.86884083936e-06],
        "median": [0.00197163270786, 0.00189379428048, 0.000372771784896, 0.000228861128562, 0.000199752947083, 0.000172776504769, 0.000126445112983, 9.6112882602e-05, 0.00011819449719, 7.15758869774e-05, 6.90316956025e-05, 5.87854956393e-05, 3.61962011084e-05, 5.93634176766e-05, 4.99909110658e-05, 4.56739544461e-05, 4.20419419243e-05, 5.78077160753e-05, 5.4727497627e-05, 3.33257085003e-05, 3.50977279595e-05, 2.60852411884e-05, 2.40181216213e-05, 2.03591753234e-05, 1.22460960483e-05, 1.75486857188e-05, 1.84315922525e-05, 1.4868940525e-05, 8.99699625734e-06, 7.07195658833e-06, 7.41763506085e-06, 8.26321593195e-06, 8.34804541228e-06, 7.35438152333e-06, 6.72970145388e-06, 6.89685202815e-06, 7.24955907572e-06, 6.88683030603e-06, 6.08156597082e-06, 4.6620939429e-06],
        "min": [1.08373947818e-23, 1.04606687344e-23, 1.11466345675e-23, 1.15966647256e-23, 7.00664204979e-24, 1.16952021301e-23, 5.79544828731e-24, 3.2132809303e-24, 6.80010248758e-24, 6.28176210272e-24, 4.23772212866e-24, 9.16431546509e-24, 1.46042781794e-23, 5.12988910259e-24, 5.02601505403e-24, 6.32351532714e-24, 1.48080093968e-23, 1.42838665455e-23, 5.61392705428e-24, 8.03705926394e-24, 1.16837084267e-23, 7.28708446818e-24, 8.78504376363e-24, 1.0135695118e-23, 2.77429506156e-23, 1.65563633987e-23, 1.36850122556e-23, 1.04344698749e-23, 1.32988616871e-23, 1.01408377022e-23, 7.25753847183e-24, 7.98223816419e-24, 7.02875539868e-24, 8.13499555646e-24, 8.12230199563e-24, 8.63368107744e-24, 9.40987839855e-24, 1.05003097838e-23, 1.00623720745e-23, 1.12892203872e-23],
        "stdev": [0.00491109210998, 0.00331296492368, 0.00212778663263, 0.000987042672932, 0.000593302014749, 0.000442707678303, 0.000262556015514, 0.000299529987387, 0.00036836223444, 0.000228554359637, 0.000568166666199, 0.000283086905256, 0.000175290828338, 0.000134450820042, 0.000170406347024, 0.000157119182404, 0.000167694524862, 0.000130947606522, 9.0000583441e-05, 8.73681565281e-05, 5.20516332472e-05, 3.52777860826e-05, 3.49069159711e-05, 2.42874903051e-05, 1.78475729626e-05, 2.0857574782e-05, 2.24700670515e-05, 2.46331892413e-05, 1.2658221749e-05, 9.97504866973e-06, 9.2999662229e-06, 9.28130157263e-06, 8.69706491358e-06, 9.43153008848e-06, 1.01218965938e-05, 1.22023920994e-05, 1.06898705781e-05, 1.09230722956e-05, 1.37271481435e-05, 1.07888754428e-05],
        "var": [2.41188263317e-05, 1.09757365863e-05, 4.52747599411e-06, 9.74253339336e-07, 3.52007248239e-07, 1.95990097041e-07, 6.89356554062e-08, 8.97182204085e-08, 1.35690740422e-07, 5.22370946499e-08, 3.22813349385e-07, 8.01382000759e-08, 3.072687349e-08, 1.80770243219e-08, 2.90383237456e-08, 2.46864377829e-08, 2.81214518338e-08, 1.71472738231e-08, 8.10010547525e-09, 7.63319452091e-09, 2.70937250413e-09, 1.24452226302e-09, 1.21849286217e-09, 5.89882198643e-10, 3.18535836596e-10, 4.35038421953e-10, 5.04903951981e-10, 6.06794003932e-10, 1.60230578805e-10, 9.95015944638e-11, 8.64893781594e-11, 8.61425653031e-11, 7.56389326173e-11, 8.89537540849e-11, 1.02452789308e-10, 1.48898365859e-10, 1.1427334079e-10, 1.19313503522e-10, 1.88434587378e-10, 1.16399827277e-10]
    },
    "melbands128": {
