{
"lowlevel": {
    "average_loudness": 0.983425498009,
    "barkbands_crest": {
        "dmean": 2.57400941849,
        "dmean2": 3.72472476959,
        "dvar": 7.00565385818,
        "dvar2": 13.6154747009,
        "max": 26.2038993835,
        "mean": 14.1557483673,
        "median": 14.112408638,
        "min": 2.95598864555,
        "stdev": 5.23201560974,
        "var": 27.3739871979
    },
    "barkbands_flatness_db": {
        "dmean": 0.031122803688,
        "dmean2": 0.0421056598425,
        "dvar": 0.00107604556251,
        "dvar2": 0.00196984480135,
        "max": 0.538729608059,
        "mean": 0.175435259938,
        "median": 0.161412701011,
        "min": 0.0337774083018,
        "stdev": 0.0709923580289,
        "var": 0.00503991451114
    },
    "barkbands_kurtosis": {
        "dmean": 7.15483570099,
        "dmean2": 10.6314926147,
        "dvar": 339.795532227,
        "dvar2": 606.107055664,
        "max": 519.921386719,
        "mean": 11.7788658142,
        "median": 6.3115606308,
        "min": -1.86879503727,
        "stdev": 27.1189365387,
        "var": 735.436706543
    },
    "barkbands_skewness": {
        "dmean": 0.813324987888,
        "dmean2": 1.18401372433,
        "dvar": 0.899066388607,
        "dvar2": 1.66290664673,
        "max": 19.4307041168,
        "mean": 2.4918384552,
        "median": 2.3243868351,
        "min": -2.21045446396,
        "stdev": 1.7048844099,
        "var": 2.90663075447
    },
    "barkbands_spread": {
        "dmean": 7.17707300186,
        "dmean2": 10.7996931076,
        "dvar": 116.856216431,
        "dvar2": 245.817001343,
        "max": 103.697929382,
        "mean": 17.8929805756,
        "median": 14.70586586,
        "min": 0.211582198739,
        "stdev": 15.0391845703,
        "var": 226.177062988
    },
    "dissonance": {
        "dmean": 0.0314335562289,
        "dmean2": 0.0509626418352,
        "dvar": 0.000964574224781,
        "dvar2": 0.00238273385912,
        "max": 0.499664008617,
        "mean": 0.437505424023,
        "median": 0.444450676441,
        "min": 0.0186153277755,
        "stdev": 0.0421841926873,
        "var": 0.00177950609941
    },
    "dynamic_complexity": 1.68031275272,
    "erbbands_crest": {
        "dmean": 2.81227755547,
        "dmean2": 4.54434394836,
        "dvar": 6.35342550278,
        "dvar2": 14.6492576599,
        "max": 30.8067932129,
        "mean": 9.57630062103,
        "median": 8.4564409256,
        "min": 3.15675711632,
        "stdev": 4.50082588196,
        "var": 20.257434845
    },
    "erbbands_flatness_db": {
        "dmean": 0.0211948398501,
        "dmean2": 0.0302149131894,
        "dvar": 0.00039083318552,
        "dvar2": 0.000749842613004,
        "max": 0.373968183994,
        "mean": 0.144145190716,
        "median": 0.136576965451,
        "min": 0.0530849657953,
        "stdev": 0.0416701175272,
        "var": 0.00173639878631
    },
    "erbbands_kurtosis": {
        "dmean": 1.57736909389,
        "dmean2": 2.29782295227,
        "dvar": 3.52952289581,
        "dvar2": 6.5375919342,
        "max": 34.902217865,
        "mean": 2.23743844032,
        "median": 1.53200244904,
        "min": -1.67509937286,
        "stdev": 3.14964318275,
        "var": 9.92025184631
    },
    "erbbands_skewness": {
        "dmean": 0.450227916241,
        "dmean2": 0.658082544804,
        "dvar": 0.192979678512,
        "dvar2": 0.353605389595,
        "max": 4.00604438782,
        "mean": 0.851128697395,
        "median": 0.953082621098,
        "min": -2.31854605675,
        "stdev": 0.819737911224,
        "var": 0.671970248222
    },
    "erbbands_spread": {
        "dmean": 11.641459465,
        "dmean2": 17.3423137665,
        "dvar": 153.136749268,
        "dvar2": 361.124969482,
        "max": 127.737785339,
        "mean": 38.0650444031,
        "median": 33.5144119263,
        "min": 1.71288716793,
        "stdev": 20.7004928589,
        "var": 428.510437012
    },
    "hfc": {
        "dmean": 11.3104953766,
        "dmean2": 16.5950469971,
        "dvar": 352.361785889,
        "dvar2": 790.898742676,
        "max": 188.177642822,
        "mean": 23.6664810181,
        "median": 19.0760612488,
        "min": 1.16190791628e-16,
        "stdev": 22.6159629822,
        "var": 511.481781006
    },
    "loudness_ebu128": {
        "integrated": -7.53455495834,
        "loudness_range": 0.942042827606,
        "momentary": {
            "dmean": 0.472039908171,
            "dmean2": 0.603931009769,
            "dvar": 0.146054819226,
            "dvar2": 0.267134130001,
            "max": -5.74255847931,
            "mean": -7.63532066345,
            "median": -7.5172662735,
            "min": -10.7972402573,
            "stdev": 0.964594006538,
            "var": 0.930441617966
        },
        "short_term": {
            "dmean": 0.0600125193596,
            "dmean2": 0.0793230384588,
            "dvar": 0.00223800889216,
            "dvar2": 0.00412403419614,
            "max": -6.89985370636,
            "mean": -7.53191184998,
            "median": -7.53198194504,
            "min": -8.13533401489,
            "stdev": 0.317554235458,
            "var": 0.100840695202
        }
    },
    "melbands_crest": {
        "dmean": 3.46015334129,
        "dmean2": 5.27059173584,
        "dvar": 13.0781993866,
        "dvar2": 29.7707061768,
        "max": 36.4091262817,
        "mean": 20.8908519745,
        "median": 21.2432880402,
        "min": 2.13738775253,
        "stdev": 7.31617927551,
        "var": 53.5264816284
    },
    "melbands_flatness_db": {
        "dmean": 0.0380010530353,
        "dmean2": 0.0497779920697,
        "dvar": 0.0017157808179,
        "dvar2": 0.00316044595093,
        "max": 0.676826536655,
        "mean": 0.25600540638,
        "median": 0.244325459003,
        "min": 0.00922172423452,
        "stdev": 0.0895014107227,
        "var": 0.00801050197333
    },
    "melbands_kurtosis": {
        "dmean": 13.7867031097,
        "dmean2": 22.4927597046,
        "dvar": 720.917175293,
        "dvar2": 1677.74743652,
        "max": 479.894042969,
        "mean": 24.3443965912,
        "median": 16.0536956787,
        "min": -1.73015785217,
        "stdev": 35.0111045837,
        "var": 1225.77746582
    },
    "melbands_skewness": {
        "dmean": 1.02615427971,
        "dmean2": 1.58000981808,
        "dvar": 1.36498117447,
        "dvar2": 3.1524438858,
        "max": 14.2596149445,
        "mean": 3.44936418533,
        "median": 3.2060778141,
        "min": -1.9683201313,
        "stdev": 1.92549991608,
        "var": 3.70755004883
    },
    "melbands_spread": {
        "dmean": 7.5758061409,
        "dmean2": 11.2127532959,
        "dvar": 234.29397583,
        "dvar2": 435.72076416,
        "max": 186.372802734,
        "mean": 16.289056778,
        "median": 12.043299675,
        "min": 0.32174706459,
        "stdev": 19.4179382324,
        "var": 377.056335449
    },
    "pitch_salience": {
        "dmean": 0.0842762961984,
        "dmean2": 0.13063403964,
        "dvar": 0.00811209809035,
        "dvar2": 0.0181620474905,
        "max": 0.873946964741,
        "mean": 0.446536898613,
        "median": 0.441244482994,
        "min": 0.0761246234179,
        "stdev": 0.158640041947,
        "var": 0.0251666605473
    },
    "silence_rate_20dB": {
        "dmean": 0,
        "dmean2": 0,
        "dvar": 0,
        "dvar2": 0,
        "max": 1,
        "mean": 1,
        "median": 1,
        "min": 1,
        "stdev": 0,
        "var": 0
    },
    "silence_rate_30dB": {
        "dmean": 0.0557275526226,
        "dmean2": 0.111541442573,
        "dvar": 0.0526216700673,
        "dvar2": 0.1052967906,
        "max": 1,
        "mean": 0.898685216904,
        "median": 1,
        "min": 0,
        "stdev": 0.301743328571,
        "var": 0.0910490304232
    },
    "silence_rate_60dB": {
        "dmean": 0.00696594407782,
        "dmean2": 0.0139426803216,
        "dvar": 0.00691752694547,
        "dvar2": 0.016846800223,
        "max": 1,
        "mean": 0.00696055684239,
        "median": 0,
        "min": 0,
        "stdev": 0.0831401571631,
        "var": 0.00691228546202
    },
    "spectral_centroid": {
        "dmean": 297.240081787,
        "dmean2": 431.107513428,
        "dvar": 279911.84375,
        "dvar2": 435291.0625,
        "max": 11281.1367188,
        "mean": 972.769226074,
        "median": 771.646240234,
        "min": 129.815612793,
        "stdev": 727.460632324,
        "var": 529198.9375
    },
    "spectral_complexity": {
        "dmean": 4.23684215546,
        "dmean2": 6.54144096375,
        "dvar": 31.8076572418,
        "dvar2": 63.9942588806,
        "max": 53,
        "mean": 15.8058776855,
        "median": 14,
        "min": 0,
        "stdev": 7.77796316147,
        "var": 60.4967079163
    },
    "spectral_decrease": {
        "dmean": 3.8549412551e-09,
        "dmean2": 5.88636694943e-09,
        "dvar": 4.29923450693e-17,
        "dvar2": 8.97453576056e-17,
        "max": 8.47536768389e-30,
        "mean": -1.36329516565e-08,
        "median": -1.16386669191e-08,
        "min": -5.99292633296e-08,
        "stdev": 9.96853266599e-09,
        "var": 9.93716355883e-17
    },
    "spectral_energy": {
        "dmean": 0.0151030607522,
        "dmean2": 0.0230476297438,
        "dvar": 0.000627881672699,
        "dvar2": 0.001318311668,
        "max": 0.229675233364,
        "mean": 0.0536005683243,
        "median": 0.0457546748221,
        "min": 1.05068594498e-20,
        "stdev": 0.0380033478141,
        "var": 0.00144425453618
    },
    "spectral_energyband_high": {
        "dmean": 0.000887973001227,
        "dmean2": 0.00124448002316,
        "dvar": 2.84181010102e-06,
        "dvar2": 5.26482335772e-06,
        "max": 0.0204971786588,
        "mean": 0.00130690820515,
        "median": 0.000617123558186,
        "min": 7.47177949373e-21,
        "stdev": 0.0022789798677,
        "var": 5.19374953001e-06
    },
    "spectral_energyband_low": {
        "dmean": 0.0114052994177,
        "dmean2": 0.0175141431391,
        "dvar": 0.000595397606958,
        "dvar2": 0.00131901027635,
        "max": 0.218822285533,
        "mean": 0.0349331684411,
        "median": 0.0293969996274,
        "min": 1.06580838581e-22,
        "stdev": 0.0359653681517,
        "var": 0.00129350775387
    },
    "spectral_energyband_middle_high": {
        "dmean": 0.00300942012109,
        "dmean2": 0.00502579146996,
        "dvar": 4.88200203108e-05,
        "dvar2": 0.000133788620587,
        "max": 0.0757852271199,
        "mean": 0.00479598948732,
        "median": 0.00306178745814,
        "min": 1.36858334914e-21,
        "stdev": 0.00634255958721,
        "var": 4.0228060243e-05
    },
    "spectral_energyband_middle_low": {
        "dmean": 0.00758220162243,
        "dmean2": 0.0127610648051,
        "dvar": 0.000286808033707,
        "dvar2": 0.000816111511085,
        "max": 0.153451412916,
        "mean": 0.0145636806265,
        "median": 0.0125872297212,
        "min": 3.37848173561e-22,
        "stdev": 0.014275804162,
        "var": 0.000203798583243
    },
    "spectral_entropy": {
        "dmean": 0.241139799356,
        "dmean2": 0.335174739361,
        "dvar": 0.0610197745264,
        "dvar2": 0.110238924623,
        "max": 9.80091762543,
        "mean": 7.52687168121,
        "median": 7.5597319603,
        "min": 5.41329479218,
        "stdev": 0.504041433334,
        "var": 0.254057765007
    },
    "spectral_flux": {
        "dmean": 0.0389871038496,
        "dmean2": 0.0599651969969,
        "dvar": 0.00237952242605,
        "dvar2": 0.00433346861973,
        "max": 0.454739958048,
        "mean": 0.102074764669,
        "median": 0.0796988010406,
        "min": 1.02502971389e-10,
        "stdev": 0.075021199882,
        "var": 0.00562818069011
    },
    "spectral_kurtosis": {
        "dmean": 2.26380586624,
        "dmean2": 3.35104465485,
        "dvar": 22.8344116211,
        "dvar2": 52.1108932495,
        "max": 94.6857376099,
        "mean": 4.57567739487,
        "median": 2.87067127228,
        "min": -1.23099327087,
        "stdev": 6.80922174454,
        "var": 46.3654975891
    },
    "spectral_rms": {
        "dmean": 0.0009437315166,
        "dmean2": 0.00138929439709,
        "dvar": 1.82091173428e-06,
        "dvar2": 3.35985032507e-06,
        "max": 0.0149690816179,
        "mean": 0.00685143237934,
        "median": 0.00668122060597,
        "min": 3.20165487004e-12,
        "stdev": 0.00231326231733,
        "var": 5.35118215339e-06
    },
    "spectral_rolloff": {
        "dmean": 535.797424316,
        "dmean2": 875.657714844,
        "dvar": 1972727.625,
        "dvar2": 3895790.5,
        "max": 18992.2851562,
        "mean": 946.378356934,
        "median": 516.796875,
        "min": 64.599609375,
        "stdev": 1614.82226562,
        "var": 2607651
    },
    "spectral_skewness": {
        "dmean": 0.328144878149,
        "dmean2": 0.468878865242,
        "dvar": 0.148883908987,
        "dvar2": 0.295686691999,
        "max": 7.89922046661,
        "mean": 1.76592898369,
        "median": 1.64558887482,
        "min": -0.0165137760341,
        "stdev": 0.73879724741,
        "var": 0.545821368694
    },
    "spectral_spread": {
        "dmean": 980582.0625,
        "dmean2": 1354503,
        "dvar": 1.46076755558e+12,
        "dvar2": 2.2735903785e+12,
        "max": 40577932,
        "mean": 6121122,
        "median": 6112238.5,
        "min": 933070.3125,
        "stdev": 2131902.75,
        "var": 4.54500968038e+12
    },
    "spectral_strongpeak": {
        "dmean": 0.201038897038,
        "dmean2": 0.331705898046,
        "dvar": 0.184439018369,
        "dvar2": 0.46465960145,
        "max": 5.35182189941,
        "mean": 0.55576479435,
        "median": 0.429934591055,
        "min": 0,
        "stdev": 0.482917070389,
        "var": 0.233208909631
    },
    "zerocrossingrate": {
        "dmean": 0.0140573605895,
        "dmean2": 0.0157399792224,
        "dvar": 0.000528837379534,
        "dvar2": 0.000568153802305,
        "max": 0.4990234375,
        "mean": 0.0457787290215,
        "median": 0.03662109375,
        "min": 0.001953125,
        "stdev": 0.0408779904246,
        "var": 0.00167101004627
    },
    "barkbands": {
        "dmean": [0.000782789720688, 0.00855899043381, 0.00468640215695, 0.00312237208709, 0.00257547269575, 0.001629539649, 0.00131341279484, 0.000961874960922, 0.000911109847948, 0.000885835092049, 0.00111591746099, 0.000584782974329, 0.000407662591897, 0.000226186151849, 0.000182855481398, 0.0001749623043, 0.000127688937937, 0.000150837760884, 0.000167185164173, 0.000152409716975, 0.000163984281244, 0.000204360709176, 0.000165986930369, 0.000178188449354, 0.000150508160004, 6.24685053481e-05, 2.16466855818e-06],
        "dmean2": [0.00114317343105, 0.0120512163267, 0.00827884301543, 0.00564683135599, 0.00448314845562, 0.00269217393361, 0.00205522705801, 0.00149710732512, 0.00144216092303, 0.0014622596791, 0.00190821534488, 0.000934324285481, 0.000691541878041, 0.000369551649783, 0.000322893261909, 0.000291069532977, 0.000205085409107, 0.00024182703055, 0.000260225293459, 0.000229888348258, 0.000244221271714, 0.000314450124279, 0.00024690531427, 0.000265017297352, 0.000222629954806, 9.55122304731e-05, 3.83920041713e-06],
        "dvar": [2.79497430711e-06, 0.000374075345462, 0.000287775939796, 9.38823650358e-05, 3.38047793775e-05, 6.53887764201e-06, 3.52279175786e-06, 2.13531302506e-06, 1.91301842278e-06, 3.40796918863e-06, 1.02951617009e-05, 1.25003930407e-06, 5.56698523724e-07, 3.10041627927e-07, 4.09661652157e-07, 1.2185603282e-07, 7.49897779428e-08, 1.99894856223e-07, 1.96591713575e-07, 1.81070163308e-07, 1.58968063602e-07, 1.68676209e-07, 1.0710741094e-07, 1.46266700085e-07, 1.61030158097e-07, 1.93080236244e-08, 5.11350510546e-11],
        "dvar2": [4.82503128296e-06, 0.00071284774458, 0.000776963948738, 0.000272109435173, 9.55961149884e-05, 1.70719595189e-05, 8.6682912297e-06, 4.98517374581e-06, 4.25207736043e-06, 8.51932236401e-06, 2.89250237984e-05, 2.94606161333e-06, 1.4953027403e-06, 8.36045501273e-07, 1.14977774501e-06, 3.14988625405e-07, 1.92733722315e-07, 4.58632541722e-07, 4.33223618757e-07, 3.93554813627e-07, 3.3201632732e-07, 3.44405179931e-07, 2.11030027231e-07, 2.9489385156e-07, 3.42729947533e-07, 4.37426699307e-08, 1.30373711826e-10],
        "max": [0.0179811026901, 0.212235584855, 0.137180000544, 0.098658695817, 0.048068203032, 0.0245319139212, 0.0201430674642, 0.0175383519381, 0.0272419024259, 0.0208897069097, 0.0389440581203, 0.0138520644978, 0.0104134809226, 0.00722938077524, 0.00754240108654, 0.00310574867763, 0.00355334160849, 0.00721136387438, 0.00699593406171, 0.00657555181533, 0.00688153039664, 0.00453797262162, 0.00369552685879, 0.0064178542234, 0.00598673149943, 0.00186030205805, 8.70758158271e-05],
        "mean": [0.00203618383966, 0.027440758422, 0.00375673850067, 0.00295849051327, 0.00321916420944, 0.00255167740397, 0.00221098237671, 0.00149364117533, 0.00151663809083, 0.00136529258452, 0.00122602120973, 0.000775818771217, 0.000535733881406, 0.000269346288405, 0.000171412335476, 0.000198304507649, 0.000146228441736, 0.000156390364282, 0.000185597164091, 0.000167195656104, 0.000207315533771, 0.000263863417786, 0.000220870730118, 0.000261884299107, 0.000196562745259, 6.67543499731e-05, 1.72919283159e-06],
        "median": [0.00116822391283, 0.0238910801709, 0.000680121942423, 0.00116003374569, 0.00139990809839, 0.0016319216229, 0.00133261922747, 0.000702070479747, 0.000865140056703, 0.000525269540958, 0.000274832331343, 0.000213208957575, 0.000225434007007, 8.98618091014e-05, 5.54974321858e-05, 9.14917254704e-05, 5.35939507245e-05, 2.70050877589e-05, 3.09629431285e-05, 2.87740003841e-05, 7.78032190283e-05, 0.000105003564386, 7.80453337939e-05, 0.000139990224852, 8.48555282573e-05, 1.99858423002e-05, 1.07722513576e-07],
        "min": [5.24005589458e-23, 6.540579556e-23, 8.88553281004e-24, 1.89912930232e-23, 7.36746229467e-24, 8.40324612956e-24, 7.44987995769e-23, 7.47803661221e-23, 1.10175974338e-22, 6.88226866175e-23, 6.89498951716e-23, 8.40648550798e-23, 1.26175663839e-22, 1.03432595682e-22, 1.5789563462e-22, 1.63108654674e-22, 1.20601522196e-22, 1.5567731989e-22, 2.66063371042e-22, 4.63673608401e-22, 5.86242701156e-22, 5.50944798097e-22, 5.20920019981e-22, 7.50737643187e-22, 1.08650223946e-21, 1.57161751641e-21, 2.29052733575e-21],
        "stdev": [0.00253452197649, 0.0301353018731, 0.0139316106215, 0.00749850645661, 0.00550820166245, 0.0029447118286, 0.00242118234746, 0.00203371699899, 0.00215627299622, 0.00219934270717, 0.00278151268139, 0.00142966560088, 0.000812641868833, 0.000525406911038, 0.000508824305143, 0.000322400184814, 0.000271135068033, 0.000489507161546, 0.000546013878193, 0.000508584198542, 0.000482341012685, 0.000521664973348, 0.000421721284511, 0.00047025247477, 0.000466579076601, 0.000150882246089, 6.37015227767e-06],
        "var": [6.42380200588e-06, 0.000908136367798, 0.000194089763681, 5.62275999982e-05, 3.03402848658e-05, 8.67132803251e-06, 5.86212399867e-06, 4.13600446336e-06, 4.64951290269e-06, 4.83710846311e-06, 7.73681222199e-06, 2.04394359571e-06, 6.60386774598e-07, 2.76052418258e-07, 2.58902190353e-07, 1.03941886209e-07, 7.35142222652e-08, 2.39617236275e-07, 2.98131169529e-07, 2.58657905761e-07, 2.32652851651e-07, 2.72134343504e-07, 1.77848846761e-07, 2.2113738396e-07, 2.17696026539e-07, 2.27654535223e-08, 4.05788423696e-11]
    },
    "erbbands": {
        "dmean": [0.356413275003, 1.70534479618, 4.85370206833, 8.29176425934, 7.48494625092, 8.81860733032, 13.3790016174, 13.7995147705, 17.2228908539, 23.505197525, 18.4743728638, 22.9825782776, 25.1163330078, 27.4482460022, 42.288444519, 25.7956237793, 19.0533714294, 12.3080635071, 10.3401203156, 8.50480365753, 10.1206512451, 6.83783340454, 7.50719499588, 8.75481700897, 8.18700408936, 7.39841270447, 5.77296590805, 7.4467048645, 7.68572807312, 5.94689130783, 4.55024433136, 3.29046416283, 3.29601407051, 2.07641148567, 0.894794881344, 0.368874162436, 0.0992570072412, 0.0114657860249, 0.000301490566926, 2.53799389611e-05],
        "dmean2": [0.510172426701, 2.29527378082, 7.95575761795, 14.5359792709, 13.6774950027, 14.9613838196, 22.2101211548, 23.0637722015, 27.0408287048, 36.9344673157, 28.3282032013, 35.9606018066, 41.3176460266, 45.705078125, 71.8443145752, 41.1383628845, 32.0405464172, 19.8559513092, 17.7984390259, 14.4395847321, 16.7998065948, 11.0604867935, 11.8309574127, 13.9145326614, 12.5321149826, 11.1748361588, 8.69974517822, 11.1280174255, 11.7371902466, 9.12148475647, 6.77497243881, 4.90100908279, 4.91321706772, 3.11719799042, 1.33751308918, 0.55272513628, 0.155867397785, 0.018482580781, 0.000498668698128, 3.82945399906e-05],
        "dvar": [0.743732273579, 17.6792316437, 287.388031006, 621.749633789, 599.303161621, 362.463775635, 402.307830811, 555.147460938, 726.959533691, 1208.01965332, 1091.16662598, 1230.21154785, 3958.55639648, 3646.42871094, 13361.6347656, 2406.59423828, 1300.41503906, 616.989746094, 1223.63598633, 605.502868652, 342.214782715, 236.738510132, 514.409912109, 499.644744873, 589.70123291, 432.396514893, 259.271636963, 263.867004395, 236.784896851, 151.4480896, 79.7189331055, 32.323589325, 64.6778564453, 34.8903427124, 4.8734369278, 0.663646876812, 0.0565576069057, 0.000934266427066, 7.93897072526e-07, 1.48359402541e-09],
        "dvar2": [1.38706696033, 32.2021980286, 761.277770996, 1707.29492188, 1745.4041748, 985.503173828, 1040.64538574, 1456.40612793, 1832.25891113, 3037.34692383, 2622.02661133, 2646.07983398, 9783.58300781, 9934.46582031, 37417.1523438, 5658.98681641, 3499.77929688, 1581.43212891, 3499.43212891, 1590.97521973, 898.756469727, 608.113891602, 1213.2791748, 1141.63916016, 1326.54052734, 944.13494873, 549.121826172, 542.325134277, 492.029449463, 312.340942383, 158.371871948, 66.6656265259, 133.576660156, 77.1230010986, 10.446141243, 1.44916141033, 0.132497861981, 0.00232739164494, 2.00191379918e-06, 3.20998627679e-09],
        "max": [9.71164131165, 47.4685134888, 141.139297485, 238.444763184, 242.561538696, 210.096450806, 170.593658447, 239.738723755, 334.280822754, 446.420959473, 460.985565186, 742.457275391, 836.515075684, 627.769897461, 1329.35217285, 666.981506348, 550.025878906, 252.74546814, 376.140380859, 291.510650635, 176.618972778, 165.348678589, 439.942260742, 276.192840576, 403.908843994, 321.590759277, 326.646362305, 241.954421997, 166.456665039, 127.565132141, 99.686126709, 89.036857605, 133.443969727, 89.4058456421, 32.2228889465, 10.7247066498, 3.11248683929, 0.349005132914, 0.0106759844348, 0.000341072067386],
        "mean": [1.16059601307, 4.62922477722, 4.73000478745, 8.23165798187, 7.48875713348, 11.5423078537, 19.836894989, 20.4580802917, 28.6180038452, 37.7706108093, 30.9440402985, 40.4512290955, 40.383808136, 36.806388855, 50.1583404541, 37.1035842896, 26.3945579529, 16.3640193939, 10.4767103195, 8.83297920227, 11.8573732376, 7.80063486099, 7.89420557022, 9.68050670624, 8.98253059387, 7.97364282608, 6.93503952026, 9.6900472641, 9.87438011169, 7.43512392044, 6.15293741226, 5.13057279587, 4.47171115875, 2.71729660034, 1.13203084469, 0.413417220116, 0.0994029864669, 0.0111173549667, 0.000314100238029, 7.40055766073e-05],
        "median": [1.1716953516, 2.82491564751, 1.10839009285, 3.32622170448, 2.95803689957, 4.09409046173, 11.0257863998, 12.3557109833, 16.4192237854, 21.3568534851, 15.6091585159, 23.5028190613, 15.3124628067, 13.8975105286, 13.2267684937, 12.3177042007, 11.7811403275, 6.31041002274, 3.20117688179, 3.59840321541, 6.00370359421, 2.98195052147, 1.55475890636, 1.83667492867, 1.42595827579, 1.36723339558, 2.11423635483, 4.00896549225, 4.01939201355, 2.41120052338, 2.25674557686, 2.92984294891, 2.07465481758, 1.16493153572, 0.488570153713, 0.133063644171, 0.0272581651807, 0.00236702035181, 9.252691234e-05, 5.99833074375e-05],
        "min": [2.32091551999e-21, 1.29020812746e-20, 1.81435088027e-20, 2.95880631029e-20, 4.9550548535e-20, 1.79315873916e-20, 3.64331474617e-20, 8.9084385754e-20, 6.60968232736e-19, 1.53184998612e-18, 2.06266315893e-18, 1.94716558436e-18, 3.1341131015e-18, 1.46130409438e-18, 3.75335684488e-18, 3.51272876392e-18, 5.79233348017e-18, 5.198356589e-18, 6.13586117498e-18, 9.40989084312e-18, 8.12788331639e-18, 6.76279914561e-18, 8.07462942855e-18, 1.13058367836e-17, 1.46133002649e-17, 2.34521519352e-17, 2.84625040195e-17, 1.9280478274e-17, 2.27168115317e-17, 1.68988482738e-17, 1.30119149949e-17, 1.31600084487e-17, 1.55995113133e-17, 1.02707071009e-17, 8.49037784905e-18, 4.98520620721e-18, 3.41413958825e-18, 1.1513662397e-18, 3.23526209097e-19, 3.38329375179e-20],
        "stdev": [1.25610172749, 6.28133583069, 14.8128919601, 20.4384670258, 18.8981246948, 20.7804546356, 24.2354736328, 26.391960144, 33.8465919495, 46.7038192749, 44.1879043579, 57.4413032532, 75.3155975342, 60.2929077148, 103.391792297, 63.6981239319, 39.2617149353, 26.7050361633, 27.9047050476, 21.1622486115, 17.2954902649, 14.8515787125, 24.1679592133, 26.4857959747, 29.1910076141, 24.4805583954, 18.6994171143, 20.3162097931, 19.380361557, 15.595867157, 11.4956235886, 7.42473983765, 9.4713010788, 6.69666147232, 2.56084442139, 0.925369560719, 0.244389668107, 0.0290110446513, 0.000824647722766, 5.17020562256e-05],
        "var": [1.57779169083, 39.4551811218, 219.421768188, 417.730957031, 357.139099121, 431.827331543, 587.358154297, 696.535583496, 1145.59179688, 2181.24682617, 1952.57092285, 3299.50341797, 5672.43896484, 3635.23461914, 10689.8623047, 4057.45117188, 1541.4822998, 713.158935547, 778.672607422, 447.84072876, 299.134002686, 220.569381714, 584.090209961, 701.497436523, 852.114929199, 599.297729492, 349.668212891, 412.748352051, 375.598388672, 243.231079102, 132.149368286, 55.1267585754, 89.7055435181, 44.8452758789, 6.55792474747, 0.856308817863, 0.0597263127565, 0.000841640750878, 6.80043910961e-07, 2.67310262814e-09]
    },
    "gfcc": {
        "mean": [16.1290798187, 96.8197479248, -83.9356918335, 24.9472007751, -69.8095779419, 33.0115242004, -34.8505363464, 15.7144508362, -16.5897579193, 9.9550409317, -10.3574914932, 7.02655076981, -4.83947181702],
        "cov": [[5471.49707031, -1650.23339844, -314.3152771, 390.101867676, -548.849853516, 290.005310059, -223.443832397, 131.071914673, -365.65145874, 201.203323364, -239.697784424, 140.986099243, -278.107879639], [-1650.23339844, 1596.58984375, 157.988342285, -345.992767334, 368.998077393, 63.6130332947, 262.358398438, -41.1137275696, 329.601867676, -89.3071517944, 178.881912231, -32.9156570435, 253.40272522], [-314.3152771, 157.988342285, 424.062835693, 83.9075622559, 71.3618621826, 81.3384857178, 45.6279983521, 33.3717536926, 55.2622795105, 36.5587844849, 39.9004707336, 2.06902551651, 47.4994316101], [390.101867676, -345.992767334, 83.9075622559, 416.008209229, 29.6322917938, -41.8934593201, -40.5620956421, 10.8018217087, -25.2848529816, 42.433921814, 34.3269500732, 3.8489048481, -32.1699409485], [-548.849853516, 368.998077393, 71.3618621826, 29.6322917938, 335.002624512, 13.9292669296, 123.771697998, 21.3340854645, 128.713165283, 6.17809867859, 88.4995346069, 26.4839630127, 76.0942382812], [290.005310059, 63.6130332947, 81.3384857178, -41.8934593201, 13.9292669296, 242.955810547, 96.6076660156, 88.6835861206, 66.2624740601, 49.7699165344, 33.366569519, 40.9142150879, 37.8983726501], [-223.443832397, 262.358398438, 45.6279983521, -40.5620956421, 123.771697998, 96.6076660156, 317.366119385, 120.793403625, 100.253250122, 8.87754535675, 58.6318817139, 66.145980835, 76.4755554199], [131.071914673, -41.1137275696, 33.3717536926, 10.8018217087, 21.3340854645, 88.6835861206, 120.793403625, 171.678192139, 49.8929901123, 28.9057426453, 29.4713134766, 31.2732830048, 26.3136062622], [-365.65145874, 329.601867676, 55.2622795105, -25.2848529816, 128.713165283, 66.2624740601, 100.253250122, 49.8929901123, 185.035095215, 29.5504570007, 77.0156021118, 17.5705928802, 79.9998168945], [201.203323364, -89.3071517944, 36.5587844849, 42.433921814, 6.17809867859, 49.7699165344, 8.87754535675, 28.9057426453, 29.5504570007, 113.545303345, 34.5462188721, 29.8660106659, 1.90468287468], [-239.697784424, 178.881912231, 39.9004707336, 34.3269500732, 88.4995346069, 33.366569519, 58.6318817139, 29.4713134766, 77.0156021118, 34.5462188721, 140.078872681, 30.4279670715, 54.8326225281], [140.986099243, -32.9156570435, 2.06902551651, 3.8489048481, 26.4839630127, 40.9142150879, 66.145980835, 31.2732830048, 17.5705928802, 29.8660106659, 30.4279670715, 107.66822052, 35.1986961365], [-278.107879639, 253.40272522, 47.4994316101, -32.1699409485, 76.0942382812, 37.8983726501, 76.4755554199, 26.3136062622, 79.9998168945, 1.90468287468, 54.8326225281, 35.1986961365, 120.910881042]],
        "icov": [[0.000442696386017, -0.00014214598923, 0.000468502315925, -0.000624067266472, 0.000348099274561, -0.00084054924082, 0.000290199823212, -0.000364788720617, 0.000591101590544, -0.000581063563004, 0.000706828257535, -0.000718416704331, 0.000412943394622], [-0.00014214598923, 0.00325941527262, -0.000998819596134, 0.00247259624302, -0.00126335781533, 0.00039623779594, -0.00163634389173, 0.00283366185613, -0.00303187943064, 0.00230661779642, -0.00236171041615, 0.00290084281005, -0.00282229995355], [0.000468502315925, -0.000998819596134, 0.0036164149642, -0.00198275991715, 0.000301930587739, -0.00193319271784, 0.000652418646496, -0.000960485951509, 0.00145466951653, -0.00169409962837, 0.00147387071047, -0.000560998509172, -5.88889633946e-06], [-0.000624067266472, 0.00247259624302, -0.00198275991715, 0.00554236676544, -0.00181604234967, 0.00217767665163, -0.00098590797279, 0.00162728282157, -0.00209684530273, 0.00138304999564, -0.00350991357118, 0.00258282851428, -0.0014287084341], [0.000348099274561, -0.00126335781533, 0.000301930587739, -0.00181604234967, 0.00563344592229, 6.27651170362e-05, -0.00062276981771, -0.000228051896556, -0.00113172386773, -0.000537898740731, 5.88908151258e-05, -0.00174104329199, 0.000962490390521], [-0.00084054924082, 0.00039623779594, -0.00193319271784, 0.00217767665163, 6.27651170362e-05, 0.00797639880329, -0.00120106944814, -0.00122583995108, -0.00242944993079, -0.000519719324075, -0.00142195448279, 0.000433848879766, -0.00080394471297], [0.000290199823212, -0.00163634389173, 0.000652418646496, -0.00098590797279, -0.00062276981771, -0.00120106944814, 0.00698664505035, -0.00481893122196, 0.000961644691415, -5.8198300394e-05, 0.00142522435635, -0.00396125484258, 0.00084789772518], [-0.000364788720617, 0.00283366185613, -0.000960485951509, 0.00162728282157, -0.000228051896556, -0.00122583995108, -0.00481893122196, 0.0120104821399, -0.00379779352807, 0.00144616013858, -0.00246877083555, 0.00295173912309, -0.00225532986224], [0.000591101590544, -0.00303187943064, 0.00145466951653, -0.00209684530273, -0.00113172386773, -0.00242944993079, 0.000961644691415, -0.00379779352807, 0.0146291824058, -0.00485911779106, 0.000507464632392, -0.000678662385326, -0.00135891861282], [-0.000581063563004, 0.00230661779642, -0.00169409962837, 0.00138304999564, -0.000537898740731, -0.000519719324075, -5.8198300394e-05, 0.00144616013858, -0.00485911779106, 0.0143523151055, -0.00445296335965, -0.00062558130594, 0.00027676258469], [0.000706828257535, -0.00236171041615, 0.00147387071047, -0.00350991357118, 5.88908151258e-05, -0.00142195448279, 0.00142522435635, -0.00246877083555, 0.000507464632392, -0.00445296335965, 0.01379808411, -0.00383189949207, -0.000300471816445], [-0.000718416704331, 0.00290084281005, -0.000560998509172, 0.00258282851428, -0.00174104329199, 0.000433848879766, -0.00396125484258, 0.00295173912309, -0.000678662385326, -0.00062558130594, -0.00383189949207, 0.0163905955851, -0.00657643796876], [0.000412943394622, -0.00282229995355, -5.88889633946e-06, -0.0014287084341, 0.000962490390521, -0.00080394471297, 0.00084789772518, -0.00225532986224, -0.00135891861282, 0.00027676258469, -0.000300471816445, -0.00657643796876, 0.0173037685454]]
    },
    "melbands": {
        "dmean": [0.00266558164731, 0.00205098674633, 0.00134592701215, 0.000529288488906, 0.000464750482934, 0.000307524198433, 0.000261397188297, 0.0002410136658, 0.000151518921484, 0.000140905176522, 0.000125660619233, 0.000110340137326, 0.00015786732547, 8.06967509561e-05, 4.62885582238e-05, 3.63221770385e-05, 2.24743762374e-05, 1.72747932083e-05, 1.2861902178e-05, 1.11301096695e-05, 1.21091352412e-05, 7.50120989323e-06, 6.54675432088e-06, 7.33031811251e-06, 7.19584068065e-06, 6.53686583973e-06, 5.40203927812e-06, 4.97817018186e-06, 3.53145696863e-06, 3.97811982111e-06, 4.6375025704e-06, 4.71564499094e-06, 3.68148607777e-06, 3.33151388077e-06, 2.78680045085e-06, 2.28400654123e-06, 2.0851384761e-06, 2.39729934037e-06, 2.22860580834e-06, 1.73779778834e-06],
        "dmean2": [0.00379851646721, 0.00300786620937, 0.00233604898676, 0.000940095284022, 0.000774229469243, 0.000510736252181, 0.000407935440307, 0.000379700446501, 0.000232020523981, 0.000222223214223, 0.000206917669857, 0.000183199415915, 0.000269869109616, 0.000128838451928, 7.47200101614e-05, 6.19669153821e-05, 3.61819438695e-05, 2.96576017718e-05, 2.27883665502e-05, 1.85032749869e-05, 2.00678696274e-05, 1.21237280837e-05, 1.08044705485e-05, 1.17680865515e-05, 1.15599295896e-05, 1.03674346974e-05, 8.3167997218e-06, 7.51476409278e-06, 5.3758485592e-06, 6.06661069469e-06, 7.09746700522e-06, 7.3318988143e-06, 5.77544915359e-06, 5.13167651661e-06, 4.15680960941e-06, 3.47097034137e-06, 3.14836916004e-06, 3.64577067558e-06, 3.35738900503e-06, 2.59266380453e-06],
        "dvar": [3.66901840607e-05, 3.69903791579e-05, 1.62973628903e-05, 2.09867471312e-06, 5.0393384754e-07, 2.57668006043e-07, 1.5698849154e-07, 1.27773930103e-07, 6.87488821427e-08, 4.66572060986e-08, 9.92125279708e-08, 5.3382748888e-08, 1.98143197849e-07, 2.56101397866e-08, 6.37084784927e-09, 4.54201209976e-09, 2.27200813718e-09, 3.43239858758e-09, 2.09292938536e-09, 6.59295340544e-10, 4.59901006167e-10, 2.74602812711e-10, 3.69642955134e-10, 5.73976144391e-10, 3.31604160797e-10, 3.6475869547e-10, 2.59615079434e-10, 2.07940303865e-10, 1.0048621657e-10, 1.06544287282e-10, 1.04438256654e-10, 9.26925133871e-11, 5.6595797493e-11, 5.0669430457e-11, 3.16060580485e-11, 1.6799121122e-11, 1.30549702992e-11, 3.23146162606e-11, 4.24676196986e-11, 2.37352533461e-11],
        "dvar2": [6.86817802489e-05, 8.95823104656e-05, 4.43658136646e-05, 6.01516694587e-06, 1.31215108468e-06, 6.72790292811e-07, 3.92071882516e-07, 3.21410681181e-07, 1.66524216638e-07, 1.0520467697e-07, 2.45405544774e-07, 1.44136024005e-07, 5.55641065603e-07, 6.24802680704e-08, 1.49950913908e-08, 1.23594654511e-08, 5.7759974581e-09, 9.85260850683e-09, 5.79456616023e-09, 1.69847302889e-09, 1.20454379804e-09, 7.09801439847e-10, 9.45408307196e-10, 1.28567279045e-09, 7.74564690165e-10, 8.27027335504e-10, 5.90121562727e-10, 4.71144789849e-10, 2.22555168738e-10, 2.23853990899e-10, 2.27613428105e-10, 2.04097266865e-10, 1.16965201413e-10, 1.07830896989e-10, 6.40087080561e-11, 3.49112544429e-11, 2.75907491298e-11, 6.91967108613e-11, 9.27770776871e-11, 5.43094631766e-11],
        "max": [0.068183504045, 0.0576887950301, 0.0381525792181, 0.0114151528105, 0.00717464741319, 0.00502894958481, 0.00460659433156, 0.00424330774695, 0.00338522484526, 0.0039816913195, 0.00418423675001, 0.00219194055535, 0.00526922661811, 0.00176426221151, 0.00119871972129, 0.000749176135287, 0.000520044355653, 0.000722260621842, 0.000578893406782, 0.000214642379433, 0.000203810603125, 0.00016250515182, 0.000340595812304, 0.000370657042367, 0.000230330624618, 0.000317454047035, 0.000224211777095, 0.000229501878493, 0.000192118284758, 0.000208359706448, 0.000166446043295, 0.000110781104013, 8.42828521854e-05, 8.10303245089e-05, 6.38193887426e-05, 4.75241686217e-05, 5.82653992751e-05, 7.87964818301e-05, 0.00014115407248, 7.89247715147e-05],
        "mean": [0.00879411585629, 0.00358595233411, 0.00137249182444, 0.000629842164926, 0.000693278445397, 0.000464521115646, 0.000444102915935, 0.000389056483982, 0.000253993057413, 0.000239379820414, 0.000196041422896, 0.000143255092553, 0.000175468507223, 0.000107849911728, 7.03302939655e-05, 4.71407183795e-05, 2.85882433673e-05, 1.73524222191e-05, 1.17373510875e-05, 1.24414709717e-05, 1.41003047247e-05, 8.51066397445e-06, 6.30039085081e-06, 7.86506734585e-06, 7.78963476478e-06, 7.09136111254e-06, 5.77546234126e-06, 5.18187744092e-06, 3.99680129703e-06, 4.89064814246e-06, 5.89552610109e-06, 5.87695240029e-06, 4.55614326711e-06, 3.9891160668e-06, 3.59490832125e-06, 3.16104319609e-06, 3.17791432281e-06, 3.19370565194e-06, 2.77290746453e-06, 2.17504543798e-06],
        "median": [0.0079707885161, 0.00146128539927, 0.000587755232118, 0.000269155774731, 0.000380321434932, 0.000285620597424, 0.000266281887889, 0.000216024927795, 0.000128153245896, 0.000135875918204, 6.87571955496e-05, 4.88370533276e-05, 3.97318144678e-05, 3.00225710816e-05, 2.58986237895e-05, 2.00021040655e-05, 9.56668645813e-06, 4.86657700094e-06, 3.55497377313e-06, 5.72617045691e-06, 7.09920595909e-06, 3.16687214763e-06, 1.23617905956e-06, 1.38433051688e-06, 1.45406090724e-06, 1.02048977624e-06, 8.3429500819e-07, 8.66074856276e-07, 1.07611037947e-06, 1.68162739556e-06, 2.46591685027e-06, 2.37460858443e-06, 1.54965277943e-06, 1.14011731966e-06, 1.16132196126e-06, 1.47454647959e-06, 1.86446709449e-06, 1.53560370109e-06, 1.07952939743e-06, 9.4125709893e-07],
        "min": [2.22342907383e-23, 1.21405417212e-23, 6.4606741783e-24, 2.11537982116e-24, 1.1412763302e-24, 2.17237462713e-24, 1.16699215047e-23, 1.52143216723e-23, 1.8266025351e-23, 1.32726415283e-23, 1.50013134507e-23, 4.7357749832e-24, 1.17545789016e-23, 1.11275969873e-23, 8.16574535455e-24, 1.36516844601e-23, 9.27152402869e-24, 9.0548870469e-24, 1.30913991576e-23, 1.27710900757e-23, 8.50661294055e-24, 6.51049666092e-24, 6.60958232378e-24, 8.63869192191e-24, 8.82797041865e-24, 1.05814173066e-23, 8.2147004846e-24, 1.78192066457e-23, 2.05548311146e-23, 1.2122740286e-23, 9.96231769048e-24, 1.28300897716e-23, 1.10386537091e-23, 8.60078084453e-24, 7.1870245621e-24, 8.15655275842e-24, 7.83110819197e-24, 1.11825048617e-23, 9.37866869456e-24, 8.23518483573e-24],
        "stdev": [0.00933678355068, 0.00666879722849, 0.00334204081446, 0.00129366258625, 0.000840313208755, 0.000573568744585, 0.000504175201058, 0.000478151399875, 0.000357223674655, 0.000333394214977, 0.000375533825718, 0.000238711334532, 0.000390392524423, 0.00018954310508, 0.000111807617941, 7.00088276062e-05, 5.07801560161e-05, 4.6869765356e-05, 3.66585773008e-05, 2.33113350987e-05, 2.04748594115e-05, 1.60382751346e-05, 1.83469092008e-05, 2.6509998861e-05, 2.10272264667e-05, 2.30185378314e-05, 1.88650810742e-05, 1.62623109645e-05, 1.13127189252e-05, 1.21468392535e-05, 1.22328774523e-05, 1.14812710308e-05, 9.64412993198e-06, 8.69463838171e-06, 7.13958115739e-06, 5.14131579621e-06, 4.65609218736e-06, 6.50586025586e-06, 7.41595022191e-06, 5.34315813638e-06],
        "var": [8.71755328262e-05, 4.44728539151e-05, 1.1169237041e-05, 1.67356290603e-06, 7.06126286332e-07, 3.28981087705e-07, 2.54192627835e-07, 2.2862874971e-07, 1.27608757339e-07, 1.11151706506e-07, 1.41025651601e-07, 5.69831044572e-08, 1.52406315124e-07, 3.59265897032e-08, 1.25009433916e-08, 4.90123586161e-09, 2.57862420305e-09, 2.19677498414e-09, 1.34385136352e-09, 5.43418365861e-10, 4.19219853276e-10, 2.57226268063e-10, 3.36609101703e-10, 7.02780000861e-10, 4.42144237889e-10, 5.29853105835e-10, 3.55891260906e-10, 2.64462785005e-10, 1.27977600739e-10, 1.47545711759e-10, 1.49643283875e-10, 1.31819583027e-10, 9.30092391993e-11, 7.55967441424e-11, 5.09736176879e-11, 2.64331299904e-11, 2.16791931629e-11, 4.23262154492e-11, 5.49963199981e-11, 2.85493382407e-11]
    },
    "melbands128": {
