{
"lowlevel": {
    "average_loudness": 0.982495546341,
    "barkbands_crest": {
        "dmean": 3.37895274162,
        "dmean2": 5.26873254776,
        "dvar": 11.2302789688,
        "dvar2": 24.7108459473,
        "max": 26.0525150299,
        "mean": 16.6090831757,
        "median": 17.1330852509,
        "min": 3.79048752785,
        "stdev": 6.13195466995,
        "var": 37.6008682251
    },
    "barkbands_flatness_db": {
        "dmean": 0.0430816672742,
        "dmean2": 0.0654786452651,
        "dvar": 0.00176279793959,
        "dvar2": 0.00418062089011,
        "max": 0.503693461418,
        "mean": 0.210565596819,
        "median": 0.206993103027,
        "min": 0.0438650287688,
        "stdev": 0.0740946084261,
        "var": 0.00549001153558
    },
    "barkbands_kurtosis": {
        "dmean": 25.2088813782,
        "dmean2": 40.61460495,
        "dvar": 3653.75610352,
        "dvar2": 8941.59375,
        "max": 785.822265625,
        "mean": 28.4831752777,
        "median": 7.92347240448,
        "min": -1.91776549816,
        "stdev": 66.6026763916,
        "var": 4435.91699219
    },
    "barkbands_skewness": {
        "dmean": 1.72846031189,
        "dmean2": 2.62137293816,
        "dvar": 4.3857254982,
        "dvar2": 10.3992881775,
        "max": 23.9949703217,
        "mean": 3.4675219059,
        "median": 2.61285233498,
        "min": -2.94297266006,
        "stdev": 3.19655108452,
        "var": 10.2179384232
    },
    "barkbands_spread": {
        "dmean": 9.76913833618,
        "dmean2": 15.0524139404,
        "dvar": 171.749588013,
        "dvar2": 359.758361816,
        "max": 114.139381409,
        "mean": 17.84217453,
        "median": 12.0303173065,
        "min": 0.138222590089,
        "stdev": 18.9620246887,
        "var": 359.558410645
    },
    "dissonance": {
        "dmean": 0.0277267489582,
        "dmean2": 0.0439774356782,
        "dvar": 0.00100437807851,
        "dvar2": 0.00253028934821,
        "max": 0.499955624342,
        "mean": 0.448502004147,
        "median": 0.460558712482,
        "min": 0,
        "stdev": 0.0418416187167,
        "var": 0.00175072113052
    },
    "dynamic_complexity": 2.6207447052,
    "erbbands_crest": {
        "dmean": 4.1690864563,
        "dmean2": 6.90429973602,
        "dvar": 12.034453392,
        "dvar2": 31.8423633575,
        "max": 28.7991104126,
        "mean": 10.5373106003,
        "median": 9.60269927979,
        "min": 2.87595486641,
        "stdev": 4.6720867157,
        "var": 21.8283939362
    },
    "erbbands_flatness_db": {
        "dmean": 0.0292745511979,
        "dmean2": 0.0441534183919,
        "dvar": 0.000645443389658,
        "dvar2": 0.00133094552439,
        "max": 0.302920848131,
        "mean": 0.149373173714,
        "median": 0.143106639385,
        "min": 0.0543753653765,
        "stdev": 0.0463613756001,
        "var": 0.00214937725104
    },
    "erbbands_kurtosis": {
        "dmean": 2.30587387085,
        "dmean2": 3.72098326683,
        "dvar": 8.72629451752,
        "dvar2": 20.2703227997,
        "max": 34.4898986816,
        "mean": 1.64924550056,
        "median": 0.528827667236,
        "min": -1.78124833107,
        "stdev": 3.54180192947,
        "var": 12.5443611145
    },
    "erbbands_skewness": {
        "dmean": 0.753920972347,
        "dmean2": 1.1043022871,
        "dvar": 0.473875075579,
        "dvar2": 0.960661709309,
        "max": 4.91124105453,
        "mean": 0.450476825237,
        "median": 0.578997612,
        "min": -3.9991414547,
        "stdev": 1.1678109169,
        "var": 1.36378240585
    },
    "erbbands_spread": {
        "dmean": 19.9872264862,
        "dmean2": 30.4703083038,
        "dvar": 404.49029541,
        "dvar2": 923.601257324,
        "max": 186.041213989,
        "mean": 50.6677856445,
        "median": 41.9560775757,
        "min": 4.14208126068,
        "stdev": 32.9170761108,
        "var": 1083.53393555
    },
    "hfc": {
        "dmean": 9.72680091858,
        "dmean2": 14.3403100967,
        "dvar": 144.824630737,
        "dvar2": 289.517730713,
        "max": 87.8863220215,
        "mean": 19.5328407288,
        "median": 12.9847450256,
        "min": 1.16627410642e-16,
        "stdev": 17.9128303528,
        "var": 320.869476318
    },
    "loudness_ebu128": {
        "integrated": -8.00242042542,
        "loudness_range": 0.850272655487,
        "momentary": {
            "dmean": 0.642714142799,
            "dmean2": 0.89828056097,
            "dvar": 0.244896575809,
            "dvar2": 0.476434737444,
            "max": -5.45394563675,
            "mean": -8.11670017242,
            "median": -8.04526138306,
            "min": -11.5936222076,
            "stdev": 1.00973379612,
            "var": 1.01956236362
        },
        "short_term": {
            "dmean": 0.116399973631,
            "dmean2": 0.170586660504,
            "dvar": 0.00593836931512,
            "dvar2": 0.0116663072258,
            "max": -7.21452283859,
            "mean": -7.97628879547,
            "median": -7.99255990982,
            "min": -8.58443069458,
            "stdev": 0.26256942749,
            "var": 0.0689427107573
        }
    },
    "melbands_crest": {
        "dmean": 4.32495975494,
        "dmean2": 7.04454278946,
        "dvar": 16.8542137146,
        "dvar2": 42.2785148621,
        "max": 35.0357208252,
        "mean": 22.6239070892,
        "median": 23.8184566498,
        "min": 2.2610976696,
        "stdev": 7.71167516708,
        "var": 59.4699325562
    },
    "melbands_flatness_db": {
        "dmean": 0.0489170216024,
        "dmean2": 0.0725094154477,
        "dvar": 0.00230265571736,
        "dvar2": 0.00533869257197,
        "max": 0.620400071144,
        "mean": 0.289265751839,
        "median": 0.293082803488,
        "min": 0.011626182124,
        "stdev": 0.0964668393135,
        "var": 0.00930585060269
    },
    "melbands_kurtosis": {
        "dmean": 56.3611946106,
        "dmean2": 90.0784759521,
        "dvar": 10873.1621094,
        "dvar2": 27805.1464844,
        "max": 1437.69213867,
        "mean": 75.1348495483,
        "median": 26.1600723267,
        "min": -1.89479029179,
        "stdev": 127.466056824,
        "var": 16247.5947266
    },
    "melbands_skewness": {
        "dmean": 2.34385275841,
        "dmean2": 3.58028244972,
        "dvar": 6.64631891251,
        "dvar2": 15.6750745773,
        "max": 24.3216991425,
        "mean": 5.53194046021,
        "median": 4.26352024078,
        "min": -1.65329229832,
        "stdev": 4.45480060577,
        "var": 19.845249176
    },
    "melbands_spread": {
        "dmean": 9.7797870636,
        "dmean2": 14.940404892,
        "dvar": 387.62612915,
        "dvar2": 790.117614746,
        "max": 251.144973755,
        "mean": 15.9976463318,
        "median": 9.15858650208,
        "min": 0.17973831296,
        "stdev": 26.3642749786,
        "var": 695.074951172
    },
    "pitch_salience": {
        "dmean": 0.100802704692,
        "dmean2": 0.158206477761,
        "dvar": 0.00878114812076,
        "dvar2": 0.0217648614198,
        "max": 0.909331262112,
        "mean": 0.380289822817,
        "median": 0.373330593109,
        "min": 0.0677871182561,
        "stdev": 0.168344423175,
        "var": 0.0283398460597
    },
    "silence_rate_20dB": {
        "dmean": 0,
        "dmean2": 0,
        "dvar": 0,
        "dvar2": 0,
        "max": 1,
        "mean": 1,
        "median": 1,
        "min": 1,
        "stdev": 0,
        "var": 0
    },
    "silence_rate_30dB": {
        "dmean": 0.0773993805051,
        "dmean2": 0.154918670654,
        "dvar": 0.0714077875018,
        "dvar2": 0.166551142931,
        "max": 1,
        "mean": 0.925754070282,
        "median": 1,
        "min": 0,
        "stdev": 0.262171804905,
        "var": 0.0687340497971
    },
    "silence_rate_60dB": {
        "dmean": 0.00928792543709,
        "dmean2": 0.0178156476468,
        "dvar": 0.00920153502375,
        "dvar2": 0.0221455860883,
        "max": 1,
        "mean": 0.00773395225406,
        "median": 0,
        "min": 0,
        "stdev": 0.0876023322344,
        "var": 0.00767416926101
    },
    "spectral_centroid": {
        "dmean": 474.029571533,
        "dmean2": 686.610595703,
        "dvar": 419029.15625,
        "dvar2": 655563.4375,
        "max": 11674.0107422,
        "mean": 1188.61364746,
        "median": 900.829772949,
        "min": 121.874832153,
        "stdev": 942.979675293,
        "var": 889210.625
    },
    "spectral_complexity": {
        "dmean": 3.61919498444,
        "dmean2": 5.40511226654,
        "dvar": 18.107170105,
        "dvar2": 36.3804321289,
        "max": 44,
        "mean": 10.9775714874,
        "median": 10,
        "min": 0,
        "stdev": 7.02731275558,
        "var": 49.3831214905
    },
    "spectral_decrease": {
        "dmean": 4.26106350204e-09,
        "dmean2": 6.41566444415e-09,
        "dvar": 3.27069331786e-17,
        "dvar2": 7.45726549448e-17,
        "max": -1.13243705728e-28,
        "mean": -1.23806520591e-08,
        "median": -1.13579341487e-08,
        "min": -4.69549199522e-08,
        "stdev": 8.83659634354e-09,
        "var": 7.80854395434e-17
    },
    "spectral_energy": {
        "dmean": 0.016527749598,
        "dmean2": 0.0248092804104,
        "dvar": 0.000483150361106,
        "dvar2": 0.0010976290796,
        "max": 0.179445430636,
        "mean": 0.0484991334379,
        "median": 0.0443115159869,
        "min": 1.10058391906e-20,
        "stdev": 0.0339414998889,
        "var": 0.00115202530287
    },
    "spectral_energyband_high": {
        "dmean": 0.000746157544199,
        "dmean2": 0.0010493027512,
        "dvar": 1.51300025664e-06,
        "dvar2": 2.78272091236e-06,
        "max": 0.00951585918665,
        "mean": 0.0010752629023,
        "median": 0.000242993744905,
        "min": 8.06134116622e-21,
        "stdev": 0.00174547464121,
        "var": 3.04668174067e-06
    },
    "spectral_energyband_low": {
        "dmean": 0.0103759774938,
        "dmean2": 0.0167752373964,
        "dvar": 0.000295509031275,
        "dvar2": 0.000680972647388,
        "max": 0.162024453282,
        "mean": 0.0313170067966,
        "median": 0.026624571532,
        "min": 2.03510935863e-23,
        "stdev": 0.0282277427614,
        "var": 0.000796805485152
    },
    "spectral_energyband_middle_high": {
        "dmean": 0.00221000728197,
        "dmean2": 0.00351957976818,
        "dvar": 1.71584142663e-05,
        "dvar2": 4.11429573433e-05,
        "max": 0.062180288136,
        "mean": 0.00319426204078,
        "median": 0.00157733226661,
        "min": 1.81534176025e-21,
        "stdev": 0.00517596490681,
        "var": 2.67906143563e-05
    },
    "spectral_energyband_middle_low": {
        "dmean": 0.0115819666535,
        "dmean2": 0.0184417851269,
        "dvar": 0.000426696031354,
        "dvar2": 0.00106528832112,
        "max": 0.121877878904,
        "mean": 0.0141951581463,
        "median": 0.00589672708884,
        "min": 3.14819013952e-22,
        "stdev": 0.021839376539,
        "var": 0.000476958346553
    },
    "spectral_entropy": {
        "dmean": 0.335356891155,
        "dmean2": 0.483994752169,
        "dvar": 0.100519232452,
        "dvar2": 0.212263047695,
        "max": 9.80151367188,
        "mean": 7.58241319656,
        "median": 7.53327035904,
        "min": 5.57255649567,
        "stdev": 0.580109477043,
        "var": 0.336527019739
    },
    "spectral_flux": {
        "dmean": 0.0466670244932,
        "dmean2": 0.0730357021093,
        "dvar": 0.0029302733019,
        "dvar2": 0.00565050495788,
        "max": 0.409488797188,
        "mean": 0.114216804504,
        "median": 0.0899065807462,
        "min": 1.049087206e-10,
        "stdev": 0.0790027007461,
        "var": 0.00624142726883
    },
    "spectral_kurtosis": {
        "dmean": 1.72030878067,
        "dmean2": 2.5967066288,
        "dvar": 3.47850346565,
        "dvar2": 7.50473928452,
        "max": 19.0749530792,
        "mean": 3.54240226746,
        "median": 3.07801675797,
        "min": -1.31953704357,
        "stdev": 3.13502311707,
        "var": 9.8283700943
    },
    "spectral_rms": {
        "dmean": 0.00118623045273,
        "dmean2": 0.00177508674096,
        "dvar": 1.93733649212e-06,
        "dvar2": 4.23224446422e-06,
        "max": 0.0132313529029,
        "mean": 0.00641705002636,
        "median": 0.00657500931993,
        "min": 3.27679788685e-12,
        "stdev": 0.00247744680382,
        "var": 6.13774227531e-06
    },
    "spectral_rolloff": {
        "dmean": 691.530395508,
        "dmean2": 1178.90710449,
        "dvar": 2759596.75,
        "dvar2": 5516069,
        "max": 18281.6894531,
        "mean": 1064.2713623,
        "median": 344.53125,
        "min": 64.599609375,
        "stdev": 2114.22363281,
        "var": 4469942
    },
    "spectral_skewness": {
        "dmean": 0.331220418215,
        "dmean2": 0.463619560003,
        "dvar": 0.101253710687,
        "dvar2": 0.171106487513,
        "max": 3.5312936306,
        "mean": 1.4920372963,
        "median": 1.56597805023,
        "min": -0.235385999084,
        "stdev": 0.629147171974,
        "var": 0.39582619071
    },
    "spectral_spread": {
        "dmean": 1206540.375,
        "dmean2": 1657988.375,
        "dvar": 2.50563526656e+12,
        "dvar2": 3.83045074944e+12,
        "max": 39929248,
        "mean": 6167053.5,
        "median": 5608487,
        "min": 2454025.5,
        "stdev": 2802669.5,
        "var": 7.85495621632e+12
    },
    "spectral_strongpeak": {
        "dmean": 0.385973423719,
        "dmean2": 0.663686335087,
        "dvar": 0.522653102875,
        "dvar2": 1.40332698822,
        "max": 6.87558221817,
        "mean": 0.673619687557,
        "median": 0.499795347452,
        "min": 0,
        "stdev": 0.70369887352,
        "var": 0.495192110538
    },
    "zerocrossingrate": {
        "dmean": 0.0176140274853,
        "dmean2": 0.0199960824102,
        "dvar": 0.000790009449702,
        "dvar2": 0.000815593870357,
        "max": 0.48291015625,
        "mean": 0.0471306592226,
        "median": 0.0283203125,
        "min": 0.00048828125,
        "stdev": 0.0545645095408,
        "var": 0.00297728576697
    },
    "barkbands": {
        "dmean": [0.00107341317926, 0.0092388568446, 0.00382189708762, 0.00576889701188, 0.00341559574008, 0.000817603198811, 0.00201979605481, 0.00146183138713, 0.00107292388566, 0.00056813901756, 0.000698417366948, 0.000595702615101, 0.000304347602651, 0.000157967762789, 0.000159863149747, 0.000188507154235, 0.000149158440763, 0.000125528415083, 0.000105504659587, 7.65174336266e-05, 5.10312238475e-05, 0.000106657760625, 0.000237634580117, 0.000236466730712, 0.00013117036724, 3.48962457792e-05, 2.67840641754e-06],
        "dmean2": [0.00186597113498, 0.0148014891893, 0.00642421189696, 0.0100920367986, 0.00539263384417, 0.0013307754416, 0.00319918757305, 0.00235346890986, 0.00174079916906, 0.000941100472119, 0.00120654841885, 0.000969520013314, 0.000485676282551, 0.000269447569735, 0.000260819215328, 0.000309093593387, 0.000235000130488, 0.000195773274754, 0.000171136809513, 0.000122722587548, 7.55585278966e-05, 0.00015624819207, 0.000343463063473, 0.000344940839568, 0.000192622537725, 5.20920293638e-05, 4.47044158136e-06],
        "dvar": [4.82160930915e-06, 0.000210167272598, 0.000163084594533, 0.000239633969613, 4.80406670249e-05, 5.88253169553e-06, 2.54452406807e-05, 1.46400388985e-05, 1.04182036011e-05, 3.33700586452e-06, 3.91285811929e-06, 4.60816499981e-06, 7.68715210597e-07, 1.76085166004e-07, 2.42087452307e-07, 3.34782214395e-07, 1.26983991322e-07, 1.19702804113e-07, 6.18575910494e-08, 1.94589677704e-08, 8.00234722931e-09, 4.70765506577e-08, 1.9559271891e-07, 2.25990433478e-07, 6.59947119175e-08, 5.34247446282e-09, 5.4639851671e-11],
        "dvar2": [1.43491542985e-05, 0.00048091969802, 0.000430792744737, 0.000649244175293, 0.000104248014395, 1.46943384607e-05, 5.90385207033e-05, 3.4159518691e-05, 2.33683240367e-05, 7.42791007724e-06, 1.0429894246e-05, 1.22552009998e-05, 1.78511754712e-06, 4.69917978307e-07, 6.11995574218e-07, 7.80514426424e-07, 2.87779272412e-07, 2.45981425451e-07, 1.63072201076e-07, 4.88857772041e-08, 1.63107092277e-08, 8.60077804532e-08, 3.81809513783e-07, 4.31063938322e-07, 1.35793428058e-07, 1.21421388499e-08, 1.38429739893e-10],
        "max": [0.0207546185702, 0.139158859849, 0.097470164299, 0.0957417190075, 0.0621354542673, 0.0424811244011, 0.0669403076172, 0.0387254245579, 0.0442121401429, 0.0392497479916, 0.0260993428528, 0.0466635152698, 0.0141994506121, 0.00493457959965, 0.00647715199739, 0.0102614089847, 0.00735200149938, 0.00719420798123, 0.00333911366761, 0.00178042193875, 0.00144594057929, 0.00406719883904, 0.00509822554886, 0.00558233447373, 0.00339284120128, 0.000945260107983, 9.0637266112e-05],
        "mean": [0.00148141093086, 0.0258126873523, 0.00281073804945, 0.00440672691911, 0.00422490481287, 0.000995579292066, 0.00193501403555, 0.00140152825043, 0.00108255294617, 0.000579323386773, 0.000708485546056, 0.00064562127227, 0.000317406811519, 0.000149263913045, 0.000151694868691, 0.000188546677236, 0.000174391258042, 0.000162896350957, 0.000134945788886, 0.000110320994281, 7.35864887247e-05, 0.000142528762808, 0.000293241057079, 0.000307245500153, 0.000164368655533, 4.17801275034e-05, 2.37647373069e-06],
        "median": [0.000772278406657, 0.0231935624033, 8.33840458654e-05, 0.000395604060031, 0.00101041840389, 0.000228198521654, 0.000268328323727, 0.000118090771139, 0.000189291298739, 6.3849867729e-05, 0.000147619910422, 0.000125353588373, 8.54960671859e-05, 3.10651521431e-05, 1.88828835235e-05, 2.14883148146e-05, 4.15791328123e-05, 3.56125165126e-05, 5.11540383741e-05, 4.66360179416e-05, 2.44553884841e-05, 2.40258832491e-05, 4.98351655551e-05, 4.73467844131e-05, 2.79454689007e-05, 7.55859764467e-06, 1.79388152333e-07],
        "min": [2.63740655303e-23, 1.10457968446e-23, 3.83007273386e-24, 1.65432434586e-24, 2.59531609058e-23, 9.78830854319e-23, 5.36945685094e-23, 3.48205917246e-23, 8.31052468094e-23, 5.73386388859e-23, 1.90231850919e-23, 1.59592796283e-22, 1.34703868692e-22, 2.55890675192e-22, 7.59888126765e-23, 1.53439365678e-22, 3.13642513109e-22, 2.57365857707e-22, 2.26047549655e-22, 3.46520746269e-22, 4.77975391556e-22, 5.59600811038e-22, 5.93743922706e-22, 7.848469285e-22, 1.62541788063e-21, 1.7575673546e-21, 2.24357796974e-21],
        "stdev": [0.00216495105997, 0.0227269362658, 0.010999799706, 0.0130693651736, 0.00840988382697, 0.00268144486472, 0.0052479095757, 0.00409419694915, 0.00334361894056, 0.00202405755408, 0.00182567862794, 0.00205419119447, 0.000907900976017, 0.000389546796214, 0.000495820713695, 0.000629171496257, 0.000415876711486, 0.00044435649761, 0.000247954565566, 0.000164921177202, 0.000124525497085, 0.000297194579616, 0.000571469776332, 0.000622201012447, 0.000323067652062, 8.52219964145e-05, 7.3019436968e-06],
        "var": [4.68701318823e-06, 0.000516513595358, 0.000120995588077, 0.000170808314579, 7.07261424395e-05, 7.19014678907e-06, 2.75405527645e-05, 1.6762449377e-05, 1.11797880891e-05, 4.09680933444e-06, 3.33310231326e-06, 4.21970116804e-06, 8.24284200007e-07, 1.51746704091e-07, 2.45838151613e-07, 3.95856801561e-07, 1.72953434685e-07, 1.97452692419e-07, 6.14814723576e-08, 2.71989950562e-08, 1.55065986718e-08, 8.832461873e-08, 3.26577691112e-07, 3.87134065249e-07, 1.04372702481e-07, 7.26278859275e-09, 5.33183809603e-11]
    },
    "erbbands": {
        "dmean": [0.396254062653, 1.82221662998, 3.78729653358, 11.8332548141, 19.9494190216, 8.53774547577, 4.36846256256, 8.00516986847, 21.5343551636, 36.6069297791, 26.4379081726, 26.4717006683, 17.6472053528, 22.255865097, 30.998884201, 19.1125888824, 13.8472499847, 8.3369178772, 7.37527132034, 10.225019455, 9.58373737335, 7.88166189194, 7.36386871338, 4.76414251328, 5.16134023666, 3.44377923012, 2.00410413742, 2.33494830132, 3.53497099876, 5.94179487228, 6.83543872833, 5.51269865036, 3.70976924896, 1.86810398102, 0.708750367165, 0.22588929534, 0.0504963770509, 0.00890278909355, 0.000297509104712, 2.39729579334e-05],
        "dmean2": [0.616656720638, 2.83553242683, 6.0077457428, 20.5805168152, 31.7949962616, 13.9303760529, 7.01340341568, 12.8363523483, 33.1431922913, 58.2834968567, 42.3775634766, 43.8397636414, 28.6312084198, 36.3086013794, 52.9292755127, 30.3507633209, 21.6972732544, 13.942908287, 12.1179676056, 16.7852687836, 15.8028430939, 12.2628269196, 11.5745306015, 7.41357851028, 8.20079994202, 5.51185750961, 3.08359646797, 3.34819412231, 5.08202648163, 8.89428043365, 9.77879333496, 8.02414131165, 5.37568807602, 2.78250169754, 1.02877271175, 0.333202540874, 0.0747115015984, 0.0138710802421, 0.0004724508035, 3.57412536687e-05],
        "dvar": [0.361760050058, 9.89287471771, 137.014373779, 1184.66345215, 2350.42919922, 196.954193115, 77.8401184082, 626.927001953, 3330.01831055, 8176.9296875, 4824.33789062, 7834.51220703, 2770.12207031, 3403.6574707, 13801.0712891, 3117.46972656, 1828.43286133, 414.576568604, 671.001708984, 1508.46398926, 723.49029541, 247.149719238, 365.242370605, 167.924942017, 121.155334473, 38.0437164307, 10.4068460464, 19.8656864166, 49.3505172729, 127.72844696, 166.846160889, 130.211303711, 51.7964744568, 14.1778488159, 1.89480209351, 0.215361103415, 0.0136144421995, 0.000463706383016, 6.20805224116e-07, 7.90827570096e-10],
        "dvar2": [0.888838946819, 22.2996044159, 345.417816162, 3308.39355469, 5202.30615234, 465.276397705, 187.992874146, 1549.80212402, 7524.14697266, 18822.2910156, 11870.1630859, 18223.84375, 7030.61425781, 7081.08984375, 37119.5625, 7751.86376953, 4196.53662109, 996.866943359, 1755.45666504, 3951.35205078, 1756.19580078, 515.213256836, 705.400390625, 402.734619141, 294.134185791, 92.7072219849, 22.7310256958, 36.9780693054, 90.9606170654, 261.321624756, 328.116149902, 251.092605591, 100.605041504, 29.6448192596, 3.77610850334, 0.469048589468, 0.0311041530222, 0.00112894934136, 1.55456802986e-06, 1.81448300829e-09],
        "max": [7.2032365799, 28.7149677277, 95.8039093018, 236.202697754, 371.00378418, 99.4553375244, 106.911933899, 429.823028564, 709.164733887, 1043.92041016, 784.666687012, 1306.96862793, 709.05255127, 1269.93798828, 2058.29125977, 945.61932373, 788.927001953, 242.29548645, 483.628051758, 708.389831543, 427.078033447, 257.616760254, 398.090057373, 274.349487305, 170.494506836, 63.0908317566, 35.4332962036, 82.0941619873, 134.805297852, 122.213409424, 161.376846313, 142.103317261, 76.5866012573, 49.4165115356, 13.7086200714, 6.284740448, 1.95935428143, 0.238584503531, 0.0112388078123, 0.000251429097261],
        "mean": [1.02801215649, 4.68478870392, 3.64941453934, 8.85527133942, 19.9775238037, 10.781457901, 5.29263544083, 9.89856433868, 22.2662601471, 35.5638885498, 26.4379138947, 26.2460575104, 18.8134231567, 23.2870998383, 31.9913482666, 22.6347332001, 15.5255641937, 8.9000120163, 7.51524591446, 9.81341362, 9.90404319763, 10.0377855301, 9.88873386383, 6.28053092957, 7.16073560715, 5.15626716614, 3.13048219681, 3.24373817444, 4.67541599274, 7.4394197464, 8.23351669312, 6.965944767, 4.74381637573, 2.34007239342, 0.886378407478, 0.266930699348, 0.0611857026815, 0.00942683499306, 0.000326644134475, 6.60121950204e-05],
        "median": [0.860606074333, 4.01926422119, 0.845035135746, 0.777835011482, 2.81960177422, 2.76312375069, 2.28580188751, 2.06373476982, 3.60410571098, 3.79067158699, 3.63544416428, 4.67931318283, 3.54725146294, 4.75495290756, 7.35965204239, 5.48437833786, 4.26804590225, 2.03237843513, 1.70381379128, 1.02380156517, 1.53811180592, 2.78971481323, 2.17963075638, 2.12227606773, 2.73079538345, 2.2429459095, 1.43634676933, 0.713279604912, 0.847391486168, 1.29038989544, 1.38703536987, 1.07231390476, 0.753760695457, 0.394866406918, 0.14642585814, 0.0411688238382, 0.01201855205, 0.00174519699067, 7.47563899495e-05, 5.99837694608e-05],
        "min": [6.82342115283e-22, 1.15408315804e-21, 2.88565531176e-21, 7.31604577975e-21, 9.63252954229e-21, 1.17299858953e-19, 5.77766219124e-19, 7.77481223207e-19, 7.55841196105e-19, 5.63035735077e-19, 9.55295276403e-19, 1.74497058941e-18, 2.18022330836e-18, 1.40810045776e-18, 1.23016325805e-18, 7.45296597509e-18, 8.11973145145e-18, 9.54245811681e-18, 8.82713796567e-18, 6.62105885252e-18, 9.6654127246e-18, 1.94114788676e-17, 1.60879581563e-17, 1.22089029455e-17, 1.1117515055e-17, 1.67065569056e-17, 1.69533660937e-17, 2.11096211082e-17, 1.95820087684e-17, 2.15208886913e-17, 1.47161485935e-17, 1.31136085794e-17, 1.6848264525e-17, 1.87613992786e-17, 9.40306412152e-18, 6.25325836982e-18, 3.37932996691e-18, 1.21940618778e-18, 3.34875566541e-19, 3.34209434117e-20],
        "stdev": [0.93368345499, 4.53494358063, 10.8082151413, 27.8383979797, 53.1819839478, 17.5109405518, 9.72180843353, 27.7633247375, 62.138923645, 96.8358917236, 73.0395965576, 88.0828552246, 52.0151062012, 67.6488113403, 102.659751892, 63.0534973145, 45.6413154602, 21.9705848694, 23.9996547699, 36.8613052368, 28.5151367188, 20.7812213898, 25.7283096313, 13.9134616852, 12.3312902451, 7.52425861359, 4.56510162354, 6.22219753265, 9.67169761658, 14.5052843094, 16.3883152008, 14.6203460693, 9.46305179596, 4.65125751495, 1.76122748852, 0.562941551208, 0.130911573768, 0.0229783896357, 0.000813949562144, 4.22839584644e-05],
        "var": [0.871764779091, 20.5657119751, 116.817512512, 774.97644043, 2828.32348633, 306.633056641, 94.5135650635, 770.802185059, 3861.24584961, 9377.19042969, 5334.78222656, 7758.58935547, 2705.57128906, 4576.36132812, 10539.0253906, 3975.74365234, 2083.12963867, 482.706634521, 575.983398438, 1358.75585938, 813.113037109, 431.859130859, 661.945922852, 193.58442688, 152.06072998, 56.6144676208, 20.8401527405, 38.7157402039, 93.5417404175, 210.403259277, 268.576873779, 213.754516602, 89.5493545532, 21.6341953278, 3.10192227364, 0.316903203726, 0.0171378403902, 0.000528006406967, 6.62513912175e-07, 1.7879332459e-09]
    },
    "gfcc": {
        "mean": [-20.6607093811, 83.6902160645, -82.524848938, 39.4844589233, -58.334487915, 30.6649894714, -27.1611976624, 19.5179595947, -20.8114128113, -0.129596233368, -4.28807783127, 2.96078324318, -10.1477842331],
        "cov": [[5506.62890625, -632.013549805, -624.930358887, 85.5862045288, -476.702453613, 91.9544525146, -505.255767822, 139.190475464, -86.6169891357, -48.6950912476, -362.289459229, 0.187192365527, -210.495834351], [-632.013549805, 2265.29614258, -358.282836914, -255.270706177, 356.87991333, -363.626373291, 247.930831909, -121.075950623, 346.377746582, -34.8928070068, 308.306152344, -38.2652397156, 179.03137207], [-624.930358887, -358.282836914, 1160.22961426, 538.87322998, 281.314666748, 327.361206055, 107.459114075, 160.491043091, 148.366958618, 125.086700439, 11.0340852737, 87.8791503906, 54.5645675659], [85.5862045288, -255.270706177, 538.87322998, 816.488708496, 284.395477295, 141.337768555, -39.9891433716, 97.5916671753, 199.952514648, 20.2529220581, -34.5684051514, 46.9367904663, 87.4248580933], [-476.702453613, 356.87991333, 281.314666748, 284.395477295, 505.489929199, 57.7490501404, 71.7015075684, 96.7244720459, 230.928482056, 74.7008666992, 52.6240882874, 18.7553062439, 110.760520935], [91.9544525146, -363.626373291, 327.361206055, 141.337768555, 57.7490501404, 394.382873535, 162.92791748, 69.8722991943, -22.4601345062, 76.7265548706, -30.3777484894, -4.0293841362, 8.6255273819], [-505.255767822, 247.930831909, 107.459114075, -39.9891433716, 71.7015075684, 162.92791748, 416.953216553, 56.3624954224, 8.26639556885, 50.4146881104, 121.977142334, -0.738392055035, 16.3117542267], [139.190475464, -121.075950623, 160.491043091, 97.5916671753, 96.7244720459, 69.8722991943, 56.3624954224, 242.415557861, 139.596282959, 66.0350952148, 39.0135307312, 50.5714225769, 2.8935546875], [-86.6169891357, 346.377746582, 148.366958618, 199.952514648, 230.928482056, -22.4601345062, 8.26639556885, 139.596282959, 361.068908691, 93.7769470215, 79.2362289429, 33.6737823486, 67.175743103], [-48.6950912476, -34.8928070068, 125.086700439, 20.2529220581, 74.7008666992, 76.7265548706, 50.4146881104, 66.0350952148, 93.7769470215, 167.540969849, 50.2227668762, 19.0574874878, 7.99715185165], [-362.289459229, 308.306152344, 11.0340852737, -34.5684051514, 52.6240882874, -30.3777484894, 121.977142334, 39.0135307312, 79.2362289429, 50.2227668762, 210.720565796, 52.7846488953, 43.7916641235], [0.187192365527, -38.2652397156, 87.8791503906, 46.9367904663, 18.7553062439, -4.0293841362, -0.738392055035, 50.5714225769, 33.6737823486, 19.0574874878, 52.7846488953, 131.588104248, 33.0650367737], [-210.495834351, 179.03137207, 54.5645675659, 87.4248580933, 110.760520935, 8.6255273819, 16.3117542267, 2.8935546875, 67.175743103, 7.99715185165, 43.7916641235, 33.0650367737, 126.040237427]],
        "icov": [[0.000407854939112, -0.000409307191148, 0.000446370453574, -0.000480080489069, 0.000537576561328, -0.000783100666013, 0.000733348017093, -0.000813059741631, 0.000368336797692, -0.000390755245462, 0.000616799166892, -0.000478100293549, 0.000646839151159], [-0.000409307191148, 0.00198728754185, -0.000414764770539, 0.00128361815587, -0.00141040829476, 0.00186240603216, -0.00186844996642, 0.00237396289594, -0.00227159028873, 0.00154655287042, -0.00158897100482, 0.00111602642573, -0.00154602329712], [0.000446370453574, -0.000414764770539, 0.0022020759061, -0.00134443887509, 0.000168266094988, -0.00179032515734, 0.000773194537032, -0.000988141749986, 0.000505149306264, -0.000900575832929, 0.000594586890657, -0.00133125274442, 0.00114168028813], [-0.000480080489069, 0.00128361815587, -0.00134443887509, 0.00333602447063, -0.00162259256467, 0.000946781481616, -0.00093552301405, 0.0018443268491, -0.00236732535996, 0.00213619414717, -0.000776568194851, 0.000661883153953, -0.00169480894692], [0.000537576561328, -0.00141040829476, 0.000168266094988, -0.00162259256467, 0.00492997793481, -0.00123089656699, 0.00094980961876, -0.0021719657816, 0.000132960878545, -0.00166556111071, 0.00171591585968, -9.91139168036e-05, -0.000902705767658], [-0.000783100666013, 0.00186240603216, -0.00179032515734, 0.000946781481616, -0.00123089656699, 0.00745028071105, -0.00425846362486, 0.00156786956359, -0.000516263826285, -0.000680647499394, 0.00019917624013, 0.00209450465627, -0.0030482923612], [0.000733348017093, -0.00186844996642, 0.000773194537032, -0.00093552301405, 0.00094980961876, -0.00425846362486, 0.00636232132092, -0.00305346748792, 0.00246716872789, -0.000896950019524, -0.00124864885584, -0.0003264186671, 0.00215783668682], [-0.000813059741631, 0.00237396289594, -0.000988141749986, 0.0018443268491, -0.0021719657816, 0.00156786956359, -0.00305346748792, 0.0098948283121, -0.00527807325125, 0.00169933692086, -0.00202269759029, -0.000858103740029, 2.10862035601e-05], [0.000368336797692, -0.00227159028873, 0.000505149306264, -0.00236732535996, 0.000132960878545, -0.000516263826285, 0.00246716872789, -0.00527807325125, 0.00889319833368, -0.00409331871197, 0.000581051455811, -0.000148622610141, 0.000342514395015], [-0.000390755245462, 0.00154655287042, -0.000900575832929, 0.00213619414717, -0.00166556111071, -0.000680647499394, -0.000896950019524, 0.00169933692086, -0.00409331871197, 0.0103997616097, -0.00312883662991, 0.000621513230726, 9.18923979043e-05], [0.000616799166892, -0.00158897100482, 0.000594586890657, -0.000776568194851, 0.00171591585968, 0.00019917624013, -0.00124864885584, -0.00202269759029, 0.000581051455811, -0.00312883662991, 0.0102226827294, -0.00374011439271, -0.000426911487011], [-0.000478100293549, 0.00111602642573, -0.00133125274442, 0.000661883153953, -9.91139168036e-05, 0.00209450465627, -0.0003264186671, -0.000858103740029, -0.000148622610141, 0.000621513230726, -0.00374011439271, 0.0114162927493, -0.00391644239426], [0.000646839151159, -0.00154602329712, 0.00114168028813, -0.00169480894692, -0.000902705767658, -0.0030482923612, 0.00215783668682, 2.10862035601e-05, 0.000342514395015, 9.18923979043e-05, -0.000426911487011, -0.00391644239426, 0.0136010842398]]
    },
    "melbands": {
        "dmean": [0.00290526961908, 0.00176583707798, 0.00240064319223, 0.000923118146602, 0.000189695914742, 0.000181370240171, 0.000355128198862, 0.000392241141526, 0.000200253198273, 0.000166254845681, 8.76384438016e-05, 8.99000224308e-05, 9.93155263131e-05, 7.46367586544e-05, 3.54974690708e-05, 2.95289773931e-05, 1.5205067939e-05, 1.22961628222e-05, 1.28544006657e-05, 1.3371906789e-05, 1.21517241496e-05, 8.43507405079e-06, 8.21659523353e-06, 5.6239487094e-06, 3.86864712709e-06, 4.110446298e-06, 3.37412393492e-06, 2.20965625886e-06, 1.39405062782e-06, 1.34613776481e-06, 1.37303914016e-06, 2.02347746381e-06, 2.36216146732e-06, 3.81258087145e-06, 4.18061063101e-06, 3.6534015635e-06, 3.42918019669e-06, 2.85377632281e-06, 1.98129987439e-06, 1.5302009615e-06],
        "dmean2": [0.00465876376256, 0.00264963787049, 0.0040148361586, 0.00144937518053, 0.000303204258671, 0.000288375420496, 0.000547689793166, 0.000624052248895, 0.000327162590111, 0.000273366837064, 0.00014276568254, 0.000146900303662, 0.000169863225892, 0.000124209065689, 5.70269185118e-05, 4.80031085317e-05, 2.61263849097e-05, 2.04894349736e-05, 2.08789224416e-05, 2.19194971578e-05, 2.06490913115e-05, 1.32195536935e-05, 1.29239406306e-05, 8.68564438861e-06, 6.09809012531e-06, 6.61719968775e-06, 5.37875166629e-06, 3.58402076017e-06, 2.24127916226e-06, 2.07206153391e-06, 1.97206122721e-06, 2.96729581351e-06, 3.55072029379e-06, 5.72876115257e-06, 6.22510424364e-06, 5.21994888913e-06, 5.15979400006e-06, 4.1329931264e-06, 2.96330949823e-06, 2.32668458011e-06],
        "dvar": [1.98317793547e-05, 1.87820642168e-05, 3.77049218514e-05, 3.72204613086e-06, 1.26377514675e-07, 2.99694164596e-07, 8.09327332263e-07, 8.83017150954e-07, 2.9090500675e-07, 3.22992434576e-07, 7.35456637813e-08, 6.40889297188e-08, 1.07047704034e-07, 7.55245324058e-08, 1.10048512525e-08, 9.44491862498e-09, 1.54341039948e-09, 2.08148964731e-09, 1.61466373605e-09, 2.5901421008e-09, 1.34877342628e-09, 3.29282962008e-10, 3.89527410327e-10, 2.75837269692e-10, 1.26342630802e-10, 7.68882249536e-11, 4.76369846347e-11, 1.84115101637e-11, 5.42833920175e-12, 7.2173647267e-12, 7.16330467165e-12, 1.62482267224e-11, 2.36786215635e-11, 5.40258081327e-11, 6.92598617347e-11, 5.63256524755e-11, 5.45688182141e-11, 3.04915086236e-11, 1.67365704629e-11, 9.959314623e-12],
        "dvar2": [4.52542335552e-05, 4.21701552114e-05, 9.9895420135e-05, 8.38817322801e-06, 2.88565956907e-07, 7.15917906291e-07, 1.83112081231e-06, 2.00408294404e-06, 7.32162050099e-07, 7.32356795652e-07, 1.89225033864e-07, 1.29352685008e-07, 2.85925608523e-07, 2.021821075e-07, 2.46878713028e-08, 2.30002736856e-08, 3.96555011051e-09, 5.60200996702e-09, 4.03621358558e-09, 6.53887077817e-09, 3.41597927722e-09, 6.9344668896e-10, 9.27341259338e-10, 4.99222996275e-10, 3.16127457545e-10, 1.89430693354e-10, 1.13025970527e-10, 4.65266852823e-11, 1.32296977193e-11, 1.7281507822e-11, 1.25385795496e-11, 3.17313571252e-11, 4.52442076859e-11, 1.11464233676e-10, 1.42116207691e-10, 1.0719759802e-10, 1.12411052688e-10, 6.12126183075e-11, 3.26980387211e-11, 2.21243127985e-11],
        "max": [0.0474458709359, 0.0392419472337, 0.0381078161299, 0.0165077764541, 0.00375732081011, 0.00941731035709, 0.0100832227618, 0.00984412338585, 0.00753608858213, 0.00872142799199, 0.00376755185425, 0.00584933441132, 0.00460464181378, 0.00571171846241, 0.00192419392988, 0.00139730575029, 0.000492900493555, 0.000868454342708, 0.000614045071416, 0.000971921894234, 0.000495776999742, 0.00033279528725, 0.00037058320595, 0.000358447927283, 0.000240336594288, 0.00010764288163, 0.000128391868202, 4.44451943622e-05, 3.05388784909e-05, 3.98269949073e-05, 5.02002476424e-05, 6.51883674436e-05, 9.35175703489e-05, 8.07513788459e-05, 0.000101107412775, 8.27397598187e-05, 9.36601791182e-05, 6.72054156894e-05, 4.81985262013e-05, 4.17890514655e-05],
        "mean": [0.00818243529648, 0.0031860799063, 0.00199324009009, 0.00107496941928, 0.000234748673392, 0.000224269431783, 0.000361065671314, 0.000382597587304, 0.000196961846086, 0.000164167780895, 9.09795926418e-05, 9.15544151212e-05, 0.000102894824522, 7.96007952886e-05, 4.35294023191e-05, 2.89281579171e-05, 1.46771872096e-05, 1.18189254863e-05, 1.21904104162e-05, 1.31014630824e-05, 1.13781115942e-05, 1.01007353805e-05, 1.02630483525e-05, 7.3251358117e-06, 4.70418899567e-06, 5.32907324668e-06, 4.68415828436e-06, 3.11830308419e-06, 1.99913483812e-06, 1.72011539235e-06, 1.89606794265e-06, 2.53440816778e-06, 3.0300684557e-06, 4.68117787022e-06, 4.87582383357e-06, 4.44266561317e-06, 4.20276182922e-06, 3.52989150088e-06, 2.52033328252e-06, 1.80574852493e-06],
        "median": [0.00717725604773, 0.00200250255875, 0.000204253490665, 0.0002394123876, 8.44059613883e-05, 4.27777340519e-05, 5.76386592002e-05, 3.4358992707e-05, 2.48568849202e-05, 2.91452415695e-05, 1.66054178408e-05, 1.55326833919e-05, 2.24719697144e-05, 1.47693581312e-05, 1.11089393613e-05, 5.99821805736e-06, 2.96021789836e-06, 2.75991556009e-06, 1.34527863338e-06, 1.29600289256e-06, 1.69385452864e-06, 2.458302788e-06, 2.3865750336e-06, 1.46436877912e-06, 1.5870526795e-06, 1.92336301552e-06, 1.75693469373e-06, 1.28706301439e-06, 9.03123179796e-07, 4.59028854038e-07, 3.83756599831e-07, 4.63793213612e-07, 4.63934696882e-07, 8.00849363713e-07, 8.17526256469e-07, 6.85002817136e-07, 5.96708161993e-07, 5.19080401773e-07, 4.01056951205e-07, 2.82394182705e-07],
        "min": [4.60289136372e-24, 1.46877814728e-24, 1.09330323336e-24, 3.75872578701e-24, 1.705162763e-23, 1.81647939865e-23, 1.06484389291e-23, 5.54285778647e-24, 7.94633631553e-24, 1.20275539626e-23, 1.09377520884e-23, 5.867661009e-24, 2.92987278934e-24, 1.07756293395e-23, 2.47133681744e-23, 1.52239221096e-23, 1.71492113017e-23, 1.73779620315e-23, 5.11790788316e-24, 9.13916342399e-24, 1.17337387742e-23, 2.04230787216e-23, 1.90375723371e-23, 9.69156090628e-24, 1.05255951424e-23, 6.59427013918e-24, 1.05923619628e-23, 1.07481130822e-23, 1.09063112482e-23, 9.89761137473e-24, 1.34558087196e-23, 1.1779820084e-23, 1.02064527857e-23, 1.29748907128e-23, 8.51844979843e-24, 7.77945910192e-24, 8.17100942337e-24, 9.49792631963e-24, 1.85508672467e-23, 1.45697024059e-23],
        "stdev": [0.00709542818367, 0.00495210103691, 0.00545595167205, 0.00222051981837, 0.000424115773058, 0.000627942441497, 0.000964873819612, 0.00102601200342, 0.000554141646717, 0.000573174678721, 0.000263721682131, 0.00029101994005, 0.000293185090413, 0.000253703910857, 0.000125256177853, 9.43227933021e-05, 3.84415070585e-05, 4.02458390454e-05, 4.14114329033e-05, 5.04078270751e-05, 3.57514290954e-05, 2.29063716688e-05, 2.3045888156e-05, 2.24391606025e-05, 1.11842537081e-05, 9.46702402871e-06, 8.00448924565e-06, 4.89701642437e-06, 2.99200860354e-06, 3.26472672896e-06, 3.75566696675e-06, 5.3380490499e-06, 6.50248648526e-06, 9.26060147322e-06, 1.00256411315e-05, 9.5383511507e-06, 9.14137854124e-06, 7.17190414434e-06, 5.23489416082e-06, 3.68302426068e-06],
        "var": [5.03451010445e-05, 2.45233059104e-05, 2.97674068861e-05, 4.93070820085e-06, 1.79874177775e-07, 3.94311740592e-07, 9.30981514102e-07, 1.05270066797e-06, 3.07072951955e-07, 3.28529182525e-07, 6.95491237934e-08, 8.46926084819e-08, 8.59574953438e-08, 6.43656790089e-08, 1.56891086789e-08, 8.8967899714e-09, 1.47774936732e-09, 1.61972757429e-09, 1.71490677214e-09, 2.54094900676e-09, 1.27816479623e-09, 5.24701837534e-10, 5.31112931412e-10, 5.03515951156e-10, 1.2508753755e-10, 8.96245438975e-11, 6.40718519906e-11, 2.39807704944e-11, 8.95211509089e-12, 1.06584411436e-11, 1.41050339811e-11, 2.84947673096e-11, 4.22823304147e-11, 8.5758733448e-11, 1.00513472545e-10, 9.09801470272e-11, 8.35648009123e-11, 5.14362094584e-11, 2.74041189047e-11, 1.35646676183e-11]
    },
    "melbands128": {
