{
"lowlevel": {
    "average_loudness": 0.560087621212,
    "barkbands_crest": {
        "dmean": 2.10926699638,
        "dmean2": 3.30653619766,
        "dvar": 4.7053232193,
        "dvar2": 10.9785528183,
        "max": 23.8608207703,
        "mean": 12.1096363068,
        "median": 11.7712268829,
        "min": 2.75768232346,
        "stdev": 4.09494781494,
        "var": 16.7685985565
    },
    "barkbands_flatness_db": {
        "dmean": 0.0182022489607,
        "dmean2": 0.0259953383356,
        "dvar": 0.000373685033992,
        "dvar2": 0.000641998485662,
        "max": 0.323397576809,
        "mean": 0.174179494381,
        "median": 0.175982400775,
        "min": 0.043890491128,
        "stdev": 0.0492290444672,
        "var": 0.00242349877954
    },
    "barkbands_kurtosis": {
        "dmean": 2.95031690598,
        "dmean2": 4.41488313675,
        "dvar": 11.2096757889,
        "dvar2": 24.1454486847,
        "max": 41.1321716309,
        "mean": 8.28737258911,
        "median": 6.93111228943,
        "min": -1.79447197914,
        "stdev": 6.5824098587,
        "var": 43.3281173706
    },
    "barkbands_skewness": {
        "dmean": 0.446725010872,
        "dmean2": 0.653075754642,
        "dvar": 0.218333125114,
        "dvar2": 0.41801148653,
        "max": 5.7557015419,
        "mean": 2.14084029198,
        "median": 2.15061950684,
        "min": -2.14978456497,
        "stdev": 1.09731590748,
        "var": 1.20410227776
    },
    "barkbands_spread": {
        "dmean": 3.51585173607,
        "dmean2": 5.03519487381,
        "dvar": 41.7069511414,
        "dvar2": 74.2574615479,
        "max": 85.07472229,
        "mean": 13.0770235062,
        "median": 9.41541290283,
        "min": 1.93865966797,
        "stdev": 11.6115045547,
        "var": 134.827041626
    },
    "dissonance": {
        "dmean": 0.0275357160717,
        "dmean2": 0.045428391546,
        "dvar": 0.000861849403009,
        "dvar2": 0.0022453351412,
        "max": 0.499999970198,
        "mean": 0.426911145449,
        "median": 0.435101032257,
        "min": 0.0628100559115,
        "stdev": 0.0461391359568,
        "var": 0.00212881970219
    },
    "dynamic_complexity": 5.31635427475,
    "erbbands_crest": {
        "dmean": 2.60185956955,
        "dmean2": 3.90596294403,
        "dvar": 6.79271459579,
        "dvar2": 15.2066078186,
        "max": 29.0758705139,
        "mean": 12.4420232773,
        "median": 11.2783517838,
        "min": 3.13190984726,
        "stdev": 5.4009680748,
        "var": 29.1704559326
    },
    "erbbands_flatness_db": {
        "dmean": 0.0154208811,
        "dmean2": 0.0210952628404,
        "dvar": 0.00028409823426,
        "dvar2": 0.000471855310025,
        "max": 0.347091287374,
        "mean": 0.190459161997,
        "median": 0.185946017504,
        "min": 0.0835836753249,
        "stdev": 0.0468218773603,
        "var": 0.0021922881715
    },
    "erbbands_kurtosis": {
        "dmean": 1.42258489132,
        "dmean2": 2.08710551262,
        "dvar": 3.25879406929,
        "dvar2": 6.8139667511,
        "max": 27.5395889282,
        "mean": 2.9013812542,
        "median": 1.82339572906,
        "min": -1.70311713219,
        "stdev": 3.71737670898,
        "var": 13.8188896179
    },
    "erbbands_skewness": {
        "dmean": 0.358704507351,
        "dmean2": 0.516254901886,
        "dvar": 0.129450380802,
        "dvar2": 0.243825525045,
        "max": 4.48026847839,
        "mean": 1.21079230309,
        "median": 1.20904409885,
        "min": -1.70794868469,
        "stdev": 0.875051319599,
        "var": 0.765714764595
    },
    "erbbands_spread": {
        "dmean": 5.84934473038,
        "dmean2": 8.51475334167,
        "dvar": 63.4211387634,
        "dvar2": 127.088294983,
        "max": 110.217918396,
        "mean": 28.4314060211,
        "median": 25.8958034515,
        "min": 4.79315233231,
        "stdev": 15.7975244522,
        "var": 249.561767578
    },
    "hfc": {
        "dmean": 3.08324885368,
        "dmean2": 3.89424109459,
        "dvar": 32.9004974365,
        "dvar2": 48.6548690796,
        "max": 105.813697815,
        "mean": 13.7791109085,
        "median": 6.80657291412,
        "min": 1.25161452874e-16,
        "stdev": 17.105556488,
        "var": 292.600067139
    },
    "loudness_ebu128": {
        "integrated": -12.3136310577,
        "loudness_range": 12.0977582932,
        "momentary": {
            "dmean": 0.697537004948,
            "dmean2": 0.626984834671,
            "dvar": 0.369529366493,
            "dvar2": 0.331875056028,
            "max": -6.91753053665,
            "mean": -14.863038063,
            "median": -14.0412864685,
            "min": -27.5438709259,
            "stdev": 4.94786930084,
            "var": 24.4814128876
        },
        "short_term": {
            "dmean": 0.1279168576,
            "dmean2": 0.0821517780423,
            "dvar": 0.0134386243299,
            "dvar2": 0.00680748047307,
            "max": -8.89539432526,
            "mean": -14.0973777771,
            "median": -13.3230686188,
            "min": -22.727771759,
            "stdev": 3.74063014984,
            "var": 13.992313385
        }
    },
    "melbands_crest": {
        "dmean": 2.53992557526,
        "dmean2": 3.98791146278,
        "dvar": 6.9232416153,
        "dvar2": 16.0769424438,
        "max": 30.492477417,
        "mean": 15.2704000473,
        "median": 14.8177909851,
        "min": 1.68598377705,
        "stdev": 5.08601379395,
        "var": 25.8675346375
    },
    "melbands_flatness_db": {
        "dmean": 0.0195572860539,
        "dmean2": 0.0264075119048,
        "dvar": 0.00056780182058,
        "dvar2": 0.00083873415133,
        "max": 0.455129653215,
        "mean": 0.235467851162,
        "median": 0.235062301159,
        "min": 0.0054377624765,
        "stdev": 0.066803522408,
        "var": 0.00446271104738
    },
    "melbands_kurtosis": {
        "dmean": 4.68274116516,
        "dmean2": 7.18358707428,
        "dvar": 33.9672431946,
        "dvar2": 79.0188446045,
        "max": 71.0809860229,
        "mean": 13.4588518143,
        "median": 10.5726652145,
        "min": -1.51063513756,
        "stdev": 10.5371179581,
        "var": 111.030853271
    },
    "melbands_skewness": {
        "dmean": 0.507034957409,
        "dmean2": 0.762364327908,
        "dvar": 0.302497595549,
        "dvar2": 0.652100384235,
        "max": 7.65121412277,
        "mean": 2.42995738983,
        "median": 2.30055832863,
        "min": -0.649295091629,
        "stdev": 1.25199604034,
        "var": 1.56749403477
    },
    "melbands_spread": {
        "dmean": 4.18327331543,
        "dmean2": 5.8458313942,
        "dvar": 93.7144012451,
        "dvar2": 133.952713013,
        "max": 164.505233765,
        "mean": 14.890920639,
        "median": 9.99550914764,
        "min": 2.28758978844,
        "stdev": 19.0896873474,
        "var": 364.416137695
    },
    "pitch_salience": {
        "dmean": 0.0529118925333,
        "dmean2": 0.0823789015412,
        "dvar": 0.00272559816949,
        "dvar2": 0.00625077541918,
        "max": 0.87829464674,
        "mean": 0.556515395641,
        "median": 0.555079042912,
        "min": 0.218984931707,
        "stdev": 0.0981265679002,
        "var": 0.00962882395834
    },
    "silence_rate_20dB": {
        "dmean": 0,
        "dmean2": 0,
        "dvar": 0,
        "dvar2": 0,
        "max": 1,
        "mean": 1,
        "median": 1,
        "min": 1,
        "stdev": 0,
        "var": 0
    },
    "silence_rate_30dB": {
        "dmean": 0,
        "dmean2": 0,
        "dvar": 0,
        "dvar2": 0,
        "max": 1,
        "mean": 1,
        "median": 1,
        "min": 1,
        "stdev": 0,
        "var": 0
    },
    "silence_rate_60dB": {
        "dmean": 0.0208978336304,
        "dmean2": 0.0418280400336,
        "dvar": 0.0204611718655,
        "dvar2": 0.0478252470493,
        "max": 1,
        "mean": 0.21036349237,
        "median": 0,
        "min": 0,
        "stdev": 0.407564431429,
        "var": 0.166108757257
    },
    "spectral_centroid": {
        "dmean": 142.695358276,
        "dmean2": 198.585098267,
        "dvar": 141520.390625,
        "dvar2": 169221.453125,
        "max": 10861.5917969,
        "mean": 835.445678711,
        "median": 690.389953613,
        "min": 273.625091553,
        "stdev": 612.96673584,
        "var": 375728.1875
    },
    "spectral_complexity": {
        "dmean": 1.72136223316,
        "dmean2": 2.68474054337,
        "dvar": 4.74898290634,
        "dvar2": 8.34599113464,
        "max": 41,
        "mean": 10.4593963623,
        "median": 10,
        "min": 0,
        "stdev": 5.72163677216,
        "var": 32.7371253967
    },
    "spectral_decrease": {
        "dmean": 8.92564189225e-10,
        "dmean2": 1.26237797993e-09,
        "dvar": 1.84940048738e-18,
        "dvar2": 3.55580626227e-18,
        "max": 1.52911687569e-28,
        "mean": -4.2441619108e-09,
        "median": -2.65623723017e-09,
        "min": -2.2798326782e-08,
        "stdev": 4.46891723627e-09,
        "var": 1.99712204076e-17
    },
    "spectral_energy": {
        "dmean": 0.00358082749881,
        "dmean2": 0.00504320906475,
        "dvar": 2.90076368401e-05,
        "dvar2": 5.52894089196e-05,
        "max": 0.0915464758873,
        "mean": 0.0172682516277,
        "median": 0.0105524100363,
        "min": 1.07753845717e-20,
        "stdev": 0.0181526057422,
        "var": 0.000329517119098
    },
    "spectral_energyband_high": {
        "dmean": 0.000167949678143,
        "dmean2": 0.000211516322452,
        "dvar": 2.84847459397e-07,
        "dvar2": 4.18575922367e-07,
        "max": 0.00971575081348,
        "mean": 0.000398376345402,
        "median": 0.000159155184519,
        "min": 8.24045242602e-21,
        "stdev": 0.000977644813247,
        "var": 9.55789346335e-07
    },
    "spectral_energyband_low": {
        "dmean": 0.000177570225787,
        "dmean2": 0.000270704593277,
        "dvar": 2.0322623584e-07,
        "dvar2": 4.51072764918e-07,
        "max": 0.00998446624726,
        "mean": 0.000709821877535,
        "median": 0.000255919527262,
        "min": 6.66238157303e-23,
        "stdev": 0.00123046967201,
        "var": 1.51405572524e-06
    },
    "spectral_energyband_middle_high": {
        "dmean": 0.0010178872617,
        "dmean2": 0.00133398035541,
        "dvar": 5.65449272472e-06,
        "dvar2": 8.34538786876e-06,
        "max": 0.0680955275893,
        "mean": 0.00333931902424,
        "median": 0.000960555451456,
        "min": 1.242949841e-21,
        "stdev": 0.00695509556681,
        "var": 4.83733529109e-05
    },
    "spectral_energyband_middle_low": {
        "dmean": 0.00324212876149,
        "dmean2": 0.00465339655057,
        "dvar": 2.57931351371e-05,
        "dvar2": 5.49973119632e-05,
        "max": 0.0757472142577,
        "mean": 0.013162791729,
        "median": 0.00818206556141,
        "min": 2.11425299646e-22,
        "stdev": 0.013556544669,
        "var": 0.000183779891813
    },
    "spectral_entropy": {
        "dmean": 0.167969048023,
        "dmean2": 0.221829786897,
        "dvar": 0.039423044771,
        "dvar2": 0.0587977357209,
        "max": 9.80030918121,
        "mean": 7.08431577682,
        "median": 7.05598783493,
        "min": 5.68173742294,
        "stdev": 0.527700006962,
        "var": 0.278467327356
    },
    "spectral_flux": {
        "dmean": 0.0158636905253,
        "dmean2": 0.0250035654753,
        "dvar": 0.000504142662976,
        "dvar2": 0.00121611671057,
        "max": 0.285237818956,
        "mean": 0.047533493489,
        "median": 0.0367823019624,
        "min": 1.0380454829e-10,
        "stdev": 0.0409345403314,
        "var": 0.0016756367404
    },
    "spectral_kurtosis": {
        "dmean": 2.37383747101,
        "dmean2": 3.71391558647,
        "dvar": 23.2565402985,
        "dvar2": 54.3488998413,
        "max": 117.180992126,
        "mean": 8.91975498199,
        "median": 5.50684070587,
        "min": -1.19014668465,
        "stdev": 13.8323097229,
        "var": 191.332794189
    },
    "spectral_rms": {
        "dmean": 0.000396050250856,
        "dmean2": 0.000546625466086,
        "dvar": 2.39435195226e-07,
        "dvar2": 4.1633572323e-07,
        "max": 0.00945058930665,
        "mean": 0.00355175579898,
        "median": 0.00320858764462,
        "min": 3.24230941574e-12,
        "stdev": 0.00205720844679,
        "var": 4.23210622102e-06
    },
    "spectral_rolloff": {
        "dmean": 344.080657959,
        "dmean2": 521.401062012,
        "dvar": 1037947.5625,
        "dvar2": 1699961,
        "max": 19056.8847656,
        "mean": 1136.14453125,
        "median": 667.529296875,
        "min": 193.798828125,
        "stdev": 1522.72924805,
        "var": 2318704.5
    },
    "spectral_skewness": {
        "dmean": 0.243992522359,
        "dmean2": 0.366036057472,
        "dvar": 0.111453168094,
        "dvar2": 0.228395283222,
        "max": 8.86696338654,
        "mean": 2.26213002205,
        "median": 2.07077407837,
        "min": 0.00883685983717,
        "stdev": 1.06194400787,
        "var": 1.12772500515
    },
    "spectral_spread": {
        "dmean": 561925.1875,
        "dmean2": 787922.375,
        "dvar": 1.38952599142e+12,
        "dvar2": 1.69906510234e+12,
        "max": 40232828,
        "mean": 5025988.5,
        "median": 5180374.5,
        "min": 681025.3125,
        "stdev": 1892965.25,
        "var": 3.58331763917e+12
    },
    "spectral_strongpeak": {
        "dmean": 0.389449417591,
        "dmean2": 0.588004529476,
        "dvar": 0.36685743928,
        "dvar2": 0.736169815063,
        "max": 11.4161748886,
        "mean": 1.35046839714,
        "median": 0.724841654301,
        "min": 0,
        "stdev": 1.54754769802,
        "var": 2.39490389824
    },
    "zerocrossingrate": {
        "dmean": 0.0100736347958,
        "dmean2": 0.0110284993425,
        "dvar": 0.000401799858082,
        "dvar2": 0.000395282753743,
        "max": 0.49951171875,
        "mean": 0.0524938218296,
        "median": 0.044921875,
        "min": 0.00244140625,
        "stdev": 0.038774266839,
        "var": 0.00150344381109
    },
    "barkbands": {
        "dmean": [1.46169020354e-06, 9.3987226137e-05, 9.0678120614e-05, 6.33278104942e-05, 0.00119081826415, 0.00111483247019, 0.000584977387916, 0.00107768946327, 0.00111910281703, 0.000253163219895, 0.000365940155461, 0.000498501525726, 0.000217132590478, 0.000118469586596, 4.75449778605e-05, 6.00324201514e-05, 7.66899611335e-05, 5.33181373612e-05, 6.04219130764e-05, 4.18360104959e-05, 2.07121884159e-05, 4.21528093284e-05, 4.76516179333e-05, 3.47531422449e-05, 4.00169919885e-05, 1.41985874507e-05, 4.59553177734e-07],
        "dmean2": [2.55004761129e-06, 0.00013180935639, 0.000146642967593, 0.00010039692279, 0.0017927949084, 0.00170690310188, 0.000836951250676, 0.00151448906399, 0.0015690632863, 0.000339055375662, 0.000552128709387, 0.00067936826963, 0.000322412495734, 0.000167052057805, 7.3677409091e-05, 9.34445924941e-05, 0.000114419694, 7.78297689976e-05, 8.37641273392e-05, 6.20808277745e-05, 3.05414505419e-05, 6.14205564489e-05, 6.47544729873e-05, 4.54891232948e-05, 5.56940030947e-05, 2.04134503292e-05, 7.27735823602e-07],
        "dvar": [3.94296617925e-12, 7.71885098061e-08, 4.99125967224e-08, 1.7395741736e-08, 5.55387168788e-06, 4.49166191174e-06, 6.52175049254e-06, 8.57582836034e-06, 1.18165125969e-05, 1.41092255035e-06, 1.56558121489e-06, 3.77320088774e-06, 7.34200000352e-07, 1.78338737555e-07, 1.04749382501e-08, 2.37458852581e-08, 3.38042625003e-08, 3.55783882355e-08, 8.89945894755e-08, 3.13449817213e-08, 4.91869611707e-09, 1.23897647697e-08, 2.71499462912e-08, 1.75569301319e-08, 1.35820643621e-08, 1.47075640555e-09, 1.16137514102e-12],
        "dvar2": [1.07115384271e-11, 1.22642262568e-07, 1.23656320739e-07, 4.15305336787e-08, 1.31998303914e-05, 1.0982900676e-05, 1.49410107042e-05, 1.53638884512e-05, 2.47733332799e-05, 1.80265874405e-06, 3.44812292496e-06, 6.39324434815e-06, 1.6053827494e-06, 2.91968405008e-07, 2.4229903417e-08, 5.44154055149e-08, 7.23842887851e-08, 7.06557230501e-08, 1.76386265593e-07, 6.94829296322e-08, 1.06211430762e-08, 2.23968612545e-08, 4.66649616726e-08, 2.90127601943e-08, 2.94678397239e-08, 2.74573097592e-09, 2.68806331361e-12],
        "max": [2.19847315748e-05, 0.00870727188885, 0.00448430608958, 0.00259664864279, 0.0311451740563, 0.025537353009, 0.0494864806533, 0.0387550629675, 0.0538072437048, 0.0407334677875, 0.0302356816828, 0.0518305450678, 0.0215409323573, 0.0133737875149, 0.00191829795949, 0.00297194649465, 0.00342561700381, 0.00534819439054, 0.00910011772066, 0.00360316736624, 0.00122383551206, 0.0020281386096, 0.00342996767722, 0.00288510136306, 0.00174715882167, 0.000914900039788, 1.55044835992e-05],
        "mean": [1.66986978911e-06, 0.000280253501842, 0.000266642658971, 0.00022451269615, 0.00263951299712, 0.00277174101211, 0.00121542124543, 0.00270184362307, 0.00325643271208, 0.000677980890032, 0.000776669068728, 0.000927198678255, 0.000368853303371, 0.000193078216398, 8.85520203155e-05, 0.00010905542149, 0.000137292197905, 8.82523017935e-05, 0.000104595470475, 7.02735269442e-05, 3.55453448719e-05, 8.38054620544e-05, 8.82319218363e-05, 5.8631747379e-05, 7.412218838e-05, 2.75425809377e-05, 5.52190670078e-07],
        "median": [9.79410401669e-07, 5.90999734413e-05, 0.00011839637591, 5.6822791521e-05, 0.00127822277136, 0.00136429816484, 0.000288335228106, 0.000219095236389, 0.000335252494551, 7.53978529247e-05, 5.50593322259e-05, 2.74764170172e-05, 6.30269423709e-05, 5.11276775796e-05, 4.18213821831e-05, 3.94688759116e-05, 6.46902335575e-05, 2.16426597035e-05, 2.22654471145e-05, 1.58481998369e-05, 1.00768356788e-05, 2.3785585654e-05, 2.54155529547e-05, 1.21154434964e-05, 2.66882798314e-05, 1.17189547382e-05, 6.85713743565e-08],
        "min": [2.00682396201e-23, 3.21377294285e-23, 2.29979254495e-23, 5.14861350503e-24, 3.11251601923e-23, 2.2399539743e-23, 2.02475808361e-23, 3.60724824268e-23, 8.44097892438e-23, 2.81778212337e-23, 2.81237243082e-23, 7.83697400389e-23, 9.28087660581e-23, 8.38157706712e-23, 7.84268409466e-23, 8.66958639709e-23, 2.33307670068e-22, 1.66741895568e-22, 2.24928881782e-22, 3.6009235977e-22, 4.6549856553e-22, 4.53033755434e-22, 7.41318517761e-22, 8.81555217028e-22, 1.41580696106e-21, 1.61841017046e-21, 2.62094863001e-21],
        "stdev": [2.13223142964e-06, 0.000883538508788, 0.000433817738667, 0.000368537555914, 0.00365238822997, 0.00379178486764, 0.00358887040056, 0.00618061516434, 0.00838372670114, 0.00325398310088, 0.00265580741689, 0.00400754995644, 0.00129453302361, 0.000663443817757, 0.000154804438353, 0.000231653277297, 0.000241506451857, 0.000279853702523, 0.000475010223454, 0.000253199134022, 0.000107269421278, 0.000188505204278, 0.000284723442746, 0.000203150804737, 0.000158069378813, 5.79703482799e-05, 1.34010747388e-06],
        "var": [4.54641099074e-12, 7.80640277753e-07, 1.88197830653e-07, 1.35819931302e-07, 1.33399389597e-05, 1.43776323966e-05, 1.28799911181e-05, 3.82000034733e-05, 7.02868710505e-05, 1.05884055301e-05, 7.05331331119e-06, 1.60604558914e-05, 1.67581561072e-06, 4.4015772005e-07, 2.39644162292e-08, 5.36632427384e-08, 5.83253694231e-08, 7.83180880148e-08, 2.25634707363e-07, 6.41097983589e-08, 1.15067280149e-08, 3.55342137937e-08, 8.10674336549e-08, 4.12702512165e-08, 2.49859279933e-08, 3.36056116268e-09, 1.7958879826e-12]
    },
    "erbbands": {
        "dmean": [0.00165602925699, 0.0248784422874, 0.0819489732385, 0.185671329498, 0.615930378437, 4.71094655991, 10.1474895477, 9.30477333069, 7.77941799164, 10.3126945496, 26.9550323486, 33.0605964661, 10.7825775146, 6.53291797638, 17.9192962646, 16.6998882294, 9.29555034637, 6.75437164307, 3.20803499222, 1.91231966019, 3.65344047546, 3.59703803062, 2.83804512024, 2.97156906128, 2.80408120155, 1.88479495049, 0.98726016283, 0.790452539921, 1.45701432228, 1.71298551559, 1.27768325806, 0.725858449936, 0.604089021683, 0.44292858243, 0.306810081005, 0.101933754981, 0.0194499138743, 0.00181704061106, 5.01728281961e-05, 5.3374737945e-06],
        "dmean2": [0.00231122481637, 0.0353862456977, 0.134042948484, 0.291098892689, 0.972416639328, 7.01869440079, 15.6676664352, 14.2165126801, 10.827413559, 15.2955121994, 36.8334884644, 43.4572296143, 12.9171257019, 9.03510761261, 24.8892612457, 21.5606307983, 12.943570137, 9.27191734314, 4.96601772308, 2.75472068787, 5.68701124191, 5.4373216629, 4.14574241638, 4.00623607635, 3.87652850151, 2.80274605751, 1.42535424232, 1.13173890114, 2.10101270676, 2.42353701591, 1.74722456932, 0.970729291439, 0.796871125698, 0.620071709156, 0.440956443548, 0.145690873265, 0.0278474465013, 0.00274249725044, 7.5152311183e-05, 7.2611151154e-06],
        "dvar": [2.27513464779e-05, 0.00539796426892, 0.0427090153098, 0.15922857821, 1.74444544315, 100.632270813, 348.760345459, 460.370849609, 1348.05810547, 1242.70153809, 5107.25, 10335.6396484, 1790.53515625, 436.969177246, 3949.78222656, 4464.40039062, 1074.11291504, 503.40625, 49.3505783081, 28.2269039154, 84.9149627686, 92.6855316162, 62.7148132324, 183.893371582, 168.469787598, 66.9859771729, 13.847784996, 5.63776111603, 14.5878343582, 22.4740600586, 26.8283519745, 10.4093122482, 4.45612192154, 2.02894544601, 0.63703840971, 0.0783475190401, 0.00219448073767, 2.1661971914e-05, 1.5233734274e-08, 6.70429128879e-11],
        "dvar2": [3.5205277527e-05, 0.00890769343823, 0.112348005176, 0.383576124907, 4.67817783356, 251.424133301, 809.158508301, 1110.1072998, 3213.34155273, 2804.53271484, 9114.25683594, 22704.9296875, 2302.09790039, 740.709228516, 6821.82568359, 6243.609375, 2209.72851562, 823.067504883, 114.112098694, 62.0535392761, 212.516708374, 194.370178223, 124.043083191, 328.288970947, 319.251647949, 146.095565796, 29.150718689, 10.9804563522, 27.4017047882, 41.8549079895, 47.3340682983, 17.6965332031, 7.79612541199, 4.47463941574, 1.35609769821, 0.144640907645, 0.00440972857177, 4.74381595268e-05, 3.40136132593e-08, 1.26893273666e-10],
        "max": [0.139699950814, 2.28260779381, 4.00970077515, 7.5566868782, 16.6134967804, 121.363700867, 234.8775177, 284.007049561, 874.13659668, 757.566467285, 987.526123047, 1564.43347168, 1659.4720459, 713.593688965, 1484.26184082, 2247.45581055, 776.870849609, 743.224975586, 151.465805054, 127.675865173, 170.007629395, 188.048431396, 179.067138672, 340.727020264, 348.613983154, 192.008300781, 77.9120178223, 44.8130226135, 62.7259101868, 107.14806366, 125.820137024, 84.0878829956, 35.1668663025, 21.9382457733, 12.5349931717, 7.37996530533, 0.858939647675, 0.0834976956248, 0.00223045237362, 0.000143528290209],
        "mean": [0.00532172154635, 0.0749660730362, 0.235897898674, 0.730759382248, 1.66274225712, 10.0200920105, 23.7666797638, 22.4584140778, 18.8620796204, 22.9689369202, 70.5388412476, 91.8787918091, 31.949590683, 16.1172485352, 39.9247665405, 40.8199234009, 19.5685024261, 12.398188591, 6.25290393829, 4.26194429398, 6.84110355377, 6.89864969254, 5.1255106926, 5.50349807739, 4.75838184357, 3.31614089012, 1.71014750004, 1.46646869183, 2.79355955124, 3.40461397171, 2.34089255333, 1.26594293118, 0.990514874458, 0.751467645168, 0.573903083801, 0.192115888, 0.0384852699935, 0.00328648276627, 9.9398122984e-05, 2.49549848377e-05],
        "median": [0.0012245089747, 0.0179503168911, 0.108651943505, 0.228435948491, 0.844239890575, 4.76148414612, 9.19782161713, 10.5018014908, 5.66327619553, 6.24485778809, 8.42727279663, 12.8065986633, 3.51554512978, 3.70011782646, 2.85379004478, 1.64746463299, 3.19329762459, 3.9260661602, 3.08003020287, 2.07717323303, 3.10153150558, 3.40391755104, 1.71723568439, 1.25018107891, 1.13409531116, 0.740522861481, 0.481217086315, 0.356250435114, 0.679538786411, 1.12369930744, 0.582249522209, 0.242184191942, 0.23528650403, 0.216754049063, 0.203888982534, 0.0753437876701, 0.015497552231, 0.00120219041128, 4.58638860437e-05, 1.57433896675e-05],
        "min": [5.65229163202e-22, 8.68819382093e-21, 3.12877480095e-20, 1.90217581246e-20, 3.7974113857e-20, 1.05429248476e-19, 1.51592337306e-19, 2.19195650346e-19, 2.70845092137e-19, 4.62723593891e-19, 8.44638362779e-19, 2.26790486688e-18, 1.32183844457e-18, 7.94702813367e-19, 1.43489252761e-18, 3.8850096704e-18, 3.85877191496e-18, 4.07103638631e-18, 3.82801030875e-18, 4.90355686331e-18, 6.01861287264e-18, 1.37976803286e-17, 9.92051108961e-18, 1.35294529529e-17, 1.00190423626e-17, 1.6539851888e-17, 2.05262767966e-17, 1.71212771406e-17, 1.72268584739e-17, 1.75904275142e-17, 2.04143509879e-17, 2.02175167437e-17, 1.4995426275e-17, 1.26014729381e-17, 1.08539604226e-17, 4.8594408397e-18, 3.03821433078e-18, 1.29663973138e-18, 4.01859696118e-19, 4.11615412564e-20],
        "stdev": [0.0149683766067, 0.230480268598, 0.358814746141, 1.13027846813, 2.19294333458, 14.815032959, 33.3573074341, 36.7023544312, 52.567565918, 60.1536445618, 156.543701172, 231.128326416, 130.751083374, 44.2614784241, 137.673812866, 175.034744263, 60.5070266724, 36.737247467, 10.4412136078, 9.27237415314, 12.1060037613, 12.7544250488, 12.3866605759, 23.0242996216, 20.3015594482, 11.8898591995, 5.67038488388, 3.83732652664, 6.32021856308, 8.20626926422, 8.41742610931, 4.9840297699, 3.1511619091, 1.85918307304, 1.14228606224, 0.423738151789, 0.0704530924559, 0.00629493966699, 0.000172280240804, 2.51097371802e-05],
        "var": [0.000224052288104, 0.0531211569905, 0.128748014569, 1.27752947807, 4.80900001526, 219.485214233, 1112.70996094, 1347.06286621, 2763.34887695, 3618.4609375, 24505.9296875, 53420.3046875, 17095.8457031, 1959.07849121, 18954.078125, 30637.1601562, 3661.10009766, 1349.62536621, 109.018951416, 85.9769287109, 146.555328369, 162.675354004, 153.429367065, 530.118408203, 412.153320312, 141.368743896, 32.1532669067, 14.7250757217, 39.9451637268, 67.3428497314, 70.8530578613, 24.8405513763, 9.92982196808, 3.4565615654, 1.30481731892, 0.179554015398, 0.00496363872662, 3.96262657887e-05, 2.96804820721e-08, 6.30498875331e-10]
    },
    "gfcc": {
        "mean": [-63.3797187805, 93.3846435547, -107.386657715, 0.709784269333, -76.4420776367, 3.29583525658, -56.1163978577, 8.81399059296, -27.7949047089, 3.47386693954, -20.0732803345, 4.5553855896, -13.4200744629],
        "cov": [[10911.3359375, -3128.58154297, -1057.83483887, 258.221893311, -1121.97595215, 229.479202271, -190.195861816, 230.047668457, -298.123535156, 196.563568115, -197.205749512, 624.906677246, -292.271057129], [-3128.58154297, 1972.15979004, 197.894287109, -307.511383057, 502.580993652, -43.3848075867, 215.1690979, -112.447624207, 180.187896729, -128.238372803, 76.4411773682, -208.996276855, 189.088592529], [-1057.83483887, 197.894287109, 432.629852295, 11.9537029266, 83.6189193726, 96.8098068237, -13.8003091812, 23.4002609253, 9.82371807098, -6.05510139465, -8.24490070343, -62.8205909729, -36.2358474731], [258.221893311, -307.511383057, 11.9537029266, 456.540252686, 37.4516983032, -47.3987579346, -74.2616195679, 50.5616607666, -43.1070327759, -16.5083255768, 12.2029018402, -42.4496383667, -3.51920366287], [-1121.97595215, 502.580993652, 83.6189193726, 37.4516983032, 300.680145264, -15.8523397446, 32.0757141113, 0.438060462475, 60.0969543457, -20.1397533417, 7.88743400574, -77.0059051514, 54.3856048584], [229.479202271, -43.3848075867, 96.8098068237, -47.3987579346, -15.8523397446, 230.213012695, 81.5291366577, 40.7253074646, 6.48315286636, 9.53028678894, 6.13350820541, 30.6244735718, -14.8853235245], [-190.195861816, 215.1690979, -13.8003091812, -74.2616195679, 32.0757141113, 81.5291366577, 248.428207397, 44.3933639526, 10.2697896957, 0.518074631691, 34.2784576416, 17.4806404114, 33.1371841431], [230.047668457, -112.447624207, 23.4002609253, 50.5616607666, 0.438060462475, 40.7253074646, 44.3933639526, 150.591873169, -10.3697500229, -7.54890441895, -3.41238212585, 20.0358886719, -1.11442267895], [-298.123535156, 180.187896729, 9.82371807098, -43.1070327759, 60.0969543457, 6.48315286636, 10.2697896957, -10.3697500229, 102.998474121, 14.6733121872, -2.28469896317, -7.24997138977, 12.4571714401], [196.563568115, -128.238372803, -6.05510139465, -16.5083255768, -20.1397533417, 9.53028678894, 0.518074631691, -7.54890441895, 14.6733121872, 118.40209198, -0.352882325649, -1.69387447834, -12.8681125641], [-197.205749512, 76.4411773682, -8.24490070343, 12.2029018402, 7.88743400574, 6.13350820541, 34.2784576416, -3.41238212585, -2.28469896317, -0.352882325649, 84.6576766968, -10.8014736176, 20.7967948914], [624.906677246, -208.996276855, -62.8205909729, -42.4496383667, -77.0059051514, 30.6244735718, 17.4806404114, 20.0358886719, -7.24997138977, -1.69387447834, -10.8014736176, 123.251945496, -16.5078659058], [-292.271057129, 189.088592529, -36.2358474731, -3.51920366287, 54.3856048584, -14.8853235245, 33.1371841431, -1.11442267895, 12.4571714401, -12.8681125641, 20.7967948914, -16.5078659058, 99.9342727661]],
        "icov": [[0.000384328799555, -0.000113738504297, 0.000949227891397, -0.000425037054811, 0.000842520908918, -0.000751549785491, 0.000417423754698, -0.000453409244074, 0.000487227021949, -0.000614437973127, 0.000706404389348, -0.000925335742068, 0.000514809624292], [-0.000113738504297, 0.00280295661651, -0.00115656026173, 0.00204468751326, -0.00298904837109, 0.00120105489623, -0.00190031097736, 0.00158230925445, -0.00226010242477, 0.0030410499312, -0.00135061796755, 0.00279808114283, -0.00211362261325], [0.000949227891397, -0.00115656026173, 0.00593842333183, -0.00147385767195, 0.0020044981502, -0.00389745202847, 0.00225889659487, -0.00207817205228, 0.00207462278195, -0.00211445731111, 0.0021866094321, -0.0012730343733, 0.00342603703029], [-0.000425037054811, 0.00204468751326, -0.00147385767195, 0.0045886025764, -0.00340310996398, 0.00173746456858, -0.00064270751318, 0.000142528428114, -0.000787517637946, 0.00274082575925, -0.00234141410328, 0.00352813140489, -0.00163804448675], [0.000842520908918, -0.00298904837109, 0.0020044981502, -0.00340310996398, 0.00995832774788, -0.00204487075098, 0.00173592742067, -0.0024462477304, 0.000221451962716, -0.00326437107287, 0.00325079378672, -0.00223481236026, 0.000906163011678], [-0.000751549785491, 0.00120105489623, -0.00389745202847, 0.00173746456858, -0.00204487075098, 0.0080624371767, -0.00333801819943, 0.000614964577835, -0.00216583325528, 0.00178707239684, -0.00207893177867, 0.00109489110764, -0.00128152035177], [0.000417423754698, -0.00190031097736, 0.00225889659487, -0.00064270751318, 0.00173592742067, -0.00333801819943, 0.00744858151302, -0.0030863804277, 0.00226960424334, -0.00264163408428, -0.00054663157789, -0.00290952809155, 0.000676746072713], [-0.000453409244074, 0.00158230925445, -0.00207817205228, 0.000142528428114, -0.0024462477304, 0.000614964577835, -0.0030863804277, 0.00944046210498, -0.00125810620375, 0.00249967677519, -0.000358978053555, 0.000879074505065, -0.00181832246017], [0.000487227021949, -0.00226010242477, 0.00207462278195, -0.000787517637946, 0.000221451962716, -0.00216583325528, 0.00226960424334, -0.00125810620375, 0.0144547689706, -0.00478865765035, 0.00212257099338, -0.00375446374528, 0.00173579633702], [-0.000614437973127, 0.0030410499312, -0.00211445731111, 0.00274082575925, -0.00326437107287, 0.00178707239684, -0.00264163408428, 0.00249967677519, -0.00478865765035, 0.0129842767492, -0.00245299586095, 0.00508298352361, -0.00165574881248], [0.000706404389348, -0.00135061796755, 0.0021866094321, -0.00234141410328, 0.00325079378672, -0.00207893177867, -0.00054663157789, -0.000358978053555, 0.00212257099338, -0.00245299586095, 0.0152774173766, -0.00152814283501, -0.000581790460274], [-0.000925335742068, 0.00279808114283, -0.0012730343733, 0.00352813140489, -0.00223481236026, 0.00109489110764, -0.00290952809155, 0.000879074505065, -0.00375446374528, 0.00508298352361, -0.00152814283501, 0.0161819886416, -0.00187048665248], [0.000514809624292, -0.00211362261325, 0.00342603703029, -0.00163804448675, 0.000906163011678, -0.00128152035177, 0.000676746072713, -0.00181832246017, 0.00173579633702, -0.00165574881248, -0.000581790460274, -0.00187048665248, 0.015149846673]]
    },
    "melbands": {
        "dmean": [2.15449163079e-05, 3.70460620616e-05, 3.44655127265e-05, 0.000170187209733, 0.000340126513038, 0.000199701025849, 0.00011966333841, 0.000132064844365, 0.000230675068451, 0.000194222768187, 5.40014625585e-05, 2.66403640126e-05, 5.05331117893e-05, 5.65373702557e-05, 3.43280335073e-05, 1.74040014826e-05, 1.29824320538e-05, 5.84067720411e-06, 2.9460186397e-06, 3.57849421562e-06, 4.91432911076e-06, 4.45680916528e-06, 3.37451547239e-06, 2.56134785559e-06, 2.63423248725e-06, 2.36383698393e-06, 1.93225218936e-06, 1.17008323741e-06, 7.22122194929e-07, 5.13727286489e-07, 4.68944250542e-07, 8.04102910479e-07, 1.0861812143e-06, 1.05572712528e-06, 8.80601191966e-07, 5.04327033468e-07, 4.57103226381e-07, 4.93313166317e-07, 3.49578755277e-07, 4.05076605148e-07],
        "dmean2": [2.93273442367e-05, 5.83815599384e-05, 5.38774511369e-05, 0.0002540750138, 0.000521154026501, 0.00030673207948, 0.000164681914612, 0.000191233935766, 0.000313927099342, 0.00025882848422, 6.6395587055e-05, 3.77541764465e-05, 7.05513011781e-05, 7.60699986131e-05, 4.23402852903e-05, 2.45574083237e-05, 1.82018738997e-05, 9.20258025872e-06, 4.51170944871e-06, 5.40803966942e-06, 7.71860413806e-06, 6.77972730045e-06, 5.25653103978e-06, 3.73993384528e-06, 3.54676376446e-06, 3.41665759152e-06, 2.736585202e-06, 1.78994696398e-06, 1.07589846721e-06, 7.86015846188e-07, 6.76409342759e-07, 1.17049080472e-06, 1.62342189469e-06, 1.510556217e-06, 1.26255247324e-06, 6.98893188655e-07, 6.07225501881e-07, 6.58379121887e-07, 4.9680011216e-07, 5.87679721775e-07],
        "dvar": [4.09055767037e-09, 9.09072017663e-09, 4.32572555553e-09, 1.1664555899e-07, 3.79371499548e-07, 1.8804665558e-07, 2.89692053457e-07, 1.70665828136e-07, 3.52498375378e-07, 3.86202060554e-07, 4.85750071277e-08, 8.4868343464e-09, 2.79288006055e-08, 4.17423713373e-08, 2.53165062247e-08, 2.47706699597e-09, 2.424563883e-09, 2.27010618636e-10, 6.35011904171e-11, 1.23503929306e-10, 1.83907888918e-10, 1.28462865345e-10, 1.11820643023e-10, 9.54846340884e-11, 1.53751844589e-10, 1.34651359507e-10, 6.82331691149e-11, 2.6094178901e-11, 7.5944476402e-12, 3.54953349699e-12, 1.66302095792e-12, 4.1977307047e-12, 8.64800071831e-12, 8.95648919613e-12, 1.16770820444e-11, 5.76675816474e-12, 3.54090845187e-12, 2.9353041265e-12, 1.40507852749e-12, 1.61540746058e-12],
        "dvar2": [6.05956396171e-09, 2.21241869269e-08, 1.05948707585e-08, 2.9889682196e-07, 8.90569822332e-07, 4.57427859146e-07, 6.80298910538e-07, 3.63020035365e-07, 6.6763027462e-07, 8.64861760874e-07, 6.25603320259e-08, 1.49611700806e-08, 5.1655288047e-08, 7.54589422058e-08, 3.16975707904e-08, 5.17890885732e-09, 3.90689480767e-09, 5.81082459927e-10, 1.53359186461e-10, 2.46800274661e-10, 4.79167927558e-10, 2.65548055767e-10, 2.91480450887e-10, 1.95120711255e-10, 2.9007721225e-10, 2.90291096716e-10, 1.39162875668e-10, 6.15278800131e-11, 1.63207832665e-11, 8.72577010647e-12, 3.04543933474e-12, 8.61784341805e-12, 1.7059928123e-11, 1.93169005097e-11, 2.20716934313e-11, 1.12359626811e-11, 5.72443871819e-12, 5.2314329084e-12, 3.05390066534e-12, 3.67000006773e-12],
        "max": [0.00200962624513, 0.00198543164879, 0.0011430636514, 0.00376008963212, 0.00700628757477, 0.00543783046305, 0.0117150805891, 0.00770892808214, 0.00914676953107, 0.0101110050455, 0.00814416445792, 0.00324123119935, 0.00405954709277, 0.0035110921599, 0.0059598130174, 0.000957837386522, 0.00167301949114, 0.000362370279618, 0.000166734491359, 0.000317922822433, 0.000264781614533, 0.000183190553798, 0.000254765036516, 0.000273835612461, 0.000318009842886, 0.000325431668898, 0.000151657819515, 0.000119716547488, 5.87510076002e-05, 3.70950001525e-05, 2.12917293538e-05, 3.30043731083e-05, 5.49059441255e-05, 6.59925935906e-05, 7.1655769716e-05, 6.67417261866e-05, 4.64128861495e-05, 3.09019815177e-05, 1.74773576873e-05, 1.97032386495e-05],
        "mean": [6.79153381498e-05, 0.000123770223581, 0.000130445652758, 0.000389174761949, 0.000801927235443, 0.00048601598246, 0.000276334612863, 0.000296793266898, 0.000589833653066, 0.000542319612578, 0.000139123076224, 5.87380600336e-05, 0.00011618611461, 0.000108500855276, 8.25442621135e-05, 3.13434065902e-05, 2.17810411414e-05, 1.01427431218e-05, 5.69022950003e-06, 6.76216086504e-06, 8.35165155877e-06, 7.85167776485e-06, 5.50849154024e-06, 4.00928183808e-06, 4.52240328741e-06, 3.83839869755e-06, 2.93852826871e-06, 1.99553187485e-06, 1.13719909223e-06, 8.06212142379e-07, 8.33687408885e-07, 1.41155237543e-06, 1.99466671802e-06, 1.8767095753e-06, 1.4926312133e-06, 8.50664491736e-07, 7.46998409795e-07, 7.638407169e-07, 5.25543612184e-07, 6.64675496864e-07],
        "median": [1.39196945383e-05, 5.35675717401e-05, 5.94167831878e-05, 0.000196212611627, 0.000345736334566, 0.000241769448621, 7.22164622857e-05, 5.8507463109e-05, 7.58442402002e-05, 6.00596467848e-05, 1.22386109069e-05, 1.2219121345e-05, 7.97778375272e-06, 4.57518035546e-06, 4.07054676543e-06, 6.43010571366e-06, 5.9675689954e-06, 4.46097055828e-06, 2.50563698501e-06, 2.59779062617e-06, 3.66491894965e-06, 3.2790737805e-06, 2.08447227124e-06, 9.3290299219e-07, 8.78974560692e-07, 8.00935083589e-07, 5.42737154774e-07, 4.60818768033e-07, 3.14974158755e-07, 1.96309684952e-07, 1.6746098197e-07, 2.63316366045e-07, 5.4283850659e-07, 6.10327106187e-07, 2.92420367032e-07, 1.10364560157e-07, 1.17608287553e-07, 1.45721358535e-07, 1.08998783332e-07, 1.71789722003e-07],
        "min": [7.93504850484e-24, 1.42753531586e-23, 3.65779695065e-24, 4.91145785667e-24, 5.98992103868e-24, 4.60419298421e-24, 4.48440879449e-24, 5.61126543759e-24, 6.8412352729e-24, 1.47030908964e-23, 6.16104114067e-24, 3.02895214131e-24, 3.95552449476e-24, 9.18086182258e-24, 1.0683936881e-23, 7.09340176101e-24, 7.86497399063e-24, 6.61920406024e-24, 5.54297690447e-24, 6.44890279587e-24, 6.60393841844e-24, 1.39382334508e-23, 1.27609256029e-23, 6.38764577443e-24, 1.17957195755e-23, 7.52370408556e-24, 8.74349445975e-24, 1.13125896027e-23, 1.23650310245e-23, 1.25346597849e-23, 8.34925806693e-24, 1.04752169073e-23, 8.54753352229e-24, 1.0066328212e-23, 1.11270581953e-23, 1.34242842601e-23, 1.18559546276e-23, 8.98005412371e-24, 1.21064518861e-23, 1.03395170543e-23],
        "stdev": [0.000208897865377, 0.000214212239371, 0.000163482531207, 0.000511413032655, 0.00107133085839, 0.000753334665205, 0.000789451238234, 0.000745288911276, 0.00126043555792, 0.00142961426172, 0.000644479470793, 0.000189817845239, 0.000388632208342, 0.000360423029633, 0.000424216210376, 7.49463943066e-05, 7.83088325989e-05, 1.90178743651e-05, 1.19418155009e-05, 1.79760336323e-05, 1.55640536832e-05, 1.49232091644e-05, 1.34722167786e-05, 1.29613390527e-05, 2.02013325179e-05, 1.76118574018e-05, 1.17942900033e-05, 7.02685474607e-06, 3.81939889849e-06, 2.78149718724e-06, 2.07390417017e-06, 3.24685015585e-06, 4.67899235446e-06, 4.82839459437e-06, 5.37283358426e-06, 3.61508705282e-06, 2.90145771942e-06, 2.50996481554e-06, 1.58467207712e-06, 1.60385661729e-06],
        "var": [4.36383160718e-08, 4.58868818498e-08, 2.67265356513e-08, 2.61543306124e-07, 1.1477497992e-06, 5.67513097849e-07, 6.2323323391e-07, 5.55455585527e-07, 1.58869784173e-06, 2.04379693969e-06, 4.15353810013e-07, 3.60308121117e-08, 1.51034996065e-07, 1.29904762503e-07, 1.7995940027e-07, 5.61696245072e-09, 6.13227335577e-09, 3.61679547423e-10, 1.42606954023e-10, 3.23137766545e-10, 2.42239756032e-10, 2.22702162267e-10, 1.81500633967e-10, 1.67996311307e-10, 4.08093808746e-10, 3.101774948e-10, 1.39105282848e-10, 4.93766867671e-11, 1.45878083918e-11, 7.73672619026e-12, 4.30107815683e-12, 1.05420359942e-11, 2.1892968341e-11, 2.33133928829e-11, 2.88673408094e-11, 1.30688550259e-11, 8.4184569038e-12, 6.29992369036e-12, 2.51118570382e-12, 2.57235595671e-12]
    },
    "melbands128": {
