{
"lowlevel": {
    "average_loudness": 0.977630674839,
    "barkbands_crest": {
        "dmean": 3.03129315376,
        "dmean2": 4.94948148727,
        "dvar": 7.18924999237,
        "dvar2": 19.594083786,
        "max": 23.8225822449,
        "mean": 10.4472312927,
        "median": 9.65849304199,
        "min": 2.34437632561,
        "stdev": 4.33132982254,
        "var": 18.7604160309
    },
    "barkbands_flatness_db": {
        "dmean": 0.028527341783,
        "dmean2": 0.0428366586566,
        "dvar": 0.000601174833719,
        "dvar2": 0.00133052549791,
        "max": 0.29167714715,
        "mean": 0.146757513285,
        "median": 0.146314546466,
        "min": 0.0288507938385,
        "stdev": 0.0454205833375,
        "var": 0.00206302944571
    },
    "barkbands_kurtosis": {
        "dmean": 4.0580329895,
        "dmean2": 6.51003170013,
        "dvar": 32.3937263489,
        "dvar2": 87.9296875,
        "max": 83.6953811646,
        "mean": 5.99279642105,
        "median": 4.1367058754,
        "min": -1.9170717001,
        "stdev": 7.40406084061,
        "var": 54.8201141357
    },
    "barkbands_skewness": {
        "dmean": 0.690947055817,
        "dmean2": 1.07726347446,
        "dvar": 0.501410543919,
        "dvar2": 1.21605193615,
        "max": 7.89781761169,
        "mean": 1.84553766251,
        "median": 1.71654057503,
        "min": -3.60627388954,
        "stdev": 1.14187538624,
        "var": 1.30387938023
    },
    "barkbands_spread": {
        "dmean": 6.67256450653,
        "dmean2": 10.0489397049,
        "dvar": 70.2798995972,
        "dvar2": 128.675445557,
        "max": 111.762695312,
        "mean": 18.4293212891,
        "median": 15.2376232147,
        "min": 2.18955612183,
        "stdev": 13.4784517288,
        "var": 181.668670654
    },
    "dissonance": {
        "dmean": 0.024310529232,
        "dmean2": 0.0400716513395,
        "dvar": 0.000618228572421,
        "dvar2": 0.00143689231481,
        "max": 0.499606370926,
        "mean": 0.452181249857,
        "median": 0.45887991786,
        "min": 0.0505059473217,
        "stdev": 0.0345461815596,
        "var": 0.00119343854021
    },
    "dynamic_complexity": 2.44484233856,
    "erbbands_crest": {
        "dmean": 3.18555521965,
        "dmean2": 5.1990404129,
        "dvar": 8.94409751892,
        "dvar2": 21.6636638641,
        "max": 27.7297306061,
        "mean": 9.47270011902,
        "median": 8.67114925385,
        "min": 2.77121973038,
        "stdev": 4.32511711121,
        "var": 18.7066383362
    },
    "erbbands_flatness_db": {
        "dmean": 0.0204757787287,
        "dmean2": 0.0301524288952,
        "dvar": 0.000311725249048,
        "dvar2": 0.00069037504727,
        "max": 0.281195700169,
        "mean": 0.145494610071,
        "median": 0.142691537738,
        "min": 0.0652655959129,
        "stdev": 0.0330979451537,
        "var": 0.00109547388274
    },
    "erbbands_kurtosis": {
        "dmean": 1.18738484383,
        "dmean2": 1.87107932568,
        "dvar": 1.73231458664,
        "dvar2": 3.95880651474,
        "max": 14.9425430298,
        "mean": 0.823498010635,
        "median": 0.213400363922,
        "min": -1.73399043083,
        "stdev": 1.97037231922,
        "var": 3.88236689568
    },
    "erbbands_skewness": {
        "dmean": 0.467527657747,
        "dmean2": 0.712223947048,
        "dvar": 0.200781285763,
        "dvar2": 0.460737526417,
        "max": 3.42099714279,
        "mean": 0.677960336208,
        "median": 0.669942378998,
        "min": -2.78556799889,
        "stdev": 0.758392393589,
        "var": 0.575159013271
    },
    "erbbands_spread": {
        "dmean": 10.1224708557,
        "dmean2": 15.4895048141,
        "dvar": 127.326225281,
        "dvar2": 272.130249023,
        "max": 132.730178833,
        "mean": 39.2107887268,
        "median": 35.4695091248,
        "min": 9.78357028961,
        "stdev": 19.1255474091,
        "var": 365.786590576
    },
    "hfc": {
        "dmean": 12.8760480881,
        "dmean2": 19.762008667,
        "dvar": 361.134094238,
        "dvar2": 893.10333252,
        "max": 155.655441284,
        "mean": 23.1486759186,
        "median": 17.1299190521,
        "min": 1.08623694928e-07,
        "stdev": 21.5426712036,
        "var": 464.086669922
    },
    "loudness_ebu128": {
        "integrated": -8.50999546051,
        "loudness_range": 1.0543756485,
        "momentary": {
            "dmean": 0.688893318176,
            "dmean2": 0.81656485796,
            "dvar": 1.43769013882,
            "dvar2": 1.60675764084,
            "max": -6.8378367424,
            "mean": -8.98326873779,
            "median": -8.29822444916,
            "min": -34.0503692627,
            "stdev": 2.84390163422,
            "var": 8.08777713776
        },
        "short_term": {
            "dmean": 0.0671987682581,
            "dmean2": 0.095315143466,
            "dvar": 0.00337258144282,
            "dvar2": 0.00560725945979,
            "max": -7.85761356354,
            "mean": -8.51870250702,
            "median": -8.34414100647,
            "min": -11.10795784,
            "stdev": 0.614935576916,
            "var": 0.378145754337
        }
    },
    "melbands_crest": {
        "dmean": 3.48613238335,
        "dmean2": 5.68738985062,
        "dvar": 8.5781879425,
        "dvar2": 23.9888515472,
        "max": 29.8203029633,
        "mean": 13.4067707062,
        "median": 12.9499464035,
        "min": 3.53609347343,
        "stdev": 4.60654067993,
        "var": 21.2202148438
    },
    "melbands_flatness_db": {
        "dmean": 0.0355364121497,
        "dmean2": 0.0527979508042,
        "dvar": 0.00105164397974,
        "dvar2": 0.0023007451091,
        "max": 0.396533846855,
        "mean": 0.206735044718,
        "median": 0.205065190792,
        "min": 0.0504130460322,
        "stdev": 0.0624193772674,
        "var": 0.00389617844485
    },
    "melbands_kurtosis": {
        "dmean": 9.07692813873,
        "dmean2": 14.7628145218,
        "dvar": 195.167816162,
        "dvar2": 544.423339844,
        "max": 175.790298462,
        "mean": 15.1569929123,
        "median": 9.41270065308,
        "min": -1.76806211472,
        "stdev": 17.5688648224,
        "var": 308.664978027
    },
    "melbands_skewness": {
        "dmean": 0.910810351372,
        "dmean2": 1.4184769392,
        "dvar": 0.871306419373,
        "dvar2": 2.15548706055,
        "max": 10.4505872726,
        "mean": 2.71587991714,
        "median": 2.39496278763,
        "min": -1.00595068932,
        "stdev": 1.58145320415,
        "var": 2.50099420547
    },
    "melbands_spread": {
        "dmean": 8.05156135559,
        "dmean2": 12.6561889648,
        "dvar": 155.667831421,
        "dvar2": 367.217681885,
        "max": 222.999343872,
        "mean": 18.7820167542,
        "median": 14.4021606445,
        "min": 1.42858672142,
        "stdev": 16.192987442,
        "var": 262.21282959
    },
    "pitch_salience": {
        "dmean": 0.0833299830556,
        "dmean2": 0.13480015099,
        "dvar": 0.00553858559579,
        "dvar2": 0.0146452272311,
        "max": 0.916150391102,
        "mean": 0.546437203884,
        "median": 0.552442371845,
        "min": 0.171357646585,
        "stdev": 0.121268540621,
        "var": 0.014706059359
    },
    "silence_rate_20dB": {
        "dmean": 0,
        "dmean2": 0,
        "dvar": 0,
        "dvar2": 0,
        "max": 1,
        "mean": 1,
        "median": 1,
        "min": 1,
        "stdev": 0,
        "var": 0
    },
    "silence_rate_30dB": {
        "dmean": 0.0371517017484,
        "dmean2": 0.0743609592319,
        "dvar": 0.0357717908919,
        "dvar2": 0.0889716744423,
        "max": 1,
        "mean": 0.972157776356,
        "median": 1,
        "min": 0,
        "stdev": 0.164519608021,
        "var": 0.0270667020231
    },
    "silence_rate_60dB": {
        "dmean": 0.00541795650497,
        "dmean2": 0.0100697129965,
        "dvar": 0.00538876606151,
        "dvar2": 0.0115172648802,
        "max": 1,
        "mean": 0.0232018567622,
        "median": 0,
        "min": 0,
        "stdev": 0.150542750955,
        "var": 0.0226631183177
    },
    "spectral_centroid": {
        "dmean": 295.504669189,
        "dmean2": 444.611236572,
        "dvar": 136579.90625,
        "dvar2": 284942.78125,
        "max": 5493.08007812,
        "mean": 1096.2878418,
        "median": 953.565429688,
        "min": 247.244445801,
        "stdev": 565.913269043,
        "var": 320257.84375
    },
    "spectral_complexity": {
        "dmean": 5.25464391708,
        "dmean2": 7.67776918411,
        "dvar": 37.2314567566,
        "dvar2": 70.1456985474,
        "max": 54,
        "mean": 17.4114456177,
        "median": 16,
        "min": 0,
        "stdev": 9.37502098083,
        "var": 87.8910140991
    },
    "spectral_decrease": {
        "dmean": 4.2212913165e-09,
        "dmean2": 6.58795773489e-09,
        "dvar": 3.31641225206e-17,
        "dvar2": 9.03772375668e-17,
        "max": -1.31046129903e-17,
        "mean": -8.86031958913e-09,
        "median": -6.99785074332e-09,
        "min": -5.2870912981e-08,
        "stdev": 7.38995131755e-09,
        "var": 5.46113805569e-17
    },
    "spectral_energy": {
        "dmean": 0.0168020185083,
        "dmean2": 0.0262408554554,
        "dvar": 0.000493552128319,
        "dvar2": 0.00133216928225,
        "max": 0.203366681933,
        "mean": 0.0355406068265,
        "median": 0.0279531050473,
        "min": 5.93123675174e-11,
        "stdev": 0.0287573970854,
        "var": 0.000826987845358
    },
    "spectral_energyband_high": {
        "dmean": 0.000627182773314,
        "dmean2": 0.000905115623027,
        "dvar": 1.51730091602e-06,
        "dvar2": 3.41536542692e-06,
        "max": 0.0106421820819,
        "mean": 0.000871448137332,
        "median": 0.000370549882064,
        "min": 8.46131324728e-12,
        "stdev": 0.00147185684182,
        "var": 2.16636271944e-06
    },
    "spectral_energyband_low": {
        "dmean": 0.0100816488266,
        "dmean2": 0.0166254211217,
        "dvar": 0.000482160190586,
        "dvar2": 0.00139094411861,
        "max": 0.183953568339,
        "mean": 0.0136280544102,
        "median": 0.00539614865556,
        "min": 2.06881612536e-11,
        "stdev": 0.0235751494765,
        "var": 0.00055578770116
    },
    "spectral_energyband_middle_high": {
        "dmean": 0.00382832949981,
        "dmean2": 0.00634138006717,
        "dvar": 4.572582111e-05,
        "dvar2": 0.000119416268717,
        "max": 0.0409394688904,
        "mean": 0.00525085953996,
        "median": 0.00295451516286,
        "min": 7.95034350853e-12,
        "stdev": 0.00659039942548,
        "var": 4.34333633166e-05
    },
    "spectral_energyband_middle_low": {
        "dmean": 0.00725694326684,
        "dmean2": 0.0111502297223,
        "dvar": 7.77821842348e-05,
        "dvar2": 0.000182375733857,
        "max": 0.109074085951,
        "mean": 0.016686078161,
        "median": 0.0138807240874,
        "min": 2.01989206611e-11,
        "stdev": 0.0126480171457,
        "var": 0.000159972347319
    },
    "spectral_entropy": {
        "dmean": 0.215698391199,
        "dmean2": 0.30208131671,
        "dvar": 0.0387213565409,
        "dvar2": 0.070760704577,
        "max": 9.31007099152,
        "mean": 7.54531860352,
        "median": 7.54343795776,
        "min": 6.30847740173,
        "stdev": 0.402534008026,
        "var": 0.162033632398
    },
    "spectral_flux": {
        "dmean": 0.0358760356903,
        "dmean2": 0.0528129786253,
        "dvar": 0.00126180250663,
        "dvar2": 0.00230925669894,
        "max": 0.350574016571,
        "mean": 0.100641094148,
        "median": 0.0876538157463,
        "min": 7.70145197748e-06,
        "stdev": 0.0593233704567,
        "var": 0.00351926242001
    },
    "spectral_kurtosis": {
        "dmean": 1.22821891308,
        "dmean2": 1.91784358025,
        "dvar": 1.38888645172,
        "dvar2": 3.29892039299,
        "max": 13.1855869293,
        "mean": 4.13262271881,
        "median": 4.03487443924,
        "min": -1.12652277946,
        "stdev": 1.94090497494,
        "var": 3.76711201668
    },
    "spectral_rms": {
        "dmean": 0.00127559818793,
        "dmean2": 0.00193876784761,
        "dvar": 1.68740132267e-06,
        "dvar2": 4.27957093052e-06,
        "max": 0.014085684903,
        "mean": 0.00547399139032,
        "median": 0.00522219529375,
        "min": 2.40552964215e-07,
        "stdev": 0.00217006448656,
        "var": 4.7091803026e-06
    },
    "spectral_rolloff": {
        "dmean": 609.814025879,
        "dmean2": 1009.2744751,
        "dvar": 1409377.875,
        "dvar2": 2866467.25,
        "max": 12898.3886719,
        "mean": 1204.8425293,
        "median": 689.0625,
        "min": 86.1328125,
        "stdev": 1477.07543945,
        "var": 2181752
    },
    "spectral_skewness": {
        "dmean": 0.21277667582,
        "dmean2": 0.3275590837,
        "dvar": 0.0430331118405,
        "dvar2": 0.0892703533173,
        "max": 2.8452475071,
        "mean": 1.63556492329,
        "median": 1.65932393074,
        "min": -0.0984885543585,
        "stdev": 0.39718067646,
        "var": 0.157752498984
    },
    "spectral_spread": {
        "dmean": 791286.125,
        "dmean2": 1134551.625,
        "dvar": 1.4104517673e+12,
        "dvar2": 2.14009511936e+12,
        "max": 31133880,
        "mean": 5152260.5,
        "median": 4776782.5,
        "min": 2670495.5,
        "stdev": 1751624.125,
        "var": 3.06818711552e+12
    },
    "spectral_strongpeak": {
        "dmean": 0.623423993587,
        "dmean2": 1.05126786232,
        "dvar": 0.767377197742,
        "dvar2": 1.822270751,
        "max": 6.33150291443,
        "mean": 1.08176958561,
        "median": 0.59437084198,
        "min": 0,
        "stdev": 1.09704017639,
        "var": 1.20349705219
    },
    "zerocrossingrate": {
        "dmean": 0.0129594830796,
        "dmean2": 0.01458565332,
        "dvar": 0.000297558755847,
        "dvar2": 0.000295703997836,
        "max": 0.3876953125,
        "mean": 0.0543498955667,
        "median": 0.0458984375,
        "min": 0.0068359375,
        "stdev": 0.0366501808167,
        "var": 0.00134323583916
    },
    "barkbands": {
        "dmean": [5.13670420332e-05, 0.0080680437386, 0.00282990885898, 0.0011580134742, 0.00217368756421, 0.000957085983828, 0.00269221398048, 0.00198551826179, 0.001523375744, 0.000650231086183, 0.000256640807493, 0.000740522285923, 0.000638086523395, 0.000375157862436, 0.000355767493602, 0.000744747696444, 0.000222478396608, 0.000471597159049, 0.000178243222763, 0.000176825094968, 9.46311483858e-05, 0.000149247673107, 9.85733713605e-05, 0.000117052091809, 9.04204862309e-05, 8.70281292009e-05, 1.01583680134e-06],
        "dmean2": [9.34332056204e-05, 0.0142632666975, 0.00476760650054, 0.00193871872034, 0.00351957906969, 0.00156475626864, 0.00423317914829, 0.00312135135755, 0.00230384850875, 0.00101204810198, 0.000417018134613, 0.00121041759849, 0.00108197994996, 0.00059226131998, 0.000600641185883, 0.00131978059653, 0.000371700938558, 0.000852629600558, 0.000307356007397, 0.00030413834611, 0.000152791501023, 0.000234572275076, 0.00014929108147, 0.000161333722644, 0.000127227962366, 0.000140240925248, 1.80496533631e-06],
        "dvar": [2.07375219219e-08, 0.000366807158571, 5.17927110195e-05, 5.94254288444e-06, 7.92602986621e-06, 2.77289359474e-06, 2.40062254306e-05, 1.92579373106e-05, 1.06593397504e-05, 1.87572277355e-06, 2.28741129149e-07, 2.00282170226e-06, 1.24374344068e-06, 5.59104989861e-07, 4.32949519791e-07, 3.95798224417e-06, 1.31137667836e-07, 1.91530057236e-06, 1.18070566657e-07, 1.32648438012e-07, 2.3597529264e-08, 1.06037248315e-07, 3.83808327342e-08, 7.13909855676e-08, 5.70114693232e-08, 1.03872530133e-07, 9.93670250249e-12],
        "dvar2": [6.26536689197e-08, 0.00114183139522, 0.000130439293571, 1.62386768352e-05, 2.006329305e-05, 6.55228768665e-06, 5.72662938794e-05, 4.19360476371e-05, 2.62145586021e-05, 4.72016154163e-06, 5.62117463687e-07, 5.06811193191e-06, 3.24965458276e-06, 1.41052601066e-06, 1.0171509075e-06, 1.10948103611e-05, 3.46652342387e-07, 5.47116906091e-06, 3.29429695967e-07, 3.6813091242e-07, 5.99529030865e-08, 2.68738943987e-07, 8.96348524293e-08, 1.29217568201e-07, 8.90375417839e-08, 2.82967533849e-07, 2.71905744448e-11],
        "max": [0.00155092705972, 0.164444804192, 0.0793260633945, 0.0266274809837, 0.025065427646, 0.0324665494263, 0.0540976822376, 0.063401825726, 0.0484721772373, 0.0171424075961, 0.00592303229496, 0.0103567168117, 0.00748166628182, 0.00963953416795, 0.0074032084085, 0.0124316727743, 0.00352055579424, 0.0111209787428, 0.00256363465451, 0.00266096647829, 0.00167459319346, 0.00337743549608, 0.0022721872665, 0.00328561989591, 0.00433182483539, 0.00379842147231, 4.84888296342e-05],
        "mean": [4.60271803604e-05, 0.00946783926338, 0.0033151274547, 0.00152824260294, 0.00474443240091, 0.00173537898809, 0.003870282555, 0.00232683843933, 0.00231996574439, 0.000923226005398, 0.000312838907121, 0.000797706074081, 0.000691032211762, 0.000482569710584, 0.000444055098342, 0.000614193209913, 0.000292854383588, 0.000403490994358, 0.000218511573621, 0.000206385258934, 0.000125780119561, 0.000185300857993, 0.000122880141134, 0.000160617128131, 0.000124093756313, 8.01206188044e-05, 7.84434064371e-07],
        "median": [9.53231119638e-06, 0.00315040186979, 0.000918378180359, 0.000694866175763, 0.00317550008185, 0.0011582596926, 0.00178061588667, 0.000606947927736, 0.000505899719428, 0.000326807639794, 0.000104003120214, 0.000210552796489, 0.000204419819056, 0.000168058555573, 0.000111975234176, 0.000142031145515, 0.000157683592988, 0.000142283766763, 0.000122819867101, 0.000106319552287, 6.11673967796e-05, 7.92527062004e-05, 4.16872208007e-05, 5.4929714679e-05, 3.70603374904e-05, 1.63534095918e-05, 6.3324883115e-08],
        "min": [7.74242128743e-12, 1.00414372997e-11, 4.89524566716e-12, 3.52817124474e-12, 5.46181763011e-12, 3.79770910899e-12, 3.05136623434e-12, 2.15848216037e-12, 1.9353867467e-12, 5.0619220187e-13, 1.01445727632e-13, 4.72229948287e-14, 4.96752378815e-13, 2.64737667552e-13, 5.02205631139e-14, 1.71959560306e-12, 1.23216562821e-12, 8.66777840908e-13, 2.48141654793e-12, 6.08234870889e-13, 1.44999767401e-12, 1.19224237687e-12, 7.56582893124e-13, 3.47886162152e-13, 3.17301870542e-12, 9.23050806796e-13, 4.73209829882e-14],
        "stdev": [0.000119615491712, 0.0180976912379, 0.00732032489032, 0.00244944985025, 0.00459078978747, 0.00208827969618, 0.00615405151621, 0.00503850216046, 0.00442376639694, 0.0017036141362, 0.000545461778529, 0.00140704412479, 0.00114176038187, 0.000808752840385, 0.000871894706506, 0.00159067672212, 0.00038399596815, 0.00106553069782, 0.000309057126287, 0.00032012333395, 0.000174749235157, 0.000328686990542, 0.000230297067901, 0.000351476890501, 0.00032914953772, 0.000274294492556, 2.63557512881e-06],
        "var": [1.43078651149e-08, 0.000327526417095, 5.3587158618e-05, 5.99980421612e-06, 2.10753514693e-05, 4.36091204392e-06, 3.78723489121e-05, 2.53865055129e-05, 1.95697084564e-05, 2.90230104838e-06, 2.97528544024e-07, 1.97977328753e-06, 1.30361684114e-06, 6.54081190987e-07, 7.60200350669e-07, 2.53025245911e-06, 1.47452894339e-07, 1.13535554647e-06, 9.55162988703e-08, 1.02478942665e-07, 3.05372935827e-08, 1.08035138169e-07, 5.30367394447e-08, 1.23536011642e-07, 1.08339413885e-07, 7.52374731405e-08, 6.94625650402e-12]
    },
    "erbbands": {
        "dmean": [0.169699698687, 2.00598740578, 3.28151416779, 3.48207640648, 5.99164533615, 7.80716228485, 6.59669399261, 8.73245811462, 32.8652076721, 42.5464172363, 42.3174667358, 30.0309238434, 18.2727127075, 13.7219791412, 10.7545309067, 31.6171417236, 28.3448963165, 18.6170768738, 17.2629985809, 38.2148513794, 21.4141769409, 13.5573072433, 24.981590271, 11.5202102661, 13.2100048065, 6.33864784241, 3.88065648079, 4.73844051361, 5.24700498581, 3.91156935692, 2.71662688255, 2.43183422089, 1.89115142822, 1.05682468414, 0.678148567677, 0.372100889683, 0.18837569654, 0.00770111149177, 0.000214406158193, 2.84535544779e-05],
        "dmean2": [0.301442414522, 3.51571011543, 5.44495582581, 5.69851732254, 9.64825344086, 12.6147432327, 10.6376457214, 14.0861005783, 51.349105835, 65.9420471191, 67.1255340576, 46.0607261658, 28.6956958771, 21.6090259552, 17.718542099, 52.4749031067, 47.5877799988, 28.7989025116, 27.8389186859, 68.135848999, 36.6840057373, 22.6589870453, 45.1290245056, 20.0158863068, 23.3531322479, 10.7211990356, 6.48549222946, 7.38608551025, 8.44624519348, 6.30648612976, 4.08213329315, 3.4244530201, 2.62059831619, 1.4458322525, 0.97630739212, 0.571199119091, 0.313691407442, 0.0119396178052, 0.000338957004715, 4.39475297753e-05],
        "dvar": [0.160816729069, 22.2496986389, 59.7273597717, 66.5823135376, 80.7724380493, 117.606277466, 128.77166748, 225.803329468, 3634.69165039, 11759.8564453, 6186.20019531, 5009.96972656, 1303.49707031, 691.77532959, 466.382537842, 3746.08911133, 2547.45800781, 1449.14599609, 901.170959473, 9175.51074219, 2004.51293945, 471.044799805, 5637.01708984, 553.826599121, 1045.95092773, 130.323150635, 49.7948303223, 64.3822402954, 144.691436768, 66.4479064941, 29.7541656494, 26.5744094849, 23.7209835052, 9.0378112793, 2.8660159111, 1.14687621593, 0.628864705563, 0.000547002942767, 5.02931982282e-07, 2.11622186441e-09],
        "dvar2": [0.496907114983, 68.9873352051, 156.765823364, 172.360946655, 200.789596558, 309.652954102, 335.151000977, 538.896972656, 8213.640625, 27638.2207031, 15873.7734375, 12672.8378906, 3294.82104492, 1792.7286377, 1178.30175781, 9632.09277344, 6558.46630859, 3570.7644043, 2169.25317383, 25746.4980469, 5585.80566406, 1247.45483398, 16187.59375, 1526.85998535, 2993.7253418, 353.803222656, 131.880722046, 153.419158936, 378.062103271, 173.597991943, 65.1935806274, 54.3722839355, 39.7242431641, 14.3345422745, 5.12713098526, 2.84500980377, 1.74942779541, 0.00142040627543, 1.34562128551e-06, 5.54988632828e-09],
        "max": [3.32238268852, 40.5371170044, 74.6783599854, 106.973884583, 84.5748596191, 129.506118774, 167.542556763, 229.556045532, 755.550842285, 2073.69482422, 847.682556152, 1328.01391602, 473.801177979, 235.784942627, 225.389373779, 451.68560791, 319.331634521, 454.531066895, 320.587127686, 586.092163086, 269.389953613, 234.595489502, 603.53302002, 169.142166138, 251.678115845, 76.7405548096, 66.0963821411, 67.1002044678, 116.949859619, 89.3085632324, 71.8547363281, 46.42212677, 73.8157577515, 57.2013931274, 26.6500263214, 11.3157367706, 9.65620231628, 0.335692644119, 0.0106383915991, 0.000521736219525],
        "mean": [0.186938121915, 2.42054390907, 4.24512243271, 4.82451963425, 11.4225358963, 16.5521240234, 11.6120882034, 16.3447341919, 51.396068573, 53.1692047119, 61.2865867615, 44.0463752747, 26.9629135132, 19.0249061584, 12.5726747513, 33.762802124, 31.9369163513, 24.9939041138, 24.12251091, 34.3542175293, 21.9070796967, 17.821056366, 21.5487918854, 13.223567009, 13.9383230209, 8.23868846893, 5.02494096756, 6.18154907227, 6.5942735672, 4.5627822876, 3.49855136871, 3.26263380051, 2.62667775154, 1.46061551571, 0.851362347603, 0.390818119049, 0.159280717373, 0.00803921557963, 0.000226035408559, 5.28623932041e-05],
        "median": [0.0495648570359, 0.84835255146, 1.49802160263, 2.51244449615, 6.65648317337, 10.4011163712, 7.44111728668, 10.4497299194, 23.1081809998, 14.0695152283, 16.7713317871, 11.6439332962, 12.1190185547, 8.82317829132, 3.94641232491, 9.51687812805, 10.5047569275, 8.64148139954, 8.72957611084, 8.08775138855, 7.70787477493, 9.65309143066, 7.9369096756, 6.83839511871, 6.71634817123, 4.49656867981, 2.34847855568, 2.72761940956, 2.85877919197, 1.84437298775, 1.19919073582, 1.05206716061, 0.914289116859, 0.445524185896, 0.239508807659, 0.0899629220366, 0.0284605454654, 0.00224678148516, 7.09450687282e-05, 3.88277912862e-05],
        "min": [3.92255589121e-10, 1.92843052638e-09, 5.3009521217e-09, 9.6875254485e-09, 1.41356482075e-08, 1.87617281711e-08, 2.47937457232e-08, 3.28242037995e-08, 4.16377723411e-08, 4.69488483645e-08, 4.73237591336e-08, 4.47119496982e-08, 2.71113265171e-08, 7.88211007574e-09, 3.68830699315e-09, 3.08809910976e-09, 2.04511305668e-08, 1.94521323493e-08, 4.51634063481e-09, 2.60194248369e-08, 1.04332336548e-07, 6.95672639495e-08, 4.93462408713e-08, 8.67305516294e-08, 1.10229422035e-07, 2.73661058259e-08, 5.78226959647e-08, 4.63997125166e-08, 4.56887114808e-08, 3.53481510729e-08, 1.81459878235e-08, 8.65607407974e-09, 5.9223022042e-09, 1.8122907619e-08, 3.01740818998e-08, 7.44986383694e-09, 1.50651391362e-09, 2.60087118509e-10, 5.42170787432e-11, 5.43363054203e-12],
        "stdev": [0.376368999481, 4.52864837646, 8.21109008789, 8.2563419342, 12.9474458694, 19.8605098724, 13.9838209152, 19.555765152, 83.4174575806, 125.360076904, 105.398513794, 82.641204834, 44.2244529724, 29.7454509735, 23.279706955, 59.4020729065, 50.0552635193, 42.1348800659, 36.3798484802, 78.8102111816, 38.9956550598, 22.8995742798, 57.2505455017, 20.5796108246, 25.9442882538, 11.0668144226, 7.39571380615, 9.07553195953, 11.9132699966, 7.93358278275, 6.80417871475, 6.48457193375, 6.55435562134, 4.10013198853, 2.19836521149, 1.05847513676, 0.642599821091, 0.0216205455363, 0.000623014697339, 5.00107707921e-05],
        "var": [0.141653627157, 20.5086555481, 67.4220046997, 68.167175293, 167.636352539, 394.439880371, 195.547241211, 382.42791748, 6958.47167969, 15715.1494141, 11108.8466797, 6829.56835938, 1955.80236816, 884.791870117, 541.944763184, 3528.60644531, 2505.52954102, 1775.3482666, 1323.4934082, 6211.04931641, 1520.66101074, 524.39050293, 3277.625, 423.520385742, 673.106140137, 122.474372864, 54.6965827942, 82.3652801514, 141.926010132, 62.941734314, 46.2968482971, 42.0496749878, 42.9595794678, 16.8110809326, 4.83280944824, 1.12036967278, 0.412934541702, 0.000467447971459, 3.88147327612e-07, 2.50107712318e-09]
    },
    "gfcc": {
        "mean": [13.9720849991, 89.0470352173, -105.530212402, 30.7351913452, -63.6757545471, 12.8661623001, -47.0945243835, 13.1430101395, -23.9020786285, 8.33470916748, -17.5783634186, -0.385380446911, -15.6061124802],
        "cov": [[5397.37158203, -727.224121094, -1.86484920979, -41.6033439636, -80.411567688, 224.570724487, -53.6349334717, 135.551223755, 43.3462638855, 113.946388245, -117.825668335, 113.750991821, -185.439193726], [-727.224121094, 990.025939941, 199.373977661, 115.773292542, 212.757232666, -12.8257799149, 206.35710144, 18.1098365784, 33.3834533691, -39.9217262268, 121.442726135, -52.6436920166, 67.4140014648], [-1.86484920979, 199.373977661, 798.45880127, 322.54574585, 156.658752441, 169.878509521, 73.1775588989, 85.3387832642, 49.3516540527, 43.7694473267, 45.8532600403, 51.5240707397, 39.4949569702], [-41.6033439636, 115.773292542, 322.54574585, 494.378967285, 202.135437012, 72.1752471924, 28.6664714813, 38.3092498779, 68.3129272461, 31.5893516541, 82.8191070557, 31.0436210632, 67.7062530518], [-80.411567688, 212.757232666, 156.658752441, 202.135437012, 284.151245117, 106.303245544, 58.4679412842, 54.0914382935, 56.3940353394, 16.8018951416, 42.1364898682, 20.7890224457, 31.2635002136], [224.570724487, -12.8257799149, 169.878509521, 72.1752471924, 106.303245544, 259.807128906, 122.090606689, 51.8010292053, 5.68275642395, 8.6719379425, 8.7485294342, 40.2629203796, 10.4058990479], [-53.6349334717, 206.35710144, 73.1775588989, 28.6664714813, 58.4679412842, 122.090606689, 217.958297729, 43.695148468, 0.407714694738, -4.25834655762, 39.6982765198, 10.8767318726, 7.61078071594], [135.551223755, 18.1098365784, 85.3387832642, 38.3092498779, 54.0914382935, 51.8010292053, 43.695148468, 118.956512451, 74.2260894775, 29.3763694763, 1.7853410244, -2.25191712379, 9.66533851624], [43.3462638855, 33.3834533691, 49.3516540527, 68.3129272461, 56.3940353394, 5.68275642395, 0.407714694738, 74.2260894775, 128.493927002, 57.8763237, 5.37643480301, -20.9732780457, 13.523308754], [113.946388245, -39.9217262268, 43.7694473267, 31.5893516541, 16.8018951416, 8.6719379425, -4.25834655762, 29.3763694763, 57.8763237, 89.0130462646, 23.2844543457, 1.02772295475, -5.88765382767], [-117.825668335, 121.442726135, 45.8532600403, 82.8191070557, 42.1364898682, 8.7485294342, 39.6982765198, 1.7853410244, 5.37643480301, 23.2844543457, 93.3406066895, 28.0578956604, 18.0572605133], [113.750991821, -52.6436920166, 51.5240707397, 31.0436210632, 20.7890224457, 40.2629203796, 10.8767318726, -2.25191712379, -20.9732780457, 1.02772295475, 28.0578956604, 78.7690353394, 14.0042028427], [-185.439193726, 67.4140014648, 39.4949569702, 67.7062530518, 31.2635002136, 10.4058990479, 7.61078071594, 9.66533851624, 13.523308754, -5.88765382767, 18.0572605133, 14.0042028427, 66.9410018921]],
        "icov": [[0.000269591517281, -0.000108792279207, 0.000165183228091, -0.000278210936813, 0.000299785286188, -0.000345941865817, 0.000247664458584, -0.000461726856884, 9.5335431979e-05, -0.00037825840991, 0.000581732718274, -0.000754307082389, 0.000940942903981], [-0.000108792279207, 0.00368174910545, -0.00156474520918, 0.00206466019154, -0.00330058601685, 0.00280810007825, -0.00355585594662, 0.00215562526137, -0.00153738353401, 0.00330393342301, -0.00483069289476, 0.00462455954403, -0.00303943548352], [0.000165183228091, -0.00156474520918, 0.00273045222275, -0.00226666545495, 0.00164546596352, -0.0020627847407, 0.00159070675727, -0.00216021202505, 0.0013783830218, -0.00222001061775, 0.00267626601271, -0.00271024997346, 0.00176959089004], [-0.000278210936813, 0.00206466019154, -0.00226666545495, 0.0057004657574, -0.00392991583794, 0.00177589419764, -0.001455011894, 0.00272852298804, -0.00246849167161, 0.00268765748478, -0.00552449282259, 0.00349325989373, -0.00445296056569], [0.000299785286188, -0.00330058601685, 0.00164546596352, -0.00392991583794, 0.00918092951179, -0.004594351165, 0.00327881635167, -0.00281687546521, -0.000505408912431, -0.00177062721923, 0.00350338872522, -0.00477713951841, 0.00361946155317], [-0.000345941865817, 0.00280810007825, -0.0020627847407, 0.00177589419764, -0.004594351165, 0.00986969005316, -0.00653312029317, 0.00084214186063, 0.000358846446034, 0.00114724773448, -0.000752621970605, 0.00102206796873, -0.00311516225338], [0.000247664458584, -0.00355585594662, 0.00159070675727, -0.001455011894, 0.00327881635167, -0.00653312029317, 0.0113455858082, -0.00470790127292, 0.00237560062669, -0.00136987445876, 9.6882780781e-05, -0.00244529498741, 0.00355930905789], [-0.000461726856884, 0.00215562526137, -0.00216021202505, 0.00272852298804, -0.00281687546521, 0.00084214186063, -0.00470790127292, 0.0183808337897, -0.0111628510058, 0.00339725473896, -0.00216761929914, 0.00225869705901, -0.00320305442438], [9.5335431979e-05, -0.00153738353401, 0.0013783830218, -0.00246849167161, -0.000505408912431, 0.000358846446034, 0.00237560062669, -0.0111628510058, 0.0215507280082, -0.0120816351846, 0.00434091920033, 0.00294706341811, -0.0021860068664], [-0.00037825840991, 0.00330393342301, -0.00222001061775, 0.00268765748478, -0.00177062721923, 0.00114724773448, -0.00136987445876, 0.00339725473896, -0.0120816351846, 0.0232278164476, -0.0112896962091, 0.00358311343007, 0.00130957260262], [0.000581732718274, -0.00483069289476, 0.00267626601271, -0.00552449282259, 0.00350338872522, -0.000752621970605, 9.6882780781e-05, -0.00216761929914, 0.00434091920033, -0.0112896962091, 0.0255602523685, -0.0126174576581, 0.0031426011119], [-0.000754307082389, 0.00462455954403, -0.00271024997346, 0.00349325989373, -0.00477713951841, 0.00102206796873, -0.00244529498741, 0.00225869705901, 0.00294706341811, 0.00358311343007, -0.0126174576581, 0.0252102930099, -0.00880760140717], [0.000940942903981, -0.00303943548352, 0.00176959089004, -0.00445296056569, 0.00361946155317, -0.00311516225338, 0.00355930905789, -0.00320305442438, -0.0021860068664, 0.00130957260262, 0.0031426011119, -0.00880760140717, 0.0244691446424]]
    },
    "melbands": {
        "dmean": [0.00195687706582, 0.00194012967404, 0.000625239219517, 0.000490939826705, 0.000250673881965, 0.000226951509831, 0.000499503687024, 0.0004503998789, 0.000373382819816, 0.000175845998456, 9.53393173404e-05, 6.40721191303e-05, 3.4470747778e-05, 4.45643236162e-05, 0.000130492961034, 4.46842095698e-05, 3.49226647813e-05, 2.91561900667e-05, 3.3692951547e-05, 7.28972736397e-05, 1.44974874274e-05, 1.53435285029e-05, 1.07732485048e-05, 3.15954057442e-05, 6.21636627329e-06, 7.47608237361e-06, 1.06912711999e-05, 3.12982160722e-06, 2.67366885964e-06, 2.26154907068e-06, 3.16076352647e-06, 3.47067884832e-06, 2.29975580623e-06, 2.12403278965e-06, 1.6471692561e-06, 1.3981017446e-06, 1.58367947733e-06, 1.43345459946e-06, 1.11450970053e-06, 8.65290871843e-07],
        "dmean2": [0.00345684890635, 0.00318805337884, 0.00100737356115, 0.000791753467638, 0.000406157079851, 0.000369154819055, 0.000781914161053, 0.000694330548868, 0.000589837669395, 0.000271307042567, 0.00015000734129, 0.000100185236079, 5.60604348721e-05, 7.4069830589e-05, 0.000219390407437, 7.28058730601e-05, 5.46395640413e-05, 4.6518020099e-05, 5.72920689592e-05, 0.000130629967316, 2.42498481384e-05, 2.58197997027e-05, 1.8515956981e-05, 5.79662737437e-05, 1.04659220597e-05, 1.29353811644e-05, 1.90657628991e-05, 5.20801904713e-06, 4.55670578958e-06, 3.67477809959e-06, 4.91869423058e-06, 5.62875356991e-06, 3.70761904378e-06, 3.42897033079e-06, 2.50923812928e-06, 2.05977198675e-06, 2.25546659749e-06, 2.01048987947e-06, 1.57027568548e-06, 1.18703360386e-06],
        "dvar": [2.14901810978e-05, 1.84741893463e-05, 1.57328156547e-06, 4.24237668994e-07, 1.6716303719e-07, 1.62320986874e-07, 7.93269407495e-07, 1.38518237236e-06, 5.60633623081e-07, 2.09329726886e-07, 3.6456977881e-08, 1.52885899496e-08, 4.74232164649e-09, 8.93336515873e-09, 7.76633655164e-08, 7.77682629405e-09, 5.82418957507e-09, 2.6342150683e-09, 3.98451227568e-09, 4.2773379505e-08, 5.60888779866e-10, 6.60477561532e-10, 3.46680517627e-10, 1.04409707546e-08, 9.84382575453e-11, 2.03849270797e-10, 7.81558373575e-10, 2.62872536239e-11, 2.58966806332e-11, 1.4901090778e-11, 3.11272119191e-11, 7.52620674116e-11, 1.82944180638e-11, 2.03871728527e-11, 1.12617961831e-11, 8.06447096602e-12, 1.21580774962e-11, 1.29069897131e-11, 9.7040934316e-12, 6.2873460778e-12],
        "dvar2": [6.63225582684e-05, 5.2633589803e-05, 3.97062740376e-06, 1.04048172034e-06, 4.39476224301e-07, 3.90121357441e-07, 1.8118665821e-06, 3.13632904181e-06, 1.44750833897e-06, 5.32176102297e-07, 9.22062781683e-08, 3.95514732077e-08, 1.20768790524e-08, 2.37409487625e-08, 2.01203235406e-07, 1.98003018426e-08, 1.46054253136e-08, 6.47144782207e-09, 9.5584491433e-09, 1.19791124575e-07, 1.52465040593e-09, 1.76940295749e-09, 9.50916123621e-10, 2.98690103762e-08, 2.56775406493e-10, 5.68939340084e-10, 2.23648277675e-09, 6.95031185383e-11, 6.91380355744e-11, 3.91675337996e-11, 7.27790605559e-11, 1.99465291506e-10, 4.7172418749e-11, 5.37830474601e-11, 2.5185482172e-11, 1.74714548384e-11, 2.5165978676e-11, 2.31745161255e-11, 1.54604731795e-11, 1.02907994626e-11],
        "max": [0.0400726310909, 0.0403438843787, 0.0162961743772, 0.00676207104698, 0.00439814152196, 0.00535636255518, 0.0101909283549, 0.0219577308744, 0.00865921191871, 0.00917219091207, 0.00254900963046, 0.00117614923511, 0.000808767159469, 0.00102389522363, 0.00214338628575, 0.000784235307947, 0.00101094204001, 0.000492856779601, 0.000780053320341, 0.00131303432863, 0.00023775655427, 0.00023859879002, 0.000133777328301, 0.000831296434626, 8.36349718156e-05, 0.000103613667306, 0.000211079968722, 4.66059827886e-05, 4.55412919109e-05, 4.35321489931e-05, 5.74640544073e-05, 8.69315699674e-05, 4.15049362346e-05, 4.52390631835e-05, 4.84999145556e-05, 2.73054065474e-05, 3.352969361e-05, 5.04357158206e-05, 5.23228700331e-05, 4.87362558488e-05],
        "mean": [0.00229784986004, 0.00257182866335, 0.00099973322358, 0.00109880836681, 0.0004558210494, 0.000413518922869, 0.000765896984376, 0.000541771296412, 0.000557784165721, 0.000250076001976, 0.000136592614581, 8.8352651801e-05, 3.94831258745e-05, 4.74844091514e-05, 0.000132172499434, 5.2260405937e-05, 4.62369389425e-05, 3.87501168007e-05, 4.0517992602e-05, 5.6041561038e-05, 1.76993835339e-05, 1.91213785001e-05, 1.39817639138e-05, 2.34316066781e-05, 8.67236576596e-06, 8.83553002495e-06, 1.04485352495e-05, 4.39457744505e-06, 3.27072461914e-06, 2.76967011814e-06, 3.95320284952e-06, 4.1589751163e-06, 2.83799454337e-06, 2.34918456954e-06, 2.07991547541e-06, 1.75635318556e-06, 2.10577331927e-06, 1.94663925868e-06, 1.49623326706e-06, 1.14105660032e-06],
        "median": [0.000715420115739, 0.00100964959711, 0.000636219978333, 0.000705903279595, 0.000291275588097, 0.000252209458267, 0.000363079307135, 0.000105305742181, 0.00012753556075, 5.89141382079e-05, 5.73930119572e-05, 3.71828718926e-05, 1.21421808217e-05, 1.40253041536e-05, 2.94249093713e-05, 1.46042602864e-05, 1.48259741763e-05, 1.31944516397e-05, 9.81115499599e-06, 1.04686823761e-05, 7.33458000468e-06, 9.79648120847e-06, 7.6895694292e-06, 5.71480450162e-06, 4.81955339637e-06, 4.87961779072e-06, 4.64235426989e-06, 2.42805708695e-06, 1.37700021696e-06, 1.22978951822e-06, 1.60474871791e-06, 1.60889362633e-06, 1.27651196635e-06, 8.60336911046e-07, 7.01926694546e-07, 5.46180842775e-07, 7.00934094766e-07, 6.9146341275e-07, 4.63454739474e-07, 3.33549053266e-07],
        "min": [3.51720627449e-12, 2.69601398498e-12, 1.79449857751e-12, 1.17581226873e-12, 8.75075511185e-13, 7.39511804657e-13, 6.3843326242e-13, 5.05995039705e-13, 3.79425440719e-13, 2.72864847037e-13, 1.28906664531e-13, 3.21403771924e-14, 1.33006034639e-14, 4.91849120229e-15, 2.08655317959e-14, 5.56638170615e-14, 3.26811907885e-14, 6.88596281503e-15, 5.85361938771e-15, 8.10256674038e-14, 1.27841164846e-13, 7.46352036163e-14, 4.95630961403e-14, 4.06141083492e-14, 6.94876353181e-14, 1.12716910458e-13, 3.67033945012e-14, 1.2938935642e-14, 3.11184929279e-14, 4.34000742516e-14, 2.02635675031e-14, 2.5240728019e-14, 2.41976425198e-14, 1.90096300924e-14, 1.28437841959e-14, 4.8967186439e-15, 5.21494299295e-15, 4.65394756627e-15, 3.14892439076e-15, 1.94546510385e-14],
        "stdev": [0.00443792855367, 0.00457500759512, 0.00136692135129, 0.00111389614176, 0.000527416355908, 0.000523318827618, 0.00118995329831, 0.00137819617521, 0.00105233525392, 0.000501814007293, 0.000234113380429, 0.00014457044017, 7.40694740671e-05, 9.16525968933e-05, 0.000259603286395, 9.7615251434e-05, 8.11775171314e-05, 6.00253551966e-05, 8.44869136927e-05, 0.000163394433912, 2.4997851142e-05, 2.62155808741e-05, 1.81559626071e-05, 7.74407963036e-05, 1.10271412268e-05, 1.28520632643e-05, 2.20208330575e-05, 5.63832918488e-06, 5.09682558913e-06, 4.19084790337e-06, 6.21559365754e-06, 8.27732674225e-06, 4.44592023996e-06, 4.32014167018e-06, 4.13685393141e-06, 3.51738231075e-06, 4.28645626016e-06, 4.70838858746e-06, 4.23983829023e-06, 3.34804076374e-06],
        "var": [1.96952114493e-05, 2.0930694518e-05, 1.86847398709e-06, 1.24076461816e-06, 2.78168016621e-07, 2.73862610811e-07, 1.4159887769e-06, 1.89942477391e-06, 1.10740950277e-06, 2.5181728347e-07, 5.48090746122e-08, 2.09006110197e-08, 5.48628653618e-09, 8.40019787063e-09, 6.73938700402e-08, 9.52873691062e-09, 6.5897891588e-09, 3.60304319713e-09, 7.13803860464e-09, 2.66977391306e-08, 6.24892526613e-10, 6.87256695997e-10, 3.29638982777e-10, 5.99707661308e-09, 1.21597842906e-10, 1.65175539912e-10, 4.84917106469e-10, 3.17907575265e-11, 2.59776315042e-11, 1.75632060978e-11, 3.8633603261e-11, 6.85141318679e-11, 1.97662077678e-11, 1.86636227306e-11, 1.71135623034e-11, 1.23719775744e-11, 1.8373705335e-11, 2.21689229474e-11, 1.79762298796e-11, 1.12093763091e-11]
    },
    "melbands128": {
