{
"lowlevel": {
    "average_loudness": 0.75813215971,
    "barkbands_crest": {
        "dmean": 1.80519068241,
        "dmean2": 2.89823174477,
        "dvar": 4.1985616684,
        "dvar2": 11.1993160248,
        "max": 22.0397262573,
        "mean": 11.0098562241,
        "median": 11.7344274521,
        "min": 2.11286234856,
        "stdev": 3.72790622711,
        "var": 13.8972845078
    },
    "barkbands_flatness_db": {
        "dmean": 0.0336795672774,
        "dmean2": 0.0464644655585,
        "dvar": 0.00150188512634,
        "dvar2": 0.00243977503851,
        "max": 0.57891947031,
        "mean": 0.219466850162,
        "median": 0.196609899402,
        "min": 0.0316570289433,
        "stdev": 0.110349208117,
        "var": 0.0121769476682
    },
    "barkbands_kurtosis": {
        "dmean": 13.6901979446,
        "dmean2": 21.6661434174,
        "dvar": 669.761352539,
        "dvar2": 1627.96179199,
        "max": 290.948059082,
        "mean": 24.3917922974,
        "median": 9.33779811859,
        "min": -1.89241588116,
        "stdev": 37.5781669617,
        "var": 1412.11853027
    },
    "barkbands_skewness": {
        "dmean": 0.99780112505,
        "dmean2": 1.50850069523,
        "dvar": 1.58688509464,
        "dvar2": 3.79081630707,
        "max": 13.7007951736,
        "mean": 3.21271586418,
        "median": 2.79764890671,
        "min": -2.14967346191,
        "stdev": 2.50331878662,
        "var": 6.26660442352
    },
    "barkbands_spread": {
        "dmean": 5.58250904083,
        "dmean2": 8.01162528992,
        "dvar": 62.3490829468,
        "dvar2": 124.209068298,
        "max": 89.7683105469,
        "mean": 15.8595123291,
        "median": 11.9949245453,
        "min": 0.369756966829,
        "stdev": 14.4750270844,
        "var": 209.526397705
    },
    "dissonance": {
        "dmean": 0.0208950471133,
        "dmean2": 0.0343616381288,
        "dvar": 0.000806631695013,
        "dvar2": 0.00200773659162,
        "max": 0.499927401543,
        "mean": 0.462221741676,
        "median": 0.471595287323,
        "min": 0.0275273639709,
        "stdev": 0.0354477912188,
        "var": 0.00125654577278
    },
    "dynamic_complexity": 2.87733244896,
    "erbbands_crest": {
        "dmean": 2.61476445198,
        "dmean2": 4.18781280518,
        "dvar": 6.08218574524,
        "dvar2": 15.0488853455,
        "max": 24.1361045837,
        "mean": 8.75860977173,
        "median": 8.14451694489,
        "min": 2.53882026672,
        "stdev": 3.76694059372,
        "var": 14.1898412704
    },
    "erbbands_flatness_db": {
        "dmean": 0.0228273775429,
        "dmean2": 0.033388890326,
        "dvar": 0.000494191714097,
        "dvar2": 0.00101622950751,
        "max": 0.297809481621,
        "mean": 0.160373583436,
        "median": 0.158021613955,
        "min": 0.0563611127436,
        "stdev": 0.0429752022028,
        "var": 0.00184686807916
    },
    "erbbands_kurtosis": {
        "dmean": 1.43362295628,
        "dmean2": 2.26994991302,
        "dvar": 4.49028587341,
        "dvar2": 9.97494125366,
        "max": 19.0574436188,
        "mean": 0.962313950062,
        "median": -0.0198760032654,
        "min": -1.80669093132,
        "stdev": 2.87818694115,
        "var": 8.28395938873
    },
    "erbbands_skewness": {
        "dmean": 0.499948590994,
        "dmean2": 0.742542147636,
        "dvar": 0.262267589569,
        "dvar2": 0.526186943054,
        "max": 3.43242454529,
        "mean": 0.211546808481,
        "median": 0.153009533882,
        "min": -3.33384346962,
        "stdev": 1.00498664379,
        "var": 1.00999808311
    },
    "erbbands_spread": {
        "dmean": 11.5524368286,
        "dmean2": 17.9610366821,
        "dvar": 178.977523804,
        "dvar2": 437.767578125,
        "max": 120.678062439,
        "mean": 39.7428207397,
        "median": 35.592086792,
        "min": 5.14522743225,
        "stdev": 19.694934845,
        "var": 387.890441895
    },
    "hfc": {
        "dmean": 10.2701263428,
        "dmean2": 14.4148101807,
        "dvar": 381.82409668,
        "dvar2": 613.496032715,
        "max": 167.717529297,
        "mean": 22.6294746399,
        "median": 13.5418243408,
        "min": 1.20885273214e-16,
        "stdev": 28.9758777618,
        "var": 839.60144043
    },
    "loudness_ebu128": {
        "integrated": -10.8343200684,
        "loudness_range": 4.32852458954,
        "momentary": {
            "dmean": 0.753216981888,
            "dmean2": 0.953309774399,
            "dvar": 0.937140464783,
            "dvar2": 1.47599804401,
            "max": -7.48487663269,
            "mean": -11.7946777344,
            "median": -11.2892093658,
            "min": -20.9542999268,
            "stdev": 3.12910795212,
            "var": 9.79131603241
        },
        "short_term": {
            "dmean": 0.147491663694,
            "dmean2": 0.087750159204,
            "dvar": 0.0108038848266,
            "dvar2": 0.00695965299383,
            "max": -8.64762210846,
            "mean": -11.2825136185,
            "median": -11.139081955,
            "min": -15.0723752975,
            "stdev": 1.62837386131,
            "var": 2.65160131454
        }
    },
    "melbands_crest": {
        "dmean": 2.61493229866,
        "dmean2": 4.1284070015,
        "dvar": 11.1967105865,
        "dvar2": 25.9364585876,
        "max": 39.0889282227,
        "mean": 24.5113449097,
        "median": 28.4700889587,
        "min": 2.09902906418,
        "stdev": 11.6057901382,
        "var": 134.694366455
    },
    "melbands_flatness_db": {
        "dmean": 0.0393994376063,
        "dmean2": 0.0516239106655,
        "dvar": 0.00207479973324,
        "dvar2": 0.00320748751983,
        "max": 0.713098466396,
        "mean": 0.293693721294,
        "median": 0.273655116558,
        "min": 0.00477337138727,
        "stdev": 0.137091770768,
        "var": 0.0187941528857
    },
    "melbands_kurtosis": {
        "dmean": 38.473487854,
        "dmean2": 60.6152496338,
        "dvar": 8088.37939453,
        "dvar2": 19042.2324219,
        "max": 1603.02648926,
        "mean": 69.9566116333,
        "median": 23.1085281372,
        "min": -1.82489418983,
        "stdev": 125.411758423,
        "var": 15728.1083984
    },
    "melbands_skewness": {
        "dmean": 1.4985281229,
        "dmean2": 2.29029226303,
        "dvar": 4.83202505112,
        "dvar2": 11.2733802795,
        "max": 30.4219303131,
        "mean": 5.35310983658,
        "median": 4.03919029236,
        "min": -0.320842802525,
        "stdev": 4.37485122681,
        "var": 19.1393241882
    },
    "melbands_spread": {
        "dmean": 6.50458860397,
        "dmean2": 8.73758125305,
        "dvar": 158.883224487,
        "dvar2": 245.148742676,
        "max": 232.813140869,
        "mean": 17.334356308,
        "median": 9.93095684052,
        "min": 0.133605986834,
        "stdev": 22.4004573822,
        "var": 501.780487061
    },
    "pitch_salience": {
        "dmean": 0.0642495900393,
        "dmean2": 0.101952560246,
        "dvar": 0.00494818063453,
        "dvar2": 0.0120114888996,
        "max": 0.912970662117,
        "mean": 0.41268247366,
        "median": 0.376766324043,
        "min": 0.0738872662187,
        "stdev": 0.215839937329,
        "var": 0.0465868785977
    },
    "silence_rate_20dB": {
        "dmean": 0.0185758508742,
        "dmean2": 0.0371804796159,
        "dvar": 0.018230939284,
        "dvar2": 0.0528385639191,
        "max": 1,
        "mean": 0.989945888519,
        "median": 1,
        "min": 0,
        "stdev": 0.0997650027275,
        "var": 0.00995305646211
    },
    "silence_rate_30dB": {
        "dmean": 0.0170278642327,
        "dmean2": 0.0333075150847,
        "dvar": 0.0167378876358,
        "dvar2": 0.0337476171553,
        "max": 1,
        "mean": 0.573859214783,
        "median": 1,
        "min": 0,
        "stdev": 0.494516015053,
        "var": 0.244546085596
    },
    "silence_rate_60dB": {
        "dmean": 0.0301857590675,
        "dmean2": 0.0604182817042,
        "dvar": 0.0292746387422,
        "dvar2": 0.0629641786218,
        "max": 1,
        "mean": 0.0773395225406,
        "median": 0,
        "min": 0,
        "stdev": 0.267129570246,
        "var": 0.0713582038879
    },
    "spectral_centroid": {
        "dmean": 378.592651367,
        "dmean2": 523.587280273,
        "dvar": 256394.703125,
        "dvar2": 391703.8125,
        "max": 11314.0576172,
        "mean": 1367.68688965,
        "median": 1265.56359863,
        "min": 157.167694092,
        "stdev": 881.410949707,
        "var": 776885.25
    },
    "spectral_complexity": {
        "dmean": 5.25541782379,
        "dmean2": 7.2920217514,
        "dvar": 53.4596862793,
        "dvar2": 88.1382446289,
        "max": 65,
        "mean": 16.8267593384,
        "median": 14,
        "min": 0,
        "stdev": 12.9159660339,
        "var": 166.822174072
    },
    "spectral_decrease": {
        "dmean": 4.04719990854e-09,
        "dmean2": 6.59384946644e-09,
        "dvar": 6.92557761953e-17,
        "dvar2": 1.36890053397e-16,
        "max": 5.70558250657e-29,
        "mean": -2.76990110848e-08,
        "median": -1.23471153302e-08,
        "min": -1.04618614216e-07,
        "stdev": 2.83435994675e-08,
        "var": 8.03359610857e-16
    },
    "spectral_energy": {
        "dmean": 0.01566718705,
        "dmean2": 0.0254232753068,
        "dvar": 0.00101049244404,
        "dvar2": 0.0019950310234,
        "max": 0.398807793856,
        "mean": 0.106595054269,
        "median": 0.0512621961534,
        "min": 1.07493089954e-20,
        "stdev": 0.107612408698,
        "var": 0.0115804299712
    },
    "spectral_energyband_high": {
        "dmean": 0.000811881327536,
        "dmean2": 0.00112157769036,
        "dvar": 3.79112839255e-06,
        "dvar2": 6.01557849222e-06,
        "max": 0.0180136840791,
        "mean": 0.00112926855218,
        "median": 0.000177430541953,
        "min": 8.00828124577e-21,
        "stdev": 0.00270032091066,
        "var": 7.29173279979e-06
    },
    "spectral_energyband_low": {
        "dmean": 0.0101432939991,
        "dmean2": 0.0153092360124,
        "dvar": 0.000769269885495,
        "dvar2": 0.00141302181873,
        "max": 0.368237584829,
        "mean": 0.0879257470369,
        "median": 0.03156844154,
        "min": 7.41710752025e-23,
        "stdev": 0.0985186472535,
        "var": 0.00970592349768
    },
    "spectral_energyband_middle_high": {
        "dmean": 0.00215110601857,
        "dmean2": 0.00284912460484,
        "dvar": 1.33943231049e-05,
        "dvar2": 2.21704503929e-05,
        "max": 0.0375098474324,
        "mean": 0.00435045082122,
        "median": 0.00173971417826,
        "min": 1.31220319519e-21,
        "stdev": 0.00599682284519,
        "var": 3.59618825314e-05
    },
    "spectral_energyband_middle_low": {
        "dmean": 0.00416778307408,
        "dmean2": 0.00700458697975,
        "dvar": 8.91587478691e-05,
        "dvar2": 0.000249235454248,
        "max": 0.087166801095,
        "mean": 0.00774952722713,
        "median": 0.00589902466163,
        "min": 3.33376405079e-22,
        "stdev": 0.00876809284091,
        "var": 7.68794561736e-05
    },
    "spectral_entropy": {
        "dmean": 0.254636079073,
        "dmean2": 0.359042018652,
        "dvar": 0.090470559895,
        "dvar2": 0.16105632484,
        "max": 9.79635715485,
        "mean": 7.40760803223,
        "median": 7.43348741531,
        "min": 5.3970079422,
        "stdev": 0.582063317299,
        "var": 0.338797718287
    },
    "spectral_flux": {
        "dmean": 0.0309290811419,
        "dmean2": 0.0482123009861,
        "dvar": 0.00288431625813,
        "dvar2": 0.00525248330086,
        "max": 0.575454056263,
        "mean": 0.101732872427,
        "median": 0.0843845307827,
        "min": 1.03678871044e-10,
        "stdev": 0.0795648023486,
        "var": 0.00633055809885
    },
    "spectral_kurtosis": {
        "dmean": 3.28392148018,
        "dmean2": 5.28354024887,
        "dvar": 38.0337104797,
        "dvar2": 102.002586365,
        "max": 87.6070022583,
        "mean": 7.41023015976,
        "median": 5.07110118866,
        "min": -1.17731308937,
        "stdev": 8.93723201752,
        "var": 79.8741226196
    },
    "spectral_rms": {
        "dmean": 0.000756533409003,
        "dmean2": 0.00117678160314,
        "dvar": 1.74645776951e-06,
        "dvar2": 3.07450136461e-06,
        "max": 0.0197251308709,
        "mean": 0.00850936025381,
        "median": 0.00707190902904,
        "min": 3.23838395336e-12,
        "stdev": 0.00562012474984,
        "var": 3.15858014801e-05
    },
    "spectral_rolloff": {
        "dmean": 374.679992676,
        "dmean2": 576.594238281,
        "dvar": 943843.0625,
        "dvar2": 1599924,
        "max": 19056.8847656,
        "mean": 987.368225098,
        "median": 344.53125,
        "min": 43.06640625,
        "stdev": 1540.6315918,
        "var": 2373545.75
    },
    "spectral_skewness": {
        "dmean": 0.39120477438,
        "dmean2": 0.59100908041,
        "dvar": 0.260323047638,
        "dvar2": 0.56854134798,
        "max": 7.51960325241,
        "mean": 1.96270298958,
        "median": 1.81260514259,
        "min": -0.0370982810855,
        "stdev": 0.915754020214,
        "var": 0.8386054039
    },
    "spectral_spread": {
        "dmean": 807686.5625,
        "dmean2": 1142708.75,
        "dvar": 1.47064448614e+12,
        "dvar2": 1.86349833421e+12,
        "max": 40407356,
        "mean": 4568506,
        "median": 4475609.5,
        "min": 967559.9375,
        "stdev": 2002393.25,
        "var": 4.00957872538e+12
    },
    "spectral_strongpeak": {
        "dmean": 0.273812204599,
        "dmean2": 0.46108970046,
        "dvar": 0.205126449466,
        "dvar2": 0.525185465813,
        "max": 5.56308221817,
        "mean": 0.618629932404,
        "median": 0.555843532085,
        "min": 0,
        "stdev": 0.569833397865,
        "var": 0.324710130692
    },
    "zerocrossingrate": {
        "dmean": 0.0101798325777,
        "dmean2": 0.0111094387248,
        "dvar": 0.00038120688987,
        "dvar2": 0.000398795760702,
        "max": 0.49658203125,
        "mean": 0.0392815284431,
        "median": 0.02978515625,
        "min": 0.00048828125,
        "stdev": 0.0406722128391,
        "var": 0.00165422901046
    },
    "barkbands": {
        "dmean": [0.0100454231724, 0.0091631449759, 0.0028229567688, 0.00114021799527, 0.00122097332496, 0.000970577122644, 0.0012159650214, 0.00078158674296, 0.000341558014043, 0.000278966821497, 0.000232882870478, 0.000285455025733, 0.000312537653372, 0.000291636271868, 0.000389472814277, 0.000304489891278, 0.000341483362718, 0.000293827499263, 0.000256659637671, 0.000242022288148, 0.000164485696587, 0.000138057235745, 0.000159756804351, 0.000159879491548, 7.99710251158e-05, 3.77114956791e-05, 1.92908055396e-06],
        "dmean2": [0.0169712547213, 0.0142760584131, 0.00488904258236, 0.00188975012861, 0.00209885276854, 0.00163177703507, 0.00209543202072, 0.00117215001956, 0.000522293557879, 0.000416182010667, 0.000373315997422, 0.000433883571532, 0.000459150556708, 0.000449524988653, 0.000579985848162, 0.000433591107139, 0.000503682764247, 0.000413075438701, 0.000365676824003, 0.000344637781382, 0.000232550228247, 0.000188346821233, 0.000242903188337, 0.000239568791585, 0.000110192275315, 5.40129767614e-05, 3.1668300835e-06],
        "dvar": [0.000289592688205, 0.000724313547835, 0.00010683988512, 1.01124551293e-05, 1.46103020597e-05, 3.42232078765e-06, 1.22001165437e-05, 1.5574672716e-06, 5.1070196605e-07, 3.34332696639e-07, 2.97006664596e-07, 4.20146051283e-07, 5.32303772616e-07, 3.46262766016e-07, 6.54288555779e-07, 3.95267534259e-07, 3.16525273547e-07, 3.2544505757e-07, 2.30162456205e-07, 2.76330410998e-07, 1.99514815336e-07, 1.23771997096e-07, 2.07569371469e-07, 1.53330333319e-07, 3.23896252041e-08, 9.16833986508e-09, 4.90035373391e-11],
        "dvar2": [0.000666975160129, 0.00161430193111, 0.000303170323605, 2.63243073277e-05, 4.07640836784e-05, 9.35731895879e-06, 3.48668254446e-05, 3.44488762494e-06, 1.06346158191e-06, 7.44768613004e-07, 7.10611345767e-07, 9.33336821163e-07, 1.12310931399e-06, 7.74780289703e-07, 1.43630256844e-06, 7.61412536576e-07, 6.48146340154e-07, 5.82683128414e-07, 4.05841262818e-07, 4.58614636045e-07, 3.59809945394e-07, 2.19113516664e-07, 3.88128057693e-07, 2.81630434529e-07, 5.50373222552e-08, 1.75577206107e-08, 1.20142951143e-10],
        "max": [0.222619950771, 0.300412774086, 0.110425390303, 0.0353761203587, 0.0350962840021, 0.0160460565239, 0.0316597111523, 0.0157883372158, 0.0103173218668, 0.00720127811655, 0.00557017931715, 0.00578717468306, 0.0112172355875, 0.00634910352528, 0.0110684353858, 0.00840619206429, 0.00593873206526, 0.0071643027477, 0.00482284836471, 0.00493465177715, 0.00499066710472, 0.00355200027116, 0.00618032785133, 0.00598921393976, 0.00266759027727, 0.00100813037716, 7.36041765776e-05],
        "mean": [0.0431911312044, 0.0469084270298, 0.00334042496979, 0.0015884321183, 0.00161338364705, 0.00145664066076, 0.00127645907924, 0.00117669126485, 0.000499696412589, 0.00042027849122, 0.000308104616124, 0.000370334280888, 0.000441907497589, 0.000389404885937, 0.000531583558768, 0.000459682865767, 0.000548880721908, 0.000416765222326, 0.000374593248125, 0.000317669037031, 0.000204278883757, 0.000171624153154, 0.000208376499359, 0.000224346164032, 0.000109337532194, 4.51000705652e-05, 1.54583688072e-06],
        "median": [0.0133796622977, 0.0163972880691, 0.00108094676398, 0.000782556016929, 0.000623007013928, 0.000793845567387, 0.000327561661834, 0.00034919148311, 0.000139202544233, 0.00012670722208, 5.4803549574e-05, 3.72463255189e-05, 5.5097603763e-05, 8.5662213678e-05, 5.06101350766e-05, 7.08892112016e-05, 0.000164710058016, 0.000116588998935, 9.28781446419e-05, 4.71518142149e-05, 5.86249007029e-06, 1.34319525387e-05, 1.6975480321e-05, 4.37844973931e-05, 1.94195617951e-05, 6.01013607593e-06, 2.27110383832e-08],
        "min": [4.01095001973e-23, 4.50026718638e-23, 1.38595082879e-23, 1.22234391694e-23, 9.36191155344e-23, 5.03755466913e-23, 6.36406025331e-23, 7.81873743302e-23, 2.92982151338e-23, 1.03516126586e-22, 4.71764443524e-23, 1.17258733576e-22, 9.05743270104e-23, 1.84375562129e-22, 9.39961721144e-23, 8.3120096327e-23, 1.66173612794e-22, 1.79569102053e-22, 1.64927225185e-22, 1.89989348766e-22, 6.80632167763e-22, 5.3842727947e-22, 6.82687346059e-22, 8.50204445772e-22, 1.14200361499e-21, 1.38675618004e-21, 2.9019489119e-21],
        "stdev": [0.0519644878805, 0.0571048930287, 0.00878834631294, 0.0030317849014, 0.0034081931226, 0.00195913109928, 0.00296496227384, 0.00193835515529, 0.000989898573607, 0.000808092358056, 0.000686192244757, 0.00082661624765, 0.00102662446443, 0.000765062053688, 0.00109544349834, 0.000949491863139, 0.000863619265147, 0.000781221082434, 0.000683147460222, 0.000705806480255, 0.000590744253714, 0.000465200573672, 0.000587833230384, 0.000510681013111, 0.000249033269938, 0.000118544296129, 6.46442094876e-06],
        "var": [0.00270030810498, 0.00326096871868, 7.72350322222e-05, 9.19171998248e-06, 1.16157798402e-05, 3.83819497074e-06, 8.79100116435e-06, 3.75722061108e-06, 9.79899255071e-07, 6.53013273677e-07, 4.70859788493e-07, 6.83294388182e-07, 1.05395770333e-06, 5.85319980928e-07, 1.19999640447e-06, 9.015347473e-07, 7.45838235616e-07, 6.10306415183e-07, 4.66690437406e-07, 4.9816281944e-07, 3.4897877299e-07, 2.16411578435e-07, 3.45547874758e-07, 2.60795076201e-07, 6.20175697463e-08, 1.40527500747e-08, 4.17887356663e-11]
    },
    "erbbands": {
        "dmean": [0.47976064682, 1.62840628624, 3.07916164398, 3.62899971008, 3.66722464561, 3.68813538551, 7.23091077805, 8.41539764404, 16.5178394318, 17.5377750397, 13.7690811157, 7.8786649704, 7.54156446457, 8.7987909317, 8.84292888641, 12.7224340439, 14.6073884964, 14.0787324905, 17.4255657196, 16.9420814514, 15.9806270599, 18.9879398346, 14.5499286652, 13.2829971313, 13.7804431915, 12.1479587555, 8.03624725342, 5.67299127579, 5.08618879318, 5.47068452835, 4.17018508911, 3.68721318245, 2.45902490616, 1.04954206944, 0.526075124741, 0.21436882019, 0.0584111921489, 0.00880539417267, 0.000219065172132, 2.34048111452e-05],
        "dmean2": [0.739498138428, 2.77612709999, 5.44837331772, 5.95262289047, 6.31021213531, 6.31332111359, 12.3939151764, 14.0459432602, 28.7086620331, 28.6251087189, 20.6447486877, 12.2203388214, 11.5192985535, 12.665848732, 13.4076299667, 19.4902191162, 22.2566318512, 21.2728252411, 26.4551906586, 23.7851600647, 22.3337173462, 27.1160621643, 19.9663639069, 18.3292217255, 19.8171482086, 17.1204338074, 10.9289455414, 8.00653743744, 6.80709457397, 7.80670261383, 6.26955127716, 5.60063838959, 3.6246380806, 1.45758104324, 0.722962677479, 0.306488335133, 0.0829847082496, 0.0129746776074, 0.000322454492562, 3.55583215423e-05],
        "dvar": [1.90876853466, 36.0279960632, 153.692886353, 118.12474823, 129.446640015, 117.139961243, 467.651275635, 257.287597656, 2413.10302734, 1181.97924805, 546.280029297, 344.260803223, 189.554275513, 371.625213623, 400.34161377, 861.463256836, 1283.93029785, 813.670959473, 1239.72180176, 1437.64501953, 1051.17285156, 997.23626709, 707.972900391, 671.715576172, 713.17578125, 713.89666748, 439.039672852, 234.052368164, 174.198272705, 222.172424316, 129.521575928, 100.452644348, 28.7658042908, 5.7293753624, 1.38837122917, 0.286771208048, 0.0229980703443, 0.000642526778392, 4.19316194211e-07, 1.82355885947e-09],
        "dvar2": [4.15977430344, 93.5754241943, 443.932861328, 300.443878174, 359.414978027, 325.067932129, 1351.00366211, 641.262756348, 6905.26318359, 3135.11938477, 1212.94470215, 708.739013672, 450.396392822, 751.59197998, 939.127929688, 1908.85998535, 2941.40258789, 1754.11450195, 2768.92456055, 2616.58203125, 1991.97131348, 2020.3671875, 1282.6829834, 1154.91357422, 1317.8157959, 1229.5447998, 747.71282959, 431.581970215, 313.668121338, 409.366241455, 254.310760498, 195.308197021, 51.4949760437, 10.4165830612, 2.3888399601, 0.556481778622, 0.0455621518195, 0.00126553291921, 8.79457331848e-07, 3.45765793774e-09],
        "max": [16.9651222229, 64.6065444946, 125.009941101, 126.082519531, 114.524993896, 107.478134155, 206.195800781, 188.385177612, 461.873809814, 444.317230225, 319.349639893, 322.998565674, 180.277084351, 246.558563232, 240.039550781, 272.988189697, 617.955383301, 388.07711792, 472.755462646, 614.639404297, 551.113891602, 346.021575928, 347.475494385, 260.339141846, 250.375854492, 259.27822876, 235.033477783, 177.278701782, 143.660095215, 195.134750366, 140.67539978, 147.905029297, 72.8039855957, 37.5005569458, 20.4682388306, 7.63097429276, 1.47953665257, 0.25639680028, 0.00738550722599, 0.000462827592855],
        "mean": [3.41226601601, 2.86895871162, 3.75338292122, 4.89174079895, 4.91282463074, 4.91684865952, 9.74042510986, 12.1943969727, 17.8333244324, 24.0237960815, 20.3038597107, 11.6099834442, 12.098493576, 13.3594608307, 12.1657657623, 16.6484241486, 20.779914856, 20.9502296448, 24.5630989075, 27.0106124878, 25.9693489075, 31.3632488251, 22.7588825226, 19.9176063538, 19.0075473785, 15.3199396133, 10.0713596344, 7.07363510132, 6.17969608307, 6.83814001083, 5.36924552917, 4.83859062195, 3.46652793884, 1.44910776615, 0.686855792999, 0.266830056906, 0.0652563199401, 0.00937406718731, 0.000274094665656, 0.000127224921016],
        "median": [1.27135753632, 0.757356882095, 1.05747210979, 2.40791344643, 2.18227410316, 1.53310525417, 3.66205215454, 5.93201732635, 5.29453849792, 7.51403427124, 7.80304384232, 3.76147341728, 3.99634408951, 3.24517703056, 2.20072817802, 1.72537493706, 2.67984461784, 4.56965303421, 3.55326986313, 3.1668920517, 5.52200222015, 10.1301527023, 7.27215766907, 5.67495107651, 3.76079416275, 2.33972764015, 0.573984503746, 0.274744927883, 0.429724484682, 0.542798876762, 0.489836245775, 0.720918357372, 0.719496965408, 0.258922755718, 0.115590378642, 0.0420381352305, 0.00744743086398, 0.000554456782993, 7.98796827439e-05, 7.12133914931e-05],
        "min": [9.60029938676e-22, 1.10108967861e-20, 1.77984565494e-20, 3.79679617012e-20, 1.26132247964e-19, 4.61896878568e-19, 3.83670097846e-19, 3.17054761575e-19, 9.79944845067e-19, 1.27267899737e-18, 1.09415305186e-18, 5.66521474178e-19, 1.71936810868e-18, 3.74630182143e-18, 2.7809344837e-18, 4.35095513278e-18, 4.61875237455e-18, 8.603802509e-18, 4.46316342364e-18, 6.68386709002e-18, 5.2583317329e-18, 8.1378409166e-18, 1.00726023073e-17, 7.69546886091e-18, 1.01707323977e-17, 8.3492285765e-18, 2.24155738593e-17, 2.59818952415e-17, 2.06443204331e-17, 1.67030364249e-17, 2.17547740095e-17, 1.5828819014e-17, 1.57549567484e-17, 1.20106120363e-17, 8.92161688088e-18, 4.69606315614e-18, 2.86115797502e-18, 1.2475945385e-18, 3.8865884997e-19, 4.57848184899e-20],
        "stdev": [3.94744753838, 5.94869184494, 10.27439785, 10.3113908768, 10.1990442276, 10.333987236, 19.9978485107, 18.4085235596, 41.9358787537, 41.1318397522, 32.1029052734, 24.0450019836, 21.440694809, 27.0958213806, 26.2529468536, 37.34116745, 46.5973320007, 41.0251541138, 45.7639808655, 59.0332984924, 49.7402153015, 48.9341430664, 38.6488723755, 36.2909202576, 36.5814933777, 34.545955658, 28.1719779968, 20.115694046, 17.1773471832, 19.3169364929, 14.6141986847, 12.549829483, 7.21018314362, 3.24148130417, 1.59855771065, 0.669519364834, 0.181185618043, 0.0294726025313, 0.000721079704817, 0.000122839963296],
        "var": [15.5823421478, 35.3869361877, 105.563247681, 106.324790955, 104.020507812, 106.791290283, 399.913909912, 338.873748779, 1758.61791992, 1691.828125, 1030.59643555, 578.162109375, 459.703399658, 734.183532715, 689.217224121, 1394.3626709, 2171.3112793, 1683.06323242, 2094.34204102, 3484.93041992, 2474.08886719, 2394.55053711, 1493.73522949, 1317.03100586, 1338.20568848, 1193.4230957, 793.660339355, 404.641143799, 295.061279297, 373.144012451, 213.574798584, 157.498214722, 51.986743927, 10.5072011948, 2.55538678169, 0.448256194592, 0.0328282304108, 0.000868634320796, 5.19955960954e-07, 1.50896557471e-08]
    },
    "gfcc": {
        "mean": [-26.2040042877, 96.1351776123, -97.490852356, 33.5308914185, -47.8361663818, 15.4155054092, -45.6894226074, 21.1778316498, -16.2482833862, 1.24646520615, -4.77095365524, -4.3325586319, -9.54140090942],
        "cov": [[8380.65527344, -2423.89697266, -929.535339355, 804.862609863, -263.416900635, 393.646575928, -20.4067211151, 612.487915039, -78.8783950806, 398.790496826, -102.837158203, 349.480712891, -196.718093872], [-2423.89697266, 2161.99584961, 774.594787598, -373.648834229, 594.053405762, -30.4392318726, 351.407165527, -146.953323364, 371.463317871, -183.891967773, 324.565551758, -97.8028106689, 300.954711914], [-929.535339355, 774.594787598, 1174.38952637, 267.684173584, 327.086700439, 182.731658936, 453.976165771, -95.9065856934, 264.722106934, 28.4166469574, 193.503387451, 79.33959198, 276.559631348], [804.862609863, -373.648834229, 267.684173584, 669.29901123, 113.79825592, 78.2626342773, 123.291397095, 88.2386779785, 114.783920288, 93.7433166504, 63.99010849, 70.4528961182, 135.542877197], [-263.416900635, 594.053405762, 327.086700439, 113.79825592, 800.471923828, 149.157745361, 355.363006592, 150.899520874, 250.185394287, 69.0741424561, 169.524688721, 14.2842464447, 265.45199585], [393.646575928, -30.4392318726, 182.731658936, 78.2626342773, 149.157745361, 376.854492188, 264.885101318, -16.6845836639, 93.8379058838, 54.8683891296, 30.2027568817, 81.7744827271, 95.6055221558], [-20.4067211151, 351.407165527, 453.976165771, 123.291397095, 355.363006592, 264.885101318, 582.070861816, -15.0324869156, 147.885528564, 58.8431510925, 128.046905518, 127.927993774, 187.703674316], [612.487915039, -146.953323364, -95.9065856934, 88.2386779785, 150.899520874, -16.6845836639, -15.0324869156, 328.964538574, 72.6785202026, 32.4002075195, 41.6050682068, 19.2103004456, 38.6468544006], [-78.8783950806, 371.463317871, 264.722106934, 114.783920288, 250.185394287, 93.8379058838, 147.885528564, 72.6785202026, 302.051269531, 34.2828598022, 119.039634705, 19.1434383392, 150.859344482], [398.790496826, -183.891967773, 28.4166469574, 93.7433166504, 69.0741424561, 54.8683891296, 58.8431510925, 32.4002075195, 34.2828598022, 163.466156006, 12.8011665344, 8.51373291016, 27.3685245514], [-102.837158203, 324.565551758, 193.503387451, 63.99010849, 169.524688721, 30.2027568817, 128.046905518, 41.6050682068, 119.039634705, 12.8011665344, 200.286056519, 28.765920639, 78.2222671509], [349.480712891, -97.8028106689, 79.33959198, 70.4528961182, 14.2842464447, 81.7744827271, 127.927993774, 19.2103004456, 19.1434383392, 8.51373291016, 28.765920639, 172.765609741, 37.8809814453], [-196.718093872, 300.954711914, 276.559631348, 135.542877197, 265.45199585, 95.6055221558, 187.703674316, 38.6468544006, 150.859344482, 27.3685245514, 78.2222671509, 37.8809814453, 232.626083374]],
        "icov": [[0.000262125366135, 3.97648836952e-05, 0.000218985485844, -0.000274479709333, 0.000100095043308, -0.000287449453026, -3.75338240701e-05, -0.000364820851246, -2.96932194033e-05, -0.000358187564416, -1.83046195161e-05, -0.000339256279403, 0.000287414441118], [3.97648836952e-05, 0.00305285165086, -0.00102022313513, 0.00234490004368, -0.000966854800936, 0.00143641314935, -0.000595819903538, 0.00144039024599, -0.00196599564515, 0.00284867174923, -0.00256946589798, 0.00173987424932, -0.00179441529326], [0.000218985485844, -0.00102022313513, 0.00227085477673, -0.00142946152482, 0.000624372216407, -0.000526639167219, -0.000762875250075, -4.74314729217e-05, -9.80274762696e-06, -0.00102917663753, 0.000282522727503, -0.000688175612595, -8.9855020633e-05], [-0.000274479709333, 0.00234490004368, -0.00142946152482, 0.00416708691046, -0.000582236389164, 0.00143366900738, -0.000224664632697, 0.0010216870578, -0.00154309277423, 0.00166587822605, -0.00202820450068, 0.00126468727831, -0.00262686121278], [0.000100095043308, -0.000966854800936, 0.000624372216407, -0.000582236389164, 0.0032692681998, -0.000509014877025, -0.00115269504022, -0.00161759031471, 7.84840158303e-05, -0.0014001717791, 9.24756895984e-05, 0.000556342652999, -0.00139797409065], [-0.000287449453026, 0.00143641314935, -0.000526639167219, 0.00143366900738, -0.000509014877025, 0.00534162903205, -0.00206851912662, 0.00152740383055, -0.00185418420006, 0.00107463996392, -0.00027116786805, 0.000434992136434, -0.00141345325392], [-3.75338240701e-05, -0.000595819903538, -0.000762875250075, -0.000224664632697, -0.00115269504022, -0.00206851912662, 0.00481279566884, 0.0003342643613, 0.00105912936851, -0.000997102702968, -0.000300044135656, -0.00234596524388, -8.31374200061e-05], [-0.000364820851246, 0.00144039024599, -4.74314729217e-05, 0.0010216870578, -0.00161759031471, 0.00152740383055, 0.0003342643613, 0.00547481700778, -0.00178154255264, 0.00158366595861, -0.00163600896485, 0.000370831432519, -0.00121328630485], [-2.96932194033e-05, -0.00196599564515, -9.80274762696e-06, -0.00154309277423, 7.84840158303e-05, -0.00185418420006, 0.00105912936851, -0.00178154255264, 0.00762090692297, -0.00207317597233, -0.000365584419342, -0.000610991264693, -0.000932903494686], [-0.000358187564416, 0.00284867174923, -0.00102917663753, 0.00166587822605, -0.0014001717791, 0.00107463996392, -0.000997102702968, 0.00158366595861, -0.00207317597233, 0.0104323076084, -0.00219890847802, 0.00273838965222, -0.00162727897987], [-1.83046195161e-05, -0.00256946589798, 0.000282522727503, -0.00202820450068, 9.24756895984e-05, -0.00027116786805, -0.000300044135656, -0.00163600896485, -0.000365584419342, -0.00219890847802, 0.00981814414263, -0.00216846377589, 0.0022218846716], [-0.000339256279403, 0.00173987424932, -0.000688175612595, 0.00126468727831, 0.000556342652999, 0.000434992136434, -0.00234596524388, 0.000370831432519, -0.000610991264693, 0.00273838965222, -0.00216846377589, 0.00947518646717, -0.00217857421376], [0.000287414441118, -0.00179441529326, -8.9855020633e-05, -0.00262686121278, -0.00139797409065, -0.00141345325392, -8.31374200061e-05, -0.00121328630485, -0.000932903494686, -0.00162727897987, 0.0022218846716, -0.00217857421376, 0.0113495569676]]
    },
    "melbands": {
        "dmean": [0.00300018698908, 0.00160398625303, 0.000618759950157, 0.000229450219194, 0.000241944158915, 0.000189163314644, 0.000251957128057, 0.000188233039808, 0.000101863748569, 4.85627060698e-05, 3.87220898119e-05, 3.68378823623e-05, 3.21963598253e-05, 3.00852116197e-05, 3.47786626662e-05, 3.103684503e-05, 2.74284593615e-05, 2.76096452581e-05, 2.7171921829e-05, 2.10893995245e-05, 2.02828996407e-05, 2.02651281143e-05, 1.5823816284e-05, 1.34802949106e-05, 1.0733399904e-05, 1.0088297131e-05, 9.45238025452e-06, 8.28692736832e-06, 5.46171486349e-06, 4.29951251135e-06, 2.98249938169e-06, 2.70555187853e-06, 2.97193332699e-06, 3.37199639944e-06, 2.50071070695e-06, 2.37782251133e-06, 2.31746480495e-06, 1.99143278223e-06, 1.22127948998e-06, 7.96911535872e-07],
        "dmean2": [0.00465583754703, 0.00274159270339, 0.00103223125916, 0.00039528918569, 0.000415527028963, 0.00031890135142, 0.000436450383859, 0.000302686385112, 0.000154128603754, 7.51378902351e-05, 5.94718148932e-05, 5.30276411155e-05, 4.94771920785e-05, 4.62947864435e-05, 5.54770449526e-05, 4.622225606e-05, 4.17964511144e-05, 4.27782179031e-05, 3.97531475755e-05, 2.86088616122e-05, 2.98356535495e-05, 2.94861656585e-05, 2.24093964789e-05, 1.91779308807e-05, 1.51224658111e-05, 1.46571874211e-05, 1.41915297718e-05, 1.1795896171e-05, 7.40792302167e-06, 6.44646115688e-06, 4.22499715569e-06, 3.78655340683e-06, 4.17594674218e-06, 5.02629154653e-06, 3.75044396606e-06, 3.61271349902e-06, 3.53353334503e-06, 2.98292115986e-06, 1.70529017396e-06, 1.12661655294e-06],
        "dvar": [7.58042660891e-05, 3.97027870349e-05, 3.79854577659e-06, 5.0250531558e-07, 5.36194306733e-07, 1.22575542605e-07, 5.56811755814e-07, 1.15882038187e-07, 3.11896464211e-08, 1.38129419014e-08, 5.10683095811e-09, 6.73363764747e-09, 5.83413362065e-09, 5.15595255379e-09, 6.11238881731e-09, 5.40452971265e-09, 3.30476312982e-09, 3.17965898056e-09, 3.38771077857e-09, 2.07389505569e-09, 1.81589843162e-09, 1.14231091253e-09, 7.8340156584e-10, 7.83123954573e-10, 4.54052823118e-10, 3.73160641276e-10, 4.02246042031e-10, 3.76984887751e-10, 2.02716149422e-10, 1.40593744979e-10, 6.41351902142e-11, 5.11714177975e-11, 6.0670531099e-11, 9.79053227379e-11, 4.64998178851e-11, 4.98603172638e-11, 3.65323153673e-11, 1.92705781887e-11, 6.83501909585e-12, 3.48868438478e-12],
        "dvar2": [0.000159453222295, 0.000108132357127, 1.00410952655e-05, 1.38810469252e-06, 1.54217480031e-06, 3.13667726459e-07, 1.58922534865e-06, 2.93192044865e-07, 6.91983217393e-08, 2.79931029468e-08, 1.22152394866e-08, 1.3741684235e-08, 1.40937075344e-08, 1.16982290521e-08, 1.38453142284e-08, 1.18629275292e-08, 7.35001082219e-09, 7.24540027974e-09, 6.96639634867e-09, 3.68846708731e-09, 3.70572972308e-09, 2.30384000766e-09, 1.4466097209e-09, 1.40745082255e-09, 8.29935675739e-10, 6.82778777961e-10, 8.01837485298e-10, 6.94009960611e-10, 3.44827250087e-10, 2.73409100915e-10, 1.19252510644e-10, 9.34273422515e-11, 1.13298807836e-10, 1.92415056111e-10, 9.47314934829e-11, 1.06713943238e-10, 7.22054915858e-11, 3.64302199518e-11, 1.2084715173e-11, 6.73645904684e-12],
        "max": [0.110810950398, 0.0613105781376, 0.0220080688596, 0.00625419616699, 0.00688963755965, 0.00379872741178, 0.00698926346377, 0.00492221303284, 0.00228518759832, 0.00190828787163, 0.000873641925864, 0.0010445745429, 0.00090821145568, 0.000655970652588, 0.000754262146074, 0.00109794631135, 0.000792812905274, 0.000720682262909, 0.000846286595333, 0.000666297681164, 0.000737703521736, 0.000353211100446, 0.000314160453854, 0.000305913126795, 0.00023067764414, 0.000202652343432, 0.000187166471733, 0.000206956799957, 0.000149020415847, 0.000135021211463, 9.99113617581e-05, 7.11565007805e-05, 7.76284068706e-05, 0.000143998884596, 8.42779845698e-05, 0.000115769042168, 9.58293603617e-05, 6.71929301461e-05, 2.94442615996e-05, 3.1165774999e-05],
        "mean": [0.0235764943063, 0.00215600500815, 0.000862972810864, 0.00031874855631, 0.0003305550199, 0.0002796392655, 0.000271487020655, 0.000271620519925, 0.000149349856656, 6.93323381711e-05, 6.03372282058e-05, 5.41623630852e-05, 4.2179835873e-05, 3.83084407076e-05, 4.63500982733e-05, 4.40232470282e-05, 3.78046097467e-05, 3.69601912098e-05, 3.93806476495e-05, 3.21002225974e-05, 3.07158006763e-05, 3.28491696564e-05, 2.58989148278e-05, 1.8280958102e-05, 1.56787209562e-05, 1.4165135326e-05, 1.2465526197e-05, 9.76908359007e-06, 6.55312624076e-06, 5.213620625e-06, 3.63180447494e-06, 3.40059409609e-06, 3.41694340023e-06, 4.08766527471e-06, 3.09673760057e-06, 2.95964855468e-06, 2.97184760711e-06, 2.72288048109e-06, 1.63954712207e-06, 1.06810728084e-06],
        "median": [0.00860494934022, 0.000591333780903, 0.000443149940111, 0.000138935851282, 0.000122456462122, 0.000140537769767, 7.9570672824e-05, 7.84971052781e-05, 5.36191037099e-05, 1.98915240617e-05, 2.00288232008e-05, 1.32072300403e-05, 7.36845777283e-06, 4.38057622887e-06, 5.36446304977e-06, 5.26752637597e-06, 8.30763565318e-06, 5.47708896192e-06, 3.6534775063e-06, 3.90994864574e-06, 6.33696618024e-06, 9.04176067706e-06, 7.26184862287e-06, 4.63872765977e-06, 4.092592917e-06, 2.85348869511e-06, 1.84839859685e-06, 1.16760293167e-06, 3.28347255163e-07, 9.17560001312e-08, 1.29864304199e-07, 1.93359738887e-07, 2.97624467294e-07, 2.85506558839e-07, 2.60757929027e-07, 2.50287683912e-07, 4.63752741098e-07, 5.59107945719e-07, 2.65130864818e-07, 1.74292082988e-07],
        "min": [1.17146704284e-23, 1.19356903214e-23, 7.68413078355e-24, 2.21652969635e-23, 1.42873154454e-23, 8.32630852547e-24, 1.41893452318e-23, 1.62145894115e-23, 6.84981019094e-24, 4.03364696793e-24, 9.32343975372e-24, 1.62876316205e-23, 7.74334978284e-24, 1.2832254406e-23, 1.15263354093e-23, 7.74851445519e-24, 1.8383015001e-23, 8.1688739769e-24, 8.52141354886e-24, 7.80315806123e-24, 6.14433070011e-24, 8.46962009726e-24, 9.10339410396e-24, 9.68994374143e-24, 5.52415744428e-24, 6.2366309759e-24, 6.97347518189e-24, 4.91199664867e-24, 1.1680445698e-23, 1.81625977977e-23, 1.4265692768e-23, 1.23720913296e-23, 9.77704581828e-24, 8.83337648243e-24, 1.32383876101e-23, 1.01851685296e-23, 9.5394314473e-24, 1.13660656946e-23, 1.01666760523e-23, 1.00121255792e-23],
        "stdev": [0.0269181728363, 0.00561501923949, 0.00179581216071, 0.000642632134259, 0.000668463879265, 0.000398224510718, 0.000634555297438, 0.000455844885437, 0.000241396322963, 0.000152998865815, 0.000108389824163, 0.000113484391477, 9.64132559602e-05, 8.67945054779e-05, 0.000100881748949, 0.000103253616544, 7.72685889388e-05, 7.12171458872e-05, 8.1748192315e-05, 7.09067899152e-05, 6.06834801147e-05, 5.1930990594e-05, 4.40381263616e-05, 3.64755360351e-05, 2.91095202556e-05, 2.680817488e-05, 2.63316796918e-05, 2.37523545366e-05, 1.88287722267e-05, 1.53433593368e-05, 1.03780985228e-05, 9.40076915867e-06, 9.63756338024e-06, 1.22241335703e-05, 8.61160333443e-06, 8.42969802761e-06, 7.49499758967e-06, 5.71604641664e-06, 3.56852547156e-06, 2.46469085141e-06],
        "var": [0.000724587996956, 3.15284414683e-05, 3.2249411106e-06, 4.12976049802e-07, 4.46843955615e-07, 1.58582750487e-07, 4.02660418786e-07, 2.07794556673e-07, 5.82721817466e-08, 2.34086510176e-08, 1.17483542894e-08, 1.28787069897e-08, 9.29551635664e-09, 7.53328599501e-09, 1.01771266969e-08, 1.0661310057e-08, 5.9704352573e-09, 5.07188158139e-09, 6.68276722848e-09, 5.02777242062e-09, 3.68248453952e-09, 2.69682765008e-09, 1.93935645321e-09, 1.33046473838e-09, 8.47364178824e-10, 7.1867822804e-10, 6.93357316006e-10, 5.64174373885e-10, 3.54522688983e-10, 2.35418656791e-10, 1.07704928309e-10, 8.83744674662e-11, 9.28826321411e-11, 1.49429441043e-10, 7.41597130927e-11, 7.10598108133e-11, 5.61749917416e-11, 3.26731870726e-11, 1.27343734516e-11, 6.07470063835e-12]
    },
    "melbands128": {
