{
"lowlevel": {
    "average_loudness": 0.983180999756,
    "barkbands_crest": {
        "dmean": 3.46048998833,
        "dmean2": 4.72188663483,
        "dvar": 9.52000236511,
        "dvar2": 15.2842798233,
        "max": 25.7029647827,
        "mean": 14.660692215,
        "median": 13.3195800781,
        "min": 3.18070340157,
        "stdev": 6.11957979202,
        "var": 37.449256897
    },
    "barkbands_flatness_db": {
        "dmean": 0.0418962463737,
        "dmean2": 0.0609450079501,
        "dvar": 0.00138348538894,
        "dvar2": 0.00236753444187,
        "max": 0.42200961709,
        "mean": 0.179731354117,
        "median": 0.170007377863,
        "min": 0.0345801636577,
        "stdev": 0.071865953505,
        "var": 0.00516471546143
    },
    "barkbands_kurtosis": {
        "dmean": 16.323059082,
        "dmean2": 25.9062862396,
        "dvar": 788.63671875,
        "dvar2": 1893.71105957,
        "max": 315.939422607,
        "mean": 18.5228366852,
        "median": 6.09333467484,
        "min": -1.69173598289,
        "stdev": 32.2942085266,
        "var": 1042.91601562
    },
    "barkbands_skewness": {
        "dmean": 1.37101531029,
        "dmean2": 2.0040307045,
        "dvar": 2.16476798058,
        "dvar2": 4.46959257126,
        "max": 14.8837900162,
        "mean": 3.055996418,
        "median": 2.37288618088,
        "min": -1.86373257637,
        "stdev": 2.36208152771,
        "var": 5.57942867279
    },
    "barkbands_spread": {
        "dmean": 6.7512960434,
        "dmean2": 10.2682752609,
        "dvar": 54.7310523987,
        "dvar2": 106.935539246,
        "max": 98.5877304077,
        "mean": 16.4868202209,
        "median": 13.871301651,
        "min": 0.485800951719,
        "stdev": 12.0292100906,
        "var": 144.701904297
    },
    "dissonance": {
        "dmean": 0.0194469541311,
        "dmean2": 0.0317422300577,
        "dvar": 0.000548031122889,
        "dvar2": 0.00134453398641,
        "max": 0.499111413956,
        "mean": 0.461556375027,
        "median": 0.46672475338,
        "min": 0,
        "stdev": 0.0263950228691,
        "var": 0.00069669727236
    },
    "dynamic_complexity": 2.1727669239,
    "erbbands_crest": {
        "dmean": 2.86933803558,
        "dmean2": 4.8098988533,
        "dvar": 6.57226419449,
        "dvar2": 16.9690265656,
        "max": 27.7860679626,
        "mean": 8.36717891693,
        "median": 7.47039890289,
        "min": 3.11137628555,
        "stdev": 3.42346906662,
        "var": 11.7201404572
    },
    "erbbands_flatness_db": {
        "dmean": 0.0189021714032,
        "dmean2": 0.0294095482677,
        "dvar": 0.000315120007144,
        "dvar2": 0.000708722218405,
        "max": 0.274622559547,
        "mean": 0.141851663589,
        "median": 0.139483898878,
        "min": 0.0546471737325,
        "stdev": 0.0300925895572,
        "var": 0.000905563996639
    },
    "erbbands_kurtosis": {
        "dmean": 0.932993769646,
        "dmean2": 1.55570745468,
        "dvar": 2.61286878586,
        "dvar2": 7.27050638199,
        "max": 35.4209251404,
        "mean": 0.0223047286272,
        "median": -0.377191185951,
        "min": -1.6047539711,
        "stdev": 1.85919463634,
        "var": 3.45660448074
    },
    "erbbands_skewness": {
        "dmean": 0.448345243931,
        "dmean2": 0.711656987667,
        "dvar": 0.201605468988,
        "dvar2": 0.482369869947,
        "max": 4.05814027786,
        "mean": 0.347722709179,
        "median": 0.283454418182,
        "min": -1.16731405258,
        "stdev": 0.670216917992,
        "var": 0.449190735817
    },
    "erbbands_spread": {
        "dmean": 10.5592432022,
        "dmean2": 16.3674526215,
        "dvar": 97.2623062134,
        "dvar2": 217.620361328,
        "max": 140.979217529,
        "mean": 43.5131759644,
        "median": 41.2469406128,
        "min": 4.03059387207,
        "stdev": 15.5485200882,
        "var": 241.756469727
    },
    "hfc": {
        "dmean": 6.85819005966,
        "dmean2": 9.82849121094,
        "dvar": 49.3786010742,
        "dvar2": 105.051071167,
        "max": 51.8118247986,
        "mean": 16.581987381,
        "median": 15.6945209503,
        "min": 1.15924545349e-16,
        "stdev": 10.3801021576,
        "var": 107.746520996
    },
    "loudness_ebu128": {
        "integrated": -8.03665065765,
        "loudness_range": 0.506765365601,
        "momentary": {
            "dmean": 0.712182998657,
            "dmean2": 1.21061694622,
            "dvar": 0.269601106644,
            "dvar2": 0.652680575848,
            "max": -6.49997711182,
            "mean": -8.14308071136,
            "median": -8.09610366821,
            "min": -12.8228645325,
            "stdev": 1.01467645168,
            "var": 1.02956819534
        },
        "short_term": {
            "dmean": 0.107445672154,
            "dmean2": 0.18189971149,
            "dvar": 0.00538738816977,
            "dvar2": 0.0108373211697,
            "max": -7.64416027069,
            "mean": -7.98421144485,
            "median": -7.96353340149,
            "min": -8.92233562469,
            "stdev": 0.189782425761,
            "var": 0.0360173694789
        }
    },
    "melbands_crest": {
        "dmean": 4.95935106277,
        "dmean2": 7.49385356903,
        "dvar": 17.6455936432,
        "dvar2": 35.9746170044,
        "max": 34.7020950317,
        "mean": 19.3367443085,
        "median": 18.4746780396,
        "min": 2.86815261841,
        "stdev": 7.37468194962,
        "var": 54.3859329224
    },
    "melbands_flatness_db": {
        "dmean": 0.0486750863492,
        "dmean2": 0.0693651586771,
        "dvar": 0.00175499846227,
        "dvar2": 0.00308162090369,
        "max": 0.517099618912,
        "mean": 0.266635119915,
        "median": 0.259039729834,
        "min": 0.008056698367,
        "stdev": 0.0856332629919,
        "var": 0.00733305606991
    },
    "melbands_kurtosis": {
        "dmean": 32.3644790649,
        "dmean2": 51.1227264404,
        "dvar": 2357.40576172,
        "dvar2": 5362.80322266,
        "max": 568.947998047,
        "mean": 42.3052978516,
        "median": 18.2650566101,
        "min": -1.30730199814,
        "stdev": 58.0939979553,
        "var": 3374.91259766
    },
    "melbands_skewness": {
        "dmean": 1.73106312752,
        "dmean2": 2.57605624199,
        "dvar": 3.14049482346,
        "dvar2": 6.27249336243,
        "max": 20.4129333496,
        "mean": 4.48121023178,
        "median": 3.55304718018,
        "min": -0.412917375565,
        "stdev": 2.86365652084,
        "var": 8.20052814484
    },
    "melbands_spread": {
        "dmean": 6.62926864624,
        "dmean2": 9.6569814682,
        "dvar": 58.7369232178,
        "dvar2": 99.2026138306,
        "max": 151.111465454,
        "mean": 14.6963357925,
        "median": 10.3788948059,
        "min": 0.422894448042,
        "stdev": 13.3296718597,
        "var": 177.680160522
    },
    "pitch_salience": {
        "dmean": 0.113714843988,
        "dmean2": 0.177471637726,
        "dvar": 0.0130624752492,
        "dvar2": 0.028259312734,
        "max": 0.961980581284,
        "mean": 0.399854272604,
        "median": 0.436605453491,
        "min": 0.0503874607384,
        "stdev": 0.174790278077,
        "var": 0.0305516421795
    },
    "silence_rate_20dB": {
        "dmean": 0,
        "dmean2": 0,
        "dvar": 0,
        "dvar2": 0,
        "max": 1,
        "mean": 1,
        "median": 1,
        "min": 1,
        "stdev": 0,
        "var": 0
    },
    "silence_rate_30dB": {
        "dmean": 0.23975251615,
        "dmean2": 0.479876160622,
        "dvar": 0.18226967752,
        "dvar2": 0.399753212929,
        "max": 1,
        "mean": 0.741885602474,
        "median": 1,
        "min": 0,
        "stdev": 0.43759611249,
        "var": 0.191490367055
    },
    "silence_rate_60dB": {
        "dmean": 0.00541376648471,
        "dmean2": 0.0108359130099,
        "dvar": 0.00538424029946,
        "dvar2": 0.0138152847067,
        "max": 1,
        "mean": 0.00463678501546,
        "median": 0,
        "min": 0,
        "stdev": 0.0679355859756,
        "var": 0.00461524398997
    },
    "spectral_centroid": {
        "dmean": 339.439544678,
        "dmean2": 495.735290527,
        "dvar": 153368.859375,
        "dvar2": 232526.3125,
        "max": 11045.5136719,
        "mean": 1201.71691895,
        "median": 1129.04248047,
        "min": 147.708053589,
        "stdev": 633.302612305,
        "var": 401072.1875
    },
    "spectral_complexity": {
        "dmean": 4.07424592972,
        "dmean2": 6.00464391708,
        "dvar": 17.9111328125,
        "dvar2": 35.1873703003,
        "max": 43,
        "mean": 17.0911903381,
        "median": 16,
        "min": 0,
        "stdev": 7.19400310516,
        "var": 51.7536773682
    },
    "spectral_decrease": {
        "dmean": 1.0291302921e-08,
        "dmean2": 1.63577720258e-08,
        "dvar": 1.63047608713e-16,
        "dvar2": 3.22150135005e-16,
        "max": -7.95179279515e-29,
        "mean": -1.64744999864e-08,
        "median": -7.09003789012e-09,
        "min": -6.77796521131e-08,
        "stdev": 1.63144360243e-08,
        "var": 2.66160833675e-16
    },
    "spectral_energy": {
        "dmean": 0.0393468253314,
        "dmean2": 0.0624175779521,
        "dvar": 0.00235936348327,
        "dvar2": 0.00465776911005,
        "max": 0.258739560843,
        "mean": 0.0636825710535,
        "median": 0.0282620303333,
        "min": 1.08148226692e-20,
        "stdev": 0.0621765851974,
        "var": 0.00386592769064
    },
    "spectral_energyband_high": {
        "dmean": 0.000202627285034,
        "dmean2": 0.000307404698106,
        "dvar": 1.01564680222e-07,
        "dvar2": 2.53458352972e-07,
        "max": 0.00256602768786,
        "mean": 0.000336154742399,
        "median": 0.000228070042795,
        "min": 7.68389558309e-21,
        "stdev": 0.000376444222638,
        "var": 1.41710245316e-07
    },
    "spectral_energyband_low": {
        "dmean": 0.0373536497355,
        "dmean2": 0.0605973005295,
        "dvar": 0.00245113903657,
        "dvar2": 0.0053598782979,
        "max": 0.249731972814,
        "mean": 0.0505537055433,
        "median": 0.0126700587571,
        "min": 2.11277700615e-22,
        "stdev": 0.0597830712795,
        "var": 0.0035740158055
    },
    "spectral_energyband_middle_high": {
        "dmean": 0.00155982933939,
        "dmean2": 0.00223393761553,
        "dvar": 2.69713814305e-06,
        "dvar2": 5.37087817065e-06,
        "max": 0.0181897450238,
        "mean": 0.00380817637779,
        "median": 0.00302126165479,
        "min": 1.62980308898e-21,
        "stdev": 0.00311886752024,
        "var": 9.72733505478e-06
    },
    "spectral_energyband_middle_low": {
        "dmean": 0.0109146470204,
        "dmean2": 0.0201905798167,
        "dvar": 0.000484273594338,
        "dvar2": 0.0013623975683,
        "max": 0.112769149244,
        "mean": 0.0115412641317,
        "median": 0.00630973372608,
        "min": 4.39645384856e-22,
        "stdev": 0.0174088217318,
        "var": 0.000303067092318
    },
    "spectral_entropy": {
        "dmean": 0.236296594143,
        "dmean2": 0.373491823673,
        "dvar": 0.0611432008445,
        "dvar2": 0.142954871058,
        "max": 9.8013420105,
        "mean": 7.41933250427,
        "median": 7.45754241943,
        "min": 5.95312690735,
        "stdev": 0.363682091236,
        "var": 0.132264658809
    },
    "spectral_flux": {
        "dmean": 0.0752792209387,
        "dmean2": 0.121336601675,
        "dvar": 0.00635856855661,
        "dvar2": 0.0106629449874,
        "max": 0.483862102032,
        "mean": 0.151918947697,
        "median": 0.107693850994,
        "min": 1.03994340916e-10,
        "stdev": 0.114476419985,
        "var": 0.0131048513576
    },
    "spectral_kurtosis": {
        "dmean": 1.71780896187,
        "dmean2": 2.73277139664,
        "dvar": 3.22152900696,
        "dvar2": 8.18047237396,
        "max": 20.6379623413,
        "mean": 5.43581056595,
        "median": 5.12257432938,
        "min": -1.20853972435,
        "stdev": 2.34416413307,
        "var": 5.49510574341
    },
    "spectral_rms": {
        "dmean": 0.00221726112068,
        "dmean2": 0.00335760461167,
        "dvar": 5.89941555518e-06,
        "dvar2": 1.01207951957e-05,
        "max": 0.0158880092204,
        "mean": 0.00699606118724,
        "median": 0.00525097176433,
        "min": 3.24823739954e-12,
        "stdev": 0.0036310502328,
        "var": 1.31845254145e-05
    },
    "spectral_rolloff": {
        "dmean": 385.981414795,
        "dmean2": 602.713989258,
        "dvar": 508473.96875,
        "dvar2": 990709.1875,
        "max": 18453.9550781,
        "mean": 741.881408691,
        "median": 430.6640625,
        "min": 64.599609375,
        "stdev": 997.599304199,
        "var": 995204.375
    },
    "spectral_skewness": {
        "dmean": 0.238760277629,
        "dmean2": 0.371815651655,
        "dvar": 0.0510883629322,
        "dvar2": 0.123160973191,
        "max": 3.41577005386,
        "mean": 1.80437111855,
        "median": 1.78289020061,
        "min": -0.034530185163,
        "stdev": 0.340827405453,
        "var": 0.116163313389
    },
    "spectral_spread": {
        "dmean": 757100.875,
        "dmean2": 1095250.875,
        "dvar": 1.26179147776e+12,
        "dvar2": 1.64901185126e+12,
        "max": 41202840,
        "mean": 4636724,
        "median": 4409111,
        "min": 2268181.25,
        "stdev": 1818493.75,
        "var": 3.30691955917e+12
    },
    "spectral_strongpeak": {
        "dmean": 0.314663380384,
        "dmean2": 0.502325057983,
        "dvar": 0.19055506587,
        "dvar2": 0.472407579422,
        "max": 4.5093255043,
        "mean": 0.561849951744,
        "median": 0.410916745663,
        "min": 0,
        "stdev": 0.505803704262,
        "var": 0.255837410688
    },
    "zerocrossingrate": {
        "dmean": 0.0111122690141,
        "dmean2": 0.012706650421,
        "dvar": 0.000293907272862,
        "dvar2": 0.000360974343494,
        "max": 0.5009765625,
        "mean": 0.0365094020963,
        "median": 0.03173828125,
        "min": 0.00244140625,
        "stdev": 0.0271149855107,
        "var": 0.00073522242019
    },
    "barkbands": {
        "dmean": [0.000948740111198, 0.0271232202649, 0.0163935162127, 0.00641826959327, 0.00361712044105, 0.000699196651112, 0.000734163448215, 0.000641380087472, 0.000663113081828, 0.00055253674509, 0.000332547118887, 0.000199710251763, 0.000201409260626, 0.000337461184245, 0.000280266453046, 0.000159623261425, 0.000172387808561, 0.000200882539502, 0.00020716743893, 8.19666383904e-05, 4.07690858992e-05, 3.13948112307e-05, 3.51262133336e-05, 5.86184869462e-05, 4.03767262469e-05, 1.32541517814e-05, 1.13619864806e-06],
        "dmean2": [0.00123219715897, 0.0457265749574, 0.0295032765716, 0.0122791621834, 0.00674618966877, 0.00114628102165, 0.00120169355068, 0.00105881050695, 0.00108520395588, 0.000882543739863, 0.000508792174514, 0.000317625381285, 0.000332621566486, 0.000527875963598, 0.000436859525507, 0.000252322293818, 0.000276661361568, 0.000312037300318, 0.000307475274894, 0.00012619428162, 6.85306295054e-05, 4.87556426378e-05, 5.15781721333e-05, 9.26226493903e-05, 6.21938161203e-05, 2.00616195798e-05, 1.86245756595e-06],
        "dvar": [1.88670537682e-06, 0.00133147509769, 0.00129660661332, 0.000242921407335, 5.4735577578e-05, 1.45273702401e-06, 1.75793991275e-06, 2.27290911425e-06, 2.60165438704e-06, 8.1041116573e-07, 4.07003909686e-07, 1.4438650453e-07, 2.02741674116e-07, 3.07205368699e-07, 2.28238221212e-07, 5.93620903544e-08, 5.66385764955e-08, 6.12531820821e-08, 6.57276615357e-08, 1.53483874499e-08, 1.19078951144e-08, 3.97894028836e-09, 2.46596942866e-09, 7.79481634794e-09, 3.14326364936e-09, 4.18490048171e-10, 1.01353613002e-11],
        "dvar2": [3.13693340104e-06, 0.00338253192604, 0.00349672138691, 0.000688155356329, 0.00015491504746, 3.60554440704e-06, 4.61268473373e-06, 5.5791797422e-06, 6.99508973412e-06, 2.06032268579e-06, 8.34148124795e-07, 3.49297550883e-07, 5.47008539797e-07, 7.23357914012e-07, 5.71562395635e-07, 1.39431250545e-07, 1.42045550433e-07, 1.34179316547e-07, 1.39773902674e-07, 3.3642415076e-08, 3.28007878636e-08, 9.83322845372e-09, 5.9388840512e-09, 1.99832399517e-08, 6.79271883186e-09, 7.91789911414e-10, 2.62191449107e-11],
        "max": [0.00925217848271, 0.173888891935, 0.168086528778, 0.0765474885702, 0.0422635152936, 0.0204758327454, 0.0220423061401, 0.0199793893844, 0.0221837069839, 0.0111821237952, 0.0117122493684, 0.00494770659134, 0.007779922802, 0.00603159703314, 0.00442155590281, 0.00271052517928, 0.00246739480644, 0.00224066199735, 0.00277912640013, 0.00102360895835, 0.000964603037573, 0.000614249496721, 0.000474556698464, 0.000605928653385, 0.000624113716185, 0.000267007329967, 5.33553175046e-05],
        "mean": [0.00123103254009, 0.0361086055636, 0.0107979187742, 0.00382596487179, 0.00331308529712, 0.00120171846356, 0.00130641006399, 0.00081095600035, 0.000799485307653, 0.000821761204861, 0.000421956152422, 0.00025334264501, 0.000252367113717, 0.000503722869325, 0.000353574519977, 0.000252296595136, 0.000302181200823, 0.000348510104232, 0.000351538299583, 0.000125188103993, 4.91517384944e-05, 4.00147582695e-05, 5.49727956241e-05, 8.16032188595e-05, 5.50856384507e-05, 1.90369737538e-05, 1.1567732372e-06],
        "median": [0.000450768013252, 0.00959279760718, 0.000826655537821, 0.000321138271829, 0.00146162742749, 0.000774464104325, 0.000810091791209, 0.000255418475717, 0.000260362809058, 0.000425682752393, 0.000130300933961, 9.45699866861e-05, 9.58881719271e-05, 0.000129846128402, 0.000114642731205, 0.000134057132527, 0.000214391489862, 0.000212090832065, 0.000195709435502, 5.44144932064e-05, 1.80619317689e-05, 1.74410670297e-05, 2.59054722846e-05, 4.82972973259e-05, 2.62166540779e-05, 9.77069976216e-06, 2.39808457536e-07],
        "min": [4.71861662742e-23, 1.06555342597e-22, 6.40168954958e-23, 2.84119709276e-23, 4.78956456843e-23, 5.27849897976e-23, 9.84153519728e-23, 5.54925402846e-23, 8.45818618953e-23, 1.23832620733e-22, 8.63513400146e-23, 7.57951946559e-23, 4.7362088567e-23, 3.7300331804e-23, 1.25905772435e-22, 2.33656031044e-22, 1.4253099708e-22, 2.05214944838e-22, 3.34642040893e-22, 4.4900190628e-22, 4.207189078e-22, 5.12757366961e-22, 5.24308158636e-22, 9.32687035203e-22, 1.17157774527e-21, 1.69795744002e-21, 2.45476873157e-21],
        "stdev": [0.00177282642107, 0.0435383096337, 0.0292482282966, 0.0117500741035, 0.00584772229195, 0.00143392034806, 0.00158022786491, 0.00167616526596, 0.00165491702501, 0.00112092902418, 0.000828697986435, 0.000452561071143, 0.000439809053205, 0.000793614832219, 0.000563623965718, 0.000337529927492, 0.000302922679111, 0.000357575976523, 0.000402167293942, 0.000165635254234, 9.70185428741e-05, 6.73752365401e-05, 7.38906674087e-05, 0.000103180216684, 7.71346094552e-05, 2.96785474347e-05, 3.16133537126e-06],
        "var": [3.14291355608e-06, 0.00189558428247, 0.000855458842125, 0.000138064249768, 3.41958548233e-05, 2.05612741411e-06, 2.49712002187e-06, 2.80952986031e-06, 2.73875025414e-06, 1.25648193716e-06, 6.8674034992e-07, 2.04811527738e-07, 1.93432015294e-07, 6.29824512544e-07, 3.17671975836e-07, 1.13926461154e-07, 9.17621534313e-08, 1.27860573684e-07, 1.61738526572e-07, 2.74350355767e-08, 9.41259781229e-09, 4.53942217149e-09, 5.4598303656e-09, 1.06461577332e-08, 5.94974824963e-09, 8.80816197757e-10, 9.9940411849e-12]
    },
    "erbbands": {
        "dmean": [0.861665248871, 5.97572088242, 17.5356464386, 21.4717674255, 15.9493913651, 11.832701683, 6.65320110321, 6.05534553528, 10.8148946762, 9.89374542236, 14.9938459396, 14.1799230576, 15.7450504303, 13.7772436142, 9.83097648621, 8.23487377167, 8.41630077362, 15.7166938782, 14.2630672455, 10.7326049805, 8.13715362549, 9.64325237274, 10.3533029556, 10.7984380722, 9.11554718018, 3.69755482674, 1.26443040371, 1.98368048668, 1.07079446316, 1.06885647774, 1.00440812111, 1.3711130619, 0.872714340687, 0.547237098217, 0.244904279709, 0.07748182863, 0.0216991901398, 0.00388153921813, 0.000123399368022, 4.43762073701e-05],
        "dmean2": [1.31186592579, 9.82697963715, 29.7776069641, 40.6134338379, 30.2320022583, 21.7429695129, 11.0894918442, 10.0805139542, 17.9958763123, 16.1556072235, 24.8081245422, 23.0447216034, 25.5238876343, 21.0194587708, 15.0383625031, 13.0345592499, 13.4926185608, 24.0443382263, 22.1788730621, 16.9722366333, 12.5152988434, 15.4668931961, 16.230884552, 16.5522994995, 13.3668518066, 5.55136680603, 2.05333304405, 3.41499638557, 1.65612375736, 1.59925115108, 1.48169589043, 2.24107909203, 1.38423168659, 0.845319032669, 0.37715524435, 0.117073982954, 0.0332544744015, 0.0061061908491, 0.000198565699975, 6.95202688803e-05],
        "dvar": [1.51679050922, 82.2667160034, 1248.47521973, 2516.91601562, 1414.37243652, 476.132629395, 82.2193984985, 150.924621582, 417.192626953, 337.830810547, 1282.93444824, 1282.60595703, 748.083435059, 582.448242188, 498.447937012, 248.650756836, 247.237991333, 747.265319824, 602.651184082, 337.848114014, 148.390655518, 163.823165894, 162.030975342, 219.014083862, 144.462417603, 32.1668739319, 5.98381090164, 38.7491760254, 5.49689435959, 2.3266851902, 2.00898098946, 6.84849691391, 1.20535373688, 0.631767570972, 0.108711495996, 0.0118304826319, 0.00125686137471, 7.23911871319e-05, 1.13020448111e-07, 2.72103095611e-09],
        "dvar2": [3.01653623581, 203.584365845, 3166.71826172, 6991.27001953, 4023.22412109, 1329.55004883, 211.007400513, 381.857421875, 1112.9979248, 842.313781738, 3315.04956055, 3349.16259766, 1861.08007812, 1234.75817871, 1053.37756348, 609.04095459, 646.659545898, 1701.31616211, 1502.52514648, 850.898803711, 337.350402832, 419.2706604, 371.990875244, 484.684051514, 294.366149902, 68.3134765625, 15.9431037903, 108.375801086, 13.6939172745, 5.26950120926, 4.68987607956, 18.5035552979, 2.85102248192, 1.44207644463, 0.22609372437, 0.022217027843, 0.00267486204393, 0.000155698318849, 2.95080155865e-07, 5.40884537159e-09],
        "max": [6.79505491257, 46.9047012329, 173.640533447, 235.126358032, 197.790359497, 134.060928345, 97.6953048706, 245.957763672, 324.576446533, 261.253509521, 448.136749268, 592.085327148, 382.195495605, 375.941833496, 546.544677734, 182.18850708, 188.826461792, 316.641967773, 265.303619385, 206.101608276, 141.441574097, 131.254623413, 114.317687988, 147.052093506, 107.591789246, 54.9665145874, 22.9416713715, 52.3814239502, 21.7223720551, 13.3679924011, 12.9478778839, 19.2495346069, 8.58422088623, 8.6894865036, 3.80632710457, 1.61630547047, 0.536545693874, 0.150617480278, 0.00608282163739, 0.000293495511869],
        "mean": [1.0709798336, 7.78491306305, 13.9939775467, 13.3102331161, 10.6617851257, 11.5819692612, 10.1639442444, 10.600440979, 19.6102657318, 15.9636592865, 18.6464977264, 17.4604282379, 24.2076358795, 20.2836170197, 13.1850595474, 11.2894506454, 11.989689827, 23.7696990967, 20.6192035675, 15.5172758102, 14.7527637482, 17.9578857422, 18.4327163696, 18.9047145844, 15.583697319, 5.98964357376, 2.06382131577, 1.93950212002, 1.33107769489, 1.63769304752, 1.56792509556, 1.7367399931, 1.28464639187, 0.714975655079, 0.341884732246, 0.109451964498, 0.0304790660739, 0.00485503207892, 0.000164353012224, 7.5084848504e-05],
        "median": [0.311397433281, 1.91647458076, 2.1378288269, 1.05995678902, 2.24963617325, 5.16822338104, 6.92000293732, 6.68760061264, 11.225194931, 7.61854362488, 5.67747688293, 6.61132144928, 12.4626598358, 9.28782844543, 4.76768445969, 4.62954092026, 5.18146896362, 6.7257900238, 7.17982292175, 6.45602416992, 8.969871521, 13.2152814865, 12.5078859329, 10.3650064468, 7.54971599579, 2.56073713303, 1.18288421631, 0.569224894047, 0.518780112267, 0.752254962921, 0.739329457283, 0.831859350204, 0.797955989838, 0.310735821724, 0.172195822001, 0.0556497089565, 0.0153555525467, 0.00172370276414, 8.11585487099e-05, 4.12350418628e-05],
        "min": [3.76153719262e-21, 2.18528370854e-20, 7.53428090539e-20, 8.3482834968e-20, 8.83894247925e-20, 1.11107391017e-19, 3.64465781606e-19, 5.7751082711e-19, 1.42047787146e-18, 1.33102035616e-18, 1.14856830127e-18, 1.62482146806e-18, 4.89186218381e-18, 2.07209715382e-18, 3.60156548016e-18, 3.02008646086e-18, 2.51159537726e-18, 1.71283575998e-18, 5.35867577224e-18, 7.84233726022e-18, 1.15957553165e-17, 9.53782755974e-18, 1.2856735912e-17, 1.16733183881e-17, 1.9121795254e-17, 2.17091202572e-17, 1.56794599738e-17, 1.82859193189e-17, 1.62250104032e-17, 1.91494975328e-17, 1.37266222052e-17, 1.98431099831e-17, 1.4707458234e-17, 1.04039601073e-17, 9.59963449511e-18, 6.12428436871e-18, 3.1031804757e-18, 1.61546833008e-18, 2.99538850213e-19, 3.39478574619e-20],
        "stdev": [1.52318620682, 10.2481899261, 31.4122829437, 38.7837562561, 28.4769001007, 18.3379173279, 10.4358358383, 14.0262823105, 25.2999324799, 22.3441028595, 38.5136909485, 36.8759651184, 33.7973136902, 33.9673843384, 27.900270462, 18.8963127136, 17.3235740662, 39.1398124695, 29.7530708313, 21.7873802185, 18.0769538879, 16.734708786, 17.8815593719, 21.8792438507, 18.915184021, 7.9843621254, 2.65320444107, 5.14805316925, 2.43912100792, 2.12082386017, 2.14423036575, 2.65985894203, 1.45420384407, 1.04129970074, 0.475084125996, 0.158873066306, 0.0482708513737, 0.0105827599764, 0.000338409241522, 6.79313743603e-05],
        "var": [2.32009625435, 105.025390625, 986.731567383, 1504.17980957, 810.933837891, 336.27923584, 108.906661987, 196.736602783, 640.086608887, 499.258972168, 1483.30444336, 1359.83691406, 1142.25842285, 1153.78320312, 778.425109863, 357.070648193, 300.106201172, 1531.92504883, 885.245178223, 474.689910889, 326.776245117, 280.050506592, 319.750183105, 478.701324463, 357.784210205, 63.7500419617, 7.03949403763, 26.502450943, 5.94931077957, 4.49789428711, 4.59772348404, 7.07484912872, 2.11470890045, 1.08430504799, 0.225704923272, 0.0252406522632, 0.00233007501811, 0.000111994813778, 1.14520815941e-07, 4.61467175583e-09]
    },
    "gfcc": {
        "mean": [2.30766654015, 102.957038879, -99.5933303833, 36.9592628479, -41.8348503113, 16.4974021912, -39.5315895081, 28.6268291473, -17.6344642639, 2.38747406006, -3.59370923042, 3.16774344444, -5.64529895782],
        "cov": [[4730.56640625, -379.179779053, -184.58984375, 211.362121582, -44.7737731934, 332.444091797, -120.101905823, 155.641891479, -148.138626099, 48.4375076294, -121.795608521, -35.4030189514, -281.832946777], [-379.179779053, 1020.61407471, 238.511184692, 287.398651123, 275.739776611, -80.6218795776, 220.374267578, -25.4264698029, 135.29548645, -48.8653106689, 81.8778457642, -49.9919319153, 180.069564819], [-184.58984375, 238.511184692, 723.930908203, 268.573944092, 157.13482666, 19.1974964142, 38.7071304321, 40.1297111511, 83.8537826538, 1.5843924284, -48.8135375977, 18.822763443, 38.2460975647], [211.362121582, 287.398651123, 268.573944092, 370.795959473, 169.266220093, 25.7246742249, 103.406326294, 23.5607566833, 82.6675415039, 2.98127794266, -9.98701190948, 2.14074397087, 90.7633743286], [-44.7737731934, 275.739776611, 157.13482666, 169.266220093, 284.937805176, 59.2670440674, 131.545150757, 18.4022960663, 67.1870803833, 39.5507583618, 35.3731498718, -8.68675136566, 65.8781433105], [332.444091797, -80.6218795776, 19.1974964142, 25.7246742249, 59.2670440674, 188.466644287, 71.6440887451, 24.4699001312, -13.9083528519, 20.5806751251, 34.6318778992, 6.71989822388, -36.3870735168], [-120.101905823, 220.374267578, 38.7071304321, 103.406326294, 131.545150757, 71.6440887451, 254.90927124, 8.38891029358, 43.1883735657, 17.8764972687, 56.5729904175, 9.66628170013, 74.5519561768], [155.641891479, -25.4264698029, 40.1297111511, 23.5607566833, 18.4022960663, 24.4699001312, 8.38891029358, 145.12461853, 72.7145462036, 28.0162773132, 22.9235839844, 17.8401298523, 6.38950061798], [-148.138626099, 135.29548645, 83.8537826538, 82.6675415039, 67.1870803833, -13.9083528519, 43.1883735657, 72.7145462036, 171.580368042, 34.8959503174, 41.3888893127, 23.2041664124, 57.53698349], [48.4375076294, -48.8653106689, 1.5843924284, 2.98127794266, 39.5507583618, 20.5806751251, 17.8764972687, 28.0162773132, 34.8959503174, 108.048431396, 25.6360759735, 31.8561248779, 19.4659767151], [-121.795608521, 81.8778457642, -48.8135375977, -9.98701190948, 35.3731498718, 34.6318778992, 56.5729904175, 22.9235839844, 41.3888893127, 25.6360759735, 132.402236938, 35.0568695068, 21.1853237152], [-35.4030189514, -49.9919319153, 18.822763443, 2.14074397087, -8.68675136566, 6.71989822388, 9.66628170013, 17.8401298523, 23.2041664124, 31.8561248779, 35.0568695068, 114.756958008, 38.4009857178], [-281.832946777, 180.069564819, 38.2460975647, 90.7633743286, 65.8781433105, -36.3870735168, 74.5519561768, 6.38950061798, 57.53698349, 19.4659767151, 21.1853237152, 38.4009857178, 154.262374878]],
        "icov": [[0.000399521028157, -0.000229421057156, 0.000383603066439, -0.000700740842149, 0.000218547836994, -0.000721669872291, 0.000321440165862, -0.0006028219359, 0.000419791933382, -0.000439721188741, 0.000603730441071, -0.000321759929648, 0.000817066931631], [-0.000229421057156, 0.00279944366775, -0.000633170129731, -0.000225793541176, -0.00156628270634, 0.00227795983665, -0.00125372200273, 0.00109392299782, -0.000862363202032, 0.00205223378725, -0.00236586946994, 0.00183667079546, -0.0016999108484], [0.000383603066439, -0.000633170129731, 0.00256989919581, -0.00184635410551, -0.000338720536092, -0.00097066879971, 0.00073877396062, -0.000877656566445, -4.78409820062e-05, -0.000336295604939, 0.00194188591558, -0.00148021266796, 0.00164619321004], [-0.000700740842149, -0.000225793541176, -0.00184635410551, 0.00667269807309, -0.00167418748606, 0.000123348916532, -0.000794560473878, 0.000958957476541, -0.00170705770142, 0.0013673560461, 0.000544990703929, 0.000494323845487, -0.00313032208942], [0.000218547836994, -0.00156628270634, -0.000338720536092, -0.00167418748606, 0.00768824853003, -0.00260970415547, -0.000898413476534, -0.000138128743856, -9.52189657255e-05, -0.00326294242404, 0.000320068647852, 0.00114591047168, -4.42906930402e-05], [-0.000721669872291, 0.00227795983665, -0.00097066879971, 0.000123348916532, -0.00260970415547, 0.01086026337, -0.00378615711816, -9.4176735729e-05, 0.00100028968882, 0.00103573373053, -0.00385137274861, 0.000584749737754, 0.00157998595387], [0.000321440165862, -0.00125372200273, 0.00073877396062, -0.000794560473878, -0.000898413476534, -0.00378615711816, 0.0074634840712, -0.000243607413722, 0.000342800805811, -0.000472554704174, -0.000303571025142, -0.000255555874901, -0.00173412950244], [-0.0006028219359, 0.00109392299782, -0.000877656566445, 0.000958957476541, -0.000138128743856, -9.4176735729e-05, -0.000243607413722, 0.0106678036973, -0.00522534642369, 0.00015686241386, -0.00155725912191, 0.000603717926424, -0.00101950590033], [0.000419791933382, -0.000862363202032, -4.78409820062e-05, -0.00170705770142, -9.52189657255e-05, 0.00100028968882, 0.000342800805811, -0.00522534642369, 0.010992477648, -0.00237839249894, -0.00149782258086, -0.000473546562716, -0.000359088066034], [-0.000439721188741, 0.00205223378725, -0.000336295604939, 0.0013673560461, -0.00326294242404, 0.00103573373053, -0.000472554704174, 0.00015686241386, -0.00237839249894, 0.0134485810995, -0.00205538561568, -0.00137735751923, -0.00224522314966], [0.000603730441071, -0.00236586946994, 0.00194188591558, 0.000544990703929, 0.000320068647852, -0.00385137274861, -0.000303571025142, -0.00155725912191, -0.00149782258086, -0.00205538561568, 0.0133701190352, -0.00465987343341, 0.00237048976123], [-0.000321759929648, 0.00183667079546, -0.00148021266796, 0.000494323845487, 0.00114591047168, 0.000584749737754, -0.000255555874901, 0.000603717926424, -0.000473546562716, -0.00137735751923, -0.00465987343341, 0.0132782580331, -0.00522358622402], [0.000817066931631, -0.0016999108484, 0.00164619321004, -0.00313032208942, -4.42906930402e-05, 0.00157998595387, -0.00173412950244, -0.00101950590033, -0.000359088066034, -0.00224522314966, 0.00237048976123, -0.00522358622402, 0.0140570895746]]
    },
    "melbands": {
        "dmean": [0.00726040452719, 0.00778062082827, 0.00346576538868, 0.000949583481997, 0.000277306186035, 0.000141608194099, 0.000153469634824, 0.000115126247692, 0.000129920212203, 8.57873237692e-05, 8.15471139504e-05, 6.0089139879e-05, 3.70226589439e-05, 2.08059500437e-05, 2.2471513148e-05, 2.12410868698e-05, 3.27606758219e-05, 2.42511068791e-05, 2.26095671678e-05, 1.19209262266e-05, 9.47274020291e-06, 1.10229457277e-05, 8.89730836207e-06, 9.86494615063e-06, 9.31640897761e-06, 8.25437928142e-06, 5.16579939358e-06, 2.02323894882e-06, 8.36013271055e-07, 8.98202472399e-07, 1.25339079204e-06, 6.24820643225e-07, 5.76784941586e-07, 6.30044667105e-07, 5.87231625104e-07, 6.66608002575e-07, 9.35422747261e-07, 6.63880541651e-07, 5.18538115557e-07, 4.73839435244e-07],
        "dmean2": [0.0118180010468, 0.0123282568529, 0.00643880385906, 0.00178061274346, 0.000472600397188, 0.000235918807448, 0.000255317107076, 0.000188774181879, 0.000214936866541, 0.000140212621773, 0.000132982167997, 9.26004067878e-05, 5.67476126889e-05, 3.27451780322e-05, 3.59804580512e-05, 3.47846689692e-05, 5.06603028043e-05, 3.81927093258e-05, 3.54813309968e-05, 1.90570426639e-05, 1.48891276694e-05, 1.78475365828e-05, 1.4301261217e-05, 1.52687734953e-05, 1.45824124047e-05, 1.21457942441e-05, 7.78215326136e-06, 3.09473625748e-06, 1.42079102261e-06, 1.47754076352e-06, 2.18977766053e-06, 1.00118029422e-06, 8.68830056788e-07, 9.47944442942e-07, 8.79512413121e-07, 1.03822640085e-06, 1.54943336383e-06, 1.05688013718e-06, 8.2414857161e-07, 7.41542010019e-07],
        "dvar": [8.67951894179e-05, 0.000182035815669, 6.22224688414e-05, 4.20415062763e-06, 1.43911009332e-07, 6.91952877219e-08, 8.39242275674e-08, 4.91051572737e-08, 9.03376999872e-08, 4.1938882589e-08, 1.98311944644e-08, 1.07750866007e-08, 6.10656192279e-09, 1.33709543437e-09, 2.40074449209e-09, 2.37418951166e-09, 3.40510908359e-09, 1.91631865931e-09, 1.4891250455e-09, 3.75571101996e-10, 2.16869383562e-10, 2.27510787987e-10, 1.3699059942e-10, 1.65616770298e-10, 1.74900607885e-10, 1.17046081161e-10, 6.02225491697e-11, 1.17464718508e-11, 2.77480187265e-12, 3.57468980632e-12, 1.77399622769e-11, 2.30973638653e-12, 8.29329389451e-13, 8.9274957869e-13, 7.68596666346e-13, 9.82112394882e-13, 3.57164059613e-12, 7.33465425982e-13, 4.71664103174e-13, 5.59288075921e-13],
        "dvar2": [0.000199569782126, 0.000420523865614, 0.000172120780917, 1.19639016702e-05, 3.8484728293e-07, 1.76818616637e-07, 2.22990578891e-07, 1.18591025e-07, 2.38432789956e-07, 1.09176220064e-07, 4.94324794431e-08, 2.34768204876e-08, 1.29943771299e-08, 3.07306113889e-09, 5.79630921038e-09, 6.35850394559e-09, 7.73707586887e-09, 4.86356732665e-09, 3.76632014465e-09, 9.12408648635e-10, 4.88748985727e-10, 5.77799308399e-10, 3.35793420847e-10, 3.79560494146e-10, 3.93278770661e-10, 2.47491221961e-10, 1.36031255704e-10, 2.57326486508e-11, 7.65190428381e-12, 9.1901711935e-12, 5.01238113515e-11, 6.00977731122e-12, 1.70391099234e-12, 2.16289659793e-12, 1.81557026357e-12, 2.38130999294e-12, 9.80604920181e-12, 1.76708420032e-12, 1.08968335657e-12, 1.30822447059e-12],
        "max": [0.0484729483724, 0.0671549886465, 0.037845607847, 0.0113410893828, 0.00296014547348, 0.00489964010194, 0.00488565210253, 0.00259585888125, 0.00297355582006, 0.00318624684587, 0.00187488575466, 0.00141332962085, 0.00175842212047, 0.000466414378025, 0.000708129256964, 0.000853726116475, 0.000715132337064, 0.000484940857859, 0.000366055610357, 0.000175699184183, 0.000166990881553, 0.000157364891493, 0.000122728597489, 0.000142562537803, 0.00012696920021, 0.00011934912618, 8.22782967589e-05, 3.78714357794e-05, 1.49713150677e-05, 1.72218606167e-05, 3.38991812896e-05, 1.40532802106e-05, 1.13318519652e-05, 9.85996393865e-06, 9.46263844526e-06, 1.15420361908e-05, 1.39393951031e-05, 6.95108565196e-06, 5.73669922233e-06, 8.76572812558e-06],
        "mean": [0.0097893057391, 0.0082646952942, 0.00220652064309, 0.000775668944698, 0.000394354778109, 0.000252401106991, 0.000276979175396, 0.000172750616912, 0.000160456140293, 0.000104061764432, 0.000122633427964, 8.5616375145e-05, 4.70186423627e-05, 2.82593355223e-05, 2.95514437312e-05, 2.65744583885e-05, 4.82514988107e-05, 3.3493830415e-05, 2.85028963845e-05, 1.79137878149e-05, 1.58499478857e-05, 1.96099208551e-05, 1.43820470839e-05, 1.72869295056e-05, 1.5040699509e-05, 1.35832806336e-05, 7.73581177782e-06, 3.00945089293e-06, 1.16646378956e-06, 1.31092531319e-06, 1.02158571735e-06, 6.95693131547e-07, 8.36206822896e-07, 9.32346210902e-07, 8.85118936367e-07, 9.36523406381e-07, 1.10681014576e-06, 9.80575691756e-07, 6.5226396373e-07, 5.97870950969e-07],
        "median": [0.002647097921, 0.00164016603958, 0.000222286878852, 0.000277418468613, 0.000272223376669, 0.000167849808349, 0.000162035634276, 6.66802807245e-05, 4.21501827077e-05, 3.90560526284e-05, 6.13401207374e-05, 3.94002781832e-05, 1.62740197993e-05, 1.05315075416e-05, 1.13690821308e-05, 1.01838522824e-05, 1.20022505143e-05, 1.034381512e-05, 8.82004133018e-06, 8.70845542522e-06, 9.01693874766e-06, 1.41534674185e-05, 8.72244163475e-06, 1.0489291526e-05, 7.20181287761e-06, 6.57299369777e-06, 3.18270622301e-06, 1.12806060315e-06, 6.60598971081e-07, 4.3704193331e-07, 2.26838466233e-07, 2.29951893971e-07, 3.73369459794e-07, 3.97149108267e-07, 3.88128597706e-07, 4.13002965161e-07, 5.27759198121e-07, 6.02381646786e-07, 3.35374920724e-07, 2.15664499592e-07],
        "min": [3.30764455067e-23, 3.45622934207e-23, 1.48709242094e-23, 5.97024842542e-24, 1.23084831082e-23, 1.36033304421e-23, 2.04940272937e-23, 1.40791034981e-23, 9.90938512374e-24, 1.0768247968e-23, 2.45766380692e-23, 8.00593554578e-24, 1.20724306818e-23, 9.19700270556e-24, 5.4349424035e-24, 5.98933964819e-24, 2.3611393782e-24, 7.96937973143e-24, 8.82484100744e-24, 1.18860378383e-23, 1.47389651349e-23, 9.84475059433e-24, 8.44898901801e-24, 1.29855111472e-23, 8.08940570703e-24, 1.60456406492e-23, 1.32361551337e-23, 1.4443206982e-23, 1.05101524013e-23, 8.51983503818e-24, 1.11297300671e-23, 8.66169747249e-24, 1.08677178061e-23, 1.03175472781e-23, 6.57594963352e-24, 1.0579277127e-23, 1.28785076874e-23, 1.10579571354e-23, 7.84676865866e-24, 9.27685593955e-24],
        "stdev": [0.0119813662022, 0.0138813508675, 0.00617530569434, 0.00158620567527, 0.000401521916501, 0.000305613037199, 0.000346915912814, 0.000277191313216, 0.000332749914378, 0.00021122340695, 0.000172872489202, 0.000141246942803, 9.53497874434e-05, 4.71479870612e-05, 5.66350499867e-05, 4.75151864521e-05, 8.35921018734e-05, 5.18671149621e-05, 4.62621537736e-05, 2.45521714533e-05, 2.0838861019e-05, 1.91425460798e-05, 1.54080153152e-05, 1.80861588888e-05, 1.88199373952e-05, 1.67820544448e-05, 1.06299521576e-05, 4.5627361942e-06, 1.651735829e-06, 2.09247900784e-06, 3.39538064509e-06, 1.47732725964e-06, 1.19146682209e-06, 1.28663259602e-06, 1.27960583995e-06, 1.34063270707e-06, 1.80745962552e-06, 1.13576345484e-06, 8.48362446959e-07, 9.64555283645e-07],
        "var": [0.000143553144881, 0.000192691892153, 3.81343998015e-05, 2.5160484256e-06, 1.61219844586e-07, 9.33993362651e-08, 1.20350648558e-07, 7.68350219005e-08, 1.10722496061e-07, 4.4615330097e-08, 2.98848981117e-08, 1.99506988707e-08, 9.09158259788e-09, 2.22293272678e-09, 3.20752890914e-09, 2.2576929215e-09, 6.98763935603e-09, 2.69019762023e-09, 2.14018691658e-09, 6.0280908043e-10, 4.342581017e-10, 3.66437075128e-10, 2.3740692745e-10, 3.27109173082e-10, 3.5419003841e-10, 2.81637352328e-10, 1.12995890422e-10, 2.0818562152e-11, 2.72823126937e-12, 4.3784685079e-12, 1.15286096641e-11, 2.18249572061e-12, 1.41959317565e-12, 1.65542351962e-12, 1.63739106909e-12, 1.79729614438e-12, 3.26691039672e-12, 1.28995859133e-12, 7.19718826637e-13, 9.30366894636e-13]
    },
    "melbands128": {
