{
"lowlevel": {
    "average_loudness": 0.978622317314,
    "barkbands_crest": {
        "dmean": 2.70009207726,
        "dmean2": 4.11261463165,
        "dvar": 7.47146558762,
        "dvar2": 14.7419891357,
        "max": 23.4304141998,
        "mean": 11.7714920044,
        "median": 10.5974206924,
        "min": 2.54670977592,
        "stdev": 5.11676883698,
        "var": 26.1813220978
    },
    "barkbands_flatness_db": {
        "dmean": 0.0243667382747,
        "dmean2": 0.0309138577431,
        "dvar": 0.00049594900338,
        "dvar2": 0.000882820400875,
        "max": 0.37468880415,
        "mean": 0.137740522623,
        "median": 0.124519199133,
        "min": 0.0305170509964,
        "stdev": 0.0637179613113,
        "var": 0.00405997876078
    },
    "barkbands_kurtosis": {
        "dmean": 2.33188271523,
        "dmean2": 3.22283864021,
        "dvar": 19.3432312012,
        "dvar2": 36.3522911072,
        "max": 64.0697097778,
        "mean": 3.24679660797,
        "median": 0.785619258881,
        "min": -1.87000787258,
        "stdev": 7.67839097977,
        "var": 58.9576911926
    },
    "barkbands_skewness": {
        "dmean": 0.541847765446,
        "dmean2": 0.732107400894,
        "dvar": 0.334294140339,
        "dvar2": 0.593336641788,
        "max": 7.67990064621,
        "mean": 1.25629425049,
        "median": 0.984828770161,
        "min": -2.05172014236,
        "stdev": 1.37223315239,
        "var": 1.88302397728
    },
    "barkbands_spread": {
        "dmean": 6.51833629608,
        "dmean2": 9.3723154068,
        "dvar": 71.0576171875,
        "dvar2": 138.131149292,
        "max": 107.972503662,
        "mean": 27.9771175385,
        "median": 26.3726558685,
        "min": 2.91230010986,
        "stdev": 14.4245538712,
        "var": 208.067749023
    },
    "dissonance": {
        "dmean": 0.0247968398035,
        "dmean2": 0.0417376607656,
        "dvar": 0.000833303958643,
        "dvar2": 0.00225737434812,
        "max": 0.499845802784,
        "mean": 0.461666107178,
        "median": 0.469521820545,
        "min": 0.0391361303627,
        "stdev": 0.0321710221469,
        "var": 0.00103497458622
    },
    "dynamic_complexity": 1.64153456688,
    "erbbands_crest": {
        "dmean": 3.04299283028,
        "dmean2": 4.75300168991,
        "dvar": 8.15755176544,
        "dvar2": 19.6692905426,
        "max": 30.4544429779,
        "mean": 11.8833122253,
        "median": 10.7176332474,
        "min": 2.59922361374,
        "stdev": 6.06405448914,
        "var": 36.7727584839
    },
    "erbbands_flatness_db": {
        "dmean": 0.018904035911,
        "dmean2": 0.0274734646082,
        "dvar": 0.000358908757335,
        "dvar2": 0.0006977225421,
        "max": 0.34003931284,
        "mean": 0.155048549175,
        "median": 0.147737070918,
        "min": 0.0552144758403,
        "stdev": 0.0537985637784,
        "var": 0.00289428560063
    },
    "erbbands_kurtosis": {
        "dmean": 1.25169503689,
        "dmean2": 1.93351483345,
        "dvar": 2.30132246017,
        "dvar2": 5.22555208206,
        "max": 17.4756507874,
        "mean": 2.13980984688,
        "median": 1.28819847107,
        "min": -1.52196645737,
        "stdev": 2.90995240211,
        "var": 8.46782302856
    },
    "erbbands_skewness": {
        "dmean": 0.348182320595,
        "dmean2": 0.517221271992,
        "dvar": 0.104458115995,
        "dvar2": 0.217302277684,
        "max": 3.35187149048,
        "mean": 0.439188271761,
        "median": 0.326853483915,
        "min": -1.90007317066,
        "stdev": 0.806514501572,
        "var": 0.650465607643
    },
    "erbbands_spread": {
        "dmean": 7.59226417542,
        "dmean2": 11.5019226074,
        "dvar": 74.3855056763,
        "dvar2": 151.851577759,
        "max": 109.921592712,
        "mean": 30.1748504639,
        "median": 25.5073890686,
        "min": 4.27865362167,
        "stdev": 17.6420135498,
        "var": 311.240661621
    },
    "hfc": {
        "dmean": 11.1116390228,
        "dmean2": 15.5821828842,
        "dvar": 210.369949341,
        "dvar2": 408.383178711,
        "max": 143.600585938,
        "mean": 35.502532959,
        "median": 32.3180847168,
        "min": 1.19893781445e-16,
        "stdev": 21.8396663666,
        "var": 476.971008301
    },
    "loudness_ebu128": {
        "integrated": -7.59866571426,
        "loudness_range": 1.64054441452,
        "momentary": {
            "dmean": 0.420087039471,
            "dmean2": 0.596271038055,
            "dvar": 0.137067079544,
            "dvar2": 0.238369628787,
            "max": -5.59553003311,
            "mean": -7.72781515121,
            "median": -7.52928256989,
            "min": -14.1176576614,
            "stdev": 1.13626813889,
            "var": 1.2911053896
        },
        "short_term": {
            "dmean": 0.0556641034782,
            "dmean2": 0.0610861778259,
            "dvar": 0.001797178993,
            "dvar2": 0.00203836662695,
            "max": -6.84551906586,
            "mean": -7.58882761002,
            "median": -7.4670009613,
            "min": -9.28299713135,
            "stdev": 0.552609443665,
            "var": 0.305377215147
        }
    },
    "melbands_crest": {
        "dmean": 3.72991466522,
        "dmean2": 5.13454723358,
        "dvar": 15.414390564,
        "dvar2": 23.9578208923,
        "max": 37.4392318726,
        "mean": 18.8365268707,
        "median": 16.1494560242,
        "min": 1.67070519924,
        "stdev": 9.29758071899,
        "var": 86.4450073242
    },
    "melbands_flatness_db": {
        "dmean": 0.0287422612309,
        "dmean2": 0.0358457453549,
        "dvar": 0.000702188292053,
        "dvar2": 0.00127959286328,
        "max": 0.420092225075,
        "mean": 0.201246008277,
        "median": 0.18799225986,
        "min": 0.00476476363838,
        "stdev": 0.0697813555598,
        "var": 0.00486943731084
    },
    "melbands_kurtosis": {
        "dmean": 6.97316360474,
        "dmean2": 9.7975435257,
        "dvar": 195.336029053,
        "dvar2": 408.57043457,
        "max": 203.386947632,
        "mean": 12.1510896683,
        "median": 3.9788942337,
        "min": -1.45375669003,
        "stdev": 23.937833786,
        "var": 573.019897461
    },
    "melbands_skewness": {
        "dmean": 0.79670804739,
        "dmean2": 1.07647264004,
        "dvar": 0.83270573616,
        "dvar2": 1.54326665401,
        "max": 13.3245563507,
        "mean": 2.37157678604,
        "median": 1.82100129128,
        "min": -1.20762109756,
        "stdev": 2.18361997604,
        "var": 4.76819610596
    },
    "melbands_spread": {
        "dmean": 7.67264223099,
        "dmean2": 10.9019651413,
        "dvar": 87.528793335,
        "dvar2": 166.753158569,
        "max": 130.3699646,
        "mean": 30.5380897522,
        "median": 28.1181716919,
        "min": 1.83283543587,
        "stdev": 17.9114322662,
        "var": 320.81942749
    },
    "pitch_salience": {
        "dmean": 0.0795688256621,
        "dmean2": 0.118841379881,
        "dvar": 0.00626527704298,
        "dvar2": 0.014016289264,
        "max": 0.933217704296,
        "mean": 0.456414103508,
        "median": 0.469223439693,
        "min": 0.0540985167027,
        "stdev": 0.146928682923,
        "var": 0.0215880367905
    },
    "silence_rate_20dB": {
        "dmean": 0,
        "dmean2": 0,
        "dvar": 0,
        "dvar2": 0,
        "max": 1,
        "mean": 1,
        "median": 1,
        "min": 1,
        "stdev": 0,
        "var": 0
    },
    "silence_rate_30dB": {
        "dmean": 0.0758513957262,
        "dmean2": 0.151820287108,
        "dvar": 0.0700973942876,
        "dvar2": 0.128771215677,
        "max": 1,
        "mean": 0.879350364208,
        "median": 1,
        "min": 0,
        "stdev": 0.325719952583,
        "var": 0.106093496084
    },
    "silence_rate_60dB": {
        "dmean": 0.00386996893212,
        "dmean2": 0.00774593325332,
        "dvar": 0.00385483237915,
        "dvar2": 0.00923518184572,
        "max": 1,
        "mean": 0.00850734766573,
        "median": 0,
        "min": 0,
        "stdev": 0.0918425470591,
        "var": 0.00843505375087
    },
    "spectral_centroid": {
        "dmean": 227.15663147,
        "dmean2": 329.197052002,
        "dvar": 133748.84375,
        "dvar2": 186685.46875,
        "max": 10834.2783203,
        "mean": 1698.63415527,
        "median": 1614.0534668,
        "min": 624.592834473,
        "stdev": 620.24798584,
        "var": 384707.59375
    },
    "spectral_complexity": {
        "dmean": 4.98529434204,
        "dmean2": 7.08520507812,
        "dvar": 34.322517395,
        "dvar2": 58.8881568909,
        "max": 53,
        "mean": 20.8136119843,
        "median": 19,
        "min": 0,
        "stdev": 10.0008468628,
        "var": 100.016929626
    },
    "spectral_decrease": {
        "dmean": 3.38616734652e-09,
        "dmean2": 4.35442748525e-09,
        "dvar": 1.53654026563e-17,
        "dvar2": 2.68994569165e-17,
        "max": 5.78964212641e-29,
        "mean": -1.23588375089e-08,
        "median": -9.7554302414e-09,
        "min": -3.66438044352e-08,
        "stdev": 8.59641069439e-09,
        "var": 7.38982843699e-17
    },
    "spectral_energy": {
        "dmean": 0.0132833411917,
        "dmean2": 0.0171828120947,
        "dvar": 0.000234577833908,
        "dvar2": 0.000416382797994,
        "max": 0.146392762661,
        "mean": 0.0498652607203,
        "median": 0.0399245284498,
        "min": 1.0656209979e-20,
        "stdev": 0.0332600362599,
        "var": 0.0011062300764
    },
    "spectral_energyband_high": {
        "dmean": 0.000666354142595,
        "dmean2": 0.000923176878132,
        "dvar": 9.45039857925e-07,
        "dvar2": 1.848190891e-06,
        "max": 0.0105201341212,
        "mean": 0.00145618920214,
        "median": 0.000901243649423,
        "min": 8.09957242015e-21,
        "stdev": 0.00149459403474,
        "var": 2.23381130127e-06
    },
    "spectral_energyband_low": {
        "dmean": 0.00995276030153,
        "dmean2": 0.0120591986924,
        "dvar": 0.0001600573014,
        "dvar2": 0.000194798732991,
        "max": 0.123606882989,
        "mean": 0.0279760546982,
        "median": 0.0139667009935,
        "min": 4.92088056352e-23,
        "stdev": 0.0305050127208,
        "var": 0.000930555746891
    },
    "spectral_energyband_middle_high": {
        "dmean": 0.00430068420246,
        "dmean2": 0.00620381906629,
        "dvar": 3.68492801499e-05,
        "dvar2": 7.73425199441e-05,
        "max": 0.0598751977086,
        "mean": 0.0127888703719,
        "median": 0.0119381435215,
        "min": 1.35897656317e-21,
        "stdev": 0.00967566203326,
        "var": 9.36184369493e-05
    },
    "spectral_energyband_middle_low": {
        "dmean": 0.00474509736523,
        "dmean2": 0.00754531472921,
        "dvar": 0.000101669436845,
        "dvar2": 0.000253015459748,
        "max": 0.123200647533,
        "mean": 0.0084115229547,
        "median": 0.0048475661315,
        "min": 2.7864435195e-22,
        "stdev": 0.0107263047248,
        "var": 0.000115053619083
    },
    "spectral_entropy": {
        "dmean": 0.168299734592,
        "dmean2": 0.233051806688,
        "dvar": 0.0292233023793,
        "dvar2": 0.0512294508517,
        "max": 9.80102920532,
        "mean": 7.70032310486,
        "median": 7.75162792206,
        "min": 5.75787210464,
        "stdev": 0.47311142087,
        "var": 0.223834425211
    },
    "spectral_flux": {
        "dmean": 0.0363695211709,
        "dmean2": 0.0504926741123,
        "dvar": 0.00145943555981,
        "dvar2": 0.00255623040721,
        "max": 0.349877864122,
        "mean": 0.105853877962,
        "median": 0.0898519977927,
        "min": 1.03228918469e-10,
        "stdev": 0.0617011450231,
        "var": 0.00380703108385
    },
    "spectral_kurtosis": {
        "dmean": 1.02882254124,
        "dmean2": 1.62240803242,
        "dvar": 1.20129597187,
        "dvar2": 3.29116511345,
        "max": 15.245218277,
        "mean": 3.80160069466,
        "median": 3.5797700882,
        "min": -1.17985439301,
        "stdev": 2.00394105911,
        "var": 4.01577997208
    },
    "spectral_rms": {
        "dmean": 0.000940171186812,
        "dmean2": 0.00123757310212,
        "dvar": 1.05155720576e-06,
        "dvar2": 1.92453535419e-06,
        "max": 0.0119508244097,
        "mean": 0.00658814003691,
        "median": 0.00624105427414,
        "min": 3.22432965744e-12,
        "stdev": 0.00229027378373,
        "var": 5.24535380464e-06
    },
    "spectral_rolloff": {
        "dmean": 557.948486328,
        "dmean2": 888.350097656,
        "dvar": 1590079.125,
        "dvar2": 3216365.75,
        "max": 18518.5546875,
        "mean": 1624.28283691,
        "median": 1313.52539062,
        "min": 43.06640625,
        "stdev": 1652.5300293,
        "var": 2730855.5
    },
    "spectral_skewness": {
        "dmean": 0.171187460423,
        "dmean2": 0.26054161787,
        "dvar": 0.0277008023113,
        "dvar2": 0.0591975711286,
        "max": 2.77672767639,
        "mean": 1.58796977997,
        "median": 1.58544313908,
        "min": 0.00839033350348,
        "stdev": 0.341146171093,
        "var": 0.116380706429
    },
    "spectral_spread": {
        "dmean": 660226.1875,
        "dmean2": 913414.8125,
        "dvar": 1.05848071782e+12,
        "dvar2": 1.26516396032e+12,
        "max": 40344676,
        "mean": 5645964,
        "median": 5336069.5,
        "min": 2734596.5,
        "stdev": 1981971.75,
        "var": 3.92821211136e+12
    },
    "spectral_strongpeak": {
        "dmean": 0.793030083179,
        "dmean2": 1.31435978413,
        "dvar": 1.73228013515,
        "dvar2": 3.72380566597,
        "max": 11.3221797943,
        "mean": 1.45836770535,
        "median": 0.459332615137,
        "min": 0,
        "stdev": 1.89311611652,
        "var": 3.58388876915
    },
    "zerocrossingrate": {
        "dmean": 0.0126578975469,
        "dmean2": 0.0139948744327,
        "dvar": 0.000392423360609,
        "dvar2": 0.00046253259643,
        "max": 0.5146484375,
        "mean": 0.0665338933468,
        "median": 0.06298828125,
        "min": 0.00439453125,
        "stdev": 0.0388311818242,
        "var": 0.0015078606084
    },
    "barkbands": {
        "dmean": [0.00145089998841, 0.00896256882697, 0.00192863703705, 0.000876030593645, 0.00148421688937, 0.000858870800585, 0.000981475226581, 0.000645957246888, 0.00091065390734, 0.00122392422054, 0.00120323966257, 0.00102983368561, 0.000953959883191, 0.000797366956249, 0.000890947005246, 0.000586966809351, 0.000384971615858, 0.000199053625693, 0.000227088254178, 0.000143133496749, 0.000173608103069, 8.9765402663e-05, 0.000119858748803, 0.000133029039716, 0.00014765348169, 7.27536680643e-05, 4.2751894398e-06],
        "dmean2": [0.00164686550852, 0.01178430859, 0.00308084930293, 0.00147910555825, 0.00256345281377, 0.00144438981079, 0.00157714739908, 0.00104221783113, 0.00136382179335, 0.00179179944098, 0.00184122659266, 0.00158352870494, 0.0014119973639, 0.00122949981596, 0.00141671637539, 0.000929705216549, 0.000601106497925, 0.000313582335366, 0.0003514130658, 0.000218989545829, 0.00026688008802, 0.000134193527629, 0.000176492860192, 0.000194765336346, 0.000206272117794, 0.000105222650745, 6.41569386062e-06],
        "dvar": [4.79403297504e-06, 0.000185152530321, 1.50052937897e-05, 3.63314120477e-06, 4.67731260869e-05, 4.38459119323e-06, 6.07378888162e-06, 4.08803725804e-06, 5.78980052524e-06, 5.40979817742e-06, 5.84678855375e-06, 4.15103386331e-06, 3.17843819175e-06, 4.00949875257e-06, 4.98127883475e-06, 2.44184752773e-06, 7.50409128614e-07, 9.2906560667e-08, 1.07339367617e-07, 6.16783708551e-08, 1.02462301754e-07, 2.19741185248e-08, 4.23298089913e-08, 5.14189331113e-08, 6.60011991727e-08, 1.82613835165e-08, 6.56339635419e-11],
        "dvar2": [4.89369085699e-06, 0.000275426340522, 3.8169499021e-05, 9.48686192714e-06, 0.000121307552035, 1.18580419439e-05, 1.48361823449e-05, 9.95410664473e-06, 1.18428533824e-05, 1.21459470392e-05, 1.31985307235e-05, 9.65643084783e-06, 7.28026680008e-06, 9.29907855607e-06, 1.24969019453e-05, 5.48468733541e-06, 1.871139375e-06, 2.05563111422e-07, 2.33141477679e-07, 1.25038440046e-07, 2.40193003265e-07, 4.52721415911e-08, 8.96994620803e-08, 1.09263893933e-07, 1.21423454402e-07, 3.74616249132e-08, 1.49452339393e-10],
        "max": [0.019215432927, 0.115848451853, 0.0731899291277, 0.0170686859637, 0.10168159008, 0.0389881134033, 0.0355654992163, 0.0396334901452, 0.0489877909422, 0.0264900550246, 0.0350368991494, 0.0228525064886, 0.0249972604215, 0.0280177891254, 0.0430318713188, 0.023708190769, 0.0113976430148, 0.00396508630365, 0.00462824478745, 0.00382621516474, 0.00477506546304, 0.00228147231974, 0.00258451211266, 0.00261382921599, 0.00471571739763, 0.00203289045021, 7.9663899669e-05],
        "mean": [0.0032425657846, 0.0215209014714, 0.00271251169033, 0.000957073876634, 0.00142710329965, 0.00119562784676, 0.0015295217745, 0.000956799834967, 0.0017502522096, 0.00240192445926, 0.0023074906785, 0.00192497007083, 0.00159534427803, 0.00115331541747, 0.00133053224999, 0.000747364654671, 0.000682712416165, 0.000354220508598, 0.00046820458374, 0.000269257114269, 0.000343888736097, 0.000154174442287, 0.000192528677871, 0.000247732794378, 0.000281621818431, 0.000112743407954, 4.91207947562e-06],
        "median": [0.000498670851812, 0.00781312864274, 0.000788118515629, 0.000206351673114, 0.000412005814724, 0.000476449262351, 0.000629556481726, 0.000266944698524, 0.000260625878582, 0.000505433476064, 0.000506383948959, 0.000437880691607, 0.00049937365111, 0.000320058723446, 0.000460519979242, 0.000189432015759, 0.000231954749324, 0.000190915787243, 0.000260065076873, 0.000138222865644, 0.000150937732542, 8.23210866656e-05, 9.61901969276e-05, 0.000131248903926, 0.000170906118001, 4.70643899462e-05, 1.31057868202e-06],
        "min": [5.83725704754e-23, 9.34068030881e-24, 1.75115082942e-23, 4.93686667199e-24, 6.4197828633e-23, 3.65070375005e-23, 2.19943650048e-23, 6.80837258977e-23, 5.70171559789e-23, 6.24536193063e-23, 4.37797449786e-23, 1.18569063094e-22, 1.14305566513e-22, 1.01567160523e-22, 1.56008275438e-22, 5.98986755391e-23, 7.9841533607e-23, 2.9958167963e-22, 1.88792337539e-22, 3.38812527618e-22, 3.99025863995e-22, 5.09332170776e-22, 6.21177147597e-22, 8.84936337977e-22, 1.14126660433e-21, 1.95296050154e-21, 2.58626459957e-21],
        "stdev": [0.00488837808371, 0.0271802451462, 0.00568985799327, 0.00201676087454, 0.00584475090727, 0.00217335345224, 0.00276916287839, 0.00255559477955, 0.00419415580109, 0.00417981110513, 0.00417710701004, 0.00333060603589, 0.00284205540083, 0.00250412756577, 0.00258895591833, 0.00188308872748, 0.00127102981787, 0.000472587329568, 0.000555707956664, 0.000393658876419, 0.000522335467394, 0.000193836473045, 0.000259761320194, 0.000321422412526, 0.000396569957957, 0.000188699166756, 9.5943114502e-06],
        "var": [2.38962384174e-05, 0.00073876575334, 3.23744825437e-05, 4.06732488045e-06, 3.41611121257e-05, 4.72346482638e-06, 7.66826269682e-06, 6.53106508253e-06, 1.75909426616e-05, 1.74708202394e-05, 1.7448224753e-05, 1.10929358925e-05, 8.07727883512e-06, 6.27065537628e-06, 6.70269309921e-06, 3.54602298103e-06, 1.61551679412e-06, 2.23338787464e-07, 3.08811337391e-07, 1.54967310095e-07, 2.72834370207e-07, 3.75725797142e-08, 6.74759377262e-08, 1.03312373767e-07, 1.57267734835e-07, 3.56073748264e-08, 9.20508044788e-11]
    },
    "erbbands": {
        "dmean": [0.474254220724, 1.52362370491, 2.20680570602, 2.62938714027, 4.35266160965, 4.74640655518, 4.99298048019, 7.75161838531, 11.9287338257, 16.1362781525, 13.1838502884, 17.7281322479, 32.7130584717, 42.9768333435, 45.0608482361, 44.1425323486, 41.4677124023, 42.9062461853, 33.5276679993, 46.8026847839, 26.043800354, 19.6475658417, 9.5109205246, 10.7011642456, 11.1252727509, 7.56518268585, 8.03370952606, 5.26553535461, 3.23249530792, 3.65662264824, 3.46468472481, 2.78587007523, 2.31278634071, 1.76523268223, 1.04262042046, 0.421615988016, 0.118861280382, 0.0163253564388, 0.00045704463264, 2.35491334024e-05],
        "dmean2": [0.622544765472, 2.24695014954, 3.49865889549, 4.27126169205, 7.43940019608, 8.38407897949, 8.55208873749, 12.9935703278, 18.9726467133, 26.0880069733, 20.5463619232, 26.7781600952, 50.4504127502, 62.0081100464, 67.454574585, 67.3574905396, 60.4206695557, 63.8840713501, 52.8463821411, 70.6370849609, 41.2944068909, 30.3341007233, 14.7093925476, 16.6526832581, 16.996301651, 11.1010627747, 12.3851766586, 8.0831193924, 4.8138422966, 5.66169166565, 5.1599650383, 4.26001310349, 3.26951766014, 2.49363207817, 1.48184037209, 0.616223394871, 0.17039296031, 0.022804800421, 0.000647935958114, 3.13894233841e-05],
        "dvar": [0.626220583916, 6.49414539337, 18.6028270721, 26.6908168793, 405.356170654, 453.601165771, 194.975158691, 349.757080078, 759.156921387, 1868.73278809, 2079.08764648, 2357.54882812, 7429.19726562, 5472.41308594, 7383.64257812, 7851.92871094, 6505.32128906, 11056.3183594, 6603.6015625, 15085.2353516, 3891.63623047, 2248.74121094, 220.57019043, 322.325836182, 261.498413086, 198.870361328, 262.931335449, 74.2064361572, 29.4224338531, 44.7428398132, 34.7857017517, 21.1769008636, 17.5455875397, 9.46984481812, 3.50584626198, 0.734862208366, 0.0394122637808, 0.000805294432212, 6.59829197502e-07, 9.18518372472e-10],
        "dvar2": [0.823272049427, 13.4168977737, 45.61120224, 69.0551834106, 998.968017578, 1269.67407227, 552.891174316, 941.586853027, 1827.51757812, 4565.6484375, 4671.97265625, 5319.89257812, 17621.3828125, 11386.4316406, 16966.9550781, 17976.8808594, 14848.6474609, 23960.0800781, 15614.9462891, 35082.1523438, 8449.54882812, 5619.10498047, 461.258422852, 732.913452148, 596.07598877, 402.135925293, 676.656860352, 164.780090332, 64.6341400146, 101.883071899, 72.1224975586, 46.3913764954, 36.8031425476, 18.2332363129, 6.53096485138, 1.56946647167, 0.0765510872006, 0.00161903246772, 1.39419262268e-06, 1.71664849002e-09],
        "max": [5.92423248291, 20.6269435883, 66.5573425293, 51.8744316101, 335.982421875, 275.115203857, 233.272491455, 304.162658691, 465.490936279, 636.622619629, 1049.61828613, 1067.33508301, 1242.41882324, 1022.83007812, 1121.45458984, 1055.44006348, 1317.48254395, 1587.80212402, 1319.61608887, 2447.20336914, 958.444641113, 624.753356934, 217.908004761, 352.214080811, 227.27166748, 243.744903564, 268.118591309, 97.0855102539, 82.3563613892, 87.5354614258, 72.7233657837, 47.5769119263, 60.2501831055, 50.2008552551, 34.1873054504, 13.5289402008, 2.77179098129, 0.413892358541, 0.0122895818204, 0.00043550846749],
        "mean": [1.11254751682, 2.83287024498, 3.38610363007, 3.36745667458, 4.14350509644, 4.40898656845, 6.24887275696, 10.4864377975, 18.3209629059, 23.5661506653, 23.8937511444, 36.7380447388, 55.6603279114, 94.9962081909, 91.8192214966, 91.6720428467, 76.8621520996, 73.4806137085, 51.8291625977, 68.536605835, 40.2302818298, 36.383140564, 19.8837070465, 21.4896621704, 23.2529392242, 14.9038982391, 15.4066820145, 9.63182926178, 5.57467603683, 5.58898496628, 5.6620092392, 4.81897544861, 4.34736680984, 3.43956756592, 1.82955110073, 0.664028465748, 0.180385291576, 0.0236584004015, 0.000663493876345, 8.15495659481e-05],
        "median": [0.258139610291, 1.45197725296, 1.35243427753, 0.971447825432, 0.968187153339, 1.321387887, 2.24514269829, 4.45498657227, 7.74938440323, 9.28367805481, 6.85912561417, 6.26427936554, 19.3670349121, 31.6767044067, 38.7676773071, 31.1013507843, 30.4282836914, 25.4100608826, 23.3314762115, 18.6230735779, 14.2483634949, 11.6326379776, 10.3944282532, 10.8425331116, 12.5688419342, 7.45523500443, 6.44226694107, 4.8781747818, 3.04008722305, 2.62831377983, 2.8895816803, 2.41742515564, 2.25758337975, 2.03791618347, 1.0136193037, 0.3024751544, 0.0695532336831, 0.00862618908286, 0.000248379335972, 6.33239978924e-05],
        "min": [5.30367872566e-22, 2.10375859682e-21, 1.98022692716e-20, 1.37998493125e-20, 1.04524687702e-19, 1.53423883203e-19, 5.20500091727e-19, 1.84436176838e-19, 1.40958400619e-19, 8.42215085475e-19, 1.49890607066e-18, 8.71380284802e-19, 2.66039710445e-18, 1.35862978386e-18, 2.69910605519e-18, 5.11226652597e-18, 4.26663151395e-18, 6.58501404374e-18, 5.78930393118e-18, 6.53473262943e-18, 3.42866301865e-18, 5.55035709481e-18, 1.49579864261e-17, 1.33672213281e-17, 9.13807184921e-18, 1.75268735734e-17, 1.33091242977e-17, 1.63358195181e-17, 1.8102569773e-17, 1.98120212269e-17, 1.66600974793e-17, 1.86538260943e-17, 1.44563013846e-17, 1.11595292127e-17, 9.56693687267e-18, 7.45878601788e-18, 3.84562346553e-18, 1.77231387173e-18, 2.9736300331e-19, 3.47139753431e-20],
        "stdev": [1.59372532368, 3.54409742355, 6.20054483414, 6.03154563904, 18.0311641693, 16.8372535706, 12.8571519852, 19.3960342407, 33.4715995789, 46.4468421936, 65.4036712646, 84.6977767944, 117.461463928, 145.927993774, 140.035964966, 154.999755859, 133.496078491, 147.447357178, 95.2491226196, 159.517593384, 80.0784835815, 71.2336959839, 25.4818820953, 31.472410202, 26.6304702759, 22.7820587158, 25.1898803711, 12.8104124069, 6.89034891129, 7.88223981857, 7.54864454269, 6.15150117874, 6.02042913437, 4.63217020035, 2.85978150368, 1.15063381195, 0.28690892458, 0.0385865829885, 0.00107000698335, 5.48390562471e-05],
        "var": [2.53996038437, 12.56062603, 38.4467544556, 36.3795433044, 325.12286377, 283.493103027, 165.306350708, 376.20614624, 1120.34790039, 2157.30932617, 4277.64013672, 7173.71386719, 13797.1953125, 21294.9804688, 19610.0703125, 24024.9257812, 17821.2011719, 21740.7246094, 9072.39550781, 25445.8613281, 6412.56396484, 5074.23974609, 649.326293945, 990.512634277, 709.181945801, 519.022216797, 634.530090332, 164.106674194, 47.4769058228, 62.1297073364, 56.9820365906, 37.8409690857, 36.2455673218, 21.4570026398, 8.17835044861, 1.32395803928, 0.0823167338967, 0.00148892437574, 1.1449150179e-06, 3.00732194702e-09]
    },
    "gfcc": {
        "mean": [40.6879005432, 60.8828659058, -116.166160583, 26.763048172, -44.0226135254, 40.2325592041, -26.8003253937, 26.0194892883, -22.1995792389, 16.980014801, -6.88524198532, 8.3542804718, -7.57820034027],
        "cov": [[4173.76318359, 247.241409302, 211.445724487, -91.049697876, -476.736694336, -155.425872803, -440.826141357, -56.6222114563, -153.101593018, -54.2930183411, -346.860473633, 53.2504768372, 96.7624359131], [247.241409302, 967.118530273, 137.850189209, -50.3539466858, -117.615020752, -170.696670532, -79.4093856812, -126.293586731, -19.2810268402, -120.246070862, -102.667037964, -76.1314315796, 110.001426697], [211.445724487, 137.850189209, 527.34954834, -10.4457092285, -174.209640503, -56.8206253052, -150.25944519, -71.7995681763, -28.1183128357, -48.0902900696, -139.554336548, 8.49859809875, 7.28026342392], [-91.049697876, -50.3539466858, -10.4457092285, 293.419677734, 94.4951858521, -73.0131912231, 2.88500237465, -1.36693167686, 28.5708255768, 2.79011750221, 2.47603368759, 4.88009738922, 0.633506596088], [-476.736694336, -117.615020752, -174.209640503, 94.4951858521, 415.705841064, 167.786468506, 204.467636108, 58.6341781616, 69.2932281494, 63.3699035645, 107.017234802, -7.44682264328, -77.4863891602], [-155.425872803, -170.696670532, -56.8206253052, -73.0131912231, 167.786468506, 311.341125488, 174.225540161, 24.4815158844, 39.1444664001, 33.658744812, 76.4371948242, -1.33928716183, -57.9319267273], [-440.826141357, -79.4093856812, -150.25944519, 2.88500237465, 204.467636108, 174.225540161, 286.334716797, 75.12890625, 76.4121246338, 68.2766113281, 121.207130432, 16.4421672821, -29.4072666168], [-56.6222114563, -126.293586731, -71.7995681763, -1.36693167686, 58.6341781616, 24.4815158844, 75.12890625, 168.997177124, 78.4344100952, 66.6063461304, 58.9893226624, 37.445022583, 39.3269424438], [-153.101593018, -19.2810268402, -28.1183128357, 28.5708255768, 69.2932281494, 39.1444664001, 76.4121246338, 78.4344100952, 162.637542725, 68.1519317627, 52.7526359558, 36.7389717102, 37.4988594055], [-54.2930183411, -120.246070862, -48.0902900696, 2.79011750221, 63.3699035645, 33.658744812, 68.2766113281, 66.6063461304, 68.1519317627, 160.01991272, 73.293800354, 16.5501651764, 22.6403656006], [-346.860473633, -102.667037964, -139.554336548, 2.47603368759, 107.017234802, 76.4371948242, 121.207130432, 58.9893226624, 52.7526359558, 73.293800354, 176.126205444, 44.5671958923, -0.832145094872], [53.2504768372, -76.1314315796, 8.49859809875, 4.88009738922, -7.44682264328, -1.33928716183, 16.4421672821, 37.445022583, 36.7389717102, 16.5501651764, 44.5671958923, 100.747444153, 41.5827217102], [96.7624359131, 110.001426697, 7.28026342392, 0.633506596088, -77.4863891602, -57.9319267273, -29.4072666168, 39.3269424438, 37.4988594055, 22.6403656006, -0.832145094872, 41.5827217102, 160.448959351]],
        "icov": [[0.000453635700978, -0.000433337118011, 0.000440310395788, -0.000337219971698, 0.00049844395835, -0.000861686421558, 0.000805256713647, -0.000564441492315, 0.000540351320524, -0.000906428496819, 0.00125310767908, -0.00132254417986, 0.000571269250941], [-0.000433337118011, 0.00265856576152, -0.00116641714703, 0.0014951369958, -0.00124831520952, 0.0027603644412, -0.00198552408256, 0.00244547752663, -0.00168234168086, 0.00279130903073, -0.00178601685911, 0.00384394126013, -0.00308998557739], [0.000440310395788, -0.00116641714703, 0.00355621916242, -0.00101055623963, 0.001576548093, -0.00222165463492, 0.00189255806617, -0.000557804305572, 0.00037570760469, -0.00208018766716, 0.00357546075247, -0.00356932473369, 0.0019688825123], [-0.000337219971698, 0.0014951369958, -0.00101055623963, 0.00557439960539, -0.00286216940731, 0.0038641677238, -0.00134678464383, 0.00214237556793, -0.00188250397332, 0.00203196937218, -0.00121832394507, 0.0020830030553, -0.0019497392932], [0.00049844395835, -0.00124831520952, 0.001576548093, -0.00286216940731, 0.00624198326841, -0.00336240162142, -0.000358564691851, -0.00181281391997, 0.000403762096539, -0.0021668295376, 0.00131980807055, -0.00181519624311, 0.00336271408014], [-0.000861686421558, 0.0027603644412, -0.00222165463492, 0.0038641677238, -0.00336240162142, 0.00972743425518, -0.00544399395585, 0.00345694320276, -0.00252943555824, 0.00376559328288, -0.00356077309698, 0.00492853391916, -0.00247993273661], [0.000805256713647, -0.00198552408256, 0.00189255806617, -0.00134678464383, -0.000358564691851, -0.00544399395585, 0.010470174253, -0.00318866898306, 0.000450717343483, -0.0028248319868, 0.000342878047377, -0.00355720799416, 0.00257377279922], [-0.000564441492315, 0.00244547752663, -0.000557804305572, 0.00214237556793, -0.00181281391997, 0.00345694320276, -0.00318866898306, 0.0115966675803, -0.00419033924118, 0.0010133322794, -0.00197403202765, 0.00213964376599, -0.00410187896341], [0.000540351320524, -0.00168234168086, 0.00037570760469, -0.00188250397332, 0.000403762096539, -0.00252943555824, 0.000450717343483, -0.00419033924118, 0.0111699579284, -0.00422088988125, 0.00186971761286, -0.004362415988, 0.000334617390763], [-0.000906428496819, 0.00279130903073, -0.00208018766716, 0.00203196937218, -0.0021668295376, 0.00376559328288, -0.0028248319868, 0.0010133322794, -0.00422088988125, 0.012850147672, -0.00633479841053, 0.00665219919756, -0.00431724730879], [0.00125310767908, -0.00178601685911, 0.00357546075247, -0.00121832394507, 0.00131980807055, -0.00356077309698, 0.000342878047377, -0.00197403202765, 0.00186971761286, -0.00633479841053, 0.0155864292756, -0.00937391351908, 0.00317687029019], [-0.00132254417986, 0.00384394126013, -0.00356932473369, 0.0020830030553, -0.00181519624311, 0.00492853391916, -0.00355720799416, 0.00213964376599, -0.004362415988, 0.00665219919756, -0.00937391351908, 0.0211479570717, -0.00740609364584], [0.000571269250941, -0.00308998557739, 0.0019688825123, -0.0019497392932, 0.00336271408014, -0.00247993273661, 0.00257377279922, -0.00410187896341, 0.000334617390763, -0.00431724730879, 0.00317687029019, -0.00740609364584, 0.0125973476097]]
    },
    "melbands": {
        "dmean": [0.00312583777122, 0.00117606553249, 0.000488429970574, 0.000345216016285, 0.000171624546056, 0.000172125233803, 0.000188271165825, 0.000166595084011, 0.000105693638034, 0.00012454293028, 0.000166796613485, 0.000175921275513, 0.0001716245024, 0.000124806349049, 9.71718691289e-05, 8.83090178831e-05, 8.09821212897e-05, 5.12100959895e-05, 5.85085217608e-05, 5.65082264075e-05, 2.90237676381e-05, 2.40840545302e-05, 1.25419464894e-05, 1.05069038909e-05, 9.18930891203e-06, 1.07832183858e-05, 5.60010175832e-06, 4.95438189319e-06, 5.83978362556e-06, 4.37384187535e-06, 2.87315629066e-06, 1.85039539247e-06, 1.90926721189e-06, 2.18147624764e-06, 2.12552458834e-06, 1.89693275843e-06, 1.71060912635e-06, 1.74970909939e-06, 1.62310800533e-06, 1.54768963512e-06],
        "dmean2": [0.00410029198974, 0.00167413498275, 0.000801839749329, 0.000596488127485, 0.000298493483569, 0.000288110808469, 0.000301969208522, 0.000269384501735, 0.000164481229149, 0.00018890206411, 0.000257720967056, 0.000251559569733, 0.000256485596765, 0.000187088095117, 0.000147237544297, 0.000129731415655, 0.000122076438856, 8.16377432784e-05, 9.23189872992e-05, 8.660977619e-05, 4.60671690234e-05, 3.75865238311e-05, 1.90468726942e-05, 1.66553982126e-05, 1.45025305756e-05, 1.63855584105e-05, 8.64063986228e-06, 7.51198422222e-06, 9.17990018934e-06, 6.81218807586e-06, 4.48407627118e-06, 2.83737563223e-06, 2.86448880615e-06, 3.42976636603e-06, 3.23142808156e-06, 2.87216835204e-06, 2.66951269623e-06, 2.59794683188e-06, 2.27985628953e-06, 2.27008490583e-06],
        "dvar": [2.48344767897e-05, 3.56428222403e-06, 1.22966196159e-06, 2.84525162897e-06, 2.51516155458e-07, 1.70238493524e-07, 1.90142628753e-07, 1.89985485122e-07, 1.23375343719e-07, 1.06541698131e-07, 1.81616698569e-07, 9.81600223326e-08, 1.27221923663e-07, 5.4562924845e-08, 3.26543840856e-08, 3.16765138564e-08, 4.14756406997e-08, 1.60305368979e-08, 2.90854913487e-08, 2.188697934e-08, 4.96888441504e-09, 4.05465705455e-09, 7.29840687885e-10, 2.36231451067e-10, 2.89812507326e-10, 2.41773573384e-10, 1.07788188097e-10, 8.3055340383e-11, 1.76187162082e-10, 6.8787441021e-11, 2.09664317158e-11, 1.04451178609e-11, 9.74265980391e-12, 1.66377380623e-11, 1.3384364797e-11, 9.61648295716e-12, 7.91859286475e-12, 9.4309022397e-12, 9.45185943402e-12, 7.06121229196e-12],
        "dvar2": [3.43235369655e-05, 7.45494207877e-06, 3.13031773658e-06, 7.42812653698e-06, 7.18865521776e-07, 4.56835891782e-07, 4.51513813005e-07, 4.65979155706e-07, 2.65166704594e-07, 2.31931466033e-07, 4.31579508131e-07, 2.00147837859e-07, 2.84548946183e-07, 1.24921058386e-07, 7.58506430998e-08, 6.69419790711e-08, 9.23326481939e-08, 3.83772764678e-08, 7.3997831862e-08, 4.83591158229e-08, 1.11743920783e-08, 1.0107056525e-08, 1.6593632024e-09, 5.54443380096e-10, 6.67111199615e-10, 5.244238932e-10, 2.49807619035e-10, 1.74442460477e-10, 4.84820739111e-10, 1.56291438125e-10, 4.59492235927e-11, 2.38540680264e-11, 2.09834805781e-11, 3.9113129402e-11, 2.78004442383e-11, 2.13173905611e-11, 1.7366172736e-11, 2.08133163482e-11, 1.89712742044e-11, 1.39795362786e-11],
        "max": [0.0400250926614, 0.0245963204652, 0.0127998404205, 0.0255910567939, 0.00713144009933, 0.00679642707109, 0.0069007598795, 0.00564558058977, 0.00765533931553, 0.00589672336355, 0.00610550446436, 0.00448393123224, 0.00514362147078, 0.00246353517286, 0.00199392973445, 0.00312650972046, 0.00284235365689, 0.00206476729363, 0.00380655727349, 0.00214582355693, 0.00109523488209, 0.000852974888403, 0.000499431858771, 0.000278217106825, 0.000326962297549, 0.000221396214329, 0.000195868662558, 0.000143066296005, 0.000226630349061, 0.00016698485706, 5.09607998538e-05, 5.81803469686e-05, 4.78306283185e-05, 4.93332263432e-05, 4.63902179035e-05, 3.87296604458e-05, 3.06472975353e-05, 4.03254707635e-05, 4.88566511194e-05, 3.87314648833e-05],
        "mean": [0.00758459744975, 0.00224107154645, 0.000594888930209, 0.000322149135172, 0.000206069278647, 0.000235784173128, 0.000294538942399, 0.000237612897763, 0.000198775102035, 0.000244401366217, 0.000276667356957, 0.000380673533073, 0.000338997197105, 0.000238299064222, 0.000180996124982, 0.00015999727475, 0.000128699015477, 7.40336254239e-05, 8.5029132606e-05, 7.84390722401e-05, 4.03505000577e-05, 4.15198483097e-05, 2.17358410737e-05, 1.8486423869e-05, 1.59053906827e-05, 2.15451582335e-05, 1.0233600733e-05, 8.88831527845e-06, 1.03426727946e-05, 7.61399860494e-06, 4.80498101751e-06, 2.98594909509e-06, 3.06585639009e-06, 3.08969515572e-06, 3.33691468768e-06, 3.0505777886e-06, 2.83742110696e-06, 3.06271044792e-06, 3.01426575788e-06, 2.85258147414e-06],
        "median": [0.00236835423857, 0.00145779771265, 0.000178201269591, 8.11509235064e-05, 7.48896272853e-05, 0.0001000573684, 0.000129596315674, 9.18054647627e-05, 4.39871619164e-05, 3.86440733564e-05, 8.11813806649e-05, 0.000103373968159, 8.55570688145e-05, 5.93524637225e-05, 5.69199255551e-05, 5.23054804944e-05, 3.51021662937e-05, 2.63982583419e-05, 2.86580216198e-05, 1.9240016627e-05, 1.35435484481e-05, 1.15560205813e-05, 9.04219905351e-06, 9.64599348663e-06, 7.16441354598e-06, 1.04935461422e-05, 5.7421202655e-06, 4.41795509687e-06, 3.94870357923e-06, 3.16957039104e-06, 2.45525939135e-06, 1.57509816745e-06, 1.53110806878e-06, 1.36700873554e-06, 1.63833317401e-06, 1.48648030063e-06, 1.34569324928e-06, 1.46385707467e-06, 1.52963832534e-06, 1.60496858825e-06],
        "min": [6.49354956209e-24, 6.97504264851e-24, 5.00013371102e-24, 1.03656322946e-23, 1.54071918528e-23, 4.47128609333e-24, 2.67234520253e-24, 1.11569583902e-23, 1.00974677073e-23, 6.79420180801e-24, 1.33944100977e-23, 5.31807266039e-24, 8.04162124655e-24, 1.05128282175e-23, 1.38875065391e-23, 1.09837497789e-23, 1.17206113398e-23, 8.04689635943e-24, 1.26822138507e-23, 5.84656884055e-24, 3.50789484042e-24, 4.8147604702e-24, 1.16850518568e-23, 1.29800301416e-23, 1.06122002369e-23, 6.19627719072e-24, 8.70462333865e-24, 1.22672099056e-23, 8.14872646938e-24, 6.73346898464e-24, 1.12639752606e-23, 9.7727796585e-24, 1.03349732155e-23, 1.10081389915e-23, 9.03760783763e-24, 1.08311675138e-23, 1.1847235348e-23, 1.02064819736e-23, 9.01330145542e-24, 1.00445872054e-23],
        "stdev": [0.0101411500946, 0.00283623067662, 0.00112826435361, 0.0014293496497, 0.000435067719081, 0.00043032297981, 0.000523609574884, 0.000463626201963, 0.000528074626345, 0.000566411123145, 0.000588055234402, 0.000634884170722, 0.000609657377936, 0.000390714820242, 0.000270302320132, 0.000285936082946, 0.00027541158488, 0.000147513987031, 0.000186922334251, 0.000189508049516, 8.85471745278e-05, 9.37174845603e-05, 4.25813523179e-05, 2.60005999735e-05, 2.78938005067e-05, 2.81559132418e-05, 1.37643737617e-05, 1.3797955944e-05, 1.92235620489e-05, 1.25513415696e-05, 6.68876009513e-06, 3.90489321944e-06, 4.00181670557e-06, 4.63804235551e-06, 4.62284378955e-06, 3.97772828364e-06, 3.77319929612e-06, 4.2831616156e-06, 4.49414528703e-06, 3.86175452149e-06],
        "var": [0.000102842925116, 8.04420506029e-06, 1.27298051211e-06, 2.04304046747e-06, 1.89283923646e-07, 1.85177867706e-07, 2.74167007319e-07, 2.14949253063e-07, 2.7886281373e-07, 3.20821527566e-07, 3.45808928159e-07, 4.03077876854e-07, 3.71682091327e-07, 1.52658074626e-07, 7.30633402668e-08, 8.17594454361e-08, 7.58515454891e-08, 2.17603783881e-08, 3.4939958482e-08, 3.5913302554e-08, 7.84060194547e-09, 8.78296724238e-09, 1.81317161285e-09, 6.76031175484e-10, 7.78064113138e-10, 7.92755472379e-10, 1.89457990962e-10, 1.90383597776e-10, 3.69545338774e-10, 1.57536178547e-10, 4.47395107073e-11, 1.52481898635e-11, 1.60145386535e-11, 2.15114367291e-11, 2.13706847357e-11, 1.58223226188e-11, 1.42370325598e-11, 1.83454744451e-11, 2.01973420627e-11, 1.49131471061e-11]
    },
    "melbands128": {
