{
"lowlevel": {
    "average_loudness": 0.978773415089,
    "barkbands_crest": {
        "dmean": 2.22532653809,
        "dmean2": 3.60803675652,
        "dvar": 4.80314874649,
        "dvar2": 12.4814176559,
        "max": 25.0402317047,
        "mean": 11.1079978943,
        "median": 10.3858108521,
        "min": 2.66228199005,
        "stdev": 4.06916189194,
        "var": 16.5580787659
    },
    "barkbands_flatness_db": {
        "dmean": 0.0195472873747,
        "dmean2": 0.0294327717274,
        "dvar": 0.000437452690676,
        "dvar2": 0.000999009353109,
        "max": 0.299661129713,
        "mean": 0.131204009056,
        "median": 0.122796528041,
        "min": 0.015974259004,
        "stdev": 0.0460659712553,
        "var": 0.00212207366712
    },
    "barkbands_kurtosis": {
        "dmean": 3.69008684158,
        "dmean2": 5.79553604126,
        "dvar": 60.8776550293,
        "dvar2": 133.651016235,
        "max": 123.598854065,
        "mean": 6.69646883011,
        "median": 2.86196470261,
        "min": -1.54311323166,
        "stdev": 11.4475135803,
        "var": 131.045562744
    },
    "barkbands_skewness": {
        "dmean": 0.520557880402,
        "dmean2": 0.807116806507,
        "dvar": 0.455701470375,
        "dvar2": 0.975352942944,
        "max": 10.1625394821,
        "mean": 2.04510235786,
        "median": 1.71327722073,
        "min": -1.78219151497,
        "stdev": 1.34943819046,
        "var": 1.82098352909
    },
    "barkbands_spread": {
        "dmean": 4.8370347023,
        "dmean2": 7.38011789322,
        "dvar": 38.2277526855,
        "dvar2": 73.8587188721,
        "max": 91.8907852173,
        "mean": 21.5842323303,
        "median": 20.7465744019,
        "min": 1.64522027969,
        "stdev": 11.492357254,
        "var": 132.074264526
    },
    "dissonance": {
        "dmean": 0.0199651010334,
        "dmean2": 0.0337459109724,
        "dvar": 0.000375767616788,
        "dvar2": 0.000977978343144,
        "max": 0.499778836966,
        "mean": 0.459765642881,
        "median": 0.467087060213,
        "min": 0.267769098282,
        "stdev": 0.0284345373511,
        "var": 0.000808522920124
    },
    "dynamic_complexity": 1.85652577877,
    "erbbands_crest": {
        "dmean": 2.5970416069,
        "dmean2": 4.20062065125,
        "dvar": 6.26330327988,
        "dvar2": 16.0481586456,
        "max": 28.2994194031,
        "mean": 8.86173057556,
        "median": 7.66439294815,
        "min": 2.74394750595,
        "stdev": 4.50058603287,
        "var": 20.2552757263
    },
    "erbbands_flatness_db": {
        "dmean": 0.0140071185306,
        "dmean2": 0.020571636036,
        "dvar": 0.000179778959136,
        "dvar2": 0.00038379378384,
        "max": 0.242549568415,
        "mean": 0.124043188989,
        "median": 0.122285798192,
        "min": 0.0501216463745,
        "stdev": 0.0306363366544,
        "var": 0.00093858508626
    },
    "erbbands_kurtosis": {
        "dmean": 0.756281971931,
        "dmean2": 1.22227728367,
        "dvar": 1.13033258915,
        "dvar2": 2.90214729309,
        "max": 13.4440727234,
        "mean": 0.479969620705,
        "median": -0.151082515717,
        "min": -1.64701676369,
        "stdev": 1.83935499191,
        "var": 3.38322687149
    },
    "erbbands_skewness": {
        "dmean": 0.320312559605,
        "dmean2": 0.508591651917,
        "dvar": 0.0928821116686,
        "dvar2": 0.224249020219,
        "max": 3.06551074982,
        "mean": 0.478754341602,
        "median": 0.438470155001,
        "min": -1.48674476147,
        "stdev": 0.586906611919,
        "var": 0.34445938468
    },
    "erbbands_spread": {
        "dmean": 7.60093069077,
        "dmean2": 11.536529541,
        "dvar": 72.112991333,
        "dvar2": 143.050796509,
        "max": 149.598297119,
        "mean": 45.2670135498,
        "median": 42.8591804504,
        "min": 9.23574256897,
        "stdev": 21.3602085114,
        "var": 456.258544922
    },
    "hfc": {
        "dmean": 5.795170784,
        "dmean2": 8.46332359314,
        "dvar": 61.5441169739,
        "dvar2": 115.46018219,
        "max": 184.878723145,
        "mean": 29.1163864136,
        "median": 29.3133792877,
        "min": 1.20722735533e-16,
        "stdev": 17.866519928,
        "var": 319.212524414
    },
    "loudness_ebu128": {
        "integrated": -6.48243045807,
        "loudness_range": 3.75126314163,
        "momentary": {
            "dmean": 0.271065086126,
            "dmean2": 0.323684602976,
            "dvar": 0.0842596590519,
            "dvar2": 0.112682305276,
            "max": -4.52246570587,
            "mean": -6.75121450424,
            "median": -6.18953323364,
            "min": -11.1280078888,
            "stdev": 1.60470616817,
            "var": 2.57508206367
        },
        "short_term": {
            "dmean": 0.0426993407309,
            "dmean2": 0.0292987246066,
            "dvar": 0.0014692612458,
            "dvar2": 0.000650385743938,
            "max": -5.16276788712,
            "mean": -6.69772005081,
            "median": -6.16860103607,
            "min": -9.67497062683,
            "stdev": 1.44221019745,
            "var": 2.07997012138
        }
    },
    "melbands_crest": {
        "dmean": 2.74588418007,
        "dmean2": 4.45291614532,
        "dvar": 7.34667348862,
        "dvar2": 18.2997894287,
        "max": 32.1234970093,
        "mean": 15.5882921219,
        "median": 15.0352296829,
        "min": 2.99013209343,
        "stdev": 5.25683927536,
        "var": 27.6343593597
    },
    "melbands_flatness_db": {
        "dmean": 0.0224235504866,
        "dmean2": 0.0336285866797,
        "dvar": 0.000677166099194,
        "dvar2": 0.00140319601633,
        "max": 0.42281666398,
        "mean": 0.214854210615,
        "median": 0.203942373395,
        "min": 0.0104195736349,
        "stdev": 0.0603045187891,
        "var": 0.00363663490862
    },
    "melbands_kurtosis": {
        "dmean": 8.86108016968,
        "dmean2": 13.834403038,
        "dvar": 289.910797119,
        "dvar2": 643.453796387,
        "max": 276.881958008,
        "mean": 21.0250167847,
        "median": 10.741765976,
        "min": -1.31460940838,
        "stdev": 27.8443489075,
        "var": 775.307800293
    },
    "melbands_skewness": {
        "dmean": 0.756866335869,
        "dmean2": 1.16511285305,
        "dvar": 0.756732642651,
        "dvar2": 1.66724956036,
        "max": 13.7283439636,
        "mean": 3.33188772202,
        "median": 2.8276154995,
        "min": -0.00267536542378,
        "stdev": 2.03452658653,
        "var": 4.13929891586
    },
    "melbands_spread": {
        "dmean": 4.27842283249,
        "dmean2": 6.51897096634,
        "dvar": 32.6127891541,
        "dvar2": 60.515171051,
        "max": 123.353401184,
        "mean": 18.4384536743,
        "median": 18.0296134949,
        "min": 1.11048674583,
        "stdev": 10.4898099899,
        "var": 110.036109924
    },
    "pitch_salience": {
        "dmean": 0.0658138766885,
        "dmean2": 0.10674546659,
        "dvar": 0.00381164439023,
        "dvar2": 0.0102610299364,
        "max": 0.816742122173,
        "mean": 0.476421445608,
        "median": 0.474130928516,
        "min": 0.142966791987,
        "stdev": 0.104059331119,
        "var": 0.0108283441514
    },
    "silence_rate_20dB": {
        "dmean": 0,
        "dmean2": 0,
        "dvar": 0,
        "dvar2": 0,
        "max": 1,
        "mean": 1,
        "median": 1,
        "min": 1,
        "stdev": 0,
        "var": 0
    },
    "silence_rate_30dB": {
        "dmean": 0.030959751457,
        "dmean2": 0.0619674660265,
        "dvar": 0.0300013329834,
        "dvar2": 0.0689714774489,
        "max": 1,
        "mean": 0.974477946758,
        "median": 1,
        "min": 0,
        "stdev": 0.157706186175,
        "var": 0.0248712413013
    },
    "silence_rate_60dB": {
        "dmean": 0.000773993786424,
        "dmean2": 0.00154918665066,
        "dvar": 0.000773391744588,
        "dvar2": 0.00154677091632,
        "max": 1,
        "mean": 0.00154679035768,
        "median": 0,
        "min": 0,
        "stdev": 0.0392987206578,
        "var": 0.00154438940808
    },
    "spectral_centroid": {
        "dmean": 213.565917969,
        "dmean2": 333.037261963,
        "dvar": 125104.953125,
        "dvar2": 177535.671875,
        "max": 11004.6699219,
        "mean": 1214.34106445,
        "median": 1200.75402832,
        "min": 249.793685913,
        "stdev": 478.600860596,
        "var": 229058.796875
    },
    "spectral_complexity": {
        "dmean": 3.30727553368,
        "dmean2": 5.27110767365,
        "dvar": 11.1246261597,
        "dvar2": 22.1774272919,
        "max": 49,
        "mean": 22.0425376892,
        "median": 23,
        "min": 0,
        "stdev": 8.87075901031,
        "var": 78.6903686523
    },
    "spectral_decrease": {
        "dmean": 3.11292769339e-09,
        "dmean2": 5.03895858373e-09,
        "dvar": 1.89460574242e-17,
        "dvar2": 4.92694580872e-17,
        "max": 3.28772882745e-29,
        "mean": -1.25575319032e-08,
        "median": -1.16844001141e-08,
        "min": -4.3431345631e-08,
        "stdev": 5.87206328007e-09,
        "var": 3.44811297134e-17
    },
    "spectral_energy": {
        "dmean": 0.0120287304744,
        "dmean2": 0.0193931553513,
        "dvar": 0.000273442798061,
        "dvar2": 0.000710072810762,
        "max": 0.165773451328,
        "mean": 0.0500360131264,
        "median": 0.0472044758499,
        "min": 1.08258207786e-20,
        "stdev": 0.0227685626596,
        "var": 0.000518407439813
    },
    "spectral_energyband_high": {
        "dmean": 0.000396497984184,
        "dmean2": 0.000556736660656,
        "dvar": 5.070090765e-07,
        "dvar2": 8.87315877662e-07,
        "max": 0.0174332316965,
        "mean": 0.0013119073119,
        "median": 0.0010369787924,
        "min": 8.10216220633e-21,
        "stdev": 0.00135975133162,
        "var": 1.84892383004e-06
    },
    "spectral_energyband_low": {
        "dmean": 0.00908242259175,
        "dmean2": 0.0149139240384,
        "dvar": 0.000274706457276,
        "dvar2": 0.000727480393834,
        "max": 0.157790482044,
        "mean": 0.0266180317849,
        "median": 0.0213971640915,
        "min": 1.83491854899e-23,
        "stdev": 0.0206490103155,
        "var": 0.000426381622674
    },
    "spectral_energyband_middle_high": {
        "dmean": 0.00194980110973,
        "dmean2": 0.00294083217159,
        "dvar": 7.09900859874e-06,
        "dvar2": 1.61939969985e-05,
        "max": 0.0382439754903,
        "mean": 0.00702333357185,
        "median": 0.00551167875528,
        "min": 1.38387962715e-21,
        "stdev": 0.00626557646319,
        "var": 3.92574511352e-05
    },
    "spectral_energyband_middle_low": {
        "dmean": 0.00654689455405,
        "dmean2": 0.0104979164898,
        "dvar": 8.1440754002e-05,
        "dvar2": 0.000207967721508,
        "max": 0.0962326824665,
        "mean": 0.0163262337446,
        "median": 0.0133770760149,
        "min": 3.69726989374e-22,
        "stdev": 0.0121881235391,
        "var": 0.000148550359881
    },
    "spectral_entropy": {
        "dmean": 0.144139662385,
        "dmean2": 0.208094969392,
        "dvar": 0.0289353877306,
        "dvar2": 0.0538032464683,
        "max": 9.78649234772,
        "mean": 7.63007164001,
        "median": 7.66661119461,
        "min": 6.556204319,
        "stdev": 0.326637417078,
        "var": 0.106692001224
    },
    "spectral_flux": {
        "dmean": 0.0277511924505,
        "dmean2": 0.0448791235685,
        "dvar": 0.0010725123575,
        "dvar2": 0.00258729956113,
        "max": 0.353895545006,
        "mean": 0.0981861874461,
        "median": 0.0872056633234,
        "min": 1.0404720141e-10,
        "stdev": 0.0479827672243,
        "var": 0.00230234581977
    },
    "spectral_kurtosis": {
        "dmean": 0.889373481274,
        "dmean2": 1.42802762985,
        "dvar": 0.997229039669,
        "dvar2": 2.17864894867,
        "max": 16.6847610474,
        "mean": 3.52124381065,
        "median": 3.25935935974,
        "min": -1.20377194881,
        "stdev": 1.68426012993,
        "var": 2.83673214912
    },
    "spectral_rms": {
        "dmean": 0.000800000329036,
        "dmean2": 0.00126953690778,
        "dvar": 9.3514273658e-07,
        "dvar2": 2.28383714784e-06,
        "max": 0.0127173187211,
        "mean": 0.00681771012023,
        "median": 0.00678624678403,
        "min": 3.24988863945e-12,
        "stdev": 0.00152791058645,
        "var": 2.33451078202e-06
    },
    "spectral_rolloff": {
        "dmean": 328.630645752,
        "dmean2": 537.513244629,
        "dvar": 800637.5,
        "dvar2": 1343814.375,
        "max": 18690.8203125,
        "mean": 948.059936523,
        "median": 753.662109375,
        "min": 64.599609375,
        "stdev": 1110.72473145,
        "var": 1233709.375
    },
    "spectral_skewness": {
        "dmean": 0.157651916146,
        "dmean2": 0.237707823515,
        "dvar": 0.0310699734837,
        "dvar2": 0.0607865005732,
        "max": 3.39847064018,
        "mean": 1.54736149311,
        "median": 1.51765859127,
        "min": -0.00869183707982,
        "stdev": 0.346334546804,
        "var": 0.119947619736
    },
    "spectral_spread": {
        "dmean": 547225.9375,
        "dmean2": 753194.3125,
        "dvar": 1.6443483095e+12,
        "dvar2": 2.12006286131e+12,
        "max": 40181780,
        "mean": 5499978.5,
        "median": 5227378.5,
        "min": 2765575,
        "stdev": 1836205.375,
        "var": 3.3716502528e+12
    },
    "spectral_strongpeak": {
        "dmean": 0.594308316708,
        "dmean2": 1.05371439457,
        "dvar": 1.0561542511,
        "dvar2": 2.6803483963,
        "max": 7.62815284729,
        "mean": 0.957028210163,
        "median": 0.421313613653,
        "min": 1.03934452156e-08,
        "stdev": 1.26965761185,
        "var": 1.61203050613
    },
    "zerocrossingrate": {
        "dmean": 0.00886578205973,
        "dmean2": 0.0106041375548,
        "dvar": 0.00028576652403,
        "dvar2": 0.000320505176205,
        "max": 0.51318359375,
        "mean": 0.0521577261388,
        "median": 0.0498046875,
        "min": 0.0029296875,
        "stdev": 0.02757043764,
        "var": 0.000760129012633
    },
    "barkbands": {
        "dmean": [0.000513492443133, 0.00717036426067, 0.00317235221155, 0.00184670521412, 0.00241370731965, 0.00149626366328, 0.000856325263157, 0.000970541324932, 0.00204863329418, 0.000991136417724, 0.000409750937251, 0.000525519892108, 0.000488553196192, 0.000365785643226, 0.000437420996604, 0.00022441179317, 0.000156890935614, 0.000125363425468, 9.69575339695e-05, 0.000142900156789, 9.2010901426e-05, 4.48851460533e-05, 8.48110648803e-05, 9.03015970835e-05, 8.42522495077e-05, 5.01629183418e-05, 5.59652426091e-06],
        "dmean2": [0.000829818076454, 0.0120320804417, 0.0050213211216, 0.00321222469211, 0.0039123208262, 0.00241317925975, 0.00136715709232, 0.00145581760444, 0.00308953551576, 0.00152922736015, 0.000626275024842, 0.000870877353009, 0.000802881957497, 0.000591621443164, 0.000724261743017, 0.000354927353328, 0.00025268245372, 0.000204336931347, 0.000157987553393, 0.000233036946156, 0.000145684360177, 6.78667347529e-05, 0.000126864993945, 0.000137413808261, 0.00012169162801, 7.05626734998e-05, 8.63510376803e-06],
        "dvar": [9.3413882496e-07, 0.000219635985559, 3.37373967341e-05, 1.22126202768e-05, 2.10019024962e-05, 7.74933414505e-06, 3.90321974919e-06, 5.22395794178e-06, 1.78755508387e-05, 4.38289998783e-06, 9.11156860184e-07, 1.018748776e-06, 5.69277858631e-07, 4.23993611776e-07, 6.09522771811e-07, 1.14681157015e-07, 5.56878205771e-08, 2.51670595475e-08, 1.49081973433e-08, 3.30523768355e-08, 1.34531425999e-08, 6.10742789675e-09, 2.57820289562e-08, 4.0578850502e-08, 6.42502584469e-08, 1.66421170178e-08, 3.31468741344e-10],
        "dvar2": [2.0106908778e-06, 0.000626079388894, 8.67182388902e-05, 3.51278285962e-05, 5.33477214049e-05, 1.94080112124e-05, 1.01636514955e-05, 1.19368351079e-05, 4.04612546845e-05, 1.00972083601e-05, 2.06773097489e-06, 2.7836724712e-06, 1.50792038767e-06, 1.03905836113e-06, 1.61801824561e-06, 3.00055205571e-07, 1.51088869416e-07, 6.6447491065e-08, 3.98028241477e-08, 9.14002669106e-08, 3.35170859955e-08, 1.28716113323e-08, 5.48512169019e-08, 8.74923529182e-08, 1.17389816978e-07, 3.02417682008e-08, 6.83620604569e-10],
        "max": [0.010153493844, 0.124016955495, 0.0585727319121, 0.0367472097278, 0.0514369644225, 0.0324761755764, 0.0313360616565, 0.0369889363647, 0.0567801110446, 0.0362558290362, 0.0175858512521, 0.0119973868132, 0.00900001171976, 0.00927394907922, 0.0125302206725, 0.00429423898458, 0.00294298725203, 0.00192183058243, 0.00210073357448, 0.00234432634898, 0.00130905932747, 0.00123324850574, 0.00267594424076, 0.005727017764, 0.00703505240381, 0.00243162596598, 0.000327089539496],
        "mean": [0.000852608354762, 0.0169452726841, 0.00778619153425, 0.00229851831682, 0.00384938763455, 0.00245841476135, 0.00136006472167, 0.00173881079536, 0.00417303899303, 0.00186626042705, 0.000749587605242, 0.000905137858354, 0.000853151024785, 0.000706689315848, 0.000733081193175, 0.000441592710558, 0.000351440743543, 0.000267880997853, 0.000236420484725, 0.000404171383707, 0.00021604259382, 8.81845553522e-05, 0.000222882765229, 0.000247587420745, 0.000191242186702, 8.53049205034e-05, 7.0333308031e-06],
        "median": [0.000454982888186, 0.0131613370031, 0.00512158963829, 0.001261749072, 0.00213575549424, 0.00142057845369, 0.000571948010474, 0.000383463222533, 0.000741407508031, 0.000580942549277, 0.00014973890211, 0.000372327020159, 0.000390505534597, 0.000291690957965, 0.000362386286724, 0.000231826925301, 0.000192249077372, 0.000186296747415, 0.000186679288163, 0.000326122564729, 0.000159423041623, 5.11660000484e-05, 0.000165465928148, 0.000180091010407, 0.000106375227915, 3.42932871717e-05, 1.63497611538e-06],
        "min": [1.23414014849e-24, 9.43503990599e-24, 5.35626338896e-24, 3.57736350946e-24, 1.45228409127e-23, 4.46595299918e-23, 4.6531127733e-23, 1.06983271239e-22, 1.27032669705e-22, 9.82763799249e-23, 1.71902232335e-22, 3.96532577596e-23, 9.17730106222e-23, 1.0037067941e-22, 1.09861654288e-22, 1.44138531522e-22, 2.21359822612e-22, 1.31054408817e-22, 1.86215602278e-22, 2.52558072345e-22, 4.67610844734e-22, 5.0173694225e-22, 7.21407466565e-22, 8.38248444649e-22, 1.51974121548e-21, 1.81024963155e-21, 2.31966646919e-21],
        "stdev": [0.00125804683194, 0.0163769144565, 0.00833478756249, 0.00332707795314, 0.00501511944458, 0.00332659925334, 0.00262621464208, 0.0036968041677, 0.00740941893309, 0.00352473789826, 0.00181021727622, 0.0014744438231, 0.00117081077769, 0.00107617641333, 0.00103686738294, 0.000555146485567, 0.000424104364356, 0.000266462418949, 0.000210907921428, 0.000364892475773, 0.000196839071577, 0.00011140643619, 0.000268960662652, 0.000332557276124, 0.000394984410377, 0.000213080798858, 2.48665019171e-05],
        "var": [1.58268187533e-06, 0.000268203351879, 6.94686823408e-05, 1.10694481918e-05, 2.51514247793e-05, 1.10662622319e-05, 6.89700391376e-06, 1.36663611556e-05, 5.48994867131e-05, 1.24237767523e-05, 3.27688667312e-06, 2.17398473978e-06, 1.37079780416e-06, 1.15815578283e-06, 1.07509401914e-06, 3.08187594555e-07, 1.79864514394e-07, 7.10022263206e-08, 4.44821495194e-08, 1.33146514258e-07, 3.87456182693e-08, 1.24113936906e-08, 7.2339844337e-08, 1.10594349678e-07, 1.56012674779e-07, 4.54034250197e-08, 6.18342876901e-10]
    },
    "erbbands": {
        "dmean": [0.221051201224, 1.68371868134, 3.87939572334, 4.11926603317, 9.07708358765, 6.62772035599, 10.3956737518, 13.256105423, 12.6698560715, 12.1172018051, 25.8524055481, 43.4576873779, 34.2534790039, 27.3444633484, 19.2783088684, 16.6623458862, 19.8933467865, 15.2446336746, 20.7900485992, 18.9448299408, 12.6991004944, 6.89075040817, 6.375623703, 4.72137928009, 5.27082872391, 7.06466388702, 5.70304679871, 2.00556206703, 1.5571231842, 1.88266432285, 2.58344006538, 2.21926808357, 1.38255262375, 1.17449307442, 0.478050619364, 0.232946798205, 0.096012301743, 0.0185889974236, 0.000571759825107, 2.28126300499e-05],
        "dmean2": [0.363523960114, 2.79309225082, 5.91620826721, 7.0707654953, 15.0401258469, 10.8148670197, 16.8389968872, 21.4719276428, 20.4233932495, 19.3101577759, 37.7501564026, 64.2779922485, 53.2158813477, 43.8262634277, 30.7424049377, 27.501367569, 32.2597427368, 25.0281181335, 33.1319313049, 31.6946620941, 20.1515693665, 11.0757398605, 10.5869026184, 7.70615530014, 8.64602851868, 11.5949268341, 9.22905158997, 3.04193329811, 2.34162998199, 2.84873056412, 3.85740447044, 3.28948998451, 2.11728024483, 1.70126771927, 0.683614909649, 0.337649673223, 0.135237976909, 0.0266702305526, 0.000857643084601, 3.35546865244e-05],
        "dvar": [0.201120406389, 13.9066867828, 57.8375167847, 48.8094558716, 368.769256592, 170.242919922, 378.734313965, 663.702209473, 651.877380371, 1088.2442627, 3037.96118164, 8306.58789062, 5178.2734375, 4791.97949219, 1333.82250977, 779.677612305, 1033.72595215, 680.62322998, 1139.02246094, 2042.2520752, 424.28338623, 87.429397583, 61.3315658569, 31.5131702423, 49.8207588196, 76.8626861572, 53.0682640076, 9.63857650757, 6.779296875, 12.1742954254, 24.1836795807, 13.8020877838, 13.7482633591, 9.69114780426, 2.6999194622, 0.437218099833, 0.059374269098, 0.00295985979028, 3.57283420271e-06, 1.67796621042e-09],
        "dvar2": [0.512009143829, 39.8247947693, 143.666137695, 139.228408813, 951.00201416, 474.726654053, 964.634094238, 1629.39868164, 1654.67724609, 3006.69433594, 6746.04003906, 18432.7070312, 11737.7871094, 11450.0820312, 3379.87329102, 2111.46850586, 2661.34570312, 1778.89855957, 2896.71313477, 5858.48779297, 1125.83581543, 233.714797974, 168.927612305, 84.0019226074, 133.728668213, 215.348999023, 137.577011108, 21.4246292114, 14.0540914536, 26.7343063354, 52.6535758972, 25.5753631592, 31.0483093262, 18.2078838348, 4.97329092026, 0.85263645649, 0.112755857408, 0.00516229541972, 7.85523661762e-06, 3.2498319591e-09],
        "max": [4.61036777496, 33.9804039001, 75.3699264526, 81.6064605713, 249.533782959, 131.808853149, 257.33291626, 314.279907227, 424.572631836, 596.385986328, 983.355285645, 1498.89135742, 1225.00097656, 1258.88696289, 558.903564453, 339.432525635, 464.114837646, 378.93170166, 488.144012451, 877.375976562, 293.117401123, 106.263435364, 93.7657623291, 67.2390594482, 115.190361023, 117.645126343, 101.827796936, 50.1135025024, 33.8663978577, 55.4539794922, 83.6696548462, 79.1962661743, 111.041038513, 86.6835479736, 42.7209815979, 14.0231075287, 5.31860589981, 1.14126336575, 0.0311599615961, 0.000759829767048],
        "mean": [0.512990951538, 3.67564535141, 9.76702785492, 7.33002614975, 11.6217670441, 11.0125923157, 16.0350112915, 21.0418338776, 22.1416969299, 20.7331905365, 49.216506958, 89.9363555908, 73.2002182007, 51.8652915955, 37.4874534607, 32.0793304443, 37.1448631287, 32.3370094299, 41.2200775146, 33.2836112976, 26.7643470764, 18.0658130646, 15.475030899, 12.3206062317, 13.2074012756, 19.4814758301, 15.1651134491, 4.72654724121, 3.06206011772, 4.13356113434, 6.8828253746, 6.21949052811, 3.5578649044, 2.77857661247, 0.918856501579, 0.387569785118, 0.155941918492, 0.0301030501723, 0.000828994670883, 8.06956741144e-05],
        "median": [0.37847918272, 2.76739621162, 6.24906349182, 5.37087726593, 6.28879451752, 6.22887229919, 7.68492794037, 11.3801746368, 10.6351766586, 7.39494371414, 15.6475954056, 19.0125370026, 24.6718006134, 18.0979785919, 14.9502182007, 18.2586536407, 17.6203918457, 15.3997993469, 19.7844257355, 18.1088829041, 14.2344245911, 10.7326288223, 11.3714723587, 9.378865242, 10.6826171875, 15.3973655701, 11.3916931152, 3.46410870552, 1.84698164463, 2.70977687836, 5.17217588425, 4.76145982742, 2.34381890297, 1.57509684563, 0.408572554588, 0.15212123096, 0.0564465336502, 0.0102135716006, 0.000266293471213, 7.05242491676e-05],
        "min": [2.87531343364e-22, 2.06536315885e-21, 4.92895924388e-21, 1.31241744224e-20, 3.69887672641e-20, 4.17264991524e-20, 1.28617641362e-19, 4.22795353079e-19, 6.52037887446e-19, 1.20961309311e-18, 3.22816415754e-18, 2.21783645158e-18, 2.49252555542e-18, 5.08708135786e-18, 4.91924227567e-18, 2.24467991003e-18, 3.04630953384e-18, 5.30238778591e-18, 4.65741520997e-18, 8.33670754357e-18, 7.7120066829e-18, 1.05459415236e-17, 8.54283185323e-18, 6.67865130267e-18, 1.03505564998e-17, 1.17367838206e-17, 1.56537909051e-17, 2.32270760905e-17, 2.08617514746e-17, 2.25168091858e-17, 1.70012466162e-17, 1.87647758299e-17, 1.4091127614e-17, 1.56636657872e-17, 1.08561921559e-17, 5.80117728169e-18, 3.69373242555e-18, 1.14360490741e-18, 3.18427648747e-19, 3.70661991242e-20],
        "stdev": [0.535084366798, 3.84205651283, 10.4937000275, 7.18098974228, 18.6922645569, 14.3599538803, 23.2668247223, 30.6756229401, 36.0780792236, 42.267665863, 86.2614059448, 164.858474731, 121.23084259, 107.558120728, 59.2035636902, 41.3367195129, 51.6770553589, 43.8806838989, 54.0192489624, 55.4706230164, 34.0325584412, 19.6276836395, 14.6595821381, 10.9894838333, 11.5683393478, 17.5772895813, 13.54185009, 4.78289794922, 3.76954960823, 5.330742836, 8.17642211914, 7.04573440552, 5.67408800125, 4.82541704178, 2.61008048058, 1.05799686909, 0.379921376705, 0.0851099491119, 0.00255517032929, 6.6330016125e-05],
        "var": [0.28631529212, 14.7613973618, 110.117736816, 51.5666160583, 349.400726318, 206.208267212, 541.345153809, 940.993835449, 1301.62780762, 1786.55566406, 7441.03076172, 27178.3144531, 14696.9169922, 11568.75, 3505.06176758, 1708.72424316, 2670.51806641, 1925.51428223, 2918.0793457, 3076.98999023, 1158.21496582, 385.245941162, 214.90335083, 120.768753052, 133.826477051, 308.961090088, 183.381713867, 22.8761138916, 14.2095041275, 28.4168205261, 66.8538742065, 49.642375946, 32.195274353, 23.2846508026, 6.812520504, 1.11935734749, 0.144340246916, 0.00724370358512, 6.52889548292e-06, 4.39967084986e-09]
    },
    "gfcc": {
        "mean": [49.8360786438, 87.3618774414, -95.7310180664, 35.0514717102, -48.7937698364, 28.381357193, -33.151096344, 18.298166275, -23.3965911865, 7.43036556244, -13.157544136, -2.16825675964, -8.7645740509],
        "cov": [[3429.47167969, -515.221313477, -450.396270752, -125.053565979, -375.507629395, 34.5673179626, -164.274108887, 215.663360596, -94.8284912109, -83.2932815552, -137.572616577, -104.780937195, -58.0741958618], [-515.221313477, 519.613037109, -112.412406921, 15.5966405869, 115.496459961, -35.8984184265, 102.580024719, -67.2398986816, 43.6698646545, -3.39261317253, 48.131149292, -25.3065738678, 18.4704227448], [-450.396270752, -112.412406921, 444.547210693, 64.4204559326, 61.1079292297, -14.1714801788, -68.7623977661, -56.3201599121, 0.270082890987, 59.5118560791, 7.26797962189, 78.6475830078, -26.731502533], [-125.053565979, 15.5966405869, 64.4204559326, 230.437698364, 41.924030304, -76.0107727051, -22.0095005035, -58.4684638977, 18.8298091888, 13.5323085785, -10.7411365509, 42.7200469971, 9.53884887695], [-375.507629395, 115.496459961, 61.1079292297, 41.924030304, 140.42350769, 8.5928812027, 37.5078735352, -38.9462509155, 8.3365240097, 18.9907245636, 10.0161514282, 16.3334770203, 6.208568573], [34.5673179626, -35.8984184265, -14.1714801788, -76.0107727051, 8.5928812027, 172.449020386, 57.3029212952, 26.7151794434, -11.6800098419, -19.461648941, 25.5698165894, -33.9802131653, 4.75752353668], [-164.274108887, 102.580024719, -68.7623977661, -22.0095005035, 37.5078735352, 57.3029212952, 157.668991089, -0.455199718475, -7.07239580154, -6.66042232513, 10.0324754715, -10.0164270401, -14.5140047073], [215.663360596, -67.2398986816, -56.3201599121, -58.4684638977, -38.9462509155, 26.7151794434, -0.455199718475, 135.476654053, 17.8388748169, -18.6138763428, 5.78448963165, -44.0352516174, -2.39595031738], [-94.8284912109, 43.6698646545, 0.270082890987, 18.8298091888, 8.3365240097, -11.6800098419, -7.07239580154, 17.8388748169, 83.1129455566, 22.2461299896, 0.188348740339, -11.242893219, 0.422199726105], [-83.2932815552, -3.39261317253, 59.5118560791, 13.5323085785, 18.9907245636, -19.461648941, -6.66042232513, -18.6138763428, 22.2461299896, 68.4826812744, 9.92208194733, 17.8580036163, -14.0919294357], [-137.572616577, 48.131149292, 7.26797962189, -10.7411365509, 10.0161514282, 25.5698165894, 10.0324754715, 5.78448963165, 0.188348740339, 9.92208194733, 75.9800186157, 12.6438655853, 18.0046901703], [-104.780937195, -25.3065738678, 78.6475830078, 42.7200469971, 16.3334770203, -33.9802131653, -10.0164270401, -44.0352516174, -11.242893219, 17.8580036163, 12.6438655853, 85.9619674683, 11.0317306519], [-58.0741958618, 18.4704227448, -26.731502533, 9.53884887695, 6.208568573, 4.75752353668, -14.5140047073, -2.39595031738, 0.422199726105, -14.0919294357, 18.0046901703, 11.0317306519, 66.8632049561]],
        "icov": [[0.000661819649395, 1.60949537076e-06, 0.000820152810775, -0.000348038884113, 0.00104540435132, -0.000788463221397, 0.00100753991865, -0.000850284879562, 0.000971295463387, -0.000655945623294, 0.00113441934809, -0.000598258106038, 0.000748048536479], [1.60949537076e-06, 0.00510520767421, 0.000798142107669, 0.00124991789926, -0.00357985310256, 0.00372082390822, -0.00281940749846, 0.00386057747528, -0.00342689547688, 0.00291148549877, -0.00472331000492, 0.00364255299792, -0.000367960979929], [0.000820152810775, 0.000798142107669, 0.00497755920514, -0.000710814434569, -0.00091315782629, -0.00194658653345, 0.00332807609811, -0.000519134220667, 0.000949823122937, -0.00209303689189, 0.000813071732409, -0.00343859265558, 0.00341165950522], [-0.000348038884113, 0.00124991789926, -0.000710814434569, 0.00669201044366, -0.00265910290182, 0.00360336294398, -0.00127861415967, 0.00309774209745, -0.00318648782559, 0.00238325539976, -0.00137294782326, 7.78115572757e-05, -0.00118319690228], [0.00104540435132, -0.00357985310256, -0.00091315782629, -0.00265910290182, 0.0140643855557, -0.00403358740732, 0.000181800729479, -0.00206904998049, 0.00307032722048, -0.0045037153177, 0.00468864385039, -0.00214989716187, -0.00101885944605], [-0.000788463221397, 0.00372082390822, -0.00194658653345, 0.00360336294398, -0.00403358740732, 0.0129164522514, -0.00657756254077, 0.00383925577626, -0.00316523388028, 0.00502375001088, -0.0074810506776, 0.00721667334437, -0.00293711642735], [0.00100753991865, -0.00281940749846, 0.00332807609811, -0.00127861415967, 0.000181800729479, -0.00657756254077, 0.0128607489169, -0.00331244664267, 0.00366872409359, -0.00234760530293, 0.0036730284337, -0.00513977231458, 0.00563202193007], [-0.000850284879562, 0.00386057747528, -0.000519134220667, 0.00309774209745, -0.00206904998049, 0.00383925577626, -0.00331244664267, 0.0146775497124, -0.0068730590865, 0.00551877962425, -0.00689059030265, 0.00715600699186, -0.000847253482789], [0.000971295463387, -0.00342689547688, 0.000949823122937, -0.00318648782559, 0.00307032722048, -0.00316523388028, 0.00366872409359, -0.0068730590865, 0.0191755387932, -0.00946537218988, 0.0054248329252, -0.000309137773002, -0.000410953012761], [-0.000655945623294, 0.00291148549877, -0.00209303689189, 0.00238325539976, -0.0045037153177, 0.00502375001088, -0.00234760530293, 0.00551877962425, -0.00946537218988, 0.0242553576827, -0.00798202585429, 0.00051130639622, 0.00443489896134], [0.00113441934809, -0.00472331000492, 0.000813071732409, -0.00137294782326, 0.00468864385039, -0.0074810506776, 0.0036730284337, -0.00689059030265, 0.0054248329252, -0.00798202585429, 0.0229232124984, -0.00761583866552, -0.00317434128374], [-0.000598258106038, 0.00364255299792, -0.00343859265558, 7.78115572757e-05, -0.00214989716187, 0.00721667334437, -0.00513977231458, 0.00715600699186, -0.000309137773002, 0.00051130639622, -0.00761583866552, 0.0231216326356, -0.00573914730921], [0.000748048536479, -0.000367960979929, 0.00341165950522, -0.00118319690228, -0.00101885944605, -0.00293711642735, 0.00563202193007, -0.000847253482789, -0.000410953012761, 0.00443489896134, -0.00317434128374, -0.00573914730921, 0.0214747656137]]
    },
    "melbands": {
        "dmean": [0.00190799857955, 0.00187281507533, 0.00083075161092, 0.000559475389309, 0.000329138478264, 0.00028451345861, 0.000192028819583, 0.000150809340994, 0.000227417374845, 0.000281238346361, 0.000178970251, 0.000121229284559, 6.57199780107e-05, 6.91612731316e-05, 3.6905046727e-05, 4.30111686001e-05, 2.97604965454e-05, 3.81491663575e-05, 2.91469314107e-05, 1.94654567167e-05, 1.62650339917e-05, 7.93663002696e-06, 7.41117901271e-06, 7.49249966248e-06, 3.95727784053e-06, 4.5418451009e-06, 3.94116068492e-06, 5.49712149223e-06, 5.26289022673e-06, 1.53783992118e-06, 1.25141389162e-06, 9.75099624156e-07, 8.86129726041e-07, 1.23997540413e-06, 1.59530782184e-06, 1.75931586455e-06, 1.29548152472e-06, 9.92445961856e-07, 1.20773245271e-06, 1.01441423794e-06],
        "dmean2": [0.00317620532587, 0.00297628156841, 0.00139806524385, 0.00092445750488, 0.000535498780664, 0.000461091083707, 0.000307378533762, 0.000236792679061, 0.000332223396981, 0.000420575030148, 0.000276679726085, 0.000194262436708, 0.0001031402644, 0.00011415922927, 6.05294699199e-05, 7.01767130522e-05, 4.90368656756e-05, 6.12655348959e-05, 4.73437576147e-05, 3.20930521411e-05, 2.62091161858e-05, 1.28820420287e-05, 1.20287304526e-05, 1.24560956465e-05, 6.54983296045e-06, 7.58786882216e-06, 6.51682967145e-06, 9.07242247195e-06, 8.73440876603e-06, 2.38197981162e-06, 1.92968695956e-06, 1.49197171595e-06, 1.35454615702e-06, 1.95025108951e-06, 2.42224291469e-06, 2.72538250101e-06, 1.97772442334e-06, 1.55577629357e-06, 1.86860336271e-06, 1.5217199234e-06],
        "dvar": [1.47286027641e-05, 1.50336891238e-05, 2.25969461098e-06, 1.24406528812e-06, 3.59029371566e-07, 3.06083251189e-07, 1.47623964608e-07, 1.23741259017e-07, 2.0020804925e-07, 3.31360922701e-07, 1.37369639219e-07, 9.75040705953e-08, 1.95605931452e-08, 1.91090894219e-08, 3.46596595868e-09, 5.47993073141e-09, 2.6471898007e-09, 4.10836431541e-09, 2.94008350998e-09, 1.68109992593e-09, 7.20396686749e-10, 1.30033539492e-10, 1.09886003075e-10, 1.10596469483e-10, 2.26888785537e-11, 4.36341171528e-11, 2.60907476179e-11, 4.99771682372e-11, 5.13210932085e-11, 4.13227958795e-12, 4.137573964e-12, 2.46288774965e-12, 2.33476757892e-12, 6.1000184938e-12, 9.61808323957e-12, 8.84916185467e-12, 5.28934101379e-12, 5.20105746665e-12, 1.29912842636e-11, 7.53289097766e-12],
        "dvar2": [4.09744461649e-05, 3.80287201551e-05, 6.22077322987e-06, 3.25297082782e-06, 9.07356536572e-07, 7.56509621169e-07, 3.71454319747e-07, 3.3104052477e-07, 4.37737838865e-07, 7.47162459902e-07, 3.11957165877e-07, 2.33522371218e-07, 4.61881519698e-08, 5.17646974174e-08, 8.61163140797e-09, 1.50274264143e-08, 6.40133501761e-09, 1.04605044626e-08, 7.70548247431e-09, 4.84565632064e-09, 1.92508631258e-09, 3.51699558365e-10, 2.8030106014e-10, 3.06970587838e-10, 6.244907369e-11, 1.19729046122e-10, 6.71043151601e-11, 1.47022963248e-10, 1.37111155762e-10, 9.31900303452e-12, 9.58441138954e-12, 5.29281739964e-12, 5.27372026257e-12, 1.40524493084e-11, 2.22684544415e-11, 1.84928773683e-11, 1.04004582724e-11, 1.12994596319e-11, 3.25210934571e-11, 1.39090362491e-11],
        "max": [0.0362602099776, 0.0367214269936, 0.0161864906549, 0.012382524088, 0.00734720285982, 0.00676219770685, 0.00641967635602, 0.00533884391189, 0.00697284704074, 0.00807600747794, 0.00620156293735, 0.00570750888437, 0.00265512312762, 0.00178133964073, 0.00089326914167, 0.00105887860991, 0.000866236223374, 0.000807715579867, 0.000835679820739, 0.00071870960528, 0.000362957769539, 0.000135350084747, 0.00015959769371, 0.000122144760098, 5.12916849402e-05, 0.000105743027234, 6.09328344581e-05, 8.56463739183e-05, 9.84555954346e-05, 3.1468240195e-05, 3.25505607179e-05, 1.94977255887e-05, 1.86655579455e-05, 4.50185580121e-05, 5.80258711125e-05, 6.16189863649e-05, 5.26060648554e-05, 6.58845383441e-05, 0.000100404329714, 6.70922381687e-05],
        "mean": [0.00458315154538, 0.00483910227194, 0.00145191187039, 0.000846463779453, 0.000531213067006, 0.000464506971184, 0.000332672643708, 0.000263336027274, 0.00044667389011, 0.000572619028389, 0.000366562308045, 0.000220463378355, 0.000124652899103, 0.000117250274343, 6.86169296387e-05, 7.72859129938e-05, 5.87696486036e-05, 7.08984734956e-05, 4.9364331062e-05, 3.30066868628e-05, 3.17561825796e-05, 1.81597879418e-05, 1.62328378792e-05, 1.44068744703e-05, 9.01499515749e-06, 9.3359976745e-06, 9.76636147243e-06, 1.38526002047e-05, 1.25991518871e-05, 3.42934572473e-06, 2.45568253376e-06, 1.73573175744e-06, 1.59168632763e-06, 2.56649241237e-06, 3.77102946914e-06, 4.59482635051e-06, 3.42616385751e-06, 2.36066375692e-06, 2.65189669335e-06, 2.2282606551e-06],
        "median": [0.00352456932887, 0.00349639356136, 0.00104157160968, 0.000470955361379, 0.000265951472102, 0.000255942519289, 0.000158853377798, 7.56896042731e-05, 0.000111945773824, 0.000103005157143, 0.000116209987027, 7.24721685401e-05, 3.9114322135e-05, 4.50221123174e-05, 3.32604831783e-05, 3.71160022041e-05, 2.74481681117e-05, 3.01298787235e-05, 2.49684253504e-05, 1.64550510817e-05, 1.50165187733e-05, 1.03154779936e-05, 9.46938143898e-06, 9.3547942015e-06, 6.73856857247e-06, 7.0313053584e-06, 7.89589921624e-06, 1.06154757304e-05, 8.99760470929e-06, 2.62618959823e-06, 1.52780648932e-06, 1.00806903447e-06, 8.90169246759e-07, 1.63888944371e-06, 2.55214854405e-06, 3.48756293533e-06, 2.36129153564e-06, 1.45718809108e-06, 1.54325084623e-06, 1.18193997878e-06],
        "min": [2.72076331552e-24, 2.76234437105e-24, 2.83530039693e-24, 2.55369342263e-24, 4.0030987238e-24, 1.02838124304e-23, 9.28965205229e-24, 1.52384150621e-23, 3.01145788856e-23, 1.26491779337e-23, 1.20470893141e-23, 1.91693673285e-23, 2.20574423228e-23, 4.03154899235e-24, 6.85856496927e-24, 8.64229780511e-24, 1.0060543495e-23, 7.50246321683e-24, 9.23042358667e-24, 1.18350853124e-23, 8.37425549129e-24, 9.49873647978e-24, 1.4198849428e-23, 4.77168038173e-24, 5.08517212775e-24, 8.40977474241e-24, 5.56965302484e-24, 8.38101602925e-24, 1.01889803055e-23, 9.37908836856e-24, 1.48573463355e-23, 1.27003008535e-23, 8.69913602219e-24, 1.43444053091e-23, 9.19357904923e-24, 8.72065062566e-24, 1.27399734573e-23, 9.81800347648e-24, 1.06391966348e-23, 1.33974345904e-23],
        "stdev": [0.00441426597536, 0.00470903562382, 0.00151968293358, 0.00114247214515, 0.000742888136301, 0.00066596356919, 0.000543763395399, 0.000508651661221, 0.000737130001653, 0.00101645407267, 0.000628712819889, 0.000483353127493, 0.000251770397881, 0.000201565329917, 9.83512800303e-05, 0.000110058121209, 8.42712397571e-05, 0.000102534235339, 7.16020149412e-05, 5.17128610227e-05, 4.35617075709e-05, 2.07835400943e-05, 2.02689971047e-05, 1.56643109221e-05, 8.44169062475e-06, 9.19867670746e-06, 8.60356249177e-06, 1.32545446832e-05, 1.22222509162e-05, 3.18248339681e-06, 2.91622177429e-06, 2.20487231672e-06, 2.08336359719e-06, 3.57734120371e-06, 4.81487313664e-06, 5.03328874402e-06, 4.26273709309e-06, 3.75514241568e-06, 4.59322473034e-06, 4.17389628637e-06],
        "var": [1.94857439055e-05, 2.21750160563e-05, 2.30943624047e-06, 1.30524256292e-06, 5.51882749278e-07, 4.43507474301e-07, 2.95678631801e-07, 2.58726515767e-07, 5.43360613392e-07, 1.03317881894e-06, 3.95279840859e-07, 2.33630245816e-07, 6.33883345813e-08, 4.06285813881e-08, 9.67297442145e-09, 1.21127907704e-08, 7.10164149709e-09, 1.05132693662e-08, 5.12684827925e-09, 2.67422017863e-09, 1.89762250358e-09, 4.31955554658e-10, 4.10832229347e-10, 2.45370640473e-10, 7.12621350818e-11, 8.46156547607e-11, 7.40212890982e-11, 1.75682954295e-10, 1.49383422299e-10, 1.01282003617e-11, 8.50435000199e-12, 4.86146192746e-12, 4.34040433803e-12, 1.2797370802e-11, 2.31830041275e-11, 2.53339953182e-11, 1.8170926569e-11, 1.41010944241e-11, 2.10977138537e-11, 1.74214115356e-11]
    },
    "melbands128": {
