{
"lowlevel": {
    "average_loudness": 0.958483219147,
    "barkbands_crest": {
        "dmean": 3.07651686668,
        "dmean2": 5.10967969894,
        "dvar": 7.07851409912,
        "dvar2": 19.1676921844,
        "max": 25.4827747345,
        "mean": 11.3400096893,
        "median": 10.5353002548,
        "min": 2.80692315102,
        "stdev": 4.63091850281,
        "var": 21.4454059601
    },
    "barkbands_flatness_db": {
        "dmean": 0.0269427131861,
        "dmean2": 0.0417040474713,
        "dvar": 0.000659294892102,
        "dvar2": 0.00161176477559,
        "max": 0.767742216587,
        "mean": 0.154294297099,
        "median": 0.133223935962,
        "min": 0.0275616738945,
        "stdev": 0.092883348465,
        "var": 0.0086273169145
    },
    "barkbands_kurtosis": {
        "dmean": 3.9841697216,
        "dmean2": 6.5620932579,
        "dvar": 97.7089080811,
        "dvar2": 245.945388794,
        "max": 274.984405518,
        "mean": 6.65308094025,
        "median": 2.14453935623,
        "min": -1.84685146809,
        "stdev": 16.6918449402,
        "var": 278.617706299
    },
    "barkbands_skewness": {
        "dmean": 0.6100654006,
        "dmean2": 0.967431128025,
        "dvar": 0.338150709867,
        "dvar2": 0.838867664337,
        "max": 14.4456615448,
        "mean": 1.83995568752,
        "median": 1.55446612835,
        "min": -1.08862328529,
        "stdev": 1.45453035831,
        "var": 2.11565852165
    },
    "barkbands_spread": {
        "dmean": 5.05213975906,
        "dmean2": 8.13590621948,
        "dvar": 35.6011314392,
        "dvar2": 77.6480712891,
        "max": 105.965873718,
        "mean": 19.4379997253,
        "median": 18.4480323792,
        "min": 0.202828839421,
        "stdev": 12.5631065369,
        "var": 157.831634521
    },
    "dissonance": {
        "dmean": 0.0192751903087,
        "dmean2": 0.0320104695857,
        "dvar": 0.000435704831034,
        "dvar2": 0.000897231511772,
        "max": 0.5,
        "mean": 0.465965420008,
        "median": 0.47230476141,
        "min": 0.00447314558551,
        "stdev": 0.0302074328065,
        "var": 0.000912488962058
    },
    "dynamic_complexity": 2.14972162247,
    "erbbands_crest": {
        "dmean": 2.63569307327,
        "dmean2": 4.3565030098,
        "dvar": 5.62226247787,
        "dvar2": 14.9245834351,
        "max": 24.2337837219,
        "mean": 8.79450511932,
        "median": 7.93841362,
        "min": 2.51110911369,
        "stdev": 3.93992424011,
        "var": 15.5230035782
    },
    "erbbands_flatness_db": {
        "dmean": 0.0178442560136,
        "dmean2": 0.0268483292311,
        "dvar": 0.000305860186927,
        "dvar2": 0.000703377649188,
        "max": 0.515697181225,
        "mean": 0.150048807263,
        "median": 0.144503980875,
        "min": 0.0484078712761,
        "stdev": 0.0560152977705,
        "var": 0.00313771353103
    },
    "erbbands_kurtosis": {
        "dmean": 1.045748353,
        "dmean2": 1.73195123672,
        "dvar": 6.36813592911,
        "dvar2": 16.1884632111,
        "max": 66.0447998047,
        "mean": 1.05469679832,
        "median": 0.368680715561,
        "min": -1.61213338375,
        "stdev": 3.9200565815,
        "var": 15.3668432236
    },
    "erbbands_skewness": {
        "dmean": 0.317183703184,
        "dmean2": 0.515092611313,
        "dvar": 0.112714096904,
        "dvar2": 0.303723067045,
        "max": 6.36965942383,
        "mean": 0.26392391324,
        "median": 0.18210940063,
        "min": -1.51450848579,
        "stdev": 0.648347616196,
        "var": 0.420354634523
    },
    "erbbands_spread": {
        "dmean": 7.15532922745,
        "dmean2": 11.4785137177,
        "dvar": 49.4064254761,
        "dvar2": 114.717781067,
        "max": 110.543800354,
        "mean": 33.6299247742,
        "median": 31.029756546,
        "min": 0.96301305294,
        "stdev": 16.1209754944,
        "var": 259.885864258
    },
    "hfc": {
        "dmean": 7.46771383286,
        "dmean2": 11.3950366974,
        "dvar": 133.698959351,
        "dvar2": 266.809448242,
        "max": 230.337539673,
        "mean": 28.2622241974,
        "median": 23.9251880646,
        "min": 1.11690005724e-05,
        "stdev": 23.9978885651,
        "var": 575.898681641
    },
    "loudness_ebu128": {
        "integrated": -8.41286754608,
        "loudness_range": 3.37836933136,
        "momentary": {
            "dmean": 0.500814020634,
            "dmean2": 0.425072789192,
            "dvar": 0.354853630066,
            "dvar2": 0.186571568251,
            "max": -6.36536216736,
            "mean": -8.90471076965,
            "median": -7.96079730988,
            "min": -20.5796260834,
            "stdev": 2.2998418808,
            "var": 5.28927278519
        },
        "short_term": {
            "dmean": 0.0584170855582,
            "dmean2": 0.0556357875466,
            "dvar": 0.00265507120639,
            "dvar2": 0.00249397661537,
            "max": -7.14842605591,
            "mean": -8.64384651184,
            "median": -8.17711639404,
            "min": -11.5444259644,
            "stdev": 1.35647261143,
            "var": 1.84001779556
        }
    },
    "melbands_crest": {
        "dmean": 3.63467001915,
        "dmean2": 5.91778421402,
        "dvar": 9.36043739319,
        "dvar2": 24.6435470581,
        "max": 36.1480751038,
        "mean": 16.8565578461,
        "median": 15.7741479874,
        "min": 3.77239561081,
        "stdev": 6.55090999603,
        "var": 42.9144248962
    },
    "melbands_flatness_db": {
        "dmean": 0.0320767648518,
        "dmean2": 0.049999371171,
        "dvar": 0.000889321323484,
        "dvar2": 0.0022209181916,
        "max": 0.953681051731,
        "mean": 0.236813649535,
        "median": 0.219259768724,
        "min": 0.051281966269,
        "stdev": 0.114230133593,
        "var": 0.0130485231057
    },
    "melbands_kurtosis": {
        "dmean": 8.34742259979,
        "dmean2": 13.6531829834,
        "dvar": 152.066390991,
        "dvar2": 390.315979004,
        "max": 272.279846191,
        "mean": 15.6990270615,
        "median": 7.67508506775,
        "min": -1.32320916653,
        "stdev": 22.2738437653,
        "var": 496.124084473
    },
    "melbands_skewness": {
        "dmean": 0.84609079361,
        "dmean2": 1.36268770695,
        "dvar": 0.584989309311,
        "dvar2": 1.542101264,
        "max": 11.7708005905,
        "mean": 2.86939454079,
        "median": 2.60766744614,
        "min": -0.710445344448,
        "stdev": 1.76668977737,
        "var": 3.12119269371
    },
    "melbands_spread": {
        "dmean": 5.73343706131,
        "dmean2": 9.22853374481,
        "dvar": 37.6353759766,
        "dvar2": 91.0461425781,
        "max": 111.6039505,
        "mean": 19.426908493,
        "median": 16.8176193237,
        "min": 0.331266760826,
        "stdev": 13.6959238052,
        "var": 187.578338623
    },
    "pitch_salience": {
        "dmean": 0.081914678216,
        "dmean2": 0.135738551617,
        "dvar": 0.00511381449178,
        "dvar2": 0.0139978323132,
        "max": 0.816961467266,
        "mean": 0.49656239152,
        "median": 0.503126978874,
        "min": 0.080765247345,
        "stdev": 0.127804711461,
        "var": 0.0163340438157
    },
    "silence_rate_20dB": {
        "dmean": 0,
        "dmean2": 0,
        "dvar": 0,
        "dvar2": 0,
        "max": 1,
        "mean": 1,
        "median": 1,
        "min": 1,
        "stdev": 0,
        "var": 0
    },
    "silence_rate_30dB": {
        "dmean": 0.0681114569306,
        "dmean2": 0.136328428984,
        "dvar": 0.0634719654918,
        "dvar2": 0.139431193471,
        "max": 1,
        "mean": 0.87161642313,
        "median": 1,
        "min": 0,
        "stdev": 0.33451461792,
        "var": 0.111900039017
    },
    "silence_rate_60dB": {
        "dmean": 0.00386996893212,
        "dmean2": 0.00697134016082,
        "dvar": 0.00385485123843,
        "dvar2": 0.00847195181996,
        "max": 1,
        "mean": 0.00618716143072,
        "median": 0,
        "min": 0,
        "stdev": 0.0784141793847,
        "var": 0.0061487830244
    },
    "spectral_centroid": {
        "dmean": 207.336517334,
        "dmean2": 337.55078125,
        "dvar": 41719.140625,
        "dvar2": 111010.664062,
        "max": 3394.80078125,
        "mean": 1211.49523926,
        "median": 1256.38110352,
        "min": 99.8775177002,
        "stdev": 558.187988281,
        "var": 311573.84375
    },
    "spectral_complexity": {
        "dmean": 3.68343663216,
        "dmean2": 5.72269535065,
        "dvar": 16.2163715363,
        "dvar2": 30.0703544617,
        "max": 58,
        "mean": 22.560710907,
        "median": 22,
        "min": 0,
        "stdev": 9.48260784149,
        "var": 89.9198455811
    },
    "spectral_decrease": {
        "dmean": 5.05959363295e-09,
        "dmean2": 8.38459168762e-09,
        "dvar": 3.66195504155e-17,
        "dvar2": 1.04266321353e-16,
        "max": -4.05076735772e-15,
        "mean": -1.50789993825e-08,
        "median": -1.27261561289e-08,
        "min": -7.49319184479e-08,
        "stdev": 1.08304467616e-08,
        "var": 1.17298578374e-16
    },
    "spectral_energy": {
        "dmean": 0.0193293932825,
        "dmean2": 0.0320086665452,
        "dvar": 0.000525167735759,
        "dvar2": 0.00149700418115,
        "max": 0.285771787167,
        "mean": 0.0594750605524,
        "median": 0.0517221912742,
        "min": 1.63015982935e-08,
        "stdev": 0.0413986258209,
        "var": 0.00171384622809
    },
    "spectral_energyband_high": {
        "dmean": 0.000476494256873,
        "dmean2": 0.000706294260453,
        "dvar": 1.14724321065e-06,
        "dvar2": 2.13577095565e-06,
        "max": 0.0239121150225,
        "mean": 0.000999748473987,
        "median": 0.000522475165781,
        "min": 4.88616480609e-10,
        "stdev": 0.00200461014174,
        "var": 4.0184613681e-06
    },
    "spectral_energyband_low": {
        "dmean": 0.0177966915071,
        "dmean2": 0.0295340456069,
        "dvar": 0.000548021227587,
        "dvar2": 0.00152554654051,
        "max": 0.269765406847,
        "mean": 0.0380753427744,
        "median": 0.0249881073833,
        "min": 7.41392103265e-09,
        "stdev": 0.0393352881074,
        "var": 0.00154726498295
    },
    "spectral_energyband_middle_high": {
        "dmean": 0.00272639095783,
        "dmean2": 0.00434220861644,
        "dvar": 1.09430748125e-05,
        "dvar2": 2.78123170574e-05,
        "max": 0.0539198368788,
        "mean": 0.00908251479268,
        "median": 0.00706062931567,
        "min": 2.16844275869e-09,
        "stdev": 0.00756962224841,
        "var": 5.72991775698e-05
    },
    "spectral_energyband_middle_low": {
        "dmean": 0.00540601788089,
        "dmean2": 0.00902018230408,
        "dvar": 5.70945558138e-05,
        "dvar2": 0.000163645498105,
        "max": 0.0808365419507,
        "mean": 0.0131804859266,
        "median": 0.0104039190337,
        "min": 5.54679147058e-09,
        "stdev": 0.0106131155044,
        "var": 0.00011263822671
    },
    "spectral_entropy": {
        "dmean": 0.164900720119,
        "dmean2": 0.248788371682,
        "dvar": 0.0333969779313,
        "dvar2": 0.0738780945539,
        "max": 8.76086997986,
        "mean": 7.50649356842,
        "median": 7.60041570663,
        "min": 3.70991396904,
        "stdev": 0.610383152962,
        "var": 0.372567564249
    },
    "spectral_flux": {
        "dmean": 0.0301037989557,
        "dmean2": 0.047824729234,
        "dvar": 0.000834259844851,
        "dvar2": 0.00208749854937,
        "max": 0.325031131506,
        "mean": 0.117553837597,
        "median": 0.109597548842,
        "min": 0.00012767771841,
        "stdev": 0.0543406158686,
        "var": 0.00295290234499
    },
    "spectral_kurtosis": {
        "dmean": 4.94853448868,
        "dmean2": 8.28823375702,
        "dvar": 1301.07067871,
        "dvar2": 3639.55273438,
        "max": 975.883605957,
        "mean": 10.1885585785,
        "median": 4.19675207138,
        "min": -0.889458656311,
        "stdev": 45.7990875244,
        "var": 2097.55639648
    },
    "spectral_rms": {
        "dmean": 0.00115264370106,
        "dmean2": 0.00187390425708,
        "dvar": 1.25397036754e-06,
        "dvar2": 3.45564899362e-06,
        "max": 0.01669735834,
        "mean": 0.00716076372191,
        "median": 0.00710356794298,
        "min": 3.98798192691e-06,
        "stdev": 0.00259765982628,
        "var": 6.74783677823e-06
    },
    "spectral_rolloff": {
        "dmean": 340.930877686,
        "dmean2": 583.231445312,
        "dvar": 358058.1875,
        "dvar2": 714115.9375,
        "max": 9646.875,
        "mean": 1044.8515625,
        "median": 882.861328125,
        "min": 64.599609375,
        "stdev": 1049.2869873,
        "var": 1101003.25
    },
    "spectral_skewness": {
        "dmean": 0.283112972975,
        "dmean2": 0.435065925121,
        "dvar": 0.494736343622,
        "dvar2": 1.10609209538,
        "max": 24.4325141907,
        "mean": 1.91723501682,
        "median": 1.5703561306,
        "min": 0.523806869984,
        "stdev": 1.74954795837,
        "var": 3.06091785431
    },
    "spectral_spread": {
        "dmean": 549655.5625,
        "dmean2": 795609.0625,
        "dvar": 1.03837027533e+12,
        "dvar2": 1.36421533286e+12,
        "max": 28840470,
        "mean": 4314969.5,
        "median": 4129959.25,
        "min": 144006.3125,
        "stdev": 1631253.375,
        "var": 2.66098756813e+12
    },
    "spectral_strongpeak": {
        "dmean": 0.527549862862,
        "dmean2": 0.942943513393,
        "dvar": 1.15592455864,
        "dvar2": 3.10018324852,
        "max": 9.29100704193,
        "mean": 0.76380199194,
        "median": 0.389762282372,
        "min": 0,
        "stdev": 1.17177689075,
        "var": 1.37306118011
    },
    "zerocrossingrate": {
        "dmean": 0.00847235973924,
        "dmean2": 0.010211924091,
        "dvar": 9.81573248282e-05,
        "dvar2": 0.000118447424029,
        "max": 0.27294921875,
        "mean": 0.0458153560758,
        "median": 0.04150390625,
        "min": 0.0009765625,
        "stdev": 0.0305313616991,
        "var": 0.000932164082769
    },
    "barkbands": {
        "dmean": [0.00121346849483, 0.0149251315743, 0.0052099423483, 0.00308028422296, 0.00196075206622, 0.00122272502631, 0.000557857507374, 0.000966603460256, 0.000534523860551, 0.000380522047635, 0.00104812614154, 0.000839664193336, 0.000937828037422, 0.000608991889749, 0.000318731559673, 0.00021832602215, 0.000236643361859, 0.000184744640137, 0.000181298397365, 0.000126793544041, 0.000104736296635, 0.000104109225504, 7.87985845818e-05, 9.69070824794e-05, 7.84952208051e-05, 6.05857785558e-05, 1.05326380435e-05],
        "dmean2": [0.00134623830672, 0.025243382901, 0.00889499671757, 0.00542376609519, 0.0033472860232, 0.00200609420426, 0.000924846623093, 0.00153314822819, 0.000840107386466, 0.000600192521233, 0.00169770186767, 0.00137356668711, 0.00149798113853, 0.00102746672928, 0.000517843698617, 0.000366789463442, 0.00039778201608, 0.000306891510263, 0.000308126764139, 0.000207673874684, 0.000172722735442, 0.000164320852491, 0.000125603371998, 0.000139501789818, 0.000112181172881, 8.64649337018e-05, 1.66820282175e-05],
        "dvar": [4.60467526864e-06, 0.000461692456156, 6.08253358223e-05, 2.92382155749e-05, 7.58698251957e-06, 4.12531971961e-06, 7.13109159278e-07, 2.47521688834e-06, 5.31150192273e-07, 2.48818565751e-07, 5.56415534447e-06, 1.87793125406e-06, 3.07628033624e-06, 1.29215902689e-06, 4.68224214956e-07, 9.15077151831e-08, 1.75740652253e-07, 1.20257979574e-07, 7.13504419991e-08, 4.91362577293e-08, 3.71186459347e-08, 3.99461157485e-08, 4.10744966928e-08, 1.65193782209e-07, 7.20558901435e-08, 5.2144478957e-08, 2.22088880619e-09],
        "dvar2": [5.1920255828e-06, 0.00131883064751, 0.000170340790646, 8.83865868673e-05, 2.15553445742e-05, 1.10839537228e-05, 1.92060429072e-06, 5.55487804377e-06, 1.31625142785e-06, 5.93302104335e-07, 1.34781785164e-05, 4.81586312162e-06, 7.92725677456e-06, 3.23189237861e-06, 1.16332319067e-06, 2.40160773046e-07, 4.81139807107e-07, 3.17514746939e-07, 1.90319511262e-07, 1.28084352014e-07, 9.39276034728e-08, 8.51547952152e-08, 1.02805749691e-07, 2.77508775071e-07, 1.27972612063e-07, 1.02017580161e-07, 5.1226769493e-09],
        "max": [0.03250079602, 0.228428572416, 0.0622898116708, 0.0519623830914, 0.0241692066193, 0.0234892200679, 0.00960083398968, 0.0277674458921, 0.00923255644739, 0.00686854915693, 0.0282416120172, 0.016885554418, 0.0264894198626, 0.0202824492007, 0.0119038838893, 0.00337508996017, 0.00439559249207, 0.00492959143594, 0.00326554733329, 0.00324933137745, 0.00196771672927, 0.00322628836147, 0.00366546795703, 0.0175419915468, 0.0083974422887, 0.00507124979049, 0.00101200141944],
        "mean": [0.00309414579533, 0.0263587199152, 0.00682149734348, 0.00359294191003, 0.00353014748544, 0.00209124526009, 0.000996693503112, 0.00184520985931, 0.00101297860965, 0.000724782352336, 0.00169313629158, 0.00150258501526, 0.00186243839562, 0.00103333476, 0.000588000402786, 0.000423934194259, 0.000428716884926, 0.000357791926945, 0.00036360436934, 0.000253223028267, 0.00018929070211, 0.000188960286323, 0.000137232025736, 0.000175307373866, 0.00012573665299, 7.27783772163e-05, 1.06582238004e-05],
        "median": [0.00148831447586, 0.0143260788172, 0.00350966327824, 0.00153065985069, 0.00234759482555, 0.0013163939584, 0.000612331263255, 0.00085481692804, 0.000599885126576, 0.000454337830888, 0.000434643443441, 0.000664776423946, 0.000438025163021, 0.000473853113363, 0.0002534831292, 0.000275919242995, 0.000192111518118, 0.000182436837349, 0.000263283611275, 0.000146671271068, 0.000132654473418, 9.63179045357e-05, 6.32498849882e-05, 4.09970489272e-05, 2.45112787525e-05, 1.16662531582e-05, 4.71105892075e-07],
        "min": [2.75252087789e-09, 3.59521412641e-09, 1.76665337914e-09, 1.25873123036e-09, 1.76032233234e-09, 9.8198160714e-10, 6.86362522373e-10, 4.40358083331e-10, 3.39250794124e-10, 2.76952127898e-10, 2.2944138256e-10, 2.08195322093e-10, 2.87317336589e-10, 2.98248259423e-10, 1.85999507463e-10, 1.51768708712e-10, 2.92509239053e-10, 1.19638576823e-10, 1.16117095106e-10, 8.08297387356e-11, 7.58067844608e-11, 5.30380739328e-11, 4.80335528297e-11, 5.71963899854e-11, 3.81202500122e-11, 6.98616078182e-12, 1.00061896702e-12],
        "stdev": [0.00496727181599, 0.0317843146622, 0.00918049085885, 0.0056488327682, 0.00366667984053, 0.0025266057346, 0.00116851355415, 0.0028369857464, 0.00117081939243, 0.00085367274005, 0.00323242205195, 0.00224591628648, 0.00340220960788, 0.00166451896075, 0.00107635953464, 0.000466643599793, 0.000631574424915, 0.000523486873135, 0.000407366780564, 0.000348530971678, 0.000239904533373, 0.000297788006719, 0.000260879227426, 0.000831267447211, 0.000496027176268, 0.00031725683948, 5.29458084202e-05],
        "var": [2.46737909038e-05, 0.00101024261676, 8.42814115458e-05, 3.19093123835e-05, 1.34445408548e-05, 6.38373603579e-06, 1.36542394102e-06, 8.04848787084e-06, 1.37081792673e-06, 7.28757186153e-07, 1.04485516204e-05, 5.0441399253e-06, 1.15750308396e-05, 2.77062326859e-06, 1.15854982141e-06, 2.1775623793e-07, 3.98886243147e-07, 2.74038484349e-07, 1.65947682262e-07, 1.21473846093e-07, 5.75541818648e-08, 8.86777016262e-08, 6.80579645973e-08, 6.91005539011e-07, 2.46042958452e-07, 1.00651902812e-07, 2.80325851421e-09]
    },
    "erbbands": {
        "dmean": [0.557134270668, 3.18614888191, 5.98459148407, 7.68847131729, 8.04493236542, 6.11620521545, 9.26572036743, 11.5198249817, 7.80628967285, 13.0221614838, 19.1109161377, 10.7880907059, 12.0552349091, 19.8528347015, 40.4780578613, 26.1871604919, 36.2376708984, 38.886592865, 16.651550293, 13.5490732193, 13.5012016296, 13.2372665405, 10.5986127853, 7.39935874939, 8.68788337708, 5.96427202225, 4.87241411209, 3.59103679657, 4.02324104309, 2.61204504967, 2.28976917267, 1.64523422718, 1.91514074802, 1.04317426682, 0.471680492163, 0.231460601091, 0.118117392063, 0.0330888032913, 0.00102689035702, 3.74491719413e-05],
        "dmean2": [0.888906955719, 5.47893285751, 10.3116531372, 13.0046358109, 13.965929985, 10.4102010727, 15.9271583557, 18.5176868439, 13.0661020279, 20.9002113342, 30.5486507416, 17.1088848114, 18.9665718079, 31.8125400543, 65.044418335, 42.9140434265, 56.6359214783, 64.9437179565, 27.1819324493, 22.5750541687, 22.4601840973, 22.1686058044, 17.5968055725, 12.3139295578, 14.5399751663, 9.82743453979, 8.30024719238, 5.81273508072, 6.39632558823, 4.03099489212, 3.68953943253, 2.46280884743, 2.7577662468, 1.46972632408, 0.686487197876, 0.346603363752, 0.175023779273, 0.0501672588289, 0.00164502614643, 5.88638176851e-05],
        "dvar": [0.791287481785, 20.5857944489, 78.9588317871, 158.263793945, 206.184936523, 90.3448410034, 319.4871521, 347.703704834, 152.233123779, 367.466583252, 1029.03955078, 263.099304199, 203.913726807, 1126.11633301, 5196.26611328, 1670.60473633, 6248.83300781, 5042.85253906, 1765.19311523, 643.858825684, 357.3046875, 593.684753418, 462.227905273, 124.793922424, 234.133773804, 116.769256592, 74.7422790527, 52.0627059937, 61.59425354, 31.024394989, 35.8116455078, 14.9429645538, 119.658752441, 19.5021514893, 1.81557631493, 0.782859563828, 0.213400989771, 0.0184571426362, 2.01169259526e-05, 7.22254256402e-09],
        "dvar2": [2.09578418732, 60.3957138062, 223.309234619, 458.948974609, 664.299377441, 249.970397949, 916.859985352, 902.052001953, 437.070587158, 835.004577637, 2246.33276367, 669.844360352, 488.818511963, 2628.53271484, 12875.7910156, 4208.359375, 15723.6748047, 13307.9873047, 4413.92578125, 1862.99707031, 972.753112793, 1623.96716309, 1261.26696777, 334.381317139, 618.683044434, 299.865570068, 191.657608032, 129.132919312, 138.923156738, 66.4474716187, 85.3415756226, 26.9238300323, 222.848983765, 33.8575782776, 3.37109899521, 1.32159936428, 0.45301091671, 0.0421014875174, 4.61011986772e-05, 1.60974877872e-08],
        "max": [11.2137861252, 43.9144439697, 69.9843597412, 132.897689819, 167.014389038, 112.416816711, 284.803497314, 211.242980957, 149.150131226, 310.189544678, 608.868896484, 184.727981567, 165.613113403, 411.632537842, 924.395324707, 844.252868652, 1278.05175781, 1172.26782227, 668.403991699, 309.120330811, 216.384109497, 276.686096191, 323.681488037, 135.072677612, 249.530715942, 147.60987854, 88.0734176636, 76.4033279419, 132.202804565, 97.2906417847, 113.809356689, 75.2624816895, 473.652130127, 176.55506897, 30.4030303955, 19.8997154236, 9.63962364197, 2.380849123, 0.0944538712502, 0.00159416219685],
        "mean": [1.07266032696, 4.59538650513, 8.29495429993, 10.4240922928, 11.3111629486, 10.5319166183, 15.9066143036, 18.8739013672, 13.9183177948, 25.6595211029, 36.5308227539, 21.2263622284, 25.4291343689, 38.3982543945, 71.9067611694, 52.8397254944, 78.7029495239, 73.083656311, 33.9941139221, 27.5478897095, 27.1774997711, 25.1450481415, 21.1686153412, 15.9442987442, 18.1604385376, 12.3816776276, 9.35644340515, 6.06582784653, 7.01215219498, 5.06896305084, 3.86499643326, 2.98253107071, 3.33215928078, 1.73170828819, 0.683119237423, 0.30544346571, 0.135391622782, 0.0357806533575, 0.00110831332859, 9.26677894313e-05],
        "median": [0.474355965853, 2.483907938, 4.51141405106, 5.63506889343, 5.16773939133, 6.81074428558, 9.46329784393, 10.3769826889, 8.97733783722, 15.7888774872, 17.9641246796, 12.8064060211, 17.9507770538, 18.9778556824, 32.2459831238, 27.893032074, 21.5262889862, 26.4226722717, 16.4822826385, 14.113035202, 17.3831768036, 12.9676542282, 10.5452489853, 11.6133470535, 10.9418859482, 7.33262968063, 7.15333080292, 3.48148941994, 3.70993614197, 2.19007468224, 1.67467164993, 0.965828359127, 0.584571540356, 0.302619248629, 0.154275581241, 0.0586347356439, 0.0188320819288, 0.00293501163833, 0.000101185207313, 6.92059184075e-05],
        "min": [1.40005283811e-07, 6.92039975547e-07, 1.91130402527e-06, 3.47242735188e-06, 4.88618115924e-06, 5.95942856307e-06, 7.01190629115e-06, 8.28562679089e-06, 9.58882174018e-06, 1.0196097719e-05, 9.20757975109e-06, 7.7670920291e-06, 8.11372774479e-06, 9.45402553043e-06, 9.12385803531e-06, 8.69622544997e-06, 1.26068407553e-05, 1.59988703672e-05, 1.21837974802e-05, 7.57084535508e-06, 1.06954721559e-05, 1.62426258612e-05, 8.67347807798e-06, 4.49089930044e-06, 5.81592348681e-06, 3.89569868275e-06, 3.25035057358e-06, 2.76884770756e-06, 2.09603285839e-06, 1.1233070154e-06, 1.52922120833e-06, 1.12103339234e-06, 1.07629057311e-06, 1.03800527995e-06, 5.7954582644e-07, 2.62894616299e-07, 1.13940387791e-07, 4.16485654853e-08, 9.90861792616e-09, 9.94395232823e-10],
        "stdev": [1.53094232082, 5.61477994919, 10.459643364, 13.7012233734, 17.4786891937, 11.9668445587, 20.0155258179, 24.0861625671, 15.1858158112, 33.1080932617, 54.0301055908, 23.836807251, 24.3350772858, 53.0162658691, 102.113571167, 77.5260925293, 157.185043335, 106.5675354, 64.6922302246, 39.5310897827, 29.1064682007, 35.0410385132, 31.902305603, 16.5840778351, 24.7495937347, 16.8617458344, 10.9231557846, 8.81971263885, 10.8924255371, 8.74084377289, 7.70883989334, 6.94445610046, 20.9236392975, 8.84061336517, 2.11109280586, 1.36227798462, 0.591446340084, 0.16134545207, 0.0051137516275, 0.000117155803309],
        "var": [2.34378433228, 31.5257549286, 109.404144287, 187.723526001, 305.504547119, 143.205368042, 400.621246338, 580.143249512, 230.60899353, 1096.14587402, 2919.25244141, 568.193359375, 592.195983887, 2810.72436523, 10427.1806641, 6010.29443359, 24707.1367188, 11356.6396484, 4185.08447266, 1562.70703125, 847.186462402, 1227.87426758, 1017.75714111, 275.031616211, 612.542419434, 284.318481445, 119.315330505, 77.787322998, 118.644935608, 76.40234375, 59.4262123108, 48.2254676819, 437.798675537, 78.1564407349, 4.45671319962, 1.85580122471, 0.349808782339, 0.0260323565453, 2.61504537775e-05, 1.37254820842e-08]
    },
    "gfcc": {
        "mean": [27.8378982544, 104.008117676, -106.526679993, 30.9802150726, -47.1693687439, 24.4391288757, -28.6122837067, 9.13734149933, -21.0080280304, 5.03807592392, -11.1970825195, 3.64440560341, -11.2599639893],
        "cov": [[6487.13232422, -2153.8371582, -1163.05871582, 262.112457275, -460.594512939, 343.216918945, -374.28729248, 343.328979492, -358.485778809, 314.467712402, -169.750488281, 211.511291504, -348.54284668], [-2153.8371582, 1622.86047363, 713.658813477, 18.8260955811, 310.829162598, 16.7870330811, 290.932769775, -84.3452835083, 313.687042236, -151.292404175, 153.251831055, -138.414978027, 153.279403687], [-1163.05871582, 713.658813477, 1155.17553711, 116.464347839, 267.246643066, 23.3482646942, 127.707901001, -6.80769729614, 202.593215942, -89.306968689, 34.5118103027, -60.1382598877, 40.719291687], [262.112457275, 18.8260955811, 116.464347839, 288.488494873, 101.750396729, 90.4479064941, 57.7439537048, 69.9471740723, 60.6596908569, -6.26361608505, 23.5664978027, -18.7550239563, -5.31065893173], [-460.594512939, 310.829162598, 267.246643066, 101.750396729, 317.956451416, 80.5032806396, 152.590362549, 8.373878479, 72.3557128906, -5.64753293991, 34.1583786011, -37.0153160095, 30.6242809296], [343.216918945, 16.7870330811, 23.3482646942, 90.4479064941, 80.5032806396, 196.851531982, 69.7954940796, 48.2498016357, 43.9877738953, 20.5747146606, 35.9900016785, -22.7826538086, -6.21322965622], [-374.28729248, 290.932769775, 127.707901001, 57.7439537048, 152.590362549, 69.7954940796, 223.253341675, 33.7973251343, 47.273109436, -14.5229082108, 46.505115509, -11.3740272522, 39.3204803467], [343.328979492, -84.3452835083, -6.80769729614, 69.9471740723, 8.373878479, 48.2498016357, 33.7973251343, 117.193389893, 26.8032188416, 22.2727546692, 5.21133565903, 5.93817329407, -15.7891817093], [-358.485778809, 313.687042236, 202.593215942, 60.6596908569, 72.3557128906, 43.9877738953, 47.273109436, 26.8032188416, 202.812988281, -18.4823951721, 46.7488861084, -37.9183998108, 1.38820564747], [314.467712402, -151.292404175, -89.306968689, -6.26361608505, -5.64753293991, 20.5747146606, -14.5229082108, 22.2727546692, -18.4823951721, 90.0966949463, 6.48967123032, 8.39502906799, -7.29726886749], [-169.750488281, 153.251831055, 34.5118103027, 23.5664978027, 34.1583786011, 35.9900016785, 46.505115509, 5.21133565903, 46.7488861084, 6.48967123032, 84.3861236572, -14.3404245377, 19.7749271393], [211.511291504, -138.414978027, -60.1382598877, -18.7550239563, -37.0153160095, -22.7826538086, -11.3740272522, 5.93817329407, -37.9183998108, 8.39502906799, -14.3404245377, 90.6424255371, 10.7178192139], [-348.54284668, 153.279403687, 40.719291687, -5.31065893173, 30.6242809296, -6.21322965622, 39.3204803467, -15.7891817093, 1.38820564747, -7.29726886749, 19.7749271393, 10.7178192139, 103.687149048]],
        "icov": [[0.000584361550864, -1.82509884326e-05, 0.000193479965674, -0.000549545919057, 0.000411027082009, -0.00121017522179, 0.000673096859828, -0.000886095978785, 0.000687841558829, -0.00098773278296, 0.000544894777704, -0.0010505017126, 0.00122901645955], [-1.82509884326e-05, 0.00253084069118, -0.000532781297807, 0.000787803088315, -0.000396802730393, 0.00083148223348, -0.00190967496019, 0.00141298014205, -0.00237670820206, 0.00223717931658, -0.00184764782898, 0.00218983041123, -0.00213141250424], [0.000193479965674, -0.000532781297807, 0.00151295575779, -0.000468988058856, -0.00073336949572, -0.000229077777476, 0.000683698337525, -0.000511257909238, -0.000290269090328, 0.000134728601552, 0.000810262921732, -0.000674407696351, 0.000614103453699], [-0.000549545919057, 0.000787803088315, -0.000468988058856, 0.0057838074863, -0.00182498584036, 5.49541691726e-05, -0.000501950387843, -0.00147837551776, -0.00155253103003, 0.00283233216032, -0.00154738046695, 0.00171612459235, -0.00168610038236], [0.000411027082009, -0.000396802730393, -0.00073336949572, -0.00182498584036, 0.00673392787576, -0.00186534330714, -0.00286931940354, 0.00111715041567, 0.000499711546581, -0.00280823931098, 0.00170549389441, 6.4844294684e-05, 0.000784049450886], [-0.00121017522179, 0.00083148223348, -0.000229077777476, 5.49541691726e-05, -0.00186534330714, 0.0101580014452, -0.00310542085208, 0.000882184947841, -0.00251673604362, 0.00140874064527, -0.00328580779023, 0.00387450540438, -0.00237376405858], [0.000673096859828, -0.00190967496019, 0.000683698337525, -0.000501950387843, -0.00286931940354, -0.00310542085208, 0.0106511274353, -0.00483953766525, 0.0029826303944, -0.000385555467801, -0.000871662166901, -0.00342381512746, 0.00112980999984], [-0.000886095978785, 0.00141298014205, -0.000511257909238, -0.00147837551776, 0.00111715041567, 0.000882184947841, -0.00483953766525, 0.0147909903899, -0.00405021943152, -0.00075699336594, -2.34176738445e-07, 0.00120614166372, -0.00125551142264], [0.000687841558829, -0.00237670820206, -0.000290269090328, -0.00155253103003, 0.000499711546581, -0.00251673604362, 0.0029826303944, -0.00405021943152, 0.0105438018218, -0.00198902678676, -0.00114548928104, -0.00158628227655, 0.00391515064985], [-0.00098773278296, 0.00223717931658, 0.000134728601552, 0.00283233216032, -0.00280823931098, 0.00140874064527, -0.000385555467801, -0.00075699336594, -0.00198902678676, 0.0176616888493, -0.00503108138219, 0.00277259503491, -0.00364797166549], [0.000544894777704, -0.00184764782898, 0.000810262921732, -0.00154738046695, 0.00170549389441, -0.00328580779023, -0.000871662166901, -2.34176738445e-07, -0.00114548928104, -0.00503108138219, 0.0183890480548, -0.00122725823894, 7.6465868915e-05], [-0.0010505017126, 0.00218983041123, -0.000674407696351, 0.00171612459235, 6.4844294684e-05, 0.00387450540438, -0.00342381512746, 0.00120614166372, -0.00158628227655, 0.00277259503491, -0.00122725823894, 0.0168229565024, -0.00600913586095], [0.00122901645955, -0.00213141250424, 0.000614103453699, -0.00168610038236, 0.000784049450886, -0.00237376405858, 0.00112980999984, -0.00125551142264, 0.00391515064985, -0.00364797166549, 7.6465868915e-05, -0.00600913586095, 0.0159029923379]]
    },
    "melbands": {
        "dmean": [0.00439438270405, 0.00304540246725, 0.00129113881849, 0.000438662682427, 0.000316297955578, 0.000241896152147, 0.000116711591545, 0.000166615413036, 0.000134745918331, 7.44856733945e-05, 6.31447401247e-05, 7.7932534623e-05, 0.000156716952915, 0.000107948646473, 5.12224287377e-05, 0.000108299922431, 6.63791215629e-05, 2.96000962408e-05, 2.09482495848e-05, 1.48048557094e-05, 1.70945222635e-05, 1.60916533787e-05, 1.11228473543e-05, 8.25386268843e-06, 6.40483131065e-06, 8.01232999947e-06, 5.47926811123e-06, 3.7626714402e-06, 3.70172256225e-06, 2.35614902522e-06, 2.1715013645e-06, 2.56114890362e-06, 1.93457890418e-06, 1.44319415085e-06, 1.45162584886e-06, 1.14246495286e-06, 1.06170796244e-06, 1.52074073867e-06, 1.20630090805e-06, 7.79174172294e-07],
        "dmean2": [0.00729097658768, 0.0052653523162, 0.00221097283065, 0.000757871894166, 0.000541315879673, 0.000391140318243, 0.000194283624296, 0.000263399299001, 0.000214648636756, 0.000117928895634, 9.95159789454e-05, 0.000124164580484, 0.000252414349234, 0.000176601126441, 8.24521848699e-05, 0.000174306696863, 0.000110934088298, 4.83979383716e-05, 3.47952955053e-05, 2.48247179115e-05, 2.85313944914e-05, 2.71933695331e-05, 1.87076602742e-05, 1.37080651257e-05, 1.08008252937e-05, 1.36109756568e-05, 9.0262701633e-06, 6.26030259809e-06, 6.36584900349e-06, 3.90978220821e-06, 3.53825021193e-06, 4.19288971898e-06, 3.01163322547e-06, 2.26763313549e-06, 2.37073800236e-06, 1.82294365914e-06, 1.56425016939e-06, 2.29221086556e-06, 1.65718552125e-06, 1.18324589948e-06],
        "dvar": [4.38151473645e-05, 1.81918458111e-05, 4.34585081166e-06, 4.42486623342e-07, 3.06993456434e-07, 1.48461595018e-07, 3.13261452334e-08, 5.98761786819e-08, 5.04820398817e-08, 1.13423510584e-08, 5.53323653563e-09, 1.47991192634e-08, 1.12992715628e-07, 3.40428947254e-08, 1.49669681093e-08, 4.28892406035e-08, 1.7290426868e-08, 5.35032329552e-09, 1.44739142893e-09, 5.63543101073e-10, 5.96138804987e-10, 9.31034305207e-10, 5.18726006593e-10, 1.93388874359e-10, 9.65800009411e-11, 1.52767187789e-10, 1.03646452532e-10, 4.53632478803e-11, 3.61836671736e-11, 2.34894985407e-11, 1.91423318169e-11, 2.55024560497e-11, 1.613337762e-11, 1.07389262413e-11, 1.46813325386e-11, 7.8025650177e-12, 6.65001951075e-12, 8.23928633653e-11, 4.24992645243e-11, 9.36936552648e-12],
        "dvar2": [0.000121950892208, 5.17269108968e-05, 1.30720582092e-05, 1.32803347697e-06, 8.56161818774e-07, 3.8275234715e-07, 8.86504238906e-08, 1.36552344543e-07, 1.13014984038e-07, 2.88454042874e-08, 1.30133122056e-08, 3.42753132543e-08, 2.76887135442e-07, 8.94665674878e-08, 3.92292527351e-08, 1.09572731333e-07, 4.38462954833e-08, 1.34344677605e-08, 3.71291886125e-09, 1.50595136361e-09, 1.62529589787e-09, 2.60694177356e-09, 1.29781219105e-09, 5.38442679332e-10, 2.65327732007e-10, 4.12190781507e-10, 2.76602796223e-10, 1.15255235911e-10, 9.57489990072e-11, 5.96395433039e-11, 4.82469966756e-11, 6.16475273607e-11, 3.2843009562e-11, 2.67195605919e-11, 3.70556189899e-11, 1.6483961765e-11, 1.2851848058e-11, 1.86791193624e-10, 5.15063512674e-11, 2.01459248589e-11],
        "max": [0.0779729485512, 0.0401424430311, 0.0215166769922, 0.00640830118209, 0.00819095410407, 0.00423068460077, 0.002104252344, 0.00380056235008, 0.00401077698916, 0.00114289787598, 0.000836326216813, 0.00153713615146, 0.00415671383962, 0.00209904951043, 0.00230102636851, 0.00368170440197, 0.00256841769442, 0.00137385411654, 0.000655176467262, 0.000295399368042, 0.000246671144851, 0.000345199659932, 0.000365573214367, 0.000190059377928, 0.000111303808808, 0.000195817003259, 0.000146131307702, 8.03774601081e-05, 6.41049991827e-05, 5.48451898794e-05, 5.06265023432e-05, 7.76706656325e-05, 6.47972119623e-05, 6.00866842433e-05, 7.08443621988e-05, 5.01075810462e-05, 5.57309249416e-05, 0.000370244699297, 0.000279818690615, 9.42002006923e-05],
        "mean": [0.00828011147678, 0.00480916677043, 0.00186064641457, 0.000732718559448, 0.00056210742332, 0.000406573322834, 0.00021230072889, 0.000333481526468, 0.00026154317311, 0.000137050068588, 0.000128603525809, 0.000147419545101, 0.000260397733655, 0.000189555619727, 9.79031610768e-05, 0.000220810732571, 0.000116949951916, 5.45827533642e-05, 3.94263333874e-05, 3.00494848489e-05, 3.17722624459e-05, 2.73729583569e-05, 2.0786681489e-05, 1.54595218191e-05, 1.22472247313e-05, 1.53352302732e-05, 1.08905687739e-05, 7.19389481674e-06, 6.64908338877e-06, 3.82226062356e-06, 3.33602520186e-06, 4.13220277551e-06, 3.47727245753e-06, 2.57704346041e-06, 2.31758463087e-06, 1.84748455467e-06, 1.79022651992e-06, 2.43960766966e-06, 2.16145190279e-06, 1.18570403629e-06],
        "median": [0.00428608059883, 0.00299281836487, 0.00104559259489, 0.000437786889961, 0.000342436076608, 0.000227992015425, 0.000141583019285, 0.000194138483494, 0.00012872350635, 8.00133784651e-05, 8.70614312589e-05, 7.72411731305e-05, 8.66577029228e-05, 8.08898112155e-05, 3.8346312067e-05, 5.21096735611e-05, 4.34318790212e-05, 2.17458982661e-05, 1.88296253327e-05, 1.75836012204e-05, 1.76671182999e-05, 1.18556290545e-05, 8.86922316568e-06, 8.50768356031e-06, 8.25019196782e-06, 1.06269826574e-05, 4.64624599772e-06, 4.38139250036e-06, 4.81571942146e-06, 2.17732417696e-06, 1.717267196e-06, 2.21104346565e-06, 1.49861898535e-06, 1.16169576359e-06, 1.04438709059e-06, 7.26290124931e-07, 5.25304187704e-07, 4.40973366267e-07, 2.88259258241e-07, 2.22536954197e-07],
        "min": [1.25640742255e-09, 9.70692637381e-10, 6.38807284847e-10, 3.88952509089e-10, 2.52587728511e-10, 1.86804599567e-10, 1.46071973961e-10, 1.08823235145e-10, 7.17726850175e-11, 4.74421925356e-11, 4.02359985607e-11, 3.81564849161e-11, 3.12556300286e-11, 2.4105273333e-11, 2.30002249885e-11, 3.07703446056e-11, 2.94040104765e-11, 2.04081473942e-11, 1.29561621848e-11, 8.17567714917e-12, 1.36344928403e-11, 1.70251902853e-11, 1.41144604685e-11, 3.54489983374e-12, 3.44828939708e-12, 4.9891783413e-12, 3.1489027965e-12, 2.44263376886e-12, 2.00840646197e-12, 1.92249124606e-12, 1.47327050733e-12, 1.2457939411e-12, 8.79629919251e-13, 4.91141036261e-13, 8.35195194254e-13, 9.55021868879e-13, 5.82098497008e-13, 8.02260601701e-13, 7.02845442437e-13, 5.04479704538e-13],
        "stdev": [0.0105964159593, 0.00539830420166, 0.00235561677255, 0.000852584489621, 0.000653511611745, 0.000503023213241, 0.000227208161959, 0.000451318046544, 0.000377861579182, 0.000156187728862, 0.000127604231238, 0.000195814718609, 0.00045569537906, 0.000286197260721, 0.000184494201676, 0.000415510032326, 0.000189949962078, 0.000112959169201, 6.08935552009e-05, 3.81585450668e-05, 3.75335293938e-05, 4.28344173997e-05, 3.3835774957e-05, 2.01788025151e-05, 1.37123424793e-05, 1.8531409296e-05, 1.72303352883e-05, 9.85705264611e-06, 7.63790285419e-06, 5.61783144803e-06, 5.2342456911e-06, 6.41966789772e-06, 6.24747463007e-06, 4.56348288935e-06, 4.68856160296e-06, 3.85217754229e-06, 4.3631466724e-06, 1.52647971845e-05, 1.50577188833e-05, 4.9256686907e-06],
        "var": [0.000112284033094, 2.91416872642e-05, 5.54892994842e-06, 7.26900282189e-07, 4.27077452514e-07, 2.5303233997e-07, 5.1623548103e-08, 2.03687989142e-07, 1.42779370549e-07, 2.43946054468e-08, 1.62828399652e-08, 3.83434013429e-08, 2.07658288787e-07, 8.19088725734e-08, 3.40381092201e-08, 1.7264858343e-07, 3.60809906397e-08, 1.27597745703e-08, 3.70802499816e-09, 1.45607459423e-09, 1.40876577071e-09, 1.83478721105e-09, 1.14485965153e-09, 4.07184036488e-10, 1.88028329018e-10, 3.43413131265e-10, 2.96884433704e-10, 9.71614802503e-11, 5.83375639462e-11, 3.15600323653e-11, 2.73973274623e-11, 4.1212137869e-11, 3.90309416731e-11, 2.08253761458e-11, 2.19826119113e-11, 1.48392721722e-11, 1.90370479797e-11, 2.33014024742e-10, 2.26734894748e-10, 2.42622102964e-11]
    },
    "melbands128": {
