{
"lowlevel": {
    "average_loudness": 0.854840874672,
    "barkbands_crest": {
        "dmean": 2.52697062492,
        "dmean2": 3.89898824692,
        "dvar": 7.06914567947,
        "dvar2": 17.3691177368,
        "max": 25.5163955688,
        "mean": 13.4882555008,
        "median": 12.649559021,
        "min": 2.36169862747,
        "stdev": 5.71885824203,
        "var": 32.7053413391
    },
    "barkbands_flatness_db": {
        "dmean": 0.0423760376871,
        "dmean2": 0.0595770440996,
        "dvar": 0.00161489995662,
        "dvar2": 0.0032434493769,
        "max": 0.528847038746,
        "mean": 0.198831632733,
        "median": 0.190846040845,
        "min": 0.0215870756656,
        "stdev": 0.0816058665514,
        "var": 0.00665951799601
    },
    "barkbands_kurtosis": {
        "dmean": 13.517991066,
        "dmean2": 21.799161911,
        "dvar": 938.216308594,
        "dvar2": 2455.5546875,
        "max": 444.326324463,
        "mean": 18.9317455292,
        "median": 5.16573619843,
        "min": -1.9236625433,
        "stdev": 38.0014648438,
        "var": 1444.11132812
    },
    "barkbands_skewness": {
        "dmean": 1.16258656979,
        "dmean2": 1.81915557384,
        "dvar": 1.79445385933,
        "dvar2": 4.40602207184,
        "max": 15.5800409317,
        "mean": 2.8550453186,
        "median": 2.17377591133,
        "min": -3.50192451477,
        "stdev": 2.55823493004,
        "var": 6.54456615448
    },
    "barkbands_spread": {
        "dmean": 12.7739877701,
        "dmean2": 21.1527748108,
        "dvar": 294.406555176,
        "dvar2": 674.481262207,
        "max": 121.50226593,
        "mean": 20.1155204773,
        "median": 12.8668031693,
        "min": 0.196746557951,
        "stdev": 20.1027450562,
        "var": 404.120391846
    },
    "dissonance": {
        "dmean": 0.0357192791998,
        "dmean2": 0.0575619265437,
        "dvar": 0.00135618378408,
        "dvar2": 0.00330432481132,
        "max": 0.499999940395,
        "mean": 0.429636836052,
        "median": 0.44269067049,
        "min": 0.0222654510289,
        "stdev": 0.0527734681964,
        "var": 0.00278503890149
    },
    "dynamic_complexity": 1.60609090328,
    "erbbands_crest": {
        "dmean": 3.08933854103,
        "dmean2": 5.06516885757,
        "dvar": 6.72779083252,
        "dvar2": 17.4730892181,
        "max": 28.2704544067,
        "mean": 9.86572170258,
        "median": 9.1759262085,
        "min": 2.59236955643,
        "stdev": 4.05300331116,
        "var": 16.4268360138
    },
    "erbbands_flatness_db": {
        "dmean": 0.0327990427613,
        "dmean2": 0.0479306541383,
        "dvar": 0.000973638088908,
        "dvar2": 0.00185144459829,
        "max": 0.328572332859,
        "mean": 0.159397080541,
        "median": 0.151627391577,
        "min": 0.049221470952,
        "stdev": 0.0567376799881,
        "var": 0.00321916420944
    },
    "erbbands_kurtosis": {
        "dmean": 1.93573415279,
        "dmean2": 3.13685917854,
        "dvar": 7.50316762924,
        "dvar2": 17.1458778381,
        "max": 54.141960144,
        "mean": 1.44418215752,
        "median": 0.348354578018,
        "min": -1.81658697128,
        "stdev": 3.70890069008,
        "var": 13.755944252
    },
    "erbbands_skewness": {
        "dmean": 0.638363659382,
        "dmean2": 1.00619828701,
        "dvar": 0.4201387465,
        "dvar2": 0.996016681194,
        "max": 6.24421834946,
        "mean": 0.470775336027,
        "median": 0.383892834187,
        "min": -3.2205965519,
        "stdev": 0.975127696991,
        "var": 0.95087403059
    },
    "erbbands_spread": {
        "dmean": 19.9965591431,
        "dmean2": 31.7346343994,
        "dvar": 574.354370117,
        "dvar2": 1260.92211914,
        "max": 201.216156006,
        "mean": 48.7780227661,
        "median": 36.5481452942,
        "min": 4.16816902161,
        "stdev": 38.057674408,
        "var": 1448.38659668
    },
    "hfc": {
        "dmean": 37.3830566406,
        "dmean2": 65.8678512573,
        "dvar": 3778.97143555,
        "dvar2": 10090.2412109,
        "max": 370.294677734,
        "mean": 39.9905509949,
        "median": 22.3746147156,
        "min": 1.17184149516e-16,
        "stdev": 52.5811233521,
        "var": 2764.7746582
    },
    "loudness_ebu128": {
        "integrated": -9.55240058899,
        "loudness_range": 2.45324039459,
        "momentary": {
            "dmean": 0.453814834356,
            "dmean2": 0.488919883966,
            "dvar": 0.133706212044,
            "dvar2": 0.187538594007,
            "max": -7.09333562851,
            "mean": -9.87236690521,
            "median": -9.6637840271,
            "min": -14.0906105042,
            "stdev": 1.71230900288,
            "var": 2.93200206757
        },
        "short_term": {
            "dmean": 0.093618966639,
            "dmean2": 0.100207462907,
            "dvar": 0.00516859116033,
            "dvar2": 0.00700430991128,
            "max": -8.28891086578,
            "mean": -9.57632637024,
            "median": -9.3398809433,
            "min": -11.8876075745,
            "stdev": 0.908570468426,
            "var": 0.825500249863
        }
    },
    "melbands_crest": {
        "dmean": 2.71369624138,
        "dmean2": 4.19184398651,
        "dvar": 8.88719081879,
        "dvar2": 21.0590648651,
        "max": 38.5867195129,
        "mean": 19.8656425476,
        "median": 19.0775165558,
        "min": 2.34648323059,
        "stdev": 8.75170707703,
        "var": 76.5923843384
    },
    "melbands_flatness_db": {
        "dmean": 0.0521148368716,
        "dmean2": 0.0727957338095,
        "dvar": 0.00256890361197,
        "dvar2": 0.00559683376923,
        "max": 0.656775653362,
        "mean": 0.28400349617,
        "median": 0.281379640102,
        "min": 0.0119178239256,
        "stdev": 0.107834622264,
        "var": 0.0116283064708
    },
    "melbands_kurtosis": {
        "dmean": 34.2405662537,
        "dmean2": 53.4510612488,
        "dvar": 5842.55517578,
        "dvar2": 12146.5419922,
        "max": 929.586547852,
        "mean": 62.4868659973,
        "median": 15.9836578369,
        "min": -1.87111186981,
        "stdev": 128.323120117,
        "var": 16466.8222656
    },
    "melbands_skewness": {
        "dmean": 1.51480042934,
        "dmean2": 2.30067777634,
        "dvar": 4.06506443024,
        "dvar2": 8.15052032471,
        "max": 27.3860454559,
        "mean": 4.75182056427,
        "median": 3.45456433296,
        "min": -0.499305129051,
        "stdev": 4.54573297501,
        "var": 20.6636867523
    },
    "melbands_spread": {
        "dmean": 9.77392292023,
        "dmean2": 15.8460674286,
        "dvar": 319.119354248,
        "dvar2": 833.609191895,
        "max": 224.342071533,
        "mean": 16.5216426849,
        "median": 10.6331577301,
        "min": 0.235561445355,
        "stdev": 19.819316864,
        "var": 392.805328369
    },
    "pitch_salience": {
        "dmean": 0.0761325731874,
        "dmean2": 0.123607940972,
        "dvar": 0.00676621729508,
        "dvar2": 0.0164797473699,
        "max": 0.961414396763,
        "mean": 0.434581696987,
        "median": 0.428767383099,
        "min": 0.0814685225487,
        "stdev": 0.186288788915,
        "var": 0.0347035117447
    },
    "silence_rate_20dB": {
        "dmean": 0,
        "dmean2": 0,
        "dvar": 0,
        "dvar2": 0,
        "max": 1,
        "mean": 1,
        "median": 1,
        "min": 1,
        "stdev": 0,
        "var": 0
    },
    "silence_rate_30dB": {
        "dmean": 0.0448916405439,
        "dmean2": 0.0898528248072,
        "dvar": 0.0428759306669,
        "dvar2": 0.0988196656108,
        "max": 1,
        "mean": 0.742459416389,
        "median": 1,
        "min": 0,
        "stdev": 0.437280416489,
        "var": 0.191214159131
    },
    "silence_rate_60dB": {
        "dmean": 0.011609907262,
        "dmean2": 0.0232378002256,
        "dvar": 0.0114749027416,
        "dvar2": 0.0273452103138,
        "max": 1,
        "mean": 0.0131477182731,
        "median": 0,
        "min": 0,
        "stdev": 0.113906599581,
        "var": 0.0129747129977
    },
    "spectral_centroid": {
        "dmean": 394.797546387,
        "dmean2": 621.535217285,
        "dvar": 312500.5,
        "dvar2": 694900.1875,
        "max": 10859.0966797,
        "mean": 1061.54101562,
        "median": 932.093261719,
        "min": 131.25163269,
        "stdev": 677.122680664,
        "var": 458495.09375
    },
    "spectral_complexity": {
        "dmean": 4.41563463211,
        "dmean2": 6.84585571289,
        "dvar": 42.0432472229,
        "dvar2": 95.4534454346,
        "max": 69,
        "mean": 14.262181282,
        "median": 13,
        "min": 0,
        "stdev": 8.1083240509,
        "var": 65.7449188232
    },
    "spectral_decrease": {
        "dmean": 3.63419450089e-09,
        "dmean2": 5.50308421055e-09,
        "dvar": 2.99749673736e-17,
        "dvar2": 6.7448551993e-17,
        "max": 4.97204318669e-30,
        "mean": -1.90919049459e-08,
        "median": -1.30277735266e-08,
        "min": -7.09287562017e-08,
        "stdev": 1.72101568552e-08,
        "var": 2.96189475144e-16
    },
    "spectral_energy": {
        "dmean": 0.0154206231236,
        "dmean2": 0.0238226670772,
        "dvar": 0.000467982317787,
        "dvar2": 0.00108013709541,
        "max": 0.269062697887,
        "mean": 0.0756844803691,
        "median": 0.0537476465106,
        "min": 1.0610176247e-20,
        "stdev": 0.0651162564754,
        "var": 0.00424012728035
    },
    "spectral_energyband_high": {
        "dmean": 0.00309651368298,
        "dmean2": 0.00557518750429,
        "dvar": 2.81884822471e-05,
        "dvar2": 7.49908867874e-05,
        "max": 0.0348427519202,
        "mean": 0.00223289360292,
        "median": 0.000308218091959,
        "min": 7.5919032439e-21,
        "stdev": 0.00447127735242,
        "var": 1.99923197215e-05
    },
    "spectral_energyband_low": {
        "dmean": 0.011260362342,
        "dmean2": 0.0160492025316,
        "dvar": 0.000414923211792,
        "dvar2": 0.000926432723645,
        "max": 0.263967394829,
        "mean": 0.055745229125,
        "median": 0.0286338534206,
        "min": 6.30983711013e-23,
        "stdev": 0.0662011429667,
        "var": 0.00438259122893
    },
    "spectral_energyband_middle_high": {
        "dmean": 0.00384184555151,
        "dmean2": 0.00623464770615,
        "dvar": 6.98807052686e-05,
        "dvar2": 0.000190500591998,
        "max": 0.0775706246495,
        "mean": 0.00661429855973,
        "median": 0.00401931861416,
        "min": 1.52829807176e-21,
        "stdev": 0.00878080353141,
        "var": 7.71025152062e-05
    },
    "spectral_energyband_middle_low": {
        "dmean": 0.00516334967688,
        "dmean2": 0.00843960512429,
        "dvar": 0.000130797052407,
        "dvar2": 0.000370721158106,
        "max": 0.14442448318,
        "mean": 0.0118439570069,
        "median": 0.0100476434454,
        "min": 4.37066958277e-22,
        "stdev": 0.0105200204998,
        "var": 0.000110670822323
    },
    "spectral_entropy": {
        "dmean": 0.463925778866,
        "dmean2": 0.686451077461,
        "dvar": 0.193012833595,
        "dvar2": 0.405571997166,
        "max": 9.8036108017,
        "mean": 7.33779525757,
        "median": 7.26797294617,
        "min": 5.38551855087,
        "stdev": 0.655119240284,
        "var": 0.429181188345
    },
    "spectral_flux": {
        "dmean": 0.0413873083889,
        "dmean2": 0.0627645924687,
        "dvar": 0.00211020000279,
        "dvar2": 0.00375520298257,
        "max": 0.523945510387,
        "mean": 0.110583603382,
        "median": 0.0935376286507,
        "min": 1.0300570813e-10,
        "stdev": 0.0690505504608,
        "var": 0.0047679785639
    },
    "spectral_kurtosis": {
        "dmean": 3.7522752285,
        "dmean2": 5.55082559586,
        "dvar": 20.4769115448,
        "dvar2": 41.5880279541,
        "max": 64.5368652344,
        "mean": 6.29347324371,
        "median": 4.92178869247,
        "min": -1.19542956352,
        "stdev": 6.3469786644,
        "var": 40.2841377258
    },
    "spectral_rms": {
        "dmean": 0.000962777412497,
        "dmean2": 0.00146649056114,
        "dvar": 1.47913169712e-06,
        "dvar2": 3.30332863996e-06,
        "max": 0.0162018574774,
        "mean": 0.00777775095776,
        "median": 0.00724132079631,
        "min": 3.21735780379e-12,
        "stdev": 0.00365310395136,
        "var": 1.33451685542e-05
    },
    "spectral_rolloff": {
        "dmean": 1517.82543945,
        "dmean2": 2750.3112793,
        "dvar": 9299122,
        "dvar2": 22510244,
        "max": 18324.7558594,
        "mean": 1714.14672852,
        "median": 581.396484375,
        "min": 43.06640625,
        "stdev": 3039.60424805,
        "var": 9239194
    },
    "spectral_skewness": {
        "dmean": 0.547596693039,
        "dmean2": 0.818203270435,
        "dvar": 0.30689355731,
        "dvar2": 0.659925043583,
        "max": 6.46845006943,
        "mean": 1.97229659557,
        "median": 1.94976043701,
        "min": 0.0345175676048,
        "stdev": 0.83345413208,
        "var": 0.694645822048
    },
    "spectral_spread": {
        "dmean": 2346582,
        "dmean2": 3508266.5,
        "dvar": 8.24461125222e+12,
        "dvar2": 1.56160952893e+13,
        "max": 41042820,
        "mean": 6519963.5,
        "median": 5398472.5,
        "min": 1480092.875,
        "stdev": 3712538.25,
        "var": 1.37829411717e+13
    },
    "spectral_strongpeak": {
        "dmean": 0.413452655077,
        "dmean2": 0.695187330246,
        "dvar": 0.567226886749,
        "dvar2": 1.44383430481,
        "max": 7.77989864349,
        "mean": 1.06597447395,
        "median": 0.801703155041,
        "min": 0,
        "stdev": 0.999573051929,
        "var": 0.999146342278
    },
    "zerocrossingrate": {
        "dmean": 0.0246015135199,
        "dmean2": 0.0335242338479,
        "dvar": 0.00111599755473,
        "dvar2": 0.00151810131501,
        "max": 0.49658203125,
        "mean": 0.0572844929993,
        "median": 0.03857421875,
        "min": 0.00146484375,
        "stdev": 0.0562151148915,
        "var": 0.00316013931297
    },
    "barkbands": {
        "dmean": [0.00122829165775, 0.00939888693392, 0.00368089950643, 0.00150259607472, 0.00191039068159, 0.00133030791767, 0.000914202944841, 0.000739957322367, 0.0013838064624, 0.000908224668819, 0.000567557115573, 0.000576579652261, 0.00110520957969, 0.000635026779491, 0.000476158078527, 0.000349309731973, 0.000384263810702, 0.000259247201029, 0.000256553001236, 0.00017567568284, 0.00016150342708, 0.000217866181629, 0.000442842341727, 0.000431996624684, 0.000720053736586, 0.0010671496857, 2.75969796348e-05],
        "dmean2": [0.00178725330625, 0.0137047357857, 0.00602522073314, 0.00265824818052, 0.00325962086208, 0.00211768317968, 0.00141939870082, 0.00110633100849, 0.00203817430884, 0.00131844368298, 0.000760766735766, 0.000894569791853, 0.00193582847714, 0.00105608568992, 0.000790327962022, 0.000592675467487, 0.000652802351397, 0.000444706965936, 0.000453207961982, 0.00031604571268, 0.000292720942525, 0.000399188837036, 0.000788048375398, 0.000776256434619, 0.00130457431078, 0.00193462951574, 4.89369667775e-05],
        "dvar": [1.15623070087e-05, 0.000369186047465, 0.000117890936963, 3.43445281032e-05, 1.69516588358e-05, 5.00106943946e-06, 2.87945272248e-06, 2.33152013607e-06, 5.98275983066e-06, 3.77507308258e-06, 1.30720479774e-06, 1.4402959323e-06, 1.40219308378e-05, 1.50631194629e-06, 1.04880348317e-06, 7.65066431541e-07, 6.50731806218e-07, 4.05093686595e-07, 6.11581242538e-07, 3.09878203097e-07, 2.48405569891e-07, 2.51911473015e-07, 6.38520361917e-07, 5.83931750953e-07, 1.54395888785e-06, 3.75886588699e-06, 3.50766238277e-09],
        "dvar2": [2.19379580813e-05, 0.000841098662931, 0.000311788462568, 0.000100683173514, 4.74341431982e-05, 1.15638240459e-05, 6.37077164356e-06, 4.90262664243e-06, 1.29946174638e-05, 7.58321084504e-06, 2.21499681174e-06, 3.39118491866e-06, 4.01224169764e-05, 3.63277081306e-06, 2.63440642811e-06, 2.1302348614e-06, 1.84350449217e-06, 1.1002523479e-06, 1.73811361037e-06, 8.81109258444e-07, 7.07418166712e-07, 7.04819399289e-07, 1.67815687746e-06, 1.55102327426e-06, 4.10719758293e-06, 9.90591161099e-06, 8.7149052419e-09],
        "max": [0.0993492007256, 0.236423656344, 0.108233474195, 0.0774545967579, 0.051705956459, 0.0293904021382, 0.021787090227, 0.0179090946913, 0.0245454516262, 0.0286186542362, 0.016094500199, 0.0126561662182, 0.0363071747124, 0.0111971311271, 0.0114601701498, 0.00746422167867, 0.00646020332351, 0.00553384330124, 0.00680360430852, 0.00462419027463, 0.00426916824654, 0.00423312932253, 0.00757149700075, 0.00504009658471, 0.00798150990158, 0.0141961406916, 0.000838620821014],
        "mean": [0.00610373076051, 0.0424111820757, 0.00663378881291, 0.00178142194636, 0.00295761041343, 0.00211503449827, 0.00137570907827, 0.00104175705928, 0.0022905995138, 0.00147314346395, 0.000911475159228, 0.00069202092709, 0.00101808202453, 0.00079068361083, 0.000488590623718, 0.000349506968632, 0.000456735462649, 0.000263170630205, 0.000225289186346, 0.000135193884489, 0.00012036649423, 0.000166539946804, 0.000349611538695, 0.000322391511872, 0.000500181457028, 0.000690704735462, 2.00559770747e-05],
        "median": [0.000192898849491, 0.0136375501752, 0.00122710387222, 0.00085576006677, 0.00184105033986, 0.00110002409201, 0.000362694147043, 0.000216514075873, 0.000591002346482, 0.000254030863289, 0.000179801121703, 0.000127484978293, 8.82475214894e-05, 0.000101727506262, 5.03866394865e-05, 6.89934167895e-05, 0.000185045253602, 6.17233963567e-05, 5.1351289585e-05, 2.79050273093e-05, 2.23930874199e-05, 1.64993871294e-05, 4.74136249977e-05, 5.08839766553e-05, 6.204382953e-05, 2.62460289377e-05, 7.54073425924e-07],
        "min": [1.50004488592e-23, 3.97830474666e-23, 6.02562330553e-24, 2.89090479612e-23, 4.84967797822e-23, 4.95023194788e-24, 3.79285711625e-23, 2.02084315626e-22, 9.33970227906e-23, 4.35804724031e-23, 5.71989663295e-23, 9.22440489351e-23, 2.43403852721e-22, 7.37543862506e-23, 7.6651171847e-23, 2.87172178149e-22, 1.26903788766e-22, 1.68143026132e-22, 3.00856756532e-22, 1.67596187752e-22, 3.85995749863e-22, 4.32159864793e-22, 7.27558865064e-22, 6.91469930154e-22, 1.30801821866e-21, 1.72328560536e-21, 2.4146526933e-21],
        "stdev": [0.0154932625592, 0.0562320761383, 0.0117073580623, 0.00455602724105, 0.00396993476897, 0.00314115011133, 0.00262362556532, 0.00207537412643, 0.00369175826199, 0.00314522674307, 0.00188347860239, 0.00140699779149, 0.00304389442317, 0.00153305497952, 0.00111728045158, 0.000761676754337, 0.000749922939576, 0.000605301291216, 0.000630541355349, 0.000429247040302, 0.000384111248422, 0.00041439049528, 0.000739539682399, 0.000658073928207, 0.00103583233431, 0.00160961470101, 5.96269419475e-05],
        "var": [0.000240041175857, 0.00316204619594, 0.000137062233989, 2.07573830266e-05, 1.57603826665e-05, 9.86682425719e-06, 6.88341151545e-06, 4.30717818745e-06, 1.36290782393e-05, 9.8924510894e-06, 3.5474915876e-06, 1.97964277504e-06, 9.26529355638e-06, 2.35025754591e-06, 1.24831558423e-06, 5.80151493068e-07, 5.62384457226e-07, 3.6638962797e-07, 3.97582397227e-07, 1.84253025282e-07, 1.47541442175e-07, 1.71719477748e-07, 5.46918954569e-07, 4.33061273952e-07, 1.07294852114e-06, 2.59085936705e-06, 3.55537199681e-09]
    },
    "erbbands": {
        "dmean": [0.330676645041, 2.16526079178, 4.58734130859, 4.27048587799, 6.70843553543, 5.75991249084, 7.0449757576, 11.277173996, 14.0430822372, 10.0934514999, 21.5409870148, 26.7537517548, 28.9873600006, 22.6454334259, 21.8096752167, 27.7392845154, 47.3202133179, 28.813615799, 32.3388595581, 20.0515422821, 18.0759754181, 20.3149490356, 13.8585128784, 13.7606906891, 11.2561616898, 8.26790046692, 6.99526596069, 6.15124940872, 7.060942173, 11.0548238754, 11.9888401031, 10.663069725, 6.3642334938, 5.82925605774, 6.36586999893, 5.21399068832, 1.84281420708, 0.222615242004, 0.0045388978906, 0.000179256720003],
        "dmean2": [0.397489011288, 3.32108736038, 7.26513195038, 7.44898509979, 11.739947319, 9.6704788208, 11.7917642593, 17.4016857147, 21.3205680847, 15.2949867249, 30.0391540527, 39.2149047852, 42.8977546692, 31.5406990051, 30.1835784912, 44.1927833557, 83.7681732178, 46.3042869568, 54.1296539307, 33.094165802, 30.5025138855, 33.872795105, 23.6534290314, 24.1786823273, 19.640171051, 14.9521207809, 12.5823698044, 11.3008270264, 12.9273042679, 20.0319404602, 21.1348419189, 19.2534198761, 11.4528417587, 10.5091600418, 11.5855083466, 9.42547035217, 3.36914467812, 0.402732998133, 0.00813593063504, 0.00032063209801],
        "dvar": [0.517309188843, 24.8620071411, 140.052734375, 291.923675537, 306.889221191, 155.495132446, 171.627304077, 431.049591064, 806.34588623, 375.965759277, 1770.51782227, 2512.98657227, 3448.34179688, 2566.22338867, 1962.70593262, 4586.56347656, 30369.3222656, 2694.21630859, 5183.82373047, 2055.12548828, 1831.50952148, 1683.38757324, 1079.78552246, 1641.90844727, 1058.53674316, 723.979614258, 534.729919434, 338.798217773, 261.971008301, 402.215454102, 448.234893799, 348.521087646, 143.932525635, 107.776023865, 128.260131836, 96.0991592407, 11.0338983536, 0.154120743275, 6.47838533041e-05, 8.82516673073e-08],
        "dvar2": [0.738500535488, 59.4810943604, 346.989990234, 833.967285156, 882.548217773, 427.506439209, 449.008514404, 881.865905762, 1724.33984375, 907.625671387, 3550.11694336, 5588.23144531, 7773.546875, 4307.65039062, 3697.2734375, 12024.3408203, 87313.59375, 6270.79980469, 13775.1679688, 5415.36230469, 5068.65820312, 4739.93847656, 2926.10522461, 4614.109375, 2980.56860352, 2065.98925781, 1528.71252441, 967.332214355, 735.39831543, 1082.85180664, 1162.42443848, 911.122070312, 383.34664917, 288.620269775, 340.860626221, 250.27923584, 29.4124126434, 0.403454631567, 0.000163883421919, 2.32813562207e-07],
        "max": [13.0818004608, 48.2068061829, 117.891799927, 228.649765015, 231.682693481, 154.078704834, 167.106185913, 324.932952881, 385.117828369, 375.304443359, 469.340637207, 560.580932617, 802.982116699, 621.391235352, 619.911804199, 557.269165039, 1682.80834961, 531.703430176, 731.315856934, 351.679504395, 348.219329834, 341.04083252, 293.936462402, 305.015930176, 282.201324463, 229.269515991, 202.55241394, 162.805679321, 133.283203125, 144.530441284, 188.339797974, 145.32359314, 92.1482620239, 68.4268875122, 88.8573379517, 96.0771026611, 16.6501998901, 2.18623375893, 0.0924008488655, 0.00183563085739],
        "mean": [1.86991322041, 6.85006952286, 9.31886577606, 6.16558074951, 8.98553848267, 8.66762542725, 11.3807849884, 18.9856910706, 21.447599411, 16.560716629, 33.2383918762, 42.4422988892, 54.493057251, 38.5501861572, 33.6604499817, 31.6734485626, 43.1956825256, 39.0064506531, 35.3869667053, 22.2440109253, 19.9278888702, 25.7994556427, 15.547586441, 11.8907632828, 10.39569664, 6.34310054779, 5.38528728485, 4.3055100441, 5.25931406021, 8.69048213959, 9.60205936432, 7.86362123489, 4.90914535522, 4.28345584869, 4.26663351059, 3.4244658947, 1.16210126877, 0.148959055543, 0.00321609037928, 0.000197412751731],
        "median": [0.393568754196, 2.48401045799, 2.47852420807, 2.87070918083, 5.3866353035, 4.72015666962, 6.96008729935, 8.90305995941, 6.26667928696, 5.57773637772, 8.54505252838, 12.6397800446, 12.2006635666, 8.92500686646, 7.09967756271, 5.78392219543, 4.77306032181, 5.19940090179, 4.86599636078, 3.38545179367, 4.95057439804, 11.6437959671, 4.78952741623, 2.28662753105, 2.81818890572, 1.38950204849, 1.10604667664, 0.595943748951, 0.487211853266, 1.08821940422, 1.31920540333, 0.973420500755, 0.833682954311, 0.716951191425, 0.358926177025, 0.154577508569, 0.0330512262881, 0.00618310226128, 0.000209668069147, 0.000100949087937],
        "min": [2.62678998724e-21, 3.28676682301e-21, 5.85904225554e-21, 3.81260145905e-20, 2.02660736416e-19, 1.5550503085e-19, 3.96786778367e-20, 5.47296232854e-20, 4.69491792458e-19, 2.80596290108e-18, 2.90711323472e-18, 1.76838931332e-18, 2.64410019882e-18, 9.62113726193e-19, 3.38101286587e-18, 4.3237504032e-18, 1.10160406734e-17, 4.63561445134e-18, 4.70022552898e-18, 8.42812837205e-18, 1.35144032288e-17, 7.60090805483e-18, 8.30792248544e-18, 1.37574867954e-17, 1.36066925969e-17, 9.41687307467e-18, 1.52087677355e-17, 1.414136891e-17, 1.56882032729e-17, 1.88501706476e-17, 1.9135159184e-17, 1.71962428651e-17, 1.14320604091e-17, 1.47674883854e-17, 9.24658801941e-18, 5.79023947245e-18, 3.3878381399e-18, 1.51928076992e-18, 3.68593929851e-19, 2.91599292813e-20],
        "stdev": [3.07957625389, 9.05728816986, 14.8930835724, 13.8399381638, 14.7307891846, 13.0964317322, 14.7817173004, 31.1093463898, 44.2633476257, 29.9472866058, 60.8022880554, 66.8356933594, 98.1760559082, 78.6707229614, 68.7861404419, 67.8171386719, 137.072021484, 74.650352478, 72.3369598389, 46.3376312256, 38.7498397827, 39.6615219116, 31.0623416901, 33.6996154785, 26.8538532257, 20.5800285339, 17.798248291, 14.0636310577, 13.1002140045, 17.8028430939, 20.3089599609, 16.5454444885, 10.2478437424, 8.71622657776, 9.3600063324, 8.26053142548, 2.70633363724, 0.335119843483, 0.00756314443424, 0.000259115273366],
        "var": [9.48378944397, 82.0344619751, 221.803939819, 191.543884277, 216.996154785, 171.516525269, 218.499176025, 967.791381836, 1959.24377441, 896.840026855, 3696.91845703, 4467.00976562, 9638.53808594, 6189.08251953, 4731.53271484, 4599.16455078, 18788.7382812, 5572.67529297, 5232.63574219, 2147.17602539, 1501.55004883, 1573.03625488, 964.869018555, 1135.6640625, 721.129455566, 423.537597656, 316.777618408, 197.785720825, 171.615615845, 316.941253662, 412.453826904, 273.751739502, 105.018295288, 75.9726028442, 87.6097106934, 68.2363815308, 7.32424211502, 0.112305313349, 5.72011558688e-05, 6.71407320851e-08]
    },
    "gfcc": {
        "mean": [6.29646396637, 80.9689331055, -82.4158477783, 15.2057332993, -51.2920036316, 19.6005172729, -45.2094078064, 19.2476577759, -24.9954566956, -0.485607177019, -15.5964794159, 4.77807426453, -9.02724742889],
        "cov": [[5822.97167969, -1701.77404785, 163.96522522, 187.633102417, 75.2480697632, 589.923522949, 70.6291275024, 391.666656494, 131.806640625, 391.674957275, -225.088592529, 252.632965088, -438.440551758], [-1701.77404785, 2900.14135742, -407.863037109, 82.8093261719, 719.62689209, -16.2492427826, 567.209533691, 219.994842529, 270.330291748, -175.629013062, 365.636108398, -350.96673584, 375.438537598], [163.96522522, -407.863037109, 2122.36401367, 819.774963379, 282.176513672, 417.423950195, 229.770507812, 200.712249756, 237.023986816, 143.585159302, 41.161403656, 318.62197876, -130.864059448], [187.633102417, 82.8093261719, 819.774963379, 1077.89477539, 412.831604004, 140.381988525, 183.33883667, 189.171386719, 242.179840088, 144.29095459, 153.789825439, 71.3045730591, 88.395652771], [75.2480697632, 719.62689209, 282.176513672, 412.831604004, 793.720458984, 302.895324707, 329.179656982, 242.278778076, 293.60848999, 108.168693542, 128.578262329, -19.7649230957, 130.910827637], [589.923522949, -16.2492427826, 417.423950195, 140.381988525, 302.895324707, 571.406188965, 335.46786499, 96.2299041748, 158.898452759, 115.654182434, 4.60055208206, 98.903968811, -29.9069900513], [70.6291275024, 567.209533691, 229.770507812, 183.33883667, 329.179656982, 335.46786499, 620.868591309, 165.428695679, 112.623535156, 69.3185119629, 128.452407837, 38.0947380066, 60.9339866638], [391.666656494, 219.994842529, 200.712249756, 189.171386719, 242.278778076, 96.2299041748, 165.428695679, 323.3671875, 146.737472534, 55.8179473877, 77.3600387573, 8.65598011017, 5.63062524796], [131.806640625, 270.330291748, 237.023986816, 242.179840088, 293.60848999, 158.898452759, 112.623535156, 146.737472534, 300.711334229, 81.3518676758, 30.5061473846, -4.94238853455, 49.1907958984], [391.674957275, -175.629013062, 143.585159302, 144.29095459, 108.168693542, 115.654182434, 69.3185119629, 55.8179473877, 81.3518676758, 165.966506958, 23.1022815704, 33.2197875977, -14.0768413544], [-225.088592529, 365.636108398, 41.161403656, 153.789825439, 128.578262329, 4.60055208206, 128.452407837, 77.3600387573, 30.5061473846, 23.1022815704, 206.729537964, 3.32187819481, 65.2206268311], [252.632965088, -350.96673584, 318.62197876, 71.3045730591, -19.7649230957, 98.903968811, 38.0947380066, 8.65598011017, -4.94238853455, 33.2197875977, 3.32187819481, 208.153198242, -35.1793251038], [-438.440551758, 375.438537598, -130.864059448, 88.395652771, 130.910827637, -29.9069900513, 60.9339866638, 5.63062524796, 49.1907958984, -14.0768413544, 65.2206268311, -35.1793251038, 208.714401245]],
        "icov": [[0.000362754595699, 8.09287012089e-05, 0.000261345208855, -0.000190136779565, 3.61654601875e-05, -0.000350588612491, 8.86052221176e-05, -0.000564161455259, 9.5123272331e-05, -0.000444572942797, 0.000344121683156, -0.000297901075101, 0.000567126087844], [8.09287012089e-05, 0.00157655368093, -0.00011498456297, 0.000536800944246, -0.000885265471879, 0.000572078395635, -0.00117421580944, 0.000220124449697, -0.00112860102672, 0.00205196300521, -0.00176304054912, 0.00195649731904, -0.000706169812474], [0.000261345208855, -0.00011498456297, 0.00126272253692, -0.000958485878073, 0.000207216799026, -0.000697066949215, 0.000193618572666, -0.000545870570932, -0.000125553138787, -0.000146128004417, 0.000583265442401, -0.00155389530119, 0.00125741015654], [-0.000190136779565, 0.000536800944246, -0.000958485878073, 0.00227115862072, -0.000824247195851, 0.000958590768278, -0.000462003721623, 0.000432336382801, -0.000852974189911, 8.58725397848e-05, -0.00153939262964, 0.00113359617535, -0.00127138290554], [3.61654601875e-05, -0.000885265471879, 0.000207216799026, -0.000824247195851, 0.00353973126039, -0.00143725669477, 0.0003907213395, -0.00112071179319, -0.000641015998553, -0.00129775283858, 0.000612442148849, -0.000492034014314, -0.000573339697439], [-0.000350588612491, 0.000572078395635, -0.000697066949215, 0.000958590768278, -0.00143725669477, 0.00474140467122, -0.0024451976642, 0.00150465860497, -0.00152990419883, 8.96265992196e-05, -1.86054439837e-05, 7.9270968854e-05, 3.13791897497e-05], [8.86052221176e-05, -0.00117421580944, 0.000193618572666, -0.000462003721623, 0.0003907213395, -0.0024451976642, 0.00413090921938, -0.00129042949993, 0.00160396797583, -0.00157303060405, 0.000143040320836, -0.00142868736293, 7.91159036453e-05], [-0.000564161455259, 0.000220124449697, -0.000545870570932, 0.000432336382801, -0.00112071179319, 0.00150465860497, -0.00129042949993, 0.00598221737891, -0.00213851616718, 0.00105620222166, -0.00190880557057, 0.000776277389377, 0.000330021692207], [9.5123272331e-05, -0.00112860102672, -0.000125553138787, -0.000852974189911, -0.000641015998553, -0.00152990419883, 0.00160396797583, -0.00213851616718, 0.00762455165386, -0.0030457037501, 0.00239511323161, -0.000537759624422, -0.000556738232262], [-0.000444572942797, 0.00205196300521, -0.000146128004417, 8.58725397848e-05, -0.00129775283858, 8.96265992196e-05, -0.00157303060405, 0.00105620222166, -0.0030457037501, 0.0118675976992, -0.00351837254129, 0.00227819988504, -0.000493733270559], [0.000344121683156, -0.00176304054912, 0.000583265442401, -0.00153939262964, 0.000612442148849, -1.86054439837e-05, 0.000143040320836, -0.00190880557057, 0.00239511323161, -0.00351837254129, 0.00963311083615, -0.00313818431459, 0.00019391355454], [-0.000297901075101, 0.00195649731904, -0.00155389530119, 0.00113359617535, -0.000492034014314, 7.9270968854e-05, -0.00142868736293, 0.000776277389377, -0.000537759624422, 0.00227819988504, -0.00313818431459, 0.00994439981878, -0.00194623903371], [0.000567126087844, -0.000706169812474, 0.00125741015654, -0.00127138290554, -0.000573339697439, 3.13791897497e-05, 7.91159036453e-05, 0.000330021692207, -0.000556738232262, -0.000493733270559, 0.00019391355454, -0.00194623903371, 0.00862109381706]]
    },
    "melbands": {
        "dmean": [0.00270438194275, 0.00233095069416, 0.000784874311648, 0.000466493220301, 0.000228867764235, 0.0002585737966, 0.000200588518055, 0.000116139861348, 0.000198443376576, 0.000173040985828, 0.00015219557099, 9.94339061435e-05, 7.08431689418e-05, 5.72709068365e-05, 0.000124195605167, 8.36119215819e-05, 5.22215741512e-05, 5.9862544731e-05, 3.58061442967e-05, 2.44630809902e-05, 2.2427582735e-05, 2.35794577748e-05, 1.6811547539e-05, 1.13932755994e-05, 1.13685518954e-05, 9.8857226476e-06, 6.74776310916e-06, 5.23563949173e-06, 4.40686198999e-06, 3.96163522964e-06, 3.35437198373e-06, 3.54701546712e-06, 5.05357775182e-06, 7.34693912818e-06, 7.32367834644e-06, 6.43309567749e-06, 6.94571872373e-06, 4.16764896727e-06, 4.41167776444e-06, 5.07150070916e-06],
        "dmean2": [0.0035392169375, 0.00352955749258, 0.00135928974487, 0.000795466301497, 0.000380462326575, 0.000401523400797, 0.000306783273118, 0.000175619861693, 0.000278591527604, 0.000253180623986, 0.000223268914851, 0.000140499658301, 9.70674009295e-05, 8.81741507328e-05, 0.000214770072489, 0.000141640863148, 8.42439985718e-05, 0.000101386220194, 5.79774859943e-05, 4.21011645813e-05, 3.81684913009e-05, 3.97452276957e-05, 2.78851512121e-05, 1.96578221221e-05, 2.01736929739e-05, 1.74276865437e-05, 1.18047255455e-05, 9.55448740569e-06, 7.97479788162e-06, 7.09876212568e-06, 6.1968380578e-06, 6.5155509219e-06, 9.23084371607e-06, 1.33142275445e-05, 1.30025064209e-05, 1.12709149107e-05, 1.26881441247e-05, 7.49472064854e-06, 7.97823940957e-06, 9.13808707992e-06],
        "dvar": [2.73717141681e-05, 2.845936433e-05, 8.26508312457e-06, 1.03490708625e-06, 1.8471770602e-07, 1.99891914576e-07, 1.49879383571e-07, 4.53058142114e-08, 1.46707591853e-07, 1.04064696416e-07, 9.30349060013e-08, 4.84987445759e-08, 2.07096437776e-08, 1.60011577321e-08, 1.83016126698e-07, 5.34792867768e-08, 9.22684417759e-09, 1.83106614315e-08, 6.27055474212e-09, 4.08080857994e-09, 2.74380851373e-09, 2.31041297205e-09, 1.37206246364e-09, 8.32762525604e-10, 1.17045251269e-09, 8.52892145797e-10, 3.84453996416e-10, 3.10632547462e-10, 2.21430429548e-10, 1.42654360547e-10, 1.07589610832e-10, 8.02996072413e-11, 1.15683608526e-10, 1.58201091116e-10, 1.52357293448e-10, 2.05756606197e-10, 1.48264747701e-10, 6.37605732101e-11, 8.5408173589e-11, 7.81768538793e-11],
        "dvar2": [5.30349461769e-05, 6.57505224808e-05, 2.35255920416e-05, 2.89366016659e-06, 4.92124627272e-07, 4.23448682341e-07, 3.29498050178e-07, 1.02723454631e-07, 2.76780639297e-07, 2.37599678599e-07, 2.05864012059e-07, 8.28109634199e-08, 3.53109115281e-08, 3.74871831355e-08, 5.1654632216e-07, 1.49670484006e-07, 2.1693468355e-08, 4.85419811014e-08, 1.46899301612e-08, 1.13813163338e-08, 7.57459694967e-09, 6.56829834966e-09, 3.68629371472e-09, 2.22826601615e-09, 3.29251137465e-09, 2.41090147846e-09, 1.07561104468e-09, 8.90743701021e-10, 6.32150887192e-10, 4.05885491883e-10, 3.079630162e-10, 2.27703578215e-10, 3.17710774356e-10, 4.25351587285e-10, 4.00328964423e-10, 5.2809384643e-10, 3.95406707376e-10, 1.69000202721e-10, 2.319721637e-10, 2.08049244499e-10],
        "max": [0.084167547524, 0.0566744208336, 0.0385105311871, 0.0128265982494, 0.00470781698823, 0.00657892366871, 0.00499623967335, 0.00347175332718, 0.00503107300028, 0.0031753059011, 0.00428753346205, 0.00246316567063, 0.00225957017392, 0.0017889974406, 0.00401758681983, 0.00207758205943, 0.000976383860689, 0.00143811805174, 0.00101109291427, 0.000570574076846, 0.0004309254291, 0.00046113258577, 0.000335698889103, 0.00025997828925, 0.000263511261437, 0.000271287601208, 0.00015804717259, 0.000159930583322, 0.000133122550324, 9.49182649492e-05, 0.000105223582068, 8.98564467207e-05, 7.04939666321e-05, 8.35316823213e-05, 0.000110781387775, 0.000189163329196, 7.53986241762e-05, 6.70363733661e-05, 6.67003841954e-05, 5.92333271925e-05],
        "mean": [0.0139715056866, 0.00593889923766, 0.00116116343997, 0.000685568898916, 0.000381976919016, 0.000437405076809, 0.000302405649563, 0.000178390895599, 0.000307812617393, 0.00027433593641, 0.000278767198324, 0.000164609969943, 0.000115309878311, 7.13125118637e-05, 0.000114311864309, 8.77769489307e-05, 7.0003537985e-05, 6.20789433015e-05, 3.81943173124e-05, 2.34613689827e-05, 2.36734758801e-05, 2.87162492896e-05, 1.91527960851e-05, 1.08943222585e-05, 9.25392396312e-06, 9.03456748347e-06, 5.6737808336e-06, 3.80662436328e-06, 3.34497940457e-06, 2.95309951071e-06, 2.24801488002e-06, 2.53801204053e-06, 3.9810747694e-06, 5.47638410353e-06, 5.67097731619e-06, 5.23422295373e-06, 4.85047075927e-06, 3.24361349158e-06, 3.32900435751e-06, 3.67844540961e-06],
        "median": [0.00377287645824, 0.00293201068416, 0.000666252686642, 0.000407323765103, 0.000239760745899, 0.000215144871618, 9.23136103665e-05, 4.04231832363e-05, 7.12362598279e-05, 7.09819214535e-05, 5.65892623854e-05, 3.37982455676e-05, 2.35598872678e-05, 1.62917640409e-05, 1.09643115138e-05, 7.61795126891e-06, 8.57152735989e-06, 7.53313861424e-06, 4.29116198575e-06, 3.91668345401e-06, 5.22863274455e-06, 1.20166669149e-05, 5.56869554202e-06, 2.15848854168e-06, 1.51534163706e-06, 2.0531597329e-06, 1.22894516608e-06, 6.88658815307e-07, 6.5631201096e-07, 5.14402813678e-07, 1.9515178451e-07, 1.84556739669e-07, 4.0974583726e-07, 7.28079385226e-07, 7.31908244234e-07, 5.81040467296e-07, 5.54014945919e-07, 4.88571856749e-07, 5.81226629492e-07, 5.88226498621e-07],
        "min": [1.69835173794e-23, 2.90123634962e-24, 1.36127052651e-23, 1.16664765491e-23, 2.68992674274e-24, 1.17258543066e-24, 6.86094496262e-24, 3.58788454735e-23, 2.10573623325e-23, 1.22391430235e-23, 1.31600836989e-23, 3.29106241834e-24, 8.935815593e-24, 1.18753274737e-23, 1.55695536266e-23, 2.48618696621e-23, 6.35662973579e-24, 7.92585038668e-24, 5.76282494457e-24, 1.82262509842e-23, 1.40292206676e-23, 6.86863241214e-24, 8.60021365354e-24, 7.93920264637e-24, 1.14636083455e-23, 1.13246323533e-23, 6.7407683146e-24, 5.86760894418e-24, 8.38418882781e-24, 1.07382254996e-23, 6.8672511167e-24, 1.03652449639e-23, 6.42151867284e-24, 1.16868559817e-23, 9.89239700414e-24, 1.36547515513e-23, 9.09165269825e-24, 7.31419051774e-24, 9.90441214459e-24, 1.28450229086e-23],
        "stdev": [0.0202592499554, 0.00789082236588, 0.00234123761766, 0.000968012551311, 0.000481597176986, 0.000663115293719, 0.000584722671192, 0.000326204812154, 0.000570155330934, 0.000451725645689, 0.000516772794072, 0.000339984020684, 0.000232703067013, 0.000144409525092, 0.000354530464392, 0.000213829916902, 0.000135097885504, 0.000134689718834, 9.091191896e-05, 5.50680451852e-05, 4.77920402773e-05, 4.57509413536e-05, 3.6056360841e-05, 2.74774956779e-05, 2.79665655398e-05, 2.42516234721e-05, 1.57587783178e-05, 1.33663606903e-05, 1.1432654901e-05, 9.34594936552e-06, 7.86960481491e-06, 7.06939317752e-06, 9.45956253418e-06, 1.08471358544e-05, 1.14836511784e-05, 1.36776698128e-05, 1.02659432741e-05, 6.93019455866e-06, 7.64413834986e-06, 7.44603812564e-06],
        "var": [0.000410437205574, 6.22650768491e-05, 5.4813931456e-06, 9.37048355354e-07, 2.31935828765e-07, 4.39721873136e-07, 3.41900602052e-07, 1.06409579814e-07, 3.25077081698e-07, 2.0405606449e-07, 2.67054105052e-07, 1.15589138261e-07, 5.41507141349e-08, 2.08541113267e-08, 1.25691840935e-07, 4.57232331996e-08, 1.82514394709e-08, 1.81413195577e-08, 8.26497714712e-09, 3.03248959277e-09, 2.28407914804e-09, 2.09314854338e-09, 1.30006116983e-09, 7.55012774523e-10, 7.82128806165e-10, 5.88141202407e-10, 2.48339099285e-10, 1.78659587124e-10, 1.30705599122e-10, 8.73467617679e-11, 6.19306758654e-11, 4.99763216921e-11, 8.94833235288e-11, 1.17660353682e-10, 1.31874247633e-10, 1.87078644243e-10, 1.05389585947e-10, 4.80275957893e-11, 5.84328488373e-11, 5.54434831379e-11]
    },
    "melbands128": {
