{
"lowlevel": {
    "average_loudness": 0.975713014603,
    "barkbands_crest": {
        "dmean": 3.644333601,
        "dmean2": 5.45282888412,
        "dvar": 10.9639129639,
        "dvar2": 21.6735172272,
        "max": 26.4137153625,
        "mean": 12.9551486969,
        "median": 11.6044387817,
        "min": 3.0663254261,
        "stdev": 5.98874044418,
        "var": 35.8650093079
    },
    "barkbands_flatness_db": {
        "dmean": 0.036963891238,
        "dmean2": 0.0541834160686,
        "dvar": 0.0013553306926,
        "dvar2": 0.00257280631922,
        "max": 0.573311626911,
        "mean": 0.207634657621,
        "median": 0.198812171817,
        "min": 0.0391719862819,
        "stdev": 0.074608810246,
        "var": 0.00556647451594
    },
    "barkbands_kurtosis": {
        "dmean": 9.88173294067,
        "dmean2": 15.2613801956,
        "dvar": 979.471557617,
        "dvar2": 2136.8203125,
        "max": 688.209777832,
        "mean": 11.3288965225,
        "median": 1.59906864166,
        "min": -1.79705631733,
        "stdev": 39.6348762512,
        "var": 1570.92346191
    },
    "barkbands_skewness": {
        "dmean": 1.04042816162,
        "dmean2": 1.47271692753,
        "dvar": 1.56714093685,
        "dvar2": 3.00759625435,
        "max": 18.8284950256,
        "mean": 1.74256932735,
        "median": 1.12454426289,
        "min": -1.95767045021,
        "stdev": 2.35044193268,
        "var": 5.52457761765
    },
    "barkbands_spread": {
        "dmean": 5.52958869934,
        "dmean2": 8.29286289215,
        "dvar": 36.3579406738,
        "dvar2": 75.6540756226,
        "max": 70.2839736938,
        "mean": 15.0681142807,
        "median": 13.4122171402,
        "min": 0.106151238084,
        "stdev": 9.83630847931,
        "var": 96.7529678345
    },
    "dissonance": {
        "dmean": 0.0363947823644,
        "dmean2": 0.058650251478,
        "dvar": 0.00117822282482,
        "dvar2": 0.00322646670975,
        "max": 0.499999970198,
        "mean": 0.4351529181,
        "median": 0.444883227348,
        "min": 0.226631507277,
        "stdev": 0.0474702566862,
        "var": 0.00225342530757
    },
    "dynamic_complexity": 3.2452082634,
    "erbbands_crest": {
        "dmean": 3.7748811245,
        "dmean2": 6.10176610947,
        "dvar": 11.2802858353,
        "dvar2": 28.9203205109,
        "max": 28.3798503876,
        "mean": 11.4609956741,
        "median": 10.3294830322,
        "min": 3.21858310699,
        "stdev": 4.97567844391,
        "var": 24.7573738098
    },
    "erbbands_flatness_db": {
        "dmean": 0.0259493477643,
        "dmean2": 0.0400273539126,
        "dvar": 0.00058489118237,
        "dvar2": 0.00129145965911,
        "max": 0.424880623817,
        "mean": 0.222348883748,
        "median": 0.220920160413,
        "min": 0.0932468175888,
        "stdev": 0.0474304445088,
        "var": 0.00224964716472
    },
    "erbbands_kurtosis": {
        "dmean": 1.42298793793,
        "dmean2": 2.30282354355,
        "dvar": 6.75925445557,
        "dvar2": 18.8874225616,
        "max": 36.8835678101,
        "mean": 0.918133020401,
        "median": 0.3726375103,
        "min": -1.79548466206,
        "stdev": 2.59785532951,
        "var": 6.74885177612
    },
    "erbbands_skewness": {
        "dmean": 0.533258140087,
        "dmean2": 0.805687725544,
        "dvar": 0.310454070568,
        "dvar2": 0.732768058777,
        "max": 5.41569232941,
        "mean": 0.371913403273,
        "median": 0.389598816633,
        "min": -2.87010145187,
        "stdev": 0.83980512619,
        "var": 0.705272674561
    },
    "erbbands_spread": {
        "dmean": 8.57279872894,
        "dmean2": 12.7511177063,
        "dvar": 97.5104904175,
        "dvar2": 214.973831177,
        "max": 112.03918457,
        "mean": 27.9047393799,
        "median": 24.2428379059,
        "min": 2.92608165741,
        "stdev": 15.9283628464,
        "var": 253.712738037
    },
    "hfc": {
        "dmean": 8.32380485535,
        "dmean2": 12.0324401855,
        "dvar": 258.732879639,
        "dvar2": 589.006225586,
        "max": 109.496490479,
        "mean": 12.6836271286,
        "median": 8.94732761383,
        "min": 1.28073499207e-16,
        "stdev": 17.4743919373,
        "var": 305.354370117
    },
    "loudness_ebu128": {
        "integrated": -8.88260936737,
        "loudness_range": 1.61292934418,
        "momentary": {
            "dmean": 0.881223917007,
            "dmean2": 1.36018586159,
            "dvar": 0.478165030479,
            "dvar2": 1.03852403164,
            "max": -6.41859722137,
            "mean": -9.10969734192,
            "median": -8.88422107697,
            "min": -16.4755783081,
            "stdev": 1.51015007496,
            "var": 2.28055310249
        },
        "short_term": {
            "dmean": 0.125070154667,
            "dmean2": 0.197001188993,
            "dvar": 0.00930220726877,
            "dvar2": 0.0229633934796,
            "max": -8.05910491943,
            "mean": -8.93949317932,
            "median": -8.77268600464,
            "min": -10.8904628754,
            "stdev": 0.588849067688,
            "var": 0.346743255854
        }
    },
    "melbands_crest": {
        "dmean": 4.73975610733,
        "dmean2": 7.32299089432,
        "dvar": 20.1597099304,
        "dvar2": 40.8524055481,
        "max": 36.4991950989,
        "mean": 17.3142814636,
        "median": 16.5144882202,
        "min": 2.42512989044,
        "stdev": 7.82526826859,
        "var": 61.2348213196
    },
    "melbands_flatness_db": {
        "dmean": 0.0458010993898,
        "dmean2": 0.0635325238109,
        "dvar": 0.002137391828,
        "dvar2": 0.00358946248889,
        "max": 0.696671187878,
        "mean": 0.259170085192,
        "median": 0.242330625653,
        "min": 0.00451907794923,
        "stdev": 0.100721277297,
        "var": 0.0101447757334
    },
    "melbands_kurtosis": {
        "dmean": 15.0410642624,
        "dmean2": 23.4384021759,
        "dvar": 1184.21875,
        "dvar2": 2744.97705078,
        "max": 498.247924805,
        "mean": 19.5067253113,
        "median": 4.26798057556,
        "min": -1.74785220623,
        "stdev": 43.3799591064,
        "var": 1881.82092285
    },
    "melbands_skewness": {
        "dmean": 1.22346663475,
        "dmean2": 1.77509105206,
        "dvar": 2.13303565979,
        "dvar2": 4.27644586563,
        "max": 17.4272975922,
        "mean": 2.49217987061,
        "median": 1.74541318417,
        "min": -0.98637264967,
        "stdev": 2.59385752678,
        "var": 6.72809648514
    },
    "melbands_spread": {
        "dmean": 8.63265895844,
        "dmean2": 12.7249765396,
        "dvar": 124.362846375,
        "dvar2": 241.99987793,
        "max": 191.288223267,
        "mean": 20.7798213959,
        "median": 16.9948978424,
        "min": 0.257045805454,
        "stdev": 17.2487316132,
        "var": 297.518737793
    },
    "pitch_salience": {
        "dmean": 0.101346470416,
        "dmean2": 0.150095432997,
        "dvar": 0.00851177982986,
        "dvar2": 0.0176057629287,
        "max": 0.849909186363,
        "mean": 0.486379861832,
        "median": 0.50543820858,
        "min": 0.0477473214269,
        "stdev": 0.178097829223,
        "var": 0.0317188389599
    },
    "silence_rate_20dB": {
        "dmean": 0,
        "dmean2": 0,
        "dvar": 0,
        "dvar2": 0,
        "max": 1,
        "mean": 1,
        "median": 1,
        "min": 1,
        "stdev": 0,
        "var": 0
    },
    "silence_rate_30dB": {
        "dmean": 0.00154798757285,
        "dmean2": 0.00309837330133,
        "dvar": 0.0015455908142,
        "dvar2": 0.00463795755059,
        "max": 1,
        "mean": 0.999226629734,
        "median": 1,
        "min": 0,
        "stdev": 0.027799224481,
        "var": 0.000772796920501
    },
    "silence_rate_60dB": {
        "dmean": 0.100619196892,
        "dmean2": 0.199845075607,
        "dvar": 0.0904949009418,
        "dvar2": 0.187790349126,
        "max": 1,
        "mean": 0.14771848917,
        "median": 0,
        "min": 0,
        "stdev": 0.354820013046,
        "var": 0.125897243619
    },
    "spectral_centroid": {
        "dmean": 332.214691162,
        "dmean2": 462.93182373,
        "dvar": 171925.21875,
        "dvar2": 284784,
        "max": 11065.7910156,
        "mean": 1301.02539062,
        "median": 1265.83251953,
        "min": 106.618766785,
        "stdev": 663.910766602,
        "var": 440777.5
    },
    "spectral_complexity": {
        "dmean": 4.74767780304,
        "dmean2": 6.13632822037,
        "dvar": 50.0958404541,
        "dvar2": 80.4802932739,
        "max": 56,
        "mean": 11.5027065277,
        "median": 10,
        "min": 0,
        "stdev": 10.1893625259,
        "var": 103.823112488
    },
    "spectral_decrease": {
        "dmean": 3.03855629546e-09,
        "dmean2": 4.69280436732e-09,
        "dvar": 2.05632087566e-17,
        "dvar2": 4.86626648596e-17,
        "max": 3.62571689378e-29,
        "mean": -5.42400346859e-09,
        "median": -3.17741433165e-09,
        "min": -3.17722061993e-08,
        "stdev": 6.4945435696e-09,
        "var": 4.21790941782e-17
    },
    "spectral_energy": {
        "dmean": 0.0121791977435,
        "dmean2": 0.0187180433422,
        "dvar": 0.000310686562443,
        "dvar2": 0.000733272114303,
        "max": 0.121083036065,
        "mean": 0.021621869877,
        "median": 0.0129768121988,
        "min": 1.14798088348e-20,
        "stdev": 0.0250921398401,
        "var": 0.000629615504295
    },
    "spectral_energyband_high": {
        "dmean": 0.000182617324754,
        "dmean2": 0.000306185160298,
        "dvar": 2.71572218935e-07,
        "dvar2": 7.32607418286e-07,
        "max": 0.0032333501149,
        "mean": 0.000171642692294,
        "median": 4.53391221527e-05,
        "min": 8.1536372358e-21,
        "stdev": 0.000443921744591,
        "var": 1.97066512442e-07
    },
    "spectral_energyband_low": {
        "dmean": 0.00680974451825,
        "dmean2": 0.00999498739839,
        "dvar": 0.000232541497098,
        "dvar2": 0.000498311477713,
        "max": 0.116703525186,
        "mean": 0.0109755862504,
        "median": 0.00117622420657,
        "min": 4.56360956162e-23,
        "stdev": 0.0222579911351,
        "var": 0.00049541820772
    },
    "spectral_energyband_middle_high": {
        "dmean": 0.00325813563541,
        "dmean2": 0.00455129891634,
        "dvar": 3.83596525353e-05,
        "dvar2": 8.06281168479e-05,
        "max": 0.0441732518375,
        "mean": 0.00468774139881,
        "median": 0.00201876880601,
        "min": 1.87714725775e-21,
        "stdev": 0.00737084122375,
        "var": 5.43292990187e-05
    },
    "spectral_energyband_middle_low": {
        "dmean": 0.00577580044046,
        "dmean2": 0.00981841981411,
        "dvar": 0.000151981133968,
        "dvar2": 0.000414368638303,
        "max": 0.0727056637406,
        "mean": 0.00673925736919,
        "median": 0.00350435613655,
        "min": 3.04124508702e-22,
        "stdev": 0.0105861583725,
        "var": 0.000112066758447
    },
    "spectral_entropy": {
        "dmean": 0.302420318127,
        "dmean2": 0.466211616993,
        "dvar": 0.0930395051837,
        "dvar2": 0.199806690216,
        "max": 9.81454753876,
        "mean": 7.02501153946,
        "median": 6.9771027565,
        "min": 4.77819538116,
        "stdev": 0.496415048838,
        "var": 0.24642790854
    },
    "spectral_flux": {
        "dmean": 0.0409970581532,
        "dmean2": 0.0650165751576,
        "dvar": 0.00230273371562,
        "dvar2": 0.00487204454839,
        "max": 0.349840074778,
        "mean": 0.0838459506631,
        "median": 0.0665371567011,
        "min": 1.07143870165e-10,
        "stdev": 0.0669407770038,
        "var": 0.00448106788099
    },
    "spectral_kurtosis": {
        "dmean": 3.74636125565,
        "dmean2": 6.18965530396,
        "dvar": 16.5074996948,
        "dvar2": 42.3880386353,
        "max": 49.9204597473,
        "mean": 7.94120693207,
        "median": 6.56385231018,
        "min": -1.18393599987,
        "stdev": 5.5026011467,
        "var": 30.2786216736
    },
    "spectral_rms": {
        "dmean": 0.00120771955699,
        "dmean2": 0.00173165940214,
        "dvar": 2.08224969356e-06,
        "dvar2": 4.18827539761e-06,
        "max": 0.0108687533066,
        "mean": 0.00391064537689,
        "median": 0.00355813209899,
        "min": 3.34661226682e-12,
        "stdev": 0.00240860204212,
        "var": 5.80136338613e-06
    },
    "spectral_rolloff": {
        "dmean": 463.947174072,
        "dmean2": 716.034057617,
        "dvar": 637728.6875,
        "dvar2": 1072773.5,
        "max": 19078.4179688,
        "mean": 1210.32116699,
        "median": 1227.39257812,
        "min": 64.599609375,
        "stdev": 1108.95776367,
        "var": 1229787.25
    },
    "spectral_skewness": {
        "dmean": 0.424421578646,
        "dmean2": 0.673406541348,
        "dvar": 0.162087485194,
        "dvar2": 0.403782457113,
        "max": 5.44905138016,
        "mean": 1.88896799088,
        "median": 1.83457398415,
        "min": -0.00870146043599,
        "stdev": 0.639278531075,
        "var": 0.408677041531
    },
    "spectral_spread": {
        "dmean": 554642.75,
        "dmean2": 850037.5625,
        "dvar": 1.31695640576e+12,
        "dvar2": 1.75675198669e+12,
        "max": 39510200,
        "mean": 3272632.5,
        "median": 3185973.5,
        "min": 1301288.25,
        "stdev": 1336126.625,
        "var": 1.78523419443e+12
    },
    "spectral_strongpeak": {
        "dmean": 0.559945046902,
        "dmean2": 0.862356901169,
        "dvar": 0.535969674587,
        "dvar2": 1.05327129364,
        "max": 5.98464441299,
        "mean": 1.01610314846,
        "median": 0.518713951111,
        "min": 0,
        "stdev": 1.18185532093,
        "var": 1.39678192139
    },
    "zerocrossingrate": {
        "dmean": 0.0102833844721,
        "dmean2": 0.0109392395243,
        "dvar": 0.000270475138677,
        "dvar2": 0.000303859997075,
        "max": 0.4970703125,
        "mean": 0.0432595275342,
        "median": 0.04248046875,
        "min": 0.00244140625,
        "stdev": 0.0280366688967,
        "var": 0.000786054821219
    },
    "barkbands": {
        "dmean": [0.000292397016892, 0.00617571827024, 0.00125395297073, 0.00277348631062, 0.00107188837137, 0.000259173451923, 0.00118374754675, 0.000858568295371, 0.000756609544624, 0.00020435830811, 0.000310978211928, 0.000837883271743, 0.00048068605247, 0.000506192969624, 0.000395408074837, 0.00040746742161, 0.000363602273865, 0.000290690193651, 0.000301505322568, 0.000152017979417, 6.45560503472e-05, 3.36460398103e-05, 1.44651858136e-05, 7.66860557633e-06, 2.34091157836e-06, 4.88494436013e-07, 1.97150473724e-08],
        "dmean2": [0.000431478198152, 0.00906043685973, 0.00186519732233, 0.00525377131999, 0.00189475528896, 0.000415371090639, 0.00194441433996, 0.00141260842793, 0.000973434071057, 0.000311473297188, 0.000451988104032, 0.00129281624686, 0.000719651405234, 0.000743649783544, 0.000611799012404, 0.000590071605984, 0.000559497100767, 0.000454639404779, 0.000488958670758, 0.000263706577243, 0.000109616274131, 5.27299744135e-05, 2.27599866776e-05, 1.13889836939e-05, 3.53988070856e-06, 7.60921750498e-07, 3.36247758526e-08],
        "dvar": [4.89742660648e-07, 0.000235229337704, 1.67939324456e-05, 0.000110091932584, 6.82889913151e-06, 6.67467929816e-07, 5.52456731384e-06, 3.55862175638e-06, 3.27082352669e-06, 4.30612885793e-07, 5.16056275046e-07, 2.75677621175e-06, 7.97859172508e-07, 9.17170723369e-07, 1.06716254322e-06, 1.20903757761e-06, 7.94489494638e-07, 5.76866057145e-07, 5.30489955963e-07, 2.26541672532e-07, 4.05116615809e-08, 4.44005632261e-09, 7.32699456663e-10, 1.27629809499e-10, 1.66169526056e-11, 1.05396344863e-12, 1.27450980813e-14],
        "dvar2": [1.04289222236e-06, 0.000524187227711, 3.96266186726e-05, 0.000314175791573, 1.91066537809e-05, 1.63872721259e-06, 1.40208258017e-05, 8.94036202226e-06, 5.43231953998e-06, 9.25351571368e-07, 1.21124242014e-06, 6.47063870929e-06, 1.65843732702e-06, 1.8819196157e-06, 2.20427909881e-06, 2.35804259319e-06, 1.91562821783e-06, 1.46925810895e-06, 1.38705354402e-06, 6.17066120867e-07, 1.08173310309e-07, 1.1430350888e-08, 1.82123582881e-09, 2.7685337356e-10, 3.61809054938e-11, 2.50278920852e-12, 3.69465234502e-14],
        "max": [0.00957585591823, 0.113131150603, 0.0306839887053, 0.0620279833674, 0.0191436018795, 0.0180586595088, 0.0299424007535, 0.0188444424421, 0.0291216727346, 0.0126010784879, 0.010575177148, 0.0144037846476, 0.0126352021471, 0.00733382115141, 0.00869849417359, 0.00693688727915, 0.00568750919774, 0.00548694701865, 0.00495893508196, 0.00299262744375, 0.00129454990383, 0.000472344545415, 0.000295426347293, 0.000177751222509, 8.83593311301e-05, 1.65615401784e-05, 2.72342481367e-06],
        "mean": [0.000448012840934, 0.00851068925112, 0.0010919830529, 0.00161323416978, 0.00102021417115, 0.000442503165687, 0.00139563251287, 0.000902207626496, 0.0012623318471, 0.000224374118261, 0.000455329136457, 0.00103062437847, 0.000603535096161, 0.00057480216492, 0.00042814417975, 0.000405557249906, 0.000353538460331, 0.000291603559162, 0.000326305627823, 0.000115794733574, 4.90846032335e-05, 4.30543150287e-05, 1.85059088835e-05, 1.08755630208e-05, 3.29689305545e-06, 6.42473139578e-07, 1.79881052276e-08],
        "median": [0.000123955513118, 0.000789826677646, 1.92525039893e-05, 1.06818151835e-05, 0.00037413026439, 9.97600072878e-05, 0.000546912429854, 0.000167115475051, 0.000149175699335, 3.82038560929e-05, 8.01083442639e-05, 0.00015626498498, 0.000110374952783, 6.41269798507e-05, 3.02524895233e-05, 2.59787484538e-05, 6.60353107378e-05, 7.319899305e-05, 0.000109903710836, 1.36935650517e-05, 2.82759947368e-06, 1.28916080939e-05, 6.67326548864e-06, 5.51215680389e-06, 1.85047861123e-06, 3.05255753119e-07, 3.893147138e-09],
        "min": [5.83155878968e-24, 2.27967801181e-23, 1.28026760663e-23, 2.03148391168e-23, 6.018988512e-23, 6.7438115822e-23, 5.34263999779e-23, 2.48018199923e-23, 6.82941750546e-23, 1.19253529303e-22, 5.75361128586e-23, 1.1003180843e-22, 5.02679271311e-23, 1.4794741703e-22, 3.29921471993e-22, 3.06565105503e-22, 9.42413185293e-23, 2.59080248091e-22, 3.05290053845e-22, 2.50335403102e-22, 4.13315656464e-22, 6.53180161671e-22, 6.06075598325e-22, 9.93284376447e-22, 9.69516060481e-22, 1.71017249044e-21, 3.03719960635e-21],
        "stdev": [0.000959023658652, 0.0192456487566, 0.0040005738847, 0.00790099892765, 0.00216321484186, 0.000953512848355, 0.00243941601366, 0.00203059543855, 0.00309063214809, 0.000736709916964, 0.00105132604949, 0.00200432515703, 0.00124507513829, 0.00115694082342, 0.00113525113557, 0.00120656390209, 0.00085719540948, 0.000697611074429, 0.000662109814584, 0.000391566834878, 0.000169884675415, 7.21796677681e-05, 3.11306612275e-05, 1.4928854398e-05, 5.06608103024e-06, 1.13514784061e-06, 8.53708073123e-08],
        "var": [9.19726346638e-07, 0.000370394962374, 1.60045910889e-05, 6.2425780925e-05, 4.67949894301e-06, 9.0918672413e-07, 5.95075061938e-06, 4.12331746702e-06, 9.55200721364e-06, 5.42741531717e-07, 1.10528640107e-06, 4.01731949751e-06, 1.55021211867e-06, 1.3385119928e-06, 1.28879514705e-06, 1.4557964505e-06, 7.34783952794e-07, 4.86661178911e-07, 4.38389406554e-07, 1.53324577923e-07, 2.88608035248e-08, 5.2099049519e-09, 9.69118008065e-10, 2.22870694122e-10, 2.56651748465e-11, 1.28856062105e-12, 7.28817471597e-15]
    },
    "erbbands": {
        "dmean": [0.178302243352, 1.43552017212, 1.39195549488, 6.49828481674, 5.41203022003, 3.82684087753, 2.02318620682, 2.49249482155, 7.57032823563, 30.3027858734, 12.8840522766, 13.4709196091, 14.9180717468, 7.1263756752, 12.7907314301, 33.9777641296, 22.8806018829, 28.061296463, 17.9949398041, 24.09623909, 19.9365634918, 22.1707057953, 16.4536190033, 13.8021554947, 14.1356363297, 7.28114032745, 4.58384037018, 1.45384693146, 1.39056777954, 0.628128051758, 0.394086509943, 0.213110595942, 0.0972046032548, 0.03348942101, 0.0145075265318, 0.00351153104566, 0.000635916483589, 8.91007584869e-05, 8.2804936028e-06, 1.43199249578e-05],
        "dmean2": [0.274337649345, 1.98364710808, 1.95532155037, 12.1487493515, 9.96760177612, 6.66501712799, 3.31469678879, 4.0264544487, 12.3151388168, 50.2950401306, 19.6690216064, 17.9248924255, 18.7130413055, 10.498793602, 18.6198692322, 51.9307289124, 33.4454650879, 41.5123710632, 27.3429050446, 37.0831069946, 27.9256572723, 34.4279975891, 26.0960769653, 21.4923496246, 22.9017810822, 12.7901744843, 8.11640739441, 2.31472563744, 2.22830176353, 0.968896746635, 0.61851477623, 0.323693543673, 0.145134225488, 0.0509007014334, 0.0224671121687, 0.00548772513866, 0.000985409249552, 0.000143539567944, 1.2722673091e-05, 2.18515870074e-05],
        "dvar": [0.189183577895, 14.2539892197, 15.1951684952, 591.352783203, 361.376434326, 60.8779563904, 14.9780035019, 70.5278244019, 474.122375488, 3633.44580078, 822.053100586, 1353.57165527, 1311.05505371, 218.973342896, 657.316223145, 4326.87451172, 1673.36010742, 2806.19702148, 1979.6940918, 4810.45898438, 2554.43115234, 3039.71875, 2000.35913086, 961.995666504, 1335.29931641, 569.402648926, 245.77885437, 14.3734550476, 8.33574867249, 1.27724421024, 0.51664608717, 0.0977685898542, 0.0252746101469, 0.00390431354754, 0.000574819918256, 4.00175267714e-05, 2.78771449302e-06, 9.79370398113e-08, 3.11810827158e-10, 4.00385058441e-10],
        "dvar2": [0.465537786484, 29.8975353241, 25.0568695068, 1677.4465332, 1014.76324463, 165.063903809, 36.5254669189, 172.672485352, 1204.89672852, 9204.875, 1673.68066406, 2602.38818359, 1989.54064941, 482.666259766, 1509.72216797, 10220.2978516, 3365.36401367, 5742.62548828, 3494.94311523, 11025.0898438, 5213.14648438, 7424.93652344, 5223.78027344, 2416.55395508, 3435.42407227, 1564.62902832, 677.414916992, 35.9700431824, 21.8619937897, 3.13653635979, 1.27945482731, 0.219423606992, 0.054080363363, 0.00836649443954, 0.00133864325471, 9.23824991332e-05, 6.770235359e-06, 2.57244465729e-07, 8.70751970528e-10, 9.41096867102e-10],
        "max": [4.72025442123, 26.4698486328, 31.6677532196, 146.405517578, 120.225593567, 63.8497314453, 46.1161880493, 197.248916626, 476.458007812, 554.758056641, 490.412597656, 838.588562012, 726.113891602, 270.382171631, 341.941802979, 632.730712891, 642.660217285, 507.891418457, 310.303527832, 481.543823242, 362.838562012, 347.548156738, 315.392669678, 206.322631836, 248.89831543, 154.659866333, 93.2902450562, 28.0775661469, 21.3651752472, 11.2664442062, 6.25140380859, 3.65879034996, 2.96698403358, 1.35224843025, 0.384342610836, 0.0884589403868, 0.0265948474407, 0.00618030549958, 0.000390419911128, 0.0001318212162],
        "mean": [0.270855724812, 1.74949645996, 1.70104324818, 3.89226841927, 3.56505274773, 4.14540624619, 2.86482691765, 4.09744167328, 9.21006774902, 33.6829414368, 16.5504302979, 21.321149826, 24.4668731689, 10.6477499008, 18.3361949921, 42.6662635803, 33.0476074219, 34.2536354065, 21.4473876953, 23.5753593445, 20.0283164978, 21.822637558, 16.2444496155, 15.2320747375, 14.4883737564, 5.3812456131, 3.14420437813, 1.36738562584, 1.71162080765, 0.874336779118, 0.503443837166, 0.296292960644, 0.13705265522, 0.04582381621, 0.0201495140791, 0.00481389043853, 0.000842774345074, 0.000107529085653, 1.41520440593e-05, 2.51924066106e-05],
        "median": [0.0509953908622, 0.0600425899029, 0.0341598875821, 0.0578374825418, 0.305910408497, 1.65071558952, 1.34332704544, 1.04303121567, 3.41524744034, 11.1816320419, 3.5790374279, 3.81484699249, 3.53904438019, 2.79315423965, 4.65123701096, 7.90025186539, 7.93274688721, 4.72251462936, 2.52914977074, 1.2788836956, 2.32141256332, 5.07235956192, 4.68621587753, 5.74235725403, 3.86264801025, 0.664898335934, 0.135155826807, 0.174659028649, 0.454135030508, 0.317439556122, 0.181162387133, 0.144813343883, 0.0654588639736, 0.023772822693, 0.0102885877714, 0.00240051769651, 0.000412591296481, 4.36957379861e-05, 9.9782810139e-06, 1.57304766617e-05],
        "min": [3.51730989533e-22, 6.12391332328e-21, 1.46368623883e-20, 4.35603230275e-20, 1.42605640336e-19, 2.35361215207e-19, 1.9483926551e-19, 5.69212499506e-19, 6.93411083541e-19, 9.36218216731e-19, 8.50455613834e-19, 1.65212049622e-18, 1.62294128653e-18, 5.01586813816e-18, 2.26101073006e-18, 4.52796558001e-18, 2.46507763475e-18, 8.42134631821e-18, 1.80598839447e-17, 1.24622261809e-17, 1.44979813613e-17, 7.32774654678e-18, 1.26714946041e-17, 1.32810845293e-17, 1.53225944053e-17, 1.26889348801e-17, 1.72177644503e-17, 1.51825527276e-17, 2.00716136642e-17, 2.33578864326e-17, 1.54070214217e-17, 1.8449017829e-17, 1.68833518722e-17, 8.33638990622e-18, 8.3409303006e-18, 5.51310501593e-18, 3.58259533358e-18, 1.52828907698e-18, 4.10331731651e-19, 4.19620711436e-20],
        "stdev": [0.574702501297, 4.49599647522, 4.97773694992, 18.562669754, 14.7443170547, 7.09442901611, 4.78580522537, 9.36838912964, 21.6694965363, 59.889541626, 39.3504104614, 54.1607627869, 65.5263671875, 21.9718837738, 36.2641944885, 79.0549926758, 60.0343666077, 65.6006622314, 52.8961982727, 69.5185470581, 54.9770088196, 52.1515235901, 40.0395965576, 29.3920440674, 33.2671737671, 19.2973384857, 12.6021986008, 3.56966519356, 3.02582979202, 1.34700024128, 0.824640393257, 0.40523853898, 0.205419555306, 0.0762150585651, 0.0296258591115, 0.00765304546803, 0.00167734886054, 0.000276864593616, 1.73732878466e-05, 2.80455715256e-05],
        "var": [0.330282956362, 20.2139854431, 24.7778644562, 344.572692871, 217.394897461, 50.3309211731, 22.9039325714, 87.7667160034, 469.567077637, 3586.75708008, 1548.45471191, 2933.38818359, 4293.70507812, 482.763671875, 1315.0916748, 6249.69238281, 3604.12524414, 4303.44726562, 2798.0078125, 4832.828125, 3022.47167969, 2719.78125, 1603.16943359, 863.892211914, 1106.70495605, 372.387268066, 158.81539917, 12.7425088882, 9.15564537048, 1.81440973282, 0.680031776428, 0.164218276739, 0.0421971939504, 0.00580873480067, 0.000877691549249, 5.85691050219e-05, 2.81349912257e-06, 7.66540111385e-08, 3.01831143412e-10, 7.86554044119e-10]
    },
    "gfcc": {
        "mean": [-91.1908798218, 112.771499634, -147.37802124, 20.7080802917, -59.1761512756, 7.43607950211, -34.4682884216, 10.1829204559, -13.8876991272, -3.41749644279, 8.08037471771, 3.02390503883, -13.8120832443],
        "cov": [[8158.59130859, -844.928039551, -868.992675781, 354.169952393, -99.1764984131, 638.485595703, 41.6091766357, 382.902801514, 258.448059082, 192.122634888, -88.4016036987, 30.61577034, 40.796710968], [-844.928039551, 1696.51623535, 1125.36157227, 365.664031982, 786.520812988, 86.4737014771, 450.906646729, 105.434715271, 285.011016846, 13.2632694244, 233.948257446, -9.35521888733, 133.64364624], [-868.992675781, 1125.36157227, 1753.88232422, 668.372497559, 623.860168457, 245.715744019, 359.867889404, 198.330368042, 186.815689087, 67.5099411011, 174.506561279, 32.681427002, 25.5056724548], [354.169952393, 365.664031982, 668.372497559, 856.370056152, 451.469818115, 133.132781982, 140.76020813, 27.7429885864, 211.19732666, 134.82460022, 8.10902690887, -8.58368015289, 139.293228149], [-99.1764984131, 786.520812988, 623.860168457, 451.469818115, 708.184143066, 183.329467773, 282.782470703, 82.915435791, 269.561035156, 98.0166091919, 82.9152450562, 2.17340040207, 151.22442627], [638.485595703, 86.4737014771, 245.715744019, 133.132781982, 183.329467773, 432.35333252, 260.575836182, 160.342422485, 113.09980011, 44.6698112488, 56.5979232788, 81.1359329224, 21.8728904724], [41.6091766357, 450.906646729, 359.867889404, 140.76020813, 282.782470703, 260.575836182, 468.054748535, 165.385635376, 128.206008911, 10.0012264252, 83.7195205688, 49.4781570435, 64.5266342163], [382.902801514, 105.434715271, 198.330368042, 27.7429885864, 82.915435791, 160.342422485, 165.385635376, 270.821868896, 92.159034729, 40.8230628967, 103.828521729, 61.9040794373, 11.9582862854], [258.448059082, 285.011016846, 186.815689087, 211.19732666, 269.561035156, 113.09980011, 128.206008911, 92.159034729, 294.275939941, 90.3389053345, 75.0577926636, 30.7426681519, 64.6705474854], [192.122634888, 13.2632694244, 67.5099411011, 134.82460022, 98.0166091919, 44.6698112488, 10.0012264252, 40.8230628967, 90.3389053345, 179.354751587, 51.3731689453, 31.6480407715, 44.6136665344], [-88.4016036987, 233.948257446, 174.506561279, 8.10902690887, 82.9152450562, 56.5979232788, 83.7195205688, 103.828521729, 75.0577926636, 51.3731689453, 246.944778442, 76.4902801514, -17.4636440277], [30.61577034, -9.35521888733, 32.681427002, -8.58368015289, 2.17340040207, 81.1359329224, 49.4781570435, 61.9040794373, 30.7426681519, 31.6480407715, 76.4902801514, 132.149917603, 25.2739906311], [40.796710968, 133.64364624, 25.5056724548, 139.293228149, 151.22442627, 21.8728904724, 64.5266342163, 11.9582862854, 64.6705474854, 44.6136665344, -17.4636440277, 25.2739906311, 190.706893921]],
        "icov": [[0.000215189778828, -0.00015245169925, 0.00031733783544, -0.000319891551044, 0.000171788298758, -0.00046002009185, 0.000234916064073, -0.000448905542726, -1.28459132611e-05, -8.50170617923e-05, 0.000147982500494, 0.000153990084073, 0.000134600282763], [-0.00015245169925, 0.00305985030718, -0.00161155872047, 0.0013756013941, -0.00220045307651, 0.00175191799644, -0.00162261922378, 0.00138893106487, -0.000897562887985, 0.00117196806241, -0.00188765989151, 0.000899280537851, -0.00115683360491], [0.00031733783544, -0.00161155872047, 0.00237616058439, -0.00185710098594, 0.000333445001161, -0.00119758583605, 0.000756178051233, -0.00176912662573, 0.00109733187128, -0.000312325457344, 0.000679378921632, -0.000511482765432, 0.00165907258634], [-0.000319891551044, 0.0013756013941, -0.00185710098594, 0.00346621614881, -0.00145656359382, 0.000866903807037, -0.000587087182794, 0.00171600608155, -0.00110886595212, -0.000492556020617, -0.000329385453369, 0.000647054228466, -0.00165696849581], [0.000171788298758, -0.00220045307651, 0.000333445001161, -0.00145656359382, 0.00587430875748, -0.00184029643424, 0.000181079725735, -3.80987657991e-05, -0.00159745139536, -0.00105971749872, 0.000632288516499, 0.00111522711813, -0.0012816558592], [-0.00046002009185, 0.00175191799644, -0.00119758583605, 0.000866903807037, -0.00184029643424, 0.00607249047607, -0.00303046428598, 0.000179194263183, -0.000520170375239, 0.000288930197712, -4.21922995884e-05, -0.00209460756741, 0.000557166000362], [0.000234916064073, -0.00162261922378, 0.000756178051233, -0.000587087182794, 0.000181079725735, -0.00303046428598, 0.00546397501603, -0.00219739414752, 0.000346972869011, 0.000620814040303, 0.000574135803618, -5.85077577853e-05, -0.000295031903079], [-0.000448905542726, 0.00138893106487, -0.00176912662573, 0.00171600608155, -3.80987657991e-05, 0.000179194263183, -0.00219739414752, 0.00770907104015, -0.00164488214068, -6.80865050526e-05, -0.0023313742131, -0.000160503419465, -0.00124281190801], [-1.28459132611e-05, -0.000897562887985, 0.00109733187128, -0.00110886595212, -0.00159745139536, -0.000520170375239, 0.000346972869011, -0.00164488214068, 0.00684579415247, -0.00161186954938, -0.00014585237659, -0.00068128266139, 0.000739569601137], [-8.50170617923e-05, 0.00117196806241, -0.000312325457344, -0.000492556020617, -0.00105971749872, 0.000288930197712, 0.000620814040303, -6.80865050526e-05, -0.00161186954938, 0.0083487983793, -0.00200735777617, -0.000419861811679, -0.00133485230617], [0.000147982500494, -0.00188765989151, 0.000679378921632, -0.000329385453369, 0.000632288516499, -4.21922995884e-05, 0.000574135803618, -0.0023313742131, -0.00014585237659, -0.00200735777617, 0.00790619757026, -0.00403772806749, 0.00267444853671], [0.000153990084073, 0.000899280537851, -0.000511482765432, 0.000647054228466, 0.00111522711813, -0.00209460756741, -5.85077577853e-05, -0.000160503419465, -0.00068128266139, -0.000419861811679, -0.00403772806749, 0.0123674012721, -0.00336110731587], [0.000134600282763, -0.00115683360491, 0.00165907258634, -0.00165696849581, -0.0012816558592, 0.000557166000362, -0.000295031903079, -0.00124281190801, 0.000739569601137, -0.00133485230617, 0.00267444853671, -0.00336110731587, 0.00889590103179]]
    },
    "melbands": {
        "dmean": [0.00162437534891, 0.00112528400496, 0.00105841632467, 0.000288447336061, 9.50994362938e-05, 5.36736297363e-05, 0.000149237530422, 0.000307726411847, 8.9309301984e-05, 9.68368258327e-05, 7.38453527447e-05, 2.72672477877e-05, 4.56780617242e-05, 6.98654985172e-05, 9.62107878877e-05, 4.59746697743e-05, 5.26045187144e-05, 2.7570507882e-05, 3.01815070998e-05, 3.15263350785e-05, 2.20780657401e-05, 2.35960578721e-05, 1.4803808881e-05, 1.74524884642e-05, 9.92362674879e-06, 1.39870335261e-05, 6.03734451943e-06, 4.45664181825e-06, 3.80442065762e-06, 1.01770240235e-06, 7.49498155983e-07, 8.76287515439e-07, 5.35346657671e-07, 3.01928508861e-07, 2.6374974027e-07, 1.50727998971e-07, 1.32239776462e-07, 8.65970974928e-08, 3.12879002706e-08, 2.95237043701e-08],
        "dmean2": [0.00244162511081, 0.00135287432931, 0.00196491018869, 0.000509783567395, 0.000156659370987, 8.612741658e-05, 0.000243592410698, 0.000513012579177, 0.00013266489259, 0.000127324063214, 9.28941008169e-05, 4.11733344663e-05, 6.64257167955e-05, 0.000113962807518, 0.00014152804215, 6.71773086651e-05, 7.91819402366e-05, 4.19916796091e-05, 4.77220273751e-05, 4.642274871e-05, 3.19160171784e-05, 3.65485939255e-05, 2.27778837143e-05, 2.91676642519e-05, 1.52574621097e-05, 2.28636217798e-05, 9.91383240034e-06, 7.99959252618e-06, 6.81411938785e-06, 1.68124211086e-06, 1.17457977922e-06, 1.41806822285e-06, 8.28325767088e-07, 4.72152549946e-07, 4.17955590137e-07, 2.34840229041e-07, 2.00776028692e-07, 1.28870112803e-07, 4.83117617023e-08, 4.52415029883e-08],
        "dvar": [1.53344972205e-05, 7.48032971387e-06, 1.52643988258e-05, 5.91911657466e-07, 3.23385016543e-08, 3.02837257493e-08, 1.26073572915e-07, 3.81526746196e-07, 4.47415899885e-08, 5.97984808337e-08, 3.20171622548e-08, 3.69342867401e-09, 1.06100142006e-08, 2.1725028887e-08, 4.38262404145e-08, 6.50950271464e-09, 1.03868185164e-08, 4.51877424368e-09, 7.01198654696e-09, 8.18987366813e-09, 3.21906146183e-09, 3.17317905285e-09, 1.21499088568e-09, 2.76940892441e-09, 3.88932275275e-10, 1.380123682e-09, 2.33620733869e-10, 2.36283520527e-10, 1.75750886067e-10, 8.7060064019e-12, 3.32704046604e-12, 3.5912397188e-12, 8.46261808459e-13, 3.44752275772e-13, 2.66408504415e-13, 5.5076691092e-14, 3.77584485759e-14, 1.92982921445e-14, 5.187924336e-15, 2.78622932967e-15],
        "dvar2": [3.54881049134e-05, 1.35408772621e-05, 4.30362888437e-05, 1.64260256952e-06, 8.21878387569e-08, 6.95308983722e-08, 3.19632817991e-07, 9.76319597612e-07, 8.85350317503e-08, 1.09425869255e-07, 4.7273303494e-08, 7.79766029524e-09, 2.43813307321e-08, 5.63332243075e-08, 9.56668415597e-08, 1.29903767743e-08, 2.19562199533e-08, 7.91469911832e-09, 1.46729828288e-08, 1.77364647413e-08, 7.04939351337e-09, 7.64023422306e-09, 2.99930391634e-09, 7.42632977335e-09, 9.36792088346e-10, 3.67849439797e-09, 5.86507287181e-10, 6.56017629108e-10, 4.87099471869e-10, 2.26130850156e-11, 8.12140632522e-12, 9.443726183e-12, 2.07003251346e-12, 8.42352067005e-13, 6.74321709582e-13, 1.33729588818e-13, 8.16928854208e-14, 4.1601782647e-14, 1.12070217744e-14, 6.30315417238e-15],
        "max": [0.0319998934865, 0.0216093286872, 0.0232926253229, 0.00566052785143, 0.00217677420005, 0.00401022005826, 0.0064652482979, 0.00568573269993, 0.0034944457002, 0.00458453595638, 0.00351349147968, 0.00120344688185, 0.00161467876751, 0.00117200857494, 0.00227895588614, 0.000964160135482, 0.000904926855583, 0.000492699269671, 0.000725968566258, 0.000637848686893, 0.000429703999544, 0.000353695329977, 0.000239329674514, 0.000355848576874, 0.000132050394313, 0.000263447000179, 9.89841792034e-05, 9.78521275101e-05, 7.92195423855e-05, 2.27381387958e-05, 1.30328598971e-05, 1.43706974995e-05, 7.77539844421e-06, 7.97950269771e-06, 4.34452704212e-06, 2.56488169725e-06, 2.44133161686e-06, 2.2417150376e-06, 1.69909753822e-06, 8.8633055384e-07],
        "mean": [0.00242549390532, 0.00141397456173, 0.000646970584057, 0.000249881530181, 0.000126572820591, 9.00574814295e-05, 0.000180498464033, 0.000339591992088, 0.000116360701213, 0.000158689290402, 0.000120644261187, 3.6967026972e-05, 6.73452013871e-05, 7.28973536752e-05, 0.000132355387905, 6.10613133176e-05, 6.00422135904e-05, 3.22708547174e-05, 3.15099969157e-05, 3.07938244077e-05, 2.09269692277e-05, 2.30475488934e-05, 1.61247153301e-05, 1.46976517499e-05, 1.14882441267e-05, 1.38699933814e-05, 5.59332283956e-06, 2.99477210319e-06, 2.49325785262e-06, 8.36047036046e-07, 7.39539530059e-07, 1.01973250821e-06, 7.59562681196e-07, 3.86689833931e-07, 3.1461959793e-07, 1.96894035298e-07, 1.81992234616e-07, 1.19212558047e-07, 3.78490163655e-08, 3.83124643122e-08],
        "median": [0.00032607401954, 2.97518890875e-05, 1.39172061608e-05, 7.3793278716e-05, 6.51158115943e-05, 2.05542837648e-05, 7.28488594177e-05, 0.000116133945994, 1.24209955175e-05, 2.00110898732e-05, 1.43733950608e-05, 8.85626013769e-06, 1.39278836286e-05, 1.36847993417e-05, 1.98053057829e-05, 9.89566615317e-06, 6.7171572482e-06, 2.96902521768e-06, 1.53646487888e-06, 1.49379798131e-06, 2.50752827924e-06, 3.99927148464e-06, 4.33285231338e-06, 3.20084541272e-06, 3.90971354136e-06, 3.20720073432e-06, 1.21266918995e-06, 1.12562226207e-07, 5.12327957836e-08, 4.96955969709e-08, 8.94396308126e-08, 2.24358771561e-07, 2.51607900736e-07, 1.27502474356e-07, 9.60316199894e-08, 8.95190694905e-08, 8.27631012612e-08, 5.08148083611e-08, 1.41209941518e-08, 1.88191755512e-08],
        "min": [5.27825332848e-24, 8.32938744959e-24, 1.05111282222e-23, 1.36832594067e-23, 7.0657032769e-24, 1.34713413909e-23, 1.17982455081e-23, 8.85145086349e-24, 8.06273116438e-24, 9.985431315e-24, 8.92259191765e-24, 2.15380137043e-23, 7.16733301618e-24, 1.20831244802e-23, 5.9558477696e-24, 1.00194675076e-23, 1.33072599003e-23, 2.72331476779e-23, 1.68537387165e-23, 2.03254792727e-23, 1.54957903988e-23, 6.33221409634e-24, 1.00898891206e-23, 1.1836505262e-23, 1.07186136287e-23, 1.04842659307e-23, 1.04458026507e-23, 8.29217924727e-24, 9.33370520068e-24, 1.19557447433e-23, 8.21853119316e-24, 1.14007732079e-23, 1.31502260931e-23, 1.32577778112e-23, 9.62698711917e-24, 7.73436623486e-24, 1.31012212648e-23, 1.2076155683e-23, 9.01446423639e-24, 6.17432476945e-24],
        "stdev": [0.00515469070524, 0.00366462743841, 0.00300667737611, 0.000623547530267, 0.000201539849513, 0.000205863383599, 0.000363489758456, 0.00060354382731, 0.000301237363601, 0.000387897889595, 0.00032934549381, 8.71530501172e-05, 0.000154024543008, 0.000149517902173, 0.000268029078143, 0.000112170615466, 0.000120385637274, 8.1007652625e-05, 8.95642369869e-05, 9.40229874686e-05, 5.87427894061e-05, 5.41886183782e-05, 3.42663843185e-05, 4.43294629804e-05, 2.00866106752e-05, 3.28068927047e-05, 1.40150877996e-05, 1.2196204807e-05, 1.05416111182e-05, 2.6152299597e-06, 1.8050483277e-06, 1.93370306079e-06, 1.18186801501e-06, 6.77337425259e-07, 5.67353424685e-07, 2.82690166387e-07, 2.58340236314e-07, 1.81975707392e-07, 8.43322354172e-08, 6.30644834132e-08],
        "var": [2.65708367806e-05, 1.34294941745e-05, 9.04010903469e-06, 3.88811542962e-07, 4.06183104928e-08, 4.23797352767e-08, 1.32124810648e-07, 3.64265162034e-07, 9.0743945691e-08, 1.50464771309e-07, 1.08468455551e-07, 7.59565477182e-09, 2.3723558229e-08, 2.23556035905e-08, 7.18395938293e-08, 1.25822463559e-08, 1.44927021495e-08, 6.56224008466e-09, 8.02175215142e-09, 8.84032225201e-09, 3.45071549113e-09, 2.93640645133e-09, 1.17418519352e-09, 1.96510141492e-09, 4.03471894783e-10, 1.0762921665e-09, 1.96422697551e-10, 1.48747403284e-10, 1.11125567082e-10, 6.83942789556e-12, 3.25819948278e-12, 3.73920772817e-12, 1.39681202802e-12, 4.58786003979e-13, 3.21889921402e-13, 7.99137299845e-14, 6.67396774781e-14, 3.31151562606e-14, 7.11192579437e-15, 3.9771292779e-15]
    },
    "melbands128": {
