{
"lowlevel": {
    "average_loudness": 0.870120942593,
    "barkbands_crest": {
        "dmean": 2.90462994576,
        "dmean2": 4.42567586899,
        "dvar": 6.22998428345,
        "dvar2": 13.3637046814,
        "max": 26.0106620789,
        "mean": 11.4224720001,
        "median": 10.4942321777,
        "min": 2.63392710686,
        "stdev": 4.84602546692,
        "var": 23.48396492
    },
    "barkbands_flatness_db": {
        "dmean": 0.0338138267398,
        "dmean2": 0.0473666638136,
        "dvar": 0.00101885944605,
        "dvar2": 0.00188047089614,
        "max": 0.415210783482,
        "mean": 0.18455208838,
        "median": 0.179724931717,
        "min": 0.0328695103526,
        "stdev": 0.0709891542792,
        "var": 0.00503946049139
    },
    "barkbands_kurtosis": {
        "dmean": 9.69153594971,
        "dmean2": 15.285741806,
        "dvar": 417.785400391,
        "dvar2": 998.983337402,
        "max": 295.252624512,
        "mean": 14.2491617203,
        "median": 6.89618206024,
        "min": -1.9211050272,
        "stdev": 26.0789794922,
        "var": 680.11315918
    },
    "barkbands_skewness": {
        "dmean": 1.0768584013,
        "dmean2": 1.58187282085,
        "dvar": 1.45180106163,
        "dvar2": 2.96486616135,
        "max": 15.1977930069,
        "mean": 2.39371538162,
        "median": 2.16078424454,
        "min": -5.4921298027,
        "stdev": 2.24243569374,
        "var": 5.02851819992
    },
    "barkbands_spread": {
        "dmean": 10.5377969742,
        "dmean2": 16.6398200989,
        "dvar": 251.666503906,
        "dvar2": 555.752075195,
        "max": 119.237297058,
        "mean": 19.3053760529,
        "median": 11.8840332031,
        "min": 0.768979251385,
        "stdev": 21.2441864014,
        "var": 451.315460205
    },
    "dissonance": {
        "dmean": 0.0298283547163,
        "dmean2": 0.0491393245757,
        "dvar": 0.00080313446233,
        "dvar2": 0.00196008686908,
        "max": 0.499420553446,
        "mean": 0.44178545475,
        "median": 0.4511038661,
        "min": 0.230998039246,
        "stdev": 0.0420775003731,
        "var": 0.0017705160426
    },
    "dynamic_complexity": 3.30682301521,
    "erbbands_crest": {
        "dmean": 3.09676766396,
        "dmean2": 5.07096719742,
        "dvar": 7.30989933014,
        "dvar2": 18.460313797,
        "max": 25.4364624023,
        "mean": 9.61421966553,
        "median": 8.83047103882,
        "min": 2.54336333275,
        "stdev": 4.029692173,
        "var": 16.2384204865
    },
    "erbbands_flatness_db": {
        "dmean": 0.0285226032138,
        "dmean2": 0.0419198721647,
        "dvar": 0.00071367592318,
        "dvar2": 0.00150969263632,
        "max": 0.366980075836,
        "mean": 0.161817550659,
        "median": 0.153511613607,
        "min": 0.0441370792687,
        "stdev": 0.0657723098993,
        "var": 0.00432599708438
    },
    "erbbands_kurtosis": {
        "dmean": 1.66594517231,
        "dmean2": 2.58325409889,
        "dvar": 3.29091596603,
        "dvar2": 7.31043243408,
        "max": 20.0615348816,
        "mean": 1.47069835663,
        "median": 0.557253360748,
        "min": -1.7702716589,
        "stdev": 2.90396499634,
        "var": 8.43301296234
    },
    "erbbands_skewness": {
        "dmean": 0.57579690218,
        "dmean2": 0.877536714077,
        "dvar": 0.311604917049,
        "dvar2": 0.581025242805,
        "max": 3.14023375511,
        "mean": 0.644201040268,
        "median": 0.797833621502,
        "min": -2.87078547478,
        "stdev": 1.05160570145,
        "var": 1.10587465763
    },
    "erbbands_spread": {
        "dmean": 16.5495567322,
        "dmean2": 25.7315101624,
        "dvar": 381.049072266,
        "dvar2": 916.318054199,
        "max": 171.572784424,
        "mean": 43.909614563,
        "median": 35.4170150757,
        "min": 4.18692779541,
        "stdev": 29.4777832031,
        "var": 868.939697266
    },
    "hfc": {
        "dmean": 17.7849636078,
        "dmean2": 26.6515865326,
        "dvar": 858.535705566,
        "dvar2": 1866.49804688,
        "max": 240.617904663,
        "mean": 28.1967048645,
        "median": 14.9340782166,
        "min": 1.24051601485e-16,
        "stdev": 37.7344245911,
        "var": 1423.88684082
    },
    "loudness_ebu128": {
        "integrated": -9.40445518494,
        "loudness_range": 2.72243404388,
        "momentary": {
            "dmean": 0.747836351395,
            "dmean2": 1.00673663616,
            "dvar": 0.717726707458,
            "dvar2": 1.00154733658,
            "max": -6.01599025726,
            "mean": -10.6917867661,
            "median": -10.0864658356,
            "min": -25.9119644165,
            "stdev": 3.87309980392,
            "var": 15.0009021759
        },
        "short_term": {
            "dmean": 0.122252427042,
            "dmean2": 0.130398258567,
            "dvar": 0.0311601292342,
            "dvar2": 0.0204871669412,
            "max": -8.04577064514,
            "mean": -9.62329387665,
            "median": -9.11495018005,
            "min": -18.8693199158,
            "stdev": 1.44579613209,
            "var": 2.09032654762
        }
    },
    "melbands_crest": {
        "dmean": 3.60817503929,
        "dmean2": 5.57397937775,
        "dvar": 11.3052206039,
        "dvar2": 23.1726970673,
        "max": 38.2579269409,
        "mean": 15.7228965759,
        "median": 13.5523881912,
        "min": 2.00684499741,
        "stdev": 7.80110311508,
        "var": 60.8572120667
    },
    "melbands_flatness_db": {
        "dmean": 0.0411953218281,
        "dmean2": 0.0569025464356,
        "dvar": 0.00175223802216,
        "dvar2": 0.00296406168491,
        "max": 0.548682034016,
        "mean": 0.249370321631,
        "median": 0.249266371131,
        "min": 0.00662093097344,
        "stdev": 0.0952690392733,
        "var": 0.00907619018108
    },
    "melbands_kurtosis": {
        "dmean": 24.0982875824,
        "dmean2": 36.9253044128,
        "dvar": 3750.43774414,
        "dvar2": 9445.29980469,
        "max": 1365.78967285,
        "mean": 37.8730163574,
        "median": 14.3216133118,
        "min": -1.77708041668,
        "stdev": 78.7683868408,
        "var": 6204.45849609
    },
    "melbands_skewness": {
        "dmean": 1.38411450386,
        "dmean2": 1.99814593792,
        "dvar": 2.86790466309,
        "dvar2": 6.08594179153,
        "max": 29.7791404724,
        "mean": 3.76855421066,
        "median": 2.88213777542,
        "min": -1.72685074806,
        "stdev": 3.3516960144,
        "var": 11.2338657379
    },
    "melbands_spread": {
        "dmean": 11.7264585495,
        "dmean2": 18.282119751,
        "dvar": 610.081787109,
        "dvar2": 1216.41320801,
        "max": 243.675094604,
        "mean": 21.0756874084,
        "median": 10.5808286667,
        "min": 0.318937182426,
        "stdev": 32.8537063599,
        "var": 1079.3659668
    },
    "pitch_salience": {
        "dmean": 0.0793403014541,
        "dmean2": 0.125015974045,
        "dvar": 0.00637611281127,
        "dvar2": 0.0139061408117,
        "max": 0.888343572617,
        "mean": 0.572218418121,
        "median": 0.606717169285,
        "min": 0.051155500114,
        "stdev": 0.167362377048,
        "var": 0.0280101634562
    },
    "silence_rate_20dB": {
        "dmean": 0,
        "dmean2": 0,
        "dvar": 0,
        "dvar2": 0,
        "max": 1,
        "mean": 1,
        "median": 1,
        "min": 1,
        "stdev": 0,
        "var": 0
    },
    "silence_rate_30dB": {
        "dmean": 0.030959751457,
        "dmean2": 0.0619674660265,
        "dvar": 0.0300011951476,
        "dvar2": 0.058127168566,
        "max": 1,
        "mean": 0.866202652454,
        "median": 1,
        "min": 0,
        "stdev": 0.340431928635,
        "var": 0.115893892944
    },
    "silence_rate_60dB": {
        "dmean": 0.0270897839218,
        "dmean2": 0.0542215332389,
        "dvar": 0.0263560246676,
        "dvar2": 0.0590270422399,
        "max": 1,
        "mean": 0.105955146253,
        "median": 0,
        "min": 0,
        "stdev": 0.307774990797,
        "var": 0.0947254449129
    },
    "spectral_centroid": {
        "dmean": 393.339935303,
        "dmean2": 584.666015625,
        "dvar": 375760.09375,
        "dvar2": 606609,
        "max": 10392.8857422,
        "mean": 1119.48815918,
        "median": 771.774658203,
        "min": 199.273269653,
        "stdev": 959.178894043,
        "var": 920024.125
    },
    "spectral_complexity": {
        "dmean": 3.53328180313,
        "dmean2": 5.14872169495,
        "dvar": 18.8929862976,
        "dvar2": 36.2318496704,
        "max": 50,
        "mean": 12.9218873978,
        "median": 12,
        "min": 0,
        "stdev": 8.00851345062,
        "var": 64.1362838745
    },
    "spectral_decrease": {
        "dmean": 3.82923337483e-09,
        "dmean2": 5.18854736953e-09,
        "dvar": 3.83339980403e-17,
        "dvar2": 6.07284043478e-17,
        "max": 7.34364305477e-11,
        "mean": -1.18787362169e-08,
        "median": -6.67082122874e-09,
        "min": -7.0413207709e-08,
        "stdev": 1.57568624815e-08,
        "var": 2.48278724079e-16
    },
    "spectral_energy": {
        "dmean": 0.0150206256658,
        "dmean2": 0.0205649714917,
        "dvar": 0.000564812973607,
        "dvar2": 0.000916393299121,
        "max": 0.270125597715,
        "mean": 0.0473905839026,
        "median": 0.0273358430713,
        "min": 1.09301238918e-20,
        "stdev": 0.0601038783789,
        "var": 0.0036124761682
    },
    "spectral_energyband_high": {
        "dmean": 0.00148173980415,
        "dmean2": 0.00224956544116,
        "dvar": 7.71026043367e-06,
        "dvar2": 1.63265085575e-05,
        "max": 0.0234731789678,
        "mean": 0.0017706201179,
        "median": 0.000236907537328,
        "min": 8.28139786634e-21,
        "stdev": 0.00354766682722,
        "var": 1.25859405671e-05
    },
    "spectral_energyband_low": {
        "dmean": 0.0101603260264,
        "dmean2": 0.0137762054801,
        "dvar": 0.000566340109799,
        "dvar2": 0.000916425778996,
        "max": 0.262151122093,
        "mean": 0.0291888043284,
        "median": 0.00455881748348,
        "min": 4.55757793114e-23,
        "stdev": 0.05762065202,
        "var": 0.00332013959996
    },
    "spectral_energyband_middle_high": {
        "dmean": 0.00173865654506,
        "dmean2": 0.00255101337098,
        "dvar": 1.15204256872e-05,
        "dvar2": 2.58219643001e-05,
        "max": 0.0375165902078,
        "mean": 0.00278155785054,
        "median": 0.00139027019031,
        "min": 1.46830334452e-21,
        "stdev": 0.00409062067047,
        "var": 1.67331763805e-05
    },
    "spectral_energyband_middle_low": {
        "dmean": 0.00887342914939,
        "dmean2": 0.0138728795573,
        "dvar": 0.0002494037617,
        "dvar2": 0.000693291774951,
        "max": 0.161532491446,
        "mean": 0.0150388497859,
        "median": 0.0121540371329,
        "min": 1.67629471371e-22,
        "stdev": 0.0160881001502,
        "var": 0.000258826970821
    },
    "spectral_entropy": {
        "dmean": 0.326157212257,
        "dmean2": 0.464916884899,
        "dvar": 0.116840988398,
        "dvar2": 0.213573947549,
        "max": 9.79971694946,
        "mean": 7.40960693359,
        "median": 7.30550527573,
        "min": 5.5577545166,
        "stdev": 0.686816990376,
        "var": 0.471717596054
    },
    "spectral_flux": {
        "dmean": 0.0400160811841,
        "dmean2": 0.0618344917893,
        "dvar": 0.00218043732457,
        "dvar2": 0.0037534928415,
        "max": 0.502459228039,
        "mean": 0.105585664511,
        "median": 0.0924192368984,
        "min": 1.04547231983e-10,
        "stdev": 0.0774421021342,
        "var": 0.00599727919325
    },
    "spectral_kurtosis": {
        "dmean": 3.33965134621,
        "dmean2": 5.20824623108,
        "dvar": 21.9888286591,
        "dvar2": 53.3566513062,
        "max": 74.2714385986,
        "mean": 6.37364149094,
        "median": 5.27494812012,
        "min": -1.33636701107,
        "stdev": 6.6878027916,
        "var": 44.7267036438
    },
    "spectral_rms": {
        "dmean": 0.00111858150922,
        "dmean2": 0.00151083513629,
        "dvar": 1.76031232968e-06,
        "dvar2": 2.79161508843e-06,
        "max": 0.0162338279188,
        "mean": 0.00572751183063,
        "median": 0.00516421487555,
        "min": 3.26550700543e-12,
        "stdev": 0.00366474641487,
        "var": 1.34303654704e-05
    },
    "spectral_rolloff": {
        "dmean": 1185.69384766,
        "dmean2": 2048.90673828,
        "dvar": 7365686,
        "dvar2": 14906735,
        "max": 18820.0195312,
        "mean": 2006.68945312,
        "median": 602.9296875,
        "min": 43.06640625,
        "stdev": 3463.8190918,
        "var": 11998043
    },
    "spectral_skewness": {
        "dmean": 0.450140893459,
        "dmean2": 0.664972782135,
        "dvar": 0.197683796287,
        "dvar2": 0.421154409647,
        "max": 6.57784557343,
        "mean": 1.88362157345,
        "median": 1.92790019512,
        "min": -0.0949866101146,
        "stdev": 0.804149329662,
        "var": 0.646656155586
    },
    "spectral_spread": {
        "dmean": 1614372.375,
        "dmean2": 2266695.5,
        "dvar": 4.72069072486e+12,
        "dvar2": 8.16078231962e+12,
        "max": 42255416,
        "mean": 6124498.5,
        "median": 5248678.5,
        "min": 823241.3125,
        "stdev": 3679288,
        "var": 1.35371602002e+13
    },
    "spectral_strongpeak": {
        "dmean": 0.552824735641,
        "dmean2": 0.920369029045,
        "dvar": 0.877179682255,
        "dvar2": 2.24024367332,
        "max": 11.4206886292,
        "mean": 0.915977656841,
        "median": 0.646559476852,
        "min": 0,
        "stdev": 0.968843340874,
        "var": 0.938657462597
    },
    "zerocrossingrate": {
        "dmean": 0.0267829075456,
        "dmean2": 0.0297840218991,
        "dvar": 0.00163312221412,
        "dvar2": 0.00150512112305,
        "max": 0.50390625,
        "mean": 0.0746711567044,
        "median": 0.04541015625,
        "min": 0.001953125,
        "stdev": 0.0859597548842,
        "var": 0.00738907977939
    },
    "barkbands": {
        "dmean": [0.00138849334326, 0.00760762160644, 0.00462751509622, 0.00199769646861, 0.00371899805032, 0.0022465896327, 0.0018311010208, 0.00152614957187, 0.000827961368486, 0.000345365784597, 0.00044066197006, 0.000429037318099, 0.000322043284541, 0.000230961843044, 0.000153461558511, 6.61545273033e-05, 0.000151921864017, 9.240709187e-05, 0.000153640692588, 8.21149878902e-05, 0.000127635750687, 0.000211234961171, 0.000189650614629, 0.000204388707061, 0.000414387264755, 0.000405003782362, 2.27086984523e-05],
        "dmean2": [0.00113674299791, 0.00989600550383, 0.00810495577753, 0.00347918411717, 0.00611902913079, 0.00360788404942, 0.00297910044901, 0.00234281318262, 0.00127590238117, 0.000529162352905, 0.000674524868373, 0.000659696524963, 0.000529390003067, 0.000394134811359, 0.000258337968262, 0.000106274252175, 0.000253941660048, 0.000149443309056, 0.000234799386817, 0.000129622392706, 0.000212029903196, 0.000336607801728, 0.000288291863399, 0.000317175814416, 0.00061300850939, 0.000625481305178, 3.85739949706e-05],
        "dvar": [1.38282448461e-05, 0.000480952236103, 0.000248950760579, 2.49524637184e-05, 6.41106889816e-05, 1.75684726855e-05, 1.07231990114e-05, 1.15514521895e-05, 4.29571900895e-06, 8.95268442491e-07, 1.84001964953e-06, 1.00604654563e-06, 5.73557144889e-07, 4.04820127642e-07, 2.58461028579e-07, 2.63432973213e-08, 2.31745801216e-07, 5.02692998339e-08, 2.06311355555e-07, 9.0896776328e-08, 1.9748596003e-07, 2.51931112416e-07, 1.58226470148e-07, 1.67852562072e-07, 7.60967225233e-07, 6.63997582251e-07, 3.41538908266e-09],
        "dvar2": [1.03530510387e-05, 0.000733036140446, 0.000696187955327, 7.16084905434e-05, 0.000178177928319, 4.17126066168e-05, 2.6308132874e-05, 2.43308204517e-05, 8.20620971353e-06, 1.92459765458e-06, 4.201039701e-06, 2.11346923606e-06, 1.40814256611e-06, 1.11660153834e-06, 7.24711412659e-07, 6.67074360194e-08, 6.41356564302e-07, 1.2763437951e-07, 4.57884681282e-07, 2.00151546892e-07, 5.21673086951e-07, 6.0950014813e-07, 3.32464310304e-07, 3.77066555757e-07, 1.34089873427e-06, 1.49262734794e-06, 8.82564243909e-09],
        "max": [0.0497939176857, 0.242919623852, 0.16082790494, 0.0462027899921, 0.0782868787646, 0.0472104363143, 0.0264325030148, 0.0299468692392, 0.0227822512388, 0.0176487192512, 0.0217428654432, 0.0143665391952, 0.00786078441888, 0.00746346125379, 0.00587694626302, 0.00213853782043, 0.00681208865717, 0.00333268498071, 0.00862364191562, 0.00591538706794, 0.00927720032632, 0.00583524955437, 0.00516904890537, 0.00451895827428, 0.00964483153075, 0.00763228721917, 0.000541264016647],
        "mean": [0.00314084300771, 0.0197192970663, 0.00499331578612, 0.00217974558473, 0.00524723669514, 0.00277287256904, 0.00194033305161, 0.00178048561793, 0.00101829401683, 0.000427152088378, 0.000497522298247, 0.000515879073646, 0.000367092929082, 0.000241565518081, 0.000163333985256, 8.36293984321e-05, 0.000170776620507, 0.000117527073598, 0.000190035862033, 9.99086987576e-05, 0.00012081998284, 0.000210686164792, 0.000217770808376, 0.000233381666476, 0.000500375579577, 0.00042184360791, 1.88802569028e-05],
        "median": [1.55180509864e-06, 0.000131924069137, 0.00197494775057, 0.000774863525294, 0.00268331123516, 0.00119491282385, 0.000481009017676, 0.000261130713625, 0.000268196861725, 0.000107031875814, 8.50461947266e-05, 0.000101009791251, 0.000105693718069, 5.09451128892e-05, 4.9998947361e-05, 3.31251503667e-05, 5.51625671505e-05, 5.68066025153e-05, 5.91143361817e-05, 2.13527600863e-05, 1.51664553414e-05, 2.11485003092e-05, 2.41806264967e-05, 3.65064333891e-05, 4.96428219776e-05, 2.51263263635e-05, 2.40748590841e-07],
        "min": [2.1249171495e-24, 2.27314561243e-23, 1.66673261514e-23, 7.73916093144e-24, 1.40175313267e-23, 2.85830653916e-23, 5.19898432487e-23, 2.46496787004e-23, 3.34373493709e-23, 8.05825074998e-23, 3.64221024245e-23, 1.54380129639e-22, 1.46864393048e-22, 1.00583312134e-22, 4.452035284e-23, 1.21697041734e-22, 1.11399402938e-22, 2.11607848371e-22, 2.39385685571e-22, 4.14204734258e-22, 4.40161817381e-22, 5.56937061263e-22, 7.15510068655e-22, 1.00070678764e-21, 1.24203279336e-21, 1.82819395785e-21, 2.57830480371e-21],
        "stdev": [0.00940661225468, 0.0477051772177, 0.0130006643012, 0.00432465365157, 0.00762305269018, 0.00480960076675, 0.00343245826662, 0.00396781321615, 0.00242494349368, 0.00106923968997, 0.00143929524347, 0.00120233395137, 0.000777231878601, 0.000574512232561, 0.000446825957624, 0.000170950195752, 0.000417787785409, 0.00022109314159, 0.00050008733524, 0.000350178772351, 0.000406433799071, 0.000533955695573, 0.000494998414069, 0.000490050471853, 0.00122490269132, 0.000989177147858, 5.48286334379e-05],
        "var": [8.84843539097e-05, 0.00227578403428, 0.000169017264852, 1.87026307685e-05, 5.81109343329e-05, 2.31322574109e-05, 1.17817689897e-05, 1.57435424626e-05, 5.88035072724e-06, 1.14327349365e-06, 2.07157086152e-06, 1.44560681292e-06, 6.04089393619e-07, 3.30064295895e-07, 1.99653428012e-07, 2.92239707989e-08, 1.74546642029e-07, 4.88821747524e-08, 2.50087339282e-07, 1.2262516691e-07, 1.65188424717e-07, 2.85108683329e-07, 2.45023414891e-07, 2.40149489628e-07, 1.5003865883e-06, 9.78471462076e-07, 3.0061788614e-09]
    },
    "erbbands": {
        "dmean": [0.341466486454, 1.71747732162, 4.69371938705, 6.63754653931, 5.89686727524, 14.0190639496, 24.523973465, 15.741528511, 25.4953022003, 28.2022628784, 30.4206085205, 19.0265274048, 9.89493370056, 13.3589067459, 18.0923347473, 17.1777896881, 14.685549736, 11.8813991547, 10.710021019, 4.78851556778, 3.90279769897, 8.63460540771, 5.62120962143, 6.93765735626, 6.87443447113, 3.827927351, 3.63631463051, 6.20898532867, 7.24723815918, 7.55472135544, 5.06244516373, 4.08128261566, 3.70559954643, 3.98080444336, 3.38597393036, 2.09218859673, 0.703863859177, 0.0898141413927, 0.00267724622972, 8.521314885e-05],
        "dmean2": [0.34295630455, 2.21860551834, 7.96533679962, 11.4118413925, 10.3906745911, 22.9608306885, 39.6688232422, 24.7845554352, 41.8629837036, 44.1495056152, 43.2618675232, 28.5209083557, 15.1766815186, 19.993516922, 26.308763504, 26.4054489136, 23.7064342499, 20.0112724304, 18.1387500763, 7.98085546494, 6.28432655334, 14.3618526459, 8.98900032043, 10.5899200439, 10.5883665085, 5.94246101379, 5.79054403305, 10.3647642136, 11.6690635681, 12.0578966141, 7.69546175003, 6.36764955521, 5.68555498123, 5.88411903381, 4.97190713882, 3.18813204765, 1.12540113926, 0.14090423286, 0.00440311618149, 0.00013160254457],
        "dvar": [0.796268641949, 29.4460163116, 299.546173096, 263.100250244, 348.924133301, 851.599914551, 2311.43725586, 675.68939209, 2225.95068359, 3379.40429688, 4719.58105469, 1933.67089844, 553.27166748, 1522.29162598, 2620.12890625, 1424.95263672, 1068.4453125, 1171.14245605, 1241.48596191, 225.614242554, 101.138786316, 723.449523926, 176.888687134, 407.953369141, 403.283172607, 188.404663086, 143.557861328, 426.897583008, 310.92364502, 349.215148926, 97.8879470825, 75.8751525879, 51.420791626, 76.568611145, 49.1699676514, 19.0927124023, 2.13034319878, 0.0411084480584, 4.36940681539e-05, 2.66205741895e-08],
        "dvar2": [0.841004908085, 50.0755195618, 800.846923828, 741.442077637, 1013.10003662, 2330.51416016, 5596.5703125, 1621.91101074, 5425.03710938, 7868.50732422, 9074.18554688, 3926.60961914, 1268.61682129, 3198.93408203, 5526.71191406, 3051.54223633, 2553.48583984, 3233.57861328, 3489.38500977, 615.691162109, 261.280853271, 1995.46398926, 430.745727539, 988.069519043, 893.955871582, 434.115936279, 354.974884033, 1127.96264648, 749.87298584, 856.287109375, 198.888763428, 174.240219116, 109.812805176, 150.307907104, 88.1411437988, 42.1977081299, 4.96075677872, 0.0941366553307, 0.000111004752398, 6.30679650726e-08],
        "max": [12.0120077133, 55.1687431335, 165.495193481, 147.755752563, 169.410049438, 292.50970459, 560.538085938, 286.650604248, 456.590362549, 517.104919434, 841.686950684, 497.403167725, 415.274200439, 766.938720703, 972.754455566, 510.487731934, 339.464019775, 420.696838379, 393.984436035, 164.357955933, 146.169891357, 370.365753174, 182.128982544, 344.949523926, 333.734558105, 247.373733521, 192.546539307, 440.889770508, 247.965896606, 234.54145813, 120.071754456, 98.4152984619, 94.4775848389, 114.018302917, 73.2083206177, 46.0434188843, 12.9773111343, 2.82217597961, 0.0694983378053, 0.00155338796321],
        "mean": [0.913359224796, 3.06623601913, 5.40696573257, 7.77315330505, 6.82088422775, 19.7295017242, 31.5647449493, 19.9553127289, 27.1730976105, 32.2920799255, 37.7859992981, 23.8485412598, 12.7445487976, 17.3723106384, 21.3040733337, 21.0277080536, 18.1449871063, 12.9235715866, 11.6462011337, 5.97106122971, 5.03893375397, 9.78199005127, 7.05149412155, 8.40246200562, 8.38393592834, 4.77859163284, 3.86898207664, 5.79702472687, 7.24522447586, 7.83859395981, 5.87649106979, 4.51800203323, 4.31727170944, 4.5668091774, 3.99048066139, 2.25315070152, 0.704139173031, 0.089375577867, 0.00250732316636, 0.000130991931655],
        "median": [0.00163086410612, 0.0846030116081, 1.83603978157, 3.74365282059, 2.81807088852, 10.4498853683, 8.40547084808, 10.0953626633, 7.7530465126, 5.45890760422, 6.21434402466, 6.91129636765, 4.36149406433, 4.04489469528, 3.85417604446, 4.44583320618, 5.46915817261, 3.75969552994, 3.08489370346, 2.5584666729, 1.99977970123, 3.1550514698, 3.12201094627, 2.84239459038, 2.66870689392, 1.10768198967, 0.742713332176, 0.595584750175, 0.710085093975, 0.739711582661, 0.734774470329, 0.504048407078, 0.754437863827, 0.498631834984, 0.367714256048, 0.141360878944, 0.0409805886447, 0.00422974769026, 0.000123199031805, 4.75241904496e-05],
        "min": [8.6745235304e-22, 4.71561692388e-21, 1.419264055e-20, 2.67720349518e-20, 2.90629552791e-20, 4.56661083784e-20, 9.63200059906e-20, 2.89616379326e-19, 7.90360270248e-19, 4.97717107814e-19, 6.50973254298e-19, 8.59032391112e-19, 1.17488991215e-18, 3.48364798871e-18, 3.22546258566e-18, 5.51581610038e-18, 6.41279834893e-18, 5.77827223694e-18, 2.71564863347e-18, 4.13228828349e-18, 6.98633519358e-18, 6.74061747031e-18, 1.08445214647e-17, 1.23912813813e-17, 1.6906446755e-17, 1.37090313823e-17, 1.74104644458e-17, 2.03601359162e-17, 2.10791262678e-17, 1.5707603967e-17, 1.98659947619e-17, 1.57702066501e-17, 2.11788412362e-17, 1.42352208223e-17, 8.81137355756e-18, 6.72829330636e-18, 3.52613818883e-18, 1.11456993733e-18, 3.39717494106e-19, 4.18571419904e-20],
        "stdev": [2.34487700462, 8.38999462128, 15.2674217224, 14.1358203888, 15.3404226303, 28.5860443115, 57.9851646423, 29.5506496429, 48.5566520691, 65.0433197021, 86.0303039551, 51.6745643616, 26.0996227264, 46.154258728, 57.9963645935, 45.5224838257, 35.8355445862, 30.3568477631, 30.6293487549, 14.1522445679, 10.2805137634, 23.4462585449, 13.4301290512, 21.6486434937, 21.783613205, 15.9658927917, 12.0205821991, 19.1490268707, 18.8315219879, 19.6827106476, 12.7772789001, 10.1557912827, 8.94570541382, 11.4493684769, 9.88517665863, 5.47104501724, 1.66603636742, 0.230401337147, 0.00652375305071, 0.00019859643362],
        "var": [5.49844837189, 70.3920135498, 233.094161987, 199.821411133, 235.328552246, 817.16192627, 3362.27929688, 873.240844727, 2357.74853516, 4230.63330078, 7401.21289062, 2670.26074219, 681.190307617, 2130.21557617, 3363.578125, 2072.29638672, 1284.18615723, 921.538208008, 938.156982422, 200.286026001, 105.688964844, 549.727050781, 180.368377686, 468.663757324, 474.525817871, 254.909729004, 144.494400024, 366.685241699, 354.626251221, 387.409088135, 163.258865356, 103.140090942, 80.0256500244, 131.088027954, 97.7167205811, 29.9323310852, 2.77567720413, 0.0530847795308, 4.25593534601e-05, 3.94405432758e-08]
    },
    "gfcc": {
        "mean": [-24.828868866, 83.2057571411, -92.7826309204, 14.0810966492, -62.1561584473, 7.33514308929, -48.7821731567, 8.62952899933, -33.4546890259, 0.281490474939, -16.1720027924, 0.101311966777, -18.6063499451],
        "cov": [[11919.2255859, -2808.43994141, 3498.95654297, 746.320922852, -330.869110107, 1443.05444336, -330.273712158, 577.765380859, -333.283630371, 1097.68518066, -237.62562561, 652.378417969, -579.571777344], [-2808.43994141, 3302.78491211, -953.114440918, -151.663970947, 449.185516357, -424.096405029, 328.253295898, -63.4518013, 169.771347046, -382.378204346, 379.573547363, -352.07901001, 298.311279297], [3498.95654297, -953.114440918, 2564.12451172, 612.538818359, 147.299224854, 879.518066406, 57.3908958435, 339.645111084, -52.0013465881, 505.231506348, -89.6270523071, 344.658477783, -141.124511719], [746.320922852, -151.663970947, 612.538818359, 632.441040039, 277.962280273, 232.637390137, 80.5008773804, 79.8003387451, 64.3146209717, 126.018165588, 18.3113536835, 75.0849914551, 51.6444702148], [-330.869110107, 449.185516357, 147.299224854, 277.962280273, 523.535217285, 119.877586365, 130.070831299, 69.7005081177, 155.824035645, 59.7544021606, 95.522605896, 6.42133378983, 97.5103607178], [1443.05444336, -424.096405029, 879.518066406, 232.637390137, 119.877586365, 539.938293457, 137.831008911, 184.504608154, 61.8659286499, 211.805465698, -15.7279367447, 142.383956909, -36.7041244507], [-330.273712158, 328.253295898, 57.3908958435, 80.5008773804, 130.070831299, 137.831008911, 391.543151855, 133.910964966, 130.283630371, -14.9615707397, 67.0222015381, 17.1312866211, 71.3908996582], [577.765380859, -63.4518013, 339.645111084, 79.8003387451, 69.7005081177, 184.504608154, 133.910964966, 228.542663574, 55.2634353638, 109.019943237, 46.4113693237, 67.0210494995, -5.41868209839], [-333.283630371, 169.771347046, -52.0013465881, 64.3146209717, 155.824035645, 61.8659286499, 130.283630371, 55.2634353638, 180.200271606, 12.7032022476, 64.2578887939, 7.52885246277, 60.7691307068], [1097.68518066, -382.378204346, 505.231506348, 126.018165588, 59.7544021606, 211.805465698, -14.9615707397, 109.019943237, 12.7032022476, 241.027114868, 8.8054857254, 97.2918701172, -54.7726821899], [-237.62562561, 379.573547363, -89.6270523071, 18.3113536835, 95.522605896, -15.7279367447, 67.0222015381, 46.4113693237, 64.2578887939, 8.8054857254, 159.887557983, -7.34171438217, 45.388420105], [652.378417969, -352.07901001, 344.658477783, 75.0849914551, 6.42133378983, 142.383956909, 17.1312866211, 67.0210494995, 7.52885246277, 97.2918701172, -7.34171438217, 145.919692993, -26.5424041748], [-579.571777344, 298.311279297, -141.124511719, 51.6444702148, 97.5103607178, -36.7041244507, 71.3908996582, -5.41868209839, 60.7691307068, -54.7726821899, 45.388420105, -26.5424041748, 128.722518921]],
        "icov": [[0.000252064171946, -9.00217564777e-05, 2.58530908468e-05, -0.000239212749875, 0.000294029625366, -0.000404079823056, 0.000247572228545, -0.000222908973228, 0.000256008264842, -0.000587556569371, 0.000150933366967, -0.00035283723264, 0.000486367673147], [-9.00217564777e-05, 0.00103792385198, -0.00043655114132, 0.000606018176768, -0.000909019901883, 0.000655256561004, -0.000666853680741, 0.000246682408033, 0.000279655621853, 0.00126689753961, -0.00196879939176, 0.00189060147386, -0.000785657612141], [2.58530908468e-05, -0.00043655114132, 0.00163595704362, -0.000928351015318, 0.00037448699004, -0.001766975387, 0.000448668579338, -0.000593103119172, 0.00100364303216, -0.00132131064311, 0.00115048408043, -0.00165912497323, 0.000448991224403], [-0.000239212749875, 0.000606018176768, -0.000928351015318, 0.0033282507211, -0.00187042786274, 0.000737074762583, -0.000683098507579, 0.000772802508436, 6.07765059613e-06, 0.000810281897429, -0.000898892991245, 0.0011694803834, -0.00189613550901], [0.000294029625366, -0.000909019901883, 0.00037448699004, -0.00187042786274, 0.00455827312544, -0.00108214444481, 0.000779281894211, -0.000252245925367, -0.00194360292517, -0.00215715868399, 0.000820740067866, -0.00098978029564, -0.000106704857899], [-0.000404079823056, 0.000655256561004, -0.001766975387, 0.000737074762583, -0.00108214444481, 0.00670578703284, -0.00202052760869, -0.000227590717259, -0.00178618018981, 0.00014412033488, -8.85289555299e-05, 0.000909558264539, -0.000604634929914], [0.000247572228545, -0.000666853680741, 0.000448668579338, -0.000683098507579, 0.000779281894211, -0.00202052760869, 0.00540536222979, -0.00282027153298, -0.00182379363105, 0.00102411466651, 0.000820817484055, -0.00139860401396, -0.000138028699439], [-0.000222908973228, 0.000246682408033, -0.000593103119172, 0.000772802508436, -0.000252245925367, -0.000227590717259, -0.00282027153298, 0.00887131411582, -0.000521351816133, -0.00161374954041, -0.00227333093062, 5.51034281671e-05, -9.94265647023e-05], [0.000256008264842, 0.000279655621853, 0.00100364303216, 6.07765059613e-06, -0.00194360292517, -0.00178618018981, -0.00182379363105, -0.000521351816133, 0.0111742839217, -0.00131558021531, -0.00175889139064, -0.000676689262036, -0.00179939821828], [-0.000587556569371, 0.00126689753961, -0.00132131064311, 0.000810281897429, -0.00215715868399, 0.00014412033488, 0.00102411466651, -0.00161374954041, -0.00131558021531, 0.012588923797, -0.0038327309303, 0.000653078546748, 0.00114799640141], [0.000150933366967, -0.00196879939176, 0.00115048408043, -0.000898892991245, 0.000820740067866, -8.85289555299e-05, 0.000820817484055, -0.00227333093062, -0.00175889139064, -0.0038327309303, 0.0125541808084, -0.0034538032487, -0.000273072277196], [-0.00035283723264, 0.00189060147386, -0.00165912497323, 0.0011694803834, -0.00098978029564, 0.000909558264539, -0.00139860401396, 5.51034281671e-05, -0.000676689262036, 0.000653078546748, -0.0034538032487, 0.0147357033566, -0.00161744619254], [0.000486367673147, -0.000785657612141, 0.000448991224403, -0.00189613550901, -0.000106704857899, -0.000604634929914, -0.000138028699439, -9.94265647023e-05, -0.00179939821828, 0.00114799640141, -0.000273072277196, -0.00161744619254, 0.014113782905]]
    },
    "melbands": {
        "dmean": [0.00246054586023, 0.00210355501622, 0.00105210486799, 0.00064843375003, 0.000830743229017, 0.000375935953343, 0.000377011019737, 0.000319792103255, 0.000239749759203, 0.000111002278572, 4.87786528538e-05, 5.24242095707e-05, 6.14511882304e-05, 4.53965294582e-05, 4.47738748335e-05, 3.06695073959e-05, 2.18024579226e-05, 1.90465016203e-05, 8.65489892021e-06, 4.8294791668e-06, 4.64872664452e-06, 8.91292893357e-06, 7.72250768932e-06, 4.2135802687e-06, 5.97085318077e-06, 6.41016413283e-06, 3.67296979675e-06, 2.34196090787e-06, 1.95629650079e-06, 3.14989370054e-06, 3.79494963454e-06, 4.10271650253e-06, 4.25783127866e-06, 4.26366705142e-06, 2.99176463159e-06, 2.5832287065e-06, 2.52209065366e-06, 2.44803231908e-06, 3.06943843498e-06, 3.58677652912e-06],
        "dmean2": [0.00277070235461, 0.00308962841518, 0.00180908804759, 0.00109149608761, 0.00133502203971, 0.000593037810177, 0.000615380238742, 0.00050166528672, 0.000338543264661, 0.000169190112501, 7.624150021e-05, 7.95518935774e-05, 9.25350323087e-05, 6.8275432568e-05, 7.02357501723e-05, 5.1946255553e-05, 3.69037734345e-05, 3.26518493239e-05, 1.43101424328e-05, 7.99894678494e-06, 7.59172598919e-06, 1.48581821122e-05, 1.26534578158e-05, 6.83910775479e-06, 9.25723725231e-06, 1.01037585409e-05, 6.03719581704e-06, 3.68936775885e-06, 3.07387585963e-06, 5.25786890648e-06, 6.31893044556e-06, 6.59240095047e-06, 6.87898955221e-06, 6.77092930346e-06, 4.55548888567e-06, 3.99512646254e-06, 3.9740880311e-06, 3.83165615858e-06, 4.7139342314e-06, 5.38545737072e-06],
        "dvar": [4.12931804021e-05, 4.434051516e-05, 7.57288216846e-06, 2.75994193544e-06, 2.39005362346e-06, 3.7562344346e-07, 4.58531019376e-07, 4.4338491989e-07, 2.99947373605e-07, 6.42395647787e-08, 1.50119419118e-08, 2.37675035208e-08, 3.47536897038e-08, 1.31084707533e-08, 1.04320383443e-08, 6.82091316762e-09, 3.80361475649e-09, 3.80659059829e-09, 6.54975018666e-10, 1.64229366217e-10, 1.43064601832e-10, 5.89029047759e-10, 6.16372619611e-10, 1.20618390276e-10, 3.23295085147e-10, 3.81283837836e-10, 1.73441871976e-10, 7.58846388504e-11, 4.29473227814e-11, 1.01492717008e-10, 1.86552592818e-10, 9.94539173238e-11, 1.08825677636e-10, 1.17106269126e-10, 3.38498916397e-11, 3.08194893217e-11, 2.96264748845e-11, 2.2361704502e-11, 4.52089893299e-11, 6.36403985066e-11],
        "dvar2": [5.14622843184e-05, 0.000102512109152, 2.12652375922e-05, 7.86698728916e-06, 5.92679043621e-06, 8.94484571745e-07, 1.11115241452e-06, 1.01548175735e-06, 5.5153861922e-07, 1.32322270474e-07, 3.51555691225e-08, 4.76350017209e-08, 7.55694884447e-08, 2.72024074377e-08, 2.42745024082e-08, 1.81935249088e-08, 1.04544861657e-08, 1.06942650291e-08, 1.80172854414e-09, 4.34023178508e-10, 3.66644326011e-10, 1.59154789348e-09, 1.66110136757e-09, 3.1811242529e-10, 8.00799093703e-10, 8.56854809328e-10, 3.88122339823e-10, 1.88338358798e-10, 1.04676850521e-10, 2.63174121384e-10, 5.02623054288e-10, 2.40348380087e-10, 2.66612620869e-10, 2.87306733959e-10, 7.06532887751e-11, 6.61342716701e-11, 6.80569142708e-11, 4.82701795201e-11, 9.53741183252e-11, 1.2963374818e-10],
        "max": [0.0838929265738, 0.0704868510365, 0.0255101826042, 0.0164707861841, 0.0170140322298, 0.0063919252716, 0.00623293686658, 0.00540870986879, 0.00757160270587, 0.00276008318178, 0.00238248542883, 0.00292606581934, 0.00349732465111, 0.00210693245754, 0.00140521221329, 0.000957403564826, 0.000743822951335, 0.000696654140484, 0.000289825169602, 0.0001344615157, 0.000192086197785, 0.000330283219228, 0.00033730539144, 0.000166372235981, 0.000321991217788, 0.000399593176553, 0.000225750307436, 0.000151115775225, 0.00011908479064, 0.000162414260558, 0.000311217532726, 0.000136468326673, 0.000112957794045, 0.000153251923621, 7.44484495954e-05, 6.96231800248e-05, 5.83712972002e-05, 5.44827271369e-05, 0.000101790938061, 9.4793336757e-05],
        "mean": [0.00669004069641, 0.00311897625215, 0.00125464098528, 0.000896953279153, 0.00113054784015, 0.000468917394755, 0.000406692211982, 0.00036356630153, 0.000296840531519, 0.000136921240482, 6.0232301621e-05, 6.80251177982e-05, 7.1030750405e-05, 5.61848100915e-05, 5.09477540618e-05, 3.40847873304e-05, 2.26883639698e-05, 2.00576450879e-05, 1.01006862678e-05, 6.24972835794e-06, 5.68755922359e-06, 1.01275691122e-05, 8.44199348649e-06, 5.2324085118e-06, 6.90050455887e-06, 7.66598259361e-06, 4.26121187047e-06, 2.87230932372e-06, 2.09080076274e-06, 2.96070084005e-06, 3.48184312315e-06, 4.01685247198e-06, 4.2233646127e-06, 4.40055919171e-06, 3.40491851603e-06, 2.84458405986e-06, 2.76387299891e-06, 2.8635927265e-06, 3.39955636264e-06, 3.97824442189e-06],
        "median": [2.24910309043e-05, 0.000841477129143, 0.000686097715516, 0.000481416587718, 0.000374323368305, 0.000224000454182, 0.00011384395475, 5.16748186783e-05, 4.79195296066e-05, 4.17901210312e-05, 2.03250110644e-05, 1.55431916937e-05, 1.24707239593e-05, 1.07045680124e-05, 1.15543125503e-05, 1.09017610157e-05, 5.46565115656e-06, 4.81485312775e-06, 3.56625105269e-06, 2.75600200439e-06, 2.05048536372e-06, 3.16308569381e-06, 2.97900282931e-06, 2.3632758257e-06, 2.00573913389e-06, 2.41319344241e-06, 1.03709510313e-06, 6.05065508807e-07, 4.07961891824e-07, 3.87356010378e-07, 2.94015933378e-07, 3.3275253486e-07, 4.57688344113e-07, 3.32506715495e-07, 4.10540025086e-07, 3.13301654842e-07, 2.95004355166e-07, 5.24387985479e-07, 4.81433517052e-07, 3.69643430531e-07],
        "min": [7.44803496981e-24, 6.77093120017e-24, 4.65211431205e-24, 2.84347299591e-24, 2.87011558969e-24, 6.25252060668e-24, 1.21568884969e-23, 5.24111415149e-24, 5.02678419341e-24, 5.16167230846e-24, 5.55559867895e-24, 1.42152246027e-23, 7.57416436222e-24, 1.86157778774e-23, 1.39350590745e-23, 1.27106680635e-23, 1.05093067424e-23, 4.63504967295e-24, 3.79884567493e-24, 7.56236615853e-24, 7.605029334e-24, 7.42974286314e-24, 6.72497374155e-24, 1.12773724853e-23, 9.7066194721e-24, 1.13574142571e-23, 1.35715519694e-23, 8.27692741053e-24, 1.11695604431e-23, 1.08111328134e-23, 1.18758236673e-23, 1.28195001028e-23, 9.17493668832e-24, 8.80101425266e-24, 1.14103239468e-23, 1.20254200939e-23, 8.71684042749e-24, 1.47935274883e-23, 1.3975986756e-23, 1.19862239621e-23],
        "stdev": [0.0162704326212, 0.00772784650326, 0.00234929588623, 0.00147162936628, 0.00182694068644, 0.000698647054378, 0.000706791935954, 0.000747735146433, 0.0006969232345, 0.000293499761028, 0.000131188746309, 0.000185886106919, 0.000203740710276, 0.000136738541187, 0.000113942900498, 7.67479505157e-05, 5.50444128748e-05, 5.36068328074e-05, 2.40935059992e-05, 1.29436193674e-05, 1.21894454423e-05, 2.22728722292e-05, 2.16378630284e-05, 1.04529717646e-05, 1.90651498997e-05, 2.0547375243e-05, 1.46042511915e-05, 9.54465576797e-06, 6.69556584398e-06, 9.52182199399e-06, 1.2255427464e-05, 1.06581628643e-05, 1.0858017049e-05, 1.14612039397e-05, 7.41375106372e-06, 6.79862523612e-06, 6.28985117146e-06, 5.85310544921e-06, 8.19943034003e-06, 1.02606036307e-05],
        "var": [0.000264726957539, 5.97196121817e-05, 5.51919083591e-06, 2.16569310396e-06, 3.33771208716e-06, 4.88107673391e-07, 4.99554857925e-07, 5.59107888876e-07, 4.85702003061e-07, 8.6142101452e-08, 1.72104872576e-08, 3.4553643502e-08, 4.15102761053e-08, 1.86974293825e-08, 1.29829844653e-08, 5.89024740094e-09, 3.02988745204e-09, 2.8736926172e-09, 5.80497039326e-10, 1.67537275719e-10, 1.48582576798e-10, 4.96080843071e-10, 4.68197092207e-10, 1.09264625126e-10, 3.63479968346e-10, 4.22194612604e-10, 2.13284154227e-10, 9.11004605086e-11, 4.48306045064e-11, 9.06650934884e-11, 1.5019549493e-10, 1.13596437812e-10, 1.17896539753e-10, 1.31359201294e-10, 5.49637071967e-11, 4.62213045616e-11, 3.95622250238e-11, 3.42588422908e-11, 6.72306516014e-11, 1.05279979179e-10]
    },
    "melbands128": {
