{
"lowlevel": {
    "average_loudness": 0.972274065018,
    "barkbands_crest": {
        "dmean": 3.0467209816,
        "dmean2": 4.47484970093,
        "dvar": 9.75250148773,
        "dvar2": 20.75715065,
        "max": 26.2548732758,
        "mean": 14.6191501617,
        "median": 13.9713411331,
        "min": 3.49044919014,
        "stdev": 5.76047897339,
        "var": 33.1831207275
    },
    "barkbands_flatness_db": {
        "dmean": 0.037888340652,
        "dmean2": 0.0506075061858,
        "dvar": 0.00139930925798,
        "dvar2": 0.0025498024188,
        "max": 0.641796946526,
        "mean": 0.239588543773,
        "median": 0.220330044627,
        "min": 0.0487943477929,
        "stdev": 0.0993986204267,
        "var": 0.00988008547574
    },
    "barkbands_kurtosis": {
        "dmean": 16.3289108276,
        "dmean2": 24.5641918182,
        "dvar": 1695.72192383,
        "dvar2": 3707.9675293,
        "max": 828.119812012,
        "mean": 25.3060150146,
        "median": 7.35420894623,
        "min": -1.94470286369,
        "stdev": 55.4835090637,
        "var": 3078.41992188
    },
    "barkbands_skewness": {
        "dmean": 1.17012453079,
        "dmean2": 1.66318333149,
        "dvar": 2.30549883842,
        "dvar2": 4.73677539825,
        "max": 24.8930511475,
        "mean": 3.05018544197,
        "median": 2.36922979355,
        "min": -3.0405600071,
        "stdev": 2.7312142849,
        "var": 7.45953178406
    },
    "barkbands_spread": {
        "dmean": 5.36327171326,
        "dmean2": 7.67256546021,
        "dvar": 69.7531738281,
        "dvar2": 143.301025391,
        "max": 112.024612427,
        "mean": 12.7483263016,
        "median": 9.47037982941,
        "min": 0.0846023857594,
        "stdev": 12.7038297653,
        "var": 161.387283325
    },
    "dissonance": {
        "dmean": 0.0381962992251,
        "dmean2": 0.0629616379738,
        "dvar": 0.00138795888051,
        "dvar2": 0.00372884259559,
        "max": 0.499986946583,
        "mean": 0.418187975883,
        "median": 0.429083943367,
        "min": 0.134365096688,
        "stdev": 0.0541130155325,
        "var": 0.00292821857147
    },
    "dynamic_complexity": 2.79755830765,
    "erbbands_crest": {
        "dmean": 3.29826188087,
        "dmean2": 5.27806901932,
        "dvar": 9.19370174408,
        "dvar2": 21.2201538086,
        "max": 32.6380310059,
        "mean": 11.487077713,
        "median": 10.3801546097,
        "min": 3.10921001434,
        "stdev": 4.98917484283,
        "var": 24.8918647766
    },
    "erbbands_flatness_db": {
        "dmean": 0.0251013543457,
        "dmean2": 0.0369138307869,
        "dvar": 0.000678322336171,
        "dvar2": 0.00136904662941,
        "max": 0.475378721952,
        "mean": 0.188027709723,
        "median": 0.181451067328,
        "min": 0.0719131678343,
        "stdev": 0.0535638295114,
        "var": 0.00286908377893
    },
    "erbbands_kurtosis": {
        "dmean": 2.76638746262,
        "dmean2": 4.53766727448,
        "dvar": 51.2316551208,
        "dvar2": 133.362213135,
        "max": 146.126159668,
        "mean": 3.86943602562,
        "median": 1.63555955887,
        "min": -1.88634157181,
        "stdev": 12.1612205505,
        "var": 147.895294189
    },
    "erbbands_skewness": {
        "dmean": 0.587500810623,
        "dmean2": 0.872832238674,
        "dvar": 0.424804180861,
        "dvar2": 0.990849077702,
        "max": 8.30669116974,
        "mean": 0.948259115219,
        "median": 0.882521033287,
        "min": -4.68875694275,
        "stdev": 1.19782447815,
        "var": 1.43478345871
    },
    "erbbands_spread": {
        "dmean": 11.8321075439,
        "dmean2": 18.1800231934,
        "dvar": 253.157150269,
        "dvar2": 600.513122559,
        "max": 169.284469604,
        "mean": 34.2772064209,
        "median": 26.867603302,
        "min": 0.509369671345,
        "stdev": 25.6458320618,
        "var": 657.708679199
    },
    "hfc": {
        "dmean": 7.40752506256,
        "dmean2": 10.5491724014,
        "dvar": 127.677993774,
        "dvar2": 295.604797363,
        "max": 106.317581177,
        "mean": 16.271112442,
        "median": 12.5891494751,
        "min": 0.000181759271072,
        "stdev": 14.3229455948,
        "var": 205.146759033
    },
    "loudness_ebu128": {
        "integrated": -8.92890548706,
        "loudness_range": 1.52129268646,
        "momentary": {
            "dmean": 0.864939630032,
            "dmean2": 1.09648740292,
            "dvar": 1.68808984756,
            "dvar2": 2.55354833603,
            "max": -6.99266624451,
            "mean": -9.3550863266,
            "median": -8.77590179443,
            "min": -32.7661590576,
            "stdev": 2.52777409554,
            "var": 6.38964128494
        },
        "short_term": {
            "dmean": 0.0911919176579,
            "dmean2": 0.143425881863,
            "dvar": 0.00586488842964,
            "dvar2": 0.0140379043296,
            "max": -8.24244117737,
            "mean": -9.01216983795,
            "median": -8.84886932373,
            "min": -10.7647294998,
            "stdev": 0.591060578823,
            "var": 0.349352627993
        }
    },
    "melbands_crest": {
        "dmean": 3.91740870476,
        "dmean2": 5.6262755394,
        "dvar": 15.6743221283,
        "dvar2": 31.5502300262,
        "max": 38.6742210388,
        "mean": 21.5972137451,
        "median": 21.4172172546,
        "min": 4.71194696426,
        "stdev": 8.46078968048,
        "var": 71.5849685669
    },
    "melbands_flatness_db": {
        "dmean": 0.0441469363868,
        "dmean2": 0.0563062131405,
        "dvar": 0.00198365724646,
        "dvar2": 0.00355472136289,
        "max": 0.822376012802,
        "mean": 0.316649526358,
        "median": 0.29491853714,
        "min": 0.0625271350145,
        "stdev": 0.12439712882,
        "var": 0.0154746454209
    },
    "melbands_kurtosis": {
        "dmean": 34.4522285461,
        "dmean2": 51.8803367615,
        "dvar": 9480.72460938,
        "dvar2": 21193.1210938,
        "max": 2233.11181641,
        "mean": 54.2368774414,
        "median": 15.0466461182,
        "min": -1.92644894123,
        "stdev": 154.623733521,
        "var": 23908.5
    },
    "melbands_skewness": {
        "dmean": 1.48778963089,
        "dmean2": 2.1198618412,
        "dvar": 4.63932657242,
        "dvar2": 9.6668510437,
        "max": 42.0059738159,
        "mean": 4.09705543518,
        "median": 2.99985408783,
        "min": -1.19019258022,
        "stdev": 4.23817300797,
        "var": 17.9621124268
    },
    "melbands_spread": {
        "dmean": 5.8093380928,
        "dmean2": 8.331407547,
        "dvar": 148.69354248,
        "dvar2": 310.080474854,
        "max": 245.0521698,
        "mean": 12.9904756546,
        "median": 8.76168823242,
        "min": 0.104242645204,
        "stdev": 17.2474021912,
        "var": 297.472869873
    },
    "pitch_salience": {
        "dmean": 0.0956654399633,
        "dmean2": 0.143293261528,
        "dvar": 0.0111138233915,
        "dvar2": 0.0248970761895,
        "max": 0.862987160683,
        "mean": 0.419492989779,
        "median": 0.422399550676,
        "min": 0.0464824736118,
        "stdev": 0.182988807559,
        "var": 0.0334849059582
    },
    "silence_rate_20dB": {
        "dmean": 0,
        "dmean2": 0,
        "dvar": 0,
        "dvar2": 0,
        "max": 1,
        "mean": 1,
        "median": 1,
        "min": 1,
        "stdev": 0,
        "var": 0
    },
    "silence_rate_30dB": {
        "dmean": 0.0758513957262,
        "dmean2": 0.151820287108,
        "dvar": 0.0700973495841,
        "dvar2": 0.134968593717,
        "max": 1,
        "mean": 0.853828310966,
        "median": 1,
        "min": 0,
        "stdev": 0.353277921677,
        "var": 0.124805293977
    },
    "silence_rate_60dB": {
        "dmean": 0.0208978336304,
        "dmean2": 0.0410534478724,
        "dvar": 0.0204611737281,
        "dvar2": 0.0455653369427,
        "max": 1,
        "mean": 0.0386697612703,
        "median": 0,
        "min": 0,
        "stdev": 0.192806720734,
        "var": 0.0371744297445
    },
    "spectral_centroid": {
        "dmean": 259.158996582,
        "dmean2": 362.308929443,
        "dvar": 178364.203125,
        "dvar2": 349511.9375,
        "max": 5692.66113281,
        "mean": 841.702819824,
        "median": 697.203491211,
        "min": 78.9633331299,
        "stdev": 631.560974121,
        "var": 398869.28125
    },
    "spectral_complexity": {
        "dmean": 3.1756966114,
        "dmean2": 4.54608821869,
        "dvar": 18.403459549,
        "dvar2": 35.2020988464,
        "max": 44,
        "mean": 11.1701469421,
        "median": 10,
        "min": 0,
        "stdev": 6.72050714493,
        "var": 45.1652145386
    },
    "spectral_decrease": {
        "dmean": 4.66610039496e-09,
        "dmean2": 6.50134435176e-09,
        "dvar": 5.44960815056e-17,
        "dvar2": 9.3661640907e-17,
        "max": -9.2097404464e-14,
        "mean": -1.43969476341e-08,
        "median": -1.06138786649e-08,
        "min": -6.64359802727e-08,
        "stdev": 1.2967546148e-08,
        "var": 1.68157255558e-16
    },
    "spectral_energy": {
        "dmean": 0.0180385280401,
        "dmean2": 0.025219835341,
        "dvar": 0.000801436486654,
        "dvar2": 0.00137963704765,
        "max": 0.252752065659,
        "mean": 0.0558131970465,
        "median": 0.0421213582158,
        "min": 3.64082126225e-07,
        "stdev": 0.0494551472366,
        "var": 0.00244581140578
    },
    "spectral_energyband_high": {
        "dmean": 0.000382222380722,
        "dmean2": 0.000589163682889,
        "dvar": 7.5597426985e-07,
        "dvar2": 1.86525835488e-06,
        "max": 0.00913964398205,
        "mean": 0.000490412523504,
        "median": 0.000202916897251,
        "min": 2.21214548901e-08,
        "stdev": 0.000935285526793,
        "var": 8.74759052749e-07
    },
    "spectral_energyband_low": {
        "dmean": 0.0140853608027,
        "dmean2": 0.0195410232991,
        "dvar": 0.000722091004718,
        "dvar2": 0.00133053224999,
        "max": 0.239909693599,
        "mean": 0.0382648259401,
        "median": 0.0180925019085,
        "min": 1.63206514969e-09,
        "stdev": 0.0469478182495,
        "var": 0.00220409757458
    },
    "spectral_energyband_middle_high": {
        "dmean": 0.00202269968577,
        "dmean2": 0.00279959896579,
        "dvar": 1.2544242054e-05,
        "dvar2": 2.50606917689e-05,
        "max": 0.034057199955,
        "mean": 0.00374394725077,
        "median": 0.00128827942535,
        "min": 4.09942346735e-09,
        "stdev": 0.00562991341576,
        "var": 3.16959230986e-05
    },
    "spectral_energyband_middle_low": {
        "dmean": 0.0088949110359,
        "dmean2": 0.014291992411,
        "dvar": 0.000341556122294,
        "dvar2": 0.000936958414968,
        "max": 0.138224080205,
        "mean": 0.0147779276595,
        "median": 0.0103986505419,
        "min": 7.58981073545e-08,
        "stdev": 0.0176764912903,
        "var": 0.000312458345434
    },
    "spectral_entropy": {
        "dmean": 0.304691135883,
        "dmean2": 0.436002969742,
        "dvar": 0.106459625065,
        "dvar2": 0.210292682052,
        "max": 8.62066650391,
        "mean": 6.99310827255,
        "median": 7.00082159042,
        "min": 4.06130361557,
        "stdev": 0.652415990829,
        "var": 0.42564663291
    },
    "spectral_flux": {
        "dmean": 0.0500165112317,
        "dmean2": 0.0772522985935,
        "dvar": 0.003823364852,
        "dvar2": 0.00684154639021,
        "max": 0.486781954765,
        "mean": 0.10462282598,
        "median": 0.0776406154037,
        "min": 0.000603392196354,
        "stdev": 0.0888428837061,
        "var": 0.00789305847138
    },
    "spectral_kurtosis": {
        "dmean": 4.89810371399,
        "dmean2": 7.65574026108,
        "dvar": 205.347640991,
        "dvar2": 444.152923584,
        "max": 320.862518311,
        "mean": 10.0544424057,
        "median": 5.22088909149,
        "min": -1.32684183121,
        "stdev": 21.8343372345,
        "var": 476.738311768
    },
    "spectral_rms": {
        "dmean": 0.00119710864965,
        "dmean2": 0.00160759151913,
        "dvar": 2.63689889834e-06,
        "dvar2": 4.09617359765e-06,
        "max": 0.0157031007111,
        "mean": 0.00661974260584,
        "median": 0.00641046091914,
        "min": 1.88468056876e-05,
        "stdev": 0.00326050748117,
        "var": 1.0630908946e-05
    },
    "spectral_rolloff": {
        "dmean": 372.530426025,
        "dmean2": 606.699890137,
        "dvar": 928258.6875,
        "dvar2": 1953259.625,
        "max": 10335.9375,
        "mean": 793.31640625,
        "median": 516.796875,
        "min": 43.06640625,
        "stdev": 1257.27478027,
        "var": 1580739.75
    },
    "spectral_skewness": {
        "dmean": 0.50562787056,
        "dmean2": 0.748309493065,
        "dvar": 0.485264390707,
        "dvar2": 0.997936725616,
        "max": 15.6111316681,
        "mean": 2.28687477112,
        "median": 2.04096484184,
        "min": -0.529019713402,
        "stdev": 1.42342448235,
        "var": 2.02613711357
    },
    "spectral_spread": {
        "dmean": 946818.6875,
        "dmean2": 1386925.625,
        "dvar": 1.18946568602e+12,
        "dvar2": 2.44185091277e+12,
        "max": 15309393,
        "mean": 5138334,
        "median": 4786678,
        "min": 394063.84375,
        "stdev": 2237696.25,
        "var": 5.00728437146e+12
    },
    "spectral_strongpeak": {
        "dmean": 0.341181129217,
        "dmean2": 0.554337203503,
        "dvar": 0.341361701488,
        "dvar2": 0.825358629227,
        "max": 7.82312393188,
        "mean": 0.788028120995,
        "median": 0.54776930809,
        "min": 0,
        "stdev": 0.816748976707,
        "var": 0.667078912258
    },
    "zerocrossingrate": {
        "dmean": 0.0108461175114,
        "dmean2": 0.0119453035295,
        "dvar": 0.000275571423117,
        "dvar2": 0.000282927416265,
        "max": 0.3662109375,
        "mean": 0.0356588810682,
        "median": 0.0283203125,
        "min": 0.00146484375,
        "stdev": 0.0360741205513,
        "var": 0.00130134203937
    },
    "barkbands": {
        "dmean": [0.0014163448941, 0.0120877735317, 0.00493013160303, 0.00300221168436, 0.00367869902402, 0.00100567738991, 0.000966213352513, 0.00125204026699, 0.00110885582399, 0.000842930166982, 0.000353427982191, 0.000338796904543, 0.000347486115061, 0.000285578978946, 0.000304721528664, 0.000164449942531, 8.88470458449e-05, 0.000107374573417, 5.35761610081e-05, 6.28557681921e-05, 7.57363959565e-05, 7.75407752371e-05, 0.000110022469016, 7.76971282903e-05, 3.87591026083e-05, 1.12933530545e-05, 1.42245568213e-07],
        "dmean2": [0.00180695101153, 0.0167817212641, 0.00855109468102, 0.00530192209408, 0.0059943725355, 0.0017234000843, 0.00155801977962, 0.00201450753957, 0.00163627997972, 0.00120622187387, 0.000524624891113, 0.000519717927091, 0.000504683644976, 0.000459603150375, 0.000474090251373, 0.00026884188992, 0.000133479872602, 0.000160822703037, 7.89840778452e-05, 9.91213091766e-05, 0.000125506921904, 0.000121407669212, 0.000177784444531, 0.000117275696539, 5.73238430661e-05, 1.7385924366e-05, 2.46951174177e-07],
        "dvar": [8.62289562065e-06, 0.000608728616498, 0.000265838665655, 9.26395005081e-05, 6.82035315549e-05, 5.09022629558e-06, 2.6161274036e-06, 7.66491484683e-06, 5.36969582754e-06, 4.05625632993e-06, 8.77445245351e-07, 1.06349637008e-06, 6.57127486647e-07, 4.25898889489e-07, 6.20320065536e-07, 2.31292347053e-07, 5.57004469215e-08, 4.72743977298e-08, 1.57442290316e-08, 2.49241534078e-08, 4.86578421999e-08, 4.26462278824e-08, 8.97084291296e-08, 3.55861438095e-08, 5.67222402381e-09, 4.91012397408e-10, 4.32731026576e-13],
        "dvar2": [1.45155272548e-05, 0.00119221245404, 0.000723334727809, 0.000264295231318, 0.000169331862708, 1.36655189635e-05, 6.37415905658e-06, 1.92195802811e-05, 1.17799227155e-05, 8.57930717757e-06, 1.79769256192e-06, 2.38109123529e-06, 1.3218160575e-06, 1.08976280444e-06, 1.3631154161e-06, 5.66181256545e-07, 1.09555713834e-07, 9.55453387519e-08, 3.25907905108e-08, 5.85115280671e-08, 1.35304219384e-07, 9.00432937101e-08, 2.25890588013e-07, 8.20488921249e-08, 1.26185897287e-08, 1.13527054424e-09, 1.1754474347e-12],
        "max": [0.0430479347706, 0.197259873152, 0.12161141634, 0.0794516056776, 0.0734193399549, 0.0200389958918, 0.0148375509307, 0.0307415928692, 0.0294055510312, 0.0282368827611, 0.0160935372114, 0.017031731084, 0.0116941584274, 0.00757447537035, 0.0120279230177, 0.00445371959358, 0.00355726084672, 0.00226248800755, 0.00198119599372, 0.00227393349633, 0.00280153518543, 0.00348153687082, 0.00265711755492, 0.00382732157595, 0.00141293753404, 0.000296010053717, 1.2400896594e-05],
        "mean": [0.00356152770109, 0.0299207326025, 0.0036261305213, 0.00264494400471, 0.0051310416311, 0.00135835120454, 0.0015474234242, 0.00164965738077, 0.00177569012158, 0.00135742640123, 0.000514054030646, 0.000470647530165, 0.000485028489493, 0.000335443153745, 0.000404404097935, 0.000155281770276, 0.000114362483146, 0.000147821658175, 7.67102246755e-05, 8.21849753265e-05, 7.69470061641e-05, 8.43207017169e-05, 0.00011819456995, 0.000103832106106, 5.52307319595e-05, 1.57484319061e-05, 1.00279208937e-07],
        "median": [0.00102544680703, 0.0120885083452, 0.000254963815678, 0.000289044430247, 0.00236824899912, 0.000394846021663, 0.000676388270222, 0.000450945575722, 0.000355198717443, 0.000213623512536, 7.35458161216e-05, 7.9008321336e-05, 5.89027258684e-05, 7.33097404009e-05, 5.19568238815e-05, 2.17399337998e-05, 1.68589613168e-05, 3.13779091812e-05, 1.46471929838e-05, 1.23940044432e-05, 1.0444237887e-05, 1.38596760735e-05, 2.58040072367e-05, 3.71317364625e-05, 2.11672977457e-05, 6.81353321852e-06, 2.66276134475e-09],
        "min": [3.17070805375e-12, 1.69066746714e-10, 1.79310205572e-10, 1.20375256429e-08, 2.93536519536e-08, 2.72550182423e-09, 2.71685629549e-09, 3.90535381811e-10, 7.61026353047e-10, 2.18536322372e-09, 2.626425466e-10, 8.84903983422e-10, 1.50950654754e-10, 1.00402616776e-10, 1.03572116161e-10, 9.62870339016e-11, 2.24030127782e-10, 1.01158033339e-10, 9.95629412248e-11, 4.50798343099e-10, 2.68617683652e-09, 5.95187621411e-10, 1.08576470037e-09, 2.22035323461e-09, 1.95940086378e-09, 8.8454366054e-10, 9.7241464013e-13],
        "stdev": [0.00603886740282, 0.0399561449885, 0.013405633159, 0.00809368584305, 0.00859459489584, 0.00245024147443, 0.00207889918238, 0.00306385708973, 0.00346053973772, 0.00300748064183, 0.00137940852437, 0.00137357565109, 0.00126257026568, 0.000715531234164, 0.00108795356937, 0.000455892353784, 0.000314156000968, 0.000290586991468, 0.000164984478033, 0.000180470815394, 0.000214119194425, 0.000237339321757, 0.000299874140183, 0.000222080387175, 9.78920797934e-05, 2.75006623269e-05, 5.37632899977e-07],
        "var": [3.64679217455e-05, 0.00159649353009, 0.000179711001692, 6.55077456031e-05, 7.38670569262e-05, 6.00368321102e-06, 4.32182196164e-06, 9.3872204161e-06, 1.19753349281e-05, 9.04494027054e-06, 1.90276784906e-06, 1.88670992429e-06, 1.59408375566e-06, 5.11984922014e-07, 1.18364289392e-06, 2.07837842936e-07, 9.86939951986e-08, 8.44408063472e-08, 2.72198779072e-08, 3.25697158132e-08, 4.58470310605e-08, 5.63299522582e-08, 8.99244980701e-08, 4.93196985474e-08, 9.58285895081e-09, 7.56286422376e-10, 2.89049139441e-13]
    },
    "erbbands": {
        "dmean": [0.540251851082, 2.49795436859, 5.36003541946, 8.25102901459, 11.3076887131, 12.464184761, 9.4471206665, 8.24022006989, 10.6890735626, 26.1322860718, 20.8403491974, 22.2844009399, 33.0160522461, 18.1029663086, 15.7483978271, 12.9172058105, 15.656712532, 13.9197177887, 14.7113351822, 12.9173202515, 9.07132911682, 4.76359796524, 5.43555593491, 3.64421224594, 2.62861347198, 3.18457603455, 2.95831656456, 2.87894701958, 2.43873381615, 3.39665222168, 3.00106549263, 1.90328931808, 1.23409187794, 0.549668073654, 0.228859439492, 0.0794718265533, 0.0147197255865, 0.00104544393253, 3.31602459482e-05, 2.08270630537e-05],
        "dmean2": [0.687481164932, 3.48187828064, 8.91951084137, 14.5552682877, 18.4053173065, 20.3718280792, 16.360874176, 13.9809131622, 17.1129570007, 41.3377227783, 34.3889312744, 33.2266769409, 45.9185714722, 25.9104347229, 22.9682750702, 19.1452121735, 22.4339694977, 21.4540882111, 22.4680233002, 20.9768352509, 14.1792516708, 7.12078809738, 8.14611530304, 5.29416275024, 4.01916074753, 4.92356014252, 4.91411828995, 4.71863222122, 3.72576975822, 5.53324079514, 4.79350709915, 2.97447824478, 1.82223749161, 0.819272398949, 0.345425069332, 0.119974642992, 0.023248238489, 0.00171892810613, 5.15446990903e-05, 2.93294924631e-05],
        "dvar": [1.04247200489, 32.9156074524, 271.397857666, 706.376037598, 1040.27001953, 623.626525879, 501.383178711, 332.726470947, 434.414916992, 2167.06494141, 2166.29345703, 2483.4284668, 4474.32910156, 2240.47998047, 2219.4777832, 1460.42236328, 1484.12268066, 857.272644043, 1232.91259766, 1390.06201172, 618.575744629, 146.027786255, 124.563613892, 65.5980300903, 40.6376724243, 72.9952163696, 63.3587150574, 91.696723938, 54.1755867004, 82.3368530273, 65.8924179077, 26.3581924438, 7.84089660645, 1.38829386234, 0.182915553451, 0.0217327624559, 0.00127687375061, 1.40248039315e-05, 7.71367503205e-09, 9.91534521155e-10],
        "dvar2": [1.80051326752, 72.2070541382, 707.476806641, 2005.35241699, 2535.0859375, 1679.26184082, 1377.31726074, 872.644775391, 1018.32495117, 5168.67529297, 5574.64697266, 5518.13720703, 9209.2421875, 4469.40771484, 5222.48388672, 3117.83569336, 3017.48608398, 2028.32922363, 2622.8737793, 3363.32299805, 1449.96508789, 307.461364746, 248.82649231, 125.033149719, 87.8486785889, 173.08833313, 171.399688721, 242.772247314, 106.149620056, 214.469528198, 161.050033569, 64.4343948364, 16.9587593079, 3.02322411537, 0.41540029645, 0.0491277202964, 0.00315467012115, 3.64199513569e-05, 2.0087705721e-08, 1.74382186469e-09],
        "max": [11.3790388107, 48.3041343689, 122.811584473, 194.888504028, 307.925170898, 229.45173645, 253.152450562, 155.759216309, 192.969863892, 434.697387695, 507.405059814, 756.177429199, 1046.54211426, 925.96661377, 1201.79919434, 864.547180176, 573.744506836, 323.031494141, 775.794433594, 603.096801758, 234.594955444, 114.463775635, 136.00163269, 117.220581055, 94.3404998779, 159.651123047, 94.7485046387, 122.410209656, 144.936660767, 109.927474976, 74.7426071167, 85.6092147827, 56.1986083984, 25.622171402, 5.28074455261, 2.14798092842, 0.656161665916, 0.0820747762918, 0.00152413791511, 0.000273232319159],
        "mean": [1.36256563663, 4.6880106926, 4.72894668579, 7.01566267014, 13.0553569794, 18.2390842438, 12.2308950424, 11.7388744354, 16.7350387573, 40.2533607483, 28.1597099304, 35.754989624, 54.4123535156, 30.1391239166, 23.6876678467, 20.3062953949, 22.4136714935, 19.3805656433, 20.0967063904, 14.3916730881, 9.66563224792, 5.98855352402, 7.5306391716, 5.39043569565, 3.97830414772, 4.09667539597, 3.25682616234, 2.8344244957, 2.73437452316, 3.63870739937, 3.21696043015, 2.2004570961, 1.76403403282, 0.769215226173, 0.321754813194, 0.116174310446, 0.019494112581, 0.00110791716725, 5.84223598707e-05, 6.4814776124e-05],
        "median": [0.556204378605, 0.999359488487, 0.580260813236, 0.854202449322, 2.20554065704, 8.22561645508, 5.36839294434, 3.03053879738, 7.12716388702, 13.6339664459, 10.6353406906, 10.5187225342, 15.8925275803, 5.65746116638, 4.55351829529, 3.96623897552, 3.24672794342, 4.58051919937, 3.35410022736, 2.12103462219, 1.43631100655, 1.01600515842, 1.68587064743, 1.22401630878, 0.732910096645, 0.616957008839, 0.449454814196, 0.393439948559, 0.450246542692, 0.71352148056, 0.698207855225, 0.568990290165, 0.687178850174, 0.312523156404, 0.0976841896772, 0.0448614694178, 0.00779211334884, 0.00029538225499, 3.87685649912e-05, 4.97288019687e-05],
        "min": [9.50992795623e-09, 1.04351670416e-07, 1.2434288692e-06, 4.24184981966e-05, 0.00012553029228, 8.66193222464e-05, 3.29522736138e-05, 2.41023735725e-05, 4.17607334384e-05, 2.29314755416e-05, 7.48191860112e-06, 1.3137748283e-05, 6.57929122099e-05, 3.89662272937e-05, 2.09353147511e-05, 3.1699626561e-05, 7.8135435615e-06, 7.62484205552e-06, 3.34809442393e-06, 7.01856561136e-06, 4.67140944238e-06, 1.35612317536e-05, 5.81023095947e-06, 1.13166033771e-05, 1.11617082439e-05, 2.45500195888e-05, 5.01910508319e-05, 0.000117476040032, 3.3296935726e-05, 1.97429271793e-05, 3.11903459078e-05, 3.12842239509e-05, 1.84214404726e-05, 1.32406012199e-05, 1.91415383597e-05, 5.95377423451e-06, 1.0576685554e-06, 8.00693200631e-08, 2.06689487747e-09, 5.60141155681e-10],
        "stdev": [1.76411831379, 7.87998104095, 14.5542583466, 21.3139190674, 35.6429100037, 25.6775436401, 20.5200920105, 21.6575660706, 26.4713802338, 61.205406189, 50.2161636353, 70.3156356812, 98.6148529053, 80.3263015747, 57.3707733154, 57.709941864, 58.6005935669, 37.4182815552, 52.6778945923, 41.1055679321, 25.8225097656, 14.7355833054, 14.6148939133, 11.2659225464, 8.3455696106, 9.52468681335, 8.34173202515, 9.05415725708, 8.83141136169, 8.67191886902, 8.47271823883, 5.5403547287, 3.56790757179, 1.49940526485, 0.555760145187, 0.194152414799, 0.0402865707874, 0.00346488202922, 8.46284310683e-05, 5.41069057363e-05],
        "var": [3.11211323738, 62.0941047668, 211.826446533, 454.283172607, 1270.41711426, 659.336242676, 421.074157715, 469.050140381, 700.733947754, 3746.10180664, 2521.66308594, 4944.28857422, 9724.88867188, 6452.31494141, 3291.40576172, 3330.43725586, 3434.02978516, 1400.12768555, 2774.96069336, 1689.66760254, 666.802001953, 217.137420654, 213.595123291, 126.921005249, 69.6485290527, 90.7196655273, 69.584487915, 81.9777679443, 77.9938278198, 75.2021789551, 71.7869491577, 30.6955299377, 12.7299642563, 2.24821615219, 0.308869332075, 0.0376951619983, 0.00162300781813, 1.20054073705e-05, 7.16197101625e-09, 2.92755730769e-09]
    },
    "gfcc": {
        "mean": [-42.863368988, 111.354660034, -86.4094085693, 17.9770259857, -65.9324798584, 26.2071094513, -37.9908256531, 15.5904874802, -15.5439805984, 4.0988574028, -9.18661594391, -2.61683154106, -5.5909910202],
        "cov": [[8879.61328125, -1209.13916016, -1406.35473633, 990.393188477, -95.5665283203, 546.197631836, -298.66229248, 529.824035645, -356.597320557, -125.532699585, 69.9574890137, 136.528778076, -20.5441532135], [-1209.13916016, 1819.62524414, 323.044830322, -313.520233154, 695.55859375, -124.862617493, 449.245513916, -42.0112037659, 201.368209839, -69.8240280151, 310.977020264, -75.5923614502, 121.166107178], [-1406.35473633, 323.044830322, 1594.3840332, 309.452911377, 145.998077393, 275.859436035, 186.832092285, -4.30460500717, 325.863433838, 79.8449935913, 31.4137172699, 75.4012298584, 64.6555099487], [990.393188477, -313.520233154, 309.452911377, 765.418334961, 122.661849976, 151.692489624, 56.9998245239, 73.9340744019, 121.512336731, 32.4712905884, 25.9549484253, 80.3171234131, 79.5463485718], [-95.5665283203, 695.55859375, 145.998077393, 122.661849976, 656.076171875, 83.6867599487, 283.484283447, 98.0284347534, 174.286941528, 24.4994792938, 204.704559326, 36.8283309937, 122.230079651], [546.197631836, -124.862617493, 275.859436035, 151.692489624, 83.6867599487, 465.499511719, 159.67086792, 110.320762634, 94.3122406006, 70.0280075073, 124.417739868, 75.4112701416, 62.0399208069], [-298.66229248, 449.245513916, 186.832092285, 56.9998245239, 283.484283447, 159.67086792, 509.41607666, 93.2998733521, 113.081634521, 91.8680496216, 220.618972778, -18.0857315063, 64.4772491455], [529.824035645, -42.0112037659, -4.30460500717, 73.9340744019, 98.0284347534, 110.320762634, 93.2998733521, 285.11630249, 90.2133483887, 33.3337936401, 121.059379578, 59.6270027161, 41.2997970581], [-356.597320557, 201.368209839, 325.863433838, 121.512336731, 174.286941528, 94.3122406006, 113.081634521, 90.2133483887, 295.372955322, 83.6258544922, 91.6777801514, 76.1125106812, 89.2669830322], [-125.532699585, -69.8240280151, 79.8449935913, 32.4712905884, 24.4994792938, 70.0280075073, 91.8680496216, 33.3337936401, 83.6258544922, 194.253601074, 64.3179244995, 22.9005908966, 35.5023345947], [69.9574890137, 310.977020264, 31.4137172699, 25.9549484253, 204.704559326, 124.417739868, 220.618972778, 121.059379578, 91.6777801514, 64.3179244995, 297.182006836, 59.0116081238, 81.5362930298], [136.528778076, -75.5923614502, 75.4012298584, 80.3171234131, 36.8283309937, 75.4112701416, -18.0857315063, 59.6270027161, 76.1125106812, 22.9005908966, 59.0116081238, 167.245941162, 61.0638237], [-20.5441532135, 121.166107178, 64.6555099487, 79.5463485718, 122.230079651, 62.0399208069, 64.4772491455, 41.2997970581, 89.2669830322, 35.5023345947, 81.5362930298, 61.0638237, 134.210083008]],
        "icov": [[0.000343233463354, -0.000404853868531, 0.000476717337733, -0.000764277298003, 0.000247787567787, -0.000743190292269, 0.00044222039287, -0.00071017810842, 0.000519078748766, -0.000206858661841, 0.000273616664344, -0.000175841341843, 0.000388582819141], [-0.000404853868531, 0.00321211176924, -0.00121903279796, 0.00239369948395, -0.00233297492377, 0.00225343485363, -0.00149553164374, 0.00213703420013, -0.00164250517264, 0.00238924380392, -0.00235959724523, 0.00154116924386, -0.00145669351332], [0.000476717337733, -0.00121903279796, 0.00181028596126, -0.00162777479272, 0.000906858651433, -0.00182079407386, 0.000568596471567, -0.000794146442786, -0.000214905638131, -0.000619722064584, 0.00116900377907, -0.000658097851556, 0.00114928884432], [-0.000764277298003, 0.00239369948395, -0.00162777479272, 0.00410357210785, -0.00185903825331, 0.00212118797936, -0.00151104480028, 0.00200953101739, -0.00173699564766, 0.00161803944502, -0.00124093424529, 0.000770017213654, -0.00197508442216], [0.000247787567787, -0.00233297492377, 0.000906858651433, -0.00185903825331, 0.00431895349175, -0.00129237934016, 6.08118389209e-05, -0.00145150371827, 0.000159304472618, -0.000838803651277, 0.000904569111299, -0.000834182195831, -0.000163510092534], [-0.000743190292269, 0.00225343485363, -0.00182079407386, 0.00212118797936, -0.00129237934016, 0.00540936877951, -0.00205389596522, 0.00147492717952, -0.001145362854, 0.0011233050609, -0.0021020330023, 0.000251785619184, -0.00169175234623], [0.00044222039287, -0.00149553164374, 0.000568596471567, -0.00151104480028, 6.08118389209e-05, -0.00205389596522, 0.00490267528221, -0.00151065539103, 0.00103217491414, -0.00197031721473, -0.00107740180101, 0.00124064169358, 0.000967870757449], [-0.00071017810842, 0.00213703420013, -0.000794146442786, 0.00200953101739, -0.00145150371827, 0.00147492717952, -0.00151065539103, 0.00701180985197, -0.00295404833741, 0.00175356329419, -0.00289455545135, 0.000232522710576, -0.000484653573949], [0.000519078748766, -0.00164250517264, -0.000214905638131, -0.00173699564766, 0.000159304472618, -0.001145362854, 0.00103217491414, -0.00295404833741, 0.00810222513974, -0.00299241999164, 0.00140979455318, -0.00197614915669, -0.00106190820225], [-0.000206858661841, 0.00238924380392, -0.000619722064584, 0.00161803944502, -0.000838803651277, 0.0011233050609, -0.00197031721473, 0.00175356329419, -0.00299241999164, 0.00840504094958, -0.0023869543802, 0.00120186549611, -0.00152724026702], [0.000273616664344, -0.00235959724523, 0.00116900377907, -0.00124093424529, 0.000904569111299, -0.0021020330023, -0.00107740180101, -0.00289455545135, 0.00140979455318, -0.0023869543802, 0.00875054486096, -0.00279482314363, -0.000450185732916], [-0.000175841341843, 0.00154116924386, -0.000658097851556, 0.000770017213654, -0.000834182195831, 0.000251785619184, 0.00124064169358, 0.000232522710576, -0.00197614915669, 0.00120186549611, -0.00279482314363, 0.00981245283037, -0.00335204182193], [0.000388582819141, -0.00145669351332, 0.00114928884432, -0.00197508442216, -0.000163510092534, -0.00169175234623, 0.000967870757449, -0.000484653573949, -0.00106190820225, -0.00152724026702, -0.000450185732916, -0.00335204182193, 0.0129666058347]]
    },
    "melbands": {
        "dmean": [0.00383473117836, 0.00261837919243, 0.00144993385766, 0.000827377079986, 0.000380379991839, 0.000185083947144, 0.000169350358192, 0.000294745579595, 0.000162411248311, 0.00015372762573, 0.000167228616192, 7.64000724303e-05, 5.18354208907e-05, 4.15023278038e-05, 3.6793651816e-05, 3.044771438e-05, 2.72071356449e-05, 2.44853526965e-05, 2.15664622374e-05, 1.21109414977e-05, 1.12488478408e-05, 5.20469029652e-06, 4.15590102421e-06, 5.97468488195e-06, 2.77811182059e-06, 1.90119362742e-06, 2.14516990127e-06, 2.09677227758e-06, 1.9657327357e-06, 1.66751419783e-06, 1.72849559021e-06, 1.37958784308e-06, 1.54468534674e-06, 2.06386698665e-06, 1.71008935013e-06, 1.64925916124e-06, 1.05206834178e-06, 9.6059579846e-07, 6.71951966069e-07, 4.15338519133e-07],
        "dmean2": [0.00507420022041, 0.00395947974175, 0.00248532905243, 0.00134453200735, 0.000647510867566, 0.000315847981256, 0.000273711804766, 0.000466973346192, 0.000268795614829, 0.000225212526857, 0.000232633043197, 0.000110851091449, 7.55313594709e-05, 6.28700217931e-05, 5.25631839992e-05, 4.57076530438e-05, 4.30200780102e-05, 3.78493750759e-05, 3.48229732481e-05, 1.96886594495e-05, 1.7701600882e-05, 7.90806188888e-06, 6.40227926851e-06, 9.01766452444e-06, 4.14348369304e-06, 2.93753168989e-06, 3.28833584717e-06, 3.33948787556e-06, 3.26508211401e-06, 2.7574296837e-06, 2.84567522613e-06, 2.10975690607e-06, 2.5132128485e-06, 3.40937276633e-06, 2.71276803687e-06, 2.70062582786e-06, 1.65975427535e-06, 1.42678470638e-06, 1.01880505099e-06, 6.21860124284e-07],
        "dvar": [5.37943233212e-05, 4.55882327515e-05, 1.97120098164e-05, 3.90900004277e-06, 7.21843321116e-07, 1.67672595808e-07, 9.73468061716e-08, 3.1656290389e-07, 1.40314043051e-07, 1.09876609145e-07, 1.16929371075e-07, 4.319165825e-08, 1.9117129213e-08, 1.53531090064e-08, 9.67802460394e-09, 4.74469707967e-09, 3.73757202965e-09, 3.60577701031e-09, 4.2109360443e-09, 1.27352350887e-09, 9.78226721848e-10, 1.88670121193e-10, 1.06145953138e-10, 1.60173818653e-10, 4.67187746822e-11, 2.54146183265e-11, 2.68047875562e-11, 3.69238355169e-11, 3.10027351014e-11, 2.3188402587e-11, 3.53535256625e-11, 2.20876598261e-11, 1.4591721928e-11, 3.46690766373e-11, 1.95674726422e-11, 2.46810488713e-11, 6.88440363744e-12, 4.53614359616e-12, 2.8541103942e-12, 7.15612194068e-13],
        "dvar2": [9.48113374761e-05, 0.000107510597445, 5.52442143089e-05, 9.88009924185e-06, 1.9672779672e-06, 4.37954753352e-07, 2.31758988889e-07, 7.66031689636e-07, 3.56211188546e-07, 2.43914229259e-07, 2.42778895654e-07, 8.80796235947e-08, 4.0209261698e-08, 3.37365868575e-08, 2.09962376374e-08, 1.09233866397e-08, 9.09965081064e-09, 8.05587152541e-09, 9.86187576046e-09, 3.13472048319e-09, 2.29445151767e-09, 3.9648023753e-10, 2.10860523486e-10, 3.43526651569e-10, 8.90869114589e-11, 5.98479807379e-11, 5.77322911699e-11, 8.56940629568e-11, 8.35049460135e-11, 6.12126738186e-11, 9.32786001218e-11, 4.27499806388e-11, 3.26342876333e-11, 9.17327602767e-11, 4.7581376339e-11, 6.12478193163e-11, 1.70252267145e-11, 9.97894562121e-12, 6.44132447034e-12, 1.60798685565e-12],
        "max": [0.0730141475797, 0.0535889603198, 0.0336130559444, 0.0177130326629, 0.0112982662395, 0.00330234179273, 0.00290415552445, 0.00600055232644, 0.00546777667478, 0.00535332225263, 0.00531214429066, 0.00387731334195, 0.00290439976379, 0.00233148573898, 0.00168031465728, 0.000796436681412, 0.000743635580875, 0.00130649108905, 0.00126013881527, 0.000520819914527, 0.000283685367322, 0.000142279299325, 0.000142309945659, 0.000129681706312, 0.000106606246845, 7.64198994148e-05, 7.74454601924e-05, 0.000125707927509, 7.79898764449e-05, 6.28271372989e-05, 7.45110301068e-05, 0.000103611127997, 3.93930604332e-05, 6.95157577866e-05, 4.65058255941e-05, 6.31118600722e-05, 4.47183774668e-05, 3.79060729756e-05, 4.15725735365e-05, 1.42412600326e-05],
        "mean": [0.0100183552131, 0.00353029067628, 0.001382830902, 0.0011366836261, 0.000530613644514, 0.000262708519585, 0.000272617297014, 0.000435608177213, 0.000212637431105, 0.000246676820097, 0.000270662480034, 0.000120558819617, 7.68012978369e-05, 5.98723709118e-05, 5.41079425602e-05, 3.99657874368e-05, 3.54704352503e-05, 3.07589543809e-05, 2.65054841293e-05, 1.22766277855e-05, 1.16175615403e-05, 6.29643000138e-06, 5.52103165319e-06, 7.80887148721e-06, 3.93481650462e-06, 2.61077252617e-06, 3.07104869535e-06, 2.53529947258e-06, 2.15578597818e-06, 1.63976699241e-06, 1.63085132954e-06, 1.49219624745e-06, 1.68332019257e-06, 2.15627801481e-06, 1.83478664439e-06, 1.66774577792e-06, 1.23906829685e-06, 1.33593357532e-06, 9.4296996167e-07, 5.41472616078e-07],
        "median": [0.00444017816335, 0.000606431625783, 0.000195827014977, 0.00046013071551, 0.000238186577917, 6.69372311677e-05, 0.000122895842651, 0.00014249025844, 5.86350943195e-05, 5.85628113186e-05, 6.90486631356e-05, 1.72912805283e-05, 1.3436102563e-05, 9.00628310774e-06, 9.38949415286e-06, 6.48933564662e-06, 7.50257686377e-06, 4.95256836075e-06, 3.15647662319e-06, 1.73174169049e-06, 1.47089770053e-06, 8.84624739683e-07, 9.03464353996e-07, 1.63681511367e-06, 8.00894326858e-07, 4.60145884063e-07, 4.44152789214e-07, 3.41430592243e-07, 2.45306580382e-07, 1.75313118689e-07, 1.83627449246e-07, 1.76127770146e-07, 2.91645932293e-07, 3.76514094569e-07, 3.74923985191e-07, 2.79925927771e-07, 3.08798888682e-07, 4.50276417041e-07, 3.69792275023e-07, 1.78701455411e-07],
        "min": [2.96681255951e-11, 2.1467047584e-10, 1.98065013279e-08, 7.64977325929e-09, 1.55434964899e-09, 5.44545686321e-10, 6.21291795788e-10, 2.04433081574e-10, 4.79312804724e-11, 1.04220278241e-10, 3.42088329885e-10, 1.74723555069e-10, 4.64786750753e-11, 1.08004431787e-10, 3.99838044618e-11, 1.5328309802e-11, 1.28234332875e-11, 3.8997125841e-12, 8.76306145703e-12, 8.80296096434e-12, 3.91220953203e-12, 1.43087338852e-11, 7.65879026865e-12, 5.62327918605e-12, 8.09406881797e-12, 5.8121311583e-12, 6.59496285707e-12, 1.73593136393e-11, 1.3188179715e-11, 6.21326115557e-11, 6.5952854289e-11, 1.6184140833e-11, 9.03424730858e-12, 9.79170824283e-12, 1.74566489736e-11, 1.71971846485e-11, 2.21144769164e-11, 1.27564053071e-11, 7.87974980404e-12, 1.27822561563e-11],
        "stdev": [0.0127780251205, 0.00739982351661, 0.00380939012393, 0.00206587882712, 0.00081460137153, 0.00048892229097, 0.000391681474866, 0.000696541625075, 0.000406235369155, 0.00047772936523, 0.000498474866617, 0.000351966358721, 0.000197041590582, 0.000169370352523, 0.000140845426358, 9.09904265427e-05, 7.41068797652e-05, 8.35653045215e-05, 7.84632575233e-05, 3.58792676707e-05, 3.27308698616e-05, 1.69340510183e-05, 1.31050164782e-05, 1.59711180459e-05, 9.22847812035e-06, 5.85600719205e-06, 6.80120501784e-06, 6.56444126435e-06, 6.01843748882e-06, 4.69415408588e-06, 5.56334452995e-06, 5.54813323106e-06, 4.27374789069e-06, 5.4471124713e-06, 4.63635160486e-06, 5.17669286637e-06, 2.8576484965e-06, 2.7260243769e-06, 2.03150216294e-06, 1.07094558643e-06],
        "var": [0.000163277916727, 5.47573872609e-05, 1.45114536281e-05, 4.26785527452e-06, 6.63575349336e-07, 2.39045021999e-07, 1.53414376314e-07, 4.85170232878e-07, 1.65027174148e-07, 2.28225346177e-07, 2.48477192599e-07, 1.23880312231e-07, 3.88253909023e-08, 2.86863155452e-08, 1.98374348059e-08, 8.27925727975e-09, 5.49182921361e-09, 6.98316027226e-09, 6.15648287905e-09, 1.28732180471e-09, 1.07130981863e-09, 2.86762114055e-10, 1.71741468269e-10, 2.55076626487e-10, 8.5164812702e-11, 3.42928185848e-11, 4.62563876091e-11, 4.30918911665e-11, 3.62215916982e-11, 2.2035083827e-11, 3.09508009499e-11, 3.07817799028e-11, 1.82649208258e-11, 2.96710329917e-11, 2.14957565636e-11, 2.67981487695e-11, 8.16615525201e-12, 7.43120929375e-12, 4.1270012581e-12, 1.14692456921e-12]
    },
    "melbands128": {
