{
"lowlevel": {
    "average_loudness": 0.915285408497,
    "barkbands_crest": {
        "dmean": 2.8548438549,
        "dmean2": 4.27011871338,
        "dvar": 6.90465545654,
        "dvar2": 14.272939682,
        "max": 26.3286495209,
        "mean": 14.1087589264,
        "median": 13.0186223984,
        "min": 3.04330158234,
        "stdev": 6.13182258606,
        "var": 37.5992469788
    },
    "barkbands_flatness_db": {
        "dmean": 0.0306111313403,
        "dmean2": 0.0409319028258,
        "dvar": 0.000834437261801,
        "dvar2": 0.00141807936598,
        "max": 0.440145492554,
        "mean": 0.182153850794,
        "median": 0.170040771365,
        "min": 0.0376215316355,
        "stdev": 0.0743659064174,
        "var": 0.00553028797731
    },
    "barkbands_kurtosis": {
        "dmean": 11.4850177765,
        "dmean2": 17.0863571167,
        "dvar": 557.46875,
        "dvar2": 1342.9543457,
        "max": 301.035705566,
        "mean": 19.5095119476,
        "median": 6.79414176941,
        "min": -1.88348841667,
        "stdev": 34.2531051636,
        "var": 1173.27526855
    },
    "barkbands_skewness": {
        "dmean": 0.994758427143,
        "dmean2": 1.4142241478,
        "dvar": 1.35470151901,
        "dvar2": 2.98201465607,
        "max": 16.2172527313,
        "mean": 3.06497335434,
        "median": 2.28761792183,
        "min": -1.00113761425,
        "stdev": 2.55918574333,
        "var": 6.54943132401
    },
    "barkbands_spread": {
        "dmean": 6.73390007019,
        "dmean2": 9.98569488525,
        "dvar": 71.1231842041,
        "dvar2": 149.042068481,
        "max": 109.059631348,
        "mean": 18.6660137177,
        "median": 13.8289260864,
        "min": 0.412836700678,
        "stdev": 17.9717311859,
        "var": 322.983154297
    },
    "dissonance": {
        "dmean": 0.020701142028,
        "dmean2": 0.0336492434144,
        "dvar": 0.000348030473106,
        "dvar2": 0.000823715352453,
        "max": 0.498266398907,
        "mean": 0.456570565701,
        "median": 0.461538493633,
        "min": 0.252639710903,
        "stdev": 0.0281106103212,
        "var": 0.000790206424426
    },
    "dynamic_complexity": 2.31346893311,
    "erbbands_crest": {
        "dmean": 3.04158258438,
        "dmean2": 5.07473325729,
        "dvar": 7.963742733,
        "dvar2": 20.4707298279,
        "max": 30.1353321075,
        "mean": 9.42105007172,
        "median": 8.42629241943,
        "min": 3.06692290306,
        "stdev": 4.26554679871,
        "var": 18.1948890686
    },
    "erbbands_flatness_db": {
        "dmean": 0.0200357157737,
        "dmean2": 0.0295107867569,
        "dvar": 0.000329192320351,
        "dvar2": 0.000703163910657,
        "max": 0.26758697629,
        "mean": 0.141520574689,
        "median": 0.13671669364,
        "min": 0.054177172482,
        "stdev": 0.040389277041,
        "var": 0.00163129367866
    },
    "erbbands_kurtosis": {
        "dmean": 1.33575129509,
        "dmean2": 2.07627344131,
        "dvar": 3.31976652145,
        "dvar2": 7.28546476364,
        "max": 36.8594360352,
        "mean": 0.750220119953,
        "median": -0.253826379776,
        "min": -1.88936555386,
        "stdev": 3.48954200745,
        "var": 12.176902771
    },
    "erbbands_skewness": {
        "dmean": 0.511849761009,
        "dmean2": 0.762418329716,
        "dvar": 0.190669059753,
        "dvar2": 0.436243355274,
        "max": 5.47428655624,
        "mean": 0.405738472939,
        "median": 0.433989524841,
        "min": -2.38254141808,
        "stdev": 1.04261291027,
        "var": 1.08704173565
    },
    "erbbands_spread": {
        "dmean": 12.9039011002,
        "dmean2": 19.1074542999,
        "dvar": 208.853424072,
        "dvar2": 421.225372314,
        "max": 195.032623291,
        "mean": 50.9031829834,
        "median": 45.608039856,
        "min": 6.92343044281,
        "stdev": 28.0558700562,
        "var": 787.131835938
    },
    "hfc": {
        "dmean": 6.52521181107,
        "dmean2": 9.30008125305,
        "dvar": 66.7014007568,
        "dvar2": 140.706207275,
        "max": 77.5400543213,
        "mean": 15.9650802612,
        "median": 13.8208847046,
        "min": 1.21318089441e-05,
        "stdev": 11.5252161026,
        "var": 132.830612183
    },
    "loudness_ebu128": {
        "integrated": -9.29004478455,
        "loudness_range": 1.48221111298,
        "momentary": {
            "dmean": 0.583870351315,
            "dmean2": 0.506397843361,
            "dvar": 0.269763588905,
            "dvar2": 0.237016707659,
            "max": -5.96041107178,
            "mean": -9.66255378723,
            "median": -9.5138130188,
            "min": -13.7853727341,
            "stdev": 1.82355844975,
            "var": 3.32536530495
        },
        "short_term": {
            "dmean": 0.0889781340957,
            "dmean2": 0.0927134305239,
            "dvar": 0.00484992237762,
            "dvar2": 0.00682365661487,
            "max": -8.25674819946,
            "mean": -9.31052398682,
            "median": -9.3129491806,
            "min": -10.9797391891,
            "stdev": 0.485764801502,
            "var": 0.235967442393
        }
    },
    "melbands_crest": {
        "dmean": 3.00817513466,
        "dmean2": 4.49896430969,
        "dvar": 7.60271978378,
        "dvar2": 16.1651992798,
        "max": 33.9561462402,
        "mean": 18.3802719116,
        "median": 17.6450538635,
        "min": 4.55050182343,
        "stdev": 7.27917861938,
        "var": 52.9864387512
    },
    "melbands_flatness_db": {
        "dmean": 0.0382527410984,
        "dmean2": 0.0497634448111,
        "dvar": 0.00127772800624,
        "dvar2": 0.00213481183164,
        "max": 0.576717197895,
        "mean": 0.261710166931,
        "median": 0.25353372097,
        "min": 0.0434529967606,
        "stdev": 0.0952168703079,
        "var": 0.00906625203788
    },
    "melbands_kurtosis": {
        "dmean": 27.7752532959,
        "dmean2": 39.7248306274,
        "dvar": 3133.91870117,
        "dvar2": 7148.34521484,
        "max": 819.54473877,
        "mean": 54.7931213379,
        "median": 18.7881851196,
        "min": -1.69519209862,
        "stdev": 94.6675949097,
        "var": 8961.95410156
    },
    "melbands_skewness": {
        "dmean": 1.31983947754,
        "dmean2": 1.83190762997,
        "dvar": 2.30968523026,
        "dvar2": 4.27601146698,
        "max": 24.3129997253,
        "mean": 4.74639701843,
        "median": 3.62773990631,
        "min": -0.0209562890232,
        "stdev": 3.73350954056,
        "var": 13.9390926361
    },
    "melbands_spread": {
        "dmean": 6.81795310974,
        "dmean2": 10.2820110321,
        "dvar": 93.8389434814,
        "dvar2": 209.843338013,
        "max": 115.054847717,
        "mean": 16.4464511871,
        "median": 10.3961372375,
        "min": 0.449872463942,
        "stdev": 17.6781349182,
        "var": 312.516479492
    },
    "pitch_salience": {
        "dmean": 0.0792363360524,
        "dmean2": 0.121736511588,
        "dvar": 0.00616359803826,
        "dvar2": 0.0131068024784,
        "max": 0.819485783577,
        "mean": 0.472251832485,
        "median": 0.502988040447,
        "min": 0.085735656321,
        "stdev": 0.168333470821,
        "var": 0.0283361580223
    },
    "silence_rate_20dB": {
        "dmean": 0,
        "dmean2": 0,
        "dvar": 0,
        "dvar2": 0,
        "max": 1,
        "mean": 1,
        "median": 1,
        "min": 1,
        "stdev": 0,
        "var": 0
    },
    "silence_rate_30dB": {
        "dmean": 0.0634184032679,
        "dmean2": 0.126934990287,
        "dvar": 0.0593960508704,
        "dvar2": 0.12011102587,
        "max": 1,
        "mean": 0.831530153751,
        "median": 1,
        "min": 0,
        "stdev": 0.374282002449,
        "var": 0.140087008476
    },
    "silence_rate_60dB": {
        "dmean": 0.0116009283811,
        "dmean2": 0.0232198145241,
        "dvar": 0.0114662600681,
        "dvar2": 0.0242288280278,
        "max": 1,
        "mean": 0.0193199384958,
        "median": 0,
        "min": 0,
        "stdev": 0.137647509575,
        "var": 0.0189468376338
    },
    "spectral_centroid": {
        "dmean": 327.883117676,
        "dmean2": 485.201873779,
        "dvar": 140259.3125,
        "dvar2": 294333.875,
        "max": 3854.70019531,
        "mean": 1127.72705078,
        "median": 961.106445312,
        "min": 177.065444946,
        "stdev": 721.593383789,
        "var": 520697.03125
    },
    "spectral_complexity": {
        "dmean": 4.3449344635,
        "dmean2": 6.39551067352,
        "dvar": 28.8292007446,
        "dvar2": 53.428188324,
        "max": 55,
        "mean": 13.8068008423,
        "median": 12,
        "min": 0,
        "stdev": 7.70703935623,
        "var": 59.3984565735
    },
    "spectral_decrease": {
        "dmean": 3.88210974478e-09,
        "dmean2": 5.39235722741e-09,
        "dvar": 3.95020564746e-17,
        "dvar2": 7.55917017548e-17,
        "max": -5.933658072e-15,
        "mean": -1.28208306194e-08,
        "median": -7.2623298486e-09,
        "min": -6.41824087211e-08,
        "stdev": 1.29559252215e-08,
        "var": 1.67855989762e-16
    },
    "spectral_energy": {
        "dmean": 0.0150285046548,
        "dmean2": 0.0208570528775,
        "dvar": 0.000570185948163,
        "dvar2": 0.00108913297299,
        "max": 0.244178801775,
        "mean": 0.049836885184,
        "median": 0.0289818309247,
        "min": 2.3495415391e-08,
        "stdev": 0.0492625683546,
        "var": 0.00242680078372
    },
    "spectral_energyband_high": {
        "dmean": 0.000459278671769,
        "dmean2": 0.000732372282073,
        "dvar": 6.11946347817e-07,
        "dvar2": 1.47758316871e-06,
        "max": 0.00683312024921,
        "mean": 0.000647573440801,
        "median": 0.000298353785183,
        "min": 6.25481111349e-10,
        "stdev": 0.00091534818057,
        "var": 8.37862330627e-07
    },
    "spectral_energyband_low": {
        "dmean": 0.0126791521907,
        "dmean2": 0.0179802570492,
        "dvar": 0.000640513782855,
        "dvar2": 0.00128752447199,
        "max": 0.237560108304,
        "mean": 0.0356939733028,
        "median": 0.0127222873271,
        "min": 1.31748922882e-08,
        "stdev": 0.0477825365961,
        "var": 0.00228317081928
    },
    "spectral_energyband_middle_high": {
        "dmean": 0.00137632759288,
        "dmean2": 0.00191632681526,
        "dvar": 4.52088306702e-06,
        "dvar2": 8.47518094815e-06,
        "max": 0.0273715443909,
        "mean": 0.00261005875655,
        "median": 0.00138418306597,
        "min": 2.66378075153e-09,
        "stdev": 0.00330368545838,
        "var": 1.09143375084e-05
    },
    "spectral_energyband_middle_low": {
        "dmean": 0.00752326380461,
        "dmean2": 0.0122954035178,
        "dvar": 0.000288750510663,
        "dvar2": 0.000759066373575,
        "max": 0.151136875153,
        "mean": 0.0124766686931,
        "median": 0.00820222124457,
        "min": 3.10221359712e-09,
        "stdev": 0.0161404367536,
        "var": 0.000260513712419
    },
    "spectral_entropy": {
        "dmean": 0.245914012194,
        "dmean2": 0.347427070141,
        "dvar": 0.056629024446,
        "dvar2": 0.105596758425,
        "max": 8.66743659973,
        "mean": 7.49639463425,
        "median": 7.4950428009,
        "min": 5.7841129303,
        "stdev": 0.491693019867,
        "var": 0.241762027144
    },
    "spectral_flux": {
        "dmean": 0.0334888659418,
        "dmean2": 0.05064926669,
        "dvar": 0.00201284186915,
        "dvar2": 0.00347541132942,
        "max": 0.446625351906,
        "mean": 0.0972665175796,
        "median": 0.0713376328349,
        "min": 0.000153282147949,
        "stdev": 0.0775709226727,
        "var": 0.00601724768057
    },
    "spectral_kurtosis": {
        "dmean": 1.71155834198,
        "dmean2": 2.63223052025,
        "dvar": 4.46157360077,
        "dvar2": 10.6541385651,
        "max": 23.3035259247,
        "mean": 4.00425863266,
        "median": 3.44811344147,
        "min": -0.896125793457,
        "stdev": 3.13985323906,
        "var": 9.85867881775
    },
    "spectral_rms": {
        "dmean": 0.000987761188298,
        "dmean2": 0.00132304558065,
        "dvar": 1.54557915266e-06,
        "dvar2": 2.5310998808e-06,
        "max": 0.0154344812036,
        "mean": 0.0062144161202,
        "median": 0.00531741976738,
        "min": 4.78772972201e-06,
        "stdev": 0.00316265108995,
        "var": 1.00023626146e-05
    },
    "spectral_rolloff": {
        "dmean": 475.34588623,
        "dmean2": 791.246582031,
        "dvar": 815889.1875,
        "dvar2": 1888391.75,
        "max": 9323.87695312,
        "mean": 991.725341797,
        "median": 409.130859375,
        "min": 64.599609375,
        "stdev": 1469.22521973,
        "var": 2158622.75
    },
    "spectral_skewness": {
        "dmean": 0.299630880356,
        "dmean2": 0.431366145611,
        "dvar": 0.0938592106104,
        "dvar2": 0.194106340408,
        "max": 3.85063457489,
        "mean": 1.56899285316,
        "median": 1.59345507622,
        "min": 0.130009844899,
        "stdev": 0.568540930748,
        "var": 0.323238790035
    },
    "spectral_spread": {
        "dmean": 855531.3125,
        "dmean2": 1190138.5,
        "dvar": 1.38723996467e+12,
        "dvar2": 2.32231980237e+12,
        "max": 22562528,
        "mean": 5500706.5,
        "median": 5135429,
        "min": 2018666.25,
        "stdev": 2084300.625,
        "var": 4.34430908826e+12
    },
    "spectral_strongpeak": {
        "dmean": 0.36504650116,
        "dmean2": 0.61074668169,
        "dvar": 0.528689563274,
        "dvar2": 1.35249507427,
        "max": 6.39824295044,
        "mean": 0.690100193024,
        "median": 0.451689779758,
        "min": 0,
        "stdev": 0.761662483215,
        "var": 0.580129742622
    },
    "zerocrossingrate": {
        "dmean": 0.0112965544686,
        "dmean2": 0.0128045333549,
        "dvar": 0.00014611001825,
        "dvar2": 0.000166203419212,
        "max": 0.228515625,
        "mean": 0.0460240915418,
        "median": 0.03662109375,
        "min": 0.00244140625,
        "stdev": 0.036542724818,
        "var": 0.00133537082002
    },
    "barkbands": {
        "dmean": [0.00033818159136, 0.0114505384117, 0.00585369486362, 0.00331672630273, 0.00322555121966, 0.00140287471004, 0.000886070949491, 0.000841908622533, 0.000627872475889, 0.000155607587658, 0.000192054707441, 0.000118790660053, 9.65748040471e-05, 0.000246040464845, 0.000355872412911, 0.000402754172683, 0.000241470290348, 8.76045669429e-05, 8.34676247905e-05, 0.000163989447174, 0.000103903526906, 6.3749277615e-05, 9.75411821855e-05, 8.34053280414e-05, 4.95082131238e-05, 1.92503866856e-05, 1.52760947003e-06],
        "dmean2": [0.000569570984226, 0.0145947160199, 0.00934800878167, 0.00611594691873, 0.00575806759298, 0.00231939996593, 0.00136994337663, 0.00133617443498, 0.000938295503147, 0.000238107022597, 0.000290296156891, 0.000190426959307, 0.000148125196574, 0.000395238865167, 0.000547713192645, 0.000593665870838, 0.000371148402337, 0.000136574963108, 0.000126810380607, 0.000263401365373, 0.000168354410562, 9.66535299085e-05, 0.000158919443493, 0.000125874445075, 7.86287564551e-05, 3.04278692056e-05, 2.40747658609e-06],
        "dvar": [7.49656749122e-07, 0.000560324348044, 0.000351513095666, 0.000130529078888, 8.49093630677e-05, 7.3173337114e-06, 2.38792699747e-06, 4.08283403885e-06, 3.88295666198e-06, 1.24063134876e-07, 6.77002674365e-07, 7.92626622115e-08, 4.30148219266e-08, 3.78775894205e-07, 8.68723077474e-07, 1.06196409888e-06, 2.05428520417e-07, 2.50411389402e-08, 2.5921840674e-08, 9.02491947841e-08, 4.17064107694e-08, 1.30388295716e-08, 2.71081166403e-08, 1.79195147609e-08, 8.06201239101e-09, 1.20233589751e-09, 1.64080398574e-11],
        "dvar2": [1.90821492652e-06, 0.00100330228452, 0.000809990568087, 0.000373714894522, 0.000252072670264, 1.75643835973e-05, 5.20555386174e-06, 9.93466710497e-06, 7.73155352363e-06, 2.76257196674e-07, 1.51899121192e-06, 1.91521635884e-07, 9.68328492945e-08, 9.10994572223e-07, 2.02034266295e-06, 2.41383554567e-06, 5.29025157903e-07, 5.72818166233e-08, 5.83504089491e-08, 2.26629225608e-07, 9.9762814898e-08, 2.62982560173e-08, 6.59392753732e-08, 4.03838775753e-08, 1.98691960662e-08, 2.85340595596e-09, 4.16058368313e-11],
        "max": [0.0235998276621, 0.233469992876, 0.147512435913, 0.10302657634, 0.0827193260193, 0.0262925922871, 0.0200183335692, 0.0275478605181, 0.0389880090952, 0.00496339378878, 0.0168092530221, 0.00282471184619, 0.00217518187128, 0.00991446897388, 0.0170705243945, 0.0161163005978, 0.00480228522792, 0.00221424759366, 0.00189310859423, 0.00294351368211, 0.00185780099127, 0.00178634526674, 0.00134630361572, 0.00169578823261, 0.00108514353633, 0.000367727829143, 7.55370710976e-05],
        "mean": [0.00124356197193, 0.0278402213007, 0.0050756870769, 0.00302593782544, 0.00396034587175, 0.00217767315917, 0.00134251883719, 0.00101547467057, 0.000848193420097, 0.000227540411288, 0.000234067963902, 0.000142929988215, 0.000122104946058, 0.000294534431305, 0.000409898988437, 0.000558672123589, 0.000352244096575, 0.000120631870232, 0.00011955582886, 0.000166148092831, 0.000107260158984, 0.000101345322037, 0.000123994410387, 0.000126940751215, 7.19510208e-05, 2.58874479186e-05, 1.60224692536e-06],
        "median": [0.000126081489725, 0.0091073801741, 0.000657467753626, 0.000912652292755, 0.00205786223523, 0.000720466370694, 0.000461319694296, 0.000237582367845, 0.000200783208129, 6.67517306283e-05, 2.47388925345e-05, 4.80463495478e-05, 3.65904852515e-05, 6.36551267235e-05, 6.71390735079e-05, 0.000138485105708, 0.000114128830319, 4.80663875351e-05, 5.45804577996e-05, 6.06241737842e-05, 3.08019443764e-05, 4.4631473429e-05, 4.83191324747e-05, 6.01501960773e-05, 3.05773901346e-05, 9.92986679194e-06, 3.70917973669e-07],
        "min": [2.8424032017e-09, 7.63548424487e-09, 1.46287648661e-09, 1.6719449436e-10, 8.06443689605e-10, 1.40142331073e-09, 2.81756562526e-10, 2.2279247891e-10, 1.23115767581e-10, 2.9373845023e-10, 1.53913354284e-10, 1.39946831901e-10, 1.09899991885e-10, 1.14630679948e-10, 6.69498900763e-11, 3.08591679987e-10, 1.00114139201e-10, 7.56838092197e-10, 4.93681540092e-10, 3.44564515808e-10, 2.46077880295e-10, 7.01935454206e-11, 3.39001882121e-11, 2.46071531207e-11, 2.33624022905e-11, 2.20007918134e-11, 2.58543539225e-13],
        "stdev": [0.00336246867664, 0.0418813824654, 0.0179015416652, 0.00879029091448, 0.0073408302851, 0.00399284763262, 0.00233944552019, 0.00231250026263, 0.0024324846454, 0.000464834825834, 0.000922113307752, 0.000306842965074, 0.000239718778175, 0.000681351870298, 0.00108623877168, 0.00133850902785, 0.000592879194301, 0.000201123024453, 0.000195247877855, 0.000296867074212, 0.000210942613194, 0.000158826616826, 0.000196137421881, 0.000192521954887, 0.000114834612759, 4.04914826504e-05, 4.10523171013e-06],
        "var": [1.13061960292e-05, 0.00175405014306, 0.000320465187542, 7.72692146711e-05, 5.38877866347e-05, 1.59428309416e-05, 5.47300533071e-06, 5.34765695193e-06, 5.91698153585e-06, 2.16071427417e-07, 8.50292906307e-07, 9.41526039355e-08, 5.74650904639e-08, 4.64240372366e-07, 1.17991464776e-06, 1.79160645075e-06, 3.51505747176e-07, 4.04504731932e-08, 3.81217333256e-08, 8.81300650235e-08, 4.4496783147e-08, 2.52258942623e-08, 3.8469888608e-08, 3.70647050829e-08, 1.31869883901e-08, 1.63956015431e-09, 1.685292704e-11]
    },
    "erbbands": {
        "dmean": [0.34658357501, 2.5548388958, 5.3286986351, 10.2295036316, 9.12306213379, 11.4143667221, 12.0004415512, 12.4037303925, 12.4031581879, 14.4612770081, 15.2582807541, 14.2378034592, 9.1296377182, 6.9326672554, 6.10618972778, 4.457924366, 4.35358905792, 8.19153308868, 13.7729949951, 18.5633029938, 22.7536468506, 13.3459672928, 5.67643165588, 3.25286483765, 5.7168431282, 8.29812431335, 4.19370317459, 3.95803117752, 2.30432891846, 2.21803474426, 2.55428814888, 2.23013186455, 1.28669667244, 0.686085402966, 0.290710330009, 0.116654872894, 0.0296020098031, 0.0052748597227, 0.000147515151184, 1.90091705008e-05],
        "dmean2": [0.436916023493, 3.2281563282, 8.04271221161, 17.5563011169, 16.3144207001, 20.5848197937, 20.3979320526, 20.3551616669, 19.5833358765, 22.1405315399, 24.0575485229, 21.0440425873, 13.8235931396, 10.3921909332, 9.54104614258, 7.11815404892, 6.60717487335, 12.7144927979, 21.1498641968, 28.2369785309, 34.0189704895, 20.4888477325, 8.77427101135, 4.87540245056, 8.78534412384, 13.4697685242, 6.68964290619, 6.48638725281, 3.49033069611, 3.46046161652, 4.10307645798, 3.56926941872, 1.92653632164, 1.08861219883, 0.460344433784, 0.187234461308, 0.0468219555914, 0.007927717641, 0.000221214009798, 2.65330709226e-05],
        "dvar": [0.463256537914, 30.3377113342, 248.612289429, 1137.9576416, 613.357788086, 1160.78991699, 817.13458252, 741.008850098, 511.576385498, 631.448852539, 1599.0246582, 1408.58825684, 983.455627441, 1245.89013672, 434.176971436, 111.627754211, 93.6317214966, 298.438110352, 1166.11181641, 2594.88623047, 3759.19873047, 727.810302734, 95.7524642944, 34.3110389709, 102.0597229, 276.606018066, 64.9950790405, 62.6994514465, 18.2122535706, 13.2808055878, 19.0256214142, 12.8750953674, 4.72466373444, 1.63166940212, 0.270513027906, 0.0382111296058, 0.00318276439793, 0.000133385881782, 1.31475104581e-07, 6.70649646928e-10],
        "dvar2": [0.855002403259, 55.3130149841, 545.338256836, 3000.12792969, 1788.07165527, 3420.63745117, 2269.58325195, 1893.70141602, 1231.36328125, 1386.85424805, 4053.07470703, 2922.44067383, 1902.45373535, 2944.36376953, 871.902587891, 265.006103516, 215.117507935, 714.465881348, 2489.16235352, 5772.78076172, 8662.39355469, 1903.68615723, 215.366149902, 79.8549194336, 233.16204834, 696.75793457, 154.693527222, 152.910324097, 36.2070083618, 29.2537822723, 45.0860824585, 31.8313179016, 10.2021217346, 3.98954892159, 0.664020121098, 0.0912101715803, 0.00777504965663, 0.0003065726778, 3.16589563454e-07, 1.27659094407e-09],
        "max": [8.55273723602, 53.0476150513, 125.080566406, 264.75692749, 254.211837769, 332.860778809, 242.105667114, 302.044158936, 299.575927734, 295.721466064, 576.194519043, 690.703308105, 593.689819336, 780.964904785, 493.11114502, 110.188491821, 108.775650024, 186.676467896, 545.899719238, 912.466491699, 972.14251709, 314.012786865, 128.739624023, 81.8932418823, 116.571914673, 168.059616089, 75.378112793, 75.0471343994, 71.760269165, 43.0520744324, 41.2632026672, 47.6587791443, 31.5520248413, 17.3944625854, 4.90391540527, 1.89327859879, 0.604130506516, 0.15561273694, 0.00661156000569, 0.000266131042736],
        "mean": [0.93132930994, 5.75260639191, 6.21260738373, 9.06267261505, 11.2629680634, 12.6848630905, 17.558347702, 17.7528247833, 19.0255184174, 20.9342880249, 18.6300106049, 19.6749076843, 14.0451993942, 8.0205745697, 8.30629920959, 5.70233821869, 5.81320810318, 10.8358011246, 17.895072937, 24.8147029877, 33.2643508911, 21.0716266632, 8.43731689453, 4.87288856506, 7.43892765045, 8.19872093201, 4.23632192612, 4.42335557938, 3.63016581535, 3.30788707733, 3.39686775208, 2.92661809921, 2.01721715927, 1.0132137537, 0.397463023663, 0.151628598571, 0.0394014567137, 0.00705374218524, 0.000206154800253, 6.21104918537e-05],
        "median": [0.314453542233, 1.69253444672, 1.23492836952, 2.50073933601, 6.21327924728, 6.02748632431, 6.2424030304, 6.42741918564, 7.87763118744, 7.2824344635, 4.90518951416, 5.28679037094, 3.53760528564, 1.60621905327, 1.24552810192, 1.70013010502, 1.86800575256, 2.24757289886, 4.37470626831, 5.43277597427, 7.98187303543, 6.77366399765, 3.87460207939, 2.50455236435, 3.21662139893, 2.82970619202, 1.30999898911, 1.24630594254, 1.46025550365, 1.55401301384, 1.28481149673, 1.13669478893, 0.958056628704, 0.459548443556, 0.149519741535, 0.0595663115382, 0.0143700717017, 0.00240777479485, 8.83784159669e-05, 4.05339815188e-05],
        "min": [3.47825675817e-07, 1.27421594698e-06, 1.9573683403e-06, 1.10312885226e-06, 4.07994377838e-07, 3.26493591274e-06, 9.22103754419e-06, 1.13782862172e-05, 6.08907294009e-06, 3.17181820719e-06, 4.85558803121e-06, 2.29877150559e-06, 8.27153417049e-06, 7.9601059042e-06, 5.69871008338e-06, 5.99811210122e-06, 5.42965972272e-06, 5.73244915358e-06, 3.38451377502e-06, 1.2864123164e-05, 1.22371511679e-05, 5.21261017639e-06, 2.86906979454e-05, 2.93201246677e-05, 3.28245587298e-05, 1.6375175619e-05, 1.47177279359e-05, 6.37874609311e-06, 2.49152867582e-06, 9.81116386356e-07, 9.54747747528e-07, 5.62447837638e-07, 3.9041313471e-07, 2.71368747917e-07, 1.62669010706e-07, 8.8322174463e-08, 4.11807334899e-08, 1.43634375505e-08, 3.32102234601e-09, 3.55976192967e-10],
        "stdev": [1.39178395271, 9.08357810974, 16.8597545624, 28.5753479004, 20.4365520477, 26.8300971985, 34.4814071655, 31.9282341003, 32.5907173157, 35.0474853516, 42.731967926, 45.2712554932, 42.0966300964, 35.6961212158, 27.6547698975, 11.9308347702, 11.1531620026, 21.4723262787, 40.340057373, 60.2589683533, 81.8366470337, 36.7136917114, 12.4922838211, 7.60833024979, 11.6966123581, 15.9839372635, 8.20847225189, 8.32425403595, 5.98475170135, 4.89848279953, 5.42109155655, 4.46038579941, 3.13628029823, 1.65602576733, 0.632258117199, 0.231478586793, 0.0637221485376, 0.0135058788583, 0.000391203764593, 5.41924127901e-05],
        "var": [1.93706250191, 82.511390686, 284.251342773, 816.550537109, 417.652679443, 719.854125977, 1188.96740723, 1019.41217041, 1062.15478516, 1228.32617188, 1826.02124023, 2049.48657227, 1772.12634277, 1274.2130127, 764.786254883, 142.344818115, 124.393028259, 461.060760498, 1627.32019043, 3631.14306641, 6697.23632812, 1347.8951416, 156.057144165, 57.8866882324, 136.81072998, 255.486236572, 67.3790130615, 69.2931976318, 35.8172531128, 23.9951343536, 29.3882350922, 19.8950424194, 9.83625411987, 2.74242115021, 0.399750322104, 0.0535823330283, 0.00406051240861, 0.000182408766705, 1.5304038925e-07, 2.93681745589e-09]
    },
    "gfcc": {
        "mean": [-6.67905902863, 91.7623977661, -84.7516326904, 48.309841156, -51.3791007996, 15.3826828003, -47.9469413757, 15.4989767075, -11.4486236572, 5.1491355896, -16.0956554413, -0.509567916393, -5.07824373245],
        "cov": [[2732.68212891, -703.310302734, -247.629959106, 23.973028183, -231.20652771, 215.8697052, 37.7973403931, 225.426986694, 72.3873825073, 164.173614502, -86.7297744751, 16.7004489899, -92.784362793], [-703.310302734, 1306.57775879, -94.8330307007, -161.734054565, 210.319656372, -314.675292969, 95.1849822998, -74.9238052368, 51.9501457214, -138.058410645, 179.509170532, -138.0572052, 45.8768424988], [-247.629959106, -94.8330307007, 1014.13562012, 286.502044678, 170.791091919, 240.671096802, 110.628067017, -16.4069213867, 59.8942565918, 43.7723846436, 10.4680404663, 116.922203064, 39.1602325439], [23.973028183, -161.734054565, 286.502044678, 525.995910645, 79.5347976685, 49.7149505615, 73.9714508057, 1.10244441032, 75.1453552246, 17.6347866058, 41.8088340759, 23.3235969543, 75.6195678711], [-231.20652771, 210.319656372, 170.791091919, 79.5347976685, 317.14364624, 50.4021682739, 35.436214447, 28.5422229767, 88.8643722534, 0.0345397666097, 12.431438446, 10.0654907227, 41.0425567627], [215.8697052, -314.675292969, 240.671096802, 49.7149505615, 50.4021682739, 393.286499023, 146.457962036, 44.4280967712, -14.6983394623, 55.1457061768, -26.9869003296, 59.3163795471, 6.46556138992], [37.7973403931, 95.1849822998, 110.628067017, 73.9714508057, 35.436214447, 146.457962036, 314.470092773, 46.3624610901, -46.1572723389, 14.2756595612, 65.5230636597, 3.9830532074, 5.14909934998], [225.426986694, -74.9238052368, -16.4069213867, 1.10244441032, 28.5422229767, 44.4280967712, 46.3624610901, 141.256835938, 64.3504943848, 26.0136737823, 1.54212391376, 20.2169857025, 2.94518852234], [72.3873825073, 51.9501457214, 59.8942565918, 75.1453552246, 88.8643722534, -14.6983394623, -46.1572723389, 64.3504943848, 206.174255371, 30.4000453949, -12.0738611221, 15.0023546219, 31.0144462585], [164.173614502, -138.058410645, 43.7723846436, 17.6347866058, 0.0345397666097, 55.1457061768, 14.2756595612, 26.0136737823, 30.4000453949, 100.064811707, 0.622476935387, 15.2079658508, -10.6024026871], [-86.7297744751, 179.509170532, 10.4680404663, 41.8088340759, 12.431438446, -26.9869003296, 65.5230636597, 1.54212391376, -12.0738611221, 0.622476935387, 119.086631775, 4.36682605743, 24.4358444214], [16.7004489899, -138.0572052, 116.922203064, 23.3235969543, 10.0654907227, 59.3163795471, 3.9830532074, 20.2169857025, 15.0023546219, 15.2079658508, 4.36682605743, 124.420875549, 32.3790931702], [-92.784362793, 45.8768424988, 39.1602325439, 75.6195678711, 41.0425567627, 6.46556138992, 5.14909934998, 2.94518852234, 31.0144462585, -10.6024026871, 24.4358444214, 32.3790931702, 85.8674926758]],
        "icov": [[0.000568256538827, -4.59619623143e-05, 0.000206238793908, -0.000265312992269, 0.000461321207695, -0.000356648990419, 0.000117264527944, -0.00078816950554, -7.57975503802e-05, -0.000566509203054, 0.00026718902518, -7.95858504716e-05, 0.00051593943499], [-4.59619623143e-05, 0.00425700610504, -0.000686429208145, 0.00301415473223, -0.00245001609437, 0.00298518873751, -0.00290954206139, 0.00299130473286, -0.00310650817119, 0.00389067525975, -0.00500727118924, 0.00380098703317, -0.00205320771784], [0.000206238793908, -0.000686429208145, 0.00181964086369, -0.00128224992659, -7.28343366063e-05, -0.00128925347235, 0.000304600805975, 0.000204807831324, 9.11679089768e-05, -0.000828727090266, 0.000825079448987, -0.00197687838227, 0.00137094955426], [-0.000265312992269, 0.00301415473223, -0.00128224992659, 0.00497559178621, -0.00172742537688, 0.00241714622825, -0.00266828224994, 0.00279404502362, -0.00294862734154, 0.00259706610814, -0.00387082551606, 0.0034322948195, -0.00379326543771], [0.000461321207695, -0.00245001609437, -7.28343366063e-05, -0.00172742537688, 0.00593445450068, -0.00230490323156, 0.00139955233317, -0.00244796625338, -2.99411949527e-05, -0.0018822029233, 0.00277877110057, -0.00132922793273, 0.000187878846191], [-0.000356648990419, 0.00298518873751, -0.00128925347235, 0.00241714622825, -0.00230490323156, 0.00674020452425, -0.00406522396952, 0.00180165655911, -0.00110235856846, 0.00107177859172, -0.0011792924488, 0.00162044679746, -0.00248978682794], [0.000117264527944, -0.00290954206139, 0.000304600805975, -0.00266828224994, 0.00139955233317, -0.00406522396952, 0.00754861952737, -0.00433462578803, 0.00388869852759, -0.00232841540128, 0.000264525704551, -0.00145885639358, 0.00200806348585], [-0.00078816950554, 0.00299130473286, 0.000204807831324, 0.00279404502362, -0.00244796625338, 0.00180165655911, -0.00433462578803, 0.0135153820738, -0.00608177157119, 0.00261012488045, -0.00368289556354, 0.000767025572713, -0.000895270437468], [-7.57975503802e-05, -0.00310650817119, 9.11679089768e-05, -0.00294862734154, -2.99411949527e-05, -0.00110235856846, 0.00388869852759, -0.00608177157119, 0.0107167810202, -0.0050826263614, 0.00470526376739, -0.00220599025488, -0.000799832050689], [-0.000566509203054, 0.00389067525975, -0.000828727090266, 0.00259706610814, -0.0018822029233, 0.00107177859172, -0.00232841540128, 0.00261012488045, -0.0050826263614, 0.0165645014495, -0.00632895203307, 0.00252733752131, 0.000998171744868], [0.00026718902518, -0.00500727118924, 0.000825079448987, -0.00387082551606, 0.00277877110057, -0.0011792924488, 0.000264525704551, -0.00368289556354, 0.00470526376739, -0.00632895203307, 0.0176197420806, -0.0049260770902, -0.000769957492594], [-7.95858504716e-05, 0.00380098703317, -0.00197687838227, 0.0034322948195, -0.00132922793273, 0.00162044679746, -0.00145885639358, 0.000767025572713, -0.00220599025488, 0.00252733752131, -0.0049260770902, 0.0145994927734, -0.00665789470077], [0.00051593943499, -0.00205320771784, 0.00137094955426, -0.00379326543771, 0.000187878846191, -0.00248978682794, 0.00200806348585, -0.000895270437468, -0.000799832050689, 0.000998171744868, -0.000769957492594, -0.00665789470077, 0.0191654432565]]
    },
    "melbands": {
        "dmean": [0.00322624342516, 0.0022692498751, 0.0015897359699, 0.000706505263224, 0.000448651320767, 0.00027015953674, 0.000186145523912, 0.00017010535521, 0.000108519612695, 9.69248285401e-05, 4.54675973742e-05, 2.62807570834e-05, 2.02853498195e-05, 1.62176747835e-05, 9.51100992097e-06, 1.03059983303e-05, 1.74130163941e-05, 2.37942622334e-05, 2.86398153548e-05, 2.49738732236e-05, 2.63037527475e-05, 1.57651520567e-05, 7.29479552319e-06, 4.06918979934e-06, 2.4770301934e-06, 3.96007953896e-06, 4.86082581119e-06, 5.92577771386e-06, 2.04159823625e-06, 3.51669132215e-06, 2.07419634535e-06, 1.39768042118e-06, 1.1786895584e-06, 1.35861000672e-06, 1.43202021263e-06, 1.98837096832e-06, 1.17273430078e-06, 9.60176521403e-07, 7.85106465173e-07, 5.43851626844e-07],
        "dmean2": [0.00413001282141, 0.00309827271849, 0.00264735776, 0.00127443124074, 0.000770237180404, 0.000441481330199, 0.00029021766386, 0.000263388210442, 0.000170830171555, 0.00014396039478, 6.97344803484e-05, 3.9977767301e-05, 3.13099444611e-05, 2.53685666394e-05, 1.53266373673e-05, 1.58283528435e-05, 2.75692182186e-05, 3.74532537535e-05, 4.43422577519e-05, 3.80727069569e-05, 4.07043662563e-05, 2.44363673119e-05, 1.13008318294e-05, 6.42402028461e-06, 3.8141688492e-06, 6.15749058852e-06, 7.72570092522e-06, 9.75929287961e-06, 3.12293764182e-06, 5.92450578552e-06, 3.37936558026e-06, 2.11719020626e-06, 1.83461895631e-06, 2.16858347812e-06, 2.27699092648e-06, 3.35448294209e-06, 1.8215594082e-06, 1.45356671055e-06, 1.18901095902e-06, 8.86536838607e-07],
        "dvar": [4.34219255112e-05, 2.84220841422e-05, 2.36889882217e-05, 4.10895245295e-06, 1.26028737668e-06, 3.05630749153e-07, 1.04606336038e-07, 9.76091598659e-08, 7.72542207983e-08, 8.30381665651e-08, 2.51107561411e-08, 1.76999357393e-08, 4.84646633936e-09, 1.58627289082e-09, 4.571637513e-10, 4.69649541479e-10, 1.54815060771e-09, 4.26454427327e-09, 6.34465679994e-09, 3.79258491279e-09, 5.11748243781e-09, 1.08358622075e-09, 1.65052874146e-10, 6.54687346002e-11, 2.27558197979e-11, 5.37219262131e-11, 6.70652700041e-11, 1.53658405444e-10, 1.58711360027e-11, 4.31025701242e-11, 2.36718266516e-11, 6.98722199891e-12, 4.16933284772e-12, 5.20666756237e-12, 6.58439578902e-12, 1.1889172806e-11, 3.46168601596e-12, 2.6942384955e-12, 2.03898313164e-12, 1.05953050153e-12],
        "dvar2": [7.80083646532e-05, 5.48701173102e-05, 6.07952715654e-05, 1.21574448713e-05, 3.58384613719e-06, 7.60644468301e-07, 2.41398424805e-07, 2.17649528622e-07, 1.96227958327e-07, 1.70544453226e-07, 4.86903708463e-08, 4.18665386803e-08, 9.89344250968e-09, 3.59741125777e-09, 1.14939968654e-09, 1.06226138996e-09, 3.89631171771e-09, 9.19676246269e-09, 1.46563046144e-08, 8.47700132312e-09, 1.20124257208e-08, 2.98060798265e-09, 3.69975300396e-10, 1.63885960358e-10, 5.69432244413e-11, 1.194378485e-10, 1.61741342541e-10, 3.92448989972e-10, 3.73509868867e-11, 1.0866085115e-10, 6.04552519157e-11, 1.42811621903e-11, 8.9609240167e-12, 1.22169557457e-11, 1.55422306969e-11, 3.1072772827e-11, 8.2429557971e-12, 6.01496370073e-12, 4.65915110312e-12, 2.70373719073e-12],
        "max": [0.0717614740133, 0.0445865094662, 0.0402770936489, 0.0179177932441, 0.0102728512138, 0.00581684336066, 0.00389603548683, 0.00366392917931, 0.00390100060031, 0.00562317715958, 0.00304503110237, 0.00292252190411, 0.00129205046687, 0.000645568885375, 0.000269343756372, 0.000255300838035, 0.000401553232223, 0.00116313353647, 0.00166948721744, 0.00116248591803, 0.00106944632716, 0.000374666327843, 0.000114144728286, 0.000137716531754, 6.91827008268e-05, 7.77830573497e-05, 8.09503981145e-05, 0.000121826771647, 4.13315319747e-05, 5.14366693096e-05, 5.2411298384e-05, 4.54907058156e-05, 3.17023077514e-05, 2.51506444329e-05, 2.90900970867e-05, 3.95799979742e-05, 2.37398289755e-05, 2.43885588134e-05, 2.02225273824e-05, 1.23157724374e-05],
        "mean": [0.00828822609037, 0.00461018551141, 0.00162870867644, 0.000843970337883, 0.000615725526586, 0.000404439953854, 0.000288164330414, 0.000238971100771, 0.000131980472361, 0.000131301989313, 6.70644731144e-05, 2.99647690554e-05, 2.66123734036e-05, 1.96524269995e-05, 1.26281511257e-05, 1.30008875203e-05, 2.17275010073e-05, 2.87306302198e-05, 3.32729578076e-05, 3.49032961822e-05, 3.72945360141e-05, 2.28514691116e-05, 1.06569605123e-05, 5.51717494091e-06, 3.48040885001e-06, 5.33788170287e-06, 5.55317046746e-06, 5.53033896722e-06, 2.20461311073e-06, 3.18464594784e-06, 2.39128075918e-06, 2.11334054256e-06, 1.81643065389e-06, 1.86271586244e-06, 1.89116076399e-06, 2.18500031224e-06, 1.62869889664e-06, 1.44538853419e-06, 1.20140714444e-06, 7.39628603696e-07],
        "median": [0.00290785566904, 0.00118475081399, 0.000578578212298, 0.000438708579168, 0.000243219023105, 0.000148935141624, 0.000115802860819, 7.98301334726e-05, 3.11004405376e-05, 3.25708533637e-05, 1.67234265973e-05, 6.77154775985e-06, 3.47930017597e-06, 4.68128064313e-06, 3.05703315462e-06, 3.62204673365e-06, 3.90746572521e-06, 6.63208174956e-06, 5.10751669935e-06, 8.78993614606e-06, 8.25675397209e-06, 6.80625362293e-06, 4.40098028776e-06, 2.06309209716e-06, 1.64000812219e-06, 2.26962447414e-06, 2.39069640884e-06, 1.61809998644e-06, 7.18521391718e-07, 7.27576264126e-07, 6.8368058237e-07, 7.47362832954e-07, 8.59174178913e-07, 8.32791386074e-07, 7.21226115274e-07, 6.48270088277e-07, 7.04668366325e-07, 7.07051412974e-07, 5.29099565938e-07, 2.97789796377e-07],
        "min": [3.00148639276e-09, 1.20042464857e-09, 1.65383581829e-10, 1.13660442169e-10, 2.99854641117e-10, 2.54974485969e-10, 8.36262795123e-11, 3.63785113144e-11, 3.65401979507e-11, 1.50511322156e-11, 4.25186587327e-11, 3.31324828684e-11, 2.01263814642e-11, 1.51834760043e-11, 1.58510357617e-11, 9.45949828884e-12, 1.11834135702e-11, 5.60460965832e-12, 7.06506641385e-12, 2.47312743201e-11, 1.322516055e-11, 5.81589767665e-12, 5.76708862957e-12, 4.54503830405e-11, 2.01313167525e-11, 2.11614822887e-11, 1.91315505105e-11, 9.47068812263e-12, 1.0290191442e-11, 5.34047892714e-12, 3.39980344224e-12, 1.70399100646e-12, 5.60424753479e-13, 5.58031539814e-13, 6.29784256429e-13, 3.81632144506e-13, 3.39996477153e-13, 2.83427225916e-13, 2.36022491698e-13, 2.25522549312e-13],
        "stdev": [0.012236549519, 0.00795459281653, 0.00430200388655, 0.00160846626386, 0.00114410719834, 0.000696848786902, 0.0004752947425, 0.000418203679146, 0.000298200786347, 0.000345915235812, 0.000211167047382, 0.000134200774482, 8.90577357495e-05, 4.623908535e-05, 2.59992611973e-05, 2.48995856964e-05, 4.64027834823e-05, 7.29902894818e-05, 9.42548867897e-05, 7.71933337091e-05, 9.36097494559e-05, 4.18635681854e-05, 1.57881950145e-05, 1.01164860098e-05, 5.7709326029e-06, 8.79985964275e-06, 8.83918528416e-06, 1.15870561785e-05, 4.14600754084e-06, 6.37922903479e-06, 4.91632408739e-06, 3.65837581739e-06, 2.74513763543e-06, 2.87333091364e-06, 3.16547607326e-06, 3.68033897757e-06, 2.4663881959e-06, 2.25729149861e-06, 2.02926753445e-06, 1.23015115605e-06],
        "var": [0.000149733139551, 6.32755400147e-05, 1.85072385648e-05, 2.58716363533e-06, 1.30898138195e-06, 4.85598263822e-07, 2.25905097295e-07, 1.748943248e-07, 8.89237128376e-08, 1.19657343589e-07, 4.459151981e-08, 1.80098496116e-08, 7.93128052123e-09, 2.13805306792e-09, 6.75961620011e-10, 6.19989393158e-10, 2.15321827035e-09, 5.32758193117e-09, 8.88398421495e-09, 5.95881122223e-09, 8.76278516415e-09, 1.75255832069e-09, 2.492670792e-10, 1.02343293562e-10, 3.33036619116e-11, 7.74375286117e-11, 7.81312028963e-11, 1.34259867113e-10, 1.71893783929e-11, 4.06945657727e-11, 2.41702421966e-11, 1.33837134084e-11, 7.53578102697e-12, 8.25603040794e-12, 1.00202381115e-11, 1.35448952401e-11, 6.08307067912e-12, 5.09536466839e-12, 4.11792648591e-12, 1.51327192964e-12]
    },
    "melbands128": {
