{
"lowlevel": {
    "average_loudness": 0.955178081989,
    "barkbands_crest": {
        "dmean": 2.3707318306,
        "dmean2": 3.23203372955,
        "dvar": 7.35708999634,
        "dvar2": 13.6118412018,
        "max": 26.3166179657,
        "mean": 17.2057704926,
        "median": 17.8756408691,
        "min": 2.14393758774,
        "stdev": 5.38437795639,
        "var": 28.99152565
    },
    "barkbands_flatness_db": {
        "dmean": 0.0360222160816,
        "dmean2": 0.0514230281115,
        "dvar": 0.0019865904469,
        "dvar2": 0.00441398425028,
        "max": 0.601007223129,
        "mean": 0.227620512247,
        "median": 0.199018165469,
        "min": 0.0335807874799,
        "stdev": 0.103314697742,
        "var": 0.0106739262119
    },
    "barkbands_kurtosis": {
        "dmean": 18.6102485657,
        "dmean2": 28.3453140259,
        "dvar": 1426.92602539,
        "dvar2": 3722.25048828,
        "max": 700.04095459,
        "mean": 32.9161605835,
        "median": 17.9346218109,
        "min": -1.93739438057,
        "stdev": 46.925239563,
        "var": 2201.97827148
    },
    "barkbands_skewness": {
        "dmean": 1.19041669369,
        "dmean2": 1.68834495544,
        "dvar": 1.92216670513,
        "dvar2": 4.4519610405,
        "max": 22.1014614105,
        "mean": 4.31575345993,
        "median": 3.90333628654,
        "min": -2.83285212517,
        "stdev": 2.42583680153,
        "var": 5.88468408585
    },
    "barkbands_spread": {
        "dmean": 5.54362773895,
        "dmean2": 8.21178340912,
        "dvar": 99.8965835571,
        "dvar2": 212.126358032,
        "max": 113.23021698,
        "mean": 13.1527605057,
        "median": 9.46267223358,
        "min": 0.144110307097,
        "stdev": 14.3411207199,
        "var": 205.667755127
    },
    "dissonance": {
        "dmean": 0.0187087412924,
        "dmean2": 0.0305957868695,
        "dvar": 0.000461872521555,
        "dvar2": 0.00106493534986,
        "max": 0.500000059605,
        "mean": 0.463878035545,
        "median": 0.475951910019,
        "min": 0.162514716387,
        "stdev": 0.0346573591232,
        "var": 0.00120113242883
    },
    "dynamic_complexity": 1.89611876011,
    "erbbands_crest": {
        "dmean": 2.43762803078,
        "dmean2": 3.92895030975,
        "dvar": 7.53851604462,
        "dvar2": 18.1999664307,
        "max": 24.4250106812,
        "mean": 7.65770626068,
        "median": 6.30355930328,
        "min": 2.28037047386,
        "stdev": 4.28185415268,
        "var": 18.334274292
    },
    "erbbands_flatness_db": {
        "dmean": 0.0179660543799,
        "dmean2": 0.0278167054057,
        "dvar": 0.000616421573795,
        "dvar2": 0.00142135040369,
        "max": 0.407287150621,
        "mean": 0.137145489454,
        "median": 0.11391479522,
        "min": 0.0525859221816,
        "stdev": 0.0577928088605,
        "var": 0.00334000890143
    },
    "erbbands_kurtosis": {
        "dmean": 1.71180009842,
        "dmean2": 2.72553372383,
        "dvar": 16.64311409,
        "dvar2": 40.5472602844,
        "max": 59.9091110229,
        "mean": 1.07158792019,
        "median": -0.509780883789,
        "min": -1.79279100895,
        "stdev": 4.62221574783,
        "var": 21.3648796082
    },
    "erbbands_skewness": {
        "dmean": 0.50507491827,
        "dmean2": 0.76713770628,
        "dvar": 0.443776756525,
        "dvar2": 0.938269793987,
        "max": 7.03352594376,
        "mean": 0.43586602807,
        "median": 0.140785157681,
        "min": -3.26389956474,
        "stdev": 1.09671962261,
        "var": 1.20279383659
    },
    "erbbands_spread": {
        "dmean": 12.2773857117,
        "dmean2": 18.9540786743,
        "dvar": 247.864242554,
        "dvar2": 591.046081543,
        "max": 180.74307251,
        "mean": 54.920124054,
        "median": 54.2655601501,
        "min": 2.72613883018,
        "stdev": 27.2509593964,
        "var": 742.614807129
    },
    "hfc": {
        "dmean": 8.86697387695,
        "dmean2": 12.6163520813,
        "dvar": 199.255874634,
        "dvar2": 402.395904541,
        "max": 142.482391357,
        "mean": 26.8334903717,
        "median": 24.0362071991,
        "min": 0.00150907377247,
        "stdev": 22.1330318451,
        "var": 489.871124268
    },
    "loudness_ebu128": {
        "integrated": -9.61752605438,
        "loudness_range": 2.68972682953,
        "momentary": {
            "dmean": 0.571497142315,
            "dmean2": 0.840718865395,
            "dvar": 0.477925747633,
            "dvar2": 1.04795539379,
            "max": -7.26722383499,
            "mean": -9.91112709045,
            "median": -9.95934200287,
            "min": -16.0853691101,
            "stdev": 1.69612252712,
            "var": 2.87683176994
        },
        "short_term": {
            "dmean": 0.0625934228301,
            "dmean2": 0.0714573338628,
            "dvar": 0.00286958646029,
            "dvar2": 0.00624794512987,
            "max": -7.84584712982,
            "mean": -9.79996871948,
            "median": -10.2589950562,
            "min": -11.6074066162,
            "stdev": 1.0661547184,
            "var": 1.13668584824
        }
    },
    "melbands_crest": {
        "dmean": 2.918664217,
        "dmean2": 4.42242288589,
        "dvar": 11.2204332352,
        "dvar2": 28.8013477325,
        "max": 34.8057594299,
        "mean": 24.3111476898,
        "median": 25.3451766968,
        "min": 3.11267757416,
        "stdev": 6.49652671814,
        "var": 42.2048606873
    },
    "melbands_flatness_db": {
        "dmean": 0.0406199879944,
        "dmean2": 0.0572019219398,
        "dvar": 0.00264737964608,
        "dvar2": 0.00571287283674,
        "max": 0.733828306198,
        "mean": 0.319232076406,
        "median": 0.286459416151,
        "min": 0.0330093279481,
        "stdev": 0.127205759287,
        "var": 0.0161813069135
    },
    "melbands_kurtosis": {
        "dmean": 33.9835205078,
        "dmean2": 50.9101524353,
        "dvar": 2603.91064453,
        "dvar2": 6605.36962891,
        "max": 549.770568848,
        "mean": 75.1490936279,
        "median": 54.2017402649,
        "min": -1.6468231678,
        "stdev": 72.2377853394,
        "var": 5218.29785156
    },
    "melbands_skewness": {
        "dmean": 1.47040915489,
        "dmean2": 2.15370631218,
        "dvar": 2.65346336365,
        "dvar2": 6.59645366669,
        "max": 18.9627990723,
        "mean": 6.37510204315,
        "median": 6.1797785759,
        "min": -1.03242230415,
        "stdev": 2.9385843277,
        "var": 8.63527774811
    },
    "melbands_spread": {
        "dmean": 4.00421953201,
        "dmean2": 6.01499509811,
        "dvar": 99.4445495605,
        "dvar2": 215.962142944,
        "max": 220.850753784,
        "mean": 9.18835353851,
        "median": 5.37192869186,
        "min": 0.24115896225,
        "stdev": 15.3592615128,
        "var": 235.906921387
    },
    "pitch_salience": {
        "dmean": 0.0867975875735,
        "dmean2": 0.132629707456,
        "dvar": 0.0120775289834,
        "dvar2": 0.0285738166422,
        "max": 0.863934218884,
        "mean": 0.348294228315,
        "median": 0.329910635948,
        "min": 0.0560676604509,
        "stdev": 0.163131996989,
        "var": 0.026612047106
    },
    "silence_rate_20dB": {
        "dmean": 0.0061919502914,
        "dmean2": 0.0123934932053,
        "dvar": 0.00615360494703,
        "dvar2": 0.0184367001057,
        "max": 1,
        "mean": 0.996906399727,
        "median": 1,
        "min": 0,
        "stdev": 0.0555337704718,
        "var": 0.00308399950154
    },
    "silence_rate_30dB": {
        "dmean": 0.088235296309,
        "dmean2": 0.175058096647,
        "dvar": 0.080448769033,
        "dvar2": 0.176942721009,
        "max": 1,
        "mean": 0.501933515072,
        "median": 1,
        "min": 0,
        "stdev": 0.499998897314,
        "var": 0.249998912215
    },
    "silence_rate_60dB": {
        "dmean": 0.00464396271855,
        "dmean2": 0.00929511990398,
        "dvar": 0.00462234485894,
        "dvar2": 0.0123072620481,
        "max": 1,
        "mean": 0.00386697612703,
        "median": 0,
        "min": 0,
        "stdev": 0.0620639696717,
        "var": 0.00385193619877
    },
    "spectral_centroid": {
        "dmean": 293.678314209,
        "dmean2": 435.511047363,
        "dvar": 157477.953125,
        "dvar2": 285470.46875,
        "max": 4876.75634766,
        "mean": 1224.0814209,
        "median": 1062.74768066,
        "min": 101.848640442,
        "stdev": 877.758056641,
        "var": 770459.1875
    },
    "spectral_complexity": {
        "dmean": 4.41873073578,
        "dmean2": 6.64523601532,
        "dvar": 20.6567211151,
        "dvar2": 43.9933815002,
        "max": 61,
        "mean": 20.0402164459,
        "median": 17,
        "min": 0,
        "stdev": 13.4600200653,
        "var": 181.172134399
    },
    "spectral_decrease": {
        "dmean": 7.04998770473e-09,
        "dmean2": 1.04526884925e-08,
        "dvar": 1.35466574824e-16,
        "dvar2": 3.04843901934e-16,
        "max": -2.94867927818e-12,
        "mean": -2.71354902992e-08,
        "median": -2.59891859145e-08,
        "min": -1.07290247797e-07,
        "stdev": 1.90288371726e-08,
        "var": 3.62096658784e-16
    },
    "spectral_energy": {
        "dmean": 0.0269121192396,
        "dmean2": 0.0398988872766,
        "dvar": 0.00195353594609,
        "dvar2": 0.00439492659643,
        "max": 0.408437311649,
        "mean": 0.104849420488,
        "median": 0.100503563881,
        "min": 1.1265793546e-05,
        "stdev": 0.0724816694856,
        "var": 0.00525359204039
    },
    "spectral_energyband_high": {
        "dmean": 0.000765020726249,
        "dmean2": 0.00111092859879,
        "dvar": 2.239671403e-06,
        "dvar2": 4.59625198346e-06,
        "max": 0.0173583794385,
        "mean": 0.00165288941935,
        "median": 0.0010933058802,
        "min": 9.58785548733e-08,
        "stdev": 0.00212338683195,
        "var": 4.50877178082e-06
    },
    "spectral_energyband_low": {
        "dmean": 0.0254837051034,
        "dmean2": 0.037735607475,
        "dvar": 0.00208025542088,
        "dvar2": 0.00479988846928,
        "max": 0.404256820679,
        "mean": 0.0906662940979,
        "median": 0.0844473615289,
        "min": 1.70167663782e-06,
        "stdev": 0.070763669908,
        "var": 0.00500749656931
    },
    "spectral_energyband_middle_high": {
        "dmean": 0.00139651959762,
        "dmean2": 0.00215021288022,
        "dvar": 6.16965689915e-06,
        "dvar2": 1.20472668641e-05,
        "max": 0.0312105398625,
        "mean": 0.00340328668244,
        "median": 0.00229399418458,
        "min": 4.99408976395e-08,
        "stdev": 0.00409420253709,
        "var": 1.67624948517e-05
    },
    "spectral_energyband_middle_low": {
        "dmean": 0.00830039940774,
        "dmean2": 0.0142461210489,
        "dvar": 0.00028802032466,
        "dvar2": 0.000767610559706,
        "max": 0.159371867776,
        "mean": 0.0113378604874,
        "median": 0.00742721557617,
        "min": 6.51530456253e-07,
        "stdev": 0.0150115387514,
        "var": 0.000225346302614
    },
    "spectral_entropy": {
        "dmean": 0.254381388426,
        "dmean2": 0.381895512342,
        "dvar": 0.148723050952,
        "dvar2": 0.326181024313,
        "max": 8.80325317383,
        "mean": 7.47622013092,
        "median": 7.80167865753,
        "min": 4.23126745224,
        "stdev": 0.836638629436,
        "var": 0.699964165688
    },
    "spectral_flux": {
        "dmean": 0.0450508408248,
        "dmean2": 0.0617289803922,
        "dvar": 0.00347690843046,
        "dvar2": 0.0058007678017,
        "max": 0.501464784145,
        "mean": 0.126573786139,
        "median": 0.0876448899508,
        "min": 0.00335645559244,
        "stdev": 0.0992581993341,
        "var": 0.00985218957067
    },
    "spectral_kurtosis": {
        "dmean": 3.43199276924,
        "dmean2": 5.63719081879,
        "dvar": 92.0994949341,
        "dvar2": 234.261764526,
        "max": 156.08605957,
        "mean": 6.65923690796,
        "median": 2.07660245895,
        "min": -1.07843255997,
        "stdev": 13.0226421356,
        "var": 169.589202881
    },
    "spectral_rms": {
        "dmean": 0.00124261924066,
        "dmean2": 0.00174269464333,
        "dvar": 3.01277668768e-06,
        "dvar2": 6.06240837442e-06,
        "max": 0.019961848855,
        "mean": 0.00943079963326,
        "median": 0.0099021345377,
        "min": 0.000104838058178,
        "stdev": 0.00365406018682,
        "var": 1.33521552925e-05
    },
    "spectral_rolloff": {
        "dmean": 310.81427002,
        "dmean2": 518.982543945,
        "dvar": 1306441.875,
        "dvar2": 2741189,
        "max": 11929.3945312,
        "mean": 560.495910645,
        "median": 129.19921875,
        "min": 64.599609375,
        "stdev": 1554.33483887,
        "var": 2415956.75
    },
    "spectral_skewness": {
        "dmean": 0.361149758101,
        "dmean2": 0.554559290409,
        "dvar": 0.408795535564,
        "dvar2": 1.01779401302,
        "max": 10.6906137466,
        "mean": 1.6676864624,
        "median": 1.18843388557,
        "min": -0.195020496845,
        "stdev": 1.2514103651,
        "var": 1.56602776051
    },
    "spectral_spread": {
        "dmean": 705229.625,
        "dmean2": 1034319.5,
        "dvar": 1.22251889869e+12,
        "dvar2": 2.17788855091e+12,
        "max": 27793512,
        "mean": 5318515,
        "median": 4965797.5,
        "min": 929320.8125,
        "stdev": 2402358.75,
        "var": 5.7713271767e+12
    },
    "spectral_strongpeak": {
        "dmean": 0.231725215912,
        "dmean2": 0.38140976429,
        "dvar": 0.233833968639,
        "dvar2": 0.653239071369,
        "max": 7.26171112061,
        "mean": 0.694436788559,
        "median": 0.639653384686,
        "min": 0,
        "stdev": 0.485671132803,
        "var": 0.235876455903
    },
    "zerocrossingrate": {
        "dmean": 0.00961898919195,
        "dmean2": 0.0110027808696,
        "dvar": 0.000264789123321,
        "dvar2": 0.000323052401654,
        "max": 0.39794921875,
        "mean": 0.0374322533607,
        "median": 0.029296875,
        "min": 0.0009765625,
        "stdev": 0.0416129417717,
        "var": 0.00173163693398
    },
    "barkbands": {
        "dmean": [0.00177449767943, 0.0209901966155, 0.0119091793895, 0.00428395811468, 0.00314657227136, 0.00144841521978, 0.000745983386878, 0.000459618575405, 0.000348713045241, 0.000297423626762, 0.000282657361822, 0.000218935354496, 0.000290232826956, 0.000285909714876, 0.000204637806746, 0.000194720530999, 0.000137239709147, 0.000162180425832, 0.000150901978486, 0.00017019380175, 0.000197775865672, 0.000156954192789, 0.000133421242936, 0.000123382269521, 0.000156919981237, 5.47924173588e-05, 5.41061081094e-06],
        "dmean2": [0.00214574253187, 0.0284566935152, 0.0199420060962, 0.00800359621644, 0.00553486915305, 0.00242654210888, 0.00125480350107, 0.000756415945943, 0.000545711198356, 0.000506206590217, 0.00046047163778, 0.000363297964213, 0.000472653890029, 0.000466538069304, 0.00035224610474, 0.00032509592711, 0.000223115770495, 0.000259603635641, 0.000251448451309, 0.000268459611107, 0.000318272359436, 0.000238987180637, 0.000203045987291, 0.000192234801943, 0.000231762474868, 8.00885900389e-05, 8.61846092448e-06],
        "dvar": [6.43959401714e-06, 0.00142776186112, 0.000989423249848, 0.000139413954457, 5.09737765242e-05, 1.13548403533e-05, 1.4798574739e-06, 5.56608711122e-07, 3.51025704504e-07, 2.59264481883e-07, 2.48053765972e-07, 1.57440354087e-07, 4.22038027637e-07, 4.37396380448e-07, 3.04096204218e-07, 1.67154126984e-07, 7.51222231088e-08, 7.16177552817e-08, 6.6974848778e-08, 6.87518948439e-08, 9.45181781731e-08, 7.63140448612e-08, 7.26014235397e-08, 1.07815097294e-07, 2.54242706887e-07, 2.79303122852e-08, 3.03004843438e-10],
        "dvar2": [1.1792377336e-05, 0.00292590400204, 0.00255483784713, 0.000404350925237, 0.000141016033012, 2.90714924631e-05, 3.77678793484e-06, 1.45843216615e-06, 8.37163952383e-07, 6.96074721418e-07, 6.52530673051e-07, 3.70869884136e-07, 1.0080825632e-06, 1.02744468222e-06, 7.67881033426e-07, 4.27609620601e-07, 1.87417768416e-07, 1.72709377466e-07, 1.70195235683e-07, 1.71817660544e-07, 2.24106173619e-07, 1.8317561512e-07, 1.65502825666e-07, 2.46709419116e-07, 5.34150842668e-07, 6.29552872056e-08, 7.46429751342e-10],
        "max": [0.0437949448824, 0.355135440826, 0.265867322683, 0.119726419449, 0.0588336028159, 0.0354035682976, 0.0147544862702, 0.00965811219066, 0.0100423367694, 0.00500712590292, 0.0053033628501, 0.00658213440329, 0.00730197317898, 0.00865990482271, 0.00691170385107, 0.0061792973429, 0.00447787810117, 0.00301664043218, 0.00299863587134, 0.00291956588626, 0.00358623312786, 0.00473543116823, 0.00296564283781, 0.00401806551963, 0.00675724633038, 0.00245916726999, 0.000209201942198],
        "mean": [0.00714205019176, 0.0676362887025, 0.0137414364144, 0.00390740483999, 0.00335464719683, 0.00175367225893, 0.00099401245825, 0.000695661234204, 0.000525315350387, 0.00039400375681, 0.000388802582165, 0.000357133540092, 0.000408098334447, 0.000397114781663, 0.000305971538182, 0.000272114208201, 0.000211848717299, 0.000272769859293, 0.000288403854938, 0.000343112944392, 0.000417052826378, 0.000303000037093, 0.000225106210564, 0.000193409228814, 0.000228283097385, 8.70870717335e-05, 5.72833369006e-06],
        "median": [0.00335839088075, 0.0508793592453, 0.00625756941736, 0.00115985586308, 0.00125845172442, 0.000654567964375, 0.000443126016762, 0.000258297484834, 0.000242248963332, 0.000183323543752, 0.000178159563802, 0.00018537134747, 0.000176173445652, 0.000189563783351, 0.000133018576889, 0.000109523753054, 0.000112348257971, 0.000141292664921, 0.000142809789395, 0.000158950861078, 0.000228608929319, 0.000198908121092, 0.000122415280202, 7.64954529586e-05, 4.43846111011e-05, 1.13140695248e-05, 1.62940153814e-07],
        "min": [2.13399875548e-09, 3.75455400103e-08, 1.18860981502e-07, 2.09997566003e-07, 1.12328955026e-07, 4.54577104847e-08, 1.24839196758e-08, 2.18594253809e-09, 1.37407274448e-09, 5.01397945385e-09, 1.89024884634e-09, 8.16624812217e-09, 4.27204049913e-09, 7.15377668215e-09, 5.19033838131e-09, 3.94265198267e-09, 1.1794767385e-09, 3.18261617061e-09, 4.07669498159e-09, 8.08985767264e-09, 9.79853886918e-09, 1.53304409167e-08, 1.21599885716e-08, 6.14424244816e-09, 7.82316522674e-09, 3.29551474998e-09, 1.79864922869e-12],
        "stdev": [0.0087687605992, 0.0600676909089, 0.0277498494834, 0.00899525173008, 0.00630155671388, 0.00343995844014, 0.00141844013706, 0.00107680726796, 0.000776609522291, 0.000577190425247, 0.000588031020015, 0.000526573043317, 0.000794379971921, 0.000762108014897, 0.000664610881358, 0.00047765581985, 0.000329198723193, 0.000365165178664, 0.000376302603399, 0.000425182632171, 0.000503262679558, 0.000367495900718, 0.000337885401677, 0.000380739511456, 0.000614058284555, 0.000211181119084, 1.87987334357e-05],
        "var": [7.68911704654e-05, 0.00360812759027, 0.000770054117311, 8.09145494713e-05, 3.97096155211e-05, 1.18333136925e-05, 2.01197235583e-06, 1.15951377211e-06, 6.03122316534e-07, 3.33148818754e-07, 3.4578050645e-07, 2.77279184502e-07, 6.31039540622e-07, 5.8080860299e-07, 4.4170764113e-07, 2.28155073501e-07, 1.08371807528e-07, 1.33345608333e-07, 1.41603649695e-07, 1.80780261871e-07, 2.53273299222e-07, 1.35053227268e-07, 1.14166553544e-07, 1.44962584159e-07, 3.77067578938e-07, 4.45974634999e-08, 3.53392398678e-10]
    },
    "erbbands": {
        "dmean": [0.699532568455, 5.10586881638, 13.2545595169, 13.840133667, 11.001616478, 10.8280391693, 12.0860290527, 10.5165081024, 9.4330034256, 12.3884916306, 7.33778381348, 7.9478726387, 8.21769618988, 9.89142894745, 10.2407054901, 8.84378623962, 13.0865526199, 14.7466135025, 10.1943283081, 11.3613290787, 8.40231895447, 7.37184143066, 8.86781978607, 8.2933177948, 7.7917675972, 7.78028535843, 8.49777507782, 7.56813812256, 5.977039814, 4.81896448135, 3.67649745941, 2.6771697998, 2.13348317146, 1.77448630333, 1.12068235874, 0.326638132334, 0.0854426324368, 0.0184107776731, 0.000567247509025, 3.93871523556e-05],
        "dmean2": [0.904526948929, 6.95616674423, 20.8226947784, 24.2399635315, 20.0069618225, 19.2452812195, 20.4175834656, 18.1231536865, 16.2947673798, 20.3849849701, 11.8490619659, 12.5221824646, 13.9365272522, 16.3766651154, 16.8252086639, 14.5017242432, 21.2920589447, 23.7673587799, 17.1125907898, 18.2928256989, 13.7662668228, 12.004160881, 14.5224847794, 13.7632980347, 12.6524915695, 12.2603244781, 13.5191011429, 12.0901203156, 9.42218780518, 7.57047796249, 5.62825584412, 4.11777734756, 3.37858295441, 2.62510371208, 1.68595552444, 0.487322598696, 0.123645111918, 0.029331786558, 0.000884270411916, 5.83273176744e-05],
        "dvar": [1.41342592239, 95.6425476074, 1157.62585449, 1288.53051758, 689.723327637, 702.895874023, 731.50390625, 591.508972168, 273.804748535, 446.351287842, 119.710983276, 183.879547119, 207.44229126, 352.461608887, 389.86605835, 307.586181641, 842.101806641, 985.582702637, 566.985229492, 824.840087891, 232.44468689, 210.906799316, 194.470916748, 235.998016357, 207.221817017, 137.840332031, 194.674484253, 140.13710022, 112.242019653, 72.7201690674, 56.2600212097, 51.0432891846, 33.9175796509, 29.0786151886, 15.1390275955, 1.00561666489, 0.0601932182908, 0.00425369665027, 3.87631189369e-06, 4.0190419881e-09],
        "dvar2": [2.9064347744, 190.863204956, 2981.56176758, 3532.61083984, 1945.92773438, 1965.14440918, 1886.81408691, 1577.34155273, 742.995239258, 1064.59436035, 288.875305176, 438.842803955, 562.41796875, 946.46685791, 1013.08435059, 748.442565918, 2074.78637695, 2361.10107422, 1428.22265625, 1737.49047852, 592.117370605, 515.252441406, 494.158599854, 574.301940918, 531.295776367, 341.423614502, 479.660675049, 327.848449707, 270.44821167, 168.604232788, 129.347518921, 121.278091431, 76.0186767578, 57.3321266174, 34.3998641968, 2.23002791405, 0.130389600992, 0.0109946234152, 9.73850819719e-06, 9.32101063e-09],
        "max": [9.99066257477, 81.8001785278, 302.491607666, 368.069000244, 290.452148438, 265.766876221, 248.701721191, 246.00163269, 185.020462036, 365.88583374, 136.663757324, 217.09866333, 161.445846558, 213.849777222, 248.44581604, 341.285827637, 322.889038086, 399.594421387, 316.470062256, 373.404785156, 154.779495239, 205.542953491, 153.260757446, 224.415008545, 157.38973999, 120.638931274, 150.78805542, 129.231231689, 175.51852417, 104.782341003, 86.767616272, 119.176567078, 66.7268753052, 75.0000076294, 54.03150177, 14.0183887482, 3.58370876312, 1.2361010313, 0.0332139767706, 0.000872140924912],
        "mean": [2.71275663376, 11.9179029465, 18.2108058929, 14.4933748245, 10.604593277, 11.8234758377, 14.8852672577, 12.2270717621, 11.7288770676, 19.6936473846, 11.3999567032, 12.0042982101, 10.9432010651, 14.3802900314, 14.8065500259, 14.7494029999, 19.1738986969, 20.8093795776, 16.8476772308, 17.0732440948, 13.045214653, 12.2700748444, 14.6770172119, 14.8380918503, 15.018447876, 16.0537643433, 16.4275417328, 15.8641357422, 11.4459886551, 8.76268291473, 6.11617803574, 4.07122421265, 3.31611800194, 2.61575078964, 1.55219089985, 0.502007901669, 0.137347921729, 0.0239964295179, 0.000739952491131, 0.000137579583679],
        "median": [2.26663756371, 7.86710786819, 8.25882530212, 6.56833076477, 4.49938964844, 3.69212222099, 4.61052656174, 5.19436359406, 5.80013942719, 7.95341587067, 5.98507595062, 5.87941598892, 5.84044456482, 6.71906042099, 7.19632577896, 7.83300352097, 8.98203086853, 10.2907390594, 9.10818958282, 8.15087985992, 6.42323732376, 7.09849309921, 8.45833969116, 8.49888896942, 7.22383737564, 7.32149839401, 8.039727211, 9.52047538757, 7.33515834808, 5.53221988678, 3.29080986977, 1.73099911213, 1.21494877338, 0.627522945404, 0.244455009699, 0.0683118775487, 0.0180439744145, 0.00184511637781, 0.000109980050183, 0.000131426480948],
        "min": [3.86294823329e-06, 0.000121716111607, 0.000435596710304, 0.000933189934585, 0.000942609389313, 0.000207997567486, 0.000180546514457, 0.0004176334769, 0.0002754596062, 7.57440720918e-05, 4.2602619942e-05, 2.9012626328e-05, 0.000121935190691, 0.000131983586471, 0.000116614850413, 0.000344546162523, 0.000191467726836, 0.000313026655931, 0.000356150296284, 0.000284236768493, 0.000129872889374, 8.07600517874e-05, 0.000181895666174, 0.000119173731946, 0.000362817314453, 0.000331799965352, 0.000219409630517, 0.000535333878361, 0.000641217746306, 0.000390172092011, 0.000344768166542, 0.000163216041983, 0.000163988006534, 0.000133355439175, 6.52130329399e-05, 2.99412386084e-05, 1.05523977254e-05, 1.34615311254e-06, 9.03216488268e-08, 1.56760773251e-08],
        "stdev": [2.53058457375, 13.5225515366, 31.8802433014, 29.2554187775, 21.1667003632, 23.9663963318, 28.4914016724, 22.1864299774, 16.2423019409, 28.3531131744, 14.6042995453, 17.7273025513, 15.4518709183, 22.8541889191, 22.6551551819, 21.9935779572, 34.7334365845, 36.1942367554, 30.0801048279, 35.6294326782, 19.3121814728, 18.061000824, 18.7206630707, 20.2932052612, 20.3171081543, 19.6452598572, 20.9411849976, 18.8285770416, 13.9052200317, 11.4518489838, 9.2826757431, 7.92210817337, 6.96969747543, 6.99635505676, 4.32870531082, 1.25186026096, 0.323718309402, 0.0687303543091, 0.00210463488474, 9.32394032134e-05],
        "var": [6.40385818481, 182.859390259, 1016.34985352, 855.879516602, 448.02923584, 574.388183594, 811.75994873, 492.237640381, 263.81237793, 803.899047852, 213.285552979, 314.257263184, 238.760314941, 522.313964844, 513.25604248, 483.717468262, 1206.41149902, 1310.02270508, 904.812744141, 1269.45654297, 372.960357666, 326.199737549, 350.463226318, 411.814178467, 412.784851074, 385.936218262, 438.53326416, 354.515289307, 193.355133057, 131.144836426, 86.1680603027, 62.7597999573, 48.5766830444, 48.9489860535, 18.7376899719, 1.56715416908, 0.104793541133, 0.00472386181355, 4.42948794444e-06, 8.69358629529e-09]
    },
    "gfcc": {
        "mean": [5.96206760406, 97.1584777832, -80.8798522949, 49.483379364, -43.0426597595, 26.6686668396, -25.9737110138, 12.2653264999, -12.8276233673, 10.2844591141, -9.85848331451, 0.970577061176, -8.94680976868],
        "cov": [[7753.93261719, -3008.69702148, -1355.29284668, 1127.12756348, -994.313537598, 660.805847168, -5.26632976532, 309.976287842, -535.409423828, 272.638122559, -419.111206055, 288.454711914, -156.608764648], [-3008.69702148, 2580.55004883, 403.573150635, -369.879180908, 744.147460938, -347.320831299, 306.203826904, -192.936172485, 341.400939941, -175.788162231, 421.831695557, -177.852661133, 172.378341675], [-1355.29284668, 403.573150635, 1681.21850586, -34.7012443542, 277.019744873, 18.8386631012, -195.930038452, -43.8485412598, 69.5156402588, -56.6050033569, -128.654754639, 10.0259571075, 17.5031890869], [1127.12756348, -369.879180908, -34.7012443542, 575.140991211, -55.4577445984, 155.037277222, 112.75592804, 64.476348877, -21.3529281616, 25.9820137024, -17.987745285, 30.0752372742, 17.9794368744], [-994.313537598, 744.147460938, 277.019744873, -55.4577445984, 546.383361816, -31.0181465149, 111.155593872, 16.6810359955, 142.738937378, -6.19469070435, 175.116104126, -29.2219638824, 49.0969810486], [660.805847168, -347.320831299, 18.8386631012, 155.037277222, -31.0181465149, 224.994781494, 47.39503479, 66.2633514404, -8.30188751221, 58.9398956299, -34.6103630066, 29.5027809143, -19.2240543365], [-5.26632976532, 306.203826904, -195.930038452, 112.75592804, 111.155593872, 47.39503479, 288.672058105, 28.0336418152, 65.4161758423, 24.6876602173, 129.759735107, -22.8754653931, 51.0485267639], [309.976287842, -192.936172485, -43.8485412598, 64.476348877, 16.6810359955, 66.2633514404, 28.0336418152, 121.855735779, 31.1960086823, 51.0145683289, -7.29098701477, 32.7204170227, -8.54360103607], [-535.409423828, 341.400939941, 69.5156402588, -21.3529281616, 142.738937378, -8.30188751221, 65.4161758423, 31.1960086823, 168.962615967, 17.4498558044, 77.6141433716, -12.0319643021, 24.2880706787], [272.638122559, -175.788162231, -56.6050033569, 25.9820137024, -6.19469070435, 58.9398956299, 24.6876602173, 51.0145683289, 17.4498558044, 98.0455780029, 16.1382598877, 28.1694927216, -7.8159828186], [-419.111206055, 421.831695557, -128.654754639, -17.987745285, 175.116104126, -34.6103630066, 129.759735107, -7.29098701477, 77.6141433716, 16.1382598877, 191.580535889, -17.415145874, 45.707698822], [288.454711914, -177.852661133, 10.0259571075, 30.0752372742, -29.2219638824, 29.5027809143, -22.8754653931, 32.7204170227, -12.0319643021, 28.1694927216, -17.415145874, 86.2812957764, 12.2720508575], [-156.608764648, 172.378341675, 17.5031890869, 17.9794368744, 49.0969810486, -19.2240543365, 51.0485267639, -8.54360103607, 24.2880706787, -7.8159828186, 45.707698822, 12.2720508575, 86.6137466431]],
        "icov": [[0.000571385025978, -0.000229196273722, 0.000457335292595, -0.000836713879835, 0.000271092081675, -0.000819225038867, 0.00027952218079, -0.000528540753294, 0.00133490713779, -0.000875807018019, 0.000757508329116, -0.000914617674425, 0.000294645957183], [-0.000229196273722, 0.00258671957999, -0.000706683029421, 0.00119233934674, -0.0013103998499, 0.00195151229855, -0.00200189650059, 0.00225505442359, -0.00297601660714, 0.0029861505609, -0.00222317036241, 0.00157629454043, -0.00103506783489], [0.000457335292595, -0.000706683029421, 0.00146497646347, -0.000956007861532, -0.000462073250674, -0.00135984225199, 0.00126938323956, -3.99643031415e-05, 0.000948413508013, -0.00120372360107, 0.00241516157985, -0.00112905155402, -0.000145354468259], [-0.000836713879835, 0.00119233934674, -0.000956007861532, 0.00394975207746, -0.000472205894766, 0.000415692833485, -0.00205633812584, 0.000691262364853, -0.00232847291045, 0.00291368691251, -0.00166521663778, 0.00145043293014, -0.0012833570363], [0.000271092081675, -0.0013103998499, -0.000462073250674, -0.000472205894766, 0.00460705161095, -0.00123877369333, 0.000746058300138, -0.00282707205042, 0.000976955285296, -0.000501771864947, -0.00249593658373, -0.000445101439254, 0.000745473022107], [-0.000819225038867, 0.00195151229855, -0.00135984225199, 0.000415692833485, -0.00123877369333, 0.00984291452914, -0.00346659775823, 0.000597313104663, -0.00289894966409, -0.000273456855211, -0.000529495591763, 0.00132346095052, 0.000692419940606], [0.00027952218079, -0.00200189650059, 0.00126938323956, -0.00205633812584, 0.000746058300138, -0.00346659775823, 0.00875985249877, -0.00259900162928, 0.00179234554525, -0.00238529662602, -0.00159525999334, 0.00124615710229, -0.00200423365459], [-0.000528540753294, 0.00225505442359, -3.99643031415e-05, 0.000691262364853, -0.00282707205042, 0.000597313104663, -0.00259900162928, 0.0163731127977, -0.00643977429718, -0.00155230925884, 0.00142319814768, -0.00205725221895, 0.00050905108219], [0.00133490713779, -0.00297601660714, 0.000948413508013, -0.00232847291045, 0.000976955285296, -0.00289894966409, 0.00179234554525, -0.00643977429718, 0.0148186534643, -0.00546647142619, 0.00114788755309, -0.00167630543001, 0.00072245800402], [-0.000875807018019, 0.0029861505609, -0.00120372360107, 0.00291368691251, -0.000501771864947, -0.000273456855211, -0.00238529662602, -0.00155230925884, -0.00546647142619, 0.0204435884953, -0.00680209044367, -0.00081780256005, 0.000671472051181], [0.000757508329116, -0.00222317036241, 0.00241516157985, -0.00166521663778, -0.00249593658373, -0.000529495591763, -0.00159525999334, 0.00142319814768, 0.00114788755309, -0.00680209044367, 0.0167770981789, -0.00247471570037, -0.00140893843491], [-0.000914617674425, 0.00157629454043, -0.00112905155402, 0.00145043293014, -0.000445101439254, 0.00132346095052, 0.00124615710229, -0.00205725221895, -0.00167630543001, -0.00081780256005, -0.00247471570037, 0.018440566957, -0.00616571027786], [0.000294645957183, -0.00103506783489, -0.000145354468259, -0.0012833570363, 0.000745473022107, 0.000692419940606, -0.00200423365459, 0.00050905108219, 0.00072245800402, 0.000671472051181, -0.00140893843491, -0.00616571027786, 0.0168717429042]]
    },
    "melbands": {
        "dmean": [0.00591250229627, 0.00580068957061, 0.00219982722774, 0.0007369708037, 0.000425177102443, 0.000243103771936, 0.000148088685819, 0.00013022866915, 5.86657624808e-05, 5.09983765369e-05, 4.23412529926e-05, 4.06492727052e-05, 3.30306284013e-05, 2.31596804952e-05, 2.83410881821e-05, 3.38158715749e-05, 2.88841365546e-05, 1.77880483534e-05, 1.66101490322e-05, 1.75558725459e-05, 8.68797087605e-06, 8.21513549454e-06, 8.24723611004e-06, 7.42742713555e-06, 7.28205077394e-06, 5.82093298362e-06, 6.34146681477e-06, 5.52010396859e-06, 5.5395353229e-06, 5.49243213754e-06, 4.41902602688e-06, 3.85511566492e-06, 2.85351006823e-06, 2.77983326669e-06, 2.30462774198e-06, 1.88292938219e-06, 1.63646518558e-06, 1.52434961365e-06, 1.52623601934e-06, 1.56425426212e-06],
        "dmean2": [0.00763977877796, 0.00821701996028, 0.00379919656552, 0.00131228927057, 0.000728597922716, 0.000415192829678, 0.000250982790021, 0.000213444262045, 9.39591482165e-05, 8.09802077129e-05, 7.21449760022e-05, 6.72450769343e-05, 5.43006972293e-05, 3.77227370336e-05, 4.66663805128e-05, 5.45278053323e-05, 4.73088766739e-05, 2.96821781376e-05, 2.86522463284e-05, 2.94444744213e-05, 1.44802897921e-05, 1.32615905386e-05, 1.36307899083e-05, 1.21238026622e-05, 1.22568426377e-05, 9.60018678597e-06, 1.05515773612e-05, 8.9060749815e-06, 8.79484377947e-06, 9.04082844499e-06, 7.17571992936e-06, 6.22305287834e-06, 4.50748257208e-06, 4.40555731984e-06, 3.60965236723e-06, 2.87604143523e-06, 2.60129854723e-06, 2.45081218964e-06, 2.37519407165e-06, 2.29702095567e-06],
        "dvar": [0.000101969380921, 0.000164742101333, 3.01233430946e-05, 2.84584962174e-06, 9.24161327021e-07, 3.09272195409e-07, 6.21327203021e-08, 4.82842175131e-08, 8.7814067129e-09, 8.10253375505e-09, 5.48404877065e-09, 5.58075230472e-09, 3.79747921997e-09, 2.13064388355e-09, 2.6283748511e-09, 6.08461325768e-09, 4.26191837377e-09, 1.70181768677e-09, 2.07671013719e-09, 1.59822488577e-09, 2.48624759669e-10, 2.87799117871e-10, 1.86947068936e-10, 1.58069834999e-10, 1.86953147407e-10, 1.1632735053e-10, 1.24779603317e-10, 6.80337106096e-11, 8.1345014058e-11, 7.31479390947e-11, 4.99504881901e-11, 4.8129018132e-11, 2.53204957001e-11, 2.64936961258e-11, 2.14256598574e-11, 1.86000728708e-11, 2.02311310066e-11, 1.75096274285e-11, 1.85576987805e-11, 2.35661594405e-11],
        "dvar2": [0.000214930609218, 0.000394966977183, 8.11993159004e-05, 7.90228659753e-06, 2.44324655796e-06, 8.14411578176e-07, 1.6715472384e-07, 1.1737828487e-07, 1.93653377778e-08, 1.97050855633e-08, 1.49406993444e-08, 1.50376955332e-08, 1.01519308515e-08, 5.06806907552e-09, 6.53655041205e-09, 1.40340672417e-08, 1.06234860908e-08, 4.23405976946e-09, 5.12573095079e-09, 3.84770837414e-09, 6.53174014875e-10, 7.02365554606e-10, 4.80733508557e-10, 3.99981464616e-10, 4.61569782395e-10, 3.03530867107e-10, 3.40921429975e-10, 1.64501232081e-10, 2.00052155397e-10, 1.8343486452e-10, 1.1755886542e-10, 1.19781198848e-10, 6.27951302068e-11, 6.16626055772e-11, 5.13459934293e-11, 4.30062409296e-11, 4.90678782328e-11, 4.14560295814e-11, 3.68110368576e-11, 4.69639570289e-11],
        "max": [0.0974139049649, 0.112246245146, 0.0546803325415, 0.0133682526648, 0.00932811480016, 0.00578864477575, 0.00250265421346, 0.00369183975272, 0.00134101731237, 0.00144135160372, 0.000801980379038, 0.000825690571219, 0.000785032869317, 0.000779500871431, 0.000882461725269, 0.000961274839938, 0.00090565480059, 0.00068729679333, 0.000693938345648, 0.000587924034335, 0.000178223475814, 0.000288811570499, 0.000165139426826, 0.000126187398564, 0.000198602749151, 0.000123639038065, 0.000144052537507, 7.75533771957e-05, 9.2520203907e-05, 8.30923308968e-05, 7.83881041571e-05, 0.000113128284283, 6.26674227533e-05, 6.60869773128e-05, 6.01446881774e-05, 6.37179691694e-05, 7.38692397135e-05, 5.85190646234e-05, 7.15905989637e-05, 6.88648651703e-05],
        "mean": [0.021118408069, 0.0112268105149, 0.00239805784076, 0.000770792772528, 0.00052586523816, 0.000288039358566, 0.00018915819237, 0.000210621452425, 8.94871991477e-05, 7.48358870624e-05, 5.41555673408e-05, 5.79924671911e-05, 4.67199315608e-05, 3.76328207494e-05, 4.13873567595e-05, 4.53494285466e-05, 3.82465659641e-05, 2.71746794169e-05, 2.44165385084e-05, 2.31540325331e-05, 1.31686028908e-05, 1.28632318592e-05, 1.2782248632e-05, 1.22713900055e-05, 1.19464775707e-05, 1.04221553556e-05, 1.11006183943e-05, 1.07260084405e-05, 9.84831149253e-06, 1.05994031401e-05, 8.55415146361e-06, 6.77947855365e-06, 5.19709965374e-06, 4.66808705823e-06, 3.72201884602e-06, 2.73971272691e-06, 2.38720645029e-06, 2.27194004765e-06, 2.29012948694e-06, 2.18752052206e-06],
        "median": [0.0184915196151, 0.00650470796973, 0.00118253519759, 0.000303453445667, 0.000175907625817, 0.000122422439745, 8.67244234541e-05, 8.09658959042e-05, 4.47458405688e-05, 3.49500623997e-05, 2.69426454906e-05, 2.57250794675e-05, 2.34960334637e-05, 1.85916796909e-05, 2.06799250009e-05, 1.50834730448e-05, 1.76435387402e-05, 1.40328802445e-05, 9.75177135842e-06, 8.26619998406e-06, 6.6497559601e-06, 6.53440974929e-06, 7.30157171347e-06, 6.48032437311e-06, 6.2808144321e-06, 4.69451788376e-06, 4.92487970405e-06, 4.73206273455e-06, 4.608303243e-06, 5.33259344593e-06, 5.42575799045e-06, 4.22320226789e-06, 3.11711301038e-06, 2.70402301794e-06, 2.05288574762e-06, 1.13822102321e-06, 9.27549024254e-07, 7.9385955587e-07, 7.24162703136e-07, 4.22045758341e-07],
        "min": [7.97707766509e-09, 2.29575263688e-07, 2.12099863006e-07, 3.55845166666e-08, 5.410923265e-09, 9.19459086646e-09, 3.79748366086e-09, 6.70844990669e-10, 2.94419238989e-10, 1.92521887321e-10, 6.37001895676e-10, 5.66784508216e-10, 2.893929818e-10, 7.92581389408e-10, 7.51390394349e-10, 4.14069223353e-10, 6.01747596196e-10, 6.2790123101e-10, 3.70895397728e-10, 3.93532456622e-10, 8.71974575878e-11, 5.58072268952e-11, 1.95170324346e-10, 1.13893096343e-10, 7.83156872686e-11, 1.82305531782e-10, 2.50713144689e-10, 1.68198649453e-10, 6.00324859268e-11, 3.1599994843e-10, 2.70297728644e-10, 3.63150676197e-10, 2.33398994576e-10, 1.68767541608e-10, 1.60173041497e-10, 9.83778197794e-11, 7.4109461623e-11, 4.30996870138e-11, 1.17289372659e-10, 4.47454989727e-11],
        "stdev": [0.0183440800756, 0.0145153803751, 0.00458015454933, 0.00144218944479, 0.000974041642621, 0.000525052717421, 0.000261178181972, 0.000307178415824, 0.000131161490572, 0.000114659538667, 7.84805743024e-05, 9.22306935536e-05, 6.98015574017e-05, 5.80062478548e-05, 6.35324176983e-05, 9.81519187917e-05, 7.13556146366e-05, 5.022021287e-05, 5.41356530448e-05, 4.57446840301e-05, 1.92950592464e-05, 2.05752676266e-05, 1.69755203387e-05, 1.64330667758e-05, 1.72339605342e-05, 1.4500911675e-05, 1.51548929352e-05, 1.34008705572e-05, 1.29898589876e-05, 1.32380064315e-05, 1.03527700048e-05, 8.54349582369e-06, 6.63930495648e-06, 6.65397146804e-06, 5.57650082555e-06, 5.01745944348e-06, 4.87250053993e-06, 4.74492253488e-06, 5.56869554202e-06, 6.22896868663e-06],
        "var": [0.000336505268933, 0.000210696263821, 2.09778154385e-05, 2.07991024581e-06, 9.48757076458e-07, 2.75680378081e-07, 6.82140495201e-08, 9.43585831692e-08, 1.72033356449e-08, 1.3146809863e-08, 6.15920026092e-09, 8.50650128115e-09, 4.8722577084e-09, 3.36472494311e-09, 4.03636812862e-09, 9.63379864771e-09, 5.09162356721e-09, 2.52206988627e-09, 2.93066881873e-09, 2.09257611239e-09, 3.72299330254e-10, 4.23341611766e-10, 2.88168267026e-10, 2.70045708017e-10, 2.97009389305e-10, 2.10276449031e-10, 2.29670782392e-10, 1.79583320437e-10, 1.68736427608e-10, 1.75244804779e-10, 1.0717984833e-10, 7.29913282593e-11, 4.40803712976e-11, 4.4275336869e-11, 3.10973607975e-11, 2.51749003588e-11, 2.37412606935e-11, 2.25142890442e-11, 3.10103713541e-11, 3.88000499785e-11]
    },
    "melbands128": {
