{
"lowlevel": {
    "average_loudness": 0.890570104122,
    "barkbands_crest": {
        "dmean": 2.48230838776,
        "dmean2": 3.77015185356,
        "dvar": 5.59475374222,
        "dvar2": 12.4196691513,
        "max": 26.3447589874,
        "mean": 11.3681983948,
        "median": 10.0981731415,
        "min": 2.67810463905,
        "stdev": 5.01200151443,
        "var": 25.1201610565
    },
    "barkbands_flatness_db": {
        "dmean": 0.025026133284,
        "dmean2": 0.0357962809503,
        "dvar": 0.000660327903461,
        "dvar2": 0.001350513543,
        "max": 0.379252284765,
        "mean": 0.16293554008,
        "median": 0.156132757664,
        "min": 0.039354249835,
        "stdev": 0.0546972081065,
        "var": 0.00299178459682
    },
    "barkbands_kurtosis": {
        "dmean": 3.48744750023,
        "dmean2": 5.16794633865,
        "dvar": 109.039169312,
        "dvar2": 254.251312256,
        "max": 239.430541992,
        "mean": 4.20569086075,
        "median": 1.8130235672,
        "min": -1.78143465519,
        "stdev": 11.2547416687,
        "var": 126.669204712
    },
    "barkbands_skewness": {
        "dmean": 0.584718763828,
        "dmean2": 0.820961356163,
        "dvar": 0.580573678017,
        "dvar2": 1.17526721954,
        "max": 14.2617368698,
        "mean": 1.5483956337,
        "median": 1.31500613689,
        "min": -1.40789484978,
        "stdev": 1.27829647064,
        "var": 1.6340419054
    },
    "barkbands_spread": {
        "dmean": 5.01756763458,
        "dmean2": 7.72898387909,
        "dvar": 45.5891799927,
        "dvar2": 106.722595215,
        "max": 82.1763839722,
        "mean": 16.9152107239,
        "median": 15.0427398682,
        "min": 0.678071737289,
        "stdev": 9.47293376923,
        "var": 89.7364807129
    },
    "dissonance": {
        "dmean": 0.0241696201265,
        "dmean2": 0.0400123596191,
        "dvar": 0.00053839746397,
        "dvar2": 0.00134563387837,
        "max": 0.499586045742,
        "mean": 0.452399432659,
        "median": 0.458786338568,
        "min": 0.136880487204,
        "stdev": 0.0331456959248,
        "var": 0.00109863711987
    },
    "dynamic_complexity": 1.51034653187,
    "erbbands_crest": {
        "dmean": 2.81546759605,
        "dmean2": 4.30720758438,
        "dvar": 6.26158189774,
        "dvar2": 13.8513336182,
        "max": 26.6442890167,
        "mean": 9.34066772461,
        "median": 8.50543689728,
        "min": 3.28286027908,
        "stdev": 3.75267076492,
        "var": 14.0825386047
    },
    "erbbands_flatness_db": {
        "dmean": 0.0205341652036,
        "dmean2": 0.0282246023417,
        "dvar": 0.000415035407059,
        "dvar2": 0.000708055973519,
        "max": 0.341972470284,
        "mean": 0.18940936029,
        "median": 0.190384089947,
        "min": 0.0917561873794,
        "stdev": 0.0388627834618,
        "var": 0.00151031592395
    },
    "erbbands_kurtosis": {
        "dmean": 1.08927106857,
        "dmean2": 1.58237731457,
        "dvar": 2.16132116318,
        "dvar2": 4.48268985748,
        "max": 23.2799491882,
        "mean": 0.936040461063,
        "median": 0.418482542038,
        "min": -1.73456692696,
        "stdev": 2.17751431465,
        "var": 4.74156856537
    },
    "erbbands_skewness": {
        "dmean": 0.336698114872,
        "dmean2": 0.490214645863,
        "dvar": 0.093296892941,
        "dvar2": 0.198984012008,
        "max": 3.27560329437,
        "mean": 0.301644951105,
        "median": 0.34579077363,
        "min": -2.13451194763,
        "stdev": 0.705665707588,
        "var": 0.497964113951
    },
    "erbbands_spread": {
        "dmean": 7.21734333038,
        "dmean2": 10.3256950378,
        "dvar": 54.1825714111,
        "dvar2": 110.583221436,
        "max": 96.7098083496,
        "mean": 29.7140674591,
        "median": 27.9784793854,
        "min": 2.93362045288,
        "stdev": 13.2116832733,
        "var": 174.548568726
    },
    "hfc": {
        "dmean": 12.4386777878,
        "dmean2": 19.711566925,
        "dvar": 465.754699707,
        "dvar2": 1262.95275879,
        "max": 153.326828003,
        "mean": 27.9846496582,
        "median": 23.7398948669,
        "min": 7.81568724051e-06,
        "stdev": 21.3303947449,
        "var": 454.985778809
    },
    "loudness_ebu128": {
        "integrated": -9.14983558655,
        "loudness_range": 2.42882490158,
        "momentary": {
            "dmean": 0.462875217199,
            "dmean2": 0.66455334425,
            "dvar": 0.136947020888,
            "dvar2": 0.305220365524,
            "max": -6.55691337585,
            "mean": -9.31125259399,
            "median": -9.50695228577,
            "min": -12.8788290024,
            "stdev": 1.17362391949,
            "var": 1.37739300728
        },
        "short_term": {
            "dmean": 0.0580214075744,
            "dmean2": 0.0715813040733,
            "dvar": 0.00182745978236,
            "dvar2": 0.0033679890912,
            "max": -7.58060646057,
            "mean": -9.20021820068,
            "median": -9.51310539246,
            "min": -10.3745632172,
            "stdev": 0.892551422119,
            "var": 0.796648025513
        }
    },
    "melbands_crest": {
        "dmean": 2.88644814491,
        "dmean2": 4.46431779861,
        "dvar": 8.0109539032,
        "dvar2": 17.836063385,
        "max": 34.2004547119,
        "mean": 15.7245578766,
        "median": 13.9061670303,
        "min": 3.84647583961,
        "stdev": 7.35829257965,
        "var": 54.1444664001
    },
    "melbands_flatness_db": {
        "dmean": 0.0276725497097,
        "dmean2": 0.0391137711704,
        "dvar": 0.000967258703895,
        "dvar2": 0.00199294113554,
        "max": 0.50339448452,
        "mean": 0.213689178228,
        "median": 0.194426998496,
        "min": 0.0395910106599,
        "stdev": 0.0784190073609,
        "var": 0.00614954065531
    },
    "melbands_kurtosis": {
        "dmean": 6.83264970779,
        "dmean2": 9.95788478851,
        "dvar": 277.614318848,
        "dvar2": 565.652160645,
        "max": 273.301818848,
        "mean": 10.6633663177,
        "median": 5.04075717926,
        "min": -1.46274459362,
        "stdev": 21.2815704346,
        "var": 452.905273438
    },
    "melbands_skewness": {
        "dmean": 0.73546898365,
        "dmean2": 1.02559566498,
        "dvar": 0.845614135265,
        "dvar2": 1.61201381683,
        "max": 13.3439617157,
        "mean": 2.30612325668,
        "median": 1.89314126968,
        "min": -0.776404380798,
        "stdev": 1.75321519375,
        "var": 3.07376360893
    },
    "melbands_spread": {
        "dmean": 6.31297636032,
        "dmean2": 9.55965900421,
        "dvar": 101.510597229,
        "dvar2": 214.346298218,
        "max": 217.576416016,
        "mean": 20.7073097229,
        "median": 18.4942054749,
        "min": 0.599072158337,
        "stdev": 15.4185752869,
        "var": 237.732452393
    },
    "pitch_salience": {
        "dmean": 0.0677298828959,
        "dmean2": 0.104146778584,
        "dvar": 0.00422426918522,
        "dvar2": 0.00958959665149,
        "max": 0.853208720684,
        "mean": 0.540390849113,
        "median": 0.596285820007,
        "min": 0.0700916945934,
        "stdev": 0.187899947166,
        "var": 0.0353063903749
    },
    "silence_rate_20dB": {
        "dmean": 0,
        "dmean2": 0,
        "dvar": 0,
        "dvar2": 0,
        "max": 1,
        "mean": 1,
        "median": 1,
        "min": 1,
        "stdev": 0,
        "var": 0
    },
    "silence_rate_30dB": {
        "dmean": 0.0386996902525,
        "dmean2": 0.0774593353271,
        "dvar": 0.0372021831572,
        "dvar2": 0.0838525146246,
        "max": 1,
        "mean": 0.931941211224,
        "median": 1,
        "min": 0,
        "stdev": 0.2518466115,
        "var": 0.0634267106652
    },
    "silence_rate_60dB": {
        "dmean": 0.00541795650497,
        "dmean2": 0.0108443070203,
        "dvar": 0.00538877164945,
        "dvar2": 0.0107264760882,
        "max": 1,
        "mean": 0.00773395225406,
        "median": 0,
        "min": 0,
        "stdev": 0.0876029655337,
        "var": 0.00767427915707
    },
    "spectral_centroid": {
        "dmean": 222.829025269,
        "dmean2": 331.461669922,
        "dvar": 68480.5,
        "dvar2": 143173.765625,
        "max": 4349.48632812,
        "mean": 1181.24963379,
        "median": 1116.81164551,
        "min": 209.145004272,
        "stdev": 441.402130127,
        "var": 194835.84375
    },
    "spectral_complexity": {
        "dmean": 3.64164090157,
        "dmean2": 5.52982187271,
        "dvar": 16.2456092834,
        "dvar2": 38.2940216064,
        "max": 47,
        "mean": 19.2954368591,
        "median": 19,
        "min": 0,
        "stdev": 5.51474380493,
        "var": 30.4124011993
    },
    "spectral_decrease": {
        "dmean": 3.36820216162e-09,
        "dmean2": 5.01598851343e-09,
        "dvar": 3.18603171304e-17,
        "dvar2": 7.17962463798e-17,
        "max": -3.20970069879e-15,
        "mean": -1.07782103242e-08,
        "median": -8.25273005489e-09,
        "min": -6.18308533262e-08,
        "stdev": 9.38839761488e-09,
        "var": 8.81420102633e-17
    },
    "spectral_energy": {
        "dmean": 0.013585976325,
        "dmean2": 0.0203174315393,
        "dvar": 0.000472359010018,
        "dvar2": 0.00106931489427,
        "max": 0.23503112793,
        "mean": 0.0432177484035,
        "median": 0.0342660732567,
        "min": 1.28230608354e-08,
        "stdev": 0.0357681065798,
        "var": 0.0012793574715
    },
    "spectral_energyband_high": {
        "dmean": 0.000635599251837,
        "dmean2": 0.00108123361133,
        "dvar": 2.43122963184e-06,
        "dvar2": 6.53116558169e-06,
        "max": 0.00974954850972,
        "mean": 0.000731114472728,
        "median": 0.00026853181771,
        "min": 1.80585504883e-10,
        "stdev": 0.00138349167537,
        "var": 1.91404933503e-06
    },
    "spectral_energyband_low": {
        "dmean": 0.00741357682273,
        "dmean2": 0.0113581409678,
        "dvar": 0.000487932236865,
        "dvar2": 0.00109679403249,
        "max": 0.230624780059,
        "mean": 0.019620615989,
        "median": 0.000220731861191,
        "min": 3.95473964687e-09,
        "stdev": 0.03824198246,
        "var": 0.00146244920325
    },
    "spectral_energyband_middle_high": {
        "dmean": 0.00455214874819,
        "dmean2": 0.00686727277935,
        "dvar": 3.40263250109e-05,
        "dvar2": 8.39401109261e-05,
        "max": 0.0485629364848,
        "mean": 0.0101303569973,
        "median": 0.00856478326023,
        "min": 4.5340300403e-09,
        "stdev": 0.00748620741069,
        "var": 5.60433036298e-05
    },
    "spectral_energyband_middle_low": {
        "dmean": 0.00462678028271,
        "dmean2": 0.00678249681368,
        "dvar": 5.42256129847e-05,
        "dvar2": 0.000130561049446,
        "max": 0.0757524073124,
        "mean": 0.0136203989387,
        "median": 0.0119513692334,
        "min": 3.4107039415e-09,
        "stdev": 0.0103038791567,
        "var": 0.000106169929495
    },
    "spectral_entropy": {
        "dmean": 0.238753095269,
        "dmean2": 0.343881905079,
        "dvar": 0.0600313656032,
        "dvar2": 0.116648383439,
        "max": 8.62038326263,
        "mean": 7.26948070526,
        "median": 7.19046831131,
        "min": 6.12406730652,
        "stdev": 0.414366185665,
        "var": 0.171699330211
    },
    "spectral_flux": {
        "dmean": 0.0408090054989,
        "dmean2": 0.0632903277874,
        "dvar": 0.00203114072792,
        "dvar2": 0.00433920929208,
        "max": 0.521994590759,
        "mean": 0.0947748199105,
        "median": 0.0778797715902,
        "min": 0.000113238951599,
        "stdev": 0.0609676465392,
        "var": 0.00371705414727
    },
    "spectral_kurtosis": {
        "dmean": 2.50082039833,
        "dmean2": 4.03174161911,
        "dvar": 6.67449235916,
        "dvar2": 18.5182113647,
        "max": 39.6889877319,
        "mean": 7.0139670372,
        "median": 6.08299350739,
        "min": -0.215669393539,
        "stdev": 4.48487567902,
        "var": 20.1141109467
    },
    "spectral_rms": {
        "dmean": 0.000990579952486,
        "dmean2": 0.00142143550329,
        "dvar": 1.5515446421e-06,
        "dvar2": 3.26189842781e-06,
        "max": 0.0151426112279,
        "mean": 0.00603155605495,
        "median": 0.00578189548105,
        "min": 3.53699078914e-06,
        "stdev": 0.00240499502979,
        "var": 5.78400067752e-06
    },
    "spectral_rolloff": {
        "dmean": 524.231689453,
        "dmean2": 869.118774414,
        "dvar": 1158345.375,
        "dvar2": 2700879,
        "max": 9969.87304688,
        "mean": 1464.94177246,
        "median": 1184.32617188,
        "min": 64.599609375,
        "stdev": 1380.89501953,
        "var": 1906871
    },
    "spectral_skewness": {
        "dmean": 0.272689461708,
        "dmean2": 0.431750983,
        "dvar": 0.0647737458348,
        "dvar2": 0.16370858252,
        "max": 4.35693454742,
        "mean": 1.97166633606,
        "median": 1.94121670723,
        "min": 0.458965480328,
        "stdev": 0.464217364788,
        "var": 0.215497761965
    },
    "spectral_spread": {
        "dmean": 731700.3125,
        "dmean2": 1040839.5,
        "dvar": 1.13234686771e+12,
        "dvar2": 2.39059127501e+12,
        "max": 12221068,
        "mean": 4054247.25,
        "median": 3916691,
        "min": 1449007.125,
        "stdev": 1549850,
        "var": 2.40203490918e+12
    },
    "spectral_strongpeak": {
        "dmean": 0.623054981232,
        "dmean2": 0.998669505119,
        "dvar": 0.796526074409,
        "dvar2": 1.76504218578,
        "max": 9.06049060822,
        "mean": 1.42176401615,
        "median": 1.02792155743,
        "min": 0,
        "stdev": 1.17829203606,
        "var": 1.38837206364
    },
    "zerocrossingrate": {
        "dmean": 0.0109579833224,
        "dmean2": 0.0131087061018,
        "dvar": 0.00020044214034,
        "dvar2": 0.000232149017393,
        "max": 0.31103515625,
        "mean": 0.0521792508662,
        "median": 0.0498046875,
        "min": 0.0029296875,
        "stdev": 0.0334700420499,
        "var": 0.00112024368718
    },
    "barkbands": {
        "dmean": [0.000331762828864, 0.00460766069591, 0.00424193125218, 0.00072848162381, 0.00161401554942, 0.00053670204943, 0.00214357324876, 0.000599718594458, 0.00134014326613, 0.000971178873442, 0.00187251367606, 0.00115249154624, 0.000698507006746, 0.000950828252826, 0.000345726934029, 0.000232125559705, 0.000266617600573, 0.000396754068788, 0.000171585910721, 4.97740402352e-05, 6.87729916535e-05, 8.06648313301e-05, 0.000114681955893, 0.000149411076563, 0.00014566781465, 0.00012162704661, 2.73576915788e-06],
        "dmean2": [0.000530542398337, 0.00659565953538, 0.00720590539277, 0.00128268043045, 0.00246209464967, 0.00087394262664, 0.00322134816088, 0.000905529654119, 0.00178112846334, 0.00145345868077, 0.00283683184534, 0.00174339278601, 0.00102044374216, 0.00164727703668, 0.000541003129911, 0.000371391855879, 0.000404414051445, 0.000590278068557, 0.000257741718087, 8.07272735983e-05, 0.000120844480989, 0.000126206141431, 0.000191609287867, 0.000253754435107, 0.000262100889813, 0.00022209052986, 4.90641468787e-06],
        "dvar": [1.50796267917e-06, 0.000270931079285, 0.000258853600826, 1.86152556125e-05, 6.80342373016e-06, 1.09516747671e-06, 1.68676888279e-05, 1.71726617282e-06, 3.746569746e-06, 4.29792953582e-06, 1.02033318399e-05, 3.47411969415e-06, 1.40072063459e-06, 4.57732630821e-06, 4.75811503975e-07, 1.64300573147e-07, 1.98705095045e-07, 4.34375749592e-07, 9.9642157636e-08, 6.60354837478e-09, 3.26519931093e-08, 1.80766459579e-08, 6.81362308796e-08, 1.11594033569e-07, 1.80887354873e-07, 1.40688854344e-07, 8.27984208973e-11],
        "dvar2": [3.63664480574e-06, 0.000543709669728, 0.000693902198691, 5.26616495335e-05, 1.42720027725e-05, 2.53347957369e-06, 3.66717940778e-05, 3.85888961318e-06, 6.01847204962e-06, 9.20084585232e-06, 2.33311311604e-05, 7.68137579144e-06, 2.93224070447e-06, 1.26081004055e-05, 9.69209736468e-07, 3.81795985049e-07, 4.34704276131e-07, 9.2960448228e-07, 2.03631159934e-07, 1.62488031918e-08, 9.04033115035e-08, 4.17747685333e-08, 1.80987044018e-07, 3.01712731243e-07, 4.99292525546e-07, 3.89580804949e-07, 2.3052522391e-10],
        "max": [0.0262065660208, 0.220790684223, 0.166869372129, 0.0616502165794, 0.0311392899603, 0.014483269304, 0.0390574224293, 0.0220106150955, 0.024697124958, 0.0394969917834, 0.0392473898828, 0.0287246201187, 0.0175536945462, 0.0135525837541, 0.0147379236296, 0.00669039320201, 0.00695545086637, 0.0117750102654, 0.00496116001159, 0.000738963193726, 0.00157982553355, 0.00147200841457, 0.00182778388262, 0.00298771029338, 0.00258818827569, 0.00271567166783, 0.000112222740427],
        "mean": [0.000584091583733, 0.0114939641207, 0.00673355348408, 0.00114577205386, 0.00372285093181, 0.000928745954297, 0.00376277463511, 0.00104131852277, 0.0028848669026, 0.00134898198303, 0.00263240747154, 0.00174482271541, 0.00107518117875, 0.00101702730171, 0.000488131627208, 0.00039564317558, 0.000464191427454, 0.000693423964549, 0.000282832974335, 7.80694317655e-05, 7.14484995115e-05, 0.000131199733005, 0.000127995823277, 0.000175535547896, 0.000107456638943, 8.35494647617e-05, 1.94196923076e-06],
        "median": [2.53013931797e-05, 6.04116066825e-05, 3.17919730151e-05, 8.25654424261e-05, 0.00201385444961, 0.000536527135409, 0.00158720673062, 0.000448833132396, 0.00152432837058, 0.000478446076158, 0.00122463970911, 0.000953603012022, 0.000541220186278, 0.000369080837118, 0.00021025724709, 0.000203329313081, 0.000271298165899, 0.000306605332298, 0.000104212100268, 4.5636043069e-05, 3.07236878143e-05, 5.77994360356e-05, 2.97287260764e-05, 4.59605289507e-05, 1.44418991113e-05, 8.19045180833e-06, 1.86812528113e-07],
        "min": [2.15930029412e-09, 2.17952345061e-09, 5.81782066966e-10, 2.27630608807e-10, 2.04259872905e-10, 1.41944400678e-10, 8.07720945684e-10, 1.21720578061e-09, 4.37320873958e-10, 2.11814477069e-09, 1.79588299787e-09, 4.06890382498e-10, 5.43600130187e-11, 1.91701723939e-11, 2.72450915995e-11, 1.52807037856e-11, 3.99132185636e-11, 1.32363120464e-10, 4.9751116421e-11, 7.42349931526e-11, 2.89198682363e-11, 1.41273902299e-11, 4.87105702995e-11, 3.02370142813e-11, 6.19792672046e-12, 3.58953903927e-12, 1.03259816062e-12],
        "stdev": [0.00208803103305, 0.028860328719, 0.0185496471822, 0.00460766674951, 0.00469436869025, 0.0013811896788, 0.00549080548808, 0.00174578872975, 0.00342974136584, 0.00255814916454, 0.00400521513075, 0.00232595601119, 0.00159995455761, 0.00190571078565, 0.00101122597698, 0.000535488128662, 0.000612545001786, 0.00102192768827, 0.000479969807202, 9.45014617173e-05, 0.000148602804984, 0.000187859172001, 0.000253078091191, 0.000326743262121, 0.000342538318364, 0.000296123180306, 7.17731654731e-06],
        "var": [4.35987340097e-06, 0.000832918623928, 0.000344089407008, 2.1230591301e-05, 2.20370966417e-05, 1.90768491848e-06, 3.01489435515e-05, 3.04777836391e-06, 1.17631252579e-05, 6.54412770018e-06, 1.60417475854e-05, 5.41007102584e-06, 2.55985469266e-06, 3.63173353435e-06, 1.02257797607e-06, 2.86747507516e-07, 3.75211385517e-07, 1.04433615888e-06, 2.30371014709e-07, 8.9305265405e-09, 2.20827924835e-08, 3.52910660695e-08, 6.40485211534e-08, 1.0676115636e-07, 1.17332497496e-07, 8.76889316714e-08, 5.15138695589e-11]
    },
    "erbbands": {
        "dmean": [0.153058290482, 1.09080052376, 4.53917837143, 3.35199022293, 3.74819493294, 7.13593959808, 2.70952916145, 6.07830286026, 23.8325386047, 25.9664497375, 16.9656639099, 27.0316467285, 26.1943206787, 48.4577713013, 66.7895965576, 42.1430892944, 27.5383090973, 47.0081100464, 25.0427188873, 14.9506578445, 12.2344532013, 16.6627902985, 20.957113266, 11.0566606522, 6.61098670959, 1.94595932961, 1.97319746017, 3.25745940208, 2.83001756668, 3.07899928093, 3.40780091286, 3.6227645874, 2.23932886124, 1.58717298508, 1.04610967636, 0.566944539547, 0.208464890718, 0.0345249585807, 0.000638746481854, 3.64226580132e-05],
        "dmean2": [0.214006885886, 1.57067000866, 7.60621213913, 5.64397192001, 6.03152179718, 10.7255659103, 4.32459259033, 9.56595420837, 35.5748214722, 40.0477180481, 23.96434021, 35.8150558472, 37.2774391174, 68.8098831177, 105.917518616, 62.5644302368, 40.0327072144, 80.4947509766, 41.5040397644, 22.3268547058, 18.7933063507, 24.664182663, 31.3289031982, 16.139093399, 10.2210950851, 3.09311199188, 3.23074865341, 5.84431600571, 4.43777275085, 4.88660812378, 5.7004160881, 5.97274017334, 3.99698472023, 2.82524967194, 1.91966223717, 1.02476143837, 0.379513800144, 0.0628342777491, 0.00115021225065, 6.06401190453e-05],
        "dvar": [0.376525491476, 13.1735286713, 276.383300781, 259.656494141, 69.5496139526, 162.102859497, 32.1979141235, 129.61920166, 2566.23657227, 3255.04418945, 764.254882812, 1820.33105469, 2020.34814453, 9486.42382812, 14070.6992188, 4675.99511719, 1927.05895996, 9927.99902344, 2322.40576172, 1129.30053711, 434.260986328, 625.871826172, 1169.43554688, 324.49786377, 155.275909424, 11.1250391006, 14.0267858505, 84.9184646606, 22.941116333, 31.9123268127, 62.4424819946, 50.9927787781, 38.8016700745, 21.5372695923, 9.58686828613, 2.89240646362, 0.405136853456, 0.0117211919278, 3.82627376894e-06, 6.15410167271e-09],
        "dvar2": [0.751428544521, 26.6119308472, 733.426208496, 721.696350098, 178.703567505, 302.753540039, 75.7850036621, 283.227722168, 5186.44140625, 7224.66308594, 1409.28015137, 2909.49291992, 3938.32348633, 19817.6835938, 34531.0390625, 10376.34375, 3975.62963867, 27876.5332031, 5760.67675781, 1776.18395996, 1038.78417969, 1241.14916992, 2500.66577148, 656.494506836, 348.688293457, 27.0500602722, 36.8601722717, 237.090698242, 53.3142318726, 79.2258148193, 166.993148804, 133.100463867, 106.683387756, 59.6772193909, 26.4825687408, 7.90871906281, 1.12634980679, 0.0326935313642, 1.06266015791e-05, 1.69345284462e-08],
        "max": [9.26538944244, 45.9291267395, 169.189758301, 205.79133606, 95.5448608398, 164.921569824, 87.9634857178, 168.035858154, 611.69342041, 755.210754395, 404.179748535, 488.530212402, 691.874206543, 1697.08520508, 1282.01513672, 850.855834961, 746.569824219, 654.83782959, 509.692260742, 1161.32092285, 374.246826172, 412.973114014, 545.435852051, 283.71975708, 170.114456177, 28.9009494781, 30.609708786, 81.0407791138, 55.0815467834, 56.1058197021, 59.3291130066, 67.0494918823, 43.0849685669, 34.7684707642, 19.0254001617, 12.1496610641, 4.49744224548, 0.762945234776, 0.0130019122735, 0.000537940242793],
        "mean": [0.381921648979, 2.41710615158, 7.47784423828, 6.00588178635, 7.70979547501, 15.2695980072, 5.43769359589, 10.852391243, 43.2922897339, 42.8491592407, 35.0558624268, 58.9215202332, 49.7051925659, 73.9634628296, 89.4704360962, 67.9621200562, 47.2725143433, 55.8738517761, 33.4635353088, 25.2256069183, 22.9704589844, 32.0892677307, 36.5006256104, 20.9205131531, 10.6610765457, 3.22698664665, 2.77288150787, 3.072889328, 4.60246896744, 4.36099338531, 3.75730013847, 4.89587163925, 2.0029091835, 1.19602656364, 0.757756352425, 0.397687703371, 0.142827227712, 0.0228203665465, 0.000452290521935, 6.62218299112e-05],
        "median": [0.00341248419136, 0.00829913280904, 0.0434527099133, 0.53598344326, 3.183177948, 5.66822910309, 2.61545205116, 5.56296873093, 16.9546966553, 16.2229957581, 19.0212478638, 29.2082653046, 27.7104282379, 33.66979599, 40.2525367737, 37.0077362061, 26.7325134277, 22.8497695923, 14.9453487396, 11.238067627, 13.064160347, 20.1118412018, 17.1963672638, 8.30201244354, 4.3419175148, 1.83214819431, 1.5235888958, 1.13754534721, 1.96341991425, 1.81563866138, 0.988468468189, 1.47525596619, 0.374688565731, 0.166008532047, 0.104221537709, 0.0333563573658, 0.0141661809757, 0.00204283231869, 6.54735049466e-05, 4.71031999041e-05],
        "min": [9.59539789847e-08, 3.7686493215e-07, 7.07963749846e-07, 7.66471032421e-07, 6.92120750045e-07, 6.81632741362e-07, 5.58811564133e-07, 1.58742659551e-06, 7.84155236033e-06, 1.9791214072e-05, 2.53876005445e-05, 9.85067890724e-06, 3.86606043321e-05, 8.42355293571e-05, 5.61760607525e-05, 1.31426795633e-05, 2.73635396297e-06, 1.62032472417e-06, 1.31045419494e-06, 9.48286981384e-07, 1.51750271016e-06, 2.72497936749e-06, 8.19429715193e-06, 2.46324907494e-06, 2.65331823357e-06, 3.01413365378e-06, 2.07793527807e-06, 8.40637483179e-07, 6.07508525263e-07, 5.90366937558e-07, 1.70742805494e-06, 3.17061960686e-07, 7.29870976102e-07, 1.12029063359e-07, 3.79886095914e-08, 1.2239036451e-08, 4.80577533324e-09, 2.6594606517e-09, 1.87854273803e-10, 3.13628012449e-11],
        "stdev": [1.16456604004, 5.7018198967, 19.2537631989, 18.6970043182, 11.0448246002, 23.0582447052, 8.21803665161, 16.353433609, 71.8747024536, 77.3306732178, 46.8946609497, 79.3448638916, 67.670715332, 124.953933716, 134.521713257, 90.2407150269, 61.001285553, 90.2457046509, 51.6424446106, 58.1024284363, 28.2855796814, 39.4512329102, 52.1734199524, 30.7541446686, 16.5010509491, 3.92536139488, 3.67928981781, 7.39046430588, 6.71036338806, 6.8449048996, 7.5189538002, 7.99023389816, 5.30251502991, 3.77078413963, 2.46305036545, 1.36854755878, 0.500549018383, 0.0846412107348, 0.0015422666911, 7.13470144547e-05],
        "var": [1.35621416569, 32.5107498169, 370.707397461, 349.57800293, 121.98815918, 531.682617188, 67.5361328125, 267.434814453, 5165.97314453, 5980.03320312, 2199.10913086, 6295.60791016, 4579.32617188, 15613.4863281, 18096.0917969, 8143.38671875, 3721.15698242, 8144.28710938, 2666.94189453, 3375.89208984, 800.073974609, 1556.39990234, 2722.06567383, 945.817382812, 272.284667969, 15.4084625244, 13.5371732712, 54.6189651489, 45.0289764404, 46.8527259827, 56.5346641541, 63.8438415527, 28.1166648865, 14.2188138962, 6.06661748886, 1.8729224205, 0.250549316406, 0.00716413417831, 2.37858671426e-06, 5.09039610463e-09]
    },
    "gfcc": {
        "mean": [9.27794361115, 82.9722061157, -142.699417114, -1.22195327282, -67.7574081421, 11.5118980408, -43.8107948303, 8.21163845062, -24.0931510925, -7.23679018021, -14.5907821655, 4.82349967957, -18.4423751831],
        "cov": [[2342.78295898, -848.441833496, 112.580940247, -74.4337844849, -191.624633789, 57.8001289368, -261.169891357, -3.73257899284, -161.505386353, 10.3152999878, -47.344707489, 68.4905014038, -218.094421387], [-848.441833496, 1736.32775879, 326.667236328, 394.821838379, 912.93170166, 368.352905273, 733.402404785, 215.461013794, 408.915344238, -17.3971748352, 71.19972229, -115.515541077, 141.767105103], [112.580940247, 326.667236328, 785.075378418, 385.18447876, 493.579376221, 360.165618896, 297.754943848, 180.169403076, 57.3433914185, 109.390289307, -4.00165891647, -34.4799423218, -21.2756519318], [-74.4337844849, 394.821838379, 385.18447876, 492.104980469, 438.611999512, 234.482315063, 261.227203369, 125.045135498, 169.241119385, 63.2676429749, 19.1998291016, -59.8977012634, 21.2880992889], [-191.624633789, 912.93170166, 493.579376221, 438.611999512, 962.052124023, 508.849060059, 598.49786377, 263.027862549, 340.789855957, 160.911056519, 26.1240501404, -77.2943496704, 124.802780151], [57.8001289368, 368.352905273, 360.165618896, 234.482315063, 508.849060059, 443.652770996, 409.236938477, 195.506637573, 167.192840576, 129.369049072, 21.4661521912, -48.1171150208, 75.4874038696], [-261.169891357, 733.402404785, 297.754943848, 261.227203369, 598.49786377, 409.236938477, 612.270751953, 258.255554199, 253.033081055, 110.334136963, 43.8173103333, -43.1410865784, 135.692169189], [-3.73257899284, 215.461013794, 180.169403076, 125.045135498, 263.027862549, 195.506637573, 258.255554199, 213.018600464, 136.020309448, 77.7351074219, 22.1962108612, -4.95413255692, 61.2253417969], [-161.505386353, 408.915344238, 57.3433914185, 169.241119385, 340.789855957, 167.192840576, 253.033081055, 136.020309448, 278.455291748, 92.2477722168, 46.4561729431, -11.2911815643, 91.5232620239], [10.3152999878, -17.3971748352, 109.390289307, 63.2676429749, 160.911056519, 129.369049072, 110.334136963, 77.7351074219, 92.2477722168, 203.485168457, 40.4687995911, 13.3351011276, 71.8550643921], [-47.344707489, 71.19972229, -4.00165891647, 19.1998291016, 26.1240501404, 21.4661521912, 43.8173103333, 22.1962108612, 46.4561729431, 40.4687995911, 106.825279236, 46.9601707458, 22.5886821747], [68.4905014038, -115.515541077, -34.4799423218, -59.8977012634, -77.2943496704, -48.1171150208, -43.1410865784, -4.95413255692, -11.2911815643, 13.3351011276, 46.9601707458, 114.646827698, 28.5022735596], [-218.094421387, 141.767105103, -21.2756519318, 21.2880992889, 124.802780151, 75.4874038696, 135.692169189, 61.2253417969, 91.5232620239, 71.8550643921, 22.5886821747, 28.5022735596, 158.792816162]],
        "icov": [[0.000707833736669, 0.000353218318196, 0.000150191015564, 3.99338387069e-06, -0.000210377867916, -0.00069110939512, 0.000266366550932, -0.000272956473054, -7.16467475286e-05, 9.40865065786e-05, 0.000325884029735, -0.000798988505267, 0.0011437071953], [0.000353218318196, 0.00380770885386, -0.00140191800892, 0.00128300010692, -0.00271391519345, 0.00343117536977, -0.00407054414973, 0.0025890765246, -0.00263410084881, 0.00359947700053, -0.00285076140426, 0.0026729144156, -0.000476993329357], [0.000150191015564, -0.00140191800892, 0.0048372251913, -0.00290637090802, -0.000297988008242, -0.00332635268569, 0.0021118298173, -0.00296841654927, 0.00429636798799, -0.00258237007074, 0.00221640616655, -0.00333378626965, 0.00262639368884], [3.99338387069e-06, 0.00128300010692, -0.00290637090802, 0.00547935860232, -0.00172055803705, 0.00208345823921, -0.00133877957705, 0.00162587722298, -0.00330230570398, 0.0020955898799, -0.00231655826792, 0.00310319941491, -0.000657365657389], [-0.000210377867916, -0.00271391519345, -0.000297988008242, -0.00172055803705, 0.007142779883, -0.00450291624293, 0.000960181525443, -0.00030039815465, -0.0015252889134, -0.00254796212539, 0.00310639454983, -0.00144876644481, -2.9352470392e-06], [-0.00069110939512, 0.00343117536977, -0.00332635268569, 0.00208345823921, -0.00450291624293, 0.0140651594847, -0.00803823489696, 0.00212524668314, -0.00164367340039, 0.00149393850006, -0.00386558915488, 0.00564423482865, -0.00202720169909], [0.000266366550932, -0.00407054414973, 0.0021118298173, -0.00133877957705, 0.000960181525443, -0.00803823489696, 0.0128219369799, -0.00710412813351, 0.00261022383347, -0.00192544655874, 0.00165704835672, -0.00245325430296, -0.00111711013597], [-0.000272956473054, 0.0025890765246, -0.00296841654927, 0.00162587722298, -0.00030039815465, 0.00212524668314, -0.00710412813351, 0.0140846231952, -0.00565913226455, 0.00176702567842, -0.00119197496679, 0.00133835361339, -0.00104470516089], [-7.16467475286e-05, -0.00263410084881, 0.00429636798799, -0.00330230570398, -0.0015252889134, -0.00164367340039, 0.00261022383347, -0.00565913226455, 0.0130803240463, -0.00434071337804, 0.000271841243375, -0.00234585441649, 1.07891373773e-05], [9.40865065786e-05, 0.00359947700053, -0.00258237007074, 0.0020955898799, -0.00254796212539, 0.00149393850006, -0.00192544655874, 0.00176702567842, -0.00434071337804, 0.0116235427558, -0.00529919704422, 0.00355961057357, -0.00409785099328], [0.000325884029735, -0.00285076140426, 0.00221640616655, -0.00231655826792, 0.00310639454983, -0.00386558915488, 0.00165704835672, -0.00119197496679, 0.000271841243375, -0.00529919704422, 0.016896892339, -0.00974645186216, 0.00362703646533], [-0.000798988505267, 0.0026729144156, -0.00333378626965, 0.00310319941491, -0.00144876644481, 0.00564423482865, -0.00245325430296, 0.00133835361339, -0.00234585441649, 0.00355961057357, -0.00974645186216, 0.0179790966213, -0.00640992308035], [0.0011437071953, -0.000476993329357, 0.00262639368884, -0.000657365657389, -2.9352470392e-06, -0.00202720169909, -0.00111711013597, -0.00104470516089, 1.07891373773e-05, -0.00409785099328, 0.00362703646533, -0.00640992308035, 0.013540295884]]
    },
    "melbands": {
        "dmean": [0.00128585880157, 0.00179157429375, 0.000583190529142, 0.000403797253966, 0.000131533190142, 0.000143734010635, 0.000382135505788, 0.000245711184107, 0.000155895046191, 0.000187456273125, 0.00013873068383, 0.000190378632396, 0.000226215997827, 0.000137240596814, 9.29049419938e-05, 7.84662770457e-05, 9.38068333198e-05, 4.85758137074e-05, 2.95718818961e-05, 1.82250405487e-05, 1.48050303324e-05, 1.79378803296e-05, 2.31862286455e-05, 1.6333977328e-05, 8.89512830327e-06, 6.86462590238e-06, 2.7061585115e-06, 1.12204998004e-06, 1.27114628867e-06, 1.46121283251e-06, 2.00263434635e-06, 1.44363582422e-06, 1.9580031676e-06, 1.72175157331e-06, 1.68361555097e-06, 2.64077903012e-06, 2.10867096939e-06, 1.54607948843e-06, 1.49321522258e-06, 1.27338421407e-06],
        "dmean2": [0.0018412017962, 0.0028373664245, 0.000971396686509, 0.000615860626567, 0.000205474847462, 0.000222730319365, 0.000572657794692, 0.000377698626835, 0.000217246488319, 0.000251626363024, 0.000200808121008, 0.00027104394394, 0.00035575471702, 0.000213452134631, 0.000140418444062, 0.000114238835522, 0.000162811513292, 8.08222830528e-05, 4.67802237836e-05, 2.8511560231e-05, 2.34880826611e-05, 2.6994246582e-05, 3.45331354765e-05, 2.51084657066e-05, 1.31831820909e-05, 1.04560458567e-05, 4.31150010627e-06, 1.80820745754e-06, 2.05508354156e-06, 2.58236877926e-06, 3.56972759619e-06, 2.28649582823e-06, 3.01562613458e-06, 2.77321987596e-06, 2.75672618955e-06, 4.54473274658e-06, 3.37333108291e-06, 2.77749177258e-06, 2.67560790235e-06, 2.26044085139e-06],
        "dvar": [2.48944052146e-05, 3.48777321051e-05, 5.91684965912e-06, 4.41840796839e-07, 6.51508997862e-08, 7.00632654116e-08, 5.89195337852e-07, 2.76576486158e-07, 6.76605012018e-08, 9.03794514784e-08, 6.49939906339e-08, 1.3962950618e-07, 1.51104288193e-07, 5.99207012897e-08, 2.19127773704e-08, 2.1720897081e-08, 4.69760337296e-08, 9.24501897259e-09, 3.4519638259e-09, 1.54746548908e-09, 7.08348490974e-10, 7.816705061e-10, 1.6028814942e-09, 8.47553749406e-10, 2.42110165249e-10, 1.81044484959e-10, 2.18658442047e-11, 3.92554912187e-12, 4.23783360834e-12, 1.44923205381e-11, 3.26700715092e-11, 6.43907843711e-12, 1.08975276719e-11, 1.21949108797e-11, 1.41826845407e-11, 4.11856243554e-11, 1.50258087223e-11, 1.88222944175e-11, 1.91458116722e-11, 1.37478084472e-11],
        "dvar2": [4.92933068017e-05, 8.83191387402e-05, 1.64246830536e-05, 9.66596644503e-07, 1.37287543112e-07, 1.50493477236e-07, 1.24689745462e-06, 6.07894719451e-07, 1.14002702389e-07, 1.42764008615e-07, 1.35306095217e-07, 2.85981144543e-07, 3.5473183857e-07, 1.36902599479e-07, 4.73632653097e-08, 4.6305753898e-08, 1.33208075681e-07, 2.23933227517e-08, 7.22223969518e-09, 2.99270497273e-09, 1.78686809793e-09, 1.60435431606e-09, 3.28399907268e-09, 1.94976990109e-09, 4.90318119439e-10, 3.92595039811e-10, 5.16468361134e-11, 9.69496791875e-12, 1.06547461826e-11, 4.03445367392e-11, 9.13321224205e-11, 1.51656881497e-11, 2.36958647148e-11, 3.05607275597e-11, 3.68794959849e-11, 1.12998388424e-10, 3.75599204516e-11, 5.15454276484e-11, 5.28059297678e-11, 3.81760734136e-11],
        "max": [0.0717476978898, 0.0585129894316, 0.0309038832784, 0.00792925991118, 0.00308689987287, 0.0035844722297, 0.00911835860461, 0.0074706771411, 0.00441207690164, 0.00331426155753, 0.00415397854522, 0.00629882607609, 0.00536881340668, 0.00393234100193, 0.00158800417557, 0.00234897946939, 0.001391567057, 0.000924237945583, 0.000987306353636, 0.00109107024036, 0.000456026871689, 0.000462606403744, 0.000573056575377, 0.000475860084407, 0.000268849282293, 0.000192082647118, 4.74529915664e-05, 1.85367098311e-05, 1.5511379388e-05, 2.93387256534e-05, 5.20837456861e-05, 3.07509581035e-05, 4.62709504063e-05, 4.08385130868e-05, 3.08611670334e-05, 5.04327508679e-05, 4.14392743551e-05, 3.15167162626e-05, 3.22152118315e-05, 2.76302434941e-05],
        "mean": [0.00324624427594, 0.00351220369339, 0.00105476623867, 0.000900907558389, 0.000271842844086, 0.000262473768089, 0.000687091436703, 0.000401215191232, 0.000309373368509, 0.000394196948037, 0.000246179522946, 0.00028850758099, 0.000309495429974, 0.000201861155801, 0.00014155691315, 0.000119496558909, 0.000101579375041, 6.00731218583e-05, 4.10636639572e-05, 2.81690208794e-05, 2.52043664659e-05, 3.1244901038e-05, 3.85935309168e-05, 2.64150185103e-05, 1.5871362848e-05, 1.06718207462e-05, 3.77021456188e-06, 1.69384634319e-06, 1.90041885162e-06, 1.47215428115e-06, 1.73736248144e-06, 2.27965210797e-06, 3.13202349389e-06, 2.1410185127e-06, 1.86671456959e-06, 2.84069096779e-06, 3.02951093545e-06, 1.37683730372e-06, 1.10669554942e-06, 9.51075548983e-07],
        "median": [2.87802231469e-05, 1.65520941664e-05, 0.000273343233857, 0.000475872628158, 9.04909175006e-05, 0.000128070925712, 0.000294340250548, 0.000140167976497, 0.000142526012496, 0.000185335564311, 0.00012989557581, 0.000128810454044, 0.000138697971124, 0.00010506765102, 7.3813534982e-05, 5.4436710343e-05, 3.79171287932e-05, 2.45154606091e-05, 1.82220228453e-05, 1.36378212119e-05, 1.429396616e-05, 1.81254908966e-05, 1.85897479241e-05, 1.10006576506e-05, 5.51342282051e-06, 3.83320093533e-06, 1.92987704395e-06, 9.23084201077e-07, 1.07133359961e-06, 6.37222512978e-07, 5.52352389604e-07, 8.91334877906e-07, 1.26752661345e-06, 6.75463752486e-07, 3.85108364753e-07, 7.03666557911e-07, 8.78366392953e-07, 2.16580858137e-07, 1.24554190961e-07, 1.23893570958e-07],
        "min": [8.34966040753e-10, 4.03612393507e-10, 1.30104829688e-10, 4.8468881686e-11, 2.14336343812e-11, 3.65145171044e-11, 1.32754501836e-10, 2.3332613619e-10, 1.93900631662e-10, 5.12405534669e-11, 2.01472533101e-10, 3.47207068652e-10, 2.23195309457e-10, 6.59521534607e-11, 7.40470185168e-12, 6.47173243815e-12, 2.26349646491e-12, 1.96779701908e-12, 2.04988651921e-12, 4.98619917057e-13, 2.27340498857e-12, 1.94176944489e-12, 8.1373727201e-12, 4.59317696724e-12, 1.72827930352e-12, 1.9244955022e-12, 1.99368885116e-12, 2.26107023729e-12, 1.45007920602e-12, 1.01810031759e-12, 2.92743937815e-13, 4.12743759526e-13, 1.70358288565e-13, 4.15200778489e-13, 1.43279810759e-12, 1.70621166935e-13, 1.65091695197e-13, 6.55087583571e-13, 2.00412277919e-13, 6.03334046677e-14],
        "stdev": [0.00895023532212, 0.00762286176905, 0.00267635146156, 0.00115626270417, 0.000432629691204, 0.00039020559052, 0.00104269164149, 0.000725809775759, 0.000462384341517, 0.000546750903595, 0.000365452608094, 0.000483487732708, 0.000474042375572, 0.000291447533527, 0.000198118839762, 0.000194450825802, 0.000185279888683, 0.000104226543044, 7.96492386144e-05, 5.98541009822e-05, 3.22214254993e-05, 4.1454914026e-05, 6.20633145445e-05, 3.94748421968e-05, 2.57065603364e-05, 1.88440571947e-05, 5.47514218852e-06, 2.2380243081e-06, 2.30446653404e-06, 3.11053258883e-06, 4.5761180445e-06, 3.46014621755e-06, 4.83242592964e-06, 3.92965785068e-06, 3.83487986255e-06, 5.74951081944e-06, 4.99895259054e-06, 3.74632668354e-06, 3.59070395461e-06, 3.00085253002e-06],
        "var": [8.01067144494e-05, 5.81080239499e-05, 7.16285740054e-06, 1.33694356919e-06, 1.8716843897e-07, 1.52260412278e-07, 1.08720576009e-06, 5.26799851741e-07, 2.13799282278e-07, 2.98936527088e-07, 1.33555616344e-07, 2.33760374613e-07, 2.24716160346e-07, 8.49416608162e-08, 3.92510770553e-08, 3.78111231214e-08, 3.43286359339e-08, 1.08631716955e-08, 6.34400132427e-09, 3.58251361909e-09, 1.03822028752e-09, 1.71850988995e-09, 3.85185527918e-09, 1.55826318515e-09, 6.60827226273e-10, 3.55098506155e-10, 2.99771839296e-11, 5.00875252732e-12, 5.31056622288e-12, 9.67541324837e-12, 2.09408584223e-11, 1.19726121378e-11, 2.33523408943e-11, 1.54422100107e-11, 1.4706303883e-11, 3.3056873211e-11, 2.49895278082e-11, 1.40349641631e-11, 1.28931552934e-11, 9.00511609725e-12]
    },
    "melbands128": {
