{
"lowlevel": {
    "average_loudness": 0.643387794495,
    "barkbands_crest": {
        "dmean": 2.00795078278,
        "dmean2": 3.14890241623,
        "dvar": 4.98084020615,
        "dvar2": 12.5442724228,
        "max": 25.6627674103,
        "mean": 10.7652025223,
        "median": 10.0944871902,
        "min": 2.00090098381,
        "stdev": 4.55572986603,
        "var": 20.7546730042
    },
    "barkbands_flatness_db": {
        "dmean": 0.0195423755795,
        "dmean2": 0.0280566643924,
        "dvar": 0.000504111347254,
        "dvar2": 0.000957892800216,
        "max": 0.436291664839,
        "mean": 0.142713114619,
        "median": 0.131940573454,
        "min": 0.032561391592,
        "stdev": 0.0576461069286,
        "var": 0.00332307373174
    },
    "barkbands_kurtosis": {
        "dmean": 4.02502346039,
        "dmean2": 5.90920591354,
        "dvar": 169.598434448,
        "dvar2": 342.522888184,
        "max": 280.547607422,
        "mean": 6.32904815674,
        "median": 0.90919137001,
        "min": -1.90158116817,
        "stdev": 19.1865882874,
        "var": 368.125183105
    },
    "barkbands_skewness": {
        "dmean": 0.52809792757,
        "dmean2": 0.759997308254,
        "dvar": 0.585312485695,
        "dvar2": 1.1400963068,
        "max": 14.1505174637,
        "mean": 1.57389903069,
        "median": 1.20248961449,
        "min": -2.02008605003,
        "stdev": 1.76441788673,
        "var": 3.11317038536
    },
    "barkbands_spread": {
        "dmean": 6.98890781403,
        "dmean2": 10.6191167831,
        "dvar": 101.293586731,
        "dvar2": 226.934539795,
        "max": 103.321624756,
        "mean": 27.010269165,
        "median": 25.5601654053,
        "min": 0.502754867077,
        "stdev": 16.3829746246,
        "var": 268.401885986
    },
    "dissonance": {
        "dmean": 0.0183894205838,
        "dmean2": 0.030399940908,
        "dvar": 0.000393680296838,
        "dvar2": 0.000995240639895,
        "max": 0.499928236008,
        "mean": 0.462373495102,
        "median": 0.468177288771,
        "min": 0.172454044223,
        "stdev": 0.0317282825708,
        "var": 0.00100668391678
    },
    "dynamic_complexity": 2.65758180618,
    "erbbands_crest": {
        "dmean": 2.5522954464,
        "dmean2": 4.02290391922,
        "dvar": 5.6496090889,
        "dvar2": 14.1115894318,
        "max": 24.571472168,
        "mean": 9.28182506561,
        "median": 8.59383201599,
        "min": 2.71512913704,
        "stdev": 4.02873659134,
        "var": 16.2307186127
    },
    "erbbands_flatness_db": {
        "dmean": 0.0162662584335,
        "dmean2": 0.0234565492719,
        "dvar": 0.000305120222038,
        "dvar2": 0.000558326079044,
        "max": 0.368528366089,
        "mean": 0.155034020543,
        "median": 0.155460894108,
        "min": 0.048153154552,
        "stdev": 0.0402407646179,
        "var": 0.00161931908224
    },
    "erbbands_kurtosis": {
        "dmean": 0.988095521927,
        "dmean2": 1.5390611887,
        "dvar": 3.9814183712,
        "dvar2": 10.9169931412,
        "max": 47.0106430054,
        "mean": 0.653494417667,
        "median": 0.0432503223419,
        "min": -1.83510065079,
        "stdev": 2.38610625267,
        "var": 5.69350290298
    },
    "erbbands_skewness": {
        "dmean": 0.371328264475,
        "dmean2": 0.555871784687,
        "dvar": 0.154497846961,
        "dvar2": 0.347232490778,
        "max": 5.28711938858,
        "mean": 0.214363992214,
        "median": 0.248059988022,
        "min": -3.19008755684,
        "stdev": 0.861643433571,
        "var": 0.742429375648
    },
    "erbbands_spread": {
        "dmean": 8.71755313873,
        "dmean2": 12.7198724747,
        "dvar": 111.702423096,
        "dvar2": 230.42326355,
        "max": 141.891479492,
        "mean": 39.2459716797,
        "median": 33.5005187988,
        "min": 3.7746257782,
        "stdev": 21.2803325653,
        "var": 452.85256958
    },
    "hfc": {
        "dmean": 7.29073667526,
        "dmean2": 10.5084466934,
        "dvar": 113.93359375,
        "dvar2": 239.177108765,
        "max": 130.207550049,
        "mean": 25.1068897247,
        "median": 21.4895153046,
        "min": 1.11864914957e-16,
        "stdev": 19.3771095276,
        "var": 375.472381592
    },
    "loudness_ebu128": {
        "integrated": -9.89447689056,
        "loudness_range": 2.68197345734,
        "momentary": {
            "dmean": 0.644350171089,
            "dmean2": 0.809309720993,
            "dvar": 0.534559726715,
            "dvar2": 0.737063765526,
            "max": -5.24844503403,
            "mean": -10.7114362717,
            "median": -10.0579957962,
            "min": -27.6199398041,
            "stdev": 3.15467739105,
            "var": 9.95198917389
        },
        "short_term": {
            "dmean": 0.0873796567321,
            "dmean2": 0.0776971653104,
            "dvar": 0.0108148353174,
            "dvar2": 0.0088459989056,
            "max": -8.34167194366,
            "mean": -10.1257734299,
            "median": -10.0007390976,
            "min": -13.7649326324,
            "stdev": 1.1168191433,
            "var": 1.24728500843
        }
    },
    "melbands_crest": {
        "dmean": 2.61129021645,
        "dmean2": 4.06722021103,
        "dvar": 8.84105491638,
        "dvar2": 20.0009784698,
        "max": 37.0797462463,
        "mean": 16.5850067139,
        "median": 15.2190656662,
        "min": 2.24942922592,
        "stdev": 7.00748729706,
        "var": 49.1048812866
    },
    "melbands_flatness_db": {
        "dmean": 0.0234838984907,
        "dmean2": 0.0326324850321,
        "dvar": 0.000796647567768,
        "dvar2": 0.00143145245966,
        "max": 0.552242338657,
        "mean": 0.204228639603,
        "median": 0.1909263134,
        "min": 0.00555378105491,
        "stdev": 0.0756103545427,
        "var": 0.00571692595258
    },
    "melbands_kurtosis": {
        "dmean": 9.35003852844,
        "dmean2": 12.9734306335,
        "dvar": 693.38079834,
        "dvar2": 1040.78015137,
        "max": 771.777526855,
        "mean": 19.2880363464,
        "median": 6.40880680084,
        "min": -1.7200717926,
        "stdev": 47.2314491272,
        "var": 2230.80981445
    },
    "melbands_skewness": {
        "dmean": 0.693690657616,
        "dmean2": 0.972564458847,
        "dvar": 0.941632449627,
        "dvar2": 1.67279803753,
        "max": 23.1141815186,
        "mean": 2.80374670029,
        "median": 2.31890010834,
        "min": -0.692751526833,
        "stdev": 2.477247715,
        "var": 6.13675642014
    },
    "melbands_spread": {
        "dmean": 7.31197309494,
        "dmean2": 11.0026607513,
        "dvar": 153.826141357,
        "dvar2": 296.362579346,
        "max": 200.235610962,
        "mean": 28.9354419708,
        "median": 25.6952419281,
        "min": 0.383682638407,
        "stdev": 22.5001106262,
        "var": 506.254943848
    },
    "pitch_salience": {
        "dmean": 0.0611736886203,
        "dmean2": 0.09715423733,
        "dvar": 0.00449149729684,
        "dvar2": 0.0109265241772,
        "max": 0.868678212166,
        "mean": 0.50663125515,
        "median": 0.502278149128,
        "min": 0.0636016353965,
        "stdev": 0.138475894928,
        "var": 0.0191755723208
    },
    "silence_rate_20dB": {
        "dmean": 0.00154798757285,
        "dmean2": 0.00309837330133,
        "dvar": 0.00154558953363,
        "dvar2": 0.00463795056567,
        "max": 1,
        "mean": 0.999226629734,
        "median": 1,
        "min": 0,
        "stdev": 0.0277992226183,
        "var": 0.000772796745878
    },
    "silence_rate_30dB": {
        "dmean": 0.0216718260199,
        "dmean2": 0.0433772280812,
        "dvar": 0.0212017707527,
        "dvar2": 0.0461424030364,
        "max": 1,
        "mean": 0.941221952438,
        "median": 1,
        "min": 0,
        "stdev": 0.235208302736,
        "var": 0.055322945118
    },
    "silence_rate_60dB": {
        "dmean": 0.00696594407782,
        "dmean2": 0.0131680862978,
        "dvar": 0.00691751716658,
        "dvar2": 0.0129948342219,
        "max": 1,
        "mean": 0.0456303171813,
        "median": 0,
        "min": 0,
        "stdev": 0.208681613207,
        "var": 0.043548014015
    },
    "spectral_centroid": {
        "dmean": 296.129119873,
        "dmean2": 443.434997559,
        "dvar": 178097.46875,
        "dvar2": 299174.4375,
        "max": 10820.8691406,
        "mean": 1590.89123535,
        "median": 1571.45910645,
        "min": 170.483444214,
        "stdev": 729.707580566,
        "var": 532473.1875
    },
    "spectral_complexity": {
        "dmean": 3.79953551292,
        "dmean2": 5.40898513794,
        "dvar": 18.4976863861,
        "dvar2": 29.0178184509,
        "max": 56,
        "mean": 20.5823669434,
        "median": 20,
        "min": 0,
        "stdev": 10.966668129,
        "var": 120.267814636
    },
    "spectral_decrease": {
        "dmean": 2.42998354771e-09,
        "dmean2": 3.58718832416e-09,
        "dvar": 3.41955869659e-17,
        "dvar2": 6.97253302331e-17,
        "max": -6.64042950343e-29,
        "mean": -9.00020946659e-09,
        "median": -6.89098511586e-09,
        "min": -9.52966416889e-08,
        "stdev": 1.03504396165e-08,
        "var": 1.07131595586e-16
    },
    "spectral_energy": {
        "dmean": 0.00959589052945,
        "dmean2": 0.0141217373312,
        "dvar": 0.000499739078805,
        "dvar2": 0.00101729365997,
        "max": 0.361420482397,
        "mean": 0.036246124655,
        "median": 0.0286462213844,
        "min": 1.03970940365e-20,
        "stdev": 0.0394803360105,
        "var": 0.00155869696755
    },
    "spectral_energyband_high": {
        "dmean": 0.000545598391909,
        "dmean2": 0.000817718042526,
        "dvar": 1.13025271276e-06,
        "dvar2": 2.51422284236e-06,
        "max": 0.0133044561371,
        "mean": 0.00114900141489,
        "median": 0.000569294090383,
        "min": 7.17773455743e-21,
        "stdev": 0.00161257095169,
        "var": 2.60038495981e-06
    },
    "spectral_energyband_low": {
        "dmean": 0.00554781407118,
        "dmean2": 0.00825603026897,
        "dvar": 0.000429180305218,
        "dvar2": 0.000864392495714,
        "max": 0.357455521822,
        "mean": 0.0191966798156,
        "median": 0.00979398656636,
        "min": 7.25943883775e-23,
        "stdev": 0.037867538631,
        "var": 0.00143395061605
    },
    "spectral_energyband_middle_high": {
        "dmean": 0.00197426043451,
        "dmean2": 0.00269521470182,
        "dvar": 6.91020386512e-06,
        "dvar2": 1.28229039547e-05,
        "max": 0.0385533683002,
        "mean": 0.00699171703309,
        "median": 0.00452824216336,
        "min": 1.64090752422e-21,
        "stdev": 0.00707578053698,
        "var": 5.00666683365e-05
    },
    "spectral_energyband_middle_low": {
        "dmean": 0.00460683973506,
        "dmean2": 0.00739408424124,
        "dvar": 0.000116152972623,
        "dvar2": 0.000304132379824,
        "max": 0.149986714125,
        "mean": 0.00979850627482,
        "median": 0.00668246112764,
        "min": 4.62131126585e-22,
        "stdev": 0.0110610155389,
        "var": 0.000122346071294
    },
    "spectral_entropy": {
        "dmean": 0.173591911793,
        "dmean2": 0.246309280396,
        "dvar": 0.045542974025,
        "dvar2": 0.0880223438144,
        "max": 9.80676937103,
        "mean": 7.55237865448,
        "median": 7.51860332489,
        "min": 4.65228128433,
        "stdev": 0.439930289984,
        "var": 0.19353865087
    },
    "spectral_flux": {
        "dmean": 0.0272600073367,
        "dmean2": 0.0423710644245,
        "dvar": 0.00163074117154,
        "dvar2": 0.00319760967977,
        "max": 0.536835193634,
        "mean": 0.0812733992934,
        "median": 0.0701650902629,
        "min": 1.01966143862e-10,
        "stdev": 0.0592010803521,
        "var": 0.00350476778112
    },
    "spectral_kurtosis": {
        "dmean": 1.51809096336,
        "dmean2": 2.4750084877,
        "dvar": 5.13866758347,
        "dvar2": 11.4183502197,
        "max": 62.0041503906,
        "mean": 4.38332939148,
        "median": 3.99238491058,
        "min": -1.21966481209,
        "stdev": 3.69013118744,
        "var": 13.6170682907
    },
    "spectral_rms": {
        "dmean": 0.000682536163367,
        "dmean2": 0.000976737705059,
        "dvar": 1.30862702008e-06,
        "dvar2": 2.52056543104e-06,
        "max": 0.018777789548,
        "mean": 0.00541505636647,
        "median": 0.00528654269874,
        "min": 3.18488724976e-12,
        "stdev": 0.00245749228634,
        "var": 6.03926855547e-06
    },
    "spectral_rolloff": {
        "dmean": 568.480773926,
        "dmean2": 943.474731445,
        "dvar": 1527867.5,
        "dvar2": 3389735,
        "max": 19229.1503906,
        "mean": 1640.75524902,
        "median": 1291.9921875,
        "min": 43.06640625,
        "stdev": 1710.68200684,
        "var": 2926433
    },
    "spectral_skewness": {
        "dmean": 0.233310550451,
        "dmean2": 0.356046468019,
        "dvar": 0.0662782862782,
        "dvar2": 0.136779025197,
        "max": 7.12586784363,
        "mean": 1.53218734264,
        "median": 1.5559233427,
        "min": 0.00731021631509,
        "stdev": 0.570591747761,
        "var": 0.325574964285
    },
    "spectral_spread": {
        "dmean": 724574.1875,
        "dmean2": 1012726.5,
        "dvar": 1.75387783987e+12,
        "dvar2": 2.55177601843e+12,
        "max": 41122456,
        "mean": 4902259,
        "median": 4448474.5,
        "min": 1611099.75,
        "stdev": 2334456.75,
        "var": 5.44968854733e+12
    },
    "spectral_strongpeak": {
        "dmean": 0.476952195168,
        "dmean2": 0.854803442955,
        "dvar": 1.03355896473,
        "dvar2": 2.60660028458,
        "max": 9.15948581696,
        "mean": 0.741822719574,
        "median": 0.323416739702,
        "min": 0,
        "stdev": 1.09671461582,
        "var": 1.20278286934
    },
    "zerocrossingrate": {
        "dmean": 0.0119772516191,
        "dmean2": 0.0139865539968,
        "dvar": 0.000383683072869,
        "dvar2": 0.000493897881825,
        "max": 0.509765625,
        "mean": 0.0633817762136,
        "median": 0.0576171875,
        "min": 0.0029296875,
        "stdev": 0.0404181852937,
        "var": 0.0016336296685
    },
    "barkbands": {
        "dmean": [0.000459964154288, 0.00430946704, 0.00245507084765, 0.000929020985495, 0.0023712576367, 0.000888206181116, 0.000798754568677, 0.000706415099557, 0.000610145216342, 0.00074939976912, 0.00045236418373, 0.000286151014734, 0.00040413919487, 0.000321301573422, 0.000379267410608, 0.000298063765513, 0.000311805226374, 0.000238388427533, 0.000257485546172, 0.000188294812688, 0.000157165603014, 9.06100831344e-05, 7.25924692233e-05, 0.000107570856926, 0.000107182320789, 4.77911999042e-05, 5.56154873266e-06],
        "dmean2": [0.000698630174156, 0.00639572693035, 0.00450033275411, 0.00162756966893, 0.00394737021998, 0.00139063014649, 0.00135041598696, 0.00112301518675, 0.000975886941887, 0.00105682213325, 0.00065231975168, 0.000449116982054, 0.000614262069575, 0.00048221173347, 0.000579934334382, 0.000470106868306, 0.000461212883238, 0.000366111547919, 0.000398208183469, 0.000280459877104, 0.000242525464273, 0.000131405438879, 0.00011040152458, 0.000166632453329, 0.000166690835613, 7.61710252846e-05, 9.51774927671e-06],
        "dvar": [3.98739484808e-06, 0.000331654766342, 0.000189926126041, 1.93085670617e-05, 6.38046112726e-05, 3.69321833205e-06, 3.43573447026e-06, 2.85350552076e-06, 2.76582659353e-06, 2.27232862926e-06, 1.42298915762e-06, 5.40699659268e-07, 8.02760609986e-07, 5.87301940413e-07, 6.81087783505e-07, 3.93600203097e-07, 3.37150538599e-07, 1.59885843232e-07, 1.9422968478e-07, 8.26596675552e-08, 1.1557706614e-07, 5.69404612349e-08, 5.58872166323e-08, 7.13593308888e-08, 5.2287234098e-08, 2.36919337482e-08, 6.40597186408e-10],
        "dvar2": [8.40069060359e-06, 0.000719597679563, 0.000563573732506, 5.64997790207e-05, 0.0001726544142, 8.92856405699e-06, 8.91749277798e-06, 7.10314543539e-06, 6.86914836479e-06, 3.83773976864e-06, 3.26673762174e-06, 1.3274415096e-06, 1.78433936071e-06, 1.09699715267e-06, 1.48220487972e-06, 8.98618679912e-07, 6.99701729445e-07, 3.80023067237e-07, 4.41031318132e-07, 1.81640245955e-07, 2.56975170032e-07, 1.14980252874e-07, 1.22958283555e-07, 1.6677563508e-07, 1.24960791936e-07, 5.77825538528e-08, 1.61200397475e-09],
        "max": [0.0600297041237, 0.333696454763, 0.141002193093, 0.071732096374, 0.129379704595, 0.0313326790929, 0.0260830670595, 0.0214212276042, 0.0292856898159, 0.0257320422679, 0.0276364516467, 0.0116868633777, 0.0188851188868, 0.0143155939877, 0.017060957849, 0.0116124264896, 0.00897479429841, 0.00588524946943, 0.00582956010476, 0.00392850674689, 0.00489368429407, 0.00531817553565, 0.00579933077097, 0.00404949858785, 0.00285399192944, 0.00263520143926, 0.000380031735403],
        "mean": [0.00201108446345, 0.0135692553595, 0.00296214455739, 0.00113970402163, 0.00333268358372, 0.00170876435004, 0.00113679631613, 0.00111778522842, 0.000888410606422, 0.00162051909138, 0.00091427116422, 0.000514917948749, 0.000781676790211, 0.000513214443345, 0.000653560564388, 0.000504177063704, 0.000584249210078, 0.000430123007391, 0.000506643089466, 0.000372018374037, 0.000265623384621, 0.000137409049785, 0.000111267821922, 0.000196036548004, 0.000204654075787, 6.19896236458e-05, 7.20459456716e-06],
        "median": [6.64962499286e-05, 0.00804641284049, 0.000245894480031, 0.00021277857013, 0.00136476883199, 0.000671993358992, 0.000445155135822, 0.000390643428545, 0.000338991580065, 0.000440289237304, 0.000177850379259, 0.000170705403434, 0.000223452385399, 0.000149728613906, 0.000293900055112, 0.00019271428755, 0.000179518625373, 0.000197836532607, 0.000255034334259, 0.000190241014934, 7.4480267358e-05, 1.88814028661e-05, 2.1243122319e-05, 6.2680686824e-05, 4.63382566522e-05, 5.10734435011e-06, 8.1393530138e-08],
        "min": [7.9910095086e-24, 2.30165599218e-23, 2.29908051909e-23, 5.89761437312e-23, 9.41875876353e-23, 5.48871179389e-23, 8.91735435456e-23, 3.06207909285e-23, 6.42035715404e-23, 1.40353677873e-22, 6.05888783441e-23, 1.42988839328e-22, 2.0291520704e-22, 1.26605637209e-22, 8.07721117961e-23, 1.93462255259e-22, 2.09724326208e-22, 1.52936955944e-22, 2.38106695919e-22, 2.74533667193e-22, 3.83865800176e-22, 6.45501629434e-22, 4.86602626851e-22, 8.83793915925e-22, 1.22408089399e-21, 1.4632269678e-21, 2.18727435423e-21],
        "stdev": [0.00613429769874, 0.029419451952, 0.0114572094753, 0.00385952903889, 0.00706813624129, 0.00271804933436, 0.00216083507985, 0.00211830530316, 0.00184802850708, 0.00311788986437, 0.0023112045601, 0.00112052704208, 0.00158282241318, 0.00125912809744, 0.00127961614635, 0.0010293321684, 0.00103483651765, 0.000574726378545, 0.00068060553167, 0.000444669334684, 0.00046608626144, 0.000337326986482, 0.000337697973009, 0.000356177508365, 0.000342482089764, 0.000181311042979, 3.10832838295e-05],
        "var": [3.76296084141e-05, 0.000865504145622, 0.000131267646793, 1.48959652506e-05, 4.99585512443e-05, 7.38779226594e-06, 4.66920801045e-06, 4.48721766588e-06, 3.4152092212e-06, 9.7212368928e-06, 5.34166656507e-06, 1.25558085529e-06, 2.50532661994e-06, 1.58540365192e-06, 1.63741742654e-06, 1.05952460672e-06, 1.07088658297e-06, 3.30310427898e-07, 4.63223869929e-07, 1.97730813056e-07, 2.17236390654e-07, 1.13789496936e-07, 1.14039927723e-07, 1.2686241746e-07, 1.17293986079e-07, 3.2873693101e-08, 9.66170476957e-10]
    },
    "erbbands": {
        "dmean": [0.149120479822, 0.998801231384, 2.34141564369, 3.33685207367, 4.23705148697, 10.0817918777, 8.24347782135, 7.95204734802, 9.88813591003, 14.4567317963, 12.4926223755, 14.6891145706, 17.9462928772, 25.431892395, 14.2367858887, 13.1064214706, 17.4624023438, 18.0417137146, 16.5964374542, 15.3440294266, 15.0765028, 14.5066776276, 11.2374477386, 15.35501194, 11.4083566666, 8.80533027649, 6.83523130417, 5.41315698624, 3.4481780529, 2.51385068893, 2.12120079994, 2.06642317772, 1.97393369675, 1.2462490797, 0.78836119175, 0.301204115152, 0.0666490346193, 0.0137019958347, 0.000609958893619, 2.14283918467e-05],
        "dmean2": [0.201413199306, 1.48613357544, 4.04029178619, 5.97451066971, 7.16700792313, 16.6827106476, 12.876543045, 12.5440645218, 16.5187530518, 23.2751560211, 19.9887523651, 22.9696598053, 26.4862289429, 35.6953926086, 21.2428359985, 20.1860847473, 25.8785037994, 26.4305896759, 24.5620288849, 23.7246646881, 23.3507881165, 21.3544921875, 16.222114563, 23.8241863251, 17.4347648621, 12.9963102341, 10.4222068787, 8.5138759613, 4.99542379379, 3.74871301651, 3.24748754501, 3.12879633904, 3.06589913368, 1.88779103756, 1.25957763195, 0.481903940439, 0.108092010021, 0.0234941821545, 0.00102992856409, 3.37231795129e-05],
        "dvar": [0.417050004005, 18.6503772736, 143.587097168, 322.06930542, 266.795898438, 1207.1998291, 240.852233887, 451.923187256, 496.527709961, 1401.87939453, 685.195556641, 1497.68164062, 1373.01123047, 3969.82421875, 1374.54711914, 1043.45532227, 1764.12988281, 1705.61340332, 1091.92871094, 1340.04638672, 827.161254883, 647.310119629, 370.730773926, 589.278198242, 377.964111328, 191.730758667, 187.862136841, 155.595123291, 73.4367218018, 59.684928894, 44.8162193298, 26.5021343231, 23.4368515015, 7.07422161102, 3.04854416847, 0.742556869984, 0.0713374838233, 0.00322538265027, 6.83884354657e-06, 2.52553000735e-09],
        "dvar2": [0.668668866158, 45.6903457642, 401.473571777, 951.397460938, 753.282104492, 3269.74975586, 577.586547852, 1083.28979492, 1317.4395752, 3624.96508789, 1735.29626465, 3583.671875, 2697.23071289, 7672.65087891, 3054.04638672, 2467.49682617, 3941.20678711, 3271.30566406, 2041.28820801, 3171.47314453, 1818.74084473, 1360.29943848, 838.753295898, 1323.53344727, 861.433166504, 410.116149902, 424.755767822, 354.54864502, 148.155502319, 130.882232666, 99.4804763794, 60.4977684021, 56.3252983093, 17.1174182892, 7.246073246, 1.82884323597, 0.174005031586, 0.00768735865131, 1.7114689399e-05, 5.79632342124e-09],
        "max": [18.3824729919, 65.3485870361, 144.021194458, 258.94543457, 250.937683105, 543.260742188, 185.023971558, 353.828063965, 319.090393066, 438.260406494, 441.776519775, 597.370544434, 551.778991699, 1189.08410645, 957.078186035, 582.782104492, 940.544250488, 787.499084473, 601.92779541, 860.304260254, 396.004821777, 365.264282227, 327.073150635, 357.091644287, 288.553405762, 189.760543823, 174.558502197, 157.462219238, 157.790512085, 144.828567505, 159.331726074, 68.7961883545, 78.4078598022, 33.3936500549, 18.5598068237, 10.3680849075, 5.61235237122, 0.931375384331, 0.041588190943, 0.000727579405066],
        "mean": [0.556697547436, 2.34046840668, 3.71842670441, 4.09790277481, 4.8711233139, 13.4092540741, 15.279999733, 14.5097703934, 14.585899353, 22.3257331848, 20.9009971619, 23.2739658356, 34.3985366821, 58.0677375793, 31.5247211456, 26.0305862427, 35.5702629089, 33.783454895, 31.6626701355, 26.9461574554, 30.5107212067, 28.3704833984, 22.6520004272, 29.9021835327, 22.8903808594, 17.7660522461, 12.4825382233, 8.43752765656, 5.14756011963, 3.83791780472, 3.26725459099, 3.58609032631, 3.4790289402, 2.33613085747, 1.41326498985, 0.427846968174, 0.0850719287992, 0.0193373151124, 0.00081676064292, 6.19905040367e-05],
        "median": [0.240965232253, 0.961387932301, 0.560952484608, 0.602245151997, 2.07118272781, 5.20566225052, 5.91506958008, 4.67387866974, 6.90048265457, 7.82030344009, 9.89210033417, 9.56649589539, 13.9837865829, 13.6732473373, 9.2525396347, 9.83085250854, 11.5316638947, 12.6278362274, 15.9386968613, 12.6311702728, 12.4076099396, 8.58102321625, 9.80941295624, 16.5885334015, 12.30560112, 9.60188865662, 4.83034849167, 1.89693677425, 0.809593200684, 0.504476845264, 0.705669701099, 1.0141633749, 1.01793813705, 0.590184688568, 0.239882737398, 0.0429265759885, 0.00696440367028, 0.000808578974102, 4.77420762763e-05, 4.16698749177e-05],
        "min": [5.99199154612e-22, 5.54217634318e-21, 1.93280960634e-20, 1.2459409269e-19, 2.75199655225e-19, 3.05669576871e-19, 3.36487172869e-19, 5.28904970533e-19, 1.23304805044e-18, 9.34952733792e-19, 6.36989610947e-19, 1.61185324061e-18, 4.10076815266e-18, 3.7254312274e-18, 2.76086625486e-18, 7.58370600681e-18, 9.40070417523e-18, 6.23284644744e-18, 4.68299452964e-18, 6.02279096191e-18, 1.10254291734e-17, 1.25053007841e-17, 8.2065969963e-18, 9.09723890545e-18, 1.26753302406e-17, 1.26667250807e-17, 1.49900198225e-17, 1.88857526488e-17, 2.1202573048e-17, 1.6917205066e-17, 1.60377185146e-17, 2.04734149924e-17, 1.22396997069e-17, 1.43080292598e-17, 8.33858607074e-18, 5.31349764872e-18, 2.60988449317e-18, 1.17226030498e-18, 2.5286689021e-19, 3.63196136914e-20],
        "stdev": [1.33391022682, 5.52482223511, 11.6047439575, 14.972826004, 13.3209171295, 30.7825946808, 23.3023300171, 29.1984443665, 24.7565383911, 43.6331138611, 35.194683075, 46.2327308655, 60.5317878723, 122.807144165, 80.9564056396, 53.0555534363, 73.0109710693, 71.7875137329, 58.780090332, 51.9364585876, 51.3935813904, 46.1202926636, 32.6008796692, 39.2385749817, 29.7287788391, 21.4808692932, 19.8404560089, 16.1647510529, 11.9690351486, 11.1055622101, 9.43587684631, 6.80119371414, 6.40678167343, 3.99748706818, 2.53865933418, 1.0168325901, 0.304661184549, 0.072918727994, 0.00325012137182, 7.23993580323e-05],
        "var": [1.77931654453, 30.5236606598, 134.670089722, 224.185516357, 177.44682312, 947.56817627, 542.998596191, 852.549133301, 612.886230469, 1903.84863281, 1238.66577148, 2137.46533203, 3664.09741211, 15081.5947266, 6553.93945312, 2814.89160156, 5330.6015625, 5153.44726562, 3455.09887695, 2697.39575195, 2641.30004883, 2127.08129883, 1062.81738281, 1539.66564941, 883.800292969, 461.427734375, 393.643676758, 261.299194336, 143.2578125, 123.333503723, 89.035774231, 46.25623703, 41.0468521118, 15.9799022675, 6.44479084015, 1.03394854069, 0.0928184315562, 0.00531714130193, 1.05632889245e-05, 5.24166754445e-09]
    },
    "gfcc": {
        "mean": [5.30149412155, 89.1923370361, -117.474891663, 35.4506149292, -52.2925071716, 17.8774623871, -36.7139282227, 20.887594223, -26.4391040802, 7.50491285324, -6.4867773056, -2.15465688705, 0.222004055977],
        "cov": [[7144.38232422, -808.450012207, -238.018447876, 125.515357971, -33.2375221252, 159.418731689, -132.552459717, 530.912414551, -50.5912742615, 316.052642822, 92.1235580444, -38.6822624207, 155.555221558], [-808.450012207, 1369.13964844, -384.165374756, 45.2207603455, 202.954071045, -156.28326416, 188.514968872, -134.024688721, 142.325241089, -151.709274292, 177.880523682, -126.092483521, 117.532859802], [-238.018447876, -384.165374756, 1244.86950684, 13.7107543945, -80.9388580322, 114.736167908, -125.0963974, 47.5111351013, -17.5421085358, 71.9159011841, -98.1058044434, 67.8910827637, -96.4993286133], [125.515357971, 45.2207603455, 13.7107543945, 552.311035156, 101.347511292, -63.5100517273, 41.9026298523, -117.313659668, 143.652648926, -90.9678726196, -49.7171592712, 1.57225120068, -7.0329990387], [-33.2375221252, 202.954071045, -80.9388580322, 101.347511292, 345.01574707, 53.9957542419, 77.4250946045, 42.7124595642, 114.89050293, 13.1477136612, 63.6003036499, 17.075466156, 49.0024719238], [159.418731689, -156.28326416, 114.736167908, -63.5100517273, 53.9957542419, 225.177047729, 31.5606460571, 90.7766494751, -13.5281000137, 69.7064437866, 33.5901756287, 5.0338435173, 10.6306886673], [-132.552459717, 188.514968872, -125.0963974, 41.9026298523, 77.4250946045, 31.5606460571, 171.331069946, 2.92296814919, 57.2967224121, -6.825963974, 31.1330718994, -6.54151296616, 22.5965423584], [530.912414551, -134.024688721, 47.5111351013, -117.313659668, 42.7124595642, 90.7766494751, 2.92296814919, 247.152954102, -8.85308456421, 103.896743774, 74.0213851929, -1.63746547699, 58.7266044617], [-50.5912742615, 142.325241089, -17.5421085358, 143.652648926, 114.89050293, -13.5281000137, 57.2967224121, -8.85308456421, 180.140426636, -11.4905567169, 14.6680746078, 21.8425922394, 6.87133693695], [316.052642822, -151.709274292, 71.9159011841, -90.9678726196, 13.1477136612, 69.7064437866, -6.825963974, 103.896743774, -11.4905567169, 136.702819824, 33.2388572693, 8.925116539, 16.629940033], [92.1235580444, 177.880523682, -98.1058044434, -49.7171592712, 63.6003036499, 33.5901756287, 31.1330718994, 74.0213851929, 14.6680746078, 33.2388572693, 180.115921021, -24.0992183685, 66.378692627], [-38.6822624207, -126.092483521, 67.8910827637, 1.57225120068, 17.075466156, 5.0338435173, -6.54151296616, -1.63746547699, 21.8425922394, 8.925116539, -24.0992183685, 112.833045959, -2.36350131035], [155.555221558, 117.532859802, -96.4993286133, -7.0329990387, 49.0024719238, 10.6306886673, 22.5965423584, 58.7266044617, 6.87133693695, 16.629940033, 66.378692627, -2.36350131035, 108.677139282]],
        "icov": [[0.000204514260986, 4.16489419877e-05, 0.00011109605839, -0.000238435241044, 9.98236282612e-05, -2.73970217677e-05, 0.000195922955754, -0.000421188160544, 4.7410660045e-05, -0.000312033720547, 5.76384700253e-05, 7.02365505276e-05, -9.89519976429e-05], [4.16489419877e-05, 0.00222955574282, -0.00024682158255, 0.00103799568024, -0.000899780483451, 0.00143744621892, -0.00159725185949, 0.00150440796278, -0.00132346525788, 0.00167176767718, -0.00148710724898, 0.00240455404855, -0.00205011526123], [0.00011109605839, -0.00024682158255, 0.00118356756866, -0.000491667655297, 0.000384343555197, -0.000835764105432, 0.00105166668072, -0.00069526367588, 2.49471795541e-05, -0.000697905314155, 0.000484696531203, -0.000738488684874, 0.000985642662272], [-0.000238435241044, 0.00103799568024, -0.000491667655297, 0.00365868094377, -0.00102793041151, 0.000888226204552, -0.00103699078318, 0.00215218611993, -0.00269632833079, 0.00222294544801, -1.16015471576e-05, 0.00171865371522, -0.00167708017398], [9.98236282612e-05, -0.000899780483451, 0.000384343555197, -0.00102793041151, 0.00486421631649, -0.00170136464294, 0.000212937928154, -0.00115146313328, -0.00162090954836, -0.00083818892017, -7.73275096435e-05, -0.00149130646605, -9.83821810223e-05], [-2.73970217677e-05, 0.00143744621892, -0.000835764105432, 0.000888226204552, -0.00170136464294, 0.00741880107671, -0.00284425681457, -0.000147903672769, 0.000519635039382, -0.000612193136476, -0.00137076841202, 0.0014903236879, -0.000556754588615], [0.000195922955754, -0.00159725185949, 0.00105166668072, -0.00103699078318, 0.000212937928154, -0.00284425681457, 0.00922358874232, -0.00117658323143, -0.00111964566167, -0.00102479895577, 0.000909363792744, -0.00121374672744, 0.000859673833475], [-0.000421188160544, 0.00150440796278, -0.00069526367588, 0.00215218611993, -0.00115146313328, -0.000147903672769, -0.00117658323143, 0.0095903724432, -0.00157975987531, -0.00198563700542, -0.00202503660694, 0.00211894651875, -0.00421964051202], [4.7410660045e-05, -0.00132346525788, 2.49471795541e-05, -0.00269632833079, -0.00162090954836, 0.000519635039382, -0.00111964566167, -0.00157975987531, 0.0102981636301, -0.00158096151426, -2.11031929211e-05, -0.00312625709921, 0.00251331017353], [-0.000312033720547, 0.00167176767718, -0.000697905314155, 0.00222294544801, -0.00083818892017, -0.000612193136476, -0.00102479895577, -0.00198563700542, -0.00158096151426, 0.0139491409063, -0.00178174569737, 0.00101651495788, -0.00103749672417], [5.76384700253e-05, -0.00148710724898, 0.000484696531203, -1.16015471576e-05, -7.73275096435e-05, -0.00137076841202, 0.000909363792744, -0.00202503660694, -2.11031929211e-05, -0.00178174569737, 0.00949623063207, 0.000283696106635, -0.0024904566817], [7.02365505276e-05, 0.00240455404855, -0.000738488684874, 0.00171865371522, -0.00149130646605, 0.0014903236879, -0.00121374672744, 0.00211894651875, -0.00312625709921, 0.00101651495788, 0.000283696106635, 0.0126265613362, -0.00346811837517], [-9.89519976429e-05, -0.00205011526123, 0.000985642662272, -0.00167708017398, -9.83821810223e-05, -0.000556754588615, 0.000859673833475, -0.00421964051202, 0.00251331017353, -0.00103749672417, -0.0024904566817, -0.00346811837517, 0.0159728769213]]
    },
    "melbands": {
        "dmean": [0.00122610712424, 0.00103688007221, 0.000553668243811, 0.00051333126612, 0.00031919212779, 0.000171015155502, 0.000159271075972, 0.00016075943131, 9.41117468756e-05, 9.89011750789e-05, 9.11256793188e-05, 0.000106343497464, 4.9145121011e-05, 3.63996332453e-05, 3.31498777086e-05, 4.01709839934e-05, 3.62552273145e-05, 2.49525401159e-05, 2.82854143734e-05, 2.10971174965e-05, 1.90815662791e-05, 1.6594913177e-05, 1.25256456158e-05, 1.119112585e-05, 1.37662136694e-05, 9.60278885032e-06, 7.56195504437e-06, 5.95080928179e-06, 4.63032938569e-06, 3.89965498471e-06, 3.1288629998e-06, 1.9470683128e-06, 1.82103121915e-06, 1.34772437832e-06, 1.24484301978e-06, 1.23485222048e-06, 1.37693155011e-06, 1.46701449921e-06, 1.33850346629e-06, 1.01446914869e-06],
        "dmean2": [0.00181516283192, 0.00170931452885, 0.000974540540483, 0.000864131725393, 0.000508269993588, 0.000269041513093, 0.000265812996076, 0.000256515020737, 0.000150112900883, 0.00015551582328, 0.000134875182994, 0.000148525214172, 7.18665178283e-05, 5.71248092456e-05, 5.19537825312e-05, 6.1259866925e-05, 5.36640545761e-05, 3.64948718925e-05, 4.39026516688e-05, 3.27024026774e-05, 2.99091843772e-05, 2.49669974437e-05, 1.82601979759e-05, 1.74041560967e-05, 2.16113967326e-05, 1.51130234372e-05, 1.1402871678e-05, 8.92696243682e-06, 7.17348439139e-06, 6.14878717897e-06, 4.94384130434e-06, 2.91918399853e-06, 2.71466115009e-06, 2.08965093407e-06, 1.95288521354e-06, 1.94036397261e-06, 2.10948587664e-06, 2.29818692787e-06, 2.07653647522e-06, 1.56282510488e-06],
        "dvar": [2.69307183771e-05, 2.11788792512e-05, 7.17932425687e-06, 3.74129649572e-06, 4.60774941757e-07, 1.89472174839e-07, 1.24833135828e-07, 1.70647737718e-07, 4.00810513668e-08, 7.17411481332e-08, 3.46336150869e-08, 6.85349306195e-08, 1.40791360792e-08, 6.29354213189e-09, 9.06271591106e-09, 8.45207104305e-09, 8.29053714568e-09, 2.50875342722e-09, 5.41175992907e-09, 2.77922529435e-09, 1.60013979844e-09, 8.44332881389e-10, 7.4499417746e-10, 3.89033749659e-10, 5.13573628069e-10, 3.81848441755e-10, 1.35025574055e-10, 9.04381430855e-11, 8.18086570709e-11, 8.55490331353e-11, 5.0852648481e-11, 2.38438626482e-11, 2.96547716938e-11, 2.00835337943e-11, 1.64825410265e-11, 1.09952255634e-11, 1.15322005417e-11, 1.31692347999e-11, 1.01030312588e-11, 4.32292526428e-12],
        "dvar2": [5.21201654919e-05, 5.0903599913e-05, 2.09951540455e-05, 1.03030824903e-05, 1.14070974178e-06, 4.61417215547e-07, 3.27569694036e-07, 4.34945405914e-07, 1.00574951034e-07, 1.72111256802e-07, 6.79804657011e-08, 1.27337784761e-07, 3.07618961415e-08, 1.43767078242e-08, 2.09376729288e-08, 2.04298338247e-08, 1.55035912996e-08, 4.52853532451e-09, 1.25778720772e-08, 6.29251406536e-09, 3.54100704314e-09, 1.88033966175e-09, 1.49457735077e-09, 9.36565935916e-10, 1.1604427419e-09, 9.25533261142e-10, 3.05448583093e-10, 1.96159005705e-10, 1.90175139525e-10, 1.97006258529e-10, 1.17078305384e-10, 5.15057475836e-11, 6.1839595944e-11, 4.64153576685e-11, 3.7627883448e-11, 2.41874992257e-11, 2.67347463612e-11, 3.20236580309e-11, 2.47721565483e-11, 1.06444479966e-11],
        "max": [0.11581645906, 0.0624618194997, 0.0373391062021, 0.0312093850225, 0.00949488487095, 0.00728759542108, 0.0049941088073, 0.00494750915095, 0.00336927897297, 0.00462394859642, 0.00266977841966, 0.00446449313313, 0.00262521323748, 0.00114270707127, 0.00210016802885, 0.00169243908022, 0.00177334295586, 0.00101798435207, 0.00176938064396, 0.00117912353016, 0.000665246858262, 0.00034643462277, 0.000591283780523, 0.000368906621588, 0.000362629449228, 0.000337990059052, 0.000154742665472, 0.000109932167106, 9.55218201852e-05, 0.00014080935216, 7.720177382e-05, 7.02509350958e-05, 0.000135235692142, 9.31655595195e-05, 9.02612518985e-05, 6.35023752693e-05, 4.59844377474e-05, 5.97917605774e-05, 4.14602072851e-05, 2.3647731723e-05],
        "mean": [0.0043311980553, 0.00229089986533, 0.000693576643243, 0.000650417583529, 0.000577500090003, 0.000313099619234, 0.000234338309383, 0.000248869822826, 0.000154083420057, 0.000150111940457, 0.000170715109562, 0.00023767692619, 0.00010082670633, 7.46105288272e-05, 6.34590978734e-05, 7.75087901275e-05, 6.1257807829e-05, 4.49359285994e-05, 4.51720734418e-05, 3.60425765393e-05, 3.67515058315e-05, 3.0514998798e-05, 2.33938135352e-05, 2.03734343813e-05, 2.48724809353e-05, 1.74709130079e-05, 1.44565665323e-05, 1.09945613076e-05, 8.0262980191e-06, 6.34110392639e-06, 4.4457151489e-06, 2.78658239949e-06, 2.65912512987e-06, 1.90735363503e-06, 1.80944562089e-06, 1.92523953046e-06, 2.30730552175e-06, 2.48281617132e-06, 2.33132436733e-06, 1.79896176178e-06],
        "median": [0.00276362570003, 0.00055071915267, 0.000151391825057, 0.000278215302387, 0.000235586427152, 0.000110622866487, 0.000106188977952, 8.62303859321e-05, 7.11354150553e-05, 5.2553255955e-05, 6.31598595646e-05, 4.64198856207e-05, 2.31842968788e-05, 2.43666290771e-05, 1.93810119526e-05, 2.39388027694e-05, 1.70104212884e-05, 2.09917961911e-05, 2.01470538741e-05, 1.2931841411e-05, 1.28060555653e-05, 9.36860487855e-06, 6.88895670464e-06, 9.60310990195e-06, 1.25117239804e-05, 8.17660111352e-06, 6.62758020553e-06, 5.16992849953e-06, 2.99435805573e-06, 1.54620317971e-06, 7.54063250952e-07, 4.11769235598e-07, 2.85857339577e-07, 2.00374358883e-07, 3.47483450014e-07, 4.17654462126e-07, 6.68940685955e-07, 7.68476979829e-07, 5.57318514893e-07, 4.44698343927e-07],
        "min": [6.09481390109e-24, 1.03931706399e-23, 2.64598809751e-23, 2.01965462687e-23, 1.30376343426e-23, 1.21528187635e-23, 1.85417180379e-23, 8.94798929449e-24, 4.7170486086e-24, 1.1641954019e-23, 2.03514832836e-23, 1.47451813588e-23, 8.07975004955e-24, 1.60394118035e-23, 2.60657013802e-23, 1.28690934214e-23, 1.2361766718e-23, 7.74373474697e-24, 6.38339263086e-24, 1.14263244126e-23, 1.2811015115e-23, 1.28725983304e-23, 1.09959345245e-23, 6.14436895987e-24, 7.04382974172e-24, 1.03849791083e-23, 8.48124711814e-24, 8.02009007701e-24, 9.64853801024e-24, 8.59012727801e-24, 1.22827433657e-23, 1.47929894851e-23, 7.85883901937e-24, 9.36578186281e-24, 8.02858295351e-24, 1.1724296898e-23, 1.2843370245e-23, 6.85198192502e-24, 1.01352438895e-23, 1.33912688535e-23],
        "stdev": [0.00955932028592, 0.00569856958464, 0.00226279255003, 0.0016213938361, 0.000877335085534, 0.00058992439881, 0.000406493956689, 0.000490260776132, 0.000268874602625, 0.000318935373798, 0.00030787914875, 0.000523599679582, 0.000250999059062, 0.00014992566139, 0.00014257163275, 0.000150763153215, 0.000153601227794, 8.80375737324e-05, 0.000101431505755, 8.92243042472e-05, 7.23517950973e-05, 4.92600629514e-05, 4.92189174111e-05, 2.7286419936e-05, 3.59493787983e-05, 2.63083984464e-05, 1.88713966054e-05, 1.41115588121e-05, 1.29572226797e-05, 1.24071575556e-05, 9.04567968973e-06, 6.37838365947e-06, 7.61980936659e-06, 6.09915196037e-06, 5.56619625058e-06, 4.56688530903e-06, 4.37120843344e-06, 4.58556451122e-06, 4.4520420488e-06, 3.07538175548e-06],
        "var": [9.13806070457e-05, 3.24736975017e-05, 5.1202296163e-06, 2.62891808234e-06, 7.69716848481e-07, 3.48010814832e-07, 1.65237338479e-07, 2.40355603864e-07, 7.22935453723e-08, 1.01719770385e-07, 9.4789569971e-08, 2.74156633395e-07, 6.30005203561e-08, 2.24777032543e-08, 2.03266701249e-08, 2.27295302579e-08, 2.35933370618e-08, 7.75061437253e-09, 1.02883497277e-08, 7.96097587852e-09, 5.23478194125e-09, 2.42655384675e-09, 2.42250175475e-09, 7.44548755982e-10, 1.29235777635e-09, 6.92131851832e-10, 3.56129598034e-10, 1.99136082624e-10, 1.67889618874e-10, 1.53937557146e-10, 8.18243250933e-11, 4.06837792621e-11, 5.80614965828e-11, 3.71996565496e-11, 3.09825429201e-11, 2.08564398391e-11, 1.91074621403e-11, 2.10274020418e-11, 1.98206780849e-11, 9.45797346691e-12]
    },
    "melbands128": {
