{
"lowlevel": {
    "average_loudness": 0.969480454922,
    "barkbands_crest": {
        "dmean": 2.67362642288,
        "dmean2": 4.05785512924,
        "dvar": 6.67648935318,
        "dvar2": 13.7272520065,
        "max": 25.0830936432,
        "mean": 13.1619462967,
        "median": 13.1833362579,
        "min": 3.08829927444,
        "stdev": 4.95538854599,
        "var": 24.5558776855
    },
    "barkbands_flatness_db": {
        "dmean": 0.032414637506,
        "dmean2": 0.0441783703864,
        "dvar": 0.000853328499943,
        "dvar2": 0.00167015264742,
        "max": 0.420847445726,
        "mean": 0.165522888303,
        "median": 0.163485869765,
        "min": 0.0368307866156,
        "stdev": 0.0615830607712,
        "var": 0.00379247334786
    },
    "barkbands_kurtosis": {
        "dmean": 6.14547872543,
        "dmean2": 9.46554470062,
        "dvar": 77.4963378906,
        "dvar2": 160.846542358,
        "max": 190.786361694,
        "mean": 12.009894371,
        "median": 5.74088478088,
        "min": -1.6520062685,
        "stdev": 16.4944248199,
        "var": 272.066040039
    },
    "barkbands_skewness": {
        "dmean": 0.723453164101,
        "dmean2": 1.10267484188,
        "dvar": 0.599654257298,
        "dvar2": 1.23573625088,
        "max": 10.0959720612,
        "mean": 2.51063656807,
        "median": 2.17303538322,
        "min": -1.9892052412,
        "stdev": 1.55948579311,
        "var": 2.43199586868
    },
    "barkbands_spread": {
        "dmean": 6.49985122681,
        "dmean2": 10.0509548187,
        "dvar": 88.7686767578,
        "dvar2": 226.806762695,
        "max": 80.7691345215,
        "mean": 14.5621795654,
        "median": 11.7953662872,
        "min": 0.530389547348,
        "stdev": 11.0771083832,
        "var": 122.702323914
    },
    "dissonance": {
        "dmean": 0.0284614823759,
        "dmean2": 0.0474218502641,
        "dvar": 0.000576436519623,
        "dvar2": 0.00156321993563,
        "max": 0.499759674072,
        "mean": 0.438601374626,
        "median": 0.443181097507,
        "min": 0.307860344648,
        "stdev": 0.0344052165747,
        "var": 0.00118371902499
    },
    "dynamic_complexity": 4.16094875336,
    "erbbands_crest": {
        "dmean": 2.36262750626,
        "dmean2": 3.80047416687,
        "dvar": 4.29178285599,
        "dvar2": 11.0968551636,
        "max": 22.277677536,
        "mean": 9.70754528046,
        "median": 8.90885257721,
        "min": 3.05250787735,
        "stdev": 3.6461482048,
        "var": 13.2943973541
    },
    "erbbands_flatness_db": {
        "dmean": 0.021953696385,
        "dmean2": 0.031637147069,
        "dvar": 0.000349818175891,
        "dvar2": 0.000771813618485,
        "max": 0.259095340967,
        "mean": 0.140100896358,
        "median": 0.138089567423,
        "min": 0.0494305901229,
        "stdev": 0.0378311350942,
        "var": 0.00143119471613
    },
    "erbbands_kurtosis": {
        "dmean": 1.4352170229,
        "dmean2": 2.36255955696,
        "dvar": 2.7855682373,
        "dvar2": 7.66920948029,
        "max": 19.3365345001,
        "mean": 2.55436706543,
        "median": 1.97135782242,
        "min": -1.52466773987,
        "stdev": 2.84037542343,
        "var": 8.06773281097
    },
    "erbbands_skewness": {
        "dmean": 0.348460018635,
        "dmean2": 0.556023538113,
        "dvar": 0.10742905736,
        "dvar2": 0.27419295907,
        "max": 4.05940103531,
        "mean": 1.0451117754,
        "median": 0.975463986397,
        "min": -0.88685965538,
        "stdev": 0.728176355362,
        "var": 0.530240833759
    },
    "erbbands_spread": {
        "dmean": 11.0020370483,
        "dmean2": 17.2940406799,
        "dvar": 189.295593262,
        "dvar2": 458.815155029,
        "max": 124.034286499,
        "mean": 32.2421798706,
        "median": 27.612537384,
        "min": 7.67717838287,
        "stdev": 18.0838432312,
        "var": 327.025390625
    },
    "hfc": {
        "dmean": 9.13590717316,
        "dmean2": 12.6959295273,
        "dvar": 190.275634766,
        "dvar2": 409.264923096,
        "max": 175.078491211,
        "mean": 19.7270259857,
        "median": 12.2078876495,
        "min": 1.11537404374e-16,
        "stdev": 20.8064403534,
        "var": 432.907928467
    },
    "loudness_ebu128": {
        "integrated": -8.19335079193,
        "loudness_range": 2.48375034332,
        "momentary": {
            "dmean": 0.564127445221,
            "dmean2": 0.681638717651,
            "dvar": 0.671493709087,
            "dvar2": 0.582786679268,
            "max": -6.02391624451,
            "mean": -10.2551774979,
            "median": -8.47167110443,
            "min": -40.3190002441,
            "stdev": 6.01216983795,
            "var": 36.1461868286
        },
        "short_term": {
            "dmean": 0.122496850789,
            "dmean2": 0.111435249448,
            "dvar": 0.160674706101,
            "dvar2": 0.138634651899,
            "max": -7.13455057144,
            "mean": -8.90197849274,
            "median": -8.27015399933,
            "min": -27.9935493469,
            "stdev": 2.6394109726,
            "var": 6.96649026871
        }
    },
    "melbands_crest": {
        "dmean": 2.95655679703,
        "dmean2": 4.59515047073,
        "dvar": 8.21923446655,
        "dvar2": 17.9056549072,
        "max": 29.8801441193,
        "mean": 15.8899879456,
        "median": 16.2360439301,
        "min": 1.84029483795,
        "stdev": 5.00969076157,
        "var": 25.0970001221
    },
    "melbands_flatness_db": {
        "dmean": 0.038798648864,
        "dmean2": 0.0532753057778,
        "dvar": 0.00135442451574,
        "dvar2": 0.00268815574236,
        "max": 0.542472064495,
        "mean": 0.25352537632,
        "median": 0.249210104346,
        "min": 0.00562372291461,
        "stdev": 0.0777953341603,
        "var": 0.00605211453512
    },
    "melbands_kurtosis": {
        "dmean": 11.4196081161,
        "dmean2": 18.1479549408,
        "dvar": 388.753692627,
        "dvar2": 937.697998047,
        "max": 348.824523926,
        "mean": 22.2810726166,
        "median": 12.6315374374,
        "min": -1.23861408234,
        "stdev": 26.8543720245,
        "var": 721.157287598
    },
    "melbands_skewness": {
        "dmean": 0.896403431892,
        "dmean2": 1.3855868578,
        "dvar": 1.02926874161,
        "dvar2": 2.26019883156,
        "max": 15.2686891556,
        "mean": 3.13663983345,
        "median": 2.78852152824,
        "min": -0.167701244354,
        "stdev": 1.76728463173,
        "var": 3.12329506874
    },
    "melbands_spread": {
        "dmean": 4.51734781265,
        "dmean2": 6.86930561066,
        "dvar": 37.8740348816,
        "dvar2": 87.186126709,
        "max": 135.619491577,
        "mean": 12.8158378601,
        "median": 10.0904321671,
        "min": 0.604876220226,
        "stdev": 11.4863510132,
        "var": 131.936248779
    },
    "pitch_salience": {
        "dmean": 0.0763648897409,
        "dmean2": 0.115449868143,
        "dvar": 0.0051235537976,
        "dvar2": 0.0103321922943,
        "max": 0.837300956249,
        "mean": 0.484767496586,
        "median": 0.474621444941,
        "min": 0.134179905057,
        "stdev": 0.144173398614,
        "var": 0.0207859687507
    },
    "silence_rate_20dB": {
        "dmean": 0,
        "dmean2": 0,
        "dvar": 0,
        "dvar2": 0,
        "max": 1,
        "mean": 1,
        "median": 1,
        "min": 1,
        "stdev": 0,
        "var": 0
    },
    "silence_rate_30dB": {
        "dmean": 0.0139318881556,
        "dmean2": 0.0278853606433,
        "dvar": 0.0137378629297,
        "dvar2": 0.034853823483,
        "max": 1,
        "mean": 0.989945888519,
        "median": 1,
        "min": 0,
        "stdev": 0.0997650027275,
        "var": 0.00995305553079
    },
    "silence_rate_60dB": {
        "dmean": 0.000773993786424,
        "dmean2": 0.00154918665066,
        "dvar": 0.000773392093834,
        "dvar2": 0.00154677254613,
        "max": 1,
        "mean": 0.105955146253,
        "median": 0,
        "min": 0,
        "stdev": 0.307774931192,
        "var": 0.0947254002094
    },
    "spectral_centroid": {
        "dmean": 189.411849976,
        "dmean2": 291.825469971,
        "dvar": 92352.0859375,
        "dvar2": 189320.046875,
        "max": 11387.6787109,
        "mean": 788.716186523,
        "median": 675.663269043,
        "min": 144.428024292,
        "stdev": 719.045471191,
        "var": 517026.40625
    },
    "spectral_complexity": {
        "dmean": 3.25851392746,
        "dmean2": 4.65840435028,
        "dvar": 11.7443122864,
        "dvar2": 23.5789318085,
        "max": 48,
        "mean": 14.3588552475,
        "median": 14,
        "min": 0,
        "stdev": 7.96838665009,
        "var": 63.4951858521
    },
    "spectral_decrease": {
        "dmean": 2.82160583787e-09,
        "dmean2": 3.95033561418e-09,
        "dvar": 1.12650021854e-17,
        "dvar2": 2.06685022312e-17,
        "max": 1.26164926207e-28,
        "mean": -1.12513269812e-08,
        "median": -1.15077316565e-08,
        "min": -3.21946380666e-08,
        "stdev": 7.08280634143e-09,
        "var": 5.01661450322e-17
    },
    "spectral_energy": {
        "dmean": 0.0110996561125,
        "dmean2": 0.015453661792,
        "dvar": 0.000171881983988,
        "dvar2": 0.00031223508995,
        "max": 0.130876228213,
        "mean": 0.0442543886602,
        "median": 0.0454615838826,
        "min": 1.03930057933e-20,
        "stdev": 0.0278141777962,
        "var": 0.000773628475145
    },
    "spectral_energyband_high": {
        "dmean": 0.000570414937101,
        "dmean2": 0.000854271987919,
        "dvar": 9.62030412666e-07,
        "dvar2": 2.14857254832e-06,
        "max": 0.0120655503124,
        "mean": 0.000679885037243,
        "median": 0.000152971886564,
        "min": 7.44635015224e-21,
        "stdev": 0.00119251315482,
        "var": 1.42208762099e-06
    },
    "spectral_energyband_low": {
        "dmean": 0.00772855756804,
        "dmean2": 0.0115004507825,
        "dvar": 0.000129771768115,
        "dvar2": 0.000251234916504,
        "max": 0.0974346622825,
        "mean": 0.0261779446155,
        "median": 0.0233105234802,
        "min": 2.27981148708e-23,
        "stdev": 0.0210811384022,
        "var": 0.000444414385129
    },
    "spectral_energyband_middle_high": {
        "dmean": 0.0022376710549,
        "dmean2": 0.00316579057835,
        "dvar": 1.24965354189e-05,
        "dvar2": 2.66825863946e-05,
        "max": 0.0396298877895,
        "mean": 0.00482397852466,
        "median": 0.00205156835727,
        "min": 1.32002697881e-21,
        "stdev": 0.00605355063453,
        "var": 3.66454733012e-05
    },
    "spectral_energyband_middle_low": {
        "dmean": 0.00506078079343,
        "dmean2": 0.00741981016472,
        "dvar": 4.50665684184e-05,
        "dvar2": 9.71044282778e-05,
        "max": 0.0680301338434,
        "mean": 0.013786743395,
        "median": 0.011006096378,
        "min": 2.21842529755e-22,
        "stdev": 0.0115533228964,
        "var": 0.000133479261422
    },
    "spectral_entropy": {
        "dmean": 0.277690529823,
        "dmean2": 0.401672869921,
        "dvar": 0.0632381364703,
        "dvar2": 0.150942981243,
        "max": 9.81805038452,
        "mean": 7.37529325485,
        "median": 7.35483598709,
        "min": 5.56410121918,
        "stdev": 0.466597348452,
        "var": 0.217713087797
    },
    "spectral_flux": {
        "dmean": 0.0302202347666,
        "dmean2": 0.0476355366409,
        "dvar": 0.00107873452362,
        "dvar2": 0.00274219131097,
        "max": 0.281015306711,
        "mean": 0.0802258253098,
        "median": 0.0741547048092,
        "min": 6.69845359735e-11,
        "stdev": 0.050139259547,
        "var": 0.00251394533552
    },
    "spectral_kurtosis": {
        "dmean": 2.19403886795,
        "dmean2": 3.41965889931,
        "dvar": 4.43389081955,
        "dvar2": 10.9851331711,
        "max": 24.0995979309,
        "mean": 5.53350496292,
        "median": 4.97220754623,
        "min": -1.24908709526,
        "stdev": 3.31527590752,
        "var": 10.9910535812
    },
    "spectral_rms": {
        "dmean": 0.000837910862174,
        "dmean2": 0.00114732491784,
        "dvar": 9.4917078286e-07,
        "dvar2": 1.59822741352e-06,
        "max": 0.0112997395918,
        "mean": 0.0060285651125,
        "median": 0.00665978714824,
        "min": 3.18426101459e-12,
        "stdev": 0.00261369836517,
        "var": 6.83141888658e-06
    },
    "spectral_rolloff": {
        "dmean": 395.380889893,
        "dmean2": 680.473876953,
        "dvar": 1447141,
        "dvar2": 4025681.5,
        "max": 19078.4179688,
        "mean": 807.886535645,
        "median": 602.9296875,
        "min": 86.1328125,
        "stdev": 1527.03173828,
        "var": 2331825.75
    },
    "spectral_skewness": {
        "dmean": 0.327935069799,
        "dmean2": 0.514798223972,
        "dvar": 0.0875241830945,
        "dvar2": 0.209965288639,
        "max": 3.69641470909,
        "mean": 2.01865172386,
        "median": 2.0027179718,
        "min": -0.0131577355787,
        "stdev": 0.477768063545,
        "var": 0.228262320161
    },
    "spectral_spread": {
        "dmean": 1304737,
        "dmean2": 1979441.375,
        "dvar": 2.50647203021e+12,
        "dvar2": 5.56219026637e+12,
        "max": 42458120,
        "mean": 5819745,
        "median": 5315906.5,
        "min": 2092645.5,
        "stdev": 2940043,
        "var": 8.64385236992e+12
    },
    "spectral_strongpeak": {
        "dmean": 0.32190027833,
        "dmean2": 0.567677736282,
        "dvar": 0.423017293215,
        "dvar2": 1.04855084419,
        "max": 4.87565565109,
        "mean": 0.596384048462,
        "median": 0.393281936646,
        "min": 0,
        "stdev": 0.718646287918,
        "var": 0.516452491283
    },
    "zerocrossingrate": {
        "dmean": 0.0123018911108,
        "dmean2": 0.0154506405815,
        "dvar": 0.000197138462681,
        "dvar2": 0.000247184681939,
        "max": 0.49609375,
        "mean": 0.0425737462938,
        "median": 0.03564453125,
        "min": 0.00341796875,
        "stdev": 0.0398093536496,
        "var": 0.00158478470985
    },
    "barkbands": {
        "dmean": [0.000309291586746, 0.0063598966226, 0.00198324257508, 0.000653990486171, 0.00226588337682, 0.000695413269568, 0.000693344220053, 0.00113092293032, 0.00135788496118, 0.0013426389778, 0.000691588851623, 0.000335927587003, 0.000262395478785, 0.000187298282981, 0.000169472565176, 0.000102470890852, 0.000103981903521, 9.09254449653e-05, 7.29133971618e-05, 4.95300701004e-05, 5.80889245612e-05, 6.11164286966e-05, 6.93301844876e-05, 0.000116220246127, 0.000163558885106, 9.79329561233e-05, 9.99259918899e-06],
        "dmean2": [0.000533788697794, 0.00941432081163, 0.00305128679611, 0.00105152430478, 0.00374523526989, 0.00110611517448, 0.00109897099901, 0.00163764704484, 0.0020299195312, 0.00198297109455, 0.00108096166514, 0.000514683546498, 0.000402649689931, 0.000295445875963, 0.000254915503319, 0.00015809670731, 0.0001586057042, 0.000134193425765, 0.000111992143502, 7.57306988817e-05, 8.69834184414e-05, 9.17388679227e-05, 0.000102269223134, 0.000181268507731, 0.00025918657775, 0.000159731542226, 1.73851640284e-05],
        "dvar": [4.66012011202e-07, 7.85177762737e-05, 1.88784197235e-05, 1.63794857144e-06, 1.16208766485e-05, 1.2988692788e-06, 1.32951663545e-06, 6.03948410571e-06, 6.19063075646e-06, 5.33784441359e-06, 1.83155577815e-06, 3.53803471853e-07, 1.95396623326e-07, 1.12055175805e-07, 9.06454431515e-08, 2.52853009641e-08, 3.01949931725e-08, 1.4322679931e-07, 2.25018244038e-08, 6.00099436809e-09, 1.27705686026e-08, 1.1797306243e-08, 1.87713773414e-08, 5.16809812723e-08, 1.04535857304e-07, 4.07611544517e-08, 5.17268838873e-10],
        "dvar2": [1.20178390262e-06, 0.000155623172759, 3.7690737372e-05, 3.9712722355e-06, 2.98289396596e-05, 3.1371712339e-06, 2.96461507787e-06, 1.39327330544e-05, 1.33753046612e-05, 1.11788795039e-05, 4.47398906545e-06, 7.59863894473e-07, 4.5547847094e-07, 2.60739597024e-07, 2.00386054416e-07, 5.54729879809e-08, 6.85126124722e-08, 3.13739576541e-07, 4.62135254509e-08, 1.33318707185e-08, 2.77990395148e-08, 2.56114898178e-08, 4.3612914169e-08, 1.13542228064e-07, 2.4989859071e-07, 1.00978006401e-07, 1.35419364611e-09],
        "max": [0.00946651119739, 0.0714325755835, 0.0652063563466, 0.0176841728389, 0.0471461974084, 0.0162236653268, 0.0134985819459, 0.0386846512556, 0.0392060689628, 0.0214922465384, 0.0192754734308, 0.00992333795875, 0.00522597972304, 0.00342809827998, 0.00358948111534, 0.00172142509837, 0.00152071693446, 0.0129847936332, 0.00315952603705, 0.000707793922629, 0.000960777280852, 0.00135028385557, 0.00166497635655, 0.00336109194905, 0.00451614148915, 0.0024777057115, 0.000226546180784],
        "mean": [0.000491033773869, 0.0195742044598, 0.00548269506544, 0.00111239426769, 0.00412116665393, 0.00121874455363, 0.00150897412095, 0.00200529163703, 0.00240268884227, 0.00229975860566, 0.00117212336045, 0.000564889283851, 0.0004446823732, 0.000311646115733, 0.000273909769021, 0.000165321689565, 0.000157516638865, 0.000124675614643, 0.000108323882159, 7.29845705791e-05, 8.43906382215e-05, 8.12454672996e-05, 8.33805170259e-05, 0.000124771991977, 0.000167228688952, 9.30407695705e-05, 7.34507193556e-06],
        "median": [0.000121506178402, 0.0183499008417, 0.00219492055476, 0.000424155732617, 0.00307440012693, 0.000616112025455, 0.000656140677165, 0.000556951737963, 0.000980927376077, 0.00068211206235, 0.000357780430932, 0.000190710241441, 0.000159225251991, 9.93357825791e-05, 8.37476181914e-05, 6.61059384583e-05, 4.67852005386e-05, 3.36212651746e-05, 3.5811401176e-05, 2.70611108135e-05, 2.3401405997e-05, 2.03327817871e-05, 1.6930840502e-05, 2.04673488042e-05, 2.5402283427e-05, 1.29637992359e-05, 5.69610449475e-07],
        "min": [1.11030643992e-24, 1.07440733255e-23, 5.4478260798e-24, 5.70832570008e-24, 1.03739737098e-23, 2.54616342975e-23, 2.53983944742e-23, 1.86085408675e-23, 4.25184636763e-23, 1.58247816838e-23, 3.17322044361e-23, 4.09055018715e-23, 1.0585730798e-22, 4.46070581198e-23, 1.09619770602e-22, 8.85494409736e-23, 1.07617704733e-22, 2.4100700299e-22, 2.09304639585e-22, 2.55099163714e-22, 2.93091992331e-22, 3.45599457706e-22, 4.65559351996e-22, 8.22950147156e-22, 9.83173123395e-22, 1.52767304149e-21, 2.16532256405e-21],
        "stdev": [0.000908675254323, 0.0163615755737, 0.0089761884883, 0.00172336830292, 0.00421058060601, 0.00158793409355, 0.00196015974507, 0.00352138094604, 0.0036493067164, 0.00376743706875, 0.00190644175746, 0.000956167641561, 0.000670639448799, 0.000490055012051, 0.000431906984886, 0.000229107245104, 0.000242221620283, 0.00047109805746, 0.000222094095079, 0.000104561811895, 0.000148980441736, 0.000141650685691, 0.000158942930284, 0.000256063969573, 0.000356746371835, 0.000197092973394, 1.98788093257e-05],
        "var": [8.25690733564e-07, 0.000267701165285, 8.05719610071e-05, 2.96999814964e-06, 1.77289894054e-05, 2.52153472502e-06, 3.84222585126e-06, 1.2400124433e-05, 1.33174398798e-05, 1.41935825013e-05, 3.63452022611e-06, 9.14256531814e-07, 4.49757266097e-07, 2.40153923414e-07, 1.86543644531e-07, 5.24901295762e-08, 5.86713149175e-08, 2.21933390776e-07, 4.93257878986e-08, 1.09331725895e-08, 2.21951719226e-08, 2.00649186155e-08, 2.52628531427e-08, 6.55687628637e-08, 1.27267981043e-07, 3.88456378175e-08, 3.95167093492e-10]
    },
    "erbbands": {
        "dmean": [0.181476309896, 1.48897206783, 2.53213143349, 1.97899734974, 4.08156013489, 10.0597057343, 7.29614162445, 5.43379735947, 7.53244256973, 15.4257602692, 25.1684589386, 33.0138931274, 45.2104377747, 28.0277099609, 24.9472694397, 14.2605218887, 11.6674747467, 10.4876642227, 9.30101966858, 6.03803396225, 4.96139192581, 4.88930463791, 5.17729997635, 4.32293558121, 3.16574311256, 2.42144036293, 2.26596045494, 2.34476447105, 2.21561050415, 2.02209186554, 2.09022831917, 1.84755289555, 2.33368515968, 1.97959029675, 1.06740319729, 0.498428761959, 0.16386012733, 0.0326754525304, 0.00110122561455, 3.23077110806e-05],
        "dmean2": [0.287567824125, 2.18173885345, 3.91442704201, 3.1033308506, 6.65633869171, 16.5844745636, 11.6326494217, 8.82130813599, 11.9078063965, 23.2907943726, 37.0715904236, 49.6086654663, 66.8897018433, 41.0502853394, 39.7371330261, 21.8178730011, 17.7016811371, 16.2358951569, 14.0901536942, 9.05684089661, 7.51053333282, 7.34529781342, 7.75985479355, 6.3294839859, 4.82995414734, 3.68544316292, 3.40366339684, 3.53797578812, 3.34365725517, 2.95993280411, 3.17364311218, 2.8149907589, 3.67330241203, 3.14676475525, 1.71650791168, 0.804601430893, 0.268436491489, 0.0550802350044, 0.00188985094428, 4.98555273225e-05],
        "dvar": [0.0724851563573, 4.45185804367, 22.6771717072, 14.5517959595, 77.4173126221, 198.864517212, 140.553207397, 100.230247498, 156.411865234, 931.98425293, 3724.32983398, 3663.88354492, 7330.96728516, 2263.10620117, 2915.14135742, 634.769348145, 397.899078369, 322.326568604, 336.892883301, 96.1722640991, 60.1451911926, 67.469291687, 385.13470459, 167.347167969, 24.7937316895, 14.1958627701, 18.196603775, 20.7511444092, 16.419418335, 13.3319015503, 19.7303886414, 11.516207695, 22.466709137, 15.2424945831, 5.15957403183, 1.00095188618, 0.116084143519, 0.00502016255632, 6.18410513198e-06, 2.90935164848e-09],
        "dvar2": [0.166584759951, 8.30482959747, 46.1281356812, 31.1994915009, 195.338104248, 524.391967773, 350.981414795, 237.426803589, 351.229248047, 1958.0357666, 8783.58496094, 7571.13623047, 15135.1728516, 4883.99902344, 7186.81005859, 1408.2355957, 947.223083496, 771.313354492, 762.228088379, 204.520477295, 130.195922852, 152.535461426, 894.455627441, 320.490325928, 51.9679145813, 31.3836231232, 40.8814926147, 45.4237365723, 36.1362724304, 28.7278118134, 48.7970314026, 24.7703762054, 50.0217132568, 37.8927001953, 11.7023563385, 2.46295881271, 0.285353124142, 0.0129086989909, 1.60963136295e-05, 6.98224367213e-09],
        "max": [2.20393323898, 17.4699459076, 62.0048217773, 45.5463752747, 149.847808838, 149.749649048, 132.79598999, 137.494232178, 147.213119507, 386.059020996, 1001.66583252, 1010.82861328, 848.957397461, 637.193664551, 817.965759277, 400.624847412, 275.283874512, 198.522125244, 246.273544312, 108.470581055, 69.9276199341, 101.598609924, 632.307006836, 412.112548828, 80.3441314697, 39.3961715698, 41.7070465088, 45.4695549011, 52.4692878723, 37.9144020081, 68.8585205078, 38.7827987671, 78.9562606812, 42.9464836121, 37.857460022, 13.9580821991, 3.57664966583, 0.768065989017, 0.0271609667689, 0.000697588489857],
        "mean": [0.4942291677, 4.54716491699, 7.50306510925, 4.92120695114, 6.40852403641, 17.4315338135, 13.8648328781, 9.83310985565, 16.9110355377, 35.488117218, 40.9406890869, 61.3761978149, 81.6964645386, 52.7351379395, 42.000743866, 26.1986999512, 20.5495262146, 17.7941913605, 15.3872470856, 10.6432952881, 8.51374530792, 7.5897064209, 7.19924879074, 6.20415687561, 4.71322202682, 3.59349393845, 3.30122494698, 3.31839036942, 2.93548870087, 2.62407302856, 2.40063977242, 2.13767838478, 2.41675519943, 1.99246013165, 1.08680355549, 0.488420933485, 0.15284666419, 0.0271824859083, 0.000886242080014, 7.25651843823e-05],
        "median": [0.425018340349, 3.7164337635, 4.45575761795, 2.28813362122, 3.84604382515, 11.5231685638, 8.91625118256, 4.42966794968, 7.33934116364, 15.409526825, 16.885061264, 28.4902935028, 23.4611034393, 23.8744773865, 13.1829547882, 10.2412137985, 7.7118563652, 6.80884075165, 5.00145435333, 3.91682267189, 3.14624786377, 2.42964673042, 2.1186645031, 1.8164024353, 1.68767428398, 1.323174119, 0.977650284767, 0.855768680573, 0.749306738377, 0.583510994911, 0.477964490652, 0.392084002495, 0.369852691889, 0.316381603479, 0.155372664332, 0.0709013715386, 0.0211598500609, 0.00299633876421, 0.000110473069071, 6.21625658823e-05],
        "min": [3.32626116316e-22, 1.72676113718e-21, 5.18949044067e-21, 1.63590766575e-20, 3.16247465609e-20, 2.95530307115e-20, 5.13238525161e-20, 2.41377273953e-19, 4.46306850467e-19, 3.99245831232e-19, 7.58531187457e-19, 9.9632839787e-19, 1.01235336788e-18, 1.09994889961e-18, 1.73134671792e-18, 1.71200971674e-18, 4.67732792886e-18, 2.49335149526e-18, 4.40511891929e-18, 5.84141961849e-18, 5.74217200706e-18, 7.19505436882e-18, 1.07123007797e-17, 9.00922606109e-18, 9.32033365256e-18, 1.24202724074e-17, 1.47519969469e-17, 1.4319149876e-17, 1.13010283827e-17, 1.59340281161e-17, 1.37971840202e-17, 1.42822063355e-17, 1.38696954999e-17, 8.9301575207e-18, 8.78388138272e-18, 6.47894177866e-18, 2.52948274442e-18, 9.87934169014e-19, 2.85204094541e-19, 3.2115429454e-20],
        "stdev": [0.433517456055, 4.20080852509, 9.16412639618, 6.65174198151, 10.2109031677, 18.3662433624, 16.8158283234, 14.1551713943, 22.098608017, 52.3603210449, 75.8704452515, 93.2873458862, 146.831192017, 76.4559020996, 72.0712280273, 40.9444007874, 30.6281929016, 26.2966690063, 24.9326114655, 14.9825944901, 11.7305145264, 11.4117212296, 23.6991939545, 18.9098854065, 7.1984910965, 5.11474323273, 5.6204867363, 5.9022808075, 5.15888357162, 4.76394844055, 4.72265195847, 4.02680253983, 5.2728061676, 4.12005758286, 2.5234644413, 1.00856602192, 0.33163151145, 0.0646407976747, 0.00221341266297, 6.41598016955e-05],
        "var": [0.187937378883, 17.6467933655, 83.9812164307, 44.2456741333, 104.262542725, 337.318908691, 282.772064209, 200.368881226, 488.348510742, 2741.60327148, 5756.32470703, 8702.52929688, 21559.3984375, 5845.50537109, 5194.26171875, 1676.44396973, 938.086242676, 691.514770508, 621.635070801, 224.478149414, 137.60496521, 130.227371216, 561.651794434, 357.583770752, 51.818271637, 26.1606006622, 31.5898685455, 34.8369178772, 26.6140785217, 22.6952037811, 22.3034420013, 16.215139389, 27.802482605, 16.9748744965, 6.367872715, 1.01720535755, 0.109979465604, 0.00417843274772, 4.89919557367e-06, 4.11648048981e-09]
    },
    "gfcc": {
        "mean": [-12.7493524551, 97.6148834229, -82.3903656006, 12.9566869736, -59.1519126892, 22.9261703491, -31.7295284271, 20.2555866241, -24.3177013397, 6.03845882416, -18.4777336121, 3.0138399601, -9.13107967377],
        "cov": [[19144.3984375, 1111.58850098, -606.090576172, 961.347595215, 706.229187012, 1391.31066895, 690.419799805, 686.776611328, 54.9544868469, 267.64755249, -146.121414185, 193.251052856, 202.81199646], [1111.58850098, 1278.79125977, -5.39577007294, 225.739471436, 372.065460205, 180.446838379, 360.495574951, 44.009262085, 160.322036743, -18.4572181702, 63.6861343384, -52.8101425171, 133.566162109], [-606.090576172, -5.39577007294, 649.360656738, 222.165466309, 177.493942261, 4.71649599075, 63.5492706299, 69.7066650391, 13.2843608856, -1.34491121769, 23.7690029144, -2.79363775253, -13.6524114609], [961.347595215, 225.739471436, 222.165466309, 338.993408203, 245.439804077, 149.936126709, 159.274368286, 97.9515609741, 52.3772659302, 9.71821212769, 31.1371459961, -0.975471258163, 34.0063858032], [706.229187012, 372.065460205, 177.493942261, 245.439804077, 394.673248291, 218.390289307, 258.971160889, 85.6086349487, 85.1561737061, 14.5070533752, 40.7257041931, 4.27979516983, 58.8024368286], [1391.31066895, 180.446838379, 4.71649599075, 149.936126709, 218.390289307, 250.497756958, 176.578613281, 75.531791687, 42.6743812561, 33.4602432251, 2.73199892044, 15.931974411, 46.5166435242], [690.419799805, 360.495574951, 63.5492706299, 159.274368286, 258.971160889, 176.578613281, 253.683410645, 73.6232147217, 83.1734924316, 14.2761421204, 23.2450122833, -1.81559431553, 59.7886276245], [686.776611328, 44.009262085, 69.7066650391, 97.9515609741, 85.6086349487, 75.531791687, 73.6232147217, 106.091514587, 28.686876297, 19.3602256775, 9.39429950714, 16.5111103058, 15.065290451], [54.9544868469, 160.322036743, 13.2843608856, 52.3772659302, 85.1561737061, 42.6743812561, 83.1734924316, 28.686876297, 82.9327011108, 18.1183662415, 20.2634868622, 1.49770748615, 25.4893817902], [267.64755249, -18.4572181702, -1.34491121769, 9.71821212769, 14.5070533752, 33.4602432251, 14.2761421204, 19.3602256775, 18.1183662415, 52.2808151245, 11.3008508682, 15.9982309341, 6.45073509216], [-146.121414185, 63.6861343384, 23.7690029144, 31.1371459961, 40.7257041931, 2.73199892044, 23.2450122833, 9.39429950714, 20.2634868622, 11.3008508682, 46.7906074524, 13.3998584747, 9.23026275635], [193.251052856, -52.8101425171, -2.79363775253, -0.975471258163, 4.27979516983, 15.931974411, -1.81559431553, 16.5111103058, 1.49770748615, 15.9982309341, 13.3998584747, 50.7818908691, 11.2393360138], [202.81199646, 133.566162109, -13.6524114609, 34.0063858032, 58.8024368286, 46.5166435242, 59.7886276245, 15.065290451, 25.4893817902, 6.45073509216, 9.23026275635, 11.2393360138, 57.3084487915]],
        "icov": [[0.00018508634821, -0.00031413717079, 0.000258596963249, -0.000467384874355, 0.000314015720505, -0.000876645266544, 0.000324613996781, -0.000750936917029, 0.000554328667931, -0.000536402105354, 0.000957715674303, -0.000724637240637, 0.000465876044473], [-0.00031413717079, 0.00245458376594, -7.30684550945e-05, 0.000468679238111, -0.000868581002578, 0.00206015445292, -0.00240922113881, 0.0019077307079, -0.00198242324404, 0.00196064612828, -0.00311964238063, 0.00344245089218, -0.00318522122689], [0.000258596963249, -7.30684550945e-05, 0.00308900792152, -0.00230616191402, -0.00169036292937, 0.0014315743465, 0.000369550951291, -0.00182142236736, 0.00161416223273, -0.00158590334468, 0.00216236221604, -0.00105166598223, 0.00134373549372], [-0.000467384874355, 0.000468679238111, -0.00230616191402, 0.0086767654866, -0.00286320107989, -0.000362807273632, 0.000632762210444, -0.00156719470397, -0.0016342184972, 0.00295313913375, -0.00499853584915, 0.00401509925723, -0.00174013536889], [0.000314015720505, -0.000868581002578, -0.00169036292937, -0.00286320107989, 0.0136137446389, -0.00728004984558, -0.00649496307597, 0.000890461611561, -0.000543750065845, 0.00218752911314, -0.00356576964259, -0.00171735556796, 0.0015985785285], [-0.000876645266544, 0.00206015445292, 0.0014315743465, -0.000362807273632, -0.00728004984558, 0.0190822500736, -0.00681890174747, 0.00170153786894, 0.00183506903704, -0.00475117610767, 0.00304579292424, 0.000775826978497, -0.00341919739731], [0.000324613996781, -0.00240922113881, 0.000369550951291, 0.000632762210444, -0.00649496307597, -0.00681890174747, 0.0208135750145, -0.00513619510457, -0.00501133035868, 0.000911966781132, 0.00254358677194, 0.00113336392678, -0.00249188276939], [-0.000750936917029, 0.0019077307079, -0.00182142236736, -0.00156719470397, 0.000890461611561, 0.00170153786894, -0.00513619510457, 0.0194959770888, -0.00443879375234, 0.000292376556899, -0.00279890978709, -0.00149468611926, -0.000668820051942], [0.000554328667931, -0.00198242324404, 0.00161416223273, -0.0016342184972, -0.000543750065845, 0.00183506903704, -0.00501133035868, -0.00443879375234, 0.024484841153, -0.00939692277461, 0.000500567199197, -0.00123009597883, -0.000195525193703], [-0.000536402105354, 0.00196064612828, -0.00158590334468, 0.00295313913375, 0.00218752911314, -0.00475117610767, 0.000911966781132, 0.000292376556899, -0.00939692277461, 0.0299727804959, -0.0102636553347, -0.000809462275356, -0.00160025455989], [0.000957715674303, -0.00311964238063, 0.00216236221604, -0.00499853584915, -0.00356576964259, 0.00304579292424, 0.00254358677194, -0.00279890978709, 0.000500567199197, -0.0102636553347, 0.0386290103197, -0.0144172497094, 0.00416978867725], [-0.000724637240637, 0.00344245089218, -0.00105166598223, 0.00401509925723, -0.00171735556796, 0.000775826978497, 0.00113336392678, -0.00149468611926, -0.00123009597883, -0.000809462275356, -0.0144172497094, 0.0330674722791, -0.0112737407908], [0.000465876044473, -0.00318522122689, 0.00134373549372, -0.00174013536889, 0.0015985785285, -0.00341919739731, -0.00249188276939, -0.000668820051942, -0.000195525193703, -0.00160025455989, 0.00416978867725, -0.0112737407908, 0.0302941836417]]
    },
    "melbands": {
        "dmean": [0.00170669762883, 0.00142899318598, 0.000362602353562, 0.000502864888404, 0.000290218362352, 0.000120910648548, 0.000125200458569, 0.000180846618605, 0.000202963070478, 0.000218309112824, 0.000222325092182, 0.000113749476441, 8.26312316349e-05, 5.0309317885e-05, 3.02244297927e-05, 2.19426765398e-05, 2.10316193261e-05, 1.47546579683e-05, 1.1487240954e-05, 8.49637672218e-06, 5.90758963881e-06, 5.2385366871e-06, 5.05049320054e-06, 4.37870312453e-06, 3.52193251274e-06, 2.72482247965e-06, 1.84566579264e-06, 1.61213881711e-06, 1.44405703395e-06, 1.34838944632e-06, 1.43086356275e-06, 1.27064049593e-06, 1.18390539683e-06, 1.11290819405e-06, 1.24807888824e-06, 1.06175968995e-06, 1.18406649108e-06, 1.63076003901e-06, 1.75106958977e-06, 1.64638061051e-06],
        "dmean2": [0.00256466539577, 0.00217035855167, 0.000566702336073, 0.000829501543194, 0.000465230230475, 0.00019460216572, 0.000197281682631, 0.000269754818873, 0.000302703119814, 0.000325215485645, 0.000330145820044, 0.000167611113284, 0.000132091066916, 7.72056591813e-05, 4.71205239592e-05, 3.39954713127e-05, 3.28259957314e-05, 2.27359651035e-05, 1.702834561e-05, 1.3155869965e-05, 9.17159195524e-06, 7.99321696832e-06, 7.86243072071e-06, 6.41378210275e-06, 5.24195002072e-06, 4.225158591e-06, 2.90461434815e-06, 2.49180379797e-06, 2.20491324399e-06, 2.02410797101e-06, 2.16913622353e-06, 1.95383108803e-06, 1.77828167125e-06, 1.62585786256e-06, 1.92887682715e-06, 1.57406304879e-06, 1.84421992344e-06, 2.57812939708e-06, 2.82189557765e-06, 2.64509299086e-06],
        "dvar": [5.7825618569e-06, 5.07653794557e-06, 4.12284151707e-07, 6.53007077744e-07, 1.80192643029e-07, 4.40504237531e-08, 4.26416946198e-08, 1.29156802586e-07, 2.26996490937e-07, 1.48801944988e-07, 1.78605091605e-07, 4.04628828221e-08, 3.40008838862e-08, 6.81928646884e-09, 3.34892180653e-09, 1.40748146471e-09, 1.44264167279e-09, 9.37811051038e-10, 3.70663999494e-10, 1.68174252302e-10, 9.4767985126e-11, 7.4805994732e-11, 2.22906512692e-10, 3.42498585049e-10, 1.12157172438e-10, 2.3627867024e-11, 7.96620928945e-12, 6.59572353331e-12, 7.11890615901e-12, 7.21131791434e-12, 7.55868891783e-12, 5.66094176743e-12, 4.26717298649e-12, 4.42379032711e-12, 7.98401362384e-12, 4.02613489422e-12, 5.0655274246e-12, 1.23972603017e-11, 1.30047275032e-11, 1.077632341e-11],
        "dvar2": [1.24017524286e-05, 9.53882772592e-06, 9.03070883851e-07, 1.71829651663e-06, 4.42642289045e-07, 1.04198790041e-07, 9.59489483421e-08, 2.70480057907e-07, 5.34736670943e-07, 3.10359922651e-07, 3.68976145637e-07, 8.81690169763e-08, 8.56096917801e-08, 1.48391130494e-08, 7.67819408054e-09, 3.51245521557e-09, 3.50478090994e-09, 2.15441242624e-09, 7.86457621249e-10, 3.81491033208e-10, 2.06765160549e-10, 1.65896990589e-10, 5.74678415965e-10, 7.13581582712e-10, 2.25070379001e-10, 4.91141224912e-11, 1.83965915418e-11, 1.47524371191e-11, 1.59848297793e-11, 1.61868660836e-11, 1.66911172383e-11, 1.24626333559e-11, 9.54069462322e-12, 9.48312348786e-12, 2.03792330233e-11, 8.71328356689e-12, 1.12267278807e-11, 2.66832961976e-11, 3.15463002942e-11, 2.73991385136e-11],
        "max": [0.0194741915911, 0.0227015409619, 0.00700097251683, 0.0118828425184, 0.00553009193391, 0.00286329863593, 0.00263605522923, 0.00440992740914, 0.00705372495577, 0.00546427071095, 0.00418520299718, 0.00296523887664, 0.00302686286159, 0.00130791764241, 0.000881891231984, 0.000487608718686, 0.000434102257714, 0.000418213516241, 0.000196591558051, 0.000161344723892, 0.000101746125438, 8.50982250995e-05, 0.000410568580264, 0.000629888032563, 0.000315226905514, 0.000108234067739, 2.11939513974e-05, 2.75700294878e-05, 2.62587618636e-05, 3.22446794598e-05, 2.75870715996e-05, 3.11436670017e-05, 2.36479481828e-05, 2.45668925345e-05, 4.74384760309e-05, 2.44260281761e-05, 2.21296286327e-05, 6.58389108139e-05, 3.95722418034e-05, 3.40964252246e-05],
        "mean": [0.00505539122969, 0.00460831960663, 0.000880494131707, 0.000859282037709, 0.000576796010137, 0.000212484723306, 0.000280902488157, 0.000406564067816, 0.000323497864883, 0.00039663669304, 0.000392976682633, 0.000201352944714, 0.000136982809636, 8.88479917194e-05, 5.22231021023e-05, 3.65900305042e-05, 3.38190147886e-05, 2.38219290623e-05, 1.93478099391e-05, 1.34429537866e-05, 9.61697514867e-06, 8.15734074422e-06, 6.8679269134e-06, 6.07682886766e-06, 4.92912204209e-06, 3.96218956666e-06, 2.63223387265e-06, 2.30546606872e-06, 2.08274263969e-06, 1.89277864138e-06, 1.95262464331e-06, 1.67058726674e-06, 1.51112180902e-06, 1.42226656408e-06, 1.39200597005e-06, 1.24899383991e-06, 1.3347754475e-06, 1.66778443145e-06, 1.789483008e-06, 1.62403784998e-06],
        "median": [0.00496140960604, 0.0034192034509, 0.00048786343541, 0.000592621858232, 0.000388874410419, 9.96714807115e-05, 0.000116986746434, 0.000165886842296, 0.000131863198476, 0.000165136356372, 9.7945710877e-05, 8.22779693408e-05, 4.59676630271e-05, 3.21209445246e-05, 1.784957567e-05, 1.40700740303e-05, 1.11554254545e-05, 7.74913314672e-06, 5.64672654946e-06, 5.45366901861e-06, 3.17238573189e-06, 2.5184219794e-06, 2.06385311685e-06, 1.66569998328e-06, 1.43756187754e-06, 1.28049430259e-06, 9.99391204459e-07, 8.27226983802e-07, 6.05914749485e-07, 5.13126394708e-07, 4.65281431161e-07, 4.23263088578e-07, 3.50021053919e-07, 2.97051713005e-07, 2.77967842521e-07, 2.27938514286e-07, 2.38496141947e-07, 2.4465512638e-07, 2.6571547096e-07, 2.63398277411e-07],
        "min": [3.9328352774e-24, 2.5263507148e-24, 2.73470110721e-24, 2.62362850568e-24, 2.60920260631e-24, 6.04610292349e-24, 6.30379459337e-24, 4.83452025258e-24, 5.40026171152e-24, 6.80899610543e-24, 4.38361130346e-24, 3.96375901932e-24, 5.26524382886e-24, 3.77910837508e-24, 6.88707598011e-24, 6.57286124307e-24, 4.23257836113e-24, 6.26949373792e-24, 8.22806221061e-24, 6.33174945727e-24, 7.06251233454e-24, 6.61524279521e-24, 7.1688681395e-24, 1.17301352576e-23, 5.33366646833e-24, 7.58926552653e-24, 5.34794051198e-24, 8.05533953769e-24, 1.00886932075e-23, 7.74935695864e-24, 5.77613381691e-24, 5.75572401314e-24, 6.96800048721e-24, 8.47364565446e-24, 7.46877806731e-24, 7.5449670424e-24, 9.35152162423e-24, 9.36630487759e-24, 8.25947070756e-24, 6.8032500426e-24],
        "stdev": [0.00405341759324, 0.00437442259863, 0.00109515991062, 0.000955876254011, 0.000625169253908, 0.000293999968562, 0.000369037588825, 0.000622741819825, 0.00059490831336, 0.000586910638958, 0.000726667873096, 0.00031349339406, 0.000235851097386, 0.000132525587105, 8.14654122223e-05, 5.37665873708e-05, 5.39580723853e-05, 4.01538418373e-05, 3.03720917145e-05, 1.84408581845e-05, 1.41588834595e-05, 1.21643652164e-05, 1.63543627423e-05, 2.3684295229e-05, 1.52315205924e-05, 7.06641867509e-06, 3.69756799046e-06, 3.39428652296e-06, 3.56201712748e-06, 3.37899359693e-06, 3.54250823875e-06, 2.98816371469e-06, 2.65038920588e-06, 2.7053690701e-06, 2.84546877083e-06, 2.42257260652e-06, 2.56818179878e-06, 3.89976003135e-06, 3.8325119931e-06, 3.36354878527e-06],
        "var": [1.64301945915e-05, 1.91355720744e-05, 1.19937521958e-06, 9.13699409466e-07, 3.90836589759e-07, 8.64359890329e-08, 1.36188745614e-07, 3.87807347124e-07, 3.53915908136e-07, 3.44464126556e-07, 5.28046200543e-07, 9.82781074299e-08, 5.56257369055e-08, 1.75630319177e-08, 6.6366130369e-09, 2.89084600702e-09, 2.91147350673e-09, 1.61233115747e-09, 9.2246399408e-10, 3.40065225979e-10, 2.00473970757e-10, 1.47971787601e-10, 2.6746516113e-10, 5.60945845329e-10, 2.31999225386e-10, 4.99342719951e-11, 1.36720088376e-11, 1.15211807108e-11, 1.26879661291e-11, 1.141759777e-11, 1.25493651928e-11, 8.92912219858e-12, 7.02456322277e-12, 7.31902125711e-12, 8.09669258722e-12, 5.86885835069e-12, 6.59555786722e-12, 1.52081281596e-11, 1.46881465324e-11, 1.1313460585e-11]
    },
    "melbands128": {
