{
"lowlevel": {
    "average_loudness": 0.974968731403,
    "barkbands_crest": {
        "dmean": 3.26316094398,
        "dmean2": 5.29610538483,
        "dvar": 8.67812156677,
        "dvar2": 19.8301544189,
        "max": 25.5742073059,
        "mean": 10.6041479111,
        "median": 9.63357830048,
        "min": 2.85355448723,
        "stdev": 4.65087413788,
        "var": 21.6306285858
    },
    "barkbands_flatness_db": {
        "dmean": 0.0299114007503,
        "dmean2": 0.043467734009,
        "dvar": 0.000891749048606,
        "dvar2": 0.00170890591107,
        "max": 0.350342750549,
        "mean": 0.142902001739,
        "median": 0.142425790429,
        "min": 0.0331779234111,
        "stdev": 0.0542034171522,
        "var": 0.00293801049702
    },
    "barkbands_kurtosis": {
        "dmean": 3.794921875,
        "dmean2": 5.99698734283,
        "dvar": 63.8576393127,
        "dvar2": 162.655609131,
        "max": 138.311401367,
        "mean": 3.7679810524,
        "median": 1.78726148605,
        "min": -1.87830042839,
        "stdev": 8.26933479309,
        "var": 68.3818969727
    },
    "barkbands_skewness": {
        "dmean": 0.742076337337,
        "dmean2": 1.1336132288,
        "dvar": 0.639640927315,
        "dvar2": 1.46556687355,
        "max": 10.1929607391,
        "mean": 1.29833912849,
        "median": 1.10471081734,
        "min": -1.26240515709,
        "stdev": 1.16819405556,
        "var": 1.36467730999
    },
    "barkbands_spread": {
        "dmean": 10.4041872025,
        "dmean2": 14.6846590042,
        "dvar": 157.262084961,
        "dvar2": 285.878448486,
        "max": 112.789283752,
        "mean": 24.6537342072,
        "median": 17.3162822723,
        "min": 1.49305868149,
        "stdev": 20.276599884,
        "var": 411.14050293
    },
    "dissonance": {
        "dmean": 0.0354887023568,
        "dmean2": 0.0575551018119,
        "dvar": 0.000967168598436,
        "dvar2": 0.00253050914034,
        "max": 0.499614179134,
        "mean": 0.42560338974,
        "median": 0.433304607868,
        "min": 0.229918897152,
        "stdev": 0.0463618636131,
        "var": 0.00214942242019
    },
    "dynamic_complexity": 2.81497240067,
    "erbbands_crest": {
        "dmean": 3.48209691048,
        "dmean2": 5.69947910309,
        "dvar": 10.8901462555,
        "dvar2": 27.3858528137,
        "max": 30.2019062042,
        "mean": 10.3615875244,
        "median": 9.26300907135,
        "min": 2.83974504471,
        "stdev": 4.90772104263,
        "var": 24.0857276917
    },
    "erbbands_flatness_db": {
        "dmean": 0.0257066078484,
        "dmean2": 0.036815200001,
        "dvar": 0.000613268639427,
        "dvar2": 0.00114122196101,
        "max": 0.288900494576,
        "mean": 0.161181002855,
        "median": 0.16151753068,
        "min": 0.0561769455671,
        "stdev": 0.0506870634854,
        "var": 0.00256917858496
    },
    "erbbands_kurtosis": {
        "dmean": 1.70208704472,
        "dmean2": 2.65331292152,
        "dvar": 4.29644775391,
        "dvar2": 10.4410209656,
        "max": 20.2699260712,
        "mean": 1.67721927166,
        "median": 0.9932076931,
        "min": -1.76300811768,
        "stdev": 2.96267008781,
        "var": 8.7774143219
    },
    "erbbands_skewness": {
        "dmean": 0.568939805031,
        "dmean2": 0.874171316624,
        "dvar": 0.290471643209,
        "dvar2": 0.689285933971,
        "max": 4.1439409256,
        "mean": 0.711386442184,
        "median": 0.711575090885,
        "min": -2.06639885902,
        "stdev": 0.800126612186,
        "var": 0.640202581882
    },
    "erbbands_spread": {
        "dmean": 14.324971199,
        "dmean2": 20.448633194,
        "dvar": 301.059387207,
        "dvar2": 620.517578125,
        "max": 161.605834961,
        "mean": 38.4482650757,
        "median": 27.6896400452,
        "min": 4.84380531311,
        "stdev": 28.7754230499,
        "var": 828.024963379
    },
    "hfc": {
        "dmean": 15.1395244598,
        "dmean2": 19.9507846832,
        "dvar": 346.497955322,
        "dvar2": 667.123718262,
        "max": 144.734466553,
        "mean": 28.358455658,
        "median": 19.3791275024,
        "min": 0.000918563921005,
        "stdev": 27.3483028412,
        "var": 747.929626465
    },
    "loudness_ebu128": {
        "integrated": -8.35935497284,
        "loudness_range": 1.32080698013,
        "momentary": {
            "dmean": 0.747662127018,
            "dmean2": 1.02020847797,
            "dvar": 0.339612156153,
            "dvar2": 0.604509294033,
            "max": -5.7461438179,
            "mean": -8.58695697784,
            "median": -8.32969474792,
            "min": -12.4899492264,
            "stdev": 1.44308555126,
            "var": 2.08249592781
        },
        "short_term": {
            "dmean": 0.0864000320435,
            "dmean2": 0.112037360668,
            "dvar": 0.00411244900897,
            "dvar2": 0.00749171432108,
            "max": -7.44960594177,
            "mean": -8.43010520935,
            "median": -8.4140663147,
            "min": -9.58352851868,
            "stdev": 0.451261937618,
            "var": 0.203637346625
        }
    },
    "melbands_crest": {
        "dmean": 3.67972040176,
        "dmean2": 5.90765714645,
        "dvar": 10.5668544769,
        "dvar2": 24.6390953064,
        "max": 33.005279541,
        "mean": 13.8119134903,
        "median": 12.4947843552,
        "min": 3.39535164833,
        "stdev": 5.41179800034,
        "var": 29.2875576019
    },
    "melbands_flatness_db": {
        "dmean": 0.0394681543112,
        "dmean2": 0.0549626015127,
        "dvar": 0.0015223454684,
        "dvar2": 0.0028298443649,
        "max": 0.45922011137,
        "mean": 0.210386201739,
        "median": 0.209771484137,
        "min": 0.0398890152574,
        "stdev": 0.0736918598413,
        "var": 0.00543049070984
    },
    "melbands_kurtosis": {
        "dmean": 9.23016357422,
        "dmean2": 14.6392917633,
        "dvar": 634.360412598,
        "dvar2": 1687.32067871,
        "max": 503.943603516,
        "mean": 12.0321769714,
        "median": 5.85424518585,
        "min": -1.51194381714,
        "stdev": 24.6003551483,
        "var": 605.177490234
    },
    "melbands_skewness": {
        "dmean": 0.987843215466,
        "dmean2": 1.47058522701,
        "dvar": 1.44817817211,
        "dvar2": 3.28194475174,
        "max": 18.5209846497,
        "mean": 2.21001029015,
        "median": 1.93375921249,
        "min": -0.803236663342,
        "stdev": 1.82885301113,
        "var": 3.34470319748
    },
    "melbands_spread": {
        "dmean": 10.6607408524,
        "dmean2": 16.2488574982,
        "dvar": 227.084533691,
        "dvar2": 544.45916748,
        "max": 142.746292114,
        "mean": 23.9110469818,
        "median": 19.6533584595,
        "min": 1.099375844,
        "stdev": 17.8233737946,
        "var": 317.672637939
    },
    "pitch_salience": {
        "dmean": 0.0784043818712,
        "dmean2": 0.122827790678,
        "dvar": 0.00467644026503,
        "dvar2": 0.0107290530577,
        "max": 0.899885177612,
        "mean": 0.516345262527,
        "median": 0.525769352913,
        "min": 0.114003106952,
        "stdev": 0.121285893023,
        "var": 0.0147102680057
    },
    "silence_rate_20dB": {
        "dmean": 0,
        "dmean2": 0,
        "dvar": 0,
        "dvar2": 0,
        "max": 1,
        "mean": 1,
        "median": 1,
        "min": 1,
        "stdev": 0,
        "var": 0
    },
    "silence_rate_30dB": {
        "dmean": 0.00928792543709,
        "dmean2": 0.018590239808,
        "dvar": 0.00920158438385,
        "dvar2": 0.025990664959,
        "max": 1,
        "mean": 0.994586229324,
        "median": 1,
        "min": 0,
        "stdev": 0.0733784511685,
        "var": 0.00538439722732
    },
    "silence_rate_60dB": {
        "dmean": 0.0348297208548,
        "dmean2": 0.068938806653,
        "dvar": 0.0336165651679,
        "dvar2": 0.0734817385674,
        "max": 1,
        "mean": 0.0456303171813,
        "median": 0,
        "min": 0,
        "stdev": 0.208683013916,
        "var": 0.0435486026108
    },
    "spectral_centroid": {
        "dmean": 356.440582275,
        "dmean2": 509.375427246,
        "dvar": 189473.140625,
        "dvar2": 425142.03125,
        "max": 3855.27636719,
        "mean": 1194.10827637,
        "median": 1093.3572998,
        "min": 275.409667969,
        "stdev": 584.477478027,
        "var": 341613.9375
    },
    "spectral_complexity": {
        "dmean": 4.12074279785,
        "dmean2": 5.82106876373,
        "dvar": 21.4760780334,
        "dvar2": 46.7634658813,
        "max": 46,
        "mean": 13.9226608276,
        "median": 13,
        "min": 0,
        "stdev": 6.71703672409,
        "var": 45.1185836792
    },
    "spectral_decrease": {
        "dmean": 3.03484304354e-09,
        "dmean2": 4.25230517465e-09,
        "dvar": 1.25234292744e-17,
        "dvar2": 2.4749305139e-17,
        "max": -5.47163700525e-14,
        "mean": -7.37775129878e-09,
        "median": -5.63448709912e-09,
        "min": -3.86358713911e-08,
        "stdev": 6.19899642729e-09,
        "var": 3.84275554763e-17
    },
    "spectral_energy": {
        "dmean": 0.0124639486894,
        "dmean2": 0.0171602666378,
        "dvar": 0.000195353117306,
        "dvar2": 0.000379357603379,
        "max": 0.147627606988,
        "mean": 0.0304175317287,
        "median": 0.0237673930824,
        "min": 2.89828761879e-07,
        "stdev": 0.0247235223651,
        "var": 0.000611252558883
    },
    "spectral_energyband_high": {
        "dmean": 0.00117426051293,
        "dmean2": 0.00161202519666,
        "dvar": 3.71526675735e-06,
        "dvar2": 7.67435631133e-06,
        "max": 0.0129939559847,
        "mean": 0.0015339961974,
        "median": 0.000337660225341,
        "min": 8.23636128189e-08,
        "stdev": 0.00244853552431,
        "var": 5.99532631895e-06
    },
    "spectral_energyband_low": {
        "dmean": 0.00577988335863,
        "dmean2": 0.00876889843494,
        "dvar": 0.000111146640847,
        "dvar2": 0.000268278177828,
        "max": 0.138609305024,
        "mean": 0.0101506635547,
        "median": 0.00333176739514,
        "min": 1.66594311679e-08,
        "stdev": 0.0159547068179,
        "var": 0.000254552665865
    },
    "spectral_energyband_middle_high": {
        "dmean": 0.00410113949329,
        "dmean2": 0.00541514204815,
        "dvar": 4.42878917966e-05,
        "dvar2": 6.83456892148e-05,
        "max": 0.0729124620557,
        "mean": 0.00792538933456,
        "median": 0.00408780714497,
        "min": 9.62375139579e-08,
        "stdev": 0.0109082730487,
        "var": 0.000118990428746
    },
    "spectral_energyband_middle_low": {
        "dmean": 0.00643169041723,
        "dmean2": 0.00977400969714,
        "dvar": 8.51182849146e-05,
        "dvar2": 0.000189104437595,
        "max": 0.114113718271,
        "mean": 0.0116283530369,
        "median": 0.00784367881715,
        "min": 9.63867563541e-08,
        "stdev": 0.0116235055029,
        "var": 0.000135105889058
    },
    "spectral_entropy": {
        "dmean": 0.305346816778,
        "dmean2": 0.418740421534,
        "dvar": 0.0889440104365,
        "dvar2": 0.147537380457,
        "max": 8.76384067535,
        "mean": 7.44358921051,
        "median": 7.2873044014,
        "min": 6.03474378586,
        "stdev": 0.608802437782,
        "var": 0.370640426874
    },
    "spectral_flux": {
        "dmean": 0.0347188562155,
        "dmean2": 0.0526621937752,
        "dvar": 0.000983558013104,
        "dvar2": 0.00221863761544,
        "max": 0.282784581184,
        "mean": 0.0978989601135,
        "median": 0.0888403058052,
        "min": 0.000538357475307,
        "stdev": 0.0530429519713,
        "var": 0.00281355483457
    },
    "spectral_kurtosis": {
        "dmean": 2.15753436089,
        "dmean2": 3.18468785286,
        "dvar": 5.60535955429,
        "dvar2": 11.7949934006,
        "max": 26.3255290985,
        "mean": 4.64222288132,
        "median": 4.25838708878,
        "min": -1.21892309189,
        "stdev": 4.06167697906,
        "var": 16.4972190857
    },
    "spectral_rms": {
        "dmean": 0.00113043433521,
        "dmean2": 0.00150128162932,
        "dvar": 1.16703893127e-06,
        "dvar2": 1.92573793356e-06,
        "max": 0.012001122348,
        "mean": 0.00497850356624,
        "median": 0.00481536099687,
        "min": 1.68154620042e-05,
        "stdev": 0.0022113667801,
        "var": 4.89014291816e-06
    },
    "spectral_rolloff": {
        "dmean": 1120.16027832,
        "dmean2": 1825.48522949,
        "dvar": 3717976.75,
        "dvar2": 7063881,
        "max": 14621.0449219,
        "mean": 1948.18188477,
        "median": 1033.59375,
        "min": 64.599609375,
        "stdev": 2415.890625,
        "var": 5836527
    },
    "spectral_skewness": {
        "dmean": 0.344934672117,
        "dmean2": 0.479789942503,
        "dvar": 0.104799889028,
        "dvar2": 0.184672430158,
        "max": 3.90066385269,
        "mean": 1.69415831566,
        "median": 1.71058595181,
        "min": 0.335231423378,
        "stdev": 0.666443228722,
        "var": 0.444146603346
    },
    "spectral_spread": {
        "dmean": 1173807.375,
        "dmean2": 1639559,
        "dvar": 2.23207463322e+12,
        "dvar2": 3.63222479667e+12,
        "max": 17471832,
        "mean": 5822677,
        "median": 4675662,
        "min": 2151678,
        "stdev": 2639701.25,
        "var": 6.96802240102e+12
    },
    "spectral_strongpeak": {
        "dmean": 0.798579752445,
        "dmean2": 1.26179373264,
        "dvar": 1.34478521347,
        "dvar2": 2.62228751183,
        "max": 10.6512737274,
        "mean": 1.29513406754,
        "median": 0.558452010155,
        "min": 0,
        "stdev": 1.6647362709,
        "var": 2.7713470459
    },
    "zerocrossingrate": {
        "dmean": 0.0190493930131,
        "dmean2": 0.0198735389858,
        "dvar": 0.000453860120615,
        "dvar2": 0.000467648060294,
        "max": 0.3740234375,
        "mean": 0.0647797808051,
        "median": 0.04833984375,
        "min": 0.00537109375,
        "stdev": 0.047083478421,
        "var": 0.00221685389988
    },
    "barkbands": {
        "dmean": [7.25743884686e-05, 0.00513794925064, 0.00142712786328, 0.00112236116547, 0.00192093651276, 0.000913215393666, 0.000284444715362, 0.00131008122116, 0.00300416653045, 0.00119485671166, 0.00145641469862, 0.000691885710694, 0.000889263465069, 0.000646095199045, 0.000318020407576, 0.000108229680336, 0.000137884024298, 0.000115039008961, 0.000155418762006, 0.000143077704706, 0.000145608006278, 0.000143093930092, 0.000242300215177, 0.000307571579469, 0.000266731949523, 5.50117583771e-05, 4.31429771197e-06],
        "dmean2": [0.000103197649878, 0.00792529154569, 0.00232231453992, 0.00195635785349, 0.00325648859143, 0.00135215290356, 0.000487934943521, 0.00209563551471, 0.0046502831392, 0.00170877459459, 0.00197183061391, 0.000980965909548, 0.00139111594763, 0.00102657848038, 0.000478964444483, 0.000167978505488, 0.000212455866858, 0.000175833018147, 0.000251911813393, 0.000209544959944, 0.000217705324758, 0.00019662923296, 0.000346702086972, 0.000432935776189, 0.000376139796572, 7.98487453721e-05, 6.8769400059e-06],
        "dvar": [1.67960969577e-08, 0.000100124962046, 1.56613623403e-05, 1.31577844513e-05, 1.8267211999e-05, 2.09377571991e-06, 4.74803442785e-07, 8.07623655419e-06, 5.07379809278e-05, 4.97881546835e-06, 1.91833223653e-05, 3.28513146997e-06, 6.78605601934e-06, 3.07153527501e-06, 6.58110366203e-07, 1.0602319378e-07, 7.04395759499e-08, 3.52118476599e-08, 1.55498725007e-07, 4.80037876116e-08, 6.93892943104e-08, 5.62811273142e-08, 1.94152818267e-07, 3.11489202431e-07, 2.74913759313e-07, 9.72619851325e-09, 1.41599690306e-10],
        "dvar2": [3.11649692719e-08, 0.000251579913311, 3.97564763261e-05, 3.68681103282e-05, 4.79473019368e-05, 4.40990015704e-06, 1.29566649321e-06, 1.90841383301e-05, 0.000113000271085, 9.46034469962e-06, 2.91436699627e-05, 7.07426715962e-06, 1.62993546837e-05, 7.44281624065e-06, 1.3929339957e-06, 2.46691172379e-07, 1.64599171626e-07, 7.92901602154e-08, 3.92506308344e-07, 1.04410609936e-07, 1.80641279712e-07, 1.22680575032e-07, 4.09475035212e-07, 6.7260140213e-07, 5.37733171768e-07, 2.07667856245e-08, 3.44212630621e-10],
        "max": [0.00144744210411, 0.104516394436, 0.0347456373274, 0.0353380255401, 0.0291020907462, 0.0278955884278, 0.00555219734088, 0.031275048852, 0.112307704985, 0.0367357097566, 0.0613679178059, 0.0219261776656, 0.0386138558388, 0.023130428046, 0.0118903452531, 0.00691742170602, 0.00363937602378, 0.00212472258136, 0.00510158529505, 0.0024531444069, 0.00295292516239, 0.00183853961062, 0.003627599217, 0.00375713012181, 0.00380630907603, 0.00134604005143, 0.000205718810321],
        "mean": [0.000124630998471, 0.00759760476649, 0.00184876774438, 0.00109468784649, 0.00207693036646, 0.00164450274315, 0.000316209392622, 0.00192314584274, 0.00415845075622, 0.00180175062269, 0.00236916937865, 0.00099287647754, 0.00100354687311, 0.000783977797255, 0.000393540714867, 0.000141735596117, 0.000194687672774, 0.000154227149324, 0.00017043176922, 0.00020862063684, 0.00018399739929, 0.000181567433174, 0.000310791074298, 0.00037134604645, 0.000300209765555, 6.60712903482e-05, 4.06909794037e-06],
        "median": [2.67126288236e-05, 0.00171258172486, 0.000864297733642, 0.000395021488657, 0.000650052912533, 0.000889499264304, 7.01113240211e-05, 0.000563761394005, 0.000988632324152, 0.000471170002129, 0.000265549693722, 0.000245197850745, 0.000149086336023, 0.000100110642961, 5.23718299519e-05, 3.88648331864e-05, 7.14885536581e-05, 6.4695806941e-05, 6.23271189397e-05, 9.3124974228e-05, 6.6914166382e-05, 2.13236653508e-05, 3.39731814165e-05, 5.76707752771e-05, 2.66159368039e-05, 8.9248533186e-06, 6.9211068876e-07],
        "min": [9.43113942498e-09, 9.14825992737e-09, 2.23059015703e-09, 1.47151824059e-09, 1.13424079018e-08, 2.22458798049e-08, 1.74263057318e-08, 1.46447014515e-08, 1.94481000193e-08, 5.31163522055e-08, 3.19907229596e-08, 3.85849174833e-09, 3.08935654836e-09, 2.94045388038e-09, 1.48152945467e-09, 2.494985607e-10, 6.05827055189e-10, 6.07456307478e-10, 1.00693320348e-09, 6.05970829071e-09, 4.73469397022e-09, 8.09117839395e-09, 4.35836788881e-09, 1.62937272563e-08, 3.16027168878e-08, 1.14393481354e-08, 2.03959123896e-11],
        "stdev": [0.00023174121452, 0.0139388749376, 0.00376735930331, 0.0029094486963, 0.00394945545122, 0.00218791677617, 0.000639912264887, 0.00366868567653, 0.00878882966936, 0.00341349234805, 0.00641138572246, 0.00220014154911, 0.00277855014428, 0.00208747130819, 0.00102005549707, 0.000405011262046, 0.000357241195161, 0.000237242493313, 0.000387285312172, 0.000304619636154, 0.000284826266579, 0.000311612238875, 0.000552728830371, 0.000667948974296, 0.000622738734819, 0.000121244855109, 1.17133549793e-05],
        "var": [5.37039888115e-08, 0.00019429223903, 1.41929958772e-05, 8.46489183459e-06, 1.55981997523e-05, 4.78697984363e-06, 4.09487739716e-07, 1.34592546601e-05, 7.72435232648e-05, 1.16519304356e-05, 4.11058645113e-05, 4.84062320538e-06, 7.72034036345e-06, 4.35753690908e-06, 1.04051321159e-06, 1.64034133832e-07, 1.27621262891e-07, 5.62840014595e-08, 1.49989915599e-07, 9.27931225192e-08, 8.11259965872e-08, 9.71021876239e-08, 3.0550916108e-07, 4.46155837608e-07, 3.87803510193e-07, 1.47003156314e-08, 1.37202679773e-10]
    },
    "erbbands": {
        "dmean": [0.137992560863, 1.20208096504, 1.63193249702, 2.75760483742, 4.93794488907, 5.73219776154, 9.4552488327, 7.67900800705, 4.00248003006, 11.7473869324, 34.1147384644, 69.3231277466, 44.821018219, 42.9871749878, 50.6835212708, 20.8577823639, 35.4366989136, 33.4446792603, 24.4337062836, 9.81451797485, 5.98384475708, 8.09900760651, 6.60000181198, 5.48185825348, 8.27105903625, 6.86117219925, 6.67685604095, 5.22096633911, 4.68964338303, 6.55249929428, 7.02929544449, 7.05258989334, 4.84009790421, 3.67736577988, 1.45135772228, 0.358215838671, 0.082299798727, 0.0147885745391, 0.00045996834524, 2.71554599749e-05],
        "dmean2": [0.204572945833, 1.87921583652, 2.53294754028, 4.55541276932, 8.67410850525, 9.72308635712, 14.6055545807, 11.5664157867, 6.62744617462, 18.7434406281, 54.0503120422, 108.835021973, 63.5936889648, 57.26820755, 67.1095657349, 29.013507843, 53.8052520752, 52.5530471802, 37.4047851562, 13.9888973236, 9.24206161499, 12.2297830582, 9.84155464172, 8.16709423065, 13.4158248901, 10.0816040039, 10.5158720016, 7.44834518433, 6.43269968033, 9.18947887421, 9.87573432922, 10.3423395157, 7.04809141159, 5.26244688034, 2.05798792839, 0.502265512943, 0.123196698725, 0.0225789621472, 0.000709983170964, 3.72952781618e-05],
        "dvar": [0.0696513354778, 5.80127477646, 16.3233699799, 63.4798774719, 219.84576416, 165.133865356, 300.011260986, 151.982971191, 100.408462524, 849.041687012, 4309.68554688, 30348.2695312, 8227.69335938, 15176.0341797, 24481.6015625, 2480.91943359, 8683.90234375, 7047.70605469, 3482.59570312, 618.523010254, 158.238052368, 230.597671509, 124.104316711, 191.816848755, 433.308837891, 115.682350159, 190.569351196, 70.5361404419, 61.4060134888, 137.204406738, 157.454498291, 163.56729126, 84.727394104, 56.1746826172, 7.58310890198, 0.411666363478, 0.0306114554405, 0.00133156438824, 1.51853771513e-06, 1.21225518512e-09],
        "dvar2": [0.157165929675, 14.7988328934, 39.0749855042, 168.487960815, 598.289916992, 447.651916504, 602.888122559, 349.041931152, 270.413574219, 1893.96862793, 10172.8125, 67089.4921875, 17760.2441406, 24306.4375, 36047.9101562, 5625.70507812, 19853.0117188, 16885.9746094, 7383.87939453, 1298.15307617, 340.094726562, 488.2706604, 268.178131104, 352.759552002, 1174.3416748, 258.083740234, 504.037628174, 170.900726318, 129.193649292, 271.913848877, 346.41015625, 365.723205566, 192.375457764, 118.743186951, 13.7277107239, 0.814386725426, 0.0709292963147, 0.00278176204301, 3.6921139781e-06, 2.5180353358e-09],
        "max": [2.97088432312, 26.8564090729, 53.0571022034, 72.3028259277, 108.61618042, 113.268165588, 248.595565796, 137.438720703, 105.553733826, 462.265319824, 676.564208984, 2437.33642578, 1424.4942627, 1931.85620117, 2510.92773438, 655.739624023, 1282.46643066, 1242.49389648, 921.696594238, 403.521636963, 223.151473999, 221.626419067, 133.169555664, 372.53604126, 271.365234375, 136.576980591, 168.923355103, 84.1093139648, 56.6955528259, 83.5188217163, 110.517181396, 74.873878479, 61.7118759155, 52.0206871033, 20.1310443878, 4.90638589859, 3.39596486092, 0.811291635036, 0.0220204610378, 0.000450804887805],
        "mean": [0.219675019383, 1.68172049522, 2.32462120056, 3.18639540672, 4.06599807739, 6.27620744705, 15.0010299683, 13.1263637543, 5.25709199905, 18.3899612427, 53.6370315552, 93.4779586792, 67.892791748, 76.3168869019, 79.7600708008, 33.0325202942, 44.9559211731, 43.1796226501, 30.5547027588, 13.2389822006, 8.46609306335, 12.4945421219, 9.41692638397, 6.95112514496, 9.91593170166, 9.85307502747, 8.48219966888, 6.6892824173, 6.1924200058, 8.315325737, 8.82092857361, 8.2302274704, 5.77092075348, 4.04677438736, 1.70462989807, 0.436666339636, 0.0930848792195, 0.016251668334, 0.000491882674396, 5.44149261259e-05],
        "median": [0.0491696484387, 0.389155983925, 0.971753776073, 1.29493165016, 0.927765011787, 2.2965669632, 7.32983112335, 7.06843233109, 2.24165964127, 4.35647439957, 19.5868282318, 24.243106842, 28.817407608, 19.440574646, 15.9102582932, 9.65656471252, 9.31810855865, 7.01804828644, 4.79127454758, 2.27324414253, 2.69806337357, 4.50700092316, 4.24867153168, 2.63905215263, 4.34885787964, 4.35841703415, 3.65790724754, 1.81435489655, 0.907064855099, 0.763010561466, 0.985728740692, 1.06310021877, 0.907516956329, 0.38393419981, 0.153197452426, 0.043480142951, 0.0145498197526, 0.00342716113664, 0.000111292436486, 4.34254907304e-05],
        "min": [4.11168315395e-07, 1.55232157795e-06, 2.76406694866e-06, 3.93715845348e-06, 1.20637032524e-05, 4.3159154302e-05, 0.000112052650366, 0.000200789450901, 0.000248866534093, 0.000264107715338, 0.000364140374586, 0.000441664422397, 0.00105634192005, 0.00198038062081, 0.000746556266677, 0.000205100513995, 0.000145327663631, 0.000137469076435, 0.000130496438942, 4.18900162913e-05, 1.31137148855e-05, 3.92186302633e-05, 3.55756783392e-05, 2.54201822827e-05, 8.066072769e-05, 0.000367989763618, 0.000178486254299, 0.00019692609203, 0.000310740550049, 0.000274887133855, 0.000136462011142, 0.000370214344002, 0.000214851155761, 0.000269143434707, 0.000215820793528, 5.95230631006e-05, 1.291407807e-05, 3.23904964716e-06, 1.51676289306e-07, 4.69388083957e-09],
        "stdev": [0.402772516012, 3.20341324806, 4.36860847473, 6.97852706909, 12.1475000381, 11.5299444199, 23.5467205048, 16.4610214233, 9.12240695953, 44.8617019653, 88.8013763428, 216.156890869, 116.927185059, 185.02204895, 236.369537354, 64.397567749, 107.306373596, 104.230247498, 74.6820602417, 33.1172218323, 17.6441020966, 22.6482200623, 14.5564060211, 17.5452003479, 19.1363620758, 14.240776062, 13.9972734451, 10.1289100647, 10.4210214615, 15.0657148361, 15.6486940384, 15.1433210373, 10.4407987595, 8.48106002808, 3.42938613892, 0.795488774776, 0.20130674541, 0.042964220047, 0.00125961087178, 4.82794894197e-05],
        "var": [0.162225708365, 10.2618570328, 19.0847415924, 48.699836731, 147.561767578, 132.939620972, 554.448059082, 270.965209961, 83.2183074951, 2012.57214355, 7885.68457031, 46723.8007812, 13671.9658203, 34233.1601562, 55870.5585938, 4147.046875, 11514.6572266, 10863.9443359, 5577.40966797, 1096.75048828, 311.314361572, 512.941894531, 211.888946533, 307.834075928, 366.200317383, 202.799697876, 195.923675537, 102.594825745, 108.597679138, 226.975753784, 244.881622314, 229.320159912, 109.010269165, 71.9283752441, 11.7606897354, 0.632802426815, 0.040524404496, 0.00184592406731, 1.58661941896e-06, 2.33090902135e-09]
    },
    "gfcc": {
        "mean": [1.00602686405, 85.2596435547, -100.0679245, 20.0025997162, -65.5382995605, 28.0907440186, -27.3109359741, 19.025472641, -28.0036220551, 2.33092927933, -14.1251029968, -1.54558396339, -7.15713310242],
        "cov": [[5049.52197266, -1799.06091309, -461.248535156, 134.946853638, -472.708557129, 337.810058594, -160.820922852, 166.846923828, -11.8021020889, 86.3413009644, -85.6862106323, 133.713165283, -38.560749054], [-1799.06091309, 1677.05334473, -233.931808472, -271.275360107, 402.189666748, -205.307327271, 360.200714111, -28.5152893066, 70.8004760742, -89.5858535767, 164.067840576, -135.030731201, 57.1057052612], [-461.248535156, -233.931808472, 861.762390137, 273.657897949, -142.223419189, 61.4673461914, -114.293296814, -14.5684700012, -15.5454854965, 16.8082389832, -5.955327034, 161.266113281, -39.6235656738], [134.946853638, -271.275360107, 273.657897949, 383.817932129, -47.059463501, 10.5602989197, -120.435684204, -1.3224401474, 23.5586071014, -8.9862203598, -53.4698257446, 63.3138427734, 39.6921615601], [-472.708557129, 402.189666748, -142.223419189, -47.059463501, 391.883117676, 12.4489870071, 92.1038284302, 4.42760848999, 64.189414978, 15.1572389603, 10.9613285065, -101.221359253, 20.8621120453], [337.810058594, -205.307327271, 61.4673461914, 10.5602989197, 12.4489870071, 238.699905396, 61.3723258972, 23.0020503998, -10.2624864578, 2.5031888485, 8.4018907547, 9.5357465744, -14.9029455185], [-160.820922852, 360.200714111, -114.293296814, -120.435684204, 92.1038284302, 61.3723258972, 345.407836914, 58.4088973999, -29.320520401, -55.2862510681, 85.9433517456, -1.51799380779, 5.03664922714], [166.846923828, -28.5152893066, -14.5684700012, -1.3224401474, 4.42760848999, 23.0020503998, 58.4088973999, 141.626922607, 61.0278091431, -3.49441885948, -3.02709197998, 2.15970659256, 22.274471283], [-11.8021020889, 70.8004760742, -15.5454854965, 23.5586071014, 64.189414978, -10.2624864578, -29.320520401, 61.0278091431, 154.02305603, 45.8714561462, -19.9980869293, -27.6259918213, 5.23077821732], [86.3413009644, -89.5858535767, 16.8082389832, -8.9862203598, 15.1572389603, 2.5031888485, -55.2862510681, -3.49441885948, 45.8714561462, 103.860557556, 12.2765960693, -10.0026874542, -21.0638694763], [-85.6862106323, 164.067840576, -5.955327034, -53.4698257446, 10.9613285065, 8.4018907547, 85.9433517456, -3.02709197998, -19.9980869293, 12.2765960693, 134.521484375, 28.5547142029, -9.44099617004], [133.713165283, -135.030731201, 161.266113281, 63.3138427734, -101.221359253, 9.5357465744, -1.51799380779, 2.15970659256, -27.6259918213, -10.0026874542, 28.5547142029, 147.590438843, 21.961971283], [-38.560749054, 57.1057052612, -39.6235656738, 39.6921615601, 20.8621120453, -14.9029455185, 5.03664922714, 22.274471283, 5.23077821732, -21.0638694763, -9.44099617004, 21.961971283, 124.598106384]],
        "icov": [[0.000487637647893, 0.000434137444245, 0.000604914559517, -0.000239608809352, 0.000276465783827, -0.000399534939788, -5.74213372602e-05, -0.000314797449391, -0.000160407740623, -0.000125146470964, -0.000161042888067, -0.000425433128839, 0.000233523591305], [0.000434137444245, 0.0029706095811, -0.000432914879639, 0.00112807902042, -0.00114654249046, 0.00218826765195, -0.00218687183224, 0.00217807525769, -0.00307797221467, 0.00294092926197, -0.00270133255981, 0.00169282185379, -0.00144810450729], [0.000604914559517, -0.000432914879639, 0.00311796786264, -0.00197369558737, 0.000832228572108, -0.00181641872041, 0.00103130144998, -0.0014346560929, 0.00108021812048, -0.00155805179384, 0.000745926634409, -0.00315490015782, 0.00216796342283], [-0.000239608809352, 0.00112807902042, -0.00197369558737, 0.00502058584243, -0.00104120443575, 0.00120934704319, 8.32095452097e-07, 0.00160849152599, -0.00231672986411, 0.00276288506575, -0.000472746702144, 0.000633977819234, -0.00237002945505], [0.000276465783827, -0.00114654249046, 0.000832228572108, -0.00104120443575, 0.00485414592549, -0.00180720433127, -0.000342136539984, -3.76829921152e-05, -0.000380838348065, -0.00217456184328, 0.000972218520474, 0.00132038199808, -0.000311654352117], [-0.000399534939788, 0.00218826765195, -0.00181641872041, 0.00120934704319, -0.00180720433127, 0.00757121946663, -0.00315362750553, 0.00183967489284, -0.00188132165931, 0.00211678515188, -0.00185321515892, 0.0023710525129, -0.00120421370957], [-5.74213372602e-05, -0.00218687183224, 0.00103130144998, 8.32095452097e-07, -0.000342136539984, -0.00315362750553, 0.00751591613516, -0.00459823850542, 0.00348316435702, 0.000680014549289, -0.000919442507438, -0.00235791318119, 0.00182518945076], [-0.000314797449391, 0.00217807525769, -0.0014346560929, 0.00160849152599, -3.76829921152e-05, 0.00183967489284, -0.00459823850542, 0.0135036865249, -0.00829694792628, 0.00381053332239, -0.00147044193, 0.00228962022811, -0.00358864222653], [-0.000160407740623, -0.00307797221467, 0.00108021812048, -0.00231672986411, -0.000380838348065, -0.00188132165931, 0.00348316435702, -0.00829694792628, 0.0148436455056, -0.00795213878155, 0.00396774476394, -0.00170363031793, 0.00225721625611], [-0.000125146470964, 0.00294092926197, -0.00155805179384, 0.00276288506575, -0.00217456184328, 0.00211678515188, 0.000680014549289, 0.00381053332239, -0.00795213878155, 0.0179486889392, -0.00635821605101, 0.00266752485186, -0.000437467824668], [-0.000161042888067, -0.00270133255981, 0.000745926634409, -0.000472746702144, 0.000972218520474, -0.00185321515892, -0.000919442507438, -0.00147044193, 0.00396774476394, -0.00635821605101, 0.0133829163387, -0.00472884252667, 0.00209774659015], [-0.000425433128839, 0.00169282185379, -0.00315490015782, 0.000633977819234, 0.00132038199808, 0.0023710525129, -0.00235791318119, 0.00228962022811, -0.00170363031793, 0.00266752485186, -0.00472884252667, 0.0140523286536, -0.00467698648572], [0.000233523591305, -0.00144810450729, 0.00216796342283, -0.00237002945505, -0.000311654352117, -0.00120421370957, 0.00182518945076, -0.00358864222653, 0.00225721625611, -0.000437467824668, 0.00209774659015, -0.00467698648572, 0.0114967273548]]
    },
    "melbands": {
        "dmean": [0.00138716981746, 0.000957263051532, 0.000498555891681, 0.000376351119485, 0.000321422994602, 0.000163432399859, 6.011059304e-05, 0.000165904784808, 0.000310293864459, 0.00046039375593, 0.00022805162007, 0.00017905778077, 0.000164180091815, 0.000105049279227, 4.7665234888e-05, 0.000101112651464, 6.29166679573e-05, 4.56650850538e-05, 2.2050611733e-05, 8.85791814653e-06, 6.56630572848e-06, 9.76434512268e-06, 6.15610724708e-06, 4.99676207255e-06, 4.35317906522e-06, 6.67369704388e-06, 5.03310911881e-06, 4.85246027893e-06, 4.72446618005e-06, 3.50563300344e-06, 2.81595680462e-06, 2.58352770288e-06, 3.28179589815e-06, 3.89597107642e-06, 3.98486008635e-06, 3.98562679038e-06, 4.73859518024e-06, 3.37272854267e-06, 3.32044169227e-06, 3.0727308058e-06],
        "dmean2": [0.00212569325231, 0.00145373761188, 0.000799196539447, 0.000655970536172, 0.000498581153806, 0.00024530274095, 0.000100139448477, 0.000264104339294, 0.000492279650643, 0.000714295834769, 0.000325829198118, 0.000242360241828, 0.000218019733438, 0.000142842429341, 7.16146314517e-05, 0.000157522488735, 0.00010002059571, 7.2073074989e-05, 3.23085623677e-05, 1.3239463442e-05, 1.05335157059e-05, 1.48584922499e-05, 9.27194651013e-06, 7.65802451497e-06, 6.50395350021e-06, 1.09884558697e-05, 7.64550077292e-06, 7.40559562473e-06, 7.61706223784e-06, 5.37360119779e-06, 4.0039221858e-06, 3.58238708031e-06, 4.61478430225e-06, 5.70006977796e-06, 5.61251226827e-06, 6.00768362347e-06, 6.92387311574e-06, 4.96979646414e-06, 4.80065637021e-06, 4.49024628324e-06],
        "dvar": [7.30363217372e-06, 3.7902443637e-06, 1.84218959021e-06, 1.02635272015e-06, 3.42407929566e-07, 6.85558774194e-08, 2.15661568603e-08, 1.73716742324e-07, 3.70741844335e-07, 1.45879403135e-06, 2.20433491904e-07, 2.1831272079e-07, 2.18078668013e-07, 8.36120150893e-08, 1.50458081549e-08, 1.09764947354e-07, 2.94772704024e-08, 1.5374871154e-08, 4.6096602091e-09, 9.64527568925e-10, 1.69025723973e-10, 3.55373286354e-10, 1.33031599625e-10, 6.67061753057e-11, 1.57904994635e-10, 3.19158671713e-10, 8.32953220287e-11, 6.57459156561e-11, 1.07229690405e-10, 4.52134440998e-11, 2.02411629124e-11, 2.04814932375e-11, 2.9613717728e-11, 5.23308445188e-11, 4.77779725505e-11, 6.59714644025e-11, 7.65787364077e-11, 3.97912328087e-11, 4.4726871512e-11, 3.96682721393e-11],
        "dvar2": [1.80281931534e-05, 8.69104860612e-06, 4.61099625682e-06, 2.80476638181e-06, 6.97646385106e-07, 1.53106469725e-07, 5.82679433592e-08, 3.92880650679e-07, 8.6465968252e-07, 3.17641229231e-06, 4.75377419207e-07, 3.53681315346e-07, 3.21097189726e-07, 1.59210003403e-07, 3.48457724897e-08, 2.59984005879e-07, 7.16092927178e-08, 3.36056338313e-08, 9.54021484034e-09, 2.33610619738e-09, 4.07757300147e-10, 7.5549533296e-10, 3.09661879472e-10, 1.47073755952e-10, 2.851497094e-10, 8.57411863731e-10, 1.96827387722e-10, 1.50510590102e-10, 2.90366147793e-10, 1.19435322743e-10, 4.40772210397e-11, 4.23874026156e-11, 6.82832887455e-11, 1.04444689009e-10, 9.27179236165e-11, 1.78217302027e-10, 1.66134037083e-10, 9.15972089843e-11, 1.02235296617e-10, 8.11653938504e-11],
        "max": [0.028467848897, 0.0302850622684, 0.0127864303067, 0.00698583619669, 0.00866027548909, 0.00366995413788, 0.001364832744, 0.00586851220578, 0.00718159601092, 0.0185092259198, 0.0073668435216, 0.00714763300493, 0.0066396840848, 0.00424481881782, 0.00210826285183, 0.0050037028268, 0.00275442027487, 0.00193937018048, 0.00120316480752, 0.000640978047159, 0.000162025229656, 0.000233768107137, 0.00019559028442, 0.000112876274216, 0.000349334412022, 0.000249300093856, 0.000110770190076, 0.000100429773738, 0.000130944448756, 7.74778309278e-05, 3.5516659409e-05, 3.50107184204e-05, 4.19833268097e-05, 5.13107625011e-05, 5.25754767295e-05, 8.25526585686e-05, 5.58109204576e-05, 4.17741430283e-05, 4.79267946503e-05, 4.40144867753e-05],
        "mean": [0.00209174863994, 0.00155001075473, 0.000577322847676, 0.000346200075001, 0.000500838446897, 0.000285738846287, 7.44749704609e-05, 0.000255365855992, 0.000478525442304, 0.000608668138739, 0.00033436450758, 0.000304587796563, 0.000262484158156, 0.000151767773787, 6.82944519212e-05, 0.000113826987217, 7.7513497672e-05, 5.29800308868e-05, 2.74929971056e-05, 1.14597542051e-05, 8.33021931612e-06, 1.41739037645e-05, 8.78149239725e-06, 6.64702292852e-06, 5.270226211e-06, 7.18700403013e-06, 6.85907207298e-06, 6.54726909488e-06, 5.68141695112e-06, 4.24264408139e-06, 3.68777409676e-06, 3.38768359143e-06, 3.83299902751e-06, 4.89957255922e-06, 5.12503811478e-06, 4.55240660813e-06, 5.3820795074e-06, 4.02804153055e-06, 3.72853446606e-06, 3.32368063027e-06],
        "median": [0.000465962220915, 0.000575094483793, 0.000215581079829, 0.000101043340692, 0.000247815420153, 0.000156731897732, 2.78893894574e-05, 4.1444600356e-05, 0.000154054010636, 0.000144068195368, 0.000125492384541, 7.3431590863e-05, 4.54273467767e-05, 3.17659651046e-05, 1.36406233651e-05, 1.47947685036e-05, 9.54217648541e-06, 7.5905313679e-06, 3.71040209757e-06, 2.53088001045e-06, 2.7754626899e-06, 4.56501948065e-06, 3.71818236999e-06, 2.79682353721e-06, 1.60413310368e-06, 2.49618074122e-06, 2.80672020381e-06, 2.56373482443e-06, 2.39990617956e-06, 1.45379112837e-06, 7.54141922243e-07, 4.97069038374e-07, 3.26222931335e-07, 4.48924538432e-07, 5.24031520399e-07, 5.00641590406e-07, 6.74735190387e-07, 6.9780440981e-07, 4.07427904747e-07, 2.82281860109e-07],
        "min": [3.55955331877e-09, 1.61160951251e-09, 8.70778948947e-10, 1.87252036099e-09, 3.62008445443e-09, 4.50115456019e-09, 3.76890207932e-09, 2.9017019898e-09, 3.07827874302e-09, 2.72688271963e-09, 5.4561879459e-09, 8.31016588876e-09, 3.4981499919e-09, 4.11409184498e-10, 5.78053438449e-10, 2.3109252012e-10, 2.56377002961e-10, 2.39482489395e-10, 8.00347149665e-11, 2.80559499244e-11, 1.07443125577e-11, 3.39400903215e-11, 5.4666927235e-11, 1.78458393896e-11, 1.73845816215e-11, 4.57450535785e-11, 7.48574535692e-11, 3.00156760558e-10, 1.01748567904e-10, 9.35103799948e-11, 1.1883655171e-10, 1.51528192771e-10, 6.80051778779e-11, 9.95524912506e-11, 4.9248403966e-11, 1.83942916454e-10, 2.1046157872e-10, 1.32291524957e-10, 1.53653589852e-10, 2.25008789378e-10],
        "stdev": [0.00382607709616, 0.00263274670579, 0.00125484797172, 0.00083513034042, 0.000776294444222, 0.000361705751857, 0.000133425506647, 0.000610779097769, 0.000854123441968, 0.00148708908819, 0.000601131818257, 0.000704422243871, 0.000699883792549, 0.000384331448004, 0.000158160721185, 0.000353999872459, 0.000214339204831, 0.000148798077134, 8.42404333525e-05, 3.72964095732e-05, 1.64959401445e-05, 2.72284160019e-05, 1.46361626321e-05, 1.02572303149e-05, 1.58489165187e-05, 1.64639386639e-05, 1.11710041892e-05, 1.01177793113e-05, 9.97171810013e-06, 7.03344085196e-06, 5.78537446927e-06, 5.8452092162e-06, 6.86854400556e-06, 9.06777131604e-06, 9.0658722911e-06, 8.60292129801e-06, 1.02813646663e-05, 7.11102711648e-06, 7.41830945117e-06, 7.13402414476e-06],
        "var": [1.46388665598e-05, 6.93135552865e-06, 1.5746434201e-06, 6.97442715136e-07, 6.02633065228e-07, 1.30831054435e-07, 1.78023640274e-08, 3.73051079805e-07, 7.29526902887e-07, 2.21143409362e-06, 3.61359440149e-07, 4.9621070275e-07, 4.89837361783e-07, 1.47710665033e-07, 2.50148133318e-08, 1.25315906985e-07, 4.59412952125e-08, 2.21408669177e-08, 7.0964509824e-09, 1.3910220753e-09, 2.72116051914e-10, 7.41386674274e-10, 2.14217255046e-10, 1.05210770651e-10, 2.5118815361e-10, 2.71061284529e-10, 1.24791343925e-10, 1.02369460131e-10, 9.94351614936e-11, 4.94692932451e-11, 3.34705596572e-11, 3.41664682657e-11, 4.71768943355e-11, 8.22244772269e-11, 8.21900394965e-11, 7.4010249318e-11, 1.05706450537e-10, 5.05667036022e-11, 5.50313163095e-11, 5.08943026611e-11]
    },
    "melbands128": {
