{
"lowlevel": {
    "average_loudness": 0.98345464468,
    "barkbands_crest": {
        "dmean": 1.86362195015,
        "dmean2": 3.08270764351,
        "dvar": 4.42423582077,
        "dvar2": 11.8435821533,
        "max": 22.5145587921,
        "mean": 12.7061977386,
        "median": 12.889922142,
        "min": 2.68186926842,
        "stdev": 3.27913284302,
        "var": 10.7527122498
    },
    "barkbands_flatness_db": {
        "dmean": 0.0311235338449,
        "dmean2": 0.0434258282185,
        "dvar": 0.00105305120815,
        "dvar2": 0.00196525943466,
        "max": 0.392756193876,
        "mean": 0.204918786883,
        "median": 0.190419971943,
        "min": 0.0264168940485,
        "stdev": 0.0753006711602,
        "var": 0.00567019125447
    },
    "barkbands_kurtosis": {
        "dmean": 9.07301521301,
        "dmean2": 13.8938112259,
        "dvar": 223.242767334,
        "dvar2": 509.302093506,
        "max": 157.839782715,
        "mean": 15.428771019,
        "median": 8.73701095581,
        "min": -1.87595415115,
        "stdev": 20.2661190033,
        "var": 410.715576172
    },
    "barkbands_skewness": {
        "dmean": 0.852564096451,
        "dmean2": 1.2856631279,
        "dvar": 0.865709424019,
        "dvar2": 1.94946479797,
        "max": 10.6621408463,
        "mean": 2.96650791168,
        "median": 2.77251338959,
        "min": -1.86133527756,
        "stdev": 1.63735842705,
        "var": 2.68094277382
    },
    "barkbands_spread": {
        "dmean": 6.92299509048,
        "dmean2": 10.7931127548,
        "dvar": 139.22694397,
        "dvar2": 329.042144775,
        "max": 100.636054993,
        "mean": 14.8426704407,
        "median": 11.2138767242,
        "min": 0.734731316566,
        "stdev": 13.9167318344,
        "var": 193.675430298
    },
    "dissonance": {
        "dmean": 0.0302490666509,
        "dmean2": 0.0501228347421,
        "dvar": 0.000906024535652,
        "dvar2": 0.00228494801559,
        "max": 0.499997287989,
        "mean": 0.438345938921,
        "median": 0.452445030212,
        "min": 0.185678705573,
        "stdev": 0.0466356575489,
        "var": 0.00217488454655
    },
    "dynamic_complexity": 1.77208197117,
    "erbbands_crest": {
        "dmean": 2.86449503899,
        "dmean2": 4.64938926697,
        "dvar": 6.21389818192,
        "dvar2": 15.5251617432,
        "max": 29.4660453796,
        "mean": 9.68895053864,
        "median": 8.63198852539,
        "min": 2.66522169113,
        "stdev": 4.49162817001,
        "var": 20.1747226715
    },
    "erbbands_flatness_db": {
        "dmean": 0.0221091844141,
        "dmean2": 0.0333686433733,
        "dvar": 0.000502069073264,
        "dvar2": 0.00101524824277,
        "max": 0.347360610962,
        "mean": 0.147195890546,
        "median": 0.138451084495,
        "min": 0.0467725433409,
        "stdev": 0.0491320714355,
        "var": 0.00241396040656
    },
    "erbbands_kurtosis": {
        "dmean": 2.10921740532,
        "dmean2": 3.46834087372,
        "dvar": 14.0830383301,
        "dvar2": 36.20054245,
        "max": 59.8952865601,
        "mean": 2.74489808083,
        "median": 1.04920339584,
        "min": -1.75953328609,
        "stdev": 5.56177425385,
        "var": 30.9333343506
    },
    "erbbands_skewness": {
        "dmean": 0.541244924068,
        "dmean2": 0.833288252354,
        "dvar": 0.318534076214,
        "dvar2": 0.708446145058,
        "max": 4.32276916504,
        "mean": 0.542297244072,
        "median": 0.495266616344,
        "min": -2.87552690506,
        "stdev": 0.986610412598,
        "var": 0.973400115967
    },
    "erbbands_spread": {
        "dmean": 12.4488525391,
        "dmean2": 19.586605072,
        "dvar": 268.763244629,
        "dvar2": 648.690002441,
        "max": 158.659286499,
        "mean": 35.4788093567,
        "median": 32.5628967285,
        "min": 2.3052444458,
        "stdev": 21.6679134369,
        "var": 469.498443604
    },
    "hfc": {
        "dmean": 20.3170986176,
        "dmean2": 34.0521011353,
        "dvar": 2810.33300781,
        "dvar2": 7808.68310547,
        "max": 572.884399414,
        "mean": 32.15026474,
        "median": 20.7226314545,
        "min": 1.2191811078e-16,
        "stdev": 45.1847610474,
        "var": 2041.66259766
    },
    "loudness_ebu128": {
        "integrated": -10.1013336182,
        "loudness_range": 1.23493003845,
        "momentary": {
            "dmean": 0.506043255329,
            "dmean2": 0.698578774929,
            "dvar": 0.161104857922,
            "dvar2": 0.324267923832,
            "max": -7.82278728485,
            "mean": -10.2616624832,
            "median": -10.1258249283,
            "min": -14.2292346954,
            "stdev": 1.22573173046,
            "var": 1.50241827965
        },
        "short_term": {
            "dmean": 0.0674870535731,
            "dmean2": 0.0786094963551,
            "dvar": 0.00266840844415,
            "dvar2": 0.00389748299494,
            "max": -9.14455032349,
            "mean": -10.1221408844,
            "median": -10.1188793182,
            "min": -11.26628685,
            "stdev": 0.450173407793,
            "var": 0.20265609026
        }
    },
    "melbands_crest": {
        "dmean": 2.75625276566,
        "dmean2": 4.01436948776,
        "dvar": 10.8795089722,
        "dvar2": 23.5625476837,
        "max": 37.8395042419,
        "mean": 27.9439582825,
        "median": 30.5715637207,
        "min": 2.72291564941,
        "stdev": 7.61306190491,
        "var": 57.9587097168
    },
    "melbands_flatness_db": {
        "dmean": 0.0357212163508,
        "dmean2": 0.0485112555325,
        "dvar": 0.00157401105389,
        "dvar2": 0.00288845226169,
        "max": 0.531166136265,
        "mean": 0.301320791245,
        "median": 0.286916136742,
        "min": 0.0104438718408,
        "stdev": 0.0938093066216,
        "var": 0.00880018621683
    },
    "melbands_kurtosis": {
        "dmean": 18.3560028076,
        "dmean2": 28.0214042664,
        "dvar": 1331.65380859,
        "dvar2": 3327.20141602,
        "max": 530.944885254,
        "mean": 31.4599685669,
        "median": 18.4955329895,
        "min": -1.75652682781,
        "stdev": 43.2924880981,
        "var": 1874.23937988
    },
    "melbands_skewness": {
        "dmean": 1.11336767673,
        "dmean2": 1.66842257977,
        "dvar": 1.88770437241,
        "dvar2": 4.1530623436,
        "max": 19.7780017853,
        "mean": 4.07969903946,
        "median": 3.72171020508,
        "min": -0.0711116492748,
        "stdev": 2.28986144066,
        "var": 5.24346542358
    },
    "melbands_spread": {
        "dmean": 5.87454366684,
        "dmean2": 8.99747562408,
        "dvar": 188.513961792,
        "dvar2": 437.504302979,
        "max": 230.633911133,
        "mean": 12.9751300812,
        "median": 9.28967285156,
        "min": 0.497497051954,
        "stdev": 15.6740007401,
        "var": 245.674301147
    },
    "pitch_salience": {
        "dmean": 0.0663859993219,
        "dmean2": 0.101529963315,
        "dvar": 0.00505432020873,
        "dvar2": 0.011673277244,
        "max": 0.806826233864,
        "mean": 0.364180743694,
        "median": 0.337278693914,
        "min": 0.105788394809,
        "stdev": 0.144146516919,
        "var": 0.0207782182842
    },
    "silence_rate_20dB": {
        "dmean": 0,
        "dmean2": 0,
        "dvar": 0,
        "dvar2": 0,
        "max": 1,
        "mean": 1,
        "median": 1,
        "min": 1,
        "stdev": 0,
        "var": 0
    },
    "silence_rate_30dB": {
        "dmean": 0.13777089119,
        "dmean2": 0.275755226612,
        "dvar": 0.118790723383,
        "dvar2": 0.270977944136,
        "max": 1,
        "mean": 0.393658161163,
        "median": 0,
        "min": 0,
        "stdev": 0.488560289145,
        "var": 0.238691151142
    },
    "silence_rate_60dB": {
        "dmean": 0.00232198135927,
        "dmean2": 0.00387296662666,
        "dvar": 0.00231661065482,
        "dvar2": 0.00385789154097,
        "max": 1,
        "mean": 0.00232018553652,
        "median": 0,
        "min": 0,
        "stdev": 0.0481126978993,
        "var": 0.00231483159587
    },
    "spectral_centroid": {
        "dmean": 324.548309326,
        "dmean2": 488.523956299,
        "dvar": 303964.5,
        "dvar2": 561283.9375,
        "max": 11213.6992188,
        "mean": 1081.38806152,
        "median": 933.693847656,
        "min": 221.810379028,
        "stdev": 719.223815918,
        "var": 517282.9375
    },
    "spectral_complexity": {
        "dmean": 4.39241504669,
        "dmean2": 6.58481788635,
        "dvar": 29.6036949158,
        "dvar2": 66.7895889282,
        "max": 48,
        "mean": 17.7393665314,
        "median": 17,
        "min": 0,
        "stdev": 8.61253070831,
        "var": 74.1756896973
    },
    "spectral_decrease": {
        "dmean": 3.69630082098e-09,
        "dmean2": 5.95350524435e-09,
        "dvar": 1.82675807247e-17,
        "dvar2": 4.16486364863e-17,
        "max": -4.11069223438e-29,
        "mean": -2.54820911039e-08,
        "median": -2.88769967938e-08,
        "min": -4.45779733127e-08,
        "stdev": 1.02926884793e-08,
        "var": 1.05939443034e-16
    },
    "spectral_energy": {
        "dmean": 0.0150852687657,
        "dmean2": 0.0245830975473,
        "dvar": 0.000311505049467,
        "dvar2": 0.000734219385777,
        "max": 0.176181539893,
        "mean": 0.0990914106369,
        "median": 0.111116684973,
        "min": 1.12134760647e-20,
        "stdev": 0.0390634946525,
        "var": 0.00152595667168
    },
    "spectral_energyband_high": {
        "dmean": 0.00171044352464,
        "dmean2": 0.00297707808204,
        "dvar": 3.02482985717e-05,
        "dvar2": 8.23121372377e-05,
        "max": 0.056475635618,
        "mean": 0.00149082066491,
        "median": 0.000375272589736,
        "min": 7.75851874501e-21,
        "stdev": 0.00457165436819,
        "var": 2.09000245377e-05
    },
    "spectral_energyband_low": {
        "dmean": 0.00871820747852,
        "dmean2": 0.0123695135117,
        "dvar": 0.000151117739733,
        "dvar2": 0.000285336718662,
        "max": 0.127732291818,
        "mean": 0.0732273980975,
        "median": 0.0864272192121,
        "min": 4.12602463097e-23,
        "stdev": 0.0358103625476,
        "var": 0.00128238205798
    },
    "spectral_energyband_middle_high": {
        "dmean": 0.00286501972005,
        "dmean2": 0.00398146547377,
        "dvar": 1.69016893778e-05,
        "dvar2": 3.70903580915e-05,
        "max": 0.0558506511152,
        "mean": 0.0061991494149,
        "median": 0.00318138580769,
        "min": 2.12539292413e-21,
        "stdev": 0.00795791763812,
        "var": 6.33284580545e-05
    },
    "spectral_energyband_middle_low": {
        "dmean": 0.00609061261639,
        "dmean2": 0.00974536128342,
        "dvar": 6.69017244945e-05,
        "dvar2": 0.00017059968377,
        "max": 0.087690256536,
        "mean": 0.0156282130629,
        "median": 0.0140903079882,
        "min": 2.5247368316e-22,
        "stdev": 0.0101432912052,
        "var": 0.000102886362583
    },
    "spectral_entropy": {
        "dmean": 0.254556208849,
        "dmean2": 0.379394948483,
        "dvar": 0.0849794670939,
        "dvar2": 0.175371527672,
        "max": 9.78586578369,
        "mean": 7.38258600235,
        "median": 7.47034978867,
        "min": 5.75374221802,
        "stdev": 0.556316077709,
        "var": 0.309487551451
    },
    "spectral_flux": {
        "dmean": 0.0347831062973,
        "dmean2": 0.0538130514324,
        "dvar": 0.00183774868492,
        "dvar2": 0.00325257633813,
        "max": 0.359688788652,
        "mean": 0.114528290927,
        "median": 0.103249460459,
        "min": 1.05893703528e-10,
        "stdev": 0.0584448948503,
        "var": 0.00341580575332
    },
    "spectral_kurtosis": {
        "dmean": 2.18233180046,
        "dmean2": 3.27436256409,
        "dvar": 7.62637281418,
        "dvar2": 15.0267553329,
        "max": 48.9529342651,
        "mean": 6.85483598709,
        "median": 5.34903144836,
        "min": -1.23285424709,
        "stdev": 6.31324911118,
        "var": 39.8571166992
    },
    "spectral_rms": {
        "dmean": 0.000815181818325,
        "dmean2": 0.00129480182659,
        "dvar": 1.09702216378e-06,
        "dvar2": 2.35196625908e-06,
        "max": 0.0131104700267,
        "mean": 0.00952743832022,
        "median": 0.0104118455201,
        "min": 3.30756364138e-12,
        "stdev": 0.00242951605469,
        "var": 5.90254830968e-06
    },
    "spectral_rolloff": {
        "dmean": 487.231140137,
        "dmean2": 857.2421875,
        "dvar": 2304266.5,
        "dvar2": 5637464.5,
        "max": 18647.7539062,
        "mean": 698.904968262,
        "median": 301.46484375,
        "min": 43.06640625,
        "stdev": 1466.11181641,
        "var": 2149484
    },
    "spectral_skewness": {
        "dmean": 0.336650401354,
        "dmean2": 0.490970283747,
        "dvar": 0.146363303065,
        "dvar2": 0.293449014425,
        "max": 5.88610124588,
        "mean": 2.11844038963,
        "median": 1.94240880013,
        "min": 0.0374108143151,
        "stdev": 0.861362576485,
        "var": 0.741945505142
    },
    "spectral_spread": {
        "dmean": 1144252.25,
        "dmean2": 1718092.5,
        "dvar": 3.24046736589e+12,
        "dvar2": 6.9396112343e+12,
        "max": 41291892,
        "mean": 5373535,
        "median": 4883183.5,
        "min": 1562744.875,
        "stdev": 2257614.5,
        "var": 5.09682280038e+12
    },
    "spectral_strongpeak": {
        "dmean": 0.233908802271,
        "dmean2": 0.427342921495,
        "dvar": 0.126601979136,
        "dvar2": 0.341533690691,
        "max": 5.21539926529,
        "mean": 0.454714119434,
        "median": 0.432960420847,
        "min": 0,
        "stdev": 0.4586597085,
        "var": 0.210368737578
    },
    "zerocrossingrate": {
        "dmean": 0.0115902544931,
        "dmean2": 0.015150334686,
        "dvar": 0.000477833265904,
        "dvar2": 0.000649006455205,
        "max": 0.50537109375,
        "mean": 0.0313243940473,
        "median": 0.021484375,
        "min": 0.00146484375,
        "stdev": 0.0344477072358,
        "var": 0.00118664454203
    },
    "barkbands": {
        "dmean": [0.00670976098627, 0.00622528558597, 0.002091238508, 0.00132031459361, 0.00264666695148, 0.00138294091448, 0.00186370383017, 0.000904700136743, 0.0016602659598, 0.000675218761899, 0.000544733193237, 0.000616279314272, 0.000565763388295, 0.000472910818644, 0.000305317313178, 0.000290459458483, 0.000323031621519, 0.00022337010887, 0.000196936336579, 0.000148405233631, 0.000212261409615, 0.000222401766223, 0.000281163811451, 0.000344365776982, 0.000289333285764, 0.000320383289363, 7.07753861207e-05],
        "dmean2": [0.011024502106, 0.00838348455727, 0.00374870724045, 0.00221332558431, 0.00424797413871, 0.00231540179811, 0.00291410437785, 0.00142045994289, 0.002498192247, 0.00106315512676, 0.000829647004139, 0.000933546805754, 0.000808099168353, 0.000686755403876, 0.000461733958218, 0.000402397970902, 0.000445656944066, 0.000350614136551, 0.000327226618538, 0.000251148361713, 0.000364532228559, 0.000376267649699, 0.000486293196445, 0.000601922976784, 0.000510848185513, 0.000583434011787, 0.000131994733238],
        "dvar": [4.89662706968e-05, 7.98351684352e-05, 3.75364652427e-05, 8.67484322953e-06, 1.25480892166e-05, 5.75650665269e-06, 8.48059062264e-06, 2.20870219891e-06, 8.39506901684e-06, 3.1129980016e-06, 1.37165068281e-06, 2.43594263338e-06, 1.75724517248e-06, 1.1672658502e-06, 5.85095335737e-07, 4.99427471823e-07, 3.20547144383e-07, 1.64211556353e-07, 2.37001273717e-07, 1.38785807735e-07, 6.69716143875e-07, 5.29508042746e-07, 9.69147890828e-07, 1.02741273622e-06, 9.54400775299e-07, 1.13697115012e-06, 5.19723784009e-08],
        "dvar2": [0.000140991483931, 0.000128385683638, 0.00010914610175, 2.23842616833e-05, 3.11241310555e-05, 1.55661018653e-05, 2.00989543373e-05, 5.13594659424e-06, 1.74199703906e-05, 7.78300272941e-06, 2.96446228276e-06, 5.61314391234e-06, 3.09257393383e-06, 2.52060272032e-06, 1.32164768729e-06, 9.14143697628e-07, 6.69343990012e-07, 3.97683066922e-07, 6.50826734727e-07, 3.66657928907e-07, 1.82797145953e-06, 1.42269323078e-06, 2.606037242e-06, 2.72806141766e-06, 2.62428306996e-06, 3.20886329064e-06, 1.47208780277e-07],
        "max": [0.0640028268099, 0.0943655222654, 0.0503558292985, 0.0245024431497, 0.0302454940975, 0.0205967351794, 0.0326611995697, 0.0212988816202, 0.0318960398436, 0.0317123495042, 0.0186456851661, 0.0231969580054, 0.0207848884165, 0.0178945846856, 0.0133443111554, 0.0193005595356, 0.0124304145575, 0.00489513250068, 0.00488933501765, 0.00427808752283, 0.00887972768396, 0.00732394354418, 0.0110132321715, 0.00939208362252, 0.0115955788642, 0.0114913899451, 0.00214262679219],
        "mean": [0.0286635383964, 0.0446675308049, 0.00254859193228, 0.00152093032375, 0.00463306065649, 0.00198214803822, 0.00289607793093, 0.00125078053679, 0.00317321182229, 0.00102950586006, 0.000767290010117, 0.00082163506886, 0.000833480269648, 0.000656903313939, 0.000446400168585, 0.000439002964413, 0.000568600313272, 0.000334143463988, 0.000252030527918, 0.000177526948391, 0.000168355269125, 0.000220764544792, 0.000254212121945, 0.000285930203972, 0.000234803723288, 0.000222277987632, 4.27644663432e-05],
        "median": [0.0285917297006, 0.0446945056319, 0.00110486941412, 0.000708993407898, 0.00293572247028, 0.00106433837209, 0.00141193391755, 0.000605967768934, 0.00111246621236, 0.000212207130971, 0.000198570531211, 0.000134685804369, 0.000169356979313, 0.000112910922326, 7.13883491699e-05, 8.96487545106e-05, 0.000206983153475, 0.00013375445269, 6.57025011606e-05, 5.41321678611e-05, 2.03221425181e-05, 4.42301497969e-05, 5.43734167877e-05, 5.13187915203e-05, 4.94495216117e-05, 3.11064613925e-05, 1.33381422529e-06],
        "min": [9.2442570515e-24, 1.85007651129e-23, 1.1626340884e-23, 5.47998320574e-24, 3.58049055409e-24, 2.0219989637e-23, 7.21214126223e-23, 2.60684292612e-23, 7.40952435814e-23, 9.16430252777e-23, 6.96659410599e-23, 1.72940449017e-22, 1.35084591897e-22, 8.56396991257e-23, 2.17244164875e-22, 3.97228548552e-22, 2.25424892276e-22, 1.9028819452e-22, 2.62466013853e-22, 4.56915354985e-22, 4.1783596829e-22, 5.24849026917e-22, 6.01428664857e-22, 7.88828189582e-22, 1.19790444443e-21, 1.90649116686e-21, 2.33878209616e-21],
        "stdev": [0.0185078382492, 0.0250691771507, 0.00509859900922, 0.00273419474252, 0.00499420519918, 0.00254707923159, 0.00394064933062, 0.0018294849433, 0.00509085739031, 0.00292085763067, 0.00163045537192, 0.00185885117389, 0.00213708099909, 0.00149625819176, 0.00107564532664, 0.00117013778072, 0.000946930085775, 0.000531577505171, 0.000483152107336, 0.000374951399863, 0.000677233445458, 0.000642560713459, 0.000862463144585, 0.000869666400831, 0.000790613470599, 0.000822531583253, 0.000173732609255],
        "var": [0.000342540093698, 0.000628463632893, 2.5995712349e-05, 7.47582134863e-06, 2.49420863838e-05, 6.48761306365e-06, 1.5528717995e-05, 3.34701530846e-06, 2.59168300545e-05, 8.5314095486e-06, 2.65838480118e-06, 3.45532748725e-06, 4.56711495644e-06, 2.2387887384e-06, 1.15701277537e-06, 1.36922255933e-06, 8.96676624507e-07, 2.82574660559e-07, 2.3343595501e-07, 1.40588554132e-07, 4.58645132539e-07, 4.12884276102e-07, 7.4384263371e-07, 7.56319650463e-07, 6.25069674243e-07, 6.7655815883e-07, 3.01830205274e-08]
    },
    "erbbands": {
        "dmean": [0.433314412832, 1.067081213, 2.38089942932, 3.21953392029, 7.51291322708, 10.0033063889, 6.36177492142, 13.384303093, 24.8660888672, 20.963968277, 22.6432380676, 39.3328704834, 22.01055336, 25.2870960236, 17.0131435394, 25.1445274353, 22.9946842194, 23.3019962311, 17.530960083, 15.5617246628, 13.9969129562, 17.7154560089, 13.5267114639, 6.80591106415, 12.075173378, 7.28624629974, 7.5501999855, 8.03521251678, 9.055560112, 8.13881969452, 7.72012042999, 7.48171758652, 5.50858592987, 3.23217535019, 1.98430967331, 1.36157715321, 0.646993517876, 0.170809090137, 0.00660816486925, 0.000138941424666],
        "dmean2": [0.551084041595, 1.7283898592, 4.34945821762, 5.35811853409, 12.1199321747, 15.7298488617, 11.0378522873, 21.9127807617, 39.5649185181, 33.9305763245, 34.1660232544, 58.9235038757, 33.7097740173, 39.2247619629, 25.409444809, 37.604511261, 32.7801818848, 32.3002204895, 25.5937080383, 20.6921043396, 19.5901947021, 24.2104282379, 20.6112213135, 10.8438282013, 20.3592185974, 12.3375339508, 13.1097135544, 13.9327754974, 15.447552681, 14.1889886856, 13.3781995773, 12.9675264359, 9.65224266052, 5.69133281708, 3.45406150818, 2.46603870392, 1.19015407562, 0.313112854958, 0.0122308982536, 0.000253157719271],
        "dvar": [0.370632916689, 5.27173423767, 50.671962738, 74.9237518311, 104.698646545, 226.703796387, 192.981750488, 467.010650635, 1662.48876953, 1309.09521484, 1201.10473633, 6064.43603516, 1445.03417969, 3746.63842773, 1450.59411621, 4017.92675781, 3604.76635742, 2296.0390625, 1390.61108398, 1401.92932129, 975.630004883, 954.910705566, 542.243774414, 217.607711792, 1131.44152832, 366.775360107, 828.147033691, 912.8046875, 1015.27545166, 840.430603027, 694.744689941, 409.1144104, 344.061431885, 107.926643372, 44.6866264343, 23.690662384, 4.753657341, 0.281960397959, 0.000456867477624, 1.67525769257e-07],
        "dvar2": [0.613417208195, 13.3195152283, 147.54888916, 199.574951172, 264.706298828, 524.327392578, 543.918212891, 1191.95654297, 3938.15258789, 3228.00366211, 2775.91381836, 12562.4179688, 3259.06396484, 8318.62988281, 3115.56469727, 9297.81152344, 6454.61914062, 4422.23632812, 3030.58764648, 2811.27758789, 1950.09619141, 1942.2734375, 1299.8182373, 574.045654297, 3155.20214844, 975.879638672, 2283.75561523, 2399.21166992, 2797.94091797, 2300.74926758, 1847.24108887, 1081.96838379, 925.06652832, 293.614105225, 123.63168335, 66.4802627563, 13.4582357407, 0.795822024345, 0.00129577878397, 4.73900570341e-07],
        "max": [6.00677871704, 17.9078159332, 53.3087615967, 77.3406829834, 106.287330627, 181.29006958, 121.220199585, 235.78503418, 569.110778809, 477.49508667, 362.523010254, 1000.49804688, 487.025787354, 1696.91088867, 593.713317871, 740.77722168, 1083.10168457, 938.847290039, 531.920715332, 602.004394531, 688.47668457, 747.786376953, 285.760498047, 187.429382324, 378.461914062, 221.918716431, 274.428100586, 347.204223633, 350.741210938, 301.7628479, 322.559387207, 275.888244629, 177.350418091, 103.289176941, 85.0647964478, 49.6114768982, 26.5167751312, 4.96159172058, 0.204481929541, 0.00422134948894],
        "mean": [3.11030936241, 3.0281727314, 2.9574201107, 4.21989345551, 11.728811264, 16.5811653137, 9.19324493408, 20.6508312225, 38.2252082825, 32.4655990601, 38.9595222473, 74.7165298462, 36.9686660767, 42.8826637268, 26.407749176, 34.0439186096, 35.7427597046, 36.62474823, 27.882314682, 24.6671772003, 22.7272567749, 32.9858818054, 22.6056900024, 10.1692123413, 14.5064096451, 8.56034946442, 6.07321596146, 6.96869945526, 8.56677818298, 7.74652433395, 6.94973993301, 6.40146398544, 4.37694120407, 2.55295085907, 1.6369907856, 0.986664414406, 0.433076530695, 0.10886438936, 0.00413103913888, 0.00019233529747],
        "median": [3.35157704353, 2.29038906097, 1.44456481934, 2.1328060627, 7.62868499756, 7.62537288666, 5.02598667145, 10.6879205704, 19.8518466949, 17.9143180847, 19.9822368622, 23.9923496246, 16.2742195129, 10.2655487061, 7.17320013046, 6.0888466835, 7.58112049103, 7.1861076355, 4.77410459518, 4.44630336761, 6.40783071518, 12.8982028961, 11.2634592056, 3.83673524857, 3.37842059135, 2.76671981812, 1.0366615057, 0.988426983356, 1.57890439034, 1.83046293259, 1.43837511539, 1.14294290543, 0.730833232403, 0.46291911602, 0.367819160223, 0.16873717308, 0.0441958755255, 0.00757393566892, 0.00024394398497, 0.000134757719934],
        "min": [8.76762981692e-22, 2.79665766526e-21, 1.1666431767e-20, 1.63064246728e-20, 1.71865416133e-20, 8.73546105371e-21, 9.38509041739e-20, 2.17211425002e-19, 8.97871364304e-19, 8.87369479247e-19, 6.41026769324e-19, 2.01508435048e-18, 2.78679526513e-18, 2.60533975609e-18, 3.89475840751e-18, 7.53075486708e-18, 5.94997962927e-18, 4.15252484358e-18, 1.25447928681e-17, 1.70947163711e-17, 1.76575284055e-17, 1.27182394077e-17, 1.1119754233e-17, 1.5259372991e-17, 1.46782819194e-17, 1.87767881467e-17, 1.54392152911e-17, 1.69269839952e-17, 1.6602307333e-17, 2.00722754087e-17, 1.73959507348e-17, 2.00871034484e-17, 1.1405102593e-17, 1.32979631497e-17, 7.2836421037e-18, 5.02282638147e-18, 4.30591514842e-18, 1.71205128257e-18, 3.04877060296e-19, 3.41006241501e-20],
        "stdev": [1.71539342403, 2.7179107666, 5.76510095596, 7.79849815369, 12.8150310516, 22.5541706085, 13.58938694, 26.1788825989, 54.0686225891, 45.128868103, 53.5241317749, 138.33757019, 56.1117477417, 137.255050659, 55.6211662292, 76.9985427856, 91.901260376, 82.0329818726, 54.8586540222, 58.4791221619, 49.8897781372, 54.3795509338, 32.2554092407, 16.5647010803, 31.5506973267, 18.6025352478, 23.5883655548, 26.1683197021, 26.9332199097, 24.2030487061, 23.8665962219, 18.3358917236, 15.3855581284, 8.53289985657, 5.40059375763, 3.79115056992, 1.66966676712, 0.408593267202, 0.0163003802299, 0.000312324962579],
        "var": [2.94257473946, 7.38703918457, 33.2363891602, 60.8165740967, 164.225021362, 508.690643311, 184.671432495, 685.333862305, 2923.41577148, 2036.61486816, 2864.83251953, 19137.2851562, 3148.52832031, 18838.9492188, 3093.71411133, 5928.77587891, 8445.84179688, 6729.41064453, 3009.47192383, 3419.80786133, 2488.98999023, 2957.13549805, 1040.41149902, 274.389343262, 995.446533203, 346.054351807, 556.410949707, 684.781005859, 725.398376465, 585.787536621, 569.614440918, 336.20489502, 236.715393066, 72.8103866577, 29.1664104462, 14.3728218079, 2.7877869606, 0.166948467493, 0.000265702372417, 9.75468807951e-08]
    },
    "gfcc": {
        "mean": [22.5958957672, 94.1294021606, -76.1749572754, 17.4811973572, -50.5808563232, 21.4206943512, -34.0289306641, 25.0462551117, -13.6754055023, 10.3769826889, -9.22897434235, 7.74923324585, -10.2618532181],
        "cov": [[5127.68310547, -1451.84033203, -927.225830078, 731.573608398, 147.113555908, -13.0621204376, -260.922729492, -99.8450393677, -9.70589256287, -91.2492828369, -230.484207153, 326.964691162, -329.575897217], [-1451.84033203, 1509.63867188, 292.32434082, -361.379577637, 224.11769104, 119.031906128, 273.54776001, 149.510787964, 37.4374313354, -47.9782447815, 184.850479126, -103.295082092, 156.966445923], [-927.225830078, 292.32434082, 1161.75549316, -64.3997268677, 1.04194283485, 113.973838806, 142.626617432, 38.39427948, 18.6455402374, 23.5111064911, 51.5257949829, -39.0627403259, 109.944343567], [731.573608398, -361.379577637, -64.3997268677, 672.133483887, 226.892974854, -53.4848060608, -137.991668701, -41.495891571, 91.0530319214, 19.084280014, -9.70561027527, 86.7312393188, -1.89998149872], [147.113555908, 224.11769104, 1.04194283485, 226.892974854, 422.090209961, 59.6083526611, -0.467131912708, 49.9250869751, 96.9269485474, 1.8916053772, 35.3689575195, 44.2082633972, 32.0099029541], [-13.0621204376, 119.031906128, 113.973838806, -53.4848060608, 59.6083526611, 201.57975769, 154.241592407, 39.0224456787, 36.5023269653, 18.8094329834, 28.3211345673, 3.51652812958, 21.6551399231], [-260.922729492, 273.54776001, 142.626617432, -137.991668701, -0.467131912708, 154.241592407, 373.895812988, 102.210189819, -38.1729507446, -13.6865444183, 63.9844551086, 14.527007103, 43.4257049561], [-99.8450393677, 149.510787964, 38.39427948, -41.495891571, 49.9250869751, 39.0224456787, 102.210189819, 132.405136108, 33.816619873, 6.7330327034, 46.4815673828, 11.7968072891, 41.9375724792], [-9.70589256287, 37.4374313354, 18.6455402374, 91.0530319214, 96.9269485474, 36.5023269653, -38.1729507446, 33.816619873, 160.593811035, 52.0161018372, -3.69262385368, 8.03908824921, 39.3325500488], [-91.2492828369, -47.9782447815, 23.5111064911, 19.084280014, 1.8916053772, 18.8094329834, -13.6865444183, 6.7330327034, 52.0161018372, 146.155990601, 29.0598278046, -29.0605373383, 28.2014865875], [-230.484207153, 184.850479126, 51.5257949829, -9.70561027527, 35.3689575195, 28.3211345673, 63.9844551086, 46.4815673828, -3.69262385368, 29.0598278046, 117.083045959, 6.96065425873, 19.8456630707], [326.964691162, -103.295082092, -39.0627403259, 86.7312393188, 44.2082633972, 3.51652812958, 14.527007103, 11.7968072891, 8.03908824921, -29.0605373383, 6.96065425873, 126.318328857, -24.4575653076], [-329.575897217, 156.966445923, 109.944343567, -1.89998149872, 32.0099029541, 21.6551399231, 43.4257049561, 41.9375724792, 39.3325500488, 28.2014865875, 19.8456630707, -24.4575653076, 105.920318604]],
        "icov": [[0.000447528640507, 0.000137480194098, 0.00021499027207, -0.000373689108528, -3.01690488413e-05, -0.000549729971681, 0.000200032474822, -0.000522104790434, 0.000355715630576, -9.24440246308e-05, 0.000707517028786, -0.000593875476625, 0.000827955605928], [0.000137480194098, 0.00200247578323, -3.67896282114e-05, 0.00124595826492, -0.00152386131231, 0.000681607984006, -0.000869887124281, 0.0007234509103, -0.00115827075206, 0.00186939793639, -0.0026398091577, 0.00134960701689, -0.00134922552388], [0.00021499027207, -3.67896282114e-05, 0.00112905702554, -0.000267757510301, 0.000184396994882, -0.000764585391153, 3.58744619007e-05, -2.22097496589e-05, 0.00026821703068, 1.14406748253e-06, 0.000195743035874, -0.000232750637224, -0.00054892845219], [-0.000373689108528, 0.00124595826492, -0.000267757510301, 0.00363073428161, -0.002211534651, 0.00187947810628, -0.000611512048636, 0.0022875959985, -0.00193748716265, 0.000993059948087, -0.00260527106002, 8.23831505841e-05, -0.00207483582199], [-3.01690488413e-05, -0.00152386131231, 0.000184396994882, -0.002211534651, 0.00489314273, -0.00199047382921, 0.00123101379722, -0.00169475621078, -0.000223892231588, -0.000403283484047, 0.00112945958972, -0.00123392150272, 0.000721806311049], [-0.000549729971681, 0.000681607984006, -0.000764585391153, 0.00187947810628, -0.00199047382921, 0.0104753607884, -0.00515944510698, 0.00308225722983, -0.00435989443213, 0.000153689470608, -0.00224106013775, 0.00156556337606, -0.000178985428647], [0.000200032474822, -0.000869887124281, 3.58744619007e-05, -0.000611512048636, 0.00123101379722, -0.00515944510698, 0.00687213987112, -0.00429078936577, 0.00393896969035, -0.000485283031594, 0.000981604214758, -0.00199808552861, -0.000551247852854], [-0.000522104790434, 0.0007234509103, -2.22097496589e-05, 0.0022875959985, -0.00169475621078, 0.00308225722983, -0.00429078936577, 0.0145844491199, -0.00496230926365, 0.00192260695621, -0.00556084420532, 0.000228355667787, -0.00434045540169], [0.000355715630576, -0.00115827075206, 0.00026821703068, -0.00193748716265, -0.000223892231588, -0.00435989443213, 0.00393896969035, -0.00496230926365, 0.0127466870472, -0.00462320400402, 0.00510857952759, -0.00264301756397, -0.00125087436754], [-9.24440246308e-05, 0.00186939793639, 1.14406748253e-06, 0.000993059948087, -0.000403283484047, 0.000153689470608, -0.000485283031594, 0.00192260695621, -0.00462320400402, 0.0112792085856, -0.00616649445146, 0.00379247358069, -0.00276839314029], [0.000707517028786, -0.0026398091577, 0.000195743035874, -0.00260527106002, 0.00112945958972, -0.00224106013775, 0.000981604214758, -0.00556084420532, 0.00510857952759, -0.00616649445146, 0.0170321501791, -0.00409345095977, 0.00338811287656], [-0.000593875476625, 0.00134960701689, -0.000232750637224, 8.23831505841e-05, -0.00123392150272, 0.00156556337606, -0.00199808552861, 0.000228355667787, -0.00264301756397, 0.00379247358069, -0.00409345095977, 0.0124445222318, 0.000788952223957], [0.000827955605928, -0.00134922552388, -0.00054892845219, -0.00207483582199, 0.000721806311049, -0.000178985428647, -0.000551247852854, -0.00434045540169, -0.00125087436754, -0.00276839314029, 0.00338811287656, 0.000788952223957, 0.0170612558722]]
    },
    "melbands": {
        "dmean": [0.00260987551883, 0.00116541585885, 0.000652680289932, 0.000662322330754, 0.000243295871769, 0.000299321342027, 0.000381609221222, 0.000213482315303, 0.000201055765501, 0.00025501352502, 0.000112008601718, 0.000105157399958, 6.01428400842e-05, 7.18628070899e-05, 4.84082920593e-05, 6.25136381132e-05, 4.35354522779e-05, 3.19820283039e-05, 2.66988099611e-05, 2.06670683838e-05, 1.65711462614e-05, 1.86775469047e-05, 1.89588008652e-05, 8.41555083753e-06, 5.23669359609e-06, 8.98158396012e-06, 7.83313680586e-06, 4.19180514655e-06, 4.25421058026e-06, 4.92309345645e-06, 4.58645581602e-06, 5.34378477823e-06, 3.94520066038e-06, 5.21450010638e-06, 4.90924367114e-06, 3.96981022277e-06, 4.73025420433e-06, 4.19350817538e-06, 3.22554524246e-06, 2.50603034146e-06],
        "dmean2": [0.00329083274119, 0.00205052178353, 0.00107934698462, 0.00105646636803, 0.000407190906117, 0.000489874917548, 0.000599034945481, 0.000346315995557, 0.000299255683785, 0.0003847523476, 0.000172527434188, 0.000164701530593, 9.15784185054e-05, 0.000109019456431, 7.36128858989e-05, 8.91046147444e-05, 6.20106657152e-05, 4.71166495117e-05, 3.93490590795e-05, 2.6886444175e-05, 2.46871495619e-05, 2.58157488133e-05, 2.81244174403e-05, 1.33438988996e-05, 8.4415969468e-06, 1.47773107528e-05, 1.33159546749e-05, 7.07373555997e-06, 7.43687496652e-06, 8.43341877044e-06, 8.04277442512e-06, 9.17901888897e-06, 6.78841161061e-06, 9.20804359339e-06, 8.56255428516e-06, 6.80886705595e-06, 8.21059620648e-06, 7.39829147278e-06, 5.69211943002e-06, 4.41721658717e-06],
        "dvar": [1.14485555969e-05, 1.08388949229e-05, 2.08079154618e-06, 7.53862138936e-07, 2.5236130341e-07, 2.32990146287e-07, 3.5099688489e-07, 1.29913502178e-07, 9.60143822226e-08, 2.69331650316e-07, 4.01396178518e-08, 6.68105926138e-08, 1.7202559377e-08, 3.97465100832e-08, 1.25207471058e-08, 2.403690047e-08, 9.3992049699e-09, 5.45859402123e-09, 5.30068611226e-09, 3.42360162442e-09, 1.3382126518e-09, 1.25253019068e-09, 9.43870537284e-10, 2.72698252868e-10, 1.27685986784e-10, 4.86461648741e-10, 4.76247430381e-10, 1.17352794149e-10, 2.53094323277e-10, 3.59492546842e-10, 2.95742874634e-10, 3.76574355032e-10, 1.51803000725e-10, 3.87788828826e-10, 3.25695026504e-10, 1.53577345285e-10, 1.60335592025e-10, 2.16707304879e-10, 1.33114325118e-10, 5.92169369096e-11],
        "dvar2": [1.63475269801e-05, 3.00044175674e-05, 5.53347990717e-06, 1.88197532225e-06, 6.67457754844e-07, 6.02708496444e-07, 8.26704422252e-07, 3.19529959825e-07, 2.09454469768e-07, 5.62565560358e-07, 8.9894918176e-08, 1.54608187586e-07, 3.89846555038e-08, 9.20097775747e-08, 2.80851111256e-08, 4.17527346031e-08, 1.9618889624e-08, 1.25348025293e-08, 1.23892851533e-08, 5.42584244201e-09, 2.79060174968e-09, 2.57180921004e-09, 2.11659245686e-09, 6.76436129332e-10, 3.32617489107e-10, 1.33415589687e-09, 1.29760613365e-09, 3.0636676529e-10, 7.04029390342e-10, 9.76734249036e-10, 7.64557639421e-10, 1.0312201093e-09, 4.10912803783e-10, 1.07048125919e-09, 8.85977791132e-10, 3.98923588607e-10, 4.26274432419e-10, 5.91792892468e-10, 3.58187784988e-10, 1.60360308366e-10],
        "max": [0.0378098376095, 0.024077039212, 0.0123808346689, 0.00827603042126, 0.00461613433436, 0.00461357086897, 0.00756023218855, 0.00563715444878, 0.00377160310745, 0.00633993092924, 0.00256643095054, 0.00667682057247, 0.00174264167435, 0.00335400085896, 0.00130099337548, 0.00253848405555, 0.00186815846246, 0.00102041638456, 0.00113462447189, 0.00175149610732, 0.000728373997845, 0.000759624876082, 0.000482857140014, 0.000223346738494, 0.000145202560816, 0.000218048968236, 0.00029012496816, 0.000143364813994, 0.000166524056112, 0.000219774374273, 0.000200374110136, 0.000258102751104, 0.000134293775773, 0.000218894216232, 0.000225745665375, 0.000278864667052, 0.000121362667414, 0.000167523059645, 0.000129020991153, 7.15904461686e-05],
        "mean": [0.0205916967243, 0.00194588629529, 0.000936183903832, 0.00110852136277, 0.000381496589398, 0.000456431938801, 0.00060315564042, 0.000325132568832, 0.000349184469087, 0.000477527006296, 0.000171526131453, 0.000173017891939, 8.85301633389e-05, 9.57290903898e-05, 6.76180643495e-05, 9.34109266382e-05, 6.43893363304e-05, 4.66302226414e-05, 3.80963356292e-05, 3.02591670334e-05, 2.55779614236e-05, 3.33242533088e-05, 3.12218544423e-05, 1.24132102428e-05, 7.22090635463e-06, 1.10453138404e-05, 9.11210645427e-06, 4.68770758744e-06, 3.35057711709e-06, 3.87288264392e-06, 4.04266847909e-06, 4.93604147778e-06, 4.0444683691e-06, 4.669414011e-06, 4.25190546594e-06, 3.54917597178e-06, 3.99518603444e-06, 3.28930104843e-06, 2.44844568442e-06, 1.99881560548e-06],
        "median": [0.0234702620655, 0.0012140966719, 0.000526377465576, 0.000678696145769, 0.000184422970051, 0.00023720205354, 0.000327920279233, 0.000179832917638, 0.000150697422214, 0.000148126069689, 7.26074940758e-05, 3.927344369e-05, 2.40912431764e-05, 1.6504271116e-05, 1.24678354041e-05, 1.91787767108e-05, 1.15291113616e-05, 7.08086008672e-06, 5.82680968364e-06, 5.02559942106e-06, 7.13604867997e-06, 1.10063519969e-05, 1.45473013617e-05, 4.78922220282e-06, 2.21428490477e-06, 2.39789687839e-06, 2.14186434278e-06, 1.4174363514e-06, 5.69644839743e-07, 4.13829837953e-07, 5.81874530781e-07, 8.1108220229e-07, 8.26178734314e-07, 9.96646349449e-07, 8.03305624686e-07, 6.25633447271e-07, 6.88542343141e-07, 4.8406809583e-07, 3.76792485213e-07, 3.63077191423e-07],
        "min": [6.84144984307e-24, 5.37948508743e-24, 3.07623271688e-24, 8.78171496783e-25, 2.62903516111e-24, 5.21440292681e-24, 1.34243931229e-23, 8.64126676391e-24, 5.85474814485e-24, 1.30540308166e-23, 1.31016149064e-23, 9.75234500561e-24, 1.07437388485e-23, 2.32886159599e-23, 1.14826514478e-23, 1.31748440753e-23, 5.89276177415e-24, 2.0032357493e-23, 1.48799219569e-23, 2.98529484333e-23, 1.77112920516e-23, 1.3991713487e-23, 8.5073868131e-24, 1.02738372842e-23, 1.30461138085e-23, 8.55053513803e-24, 1.67066429789e-23, 1.0282838976e-23, 8.91415820571e-24, 1.21634644414e-23, 7.96757560654e-24, 7.78830459925e-24, 1.31644855428e-23, 1.0460398944e-23, 8.19955435522e-24, 1.41329322108e-23, 1.10134985125e-23, 7.47286357794e-24, 9.84374321895e-24, 1.1157515326e-23],
        "stdev": [0.0106784142554, 0.00292462809011, 0.00136188871693, 0.00121846201364, 0.000568798626773, 0.000572831369936, 0.000795732194092, 0.000450197723694, 0.000542804540601, 0.000890757655725, 0.00028768525226, 0.000559260020964, 0.000179602240678, 0.000232559686992, 0.000153897082782, 0.000245159986662, 0.000151052503497, 9.63015627349e-05, 9.47640874074e-05, 9.4641756732e-05, 5.45817420061e-05, 5.9018486354e-05, 4.54361434095e-05, 2.06180247915e-05, 1.2718644939e-05, 2.20031324716e-05, 2.17167034862e-05, 1.03968022813e-05, 1.29987865876e-05, 1.57645172294e-05, 1.51993035615e-05, 1.64064513228e-05, 1.10007194962e-05, 1.60626968864e-05, 1.55588204507e-05, 1.20069116747e-05, 1.12319266918e-05, 1.20036283988e-05, 9.48878187046e-06, 6.38751225779e-06],
        "var": [0.000114028538519, 8.5534493337e-06, 1.85474084446e-06, 1.48464960148e-06, 3.23531878621e-07, 3.28135797645e-07, 6.33189699784e-07, 2.02677995276e-07, 2.94636777198e-07, 7.93449203229e-07, 8.27628099387e-08, 3.12771788913e-07, 3.22569633227e-08, 5.40840048302e-08, 2.3684311401e-08, 6.01034244596e-08, 2.28168577365e-08, 9.27399135264e-09, 8.9802316694e-09, 8.95706175896e-09, 2.97916669112e-09, 3.48318152099e-09, 2.06444328299e-09, 4.25102952839e-10, 1.6176393558e-10, 4.84137840928e-10, 4.71615246855e-10, 1.08093499429e-10, 1.6896846422e-10, 2.48520010127e-10, 2.31018815189e-10, 2.69171657186e-10, 1.21015836241e-10, 2.58010224297e-10, 2.42076886314e-10, 1.44165929195e-10, 1.26156168845e-10, 1.4408710336e-10, 9.00369848122e-11, 4.08003110464e-11]
    },
    "melbands128": {
