{
"lowlevel": {
    "average_loudness": 0.97536355257,
    "barkbands_crest": {
        "dmean": 3.57369375229,
        "dmean2": 5.48840427399,
        "dvar": 10.5585441589,
        "dvar2": 23.2464370728,
        "max": 26.003030777,
        "mean": 13.2737140656,
        "median": 12.5265455246,
        "min": 3.01069760323,
        "stdev": 5.65071821213,
        "var": 31.9306144714
    },
    "barkbands_flatness_db": {
        "dmean": 0.0371312610805,
        "dmean2": 0.051365878433,
        "dvar": 0.00138727563899,
        "dvar2": 0.00267925439402,
        "max": 0.466058582067,
        "mean": 0.14763468504,
        "median": 0.135483950377,
        "min": 0.0270533598959,
        "stdev": 0.072198882699,
        "var": 0.00521267857403
    },
    "barkbands_kurtosis": {
        "dmean": 11.3252449036,
        "dmean2": 18.422296524,
        "dvar": 1688.27819824,
        "dvar2": 4522.12939453,
        "max": 778.304992676,
        "mean": 13.4029798508,
        "median": 2.72398853302,
        "min": -1.84475564957,
        "stdev": 42.6946983337,
        "var": 1822.8371582
    },
    "barkbands_skewness": {
        "dmean": 1.03383731842,
        "dmean2": 1.61996817589,
        "dvar": 2.25013613701,
        "dvar2": 5.24530410767,
        "max": 22.2369422913,
        "mean": 2.31259274483,
        "median": 1.65959715843,
        "min": -1.91830360889,
        "stdev": 2.23393273354,
        "var": 4.9904551506
    },
    "barkbands_spread": {
        "dmean": 12.9609394073,
        "dmean2": 20.7653865814,
        "dvar": 289.314880371,
        "dvar2": 727.499267578,
        "max": 116.397476196,
        "mean": 26.5718631744,
        "median": 23.1595363617,
        "min": 0.221492931247,
        "stdev": 19.3825321198,
        "var": 375.682556152
    },
    "dissonance": {
        "dmean": 0.0271007586271,
        "dmean2": 0.0448805987835,
        "dvar": 0.000697479699738,
        "dvar2": 0.00179190421477,
        "max": 0.5,
        "mean": 0.448092937469,
        "median": 0.454735100269,
        "min": 0.181097343564,
        "stdev": 0.0345419161022,
        "var": 0.00119314400945
    },
    "dynamic_complexity": 2.08695483208,
    "erbbands_crest": {
        "dmean": 3.15638995171,
        "dmean2": 4.96672201157,
        "dvar": 8.27052593231,
        "dvar2": 20.6898994446,
        "max": 28.6932201385,
        "mean": 9.55217933655,
        "median": 8.71479225159,
        "min": 2.46707010269,
        "stdev": 4.3624329567,
        "var": 19.0308227539
    },
    "erbbands_flatness_db": {
        "dmean": 0.0230482444167,
        "dmean2": 0.0336794219911,
        "dvar": 0.000469574675662,
        "dvar2": 0.00102310325019,
        "max": 0.246233776212,
        "mean": 0.126644253731,
        "median": 0.125709801912,
        "min": 0.0369215831161,
        "stdev": 0.0387892015278,
        "var": 0.00150460202713
    },
    "erbbands_kurtosis": {
        "dmean": 1.35553026199,
        "dmean2": 2.12874031067,
        "dvar": 4.71766424179,
        "dvar2": 11.5720481873,
        "max": 41.3457641602,
        "mean": 1.07446718216,
        "median": 0.445179700851,
        "min": -1.75291609764,
        "stdev": 2.75693798065,
        "var": 7.60070753098
    },
    "erbbands_skewness": {
        "dmean": 0.497271478176,
        "dmean2": 0.778945446014,
        "dvar": 0.254683017731,
        "dvar2": 0.623779416084,
        "max": 5.02293348312,
        "mean": 0.595495581627,
        "median": 0.604678153992,
        "min": -2.59228301048,
        "stdev": 0.760987281799,
        "var": 0.579101681709
    },
    "erbbands_spread": {
        "dmean": 14.8815851212,
        "dmean2": 22.9234809875,
        "dvar": 303.613677979,
        "dvar2": 632.625427246,
        "max": 193.765823364,
        "mean": 47.236530304,
        "median": 42.5884094238,
        "min": 6.20743083954,
        "stdev": 27.1093463898,
        "var": 734.916687012
    },
    "hfc": {
        "dmean": 27.7464923859,
        "dmean2": 45.7353782654,
        "dvar": 2136.22802734,
        "dvar2": 5550.9453125,
        "max": 320.405578613,
        "mean": 42.5627441406,
        "median": 32.7977867126,
        "min": 1.30958705184e-16,
        "stdev": 44.4087600708,
        "var": 1972.13781738
    },
    "loudness_ebu128": {
        "integrated": -6.82944107056,
        "loudness_range": 0.941135406494,
        "momentary": {
            "dmean": 0.517599642277,
            "dmean2": 0.825258493423,
            "dvar": 0.169141247869,
            "dvar2": 0.39312812686,
            "max": -5.14061594009,
            "mean": -6.92446994781,
            "median": -6.80833625793,
            "min": -10.1793022156,
            "stdev": 0.93026638031,
            "var": 0.865395486355
        },
        "short_term": {
            "dmean": 0.0650941133499,
            "dmean2": 0.103951603174,
            "dvar": 0.00204735784791,
            "dvar2": 0.00467636622488,
            "max": -5.98681116104,
            "mean": -6.81208896637,
            "median": -6.79873037338,
            "min": -7.84272861481,
            "stdev": 0.336710602045,
            "var": 0.11337402463
        }
    },
    "melbands_crest": {
        "dmean": 4.21603631973,
        "dmean2": 6.29924297333,
        "dvar": 15.6401319504,
        "dvar2": 31.8998832703,
        "max": 39.4391326904,
        "mean": 19.0288181305,
        "median": 18.180109024,
        "min": 2.30239582062,
        "stdev": 7.31588077545,
        "var": 53.5221138
    },
    "melbands_flatness_db": {
        "dmean": 0.0457499288023,
        "dmean2": 0.0637748911977,
        "dvar": 0.00210844050162,
        "dvar2": 0.00419628154486,
        "max": 0.574347913265,
        "mean": 0.223491087556,
        "median": 0.212678879499,
        "min": 0.00744058005512,
        "stdev": 0.0914886370301,
        "var": 0.00837017036974
    },
    "melbands_kurtosis": {
        "dmean": 19.8861522675,
        "dmean2": 31.1129608154,
        "dvar": 1853.08337402,
        "dvar2": 4383.47119141,
        "max": 568.368774414,
        "mean": 31.4855766296,
        "median": 11.2732334137,
        "min": -1.61318421364,
        "stdev": 61.7734832764,
        "var": 3815.96337891
    },
    "melbands_skewness": {
        "dmean": 1.25752854347,
        "dmean2": 1.90168642998,
        "dvar": 2.54033279419,
        "dvar2": 5.35583591461,
        "max": 20.583240509,
        "mean": 3.67723751068,
        "median": 2.89044833183,
        "min": -0.538779199123,
        "stdev": 2.83152532578,
        "var": 8.01753520966
    },
    "melbands_spread": {
        "dmean": 11.1172990799,
        "dmean2": 18.2982826233,
        "dvar": 335.200073242,
        "dvar2": 833.722290039,
        "max": 182.795471191,
        "mean": 21.9254970551,
        "median": 18.6745185852,
        "min": 0.280576884747,
        "stdev": 20.2322940826,
        "var": 409.345703125
    },
    "pitch_salience": {
        "dmean": 0.0949668735266,
        "dmean2": 0.140203282237,
        "dvar": 0.00826867762953,
        "dvar2": 0.0185106489807,
        "max": 0.82317841053,
        "mean": 0.441745281219,
        "median": 0.443008631468,
        "min": 0.0295866765082,
        "stdev": 0.158388867974,
        "var": 0.0250870343298
    },
    "silence_rate_20dB": {
        "dmean": 0,
        "dmean2": 0,
        "dvar": 0,
        "dvar2": 0,
        "max": 1,
        "mean": 1,
        "median": 1,
        "min": 1,
        "stdev": 0,
        "var": 0
    },
    "silence_rate_30dB": {
        "dmean": 0.0263157896698,
        "dmean2": 0.0526723451912,
        "dvar": 0.0256232041866,
        "dvar2": 0.0591932758689,
        "max": 1,
        "mean": 0.970610976219,
        "median": 1,
        "min": 0,
        "stdev": 0.168894320726,
        "var": 0.0285252910107
    },
    "silence_rate_60dB": {
        "dmean": 0.0147058824077,
        "dmean2": 0.0286599528044,
        "dvar": 0.0144895501435,
        "dvar2": 0.0278385858983,
        "max": 1,
        "mean": 0.0201082751155,
        "median": 0,
        "min": 0,
        "stdev": 0.140370756388,
        "var": 0.0197039488703
    },
    "spectral_centroid": {
        "dmean": 383.912780762,
        "dmean2": 612.970581055,
        "dvar": 318745.375,
        "dvar2": 702067.4375,
        "max": 11057.0869141,
        "mean": 1310.57324219,
        "median": 1232.81591797,
        "min": 152.124938965,
        "stdev": 680.276855469,
        "var": 462776.625
    },
    "spectral_complexity": {
        "dmean": 5.92801856995,
        "dmean2": 8.99845123291,
        "dvar": 50.2897109985,
        "dvar2": 112.831802368,
        "max": 50,
        "mean": 18.1183300018,
        "median": 17,
        "min": 0,
        "stdev": 9.57191753387,
        "var": 91.6216125488
    },
    "spectral_decrease": {
        "dmean": 4.53733139949e-09,
        "dmean2": 6.96473012596e-09,
        "dvar": 2.73542606696e-17,
        "dvar2": 6.4676233009e-17,
        "max": 1.18666089264e-28,
        "mean": -1.34945432606e-08,
        "median": -1.25886110425e-08,
        "min": -6.95474469126e-08,
        "stdev": 8.00993493755e-09,
        "var": 6.41590598377e-17
    },
    "spectral_energy": {
        "dmean": 0.0179294999689,
        "dmean2": 0.027487160638,
        "dvar": 0.000407794024795,
        "dvar2": 0.000951331050601,
        "max": 0.26276999712,
        "mean": 0.0547921694815,
        "median": 0.0520407408476,
        "min": 1.14304591103e-20,
        "stdev": 0.0310351867229,
        "var": 0.000963182828855
    },
    "spectral_energyband_high": {
        "dmean": 0.00264375749975,
        "dmean2": 0.0045083607547,
        "dvar": 2.41165125772e-05,
        "dvar2": 6.40675425529e-05,
        "max": 0.0332898013294,
        "mean": 0.002750239335,
        "median": 0.00123708706815,
        "min": 8.31738668534e-21,
        "stdev": 0.00438285060227,
        "var": 1.92093775695e-05
    },
    "spectral_energyband_low": {
        "dmean": 0.0143092144281,
        "dmean2": 0.0223893243819,
        "dvar": 0.000290601019515,
        "dvar2": 0.00075136043597,
        "max": 0.154022708535,
        "mean": 0.031054046005,
        "median": 0.0267367269844,
        "min": 5.70813313913e-23,
        "stdev": 0.0265362132341,
        "var": 0.000704170612153
    },
    "spectral_energyband_middle_high": {
        "dmean": 0.0031011661049,
        "dmean2": 0.00457686977461,
        "dvar": 1.8594751964e-05,
        "dvar2": 3.77578726329e-05,
        "max": 0.0462515950203,
        "mean": 0.00727099739015,
        "median": 0.00520217046142,
        "min": 1.59795703929e-21,
        "stdev": 0.00738662388176,
        "var": 5.45622096979e-05
    },
    "spectral_energyband_middle_low": {
        "dmean": 0.00598914688453,
        "dmean2": 0.00935307051986,
        "dvar": 5.22217014804e-05,
        "dvar2": 0.000118122916319,
        "max": 0.0564824417233,
        "mean": 0.0130684254691,
        "median": 0.0113508710638,
        "min": 2.62561131545e-22,
        "stdev": 0.00981711596251,
        "var": 9.63757629506e-05
    },
    "spectral_entropy": {
        "dmean": 0.306873589754,
        "dmean2": 0.445396929979,
        "dvar": 0.103053949773,
        "dvar2": 0.226041331887,
        "max": 9.81095600128,
        "mean": 7.69007253647,
        "median": 7.66917514801,
        "min": 6.14450645447,
        "stdev": 0.501418888569,
        "var": 0.251420885324
    },
    "spectral_flux": {
        "dmean": 0.0429040379822,
        "dmean2": 0.0639428049326,
        "dvar": 0.00148736150004,
        "dvar2": 0.00305998139083,
        "max": 0.34408724308,
        "mean": 0.123074017465,
        "median": 0.113317027688,
        "min": 1.06913325415e-10,
        "stdev": 0.0627922862768,
        "var": 0.00394287100062
    },
    "spectral_kurtosis": {
        "dmean": 1.47449278831,
        "dmean2": 2.21247243881,
        "dvar": 3.51108312607,
        "dvar2": 7.40463066101,
        "max": 21.831741333,
        "mean": 3.22953438759,
        "median": 2.64691543579,
        "min": -1.21109437943,
        "stdev": 2.92967557907,
        "var": 8.58299922943
    },
    "spectral_rms": {
        "dmean": 0.00122774334159,
        "dmean2": 0.00183904462028,
        "dvar": 1.64990717622e-06,
        "dvar2": 3.51922017217e-06,
        "max": 0.0160112772137,
        "mean": 0.00696183228865,
        "median": 0.00712540885434,
        "min": 3.33941121283e-12,
        "stdev": 0.00223352038302,
        "var": 4.98861300002e-06
    },
    "spectral_rolloff": {
        "dmean": 1352.59216309,
        "dmean2": 2419.17260742,
        "dvar": 6162226,
        "dvar2": 15455014,
        "max": 19099.9511719,
        "mean": 1631.0098877,
        "median": 904.39453125,
        "min": 21.533203125,
        "stdev": 2337.53710938,
        "var": 5464079.5
    },
    "spectral_skewness": {
        "dmean": 0.293407440186,
        "dmean2": 0.433501362801,
        "dvar": 0.108694672585,
        "dvar2": 0.233956456184,
        "max": 3.70014190674,
        "mean": 1.5476616621,
        "median": 1.51481068134,
        "min": -0.0111625026911,
        "stdev": 0.520616173744,
        "var": 0.271041214466
    },
    "spectral_spread": {
        "dmean": 1301806.625,
        "dmean2": 1966441.875,
        "dvar": 3.21045685862e+12,
        "dvar2": 5.70362691584e+12,
        "max": 40592480,
        "mean": 6958397.5,
        "median": 6574070.5,
        "min": 2344010.5,
        "stdev": 2510556.25,
        "var": 6.30289281843e+12
    },
    "spectral_strongpeak": {
        "dmean": 0.505506813526,
        "dmean2": 0.883974134922,
        "dvar": 0.913071870804,
        "dvar2": 2.29873394966,
        "max": 7.61055183411,
        "mean": 0.835297703743,
        "median": 0.485772281885,
        "min": 0,
        "stdev": 1.13511717319,
        "var": 1.28849089146
    },
    "zerocrossingrate": {
        "dmean": 0.0212511941791,
        "dmean2": 0.0268929116428,
        "dvar": 0.00068273418583,
        "dvar2": 0.000997802941129,
        "max": 0.49365234375,
        "mean": 0.0654500797391,
        "median": 0.0556640625,
        "min": 0.00146484375,
        "stdev": 0.0441349484026,
        "var": 0.0019478937611
    },
    "barkbands": {
        "dmean": [0.00343661452644, 0.0126132937148, 0.00293221883476, 0.00133675802499, 0.00135664152913, 0.00142815685831, 0.00119552749675, 0.0013735878747, 0.00180944148451, 0.000718289578799, 0.000684527563863, 0.000773787964135, 0.000619035388809, 0.000793629500549, 0.000310064962832, 0.000247368734563, 0.00026263424661, 0.000223794500926, 0.000178164147655, 0.000207086399314, 0.000278458464891, 0.000288316019578, 0.000387718842831, 0.000722380180378, 0.00064223643858, 0.000366086169379, 5.53301615582e-05],
        "dmean2": [0.0053249434568, 0.0201878324151, 0.00501312408596, 0.00247708661482, 0.0020813588053, 0.00224113697186, 0.00184278760571, 0.00211215554737, 0.00283696898259, 0.00101336592343, 0.00103786936961, 0.00120755925309, 0.000963246333413, 0.00122658349574, 0.000491057871841, 0.000379573262762, 0.000402074336307, 0.000379111617804, 0.000279690691968, 0.000339570106007, 0.000483008887386, 0.000491984654218, 0.000661447003949, 0.00126072962303, 0.00110252364539, 0.000630449794699, 0.00010079092317],
        "dvar": [0.000177203837666, 0.000260323402472, 3.70523630409e-05, 1.22017208923e-05, 3.64046672985e-06, 5.43668556929e-06, 4.67696781925e-06, 7.80438676884e-06, 1.15760285553e-05, 2.98505756291e-06, 1.98062639356e-06, 4.25747930421e-06, 1.85667477126e-06, 3.17896910929e-06, 3.9177334088e-07, 2.62437168885e-07, 2.26420482363e-07, 1.64742914421e-07, 6.09035240018e-08, 1.11908363465e-07, 3.17221321211e-07, 2.76946735767e-07, 5.16578893439e-07, 2.18987679546e-06, 1.40968199958e-06, 5.074586511e-07, 3.19062820608e-08],
        "dvar2": [0.000390425382648, 0.000700589967892, 9.9135657365e-05, 3.53915856977e-05, 8.12942562334e-06, 1.21167313409e-05, 1.02321901068e-05, 1.71172450791e-05, 2.67533669103e-05, 5.46776391275e-06, 4.0969625843e-06, 1.05892468127e-05, 4.4938406063e-06, 7.84214626037e-06, 9.51456286202e-07, 5.52237565898e-07, 5.20918376878e-07, 4.204419497e-07, 1.34480856673e-07, 2.835885482e-07, 8.71904887845e-07, 7.37067182399e-07, 1.38441862418e-06, 6.00531120654e-06, 3.71288888346e-06, 1.33270327751e-06, 8.85021123054e-08],
        "max": [0.248220488429, 0.115830779076, 0.0413652136922, 0.0317990407348, 0.0232444163412, 0.0249147154391, 0.0309905707836, 0.0438913553953, 0.0431696660817, 0.0343820936978, 0.0173721387982, 0.0304975863546, 0.0191177390516, 0.023441305384, 0.00695496983826, 0.00836266297847, 0.00709117064252, 0.00312159094028, 0.00332818669267, 0.00341156171635, 0.00395900476724, 0.00548791466281, 0.00538335414603, 0.0111296856776, 0.00953762233257, 0.00563181051984, 0.00189736229368],
        "mean": [0.00428546220064, 0.0239202752709, 0.00369818019681, 0.00106678775046, 0.00242471811362, 0.00252348463982, 0.00161217956338, 0.00215702457353, 0.00281320256181, 0.00122245424427, 0.00112467666622, 0.001262492151, 0.000893118791282, 0.00112822395749, 0.000413988454966, 0.000394161324948, 0.000417963630753, 0.000244283961365, 0.000301100924844, 0.000256107625319, 0.000296170037473, 0.000311422918458, 0.000396496412577, 0.000656479678582, 0.000610609247815, 0.000324237131281, 3.68373475794e-05],
        "median": [0.000673400296364, 0.0185493119061, 0.00109538761899, 0.000276535691228, 0.00142062525265, 0.00103060726542, 0.000522055895999, 0.000631522620097, 0.000716071284842, 0.000391700072214, 0.000207374192541, 0.000226839038078, 0.000233625847613, 0.000220302143134, 0.000156271649757, 0.000107232008304, 0.000151487693074, 9.63129350566e-05, 0.000145287121995, 0.000116323353723, 0.000115989758342, 0.000135642287205, 0.000148771723616, 0.000199228146812, 0.00020203414897, 8.64230241859e-05, 1.58725742949e-06],
        "min": [1.71334056846e-23, 3.62534124085e-23, 1.49242228076e-23, 2.66011687242e-24, 9.96712500884e-24, 3.88277242886e-23, 5.52330113577e-23, 5.10993802143e-23, 2.71266987874e-23, 1.05070996674e-22, 6.65134193798e-23, 5.73459405825e-23, 1.06215185774e-22, 6.7928452828e-23, 1.33432717162e-22, 1.84937609747e-22, 3.36772848862e-22, 2.1856990558e-22, 2.64131002612e-22, 2.37794180783e-22, 5.4034912134e-22, 3.8390217613e-22, 8.31283850463e-22, 7.86665827177e-22, 1.43035865535e-21, 1.57539970686e-21, 2.88291547793e-21],
        "stdev": [0.0165587421507, 0.0232645068318, 0.00608924403787, 0.00269885803573, 0.00291311275214, 0.00387102738023, 0.00292178313248, 0.00398048898205, 0.004935848061, 0.002841521753, 0.00236906576902, 0.00280528259464, 0.00176559085958, 0.00226733624004, 0.000731277046725, 0.000815042527393, 0.000723809294868, 0.000403830548748, 0.000393844529754, 0.000357084325515, 0.000499268935528, 0.000499496003613, 0.000652626855299, 0.00125133630354, 0.00105435552541, 0.000630127091426, 0.000140591393574],
        "var": [0.000274191959761, 0.000541237299331, 3.70788948203e-05, 7.2838347478e-06, 8.48622585181e-06, 1.49848538058e-05, 8.5368164946e-06, 1.58442926477e-05, 2.43625981966e-05, 8.07424567029e-06, 5.61247270525e-06, 7.86961027188e-06, 3.11731128022e-06, 5.14081330039e-06, 5.34766115834e-07, 6.64294304897e-07, 5.23899927884e-07, 1.63079121762e-07, 1.55113511369e-07, 1.27509210301e-07, 2.4926944775e-07, 2.49496281413e-07, 4.25921797387e-07, 1.56584246724e-06, 1.11166559691e-06, 3.97060119894e-07, 1.97659417722e-08]
    },
    "erbbands": {
        "dmean": [0.484309226274, 2.57654213905, 3.33054900169, 4.37338066101, 3.11463809013, 5.31858491898, 9.92111206055, 11.9700737, 14.5242128372, 25.4653434753, 27.704990387, 37.3892974854, 32.189617157, 22.2511749268, 32.1443061829, 28.2740249634, 22.4682846069, 43.2217597961, 19.9806022644, 10.508939743, 14.0803852081, 13.2972316742, 12.0929250717, 9.15178775787, 9.78353786469, 9.99748039246, 10.3712692261, 11.1516056061, 10.6562185287, 9.87060070038, 11.363196373, 12.9739198685, 13.3059587479, 8.30545425415, 3.90398049355, 1.60885238647, 0.677559375763, 0.170120984316, 0.00570800853893, 0.000137988987262],
        "dmean2": [0.7234120965, 4.28671693802, 5.56499195099, 7.94543027878, 5.30105638504, 8.21193408966, 15.4113683701, 18.882106781, 23.6192626953, 38.1029968262, 42.7372169495, 59.2761535645, 47.9248504639, 30.7637767792, 47.4575195312, 43.6999893188, 34.2522163391, 66.4665222168, 31.8341636658, 16.2839603424, 21.3752231598, 21.021654129, 19.9661521912, 14.5492725372, 15.685464859, 16.377702713, 17.7152633667, 19.3963851929, 18.1965999603, 16.7734661102, 19.3475799561, 22.5445384979, 23.1348342896, 14.3304338455, 6.69208908081, 2.75625300407, 1.17810630798, 0.300467312336, 0.0102125471458, 0.000238208158407],
        "dvar": [0.419418513775, 12.3673353195, 37.6226806641, 126.89238739, 37.5629310608, 64.8574752808, 244.030090332, 476.698486328, 752.727966309, 2825.10888672, 2842.17382812, 4799.85009766, 4960.91796875, 2758.11450195, 3671.17724609, 5129.71972656, 1978.15844727, 9274.71484375, 1883.51989746, 382.202789307, 927.826416016, 700.316711426, 444.872528076, 187.518875122, 191.750289917, 266.39239502, 383.517547607, 558.753601074, 416.662353516, 318.034698486, 448.669219971, 729.801086426, 723.720581055, 239.316894531, 51.4948768616, 8.80023670197, 1.96500873566, 0.191370889544, 0.000294081983157, 9.82499841484e-08],
        "dvar2": [0.941558599472, 35.2032051086, 98.0369644165, 357.316162109, 101.916183472, 142.141235352, 580.06262207, 1067.15991211, 1792.3260498, 5779.27392578, 6201.0703125, 11519.9394531, 10491.046875, 4229.98486328, 7655.86035156, 12333.4248047, 4292.06933594, 21799.5390625, 4625.44482422, 886.006652832, 1927.74267578, 1704.92907715, 1107.24536133, 438.35269165, 466.735076904, 672.066650391, 1022.73431396, 1556.80236816, 1113.73608398, 849.070129395, 1201.72399902, 1992.63964844, 1987.7265625, 632.783996582, 136.035552979, 23.2339687347, 5.17388725281, 0.52407258749, 0.00079418317182, 2.63509946308e-07],
        "max": [5.55261278152, 28.6662349701, 44.1994438171, 85.6452331543, 80.908531189, 107.573295593, 200.893707275, 258.413391113, 276.273712158, 631.436584473, 868.812866211, 768.773010254, 932.06072998, 1386.83703613, 933.828430176, 1172.06774902, 760.587097168, 1234.01501465, 673.217712402, 266.365386963, 571.943115234, 482.140686035, 188.601074219, 208.911361694, 193.736236572, 166.754882812, 175.636657715, 199.555252075, 209.312850952, 161.423080444, 151.201416016, 232.248733521, 194.059692383, 119.927589417, 49.7199172974, 25.6911354065, 11.5344591141, 4.76682901382, 0.175409913063, 0.00323410937563],
        "mean": [0.905877292156, 4.46124124527, 5.19835710526, 4.14149093628, 3.84538149834, 9.47007465363, 17.9721240997, 19.4172229767, 18.6346054077, 40.8127098083, 44.1097869873, 54.7987709045, 57.8866691589, 39.1921958923, 54.7103881836, 48.1427459717, 38.6645622253, 68.3477249146, 27.6997299194, 16.5974559784, 24.7821865082, 22.1086807251, 16.0500144958, 14.5498065948, 14.5306987762, 12.5720310211, 11.3187236786, 11.6873092651, 11.3849973679, 10.5693092346, 11.5159349442, 11.8777961731, 12.0943975449, 7.84605264664, 3.6720559597, 1.55179655552, 0.561091601849, 0.123500719666, 0.004071328789, 0.00016088609118],
        "median": [0.547396659851, 3.19011735916, 2.9830801487, 1.4590780735, 1.79659330845, 4.7237610817, 8.23663139343, 7.51775789261, 7.33684968948, 12.3955793381, 18.0750274658, 18.5542907715, 16.7306365967, 13.2402744293, 15.610789299, 12.9572019577, 12.7572078705, 13.741736412, 11.034497261, 7.74665212631, 6.74007701874, 7.81807947159, 7.13987588882, 6.8210105896, 8.1907119751, 5.60734176636, 4.89251470566, 4.21301841736, 4.73997688293, 4.54683065414, 4.22283983231, 3.69897556305, 3.58482289314, 2.56088137627, 1.09462833405, 0.507390856743, 0.11658538878, 0.0145744811743, 0.000403184443712, 8.91738236533e-05],
        "min": [2.11644721623e-21, 4.02218834676e-21, 1.56135462031e-20, 1.24119048681e-20, 1.41686620057e-20, 4.02347338477e-20, 1.39616481021e-19, 3.68703505433e-19, 5.98857411889e-19, 6.42987187376e-19, 1.42711837402e-18, 9.81926356225e-19, 3.68217836676e-18, 1.47847998281e-18, 2.97391944292e-18, 2.77939137827e-18, 3.79314878183e-18, 4.08955654663e-18, 6.00509425989e-18, 6.97277604898e-18, 1.315869075e-17, 1.88620555786e-17, 1.14990041361e-17, 1.56166074822e-17, 1.10661678185e-17, 1.18998178106e-17, 2.59653086159e-17, 1.39299498172e-17, 1.25297398353e-17, 2.19279310359e-17, 2.35755557021e-17, 1.72957460754e-17, 1.33584796834e-17, 1.13874505587e-17, 1.22643612697e-17, 6.50045964152e-18, 2.97976595549e-18, 1.50484315951e-18, 3.6926934867e-19, 3.97680068805e-20],
        "stdev": [1.0150564909, 4.53134775162, 6.66334438324, 9.12007427216, 5.93164110184, 12.7941865921, 25.6939315796, 33.2562065125, 30.749080658, 76.8738632202, 76.2014923096, 89.3589248657, 110.514961243, 89.0914459229, 94.6605911255, 103.774703979, 69.6611251831, 134.526870728, 49.8042869568, 24.8818969727, 52.6040077209, 38.9126396179, 23.8856010437, 20.3647975922, 17.8658752441, 17.8247241974, 18.0768222809, 20.6826896667, 19.3753414154, 16.4903106689, 19.3001022339, 23.0918292999, 22.7660083771, 13.6714582443, 6.39174365997, 2.68036222458, 1.2147538662, 0.355483621359, 0.0139811048284, 0.000265678274445],
        "var": [1.03033971786, 20.5331115723, 44.4001579285, 83.1757507324, 35.1843681335, 163.691207886, 660.178100586, 1105.9753418, 945.50592041, 5909.59082031, 5806.66699219, 7985.01708984, 12213.5566406, 7937.28613281, 8960.62695312, 10769.1884766, 4852.671875, 18097.4785156, 2480.46704102, 619.108764648, 2767.18164062, 1514.19348145, 570.521911621, 414.725006104, 319.18951416, 317.72076416, 326.771514893, 427.773651123, 375.403869629, 271.930328369, 372.493927002, 533.232543945, 518.291137695, 186.9087677, 40.854385376, 7.18434143066, 1.4756270647, 0.126368612051, 0.000195471293409, 7.05849529936e-08]
    },
    "gfcc": {
        "mean": [39.8324737549, 66.6514892578, -87.0894699097, 23.3603420258, -59.3248558044, 30.0487689972, -33.7251853943, 22.1498432159, -21.9332885742, 13.3792610168, -10.9230918884, 6.66100215912, -9.816157341],
        "cov": [[6036.28027344, -1461.80358887, -500.460479736, 49.4015579224, -326.971832275, 255.075881958, -218.508514404, 120.419677734, -189.134765625, 6.8442773819, -248.736694336, 34.7353363037, -182.234924316], [-1461.80358887, 1432.62145996, 71.8894500732, 57.2386131287, 327.592407227, -42.1976966858, 212.964538574, -14.3767719269, 153.722564697, -30.5304546356, 188.34552002, -11.571595192, 104.586723328], [-500.460479736, 71.8894500732, 822.852355957, 242.740005493, 192.22013855, 81.5563964844, 121.570167542, 86.0960693359, 88.9389801025, 38.9891281128, 63.7383460999, 63.7123031616, 0.0962874144316], [49.4015579224, 57.2386131287, 242.740005493, 352.992095947, 153.772003174, -3.8160431385, -5.25114297867, 45.5468101501, 98.1912689209, 26.7874660492, 0.516463220119, 37.2294692993, 58.8104972839], [-326.971832275, 327.592407227, 192.22013855, 153.772003174, 380.861022949, 74.2473144531, 109.026000977, 53.7749557495, 107.251609802, 15.5300197601, 61.6066589355, 48.8625640869, 47.8704605103], [255.075881958, -42.1976966858, 81.5563964844, -3.8160431385, 74.2473144531, 331.868255615, 127.309188843, 79.9157104492, 5.03894853592, 6.39348602295, 45.4060707092, 6.2272901535, -7.48091554642], [-218.508514404, 212.964538574, 121.570167542, -5.25114297867, 109.026000977, 127.309188843, 242.025878906, 60.0536842346, 20.6874351501, 3.06576013565, 71.8368530273, 15.5790920258, -9.84389019012], [120.419677734, -14.3767719269, 86.0960693359, 45.5468101501, 53.7749557495, 79.9157104492, 60.0536842346, 149.136825562, 58.5415458679, 29.886598587, 31.6953678131, 25.7904682159, 11.1123056412], [-189.134765625, 153.722564697, 88.9389801025, 98.1912689209, 107.251609802, 5.03894853592, 20.6874351501, 58.5415458679, 178.072662354, 46.7199211121, 28.7532444, 23.1526641846, 49.9319343567], [6.8442773819, -30.5304546356, 38.9891281128, 26.7874660492, 15.5300197601, 6.39348602295, 3.06576013565, 29.886598587, 46.7199211121, 89.3351287842, 23.859254837, 5.75743246078, 11.3463077545], [-248.736694336, 188.34552002, 63.7383460999, 0.516463220119, 61.6066589355, 45.4060707092, 71.8368530273, 31.6953678131, 28.7532444, 23.859254837, 118.638458252, 31.5333900452, 16.9817771912], [34.7353363037, -11.571595192, 63.7123031616, 37.2294692993, 48.8625640869, 6.2272901535, 15.5790920258, 25.7904682159, 23.1526641846, 5.75743246078, 31.5333900452, 100.734016418, 44.4512786865], [-182.234924316, 104.586723328, 0.0962874144316, 58.8104972839, 47.8704605103, -7.48091554642, -9.84389019012, 11.1123056412, 49.9319343567, 11.3463077545, 16.9817771912, 44.4512786865, 108.854171753]],
        "icov": [[0.000295689562336, 0.000131129156216, 0.000296775950119, -0.000354415649781, 9.29554298637e-05, -0.00031942044734, 0.000130104250275, -0.000262747926172, 0.00013447033416, -0.000126328857732, 0.000364124949556, -0.000548341486137, 0.000654604809824], [0.000131129156216, 0.00182094483171, 0.000223008435569, 4.67768513772e-05, -0.000982842990197, 0.000830109231174, -0.00114040472545, 0.000635208096355, -0.000987756298855, 0.00165471772198, -0.0024366681464, 0.00194322341122, -0.00136698910501], [0.000296775950119, 0.000223008435569, 0.00215145200491, -0.00158949883189, -0.00012681876251, -0.000352547795046, -0.000524872564711, -0.000329186179442, -4.1854196752e-05, -0.000323763262713, -0.000100629280496, -0.00132046593353, 0.00176497269422], [-0.000354415649781, 4.67768513772e-05, -0.00158949883189, 0.00534647889435, -0.00157789199147, 0.000726845639292, 0.000685713428538, -0.000196963505005, -0.00116081256419, 0.000134940157295, 0.000539873319212, 0.00111180183012, -0.00271926145069], [9.29554298637e-05, -0.000982842990197, -0.00012681876251, -0.00157789199147, 0.00499653583393, -0.00107487244532, -0.000685209699441, 3.11742114718e-05, -0.00106801628135, -0.000220821486437, 0.000794561929069, -0.00211478210986, 0.000868750736117], [-0.00031942044734, 0.000830109231174, -0.000352547795046, 0.000726845639292, -0.00107487244532, 0.0050558145158, -0.00235064397566, -0.00116330664605, 0.000124400568893, 0.00110450934153, -0.00207083392888, 0.00239150901325, -0.00182408012915], [0.000130104250275, -0.00114040472545, -0.000524872564711, 0.000685713428538, -0.000685209699441, -0.00235064397566, 0.00788330752403, -0.00187801360153, 0.000906850618776, -0.000190137594473, -0.000813635066152, -0.00129212369211, 0.00224632630125], [-0.000262747926172, 0.000635208096355, -0.000329186179442, -0.000196963505005, 3.11742114718e-05, -0.00116330664605, -0.00187801360153, 0.0104188490659, -0.00314802746288, -0.000785024894867, -0.00150072248653, -0.000502778450027, -0.000305288849631], [0.00013447033416, -0.000987756298855, -4.1854196752e-05, -0.00116081256419, -0.00106801628135, 0.000124400568893, 0.000906850618776, -0.00314802746288, 0.0102477818727, -0.00427951011807, 0.00138077721931, -0.000344762229361, -0.00164631835651], [-0.000126328857732, 0.00165471772198, -0.000323763262713, 0.000134940157295, -0.000220821486437, 0.00110450934153, -0.000190137594473, -0.000785024894867, -0.00427951011807, 0.0158105641603, -0.00544704636559, 0.00323449959978, -0.0017940227408], [0.000364124949556, -0.0024366681464, -0.000100629280496, 0.000539873319212, 0.000794561929069, -0.00207083392888, -0.000813635066152, -0.00150072248653, 0.00138077721931, -0.00544704636559, 0.016543764621, -0.0064615951851, 0.00223915069364], [-0.000548341486137, 0.00194322341122, -0.00132046593353, 0.00111180183012, -0.00211478210986, 0.00239150901325, -0.00129212369211, -0.000502778450027, -0.000344762229361, 0.00323449959978, -0.0064615951851, 0.0177615657449, -0.00877969991416], [0.000654604809824, -0.00136698910501, 0.00176497269422, -0.00271926145069, 0.000868750736117, -0.00182408012915, 0.00224632630125, -0.000305288849631, -0.00164631835651, -0.0017940227408, 0.00223915069364, -0.00877969991416, 0.0169684570283]]
    },
    "melbands": {
        "dmean": [0.00390482437797, 0.00200500315987, 0.000671504531056, 0.000272376782959, 0.000320599880069, 0.000267972849542, 0.000225645519095, 0.000286996830255, 0.000233313563513, 0.00024646660313, 0.00016158784274, 9.08355723368e-05, 0.000105118364445, 9.87044186331e-05, 5.49615324417e-05, 6.87383144395e-05, 8.15773310023e-05, 3.50169975718e-05, 2.008492811e-05, 1.37934557642e-05, 1.89956372196e-05, 1.42101698657e-05, 1.43794068208e-05, 1.07174018922e-05, 7.45642955735e-06, 6.99494466971e-06, 8.24286325951e-06, 6.31842021903e-06, 6.48086279398e-06, 5.95460232944e-06, 7.08260859028e-06, 6.50425954518e-06, 5.1515389714e-06, 5.80484902457e-06, 6.25991879133e-06, 7.71285067458e-06, 8.1870921349e-06, 9.22665185499e-06, 9.5803725344e-06, 6.19705224381e-06],
        "dmean2": [0.00606366759166, 0.00323135545477, 0.00120741256978, 0.000423869118094, 0.000491511833388, 0.000421631673817, 0.000363453989848, 0.000426834623795, 0.000365193845937, 0.000391470181057, 0.000240973342443, 0.000125489677885, 0.000156368361786, 0.000150627383846, 8.48307900014e-05, 0.000103537044197, 0.00012681770022, 5.57849962206e-05, 3.12712436425e-05, 2.14514802792e-05, 2.86940812657e-05, 2.26281354117e-05, 2.28569333558e-05, 1.81568902917e-05, 1.17614372357e-05, 1.11573581307e-05, 1.36839043989e-05, 1.02830454125e-05, 1.10548116936e-05, 1.01766163425e-05, 1.25724782265e-05, 1.12670149974e-05, 8.59437022882e-06, 9.93255252979e-06, 1.07231198854e-05, 1.31714705276e-05, 1.4357141481e-05, 1.6155292542e-05, 1.66688696481e-05, 1.06871866592e-05],
        "dvar": [2.5097404432e-05, 7.99408826424e-06, 2.7123730888e-06, 1.76397094265e-07, 2.16286494492e-07, 2.207637948e-07, 1.75250704615e-07, 3.49907594455e-07, 1.8694233006e-07, 2.20382091243e-07, 1.26918564547e-07, 5.24471168717e-08, 4.14924912207e-08, 7.13496959293e-08, 1.50730414816e-08, 2.34011885425e-08, 3.57224863023e-08, 7.17709669473e-09, 2.02077043987e-09, 8.34501412417e-10, 1.89445592547e-09, 9.93295556917e-10, 5.35625488407e-10, 3.93585275482e-10, 1.38597522348e-10, 9.61140958489e-11, 1.803325822e-10, 1.05721806309e-10, 1.36385458482e-10, 1.25549196039e-10, 2.51598797352e-10, 1.72448194613e-10, 7.60606924666e-11, 1.24150273395e-10, 1.38824202134e-10, 2.36316299862e-10, 3.12059517116e-10, 3.55566992516e-10, 3.57813667584e-10, 1.32094904459e-10],
        "dvar2": [6.30751019344e-05, 2.03843737836e-05, 7.59158047003e-06, 3.98264603518e-07, 5.11252153501e-07, 4.9762911658e-07, 4.08570116406e-07, 7.2937615414e-07, 4.21468229206e-07, 5.27153417806e-07, 2.69279695431e-07, 7.92557415252e-08, 8.4318799054e-08, 1.7647748507e-07, 3.4523640835e-08, 4.96979701836e-08, 8.8114077812e-08, 1.73065437536e-08, 4.93400387214e-09, 1.91381199777e-09, 3.88181708999e-09, 2.53118126459e-09, 1.21319565505e-09, 1.00283426008e-09, 3.21092596955e-10, 2.20037571497e-10, 4.62821225788e-10, 2.64341104561e-10, 3.59661966876e-10, 3.34458905016e-10, 7.07752578766e-10, 4.59878635173e-10, 1.99135818946e-10, 3.36911110121e-10, 3.72994635178e-10, 6.40409003605e-10, 8.5674012329e-10, 9.76692060561e-10, 9.70527103128e-10, 3.46609518864e-10],
        "max": [0.0381874404848, 0.0244179051369, 0.0133244767785, 0.00617206934839, 0.00532528711483, 0.00513465050608, 0.00526654953137, 0.00854621455073, 0.00664180610329, 0.00507357856259, 0.00461736088619, 0.00598588213325, 0.00272480165586, 0.00430116197094, 0.00147755420767, 0.0023558260873, 0.00279076071456, 0.00143815798219, 0.000571723736357, 0.000591943273321, 0.000741126597859, 0.000580792722758, 0.000258857093286, 0.000241037108935, 0.000185728320503, 0.000110954286356, 0.000158016671776, 0.000108487991383, 9.90100816125e-05, 8.36453691591e-05, 0.000128141415189, 0.000138510586112, 7.75239677751e-05, 0.000112760506454, 8.2347454736e-05, 0.000120214332128, 0.000156885042088, 0.000144002522575, 0.000143312397995, 8.86533234734e-05],
        "mean": [0.00748593825847, 0.00368197495118, 0.00068827503128, 0.000453015993116, 0.000607497582678, 0.000442872289568, 0.000295185716823, 0.000456064561149, 0.000357116194209, 0.000370032765204, 0.000285999034531, 0.000151005951921, 0.000178534042789, 0.000158253023983, 8.55854450492e-05, 0.000109821106889, 0.000122456345707, 4.41738993686e-05, 2.77500330412e-05, 1.99401929422e-05, 3.12425909215e-05, 2.15370364458e-05, 2.05122378247e-05, 1.2167962268e-05, 1.16271949082e-05, 1.09267521111e-05, 9.87496787275e-06, 7.78807407187e-06, 6.94351410857e-06, 6.46597163723e-06, 6.94732943884e-06, 6.72824535286e-06, 5.59741420147e-06, 5.94431094214e-06, 6.33289846519e-06, 7.29392104404e-06, 7.25470817997e-06, 8.33468220662e-06, 8.5734654931e-06, 5.90107356402e-06],
        "median": [0.00540011748672, 0.00277257012203, 0.000274854304735, 0.000232927588513, 0.000322956184391, 0.000175168737769, 0.000107705505798, 0.000146070990013, 0.000137883907882, 9.85873048194e-05, 7.37104564905e-05, 4.06335529988e-05, 4.49415383628e-05, 3.41565028066e-05, 2.29431334446e-05, 2.28427088587e-05, 2.20094934775e-05, 1.36469507197e-05, 1.00182714959e-05, 7.88905526861e-06, 7.08250172465e-06, 7.32617309041e-06, 6.56958582113e-06, 4.85498230773e-06, 4.59210878034e-06, 5.33030197403e-06, 5.08076163896e-06, 3.043106517e-06, 2.9727166293e-06, 2.24134259952e-06, 2.2839990379e-06, 2.37780454881e-06, 2.55093686974e-06, 2.30695036407e-06, 2.23574033953e-06, 2.16872308556e-06, 2.00446038434e-06, 2.35682159655e-06, 2.51795950135e-06, 1.94757308236e-06],
        "min": [1.3043796924e-23, 6.3988219613e-24, 2.14952349607e-24, 2.05384906498e-24, 4.3930267528e-24, 7.73023970346e-24, 1.08813587889e-23, 6.77429095877e-24, 1.17868669784e-23, 5.32898142342e-24, 1.84398350743e-23, 5.40276910591e-24, 9.28723892678e-24, 6.7600141541e-24, 9.2992406566e-24, 8.95752977828e-24, 7.03712363517e-24, 8.4922209622e-24, 1.1552068052e-23, 1.0087595902e-23, 1.58723626182e-23, 2.24532438157e-23, 1.19698211773e-23, 9.40700063397e-24, 1.36767781255e-23, 7.327573543e-24, 6.91595223354e-24, 7.32428714847e-24, 1.92825515135e-23, 9.92017989637e-24, 7.20916315454e-24, 6.85132480388e-24, 7.60095486743e-24, 1.45849810639e-23, 1.31846756488e-23, 1.27646490264e-23, 1.00262919433e-23, 9.27344963816e-24, 8.38778208923e-24, 1.01954379209e-23],
        "stdev": [0.00752517394722, 0.00364676350728, 0.00135724886786, 0.000598558573984, 0.000766539189499, 0.000726273923647, 0.00049577379832, 0.000856079452205, 0.000595264369622, 0.000634601339698, 0.000557042192668, 0.000389338703826, 0.00034210953163, 0.000359288795153, 0.00017208425561, 0.000220741552766, 0.000244980212301, 9.66080478975e-05, 5.48258103663e-05, 3.62341379514e-05, 7.29054445401e-05, 4.0296879888e-05, 3.30697475874e-05, 1.99747846636e-05, 1.8210741473e-05, 1.4443065993e-05, 1.395889376e-05, 1.17102817967e-05, 1.09728225652e-05, 1.06272827907e-05, 1.33541952891e-05, 1.26909953906e-05, 8.41458313516e-06, 9.98593895929e-06, 1.07574460344e-05, 1.35806758408e-05, 1.48794051711e-05, 1.59720275406e-05, 1.6165582565e-05, 1.02638578028e-05],
        "var": [5.66282433283e-05, 1.32988834594e-05, 1.84212456134e-06, 3.58272359335e-07, 5.87582292155e-07, 5.27473844159e-07, 2.45791682119e-07, 7.328720244e-07, 3.54339675823e-07, 4.0271885382e-07, 3.10296002226e-07, 1.51584615082e-07, 1.17038936764e-07, 1.29088434164e-07, 2.96129929467e-08, 4.87268358995e-08, 6.00153029495e-08, 9.33311472551e-09, 3.00586933122e-09, 1.31291266747e-09, 5.31520338853e-09, 1.62383839708e-09, 1.09360831502e-09, 3.98992033857e-10, 3.31631111461e-10, 2.08602163321e-10, 1.94850705015e-10, 1.37130709565e-10, 1.20402826598e-10, 1.12939144148e-10, 1.78334527701e-10, 1.61061358694e-10, 7.08052158571e-11, 9.97189830709e-11, 1.15722639804e-10, 1.84434759132e-10, 2.21396692646e-10, 2.55105686575e-10, 2.61326044138e-10, 1.05346772972e-10]
    },
    "melbands128": {
