{
"lowlevel": {
    "average_loudness": 0.976730704308,
    "barkbands_crest": {
        "dmean": 2.87370657921,
        "dmean2": 4.51501893997,
        "dvar": 7.71712350845,
        "dvar2": 17.3352680206,
        "max": 25.5573768616,
        "mean": 10.5584592819,
        "median": 9.31797122955,
        "min": 3.42801594734,
        "stdev": 4.72079849243,
        "var": 22.2859401703
    },
    "barkbands_flatness_db": {
        "dmean": 0.0264321230352,
        "dmean2": 0.0385244265199,
        "dvar": 0.000808418088127,
        "dvar2": 0.00166778045241,
        "max": 0.393474757671,
        "mean": 0.155873268843,
        "median": 0.148946925998,
        "min": 0.0461183860898,
        "stdev": 0.0543942898512,
        "var": 0.00295873871073
    },
    "barkbands_kurtosis": {
        "dmean": 3.28710341454,
        "dmean2": 5.08037137985,
        "dvar": 63.4605636597,
        "dvar2": 160.183059692,
        "max": 137.888092041,
        "mean": 4.09507274628,
        "median": 0.814018249512,
        "min": -1.91887485981,
        "stdev": 10.5724506378,
        "var": 111.77671814
    },
    "barkbands_skewness": {
        "dmean": 0.607469916344,
        "dmean2": 0.891118586063,
        "dvar": 0.509420275688,
        "dvar2": 1.08099102974,
        "max": 9.18503665924,
        "mean": 1.28202795982,
        "median": 1.0082103014,
        "min": -2.52405047417,
        "stdev": 1.38122951984,
        "var": 1.90779495239
    },
    "barkbands_spread": {
        "dmean": 5.11942720413,
        "dmean2": 7.82429361343,
        "dvar": 40.7396087646,
        "dvar2": 90.0738067627,
        "max": 109.369537354,
        "mean": 18.2075119019,
        "median": 16.4451160431,
        "min": 0.734330296516,
        "stdev": 10.7562294006,
        "var": 115.696464539
    },
    "dissonance": {
        "dmean": 0.0271219015121,
        "dmean2": 0.0440650805831,
        "dvar": 0.000831738987472,
        "dvar2": 0.00199891929515,
        "max": 0.499900400639,
        "mean": 0.443574905396,
        "median": 0.451563119888,
        "min": 0.014850971289,
        "stdev": 0.0390578471124,
        "var": 0.00152551545762
    },
    "dynamic_complexity": 1.64925956726,
    "erbbands_crest": {
        "dmean": 3.25765562057,
        "dmean2": 5.08206653595,
        "dvar": 8.47912883759,
        "dvar2": 20.0157546997,
        "max": 31.2342414856,
        "mean": 11.2107191086,
        "median": 9.96430015564,
        "min": 2.71889567375,
        "stdev": 5.1751127243,
        "var": 26.7817935944
    },
    "erbbands_flatness_db": {
        "dmean": 0.0233703739941,
        "dmean2": 0.0334577746689,
        "dvar": 0.000496314780321,
        "dvar2": 0.000984571757726,
        "max": 0.344094574451,
        "mean": 0.187643647194,
        "median": 0.182492062449,
        "min": 0.0634700804949,
        "stdev": 0.0506457239389,
        "var": 0.00256498926319
    },
    "erbbands_kurtosis": {
        "dmean": 1.1407879591,
        "dmean2": 1.76029515266,
        "dvar": 3.27671551704,
        "dvar2": 7.30332612991,
        "max": 29.8360519409,
        "mean": 1.040189147,
        "median": 0.384319067001,
        "min": -1.713316679,
        "stdev": 2.64745879173,
        "var": 7.00903844833
    },
    "erbbands_skewness": {
        "dmean": 0.425893932581,
        "dmean2": 0.632774889469,
        "dvar": 0.196593299508,
        "dvar2": 0.412259608507,
        "max": 4.97288894653,
        "mean": 0.39271363616,
        "median": 0.29356482625,
        "min": -3.52272891998,
        "stdev": 0.847590267658,
        "var": 0.71840929985
    },
    "erbbands_spread": {
        "dmean": 7.88170528412,
        "dmean2": 11.6773233414,
        "dvar": 96.4992599487,
        "dvar2": 194.505813599,
        "max": 150.451202393,
        "mean": 28.7815666199,
        "median": 25.1566905975,
        "min": 4.49026012421,
        "stdev": 16.8746185303,
        "var": 284.7527771
    },
    "hfc": {
        "dmean": 9.57915019989,
        "dmean2": 14.213561058,
        "dvar": 128.700241089,
        "dvar2": 287.776367188,
        "max": 158.918289185,
        "mean": 25.68816185,
        "median": 23.0311756134,
        "min": 1.1275984497e-16,
        "stdev": 16.7585086823,
        "var": 280.847625732
    },
    "loudness_ebu128": {
        "integrated": -11.8418560028,
        "loudness_range": 2.36361217499,
        "momentary": {
            "dmean": 0.380890876055,
            "dmean2": 0.569735229015,
            "dvar": 0.0989375859499,
            "dvar2": 0.214138478041,
            "max": -9.95113563538,
            "mean": -11.9802207947,
            "median": -11.820016861,
            "min": -15.8249769211,
            "stdev": 1.1250180006,
            "var": 1.26566553116
        },
        "short_term": {
            "dmean": 0.0539898388088,
            "dmean2": 0.0721474289894,
            "dvar": 0.00165427150205,
            "dvar2": 0.00271954364143,
            "max": -10.6803150177,
            "mean": -11.9012823105,
            "median": -11.8079605103,
            "min": -13.5488166809,
            "stdev": 0.854655206203,
            "var": 0.730435550213
        }
    },
    "melbands_crest": {
        "dmean": 3.53603839874,
        "dmean2": 5.44022130966,
        "dvar": 10.9552030563,
        "dvar2": 24.9113292694,
        "max": 32.0657653809,
        "mean": 14.0298576355,
        "median": 12.3994655609,
        "min": 2.33585429192,
        "stdev": 6.12014007568,
        "var": 37.4561157227
    },
    "melbands_flatness_db": {
        "dmean": 0.0315137505531,
        "dmean2": 0.044544480741,
        "dvar": 0.00120335048996,
        "dvar2": 0.00240264437161,
        "max": 0.524474680424,
        "mean": 0.213161051273,
        "median": 0.206161499023,
        "min": 0.00804909877479,
        "stdev": 0.063160225749,
        "var": 0.00398921407759
    },
    "melbands_kurtosis": {
        "dmean": 7.09795999527,
        "dmean2": 10.5346899033,
        "dvar": 240.390258789,
        "dvar2": 451.38885498,
        "max": 283.400146484,
        "mean": 10.9828882217,
        "median": 3.28577184677,
        "min": -1.77160167694,
        "stdev": 24.8148117065,
        "var": 615.774902344
    },
    "melbands_skewness": {
        "dmean": 0.759983420372,
        "dmean2": 1.09854948521,
        "dvar": 0.87098556757,
        "dvar2": 1.72977912426,
        "max": 14.1164121628,
        "mean": 2.04852175713,
        "median": 1.50783526897,
        "min": -0.701166212559,
        "stdev": 1.87222397327,
        "var": 3.50522279739
    },
    "melbands_spread": {
        "dmean": 7.01854324341,
        "dmean2": 10.5735197067,
        "dvar": 99.2585296631,
        "dvar2": 209.247192383,
        "max": 186.711349487,
        "mean": 22.7721347809,
        "median": 21.0593910217,
        "min": 0.692705869675,
        "stdev": 15.5608110428,
        "var": 242.13885498
    },
    "pitch_salience": {
        "dmean": 0.0833745449781,
        "dmean2": 0.129614859819,
        "dvar": 0.00577226374298,
        "dvar2": 0.0132303023711,
        "max": 0.968689024448,
        "mean": 0.526013195515,
        "median": 0.538651049137,
        "min": 0.124169327319,
        "stdev": 0.131593629718,
        "var": 0.0173168852925
    },
    "silence_rate_20dB": {
        "dmean": 0,
        "dmean2": 0,
        "dvar": 0,
        "dvar2": 0,
        "max": 1,
        "mean": 1,
        "median": 1,
        "min": 1,
        "stdev": 0,
        "var": 0
    },
    "silence_rate_30dB": {
        "dmean": 0.0139318881556,
        "dmean2": 0.0278853606433,
        "dvar": 0.0137381805107,
        "dvar2": 0.0348542295396,
        "max": 1,
        "mean": 0.989945888519,
        "median": 1,
        "min": 0,
        "stdev": 0.0997650027275,
        "var": 0.00995305646211
    },
    "silence_rate_60dB": {
        "dmean": 0.00232198135927,
        "dmean2": 0.00464755995199,
        "dvar": 0.00231666304171,
        "dvar2": 0.00617502396926,
        "max": 1,
        "mean": 0.00232018553652,
        "median": 0,
        "min": 0,
        "stdev": 0.0481132417917,
        "var": 0.00231488398276
    },
    "spectral_centroid": {
        "dmean": 252.619094849,
        "dmean2": 370.856781006,
        "dvar": 137214.3125,
        "dvar2": 226484.25,
        "max": 10908.3984375,
        "mean": 1166.66064453,
        "median": 1088.91455078,
        "min": 196.00920105,
        "stdev": 583.500366211,
        "var": 340472.6875
    },
    "spectral_complexity": {
        "dmean": 4.17956638336,
        "dmean2": 6.17505788803,
        "dvar": 22.038942337,
        "dvar2": 47.1358337402,
        "max": 51,
        "mean": 18.9071922302,
        "median": 18,
        "min": 0,
        "stdev": 7.9320807457,
        "var": 62.9179039001
    },
    "spectral_decrease": {
        "dmean": 3.21505044809e-09,
        "dmean2": 4.96328311783e-09,
        "dvar": 2.57185556761e-17,
        "dvar2": 6.51637666446e-17,
        "max": 3.10347872079e-29,
        "mean": -8.82728379281e-09,
        "median": -7.78343345331e-09,
        "min": -7.10035337192e-08,
        "stdev": 5.69483793456e-09,
        "var": 3.24311809409e-17
    },
    "spectral_energy": {
        "dmean": 0.0127935176715,
        "dmean2": 0.0196809563786,
        "dvar": 0.000381533085601,
        "dvar2": 0.000962910591625,
        "max": 0.27007496357,
        "mean": 0.0356461927295,
        "median": 0.0316770225763,
        "min": 1.01105219985e-20,
        "stdev": 0.022239709273,
        "var": 0.000494604697451
    },
    "spectral_energyband_high": {
        "dmean": 0.000427054677857,
        "dmean2": 0.000645698048174,
        "dvar": 6.46205421617e-07,
        "dvar2": 1.32435775413e-06,
        "max": 0.0183997824788,
        "mean": 0.000609756796621,
        "median": 0.000277516315691,
        "min": 7.21526060758e-21,
        "stdev": 0.0011430575978,
        "var": 1.306580657e-06
    },
    "spectral_energyband_low": {
        "dmean": 0.00642881961539,
        "dmean2": 0.0104745440185,
        "dvar": 0.000331621267833,
        "dvar2": 0.000878343824297,
        "max": 0.258940964937,
        "mean": 0.0101307351142,
        "median": 0.00552479084581,
        "min": 6.38862348863e-23,
        "stdev": 0.0179078802466,
        "var": 0.000320692168316
    },
    "spectral_energyband_middle_high": {
        "dmean": 0.00380120961927,
        "dmean2": 0.00560090458021,
        "dvar": 2.09744302992e-05,
        "dvar2": 4.57426467619e-05,
        "max": 0.0431752502918,
        "mean": 0.00918348506093,
        "median": 0.00735275354236,
        "min": 1.64455955894e-21,
        "stdev": 0.00761646032333,
        "var": 5.80104679102e-05
    },
    "spectral_energyband_middle_low": {
        "dmean": 0.00751873571426,
        "dmean2": 0.0119736399502,
        "dvar": 0.000119761083624,
        "dvar2": 0.000308490038151,
        "max": 0.100989572704,
        "mean": 0.0163819026202,
        "median": 0.0134523818269,
        "min": 1.83006806417e-22,
        "stdev": 0.0122559666634,
        "var": 0.000150208725245
    },
    "spectral_entropy": {
        "dmean": 0.229973897338,
        "dmean2": 0.320535570383,
        "dvar": 0.0540964230895,
        "dvar2": 0.106623865664,
        "max": 9.80474090576,
        "mean": 7.33133935928,
        "median": 7.3490858078,
        "min": 5.40052366257,
        "stdev": 0.460188150406,
        "var": 0.211773127317
    },
    "spectral_flux": {
        "dmean": 0.0374218150973,
        "dmean2": 0.0566321611404,
        "dvar": 0.00152948650066,
        "dvar2": 0.0031470824033,
        "max": 0.436668366194,
        "mean": 0.107998006046,
        "median": 0.0970736816525,
        "min": 1.00551088289e-10,
        "stdev": 0.0582014508545,
        "var": 0.00338740902953
    },
    "spectral_kurtosis": {
        "dmean": 2.70368719101,
        "dmean2": 4.46876764297,
        "dvar": 10.463303566,
        "dvar2": 29.4542617798,
        "max": 45.071937561,
        "mean": 6.3769364357,
        "median": 5.44365310669,
        "min": -1.22007727623,
        "stdev": 4.30516338348,
        "var": 18.5344333649
    },
    "spectral_rms": {
        "dmean": 0.000981449033134,
        "dmean2": 0.00146450684406,
        "dvar": 1.36771086545e-06,
        "dvar2": 3.18893694384e-06,
        "max": 0.0162323061377,
        "mean": 0.00566348899156,
        "median": 0.00555917387828,
        "min": 3.14068844716e-12,
        "stdev": 0.00164368550759,
        "var": 2.70170198746e-06
    },
    "spectral_rolloff": {
        "dmean": 394.763549805,
        "dmean2": 642.611206055,
        "dvar": 630581.875,
        "dvar2": 1123851,
        "max": 19186.0839844,
        "mean": 1315.25756836,
        "median": 1227.39257812,
        "min": 86.1328125,
        "stdev": 1126.40551758,
        "var": 1268789.5
    },
    "spectral_skewness": {
        "dmean": 0.33213609457,
        "dmean2": 0.520024001598,
        "dvar": 0.0994249209762,
        "dvar2": 0.253282576799,
        "max": 5.08374500275,
        "mean": 1.82805585861,
        "median": 1.79705107212,
        "min": -0.162390068173,
        "stdev": 0.531506478786,
        "var": 0.282499134541
    },
    "spectral_spread": {
        "dmean": 658357.5625,
        "dmean2": 933099.875,
        "dvar": 1.34937391923e+12,
        "dvar2": 1.48622147584e+12,
        "max": 40575464,
        "mean": 4008049.75,
        "median": 3750957,
        "min": 1503994.125,
        "stdev": 2005474.25,
        "var": 4.0219270185e+12
    },
    "spectral_strongpeak": {
        "dmean": 0.817719340324,
        "dmean2": 1.34356832504,
        "dvar": 1.15252590179,
        "dvar2": 2.62038326263,
        "max": 9.34963226318,
        "mean": 1.52951085567,
        "median": 0.902738392353,
        "min": 0,
        "stdev": 1.52731156349,
        "var": 2.33268070221
    },
    "zerocrossingrate": {
        "dmean": 0.00982269179076,
        "dmean2": 0.0112368986011,
        "dvar": 0.000321300554788,
        "dvar2": 0.000360034464393,
        "max": 0.50439453125,
        "mean": 0.0496241785586,
        "median": 0.0458984375,
        "min": 0.00537109375,
        "stdev": 0.0305091943592,
        "var": 0.000930810929276
    },
    "barkbands": {
        "dmean": [0.000208071855013, 0.00496508087963, 0.00197015539743, 0.00113473820966, 0.00286576873623, 0.00138946506195, 0.00175181147642, 0.00212874310091, 0.0016833191039, 0.000979349715635, 0.000665314495564, 0.000890822673682, 0.000996474409476, 0.000886057910975, 0.000732466753107, 0.000368463457562, 0.000310500880005, 0.000214789994061, 0.000165548510267, 0.000140484014992, 0.000109714485006, 9.38355151447e-05, 8.28961565276e-05, 6.52723610983e-05, 4.01787037845e-05, 2.0360615963e-05, 1.49742004396e-06],
        "dmean2": [0.000337479053997, 0.00797911733389, 0.0035427135881, 0.00202581682242, 0.00457559153438, 0.00227683107369, 0.00279963179491, 0.00343930046074, 0.00245822709985, 0.00149680825416, 0.00105341221206, 0.00140416552313, 0.00151306577027, 0.00144332472701, 0.00113884778693, 0.000594800279941, 0.000489797617774, 0.00035185975139, 0.000268297473667, 0.000221590002184, 0.000179061084054, 0.000151062879013, 0.000126669925521, 9.62539343163e-05, 6.5338506829e-05, 3.21954648825e-05, 2.62761454906e-06],
        "dvar": [5.81135168432e-07, 0.000225935495109, 3.3414180507e-05, 1.49269726535e-05, 2.77705566987e-05, 8.30372573546e-06, 1.52776246978e-05, 2.3006070478e-05, 1.61939551617e-05, 3.48259322891e-06, 2.41275347435e-06, 5.29633416591e-06, 3.95033521272e-06, 2.94136521006e-06, 1.84455268482e-06, 4.16540331116e-07, 3.18101882613e-07, 1.7191570123e-07, 1.65261099028e-07, 9.2406388319e-08, 3.82758464923e-08, 3.00820346411e-08, 5.67068880741e-08, 4.58355202682e-08, 1.15141780554e-08, 1.93847760066e-09, 2.94106579368e-11],
        "dvar2": [1.57180988936e-06, 0.000593456614297, 9.5698502264e-05, 4.39168179582e-05, 6.91031455062e-05, 2.0707022486e-05, 3.68798828276e-05, 5.86323112657e-05, 3.29691756633e-05, 8.2149881564e-06, 5.43529222341e-06, 1.36598318932e-05, 8.43956058816e-06, 7.1783229032e-06, 4.10290658692e-06, 9.83760628515e-07, 7.64271703702e-07, 4.54910320968e-07, 4.56568074014e-07, 2.28367028399e-07, 9.79827490255e-08, 7.47730624084e-08, 1.09826778782e-07, 6.88050576514e-08, 2.31114984928e-08, 4.22064383443e-09, 7.67489613529e-11],
        "max": [0.0102455243468, 0.217015728354, 0.0671867281199, 0.0406004935503, 0.0451514311135, 0.0429647155106, 0.0591657646, 0.0786288678646, 0.0554159656167, 0.0246335268021, 0.0246259607375, 0.0359782278538, 0.0239919312298, 0.0206893049181, 0.0151317277923, 0.00889409333467, 0.00600944506004, 0.00639788014814, 0.00802801828831, 0.00391816953197, 0.00235960260034, 0.0019298158586, 0.0073242536746, 0.00780525803566, 0.00290922145359, 0.000798315100837, 0.000110449298518],
        "mean": [0.000272066274192, 0.0071938354522, 0.00210926565342, 0.00115308898967, 0.00444086454809, 0.00226898887195, 0.00254074996337, 0.00298496405594, 0.00275939749554, 0.00157706753816, 0.00114818674047, 0.00116530014202, 0.00156753999181, 0.00114502664655, 0.00101869693026, 0.000572803779505, 0.000488179270178, 0.000296442623949, 0.000232512669754, 0.000182571704499, 0.000140674354043, 0.000117737217806, 0.000111343091703, 9.12078903639e-05, 4.45797668363e-05, 2.19635039684e-05, 1.16192347832e-06],
        "median": [3.73468792532e-05, 0.00272953347303, 0.00087976641953, 0.000358889315976, 0.002273730468, 0.000929888745304, 0.00109514582437, 0.000818925211206, 0.000855083111674, 0.000652984366752, 0.000207651610253, 0.000358752644388, 0.000505450239871, 0.000344503030647, 0.000318009697367, 0.000230526420637, 0.000192965817405, 0.000140268006362, 0.000116583760246, 7.10598469595e-05, 6.38806959614e-05, 4.30273612437e-05, 3.19474565913e-05, 2.62275279965e-05, 1.29108811961e-05, 4.92037224831e-06, 5.98302491994e-08],
        "min": [2.97526242588e-23, 2.363256247e-23, 1.00755918056e-23, 1.6842948677e-23, 6.02122193499e-23, 3.72656944993e-23, 2.61754303544e-23, 8.49268796785e-24, 2.6744511456e-23, 5.38874229127e-23, 9.40592809868e-23, 4.79630428046e-23, 2.24544674967e-22, 8.28793864659e-23, 1.64232055712e-22, 2.13139084186e-22, 1.78197127788e-22, 2.89281200935e-22, 1.86732501809e-22, 2.70364291184e-22, 3.93918563925e-22, 3.85238620099e-22, 6.03457034503e-22, 7.84464438246e-22, 1.16116074235e-21, 1.74177135529e-21, 2.15808432979e-21],
        "stdev": [0.000689407053869, 0.0146635463461, 0.00475378939882, 0.00312089151703, 0.00593179650605, 0.00388907920569, 0.00450283102691, 0.00599363911897, 0.00585104571655, 0.00256763142534, 0.00259138154797, 0.00245495443232, 0.00290728756227, 0.0019651344046, 0.00172149320133, 0.000851149787195, 0.000739772978704, 0.000440494710347, 0.000402066594688, 0.000337162666256, 0.000212883154745, 0.00019726906612, 0.000352469302015, 0.00035137499799, 0.000148554434418, 5.38855892955e-05, 4.78435094919e-06],
        "var": [4.75282121215e-07, 0.000215019579628, 2.25985149882e-05, 9.73996338871e-06, 3.51862072421e-05, 1.51249369083e-05, 2.02754872589e-05, 3.59237092198e-05, 3.42347339028e-05, 6.59273109704e-06, 6.71525776852e-06, 6.02680074735e-06, 8.45232079882e-06, 3.86175315725e-06, 2.96353891827e-06, 7.24455958334e-07, 5.47264050965e-07, 1.94035578716e-07, 1.61657538911e-07, 1.13678659375e-07, 4.53192363636e-08, 3.89150827118e-08, 1.24234603049e-07, 1.23464388935e-07, 2.20684217567e-08, 2.90365664846e-09, 2.28900128019e-11]
    },
    "erbbands": {
        "dmean": [0.156308963895, 1.14061319828, 2.24619102478, 3.0830821991, 5.31585979462, 9.92855930328, 16.4235744476, 10.0781583786, 18.3760986328, 35.5080451965, 46.5665283203, 38.5094337463, 29.1183433533, 31.3497524261, 28.5998783112, 32.4589271545, 44.6595802307, 37.3387069702, 43.3476257324, 31.8953590393, 19.0733585358, 16.955701828, 12.0642995834, 8.10345363617, 8.57967662811, 6.27784729004, 4.82806587219, 4.17163228989, 3.54253721237, 2.41356015205, 2.48892188072, 1.69680511951, 0.958726167679, 0.515836000443, 0.271183639765, 0.107736796141, 0.0329410918057, 0.00624306080863, 0.000156208538101, 1.80837596417e-05],
        "dmean2": [0.241006270051, 1.84311652184, 3.98241782188, 5.58479642868, 8.87547397614, 16.2007389069, 26.0654296875, 16.6096820831, 29.1778202057, 57.6595954895, 74.5841674805, 56.0140075684, 44.1950073242, 47.0262298584, 44.0085792542, 52.3743515015, 67.6492462158, 59.6878700256, 67.5221557617, 48.0418395996, 29.8181648254, 26.3316402435, 19.162694931, 12.9362220764, 13.8183412552, 9.8959197998, 7.89179086685, 6.76462650299, 5.73278903961, 3.75810480118, 3.76919651031, 2.53521800041, 1.48594427109, 0.833443403244, 0.430150806904, 0.173512339592, 0.0524312071502, 0.0102534322068, 0.000260461732978, 2.73948062386e-05],
        "dvar": [0.21142847836, 11.5663700104, 38.6210441589, 118.376823425, 154.847320557, 339.757873535, 1468.10803223, 492.544586182, 1495.80737305, 6208.74902344, 15944.5419922, 9496.7734375, 4767.72558594, 3187.84375, 3717.15063477, 8602.78613281, 8218.10253906, 4864.79589844, 7597.76318359, 3814.68701172, 1113.03808594, 951.540466309, 515.548339844, 345.271057129, 495.375305176, 170.40763855, 98.0742721558, 54.0934638977, 42.6527137756, 25.1443576813, 67.2097244263, 31.2716236115, 13.7154092789, 2.37443327904, 0.435547590256, 0.0541442409158, 0.00620230892673, 0.000347361812601, 2.21005436174e-07, 6.3867672262e-10],
        "dvar2": [0.519560098648, 31.452331543, 108.661880493, 348.733001709, 419.069702148, 819.830200195, 3798.32958984, 1201.73706055, 3536.46386719, 16222.5175781, 39968.2851562, 18283.5761719, 11786.4150391, 7137.94726562, 8819.18945312, 23639.2480469, 17109.3066406, 11884.0488281, 17397.1796875, 8574.28515625, 2500.9765625, 2279.66723633, 1359.35620117, 941.362487793, 1384.06396484, 412.423858643, 252.494125366, 135.936782837, 107.078872681, 58.9736404419, 130.437805176, 56.9616203308, 21.0205612183, 4.67621803284, 0.827156364918, 0.123404093087, 0.0129760606214, 0.000848259718623, 5.56349732506e-07, 1.56569723853e-09],
        "max": [6.22930955887, 51.9597129822, 68.2865219116, 109.117881775, 158.874511719, 243.319915771, 497.237640381, 327.254333496, 581.653381348, 841.920959473, 2337.78540039, 1491.65246582, 1012.18127441, 966.112060547, 1138.41699219, 1758.09863281, 1081.71435547, 798.195800781, 1061.71862793, 699.432006836, 610.298583984, 333.474273682, 357.485656738, 377.239562988, 364.290740967, 170.161270142, 110.248313904, 72.9013137817, 66.5942687988, 91.0923690796, 270.428619385, 195.908905029, 128.245849609, 43.4513816833, 19.1090965271, 4.91529607773, 1.29246366024, 0.401767343283, 0.00932133663446, 0.000291893054964],
        "mean": [0.226537197828, 1.52474021912, 2.63636732101, 3.26299285889, 6.88780927658, 15.042840004, 26.0882072449, 16.0111694336, 27.789068222, 50.0555877686, 70.6362762451, 62.5232429504, 48.3502349854, 55.0067253113, 50.1387901306, 44.6794319153, 72.826713562, 55.1324729919, 62.9720077515, 46.4463500977, 31.4372367859, 28.0240898132, 18.4940719604, 11.5751428604, 12.0286397934, 8.66055870056, 6.15454912186, 5.24811458588, 4.45877742767, 3.13602638245, 3.33586168289, 2.36750864983, 1.26425254345, 0.563650667667, 0.302858769894, 0.120038181543, 0.0351976528764, 0.00553603237495, 0.000153901084559, 4.67358440801e-05],
        "median": [0.0571333095431, 0.599016964436, 1.15722596645, 1.37371325493, 3.0425350666, 6.91876125336, 9.02851486206, 7.54326868057, 14.120177269, 20.2330570221, 21.8664073944, 23.0720710754, 19.5795040131, 28.8340148926, 17.9572715759, 17.268737793, 24.6353645325, 19.8000030518, 23.2646312714, 15.0211992264, 14.3936357498, 12.4027671814, 9.76227664948, 6.07267427444, 6.18855571747, 3.54505586624, 2.70553159714, 2.24510002136, 1.71526384354, 1.09034228325, 0.853204190731, 0.652591228485, 0.328353881836, 0.124758161604, 0.0870748087764, 0.032378397882, 0.00674912333488, 0.000657430500723, 3.66993226635e-05, 4.02081059292e-05],
        "min": [1.66897148443e-21, 1.78294196807e-21, 6.49876346567e-21, 4.74769198304e-20, 5.03419180431e-20, 2.03912105586e-19, 4.7421695831e-19, 2.7807340992e-19, 2.11519000671e-19, 4.32859039206e-19, 2.29434362721e-19, 6.6309367332e-19, 9.03946799108e-19, 3.06731020203e-18, 3.3398134811e-18, 2.90895164363e-18, 1.05730680846e-17, 5.09301389722e-18, 6.51022947174e-18, 8.81527040542e-18, 1.27452294839e-17, 1.18348948859e-17, 1.73301567888e-17, 8.05232698488e-18, 1.11811095277e-17, 1.40538747079e-17, 1.73545602713e-17, 1.40438658225e-17, 1.53783960094e-17, 1.2061401753e-17, 1.95676323693e-17, 1.73933103742e-17, 1.34296221791e-17, 1.2629190106e-17, 7.9268718101e-18, 5.6224413357e-18, 3.52397469793e-18, 1.06079792423e-18, 2.91812518003e-19, 3.81788959886e-20],
        "stdev": [0.474285334349, 3.20521378517, 5.37561511993, 8.4189414978, 12.8191947937, 21.5451030731, 51.5873794556, 26.3098735809, 44.6495780945, 92.4434814453, 157.298080444, 133.035690308, 95.8146362305, 75.7251663208, 85.1063613892, 87.9893493652, 133.75302124, 85.1982421875, 106.234992981, 76.9085006714, 45.3369750977, 40.2535057068, 25.2220478058, 17.9052257538, 22.0692691803, 14.8897619247, 10.4260425568, 8.18352890015, 7.30584812164, 6.3102517128, 12.2273225784, 9.08458709717, 5.36303424835, 2.13663601875, 0.940669834614, 0.290981143713, 0.0964663550258, 0.0180124267936, 0.000444356177468, 3.01960681099e-05],
        "var": [0.224946573377, 10.2733955383, 28.8972358704, 70.878578186, 164.331756592, 464.191467285, 2661.2578125, 692.209411621, 1993.58483887, 8545.79785156, 24742.6875, 17698.4941406, 9180.44433594, 5734.30126953, 7243.09277344, 7742.12597656, 17889.8691406, 7258.74072266, 11285.8730469, 5914.91748047, 2055.44140625, 1620.34472656, 636.151672363, 320.597076416, 487.052642822, 221.70501709, 108.702362061, 66.9701385498, 53.375415802, 39.8192749023, 149.507415771, 82.5297241211, 28.7621364594, 4.56521368027, 0.884859740734, 0.0846700295806, 0.00930575747043, 0.000324447551975, 1.97452422412e-07, 9.11802577885e-10]
    },
    "gfcc": {
        "mean": [9.46456623077, 106.314918518, -131.406921387, 20.2293891907, -59.7504997253, 13.2597837448, -40.1753692627, 7.24211502075, -19.4748706818, 1.87577867508, -14.4397296906, -1.52244222164, -9.74516963959],
        "cov": [[4346.54150391, -722.355163574, -16.3260498047, 196.953857422, -74.8706283569, 409.133850098, 25.1696205139, 239.059783936, 20.4402656555, 345.319274902, -109.714797974, 188.078109741, -131.202804565], [-722.355163574, 1208.7824707, -155.510314941, -180.077438354, 249.518890381, -73.676940918, 167.444061279, -92.0938873291, 49.5032730103, -207.605072021, 126.568496704, -105.913978577, 54.9997520447], [-16.3260498047, -155.510314941, 1016.70996094, 360.211639404, 74.9592590332, 176.444030762, 37.4216156006, 103.247314453, 10.3792686462, 157.438858032, 61.391708374, 184.998977661, 9.94307899475], [196.953857422, -180.077438354, 360.211639404, 404.626983643, 48.1937408447, 57.3869857788, 15.2363481522, 51.4938926697, 62.8993911743, 93.0092849731, 32.3228721619, 79.8637695312, 54.4234771729], [-74.8706283569, 249.518890381, 74.9592590332, 48.1937408447, 276.021575928, 98.5615692139, 91.8365325928, 49.4108924866, 77.1026153564, 31.8693561554, 37.4814338684, 20.1261119843, 35.2582740784], [409.133850098, -73.676940918, 176.444030762, 57.3869857788, 98.5615692139, 358.89276123, 145.51461792, 101.892074585, 77.8141860962, 65.9680099487, 46.3828773499, 59.3670349121, 1.78836917877], [25.1696205139, 167.444061279, 37.4216156006, 15.2363481522, 91.8365325928, 145.51461792, 274.442108154, 73.9740142822, 64.7098999023, 25.8199768066, 42.2195167542, 32.0139427185, -6.68716192245], [239.059783936, -92.0938873291, 103.247314453, 51.4938926697, 49.4108924866, 101.892074585, 73.9740142822, 189.098983765, 87.2607192993, 55.2705459595, 26.0607624054, 60.561000824, 22.154291153], [20.4402656555, 49.5032730103, 10.3792686462, 62.8993911743, 77.1026153564, 77.8141860962, 64.7098999023, 87.2607192993, 225.321014404, 76.2896881104, 40.9280891418, 21.1533546448, 37.6987304688], [345.319274902, -207.605072021, 157.438858032, 93.0092849731, 31.8693561554, 65.9680099487, 25.8199768066, 55.2705459595, 76.2896881104, 252.908370972, 16.942653656, 79.7606811523, -9.27818775177], [-109.714797974, 126.568496704, 61.391708374, 32.3228721619, 37.4814338684, 46.3828773499, 42.2195167542, 26.0607624054, 40.9280891418, 16.942653656, 161.805389404, 63.0354995728, 54.3133583069], [188.078109741, -105.913978577, 184.998977661, 79.8637695312, 20.1261119843, 59.3670349121, 32.0139427185, 60.561000824, 21.1533546448, 79.7606811523, 63.0354995728, 161.00289917, 47.2534751892], [-131.202804565, 54.9997520447, 9.94307899475, 54.4234771729, 35.2582740784, 1.78836917877, -6.68716192245, 22.154291153, 37.6987304688, -9.27818775177, 54.3133583069, 47.2534751892, 136.589935303]],
        "icov": [[0.000442653690698, -0.000312029063934, 0.000528266013134, -0.000600738509092, 0.000424286001362, -0.000817723106593, 0.000544410257135, -0.000650222005788, 0.000470389786642, -0.000617294979747, 0.00061271811137, -0.000835790589917, 0.000658788951114], [-0.000312029063934, 0.00282529997639, -0.00107446708716, 0.00183824857231, -0.00258143548854, 0.00205299002118, -0.00222145230509, 0.0020503976848, -0.00132158282213, 0.00213093101047, -0.00248325942084, 0.00221332046203, -0.00116220035125], [0.000528266013134, -0.00107446708716, 0.00273797148839, -0.00257360702381, 0.000819211010821, -0.00192543491721, 0.00151313107926, -0.00153052841779, 0.00152245315257, -0.0013477205066, 0.00110146217048, -0.00284278090112, 0.00193601497449], [-0.000600738509092, 0.00183824857231, -0.00257360702381, 0.00572188338265, -0.00178527785465, 0.00216419040225, -0.00183264783118, 0.00195422256365, -0.00202519260347, 0.00114855996799, -0.00156392506324, 0.0022455106955, -0.00290192384273], [0.000424286001362, -0.00258143548854, 0.000819211010821, -0.00178527785465, 0.00705457758158, -0.00266275485046, 0.0010396548314, -0.00196915538982, 0.00045342053636, -0.00225571799092, 0.00219623115845, -0.00142458558548, 2.4001021302e-05], [-0.000817723106593, 0.00205299002118, -0.00192543491721, 0.00216419040225, -0.00266275485046, 0.00663375901058, -0.003594848793, 0.00107569654938, -0.00183782691602, 0.0018934860127, -0.00261397263967, 0.00232451176271, -0.00121315952856], [0.000544410257135, -0.00222145230509, 0.00151313107926, -0.00183264783118, 0.0010396548314, -0.003594848793, 0.00729626277462, -0.00284043536521, 0.000841633707751, -0.00151093280874, 0.00136705674231, -0.00281173293479, 0.00272831553593], [-0.000650222005788, 0.0020503976848, -0.00153052841779, 0.00195422256365, -0.00196915538982, 0.00107569654938, -0.00284043536521, 0.00997011736035, -0.00378517643549, 0.00203150091693, -0.00127364473883, 5.27197225892e-05, -0.00170847191475], [0.000470389786642, -0.00132158282213, 0.00152245315257, -0.00202519260347, 0.00045342053636, -0.00183782691602, 0.000841633707751, -0.00378517643549, 0.00798470526934, -0.00330580025911, 0.000347108813003, 0.00029116118094, -0.00042482506251], [-0.000617294979747, 0.00213093101047, -0.0013477205066, 0.00114855996799, -0.00225571799092, 0.0018934860127, -0.00151093280874, 0.00203150091693, -0.00330580025911, 0.00784843228757, -0.00168025225867, -0.000788288656622, 0.000729846768081], [0.00061271811137, -0.00248325942084, 0.00110146217048, -0.00156392506324, 0.00219623115845, -0.00261397263967, 0.00136705674231, -0.00127364473883, 0.000347108813003, -0.00168025225867, 0.0109238699079, -0.00517074856907, -0.000892615702469], [-0.000835790589917, 0.00221332046203, -0.00284278090112, 0.0022455106955, -0.00142458558548, 0.00232451176271, -0.00281173293479, 5.27197225892e-05, 0.00029116118094, -0.000788288656622, -0.00517074856907, 0.0145935146138, -0.00531719764695], [0.000658788951114, -0.00116220035125, 0.00193601497449, -0.00290192384273, 2.4001021302e-05, -0.00121315952856, 0.00272831553593, -0.00170847191475, -0.00042482506251, 0.000729846768081, -0.000892615702469, -0.00531719764695, 0.0122189130634]]
    },
    "melbands": {
        "dmean": [0.00138502835762, 0.00117587926798, 0.000566556467675, 0.000529378594365, 0.000572061806452, 0.000235157305724, 0.000300408632029, 0.000405298516853, 0.000370774185285, 0.000236127860262, 0.000147880258737, 0.000136108399602, 9.91087290458e-05, 0.000106348183181, 7.84437215771e-05, 0.000109055305074, 7.14380148565e-05, 7.99082699814e-05, 4.78191759612e-05, 3.21134211845e-05, 2.30711702898e-05, 1.89450529433e-05, 1.5089282897e-05, 9.97079314402e-06, 6.42123723082e-06, 7.22203731129e-06, 5.60147918804e-06, 4.13507268604e-06, 3.31373985318e-06, 2.68570011031e-06, 2.40863801082e-06, 2.21275286094e-06, 1.63652191532e-06, 1.30363673634e-06, 1.44139175973e-06, 1.3333132074e-06, 1.03901084003e-06, 7.00826319644e-07, 5.44259989965e-07, 4.24088682394e-07],
        "dmean2": [0.00217287801206, 0.00199609738775, 0.00100401684176, 0.000858739600517, 0.0009007868357, 0.000386970496038, 0.000478287984151, 0.000663743296172, 0.000584059627727, 0.000342798011843, 0.000224856368732, 0.000204273470445, 0.000152646491188, 0.000165647041285, 0.000126635772176, 0.000166202589753, 0.000116827468446, 0.000126939994516, 7.39780225558e-05, 4.89995036332e-05, 3.69103290723e-05, 2.96629659715e-05, 2.35770476138e-05, 1.63697586686e-05, 1.04322853076e-05, 1.18299121823e-05, 8.79470735526e-06, 6.53401639283e-06, 5.44984914086e-06, 4.42091277364e-06, 3.90435752706e-06, 3.62103696716e-06, 2.61310128735e-06, 2.0647967176e-06, 2.19812750402e-06, 1.95922643798e-06, 1.63957588484e-06, 1.10060636871e-06, 8.69134055392e-07, 6.99287511452e-07],
        "dvar": [1.71190185938e-05, 1.05233193608e-05, 3.24427765008e-06, 9.60394004323e-07, 1.64169864547e-06, 2.55245851122e-07, 4.01978098807e-07, 6.52997982797e-07, 1.06642539777e-06, 3.52982510776e-07, 1.2118132986e-07, 6.10132602219e-08, 4.79157797884e-08, 8.11939173673e-08, 3.06674365902e-08, 5.94389071296e-08, 2.00455261279e-08, 2.92345028186e-08, 8.20974488391e-09, 3.74022013361e-09, 1.78383752214e-09, 1.28464150428e-09, 7.68467567358e-10, 4.48368397965e-10, 2.21768575726e-10, 3.48102269232e-10, 1.61133356658e-10, 8.33087557273e-11, 5.50652475007e-11, 2.65426725737e-11, 1.83696877154e-11, 1.78835574821e-11, 1.12366964691e-11, 7.6974624591e-12, 1.78728767897e-11, 2.21411378815e-11, 1.48596916022e-11, 7.09070519314e-12, 2.95649680952e-12, 1.67619097855e-12],
        "dvar2": [4.35434048995e-05, 2.90277075692e-05, 9.47700300458e-06, 2.42490909841e-06, 4.25043708674e-06, 6.24689846518e-07, 9.40697930218e-07, 1.74655986029e-06, 2.69056909019e-06, 6.94925574862e-07, 2.97381291148e-07, 1.35875609431e-07, 1.11439334205e-07, 2.03074293381e-07, 8.14518230641e-08, 1.25868922396e-07, 5.06605779549e-08, 6.76256846077e-08, 1.9080630409e-08, 8.74140138052e-09, 3.98981070404e-09, 3.12029069249e-09, 1.93971594342e-09, 1.1951595269e-09, 6.04377214941e-10, 9.95656446179e-10, 4.08853395584e-10, 2.07074218883e-10, 1.42045819551e-10, 6.86413287321e-11, 4.54080870127e-11, 4.62996030404e-11, 2.75392243732e-11, 1.82534612425e-11, 3.59596519228e-11, 3.36859290462e-11, 3.82775061647e-11, 1.16908913106e-11, 5.03228361759e-12, 3.46074601268e-12],
        "max": [0.0541468635201, 0.0467326492071, 0.0175058729947, 0.0114914756268, 0.0155584709719, 0.00649437634274, 0.0108385719359, 0.00839361269027, 0.0194970425218, 0.00823921896517, 0.00498352292925, 0.00407114205882, 0.00363537319936, 0.0041164313443, 0.00244288588874, 0.00316140567884, 0.00128774344921, 0.00196668924764, 0.000908455229364, 0.000704596634023, 0.000719484640285, 0.00046048295917, 0.000339972495567, 0.000323902146192, 0.000292835815344, 0.000335363816703, 0.000203599120141, 0.000123259917018, 9.47960070334e-05, 6.41044753138e-05, 4.62876014353e-05, 4.31872067566e-05, 4.74223779747e-05, 5.47069685126e-05, 0.000127065839479, 0.000172308311448, 0.000108785039629, 8.9464665507e-05, 5.71152595512e-05, 3.35067597916e-05],
        "mean": [0.00202789413743, 0.00156223413069, 0.000659798330162, 0.000777398527134, 0.000903574400581, 0.000373014132492, 0.000450026855106, 0.000569695257582, 0.000567336275708, 0.000377578049665, 0.000240753142862, 0.000229704528465, 0.000177713256562, 0.000137780196383, 0.000113616042654, 0.00016812494141, 9.27510118345e-05, 0.000110009059426, 6.67137792334e-05, 4.64863951493e-05, 3.49259316863e-05, 2.87118346023e-05, 2.32941256399e-05, 1.30056250782e-05, 8.64562935021e-06, 9.33745104703e-06, 7.64509150031e-06, 5.2194664022e-06, 3.99382724936e-06, 3.2811899473e-06, 2.92458048534e-06, 2.65203493655e-06, 2.034001227e-06, 1.61713433044e-06, 1.8767251504e-06, 1.83147153621e-06, 1.31819547278e-06, 9.16310568755e-07, 6.27826977961e-07, 4.30429793141e-07],
        "median": [0.000685993116349, 0.000796829001047, 0.000312928343192, 0.000417207396822, 0.000352051953087, 0.000171703402884, 0.000231588463066, 0.000225509240408, 0.000161875213962, 0.000119492811791, 8.64772009663e-05, 0.00011423885735, 4.76244858874e-05, 4.22059420089e-05, 4.0481070755e-05, 4.88518999191e-05, 2.82943219645e-05, 3.5127512092e-05, 2.11052229133e-05, 1.69092672877e-05, 1.45175063153e-05, 1.1404934412e-05, 1.04569644463e-05, 5.93361073697e-06, 4.21976665166e-06, 4.57887381344e-06, 3.03396950585e-06, 1.9560243345e-06, 1.61480022598e-06, 1.25677229335e-06, 1.11554834348e-06, 9.78273305918e-07, 6.74290731695e-07, 5.31343516741e-07, 4.56283146377e-07, 4.68354556915e-07, 3.60788078524e-07, 2.38847889023e-07, 1.20439494822e-07, 8.32530631101e-08],
        "min": [1.18303813348e-23, 3.54611791229e-24, 7.69438360874e-24, 7.39379762713e-24, 1.70904096098e-23, 6.18852899891e-24, 3.73589457469e-24, 4.15190195078e-24, 1.81881407194e-24, 4.2810388754e-24, 4.38941929188e-24, 1.17939091397e-23, 1.28852224714e-23, 6.67397703948e-24, 1.39463382077e-23, 2.22030802454e-23, 7.90739498581e-24, 9.60888828342e-24, 1.1975692669e-23, 1.18880439115e-23, 1.5004039754e-23, 9.77575681956e-24, 2.1247583518e-23, 8.61326456836e-24, 6.27298129198e-24, 7.42800500257e-24, 7.80552701053e-24, 9.60799450401e-24, 1.27547874762e-23, 6.00155870918e-24, 9.27204704347e-24, 9.44569583909e-24, 5.64783387371e-24, 7.13356424741e-24, 1.1632255763e-23, 1.06946172688e-23, 1.06963377744e-23, 8.97163618899e-24, 1.13741041872e-23, 9.83058265247e-24],
        "stdev": [0.00416293507442, 0.00295225833543, 0.00145890470594, 0.00111538020428, 0.00161046010908, 0.000606523011811, 0.000731667911168, 0.000950606714468, 0.00129133940209, 0.000823547306936, 0.000491577608045, 0.000332464580424, 0.000355174415745, 0.000313848518999, 0.000198759371415, 0.00034376286203, 0.000160245108418, 0.000200949521968, 0.000111302666483, 7.61778792366e-05, 5.53311110707e-05, 4.54785258626e-05, 3.43168612744e-05, 2.17634988076e-05, 1.42651524584e-05, 1.74035285454e-05, 1.43626375575e-05, 9.77917807177e-06, 7.75567332312e-06, 5.57084058528e-06, 4.79207892568e-06, 4.49908884548e-06, 4.03646026825e-06, 3.37629830938e-06, 6.23898040431e-06, 7.80766822572e-06, 4.99492489325e-06, 3.72700742446e-06, 2.47698426392e-06, 1.72582952018e-06],
        "var": [1.73300268216e-05, 8.71582960826e-06, 2.12840291169e-06, 1.24407290514e-06, 2.59358193944e-06, 3.67870143236e-07, 5.35337903784e-07, 9.03653074147e-07, 1.66755751252e-06, 6.78230207996e-07, 2.4164856427e-07, 1.1053270299e-07, 1.26148862023e-07, 9.85008909993e-08, 3.95052879298e-08, 1.18172906127e-07, 2.56784939978e-08, 4.03807121074e-08, 1.23882832881e-08, 5.80306958042e-09, 3.06153191687e-09, 2.06829642302e-09, 1.17764697993e-09, 4.73649897081e-10, 2.03494582296e-10, 3.02882802172e-10, 2.06285363791e-10, 9.56323284451e-11, 6.01504748787e-11, 3.10342654353e-11, 2.29640213095e-11, 2.02418012907e-11, 1.62930120784e-11, 1.13993909798e-11, 3.89248772104e-11, 6.09596817469e-11, 2.49492735499e-11, 1.38905839955e-11, 6.13545152184e-12, 2.97848746535e-12]
    },
    "melbands128": {
