{
"lowlevel": {
    "average_loudness": 0.970324039459,
    "barkbands_crest": {
        "dmean": 3.21993970871,
        "dmean2": 5.01473903656,
        "dvar": 8.01418399811,
        "dvar2": 18.3090610504,
        "max": 26.5353240967,
        "mean": 12.6220693588,
        "median": 11.8502883911,
        "min": 2.66495585442,
        "stdev": 4.94840574265,
        "var": 24.4867210388
    },
    "barkbands_flatness_db": {
        "dmean": 0.0408162996173,
        "dmean2": 0.0572970770299,
        "dvar": 0.00150192761794,
        "dvar2": 0.00278862542473,
        "max": 0.491687655449,
        "mean": 0.178715914488,
        "median": 0.17021754384,
        "min": 0.0229577943683,
        "stdev": 0.0754233449697,
        "var": 0.0056886812672
    },
    "barkbands_kurtosis": {
        "dmean": 8.11957645416,
        "dmean2": 13.1095743179,
        "dvar": 348.680908203,
        "dvar2": 816.492858887,
        "max": 248.948654175,
        "mean": 9.7774477005,
        "median": 3.52740049362,
        "min": -1.85834503174,
        "stdev": 22.5216121674,
        "var": 507.223022461
    },
    "barkbands_skewness": {
        "dmean": 0.965327382088,
        "dmean2": 1.49087524414,
        "dvar": 1.19467306137,
        "dvar2": 2.5727596283,
        "max": 14.701169014,
        "mean": 2.06786346436,
        "median": 1.72491276264,
        "min": -2.12580394745,
        "stdev": 1.87950015068,
        "var": 3.53252077103
    },
    "barkbands_spread": {
        "dmean": 9.52852535248,
        "dmean2": 14.9752235413,
        "dvar": 160.400390625,
        "dvar2": 375.049194336,
        "max": 105.991531372,
        "mean": 19.7132701874,
        "median": 15.0839796066,
        "min": 0.293088436127,
        "stdev": 16.6856231689,
        "var": 278.41003418
    },
    "dissonance": {
        "dmean": 0.0320024117827,
        "dmean2": 0.0518449731171,
        "dvar": 0.00118260155432,
        "dvar2": 0.00284705404192,
        "max": 0.499988228083,
        "mean": 0.438210815191,
        "median": 0.452522307634,
        "min": 0,
        "stdev": 0.048663713038,
        "var": 0.00236815679818
    },
    "dynamic_complexity": 1.86226212978,
    "erbbands_crest": {
        "dmean": 3.4237279892,
        "dmean2": 5.38874959946,
        "dvar": 10.390422821,
        "dvar2": 22.3266220093,
        "max": 30.5265083313,
        "mean": 10.7653722763,
        "median": 9.67474365234,
        "min": 2.23224592209,
        "stdev": 5.44294929504,
        "var": 29.6256980896
    },
    "erbbands_flatness_db": {
        "dmean": 0.029928682372,
        "dmean2": 0.0416744686663,
        "dvar": 0.000908456975594,
        "dvar2": 0.00163895741571,
        "max": 0.3716391325,
        "mean": 0.168352350593,
        "median": 0.163508191705,
        "min": 0.0318279489875,
        "stdev": 0.0606996305287,
        "var": 0.00368444505148
    },
    "erbbands_kurtosis": {
        "dmean": 1.76444911957,
        "dmean2": 2.83606290817,
        "dvar": 6.9575920105,
        "dvar2": 15.7890787125,
        "max": 33.9819946289,
        "mean": 1.58913195133,
        "median": 0.535785198212,
        "min": -1.84011435509,
        "stdev": 3.38275790215,
        "var": 11.4430503845
    },
    "erbbands_skewness": {
        "dmean": 0.585496544838,
        "dmean2": 0.889788269997,
        "dvar": 0.306764125824,
        "dvar2": 0.713527023792,
        "max": 5.05219936371,
        "mean": 0.44219827652,
        "median": 0.425005525351,
        "min": -2.72698307037,
        "stdev": 0.882576346397,
        "var": 0.778940975666
    },
    "erbbands_spread": {
        "dmean": 13.0876197815,
        "dmean2": 19.903465271,
        "dvar": 241.417694092,
        "dvar2": 522.862487793,
        "max": 170.304931641,
        "mean": 35.8199768066,
        "median": 31.3881645203,
        "min": 3.57958221436,
        "stdev": 24.4137516022,
        "var": 596.031311035
    },
    "hfc": {
        "dmean": 19.8236980438,
        "dmean2": 31.9777450562,
        "dvar": 1126.48486328,
        "dvar2": 2829.26049805,
        "max": 281.296691895,
        "mean": 33.7620582581,
        "median": 23.3936481476,
        "min": 5.10253903485e-06,
        "stdev": 36.68227005,
        "var": 1345.58898926
    },
    "loudness_ebu128": {
        "integrated": -9.16675949097,
        "loudness_range": 1.42217826843,
        "momentary": {
            "dmean": 0.429357260466,
            "dmean2": 0.616930425167,
            "dvar": 0.137415960431,
            "dvar2": 0.244329154491,
            "max": -7.63116025925,
            "mean": -9.27243614197,
            "median": -9.02669048309,
            "min": -14.0621604919,
            "stdev": 1.00915384293,
            "var": 1.01839137077
        },
        "short_term": {
            "dmean": 0.0497543402016,
            "dmean2": 0.0676513463259,
            "dvar": 0.00210995506495,
            "dvar2": 0.00334121636115,
            "max": -8.46525382996,
            "mean": -9.22208118439,
            "median": -9.28475475311,
            "min": -10.2587919235,
            "stdev": 0.5194414258,
            "var": 0.269819378853
        }
    },
    "melbands_crest": {
        "dmean": 4.09452867508,
        "dmean2": 6.68498563766,
        "dvar": 14.6177759171,
        "dvar2": 37.1490135193,
        "max": 39.2681007385,
        "mean": 20.1694526672,
        "median": 19.4222717285,
        "min": 4.75071954727,
        "stdev": 8.16750144958,
        "var": 66.7080764771
    },
    "melbands_flatness_db": {
        "dmean": 0.0484717935324,
        "dmean2": 0.0673336163163,
        "dvar": 0.00211629946716,
        "dvar2": 0.00407742522657,
        "max": 0.625749766827,
        "mean": 0.253163188696,
        "median": 0.242397755384,
        "min": 0.0352314859629,
        "stdev": 0.0947409942746,
        "var": 0.00897585600615
    },
    "melbands_kurtosis": {
        "dmean": 16.6790504456,
        "dmean2": 26.5450229645,
        "dvar": 1369.25378418,
        "dvar2": 3020.8828125,
        "max": 775.142150879,
        "mean": 23.0659828186,
        "median": 8.59421157837,
        "min": -1.62931358814,
        "stdev": 49.1371116638,
        "var": 2414.45556641
    },
    "melbands_skewness": {
        "dmean": 1.20818853378,
        "dmean2": 1.83780539036,
        "dvar": 2.15181946754,
        "dvar2": 4.73570966721,
        "max": 21.3227119446,
        "mean": 3.16110539436,
        "median": 2.56441640854,
        "min": -0.969138681889,
        "stdev": 2.56517887115,
        "var": 6.58014297485
    },
    "melbands_spread": {
        "dmean": 9.11684513092,
        "dmean2": 14.0984373093,
        "dvar": 214.307327271,
        "dvar2": 470.096740723,
        "max": 214.316162109,
        "mean": 19.1998100281,
        "median": 14.5033521652,
        "min": 0.355495125055,
        "stdev": 20.6222782135,
        "var": 425.278320312
    },
    "pitch_salience": {
        "dmean": 0.0936038568616,
        "dmean2": 0.1458247751,
        "dvar": 0.00880110822618,
        "dvar2": 0.0204702690244,
        "max": 0.89656573534,
        "mean": 0.462950438261,
        "median": 0.460891246796,
        "min": 0.0406772121787,
        "stdev": 0.164810851216,
        "var": 0.0271626189351
    },
    "silence_rate_20dB": {
        "dmean": 0,
        "dmean2": 0,
        "dvar": 0,
        "dvar2": 0,
        "max": 1,
        "mean": 1,
        "median": 1,
        "min": 1,
        "stdev": 0,
        "var": 0
    },
    "silence_rate_30dB": {
        "dmean": 0.106811143458,
        "dmean2": 0.213787764311,
        "dvar": 0.0954010859132,
        "dvar2": 0.22075521946,
        "max": 1,
        "mean": 0.832173228264,
        "median": 1,
        "min": 0,
        "stdev": 0.373713880777,
        "var": 0.139662057161
    },
    "silence_rate_60dB": {
        "dmean": 0.0100619196892,
        "dmean2": 0.0193648338318,
        "dvar": 0.00996061228216,
        "dvar2": 0.0220883637667,
        "max": 1,
        "mean": 0.0116009283811,
        "median": 0,
        "min": 0,
        "stdev": 0.107080757618,
        "var": 0.0114662889391
    },
    "spectral_centroid": {
        "dmean": 370.356994629,
        "dmean2": 570.319091797,
        "dvar": 185962.671875,
        "dvar2": 427601.5625,
        "max": 4486.64599609,
        "mean": 1161.34814453,
        "median": 1028.07849121,
        "min": 128.19190979,
        "stdev": 601.535461426,
        "var": 361844.875
    },
    "spectral_complexity": {
        "dmean": 6.02786397934,
        "dmean2": 9.2958946228,
        "dvar": 54.9048843384,
        "dvar2": 120.457374573,
        "max": 53,
        "mean": 17.2335662842,
        "median": 16,
        "min": 0,
        "stdev": 9.60525894165,
        "var": 92.2609939575
    },
    "spectral_decrease": {
        "dmean": 4.90994978009e-09,
        "dmean2": 7.93467780369e-09,
        "dvar": 2.87157569445e-17,
        "dvar2": 7.56243191407e-17,
        "max": -2.4922975679e-16,
        "mean": -1.54768624583e-08,
        "median": -1.29262529569e-08,
        "min": -4.83218371983e-08,
        "stdev": 1.04701394221e-08,
        "var": 1.09623824597e-16
    },
    "spectral_energy": {
        "dmean": 0.0190806090832,
        "dmean2": 0.0306228622794,
        "dvar": 0.000419632764533,
        "dvar2": 0.00110421923455,
        "max": 0.184137731791,
        "mean": 0.0614755600691,
        "median": 0.0521200373769,
        "min": 1.40346678723e-09,
        "stdev": 0.0397373773158,
        "var": 0.00157905928791
    },
    "spectral_energyband_high": {
        "dmean": 0.00149558624253,
        "dmean2": 0.00243551749736,
        "dvar": 8.52220637171e-06,
        "dvar2": 2.04562966246e-05,
        "max": 0.0263002086431,
        "mean": 0.00153665104881,
        "median": 0.000327191955876,
        "min": 3.78565789827e-10,
        "stdev": 0.00330968387425,
        "var": 1.09540078483e-05
    },
    "spectral_energyband_low": {
        "dmean": 0.0143051845953,
        "dmean2": 0.0242602098733,
        "dvar": 0.000479016744066,
        "dvar2": 0.00128551700618,
        "max": 0.173165544868,
        "mean": 0.0363160520792,
        "median": 0.0191292446107,
        "min": 3.53061524461e-10,
        "stdev": 0.0395187139511,
        "var": 0.00156172877178
    },
    "spectral_energyband_middle_high": {
        "dmean": 0.0033603287302,
        "dmean2": 0.00506208045408,
        "dvar": 1.71314350155e-05,
        "dvar2": 3.82436410291e-05,
        "max": 0.0475461818278,
        "mean": 0.00710006337613,
        "median": 0.00497171515599,
        "min": 1.71619440881e-10,
        "stdev": 0.0070318505168,
        "var": 4.94469204568e-05
    },
    "spectral_energyband_middle_low": {
        "dmean": 0.00856441818178,
        "dmean2": 0.0140603845939,
        "dvar": 0.000167323916685,
        "dvar2": 0.000461253890535,
        "max": 0.0960266590118,
        "mean": 0.0166095588356,
        "median": 0.0141505468637,
        "min": 4.71447825223e-10,
        "stdev": 0.013160193339,
        "var": 0.000173190695932
    },
    "spectral_entropy": {
        "dmean": 0.355137884617,
        "dmean2": 0.488796561956,
        "dvar": 0.123540483415,
        "dvar2": 0.250520557165,
        "max": 9.28927135468,
        "mean": 7.34295415878,
        "median": 7.3547873497,
        "min": 4.63958454132,
        "stdev": 0.629453420639,
        "var": 0.396211624146
    },
    "spectral_flux": {
        "dmean": 0.044915754348,
        "dmean2": 0.0693112313747,
        "dvar": 0.00213407818228,
        "dvar2": 0.00439351983368,
        "max": 0.392549604177,
        "mean": 0.130914986134,
        "median": 0.113543741405,
        "min": 3.74628725694e-05,
        "stdev": 0.0722777023911,
        "var": 0.00522406632081
    },
    "spectral_kurtosis": {
        "dmean": 2.84269571304,
        "dmean2": 4.32197380066,
        "dvar": 15.35592556,
        "dvar2": 35.2989082336,
        "max": 61.6538467407,
        "mean": 6.43940496445,
        "median": 4.84206676483,
        "min": -1.41521811485,
        "stdev": 5.69326972961,
        "var": 32.4133224487
    },
    "spectral_rms": {
        "dmean": 0.00125777523499,
        "dmean2": 0.00193934491836,
        "dvar": 1.61751268024e-06,
        "dvar2": 3.68241444448e-06,
        "max": 0.0134032294154,
        "mean": 0.00725869322196,
        "median": 0.00713083567098,
        "min": 1.17014349144e-06,
        "stdev": 0.00269952649251,
        "var": 7.28744362277e-06
    },
    "spectral_rolloff": {
        "dmean": 913.11328125,
        "dmean2": 1609.13745117,
        "dvar": 4905877.5,
        "dvar2": 12574069,
        "max": 15676.171875,
        "mean": 1409.56640625,
        "median": 753.662109375,
        "min": 43.06640625,
        "stdev": 2319.31640625,
        "var": 5379229
    },
    "spectral_skewness": {
        "dmean": 0.415501356125,
        "dmean2": 0.605306148529,
        "dvar": 0.19138070941,
        "dvar2": 0.40423053503,
        "max": 6.92217826843,
        "mean": 1.94071900845,
        "median": 1.83101463318,
        "min": -0.129372239113,
        "stdev": 0.777899742126,
        "var": 0.60512804985
    },
    "spectral_spread": {
        "dmean": 1238301.375,
        "dmean2": 1779791.125,
        "dvar": 2.8434628608e+12,
        "dvar2": 5.49390123008e+12,
        "max": 32026490,
        "mean": 5234909.5,
        "median": 4621448,
        "min": 1425281.25,
        "stdev": 2692371,
        "var": 7.24886198682e+12
    },
    "spectral_strongpeak": {
        "dmean": 0.64748442173,
        "dmean2": 1.05949366093,
        "dvar": 2.78135204315,
        "dvar2": 6.76806735992,
        "max": 41.1001853943,
        "mean": 1.09296023846,
        "median": 0.542169570923,
        "min": 0,
        "stdev": 1.79465842247,
        "var": 3.22079896927
    },
    "zerocrossingrate": {
        "dmean": 0.0177232492715,
        "dmean2": 0.0211496502161,
        "dvar": 0.000615234486759,
        "dvar2": 0.00075798353646,
        "max": 0.45263671875,
        "mean": 0.0544054061174,
        "median": 0.0419921875,
        "min": 0.00146484375,
        "stdev": 0.052105024457,
        "var": 0.00271493359469
    },
    "barkbands": {
        "dmean": [0.00321490317583, 0.0098775178194, 0.00643889093772, 0.00246149557643, 0.00314046652056, 0.00192328949925, 0.00106498971581, 0.00155189202633, 0.0019943350926, 0.000763420830481, 0.000778800284024, 0.000800469366368, 0.000642990344204, 0.000557822000701, 0.000467150937766, 0.000481974973809, 0.000299510953482, 0.000298097525956, 0.000171953055542, 0.000168285754626, 0.000181131312274, 0.000183800424566, 0.000175756606041, 0.000214715561015, 0.00030931000947, 0.000381753750844, 0.00012107706425],
        "dmean2": [0.00522285560146, 0.0147029850632, 0.0113611444831, 0.00438406830654, 0.00549059780315, 0.00316331302747, 0.00168963253964, 0.00227790605277, 0.00291316467337, 0.0011420409428, 0.00118061690591, 0.00119554344565, 0.000947365362663, 0.000881945423316, 0.000724804704078, 0.000816505984403, 0.000499613466673, 0.00050294410903, 0.000280048901914, 0.00028034686693, 0.000303904031171, 0.00030607660301, 0.000280361971818, 0.000337831617799, 0.000460230599856, 0.00068172486499, 0.000225348820095],
        "dvar": [2.51182282227e-05, 0.000245649047429, 0.000324522901792, 3.707380165e-05, 4.46798730991e-05, 9.37258118938e-06, 3.24733719026e-06, 7.80357095209e-06, 2.0861170924e-05, 3.18040747516e-06, 2.54859787674e-06, 4.31595071859e-06, 2.92954428005e-06, 1.72051250047e-06, 8.28679787901e-07, 1.59281353262e-06, 2.20493433289e-07, 2.62561911768e-07, 6.75337972211e-08, 1.09035092066e-07, 1.19141418509e-07, 1.18672289773e-07, 1.18036709296e-07, 2.4364473461e-07, 9.31669092097e-07, 1.0694360526e-06, 1.61232932783e-07],
        "dvar2": [7.03821642674e-05, 0.000565245922189, 0.000870391551871, 0.000101293626358, 0.000127072096802, 2.16012667806e-05, 7.50016351958e-06, 1.48199424075e-05, 4.04876627726e-05, 5.81160838919e-06, 5.40260316484e-06, 8.11167592474e-06, 5.40038990948e-06, 4.07885545428e-06, 1.98674615604e-06, 4.43003227701e-06, 5.61808406019e-07, 7.15726969247e-07, 1.81201315286e-07, 2.65696371571e-07, 3.10150767291e-07, 3.06385317117e-07, 2.70049753226e-07, 4.97310338687e-07, 1.65502228811e-06, 2.94487585961e-06, 4.5553068162e-07],
        "max": [0.0644325837493, 0.13446547091, 0.123788677156, 0.0396670810878, 0.0528058409691, 0.0306531060487, 0.0201611910015, 0.0482738390565, 0.0632461234927, 0.0411829315126, 0.0224529113621, 0.0412663258612, 0.0333793945611, 0.0213404316455, 0.0124313626438, 0.0226955339313, 0.00497590471059, 0.0041352044791, 0.00262974295765, 0.00430394243449, 0.00268468772992, 0.003869820619, 0.00600313581526, 0.00864480156451, 0.0234989281744, 0.00714543508366, 0.00396135868505],
        "mean": [0.00862506125122, 0.0229199100286, 0.00486955232918, 0.00203133746982, 0.00366036198102, 0.00278709619306, 0.00177378114313, 0.00267423968762, 0.00323805795051, 0.00127477617934, 0.00107713567559, 0.0012482953025, 0.000990605563857, 0.000726064434275, 0.000609104463365, 0.000478326168377, 0.000338281970471, 0.000312819000101, 0.000212581187952, 0.000189642698388, 0.000163244592841, 0.000161302494234, 0.000174902030267, 0.000230817095144, 0.000371514586732, 0.000265362323262, 7.14536872692e-05],
        "median": [0.000973941234406, 0.0103695914149, 0.000345464679413, 0.000416837574448, 0.00193991977721, 0.00121175067034, 0.000610429153312, 0.00060180114815, 0.000555947015528, 0.000300159095787, 0.000241919580731, 0.000296574580716, 0.000300993910059, 0.00023517444788, 0.000228309785598, 9.17920770007e-05, 0.000140421150718, 0.000127279898152, 0.000110316534119, 7.45470606489e-05, 4.09657222917e-05, 2.62998055405e-05, 3.08619455609e-05, 4.32761553384e-05, 4.73373875138e-05, 1.33566463774e-05, 5.62686523153e-07],
        "min": [1.29729879617e-10, 1.69978947584e-10, 8.48743159088e-11, 6.28535695713e-11, 1.01269714836e-10, 7.31728982961e-11, 6.60224999671e-11, 6.82543882524e-11, 8.5602941402e-11, 3.26290383601e-11, 1.01866431956e-11, 5.11634788355e-12, 2.18483668657e-11, 2.81838077182e-11, 2.26589493696e-11, 1.5327118047e-11, 5.71436908209e-12, 1.49035575547e-11, 1.78500703801e-11, 1.1714855648e-11, 4.23116507109e-11, 2.16338440218e-11, 3.16617738971e-11, 2.64906967889e-11, 1.33391995366e-11, 3.95870558556e-11, 2.22487718353e-12],
        "stdev": [0.0140434587374, 0.0295357462019, 0.0147311035544, 0.00497159035876, 0.00576383154839, 0.00407660240307, 0.00306195928715, 0.00485046161339, 0.00673911627382, 0.00275869527832, 0.00217313389294, 0.00302241137251, 0.00261243758723, 0.00174217764288, 0.00112699484453, 0.00134004687425, 0.000516913132742, 0.000491988321301, 0.000274255289696, 0.000337722274708, 0.000320527673466, 0.000334288488375, 0.000397467141738, 0.000602584681474, 0.00148009893019, 0.000841943663545, 0.000305140507407],
        "var": [0.000197218731046, 0.000872360309586, 0.000217005421291, 2.47167099587e-05, 3.32217532559e-05, 1.66186873685e-05, 9.37559434533e-06, 2.35269799305e-05, 4.54156870546e-05, 7.61039927966e-06, 4.72251076644e-06, 9.13497115107e-06, 6.82483050696e-06, 3.03518277178e-06, 1.2701173091e-06, 1.79572566594e-06, 2.67199197879e-07, 2.42052493604e-07, 7.52159650119e-08, 1.1405632705e-07, 1.02737992336e-07, 1.11748796883e-07, 1.57980139193e-07, 3.63108284773e-07, 2.19069283958e-06, 7.08869151822e-07, 9.31107209112e-08]
    },
    "erbbands": {
        "dmean": [0.470669239759, 1.6996588707, 6.12577676773, 8.13650417328, 8.68608188629, 11.6739854813, 13.5504198074, 15.3245782852, 13.0535869598, 22.6396598816, 38.6795463562, 48.6866035461, 25.8760318756, 24.7752838135, 27.9692134857, 33.2473983765, 28.989408493, 24.4887161255, 23.5506038666, 26.918718338, 25.4296417236, 15.3828725815, 15.5181751251, 11.8896121979, 8.05062866211, 8.19309139252, 8.02350521088, 7.03100824356, 5.51097536087, 6.56522798538, 4.6159992218, 4.1358590126, 3.71799755096, 3.66790485382, 2.36198067665, 1.4039618969, 0.68423885107, 0.282549023628, 0.0120571153238, 0.000220818837988],
        "dmean2": [0.759533464909, 2.26885056496, 10.3913707733, 14.2579078674, 15.5301332474, 20.0400352478, 22.6558914185, 25.1352653503, 21.1619338989, 35.2439422607, 53.8261413574, 71.881729126, 37.5774726868, 37.0873184204, 41.0845756531, 48.8789215088, 42.6047554016, 38.3608932495, 35.9303131104, 43.9120635986, 42.3664665222, 25.7702960968, 26.0228691101, 19.7354621887, 13.2020254135, 13.6324491501, 13.427324295, 11.844994545, 9.09418582916, 10.9656457901, 7.34336328506, 6.52996253967, 5.95104503632, 5.40703344345, 3.55006337166, 2.43295812607, 1.23453569412, 0.521673858166, 0.0224518440664, 0.000400753924623],
        "dvar": [0.600960373878, 7.42460727692, 260.185943604, 432.895812988, 429.581573486, 553.414855957, 622.507324219, 704.295715332, 576.502197266, 1561.32385254, 4702.70507812, 14172.3232422, 4871.05712891, 1810.05725098, 2936.56689453, 8553.6171875, 6517.26220703, 2663.81225586, 3165.16845703, 2634.43066406, 5518.61669922, 598.506958008, 701.796264648, 353.854522705, 183.18800354, 262.585479736, 230.405380249, 182.439437866, 92.9710693359, 214.829284668, 80.549659729, 77.210609436, 92.8007278442, 163.650039673, 94.0783004761, 12.214761734, 3.57692050934, 0.778957605362, 0.00149445969146, 3.92378865399e-07],
        "dvar2": [1.60182821751, 14.3557529449, 674.393127441, 1158.82397461, 1194.27331543, 1543.98278809, 1605.4017334, 1632.99694824, 1365.44030762, 3553.56518555, 8351.24511719, 27436.2128906, 8246.17773438, 3489.41479492, 6401.96289062, 15708.8457031, 12470.5683594, 6247.51757812, 7265.23242188, 6200.29443359, 15637.5009766, 1548.29333496, 1906.31713867, 955.906005859, 488.620117188, 652.713867188, 584.18951416, 477.79119873, 237.618270874, 530.734985352, 177.145263672, 160.912246704, 194.650939941, 321.720367432, 150.775665283, 32.4315185547, 9.86553192139, 2.18456482887, 0.00422661006451, 1.10072051029e-06],
        "max": [7.5408654213, 23.4068641663, 112.813369751, 127.374549866, 151.14704895, 176.14352417, 274.376159668, 338.341064453, 297.431091309, 553.53338623, 1313.19458008, 1603.99389648, 1694.2722168, 663.227539062, 839.287536621, 2129.65405273, 1566.85437012, 1074.59570312, 956.001831055, 652.549804688, 1531.90820312, 252.310516357, 209.147354126, 172.638916016, 198.158081055, 209.635742188, 125.309555054, 91.3387145996, 121.672813416, 181.435897827, 170.037612915, 168.545059204, 164.205383301, 342.846069336, 317.070861816, 25.6965999603, 13.383644104, 7.11198759079, 0.32520416379, 0.00514273717999],
        "mean": [1.21849787235, 3.04916119576, 5.30001354218, 6.67969226837, 7.73715686798, 14.888010025, 18.4995594025, 21.9369182587, 19.4574928284, 40.9387893677, 70.2540130615, 80.6761550903, 42.7080764771, 43.5409736633, 47.3365020752, 55.4855575562, 46.9823684692, 37.1223182678, 32.409992218, 32.7583847046, 26.9438705444, 17.6202201843, 16.9408397675, 13.3980026245, 10.2294616699, 9.27241897583, 7.5450797081, 6.13541650772, 5.03769159317, 6.01955080032, 4.69781637192, 4.5711274147, 4.00396442413, 4.23768520355, 2.63131141663, 1.10794401169, 0.460538327694, 0.173472687602, 0.00717984419316, 0.000198656169232],
        "median": [0.313604265451, 1.00175487995, 1.08916306496, 1.37268078327, 2.38614249229, 7.98162221909, 8.93729305267, 8.43887042999, 8.17135906219, 13.4382715225, 21.774520874, 17.3211116791, 14.3549823761, 15.2532024384, 16.9281215668, 15.7177810669, 15.3682909012, 14.4248800278, 13.2455053329, 9.87574863434, 6.72591114044, 7.46517276764, 7.49500322342, 6.47438192368, 5.07942676544, 3.6705262661, 2.0873773098, 1.41087055206, 1.01301014423, 0.848169326782, 0.840836763382, 0.874663472176, 0.680932939053, 0.578168690205, 0.273060053587, 0.0773995220661, 0.0188851673156, 0.00360894389451, 0.000116822964628, 8.13472361187e-05],
        "min": [6.60733512348e-09, 3.27800044886e-08, 9.15229634302e-08, 1.71139930671e-07, 2.5669896786e-07, 3.49328615812e-07, 4.7036394335e-07, 6.36251854758e-07, 8.59018769006e-07, 1.17923491416e-06, 1.65164010468e-06, 1.95521647584e-06, 1.43443071465e-06, 6.78433423218e-07, 3.55796288432e-07, 2.36002421161e-07, 8.97367272046e-07, 1.50035998558e-06, 1.26317604554e-06, 1.11465749342e-06, 6.86613191192e-07, 3.56911129984e-07, 7.35868297852e-07, 8.9386946911e-07, 8.03528223514e-07, 5.39599284366e-07, 1.31073818466e-06, 1.73115665802e-06, 8.51923402934e-07, 5.65782613648e-07, 9.25510789784e-07, 6.84544943397e-07, 3.94072714016e-07, 1.48155237412e-07, 1.34948706432e-07, 2.10037342185e-07, 3.12459064844e-07, 1.95541403514e-07, 7.25501170251e-09, 2.77947803662e-10],
        "stdev": [1.56063270569, 4.6875128746, 13.9545240402, 17.1132583618, 16.8685302734, 22.5411338806, 27.7467021942, 34.3375968933, 30.6240940094, 75.0465927124, 125.299598694, 170.658508301, 96.6331481934, 82.7495269775, 82.0962600708, 131.083236694, 120.816802979, 77.4071426392, 70.1728820801, 63.1959342957, 79.2862854004, 26.0473632812, 25.6465091705, 18.6297988892, 14.053943634, 16.5791473389, 14.513428688, 12.3022546768, 9.6170835495, 15.1248035431, 10.6945734024, 11.1723194122, 11.3696842194, 17.6280250549, 13.7201004028, 3.16658401489, 1.51463651657, 0.679143667221, 0.0293960161507, 0.00049010902876],
        "var": [2.43557453156, 21.9727783203, 194.728744507, 292.863616943, 284.547302246, 508.102752686, 769.879455566, 1179.07043457, 937.835144043, 5631.99072266, 15699.9902344, 29124.3242188, 9337.96484375, 6847.484375, 6739.79589844, 17182.8144531, 14596.6992188, 5991.86621094, 4924.23339844, 3993.72631836, 6286.31494141, 678.465087891, 657.743469238, 347.069396973, 197.513336182, 274.868103027, 210.63961792, 151.345458984, 92.4882965088, 228.759674072, 114.373901367, 124.820716858, 129.269729614, 310.747283936, 188.241165161, 10.0272550583, 2.29412388802, 0.461236149073, 0.000864125730004, 2.40206844637e-07]
    },
    "gfcc": {
        "mean": [15.0148248672, 87.6715393066, -104.150764465, 12.2063112259, -54.1745414734, 15.8079528809, -37.5921325684, 17.0437412262, -23.638666153, 7.21604251862, -8.84193706512, 1.23135519028, -7.96981620789],
        "cov": [[4651.72753906, -1468.91784668, 263.257751465, 331.941131592, -125.091781616, 200.861984253, -233.22946167, 64.6632614136, -138.920837402, 87.435256958, -357.764434814, 56.5596199036, -217.455764771], [-1468.91784668, 2017.84326172, -118.101867676, 22.7205543518, 431.184356689, 142.961593628, 596.530761719, 165.962600708, 262.432678223, 4.99400663376, 409.473632812, -109.196968079, 164.114334106], [263.257751465, -118.101867676, 1367.54602051, 312.201629639, 176.2993927, 267.236877441, 153.806350708, 158.451919556, 80.7813415527, 115.667572021, -72.4573059082, 86.5863571167, -123.29801178], [331.941131592, 22.7205543518, 312.201629639, 962.287536621, 186.999908447, 71.124420166, 99.4651489258, -13.8064460754, 248.215454102, 51.8145484924, -37.8502998352, 93.8603210449, -6.63546800613], [-125.091781616, 431.184356689, 176.2993927, 186.999908447, 492.454681396, 158.23046875, 248.787155151, 121.746055603, 139.471511841, 82.6426010132, 85.1941299438, -13.653881073, 36.9308738708], [200.861984253, 142.961593628, 267.236877441, 71.124420166, 158.23046875, 378.636749268, 228.58821106, 156.76234436, 66.4853820801, 90.6835784912, 106.293792725, 7.93017196655, -20.8587436676], [-233.22946167, 596.530761719, 153.806350708, 99.4651489258, 248.787155151, 228.58821106, 551.698364258, 175.848144531, 164.232162476, 60.4693374634, 161.416946411, -15.3130550385, 7.01736783981], [64.6632614136, 165.962600708, 158.451919556, -13.8064460754, 121.746055603, 156.76234436, 175.848144531, 274.61428833, 84.5591049194, 94.8827667236, 95.6015777588, -5.49676465988, 46.0427055359], [-138.920837402, 262.432678223, 80.7813415527, 248.215454102, 139.471511841, 66.4853820801, 164.232162476, 84.5591049194, 287.848205566, 81.1992645264, 75.5253753662, 34.8752708435, 52.9290657043], [87.435256958, 4.99400663376, 115.667572021, 51.8145484924, 82.6426010132, 90.6835784912, 60.4693374634, 94.8827667236, 81.1992645264, 161.754776001, 60.7468261719, 12.0577316284, 16.046207428], [-357.764434814, 409.473632812, -72.4573059082, -37.8502998352, 85.1941299438, 106.293792725, 161.416946411, 95.6015777588, 75.5253753662, 60.7468261719, 252.954574585, 8.89001560211, 78.1454162598], [56.5596199036, -109.196968079, 86.5863571167, 93.8603210449, -13.653881073, 7.93017196655, -15.3130550385, -5.49676465988, 34.8752708435, 12.0577316284, 8.89001560211, 147.049514771, 16.1474571228], [-217.455764771, 164.114334106, -123.29801178, -6.63546800613, 36.9308738708, -20.8587436676, 7.01736783981, 46.0427055359, 52.9290657043, 16.046207428, 78.1454162598, 16.1474571228, 158.771560669]],
        "icov": [[0.000335327524226, 0.000201130053028, 0.00010213744099, -0.000154691530042, -8.21106550575e-06, -0.00025565494434, -3.7312540826e-06, -0.000252560625086, 0.000144373261719, -0.000113472247904, 0.000289218762191, -7.85879649357e-07, 0.000187021272723], [0.000201130053028, 0.00144838716369, -6.24270105618e-05, 1.20468366731e-05, -0.000622811901849, 0.00032413325971, -0.000854996382259, 0.000168965634657, -0.000493601430207, 0.00103094498627, -0.00154000765178, 0.00103664689232, -0.000380488665542], [0.00010213744099, -6.24270105618e-05, 0.00117879221216, -0.000281373970211, -0.000115493523481, -0.000616504752543, 5.69237708987e-05, -0.000675551535096, 0.000226162970648, -0.000495468790177, 0.00086654513143, -0.000758168287575, 0.000872621778399], [-0.000154691530042, 1.20468366731e-05, -0.000281373970211, 0.00174181070179, -0.000443711207481, -5.3130373999e-05, -3.91573706793e-07, 0.000820374989416, -0.00157926953398, 0.000244979077252, 0.000261206238065, -0.000537484651431, -8.38730629766e-05], [-8.21106550575e-06, -0.000622811901849, -0.000115493523481, -0.000443711207481, 0.00339721562341, -0.00062722718576, -0.000557130435482, -0.000185585493455, 1.34345336846e-05, -0.00111840863246, 0.000890998984687, 0.000279849511571, -0.000628321664408], [-0.00025565494434, 0.00032413325971, -0.000616504752543, -5.3130373999e-05, -0.00062722718576, 0.00528123416007, -0.00128533528186, -0.0010762126185, 0.000428197789006, -0.000448303821031, -0.00218846579082, 0.000176063695108, 0.00100424478296], [-3.7312540826e-06, -0.000854996382259, 5.69237708987e-05, -3.91573706793e-07, -0.000557130435482, -0.00128533528186, 0.00426413025707, -0.00130140699912, -0.00107923441101, 0.000728333019651, -0.000445891491836, -0.000206160490052, 0.00159910984803], [-0.000252560625086, 0.000168965634657, -0.000675551535096, 0.000820374989416, -0.000185585493455, -0.0010762126185, -0.00130140699912, 0.00707365991548, -0.000773016363382, -0.00180906744208, -0.000643110601231, 0.000904711254407, -0.00243785837665], [0.000144373261719, -0.000493601430207, 0.000226162970648, -0.00157926953398, 1.34345336846e-05, 0.000428197789006, -0.00107923441101, -0.000773016363382, 0.00694932183251, -0.00261858780868, 0.000550680211745, -0.00105925975367, -0.00107275310438], [-0.000113472247904, 0.00103094498627, -0.000495468790177, 0.000244979077252, -0.00111840863246, -0.000448303821031, 0.000728333019651, -0.00180906744208, -0.00261858780868, 0.0104519473389, -0.00300305872224, 0.000784323841799, 0.000313022435876], [0.000289218762191, -0.00154000765178, 0.00086654513143, 0.000261206238065, 0.000890998984687, -0.00218846579082, -0.000445891491836, -0.000643110601231, 0.000550680211745, -0.00300305872224, 0.00952975638211, -0.00204466190189, -0.00197931099683], [-7.85879649357e-07, 0.00103664689232, -0.000758168287575, -0.000537484651431, 0.000279849511571, 0.000176063695108, -0.000206160490052, 0.000904711254407, -0.00105925975367, 0.000784323841799, -0.00204466190189, 0.00887524988502, -0.00160147983115], [0.000187021272723, -0.000380488665542, 0.000872621778399, -8.38730629766e-05, -0.000628321664408, 0.00100424478296, 0.00159910984803, -0.00243785837665, -0.00107275310438, 0.000313022435876, -0.00197931099683, -0.00160147983115, 0.00999936740845]]
    },
    "melbands": {
        "dmean": [0.00345198996365, 0.0023724543862, 0.0013519525528, 0.000703281315509, 0.000475892011309, 0.00034590496216, 0.000203420247999, 0.000257384584984, 0.00034730398329, 0.000281219457975, 0.000127677398268, 0.000101890589576, 0.000111350520456, 8.96468191058e-05, 8.14832019387e-05, 5.4690601246e-05, 4.85193631903e-05, 4.38499555457e-05, 3.21913357766e-05, 3.51270609826e-05, 3.12231204589e-05, 1.64170469361e-05, 1.5518249711e-05, 1.46619095176e-05, 9.36915057537e-06, 6.42280701868e-06, 5.32184731128e-06, 5.68148561797e-06, 4.93055040351e-06, 4.77016783407e-06, 4.20932337875e-06, 3.349284043e-06, 3.28656847159e-06, 3.70918451154e-06, 2.69718566415e-06, 2.60592514678e-06, 2.58907334683e-06, 2.63348624685e-06, 2.93035554932e-06, 3.2608188576e-06],
        "dmean2": [0.00547442073002, 0.00363425700925, 0.00234594638459, 0.00123803713359, 0.000799741712399, 0.000566728122067, 0.000325683300616, 0.000398574629799, 0.000483809562866, 0.000418612093199, 0.000186670862604, 0.000152933323989, 0.000165128774825, 0.000133974201162, 0.000116976560093, 8.14369195723e-05, 7.78669200372e-05, 6.7227112595e-05, 5.13932318427e-05, 5.88699804212e-05, 5.19780842296e-05, 2.73790028587e-05, 2.62832654698e-05, 2.46925665124e-05, 1.57064696396e-05, 1.05929284473e-05, 8.70966323419e-06, 9.51936635829e-06, 8.22000401968e-06, 8.05830859463e-06, 7.13306144462e-06, 5.57258408662e-06, 5.51572748009e-06, 6.22257448413e-06, 4.31120452049e-06, 4.23836581831e-06, 4.0706895561e-06, 4.24144263889e-06, 4.53661277788e-06, 4.91007449455e-06],
        "dvar": [3.077798101e-05, 2.84874022327e-05, 1.07037385533e-05, 2.34472508964e-06, 7.54756683818e-07, 3.2908059211e-07, 1.27151736251e-07, 1.91555415086e-07, 3.54345928599e-07, 4.79859352254e-07, 1.24063902263e-07, 3.34707834782e-08, 5.25639904936e-08, 6.11752142277e-08, 3.74833639682e-08, 1.80996071464e-08, 1.08279909483e-08, 1.36168916143e-08, 3.65797547808e-09, 5.42189004804e-09, 8.7939842075e-09, 6.93591573064e-10, 8.61123172768e-10, 5.66135305302e-10, 2.29108870764e-10, 1.05366194936e-10, 1.1514796755e-10, 1.40042547003e-10, 9.40559366502e-11, 8.80855527408e-11, 6.5515835812e-11, 3.44471742797e-11, 5.31255144043e-11, 6.97786550763e-11, 2.86231368468e-11, 2.80441642131e-11, 3.40298345058e-11, 4.22901991204e-11, 9.88678861003e-11, 1.44386919088e-10],
        "dvar2": [7.81204362283e-05, 7.04467602191e-05, 2.7468375265e-05, 6.68229995426e-06, 2.01999364435e-06, 7.54271354708e-07, 2.98954915934e-07, 4.43547975237e-07, 6.86037367359e-07, 9.27017481445e-07, 2.09753494573e-07, 6.24793443649e-08, 1.11529352864e-07, 1.18390595105e-07, 6.55509992953e-08, 3.88512830796e-08, 2.61761936571e-08, 3.07914120867e-08, 8.51143244773e-09, 1.38346418765e-08, 2.44992826026e-08, 1.80466874777e-09, 2.29519292461e-09, 1.50230616836e-09, 6.14888584494e-10, 2.78666506537e-10, 3.09272413235e-10, 3.42919276308e-10, 2.36470620862e-10, 2.29562369114e-10, 1.72446779079e-10, 8.83775622129e-11, 1.36202438217e-10, 1.70846142789e-10, 6.43591846483e-11, 6.54949844359e-11, 7.00528662856e-11, 8.97861715532e-11, 2.22432947061e-10, 2.75192757471e-10],
        "max": [0.0471925400198, 0.0411331392825, 0.0202509909868, 0.0119196176529, 0.0079559488222, 0.00652737077326, 0.00458816252649, 0.00553874950856, 0.00958405062556, 0.00884217023849, 0.00828566774726, 0.00291192671284, 0.0036037848331, 0.00440074456856, 0.00336234131828, 0.0018468038179, 0.00180057028774, 0.00211622519419, 0.000843354384415, 0.00112050701864, 0.00175330159254, 0.000243137852522, 0.000363745784853, 0.000184182048542, 0.000148217106471, 0.000112405607069, 0.000157760441652, 0.000175065913936, 0.000113198024337, 8.41305954964e-05, 5.91343487031e-05, 5.59601539862e-05, 0.000101865894976, 0.000116023351438, 0.000104206548713, 8.75702462508e-05, 0.000105225466541, 0.000110986351501, 0.000186661767657, 0.000308794609737],
        "mean": [0.00882509816438, 0.00297929812223, 0.00118762918282, 0.000781911134254, 0.000678114185575, 0.000502387294546, 0.000313966331305, 0.000454317749245, 0.000608500267845, 0.000463859061711, 0.000200071313884, 0.000172413332621, 0.000164527533343, 0.000146701131598, 0.000127338789753, 8.40917273308e-05, 6.74518814776e-05, 5.52572673769e-05, 4.02183068218e-05, 3.86736319342e-05, 3.0823994166e-05, 1.80849874596e-05, 1.63095446624e-05, 1.58027887665e-05, 1.00638044387e-05, 7.90375725046e-06, 6.43928115096e-06, 6.07935453445e-06, 4.61478566649e-06, 4.17592082158e-06, 3.54939106728e-06, 2.96202506433e-06, 2.91724199997e-06, 3.41050372299e-06, 2.65289872914e-06, 2.71603835245e-06, 2.81441998595e-06, 2.70601367447e-06, 3.06914807879e-06, 3.71327450921e-06],
        "median": [0.00309022027068, 0.000971330679022, 0.000281355052721, 0.000409611617215, 0.000373396382201, 0.000201526636374, 0.000123998586787, 0.000157381189638, 0.000157177943038, 8.40485299705e-05, 4.96298453072e-05, 4.63918404421e-05, 4.69219557999e-05, 3.61302809324e-05, 3.59532241418e-05, 2.86922750092e-05, 2.34583640122e-05, 1.77725814865e-05, 1.43339193528e-05, 8.05287800176e-06, 6.63881746732e-06, 7.13493409421e-06, 6.2329309003e-06, 6.36056256553e-06, 4.3818145059e-06, 3.68057385458e-06, 2.93906941806e-06, 2.01943339562e-06, 1.23284064557e-06, 9.90033640846e-07, 6.95690062003e-07, 5.58195893063e-07, 4.15738639958e-07, 4.6709070034e-07, 4.36929809666e-07, 5.16903355674e-07, 4.9430150284e-07, 4.79253287722e-07, 4.28749302728e-07, 4.92683057018e-07],
        "min": [5.93263702053e-11, 4.6369671991e-11, 3.18919127218e-11, 2.16678845005e-11, 1.65519525169e-11, 1.43306148198e-11, 1.33194696592e-11, 1.32873234984e-11, 1.38696476179e-11, 1.21695683045e-11, 6.93926643577e-12, 2.80615266267e-12, 1.30161593309e-12, 6.3873266485e-13, 8.78916731062e-13, 2.62349820687e-12, 2.77462514769e-12, 2.03895299082e-12, 1.68398183852e-12, 1.29116801886e-12, 6.842273601e-13, 3.47845152205e-13, 4.4677906123e-13, 7.70708854809e-13, 7.13341007357e-13, 7.02062431628e-13, 3.99640634171e-13, 3.33055523265e-13, 6.35839796613e-13, 1.24814969558e-12, 9.08080522669e-13, 5.77567670339e-13, 2.2105766924e-13, 3.54201314546e-13, 5.48230840065e-13, 5.00700284185e-13, 4.1450968092e-13, 3.16926579381e-13, 1.27246534165e-13, 1.17090378734e-13],
        "stdev": [0.0108847357333, 0.00550306448713, 0.00280419713818, 0.00128670129925, 0.000916808203328, 0.000765072414652, 0.00047979017836, 0.000760237802751, 0.00101864989847, 0.000993591849692, 0.000481182069052, 0.000361740851076, 0.000318718433846, 0.000361042679287, 0.000288826966425, 0.000194207954337, 0.000146171165397, 0.000140218311572, 7.3817653174e-05, 8.38409687276e-05, 9.9063210655e-05, 2.79647283605e-05, 2.85087007796e-05, 2.46386043727e-05, 1.49260677063e-05, 1.09188003989e-05, 1.06438355942e-05, 1.20247505038e-05, 9.3393618954e-06, 8.62625256559e-06, 7.29959128876e-06, 5.66103744859e-06, 7.22357572158e-06, 8.69499581313e-06, 6.20797254669e-06, 6.10339429841e-06, 7.40394489185e-06, 7.49386299503e-06, 1.14905606097e-05, 1.63591048477e-05],
        "var": [0.000118477473734, 3.02837197523e-05, 7.86352120485e-06, 1.6556001583e-06, 8.40537268232e-07, 5.85335840242e-07, 2.3019860862e-07, 5.77961543513e-07, 1.03764762116e-06, 9.8722466646e-07, 2.31536191109e-07, 1.30856449232e-07, 1.0158144903e-07, 1.3035180757e-07, 8.3421021202e-08, 3.77167310717e-08, 2.13660111825e-08, 1.96611740222e-08, 5.44904610322e-09, 7.0293078025e-09, 9.81351977458e-09, 7.82025999513e-10, 8.12746037138e-10, 6.07060790525e-10, 2.22787510662e-10, 1.19220203154e-10, 1.13291230563e-10, 1.44594627938e-10, 8.72236796678e-11, 7.44122263807e-11, 5.32840334355e-11, 3.20473474147e-11, 5.21800450071e-11, 7.56029475135e-11, 3.85389255231e-11, 3.72514241676e-11, 5.48183998195e-11, 5.61579845126e-11, 1.3203298177e-10, 2.67620314798e-10]
    },
    "melbands128": {
