{
"lowlevel": {
    "average_loudness": 0.872506082058,
    "barkbands_crest": {
        "dmean": 2.74551296234,
        "dmean2": 4.19475030899,
        "dvar": 8.12346744537,
        "dvar2": 17.5271854401,
        "max": 25.7710819244,
        "mean": 14.3367881775,
        "median": 13.7345705032,
        "min": 3.2275223732,
        "stdev": 5.40498542786,
        "var": 29.2138671875
    },
    "barkbands_flatness_db": {
        "dmean": 0.0346530601382,
        "dmean2": 0.04889523983,
        "dvar": 0.00124115799554,
        "dvar2": 0.00224807695486,
        "max": 0.520404458046,
        "mean": 0.205192238092,
        "median": 0.1955037117,
        "min": 0.0432344451547,
        "stdev": 0.0740736350417,
        "var": 0.00548690324649
    },
    "barkbands_kurtosis": {
        "dmean": 8.81871414185,
        "dmean2": 13.9476146698,
        "dvar": 206.591842651,
        "dvar2": 479.2293396,
        "max": 175.852584839,
        "mean": 13.0052537918,
        "median": 5.17356109619,
        "min": -1.77329158783,
        "stdev": 19.9777965546,
        "var": 399.112365723
    },
    "barkbands_skewness": {
        "dmean": 0.955311119556,
        "dmean2": 1.46096539497,
        "dvar": 1.14263379574,
        "dvar2": 2.25130152702,
        "max": 12.2369623184,
        "mean": 2.49574375153,
        "median": 2.00168395042,
        "min": -3.28794622421,
        "stdev": 1.93692076206,
        "var": 3.75166225433
    },
    "barkbands_spread": {
        "dmean": 7.42157554626,
        "dmean2": 11.8103752136,
        "dvar": 101.307121277,
        "dvar2": 233.671279907,
        "max": 93.3702468872,
        "mean": 16.7892017365,
        "median": 12.8355035782,
        "min": 0.503439188004,
        "stdev": 15.2588129044,
        "var": 232.831375122
    },
    "dissonance": {
        "dmean": 0.0373450964689,
        "dmean2": 0.0612866617739,
        "dvar": 0.00145162921399,
        "dvar2": 0.00368961971253,
        "max": 0.500000059605,
        "mean": 0.429458737373,
        "median": 0.442310571671,
        "min": 0.0664257854223,
        "stdev": 0.0557527579367,
        "var": 0.00310837011784
    },
    "dynamic_complexity": 2.53389692307,
    "erbbands_crest": {
        "dmean": 3.49384284019,
        "dmean2": 5.71158456802,
        "dvar": 10.9075527191,
        "dvar2": 26.9307289124,
        "max": 31.7955360413,
        "mean": 11.1888189316,
        "median": 9.91649150848,
        "min": 2.87944841385,
        "stdev": 5.13157892227,
        "var": 26.3331031799
    },
    "erbbands_flatness_db": {
        "dmean": 0.0266774594784,
        "dmean2": 0.0410824865103,
        "dvar": 0.000700989447068,
        "dvar2": 0.00155976403039,
        "max": 0.377651572227,
        "mean": 0.179124027491,
        "median": 0.173653438687,
        "min": 0.0580312982202,
        "stdev": 0.0503336824477,
        "var": 0.00253347959369
    },
    "erbbands_kurtosis": {
        "dmean": 2.52656698227,
        "dmean2": 3.90538835526,
        "dvar": 37.5729293823,
        "dvar2": 79.4811096191,
        "max": 141.679519653,
        "mean": 2.61356115341,
        "median": 0.82181596756,
        "min": -1.8489626646,
        "stdev": 8.15212440491,
        "var": 66.4571304321
    },
    "erbbands_skewness": {
        "dmean": 0.646239817142,
        "dmean2": 0.989240884781,
        "dvar": 0.428623765707,
        "dvar2": 0.987302541733,
        "max": 8.70843219757,
        "mean": 0.696966409683,
        "median": 0.683736205101,
        "min": -3.07462954521,
        "stdev": 1.19472229481,
        "var": 1.42736124992
    },
    "erbbands_spread": {
        "dmean": 11.9403057098,
        "dmean2": 18.6013469696,
        "dvar": 214.523239136,
        "dvar2": 497.857849121,
        "max": 156.98890686,
        "mean": 34.8969917297,
        "median": 29.6142177582,
        "min": 1.28724682331,
        "stdev": 22.836391449,
        "var": 521.500732422
    },
    "hfc": {
        "dmean": 10.3305892944,
        "dmean2": 15.4187192917,
        "dvar": 370.423156738,
        "dvar2": 794.259460449,
        "max": 226.154449463,
        "mean": 17.6798152924,
        "median": 11.8663520813,
        "min": 1.20847275846e-16,
        "stdev": 23.8663635254,
        "var": 569.60333252
    },
    "loudness_ebu128": {
        "integrated": -10.6623630524,
        "loudness_range": 4.87378120422,
        "momentary": {
            "dmean": 0.721241831779,
            "dmean2": 0.992435872555,
            "dvar": 0.447046935558,
            "dvar2": 0.757981479168,
            "max": -6.17200183868,
            "mean": -11.3829526901,
            "median": -10.9000148773,
            "min": -17.5451717377,
            "stdev": 2.60962295532,
            "var": 6.81013154984
        },
        "short_term": {
            "dmean": 0.122291438282,
            "dmean2": 0.140724435449,
            "dvar": 0.0145595641807,
            "dvar2": 0.0164882410318,
            "max": -8.27128219604,
            "mean": -11.1270751953,
            "median": -11.4551277161,
            "min": -15.0390472412,
            "stdev": 1.8396743536,
            "var": 3.38440155983
        }
    },
    "melbands_crest": {
        "dmean": 3.27132916451,
        "dmean2": 4.94733810425,
        "dvar": 12.4586906433,
        "dvar2": 26.5251235962,
        "max": 38.3489837646,
        "mean": 21.8739204407,
        "median": 21.2551231384,
        "min": 2.03006958961,
        "stdev": 8.57871341705,
        "var": 73.594329834
    },
    "melbands_flatness_db": {
        "dmean": 0.0403853431344,
        "dmean2": 0.0560073927045,
        "dvar": 0.00173227442428,
        "dvar2": 0.00295293959789,
        "max": 0.66297096014,
        "mean": 0.285082668066,
        "median": 0.276663780212,
        "min": 0.00420357985422,
        "stdev": 0.093731045723,
        "var": 0.00878550950438
    },
    "melbands_kurtosis": {
        "dmean": 16.734790802,
        "dmean2": 25.890794754,
        "dvar": 903.497070312,
        "dvar2": 1960.15722656,
        "max": 427.551971436,
        "mean": 28.7697219849,
        "median": 12.734459877,
        "min": -1.39027535915,
        "stdev": 44.0290107727,
        "var": 1938.55395508
    },
    "melbands_skewness": {
        "dmean": 1.20380151272,
        "dmean2": 1.77241420746,
        "dvar": 2.0189204216,
        "dvar2": 3.91115164757,
        "max": 18.108045578,
        "mean": 3.55174612999,
        "median": 2.83545064926,
        "min": -2.40891218185,
        "stdev": 2.71498012543,
        "var": 7.37111711502
    },
    "melbands_spread": {
        "dmean": 6.9290728569,
        "dmean2": 10.4612464905,
        "dvar": 130.828613281,
        "dvar2": 253.740905762,
        "max": 136.749679565,
        "mean": 16.0455284119,
        "median": 11.905796051,
        "min": 0.541910350323,
        "stdev": 16.6436748505,
        "var": 277.011932373
    },
    "pitch_salience": {
        "dmean": 0.0790600925684,
        "dmean2": 0.120285578072,
        "dvar": 0.00768848182634,
        "dvar2": 0.0168185103685,
        "max": 0.863016664982,
        "mean": 0.407644569874,
        "median": 0.404105961323,
        "min": 0.0748323947191,
        "stdev": 0.172177225351,
        "var": 0.0296449977905
    },
    "silence_rate_20dB": {
        "dmean": 0,
        "dmean2": 0,
        "dvar": 0,
        "dvar2": 0,
        "max": 1,
        "mean": 1,
        "median": 1,
        "min": 1,
        "stdev": 0,
        "var": 0
    },
    "silence_rate_30dB": {
        "dmean": 0.0325077399611,
        "dmean2": 0.0650658383965,
        "dvar": 0.031450919807,
        "dvar2": 0.0654804632068,
        "max": 1,
        "mean": 0.947409152985,
        "median": 1,
        "min": 0,
        "stdev": 0.223215207458,
        "var": 0.049825027585
    },
    "silence_rate_60dB": {
        "dmean": 0.0325077399611,
        "dmean2": 0.0642912462354,
        "dvar": 0.0314509160817,
        "dvar2": 0.0648059844971,
        "max": 1,
        "mean": 0.047950502485,
        "median": 0,
        "min": 0,
        "stdev": 0.213661938906,
        "var": 0.0456514246762
    },
    "spectral_centroid": {
        "dmean": 393.932952881,
        "dmean2": 623.221130371,
        "dvar": 337711.5,
        "dvar2": 743135.1875,
        "max": 10578.6484375,
        "mean": 1253.57836914,
        "median": 1022.80267334,
        "min": 142.391311646,
        "stdev": 861.43927002,
        "var": 742077.625
    },
    "spectral_complexity": {
        "dmean": 3.47058820724,
        "dmean2": 4.95817184448,
        "dvar": 17.465845108,
        "dvar2": 28.6473960876,
        "max": 57,
        "mean": 12.296210289,
        "median": 11,
        "min": 0,
        "stdev": 7.7064909935,
        "var": 59.390007019
    },
    "spectral_decrease": {
        "dmean": 3.35394889639e-09,
        "dmean2": 4.97840524361e-09,
        "dvar": 7.18032674889e-17,
        "dvar2": 1.35816836183e-16,
        "max": 4.57319769015e-29,
        "mean": -1.10446718438e-08,
        "median": -8.39564595623e-09,
        "min": -8.88332394311e-08,
        "stdev": 1.23464642954e-08,
        "var": 1.52435185857e-16
    },
    "spectral_energy": {
        "dmean": 0.0134356291965,
        "dmean2": 0.0198735035956,
        "dvar": 0.00106209458318,
        "dvar2": 0.00201240601018,
        "max": 0.341517269611,
        "mean": 0.0432887300849,
        "median": 0.0332833454013,
        "min": 1.07885968433e-20,
        "stdev": 0.0475941635668,
        "var": 0.00226520444266
    },
    "spectral_energyband_high": {
        "dmean": 0.000909685273655,
        "dmean2": 0.00152939138934,
        "dvar": 6.08810250924e-06,
        "dvar2": 1.52988213813e-05,
        "max": 0.0282418429852,
        "mean": 0.000907007895876,
        "median": 0.00017447306891,
        "min": 8.12485958997e-21,
        "stdev": 0.00242651090957,
        "var": 5.88795546719e-06
    },
    "spectral_energyband_low": {
        "dmean": 0.00807631667703,
        "dmean2": 0.0118197808042,
        "dvar": 0.000829977507237,
        "dvar2": 0.00159665814135,
        "max": 0.32110247016,
        "mean": 0.0296370908618,
        "median": 0.0177918486297,
        "min": 7.34825700262e-23,
        "stdev": 0.0417135953903,
        "var": 0.00174002395943
    },
    "spectral_energyband_middle_high": {
        "dmean": 0.00211322470568,
        "dmean2": 0.00307326205075,
        "dvar": 1.39947997013e-05,
        "dvar2": 2.44978928094e-05,
        "max": 0.0410238169134,
        "mean": 0.00365139869973,
        "median": 0.0017232404789,
        "min": 1.52335932287e-21,
        "stdev": 0.00535210501403,
        "var": 2.86450303975e-05
    },
    "spectral_energyband_middle_low": {
        "dmean": 0.00747053837404,
        "dmean2": 0.0127857066691,
        "dvar": 0.000443578930572,
        "dvar2": 0.00125868094619,
        "max": 0.186149150133,
        "mean": 0.00979999359697,
        "median": 0.00540124578401,
        "min": 2.64673940863e-22,
        "stdev": 0.0171835739166,
        "var": 0.000295275181998
    },
    "spectral_entropy": {
        "dmean": 0.300646305084,
        "dmean2": 0.441126793623,
        "dvar": 0.0838605463505,
        "dvar2": 0.177450597286,
        "max": 9.79751110077,
        "mean": 7.24775028229,
        "median": 7.28631353378,
        "min": 4.648188591,
        "stdev": 0.634811639786,
        "var": 0.402985781431
    },
    "spectral_flux": {
        "dmean": 0.0380640663207,
        "dmean2": 0.0578817389905,
        "dvar": 0.00372581952251,
        "dvar2": 0.00646896474063,
        "max": 0.646385908127,
        "mean": 0.0877879485488,
        "median": 0.0667905509472,
        "min": 1.03868171009e-10,
        "stdev": 0.0864993333817,
        "var": 0.00748213473707
    },
    "spectral_kurtosis": {
        "dmean": 3.02489256859,
        "dmean2": 4.72676086426,
        "dvar": 21.3547515869,
        "dvar2": 50.7412147522,
        "max": 74.6260528564,
        "mean": 6.39099788666,
        "median": 5.1024017334,
        "min": -1.18050849438,
        "stdev": 6.75423955917,
        "var": 45.6197509766
    },
    "spectral_rms": {
        "dmean": 0.000915818731301,
        "dmean2": 0.00132708263118,
        "dvar": 2.24532277571e-06,
        "dvar2": 4.03379317504e-06,
        "max": 0.0182534269989,
        "mean": 0.00577431544662,
        "median": 0.00569838192314,
        "min": 3.24429654149e-12,
        "stdev": 0.0029816518072,
        "var": 8.8902479547e-06
    },
    "spectral_rolloff": {
        "dmean": 456.313812256,
        "dmean2": 739.201965332,
        "dvar": 1133916.5,
        "dvar2": 2206182.75,
        "max": 18647.7539062,
        "mean": 945.431335449,
        "median": 602.9296875,
        "min": 43.06640625,
        "stdev": 1399.01843262,
        "var": 1957252.625
    },
    "spectral_skewness": {
        "dmean": 0.436357200146,
        "dmean2": 0.66161096096,
        "dvar": 0.203682020307,
        "dvar2": 0.459537386894,
        "max": 7.2779712677,
        "mean": 1.83171367645,
        "median": 1.77813696861,
        "min": -0.102631159127,
        "stdev": 0.898338913918,
        "var": 0.807012796402
    },
    "spectral_spread": {
        "dmean": 896963.9375,
        "dmean2": 1292906.375,
        "dvar": 1.38658408038e+12,
        "dvar2": 2.14470151373e+12,
        "max": 40069048,
        "mean": 4706375.5,
        "median": 4357284.5,
        "min": 1056815.375,
        "stdev": 2027690.125,
        "var": 4.11152731341e+12
    },
    "spectral_strongpeak": {
        "dmean": 0.342103123665,
        "dmean2": 0.568002402782,
        "dvar": 0.528746008873,
        "dvar2": 1.40516030788,
        "max": 13.0675344467,
        "mean": 0.685977935791,
        "median": 0.36571097374,
        "min": 0,
        "stdev": 0.787537515163,
        "var": 0.620215296745
    },
    "zerocrossingrate": {
        "dmean": 0.0108344014734,
        "dmean2": 0.012635932304,
        "dvar": 0.000371634465409,
        "dvar2": 0.000435811118223,
        "max": 0.51220703125,
        "mean": 0.0382275506854,
        "median": 0.02978515625,
        "min": 0.00048828125,
        "stdev": 0.0353566706181,
        "var": 0.00125009403564
    },
    "barkbands": {
        "dmean": [0.00102622865234, 0.00688379677013, 0.00378279527649, 0.00252619106323, 0.00117563083768, 0.00164389191195, 0.00165178324096, 0.000739678042009, 0.0011898908997, 0.00066207034979, 0.000471987586934, 0.000310719216941, 0.000207680364838, 0.000240153734921, 0.000161421863595, 0.000263576686848, 0.000269344542176, 0.000225172116188, 0.000167792051798, 0.000139261595905, 0.000419494666858, 0.000177790308953, 0.000167193808011, 8.37965853862e-05, 4.28073581134e-05, 2.15065265365e-05, 1.3370116676e-06],
        "dmean2": [0.0017260320019, 0.0108731510118, 0.00698218494654, 0.00482717948034, 0.00211816164665, 0.00263335253112, 0.00274295569398, 0.00118322030175, 0.00174975779373, 0.0010591353057, 0.000737934256904, 0.000481932191178, 0.000326798151946, 0.000350909889676, 0.00025268693571, 0.000383726321161, 0.000405921804486, 0.00032755927532, 0.000257381587289, 0.000210010621231, 0.000755689747166, 0.00029874133179, 0.000270661199465, 0.000136734975968, 6.7957524152e-05, 3.43039610016e-05, 2.26372344514e-06],
        "dvar": [1.02705298559e-05, 0.000796117936261, 0.000375599309336, 0.000189770304132, 2.80627155007e-05, 1.10796836452e-05, 1.09969078039e-05, 2.39122323364e-06, 5.08172934133e-06, 2.85339797301e-06, 1.72951808963e-06, 7.35073626856e-07, 2.85825990431e-07, 3.37122031624e-07, 2.01865660188e-07, 6.15709609519e-07, 5.61882359307e-07, 5.3143611467e-07, 3.7461089164e-07, 2.27768268246e-07, 3.38477866535e-06, 1.22963342619e-07, 1.89918438309e-07, 5.27542844964e-08, 1.18743646027e-08, 4.53517223775e-09, 3.40576455926e-11],
        "dvar2": [2.70118380286e-05, 0.00197714706883, 0.00107913441025, 0.000552581739612, 8.0027290096e-05, 2.52973750321e-05, 2.7596444852e-05, 5.55038923267e-06, 1.09823477032e-05, 6.6913739829e-06, 3.6774374621e-06, 1.66697918758e-06, 6.53946813145e-07, 7.15267844953e-07, 4.89836565976e-07, 1.21623270388e-06, 1.36313997245e-06, 8.92799675967e-07, 7.38478263429e-07, 4.06090492788e-07, 9.37430922932e-06, 3.20288563671e-07, 4.39873986124e-07, 1.18182313713e-07, 2.75712235265e-08, 1.14503597715e-08, 8.80954684201e-11],
        "max": [0.0450827777386, 0.301360428333, 0.207575947046, 0.123186796904, 0.0520378760993, 0.0317440927029, 0.0385533608496, 0.0165980830789, 0.0254170428962, 0.0244358535856, 0.0205971766263, 0.0103640696034, 0.00962039455771, 0.00864659249783, 0.00621718727052, 0.0107156895101, 0.00845000520349, 0.00964404176921, 0.00743948156014, 0.00663702888414, 0.0196042247117, 0.00543466908857, 0.0072656380944, 0.00435414817184, 0.00145074632019, 0.00116794975474, 0.000102078432974],
        "mean": [0.00425488874316, 0.0217117574066, 0.00305460486561, 0.00163016153965, 0.000958008924499, 0.00224717170931, 0.00205000769347, 0.000857418868691, 0.00188087066635, 0.000715814996511, 0.000639667443465, 0.000358216115274, 0.000256214523688, 0.000278575054836, 0.000204508556635, 0.000374948052922, 0.000318412232446, 0.000313793396344, 0.000192802719539, 0.000160300071002, 0.00030542165041, 0.000184177610208, 0.000178793474333, 9.23194020288e-05, 4.57237183582e-05, 2.30738241953e-05, 1.11975816708e-06],
        "median": [0.000165142671904, 0.0114920521155, 0.000397461582907, 0.000118234151159, 0.00018945831107, 0.000565990922041, 0.000752246938646, 0.000179465991096, 0.000341014529113, 0.000114226553706, 0.000101044002804, 6.51583977742e-05, 4.98648478242e-05, 3.87003929063e-05, 3.54319818143e-05, 3.94415765186e-05, 6.86304774717e-05, 4.61460986116e-05, 3.43364772561e-05, 2.66413335339e-05, 1.0277725778e-05, 3.04616005451e-05, 3.40190199495e-05, 1.30929729494e-05, 9.67209962255e-06, 5.9245940065e-06, 1.55773193455e-07],
        "min": [3.8574585135e-23, 9.77577338564e-24, 3.10279693734e-23, 2.009665439e-23, 2.94510742891e-23, 3.57920329086e-23, 3.80860151775e-23, 8.3229684884e-23, 4.04038462892e-23, 5.6243668395e-23, 4.14416685406e-23, 8.56294754883e-23, 7.84890662948e-23, 1.51927933427e-22, 2.15652761061e-22, 1.30257457355e-22, 1.6709115269e-22, 2.8272716783e-22, 2.00662737788e-22, 2.15552670389e-22, 4.62887574774e-22, 3.50796700542e-22, 6.78077066224e-22, 9.75764646644e-22, 1.13667985148e-21, 2.03346823765e-21, 2.56730992547e-21],
        "stdev": [0.00670999381691, 0.0326782688498, 0.0149526549503, 0.0101548815146, 0.00409829616547, 0.00440194969997, 0.00364038790576, 0.00184192915913, 0.00369419925846, 0.00190254929475, 0.00188263575546, 0.000986480154097, 0.000606492627412, 0.000701854121871, 0.000514102575835, 0.00100227049552, 0.000777706969529, 0.000940878351685, 0.000675925635733, 0.000568665214814, 0.00147657247726, 0.000374447845388, 0.000490883656312, 0.000283621629933, 0.000115670081868, 6.4942149038e-05, 5.02303282701e-06],
        "var": [4.50240186183e-05, 0.0010678692488, 0.000223581882892, 0.000103121623397, 1.67960297404e-05, 1.93771629711e-05, 1.3252424651e-05, 3.39270286531e-06, 1.36471080623e-05, 3.61969387086e-06, 3.54431722371e-06, 9.73143187366e-07, 3.67833337123e-07, 4.92599212976e-07, 2.64301462494e-07, 1.00454610674e-06, 6.0482813069e-07, 8.85252063654e-07, 4.56875454802e-07, 3.23380106693e-07, 2.18026639232e-06, 1.40211199096e-07, 2.40966784304e-07, 8.04412323419e-08, 1.33795685642e-08, 4.21748280743e-09, 2.52308590687e-11]
    },
    "erbbands": {
        "dmean": [0.222981214523, 1.57039999962, 3.5066049099, 7.77986621857, 5.36806106567, 3.70328116417, 3.94623613358, 17.1423873901, 25.8603210449, 17.3706016541, 18.3999786377, 26.5758094788, 21.5616340637, 19.391626358, 15.6149711609, 11.8680009842, 9.39144802094, 10.8613958359, 10.0255422592, 8.37263965607, 14.174949646, 16.7051906586, 11.2486152649, 10.6891708374, 8.7805480957, 7.23478603363, 20.5158252716, 10.9512939453, 5.867228508, 5.68402290344, 4.51945829391, 2.21869850159, 1.2876521349, 0.625078558922, 0.241641849279, 0.116393059492, 0.0350598283112, 0.00551537238061, 0.000153940534801, 1.94777494471e-05],
        "dmean2": [0.345767080784, 2.45995378494, 5.95354795456, 14.6208305359, 9.93336868286, 6.59361171722, 6.82658481598, 27.6044998169, 42.1376190186, 28.9819965363, 28.545173645, 40.0819816589, 32.8876266479, 28.8924770355, 24.3531894684, 18.1217536926, 14.4132814407, 15.8648347855, 15.1593151093, 12.6251001358, 20.1900177002, 24.7997531891, 16.6228351593, 16.1097793579, 13.7023429871, 10.6930437088, 36.6818275452, 19.4166412354, 9.75902175903, 9.43650341034, 7.34677410126, 3.60363960266, 2.10755300522, 1.00632226467, 0.37277379632, 0.186482295394, 0.0556220375001, 0.00909403432161, 0.000252536789048, 2.89064410026e-05],
        "dvar": [0.66425794363, 43.2376823425, 252.334915161, 1789.95544434, 663.757141113, 260.730194092, 161.843902588, 1236.32348633, 2697.00610352, 1360.59338379, 1165.3059082, 3051.16015625, 2151.0144043, 1875.86743164, 2149.91552734, 1136.15869141, 639.305847168, 586.668273926, 735.051635742, 413.318939209, 1926.08740234, 2515.42773438, 989.369018555, 1852.0390625, 1443.93444824, 741.859008789, 13601.65625, 553.294006348, 130.349884033, 149.249572754, 161.539077759, 42.8139953613, 11.0847873688, 2.72782754898, 0.33799341321, 0.107555635273, 0.0130050899461, 0.000479409471154, 4.05486588306e-07, 1.6853350937e-09],
        "dvar2": [1.5702432394, 106.586235046, 682.572021484, 5199.74658203, 1903.04296875, 734.325317383, 440.462188721, 2851.64111328, 6357.48876953, 3518.0402832, 2587.36645508, 6699.54785156, 4749.92675781, 4151.81005859, 4929.34033203, 2746.77392578, 1444.03991699, 1340.40112305, 1716.35339355, 951.809814453, 3812.42285156, 5978.11230469, 1667.67773438, 3724.6940918, 3373.15844727, 1312.06164551, 37474.7539062, 1567.03344727, 333.37121582, 375.473236084, 370.49307251, 93.7954483032, 25.5496520996, 6.38703346252, 0.773494839668, 0.264580607414, 0.0330975838006, 0.0012613509316, 1.07226537693e-06, 3.30435145912e-09],
        "max": [9.56944084167, 71.4619369507, 182.902328491, 380.170227051, 239.445739746, 163.278671265, 175.079360962, 363.624542236, 676.642822266, 428.007568359, 374.223937988, 748.559997559, 509.515655518, 616.928161621, 837.296875, 477.951263428, 523.015686035, 308.875213623, 367.762756348, 234.058547974, 676.563476562, 613.462341309, 393.287994385, 536.512878418, 466.089630127, 368.269500732, 1270.52416992, 178.016906738, 181.164749146, 179.935043335, 229.196563721, 122.885192871, 62.1328735352, 19.5605316162, 7.9279999733, 5.18802642822, 1.99352049828, 0.418608188629, 0.0123209459707, 0.000423845252953],
        "mean": [0.931202769279, 3.63718652725, 3.99155879021, 5.21126365662, 3.96297931671, 3.1901242733, 5.29941368103, 22.446231842, 32.7631225586, 21.9822654724, 24.6881446838, 37.0492744446, 32.0275650024, 29.0817890167, 18.3608551025, 13.821803093, 11.8529491425, 13.9085712433, 12.1868591309, 11.7925386429, 21.648607254, 20.4843921661, 16.2984905243, 13.8950567245, 9.21472167969, 8.01175117493, 14.7620401382, 8.73824214935, 6.22397470474, 6.05450630188, 4.90113925934, 2.47130584717, 1.35810792446, 0.631970643997, 0.267492175102, 0.125957399607, 0.0369492918253, 0.00543544348329, 0.00016441300977, 5.42790221516e-05],
        "median": [0.549319863319, 1.09130167961, 0.631671845913, 0.475820809603, 0.563491940498, 0.66769939661, 1.19342267513, 6.45814037323, 10.1087961197, 8.93791770935, 7.06605005264, 7.95491409302, 5.14428186417, 6.40986204147, 3.61889719963, 2.76833415031, 2.87447142601, 2.89470052719, 2.1179189682, 2.2171061039, 2.73949050903, 4.13156986237, 2.83791065216, 2.23499536514, 1.74429762363, 1.17390501499, 0.580763876438, 0.404885083437, 0.934233903885, 1.31468784809, 0.831632614136, 0.362832009792, 0.162721499801, 0.103252924979, 0.0622284188867, 0.0300473049283, 0.00952086411417, 0.00127132271882, 5.42577145097e-05, 4.18796698796e-05],
        "min": [5.51907738516e-22, 1.94332756325e-21, 1.95275903783e-20, 7.74978019577e-20, 4.31933650283e-20, 1.03316131591e-19, 1.38859093773e-19, 4.84995018294e-19, 6.23949367084e-19, 5.0053319251e-19, 2.19888388259e-18, 1.15025016625e-18, 1.43310850582e-18, 2.11363775059e-18, 1.37411791364e-18, 4.05002269003e-18, 4.69339425789e-18, 7.29940485746e-18, 5.61126364409e-18, 1.38348166022e-17, 8.9424196461e-18, 9.35401148402e-18, 1.51860136512e-17, 1.03370031455e-17, 1.06415313423e-17, 9.77390904246e-18, 1.34186760981e-17, 1.89497218343e-17, 1.19493808186e-17, 1.60598191262e-17, 2.13592145862e-17, 1.68449342959e-17, 1.76458254542e-17, 1.15093372763e-17, 9.01258441438e-18, 8.23193353846e-18, 3.77837533609e-18, 1.33384621193e-18, 3.64596424444e-19, 3.90281842955e-20],
        "stdev": [1.19889712334, 7.27134513855, 13.9282035828, 31.3770599365, 19.5453128815, 12.7013616562, 15.7894124985, 44.0317268372, 61.8918685913, 40.7195777893, 44.42162323, 71.79296875, 72.1782455444, 73.0814208984, 50.5953216553, 36.7220306396, 28.7356910706, 28.6458759308, 30.6584968567, 25.9293174744, 57.2784347534, 52.5994377136, 42.4355506897, 48.8409004211, 36.7321662903, 32.0364646912, 93.3887786865, 21.3154296875, 12.5561609268, 13.1640424728, 14.2560606003, 8.04150867462, 3.96032834053, 1.72290503979, 0.646098852158, 0.331572681665, 0.108509503305, 0.018991176039, 0.000545986054931, 5.80828454986e-05],
        "var": [1.43735420704, 52.8724632263, 193.994842529, 984.519836426, 382.019226074, 161.324584961, 249.305541992, 1938.79296875, 3830.60327148, 1658.08410645, 1973.28051758, 5154.22998047, 5209.69921875, 5340.89355469, 2559.88671875, 1348.50756836, 825.739929199, 820.586242676, 939.94342041, 672.329528809, 3280.8190918, 2766.70068359, 1800.77587891, 2385.43359375, 1349.2520752, 1026.33496094, 8721.46386719, 454.34753418, 157.657165527, 173.292022705, 203.23526001, 64.6658630371, 15.6842012405, 2.96840167046, 0.417443752289, 0.109940446913, 0.0117743127048, 0.000360664766049, 2.981007583e-07, 3.37361694136e-09]
    },
    "gfcc": {
        "mean": [-38.1969261169, 95.6564941406, -99.1698760986, 27.0020065308, -60.7341346741, 16.1956672668, -27.3728542328, 22.7231960297, -4.8039059639, 7.48082065582, -5.66606712341, 11.9770307541, -11.6022291183],
        "cov": [[7071.90039062, -1437.36779785, -624.653991699, 655.690856934, -209.643722534, 435.211791992, 12.7147378922, 469.852600098, 239.389923096, 440.229522705, -219.693405151, 231.704162598, 49.4308128357], [-1437.36779785, 2095.31933594, 688.869995117, -0.0701065436006, 634.657287598, 9.25907516479, 354.992706299, -1.98664402962, 111.587402344, -224.38772583, 268.73348999, -106.011909485, 21.5517520905], [-624.653991699, 688.869995117, 1500.4005127, 463.045227051, 79.7159118652, 184.152755737, 180.161590576, 36.7733039856, 17.9453220367, 26.9220714569, 128.815444946, 16.8952636719, -17.3613471985], [655.690856934, -0.0701065436006, 463.045227051, 973.500366211, 221.132492065, 174.471755981, 193.922058105, 106.721794128, 217.464706421, 160.384078979, 42.1926879883, -20.5656967163, 201.804367065], [-209.643722534, 634.657287598, 79.7159118652, 221.132492065, 689.42767334, 127.617126465, 76.5235900879, 87.0344161987, 139.764678955, -9.59641170502, 90.4701309204, -63.1882209778, 72.9667510986], [435.211791992, 9.25907516479, 184.152755737, 174.471755981, 127.617126465, 389.786956787, 153.0181427, 2.59805393219, 65.1997451782, 91.9596099854, 24.0114192963, 21.9415893555, 34.3966712952], [12.7147378922, 354.992706299, 180.161590576, 193.922058105, 76.5235900879, 153.0181427, 506.132446289, 131.231430054, 70.4354553223, -5.27863311768, 36.1977577209, 14.6921348572, 101.734230042], [469.852600098, -1.98664402962, 36.7733039856, 106.721794128, 87.0344161987, 2.59805393219, 131.231430054, 323.345794678, 128.100570679, 14.409910202, 16.7204303741, 42.9301567078, 51.2366065979], [239.389923096, 111.587402344, 17.9453220367, 217.464706421, 139.764678955, 65.1997451782, 70.4354553223, 128.100570679, 339.980926514, 71.5317306519, 47.8688545227, 8.58462047577, 98.7879180908], [440.229522705, -224.38772583, 26.9220714569, 160.384078979, -9.59641170502, 91.9596099854, -5.27863311768, 14.409910202, 71.5317306519, 216.217926025, 27.1093845367, 9.03983306885, 40.4312744141], [-219.693405151, 268.73348999, 128.815444946, 42.1926879883, 90.4701309204, 24.0114192963, 36.1977577209, 16.7204303741, 47.8688545227, 27.1093845367, 171.487548828, 16.736366272, 13.1460123062], [231.704162598, -106.011909485, 16.8952636719, -20.5656967163, -63.1882209778, 21.9415893555, 14.6921348572, 42.9301567078, 8.58462047577, 9.03983306885, 16.736366272, 143.464355469, 10.6555156708], [49.4308128357, 21.5517520905, -17.3613471985, 201.804367065, 72.9667510986, 34.3966712952, 101.734230042, 51.2366065979, 98.7879180908, 40.4312744141, 13.1460123062, 10.6555156708, 184.164428711]],
        "icov": [[0.000295155885397, -0.000182670613867, 0.00032966202707, -0.000404350401368, 0.000303391512716, -0.000467789563118, 0.000282137363683, -0.000596631434746, 0.00014538684627, -0.000435994472355, 0.000458585069282, -0.000418295239797, 0.00040281022666], [-0.000182670613867, 0.00216366467066, -0.00118268548977, 0.00117354502436, -0.00191370781977, 0.00133627734613, -0.00172139203642, 0.00155112904031, -0.00095848593628, 0.0016913380241, -0.00206949864514, 0.00108411826659, -0.000345775682945], [0.00032966202707, -0.00118268548977, 0.00181274395436, -0.00153709494043, 0.00130902393721, -0.00133116054349, 0.000916784047149, -0.00128399895038, 0.000795760715846, -0.000785768090282, 0.000617566227447, -0.00093205855228, 0.00124139292166], [-0.000404350401368, 0.00117354502436, -0.00153709494043, 0.00303172506392, -0.00153781624977, 0.00109187839553, -0.00124277244322, 0.00131652713753, -0.00106937740929, 0.000156512207468, -0.000841021654196, 0.0013441061601, -0.00224868534133], [0.000303391512716, -0.00191370781977, 0.00130902393721, -0.00153781624977, 0.00390679202974, -0.00227374141105, 0.00195565260947, -0.00219581392594, 0.000560749380384, -0.000601844803896, 0.00075516931247, 0.000153393106302, 0.000126951359562], [-0.000467789563118, 0.00133627734613, -0.00133116054349, 0.00109187839553, -0.00227374141105, 0.00526935467497, -0.00258423690684, 0.00258218613453, -0.0010366064962, -0.000428373925388, -0.000841634522658, -7.10279782652e-05, -1.26268769236e-05], [0.000282137363683, -0.00172139203642, 0.000916784047149, -0.00124277244322, 0.00195565260947, -0.00258423690684, 0.00448455708101, -0.00269617699087, 0.00111037353054, -0.000385189632652, 0.00120148982387, -0.000516809930559, -0.00101234484464], [-0.000596631434746, 0.00155112904031, -0.00128399895038, 0.00131652713753, -0.00219581392594, 0.00258218613453, -0.00269617699087, 0.00635564420372, -0.00224609533325, 0.00132911663968, -0.00132758473046, -0.000299043545965, -0.000451051746495], [0.00014538684627, -0.00095848593628, 0.000795760715846, -0.00106937740929, 0.000560749380384, -0.0010366064962, 0.00111037353054, -0.00224609533325, 0.00496827624738, -0.00140462256968, 0.000139140509418, -0.000373778602807, -0.00104206497781], [-0.000435994472355, 0.0016913380241, -0.000785768090282, 0.000156512207468, -0.000601844803896, -0.000428373925388, -0.000385189632652, 0.00132911663968, -0.00140462256968, 0.0083278324455, -0.00331893656403, 0.00153868366033, -0.00109195651021], [0.000458585069282, -0.00206949864514, 0.000617566227447, -0.000841021654196, 0.00075516931247, -0.000841634522658, 0.00120148982387, -0.00132758473046, 0.000139140509418, -0.00331893656403, 0.009691093117, -0.00271543953568, 0.000781860027928], [-0.000418295239797, 0.00108411826659, -0.00093205855228, 0.0013441061601, 0.000153393106302, -7.10279782652e-05, -0.000516809930559, -0.000299043545965, -0.000373778602807, 0.00153868366033, -0.00271543953568, 0.00934161245823, -0.00173809414264], [0.00040281022666, -0.000345775682945, 0.00124139292166, -0.00224868534133, 0.000126951359562, -1.26268769236e-05, -0.00101234484464, -0.000451051746495, -0.00104206497781, -0.00109195651021, 0.000781860027928, -0.00173809414264, 0.00942360982299]]
    },
    "melbands": {
        "dmean": [0.0019119704375, 0.00156888004858, 0.00122111884411, 0.000308996124659, 0.000134088681079, 0.000376874959329, 0.000384495564504, 0.000177337904461, 0.000162853393704, 0.000169563267264, 0.000110945802589, 8.19981651148e-05, 5.8141649788e-05, 3.690729136e-05, 2.64008358499e-05, 2.07132561627e-05, 2.13851108128e-05, 1.72845248017e-05, 1.30259340949e-05, 1.5965262719e-05, 1.67419602803e-05, 1.81654395419e-05, 1.18790267152e-05, 9.88948613667e-06, 9.09687696549e-06, 6.29007172392e-06, 5.76018237552e-06, 4.34989306086e-06, 1.34425199576e-05, 7.95049709268e-06, 6.17948035142e-06, 3.21905099554e-06, 3.42433963851e-06, 3.1475524338e-06, 2.79418873106e-06, 2.13971657104e-06, 1.10545170173e-06, 1.03167587895e-06, 6.11620293967e-07, 5.15044632721e-07],
        "dmean2": [0.00306400004774, 0.00236168969423, 0.00227795890532, 0.000560587330256, 0.000235180952586, 0.000606254907325, 0.000628646754194, 0.000296284299111, 0.00025002588518, 0.000253781239735, 0.00017053312331, 0.000125144331832, 9.19547965168e-05, 5.75694539293e-05, 4.11321125284e-05, 3.21693150909e-05, 3.19393693644e-05, 2.62999928964e-05, 1.99721744139e-05, 2.40425415541e-05, 2.39880628214e-05, 2.78156749118e-05, 1.80619972525e-05, 1.40986730912e-05, 1.38383411468e-05, 9.9626595329e-06, 8.74714078236e-06, 6.32790715827e-06, 2.3977318051e-05, 1.43870047395e-05, 1.08344747787e-05, 5.30824081579e-06, 5.76286629439e-06, 5.24810320712e-06, 4.52808444606e-06, 3.48327193933e-06, 1.8140967768e-06, 1.71733915977e-06, 9.83373979579e-07, 8.40882762532e-07],
        "dvar": [5.77887803956e-05, 3.81347635994e-05, 4.16190632677e-05, 1.96975656763e-06, 2.17197850816e-07, 5.66416417769e-07, 5.59201225769e-07, 1.44346941511e-07, 8.90314808544e-08, 1.33723844442e-07, 6.06473875564e-08, 3.61163756679e-08, 2.79944885051e-08, 1.10420153021e-08, 6.47935971543e-09, 2.82979462085e-09, 2.4741331206e-09, 2.61836641258e-09, 1.22418430948e-09, 2.36706254597e-09, 2.99952507277e-09, 2.82865109114e-09, 1.05092845537e-09, 9.46448697192e-10, 1.40129285953e-09, 5.94165605605e-10, 5.662701974e-10, 2.33113750525e-10, 6.22972695652e-09, 8.82509010314e-10, 1.53870693964e-10, 3.59860821697e-11, 6.22898815861e-11, 4.72498255799e-11, 5.75976280559e-11, 4.9466583607e-11, 1.11834829591e-11, 7.04133843246e-12, 2.45832629427e-12, 2.13635207615e-12],
        "dvar2": [0.000139837662573, 8.44196692924e-05, 0.000120251585031, 5.59136924494e-06, 6.04842284702e-07, 1.28593603677e-06, 1.3365677205e-06, 3.66638801097e-07, 1.96174738676e-07, 2.92064299856e-07, 1.3514952002e-07, 8.23932282401e-08, 6.07667374197e-08, 2.43168898351e-08, 1.50992232051e-08, 6.66915056513e-09, 5.58606094714e-09, 5.93675464344e-09, 2.80588530188e-09, 5.40579181418e-09, 5.90153481639e-09, 6.8606671455e-09, 2.11396722349e-09, 1.56153778796e-09, 2.96396884814e-09, 1.38663958094e-09, 1.13737375074e-09, 4.21993995303e-10, 1.70732405991e-08, 2.44461673127e-09, 4.47799908265e-10, 9.06595076788e-11, 1.63639213291e-10, 1.1830288138e-10, 1.33733024654e-10, 1.10645582974e-10, 2.50410126662e-11, 1.68013380986e-11, 5.52301477122e-12, 5.21859291891e-12],
        "max": [0.0828245803714, 0.0693625584245, 0.0558375045657, 0.0125617086887, 0.00505456048995, 0.00718904053792, 0.00920584239066, 0.00421839999035, 0.0036674211733, 0.0047720707953, 0.00259258341976, 0.00252637499943, 0.00239706365392, 0.00157379568554, 0.00159389828332, 0.00107756874058, 0.000634990690742, 0.000811298086774, 0.000643486855552, 0.000633319839835, 0.00083136826288, 0.000612978881691, 0.000410052103689, 0.000387469655834, 0.000470552331535, 0.000291225442197, 0.000311979325488, 0.000239013446844, 0.000847471877933, 0.000331863062456, 7.57040252211e-05, 7.72940547904e-05, 0.000150546431541, 9.84736980172e-05, 0.000124601458083, 0.000135878595756, 5.9855683503e-05, 4.19770112785e-05, 3.02531534544e-05, 1.71211886482e-05],
        "mean": [0.00729001872241, 0.00293149845675, 0.000846476410516, 0.000245964241913, 0.000164235738339, 0.000504690222442, 0.000493409810588, 0.000214938772842, 0.000219976122025, 0.000247456977377, 0.000159504270414, 0.000116776827781, 7.14011694072e-05, 4.22450757469e-05, 2.90315711027e-05, 2.65385278908e-05, 2.5585788535e-05, 1.96041328309e-05, 1.7285503418e-05, 2.0218656573e-05, 2.41197776631e-05, 2.11758961086e-05, 1.57124813995e-05, 1.38627647175e-05, 1.11632880362e-05, 6.70891222398e-06, 6.24646827418e-06, 4.62897287434e-06, 9.65168965195e-06, 5.89120600125e-06, 4.93787320011e-06, 3.3989053918e-06, 3.53786799678e-06, 3.29019371748e-06, 2.97815176964e-06, 2.19460662265e-06, 1.23958579934e-06, 1.03539446172e-06, 6.59821694171e-07, 4.88559862788e-07],
        "median": [0.00457675103098, 0.000619596394245, 8.74216639204e-05, 4.51164523838e-05, 3.654199827e-05, 0.000142845223309, 0.000176863060915, 7.43390555726e-05, 4.86131793878e-05, 4.29835927207e-05, 2.06811710086e-05, 2.15377149289e-05, 1.27209195853e-05, 7.65238655731e-06, 4.71630846732e-06, 5.79700918024e-06, 4.27621353083e-06, 2.61910531663e-06, 2.86323643195e-06, 2.40366080106e-06, 2.84354223368e-06, 3.97468375013e-06, 3.03317665384e-06, 1.92733386939e-06, 1.62019102845e-06, 1.19606772842e-06, 9.55226028054e-07, 5.09577205321e-07, 3.61046488706e-07, 2.18192624857e-07, 1.95393297986e-07, 3.87866521123e-07, 7.23178175122e-07, 7.04916089944e-07, 4.79392042507e-07, 3.1304557524e-07, 1.68535663647e-07, 9.97332776365e-08, 1.01325923652e-07, 7.50846496089e-08],
        "min": [6.15706212626e-24, 8.87865394295e-24, 1.15809679713e-23, 4.61422611163e-24, 6.00975181854e-24, 9.62182639112e-24, 8.81952250722e-24, 6.81849320187e-24, 1.76798953875e-23, 6.13114607337e-24, 6.89540556241e-24, 8.45757182466e-24, 4.36978691053e-24, 9.28200799012e-24, 8.6584426324e-24, 9.81311017228e-24, 1.44668806978e-23, 7.35849610162e-24, 1.94096590934e-23, 1.22492585869e-23, 1.05489399032e-23, 9.90167400839e-24, 8.83299467376e-24, 1.72268857018e-23, 6.80932506043e-24, 7.77642356516e-24, 8.18208345275e-24, 5.83258194227e-24, 7.88274860455e-24, 1.12064602008e-23, 1.07050594206e-23, 5.48202596106e-24, 8.7363221364e-24, 9.06814385441e-24, 1.29129367328e-23, 1.0708590362e-23, 1.03535114468e-23, 1.42566618883e-23, 8.11125399866e-24, 1.06365026748e-23],
        "stdev": [0.00967999268323, 0.0070362878032, 0.00482428492978, 0.00108604272828, 0.000490313919727, 0.000968186068349, 0.000871064548846, 0.000422673183493, 0.000403130950872, 0.000516369007528, 0.000375592033379, 0.000295452104183, 0.000196927518118, 0.000126047554659, 8.42157969601e-05, 6.10850402154e-05, 5.72607423237e-05, 5.7850691519e-05, 4.38151073467e-05, 5.52111960133e-05, 6.88618820277e-05, 5.44409522263e-05, 3.87489562854e-05, 4.12741210312e-05, 4.11339642596e-05, 2.38725078816e-05, 2.53654125117e-05, 1.81011746463e-05, 6.34564858046e-05, 2.41607758653e-05, 1.14476561066e-05, 6.79953973304e-06, 8.04476712801e-06, 7.38625885788e-06, 8.43927045935e-06, 7.89875048213e-06, 4.14632904722e-06, 3.09573761115e-06, 1.80035374342e-06, 1.42432259054e-06],
        "var": [9.3702255981e-05, 4.95093445352e-05, 2.32737256738e-05, 1.17948877687e-06, 2.40407729279e-07, 9.37384299959e-07, 7.58753458285e-07, 1.78652626914e-07, 1.62514552926e-07, 2.66636959623e-07, 1.41069378401e-07, 8.7291951445e-08, 3.87804490742e-08, 1.58879842616e-08, 7.09230096874e-09, 3.73138231424e-09, 3.27879279283e-09, 3.34670247071e-09, 1.91976368136e-09, 3.04827629805e-09, 4.74195926969e-09, 2.96381719167e-09, 1.50148149469e-09, 1.70355307638e-09, 1.69200309319e-09, 5.69896629887e-10, 6.4340410777e-10, 3.27652543985e-10, 4.02672517552e-09, 5.83743109406e-10, 1.31048838448e-10, 4.62337425289e-11, 6.47182793467e-11, 5.45568173971e-11, 7.12212788745e-11, 6.23902526864e-11, 1.71920463976e-11, 9.5835917327e-12, 3.24127378583e-12, 2.02869492039e-12]
    },
    "melbands128": {
