{
"lowlevel": {
    "average_loudness": 0.983255684376,
    "barkbands_crest": {
        "dmean": 2.79944491386,
        "dmean2": 4.29001283646,
        "dvar": 9.1468667984,
        "dvar2": 19.8956413269,
        "max": 26.213891983,
        "mean": 14.47498703,
        "median": 13.6541442871,
        "min": 3.72894692421,
        "stdev": 5.7264008522,
        "var": 32.7916641235
    },
    "barkbands_flatness_db": {
        "dmean": 0.0324342213571,
        "dmean2": 0.0451477058232,
        "dvar": 0.00118890334852,
        "dvar2": 0.00224156421609,
        "max": 0.53946596384,
        "mean": 0.207226321101,
        "median": 0.195992812514,
        "min": 0.0450540781021,
        "stdev": 0.0825566872954,
        "var": 0.00681560626253
    },
    "barkbands_kurtosis": {
        "dmean": 13.5767889023,
        "dmean2": 22.1576519012,
        "dvar": 1785.75854492,
        "dvar2": 4852.69091797,
        "max": 720.391662598,
        "mean": 22.4219512939,
        "median": 5.20963001251,
        "min": -1.54406583309,
        "stdev": 56.9643859863,
        "var": 3244.94116211
    },
    "barkbands_skewness": {
        "dmean": 1.04347729683,
        "dmean2": 1.5444009304,
        "dvar": 2.51703858376,
        "dvar2": 5.92119216919,
        "max": 24.8481445312,
        "mean": 2.84407901764,
        "median": 2.00171303749,
        "min": -1.59869098663,
        "stdev": 2.87307620049,
        "var": 8.2545671463
    },
    "barkbands_spread": {
        "dmean": 5.99658823013,
        "dmean2": 9.11425590515,
        "dvar": 79.9372634888,
        "dvar2": 187.189956665,
        "max": 78.2225646973,
        "mean": 14.108751297,
        "median": 10.4858016968,
        "min": 0.197414368391,
        "stdev": 12.3252830505,
        "var": 151.912612915
    },
    "dissonance": {
        "dmean": 0.0336703769863,
        "dmean2": 0.0536178313196,
        "dvar": 0.00124378618784,
        "dvar2": 0.00316691049375,
        "max": 0.498383402824,
        "mean": 0.425227105618,
        "median": 0.440270751715,
        "min": 0.161732703447,
        "stdev": 0.0543920770288,
        "var": 0.00295849796385
    },
    "dynamic_complexity": 3.19979023933,
    "erbbands_crest": {
        "dmean": 3.10695958138,
        "dmean2": 4.72422122955,
        "dvar": 9.81074619293,
        "dvar2": 20.7322597504,
        "max": 31.348651886,
        "mean": 12.395450592,
        "median": 10.9741029739,
        "min": 2.70044922829,
        "stdev": 6.17231082916,
        "var": 38.0974197388
    },
    "erbbands_flatness_db": {
        "dmean": 0.0275011118501,
        "dmean2": 0.0333585441113,
        "dvar": 0.000687886029482,
        "dvar2": 0.00107094866689,
        "max": 0.357753872871,
        "mean": 0.183856353164,
        "median": 0.183068215847,
        "min": 0.0456780791283,
        "stdev": 0.0628566592932,
        "var": 0.00395096000284
    },
    "erbbands_kurtosis": {
        "dmean": 2.24866437912,
        "dmean2": 3.27015185356,
        "dvar": 9.68836975098,
        "dvar2": 19.3059062958,
        "max": 50.1206283569,
        "mean": 3.6106030941,
        "median": 1.39016294479,
        "min": -1.80043184757,
        "stdev": 6.27001237869,
        "var": 39.3130569458
    },
    "erbbands_skewness": {
        "dmean": 0.576120615005,
        "dmean2": 0.851854741573,
        "dvar": 0.342809706926,
        "dvar2": 0.788397192955,
        "max": 4.83380270004,
        "mean": 0.799761533737,
        "median": 0.761550247669,
        "min": -2.58394408226,
        "stdev": 1.17283093929,
        "var": 1.3755325079
    },
    "erbbands_spread": {
        "dmean": 12.4127922058,
        "dmean2": 17.3183097839,
        "dvar": 277.710510254,
        "dvar2": 501.622589111,
        "max": 194.126724243,
        "mean": 36.0738487244,
        "median": 26.6127929688,
        "min": 1.85733830929,
        "stdev": 29.9135093689,
        "var": 894.818054199
    },
    "hfc": {
        "dmean": 10.4931659698,
        "dmean2": 14.7534828186,
        "dvar": 493.10144043,
        "dvar2": 1019.17321777,
        "max": 203.634674072,
        "mean": 20.4427452087,
        "median": 11.8341407776,
        "min": 1.23343945162e-16,
        "stdev": 26.5501899719,
        "var": 704.912597656
    },
    "loudness_ebu128": {
        "integrated": -10.4441614151,
        "loudness_range": 2.25307750702,
        "momentary": {
            "dmean": 0.807332277298,
            "dmean2": 1.06756663322,
            "dvar": 0.470367848873,
            "dvar2": 0.994378745556,
            "max": -6.97553443909,
            "mean": -10.7744512558,
            "median": -10.7141017914,
            "min": -15.4139556885,
            "stdev": 1.73400998116,
            "var": 3.00679063797
        },
        "short_term": {
            "dmean": 0.127328082919,
            "dmean2": 0.169857263565,
            "dvar": 0.00944592338055,
            "dvar2": 0.0185103453696,
            "max": -8.77339267731,
            "mean": -10.5073471069,
            "median": -10.533246994,
            "min": -12.083325386,
            "stdev": 0.727917611599,
            "var": 0.5298640728
        }
    },
    "melbands_crest": {
        "dmean": 3.26056218147,
        "dmean2": 4.87850999832,
        "dvar": 10.9555435181,
        "dvar2": 22.9260730743,
        "max": 34.7831382751,
        "mean": 17.424703598,
        "median": 17.6792602539,
        "min": 2.20739006996,
        "stdev": 5.91121482849,
        "var": 34.9424591064
    },
    "melbands_flatness_db": {
        "dmean": 0.0358148999512,
        "dmean2": 0.050228767097,
        "dvar": 0.00161705445498,
        "dvar2": 0.00303331413306,
        "max": 0.673185229301,
        "mean": 0.280978560448,
        "median": 0.265293776989,
        "min": 0.00780774699524,
        "stdev": 0.0999923944473,
        "var": 0.00999847892672
    },
    "melbands_kurtosis": {
        "dmean": 25.7770500183,
        "dmean2": 38.1873474121,
        "dvar": 5582.79541016,
        "dvar2": 10399.796875,
        "max": 1521.27966309,
        "mean": 41.6428260803,
        "median": 12.2811527252,
        "min": -1.42791199684,
        "stdev": 106.118408203,
        "var": 11261.1171875
    },
    "melbands_skewness": {
        "dmean": 1.29464614391,
        "dmean2": 1.79761719704,
        "dvar": 3.42796802521,
        "dvar2": 6.12599229813,
        "max": 30.5064678192,
        "mean": 3.59742093086,
        "median": 2.79786276817,
        "min": -1.74585545063,
        "stdev": 3.3300921917,
        "var": 11.0895147324
    },
    "melbands_spread": {
        "dmean": 4.81634712219,
        "dmean2": 7.2612528801,
        "dvar": 58.5772132874,
        "dvar2": 132.483444214,
        "max": 123.674873352,
        "mean": 12.8724851608,
        "median": 11.2269687653,
        "min": 0.344437122345,
        "stdev": 10.7352333069,
        "var": 115.245239258
    },
    "pitch_salience": {
        "dmean": 0.0784303918481,
        "dmean2": 0.122061163187,
        "dvar": 0.00705561414361,
        "dvar2": 0.0156992413104,
        "max": 0.850938558578,
        "mean": 0.454072803259,
        "median": 0.466079384089,
        "min": 0.0888615101576,
        "stdev": 0.160181298852,
        "var": 0.0256580486894
    },
    "silence_rate_20dB": {
        "dmean": 0,
        "dmean2": 0,
        "dvar": 0,
        "dvar2": 0,
        "max": 1,
        "mean": 1,
        "median": 1,
        "min": 1,
        "stdev": 0,
        "var": 0
    },
    "silence_rate_30dB": {
        "dmean": 0.0650154799223,
        "dmean2": 0.130131676793,
        "dvar": 0.0607881881297,
        "dvar2": 0.131789043546,
        "max": 1,
        "mean": 0.913379728794,
        "median": 1,
        "min": 0,
        "stdev": 0.281275749207,
        "var": 0.0791160389781
    },
    "silence_rate_60dB": {
        "dmean": 0.0595975220203,
        "dmean2": 0.119287371635,
        "dvar": 0.0560459978878,
        "dvar2": 0.120550759137,
        "max": 1,
        "mean": 0.103634960949,
        "median": 0,
        "min": 0,
        "stdev": 0.304787307978,
        "var": 0.0928952991962
    },
    "spectral_centroid": {
        "dmean": 228.574493408,
        "dmean2": 342.742614746,
        "dvar": 178402.78125,
        "dvar2": 336676.5625,
        "max": 10593.0234375,
        "mean": 895.411804199,
        "median": 760.849121094,
        "min": 103.866447449,
        "stdev": 581.575256348,
        "var": 338229.78125
    },
    "spectral_complexity": {
        "dmean": 3.63699698448,
        "dmean2": 5.17428350449,
        "dvar": 30.5392227173,
        "dvar2": 60.9664268494,
        "max": 52,
        "mean": 11.6272239685,
        "median": 9,
        "min": 0,
        "stdev": 7.94627094269,
        "var": 63.1432228088
    },
    "spectral_decrease": {
        "dmean": 4.57929960618e-09,
        "dmean2": 6.66732891119e-09,
        "dvar": 8.36607162814e-17,
        "dvar2": 1.60038166826e-16,
        "max": -8.38979380164e-29,
        "mean": -1.13278950664e-08,
        "median": -6.56851462111e-09,
        "min": -7.86805216535e-08,
        "stdev": 1.33685231773e-08,
        "var": 1.787174006e-16
    },
    "spectral_energy": {
        "dmean": 0.018020035699,
        "dmean2": 0.0261587761343,
        "dvar": 0.00126384058967,
        "dvar2": 0.00240517011844,
        "max": 0.29902523756,
        "mean": 0.0446082912385,
        "median": 0.0264173951,
        "min": 1.15043148683e-20,
        "stdev": 0.0518170036376,
        "var": 0.00268500205129
    },
    "spectral_energyband_high": {
        "dmean": 0.000829503289424,
        "dmean2": 0.00121492904145,
        "dvar": 5.34009632247e-06,
        "dvar2": 1.03327929537e-05,
        "max": 0.0228799395263,
        "mean": 0.000880479346961,
        "median": 0.000126384678879,
        "min": 8.42431835876e-21,
        "stdev": 0.00260396115482,
        "var": 6.78061314829e-06
    },
    "spectral_energyband_low": {
        "dmean": 0.0136387431994,
        "dmean2": 0.0204439088702,
        "dvar": 0.00109640858136,
        "dvar2": 0.00216611335054,
        "max": 0.296457380056,
        "mean": 0.0283011943102,
        "median": 0.00532430363819,
        "min": 2.45782426123e-23,
        "stdev": 0.0475745126605,
        "var": 0.0022633341141
    },
    "spectral_energyband_middle_high": {
        "dmean": 0.00156791345216,
        "dmean2": 0.00225548516028,
        "dvar": 6.70290864946e-06,
        "dvar2": 1.46973461597e-05,
        "max": 0.0327638201416,
        "mean": 0.00439788261428,
        "median": 0.00153177650645,
        "min": 1.82990526852e-21,
        "stdev": 0.0060151242651,
        "var": 3.61817183148e-05
    },
    "spectral_energyband_middle_low": {
        "dmean": 0.00599530665204,
        "dmean2": 0.00917044095695,
        "dvar": 0.000172506610397,
        "dvar2": 0.000408283871366,
        "max": 0.129151627421,
        "mean": 0.0120105426759,
        "median": 0.00715875765309,
        "min": 2.34850858704e-22,
        "stdev": 0.0153399435803,
        "var": 0.000235313855228
    },
    "spectral_entropy": {
        "dmean": 0.277988016605,
        "dmean2": 0.368851780891,
        "dvar": 0.0792509168386,
        "dvar2": 0.140789210796,
        "max": 9.80588150024,
        "mean": 7.07377481461,
        "median": 7.05533027649,
        "min": 5.04002141953,
        "stdev": 0.612259328365,
        "var": 0.374861449003
    },
    "spectral_flux": {
        "dmean": 0.0456718057394,
        "dmean2": 0.0697923377156,
        "dvar": 0.00381851778366,
        "dvar2": 0.00821886304766,
        "max": 0.529009222984,
        "mean": 0.0939573273063,
        "median": 0.0663423314691,
        "min": 1.07258167625e-10,
        "stdev": 0.0856599286199,
        "var": 0.00733762327582
    },
    "spectral_kurtosis": {
        "dmean": 3.20650172234,
        "dmean2": 4.68442201614,
        "dvar": 20.6451072693,
        "dvar2": 40.0373306274,
        "max": 89.6977767944,
        "mean": 7.39960813522,
        "median": 5.85930538177,
        "min": -1.278906703,
        "stdev": 7.65716409683,
        "var": 58.6321601868
    },
    "spectral_rms": {
        "dmean": 0.00122710980941,
        "dmean2": 0.00168654962908,
        "dvar": 3.730690878e-06,
        "dvar2": 6.36060985926e-06,
        "max": 0.0170801617205,
        "mean": 0.00566481752321,
        "median": 0.00507671805099,
        "min": 3.35018232774e-12,
        "stdev": 0.00338084530085,
        "var": 1.14301146823e-05
    },
    "spectral_rolloff": {
        "dmean": 418.480499268,
        "dmean2": 731.213317871,
        "dvar": 1333308,
        "dvar2": 3054533,
        "max": 18367.8222656,
        "mean": 914.720397949,
        "median": 667.529296875,
        "min": 64.599609375,
        "stdev": 1143.37902832,
        "var": 1307315.625
    },
    "spectral_skewness": {
        "dmean": 0.406274616718,
        "dmean2": 0.586710870266,
        "dvar": 0.195942983031,
        "dvar2": 0.412213385105,
        "max": 7.40674972534,
        "mean": 2.12538266182,
        "median": 2.07204151154,
        "min": 0.0571373924613,
        "stdev": 0.876150727272,
        "var": 0.767640113831
    },
    "spectral_spread": {
        "dmean": 1226179.375,
        "dmean2": 1642965.375,
        "dvar": 2.39658283827e+12,
        "dvar2": 3.96062018765e+12,
        "max": 41128892,
        "mean": 5264690.5,
        "median": 4798958,
        "min": 1049665,
        "stdev": 2506630.25,
        "var": 6.28319479398e+12
    },
    "spectral_strongpeak": {
        "dmean": 0.456865757704,
        "dmean2": 0.744071543217,
        "dvar": 0.602119386196,
        "dvar2": 1.46000111103,
        "max": 8.41412734985,
        "mean": 1.15834879875,
        "median": 0.741356253624,
        "min": 0,
        "stdev": 1.24435329437,
        "var": 1.54841506481
    },
    "zerocrossingrate": {
        "dmean": 0.0109753683209,
        "dmean2": 0.0129286739975,
        "dvar": 0.000362790073268,
        "dvar2": 0.000453487591585,
        "max": 0.49169921875,
        "mean": 0.0421896912158,
        "median": 0.03662109375,
        "min": 0.0029296875,
        "stdev": 0.030507799238,
        "var": 0.000930725829676
    },
    "barkbands": {
        "dmean": [0.000491470796987, 0.0116018066183, 0.00349251227453, 0.00163134664763, 0.00248967017978, 0.000776999862865, 0.000504402501974, 0.00108670059126, 0.00108467368409, 0.000522000249475, 0.000341378501616, 0.000195784305106, 0.000240787834628, 0.000145046564285, 0.000203382747713, 0.000296567508485, 0.000207804216188, 0.000157422677148, 0.00014004202967, 0.000147716185893, 0.000170242623426, 0.000180687420652, 0.000101093581179, 0.000107504107291, 0.000140428717714, 0.000144919249578, 5.8682380768e-06],
        "dmean2": [0.000768914120272, 0.0178835578263, 0.00577651709318, 0.00274097314104, 0.00384170375764, 0.00115944980644, 0.00073130603414, 0.00161777017638, 0.00155239063315, 0.000708659586962, 0.00048953917576, 0.000302394619212, 0.000348838686477, 0.000229036755627, 0.000330021051923, 0.000429095875006, 0.000313900673063, 0.000247334159212, 0.000221288544708, 0.000242996044108, 0.000267183087999, 0.00026970525505, 0.000148670602357, 0.000162996017025, 0.000208589161048, 0.000252642115811, 1.01583000287e-05],
        "dvar": [3.88558009945e-06, 0.00095281098038, 0.000126726459712, 2.56668299699e-05, 5.99240956944e-05, 1.67174596299e-06, 1.2445404991e-06, 8.02251361165e-06, 1.08123576865e-05, 2.6891386824e-06, 1.16159969821e-06, 3.37071355716e-07, 9.40873974287e-07, 1.61268985721e-07, 4.51143563396e-07, 8.34396075788e-07, 3.86383703699e-07, 1.39299132229e-07, 1.42526971558e-07, 2.21857376914e-07, 3.96837180006e-07, 3.92610132849e-07, 9.96183260327e-08, 6.80436187395e-08, 1.08294337053e-07, 2.0695155456e-07, 4.19880241687e-10],
        "dvar2": [9.27440669329e-06, 0.00194540270604, 0.000353147333954, 6.60198275e-05, 0.000134751899168, 3.92429137719e-06, 2.51851042776e-06, 1.62734977494e-05, 2.2893638743e-05, 4.77249886899e-06, 2.26841279982e-06, 8.3674092366e-07, 1.71923625203e-06, 4.03401230642e-07, 1.19151627587e-06, 1.8200072418e-06, 7.91157560798e-07, 3.38592485605e-07, 3.5994671066e-07, 5.82005384331e-07, 8.63688342179e-07, 7.27660847133e-07, 1.88276345625e-07, 1.43969216992e-07, 2.48539038239e-07, 5.64756987842e-07, 1.11209130793e-09],
        "max": [0.0281135886908, 0.2853910923, 0.160107165575, 0.0484092533588, 0.0840520858765, 0.0204136054963, 0.0192713998258, 0.0435756035149, 0.0464189313352, 0.0309800114483, 0.0174339972436, 0.0123126422986, 0.0208622645587, 0.00706498418003, 0.0112933889031, 0.0155233498663, 0.0142076713964, 0.00526994327083, 0.00396112073213, 0.00590465869755, 0.00823889579624, 0.00691810529679, 0.00376431527548, 0.00273545715027, 0.0029692274984, 0.0037281087134, 0.000246494775638],
        "mean": [0.000449041486718, 0.0224975217134, 0.00449735624716, 0.00176141853444, 0.00333591620438, 0.00130222563166, 0.000978268682957, 0.00200528698042, 0.00242997775786, 0.00128619314637, 0.000685725593939, 0.000309891824145, 0.000405560742365, 0.00020433984173, 0.00027692434378, 0.000459297501948, 0.000436593050836, 0.000211206366657, 0.000130582164275, 0.000128336891066, 0.000161083371495, 0.000197269793716, 0.000108011110569, 0.000110181696073, 0.000136018148623, 9.98874966172e-05, 4.20282776759e-06],
        "median": [1.29272921185e-05, 0.00130844011437, 0.000993787427433, 0.000327083427692, 0.000853564299177, 0.00058935850393, 0.000216745393118, 0.000210738333408, 0.000344513595337, 8.09128250694e-05, 7.91124402895e-05, 7.24267083569e-05, 5.29481367266e-05, 3.38710960932e-05, 2.98481991194e-05, 4.13311936427e-05, 3.52861898136e-05, 2.54968799709e-05, 1.4002748685e-05, 1.17482077258e-05, 1.15066286526e-05, 2.21782920562e-05, 1.28932997541e-05, 1.87624209502e-05, 1.69577542692e-05, 6.47491560812e-06, 6.57557137629e-08],
        "min": [7.7672396465e-24, 1.23148444825e-23, 6.70180233297e-25, 2.18829257802e-23, 3.71468384045e-23, 2.60410478992e-23, 4.41048219359e-23, 6.88488894213e-23, 2.20192393669e-23, 5.13404024644e-23, 7.26528019499e-23, 1.42332077914e-22, 2.37942840043e-22, 1.36254529418e-22, 1.32760165908e-22, 1.79032613529e-22, 1.86615674664e-22, 2.34803779485e-22, 2.99817934005e-22, 3.78247494944e-22, 7.6681081666e-22, 7.97561397295e-22, 7.02011232306e-22, 6.04524180292e-22, 1.25435083746e-21, 1.74953263589e-21, 2.54464343993e-21],
        "stdev": [0.00195510894991, 0.0428360551596, 0.00997889693826, 0.00469554262236, 0.00821903347969, 0.00186536810361, 0.0021289435681, 0.00469223828986, 0.00620619347319, 0.00368651514873, 0.00207585166208, 0.000723697710782, 0.00164121435955, 0.000511146790814, 0.000881595362443, 0.00135915633291, 0.00148478674237, 0.000515578838531, 0.000357597542461, 0.0004247224133, 0.000654902134556, 0.000723513308913, 0.00035842435318, 0.000279916479485, 0.000338079436915, 0.000368784967577, 1.71103565663e-05],
        "var": [3.8224511627e-06, 0.00183492747601, 9.95783848339e-05, 2.20481215365e-05, 6.75525152474e-05, 3.47959826286e-06, 4.53240045317e-06, 2.20170986722e-05, 3.85168386856e-05, 1.35903937917e-05, 4.30916043115e-06, 5.23738378888e-07, 2.69358474725e-06, 2.61271026147e-07, 7.77210402703e-07, 1.84730606634e-06, 2.20459173761e-06, 2.65821512357e-07, 1.27876006673e-07, 1.80389122306e-07, 4.28896782978e-07, 5.23471499037e-07, 1.28468016669e-07, 7.83532314585e-08, 1.14297698417e-07, 1.36002341833e-07, 2.92764285037e-10]
    },
    "erbbands": {
        "dmean": [0.372377365828, 2.72833323479, 4.52576875687, 4.31599712372, 9.15933132172, 6.93885278702, 6.72619819641, 6.70182704926, 6.14003753662, 10.6633415222, 27.418712616, 27.3181324005, 17.6588344574, 12.2277736664, 12.0059547424, 6.50677108765, 11.0798540115, 5.93712329865, 11.6794052124, 11.7385864258, 13.8696308136, 12.6302289963, 9.89623069763, 6.35373258591, 7.36450052261, 6.56198358536, 7.06052112579, 6.35334348679, 6.1743927002, 5.79812955856, 2.66097784042, 2.07046580315, 1.75909399986, 1.27794468403, 1.10851919651, 0.221963763237, 0.438071668148, 0.0607734657824, 0.00122003443539, 5.57691455469e-05],
        "dmean2": [0.544518768787, 4.42226743698, 7.39466905594, 7.23173952103, 14.4757061005, 10.7662601471, 10.1635742188, 10.1522140503, 9.00615787506, 15.1392555237, 39.7940406799, 38.0909767151, 23.6942367554, 15.6709518433, 16.9894180298, 9.71859931946, 16.1145038605, 8.97596263885, 18.56407547, 18.024230957, 19.7548770905, 18.3850955963, 15.2396144867, 10.1641178131, 11.7684650421, 10.6278476715, 11.0815248489, 9.9415512085, 8.97166919708, 8.73300552368, 3.92752599716, 3.17037963867, 2.69213294983, 1.88653302193, 1.68366146088, 0.343573004007, 0.776861548424, 0.105780862272, 0.0021105769556, 8.64202229423e-05],
        "dvar": [1.39066469669, 51.4345321655, 178.338012695, 155.757125854, 1328.61730957, 316.271209717, 172.517364502, 115.205047607, 144.068527222, 535.908447266, 4728.67773438, 7671.50830078, 2259.3828125, 1027.15039062, 1304.64111328, 378.571563721, 1970.82763672, 233.865524292, 1570.97119141, 1575.45214844, 1734.80749512, 1436.16699219, 563.187988281, 238.454116821, 477.709472656, 402.217987061, 662.430725098, 547.202697754, 521.806640625, 385.801940918, 66.8752822876, 32.0458984375, 15.6307325363, 8.83843231201, 6.94620895386, 0.261808305979, 2.0132496357, 0.0404277667403, 1.61205589393e-05, 1.89440996223e-08],
        "dvar2": [2.51442122459, 126.512634277, 485.547485352, 429.751922607, 3039.86035156, 755.153198242, 401.305297852, 283.928741455, 297.599487305, 1014.15820312, 10121.4560547, 15649.1787109, 4084.30639648, 1569.49694824, 2916.1628418, 921.172424316, 3592.56274414, 509.928833008, 4139.37353516, 4276.74365234, 3520.02832031, 3036.10473633, 1337.99743652, 606.193603516, 1254.17114258, 1026.44091797, 1410.5769043, 1196.69836426, 1002.699646, 830.256103516, 132.881454468, 68.474029541, 32.0733642578, 19.494304657, 16.2949333191, 0.608246207237, 5.543156147, 0.110550507903, 4.35515212303e-05, 4.7221263344e-08],
        "max": [13.0112600327, 58.1262512207, 170.814880371, 132.337677002, 391.122436523, 187.100585938, 255.596466064, 173.761566162, 319.975219727, 349.830993652, 874.536010742, 1413.97729492, 1153.64306641, 744.817626953, 728.755615234, 390.989898682, 1009.71929932, 258.023010254, 727.882080078, 703.124023438, 1070.74780273, 806.212219238, 386.219818115, 154.439788818, 291.019226074, 209.841125488, 337.619506836, 260.882843018, 296.726806641, 222.878555298, 94.2871704102, 59.0177116394, 37.4585723877, 23.7932186127, 23.3700141907, 4.65447664261, 11.1649389267, 1.76592135429, 0.0347292982042, 0.00115176429972],
        "mean": [0.568170011044, 5.24991750717, 6.7361907959, 5.46408939362, 9.40959739685, 9.98675918579, 11.5104045868, 11.5327358246, 12.9107847214, 20.2839756012, 52.5700759888, 58.703163147, 40.4586906433, 32.7360610962, 25.1567516327, 11.5393104553, 18.9722671509, 10.2337722778, 16.6607494354, 17.7345104218, 24.3776741028, 25.9542694092, 13.9337882996, 6.57900619507, 6.71709299088, 5.8100976944, 6.77218055725, 6.00198841095, 6.75032711029, 5.7398724556, 2.77793717384, 2.10366487503, 1.85692489147, 1.30568110943, 1.03023803234, 0.218369960785, 0.287228494883, 0.0407106690109, 0.000860390777234, 7.73532956373e-05],
        "median": [0.0208218730986, 0.311519563198, 1.07802200317, 1.88570308685, 1.55689966679, 2.70368933678, 3.88849639893, 5.56063175201, 4.22720193863, 5.03246974945, 7.70182228088, 10.7867946625, 7.92803287506, 3.63361024857, 4.68011188507, 3.16417765617, 2.75807571411, 2.27746582031, 2.20893597603, 1.86561489105, 2.5831592083, 2.48804569244, 1.71194982529, 0.881734371185, 0.750051259995, 0.582386314869, 0.40661585331, 0.526780366898, 0.739248156548, 0.661895334721, 0.335892438889, 0.306309372187, 0.341099232435, 0.181667000055, 0.11371191591, 0.0374300628901, 0.00862692203373, 0.000902970845345, 4.27955346822e-05, 3.44943036907e-05],
        "min": [3.60488683489e-22, 2.77937350826e-21, 2.36400726782e-21, 3.99169349337e-20, 7.52955046626e-20, 1.31711800916e-19, 2.97278010502e-19, 1.75932656743e-19, 5.98341613078e-19, 8.25239840041e-19, 1.37377887299e-18, 4.9374209138e-19, 1.41165950575e-18, 1.66565844432e-18, 4.14711632315e-18, 6.16616452313e-18, 8.12331645223e-18, 9.58720693359e-18, 6.29816476451e-18, 7.18799686384e-18, 1.22395011836e-17, 1.1026503681e-17, 1.49650472398e-17, 1.23228106789e-17, 1.5862883966e-17, 1.97692460631e-17, 2.18507848632e-17, 3.38270250635e-17, 2.69895021436e-17, 2.83646220832e-17, 1.96691969137e-17, 1.14931923651e-17, 1.13119273144e-17, 1.30045696311e-17, 8.19644004556e-18, 5.81812083577e-18, 3.61442482996e-18, 1.62735956837e-18, 3.5238907391e-19, 3.31433532303e-20],
        "stdev": [1.47862899303, 9.1880197525, 12.2432098389, 10.8870038986, 35.6655006409, 20.5436954498, 21.2104110718, 15.6648836136, 25.3361091614, 40.2465019226, 112.890945435, 164.505081177, 96.0626068115, 89.0839996338, 65.3440933228, 25.56291008, 72.907661438, 24.0161800385, 53.6055412292, 46.573135376, 69.4127044678, 83.4814834595, 34.3558273315, 15.0554485321, 19.8922157288, 18.6685085297, 27.0385608673, 24.3522548676, 26.0505638123, 20.7361030579, 9.0325345993, 5.98433351517, 4.37210512161, 3.20195484161, 2.61905360222, 0.512037277222, 1.13295698166, 0.162277892232, 0.00328685576096, 0.000133022855152],
        "var": [2.18634366989, 84.4197006226, 149.896179199, 118.526863098, 1272.0279541, 422.043395996, 449.881530762, 245.388580322, 641.918457031, 1619.78088379, 12744.3662109, 27061.921875, 9228.02441406, 7935.95898438, 4269.85058594, 653.462402344, 5315.52685547, 576.776916504, 2873.55395508, 2169.05688477, 4818.12353516, 6969.15869141, 1180.32299805, 226.666519165, 395.70022583, 348.513183594, 731.08380127, 593.032348633, 678.631835938, 429.985931396, 81.5866775513, 35.81224823, 19.1153011322, 10.2525148392, 6.85944128036, 0.262182176113, 1.28359138966, 0.0263341125101, 1.08034200821e-05, 1.76950809561e-08]
    },
    "gfcc": {
        "mean": [-39.1340675354, 95.8327407837, -94.5517959595, 14.9882030487, -61.6911392212, 16.5059394836, -44.273273468, 14.3632421494, -19.4518508911, 2.25328707695, -18.5176963806, 3.22586512566, -8.06803798676],
        "cov": [[7849.32128906, -1505.4050293, 174.250091553, 928.165161133, 147.57611084, 345.151885986, 262.762481689, 635.045837402, 109.754692078, 129.082199097, -369.842956543, 121.259429932, -263.420349121], [-1505.4050293, 1507.19934082, 60.7859191895, -116.25566864, 397.53616333, 83.1922531128, 309.073822021, 35.0349311829, 171.96156311, -53.9364280701, 169.839019775, -172.287231445, 136.400238037], [174.250091553, 60.7859191895, 1657.30981445, 743.210876465, 347.750640869, 482.919219971, 319.505187988, 89.4463500977, 147.757614136, 84.8765792847, 48.5673179626, -16.4602298737, -65.9460525513], [928.165161133, -116.25566864, 743.210876465, 1200.90698242, 371.100280762, 178.770370483, 168.583816528, 72.829536438, 106.518058777, 59.1026039124, -11.0734004974, -76.2091751099, -39.06508255], [147.57611084, 397.53616333, 347.750640869, 371.100280762, 662.494262695, 262.388977051, 245.946853638, 141.3540802, 173.230026245, 56.6444206238, 91.6945037842, -21.731426239, 13.1079263687], [345.151885986, 83.1922531128, 482.919219971, 178.770370483, 262.388977051, 515.181884766, 316.331268311, 141.466262817, 89.9328460693, 84.5013885498, 65.9735412598, 20.6287231445, 8.82410430908], [262.762481689, 309.073822021, 319.505187988, 168.583816528, 245.946853638, 316.331268311, 544.131469727, 163.477706909, 59.3252944946, 75.0595703125, 65.9152450562, -41.3730010986, 18.6394004822], [635.045837402, 35.0349311829, 89.4463500977, 72.829536438, 141.3540802, 141.466262817, 163.477706909, 293.612243652, 151.585144043, 27.9157943726, -10.2724266052, -6.91458320618, 6.03378105164], [109.754692078, 171.96156311, 147.757614136, 106.518058777, 173.230026245, 89.9328460693, 59.3252944946, 151.585144043, 301.695495605, 19.6858634949, 7.52156305313, 25.6328811646, 24.9668083191], [129.082199097, -53.9364280701, 84.8765792847, 59.1026039124, 56.6444206238, 84.5013885498, 75.0595703125, 27.9157943726, 19.6858634949, 129.474349976, 48.6720123291, 8.26032733917, 3.18558287621], [-369.842956543, 169.839019775, 48.5673179626, -11.0734004974, 91.6945037842, 65.9735412598, 65.9152450562, -10.2724266052, 7.52156305313, 48.6720123291, 156.516540527, 21.3096523285, 24.6394252777], [121.259429932, -172.287231445, -16.4602298737, -76.2091751099, -21.731426239, 20.6287231445, -41.3730010986, -6.91458320618, 25.6328811646, 8.26032733917, 21.3096523285, 148.073928833, 22.5574092865], [-263.420349121, 136.400238037, -65.9460525513, -39.06508255, 13.1079263687, 8.82410430908, 18.6394004822, 6.03378105164, 24.9668083191, 3.18558287621, 24.6394252777, 22.5574092865, 123.821342468]],
        "icov": [[0.000275298953056, 0.000107814244984, 0.00014525638835, -0.000243090311415, -3.20617141369e-06, -0.000113382862764, -7.08731386112e-05, -0.000575039244723, 0.000188292120583, -0.000193418367417, 0.000549501157366, -0.000409262051107, 0.000446910155006], [0.000107814244984, 0.00228572194465, -0.000137556853588, 0.000747326761484, -0.00110030767974, 0.000541373970918, -0.00117696891539, 0.000899971229956, -0.00148148648441, 0.00197064154781, -0.00182974291965, 0.00311145186424, -0.00186953437515], [0.00014525638835, -0.000137556853588, 0.0012679164065, -0.000794924388174, 0.000242185240495, -0.00106152240187, -7.15236819815e-05, 3.03255364997e-05, -0.000175207591383, -0.00014295213623, 0.000348445901182, -0.000548627460375, 0.00101395335514], [-0.000243090311415, 0.000747326761484, -0.000794924388174, 0.00193206081167, -0.00107775814831, 0.000689839594997, -0.000351692637196, 0.000958327262197, -0.00071826094063, 0.000464210868813, -0.000650288711768, 0.00204050447792, -0.00119248742703], [-3.20617141369e-06, -0.00110030767974, 0.000242185240495, -0.00107775814831, 0.00325300893746, -0.00102544820402, 0.000184745600563, -0.000694920716342, -0.000300044106552, -0.000598715909291, -0.000371349102352, -0.00119416543748, 0.00109633395914], [-0.000113382862764, 0.000541373970918, -0.00106152240187, 0.000689839594997, -0.00102544820402, 0.00457593379542, -0.00175307493191, -0.000299591687508, -0.000147205631947, -0.000385684863431, -0.000811189995147, -2.84005982394e-05, -0.000918151577935], [-7.08731386112e-05, -0.00117696891539, -7.15236819815e-05, -0.000351692637196, 0.000184745600563, -0.00175307493191, 0.00411976361647, -0.00174358359072, 0.00143463804852, -0.00146601058077, 0.000279161409708, -0.000417225557612, 0.000335781194735], [-0.000575039244723, 0.000899971229956, 3.03255364997e-05, 0.000958327262197, -0.000694920716342, -0.000299591687508, -0.00174358359072, 0.00770187238231, -0.00385757954791, 0.00108653015923, -0.000796635635197, 0.00277902628295, -0.00151205412112], [0.000188292120583, -0.00148148648441, -0.000175207591383, -0.00071826094063, -0.000300044106552, -0.000147205631947, 0.00143463804852, -0.00385757954791, 0.00660453364253, -0.00168942834716, 0.00201607332565, -0.00351227470674, 0.000677342410199], [-0.000193418367417, 0.00197064154781, -0.00014295213623, 0.000464210868813, -0.000598715909291, -0.000385684863431, -0.00146601058077, 0.00108653015923, -0.00168942834716, 0.0117454687133, -0.00500794453546, 0.00290546496399, -0.00174769142177], [0.000549501157366, -0.00182974291965, 0.000348445901182, -0.000650288711768, -0.000371349102352, -0.000811189995147, 0.000279161409708, -0.000796635635197, 0.00201607332565, -0.00500794453546, 0.0117813572288, -0.00477010058239, 0.00150591752026], [-0.000409262051107, 0.00311145186424, -0.000548627460375, 0.00204050447792, -0.00119416543748, -2.84005982394e-05, -0.000417225557612, 0.00277902628295, -0.00351227470674, 0.00290546496399, -0.00477010058239, 0.0133956549689, -0.00474853254855], [0.000446910155006, -0.00186953437515, 0.00101395335514, -0.00119248742703, 0.00109633395914, -0.000918151577935, 0.000335781194735, -0.00151205412112, 0.000677342410199, -0.00174769142177, 0.00150591752026, -0.00474853254855, 0.0116964774206]]
    },
    "melbands": {
        "dmean": [0.00321753812023, 0.00258517125621, 0.000898989441339, 0.000576986116357, 0.000237817963352, 0.000144944569911, 9.47727021412e-05, 0.000149871048052, 0.000224991963478, 0.000167901976965, 9.1128735221e-05, 5.61977067264e-05, 4.01993493142e-05, 2.46397703449e-05, 1.84703749255e-05, 2.77676917904e-05, 1.0105801266e-05, 2.0552539354e-05, 1.38886389323e-05, 2.29579472943e-05, 1.56188852998e-05, 1.54658209794e-05, 8.97684731171e-06, 8.01284204499e-06, 4.91984610562e-06, 5.27886913915e-06, 5.61658134757e-06, 4.11153905588e-06, 4.36388927483e-06, 4.48987339041e-06, 3.46318392985e-06, 3.39513212566e-06, 4.12568851971e-06, 2.91989385914e-06, 1.64166044669e-06, 1.03562263121e-06, 1.54518170348e-06, 1.5072541828e-06, 9.46075317643e-07, 1.15806483336e-06],
        "dmean2": [0.00479482160881, 0.00409596879035, 0.00146978418343, 0.00089403236052, 0.000361012527719, 0.000218416345888, 0.000139074662002, 0.00021725789702, 0.000320390798151, 0.0002334840392, 0.000123278281535, 7.19491872587e-05, 5.5557313317e-05, 3.72432114091e-05, 2.71792905551e-05, 3.99181408284e-05, 1.61776879395e-05, 3.22863234032e-05, 2.27074597206e-05, 3.32073723257e-05, 2.29036013479e-05, 2.29990237131e-05, 1.40863658089e-05, 1.29857689899e-05, 7.93471281213e-06, 8.44168425829e-06, 9.27794008021e-06, 6.8360586738e-06, 6.79503682477e-06, 6.97697078067e-06, 5.4715992519e-06, 5.10499967277e-06, 6.20944501861e-06, 4.40411395175e-06, 2.50280254477e-06, 1.53208156917e-06, 2.42710575549e-06, 2.32901970776e-06, 1.46091224451e-06, 1.73511352841e-06],
        "dvar": [8.2819526142e-05, 4.44752040494e-05, 7.09665118848e-06, 3.76407001568e-06, 1.95803480096e-07, 5.12751086035e-08, 3.64849874757e-08, 1.1983276238e-07, 3.14429030368e-07, 2.97573961916e-07, 6.31932266515e-08, 2.01623464591e-08, 1.30219568462e-08, 6.20954976327e-09, 3.12570458405e-09, 1.65345603875e-08, 6.45339726102e-10, 4.71104710797e-09, 1.9072914359e-09, 6.45197317795e-09, 3.11771231054e-09, 2.52514520405e-09, 4.74888295354e-10, 4.17601286884e-10, 1.52707319012e-10, 2.33945612882e-10, 2.86158152729e-10, 1.64942906555e-10, 2.551249767e-10, 2.63747801377e-10, 1.76606743119e-10, 1.78411327378e-10, 1.84598406006e-10, 1.08142259037e-10, 2.76144159622e-11, 1.02089534743e-11, 1.76003187718e-11, 1.22675107919e-11, 5.44011450471e-12, 7.43256758223e-12],
        "dvar2": [0.00015443333541, 0.000115812123113, 1.78506379598e-05, 8.5971032604e-06, 4.6328807457e-07, 1.24946993196e-07, 7.58341442975e-08, 2.23769404784e-07, 6.71395298468e-07, 5.90528372868e-07, 1.13525089773e-07, 3.1094042896e-08, 2.59932626534e-08, 1.58797810457e-08, 6.1525007311e-09, 3.04076905877e-08, 1.64642444123e-09, 1.19657057596e-08, 5.07025266216e-09, 1.48398111577e-08, 6.67609834082e-09, 5.43621059279e-09, 1.09179598695e-09, 1.07082986922e-09, 3.85490972477e-10, 6.09080952341e-10, 7.59187657184e-10, 4.2325790095e-10, 5.5685112077e-10, 5.67451918787e-10, 3.99769328752e-10, 3.52590734387e-10, 3.92188448384e-10, 2.44939596383e-10, 5.85873988213e-11, 2.06759869642e-11, 4.03877938038e-11, 2.70390081852e-11, 1.25050178545e-11, 1.66344663738e-11],
        "max": [0.0918682068586, 0.0696428194642, 0.0235067810863, 0.0208638031036, 0.00821629911661, 0.00335796643049, 0.00414354959503, 0.00520985433832, 0.00810346473008, 0.00838960148394, 0.00583508983254, 0.00324499513954, 0.00203332910314, 0.00168203737121, 0.00127702439204, 0.00288486364298, 0.000359443685738, 0.00126221776009, 0.000649271183647, 0.00137298088521, 0.00139738421421, 0.000980153563432, 0.000287289527478, 0.000206004275242, 0.000138829971547, 0.00018352639745, 0.000228775170399, 0.000132877132273, 0.000187406287296, 0.000214253581362, 0.000138447925565, 0.000168591403053, 0.000158013368491, 0.000127182807773, 5.86673668295e-05, 4.1819163016e-05, 4.61374838778e-05, 3.41437153111e-05, 2.38691955019e-05, 2.31728645304e-05],
        "mean": [0.00591559149325, 0.00466159638017, 0.00107068184298, 0.000711695640348, 0.000415488641011, 0.000254124199273, 0.000195676373551, 0.000281178159639, 0.000431883410783, 0.000361288577551, 0.000202480616281, 0.000145416823216, 8.12744328869e-05, 4.51744017482e-05, 2.77216713584e-05, 4.71563434985e-05, 1.45587100633e-05, 2.84023972199e-05, 1.80351453309e-05, 3.5064000258e-05, 2.4850907721e-05, 3.14306671498e-05, 1.33348366944e-05, 9.20376896829e-06, 4.86398585053e-06, 4.76294917462e-06, 4.90392267238e-06, 3.57584804078e-06, 4.04265165344e-06, 4.22064204031e-06, 3.18159572998e-06, 3.73246143681e-06, 4.02243722419e-06, 2.81472762254e-06, 1.63276081366e-06, 1.14049294098e-06, 1.44053251461e-06, 1.47875459788e-06, 9.92925833998e-07, 1.1457123037e-06],
        "median": [0.000265911483439, 0.000632469309494, 0.00034390258952, 0.000166307392647, 0.00014354432642, 0.000123105855891, 5.88912516832e-05, 4.72019928566e-05, 5.67701063119e-05, 4.95804633829e-05, 2.62928224402e-05, 1.08247622848e-05, 1.17805002446e-05, 1.11724029921e-05, 4.59108241557e-06, 5.59004820389e-06, 3.29797330778e-06, 3.08199241772e-06, 2.34632761931e-06, 2.61258787759e-06, 2.7077719551e-06, 2.37230005951e-06, 1.74189233348e-06, 1.05330525457e-06, 5.44263457414e-07, 4.83329927192e-07, 4.44819761469e-07, 3.1090243624e-07, 2.19371514731e-07, 2.61133720869e-07, 2.71954689879e-07, 3.52609077936e-07, 4.59283853615e-07, 2.98386822806e-07, 1.8455793338e-07, 1.47368524495e-07, 1.91211341871e-07, 2.46655162073e-07, 1.63454487279e-07, 1.39858443049e-07],
        "min": [3.63993043443e-24, 2.36379685338e-24, 8.0169322668e-24, 6.16201932819e-24, 9.87352429585e-24, 4.73098107548e-24, 8.53795044001e-24, 1.06431409393e-23, 1.02024248619e-23, 2.70147093322e-24, 7.51073521228e-24, 6.48109778714e-24, 1.14552101323e-23, 1.97152638081e-23, 1.20346063791e-23, 2.43584691195e-23, 1.65083280805e-23, 9.79486303068e-24, 9.89548618345e-24, 9.05600722938e-24, 1.6026540749e-23, 1.19107638945e-23, 1.21932344742e-23, 1.06959693764e-23, 9.7539172054e-24, 1.20225943941e-23, 1.01180845871e-23, 1.4213964003e-23, 1.09100480823e-23, 1.91648092902e-23, 1.89966998759e-23, 1.42684253822e-23, 1.67519472607e-23, 1.55089217774e-23, 1.32949410484e-23, 5.95274005206e-24, 7.47352385452e-24, 7.39506296002e-24, 9.29805736524e-24, 1.17660394728e-23],
        "stdev": [0.0124710127711, 0.00728286895901, 0.00248649320565, 0.00199780799448, 0.000712691689841, 0.000335509976139, 0.00038313519326, 0.000600363186095, 0.000945779844187, 0.00105415773578, 0.000515609048307, 0.000393660739064, 0.000212347469642, 0.000107223648229, 8.42624067445e-05, 0.000213651088416, 3.24690845446e-05, 9.49932582444e-05, 4.91778737342e-05, 0.000111528868729, 7.99583722255e-05, 0.000108052627183, 3.37294877681e-05, 2.26200772886e-05, 1.18378948173e-05, 1.40307711263e-05, 1.51323592945e-05, 1.18488251246e-05, 1.64528828464e-05, 1.70865005202e-05, 1.34542378873e-05, 1.50892956299e-05, 1.44559999171e-05, 1.05743156382e-05, 5.53754898647e-06, 3.55022257281e-06, 4.16912280343e-06, 3.62974924428e-06, 2.52422842095e-06, 2.86506178782e-06],
        "var": [0.000155526169692, 5.30401775904e-05, 6.18264812147e-06, 3.9912365537e-06, 5.07929485138e-07, 1.12566951316e-07, 1.46792586975e-07, 3.60435961966e-07, 8.94499521564e-07, 1.1112484799e-06, 2.65852662551e-07, 1.54968773813e-07, 4.50914470207e-08, 1.14969109788e-08, 7.10015379823e-09, 4.56467859067e-08, 1.0542414719e-09, 9.02371866118e-09, 2.41846320748e-09, 1.24386883016e-08, 6.39334185593e-09, 1.16753708923e-08, 1.13767839593e-09, 5.11667874736e-10, 1.40135750226e-10, 1.96862540158e-10, 2.28988300544e-10, 1.40394654236e-10, 2.70697353422e-10, 2.91948493159e-10, 1.81016521217e-10, 2.27686841603e-10, 2.0897593378e-10, 1.1181614662e-10, 3.06644501458e-11, 1.2604080106e-11, 1.7381585754e-11, 1.31750790833e-11, 6.37172953288e-12, 8.20857878198e-12]
    },
    "melbands128": {
