{
"lowlevel": {
    "average_loudness": 0.983667552471,
    "barkbands_crest": {
        "dmean": 2.99346709251,
        "dmean2": 4.79008388519,
        "dvar": 10.0415182114,
        "dvar2": 19.4410743713,
        "max": 24.2782096863,
        "mean": 9.48835372925,
        "median": 8.15070915222,
        "min": 2.93633913994,
        "stdev": 4.84870243073,
        "var": 23.5099143982
    },
    "barkbands_flatness_db": {
        "dmean": 0.0207718815655,
        "dmean2": 0.0312938056886,
        "dvar": 0.000407062529121,
        "dvar2": 0.000843202986289,
        "max": 0.246950551867,
        "mean": 0.108215942979,
        "median": 0.100285172462,
        "min": 0.0437643975019,
        "stdev": 0.0371542945504,
        "var": 0.00138044159394
    },
    "barkbands_kurtosis": {
        "dmean": 2.37984633446,
        "dmean2": 3.69536399841,
        "dvar": 16.5333442688,
        "dvar2": 36.6935844421,
        "max": 42.4356956482,
        "mean": 2.74693155289,
        "median": 1.10405445099,
        "min": -1.59300506115,
        "stdev": 5.07729291916,
        "var": 25.7789020538
    },
    "barkbands_skewness": {
        "dmean": 0.524411201477,
        "dmean2": 0.776022553444,
        "dvar": 0.334691524506,
        "dvar2": 0.6696434021,
        "max": 6.15063905716,
        "mean": 1.48161792755,
        "median": 1.35197091103,
        "min": -1.65162599087,
        "stdev": 0.978839457035,
        "var": 0.958126664162
    },
    "barkbands_spread": {
        "dmean": 5.54029464722,
        "dmean2": 8.55748844147,
        "dvar": 29.8412399292,
        "dvar2": 62.273853302,
        "max": 81.5748977661,
        "mean": 26.146276474,
        "median": 25.8314857483,
        "min": 4.26863384247,
        "stdev": 10.2581624985,
        "var": 105.229904175
    },
    "dissonance": {
        "dmean": 0.0140642635524,
        "dmean2": 0.0237752925605,
        "dvar": 0.000198794325115,
        "dvar2": 0.000514354731422,
        "max": 0.499973028898,
        "mean": 0.47288158536,
        "median": 0.479345500469,
        "min": 0.322105795145,
        "stdev": 0.0228326600045,
        "var": 0.000521330395713
    },
    "dynamic_complexity": 1.23285579681,
    "erbbands_crest": {
        "dmean": 2.28169608116,
        "dmean2": 3.63222360611,
        "dvar": 4.323179245,
        "dvar2": 10.5694122314,
        "max": 30.4790420532,
        "mean": 8.05163288116,
        "median": 6.732213974,
        "min": 2.39537405968,
        "stdev": 4.67932367325,
        "var": 21.896068573
    },
    "erbbands_flatness_db": {
        "dmean": 0.0121664991602,
        "dmean2": 0.0177288744599,
        "dvar": 0.000124116020743,
        "dvar2": 0.000253878271906,
        "max": 0.273761183023,
        "mean": 0.133186250925,
        "median": 0.128423541784,
        "min": 0.0667450577021,
        "stdev": 0.029380325228,
        "var": 0.000863203487825
    },
    "erbbands_kurtosis": {
        "dmean": 0.552742898464,
        "dmean2": 0.819702029228,
        "dvar": 0.641841948032,
        "dvar2": 1.21616303921,
        "max": 21.0306987762,
        "mean": 0.124433971941,
        "median": -0.302208781242,
        "min": -1.46948516369,
        "stdev": 1.83453881741,
        "var": 3.36553287506
    },
    "erbbands_skewness": {
        "dmean": 0.285347014666,
        "dmean2": 0.429681777954,
        "dvar": 0.0557884089649,
        "dvar2": 0.125963404775,
        "max": 4.28039455414,
        "mean": 0.211847931147,
        "median": 0.115795493126,
        "min": -1.26068127155,
        "stdev": 0.670724630356,
        "var": 0.449871510267
    },
    "erbbands_spread": {
        "dmean": 6.94918775558,
        "dmean2": 10.4344768524,
        "dvar": 38.4515342712,
        "dvar2": 83.8481521606,
        "max": 99.5188980103,
        "mean": 42.3752441406,
        "median": 41.9668807983,
        "min": 8.81206798553,
        "stdev": 15.24650383,
        "var": 232.455871582
    },
    "hfc": {
        "dmean": 5.86829328537,
        "dmean2": 8.40323734283,
        "dvar": 44.0435295105,
        "dvar2": 83.4682006836,
        "max": 109.657157898,
        "mean": 31.3968715668,
        "median": 30.4832115173,
        "min": 1.15658749058e-16,
        "stdev": 13.9130001068,
        "var": 193.571578979
    },
    "loudness_ebu128": {
        "integrated": -6.10486030579,
        "loudness_range": 0.735977172852,
        "momentary": {
            "dmean": 0.25695514679,
            "dmean2": 0.304686516523,
            "dvar": 0.0492330081761,
            "dvar2": 0.0512412600219,
            "max": -4.8741145134,
            "mean": -6.17922353745,
            "median": -6.04755592346,
            "min": -10.362994194,
            "stdev": 0.849954843521,
            "var": 0.722423255444
        },
        "short_term": {
            "dmean": 0.037951245904,
            "dmean2": 0.0520200133324,
            "dvar": 0.000906449451577,
            "dvar2": 0.00143472419586,
            "max": -5.61697292328,
            "mean": -6.07396364212,
            "median": -6.06348419189,
            "min": -6.80178070068,
            "stdev": 0.254758477211,
            "var": 0.0649018883705
        }
    },
    "melbands_crest": {
        "dmean": 3.29137921333,
        "dmean2": 5.09638786316,
        "dvar": 7.94440317154,
        "dvar2": 18.1157417297,
        "max": 30.5017642975,
        "mean": 13.7972011566,
        "median": 12.9820871353,
        "min": 2.82138514519,
        "stdev": 5.13399839401,
        "var": 26.3579406738
    },
    "melbands_flatness_db": {
        "dmean": 0.0254270099103,
        "dmean2": 0.0378073789179,
        "dvar": 0.000651654147077,
        "dvar2": 0.00123312626965,
        "max": 0.336163014174,
        "mean": 0.166066050529,
        "median": 0.157862201333,
        "min": 0.0106476293877,
        "stdev": 0.0480446256697,
        "var": 0.00230828602798
    },
    "melbands_kurtosis": {
        "dmean": 7.31139373779,
        "dmean2": 11.3537187576,
        "dvar": 156.565658569,
        "dvar2": 350.039001465,
        "max": 112.133407593,
        "mean": 12.1410131454,
        "median": 7.62509822845,
        "min": -1.10742783546,
        "stdev": 15.3967504501,
        "var": 237.059936523
    },
    "melbands_skewness": {
        "dmean": 0.804923713207,
        "dmean2": 1.19054806232,
        "dvar": 0.794268667698,
        "dvar2": 1.6303242445,
        "max": 9.26645755768,
        "mean": 2.69103956223,
        "median": 2.491969347,
        "min": -0.168818965554,
        "stdev": 1.50568234921,
        "var": 2.26707935333
    },
    "melbands_spread": {
        "dmean": 6.63566350937,
        "dmean2": 10.1546506882,
        "dvar": 42.7076301575,
        "dvar2": 81.2360229492,
        "max": 112.993736267,
        "mean": 25.5657272339,
        "median": 24.2736968994,
        "min": 2.54320669174,
        "stdev": 12.663444519,
        "var": 160.362838745
    },
    "pitch_salience": {
        "dmean": 0.0788165405393,
        "dmean2": 0.122341051698,
        "dvar": 0.00550059694797,
        "dvar2": 0.0122049394995,
        "max": 0.807966947556,
        "mean": 0.554759502411,
        "median": 0.579718887806,
        "min": 0.165624141693,
        "stdev": 0.122802078724,
        "var": 0.0150803504512
    },
    "silence_rate_20dB": {
        "dmean": 0,
        "dmean2": 0,
        "dvar": 0,
        "dvar2": 0,
        "max": 1,
        "mean": 1,
        "median": 1,
        "min": 1,
        "stdev": 0,
        "var": 0
    },
    "silence_rate_30dB": {
        "dmean": 0.0525908730924,
        "dmean2": 0.105263158679,
        "dvar": 0.0498253814876,
        "dvar2": 0.142169043422,
        "max": 1,
        "mean": 0.971406519413,
        "median": 1,
        "min": 0,
        "stdev": 0.16666045785,
        "var": 0.0277757067233
    },
    "silence_rate_60dB": {
        "dmean": 0.00077339517884,
        "dmean2": 0.000773993786424,
        "dvar": 0.000772794999648,
        "dvar2": 0.000773391744588,
        "max": 1,
        "mean": 0.000772797502577,
        "median": 0,
        "min": 0,
        "stdev": 0.0277884714305,
        "var": 0.000772199186031
    },
    "spectral_centroid": {
        "dmean": 221.705963135,
        "dmean2": 351.433135986,
        "dvar": 97333.359375,
        "dvar2": 143314.59375,
        "max": 10433.7685547,
        "mean": 1533.05737305,
        "median": 1529.5423584,
        "min": 600.349487305,
        "stdev": 458.899841309,
        "var": 210589.0625
    },
    "spectral_complexity": {
        "dmean": 4.13147735596,
        "dmean2": 6.42801856995,
        "dvar": 14.0615348816,
        "dvar2": 29.7076663971,
        "max": 58,
        "mean": 30.3956718445,
        "median": 31,
        "min": 0,
        "stdev": 8.40638065338,
        "var": 70.6672286987
    },
    "spectral_decrease": {
        "dmean": 3.73430308898e-09,
        "dmean2": 5.40490274759e-09,
        "dvar": 2.37271365493e-17,
        "dvar2": 4.79993024043e-17,
        "max": -1.21572288962e-29,
        "mean": -1.07769961843e-08,
        "median": -9.05244412763e-09,
        "min": -4.31437570114e-08,
        "stdev": 6.44750786094e-09,
        "var": 4.15703554218e-17
    },
    "spectral_energy": {
        "dmean": 0.0143762500957,
        "dmean2": 0.0207677353173,
        "dvar": 0.000339873280609,
        "dvar2": 0.000685935898218,
        "max": 0.164790630341,
        "mean": 0.0435226820409,
        "median": 0.0370207577944,
        "min": 1.05364747775e-20,
        "stdev": 0.0246335547417,
        "var": 0.000606812012848
    },
    "spectral_energyband_high": {
        "dmean": 0.000369537097868,
        "dmean2": 0.000590712181292,
        "dvar": 2.54686653989e-07,
        "dvar2": 5.93401580318e-07,
        "max": 0.00712451338768,
        "mean": 0.00138299353421,
        "median": 0.00121855386533,
        "min": 7.41958310461e-21,
        "stdev": 0.000919256708585,
        "var": 8.45032843699e-07
    },
    "spectral_energyband_low": {
        "dmean": 0.011818007566,
        "dmean2": 0.0173444431275,
        "dvar": 0.000377938267775,
        "dvar2": 0.000757057394367,
        "max": 0.154183119535,
        "mean": 0.0193892419338,
        "median": 0.0113499797881,
        "min": 3.93933596458e-23,
        "stdev": 0.0243168883026,
        "var": 0.000591311079916
    },
    "spectral_energyband_middle_high": {
        "dmean": 0.00264752074145,
        "dmean2": 0.00377143127844,
        "dvar": 1.0324678442e-05,
        "dvar2": 1.9253755454e-05,
        "max": 0.0422653667629,
        "mean": 0.00926557648927,
        "median": 0.00660611595958,
        "min": 1.65238919906e-21,
        "stdev": 0.00698478426784,
        "var": 4.87872130179e-05
    },
    "spectral_energyband_middle_low": {
        "dmean": 0.00579040683806,
        "dmean2": 0.00890399236232,
        "dvar": 5.05073985551e-05,
        "dvar2": 0.000117728399346,
        "max": 0.084073767066,
        "mean": 0.0156098268926,
        "median": 0.0124605903402,
        "min": 3.66556778277e-22,
        "stdev": 0.0105510363355,
        "var": 0.000111324363388
    },
    "spectral_entropy": {
        "dmean": 0.0896910354495,
        "dmean2": 0.139868274331,
        "dvar": 0.0104886516929,
        "dvar2": 0.0190406236798,
        "max": 9.80815696716,
        "mean": 7.85053539276,
        "median": 7.89673280716,
        "min": 6.60080051422,
        "stdev": 0.24513193965,
        "var": 0.0600896663964
    },
    "spectral_flux": {
        "dmean": 0.0310940220952,
        "dmean2": 0.0505802221596,
        "dvar": 0.00124843185768,
        "dvar2": 0.00328896683641,
        "max": 0.306761741638,
        "mean": 0.113620683551,
        "median": 0.103056564927,
        "min": 1.02647335076e-10,
        "stdev": 0.047256693244,
        "var": 0.00223319488578
    },
    "spectral_kurtosis": {
        "dmean": 0.804420888424,
        "dmean2": 1.34126412868,
        "dvar": 0.636788785458,
        "dvar2": 1.70641958714,
        "max": 12.7355442047,
        "mean": 2.91956448555,
        "median": 2.74493432045,
        "min": -1.19099593163,
        "stdev": 1.26400363445,
        "var": 1.59770512581
    },
    "spectral_rms": {
        "dmean": 0.000998642295599,
        "dmean2": 0.00143077340908,
        "dvar": 1.16983153475e-06,
        "dvar2": 2.21219420382e-06,
        "max": 0.0126795638353,
        "mean": 0.00630195718259,
        "median": 0.00600980967283,
        "min": 3.20616406688e-12,
        "stdev": 0.00165726977866,
        "var": 2.74654303212e-06
    },
    "spectral_rolloff": {
        "dmean": 465.27053833,
        "dmean2": 741.36328125,
        "dvar": 592662.375,
        "dvar2": 955005.625,
        "max": 18884.6191406,
        "mean": 1427.63012695,
        "median": 1464.2578125,
        "min": 86.1328125,
        "stdev": 1045.20263672,
        "var": 1092448.5
    },
    "spectral_skewness": {
        "dmean": 0.138937085867,
        "dmean2": 0.222052708268,
        "dvar": 0.0167561285198,
        "dvar2": 0.0399029180408,
        "max": 2.44542551041,
        "mean": 1.2981108427,
        "median": 1.27659571171,
        "min": 0.0729178488255,
        "stdev": 0.269831985235,
        "var": 0.0728093013167
    },
    "spectral_spread": {
        "dmean": 385085.625,
        "dmean2": 555652.6875,
        "dvar": 1.22023824589e+12,
        "dvar2": 1.2939132928e+12,
        "max": 40260168,
        "mean": 4802282,
        "median": 4623068,
        "min": 2423864,
        "stdev": 1378194.875,
        "var": 1.89942123725e+12
    },
    "spectral_strongpeak": {
        "dmean": 0.573787510395,
        "dmean2": 0.974441885948,
        "dvar": 0.647716999054,
        "dvar2": 1.58981072903,
        "max": 7.60241365433,
        "mean": 0.99983227253,
        "median": 0.514349579811,
        "min": 0,
        "stdev": 1.17560076714,
        "var": 1.38203728199
    },
    "zerocrossingrate": {
        "dmean": 0.0097176656127,
        "dmean2": 0.0116340946406,
        "dvar": 0.000277131301118,
        "dvar2": 0.000311920448439,
        "max": 0.5224609375,
        "mean": 0.0625245273113,
        "median": 0.060791015625,
        "min": 0.01220703125,
        "stdev": 0.0260903742164,
        "var": 0.000680707627907
    },
    "barkbands": {
        "dmean": [0.000421235570684, 0.00974751450121, 0.00293732853606, 0.00212407438084, 0.00238927500322, 0.00138327246532, 0.00089110143017, 0.00120053719729, 0.00122606917284, 0.00134265306406, 0.00081008131383, 0.000434484798461, 0.000399342592573, 0.000581307802349, 0.000504999945406, 0.000270194053883, 0.000299898558296, 0.000256162922597, 0.000197848188691, 0.000156693786266, 0.000124769663671, 0.000108124600956, 8.30770004541e-05, 7.45525612729e-05, 5.48909811187e-05, 2.11429778574e-05, 1.02850538042e-06],
        "dmean2": [0.000681813107803, 0.0143723338842, 0.00496498961002, 0.00367811182514, 0.00394405750558, 0.00218194397166, 0.00141636584885, 0.0017917995574, 0.00200148439035, 0.00205234414898, 0.00122737209313, 0.000712863577064, 0.000680451397784, 0.000919422484003, 0.000832476187497, 0.000437820475781, 0.000494636595249, 0.000411677436205, 0.000321103521856, 0.000255700870184, 0.000209540361539, 0.000176254514372, 0.000130893226014, 0.000115293078125, 8.69331124704e-05, 3.23446074617e-05, 1.7217067807e-06],
        "dvar": [7.30114777525e-07, 0.000400281976908, 1.20630329548e-05, 6.95824246577e-06, 2.16067219299e-05, 4.73953923574e-06, 2.43457020588e-06, 6.50436777505e-06, 4.15703880208e-06, 5.90880335949e-06, 2.72300667348e-06, 3.57944429652e-07, 3.04214665903e-07, 6.63471951157e-07, 3.90647812765e-07, 1.96378607598e-07, 3.43364746413e-07, 8.87465319011e-08, 4.40721095174e-08, 2.5705634954e-08, 2.06621155741e-08, 2.12143209666e-08, 1.04857589278e-08, 2.09150883279e-08, 1.45755310044e-08, 2.754796391e-09, 6.79260163741e-12],
        "dvar2": [1.87717557765e-06, 0.000828090647701, 3.17977792292e-05, 1.95112897927e-05, 5.75951744395e-05, 1.00844054032e-05, 5.6746403061e-06, 1.17455183499e-05, 1.13905198305e-05, 1.30601238197e-05, 5.57729890716e-06, 8.35297953472e-07, 8.15099156171e-07, 1.47248692883e-06, 1.00706392914e-06, 4.32111050941e-07, 9.32446710067e-07, 1.96688546339e-07, 1.0506434478e-07, 6.32193462025e-08, 5.73133611681e-08, 5.21170804291e-08, 2.4161236567e-08, 4.92051448475e-08, 3.27590150562e-08, 6.30041840921e-09, 1.67156895964e-11],
        "max": [0.00795967876911, 0.146345347166, 0.0366579480469, 0.0321436710656, 0.0532206967473, 0.0255315862596, 0.0245812367648, 0.0712830796838, 0.0256079118699, 0.0320201478899, 0.0244652237743, 0.00788095407188, 0.00473493430763, 0.0154812689871, 0.007208943367, 0.00861421041191, 0.0159052237868, 0.0053126742132, 0.00310547254048, 0.00209147972055, 0.0017216859851, 0.00346058118157, 0.00166844192427, 0.00249177077785, 0.00177552900277, 0.00119601318147, 3.7254216295e-05],
        "mean": [0.000511082762387, 0.0117460126057, 0.00523984525353, 0.00329136638902, 0.00352924177423, 0.00260465266183, 0.00135110272095, 0.0025953722652, 0.00180461490527, 0.00214364170097, 0.0013492021244, 0.000755126238801, 0.000659906945657, 0.00110290502198, 0.000968078267761, 0.000515693798661, 0.000651397742331, 0.000620902574155, 0.000486950739287, 0.000414714653743, 0.000305432360619, 0.000302814383758, 0.000244404043769, 0.000175628039869, 0.000112523135613, 3.90558743675e-05, 1.03717786715e-06],
        "median": [6.04397937423e-05, 0.00336148939095, 0.00420491397381, 0.00222731218673, 0.00221546040848, 0.00119264284149, 0.000602970190812, 0.000541263492778, 0.00105156586505, 0.000756771536544, 0.000394328148104, 0.000463641539682, 0.000427795603173, 0.000689870270435, 0.000576867198106, 0.000364225357771, 0.000424494908657, 0.000485659984406, 0.000411645072745, 0.000368655193597, 0.000273819052381, 0.000256702478509, 0.000201869872399, 0.000117595016491, 6.3104176661e-05, 2.13038292713e-05, 2.52148083746e-07],
        "min": [1.13545514808e-23, 3.86929963124e-24, 2.23950826788e-23, 1.20234432084e-23, 9.45348110737e-24, 4.64692778826e-23, 6.79220283448e-23, 4.91666078877e-23, 1.5879150293e-22, 5.1903216855e-23, 2.62568392221e-23, 9.65610176637e-23, 1.14215245095e-22, 1.13871945451e-22, 1.03763576475e-22, 2.11316007701e-22, 3.93090979415e-22, 1.20708062594e-22, 3.37833481815e-22, 3.27486252068e-22, 3.26686637411e-22, 4.2918122699e-22, 8.4718976018e-22, 6.25524894523e-22, 1.26791338852e-21, 1.69013557491e-21, 2.2478336282e-21],
        "stdev": [0.00100534863304, 0.0225515346974, 0.00462514348328, 0.00361287477426, 0.00462949601933, 0.00370261655189, 0.00211094180122, 0.007217513863, 0.00247468613088, 0.00345179322176, 0.00270307250321, 0.000841092900373, 0.000677071046084, 0.00123875704594, 0.00100090482738, 0.000630302762147, 0.000990101485513, 0.000517041422427, 0.000316824007314, 0.000261408771621, 0.000208256809856, 0.000275516678812, 0.000189818500075, 0.000202396448003, 0.000167977996171, 6.58596327412e-05, 2.7462244816e-06],
        "var": [1.01072589587e-06, 0.000508571742103, 2.1391950213e-05, 1.30528633235e-05, 2.14322335523e-05, 1.37093693411e-05, 4.4560756578e-06, 5.20925059391e-05, 6.1240712057e-06, 1.19148762678e-05, 7.30660076442e-06, 7.07437266101e-07, 4.58425233774e-07, 1.53451912865e-06, 1.00181057405e-06, 3.97281553433e-07, 9.80301024356e-07, 2.67331841997e-07, 1.00377455681e-07, 6.83345504626e-08, 4.33708997605e-08, 7.59094476166e-08, 3.60310608016e-08, 4.09643234889e-08, 2.8216607717e-08, 4.33749125506e-09, 7.54174847573e-12]
    },
    "erbbands": {
        "dmean": [0.214842408895, 2.45431518555, 3.4707171917, 5.53363227844, 9.12254333496, 7.17050743103, 8.14766979218, 12.2437505722, 10.5936527252, 16.7044372559, 29.2200317383, 26.6332836151, 32.6796951294, 44.4114570618, 20.0167713165, 15.7548303604, 15.2958221436, 27.3628978729, 31.1645431519, 16.2942943573, 14.5165462494, 13.5900411606, 12.790594101, 11.0028476715, 9.90276813507, 7.18136739731, 5.58266496658, 4.5909986496, 3.61567592621, 4.04272651672, 2.26439929008, 1.83055865765, 1.1356357336, 0.716329753399, 0.345036357641, 0.137610420585, 0.0302407369018, 0.003904446261, 9.93932117126e-05, 1.74704437086e-05],
        "dmean2": [0.328850388527, 3.74182391167, 5.74082946777, 9.69917488098, 14.9103555679, 12.173453331, 13.179022789, 19.404882431, 16.8977813721, 26.9443264008, 41.7551193237, 42.6634368896, 51.1627922058, 68.299987793, 30.4809951782, 25.2153072357, 25.7749462128, 44.5575065613, 49.6601791382, 26.3491134644, 23.6189002991, 21.9605541229, 20.1273365021, 17.6978378296, 15.8511724472, 11.6978130341, 9.49241065979, 7.77288722992, 5.9932141304, 6.64562368393, 3.54256367683, 2.89070081711, 1.76472985744, 1.14343380928, 0.544590115547, 0.217539742589, 0.0466717332602, 0.00605302024633, 0.000156679772772, 2.50583525485e-05],
        "dvar": [0.194161772728, 26.9105606079, 23.7950649261, 43.752696991, 282.998321533, 199.119384766, 185.233032227, 475.315338135, 401.774780273, 1598.52075195, 3997.81982422, 2252.51391602, 3044.33422852, 7482.13085938, 1019.12200928, 393.2109375, 455.968048096, 1827.18945312, 1386.06311035, 470.089263916, 833.854187012, 449.362335205, 207.014373779, 138.353057861, 120.018585205, 55.7419052124, 36.0507583618, 36.8711776733, 31.9687900543, 19.540851593, 7.86297988892, 11.099524498, 4.76783275604, 2.42665457726, 0.59109377861, 0.121025949717, 0.00503039872274, 0.00010732098599, 7.17654700111e-08, 4.38375835632e-10],
        "dvar2": [0.367743462324, 58.9016227722, 58.229309082, 125.115371704, 725.244689941, 561.818725586, 456.513305664, 1014.84674072, 998.00201416, 4217.1640625, 5940.27441406, 6138.80419922, 7010.09277344, 16448.0488281, 2213.59692383, 880.39453125, 1175.07458496, 4364.015625, 3358.61303711, 1213.33850098, 1893.26525879, 1070.64929199, 449.139801025, 351.96005249, 280.225372314, 139.825256348, 100.857658386, 98.8198013306, 80.0021057129, 50.0870819092, 17.0830039978, 27.476442337, 10.1859235764, 5.62840127945, 1.31488001347, 0.288475900888, 0.0110830264166, 0.000230585821555, 1.5901359518e-07, 8.7091123202e-10],
        "max": [3.96743559837, 38.1367378235, 45.3630828857, 87.8568344116, 214.68157959, 147.376327515, 236.926589966, 311.211853027, 375.18572998, 848.218322754, 1949.70922852, 631.521362305, 766.321594238, 1243.11364746, 494.914093018, 310.901885986, 219.181289673, 905.50604248, 494.887908936, 313.128234863, 780.674316406, 482.615081787, 236.462265015, 158.035186768, 160.630233765, 92.8791275024, 58.3423995972, 102.077033997, 140.26071167, 59.875793457, 55.0599784851, 57.302936554, 30.3260231018, 22.5768203735, 12.1974573135, 7.80022478104, 1.35918927193, 0.178955540061, 0.00461202580482, 0.00020862207748],
        "mean": [0.282107383013, 2.82662177086, 6.01923799515, 9.81341648102, 12.6232872009, 9.92877197266, 13.8361682892, 22.8979415894, 18.9435157776, 26.0050678253, 67.1485748291, 42.636932373, 55.2376060486, 80.890586853, 38.994972229, 30.1695652008, 28.0070152283, 52.2142868042, 62.8044090271, 35.4042243958, 31.2900466919, 33.2855033875, 33.4140815735, 28.3229503632, 24.6198825836, 19.0256233215, 14.3344116211, 11.0266885757, 9.88905715942, 10.6094045639, 6.59026241302, 4.44080305099, 2.5224134922, 1.43134486675, 0.686664700508, 0.252946019173, 0.0562461353838, 0.00602635368705, 0.000174985645572, 5.91169264226e-05],
        "median": [0.0794715061784, 0.830831289291, 4.28809452057, 7.10765504837, 7.80119895935, 6.10942935944, 6.69315338135, 9.33157920837, 9.45449829102, 10.9467344284, 15.208152771, 24.7807769775, 25.3959312439, 27.3660011292, 17.9431037903, 21.2873840332, 19.6455841064, 35.102355957, 42.5939254761, 24.5775279999, 20.740562439, 22.9190273285, 25.3856372833, 24.9421958923, 20.5201721191, 16.6392002106, 13.3445386887, 9.39316272736, 8.05520343781, 9.02424049377, 5.36864852905, 3.21702432632, 1.49929428101, 0.798477828503, 0.398609578609, 0.137108594179, 0.0311251170933, 0.00266001373529, 9.37748627621e-05, 5.22529699083e-05],
        "min": [1.24416415668e-22, 1.10826278451e-21, 1.53561783259e-20, 5.08518134984e-20, 2.24563041164e-20, 3.87826505941e-20, 9.05327466948e-20, 4.59223172334e-19, 6.50073281792e-19, 1.36763188706e-18, 1.53120974833e-18, 3.37392537559e-18, 2.6505309077e-18, 1.50397710141e-18, 1.21642451186e-18, 4.71268245542e-18, 5.40386175397e-18, 6.62605750496e-18, 3.85514638234e-18, 7.58967990519e-18, 1.25227187263e-17, 2.42832666188e-17, 8.54944268069e-18, 1.46642066141e-17, 1.35155803068e-17, 1.4415592518e-17, 1.46867489402e-17, 1.49702816388e-17, 1.34691076457e-17, 1.93022893724e-17, 2.47643416281e-17, 1.58920635892e-17, 1.16495915394e-17, 1.14560751167e-17, 9.75210373434e-18, 5.47648986611e-18, 3.61948552095e-18, 1.21584052235e-18, 2.97878672874e-19, 3.47442869889e-20],
        "stdev": [0.532097101212, 5.51536893845, 6.07036733627, 9.34320259094, 17.2393474579, 13.2568845749, 21.5449981689, 36.0917892456, 29.9465675354, 46.6126213074, 190.839248657, 59.0697860718, 80.3798446655, 134.919692993, 52.611579895, 29.3960037231, 26.3642120361, 58.6886482239, 59.41979599, 34.1632919312, 48.6993598938, 39.549533844, 27.9938144684, 19.2163276672, 16.5946922302, 11.981004715, 8.69973182678, 9.32907390594, 9.70144557953, 8.00953102112, 5.40629673004, 4.48896741867, 3.36807584763, 2.11845421791, 1.06359863281, 0.428717970848, 0.0922823399305, 0.013149831444, 0.000322198844515, 2.96974285448e-05],
        "var": [0.283127337694, 30.4192943573, 36.8493614197, 87.2954406738, 297.195068359, 175.744995117, 464.186981201, 1302.61730957, 896.796875, 2172.73657227, 36419.6171875, 3489.23950195, 6460.91943359, 18203.3242188, 2767.97827148, 864.125, 695.071655273, 3444.35742188, 3530.7121582, 1167.13049316, 2371.62768555, 1564.16552734, 783.653625488, 369.267272949, 275.38381958, 143.54447937, 75.685333252, 87.0316238403, 94.1180496216, 64.1525878906, 29.2280426025, 20.1508274078, 11.3439350128, 4.48784828186, 1.13124215603, 0.183799088001, 0.00851603038609, 0.0001729180658, 1.03812091368e-07, 8.81937300967e-10]
    },
    "gfcc": {
        "mean": [57.7969055176, 83.4812164307, -122.244506836, 43.3617935181, -59.0462417603, 23.8949546814, -37.0630302429, 13.3669643402, -24.6100158691, 1.74432969093, -20.0795917511, -2.60585236549, -14.6347780228],
        "cov": [[2299.68188477, -194.149780273, -100.03213501, 9.48447608948, -129.998428345, 136.723052979, -28.5745773315, 103.710601807, -26.6831684113, 35.973815918, -82.0687103271, 12.0268096924, -100.671951294], [-194.149780273, 430.751251221, -34.9461097717, 96.8922195435, 101.006095886, -23.6266708374, 115.357681274, -50.3623161316, 23.5948905945, -13.103720665, 56.9100494385, 1.25675225258, 106.741851807], [-100.03213501, -34.9461097717, 274.850067139, 117.12588501, 55.0781440735, -15.7786474228, -38.5406188965, 9.87507247925, 19.235294342, 59.8000602722, 23.4204845428, 12.1710538864, -8.40220069885], [9.48447608948, 96.8922195435, 117.12588501, 348.803741455, 110.953109741, 7.33922529221, 33.5861625671, -79.2977905273, 4.9394235611, 18.6948242188, 27.4209270477, 42.2090492249, 62.7418670654], [-129.998428345, 101.006095886, 55.0781440735, 110.953109741, 195.77671814, 63.3279380798, 95.0750350952, 0.90476077795, 11.3179130554, 17.4597644806, 14.2497701645, 29.1906509399, 54.1984863281], [136.723052979, -23.6266708374, -15.7786474228, 7.33922529221, 63.3279380798, 147.686035156, 98.3745193481, 38.0961723328, -0.0515974871814, 3.32466626167, -9.65471935272, -13.7746019363, -2.42492961884], [-28.5745773315, 115.357681274, -38.5406188965, 33.5861625671, 95.0750350952, 98.3745193481, 181.674667358, 23.3767185211, 13.0890493393, -4.95223045349, 1.90989303589, 5.45234060287, 35.0659942627], [103.710601807, -50.3623161316, 9.87507247925, -79.2977905273, 0.90476077795, 38.0961723328, 23.3767185211, 118.605461121, 43.1010818481, 21.3919792175, 0.854892194271, -29.3674163818, -29.1359062195], [-26.6831684113, 23.5948905945, 19.235294342, 4.9394235611, 11.3179130554, -0.0515974871814, 13.0890493393, 43.1010818481, 71.4547271729, 28.7404136658, 26.8481483459, -8.03376960754, -6.26489543915], [35.973815918, -13.103720665, 59.8000602722, 18.6948242188, 17.4597644806, 3.32466626167, -4.95223045349, 21.3919792175, 28.7404136658, 75.3830490112, 29.1468334198, 0.861202478409, -12.8726673126], [-82.0687103271, 56.9100494385, 23.4204845428, 27.4209270477, 14.2497701645, -9.65471935272, 1.90989303589, 0.854892194271, 26.8481483459, 29.1468334198, 72.2206954956, 30.2451095581, 21.5289306641], [12.0268096924, 1.25675225258, 12.1710538864, 42.2090492249, 29.1906509399, -13.7746019363, 5.45234060287, -29.3674163818, -8.03376960754, 0.861202478409, 30.2451095581, 102.824829102, 52.0154914856], [-100.671951294, 106.741851807, -8.40220069885, 62.7418670654, 54.1984863281, -2.42492961884, 35.0659942627, -29.1359062195, -6.26489543915, -12.8726673126, 21.5289306641, 52.0154914856, 101.462089539]],
        "icov": [[0.000842175330035, -0.00104276218917, 0.0006930444506, -0.000971762929112, 0.00123143370729, -0.00178489391692, 0.00134781911038, -0.00185594125651, 0.000815534847789, -0.00136322365142, 0.00218764948659, -0.00227056001313, 0.00146895588841], [-0.00104276218917, 0.00848438870162, -0.000493221450597, 0.00147576106247, -0.00348173617385, 0.00718859955668, -0.00717858877033, 0.00544695975259, -0.00219601928256, 0.00328040239401, -0.00874953530729, 0.00958467461169, -0.00761371012777], [0.0006930444506, -0.000493221450597, 0.00664982013404, -0.00301451538689, -0.000851474644151, -0.000446883757832, 0.00289374985732, -0.00362103572115, 0.00178295595106, -0.00435077911243, 0.00150728842709, -0.00207574339584, 0.00232798256911], [-0.000971762929112, 0.00147576106247, -0.00301451538689, 0.00667322520167, -0.00304388860241, 0.00139417068567, -0.00212663249113, 0.00710177281871, -0.00351801910438, 0.00170668936335, -0.00273647601716, 0.00320193171501, -0.00352089107037], [0.00123143370729, -0.00348173617385, -0.000851474644151, -0.00304388860241, 0.0123281376436, -0.00596776930615, -5.30765173608e-05, -0.00383049622178, 0.0010968982242, -0.0038868682459, 0.00595182226971, -0.00588247133419, 0.000214287443669], [-0.00178489391692, 0.00718859955668, -0.000446883757832, 0.00139417068567, -0.00596776930615, 0.0202076453716, -0.0126567063853, 0.00184876937419, 0.00198313849978, 0.00298097589985, -0.00874569825828, 0.010194205679, -0.00452664541081], [0.00134781911038, -0.00717858877033, 0.00289374985732, -0.00212663249113, -5.30765173608e-05, -0.0126567063853, 0.018181623891, -0.00598338292912, -0.00017378773191, -0.00246916059405, 0.00828772969544, -0.00859614834189, 0.00449248310179], [-0.00185594125651, 0.00544695975259, -0.00362103572115, 0.00710177281871, -0.00383049622178, 0.00184876937419, -0.00598338292912, 0.0231432914734, -0.0126509591937, 0.00279708276503, -0.00575746642426, 0.00937483273447, -0.00546996574849], [0.000815534847789, -0.00219601928256, 0.00178295595106, -0.00351801910438, 0.0010968982242, 0.00198313849978, -0.00017378773191, -0.0126509591937, 0.0265827234834, -0.00576664786786, -0.00467856181785, -0.000836579478346, 0.00366262416355], [-0.00136322365142, 0.00328040239401, -0.00435077911243, 0.00170668936335, -0.0038868682459, 0.00298097589985, -0.00246916059405, 0.00279708276503, -0.00576664786786, 0.024133304134, -0.0119800725952, 0.00513678556308, 0.00019905778754], [0.00218764948659, -0.00874953530729, 0.00150728842709, -0.00273647601716, 0.00595182226971, -0.00874569825828, 0.00828772969544, -0.00575746642426, -0.00467856181785, -0.0119800725952, 0.0333886779845, -0.0167561732233, 0.00498324632645], [-0.00227056001313, 0.00958467461169, -0.00207574339584, 0.00320193171501, -0.00588247133419, 0.010194205679, -0.00859614834189, 0.00937483273447, -0.000836579478346, 0.00513678556308, -0.0167561732233, 0.0276018753648, -0.0154341896996], [0.00146895588841, -0.00761371012777, 0.00232798256911, -0.00352089107037, 0.000214287443669, -0.00452664541081, 0.00449248310179, -0.00546996574849, 0.00366262416355, 0.00019905778754, 0.00498324632645, -0.0154341896996, 0.0254538059235]]
    },
    "melbands": {
        "dmean": [0.00236838660203, 0.00221840990707, 0.000962354475632, 0.000566595059354, 0.000261479988694, 0.000264168920694, 0.000165921039297, 0.000193281666725, 0.000230206249398, 0.000171161009348, 0.000171885520103, 0.00019200152019, 8.57573977555e-05, 5.6545042753e-05, 3.36676457664e-05, 3.82596917916e-05, 5.45976399735e-05, 5.54684302188e-05, 2.94569563266e-05, 1.97057925106e-05, 1.94255098904e-05, 1.53856744873e-05, 1.61974003277e-05, 1.26579388962e-05, 9.50019693846e-06, 7.96418771642e-06, 7.38297785574e-06, 4.94007645102e-06, 3.90827926822e-06, 3.61147385775e-06, 2.61713080363e-06, 2.27609075409e-06, 2.40102053795e-06, 2.38478082792e-06, 1.47331570588e-06, 1.28991143811e-06, 1.16051819532e-06, 8.98477082956e-07, 7.70116344029e-07, 6.17543264525e-07],
        "dmean2": [0.0035328718368, 0.00347886211239, 0.00165860552806, 0.000940641271882, 0.000427381863119, 0.000416427792516, 0.000265349488473, 0.000300268118735, 0.000331060466124, 0.000279314641375, 0.000270094693406, 0.000294753088383, 0.00013021666382, 9.22718463698e-05, 5.61396409466e-05, 6.36919648969e-05, 8.85577610461e-05, 8.85305926204e-05, 4.79008194816e-05, 3.24635002471e-05, 3.15756769851e-05, 2.49566328421e-05, 2.59777880274e-05, 2.04267507797e-05, 1.54825265781e-05, 1.30487933347e-05, 1.19012838695e-05, 8.27227722766e-06, 6.66269306748e-06, 6.17221576249e-06, 4.40803751189e-06, 3.8485522964e-06, 3.84573195333e-06, 3.97840221922e-06, 2.35658808379e-06, 2.02491901291e-06, 1.84127713965e-06, 1.39769440466e-06, 1.20356799016e-06, 9.99904159471e-07],
        "dvar": [2.38192878896e-05, 1.39768153531e-05, 1.34166475618e-06, 1.32094578476e-06, 1.82365056389e-07, 1.9963110276e-07, 8.67141025651e-08, 1.86715837458e-07, 2.27244626672e-07, 8.6809137656e-08, 8.68309655289e-08, 1.35697845849e-07, 2.49066154367e-08, 6.78467992898e-09, 1.95029747907e-09, 3.32707572603e-09, 6.67619337591e-09, 4.5986876529e-09, 1.76708292443e-09, 7.18795079013e-10, 1.97709071337e-09, 8.07138855752e-10, 4.51557513603e-10, 2.00623725966e-10, 1.04622942254e-10, 7.71802899369e-11, 5.87689757969e-11, 2.82612631214e-11, 1.86361915483e-11, 1.6961198071e-11, 1.2421761536e-11, 1.19179379907e-11, 1.0794064427e-11, 6.84577221299e-12, 3.14157077089e-12, 3.14884012961e-12, 4.83967249956e-12, 2.64396642601e-12, 2.86168246218e-12, 1.78289783111e-12],
        "dvar2": [4.52884669357e-05, 3.19779683196e-05, 3.6526034819e-06, 3.53792552232e-06, 4.8763928362e-07, 4.24158315582e-07, 2.1298860986e-07, 4.92417655096e-07, 3.53951264742e-07, 2.39304398519e-07, 1.97932735091e-07, 3.01384744716e-07, 5.07323960619e-08, 1.58601309863e-08, 4.89952034499e-09, 8.79762129813e-09, 1.57365320774e-08, 1.07472022393e-08, 4.50493331527e-09, 1.83264858844e-09, 4.5778829616e-09, 1.9975774368e-09, 1.04990749428e-09, 4.86343521011e-10, 2.71368399973e-10, 1.87386883788e-10, 1.35668837276e-10, 7.21371434809e-11, 5.24852904193e-11, 4.67658654857e-11, 3.40455511005e-11, 3.04743730251e-11, 2.64797628269e-11, 1.8208741806e-11, 7.20927961426e-12, 7.18452814602e-12, 1.25084075042e-11, 5.99774787127e-12, 6.47149478103e-12, 4.34718840786e-12],
        "max": [0.0334338545799, 0.0281675774604, 0.0133878141642, 0.0140283079818, 0.00620502093807, 0.00604294845834, 0.00565298693255, 0.00964889209718, 0.0144815640524, 0.00365732354112, 0.00395420519635, 0.00470376899466, 0.00247533153743, 0.00120473233983, 0.000454693799838, 0.000668019580189, 0.00168002629653, 0.00100466271397, 0.000700749864336, 0.000375353789423, 0.00133009266574, 0.000641337479465, 0.000413472618675, 0.000213611710933, 0.000131766166305, 0.000108954896859, 0.000107381907583, 5.21493275301e-05, 3.89539745811e-05, 4.73808941024e-05, 5.47874442418e-05, 8.01201749709e-05, 7.3351424362e-05, 2.81160337181e-05, 3.57933313353e-05, 2.48992346314e-05, 3.83643564419e-05, 2.12390896195e-05, 3.0242059438e-05, 2.02368992177e-05],
        "mean": [0.00302621116862, 0.00340031110682, 0.00175578880589, 0.000815196777694, 0.000457440997707, 0.000499441346619, 0.000295973528409, 0.000323623156874, 0.000517503765877, 0.000253471109318, 0.000278994819382, 0.000335814082064, 0.00015351131151, 9.68608728726e-05, 5.86577662034e-05, 6.68084758217e-05, 0.00010003503121, 0.000105760380393, 5.90420386288e-05, 3.72382237401e-05, 3.77735086659e-05, 3.34922078764e-05, 3.60069643648e-05, 2.85329424514e-05, 2.21724621952e-05, 1.77857691597e-05, 1.663061812e-05, 1.17305853564e-05, 9.25474159885e-06, 7.67057190387e-06, 5.77203172725e-06, 5.44790555068e-06, 5.97793632551e-06, 5.66038625038e-06, 3.79906123271e-06, 3.17279977935e-06, 2.49095592153e-06, 1.8605932155e-06, 1.38490349855e-06, 1.15002205803e-06],
        "median": [0.000907817156985, 0.00202412856743, 0.00135047559161, 0.000511073856615, 0.000243809423409, 0.000210196114494, 0.000140561751323, 0.000121551347547, 0.000127590406919, 0.000148238876136, 0.00012240302749, 0.000111708650365, 5.57669918635e-05, 5.92148280703e-05, 4.22907905886e-05, 4.35235197074e-05, 6.43721868983e-05, 6.88483705744e-05, 3.64694569726e-05, 2.67961877398e-05, 2.27645941777e-05, 2.19774956349e-05, 2.43945723923e-05, 2.24857449211e-05, 1.92621264432e-05, 1.47238642967e-05, 1.37921306305e-05, 1.01936793726e-05, 8.43559791974e-06, 6.59827310301e-06, 4.87393299409e-06, 4.44816396339e-06, 4.68612188342e-06, 4.73791487821e-06, 3.0745031836e-06, 2.39057180806e-06, 1.72281681898e-06, 1.08163703771e-06, 7.36042125027e-07, 6.06576008977e-07],
        "min": [1.35925910869e-24, 6.58944349373e-24, 7.17984592786e-24, 2.45770167224e-24, 2.64628537974e-24, 1.01892445739e-23, 1.13094168041e-23, 1.40422542275e-23, 1.42488742535e-23, 2.20518871643e-23, 1.23199760227e-23, 5.69554654784e-24, 3.7183495193e-24, 5.92714743215e-24, 2.22132518179e-23, 7.51792331285e-24, 1.25005376065e-23, 4.38422819269e-24, 9.53885478997e-24, 1.3403136477e-23, 1.22330916715e-23, 2.85906700107e-23, 1.07486218975e-23, 5.66772618473e-24, 1.30413830097e-23, 1.1517682394e-23, 7.91972251517e-24, 9.98296296923e-24, 1.0698024359e-23, 7.6065447358e-24, 8.64974149661e-24, 7.52665994737e-24, 8.14000561207e-24, 1.15645580867e-23, 1.40429326478e-23, 1.47280930539e-23, 7.22077834251e-24, 7.43690729788e-24, 9.26923396548e-24, 9.46385068397e-24],
        "stdev": [0.00574788916856, 0.00424853665754, 0.00152218190487, 0.00110664009117, 0.000641524791718, 0.000756244291551, 0.00044802002958, 0.000595707388129, 0.00139922439121, 0.000350303802406, 0.000422587792855, 0.000554435828235, 0.000256611179793, 0.000114450522233, 5.49104588572e-05, 7.30893807486e-05, 0.000115378796181, 0.000104949096567, 6.68595675961e-05, 3.54256408173e-05, 7.73264328018e-05, 4.66124911327e-05, 3.99301789002e-05, 2.29639481404e-05, 1.58125349117e-05, 1.2307781617e-05, 1.2008406884e-05, 8.01715577836e-06, 6.04411980021e-06, 5.70537667954e-06, 5.18970546182e-06, 5.41798499398e-06, 6.08458231e-06, 4.20054857386e-06, 3.25813380186e-06, 2.86540694105e-06, 2.77634080703e-06, 2.57560236605e-06, 2.2119352252e-06, 1.79001460765e-06],
        "var": [3.3038231777e-05, 1.8050062863e-05, 2.31703779718e-06, 1.2246522374e-06, 4.11554083257e-07, 5.71905388824e-07, 2.00721942178e-07, 3.54867324859e-07, 1.95782899937e-06, 1.22712748407e-07, 1.78580449983e-07, 3.07399119492e-07, 6.58492922412e-08, 1.30989219471e-08, 3.01515834522e-09, 5.34205746305e-09, 1.33122659562e-08, 1.1014312129e-08, 4.47020154226e-09, 1.254976012e-09, 5.97937743763e-09, 2.17272422276e-09, 1.59441926328e-09, 5.27342891576e-10, 2.50036269467e-10, 1.51481494015e-10, 1.44201831032e-10, 6.42747799429e-11, 3.6531382086e-11, 3.25513227484e-11, 2.69330426017e-11, 2.93545604491e-11, 3.70221422963e-11, 1.76446079969e-11, 1.06154356139e-11, 8.2105572341e-12, 7.70806769107e-12, 6.63372698786e-12, 4.89265702605e-12, 3.20415243817e-12]
    },
    "melbands128": {
