{
"lowlevel": {
    "average_loudness": 0.979807198048,
    "barkbands_crest": {
        "dmean": 2.64811182022,
        "dmean2": 3.97234272957,
        "dvar": 6.39324951172,
        "dvar2": 13.938580513,
        "max": 25.1217079163,
        "mean": 11.6738042831,
        "median": 10.7805423737,
        "min": 2.7464094162,
        "stdev": 4.58011627197,
        "var": 20.9774665833
    },
    "barkbands_flatness_db": {
        "dmean": 0.0275776535273,
        "dmean2": 0.0380778722465,
        "dvar": 0.000779757625423,
        "dvar2": 0.00140275293961,
        "max": 0.480109512806,
        "mean": 0.177991956472,
        "median": 0.17424480617,
        "min": 0.0517038032413,
        "stdev": 0.0573627650738,
        "var": 0.00329048698768
    },
    "barkbands_kurtosis": {
        "dmean": 3.84081268311,
        "dmean2": 5.79419517517,
        "dvar": 82.4807128906,
        "dvar2": 200.485290527,
        "max": 237.402435303,
        "mean": 6.79335021973,
        "median": 3.82981920242,
        "min": -1.86157977581,
        "stdev": 11.5571537018,
        "var": 133.5677948
    },
    "barkbands_skewness": {
        "dmean": 0.564725875854,
        "dmean2": 0.834371745586,
        "dvar": 0.425496280193,
        "dvar2": 0.968518435955,
        "max": 10.2084159851,
        "mean": 1.74178254604,
        "median": 1.5951025486,
        "min": -2.34681892395,
        "stdev": 1.3018103838,
        "var": 1.69471037388
    },
    "barkbands_spread": {
        "dmean": 5.23294401169,
        "dmean2": 8.08772754669,
        "dvar": 77.1889648438,
        "dvar2": 164.348800659,
        "max": 101.143676758,
        "mean": 15.0903329849,
        "median": 12.0079879761,
        "min": 0.194942325354,
        "stdev": 12.5339231491,
        "var": 157.099227905
    },
    "dissonance": {
        "dmean": 0.0302205197513,
        "dmean2": 0.0492137447,
        "dvar": 0.000839394051582,
        "dvar2": 0.00218696310185,
        "max": 0.49827221036,
        "mean": 0.42512384057,
        "median": 0.429960846901,
        "min": 0.100577674806,
        "stdev": 0.0445040501654,
        "var": 0.00198061042465
    },
    "dynamic_complexity": 2.67987442017,
    "erbbands_crest": {
        "dmean": 2.82383728027,
        "dmean2": 4.31741857529,
        "dvar": 7.13498163223,
        "dvar2": 16.6809978485,
        "max": 25.8568286896,
        "mean": 12.485704422,
        "median": 11.8604736328,
        "min": 2.90194439888,
        "stdev": 4.81525468826,
        "var": 23.1866779327
    },
    "erbbands_flatness_db": {
        "dmean": 0.022338014096,
        "dmean2": 0.030588908121,
        "dvar": 0.000560205371585,
        "dvar2": 0.0010848895181,
        "max": 0.37394168973,
        "mean": 0.184995785356,
        "median": 0.185169562697,
        "min": 0.0721267983317,
        "stdev": 0.049410585314,
        "var": 0.00244140578434
    },
    "erbbands_kurtosis": {
        "dmean": 1.58876407146,
        "dmean2": 2.41177773476,
        "dvar": 4.91053581238,
        "dvar2": 10.3299922943,
        "max": 41.4392356873,
        "mean": 2.6559343338,
        "median": 1.9710559845,
        "min": -1.7768253088,
        "stdev": 3.48436617851,
        "var": 12.1408071518
    },
    "erbbands_skewness": {
        "dmean": 0.429824978113,
        "dmean2": 0.63586139679,
        "dvar": 0.192999258637,
        "dvar2": 0.397853672504,
        "max": 5.32103490829,
        "mean": 0.950299561024,
        "median": 0.941748261452,
        "min": -1.6370600462,
        "stdev": 0.837859153748,
        "var": 0.702008008957
    },
    "erbbands_spread": {
        "dmean": 8.13574886322,
        "dmean2": 11.954624176,
        "dvar": 141.542678833,
        "dvar2": 282.348724365,
        "max": 180.97454834,
        "mean": 28.8033370972,
        "median": 22.6983547211,
        "min": 2.34502959251,
        "stdev": 20.8446941376,
        "var": 434.501251221
    },
    "hfc": {
        "dmean": 7.48220586777,
        "dmean2": 10.7718219757,
        "dvar": 151.79498291,
        "dvar2": 336.31817627,
        "max": 156.45489502,
        "mean": 22.0272121429,
        "median": 17.8701610565,
        "min": 1.13476514253e-16,
        "stdev": 19.3991832733,
        "var": 376.328277588
    },
    "loudness_ebu128": {
        "integrated": -9.1439037323,
        "loudness_range": 1.24603462219,
        "momentary": {
            "dmean": 0.611049056053,
            "dmean2": 0.639529526234,
            "dvar": 0.402341365814,
            "dvar2": 0.481921344995,
            "max": -6.82820796967,
            "mean": -9.52602863312,
            "median": -8.93659305573,
            "min": -17.6894855499,
            "stdev": 2.06651139259,
            "var": 4.27046918869
        },
        "short_term": {
            "dmean": 0.0771886631846,
            "dmean2": 0.0753384158015,
            "dvar": 0.00361959449947,
            "dvar2": 0.00372809334658,
            "max": -8.00570297241,
            "mean": -8.99674701691,
            "median": -9.00707054138,
            "min": -10.8255910873,
            "stdev": 0.438916236162,
            "var": 0.192647457123
        }
    },
    "melbands_crest": {
        "dmean": 2.86988472939,
        "dmean2": 4.45725107193,
        "dvar": 8.51867675781,
        "dvar2": 18.8932189941,
        "max": 30.3806228638,
        "mean": 14.6713724136,
        "median": 13.5349273682,
        "min": 2.57176303864,
        "stdev": 5.54296159744,
        "var": 30.7244243622
    },
    "melbands_flatness_db": {
        "dmean": 0.0311471838504,
        "dmean2": 0.0422313883901,
        "dvar": 0.00115075707436,
        "dvar2": 0.00199149199761,
        "max": 0.61112254858,
        "mean": 0.239247024059,
        "median": 0.230731084943,
        "min": 0.0126015832648,
        "stdev": 0.0725153461099,
        "var": 0.00525847589597
    },
    "melbands_kurtosis": {
        "dmean": 6.38109588623,
        "dmean2": 9.56851100922,
        "dvar": 147.010452271,
        "dvar2": 280.346893311,
        "max": 254.962188721,
        "mean": 13.2477464676,
        "median": 6.8191318512,
        "min": -1.27205979824,
        "stdev": 21.752746582,
        "var": 473.181945801
    },
    "melbands_skewness": {
        "dmean": 0.677569448948,
        "dmean2": 0.954394876957,
        "dvar": 0.630325257778,
        "dvar2": 1.25621628761,
        "max": 14.669757843,
        "mean": 2.21798110008,
        "median": 1.8995295763,
        "min": -1.7653387785,
        "stdev": 1.75678920746,
        "var": 3.08630824089
    },
    "melbands_spread": {
        "dmean": 5.17853593826,
        "dmean2": 7.85705518723,
        "dvar": 77.0106201172,
        "dvar2": 158.785980225,
        "max": 120.48462677,
        "mean": 16.3642139435,
        "median": 13.6993951797,
        "min": 0.334253847599,
        "stdev": 12.1884698868,
        "var": 148.558792114
    },
    "pitch_salience": {
        "dmean": 0.064422339201,
        "dmean2": 0.0994013100863,
        "dvar": 0.0044659296982,
        "dvar2": 0.0110693052411,
        "max": 0.85632121563,
        "mean": 0.50262773037,
        "median": 0.507346689701,
        "min": 0.144393146038,
        "stdev": 0.107425510883,
        "var": 0.0115402406082
    },
    "silence_rate_20dB": {
        "dmean": 0,
        "dmean2": 0,
        "dvar": 0,
        "dvar2": 0,
        "max": 1,
        "mean": 1,
        "median": 1,
        "min": 1,
        "stdev": 0,
        "var": 0
    },
    "silence_rate_30dB": {
        "dmean": 0.0417956672609,
        "dmean2": 0.0836560800672,
        "dvar": 0.0400489866734,
        "dvar2": 0.0967962369323,
        "max": 1,
        "mean": 0.956689894199,
        "median": 1,
        "min": 0,
        "stdev": 0.203554913402,
        "var": 0.0414346009493
    },
    "silence_rate_60dB": {
        "dmean": 0.0247678011656,
        "dmean2": 0.0480247884989,
        "dvar": 0.024154946208,
        "dvar2": 0.0503671951592,
        "max": 1,
        "mean": 0.0587780363858,
        "median": 0,
        "min": 0,
        "stdev": 0.235209286213,
        "var": 0.0553234070539
    },
    "spectral_centroid": {
        "dmean": 188.211120605,
        "dmean2": 282.769226074,
        "dvar": 154059.25,
        "dvar2": 241251.078125,
        "max": 11398.3945312,
        "mean": 937.191772461,
        "median": 865.666381836,
        "min": 126.847816467,
        "stdev": 521.421813965,
        "var": 271880.6875
    },
    "spectral_complexity": {
        "dmean": 2.88699698448,
        "dmean2": 4.36948108673,
        "dvar": 18.6528739929,
        "dvar2": 33.9773025513,
        "max": 50,
        "mean": 14.0378961563,
        "median": 13,
        "min": 0,
        "stdev": 6.75944471359,
        "var": 45.6900901794
    },
    "spectral_decrease": {
        "dmean": 2.9610873753e-09,
        "dmean2": 4.21919876814e-09,
        "dvar": 1.98673678817e-17,
        "dvar2": 4.24162071552e-17,
        "max": -1.1818029751e-28,
        "mean": -9.10763375828e-09,
        "median": -7.44454320412e-09,
        "min": -3.73603867843e-08,
        "stdev": 7.58532614498e-09,
        "var": 5.75371680143e-17
    },
    "spectral_energy": {
        "dmean": 0.0116011574864,
        "dmean2": 0.016549224034,
        "dvar": 0.000298520259093,
        "dvar2": 0.000638369994704,
        "max": 0.14431913197,
        "mean": 0.0363722778857,
        "median": 0.0302273277193,
        "min": 1.07386953957e-20,
        "stdev": 0.0294203553349,
        "var": 0.000865557347424
    },
    "spectral_energyband_high": {
        "dmean": 0.000445520679932,
        "dmean2": 0.000680779805407,
        "dvar": 1.17060835692e-06,
        "dvar2": 2.55738177657e-06,
        "max": 0.0171006433666,
        "mean": 0.000623458530754,
        "median": 0.000220754896873,
        "min": 7.201872237e-21,
        "stdev": 0.00144139816985,
        "var": 2.07762877835e-06
    },
    "spectral_energyband_low": {
        "dmean": 0.00666937371716,
        "dmean2": 0.00874923728406,
        "dvar": 0.000195842803805,
        "dvar2": 0.000385918800021,
        "max": 0.135263413191,
        "mean": 0.0134648410603,
        "median": 0.00459140120074,
        "min": 8.96865555694e-23,
        "stdev": 0.0240558944643,
        "var": 0.000578686071094
    },
    "spectral_energyband_middle_high": {
        "dmean": 0.00221607624553,
        "dmean2": 0.00293385353871,
        "dvar": 1.29995241878e-05,
        "dvar2": 2.1466799808e-05,
        "max": 0.0749232620001,
        "mean": 0.00725921615958,
        "median": 0.00337510323152,
        "min": 2.20530450859e-21,
        "stdev": 0.00944561790675,
        "var": 8.9219698566e-05
    },
    "spectral_energyband_middle_low": {
        "dmean": 0.00674345856532,
        "dmean2": 0.0108089391142,
        "dvar": 0.000172861342435,
        "dvar2": 0.000445647165179,
        "max": 0.123700343072,
        "mean": 0.0164406001568,
        "median": 0.0136794494465,
        "min": 2.30048475461e-22,
        "stdev": 0.0141793861985,
        "var": 0.00020105499425
    },
    "spectral_entropy": {
        "dmean": 0.250461101532,
        "dmean2": 0.353748381138,
        "dvar": 0.0869291052222,
        "dvar2": 0.153049573302,
        "max": 9.80055522919,
        "mean": 7.15174865723,
        "median": 7.13068151474,
        "min": 4.88120031357,
        "stdev": 0.534362077713,
        "var": 0.285542845726
    },
    "spectral_flux": {
        "dmean": 0.0310042258352,
        "dmean2": 0.0457832291722,
        "dvar": 0.00156578724273,
        "dvar2": 0.00278097647242,
        "max": 0.327092081308,
        "mean": 0.0807229503989,
        "median": 0.0608211234212,
        "min": 1.03627675885e-10,
        "stdev": 0.0605449676514,
        "var": 0.00366569310427
    },
    "spectral_kurtosis": {
        "dmean": 2.37462854385,
        "dmean2": 3.61367464066,
        "dvar": 13.7245426178,
        "dvar2": 28.3896770477,
        "max": 60.6970291138,
        "mean": 6.62258625031,
        "median": 5.5975856781,
        "min": -1.36095285416,
        "stdev": 5.56933307648,
        "var": 31.0174713135
    },
    "spectral_rms": {
        "dmean": 0.000883809931111,
        "dmean2": 0.00122617045417,
        "dvar": 1.37266670208e-06,
        "dvar2": 2.61354443865e-06,
        "max": 0.011865882203,
        "mean": 0.00546261761338,
        "median": 0.00543047674,
        "min": 3.23678475515e-12,
        "stdev": 0.00237589888275,
        "var": 5.64489573662e-06
    },
    "spectral_rolloff": {
        "dmean": 464.89755249,
        "dmean2": 798.948669434,
        "dvar": 1898776.125,
        "dvar2": 4002948,
        "max": 18669.2871094,
        "mean": 1130.99987793,
        "median": 882.861328125,
        "min": 86.1328125,
        "stdev": 1535.2454834,
        "var": 2356978.75
    },
    "spectral_skewness": {
        "dmean": 0.319113224745,
        "dmean2": 0.466161936522,
        "dvar": 0.159361198545,
        "dvar2": 0.30129301548,
        "max": 6.39285230637,
        "mean": 2.10045981407,
        "median": 2.06893897057,
        "min": -0.0628348365426,
        "stdev": 0.678061306477,
        "var": 0.4597671628
    },
    "spectral_spread": {
        "dmean": 881929.9375,
        "dmean2": 1249111.75,
        "dvar": 2.35221286912e+12,
        "dvar2": 3.48365180109e+12,
        "max": 41075748,
        "mean": 5186462,
        "median": 4783425.5,
        "min": 1361109.25,
        "stdev": 2321766.25,
        "var": 5.390598144e+12
    },
    "spectral_strongpeak": {
        "dmean": 0.613268136978,
        "dmean2": 0.996758639812,
        "dvar": 0.700953364372,
        "dvar2": 1.45593881607,
        "max": 10.6322660446,
        "mean": 1.57490777969,
        "median": 1.02638995647,
        "min": 2.83637624499e-09,
        "stdev": 1.49281275272,
        "var": 2.22848987579
    },
    "zerocrossingrate": {
        "dmean": 0.0119874561206,
        "dmean2": 0.0138655230403,
        "dvar": 0.000473270192742,
        "dvar2": 0.000571986252908,
        "max": 0.4794921875,
        "mean": 0.0509156882763,
        "median": 0.04345703125,
        "min": 0.00537109375,
        "stdev": 0.0375208891928,
        "var": 0.00140781712253
    },
    "barkbands": {
        "dmean": [9.29762754822e-05, 0.00569806946442, 0.00189450231846, 0.00219472055323, 0.00228189327754, 0.000878117862158, 0.00152854225598, 0.00139500014484, 0.000567769864574, 0.000757982605137, 0.000699557363987, 0.000721187621821, 0.000296398706269, 0.000194546519197, 0.000197729663341, 0.00011818351777, 0.000111286033643, 9.87153252936e-05, 0.000106105348095, 7.31043110136e-05, 5.7542038121e-05, 5.40513719898e-05, 6.91396489856e-05, 8.38248888613e-05, 0.000131729073473, 6.94473783369e-05, 2.36430128098e-06],
        "dmean2": [0.000139681389555, 0.00789918098599, 0.00300392392091, 0.00390343810432, 0.0039944765158, 0.00139506277628, 0.0022866667714, 0.00210405467078, 0.000797866028734, 0.00103625899646, 0.000988164916635, 0.000985972816125, 0.000435466587078, 0.000299705774523, 0.000292334210826, 0.000183730866411, 0.00017388696142, 0.000147837912664, 0.000166202196851, 0.000114447349915, 8.95211123861e-05, 8.43925736262e-05, 0.000110296088678, 0.000130540982354, 0.000207958990359, 0.000104238271888, 4.11916198573e-06],
        "dvar": [4.1309107246e-08, 0.000199836038519, 3.24872380588e-05, 3.80309247703e-05, 4.28945822932e-05, 3.17888179779e-06, 1.20794602481e-05, 1.2911156773e-05, 1.92532502297e-06, 2.62906246462e-06, 5.81778340347e-06, 3.50402342519e-06, 4.87955162498e-07, 2.25617242222e-07, 1.40930652037e-07, 5.58829817976e-08, 6.29487075798e-08, 3.22202389214e-08, 5.90294995106e-08, 2.97764337631e-08, 2.50560550086e-08, 4.63841054454e-08, 3.96336830022e-08, 3.88414740371e-08, 1.78402416395e-07, 4.68921399488e-08, 4.44297827695e-11],
        "dvar2": [9.37303710202e-08, 0.000428293365985, 7.72656567278e-05, 0.000102201433037, 0.000117983538075, 6.73198974255e-06, 2.70426808129e-05, 2.95776881103e-05, 3.99691634811e-06, 4.42458804173e-06, 1.13068645078e-05, 5.77417631575e-06, 1.02713386241e-06, 5.34894184057e-07, 3.03047301031e-07, 1.30284618649e-07, 1.56111497063e-07, 6.27758112159e-08, 1.38254065973e-07, 6.38857571289e-08, 5.29302752739e-08, 8.76201653455e-08, 1.03045366018e-07, 9.23683529663e-08, 4.36781618873e-07, 1.01469566971e-07, 1.1982911885e-10],
        "max": [0.00211908179335, 0.131484568119, 0.0629191994667, 0.0549814999104, 0.0775911286473, 0.0328355543315, 0.0634117200971, 0.056075938046, 0.0204681530595, 0.0315597243607, 0.0685365349054, 0.0355768464506, 0.0098096979782, 0.00835089571774, 0.0053211976774, 0.00300344126299, 0.00364881753922, 0.00269945105538, 0.00256268843077, 0.00186546193436, 0.00164526351728, 0.00652228156105, 0.00277464766987, 0.00264941272326, 0.00740567687899, 0.00467878114432, 5.93035001657e-05],
        "mean": [0.000134172514663, 0.00883513502777, 0.00314735644497, 0.00298806489445, 0.00267312698998, 0.00240550027229, 0.00369335408323, 0.00329451542348, 0.00125310278963, 0.00196493067779, 0.00140226690564, 0.001805857406, 0.000664293009322, 0.000337285018759, 0.000354606541805, 0.000202260664082, 0.000175880588358, 0.000183795767953, 0.000163991178852, 0.000107528147055, 6.68508873787e-05, 6.7509485234e-05, 8.75406112755e-05, 0.000123709192849, 0.000154457185999, 8.3530016127e-05, 1.64287064308e-06],
        "median": [1.27476687339e-05, 0.00138782220893, 0.000788150820881, 0.000957493437454, 0.00144075369462, 0.000905252527446, 0.00097167113563, 0.000679849414155, 0.000394502596464, 0.000530666671693, 0.00022587706917, 0.000247855350608, 0.000121596393001, 6.13686570432e-05, 6.21633516857e-05, 4.39856667072e-05, 5.77026839892e-05, 8.74314064276e-05, 7.41831754567e-05, 4.47910970252e-05, 1.75057139131e-05, 1.33676940095e-05, 3.35130316671e-05, 5.67680435779e-05, 3.26947301801e-05, 1.12388224807e-05, 3.20468878101e-08],
        "min": [5.59900275259e-23, 4.59317985488e-23, 1.44193171184e-23, 4.64032932177e-25, 1.1248712222e-22, 1.80478579791e-23, 7.98638993913e-24, 1.30877135995e-23, 5.69073023647e-23, 2.06723385729e-22, 4.76145461448e-23, 1.52664552807e-22, 1.73951528884e-22, 2.56926115084e-22, 1.56078477748e-22, 2.07645494707e-22, 1.19252784618e-22, 2.10426185222e-22, 3.34723375608e-22, 5.27463854693e-22, 5.07808924544e-22, 4.19665519745e-22, 4.37764437535e-22, 6.88659717309e-22, 1.28442347734e-21, 1.68920731913e-21, 2.20936165178e-21],
        "stdev": [0.000274323945632, 0.0211889371276, 0.0061196484603, 0.00574794970453, 0.00536031322554, 0.00405799271539, 0.00586783327162, 0.00621580658481, 0.00249218312092, 0.00378728751093, 0.00456445058808, 0.00406733434647, 0.00130319234449, 0.00083798734704, 0.000691931636538, 0.000372094131308, 0.000324089487549, 0.000264038477326, 0.000282035791315, 0.000195843560505, 0.000172145795659, 0.000308134243824, 0.000195712651475, 0.000239219589275, 0.000520545698237, 0.000319096143357, 5.56377381145e-06],
        "var": [7.52536308823e-08, 0.000448971084552, 3.74500959879e-05, 3.3038926631e-05, 2.87329567072e-05, 1.64673056133e-05, 3.44314648828e-05, 3.8636251702e-05, 6.21097660769e-06, 1.43435472637e-05, 2.08342080441e-05, 1.65432084032e-05, 1.69831014318e-06, 7.02222791915e-07, 4.78769379697e-07, 1.38454041121e-07, 1.05034004605e-07, 6.97163216046e-08, 7.95441863488e-08, 3.83547025251e-08, 2.96341742256e-08, 9.49467136024e-08, 3.83034439722e-08, 5.72260141496e-08, 2.70967831284e-07, 1.01822351439e-07, 3.09555783784e-11]
    },
    "erbbands": {
        "dmean": [0.148746445775, 1.37138688564, 1.88332343102, 4.88617277145, 10.2043333054, 5.68917703629, 5.97326040268, 8.02011203766, 17.3797588348, 26.1528282166, 27.0955905914, 13.5743579865, 14.3058452606, 27.6174354553, 31.1366195679, 23.8572406769, 14.4450511932, 7.65973138809, 11.8674297333, 7.3644990921, 6.74765300751, 5.40444374084, 4.83798694611, 5.41337299347, 5.05280828476, 3.4777469635, 2.47972393036, 2.07267928123, 1.90459942818, 1.98111665249, 2.10978722572, 1.68778944016, 1.51052701473, 1.18937635422, 1.09425568581, 0.486690700054, 0.0850260779262, 0.00959746073931, 0.000288516806904, 2.22467824642e-05],
        "dmean2": [0.166122540832, 2.00473308563, 2.88311100006, 8.48783302307, 18.1674003601, 9.79955673218, 9.55856895447, 12.6454725266, 26.4372329712, 38.4081115723, 41.3123588562, 18.9785423279, 21.492515564, 36.5227127075, 42.4664802551, 31.8305034637, 20.8469161987, 11.7290334702, 17.4075622559, 11.4370107651, 10.4021673203, 8.34279155731, 7.2301568985, 8.11121749878, 7.89333820343, 5.4122838974, 3.88101530075, 3.24194812775, 3.00421714783, 3.13709688187, 3.38227915764, 2.65053749084, 2.37311196327, 1.83914995193, 1.75820088387, 0.735552191734, 0.128827631474, 0.0154725247994, 0.000475435721455, 3.25312030327e-05],
        "dvar": [0.122360147536, 12.400800705, 28.7656040192, 188.90284729, 1048.65612793, 192.998184204, 100.925209045, 295.427490234, 1658.50292969, 4149.81298828, 5797.70166016, 1098.90698242, 1143.5189209, 3289.58447266, 6094.92382812, 3970.08618164, 1190.88415527, 335.207702637, 525.12677002, 258.96697998, 191.587432861, 142.269042969, 84.8812408447, 109.176841736, 153.33555603, 65.014793396, 36.2605667114, 40.8649559021, 51.6682090759, 67.4040679932, 41.0618515015, 13.5286979675, 15.394618988, 13.8479499817, 13.5516338348, 2.41760015488, 0.0659800842404, 0.000534299644642, 5.46114904409e-07, 1.28652488662e-09],
        "dvar2": [0.148594066501, 29.779258728, 62.0712203979, 483.889801025, 2925.40209961, 533.989562988, 243.248886108, 665.528198242, 3722.12792969, 9317.31738281, 13929.1679688, 2217.56347656, 2527.8034668, 5147.62548828, 12315.3476562, 6559.25097656, 2470.34228516, 758.773742676, 1096.15429688, 637.095825195, 448.707458496, 348.076477051, 179.367004395, 233.405258179, 358.939361572, 140.783828735, 73.1525421143, 89.025177002, 93.1656570435, 163.873474121, 109.190826416, 32.1351890564, 38.0606765747, 32.9456787109, 33.8839187622, 5.29792928696, 0.137190043926, 0.00132476189174, 1.43991439927e-06, 3.01519720303e-09],
        "max": [3.51063394547, 30.1131649017, 53.1843109131, 157.752670288, 386.173461914, 223.906539917, 182.76461792, 311.678955078, 707.398132324, 1067.26074219, 1430.21582031, 560.678100586, 553.701416016, 989.430908203, 2126.13916016, 1839.18701172, 511.696105957, 336.245513916, 327.07711792, 279.959136963, 201.044586182, 166.307235718, 164.473068237, 108.02809906, 136.329086304, 84.0804824829, 70.9298019409, 74.8270111084, 190.845611572, 220.592086792, 92.5878829956, 54.5859832764, 57.5596389771, 68.9040298462, 70.7515945435, 32.682094574, 5.18188238144, 0.203532427549, 0.00564481364563, 0.000480314862216],
        "mean": [0.257526040077, 1.98788774014, 3.60110259056, 7.06505870819, 10.4562015533, 7.50708007812, 13.7199707031, 21.7425823212, 42.5172348022, 62.761516571, 68.5616607666, 31.5051059723, 33.9806747437, 74.0433807373, 72.1477279663, 61.4458618164, 34.6211013794, 15.429974556, 22.3115158081, 13.2912559509, 12.5625782013, 8.98960494995, 9.19546604156, 10.022026062, 7.64320802689, 5.25123882294, 3.26396608353, 2.13438677788, 2.43190526962, 2.34306812286, 2.65539908409, 2.39959001541, 2.14465284348, 1.46393632889, 1.23591578007, 0.588082849979, 0.102090798318, 0.00906293001026, 0.000272165081697, 5.37382147741e-05],
        "median": [0.0287005398422, 0.338711410761, 0.909415960312, 3.59972834587, 4.08929872513, 4.31111860275, 7.90679788589, 7.52107715607, 12.609992981, 23.5896701813, 17.121465683, 12.4040546417, 12.7427396774, 23.1239318848, 23.543844223, 14.0109729767, 8.53474807739, 3.5539226532, 4.16492700577, 2.77142691612, 3.16770124435, 3.5919854641, 4.46329164505, 4.84238243103, 3.76383900642, 2.43803334236, 1.09122002125, 0.336672693491, 0.495151817799, 0.641006350517, 1.01843369007, 1.1089874506, 0.847754478455, 0.352294743061, 0.248154908419, 0.0895091369748, 0.01250856556, 0.00076165999053, 4.51912856079e-05, 3.9354650653e-05],
        "min": [2.68908743102e-21, 5.73052997308e-21, 1.26995528871e-20, 1.35874012199e-20, 1.08886889286e-19, 5.44225751345e-19, 2.07643258835e-19, 2.01348840889e-19, 1.52391238681e-19, 1.1218156259e-19, 5.9726079821e-19, 1.42261023968e-18, 2.58485835053e-18, 6.94886308465e-18, 2.59054625122e-18, 6.96539263483e-18, 8.12625790649e-18, 1.20645136065e-17, 9.33908170114e-18, 8.09608318492e-18, 1.25137371992e-17, 7.73078037408e-18, 9.06581265962e-18, 1.54562072352e-17, 1.90047376168e-17, 2.31123494483e-17, 1.87356408743e-17, 2.06165304733e-17, 1.49792515853e-17, 1.30697737972e-17, 1.32942921222e-17, 1.10470715269e-17, 1.28896519101e-17, 1.66374095694e-17, 7.93809830537e-18, 4.96560698978e-18, 3.50959250862e-18, 1.39737771548e-18, 2.86521353817e-19, 3.10091561641e-20],
        "stdev": [0.614440858364, 4.83429384232, 6.54338932037, 13.0465803146, 26.0350513458, 11.8739175797, 19.0749111176, 38.4519386292, 73.1566085815, 102.506942749, 129.838882446, 59.1236343384, 57.7907333374, 142.081756592, 156.652359009, 138.41947937, 64.6464157104, 32.0270118713, 43.9278335571, 25.4293842316, 23.0196933746, 14.6057062149, 13.2859134674, 14.6273298264, 13.3347892761, 9.12596988678, 7.02719020844, 6.67844152451, 10.7028808594, 8.67326545715, 6.11682748795, 4.48568868637, 4.49289941788, 4.70057725906, 4.35315513611, 2.24018144608, 0.398937314749, 0.0255279000849, 0.000737391179428, 5.33624988748e-05],
        "var": [0.377537548542, 23.3703956604, 42.8159446716, 170.213256836, 677.823852539, 140.989929199, 363.852203369, 1478.55151367, 5351.88916016, 10507.6728516, 16858.1347656, 3495.60400391, 3339.76879883, 20187.2265625, 24539.9609375, 19159.953125, 4179.15917969, 1025.72937012, 1929.65454102, 646.653564453, 529.90625, 213.326644897, 176.51550293, 213.958770752, 177.816604614, 83.2833251953, 49.381401062, 44.6015815735, 114.551651001, 75.2255325317, 37.4155807495, 20.1214027405, 20.1861457825, 22.0954284668, 18.9499607086, 5.01841259003, 0.159150987864, 0.000651673646644, 5.43745784398e-07, 2.84755641289e-09]
    },
    "gfcc": {
        "mean": [-10.3900432587, 97.8294906616, -104.881973267, 9.16603088379, -70.201461792, 18.016078949, -43.073638916, 19.572309494, -33.4836578369, -1.2963116169, -10.0116643906, -1.72456645966, -12.7446737289],
        "cov": [[6963.84228516, -871.44342041, 426.814575195, 353.556152344, -31.9968910217, 309.830932617, -31.9301643372, 464.0987854, -46.0874137878, 278.990936279, -31.8655662537, 250.219070435, -266.319335938], [-871.44342041, 1336.33007812, 290.484771729, 70.9483947754, 291.660095215, 69.0851669312, 330.28994751, -53.9326019287, 99.9746551514, -43.7381134033, 152.368637085, -85.6896286011, 103.145332336], [426.814575195, 290.484771729, 1172.4666748, 417.19418335, 134.211914062, 176.342712402, 244.798736572, 138.733596802, -2.59655213356, 47.0926742554, -0.287532567978, 71.4492340088, -20.7533321381], [353.556152344, 70.9483947754, 417.19418335, 529.860534668, 92.5916900635, -19.6757469177, 96.9852142334, 61.6209259033, 17.3240032196, -27.2433509827, -20.8001880646, 41.1768112183, 10.9006624222], [-31.9968910217, 291.660095215, 134.211914062, 92.5916900635, 385.706512451, 226.707717896, 153.417007446, 54.5056533813, 35.6570739746, 11.0413341522, 6.39626121521, -47.1928443909, 19.7984428406], [309.830932617, 69.0851669312, 176.342712402, -19.6757469177, 226.707717896, 499.382202148, 202.524902344, 11.5522089005, 3.62009191513, 45.4591407776, 19.5424823761, -36.9955329895, 9.66544342041], [-31.9301643372, 330.28994751, 244.798736572, 96.9852142334, 153.417007446, 202.524902344, 331.837341309, 43.3012962341, 46.4506530762, 25.259185791, 38.3346328735, 15.0001115799, 19.9847240448], [464.0987854, -53.9326019287, 138.733596802, 61.6209259033, 54.5056533813, 11.5522089005, 43.3012962341, 298.145874023, 63.3046989441, -4.02719020844, 53.3378486633, 55.6461448669, -30.9228248596], [-46.0874137878, 99.9746551514, -2.59655213356, 17.3240032196, 35.6570739746, 3.62009191513, 46.4506530762, 63.3046989441, 161.875305176, 29.3376216888, 34.4572715759, 25.4331035614, 10.1766443253], [278.990936279, -43.7381134033, 47.0926742554, -27.2433509827, 11.0413341522, 45.4591407776, 25.259185791, -4.02719020844, 29.3376216888, 180.001083374, 37.155872345, 19.5293674469, -19.4588813782], [-31.8655662537, 152.368637085, -0.287532567978, -20.8001880646, 6.39626121521, 19.5424823761, 38.3346328735, 53.3378486633, 34.4572715759, 37.155872345, 164.24118042, 21.5234642029, -5.78208446503], [250.219070435, -85.6896286011, 71.4492340088, 41.1768112183, -47.1928443909, -36.9955329895, 15.0001115799, 55.6461448669, 25.4331035614, 19.5293674469, 21.5234642029, 133.031524658, 1.26276707649], [-266.319335938, 103.145332336, -20.7533321381, 10.9006624222, 19.7984428406, 9.66544342041, 19.9847240448, -30.9228248596, 10.1766443253, -19.4588813782, -5.78208446503, 1.26276707649, 117.306175232]],
        "icov": [[0.000243713584496, -0.000110270295409, 0.000132022250909, -0.000300622516079, 0.000239322907873, -0.00041726641939, 0.000276561273495, -0.00047216922394, 0.000280336040305, -0.000469549879199, 0.000358813704224, -0.000419036397943, 0.000443944823928], [-0.000110270295409, 0.00242083473131, -0.000932514667511, 0.000977711286396, -0.00183243746869, 0.00192646880168, -0.00219425535761, 0.00168777490035, -0.00121168140322, 0.00152309727855, -0.00272374670021, 0.00185468490236, -0.00146195339039], [0.000132022250909, -0.000932514667511, 0.00190297397785, -0.00154411594849, 0.000963509141002, -0.00124894431792, 0.000245204631938, -0.00129161670338, 0.00110363168642, -0.00121123378631, 0.00139875186142, -0.00115442706738, 0.000942570506595], [-0.000300622516079, 0.000977711286396, -0.00154411594849, 0.00371671281755, -0.00174919818528, 0.00202314462513, -0.00136211328208, 0.00121514790226, -0.000953305221628, 0.00166467274539, -0.0010406228248, 0.000578941544518, -0.00117852259427], [0.000239322907873, -0.00183243746869, 0.000963509141002, -0.00174919818528, 0.00591963343322, -0.00326422392391, 0.0009208394913, -0.00242266221903, 0.000528576551005, -0.00159856909886, 0.0025058798492, 0.00021609646501, 0.000772084924392], [-0.00041726641939, 0.00192646880168, -0.00124894431792, 0.00202314462513, -0.00326422392391, 0.0055623119697, -0.00349278911017, 0.00204827170819, -0.000711222877726, 0.00127224775497, -0.00250743911602, 0.00236725015566, -0.00169891968835], [0.000276561273495, -0.00219425535761, 0.000245204631938, -0.00136211328208, 0.0009208394913, -0.00349278911017, 0.00727992411703, -0.00153377035167, 0.000198807378183, -0.00146219122689, 0.00176153494976, -0.00258612260222, 0.00106989394408], [-0.00047216922394, 0.00168777490035, -0.00129161670338, 0.00121514790226, -0.00242266221903, 0.00204827170819, -0.00153377035167, 0.00653567351401, -0.00272656534798, 0.00279457541183, -0.00350081524812, 0.000120947508549, -0.000146900638356], [0.000280336040305, -0.00121168140322, 0.00110363168642, -0.000953305221628, 0.000528576551005, -0.000711222877726, 0.000198807378183, -0.00272656534798, 0.00857081077993, -0.00248131505214, 0.000983302947134, -0.00193213566672, 0.00011658915173], [-0.000469549879199, 0.00152309727855, -0.00121123378631, 0.00166467274539, -0.00159856909886, 0.00127224775497, -0.00146219122689, 0.00279457541183, -0.00248131505214, 0.00828416272998, -0.00338903232478, 0.000590692157857, -0.000207434495678], [0.000358813704224, -0.00272374670021, 0.00139875186142, -0.0010406228248, 0.0025058798492, -0.00250743911602, 0.00176153494976, -0.00350081524812, 0.000983302947134, -0.00338903232478, 0.0104813268408, -0.00280647841282, 0.00201380252838], [-0.000419036397943, 0.00185468490236, -0.00115442706738, 0.000578941544518, 0.00021609646501, 0.00236725015566, -0.00258612260222, 0.000120947508549, -0.00193213566672, 0.000590692157857, -0.00280647841282, 0.0116780558601, -0.0025976607576], [0.000443944823928, -0.00146195339039, 0.000942570506595, -0.00117852259427, 0.000772084924392, -0.00169891968835, 0.00106989394408, -0.000146900638356, 0.00011658915173, -0.000207434495678, 0.00201380252838, -0.0025976607576, 0.0109657039866]]
    },
    "melbands": {
        "dmean": [0.00147851475049, 0.00118555175141, 0.00100978405681, 0.000562995788641, 0.000201190312509, 0.000173307489604, 0.00028183622635, 0.000298775470583, 0.000194145090063, 7.89596597315e-05, 7.59902031859e-05, 0.000118037030916, 0.000115219154395, 9.45347783272e-05, 3.760319305e-05, 2.39944456553e-05, 1.47196524267e-05, 2.05419237318e-05, 1.17848130685e-05, 8.8035767476e-06, 8.22408037493e-06, 5.44890872334e-06, 5.72510998609e-06, 5.31840942131e-06, 4.4139592319e-06, 4.85396867589e-06, 3.06833817376e-06, 2.13590192288e-06, 1.65664323504e-06, 1.38235168379e-06, 1.16222929591e-06, 1.08917117814e-06, 1.28118335851e-06, 1.08268727672e-06, 1.24431585391e-06, 1.19030266887e-06, 1.01974615063e-06, 1.11143447157e-06, 1.00997465324e-06, 1.03459842649e-06],
        "dmean2": [0.00186765752733, 0.00171755382326, 0.00177912879735, 0.000983614008874, 0.000326758512529, 0.000273980025668, 0.000420511176344, 0.00043824428576, 0.000293974677334, 0.000111637338705, 0.000114059410407, 0.000155498273671, 0.000158166250912, 0.0001297929266, 5.24235729245e-05, 3.50870614056e-05, 2.29301094805e-05, 3.10373106913e-05, 1.77214114956e-05, 1.37542319862e-05, 1.2635040548e-05, 8.43263296701e-06, 8.98579764907e-06, 8.0101117419e-06, 6.69748669679e-06, 7.73223291617e-06, 4.81544020658e-06, 3.36587163474e-06, 2.60039087152e-06, 2.15349564314e-06, 1.86482714071e-06, 1.74322678959e-06, 1.95512393475e-06, 1.75707589278e-06, 2.02368005375e-06, 1.89462537037e-06, 1.61426316936e-06, 1.7549872382e-06, 1.6122710349e-06, 1.63300035183e-06],
        "dvar": [1.28588862935e-05, 8.13087262941e-06, 7.70528367866e-06, 2.87443094749e-06, 1.05955628271e-07, 1.31792276648e-07, 4.22572583147e-07, 4.77434753066e-07, 2.94493389674e-07, 3.91512102738e-08, 3.19961941386e-08, 6.08625541076e-08, 1.22901099076e-07, 6.18478708247e-08, 8.07869238173e-09, 3.07023584334e-09, 1.37942501865e-09, 1.72402836451e-09, 5.27796584215e-10, 3.85735582364e-10, 3.09700931567e-10, 1.45315301459e-10, 1.86576115668e-10, 9.44731098906e-11, 7.40644212627e-11, 1.54104923267e-10, 5.76618371106e-11, 2.27950314874e-11, 1.35040858704e-11, 1.77133238632e-11, 1.29263049917e-11, 1.92976554875e-11, 3.90020064855e-11, 1.49857470183e-11, 1.50563329165e-11, 7.33485928245e-12, 5.80555091848e-12, 7.49227416219e-12, 9.04175085498e-12, 1.1369076687e-11],
        "dvar2": [2.15505915548e-05, 1.91231465578e-05, 2.0313245841e-05, 7.95762571215e-06, 2.6820012522e-07, 2.89399054054e-07, 9.42185636177e-07, 1.06032507574e-06, 7.10327185516e-07, 8.22697217018e-08, 6.98422510936e-08, 9.42917708358e-08, 2.43276105039e-07, 1.00886580867e-07, 1.32137039088e-08, 6.82870515689e-09, 3.26472382461e-09, 3.66374330873e-09, 1.21749210713e-09, 9.33445987172e-10, 7.4493489155e-10, 3.57068347112e-10, 4.56355730982e-10, 1.95577595785e-10, 1.62096516765e-10, 3.73820252531e-10, 1.35559702352e-10, 4.88332152493e-11, 2.93021232278e-11, 3.82427457757e-11, 2.84292173136e-11, 3.84589513014e-11, 8.4027673708e-11, 3.79573594778e-11, 4.01762650926e-11, 1.88220376784e-11, 1.35273094809e-11, 1.87524874101e-11, 2.19387945311e-11, 2.76990669984e-11],
        "max": [0.0360461249948, 0.0281726066023, 0.023373613134, 0.0204999037087, 0.00523160398006, 0.00616271793842, 0.0118924416602, 0.0103323962539, 0.0104132890701, 0.00304144085385, 0.00281456392258, 0.0043627647683, 0.0100888460875, 0.00451789563522, 0.00242438307032, 0.000873050244991, 0.000572955119424, 0.000711874861736, 0.000343967491062, 0.00026492527104, 0.000252651923802, 0.000187307960005, 0.000228405406233, 0.000140847972943, 8.79078361322e-05, 0.000134706642712, 9.06858695089e-05, 4.97507935506e-05, 4.24517820647e-05, 4.58506838186e-05, 4.56687375845e-05, 0.000132441564347, 0.000196147506358, 8.72440359672e-05, 5.63562934985e-05, 3.33927528118e-05, 4.37170238001e-05, 3.9606125938e-05, 4.15485519625e-05, 6.38752608211e-05],
        "mean": [0.00245765177533, 0.00211012270302, 0.00136839516927, 0.000632337701973, 0.000447040860308, 0.000470177066745, 0.000688673870172, 0.000722405093256, 0.000490626669489, 0.000173733424162, 0.000176954461494, 0.000314055330819, 0.000246240699198, 0.00023317882733, 8.87340647751e-05, 5.40088767593e-05, 2.58485397353e-05, 3.796609235e-05, 2.0122866772e-05, 1.45524782056e-05, 1.43943507283e-05, 8.48033869261e-06, 9.0051917141e-06, 9.73946407612e-06, 7.72488510847e-06, 6.91395280228e-06, 4.4223875193e-06, 3.06051833832e-06, 2.162681767e-06, 1.46461218264e-06, 1.13827013593e-06, 1.28867566218e-06, 1.45556316511e-06, 1.25949327412e-06, 1.51597362219e-06, 1.54476663283e-06, 1.42431736094e-06, 1.52259826791e-06, 1.36438825393e-06, 1.18932371151e-06],
        "median": [0.000327903399011, 0.00060720613692, 0.000671690446325, 0.000306186644593, 0.00027609069366, 0.000164639481227, 0.00021160201868, 0.000271485681878, 0.000119087235362, 5.43684363947e-05, 5.9286976466e-05, 8.80840671016e-05, 6.62867969368e-05, 3.10386822093e-05, 1.68793649209e-05, 1.16527480714e-05, 4.65489620183e-06, 6.60416708342e-06, 3.91124603993e-06, 3.06468905364e-06, 3.05569324155e-06, 3.01709064843e-06, 2.85498958874e-06, 4.36122127212e-06, 3.36660968969e-06, 2.81610186903e-06, 1.767596018e-06, 1.40300198836e-06, 7.69032624248e-07, 2.26839816264e-07, 1.44846779904e-07, 2.55835658436e-07, 2.76491505247e-07, 3.59507993153e-07, 5.69338681089e-07, 6.05874106441e-07, 6.15026294781e-07, 6.16907470885e-07, 4.50922158279e-07, 2.17907569322e-07],
        "min": [2.07661543293e-23, 6.43778419584e-24, 3.80333350462e-24, 2.47293031647e-23, 1.17808392922e-23, 4.34193538741e-24, 1.95518209004e-24, 1.16776263091e-24, 6.47985020361e-24, 8.33361101087e-24, 1.34024201913e-23, 3.02771788954e-23, 7.38060077305e-24, 1.04816058917e-23, 2.56895330576e-23, 1.68528473036e-23, 2.29758909866e-23, 1.48094719449e-23, 1.42256927869e-23, 9.30064877331e-24, 1.51301738796e-23, 7.80789595983e-24, 4.95664420375e-24, 1.22568363847e-23, 1.22280319176e-23, 1.48720017934e-23, 1.81415762323e-23, 1.36375338732e-23, 1.04844039814e-23, 1.51490008339e-23, 1.01591787182e-23, 7.79581771051e-24, 9.01945930365e-24, 6.59706231236e-24, 8.32552834204e-24, 6.21398554032e-24, 7.43808427835e-24, 7.10984951088e-24, 1.40304276248e-23, 1.43719696869e-23],
        "stdev": [0.00589368725196, 0.00390844698995, 0.00252045621164, 0.00137738592457, 0.000584420806263, 0.000818056578282, 0.00114311976358, 0.00110909540672, 0.000924496212974, 0.000345362612279, 0.000311487936415, 0.000611965253484, 0.000674875278492, 0.000533136422746, 0.000185984550626, 9.7064737929e-05, 6.11110153841e-05, 7.87242897786e-05, 3.76089301426e-05, 2.87307757389e-05, 2.84968573396e-05, 1.46076454257e-05, 1.7690448658e-05, 1.46607762872e-05, 1.19942797028e-05, 1.32517916427e-05, 8.2033493527e-06, 5.38963058716e-06, 4.22763787356e-06, 4.48634182248e-06, 3.68461360267e-06, 5.96221025262e-06, 7.46904606785e-06, 3.8476869122e-06, 3.64355082638e-06, 2.88093792733e-06, 2.95512199955e-06, 3.06121478388e-06, 3.62219884664e-06, 4.17100318373e-06],
        "var": [3.47355489794e-05, 1.52759585035e-05, 6.35269907434e-06, 1.89719196442e-06, 3.41547661264e-07, 6.69216547067e-07, 1.30672287924e-06, 1.23009260733e-06, 8.54693269048e-07, 1.19275341603e-07, 9.70247313603e-08, 3.74501439637e-07, 4.55456614645e-07, 2.84234431547e-07, 3.45902542165e-08, 9.42156308525e-09, 3.73455621983e-09, 6.19751361342e-09, 1.41443157187e-09, 8.25457424636e-10, 8.12070910516e-10, 2.13383311021e-10, 3.12951969894e-10, 2.14938358778e-10, 1.43862755042e-10, 1.75609984887e-10, 6.72949335145e-11, 2.90481163429e-11, 1.78729201578e-11, 2.0127260969e-11, 1.35763778691e-11, 3.55479534697e-11, 5.57866496054e-11, 1.48046956638e-11, 1.32754623267e-11, 8.29980355277e-12, 8.73274542956e-12, 9.37103606519e-12, 1.31203251388e-11, 1.73972676543e-11]
    },
    "melbands128": {
