{
"lowlevel": {
    "average_loudness": 0.921636044979,
    "barkbands_crest": {
        "dmean": 2.46625447273,
        "dmean2": 3.70392417908,
        "dvar": 5.67251300812,
        "dvar2": 12.7331218719,
        "max": 26.254693985,
        "mean": 12.0023097992,
        "median": 10.9691419601,
        "min": 3.11426305771,
        "stdev": 4.99843740463,
        "var": 24.9843769073
    },
    "barkbands_flatness_db": {
        "dmean": 0.0226086452603,
        "dmean2": 0.0312854647636,
        "dvar": 0.000586757960264,
        "dvar2": 0.00105979887303,
        "max": 0.582348465919,
        "mean": 0.180029511452,
        "median": 0.168731272221,
        "min": 0.0361806154251,
        "stdev": 0.0739583298564,
        "var": 0.00546983443201
    },
    "barkbands_kurtosis": {
        "dmean": 4.1130604744,
        "dmean2": 5.92742967606,
        "dvar": 38.585308075,
        "dvar2": 72.500579834,
        "max": 104.290802002,
        "mean": 8.76231384277,
        "median": 5.090508461,
        "min": -1.94301509857,
        "stdev": 11.7505464554,
        "var": 138.0753479
    },
    "barkbands_skewness": {
        "dmean": 0.60853010416,
        "dmean2": 0.856516957283,
        "dvar": 0.485973715782,
        "dvar2": 0.91541737318,
        "max": 8.5832233429,
        "mean": 1.96081650257,
        "median": 1.88504505157,
        "min": -3.05010795593,
        "stdev": 1.51856553555,
        "var": 2.30604124069
    },
    "barkbands_spread": {
        "dmean": 6.16149425507,
        "dmean2": 9.14859676361,
        "dvar": 118.507499695,
        "dvar2": 251.494308472,
        "max": 112.638534546,
        "mean": 18.0414333344,
        "median": 12.7445659637,
        "min": 0.917345046997,
        "stdev": 16.6631298065,
        "var": 277.659881592
    },
    "dissonance": {
        "dmean": 0.0346592217684,
        "dmean2": 0.0569314993918,
        "dvar": 0.00119798257947,
        "dvar2": 0.00302067724988,
        "max": 0.499965876341,
        "mean": 0.414501726627,
        "median": 0.428812712431,
        "min": 0.131289213896,
        "stdev": 0.0658554434776,
        "var": 0.00433693965897
    },
    "dynamic_complexity": 3.92673969269,
    "erbbands_crest": {
        "dmean": 3.11610627174,
        "dmean2": 4.76535129547,
        "dvar": 8.77838420868,
        "dvar2": 19.8772792816,
        "max": 30.5135917664,
        "mean": 12.6978378296,
        "median": 11.5573320389,
        "min": 3.20125150681,
        "stdev": 5.55492067337,
        "var": 30.8571414948
    },
    "erbbands_flatness_db": {
        "dmean": 0.0197895225137,
        "dmean2": 0.0271928943694,
        "dvar": 0.000463934877189,
        "dvar2": 0.000783264287747,
        "max": 0.524524092674,
        "mean": 0.202560454607,
        "median": 0.194268241525,
        "min": 0.0570170171559,
        "stdev": 0.0744472146034,
        "var": 0.0055423877202
    },
    "erbbands_kurtosis": {
        "dmean": 2.3685233593,
        "dmean2": 3.46428561211,
        "dvar": 10.9816951752,
        "dvar2": 22.2110729218,
        "max": 33.805015564,
        "mean": 4.13324737549,
        "median": 2.20642662048,
        "min": -1.79123973846,
        "stdev": 5.75318145752,
        "var": 33.0990982056
    },
    "erbbands_skewness": {
        "dmean": 0.532829642296,
        "dmean2": 0.745371282101,
        "dvar": 0.36620554328,
        "dvar2": 0.647128164768,
        "max": 5.13443899155,
        "mean": 1.31167399883,
        "median": 1.34104681015,
        "min": -3.28213477135,
        "stdev": 1.27883994579,
        "var": 1.63543152809
    },
    "erbbands_spread": {
        "dmean": 9.30268669128,
        "dmean2": 13.9802932739,
        "dvar": 196.642166138,
        "dvar2": 471.366638184,
        "max": 144.827880859,
        "mean": 31.7767276764,
        "median": 26.893037796,
        "min": 2.90461611748,
        "stdev": 21.6129150391,
        "var": 467.118133545
    },
    "hfc": {
        "dmean": 3.50514125824,
        "dmean2": 4.44280815125,
        "dvar": 18.6403694153,
        "dvar2": 26.4020862579,
        "max": 84.7466125488,
        "mean": 16.6567192078,
        "median": 16.1929721832,
        "min": 1.19496774456e-16,
        "stdev": 11.8409395218,
        "var": 140.207855225
    },
    "loudness_ebu128": {
        "integrated": -10.3322782516,
        "loudness_range": 3.45963287354,
        "momentary": {
            "dmean": 0.808912396431,
            "dmean2": 0.815113425255,
            "dvar": 0.660389125347,
            "dvar2": 0.84355866909,
            "max": -5.77526950836,
            "mean": -11.4194431305,
            "median": -10.6733932495,
            "min": -29.2159023285,
            "stdev": 3.42912220955,
            "var": 11.7588787079
        },
        "short_term": {
            "dmean": 0.111992150545,
            "dmean2": 0.0822207406163,
            "dvar": 0.0053667514585,
            "dvar2": 0.00566577119753,
            "max": -8.18287467957,
            "mean": -10.6787452698,
            "median": -10.918712616,
            "min": -13.8745355606,
            "stdev": 1.27699995041,
            "var": 1.63072884083
        }
    },
    "melbands_crest": {
        "dmean": 2.77864122391,
        "dmean2": 4.2664065361,
        "dvar": 7.22153377533,
        "dvar2": 15.9308824539,
        "max": 31.492193222,
        "mean": 14.9768009186,
        "median": 13.9904899597,
        "min": 1.8200494051,
        "stdev": 5.8262219429,
        "var": 33.9448623657
    },
    "melbands_flatness_db": {
        "dmean": 0.02626590617,
        "dmean2": 0.0345526188612,
        "dvar": 0.000961114186794,
        "dvar2": 0.00156998215243,
        "max": 0.729661226273,
        "mean": 0.23366060853,
        "median": 0.225421831012,
        "min": 0.00592312496156,
        "stdev": 0.0901820212603,
        "var": 0.00813279673457
    },
    "melbands_kurtosis": {
        "dmean": 8.09683227539,
        "dmean2": 11.8508663177,
        "dvar": 139.497268677,
        "dvar2": 280.468566895,
        "max": 160.689300537,
        "mean": 18.1830711365,
        "median": 11.0656042099,
        "min": -1.84176802635,
        "stdev": 22.1887874603,
        "var": 492.342285156
    },
    "melbands_skewness": {
        "dmean": 0.739951848984,
        "dmean2": 1.0450232029,
        "dvar": 0.649477720261,
        "dvar2": 1.28367543221,
        "max": 10.9668655396,
        "mean": 2.58905935287,
        "median": 2.30272245407,
        "min": -0.881400346756,
        "stdev": 1.79772090912,
        "var": 3.23180031776
    },
    "melbands_spread": {
        "dmean": 7.73194551468,
        "dmean2": 10.8437871933,
        "dvar": 322.116088867,
        "dvar2": 565.015136719,
        "max": 242.05632019,
        "mean": 20.9813175201,
        "median": 12.5610437393,
        "min": 1.04929971695,
        "stdev": 28.7228679657,
        "var": 825.003173828
    },
    "pitch_salience": {
        "dmean": 0.0687761232257,
        "dmean2": 0.10207990557,
        "dvar": 0.00428171223029,
        "dvar2": 0.00954549107701,
        "max": 0.879367351532,
        "mean": 0.593226015568,
        "median": 0.617866396904,
        "min": 0.110233463347,
        "stdev": 0.147723183036,
        "var": 0.0218221396208
    },
    "silence_rate_20dB": {
        "dmean": 0,
        "dmean2": 0,
        "dvar": 0,
        "dvar2": 0,
        "max": 1,
        "mean": 1,
        "median": 1,
        "min": 1,
        "stdev": 0,
        "var": 0
    },
    "silence_rate_30dB": {
        "dmean": 0,
        "dmean2": 0,
        "dvar": 0,
        "dvar2": 0,
        "max": 1,
        "mean": 1,
        "median": 1,
        "min": 1,
        "stdev": 0,
        "var": 0
    },
    "silence_rate_60dB": {
        "dmean": 0.0518575869501,
        "dmean2": 0.10379550606,
        "dvar": 0.0491685420275,
        "dvar2": 0.102316513658,
        "max": 1,
        "mean": 0.136117562652,
        "median": 0,
        "min": 0,
        "stdev": 0.342912375927,
        "var": 0.117588892579
    },
    "spectral_centroid": {
        "dmean": 247.459243774,
        "dmean2": 345.559173584,
        "dvar": 200068.15625,
        "dvar2": 315556.4375,
        "max": 10662.9101562,
        "mean": 1135.73547363,
        "median": 869.987304688,
        "min": 261.16784668,
        "stdev": 816.025085449,
        "var": 665896.9375
    },
    "spectral_complexity": {
        "dmean": 2.15634679794,
        "dmean2": 3.19597220421,
        "dvar": 4.90123510361,
        "dvar2": 8.86554336548,
        "max": 31,
        "mean": 10.2126836777,
        "median": 10,
        "min": 0,
        "stdev": 4.76002168655,
        "var": 22.6578063965
    },
    "spectral_decrease": {
        "dmean": 1.2618078804e-09,
        "dmean2": 1.73793301972e-09,
        "dvar": 2.83226538341e-18,
        "dvar2": 5.05513564261e-18,
        "max": 9.37030294238e-30,
        "mean": -5.47449463539e-09,
        "median": -4.38589919938e-09,
        "min": -2.05558681188e-08,
        "stdev": 4.53098136788e-09,
        "var": 2.05297906599e-17
    },
    "spectral_energy": {
        "dmean": 0.0050037917681,
        "dmean2": 0.00685423519462,
        "dvar": 4.39472023572e-05,
        "dvar2": 7.74444706622e-05,
        "max": 0.0828699842095,
        "mean": 0.0221728235483,
        "median": 0.0179998707026,
        "min": 1.08033511928e-20,
        "stdev": 0.0179876256734,
        "var": 0.00032355467556
    },
    "spectral_energyband_high": {
        "dmean": 0.00015430568601,
        "dmean2": 0.000212208586163,
        "dvar": 4.27150368409e-08,
        "dvar2": 7.8968483308e-08,
        "max": 0.00223091244698,
        "mean": 0.000454195193015,
        "median": 0.000405613827752,
        "min": 8.1736398201e-21,
        "stdev": 0.000383214181056,
        "var": 1.46853111005e-07
    },
    "spectral_energyband_low": {
        "dmean": 0.000411394081311,
        "dmean2": 0.00065565854311,
        "dvar": 2.93286825581e-06,
        "dvar2": 8.06578918855e-06,
        "max": 0.0400409027934,
        "mean": 0.00171066250186,
        "median": 0.000559302337933,
        "min": 1.04211428588e-22,
        "stdev": 0.00292754685506,
        "var": 8.5705305537e-06
    },
    "spectral_energyband_middle_high": {
        "dmean": 0.00146702758502,
        "dmean2": 0.00187683885451,
        "dvar": 7.14687348591e-06,
        "dvar2": 1.12735988296e-05,
        "max": 0.0596202202141,
        "mean": 0.00383258727379,
        "median": 0.00186321814544,
        "min": 1.44808083842e-21,
        "stdev": 0.00580898066983,
        "var": 3.37442543241e-05
    },
    "spectral_energyband_middle_low": {
        "dmean": 0.00457105599344,
        "dmean2": 0.00637813610956,
        "dvar": 3.74047704099e-05,
        "dvar2": 7.0153568231e-05,
        "max": 0.0773471072316,
        "mean": 0.0165512021631,
        "median": 0.0120184011757,
        "min": 2.57806534341e-22,
        "stdev": 0.0152876079082,
        "var": 0.000233710947214
    },
    "spectral_entropy": {
        "dmean": 0.230464711785,
        "dmean2": 0.316697567701,
        "dvar": 0.0732590928674,
        "dvar2": 0.123689718544,
        "max": 9.79524326324,
        "mean": 7.13647317886,
        "median": 7.13602924347,
        "min": 4.57326793671,
        "stdev": 0.660998165607,
        "var": 0.436918586493
    },
    "spectral_flux": {
        "dmean": 0.0263865031302,
        "dmean2": 0.0411146841943,
        "dvar": 0.000944942119531,
        "dvar2": 0.00217938236892,
        "max": 0.273584127426,
        "mean": 0.0614290833473,
        "median": 0.0493085458875,
        "min": 1.03939169771e-10,
        "stdev": 0.0418370999396,
        "var": 0.00175034289714
    },
    "spectral_kurtosis": {
        "dmean": 5.10434150696,
        "dmean2": 8.59946060181,
        "dvar": 887.530273438,
        "dvar2": 2770.31616211,
        "max": 828.604431152,
        "mean": 12.2941513062,
        "median": 3.99236392975,
        "min": -1.1931527853,
        "stdev": 57.3748054504,
        "var": 3291.86816406
    },
    "spectral_rms": {
        "dmean": 0.000555037462618,
        "dmean2": 0.000738727801945,
        "dvar": 4.96965071761e-07,
        "dvar2": 7.67721871853e-07,
        "max": 0.00899159442633,
        "mean": 0.00418258551508,
        "median": 0.00419056648389,
        "min": 3.24651416861e-12,
        "stdev": 0.00203421292827,
        "var": 4.13802263211e-06
    },
    "spectral_rolloff": {
        "dmean": 604.748291016,
        "dmean2": 1036.37939453,
        "dvar": 2402187.75,
        "dvar2": 5237566.5,
        "max": 18410.8886719,
        "mean": 1634.32922363,
        "median": 861.328125,
        "min": 86.1328125,
        "stdev": 2223.27709961,
        "var": 4942961
    },
    "spectral_skewness": {
        "dmean": 0.331319600344,
        "dmean2": 0.483692795038,
        "dvar": 0.378245443106,
        "dvar2": 0.76285970211,
        "max": 22.0149517059,
        "mean": 2.11377167702,
        "median": 1.79643380642,
        "min": -0.154304653406,
        "stdev": 2.07772088051,
        "var": 4.31692409515
    },
    "spectral_spread": {
        "dmean": 811806.6875,
        "dmean2": 1156654.25,
        "dvar": 1.92019510067e+12,
        "dvar2": 2.93670957875e+12,
        "max": 41151564,
        "mean": 5788985,
        "median": 5575598,
        "min": 118894.679688,
        "stdev": 2321717.25,
        "var": 5.3903711273e+12
    },
    "spectral_strongpeak": {
        "dmean": 0.494215458632,
        "dmean2": 0.731163084507,
        "dvar": 0.391746044159,
        "dvar2": 0.760349392891,
        "max": 8.33052349091,
        "mean": 1.52797627449,
        "median": 1.27461469173,
        "min": 0,
        "stdev": 1.26631784439,
        "var": 1.60356092453
    },
    "zerocrossingrate": {
        "dmean": 0.014993484132,
        "dmean2": 0.0163723621517,
        "dvar": 0.000443028635345,
        "dvar2": 0.00042186002247,
        "max": 0.51171875,
        "mean": 0.0699156075716,
        "median": 0.0556640625,
        "min": 0.0107421875,
        "stdev": 0.0554824993014,
        "var": 0.00307830772363
    },
    "barkbands": {
        "dmean": [2.54710175795e-05, 0.000310381437885, 0.00010141882376, 0.000131504391902, 0.000432097178418, 0.00252041476779, 0.00154529348947, 0.00120911980048, 0.000962171936408, 0.000557086488698, 0.000601164181717, 0.000373186194338, 0.000260440923739, 0.000131241162308, 0.000142875593156, 8.61927837832e-05, 9.35410644161e-05, 9.46201616898e-05, 0.000132683475385, 6.48894201731e-05, 1.82134681381e-05, 1.97041317733e-05, 4.59071088699e-05, 6.70303707011e-05, 4.53475513496e-05, 1.17795361803e-05, 7.22855247659e-07],
        "dmean2": [4.37750422861e-05, 0.000500969297718, 0.000174750719452, 0.000177034700755, 0.000613011128735, 0.00352382613346, 0.0022956286557, 0.0015403162688, 0.00126086501405, 0.000758772308473, 0.000791335827671, 0.000560548214708, 0.000386384665035, 0.000204644326004, 0.000211275269976, 0.00013424163626, 0.000131403823616, 0.000135798167321, 0.000190918624867, 9.11496172193e-05, 2.73778514384e-05, 2.89554955089e-05, 6.66404375806e-05, 9.8603326478e-05, 6.6812892328e-05, 1.74028482434e-05, 1.14422539355e-06],
        "dvar": [8.64775273612e-09, 1.80600284239e-06, 1.88732073525e-07, 1.00347790521e-07, 6.85136001266e-07, 1.94279582502e-05, 1.32194836624e-05, 8.22052606964e-06, 4.43919088866e-06, 3.71492819795e-06, 4.0775303205e-06, 2.07839093491e-06, 6.31995021649e-07, 1.84107364021e-07, 1.46881930618e-07, 8.11845097815e-08, 5.37177768933e-08, 2.45615524364e-07, 7.19508150837e-08, 1.37556313007e-08, 1.05707231857e-09, 1.346078915e-09, 8.01142174822e-09, 7.99933719264e-09, 4.11260714372e-09, 4.20885687413e-10, 5.2905718001e-12],
        "dvar2": [2.34298571655e-08, 4.88473915539e-06, 5.38504423275e-07, 1.80034419373e-07, 1.2530102822e-06, 3.65103296645e-05, 2.74429967249e-05, 1.18801608551e-05, 7.06911077941e-06, 5.94592347625e-06, 6.42697568765e-06, 4.1687681005e-06, 1.48323056237e-06, 4.10385553096e-07, 3.22863229485e-07, 2.10997882277e-07, 1.00205127751e-07, 4.58239213685e-07, 1.43609895531e-07, 2.71082711834e-08, 2.14937823095e-09, 2.98891933426e-09, 1.60867124066e-08, 1.62981272922e-08, 8.2320648076e-09, 9.2270607821e-10, 9.95319538594e-12],
        "max": [0.00202912068926, 0.0326490662992, 0.00910901464522, 0.00623963307589, 0.0162160359323, 0.0649616345763, 0.044510718435, 0.0394420400262, 0.0374045670033, 0.0489936880767, 0.0517478249967, 0.032042670995, 0.0145696690306, 0.00798479933292, 0.00668179802597, 0.00447907485068, 0.004927075468, 0.0174001697451, 0.00492290733382, 0.00212064851075, 0.000621279992629, 0.000500783149619, 0.00155537796672, 0.00101871532388, 0.000654780946206, 0.000354059244273, 5.73487304791e-05],
        "mean": [6.55391922919e-05, 0.00110765232239, 0.000420219468651, 0.000283431843854, 0.000879008905031, 0.0071944380179, 0.00256880372763, 0.00308841653168, 0.00198010285385, 0.00104615453165, 0.00109942012932, 0.000498035864439, 0.000343855994288, 0.000170724233612, 0.000209678415558, 0.000115843009553, 0.000169436985743, 0.000132513989229, 0.000259867490968, 0.000120579985378, 3.25458859152e-05, 3.53295108653e-05, 8.59912252054e-05, 0.000142681412399, 9.90772241494e-05, 2.25810181291e-05, 9.24512391975e-07],
        "median": [7.87410954217e-06, 0.000280127424048, 9.24211781239e-05, 5.31508740096e-05, 0.000393669324694, 0.00210941210389, 0.000627343077213, 0.000258497428149, 0.000389496970456, 0.000101006131445, 0.000137980139698, 7.42929478292e-05, 4.92651597597e-05, 3.012464731e-05, 4.01519682782e-05, 2.32835009228e-05, 3.76313837478e-05, 3.42076164088e-05, 9.2135007435e-05, 4.34625180787e-05, 1.6255184164e-05, 1.58930251928e-05, 2.37568310695e-05, 8.23620794108e-05, 6.19853162789e-05, 1.3280911844e-05, 1.27868901245e-07],
        "min": [4.99182787344e-23, 3.63372241465e-23, 2.81758648586e-23, 1.1224760985e-23, 5.76809792752e-23, 1.00991512943e-22, 2.7493424445e-23, 2.19829785865e-23, 1.98234781694e-23, 1.00926567602e-22, 1.05883750598e-22, 9.79158578694e-23, 5.76892339157e-23, 1.06000249577e-22, 1.07837323609e-22, 2.68575129408e-22, 1.57981790853e-22, 1.31765544835e-22, 2.17256054587e-22, 2.91786572683e-22, 4.14548627126e-22, 5.22644406811e-22, 7.48540848582e-22, 9.701855194e-22, 1.12245026488e-21, 1.77604765193e-21, 2.65193074448e-21],
        "stdev": [0.000191956205526, 0.00228072865866, 0.00085285800742, 0.00069616275141, 0.00141569762491, 0.01140284352, 0.00544390175492, 0.00672604097053, 0.00403663190082, 0.00332700344734, 0.00312612485141, 0.001794531825, 0.000961663376074, 0.000482791423565, 0.000527459196746, 0.000340459693689, 0.000427842140198, 0.000620728707872, 0.000466333294753, 0.000219585737796, 5.02408583998e-05, 5.52836900169e-05, 0.000140267904499, 0.000162131385878, 0.000112416986667, 3.10517461912e-05, 3.13710575028e-06],
        "var": [3.68471866352e-08, 5.20172307006e-06, 7.27366739284e-07, 4.84642612264e-07, 2.00419981411e-06, 0.000130024840473, 2.96360649372e-05, 4.52396270703e-05, 1.62943961186e-05, 1.10689516077e-05, 9.77265699476e-06, 3.22034429701e-06, 9.24796495383e-07, 2.33087561696e-07, 2.78213207139e-07, 1.15912804688e-07, 1.83048896929e-07, 3.8530416191e-07, 2.17466748609e-07, 4.82178954542e-08, 2.52414400492e-09, 3.05628655717e-09, 1.96750846726e-08, 2.62865853529e-08, 1.26375789833e-08, 9.64211044341e-10, 9.84143235655e-12]
    },
    "erbbands": {
        "dmean": [0.0119024021551, 0.0596661642194, 0.124258898199, 0.261353105307, 1.2241345644, 1.34239339828, 8.98964977264, 25.560546875, 27.442691803, 17.6042366028, 29.5703582764, 24.5102787018, 19.9464149475, 16.4858036041, 18.177734375, 16.6401958466, 11.8319854736, 7.9273352623, 6.29723215103, 5.79819202423, 4.75678253174, 4.99506807327, 5.09656190872, 7.10838699341, 4.87111139297, 2.68320608139, 0.90834581852, 0.698558390141, 0.687628388405, 0.953384935856, 1.48715233803, 1.16864466667, 1.32324147224, 0.692345738411, 0.252904474735, 0.0785628482699, 0.0172369591892, 0.00231475289911, 7.26506550563e-05, 6.40196049062e-06],
        "dmean2": [0.0186370480806, 0.100490629673, 0.211956426501, 0.346572220325, 1.74126291275, 1.8506616354, 11.7725725174, 36.6734962463, 40.3262290955, 24.3152656555, 36.3273353577, 31.9265975952, 26.6987380981, 19.8477325439, 22.9894104004, 24.9029026031, 17.2626190186, 11.4464292526, 9.20763111115, 8.76620769501, 7.02198123932, 6.84445047379, 7.05009460449, 10.2925357819, 7.11245965958, 3.73071432114, 1.32039785385, 1.04119443893, 0.996788561344, 1.44102656841, 2.17182374001, 1.73561275005, 1.93672883511, 0.997600972652, 0.379634350538, 0.119686335325, 0.0254002138972, 0.00347055168822, 0.000109085041913, 8.8084334493e-06],
        "dvar": [0.00277846748941, 0.0744701325893, 0.298979580402, 0.392576336861, 8.06820774078, 6.07778501511, 564.743652344, 2484.33032227, 3720.98730469, 2205.20629883, 4271.66015625, 3380.60864258, 3889.9543457, 3329.56958008, 1793.95275879, 4943.27880859, 1014.21447754, 692.009765625, 272.97567749, 267.518157959, 245.014190674, 156.326751709, 1129.87231445, 296.720489502, 60.7357711792, 27.3190994263, 2.68939876556, 1.82515692711, 1.52817308903, 3.62010741234, 9.13122463226, 3.46448469162, 3.13431978226, 1.12916946411, 0.130690932274, 0.0150336707011, 0.00109138782136, 3.73060320271e-05, 4.83306088483e-08, 6.23989818149e-11],
        "dvar2": [0.00722542498261, 0.198466971517, 0.825679540634, 0.697789371014, 15.7264976501, 11.7702579498, 768.26373291, 4855.56542969, 7583.18261719, 3824.68237305, 5951.39794922, 5667.80029297, 6782.56542969, 4161.68212891, 3096.73217773, 10362.9873047, 2271.59472656, 1545.96240234, 560.985595703, 658.525146484, 633.361816406, 284.518615723, 2069.74707031, 645.460632324, 108.252296448, 53.5470428467, 5.16068983078, 3.64210271835, 3.1291809082, 8.18952846527, 18.5521373749, 7.22342920303, 6.65495872498, 2.21288108826, 0.290048599243, 0.0359708964825, 0.00211297115311, 7.81581766205e-05, 8.92878304626e-08, 1.12828024701e-10],
        "max": [1.15787780285, 6.32878351212, 10.2541837692, 12.949965477, 59.5675964355, 41.6287078857, 522.077758789, 810.384460449, 790.684570312, 639.586547852, 1032.61804199, 1088.23620605, 1585.26928711, 1747.33288574, 726.48638916, 1456.72094727, 559.723205566, 459.223602295, 266.613525391, 294.40914917, 282.407623291, 330.38873291, 1204.86755371, 299.086029053, 158.495071411, 83.3526916504, 34.9719772339, 24.8443927765, 14.3248281479, 26.422121048, 52.5332221985, 17.9930057526, 19.9512367249, 11.8999567032, 5.78888368607, 1.56774377823, 0.74228054285, 0.166489183903, 0.00613806489855, 0.000119243311929],
        "mean": [0.0272119492292, 0.260586380959, 0.591165959835, 0.669541954994, 2.26413607597, 2.96649241447, 25.3288478851, 63.7523002625, 47.3138809204, 41.822101593, 68.058380127, 51.0201911926, 38.9757843018, 33.1165466309, 35.6597633362, 22.8415927887, 16.8448619843, 11.9974517822, 9.476354599, 9.00189590454, 8.23596668243, 8.83035755157, 7.68859815598, 12.4512138367, 10.817281723, 5.13871526718, 1.70097911358, 1.25788712502, 1.26781415939, 1.77211725712, 2.6933400631, 2.34448719025, 2.65991449356, 1.43916249275, 0.525676846504, 0.151959359646, 0.0320186540484, 0.00399269815534, 0.000131277745822, 3.13018390443e-05],
        "median": [0.0073351720348, 0.0608100183308, 0.144199073315, 0.19913379848, 0.961600124836, 1.32323741913, 3.68702244759, 17.6232032776, 14.1273298264, 7.71275949478, 13.038403511, 12.8600692749, 6.5113863945, 5.29195785522, 5.4867401123, 3.96044492722, 3.12642812729, 2.40547966957, 2.2310769558, 2.27323055267, 1.58370959759, 2.35434770584, 2.03162932396, 3.96981525421, 4.70712947845, 2.02346777916, 0.827367544174, 0.605980098248, 0.587415635586, 0.653836965561, 0.700862765312, 1.1214299202, 1.43474972248, 0.688425719738, 0.371861606836, 0.0958358421922, 0.0176590438932, 0.00186034676153, 6.5138170612e-05, 2.80402455246e-05],
        "min": [2.21331640714e-21, 4.58020446877e-21, 2.18995517874e-20, 5.32604083458e-20, 1.26776802607e-19, 1.92596946891e-19, 5.65162726624e-19, 6.68845215216e-19, 5.58047422393e-19, 2.24767358006e-19, 5.88043214452e-19, 4.39501997459e-19, 1.95335206816e-18, 3.71252720984e-18, 4.74618906049e-18, 3.67430981118e-18, 2.83502589191e-18, 5.16618463984e-18, 5.057857894e-18, 8.14203720385e-18, 1.26780748259e-17, 1.03992451778e-17, 7.97102753837e-18, 7.33371713645e-18, 1.18758370175e-17, 1.54111192744e-17, 1.28273437033e-17, 1.9219561385e-17, 1.99666576794e-17, 2.08032565704e-17, 2.31100498862e-17, 1.98610664198e-17, 1.54114749621e-17, 1.13345060364e-17, 8.69620768241e-18, 5.71796622079e-18, 3.53985408415e-18, 1.39220887063e-18, 3.77737196601e-19, 3.79119169836e-20],
        "stdev": [0.0684275180101, 0.517267644405, 1.13180029392, 1.43048453331, 4.36880922318, 4.46771478653, 62.0781364441, 111.634078979, 91.3826141357, 94.3178710938, 143.415084839, 105.916427612, 113.575553894, 106.093582153, 79.9957122803, 83.8907928467, 42.1370544434, 30.7729530334, 23.3769340515, 21.7621879578, 23.1866817474, 20.1996860504, 42.0905036926, 25.6630496979, 16.6484870911, 9.36731338501, 2.69671034813, 2.06414484978, 1.92514717579, 2.82389235497, 4.56195211411, 3.10658574104, 3.19478678703, 1.89016318321, 0.566568136215, 0.182561174035, 0.0499649606645, 0.00858197081834, 0.000303681532387, 2.19514531636e-05],
        "var": [0.00468232529238, 0.267565786839, 1.28097200394, 2.04628586769, 19.0864925385, 19.9604740143, 3853.69482422, 12462.1669922, 8350.78222656, 8895.86035156, 20567.8847656, 11218.2900391, 12899.4072266, 11255.8476562, 6399.31396484, 7037.66503906, 1775.53149414, 946.97467041, 546.481018066, 473.592803955, 537.622253418, 408.02734375, 1771.61035156, 658.592163086, 277.172149658, 87.7465515137, 7.27224636078, 4.26069402695, 3.70619177818, 7.97436857224, 20.8114070892, 9.65087509155, 10.2066631317, 3.57271695137, 0.320999473333, 0.0333285816014, 0.00249649747275, 7.36502188374e-05, 9.22224785427e-08, 4.81866269109e-10]
    },
    "gfcc": {
        "mean": [-49.7661857605, 75.9209518433, -106.956802368, 4.16042232513, -81.14793396, 5.77096986771, -50.6574897766, 24.109254837, -27.586019516, 6.51472759247, -2.5376791954, 0.079723469913, -9.79208660126],
        "cov": [[15079.9609375, -493.560455322, 253.672073364, 1224.9317627, -599.256591797, 384.413116455, -227.325393677, 576.414123535, -283.691345215, 428.353729248, 147.195907593, 376.515319824, 266.658203125], [-493.560455322, 2143.04614258, 533.679321289, -543.249023438, 291.177062988, -161.280044556, 219.017059326, -138.745727539, 84.0255737305, -57.7796783447, 149.956695557, -101.15826416, 119.414558411], [253.672073364, 533.679321289, 1979.29467773, 708.714416504, -104.14453125, 154.155059814, 51.3572273254, -46.5640830994, -30.0732536316, 217.440475464, -11.1922359467, 94.4164352417, 130.134933472], [1224.9317627, -543.249023438, 708.714416504, 1223.44128418, -5.51439523697, 51.6337127686, -231.376434326, 111.246749878, 73.1525421143, 132.835494995, -39.0032272339, 59.8953704834, 109.866470337], [-599.256591797, 291.177062988, -104.14453125, -5.51439523697, 561.970214844, 4.7241859436, -28.9798641205, 2.96607398987, 10.5722055435, 35.2501945496, 39.8765144348, -41.3969421387, 155.185119629], [384.413116455, -161.280044556, 154.155059814, 51.6337127686, 4.7241859436, 315.541320801, 107.186035156, 23.0890235901, -55.4579200745, 67.377166748, 5.87982034683, 12.7943763733, 1.51908135414], [-227.325393677, 219.017059326, 51.3572273254, -231.376434326, -28.9798641205, 107.186035156, 397.45526123, 32.6491546631, -46.008846283, 21.9868831635, 45.4064025879, 55.0997924805, -42.1863708496], [576.414123535, -138.745727539, -46.5640830994, 111.246749878, 2.96607398987, 23.0890235901, 32.6491546631, 225.22694397, 34.1666755676, 16.0219593048, 34.5202980042, 38.2980499268, 49.1008338928], [-283.691345215, 84.0255737305, -30.0732536316, 73.1525421143, 10.5722055435, -55.4579200745, -46.008846283, 34.1666755676, 197.603439331, -9.94022846222, 0.0958400070667, -36.7727050781, -41.7726364136], [428.353729248, -57.7796783447, 217.440475464, 132.835494995, 35.2501945496, 67.377166748, 21.9868831635, 16.0219593048, -9.94022846222, 153.435714722, 28.8464946747, 19.1647663116, 62.2227210999], [147.195907593, 149.956695557, -11.1922359467, -39.0032272339, 39.8765144348, 5.87982034683, 45.4064025879, 34.5202980042, 0.0958400070667, 28.8464946747, 155.27784729, 33.4054260254, 71.2925720215], [376.515319824, -101.15826416, 94.4164352417, 59.8953704834, -41.3969421387, 12.7943763733, 55.0997924805, 38.2980499268, -36.7727050781, 19.1647663116, 33.4054260254, 146.370300293, 30.2169761658], [266.658203125, 119.414558411, 130.134933472, 109.866470337, 155.185119629, 1.51908135414, -42.1863708496, 49.1008338928, -41.7726364136, 62.2227210999, 71.2925720215, 30.2169761658, 298.005096436]],
        "icov": [[0.000147342056152, -0.000298182829283, 0.000268817006145, -0.000264811125817, 0.000341953680618, -0.000283612171188, 0.000325684202835, -0.000395335868234, 0.000434123008745, -0.000626168271992, 0.000179609531187, -0.000417012866819, 9.34099443839e-05], [-0.000298182829283, 0.00195999071002, -0.00142528954893, 0.00131173047703, -0.00136470340658, 0.0013788654469, -0.00136718619615, 0.00123364466708, -0.00169056863524, 0.00242908904329, -0.00152768567204, 0.00192910607439, -0.000647235428914], [0.000268817006145, -0.00142528954893, 0.00189022207633, -0.00147132808343, 0.00130546884611, -0.00115049898159, 0.000650213100016, -0.000386761123082, 0.0012374521466, -0.00253204838373, 0.00127087801229, -0.00163441058248, 9.32464608923e-05], [-0.000264811125817, 0.00131173047703, -0.00147132808343, 0.00246053095907, -0.00103693932761, 0.00070898613194, 0.000114524329547, 0.000120248791063, -0.00171693332959, 0.00116264796816, -0.000482843228383, 0.000722069700714, -0.000461657589767], [0.000341953680618, -0.00136470340658, 0.00130546884611, -0.00103693932761, 0.00341847515665, -0.00119985779747, 0.00095945422072, -0.000784454285167, 0.00102632283233, -0.00235625589266, 0.000935374526307, -0.0007725849282, -0.000965477782302], [-0.000283612171188, 0.0013788654469, -0.00115049898159, 0.00070898613194, -0.00119985779747, 0.0051825735718, -0.00210298085585, 0.000521634879988, -6.15504031884e-05, 0.000455210392829, -0.000924904597923, 0.00212103780359, 5.95513884036e-05], [0.000325684202835, -0.00136718619615, 0.000650213100016, 0.000114524329547, 0.00095945422072, -0.00210298085585, 0.00508831581101, -0.00210364838131, 0.00168229010887, -0.0024427017197, 0.000276702310657, -0.00278295227326, 0.00147010444198], [-0.000395335868234, 0.00123364466708, -0.000386761123082, 0.000120248791063, -0.000784454285167, 0.000521634879988, -0.00210364838131, 0.00712294969708, -0.00290330941789, 0.00221425667405, -0.00132006290369, 0.000357497599907, -0.00167134171352], [0.000434123008745, -0.00169056863524, 0.0012374521466, -0.00171693332959, 0.00102632283233, -6.15504031884e-05, 0.00168229010887, -0.00290330941789, 0.00838405266404, -0.00267066573724, 0.000237096639466, -1.96722448891e-05, 0.00224208598956], [-0.000626168271992, 0.00242908904329, -0.00253204838373, 0.00116264796816, -0.00235625589266, 0.000455210392829, -0.0024427017197, 0.00221425667405, -0.00267066573724, 0.0130275497213, -0.00298314751126, 0.00277408817783, -0.00188402354252], [0.000179609531187, -0.00152768567204, 0.00127087801229, -0.000482843228383, 0.000935374526307, -0.000924904597923, 0.000276702310657, -0.00132006290369, 0.000237096639466, -0.00298314751126, 0.00960352737457, -0.00298747210763, -0.00148967199493], [-0.000417012866819, 0.00192910607439, -0.00163441058248, 0.000722069700714, -0.0007725849282, 0.00212103780359, -0.00278295227326, 0.000357497599907, -1.96722448891e-05, 0.00277408817783, -0.00298747210763, 0.0110676540062, -0.00100322032813], [9.34099443839e-05, -0.000647235428914, 9.32464608923e-05, -0.000461657589767, -0.000965477782302, 5.95513884036e-05, 0.00147010444198, -0.00167134171352, 0.00224208598956, -0.00188402354252, -0.00148967199493, -0.00100322032813, 0.00581262074411]]
    },
    "melbands": {
        "dmean": [9.18081859709e-05, 6.30586655461e-05, 6.99137744959e-05, 9.16156859603e-05, 0.000250344630331, 0.000552508572582, 0.000388716405723, 0.000202589100809, 0.000236403182498, 0.000153766814037, 9.75195289357e-05, 6.45156906103e-05, 6.82190584484e-05, 4.4897216867e-05, 2.94172041322e-05, 2.95533736789e-05, 1.47430901052e-05, 1.01721579995e-05, 1.02068661363e-05, 6.50125866741e-06, 5.85363568462e-06, 5.53211020815e-06, 5.43625401406e-06, 3.77041874344e-06, 6.5854424065e-06, 4.81898723592e-06, 3.33210891768e-06, 1.63067443282e-06, 6.67618849093e-07, 4.63197778799e-07, 4.19417318653e-07, 4.10748924651e-07, 4.26621909355e-07, 6.59762463329e-07, 1.04253126665e-06, 6.23982487014e-07, 8.66422112722e-07, 1.08730750981e-06, 8.3581517174e-07, 6.11566008502e-07],
        "dmean2": [0.000143762139487, 0.00010800077871, 9.7184740298e-05, 0.000129108520923, 0.00032464551623, 0.000788934994489, 0.000569536990952, 0.000273169280263, 0.000287268281681, 0.000200183174456, 0.000132194632897, 7.89175683167e-05, 8.86816123966e-05, 6.6001804953e-05, 4.43120043201e-05, 4.35547735833e-05, 2.22994240175e-05, 1.5169533981e-05, 1.52311158672e-05, 9.94405490928e-06, 8.77953789313e-06, 7.54623852117e-06, 7.87393673818e-06, 5.4869374253e-06, 9.774245882e-06, 6.98769235896e-06, 4.72185502076e-06, 2.33091509472e-06, 9.88328793028e-07, 6.90864851549e-07, 6.38272467768e-07, 6.06436117323e-07, 6.33393369753e-07, 1.01982902834e-06, 1.53656992552e-06, 9.46551267589e-07, 1.29701629703e-06, 1.60672095717e-06, 1.25064866552e-06, 9.03193893009e-07],
        "dvar": [1.57394893563e-07, 8.49269383707e-08, 2.13158326545e-08, 3.87986709427e-08, 3.77573201149e-07, 9.84215716926e-07, 7.03340447217e-07, 2.88752005417e-07, 2.50842589367e-07, 1.46944756807e-07, 1.01015835696e-07, 5.04761388243e-08, 3.40153611944e-08, 3.18711563807e-08, 7.93509968844e-09, 9.18369646996e-09, 2.68310351714e-09, 8.03283384254e-10, 9.79657355238e-10, 3.67275015956e-10, 4.03413469297e-10, 1.9459416023e-10, 6.70695665672e-10, 3.90620813473e-10, 2.97708024899e-10, 6.90641016599e-11, 3.72508586477e-11, 1.33993250523e-11, 2.08387842572e-12, 7.68835732926e-13, 7.36840818395e-13, 5.51887311892e-13, 9.18828164595e-13, 1.7202135983e-12, 4.69552955545e-12, 1.52054768516e-12, 1.86906826821e-12, 2.30772692622e-12, 2.03405326436e-12, 8.80598816522e-13],
        "dvar2": [4.22339411443e-07, 2.29338766644e-07, 4.41876650825e-08, 6.976479483e-08, 5.1663062095e-07, 1.95360053112e-06, 1.43953855058e-06, 4.65695251251e-07, 3.33959064847e-07, 2.41680481849e-07, 1.72139095866e-07, 6.64987496179e-08, 5.81060639604e-08, 6.21575182436e-08, 1.77997954154e-08, 2.14773088203e-08, 5.94182036906e-09, 1.67340930002e-09, 2.22746798784e-09, 8.5626761237e-10, 1.00724317775e-09, 3.53153450927e-10, 1.30966915091e-09, 7.32544025439e-10, 6.76955602685e-10, 1.31233593437e-10, 7.61649424086e-11, 2.69781957191e-11, 3.90728551944e-12, 1.59903644145e-12, 1.5935216471e-12, 1.13177392805e-12, 2.06925882679e-12, 3.99045510177e-12, 9.96723103358e-12, 3.07070731689e-12, 4.04092167713e-12, 5.00468199868e-12, 4.6168715552e-12, 1.84619160237e-12],
        "max": [0.00971513055265, 0.00518801482394, 0.00251263403334, 0.0039173993282, 0.0136523796245, 0.0154977999628, 0.0105967391282, 0.00780364545062, 0.00797892082483, 0.00736515969038, 0.00795256812125, 0.00642033852637, 0.00375216337852, 0.00432223873213, 0.00116543401964, 0.00177186867222, 0.00102931098081, 0.000455995439552, 0.000716785900295, 0.000237158397795, 0.00038851267891, 0.000358009361662, 0.000907823035959, 0.000655328098219, 0.000289296382107, 0.00017094713985, 8.06704920251e-05, 7.59348477004e-05, 3.96796676796e-05, 1.92847746803e-05, 1.43742090586e-05, 9.00683062355e-06, 1.52218681251e-05, 1.81862160389e-05, 3.73625989596e-05, 1.34202573463e-05, 1.3276287973e-05, 2.2186903152e-05, 1.93781197595e-05, 1.1082290257e-05],
        "mean": [0.000280305335764, 0.000317389552947, 0.000161925898283, 0.000186814315384, 0.000699467433151, 0.00143315503374, 0.000673953385558, 0.000483955838718, 0.000532831065357, 0.000308549439069, 0.00018472490774, 0.000126397659187, 0.000125423772261, 7.06846403773e-05, 3.92929869122e-05, 3.84625855077e-05, 1.98893667402e-05, 1.3937607946e-05, 1.47416521941e-05, 9.3613170975e-06, 1.01151408671e-05, 9.63056754699e-06, 7.64916512708e-06, 5.42662428415e-06, 1.07308133011e-05, 9.67153209785e-06, 5.9793287619e-06, 2.71088970294e-06, 1.10576002044e-06, 7.66243829275e-07, 7.01305793882e-07, 7.00515101926e-07, 7.07255594534e-07, 1.12943359909e-06, 1.77419656211e-06, 1.06666630018e-06, 1.61555453815e-06, 2.0342672542e-06, 1.51876099608e-06, 1.11822794224e-06],
        "median": [7.67386591178e-05, 8.64749526954e-05, 6.72262685839e-05, 7.9057412222e-05, 0.00011679904128, 0.000425440084655, 0.000187401237781, 5.46281626157e-05, 9.90067564999e-05, 6.11689174548e-05, 2.46437375608e-05, 1.40560377986e-05, 1.72415730049e-05, 8.71996871865e-06, 6.42510985926e-06, 4.72236797577e-06, 3.3088742839e-06, 2.9386078495e-06, 2.946933364e-06, 2.21363416131e-06, 1.57028716785e-06, 2.24914901992e-06, 1.63621507454e-06, 1.44916339195e-06, 3.13243003802e-06, 3.46975889443e-06, 2.40831013798e-06, 7.34502862088e-07, 4.1740563006e-07, 3.47339096152e-07, 3.12251074774e-07, 2.95384325e-07, 2.27432096267e-07, 3.51627477357e-07, 3.51617586603e-07, 3.41376647839e-07, 6.59009515402e-07, 9.66463289842e-07, 6.28734539987e-07, 5.209060987e-07],
        "min": [1.7677448341e-23, 9.78359573037e-24, 1.02940297568e-23, 1.23286984578e-23, 1.66352652665e-23, 1.71414189336e-23, 7.55693958436e-24, 2.85106775428e-24, 4.30399315002e-24, 2.74827917833e-24, 1.03186295953e-23, 1.50010878365e-23, 1.8104878423e-23, 8.98171152047e-24, 9.3140270654e-24, 6.86820011637e-24, 9.19642525937e-24, 7.12669721323e-24, 9.72421185915e-24, 1.89154456249e-23, 1.19162188676e-23, 1.12939764296e-23, 7.88005543341e-24, 5.90559378006e-24, 5.43181693659e-24, 9.34028035633e-24, 6.47577376489e-24, 1.16702449376e-23, 7.04102376348e-24, 1.11845488003e-23, 1.01126288251e-23, 1.04397970526e-23, 1.05922254899e-23, 1.2693900825e-23, 1.4924645637e-23, 1.06347356263e-23, 1.25433151668e-23, 1.05105807528e-23, 1.09912337023e-23, 9.25809682722e-24],
        "stdev": [0.000632944807876, 0.000558120955247, 0.000269761134405, 0.000336530152708, 0.00163386040367, 0.00229346123524, 0.00128244457301, 0.00114978651982, 0.00110994803254, 0.000705497979652, 0.000574927136768, 0.00041466174298, 0.000298207392916, 0.000230899080634, 0.00010748130444, 0.000114222071716, 5.81978201808e-05, 3.86009887734e-05, 4.24565041612e-05, 2.44195725827e-05, 3.21541738231e-05, 2.32234106079e-05, 3.25341352436e-05, 2.44291240961e-05, 2.4069850042e-05, 1.66228546732e-05, 1.01754876596e-05, 5.86910209677e-06, 2.28631847676e-06, 1.30843102397e-06, 1.22160895444e-06, 1.1303412748e-06, 1.43614602166e-06, 1.88175158655e-06, 3.14914836963e-06, 1.87129796814e-06, 2.23344864025e-06, 2.73186765298e-06, 2.19073535845e-06, 1.56043290644e-06],
        "var": [4.00619114771e-07, 3.11498979499e-07, 7.27710656179e-08, 1.13252539791e-07, 2.6694999633e-06, 5.25996438228e-06, 1.64466393926e-06, 1.32200898406e-06, 1.23198458368e-06, 4.97727398852e-07, 3.30541183757e-07, 1.71944350313e-07, 8.89276492444e-08, 5.33143840187e-08, 1.15522311717e-08, 1.30466810688e-08, 3.38698646907e-09, 1.49003631655e-09, 1.80255488313e-09, 5.96315552492e-10, 1.03389086181e-09, 5.39326805438e-10, 1.05846986731e-09, 5.96782123718e-10, 5.79357672947e-10, 2.76319300774e-10, 1.03540551133e-10, 3.44463589597e-11, 5.2272526585e-12, 1.71199176797e-12, 1.49232850469e-12, 1.27767132811e-12, 2.06251552295e-12, 3.54098911651e-12, 9.91713482168e-12, 3.50175617669e-12, 4.98829319864e-12, 7.4631013175e-12, 4.79932153047e-12, 2.43495067859e-12]
    },
    "melbands128": {
