{
"lowlevel": {
    "average_loudness": 0.920744657516,
    "barkbands_crest": {
        "dmean": 2.59555244446,
        "dmean2": 3.76469945908,
        "dvar": 7.02102947235,
        "dvar2": 15.0227565765,
        "max": 25.3285121918,
        "mean": 11.8110637665,
        "median": 11.4465942383,
        "min": 2.50998425484,
        "stdev": 5.17143201828,
        "var": 26.7437095642
    },
    "barkbands_flatness_db": {
        "dmean": 0.0267442222685,
        "dmean2": 0.0381976552308,
        "dvar": 0.000804033828899,
        "dvar2": 0.00164114905056,
        "max": 0.441279411316,
        "mean": 0.148159861565,
        "median": 0.137921527028,
        "min": 0.0286134760827,
        "stdev": 0.0557053387165,
        "var": 0.0031030846294
    },
    "barkbands_kurtosis": {
        "dmean": 6.20569944382,
        "dmean2": 9.13334846497,
        "dvar": 326.484771729,
        "dvar2": 749.821228027,
        "max": 272.029907227,
        "mean": 7.6563911438,
        "median": 1.23704767227,
        "min": -1.92433965206,
        "stdev": 21.8327903748,
        "var": 476.670715332
    },
    "barkbands_skewness": {
        "dmean": 0.741080284119,
        "dmean2": 1.02243363857,
        "dvar": 0.990380644798,
        "dvar2": 1.9755795002,
        "max": 14.0520963669,
        "mean": 1.73098635674,
        "median": 1.30975830555,
        "min": -3.01634454727,
        "stdev": 1.99294948578,
        "var": 3.9718477726
    },
    "barkbands_spread": {
        "dmean": 8.23631858826,
        "dmean2": 12.0193719864,
        "dvar": 98.8375320435,
        "dvar2": 188.800704956,
        "max": 113.807502747,
        "mean": 27.7583770752,
        "median": 24.5394878387,
        "min": 0.471512228251,
        "stdev": 18.5042648315,
        "var": 342.407806396
    },
    "dissonance": {
        "dmean": 0.0165194552392,
        "dmean2": 0.0270182248205,
        "dvar": 0.000528898381162,
        "dvar2": 0.0012901724549,
        "max": 0.499919682741,
        "mean": 0.470252990723,
        "median": 0.475353002548,
        "min": 0.0107833920047,
        "stdev": 0.0259194001555,
        "var": 0.000671815301757
    },
    "dynamic_complexity": 2.49596905708,
    "erbbands_crest": {
        "dmean": 2.79397583008,
        "dmean2": 4.54945468903,
        "dvar": 6.63418960571,
        "dvar2": 16.8676452637,
        "max": 27.6342773438,
        "mean": 8.94855976105,
        "median": 7.95053195953,
        "min": 2.69576621056,
        "stdev": 4.1066493988,
        "var": 16.8645706177
    },
    "erbbands_flatness_db": {
        "dmean": 0.0172501150519,
        "dmean2": 0.0254714544863,
        "dvar": 0.000259207008639,
        "dvar2": 0.00054702948546,
        "max": 0.364229470491,
        "mean": 0.15230730176,
        "median": 0.143105775118,
        "min": 0.052598003298,
        "stdev": 0.0522150285542,
        "var": 0.00272640911862
    },
    "erbbands_kurtosis": {
        "dmean": 1.04970514774,
        "dmean2": 1.68485856056,
        "dvar": 1.75173330307,
        "dvar2": 4.20108270645,
        "max": 15.8549976349,
        "mean": 0.31295928359,
        "median": -0.216028213501,
        "min": -1.69102883339,
        "stdev": 1.78188550472,
        "var": 3.17511582375
    },
    "erbbands_skewness": {
        "dmean": 0.441653460264,
        "dmean2": 0.6513209939,
        "dvar": 0.181071922183,
        "dvar2": 0.378824263811,
        "max": 2.81836175919,
        "mean": 0.030001744628,
        "median": 0.0862931385636,
        "min": -3.6442322731,
        "stdev": 0.842674970627,
        "var": 0.710101127625
    },
    "erbbands_spread": {
        "dmean": 11.8022937775,
        "dmean2": 17.4677848816,
        "dvar": 180.20980835,
        "dvar2": 412.498931885,
        "max": 167.731781006,
        "mean": 45.7014541626,
        "median": 40.0289382935,
        "min": 7.2596487999,
        "stdev": 25.4510631561,
        "var": 647.756591797
    },
    "hfc": {
        "dmean": 10.7446928024,
        "dmean2": 15.9714460373,
        "dvar": 233.636825562,
        "dvar2": 485.116394043,
        "max": 176.391891479,
        "mean": 30.5589237213,
        "median": 26.0569248199,
        "min": 1.12981317616e-16,
        "stdev": 24.1869544983,
        "var": 585.008728027
    },
    "loudness_ebu128": {
        "integrated": -7.42573070526,
        "loudness_range": 4.99950027466,
        "momentary": {
            "dmean": 0.477444261312,
            "dmean2": 0.521772921085,
            "dvar": 0.15677703917,
            "dvar2": 0.216428294778,
            "max": -4.89772176743,
            "mean": -7.90344762802,
            "median": -7.06205177307,
            "min": -15.2471237183,
            "stdev": 2.28942751884,
            "var": 5.24147796631
        },
        "short_term": {
            "dmean": 0.0840796306729,
            "dmean2": 0.0653274133801,
            "dvar": 0.00693837413564,
            "dvar2": 0.00373335275799,
            "max": -5.93135881424,
            "mean": -7.7453379631,
            "median": -6.86560726166,
            "min": -12.8206310272,
            "stdev": 1.82498347759,
            "var": 3.33056473732
        }
    },
    "melbands_crest": {
        "dmean": 3.56146836281,
        "dmean2": 5.54030275345,
        "dvar": 13.7938241959,
        "dvar2": 33.1746826172,
        "max": 35.6906471252,
        "mean": 19.3001804352,
        "median": 20.0758037567,
        "min": 2.40029096603,
        "stdev": 8.51293754578,
        "var": 72.4701004028
    },
    "melbands_flatness_db": {
        "dmean": 0.0297714974731,
        "dmean2": 0.0408970676363,
        "dvar": 0.00107244914398,
        "dvar2": 0.00199592113495,
        "max": 0.567452251911,
        "mean": 0.194722592831,
        "median": 0.186113908887,
        "min": 0.00860542245209,
        "stdev": 0.0848094299436,
        "var": 0.00719263963401
    },
    "melbands_kurtosis": {
        "dmean": 16.8510837555,
        "dmean2": 24.5578250885,
        "dvar": 1476.62792969,
        "dvar2": 3360.54418945,
        "max": 583.38067627,
        "mean": 27.2377891541,
        "median": 8.67315673828,
        "min": -1.74778854847,
        "stdev": 50.8828887939,
        "var": 2589.06835938
    },
    "melbands_skewness": {
        "dmean": 1.0930095911,
        "dmean2": 1.53274202347,
        "dvar": 1.97609388828,
        "dvar2": 3.97169470787,
        "max": 19.8435630798,
        "mean": 3.43780326843,
        "median": 2.68472862244,
        "min": -0.901125371456,
        "stdev": 2.93195056915,
        "var": 8.59633350372
    },
    "melbands_spread": {
        "dmean": 9.09296989441,
        "dmean2": 13.3485927582,
        "dvar": 158.508972168,
        "dvar2": 321.102172852,
        "max": 187.908889771,
        "mean": 28.9892807007,
        "median": 24.662853241,
        "min": 0.511188566685,
        "stdev": 22.9983215332,
        "var": 528.922790527
    },
    "pitch_salience": {
        "dmean": 0.0815370678902,
        "dmean2": 0.123436689377,
        "dvar": 0.00789123680443,
        "dvar2": 0.0183066688478,
        "max": 0.844278514385,
        "mean": 0.463930875063,
        "median": 0.444440335035,
        "min": 0.118476673961,
        "stdev": 0.168175205588,
        "var": 0.0282828994095
    },
    "silence_rate_20dB": {
        "dmean": 0,
        "dmean2": 0,
        "dvar": 0,
        "dvar2": 0,
        "max": 1,
        "mean": 1,
        "median": 1,
        "min": 1,
        "stdev": 0,
        "var": 0
    },
    "silence_rate_30dB": {
        "dmean": 0.0743034034967,
        "dmean2": 0.148721918464,
        "dvar": 0.0687831714749,
        "dvar2": 0.134352073073,
        "max": 1,
        "mean": 0.891724646091,
        "median": 1,
        "min": 0,
        "stdev": 0.310729891062,
        "var": 0.0965530648828
    },
    "silence_rate_60dB": {
        "dmean": 0.039473682642,
        "dmean2": 0.0790085196495,
        "dvar": 0.0379152297974,
        "dvar2": 0.0820610895753,
        "max": 1,
        "mean": 0.0935808196664,
        "median": 0,
        "min": 0,
        "stdev": 0.29124468565,
        "var": 0.0848234593868
    },
    "spectral_centroid": {
        "dmean": 406.21975708,
        "dmean2": 596.70324707,
        "dvar": 238050.484375,
        "dvar2": 419663.8125,
        "max": 11479.359375,
        "mean": 2089.51074219,
        "median": 2092.53833008,
        "min": 134.266281128,
        "stdev": 867.048095703,
        "var": 751772.375
    },
    "spectral_complexity": {
        "dmean": 4.64396286011,
        "dmean2": 6.66924858093,
        "dvar": 26.8918190002,
        "dvar2": 45.3074302673,
        "max": 61,
        "mean": 19.5212688446,
        "median": 18,
        "min": 0,
        "stdev": 10.66340065,
        "var": 113.708106995
    },
    "spectral_decrease": {
        "dmean": 3.11395709218e-09,
        "dmean2": 4.26655377694e-09,
        "dvar": 2.72858429068e-17,
        "dvar2": 5.13099207524e-17,
        "max": -7.61311605841e-30,
        "mean": -1.15879341678e-08,
        "median": -9.06667363409e-09,
        "min": -4.86947726586e-08,
        "stdev": 1.0481404189e-08,
        "var": 1.09859835769e-16
    },
    "spectral_energy": {
        "dmean": 0.0122094387189,
        "dmean2": 0.0168651584536,
        "dvar": 0.000395067152567,
        "dvar2": 0.000746721052565,
        "max": 0.187133207917,
        "mean": 0.0465073101223,
        "median": 0.0386834815145,
        "min": 1.02764831868e-20,
        "stdev": 0.0400463603437,
        "var": 0.00160371104721
    },
    "spectral_energyband_high": {
        "dmean": 0.00127329514362,
        "dmean2": 0.00196875212714,
        "dvar": 3.70927932636e-06,
        "dvar2": 8.36669369164e-06,
        "max": 0.0203883405775,
        "mean": 0.00239678681828,
        "median": 0.00142830028199,
        "min": 7.54706827755e-21,
        "stdev": 0.00278558232822,
        "var": 7.759469554e-06
    },
    "spectral_energyband_low": {
        "dmean": 0.010955366306,
        "dmean2": 0.014853015542,
        "dvar": 0.000439694878878,
        "dvar2": 0.000837401777972,
        "max": 0.17344507575,
        "mean": 0.0321782566607,
        "median": 0.0204775556922,
        "min": 3.63471196177e-23,
        "stdev": 0.0373445898294,
        "var": 0.001394618419
    },
    "spectral_energyband_middle_high": {
        "dmean": 0.00194387277588,
        "dmean2": 0.00278328754939,
        "dvar": 6.84537872075e-06,
        "dvar2": 1.19308369904e-05,
        "max": 0.0344115123153,
        "mean": 0.00565003370866,
        "median": 0.00381626188755,
        "min": 1.44902817832e-21,
        "stdev": 0.00533496402204,
        "var": 2.84618399746e-05
    },
    "spectral_energyband_middle_low": {
        "dmean": 0.00517381215468,
        "dmean2": 0.0088402107358,
        "dvar": 0.000132505752845,
        "dvar2": 0.000369078945369,
        "max": 0.0700369924307,
        "mean": 0.00762894470245,
        "median": 0.00461287563667,
        "min": 3.53348671881e-22,
        "stdev": 0.0105550354347,
        "var": 0.000111408779048
    },
    "spectral_entropy": {
        "dmean": 0.169684320688,
        "dmean2": 0.241518765688,
        "dvar": 0.0360120087862,
        "dvar2": 0.0709711015224,
        "max": 9.79245185852,
        "mean": 7.77318620682,
        "median": 7.75271892548,
        "min": 5.77320337296,
        "stdev": 0.408751010895,
        "var": 0.16707739234
    },
    "spectral_flux": {
        "dmean": 0.0321150273085,
        "dmean2": 0.0465084388852,
        "dvar": 0.00187993468717,
        "dvar2": 0.00386281986721,
        "max": 0.421902656555,
        "mean": 0.102273665369,
        "median": 0.0761385411024,
        "min": 1.01372993333e-10,
        "stdev": 0.0771335735917,
        "var": 0.00594958849251
    },
    "spectral_kurtosis": {
        "dmean": 1.06097257137,
        "dmean2": 1.64824295044,
        "dvar": 1.7191683054,
        "dvar2": 4.01643323898,
        "max": 24.2354660034,
        "mean": 2.95911550522,
        "median": 2.69518375397,
        "min": -1.20063006878,
        "stdev": 2.1928384304,
        "var": 4.80854034424
    },
    "spectral_rms": {
        "dmean": 0.000816821295302,
        "dmean2": 0.00111306493636,
        "dvar": 1.29886996092e-06,
        "dvar2": 2.23412394007e-06,
        "max": 0.0135118085891,
        "mean": 0.00601390469819,
        "median": 0.00614328728989,
        "min": 3.16636040304e-12,
        "stdev": 0.00303412019275,
        "var": 9.20588536246e-06
    },
    "spectral_rolloff": {
        "dmean": 784.262573242,
        "dmean2": 1278.73291016,
        "dvar": 2051059.375,
        "dvar2": 4002010.25,
        "max": 18540.0878906,
        "mean": 2218.06982422,
        "median": 1399.65820312,
        "min": 64.599609375,
        "stdev": 2279.57128906,
        "var": 5196445.5
    },
    "spectral_skewness": {
        "dmean": 0.205221638083,
        "dmean2": 0.308601886034,
        "dvar": 0.0486401244998,
        "dvar2": 0.101898215711,
        "max": 3.63121938705,
        "mean": 1.23961019516,
        "median": 1.24926030636,
        "min": -0.0665889978409,
        "stdev": 0.416796475649,
        "var": 0.17371930182
    },
    "spectral_spread": {
        "dmean": 767971.1875,
        "dmean2": 1026831.5625,
        "dvar": 1.53368225382e+12,
        "dvar2": 1.93446674432e+12,
        "max": 40749992,
        "mean": 5542491,
        "median": 5075538,
        "min": 2059589.875,
        "stdev": 2303938,
        "var": 5.30812973875e+12
    },
    "spectral_strongpeak": {
        "dmean": 0.389477014542,
        "dmean2": 0.655117154121,
        "dvar": 0.544271886349,
        "dvar2": 1.45413923264,
        "max": 8.2159318924,
        "mean": 0.895654439926,
        "median": 0.521552145481,
        "min": 0,
        "stdev": 1.2580794096,
        "var": 1.58276367188
    },
    "zerocrossingrate": {
        "dmean": 0.0152051234618,
        "dmean2": 0.0166053455323,
        "dvar": 0.000502188981045,
        "dvar2": 0.000539214583114,
        "max": 0.52099609375,
        "mean": 0.08102825284,
        "median": 0.0673828125,
        "min": 0.00048828125,
        "stdev": 0.0558296181262,
        "var": 0.00311694620177
    },
    "barkbands": {
        "dmean": [0.00150381017011, 0.00991202611476, 0.00473750429228, 0.00240133958869, 0.00126406655181, 0.000673045171425, 0.000755500223022, 0.000567356066313, 0.000638083030935, 0.000495300686453, 0.000695964845363, 0.000346209533745, 0.000343996536685, 0.000341316335835, 0.000246691866778, 0.0001820641628, 0.000214290368604, 0.000272855686489, 0.000279326661257, 0.00039401295362, 0.000486073608045, 0.000151419590111, 0.000173469408765, 0.000224423027248, 0.000141340380651, 6.20940336375e-05, 3.32430863637e-06],
        "dmean2": [0.0023737361189, 0.0133882220834, 0.00811328552663, 0.00444728974253, 0.00222781929187, 0.00112987228204, 0.00125934416428, 0.000812424696051, 0.00100037292577, 0.000746685254853, 0.00107996899169, 0.000537862302735, 0.000540678855032, 0.000531738100108, 0.000373622373445, 0.000273144250968, 0.000328996946337, 0.000410077220295, 0.000417098839534, 0.000633228162769, 0.000788490113337, 0.000236174906604, 0.000266459712293, 0.000343770370819, 0.000201896837098, 9.41776524996e-05, 5.56618260816e-06],
        "dvar": [1.40264619404e-05, 0.000441831332864, 0.000186687160749, 6.18384365225e-05, 1.09499924292e-05, 2.28188764595e-06, 2.40566714638e-06, 1.58028683472e-06, 1.4601505427e-06, 1.09049085495e-06, 1.91066396837e-06, 5.16397165029e-07, 5.65607479075e-07, 5.1219268471e-07, 3.67913202126e-07, 1.08350171502e-07, 2.26589946806e-07, 2.29055729051e-07, 2.40896980586e-07, 2.88715881425e-07, 6.39393817892e-07, 1.00077045317e-07, 8.96367353675e-08, 1.61090213169e-07, 7.3309465165e-08, 1.57286415003e-08, 1.12055240087e-10],
        "dvar2": [3.0205843359e-05, 0.000859378022142, 0.000512064958457, 0.000175726614543, 3.1151870644e-05, 5.78018807573e-06, 5.97498365096e-06, 2.93653965855e-06, 3.17807803185e-06, 2.43697672886e-06, 3.86508099837e-06, 1.10833548206e-06, 1.28551312173e-06, 1.1332961094e-06, 7.79671040618e-07, 2.20296271891e-07, 5.63928779229e-07, 4.8611116199e-07, 4.84256190703e-07, 6.8925709229e-07, 1.52505833739e-06, 2.28535114388e-07, 2.01826566126e-07, 3.7367897221e-07, 1.40552316452e-07, 2.98764106788e-08, 2.12308892689e-10],
        "max": [0.0284177474678, 0.160327926278, 0.0897209942341, 0.0508442483842, 0.0335941389203, 0.0201137550175, 0.0193070173264, 0.0303769558668, 0.0164166372269, 0.0140187134966, 0.0269862264395, 0.00978952925652, 0.0101244533435, 0.0159629639238, 0.0120344152674, 0.00411265948787, 0.00727706775069, 0.00766511075199, 0.00991299003363, 0.00659325206652, 0.0106674740091, 0.00424242764711, 0.00338726886548, 0.00543195428327, 0.00396297127008, 0.00139925372787, 0.000112518901005],
        "mean": [0.00265355897136, 0.0229864753783, 0.00536743737757, 0.00189227994997, 0.00142927514389, 0.0009090876556, 0.00097351311706, 0.00100239564199, 0.00107446894981, 0.000783567084, 0.00113381457049, 0.000569545605686, 0.000538709573448, 0.000552826561034, 0.000364541192539, 0.000278751016594, 0.000338259735145, 0.000548291078303, 0.000513160659466, 0.000682119978592, 0.000693957088515, 0.000230187652051, 0.000309075025143, 0.000343378313119, 0.00024984870106, 8.54235331644e-05, 3.36202128892e-06],
        "median": [4.20871874667e-05, 0.0130617814139, 0.00126358121634, 0.000187213037862, 0.000658672070131, 0.000330368959112, 0.000233615995967, 0.000200546783162, 0.000274147023447, 0.000270348071354, 0.000335972290486, 0.000180321134394, 0.000126108323457, 0.000210364945815, 0.000110217370093, 0.00010279052367, 0.000103343329101, 0.000184257412911, 0.000245131930569, 0.00041804468492, 0.000296349840937, 6.9667948992e-05, 0.000123286037706, 0.000121285556816, 8.34871752886e-05, 2.12518498302e-05, 2.75992618981e-07],
        "min": [5.64460585489e-24, 1.34531520333e-24, 3.11211496235e-23, 7.94005856045e-24, 4.4654986153e-23, 7.79908785451e-23, 6.08043888325e-23, 7.82601704146e-23, 6.9819566988e-23, 3.36684982379e-23, 1.02197378344e-22, 4.67371687351e-23, 9.60644518119e-23, 6.39764111541e-23, 6.05048488804e-23, 9.22399847237e-23, 1.29274006552e-22, 3.18255670709e-22, 3.04972363781e-22, 4.09933349068e-22, 4.58364789079e-22, 5.0273517315e-22, 7.84897011701e-22, 8.41984136487e-22, 1.08111274175e-21, 1.39498123511e-21, 2.44269302554e-21],
        "stdev": [0.00460133701563, 0.0298614911735, 0.0120467748493, 0.00616627419367, 0.00286136171781, 0.00182633299846, 0.00200091837905, 0.00266961241141, 0.00204565888271, 0.00154867279343, 0.00214651506394, 0.00106087001041, 0.00117141264491, 0.00100150692742, 0.000766789889894, 0.000479121255921, 0.000676062656567, 0.000984834157862, 0.000752544379793, 0.000771573453676, 0.00108876801096, 0.000457667454612, 0.000469302263809, 0.000556729733944, 0.000450364837889, 0.000180738716153, 1.25978403958e-05],
        "var": [2.11723036045e-05, 0.000891708652489, 0.000145124795381, 3.80229357688e-05, 8.18739044917e-06, 3.33549223797e-06, 4.0036743485e-06, 7.12683095117e-06, 4.18472063757e-06, 2.39838755078e-06, 4.60752698928e-06, 1.12544523745e-06, 1.37220752094e-06, 1.00301622297e-06, 5.87966724197e-07, 2.2955717327e-07, 4.57060679082e-07, 9.69898337644e-07, 5.66323024032e-07, 5.95325559516e-07, 1.18541584015e-06, 2.094594862e-07, 2.20244601223e-07, 3.09947978394e-07, 2.02828488227e-07, 3.26664810757e-08, 1.58705576458e-10]
    },
    "erbbands": {
        "dmean": [0.400293558836, 2.28059458733, 4.81746196747, 7.86132335663, 4.80152368546, 4.35564422607, 5.00467061996, 5.89571857452, 9.00798511505, 14.0387115479, 8.45667266846, 15.3298139572, 16.1362171173, 18.7208824158, 23.326379776, 13.9779109955, 15.2173633575, 13.6880836487, 13.8907852173, 10.4104576111, 10.2241764069, 11.0714206696, 14.8854198456, 15.3971309662, 10.9103145599, 16.7541866302, 24.8532371521, 13.6012887955, 6.15859556198, 4.18520879745, 5.10318613052, 5.3045759201, 3.39199471474, 1.92555713654, 0.900413095951, 0.330611854792, 0.110922537744, 0.015376935713, 0.000409618427511, 2.40543031396e-05],
        "dmean2": [0.518678367138, 3.29548478127, 7.47570180893, 14.0836744308, 8.67510700226, 7.57408332825, 8.58062171936, 10.0935411453, 14.9930257797, 21.6998176575, 12.5719814301, 23.5984363556, 23.4856929779, 29.4439868927, 35.1939353943, 21.8501396179, 23.7435436249, 21.4043731689, 21.1332302094, 15.4553689957, 14.7952528, 16.2022304535, 21.7995357513, 22.6904563904, 16.2161197662, 26.6477108002, 40.8067054749, 21.5955524445, 9.72876930237, 6.31173992157, 7.87499189377, 8.33967971802, 5.09926080704, 2.87674856186, 1.28590118885, 0.474536627531, 0.17693169415, 0.0249251648784, 0.000651238660794, 3.60036247002e-05],
        "dvar": [0.653784811497, 30.1948223114, 159.271820068, 638.001098633, 195.739334106, 126.379631042, 158.863235474, 162.607269287, 355.056976318, 909.176452637, 227.678573608, 958.137390137, 1228.33508301, 1651.15905762, 2996.45336914, 995.955871582, 1064.44470215, 740.705688477, 1010.06707764, 537.440856934, 393.913391113, 489.998840332, 821.542541504, 667.454589844, 344.997497559, 577.447570801, 1661.83898926, 496.173553467, 177.147247314, 72.5005569458, 76.5851669312, 96.2574157715, 37.7555923462, 12.106844902, 3.73408579826, 0.544861376286, 0.0507389828563, 0.00134905602317, 1.20364938994e-06, 1.3530262466e-09],
        "dvar2": [1.30696105957, 66.3120651245, 416.678833008, 1787.11486816, 550.644836426, 358.701843262, 416.542022705, 424.149536133, 894.233703613, 2009.2364502, 497.090759277, 1986.74243164, 2691.76074219, 3873.45385742, 5644.54980469, 2243.6184082, 2403.72216797, 1538.08337402, 2026.57702637, 1219.96984863, 841.321166992, 1044.99597168, 1820.15710449, 1427.27648926, 680.493164062, 1356.61401367, 4116.87792969, 1092.11682129, 418.3359375, 158.591247559, 177.18939209, 233.371688843, 86.8247146606, 26.118637085, 7.12119197845, 0.96545702219, 0.103499136865, 0.00275204377249, 2.31400304074e-06, 2.62351007585e-09],
        "max": [7.35570859909, 42.3361930847, 101.2734375, 168.920333862, 90.5590667725, 144.153793335, 215.471282959, 200.096176147, 231.697677612, 581.914123535, 213.102600098, 500.748748779, 497.413085938, 665.826843262, 1288.99108887, 499.290130615, 490.738769531, 471.997924805, 634.345153809, 519.521850586, 319.549377441, 328.127929688, 510.269622803, 478.472473145, 223.883255005, 345.926330566, 627.120361328, 182.366760254, 178.922302246, 116.77507019, 99.6371231079, 137.296234131, 71.6637649536, 44.6209182739, 28.4555053711, 10.0764551163, 2.80129694939, 0.412647247314, 0.012791197747, 0.000360966048902],
        "mean": [0.916400790215, 4.00848674774, 7.04144477844, 6.74456787109, 4.27878427505, 4.84319543839, 6.53527784348, 7.63152313232, 12.269282341, 23.181476593, 14.7710208893, 27.0559959412, 28.0912361145, 30.9475154877, 40.682975769, 24.5717258453, 25.2237930298, 24.4965896606, 25.0839576721, 16.8807010651, 18.1091918945, 18.492433548, 31.3707561493, 29.394908905, 21.224647522, 31.1012783051, 38.2877120972, 18.2545852661, 8.92455291748, 7.39427423477, 9.12733840942, 8.20215702057, 5.03869867325, 3.19975948334, 1.57075583935, 0.516900897026, 0.136103034019, 0.0167541317642, 0.00047955813352, 7.30769679649e-05],
        "median": [0.151358067989, 2.17123818398, 1.36634933949, 1.39869832993, 0.9394338727, 2.08477663994, 2.50468373299, 2.75350999832, 3.23038220406, 5.60942029953, 4.67007350922, 6.84613800049, 10.3446416855, 10.3695249557, 15.3677244186, 7.46575880051, 7.04197311401, 9.65817832947, 9.87379741669, 7.06706523895, 7.20986795425, 6.19301748276, 9.14634513855, 13.0574884415, 11.7181177139, 17.7493286133, 17.5720977783, 7.10247087479, 2.82227134705, 2.19781684875, 3.63508009911, 3.22232437134, 1.508248806, 1.06768095493, 0.486109286547, 0.144628226757, 0.0290807019919, 0.00274810055271, 0.000103802587546, 6.06412104389e-05],
        "min": [3.65295200362e-23, 1.01756210723e-21, 2.66908549295e-20, 3.45875621122e-20, 1.27754116501e-19, 1.29464364116e-19, 3.51160348809e-19, 6.12990257943e-19, 5.70535936787e-19, 2.16867834855e-18, 1.19029780542e-18, 1.73686546017e-18, 1.25063297968e-18, 2.51240994337e-18, 3.11659424331e-18, 2.44972971207e-18, 4.67137470999e-18, 4.0272913532e-18, 2.12076308439e-18, 4.52318364889e-18, 6.14205055391e-18, 6.60717503953e-18, 1.19736354085e-17, 2.13803242355e-17, 1.50177618059e-17, 1.96583608476e-17, 1.50220681082e-17, 2.22298287984e-17, 1.55305840072e-17, 2.43678656887e-17, 2.11713403624e-17, 1.3622768025e-17, 1.65802001039e-17, 9.83290108221e-18, 8.93397330487e-18, 5.01813502663e-18, 2.67925661562e-18, 1.2531324093e-18, 3.61881462578e-19, 3.3692026008e-20],
        "stdev": [1.30165278912, 6.37025690079, 13.2940855026, 20.4054851532, 11.9580078125, 9.82343101501, 13.2536172867, 14.8662242889, 25.2792549133, 55.74451828, 27.0848274231, 55.4034080505, 52.8986625671, 62.2265090942, 84.6227722168, 46.1739578247, 52.7617759705, 42.585269928, 46.0832176208, 29.7077960968, 31.056722641, 32.7483482361, 65.0065383911, 41.7708358765, 27.5841293335, 36.190284729, 57.12317276, 27.7350234985, 17.8195800781, 13.3304624557, 13.573548317, 12.8969554901, 8.70439910889, 5.46439743042, 3.09400224686, 1.14023697376, 0.292838513851, 0.0446593910456, 0.00133788748644, 6.13497250015e-05],
        "var": [1.6943000555, 40.5801734924, 176.732711792, 416.383850098, 142.993942261, 96.4997940063, 175.658370972, 221.004638672, 639.040771484, 3107.45117188, 733.587890625, 3069.53759766, 2798.26831055, 3872.13842773, 7161.01416016, 2132.03442383, 2783.80493164, 1813.50537109, 2123.66308594, 882.553100586, 964.520019531, 1072.45422363, 4225.84960938, 1744.80273438, 760.884216309, 1309.73681641, 3263.05688477, 769.231506348, 317.537445068, 177.70123291, 184.241226196, 166.331466675, 75.7665710449, 29.8596401215, 9.57285022736, 1.30014026165, 0.0857543945312, 0.00199446128681, 1.78994287126e-06, 3.76378839206e-09]
    },
    "gfcc": {
        "mean": [11.4957904816, 48.4658317566, -120.425926208, 36.2118606567, -64.4621429443, 24.8573741913, -29.2099323273, 23.1089630127, -28.0283355713, 12.4361248016, -10.0978527069, 0.731086730957, -5.05820274353],
        "cov": [[6081.00878906, 1146.89587402, 1535.44799805, 1029.84692383, 262.808959961, 562.868652344, 564.192565918, -36.6543083191, 64.9232635498, 122.154144287, -164.226806641, -99.8744125366, -134.566268921], [1146.89587402, 2333.99487305, 1303.75671387, 623.855102539, 514.971557617, 255.858184814, 491.396514893, -150.28868103, 50.7415885925, 92.4209136963, 27.6352157593, -233.061630249, 146.021499634], [1535.44799805, 1303.75671387, 2383.01855469, 967.163330078, 311.794342041, 441.873687744, 299.9375, -114.680725098, 93.2410964966, 88.4810943604, -61.0166816711, -51.6179122925, 3.28360748291], [1029.84692383, 623.855102539, 967.163330078, 764.678283691, 257.87109375, 160.879516602, 265.277587891, 20.0166606903, 89.318649292, 46.2427024841, 10.0561971664, -15.5963611603, 21.6476802826], [262.808959961, 514.971557617, 311.794342041, 257.87109375, 386.657226562, 160.942565918, 199.362930298, 22.4371604919, 44.4710731506, 20.5069255829, 11.7808437347, -23.8100795746, 68.3852005005], [562.868652344, 255.858184814, 441.873687744, 160.879516602, 160.942565918, 404.980041504, 214.582473755, -25.364490509, 48.906993866, 56.6727867126, 21.067817688, -20.9836940765, 9.68288326263], [564.192565918, 491.396514893, 299.9375, 265.277587891, 199.362930298, 214.582473755, 403.491973877, 9.09847831726, 60.5463600159, 96.9127349854, 51.2676506042, -37.7332572937, 29.740146637], [-36.6543083191, -150.28868103, -114.680725098, 20.0166606903, 22.4371604919, -25.364490509, 9.09847831726, 177.859176636, 60.1039581299, 1.00705313683, 37.3755607605, 29.0112686157, 15.3113069534], [64.9232635498, 50.7415885925, 93.2410964966, 89.318649292, 44.4710731506, 48.906993866, 60.5463600159, 60.1039581299, 142.019042969, 49.6647224426, 43.8848648071, 14.7749853134, 1.3153706789], [122.154144287, 92.4209136963, 88.4810943604, 46.2427024841, 20.5069255829, 56.6727867126, 96.9127349854, 1.00705313683, 49.6647224426, 135.989059448, 69.8324508667, 3.39823865891, 18.4314956665], [-164.226806641, 27.6352157593, -61.0166816711, 10.0561971664, 11.7808437347, 21.067817688, 51.2676506042, 37.3755607605, 43.8848648071, 69.8324508667, 178.310852051, 31.4248352051, 26.5519218445], [-99.8744125366, -233.061630249, -51.6179122925, -15.5963611603, -23.8100795746, -20.9836940765, -37.7332572937, 29.0112686157, 14.7749853134, 3.39823865891, 31.4248352051, 105.691886902, 13.3173131943], [-134.566268921, 146.021499634, 3.28360748291, 21.6476802826, 68.3852005005, 9.68288326263, 29.740146637, 15.3113069534, 1.3153706789, 18.4314956665, 26.5519218445, 13.3173131943, 117.470832825]],
        "icov": [[0.000296378799248, -0.000232637059526, 0.000163909164257, -0.000485102209495, 0.000323294807458, -0.000477783381939, 6.87146603013e-05, -0.000286355760181, 0.000312471500365, -0.000402194360504, 0.000535038998351, -0.000404897669796, 0.000569181516767], [-0.000232637059526, 0.00195552501827, -0.00114257179666, 0.000984306447208, -0.0015121124452, 0.00168846629094, -0.00151248951443, 0.00146264373325, -0.000834082136862, 0.0011481292313, -0.00148042989895, 0.00352328992449, -0.00214898888953], [0.000163909164257, -0.00114257179666, 0.00189406890422, -0.00221899477765, 0.00103938824032, -0.00202974211425, 0.0015727506252, -0.000208314231713, 0.0004846866359, -0.00129907589871, 0.00140491046477, -0.0019188328879, 0.0012535972055], [-0.000485102209495, 0.000984306447208, -0.00221899477765, 0.00507116084918, -0.00202737585641, 0.00266747525893, -0.00245491275564, 0.000211778315133, -0.00148839817848, 0.00192089751363, -0.00160330301151, 0.00128486671019, -0.0011654618429], [0.000323294807458, -0.0015121124452, 0.00103938824032, -0.00202737585641, 0.00592702487484, -0.00246831215918, -6.05017485213e-05, -0.00145169091411, 0.000302395405015, 0.000176339497557, 0.00152573804371, -0.00202507316135, -0.000594223616645], [-0.000477783381939, 0.00168846629094, -0.00202974211425, 0.00266747525893, -0.00246831215918, 0.00634195841849, -0.00332860928029, 0.00178322230931, -0.00167661800515, 0.00156712939497, -0.00197859713808, 0.00267824926414, -0.00164005765691], [6.87146603013e-05, -0.00151248951443, 0.0015727506252, -0.00245491275564, -6.05017485213e-05, -0.00332860928029, 0.0069118924439, -0.00118742114864, 0.000880779174622, -0.00367739400826, 0.000829980475828, -0.00119823764544, 0.00159708422143], [-0.000286355760181, 0.00146264373325, -0.000208314231713, 0.000211778315133, -0.00145169091411, 0.00178322230931, -0.00118742114864, 0.00893576908857, -0.00417359173298, 0.00244720024057, -0.00205187383108, 0.00144961394835, -0.0023831280414], [0.000312471500365, -0.000834082136862, 0.0004846866359, -0.00148839817848, 0.000302395405015, -0.00167661800515, 0.000880779174622, -0.00417359173298, 0.0112058361992, -0.00399815477431, 0.000267447641818, -0.00218007690273, 0.0026271911338], [-0.000402194360504, 0.0011481292313, -0.00129907589871, 0.00192089751363, 0.000176339497557, 0.00156712939497, -0.00367739400826, 0.00244720024057, -0.00399815477431, 0.0134056201205, -0.00494993152097, 0.00214564637281, -0.00300839124247], [0.000535038998351, -0.00148042989895, 0.00140491046477, -0.00160330301151, 0.00152573804371, -0.00197859713808, 0.000829980475828, -0.00205187383108, 0.000267447641818, -0.00494993152097, 0.00970822013915, -0.00440483028069, 0.00112021516543], [-0.000404897669796, 0.00352328992449, -0.0019188328879, 0.00128486671019, -0.00202507316135, 0.00267824926414, -0.00119823764544, 0.00144961394835, -0.00218007690273, 0.00214564637281, -0.00440483028069, 0.0175587516278, -0.00526123587042], [0.000569181516767, -0.00214898888953, 0.0012535972055, -0.0011654618429, -0.000594223616645, -0.00164005765691, 0.00159708422143, -0.0023831280414, 0.0026271911338, -0.00300839124247, 0.00112021516543, -0.00526123587042, 0.0131890391931]]
    },
    "melbands": {
        "dmean": [0.00287361280061, 0.00218708696775, 0.00118276593275, 0.000301073334413, 0.000177942856681, 0.00013162488176, 0.000144007790368, 0.000153214103193, 6.67984859319e-05, 0.000101479767181, 8.04778901511e-05, 7.3146475188e-05, 8.06605821708e-05, 5.07163895236e-05, 3.1713196222e-05, 3.55942902388e-05, 2.82578312181e-05, 2.65026865236e-05, 1.82270905498e-05, 1.36771232064e-05, 1.29088775793e-05, 1.27330722535e-05, 1.32011209644e-05, 1.24075277199e-05, 1.38217601489e-05, 1.00278402897e-05, 7.47481863073e-06, 1.37097413244e-05, 1.67140806298e-05, 1.41635882756e-05, 6.23291543889e-06, 3.78602453566e-06, 2.57106466961e-06, 2.43610338657e-06, 2.99618500321e-06, 3.36437801707e-06, 3.39674102179e-06, 2.67396353593e-06, 1.8379694211e-06, 1.63206050274e-06],
        "dmean2": [0.0037806360051, 0.00331491767429, 0.00208983942866, 0.000536186038516, 0.000303602340864, 0.000222925664275, 0.000238173495745, 0.0002327382972, 0.000101639518107, 0.000155911926413, 0.000117099974887, 0.000116213588626, 0.000124485581182, 7.45177385397e-05, 4.77545545436e-05, 5.56483937544e-05, 4.43730132247e-05, 4.03168232879e-05, 2.7558502552e-05, 2.11471051443e-05, 1.89174479601e-05, 1.88784197235e-05, 2.05826381716e-05, 1.84695945791e-05, 2.06882523344e-05, 1.52450893438e-05, 1.17450608741e-05, 2.20752353925e-05, 2.7342037356e-05, 2.32270613196e-05, 9.94183938019e-06, 6.01829106017e-06, 4.03657259085e-06, 3.72783620151e-06, 4.68453754365e-06, 5.31180148755e-06, 5.41477220395e-06, 4.12561303165e-06, 2.79209621112e-06, 2.47984735324e-06],
        "dvar": [3.35815857397e-05, 2.93779994536e-05, 1.34965621328e-05, 7.26970938558e-07, 1.60438446528e-07, 7.58421592195e-08, 8.69558363092e-08, 1.09459755038e-07, 1.76060481749e-08, 3.92689791795e-08, 3.10635464018e-08, 2.52567780024e-08, 2.68147903881e-08, 9.70160041192e-09, 4.77511674646e-09, 6.95858615174e-09, 3.48244788562e-09, 3.60894225615e-09, 2.19768003795e-09, 6.72999322937e-10, 8.11719469418e-10, 7.0987732359e-10, 7.66449403944e-10, 4.83912909743e-10, 5.6030358131e-10, 3.56561891124e-10, 1.35557051695e-10, 4.23802659633e-10, 7.02217173298e-10, 5.63669610987e-10, 1.23512033934e-10, 7.10564870832e-11, 3.48853619603e-11, 2.19435650206e-11, 2.55677388983e-11, 3.46239460713e-11, 4.28187554857e-11, 2.39446032446e-11, 1.16663389019e-11, 9.0004904571e-12],
        "dvar2": [5.88012335356e-05, 6.61760859657e-05, 3.73332768504e-05, 2.07433981814e-06, 4.24346865202e-07, 1.94559788724e-07, 2.17380247136e-07, 2.28131199265e-07, 4.00092972086e-08, 7.77231932148e-08, 6.80838212475e-08, 5.95417191107e-08, 5.32052446545e-08, 2.0614624674e-08, 1.00600674457e-08, 1.62171751583e-08, 7.34155669591e-09, 7.30364257961e-09, 5.08428721346e-09, 1.47592549293e-09, 1.91860882737e-09, 1.62197355547e-09, 1.7622296955e-09, 1.00666530667e-09, 1.24451138284e-09, 7.04321323486e-10, 3.05657971156e-10, 1.05049813293e-09, 1.7661737628e-09, 1.35015298941e-09, 2.61066585017e-10, 1.71587744013e-10, 7.97568955324e-11, 4.74422896801e-11, 6.04377520252e-11, 8.16946371662e-11, 1.05155578689e-10, 5.6312406127e-11, 2.68640856088e-11, 1.93565389411e-11],
        "max": [0.0467461273074, 0.043511018157, 0.0240952577442, 0.00869959499687, 0.00596453109756, 0.00396383507177, 0.00368028786033, 0.0072229555808, 0.0018460227875, 0.00327628292143, 0.00253080902621, 0.0027717014309, 0.00361350085586, 0.00133752392139, 0.000928810040932, 0.00139726768248, 0.000965572718997, 0.00147783290595, 0.0011352795409, 0.000363891478628, 0.00056075816974, 0.000415259273723, 0.000341491686413, 0.000374953786377, 0.000446834921604, 0.000338506186381, 0.000163702032296, 0.000314700300805, 0.000462934462121, 0.000294994766591, 0.000109442342364, 0.000115477683721, 0.000103348385892, 5.49761716684e-05, 5.92188043811e-05, 6.53674578643e-05, 0.000103234888229, 5.15838510182e-05, 4.32288543379e-05, 3.97072471969e-05],
        "mean": [0.0070582437329, 0.00416622404009, 0.00106961082201, 0.000301754509564, 0.000235192695982, 0.000176085115527, 0.000193289262825, 0.000263882277068, 0.000108028347313, 0.000179669528734, 0.000135240959935, 0.000116852163046, 0.000131625449285, 8.68007991812e-05, 5.09286728629e-05, 5.49980140931e-05, 4.63807991764e-05, 4.47851562058e-05, 2.65849157586e-05, 2.05150045076e-05, 2.16464159166e-05, 1.95885677385e-05, 2.35357347265e-05, 2.52019253821e-05, 2.42951555265e-05, 1.74825345312e-05, 1.33505373014e-05, 2.30879668379e-05, 2.6400302886e-05, 1.79408398253e-05, 8.03350667411e-06, 5.1194479056e-06, 3.9742417357e-06, 4.17789578933e-06, 5.14303019372e-06, 5.54895905225e-06, 4.81728193336e-06, 3.6860731143e-06, 2.86341514766e-06, 2.67884365712e-06],
        "median": [0.0027851597406, 0.00143185944762, 0.000276803853922, 0.00011420831288, 9.91213382804e-05, 6.0098755057e-05, 4.96218890476e-05, 5.81489293836e-05, 3.3678876207e-05, 4.37205198978e-05, 4.68360703962e-05, 3.59105579264e-05, 4.75381493743e-05, 3.04688364849e-05, 1.02522162706e-05, 1.36591052069e-05, 1.65191740962e-05, 1.66531299328e-05, 8.79821800481e-06, 6.84775523041e-06, 6.85065924699e-06, 5.89242245042e-06, 6.71257112117e-06, 8.43529051053e-06, 1.05092512968e-05, 8.17244654172e-06, 7.78654612077e-06, 1.24838861666e-05, 1.22607834783e-05, 6.67522454023e-06, 2.8956890219e-06, 1.43005138398e-06, 1.04742889562e-06, 1.16530509331e-06, 1.98339535018e-06, 2.23348729378e-06, 1.74125716512e-06, 1.04480568552e-06, 8.04616661298e-07, 8.70886992743e-07],
        "min": [4.83537616666e-25, 9.19141283718e-24, 8.96220693459e-24, 9.33763451685e-24, 1.00891673129e-23, 1.39178477073e-23, 9.55356389041e-24, 2.36672975934e-23, 8.35414269365e-24, 1.11173402178e-23, 5.66009711091e-24, 9.11066424606e-24, 1.16439758695e-23, 6.04996597534e-24, 7.77258102369e-24, 9.49643852796e-24, 7.56728155083e-24, 2.84689014414e-24, 4.92518876958e-24, 6.92899289317e-24, 6.90646460344e-24, 6.35453649338e-24, 6.9588094688e-24, 1.69858666072e-23, 1.7462502677e-23, 1.15057193184e-23, 1.09314451455e-23, 1.33916380404e-23, 9.24032221331e-24, 1.02882174297e-23, 1.37854484484e-23, 8.733063352e-24, 9.58196998275e-24, 1.52966187974e-23, 1.31173921245e-23, 7.22550756364e-24, 1.0014100098e-23, 1.26328209028e-23, 9.73079253682e-24, 7.58765546142e-24],
        "stdev": [0.00932731106877, 0.00674144318327, 0.00302847358398, 0.000714086869266, 0.000421740696765, 0.00034812107333, 0.000391055451473, 0.000658171018586, 0.000209859674214, 0.000371224625269, 0.000265029637376, 0.000241197500145, 0.000248942233156, 0.00015051238006, 0.000114500617201, 0.000121785255033, 8.71192387422e-05, 8.64516550791e-05, 5.71464079258e-05, 3.51173148374e-05, 4.3616793846e-05, 3.91787143599e-05, 4.66650380986e-05, 4.42339514848e-05, 3.64871957572e-05, 2.6800444175e-05, 1.64727243828e-05, 2.88749706669e-05, 3.88359621866e-05, 2.94806504826e-05, 1.36534818012e-05, 1.08185795398e-05, 8.43058023747e-06, 7.35817593522e-06, 7.77587410994e-06, 8.29504733701e-06, 8.13915539766e-06, 6.5693579927e-06, 5.02797684021e-06, 4.67095514978e-06],
        "var": [8.69987270562e-05, 4.54470573459e-05, 9.17165289138e-06, 5.09920084824e-07, 1.77865217665e-07, 1.21188278968e-07, 1.52924371832e-07, 4.33189114801e-07, 4.40410801161e-08, 1.37807731448e-07, 7.02407021436e-08, 5.8176237161e-08, 6.19722300144e-08, 2.26539746961e-08, 1.31103909951e-08, 1.4831648798e-08, 7.589761708e-09, 7.47388817501e-09, 3.26571192311e-09, 1.23322585477e-09, 1.90242466225e-09, 1.53497159427e-09, 2.17762563537e-09, 1.95664240366e-09, 1.33131550228e-09, 7.18263781785e-10, 2.71350664161e-10, 8.33763946773e-10, 1.50823187273e-09, 8.6910878494e-10, 1.8641757582e-10, 1.17041654146e-10, 7.1074680863e-11, 5.41427562506e-11, 6.04642169666e-11, 6.88078066746e-11, 6.62458490841e-11, 4.31564645131e-11, 2.52805519574e-11, 2.18178218547e-11]
    },
    "melbands128": {
