{
"lowlevel": {
    "average_loudness": 0.936654865742,
    "barkbands_crest": {
        "dmean": 2.53428053856,
        "dmean2": 3.87310552597,
        "dvar": 5.95425081253,
        "dvar2": 11.7830047607,
        "max": 25.8849563599,
        "mean": 10.4993009567,
        "median": 9.42613315582,
        "min": 2.69342899323,
        "stdev": 4.37713050842,
        "var": 19.1592731476
    },
    "barkbands_flatness_db": {
        "dmean": 0.0283160023391,
        "dmean2": 0.0402348600328,
        "dvar": 0.000855088524986,
        "dvar2": 0.00150405580644,
        "max": 0.45012742281,
        "mean": 0.189270064235,
        "median": 0.184634014964,
        "min": 0.050360288471,
        "stdev": 0.0569008328021,
        "var": 0.00323770474643
    },
    "barkbands_kurtosis": {
        "dmean": 7.48076438904,
        "dmean2": 11.572054863,
        "dvar": 121.789886475,
        "dvar2": 258.075775146,
        "max": 141.288864136,
        "mean": 14.7722682953,
        "median": 10.4835710526,
        "min": -1.85229742527,
        "stdev": 15.6455469131,
        "var": 244.78314209
    },
    "barkbands_skewness": {
        "dmean": 0.804892599583,
        "dmean2": 1.18861949444,
        "dvar": 0.768834233284,
        "dvar2": 1.51210522652,
        "max": 10.6518526077,
        "mean": 2.84501981735,
        "median": 2.72654557228,
        "min": -1.83340489864,
        "stdev": 1.47085785866,
        "var": 2.16342282295
    },
    "barkbands_spread": {
        "dmean": 6.29580068588,
        "dmean2": 9.54640865326,
        "dvar": 90.500831604,
        "dvar2": 170.961410522,
        "max": 92.5398330688,
        "mean": 15.5287380219,
        "median": 11.5208892822,
        "min": 0.392393618822,
        "stdev": 14.0786466599,
        "var": 198.208297729
    },
    "dissonance": {
        "dmean": 0.0378254912794,
        "dmean2": 0.062399469316,
        "dvar": 0.00118681392632,
        "dvar2": 0.00320953223854,
        "max": 0.499898672104,
        "mean": 0.416761308908,
        "median": 0.421916991472,
        "min": 0.0472832918167,
        "stdev": 0.052512742579,
        "var": 0.00275758816861
    },
    "dynamic_complexity": 1.99006950855,
    "erbbands_crest": {
        "dmean": 2.42329716682,
        "dmean2": 3.8471326828,
        "dvar": 4.8749423027,
        "dvar2": 11.1895132065,
        "max": 25.8226299286,
        "mean": 10.0652570724,
        "median": 9.58556175232,
        "min": 3.26130342484,
        "stdev": 3.46103978157,
        "var": 11.9787969589
    },
    "erbbands_flatness_db": {
        "dmean": 0.0202420689166,
        "dmean2": 0.0289272684604,
        "dvar": 0.00043932281551,
        "dvar2": 0.000858297862578,
        "max": 0.359191924334,
        "mean": 0.169424027205,
        "median": 0.166317000985,
        "min": 0.0445588044822,
        "stdev": 0.0478882081807,
        "var": 0.00229328055866
    },
    "erbbands_kurtosis": {
        "dmean": 2.49072504044,
        "dmean2": 3.92361474037,
        "dvar": 8.20058727264,
        "dvar2": 19.9614391327,
        "max": 29.1314468384,
        "mean": 5.22955799103,
        "median": 4.57960319519,
        "min": -1.70835745335,
        "stdev": 4.57513141632,
        "var": 20.9318294525
    },
    "erbbands_skewness": {
        "dmean": 0.509292244911,
        "dmean2": 0.771313428879,
        "dvar": 0.274420499802,
        "dvar2": 0.550918757915,
        "max": 4.25715875626,
        "mean": 1.51319420338,
        "median": 1.62536978722,
        "min": -2.56182003021,
        "stdev": 0.931108355522,
        "var": 0.866962730885
    },
    "erbbands_spread": {
        "dmean": 9.21958351135,
        "dmean2": 14.2345809937,
        "dvar": 167.02230835,
        "dvar2": 348.042602539,
        "max": 129.72088623,
        "mean": 29.8627681732,
        "median": 25.1165332794,
        "min": 4.02821779251,
        "stdev": 19.5825824738,
        "var": 383.477508545
    },
    "hfc": {
        "dmean": 6.66850471497,
        "dmean2": 9.16835021973,
        "dvar": 132.370056152,
        "dvar2": 256.585784912,
        "max": 124.954589844,
        "mean": 14.9390163422,
        "median": 11.3910636902,
        "min": 0.000168098282302,
        "stdev": 15.1320114136,
        "var": 228.977783203
    },
    "loudness_ebu128": {
        "integrated": -12.6631879807,
        "loudness_range": 3.04296398163,
        "momentary": {
            "dmean": 0.834086000919,
            "dmean2": 1.18997204304,
            "dvar": 0.863460898399,
            "dvar2": 1.30826282501,
            "max": -7.80835151672,
            "mean": -13.1154327393,
            "median": -13.130604744,
            "min": -18.4037075043,
            "stdev": 1.99468457699,
            "var": 3.97876667976
        },
        "short_term": {
            "dmean": 0.120831467211,
            "dmean2": 0.162220835686,
            "dvar": 0.0160361733288,
            "dvar2": 0.0313980057836,
            "max": -10.588850975,
            "mean": -12.741642952,
            "median": -12.7042350769,
            "min": -15.0265989304,
            "stdev": 1.03943169117,
            "var": 1.0804182291
        }
    },
    "melbands_crest": {
        "dmean": 3.16959881783,
        "dmean2": 4.92831754684,
        "dvar": 8.64530658722,
        "dvar2": 18.8620185852,
        "max": 33.2861480713,
        "mean": 14.162817955,
        "median": 12.880865097,
        "min": 3.96079134941,
        "stdev": 5.5187253952,
        "var": 30.4563312531
    },
    "melbands_flatness_db": {
        "dmean": 0.0350080654025,
        "dmean2": 0.0491011217237,
        "dvar": 0.00145786709618,
        "dvar2": 0.00231262063608,
        "max": 0.57924759388,
        "mean": 0.276053726673,
        "median": 0.27673715353,
        "min": 0.0457749180496,
        "stdev": 0.0738646313548,
        "var": 0.00545598333701
    },
    "melbands_kurtosis": {
        "dmean": 9.53187656403,
        "dmean2": 14.7679204941,
        "dvar": 258.979431152,
        "dvar2": 587.143859863,
        "max": 264.657165527,
        "mean": 18.6147480011,
        "median": 12.1778326035,
        "min": -1.42528998852,
        "stdev": 20.9691486359,
        "var": 439.705200195
    },
    "melbands_skewness": {
        "dmean": 0.795776665211,
        "dmean2": 1.19752371311,
        "dvar": 0.82027554512,
        "dvar2": 1.69042265415,
        "max": 11.760055542,
        "mean": 2.65277290344,
        "median": 2.34541273117,
        "min": -0.350767314434,
        "stdev": 1.5566123724,
        "var": 2.42304205894
    },
    "melbands_spread": {
        "dmean": 5.20717287064,
        "dmean2": 7.85389995575,
        "dvar": 171.793441772,
        "dvar2": 319.421875,
        "max": 185.934051514,
        "mean": 12.3821802139,
        "median": 8.62790107727,
        "min": 0.439604967833,
        "stdev": 16.2909030914,
        "var": 265.39352417
    },
    "pitch_salience": {
        "dmean": 0.0749396905303,
        "dmean2": 0.115634515882,
        "dvar": 0.00542608741671,
        "dvar2": 0.0112496549264,
        "max": 0.896114647388,
        "mean": 0.58027946949,
        "median": 0.598228394985,
        "min": 0.0822985619307,
        "stdev": 0.131903991103,
        "var": 0.0173986628652
    },
    "silence_rate_20dB": {
        "dmean": 0,
        "dmean2": 0,
        "dvar": 0,
        "dvar2": 0,
        "max": 1,
        "mean": 1,
        "median": 1,
        "min": 1,
        "stdev": 0,
        "var": 0
    },
    "silence_rate_30dB": {
        "dmean": 0.0386996902525,
        "dmean2": 0.0774593353271,
        "dvar": 0.0372026450932,
        "dvar2": 0.0714581385255,
        "max": 1,
        "mean": 0.923433899879,
        "median": 1,
        "min": 0,
        "stdev": 0.265900105238,
        "var": 0.0707028582692
    },
    "silence_rate_60dB": {
        "dmean": 0.00851393211633,
        "dmean2": 0.0162664595991,
        "dvar": 0.0084414370358,
        "dvar2": 0.022198965773,
        "max": 1,
        "mean": 0.00541376648471,
        "median": 0,
        "min": 0,
        "stdev": 0.0733778327703,
        "var": 0.0053843059577
    },
    "spectral_centroid": {
        "dmean": 203.100738525,
        "dmean2": 300.71875,
        "dvar": 153168.375,
        "dvar2": 253000.1875,
        "max": 4235.58935547,
        "mean": 706.925720215,
        "median": 545.128356934,
        "min": 149.549316406,
        "stdev": 574.65814209,
        "var": 330231.96875
    },
    "spectral_complexity": {
        "dmean": 2.80882358551,
        "dmean2": 4.18900060654,
        "dvar": 29.4084758759,
        "dvar2": 42.2227859497,
        "max": 58,
        "mean": 11.8924980164,
        "median": 10,
        "min": 0,
        "stdev": 7.86672925949,
        "var": 61.8854293823
    },
    "spectral_decrease": {
        "dmean": 3.1812974477e-09,
        "dmean2": 4.91142149173e-09,
        "dvar": 5.62842276143e-17,
        "dvar2": 1.11699478834e-16,
        "max": -5.95275442979e-14,
        "mean": -7.5464852145e-09,
        "median": -3.89334831041e-09,
        "min": -6.87615369088e-08,
        "stdev": 1.12936549002e-08,
        "var": 1.27546631479e-16
    },
    "spectral_energy": {
        "dmean": 0.0124017568305,
        "dmean2": 0.0190543998033,
        "dvar": 0.000821582332719,
        "dvar2": 0.00163164897822,
        "max": 0.264909923077,
        "mean": 0.0298371668905,
        "median": 0.0159133654088,
        "min": 2.39917142153e-07,
        "stdev": 0.043183747679,
        "var": 0.001864836202
    },
    "spectral_energyband_high": {
        "dmean": 0.000409750733525,
        "dmean2": 0.000570603180677,
        "dvar": 6.62022728193e-07,
        "dvar2": 1.28910619424e-06,
        "max": 0.00835572555661,
        "mean": 0.000631529896054,
        "median": 0.000294591096463,
        "min": 3.53236495609e-10,
        "stdev": 0.00103007082362,
        "var": 1.06104585029e-06
    },
    "spectral_energyband_low": {
        "dmean": 0.00864561460912,
        "dmean2": 0.0132296802476,
        "dvar": 0.000681022647768,
        "dvar2": 0.00128106074408,
        "max": 0.237736314535,
        "mean": 0.0148742171004,
        "median": 0.00100011215545,
        "min": 7.47812478608e-09,
        "stdev": 0.0387582853436,
        "var": 0.00150220480282
    },
    "spectral_energyband_middle_high": {
        "dmean": 0.00126139656641,
        "dmean2": 0.00171095656697,
        "dvar": 1.27676730699e-05,
        "dvar2": 2.40544341068e-05,
        "max": 0.0367325171828,
        "mean": 0.00217138789594,
        "median": 0.000998760457151,
        "min": 7.30526252823e-08,
        "stdev": 0.00434846803546,
        "var": 1.89091733773e-05
    },
    "spectral_energyband_middle_low": {
        "dmean": 0.00635376432911,
        "dmean2": 0.0108552305028,
        "dvar": 0.000280298176222,
        "dvar2": 0.000821204565,
        "max": 0.160154059529,
        "mean": 0.013691643253,
        "median": 0.0114921936765,
        "min": 1.71367574353e-07,
        "stdev": 0.0136242387816,
        "var": 0.000185619894182
    },
    "spectral_entropy": {
        "dmean": 0.275968194008,
        "dmean2": 0.403195559978,
        "dvar": 0.0913532748818,
        "dvar2": 0.163485839963,
        "max": 8.76484584808,
        "mean": 7.01705646515,
        "median": 6.99444150925,
        "min": 5.44773435593,
        "stdev": 0.572392821312,
        "var": 0.327633559704
    },
    "spectral_flux": {
        "dmean": 0.0342292040586,
        "dmean2": 0.0524031743407,
        "dvar": 0.00286464672536,
        "dvar2": 0.0051665562205,
        "max": 0.486845701933,
        "mean": 0.0801307633519,
        "median": 0.0562200807035,
        "min": 0.000489813392051,
        "stdev": 0.0775834321976,
        "var": 0.00601918902248
    },
    "spectral_kurtosis": {
        "dmean": 2.58799648285,
        "dmean2": 3.8407099247,
        "dvar": 14.8270769119,
        "dvar2": 30.5718307495,
        "max": 61.2940368652,
        "mean": 7.53542804718,
        "median": 6.06904888153,
        "min": -0.753268480301,
        "stdev": 5.95407056808,
        "var": 35.450958252
    },
    "spectral_rms": {
        "dmean": 0.000924000167288,
        "dmean2": 0.00134867290035,
        "dvar": 2.27526129493e-06,
        "dvar2": 3.94356447941e-06,
        "max": 0.0160763394088,
        "mean": 0.00468967296183,
        "median": 0.00394020741805,
        "min": 1.52991997311e-05,
        "stdev": 0.00266766408458,
        "var": 7.11643178875e-06
    },
    "spectral_rolloff": {
        "dmean": 476.24899292,
        "dmean2": 780.084777832,
        "dvar": 1970966.375,
        "dvar2": 3900306.25,
        "max": 15396.2402344,
        "mean": 1022.53839111,
        "median": 624.462890625,
        "min": 64.599609375,
        "stdev": 1647.86242676,
        "var": 2715450.5
    },
    "spectral_skewness": {
        "dmean": 0.379345744848,
        "dmean2": 0.547867357731,
        "dvar": 0.19049821794,
        "dvar2": 0.353516817093,
        "max": 6.09153985977,
        "mean": 2.39216518402,
        "median": 2.35344576836,
        "min": 0.32934063673,
        "stdev": 0.800922870636,
        "var": 0.64147746563
    },
    "spectral_spread": {
        "dmean": 1076125.375,
        "dmean2": 1553522.75,
        "dvar": 1.40090880819e+12,
        "dvar2": 2.71320665293e+12,
        "max": 16140198,
        "mean": 6475245,
        "median": 6257792.5,
        "min": 1005314.125,
        "stdev": 2315394,
        "var": 5.36104927232e+12
    },
    "spectral_strongpeak": {
        "dmean": 0.347897022963,
        "dmean2": 0.575950980186,
        "dvar": 0.17219619453,
        "dvar2": 0.423679113388,
        "max": 3.5075879097,
        "mean": 0.74165636301,
        "median": 0.560009002686,
        "min": 0.000580280844588,
        "stdev": 0.578787147999,
        "var": 0.334994584322
    },
    "zerocrossingrate": {
        "dmean": 0.0164696667343,
        "dmean2": 0.0189143735915,
        "dvar": 0.000462109426735,
        "dvar2": 0.000521893671248,
        "max": 0.4228515625,
        "mean": 0.0611661970615,
        "median": 0.05224609375,
        "min": 0.00244140625,
        "stdev": 0.0425067543983,
        "var": 0.00180682411883
    },
    "barkbands": {
        "dmean": [0.000346430577338, 0.00722766388208, 0.00318064377643, 0.00302289193496, 0.0021121033933, 0.000984751852229, 0.00107618991751, 0.000726416474208, 0.00047991698375, 0.000322493549902, 0.00019684858853, 0.00031876101275, 0.000189869606402, 0.000151660875417, 7.83798095654e-05, 9.29172310862e-05, 9.42683182075e-05, 0.000123562451336, 8.44235619297e-05, 7.66366210883e-05, 6.40267171548e-05, 6.43430030323e-05, 5.2119296015e-05, 5.43666901649e-05, 5.50428812858e-05, 0.000108971893496, 1.61568841577e-05],
        "dmean2": [0.000434323854279, 0.0103393709287, 0.00583219667897, 0.00560238584876, 0.00379471597262, 0.00156696478371, 0.00155776017345, 0.0010328211356, 0.000666172883939, 0.000462424242869, 0.000275536353001, 0.000479946349515, 0.000285965739749, 0.000243320639129, 0.000117032024718, 0.000151252519572, 0.000139059615321, 0.000194187450688, 0.000117708557809, 0.000111417975859, 8.9055938588e-05, 9.53521230258e-05, 7.91465790826e-05, 8.45132599352e-05, 8.44309470267e-05, 0.000163473407156, 2.45906994678e-05],
        "dvar": [1.04869172901e-06, 0.000536762934644, 0.000194008534891, 9.28835870582e-05, 3.67770044249e-05, 2.42137662099e-06, 3.95121833208e-06, 1.65083599768e-06, 6.53112692817e-07, 4.24186083592e-07, 2.26469367703e-07, 7.75168928158e-07, 2.47307923473e-07, 2.34516363662e-07, 5.77513148414e-08, 1.44106110156e-07, 1.19694831824e-07, 2.36993756175e-07, 9.89470336776e-08, 5.9475542713e-08, 4.1961254027e-08, 2.80234768724e-08, 1.82707573515e-08, 1.81912689357e-08, 1.64383191503e-08, 3.17023705065e-08, 2.75762501722e-09],
        "dvar2": [1.5670874518e-06, 0.00089099718025, 0.000558259780519, 0.000274682999589, 0.00010810376989, 6.28710631645e-06, 7.53542826715e-06, 3.2658733744e-06, 1.26165355141e-06, 1.05425920083e-06, 5.26053270278e-07, 1.42756334753e-06, 4.94486471325e-07, 5.45926297946e-07, 1.23561179066e-07, 3.61238534197e-07, 2.52246763921e-07, 5.33614922915e-07, 1.92496628415e-07, 1.31130789782e-07, 8.02881103823e-08, 4.9737572283e-08, 3.72371289359e-08, 4.33604476768e-08, 3.95476575932e-08, 6.98855870951e-08, 5.35176258865e-09],
        "max": [0.0134431235492, 0.222037315369, 0.108937680721, 0.0931722074747, 0.0649790018797, 0.017010236159, 0.0309471040964, 0.0216200761497, 0.0113952364773, 0.0112051190808, 0.00828017760068, 0.00892767310143, 0.0051245149225, 0.00588897429407, 0.00355949765071, 0.00483224354684, 0.00373898074031, 0.00528544047847, 0.00434426451102, 0.00326528004371, 0.00258485251106, 0.00181219400838, 0.00171225972008, 0.00183793122414, 0.00174238497857, 0.00256834481843, 0.00169819465373],
        "mean": [0.000426837126724, 0.010572229512, 0.00255145691335, 0.00322587857954, 0.00284468475729, 0.00222962163389, 0.00233053951524, 0.00161322089843, 0.000980887911282, 0.00070358539233, 0.00033168567461, 0.000438965653302, 0.000242212321609, 0.000174334447365, 8.90515002538e-05, 9.51135225478e-05, 0.000101054662082, 0.000129892810946, 8.89436196303e-05, 7.9729303252e-05, 7.34492205083e-05, 8.45524991746e-05, 5.93176264374e-05, 6.47340566502e-05, 8.35310784169e-05, 0.000200640177354, 2.1012236175e-05],
        "median": [2.63705544512e-07, 5.4564770835e-07, 5.84744593652e-05, 0.00171026482712, 0.00173471251037, 0.00171187426895, 0.000976568786427, 0.000831922516227, 0.000452896114439, 0.000389703025576, 0.000110349239549, 0.000115699986054, 3.93985719711e-05, 2.52529680438e-05, 1.77922065632e-05, 1.03547617982e-05, 1.1512475794e-05, 1.11386771096e-05, 5.21609081261e-06, 7.25254676581e-06, 1.26671620819e-05, 2.26211905101e-05, 1.03032898551e-05, 2.02636965696e-05, 3.93060436181e-05, 0.000104470549559, 4.86571161673e-06],
        "min": [3.24764902471e-11, 1.47999235089e-09, 3.25371796173e-09, 5.92912208219e-09, 2.34642012487e-08, 1.74389924723e-08, 2.53983167831e-09, 1.87012236808e-08, 8.21323382638e-08, 4.46510881602e-08, 5.70146996282e-09, 2.77980909402e-08, 5.20997867071e-09, 5.13132980551e-10, 1.28507635089e-10, 2.50186010797e-10, 1.33790270529e-10, 1.83568212714e-11, 3.35302076902e-12, 7.20069750354e-12, 1.00962051219e-11, 1.5070815429e-10, 5.92274285172e-11, 4.66314417635e-11, 2.18404842822e-11, 5.47149790753e-11, 1.63517973033e-12],
        "stdev": [0.00140697311144, 0.0326760746539, 0.0106491679326, 0.00739235244691, 0.00482323858887, 0.002043238841, 0.00347316660918, 0.00215096003376, 0.00133281841408, 0.000979029224254, 0.000643829465844, 0.00104280537926, 0.000599447754212, 0.00051087763859, 0.000254651298746, 0.000366720429156, 0.000378990371246, 0.000512687140144, 0.000352235947503, 0.000271725060884, 0.000236680760281, 0.000208701429074, 0.000159838615218, 0.000143910059705, 0.000140973206726, 0.000259516527876, 6.85156264808e-05],
        "var": [1.97957342607e-06, 0.00106772594154, 0.000113404777949, 5.46468727407e-05, 2.32636302826e-05, 4.17482488047e-06, 1.20628865261e-05, 4.62662956124e-06, 1.77640504262e-06, 9.58498162618e-07, 4.14516392766e-07, 1.08744302452e-06, 3.59337605005e-07, 2.60995960844e-07, 6.48472848752e-08, 1.34483883585e-07, 1.43633698713e-07, 2.62848118382e-07, 1.2407016925e-07, 7.38345136142e-08, 5.601777886e-08, 4.35562839129e-08, 2.55483829648e-08, 2.07101038541e-08, 1.98734451118e-08, 6.73488216307e-08, 4.69439065398e-09]
    },
    "erbbands": {
        "dmean": [0.305739820004, 1.52689754963, 3.41015553474, 7.03039884567, 10.2610578537, 5.60233306885, 5.1481552124, 9.20613479614, 12.3621177673, 18.5255451202, 13.4689664841, 12.3243312836, 11.285528183, 6.89192342758, 8.49847888947, 13.8953933716, 8.28531074524, 7.13303470612, 5.069419384, 4.01519060135, 4.99650621414, 5.36770057678, 6.51921987534, 5.00937986374, 4.05812883377, 3.94201207161, 2.66579723358, 2.54916477203, 2.30698513985, 1.9083135128, 1.51111865044, 1.18653726578, 0.866062045097, 0.667266130447, 0.376049876213, 0.427686333656, 0.224293380976, 0.0468727014959, 0.00170167372562, 4.20492215198e-05],
        "dmean2": [0.380719214678, 2.28873515129, 6.01187229156, 12.9725122452, 18.7788581848, 9.82224559784, 9.1005191803, 14.1507825851, 18.0336685181, 27.181312561, 19.0007209778, 16.627368927, 15.8040504456, 10.203710556, 11.7807664871, 20.7668743134, 12.4102239609, 11.4289560318, 7.14308738708, 5.62923288345, 7.97984838486, 7.83292102814, 10.2543907166, 7.00127220154, 5.71332883835, 5.80752134323, 3.819627285, 3.57573795319, 3.48886680603, 2.78247857094, 2.30797576904, 1.8618696928, 1.36368203163, 1.03149867058, 0.581836819649, 0.651100754738, 0.338333934546, 0.0693190321326, 0.00249944720417, 6.1963495682e-05],
        "dvar": [0.891633689404, 24.6811656952, 200.670089722, 645.595458984, 860.438842773, 261.292266846, 115.94682312, 240.2628479, 509.252380371, 935.750854492, 780.760620117, 466.431732178, 387.608459473, 231.962631226, 442.935455322, 1514.37805176, 444.001403809, 467.027435303, 197.774871826, 193.567672729, 432.000732422, 390.21472168, 656.107666016, 363.119476318, 237.454437256, 175.644256592, 75.7350463867, 59.0187759399, 37.9821891785, 25.2845058441, 15.4505310059, 11.3663225174, 4.46188402176, 1.78254699707, 1.00966989994, 0.568158209324, 0.133861109614, 0.0119481002912, 3.16997648042e-05, 7.91539278566e-09],
        "dvar2": [1.27061069012, 50.8082695007, 562.600097656, 1882.29101562, 2546.11206055, 757.463928223, 344.533966064, 581.231384277, 979.440185547, 2002.4934082, 1350.82092285, 829.976745605, 842.783508301, 604.172851562, 868.14263916, 2809.07348633, 826.222412109, 1086.23730469, 364.228363037, 415.300750732, 1044.45922852, 818.094665527, 1422.48693848, 768.123962402, 483.637695312, 405.39163208, 152.921310425, 114.716438293, 67.4066772461, 48.6730155945, 33.1073570251, 26.712638855, 11.0714111328, 4.3234667778, 2.39793801308, 1.36223483086, 0.299322187901, 0.0223274976015, 6.11775321886e-05, 1.53088777211e-08],
        "max": [10.5634765625, 47.0646286011, 129.279312134, 222.797546387, 292.826477051, 167.637008667, 88.9485855103, 182.093002319, 478.090515137, 435.187774658, 591.615905762, 353.898406982, 288.762451172, 224.075378418, 324.280273438, 431.916473389, 214.283508301, 282.9559021, 151.215484619, 188.192169189, 254.127182007, 213.51171875, 275.716003418, 204.968994141, 280.993499756, 130.502471924, 90.4882049561, 117.714431763, 54.8257827759, 60.5189857483, 47.2256660461, 50.6138381958, 27.9272613525, 17.1056289673, 13.5059585571, 9.52768802643, 5.41728067398, 3.3054921627, 0.187937572598, 0.00279415445402],
        "mean": [0.385021567345, 2.0420050621, 3.09949040413, 6.8928604126, 12.5184354782, 8.36845302582, 7.98993682861, 22.4115447998, 27.0956745148, 41.741104126, 28.6658535004, 27.3640995026, 26.8026332855, 13.4217681885, 14.0138273239, 19.7592906952, 11.8786611557, 9.24638652802, 6.4611582756, 4.52559518814, 5.28575134277, 5.79668140411, 7.1059756279, 5.01560115814, 4.47483921051, 3.93127727509, 2.92438435555, 3.07051205635, 3.05607366562, 2.34871172905, 1.66859674454, 1.28547000885, 1.14397084713, 1.02170419693, 0.542323768139, 0.710366725922, 0.403427690268, 0.0751845240593, 0.00248372717761, 8.78216305864e-05],
        "median": [0.000138212446473, 0.00288871047087, 0.127577006817, 3.09053754807, 7.60221147537, 3.9792611599, 5.13037919998, 15.0722026825, 15.1756162643, 26.594959259, 15.0474328995, 13.0279359818, 16.5239944458, 5.8260269165, 4.10873508453, 5.45673561096, 2.69683289528, 1.900390625, 1.51197588444, 0.78397154808, 0.615373313427, 0.689029633999, 0.731967449188, 0.324687451124, 0.312517255545, 0.332284212112, 0.286440014839, 0.695345342159, 0.805385887623, 0.554921925068, 0.233893200755, 0.215891987085, 0.447867959738, 0.503465592861, 0.224971547723, 0.35553586483, 0.187524616718, 0.0307324212044, 0.000905043154489, 5.47059244127e-05],
        "min": [3.12850119144e-08, 4.1079147195e-07, 2.97081783174e-06, 1.30115195134e-05, 3.92336041841e-05, 8.68393035489e-05, 0.000138205898111, 0.000135415990371, 5.7760564232e-05, 0.000100603610917, 0.000686541607138, 0.00180583528709, 0.0019524327945, 0.000660738965962, 0.000470125145512, 0.00111138238572, 0.000316753576044, 4.53828506579e-05, 1.42532389873e-05, 8.60202089825e-06, 1.06294219222e-05, 8.25428378448e-06, 2.42916280513e-06, 2.67718831992e-07, 2.0339682294e-07, 2.88418249283e-07, 4.01572691544e-07, 4.06889142823e-07, 1.89220088487e-06, 8.32284968055e-06, 1.04631453723e-06, 3.66435244814e-07, 9.72847715275e-07, 4.27014242632e-07, 1.02780361999e-07, 1.41883532478e-07, 1.58136259643e-07, 1.59802073796e-08, 7.01206703813e-10, 2.90495461019e-10],
        "stdev": [1.3109228611, 6.29679107666, 11.5080528259, 19.3451805115, 23.1298065186, 13.9589033127, 9.56780719757, 22.4779472351, 36.4726676941, 47.4651756287, 44.5450592041, 37.0604553223, 34.7003135681, 19.8600540161, 29.0335044861, 46.4125671387, 26.9034423828, 23.5999107361, 16.5939006805, 14.7985191345, 20.5818271637, 21.7480392456, 27.5595569611, 20.3747711182, 17.2977790833, 13.9396657944, 9.95002937317, 8.78104400635, 7.55608654022, 6.10477399826, 4.54341220856, 3.62461256981, 2.17543792725, 1.52655625343, 1.07434046268, 0.999904036522, 0.542143523693, 0.152181848884, 0.00710618542507, 0.000125744511024],
        "var": [1.71851873398, 39.6495780945, 132.435287476, 374.235992432, 534.987976074, 194.850982666, 91.5429382324, 505.258087158, 1330.25549316, 2252.94287109, 1984.2623291, 1373.47729492, 1204.11181641, 394.421722412, 842.944335938, 2154.1262207, 723.795166016, 556.955749512, 275.357513428, 218.996154785, 423.611572266, 472.977233887, 759.529174805, 415.131286621, 299.213165283, 194.314285278, 99.0030899048, 77.1067352295, 57.0944442749, 37.2682647705, 20.6425952911, 13.1378154755, 4.73253059387, 2.33037400246, 1.15420734882, 0.999808073044, 0.293919593096, 0.023159313947, 5.04978743265e-05, 1.58116826299e-08]
    },
    "gfcc": {
        "mean": [-27.7637615204, 76.0336456299, -67.5223464966, -19.9170284271, -79.1620254517, -1.39098644257, -47.9977989197, 0.905644655228, -36.8833084106, 3.99593520164, -33.2567062378, 2.62427949905, -25.4849338531],
        "cov": [[3523.48168945, -783.072021484, -82.4220123291, 625.190002441, 549.924377441, 458.748901367, 367.34967041, 362.77255249, 301.273101807, 302.108764648, 133.892974854, 126.424690247, 26.6342449188], [-783.072021484, 1421.87854004, 308.437103271, 3.44425272942, 350.028808594, 209.154586792, 241.557449341, 109.577087402, 169.112319946, 48.2803382874, 186.451644897, 53.3589172363, 99.5254211426], [-82.4220123291, 308.437103271, 1028.38586426, 213.31729126, 285.624603271, 280.841217041, 188.393264771, 201.952224731, 170.923660278, 182.859359741, 47.9891395569, 110.903831482, 90.0901794434], [625.190002441, 3.44425272942, 213.31729126, 961.220947266, 371.204040527, 127.98563385, 176.520553589, 297.06161499, 185.327163696, 46.5633544922, 195.708023071, 37.7873725891, 124.455619812], [549.924377441, 350.028808594, 285.624603271, 371.204040527, 570.494812012, 254.729782104, 204.898284912, 254.559692383, 206.564575195, 160.712814331, 135.358581543, 89.9295883179, 88.9273605347], [458.748901367, 209.154586792, 280.841217041, 127.98563385, 254.729782104, 366.762420654, 224.047576904, 131.472076416, 159.70602417, 130.45098877, 97.2198181152, 83.6495513916, 52.2349319458], [367.34967041, 241.557449341, 188.393264771, 176.520553589, 204.898284912, 224.047576904, 351.012817383, 144.559082031, 133.237213135, 94.7477264404, 124.122047424, 77.1205749512, 43.2129669189], [362.77255249, 109.577087402, 201.952224731, 297.06161499, 254.559692383, 131.472076416, 144.559082031, 271.035400391, 132.947769165, 77.230178833, 94.6716690063, 49.98487854, 71.746673584], [301.273101807, 169.112319946, 170.923660278, 185.327163696, 206.564575195, 159.70602417, 133.237213135, 132.947769165, 206.524749756, 105.967720032, 66.9671936035, 49.528213501, 66.911857605], [302.108764648, 48.2803382874, 182.859359741, 46.5633544922, 160.712814331, 130.45098877, 94.7477264404, 77.230178833, 105.967720032, 184.428314209, 17.6870174408, 18.0693588257, 29.5510959625], [133.892974854, 186.451644897, 47.9891395569, 195.708023071, 135.358581543, 97.2198181152, 124.122047424, 94.6716690063, 66.9671936035, 17.6870174408, 161.280258179, 41.0950584412, 38.2156448364], [126.424690247, 53.3589172363, 110.903831482, 37.7873725891, 89.9295883179, 83.6495513916, 77.1205749512, 49.98487854, 49.528213501, 18.0693588257, 41.0950584412, 103.878334045, 21.8213386536], [26.6342449188, 99.5254211426, 90.0901794434, 124.455619812, 88.9273605347, 52.2349319458, 43.2129669189, 71.746673584, 66.911857605, 29.5510959625, 38.2156448364, 21.8213386536, 97.5022888184]],
        "icov": [[0.00078276428394, 0.000674368347973, 0.000470025639515, -0.000131763968966, -0.000546716735698, -0.000686486135237, -0.000365846848581, -0.00028452189872, -0.000339940859703, -0.000489130790811, 4.14226815337e-05, -0.000187731755432, 0.000476936431369], [0.000674368347973, 0.0019727058243, -7.88567340351e-05, 0.000821011490189, -0.00168955954723, -0.000206852681004, -0.000941757287364, 0.000430056883488, -0.00118868390564, 0.000976649229415, -0.00159123330377, 0.00121460005175, -0.00054865545826], [0.000470025639515, -7.88567340351e-05, 0.00194612611085, -0.000591111485846, 0.000210056314245, -0.00124147022143, 4.01474244427e-05, -0.000933175906539, 0.000403722689953, -0.00168605276849, 0.0013252136996, -0.00160689733457, 0.000124993239297], [-0.000131763968966, 0.000821011490189, -0.000591111485846, 0.00272484775633, -0.00143121776637, 0.000926453387365, -0.000408225372666, -0.000647872628178, -0.00124738679733, 0.0019663060084, -0.00249883928336, 0.00203938805498, -0.00148422957864], [-0.000546716735698, -0.00168955954723, 0.000210056314245, -0.00143121776637, 0.0059168310836, -0.000948849483393, 0.00128128856886, -0.0022704184521, 0.000371656700736, -0.00283625675365, 0.000673939764965, -0.00246679713018, 0.000613895594142], [-0.000686486135237, -0.000206852681004, -0.00124147022143, 0.000926453387365, -0.000948849483393, 0.00733011448756, -0.00199254485779, 0.001077568857, -0.00177838490345, -0.000292807118967, -0.00163306551985, -0.000531992292963, -0.00053987686988], [-0.000365846848581, -0.000941757287364, 4.01474244427e-05, -0.000408225372666, 0.00128128856886, -0.00199254485779, 0.00640710396692, -0.00127905525733, -4.91927712574e-05, -0.00134782283567, -0.00179548596498, -0.00187662558164, 0.0011116261594], [-0.00028452189872, 0.000430056883488, -0.000933175906539, -0.000647872628178, -0.0022704184521, 0.001077568857, -0.00127905525733, 0.00904536899179, -0.00164972699713, 0.000864761066623, -0.0013663417194, 0.000650676025543, -0.00200776103884], [-0.000339940859703, -0.00118868390564, 0.000403722689953, -0.00124738679733, 0.000371656700736, -0.00177838490345, -4.91927712574e-05, -0.00164972699713, 0.01228107512, -0.00408818898723, 0.00138381542638, -0.0020976557862, -0.00288696913049], [-0.000489130790811, 0.000976649229415, -0.00168605276849, 0.0019663060084, -0.00283625675365, -0.000292807118967, -0.00134782283567, 0.000864761066623, -0.00408818898723, 0.0122246518731, -8.02972353995e-05, 0.00451652798802, -0.000989424414001], [4.14226815337e-05, -0.00159123330377, 0.0013252136996, -0.00249883928336, 0.000673939764965, -0.00163306551985, -0.00179548596498, -0.0013663417194, 0.00138381542638, -8.02972353995e-05, 0.0134136052802, -0.00299590756185, 0.000127230159706], [-0.000187731755432, 0.00121460005175, -0.00160689733457, 0.00203938805498, -0.00246679713018, -0.000531992292963, -0.00187662558164, 0.000650676025543, -0.0020976557862, 0.00451652798802, -0.00299590756185, 0.0155985485762, -0.00166526401881], [0.000476936431369, -0.00054865545826, 0.000124993239297, -0.00148422957864, 0.000613895594142, -0.00053987686988, 0.0011116261594, -0.00200776103884, -0.00288696913049, -0.000989424414001, 0.000127230159706, -0.00166526401881, 0.0157829262316]]
    },
    "melbands": {
        "dmean": [0.00230858963914, 0.00165090325754, 0.00131499860436, 0.000542799301911, 0.000176486719283, 0.000198679204914, 0.000203106494155, 0.000194957814529, 0.000101527308288, 8.2054430095e-05, 5.53755926376e-05, 2.80538552033e-05, 2.64122936642e-05, 3.56738128175e-05, 2.82034670818e-05, 1.71395004145e-05, 1.46104166561e-05, 9.64655373537e-06, 6.08870823271e-06, 5.93694039708e-06, 5.63653247809e-06, 5.1485953918e-06, 7.13557665222e-06, 5.22896971233e-06, 3.99822556574e-06, 3.14546855407e-06, 2.70234477284e-06, 2.64370532932e-06, 1.68144845247e-06, 1.59386411269e-06, 1.56860130573e-06, 1.35802986279e-06, 1.27881924072e-06, 1.00975489659e-06, 9.43670272591e-07, 7.44161809507e-07, 7.37499590286e-07, 5.97241125888e-07, 6.578180205e-07, 5.70503004838e-07],
        "dmean2": [0.00298504345119, 0.0026366005186, 0.00242523988709, 0.0009775320068, 0.000308921415126, 0.000306632078718, 0.000294551136903, 0.000281857006485, 0.000142265460454, 0.000110169188702, 7.84249714343e-05, 4.26799197157e-05, 3.69016015611e-05, 5.29308417754e-05, 4.19188363594e-05, 2.67830200755e-05, 2.35104653257e-05, 1.3758827663e-05, 9.06869445316e-06, 9.21159607969e-06, 8.93482138054e-06, 7.71445047576e-06, 1.11362651296e-05, 7.9732035374e-06, 5.64338824915e-06, 4.68595271741e-06, 3.99392683903e-06, 3.96789391743e-06, 2.63142419499e-06, 2.10626399166e-06, 2.3333604986e-06, 2.10190432881e-06, 1.88565900316e-06, 1.49569837049e-06, 1.42177395901e-06, 1.21797063457e-06, 1.16415890261e-06, 9.54371103035e-07, 1.02936212443e-06, 8.92457876489e-07],
        "dvar": [5.03722003486e-05, 3.35499244102e-05, 1.95086013264e-05, 2.4737860258e-06, 1.5713347068e-07, 1.03730712908e-07, 1.24296050785e-07, 9.31548811423e-08, 4.36681979465e-08, 2.10885922058e-08, 9.88464776697e-09, 4.35693703338e-09, 4.71425254389e-09, 9.01556784783e-09, 7.92673215955e-09, 1.44802381197e-09, 2.17570983452e-09, 7.7093115225e-10, 4.25841806262e-10, 5.02467067953e-10, 5.36459043854e-10, 3.50400874982e-10, 8.55788384602e-10, 3.71887326489e-10, 2.43023989821e-10, 1.68403638257e-10, 8.73467201346e-11, 8.56607632049e-11, 3.13193117274e-11, 2.90611753412e-11, 2.28027006999e-11, 1.32588913807e-11, 1.11174923434e-11, 7.78204237162e-12, 5.92515706638e-12, 4.13116242604e-12, 4.57104189569e-12, 2.30204787524e-12, 2.11702834083e-12, 1.30397472334e-12],
        "dvar2": [7.47659505578e-05, 8.61974840518e-05, 5.67551978747e-05, 7.27326505512e-06, 4.61079878278e-07, 2.52182246641e-07, 2.37037696138e-07, 2.02100721935e-07, 7.54129416691e-08, 3.76180118167e-08, 2.2035374414e-08, 1.1515465026e-08, 1.06497397567e-08, 1.67582712152e-08, 1.46186840411e-08, 3.02656211204e-09, 5.20045251307e-09, 1.5361714123e-09, 9.32245947105e-10, 1.18832954588e-09, 1.28036203861e-09, 7.40185912562e-10, 1.85943660469e-09, 8.2545809077e-10, 5.24999099749e-10, 3.25192234252e-10, 1.94741264781e-10, 2.04345040888e-10, 6.81227435573e-11, 5.27241549031e-11, 5.12117258322e-11, 2.37613470566e-11, 2.1903758321e-11, 1.5928942193e-11, 1.31843737317e-11, 9.31138152693e-12, 1.10152754973e-11, 5.67466256277e-12, 5.48393361971e-12, 3.14406356852e-12],
        "max": [0.0748650580645, 0.0612124279141, 0.0415389835835, 0.0170354489237, 0.00324691273272, 0.00407538888976, 0.00632760534063, 0.00383448624052, 0.00441803224385, 0.00224771280773, 0.0014945846051, 0.00095985934604, 0.0011988786282, 0.000903435400687, 0.000952104863245, 0.000568369636312, 0.000617715064436, 0.000296306301607, 0.000359709898476, 0.000286600290565, 0.000270964636002, 0.000199867936317, 0.000310101662762, 0.000204010328162, 0.000171208943357, 0.000254874787061, 0.00019133616297, 9.50808826019e-05, 8.00452617113e-05, 7.87783428677e-05, 6.72285605106e-05, 3.32155141223e-05, 4.38588249381e-05, 3.65573505405e-05, 2.99796065519e-05, 2.22295057029e-05, 3.49902475136e-05, 1.98509969778e-05, 2.24878731387e-05, 1.36981825563e-05],
        "mean": [0.00316010857932, 0.00194884964731, 0.00142395414878, 0.000737593509257, 0.000284166453639, 0.00048061014968, 0.00045706689707, 0.00044459689525, 0.000203917094041, 0.000174591899849, 0.000127968989545, 5.11231119162e-05, 4.25044636359e-05, 5.14805906278e-05, 3.72395043087e-05, 2.37276490225e-05, 1.70279345184e-05, 1.16140372484e-05, 6.48620061838e-06, 6.38946903564e-06, 5.89345427215e-06, 5.50827735424e-06, 7.58288751967e-06, 5.41312692803e-06, 3.85249950341e-06, 3.60424428436e-06, 2.70520877166e-06, 2.57996794062e-06, 1.79797211786e-06, 1.76564367393e-06, 1.80929737326e-06, 1.76024684606e-06, 1.5777744693e-06, 1.18465641208e-06, 9.78313892119e-07, 8.05705496987e-07, 7.63314119467e-07, 7.149228054e-07, 9.54287315835e-07, 8.35514299524e-07],
        "median": [1.54342970404e-07, 7.51981715439e-05, 0.000751515035518, 0.000465353165055, 0.000201993185328, 0.000348545232555, 0.00023782934295, 0.000297361606499, 9.41306279856e-05, 7.52178457333e-05, 7.67703240854e-05, 1.96603414224e-05, 1.21920302263e-05, 1.35757682074e-05, 8.96572510101e-06, 4.45588511866e-06, 2.59078024101e-06, 2.21817617785e-06, 1.13744738428e-06, 8.18790852009e-07, 6.17818670889e-07, 6.17514047008e-07, 7.12201313036e-07, 4.735111645e-07, 2.00685605023e-07, 1.94548960053e-07, 2.09483445701e-07, 1.82447223551e-07, 1.27033402464e-07, 2.32405753309e-07, 4.6081089522e-07, 4.44046889925e-07, 3.89315175653e-07, 2.61165411075e-07, 1.38258556603e-07, 7.36521954536e-08, 1.2895800694e-07, 2.31922456351e-07, 4.62376050336e-07, 3.877058532e-07],
        "min": [3.513632163e-10, 1.29384769565e-09, 2.94453639249e-09, 4.50571091548e-09, 4.80953499249e-09, 3.04157254938e-09, 7.63909935309e-10, 1.47096990144e-09, 6.67883748307e-09, 1.20123910818e-08, 9.66866586793e-09, 2.8396229812e-09, 1.0333068845e-09, 2.98280067312e-09, 2.07587413925e-09, 2.24338575494e-10, 5.9646863837e-11, 2.37710962026e-11, 6.71471515543e-12, 1.94735200187e-11, 8.93202959512e-12, 8.0291008217e-12, 5.55588257692e-12, 5.29637585959e-13, 1.53245946206e-13, 1.11138630579e-13, 2.00513081616e-13, 1.83451208868e-13, 2.71884592748e-13, 2.4673557468e-13, 1.71498462675e-13, 2.09009865621e-13, 4.55158740559e-12, 4.00436801773e-12, 5.98020981693e-13, 1.2258474265e-14, 3.2597134627e-13, 6.43540505173e-13, 7.39005048562e-13, 2.70732248469e-13],
        "stdev": [0.0101508032531, 0.00586728891358, 0.00340972398408, 0.00124220643193, 0.000341659208061, 0.00046809608466, 0.00060828239657, 0.000478666712297, 0.000334175856551, 0.000246777111897, 0.000171015650267, 8.14660670585e-05, 9.04543994693e-05, 0.000115222159366, 0.000102677258838, 5.02555631101e-05, 4.87551114929e-05, 3.17086305586e-05, 2.12567028939e-05, 2.28114968195e-05, 2.31697031268e-05, 2.0419498469e-05, 3.12243719236e-05, 2.04906591534e-05, 1.63316490216e-05, 1.46460151882e-05, 1.04175242086e-05, 9.35854586714e-06, 6.17595333097e-06, 6.40499865767e-06, 4.96965185448e-06, 4.39094083049e-06, 4.04042248192e-06, 3.22389701068e-06, 2.72879447039e-06, 2.29154011322e-06, 2.23668848776e-06, 1.54900510552e-06, 1.53255439272e-06, 1.2973603134e-06],
        "var": [0.000103038801171, 3.4425076592e-05, 1.16262172014e-05, 1.54307667799e-06, 1.16731015964e-07, 2.1911394299e-07, 3.70007455786e-07, 2.29121823736e-07, 1.11673493564e-07, 6.08989481066e-08, 2.92463511187e-08, 6.6367200624e-09, 8.18199819008e-09, 1.32761464045e-08, 1.05426192221e-08, 2.52562148972e-09, 2.37706077044e-09, 1.00543717796e-09, 4.51847448346e-10, 5.20364418222e-10, 5.36835131904e-10, 4.16955941995e-10, 9.74961444911e-10, 4.19867085544e-10, 2.66722782749e-10, 2.14505760376e-10, 1.08524814135e-10, 8.75823857882e-11, 3.81423989615e-11, 4.1024007108e-11, 2.46974385387e-11, 1.92803620291e-11, 1.63250125224e-11, 1.03935124396e-11, 7.44631960259e-12, 5.25115584696e-12, 5.00277553758e-12, 2.39941681975e-12, 2.34872299561e-12, 1.68314364182e-12]
    },
    "melbands128": {
