{
"lowlevel": {
    "average_loudness": 0.800177097321,
    "barkbands_crest": {
        "dmean": 1.97334694862,
        "dmean2": 3.24541664124,
        "dvar": 3.91498804092,
        "dvar2": 9.93785476685,
        "max": 24.4666175842,
        "mean": 12.8698387146,
        "median": 12.3638811111,
        "min": 3.00186133385,
        "stdev": 4.44781446457,
        "var": 19.7830524445
    },
    "barkbands_flatness_db": {
        "dmean": 0.0192137248814,
        "dmean2": 0.0293395984918,
        "dvar": 0.000480699556647,
        "dvar2": 0.000866780639626,
        "max": 0.412944942713,
        "mean": 0.253638654947,
        "median": 0.256913214922,
        "min": 0.0431545525789,
        "stdev": 0.0608919560909,
        "var": 0.00370783009566
    },
    "barkbands_kurtosis": {
        "dmean": 4.61351633072,
        "dmean2": 7.05147266388,
        "dvar": 73.3813400269,
        "dvar2": 171.339996338,
        "max": 197.332489014,
        "mean": 12.308511734,
        "median": 6.44437408447,
        "min": -1.80870747566,
        "stdev": 18.5447216034,
        "var": 343.906677246
    },
    "barkbands_skewness": {
        "dmean": 0.533609390259,
        "dmean2": 0.768445312977,
        "dvar": 0.505072891712,
        "dvar2": 0.999260008335,
        "max": 11.4305448532,
        "mean": 2.24443054199,
        "median": 2.01823544502,
        "min": -4.26275873184,
        "stdev": 1.69416844845,
        "var": 2.87020659447
    },
    "barkbands_spread": {
        "dmean": 2.37139725685,
        "dmean2": 3.63481330872,
        "dvar": 39.7393798828,
        "dvar2": 86.110786438,
        "max": 73.3974685669,
        "mean": 7.89158439636,
        "median": 5.14696741104,
        "min": 0.754076778889,
        "stdev": 9.93303489685,
        "var": 98.6651916504
    },
    "dissonance": {
        "dmean": 0.0298815779388,
        "dmean2": 0.0490731745958,
        "dvar": 0.000828089017887,
        "dvar2": 0.00225032889284,
        "max": 0.499549239874,
        "mean": 0.406404912472,
        "median": 0.413716167212,
        "min": 0.167481288314,
        "stdev": 0.0538873709738,
        "var": 0.00290384888649
    },
    "dynamic_complexity": 5.04061126709,
    "erbbands_crest": {
        "dmean": 2.042355299,
        "dmean2": 3.16860532761,
        "dvar": 3.86443853378,
        "dvar2": 9.34902381897,
        "max": 26.664478302,
        "mean": 11.64320755,
        "median": 11.0433340073,
        "min": 3.58728098869,
        "stdev": 4.20060682297,
        "var": 17.6450996399
    },
    "erbbands_flatness_db": {
        "dmean": 0.0138834090903,
        "dmean2": 0.0199918821454,
        "dvar": 0.000280406326056,
        "dvar2": 0.000529278127942,
        "max": 0.403304755688,
        "mean": 0.242794573307,
        "median": 0.238884612918,
        "min": 0.090579919517,
        "stdev": 0.0529962964356,
        "var": 0.00280860741623
    },
    "erbbands_kurtosis": {
        "dmean": 1.36531198025,
        "dmean2": 2.09842324257,
        "dvar": 3.65695476532,
        "dvar2": 8.61085414886,
        "max": 23.7503433228,
        "mean": 2.78092646599,
        "median": 1.78724336624,
        "min": -1.73744916916,
        "stdev": 3.65465784073,
        "var": 13.3565244675
    },
    "erbbands_skewness": {
        "dmean": 0.328238993883,
        "dmean2": 0.472475647926,
        "dvar": 0.156811580062,
        "dvar2": 0.266503989697,
        "max": 4.01142501831,
        "mean": 1.02938079834,
        "median": 1.05120682716,
        "min": -3.13013625145,
        "stdev": 0.923544406891,
        "var": 0.852934241295
    },
    "erbbands_spread": {
        "dmean": 4.79774856567,
        "dmean2": 7.31135225296,
        "dvar": 86.0081481934,
        "dvar2": 201.529098511,
        "max": 139.034347534,
        "mean": 21.6180019379,
        "median": 17.8671646118,
        "min": 4.43125152588,
        "stdev": 13.9620981216,
        "var": 194.940185547
    },
    "hfc": {
        "dmean": 2.51004648209,
        "dmean2": 3.33379793167,
        "dvar": 45.5372695923,
        "dvar2": 75.3185882568,
        "max": 132.927947998,
        "mean": 8.79151439667,
        "median": 5.20165729523,
        "min": 1.18055442017e-16,
        "stdev": 12.0022068024,
        "var": 144.052978516
    },
    "loudness_ebu128": {
        "integrated": -17.4232463837,
        "loudness_range": 6.87044143677,
        "momentary": {
            "dmean": 0.755940556526,
            "dmean2": 0.544164061546,
            "dvar": 0.753821372986,
            "dvar2": 0.815184175968,
            "max": -13.0447616577,
            "mean": -19.5047454834,
            "median": -18.6188640594,
            "min": -38.8369750977,
            "stdev": 4.89232587814,
            "var": 23.9348506927
        },
        "short_term": {
            "dmean": 0.140724852681,
            "dmean2": 0.0654969066381,
            "dvar": 0.0133703006431,
            "dvar2": 0.00467695714906,
            "max": -14.766418457,
            "mean": -18.2877845764,
            "median": -17.4597682953,
            "min": -25.7680168152,
            "stdev": 2.65806031227,
            "var": 7.06528425217
        }
    },
    "melbands_crest": {
        "dmean": 2.38502669334,
        "dmean2": 3.87969636917,
        "dvar": 6.40719032288,
        "dvar2": 15.5560789108,
        "max": 30.918006897,
        "mean": 16.5229759216,
        "median": 15.9816217422,
        "min": 2.98549246788,
        "stdev": 5.33979558945,
        "var": 28.5134162903
    },
    "melbands_flatness_db": {
        "dmean": 0.0216213744134,
        "dmean2": 0.0313725396991,
        "dvar": 0.00071747956099,
        "dvar2": 0.00111793994438,
        "max": 0.51383459568,
        "mean": 0.324065983295,
        "median": 0.329281538725,
        "min": 0.0121329268441,
        "stdev": 0.0813619717956,
        "var": 0.00661977054551
    },
    "melbands_kurtosis": {
        "dmean": 6.50906562805,
        "dmean2": 10.2018070221,
        "dvar": 235.310546875,
        "dvar2": 621.222839355,
        "max": 265.615722656,
        "mean": 16.7364177704,
        "median": 8.71444034576,
        "min": -1.78025746346,
        "stdev": 26.8167743683,
        "var": 719.139343262
    },
    "melbands_skewness": {
        "dmean": 0.57685738802,
        "dmean2": 0.871828258038,
        "dvar": 0.76124471426,
        "dvar2": 1.75371301174,
        "max": 13.3980264664,
        "mean": 2.56287670135,
        "median": 2.18926620483,
        "min": -1.95496070385,
        "stdev": 1.75866270065,
        "var": 3.09289455414
    },
    "melbands_spread": {
        "dmean": 3.88742542267,
        "dmean2": 5.29835557938,
        "dvar": 168.465103149,
        "dvar2": 282.570983887,
        "max": 210.316177368,
        "mean": 11.4859733582,
        "median": 6.44659233093,
        "min": 0.670224547386,
        "stdev": 21.7549343109,
        "var": 473.277160645
    },
    "pitch_salience": {
        "dmean": 0.0597299747169,
        "dmean2": 0.0976368486881,
        "dvar": 0.00371213816106,
        "dvar2": 0.00964406598359,
        "max": 0.977235794067,
        "mean": 0.513738691807,
        "median": 0.519386291504,
        "min": 0.0714648142457,
        "stdev": 0.122166648507,
        "var": 0.0149246891961
    },
    "silence_rate_20dB": {
        "dmean": 0,
        "dmean2": 0,
        "dvar": 0,
        "dvar2": 0,
        "max": 1,
        "mean": 1,
        "median": 1,
        "min": 1,
        "stdev": 0,
        "var": 0
    },
    "silence_rate_30dB": {
        "dmean": 0.00154798757285,
        "dmean2": 0.00309837330133,
        "dvar": 0.00154558871873,
        "dvar2": 0.00463794637471,
        "max": 1,
        "mean": 0.999226629734,
        "median": 1,
        "min": 0,
        "stdev": 0.0277992207557,
        "var": 0.000772796629462
    },
    "silence_rate_60dB": {
        "dmean": 0.0216718260199,
        "dmean2": 0.0426026321948,
        "dvar": 0.0212017912418,
        "dvar2": 0.043886654079,
        "max": 1,
        "mean": 0.187935039401,
        "median": 0,
        "min": 0,
        "stdev": 0.390662401915,
        "var": 0.152617111802
    },
    "spectral_centroid": {
        "dmean": 116.983261108,
        "dmean2": 152.900100708,
        "dvar": 125682.4375,
        "dvar2": 152000.09375,
        "max": 11582.9257812,
        "mean": 606.646240234,
        "median": 419.338775635,
        "min": 181.338485718,
        "stdev": 702.02722168,
        "var": 492842.21875
    },
    "spectral_complexity": {
        "dmean": 1.41331267357,
        "dmean2": 2.13632845879,
        "dvar": 3.1836836338,
        "dvar2": 5.18511199951,
        "max": 31,
        "mean": 8.60402202606,
        "median": 8,
        "min": 0,
        "stdev": 4.60532903671,
        "var": 21.2090568542
    },
    "spectral_decrease": {
        "dmean": 1.21532395259e-09,
        "dmean2": 1.89262361339e-09,
        "dvar": 3.84914311904e-18,
        "dvar2": 9.66148940695e-18,
        "max": -3.85740807165e-29,
        "mean": -5.02508257227e-09,
        "median": -3.32151439686e-09,
        "min": -4.02221900231e-08,
        "stdev": 5.0074211444e-09,
        "var": 2.50742663513e-17
    },
    "spectral_energy": {
        "dmean": 0.00477725220844,
        "dmean2": 0.00740202050656,
        "dvar": 5.76443744649e-05,
        "dvar2": 0.000144457066199,
        "max": 0.155459061265,
        "mean": 0.0197632312775,
        "median": 0.0134605504572,
        "min": 1.0853570911e-20,
        "stdev": 0.0195131544024,
        "var": 0.000380763172871
    },
    "spectral_energyband_high": {
        "dmean": 0.000123598540085,
        "dmean2": 0.000156526177307,
        "dvar": 4.34650019088e-07,
        "dvar2": 7.13099325367e-07,
        "max": 0.0136799197644,
        "mean": 0.000182466072147,
        "median": 1.23235031424e-05,
        "min": 7.87473923667e-21,
        "stdev": 0.000898979837075,
        "var": 8.0816477066e-07
    },
    "spectral_energyband_low": {
        "dmean": 0.00183263910003,
        "dmean2": 0.00322518940084,
        "dvar": 1.84409545909e-05,
        "dvar2": 5.76018137508e-05,
        "max": 0.0419144891202,
        "mean": 0.00325648649596,
        "median": 0.000567979703192,
        "min": 1.57165149422e-22,
        "stdev": 0.00628216005862,
        "var": 3.9465536247e-05
    },
    "spectral_energyband_middle_high": {
        "dmean": 0.000471308507258,
        "dmean2": 0.000618045160081,
        "dvar": 1.57870874773e-06,
        "dvar2": 2.88304454443e-06,
        "max": 0.0223722476512,
        "mean": 0.00133388035465,
        "median": 0.000593611097429,
        "min": 1.64579952206e-21,
        "stdev": 0.00241020787507,
        "var": 5.8091018218e-06
    },
    "spectral_energyband_middle_low": {
        "dmean": 0.00395107688382,
        "dmean2": 0.00608126586303,
        "dvar": 4.44101533503e-05,
        "dvar2": 0.000102920959762,
        "max": 0.151257753372,
        "mean": 0.0169674511999,
        "median": 0.0106844613329,
        "min": 2.76062391275e-22,
        "stdev": 0.0177003536373,
        "var": 0.00031330253114
    },
    "spectral_entropy": {
        "dmean": 0.164115831256,
        "dmean2": 0.235629245639,
        "dvar": 0.0446626655757,
        "dvar2": 0.0707786604762,
        "max": 9.80722427368,
        "mean": 6.40825748444,
        "median": 6.34474420547,
        "min": 4.9426445961,
        "stdev": 0.622841179371,
        "var": 0.387931108475
    },
    "spectral_flux": {
        "dmean": 0.0133641334251,
        "dmean2": 0.0205459501594,
        "dvar": 0.000271199009148,
        "dvar2": 0.000634135270957,
        "max": 0.228024229407,
        "mean": 0.042332559824,
        "median": 0.0322492234409,
        "min": 1.04180469807e-10,
        "stdev": 0.0328222922981,
        "var": 0.0010773029644
    },
    "spectral_kurtosis": {
        "dmean": 6.85812425613,
        "dmean2": 11.6750221252,
        "dvar": 90.6305236816,
        "dvar2": 246.616363525,
        "max": 135.734176636,
        "mean": 21.6309642792,
        "median": 13.273607254,
        "min": -1.17200064659,
        "stdev": 23.3384971619,
        "var": 544.68548584
    },
    "spectral_rms": {
        "dmean": 0.0004835112195,
        "dmean2": 0.000739419541787,
        "dvar": 3.6194504105e-07,
        "dvar2": 8.53634446685e-07,
        "max": 0.0123153310269,
        "mean": 0.00382665684447,
        "median": 0.00362384389155,
        "min": 3.25405132527e-12,
        "stdev": 0.00215358287096,
        "var": 4.63791911898e-06
    },
    "spectral_rolloff": {
        "dmean": 198.348205566,
        "dmean2": 294.542053223,
        "dvar": 521690.84375,
        "dvar2": 821586.8125,
        "max": 18583.1542969,
        "mean": 786.170043945,
        "median": 495.263671875,
        "min": 172.265625,
        "stdev": 1208.34277344,
        "var": 1460092.375
    },
    "spectral_skewness": {
        "dmean": 0.493464142084,
        "dmean2": 0.812219142914,
        "dvar": 0.285490602255,
        "dvar2": 0.728943645954,
        "max": 9.35045433044,
        "mean": 3.28611731529,
        "median": 2.94716477394,
        "min": -0.0432872660458,
        "stdev": 1.54874563217,
        "var": 2.39861321449
    },
    "spectral_spread": {
        "dmean": 390859.40625,
        "dmean2": 584588.0625,
        "dvar": 925401219072,
        "dvar2": 962389737472,
        "max": 40340444,
        "mean": 3017275,
        "median": 2890499.75,
        "min": 671481.25,
        "stdev": 1716277.125,
        "var": 2.9456072704e+12
    },
    "spectral_strongpeak": {
        "dmean": 0.279989272356,
        "dmean2": 0.46778512001,
        "dvar": 0.454835504293,
        "dvar2": 1.17983412743,
        "max": 11.0583553314,
        "mean": 0.783400595188,
        "median": 0.658166587353,
        "min": 2.04602756959e-09,
        "stdev": 0.740788578987,
        "var": 0.54876768589
    },
    "zerocrossingrate": {
        "dmean": 0.00656836526468,
        "dmean2": 0.00676823640242,
        "dvar": 0.000343009334756,
        "dvar2": 0.00041871072608,
        "max": 0.47802734375,
        "mean": 0.0294026117772,
        "median": 0.0205078125,
        "min": 0.0068359375,
        "stdev": 0.0346702672541,
        "var": 0.00120202731341
    },
    "barkbands": {
        "dmean": [8.30230931115e-07, 3.55414122168e-05, 0.000859651889186, 0.00161998462863, 0.00191129709128, 0.0010803793557, 0.000730004685465, 0.000196207780391, 0.000354678311851, 0.000113038724521, 0.000134693444124, 5.38804815733e-05, 3.82957659895e-05, 3.19097198371e-05, 4.85348755319e-05, 3.04606546706e-05, 2.70528507826e-05, 8.74039396876e-05, 0.000101028774225, 7.19910967746e-05, 2.24932027777e-05, 2.36496925936e-05, 3.42990060744e-05, 2.81650518446e-05, 9.58466898737e-06, 1.37855965932e-06, 4.21104573434e-08],
        "dmean2": [1.4651843685e-06, 5.81382410019e-05, 0.00149962306023, 0.00271062250249, 0.00282737473026, 0.00172445538919, 0.00107438664418, 0.000250392447924, 0.00048679774045, 0.000157181828399, 0.000183084470336, 7.35345747671e-05, 5.52947130927e-05, 4.50896768598e-05, 6.93711699569e-05, 4.72300307592e-05, 3.79616722057e-05, 0.000121699376905, 0.000158112845384, 9.81330231298e-05, 2.92437907774e-05, 3.21353509207e-05, 4.43593344244e-05, 3.69481567759e-05, 1.24741327454e-05, 1.8268212898e-06, 6.03190031256e-08],
        "dvar": [2.72633521661e-12, 5.20872500687e-09, 5.81316498938e-06, 1.25511214719e-05, 1.87676396308e-05, 4.0190548134e-06, 3.9633587221e-06, 9.89240689364e-08, 8.94867298484e-07, 8.27054194019e-08, 3.22373807649e-07, 1.85171380451e-08, 2.1769238856e-08, 9.88810011648e-09, 1.54525192642e-08, 1.53674264425e-08, 1.16801119887e-08, 1.99909706566e-07, 5.33484239895e-07, 1.78713506216e-07, 1.48258463284e-08, 1.97417531211e-08, 3.52893181343e-08, 2.35130279691e-08, 2.52761167552e-09, 5.51825148076e-11, 3.15243267417e-14],
        "dvar2": [7.6489621928e-12, 1.2669834959e-08, 1.8042694137e-05, 3.63418294e-05, 4.27925224358e-05, 1.12937323138e-05, 8.53569417814e-06, 1.6855632623e-07, 2.06944173442e-06, 1.42836341865e-07, 4.91018511184e-07, 3.08367837931e-08, 4.46369803342e-08, 1.30641604201e-08, 2.87349006811e-08, 3.55953417852e-08, 2.16483950766e-08, 4.2669066147e-07, 1.25364840642e-06, 3.7188266333e-07, 2.68582454055e-08, 3.58642147091e-08, 6.06539103387e-08, 4.65098288771e-08, 4.31986935112e-09, 1.15860307459e-10, 5.15909946599e-14],
        "max": [1.7740048861e-05, 0.00132056360599, 0.0290847625583, 0.0449306853116, 0.104043535888, 0.0270853880793, 0.0351164415479, 0.00705340271816, 0.0190685708076, 0.00522256782278, 0.0161525476724, 0.00418624281883, 0.00423518149182, 0.00304101780057, 0.00323190819472, 0.00312058115378, 0.00257137231529, 0.0121481614187, 0.017491908744, 0.00850944500417, 0.00232172384858, 0.00329670286737, 0.00324984150939, 0.00348245259374, 0.00137738266494, 0.000163200267707, 3.56467626261e-06],
        "mean": [8.05282979854e-07, 8.71745505719e-05, 0.00121360574849, 0.0036076917313, 0.00711363507435, 0.00216202414595, 0.00231625302695, 0.000570904929191, 0.0011602435261, 0.000244328199187, 0.000315788493026, 0.000111373730761, 7.50917679397e-05, 7.58682435844e-05, 0.000120110700664, 5.62046116102e-05, 4.72579340567e-05, 0.000129372798256, 0.000103966864117, 9.22524995985e-05, 2.98355535051e-05, 3.21710213029e-05, 4.47568236268e-05, 3.64513980458e-05, 1.40563097375e-05, 1.95782240553e-06, 5.76860941237e-08],
        "median": [2.60756166881e-07, 3.09247225232e-05, 0.000236645515542, 0.000385279301554, 0.00262830150314, 0.000931456859689, 0.000492184481118, 0.000225325886277, 0.000262289744569, 5.4076735978e-05, 5.47999152332e-05, 2.86518479697e-05, 1.95169614017e-05, 2.00079939532e-05, 2.17325432459e-05, 1.6585459889e-05, 9.57354404818e-06, 9.25088625081e-06, 4.07532979807e-06, 4.09978110838e-06, 1.08468680082e-06, 9.74314048108e-07, 1.5240079847e-06, 2.27121586249e-06, 1.1303991414e-06, 1.3520937614e-07, 3.57340579349e-09],
        "min": [5.50774834859e-24, 4.09355132957e-23, 8.72138489739e-23, 3.51353377595e-23, 4.16972784066e-23, 8.36894203978e-23, 3.69631095442e-23, 4.39335136906e-24, 6.30657943014e-23, 1.01493796458e-22, 1.57062610126e-22, 1.63052954783e-22, 1.12434716612e-22, 1.12294349858e-22, 9.42661013835e-23, 1.34423854625e-22, 2.44923211447e-22, 1.53825415272e-22, 2.64017431885e-22, 3.0930178389e-22, 5.26222124519e-22, 4.01472191082e-22, 4.84917973367e-22, 1.13850152695e-21, 1.05039618942e-21, 1.87115201584e-21, 2.49110954661e-21],
        "stdev": [1.61745560945e-06, 0.00014308943355, 0.00291423220187, 0.0065081580542, 0.010376081802, 0.00327057368122, 0.00418584095314, 0.000846387527417, 0.00216954480857, 0.000553359044716, 0.00120620522648, 0.00026408166741, 0.000203620482353, 0.000244917260716, 0.000286661088467, 0.000168598940945, 0.000168808284798, 0.000565087015275, 0.000822147179861, 0.000527316820808, 0.000158400944201, 0.000173557331436, 0.000249294418609, 0.000190092410776, 6.65842526359e-05, 9.07963294594e-06, 2.57871562326e-07],
        "var": [2.61616249497e-12, 2.04745855825e-08, 8.49274874781e-06, 4.2356121412e-05, 0.000107663079689, 1.06966526801e-05, 1.75212626345e-05, 7.16371800991e-07, 4.70692430099e-06, 3.06206260348e-07, 1.45493117998e-06, 6.9739122921e-08, 4.14613019473e-08, 5.99844582894e-08, 8.21745800295e-08, 2.8425604981e-08, 2.84962347052e-08, 3.19323305575e-07, 6.75926003169e-07, 2.78063026826e-07, 2.50908609445e-08, 3.01221483312e-08, 6.21477127538e-08, 3.6135123338e-08, 4.43346293011e-09, 8.24397425325e-11, 6.64977445396e-14]
    },
    "erbbands": {
        "dmean": [0.000426880840678, 0.018236566335, 0.582074403763, 3.9678902626, 5.57808494568, 7.97144985199, 7.69830703735, 7.46917533875, 9.04066371918, 9.45382976532, 5.20926237106, 7.74422550201, 4.13744068146, 4.74597978592, 2.96965289116, 1.73865902424, 1.7675255537, 1.44125783443, 1.47566664219, 2.52583813667, 1.46877980232, 1.50008499622, 4.54238176346, 2.8891954422, 6.98597574234, 2.87874126434, 0.965865314007, 0.927317261696, 0.805536627769, 0.904960155487, 0.986981153488, 0.790301382542, 0.352666318417, 0.144140645862, 0.0520467013121, 0.0104386787862, 0.00177116272971, 0.000254697020864, 8.01964051789e-06, 5.71021200813e-06],
        "dmean2": [0.000730712083168, 0.0305099841207, 1.01685941219, 6.87919378281, 8.66876029968, 11.4785346985, 12.1056146622, 11.520822525, 12.8180418015, 13.0831298828, 6.67646408081, 10.8433828354, 5.19420528412, 6.26096153259, 3.9765663147, 2.46728801727, 2.5352127552, 1.93304002285, 2.07357478142, 3.56548905373, 2.22608375549, 2.0692987442, 6.34515714645, 4.23425865173, 10.4930000305, 3.61351943016, 1.25824832916, 1.19056630135, 1.0803809166, 1.32245349884, 1.20692515373, 1.01902997494, 0.466065257788, 0.186570331454, 0.0682098045945, 0.0141842989251, 0.00239383406006, 0.000341943115927, 1.05159606392e-05, 8.73333829077e-06],
        "dvar": [6.981184697e-07, 0.00125763518736, 2.33053517342, 78.3848342896, 155.609512329, 322.072235107, 160.51675415, 204.220413208, 789.473693848, 510.301513672, 92.2078018188, 522.829406738, 107.160690308, 419.823486328, 125.026252747, 15.9232797623, 33.5622406006, 17.9344882965, 12.4777698517, 61.6274414062, 21.9975700378, 27.4034690857, 475.397979736, 272.225219727, 2207.55786133, 233.065795898, 25.8943443298, 32.4618339539, 24.0689353943, 30.297826767, 26.1763401031, 18.1140060425, 4.08377790451, 0.620494425297, 0.0647943168879, 0.00315474066883, 8.26955511002e-05, 1.91636559066e-06, 9.13169539984e-10, 8.02929181476e-11],
        "dvar2": [1.96876681002e-06, 0.0035211481154, 7.22119760513, 241.180435181, 377.945526123, 679.971923828, 450.575286865, 491.982513428, 1505.77319336, 1090.03063965, 165.809051514, 1234.87133789, 127.741271973, 574.532104492, 143.297714233, 32.0507545471, 66.3471832275, 26.640504837, 20.1638393402, 97.5266952515, 45.3818626404, 45.963596344, 1084.91870117, 593.18536377, 5196.49804688, 429.62210083, 47.7036895752, 66.0132217407, 42.5316543579, 57.9229278564, 40.4615859985, 35.8454856873, 7.93635606766, 1.11731910706, 0.110546097159, 0.00674634147435, 0.000152747903485, 4.07392462876e-06, 1.671258687e-09, 1.93107238533e-10],
        "max": [0.0177462510765, 0.448598533869, 19.3090229034, 92.1644973755, 325.692230225, 311.226348877, 155.262313843, 226.555908203, 589.009094238, 368.492767334, 180.484558105, 503.681671143, 285.451049805, 766.445922852, 338.871765137, 78.8722763062, 159.86428833, 130.139556885, 108.795051575, 227.63961792, 121.487068176, 104.797889709, 437.639862061, 335.539428711, 1009.86737061, 322.679931641, 101.562072754, 132.310501099, 114.829658508, 104.599243164, 88.6307907104, 78.2332611084, 55.9304275513, 23.4992694855, 6.02521514893, 1.17143535614, 0.168427735567, 0.0314193293452, 0.000612834643107, 0.000171893581864],
        "mean": [0.000913362600841, 0.0413795299828, 0.95459741354, 7.9912610054, 15.6943502426, 30.9358711243, 18.0144081116, 17.0596218109, 26.9043560028, 27.9152202606, 17.481546402, 24.7328243256, 11.7260131836, 12.8944091797, 7.04366445541, 4.12390995026, 3.81855869293, 3.33533287048, 4.19451332092, 6.02971458435, 3.1176970005, 3.02919650078, 7.09888601303, 3.73718166351, 7.56239414215, 3.89681816101, 1.34863901138, 1.18970263004, 1.11186981201, 1.15338647366, 1.32349061966, 0.9862626791, 0.478875994682, 0.205623760819, 0.0767964571714, 0.0148774860427, 0.00268834340386, 0.000362936290912, 1.91189610632e-05, 2.30238201766e-05],
        "median": [0.000500654743519, 0.0203850977123, 0.275331407785, 1.35047900677, 5.75962924957, 7.05381202698, 10.5508947372, 6.56382369995, 7.7477684021, 8.68756580353, 8.0773229599, 5.27325105667, 2.97720527649, 3.01630806923, 1.90449011326, 1.24959099293, 1.04313588142, 1.06481397152, 1.09425342083, 1.2419719696, 1.03055334091, 0.655374288559, 0.588008224964, 0.317033141851, 0.234038591385, 0.18576054275, 0.0569525621831, 0.0391433574259, 0.0345843136311, 0.0400060117245, 0.0472384057939, 0.0455925539136, 0.0334769450128, 0.0145000005141, 0.00585728837177, 0.00107642356306, 0.000206407828955, 2.97048154607e-05, 8.42994541017e-06, 1.56675887411e-05],
        "min": [5.61712080499e-22, 1.23111051556e-20, 8.28645497719e-20, 1.31267837571e-19, 1.19221619235e-19, 8.70765986875e-20, 2.28713087076e-19, 8.57324573339e-19, 9.54317548919e-19, 1.12726984807e-19, 1.719025811e-19, 1.30898343747e-18, 1.78525449203e-18, 8.09068334988e-18, 4.76109154641e-18, 6.15545294778e-18, 4.59772006671e-18, 5.5931173694e-18, 4.96445224564e-18, 6.43654008687e-18, 8.17506569853e-18, 1.16723447966e-17, 1.14521245021e-17, 7.49266237269e-18, 1.59570071935e-17, 1.48292655423e-17, 2.43497074199e-17, 1.6681273303e-17, 1.41898301134e-17, 1.39192030867e-17, 1.43300008313e-17, 2.43769150446e-17, 1.79867148564e-17, 1.06771240969e-17, 7.74984440566e-18, 5.95141023813e-18, 3.48191463174e-18, 1.74793437754e-18, 3.08947900434e-19, 3.40883069138e-20],
        "stdev": [0.00120153266471, 0.057696249336, 1.95245659351, 14.5335836411, 23.1848430634, 52.5721282959, 21.4423389435, 28.7202358246, 54.1636962891, 50.2407913208, 25.3322753906, 49.6709747314, 25.4191551208, 47.9422492981, 23.2726364136, 8.45243930817, 8.9600982666, 8.95261955261, 9.77110481262, 15.6690120697, 7.99454498291, 8.73521995544, 27.3177337646, 19.8667297363, 53.1714401245, 20.8071117401, 6.80795145035, 6.79900407791, 6.11460065842, 6.60174608231, 7.2086892128, 5.27472352982, 2.51581716537, 1.01443195343, 0.338947683573, 0.0673036277294, 0.0121989650652, 0.00169450649992, 4.34742141806e-05, 2.23084771278e-05],
        "var": [1.4436808442e-06, 0.00332885701209, 3.81208658218, 211.22505188, 537.536987305, 2763.82885742, 459.773864746, 824.851989746, 2933.70581055, 2524.13720703, 641.724182129, 2467.20581055, 646.133422852, 2298.45922852, 541.615600586, 71.4437332153, 80.2833633423, 80.1493988037, 95.4744873047, 245.517929077, 63.9127502441, 76.3040618896, 746.258605957, 394.686920166, 2827.20214844, 432.935913086, 46.3482055664, 46.2264556885, 37.3883399963, 43.5830535889, 51.9652023315, 27.8227081299, 6.32933616638, 1.0290722847, 0.114885523915, 0.00452977837995, 0.000148814753629, 2.87135230792e-06, 1.89000726181e-09, 4.9766818444e-10]
    },
    "gfcc": {
        "mean": [-121.723762512, 148.089019775, -105.542984009, 4.66945505142, -69.1979751587, -6.21517515182, -56.342464447, -4.05056190491, -25.1689090729, -18.269153595, -14.796292305, -17.3776168823, -8.50437164307],
        "cov": [[10146.3642578, -2233.10131836, -653.446716309, 739.772277832, -1083.3515625, -423.631225586, -630.936035156, 50.8664207458, -423.464019775, -298.592071533, -481.022064209, 144.387512207, -303.531951904], [-2233.10131836, 2436.75634766, 116.911727905, -1192.37805176, 558.74987793, -118.264068604, 192.806854248, -244.928863525, 265.390655518, -40.2417526245, 184.807174683, -190.023727417, 112.331199646], [-653.446716309, 116.911727905, 585.881530762, 73.2997207642, -28.9434890747, 143.218719482, 8.44826126099, 36.3375244141, -8.27428150177, -10.1108369827, 87.7650222778, -55.2284965515, -10.955039978], [739.772277832, -1192.37805176, 73.2997207642, 928.096557617, -160.088424683, 94.6971664429, -90.2872695923, 193.884658813, -72.3077087402, 13.102599144, -42.6494522095, 78.9924240112, -58.6988334656], [-1083.3515625, 558.74987793, -28.9434890747, -160.088424683, 422.078186035, -24.9505767822, 49.4783668518, -9.29302120209, 78.0759963989, 4.86107444763, 16.2184886932, -25.7828712463, 11.0002918243], [-423.631225586, -118.264068604, 143.218719482, 94.6971664429, -24.9505767822, 255.561721802, 62.1616516113, 56.0864753723, -24.5415706635, 21.3309574127, 52.9997711182, -10.989692688, 13.6015110016], [-630.936035156, 192.806854248, 8.44826126099, -90.2872695923, 49.4783668518, 62.1616516113, 201.200515747, -11.9509210587, -5.7927274704, 34.0367965698, 27.631860733, -20.2357254028, 12.9760456085], [50.8664207458, -244.928863525, 36.3375244141, 193.884658813, -9.29302120209, 56.0864753723, -11.9509210587, 155.950942993, 2.53291583061, 21.8914775848, 21.7861976624, 19.1617927551, 5.78147697449], [-423.464019775, 265.390655518, -8.27428150177, -72.3077087402, 78.0759963989, -24.5415706635, -5.7927274704, 2.53291583061, 140.684967041, 14.4500045776, 19.26121521, -18.6716594696, 20.1856021881], [-298.592071533, -40.2417526245, -10.1108369827, 13.102599144, 4.86107444763, 21.3309574127, 34.0367965698, 21.8914775848, 14.4500045776, 121.74055481, 23.4251499176, -2.57640886307, 16.0200099945], [-481.022064209, 184.807174683, 87.7650222778, -42.6494522095, 16.2184886932, 52.9997711182, 27.631860733, 21.7861976624, 19.26121521, 23.4251499176, 162.664749146, -1.23355340958, 5.77194690704], [144.387512207, -190.023727417, -55.2284965515, 78.9924240112, -25.7828712463, -10.989692688, -20.2357254028, 19.1617927551, -18.6716594696, -2.57640886307, -1.23355340958, 103.09790802, 6.8306055069], [-303.531951904, 112.331199646, -10.955039978, -58.6988334656, 11.0002918243, 13.6015110016, 12.9760456085, 5.78147697449, 20.1856021881, 16.0200099945, 5.77194690704, 6.8306055069, 92.8232803345]],
        "icov": [[0.000324229506077, -0.000394093483919, 0.000430073821917, -0.000283753412077, 0.000959327968303, 0.000103753292933, 0.000763171876315, -0.000559428241104, 0.000850512762554, 0.000188092351891, 0.000753387634177, -0.000123277728562, 0.000952540838625], [-0.000394093483919, 0.00480642449111, -0.00172911316622, 0.00393337989226, -0.00429982505739, 0.00134026794694, -0.0026152653154, 0.00236686901189, -0.00459963502362, 0.00218532816507, -0.00416111107916, 0.00299744657241, -0.00362933566794], [0.000430073821917, -0.00172911316622, 0.00319168972783, -0.00156819832046, 0.00223344285041, -0.00130988145247, 0.00179438502528, -0.00119513447862, 0.00220010662451, 8.89610528247e-05, 0.000818880042061, 0.000389123917557, 0.00206135283224], [-0.000283753412077, 0.00393337989226, -0.00156819832046, 0.00518299918622, -0.00304232141934, 0.000641839054879, -0.00150222424418, -0.00026038166834, -0.00336284167133, 0.00150409736671, -0.00247028307058, 0.00140077725518, -0.0015804534778], [0.000959327968303, -0.00429982505739, 0.00223344285041, -0.00304232141934, 0.00797815341502, -0.000551727192942, 0.00277150189504, -0.00338976201601, 0.00368657894433, -0.000955116061959, 0.00459744874388, -0.00225558062084, 0.00488251261413], [0.000103753292933, 0.00134026794694, -0.00130988145247, 0.000641839054879, -0.000551727192942, 0.00633395882323, -0.00209743226878, -0.000861743232235, 1.63863580838e-06, 0.00079583801562, -0.00192159879953, 0.00152555853128, -0.00167771836277], [0.000763171876315, -0.0026152653154, 0.00179438502528, -0.00150222424418, 0.00277150189504, -0.00209743226878, 0.00884277652949, -0.00148164958227, 0.00436794105917, -0.00207426678389, 0.00263699889183, -0.000727981911041, 0.00305501627736], [-0.000559428241104, 0.00236686901189, -0.00119513447862, -0.00026038166834, -0.00338976201601, -0.000861743232235, -0.00148164958227, 0.0115890195593, -0.0036505907774, -0.000336308585247, -0.00382070313208, 0.000868026458193, -0.00396042829379], [0.000850512762554, -0.00459963502362, 0.00220010662451, -0.00336284167133, 0.00368657894433, 1.63863580838e-06, 0.00436794105917, -0.0036505907774, 0.0141404857859, -0.00237326021306, 0.00360878673382, -0.00109991966747, 0.00285131065175], [0.000188092351891, 0.00218532816507, 8.89610528247e-05, 0.00150409736671, -0.000955116061959, 0.00079583801562, -0.00207426678389, -0.000336308585247, -0.00237326021306, 0.0108766835183, -0.00254100235179, 0.00211300770752, -0.00211895722896], [0.000753387634177, -0.00416111107916, 0.000818880042061, -0.00247028307058, 0.00459744874388, -0.00192159879953, 0.00263699889183, -0.00382070313208, 0.00360878673382, -0.00254100235179, 0.0119833918288, -0.00380710046738, 0.00482854573056], [-0.000123277728562, 0.00299744657241, 0.000389123917557, 0.00140077725518, -0.00225558062084, 0.00152555853128, -0.000727981911041, 0.000868026458193, -0.00109991966747, 0.00211300770752, -0.00380710046738, 0.0138940513134, -0.00391848804429], [0.000952540838625, -0.00362933566794, 0.00206135283224, -0.0015804534778, 0.00488251261413, -0.00167771836277, 0.00305501627736, -0.00396042829379, 0.00285131065175, -0.00211895722896, 0.00482854573056, -0.00391848804429, 0.0167444739491]]
    },
    "melbands": {
        "dmean": [5.7912820921e-06, 0.000258152169408, 0.000665519793984, 0.000472352840006, 0.000271817494649, 0.00017666752683, 0.0001440448832, 9.02082319953e-05, 5.02590373799e-05, 4.64314762212e-05, 2.126817526e-05, 1.94380154426e-05, 1.36021244543e-05, 5.95279107074e-06, 5.01236354467e-06, 3.40774136021e-06, 2.9048601391e-06, 2.40130452767e-06, 4.09308859162e-06, 2.51724986811e-06, 1.64257482993e-06, 1.32003492581e-06, 3.24620850733e-06, 4.52161748399e-06, 2.01168131753e-06, 5.46836918147e-06, 4.09009498981e-06, 1.54664655838e-06, 6.27661790986e-07, 5.34461662482e-07, 5.74054638491e-07, 4.7656126867e-07, 4.53162869007e-07, 5.43034104794e-07, 5.64128413316e-07, 6.15056649167e-07, 4.31477161555e-07, 2.60028713228e-07, 1.86879603348e-07, 1.03757429315e-07],
        "dmean2": [9.59095086728e-06, 0.000451249303296, 0.00111093383748, 0.0007078620838, 0.000413169094827, 0.000275778991636, 0.000207249060622, 0.000124245081679, 6.61608864903e-05, 6.50036236038e-05, 2.70297477982e-05, 2.5828672733e-05, 1.82957810466e-05, 7.92240371084e-06, 7.36933770895e-06, 4.90122056362e-06, 3.95380857299e-06, 3.42456064573e-06, 5.92689775658e-06, 3.58989541382e-06, 2.49517051998e-06, 1.8337328811e-06, 4.88078512717e-06, 6.20060518486e-06, 3.0766357213e-06, 8.50088053994e-06, 6.36034110357e-06, 2.06875120057e-06, 8.90999046987e-07, 6.93899380622e-07, 7.94341531218e-07, 6.51124878459e-07, 6.31719558442e-07, 8.12898178992e-07, 6.9579891715e-07, 8.38835774175e-07, 5.66683070247e-07, 3.50746120148e-07, 2.67406818466e-07, 1.31890303123e-07],
        "dvar": [1.35573344218e-10, 4.16104768419e-07, 1.75721231699e-06, 1.28144665723e-06, 1.64562621308e-07, 1.10670420383e-07, 1.75630404442e-07, 4.01432700414e-08, 1.20506173928e-08, 1.91060376409e-08, 2.93414692543e-09, 5.93553783901e-09, 2.57079135757e-09, 2.87889073691e-10, 2.13815354311e-10, 2.9569829918e-10, 7.99118896055e-11, 5.16097199699e-11, 1.03274881702e-10, 9.51684009376e-11, 2.68355736938e-11, 1.77816233959e-11, 2.47351750193e-10, 6.31414809327e-10, 1.43600756286e-10, 1.97740979146e-09, 7.33717975265e-10, 6.51885767589e-11, 1.32486001336e-11, 8.40641185135e-12, 1.57235717502e-11, 8.84266011109e-12, 6.30921747138e-12, 1.21325735916e-11, 8.82189980789e-12, 1.16701431505e-11, 5.24580292399e-12, 2.30562053824e-12, 1.50077151227e-12, 2.37841295053e-13],
        "dvar2": [3.3432143165e-10, 1.29481725253e-06, 5.23321159562e-06, 2.93995458378e-06, 4.23130728677e-07, 2.8350191883e-07, 3.60539075928e-07, 8.45955057116e-08, 2.6247473528e-08, 4.04714484148e-08, 3.60158569634e-09, 8.14913914127e-09, 3.33841820854e-09, 3.6384203983e-10, 4.79050799029e-10, 6.18745776837e-10, 1.0618188967e-10, 7.79350264879e-11, 1.9753151892e-10, 1.64142852088e-10, 5.90334656159e-11, 2.5127729758e-11, 5.27889565394e-10, 1.32538302555e-09, 3.39750005907e-10, 4.57253834796e-09, 1.71121061765e-09, 1.30779539975e-10, 3.02858675638e-11, 1.55519399442e-11, 3.5712745261e-11, 1.64610044345e-11, 1.1351831801e-11, 2.49621399939e-11, 1.33337585764e-11, 2.36110384716e-11, 1.05120322169e-11, 4.72641847535e-12, 2.87843837307e-12, 4.15811374048e-13],
        "max": [0.000197817877051, 0.00772412586957, 0.0152570679784, 0.0276088416576, 0.00581524521112, 0.00460987910628, 0.00836354959756, 0.00328507553786, 0.00212462083437, 0.00324583076872, 0.00144323625136, 0.00287409336306, 0.00163363432512, 0.000600424420554, 0.000284847978037, 0.000572589691728, 0.000288314302452, 0.000238642533077, 0.000261234730715, 0.000261892535491, 0.00012594742293, 0.000131609791424, 0.000325528148096, 0.000745211960748, 0.000223944007303, 0.0012005364988, 0.000564175192267, 0.000176853165613, 7.54315624363e-05, 5.8374254877e-05, 8.96415804164e-05, 7.44027420296e-05, 5.36299630767e-05, 6.67381245876e-05, 5.69137337152e-05, 6.10996285104e-05, 4.06286671932e-05, 4.1286846681e-05, 3.60841586371e-05, 1.37692295539e-05],
        "mean": [1.38046234497e-05, 0.000433121225797, 0.00153132365085, 0.00172653293703, 0.000769349571783, 0.000392917980207, 0.000439492607256, 0.000262344197836, 0.000156542504556, 0.000153347762534, 5.48931238882e-05, 5.11479811394e-05, 3.17583217111e-05, 1.25949482026e-05, 1.01423875094e-05, 6.84633232595e-06, 6.44621786705e-06, 6.06089224675e-06, 1.07317964648e-05, 5.17407170264e-06, 3.16875048156e-06, 2.5340521006e-06, 5.56660188522e-06, 6.28305133432e-06, 2.23005281441e-06, 5.39187794857e-06, 5.1957249525e-06, 1.91334243027e-06, 7.96423080374e-07, 7.16972579085e-07, 6.86239616243e-07, 6.36437789581e-07, 6.0206315311e-07, 6.45681666356e-07, 7.5015651646e-07, 7.68522284034e-07, 5.3285617696e-07, 3.47949310253e-07, 2.46371712365e-07, 1.48734017102e-07],
        "median": [4.99203451909e-06, 0.00011255069694, 0.000429258681834, 0.000489249941893, 0.000432035652921, 0.000158150869538, 0.000120477299788, 9.38795201364e-05, 6.00415005465e-05, 3.0471395803e-05, 1.23509380501e-05, 1.14664462671e-05, 6.82487188897e-06, 3.65833216165e-06, 1.9882579636e-06, 1.72785155428e-06, 1.71116812453e-06, 1.44742330122e-06, 1.85657836482e-06, 1.22738697428e-06, 9.47161595377e-07, 5.59216061902e-07, 6.18741523795e-07, 4.02253959919e-07, 2.1271893047e-07, 1.41497054074e-07, 1.70050228121e-07, 1.00226202449e-07, 2.92241271183e-08, 2.21690736879e-08, 2.03499137541e-08, 1.69764540203e-08, 1.7127366192e-08, 2.09589643418e-08, 2.3353541323e-08, 2.3305881669e-08, 2.50126959145e-08, 2.35942660964e-08, 1.20194574293e-08, 1.06722248816e-08],
        "min": [8.63884574979e-24, 3.46300975932e-23, 2.19372041436e-23, 7.48963633851e-24, 7.18834669298e-24, 1.95207748851e-23, 1.28920413851e-23, 8.58035723569e-25, 1.8726380515e-24, 9.16839545369e-24, 7.71453269398e-24, 3.13498751098e-23, 1.76490603925e-23, 2.02419389029e-23, 6.28453061006e-24, 1.38771424846e-23, 1.04513104775e-23, 8.84100871169e-24, 7.41381891691e-24, 8.21848622809e-24, 1.07965412532e-23, 1.0714618837e-23, 1.66389287365e-23, 5.96618342518e-24, 5.55790136393e-24, 1.07061945914e-23, 1.07082085533e-23, 9.27016403249e-24, 1.67522107402e-23, 1.23588171671e-23, 8.12757947509e-24, 7.865590091e-24, 7.69350560655e-24, 7.99893046094e-24, 8.25489058114e-24, 9.16364020015e-24, 1.70991470332e-23, 1.24222518391e-23, 1.14484582719e-23, 8.19690693802e-24],
        "stdev": [2.24021023314e-05, 0.000851276970934, 0.00234548863955, 0.00262695061974, 0.000917549768928, 0.00062470883131, 0.000821540190373, 0.000450156629086, 0.000254215992754, 0.000325438100845, 0.000126860002638, 0.000180218281457, 0.000111683213618, 3.5008895793e-05, 2.26528372878e-05, 2.19406101678e-05, 1.94077874767e-05, 1.78030149982e-05, 2.70283053396e-05, 1.65121145983e-05, 8.29561031424e-06, 8.50005199027e-06, 1.92590960069e-05, 3.1692241464e-05, 1.24313373817e-05, 4.97684341099e-05, 3.13888085657e-05, 1.02978729046e-05, 4.18663330493e-06, 3.8378930185e-06, 4.24914560426e-06, 3.58972329195e-06, 3.15504780701e-06, 3.96312043449e-06, 4.19806292484e-06, 4.18125182478e-06, 2.855481398e-06, 1.84984889984e-06, 1.45358421832e-06, 6.56626525597e-07],
        "var": [5.01854169332e-10, 7.24672474917e-07, 5.50131699129e-06, 6.90086926625e-06, 8.41897588089e-07, 3.90261106986e-07, 6.74928287481e-07, 2.0264099021e-07, 6.46257731773e-08, 1.0590996169e-07, 1.60934607862e-08, 3.24786313399e-08, 1.24731407425e-08, 1.22562282545e-09, 5.13151021675e-10, 4.81390372009e-10, 3.76662201429e-10, 3.16947357248e-10, 7.30529303716e-10, 2.72649958166e-10, 6.88171533647e-11, 7.22508788908e-11, 3.70912772718e-10, 1.00439823125e-09, 1.54538160047e-10, 2.47689713184e-09, 9.85257209152e-10, 1.06046178783e-10, 1.75278975362e-11, 1.47294225428e-11, 1.80552378604e-11, 1.28861131835e-11, 9.95432642564e-12, 1.57063251294e-11, 1.76237340693e-11, 1.74828658495e-11, 8.1537736632e-12, 3.42194089904e-12, 2.11290707153e-12, 4.3115841843e-13]
