{
"lowlevel": {
    "average_loudness": 0.927779078484,
    "barkbands_crest": {
        "dmean": 2.88714766502,
        "dmean2": 4.49683904648,
        "dvar": 7.26309871674,
        "dvar2": 17.3482208252,
        "max": 25.2618598938,
        "mean": 13.3906774521,
        "median": 13.2081346512,
        "min": 3.53396010399,
        "stdev": 4.33621454239,
        "var": 18.8027572632
    },
    "barkbands_flatness_db": {
        "dmean": 0.0285495966673,
        "dmean2": 0.0418526604772,
        "dvar": 0.000849144125823,
        "dvar2": 0.00175449391827,
        "max": 0.367105036974,
        "mean": 0.151186227798,
        "median": 0.141452729702,
        "min": 0.0502492934465,
        "stdev": 0.0495026484132,
        "var": 0.00245051225647
    },
    "barkbands_kurtosis": {
        "dmean": 6.5457072258,
        "dmean2": 10.3948841095,
        "dvar": 203.033599854,
        "dvar2": 464.190246582,
        "max": 166.863525391,
        "mean": 8.29607200623,
        "median": 3.01477003098,
        "min": -1.93299841881,
        "stdev": 16.5349998474,
        "var": 273.406188965
    },
    "barkbands_skewness": {
        "dmean": 0.808457672596,
        "dmean2": 1.20650172234,
        "dvar": 0.954758226871,
        "dvar2": 1.93836939335,
        "max": 11.4517030716,
        "mean": 2.11034202576,
        "median": 1.75593698025,
        "min": -1.66366112232,
        "stdev": 1.64914500713,
        "var": 2.71967935562
    },
    "barkbands_spread": {
        "dmean": 8.34046554565,
        "dmean2": 12.4151668549,
        "dvar": 110.089683533,
        "dvar2": 185.142883301,
        "max": 111.421226501,
        "mean": 24.8622722626,
        "median": 19.7190284729,
        "min": 0.910606503487,
        "stdev": 18.8174381256,
        "var": 354.095947266
    },
    "dissonance": {
        "dmean": 0.0245954971761,
        "dmean2": 0.0404401235282,
        "dvar": 0.000520411587786,
        "dvar2": 0.00136154599022,
        "max": 0.499956041574,
        "mean": 0.450433284044,
        "median": 0.45582151413,
        "min": 0.311086595058,
        "stdev": 0.0316213257611,
        "var": 0.000999908195809
    },
    "dynamic_complexity": 2.97393870354,
    "erbbands_crest": {
        "dmean": 2.43489861488,
        "dmean2": 3.93834233284,
        "dvar": 4.96239519119,
        "dvar2": 11.2947130203,
        "max": 30.5381736755,
        "mean": 8.61344718933,
        "median": 7.67156410217,
        "min": 2.94692087173,
        "stdev": 4.15574502945,
        "var": 17.2702178955
    },
    "erbbands_flatness_db": {
        "dmean": 0.018447317183,
        "dmean2": 0.0262937117368,
        "dvar": 0.000254808546742,
        "dvar2": 0.000504949886817,
        "max": 0.26923635602,
        "mean": 0.135662257671,
        "median": 0.13400913775,
        "min": 0.0481246858835,
        "stdev": 0.0359919406474,
        "var": 0.00129541975912
    },
    "erbbands_kurtosis": {
        "dmean": 1.20473861694,
        "dmean2": 1.85179305077,
        "dvar": 2.22148251534,
        "dvar2": 4.86172628403,
        "max": 24.0207138062,
        "mean": 0.976900100708,
        "median": 0.357159614563,
        "min": -1.76573896408,
        "stdev": 2.42792654037,
        "var": 5.89482736588
    },
    "erbbands_skewness": {
        "dmean": 0.460099250078,
        "dmean2": 0.662925779819,
        "dvar": 0.19376693666,
        "dvar2": 0.402463883162,
        "max": 3.6827044487,
        "mean": 0.355562865734,
        "median": 0.41558560729,
        "min": -3.53755259514,
        "stdev": 0.869944989681,
        "var": 0.756804287434
    },
    "erbbands_spread": {
        "dmean": 11.4218330383,
        "dmean2": 16.9728755951,
        "dvar": 153.657852173,
        "dvar2": 331.868774414,
        "max": 184.1484375,
        "mean": 43.0645561218,
        "median": 38.0660629272,
        "min": 4.84244298935,
        "stdev": 22.8792991638,
        "var": 523.462341309
    },
    "hfc": {
        "dmean": 9.64180183411,
        "dmean2": 14.0705938339,
        "dvar": 352.223480225,
        "dvar2": 802.689697266,
        "max": 173.518661499,
        "mean": 19.5162086487,
        "median": 11.2664995193,
        "min": 1.13263922218e-16,
        "stdev": 24.2025413513,
        "var": 585.763000488
    },
    "loudness_ebu128": {
        "integrated": -9.86036109924,
        "loudness_range": 4.07472848892,
        "momentary": {
            "dmean": 0.714891910553,
            "dmean2": 0.916775345802,
            "dvar": 0.506858110428,
            "dvar2": 0.600216329098,
            "max": -5.69777107239,
            "mean": -10.4634218216,
            "median": -10.732336998,
            "min": -16.6694755554,
            "stdev": 2.29134202003,
            "var": 5.25024843216
        },
        "short_term": {
            "dmean": 0.112924836576,
            "dmean2": 0.143873870373,
            "dvar": 0.0106676192954,
            "dvar2": 0.0175683256239,
            "max": -7.42546749115,
            "mean": -10.2305908203,
            "median": -10.9750852585,
            "min": -13.4850597382,
            "stdev": 1.61417639256,
            "var": 2.60556554794
        }
    },
    "melbands_crest": {
        "dmean": 3.29493737221,
        "dmean2": 5.45437908173,
        "dvar": 11.0978631973,
        "dvar2": 31.5607872009,
        "max": 32.8777198792,
        "mean": 18.0397777557,
        "median": 17.6262779236,
        "min": 1.77777600288,
        "stdev": 5.54892635345,
        "var": 30.7905845642
    },
    "melbands_flatness_db": {
        "dmean": 0.036181487143,
        "dmean2": 0.0521176941693,
        "dvar": 0.00140510557685,
        "dvar2": 0.00276286550798,
        "max": 0.484914392233,
        "mean": 0.230941623449,
        "median": 0.222487643361,
        "min": 0.00333705567755,
        "stdev": 0.0678564459085,
        "var": 0.00460449745879
    },
    "melbands_kurtosis": {
        "dmean": 14.9885396957,
        "dmean2": 23.3065299988,
        "dvar": 793.981567383,
        "dvar2": 1837.25695801,
        "max": 343.476928711,
        "mean": 24.5599308014,
        "median": 11.4180088043,
        "min": -1.05238938332,
        "stdev": 36.8116264343,
        "var": 1355.0958252
    },
    "melbands_skewness": {
        "dmean": 1.042937994,
        "dmean2": 1.54894769192,
        "dvar": 1.36023294926,
        "dvar2": 2.88960003853,
        "max": 13.6022977829,
        "mean": 3.49167132378,
        "median": 2.98026514053,
        "min": -0.915493190289,
        "stdev": 2.23505163193,
        "var": 4.99545621872
    },
    "melbands_spread": {
        "dmean": 8.1871881485,
        "dmean2": 11.7571725845,
        "dvar": 139.952636719,
        "dvar2": 259.588317871,
        "max": 127.745986938,
        "mean": 20.8648605347,
        "median": 17.0684318542,
        "min": 0.844377279282,
        "stdev": 17.4428691864,
        "var": 304.253662109
    },
    "pitch_salience": {
        "dmean": 0.0744071379304,
        "dmean2": 0.120544031262,
        "dvar": 0.00509573891759,
        "dvar2": 0.0124441701919,
        "max": 0.845669567585,
        "mean": 0.448625445366,
        "median": 0.445998847485,
        "min": 0.0922726094723,
        "stdev": 0.112512461841,
        "var": 0.0126590533182
    },
    "silence_rate_20dB": {
        "dmean": 0,
        "dmean2": 0,
        "dvar": 0,
        "dvar2": 0,
        "max": 1,
        "mean": 1,
        "median": 1,
        "min": 1,
        "stdev": 0,
        "var": 0
    },
    "silence_rate_30dB": {
        "dmean": 0.0448916405439,
        "dmean2": 0.0898528248072,
        "dvar": 0.0428763628006,
        "dvar2": 0.122057050467,
        "max": 1,
        "mean": 0.972157776356,
        "median": 1,
        "min": 0,
        "stdev": 0.164520174265,
        "var": 0.0270668901503
    },
    "silence_rate_60dB": {
        "dmean": 0.0100619196892,
        "dmean2": 0.020139425993,
        "dvar": 0.00996061321348,
        "dvar2": 0.0212832186371,
        "max": 1,
        "mean": 0.0185614842921,
        "median": 0,
        "min": 0,
        "stdev": 0.134971022606,
        "var": 0.018217176199
    },
    "spectral_centroid": {
        "dmean": 366.909820557,
        "dmean2": 522.699951172,
        "dvar": 235987.296875,
        "dvar2": 350443.875,
        "max": 10754.0322266,
        "mean": 1385.12207031,
        "median": 1193.5736084,
        "min": 175.550308228,
        "stdev": 785.079406738,
        "var": 616349.6875
    },
    "spectral_complexity": {
        "dmean": 4.06501531601,
        "dmean2": 5.92951202393,
        "dvar": 29.4260807037,
        "dvar2": 47.2336463928,
        "max": 60,
        "mean": 15.3031711578,
        "median": 14,
        "min": 0,
        "stdev": 8.61109161377,
        "var": 74.150894165
    },
    "spectral_decrease": {
        "dmean": 2.9768543186e-09,
        "dmean2": 4.91747531584e-09,
        "dvar": 3.29090200197e-17,
        "dvar2": 8.39084006265e-17,
        "max": -1.29510904484e-28,
        "mean": -7.44919503859e-09,
        "median": -4.53051018923e-09,
        "min": -4.44877734651e-08,
        "stdev": 7.28098736857e-09,
        "var": 5.30127746138e-17
    },
    "spectral_energy": {
        "dmean": 0.0118832001463,
        "dmean2": 0.0195007901639,
        "dvar": 0.00049351749476,
        "dvar2": 0.00125696137547,
        "max": 0.171039298177,
        "mean": 0.0298851784319,
        "median": 0.0183049421757,
        "min": 1.07621658378e-20,
        "stdev": 0.0285213124007,
        "var": 0.000813465274405
    },
    "spectral_energyband_high": {
        "dmean": 0.00081275368575,
        "dmean2": 0.00121130468324,
        "dvar": 4.0738145799e-06,
        "dvar2": 9.31628619583e-06,
        "max": 0.017822291702,
        "mean": 0.00111132930033,
        "median": 0.000413615838625,
        "min": 7.60892506994e-21,
        "stdev": 0.00225389469415,
        "var": 5.08004177391e-06
    },
    "spectral_energyband_low": {
        "dmean": 0.00869556237012,
        "dmean2": 0.0147917121649,
        "dvar": 0.000407605431974,
        "dvar2": 0.00104400736745,
        "max": 0.151142597198,
        "mean": 0.0180127602071,
        "median": 0.010635452345,
        "min": 5.9030556201e-23,
        "stdev": 0.023133771494,
        "var": 0.000535171420779
    },
    "spectral_energyband_middle_high": {
        "dmean": 0.00226516555995,
        "dmean2": 0.00320941326208,
        "dvar": 1.92834904738e-05,
        "dvar2": 3.70478155673e-05,
        "max": 0.0909023582935,
        "mean": 0.00503090815619,
        "median": 0.00202054856345,
        "min": 1.95210646179e-21,
        "stdev": 0.00889634247869,
        "var": 7.91449056123e-05
    },
    "spectral_energyband_middle_low": {
        "dmean": 0.00302382744849,
        "dmean2": 0.00465939426795,
        "dvar": 2.09399222513e-05,
        "dvar2": 5.21003348695e-05,
        "max": 0.0423734150827,
        "mean": 0.00646305177361,
        "median": 0.00432822527364,
        "min": 3.20474528176e-22,
        "stdev": 0.00636394554749,
        "var": 4.04998027079e-05
    },
    "spectral_entropy": {
        "dmean": 0.228252634406,
        "dmean2": 0.330751359463,
        "dvar": 0.0588933825493,
        "dvar2": 0.117105051875,
        "max": 9.79658699036,
        "mean": 7.61826992035,
        "median": 7.61885261536,
        "min": 6.18812799454,
        "stdev": 0.415146917105,
        "var": 0.172346964478
    },
    "spectral_flux": {
        "dmean": 0.0301409307867,
        "dmean2": 0.0491352900863,
        "dvar": 0.00183291349094,
        "dvar2": 0.00425215251744,
        "max": 0.366520673037,
        "mean": 0.0811575651169,
        "median": 0.0601167976856,
        "min": 1.03740856183e-10,
        "stdev": 0.0617334283888,
        "var": 0.00381101598032
    },
    "spectral_kurtosis": {
        "dmean": 1.47506666183,
        "dmean2": 2.24448776245,
        "dvar": 2.68485307693,
        "dvar2": 6.52299928665,
        "max": 23.1554870605,
        "mean": 3.55986070633,
        "median": 3.17559146881,
        "min": -1.4612660408,
        "stdev": 2.52799582481,
        "var": 6.3907623291
    },
    "spectral_rms": {
        "dmean": 0.00090880622156,
        "dmean2": 0.00144753302447,
        "dvar": 1.8639202608e-06,
        "dvar2": 4.41205611423e-06,
        "max": 0.012917724438,
        "mean": 0.00495795533061,
        "median": 0.0042259292677,
        "min": 3.2403201216e-12,
        "stdev": 0.00213890755549,
        "var": 4.57492569694e-06
    },
    "spectral_rolloff": {
        "dmean": 604.696960449,
        "dmean2": 979.45324707,
        "dvar": 1641040.625,
        "dvar2": 2766581.75,
        "max": 17937.1582031,
        "mean": 1294.0234375,
        "median": 732.12890625,
        "min": 64.599609375,
        "stdev": 1773.07299805,
        "var": 3143788
    },
    "spectral_skewness": {
        "dmean": 0.294753015041,
        "dmean2": 0.423898905516,
        "dvar": 0.080218359828,
        "dvar2": 0.166213065386,
        "max": 3.81818771362,
        "mean": 1.52833509445,
        "median": 1.54045414925,
        "min": -0.0842568054795,
        "stdev": 0.556468844414,
        "var": 0.309657603502
    },
    "spectral_spread": {
        "dmean": 952176.4375,
        "dmean2": 1284103.5,
        "dvar": 1.78281303245e+12,
        "dvar2": 2.47013677466e+12,
        "max": 39832224,
        "mean": 5790173.5,
        "median": 5278901,
        "min": 1692653,
        "stdev": 2270251.75,
        "var": 5.15404306842e+12
    },
    "spectral_strongpeak": {
        "dmean": 0.281671732664,
        "dmean2": 0.481188118458,
        "dvar": 0.588268041611,
        "dvar2": 1.37702155113,
        "max": 8.35406112671,
        "mean": 0.604971468449,
        "median": 0.236916229129,
        "min": 0,
        "stdev": 1.24516367912,
        "var": 1.55043256283
    },
    "zerocrossingrate": {
        "dmean": 0.0141960596666,
        "dmean2": 0.015579613857,
        "dvar": 0.000401038560085,
        "dvar2": 0.000444030418294,
        "max": 0.4775390625,
        "mean": 0.0546410493553,
        "median": 0.0478515625,
        "min": 0.00341796875,
        "stdev": 0.0382928214967,
        "var": 0.00146634003613
    },
    "barkbands": {
        "dmean": [0.000429332169006, 0.00615173950791, 0.00417410861701, 0.000745710916817, 0.000505094707478, 0.000721475866158, 0.00091659813188, 0.000748203892726, 0.000559456297196, 0.000589111761656, 0.000835599203128, 0.000259470980382, 0.000407090963563, 0.000145874393638, 0.000262255227426, 0.000159293122124, 0.000229733006563, 0.00016742113803, 0.000214133397094, 0.000171338673681, 0.000195072236238, 0.000191588987946, 0.00012514811533, 0.000142689881613, 0.000142897741171, 2.96469825116e-05, 1.35954167035e-06],
        "dmean2": [0.000644212879706, 0.0102300597355, 0.00741018448025, 0.00128619431052, 0.000790057005361, 0.0012334556086, 0.00144362333231, 0.00120178610086, 0.000864255824126, 0.00080460566096, 0.0011351670837, 0.000405241094995, 0.000608166155871, 0.0002331371943, 0.000400443124818, 0.000248768774327, 0.00037531403359, 0.000259062537225, 0.000332257535774, 0.000255668099271, 0.000311354640871, 0.000295850477414, 0.00018501469458, 0.000215086896787, 0.000207433055039, 4.08353407693e-05, 2.16974945033e-06],
        "dvar": [8.34434104036e-07, 0.000171838706592, 0.00020323121862, 2.6821942356e-06, 5.94544758314e-07, 1.79434289294e-06, 2.80101085082e-06, 2.89917647933e-06, 2.1967698558e-06, 7.29135990696e-06, 6.89199760018e-06, 4.03179114983e-07, 1.18492800993e-06, 2.10707582937e-07, 6.05694594924e-07, 1.14232229009e-07, 2.41184579863e-07, 1.50151080902e-07, 3.30365850232e-07, 2.49275615261e-07, 3.66127437701e-07, 2.67260105602e-07, 1.07462000187e-07, 1.46284264702e-07, 1.66089776599e-07, 7.16745374163e-09, 9.39271837391e-12],
        "dvar2": [1.6954433022e-06, 0.000407676619943, 0.00055392208742, 6.78852802594e-06, 1.46042839333e-06, 4.86324915983e-06, 6.70749477649e-06, 6.64919161864e-06, 4.60211686004e-06, 1.18434281831e-05, 1.25548240248e-05, 1.00673730685e-06, 2.5253871172e-06, 5.64545246107e-07, 1.20931247238e-06, 2.70063566177e-07, 6.03812793543e-07, 3.06042977627e-07, 7.72204032273e-07, 5.53973279693e-07, 9.37339109441e-07, 6.48493539757e-07, 2.37651306634e-07, 3.02252601614e-07, 3.27134728195e-07, 1.44831533433e-08, 2.34638541236e-11],
        "max": [0.0081254336983, 0.0998791605234, 0.10993245244, 0.0151739027351, 0.00899524707347, 0.0147294197232, 0.0213873237371, 0.028086528182, 0.0319968722761, 0.0854531526566, 0.0459341295063, 0.0100947637111, 0.0224128030241, 0.00896448455751, 0.0146373743191, 0.00427974341437, 0.00434706639498, 0.0051971450448, 0.00822697486728, 0.00562799535692, 0.00545436935499, 0.0056477477774, 0.00340835540555, 0.00554989557713, 0.00779727287591, 0.00227181590162, 5.57496678084e-05],
        "mean": [0.000691496883519, 0.0129162650555, 0.0037313636858, 0.00111295422539, 0.00102679315023, 0.000933128292672, 0.00142963894177, 0.000964066537563, 0.000875085708685, 0.000833440979477, 0.00160426390357, 0.000407600571634, 0.000562934787013, 0.000173133157659, 0.000436676316895, 0.000228354387218, 0.000268712552497, 0.000227798504056, 0.000254762708209, 0.000201619506697, 0.000209218109376, 0.000216942105908, 0.000141419717693, 0.000182334551937, 0.000211580074392, 4.21180011472e-05, 1.4721917978e-06],
        "median": [0.000148328734213, 0.00851564574987, 0.00106672733091, 0.000438763818238, 0.000624175998382, 0.000427767023211, 0.000460862676846, 0.00033433837234, 0.000341419014148, 0.000168382277479, 0.000236100226175, 0.000107356027002, 0.000139106996357, 4.79181071569e-05, 8.41813962325e-05, 7.07752988092e-05, 9.63668207987e-05, 7.23496341379e-05, 7.06706487108e-05, 3.2701951568e-05, 5.57390521863e-05, 5.06397118443e-05, 3.17536578223e-05, 4.14781461586e-05, 3.75622657884e-05, 1.19226069728e-05, 2.78861591596e-07],
        "min": [1.90414219783e-23, 2.05639487689e-23, 1.79350745354e-23, 2.06706343178e-23, 3.50168666287e-23, 3.1130663286e-23, 6.558433056e-23, 5.54666404034e-23, 8.43475575847e-23, 9.2222169089e-23, 8.35004345684e-23, 1.42857635982e-22, 1.69374848212e-22, 6.95045338078e-23, 2.01690402666e-22, 2.22598649777e-22, 1.12073266856e-22, 2.49044978122e-22, 5.10637716642e-22, 2.579082406e-22, 4.09876778275e-22, 4.92305750408e-22, 5.97535453274e-22, 7.86660122135e-22, 1.54096811191e-21, 1.57269965686e-21, 2.25442098279e-21],
        "stdev": [0.0012953162659, 0.015527616255, 0.0116151515394, 0.00186408800073, 0.00119139044546, 0.00142856827006, 0.00245967064984, 0.00214589084499, 0.00193902093451, 0.00385046377778, 0.00518138147891, 0.000812642625533, 0.00141851510853, 0.000425509671913, 0.00116164539941, 0.000415418646298, 0.000507753749844, 0.00045908181346, 0.000607863708865, 0.000568839430343, 0.000559143547434, 0.000524960341863, 0.000361742306268, 0.000497179978993, 0.000585949455854, 0.000111264889711, 3.44115528605e-06],
        "var": [1.67784423866e-06, 0.000241106856265, 0.000134911737405, 3.47482387042e-06, 1.41941120546e-06, 2.0408074306e-06, 6.04998012932e-06, 4.60484761788e-06, 3.75980221179e-06, 1.48260705828e-05, 2.68467119895e-05, 6.60388081997e-07, 2.01218517759e-06, 1.81058481985e-07, 1.3494200175e-06, 1.72572654833e-07, 2.57813866256e-07, 2.10756098795e-07, 3.69498280861e-07, 3.23578319694e-07, 3.12641532219e-07, 2.75583346365e-07, 1.30857486624e-07, 2.47187955438e-07, 3.43336779451e-07, 1.23798757912e-08, 1.18415494424e-11]
    },
    "erbbands": {
        "dmean": [0.223340958357, 1.37513720989, 4.26783418655, 3.7108566761, 1.30962586403, 2.06812381744, 4.99065637589, 5.97172498703, 10.3509492874, 13.2856321335, 17.7735710144, 13.1256904602, 9.37158584595, 31.7819423676, 20.8704280853, 11.5958156586, 17.5123806, 9.53178024292, 11.6366539001, 9.44423007965, 9.2183380127, 12.9629087448, 10.1105270386, 10.1901483536, 10.1933927536, 7.3167719841, 6.72382307053, 8.79277610779, 7.32221746445, 4.91550540924, 3.40345549583, 3.25972223282, 2.21327209473, 1.80923223495, 0.892579138279, 0.210452765226, 0.0384374372661, 0.00524501316249, 0.000147811355419, 1.81433351827e-05],
        "dmean2": [0.353758633137, 2.23710227013, 7.37790489197, 6.44634342194, 2.15472340584, 3.26051068306, 8.19029426575, 10.2681283951, 17.3583316803, 19.9924488068, 29.0020580292, 20.1529197693, 13.2809925079, 44.7419624329, 30.6831855774, 18.0088691711, 26.0312175751, 14.4698200226, 17.5462703705, 14.2515707016, 14.6527261734, 20.9357624054, 15.7468519211, 15.7819461823, 15.5404529572, 11.0612983704, 10.6181545258, 14.0242948532, 11.4468107224, 7.47215080261, 5.10077667236, 5.08583116531, 3.31732392311, 2.66667628288, 1.30016791821, 0.287404417992, 0.0520493090153, 0.00764519395307, 0.000218034416321, 2.79416562989e-05],
        "dvar": [0.240225166082, 9.50966262817, 206.417709351, 106.188034058, 6.01239204407, 11.3969087601, 93.7176132202, 157.730804443, 405.987518311, 814.069458008, 1823.29199219, 1215.77075195, 814.19744873, 11027.7255859, 7727.36376953, 686.852966309, 2304.47485352, 357.767333984, 2419.11987305, 464.674926758, 404.419586182, 820.184204102, 512.032104492, 814.625305176, 765.282226562, 475.599060059, 431.39956665, 727.521789551, 444.726745605, 131.97265625, 99.5547866821, 93.8271408081, 32.1708526611, 28.40883255, 6.00528287888, 0.382929503918, 0.00711869681254, 0.000105752777017, 8.43473983991e-08, 8.31198443407e-10],
        "dvar2": [0.592865884304, 23.5057449341, 562.572570801, 270.105560303, 14.8767051697, 27.8732337952, 232.932006836, 425.806243896, 1095.56738281, 1660.89892578, 4483.94287109, 2432.55517578, 1409.42529297, 20363.7089844, 14797.9208984, 1718.67724609, 5122.62207031, 839.023620605, 5639.73339844, 1006.53564453, 992.686279297, 2055.20458984, 1087.9642334, 1858.94641113, 1804.46105957, 1079.36450195, 1107.35534668, 1851.70410156, 1093.88708496, 306.329071045, 226.253067017, 206.399810791, 60.7495269775, 54.0202713013, 13.0887498856, 0.719009160995, 0.01282896474, 0.000219862835365, 1.86955972481e-07, 1.92521243392e-09],
        "max": [4.3937702179, 25.489730835, 111.330932617, 88.9475784302, 26.6693992615, 41.8012809753, 181.148025513, 98.837562561, 194.352081299, 705.565795898, 645.744140625, 781.62701416, 596.786315918, 3262.45922852, 1969.32116699, 423.192230225, 950.451965332, 279.121459961, 1374.42443848, 361.756195068, 209.516464233, 273.481719971, 315.285522461, 528.295715332, 291.873840332, 239.460296631, 229.007354736, 250.736968994, 218.37348938, 118.757003784, 108.453536987, 175.941772461, 81.421257019, 99.9367980957, 50.5306549072, 16.4264526367, 1.62329518795, 0.152188718319, 0.00487203709781, 0.000269210286206],
        "mean": [0.436336070299, 2.62175631523, 4.45512342453, 4.36429405212, 2.49337506294, 3.87494778633, 7.69529724121, 7.0926451683, 14.0852003098, 22.125125885, 24.4885597229, 21.3542404175, 15.0199613571, 65.0174713135, 39.768825531, 20.5198764801, 24.9823284149, 13.9050540924, 16.837928772, 17.3319644928, 12.7423820496, 15.0648899078, 14.2374849319, 12.8551740646, 12.0442180634, 8.45548057556, 7.36714506149, 9.59185314178, 8.0556974411, 5.80643367767, 3.7428290844, 3.83873343468, 2.9997086525, 2.62847495079, 1.30567002296, 0.296479314566, 0.0590939968824, 0.00746108079329, 0.000218200890231, 4.47407437605e-05],
        "median": [0.310233741999, 1.70017194748, 1.82692873478, 1.71378481388, 1.2537766695, 2.13379788399, 3.55595445633, 2.99437093735, 4.88457393646, 9.27985858917, 8.03192329407, 8.28868198395, 4.58345365524, 10.859000206, 6.47168111801, 6.02548837662, 6.95283317566, 4.94886445999, 4.01085138321, 4.34695720673, 4.54460144043, 5.47444629669, 5.16761207581, 3.51364946365, 2.95872306824, 1.66977834702, 2.00688076019, 2.33022332191, 1.81829917431, 1.30650913715, 0.803163707256, 0.628166556358, 0.696514606476, 0.44074717164, 0.251572042704, 0.0789765119553, 0.018258176744, 0.0021540413145, 7.15739297448e-05, 2.77235194517e-05],
        "min": [7.10033026323e-22, 4.34830228377e-21, 2.06728364766e-20, 4.58650840898e-20, 1.265232459e-19, 8.24994464667e-20, 2.69663154439e-19, 2.19787213731e-19, 9.78739022529e-19, 8.56710701927e-19, 1.23853287828e-18, 1.76634907234e-18, 2.40092853747e-18, 3.28637099609e-18, 4.27072481721e-18, 6.20592047773e-18, 8.33759593555e-18, 4.76309208272e-18, 1.00420892689e-17, 9.9501258099e-18, 1.08316976836e-17, 6.21653113704e-18, 1.37893613732e-17, 1.93595021467e-17, 2.36631078068e-17, 1.23626758214e-17, 1.63137768091e-17, 1.52919440548e-17, 1.70425427811e-17, 2.1795276081e-17, 1.60004771891e-17, 1.68348575817e-17, 1.23381499162e-17, 1.14164821167e-17, 1.31723888609e-17, 6.72528774561e-18, 3.04124450016e-18, 1.12968583584e-18, 3.65519868201e-19, 2.96598856445e-20],
        "stdev": [0.578647375107, 3.40464115143, 11.9733037949, 9.36286735535, 3.18975877762, 5.08657836914, 13.3435640335, 11.7705087662, 22.7712154388, 39.6760787964, 53.9643135071, 48.1449508667, 39.9676589966, 216.158157349, 153.301696777, 38.8037834167, 61.0029144287, 23.7268924713, 53.2321357727, 35.0076599121, 21.884513855, 29.2633972168, 26.8792991638, 31.2980175018, 28.7926712036, 23.5482959747, 19.4195594788, 25.0776195526, 20.6470031738, 12.9645786285, 10.5629739761, 11.688378334, 7.81837797165, 7.69879388809, 3.36377978325, 0.839677751064, 0.131607919931, 0.0148880295455, 0.000400660326704, 4.15371214331e-05],
        "var": [0.334832787514, 11.5915813446, 143.36000061, 87.6632919312, 10.1745605469, 25.8732776642, 178.050704956, 138.544876099, 518.528259277, 1574.19116211, 2912.1472168, 2317.9362793, 1597.41381836, 46724.3515625, 23501.4082031, 1505.73364258, 3721.35546875, 562.965454102, 2833.66040039, 1225.53625488, 478.931976318, 856.346374512, 722.496765137, 979.565856934, 829.017883301, 554.522216797, 377.119293213, 628.886962891, 426.298736572, 168.080291748, 111.576423645, 136.618179321, 61.1270370483, 59.2714309692, 11.3150138855, 0.70505875349, 0.0173206441104, 0.00022165341943, 1.60528699666e-07, 1.7253325435e-09]
    },
    "gfcc": {
        "mean": [-4.36344718933, 87.0213012695, -95.5973587036, 36.2755126953, -54.4923820496, 28.2185382843, -32.1105613708, 22.9542446136, -17.3246383667, 11.1522388458, -14.4256238937, 6.27716207504, -9.22633266449],
        "cov": [[4756.20898438, -720.88494873, -357.412719727, -27.7080383301, -163.977584839, 214.858215332, -58.3679847717, 311.945495605, -172.731506348, 242.436538696, 120.633293152, 11.8743591309, -25.7840881348], [-720.88494873, 1064.30273438, -52.3401832581, -189.215682983, 191.495620728, -54.3276939392, 129.845001221, -72.2564315796, 53.0348434448, -108.838104248, 53.6119499207, -36.9159660339, 64.6555404663], [-357.412719727, -52.3401832581, 970.804199219, 196.236465454, 58.8817672729, 159.291366577, -83.4028625488, 25.3530387878, 86.1585083008, 3.03161048889, -15.0235300064, 71.3793334961, -0.194810971618], [-27.7080383301, -189.215682983, 196.236465454, 619.053955078, 39.9415740967, -71.866607666, 16.247592926, -57.5686302185, 101.496482849, -36.2085151672, -26.7025260925, 59.8701820374, -30.6037998199], [-163.977584839, 191.495620728, 58.8817672729, 39.9415740967, 267.774536133, 40.5938301086, 49.6319007874, 53.4408454895, 45.3326759338, -18.1495132446, 13.2558364868, -2.67851424217, 43.7315788269], [214.858215332, -54.3276939392, 159.291366577, -71.866607666, 40.5938301086, 223.685562134, 69.1894683838, 62.5874481201, 7.052339077, 40.6402664185, 23.4422130585, 2.55293273926, 19.6941604614], [-58.3679847717, 129.845001221, -83.4028625488, 16.247592926, 49.6319007874, 69.1894683838, 316.093353271, 20.7266559601, -5.00905179977, 25.7952613831, 9.97231674194, 16.8429298401, -27.0352020264], [311.945495605, -72.2564315796, 25.3530387878, -57.5686302185, 53.4408454895, 62.5874481201, 20.7266559601, 176.38873291, 19.5295219421, 30.2031917572, 37.6747550964, -1.74142384529, 35.7720298767], [-172.731506348, 53.0348434448, 86.1585083008, 101.496482849, 45.3326759338, 7.052339077, -5.00905179977, 19.5295219421, 142.922134399, -8.83789348602, -12.9259805679, 27.531332016, 8.17429065704], [242.436538696, -108.838104248, 3.03161048889, -36.2085151672, -18.1495132446, 40.6402664185, 25.7952613831, 30.2031917572, -8.83789348602, 127.707626343, 41.8629112244, -5.8434920311, -13.9561729431], [120.633293152, 53.6119499207, -15.0235300064, -26.7025260925, 13.2558364868, 23.4422130585, 9.97231674194, 37.6747550964, -12.9259805679, 41.8629112244, 111.328109741, 9.32319068909, 8.35487270355], [11.8743591309, -36.9159660339, 71.3793334961, 59.8701820374, -2.67851424217, 2.55293273926, 16.8429298401, -1.74142384529, 27.531332016, -5.8434920311, 9.32319068909, 96.1700515747, -11.5262746811], [-25.7840881348, 64.6555404663, -0.194810971618, -30.6037998199, 43.7315788269, 19.6941604614, -27.0352020264, 35.7720298767, 8.17429065704, -13.9561729431, 8.35487270355, -11.5262746811, 128.159515381]],
        "icov": [[0.000375842151698, -0.000199870497454, 0.000369091052562, -0.000466543307994, 0.000314397970214, -0.00073904794408, 0.000552600598894, -0.000960245146416, 0.000792314182036, -0.000696612754837, 0.000394023401896, -0.000468337297207, 0.000262281944742], [-0.000199870497454, 0.00281766010448, -0.000865182257257, 0.00208707340062, -0.00173253729008, 0.00232108216733, -0.00235665775836, 0.00305815320462, -0.0027443417348, 0.00304859178141, -0.00340434070677, 0.00196746643633, -0.00117495073937], [0.000369091052562, -0.000865182257257, 0.00210638670251, -0.00145570631139, 0.000454152410384, -0.00277097313665, 0.00193934247363, -0.00157385703642, 0.00116460188292, -0.00141262309626, 0.00159748946317, -0.00179598818067, 0.000791786646005], [-0.000466543307994, 0.00208707340062, -0.00145570631139, 0.0041156145744, -0.00169167120475, 0.00337763340212, -0.00258400966413, 0.00355159677565, -0.00384736387059, 0.00283170677722, -0.00274072261527, 0.00119994266424, -0.000804069277365], [0.000314397970214, -0.00173253729008, 0.000454152410384, -0.00169167120475, 0.00591479847208, -0.00194158265367, 0.000717172690202, -0.00321302725933, 0.000808985845651, -0.000959119526669, 0.00139938422944, -0.00043165704119, -0.0004238805559], [-0.00073904794408, 0.00232108216733, -0.00277097313665, 0.00337763340212, -0.00194158265367, 0.0101069547236, -0.004502073396, 0.00252781994641, -0.00343839055859, 0.00199607224204, -0.00343718985096, 0.00262726237997, -0.00216615479439], [0.000552600598894, -0.00235665775836, 0.00193934247363, -0.00258400966413, 0.000717172690202, -0.004502073396, 0.00658851582557, -0.00348127679899, 0.00347109069116, -0.003589654807, 0.00346660730429, -0.00314446352422, 0.00237355520949], [-0.000960245146416, 0.00305815320462, -0.00157385703642, 0.00355159677565, -0.00321302725933, 0.00252781994641, -0.00348127679899, 0.0124026862904, -0.00548711046576, 0.00327408430167, -0.00570959737524, 0.00288618821651, -0.0030402878765], [0.000792314182036, -0.0027443417348, 0.00116460188292, -0.00384736387059, 0.000808985845651, -0.00343839055859, 0.00347109069116, -0.00548711046576, 0.0128039605916, -0.00404400844127, 0.00516834715381, -0.0044889561832, 0.00114536669571], [-0.000696612754837, 0.00304859178141, -0.00141262309626, 0.00283170677722, -0.000959119526669, 0.00199607224204, -0.003589654807, 0.00327408430167, -0.00404400844127, 0.0140888858587, -0.00740713207051, 0.00387829868123, -3.07983646053e-05], [0.000394023401896, -0.00340434070677, 0.00159748946317, -0.00274072261527, 0.00139938422944, -0.00343718985096, 0.00346660730429, -0.00570959737524, 0.00516834715381, -0.00740713207051, 0.015644736588, -0.00474923616275, 0.000937033328228], [-0.000468337297207, 0.00196746643633, -0.00179598818067, 0.00119994266424, -0.00043165704119, 0.00262726237997, -0.00314446352422, 0.00288618821651, -0.0044889561832, 0.00387829868123, -0.00474923616275, 0.0142725305632, -0.000226455376833], [0.000262281944742, -0.00117495073937, 0.000791786646005, -0.000804069277365, -0.0004238805559, -0.00216615479439, 0.00237355520949, -0.0030402878765, 0.00114536669571, -3.07983646053e-05, 0.000937033328228, -0.000226455376833, 0.00992645323277]]
    },
    "melbands": {
        "dmean": [0.00178916403092, 0.00178417796269, 0.000572809076402, 9.8587712273e-05, 0.000152160297148, 0.000134308502311, 0.000173713444383, 0.000139530558954, 0.00014575359819, 8.15265084384e-05, 4.77142602904e-05, 0.000127787992824, 7.97719112597e-05, 3.65234882338e-05, 3.00700958178e-05, 4.38145943917e-05, 1.5410105334e-05, 1.7296824808e-05, 2.11012084037e-05, 1.0683020264e-05, 1.13642445285e-05, 1.41608243212e-05, 1.11515919343e-05, 7.56724375606e-06, 8.68496499606e-06, 7.89305340732e-06, 6.54215409668e-06, 4.90834372613e-06, 4.4840562623e-06, 4.7530397751e-06, 5.12726774105e-06, 4.63995456812e-06, 2.91079027193e-06, 2.61342574959e-06, 1.94108815776e-06, 2.03883064387e-06, 2.14692568079e-06, 1.70858277215e-06, 1.50738958382e-06, 1.60418676387e-06],
        "dmean2": [0.00293773785233, 0.00297863222659, 0.000990863889456, 0.000155667046783, 0.000247780611971, 0.00023102130217, 0.000283385132207, 0.000210426020203, 0.000238322274527, 0.000124136626255, 6.78113428876e-05, 0.000179478098289, 0.000111607711005, 5.65764021303e-05, 4.7669185733e-05, 6.55047479086e-05, 2.37777712755e-05, 2.70605323749e-05, 3.18107413477e-05, 1.63858330779e-05, 1.82322801265e-05, 2.36236592173e-05, 1.69585200638e-05, 1.19010855997e-05, 1.35658610816e-05, 1.22926285258e-05, 9.9664030131e-06, 7.58677288104e-06, 7.10675612936e-06, 7.6102883213e-06, 8.11247718957e-06, 7.46330806578e-06, 4.37880225945e-06, 4.09823724112e-06, 2.95378458759e-06, 3.14208114105e-06, 3.36154175784e-06, 2.57683336713e-06, 2.21059099204e-06, 2.41666180045e-06],
        "dvar": [1.47943055708e-05, 2.83514891635e-05, 2.53441498899e-06, 2.18416005282e-08, 7.85705154271e-08, 7.69615198237e-08, 1.0390931493e-07, 9.45888984916e-08, 1.25841665977e-07, 5.94149298649e-08, 2.49251588258e-08, 1.99881071694e-07, 7.57166986887e-08, 1.20801972869e-08, 8.75942962608e-09, 1.46781040655e-08, 1.09385411839e-09, 8.87148132733e-09, 4.02350197604e-09, 5.63091795414e-10, 6.68599897669e-10, 1.05722308685e-09, 5.12415110343e-10, 3.50973472507e-10, 6.62572663401e-10, 4.48021536537e-10, 3.33072264214e-10, 2.20048854138e-10, 2.05082631433e-10, 2.10427980596e-10, 2.20634052694e-10, 1.92399179921e-10, 4.88145322775e-11, 3.60604532346e-11, 3.11856304669e-11, 4.76058532872e-11, 3.87253597245e-11, 2.00954582835e-11, 1.77617885677e-11, 2.36934378367e-11],
        "dvar2": [3.49438232661e-05, 7.44827411836e-05, 6.49785761198e-06, 5.25114920435e-08, 1.95627450239e-07, 2.08366742527e-07, 2.67475911642e-07, 1.88712107274e-07, 3.15027165243e-07, 1.17675803324e-07, 4.47982948515e-08, 3.65670729252e-07, 1.39936517485e-07, 2.59699941552e-08, 2.25481091576e-08, 2.99049176533e-08, 2.70108180267e-09, 2.24377423308e-08, 8.19972623134e-09, 1.22691767857e-09, 1.68164815406e-09, 2.71277267316e-09, 1.09430031703e-09, 7.87231058119e-10, 1.5267773712e-09, 1.09302422668e-09, 7.60961460511e-10, 4.81187645285e-10, 5.29635668656e-10, 5.39267963617e-10, 5.60604174193e-10, 4.92903828864e-10, 1.01133795782e-10, 8.61589619094e-11, 7.15714640331e-11, 1.03760978976e-10, 8.95543084134e-11, 4.00394127575e-11, 3.59168181308e-11, 4.63287741503e-11],
        "max": [0.0306021291763, 0.0414399765432, 0.0131835117936, 0.00170248106588, 0.00510515877977, 0.0024811537005, 0.00377139472403, 0.00808597542346, 0.00464282650501, 0.00566527200863, 0.0035818091128, 0.0143674090505, 0.00565286446363, 0.00219991267659, 0.00227077724412, 0.00181303615682, 0.000642277416773, 0.00267759640701, 0.0012278346112, 0.000412004010286, 0.000274677848211, 0.000313202792313, 0.000295008590911, 0.000252466648817, 0.000519498018548, 0.000239338973188, 0.000166612502653, 0.000214261410292, 0.000174239990884, 0.000133317764266, 0.000149995699758, 0.000148071121657, 7.59352114983e-05, 5.73637262278e-05, 6.79652657709e-05, 0.000116424169391, 0.000104440943687, 6.62312741042e-05, 8.05951203802e-05, 8.57624036144e-05],
        "mean": [0.00375415850431, 0.00265510962345, 0.000699666095898, 0.000202664508834, 0.000252392463153, 0.00015866998001, 0.000254244281678, 0.00022920074116, 0.000196310415049, 0.000130569926114, 6.74922775943e-05, 0.000250678625889, 0.00015242426889, 6.39004501863e-05, 4.51506493846e-05, 5.87452923355e-05, 2.0618446797e-05, 2.1493233362e-05, 3.72376271116e-05, 1.67144244188e-05, 1.38143113873e-05, 1.55029447342e-05, 1.54743192979e-05, 9.67862069956e-06, 1.06246716314e-05, 8.89529110282e-06, 7.73816373112e-06, 5.35913022759e-06, 4.67940981252e-06, 4.98067083754e-06, 5.62246805202e-06, 4.87592660647e-06, 3.50885648004e-06, 3.03161664306e-06, 2.10305006476e-06, 2.10881353269e-06, 2.50222865361e-06, 2.18603054236e-06, 2.01828879653e-06, 2.29375154959e-06],
        "median": [0.0025498510804, 0.00138600275386, 0.000290107651381, 0.000116160517791, 0.000130899905344, 7.0803995186e-05, 8.72255914146e-05, 9.67156811384e-05, 6.23052328592e-05, 5.07340446347e-05, 1.8313225155e-05, 4.03229896619e-05, 2.50644025073e-05, 1.51140584421e-05, 1.22033561638e-05, 1.48600001921e-05, 6.82338804836e-06, 5.2825671446e-06, 6.07245056017e-06, 5.44498107047e-06, 4.71780140288e-06, 5.37846881343e-06, 4.69872929898e-06, 3.1846100228e-06, 2.55311260844e-06, 2.26888255384e-06, 1.35939990287e-06, 8.65399101713e-07, 1.00565353023e-06, 1.24328312268e-06, 1.2191459291e-06, 1.02464082374e-06, 7.47623232655e-07, 6.56907445773e-07, 4.37995709035e-07, 2.35228228007e-07, 4.27077424092e-07, 4.92370702432e-07, 4.02846694669e-07, 3.34949902481e-07],
        "min": [7.04235457183e-24, 9.1726063932e-24, 1.07872737153e-23, 6.67022837245e-24, 7.98475936364e-24, 5.85839544324e-24, 1.39470592266e-23, 1.03747499489e-23, 1.01387558983e-23, 1.17593901642e-23, 1.1732185507e-23, 1.27066472395e-23, 1.20563371305e-23, 1.77125116305e-23, 1.39372820845e-23, 1.89357256611e-23, 6.66843608048e-24, 1.46608552835e-23, 1.42864682088e-23, 1.37884098322e-23, 1.28310229941e-23, 6.02246628418e-24, 9.23046145199e-24, 1.27693435376e-23, 1.61146849111e-23, 1.96581234573e-23, 1.18455416637e-23, 7.47923757405e-24, 1.04856953467e-23, 9.62661083251e-24, 7.99886419663e-24, 8.56524029417e-24, 1.07321686256e-23, 1.34628011827e-23, 9.96521912089e-24, 8.29330021861e-24, 1.02379630457e-23, 9.91406622435e-24, 6.65037589891e-24, 1.02046825818e-23],
        "stdev": [0.00460190698504, 0.00498762587085, 0.00144391320646, 0.000236462554312, 0.00038650399074, 0.000260610831901, 0.000418074720073, 0.000416522438172, 0.000436844682554, 0.000328296155203, 0.000208348923479, 0.000865547277499, 0.000510325480718, 0.000176858113264, 0.00011667158833, 0.000152509499458, 3.77853175451e-05, 8.82891399669e-05, 0.000103746904642, 3.16811783705e-05, 2.60793822235e-05, 3.11339645123e-05, 2.97366150335e-05, 2.02163882932e-05, 2.83517201751e-05, 2.1172909328e-05, 2.06336717383e-05, 1.64472003235e-05, 1.34376787173e-05, 1.33552275656e-05, 1.40686197483e-05, 1.29243653646e-05, 8.34511774883e-06, 6.67291124046e-06, 5.80604137213e-06, 7.67060828366e-06, 7.41424855732e-06, 5.8291775531e-06, 5.78921662964e-06, 6.97470522937e-06],
        "var": [2.117754957e-05, 2.48764135904e-05, 2.08488518183e-06, 5.59145405532e-08, 1.49385343207e-07, 6.79180089946e-08, 1.74786464413e-07, 1.73490931843e-07, 1.90833276292e-07, 1.07778362235e-07, 4.34092761736e-08, 7.49172102132e-07, 2.6043210255e-07, 3.12787946655e-08, 1.36122597638e-08, 2.32591474969e-08, 1.42773026734e-09, 7.79497266734e-09, 1.0763419489e-08, 1.00369701439e-09, 6.80134171205e-10, 9.69323843414e-10, 8.84266326828e-10, 4.08702377497e-10, 8.03820010553e-10, 4.48292125643e-10, 4.25748380994e-10, 2.70510391864e-10, 1.80571210762e-10, 1.78362102865e-10, 1.97926064427e-10, 1.67039215793e-10, 6.96409874212e-11, 4.45277460737e-11, 3.37101180303e-11, 5.8838232897e-11, 5.49710797715e-11, 3.39793089499e-11, 3.35150275588e-11, 4.8646510431e-11]
    },
    "melbands128": {
