{
"lowlevel": {
    "average_loudness": 0.862839818001,
    "barkbands_crest": {
        "dmean": 2.75796723366,
        "dmean2": 4.28655433655,
        "dvar": 7.33184623718,
        "dvar2": 16.7806949615,
        "max": 26.3004512787,
        "mean": 10.8642730713,
        "median": 9.66561794281,
        "min": 2.34305286407,
        "stdev": 4.76272535324,
        "var": 22.6835517883
    },
    "barkbands_flatness_db": {
        "dmean": 0.0251303836703,
        "dmean2": 0.0360215045512,
        "dvar": 0.000751892104745,
        "dvar2": 0.00136522634421,
        "max": 0.418594360352,
        "mean": 0.145440414548,
        "median": 0.134192571044,
        "min": 0.0303487963974,
        "stdev": 0.0582086928189,
        "var": 0.00338825210929
    },
    "barkbands_kurtosis": {
        "dmean": 3.46530556679,
        "dmean2": 5.09697914124,
        "dvar": 67.1517181396,
        "dvar2": 140.111862183,
        "max": 151.124389648,
        "mean": 4.47870540619,
        "median": 1.39321708679,
        "min": -1.8560898304,
        "stdev": 11.6675872803,
        "var": 136.132583618
    },
    "barkbands_skewness": {
        "dmean": 0.618259012699,
        "dmean2": 0.880664229393,
        "dvar": 0.543975651264,
        "dvar2": 1.04032540321,
        "max": 11.1021842957,
        "mean": 1.35905277729,
        "median": 1.13459479809,
        "min": -4.61269855499,
        "stdev": 1.3967294693,
        "var": 1.95085310936
    },
    "barkbands_spread": {
        "dmean": 6.75994873047,
        "dmean2": 10.5024404526,
        "dvar": 107.488777161,
        "dvar2": 239.777069092,
        "max": 104.871147156,
        "mean": 21.9800453186,
        "median": 18.699596405,
        "min": 0.893653452396,
        "stdev": 14.8994483948,
        "var": 221.99357605
    },
    "dissonance": {
        "dmean": 0.0247841142118,
        "dmean2": 0.0411792211235,
        "dvar": 0.000514557759743,
        "dvar2": 0.00139451096766,
        "max": 0.499877035618,
        "mean": 0.453025013208,
        "median": 0.458549916744,
        "min": 0.259129524231,
        "stdev": 0.0307876840234,
        "var": 0.000947881489992
    },
    "dynamic_complexity": 3.14105916023,
    "erbbands_crest": {
        "dmean": 3.02283239365,
        "dmean2": 4.79015350342,
        "dvar": 6.94042825699,
        "dvar2": 17.5145606995,
        "max": 26.4131374359,
        "mean": 10.1525382996,
        "median": 9.29117870331,
        "min": 3.04758286476,
        "stdev": 4.18676233292,
        "var": 17.5289802551
    },
    "erbbands_flatness_db": {
        "dmean": 0.0223018992692,
        "dmean2": 0.0321503467858,
        "dvar": 0.000539613538422,
        "dvar2": 0.00115306884982,
        "max": 0.353223830462,
        "mean": 0.181006044149,
        "median": 0.177782192826,
        "min": 0.0661854371428,
        "stdev": 0.0528724566102,
        "var": 0.00279549648985
    },
    "erbbands_kurtosis": {
        "dmean": 1.39457857609,
        "dmean2": 2.20972108841,
        "dvar": 5.63276195526,
        "dvar2": 11.8277359009,
        "max": 55.2513237,
        "mean": 1.53223252296,
        "median": 0.642225503922,
        "min": -1.76015353203,
        "stdev": 3.89254665375,
        "var": 15.1519193649
    },
    "erbbands_skewness": {
        "dmean": 0.450988203287,
        "dmean2": 0.67527872324,
        "dvar": 0.244447410107,
        "dvar2": 0.5187895298,
        "max": 5.15417671204,
        "mean": 0.589344203472,
        "median": 0.602595984936,
        "min": -5.88294219971,
        "stdev": 0.878172278404,
        "var": 0.77118653059
    },
    "erbbands_spread": {
        "dmean": 8.63444709778,
        "dmean2": 13.1523752213,
        "dvar": 95.4129714966,
        "dvar2": 231.499038696,
        "max": 115.668266296,
        "mean": 31.020652771,
        "median": 27.4137496948,
        "min": 2.51557230949,
        "stdev": 16.2354831696,
        "var": 263.590911865
    },
    "hfc": {
        "dmean": 13.8263883591,
        "dmean2": 21.2996387482,
        "dvar": 876.806091309,
        "dvar2": 2302.84423828,
        "max": 360.99899292,
        "mean": 31.2640419006,
        "median": 27.3400630951,
        "min": 9.51989422902e-05,
        "stdev": 31.7910423279,
        "var": 1010.67034912
    },
    "loudness_ebu128": {
        "integrated": -9.24973964691,
        "loudness_range": 2.26306533813,
        "momentary": {
            "dmean": 0.763665497303,
            "dmean2": 0.873446106911,
            "dvar": 0.678641676903,
            "dvar2": 1.01001191139,
            "max": -6.33207178116,
            "mean": -9.74102783203,
            "median": -9.29312324524,
            "min": -21.5496864319,
            "stdev": 2.3323264122,
            "var": 5.43974685669
        },
        "short_term": {
            "dmean": 0.0883579552174,
            "dmean2": 0.106717929244,
            "dvar": 0.00585501128808,
            "dvar2": 0.00912183243781,
            "max": -7.87435865402,
            "mean": -9.28165340424,
            "median": -9.17938041687,
            "min": -10.8043928146,
            "stdev": 0.765597224236,
            "var": 0.586139142513
        }
    },
    "melbands_crest": {
        "dmean": 3.33721065521,
        "dmean2": 5.15832042694,
        "dvar": 11.9775342941,
        "dvar2": 26.3196105957,
        "max": 33.6569633484,
        "mean": 15.5510473251,
        "median": 14.0120172501,
        "min": 4.01976156235,
        "stdev": 6.97115135193,
        "var": 48.596950531
    },
    "melbands_flatness_db": {
        "dmean": 0.0287678893656,
        "dmean2": 0.0403701737523,
        "dvar": 0.00111512618605,
        "dvar2": 0.00190220866352,
        "max": 0.53690803051,
        "mean": 0.192228272557,
        "median": 0.177272543311,
        "min": 0.0256045982242,
        "stdev": 0.0777923390269,
        "var": 0.00605164840817
    },
    "melbands_kurtosis": {
        "dmean": 6.77109575272,
        "dmean2": 10.449634552,
        "dvar": 273.101715088,
        "dvar2": 605.68548584,
        "max": 323.074066162,
        "mean": 10.7055120468,
        "median": 4.56301212311,
        "min": -1.88019442558,
        "stdev": 22.7315502167,
        "var": 516.723388672
    },
    "melbands_skewness": {
        "dmean": 0.747353672981,
        "dmean2": 1.07998716831,
        "dvar": 0.837787091732,
        "dvar2": 1.78373646736,
        "max": 14.9194879532,
        "mean": 2.12856721878,
        "median": 1.76262748241,
        "min": -1.47738361359,
        "stdev": 1.70881474018,
        "var": 2.92004799843
    },
    "melbands_spread": {
        "dmean": 9.85859680176,
        "dmean2": 14.7608861923,
        "dvar": 298.629455566,
        "dvar2": 658.997436523,
        "max": 211.576828003,
        "mean": 27.5121593475,
        "median": 21.9308223724,
        "min": 0.807372331619,
        "stdev": 23.8440475464,
        "var": 568.538574219
    },
    "pitch_salience": {
        "dmean": 0.0775447785854,
        "dmean2": 0.121380463243,
        "dvar": 0.00668838154525,
        "dvar2": 0.0154147939757,
        "max": 0.869548857212,
        "mean": 0.548685133457,
        "median": 0.570931851864,
        "min": 0.0800408571959,
        "stdev": 0.15014359355,
        "var": 0.0225430969149
    },
    "silence_rate_20dB": {
        "dmean": 0,
        "dmean2": 0,
        "dvar": 0,
        "dvar2": 0,
        "max": 1,
        "mean": 1,
        "median": 1,
        "min": 1,
        "stdev": 0,
        "var": 0
    },
    "silence_rate_30dB": {
        "dmean": 0.0216718260199,
        "dmean2": 0.0433772280812,
        "dvar": 0.0212019365281,
        "dvar2": 0.0445934310555,
        "max": 1,
        "mean": 0.968290805817,
        "median": 1,
        "min": 0,
        "stdev": 0.175225824118,
        "var": 0.0307040885091
    },
    "silence_rate_60dB": {
        "dmean": 0.0263157896698,
        "dmean2": 0.0511231608689,
        "dvar": 0.0256231613457,
        "dvar2": 0.0578046068549,
        "max": 1,
        "mean": 0.0564578510821,
        "median": 0,
        "min": 0,
        "stdev": 0.230805307627,
        "var": 0.0532710924745
    },
    "spectral_centroid": {
        "dmean": 310.676818848,
        "dmean2": 467.171325684,
        "dvar": 210453.96875,
        "dvar2": 434332.09375,
        "max": 5995.91259766,
        "mean": 1473.07763672,
        "median": 1393.07763672,
        "min": 165.624542236,
        "stdev": 719.755249023,
        "var": 518047.59375
    },
    "spectral_complexity": {
        "dmean": 3.44272446632,
        "dmean2": 5.1982960701,
        "dvar": 13.5888051987,
        "dvar2": 28.6205673218,
        "max": 52,
        "mean": 16.8847637177,
        "median": 17,
        "min": 0,
        "stdev": 6.47926664352,
        "var": 41.9808959961
    },
    "spectral_decrease": {
        "dmean": 2.70482169995e-09,
        "dmean2": 3.97160082599e-09,
        "dvar": 3.49083122515e-17,
        "dvar2": 7.58257938682e-17,
        "max": -1.71146039371e-14,
        "mean": -7.50566631069e-09,
        "median": -5.70127500765e-09,
        "min": -7.56702220883e-08,
        "stdev": 8.25193868792e-09,
        "var": 6.80944940247e-17
    },
    "spectral_energy": {
        "dmean": 0.0112377302721,
        "dmean2": 0.0164736639708,
        "dvar": 0.000531970232259,
        "dvar2": 0.00117294758093,
        "max": 0.288152247667,
        "mean": 0.0311638489366,
        "median": 0.0245594643056,
        "min": 1.30058907644e-07,
        "stdev": 0.0321288667619,
        "var": 0.00103226408828
    },
    "spectral_energyband_high": {
        "dmean": 0.0011516045779,
        "dmean2": 0.00186190381646,
        "dvar": 1.12846646516e-05,
        "dvar2": 3.00213232549e-05,
        "max": 0.0353281982243,
        "mean": 0.00166344619356,
        "median": 0.00078816775931,
        "min": 1.02607133901e-09,
        "stdev": 0.00318429619074,
        "var": 1.01397426988e-05
    },
    "spectral_energyband_low": {
        "dmean": 0.00456855166703,
        "dmean2": 0.00694146053866,
        "dvar": 0.000414152804296,
        "dvar2": 0.000988925807178,
        "max": 0.280345529318,
        "mean": 0.0105310129002,
        "median": 0.00140197679866,
        "min": 1.20677356996e-10,
        "stdev": 0.0257456190884,
        "var": 0.000662836886477
    },
    "spectral_energyband_middle_high": {
        "dmean": 0.00380341289565,
        "dmean2": 0.00545559963211,
        "dvar": 4.150640234e-05,
        "dvar2": 0.000100323573861,
        "max": 0.0931615754962,
        "mean": 0.00870091840625,
        "median": 0.00591049157083,
        "min": 7.70754837731e-09,
        "stdev": 0.00915565341711,
        "var": 8.38259875309e-05
    },
    "spectral_energyband_middle_low": {
        "dmean": 0.00647721625865,
        "dmean2": 0.0104485843331,
        "dvar": 0.000314427627018,
        "dvar2": 0.000871744763572,
        "max": 0.19333833456,
        "mean": 0.0109571749344,
        "median": 0.00700089894235,
        "min": 5.68742519746e-09,
        "stdev": 0.0155477402732,
        "var": 0.000241732239374
    },
    "spectral_entropy": {
        "dmean": 0.21471260488,
        "dmean2": 0.310188442469,
        "dvar": 0.0545520149171,
        "dvar2": 0.105622790754,
        "max": 8.95917129517,
        "mean": 7.54163885117,
        "median": 7.52371311188,
        "min": 5.88513183594,
        "stdev": 0.420655101538,
        "var": 0.176950722933
    },
    "spectral_flux": {
        "dmean": 0.0325814001262,
        "dmean2": 0.0497914068401,
        "dvar": 0.00197088858113,
        "dvar2": 0.00368758942932,
        "max": 0.577634394169,
        "mean": 0.0865486487746,
        "median": 0.0702306106687,
        "min": 0.000143729528645,
        "stdev": 0.0661527961493,
        "var": 0.00437619257718
    },
    "spectral_kurtosis": {
        "dmean": 1.72171032429,
        "dmean2": 2.74477601051,
        "dvar": 5.17518091202,
        "dvar2": 12.9421110153,
        "max": 41.3954696655,
        "mean": 4.6804189682,
        "median": 3.97635984421,
        "min": -1.31051433086,
        "stdev": 3.58415722847,
        "var": 12.8461837769
    },
    "spectral_rms": {
        "dmean": 0.00087509729201,
        "dmean2": 0.00123634375632,
        "dvar": 1.57122428845e-06,
        "dvar2": 3.15907823278e-06,
        "max": 0.016766756773,
        "mean": 0.00500315707177,
        "median": 0.00489494157955,
        "min": 1.12644011097e-05,
        "stdev": 0.00231779227033,
        "var": 5.37216055818e-06
    },
    "spectral_rolloff": {
        "dmean": 710.996643066,
        "dmean2": 1203.44152832,
        "dvar": 1918953.375,
        "dvar2": 4361454.5,
        "max": 11369.53125,
        "mean": 1988.51660156,
        "median": 1421.19140625,
        "min": 64.599609375,
        "stdev": 1902.09887695,
        "var": 3617980
    },
    "spectral_skewness": {
        "dmean": 0.271583795547,
        "dmean2": 0.411635041237,
        "dvar": 0.089384406805,
        "dvar2": 0.194096803665,
        "max": 4.63132143021,
        "mean": 1.71745884418,
        "median": 1.71334350109,
        "min": -0.413831472397,
        "stdev": 0.539267838001,
        "var": 0.290809810162
    },
    "spectral_spread": {
        "dmean": 775036.0625,
        "dmean2": 1148115.75,
        "dvar": 1.03555701146e+12,
        "dvar2": 1.93787815526e+12,
        "max": 18228430,
        "mean": 5370055,
        "median": 5395195,
        "min": 1152159.5,
        "stdev": 1854265.75,
        "var": 3.43830141338e+12
    },
    "spectral_strongpeak": {
        "dmean": 0.822487652302,
        "dmean2": 1.33255159855,
        "dvar": 1.5185457468,
        "dvar2": 3.75136470795,
        "max": 11.7687349319,
        "mean": 1.59733319283,
        "median": 0.882695972919,
        "min": 0,
        "stdev": 1.69933700562,
        "var": 2.88774609566
    },
    "zerocrossingrate": {
        "dmean": 0.0142788253725,
        "dmean2": 0.0169725958258,
        "dvar": 0.000334719719831,
        "dvar2": 0.000411993358284,
        "max": 0.3525390625,
        "mean": 0.0728724822402,
        "median": 0.06591796875,
        "min": 0.00244140625,
        "stdev": 0.0427511669695,
        "var": 0.00182766222861
    },
    "barkbands": {
        "dmean": [0.000136785121867, 0.00321369082667, 0.00160946790129, 0.00122854672372, 0.00160565855913, 0.000513053149916, 0.000497197615914, 0.00232274900191, 0.00182788621169, 0.000870512740221, 0.00118181365542, 0.000843504618388, 0.000620742503088, 0.000984620884992, 0.000416221970227, 0.000290385039989, 0.000230218211072, 0.000413585890783, 0.000123962730868, 0.000150780251715, 0.000150243431563, 0.000196000561118, 0.000444839301053, 0.000246023089858, 0.000139404728543, 5.28221535205e-05, 4.05432592743e-06],
        "dmean2": [0.000222832910367, 0.00501221464947, 0.00277347303927, 0.00229966896586, 0.00274734711275, 0.000818709726445, 0.000777694629505, 0.00355607131496, 0.00271864631213, 0.00129793747328, 0.00172592245508, 0.00130374671426, 0.000961500860285, 0.00146561977454, 0.000650955829769, 0.00044438286568, 0.000363881554222, 0.000640474900138, 0.000198587993509, 0.000242622903897, 0.000235712068388, 0.000324964232277, 0.00075536390068, 0.000388852029573, 0.000226640753681, 8.5094878159e-05, 6.92089452059e-06],
        "dvar": [2.48924692414e-07, 0.000221170063014, 0.000100682409538, 7.44492135709e-05, 4.88599143864e-05, 1.99016062652e-06, 2.30253704103e-06, 2.67274535872e-05, 2.40171375481e-05, 3.82575763069e-06, 7.85076645116e-06, 4.31691933045e-06, 2.20716947297e-06, 5.35792514711e-06, 1.27476698708e-06, 7.13156453003e-07, 3.85844487027e-07, 7.34963066407e-07, 8.81452137946e-08, 1.94256628561e-07, 9.73333555976e-08, 4.253637087e-07, 3.56405121238e-06, 3.42860857927e-07, 1.14694920228e-07, 1.3260548215e-08, 7.6187868514e-11],
        "dvar2": [6.40860037038e-07, 0.000530104443897, 0.000269872311037, 0.000217036023969, 0.000142174903885, 5.32449575985e-06, 5.1325196182e-06, 5.90886556893e-05, 5.56054474146e-05, 8.08817549114e-06, 1.71137307916e-05, 1.04345790533e-05, 5.12429051014e-06, 1.13799560495e-05, 2.79734717878e-06, 1.49096263158e-06, 9.96949324872e-07, 1.47211892454e-06, 2.28676668712e-07, 5.14773319082e-07, 2.37214891285e-07, 1.11885378828e-06, 9.88126885204e-06, 8.42168560666e-07, 2.79671098724e-07, 3.2630580904e-08, 2.07349665216e-10],
        "max": [0.00660921353847, 0.20548504591, 0.140226870775, 0.10538828373, 0.0834010392427, 0.0207688249648, 0.0261133462191, 0.0587888546288, 0.0629481375217, 0.025164950639, 0.0394211038947, 0.0297059882432, 0.0258364193141, 0.0334824360907, 0.0176797807217, 0.014565192163, 0.00811724644154, 0.0112592782825, 0.00389072438702, 0.00558483926579, 0.00405363878235, 0.00642209406942, 0.0253439415246, 0.00853145495057, 0.00454325135797, 0.00134167086799, 0.000127945124405],
        "mean": [0.000396914605517, 0.00789433065802, 0.0018071559025, 0.00091428932501, 0.00217080395669, 0.000767589197494, 0.0007316377596, 0.003221236635, 0.00267116515897, 0.00140753819142, 0.00203386414796, 0.0011204747716, 0.00079368299339, 0.0013097866904, 0.000520558271091, 0.000421894539613, 0.000349826354068, 0.000671522459015, 0.000194137290237, 0.000215882260818, 0.00021982252656, 0.000218690896872, 0.000456318142824, 0.000373361457605, 0.000191943589016, 8.44767200761e-05, 4.95535186928e-06],
        "median": [1.73088192241e-05, 0.000439872208517, 0.000264191563474, 0.000131974607939, 0.00063052168116, 0.000240155262873, 0.000285024696495, 0.000934969051741, 0.000640963669866, 0.000408418592997, 0.00048877322115, 0.000372986803995, 0.000290489260806, 0.000290164694889, 0.000129774896777, 0.000101769444882, 0.000118558600661, 0.000276137026958, 0.000100594545074, 9.79837132036e-05, 0.000111575311166, 4.19085808971e-05, 0.000107450840005, 0.000156950467499, 7.88021425251e-05, 4.9578895414e-05, 1.53887526722e-06],
        "min": [1.33053609797e-10, 5.05609720758e-11, 2.03690102979e-12, 9.94417308914e-12, 6.82071829572e-11, 1.43967915367e-09, 2.00167118991e-10, 5.03860286827e-10, 1.18765730583e-09, 3.77758130332e-10, 7.18509751696e-10, 2.25730420467e-10, 3.21104587364e-10, 1.51263737647e-10, 4.08955022624e-11, 4.4727103965e-11, 1.77413379127e-11, 2.45163802454e-11, 3.51336772175e-11, 3.2837382119e-11, 4.56430622464e-11, 5.84865281206e-11, 8.5572660069e-11, 1.30420563238e-10, 1.75259820545e-10, 2.98193941761e-10, 6.95839815889e-13],
        "stdev": [0.000884236651473, 0.0196801219136, 0.0083740958944, 0.00637315539643, 0.0058010853827, 0.00157982727978, 0.00171825662255, 0.0061634411104, 0.00557539798319, 0.00266566104256, 0.00398739334196, 0.00227116327733, 0.00166130473372, 0.00299804541282, 0.00133542960975, 0.00117830641102, 0.000692353583872, 0.00121719716117, 0.00031886153738, 0.000415881513618, 0.000338851008564, 0.000610464892816, 0.00158148561604, 0.000743693963159, 0.000407836196246, 0.000133105466375, 9.16824228625e-06],
        "var": [7.81874462064e-07, 0.000387307198253, 7.01254830346e-05, 4.06171093346e-05, 3.36525918101e-05, 2.49585423262e-06, 2.95240579362e-06, 3.79880038963e-05, 3.10850628011e-05, 7.10574840923e-06, 1.58993061632e-05, 5.1581828302e-06, 2.75993329524e-06, 8.98827602214e-06, 1.7833721131e-06, 1.38840607633e-06, 4.79353445826e-07, 1.48156891555e-06, 1.01672675612e-07, 1.72957427935e-07, 1.14820004171e-07, 3.72667386728e-07, 2.50109678746e-06, 5.5308072433e-07, 1.66330366369e-07, 1.77170669247e-08, 8.40566713456e-11]
    },
    "erbbands": {
        "dmean": [0.0973251238465, 0.753949522972, 1.9247546196, 2.97838234901, 5.14207601547, 5.51143741608, 4.73224496841, 4.17177724838, 5.47312164307, 22.1831531525, 59.3728408813, 33.3436965942, 23.6113758087, 36.6743164062, 38.7022666931, 27.9339828491, 29.1063842773, 45.0056915283, 27.4770584106, 18.4763355255, 15.3783378601, 14.5595388412, 25.466594696, 8.48766994476, 6.97657299042, 6.63681840897, 6.22890090942, 5.58731842041, 5.56136512756, 11.9753093719, 12.1773824692, 7.32405328751, 3.33672857285, 1.68343353271, 0.938502371311, 0.340635746717, 0.0828153938055, 0.0143721764907, 0.000435619149357, 2.32623806369e-05],
        "dmean2": [0.129715234041, 1.23152196407, 3.19751572609, 5.40645027161, 9.45122146606, 8.94281864166, 7.27568864822, 6.66300868988, 8.6687297821, 33.7656822205, 89.3555755615, 49.5971374512, 34.7952156067, 51.5773925781, 61.1249351501, 42.4910392761, 44.0690345764, 66.1841506958, 40.7838897705, 29.2792053223, 22.8642044067, 22.4306201935, 39.9179077148, 12.981924057, 10.8730792999, 10.5506401062, 9.75589179993, 8.95272254944, 9.20526981354, 20.3622703552, 20.5193195343, 11.8594646454, 5.24963617325, 2.7242667675, 1.50806427002, 0.559729397297, 0.130962848663, 0.0232433732599, 0.000720502343029, 3.58511606464e-05],
        "dvar": [0.150122180581, 15.3618011475, 135.786621094, 397.603149414, 1033.21240234, 358.799530029, 157.234680176, 134.60559082, 374.254364014, 2717.66186523, 14002.1923828, 6723.68017578, 3143.73413086, 5576.68017578, 14918.5585938, 4119.6484375, 4276.68603516, 12775.6914062, 3923.77905273, 2210.92358398, 2164.3203125, 1323.63586426, 3337.30493164, 311.881378174, 369.070526123, 373.301605225, 172.681228638, 193.945266724, 334.386627197, 2322.4440918, 2476.87231445, 431.684204102, 50.4179115295, 19.8049144745, 3.98897027969, 0.601378202438, 0.0296225231141, 0.000904210202862, 9.73281998995e-07, 1.83350645777e-09],
        "dvar2": [0.283426076174, 39.3292579651, 356.038818359, 1135.02575684, 3045.32055664, 1010.4586792, 398.032226562, 367.379272461, 923.414916992, 6589.93896484, 30760.5800781, 15759.5009766, 6422.47851562, 9612.10351562, 40574.2851562, 9916.33886719, 9926.50683594, 26388.6816406, 8178.94580078, 5243.99804688, 4485.19970703, 3235.57910156, 6747.03320312, 764.581665039, 974.714172363, 984.239135742, 414.03326416, 481.076934814, 868.115905762, 6363.66552734, 6878.50292969, 1137.62194824, 118.683601379, 49.4404563904, 9.41919803619, 1.52537059784, 0.070389777422, 0.0023417789489, 2.62085177383e-06, 4.49255255219e-09],
        "max": [6.11607599258, 57.4956932068, 145.23008728, 230.122970581, 416.26385498, 207.734024048, 159.927566528, 172.362609863, 425.755584717, 698.465270996, 1002.51879883, 1033.17810059, 978.778869629, 1408.6060791, 2173.40698242, 833.997070312, 1130.7857666, 1856.2779541, 1126.79760742, 515.584960938, 913.545288086, 463.11706543, 768.659973145, 234.9765625, 371.284820557, 220.727844238, 154.830978394, 183.85295105, 221.219192505, 580.498413086, 671.619445801, 247.003952026, 95.5397415161, 56.5338287354, 28.9757995605, 9.38350200653, 2.44292235374, 0.373241901398, 0.0139694483951, 0.000504406227265],
        "mean": [0.303698003292, 1.46085941792, 2.1895031929, 2.65998959541, 4.5927567482, 8.44908905029, 7.40963888168, 6.59938955307, 8.32540035248, 32.3376426697, 84.141204834, 50.8868293762, 42.0055809021, 64.910118103, 62.2450942993, 40.0702476501, 41.3718452454, 63.7842826843, 39.5302734375, 24.4803600311, 23.9738063812, 24.0875015259, 39.8117523193, 14.8064727783, 11.0219421387, 9.77310180664, 9.65361785889, 7.36549949646, 6.37299013138, 12.3357486725, 13.0148591995, 9.85659408569, 4.93982505798, 2.3061029911, 1.30081415176, 0.500447034836, 0.128600597382, 0.0209912415594, 0.000625667918939, 5.81782260269e-05],
        "median": [0.00778677593917, 0.111302539706, 0.423177272081, 0.438916742802, 0.677665531635, 2.0196223259, 2.67730402946, 2.07405900955, 3.24772691727, 9.43829917908, 28.0860366821, 17.9310569763, 14.9713821411, 22.8128490448, 19.2537250519, 16.0020885468, 16.6229877472, 17.0782108307, 11.8551187515, 6.68373823166, 6.44417619705, 8.90886974335, 15.7154722214, 7.35743045807, 5.86978149414, 4.92054033279, 5.26420593262, 3.02296900749, 1.39303100109, 2.5400364399, 3.35255694389, 3.49198579788, 2.20086479187, 0.863711357117, 0.548163354397, 0.289302289486, 0.0664660558105, 0.0100107882172, 0.000284778914647, 5.051066546e-05],
        "min": [3.27193605543e-09, 4.71044492301e-09, 3.05096703457e-09, 1.93274818372e-08, 1.77718035843e-07, 5.37659559541e-07, 9.70697965386e-06, 1.09933425847e-05, 4.57574196844e-06, 3.97350322601e-06, 1.50338873937e-05, 2.54818914982e-05, 1.88285102922e-05, 3.44958716596e-05, 6.1847109464e-05, 1.79924536496e-05, 1.43182205647e-05, 9.28732697503e-06, 5.68803898204e-06, 3.20731487591e-06, 2.20426159103e-06, 1.40568954521e-06, 1.50662481246e-06, 1.79976507297e-06, 1.19406911381e-06, 1.45530123064e-06, 1.78046809651e-06, 2.07391076401e-06, 2.11029509956e-06, 2.20470769818e-06, 2.60906631411e-06, 2.57381611846e-06, 2.00381850846e-06, 1.66185293438e-06, 1.3664830476e-06, 9.60088414104e-07, 5.26759890818e-07, 1.80908543257e-07, 7.80990561111e-09, 3.81971287933e-10],
        "stdev": [0.657185435295, 4.42561197281, 10.0710105896, 15.2892093658, 23.6597633362, 20.072259903, 14.1022672653, 14.3789749146, 19.7016086578, 59.8081321716, 142.918075562, 93.9122924805, 80.0394592285, 129.667694092, 132.358428955, 72.2277374268, 75.3158569336, 148.175125122, 85.6307830811, 52.3969116211, 65.4859848022, 44.6896400452, 80.1502380371, 22.9680843353, 18.9772090912, 18.4221553802, 14.4851236343, 14.1236152649, 17.143491745, 40.8912239075, 42.3829116821, 22.5145874023, 8.96954536438, 5.23084259033, 2.56128048897, 0.84385317564, 0.215324908495, 0.0336245521903, 0.00102473946754, 5.2885927289e-05],
        "var": [0.431892693043, 19.5860424042, 101.425247192, 233.759933472, 559.784362793, 402.895629883, 198.873931885, 206.75491333, 388.153411865, 3577.01269531, 20425.5761719, 8819.51855469, 6406.31494141, 16813.7089844, 17518.7519531, 5216.84619141, 5672.47802734, 21955.8671875, 7332.63085938, 2745.4362793, 4288.41455078, 1997.16381836, 6424.06054688, 527.532897949, 360.134460449, 339.375793457, 209.81880188, 199.476516724, 293.899291992, 1672.09204102, 1796.3112793, 506.906616211, 80.4527359009, 27.3617134094, 6.56015777588, 0.712088167667, 0.0463648177683, 0.00113061058801, 1.05009098661e-06, 2.79692136118e-09]
    },
    "gfcc": {
        "mean": [-4.29612874985, 54.5587730408, -135.769134521, -0.0310440808535, -72.8049621582, 18.9270076752, -39.7262153625, 16.4151439667, -24.6999225616, 2.26944494247, -13.0040998459, 0.056049991399, -13.8754968643],
        "cov": [[9049.62011719, -1724.17956543, 743.271850586, 653.191772461, -35.2614898682, 413.800079346, -326.145690918, 254.128753662, -324.412231445, 44.4333457947, -423.947174072, 153.178634644, -357.67074585], [-1724.17956543, 3472.94433594, 1253.25952148, 867.157592773, 1139.17565918, 387.426147461, 696.987976074, -7.87757587433, 281.552337646, -35.199256897, 433.846893311, -268.965637207, 153.136306763], [743.271850586, 1253.25952148, 1982.86914062, 922.991088867, 596.237426758, 538.960327148, 237.746765137, 68.08253479, 6.00889015198, 95.6077194214, 29.4134674072, -1.20923352242, -97.4859695435], [653.191772461, 867.157592773, 922.991088867, 939.199951172, 516.275390625, 427.637237549, 231.929489136, 59.8768882751, 165.664916992, 22.3371295929, 60.3085517883, -31.0856437683, 41.3376235962], [-35.2614898682, 1139.17565918, 596.237426758, 516.275390625, 695.989868164, 325.054992676, 331.906860352, 99.7245635986, 150.396774292, 47.7740821838, 122.851890564, -60.869846344, 43.3190498352], [413.800079346, 387.426147461, 538.960327148, 427.637237549, 325.054992676, 464.616424561, 234.142608643, 126.111724854, 135.071960449, 86.4057922363, 72.9701919556, 5.05640125275, -31.5593795776], [-326.145690918, 696.987976074, 237.746765137, 231.929489136, 331.906860352, 234.142608643, 464.851043701, 133.642608643, 118.164108276, 65.5442657471, 169.170715332, -16.339887619, 18.5084152222], [254.128753662, -7.87757587433, 68.08253479, 59.8768882751, 99.7245635986, 126.111724854, 133.642608643, 198.31072998, 68.1047592163, 63.0038871765, 32.8881111145, 34.599647522, -7.99498271942], [-324.412231445, 281.552337646, 6.00889015198, 165.664916992, 150.396774292, 135.071960449, 118.164108276, 68.1047592163, 318.478240967, 68.518989563, 83.5098648071, -0.737232387066, 45.6178894043], [44.4333457947, -35.199256897, 95.6077194214, 22.3371295929, 47.7740821838, 86.4057922363, 65.5442657471, 63.0038871765, 68.518989563, 146.278808594, 31.5497264862, 12.9212284088, -16.6579742432], [-423.947174072, 433.846893311, 29.4134674072, 60.3085517883, 122.851890564, 72.9701919556, 169.170715332, 32.8881111145, 83.5098648071, 31.5497264862, 189.520950317, -1.52417647839, 44.107635498], [153.178634644, -268.965637207, -1.20923352242, -31.0856437683, -60.869846344, 5.05640125275, -16.339887619, 34.599647522, -0.737232387066, 12.9212284088, -1.52417647839, 143.644165039, 26.0659675598], [-357.67074585, 153.136306763, -97.4859695435, 41.3376235962, 43.3190498352, -31.5593795776, 18.5084152222, -7.99498271942, 45.6178894043, -16.6579742432, 44.107635498, 26.0659675598, 139.02230835]],
        "icov": [[0.000191097817151, 9.96363960439e-05, 5.05173557031e-05, -0.000299242092296, -0.000103022124676, -2.60737124336e-05, 0.00017110024055, -0.000269659649348, 0.00024070496147, 9.37973368309e-07, 5.27661031811e-05, -0.000114381829917, 0.000420028460212], [9.96363960439e-05, 0.00209408113733, -0.00130635360256, 0.000503483344801, -0.00200528651476, 0.00106546934694, -0.000975804228801, 0.000815861567389, -0.000867422611918, 0.00192728452384, -0.00253055477515, 0.00274350657128, -0.00126851175446], [5.05173557031e-05, -0.00130635360256, 0.00222459225915, -0.00165527290665, 0.000718373048585, -0.00103502580896, 0.000934455019888, -0.000333933770889, 0.00154769432265, -0.00201010052115, 0.00155052065384, -0.00251484755427, 0.00224954262376], [-0.000299242092296, 0.000503483344801, -0.00165527290665, 0.0042694020085, -0.0012051356025, -0.00137454119977, -0.000660793040879, 0.00117494422011, -0.00176769099198, 0.00198405515403, -6.22843508609e-05, 0.00171098613646, -0.00301892287098], [-0.000103022124676, -0.00200528651476, 0.000718373048585, -0.0012051356025, 0.00564670562744, -0.00153151515406, -0.000507894088514, -0.00123255909421, 0.000471592706162, -0.00157188263256, 0.00231952429749, -0.00101018243004, -0.000194137552171], [-2.60737124336e-05, 0.00106546934694, -0.00103502580896, -0.00137454119977, -0.00153151515406, 0.00652125291526, -0.00139110488817, -0.000877573213074, -0.00128352560569, -0.000118318341265, -0.00175444374327, 0.000626144465059, 0.00138076732401], [0.00017110024055, -0.000975804228801, 0.000934455019888, -0.000660793040879, -0.000507894088514, -0.00139110488817, 0.00587761541829, -0.00262000202201, 0.00108028738759, -0.00111173361074, -0.0019249211764, -0.00122164038476, 0.00162818934768], [-0.000269659649348, 0.000815861567389, -0.000333933770889, 0.00117494422011, -0.00123255909421, -0.000877573213074, -0.00262000202201, 0.0089322226122, -0.00130980042741, -0.000837670464534, -1.77882014896e-07, -0.00068390450906, -0.000670950277708], [0.00024070496147, -0.000867422611918, 0.00154769432265, -0.00176769099198, 0.000471592706162, -0.00128352560569, 0.00108028738759, -0.00130980042741, 0.00575690856203, -0.00287952460349, 0.000109352033178, -0.00137098960113, 0.000516485597473], [9.37973368309e-07, 0.00192728452384, -0.00201010052115, 0.00198405515403, -0.00157188263256, -0.000118318341265, -0.00111173361074, -0.000837670464534, -0.00287952460349, 0.0114317173138, -0.00296154082753, 0.00249904161319, -0.000771552964579], [5.27661031811e-05, -0.00253055477515, 0.00155052065384, -6.22843508609e-05, 0.00231952429749, -0.00175444374327, -0.0019249211764, -1.77882014896e-07, 0.000109352033178, -0.00296154082753, 0.0123912682757, -0.0034790863283, -0.000505580508616], [-0.000114381829917, 0.00274350657128, -0.00251484755427, 0.00171098613646, -0.00101018243004, 0.000626144465059, -0.00122164038476, -0.00068390450906, -0.00137098960113, 0.00249904161319, -0.0034790863283, 0.0128877228126, -0.00557158282027], [0.000420028460212, -0.00126851175446, 0.00224954262376, -0.00301892287098, -0.000194137552171, 0.00138076732401, 0.00162818934768, -0.000670950277708, 0.000516485597473, -0.000771552964579, -0.000505580508616, -0.00557158282027, 0.013207828626]]
    },
    "melbands": {
        "dmean": [0.00082946405746, 0.000947051099502, 0.00056738773128, 0.000378767785151, 0.000174733489985, 9.24228079384e-05, 8.85480403667e-05, 0.000321258878103, 0.000521600421052, 0.000188611418707, 0.000121995792142, 0.000146575664985, 0.000130920438096, 9.34155395953e-05, 7.92136124801e-05, 6.53140814393e-05, 9.61356927291e-05, 5.17961016158e-05, 3.68508626707e-05, 2.06055319723e-05, 1.64897774084e-05, 1.565747516e-05, 2.39531855186e-05, 1.62705637194e-05, 6.94900563758e-06, 5.0043331612e-06, 5.84540657655e-06, 4.46008289146e-06, 4.19260322815e-06, 3.92229185309e-06, 3.1063204915e-06, 2.53711209552e-06, 5.45123020856e-06, 7.1159847721e-06, 6.9635507316e-06, 6.64054823574e-06, 3.89261140299e-06, 2.59821763393e-06, 1.80794938842e-06, 1.36027063036e-06],
        "dmean2": [0.00123992376029, 0.0015352696646, 0.00101993710268, 0.000660527439322, 0.000265090697212, 0.000146924023284, 0.000139191062772, 0.000490136793815, 0.000787615310401, 0.000281039858237, 0.000180617833394, 0.000207494114875, 0.000200436174055, 0.000149073428474, 0.000120584620163, 9.97951428872e-05, 0.000141749551403, 7.81964990892e-05, 5.89242881688e-05, 3.20953986375e-05, 2.49438544415e-05, 2.44075508817e-05, 3.77051874239e-05, 2.54043625318e-05, 1.08027106762e-05, 7.78794037615e-06, 9.52608752414e-06, 7.13740610081e-06, 6.67595304549e-06, 5.96840300204e-06, 5.09876281285e-06, 4.14097621615e-06, 9.30543501454e-06, 1.21744178614e-05, 1.17532581498e-05, 1.12118132165e-05, 6.2073877416e-06, 4.08691403209e-06, 2.96126950161e-06, 2.20272568185e-06],
        "dvar": [1.24505231724e-05, 2.85420810542e-05, 1.39458761623e-05, 3.32594368047e-06, 2.20842011345e-07, 6.56951328892e-08, 8.95187426408e-08, 6.27505812645e-07, 1.20878507914e-06, 2.09562600162e-07, 8.82763302457e-08, 8.19918852812e-08, 1.37765411523e-07, 8.11509366372e-08, 4.27484181387e-08, 3.10254613112e-08, 6.44072812861e-08, 1.68272435985e-08, 1.07588284948e-08, 3.12400660896e-09, 2.56848187163e-09, 1.50346701755e-09, 3.23872395569e-09, 9.77075309549e-10, 2.43943532041e-10, 1.14772670534e-10, 3.83161474771e-10, 1.52512155682e-10, 9.4826584085e-11, 4.90277124454e-11, 8.36223520984e-11, 7.17120668403e-11, 3.97037819289e-10, 8.48304093637e-10, 7.66403829289e-10, 6.67759958439e-10, 8.87014975359e-11, 2.60667685353e-11, 2.47052517333e-11, 1.17995040821e-11],
        "dvar2": [2.65149938059e-05, 7.35121575417e-05, 3.98547163059e-05, 9.72439283942e-06, 5.74983801016e-07, 1.78892818781e-07, 2.11258509353e-07, 1.43900001603e-06, 2.66063739218e-06, 4.84042743665e-07, 1.82534648729e-07, 1.45441305222e-07, 3.63246357438e-07, 2.09135862406e-07, 1.01993549606e-07, 6.84881129587e-08, 1.31936275238e-07, 3.578533736e-08, 2.44537243788e-08, 6.66096644508e-09, 5.58874724277e-09, 3.7107625861e-09, 7.211192532e-09, 1.96739580183e-09, 6.20486495517e-10, 2.85992507454e-10, 1.05021147334e-09, 3.9360592563e-10, 2.33694480434e-10, 1.14241942295e-10, 2.133697663e-10, 1.79104855946e-10, 1.0885241597e-09, 2.33171637554e-09, 2.13244799596e-09, 1.84424864269e-09, 2.20130497164e-10, 5.94544205534e-11, 6.30958618686e-11, 2.91938868913e-11],
        "max": [0.0518618375063, 0.0701736807823, 0.0441530644894, 0.0224604960531, 0.00623160041869, 0.00388914346695, 0.00586549239233, 0.00873176008463, 0.011222503148, 0.00558689422905, 0.00486696371809, 0.00519470032305, 0.0065836282447, 0.00452252337709, 0.00271368655376, 0.00353617267683, 0.0040889531374, 0.00176408863626, 0.00138758553658, 0.000977489049546, 0.000922979495954, 0.000481796363601, 0.000818014203105, 0.000418223877205, 0.000210491343751, 0.000159714298206, 0.000376895564841, 0.000142771794344, 0.000135775801027, 9.69431566773e-05, 0.000124408543343, 0.000113963047625, 0.000186967707123, 0.000384227168979, 0.000350603862898, 0.00032597934478, 0.000143457145896, 7.86813470768e-05, 6.34880707366e-05, 4.74904409202e-05],
        "mean": [0.00241073267534, 0.00135583768133, 0.000516799686011, 0.000470967730507, 0.000291890173685, 0.000144180899952, 0.000131105945911, 0.000452458683867, 0.000736666785087, 0.000287644594209, 0.000204671261599, 0.00025198966614, 0.000212935774471, 0.000131010703626, 0.000105805826024, 8.59959982336e-05, 0.00012979460007, 6.76978525007e-05, 4.30635482189e-05, 2.94829733321e-05, 2.40606914303e-05, 2.34237759287e-05, 3.510485476e-05, 2.60668093688e-05, 1.06991610664e-05, 7.72355633671e-06, 7.81434482633e-06, 6.1214541347e-06, 6.01551209911e-06, 5.76310640099e-06, 3.50400682692e-06, 2.81974166683e-06, 5.7619204199e-06, 7.1194690463e-06, 7.40351833883e-06, 7.23593984731e-06, 5.67045253774e-06, 3.80979213332e-06, 2.30291720982e-06, 1.81242842245e-06],
        "median": [0.000100276112789, 0.000233656071941, 0.000103609963844, 9.10916714929e-05, 0.000114909831609, 4.55695553683e-05, 4.79055452161e-05, 9.00728118722e-05, 0.000219751746044, 9.69614338828e-05, 5.03464943904e-05, 7.45335710235e-05, 6.46631742711e-05, 4.07973057008e-05, 3.24803295371e-05, 2.64922437054e-05, 2.73045388894e-05, 1.67112120835e-05, 1.04165146695e-05, 7.01325916452e-06, 6.29565465715e-06, 7.51486868467e-06, 1.2220577446e-05, 1.0829187886e-05, 4.59085003968e-06, 3.95874894821e-06, 3.49291417479e-06, 2.62154685515e-06, 2.96718462778e-06, 2.64947288997e-06, 1.07155665319e-06, 5.04266722601e-07, 1.02158321624e-06, 1.51080621436e-06, 1.81103268915e-06, 1.78958998731e-06, 2.12947998079e-06, 1.58684406415e-06, 9.23727100144e-07, 5.25193968315e-07],
        "min": [2.97852090214e-11, 2.45799431156e-12, 7.42562868833e-12, 1.77070493684e-11, 2.58854992996e-10, 2.47713044521e-10, 6.15428125128e-11, 5.28821084145e-11, 1.34419947395e-10, 1.67908728588e-10, 5.17908702036e-11, 9.55322557172e-11, 1.39081815509e-10, 9.41449071479e-11, 1.71119403369e-11, 3.41666347992e-11, 1.64925399726e-11, 9.24655404327e-12, 2.36567753234e-12, 4.02972707286e-12, 1.98649777183e-12, 1.13556440726e-12, 1.56385733356e-12, 1.37937621394e-12, 1.35316345802e-12, 9.8451693846e-13, 8.35320961706e-13, 9.76787769592e-13, 1.05818229613e-12, 8.17177814132e-13, 1.08347868438e-12, 1.11843455504e-12, 1.1453226605e-12, 1.21171410579e-12, 1.44677965355e-12, 1.35382872447e-12, 1.65969364987e-12, 1.45632789682e-12, 1.35548831274e-12, 1.23510815291e-12],
        "stdev": [0.00548138981685, 0.00507616298273, 0.00286039221101, 0.00147714116611, 0.000527736556251, 0.000304104527459, 0.000319183716783, 0.00093097158242, 0.00131894659717, 0.000536375271622, 0.000418783602072, 0.000491853570566, 0.000414442125475, 0.000291338510578, 0.000241597095737, 0.000205158197787, 0.000330569251673, 0.000170767787495, 0.000112153073133, 7.77479363023e-05, 6.78009600961e-05, 4.57227361039e-05, 7.24208512111e-05, 4.46667654614e-05, 1.91322487808e-05, 1.22443061628e-05, 1.70972944034e-05, 1.21324583233e-05, 1.02510466604e-05, 8.58891962707e-06, 8.59359624883e-06, 8.13091537566e-06, 1.77461897692e-05, 2.42670703301e-05, 2.35146890191e-05, 2.27517757594e-05, 1.22678784464e-05, 6.71597217661e-06, 5.31456771569e-06, 4.26483074989e-06],
        "var": [3.00456358673e-05, 2.57674328168e-05, 8.18184344098e-06, 2.18194600166e-06, 2.78505893903e-07, 9.24795600099e-08, 1.01878249836e-07, 8.66708091962e-07, 1.73962018835e-06, 2.8769844107e-07, 1.75379696543e-07, 2.41919963173e-07, 1.71762280843e-07, 8.48781311902e-08, 5.83691566192e-08, 4.20898835785e-08, 1.09276037108e-07, 2.9161636661e-08, 1.25783117255e-08, 6.04474115207e-09, 4.59696991584e-09, 2.09056860712e-09, 5.24477972164e-09, 1.99511984711e-09, 3.6604297371e-10, 1.49923032322e-10, 2.92317475781e-10, 1.47196546618e-10, 1.05083948487e-10, 7.37695390884e-11, 7.38498984187e-11, 6.6111782715e-11, 3.14927223188e-10, 5.88890713971e-10, 5.5294058221e-10, 5.17643261588e-10, 1.50500847895e-10, 4.51042848904e-11, 2.82446323274e-11, 1.8188780343e-11]
    },
    "melbands128": {
