{
"lowlevel": {
    "average_loudness": 0.954523205757,
    "barkbands_crest": {
        "dmean": 2.21009373665,
        "dmean2": 3.4124724865,
        "dvar": 4.72878694534,
        "dvar2": 12.2030763626,
        "max": 24.429107666,
        "mean": 13.5003156662,
        "median": 13.1367588043,
        "min": 3.71073460579,
        "stdev": 4.37424612045,
        "var": 19.1340274811
    },
    "barkbands_flatness_db": {
        "dmean": 0.0262189377099,
        "dmean2": 0.0367432273924,
        "dvar": 0.000672285095789,
        "dvar2": 0.00134729582351,
        "max": 0.363047212362,
        "mean": 0.193359702826,
        "median": 0.190998464823,
        "min": 0.0448767989874,
        "stdev": 0.0599005743861,
        "var": 0.00358807900921
    },
    "barkbands_kurtosis": {
        "dmean": 8.02336597443,
        "dmean2": 12.4483127594,
        "dvar": 187.932067871,
        "dvar2": 452.22442627,
        "max": 214.545562744,
        "mean": 16.802444458,
        "median": 10.0955533981,
        "min": -1.91699802876,
        "stdev": 22.7268924713,
        "var": 516.511657715
    },
    "barkbands_skewness": {
        "dmean": 0.771883189678,
        "dmean2": 1.1590565443,
        "dvar": 0.862120628357,
        "dvar2": 2.04879593849,
        "max": 11.6179695129,
        "mean": 2.9870326519,
        "median": 2.6934735775,
        "min": -0.38595983386,
        "stdev": 1.83461105824,
        "var": 3.36579751968
    },
    "barkbands_spread": {
        "dmean": 6.0573759079,
        "dmean2": 9.04155158997,
        "dvar": 94.4909667969,
        "dvar2": 193.009399414,
        "max": 111.690513611,
        "mean": 16.6877365112,
        "median": 11.2467794418,
        "min": 0.85219347477,
        "stdev": 16.5136299133,
        "var": 272.699981689
    },
    "dissonance": {
        "dmean": 0.0248020160943,
        "dmean2": 0.0401077345014,
        "dvar": 0.000543578003999,
        "dvar2": 0.00137845647987,
        "max": 0.499253153801,
        "mean": 0.427744299173,
        "median": 0.431941837072,
        "min": 0.15034891665,
        "stdev": 0.0387010201812,
        "var": 0.0014977689134
    },
    "dynamic_complexity": 3.73726081848,
    "erbbands_crest": {
        "dmean": 2.63042235374,
        "dmean2": 4.16545915604,
        "dvar": 7.16254377365,
        "dvar2": 17.8698730469,
        "max": 26.6634597778,
        "mean": 10.3812837601,
        "median": 9.4812078476,
        "min": 2.95812797546,
        "stdev": 4.57238101959,
        "var": 20.9066696167
    },
    "erbbands_flatness_db": {
        "dmean": 0.0205741040409,
        "dmean2": 0.0285616759211,
        "dvar": 0.00038200779818,
        "dvar2": 0.000763847026974,
        "max": 0.250227481127,
        "mean": 0.135812267661,
        "median": 0.139356225729,
        "min": 0.0412897914648,
        "stdev": 0.0406668782234,
        "var": 0.00165379513055
    },
    "erbbands_kurtosis": {
        "dmean": 1.02869999409,
        "dmean2": 1.60187494755,
        "dvar": 2.18793487549,
        "dvar2": 5.46201038361,
        "max": 25.6905288696,
        "mean": 0.734537482262,
        "median": 0.260308504105,
        "min": -1.77487397194,
        "stdev": 2.07614779472,
        "var": 4.31038951874
    },
    "erbbands_skewness": {
        "dmean": 0.397409200668,
        "dmean2": 0.587186872959,
        "dvar": 0.173487126827,
        "dvar2": 0.37900608778,
        "max": 3.92420339584,
        "mean": 0.716498315334,
        "median": 0.712925136089,
        "min": -2.88558125496,
        "stdev": 0.803853273392,
        "var": 0.646180093288
    },
    "erbbands_spread": {
        "dmean": 13.633102417,
        "dmean2": 20.4432697296,
        "dvar": 290.974395752,
        "dvar2": 608.46875,
        "max": 164.094100952,
        "mean": 51.5963973999,
        "median": 42.1984863281,
        "min": 6.58916139603,
        "stdev": 28.4825782776,
        "var": 811.257263184
    },
    "hfc": {
        "dmean": 6.33158779144,
        "dmean2": 9.01986885071,
        "dvar": 103.042205811,
        "dvar2": 224.884292603,
        "max": 148.452728271,
        "mean": 15.168006897,
        "median": 7.89389276505,
        "min": 8.29548735055e-05,
        "stdev": 17.8093128204,
        "var": 317.171630859
    },
    "loudness_ebu128": {
        "integrated": -21.341003418,
        "loudness_range": 5.27329826355,
        "momentary": {
            "dmean": 0.773990213871,
            "dmean2": 0.937444269657,
            "dvar": 0.743832886219,
            "dvar2": 1.37947463989,
            "max": -17.3879680634,
            "mean": -22.0566101074,
            "median": -21.3927669525,
            "min": -29.801027298,
            "stdev": 2.65665912628,
            "var": 7.05783748627
        },
        "short_term": {
            "dmean": 0.106537334621,
            "dmean2": 0.116802252829,
            "dvar": 0.00976235605776,
            "dvar2": 0.0142235485837,
            "max": -18.7372245789,
            "mean": -21.6621437073,
            "median": -20.7700119019,
            "min": -25.1002845764,
            "stdev": 1.97557449341,
            "var": 3.90289473534
        }
    },
    "melbands_crest": {
        "dmean": 3.03547286987,
        "dmean2": 4.82516765594,
        "dvar": 8.2340965271,
        "dvar2": 21.42162323,
        "max": 34.2149543762,
        "mean": 17.9719638824,
        "median": 17.6932983398,
        "min": 6.40918874741,
        "stdev": 5.39782762527,
        "var": 29.1365413666
    },
    "melbands_flatness_db": {
        "dmean": 0.030049989,
        "dmean2": 0.0414791814983,
        "dvar": 0.000906877568923,
        "dvar2": 0.00181415269617,
        "max": 0.492942661047,
        "mean": 0.28625357151,
        "median": 0.28482440114,
        "min": 0.0920164212584,
        "stdev": 0.0737191662192,
        "var": 0.00543451495469
    },
    "melbands_kurtosis": {
        "dmean": 21.3549861908,
        "dmean2": 33.6695709229,
        "dvar": 1463.1784668,
        "dvar2": 3694.87255859,
        "max": 482.52734375,
        "mean": 42.9065208435,
        "median": 26.1540412903,
        "min": -0.398671150208,
        "stdev": 52.340713501,
        "var": 2739.55029297
    },
    "melbands_skewness": {
        "dmean": 1.15462446213,
        "dmean2": 1.76247763634,
        "dvar": 2.20829987526,
        "dvar2": 5.19609451294,
        "max": 15.889131546,
        "mean": 4.43348360062,
        "median": 3.90647053719,
        "min": 0.431200921535,
        "stdev": 2.51704216003,
        "var": 6.33550071716
    },
    "melbands_spread": {
        "dmean": 3.93593549728,
        "dmean2": 5.47622728348,
        "dvar": 40.6379776001,
        "dvar2": 78.974029541,
        "max": 115.05267334,
        "mean": 11.8590326309,
        "median": 7.45585012436,
        "min": 0.569512367249,
        "stdev": 11.7272129059,
        "var": 137.527511597
    },
    "pitch_salience": {
        "dmean": 0.0565938390791,
        "dmean2": 0.0889860913157,
        "dvar": 0.00299172918312,
        "dvar2": 0.00753193208948,
        "max": 0.793397247791,
        "mean": 0.432698369026,
        "median": 0.433147877455,
        "min": 0.158368244767,
        "stdev": 0.108516074717,
        "var": 0.0117757385597
    },
    "silence_rate_20dB": {
        "dmean": 0,
        "dmean2": 0,
        "dvar": 0,
        "dvar2": 0,
        "max": 1,
        "mean": 1,
        "median": 1,
        "min": 1,
        "stdev": 0,
        "var": 0
    },
    "silence_rate_30dB": {
        "dmean": 0.0185758508742,
        "dmean2": 0.0371804796159,
        "dvar": 0.0182309094816,
        "dvar2": 0.0435434505343,
        "max": 1,
        "mean": 0.983758687973,
        "median": 1,
        "min": 0,
        "stdev": 0.126401558518,
        "var": 0.0159773528576
    },
    "silence_rate_60dB": {
        "dmean": 0.0131578948349,
        "dmean2": 0.0255615804344,
        "dvar": 0.0129850776866,
        "dvar2": 0.028006605804,
        "max": 1,
        "mean": 0.0317092016339,
        "median": 0,
        "min": 0,
        "stdev": 0.175224810839,
        "var": 0.0307037346065
    },
    "spectral_centroid": {
        "dmean": 222.557922363,
        "dmean2": 322.221618652,
        "dvar": 94298.828125,
        "dvar2": 188341.484375,
        "max": 3981.79345703,
        "mean": 891.057617188,
        "median": 707.575317383,
        "min": 178.056594849,
        "stdev": 559.900268555,
        "var": 313488.34375
    },
    "spectral_complexity": {
        "dmean": 1.92647063732,
        "dmean2": 2.82416725159,
        "dvar": 5.47526407242,
        "dvar2": 9.10849666595,
        "max": 39,
        "mean": 9.6465587616,
        "median": 8,
        "min": 0,
        "stdev": 5.60805845261,
        "var": 31.4503192902
    },
    "spectral_decrease": {
        "dmean": 2.75365086289e-09,
        "dmean2": 4.25310719976e-09,
        "dvar": 3.36372963007e-17,
        "dvar2": 8.32256854536e-17,
        "max": -5.7530592974e-14,
        "mean": -8.2365056997e-09,
        "median": -6.83346090824e-09,
        "min": -7.27843314507e-08,
        "stdev": 6.89986690006e-09,
        "var": 4.76081617798e-17
    },
    "spectral_energy": {
        "dmean": 0.0107982251793,
        "dmean2": 0.0166424494237,
        "dvar": 0.000502491719089,
        "dvar2": 0.00123495608568,
        "max": 0.288169771433,
        "mean": 0.0324622839689,
        "median": 0.0266792085022,
        "min": 2.24658080583e-07,
        "stdev": 0.0271508600563,
        "var": 0.000737169175409
    },
    "spectral_energyband_high": {
        "dmean": 0.000384877697797,
        "dmean2": 0.00058626907412,
        "dvar": 6.00861142175e-07,
        "dvar2": 1.30159503442e-06,
        "max": 0.0152850514278,
        "mean": 0.000560691580176,
        "median": 0.000188267644262,
        "min": 1.0505846193e-09,
        "stdev": 0.0011002245592,
        "var": 1.21049401969e-06
    },
    "spectral_energyband_low": {
        "dmean": 0.00696836831048,
        "dmean2": 0.0111234057695,
        "dvar": 0.000362082384527,
        "dvar2": 0.000989969121292,
        "max": 0.212034747005,
        "mean": 0.0174738969654,
        "median": 0.0146019719541,
        "min": 9.11925823743e-08,
        "stdev": 0.0174376461655,
        "var": 0.000304071494611
    },
    "spectral_energyband_middle_high": {
        "dmean": 0.00112035090569,
        "dmean2": 0.0013944626553,
        "dvar": 5.09499159307e-06,
        "dvar2": 7.64697961131e-06,
        "max": 0.043783262372,
        "mean": 0.00286580459215,
        "median": 0.000816358427983,
        "min": 2.27746248527e-08,
        "stdev": 0.00509588839486,
        "var": 2.5968076443e-05
    },
    "spectral_energyband_middle_low": {
        "dmean": 0.0049032443203,
        "dmean2": 0.0074519822374,
        "dvar": 8.52649027365e-05,
        "dvar2": 0.000184040356544,
        "max": 0.131552383304,
        "mean": 0.0118901245296,
        "median": 0.00726013118401,
        "min": 1.12961444643e-07,
        "stdev": 0.0137405544519,
        "var": 0.0001888028346
    },
    "spectral_entropy": {
        "dmean": 0.28690007329,
        "dmean2": 0.383741796017,
        "dvar": 0.0753381252289,
        "dvar2": 0.139564812183,
        "max": 8.64121437073,
        "mean": 7.21603727341,
        "median": 7.12530326843,
        "min": 5.87832021713,
        "stdev": 0.567080676556,
        "var": 0.321580499411
    },
    "spectral_flux": {
        "dmean": 0.027976218611,
        "dmean2": 0.0439147949219,
        "dvar": 0.00150084646884,
        "dvar2": 0.00313885323703,
        "max": 0.432521879673,
        "mean": 0.0716508328915,
        "median": 0.0560941025615,
        "min": 0.000473981082905,
        "stdev": 0.0572979971766,
        "var": 0.00328306038864
    },
    "spectral_kurtosis": {
        "dmean": 1.74116051197,
        "dmean2": 2.60216403008,
        "dvar": 3.23931598663,
        "dvar2": 7.09704732895,
        "max": 19.2335834503,
        "mean": 4.28316402435,
        "median": 3.990899086,
        "min": -1.26399624348,
        "stdev": 3.08069062233,
        "var": 9.4906539917
    },
    "spectral_rms": {
        "dmean": 0.000814472034108,
        "dmean2": 0.00120413315017,
        "dvar": 1.6387591586e-06,
        "dvar2": 3.6673784507e-06,
        "max": 0.0167672671378,
        "mean": 0.00524895079434,
        "median": 0.00510181300342,
        "min": 1.48046819959e-05,
        "stdev": 0.00202954560518,
        "var": 4.11905557485e-06
    },
    "spectral_rolloff": {
        "dmean": 352.113586426,
        "dmean2": 604.01574707,
        "dvar": 1258992.75,
        "dvar2": 2715188.25,
        "max": 12726.1230469,
        "mean": 748.98248291,
        "median": 322.998046875,
        "min": 64.599609375,
        "stdev": 1442.94445801,
        "var": 2082088.75
    },
    "spectral_skewness": {
        "dmean": 0.284738272429,
        "dmean2": 0.403360545635,
        "dvar": 0.0771028250456,
        "dvar2": 0.152284801006,
        "max": 3.72198224068,
        "mean": 1.72323930264,
        "median": 1.73230755329,
        "min": -0.103883430362,
        "stdev": 0.566967368126,
        "var": 0.321452021599
    },
    "spectral_spread": {
        "dmean": 1165396.5,
        "dmean2": 1657480.125,
        "dvar": 1.66594766438e+12,
        "dvar2": 3.15946382131e+12,
        "max": 18364916,
        "mean": 6153035.5,
        "median": 5462244.5,
        "min": 2849324.5,
        "stdev": 2362985,
        "var": 5.58369813299e+12
    },
    "spectral_strongpeak": {
        "dmean": 0.325451135635,
        "dmean2": 0.56664121151,
        "dvar": 0.475513011217,
        "dvar2": 1.21462535858,
        "max": 7.93116760254,
        "mean": 0.535898149014,
        "median": 0.252806991339,
        "min": 0,
        "stdev": 0.813611388206,
        "var": 0.661963522434
    },
    "zerocrossingrate": {
        "dmean": 0.0121934255585,
        "dmean2": 0.0143220340833,
        "dvar": 0.000250643817708,
        "dvar2": 0.000297555961879,
        "max": 0.27392578125,
        "mean": 0.0421371981502,
        "median": 0.033203125,
        "min": 0.00244140625,
        "stdev": 0.0363583751023,
        "var": 0.00132193148602
    },
    "barkbands": {
        "dmean": [0.00102460943162, 0.00557687832043, 0.00105170917232, 0.000717270188034, 0.00228212983347, 0.000449402956292, 0.00188009010162, 0.000937795965001, 0.000554722559173, 0.000228769335081, 0.000146494450746, 0.000179130089236, 0.000170886603883, 0.000233246813877, 0.000210613565287, 0.000105486426037, 0.000121966593724, 0.000122942976304, 0.000124755082652, 7.14278430678e-05, 4.16399016103e-05, 4.04310558224e-05, 6.03162261541e-05, 0.000123240912217, 9.42305923672e-05, 4.1319974116e-05, 8.24932612886e-06],
        "dmean2": [0.00164993759245, 0.00892025884241, 0.00178734341171, 0.00112130038906, 0.00348873902112, 0.000646897999104, 0.0029395094607, 0.00152171007358, 0.000791590195149, 0.000304512766888, 0.000218476139707, 0.000253303966019, 0.00024218056933, 0.000326786510414, 0.000290869706078, 0.000135560170747, 0.000175347086042, 0.000176439411007, 0.00017675064737, 0.000106160208816, 6.30342401564e-05, 6.24540043646e-05, 9.45622305153e-05, 0.000187884652405, 0.000145046491525, 6.65503466735e-05, 1.39365793075e-05],
        "dvar": [3.85053317586e-06, 0.000246004317887, 1.03565380414e-05, 4.12805729866e-06, 1.77279925992e-05, 1.59213971074e-06, 2.87071743514e-05, 2.24017858272e-05, 3.98108704758e-06, 3.62251995512e-07, 4.38340975961e-07, 4.14353564793e-07, 5.32433375611e-07, 6.60890123072e-07, 4.00199013484e-07, 8.81952715304e-08, 8.85306263854e-08, 8.9792116853e-08, 1.23379777506e-07, 4.54901076807e-08, 8.65020588492e-09, 7.47503658971e-09, 1.23497656546e-08, 8.47067127552e-08, 4.80423416604e-08, 1.20826157968e-08, 1.66268077084e-09],
        "dvar2": [8.45612339617e-06, 0.000688091793563, 3.00811225316e-05, 9.23294646782e-06, 4.30986729043e-05, 3.14702947435e-06, 6.82471363689e-05, 5.94516641286e-05, 8.5049387053e-06, 7.66015716636e-07, 1.10054793367e-06, 7.15721739653e-07, 1.03901879811e-06, 1.24701398363e-06, 7.31333045678e-07, 1.34659842388e-07, 2.00327434641e-07, 1.90428011138e-07, 2.53916624615e-07, 9.33954709126e-08, 1.79789267918e-08, 1.6540138148e-08, 3.0213474389e-08, 1.95127697111e-07, 9.39868201044e-08, 3.0214554414e-08, 4.58704940698e-09],
        "max": [0.0211472716182, 0.187718108296, 0.0360480174422, 0.0283049419522, 0.0631050616503, 0.0249573327601, 0.0875218659639, 0.109850808978, 0.0289378818125, 0.0104970280081, 0.0124591039494, 0.0124311801046, 0.014610006474, 0.017794020474, 0.0133785288781, 0.0068007549271, 0.00426829699427, 0.00476566422731, 0.00592916319147, 0.00475660152733, 0.00136253703386, 0.00146211613901, 0.00119340256788, 0.00779428007081, 0.00366306235082, 0.00189337332267, 0.000963056052569],
        "mean": [0.00168000697158, 0.013359173201, 0.00213164254092, 0.0012523625046, 0.00462105125189, 0.000874798861332, 0.0030926244799, 0.0010771965608, 0.000912092975341, 0.000457204005215, 0.000237262764131, 0.000305931840558, 0.000262067944277, 0.000355077005224, 0.000359563768143, 0.000173042266397, 0.000219665816985, 0.000228715463891, 0.000225212599616, 9.54473944148e-05, 6.06140929449e-05, 5.61928718525e-05, 8.46252369229e-05, 0.000173064720002, 0.000120405878988, 4.01575125579e-05, 7.10719405106e-06],
        "median": [0.000906892761122, 0.0112702641636, 0.00156364170834, 0.000210661819438, 0.00286180409603, 0.000225869836868, 0.000389669963624, 1.82333878911e-05, 6.03670232522e-05, 0.000132586661493, 1.78972404683e-05, 4.91566679557e-05, 2.80248241324e-05, 2.65870457952e-05, 2.6592219001e-05, 1.7041220417e-05, 4.14602072851e-05, 3.2889918657e-05, 2.04170501092e-05, 1.92503466678e-05, 1.62414253282e-05, 1.8141043256e-05, 2.44308666879e-05, 4.33350178355e-05, 2.00683134608e-05, 5.1183915275e-06, 4.63952005703e-07],
        "min": [2.12777884201e-08, 4.15486631766e-08, 2.79749698961e-08, 1.85809305719e-08, 1.07542525996e-08, 2.30460308615e-08, 3.64118228902e-08, 1.35638726917e-08, 5.1723327843e-09, 1.87347399816e-08, 2.39056996421e-09, 6.7397254444e-10, 5.74044367596e-10, 6.13368633662e-10, 5.33180111173e-10, 1.16321598187e-10, 7.99422028575e-10, 9.62314603004e-11, 1.42998946018e-10, 6.61511068145e-10, 2.58294052813e-10, 1.55007326419e-10, 1.083070994e-10, 1.38710251618e-10, 1.33061076046e-10, 8.06299957357e-11, 2.80571052502e-11],
        "stdev": [0.00239252671599, 0.0137594314292, 0.00276807742193, 0.00278873229399, 0.00575721776113, 0.00193060038146, 0.007239991799, 0.00449929898605, 0.00258780573495, 0.00106911850162, 0.000775559281465, 0.00100984598976, 0.0011146273464, 0.00127048254944, 0.00106075312942, 0.000553567952011, 0.000468527112389, 0.000505920790602, 0.000573773984797, 0.000270762509899, 0.000122293800814, 0.000108854597784, 0.00014357562759, 0.000426472834079, 0.000321306084516, 0.000110806569865, 3.34202413796e-05],
        "var": [5.72418412048e-06, 0.000189321945072, 7.66225275584e-06, 7.77702825872e-06, 3.31455557898e-05, 3.72721774511e-06, 5.241747931e-05, 2.02436895052e-05, 6.69673818265e-06, 1.14301428766e-06, 6.01492217811e-07, 1.01978901057e-06, 1.24239409161e-06, 1.61412594935e-06, 1.12519717277e-06, 3.06437470954e-07, 2.19517659161e-07, 2.55955853845e-07, 3.29216589989e-07, 7.33123357577e-08, 1.49557735085e-08, 1.18493233003e-08, 2.06139603165e-08, 1.81879087791e-07, 1.03237603355e-07, 1.22780958733e-08, 1.11691245142e-09]
    },
    "erbbands": {
        "dmean": [0.23897793889, 1.03633713722, 1.4553129673, 1.58718633652, 6.19561719894, 8.05878829956, 3.43599271774, 4.79227733612, 24.996175766, 24.7870903015, 15.1338891983, 13.3140964508, 7.19891119003, 6.48576068878, 5.78043651581, 6.02498531342, 7.80523777008, 9.33239841461, 12.9898643494, 7.97647762299, 5.25117254257, 6.94504356384, 7.25219202042, 3.49996852875, 7.565366745, 2.37464141846, 1.45966398716, 1.70763909817, 1.35549807549, 1.59863305092, 1.85097885132, 1.90417897701, 2.45296359062, 1.2644765377, 0.558787882328, 0.219316318631, 0.0664226934314, 0.018797095865, 0.000805075687822, 2.56648836512e-05],
        "dmean2": [0.386758953333, 1.70514655113, 2.44094848633, 2.57362127304, 9.39276599884, 12.7368927002, 5.27548789978, 6.95803785324, 40.3156814575, 38.7311401367, 23.4573459625, 19.2302722931, 9.77646064758, 8.26697635651, 8.41684150696, 8.25704479218, 10.5763530731, 12.9292535782, 17.7984409332, 11.1628274918, 6.58167409897, 9.73476886749, 10.1300945282, 4.85187482834, 10.4575643539, 3.46560621262, 2.22927689552, 2.6197142601, 2.05868768692, 2.47379970551, 2.92991924286, 3.02532148361, 3.76609730721, 1.92015147209, 0.869810521603, 0.357840955257, 0.106830112636, 0.0306478664279, 0.00134231080301, 4.01648067054e-05],
        "dvar": [0.345989048481, 9.90514087677, 18.8570747375, 22.5273571014, 192.404922485, 246.468460083, 91.5975418091, 188.705368042, 5919.92724609, 8158.53466797, 3424.18066406, 2836.38793945, 762.341430664, 324.840118408, 474.283874512, 659.481872559, 1203.57946777, 1071.82116699, 1600.42211914, 539.748474121, 207.872924805, 280.287139893, 357.24697876, 75.657371521, 491.724700928, 30.9046840668, 10.2543182373, 16.8062477112, 10.1968269348, 9.26250648499, 12.6849365234, 28.6767978668, 31.1165885925, 9.34083175659, 1.7118229866, 0.328566461802, 0.0290148239583, 0.00574608426541, 1.23779400383e-05, 4.13377376773e-09],
        "dvar2": [0.948348343372, 28.4219303131, 54.2529945374, 58.9496192932, 396.569854736, 636.462768555, 234.286422729, 369.535064697, 14954.7314453, 19128.9882812, 8570.69042969, 6154.21435547, 1623.67211914, 475.806396484, 1132.27734375, 1030.72607422, 2134.8527832, 1883.5526123, 2932.65893555, 950.138916016, 280.184875488, 623.403564453, 814.862243652, 136.421707153, 974.532531738, 65.9231033325, 24.4198284149, 33.5379981995, 22.0916423798, 21.946428299, 31.6423492432, 76.8221054077, 67.9307250977, 17.7099590302, 3.51620173454, 0.847223639488, 0.0699138268828, 0.0149231189862, 3.34846045007e-05, 1.06964535007e-08],
        "max": [7.93547821045, 31.7009620667, 46.6200790405, 66.5343551636, 249.553771973, 320.482727051, 191.646179199, 257.604797363, 1142.27478027, 2010.76708984, 1009.31848145, 863.614685059, 589.168457031, 508.700164795, 440.626403809, 532.893493652, 753.295837402, 666.518615723, 664.743835449, 621.223510742, 412.545684814, 242.080078125, 319.955657959, 152.761779785, 412.225341797, 110.593940735, 38.0724258423, 69.2294616699, 68.4016799927, 36.3101730347, 54.27526474, 146.926940918, 137.745895386, 52.9608802795, 21.4503898621, 9.45393657684, 2.71529150009, 1.77677059174, 0.0829106122255, 0.00132056744769],
        "mean": [0.502451241016, 2.46157550812, 3.29510211945, 2.99677872658, 11.3209457397, 16.3362751007, 6.92732715607, 9.48897647858, 38.7671813965, 39.4252929688, 20.0574111938, 20.5725345612, 13.7470169067, 14.6566410065, 11.2988481522, 11.5964250565, 13.2990121841, 16.2149066925, 21.9308624268, 13.5634965897, 10.0803794861, 13.726474762, 13.8596668243, 7.66495656967, 13.6806583405, 3.80834460258, 2.11864280701, 2.4232506752, 1.89048397541, 2.23555183411, 2.60263824463, 2.4877986908, 3.50052595139, 1.71467065811, 0.661799788475, 0.220832139254, 0.0642668306828, 0.0172704420984, 0.000730572268367, 5.243463238e-05],
        "median": [0.391135454178, 2.03774023056, 2.56690955162, 1.27445077896, 5.04744529724, 10.1859788895, 2.57518172264, 2.82833719254, 7.01894330978, 3.65550374985, 1.34297192097, 2.05100369453, 2.5047826767, 4.57719182968, 2.68339490891, 1.72298526764, 1.5322779417, 1.2465955019, 1.68296122551, 1.29001832008, 1.22884643078, 2.41067814827, 1.96530914307, 1.14107632637, 1.2205748558, 1.01011824608, 0.712522447109, 0.64334654808, 0.555124402046, 0.712596654892, 0.756901562214, 0.576310634613, 0.833009362221, 0.353710830212, 0.0925895795226, 0.0291825141758, 0.00779811479151, 0.00166077853646, 7.17428192729e-05, 3.86255524063e-05],
        "min": [1.39125609167e-06, 8.82698805071e-06, 2.93148550554e-05, 5.33057973371e-05, 5.38472777407e-05, 2.76821592706e-05, 5.28318960278e-05, 0.000242816808168, 0.000492194434628, 0.000466259429231, 0.000224541203352, 0.000102462727227, 0.00047703232849, 0.000421027914854, 4.939693099e-05, 2.96944799629e-05, 2.9039751098e-05, 3.26918670908e-05, 2.42553905991e-05, 2.20505062316e-05, 1.24125499497e-05, 4.65490047645e-05, 7.0768023761e-06, 6.7004216362e-06, 1.92065326701e-05, 2.76210103038e-05, 1.02048607005e-05, 9.4770675787e-06, 5.73720808461e-06, 3.70222255697e-06, 2.99802559312e-06, 3.14591579809e-06, 1.95416555471e-06, 1.54002339059e-06, 8.14738314148e-07, 3.36088447739e-07, 1.52471358206e-07, 5.66448186134e-08, 1.29888233502e-08, 1.50941936727e-09],
        "stdev": [0.559755086899, 2.63169622421, 3.69101119041, 5.30188751221, 18.8438892365, 20.8697166443, 12.7951345444, 20.8973121643, 97.3555526733, 124.370437622, 62.5455474854, 64.0011062622, 38.9822883606, 37.3026618958, 28.2257213593, 43.0512542725, 54.4636383057, 55.2633781433, 64.2330169678, 42.6579437256, 28.1126766205, 28.187002182, 29.9032726288, 16.9358158112, 35.057308197, 8.04493999481, 3.79899978638, 5.51223325729, 4.04407978058, 3.80664992332, 4.62689590454, 6.46457004547, 8.46483612061, 4.66995191574, 1.76815545559, 0.570123493671, 0.176373243332, 0.0684959813952, 0.00299858883955, 6.41123770038e-05],
        "var": [0.313325732946, 6.92582559586, 13.6235637665, 28.1100120544, 355.092193604, 435.54510498, 163.71546936, 436.697662354, 9478.10351562, 15468.0058594, 3911.94555664, 4096.14208984, 1519.61877441, 1391.48864746, 796.691345215, 1853.41052246, 2966.28808594, 3054.04101562, 4125.88037109, 1819.70031738, 790.322631836, 794.507141113, 894.205749512, 286.821838379, 1229.01477051, 64.7210617065, 14.4323987961, 30.3847179413, 16.3545799255, 14.4905843735, 21.408164978, 41.7906646729, 71.6534500122, 21.8084526062, 3.12637352943, 0.325040787458, 0.031107518822, 0.00469169951975, 8.99153474165e-06, 4.11039691173e-09]
    },
    "gfcc": {
        "mean": [-27.178937912, 95.0335693359, -70.6747360229, 42.000743866, -48.0139503479, 24.5468940735, -36.3198699951, 17.313331604, -20.2188892365, 2.02523827553, -7.98097038269, 5.00097703934, -6.80391645432],
        "cov": [[4879.94238281, -700.14654541, -972.449584961, -50.8129425049, -363.539337158, -178.34312439, -525.401367188, 475.028259277, 220.215606689, -16.4466648102, 88.5892715454, -320.231231689, -243.056182861], [-700.14654541, 1348.39990234, -427.930786133, -177.776611328, 173.807113647, -118.854621887, 93.5343856812, -38.1818008423, 130.698257446, -152.648727417, 174.622039795, -111.35055542, 28.9292488098], [-972.449584961, -427.930786133, 914.241088867, 146.3387146, -11.7812376022, 134.775085449, 94.467414856, -179.812301636, -184.577407837, 99.1946640015, -144.586730957, 202.178543091, 94.3657302856], [-50.8129425049, -177.776611328, 146.3387146, 309.40725708, -3.33290696144, -30.642408371, -42.5515174866, -33.0559921265, -11.0666704178, -24.9970149994, -28.6503429413, 22.7441978455, 51.3520393372], [-363.539337158, 173.807113647, -11.7812376022, -3.33290696144, 194.252304077, 19.6768302917, 69.0576095581, -17.7997226715, 10.8467617035, -16.3490257263, -0.557892262936, 2.71591424942, 1.39207100868], [-178.34312439, -118.854621887, 134.775085449, -30.642408371, 19.6768302917, 220.924301147, 126.524971008, -48.8755645752, -74.3508453369, 24.4832401276, -52.0401191711, 29.4278068542, 25.6464481354], [-525.401367188, 93.5343856812, 94.467414856, -42.5515174866, 69.0576095581, 126.524971008, 309.230224609, -82.214012146, -109.152381897, 7.78880023956, -27.0337142944, 83.2229919434, 22.9784069061], [475.028259277, -38.1818008423, -179.812301636, -33.0559921265, -17.7997226715, -48.8755645752, -82.214012146, 177.478805542, 96.083442688, 0.379144281149, 48.3553657532, -72.250579834, -41.2370071411], [220.215606689, 130.698257446, -184.577407837, -11.0666704178, 10.8467617035, -74.3508453369, -109.152381897, 96.083442688, 170.063369751, -8.38923549652, 38.8542900085, -73.9325637817, -23.0318584442], [-16.4466648102, -152.648727417, 99.1946640015, -24.9970149994, -16.3490257263, 24.4832401276, 7.78880023956, 0.379144281149, -8.38923549652, 94.7982177734, -3.58786082268, 11.7969837189, -15.0658903122], [88.5892715454, 174.622039795, -144.586730957, -28.6503429413, -0.557892262936, -52.0401191711, -27.0337142944, 48.3553657532, 38.8542900085, -3.58786082268, 130.903289795, -26.4889945984, -27.9502468109], [-320.231231689, -111.35055542, 202.178543091, 22.7441978455, 2.71591424942, 29.4278068542, 83.2229919434, -72.250579834, -73.9325637817, 11.7969837189, -26.4889945984, 146.996551514, 39.0483283997], [-243.056182861, 28.9292488098, 94.3657302856, 51.3520393372, 1.39207100868, 25.6464481354, 22.9784069061, -41.2370071411, -23.0318584442, -15.0658903122, -27.9502468109, 39.0483283997, 98.8112640381]],
        "icov": [[0.00050285278121, 0.000191872924916, 0.000566833419725, -0.000141008073115, 0.000551531091332, -0.000212271072087, 0.000512069498654, -0.000697730167303, 0.000411109795095, 6.60077694192e-06, 0.000270028162049, -1.75100080924e-06, 0.000523658061866], [0.000191872924916, 0.00325983623043, -0.000292910670396, 0.00231051887386, -0.00117587856948, 0.00185918202624, -0.00213916879147, 0.00322603154927, -0.00290548289195, 0.00442330073565, -0.00404797960073, 0.00351380649954, -0.00256209424697], [0.000566833419725, -0.000292910670396, 0.00346269900911, -0.00147522054613, 0.0005508211907, -0.00123323861044, 0.00182050827425, -0.000759222428314, 0.00222116569057, -0.00340547692031, 0.00240254309028, -0.0029607755132, 0.000360065430868], [-0.000141008073115, 0.00231051887386, -0.00147522054613, 0.00597871793434, -0.00128507229965, 0.00235810736194, -0.00138250400778, 0.00293258181773, -0.00243828748353, 0.00477320421487, -0.00304591236636, 0.00315212574787, -0.00371797755361], [0.000551531091332, -0.00117587856948, 0.0005508211907, -0.00128507229965, 0.0073653133586, -0.00115630915388, -0.000441989221144, -0.00138382450677, -0.000350119051291, -0.000569198047742, 0.00189858209342, -0.000988006358966, 0.0023234479595], [-0.000212271072087, 0.00185918202624, -0.00123323861044, 0.00235810736194, -0.00115630915388, 0.00855859555304, -0.00416844151914, 0.00202653696761, -0.000665852508973, 0.00164360238705, -0.00102104328107, 0.00418027630076, -0.00334958638996], [0.000512069498654, -0.00213916879147, 0.00182050827425, -0.00138250400778, -0.000441989221144, -0.00416844151914, 0.00853585731238, -0.00274649215862, 0.00523725198582, -0.00368345039897, 0.00313207460567, -0.00529414694756, 0.00245993724093], [-0.000697730167303, 0.00322603154927, -0.000759222428314, 0.00293258181773, -0.00138382450677, 0.00202653696761, -0.00274649215862, 0.0145135615021, -0.00765242055058, 0.00415072310716, -0.00620714761317, 0.00510514946654, -0.00219467910938], [0.000411109795095, -0.00290548289195, 0.00222116569057, -0.00243828748353, -0.000350119051291, -0.000665852508973, 0.00523725198582, -0.00765242055058, 0.0152849974111, -0.00585884973407, 0.00436921510845, -0.002016620012, 0.00147637235932], [6.60077694192e-06, 0.00442330073565, -0.00340547692031, 0.00477320421487, -0.000569198047742, 0.00164360238705, -0.00368345039897, 0.00415072310716, -0.00585884973407, 0.0206919778138, -0.00700430478901, 0.00542678125203, -0.000673453032505], [0.000270028162049, -0.00404797960073, 0.00240254309028, -0.00304591236636, 0.00189858209342, -0.00102104328107, 0.00313207460567, -0.00620714761317, 0.00436921510845, -0.00700430478901, 0.0157611761242, -0.00561029370874, 0.00468315463513], [-1.75100080924e-06, 0.00351380649954, -0.0029607755132, 0.00315212574787, -0.000988006358966, 0.00418027630076, -0.00529414694756, 0.00510514946654, -0.002016620012, 0.00542678125203, -0.00561029370874, 0.0167024638504, -0.00538310129195], [0.000523658061866, -0.00256209424697, 0.000360065430868, -0.00371797755361, 0.0023234479595, -0.00334958638996, 0.00245993724093, -0.00219467910938, 0.00147637235932, -0.000673453032505, 0.00468315463513, -0.00538310129195, 0.0167890042067]]
    },
    "melbands": {
        "dmean": [0.00176468910649, 0.000919407350011, 0.00037916447036, 0.000564780901186, 0.000147149345139, 0.000111768305942, 0.000380515353754, 0.000267770927167, 0.000110619024781, 8.124436863e-05, 3.6641045881e-05, 2.79780142591e-05, 2.13276998693e-05, 1.85605531442e-05, 1.76535995706e-05, 1.62814176292e-05, 1.87237837963e-05, 2.31391659327e-05, 1.22944757095e-05, 8.22867696115e-06, 6.19431239102e-06, 7.24671554053e-06, 8.37742572912e-06, 4.9595555538e-06, 2.61655623035e-06, 5.68071845919e-06, 4.76818104289e-06, 1.06260938537e-06, 8.64929972977e-07, 1.06460413463e-06, 9.53188589392e-07, 7.41807241411e-07, 8.65403819716e-07, 9.17668216971e-07, 1.07834591745e-06, 1.08903486762e-06, 1.23727488699e-06, 1.7465745259e-06, 1.61939226473e-06, 9.71950044004e-07],
        "dmean2": [0.00283625349402, 0.00153939623851, 0.000587232410908, 0.00085926533211, 0.000233076338191, 0.000166051380802, 0.000605486682616, 0.000424130819738, 0.000171378589584, 0.000116530070954, 4.92937615491e-05, 3.60115736839e-05, 3.05572502839e-05, 2.59832304437e-05, 2.38407938014e-05, 2.21106511162e-05, 2.62397697952e-05, 3.16857367579e-05, 1.73676253326e-05, 1.13128789963e-05, 7.93462913862e-06, 1.0278073205e-05, 1.21485672935e-05, 7.121066119e-06, 3.77208903046e-06, 7.77286277298e-06, 6.69186783853e-06, 1.68221708918e-06, 1.3567220094e-06, 1.60262163718e-06, 1.48015192281e-06, 1.12113752948e-06, 1.34026515752e-06, 1.43708075484e-06, 1.70496366536e-06, 1.75392392521e-06, 1.98401608031e-06, 2.68566168415e-06, 2.48789842772e-06, 1.48976835135e-06],
        "dvar": [2.17427368625e-05, 7.65510867495e-06, 9.10305175239e-07, 1.00480065157e-06, 2.08104324884e-07, 9.97071225584e-08, 1.29607542476e-06, 1.12182954126e-06, 1.57143333013e-07, 1.07589720244e-07, 1.93046698627e-08, 5.88432014226e-09, 8.35123525889e-09, 3.80029785418e-09, 5.06974195957e-09, 4.93031393489e-09, 4.65616523115e-09, 5.75492542509e-09, 1.53105195189e-09, 5.8990329288e-10, 3.41775246993e-10, 3.06357633706e-10, 3.9428821319e-10, 1.99904801046e-10, 4.36776725898e-11, 2.99584607122e-10, 2.12819914469e-10, 7.06769235151e-12, 4.21549904359e-12, 6.19087853898e-12, 5.45646947764e-12, 3.47992251334e-12, 3.22410717915e-12, 3.04569368857e-12, 4.0493190398e-12, 9.19448978759e-12, 1.00824288154e-11, 1.4891849906e-11, 1.6209616982e-11, 5.74304709691e-12],
        "dvar2": [5.97662910877e-05, 2.19581106649e-05, 1.98588668354e-06, 2.37211543208e-06, 5.65511015793e-07, 2.11365403402e-07, 3.17724015986e-06, 2.78228912975e-06, 3.86072571246e-07, 2.3642471092e-07, 4.08147364794e-08, 8.91435725237e-09, 2.08346335739e-08, 7.03386859868e-09, 8.27699242478e-09, 9.70894564745e-09, 8.17560330546e-09, 1.07117719139e-08, 3.50310691566e-09, 9.5267993494e-10, 4.67951954963e-10, 6.65018928814e-10, 8.56589799092e-10, 4.38185571161e-10, 8.30814653185e-11, 5.86441728512e-10, 4.27641283496e-10, 1.70255528426e-11, 1.04625908631e-11, 1.29791984452e-11, 1.09473870941e-11, 7.2570126991e-12, 7.81111200027e-12, 7.34953157361e-12, 1.00313932508e-11, 2.57735482262e-11, 2.59953031323e-11, 3.36308342286e-11, 3.30774505009e-11, 1.10369968373e-11],
        "max": [0.0608131326735, 0.0289314221591, 0.0136614078656, 0.0140532730147, 0.0107289096341, 0.00588182546198, 0.0179297924042, 0.0254468210042, 0.00673064449802, 0.00545958755538, 0.00295672263019, 0.00188411260024, 0.00194157881197, 0.00100880803075, 0.00150349957403, 0.00131082802545, 0.00120720011182, 0.00149294047151, 0.000682762882207, 0.000706018414348, 0.000499254907481, 0.000249302218435, 0.000298784056213, 0.00025049643591, 0.000125759179355, 0.000331337651005, 0.000294879806461, 6.80626108078e-05, 2.8486674637e-05, 3.77955111617e-05, 3.87053478335e-05, 4.11896144215e-05, 2.08466717595e-05, 1.6968613636e-05, 2.37070453295e-05, 7.32038315618e-05, 8.17853724584e-05, 9.36872311286e-05, 8.33920857986e-05, 4.5857483201e-05],
        "mean": [0.0040879114531, 0.00219054752961, 0.00074873334961, 0.00115512800403, 0.00029962771805, 0.000212311540963, 0.000601872394327, 0.000395639945054, 0.000150319159729, 0.000124458354549, 6.80403245497e-05, 6.25669126748e-05, 3.86304891435e-05, 3.09537826979e-05, 3.4403790778e-05, 2.4505185138e-05, 3.01309610222e-05, 3.69390254491e-05, 2.0577761461e-05, 1.31102860905e-05, 1.13297492135e-05, 1.33474241011e-05, 1.58070779435e-05, 8.89152852324e-06, 5.34166156285e-06, 1.03502397906e-05, 7.58174792281e-06, 1.38110169701e-06, 1.13384521683e-06, 1.58808109063e-06, 1.2814737147e-06, 1.0195624327e-06, 1.13245414468e-06, 1.24916391542e-06, 1.51199969878e-06, 1.37227175401e-06, 1.58507339165e-06, 2.50103857979e-06, 2.20092420022e-06, 1.23026143228e-06],
        "median": [0.00329765025526, 0.00175159738865, 0.000329160684487, 0.000673854956403, 0.000138087358209, 6.12432995695e-05, 0.000103533864603, 2.61604654952e-05, 1.17503486763e-05, 8.80814786797e-06, 1.19008900583e-05, 2.01131588256e-05, 5.6620651776e-06, 5.46376941202e-06, 3.07444565806e-06, 2.64508003056e-06, 2.03288459488e-06, 2.63794572675e-06, 1.80673657724e-06, 1.37261349664e-06, 1.32579964429e-06, 2.50921789302e-06, 1.84494092537e-06, 1.446343731e-06, 7.47982596749e-07, 8.90540093224e-07, 8.07027788596e-07, 3.77606170332e-07, 3.28623883661e-07, 4.24507163643e-07, 3.02094179006e-07, 2.75724488574e-07, 3.5418133848e-07, 3.56615572628e-07, 4.67178864483e-07, 3.06471946487e-07, 3.27080414309e-07, 5.55484632514e-07, 4.41406115215e-07, 1.85088566695e-07],
        "min": [1.30021842182e-08, 1.41879290538e-08, 9.24404375269e-09, 2.84401413531e-09, 1.58913737724e-09, 5.44398259805e-09, 7.59434648501e-09, 4.68956429245e-09, 1.47881062951e-09, 6.82593315204e-10, 2.49682763354e-09, 1.88435644866e-09, 2.15560458372e-10, 7.10576320007e-11, 7.41547309668e-11, 5.25937939033e-11, 6.33817442974e-11, 3.57109862514e-11, 4.27551466453e-11, 1.42664508679e-11, 1.47636590453e-11, 5.91710846987e-11, 1.21544510567e-11, 3.3562436684e-12, 5.27304718986e-12, 6.30582305122e-12, 3.09076271521e-11, 1.35004663698e-11, 4.76782936049e-12, 8.63937654055e-12, 4.51988490038e-12, 3.87707010593e-12, 1.79523702761e-12, 2.04779379218e-12, 1.47925497806e-12, 2.53411592925e-12, 1.52539309309e-12, 1.26159607934e-12, 1.5215577279e-12, 1.31438859362e-12],
        "stdev": [0.00430088443682, 0.00231008208357, 0.00125675473828, 0.00146504247095, 0.000510788639076, 0.000458779046312, 0.00145420664921, 0.00130007124972, 0.000433883775258, 0.0003881524608, 0.000195741886273, 0.000160593161127, 0.000109466178401, 8.91629824764e-05, 0.000141143100336, 9.55830691964e-05, 0.000111933833978, 0.000115583854495, 5.71628042962e-05, 4.50476582046e-05, 3.4181157389e-05, 2.80926687992e-05, 3.52828792529e-05, 1.98856560019e-05, 1.25304286485e-05, 2.81242755591e-05, 2.0932926418e-05, 3.48268213202e-06, 2.2283945782e-06, 3.27977977577e-06, 3.12604970532e-06, 2.39322434936e-06, 2.09601671486e-06, 2.16394164454e-06, 2.56197108683e-06, 3.42936095876e-06, 4.03861849918e-06, 5.7886909417e-06, 6.09807784713e-06, 3.49072524841e-06],
        "var": [1.84976088349e-05, 5.33647880729e-06, 1.57943247814e-06, 2.14634928852e-06, 2.60905011373e-07, 2.10478219742e-07, 2.11471683542e-06, 1.69018517227e-06, 1.88255128819e-07, 1.50662330611e-07, 3.83148872629e-08, 2.57901611178e-08, 1.19828449385e-08, 7.9500370731e-09, 1.99213729957e-08, 9.13612296927e-09, 1.25291839126e-08, 1.33596271823e-08, 3.26758620162e-09, 2.02929140158e-09, 1.16835141561e-09, 7.89198040252e-10, 1.24488164222e-09, 3.95439320178e-10, 1.57011639801e-10, 7.90974896692e-10, 4.38187375273e-10, 1.21290746544e-11, 4.96574222714e-12, 1.07569552224e-11, 9.7721865322e-12, 5.72752305653e-12, 4.39328608215e-12, 4.68264316211e-12, 6.56369533378e-12, 1.17605170394e-11, 1.63104408452e-11, 3.35089421488e-11, 3.71865559179e-11, 1.21851634685e-11]
    },
    "melbands128": {
