{
"lowlevel": {
    "average_loudness": 0.666273891926,
    "barkbands_crest": {
        "dmean": 2.30815649033,
        "dmean2": 3.62984991074,
        "dvar": 7.06784391403,
        "dvar2": 15.6222028732,
        "max": 24.7882289886,
        "mean": 12.3321971893,
        "median": 11.5742969513,
        "min": 2.39886260033,
        "stdev": 4.77302694321,
        "var": 22.781785965
    },
    "barkbands_flatness_db": {
        "dmean": 0.0265423264354,
        "dmean2": 0.037827976048,
        "dvar": 0.00107815884985,
        "dvar2": 0.00196910393424,
        "max": 0.523691236973,
        "mean": 0.216850116849,
        "median": 0.199075713754,
        "min": 0.0329428426921,
        "stdev": 0.0918943062425,
        "var": 0.00844456348568
    },
    "barkbands_kurtosis": {
        "dmean": 6.29112052917,
        "dmean2": 9.64419174194,
        "dvar": 276.034820557,
        "dvar2": 576.86907959,
        "max": 347.173828125,
        "mean": 11.3630619049,
        "median": 3.28660678864,
        "min": -1.88429796696,
        "stdev": 27.5999393463,
        "var": 761.756652832
    },
    "barkbands_skewness": {
        "dmean": 0.72507339716,
        "dmean2": 1.05092942715,
        "dvar": 1.04834711552,
        "dvar2": 1.99069583416,
        "max": 13.9424848557,
        "mean": 1.89317500591,
        "median": 1.53310585022,
        "min": -3.08065009117,
        "stdev": 2.09044933319,
        "var": 4.36997842789
    },
    "barkbands_spread": {
        "dmean": 7.0160369873,
        "dmean2": 10.7265396118,
        "dvar": 134.193099976,
        "dvar2": 293.900909424,
        "max": 106.80380249,
        "mean": 21.3574619293,
        "median": 14.2310647964,
        "min": 0.181886672974,
        "stdev": 19.4459915161,
        "var": 378.146575928
    },
    "dissonance": {
        "dmean": 0.0315953493118,
        "dmean2": 0.0514535047114,
        "dvar": 0.00120879511815,
        "dvar2": 0.00309922359884,
        "max": 0.499631017447,
        "mean": 0.420204013586,
        "median": 0.439300596714,
        "min": 0.120376616716,
        "stdev": 0.0689952895045,
        "var": 0.00476034963503
    },
    "dynamic_complexity": 5.2099609375,
    "erbbands_crest": {
        "dmean": 2.6940305233,
        "dmean2": 4.28584098816,
        "dvar": 8.15648460388,
        "dvar2": 18.4660587311,
        "max": 28.075504303,
        "mean": 12.7812519073,
        "median": 11.7629756927,
        "min": 2.82888484001,
        "stdev": 5.57628393173,
        "var": 31.0949440002
    },
    "erbbands_flatness_db": {
        "dmean": 0.0222736466676,
        "dmean2": 0.0314673669636,
        "dvar": 0.000707779021468,
        "dvar2": 0.00141181016807,
        "max": 0.429951220751,
        "mean": 0.217537537217,
        "median": 0.204307854176,
        "min": 0.0380520410836,
        "stdev": 0.0696150064468,
        "var": 0.00484624924138
    },
    "erbbands_kurtosis": {
        "dmean": 2.06538581848,
        "dmean2": 3.25713276863,
        "dvar": 15.4354286194,
        "dvar2": 38.5074806213,
        "max": 65.5542984009,
        "mean": 2.76761579514,
        "median": 0.833975076675,
        "min": -1.81982398033,
        "stdev": 5.98497867584,
        "var": 35.8199691772
    },
    "erbbands_skewness": {
        "dmean": 0.48880302906,
        "dmean2": 0.72832095623,
        "dvar": 0.393298089504,
        "dvar2": 0.757828593254,
        "max": 7.13092041016,
        "mean": 0.909872770309,
        "median": 0.88090968132,
        "min": -3.17131519318,
        "stdev": 1.21991157532,
        "var": 1.48818433285
    },
    "erbbands_spread": {
        "dmean": 11.2833433151,
        "dmean2": 17.2916126251,
        "dvar": 287.639465332,
        "dvar2": 684.736633301,
        "max": 162.302352905,
        "mean": 36.6106567383,
        "median": 31.2008419037,
        "min": 1.77420282364,
        "stdev": 25.7535610199,
        "var": 663.245910645
    },
    "hfc": {
        "dmean": 6.42902231216,
        "dmean2": 9.28642654419,
        "dvar": 197.350708008,
        "dvar2": 414.468109131,
        "max": 197.025634766,
        "mean": 17.1382980347,
        "median": 9.91444015503,
        "min": 1.12597029356e-16,
        "stdev": 23.9201927185,
        "var": 572.175598145
    },
    "loudness_ebu128": {
        "integrated": -15.5699977875,
        "loudness_range": 6.29479885101,
        "momentary": {
            "dmean": 1.01746153831,
            "dmean2": 1.08992314339,
            "dvar": 1.53656196594,
            "dvar2": 1.52513122559,
            "max": -8.60438919067,
            "mean": -17.9128227234,
            "median": -16.8862190247,
            "min": -36.3951416016,
            "stdev": 4.89134645462,
            "var": 23.9252681732
        },
        "short_term": {
            "dmean": 0.1701310426,
            "dmean2": 0.13350354135,
            "dvar": 0.0689971596003,
            "dvar2": 0.0381368845701,
            "max": -12.7160930634,
            "mean": -16.2949352264,
            "median": -16.3825836182,
            "min": -24.2135257721,
            "stdev": 2.42710661888,
            "var": 5.89084625244
        }
    },
    "melbands_crest": {
        "dmean": 2.63723731041,
        "dmean2": 4.04122304916,
        "dvar": 8.26911640167,
        "dvar2": 19.5758533478,
        "max": 30.6497764587,
        "mean": 15.6571416855,
        "median": 15.4696817398,
        "min": 1.8344039917,
        "stdev": 5.58673381805,
        "var": 31.2115955353
    },
    "melbands_flatness_db": {
        "dmean": 0.0322550535202,
        "dmean2": 0.0437619760633,
        "dvar": 0.00188352481928,
        "dvar2": 0.00334327481687,
        "max": 0.661550760269,
        "mean": 0.256315410137,
        "median": 0.232849106193,
        "min": 0.00440213410184,
        "stdev": 0.125805854797,
        "var": 0.0158271118999
    },
    "melbands_kurtosis": {
        "dmean": 10.5061292648,
        "dmean2": 16.0841121674,
        "dvar": 662.214355469,
        "dvar2": 1385.70776367,
        "max": 524.522094727,
        "mean": 20.4137172699,
        "median": 8.51495170593,
        "min": -1.83164036274,
        "stdev": 37.7065963745,
        "var": 1421.78747559
    },
    "melbands_skewness": {
        "dmean": 0.870534718037,
        "dmean2": 1.30297923088,
        "dvar": 1.42158913612,
        "dvar2": 2.98440265656,
        "max": 16.2591648102,
        "mean": 2.78792023659,
        "median": 2.32623910904,
        "min": -1.36553347111,
        "stdev": 2.21457505226,
        "var": 4.9043431282
    },
    "melbands_spread": {
        "dmean": 10.8639392853,
        "dmean2": 16.11784935,
        "dvar": 538.049560547,
        "dvar2": 1056.51635742,
        "max": 256.884063721,
        "mean": 28.6250667572,
        "median": 14.3576564789,
        "min": 0.380645245314,
        "stdev": 37.9176101685,
        "var": 1437.74511719
    },
    "pitch_salience": {
        "dmean": 0.0643470659852,
        "dmean2": 0.0986188203096,
        "dvar": 0.00556560838595,
        "dvar2": 0.0116702578962,
        "max": 0.868279457092,
        "mean": 0.522998034954,
        "median": 0.535354197025,
        "min": 0.0988876894116,
        "stdev": 0.151245832443,
        "var": 0.0228753034025
    },
    "silence_rate_20dB": {
        "dmean": 0,
        "dmean2": 0,
        "dvar": 0,
        "dvar2": 0,
        "max": 1,
        "mean": 1,
        "median": 1,
        "min": 1,
        "stdev": 0,
        "var": 0
    },
    "silence_rate_30dB": {
        "dmean": 0.00773993786424,
        "dmean2": 0.0154918665066,
        "dvar": 0.0076800994575,
        "dvar2": 0.0168011840433,
        "max": 1,
        "mean": 0.990719258785,
        "median": 1,
        "min": 0,
        "stdev": 0.0958880782127,
        "var": 0.00919452309608
    },
    "silence_rate_60dB": {
        "dmean": 0.061919502914,
        "dmean2": 0.123934932053,
        "dvar": 0.0580860637128,
        "dvar2": 0.120968535542,
        "max": 1,
        "mean": 0.283062636852,
        "median": 0,
        "min": 0,
        "stdev": 0.450485527515,
        "var": 0.202937215567
    },
    "spectral_centroid": {
        "dmean": 294.369934082,
        "dmean2": 423.911499023,
        "dvar": 306575.125,
        "dvar2": 541772.3125,
        "max": 12014.2275391,
        "mean": 1319.57299805,
        "median": 888.37878418,
        "min": 160.439605713,
        "stdev": 1285.61645508,
        "var": 1652809.625
    },
    "spectral_complexity": {
        "dmean": 2.1749227047,
        "dmean2": 3.2401239872,
        "dvar": 11.5344619751,
        "dvar2": 22.5108528137,
        "max": 44,
        "mean": 7.6550655365,
        "median": 6,
        "min": 0,
        "stdev": 5.97080516815,
        "var": 35.65051651
    },
    "spectral_decrease": {
        "dmean": 1.10544728926e-09,
        "dmean2": 1.53072110542e-09,
        "dvar": 8.05528580993e-18,
        "dvar2": 1.66484904809e-17,
        "max": 1.50287078389e-28,
        "mean": -3.44325590262e-09,
        "median": -1.89522797456e-09,
        "min": -5.26328740591e-08,
        "stdev": 5.21462117931e-09,
        "var": 2.71922755446e-17
    },
    "spectral_energy": {
        "dmean": 0.00461555132642,
        "dmean2": 0.00638017710298,
        "dvar": 0.00013246362505,
        "dvar2": 0.000274573802017,
        "max": 0.216519653797,
        "mean": 0.0145501373336,
        "median": 0.00873941555619,
        "min": 1.02787498556e-20,
        "stdev": 0.0212189517915,
        "var": 0.000450243940577
    },
    "spectral_energyband_high": {
        "dmean": 0.000550612050574,
        "dmean2": 0.000820340879727,
        "dvar": 1.8020762127e-06,
        "dvar2": 3.97217309001e-06,
        "max": 0.0183603651822,
        "mean": 0.00105852796696,
        "median": 0.000395908980863,
        "min": 7.35977002994e-21,
        "stdev": 0.00191977398936,
        "var": 3.68553196495e-06
    },
    "spectral_energyband_low": {
        "dmean": 0.000127995954244,
        "dmean2": 0.000196079199668,
        "dvar": 9.94053692693e-08,
        "dvar2": 2.31713897847e-07,
        "max": 0.00376916117966,
        "mean": 0.000475834851386,
        "median": 4.28967905464e-05,
        "min": 2.17556541172e-23,
        "stdev": 0.00073021062417,
        "var": 5.33207582976e-07
    },
    "spectral_energyband_middle_high": {
        "dmean": 0.0012857853435,
        "dmean2": 0.00170187407639,
        "dvar": 1.51304438987e-05,
        "dvar2": 2.55333015957e-05,
        "max": 0.108529403806,
        "mean": 0.00338229327463,
        "median": 0.000719637610018,
        "min": 1.3438793053e-21,
        "stdev": 0.0086429156363,
        "var": 7.4699994002e-05
    },
    "spectral_energyband_middle_low": {
        "dmean": 0.00358593789861,
        "dmean2": 0.00512434309348,
        "dvar": 9.33504852583e-05,
        "dvar2": 0.000207405857509,
        "max": 0.165567085147,
        "mean": 0.0100524099544,
        "median": 0.00453771417961,
        "min": 1.70330228188e-22,
        "stdev": 0.0153457466513,
        "var": 0.000235491941567
    },
    "spectral_entropy": {
        "dmean": 0.258983284235,
        "dmean2": 0.357783228159,
        "dvar": 0.139367744327,
        "dvar2": 0.23569765687,
        "max": 9.80267906189,
        "mean": 7.10100650787,
        "median": 7.33079195023,
        "min": 3.93572854996,
        "stdev": 0.990458965302,
        "var": 0.981008946896
    },
    "spectral_flux": {
        "dmean": 0.0172508843243,
        "dmean2": 0.0252428036183,
        "dvar": 0.00073635589797,
        "dvar2": 0.00132507493254,
        "max": 0.356153190136,
        "mean": 0.0464239269495,
        "median": 0.0361552424729,
        "min": 6.62857824185e-11,
        "stdev": 0.0455465838313,
        "var": 0.00207449123263
    },
    "spectral_kurtosis": {
        "dmean": 4.87798643112,
        "dmean2": 7.22618198395,
        "dvar": 96.9631652832,
        "dvar2": 227.507461548,
        "max": 173.529815674,
        "mean": 12.9873209,
        "median": 2.69874000549,
        "min": -1.22585916519,
        "stdev": 25.1843967438,
        "var": 634.253845215
    },
    "spectral_rms": {
        "dmean": 0.000509478384629,
        "dmean2": 0.000670225650538,
        "dvar": 6.78609978877e-07,
        "dvar2": 1.26985764837e-06,
        "max": 0.0145340524614,
        "mean": 0.0031085407827,
        "median": 0.00291997590102,
        "min": 3.16670951614e-12,
        "stdev": 0.00212890631519,
        "var": 4.53224174635e-06
    },
    "spectral_rolloff": {
        "dmean": 923.796325684,
        "dmean2": 1557.8293457,
        "dvar": 3669078.5,
        "dvar2": 7666895,
        "max": 19509.0820312,
        "mean": 2733.73754883,
        "median": 990.52734375,
        "min": 150.732421875,
        "stdev": 3498.67456055,
        "var": 12240723
    },
    "spectral_skewness": {
        "dmean": 0.44393992424,
        "dmean2": 0.634529352188,
        "dvar": 0.435685157776,
        "dvar2": 0.912843883038,
        "max": 11.0802221298,
        "mean": 2.3041009903,
        "median": 1.53323745728,
        "min": -0.109824918211,
        "stdev": 1.90823924541,
        "var": 3.64137721062
    },
    "spectral_spread": {
        "dmean": 902557.8125,
        "dmean2": 1257744.375,
        "dvar": 1.55485903258e+12,
        "dvar2": 2.52727918592e+12,
        "max": 41791336,
        "mean": 6134507,
        "median": 6356152.5,
        "min": 558159.0625,
        "stdev": 4024589.25,
        "var": 1.61973178204e+13
    },
    "spectral_strongpeak": {
        "dmean": 0.430237680674,
        "dmean2": 0.688279807568,
        "dvar": 0.952466249466,
        "dvar2": 2.6857612133,
        "max": 16.313835144,
        "mean": 1.15946280956,
        "median": 0.743232727051,
        "min": 0,
        "stdev": 1.41375052929,
        "var": 1.99869060516
    },
    "zerocrossingrate": {
        "dmean": 0.0181121360511,
        "dmean2": 0.019623156637,
        "dvar": 0.000727732724044,
        "dvar2": 0.00074408215005,
        "max": 0.5146484375,
        "mean": 0.0930309817195,
        "median": 0.06396484375,
        "min": 0.005859375,
        "stdev": 0.0860302820802,
        "var": 0.00740120979026
    },
    "barkbands": {
        "dmean": [3.4474035715e-07, 3.77403830498e-06, 5.28289056092e-05, 0.000272100471193, 0.0014422731474, 0.000453426939202, 0.000805663992651, 0.00131776684429, 0.00028249778552, 0.000375431787688, 0.000263583147898, 0.000399054202717, 0.000266354996711, 0.000197016284801, 0.000131540917209, 9.91548513412e-05, 5.4167889175e-05, 3.05481844407e-05, 6.73634785926e-05, 0.000108248495962, 0.000114839604066, 7.16015638318e-05, 9.87589664874e-05, 0.000131842840347, 0.000158613504027, 3.31608171109e-05, 3.3933663417e-06],
        "dmean2": [5.77072853503e-07, 6.26910468782e-06, 8.56698898133e-05, 0.000422389304731, 0.00220481515862, 0.000711511762347, 0.00117123045493, 0.00187202089, 0.000415340444306, 0.000475266482681, 0.000372197129764, 0.000471129897051, 0.000389863271266, 0.000319028360536, 0.000193273022887, 0.000159526156494, 8.40471984702e-05, 5.09160745423e-05, 0.000106070299807, 0.000156677866471, 0.000171995547134, 0.000113898255222, 0.00016339031572, 0.000198543420993, 0.000235039100517, 5.24843089806e-05, 5.23285007148e-06],
        "dvar": [4.12857074916e-12, 1.62210203603e-10, 2.04006251892e-08, 6.8433865863e-07, 1.74506894837e-05, 2.40905137616e-06, 1.4516536794e-05, 5.13366103405e-05, 2.74777653431e-06, 1.5469046275e-06, 1.71759006662e-06, 5.94810626353e-06, 2.17200567931e-06, 1.1237432318e-06, 1.1262978461e-07, 3.1899833175e-07, 2.33193713228e-08, 9.3900842657e-09, 4.23190655852e-08, 8.80450414797e-08, 7.63392264957e-08, 4.97693797286e-08, 1.10502469397e-07, 9.44204927578e-08, 1.75717516981e-07, 9.39213151696e-09, 1.52759430105e-10],
        "dvar2": [1.06946777823e-11, 4.20655427158e-10, 4.96076495438e-08, 1.64360972121e-06, 4.00906610594e-05, 5.8705813899e-06, 3.14332355629e-05, 0.000115402333904, 7.29838757252e-06, 2.4988489713e-06, 4.00366025133e-06, 8.5215906438e-06, 4.07330526286e-06, 2.77024628303e-06, 2.40714456368e-07, 9.1818628789e-07, 5.28813259848e-08, 2.47007694298e-08, 9.01986112467e-08, 1.75482483655e-07, 1.56769957016e-07, 1.2324551335e-07, 2.90636620548e-07, 1.9683155017e-07, 3.67505379018e-07, 2.03463734749e-08, 3.49062861948e-10],
        "max": [4.433090362e-05, 0.000176945788553, 0.00193460588343, 0.0169727317989, 0.0637243241072, 0.0225183982402, 0.0949500277638, 0.133085563779, 0.0390146933496, 0.0275810975581, 0.0305154137313, 0.0936483293772, 0.0317967534065, 0.0235756710172, 0.00484746322036, 0.0144532863051, 0.00390626955777, 0.00127272563986, 0.00403172429651, 0.00687067443505, 0.00398534210399, 0.00343395792879, 0.00398088386282, 0.00650988798589, 0.01018274948, 0.00177753972821, 0.000279597617919],
        "mean": [2.88966248263e-07, 5.71450664211e-06, 0.000199088113732, 0.000762991141528, 0.00367544195615, 0.000940102268942, 0.00122068298515, 0.00262106885202, 0.000533411861397, 0.000828308344353, 0.000563248177059, 0.000833820784464, 0.000365491898265, 0.000230890305829, 0.000240581430262, 0.000139080162626, 9.28587469389e-05, 4.05366663472e-05, 0.000110679633508, 0.000162523501785, 0.000180472430657, 8.34541351651e-05, 0.000105195606011, 0.000228251810768, 0.000325829867506, 5.51665834791e-05, 4.96064922118e-06],
        "median": [1.33459154839e-08, 2.55536974691e-07, 1.20180875456e-05, 0.000230475750868, 0.000428635888966, 0.000117646588478, 0.000129280480905, 4.10276225011e-05, 2.07798475458e-05, 4.77089561173e-05, 2.05260112125e-05, 1.52378161147e-05, 9.4392162282e-06, 1.8060192815e-05, 3.16377481795e-05, 2.0027773644e-05, 2.02118608286e-05, 1.03399770524e-05, 2.30616533372e-05, 2.17259639612e-05, 2.8477217711e-05, 8.66213486006e-06, 1.90941573237e-05, 6.06332905591e-05, 7.55358851166e-05, 1.15466373245e-05, 3.27891910956e-07],
        "min": [1.12343939627e-24, 1.16625748431e-23, 2.2564940209e-24, 5.21409487662e-24, 9.80835491875e-24, 1.80453509791e-23, 1.27430957687e-23, 1.77010021499e-23, 3.87180000476e-23, 3.72135981252e-23, 4.54883735231e-23, 1.24676878606e-23, 6.17321649877e-23, 7.07585954551e-23, 8.38393418351e-23, 9.99156391968e-23, 1.32410277698e-22, 1.46086437356e-22, 1.33787414268e-22, 2.84083276524e-22, 3.05439142245e-22, 3.94282373952e-22, 4.68669660152e-22, 6.46347086376e-22, 1.09141160486e-21, 1.51552614865e-21, 2.01360116071e-21],
        "stdev": [1.91411731976e-06, 1.52343382069e-05, 0.000345898588421, 0.00140135944821, 0.00635434035212, 0.00237792683765, 0.00467353966087, 0.00883111637086, 0.00209324830212, 0.0026660875883, 0.00196315022185, 0.00498686172068, 0.0020506773144, 0.00109580007847, 0.000536693318281, 0.00056791381212, 0.000213619292481, 9.18006771826e-05, 0.000277702813037, 0.000437768729171, 0.00039651748375, 0.000241904781433, 0.000306708010612, 0.000457706395537, 0.000662192178424, 0.000137517257826, 1.5347626686e-05],
        "var": [3.66384526884e-12, 2.32085059504e-10, 1.19645832797e-07, 1.96380824491e-06, 4.03776393796e-05, 5.65453638046e-06, 2.18419718294e-05, 7.79886104283e-05, 4.38168854089e-06, 7.10802260073e-06, 3.85395878766e-06, 2.48687883868e-05, 4.20527703682e-06, 1.2007777741e-06, 2.88039728957e-07, 3.22526119589e-07, 4.56332038823e-08, 8.42736458395e-09, 7.71188481963e-08, 1.916414476e-07, 1.57226111241e-07, 5.85179265045e-08, 9.4069811496e-08, 2.09495155445e-07, 4.38498489075e-07, 1.89109954363e-08, 2.35549635352e-10]
    },
    "erbbands": {
        "dmean": [7.9648096289e-05, 0.00154617591761, 0.0387553796172, 0.458982676268, 3.76258683205, 4.38002967834, 3.99205946922, 3.83804225922, 12.3812475204, 15.5384836197, 25.2091693878, 6.34487533569, 8.84695625305, 11.3434762955, 13.8501749039, 17.4089756012, 10.5647802353, 12.3861665726, 6.78660297394, 5.27995491028, 5.7273015976, 2.6082367897, 1.42503714561, 2.80025315285, 4.30601501465, 4.52236461639, 4.86866998672, 4.02934503555, 2.66171312332, 2.57897377014, 2.60252928734, 2.80495071411, 2.33951210976, 2.23224902153, 0.912869393826, 0.243316531181, 0.046553529799, 0.00924577377737, 0.000352944509359, 1.33351322802e-05],
        "dmean2": [0.000135152076837, 0.00253400788642, 0.06186022982, 0.686945259571, 5.79699039459, 6.65057420731, 5.91742610931, 6.10369491577, 18.6863918304, 21.3735408783, 36.1211471558, 8.96524429321, 12.4395093918, 14.3765163422, 19.13397789, 19.3374061584, 14.8097658157, 19.2362613678, 9.96280765533, 7.96684980392, 9.19603443146, 4.14411497116, 2.28483176231, 4.39672279358, 6.45435190201, 6.5752081871, 7.34272575378, 5.94812774658, 4.21664237976, 4.35003471375, 4.27153301239, 4.21692180634, 3.63247060776, 3.32106184959, 1.38322246075, 0.377323359251, 0.0731928348541, 0.0143312932923, 0.000530941702891, 1.96646251425e-05],
        "dvar": [1.67334903267e-07, 1.39056801345e-05, 0.00922049768269, 1.46099996567, 163.330917358, 173.781448364, 232.202056885, 220.298324585, 4206.33935547, 4593.83447266, 25360.6835938, 1317.89794922, 1074.85656738, 2253.76342773, 5927.29980469, 12732.7568359, 3224.90429688, 4089.40527344, 403.583648682, 219.237014771, 1171.99829102, 53.2675056458, 12.7615175247, 85.7449645996, 129.582351685, 167.75112915, 142.734939575, 122.145828247, 63.8127250671, 108.80619812, 69.8822784424, 42.8234138489, 37.6947975159, 36.1588478088, 4.4821138382, 0.406073927879, 0.0215375460684, 0.00105730257928, 1.26562065361e-06, 8.70202687686e-10],
        "dvar2": [4.29927240475e-07, 3.62375794793e-05, 0.0225707180798, 3.35593771935, 375.625640869, 385.552124023, 502.724884033, 576.984313965, 9881.80761719, 7951.92480469, 63861.3710938, 3361.96704102, 2289.51025391, 4439.14648438, 13348.0556641, 18573.6074219, 5581.35253906, 9933.05078125, 915.65411377, 500.463653564, 3346.02124023, 131.613449097, 31.790977478, 205.609924316, 266.47668457, 339.388580322, 294.340545654, 250.167098999, 158.318374634, 289.303253174, 179.341964722, 93.0965118408, 77.7929077148, 77.5080718994, 9.5405254364, 0.853050768375, 0.0495143011212, 0.00258551421575, 2.93285597763e-06, 1.98028549114e-09],
        "max": [0.00552676105872, 0.0378851071, 1.26826405525, 21.0556774139, 200.177841187, 199.81187439, 428.258087158, 174.05279541, 1518.0637207, 1350.45300293, 3594.33496094, 914.370605469, 668.008483887, 1098.31066895, 1942.4354248, 4488.65527344, 1572.95007324, 1300.92211914, 263.574401855, 218.890686035, 861.75402832, 107.729064941, 44.2391586304, 139.403045654, 212.595901489, 320.47946167, 182.932678223, 193.461776733, 109.73474884, 159.146560669, 95.6907119751, 124.76033783, 138.083816528, 148.469909668, 36.7304458618, 11.2390413284, 2.72506642342, 0.554786145687, 0.0215270351619, 0.000444092496764],
        "mean": [0.000131824621349, 0.00429367646575, 0.15094819665, 1.57983934879, 9.81121063232, 10.0469169617, 10.3462276459, 6.25528049469, 17.3899269104, 31.9003505707, 51.8736457825, 13.6202659607, 18.3298549652, 26.2669487, 26.3921508789, 38.626285553, 16.427280426, 16.1828098297, 11.4681596756, 9.45995616913, 8.59045886993, 4.63971185684, 2.32028079033, 3.96697711945, 7.3095574379, 7.04557228088, 7.64041376114, 6.27500152588, 3.28341674805, 2.41360139847, 3.05735635757, 4.64580202103, 4.0078587532, 4.24616336823, 1.84159195423, 0.426361262798, 0.0734836831689, 0.0148478550836, 0.000573239987716, 3.52525639755e-05],
        "median": [6.6960870754e-05, 0.00140393874608, 0.0392311289907, 0.814691066742, 1.03964829445, 1.36020851135, 1.2415651083, 1.20314216614, 2.33965206146, 2.25906038284, 1.32823574543, 0.755943000317, 1.71338689327, 1.55390512943, 0.914914727211, 0.73332542181, 0.687985777855, 1.00395214558, 1.49450612068, 1.65284597874, 1.42759394646, 1.1809669733, 0.778239607811, 0.752910673618, 1.59999990463, 1.11303079128, 1.27449047565, 0.648752450943, 0.345443576574, 0.254212617874, 0.811556637287, 1.16273963451, 0.866913080215, 0.866701245308, 0.36937341094, 0.0833105295897, 0.0157791264355, 0.00224162638187, 9.49799505179e-05, 2.1669009584e-05],
        "min": [1.25168080204e-22, 1.83065389121e-21, 4.41144064066e-21, 1.525912516e-20, 3.61490464642e-20, 4.18316189449e-20, 1.393549627e-19, 1.65720013482e-19, 1.61949129714e-19, 3.576288495e-19, 4.66616150758e-19, 6.08182270633e-19, 8.04593722144e-19, 8.95844358213e-19, 1.10896403092e-18, 9.18544262173e-19, 3.20577816862e-18, 3.1484744045e-18, 4.29758047657e-18, 5.79002275113e-18, 6.04858617573e-18, 8.0317186071e-18, 8.13004804805e-18, 6.53316925808e-18, 8.81466077331e-18, 1.21472655822e-17, 1.10756878402e-17, 1.45544595992e-17, 1.39217309507e-17, 1.41286038588e-17, 1.25298647396e-17, 1.06118496204e-17, 1.02778531142e-17, 9.80677044666e-18, 6.89323477487e-18, 4.23293755247e-18, 2.85146796774e-18, 1.12197475477e-18, 2.59799129032e-19, 3.20494811872e-20],
        "stdev": [0.000367047614418, 0.00646203430369, 0.227834925056, 2.24111270905, 20.1550693512, 20.4226989746, 29.8010578156, 16.6897563934, 68.867729187, 102.936843872, 181.317047119, 46.9084739685, 60.0925216675, 87.0290145874, 102.159111023, 236.891815186, 83.4343795776, 72.8665313721, 28.2397460938, 20.5239601135, 34.5983505249, 9.79032707214, 4.11963748932, 10.5891542435, 16.7040901184, 18.8266525269, 16.6233310699, 16.7879314423, 9.05783081055, 8.97760391235, 8.14726257324, 9.17539024353, 9.29497909546, 9.14310264587, 3.539031744, 0.950860500336, 0.192165955901, 0.0391795188189, 0.00146299449261, 4.80623566546e-05],
        "var": [1.34723961764e-07, 4.1757884901e-05, 0.051908750087, 5.02258634567, 406.226837158, 417.086669922, 888.103027344, 278.547943115, 4742.76416016, 10595.9941406, 32875.8710938, 2200.40478516, 3611.11132812, 7574.04882812, 10436.4833984, 56117.7304688, 6961.29541016, 5309.53173828, 797.483215332, 421.232940674, 1197.04577637, 95.8505096436, 16.971414566, 112.130195618, 279.026641846, 354.442840576, 276.335113525, 281.834625244, 82.0442962646, 80.597366333, 66.3778915405, 84.1877822876, 86.3966369629, 83.5963287354, 12.5247459412, 0.904135644436, 0.0369277521968, 0.00153503473848, 2.14035276258e-06, 2.30999019912e-09]
    },
    "gfcc": {
        "mean": [-113.117301941, 57.8166809082, -109.538368225, -6.98380041122, -84.0766906738, -3.06654119492, -63.9607620239, -1.74955153465, -38.8957023621, -4.60915994644, -25.259305954, -13.2727231979, -7.84057474136],
        "cov": [[26109.0839844, -5496.11865234, -1913.98144531, 1704.0892334, -1951.63647461, 574.868835449, -889.98046875, 744.196777344, -1259.57421875, 572.456115723, -558.056152344, -511.501983643, -780.715393066], [-5496.11865234, 5919.55322266, 1181.1204834, -873.693908691, 719.96673584, -191.374908447, 378.76449585, -989.884277344, 389.673858643, -753.645446777, -130.813796997, -31.0570373535, 38.8750076294], [-1913.98144531, 1181.1204834, 1868.22949219, 617.443969727, 261.866577148, 80.1273193359, 210.622268677, -235.649261475, -121.133514404, -276.495483398, -187.325210571, -187.032989502, -154.863433838], [1704.0892334, -873.693908691, 617.443969727, 1311.6706543, -45.8238830566, 49.8128585815, -53.4499740601, 62.4303512573, -287.662963867, -80.2319335938, -138.402542114, -189.451171875, -64.4920349121], [-1951.63647461, 719.96673584, 261.866577148, -45.8238830566, 554.709228516, -17.829870224, 60.1716575623, -19.416973114, 93.2515029907, -78.1043167114, 6.70927381516, -6.50278615952, 16.784992218], [574.868835449, -191.374908447, 80.1273193359, 49.8128585815, -17.829870224, 290.519744873, 55.9558410645, -5.32058382034, -28.5295181274, 18.8202018738, -11.3840837479, -3.49421930313, -79.5563964844], [-889.98046875, 378.76449585, 210.622268677, -53.4499740601, 60.1716575623, 55.9558410645, 288.524108887, -89.8834991455, 19.6282196045, -47.9739952087, 16.7098999023, 23.7938041687, -54.4471321106], [744.196777344, -989.884277344, -235.649261475, 62.4303512573, -19.416973114, -5.32058382034, -89.8834991455, 451.249908447, 6.51986169815, 134.506469727, 61.3944702148, -21.6354446411, -13.9290189743], [-1259.57421875, 389.673858643, -121.133514404, -287.662963867, 93.2515029907, -28.5295181274, 19.6282196045, 6.51986169815, 237.451965332, 14.9057254791, 52.4811515808, 59.169216156, 43.7384986877], [572.456115723, -753.645446777, -276.495483398, -80.2319335938, -78.1043167114, 18.8202018738, -47.9739952087, 134.506469727, 14.9057254791, 234.494842529, 47.7225379944, 36.242149353, 6.68988037109], [-558.056152344, -130.813796997, -187.325210571, -138.402542114, 6.70927381516, -11.3840837479, 16.7098999023, 61.3944702148, 52.4811515808, 47.7225379944, 135.220169067, 55.6221466064, 40.9028816223], [-511.501983643, -31.0570373535, -187.032989502, -189.451171875, -6.50278615952, -3.49421930313, 23.7938041687, -21.6354446411, 59.169216156, 36.242149353, 55.6221466064, 181.60218811, 73.9530105591], [-780.715393066, 38.8750076294, -154.863433838, -64.4920349121, 16.784992218, -79.5563964844, -54.4471321106, -13.9290189743, 43.7384986877, 6.68988037109, 40.9028816223, 73.9530105591, 206.142700195]],
        "icov": [[0.000144938851008, -0.000104395956441, 0.000253664242337, -0.000167772654095, 0.000320245570038, -0.00021441494755, 0.000249468663242, -0.000227296492085, 0.000534336082637, -0.000282926193904, 0.000480246962979, -2.73421592283e-05, 0.000458718044683], [-0.000104395956441, 0.000960849516559, -0.000462726340629, 0.000768127967604, -0.00071748130722, 0.000516936997883, -0.000350834860001, 0.0013005589135, -0.00126432208344, 0.0019925753586, -0.000163568911375, 0.000613502634224, -0.00041479113861], [0.000253664242337, -0.000462726340629, 0.00152004195843, -0.000864175206516, 0.00035472039599, -0.000551566889044, -6.70886511216e-05, -0.000520490051713, 0.00114869466051, -0.000565823807847, 0.00137640349567, 0.000124792291899, 0.00108164246194], [-0.000167772654095, 0.000768127967604, -0.000864175206516, 0.0020264480263, -0.000658748380374, 0.000355437514372, -0.000242822032305, 0.000656519725453, -1.11614672278e-05, 0.0017463080585, -7.38513426768e-06, 0.00106487399898, -0.00105930457357], [0.000320245570038, -0.00071748130722, 0.00035472039599, -0.000658748380374, 0.0032104421407, -0.000636166194454, 0.000453665910754, -0.00138758274261, 0.000741192372516, -0.0010753069073, 0.000768522557337, -0.00022573149181, 0.000733814493287], [-0.00021441494755, 0.000516936997883, -0.000551566889044, 0.000355437514372, -0.000636166194454, 0.00452803773805, -0.00094547343906, 0.00091999291908, -0.000952741305809, 0.000577669357881, -0.000606283021625, -0.000375097442884, 0.000837314641103], [0.000249468663242, -0.000350834860001, -6.70886511216e-05, -0.000242822032305, 0.000453665910754, -0.00094547343906, 0.00528580183163, 0.000116098737635, 0.00094275031006, -0.000411803019233, -0.000861640553921, -0.00126878416631, 0.00232619512826], [-0.000227296492085, 0.0013005589135, -0.000520490051713, 0.000656519725453, -0.00138758274261, 0.00091999291908, 0.000116098737635, 0.00504733016714, -0.00227389647625, 0.00127274054103, -0.00200856756419, 0.00143967813347, -0.000128746716655], [0.000534336082637, -0.00126432208344, 0.00114869466051, -1.11614672278e-05, 0.000741192372516, -0.000952741305809, 0.00094275031006, -0.00227389647625, 0.00933201424778, -0.00282211089507, 0.000855481775943, -0.00112766504753, 0.00113522855099], [-0.000282926193904, 0.0019925753586, -0.000565823807847, 0.0017463080585, -0.0010753069073, 0.000577669357881, -0.000411803019233, 0.00127274054103, -0.00282211089507, 0.0104498760775, -0.00123069190886, 0.000456384645076, -0.000698164629284], [0.000480246962979, -0.000163568911375, 0.00137640349567, -7.38513426768e-06, 0.000768522557337, -0.000606283021625, -0.000861640553921, -0.00200856756419, 0.000855481775943, -0.00123069190886, 0.0126768564805, -0.00130522879772, 3.28411879309e-05], [-2.73421592283e-05, 0.000613502634224, 0.000124792291899, 0.00106487399898, -0.00022573149181, -0.000375097442884, -0.00126878416631, 0.00143967813347, -0.00112766504753, 0.000456384645076, -0.00130522879772, 0.00894629582763, -0.00288258702494], [0.000458718044683, -0.00041479113861, 0.00108164246194, -0.00105930457357, 0.000733814493287, 0.000837314641103, 0.00232619512826, -0.000128746716655, 0.00113522855099, -0.000698164629284, 3.28411879309e-05, -0.00288258702494, 0.00882617477328]]
    },
    "melbands": {
        "dmean": [7.83276448146e-07, 1.68653969013e-05, 0.000170581173734, 0.000306445901515, 0.000150351188495, 9.26216016524e-05, 0.000182795425644, 0.00020461063832, 0.000188635240193, 3.2290998206e-05, 4.51309024356e-05, 4.7305944463e-05, 3.72182294086e-05, 5.57740822842e-05, 2.6909787266e-05, 2.55780105363e-05, 2.41008383455e-05, 1.06170791696e-05, 9.35016760195e-06, 5.97477037445e-06, 7.42128440834e-06, 3.03001183966e-06, 1.62848834862e-06, 1.46872184814e-06, 2.4446385396e-06, 2.92209347208e-06, 3.93005075239e-06, 2.94553478852e-06, 3.17224066748e-06, 3.03803085444e-06, 2.25448570745e-06, 1.65485369052e-06, 1.14952410968e-06, 1.61011075761e-06, 1.41730026826e-06, 1.89158333797e-06, 1.68367728293e-06, 1.55168436322e-06, 2.20036463361e-06, 1.88905198684e-06],
        "dmean2": [1.30503849505e-06, 2.65752460109e-05, 0.000260124332272, 0.000475464592455, 0.000222577669774, 0.000147101352923, 0.000268098723609, 0.000280173466308, 0.00027477031108, 4.58211507066e-05, 6.37443954474e-05, 5.86715104873e-05, 5.33866950718e-05, 6.58288627164e-05, 3.79508637707e-05, 3.76602074539e-05, 3.82191574317e-05, 1.67022390087e-05, 1.38059085657e-05, 9.20872480492e-06, 1.2068745491e-05, 4.74548187412e-06, 2.62501134785e-06, 2.45268961407e-06, 3.88247872252e-06, 4.55010695077e-06, 5.92810920352e-06, 4.40296980742e-06, 4.75364367958e-06, 4.47999354947e-06, 3.30811985805e-06, 2.60799606622e-06, 1.89716899968e-06, 2.76796686194e-06, 2.36582582147e-06, 3.0044009236e-06, 2.52428662861e-06, 2.46692525252e-06, 3.23996096085e-06, 2.88131013804e-06],
        "dvar": [1.172102259e-11, 1.74098935268e-09, 2.69678452014e-07, 8.65911374603e-07, 3.13320157375e-07, 1.20233096368e-07, 8.40486165998e-07, 9.66922243606e-07, 1.64850098372e-06, 2.67532183074e-08, 2.83317902472e-08, 3.9088881465e-08, 3.72525690295e-08, 1.12404052288e-07, 2.12304627212e-08, 2.540209465e-08, 1.79291941294e-08, 1.36017463959e-09, 6.52179421579e-10, 3.58786417243e-10, 2.15461404274e-09, 6.23303561542e-11, 1.78343555202e-11, 2.35877879728e-11, 7.01331007158e-11, 7.67947511138e-11, 1.19366919127e-10, 8.16021347716e-11, 6.55685228335e-11, 5.67649850736e-11, 4.344041446e-11, 2.34514074826e-11, 1.95327816421e-11, 4.30256871797e-11, 2.4298667245e-11, 2.33789602261e-11, 1.4670313575e-11, 1.41591634251e-11, 4.61652209516e-11, 2.17194786462e-11],
        "dvar2": [3.02727322377e-11, 4.23993018472e-09, 6.17902912836e-07, 1.97968256543e-06, 7.12022369953e-07, 3.09898013029e-07, 1.89137551843e-06, 1.79553921953e-06, 4.30077534475e-06, 6.5863837051e-08, 5.96355320681e-08, 7.18339592254e-08, 8.66655440745e-08, 1.76538151209e-07, 3.82675509059e-08, 4.43608350054e-08, 4.35144933419e-08, 3.32678617987e-09, 1.38114786274e-09, 8.69265603942e-10, 6.10313133365e-09, 1.42100664569e-10, 4.68284369615e-11, 6.29328117396e-11, 1.71331795973e-10, 1.71124364678e-10, 2.65416244538e-10, 1.67273278562e-10, 1.38116809656e-10, 1.2626441559e-10, 8.54123438643e-11, 5.67480715197e-11, 5.22305983186e-11, 1.14322593059e-10, 6.30638388732e-11, 5.68635520615e-11, 3.09631036088e-11, 3.19255698267e-11, 9.82824793772e-11, 4.64025623481e-11],
        "max": [4.71258099424e-05, 0.000494549341965, 0.00743641145527, 0.0142975822091, 0.0164268389344, 0.00405335286632, 0.0223313923925, 0.021990261972, 0.0318559594452, 0.00348881189711, 0.00335631752387, 0.00435603177175, 0.00482418714091, 0.0119103640318, 0.00383871351369, 0.00394052173942, 0.00294569414109, 0.000529283017386, 0.000456348643638, 0.000324706867104, 0.00118806504179, 0.000157473958097, 7.0059162681e-05, 7.34693458071e-05, 0.000135061287438, 0.00018205116794, 0.000211322767427, 0.00023447345302, 0.000138979550684, 0.000120881260955, 0.000138991192216, 7.01289318386e-05, 7.53979402361e-05, 9.06112836674e-05, 5.80181331316e-05, 7.1172209573e-05, 7.73478386691e-05, 7.51470652176e-05, 0.000170174491359, 0.000101555029687],
        "mean": [1.00442252915e-06, 6.46013722871e-05, 0.000511174323037, 0.000758954498451, 0.000380267592845, 0.000156318303198, 0.000264370231889, 0.000404504680773, 0.000389033375541, 6.34895113762e-05, 9.15818964131e-05, 0.000106211591628, 6.98405856383e-05, 0.000113789159514, 5.29168064531e-05, 3.43904794136e-05, 2.96439320664e-05, 1.64720622706e-05, 1.70802977664e-05, 9.63446836977e-06, 1.01948571682e-05, 5.28129248778e-06, 2.51512369687e-06, 1.89424929431e-06, 3.20835556522e-06, 4.71020075565e-06, 6.04236538493e-06, 4.28178236689e-06, 4.76426930618e-06, 4.34108824265e-06, 3.45273656421e-06, 2.02688715945e-06, 1.17217336992e-06, 1.39846929414e-06, 1.47407138229e-06, 2.62400089923e-06, 2.85314649773e-06, 2.38532743424e-06, 3.75762874683e-06, 3.47121681443e-06],
        "median": [6.0426664561e-08, 5.95186520513e-06, 0.000191883096704, 7.99906629254e-05, 3.75453309971e-05, 2.15341442527e-05, 3.20586477756e-05, 1.62885171449e-05, 8.45609520184e-06, 3.31765431838e-06, 5.50309641767e-06, 4.88328669235e-06, 2.55761324297e-06, 2.0425634375e-06, 1.23323115986e-06, 9.22746266951e-07, 1.59256387633e-06, 1.89039428733e-06, 2.53978282672e-06, 1.59575483849e-06, 1.39565702284e-06, 1.11855388241e-06, 7.98602002305e-07, 4.239035718e-07, 4.57294305534e-07, 9.2584690492e-07, 7.90868057265e-07, 5.9069600411e-07, 6.7062137532e-07, 6.17744092324e-07, 1.78264713213e-07, 1.51847117991e-07, 1.30849414859e-07, 9.77067813324e-08, 2.0181764171e-07, 7.92930336502e-07, 5.67794074868e-07, 4.93123877732e-07, 5.28178759396e-07, 6.5081729872e-07],
        "min": [2.60171335809e-24, 3.12395525178e-24, 4.14895042771e-24, 3.10754852267e-24, 5.14197445166e-24, 3.69927565147e-24, 2.69734341575e-24, 3.90023362834e-24, 3.68958646741e-24, 4.89880058344e-24, 3.72498147293e-24, 2.68058446025e-24, 4.88122279032e-24, 2.47512228483e-24, 3.85905706124e-24, 6.79222413372e-24, 5.26391854254e-24, 6.02986619391e-24, 6.72606473619e-24, 5.84001419529e-24, 6.57518680502e-24, 7.92822959117e-24, 8.228712232e-24, 6.47901874422e-24, 4.93591254473e-24, 4.43531837479e-24, 8.35975070583e-24, 7.27077871327e-24, 6.32013308601e-24, 6.67212794951e-24, 8.07069234863e-24, 6.97657303867e-24, 7.27313425193e-24, 7.93327199008e-24, 6.55906327698e-24, 5.63813167344e-24, 6.98530572889e-24, 6.65344614556e-24, 8.60397652006e-24, 7.93146549861e-24],
        "stdev": [3.29495901497e-06, 9.87663661363e-05, 0.000858842977323, 0.00138123705983, 0.00100229796953, 0.000415592541685, 0.00102984148543, 0.00138086022343, 0.00137986347545, 0.000235150379012, 0.000309401832055, 0.000377532443963, 0.000260879023699, 0.000617659534328, 0.000267038296442, 0.000217649430851, 0.000143695389852, 4.49633371318e-05, 3.98868942284e-05, 2.4518059945e-05, 4.45242585556e-05, 1.1754424122e-05, 5.11890675625e-06, 4.5315287025e-06, 9.35015577852e-06, 1.1800187167e-05, 1.52571064973e-05, 1.26363447635e-05, 1.1365444152e-05, 9.91408160189e-06, 1.0479602679e-05, 5.92147989664e-06, 3.88400485463e-06, 5.58694455322e-06, 4.57450005342e-06, 5.73287024963e-06, 5.61873275728e-06, 5.22355276189e-06, 1.0131379895e-05, 7.14693533155e-06],
        "var": [1.08567555987e-11, 9.75479519383e-09, 7.37611287605e-07, 1.90781565834e-06, 1.00460124486e-06, 1.72717150804e-07, 1.06057348148e-06, 1.90677496903e-06, 1.90402306544e-06, 5.52957040156e-08, 9.57294972181e-08, 1.42530751646e-07, 6.80578722267e-08, 3.81503326707e-07, 7.13094578941e-08, 4.73712731264e-08, 2.06483647958e-08, 2.02170169494e-09, 1.59096436025e-09, 6.01135252687e-10, 1.98240956983e-09, 1.38166478258e-10, 2.62032080062e-11, 2.05347527177e-11, 8.74254071914e-11, 1.39244407671e-10, 2.32779295839e-10, 1.59677202016e-10, 1.29173324814e-10, 9.82890088763e-11, 1.09822068106e-10, 3.50639239866e-11, 1.50854953529e-11, 3.12139480929e-11, 2.09260508227e-11, 3.28658038284e-11, 3.15701596809e-11, 2.72855054523e-11, 1.02644850952e-10, 5.10786864194e-11]
    },
    "melbands128": {
