{
"lowlevel": {
    "average_loudness": 0.93694627285,
    "barkbands_crest": {
        "dmean": 3.9029405117,
        "dmean2": 6.69482469559,
        "dvar": 9.9877576828,
        "dvar2": 28.4016456604,
        "max": 24.4559631348,
        "mean": 13.3667297363,
        "median": 13.4508714676,
        "min": 3.18939423561,
        "stdev": 4.48581171036,
        "var": 20.1225070953
    },
    "barkbands_flatness_db": {
        "dmean": 0.0287727825344,
        "dmean2": 0.0467845275998,
        "dvar": 0.000660449266434,
        "dvar2": 0.00177152594551,
        "max": 0.340132862329,
        "mean": 0.169644787908,
        "median": 0.165019243956,
        "min": 0.041334785521,
        "stdev": 0.0455051027238,
        "var": 0.00207071448676
    },
    "barkbands_kurtosis": {
        "dmean": 6.00992870331,
        "dmean2": 10.1534032822,
        "dvar": 77.8958587646,
        "dvar2": 212.522079468,
        "max": 86.9088973999,
        "mean": 9.04660129547,
        "median": 4.58648824692,
        "min": -1.77210175991,
        "stdev": 11.5504312515,
        "var": 133.412460327
    },
    "barkbands_skewness": {
        "dmean": 0.812759757042,
        "dmean2": 1.33049988747,
        "dvar": 0.698301076889,
        "dvar2": 1.80342400074,
        "max": 8.44438076019,
        "mean": 2.40589118004,
        "median": 2.11793684959,
        "min": -1.74199390411,
        "stdev": 1.3838313818,
        "var": 1.91498935223
    },
    "barkbands_spread": {
        "dmean": 4.54556417465,
        "dmean2": 7.53233242035,
        "dvar": 27.2282428741,
        "dvar2": 64.0230255127,
        "max": 91.4923171997,
        "mean": 15.7049207687,
        "median": 15.3630495071,
        "min": 1.42397737503,
        "stdev": 8.62219524384,
        "var": 74.3422546387
    },
    "dissonance": {
        "dmean": 0.0213212147355,
        "dmean2": 0.0356912948191,
        "dvar": 0.000623653293587,
        "dvar2": 0.00162945548072,
        "max": 0.499999344349,
        "mean": 0.461884975433,
        "median": 0.466249167919,
        "min": 0.0738000646234,
        "stdev": 0.0272939968854,
        "var": 0.000744962249883
    },
    "dynamic_complexity": 2.05181837082,
    "erbbands_crest": {
        "dmean": 2.48191308975,
        "dmean2": 4.06064653397,
        "dvar": 5.39482212067,
        "dvar2": 12.9435071945,
        "max": 28.3165435791,
        "mean": 8.22765350342,
        "median": 7.4698472023,
        "min": 2.60858249664,
        "stdev": 3.58344817162,
        "var": 12.8411006927
    },
    "erbbands_flatness_db": {
        "dmean": 0.0169560816139,
        "dmean2": 0.0241943225265,
        "dvar": 0.000243956164923,
        "dvar2": 0.000439518742496,
        "max": 0.257223039865,
        "mean": 0.139772251248,
        "median": 0.141023978591,
        "min": 0.0629786625504,
        "stdev": 0.0334623493254,
        "var": 0.00111972878221
    },
    "erbbands_kurtosis": {
        "dmean": 0.760236263275,
        "dmean2": 1.20417547226,
        "dvar": 0.678116202354,
        "dvar2": 1.5727802515,
        "max": 10.2003688812,
        "mean": 0.432661384344,
        "median": 0.13444852829,
        "min": -1.63021099567,
        "stdev": 1.46119272709,
        "var": 2.13508415222
    },
    "erbbands_skewness": {
        "dmean": 0.307265043259,
        "dmean2": 0.479042440653,
        "dvar": 0.0683050975204,
        "dvar2": 0.16037350893,
        "max": 2.77638745308,
        "mean": 0.354069918394,
        "median": 0.334155976772,
        "min": -2.25217318535,
        "stdev": 0.50679308176,
        "var": 0.256839245558
    },
    "erbbands_spread": {
        "dmean": 9.21996212006,
        "dmean2": 13.8759269714,
        "dvar": 108.711769104,
        "dvar2": 238.859512329,
        "max": 133.355072021,
        "mean": 38.7196922302,
        "median": 36.012752533,
        "min": 6.4564909935,
        "stdev": 17.5892353058,
        "var": 309.381225586
    },
    "hfc": {
        "dmean": 7.52821826935,
        "dmean2": 11.8482980728,
        "dvar": 160.347686768,
        "dvar2": 388.790649414,
        "max": 187.901031494,
        "mean": 22.2136898041,
        "median": 18.8636817932,
        "min": 1.13640812175e-16,
        "stdev": 17.0086669922,
        "var": 289.29473877
    },
    "loudness_ebu128": {
        "integrated": -12.4979190826,
        "loudness_range": 2.83829116821,
        "momentary": {
            "dmean": 0.540319561958,
            "dmean2": 0.79362988472,
            "dvar": 0.234999626875,
            "dvar2": 0.403077840805,
            "max": -9.22418022156,
            "mean": -12.7448568344,
            "median": -12.6737098694,
            "min": -17.4747886658,
            "stdev": 1.50115668774,
            "var": 2.25347137451
        },
        "short_term": {
            "dmean": 0.0813773572445,
            "dmean2": 0.0891712456942,
            "dvar": 0.00454029487446,
            "dvar2": 0.00544599955902,
            "max": -10.7663936615,
            "mean": -12.6141376495,
            "median": -12.5146169662,
            "min": -14.6830434799,
            "stdev": 0.840175032616,
            "var": 0.705894112587
        }
    },
    "melbands_crest": {
        "dmean": 4.78147792816,
        "dmean2": 8.07771587372,
        "dvar": 14.8302412033,
        "dvar2": 40.22290802,
        "max": 36.4936523438,
        "mean": 19.8088378906,
        "median": 19.6985149384,
        "min": 2.32948470116,
        "stdev": 6.02909231186,
        "var": 36.3499565125
    },
    "melbands_flatness_db": {
        "dmean": 0.0341656208038,
        "dmean2": 0.0556411109865,
        "dvar": 0.000911643379368,
        "dvar2": 0.00235468661413,
        "max": 0.446454018354,
        "mean": 0.252144873142,
        "median": 0.246794208884,
        "min": 0.00818666443229,
        "stdev": 0.0552748553455,
        "var": 0.00305530964397
    },
    "melbands_kurtosis": {
        "dmean": 15.4381561279,
        "dmean2": 26.0137271881,
        "dvar": 712.493347168,
        "dvar2": 1894.6875,
        "max": 343.835113525,
        "mean": 23.9436130524,
        "median": 13.7386302948,
        "min": -1.38358807564,
        "stdev": 30.1529884338,
        "var": 909.202697754
    },
    "melbands_skewness": {
        "dmean": 1.18682467937,
        "dmean2": 1.92296600342,
        "dvar": 1.69957697392,
        "dvar2": 4.22885656357,
        "max": 15.7859125137,
        "mean": 3.63384985924,
        "median": 3.18422245979,
        "min": 0.108704939485,
        "stdev": 2.01279711723,
        "var": 4.05135202408
    },
    "melbands_spread": {
        "dmean": 4.66308450699,
        "dmean2": 7.65284967422,
        "dvar": 32.7393684387,
        "dvar2": 60.4686126709,
        "max": 136.716552734,
        "mean": 13.6460371017,
        "median": 12.5566139221,
        "min": 1.02221608162,
        "stdev": 8.96840190887,
        "var": 80.4322280884
    },
    "pitch_salience": {
        "dmean": 0.0941430479288,
        "dmean2": 0.158193305135,
        "dvar": 0.00633924594149,
        "dvar2": 0.0170847009867,
        "max": 0.838289678097,
        "mean": 0.449157714844,
        "median": 0.448438853025,
        "min": 0.117415629327,
        "stdev": 0.114434301853,
        "var": 0.013095209375
    },
    "silence_rate_20dB": {
        "dmean": 0.0030959751457,
        "dmean2": 0.00619674660265,
        "dvar": 0.00308638834395,
        "dvar2": 0.00770753296092,
        "max": 1,
        "mean": 0.997679829597,
        "median": 1,
        "min": 0,
        "stdev": 0.0481123887002,
        "var": 0.00231480202638
    },
    "silence_rate_30dB": {
        "dmean": 0.0913312658668,
        "dmean2": 0.18280403316,
        "dvar": 0.0829892531037,
        "dvar2": 0.177272126079,
        "max": 1,
        "mean": 0.873936593533,
        "median": 1,
        "min": 0,
        "stdev": 0.331920027733,
        "var": 0.110170900822
    },
    "silence_rate_60dB": {
        "dmean": 0.000773993786424,
        "dmean2": 0.00154918665066,
        "dvar": 0.000773391744588,
        "dvar2": 0.00154677091632,
        "max": 1,
        "mean": 0.00154679035768,
        "median": 0,
        "min": 0,
        "stdev": 0.0392987206578,
        "var": 0.00154438940808
    },
    "spectral_centroid": {
        "dmean": 219.233795166,
        "dmean2": 340.703399658,
        "dvar": 142386.46875,
        "dvar2": 223856.453125,
        "max": 11026.6230469,
        "mean": 1111.63061523,
        "median": 1035.23376465,
        "min": 240.328018188,
        "stdev": 555.778991699,
        "var": 308890.28125
    },
    "spectral_complexity": {
        "dmean": 3.90557265282,
        "dmean2": 6.19752120972,
        "dvar": 22.9291324615,
        "dvar2": 48.6388511658,
        "max": 62,
        "mean": 20.7842235565,
        "median": 20,
        "min": 0,
        "stdev": 8.57272911072,
        "var": 73.49168396
    },
    "spectral_decrease": {
        "dmean": 8.72304717348e-09,
        "dmean2": 1.49448844411e-08,
        "dvar": 2.47002721883e-16,
        "dvar2": 6.50751855272e-16,
        "max": -1.98995688354e-29,
        "mean": -1.73138641202e-08,
        "median": -1.37954208057e-08,
        "min": -1.46372642007e-07,
        "stdev": 1.54320094481e-08,
        "var": 2.3814693948e-16
    },
    "spectral_energy": {
        "dmean": 0.0334075056016,
        "dmean2": 0.057163991034,
        "dvar": 0.00360408867709,
        "dvar2": 0.009481635876,
        "max": 0.558263123035,
        "mean": 0.0673613771796,
        "median": 0.0539017543197,
        "min": 1.03826547265e-20,
        "stdev": 0.0592184923589,
        "var": 0.0035068297293
    },
    "spectral_energyband_high": {
        "dmean": 0.000404416263336,
        "dmean2": 0.000623486703262,
        "dvar": 8.09307323379e-07,
        "dvar2": 1.91409822037e-06,
        "max": 0.014707765542,
        "mean": 0.000646604166832,
        "median": 0.000328366761096,
        "min": 7.28616145674e-21,
        "stdev": 0.00105539185461,
        "var": 1.11385190849e-06
    },
    "spectral_energyband_low": {
        "dmean": 0.0313433930278,
        "dmean2": 0.0542225912213,
        "dvar": 0.00345134665258,
        "dvar2": 0.0091862892732,
        "max": 0.53849285841,
        "mean": 0.0471540652215,
        "median": 0.0328599512577,
        "min": 1.03166396148e-22,
        "stdev": 0.055295150727,
        "var": 0.00305755366571
    },
    "spectral_energyband_middle_high": {
        "dmean": 0.00225589424372,
        "dmean2": 0.00347859505564,
        "dvar": 1.14902786663e-05,
        "dvar2": 2.44700240728e-05,
        "max": 0.0572490394115,
        "mean": 0.00662780879065,
        "median": 0.00462546665221,
        "min": 1.76142557862e-21,
        "stdev": 0.00654681678861,
        "var": 4.2860810936e-05
    },
    "spectral_energyband_middle_low": {
        "dmean": 0.00581010384485,
        "dmean2": 0.00925026740879,
        "dvar": 7.14906127541e-05,
        "dvar2": 0.000171471605427,
        "max": 0.0975836664438,
        "mean": 0.0144588546827,
        "median": 0.0115215852857,
        "min": 4.0334458084e-22,
        "stdev": 0.0112834647298,
        "var": 0.000127316568978
    },
    "spectral_entropy": {
        "dmean": 0.150447130203,
        "dmean2": 0.212924495339,
        "dvar": 0.0265584737062,
        "dvar2": 0.0458504445851,
        "max": 9.80063915253,
        "mean": 7.55391407013,
        "median": 7.53649520874,
        "min": 6.55537986755,
        "stdev": 0.319793343544,
        "var": 0.10226777941
    },
    "spectral_flux": {
        "dmean": 0.0463990829885,
        "dmean2": 0.0770472884178,
        "dvar": 0.00408725533634,
        "dvar2": 0.00873527675867,
        "max": 0.624369561672,
        "mean": 0.12926517427,
        "median": 0.110393062234,
        "min": 1.01895311633e-10,
        "stdev": 0.079784207046,
        "var": 0.0063655199483
    },
    "spectral_kurtosis": {
        "dmean": 1.41866052151,
        "dmean2": 2.26808428764,
        "dvar": 2.28082513809,
        "dvar2": 5.84282207489,
        "max": 23.674659729,
        "mean": 4.554043293,
        "median": 4.19861984253,
        "min": -1.15574431419,
        "stdev": 2.38370895386,
        "var": 5.68206882477
    },
    "spectral_rms": {
        "dmean": 0.00176520482637,
        "dmean2": 0.00294498330913,
        "dvar": 4.90721686219e-06,
        "dvar2": 1.22173996715e-05,
        "max": 0.0233376715332,
        "mean": 0.00764146866277,
        "median": 0.00725169479847,
        "min": 3.18267482681e-12,
        "stdev": 0.00270672538318,
        "var": 7.3263622653e-06
    },
    "spectral_rolloff": {
        "dmean": 248.94770813,
        "dmean2": 414.066802979,
        "dvar": 403827.1875,
        "dvar2": 562054.25,
        "max": 18949.21875,
        "mean": 622.74597168,
        "median": 495.263671875,
        "min": 64.599609375,
        "stdev": 753.935241699,
        "var": 568418.375
    },
    "spectral_skewness": {
        "dmean": 0.213222369552,
        "dmean2": 0.326990067959,
        "dvar": 0.0456273593009,
        "dvar2": 0.0954765975475,
        "max": 3.67271542549,
        "mean": 1.66502165794,
        "median": 1.63896596432,
        "min": -0.0142633300275,
        "stdev": 0.421706050634,
        "var": 0.177836000919
    },
    "spectral_spread": {
        "dmean": 547128.5625,
        "dmean2": 735101.75,
        "dvar": 1.04430167654e+12,
        "dvar2": 1.0028637225e+12,
        "max": 40214276,
        "mean": 4550456,
        "median": 4223667,
        "min": 2218546.75,
        "stdev": 1712813.625,
        "var": 2.93373057434e+12
    },
    "spectral_strongpeak": {
        "dmean": 0.315311461687,
        "dmean2": 0.569272577763,
        "dvar": 0.488125264645,
        "dvar2": 1.29780054092,
        "max": 9.22692680359,
        "mean": 0.453064590693,
        "median": 0.296451568604,
        "min": 0,
        "stdev": 0.626007020473,
        "var": 0.391884803772
    },
    "zerocrossingrate": {
        "dmean": 0.00725997099653,
        "dmean2": 0.00927583128214,
        "dvar": 0.000237951549934,
        "dvar2": 0.000258842221228,
        "max": 0.5029296875,
        "mean": 0.0337348356843,
        "median": 0.0322265625,
        "min": 0.00439453125,
        "stdev": 0.0208508279175,
        "var": 0.000434757006587
    },
    "barkbands": {
        "dmean": [0.00206770421937, 0.0268065482378, 0.00514000933617, 0.00261667370796, 0.0020620606374, 0.00121602776926, 0.00145240745042, 0.000830216857139, 0.000847877992783, 0.000514169863891, 0.000594251963776, 0.00116075680126, 0.000483084848383, 0.000275845231954, 0.000200734459213, 0.000136546223075, 0.00013916224998, 0.000164580866112, 0.000190995677258, 0.000150092935655, 0.00010103409295, 8.13361621113e-05, 6.48773930152e-05, 6.29683563602e-05, 4.66664314445e-05, 1.64086923178e-05, 9.1217350473e-07],
        "dmean2": [0.00320362183265, 0.0467559807003, 0.00900366622955, 0.00447012251243, 0.00334656797349, 0.00187879032455, 0.00227896007709, 0.0013309243368, 0.00131202116609, 0.000853031873703, 0.000984020647593, 0.00174145016354, 0.000775232794695, 0.000457341026049, 0.000341875420418, 0.000211869933992, 0.000225231182412, 0.000280152860796, 0.000318185746437, 0.000250145501923, 0.000165135134012, 0.00012993364362, 0.000100398763607, 9.72608395386e-05, 7.46156438254e-05, 2.63520487351e-05, 1.6384550463e-06],
        "dvar": [1.23920026454e-05, 0.00245499797165, 0.000168042999576, 3.28446585627e-05, 9.47665012063e-06, 3.61009097105e-06, 5.72231692786e-06, 2.36564915213e-06, 2.40068106905e-06, 9.78308548838e-07, 1.46977492932e-06, 5.65163600186e-06, 9.35960713377e-07, 4.15804095155e-07, 1.35239929477e-07, 5.62815927196e-08, 6.78248639474e-08, 1.24972913795e-07, 1.60393128112e-07, 8.63334648216e-08, 6.84087595459e-08, 3.61443568409e-08, 2.06161825389e-08, 1.44391636425e-08, 1.23442749356e-08, 1.53432599959e-09, 1.38586737572e-11],
        "dvar2": [2.72633769782e-05, 0.00663933437318, 0.000476770917885, 8.24352246127e-05, 2.36639607465e-05, 8.40995653562e-06, 1.32081004267e-05, 6.48347031529e-06, 5.10216386829e-06, 2.70230816568e-06, 3.60184026249e-06, 1.13589385364e-05, 2.23518236453e-06, 9.37148399771e-07, 3.64873159242e-07, 1.17170401381e-07, 1.67398496842e-07, 3.43738463471e-07, 4.22138157319e-07, 2.3251368475e-07, 1.78052033561e-07, 8.36737683585e-08, 4.53491821872e-08, 3.41667387715e-08, 3.02574747479e-08, 3.87451049022e-09, 3.973539206e-11],
        "max": [0.0557772628963, 0.505662322044, 0.157134145498, 0.0677926167846, 0.0409368984401, 0.0260979551822, 0.0419915020466, 0.0207481179386, 0.0295762456954, 0.021429406479, 0.0200329683721, 0.0490332357585, 0.0145928356797, 0.0131535967812, 0.00396934663877, 0.00447428133339, 0.00407294603065, 0.00563644897193, 0.00465342449024, 0.00571188470349, 0.00396560132504, 0.00248206406832, 0.00185198662803, 0.00166578986682, 0.0012183052022, 0.000487323588459, 5.13590857736e-05],
        "mean": [0.0043012779206, 0.0356772504747, 0.0057704821229, 0.00299218785949, 0.00336757884361, 0.00257246079855, 0.00241256202571, 0.00131060625426, 0.00160242454149, 0.000868344155606, 0.000955133233219, 0.00204150145873, 0.000856811995618, 0.000440826377599, 0.000310716510285, 0.000267280673143, 0.000241480287514, 0.000246021692874, 0.000333385862177, 0.000286282913294, 0.000125259335618, 0.000105601335235, 9.47795269894e-05, 9.87358798739e-05, 6.30738941254e-05, 1.86825582205e-05, 6.19512888989e-07],
        "median": [0.00231963372789, 0.0239506438375, 0.00312153832056, 0.00144609902054, 0.00234119477682, 0.00125228078105, 0.00113554508425, 0.00052956683794, 0.000805649498943, 0.000417913601268, 0.000365277344827, 0.000663385901134, 0.000338977377396, 0.000167155259987, 0.000162352211191, 0.000129559746711, 0.000126832601381, 0.00014810122957, 0.000174333254108, 0.000148910985445, 4.48236605735e-05, 3.02842327073e-05, 3.80470373784e-05, 4.89250742248e-05, 2.19602679863e-05, 3.78139520762e-06, 2.0608258211e-08],
        "min": [3.96404939902e-23, 4.21063217186e-23, 1.50181998072e-23, 5.31909155313e-23, 1.56969663379e-22, 2.59259420491e-23, 3.57392234042e-23, 1.26862930504e-23, 1.00748367079e-22, 4.92909229e-23, 1.48128782463e-23, 1.5792386953e-22, 1.14214197488e-22, 6.30794447505e-23, 2.0713153605e-22, 1.84298304247e-22, 2.86205956069e-22, 2.45372016504e-22, 2.72483790043e-22, 3.64465728898e-22, 2.40049717126e-22, 5.48421150019e-22, 6.15652546419e-22, 6.85403299492e-22, 1.01192905977e-21, 1.43763647149e-21, 2.7226039978e-21],
        "stdev": [0.00534321460873, 0.0456786490977, 0.0106561873108, 0.00554404873401, 0.00355201913044, 0.00334576168098, 0.00401356536895, 0.00211679423228, 0.0025657848455, 0.00133276148699, 0.00184344802983, 0.00369405187666, 0.0014684277121, 0.000860938744154, 0.000434083718574, 0.000403945130529, 0.000380001612939, 0.000362250837497, 0.000447787548183, 0.000378181372071, 0.000257518375292, 0.000230734047364, 0.000177810303285, 0.000146932448843, 0.000123321922729, 4.24875688623e-05, 2.90731532004e-06],
        "var": [2.85499445454e-05, 0.00208653882146, 0.000113554327982, 3.07364753098e-05, 1.26168406496e-05, 1.11941208161e-05, 1.61087064043e-05, 4.48081755167e-06, 6.58325143377e-06, 1.77625327069e-06, 3.39830057783e-06, 1.36460193971e-05, 2.1562798338e-06, 7.41215501421e-07, 1.88428671777e-07, 1.63171677059e-07, 1.44401226976e-07, 1.31225675659e-07, 2.00513682103e-07, 1.43021154031e-07, 6.63157209146e-08, 5.32382031793e-08, 3.16165014169e-08, 2.15891464705e-08, 1.52082968441e-08, 1.80519366122e-09, 8.45248263742e-12]
    },
    "erbbands": {
        "dmean": [1.01075184345, 5.33277273178, 6.71866703033, 7.26198720932, 8.04716110229, 7.21114587784, 6.62755346298, 11.5794477463, 16.0645599365, 24.7013511658, 14.8224973679, 18.0629463196, 17.470708847, 16.9744224548, 32.3196296692, 38.1835250854, 20.7042388916, 13.358171463, 11.5046405792, 7.99331235886, 8.44270896912, 6.59177780151, 7.6802482605, 9.40056324005, 8.98633098602, 7.51184558868, 5.28290271759, 3.03038406372, 2.90615034103, 2.63634705544, 1.88479948044, 1.33075261116, 1.02128231525, 0.581163883209, 0.305055946112, 0.0911003947258, 0.0295376814902, 0.00367008964531, 0.000107680556539, 3.86659885407e-05],
        "dmean2": [1.73574149609, 9.36147212982, 11.8084850311, 12.4845228195, 13.2514629364, 12.0101556778, 10.4181671143, 17.8202285767, 25.8753662109, 38.5288009644, 23.1477928162, 28.0007781982, 28.419336319, 27.3186359406, 51.964138031, 56.2850036621, 32.2505645752, 21.3151302338, 19.8727226257, 13.0802383423, 13.0955457687, 10.7319860458, 13.0458841324, 15.8149194717, 15.2181158066, 12.4783325195, 8.744597435, 4.86686325073, 4.64600086212, 4.20196819305, 2.99939680099, 2.04899311066, 1.62553703785, 0.938827812672, 0.479922175407, 0.144596204162, 0.0477029457688, 0.00629402091727, 0.000184746299055, 6.53880488244e-05],
        "dvar": [2.39508318901, 130.054367065, 309.467346191, 292.864807129, 238.316513062, 109.045661926, 121.746177673, 320.869476318, 1179.30859375, 1844.85583496, 1038.28881836, 1214.42077637, 1202.13305664, 732.083557129, 4107.75097656, 7238.57958984, 1506.93359375, 1151.77868652, 436.925933838, 178.555999756, 226.491775513, 126.7004776, 314.632049561, 330.291687012, 408.70715332, 200.018844604, 163.359558105, 72.1320114136, 47.4155426025, 43.9200019836, 17.3868103027, 6.09073257446, 4.37703943253, 1.6854903698, 0.599105834961, 0.0537607334554, 0.00380537612364, 0.00012243380479, 1.1863175331e-07, 4.76938044613e-09],
        "dvar2": [6.08997821808, 367.241882324, 878.519836426, 755.97088623, 588.68762207, 296.311462402, 297.581756592, 732.950439453, 2822.74853516, 4173.57226562, 2936.25268555, 2442.52075195, 3058.20556641, 2005.07751465, 9798.71582031, 13907.6943359, 3563.32641602, 2557.27587891, 1164.03259277, 463.8175354, 482.583312988, 329.885009766, 879.645935059, 883.573486328, 1077.56164551, 550.425292969, 434.445922852, 183.631561279, 113.858055115, 96.4454803467, 40.5960044861, 12.882185936, 10.9941177368, 4.14551353455, 1.48876535892, 0.133708059788, 0.00942492950708, 0.000338958256179, 3.33259777108e-07, 1.2410469985e-08],
        "max": [16.2029247284, 104.71836853, 215.239929199, 190.104324341, 148.088500977, 135.374572754, 195.309158325, 221.497802734, 720.310241699, 541.045349121, 562.783569336, 760.59375, 740.055541992, 378.337463379, 1162.23461914, 1700.12548828, 704.883850098, 730.812744141, 226.807617188, 159.774993896, 289.91796875, 148.524337769, 270.997680664, 207.129547119, 261.387451172, 268.807342529, 211.522979736, 142.747268677, 89.3062896729, 105.064949036, 41.778553009, 32.5029373169, 32.8697814941, 15.4292325974, 7.62416219711, 2.57556581497, 0.75308907032, 0.101907968521, 0.00454133376479, 0.00062001257902],
        "mean": [1.45883131027, 6.18362188339, 7.77219057083, 8.80640506744, 10.7909698486, 11.2653942108, 13.2112607956, 24.2065982819, 28.7171401978, 39.6538848877, 27.7742195129, 34.1175994873, 32.2483062744, 31.3671474457, 55.7156257629, 74.5092010498, 42.6044845581, 23.578502655, 18.8124752045, 14.5292606354, 17.5693511963, 12.6741123199, 12.1109876633, 16.340423584, 16.1070423126, 13.9897422791, 7.39007139206, 3.78322529793, 3.66073560715, 3.51930737495, 2.66174602509, 2.13732004166, 1.54692983627, 0.83898460865, 0.371117711067, 0.108030065894, 0.0322662070394, 0.00341493892483, 0.000119618882309, 7.94042862253e-05],
        "median": [1.00708258152, 3.80099725723, 4.37290477753, 4.45136928558, 5.88987827301, 7.86489963531, 7.74940824509, 11.474697113, 13.8802261353, 18.75025177, 12.7579364777, 18.2910175323, 15.5544061661, 17.2380714417, 24.8739147186, 26.7328491211, 18.0248775482, 10.0375185013, 9.87031841278, 7.61186361313, 8.9618473053, 7.57396745682, 7.26215028763, 9.12256145477, 8.62654399872, 7.5382065773, 3.49995994568, 1.15764522552, 0.978085875511, 1.12824571133, 1.08550596237, 1.05338931084, 0.76277089119, 0.357342302799, 0.102101795375, 0.0231104157865, 0.00647956319153, 0.00056327477796, 4.54284745501e-05, 6.26800174359e-05],
        "min": [6.44557015831e-22, 1.11831999618e-20, 2.07443811373e-20, 1.12143874174e-19, 2.11529598922e-19, 5.91454714093e-19, 5.7885008422e-19, 2.66447696603e-19, 6.28717959918e-19, 2.64541975869e-19, 6.44806777928e-19, 1.55631519691e-18, 2.42007611429e-18, 9.89799771488e-19, 2.70763056499e-18, 5.89406925089e-18, 4.5660708957e-18, 4.47373685982e-18, 9.12625309261e-18, 7.55717832457e-18, 1.10524539911e-17, 1.63917418906e-17, 1.53877183349e-17, 1.10615943369e-17, 1.6493645579e-17, 1.66313761141e-17, 1.39509982551e-17, 7.82772180597e-18, 1.62617008265e-17, 2.1473023058e-17, 1.88288823273e-17, 1.43468736614e-17, 1.23446912605e-17, 1.08357839559e-17, 7.18381132994e-18, 5.00600070063e-18, 2.494531882e-18, 1.6140678099e-18, 3.36800648471e-19, 4.14756954058e-20],
        "stdev": [1.65430653095, 9.70706653595, 14.3399333954, 15.9302492142, 15.8507738113, 11.8211479187, 15.927520752, 31.5812416077, 61.7439994812, 57.6786651611, 49.1127738953, 55.9363555908, 50.0734977722, 41.1378746033, 92.4128265381, 136.215484619, 66.7037124634, 45.1661720276, 24.9171524048, 18.5397434235, 27.4654369354, 16.1083126068, 17.8557548523, 20.7377147675, 22.5925750732, 18.1792449951, 12.6403608322, 8.74291706085, 8.23655128479, 8.04472351074, 4.7854309082, 3.23826670647, 2.38414645195, 1.44289493561, 0.852005720139, 0.256010591984, 0.0687321648002, 0.0100178895518, 0.000293442280963, 6.92033354426e-05],
        "var": [2.73673009872, 94.2271347046, 205.633682251, 253.772842407, 251.247024536, 139.739547729, 253.685928345, 997.37487793, 3812.32128906, 3326.82836914, 2412.06445312, 3128.87573242, 2507.35522461, 1692.3248291, 8540.12988281, 18554.6582031, 4449.38574219, 2039.98303223, 620.864501953, 343.722076416, 754.350219727, 259.477752686, 318.82800293, 430.052825928, 510.424407959, 330.484954834, 159.778717041, 76.4385910034, 67.8407745361, 64.7175827026, 22.9003505707, 10.486371994, 5.6841545105, 2.08194565773, 0.725913703442, 0.0655414164066, 0.00472411001101, 0.000100358112832, 8.61083719883e-08, 4.78910200385e-09]
    },
    "gfcc": {
        "mean": [26.2227706909, 115.897666931, -102.048782349, 39.12707901, -51.7326583862, 28.2732467651, -28.0623226166, 19.6163673401, -21.3079242706, 5.32168006897, -0.389698326588, -1.18172025681, -5.37383270264],
        "cov": [[3677.95092773, -412.067138672, -398.986755371, 171.991226196, -148.401260376, 72.2164230347, -54.2167892456, 84.3907089233, -127.273605347, 48.7475852966, -72.5463562012, 57.8267097473, -134.616043091], [-412.067138672, 622.002624512, -138.101715088, -186.913024902, 72.4915161133, -53.2320899963, 32.6314811707, -19.3493938446, 52.1858863831, -88.4989700317, 138.037033081, -61.7270050049, 68.8327178955], [-398.986755371, -138.101715088, 421.165771484, 93.036781311, 16.6938762665, 27.0247383118, -30.5306358337, -28.872385025, 35.4315452576, 33.988079071, -113.283859253, 39.2059555054, 3.69099211693], [171.991226196, -186.913024902, 93.036781311, 224.043289185, 15.7755527496, -16.6127243042, -33.3129882812, 2.82285118103, 12.0406398773, 9.20858097076, -41.0108795166, -11.694185257, -0.154414013028], [-148.401260376, 72.4915161133, 16.6938762665, 15.7755527496, 119.998443604, -0.370007485151, 2.51972222328, -1.73013424873, 14.2425718307, -9.44825744629, 21.799861908, -12.852022171, 12.8782806396], [72.2164230347, -53.2320899963, 27.0247383118, -16.6127243042, -0.370007485151, 121.773414612, 86.3417205811, -11.4045801163, -37.722114563, -1.21704220772, -17.6503429413, 1.31694030762, -28.344209671], [-54.2167892456, 32.6314811707, -30.5306358337, -33.3129882812, 2.51972222328, 86.3417205811, 167.979095459, 6.87177991867, -44.9821777344, -22.784280777, 14.8084802628, -19.3132400513, -19.1121330261], [84.3907089233, -19.3493938446, -28.872385025, 2.82285118103, -1.73013424873, -11.4045801163, 6.87177991867, 72.7634506226, 25.0398750305, -6.35358810425, 10.1768541336, -4.14645671844, 5.67001342773], [-127.273605347, 52.1858863831, 35.4315452576, 12.0406398773, 14.2425718307, -37.722114563, -44.9821777344, 25.0398750305, 109.784683228, 10.5960197449, -6.75057077408, 7.97878551483, 25.0245265961], [48.7475852966, -88.4989700317, 33.988079071, 9.20858097076, -9.44825744629, -1.21704220772, -22.784280777, -6.35358810425, 10.5960197449, 68.3296051025, -5.02621746063, 16.8365097046, -9.50850391388], [-72.5463562012, 138.037033081, -113.283859253, -41.0108795166, 21.799861908, -17.6503429413, 14.8084802628, 10.1768541336, -6.75057077408, -5.02621746063, 126.523498535, -15.7317371368, 21.1051597595], [57.8267097473, -61.7270050049, 39.2059555054, -11.694185257, -12.852022171, 1.31694030762, -19.3132400513, -4.14645671844, 7.97878551483, 16.8365097046, -15.7317371368, 68.9331588745, 4.51124620438], [-134.616043091, 68.8327178955, 3.69099211693, -0.154414013028, 12.8782806396, -28.344209671, -19.1121330261, 5.67001342773, 25.0245265961, -9.50850391388, 21.1051597595, 4.51124620438, 60.8771476746]],
        "icov": [[0.000601840147283, -0.000921671919059, 0.00107875466347, -0.00151108286809, 0.000544270442333, -0.00120269460604, 0.000948194123339, -0.00163014349528, 0.00131553190295, -0.00133606861345, 0.00124560017139, -0.00151575019117, 0.00100915576331], [-0.000921671919059, 0.00921048782766, -0.00240116892383, 0.00838842242956, -0.00286318082362, 0.00492388010025, -0.00339255691506, 0.0086985277012, -0.00789805967361, 0.0101655395702, -0.00744310161099, 0.00777655374259, -0.00442382739857], [0.00107875466347, -0.00240116892383, 0.00595841510221, -0.00435859989375, 0.000242397203692, -0.00356570910662, 0.00190638843924, -0.00228922185488, 0.00197954196483, -0.00454669538885, 0.00584593787789, -0.00449812225997, 0.000611078110524], [-0.00151108286809, 0.00838842242956, -0.00435859989375, 0.0139867300168, -0.00368801737204, 0.00609959196299, -0.0031169578433, 0.00797221064568, -0.00726637011394, 0.00907209888101, -0.00615992723033, 0.00996831711382, -0.00482646049932], [0.000544270442333, -0.00286318082362, 0.000242397203692, -0.00368801737204, 0.0106287254021, -0.0027609905228, 0.00141406268813, -0.00213438062929, 0.00110606884118, -0.00176732707769, -7.23422781448e-05, -0.00125440326519, 0.000912921270356], [-0.00120269460604, 0.00492388010025, -0.00356570910662, 0.00609959196299, -0.0027609905228, 0.0195591188967, -0.0105463992804, 0.0071346652694, -0.00315397931263, 0.00477160373703, -0.00304403924383, 0.00353534030728, 0.000555173552129], [0.000948194123339, -0.00339255691506, 0.00190638843924, -0.0031169578433, 0.00141406268813, -0.0105463992804, 0.0134935118258, -0.00659028207883, 0.00550272967666, -0.00170408119448, 0.00180678255856, -0.00156329316087, 0.00241097901016], [-0.00163014349528, 0.0086985277012, -0.00228922185488, 0.00797221064568, -0.00213438062929, 0.0071346652694, -0.00659028207883, 0.0259401388466, -0.0132220955566, 0.0113446591422, -0.00833421666175, 0.00814283266664, -0.00449955184013], [0.00131553190295, -0.00789805967361, 0.00197954196483, -0.00726637011394, 0.00110606884118, -0.00315397931263, 0.00550272967666, -0.0132220955566, 0.0206150878221, -0.0112005379051, 0.00825325492769, -0.00731576373801, 0.000414587673731], [-0.00133606861345, 0.0101655395702, -0.00454669538885, 0.00907209888101, -0.00176732707769, 0.00477160373703, -0.00170408119448, 0.0113446591422, -0.0112005379051, 0.0295775551349, -0.0113868834451, 0.005632171873, -0.000391617359128], [0.00124560017139, -0.00744310161099, 0.00584593787789, -0.00615992723033, -7.23422781448e-05, -0.00304403924383, 0.00180678255856, -0.00833421666175, 0.00825325492769, -0.0113868834451, 0.0194221287966, -0.00572355277836, -0.000738819711842], [-0.00151575019117, 0.00777655374259, -0.00449812225997, 0.00996831711382, -0.00125440326519, 0.00353534030728, -0.00156329316087, 0.00814283266664, -0.00731576373801, 0.005632171873, -0.00572355277836, 0.0253774635494, -0.00719368644059], [0.00100915576331, -0.00442382739857, 0.000611078110524, -0.00482646049932, 0.000912921270356, 0.000555173552129, 0.00241097901016, -0.00449955184013, 0.000414587673731, -0.000391617359128, -0.000738819711842, -0.00719368644059, 0.0254096873105]]
    },
    "melbands": {
        "dmean": [0.00802680663764, 0.00437772553414, 0.0012220259523, 0.000504409312271, 0.00023985322332, 0.000251269520959, 0.000252158730291, 0.000254638143815, 0.000119194599392, 0.000116112132673, 9.05319611775e-05, 7.01191165717e-05, 9.57238298724e-05, 0.000139282550663, 8.16477404442e-05, 3.49818874383e-05, 2.62634457613e-05, 2.09752397495e-05, 1.40658066812e-05, 8.72496912052e-06, 1.14824797492e-05, 8.01274109108e-06, 6.76803938404e-06, 8.4381463239e-06, 7.9947476479e-06, 7.53518452257e-06, 6.16252054897e-06, 5.29154885953e-06, 3.63014260074e-06, 2.47302841672e-06, 1.63156778399e-06, 1.7130936385e-06, 1.67965833953e-06, 1.37300833103e-06, 1.16339413125e-06, 8.66570871949e-07, 8.94252025319e-07, 8.02546935574e-07, 6.11113705418e-07, 4.82771213228e-07],
        "dmean2": [0.0138664869592, 0.00769279152155, 0.00208933791146, 0.000830005737953, 0.000381611986086, 0.000385954859667, 0.000402695528464, 0.000399470329285, 0.000183589349035, 0.000179966984433, 0.000147779064719, 0.000113928588689, 0.000156193767907, 0.00021400291007, 0.000121498967928, 5.59211366635e-05, 4.23692290497e-05, 3.608125553e-05, 2.35586830968e-05, 1.39368448799e-05, 1.81785544555e-05, 1.29887848743e-05, 1.16476012408e-05, 1.4567420294e-05, 1.34458450702e-05, 1.2745346794e-05, 1.05302615339e-05, 8.81798951013e-06, 6.02749469181e-06, 4.11377914133e-06, 2.63137553702e-06, 2.73592172562e-06, 2.68697954198e-06, 2.18964851229e-06, 1.87427281162e-06, 1.36479627599e-06, 1.3915503132e-06, 1.2947881487e-06, 9.91635715764e-07, 7.80593779837e-07],
        "dvar": [0.000181229013833, 0.000114075213787, 6.89193029757e-06, 6.16856141278e-07, 1.35366292398e-07, 1.46503111864e-07, 2.24112426395e-07, 1.79254016075e-07, 6.63092407649e-08, 4.91733977981e-08, 3.20824540267e-08, 1.24323564776e-08, 3.52166402706e-08, 1.06950224676e-07, 3.50452928899e-08, 4.11520639787e-09, 4.81649253814e-09, 1.46744949525e-09, 6.52968179526e-10, 2.10106348986e-10, 4.85664952699e-10, 1.86050119755e-10, 2.17189238816e-10, 3.3809696709e-10, 2.17733012176e-10, 3.06675712602e-10, 1.27732643906e-10, 1.06088707263e-10, 7.61288046491e-11, 4.23255250293e-11, 2.21411292078e-11, 1.60391196852e-11, 1.56141540669e-11, 1.25324577105e-11, 6.65929160773e-12, 2.88209408596e-12, 2.65217080068e-12, 2.70965389883e-12, 1.72515669285e-12, 1.21743695854e-12],
        "dvar2": [0.000475363514852, 0.000322963809595, 1.76287067006e-05, 1.53100609168e-06, 3.34631863552e-07, 3.31018043198e-07, 5.3557459978e-07, 4.15621599359e-07, 1.85200718761e-07, 1.01506472561e-07, 8.22074355256e-08, 3.42641826023e-08, 8.50491375104e-08, 2.17914362111e-07, 7.06202172296e-08, 9.49279055362e-09, 1.03861967915e-08, 3.80182285653e-09, 1.69605263167e-09, 5.27066112976e-10, 1.04391462141e-09, 4.5488685041e-10, 6.14297057666e-10, 9.29395171934e-10, 5.76420133847e-10, 8.06194777603e-10, 3.43781475509e-10, 2.95249658055e-10, 2.03907474239e-10, 1.11342893239e-10, 5.64205383802e-11, 3.94935750769e-11, 3.66216848513e-11, 2.79360475725e-11, 1.59705963731e-11, 6.60089864712e-12, 5.64636488606e-12, 6.83054264192e-12, 4.51935537604e-12, 3.02065317204e-12],
        "max": [0.145868629217, 0.114429078996, 0.025794999674, 0.00970985274762, 0.00628362130374, 0.00457185506821, 0.0100471144542, 0.0052165845409, 0.00447058631107, 0.00441902922466, 0.00381502974778, 0.00149891641922, 0.00325184175745, 0.0074581457302, 0.00286101340316, 0.000957628537435, 0.001653388259, 0.000554977334104, 0.000286497466732, 0.000255257560639, 0.000404302176321, 0.000178329442861, 0.000203838004381, 0.000319175131153, 0.000152684966451, 0.000238159525907, 0.000148280727444, 0.000191568207811, 0.000157148257131, 8.64224421093e-05, 8.19728302304e-05, 5.41516492376e-05, 5.09855708515e-05, 5.55002079636e-05, 2.41264497163e-05, 1.5356550648e-05, 2.08269848372e-05, 2.73686855508e-05, 1.54396675498e-05, 1.23771724247e-05],
        "mean": [0.0113661559299, 0.00530471326783, 0.00158554164227, 0.000788426841609, 0.000479212671053, 0.000533365469892, 0.000446834863396, 0.000404883612646, 0.000223747163545, 0.000215570427827, 0.000160126903211, 0.000123676101794, 0.000161504896823, 0.000234883103985, 0.000153340166435, 6.34686002741e-05, 4.16835864598e-05, 3.18512938975e-05, 2.21780428546e-05, 1.61126772582e-05, 2.2457958039e-05, 1.44723426274e-05, 9.67390496953e-06, 1.21642588056e-05, 1.3199804016e-05, 1.25656606542e-05, 1.06726465674e-05, 8.97508925846e-06, 5.04545641888e-06, 2.84038651444e-06, 1.95703955796e-06, 2.0485715595e-06, 2.09567269849e-06, 1.83533518339e-06, 1.53314908857e-06, 1.33864227791e-06, 1.32554487209e-06, 1.15588795779e-06, 8.7654075287e-07, 6.53718529975e-07],
        "median": [0.00783300958574, 0.0031565062236, 0.000858921790496, 0.000530896999408, 0.000309857539833, 0.000259406631812, 0.000229591620155, 0.000200694019441, 9.74512659013e-05, 0.000110824228614, 7.48585734982e-05, 6.74062393955e-05, 7.12560504326e-05, 7.23556731828e-05, 4.92009494337e-05, 2.78249681287e-05, 1.51888671098e-05, 1.51092635861e-05, 1.0645000657e-05, 8.18567787064e-06, 1.01406458271e-05, 7.73644296714e-06, 5.19793138665e-06, 6.98503026797e-06, 6.59544912196e-06, 6.22539346296e-06, 5.16024147146e-06, 4.71618113806e-06, 2.31202466239e-06, 8.93314677342e-07, 5.3158890978e-07, 4.95345261697e-07, 5.8960580418e-07, 5.88022089687e-07, 6.00921623573e-07, 6.26544533588e-07, 6.27423844435e-07, 5.56523104933e-07, 4.23701351338e-07, 2.55799932347e-07],
        "min": [1.15469309898e-23, 1.43603671207e-23, 2.19270893691e-23, 2.51198729321e-23, 2.61719435892e-23, 5.62256271461e-24, 9.13473081456e-24, 2.43270740332e-24, 6.79937121353e-24, 1.15031799751e-23, 1.24491677732e-23, 4.12104092331e-24, 4.74024624681e-24, 2.07735033575e-23, 7.96209775642e-24, 1.27177930552e-23, 6.77651160221e-24, 1.24467491256e-23, 1.49671005532e-23, 1.00547461562e-23, 1.25161554747e-23, 1.47503894185e-23, 2.10481452817e-23, 9.39330048663e-24, 8.15053611629e-24, 1.23815773819e-23, 1.13943495135e-23, 1.11996207768e-23, 9.56360056771e-24, 5.20703457152e-24, 4.4133450487e-24, 8.60035249306e-24, 1.21796621224e-23, 1.09433443234e-23, 1.01869347892e-23, 1.05463232515e-23, 8.06554897553e-24, 8.17540258975e-24, 1.05005314537e-23, 8.55920471938e-24],
        "stdev": [0.0133275771514, 0.0088328551501, 0.00250005582348, 0.000876831298228, 0.000529340410139, 0.000690799672157, 0.000853071338497, 0.000562269531656, 0.000413467496401, 0.000357651879312, 0.000254736602074, 0.000161657677381, 0.000280694337562, 0.000469462189358, 0.000301336142002, 9.58106829785e-05, 9.13363401196e-05, 4.59795701317e-05, 3.29238537233e-05, 2.12611284951e-05, 3.95380411646e-05, 2.10158941627e-05, 1.49114930537e-05, 1.86281904462e-05, 1.75540844793e-05, 1.89541951841e-05, 1.43416173159e-05, 1.25237902466e-05, 8.78208720678e-06, 6.24105996394e-06, 4.87813258587e-06, 4.75251317766e-06, 4.66896335638e-06, 4.30611862612e-06, 2.86339127342e-06, 2.11158089769e-06, 2.05824653676e-06, 1.82098438017e-06, 1.43008890063e-06, 1.19941637422e-06],
        "var": [0.000177624300704, 7.80193222454e-05, 6.25027860224e-06, 7.68833103848e-07, 2.8020124887e-07, 4.77204196159e-07, 7.27730707695e-07, 3.16147037438e-07, 1.7095536009e-07, 1.2791487336e-07, 6.48907345635e-08, 2.61332058216e-08, 7.87893057463e-08, 2.20394753114e-07, 9.08034749614e-08, 9.17968723257e-09, 8.34232682934e-09, 2.11412087836e-09, 1.08398012788e-09, 4.52035603393e-10, 1.56325674627e-09, 4.41667785678e-10, 2.22352636303e-10, 3.47009448953e-10, 3.08145897687e-10, 3.59261481675e-10, 2.0568199921e-10, 1.56845314514e-10, 7.71250563414e-11, 3.89508286736e-11, 2.37961785693e-11, 2.25863824171e-11, 2.17992169455e-11, 1.85426587279e-11, 8.19901004728e-12, 4.45877362809e-12, 4.2363790427e-12, 3.31598398913e-12, 2.04515419357e-12, 1.43859956499e-12]
    },
    "melbands128": {
