{
"lowlevel": {
    "average_loudness": 0.950582742691,
    "barkbands_crest": {
        "dmean": 2.32407426834,
        "dmean2": 3.39152526855,
        "dvar": 7.39079904556,
        "dvar2": 15.1486234665,
        "max": 26.3815345764,
        "mean": 14.6333713531,
        "median": 14.5630617142,
        "min": 2.70786261559,
        "stdev": 4.97099924088,
        "var": 24.7108325958
    },
    "barkbands_flatness_db": {
        "dmean": 0.0423436872661,
        "dmean2": 0.0578430257738,
        "dvar": 0.00248780939728,
        "dvar2": 0.00423233769834,
        "max": 0.57852268219,
        "mean": 0.269239276648,
        "median": 0.256848394871,
        "min": 0.0495058782399,
        "stdev": 0.109115041792,
        "var": 0.0119060920551
    },
    "barkbands_kurtosis": {
        "dmean": 14.5682592392,
        "dmean2": 21.8047676086,
        "dvar": 929.355651855,
        "dvar2": 1942.05749512,
        "max": 450.515472412,
        "mean": 24.1420116425,
        "median": 11.4762229919,
        "min": -1.94561672211,
        "stdev": 43.6883163452,
        "var": 1908.66894531
    },
    "barkbands_skewness": {
        "dmean": 1.11023199558,
        "dmean2": 1.63549351692,
        "dvar": 1.83979463577,
        "dvar2": 3.61229610443,
        "max": 17.5348834991,
        "mean": 3.35181069374,
        "median": 3.07753825188,
        "min": -3.10091209412,
        "stdev": 2.5912539959,
        "var": 6.71459674835
    },
    "barkbands_spread": {
        "dmean": 8.29760551453,
        "dmean2": 13.2045898438,
        "dvar": 282.925292969,
        "dvar2": 636.549438477,
        "max": 114.207427979,
        "mean": 14.7146596909,
        "median": 7.21459150314,
        "min": 0.201504051685,
        "stdev": 19.8446502686,
        "var": 393.810150146
    },
    "dissonance": {
        "dmean": 0.0429515466094,
        "dmean2": 0.0683648139238,
        "dvar": 0.001510564005,
        "dvar2": 0.00368896266446,
        "max": 0.499589651823,
        "mean": 0.405790030956,
        "median": 0.419979423285,
        "min": 0.104027420282,
        "stdev": 0.0656465515494,
        "var": 0.00430946936831
    },
    "dynamic_complexity": 3.27593636513,
    "erbbands_crest": {
        "dmean": 3.16509771347,
        "dmean2": 5.02406024933,
        "dvar": 8.15877532959,
        "dvar2": 18.8341388702,
        "max": 27.7234077454,
        "mean": 11.6118679047,
        "median": 10.9684295654,
        "min": 3.07260417938,
        "stdev": 4.78478097916,
        "var": 22.8941268921
    },
    "erbbands_flatness_db": {
        "dmean": 0.0291825085878,
        "dmean2": 0.0431441031396,
        "dvar": 0.000998111790977,
        "dvar2": 0.00196427479386,
        "max": 0.431727916002,
        "mean": 0.197999984026,
        "median": 0.1868622154,
        "min": 0.0752256140113,
        "stdev": 0.0631983429193,
        "var": 0.00399403087795
    },
    "erbbands_kurtosis": {
        "dmean": 1.88103961945,
        "dmean2": 3.16705489159,
        "dvar": 9.74186897278,
        "dvar2": 26.3733940125,
        "max": 34.6804580688,
        "mean": 1.3220102787,
        "median": 0.436239719391,
        "min": -1.8395242691,
        "stdev": 3.16794085503,
        "var": 10.0358495712
    },
    "erbbands_skewness": {
        "dmean": 0.59981828928,
        "dmean2": 0.889094650745,
        "dvar": 0.516236841679,
        "dvar2": 1.19280099869,
        "max": 3.73825144768,
        "mean": 0.479255020618,
        "median": 0.530395746231,
        "min": -4.86684036255,
        "stdev": 0.980398356915,
        "var": 0.961180984974
    },
    "erbbands_spread": {
        "dmean": 12.9680051804,
        "dmean2": 20.492609024,
        "dvar": 283.123077393,
        "dvar2": 709.81652832,
        "max": 125.808387756,
        "mean": 37.3163566589,
        "median": 30.062877655,
        "min": 2.29738616943,
        "stdev": 25.1691551208,
        "var": 633.486328125
    },
    "hfc": {
        "dmean": 15.7572422028,
        "dmean2": 25.6368179321,
        "dvar": 1133.75268555,
        "dvar2": 2775.9777832,
        "max": 201.810073853,
        "mean": 20.0103340149,
        "median": 7.67709684372,
        "min": 0.000234108796576,
        "stdev": 33.4773025513,
        "var": 1120.72973633
    },
    "loudness_ebu128": {
        "integrated": -13.0125789642,
        "loudness_range": 2.48084831238,
        "momentary": {
            "dmean": 1.31683766842,
            "dmean2": 1.94903683662,
            "dvar": 2.24588775635,
            "dvar2": 2.72234177589,
            "max": -8.08304977417,
            "mean": -13.748500824,
            "median": -14.2264661789,
            "min": -20.4662418365,
            "stdev": 2.55918216705,
            "var": 6.54941368103
        },
        "short_term": {
            "dmean": 0.164683505893,
            "dmean2": 0.251427859068,
            "dvar": 0.0407256968319,
            "dvar2": 0.05587977916,
            "max": -11.5514850616,
            "mean": -13.1546363831,
            "median": -12.8988380432,
            "min": -15.3968219757,
            "stdev": 0.860403478146,
            "var": 0.740294098854
        }
    },
    "melbands_crest": {
        "dmean": 2.89071273804,
        "dmean2": 4.44130468369,
        "dvar": 13.7667016983,
        "dvar2": 32.3972473145,
        "max": 37.1426467896,
        "mean": 26.2820835114,
        "median": 30.3641834259,
        "min": 2.91691756248,
        "stdev": 8.32008647919,
        "var": 69.2238388062
    },
    "melbands_flatness_db": {
        "dmean": 0.0504731349647,
        "dmean2": 0.0666151195765,
        "dvar": 0.00376099185087,
        "dvar2": 0.0061855413951,
        "max": 0.7269551754,
        "mean": 0.355722665787,
        "median": 0.348210722208,
        "min": 0.0160691235214,
        "stdev": 0.144067645073,
        "var": 0.0207554847002
    },
    "melbands_kurtosis": {
        "dmean": 26.4187088013,
        "dmean2": 41.7574768066,
        "dvar": 2487.56469727,
        "dvar2": 6018.60205078,
        "max": 493.703735352,
        "mean": 43.9767494202,
        "median": 21.5678501129,
        "min": -1.84682905674,
        "stdev": 62.7120628357,
        "var": 3932.80273438
    },
    "melbands_skewness": {
        "dmean": 1.34472310543,
        "dmean2": 2.10558199883,
        "dvar": 2.66064620018,
        "dvar2": 6.30307149887,
        "max": 15.5443944931,
        "mean": 4.58323192596,
        "median": 4.07648277283,
        "min": -0.808587372303,
        "stdev": 2.80108237267,
        "var": 7.84606266022
    },
    "melbands_spread": {
        "dmean": 8.54359340668,
        "dmean2": 13.8301496506,
        "dvar": 377.252349854,
        "dvar2": 897.036804199,
        "max": 208.085266113,
        "mean": 14.5215749741,
        "median": 6.14159059525,
        "min": 0.271615773439,
        "stdev": 23.289680481,
        "var": 542.409179688
    },
    "pitch_salience": {
        "dmean": 0.0739018023014,
        "dmean2": 0.114901930094,
        "dvar": 0.00986916106194,
        "dvar2": 0.0221159420907,
        "max": 0.885717749596,
        "mean": 0.365403354168,
        "median": 0.303794533014,
        "min": 0.0532760061324,
        "stdev": 0.167187660933,
        "var": 0.0279517117888
    },
    "silence_rate_20dB": {
        "dmean": 0.0402476787567,
        "dmean2": 0.0805577039719,
        "dvar": 0.0386282615364,
        "dvar2": 0.0740683749318,
        "max": 1,
        "mean": 0.947409152985,
        "median": 1,
        "min": 0,
        "stdev": 0.223215073347,
        "var": 0.0498249717057
    },
    "silence_rate_30dB": {
        "dmean": 0.0526315793395,
        "dmean2": 0.105344690382,
        "dvar": 0.0498611330986,
        "dvar2": 0.09579718858,
        "max": 1,
        "mean": 0.849961340427,
        "median": 1,
        "min": 0,
        "stdev": 0.357109069824,
        "var": 0.127526879311
    },
    "silence_rate_60dB": {
        "dmean": 0.0193498451263,
        "dmean2": 0.0379550717771,
        "dvar": 0.0189754050225,
        "dvar2": 0.0458108149469,
        "max": 1,
        "mean": 0.0185614842921,
        "median": 0,
        "min": 0,
        "stdev": 0.13497069478,
        "var": 0.0182170886546
    },
    "spectral_centroid": {
        "dmean": 433.032745361,
        "dmean2": 648.116760254,
        "dvar": 550484.4375,
        "dvar2": 1161771.5,
        "max": 5630.41552734,
        "mean": 1102.04394531,
        "median": 741.168701172,
        "min": 139.607849121,
        "stdev": 969.197631836,
        "var": 939344
    },
    "spectral_complexity": {
        "dmean": 3.30495357513,
        "dmean2": 4.95972108841,
        "dvar": 35.0524368286,
        "dvar2": 54.2416381836,
        "max": 56,
        "mean": 10.7385921478,
        "median": 8,
        "min": 0,
        "stdev": 8.76439857483,
        "var": 76.8146820068
    },
    "spectral_decrease": {
        "dmean": 5.14646369965e-09,
        "dmean2": 6.68326594067e-09,
        "dvar": 1.5513879591e-16,
        "dvar2": 2.22036121361e-16,
        "max": -6.51012853651e-14,
        "mean": -1.729798349e-08,
        "median": -1.06869695315e-08,
        "min": -1.0935870165e-07,
        "stdev": 2.34977175495e-08,
        "var": 5.52142714772e-16
    },
    "spectral_energy": {
        "dmean": 0.0203827414662,
        "dmean2": 0.0270640663803,
        "dvar": 0.00228098477237,
        "dvar2": 0.00332175544463,
        "max": 0.415925979614,
        "mean": 0.0671016350389,
        "median": 0.0411393344402,
        "min": 2.66942294047e-07,
        "stdev": 0.089443333447,
        "var": 0.00800010934472
    },
    "spectral_energyband_high": {
        "dmean": 0.00164023053367,
        "dmean2": 0.00272557325661,
        "dvar": 1.70198782143e-05,
        "dvar2": 4.2287796532e-05,
        "max": 0.0241942983121,
        "mean": 0.00145500979852,
        "median": 6.3729188696e-05,
        "min": 7.22117587948e-10,
        "stdev": 0.00392721965909,
        "var": 1.54230529006e-05
    },
    "spectral_energyband_low": {
        "dmean": 0.0177519414574,
        "dmean2": 0.020696491003,
        "dvar": 0.00197439990006,
        "dvar2": 0.00245775841177,
        "max": 0.398370742798,
        "mean": 0.0556830614805,
        "median": 0.0343421176076,
        "min": 4.64637128772e-09,
        "stdev": 0.0846974030137,
        "var": 0.00717364950106
    },
    "spectral_energyband_middle_high": {
        "dmean": 0.00142657372635,
        "dmean2": 0.00212895148434,
        "dvar": 8.65384299686e-06,
        "dvar2": 1.78890932148e-05,
        "max": 0.0342171415687,
        "mean": 0.00228915549815,
        "median": 0.000915200740565,
        "min": 1.12230566174e-07,
        "stdev": 0.00375084229745,
        "var": 1.40688180181e-05
    },
    "spectral_energyband_middle_low": {
        "dmean": 0.00805384200066,
        "dmean2": 0.0148227391765,
        "dvar": 0.000926379172597,
        "dvar2": 0.00269273621961,
        "max": 0.238766685128,
        "mean": 0.00849193334579,
        "median": 0.00403270497918,
        "min": 1.54513614348e-07,
        "stdev": 0.0231402255595,
        "var": 0.00053547002608
    },
    "spectral_entropy": {
        "dmean": 0.381075769663,
        "dmean2": 0.538889229298,
        "dvar": 0.215995550156,
        "dvar2": 0.377091914415,
        "max": 8.61378860474,
        "mean": 6.97040319443,
        "median": 7.00712633133,
        "min": 4.79024267197,
        "stdev": 0.850343883038,
        "var": 0.723084688187
    },
    "spectral_flux": {
        "dmean": 0.043488945812,
        "dmean2": 0.0662021413445,
        "dvar": 0.00510245282203,
        "dvar2": 0.00833563599735,
        "max": 0.645260512829,
        "mean": 0.0971028059721,
        "median": 0.0567658543587,
        "min": 0.00051666458603,
        "stdev": 0.111443713307,
        "var": 0.0124197015539
    },
    "spectral_kurtosis": {
        "dmean": 6.59412431717,
        "dmean2": 10.0931138992,
        "dvar": 169.680038452,
        "dvar2": 351.363983154,
        "max": 166.844223022,
        "mean": 13.509139061,
        "median": 6.31857204437,
        "min": -0.998465538025,
        "stdev": 22.8974876404,
        "var": 524.29498291
    },
    "spectral_rms": {
        "dmean": 0.00107202806976,
        "dmean2": 0.00144389946945,
        "dvar": 4.14320629716e-06,
        "dvar2": 6.09829567111e-06,
        "max": 0.0201440174133,
        "mean": 0.00692000100389,
        "median": 0.00633529294282,
        "min": 1.61378902703e-05,
        "stdev": 0.00419267965481,
        "var": 1.75785608008e-05
    },
    "spectral_rolloff": {
        "dmean": 675.730957031,
        "dmean2": 1158.7076416,
        "dvar": 2615780,
        "dvar2": 6133285.5,
        "max": 9366.94335938,
        "mean": 1055.29736328,
        "median": 172.265625,
        "min": 43.06640625,
        "stdev": 1934.84924316,
        "var": 3743641.75
    },
    "spectral_skewness": {
        "dmean": 0.672722518444,
        "dmean2": 0.943836390972,
        "dvar": 0.824735939503,
        "dvar2": 1.57522547245,
        "max": 10.4317398071,
        "mean": 2.41186523438,
        "median": 2.05294394493,
        "min": -0.265745729208,
        "stdev": 1.74015331268,
        "var": 3.02813339233
    },
    "spectral_spread": {
        "dmean": 1134710.25,
        "dmean2": 1624975.75,
        "dvar": 2.0045683753e+12,
        "dvar2": 3.6668810199e+12,
        "max": 12193475,
        "mean": 4845281,
        "median": 4450179,
        "min": 503649.125,
        "stdev": 2515678.75,
        "var": 6.32863955354e+12
    },
    "spectral_strongpeak": {
        "dmean": 0.252704054117,
        "dmean2": 0.398791432381,
        "dvar": 0.638865411282,
        "dvar2": 1.85145115852,
        "max": 12.1735992432,
        "mean": 0.62536585331,
        "median": 0.338531345129,
        "min": 0,
        "stdev": 0.751958489418,
        "var": 0.565441608429
    },
    "zerocrossingrate": {
        "dmean": 0.0139099685475,
        "dmean2": 0.0158436112106,
        "dvar": 0.000416423805291,
        "dvar2": 0.000528114032932,
        "max": 0.30126953125,
        "mean": 0.0377022624016,
        "median": 0.0205078125,
        "min": 0.00146484375,
        "stdev": 0.0447416305542,
        "var": 0.00200181338005
    },
    "barkbands": {
        "dmean": [0.00163856265135, 0.0170498229563, 0.00630430784076, 0.00305631291121, 0.00295729120262, 0.000869441253599, 0.00129691453185, 0.000505636271555, 0.00059084885288, 0.000538301421329, 0.000220967587666, 0.000275330472505, 0.000142204356962, 0.000125569393276, 0.000119399672258, 0.000116386465379, 9.91023771348e-05, 0.000112681926112, 0.000105446611997, 0.00012665327813, 0.000139470372233, 0.00049907003995, 0.000435890717199, 0.000305696710711, 0.000215111431316, 4.46189660579e-05, 1.99008991331e-06],
        "dmean2": [0.00240135518834, 0.0200270786881, 0.0107993520796, 0.00583072472364, 0.00551027338952, 0.00152167421766, 0.00222279550508, 0.000863798079081, 0.000911306997295, 0.000852014287375, 0.000365524552763, 0.000443113443907, 0.000225972340559, 0.000197221655981, 0.000189407350263, 0.000197661982384, 0.000157873277203, 0.000205015807296, 0.000147693688632, 0.000205993128475, 0.000228019780479, 0.000837446074001, 0.000737485941499, 0.000518671353348, 0.000362407183275, 7.52665582695e-05, 3.62939431398e-06],
        "dvar": [7.70431233832e-06, 0.00207744655199, 0.000744412711356, 0.000218074128497, 0.000164021417731, 6.32859655525e-06, 4.05591981689e-06, 1.39228961871e-06, 1.63911101936e-06, 1.68226233654e-06, 4.95690755997e-07, 4.6276832677e-07, 1.20490554423e-07, 9.37000379508e-08, 5.8329899133e-08, 7.99244119776e-08, 8.31911108889e-08, 1.71127680915e-07, 5.97596923058e-08, 1.34333149049e-07, 1.41975860402e-07, 1.65086680681e-06, 1.25955853036e-06, 6.40528639906e-07, 3.2305069908e-07, 1.18707736974e-08, 5.00628774547e-11],
        "dvar2": [1.64113062056e-05, 0.00281726499088, 0.00196062331088, 0.000639384030364, 0.000478526868392, 1.82113344636e-05, 1.12254365376e-05, 3.6514961721e-06, 3.54828603122e-06, 3.81108498004e-06, 1.35228776799e-06, 1.01147293208e-06, 2.55095869761e-07, 2.21689944624e-07, 1.35961712999e-07, 2.18642938421e-07, 1.92651796738e-07, 4.74363389458e-07, 1.090144508e-07, 3.38546755074e-07, 2.74544646572e-07, 4.25099733548e-06, 3.20043091051e-06, 1.64298717209e-06, 8.65329695898e-07, 3.12330428187e-08, 1.4181948671e-10],
        "max": [0.0363642983139, 0.393116772175, 0.236728191376, 0.124835699797, 0.117581658065, 0.030756065622, 0.0176123511046, 0.0118768224493, 0.0159088857472, 0.0153710506856, 0.0114367622882, 0.00863826740533, 0.00356586300768, 0.00288792932406, 0.00238453084603, 0.00321653229184, 0.00368700968102, 0.00369529658929, 0.00267377356067, 0.00572929577902, 0.00385822961107, 0.00779998721555, 0.00686046248302, 0.00493290368468, 0.00375666492619, 0.000728068407625, 7.11294051143e-05],
        "mean": [0.00749788060784, 0.0419386737049, 0.00549256755039, 0.00195367704146, 0.00217278720811, 0.00097372563323, 0.00199563289061, 0.000522219983395, 0.000766171200667, 0.000771858089138, 0.000208103607292, 0.000332868919941, 0.000174113403773, 0.000135530834086, 0.000133544628625, 0.000128500862047, 0.000118769159599, 0.000112249064841, 0.000133715788252, 0.0001497433841, 0.000144040619489, 0.000402304984163, 0.000379087374313, 0.000264456437435, 0.000164160912391, 3.40139959008e-05, 1.24318933103e-06],
        "median": [0.00840162020177, 0.0211496520787, 0.00170953129418, 0.000126060011098, 0.000210563433939, 0.000249382050242, 0.0016284378944, 0.000124757032609, 0.000123880963656, 0.00039341088268, 1.52710326802e-05, 0.000124142243294, 3.36234916176e-05, 2.08890869544e-05, 1.92504376173e-05, 1.48757926581e-05, 1.29984000523e-05, 6.53843699183e-06, 1.10329929157e-05, 2.03322797461e-05, 3.73512898477e-06, 2.49948971032e-06, 4.9831846809e-06, 8.77828188095e-06, 1.30592097776e-05, 2.1783757802e-06, 4.40242331479e-09],
        "min": [7.22169213319e-10, 2.22971929809e-09, 9.828331482e-10, 7.12331749142e-10, 4.06989730806e-09, 2.50222615961e-08, 2.1387304372e-08, 8.60300453098e-09, 8.29418240755e-08, 2.91537975983e-08, 1.92791880238e-08, 2.89157089384e-08, 2.74295324232e-08, 6.29779561834e-09, 5.5719201475e-10, 1.70364045093e-09, 1.3229599638e-09, 2.04413108662e-09, 2.14036433022e-09, 1.63854388391e-10, 1.07506302471e-10, 8.89301757234e-11, 1.68344990725e-10, 7.25011300995e-11, 1.15074727525e-10, 5.78324922673e-11, 3.82129142782e-13],
        "stdev": [0.00643540453166, 0.0754141509533, 0.0227204710245, 0.0109412102029, 0.009735067375, 0.00220269407146, 0.00197464390658, 0.00113699713256, 0.0016885525547, 0.00150039186701, 0.00064342370024, 0.000752965686843, 0.000421292235842, 0.000336749100825, 0.000292472745059, 0.000292507524136, 0.000320011400618, 0.000403533602366, 0.000321143568726, 0.000385538616683, 0.000443743163487, 0.00115869008005, 0.00105415086728, 0.000736955320463, 0.000486730452394, 9.53677445068e-05, 5.46677074453e-06],
        "var": [4.14144342358e-05, 0.00568729452789, 0.000516219763085, 0.000119710086437, 9.4771530712e-05, 4.85186137666e-06, 3.89921842725e-06, 1.29276247662e-06, 2.85120972876e-06, 2.25117582886e-06, 4.13994087012e-07, 5.66957339743e-07, 1.77487137876e-07, 1.13399956092e-07, 8.55403001765e-08, 8.55606572259e-08, 1.02407298641e-07, 1.62839370432e-07, 1.03133196205e-07, 1.48640026509e-07, 1.96907990357e-07, 1.34256276851e-06, 1.11123415536e-06, 5.43103169548e-07, 2.36906529949e-07, 9.09500652568e-09, 2.98855801217e-11]
    },
    "erbbands": {
        "dmean": [0.715066313744, 3.64873576164, 7.01050615311, 9.22474956512, 10.612244606, 9.25284576416, 5.96034574509, 8.56280708313, 21.2071437836, 8.89811134338, 12.7320814133, 10.6031904221, 16.1358013153, 11.34333992, 10.7381477356, 10.066740036, 6.02688741684, 5.5676035881, 6.21971082687, 5.9729924202, 5.91580677032, 5.57235527039, 5.7215051651, 4.67920923233, 6.37668609619, 5.93979406357, 5.03381061554, 7.63698720932, 20.8043708801, 12.7924127579, 12.9210824966, 8.68116664886, 4.04469537735, 3.13082313538, 1.08347511292, 0.277175098658, 0.0799243152142, 0.00953857135028, 0.00026170964702, 3.36913035426e-05],
        "dmean2": [0.84742552042, 4.01038122177, 11.1163911819, 16.753282547, 20.2872314453, 16.7029895782, 11.0812473297, 14.6636343002, 36.2193565369, 15.1757574081, 20.9449481964, 16.7599582672, 25.349439621, 17.6866664886, 17.5640087128, 15.9529294968, 9.50854682922, 8.69451522827, 9.69458961487, 9.06850147247, 9.96735286713, 8.88287258148, 10.2816009521, 6.89962434769, 9.06592464447, 9.57169723511, 8.78440380096, 12.6121320724, 35.7765312195, 20.8903102875, 21.7376384735, 15.1370239258, 6.73018455505, 5.35058021545, 1.80245530605, 0.460689067841, 0.138164997101, 0.016723735258, 0.00045676677837, 5.03788651258e-05],
        "dvar": [3.06648564339, 109.739257812, 774.710754395, 1835.90637207, 1993.0012207, 1610.51513672, 775.768066406, 479.339202881, 956.518859863, 459.565124512, 705.642822266, 587.56817627, 1203.57434082, 929.972351074, 1298.48010254, 633.28125, 194.070846558, 192.253753662, 164.972167969, 173.978363037, 205.184234619, 251.300231934, 444.046936035, 186.537399292, 193.851806641, 306.344085693, 273.639953613, 350.7996521, 3160.96777344, 937.071960449, 1105.58654785, 535.275878906, 106.803405762, 73.2420883179, 7.36769008636, 0.440196931362, 0.0428255200386, 0.00073528237408, 5.77344280828e-07, 4.52150894503e-09],
        "dvar2": [4.87534999847, 162.741210938, 1890.9230957, 5183.42333984, 5949.35498047, 4577.81835938, 2240.79956055, 1366.49633789, 2643.3034668, 1201.53991699, 1722.83154297, 1333.06872559, 2737.73632812, 2166.54345703, 3569.44848633, 1330.31433105, 415.641021729, 423.668029785, 396.50567627, 399.347290039, 525.415710449, 584.427307129, 1171.66564941, 385.904937744, 370.904998779, 769.655517578, 664.717102051, 751.500366211, 8301.84667969, 2338.69287109, 2801.66040039, 1407.4987793, 262.054504395, 199.282272339, 19.0625553131, 1.14263093472, 0.114359885454, 0.00202281866223, 1.60024842444e-06, 9.01227803496e-09],
        "max": [17.7648773193, 90.3231124878, 244.160919189, 361.331298828, 341.181121826, 421.66784668, 251.700592041, 300.078125, 292.949035645, 231.980407715, 261.188659668, 315.82421875, 445.123657227, 564.311523438, 622.116760254, 217.289428711, 143.010284424, 138.80847168, 124.296134949, 176.313049316, 154.124298096, 193.256576538, 189.598876953, 172.147918701, 162.229629517, 234.229690552, 137.915496826, 156.432617188, 345.013244629, 185.330749512, 211.51234436, 151.280792236, 64.2572174072, 56.3019752502, 17.9730644226, 4.40436792374, 1.27277433872, 0.196323037148, 0.00666010705754, 0.000461295829155],
        "mean": [1.98892188072, 6.29030656815, 7.12856054306, 6.8588552475, 7.50434970856, 6.6843829155, 3.89471173286, 11.5780687332, 34.498046875, 10.6210432053, 14.3056182861, 13.513958931, 23.9742507935, 15.929526329, 10.7528266907, 12.3152675629, 8.17212772369, 6.56174612045, 7.5406460762, 6.85362148285, 6.99984121323, 7.00281953812, 6.22982740402, 5.67897558212, 8.27080917358, 6.82375335693, 5.29942655563, 6.99193048477, 15.3765087128, 12.0690994263, 11.0426206589, 7.27754449844, 3.50395202637, 2.33170866966, 0.862972617149, 0.221317514777, 0.0570588037372, 0.00650548329577, 0.000205649252166, 8.40809225338e-05],
        "median": [1.49608063698, 1.25955605507, 2.04824638367, 1.08060610294, 0.945129096508, 0.437519609928, 0.328675478697, 4.74592447281, 28.468744278, 4.42934417725, 3.18301820755, 2.62107491493, 10.5425424576, 6.5943145752, 1.77469408512, 4.27534770966, 2.53877663612, 0.723174273968, 1.29784345627, 1.03588867188, 0.884748160839, 0.889173567295, 0.474282354116, 0.425242722034, 0.858731865883, 1.02605354786, 0.3732188344, 0.110134713352, 0.0697530508041, 0.173776105046, 0.122698001564, 0.124785609543, 0.174761459231, 0.149486556649, 0.0830987095833, 0.0178830940276, 0.00304138963111, 0.000160595576745, 2.69243737421e-05, 4.75265478599e-05],
        "min": [6.66885853207e-08, 4.99254781516e-07, 1.65843403011e-06, 2.39909832089e-06, 2.31147669183e-06, 1.48405988512e-05, 8.4373226855e-05, 0.000244110182393, 0.000347144756233, 0.000163452030392, 0.000500617665239, 0.00189685286023, 0.00132111972198, 0.000819066073745, 0.000884806213435, 0.00119218439795, 0.00122531957459, 0.000656502321362, 5.38657986908e-05, 4.56425732409e-05, 0.000110086672066, 7.49046012061e-05, 7.83236828283e-05, 0.000163949094713, 5.78830258746e-05, 9.73929400061e-06, 5.24958250026e-06, 3.17009653372e-06, 3.42726616509e-06, 3.93394293496e-06, 4.87060697196e-06, 1.82100473012e-06, 1.20365598377e-06, 1.41096938933e-06, 7.0487595849e-07, 2.28579551731e-07, 1.10889637028e-07, 3.74899222777e-08, 8.90647999796e-09, 1.19565168877e-09],
        "stdev": [2.74157333374, 16.0777568817, 26.0684833527, 33.2597770691, 33.208240509, 31.2563838959, 20.8669967651, 20.6618976593, 31.1516475677, 19.7432479858, 28.0805530548, 30.2129936218, 43.8291511536, 33.825088501, 31.9334144592, 28.0325813293, 17.0898475647, 16.270362854, 15.7901268005, 15.0430994034, 15.615193367, 17.8888969421, 21.4939212799, 16.5237026215, 18.2288742065, 18.2020320892, 18.0506095886, 19.9684276581, 48.6354484558, 31.3662414551, 31.2419815063, 20.6900405884, 9.78991127014, 7.17863464355, 2.41748809814, 0.594907164574, 0.174828663468, 0.022097600624, 0.0006160850171, 0.000104163802462],
        "var": [7.51622486115, 258.494293213, 679.565795898, 1106.21264648, 1102.78735352, 976.961547852, 435.431549072, 426.914001465, 970.425170898, 389.795837402, 788.517456055, 912.824951172, 1920.99462891, 1144.13659668, 1019.74291992, 785.825622559, 292.062866211, 264.724731445, 249.328094482, 226.294830322, 243.834274292, 320.01260376, 461.988677979, 273.032745361, 332.291870117, 331.313995361, 325.824523926, 398.738098145, 2365.40673828, 983.841064453, 976.061401367, 428.077789307, 95.8423614502, 51.5327949524, 5.84424829483, 0.353914558887, 0.0305650606751, 0.000488303950988, 3.7956073129e-07, 1.08500977092e-08]
    },
    "gfcc": {
        "mean": [-65.4073257446, 110.77130127, -84.7803497314, 13.383392334, -59.8990821838, 25.92370224, -25.9837436676, 21.6363067627, -12.3702735901, 12.9182062149, -0.0635829046369, -0.759821355343, -2.12888383865],
        "cov": [[7064.37011719, -3554.46289062, -577.256652832, 1827.44946289, -756.877929688, 444.077301025, -501.744445801, 550.778015137, -249.006988525, -64.3070373535, -517.632141113, 331.323974609, -330.397277832], [-3554.46289062, 4063.63476562, 1015.49786377, -810.109802246, 1653.35742188, -124.095466614, 734.523681641, -12.3547458649, 381.620147705, -118.824295044, 514.574951172, -395.255523682, 276.25869751], [-577.256652832, 1015.49786377, 2243.68798828, 446.987121582, 473.054870605, 881.291503906, 559.43927002, -149.663314819, 437.436859131, 133.540344238, 38.2559661865, -31.608921051, 39.2563858032], [1827.44946289, -810.109802246, 446.987121582, 1022.1885376, 19.662607193, 347.715423584, 46.2659988403, 161.610443115, 64.399848938, -8.88033771515, -90.5421905518, 97.8109436035, -75.3790054321], [-756.877929688, 1653.35742188, 473.054870605, 19.662607193, 1219.08728027, 95.1809692383, 374.285980225, 267.112487793, 269.835845947, 22.6086101532, 236.452346802, -177.375579834, 162.422851562], [444.077301025, -124.095466614, 881.291503906, 347.715423584, 95.1809692383, 706.208557129, 310.741210938, 2.55590009689, 272.688201904, 153.08241272, -2.67749857903, 33.2379226685, -26.0920772552], [-501.744445801, 734.523681641, 559.43927002, 46.2659988403, 374.285980225, 310.741210938, 537.036254883, 36.7028846741, 224.479614258, 59.4992866516, 169.721130371, -32.2365531921, 26.3132591248], [550.778015137, -12.3547458649, -149.663314819, 161.610443115, 267.112487793, 2.55590009689, 36.7028846741, 410.19229126, 28.58203125, 42.7974014282, 68.4569549561, -8.18016052246, 70.0620498657], [-249.006988525, 381.620147705, 437.436859131, 64.399848938, 269.835845947, 272.688201904, 224.479614258, 28.58203125, 307.826446533, 93.9452667236, 75.6369628906, -11.9596776962, 35.1007728577], [-64.3070373535, -118.824295044, 133.540344238, -8.88033771515, 22.6086101532, 153.08241272, 59.4992866516, 42.7974014282, 93.9452667236, 218.759338379, 30.8296699524, -1.73025393486, 44.8524360657], [-517.632141113, 514.574951172, 38.2559661865, -90.5421905518, 236.452346802, -2.67749857903, 169.721130371, 68.4569549561, 75.6369628906, 30.8296699524, 217.818908691, -12.8587083817, 35.0517196655], [331.323974609, -395.255523682, -31.608921051, 97.8109436035, -177.375579834, 33.2379226685, -32.2365531921, -8.18016052246, -11.9596776962, -1.73025393486, -12.8587083817, 146.041702271, -36.6264152527], [-330.397277832, 276.25869751, 39.2563858032, -75.3790054321, 162.422851562, -26.0920772552, 26.3132591248, 70.0620498657, 35.1007728577, 44.8524360657, 35.0517196655, -36.6264152527, 136.301376343]],
        "icov": [[0.000603164662607, 7.52779014874e-05, 0.000324483669829, -0.000748823164031, -3.97721378249e-05, -0.000539130647667, 0.000169362931047, -0.000659825163893, 0.000228995209909, 0.000102352787508, 0.000778950168751, -0.000256299244938, 0.000690746644977], [7.52779014874e-05, 0.00339521304704, -0.00174444832373, 0.00206931494176, -0.00268445699476, 0.00206718477421, -0.00119493459351, 0.000836840481497, -0.000759610440582, 0.00295759621076, -0.00290714483708, 0.0027886449825, -0.000937699456699], [0.000324483669829, -0.00174444832373, 0.00235605961643, -0.00182800996117, 0.00102034432348, -0.00266734976321, 0.000410024309531, 9.91750275716e-05, 0.000396595249185, -0.00124418351334, 0.00215635076165, -0.00154465856031, 0.00011376945622], [-0.000748823164031, 0.00206931494176, -0.00182800996117, 0.00401409389451, -0.00184370134957, 0.00134139100555, -0.000729492341634, 0.000367189000826, -0.000517309817951, 0.00221803667955, -0.00217951205559, 0.00117764167953, -0.00057670485694], [-3.97721378249e-05, -0.00268445699476, 0.00102034432348, -0.00184370134957, 0.0043013789691, -0.000979066011496, 0.000461208168417, -0.00174079218414, -0.000671003654134, -0.00156670087017, 0.00127712415997, -0.00027703109663, -0.000190877894056], [-0.000539130647667, 0.00206718477421, -0.00266734976321, 0.00134139100555, -0.000979066011496, 0.00703074550256, -0.00245863827877, 0.000498617475387, -0.00268461182714, -0.000333225762006, -0.00119915045798, 0.00179286510684, 0.00033546765917], [0.000169362931047, -0.00119493459351, 0.000410024309531, -0.000729492341634, 0.000461208168417, -0.00245863827877, 0.00493747880682, -0.000427627906902, -0.000275478319963, -0.000334595679305, -0.00144136976451, -0.000783392810263, 0.000898507423699], [-0.000659825163893, 0.000836840481497, 9.91750275716e-05, 0.000367189000826, -0.00174079218414, 0.000498617475387, -0.000427627906902, 0.0052961721085, 3.48250250681e-05, 3.24460343109e-05, -0.00236956845038, 0.000593759294134, -0.00284172291867], [0.000228995209909, -0.000759610440582, 0.000396595249185, -0.000517309817951, -0.000671003654134, -0.00268461182714, -0.000275478319963, 3.48250250681e-05, 0.00745894247666, -0.00190630881116, 0.000510290439706, -0.00174201419577, 0.000122455865494], [0.000102352787508, 0.00295759621076, -0.00124418351334, 0.00221803667955, -0.00156670087017, -0.000333225762006, -0.000334595679305, 3.24460343109e-05, -0.00190630881116, 0.00955691654235, -0.00365266553126, 0.00294293952174, -0.00323416478932], [0.000778950168751, -0.00290714483708, 0.00215635076165, -0.00217951205559, 0.00127712415997, -0.00119915045798, -0.00144136976451, -0.00236956845038, 0.000510290439706, -0.00365266553126, 0.0121723925695, -0.00466723972932, 0.00238501140848], [-0.000256299244938, 0.0027886449825, -0.00154465856031, 0.00117764167953, -0.00027703109663, 0.00179286510684, -0.000783392810263, 0.000593759294134, -0.00174201419577, 0.00294293952174, -0.00466723972932, 0.0122803039849, -0.000677506963257], [0.000690746644977, -0.000937699456699, 0.00011376945622, -0.00057670485694, -0.000190877894056, 0.00033546765917, 0.000898507423699, -0.00284172291867, 0.000122455865494, -0.00323416478932, 0.00238501140848, -0.000677506963257, 0.0123761743307]]
    },
    "melbands": {
        "dmean": [0.00540614500642, 0.00344142713584, 0.0015657475451, 0.000716561276931, 0.000242625406827, 0.000194876556634, 0.000296332727885, 9.46620348259e-05, 0.000108514948806, 7.08851512172e-05, 8.52358352859e-05, 5.30806755705e-05, 3.22943051287e-05, 3.23082203977e-05, 2.44528691837e-05, 1.18747129818e-05, 1.07892101369e-05, 1.09924267235e-05, 9.50531739363e-06, 7.99806821306e-06, 6.63220043862e-06, 5.77659648116e-06, 6.62904176352e-06, 4.20498054154e-06, 3.73389821107e-06, 4.64047707283e-06, 4.71750445286e-06, 3.88496300729e-06, 3.41696704709e-06, 3.00130136566e-06, 4.83284384245e-06, 1.25214146465e-05, 9.58382861427e-06, 6.43146950097e-06, 7.84917665442e-06, 6.73413615004e-06, 4.927248483e-06, 2.94473124995e-06, 2.55479017142e-06, 2.55027634921e-06],
        "dmean2": [0.00616393378004, 0.00411362154409, 0.00284837372601, 0.00134051428176, 0.000445285433671, 0.000333413569024, 0.000507975870278, 0.000160788898938, 0.000179411479621, 0.000109432752652, 0.000134238754981, 8.23293230496e-05, 5.36665502295e-05, 5.28656273673e-05, 3.84697123081e-05, 2.01657330763e-05, 1.66871177498e-05, 1.75650784513e-05, 1.44053010445e-05, 1.35782693178e-05, 1.11942963485e-05, 9.13303665584e-06, 1.17182335089e-05, 7.47597960071e-06, 5.48751904716e-06, 6.71657653584e-06, 6.9838492891e-06, 6.57239161228e-06, 6.23804817224e-06, 4.58419663119e-06, 8.11866539152e-06, 2.17830111069e-05, 1.57975700859e-05, 1.08406684376e-05, 1.31768319989e-05, 1.16405190056e-05, 8.80172865436e-06, 4.98012605021e-06, 4.26987662649e-06, 4.39217865278e-06],
        "dvar": [0.000184487129445, 0.000112463916594, 4.9602938816e-05, 9.42926908465e-06, 1.24180724015e-06, 2.22891074486e-07, 1.92884755279e-07, 5.57734267659e-08, 5.35410755731e-08, 2.60173234068e-08, 3.32814309445e-08, 1.84648563106e-08, 1.15698082226e-08, 8.31262969569e-09, 3.41098482792e-09, 9.31232979617e-10, 7.59924789762e-10, 5.60174573394e-10, 3.92091553669e-10, 3.65665248081e-10, 2.49737369673e-10, 2.39725489459e-10, 5.88081305875e-10, 2.3077101341e-10, 1.19956766742e-10, 1.11861818419e-10, 1.21134727249e-10, 1.54433119071e-10, 1.41138045695e-10, 7.98113172773e-11, 1.44059264517e-10, 1.18909160296e-09, 5.83842418855e-10, 2.4759630457e-10, 4.17330447977e-10, 3.32165572825e-10, 1.73999217812e-10, 5.79057184147e-11, 4.3808401351e-11, 4.91362853183e-11],
        "dvar2": [0.000256589381024, 0.000213949009776, 0.000140040341648, 2.75657512248e-05, 3.54823987436e-06, 6.3728589339e-07, 5.35821925496e-07, 1.45538265883e-07, 1.22430890315e-07, 5.83195038928e-08, 7.52827631345e-08, 4.21397707839e-08, 3.20365849404e-08, 1.92631883777e-08, 7.40047578773e-09, 2.31008101537e-09, 1.708713393e-09, 1.38095601621e-09, 8.61181848055e-10, 9.68104929555e-10, 6.10826500491e-10, 5.60117674464e-10, 1.50523682407e-09, 6.07445038714e-10, 2.44378794978e-10, 2.17367318589e-10, 2.68012223525e-10, 4.06619210525e-10, 3.96482763287e-10, 1.41676448351e-10, 3.25341253937e-10, 3.16479642493e-09, 1.48074741357e-09, 6.26149132543e-10, 1.04654906963e-09, 8.82942996494e-10, 4.63166505149e-10, 1.42638734157e-10, 1.13437141624e-10, 1.34344244063e-10],
        "max": [0.122194901109, 0.0908911153674, 0.0577392093837, 0.0272192824632, 0.00963935721666, 0.00636843172833, 0.00401930371299, 0.00243003875948, 0.00244090054184, 0.00229346030392, 0.00226057390682, 0.00228834198788, 0.00190989742987, 0.00115008640569, 0.000652887276374, 0.000360851932783, 0.000279682164546, 0.000222600705456, 0.00026535129291, 0.000203127405257, 0.000156121852342, 0.000184091230039, 0.00026696632267, 0.000150261374074, 0.000141215772601, 0.000123546938994, 0.00014313479187, 0.000180814706255, 0.000120762735605, 0.000102683108707, 9.8576390883e-05, 0.000233714206843, 0.000140488700708, 0.000109342588985, 0.000164446901181, 0.000128607745864, 8.61985245137e-05, 4.45600817329e-05, 4.60478186142e-05, 4.55107110611e-05],
        "mean": [0.0145325735211, 0.00495555484667, 0.00119390257169, 0.000534181366675, 0.000155856410856, 0.000273556914181, 0.000476227287436, 0.000101585108496, 0.000121656004922, 8.90009760042e-05, 0.00012704260007, 7.47319718357e-05, 3.11191943183e-05, 3.42096864188e-05, 3.26069712173e-05, 1.33476587507e-05, 1.20066451927e-05, 1.25464393932e-05, 1.05901972347e-05, 8.46843704494e-06, 7.87484168541e-06, 7.07201797923e-06, 7.27840551917e-06, 4.41594283984e-06, 4.40760777565e-06, 5.91501793679e-06, 5.80599362365e-06, 4.15837621404e-06, 3.20799540532e-06, 3.11007170239e-06, 4.25195321441e-06, 8.9834247774e-06, 7.72426665208e-06, 6.32764749753e-06, 6.67918402542e-06, 5.32584908797e-06, 4.12198460253e-06, 2.52998211181e-06, 2.04833963835e-06, 1.86680188108e-06],
        "median": [0.0095455981791, 0.00103355594911, 0.000213450257434, 5.19860113855e-05, 8.76732519828e-06, 0.000143476412632, 0.000391836132621, 2.84442248812e-05, 2.19278445002e-05, 1.56281676027e-05, 5.78153558308e-05, 3.46185952367e-05, 4.06589788327e-06, 6.63292985337e-06, 1.27493094624e-05, 1.84809312032e-06, 1.31086176225e-06, 2.28594217333e-06, 1.47054788613e-06, 8.6464621063e-07, 8.73976432558e-07, 7.76542435688e-07, 5.39420568657e-07, 2.39236669586e-07, 2.66627495193e-07, 4.49600292995e-07, 6.43169130399e-07, 5.08144694322e-07, 1.76770853955e-07, 7.48785566884e-08, 4.30250359784e-08, 2.94537567669e-08, 5.0616254299e-08, 1.05415971063e-07, 6.37832471284e-08, 6.16917645857e-08, 7.42835268852e-08, 1.12867027724e-07, 1.16812707063e-07, 1.23310044842e-07],
        "min": [6.42441266852e-10, 7.97537036412e-10, 3.92044036124e-10, 4.88815599109e-10, 2.51054999012e-09, 5.46797807033e-09, 5.11766762301e-09, 1.37484601481e-09, 5.53165868666e-09, 1.23700791832e-08, 6.32955243773e-09, 3.23063154006e-09, 2.76090528217e-09, 3.23849236317e-09, 2.83196066597e-09, 2.6928985708e-09, 9.63575219615e-10, 4.8748175635e-11, 4.11968306691e-11, 7.5101806718e-11, 1.43875758529e-10, 8.0238801714e-11, 4.81777152894e-11, 1.08123156262e-10, 1.42461709096e-10, 5.52941720189e-11, 1.68733083061e-11, 4.05190074201e-12, 3.49076236666e-12, 2.02881982048e-12, 1.75333966096e-12, 1.67351224024e-12, 2.10690731355e-12, 2.50899886804e-12, 3.6019904507e-12, 1.46011555711e-12, 8.97975378951e-13, 7.66880753778e-13, 1.01038361705e-12, 1.22790167791e-12],
        "stdev": [0.0223320387304, 0.0139225944877, 0.00550402374938, 0.002333503915, 0.000846944982186, 0.000441175710876, 0.000436325120972, 0.000221846887143, 0.000256007944699, 0.000205755262868, 0.000230751407798, 0.000153828397742, 9.48622546275e-05, 9.47102962527e-05, 6.54639225104e-05, 3.39798461937e-05, 3.11269068334e-05, 2.75670354313e-05, 2.35326642724e-05, 1.9897133825e-05, 1.76709636435e-05, 1.74273609446e-05, 2.485209734e-05, 1.5516186977e-05, 1.32333998408e-05, 1.38257018989e-05, 1.29290328914e-05, 1.23515255837e-05, 1.15708553494e-05, 1.06704464997e-05, 1.22089622892e-05, 2.93036300718e-05, 2.21845875785e-05, 1.64145003509e-05, 1.94165022549e-05, 1.58817401825e-05, 1.16993132906e-05, 7.15964051778e-06, 5.92390551901e-06, 5.82058055443e-06],
        "var": [0.000498719979078, 0.00019383864128, 3.02942789858e-05, 5.44524073121e-06, 7.17315799648e-07, 1.94636015749e-07, 1.90379608966e-07, 4.92160410204e-08, 6.5540071148e-08, 4.23352268797e-08, 5.32462109959e-08, 2.36631780837e-08, 8.9988470009e-09, 8.97004071021e-09, 4.2855248239e-09, 1.15463005823e-09, 9.68884417141e-10, 7.59941443107e-10, 5.53786294599e-10, 3.95895899397e-10, 3.12262937729e-10, 3.03712888172e-10, 6.1762678305e-10, 2.40752057179e-10, 1.75122874535e-10, 1.91150040241e-10, 1.67159897035e-10, 1.52560186706e-10, 1.33884694997e-10, 1.1385842269e-10, 1.49058751453e-10, 8.58702775552e-10, 4.92155927123e-10, 2.69435806999e-10, 3.77000541896e-10, 2.52229681585e-10, 1.36873928858e-10, 5.12604542147e-11, 3.50926544768e-11, 3.38791598942e-11]
    },
    "melbands128": {
