{
"lowlevel": {
    "average_loudness": 0.969965517521,
    "barkbands_crest": {
        "dmean": 3.34716415405,
        "dmean2": 4.89057064056,
        "dvar": 8.19953536987,
        "dvar2": 18.4471759796,
        "max": 25.5984592438,
        "mean": 12.8502502441,
        "median": 11.8550128937,
        "min": 2.74901866913,
        "stdev": 5.51992177963,
        "var": 30.4695358276
    },
    "barkbands_flatness_db": {
        "dmean": 0.0351759418845,
        "dmean2": 0.0484657324851,
        "dvar": 0.00117754552048,
        "dvar2": 0.00238574575633,
        "max": 0.444602638483,
        "mean": 0.173118114471,
        "median": 0.161244049668,
        "min": 0.0323150157928,
        "stdev": 0.0722059682012,
        "var": 0.00521370163187
    },
    "barkbands_kurtosis": {
        "dmean": 9.10070228577,
        "dmean2": 14.2935371399,
        "dvar": 359.647521973,
        "dvar2": 890.743774414,
        "max": 293.967285156,
        "mean": 11.6164665222,
        "median": 4.58447408676,
        "min": -1.78457784653,
        "stdev": 22.1513328552,
        "var": 490.681518555
    },
    "barkbands_skewness": {
        "dmean": 0.994853019714,
        "dmean2": 1.45736289024,
        "dvar": 1.19433248043,
        "dvar2": 2.7017967701,
        "max": 12.2253503799,
        "mean": 2.2877805233,
        "median": 1.93408381939,
        "min": -1.70723164082,
        "stdev": 1.79309988022,
        "var": 3.21520733833
    },
    "barkbands_spread": {
        "dmean": 6.5091881752,
        "dmean2": 9.58359718323,
        "dvar": 64.6163101196,
        "dvar2": 141.560211182,
        "max": 78.4056015015,
        "mean": 16.5696315765,
        "median": 13.3938865662,
        "min": 0.616788983345,
        "stdev": 12.3261184692,
        "var": 151.933197021
    },
    "dissonance": {
        "dmean": 0.0298605263233,
        "dmean2": 0.0484858378768,
        "dvar": 0.000940984697081,
        "dvar2": 0.00217955978587,
        "max": 0.499977856874,
        "mean": 0.441067099571,
        "median": 0.450326234102,
        "min": 0,
        "stdev": 0.0429467000067,
        "var": 0.00184441916645
    },
    "dynamic_complexity": 2.32935118675,
    "erbbands_crest": {
        "dmean": 4.22021961212,
        "dmean2": 6.73053073883,
        "dvar": 14.5573329926,
        "dvar2": 35.0941200256,
        "max": 32.2293281555,
        "mean": 11.8729991913,
        "median": 10.1059589386,
        "min": 2.96780371666,
        "stdev": 6.19129943848,
        "var": 38.3321914673
    },
    "erbbands_flatness_db": {
        "dmean": 0.0257200617343,
        "dmean2": 0.0373406521976,
        "dvar": 0.000624536303803,
        "dvar2": 0.00123849045485,
        "max": 0.395556330681,
        "mean": 0.166718095541,
        "median": 0.156509265304,
        "min": 0.0584753677249,
        "stdev": 0.051933132112,
        "var": 0.00269705033861
    },
    "erbbands_kurtosis": {
        "dmean": 2.38285040855,
        "dmean2": 3.86028456688,
        "dvar": 13.6442308426,
        "dvar2": 32.7444801331,
        "max": 53.1820640564,
        "mean": 2.48806858063,
        "median": 0.932740211487,
        "min": -1.74909377098,
        "stdev": 5.08135890961,
        "var": 25.8202095032
    },
    "erbbands_skewness": {
        "dmean": 0.634129226208,
        "dmean2": 0.962759494781,
        "dvar": 0.395310372114,
        "dvar2": 0.916549265385,
        "max": 6.82857608795,
        "mean": 0.883410513401,
        "median": 0.826825678349,
        "min": -2.1665661335,
        "stdev": 1.03829944134,
        "var": 1.07806563377
    },
    "erbbands_spread": {
        "dmean": 11.8074989319,
        "dmean2": 18.4099941254,
        "dvar": 179.655410767,
        "dvar2": 422.033752441,
        "max": 124.763542175,
        "mean": 34.136100769,
        "median": 31.1660175323,
        "min": 2.95117306709,
        "stdev": 18.9529094696,
        "var": 359.212768555
    },
    "hfc": {
        "dmean": 8.2029094696,
        "dmean2": 11.5941505432,
        "dvar": 157.628204346,
        "dvar2": 362.467987061,
        "max": 99.3343353271,
        "mean": 14.8541984558,
        "median": 11.1531457901,
        "min": 1.64909567957e-06,
        "stdev": 14.7791757584,
        "var": 218.424041748
    },
    "loudness_ebu128": {
        "integrated": -9.51951217651,
        "loudness_range": 2.0913105011,
        "momentary": {
            "dmean": 0.937218129635,
            "dmean2": 1.37844347954,
            "dvar": 0.827496707439,
            "dvar2": 1.32115280628,
            "max": -7.17422676086,
            "mean": -9.82962322235,
            "median": -9.45684242249,
            "min": -16.0004043579,
            "stdev": 1.73530364037,
            "var": 3.01127886772
        },
        "short_term": {
            "dmean": 0.109599120915,
            "dmean2": 0.130246043205,
            "dvar": 0.00819031801075,
            "dvar2": 0.0104560442269,
            "max": -8.69692993164,
            "mean": -9.54560756683,
            "median": -9.21431350708,
            "min": -11.9445419312,
            "stdev": 0.810172319412,
            "var": 0.65637922287
        }
    },
    "melbands_crest": {
        "dmean": 4.27231311798,
        "dmean2": 6.65526533127,
        "dvar": 15.3602952957,
        "dvar2": 36.9649085999,
        "max": 36.4873809814,
        "mean": 18.1139945984,
        "median": 17.0797653198,
        "min": 3.49343585968,
        "stdev": 7.54565000534,
        "var": 56.9368362427
    },
    "melbands_flatness_db": {
        "dmean": 0.0420456118882,
        "dmean2": 0.0575217120349,
        "dvar": 0.00171465566382,
        "dvar2": 0.00349403289147,
        "max": 0.580626070499,
        "mean": 0.240595728159,
        "median": 0.227680489421,
        "min": 0.0372299812734,
        "stdev": 0.0917805731297,
        "var": 0.00842367298901
    },
    "melbands_kurtosis": {
        "dmean": 16.9332275391,
        "dmean2": 26.7953281403,
        "dvar": 1035.12854004,
        "dvar2": 2605.08911133,
        "max": 360.894866943,
        "mean": 22.4801807404,
        "median": 10.6827640533,
        "min": -1.41980946064,
        "stdev": 36.6415596008,
        "var": 1342.60400391
    },
    "melbands_skewness": {
        "dmean": 1.22335660458,
        "dmean2": 1.82956945896,
        "dvar": 1.90516936779,
        "dvar2": 4.54951906204,
        "max": 15.3564395905,
        "mean": 3.05760073662,
        "median": 2.63159966469,
        "min": -0.8345900774,
        "stdev": 2.09252405167,
        "var": 4.378657341
    },
    "melbands_spread": {
        "dmean": 8.37885284424,
        "dmean2": 12.5837669373,
        "dvar": 184.264801025,
        "dvar2": 433.31463623,
        "max": 191.630050659,
        "mean": 17.6960391998,
        "median": 13.2871198654,
        "min": 0.45015501976,
        "stdev": 17.0242080688,
        "var": 289.823638916
    },
    "pitch_salience": {
        "dmean": 0.10176679492,
        "dmean2": 0.156356781721,
        "dvar": 0.0109479725361,
        "dvar2": 0.0267780702561,
        "max": 0.96298199892,
        "mean": 0.50697106123,
        "median": 0.509179890156,
        "min": 0.082892537117,
        "stdev": 0.164863407612,
        "var": 0.027179941535
    },
    "silence_rate_20dB": {
        "dmean": 0,
        "dmean2": 0,
        "dvar": 0,
        "dvar2": 0,
        "max": 1,
        "mean": 1,
        "median": 1,
        "min": 1,
        "stdev": 0,
        "var": 0
    },
    "silence_rate_30dB": {
        "dmean": 0.0572755411267,
        "dmean2": 0.114639811218,
        "dvar": 0.0539951920509,
        "dvar2": 0.101498782635,
        "max": 1,
        "mean": 0.922660470009,
        "median": 1,
        "min": 0,
        "stdev": 0.267129570246,
        "var": 0.0713582038879
    },
    "silence_rate_60dB": {
        "dmean": 0.0557275526226,
        "dmean2": 0.1099922508,
        "dvar": 0.0526216588914,
        "dvar2": 0.113386452198,
        "max": 1,
        "mean": 0.0827532857656,
        "median": 0,
        "min": 0,
        "stdev": 0.275510638952,
        "var": 0.0759061202407
    },
    "spectral_centroid": {
        "dmean": 314.017028809,
        "dmean2": 449.290313721,
        "dvar": 133694.015625,
        "dvar2": 285904.3125,
        "max": 4105.47265625,
        "mean": 1043.60070801,
        "median": 890.99822998,
        "min": 135.048049927,
        "stdev": 589.155029297,
        "var": 347103.625
    },
    "spectral_complexity": {
        "dmean": 4.70897817612,
        "dmean2": 6.58946561813,
        "dvar": 36.2808952332,
        "dvar2": 62.3673934937,
        "max": 50,
        "mean": 12.8252124786,
        "median": 11,
        "min": 0,
        "stdev": 9.12677669525,
        "var": 83.2980575562
    },
    "spectral_decrease": {
        "dmean": 3.56109808308e-09,
        "dmean2": 4.47505987822e-09,
        "dvar": 4.17977506809e-17,
        "dvar2": 7.29377820949e-17,
        "max": -2.97480062188e-16,
        "mean": -8.26125390319e-09,
        "median": -5.14904829885e-09,
        "min": -5.52563044209e-08,
        "stdev": 1.02731378959e-08,
        "var": 1.05537353847e-16
    },
    "spectral_energy": {
        "dmean": 0.0139284254983,
        "dmean2": 0.0175733789802,
        "dvar": 0.00061335763894,
        "dvar2": 0.00106902373955,
        "max": 0.211274281144,
        "mean": 0.0325272008777,
        "median": 0.0207435134798,
        "min": 1.27233923397e-09,
        "stdev": 0.0392927639186,
        "var": 0.00154392141849
    },
    "spectral_energyband_high": {
        "dmean": 0.000400338205509,
        "dmean2": 0.000598130282015,
        "dvar": 7.00814155152e-07,
        "dvar2": 1.61310322255e-06,
        "max": 0.00823386199772,
        "mean": 0.000508019467816,
        "median": 0.000234956314671,
        "min": 8.89929102632e-11,
        "stdev": 0.000888592039701,
        "var": 7.89595787865e-07
    },
    "spectral_energyband_low": {
        "dmean": 0.00970887858421,
        "dmean2": 0.0128996558487,
        "dvar": 0.000590763054788,
        "dvar2": 0.00118261086755,
        "max": 0.194721087813,
        "mean": 0.0179643705487,
        "median": 0.00410791952163,
        "min": 5.70409067202e-11,
        "stdev": 0.0342148728669,
        "var": 0.00117065757513
    },
    "spectral_energyband_middle_high": {
        "dmean": 0.00226213014685,
        "dmean2": 0.00359079614282,
        "dvar": 1.11671552077e-05,
        "dvar2": 2.77199997072e-05,
        "max": 0.0254199933261,
        "mean": 0.003356262343,
        "median": 0.00184767507017,
        "min": 2.71252659223e-10,
        "stdev": 0.00393896829337,
        "var": 1.55154721142e-05
    },
    "spectral_energyband_middle_low": {
        "dmean": 0.0087901763618,
        "dmean2": 0.0150406109169,
        "dvar": 0.00046998434118,
        "dvar2": 0.00133402191568,
        "max": 0.152988687158,
        "mean": 0.0119062708691,
        "median": 0.00781689118594,
        "min": 8.84684214775e-10,
        "stdev": 0.0176385175437,
        "var": 0.000311117328238
    },
    "spectral_entropy": {
        "dmean": 0.304526895285,
        "dmean2": 0.444651514292,
        "dvar": 0.0899591296911,
        "dvar2": 0.206029608846,
        "max": 8.86315155029,
        "mean": 7.3611869812,
        "median": 7.40077352524,
        "min": 5.61684656143,
        "stdev": 0.516883969307,
        "var": 0.267169028521
    },
    "spectral_flux": {
        "dmean": 0.043215367943,
        "dmean2": 0.0578603819013,
        "dvar": 0.00299753644504,
        "dvar2": 0.00387643929571,
        "max": 0.50018799305,
        "mean": 0.0982448384166,
        "median": 0.0723008289933,
        "min": 3.56698656105e-05,
        "stdev": 0.0901418402791,
        "var": 0.00812555197626
    },
    "spectral_kurtosis": {
        "dmean": 1.97064089775,
        "dmean2": 3.14514803886,
        "dvar": 8.91464710236,
        "dvar2": 21.465593338,
        "max": 47.5500907898,
        "mean": 5.09934282303,
        "median": 4.24763917923,
        "min": -0.530453681946,
        "stdev": 4.03220653534,
        "var": 16.258687973
    },
    "spectral_rms": {
        "dmean": 0.00109429762233,
        "dmean2": 0.00133507372811,
        "dvar": 2.06474919651e-06,
        "dvar2": 3.30324132847e-06,
        "max": 0.0143569232896,
        "mean": 0.00488427747041,
        "median": 0.00449861912057,
        "min": 1.1141394225e-06,
        "stdev": 0.00280672381632,
        "var": 7.87769840827e-06
    },
    "spectral_rolloff": {
        "dmean": 641.197143555,
        "dmean2": 1026.23937988,
        "dvar": 1706990.625,
        "dvar2": 4084605,
        "max": 13113.7207031,
        "mean": 1175.16748047,
        "median": 667.529296875,
        "min": 64.599609375,
        "stdev": 1455.6262207,
        "var": 2118847.75
    },
    "spectral_skewness": {
        "dmean": 0.306848376989,
        "dmean2": 0.469643682241,
        "dvar": 0.105456694961,
        "dvar2": 0.243815407157,
        "max": 5.25062465668,
        "mean": 1.83794498444,
        "median": 1.78260219097,
        "min": 0.423722863197,
        "stdev": 0.538768708706,
        "var": 0.290271729231
    },
    "spectral_spread": {
        "dmean": 922641.25,
        "dmean2": 1401023.125,
        "dvar": 1.11132973466e+12,
        "dvar2": 2.69471055872e+12,
        "max": 12071014,
        "mean": 5333906.5,
        "median": 5190657,
        "min": 1398236.625,
        "stdev": 1402847,
        "var": 1.9679796265e+12
    },
    "spectral_strongpeak": {
        "dmean": 0.460927069187,
        "dmean2": 0.73687505722,
        "dvar": 0.518191635609,
        "dvar2": 1.2112402916,
        "max": 5.21814012527,
        "mean": 0.813322484493,
        "median": 0.454259544611,
        "min": 9.92967125057e-06,
        "stdev": 0.914427280426,
        "var": 0.836177229881
    },
    "zerocrossingrate": {
        "dmean": 0.014411855489,
        "dmean2": 0.0169620048255,
        "dvar": 0.000326884910464,
        "dvar2": 0.000450721563539,
        "max": 0.29052734375,
        "mean": 0.0499024949968,
        "median": 0.04248046875,
        "min": 0.001953125,
        "stdev": 0.035325024277,
        "var": 0.00124785734806
    },
    "barkbands": {
        "dmean": [0.000384392042179, 0.00734401866794, 0.00510598532856, 0.00300019886345, 0.00333047495224, 0.0011843086686, 0.000875164871104, 0.00194591504987, 0.000653411319945, 0.000462998694275, 0.000242624650127, 0.000415290531237, 0.000501971575432, 0.000497608678415, 0.000314433651511, 0.000288376322715, 0.000184480682947, 0.000128599043819, 0.000129131425638, 8.78947466845e-05, 6.70965237077e-05, 6.38417332084e-05, 7.89074183558e-05, 7.32473563403e-05, 7.24503697711e-05, 4.19078896812e-05, 2.92471963803e-06],
        "dmean2": [0.000451158091892, 0.00961421523243, 0.00937316846102, 0.00569392926991, 0.00589477829635, 0.00200835103169, 0.00150448526256, 0.0030503384769, 0.00104716222268, 0.000727004022337, 0.000414077570895, 0.000660414167214, 0.000814157421701, 0.000825691560749, 0.000503763614688, 0.000471698032925, 0.000279515428701, 0.00019049133698, 0.000196686363779, 0.000133624896989, 9.83075806289e-05, 0.000100746772659, 0.0001241206337, 0.00011697482114, 0.000113221518404, 6.64305625833e-05, 4.8856900321e-06],
        "dvar": [6.48589718821e-07, 0.000317821162753, 0.000366599851986, 0.00013860942272, 8.23274385766e-05, 6.97235873304e-06, 3.14882754537e-06, 1.88406102097e-05, 3.8748512452e-06, 1.73826094851e-06, 5.33347304099e-07, 8.92122443474e-07, 8.26453117497e-07, 1.11961537641e-06, 4.57054852632e-07, 4.21902967673e-07, 1.30227732598e-07, 1.09643885082e-07, 7.97563188826e-08, 2.78333871506e-08, 1.26524017929e-08, 2.16906155259e-08, 3.07868504024e-08, 2.71762132797e-08, 2.22173159869e-08, 9.68434310522e-09, 7.14719811112e-11],
        "dvar2": [8.23378854875e-07, 0.000629823480267, 0.00102825486101, 0.000403616664698, 0.000240207577008, 1.92430325114e-05, 8.33570265968e-06, 4.52700987807e-05, 8.13002225186e-06, 4.21848744736e-06, 1.4210476138e-06, 2.09265863305e-06, 2.04381058211e-06, 2.95059885502e-06, 1.06356196738e-06, 1.08696269763e-06, 2.96379852216e-07, 2.37508515966e-07, 1.95369167955e-07, 6.36702850443e-08, 2.58073793447e-08, 5.28922114995e-08, 7.42806918197e-08, 6.5513951597e-08, 5.36054756139e-08, 2.28576624295e-08, 1.83968881795e-10],
        "max": [0.00763437338173, 0.146329879761, 0.132202163339, 0.0882070288062, 0.070374161005, 0.0211471542716, 0.0184183679521, 0.053621225059, 0.0292103607208, 0.0170054659247, 0.0105887949467, 0.0134785212576, 0.0100289518014, 0.0130967553705, 0.00805874727666, 0.00587467150763, 0.00292424741201, 0.00270924926735, 0.00436809891835, 0.00205814978108, 0.00144169852138, 0.00139209034387, 0.00143985613249, 0.00169308227487, 0.001383494935, 0.00155826308765, 0.000147889950313],
        "mean": [0.000722926750313, 0.0127849029377, 0.00335057196207, 0.00204052915797, 0.00367335509509, 0.00146208179649, 0.00115316757001, 0.00261398800649, 0.000754185661208, 0.000513346050866, 0.000248300260864, 0.000468818790978, 0.000527178344782, 0.000486350909341, 0.000347815424902, 0.000280673673842, 0.000225013369345, 0.000142237433465, 0.00016386002244, 0.00012361627887, 9.37926306506e-05, 6.80405355524e-05, 8.10630081105e-05, 7.93019207777e-05, 7.82887873356e-05, 4.14480309701e-05, 2.33607465816e-06],
        "median": [6.15580647718e-05, 0.00156727596186, 0.000144132747664, 0.000282836641418, 0.00195477437228, 0.000722321681678, 0.000442013435531, 0.000580580206588, 0.00013741060684, 0.00013330206275, 4.63840915472e-05, 9.48428642005e-05, 0.000115057540825, 7.17557486496e-05, 4.94690902997e-05, 4.53248867416e-05, 6.05545646977e-05, 2.18399181904e-05, 5.67612660234e-05, 4.33501772932e-05, 4.14449314121e-05, 2.29165616474e-05, 2.5087967515e-05, 2.99104867736e-05, 2.87864313577e-05, 1.25797114379e-05, 3.44840913158e-07],
        "min": [1.23717286415e-11, 2.13441261193e-11, 1.84790481528e-11, 2.31900679215e-11, 7.618532194e-11, 9.52270623467e-11, 1.28955193746e-10, 1.96310689926e-10, 3.09126030329e-10, 1.18263815407e-10, 1.20224732947e-11, 1.88269842424e-12, 4.76882318357e-11, 4.5478665972e-11, 1.86652429623e-11, 1.51405346593e-11, 5.16200060127e-12, 6.45723969087e-12, 2.70494703025e-11, 1.27898820007e-11, 1.13411580474e-11, 1.7696136223e-11, 8.64246174626e-12, 8.45711781855e-12, 1.88467470796e-11, 1.32324576643e-11, 8.37806712027e-13],
        "stdev": [0.00132341543213, 0.0247557666153, 0.0148352403194, 0.00869041215628, 0.00714078499004, 0.00237560668029, 0.00187827053014, 0.00498636020347, 0.00230380776338, 0.00138599378988, 0.000709778163582, 0.00107743113767, 0.000975478906184, 0.00104466744233, 0.000770343118347, 0.000632145267446, 0.000412056193454, 0.000364103470929, 0.000297951308312, 0.000198873036425, 0.000143838304211, 0.000143650409882, 0.000172694999492, 0.000162578100571, 0.00015054049436, 9.60994293564e-05, 7.51198513171e-06],
        "var": [1.75142827175e-06, 0.000612847972661, 0.000220084344619, 7.55232613301e-05, 5.0990809541e-05, 5.64350739296e-06, 3.5279003896e-06, 2.48637879849e-05, 5.30753050043e-06, 1.92097877516e-06, 5.03785031469e-07, 1.16085789159e-06, 9.51559115947e-07, 1.09133009119e-06, 5.93428524098e-07, 3.99607614554e-07, 1.69790311588e-07, 1.32571344125e-07, 8.87749749268e-08, 3.95504855533e-08, 2.06894590349e-08, 2.0635438247e-08, 2.98235640628e-08, 2.64316373233e-08, 2.26624390365e-08, 9.23510068418e-09, 5.64299197647e-11]
    },
    "erbbands": {
        "dmean": [0.236433401704, 1.77809238434, 5.29430341721, 8.43704319, 11.0824947357, 10.7005109787, 11.2531013489, 8.54740047455, 13.1470470428, 16.8873844147, 46.3212509155, 17.0824432373, 12.4263181686, 11.5673475266, 11.4012527466, 19.3874835968, 18.9097557068, 28.7076034546, 21.4229354858, 12.0522699356, 14.7958526611, 9.43304252625, 7.84326696396, 5.80436944962, 6.83853626251, 4.00208902359, 3.25779700279, 2.37311506271, 2.19093728065, 2.40112257004, 2.13845992088, 1.60708189011, 1.24069404602, 0.919105172157, 0.492803931236, 0.206955641508, 0.0710833072662, 0.0125443916768, 0.000364308303688, 2.34790768445e-05],
        "dmean2": [0.275983303785, 2.528185606, 9.22334575653, 15.6718902588, 19.9350090027, 19.0603351593, 19.6648368835, 14.4950408936, 22.3944530487, 27.9350547791, 72.7824783325, 26.1926898956, 18.7317142487, 19.1961975098, 19.0666675568, 30.2999763489, 30.5625762939, 47.9203224182, 34.372341156, 19.4656524658, 24.110534668, 14.6454734802, 12.0586481094, 8.27273368835, 10.4679536819, 5.90553760529, 4.77621459961, 3.57794523239, 3.45047974586, 3.87158250809, 3.34402728081, 2.52082824707, 1.97063994408, 1.43309915066, 0.791775465012, 0.324384152889, 0.11452832073, 0.0208086688071, 0.000606910442002, 3.17089798045e-05],
        "dvar": [0.246360972524, 23.6469192505, 357.477813721, 1044.65197754, 1188.43115234, 843.577575684, 643.792114258, 389.616485596, 715.428649902, 1357.99499512, 12379.53125, 2298.8503418, 1133.00878906, 1189.72924805, 1363.85437012, 1874.11108398, 1313.31237793, 3409.37084961, 1982.83935547, 554.232299805, 1277.26733398, 417.136016846, 427.494293213, 114.524620056, 217.472259521, 47.7626190186, 29.4721298218, 18.8603858948, 26.0996284485, 32.5970077515, 21.2902355194, 12.2633829117, 7.69259500504, 3.62458205223, 1.1610916853, 0.204562753439, 0.0302241779864, 0.00123153266031, 1.13888665965e-06, 1.39256406406e-09],
        "dvar2": [0.347167521715, 49.5035171509, 956.89050293, 2979.24414062, 3448.56079102, 2458.41064453, 1833.8190918, 1055.77600098, 1878.68896484, 3196.73632812, 29941.0410156, 4568.15673828, 2274.26953125, 3109.28515625, 3723.07202148, 4226.91650391, 3273.45898438, 8787.12402344, 4671.26708984, 1289.94299316, 3335.82080078, 984.930847168, 1051.41101074, 233.061004639, 521.770446777, 102.653358459, 62.5184516907, 41.4928474426, 63.3858032227, 81.3197860718, 49.9551925659, 28.3691635132, 19.2529678345, 8.70138549805, 2.92160773277, 0.482153207064, 0.0717483311892, 0.00303933816031, 2.95662994176e-06, 2.91710144928e-09],
        "max": [4.95683050156, 38.3601455688, 121.193977356, 228.948196411, 247.187225342, 230.151992798, 221.527526855, 156.941665649, 282.294067383, 510.965362549, 1512.55615234, 719.165588379, 550.853210449, 460.424316406, 607.717163086, 679.234313965, 530.941162109, 741.50177002, 515.1484375, 192.597396851, 290.872650146, 153.453369141, 165.455856323, 100.41570282, 219.743270874, 75.0839614868, 63.8797874451, 40.7320137024, 44.0316238403, 52.5600166321, 39.4656829834, 32.3347702026, 28.4240970612, 15.3172941208, 11.3201303482, 6.36365890503, 2.5928144455, 0.614312589169, 0.0171811208129, 0.00045389533625],
        "mean": [0.494617670774, 2.34537410736, 3.91481471062, 5.90536117554, 9.64479732513, 12.0097961426, 13.21479702, 10.6612911224, 18.177236557, 21.3235931396, 63.2381706238, 22.5179519653, 14.3771781921, 12.8634700775, 12.4814977646, 23.5625247955, 21.1072444916, 29.6180877686, 23.6891727448, 13.7174921036, 15.0399866104, 10.9050741196, 8.1208562851, 7.02572154999, 8.81019306183, 5.91761732101, 4.72763490677, 3.00622463226, 2.32747578621, 2.47361326218, 2.23347377777, 1.7098839283, 1.33725714684, 0.989821434021, 0.495944857597, 0.213669419289, 0.0681804269552, 0.0110823847353, 0.000318571605021, 4.6088011004e-05],
        "median": [0.0255906749517, 0.282784640789, 0.362245351076, 0.763570129871, 2.79214978218, 6.1436624527, 5.92470026016, 5.27001953125, 7.48848199844, 8.8151140213, 13.6785268784, 5.61074972153, 3.38195109367, 3.75189852715, 3.41883516312, 5.67622756958, 6.24206209183, 6.46295213699, 3.77434706688, 2.72379231453, 3.43314146996, 2.93286013603, 1.61625051498, 2.00512075424, 3.10414361954, 2.21929311752, 2.11664676666, 1.1897790432, 0.737224817276, 0.790747761726, 0.690847694874, 0.594205677509, 0.503794133663, 0.347250491381, 0.176949426532, 0.0717944055796, 0.0191508196294, 0.00232278625481, 7.65402437537e-05, 2.88591218123e-05],
        "min": [7.28196836164e-10, 4.56690019135e-09, 1.83472295134e-08, 5.47707053045e-08, 1.34430351295e-07, 2.78527977571e-07, 5.07102583924e-07, 8.70809117259e-07, 1.5176181023e-06, 2.80178846879e-06, 5.08372067998e-06, 7.00578084434e-06, 5.45413558939e-06, 1.90348896467e-06, 2.9175095051e-07, 1.95286020244e-07, 1.90987884707e-06, 2.8327324344e-06, 1.24450218664e-06, 9.46726743223e-07, 7.19144281902e-07, 2.97825152984e-07, 2.9770936294e-07, 9.23236484596e-07, 1.23891754811e-06, 6.24932170012e-07, 6.42368547688e-07, 3.27478488771e-07, 5.89759281411e-07, 6.04693752848e-07, 1.74607563963e-07, 1.5727779612e-07, 1.49426213625e-07, 1.80931849059e-07, 1.50728212134e-07, 4.91513105771e-08, 2.7518240131e-08, 5.28371613129e-09, 2.50462817153e-10, 2.84539301842e-11],
        "stdev": [0.852569818497, 5.64232730865, 15.6704053879, 24.5634937286, 26.3743305206, 23.1677627563, 22.0741233826, 18.1165008545, 28.8484363556, 42.2859611511, 129.091629028, 59.2766685486, 42.8425102234, 33.2336807251, 33.6462860107, 51.5700836182, 38.6482391357, 59.2831115723, 49.1721725464, 26.586971283, 33.2275123596, 21.5170021057, 20.4524822235, 12.8431196213, 16.1929130554, 8.94478797913, 6.97608327866, 5.03674221039, 4.96918010712, 5.4440779686, 4.6561870575, 3.58938956261, 2.66838264465, 1.92428159714, 1.0352960825, 0.452400952578, 0.167276635766, 0.0322224535048, 0.000934130919632, 5.00713504152e-05],
        "var": [0.726875245571, 31.8358592987, 245.561599731, 603.365234375, 695.605285645, 536.745239258, 487.266906738, 328.207580566, 832.232299805, 1788.10241699, 16664.6503906, 3513.72363281, 1835.48071289, 1104.47766113, 1132.07250977, 2659.47338867, 1493.6862793, 3514.48730469, 2417.90258789, 706.867004395, 1104.06750488, 462.98135376, 418.304046631, 164.945724487, 262.210449219, 80.0092391968, 48.6657409668, 25.3687705994, 24.6927528381, 29.6379871368, 21.6800765991, 12.8837175369, 7.12026596069, 3.70285987854, 1.07183790207, 0.204666614532, 0.0279814712703, 0.00103828660212, 8.72600537605e-07, 2.50714005112e-09]
    },
    "gfcc": {
        "mean": [-28.6872005463, 77.8879547119, -104.96446228, 14.738945961, -68.5533065796, 8.92187690735, -47.7057380676, 7.29858255386, -29.3694477081, 9.93182754517, -15.7847042084, -3.15898251534, -13.5745658875],
        "cov": [[6595.59765625, -604.350402832, 126.055015564, 879.735107422, 532.18182373, 444.316162109, -12.2484912872, 233.171798706, 13.1836090088, 242.113967896, 24.8140869141, 139.179489136, -99.1632003784], [-604.350402832, 1751.85290527, 850.580810547, 445.801269531, 534.817260742, 281.67855835, 560.733581543, 208.422317505, 272.829345703, 69.2924346924, 304.564086914, -14.4641103745, 119.448455811], [126.055015564, 850.580810547, 1234.41308594, 637.154968262, 426.953521729, 317.86428833, 341.508270264, 173.472335815, 152.03276062, 113.160736084, 212.342147827, 95.9044799805, 111.678115845], [879.735107422, 445.801269531, 637.154968262, 800.497436523, 459.218994141, 227.933029175, 152.292510986, 113.6067276, 153.793273926, 122.497886658, 137.062973022, 40.5956382751, 104.164329529], [532.18182373, 534.817260742, 426.953521729, 459.218994141, 553.411621094, 313.502380371, 243.110702515, 158.463806152, 217.594665527, 155.312561035, 148.244110107, 20.78083992, 71.43699646], [444.316162109, 281.67855835, 317.86428833, 227.933029175, 313.502380371, 365.528900146, 276.945251465, 175.507446289, 157.924057007, 138.947174072, 128.29083252, 45.3940734863, 41.7264289856], [-12.2484912872, 560.733581543, 341.508270264, 152.292510986, 243.110702515, 276.945251465, 647.817443848, 347.594726562, 186.187927246, 113.983589172, 198.550048828, 61.1694374084, 23.4789543152], [233.171798706, 208.422317505, 173.472335815, 113.6067276, 158.463806152, 175.507446289, 347.594726562, 328.963317871, 164.344787598, 116.403144836, 124.470962524, 39.8250274658, 29.9974308014], [13.1836090088, 272.829345703, 152.03276062, 153.793273926, 217.594665527, 157.924057007, 186.187927246, 164.344787598, 261.036315918, 142.965393066, 102.406997681, 9.80177116394, 44.2567253113], [242.113967896, 69.2924346924, 113.160736084, 122.497886658, 155.312561035, 138.947174072, 113.983589172, 116.403144836, 142.965393066, 214.870651245, 100.548278809, 26.1667747498, 36.7371864319], [24.8140869141, 304.564086914, 212.342147827, 137.062973022, 148.244110107, 128.29083252, 198.550048828, 124.470962524, 102.406997681, 100.548278809, 193.943817139, 59.3165168762, 56.4538459778], [139.179489136, -14.4641103745, 95.9044799805, 40.5956382751, 20.78083992, 45.3940734863, 61.1694374084, 39.8250274658, 9.80177116394, 26.1667747498, 59.3165168762, 118.218132019, 49.5433311462], [-99.1632003784, 119.448455811, 111.678115845, 104.164329529, 71.43699646, 41.7264289856, 23.4789543152, 29.9974308014, 44.2567253113, 36.7371864319, 56.4538459778, 49.5433311462, 139.390380859]],
        "icov": [[0.000290276861051, 5.66446306038e-06, 0.000248325930443, -0.000499624118675, -6.68289503665e-05, -0.000402018922614, 0.000309353112243, -0.000463039148599, 0.000456359353848, -0.000210231664823, 0.00019267029711, -0.000551069970243, 0.000606536748819], [5.66446306038e-06, 0.00209985044785, -0.00104465498589, 0.000665472762194, -0.00154747802299, 0.0011911917245, -0.00158882630058, 0.0013829418458, -0.00105637963861, 0.0015253033489, -0.0021144032944, 0.00230267527513, -0.00107792776544], [0.000248325930443, -0.00104465498589, 0.00242894585244, -0.00192551815417, 0.000861116801389, -0.00154658278916, 0.00056311005028, -0.00072409195127, 0.0010458616307, -0.000566031492781, 0.00065201788675, -0.00200570747256, 0.000913286639843], [-0.000499624118675, 0.000665472762194, -0.00192551815417, 0.00444156769663, -0.00287556974217, 0.00187773525249, -0.000427373626735, 0.000746150326449, -0.000743542856071, 0.000592211319599, -0.000946759013459, 0.00171507394407, -0.00202523171902], [-6.68289503665e-05, -0.00154747802299, 0.000861116801389, -0.00287556974217, 0.00771219842136, -0.00421115895733, 0.00082268123515, 2.71809926744e-06, -0.00152040773537, -0.000940488302149, 0.000822580012027, -0.000226666612434, 0.000384496117476], [-0.000402018922614, 0.0011911917245, -0.00154658278916, 0.00187773525249, -0.00421115895733, 0.00868434086442, -0.00270364689641, 0.00104721693788, -0.000997295137495, -0.000709532061592, -0.000926139822695, 0.000848182477057, -0.00110501504969], [0.000309353112243, -0.00158882630058, 0.00056311005028, -0.000427373626735, 0.00082268123515, -0.00270364689641, 0.00647232588381, -0.00554761989042, 0.00114910327829, 0.000137083683512, -0.000450484512839, -0.00244022579864, 0.00258999760263], [-0.000463039148599, 0.0013829418458, -0.00072409195127, 0.000746150326449, 2.71809926744e-06, 0.00104721693788, -0.00554761989042, 0.010311441496, -0.00376769853756, 3.14689641527e-05, -0.00152499240357, 0.00193789019249, -0.00197464763187], [0.000456359353848, -0.00105637963861, 0.0010458616307, -0.000743542856071, -0.00152040773537, -0.000997295137495, 0.00114910327829, -0.00376769853756, 0.0100953457877, -0.00430616363883, 0.000988195417449, -0.00045424385462, 0.000333473144565], [-0.000210231664823, 0.0015253033489, -0.000566031492781, 0.000592211319599, -0.000940488302149, -0.000709532061592, 0.000137083683512, 3.14689641527e-05, -0.00430616363883, 0.0103158075362, -0.00447777053341, 0.00176303996705, -0.000945858366322], [0.00019267029711, -0.0021144032944, 0.00065201788675, -0.000946759013459, 0.000822580012027, -0.000926139822695, -0.000450484512839, -0.00152499240357, 0.000988195417449, -0.00447777053341, 0.0133553892374, -0.00543205440044, -0.000218089771806], [-0.000551069970243, 0.00230267527513, -0.00200570747256, 0.00171507394407, -0.000226666612434, 0.000848182477057, -0.00244022579864, 0.00193789019249, -0.00045424385462, 0.00176303996705, -0.00543205440044, 0.0155714927241, -0.00583870150149], [0.000606536748819, -0.00107792776544, 0.000913286639843, -0.00202523171902, 0.000384496117476, -0.00110501504969, 0.00258999760263, -0.00197464763187, 0.000333473144565, -0.000945858366322, -0.000218089771806, -0.00583870150149, 0.0117404172197]]
    },
    "melbands": {
        "dmean": [0.00196975073777, 0.00231853523292, 0.00148320291191, 0.000783817144111, 0.000396843766794, 0.000200845461222, 0.000194416206796, 0.000217656415771, 0.000353441166226, 9.00333034224e-05, 6.220243813e-05, 4.90528400405e-05, 3.47356290149e-05, 4.90103338961e-05, 4.30265354225e-05, 5.16716390848e-05, 5.33413367521e-05, 3.64904808521e-05, 1.85912776942e-05, 1.75180412043e-05, 1.90545124497e-05, 1.07378755274e-05, 8.09916491562e-06, 5.52163646717e-06, 4.628816896e-06, 6.21964682068e-06, 3.59747787115e-06, 2.59680132331e-06, 2.40115423367e-06, 1.44363445997e-06, 1.44645105138e-06, 1.24781502109e-06, 1.31748231524e-06, 1.3380222299e-06, 1.21274615594e-06, 1.28341525851e-06, 9.0334486913e-07, 8.28992142488e-07, 9.82282813311e-07, 7.33176761969e-07],
        "dmean2": [0.00245500379242, 0.00359378545545, 0.00268538249657, 0.00139076495543, 0.00070190266706, 0.000339328224072, 0.000331568851834, 0.000354539195541, 0.00055835605599, 0.000138576986501, 9.48339584284e-05, 8.22386573418e-05, 5.89462579228e-05, 7.84134244896e-05, 6.90845190547e-05, 8.62107117428e-05, 8.88208887773e-05, 5.91024145251e-05, 3.08039852825e-05, 2.85249916487e-05, 3.09266288241e-05, 1.65373094205e-05, 1.32276391014e-05, 8.07433025329e-06, 6.8209010351e-06, 9.76910177997e-06, 5.46934506929e-06, 3.88923808714e-06, 3.64776974493e-06, 2.1299817945e-06, 2.24267319027e-06, 1.99682222046e-06, 2.09718950828e-06, 2.18702962229e-06, 1.87564830867e-06, 2.07120410778e-06, 1.41253360653e-06, 1.33324215312e-06, 1.57421834501e-06, 1.16131582217e-06],
        "dvar": [1.91235267266e-05, 5.24172392034e-05, 2.84895086224e-05, 4.96476695844e-06, 8.645333196e-07, 2.04059588782e-07, 1.58264668926e-07, 2.19368203602e-07, 7.27971894321e-07, 7.68961854192e-08, 2.99894686862e-08, 2.42585347365e-08, 1.18766454449e-08, 1.43408982467e-08, 5.49880807554e-09, 9.54317513902e-09, 1.1838594105e-08, 5.77092640341e-09, 1.43868095215e-09, 1.39133593535e-09, 2.4035038404e-09, 5.17098142083e-10, 4.25716323305e-10, 1.76063982837e-10, 7.66170807354e-11, 2.88732121545e-10, 5.59161154878e-11, 2.23185723375e-11, 1.78916464977e-11, 5.97466607438e-12, 7.58959301655e-12, 8.37457273667e-12, 9.78974627058e-12, 9.85153278399e-12, 6.45267389868e-12, 8.34977746667e-12, 3.95945515957e-12, 3.61907270645e-12, 4.54226283322e-12, 2.32889553996e-12],
        "dvar2": [3.2394680602e-05, 0.000123639532831, 8.05922463769e-05, 1.44651621667e-05, 2.48620767707e-06, 5.4900425539e-07, 4.16038147932e-07, 5.15306908255e-07, 1.75964134996e-06, 1.54142469455e-07, 6.20877003144e-08, 6.34831422985e-08, 3.1748001561e-08, 3.49421895862e-08, 1.26493322483e-08, 2.47990481483e-08, 3.05354674879e-08, 1.3841693125e-08, 3.26407056939e-09, 3.17226578339e-09, 6.29032026467e-09, 1.20734222619e-09, 1.10497733186e-09, 3.33431532384e-10, 1.63054458824e-10, 7.61435803298e-10, 1.28964589008e-10, 5.08654160458e-11, 4.13585034276e-11, 1.20602468984e-11, 1.73096762618e-11, 2.06304417993e-11, 2.3630144716e-11, 2.48853975621e-11, 1.50981692426e-11, 2.02959558881e-11, 9.18530789623e-12, 9.15110348609e-12, 1.13689387765e-11, 5.6024633717e-12],
        "max": [0.0394156984985, 0.0508238300681, 0.0377379842103, 0.0166557468474, 0.00742941210046, 0.00330033153296, 0.00427654990926, 0.00639978004619, 0.012128691189, 0.0041396394372, 0.00272597628646, 0.00195071136113, 0.00173943850677, 0.00157517706975, 0.000799747183919, 0.000757987960242, 0.00135651719756, 0.000814801314846, 0.000464976299554, 0.00043847822235, 0.000416900089476, 0.000153396293172, 0.000201653121621, 0.000128081577714, 7.82633651397e-05, 0.000300064391922, 0.000102462465293, 5.46302435396e-05, 3.96832911065e-05, 3.19027276419e-05, 2.22113194468e-05, 2.14861829591e-05, 3.36832345056e-05, 2.96805083053e-05, 2.37936801568e-05, 2.3071308533e-05, 2.20127003558e-05, 2.41428333538e-05, 1.56841069838e-05, 1.40494075822e-05],
        "mean": [0.00389470369555, 0.00234438269399, 0.00111673213542, 0.000805192103144, 0.000477064284496, 0.000253258651355, 0.000267265946604, 0.000276484090136, 0.000486691802507, 0.00010860911425, 6.89413718646e-05, 5.24937204318e-05, 3.52679635398e-05, 5.6542980019e-05, 4.84096708533e-05, 5.37757441634e-05, 5.34489336133e-05, 3.86624815292e-05, 2.01643815672e-05, 1.9323266315e-05, 1.84123018698e-05, 1.24353355204e-05, 8.15378734842e-06, 6.60877003611e-06, 5.28687178303e-06, 7.29299063096e-06, 4.86840963276e-06, 3.69959798263e-06, 3.31085107064e-06, 1.95852953766e-06, 1.70734040239e-06, 1.29231978008e-06, 1.33767582611e-06, 1.35159018555e-06, 1.26408281176e-06, 1.2649064729e-06, 9.53492190092e-07, 8.79119454567e-07, 1.02065280316e-06, 7.70249698689e-07],
        "median": [0.000350862013875, 0.000335352233378, 0.000203974646865, 0.000364168430679, 0.000240680543357, 0.000123950376292, 0.000106954357761, 0.000101276949863, 0.000100886791188, 2.33671926253e-05, 1.46650590978e-05, 1.42435646922e-05, 7.18344244888e-06, 1.26717386593e-05, 1.14444037536e-05, 1.13755204438e-05, 9.94236143015e-06, 5.35897652298e-06, 3.4015674828e-06, 3.23862582263e-06, 3.57195790457e-06, 3.18737579619e-06, 1.66413099123e-06, 1.09512643576e-06, 1.31568572215e-06, 2.28305952987e-06, 1.51206813825e-06, 1.35279128699e-06, 1.42341980336e-06, 7.85980603268e-07, 5.96965207933e-07, 3.78366905807e-07, 4.03499853974e-07, 4.16496988009e-07, 3.56023804216e-07, 3.86232756e-07, 3.15337103984e-07, 3.09696872591e-07, 3.41829775152e-07, 2.49748183023e-07],
        "min": [6.79730490644e-12, 8.63252091338e-12, 1.15774768245e-11, 1.46558546549e-11, 1.70768642282e-11, 1.95933720637e-11, 2.41625938008e-11, 3.29804863974e-11, 4.39597525048e-11, 4.42235172093e-11, 2.65094370067e-11, 8.15315003011e-12, 1.23774634205e-12, 1.37518062259e-13, 1.51816905401e-12, 5.78976710325e-12, 5.09193295167e-12, 2.02052003601e-12, 1.37940624634e-12, 1.1656979635e-12, 7.55208883711e-13, 3.36535839343e-13, 1.37855560843e-13, 3.65153220161e-13, 7.50143491161e-13, 1.19797878215e-12, 4.37716432111e-13, 4.36405116688e-13, 4.37648723685e-13, 3.06701685533e-13, 1.31728287132e-13, 3.17616890904e-13, 3.94178775991e-13, 3.06227862078e-13, 1.09421132365e-13, 4.40846090102e-14, 1.34637215114e-13, 1.39559032191e-13, 6.96652750678e-14, 1.75144065375e-13],
        "stdev": [0.00696102017537, 0.00713804876432, 0.0041247359477, 0.00173762615304, 0.000785265874583, 0.000420595402829, 0.000429616688052, 0.000531616446096, 0.000986144994386, 0.000333096890245, 0.000214383806451, 0.000147726881551, 0.000102430116385, 0.000130254557007, 8.60869622556e-05, 0.00010212653433, 0.000110843517177, 8.14318336779e-05, 4.30222935393e-05, 4.31053595094e-05, 4.49538310932e-05, 2.43127051363e-05, 1.94319618458e-05, 1.579651871e-05, 1.01137675301e-05, 1.57370250236e-05, 8.84755627339e-06, 5.76933098273e-06, 5.03408818986e-06, 3.11537041853e-06, 3.06952483697e-06, 2.77998537968e-06, 3.05502453557e-06, 2.96063467431e-06, 2.60351021097e-06, 2.79271694126e-06, 2.05337255466e-06, 1.80686856766e-06, 2.04612001653e-06, 1.53679752657e-06],
        "var": [4.84558040625e-05, 5.09517376486e-05, 1.70134462678e-05, 3.01934460367e-06, 6.1664252371e-07, 1.76900485371e-07, 1.84570509987e-07, 2.82616042568e-07, 9.72481871031e-07, 1.10953529031e-07, 4.59604159175e-08, 2.18232312221e-08, 1.04919291033e-08, 1.69662488503e-08, 7.41096517487e-09, 1.04298294445e-08, 1.22862857665e-08, 6.63114407828e-09, 1.8509177524e-09, 1.85807214059e-09, 2.02084682321e-09, 5.91107607306e-10, 3.77601117041e-10, 2.49529980012e-10, 1.02288295889e-10, 2.47653952901e-10, 7.82792580756e-11, 3.32851801677e-11, 2.53420444352e-11, 9.70553238472e-12, 9.42198229159e-12, 7.72831885293e-12, 9.33317485796e-12, 8.76535823091e-12, 6.77826501524e-12, 7.79926817573e-12, 4.21633908343e-12, 3.26477386792e-12, 4.18660679041e-12, 2.36174664894e-12]
    },
    "melbands128": {
