{
"lowlevel": {
    "average_loudness": 0.983919322491,
    "barkbands_crest": {
        "dmean": 1.95169055462,
        "dmean2": 3.18824481964,
        "dvar": 5.14724683762,
        "dvar2": 14.0984516144,
        "max": 23.3004360199,
        "mean": 15.2315864563,
        "median": 15.7314853668,
        "min": 4.95622634888,
        "stdev": 2.83062887192,
        "var": 8.01245975494
    },
    "barkbands_flatness_db": {
        "dmean": 0.0457320772111,
        "dmean2": 0.0572415851057,
        "dvar": 0.00195638090372,
        "dvar2": 0.00271658552811,
        "max": 0.537328541279,
        "mean": 0.269434660673,
        "median": 0.257117182016,
        "min": 0.0453590117395,
        "stdev": 0.0919453948736,
        "var": 0.00845395587385
    },
    "barkbands_kurtosis": {
        "dmean": 31.8410625458,
        "dmean2": 48.630153656,
        "dvar": 1757.39355469,
        "dvar2": 3472.51586914,
        "max": 315.206054688,
        "mean": 50.4125289917,
        "median": 26.0756664276,
        "min": -1.66408026218,
        "stdev": 57.9651756287,
        "var": 3359.96142578
    },
    "barkbands_skewness": {
        "dmean": 1.78247642517,
        "dmean2": 2.61925172806,
        "dvar": 3.11342644691,
        "dvar2": 5.88209915161,
        "max": 14.2692937851,
        "mean": 5.17159700394,
        "median": 4.75918579102,
        "min": -1.69052791595,
        "stdev": 2.95451021194,
        "var": 8.72913074493
    },
    "barkbands_spread": {
        "dmean": 7.15154504776,
        "dmean2": 10.6037311554,
        "dvar": 84.4583587646,
        "dvar2": 157.209838867,
        "max": 75.2272644043,
        "mean": 12.2651386261,
        "median": 7.45299196243,
        "min": 0.3522323668,
        "stdev": 13.6176290512,
        "var": 185.439819336
    },
    "dissonance": {
        "dmean": 0.03007000871,
        "dmean2": 0.0490230247378,
        "dvar": 0.000961311277933,
        "dvar2": 0.00218411558308,
        "max": 0.499273210764,
        "mean": 0.445375472307,
        "median": 0.455331325531,
        "min": 0.131996229291,
        "stdev": 0.0422431826591,
        "var": 0.00178448657971
    },
    "dynamic_complexity": 2.66658258438,
    "erbbands_crest": {
        "dmean": 2.86472439766,
        "dmean2": 4.75831127167,
        "dvar": 7.24900531769,
        "dvar2": 18.3437423706,
        "max": 27.6636447906,
        "mean": 8.90161514282,
        "median": 8.19865894318,
        "min": 2.51578760147,
        "stdev": 3.68605184555,
        "var": 13.5869779587
    },
    "erbbands_flatness_db": {
        "dmean": 0.0240584313869,
        "dmean2": 0.0361199676991,
        "dvar": 0.000433735898696,
        "dvar2": 0.000933349889237,
        "max": 0.286114662886,
        "mean": 0.141751915216,
        "median": 0.138956695795,
        "min": 0.0524288453162,
        "stdev": 0.0374503880739,
        "var": 0.00140253151767
    },
    "erbbands_kurtosis": {
        "dmean": 1.71568536758,
        "dmean2": 2.68175411224,
        "dvar": 5.1367893219,
        "dvar2": 12.2726659775,
        "max": 22.3523139954,
        "mean": 1.17594623566,
        "median": 0.315082788467,
        "min": -1.91494703293,
        "stdev": 2.77893042564,
        "var": 7.72245407104
    },
    "erbbands_skewness": {
        "dmean": 0.608356058598,
        "dmean2": 0.934928953648,
        "dvar": 0.398217260838,
        "dvar2": 0.902396678925,
        "max": 2.7637693882,
        "mean": -0.049772977829,
        "median": 0.0414558500051,
        "min": -4.1605219841,
        "stdev": 0.984474539757,
        "var": 0.969190061092
    },
    "erbbands_spread": {
        "dmean": 19.1112060547,
        "dmean2": 29.390996933,
        "dvar": 473.215423584,
        "dvar2": 993.256286621,
        "max": 204.934814453,
        "mean": 50.0596618652,
        "median": 41.3479423523,
        "min": 5.76341724396,
        "stdev": 32.5564041138,
        "var": 1059.91943359
    },
    "hfc": {
        "dmean": 20.3209381104,
        "dmean2": 30.3067512512,
        "dvar": 1620.70874023,
        "dvar2": 3373.84741211,
        "max": 490.916107178,
        "mean": 31.3109931946,
        "median": 15.9217166901,
        "min": 1.17199515223e-16,
        "stdev": 45.852596283,
        "var": 2102.46044922
    },
    "loudness_ebu128": {
        "integrated": -9.70905780792,
        "loudness_range": 1.04964160919,
        "momentary": {
            "dmean": 0.76897495985,
            "dmean2": 1.17843520641,
            "dvar": 0.385710895061,
            "dvar2": 0.845463514328,
            "max": -7.04186344147,
            "mean": -9.88048934937,
            "median": -9.72208976746,
            "min": -13.5650672913,
            "stdev": 1.25058686733,
            "var": 1.56396758556
        },
        "short_term": {
            "dmean": 0.0958525761962,
            "dmean2": 0.147732988,
            "dvar": 0.00586215453222,
            "dvar2": 0.0134057207033,
            "max": -8.71110916138,
            "mean": -9.7182559967,
            "median": -9.73989868164,
            "min": -10.4879350662,
            "stdev": 0.373043209314,
            "var": 0.139161229134
        }
    },
    "melbands_crest": {
        "dmean": 2.70251560211,
        "dmean2": 4.00147867203,
        "dvar": 18.4228935242,
        "dvar2": 42.3351860046,
        "max": 38.7983589172,
        "mean": 33.604763031,
        "median": 35.101688385,
        "min": 1.91388130188,
        "stdev": 4.82239198685,
        "var": 23.2554645538
    },
    "melbands_flatness_db": {
        "dmean": 0.0540006235242,
        "dmean2": 0.0671145841479,
        "dvar": 0.00272245123051,
        "dvar2": 0.00371179613285,
        "max": 0.67677628994,
        "mean": 0.366855502129,
        "median": 0.354751706123,
        "min": 0.0040233223699,
        "stdev": 0.106891751289,
        "var": 0.0114258462563
    },
    "melbands_kurtosis": {
        "dmean": 102.557876587,
        "dmean2": 156.833007812,
        "dvar": 26972.3769531,
        "dvar2": 53080.6679688,
        "max": 1485.3302002,
        "mean": 163.803726196,
        "median": 76.8589935303,
        "min": -1.00352478027,
        "stdev": 219.722213745,
        "var": 48277.8515625
    },
    "melbands_skewness": {
        "dmean": 3.05745458603,
        "dmean2": 4.36045217514,
        "dvar": 12.3442382812,
        "dvar2": 20.8845844269,
        "max": 33.8264846802,
        "mean": 9.05683612823,
        "median": 7.96104717255,
        "min": -0.144626870751,
        "stdev": 5.95211315155,
        "var": 35.4276504517
    },
    "melbands_spread": {
        "dmean": 5.54321241379,
        "dmean2": 7.80737447739,
        "dvar": 73.8585891724,
        "dvar2": 115.218826294,
        "max": 116.744026184,
        "mean": 9.12067222595,
        "median": 4.41087150574,
        "min": 0.184878930449,
        "stdev": 12.0430860519,
        "var": 145.035919189
    },
    "pitch_salience": {
        "dmean": 0.0623447857797,
        "dmean2": 0.0980629324913,
        "dvar": 0.00765900034457,
        "dvar2": 0.017996089533,
        "max": 0.809887707233,
        "mean": 0.244912460446,
        "median": 0.22130587697,
        "min": 0.0853762403131,
        "stdev": 0.103024713695,
        "var": 0.0106140915304
    },
    "silence_rate_20dB": {
        "dmean": 0,
        "dmean2": 0,
        "dvar": 0,
        "dvar2": 0,
        "max": 1,
        "mean": 1,
        "median": 1,
        "min": 1,
        "stdev": 0,
        "var": 0
    },
    "silence_rate_30dB": {
        "dmean": 0.0944272428751,
        "dmean2": 0.18900077045,
        "dvar": 0.0855110511184,
        "dvar2": 0.184262663126,
        "max": 1,
        "mean": 0.331786543131,
        "median": 0,
        "min": 0,
        "stdev": 0.470851898193,
        "var": 0.2217015028
    },
    "silence_rate_60dB": {
        "dmean": 0.000773993786424,
        "dmean2": 0.000774593325332,
        "dvar": 0.000773391744588,
        "dvar2": 0.000773989362642,
        "max": 1,
        "mean": 0.00077339517884,
        "median": 0,
        "min": 0,
        "stdev": 0.0277991909534,
        "var": 0.000772794999648
    },
    "spectral_centroid": {
        "dmean": 464.483612061,
        "dmean2": 685.297485352,
        "dvar": 408742.8125,
        "dvar2": 783076.5625,
        "max": 10648.9775391,
        "mean": 1274.0802002,
        "median": 1038.96777344,
        "min": 144.635101318,
        "stdev": 906.174804688,
        "var": 821152.75
    },
    "spectral_complexity": {
        "dmean": 4.44969034195,
        "dmean2": 6.23315238953,
        "dvar": 38.2551498413,
        "dvar2": 55.1160087585,
        "max": 59,
        "mean": 12.9234342575,
        "median": 11,
        "min": 0,
        "stdev": 9.74840545654,
        "var": 95.0314102173
    },
    "spectral_decrease": {
        "dmean": 6.36122576836e-09,
        "dmean2": 1.02205026664e-08,
        "dvar": 1.07016868943e-16,
        "dvar2": 2.64922153869e-16,
        "max": -8.42467419849e-29,
        "mean": -3.43355424093e-08,
        "median": -3.38793739729e-08,
        "min": -8.84962929604e-08,
        "stdev": 1.46041170268e-08,
        "var": 2.13280235906e-16
    },
    "spectral_energy": {
        "dmean": 0.0251363459975,
        "dmean2": 0.0401047505438,
        "dvar": 0.00160654669162,
        "dvar2": 0.00395050598308,
        "max": 0.339310586452,
        "mean": 0.132430061698,
        "median": 0.132082238793,
        "min": 1.09483121717e-20,
        "stdev": 0.056245662272,
        "var": 0.00316357449628
    },
    "spectral_energyband_high": {
        "dmean": 0.00172387680504,
        "dmean2": 0.00274109118618,
        "dvar": 1.62371761689e-05,
        "dvar2": 3.54686599167e-05,
        "max": 0.0481782928109,
        "mean": 0.00180774298497,
        "median": 0.000412136287196,
        "min": 7.72934447255e-21,
        "stdev": 0.00437317835167,
        "var": 1.91246890608e-05
    },
    "spectral_energyband_low": {
        "dmean": 0.0179896075279,
        "dmean2": 0.0281350053847,
        "dvar": 0.00139972113539,
        "dvar2": 0.00357624702156,
        "max": 0.309113383293,
        "mean": 0.110856115818,
        "median": 0.104748643935,
        "min": 5.49508263456e-23,
        "stdev": 0.0503702871501,
        "var": 0.00253716600128
    },
    "spectral_energyband_middle_high": {
        "dmean": 0.0042245448567,
        "dmean2": 0.00550018902868,
        "dvar": 5.02351758769e-05,
        "dvar2": 8.65779002197e-05,
        "max": 0.0722178071737,
        "mean": 0.00651968410239,
        "median": 0.0018523868639,
        "min": 1.85833132219e-21,
        "stdev": 0.0100768450648,
        "var": 0.000101542806078
    },
    "spectral_energyband_middle_low": {
        "dmean": 0.00535039277747,
        "dmean2": 0.00869331602007,
        "dvar": 0.000116436531243,
        "dvar2": 0.00030943567981,
        "max": 0.0950132608414,
        "mean": 0.00697207683697,
        "median": 0.00401331065223,
        "min": 2.55449771366e-22,
        "stdev": 0.00993363279849,
        "var": 9.86770683085e-05
    },
    "spectral_entropy": {
        "dmean": 0.318478345871,
        "dmean2": 0.458552718163,
        "dvar": 0.0894461125135,
        "dvar2": 0.154293119907,
        "max": 9.82369327545,
        "mean": 7.47004508972,
        "median": 7.45709943771,
        "min": 5.63873147964,
        "stdev": 0.56927639246,
        "var": 0.324075639248
    },
    "spectral_flux": {
        "dmean": 0.0570300370455,
        "dmean2": 0.0897062495351,
        "dvar": 0.00605104537681,
        "dvar2": 0.00986066740006,
        "max": 0.538904249668,
        "mean": 0.128788158298,
        "median": 0.100763268769,
        "min": 1.04634183262e-10,
        "stdev": 0.102433256805,
        "var": 0.0104925725609
    },
    "spectral_kurtosis": {
        "dmean": 2.54770851135,
        "dmean2": 3.6268184185,
        "dvar": 10.3979187012,
        "dvar2": 20.7404823303,
        "max": 48.5017585754,
        "mean": 4.72617292404,
        "median": 3.36622810364,
        "min": -1.51069283485,
        "stdev": 5.45599603653,
        "var": 29.7678947449
    },
    "spectral_rms": {
        "dmean": 0.00101482449099,
        "dmean2": 0.00158450508025,
        "dvar": 2.28022076953e-06,
        "dvar2": 5.19039167557e-06,
        "max": 0.0181943587959,
        "mean": 0.0111007858068,
        "median": 0.0113516831771,
        "min": 3.26822271503e-12,
        "stdev": 0.00244390335865,
        "var": 5.97266398472e-06
    },
    "spectral_rolloff": {
        "dmean": 272.181396484,
        "dmean2": 440.304656982,
        "dvar": 720964.4375,
        "dvar2": 1237833.125,
        "max": 19272.2167969,
        "mean": 344.445251465,
        "median": 64.599609375,
        "min": 43.06640625,
        "stdev": 881.467285156,
        "var": 776984.625
    },
    "spectral_skewness": {
        "dmean": 0.45189422369,
        "dmean2": 0.632612347603,
        "dvar": 0.20143198967,
        "dvar2": 0.412392765284,
        "max": 5.55513858795,
        "mean": 1.7182277441,
        "median": 1.66403877735,
        "min": -0.431295245886,
        "stdev": 0.820054888725,
        "var": 0.672490060329
    },
    "spectral_spread": {
        "dmean": 1313130.375,
        "dmean2": 1758382.25,
        "dvar": 2.16092206694e+12,
        "dvar2": 3.28543816909e+12,
        "max": 41052580,
        "mean": 6197851.5,
        "median": 5672408,
        "min": 1389872.75,
        "stdev": 2775642.75,
        "var": 7.70419300762e+12
    },
    "spectral_strongpeak": {
        "dmean": 0.191400140524,
        "dmean2": 0.361545681953,
        "dvar": 0.0568749569356,
        "dvar2": 0.148982226849,
        "max": 1.45339071751,
        "mean": 0.40192297101,
        "median": 0.457475394011,
        "min": 0,
        "stdev": 0.241330847144,
        "var": 0.0582405775785
    },
    "zerocrossingrate": {
        "dmean": 0.00879133027047,
        "dmean2": 0.0104812160134,
        "dvar": 0.000273638142971,
        "dvar2": 0.000311915995553,
        "max": 0.49267578125,
        "mean": 0.0194870661944,
        "median": 0.01416015625,
        "min": 0.0009765625,
        "stdev": 0.0227596238256,
        "var": 0.000518000510056
    },
    "barkbands": {
        "dmean": [0.011910921894, 0.014981799759, 0.00562584586442, 0.00141824514139, 0.00149434211198, 0.0012311207829, 0.000921045138966, 0.00060135073727, 0.000790584541392, 0.000717613555025, 0.000510268262587, 0.000916004180908, 0.000497744127642, 0.000503567513078, 0.000711390865035, 0.000789835932665, 0.000413963949541, 0.000229404875427, 0.000239581218921, 0.000190070291865, 0.000252930098213, 0.000360056845238, 0.000674477952998, 0.000272736389888, 0.000158465147251, 7.43232230889e-05, 6.7049363679e-06],
        "dmean2": [0.0190887209028, 0.0238900166005, 0.0105623584241, 0.00257680960931, 0.00258059403859, 0.00215036422014, 0.00139800133184, 0.000926744483877, 0.00124053703621, 0.00108814658597, 0.00079331517918, 0.00131994846743, 0.000746227859054, 0.00078682746971, 0.00108494993765, 0.00111851771362, 0.000608517497312, 0.000356366363121, 0.0003593294241, 0.000286931550363, 0.00036172819091, 0.000580931198783, 0.00118578691036, 0.000438209623098, 0.000245909846853, 0.000112221176096, 1.07119385575e-05],
        "dvar": [0.000210157057154, 0.00100161670707, 0.000336245720973, 1.82586554729e-05, 9.1763367891e-06, 3.18524616887e-05, 4.01283705287e-06, 2.18323680201e-06, 4.47063757747e-06, 5.64881975151e-06, 2.20142555918e-06, 6.29686383036e-06, 1.50428081724e-06, 1.68064116224e-06, 3.21062793773e-06, 3.38511722475e-06, 9.58072632784e-07, 8.53226708841e-07, 1.36794596983e-06, 4.34606789668e-07, 8.96144854323e-07, 1.08232995899e-06, 1.66136089774e-06, 5.61575916436e-07, 1.42551755289e-07, 4.06856912605e-08, 3.33099464678e-10],
        "dvar2": [0.000506286974996, 0.00244442303665, 0.000982845318504, 5.09568417328e-05, 2.51660621871e-05, 8.86439229362e-05, 8.05764011602e-06, 4.82579525851e-06, 1.08505792014e-05, 1.48112812894e-05, 5.37648884347e-06, 1.26017448565e-05, 3.245235348e-06, 3.99170176024e-06, 7.82305869507e-06, 5.98373844696e-06, 1.84546468063e-06, 2.02309979613e-06, 3.00190049529e-06, 9.96666244646e-07, 1.94622111849e-06, 2.41797147282e-06, 4.07791230828e-06, 1.32247407691e-06, 3.29051346171e-07, 8.79766659523e-08, 8.08323352697e-10],
        "max": [0.128563210368, 0.2535790205, 0.125888183713, 0.035175036639, 0.0259226281196, 0.0682565495372, 0.0307328440249, 0.0193859003484, 0.0272144954652, 0.0386433117092, 0.0238980446011, 0.0487600266933, 0.0155580611899, 0.0138237290084, 0.0248312931508, 0.0366894938052, 0.0126898642629, 0.0112969782203, 0.0158285684884, 0.0093498993665, 0.0133631378412, 0.0117028402165, 0.0112380553037, 0.0111273508519, 0.0038462835364, 0.00264906929806, 0.000209233927308],
        "mean": [0.047002453357, 0.0647166520357, 0.00549805117771, 0.00120583572425, 0.00169417937286, 0.000980092445388, 0.00113153818529, 0.000806905445643, 0.00103393034078, 0.000883399916347, 0.000601484964136, 0.00106729974505, 0.000554411904886, 0.000557050516363, 0.000819687149487, 0.00104300142266, 0.000513900071383, 0.000209697464015, 0.000215151259908, 0.000192637817236, 0.000268690026132, 0.000340340018738, 0.000529852812178, 0.000282423687167, 0.000185728466022, 8.88239956112e-05, 7.09130608811e-06],
        "median": [0.0388351194561, 0.05533131212, 0.00213711149991, 0.000373537128326, 0.00086706073489, 9.4375682238e-05, 0.000202577837626, 7.1891467087e-05, 0.000155379646458, 0.000122075594845, 0.000135109847179, 9.88536048681e-05, 5.2698480431e-05, 6.49849025649e-05, 0.000123344099848, 0.000126360231661, 6.52214948786e-05, 1.38541136039e-05, 8.46172406455e-06, 2.0091283659e-05, 4.49951730843e-05, 4.72167994303e-05, 5.04931267642e-05, 5.06581927766e-05, 4.08998857893e-05, 1.44616096804e-05, 7.73419060351e-07],
        "min": [1.06436252999e-23, 2.88527296034e-23, 1.00957322134e-23, 2.1601711067e-23, 2.54192787778e-23, 3.64410887288e-23, 5.48387260555e-23, 4.83360351732e-23, 6.31143881331e-23, 5.99089938397e-23, 3.89470694773e-23, 9.81184689043e-23, 1.83154430691e-22, 1.25144237672e-22, 1.45792185928e-22, 1.1069957603e-22, 2.60774847533e-22, 2.91797073999e-22, 2.36092210224e-22, 5.82077212654e-22, 5.8898369619e-22, 4.18068612837e-22, 7.59247041595e-22, 7.81000316508e-22, 1.21571346531e-21, 1.79546478784e-21, 2.18687813148e-21],
        "stdev": [0.0292118620127, 0.0385847166181, 0.0139026939869, 0.0034102445934, 0.00275294156745, 0.00451620249078, 0.00247151404619, 0.0020560012199, 0.00245040468872, 0.00264946557581, 0.0014960373519, 0.00320831756108, 0.00143079878762, 0.00146879791282, 0.00196657842025, 0.00247080018744, 0.00126408971846, 0.000882378837559, 0.00115576933604, 0.000672703201417, 0.000977014307864, 0.00105485483073, 0.00122730154544, 0.000842744135298, 0.000444127217634, 0.000237188622123, 2.0304312784e-05],
        "var": [0.000853332923725, 0.00148878025357, 0.00019328489725, 1.16297687782e-05, 7.57868747314e-06, 2.03960862564e-05, 6.10838196735e-06, 4.22714128945e-06, 6.00448311161e-06, 7.01966837369e-06, 2.23812776312e-06, 1.02933017843e-05, 2.04718503483e-06, 2.15736736209e-06, 3.86743067793e-06, 6.10485312791e-06, 1.59792284649e-06, 7.78592436745e-07, 1.33580272177e-06, 4.52529576478e-07, 9.54556981014e-07, 1.11271879177e-06, 1.50626920004e-06, 7.10217648248e-07, 1.97248994027e-07, 5.62584396846e-08, 4.12265083183e-10]
    },
    "erbbands": {
        "dmean": [0.694106698036, 3.49987840652, 6.92428064346, 5.63835144043, 4.14770078659, 5.51593351364, 8.38986682892, 9.1517791748, 11.7760848999, 12.5514421463, 15.9519472122, 17.8217029572, 19.1182765961, 17.4084358215, 24.7796173096, 32.9636573792, 22.0545387268, 20.6296749115, 27.3110580444, 41.9339942932, 37.0430641174, 25.0784301758, 13.1314220428, 11.8853607178, 11.8325891495, 8.9897518158, 9.78180599213, 10.4105358124, 11.6208620071, 17.6701145172, 20.1606693268, 6.75746154785, 4.5006146431, 2.11300086975, 1.0346750021, 0.42142021656, 0.118743337691, 0.0200977511704, 0.000730527332053, 4.39485083916e-05],
        "dmean2": [1.08420670033, 6.10040044785, 13.0295391083, 10.3942403793, 7.29012012482, 9.43906784058, 15.0786123276, 15.6023263931, 17.8231067657, 19.4813575745, 24.4513721466, 27.7501354218, 28.2825908661, 25.7055492401, 35.0547943115, 49.4340057373, 33.0025405884, 30.7157459259, 39.3036155701, 58.4787788391, 52.044090271, 35.838344574, 20.1772766113, 18.31873703, 17.9218349457, 13.3976964951, 14.1060447693, 15.72930336, 18.56067276, 30.6044120789, 35.4314079285, 11.2992362976, 7.10733795166, 3.36795496941, 1.58645987511, 0.650710105896, 0.17870926857, 0.0297586340457, 0.00111499463674, 6.70968729537e-05],
        "dvar": [1.73310256004, 85.4925384521, 492.300994873, 341.128662109, 93.2900390625, 147.340393066, 1940.02307129, 1107.19433594, 598.614807129, 832.369506836, 1235.34448242, 2817.70922852, 3404.90356445, 1705.39160156, 5032.88769531, 7004.00683594, 2964.87548828, 2575.57299805, 3365.74145508, 8949.27832031, 9349.01269531, 3563.81567383, 2416.80053711, 3379.0012207, 3176.27441406, 883.922424316, 1118.70141602, 1668.16308594, 1315.70385742, 1071.21801758, 1579.7199707, 272.079956055, 184.084564209, 28.343214035, 6.3656744957, 1.20831477642, 0.13455991447, 0.00290305260569, 3.68680048268e-06, 4.63939109352e-09],
        "dvar2": [4.08548498154, 234.251113892, 1428.19665527, 981.417602539, 265.834533691, 388.716064453, 5474.19091797, 3002.65405273, 1288.65661621, 1731.74597168, 2858.85253906, 6611.54785156, 8064.44921875, 3825.67578125, 11259.6083984, 15502.8779297, 6474.11962891, 5657.10302734, 7056.59082031, 18812.796875, 14476.1640625, 7005.56933594, 5609.54882812, 7845.99755859, 7028.61962891, 1941.0526123, 2277.47070312, 3851.60839844, 2951.94433594, 2450.66894531, 3926.45581055, 630.548339844, 431.289306641, 67.5807266235, 14.996805191, 2.69962263107, 0.296725362539, 0.00616086181253, 8.55857979332e-06, 1.05403810124e-08],
        "max": [10.3073291779, 61.1451034546, 140.250091553, 144.510421753, 84.3952941895, 133.513641357, 549.794128418, 387.774169922, 369.694488525, 396.055358887, 449.149688721, 810.870483398, 1162.58825684, 530.990356445, 1145.80737305, 1177.23693848, 747.399841309, 550.855773926, 575.319946289, 1415.46875, 2537.87890625, 904.831604004, 662.337158203, 763.087402344, 787.646728516, 381.995697021, 509.612976074, 564.741027832, 406.626556396, 296.664001465, 344.459411621, 196.858276367, 284.999389648, 68.5465164185, 35.6572532654, 14.2672157288, 5.80289030075, 0.846944451332, 0.0269297845662, 0.000862943474203],
        "mean": [4.3566160202, 5.11463451385, 6.55918216705, 5.4070558548, 4.68952465057, 5.78891706467, 6.30395650864, 8.39245796204, 14.7237482071, 15.0948858261, 21.5839366913, 23.1969223022, 25.5716056824, 24.3192996979, 31.5182113647, 36.6340293884, 25.6905841827, 23.9047431946, 33.3537445068, 55.4192047119, 50.9160728455, 32.179649353, 13.1131486893, 10.3725557327, 10.7899608612, 9.23494815826, 10.7685203552, 10.4313936234, 11.2024374008, 14.8337869644, 15.5904006958, 6.27910709381, 4.85820436478, 2.37165474892, 1.20668613911, 0.499788284302, 0.138334676623, 0.0244961101562, 0.000910467642825, 0.000170091210748],
        "median": [4.04306793213, 2.99645924568, 2.52566480637, 1.88668334484, 2.41208267212, 2.28349208832, 0.706138491631, 1.03638279438, 3.78578042984, 2.77581954002, 3.47896337509, 4.03559112549, 4.75134277344, 6.61052465439, 4.35147094727, 4.17547130585, 3.07051992416, 2.81263947487, 4.62866067886, 8.77392292023, 6.72189283371, 4.4459028244, 1.09122169018, 0.519536733627, 0.526725828648, 0.930195271969, 1.5729726553, 1.59125089645, 1.5970774889, 1.88547420502, 1.29799747467, 0.923197329044, 0.913846373558, 0.471844047308, 0.250966370106, 0.0846018642187, 0.0206998270005, 0.00360650173388, 0.000180685572559, 0.000158165101311],
        "min": [3.31635256532e-22, 8.11279196188e-21, 1.56809129554e-20, 4.41742849125e-20, 5.51764817619e-20, 9.09769749955e-20, 1.69707954612e-19, 3.5098110911e-19, 7.03830922621e-19, 1.01066457526e-18, 8.4516393266e-19, 1.02568824313e-18, 1.5911733117e-18, 1.97049993585e-18, 3.18315808759e-18, 3.93939059182e-18, 8.28158670909e-18, 6.49466606851e-18, 7.84476668967e-18, 5.96949033837e-18, 8.55975679575e-18, 1.54942178388e-17, 1.57155382834e-17, 1.33591678976e-17, 1.70058093445e-17, 2.36115033171e-17, 2.4489315655e-17, 2.26604590253e-17, 1.72264978232e-17, 1.41139412553e-17, 2.18609823458e-17, 1.97028499297e-17, 1.33895212902e-17, 1.30856978512e-17, 8.55458278102e-18, 7.15442987458e-18, 3.16428596191e-18, 9.75066133814e-19, 2.45144693902e-19, 3.92931308919e-20],
        "stdev": [1.97837460041, 7.87262010574, 16.7706298828, 14.3755350113, 8.09680271149, 11.6268358231, 33.9816665649, 29.0293617249, 29.3282546997, 35.0995178223, 44.497718811, 62.5048675537, 71.1977844238, 50.5871620178, 83.6522216797, 94.954246521, 62.8233413696, 59.7211341858, 72.4348526001, 122.066825867, 131.547485352, 79.1876602173, 48.4533653259, 55.0681266785, 55.4857559204, 31.3307132721, 36.5320014954, 40.086517334, 36.4258613586, 33.2249107361, 37.3828926086, 16.9845142365, 16.2650566101, 6.09640884399, 2.94717764854, 1.25663995743, 0.4172295928, 0.0687703192234, 0.00229424727149, 9.19230587897e-05],
        "var": [3.91396617889, 61.9781455994, 281.253997803, 206.656005859, 65.5582199097, 135.183319092, 1154.75378418, 842.703857422, 860.14654541, 1231.97607422, 1980.04711914, 3906.85839844, 5069.12402344, 2559.06103516, 6997.69433594, 9016.30859375, 3946.7722168, 3566.61401367, 5246.80810547, 14900.3095703, 17304.7402344, 6270.68505859, 2347.72851562, 3032.49853516, 3078.66918945, 981.613586426, 1334.58703613, 1606.92895508, 1326.84350586, 1103.89477539, 1397.48071289, 288.473754883, 264.552093506, 37.1662025452, 8.68585586548, 1.57914412022, 0.174080520868, 0.00472935661674, 5.26357052877e-06, 8.44984882065e-09]
    },
    "gfcc": {
        "mean": [-8.04333686829, 85.8355407715, -71.5684509277, 36.1433906555, -33.8965988159, 48.1993293762, -22.9946670532, 17.3383827209, 0.164006978273, 8.59358119965, -17.1675739288, 5.80391788483, 1.46656429768],
        "cov": [[7013.16650391, -1569.33984375, -1336.47827148, 316.927062988, -877.029602051, -116.38923645, -510.87411499, 341.709381104, -231.948577881, 305.107879639, -342.292175293, 225.821182251, -161.588943481], [-1569.33984375, 1718.70727539, -22.7268791199, -594.151977539, 322.286529541, -90.5230407715, 132.219940186, -206.66947937, 177.503097534, -117.525169373, 116.055099487, -162.163238525, 181.136047363], [-1336.47827148, -22.7268791199, 1073.57702637, 158.728683472, -28.7045249939, 108.440490723, 1.60695660114, -130.859619141, -37.0268096924, -53.1331710815, 44.8745346069, 4.15445613861, -41.7736244202], [316.927062988, -594.151977539, 158.728683472, 628.835205078, -123.862106323, -77.0996017456, -97.2623138428, -17.9840507507, -2.29240775108, -59.1221389771, -4.65649461746, 50.7628479004, -50.661441803], [-877.029602051, 322.286529541, -28.7045249939, -123.862106323, 494.624938965, -52.2118988037, 47.760433197, 37.952796936, 13.8141231537, -46.064125061, 36.2792854309, -82.3207550049, 36.9484977722], [-116.38923645, -90.5230407715, 108.440490723, -77.0996017456, -52.2118988037, 325.407714844, 107.345481873, -91.1435394287, -13.6323738098, -44.6286354065, 0.832176089287, -24.6920204163, -53.2379951477], [-510.87411499, 132.219940186, 1.60695660114, -97.2623138428, 47.760433197, 107.345481873, 319.957336426, -44.0482292175, -77.7923736572, -36.4968566895, 16.3501110077, -27.7641162872, -14.1158809662], [341.709381104, -206.66947937, -130.859619141, -17.9840507507, 37.952796936, -91.1435394287, -44.0482292175, 229.480575562, -33.9683914185, 43.4617881775, -45.2334365845, -0.131842717528, 13.0023946762], [-231.948577881, 177.503097534, -37.0268096924, -2.29240775108, 13.8141231537, -13.6323738098, -77.7923736572, -33.9683914185, 216.459106445, -40.8677062988, -24.8821716309, -22.8352050781, 27.8653392792], [305.107879639, -117.525169373, -53.1331710815, -59.1221389771, -46.064125061, -44.6286354065, -36.4968566895, 43.4617881775, -40.8677062988, 168.625259399, -27.9133377075, -12.1010560989, -5.07645559311], [-342.292175293, 116.055099487, 44.8745346069, -4.65649461746, 36.2792854309, 0.832176089287, 16.3501110077, -45.2334365845, -24.8821716309, -27.9133377075, 154.234588623, 0.011038758792, -19.8451766968], [225.821182251, -162.163238525, 4.15445613861, 50.7628479004, -82.3207550049, -24.6920204163, -27.7641162872, -0.131842717528, -22.8352050781, -12.1010560989, 0.011038758792, 128.896133423, 2.27352905273], [-161.588943481, 181.136047363, -41.7736244202, -50.661441803, 36.9484977722, -53.2379951477, -14.1158809662, 13.0023946762, 27.8653392792, -5.07645559311, -19.8451766968, 2.27352905273, 119.718955994]],
        "icov": [[0.00056877953466, -0.000105086670374, 0.000782664224971, -0.000229256605962, 0.000732467568014, -0.000285273272311, 0.00104578060564, -0.000215238644159, 0.00107160129119, -9.46617437876e-05, 0.00102295121178, -0.000258989748545, 0.00081759726163], [-0.000105086670374, 0.00365941505879, -0.000459276838228, 0.00372560601681, -0.000190351565834, 0.003515180666, -0.000880653038621, 0.00379274506122, -0.00142627197783, 0.00319202267565, -0.00155017175712, 0.00380191160366, -0.0030179428868], [0.000782664224971, -0.000459276838228, 0.00219396571629, -0.000907595618628, 0.000931455986574, -0.00101210875437, 0.00171513261739, -8.33062440506e-05, 0.00193067907821, -0.000279133470031, 0.00143741013017, -0.000600832281634, 0.00139495159965], [-0.000229256605962, 0.00372560601681, -0.000907595618628, 0.00603991094977, 0.000206877099117, 0.00460655102506, -0.000534236489329, 0.00414388487116, -0.0012582463678, 0.00463401526213, -0.00129369238857, 0.00389125547372, -0.00203448417597], [0.000732467568014, -0.000190351565834, 0.000931455986574, 0.000206877099117, 0.00373178045265, 0.000386588042602, 0.00111501209904, -0.000832828111015, 0.00151629140601, 0.00110997317825, 0.000801189802587, 0.00142234971281, 0.000731242296752], [-0.000285273272311, 0.003515180666, -0.00101210875437, 0.00460655102506, 0.000386588042602, 0.00830381456763, -0.0020303868223, 0.00504213524982, -0.00132137048058, 0.00468762638047, -0.000784711737651, 0.00477039953694, -0.00103538506664], [0.00104578060564, -0.000880653038621, 0.00171513261739, -0.000534236489329, 0.00111501209904, -0.0020303868223, 0.00653769727796, -0.000241016605287, 0.00435133744031, 0.000610458024312, 0.00253667728975, -0.000263017136604, 0.00210493290797], [-0.000215238644159, 0.00379274506122, -8.33062440506e-05, 0.00414388487116, -0.000832828111015, 0.00504213524982, -0.000241016605287, 0.0100595364347, -1.70806797541e-05, 0.00316480407491, 0.000166379046277, 0.0042559960857, -0.00284128356725], [0.00107160129119, -0.00142627197783, 0.00193067907821, -0.0012582463678, 0.00151629140601, -0.00132137048058, 0.00435133744031, -1.70806797541e-05, 0.00908842589706, 0.00116135110147, 0.0039426186122, 0.000101255674963, 0.00179038930219], [-9.46617437876e-05, 0.00319202267565, -0.000279133470031, 0.00463401526213, 0.00110997317825, 0.00468762638047, 0.000610458024312, 0.00316480407491, 0.00116135110147, 0.0113891353831, 0.000244884169661, 0.0054082502611, -0.00147300923709], [0.00102295121178, -0.00155017175712, 0.00143741013017, -0.00129369238857, 0.000801189802587, -0.000784711737651, 0.00253667728975, 0.000166379046277, 0.0039426186122, 0.000244884169661, 0.0102788722143, -0.00172473560087, 0.00419438956305], [-0.000258989748545, 0.00380191160366, -0.000600832281634, 0.00389125547372, 0.00142234971281, 0.00477039953694, -0.000263017136604, 0.0042559960857, 0.000101255674963, 0.0054082502611, -0.00172473560087, 0.0138450851664, -0.00381882023066], [0.00081759726163, -0.0030179428868, 0.00139495159965, -0.00203448417597, 0.000731242296752, -0.00103538506664, 0.00210493290797, -0.00284128356725, 0.00179038930219, -0.00147300923709, 0.00419438956305, -0.00381882023066, 0.0138077102602]]
    },
    "melbands": {
        "dmean": [0.00442630238831, 0.00375024857931, 0.000904236338101, 0.000341784936609, 0.00027568807127, 0.000216988541069, 0.000180354109034, 0.000136787959491, 0.000137293318403, 0.000113775189675, 0.000100398639916, 7.72408675402e-05, 7.15707355994e-05, 0.000108045504021, 6.65047336952e-05, 5.07523473061e-05, 3.95377792302e-05, 4.63803298771e-05, 6.50397269055e-05, 5.82994834986e-05, 4.01938305004e-05, 2.80377116724e-05, 1.61794323503e-05, 8.72978489497e-06, 9.7958572951e-06, 9.83995596471e-06, 7.17478496881e-06, 5.64139872949e-06, 6.27340523351e-06, 5.75816739001e-06, 6.54316954751e-06, 6.59305396766e-06, 7.39186634746e-06, 1.07738678707e-05, 1.35886421049e-05, 6.3569723352e-06, 3.51567973667e-06, 3.37467804457e-06, 2.38724373958e-06, 1.67425775999e-06],
        "dmean2": [0.00684954086319, 0.00686228042468, 0.00166686403099, 0.00058854004601, 0.00049038999714, 0.000367310771253, 0.000273390847724, 0.000211851729546, 0.000210731857806, 0.000178591726581, 0.000150621999637, 0.000114127324196, 0.000106153456727, 0.000152157459524, 0.000102463673102, 7.81467897468e-05, 6.04960478086e-05, 6.96034476277e-05, 9.72319248831e-05, 8.28020711197e-05, 5.79733605264e-05, 4.08491832786e-05, 2.41865127464e-05, 1.36311527967e-05, 1.51912299771e-05, 1.51001340782e-05, 1.13812602649e-05, 8.43109773996e-06, 9.37650474953e-06, 8.29967484606e-06, 1.00892302726e-05, 1.05525768959e-05, 1.20006998259e-05, 1.89631118701e-05, 2.40128374571e-05, 1.07892228698e-05, 5.86587657381e-06, 5.30437273483e-06, 3.80558822144e-06, 2.67659629571e-06],
        "dvar": [6.96748538758e-05, 0.000127548657474, 8.28897191241e-06, 5.20292076089e-07, 1.54956342158e-06, 6.61917567868e-07, 1.38780720249e-07, 8.74263577089e-08, 8.59442792489e-08, 1.23520706552e-07, 9.86453514429e-08, 3.61537324522e-08, 3.96047887818e-08, 1.04469975781e-07, 3.43063888408e-08, 1.67627316472e-08, 1.07071400635e-08, 1.2154902862e-08, 2.62210448909e-08, 1.73177969742e-08, 1.16301750452e-08, 4.58302285011e-09, 2.65395949661e-09, 1.34989586176e-09, 2.34396924093e-09, 2.34982011627e-09, 9.95142079852e-10, 2.81298123683e-10, 4.27865520791e-10, 4.19180912203e-10, 7.68893115843e-10, 4.93842355898e-10, 3.34355515497e-10, 3.84241000129e-10, 7.2144601404e-10, 1.78378853355e-10, 9.21943910104e-11, 1.12403711339e-10, 3.77406300656e-11, 1.95534491376e-11],
        "dvar2": [0.000161499483511, 0.000361270853318, 2.38770517171e-05, 1.44761554566e-06, 4.35972606283e-06, 1.80677125172e-06, 2.89665649689e-07, 1.81755154927e-07, 1.96814241349e-07, 2.86909795477e-07, 2.34572482327e-07, 8.40184384288e-08, 9.62322985743e-08, 2.00918648829e-07, 7.72967894136e-08, 3.65575125727e-08, 2.46665248227e-08, 2.76373874897e-08, 6.18434512489e-08, 3.2906921632e-08, 1.8739351404e-08, 9.39183664173e-09, 6.03874106275e-09, 3.12728420937e-09, 5.50426815238e-09, 5.04846875415e-09, 2.39190933726e-09, 6.06143579773e-10, 8.5378482062e-10, 9.40810540584e-10, 1.83307069523e-09, 1.13173648231e-09, 7.58986651306e-10, 9.19808840205e-10, 1.80774273328e-09, 4.27171631401e-10, 2.18442153255e-10, 2.62797256179e-10, 8.61127905094e-11, 4.84229635556e-11],
        "max": [0.0716392397881, 0.0666729137301, 0.0226588211954, 0.00689769815654, 0.0154776312411, 0.00952249485999, 0.0047898022458, 0.00350219174288, 0.00367230270058, 0.00516037037596, 0.00618555257097, 0.00279698171653, 0.00342174666002, 0.0069727585651, 0.0023572256323, 0.00126798555721, 0.00112853676546, 0.00126653036568, 0.00217702053487, 0.00197570584714, 0.00283184181899, 0.00112807750702, 0.000668018648867, 0.000449177226983, 0.000623035652097, 0.000685847888235, 0.000405095663154, 0.000213936407818, 0.000317343714414, 0.000299763865769, 0.000402688630857, 0.000245101749897, 0.000227653566981, 0.000183478477993, 0.000218752873479, 0.000142586315633, 0.000119528005598, 0.000242781170527, 9.54928036663e-05, 5.33177808393e-05],
        "mean": [0.0299474205822, 0.00394051754847, 0.00090837222524, 0.000389944412746, 0.000219702254981, 0.000196713794139, 0.000226283460506, 0.000169610226294, 0.000179575348739, 0.000143645011121, 0.000131880049594, 0.000105669103505, 8.91835225048e-05, 0.000126006576465, 6.78908254486e-05, 5.63649336982e-05, 4.37771705037e-05, 5.09500423505e-05, 7.64055293985e-05, 7.67854362493e-05, 5.24869101355e-05, 3.54183139279e-05, 1.71061728906e-05, 7.86627515481e-06, 8.28353404358e-06, 8.89236616786e-06, 6.46989292363e-06, 5.88180546401e-06, 6.86415432938e-06, 6.0250754359e-06, 6.17826208327e-06, 6.20834407528e-06, 6.84701535647e-06, 8.63590685185e-06, 1.02675930975e-05, 5.28811278855e-06, 3.32751210408e-06, 3.58036413672e-06, 2.63277797785e-06, 1.81500922736e-06],
        "median": [0.0284406524152, 0.00168851437047, 0.000351694819983, 0.000187599478522, 3.08056623908e-05, 2.18801760639e-05, 5.55762017029e-05, 1.46933925862e-05, 2.3373431759e-05, 2.07518005482e-05, 2.24683644774e-05, 2.83827575913e-05, 1.82790536201e-05, 8.47673800308e-06, 7.4429367487e-06, 5.80672212891e-06, 4.6078403102e-06, 6.06960838923e-06, 1.14021358968e-05, 8.87300484465e-06, 6.86603698341e-06, 4.55221879747e-06, 1.419855721e-06, 4.99886198213e-07, 3.35955718356e-07, 3.20953205346e-07, 3.87136708468e-07, 5.72044598357e-07, 8.94628840342e-07, 9.45483122905e-07, 7.90083731772e-07, 7.47752949337e-07, 8.93903632004e-07, 1.02139404135e-06, 7.70130782257e-07, 5.26078736129e-07, 4.73913445376e-07, 6.37969321815e-07, 5.07207005285e-07, 3.39481744049e-07],
        "min": [6.59248534138e-24, 9.77500582398e-24, 7.92313118314e-24, 5.06104560582e-24, 5.54497508914e-24, 7.24203656619e-24, 1.18552556969e-23, 1.19332803513e-23, 6.55531737097e-24, 7.81187339652e-24, 8.61315255011e-24, 8.48178512128e-24, 6.57355228523e-24, 1.43974041402e-23, 9.04213274378e-24, 2.0680654429e-23, 1.11321984129e-23, 1.27270566488e-23, 1.09240732403e-23, 7.09437363764e-24, 1.06388227147e-23, 1.63687927859e-23, 1.4772414415e-23, 1.24931120588e-23, 1.08525306559e-23, 8.15542074302e-24, 1.89315715195e-23, 1.47706615661e-23, 1.82985043322e-23, 9.20528258962e-24, 1.43895944172e-23, 9.91733999711e-24, 6.97353040215e-24, 8.3451725563e-24, 1.2369939317e-23, 1.3606818785e-23, 1.16397893847e-23, 8.70746639335e-24, 1.01833225951e-23, 1.16435009752e-23],
        "stdev": [0.0128439124674, 0.00889226514846, 0.00224367436022, 0.000649233814329, 0.000968980719335, 0.000692772096954, 0.000453161133919, 0.000385992025258, 0.000364916195394, 0.000411594955949, 0.00038357914309, 0.000233137223404, 0.000215905209188, 0.00042119025602, 0.000190490158275, 0.000149579485878, 0.000117397896247, 0.000127831313876, 0.000182503819815, 0.000178381349542, 0.000142045377288, 8.86443449417e-05, 5.39626962563e-05, 3.51857888745e-05, 4.54715736851e-05, 4.83993717353e-05, 2.96702382911e-05, 1.83090924111e-05, 2.31061094382e-05, 2.07608627534e-05, 2.63438178081e-05, 2.17562610487e-05, 1.87881450984e-05, 1.91228118638e-05, 2.50110933848e-05, 1.31854476422e-05, 9.72905581875e-06, 1.26578943309e-05, 7.4495719673e-06, 4.77274170407e-06],
        "var": [0.000164966098964, 7.90723861428e-05, 5.03407454744e-06, 4.21504580572e-07, 9.38923676586e-07, 4.79933191855e-07, 2.05355007665e-07, 1.48989840909e-07, 1.3316383729e-07, 1.69410412809e-07, 1.47132951156e-07, 5.4352966572e-08, 4.66150602563e-08, 1.77401233259e-07, 3.62865009151e-08, 2.23740208583e-08, 1.37822659951e-08, 1.63408433451e-08, 3.33076464187e-08, 3.18199049332e-08, 2.01768894925e-08, 7.85781928414e-09, 2.911972663e-09, 1.23803967078e-09, 2.06766403998e-09, 2.34249930564e-09, 8.80323092201e-10, 3.35222849479e-10, 5.33892263732e-10, 4.31013391644e-10, 6.93996748957e-10, 4.73334926809e-10, 3.52994383723e-10, 3.65681901426e-10, 6.25554830158e-10, 1.73856040675e-10, 9.46545272718e-11, 1.60222293766e-10, 5.54961250565e-11, 2.27790633578e-11]
    },
    "melbands128": {
