{
"lowlevel": {
    "average_loudness": 0.956239879131,
    "barkbands_crest": {
        "dmean": 2.577064991,
        "dmean2": 3.90955328941,
        "dvar": 6.81324672699,
        "dvar2": 14.8231458664,
        "max": 26.1736564636,
        "mean": 13.0102310181,
        "median": 12.6680421829,
        "min": 3.28522562981,
        "stdev": 4.722697258,
        "var": 22.3038711548
    },
    "barkbands_flatness_db": {
        "dmean": 0.0252687521279,
        "dmean2": 0.0370074994862,
        "dvar": 0.00067277479684,
        "dvar2": 0.00142025901005,
        "max": 0.37883490324,
        "mean": 0.19684921205,
        "median": 0.193483486772,
        "min": 0.0379138365388,
        "stdev": 0.053532820195,
        "var": 0.00286576268263
    },
    "barkbands_kurtosis": {
        "dmean": 6.01810312271,
        "dmean2": 9.2309961319,
        "dvar": 100.746818542,
        "dvar2": 210.769638062,
        "max": 175.630996704,
        "mean": 10.0546064377,
        "median": 5.4755897522,
        "min": -1.93165934086,
        "stdev": 14.8832798004,
        "var": 221.512008667
    },
    "barkbands_skewness": {
        "dmean": 0.768788695335,
        "dmean2": 1.12109303474,
        "dvar": 0.78802216053,
        "dvar2": 1.62211716175,
        "max": 12.0233211517,
        "mean": 2.13621664047,
        "median": 1.89813530445,
        "min": -3.33785867691,
        "stdev": 1.65192759037,
        "var": 2.7288646698
    },
    "barkbands_spread": {
        "dmean": 5.60282897949,
        "dmean2": 8.39852237701,
        "dvar": 109.909042358,
        "dvar2": 203.385681152,
        "max": 121.674186707,
        "mean": 14.6905736923,
        "median": 9.49985218048,
        "min": 1.06629681587,
        "stdev": 17.270450592,
        "var": 298.268493652
    },
    "dissonance": {
        "dmean": 0.0351554304361,
        "dmean2": 0.0583031661808,
        "dvar": 0.000938133453019,
        "dvar2": 0.00249737664126,
        "max": 0.4993917346,
        "mean": 0.42608949542,
        "median": 0.430256873369,
        "min": 0.207817465067,
        "stdev": 0.0434818528593,
        "var": 0.00189067155588
    },
    "dynamic_complexity": 2.81434702873,
    "erbbands_crest": {
        "dmean": 2.97673869133,
        "dmean2": 4.65817546844,
        "dvar": 7.2920126915,
        "dvar2": 17.8235778809,
        "max": 28.6011257172,
        "mean": 11.0319471359,
        "median": 10.2575483322,
        "min": 3.19735264778,
        "stdev": 4.35074090958,
        "var": 18.9289474487
    },
    "erbbands_flatness_db": {
        "dmean": 0.020573085174,
        "dmean2": 0.0300753917545,
        "dvar": 0.00043522726628,
        "dvar2": 0.000910337606911,
        "max": 0.320023149252,
        "mean": 0.180835664272,
        "median": 0.183427363634,
        "min": 0.0405739471316,
        "stdev": 0.0463347546756,
        "var": 0.00214690947905
    },
    "erbbands_kurtosis": {
        "dmean": 1.91080594063,
        "dmean2": 2.99164032936,
        "dvar": 4.6917386055,
        "dvar2": 11.4850511551,
        "max": 27.0156784058,
        "mean": 2.49410891533,
        "median": 1.7651386261,
        "min": -1.78940987587,
        "stdev": 3.21405792236,
        "var": 10.3301677704
    },
    "erbbands_skewness": {
        "dmean": 0.522371470928,
        "dmean2": 0.766838252544,
        "dvar": 0.257461130619,
        "dvar2": 0.523366510868,
        "max": 3.98424053192,
        "mean": 0.871267735958,
        "median": 0.973675727844,
        "min": -4.06439256668,
        "stdev": 0.956555366516,
        "var": 0.914998114109
    },
    "erbbands_spread": {
        "dmean": 10.0700626373,
        "dmean2": 15.3151941299,
        "dvar": 240.279800415,
        "dvar2": 548.429382324,
        "max": 178.707901001,
        "mean": 31.5219898224,
        "median": 23.571723938,
        "min": 4.4715385437,
        "stdev": 25.0913009644,
        "var": 629.573425293
    },
    "hfc": {
        "dmean": 7.44116306305,
        "dmean2": 10.80219841,
        "dvar": 166.311141968,
        "dvar2": 329.373962402,
        "max": 178.352340698,
        "mean": 20.1512928009,
        "median": 14.2712202072,
        "min": 1.22268676541e-16,
        "stdev": 21.2236843109,
        "var": 450.444763184
    },
    "loudness_ebu128": {
        "integrated": -8.40801239014,
        "loudness_range": 1.91107702255,
        "momentary": {
            "dmean": 0.823895215988,
            "dmean2": 0.924373745918,
            "dvar": 0.789754271507,
            "dvar2": 1.33303618431,
            "max": -5.71617889404,
            "mean": -8.86993503571,
            "median": -8.18383789062,
            "min": -20.7268352509,
            "stdev": 2.22504091263,
            "var": 4.95080709457
        },
        "short_term": {
            "dmean": 0.0863798484206,
            "dmean2": 0.0843411758542,
            "dvar": 0.00544607779011,
            "dvar2": 0.00616063782945,
            "max": -7.14759922028,
            "mean": -8.4667224884,
            "median": -8.49048423767,
            "min": -10.707824707,
            "stdev": 0.678936064243,
            "var": 0.460954189301
        }
    },
    "melbands_crest": {
        "dmean": 3.05008387566,
        "dmean2": 4.56845378876,
        "dvar": 9.33863544464,
        "dvar2": 20.4379959106,
        "max": 35.5613365173,
        "mean": 18.3140544891,
        "median": 17.1772212982,
        "min": 2.46777462959,
        "stdev": 7.78217983246,
        "var": 60.5623245239
    },
    "melbands_flatness_db": {
        "dmean": 0.0301101375371,
        "dmean2": 0.043473392725,
        "dvar": 0.00121723301709,
        "dvar2": 0.00240973988548,
        "max": 0.513111531734,
        "mean": 0.280509382486,
        "median": 0.278539717197,
        "min": 0.00543343788013,
        "stdev": 0.0780148804188,
        "var": 0.00608632108197
    },
    "melbands_kurtosis": {
        "dmean": 13.0340585709,
        "dmean2": 19.8624629974,
        "dvar": 811.454284668,
        "dvar2": 1808.91772461,
        "max": 374.375427246,
        "mean": 21.4497451782,
        "median": 9.78053569794,
        "min": -1.75989687443,
        "stdev": 36.8021697998,
        "var": 1354.39978027
    },
    "melbands_skewness": {
        "dmean": 0.945785403252,
        "dmean2": 1.41025197506,
        "dvar": 1.5611256361,
        "dvar2": 3.20832276344,
        "max": 16.6729030609,
        "mean": 2.9078400135,
        "median": 2.39684462547,
        "min": -1.74559426308,
        "stdev": 2.21901249886,
        "var": 4.92401695251
    },
    "melbands_spread": {
        "dmean": 6.28869438171,
        "dmean2": 9.27617931366,
        "dvar": 200.179901123,
        "dvar2": 409.552520752,
        "max": 230.219055176,
        "mean": 16.1681175232,
        "median": 10.1724357605,
        "min": 0.828660368919,
        "stdev": 24.575553894,
        "var": 603.957885742
    },
    "pitch_salience": {
        "dmean": 0.0713526979089,
        "dmean2": 0.111631907523,
        "dvar": 0.00557531416416,
        "dvar2": 0.0127408541739,
        "max": 0.856057047844,
        "mean": 0.494992285967,
        "median": 0.502978563309,
        "min": 0.104683116078,
        "stdev": 0.14133349061,
        "var": 0.0199751574546
    },
    "silence_rate_20dB": {
        "dmean": 0,
        "dmean2": 0,
        "dvar": 0,
        "dvar2": 0,
        "max": 1,
        "mean": 1,
        "median": 1,
        "min": 1,
        "stdev": 0,
        "var": 0
    },
    "silence_rate_30dB": {
        "dmean": 0.0371517017484,
        "dmean2": 0.0743609592319,
        "dvar": 0.0357719250023,
        "dvar2": 0.073480039835,
        "max": 1,
        "mean": 0.941995382309,
        "median": 1,
        "min": 0,
        "stdev": 0.233752280474,
        "var": 0.0546401292086
    },
    "silence_rate_60dB": {
        "dmean": 0.0162538699806,
        "dmean2": 0.0325329191983,
        "dvar": 0.0159898921847,
        "dvar2": 0.0361215285957,
        "max": 1,
        "mean": 0.0386697612703,
        "median": 0,
        "min": 0,
        "stdev": 0.192806720734,
        "var": 0.0371744297445
    },
    "spectral_centroid": {
        "dmean": 228.324661255,
        "dmean2": 330.169647217,
        "dvar": 234037.46875,
        "dvar2": 389090.46875,
        "max": 11469.4111328,
        "mean": 841.977478027,
        "median": 644.694641113,
        "min": 168.322906494,
        "stdev": 760.814880371,
        "var": 578839.25
    },
    "spectral_complexity": {
        "dmean": 2.77708983421,
        "dmean2": 4.41595649719,
        "dvar": 17.0400753021,
        "dvar2": 39.4043998718,
        "max": 42,
        "mean": 12.4903326035,
        "median": 12,
        "min": 0,
        "stdev": 5.74887609482,
        "var": 33.0495758057
    },
    "spectral_decrease": {
        "dmean": 3.20975579449e-09,
        "dmean2": 4.43333103561e-09,
        "dvar": 2.35953005033e-17,
        "dvar2": 4.31946767558e-17,
        "max": 1.06309647741e-28,
        "mean": -1.16976801579e-08,
        "median": -9.33731048036e-09,
        "min": -5.62145139327e-08,
        "stdev": 9.66615143483e-09,
        "var": 9.34344838759e-17
    },
    "spectral_energy": {
        "dmean": 0.0125212082639,
        "dmean2": 0.0173642598093,
        "dvar": 0.000343891588273,
        "dvar2": 0.000630278955214,
        "max": 0.214930847287,
        "mean": 0.0459775216877,
        "median": 0.0370797142386,
        "min": 1.06888916911e-20,
        "stdev": 0.0370205901563,
        "var": 0.00137052417267
    },
    "spectral_energyband_high": {
        "dmean": 0.000391191802919,
        "dmean2": 0.000532868958544,
        "dvar": 1.36302742249e-06,
        "dvar2": 2.23881943384e-06,
        "max": 0.0171321835369,
        "mean": 0.000696719042026,
        "median": 0.000164418612258,
        "min": 7.83645386056e-21,
        "stdev": 0.00198346632533,
        "var": 3.93413847632e-06
    },
    "spectral_energyband_low": {
        "dmean": 0.00772420689464,
        "dmean2": 0.0108972145244,
        "dvar": 0.000341929262504,
        "dvar2": 0.000719357689377,
        "max": 0.195166602731,
        "mean": 0.0243429839611,
        "median": 0.00677876500413,
        "min": 5.43671828717e-23,
        "stdev": 0.032305765897,
        "var": 0.00104366254527
    },
    "spectral_energyband_middle_high": {
        "dmean": 0.00215367390774,
        "dmean2": 0.00309899053536,
        "dvar": 1.69759314304e-05,
        "dvar2": 3.54953917849e-05,
        "max": 0.0447041541338,
        "mean": 0.0043061026372,
        "median": 0.00167743314523,
        "min": 1.31012464136e-21,
        "stdev": 0.00694847013801,
        "var": 4.82812356495e-05
    },
    "spectral_energyband_middle_low": {
        "dmean": 0.00792176276445,
        "dmean2": 0.0121122477576,
        "dvar": 0.000171349616721,
        "dvar2": 0.000430488376878,
        "max": 0.0988880842924,
        "mean": 0.0176167786121,
        "median": 0.0127386441454,
        "min": 4.14586593424e-22,
        "stdev": 0.016335086897,
        "var": 0.000266835093498
    },
    "spectral_entropy": {
        "dmean": 0.240859255195,
        "dmean2": 0.353201597929,
        "dvar": 0.0756691768765,
        "dvar2": 0.140615001321,
        "max": 9.7971496582,
        "mean": 7.06179475784,
        "median": 6.96863794327,
        "min": 5.6048989296,
        "stdev": 0.576298654079,
        "var": 0.332120120525
    },
    "spectral_flux": {
        "dmean": 0.0360858179629,
        "dmean2": 0.057216566056,
        "dvar": 0.00219234847464,
        "dvar2": 0.00438140006736,
        "max": 0.462892413139,
        "mean": 0.088656976819,
        "median": 0.0644662901759,
        "min": 1.03387097494e-10,
        "stdev": 0.0683594495058,
        "var": 0.00467301392928
    },
    "spectral_kurtosis": {
        "dmean": 2.90779829025,
        "dmean2": 4.62794923782,
        "dvar": 17.1654281616,
        "dvar2": 43.1944923401,
        "max": 75.6982574463,
        "mean": 7.771007061,
        "median": 6.46332740784,
        "min": -1.38629090786,
        "stdev": 6.62755870819,
        "var": 43.924533844
    },
    "spectral_rms": {
        "dmean": 0.000898788566701,
        "dmean2": 0.00122987048235,
        "dvar": 1.33980529426e-06,
        "dvar2": 2.20466517931e-06,
        "max": 0.0144806299359,
        "mean": 0.00608695903793,
        "median": 0.00601459294558,
        "min": 3.22927036674e-12,
        "stdev": 0.00279374583624,
        "var": 7.80501613917e-06
    },
    "spectral_rolloff": {
        "dmean": 458.730651855,
        "dmean2": 765.822692871,
        "dvar": 2056732.75,
        "dvar2": 3814680.75,
        "max": 19099.9511719,
        "mean": 1177.44689941,
        "median": 624.462890625,
        "min": 64.599609375,
        "stdev": 2174.04443359,
        "var": 4726469
    },
    "spectral_skewness": {
        "dmean": 0.364455878735,
        "dmean2": 0.551348984241,
        "dvar": 0.165544614196,
        "dvar2": 0.352683097124,
        "max": 6.92310762405,
        "mean": 2.22240972519,
        "median": 2.21665215492,
        "min": -0.316235691309,
        "stdev": 0.846612453461,
        "var": 0.716752648354
    },
    "spectral_spread": {
        "dmean": 908343.5625,
        "dmean2": 1267284.375,
        "dvar": 2.57945160909e+12,
        "dvar2": 3.62807636787e+12,
        "max": 38467888,
        "mean": 5135667,
        "median": 4277847.5,
        "min": 876143.1875,
        "stdev": 3082229,
        "var": 9.50013630874e+12
    },
    "spectral_strongpeak": {
        "dmean": 0.462841153145,
        "dmean2": 0.73360311985,
        "dvar": 0.73510736227,
        "dvar2": 1.56471765041,
        "max": 8.75404071808,
        "mean": 1.02320754528,
        "median": 0.52940428257,
        "min": 0,
        "stdev": 1.28721415997,
        "var": 1.65692031384
    },
    "zerocrossingrate": {
        "dmean": 0.0119254756719,
        "dmean2": 0.0126790488139,
        "dvar": 0.000631599745248,
        "dvar2": 0.000571179902181,
        "max": 0.51513671875,
        "mean": 0.046308927238,
        "median": 0.03076171875,
        "min": 0.001953125,
        "stdev": 0.0575247295201,
        "var": 0.00330909457989
    },
    "barkbands": {
        "dmean": [0.000627492612693, 0.00553333619609, 0.00246390886605, 0.00184503116179, 0.0031747110188, 0.00156723253895, 0.00130486488342, 0.0011732095154, 0.00202190200798, 0.000652546645142, 0.000372373091523, 0.000351027032593, 0.000537797226571, 0.000525429786649, 0.000221153459279, 0.000100692603155, 0.000162197291502, 9.32418333832e-05, 7.6328542491e-05, 4.41174997832e-05, 5.38725471415e-05, 8.22542060632e-05, 5.45938055438e-05, 8.8506116299e-05, 0.000108574138721, 5.44782633369e-05, 6.64374738335e-06],
        "dmean2": [0.000978541444056, 0.007764571812, 0.00414417497814, 0.00326473312452, 0.00510045187548, 0.00242161354981, 0.00198290823027, 0.00172757846303, 0.00278806779534, 0.000854351907037, 0.000544295180589, 0.00054648402147, 0.000803030736279, 0.000880833540577, 0.000381215504603, 0.000157158865477, 0.000263326306595, 0.00015153507411, 0.000130262662424, 7.37809532438e-05, 8.61202788656e-05, 0.000123914418509, 8.61248699948e-05, 0.000119886717584, 0.000156242400408, 8.56999395182e-05, 1.04980208562e-05],
        "dvar": [1.84232237643e-06, 0.000219820634811, 6.990483962e-05, 4.13199013565e-05, 2.84996240225e-05, 1.9595354388e-05, 9.31505928747e-06, 1.15941411423e-05, 2.85358473775e-05, 4.51625010101e-06, 9.06115303678e-07, 1.767445724e-06, 2.56877638094e-06, 2.24733298637e-06, 5.32937576736e-07, 9.3928072431e-08, 1.1610912054e-07, 1.05184568611e-07, 5.83292738554e-08, 2.84953358687e-08, 6.04978396268e-08, 8.06404827358e-08, 3.04415159746e-08, 9.62921262726e-08, 1.88119528843e-07, 8.66883311801e-08, 8.60712112694e-10],
        "dvar2": [4.55863619209e-06, 0.000432818749687, 0.000188573714695, 0.000117848852824, 7.15521455277e-05, 4.07270090363e-05, 2.16262469621e-05, 2.60132692347e-05, 5.66513408558e-05, 6.15273756921e-06, 1.95845950657e-06, 4.61476065539e-06, 5.39876191397e-06, 6.01357942287e-06, 1.37519168675e-06, 2.21232369313e-07, 2.98059745774e-07, 2.28778915812e-07, 1.53047466256e-07, 7.26431679254e-08, 1.29334566168e-07, 1.46007010926e-07, 6.81529570556e-08, 1.7122387419e-07, 3.50867992438e-07, 2.32925643218e-07, 2.07368922034e-09],
        "max": [0.0178311690688, 0.152954757214, 0.074268065393, 0.0660182908177, 0.0705840736628, 0.0761977806687, 0.0600390434265, 0.0600908324122, 0.0755386427045, 0.0405869670212, 0.0146384136751, 0.0234121866524, 0.0316145420074, 0.0162014979869, 0.0104379439726, 0.00566671555862, 0.00343127083033, 0.00646251486614, 0.00274493754841, 0.0022248593159, 0.0059299338609, 0.0080898925662, 0.00303588225506, 0.00696795899421, 0.00773563235998, 0.00692498032004, 0.000605970155448],
        "mean": [0.00227360473946, 0.018708223477, 0.00243465043604, 0.00193948438391, 0.00544443074614, 0.00220479536802, 0.00221431395039, 0.00185257929843, 0.0038697773125, 0.00138165964745, 0.000546841474716, 0.000406336854212, 0.000729950494133, 0.000511489342898, 0.000220904563321, 0.000121823424706, 0.000204594092793, 0.000116116083518, 7.69168473198e-05, 4.15999784309e-05, 6.80637167534e-05, 0.000126957747852, 8.34870734252e-05, 0.000140736185131, 0.000174378961674, 7.62367417337e-05, 7.59106114856e-06],
        "median": [0.000237024898524, 0.0030481943395, 0.000483110809, 0.000610353832599, 0.00299824541435, 0.000597097212449, 0.000844375230372, 0.000418632640503, 0.000569455616642, 0.000131694439915, 0.000130255561089, 9.00979357539e-05, 0.000109653527034, 0.000107156578451, 5.07847726112e-05, 3.47289569618e-05, 6.7340399255e-05, 2.90883508569e-05, 9.4334482128e-06, 5.28774671693e-06, 1.49065263031e-05, 4.73386571684e-05, 1.63342956512e-05, 1.77402380359e-05, 1.37385777634e-05, 7.08907828084e-06, 3.33552179654e-07],
        "min": [7.79020969834e-24, 1.12806225922e-23, 2.97892747364e-23, 1.48171270511e-23, 5.2388631369e-23, 1.4187539687e-22, 3.3190410664e-23, 5.18764586931e-23, 8.71410465787e-23, 1.04751501696e-22, 4.29348560165e-23, 9.87662499252e-23, 5.82146152786e-23, 8.75134646566e-23, 8.42606440456e-23, 1.46399810773e-22, 1.13137004766e-22, 2.09566604514e-22, 2.12984114039e-22, 2.91080636836e-22, 3.24234605282e-22, 7.39742310563e-22, 4.80026581371e-22, 7.14519511794e-22, 1.52665057678e-21, 1.5484727161e-21, 2.66988557209e-21],
        "stdev": [0.00376084377058, 0.0265092458576, 0.00713628670201, 0.00520296720788, 0.00687401834875, 0.00587903056294, 0.00401134090498, 0.00440135598183, 0.00855819694698, 0.00445228256285, 0.00122079288121, 0.00123460579198, 0.00200314051472, 0.0013697813265, 0.000685510050971, 0.000322861742461, 0.000375809991965, 0.000354242598405, 0.000261063250946, 0.000176690999069, 0.000333105650498, 0.000419594696723, 0.000254468293861, 0.000534981372766, 0.000686520710588, 0.000310282164719, 3.40990191035e-05],
        "var": [1.41439459185e-05, 0.000702740100678, 5.09265846631e-05, 2.70708660537e-05, 4.72521278425e-05, 3.45629996445e-05, 1.60908566613e-05, 1.93719351955e-05, 7.32427361072e-05, 1.98228190129e-05, 1.49033519392e-06, 1.52425150191e-06, 4.01257148042e-06, 1.87630075743e-06, 4.69924032132e-07, 1.04239710197e-07, 1.41233144291e-07, 1.25487815694e-07, 6.81540228697e-08, 3.12197094843e-08, 1.10959376798e-07, 1.76059700152e-07, 6.47541185117e-08, 2.86205079192e-07, 4.71310670491e-07, 9.62750306144e-08, 1.16274312401e-09]
    },
    "erbbands": {
        "dmean": [0.244645163417, 1.25015759468, 3.01257753372, 4.41868019104, 6.75583076477, 13.3464994431, 14.1635847092, 10.9096755981, 10.2842664719, 27.0890789032, 34.6907157898, 43.954536438, 22.4098396301, 17.9182891846, 8.26830482483, 14.1860971451, 23.8218841553, 28.949886322, 13.4967136383, 8.05860614777, 6.27675819397, 9.89958381653, 4.811439991, 4.55350494385, 3.61266851425, 1.96232521534, 1.94134175777, 2.17485690117, 3.32632255554, 1.9117783308, 1.52558803558, 1.93817210197, 1.47392618656, 1.41356897354, 0.725883662701, 0.297776222229, 0.0863341763616, 0.0176185928285, 0.000708341016434, 2.57594856521e-05],
        "dmean2": [0.325728744268, 1.74199533463, 5.0816693306, 7.75011587143, 12.0913667679, 20.7107276917, 21.4955272675, 17.0134067535, 15.762348175, 41.1388778687, 49.943649292, 60.694683075, 27.7356033325, 26.0429286957, 12.0265007019, 21.8598594666, 35.3539772034, 47.6925125122, 22.5937080383, 13.2183551788, 9.69496440887, 15.8447608948, 7.71367073059, 7.6519241333, 6.41182565689, 3.27446842194, 3.19196271896, 3.36022138596, 5.06135749817, 2.84834051132, 2.38654947281, 2.72124671936, 2.01861786842, 2.04693651199, 1.05407810211, 0.471104413271, 0.137064814568, 0.0261562298983, 0.00110764778219, 3.64609841199e-05],
        "dvar": [0.278537064791, 15.172999382, 111.844467163, 234.646118164, 346.109802246, 572.164550781, 1021.73925781, 1021.15942383, 541.835510254, 3686.09399414, 8779.125, 15484.4257812, 2660.61816406, 1940.91442871, 313.863037109, 2773.59106445, 4607.79931641, 6614.73144531, 1424.6817627, 550.333496094, 370.944122314, 408.667266846, 189.877120972, 410.157409668, 191.694656372, 51.2706565857, 90.8367385864, 90.6899108887, 155.18560791, 30.3323516846, 26.8399620056, 44.7388420105, 30.6678771973, 30.1392307281, 10.1106729507, 2.33147525787, 0.206803366542, 0.00595502601936, 1.05774524854e-05, 4.45888348466e-09],
        "dvar2": [0.595244050026, 32.2754173279, 301.013244629, 669.371582031, 997.976745605, 1406.81079102, 2057.49755859, 2209.99194336, 1229.49414062, 8979.22070312, 18386.3789062, 30322.2304688, 3836.36987305, 3675.38061523, 649.526123047, 6735.77783203, 9519.78125, 17381.1464844, 4017.01904297, 1356.11328125, 870.060974121, 1024.64538574, 476.89364624, 888.865234375, 506.635009766, 124.939033508, 216.431594849, 167.828735352, 272.952178955, 61.8710670471, 61.269569397, 88.6144638062, 55.9783058167, 56.0037231445, 22.7832965851, 6.27802944183, 0.54736417532, 0.0125948851928, 2.58681302512e-05, 1.02705852711e-08],
        "max": [6.65063810349, 41.7273445129, 92.7320709229, 166.472091675, 177.720001221, 388.978271484, 568.491821289, 470.419036865, 479.105529785, 909.613525391, 1218.78637695, 2055.55029297, 960.778320312, 537.09552002, 329.653320312, 899.774597168, 1082.40649414, 958.553527832, 443.660614014, 358.106414795, 383.076538086, 204.884094238, 222.867904663, 526.086914062, 169.883956909, 108.305625916, 197.203765869, 295.067199707, 370.976226807, 128.095611572, 98.6405487061, 140.110977173, 113.324676514, 100.154251099, 54.3276748657, 35.8610115051, 10.2884263992, 1.63359332085, 0.0659865215421, 0.00133275054395],
        "mean": [0.89192044735, 2.76315832138, 3.12670850754, 4.96495914459, 8.18436717987, 24.1303100586, 23.6050605774, 15.5745372772, 17.7891788483, 44.4761962891, 63.3338165283, 79.9592132568, 48.5344390869, 33.8465881348, 13.8697509766, 17.9061450958, 33.4482345581, 30.8672084808, 14.8072633743, 9.14311313629, 8.21836662292, 12.8502073288, 6.33480739594, 5.22769737244, 3.48748254776, 1.93624889851, 2.1619040966, 3.23232102394, 4.87537813187, 2.97004008293, 2.42473840714, 2.91314888, 2.41687560081, 2.26850318909, 1.0315618515, 0.393815666437, 0.121199272573, 0.0252668224275, 0.000900948012713, 7.32419939595e-05],
        "median": [0.0989326313138, 0.567888259888, 0.782638370991, 1.62956702709, 4.48507118225, 11.9793643951, 9.6876373291, 4.65494203568, 9.11946392059, 15.7299861908, 13.2483644485, 12.9172143936, 10.1821966171, 7.57909202576, 4.19663906097, 4.12215471268, 6.04016923904, 7.22635412216, 4.50707769394, 2.3813803196, 2.63749408722, 4.35056829453, 1.8366881609, 1.08821105957, 0.41239374876, 0.257789939642, 0.376337438822, 0.915283739567, 1.70101499557, 0.911153972149, 0.465044766665, 0.440534979105, 0.246407181025, 0.160736739635, 0.0908513441682, 0.0302345883101, 0.013100235723, 0.00204950245097, 7.86676173448e-05, 5.62462118978e-05],
        "min": [5.59994509427e-22, 2.18103273528e-21, 2.64790756901e-20, 4.6790285605e-20, 4.50385044757e-20, 2.56471898415e-19, 8.3298499061e-19, 8.58980330432e-19, 8.24211396045e-19, 6.32029267307e-19, 9.12372667623e-19, 1.83440432326e-18, 3.53995086428e-18, 2.81073718078e-18, 1.49169357271e-18, 4.34078411997e-18, 3.39021711134e-18, 3.99786316214e-18, 3.33862440897e-18, 5.64485917107e-18, 8.64748839869e-18, 7.53048272466e-18, 9.7312248685e-18, 1.39666203882e-17, 9.36251738226e-18, 1.26066378538e-17, 1.34418917491e-17, 1.72567627075e-17, 2.3015731444e-17, 1.87390935262e-17, 1.21547929257e-17, 1.53139205894e-17, 1.248073352e-17, 1.72686079338e-17, 1.00453053471e-17, 5.32226989912e-18, 2.78322639438e-18, 1.54563071173e-18, 3.51750128586e-19, 3.86870466098e-20],
        "stdev": [1.21314024925, 5.2031288147, 9.1855802536, 12.5321245193, 15.2001457214, 33.610534668, 44.3256530762, 42.2222862244, 29.8034954071, 76.2747650146, 133.333068848, 203.956924438, 107.038101196, 73.6425094604, 25.7152137756, 52.4437332153, 88.4121322632, 75.7508468628, 34.2060470581, 23.8469295502, 20.34882164, 23.0890445709, 14.9356355667, 21.6141529083, 13.9659585953, 7.98001909256, 10.580124855, 15.0866756439, 17.8210124969, 7.99462080002, 7.69133663177, 10.5441646576, 9.58501815796, 9.05097579956, 4.18984794617, 1.60779988766, 0.487503319979, 0.101746477187, 0.00383317377418, 9.20740567381e-05],
        "var": [1.47170937061, 27.0725479126, 84.3748779297, 157.054153442, 231.044418335, 1129.66796875, 1964.7635498, 1782.72143555, 888.248352051, 5817.84033203, 17777.7070312, 41598.4257812, 11457.1552734, 5423.21972656, 661.272216797, 2750.34521484, 7816.70458984, 5738.19042969, 1170.05371094, 568.676025391, 414.074523926, 533.104003906, 223.07321167, 467.171630859, 195.04800415, 63.6807022095, 111.939033508, 227.607788086, 317.588470459, 63.9139595032, 59.1566619873, 111.179412842, 91.8725738525, 81.9201583862, 17.5548267365, 2.58502030373, 0.237659499049, 0.0103523451835, 1.46932216012e-05, 8.47763192979e-09]
    },
    "gfcc": {
        "mean": [-22.1843967438, 105.639335632, -88.9333343506, 9.05321884155, -63.8118972778, 17.3209877014, -44.0989151001, 5.86418151855, -13.0967512131, 0.705146372318, -21.3544826508, 6.57768392563, -13.479888916],
        "cov": [[5141.44384766, -671.535461426, 95.385925293, 307.719146729, 52.5952682495, 471.665649414, 115.182914734, 386.678344727, 80.8770828247, 199.408111572, 14.8267040253, 50.8330001831, -71.599029541], [-671.535461426, 2157.69213867, -82.6450576782, -139.826782227, 470.568023682, 114.149017334, 450.132110596, -101.186729431, 293.327453613, -88.0751190186, 172.393508911, 26.4676818848, 67.2555236816], [95.385925293, -82.6450576782, 1357.10546875, 314.474121094, 215.14352417, 252.207138062, -41.709312439, 150.726150513, 58.1482276917, 140.690444946, 52.9081230164, 46.2191429138, 27.6591491699], [307.719146729, -139.826782227, 314.474121094, 668.823852539, 277.585968018, 108.399757385, 131.584884644, 181.725204468, 106.3151474, 139.016937256, 131.831893921, 31.0074615479, 100.624488831], [52.5952682495, 470.568023682, 215.14352417, 277.585968018, 462.60333252, 125.369277954, 165.489776611, 123.278320312, 149.342819214, 98.9837188721, 118.377090454, 28.5055179596, 91.6729125977], [471.665649414, 114.149017334, 252.207138062, 108.399757385, 125.369277954, 335.999237061, 214.499267578, 107.640609741, 102.52192688, 55.2008209229, 83.5886611938, 26.9199619293, -5.90287542343], [115.182914734, 450.132110596, -41.709312439, 131.584884644, 165.489776611, 214.499267578, 499.745635986, 93.2504501343, 128.435699463, 22.7430667877, 151.620391846, 49.5199623108, -10.6931390762], [386.678344727, -101.186729431, 150.726150513, 181.725204468, 123.278320312, 107.640609741, 93.2504501343, 208.590820312, 91.1445770264, 82.9002151489, 67.0012359619, 31.5495166779, 42.0140762329], [80.8770828247, 293.327453613, 58.1482276917, 106.3151474, 149.342819214, 102.52192688, 128.435699463, 91.1445770264, 219.827972412, 59.1965866089, 59.3616294861, 44.1423034668, 45.2771987915], [199.408111572, -88.0751190186, 140.690444946, 139.016937256, 98.9837188721, 55.2008209229, 22.7430667877, 82.9002151489, 59.1965866089, 166.398727417, 67.2027740479, 25.3049507141, 37.9110679626], [14.8267040253, 172.393508911, 52.9081230164, 131.831893921, 118.377090454, 83.5886611938, 151.620391846, 67.0012359619, 59.3616294861, 67.2027740479, 162.302307129, 34.6347999573, 36.0222358704], [50.8330001831, 26.4676818848, 46.2191429138, 31.0074615479, 28.5055179596, 26.9199619293, 49.5199623108, 31.5495166779, 44.1423034668, 25.3049507141, 34.6347999573, 93.1011810303, 26.4927558899], [-71.599029541, 67.2555236816, 27.6591491699, 100.624488831, 91.6729125977, -5.90287542343, -10.6931390762, 42.0140762329, 45.2771987915, 37.9110679626, 36.0222358704, 26.4927558899, 124.885948181]],
        "icov": [[0.000298114871839, -7.3824696301e-05, 0.000187429148355, -0.000173943524715, 0.000112983412691, -0.000586897833273, 0.000249218632234, -0.000600663071964, 0.000286273483653, -0.000308793358272, 0.000364929495845, -0.000261425913777, 0.000362197461072], [-7.3824696301e-05, 0.00165947829373, -0.000325514440192, 0.00116771925241, -0.00179675873369, 0.000792838865891, -0.00118487002328, 0.00209415028803, -0.00204960419796, 0.00150488805957, -0.00134159007575, 0.000861920183524, -0.000763987831306], [0.000187429148355, -0.000325514440192, 0.00131014722865, -0.000680753379129, -1.19845763038e-05, -0.00154673622455, 0.00111525401007, -0.000835149781778, 0.000833108846564, -0.000722695200238, 0.000578778330237, -0.000934852345381, 0.000801952672191], [-0.000173943524715, 0.00116771925241, -0.000680753379129, 0.00350071955472, -0.00196284754202, 0.00123979838099, -0.00131069903728, 0.000478249712614, -0.00128276832402, 0.000483784882817, -0.00166443595663, 0.00127651437651, -0.00164463289548], [0.000112983412691, -0.00179675873369, -1.19845763038e-05, -0.00196284754202, 0.00596902519464, -0.000875452009495, 0.000573864264879, -0.00231408863328, 0.000782520335633, -0.00201497320086, 0.000722367316484, 0.000176328743692, -0.000896535580978], [-0.000586897833273, 0.000792838865891, -0.00154673622455, 0.00123979838099, -0.000875452009495, 0.0072020906955, -0.00308582209982, 0.000674641225487, -0.00236349576153, 0.00089108251268, -0.00154605996795, 0.0015667314874, -0.000227999858907], [0.000249218632234, -0.00118487002328, 0.00111525401007, -0.00131069903728, 0.000573864264879, -0.00308582209982, 0.00559435971081, -0.00204924866557, 0.000696985633112, 0.000335416174494, -0.00185930798762, -0.00200739130378, 0.00279898638837], [-0.000600663071964, 0.00209415028803, -0.000835149781778, 0.000478249712614, -0.00231408863328, 0.000674641225487, -0.00204924866557, 0.0117272986099, -0.0042577739805, 0.000503893650603, -0.0022341243457, 0.000965473416727, -0.00223243748769], [0.000286273483653, -0.00204960419796, 0.000833108846564, -0.00128276832402, 0.000782520335633, -0.00236349576153, 0.000696985633112, -0.0042577739805, 0.0101729063317, -0.003017506795, 0.00287060672417, -0.00311012705788, -1.74769375008e-05], [-0.000308793358272, 0.00150488805957, -0.000722695200238, 0.000483784882817, -0.00201497320086, 0.00089108251268, 0.000335416174494, 0.000503893650603, -0.003017506795, 0.0110622961074, -0.00459667854011, 0.000322555279126, -0.000843492103741], [0.000364929495845, -0.00134159007575, 0.000578778330237, -0.00166443595663, 0.000722367316484, -0.00154605996795, -0.00185930798762, -0.0022341243457, 0.00287060672417, -0.00459667854011, 0.0131830526516, -0.00236357236281, -0.000812789192423], [-0.000261425913777, 0.000861920183524, -0.000934852345381, 0.00127651437651, 0.000176328743692, 0.0015667314874, -0.00200739130378, 0.000965473416727, -0.00311012705788, 0.000322555279126, -0.00236357236281, 0.0141076212749, -0.00326892221346], [0.000362197461072, -0.000763987831306, 0.000801952672191, -0.00164463289548, -0.000896535580978, -0.000227999858907, 0.00279898638837, -0.00223243748769, -1.74769375008e-05, -0.000843492103741, -0.000812789192423, -0.00326892221346, 0.0126022230834]]
    },
    "melbands": {
        "dmean": [0.0017114012735, 0.00153522065375, 0.000808493292425, 0.000677620759234, 0.000525072333403, 0.000254160055192, 0.000191658604308, 0.000288317125523, 0.000328779948177, 0.000262504559942, 0.000116571412946, 7.8873061284e-05, 3.81830504921e-05, 2.41902507696e-05, 6.42660816084e-05, 5.03418850712e-05, 5.64965703234e-05, 2.24413961405e-05, 1.69575268956e-05, 6.90004117132e-06, 7.41956137063e-06, 1.15298653327e-05, 6.41324731987e-06, 3.75342710868e-06, 3.87376940125e-06, 2.7077599043e-06, 2.25509211305e-06, 1.16225078273e-06, 1.05961339614e-06, 1.37944948619e-06, 1.36973574172e-06, 2.0315810616e-06, 1.62152582561e-06, 9.35977936933e-07, 8.18688477011e-07, 1.17659556054e-06, 1.28050919557e-06, 1.09585278096e-06, 1.05273522877e-06, 1.34628589876e-06],
        "dmean2": [0.00231046113186, 0.00237800064497, 0.00141539622564, 0.0011166514596, 0.00078482873505, 0.000392572314013, 0.000290822034003, 0.000433039152995, 0.000466147059342, 0.000358796765795, 0.000145423604408, 0.000113224472443, 5.58564024686e-05, 3.7873734982e-05, 9.93178546196e-05, 7.5628166087e-05, 9.4260838523e-05, 3.765468864e-05, 2.89239105769e-05, 1.08071772047e-05, 1.1509565411e-05, 1.87546629604e-05, 1.02385747596e-05, 6.15809176452e-06, 6.55013536743e-06, 4.72324563816e-06, 3.9254746298e-06, 1.98533984985e-06, 1.74320030055e-06, 2.25777216656e-06, 2.06494473787e-06, 3.16521709465e-06, 2.56959356193e-06, 1.46202876294e-06, 1.3278647657e-06, 1.78793879968e-06, 1.81401333066e-06, 1.54049757839e-06, 1.45573176269e-06, 2.01423654289e-06],
        "dvar": [1.51328213178e-05, 2.5035789804e-05, 7.26717280486e-06, 1.51542144522e-06, 9.84566781881e-07, 5.30195677584e-07, 1.97013790171e-07, 4.09974887816e-07, 8.05777403912e-07, 5.03379339989e-07, 8.43279579499e-08, 4.26019468591e-08, 8.44620107188e-09, 4.72290606623e-09, 7.37082075375e-08, 1.43299860866e-08, 2.837595936e-08, 4.11251521726e-09, 3.57408325158e-09, 3.46601386481e-10, 5.13144082781e-10, 5.84239656654e-10, 2.57096205436e-10, 1.44104617128e-10, 3.21931314939e-10, 8.69543742565e-11, 8.74907299386e-11, 1.82655713471e-11, 2.68169826623e-11, 4.82611034469e-11, 3.18201610894e-11, 5.95442722906e-11, 3.40554424938e-11, 7.38177487886e-12, 7.7173475943e-12, 1.58932797478e-11, 2.26023089134e-11, 1.64814620285e-11, 1.64330753866e-11, 2.8137926017e-11],
        "dvar2": [2.77429408015e-05, 6.3833045715e-05, 2.0581375793e-05, 4.08359846915e-06, 1.96860128199e-06, 1.1275427596e-06, 4.45045372999e-07, 9.70101041275e-07, 1.6279986994e-06, 9.40299457852e-07, 1.22295745086e-07, 7.11509926532e-08, 1.79612023032e-08, 1.17285878787e-08, 1.67586421185e-07, 2.79251981539e-08, 7.40061381066e-08, 1.16617862034e-08, 8.53081338903e-09, 8.59411708465e-10, 1.19087617545e-09, 1.46319534267e-09, 6.44202802214e-10, 3.19669013482e-10, 7.06039227083e-10, 2.20467116785e-10, 2.31758209845e-10, 4.53485859975e-11, 6.72801189761e-11, 1.11843138917e-10, 5.45222061943e-11, 1.00330098396e-10, 8.32613492041e-11, 1.60693403028e-11, 1.82282192812e-11, 3.39576283759e-11, 5.02648721257e-11, 3.18306388192e-11, 3.03908634369e-11, 5.53960523286e-11],
        "max": [0.0464461185038, 0.0472161471844, 0.0282877720892, 0.0140778999776, 0.0148824667558, 0.0108333742246, 0.00954597629607, 0.00867545697838, 0.013106316328, 0.0128452787176, 0.00531386351213, 0.0031029318925, 0.00154402037151, 0.00110113515984, 0.00446589384228, 0.00191750773229, 0.00193437957205, 0.000916651857551, 0.00114456051961, 0.000223020309932, 0.000441831391072, 0.000249462318607, 0.000209011792322, 0.000212382219615, 0.000473214109661, 0.000118587828183, 0.000117547737318, 6.15184908384e-05, 0.000105679566332, 0.00015279269428, 0.000188484395039, 0.000213562598219, 0.000166281461134, 4.33615641668e-05, 5.56767663511e-05, 7.49857645133e-05, 0.000100650649983, 9.14023257792e-05, 8.28956253827e-05, 0.000101829195046],
        "mean": [0.00634392770007, 0.00218227296136, 0.000924449122977, 0.00111181894317, 0.000937301956583, 0.0003629529092, 0.000324426335283, 0.00046509434469, 0.000599447696004, 0.00048056335072, 0.000245978852035, 0.000157387243235, 5.89543233218e-05, 2.9616196116e-05, 7.22051699995e-05, 7.45725992601e-05, 5.51220109628e-05, 2.45265055128e-05, 1.64392877195e-05, 8.30275257613e-06, 9.01421481103e-06, 1.42828639582e-05, 8.00651105237e-06, 4.50415564046e-06, 4.23795790994e-06, 2.69649012807e-06, 1.95941015591e-06, 1.14106205729e-06, 1.11818053483e-06, 1.59915430231e-06, 1.99481269192e-06, 2.87231955554e-06, 2.33971127273e-06, 1.34403956054e-06, 1.20807521853e-06, 1.75881132236e-06, 1.78528364358e-06, 1.70117084508e-06, 1.6533372218e-06, 2.06159052141e-06],
        "median": [0.00081064121332, 0.000792741542682, 0.000378401571652, 0.000616485835053, 0.000443464698037, 0.00011088912288, 0.000147741142428, 0.000147279919474, 8.31187353469e-05, 6.73678878229e-05, 4.06762192142e-05, 2.77700910374e-05, 1.65729616128e-05, 6.43527346256e-06, 1.22074679894e-05, 1.1910556168e-05, 1.05406425064e-05, 5.94025095779e-06, 3.56677196578e-06, 2.21731443162e-06, 2.50490052167e-06, 4.58179056295e-06, 2.20490892389e-06, 9.73820760919e-07, 8.24905100671e-07, 2.78958168565e-07, 1.52315280388e-07, 1.48028291846e-07, 1.94682243659e-07, 2.8156162557e-07, 5.68290090541e-07, 9.10576488877e-07, 8.51218146636e-07, 3.36208870522e-07, 2.28388699952e-07, 2.3119287107e-07, 2.64345260348e-07, 1.69891393398e-07, 1.00739875109e-07, 1.21849396351e-07],
        "min": [4.24990647977e-24, 9.94043153352e-24, 7.86161738748e-24, 9.42902484158e-24, 2.49061373807e-23, 2.24300102843e-23, 1.16300374862e-23, 8.30953576491e-24, 6.43969363366e-24, 1.34013994053e-23, 1.86129647994e-23, 1.18576845996e-23, 4.55092160171e-24, 9.30920949185e-24, 9.85536235123e-24, 7.18244759113e-24, 7.34521562828e-24, 5.41080878182e-24, 6.27447223909e-24, 9.10218556905e-24, 9.76092386796e-24, 6.49940448773e-24, 1.07671798503e-23, 9.28985715613e-24, 1.17988600308e-23, 6.06861661929e-24, 9.04723904042e-24, 8.16355942098e-24, 7.62156859174e-24, 8.95490760463e-24, 1.16273632477e-23, 1.51185429144e-23, 1.1513462777e-23, 9.68169935611e-24, 5.837347451e-24, 1.03384339483e-23, 8.60149081934e-24, 8.3833999669e-24, 1.03812233415e-23, 1.61478123359e-23],
        "stdev": [0.00857164524496, 0.00505666667596, 0.00221243943088, 0.00143732619472, 0.00143742456567, 0.000970301043708, 0.000575410784222, 0.000809649645817, 0.00134692108259, 0.00121008954011, 0.000593789387494, 0.000381115387427, 0.000123250007164, 7.19574163668e-05, 0.000274307909422, 0.000189332786249, 0.000155177302076, 5.97537946305e-05, 6.01815809205e-05, 1.95209195226e-05, 2.38676111621e-05, 2.72295255854e-05, 1.67434845935e-05, 1.36295457196e-05, 1.88578378584e-05, 9.9142525869e-06, 9.2901464086e-06, 4.61686931885e-06, 5.36018251296e-06, 8.42112967803e-06, 9.42302813201e-06, 1.10575128929e-05, 7.02554461895e-06, 3.75248146156e-06, 3.85054590879e-06, 6.21040771875e-06, 6.65699371893e-06, 6.97966606822e-06, 6.47876686344e-06, 8.51984350447e-06],
        "var": [7.34731002012e-05, 2.55698796536e-05, 4.89488775202e-06, 2.06590652851e-06, 2.06618938137e-06, 9.41484131545e-07, 3.31097595563e-07, 6.55532517158e-07, 1.81419625278e-06, 1.46431671055e-06, 3.52585857399e-07, 1.45248932881e-07, 1.51905652501e-08, 5.17786968857e-09, 7.52448272578e-08, 3.58469058881e-08, 2.4079994887e-08, 3.57051588296e-09, 3.62182284164e-09, 3.8106631739e-10, 5.69662872429e-10, 7.41447014896e-10, 2.80344275572e-10, 1.85764514882e-10, 3.55618035019e-10, 9.82924019954e-11, 8.63068158607e-11, 2.13154823653e-11, 2.87315570641e-11, 7.09154193701e-11, 8.87934656357e-11, 1.22268584146e-10, 4.93582778816e-11, 1.40811164812e-11, 1.48267023659e-11, 3.85691617533e-11, 4.43155651064e-11, 4.87157397755e-11, 4.19744204672e-11, 7.25877344343e-11]
    },
    "melbands128": {
