{
"lowlevel": {
    "average_loudness": 0.974506080151,
    "barkbands_crest": {
        "dmean": 3.3429646492,
        "dmean2": 4.83308744431,
        "dvar": 9.55563831329,
        "dvar2": 19.2772254944,
        "max": 26.1004734039,
        "mean": 12.7337493896,
        "median": 11.553981781,
        "min": 3.00922250748,
        "stdev": 5.7480635643,
        "var": 33.0402336121
    },
    "barkbands_flatness_db": {
        "dmean": 0.0370782203972,
        "dmean2": 0.0522633455694,
        "dvar": 0.00135137455072,
        "dvar2": 0.00250409683213,
        "max": 0.45723772049,
        "mean": 0.168197721243,
        "median": 0.160453289747,
        "min": 0.038425758481,
        "stdev": 0.0694057568908,
        "var": 0.0048171589151
    },
    "barkbands_kurtosis": {
        "dmean": 15.2190208435,
        "dmean2": 22.1867790222,
        "dvar": 986.806030273,
        "dvar2": 2022.30383301,
        "max": 423.119171143,
        "mean": 20.7625732422,
        "median": 5.93726348877,
        "min": -1.88814079762,
        "stdev": 43.3080978394,
        "var": 1875.59130859
    },
    "barkbands_skewness": {
        "dmean": 1.27549576759,
        "dmean2": 1.76105666161,
        "dvar": 2.26061034203,
        "dvar2": 4.1432299614,
        "max": 18.2439994812,
        "mean": 3.09713053703,
        "median": 2.32288384438,
        "min": -1.99559056759,
        "stdev": 2.67463779449,
        "var": 7.15368795395
    },
    "barkbands_spread": {
        "dmean": 6.84351396561,
        "dmean2": 10.453909874,
        "dvar": 66.632484436,
        "dvar2": 142.874526978,
        "max": 110.739372253,
        "mean": 16.3835449219,
        "median": 14.2173986435,
        "min": 0.261611223221,
        "stdev": 11.9041252136,
        "var": 141.708206177
    },
    "dissonance": {
        "dmean": 0.0219120271504,
        "dmean2": 0.0361732766032,
        "dvar": 0.000592127558775,
        "dvar2": 0.00142540084198,
        "max": 0.4998729527,
        "mean": 0.460034996271,
        "median": 0.469612270594,
        "min": 0.232021182775,
        "stdev": 0.0353333428502,
        "var": 0.00124844512902
    },
    "dynamic_complexity": 2.24328660965,
    "erbbands_crest": {
        "dmean": 2.63911509514,
        "dmean2": 4.2198343277,
        "dvar": 6.49263811111,
        "dvar2": 15.8265762329,
        "max": 28.1352424622,
        "mean": 8.41933441162,
        "median": 7.31122636795,
        "min": 2.59329652786,
        "stdev": 3.99765324593,
        "var": 15.9812316895
    },
    "erbbands_flatness_db": {
        "dmean": 0.0167829412967,
        "dmean2": 0.0248641520739,
        "dvar": 0.000289115763735,
        "dvar2": 0.000527509429958,
        "max": 0.308310568333,
        "mean": 0.13767889142,
        "median": 0.133261039853,
        "min": 0.0467506498098,
        "stdev": 0.0382816120982,
        "var": 0.00146548170596
    },
    "erbbands_kurtosis": {
        "dmean": 1.04664599895,
        "dmean2": 1.56826817989,
        "dvar": 2.04391098022,
        "dvar2": 4.15358018875,
        "max": 28.093547821,
        "mean": 0.696019411087,
        "median": -0.0608170032501,
        "min": -1.82652616501,
        "stdev": 2.49077534676,
        "var": 6.20396232605
    },
    "erbbands_skewness": {
        "dmean": 0.443362295628,
        "dmean2": 0.649662435055,
        "dvar": 0.197676062584,
        "dvar2": 0.398521333933,
        "max": 3.5631878376,
        "mean": 0.435993283987,
        "median": 0.437327772379,
        "min": -2.18355584145,
        "stdev": 0.788339018822,
        "var": 0.621478438377
    },
    "erbbands_spread": {
        "dmean": 11.0546712875,
        "dmean2": 16.5564365387,
        "dvar": 144.590179443,
        "dvar2": 309.434875488,
        "max": 195.774337769,
        "mean": 44.6947898865,
        "median": 42.2170028687,
        "min": 4.95445966721,
        "stdev": 20.2698135376,
        "var": 410.865325928
    },
    "hfc": {
        "dmean": 11.3715858459,
        "dmean2": 17.6137943268,
        "dvar": 215.443496704,
        "dvar2": 526.986938477,
        "max": 109.142425537,
        "mean": 22.7806434631,
        "median": 18.6979351044,
        "min": 1.1543269714e-16,
        "stdev": 17.2028312683,
        "var": 295.93737793
    },
    "loudness_ebu128": {
        "integrated": -8.17979335785,
        "loudness_range": 1.55718660355,
        "momentary": {
            "dmean": 0.688130140305,
            "dmean2": 0.98288244009,
            "dvar": 0.273647844791,
            "dvar2": 0.632944762707,
            "max": -5.42566680908,
            "mean": -8.36926364899,
            "median": -8.23054981232,
            "min": -12.2206192017,
            "stdev": 1.3093111515,
            "var": 1.71429562569
        },
        "short_term": {
            "dmean": 0.0941662713885,
            "dmean2": 0.12947063148,
            "dvar": 0.00453099235892,
            "dvar2": 0.0101929148659,
            "max": -7.13091278076,
            "mean": -8.25399589539,
            "median": -8.24509716034,
            "min": -9.35103321075,
            "stdev": 0.521303653717,
            "var": 0.271757483482
        }
    },
    "melbands_crest": {
        "dmean": 4.29432344437,
        "dmean2": 6.27665138245,
        "dvar": 18.4412879944,
        "dvar2": 32.066204071,
        "max": 37.8250694275,
        "mean": 19.8421707153,
        "median": 19.2041606903,
        "min": 2.25312876701,
        "stdev": 8.69330310822,
        "var": 75.5735168457
    },
    "melbands_flatness_db": {
        "dmean": 0.0438999459147,
        "dmean2": 0.0603436604142,
        "dvar": 0.00193619600032,
        "dvar2": 0.00339121115394,
        "max": 0.570510149002,
        "mean": 0.239335790277,
        "median": 0.236896589398,
        "min": 0.00700519466773,
        "stdev": 0.0925860404968,
        "var": 0.0085721751675
    },
    "melbands_kurtosis": {
        "dmean": 36.3557052612,
        "dmean2": 52.2541885376,
        "dvar": 5200.45361328,
        "dvar2": 9742.11035156,
        "max": 1122.17175293,
        "mean": 51.9713783264,
        "median": 15.787109375,
        "min": -1.53471183777,
        "stdev": 98.368888855,
        "var": 9676.43847656
    },
    "melbands_skewness": {
        "dmean": 1.77169752121,
        "dmean2": 2.42285871506,
        "dvar": 4.700340271,
        "dvar2": 8.44752788544,
        "max": 29.4608440399,
        "mean": 4.61430215836,
        "median": 3.33682513237,
        "min": -0.382923156023,
        "stdev": 3.78285503387,
        "var": 14.3099927902
    },
    "melbands_spread": {
        "dmean": 7.76655101776,
        "dmean2": 12.1127252579,
        "dvar": 137.890823364,
        "dvar2": 328.168518066,
        "max": 180.153625488,
        "mean": 16.2434082031,
        "median": 12.4164628983,
        "min": 0.262833923101,
        "stdev": 15.6047430038,
        "var": 243.507995605
    },
    "pitch_salience": {
        "dmean": 0.100341916084,
        "dmean2": 0.150030478835,
        "dvar": 0.00993272382766,
        "dvar2": 0.0197853278369,
        "max": 0.893834233284,
        "mean": 0.448030561209,
        "median": 0.470364838839,
        "min": 0.0335958562791,
        "stdev": 0.182193756104,
        "var": 0.0331945642829
    },
    "silence_rate_20dB": {
        "dmean": 0,
        "dmean2": 0,
        "dvar": 0,
        "dvar2": 0,
        "max": 1,
        "mean": 1,
        "median": 1,
        "min": 1,
        "stdev": 0,
        "var": 0
    },
    "silence_rate_30dB": {
        "dmean": 0.128482967615,
        "dmean2": 0.257164984941,
        "dvar": 0.111975871027,
        "dvar2": 0.197226688266,
        "max": 1,
        "mean": 0.784222722054,
        "median": 1,
        "min": 0,
        "stdev": 0.411358982325,
        "var": 0.169216200709
    },
    "silence_rate_60dB": {
        "dmean": 0.0208978336304,
        "dmean2": 0.0410534478724,
        "dvar": 0.0204611737281,
        "dvar2": 0.0440161302686,
        "max": 1,
        "mean": 0.0232018567622,
        "median": 0,
        "min": 0,
        "stdev": 0.15054307878,
        "var": 0.0226632189006
    },
    "spectral_centroid": {
        "dmean": 348.356964111,
        "dmean2": 526.979492188,
        "dvar": 209601.703125,
        "dvar2": 374929,
        "max": 11038.7792969,
        "mean": 1280.26904297,
        "median": 1161.64245605,
        "min": 142.871582031,
        "stdev": 664.487548828,
        "var": 441543.71875
    },
    "spectral_complexity": {
        "dmean": 6.28173351288,
        "dmean2": 9.25948905945,
        "dvar": 47.0833473206,
        "dvar2": 95.6326980591,
        "max": 57,
        "mean": 18.1152362823,
        "median": 16,
        "min": 0,
        "stdev": 9.57897663116,
        "var": 91.7567901611
    },
    "spectral_decrease": {
        "dmean": 8.91024676264e-09,
        "dmean2": 1.17471241623e-08,
        "dvar": 1.61459858689e-16,
        "dvar2": 2.79296938258e-16,
        "max": -6.8107755996e-29,
        "mean": -1.88437603299e-08,
        "median": -1.46229259812e-08,
        "min": -8.98475178701e-08,
        "stdev": 1.85333330904e-08,
        "var": 3.43484433257e-16
    },
    "spectral_energy": {
        "dmean": 0.0342045463622,
        "dmean2": 0.0452482700348,
        "dvar": 0.0023258656729,
        "dvar2": 0.00401276629418,
        "max": 0.341127663851,
        "mean": 0.0731869488955,
        "median": 0.0568360388279,
        "min": 1.07271423321e-20,
        "stdev": 0.0704487338662,
        "var": 0.00496302451938
    },
    "spectral_energyband_high": {
        "dmean": 0.000542838999536,
        "dmean2": 0.000834331614897,
        "dvar": 6.27867279945e-07,
        "dvar2": 1.47966852637e-06,
        "max": 0.00646399287507,
        "mean": 0.000840223103296,
        "median": 0.000493770290632,
        "min": 7.60207174932e-21,
        "stdev": 0.000968712964095,
        "var": 9.38404809858e-07
    },
    "spectral_energyband_low": {
        "dmean": 0.0306919030845,
        "dmean2": 0.0402629971504,
        "dvar": 0.0024114982225,
        "dvar2": 0.00431182142347,
        "max": 0.335906356573,
        "mean": 0.0551843196154,
        "median": 0.0417831912637,
        "min": 6.11260358225e-23,
        "stdev": 0.0696415826678,
        "var": 0.00484994985163
    },
    "spectral_energyband_middle_high": {
        "dmean": 0.00340788508765,
        "dmean2": 0.00560156675056,
        "dvar": 2.59732860286e-05,
        "dvar2": 6.77272619214e-05,
        "max": 0.0419160947204,
        "mean": 0.00524521293119,
        "median": 0.0033395816572,
        "min": 1.91372616994e-21,
        "stdev": 0.00570618361235,
        "var": 3.25605324178e-05
    },
    "spectral_energyband_middle_low": {
        "dmean": 0.00707346014678,
        "dmean2": 0.011067639105,
        "dvar": 0.000383073987905,
        "dvar2": 0.000839556567371,
        "max": 0.223540201783,
        "mean": 0.0128035005182,
        "median": 0.00790804624557,
        "min": 2.55384945932e-22,
        "stdev": 0.0205289199948,
        "var": 0.000421436561737
    },
    "spectral_entropy": {
        "dmean": 0.210684552789,
        "dmean2": 0.318036794662,
        "dvar": 0.0476583577693,
        "dvar2": 0.0918361991644,
        "max": 9.8042974472,
        "mean": 7.6103887558,
        "median": 7.61145782471,
        "min": 6.24388456345,
        "stdev": 0.380146801472,
        "var": 0.144511595368
    },
    "spectral_flux": {
        "dmean": 0.0566829368472,
        "dmean2": 0.085561402142,
        "dvar": 0.00425714673474,
        "dvar2": 0.00808188878,
        "max": 0.516433417797,
        "mean": 0.133931592107,
        "median": 0.102044552565,
        "min": 1.03571921872e-10,
        "stdev": 0.0954036340117,
        "var": 0.00910185277462
    },
    "spectral_kurtosis": {
        "dmean": 1.17273616791,
        "dmean2": 1.91234087944,
        "dvar": 2.0552046299,
        "dvar2": 5.60470533371,
        "max": 15.6958713531,
        "mean": 3.73718881607,
        "median": 3.4754152298,
        "min": -1.17884910107,
        "stdev": 1.85163116455,
        "var": 3.42853808403
    },
    "spectral_rms": {
        "dmean": 0.00182384846266,
        "dmean2": 0.00234794197604,
        "dvar": 4.66428446089e-06,
        "dvar2": 6.99913016433e-06,
        "max": 0.0182430110872,
        "mean": 0.00750478543341,
        "median": 0.00744646182284,
        "min": 3.23504309278e-12,
        "stdev": 0.00388332363218,
        "var": 1.50802025018e-05
    },
    "spectral_rolloff": {
        "dmean": 521.414001465,
        "dmean2": 869.702758789,
        "dvar": 1028008.5,
        "dvar2": 1969662,
        "max": 18884.6191406,
        "mean": 988.779418945,
        "median": 602.9296875,
        "min": 43.06640625,
        "stdev": 1303.72058105,
        "var": 1699687.5
    },
    "spectral_skewness": {
        "dmean": 0.21861679852,
        "dmean2": 0.338546574116,
        "dvar": 0.060163334012,
        "dvar2": 0.14184731245,
        "max": 3.20271635056,
        "mean": 1.55933082104,
        "median": 1.54152691364,
        "min": -0.000147406215547,
        "stdev": 0.367648035288,
        "var": 0.135165080428
    },
    "spectral_spread": {
        "dmean": 723303.8125,
        "dmean2": 1034661.5,
        "dvar": 1.47916416614e+12,
        "dvar2": 1.93324947866e+12,
        "max": 39891712,
        "mean": 5388177.5,
        "median": 5331455.5,
        "min": 2225882.75,
        "stdev": 1663846,
        "var": 2.76838350848e+12
    },
    "spectral_strongpeak": {
        "dmean": 0.443089306355,
        "dmean2": 0.71015816927,
        "dvar": 0.337868213654,
        "dvar2": 0.742774248123,
        "max": 6.40773439407,
        "mean": 0.819815933704,
        "median": 0.555698573589,
        "min": 0,
        "stdev": 0.871404051781,
        "var": 0.759345054626
    },
    "zerocrossingrate": {
        "dmean": 0.01184686739,
        "dmean2": 0.0130531080067,
        "dvar": 0.000334343203576,
        "dvar2": 0.000368402164895,
        "max": 0.4970703125,
        "mean": 0.0462311320007,
        "median": 0.03759765625,
        "min": 0.00146484375,
        "stdev": 0.0347443632782,
        "var": 0.00120717077516
    },
    "barkbands": {
        "dmean": [0.00470075430349, 0.0248516108841, 0.00537696434185, 0.00401532044634, 0.00140275584999, 0.0011561170686, 0.00143298867624, 0.000857148959767, 0.00116873101797, 0.000576584774535, 0.000507131742779, 0.000551489938516, 0.000332363473717, 0.000536897627171, 0.000503654649947, 0.000461967400042, 0.000392439484131, 0.00020609938656, 0.000357952405466, 0.000184227523278, 0.00014583261509, 0.000113337460789, 6.46390253678e-05, 9.70843539108e-05, 7.71321210777e-05, 3.15115976264e-05, 2.67799077847e-06],
        "dmean2": [0.00710623664781, 0.0313966497779, 0.0091904932633, 0.0068894745782, 0.00230266526341, 0.00198660534807, 0.00235184677877, 0.00134403805714, 0.00182525545824, 0.000876388920005, 0.000760164053645, 0.000937008298934, 0.000556746555958, 0.000926659617107, 0.000866289949045, 0.000818256172352, 0.000665697967634, 0.000350300571881, 0.00059318105923, 0.000295549398288, 0.0002262089547, 0.000189045225852, 0.000100988851045, 0.000151540371007, 0.000120807628264, 5.22147638549e-05, 4.69302858619e-06],
        "dvar": [5.25647046743e-05, 0.00199458142743, 0.000163539487403, 0.000380877492717, 6.55778194414e-06, 1.3206928088e-05, 1.13182122732e-05, 4.27900340583e-06, 6.04993647357e-06, 1.71893043444e-06, 1.16704768516e-06, 1.04861510408e-06, 3.9979192934e-07, 1.09428731321e-06, 7.65236279676e-07, 9.66225570664e-07, 4.2566148295e-07, 1.44192156881e-07, 5.13410384428e-07, 6.42546709173e-08, 4.41933885043e-08, 4.48899193373e-08, 1.29044259722e-08, 3.65259005264e-08, 1.90591684657e-08, 2.92275403879e-09, 5.20080228883e-11],
        "dvar2": [0.000147002108861, 0.00340051669627, 0.000430168234743, 0.000987775856629, 1.7681166355e-05, 3.64726256521e-05, 2.87673501589e-05, 9.85930819297e-06, 1.27032617456e-05, 2.88809474114e-06, 2.20635683945e-06, 2.71572571364e-06, 1.02765682186e-06, 2.94462620332e-06, 2.05740047932e-06, 2.71678345598e-06, 1.1054675042e-06, 3.96699135763e-07, 1.2549406847e-06, 1.53067261977e-07, 1.01520576834e-07, 1.15922553334e-07, 2.74244484899e-08, 8.39325551283e-08, 4.53505784037e-08, 7.43128758529e-09, 1.40723765973e-10],
        "max": [0.0566115640104, 0.321022689342, 0.109605558217, 0.210402488708, 0.0275993738323, 0.0401228666306, 0.0367077700794, 0.0286004953086, 0.0328827314079, 0.0376881286502, 0.0269724465907, 0.0101924603805, 0.00875031668693, 0.0086635844782, 0.00549847539514, 0.00762185780331, 0.00411232933402, 0.00370432925411, 0.00610787561163, 0.00234376476146, 0.00174033385701, 0.00234366278164, 0.00117042753845, 0.00300056720152, 0.00150693336036, 0.000439658004325, 8.70194635354e-05],
        "mean": [0.00960106030107, 0.0370168536901, 0.00774541962892, 0.00344154727645, 0.00231754756533, 0.00147543393541, 0.00216388027184, 0.0013444625074, 0.00193435000256, 0.000828977092169, 0.000824110698886, 0.00063465727726, 0.00039171683602, 0.000535828759894, 0.0005336633767, 0.000405402679462, 0.000394283386413, 0.000245083589107, 0.000378433411242, 0.000262585585006, 0.000181071547559, 0.000126484155771, 9.1343135864e-05, 0.000147799699334, 0.000118822594231, 4.37943563156e-05, 2.40401755036e-06],
        "median": [0.00205439561978, 0.0141782145947, 0.00134084792808, 0.000455515226349, 0.00133349047974, 0.000480839982629, 0.000718285155017, 0.000426153535955, 0.000505414325744, 0.000269695592579, 0.000317057361826, 0.00026832066942, 0.000138882984174, 0.000170464074472, 0.000160434137797, 0.000113752226753, 0.000129119478515, 0.000128076455439, 0.000141419805004, 0.000143056036904, 6.63884275127e-05, 4.49833351013e-05, 4.14570204157e-05, 6.58099597786e-05, 4.99852285429e-05, 1.62923770404e-05, 4.32937355299e-07],
        "min": [3.00039695427e-24, 1.51659597657e-23, 2.4704267875e-23, 2.58716652634e-23, 3.26766539554e-23, 4.9767410664e-23, 1.15946531303e-23, 2.0922561781e-23, 1.04607613467e-22, 3.40907376151e-23, 9.5726958184e-23, 7.29089293086e-23, 8.56692593215e-23, 1.07965472485e-22, 2.50800389273e-22, 2.35967254657e-22, 1.71120502732e-22, 2.74995119268e-22, 4.66817894374e-22, 4.06806986016e-22, 4.38355994862e-22, 4.34613891163e-22, 6.71906533115e-22, 9.33207355234e-22, 1.03590275725e-21, 1.56015260328e-21, 2.48091276842e-21],
        "stdev": [0.0119280843064, 0.0608463063836, 0.0150430286303, 0.016687322408, 0.0029625792522, 0.00347646418959, 0.00419066892937, 0.00267467438243, 0.00372062320821, 0.00217158766463, 0.00181611848529, 0.00106605852488, 0.000712237961125, 0.000993503606878, 0.000855189166032, 0.0008300889167, 0.000641347491182, 0.000348925968865, 0.000692682398949, 0.000316401943564, 0.00024529080838, 0.000218404544285, 0.000139507246786, 0.000226258445764, 0.000169709470356, 6.43797029625e-05, 6.41987753625e-06],
        "var": [0.000142279197462, 0.00370227289386, 0.000226292715524, 0.000278466701275, 8.77687580214e-06, 1.20858039736e-05, 1.75617060449e-05, 7.15388250683e-06, 1.38430377774e-05, 4.71579323857e-06, 3.29828617396e-06, 1.13648081879e-06, 5.07282891249e-07, 9.87049361356e-07, 7.31348507088e-07, 6.89047624292e-07, 4.11326567473e-07, 1.21749323512e-07, 4.79808875298e-07, 1.00110185031e-07, 6.01675793632e-08, 4.77005421828e-08, 1.94622700178e-08, 5.11928845981e-08, 2.88013044525e-08, 4.14474587984e-09, 4.12148266904e-11]
    },
    "erbbands": {
        "dmean": [1.19158256054, 4.40662622452, 6.66485595703, 11.1488399506, 6.81492185593, 4.74587535858, 5.86312294006, 10.9996376038, 20.1411762238, 19.4426269531, 21.3008499146, 23.1588058472, 18.3804473877, 17.4212837219, 21.3314247131, 16.5819454193, 14.4628181458, 23.028339386, 27.8701896667, 25.7482128143, 26.4586009979, 22.7995567322, 11.6656541824, 13.366027832, 18.3613147736, 8.13623046875, 6.53336191177, 5.88520526886, 3.92281293869, 2.6139895916, 1.84425318241, 2.08245015144, 1.59769463539, 1.03308880329, 0.478152096272, 0.177110552788, 0.0520075857639, 0.00973492022604, 0.000296045967843, 4.16165021306e-05],
        "dmean2": [1.71202111244, 5.92249774933, 11.236117363, 18.9336185455, 11.5789003372, 7.74131631851, 9.18823432922, 19.0608062744, 32.7149543762, 31.524143219, 32.707988739, 35.7025184631, 28.6160202026, 26.6297874451, 32.8113136292, 28.2930088043, 24.1612548828, 39.5073356628, 48.4983253479, 44.1437759399, 47.5350265503, 38.0349006653, 19.2590389252, 22.6955127716, 30.0853176117, 12.9531373978, 10.2239122391, 9.35657405853, 6.47207212448, 4.27139759064, 2.87966632843, 3.24654150009, 2.5343272686, 1.63111877441, 0.743338346481, 0.289051711559, 0.0875899717212, 0.0164702739567, 0.000511140970048, 5.77973842155e-05],
        "dvar": [5.07568979263, 84.3507385254, 214.684387207, 2464.64111328, 645.613830566, 57.0728416443, 117.23009491, 1465.84643555, 2850.5480957, 1878.52514648, 2521.86206055, 2595.41967773, 1698.45703125, 1193.69226074, 1361.90356445, 882.444458008, 807.281555176, 1996.28515625, 2623.68994141, 1712.58422852, 3769.49023438, 1355.59643555, 340.948760986, 805.988220215, 1312.09216309, 118.499382019, 92.9098129272, 76.4734725952, 49.3877944946, 22.0918502808, 11.5794754028, 19.3374671936, 8.97311782837, 3.50522303581, 0.805487930775, 0.0971553772688, 0.00862438138574, 0.00045551022049, 4.9233193522e-07, 2.94200952489e-09],
        "dvar2": [10.4845952988, 159.106704712, 559.642211914, 6247.22021484, 1696.23840332, 143.60307312, 253.335357666, 4111.86669922, 7347.66992188, 4554.22216797, 5470.00976562, 5600.93164062, 3400.75146484, 2494.08007812, 2650.15454102, 2319.31640625, 2055.05102539, 5432.26660156, 6970.92773438, 4463.39746094, 10700.21875, 3403.95556641, 888.683898926, 2219.08203125, 3130.05004883, 271.656066895, 212.449920654, 187.14100647, 125.272972107, 53.671295166, 25.3756446838, 45.4344940186, 20.9870109558, 8.60021495819, 1.90853250027, 0.237904518843, 0.0226282756776, 0.00119598314632, 1.34716253797e-06, 5.13580333816e-09],
        "max": [14.1373586655, 72.4376296997, 120.271202087, 511.077636719, 250.523849487, 104.256347656, 153.264648438, 411.996520996, 602.178405762, 868.997680664, 691.84564209, 922.372924805, 817.132568359, 560.408996582, 703.47479248, 371.984466553, 453.305419922, 457.222869873, 328.395629883, 268.026306152, 410.794555664, 281.058807373, 156.374557495, 200.421905518, 314.442749023, 101.606704712, 65.8017044067, 73.2534942627, 87.7929840088, 44.3521194458, 29.3572444916, 79.349937439, 41.2849731445, 23.6819458008, 10.4197340012, 3.26303100586, 0.955650091171, 0.247294425964, 0.00698016304523, 0.000367916974938],
        "mean": [1.63748931885, 6.04911136627, 9.6509885788, 11.4797258377, 7.46492815018, 7.96856641769, 10.0630464554, 13.122335434, 27.5707950592, 30.049238205, 40.2447280884, 38.1502685547, 26.3136234283, 28.5992393494, 33.6140060425, 20.4550304413, 17.6220359802, 24.8506393433, 28.0835590363, 28.2657012939, 22.3229484558, 24.2668571472, 14.7679767609, 14.0773544312, 20.4318256378, 11.8809242249, 8.60126304626, 6.73823738098, 4.49311637878, 3.44204068184, 2.55822134018, 2.91697621346, 2.43960022926, 1.54674983025, 0.712602257729, 0.253243535757, 0.0684234797955, 0.0108387432992, 0.000332391180564, 9.17210854823e-05],
        "median": [0.70529794693, 1.14451360703, 1.86644101143, 2.26472377777, 3.06379652023, 4.51669740677, 4.25515842438, 4.58937740326, 7.7338347435, 11.1601877213, 12.521938324, 11.0761699677, 9.28942012787, 12.9042339325, 15.6466903687, 10.3259744644, 7.28194475174, 8.64239597321, 8.3493270874, 9.04425430298, 6.48551177979, 8.55748939514, 7.60885000229, 6.11770200729, 8.90084552765, 6.45771121979, 3.44144177437, 2.25514817238, 1.62301242352, 1.45759379864, 1.16602957249, 1.17583358288, 1.17173600197, 0.654517591, 0.290825039148, 0.0906269699335, 0.0285431146622, 0.00421521859244, 0.000138578223414, 7.39697934478e-05],
        "min": [6.33839311759e-22, 2.8162597859e-21, 2.45790951374e-20, 7.05780419304e-20, 6.42168033e-20, 1.10949502917e-19, 2.22081450858e-19, 4.34270752169e-19, 2.99982451666e-19, 1.84286314975e-19, 5.65073029227e-19, 2.09543378005e-18, 2.13930640577e-18, 1.9047415587e-18, 4.40797145163e-18, 2.53008493191e-18, 3.16024332346e-18, 4.56349422809e-18, 1.03814864373e-17, 1.65225059106e-17, 9.20775188965e-18, 1.12363519577e-17, 1.57982364924e-17, 1.84133150594e-17, 2.11429895741e-17, 1.74903767104e-17, 2.33863149759e-17, 1.47457351897e-17, 1.37106228778e-17, 1.84206521514e-17, 1.94745348457e-17, 2.11789702764e-17, 1.28909654729e-17, 8.10035226406e-18, 9.93056629713e-18, 6.04477990414e-18, 2.8025576053e-18, 1.05163844991e-18, 3.32656034163e-19, 4.1042052432e-20],
        "stdev": [2.71352910995, 11.2361774445, 16.9067687988, 44.1201019287, 21.879535675, 10.6547670364, 15.9474191666, 34.198425293, 60.8882026672, 61.5776100159, 74.2468109131, 77.7033920288, 58.0074386597, 50.9941635132, 60.1207771301, 29.5983390808, 29.380777359, 42.8895339966, 49.290309906, 42.2484703064, 50.1520881653, 38.3180160522, 18.9271945953, 24.1508846283, 35.7636375427, 14.5869607925, 11.2003936768, 9.86984062195, 7.56204891205, 5.20156335831, 4.0186662674, 4.90051555634, 3.63354754448, 2.29433012009, 1.06537020206, 0.390540242195, 0.101617336273, 0.0207338836044, 0.00064063759055, 7.97819157015e-05],
        "var": [7.363240242, 126.251678467, 285.838806152, 1946.58349609, 478.714050293, 113.52406311, 254.32019043, 1169.53234863, 3707.37304688, 3791.80200195, 5512.58837891, 6037.81738281, 3364.86303711, 2600.40478516, 3614.5078125, 876.061706543, 863.230102539, 1839.51196289, 2429.53466797, 1784.93334961, 2515.23193359, 1468.27026367, 358.238677979, 583.265197754, 1279.0378418, 212.779434204, 125.448822021, 97.4137573242, 57.1845817566, 27.0562610626, 16.149679184, 24.0150547028, 13.2026672363, 5.2639503479, 1.13501369953, 0.152521669865, 0.0103260828182, 0.000429893902037, 4.10416532759e-07, 6.3651546256e-09]
    },
    "gfcc": {
        "mean": [17.0402603149, 80.9202880859, -106.141975403, 30.1846847534, -56.5656242371, 19.63555336, -35.0873146057, 20.0466861725, -24.5978927612, 6.40742588043, -12.9877691269, -2.18495249748, -8.63709831238],
        "cov": [[4213.73876953, -278.868438721, -10.3960857391, 202.264328003, 160.042907715, 215.754638672, 33.0163078308, 117.555923462, 115.111938477, 243.324279785, -175.75819397, 80.7311172485, -43.1113357544], [-278.868438721, 976.491699219, 366.291564941, 272.163513184, 339.223693848, 80.5363769531, 312.244506836, 75.9114532471, 141.519760132, -60.0796318054, 172.06628418, -70.9785308838, 37.7589225769], [-10.3960857391, 366.291564941, 1083.9699707, 427.956329346, 409.922363281, 383.422363281, 304.671203613, 202.310073853, 254.452682495, 109.246902466, 132.463699341, 45.6162109375, 25.3898143768], [202.264328003, 272.163513184, 427.956329346, 718.214904785, 485.252410889, 193.957427979, 235.565795898, 49.3603897095, 219.854751587, 66.5812530518, 121.552513123, 26.1208190918, 89.7414703369], [160.042907715, 339.223693848, 409.922363281, 485.252410889, 605.89666748, 217.649337769, 292.052886963, 78.4060516357, 212.435272217, 79.5158462524, 74.9273071289, 23.3567619324, 70.227104187], [215.754638672, 80.5363769531, 383.422363281, 193.957427979, 217.649337769, 383.991424561, 203.521911621, 122.656272888, 148.374572754, 73.7947769165, 70.8543624878, 1.26837098598, 8.73259830475], [33.0163078308, 312.244506836, 304.671203613, 235.565795898, 292.052886963, 203.521911621, 346.551055908, 118.125434875, 149.979019165, 52.4139518738, 97.1692504883, 18.1207389832, 26.136182785], [117.555923462, 75.9114532471, 202.310073853, 49.3603897095, 78.4060516357, 122.656272888, 118.125434875, 156.157913208, 78.1398468018, 48.2600440979, 56.3170127869, 17.8108005524, 14.5767374039], [115.111938477, 141.519760132, 254.452682495, 219.854751587, 212.435272217, 148.374572754, 149.979019165, 78.1398468018, 202.238357544, 87.8275299072, 63.015750885, 17.1031246185, 38.4145965576], [243.324279785, -60.0796318054, 109.246902466, 66.5812530518, 79.5158462524, 73.7947769165, 52.4139518738, 48.2600440979, 87.8275299072, 128.603775024, 17.8185977936, 31.7170448303, 10.4735546112], [-175.75819397, 172.06628418, 132.463699341, 121.552513123, 74.9273071289, 70.8543624878, 97.1692504883, 56.3170127869, 63.015750885, 17.8185977936, 155.372879028, 14.2722597122, 28.9419059753], [80.7311172485, -70.9785308838, 45.6162109375, 26.1208190918, 23.3567619324, 1.26837098598, 18.1207389832, 17.8108005524, 17.1031246185, 31.7170448303, 14.2722597122, 123.052192688, 47.1333198547], [-43.1113357544, 37.7589225769, 25.3898143768, 89.7414703369, 70.227104187, 8.73259830475, 26.136182785, 14.5767374039, 38.4145965576, 10.4735546112, 28.9419059753, 47.1333198547, 107.958297729]],
        "icov": [[0.000350814865669, -0.00021128761, 0.000266307091806, -0.000360960431863, 0.000104287952126, -0.000360995851224, 0.00025992107112, -0.000499064917676, 0.000202532028197, -0.000750609382521, 0.000788899080362, -0.000434118817793, 0.000396025949158], [-0.00021128761, 0.0028963314835, -0.00092519831378, 0.000936079479288, -0.0010448488174, 0.00182584556751, -0.00212416495197, 0.000807439559139, -0.00121851020958, 0.00288479076698, -0.00256767566316, 0.00240895408206, -0.000930356851313], [0.000266307091806, -0.00092519831378, 0.00235240533948, -0.00100732548162, 4.3288832785e-06, -0.00168508698698, 0.000947309890762, -0.00181067408994, -0.000223075141548, -0.000853127043229, 0.00100359669887, -0.00166008260567, 0.00148054154124], [-0.000360960431863, 0.000936079479288, -0.00100732548162, 0.00441907532513, -0.00269764196128, 0.000799222849309, -0.000461182731669, 0.00226717907935, -0.00194883183576, 0.00179294776171, -0.00285861967131, 0.00123378855642, -0.0016651354963], [0.000104287952126, -0.0010448488174, 4.3288832785e-06, -0.00269764196128, 0.00565940188244, -0.000795420375653, -0.00188436172903, 0.000389505003113, -0.000460395909613, -0.00157757755369, 0.00260167103261, -0.000497043132782, -0.000728591287043], [-0.000360995851224, 0.00182584556751, -0.00168508698698, 0.000799222849309, -0.000795420375653, 0.00646704435349, -0.0026600852143, -0.000483048701426, -0.00171581329778, 0.00144997413736, -0.00196419586428, 0.00256363023072, -0.000470103725092], [0.00025992107112, -0.00212416495197, 0.000947309890762, -0.000461182731669, -0.00188436172903, -0.0026600852143, 0.0088299959898, -0.00329918693751, -0.000535328988917, -0.000904562475625, 0.000158636932611, -0.00261470628902, 0.0021332828328], [-0.000499064917676, 0.000807439559139, -0.00181067408994, 0.00226717907935, 0.000389505003113, -0.000483048701426, -0.00329918693751, 0.0128382481635, -0.00157734763343, -0.00029986523441, -0.00328118889593, 0.0010077386396, -0.00205948273651], [0.000202532028197, -0.00121851020958, -0.000223075141548, -0.00194883183576, -0.000460395909613, -0.00171581329778, -0.000535328988917, -0.00157734763343, 0.0141660096124, -0.00744263548404, 0.000588083232287, 0.000642095226794, -0.00179624243174], [-0.000750609382521, 0.00288479076698, -0.000853127043229, 0.00179294776171, -0.00157757755369, 0.00144997413736, -0.000904562475625, -0.00029986523441, -0.00744263548404, 0.016540305689, -0.00288967578672, -0.000587420538068, 0.000644711952191], [0.000788899080362, -0.00256767566316, 0.00100359669887, -0.00285861967131, 0.00260167103261, -0.00196419586428, 0.000158636932611, -0.00328118889593, 0.000588083232287, -0.00288967578672, 0.0126062873751, -0.00260544498451, 5.34820464964e-05], [-0.000434118817793, 0.00240895408206, -0.00166008260567, 0.00123378855642, -0.000497043132782, 0.00256363023072, -0.00261470628902, 0.0010077386396, 0.000642095226794, -0.000587420538068, -0.00260544498451, 0.0132350055501, -0.00628943601623], [0.000396025949158, -0.000930356851313, 0.00148054154124, -0.0016651354963, -0.000728591287043, -0.000470103725092, 0.0021332828328, -0.00205948273651, -0.00179624243174, 0.000644711952191, 5.34820464964e-05, -0.00628943601623, 0.0143641009927]]
    },
    "melbands": {
        "dmean": [0.00842749048024, 0.00387129583396, 0.00165909214411, 0.000359299418051, 0.00020358596521, 0.000248286902206, 0.000300352636259, 0.000205509335501, 0.000190107035451, 0.000144547622767, 9.46135041886e-05, 7.35973080737e-05, 7.3590039392e-05, 6.09943963354e-05, 3.9629987441e-05, 3.27232628479e-05, 4.5773191232e-05, 4.8337959015e-05, 3.69686567865e-05, 2.9849474231e-05, 3.21534353134e-05, 2.63429956249e-05, 1.36281632876e-05, 8.89903913048e-06, 1.08088761408e-05, 1.6193744159e-05, 8.51453842188e-06, 5.18702927366e-06, 4.66648634756e-06, 3.4623267311e-06, 3.52248184754e-06, 2.1718183234e-06, 2.29256829698e-06, 1.22039512007e-06, 1.04414880298e-06, 1.22777385059e-06, 1.39800613397e-06, 1.20483832688e-06, 1.08175527203e-06, 8.60134605318e-07],
        "dmean2": [0.011329760775, 0.00593932997435, 0.00280270748772, 0.000599716324359, 0.000317293452099, 0.000424872530857, 0.000492272432894, 0.000329295085976, 0.000288353272481, 0.000225054653129, 0.000146256148582, 0.000111244844447, 0.000111929781269, 0.000104569415271, 6.65189363644e-05, 5.47352028661e-05, 7.88163670222e-05, 8.42464942252e-05, 6.29640198895e-05, 5.22817972524e-05, 5.86593196203e-05, 4.47699894721e-05, 2.17027973122e-05, 1.520522801e-05, 1.86033757927e-05, 2.67438499577e-05, 1.38644581966e-05, 8.3378627096e-06, 7.48729189581e-06, 5.31476189281e-06, 5.77051787332e-06, 3.58565512215e-06, 3.9130541154e-06, 1.97148619918e-06, 1.63748109117e-06, 1.9445799353e-06, 2.19778826249e-06, 1.90254343124e-06, 1.77090714715e-06, 1.36341566304e-06],
        "dvar": [0.000226630392717, 6.51884110994e-05, 5.0744987675e-05, 7.17888269719e-07, 1.18415343309e-07, 6.82225163473e-07, 6.11020709584e-07, 1.97676911284e-07, 2.01100817776e-07, 9.3663295786e-08, 4.66603964355e-08, 2.24047198571e-08, 2.02412824279e-08, 1.45082781344e-08, 5.79846748394e-09, 4.2268721856e-09, 8.2344477903e-09, 8.18325318619e-09, 3.97340338409e-09, 2.62073851509e-09, 6.39493746846e-09, 1.918134096e-09, 3.72146591321e-10, 3.37228273084e-10, 5.70215763496e-10, 1.31730215625e-09, 1.50639653529e-10, 5.48012399348e-11, 5.20186185793e-11, 2.63966071223e-11, 3.09562826761e-11, 1.44514998926e-11, 2.18412683772e-11, 4.61788420003e-12, 3.98420359204e-12, 5.9034509052e-12, 9.24352695081e-12, 5.32170574968e-12, 3.89080000857e-12, 2.58592279534e-12],
        "dvar2": [0.00042869351455, 0.000148256032844, 0.000126896513393, 1.92754782802e-06, 2.44466349386e-07, 1.90921991816e-06, 1.59488615736e-06, 4.76440078501e-07, 4.32100932812e-07, 2.06987124329e-07, 8.99517687003e-08, 4.38599023767e-08, 3.65390739887e-08, 3.74441668782e-08, 1.44625493803e-08, 1.08499751406e-08, 2.25050644787e-08, 2.16386126795e-08, 1.05054862587e-08, 7.05004588042e-09, 1.81204420358e-08, 4.93088592179e-09, 8.85165607478e-10, 9.27722121347e-10, 1.59206925421e-09, 3.0345481683e-09, 3.70273894879e-10, 1.24554699887e-10, 1.25469801215e-10, 5.6932580178e-11, 7.88082307746e-11, 3.55010118525e-11, 5.87287440901e-11, 1.04343486976e-11, 8.81135355651e-12, 1.40262593207e-11, 2.186236088e-11, 1.23069514649e-11, 1.00426221158e-11, 6.29282259981e-12],
        "max": [0.0999771431088, 0.0633821487427, 0.0760908126831, 0.00921631697565, 0.00543922092766, 0.00845186505467, 0.00859292875975, 0.00806881207973, 0.00603316398337, 0.00522784981877, 0.00469197612256, 0.00304026552476, 0.00341324415058, 0.00120645831339, 0.00142777920701, 0.00107173097786, 0.000869496667292, 0.000707698636688, 0.000385272025596, 0.000415372167481, 0.00049814383965, 0.000343572610291, 0.00015333542251, 0.000153310975293, 0.000171306252014, 0.000356856413418, 0.00014640596055, 8.30651479191e-05, 5.51318080397e-05, 4.30849722761e-05, 4.79251139041e-05, 4.46228841611e-05, 5.98358165007e-05, 2.37125732383e-05, 1.92859333765e-05, 3.31868577632e-05, 5.373478416e-05, 3.27473244397e-05, 1.94388449017e-05, 2.11713395402e-05],
        "mean": [0.0126586817205, 0.0058554741554, 0.00180726556573, 0.000527411932126, 0.000360311300028, 0.00030643583159, 0.000417219969677, 0.000313057942549, 0.000367809814634, 0.000221907335799, 0.00013203684648, 0.000118507479783, 0.00012021978182, 7.21316391719e-05, 4.43603639724e-05, 4.01078359573e-05, 4.68540019938e-05, 4.69008155051e-05, 4.0188228013e-05, 2.98388058582e-05, 2.49133190664e-05, 2.59680218733e-05, 1.77513102244e-05, 9.82706296782e-06, 1.08617496153e-05, 1.68480928551e-05, 1.10275750558e-05, 7.23906032363e-06, 5.81785025133e-06, 4.22464790972e-06, 3.7790184706e-06, 2.48885999099e-06, 2.40327540268e-06, 1.70971111402e-06, 1.42172405049e-06, 1.52164579958e-06, 1.94633366846e-06, 1.7713480247e-06, 1.54697772814e-06, 1.21939785913e-06],
        "median": [0.00653516035527, 0.00139119697269, 0.000446309451945, 0.000293864082778, 0.000174670509296, 0.000109555490781, 0.000129217136418, 0.000108028951217, 0.000100874603959, 6.06276662438e-05, 4.17907394876e-05, 5.14512976224e-05, 5.37546402484e-05, 2.86377980956e-05, 1.70207295014e-05, 1.37467668537e-05, 1.50641462824e-05, 1.08846679723e-05, 1.2998796592e-05, 8.84099972609e-06, 5.46254614164e-06, 8.00433826953e-06, 9.01709245227e-06, 4.67173549623e-06, 4.3190220822e-06, 6.11185396338e-06, 6.04075694355e-06, 3.42881048709e-06, 2.27315217671e-06, 1.57953718372e-06, 1.10171208689e-06, 8.28041891054e-07, 8.84687722191e-07, 7.68191512179e-07, 6.60075272663e-07, 5.69532801364e-07, 7.70405051753e-07, 8.0143621517e-07, 7.11586608304e-07, 4.5355562861e-07],
        "min": [4.49709012797e-24, 1.01091602037e-23, 1.11183957137e-23, 6.65500809015e-24, 7.30502947605e-24, 9.5696440311e-24, 4.43053906099e-24, 2.34516159221e-24, 4.0808796202e-24, 1.59346053213e-23, 1.08083662782e-23, 6.70021849749e-24, 1.3149744099e-23, 9.04804998943e-24, 5.04927935099e-24, 9.83287823771e-24, 7.99600930901e-24, 1.48239349207e-23, 2.37889162791e-23, 1.8929305911e-23, 8.88241523175e-24, 1.05223253139e-23, 1.50339186496e-23, 1.17609663083e-23, 1.54360089416e-23, 1.68233107736e-23, 1.25798031391e-23, 1.20406608866e-23, 1.63378867933e-23, 1.15847852692e-23, 7.94574151441e-24, 8.21076327982e-24, 7.25336303106e-24, 1.15289205065e-23, 1.17342231348e-23, 9.41385189093e-24, 1.57138473302e-23, 1.05228932938e-23, 6.33124892502e-24, 6.49768358767e-24],
        "stdev": [0.019670702517, 0.00925100781024, 0.00642346637323, 0.00082500843564, 0.000537372194231, 0.000750815845095, 0.000880879175384, 0.000613551179413, 0.000704181555193, 0.000440325471573, 0.000314838980557, 0.000228553442867, 0.000240736815613, 0.00012960798631, 7.87895551184e-05, 7.26667713025e-05, 8.47171977512e-05, 8.82951571839e-05, 6.29613059573e-05, 4.82958857901e-05, 6.41293445369e-05, 4.38085844507e-05, 2.32286329265e-05, 1.61218667927e-05, 1.98057532543e-05, 3.5854667658e-05, 1.38627965498e-05, 9.93715639197e-06, 7.99017288955e-06, 6.14513601249e-06, 6.00781822868e-06, 4.28403973274e-06, 4.3817904043e-06, 2.54833616964e-06, 2.32156344282e-06, 2.63633387476e-06, 3.39649977832e-06, 2.79952632809e-06, 2.28164117289e-06, 1.95630082089e-06],
        "var": [0.000386936560972, 8.55811376823e-05, 4.12609224441e-05, 6.80638891026e-07, 2.88768859491e-07, 5.63724427138e-07, 7.759480809e-07, 3.76445029815e-07, 4.95871631756e-07, 1.9388652106e-07, 9.91235751258e-08, 5.22366754296e-08, 5.7954217425e-08, 1.67982285859e-08, 6.20779383453e-09, 5.28045962511e-09, 7.177003436e-09, 7.79603492873e-09, 3.96412591641e-09, 2.33249242143e-09, 4.11257250477e-09, 1.91919213854e-09, 5.39569389169e-10, 2.59914589851e-10, 3.9226782933e-10, 1.28555721624e-09, 1.92177135316e-10, 9.87470730185e-11, 6.38428684918e-11, 3.77626992176e-11, 3.60938778865e-11, 1.83529979408e-11, 1.92000877003e-11, 6.4940171296e-12, 5.38965660296e-12, 6.95025590899e-12, 1.15362112224e-11, 7.83734795812e-12, 5.20588693681e-12, 3.82711267191e-12]
    },
    "melbands128": {
