{
"lowlevel": {
    "average_loudness": 0.978944063187,
    "barkbands_crest": {
        "dmean": 2.70372819901,
        "dmean2": 4.27584314346,
        "dvar": 7.15186548233,
        "dvar2": 18.5683784485,
        "max": 25.1603012085,
        "mean": 17.0171051025,
        "median": 17.5766029358,
        "min": 3.65261673927,
        "stdev": 3.51228189468,
        "var": 12.3361234665
    },
    "barkbands_flatness_db": {
        "dmean": 0.0393939204514,
        "dmean2": 0.0585322901607,
        "dvar": 0.00156358617824,
        "dvar2": 0.0033611881081,
        "max": 0.428575158119,
        "mean": 0.263629466295,
        "median": 0.253519892693,
        "min": 0.0643997490406,
        "stdev": 0.0650153234601,
        "var": 0.00422699190676
    },
    "barkbands_kurtosis": {
        "dmean": 16.7580928802,
        "dmean2": 27.3879070282,
        "dvar": 612.590148926,
        "dvar2": 1685.00073242,
        "max": 200.554260254,
        "mean": 26.0393886566,
        "median": 13.0600757599,
        "min": -1.53252732754,
        "stdev": 30.6971054077,
        "var": 942.312255859
    },
    "barkbands_skewness": {
        "dmean": 1.22654676437,
        "dmean2": 2.0333302021,
        "dvar": 1.99460697174,
        "dvar2": 5.70474338531,
        "max": 11.2621221542,
        "mean": 3.8588821888,
        "median": 3.29144668579,
        "min": -1.73328232765,
        "stdev": 1.85798740387,
        "var": 3.45211720467
    },
    "barkbands_spread": {
        "dmean": 3.55731344223,
        "dmean2": 5.79817485809,
        "dvar": 26.4339466095,
        "dvar2": 60.6707496643,
        "max": 63.5026245117,
        "mean": 8.18538379669,
        "median": 6.48427915573,
        "min": 0.596177279949,
        "stdev": 6.93223953247,
        "var": 48.0559463501
    },
    "dissonance": {
        "dmean": 0.0266437642276,
        "dmean2": 0.0435037501156,
        "dvar": 0.000615978555288,
        "dvar2": 0.00145127088763,
        "max": 0.49995431304,
        "mean": 0.452805131674,
        "median": 0.460690379143,
        "min": 0.197365403175,
        "stdev": 0.0342276953161,
        "var": 0.00117153511383
    },
    "dynamic_complexity": 1.6188980341,
    "erbbands_crest": {
        "dmean": 2.82693338394,
        "dmean2": 4.59223604202,
        "dvar": 7.24762821198,
        "dvar2": 17.343547821,
        "max": 24.5228290558,
        "mean": 8.8075761795,
        "median": 8.05302238464,
        "min": 2.4809949398,
        "stdev": 3.79300427437,
        "var": 14.3868818283
    },
    "erbbands_flatness_db": {
        "dmean": 0.0209356937557,
        "dmean2": 0.0325714573264,
        "dvar": 0.000396055023884,
        "dvar2": 0.000818369560875,
        "max": 0.30128261447,
        "mean": 0.173992872238,
        "median": 0.170615017414,
        "min": 0.0678957924247,
        "stdev": 0.0360465049744,
        "var": 0.00129935063887
    },
    "erbbands_kurtosis": {
        "dmean": 1.27862620354,
        "dmean2": 2.15533471107,
        "dvar": 2.96724772453,
        "dvar2": 7.98672819138,
        "max": 21.0334606171,
        "mean": 0.605607271194,
        "median": -0.111209869385,
        "min": -1.59470486641,
        "stdev": 2.44493126869,
        "var": 5.97768878937
    },
    "erbbands_skewness": {
        "dmean": 0.475221574306,
        "dmean2": 0.774222493172,
        "dvar": 0.178508400917,
        "dvar2": 0.483082056046,
        "max": 3.8788318634,
        "mean": 0.680646955967,
        "median": 0.609306037426,
        "min": -1.34481918812,
        "stdev": 0.720746636391,
        "var": 0.519475698471
    },
    "erbbands_spread": {
        "dmean": 10.2159023285,
        "dmean2": 16.7256088257,
        "dvar": 120.211288452,
        "dvar2": 307.822052002,
        "max": 106.569953918,
        "mean": 41.3049850464,
        "median": 39.5700836182,
        "min": 6.23323965073,
        "stdev": 16.3726634979,
        "var": 268.064086914
    },
    "hfc": {
        "dmean": 6.63752841949,
        "dmean2": 10.6711759567,
        "dvar": 216.601928711,
        "dvar2": 557.147277832,
        "max": 218.567367554,
        "mean": 23.5304660797,
        "median": 21.2527046204,
        "min": 1.09593913746e-16,
        "stdev": 15.3482246399,
        "var": 235.567993164
    },
    "loudness_ebu128": {
        "integrated": -8.76714801788,
        "loudness_range": 2.33606719971,
        "momentary": {
            "dmean": 0.41708368063,
            "dmean2": 0.494295060635,
            "dvar": 0.209636971354,
            "dvar2": 0.240029931068,
            "max": -7.51635551453,
            "mean": -9.48129463196,
            "median": -8.7438249588,
            "min": -23.8852901459,
            "stdev": 2.87684082985,
            "var": 8.27621269226
        },
        "short_term": {
            "dmean": 0.0785308033228,
            "dmean2": 0.0629904121161,
            "dvar": 0.00700155785307,
            "dvar2": 0.00274251936935,
            "max": -8.33284950256,
            "mean": -9.18492031097,
            "median": -8.71616363525,
            "min": -14.2852640152,
            "stdev": 1.26947748661,
            "var": 1.6115732193
        }
    },
    "melbands_crest": {
        "dmean": 3.69332313538,
        "dmean2": 5.99585866928,
        "dvar": 18.9970741272,
        "dvar2": 45.4905548096,
        "max": 38.646572113,
        "mean": 27.1341629028,
        "median": 27.4660549164,
        "min": 2.7962706089,
        "stdev": 6.57914018631,
        "var": 43.2850875854
    },
    "melbands_flatness_db": {
        "dmean": 0.0450199879706,
        "dmean2": 0.0655791759491,
        "dvar": 0.00219434732571,
        "dvar2": 0.00452687544748,
        "max": 0.543682932854,
        "mean": 0.339565426111,
        "median": 0.33516740799,
        "min": 0.00709615368396,
        "stdev": 0.0801259800792,
        "var": 0.00642017321661
    },
    "melbands_kurtosis": {
        "dmean": 35.3432044983,
        "dmean2": 57.6585235596,
        "dvar": 3702.38110352,
        "dvar2": 9971.40429688,
        "max": 613.071411133,
        "mean": 52.1621513367,
        "median": 28.6337242126,
        "min": -1.2481212616,
        "stdev": 67.2839660645,
        "var": 4527.13232422
    },
    "melbands_skewness": {
        "dmean": 1.75702154636,
        "dmean2": 2.85132598877,
        "dvar": 4.46663665771,
        "dvar2": 12.7376060486,
        "max": 18.5052051544,
        "mean": 5.153216362,
        "median": 4.53686332703,
        "min": 0.0707439631224,
        "stdev": 2.62540626526,
        "var": 6.89275789261
    },
    "melbands_spread": {
        "dmean": 3.13137793541,
        "dmean2": 5.12546443939,
        "dvar": 33.352596283,
        "dvar2": 58.1496772766,
        "max": 149.207519531,
        "mean": 6.8634018898,
        "median": 5.84999370575,
        "min": 0.427327275276,
        "stdev": 6.72077512741,
        "var": 45.1688194275
    },
    "pitch_salience": {
        "dmean": 0.0821935459971,
        "dmean2": 0.130545437336,
        "dvar": 0.00668563321233,
        "dvar2": 0.0162870921195,
        "max": 0.814223408699,
        "mean": 0.345801711082,
        "median": 0.333110362291,
        "min": 0.0553907826543,
        "stdev": 0.135420456529,
        "var": 0.0183387007564
    },
    "silence_rate_20dB": {
        "dmean": 0.0928792580962,
        "dmean2": 0.185902401805,
        "dvar": 0.0842532366514,
        "dvar2": 0.168384388089,
        "max": 1,
        "mean": 0.893271446228,
        "median": 1,
        "min": 0,
        "stdev": 0.308767616749,
        "var": 0.0953374356031
    },
    "silence_rate_30dB": {
        "dmean": 0.0696594417095,
        "dmean2": 0.138652205467,
        "dvar": 0.0648068115115,
        "dvar2": 0.151961624622,
        "max": 1,
        "mean": 0.138437747955,
        "median": 0,
        "min": 0,
        "stdev": 0.345358848572,
        "var": 0.119272738695
    },
    "silence_rate_60dB": {
        "dmean": 0.00541795650497,
        "dmean2": 0.0100697129965,
        "dvar": 0.00538876792416,
        "dvar2": 0.00996806379408,
        "max": 1,
        "mean": 0.0301624126732,
        "median": 0,
        "min": 0,
        "stdev": 0.171029672027,
        "var": 0.0292511489242
    },
    "spectral_centroid": {
        "dmean": 293.732208252,
        "dmean2": 466.101287842,
        "dvar": 166400.484375,
        "dvar2": 284886.125,
        "max": 10298.4199219,
        "mean": 994.282409668,
        "median": 855.912353516,
        "min": 202.269378662,
        "stdev": 580.647888184,
        "var": 337151.9375
    },
    "spectral_complexity": {
        "dmean": 3.45278644562,
        "dmean2": 5.44151830673,
        "dvar": 20.4645195007,
        "dvar2": 42.6524887085,
        "max": 61,
        "mean": 17.125289917,
        "median": 17,
        "min": 0,
        "stdev": 6.72367334366,
        "var": 45.2077827454
    },
    "spectral_decrease": {
        "dmean": 1.64750737497e-08,
        "dmean2": 2.68358792965e-08,
        "dvar": 5.96756469499e-16,
        "dvar2": 1.56366125475e-15,
        "max": -9.60060730023e-29,
        "mean": -4.84626028197e-08,
        "median": -3.57635698833e-08,
        "min": -1.75622687948e-07,
        "stdev": 3.38256818111e-08,
        "var": 1.14417686971e-15
    },
    "spectral_energy": {
        "dmean": 0.0623365603387,
        "dmean2": 0.101569518447,
        "dvar": 0.00849112123251,
        "dvar2": 0.022279523313,
        "max": 0.664364516735,
        "mean": 0.185043230653,
        "median": 0.137579992414,
        "min": 1.0302833413e-20,
        "stdev": 0.127776131034,
        "var": 0.0163267403841
    },
    "spectral_energyband_high": {
        "dmean": 0.000476782937767,
        "dmean2": 0.000778626126703,
        "dvar": 2.8292740808e-06,
        "dvar2": 7.5046486927e-06,
        "max": 0.023118743673,
        "mean": 0.000635602511466,
        "median": 0.000233918326558,
        "min": 7.37854961479e-21,
        "stdev": 0.00147942150943,
        "var": 2.18868808588e-06
    },
    "spectral_energyband_low": {
        "dmean": 0.0533643364906,
        "dmean2": 0.0860528796911,
        "dvar": 0.00568269658834,
        "dvar2": 0.0145340273157,
        "max": 0.458154439926,
        "mean": 0.144020870328,
        "median": 0.106479503214,
        "min": 1.61731808405e-22,
        "stdev": 0.104391984642,
        "var": 0.010897686705
    },
    "spectral_energyband_middle_high": {
        "dmean": 0.00141778448597,
        "dmean2": 0.00212768395431,
        "dvar": 2.42936312134e-06,
        "dvar2": 5.39587063031e-06,
        "max": 0.0193515755236,
        "mean": 0.0038019514177,
        "median": 0.00322093185969,
        "min": 1.5544558411e-21,
        "stdev": 0.00285751954652,
        "var": 8.16541796667e-06
    },
    "spectral_energyband_middle_low": {
        "dmean": 0.00728276651353,
        "dmean2": 0.0117159597576,
        "dvar": 7.30890533305e-05,
        "dvar2": 0.000190923063201,
        "max": 0.0842349380255,
        "mean": 0.0189077612013,
        "median": 0.0175174344331,
        "min": 4.00051711338e-22,
        "stdev": 0.0112110301852,
        "var": 0.00012568719103
    },
    "spectral_entropy": {
        "dmean": 0.23180089891,
        "dmean2": 0.351167887449,
        "dvar": 0.0668353289366,
        "dvar2": 0.143200621009,
        "max": 9.77377033234,
        "mean": 7.11709213257,
        "median": 7.12055778503,
        "min": 6.00116491318,
        "stdev": 0.392927825451,
        "var": 0.154392287135
    },
    "spectral_flux": {
        "dmean": 0.0763734281063,
        "dmean2": 0.130301117897,
        "dvar": 0.00845756288618,
        "dvar2": 0.0222691334784,
        "max": 0.606635093689,
        "mean": 0.166378110647,
        "median": 0.10464540869,
        "min": 1.01502875549e-10,
        "stdev": 0.129311040044,
        "var": 0.0167213454843
    },
    "spectral_kurtosis": {
        "dmean": 3.11101675034,
        "dmean2": 5.24679851532,
        "dvar": 22.0393657684,
        "dvar2": 57.8519325256,
        "max": 64.1737518311,
        "mean": 5.79058647156,
        "median": 4.27507162094,
        "min": -1.17280948162,
        "stdev": 5.96188783646,
        "var": 35.5441093445
    },
    "spectral_rms": {
        "dmean": 0.00206253374927,
        "dmean2": 0.00338021619245,
        "dvar": 8.13839142211e-06,
        "dvar2": 2.06653749046e-05,
        "max": 0.0254589971155,
        "mean": 0.0125435180962,
        "median": 0.0115855243057,
        "min": 3.17041705389e-12,
        "stdev": 0.00481563713402,
        "var": 2.31903632084e-05
    },
    "spectral_rolloff": {
        "dmean": 167.848388672,
        "dmean2": 286.969390869,
        "dvar": 475156.125,
        "dvar2": 782701.875,
        "max": 18367.8222656,
        "mean": 322.39666748,
        "median": 193.798828125,
        "min": 21.533203125,
        "stdev": 750.506530762,
        "var": 563260.0625
    },
    "spectral_skewness": {
        "dmean": 0.371484398842,
        "dmean2": 0.607836186886,
        "dvar": 0.190606340766,
        "dvar2": 0.444986581802,
        "max": 6.29486179352,
        "mean": 1.69178164005,
        "median": 1.59152197838,
        "min": 0.0928510054946,
        "stdev": 0.723634183407,
        "var": 0.52364641428
    },
    "spectral_spread": {
        "dmean": 538905.6875,
        "dmean2": 793365.125,
        "dvar": 1.66164824064e+12,
        "dvar2": 1.86600272691e+12,
        "max": 39840484,
        "mean": 3890365,
        "median": 3746830,
        "min": 1285289.5,
        "stdev": 1713416.5,
        "var": 2.93579626906e+12
    },
    "spectral_strongpeak": {
        "dmean": 0.2189809829,
        "dmean2": 0.390969783068,
        "dvar": 0.078657194972,
        "dvar2": 0.204944819212,
        "max": 1.72127246857,
        "mean": 0.554598331451,
        "median": 0.626931667328,
        "min": 0,
        "stdev": 0.311835676432,
        "var": 0.0972414910793
    },
    "zerocrossingrate": {
        "dmean": 0.00681515131146,
        "dmean2": 0.00929701142013,
        "dvar": 0.000235478801187,
        "dvar2": 0.000267595460173,
        "max": 0.4873046875,
        "mean": 0.0213714614511,
        "median": 0.0166015625,
        "min": 0.00048828125,
        "stdev": 0.0232430305332,
        "var": 0.000540238455869
    },
    "barkbands": {
        "dmean": [0.0405476875603, 0.0330759808421, 0.00745274918154, 0.00228718761355, 0.00251940451562, 0.00145936280023, 0.00240992894396, 0.00115652743261, 0.000902817875613, 0.000448345846962, 0.000378042663215, 0.000257286505075, 0.000137153198011, 0.000304186396534, 0.000113813664939, 0.000155661924509, 0.000118395721074, 0.000214786196011, 0.000303300999803, 0.000147874932736, 0.000158397248015, 9.72391062533e-05, 9.42328988458e-05, 5.15724132129e-05, 3.34249780281e-05, 5.91961497776e-06, 1.3152554601e-08],
        "dmean2": [0.0581916384399, 0.0475234128535, 0.0131599325687, 0.0039522042498, 0.00415791245177, 0.00203240453266, 0.00376235996373, 0.00182983581908, 0.00130805431399, 0.000593154167291, 0.00062235922087, 0.000388075597584, 0.000228667049669, 0.000514937855769, 0.000192232764675, 0.000268336152658, 0.000207041899557, 0.000391648121877, 0.000525611278135, 0.000232603386394, 0.000241252593696, 0.00016241738922, 0.000164286888321, 8.92650932656e-05, 5.76806523895e-05, 1.00379393189e-05, 2.39281536807e-08],
        "dvar": [0.00590982101858, 0.00201917835511, 0.000304189132294, 2.25090352615e-05, 1.89047950698e-05, 4.96140637551e-06, 1.28299070639e-05, 2.26459997066e-06, 2.19768708121e-06, 4.27498548561e-07, 1.54040932898e-07, 3.77089321546e-07, 3.99998576484e-08, 3.62553862487e-07, 6.95323478794e-08, 7.21629831446e-08, 4.8916227513e-08, 1.00122548474e-07, 2.92094910037e-07, 1.04414482394e-07, 1.18234538604e-07, 1.64197686559e-07, 2.26855775054e-07, 8.0757402543e-08, 3.7225500904e-08, 1.37296396474e-09, 2.95356301774e-15],
        "dvar2": [0.0142284370959, 0.00482882466167, 0.000935206946451, 6.71607194818e-05, 4.90016500407e-05, 9.43991199165e-06, 2.97673959722e-05, 5.04442232341e-06, 4.47428965344e-06, 7.77291916165e-07, 4.07847466022e-07, 8.62463252815e-07, 1.04780092158e-07, 9.73010855887e-07, 1.85754558402e-07, 2.03274566957e-07, 1.25854825228e-07, 2.9650976785e-07, 8.52663447404e-07, 2.42745699097e-07, 2.74906142295e-07, 4.42074707507e-07, 6.29069916158e-07, 2.17994795548e-07, 1.01960594634e-07, 3.55138740638e-09, 5.99654815075e-15],
        "max": [0.606860697269, 0.301904737949, 0.112937770784, 0.0546240583062, 0.0523688606918, 0.0319865234196, 0.0355051197112, 0.0144203361124, 0.0181683637202, 0.00833994150162, 0.00335296639241, 0.00873427931219, 0.00264399824664, 0.00800318550318, 0.0034266365692, 0.00374332233332, 0.0026998273097, 0.00311614829116, 0.00532035296783, 0.00363600486889, 0.00370950205252, 0.00596248777583, 0.00603223731741, 0.00386884761974, 0.00287477578968, 0.000621223240159, 1.89320394384e-06],
        "mean": [0.0617793798447, 0.0912661999464, 0.00871226005256, 0.00366151123308, 0.00446547148749, 0.00310010416433, 0.00406453059986, 0.00172870676033, 0.0018174512079, 0.000990144559182, 0.000558486324735, 0.000320755381836, 0.000197362867766, 0.000371178350179, 0.00015658850316, 0.000219789406401, 0.000150838575792, 0.000282352120848, 0.000455067900475, 0.000222655158723, 0.000255226535955, 0.000107553998532, 8.22311267257e-05, 4.36298214481e-05, 2.94104665954e-05, 4.53376242149e-06, 1.31084929578e-08],
        "median": [0.0122578488663, 0.0824434459209, 0.00316672935151, 0.00274556898512, 0.0033244821243, 0.00119039101992, 0.00218174699694, 0.000913481693715, 0.000734015891794, 0.00037847130443, 0.000416978640715, 7.38201342756e-05, 0.000116568815429, 0.000172344080056, 7.08449297235e-05, 9.06654749997e-05, 6.1453327362e-05, 0.000157762784511, 0.000153289569425, 4.93750085298e-05, 5.61129454582e-05, 3.76950083592e-05, 2.63225738308e-05, 1.01215255199e-05, 6.96057895766e-06, 6.07021945598e-07, 4.65217864232e-09],
        "min": [2.53438684084e-24, 4.48967814868e-23, 9.11911846838e-23, 2.58319350727e-23, 1.17814369333e-22, 5.20982011827e-23, 2.98332900195e-23, 1.16181906886e-22, 5.38714374353e-23, 4.45254646587e-23, 6.44148979106e-23, 5.7597265356e-23, 2.11446112952e-22, 1.75785624177e-22, 1.13814491133e-22, 2.24760936451e-22, 1.05689589841e-22, 1.94684876066e-22, 2.53459595209e-22, 2.54707787731e-22, 4.67487706702e-22, 4.10654733967e-22, 6.3111442211e-22, 1.10935784967e-21, 9.69619357084e-22, 1.59262327935e-21, 2.20504500491e-21],
        "stdev": [0.103758893907, 0.0592879354954, 0.0145879853517, 0.00430168956518, 0.00526312785223, 0.00470438785851, 0.00498252827674, 0.00209289067425, 0.00240819365717, 0.0014054767089, 0.000495518383104, 0.000724112906028, 0.000242593639996, 0.000639871228486, 0.000330864975695, 0.000359323836165, 0.000253354839515, 0.000340488186339, 0.000692204455845, 0.00043826570618, 0.000439480383648, 0.00034201022936, 0.00037866452476, 0.000231417303439, 0.000155404268298, 3.13563614327e-05, 7.57671472229e-08],
        "var": [0.010765908286, 0.0035150591284, 0.000212809303775, 1.85045337275e-05, 2.77005128737e-05, 2.21312639042e-05, 2.48255873885e-05, 4.38019105786e-06, 5.79939614909e-06, 1.97536473934e-06, 2.45538473109e-07, 5.24339498043e-07, 5.88516755329e-08, 4.09435216397e-07, 1.09471635312e-07, 1.29113615799e-07, 6.4188675708e-08, 1.15932195399e-07, 4.79147047372e-07, 1.92076839767e-07, 1.93142994931e-07, 1.16970994668e-07, 1.43386813534e-07, 5.3553968371e-08, 2.41504878318e-08, 9.83221504214e-10, 5.74066034441e-15]
    },
    "erbbands": {
        "dmean": [2.33221578598, 3.82036423683, 9.07361793518, 7.33217477798, 6.98053216934, 10.5579032898, 13.0951604843, 8.44862651825, 15.2311248779, 55.1795005798, 20.843000412, 18.0609149933, 9.0964384079, 13.1395702362, 12.2112865448, 10.9925918579, 5.06097793579, 13.7790670395, 9.44961071014, 6.34355974197, 8.09056949615, 7.49273633957, 12.0674028397, 11.0857334137, 13.7309074402, 7.75556755066, 8.18728542328, 4.71800088882, 3.58620238304, 3.49687600136, 2.60979366302, 1.27530694008, 0.803164362907, 0.410319268703, 0.21441142261, 0.0480160005391, 0.00737609062344, 0.00048221310135, 3.73790171579e-05, 6.73436443321e-05],
        "dmean2": [3.47880649567, 5.5724439621, 15.9460525513, 12.6795549393, 11.338470459, 17.8587837219, 19.8269405365, 11.8465490341, 22.3972587585, 87.5006027222, 32.3547821045, 26.7422084808, 12.8789300919, 18.3958435059, 20.1104373932, 16.6124172211, 8.37275600433, 22.8058757782, 16.2436790466, 10.722738266, 13.9487771988, 13.137090683, 21.9160175323, 19.3917770386, 23.2350502014, 12.2284507751, 12.3943576813, 7.51320075989, 5.83444786072, 6.15002775192, 4.54629993439, 2.19314980507, 1.38815414906, 0.708878517151, 0.368571043015, 0.0818409323692, 0.0130407940596, 0.000859174528159, 6.26871260465e-05, 0.000109931534098],
        "dvar": [11.6406621933, 28.4954833984, 464.355834961, 277.090484619, 129.461242676, 411.839691162, 414.381439209, 148.05796814, 340.258758545, 7253.37597656, 605.890930176, 865.945983887, 157.631912231, 230.58543396, 176.041305542, 665.80065918, 42.4049835205, 411.513305664, 673.038391113, 193.571273804, 226.767944336, 210.928237915, 377.264831543, 386.170410156, 652.629760742, 358.516357422, 241.787948608, 183.758773804, 143.724594116, 315.436645508, 174.324417114, 42.999912262, 22.4227085114, 6.01160240173, 1.303180933, 0.0839847996831, 0.00293489056639, 1.14717759061e-05, 8.50729620083e-09, 9.69289715158e-09],
        "dvar2": [25.7358398438, 79.7439041138, 1408.02636719, 824.51184082, 371.37802124, 1065.95727539, 939.91229248, 297.701019287, 716.257019043, 16940.0644531, 1440.62487793, 1868.23486328, 354.709564209, 466.196014404, 477.251068115, 1406.99621582, 107.285476685, 1039.79846191, 1869.24365234, 494.115264893, 637.479614258, 556.413330078, 1130.69042969, 1163.14025879, 1743.02282715, 836.077636719, 538.003051758, 434.228179932, 372.171691895, 890.505126953, 479.695281982, 116.011688232, 61.166519165, 16.4634075165, 3.50561356544, 0.219614773989, 0.00801006704569, 3.12472766382e-05, 2.30851586736e-08, 2.55021443962e-08],
        "max": [20.3278617859, 41.2783851624, 134.593841553, 175.438018799, 138.038314819, 299.203826904, 310.691253662, 176.981567383, 247.982086182, 891.952880859, 255.024490356, 330.121887207, 130.473739624, 184.24786377, 111.717590332, 321.167358398, 79.6817092896, 177.752319336, 340.36114502, 257.807281494, 190.786392212, 182.769821167, 179.750274658, 230.237579346, 238.524627686, 240.620910645, 138.552719116, 168.805297852, 163.342788696, 271.510681152, 162.023971558, 86.7434387207, 68.4677734375, 35.3288078308, 18.0084133148, 4.57988357544, 0.893831133842, 0.0508211292326, 0.00139380141627, 0.000714617373887],
        "mean": [5.2839512825, 10.5450649261, 11.5215482712, 11.6167840958, 11.3629112244, 16.618730545, 25.8894805908, 18.9741401672, 33.5462341309, 79.7836685181, 41.2935333252, 35.3444404602, 18.8151798248, 29.7534046173, 18.4229698181, 14.8079891205, 8.19954395294, 17.9326992035, 11.9602279663, 9.93768692017, 11.9118566513, 10.192109108, 16.1638507843, 16.945318222, 21.0988750458, 12.0941352844, 13.7901306152, 6.85397958755, 4.37350988388, 3.30749368668, 2.20708060265, 1.11256408691, 0.667909741402, 0.341718286276, 0.202495619655, 0.0394478589296, 0.00510130869225, 0.000334404758178, 9.40486352192e-05, 0.000202727474971],
        "median": [4.19859266281, 11.0365457535, 4.81176424026, 6.86366605759, 9.51034355164, 10.8040752411, 12.3753633499, 10.3952817917, 20.0268268585, 34.3540916443, 29.5497245789, 16.6982002258, 9.94195556641, 18.8045101166, 13.4953432083, 4.80080938339, 5.7076587677, 9.61569881439, 3.38539290428, 5.39567565918, 4.77527809143, 4.91513490677, 8.67970371246, 8.08143520355, 6.58690166473, 2.78933238983, 3.92462301254, 1.4452214241, 1.31995725632, 1.20973110199, 0.586264073849, 0.280360132456, 0.164007946849, 0.0816173404455, 0.0409358553588, 0.00670810695738, 0.000431801978266, 3.12441661663e-05, 6.70566951158e-05, 0.000152069056639],
        "min": [1.09572794881e-21, 1.26208899496e-20, 8.30984867889e-20, 1.27975930152e-19, 2.27689037478e-19, 4.91131561066e-19, 3.55965828728e-19, 3.706376605e-19, 5.21124251198e-19, 7.53843296432e-19, 2.74810389198e-18, 1.31406511816e-18, 9.66134857945e-19, 2.14053083987e-18, 2.58920084195e-18, 2.85028985575e-18, 1.08281126829e-17, 9.22136810971e-18, 8.06983839845e-18, 8.12026663731e-18, 1.05118641639e-17, 6.25225789487e-18, 1.10245143116e-17, 1.07170272897e-17, 1.24756860639e-17, 1.10799345855e-17, 1.87786823903e-17, 1.99132482816e-17, 1.40646727236e-17, 1.41760013079e-17, 1.64674371885e-17, 2.14329775902e-17, 1.89535566436e-17, 1.14136746657e-17, 6.78678283388e-18, 4.44950749891e-18, 3.13146695072e-18, 1.30207120607e-18, 3.516791203e-19, 3.07492760489e-20],
        "stdev": [4.18400907516, 6.95490026474, 18.1985149384, 15.0064201355, 11.594408989, 24.1116542816, 35.4716758728, 24.2899360657, 35.869228363, 108.762496948, 38.6282043457, 44.1781921387, 21.9769630432, 31.9610271454, 16.3552303314, 31.2333660126, 8.5715045929, 23.811214447, 28.0143203735, 20.3830566406, 19.5738964081, 16.7280731201, 20.182302475, 23.9924602509, 34.7773704529, 26.1133365631, 21.8504123688, 14.9651880264, 10.9964313507, 13.967915535, 10.5583314896, 5.36319541931, 3.80658769608, 1.96598422527, 0.944547533989, 0.243338346481, 0.0432775132358, 0.00271095708013, 8.98493744899e-05, 0.000137162860483],
        "var": [17.5059299469, 48.370639801, 331.185943604, 225.192642212, 134.43031311, 581.371887207, 1258.23974609, 590.001037598, 1286.6015625, 11829.2802734, 1492.13818359, 1951.71252441, 482.986938477, 1021.50726318, 267.493530273, 975.523132324, 73.4706878662, 566.973937988, 784.802185059, 415.468963623, 383.137451172, 279.828460693, 407.3253479, 575.638122559, 1209.46557617, 681.90637207, 477.440490723, 223.956863403, 120.921508789, 195.102661133, 111.478355408, 28.7638664246, 14.4901094437, 3.86509394646, 0.892170071602, 0.059213552624, 0.00187294313218, 7.34928880775e-06, 8.07291034022e-09, 1.88136493051e-08]
    },
    "gfcc": {
        "mean": [-0.368848562241, 143.949447632, -105.702156067, 51.7066726685, -54.9741744995, 10.8324069977, -14.2612504959, 13.9594268799, -3.48287129402, -0.0357196554542, 3.62486743927, -6.05731058121, 2.90609526634],
        "cov": [[4391.80322266, -151.011566162, -48.208782196, 883.404724121, 246.780715942, 121.306793213, 242.053314209, 212.91053772, -21.1870346069, 283.79083252, 205.806549072, -30.1273460388, -0.982253968716], [-151.011566162, 1357.97119141, 98.6025390625, 75.8837356567, 721.146484375, -271.627288818, 274.900238037, -250.638885498, 79.47706604, -89.841255188, 187.62147522, -90.5415878296, 127.870758057], [-48.208782196, 98.6025390625, 524.820800781, 122.438613892, 147.202331543, 70.2620010376, 30.2624168396, 8.79025268555, -23.0844249725, -13.1320886612, 21.0683994293, -0.914884388447, 25.6333198547], [883.404724121, 75.8837356567, 122.438613892, 538.168029785, 202.947387695, -116.242248535, 235.133132935, 20.4908466339, 4.20446395874, 93.7504272461, 126.981384277, -75.0772857666, -24.3536586761], [246.780715942, 721.146484375, 147.202331543, 202.947387695, 664.479614258, -96.7738876343, 185.900726318, -118.285675049, 59.6920852661, -8.63380527496, 164.990951538, -21.6864509583, 109.625480652], [121.306793213, -271.627288818, 70.2620010376, -116.242248535, -96.7738876343, 234.054641724, -130.70362854, 34.9677467346, -19.4005832672, -16.2248096466, -67.6985931396, 41.8745269775, 7.56778860092], [242.053314209, 274.900238037, 30.2624168396, 235.133132935, 185.900726318, -130.70362854, 323.520233154, 16.5474395752, 39.55103302, 63.3044395447, 135.391555786, -68.0358657837, -2.07205557823], [212.91053772, -250.638885498, 8.79025268555, 20.4908466339, -118.285675049, 34.9677467346, 16.5474395752, 163.880844116, -2.48173761368, 53.3622589111, 4.55904102325, 16.977519989, -25.8445987701], [-21.1870346069, 79.47706604, -23.0844249725, 4.20446395874, 59.6920852661, -19.4005832672, 39.55103302, -2.48173761368, 74.8995437622, 11.980670929, 25.3125247955, -13.630484581, 5.83526277542], [283.79083252, -89.841255188, -13.1320886612, 93.7504272461, -8.63380527496, -16.2248096466, 63.3044395447, 53.3622589111, 11.980670929, 118.867454529, 42.7020187378, -20.5762214661, -24.2204990387], [205.806549072, 187.62147522, 21.0683994293, 126.981384277, 164.990951538, -67.6985931396, 135.391555786, 4.55904102325, 25.3125247955, 42.7020187378, 171.504928589, 3.72949147224, 31.9237976074], [-30.1273460388, -90.5415878296, -0.914884388447, -75.0772857666, -21.6864509583, 41.8745269775, -68.0358657837, 16.977519989, -13.630484581, -20.5762214661, 3.72949147224, 92.3673553467, 43.9941635132], [-0.982253968716, 127.870758057, 25.6333198547, -24.3536586761, 109.625480652, 7.56778860092, -2.07205557823, -25.8445987701, 5.83526277542, -24.2204990387, 31.9237976074, 43.9941635132, 102.248382568]],
        "icov": [[0.00072413997259, -0.00112430274021, 0.000824249989819, -0.00211881846189, 0.00059211673215, -0.00198760675266, 0.00064650690183, -0.00115471344907, 0.000303530192468, -0.00117909978144, 0.000262154615484, -0.00109262671322, 2.68498024525e-05], [-0.00112430274021, 0.00676340656355, -0.00195817439817, 0.00607389723882, -0.0048403153196, 0.00661981385201, -0.00261321244761, 0.0042388769798, -9.22870676732e-05, 0.00421744212508, -0.00190467131324, 0.00624816119671, -0.0019028125098], [0.000824249989819, -0.00195817439817, 0.00351163186133, -0.00342739000916, 0.000524851900991, -0.00392434420064, 0.00087305251509, -0.00221470021643, 0.00125834648497, -0.000920501362998, 0.000628289708402, -0.00155533629004, 0.000128917381517], [-0.00211881846189, 0.00607389723882, -0.00342739000916, 0.011301998049, -0.00455838674679, 0.00841954443604, -0.0039982185699, 0.00441527646035, 0.00087593914941, 0.00319613027386, -0.00232379534282, 0.00683769164607, -0.000275444268482], [0.00059211673215, -0.0048403153196, 0.000524851900991, -0.00455838674679, 0.00697391992435, -0.00433455593884, 0.00122331967577, -0.000835606362671, -0.00173738051672, -0.00240808841772, -0.000296789658023, -0.00377780059353, -0.00125419441611], [-0.00198760675266, 0.00661981385201, -0.00392434420064, 0.00841954443604, -0.00433455593884, 0.0146034518257, -0.00100835529156, 0.0035034280736, -0.000687553780153, 0.00415542023256, -0.000653756957036, 0.00541351735592, -0.00197860668413], [0.00064650690183, -0.00261321244761, 0.00087305251509, -0.0039982185699, 0.00122331967577, -0.00100835529156, 0.00888059753925, -0.0037490024697, -0.000903367239516, -0.00191802612972, -0.00293167866766, 0.0020748176612, -0.000281687476672], [-0.00115471344907, 0.0042388769798, -0.00221470021643, 0.00441527646035, -0.000835606362671, 0.0035034280736, -0.0037490024697, 0.0129435006529, -0.0013343943283, -0.000504407682456, -0.00121425325051, -7.58315363782e-05, 0.000495331827551], [0.000303530192468, -9.22870676732e-05, 0.00125834648497, 0.00087593914941, -0.00173738051672, -0.000687553780153, -0.000903367239516, -0.0013343943283, 0.0165964607149, -0.00147469842341, -0.000951833615545, 0.00264640641399, -0.000568434654269], [-0.00117909978144, 0.00421744212508, -0.000920501362998, 0.00319613027386, -0.00240808841772, 0.00415542023256, -0.00191802612972, -0.000504407682456, -0.00147469842341, 0.0161132700741, -0.00396740064025, 0.0059038749896, 0.000413820409449], [0.000262154615484, -0.00190467131324, 0.000628289708402, -0.00232379534282, -0.000296789658023, -0.000653756957036, -0.00293167866766, -0.00121425325051, -0.000951833615545, -0.00396740064025, 0.0129578448832, -0.00675365934148, -0.000351519847754], [-0.00109262671322, 0.00624816119671, -0.00155533629004, 0.00683769164607, -0.00377780059353, 0.00541351735592, 0.0020748176612, -7.58315363782e-05, 0.00264640641399, 0.0059038749896, -0.00675365934148, 0.0273360777646, -0.0105390232056], [2.68498024525e-05, -0.0019028125098, 0.000128917381517, -0.000275444268482, -0.00125419441611, -0.00197860668413, -0.000281687476672, 0.000495331827551, -0.000568434654269, 0.000413820409449, -0.000351519847754, -0.0105390232056, 0.0184475127608]]
    },
    "melbands": {
        "dmean": [0.0147105650976, 0.00422758935019, 0.00126368703786, 0.000585606729146, 0.000454847700894, 0.000211960068555, 0.000300040963339, 0.000530236051418, 0.000178667251021, 0.000100905657746, 5.06676115037e-05, 5.95301462454e-05, 4.90099082526e-05, 3.52975148417e-05, 1.76162029675e-05, 1.61233310791e-05, 2.60421493294e-05, 1.7903981643e-05, 7.89460682427e-06, 8.98075541045e-06, 1.02599760794e-05, 8.04027331469e-06, 7.32359330868e-06, 1.17159033834e-05, 9.34297440836e-06, 1.45666463141e-05, 5.12125734531e-06, 4.96302936881e-06, 5.79203242523e-06, 3.01488194054e-06, 2.63442802861e-06, 1.90333139471e-06, 1.98667225959e-06, 1.9623848857e-06, 1.75973332261e-06, 1.03937236418e-06, 6.55977260067e-07, 6.48199886655e-07, 3.95513836793e-07, 3.30405640625e-07],
        "dmean2": [0.0229954924434, 0.00701367249712, 0.0021573563572, 0.000970205059275, 0.000709712563548, 0.00029424863169, 0.000449344399385, 0.000837850559037, 0.000270046381047, 0.000149389947182, 7.09764426574e-05, 8.13403166831e-05, 8.06189127616e-05, 5.49087417312e-05, 2.76693008345e-05, 2.71182689175e-05, 4.32387096225e-05, 3.11114272336e-05, 1.31590641104e-05, 1.54132685566e-05, 1.78300724656e-05, 1.42139215313e-05, 1.28355250126e-05, 2.14717438212e-05, 1.65371038747e-05, 2.51449964708e-05, 8.30072622193e-06, 7.81336621003e-06, 8.80643165146e-06, 4.65214816359e-06, 4.2466836021e-06, 3.04646732729e-06, 3.42915814144e-06, 3.47468767359e-06, 3.09940833176e-06, 1.81791574505e-06, 1.11989334073e-06, 1.13102851174e-06, 6.70700899263e-07, 5.7019030919e-07],
        "dvar": [0.000477551220683, 8.73319368111e-05, 7.26788084648e-06, 9.83286781775e-07, 5.0708655408e-07, 9.63671311638e-08, 1.61350612871e-07, 6.41210647245e-07, 5.61145938605e-08, 2.70288875726e-08, 4.97434804458e-09, 5.37240252285e-09, 2.73373368387e-09, 7.24484383596e-09, 9.60461821187e-10, 5.75789971258e-10, 1.54263080088e-09, 3.05544256562e-09, 2.43142367351e-10, 3.41976003071e-10, 3.68336472434e-10, 2.38366687499e-10, 1.63465879721e-10, 2.91541152331e-10, 3.13157694221e-10, 7.2740491408e-10, 8.29409596559e-11, 1.51793091985e-10, 1.1619943896e-10, 5.20458710851e-11, 6.46339232135e-11, 3.09455690239e-11, 9.64421667526e-11, 9.75922537227e-11, 8.06736830117e-11, 2.9114443495e-11, 1.05821931079e-11, 1.54437226896e-11, 4.77756072551e-12, 3.77607797461e-12],
        "dvar2": [0.00110706151463, 0.000258033483988, 2.17800879909e-05, 2.63236893261e-06, 1.23130075735e-06, 1.85231570526e-07, 3.49478455064e-07, 1.47566117903e-06, 1.22334228081e-07, 5.87807100771e-08, 1.05692397057e-08, 1.01033927891e-08, 7.3379475829e-09, 1.75282295345e-08, 2.22401785877e-09, 1.5633708772e-09, 3.91558518942e-09, 8.51639470056e-09, 6.14269468624e-10, 9.17524722865e-10, 1.05963393615e-09, 6.4810062872e-10, 4.20646545374e-10, 8.92288520848e-10, 9.59865187333e-10, 2.05703098999e-09, 2.05151909349e-10, 3.52537887771e-10, 2.66458910492e-10, 1.22587481832e-10, 1.49610018818e-10, 7.58485704799e-11, 2.7280588899e-10, 2.74837430592e-10, 2.24080212718e-10, 7.90764190239e-11, 2.82454771378e-11, 4.29186512718e-11, 1.27245080792e-11, 1.0448131943e-11],
        "max": [0.13112141192, 0.0616884678602, 0.0268533155322, 0.0113954087719, 0.0114224832505, 0.00454982602969, 0.00484146224335, 0.00861814059317, 0.00298419827595, 0.00180272827856, 0.000775900261942, 0.000950737274252, 0.000421382079367, 0.0012358573731, 0.000422373821493, 0.000306579982862, 0.00033543939935, 0.000768405676354, 0.000206921031349, 0.000269137788564, 0.000195495769731, 0.000178878442966, 0.000159558243467, 0.000140253396239, 0.000214588697418, 0.000211497113924, 8.95214907359e-05, 0.000155175934196, 9.35734569794e-05, 8.49132338772e-05, 9.86109225778e-05, 7.35763387638e-05, 0.00014609756181, 0.000148800594616, 0.000106466613943, 7.03775731381e-05, 4.34138637502e-05, 5.95353703829e-05, 3.04047662212e-05, 2.81890806946e-05],
        "mean": [0.0381764099002, 0.0078401491046, 0.00194396881852, 0.00101191434078, 0.00087041099323, 0.000482755771372, 0.000595416175202, 0.000775053631514, 0.000364856241504, 0.000191449726117, 0.000103863989352, 0.000135136215249, 7.13121989975e-05, 4.23880046583e-05, 2.43078411586e-05, 2.21370210056e-05, 3.33121897711e-05, 2.08173605643e-05, 1.18050365927e-05, 1.264113871e-05, 1.39627018143e-05, 1.00717015812e-05, 9.71823828877e-06, 1.5408570107e-05, 1.27912917378e-05, 2.14259216591e-05, 7.8451112131e-06, 7.29020075596e-06, 9.50844514591e-06, 4.5704778131e-06, 3.6739868392e-06, 2.36880782722e-06, 1.9602264274e-06, 1.78206778401e-06, 1.41783334584e-06, 9.02258705082e-07, 5.73311467633e-07, 5.10302299972e-07, 3.31990491986e-07, 2.70512828138e-07],
        "median": [0.0295976996422, 0.00603897869587, 0.00127441179939, 0.000781411072239, 0.000481845519971, 0.000252057419857, 0.000355312949978, 0.000357430399163, 0.000226170697715, 8.76424601302e-05, 4.85060700157e-05, 7.44975041016e-05, 5.22212976648e-05, 1.258440534e-05, 1.12784009616e-05, 1.23833178804e-05, 1.70614330273e-05, 3.74795649805e-06, 6.61047897665e-06, 5.19498371432e-06, 4.6056852625e-06, 4.02797695642e-06, 4.92763274451e-06, 8.36546587379e-06, 5.43018632015e-06, 5.21263018527e-06, 1.88524381883e-06, 1.47428409036e-06, 2.64412778961e-06, 1.16005492146e-06, 6.45547515887e-07, 6.78439846524e-07, 6.61275691982e-07, 6.34090838503e-07, 3.51831943135e-07, 2.03435831736e-07, 1.43509183204e-07, 1.04600928807e-07, 8.13689950974e-08, 5.73265985793e-08],
        "min": [1.18988457839e-23, 3.36724772523e-23, 2.2627257065e-23, 2.75390142944e-23, 1.40419134396e-23, 9.33631080825e-24, 6.9144478758e-24, 1.27047626508e-23, 2.07389402058e-23, 7.55683466586e-24, 4.93683511756e-24, 8.77427029025e-24, 9.40195034646e-24, 6.03654508476e-24, 1.63717731024e-23, 1.86203848251e-23, 1.80658897616e-23, 1.38584985459e-23, 7.33214420308e-24, 1.44274281862e-23, 1.08481619442e-23, 4.81552329869e-24, 1.10891565842e-23, 8.29666313265e-24, 8.57420806494e-24, 9.98676685651e-24, 7.61013405292e-24, 7.03256559686e-24, 1.18861056803e-23, 1.14877293454e-23, 1.1959160511e-23, 8.41871648077e-24, 6.43150525747e-24, 9.27255585875e-24, 9.14599653715e-24, 1.05890006265e-23, 1.53243393696e-23, 1.30449904706e-23, 1.23056526753e-23, 8.70145448439e-24],
        "stdev": [0.0279600247741, 0.00863298308104, 0.00243135960773, 0.00114172359463, 0.00111026188824, 0.00064631504938, 0.000665777421091, 0.00103615445551, 0.000392116548028, 0.000243520844379, 0.000134506844915, 0.000160603129189, 6.44384999759e-05, 9.42496990319e-05, 3.72489485017e-05, 2.79829491774e-05, 4.56510642834e-05, 5.71899508941e-05, 2.10794969462e-05, 2.53153648373e-05, 2.35944062297e-05, 1.7245147319e-05, 1.39674330057e-05, 1.8346876459e-05, 2.07881548704e-05, 3.52361093974e-05, 1.27961675389e-05, 1.68066999322e-05, 1.47926448335e-05, 8.41372911964e-06, 9.05125943973e-06, 5.48322759641e-06, 7.76590059104e-06, 7.77276727604e-06, 7.09085679773e-06, 4.38202505393e-06, 2.6940101634e-06, 3.09228880724e-06, 1.80282881956e-06, 1.54476151693e-06],
        "var": [0.000781762995757, 7.45283905417e-05, 5.91150910623e-06, 1.30353271288e-06, 1.23268137031e-06, 4.17723157398e-07, 4.43259580152e-07, 1.07361609025e-06, 1.53755394194e-07, 5.93024012119e-08, 1.80920896042e-08, 2.57933674419e-08, 4.15232070949e-09, 8.88300633051e-09, 1.38748412759e-09, 7.83045406294e-10, 2.08401962354e-09, 3.27069038519e-09, 4.4434522728e-10, 6.40867692248e-10, 5.56696022613e-10, 2.97395108539e-10, 1.95089180921e-10, 3.36607908213e-10, 4.32147373441e-10, 1.24158328063e-09, 1.63741895043e-10, 2.82465134616e-10, 2.1882234913e-10, 7.07908315301e-11, 8.19252998774e-11, 3.00657866659e-11, 6.03092159546e-11, 6.04159083872e-11, 5.0280252184e-11, 1.92021433476e-11, 7.2576905423e-12, 9.56224942977e-12, 3.25019178238e-12, 2.38628821564e-12]
    },
    "melbands128": {
