{
"lowlevel": {
    "average_loudness": 0.930162906647,
    "barkbands_crest": {
        "dmean": 3.21463465691,
        "dmean2": 4.95772838593,
        "dvar": 10.2974748611,
        "dvar2": 22.2882099152,
        "max": 25.6537036896,
        "mean": 11.5100631714,
        "median": 10.3129863739,
        "min": 2.51579666138,
        "stdev": 5.56003379822,
        "var": 30.913974762
    },
    "barkbands_flatness_db": {
        "dmean": 0.0323682203889,
        "dmean2": 0.0464937016368,
        "dvar": 0.0011915176874,
        "dvar2": 0.00239965668879,
        "max": 0.50734692812,
        "mean": 0.171748787165,
        "median": 0.160958006978,
        "min": 0.0391728244722,
        "stdev": 0.0768846794963,
        "var": 0.00591125385836
    },
    "barkbands_kurtosis": {
        "dmean": 6.52399158478,
        "dmean2": 9.85244083405,
        "dvar": 343.519012451,
        "dvar2": 611.445800781,
        "max": 529.393554688,
        "mean": 8.85824775696,
        "median": 1.93095970154,
        "min": -1.93635344505,
        "stdev": 25.4556694031,
        "var": 647.991088867
    },
    "barkbands_skewness": {
        "dmean": 0.87025141716,
        "dmean2": 1.25362169743,
        "dvar": 1.27697598934,
        "dvar2": 2.27625203133,
        "max": 18.5909805298,
        "mean": 1.76807713509,
        "median": 1.41581463814,
        "min": -4.50665855408,
        "stdev": 2.05556607246,
        "var": 4.22535228729
    },
    "barkbands_spread": {
        "dmean": 8.13781356812,
        "dmean2": 12.6090297699,
        "dvar": 123.350135803,
        "dvar2": 279.115386963,
        "max": 112.78553772,
        "mean": 22.3576831818,
        "median": 18.9908943176,
        "min": 0.374761044979,
        "stdev": 16.7910423279,
        "var": 281.939086914
    },
    "dissonance": {
        "dmean": 0.0218508020043,
        "dmean2": 0.0364554300904,
        "dvar": 0.000533624493983,
        "dvar2": 0.00134146527853,
        "max": 0.500000059605,
        "mean": 0.453600168228,
        "median": 0.464077204466,
        "min": 0.23197171092,
        "stdev": 0.0388560518622,
        "var": 0.00150979263708
    },
    "dynamic_complexity": 3.8054523468,
    "erbbands_crest": {
        "dmean": 3.03846096992,
        "dmean2": 4.83125114441,
        "dvar": 8.7670879364,
        "dvar2": 19.9864749908,
        "max": 30.1305484772,
        "mean": 10.3527603149,
        "median": 8.80833339691,
        "min": 2.45206999779,
        "stdev": 5.47345066071,
        "var": 29.9586601257
    },
    "erbbands_flatness_db": {
        "dmean": 0.0219359565526,
        "dmean2": 0.0295737013221,
        "dvar": 0.000444204633823,
        "dvar2": 0.000718383817002,
        "max": 0.39257144928,
        "mean": 0.174786955118,
        "median": 0.163504064083,
        "min": 0.0512285083532,
        "stdev": 0.062447078526,
        "var": 0.00389963760972
    },
    "erbbands_kurtosis": {
        "dmean": 1.28691184521,
        "dmean2": 1.93739187717,
        "dvar": 2.75428199768,
        "dvar2": 5.94635725021,
        "max": 17.2720870972,
        "mean": 1.16391646862,
        "median": 0.23300909996,
        "min": -1.86433196068,
        "stdev": 2.78219270706,
        "var": 7.7405962944
    },
    "erbbands_skewness": {
        "dmean": 0.470351427794,
        "dmean2": 0.698501467705,
        "dvar": 0.216297164559,
        "dvar2": 0.487344920635,
        "max": 3.82467412949,
        "mean": 0.354102045298,
        "median": 0.354560762644,
        "min": -3.5032453537,
        "stdev": 0.999668955803,
        "var": 0.999338030815
    },
    "erbbands_spread": {
        "dmean": 11.7618961334,
        "dmean2": 17.2463417053,
        "dvar": 196.060424805,
        "dvar2": 441.829528809,
        "max": 179.947662354,
        "mean": 39.8579711914,
        "median": 35.0036201477,
        "min": 4.96522712708,
        "stdev": 22.552324295,
        "var": 508.607299805
    },
    "hfc": {
        "dmean": 11.7206811905,
        "dmean2": 17.5934352875,
        "dvar": 589.791442871,
        "dvar2": 1403.11401367,
        "max": 270.743804932,
        "mean": 25.9524211884,
        "median": 17.0448951721,
        "min": 1.21864218308e-16,
        "stdev": 31.8454093933,
        "var": 1014.13012695
    },
    "loudness_ebu128": {
        "integrated": -9.59003734589,
        "loudness_range": 4.4188375473,
        "momentary": {
            "dmean": 1.01717877388,
            "dmean2": 1.37776839733,
            "dvar": 2.09045624733,
            "dvar2": 3.66939425468,
            "max": -6.38376569748,
            "mean": -10.4578742981,
            "median": -9.4621629715,
            "min": -29.7466602325,
            "stdev": 3.15126609802,
            "var": 9.93047809601
        },
        "short_term": {
            "dmean": 0.112585112453,
            "dmean2": 0.126684993505,
            "dvar": 0.0099715590477,
            "dvar2": 0.0117532070726,
            "max": -8.28314495087,
            "mean": -9.98131465912,
            "median": -9.44302177429,
            "min": -14.4928741455,
            "stdev": 1.56626737118,
            "var": 2.45319342613
        }
    },
    "melbands_crest": {
        "dmean": 3.70413446426,
        "dmean2": 5.65777587891,
        "dvar": 14.6568441391,
        "dvar2": 31.9376125336,
        "max": 34.429485321,
        "mean": 15.6051502228,
        "median": 14.7570962906,
        "min": 1.91919720173,
        "stdev": 6.85840606689,
        "var": 47.0377311707
    },
    "melbands_flatness_db": {
        "dmean": 0.0375885255635,
        "dmean2": 0.0540679059923,
        "dvar": 0.00197495054454,
        "dvar2": 0.00383480382152,
        "max": 0.619370281696,
        "mean": 0.21598701179,
        "median": 0.205825358629,
        "min": 0.0058926041238,
        "stdev": 0.100769780576,
        "var": 0.0101545481011
    },
    "melbands_kurtosis": {
        "dmean": 15.4869823456,
        "dmean2": 23.9553775787,
        "dvar": 1235.97741699,
        "dvar2": 2497.71484375,
        "max": 724.177001953,
        "mean": 23.2124214172,
        "median": 8.3124666214,
        "min": -1.87165033817,
        "stdev": 46.4071464539,
        "var": 2153.62329102
    },
    "melbands_skewness": {
        "dmean": 1.17694413662,
        "dmean2": 1.72438204288,
        "dvar": 2.38080811501,
        "dvar2": 4.8425822258,
        "max": 17.3478164673,
        "mean": 3.01403713226,
        "median": 2.49803352356,
        "min": -2.25310325623,
        "stdev": 2.54292464256,
        "var": 6.46646547318
    },
    "melbands_spread": {
        "dmean": 11.5585269928,
        "dmean2": 16.9850673676,
        "dvar": 382.157592773,
        "dvar2": 795.269287109,
        "max": 238.376647949,
        "mean": 27.6918048859,
        "median": 20.3784217834,
        "min": 0.336654782295,
        "stdev": 29.2316017151,
        "var": 854.486572266
    },
    "pitch_salience": {
        "dmean": 0.0869906246662,
        "dmean2": 0.135160267353,
        "dvar": 0.00844219326973,
        "dvar2": 0.0198771115392,
        "max": 0.878112018108,
        "mean": 0.500965535641,
        "median": 0.502869427204,
        "min": 0.112687163055,
        "stdev": 0.151046857238,
        "var": 0.0228151530027
    },
    "silence_rate_20dB": {
        "dmean": 0,
        "dmean2": 0,
        "dvar": 0,
        "dvar2": 0,
        "max": 1,
        "mean": 1,
        "median": 1,
        "min": 1,
        "stdev": 0,
        "var": 0
    },
    "silence_rate_30dB": {
        "dmean": 0.0448916405439,
        "dmean2": 0.0898528248072,
        "dvar": 0.0428761839867,
        "dvar2": 0.0879752784967,
        "max": 1,
        "mean": 0.928847670555,
        "median": 1,
        "min": 0,
        "stdev": 0.257079899311,
        "var": 0.0660900771618
    },
    "silence_rate_60dB": {
        "dmean": 0.0348297208548,
        "dmean2": 0.0697133988142,
        "dvar": 0.0336165651679,
        "dvar2": 0.0679517611861,
        "max": 1,
        "mean": 0.105955146253,
        "median": 0,
        "min": 0,
        "stdev": 0.307776600122,
        "var": 0.0947264432907
    },
    "spectral_centroid": {
        "dmean": 366.877288818,
        "dmean2": 543.222290039,
        "dvar": 256077.34375,
        "dvar2": 476432.5,
        "max": 10880.6416016,
        "mean": 1478.9666748,
        "median": 1305.68200684,
        "min": 141.866973877,
        "stdev": 920.598937988,
        "var": 847502.4375
    },
    "spectral_complexity": {
        "dmean": 4.9938082695,
        "dmean2": 7.48876857758,
        "dvar": 52.2148971558,
        "dvar2": 101.804763794,
        "max": 58,
        "mean": 15.2018566132,
        "median": 12,
        "min": 0,
        "stdev": 11.8025865555,
        "var": 139.301055908
    },
    "spectral_decrease": {
        "dmean": 3.78890252506e-09,
        "dmean2": 5.24413712455e-09,
        "dvar": 6.31508259327e-17,
        "dvar2": 1.06714749496e-16,
        "max": -1.47733572136e-29,
        "mean": -8.71269367764e-09,
        "median": -5.55097434685e-09,
        "min": -7.32745633059e-08,
        "stdev": 1.22019461202e-08,
        "var": 1.48887481001e-16
    },
    "spectral_energy": {
        "dmean": 0.0149195985869,
        "dmean2": 0.0205370765179,
        "dvar": 0.000918973411899,
        "dvar2": 0.00154408416711,
        "max": 0.279288321733,
        "mean": 0.0352376848459,
        "median": 0.0224644429982,
        "min": 1.11092020321e-20,
        "stdev": 0.0470482818782,
        "var": 0.00221354071982
    },
    "spectral_energyband_high": {
        "dmean": 0.00101792195346,
        "dmean2": 0.00154973391909,
        "dvar": 5.94046605329e-06,
        "dvar2": 1.41059172165e-05,
        "max": 0.0261519998312,
        "mean": 0.00158526410814,
        "median": 0.000472598447232,
        "min": 7.8903805435e-21,
        "stdev": 0.00317866168916,
        "var": 1.01038895082e-05
    },
    "spectral_energyband_low": {
        "dmean": 0.0111210569739,
        "dmean2": 0.0161114260554,
        "dvar": 0.000940294296015,
        "dvar2": 0.00168738525826,
        "max": 0.271182447672,
        "mean": 0.0195785406977,
        "median": 0.00601154286414,
        "min": 5.56799799466e-23,
        "stdev": 0.0439168922603,
        "var": 0.00192869326565
    },
    "spectral_energyband_middle_high": {
        "dmean": 0.00263742404059,
        "dmean2": 0.00406384002417,
        "dvar": 2.83514164039e-05,
        "dvar2": 7.35193316359e-05,
        "max": 0.047935038805,
        "mean": 0.00533601781353,
        "median": 0.00316688185558,
        "min": 1.60952999481e-21,
        "stdev": 0.00674222316593,
        "var": 4.54575747426e-05
    },
    "spectral_energyband_middle_low": {
        "dmean": 0.00505604408681,
        "dmean2": 0.00760211562738,
        "dvar": 8.87776259333e-05,
        "dvar2": 0.000201028320589,
        "max": 0.12638066709,
        "mean": 0.0104902647436,
        "median": 0.00711996946484,
        "min": 3.1916072767e-22,
        "stdev": 0.0121825281531,
        "var": 0.000148413993884
    },
    "spectral_entropy": {
        "dmean": 0.225418746471,
        "dmean2": 0.312973171473,
        "dvar": 0.0590123571455,
        "dvar2": 0.113194309175,
        "max": 9.80398750305,
        "mean": 7.55428552628,
        "median": 7.59496259689,
        "min": 5.20370197296,
        "stdev": 0.564406692982,
        "var": 0.31855493784
    },
    "spectral_flux": {
        "dmean": 0.0388653799891,
        "dmean2": 0.0581847950816,
        "dvar": 0.00313565833494,
        "dvar2": 0.00614358857274,
        "max": 0.513552129269,
        "mean": 0.0919052511454,
        "median": 0.0722415223718,
        "min": 1.05400202455e-10,
        "stdev": 0.0801291242242,
        "var": 0.00642067706212
    },
    "spectral_kurtosis": {
        "dmean": 1.90891611576,
        "dmean2": 3.1988427639,
        "dvar": 13.1913108826,
        "dvar2": 35.3579940796,
        "max": 58.1455688477,
        "mean": 4.27133703232,
        "median": 3.24386358261,
        "min": -1.19862556458,
        "stdev": 5.30383682251,
        "var": 28.1306858063
    },
    "spectral_rms": {
        "dmean": 0.00106769544072,
        "dmean2": 0.00141692243051,
        "dvar": 2.50524931289e-06,
        "dvar2": 3.72759450329e-06,
        "max": 0.0165068600327,
        "mean": 0.00499061634764,
        "median": 0.0046815094538,
        "min": 3.29214910541e-12,
        "stdev": 0.0030776578933,
        "var": 9.47197804635e-06
    },
    "spectral_rolloff": {
        "dmean": 809.746826172,
        "dmean2": 1277.04797363,
        "dvar": 2417272.25,
        "dvar2": 4222269.5,
        "max": 18949.21875,
        "mean": 1954.94140625,
        "median": 1184.32617188,
        "min": 64.599609375,
        "stdev": 2443.61621094,
        "var": 5971260
    },
    "spectral_skewness": {
        "dmean": 0.264686405659,
        "dmean2": 0.41110008955,
        "dvar": 0.115273050964,
        "dvar2": 0.283444404602,
        "max": 5.77660226822,
        "mean": 1.46647703648,
        "median": 1.4537050724,
        "min": -0.0840659141541,
        "stdev": 0.605225026608,
        "var": 0.366297364235
    },
    "spectral_spread": {
        "dmean": 843394.5,
        "dmean2": 1188123.75,
        "dvar": 2.24137445376e+12,
        "dvar2": 3.53415174554e+12,
        "max": 41103908,
        "mean": 5355048.5,
        "median": 5169225.5,
        "min": 1022676.5,
        "stdev": 2535945.25,
        "var": 6.43101779558e+12
    },
    "spectral_strongpeak": {
        "dmean": 0.541274249554,
        "dmean2": 0.898548007011,
        "dvar": 0.848060250282,
        "dvar2": 2.2026822567,
        "max": 9.65153694153,
        "mean": 1.10114479065,
        "median": 0.596609711647,
        "min": 9.0581303569e-10,
        "stdev": 1.24961471558,
        "var": 1.56153678894
    },
    "zerocrossingrate": {
        "dmean": 0.0181669350713,
        "dmean2": 0.0193610507995,
        "dvar": 0.000921085418668,
        "dvar2": 0.00090903416276,
        "max": 0.49755859375,
        "mean": 0.0750993937254,
        "median": 0.06103515625,
        "min": 0.00244140625,
        "stdev": 0.0664262920618,
        "var": 0.0044124526903
    },
    "barkbands": {
        "dmean": [0.000407101935707, 0.00837059784681, 0.00355421472341, 0.00229781563394, 0.00103812315501, 0.00101835478563, 0.00124594150111, 0.000754444336053, 0.000369771238184, 0.000552247802261, 0.000481526745716, 0.000375252013328, 0.000404768681619, 0.000635151634924, 0.000419881049311, 0.000302918750094, 0.000234584018472, 0.000221422582399, 0.000219500056119, 0.000274772319244, 0.000260210683336, 0.000190107588423, 0.000168812926859, 0.000164927667356, 0.000171012201463, 6.74154434819e-05, 2.97507654068e-06],
        "dmean2": [0.000718239229172, 0.0120634566993, 0.00614143209532, 0.00375505373813, 0.00173147092573, 0.00156570796389, 0.00186637567822, 0.00109157862607, 0.000551437202375, 0.000777989567723, 0.000676538969856, 0.000589442788623, 0.000652906717733, 0.0010723778978, 0.000698095653206, 0.000507357122842, 0.00039082908188, 0.000364807987353, 0.000373803981347, 0.000467492063763, 0.000436022150097, 0.000309467257466, 0.000256600789726, 0.000258695537923, 0.000234623483266, 0.000101442514278, 4.8999208957e-06],
        "dvar": [2.01121270038e-06, 0.000723757199012, 0.000151876578457, 6.28268244327e-05, 7.63180742069e-06, 5.87528302276e-06, 6.36644381302e-06, 3.30086277245e-06, 9.98500468086e-07, 1.5625217884e-06, 1.09223446998e-06, 6.26548967375e-07, 1.14879469493e-06, 3.58529860023e-06, 7.01057729202e-07, 4.35702048662e-07, 2.65039972192e-07, 2.35243675206e-07, 1.99592264494e-07, 4.40912430122e-07, 7.09253924924e-07, 3.59421932217e-07, 1.71805041305e-07, 1.39323148574e-07, 1.80678014772e-07, 3.48998874244e-08, 9.84537659732e-11],
        "dvar2": [5.6398612287e-06, 0.00118979031686, 0.000423330115154, 0.000148852384882, 2.15326963371e-05, 1.36256994665e-05, 1.40267366078e-05, 6.75466844768e-06, 2.09130257645e-06, 2.86615295408e-06, 1.99335863726e-06, 1.41835823797e-06, 2.87406965072e-06, 1.00253264463e-05, 1.80149186235e-06, 1.12059342428e-06, 7.11123391284e-07, 5.86972646488e-07, 5.29427893525e-07, 1.16837622954e-06, 1.92728725779e-06, 8.96155029295e-07, 3.96685152282e-07, 3.06235989456e-07, 2.79103602452e-07, 6.17836590777e-08, 2.50136966695e-10],
        "max": [0.0107693606988, 0.253963023424, 0.128530964255, 0.102374762297, 0.0531847029924, 0.034530647099, 0.0316202417016, 0.0337618328631, 0.0195043329149, 0.0199855044484, 0.0174354184419, 0.01452078484, 0.0116191152483, 0.0213913209736, 0.00980333983898, 0.0090816617012, 0.00461291987449, 0.00462524779141, 0.00426032347605, 0.00602063722908, 0.00918592326343, 0.00898567028344, 0.00612967833877, 0.00459292996675, 0.00802351813763, 0.00291613466106, 0.000115642607852],
        "mean": [0.00038342399057, 0.0135826515034, 0.00406826706603, 0.00246387161314, 0.001654333435, 0.00167976692319, 0.00218467507511, 0.00152010121383, 0.000535796571057, 0.000845031056087, 0.00102602946572, 0.000574813398998, 0.000500213180203, 0.000699739903212, 0.000542789173778, 0.0003641222429, 0.000308468763251, 0.000280960201053, 0.000284760288196, 0.000301789055811, 0.000284480454866, 0.000246639596298, 0.000244724389631, 0.000265659735305, 0.000287618400762, 0.00010440502956, 2.56249813901e-06],
        "median": [2.26131783165e-06, 0.00174139207229, 0.00109082611743, 0.000448212231277, 0.000667340413202, 0.000307187321596, 0.000403609650675, 0.000213843028178, 0.000119704098324, 0.000170720755705, 0.000105105165858, 0.000114315276733, 9.51778274612e-05, 0.000178317859536, 0.000184120697668, 0.000121024320833, 8.3876082499e-05, 9.1915106168e-05, 0.000111341367301, 6.78300857544e-05, 6.48721543257e-05, 4.89353878947e-05, 5.66318594792e-05, 7.55078872317e-05, 4.67922181997e-05, 1.22250739878e-05, 6.95600164136e-08],
        "min": [1.53778967142e-23, 2.5451082494e-23, 6.85764200201e-24, 1.22780851421e-23, 9.78168526703e-23, 9.28645921666e-23, 1.26250766553e-23, 5.22546922536e-23, 4.53301122483e-23, 6.88737921824e-23, 6.84684249622e-23, 3.91225594743e-23, 1.74989215451e-22, 1.04224050362e-22, 1.03033450997e-22, 1.79343929596e-22, 2.0930716394e-22, 1.58824559357e-22, 2.13432792878e-22, 4.36629184651e-22, 5.24554131778e-22, 6.83573596576e-22, 8.45068595248e-22, 9.15785166505e-22, 1.1309834932e-21, 1.38998452703e-21, 2.56824393679e-21],
        "stdev": [0.00142929528374, 0.0374715365469, 0.0103192608804, 0.00763554265723, 0.00292726932094, 0.00372897367924, 0.00411697290838, 0.00373110873625, 0.00150963116903, 0.00202747387812, 0.00247112824582, 0.00143452396151, 0.00129928754177, 0.00172767066397, 0.000954750168603, 0.000686405284796, 0.000531292636879, 0.000517117849085, 0.000455622444861, 0.000637376215309, 0.000754940847401, 0.000715701899026, 0.000564015121199, 0.000542472873349, 0.000740263145417, 0.000306607806124, 9.52776190388e-06],
        "var": [2.04288517125e-06, 0.0014041159302, 0.000106487153971, 5.83015134907e-05, 8.56890619616e-06, 1.3905245396e-05, 1.69494651345e-05, 1.39211724672e-05, 2.27898613048e-06, 4.11065047956e-06, 6.10647475696e-06, 2.05785886465e-06, 1.68814824519e-06, 2.98484587802e-06, 9.11547829219e-07, 4.71152219461e-07, 2.82271884089e-07, 2.6741088277e-07, 2.07591810408e-07, 4.06248460649e-07, 5.69935650674e-07, 5.12229235028e-07, 3.18113052344e-07, 2.94276787827e-07, 5.4798954352e-07, 9.40083495493e-08, 9.07782460313e-11]
    },
    "erbbands": {
        "dmean": [0.277979642153, 2.05995845795, 4.27828836441, 6.40745925903, 4.83354043961, 3.28851103783, 3.12098670006, 9.51760482788, 16.4647750854, 19.595790863, 14.5862159729, 7.83822393417, 19.6870269775, 13.692738533, 17.1016750336, 16.2965049744, 17.8769874573, 36.0753364563, 19.6570549011, 21.4019470215, 13.0668897629, 11.9182310104, 10.5778608322, 11.6482076645, 12.0549402237, 13.2519483566, 12.5135736465, 7.34261608124, 6.90526866913, 5.88765621185, 4.91351652145, 4.01755619049, 2.52071285248, 1.92578053474, 1.2688035965, 0.437679082155, 0.0988187417388, 0.013234609738, 0.000337385921739, 2.50675930147e-05],
        "dmean2": [0.342122465372, 3.30938768387, 7.44829273224, 10.6377601624, 7.83678483963, 5.47344446182, 4.95690393448, 14.5978412628, 25.2757606506, 30.3764801025, 19.7206611633, 11.1976251602, 28.5002002716, 19.0826797485, 24.0173454285, 25.3497829437, 27.9666538239, 60.4387512207, 33.019947052, 35.0789222717, 21.4033489227, 19.8665142059, 17.3382949829, 19.3672370911, 20.7089500427, 22.6364269257, 21.3392333984, 11.8468608856, 11.2429332733, 9.09129238129, 7.61898612976, 6.43166780472, 3.87671899796, 2.70071029663, 1.78203296661, 0.654994428158, 0.145495578647, 0.020429758355, 0.000515033490956, 3.35690856446e-05],
        "dvar": [0.780598342419, 44.5363998413, 214.21321106, 418.619384766, 239.159805298, 62.6172294617, 53.1697654724, 568.646850586, 1124.95092773, 2709.89501953, 1590.47924805, 433.642211914, 2159.3605957, 1388.99401855, 1344.16711426, 1062.37243652, 2241.40258789, 12001.6845703, 2010.25634766, 1911.00866699, 853.02532959, 835.724914551, 656.76739502, 569.071777344, 731.027893066, 1009.34637451, 1596.85192871, 465.957763672, 455.039123535, 271.889526367, 141.244186401, 80.2017211914, 36.075176239, 20.1926708221, 12.3090581894, 1.58041906357, 0.0779534801841, 0.00131537090056, 9.02136321201e-07, 2.11786677085e-09],
        "dvar2": [1.03319001198, 95.9744110107, 597.119812012, 1076.29772949, 589.828491211, 168.227920532, 134.291656494, 1339.73352051, 2508.95092773, 6365.34570312, 2715.24853516, 822.006103516, 4713.61572266, 2157.7097168, 2484.39257812, 2425.24194336, 5281.76416016, 33450.140625, 5226.67529297, 4827.30419922, 2160.87207031, 2281.88623047, 1697.48388672, 1391.26135254, 2034.58825684, 2682.28515625, 4329.46435547, 1208.50720215, 1158.35253906, 637.96081543, 333.551361084, 184.676864624, 76.508392334, 36.9926643372, 18.7876777649, 2.80279827118, 0.138077557087, 0.00299860769883, 2.07406947084e-06, 3.66337316038e-09],
        "max": [8.21741294861, 63.4349708557, 138.886444092, 178.154632568, 270.1121521, 135.342636108, 109.394325256, 375.728881836, 425.898925781, 875.210083008, 915.690185547, 577.143310547, 625.453857422, 737.268920898, 888.742797852, 541.198364258, 626.72479248, 1254.78613281, 482.72354126, 650.180847168, 585.604797363, 296.504333496, 250.38319397, 306.636444092, 211.435531616, 282.873901367, 460.851959229, 269.202728271, 284.517791748, 275.802124023, 149.637298584, 100.097320557, 87.695892334, 58.5052947998, 78.4672241211, 20.9658718109, 4.96635866165, 0.502278983593, 0.0116857690737, 0.000545813352801],
        "mean": [0.409099191427, 2.94406294823, 5.01487064362, 7.29508256912, 6.46614408493, 5.33022022247, 5.05110692978, 15.6683702469, 25.9270267487, 39.1969223022, 31.8903865814, 13.1103792191, 28.3549461365, 25.4719734192, 38.9753265381, 26.3211669922, 24.4880771637, 41.8401985168, 25.3458156586, 28.8471336365, 17.7602767944, 15.6876859665, 14.1357431412, 15.2387905121, 15.0226154327, 14.6750850677, 13.4617738724, 8.82952785492, 8.7530002594, 8.12378883362, 6.97574615479, 6.10802173615, 4.08342027664, 3.1819729805, 2.03230237961, 0.68462562561, 0.153173297644, 0.0162530746311, 0.000421615084633, 6.05766654189e-05],
        "median": [0.0204511974007, 0.547550022602, 1.46831023693, 2.07773995399, 1.95724070072, 2.28307271004, 1.66637742519, 2.86327958107, 5.79702281952, 6.36679315567, 4.6907491684, 3.54879546165, 6.4862947464, 6.33608198166, 6.17041826248, 7.14284658432, 6.16135263443, 10.2439250946, 9.87219905853, 10.1169614792, 6.90161514282, 4.6783208847, 4.93182277679, 5.52372503281, 5.43897533417, 3.46962380409, 3.10272932053, 2.01078462601, 1.74648761749, 1.72551238537, 1.71862590313, 1.66943180561, 0.959447383881, 0.528866767883, 0.311351686716, 0.0853411406279, 0.0166121143848, 0.00142345111817, 5.47150557395e-05, 3.28037349391e-05],
        "min": [1.07410190139e-21, 4.44384326011e-21, 8.9651660402e-21, 3.46393125993e-20, 8.44227189391e-20, 4.09505145574e-19, 4.84504396793e-19, 1.05263954525e-18, 2.72714623719e-19, 5.90864003738e-19, 1.03290580757e-18, 1.10029404072e-18, 1.24133257447e-18, 2.80943457811e-18, 2.80150915387e-18, 2.61823446786e-18, 8.40396973508e-18, 5.37935859627e-18, 5.31487945393e-18, 8.15107580641e-18, 8.72346162924e-18, 1.32519901057e-17, 8.86610644433e-18, 8.71100511639e-18, 1.52882664098e-17, 1.97378082367e-17, 1.94605885806e-17, 2.13344223289e-17, 2.80857133243e-17, 1.68668314211e-17, 2.48857436179e-17, 2.17508630996e-17, 1.40795735552e-17, 1.30359214307e-17, 7.84381625915e-18, 4.65828581757e-18, 2.72647973641e-18, 1.41355881583e-18, 3.70500115874e-19, 3.25474600719e-20],
        "stdev": [1.30256700516, 7.9421787262, 12.4799537659, 18.5574989319, 15.5426073074, 9.15502166748, 9.47645378113, 37.6380767822, 49.631980896, 86.4056015015, 92.5069961548, 32.9040031433, 65.5388565063, 62.7087860107, 96.4326019287, 58.6436882019, 60.7473678589, 103.498535156, 46.0771789551, 52.9751625061, 31.1724357605, 27.7848472595, 25.5485286713, 26.0742416382, 26.0777702332, 30.2675075531, 35.1411476135, 22.1396503448, 24.6312408447, 21.6685523987, 15.8901119232, 12.131696701, 9.16393661499, 7.50358867645, 5.77122449875, 2.04608511925, 0.452217340469, 0.0455907769501, 0.00115444674157, 8.0176811025e-05],
        "var": [1.69668066502, 63.0782051086, 155.749252319, 344.380737305, 241.572647095, 83.8144302368, 89.8031768799, 1416.62487793, 2463.33349609, 7465.92822266, 8557.54492188, 1082.67346191, 4295.34179688, 3932.3918457, 9299.24707031, 3439.08203125, 3690.24291992, 10711.9462891, 2123.10644531, 2806.36791992, 971.720703125, 771.997741699, 652.727355957, 679.866027832, 680.050109863, 916.122009277, 1234.90014648, 490.164093018, 606.697998047, 469.526184082, 252.495651245, 147.17805481, 83.9777297974, 56.3038406372, 33.3070335388, 4.18646430969, 0.20450052619, 0.00207851896994, 1.33274716063e-06, 6.42832143072e-09]
    },
    "gfcc": {
        "mean": [-30.0720348358, 69.8594818115, -126.72013855, 25.9994163513, -61.2086410522, 15.7520599365, -44.0802612305, 8.03183841705, -25.2959136963, 4.99467372894, -14.9323396683, -3.32303833961, -11.7046012878],
        "cov": [[14104.1425781, -1991.17834473, 2556.11425781, 644.63861084, -773.696655273, 1601.83789062, -200.494506836, 1201.58349609, -260.615814209, 605.177612305, -280.769958496, 192.468307495, -557.282226562], [-1991.17834473, 3569.94726562, 571.200500488, 702.682250977, 1450.43725586, 6.15403604507, 857.328063965, -149.853408813, 341.843536377, -279.940826416, 195.663009644, -278.453552246, 234.513595581], [2556.11425781, 571.200500488, 2641.78735352, 842.061157227, 586.682434082, 942.348388672, 279.327728271, 494.281982422, 154.839050293, 155.653427124, -95.4580841064, -26.3406848907, -160.969436646], [644.63861084, 702.682250977, 842.061157227, 866.297790527, 645.209411621, 298.460540771, 282.959197998, 67.214881897, 54.4265594482, -7.33078050613, -33.3747406006, -49.5661430359, 60.3144340515], [-773.696655273, 1450.43725586, 586.682434082, 645.209411621, 1072.9564209, 223.53717041, 524.866821289, 13.9275970459, 160.502182007, -35.6531105042, 48.5477180481, -107.54410553, 133.167419434], [1601.83789062, 6.15403604507, 942.348388672, 298.460540771, 223.53717041, 729.755859375, 214.065811157, 301.184020996, 53.1602172852, 93.7607269287, -25.5799541473, -12.7354164124, -117.898483276], [-200.494506836, 857.328063965, 279.327728271, 282.959197998, 524.866821289, 214.065811157, 503.670471191, 56.9867286682, 120.927581787, -26.0174846649, 52.9677658081, -62.9461174011, 41.8603820801], [1201.58349609, -149.853408813, 494.281982422, 67.214881897, 13.9275970459, 301.184020996, 56.9867286682, 377.385681152, 72.2496795654, 125.686050415, 2.97669172287, 20.0030536652, -46.081325531], [-260.615814209, 341.843536377, 154.839050293, 54.4265594482, 160.502182007, 53.1602172852, 120.927581787, 72.2496795654, 215.248718262, 31.871805191, 41.5240974426, -12.6941194534, 28.3148002625], [605.177612305, -279.940826416, 155.653427124, -7.33078050613, -35.6531105042, 93.7607269287, -26.0174846649, 125.686050415, 31.871805191, 187.363769531, 30.2312297821, 46.3460235596, -4.19316911697], [-280.769958496, 195.663009644, -95.4580841064, -33.3747406006, 48.5477180481, -25.5799541473, 52.9677658081, 2.97669172287, 41.5240974426, 30.2312297821, 136.607192993, 34.3614883423, 50.5200195312], [192.468307495, -278.453552246, -26.3406848907, -49.5661430359, -107.54410553, -12.7354164124, -62.9461174011, 20.0030536652, -12.6941194534, 46.3460235596, 34.3614883423, 125.07849884, 22.6050758362], [-557.282226562, 234.513595581, -160.969436646, 60.3144340515, 133.167419434, -117.898483276, 41.8603820801, -46.081325531, 28.3148002625, -4.19316911697, 50.5200195312, 22.6050758362, 160.789138794]],
        "icov": [[0.00017581685097, -0.000141184078529, 3.3096428524e-05, -0.000277168495813, 0.000387999723898, -0.000211487160414, -2.20647598326e-05, -0.000315411569318, 0.000318979320582, -0.000464971468318, 0.000336413853802, -0.000270206219284, 0.000255309190834], [-0.000141184078529, 0.00153831462376, -0.000522827322129, 0.000467711710371, -0.00143055908848, 0.000914115342312, -0.000718397670425, 0.000398204487283, -0.000922413601074, 0.00212017772719, -0.00225586700253, 0.00200964487158, -0.000631626753602], [3.3096428524e-05, -0.000522827322129, 0.00125202408526, -0.000833346217405, 0.000147805098095, -0.00104834872764, 0.000713782035746, -0.000633496034425, -0.000144010511576, -0.000761239964049, 0.0010743936291, -0.0010079939384, 0.000994436210021], [-0.000277168495813, 0.000467711710371, -0.000833346217405, 0.00347377196886, -0.00223803822882, 0.000194085630937, -4.73581303595e-06, 0.000856737256981, 3.6618046579e-05, 0.00115711020771, 4.45018558821e-05, 0.000475834647659, -0.001594654168], [0.000387999723898, -0.00143055908848, 0.000147805098095, -0.00223803822882, 0.00530834076926, -0.000981885590591, -0.00179002969526, -0.000110966597276, 0.000667031737976, -0.00262249540538, 0.00185860181227, -0.000349772570189, -0.000984067912214], [-0.000211487160414, 0.000914115342312, -0.00104834872764, 0.000194085630937, -0.000981885590591, 0.00435556704178, -0.00163769524079, -0.00104444741737, -5.79998413741e-05, 0.00109546631575, -0.00156353169587, 0.000933508505113, 0.00134417996742], [-2.20647598326e-05, -0.000718397670425, 0.000713782035746, -4.73581303595e-06, -0.00179002969526, -0.00163769524079, 0.00551240239292, -0.000442407734226, -0.000708614825271, 0.000250145792961, -0.000292769720545, -0.000488460704219, 0.000699424825143], [-0.000315411569318, 0.000398204487283, -0.000633496034425, 0.000856737256981, -0.000110966597276, -0.00104444741737, -0.000442407734226, 0.00594463385642, -0.00168636266608, -0.00123324524611, -0.000565643131267, 0.00085409503663, -0.00116216298193], [0.000318979320582, -0.000922413601074, -0.000144010511576, 3.6618046579e-05, 0.000667031737976, -5.79998413741e-05, -0.000708614825271, -0.00168636266608, 0.00729340035468, -0.00224723760039, 0.00037422720925, -0.000613904499914, 2.49730710493e-05], [-0.000464971468318, 0.00212017772719, -0.000761239964049, 0.00115711020771, -0.00262249540538, 0.00109546631575, 0.000250145792961, -0.00123324524611, -0.00224723760039, 0.0113729340956, -0.00478782644495, 0.00101982825436, -0.0012900569709], [0.000336413853802, -0.00225586700253, 0.0010743936291, 4.45018558821e-05, 0.00185860181227, -0.00156353169587, -0.000292769720545, -0.000565643131267, 0.00037422720925, -0.00478782644495, 0.0139463646337, -0.00574863655493, -0.0010210799519], [-0.000270206219284, 0.00200964487158, -0.0010079939384, 0.000475834647659, -0.000349772570189, 0.000933508505113, -0.000488460704219, 0.00085409503663, -0.000613904499914, 0.00101982825436, -0.00574863655493, 0.0140895070508, -0.00374899571761], [0.000255309190834, -0.000631626753602, 0.000994436210021, -0.001594654168, -0.000984067912214, 0.00134417996742, 0.000699424825143, -0.00116216298193, 2.49730710493e-05, -0.0012900569709, -0.0010210799519, -0.00374899571761, 0.0117144975811]]
    },
    "melbands": {
        "dmean": [0.00236754608341, 0.00229567661881, 0.00102719198912, 0.000272306468105, 0.000106143706944, 0.000218266257434, 0.000257178384345, 0.00019624370907, 0.000105596533103, 5.33834208909e-05, 9.84840444289e-05, 5.4662446928e-05, 6.67997519486e-05, 4.17460141762e-05, 3.9254224248e-05, 5.08066441398e-05, 6.7069529905e-05, 3.06190995616e-05, 2.79650012089e-05, 2.68020849035e-05, 1.48007884491e-05, 1.33451621878e-05, 1.10640694402e-05, 1.07163468783e-05, 9.5638597486e-06, 8.90945193532e-06, 9.68664244283e-06, 8.65465699462e-06, 8.39472977532e-06, 6.50465381113e-06, 3.6608296341e-06, 3.83657743441e-06, 4.1011940084e-06, 3.05576304527e-06, 2.83477243102e-06, 2.85516694021e-06, 2.46101353696e-06, 1.82362134638e-06, 1.72749219018e-06, 1.71932924786e-06],
        "dmean2": [0.00298773241229, 0.00387974944897, 0.00167544977739, 0.000436965026893, 0.000172819578438, 0.000333333446179, 0.000393413327402, 0.000307768641505, 0.000142503849929, 7.83424402471e-05, 0.000142343182233, 7.5957927038e-05, 9.39675082918e-05, 6.39786449028e-05, 5.7547189499e-05, 8.19652195787e-05, 0.000112655863632, 5.09476230945e-05, 4.59041002614e-05, 4.44896613772e-05, 2.42865153268e-05, 2.26084102906e-05, 1.80984679901e-05, 1.79667313205e-05, 1.58813763846e-05, 1.54138269863e-05, 1.67867929122e-05, 1.48465042002e-05, 1.44058030855e-05, 1.09475804493e-05, 5.85622456128e-06, 6.23073628958e-06, 6.82310155753e-06, 4.69160204375e-06, 4.40539315605e-06, 4.52533186035e-06, 3.94825337935e-06, 2.83183999272e-06, 2.65264930022e-06, 2.43972363023e-06],
        "dvar": [5.35184553883e-05, 5.21945112268e-05, 1.02865978988e-05, 5.66506969335e-07, 5.34936290819e-08, 2.84740082179e-07, 2.49842315725e-07, 2.65160224444e-07, 8.77525678789e-08, 2.18840501276e-08, 5.30546166999e-08, 2.45208156002e-08, 2.13103099611e-08, 6.69698696498e-09, 8.34290503349e-09, 1.9261994666e-08, 3.99250552618e-08, 4.77786255004e-09, 3.20097925943e-09, 3.16728288041e-09, 1.02094110943e-09, 1.11012588011e-09, 7.13020753551e-10, 5.74214509275e-10, 4.06788852603e-10, 3.40297540147e-10, 6.93099300175e-10, 3.93992921621e-10, 7.22568338496e-10, 3.88315379851e-10, 1.13478164365e-10, 1.35431693637e-10, 1.82052956044e-10, 6.55577536701e-11, 4.86321122262e-11, 4.17279509557e-11, 2.98405918031e-11, 1.9119371017e-11, 1.91316355119e-11, 1.69092968794e-11],
        "dvar2": [6.91752939019e-05, 0.000139277224662, 2.57896517724e-05, 1.50424659751e-06, 1.36858247402e-07, 6.57396412862e-07, 5.53795644009e-07, 6.42357747438e-07, 1.48531000832e-07, 4.3771912317e-08, 1.15436961323e-07, 3.75210724712e-08, 3.74714730356e-08, 1.48995917826e-08, 1.59667514765e-08, 5.13003257652e-08, 1.1127997368e-07, 1.22052679075e-08, 8.22773671416e-09, 8.0744584352e-09, 2.63562260905e-09, 3.08214764821e-09, 1.84682302784e-09, 1.45612100155e-09, 9.95343918397e-10, 9.45073574954e-10, 1.91062410337e-09, 1.03938568863e-09, 1.95181271145e-09, 1.04322739336e-09, 2.86872831046e-10, 3.40062922266e-10, 4.66734983995e-10, 1.49036130659e-10, 1.19330476056e-10, 9.37147442981e-11, 7.09500583285e-11, 4.10454101263e-11, 4.17887009718e-11, 3.23518191403e-11],
        "max": [0.0676163062453, 0.0618056468666, 0.0344084575772, 0.0153855504468, 0.00307586765848, 0.00789688620716, 0.00558192143217, 0.00884095858783, 0.00664795003831, 0.00384844583459, 0.00305799185298, 0.00322775170207, 0.00248812651262, 0.00124847120605, 0.00213242601603, 0.00135808042251, 0.00229449081235, 0.000705933896825, 0.000798606022727, 0.000588592258282, 0.000649949302897, 0.000350588117726, 0.000330866401782, 0.000307537760818, 0.000266873452347, 0.000130801912746, 0.000286380876787, 0.000167323887581, 0.000316116143949, 0.00019183816039, 0.000165253048181, 0.000170995073859, 0.000177597132279, 0.000157011701958, 9.64045902947e-05, 6.33868621662e-05, 6.33538802504e-05, 6.5046515374e-05, 6.4322113758e-05, 6.44535248284e-05],
        "mean": [0.00376110523939, 0.00303648551926, 0.00120952958241, 0.000417616334744, 0.000177007503225, 0.00036119116703, 0.000420848809881, 0.000395242357627, 0.000224069604883, 8.01761707407e-05, 0.000139590367326, 9.51161855482e-05, 0.000146676669829, 6.63138052914e-05, 6.07703805144e-05, 6.07759175182e-05, 7.64060241636e-05, 3.73124712496e-05, 3.62354949175e-05, 3.44503023371e-05, 1.89540551219e-05, 1.65062883752e-05, 1.43649394886e-05, 1.33653429657e-05, 1.19714932225e-05, 1.12244579213e-05, 1.04583687062e-05, 9.33585306484e-06, 8.72579312272e-06, 6.96359893482e-06, 4.45441992269e-06, 4.76113473269e-06, 5.11735925102e-06, 4.24392464993e-06, 3.87998170481e-06, 4.15269960286e-06, 3.52252209268e-06, 2.81974098471e-06, 2.68722760666e-06, 2.70177565653e-06],
        "median": [0.000331112038111, 0.000997756491415, 0.000450063525932, 0.000174074841198, 6.50891161058e-05, 6.13583470113e-05, 9.82132623903e-05, 6.04490705882e-05, 2.35220468312e-05, 1.8338461814e-05, 3.03716897179e-05, 2.00556278287e-05, 1.70218718267e-05, 1.41428508869e-05, 1.2781393707e-05, 1.08653375719e-05, 1.76060711965e-05, 1.18366442621e-05, 1.33344783535e-05, 9.87091152638e-06, 6.40252028461e-06, 4.57956048194e-06, 3.77425249098e-06, 4.32198658018e-06, 3.82525649911e-06, 4.06760455007e-06, 2.54418728218e-06, 2.04295974982e-06, 1.88068327134e-06, 1.52185828028e-06, 9.38191135447e-07, 8.63534694417e-07, 9.06743196083e-07, 8.04431067536e-07, 9.37767026699e-07, 1.01204068415e-06, 9.28935833144e-07, 5.99276688718e-07, 4.53764641861e-07, 4.30329833989e-07],
        "min": [9.58653590967e-24, 5.49420005698e-24, 6.5304390646e-24, 1.50297723967e-23, 2.06482133131e-23, 2.10331095928e-23, 3.67339549176e-24, 8.56674544077e-24, 7.49543209958e-24, 6.84291318005e-24, 6.26467616437e-24, 1.12919743007e-23, 1.00890213736e-23, 4.07026668001e-24, 1.64295524305e-23, 1.32180823304e-23, 1.01872810991e-23, 8.06856242419e-24, 8.57422068671e-24, 1.27364141169e-23, 9.94507082451e-24, 1.36710147077e-23, 1.25268626837e-23, 4.48895105558e-24, 7.32278910161e-24, 7.43521440238e-24, 1.79887391651e-23, 1.1227204876e-23, 1.0589604894e-23, 1.56210741323e-23, 1.05405093467e-23, 1.75392619985e-23, 1.03269828434e-23, 9.25960986244e-24, 1.25736468686e-23, 1.78927600365e-23, 1.1928007605e-23, 8.53536297624e-24, 1.34633076314e-23, 9.66632761251e-24],
        "stdev": [0.0109566301107, 0.00708114774898, 0.0029802324716, 0.000786535092629, 0.000304171902826, 0.000838793232106, 0.000760979834013, 0.000840504653752, 0.000683622085489, 0.000224299918045, 0.000325643282849, 0.000263903697487, 0.000353604584234, 0.000143956742249, 0.000177865702426, 0.000154326771735, 0.000187246900168, 7.13990157237e-05, 6.48312707199e-05, 6.38338024146e-05, 3.40736041835e-05, 3.09947390633e-05, 2.68512812909e-05, 2.48643427767e-05, 2.17888882617e-05, 1.82027361006e-05, 2.38990378421e-05, 1.90883019968e-05, 2.36550604313e-05, 1.7864844267e-05, 1.16370374599e-05, 1.36086309794e-05, 1.53495548147e-05, 1.09470147436e-05, 9.1499005066e-06, 8.7400967459e-06, 7.16898330211e-06, 6.40519465378e-06, 6.60034947941e-06, 6.5466729211e-06],
        "var": [0.000120047741802, 5.01426511619e-05, 8.88178601599e-06, 6.18637443495e-07, 9.25205512203e-08, 7.03574073668e-07, 5.79090283281e-07, 7.06448076926e-07, 4.67339191346e-07, 5.03104544691e-08, 1.06043550829e-07, 6.9645167855e-08, 1.25036194731e-07, 2.07235419936e-08, 3.16362083197e-08, 2.38167530142e-08, 3.50614008937e-08, 5.09781949987e-09, 4.20309387295e-09, 4.07475475583e-09, 1.16101050995e-09, 9.60673762762e-10, 7.20991322201e-10, 6.18235573846e-10, 4.74755679214e-10, 3.3133959465e-10, 5.71164004981e-10, 3.6436328954e-10, 5.59561841307e-10, 3.19152648753e-10, 1.35420633041e-10, 1.8519484557e-10, 2.35608837995e-10, 1.19837126333e-10, 8.37206831639e-11, 7.63892837874e-11, 5.13943193559e-11, 4.10265189876e-11, 4.35646102526e-11, 4.2858928212e-11]
    },
    "melbands128": {
