{
"lowlevel": {
    "average_loudness": 0.983869791031,
    "barkbands_crest": {
        "dmean": 2.86551976204,
        "dmean2": 4.40519523621,
        "dvar": 7.94019031525,
        "dvar2": 17.4003181458,
        "max": 25.6201629639,
        "mean": 11.6109104156,
        "median": 10.2966508865,
        "min": 2.63138484955,
        "stdev": 5.18411874771,
        "var": 26.8750896454
    },
    "barkbands_flatness_db": {
        "dmean": 0.0253311805427,
        "dmean2": 0.0357682555914,
        "dvar": 0.000521438953001,
        "dvar2": 0.00111377064604,
        "max": 0.362162232399,
        "mean": 0.132174089551,
        "median": 0.123307228088,
        "min": 0.040538508445,
        "stdev": 0.0471448712051,
        "var": 0.00222263904288
    },
    "barkbands_kurtosis": {
        "dmean": 4.52783679962,
        "dmean2": 7.08397054672,
        "dvar": 97.6734771729,
        "dvar2": 248.431503296,
        "max": 173.994369507,
        "mean": 6.08346176147,
        "median": 2.19913983345,
        "min": -1.95180022717,
        "stdev": 13.0611581802,
        "var": 170.593856812
    },
    "barkbands_skewness": {
        "dmean": 0.68814021349,
        "dmean2": 0.988980293274,
        "dvar": 0.566963911057,
        "dvar2": 1.27765703201,
        "max": 12.2170238495,
        "mean": 1.9169896841,
        "median": 1.65435397625,
        "min": -1.82093703747,
        "stdev": 1.46743059158,
        "var": 2.15335249901
    },
    "barkbands_spread": {
        "dmean": 7.8230509758,
        "dmean2": 11.1907949448,
        "dvar": 81.6512985229,
        "dvar2": 137.585739136,
        "max": 115.971237183,
        "mean": 25.6900119781,
        "median": 22.6088123322,
        "min": 0.831799507141,
        "stdev": 17.0742740631,
        "var": 291.530853271
    },
    "dissonance": {
        "dmean": 0.0207744836807,
        "dmean2": 0.0349931903183,
        "dvar": 0.000634696276393,
        "dvar2": 0.00160238705575,
        "max": 0.499792218208,
        "mean": 0.464265376329,
        "median": 0.470739126205,
        "min": 0.0354011133313,
        "stdev": 0.0281012263149,
        "var": 0.000789678888395
    },
    "dynamic_complexity": 1.26962590218,
    "erbbands_crest": {
        "dmean": 2.63140916824,
        "dmean2": 4.34198904037,
        "dvar": 6.1960234642,
        "dvar2": 14.0087966919,
        "max": 28.8039340973,
        "mean": 8.45671367645,
        "median": 7.65703582764,
        "min": 2.24875330925,
        "stdev": 4.08783245087,
        "var": 16.7103748322
    },
    "erbbands_flatness_db": {
        "dmean": 0.0174898020923,
        "dmean2": 0.0259131323546,
        "dvar": 0.000273065030342,
        "dvar2": 0.000555684848223,
        "max": 0.276857942343,
        "mean": 0.126682281494,
        "median": 0.120442286134,
        "min": 0.0507767833769,
        "stdev": 0.0354762561619,
        "var": 0.00125856464729
    },
    "erbbands_kurtosis": {
        "dmean": 0.958383440971,
        "dmean2": 1.48836898804,
        "dvar": 1.30825805664,
        "dvar2": 2.90114736557,
        "max": 19.8213424683,
        "mean": 0.616126358509,
        "median": 0.086750626564,
        "min": -1.75547575951,
        "stdev": 2.01013422012,
        "var": 4.04063940048
    },
    "erbbands_skewness": {
        "dmean": 0.372843712568,
        "dmean2": 0.547540009022,
        "dvar": 0.117712683976,
        "dvar2": 0.243625327945,
        "max": 2.99109268188,
        "mean": 0.16717672348,
        "median": 0.188004851341,
        "min": -2.81834793091,
        "stdev": 0.6507178545,
        "var": 0.423433721066
    },
    "erbbands_spread": {
        "dmean": 11.9587936401,
        "dmean2": 18.2877426147,
        "dvar": 173.649108887,
        "dvar2": 369.139312744,
        "max": 144.638412476,
        "mean": 46.5776557922,
        "median": 42.5259017944,
        "min": 7.21859931946,
        "stdev": 24.3231430054,
        "var": 591.61529541
    },
    "hfc": {
        "dmean": 14.8156871796,
        "dmean2": 22.2852478027,
        "dvar": 314.380310059,
        "dvar2": 707.909179688,
        "max": 146.113052368,
        "mean": 37.9218101501,
        "median": 33.4189910889,
        "min": 1.14510198851e-16,
        "stdev": 25.4306182861,
        "var": 646.716369629
    },
    "loudness_ebu128": {
        "integrated": -9.51078128815,
        "loudness_range": 1.26235485077,
        "momentary": {
            "dmean": 0.360527813435,
            "dmean2": 0.412840157747,
            "dvar": 0.0808527246118,
            "dvar2": 0.129909172654,
            "max": -8.10597896576,
            "mean": -9.58704185486,
            "median": -9.48019790649,
            "min": -12.8855266571,
            "stdev": 0.836072087288,
            "var": 0.69901651144
        },
        "short_term": {
            "dmean": 0.0476596690714,
            "dmean2": 0.0584371425211,
            "dvar": 0.00130259688012,
            "dvar2": 0.00207531964406,
            "max": -8.81630420685,
            "mean": -9.47655296326,
            "median": -9.32052230835,
            "min": -10.7543439865,
            "stdev": 0.433040052652,
            "var": 0.187523692846
        }
    },
    "melbands_crest": {
        "dmean": 3.51324129105,
        "dmean2": 5.24140024185,
        "dvar": 10.1301670074,
        "dvar2": 20.042678833,
        "max": 35.9201927185,
        "mean": 16.5109767914,
        "median": 15.6735572815,
        "min": 3.379997015,
        "stdev": 6.32658863068,
        "var": 40.0257263184
    },
    "melbands_flatness_db": {
        "dmean": 0.0295404996723,
        "dmean2": 0.041915949434,
        "dvar": 0.000813501421362,
        "dvar2": 0.0015902017476,
        "max": 0.474765658379,
        "mean": 0.202166169882,
        "median": 0.193534165621,
        "min": 0.00868515390903,
        "stdev": 0.0608931221068,
        "var": 0.00370797235519
    },
    "melbands_kurtosis": {
        "dmean": 11.6120996475,
        "dmean2": 17.8439254761,
        "dvar": 517.027160645,
        "dvar2": 1372.5267334,
        "max": 453.002716064,
        "mean": 20.743314743,
        "median": 11.7526025772,
        "min": -1.29510200024,
        "stdev": 29.6318359375,
        "var": 878.045715332
    },
    "melbands_skewness": {
        "dmean": 0.966046690941,
        "dmean2": 1.40681278706,
        "dvar": 1.01543605328,
        "dvar2": 2.25531411171,
        "max": 14.5981492996,
        "mean": 3.38473510742,
        "median": 3.09761738777,
        "min": -0.280211061239,
        "stdev": 2.05757260323,
        "var": 4.23360490799
    },
    "melbands_spread": {
        "dmean": 6.88573455811,
        "dmean2": 9.84394550323,
        "dvar": 62.8192901611,
        "dvar2": 110.80266571,
        "max": 126.996986389,
        "mean": 22.1245174408,
        "median": 19.9412784576,
        "min": 0.678592741489,
        "stdev": 14.6147956848,
        "var": 213.592254639
    },
    "pitch_salience": {
        "dmean": 0.0835377722979,
        "dmean2": 0.127689227462,
        "dvar": 0.00575048988685,
        "dvar2": 0.013791997917,
        "max": 0.83053278923,
        "mean": 0.479672133923,
        "median": 0.497572094202,
        "min": 0.107833750546,
        "stdev": 0.136595860124,
        "var": 0.0186584293842
    },
    "silence_rate_20dB": {
        "dmean": 0,
        "dmean2": 0,
        "dvar": 0,
        "dvar2": 0,
        "max": 1,
        "mean": 1,
        "median": 1,
        "min": 1,
        "stdev": 0,
        "var": 0
    },
    "silence_rate_30dB": {
        "dmean": 0.0587780363858,
        "dmean2": 0.117647059262,
        "dvar": 0.0553237386048,
        "dvar2": 0.105353683233,
        "max": 1,
        "mean": 0.876352369785,
        "median": 1,
        "min": 0,
        "stdev": 0.329179406166,
        "var": 0.108359090984
    },
    "silence_rate_60dB": {
        "dmean": 0.00077339517884,
        "dmean2": 0.00154798757285,
        "dvar": 0.000772794999648,
        "dvar2": 0.00154557928909,
        "max": 1,
        "mean": 0.00154559500515,
        "median": 0,
        "min": 0,
        "stdev": 0.0392836034298,
        "var": 0.00154320150614
    },
    "spectral_centroid": {
        "dmean": 249.815841675,
        "dmean2": 358.603881836,
        "dvar": 138358.796875,
        "dvar2": 214188.140625,
        "max": 10820.8779297,
        "mean": 1268.88867188,
        "median": 1239.90161133,
        "min": 237.947814941,
        "stdev": 532.226013184,
        "var": 283264.53125
    },
    "spectral_complexity": {
        "dmean": 4.58236646652,
        "dmean2": 6.6006193161,
        "dvar": 26.3546295166,
        "dvar2": 46.149974823,
        "max": 62,
        "mean": 21.6468315125,
        "median": 21,
        "min": 0,
        "stdev": 8.37396812439,
        "var": 70.123336792
    },
    "spectral_decrease": {
        "dmean": 5.26097476694e-09,
        "dmean2": 7.68900410009e-09,
        "dvar": 5.71497497026e-17,
        "dvar2": 1.21748479197e-16,
        "max": -3.0723954152e-29,
        "mean": -1.49726382404e-08,
        "median": -1.13887335118e-08,
        "min": -6.75062210576e-08,
        "stdev": 1.17838565572e-08,
        "var": 1.3885927265e-16
    },
    "spectral_energy": {
        "dmean": 0.020547516644,
        "dmean2": 0.0300554633141,
        "dvar": 0.000832740333863,
        "dvar2": 0.00177556299604,
        "max": 0.258505046368,
        "mean": 0.0599498674273,
        "median": 0.0466175377369,
        "min": 1.05023648864e-20,
        "stdev": 0.0448409095407,
        "var": 0.00201070704497
    },
    "spectral_energyband_high": {
        "dmean": 0.00119622063357,
        "dmean2": 0.00180473085493,
        "dvar": 3.02092780657e-06,
        "dvar2": 6.43157090963e-06,
        "max": 0.0153904724866,
        "mean": 0.00192925124429,
        "median": 0.000957720621955,
        "min": 7.87067684282e-21,
        "stdev": 0.00253971619532,
        "var": 6.45015870759e-06
    },
    "spectral_energyband_low": {
        "dmean": 0.0167422667146,
        "dmean2": 0.0250114649534,
        "dvar": 0.000932462804485,
        "dvar2": 0.00206754286774,
        "max": 0.249297186732,
        "mean": 0.0342926941812,
        "median": 0.0180898290128,
        "min": 2.58829791065e-23,
        "stdev": 0.0451795570552,
        "var": 0.00204119225964
    },
    "spectral_energyband_middle_high": {
        "dmean": 0.00406880443916,
        "dmean2": 0.00587802380323,
        "dvar": 2.40379922616e-05,
        "dvar2": 5.28430864506e-05,
        "max": 0.0565917566419,
        "mean": 0.0105306738988,
        "median": 0.00744721386582,
        "min": 1.4389575169e-21,
        "stdev": 0.00952794589102,
        "var": 9.07817448024e-05
    },
    "spectral_energyband_middle_low": {
        "dmean": 0.00699866842479,
        "dmean2": 0.0116757638752,
        "dvar": 0.000101113619166,
        "dvar2": 0.000265261653112,
        "max": 0.0852565765381,
        "mean": 0.015996504575,
        "median": 0.0129359839484,
        "min": 3.88392271428e-22,
        "stdev": 0.0114076519385,
        "var": 0.000130134518258
    },
    "spectral_entropy": {
        "dmean": 0.188107311726,
        "dmean2": 0.272512435913,
        "dvar": 0.0375532358885,
        "dvar2": 0.0711180716753,
        "max": 9.78294658661,
        "mean": 7.75513792038,
        "median": 7.74328517914,
        "min": 5.96374988556,
        "stdev": 0.371788829565,
        "var": 0.138226941228
    },
    "spectral_flux": {
        "dmean": 0.0413429476321,
        "dmean2": 0.0624547973275,
        "dvar": 0.00249415659346,
        "dvar2": 0.00506961718202,
        "max": 0.471228569746,
        "mean": 0.127260610461,
        "median": 0.111855089664,
        "min": 1.02481044484e-10,
        "stdev": 0.0694894790649,
        "var": 0.00482878787443
    },
    "spectral_kurtosis": {
        "dmean": 1.15968930721,
        "dmean2": 1.78619086742,
        "dvar": 1.5394423008,
        "dvar2": 3.4170050621,
        "max": 16.1239185333,
        "mean": 3.07457613945,
        "median": 2.95981478691,
        "min": -1.16807043552,
        "stdev": 1.99254369736,
        "var": 3.97023034096
    },
    "spectral_rms": {
        "dmean": 0.0012009938946,
        "dmean2": 0.00170738890301,
        "dvar": 1.87313423794e-06,
        "dvar2": 3.6223045754e-06,
        "max": 0.0158808082342,
        "mean": 0.00724269635975,
        "median": 0.00674392469227,
        "min": 3.20097008795e-12,
        "stdev": 0.0024558075238,
        "var": 6.03099033469e-06
    },
    "spectral_rolloff": {
        "dmean": 621.366210938,
        "dmean2": 1001.41119385,
        "dvar": 1805755.75,
        "dvar2": 3307857.75,
        "max": 18432.421875,
        "mean": 1452.60852051,
        "median": 1012.06054688,
        "min": 64.599609375,
        "stdev": 1857.9465332,
        "var": 3451965.25
    },
    "spectral_skewness": {
        "dmean": 0.205625429749,
        "dmean2": 0.30406922102,
        "dvar": 0.0487966164947,
        "dvar2": 0.0993498936296,
        "max": 2.99932813644,
        "mean": 1.47008216381,
        "median": 1.4994058609,
        "min": -0.0303260609508,
        "stdev": 0.396430462599,
        "var": 0.157157108188
    },
    "spectral_spread": {
        "dmean": 1010699.5625,
        "dmean2": 1469532,
        "dvar": 1.73055213568e+12,
        "dvar2": 2.54412560794e+12,
        "max": 39461124,
        "mean": 6147543,
        "median": 5781796.5,
        "min": 2233024.25,
        "stdev": 2254552,
        "var": 5.08300519014e+12
    },
    "spectral_strongpeak": {
        "dmean": 0.606974005699,
        "dmean2": 1.04796087742,
        "dvar": 1.39093017578,
        "dvar2": 3.34876775742,
        "max": 9.04232120514,
        "mean": 1.03943455219,
        "median": 0.649034380913,
        "min": 0,
        "stdev": 1.34361958504,
        "var": 1.80531346798
    },
    "zerocrossingrate": {
        "dmean": 0.0149845322594,
        "dmean2": 0.0163710266352,
        "dvar": 0.000446455349447,
        "dvar2": 0.000484881253215,
        "max": 0.5107421875,
        "mean": 0.0632018595934,
        "median": 0.056640625,
        "min": 0.0009765625,
        "stdev": 0.0419052988291,
        "var": 0.001756054
    },
    "barkbands": {
        "dmean": [0.00124261458404, 0.0140527542681, 0.00474909506738, 0.00298313726671, 0.00266720005311, 0.00200052559376, 0.00121704523917, 0.000357739394531, 0.000852391938679, 0.00147638109047, 0.00096298038261, 0.00108818360604, 0.00082414643839, 0.00094105466269, 0.000584191118833, 0.000417271425249, 0.00028852201649, 0.000198481109692, 0.000171310253791, 0.000126595448819, 0.000149131315993, 0.000226068339543, 0.00020782907086, 0.000297495571431, 0.00029446388362, 0.000114428265078, 5.78898425374e-06],
        "dmean2": [0.00172626948915, 0.0218086373061, 0.00834536552429, 0.00508735515177, 0.00435958756134, 0.00333606125787, 0.00200301012956, 0.000600598286837, 0.00138974376023, 0.00226594367996, 0.00149508449249, 0.0017240983434, 0.0012892705854, 0.00143022672273, 0.000939116463996, 0.000632219482213, 0.000463355710963, 0.000313693686621, 0.000267844705377, 0.000192951585632, 0.000240663212026, 0.000372484268155, 0.000319356564432, 0.000451880769106, 0.00044459986384, 0.00017870197189, 9.90893749986e-06],
        "dvar": [6.45391401122e-06, 0.000942577142268, 0.000148253428051, 2.74318736047e-05, 1.76253215614e-05, 1.27605426314e-05, 4.95009271617e-06, 5.28740542904e-07, 4.17120827478e-06, 8.57713530422e-06, 4.61021636511e-06, 4.91494256494e-06, 2.8746346743e-06, 3.65278356185e-06, 1.24427242554e-06, 8.23151594886e-07, 2.70938130598e-07, 7.76302613303e-08, 4.81823185794e-08, 4.08846219102e-08, 7.8327168751e-08, 1.04915436339e-07, 9.69498117342e-08, 2.42523213956e-07, 2.27370506423e-07, 4.76456314402e-08, 4.98500685175e-10],
        "dvar2": [9.68161384662e-06, 0.00226099393331, 0.000415507529397, 7.43898344808e-05, 4.29457613791e-05, 3.34918113367e-05, 1.20652530313e-05, 1.40167890095e-06, 1.03673773992e-05, 1.88626327144e-05, 1.02542671812e-05, 1.13647429316e-05, 6.83280086378e-06, 8.8734414021e-06, 3.06697779706e-06, 1.97666145141e-06, 6.51955303965e-07, 1.81375853003e-07, 1.10175321311e-07, 8.61505782268e-08, 1.96600339564e-07, 2.68968506134e-07, 2.0121926525e-07, 4.80873154629e-07, 4.42169664439e-07, 1.04055281724e-07, 1.20679810589e-09],
        "max": [0.0240025985986, 0.231318950653, 0.0927522480488, 0.0479284077883, 0.0788106992841, 0.0374443419278, 0.0355517454445, 0.0109185166657, 0.0322105959058, 0.0466621369123, 0.037590559572, 0.0406377986073, 0.0197245627642, 0.0255307331681, 0.0132924271747, 0.013192160055, 0.00596492178738, 0.0027772479225, 0.00335629633628, 0.00217135576531, 0.00309136742726, 0.00261367228813, 0.00351723888889, 0.00696220668033, 0.00526857515797, 0.00240349606611, 0.000328109919792],
        "mean": [0.00178349076305, 0.0238027833402, 0.00601561600342, 0.00498803891242, 0.00486845569685, 0.00263572344556, 0.00161986984313, 0.000489622587338, 0.00121057708748, 0.00230459752493, 0.00136022595689, 0.00156247906853, 0.00122160406318, 0.00140746624675, 0.00084815180162, 0.000666537263896, 0.000442024407675, 0.000346893124515, 0.00032608472975, 0.000234267528867, 0.000268773525022, 0.000279466068605, 0.00031311190105, 0.000415857648477, 0.000387162115658, 0.000145199199324, 5.7877286963e-06],
        "median": [0.000170493090991, 0.00625756429508, 0.00260837865062, 0.00278808968142, 0.00334113230929, 0.00121275731362, 0.000747447018512, 0.000275238620816, 0.000534704653546, 0.000702659599483, 0.00034359030542, 0.00047790366807, 0.000367825734429, 0.000467145699076, 0.000281191722024, 0.000269365671556, 0.000208358105738, 0.000225006078836, 0.000241256057052, 0.000169040751643, 0.000185696408153, 0.000147956918227, 0.000132538873004, 0.000161903182743, 0.000137159629958, 4.40176845586e-05, 8.32480850477e-07],
        "min": [3.40068391024e-24, 1.2887975596e-23, 3.25292217687e-24, 1.00137671987e-23, 2.60141919185e-23, 3.90649221411e-23, 1.7420585764e-22, 3.16667510691e-23, 5.15839048932e-23, 8.46512753441e-23, 1.11393849358e-22, 3.74497988574e-23, 8.99580057624e-23, 1.235723345e-22, 8.84438535191e-23, 9.24213406903e-23, 2.02170661185e-22, 2.73597661641e-22, 2.29172044685e-22, 2.61737081133e-22, 6.2186619551e-22, 3.81346695937e-22, 6.84031918451e-22, 8.96378228982e-22, 1.23178875924e-21, 1.88098468109e-21, 2.20950240981e-21],
        "stdev": [0.003710570978, 0.0410843007267, 0.0103225354105, 0.00633193086833, 0.0054813916795, 0.00407600356266, 0.00264359614812, 0.000737112306524, 0.00220917933621, 0.0045851226896, 0.00308512104675, 0.00303393159993, 0.00227617681958, 0.00264462083578, 0.00156043749303, 0.00123161706142, 0.000726915895939, 0.000381064310204, 0.000303168751998, 0.000255671562627, 0.000316557998303, 0.000359052035492, 0.000461137562525, 0.000759952235967, 0.000718485272955, 0.000283563917037, 2.18230816245e-05],
        "var": [1.37683373396e-05, 0.00168791983742, 0.000106554740341, 4.00933458877e-05, 3.00456558762e-05, 1.66138033819e-05, 6.98860003467e-06, 5.43334522263e-07, 4.88047362524e-06, 2.10233520193e-05, 9.51797210291e-06, 9.20474121813e-06, 5.18098067914e-06, 6.99401880411e-06, 2.43496515395e-06, 1.51688061578e-06, 5.28406701505e-07, 1.4521000935e-07, 9.19112892461e-08, 6.53679421703e-08, 1.00208964682e-07, 1.28918372866e-07, 2.12647861986e-07, 5.77527430323e-07, 5.16221064117e-07, 8.04084905326e-08, 4.76246875269e-10]
    },
    "erbbands": {
        "dmean": [0.470742553473, 3.25590467453, 5.31131219864, 8.21014785767, 8.52678966522, 9.65891075134, 12.6864442825, 17.9452724457, 18.6330833435, 12.4957208633, 9.5187921524, 17.6324958801, 29.7639484406, 47.4335250854, 38.227809906, 36.7504425049, 37.5730247498, 29.9675502777, 44.820476532, 22.7021923065, 20.8358249664, 15.8169393539, 10.9735984802, 9.95997333527, 7.26024675369, 5.76000595093, 6.01058864594, 5.77400302887, 8.10779571533, 6.9985165596, 6.40413761139, 6.37814664841, 4.73707532883, 3.68737602234, 1.88191878796, 0.746223807335, 0.157071277499, 0.0217082127929, 0.000667987333145, 3.99847558583e-05],
        "dmean2": [0.646810293198, 4.88097047806, 8.66409778595, 14.2367200851, 14.3526830673, 15.9487409592, 20.614233017, 29.9544944763, 30.821598053, 20.5196990967, 15.8658828735, 28.7607154846, 47.8027572632, 72.9300689697, 58.8524703979, 57.9182548523, 59.2562408447, 46.1474571228, 70.9427337646, 35.3925209045, 32.3119544983, 25.2039108276, 17.2915096283, 15.524230957, 11.3859272003, 8.72714614868, 9.11248111725, 9.44992637634, 13.6106176376, 11.116435051, 9.7524433136, 9.97451210022, 7.14773893356, 5.62535142899, 2.87190818787, 1.16962742805, 0.242787480354, 0.0354863069952, 0.00110496825073, 6.10380375292e-05],
        "dvar": [0.799386620522, 60.02917099, 166.112960815, 259.697387695, 188.363723755, 304.02456665, 492.606933594, 1083.3918457, 1077.72473145, 693.3671875, 506.790252686, 1943.72717285, 2612.55249023, 10121.6523438, 5990.80322266, 5044.93212891, 5977.4296875, 2857.94628906, 7839.48583984, 1403.72009277, 2256.93994141, 844.010620117, 282.64654541, 173.065811157, 98.8129196167, 91.7946243286, 105.906059265, 135.389663696, 130.592910767, 103.148735046, 86.875579834, 106.654701233, 67.1816253662, 34.4894981384, 10.7632303238, 2.06205964088, 0.0939694792032, 0.00334452954121, 6.06367848377e-06, 3.67130859047e-09],
        "dvar2": [1.56380677223, 137.635238647, 417.113433838, 732.296630859, 504.787109375, 784.403076172, 1236.64672852, 2823.64282227, 2566.96362305, 1763.38037109, 1383.89697266, 4896.46142578, 6241.25878906, 21937.4433594, 13281.0947266, 12202.6074219, 14718.453125, 6704.81103516, 20149.5585938, 3236.36401367, 5296.44287109, 1964.92431641, 668.206726074, 392.219696045, 240.495910645, 197.196304321, 235.208633423, 354.151641846, 333.350738525, 246.886077881, 179.438446045, 212.674926758, 130.415313721, 68.5972366333, 21.4658679962, 4.44607162476, 0.208092138171, 0.00800785142928, 1.44673595059e-05, 8.31574453741e-09],
        "max": [8.49064540863, 59.4000244141, 97.2715682983, 138.479827881, 155.448059082, 366.726226807, 300.318939209, 367.448272705, 578.250671387, 325.320526123, 361.83795166, 783.532470703, 636.044494629, 1495.15625, 1190.29455566, 1167.95043945, 1017.43206787, 887.602783203, 979.49420166, 454.828369141, 647.866210938, 410.944824219, 179.745956421, 212.73550415, 96.3209457397, 106.031173706, 95.5443115234, 162.334838867, 83.3474349976, 81.1758956909, 108.873748779, 144.176544189, 124.904670715, 67.8369293213, 41.4846343994, 16.9002914429, 3.33902835846, 0.806796610355, 0.0376674979925, 0.000803873350378],
        "mean": [0.769000053406, 4.89821767807, 7.41259336472, 13.469874382, 15.1829118729, 16.1567745209, 18.9639549255, 22.8632850647, 24.4922409058, 16.6997432709, 14.136428833, 25.5028400421, 44.4550437927, 77.8495025635, 59.1582260132, 57.4133758545, 60.4926223755, 48.4961891174, 73.406867981, 38.8412857056, 33.5821228027, 26.539056778, 19.8787784576, 18.772644043, 14.7203168869, 10.9525699615, 10.9686088562, 10.0763902664, 9.93696498871, 8.83742618561, 9.59359550476, 8.99687767029, 6.69036483765, 4.88800191879, 2.40091466904, 0.908939123154, 0.208600074053, 0.0271922051907, 0.000810391735286, 9.87486127997e-05],
        "median": [0.226228430867, 0.853581428528, 3.41462802887, 8.7519569397, 10.526804924, 10.3848419189, 11.0688886642, 10.220287323, 11.4786224365, 8.50442504883, 8.86966323853, 12.1160955429, 20.4081230164, 26.2989940643, 19.0226516724, 22.5738830566, 22.2444076538, 21.7378787994, 23.0229187012, 20.9687042236, 14.3366861343, 13.2113733292, 11.8837928772, 14.3088359833, 11.4606208801, 8.05569267273, 7.23790550232, 6.98040246964, 5.58308506012, 3.57694864273, 4.13826465607, 3.67844009399, 2.48788976669, 1.83768320084, 0.801104664803, 0.243243038654, 0.074797488749, 0.00835068151355, 0.000228509408771, 7.47710000724e-05],
        "min": [2.12381474794e-22, 3.34268875606e-21, 4.30283966183e-21, 2.47381189946e-20, 3.1936373932e-20, 1.18899923525e-19, 1.12289057296e-19, 5.10286013824e-19, 2.10496248712e-18, 1.78460846397e-18, 8.39251245642e-19, 1.20043014754e-18, 3.21335038674e-18, 2.44342597542e-18, 3.82316716626e-18, 1.83656119671e-18, 4.1955014259e-18, 7.11300632386e-18, 5.1531350385e-18, 2.87832817659e-18, 7.36198189798e-18, 1.23022585494e-17, 1.35713198724e-17, 1.30500637376e-17, 1.29028404778e-17, 1.08183842117e-17, 1.84755273133e-17, 2.5662580364e-17, 1.45972364174e-17, 1.83441263642e-17, 1.91041035151e-17, 1.96009776742e-17, 1.46017792933e-17, 1.27164460801e-17, 9.04052161239e-18, 5.29558463897e-18, 4.11011363922e-18, 1.4449150615e-18, 2.98495051677e-19, 3.22359910283e-20],
        "stdev": [1.40088999271, 9.38733482361, 12.2623214722, 15.7749357224, 16.390171051, 20.048740387, 25.8350524902, 37.9272689819, 40.0387153625, 28.4928855896, 21.1740207672, 46.4607810974, 62.9626541138, 162.112136841, 111.120666504, 98.1978225708, 106.108772278, 73.7401580811, 128.993911743, 51.7843933105, 62.2158851624, 43.1890449524, 23.406955719, 17.3186588287, 13.3767843246, 11.8550624847, 12.8645467758, 12.4689493179, 12.358215332, 12.5425682068, 14.1425590515, 15.5032444, 12.8846101761, 8.85622215271, 4.70618772507, 1.90512025356, 0.386355787516, 0.061162199825, 0.0024242203217, 7.67903111409e-05],
        "var": [1.96249270439, 88.1220626831, 150.364532471, 248.848602295, 268.63772583, 401.952026367, 667.449890137, 1438.47766113, 1603.09887695, 811.844482422, 448.339172363, 2158.60424805, 3964.29589844, 26280.3457031, 12347.8017578, 9642.8125, 11259.0722656, 5437.61083984, 16639.4277344, 2681.62329102, 3870.81616211, 1865.29370117, 547.885559082, 299.935913086, 178.938369751, 140.542510986, 165.496551514, 155.474685669, 152.725494385, 157.31602478, 200.011978149, 240.350601196, 166.013168335, 78.4326629639, 22.1482028961, 3.62948322296, 0.149270802736, 0.00374081451446, 5.87684371567e-06, 5.89675241969e-09]
    },
    "gfcc": {
        "mean": [56.9220619202, 75.5107955933, -100.825119019, 33.1034812927, -55.1900672913, 28.6523647308, -43.468952179, 9.76126289368, -32.2996063232, 1.85148322582, -18.9803962708, 0.852967739105, -10.4477548599],
        "cov": [[3272.79931641, -429.023925781, -210.368713379, 38.5038604736, -111.934265137, 214.922546387, -58.3915977478, 114.365730286, 0.488758862019, 119.732154846, -18.6033668518, 111.475845337, -38.927028656], [-429.023925781, 796.924133301, -245.763626099, -29.3900718689, 220.200744629, -25.1856002808, 188.414001465, 21.6630420685, 79.2417678833, 21.3614253998, 149.038543701, -62.5878295898, 104.445426941], [-210.368713379, -245.763626099, 706.635803223, 135.643783569, -51.3117103577, 83.813873291, 4.70653438568, 127.65637207, 101.037567139, 33.4075965881, -50.5528373718, 76.8354568481, -43.0110244751], [38.5038604736, -29.3900718689, 135.643783569, 260.050323486, 55.2117843628, 39.3610496521, 12.5355014801, 55.9940414429, 92.3603668213, 14.8793430328, 9.69439315796, 29.9372310638, 18.9244613647], [-111.934265137, 220.200744629, -51.3117103577, 55.2117843628, 269.061798096, 77.631187439, 119.568443298, 86.37890625, 90.9710845947, 64.3741378784, 80.971862793, 3.77856993675, 55.2849845886], [214.922546387, -25.1856002808, 83.813873291, 39.3610496521, 77.631187439, 275.651885986, 129.209655762, 79.624382019, 60.2126731873, 55.0078315735, 70.4694519043, 22.656463623, 16.2184295654], [-58.3915977478, 188.414001465, 4.70653438568, 12.5355014801, 119.568443298, 129.209655762, 237.289123535, 103.476463318, 80.8744277954, 62.3766059875, 92.0046463013, 15.604798317, 46.0944671631], [114.365730286, 21.6630420685, 127.65637207, 55.9940414429, 86.37890625, 79.624382019, 103.476463318, 181.800125122, 123.200584412, 57.18409729, 36.0624809265, 54.3814544678, 38.9616775513], [0.488758862019, 79.2417678833, 101.037567139, 92.3603668213, 90.9710845947, 60.2126731873, 80.8744277954, 123.200584412, 184.941421509, 71.6664810181, 47.1997375488, 49.5464477539, 47.7806510925], [119.732154846, 21.3614253998, 33.4075965881, 14.8793430328, 64.3741378784, 55.0078315735, 62.3766059875, 57.18409729, 71.6664810181, 108.637313843, 73.4080047607, 28.3463535309, 24.8263168335], [-18.6033668518, 149.038543701, -50.5528373718, 9.69439315796, 80.971862793, 70.4694519043, 92.0046463013, 36.0624809265, 47.1997375488, 73.4080047607, 150.271392822, 28.0202083588, 52.294960022], [111.475845337, -62.5878295898, 76.8354568481, 29.9372310638, 3.77856993675, 22.656463623, 15.604798317, 54.3814544678, 49.5464477539, 28.3463535309, 28.0202083588, 86.5405883789, 26.1611194611], [-38.927028656, 104.445426941, -43.0110244751, 18.9244613647, 55.2849845886, 16.2184295654, 46.0944671631, 38.9616775513, 47.7806510925, 24.8263168335, 52.294960022, 26.1611194611, 88.2683944702]],
        "icov": [[0.000538228778169, -0.000144739096868, 0.000641076418106, -0.000388754822779, 0.000570099393371, -0.000768471276388, 0.000556304177735, -0.000931758375373, 0.000695753202308, -0.0013866815716, 0.000847634975798, -0.000940701458603, 0.000499278539792], [-0.000144739096868, 0.00365790701471, -0.000162521551829, 0.000973154674284, -0.00184897705913, 0.0021789544262, -0.00236314535141, 0.00139284378383, -0.00268061645329, 0.00367036997341, -0.00370153156109, 0.0037792569492, -0.00181139621418], [0.000641076418106, -0.000162521551829, 0.0030862390995, -0.00135470274836, 0.0014763585059, -0.00143903319258, 0.00078816479072, -0.00244769710116, 0.000564778398257, -0.00236054486595, 0.00202204054222, -0.00235735019669, 0.00213678367436], [-0.000388754822779, 0.000973154674284, -0.00135470274836, 0.00587374903262, -0.00188535545021, 0.000605190754868, -7.86192345004e-07, 0.00169130868744, -0.00398647831753, 0.00358855724335, -0.00190437375568, 0.00126782816369, -0.00101775361691], [0.000570099393371, -0.00184897705913, 0.0014763585059, -0.00188535545021, 0.00773525470868, -0.00200265226886, 0.000440911011538, -0.00325537542813, 0.00107189547271, -0.0042891423218, 0.00160102534574, -0.000324733380694, 6.65454062982e-05], [-0.000768471276388, 0.0021789544262, -0.00143903319258, 0.000605190754868, -0.00200265226886, 0.00759447971359, -0.00426749745384, 0.00132565316744, -0.00185936386697, 0.00338958925568, -0.00446465238929, 0.00322143407539, -0.000502397830132], [0.000556304177735, -0.00236314535141, 0.00078816479072, -7.86192345004e-07, 0.000440911011538, -0.00426749745384, 0.0106781255454, -0.00515919504687, 0.00170901184902, -0.00291855446994, -9.23652478377e-05, -0.000966764462646, 0.000871835218277], [-0.000931758375373, 0.00139284378383, -0.00244769710116, 0.00169130868744, -0.00325537542813, 0.00132565316744, -0.00515919504687, 0.0162318143994, -0.00752088986337, 0.00280687399209, 0.000167824255186, -0.00154592702165, -0.00264909444377], [0.000695753202308, -0.00268061645329, 0.000564778398257, -0.00398647831753, 0.00107189547271, -0.00185936386697, 0.00170901184902, -0.00752088986337, 0.0164692178369, -0.00923641584814, 0.00484241358936, -0.00474649108946, -0.00107311271131], [-0.0013866815716, 0.00367036997341, -0.00236054486595, 0.00358855724335, -0.0042891423218, 0.00338958925568, -0.00291855446994, 0.00280687399209, -0.00923641584814, 0.0250606015325, -0.0131667247042, 0.00475535308942, -0.000182920906809], [0.000847634975798, -0.00370153156109, 0.00202204054222, -0.00190437375568, 0.00160102534574, -0.00446465238929, -9.23652478377e-05, 0.000167824255186, 0.00484241358936, -0.0131667247042, 0.0196757130325, -0.00804484821856, -0.00225156196393], [-0.000940701458603, 0.0037792569492, -0.00235735019669, 0.00126782816369, -0.000324733380694, 0.00322143407539, -0.000966764462646, -0.00154592702165, -0.00474649108946, 0.00475535308942, -0.00804484821856, 0.0231632050127, -0.00637563411146], [0.000499278539792, -0.00181139621418, 0.00213678367436, -0.00101775361691, 6.65454062982e-05, -0.000502397830132, 0.000871835218277, -0.00264909444377, -0.00107311271131, -0.000182920906809, -0.00225156196393, -0.00637563411146, 0.0195726118982]]
    },
    "melbands": {
        "dmean": [0.00388714438304, 0.00297583127394, 0.00134131521918, 0.000617976649664, 0.000429700128734, 0.000394342379877, 0.000274425110547, 0.000118664691399, 9.05596607481e-05, 0.000115040202218, 0.000160166120622, 0.000207754710573, 0.000141125317896, 0.000109726817755, 0.000121206358017, 6.36717450107e-05, 6.18117701379e-05, 8.87640053406e-05, 3.67792745237e-05, 3.26189219777e-05, 2.40360059252e-05, 1.78203154064e-05, 1.30057978822e-05, 1.13449268611e-05, 8.63272998686e-06, 6.75625460644e-06, 5.00421083416e-06, 3.95812048737e-06, 4.05098899137e-06, 3.9145215851e-06, 3.18478873851e-06, 4.59196780866e-06, 4.90639422424e-06, 3.54873736796e-06, 3.84912209483e-06, 3.65007508663e-06, 4.23488836532e-06, 3.32342892762e-06, 3.49191577698e-06, 3.00697001876e-06],
        "dmean2": [0.00579249905422, 0.00453253416345, 0.00231330655515, 0.00101973931305, 0.000693573791068, 0.000655880954582, 0.000452014006441, 0.00019566170522, 0.000151511310833, 0.000187783007277, 0.000256332044955, 0.000319967017276, 0.000215067877434, 0.000168818121892, 0.000195784043171, 9.93292705971e-05, 9.47477019508e-05, 0.000137583425385, 5.78662657063e-05, 5.06247815792e-05, 3.78611330234e-05, 2.84601446765e-05, 2.04415264307e-05, 1.79564030987e-05, 1.34820074891e-05, 1.07267387648e-05, 8.03427428764e-06, 6.0771221797e-06, 6.16492889094e-06, 6.43084513285e-06, 5.24308325112e-06, 7.78504181653e-06, 8.10104847915e-06, 5.59832278668e-06, 6.01314877713e-06, 5.47646868654e-06, 6.81130632074e-06, 4.98801500726e-06, 5.44632212041e-06, 4.62579373561e-06],
        "dvar": [5.99864324613e-05, 4.43989920313e-05, 6.52509970678e-06, 8.77891523032e-07, 5.76200477553e-07, 4.98543784033e-07, 2.32134652833e-07, 6.07868528846e-08, 5.70373330788e-08, 7.53462927605e-08, 7.39217469459e-08, 1.97422338033e-07, 9.79976277904e-08, 6.54740830441e-08, 6.74110225418e-08, 1.76679773034e-08, 1.25119488104e-08, 3.36969421255e-08, 4.40822711667e-09, 5.5039999225e-09, 3.52690676664e-09, 1.08498887652e-09, 6.80997369606e-10, 2.91882434889e-10, 1.4858049513e-10, 8.54387532945e-11, 5.02021514637e-11, 4.68545723054e-11, 4.43205680489e-11, 5.37524989797e-11, 3.95384315566e-11, 3.9337456903e-11, 5.47832681996e-11, 2.70742386843e-11, 3.06598219035e-11, 3.6332856862e-11, 4.92721384526e-11, 3.82188308778e-11, 3.02454380985e-11, 2.54787319715e-11],
        "dvar2": [0.000133282635943, 9.69588581938e-05, 1.83718457265e-05, 2.21685263568e-06, 1.3835314121e-06, 1.29790373649e-06, 5.55339511266e-07, 1.55245857059e-07, 1.56472268031e-07, 1.857164591e-07, 1.75678565029e-07, 4.28080312531e-07, 2.20120355721e-07, 1.35204160756e-07, 1.7444656919e-07, 4.11604652584e-08, 2.94592457095e-08, 8.55388648802e-08, 1.03472519442e-08, 1.34435707011e-08, 8.1072935032e-09, 2.54518073284e-09, 1.65677715991e-09, 6.95057955635e-10, 3.54579976491e-10, 2.11889811252e-10, 1.2453661713e-10, 9.99854504746e-11, 9.38060185085e-11, 1.37367284214e-10, 1.02734418195e-10, 1.01437962197e-10, 1.40083125655e-10, 6.11573153231e-11, 6.53638532189e-11, 7.11133096853e-11, 1.06955756751e-10, 7.8264582315e-11, 6.05808597731e-11, 5.29072584354e-11],
        "max": [0.0593778714538, 0.0471627302468, 0.0218121837825, 0.0131342932582, 0.0128948623314, 0.00791220366955, 0.00839868746698, 0.00354843051173, 0.00421037944034, 0.00423807697371, 0.00347004272044, 0.00671984441578, 0.00529051898047, 0.00612607458606, 0.0040886006318, 0.00190012156963, 0.00166809919756, 0.00227743061259, 0.000919940765016, 0.00135608634446, 0.00078677298734, 0.000509892764967, 0.000459263595985, 0.000201665941859, 0.000214026571484, 0.000131047883769, 7.43551790947e-05, 7.43712953408e-05, 6.53133029118e-05, 7.20572570572e-05, 8.6801694124e-05, 4.43655626441e-05, 5.92398428125e-05, 4.63406468043e-05, 6.10184906691e-05, 9.47144435486e-05, 9.51643523877e-05, 0.000108848675154, 6.70656954753e-05, 5.82473694521e-05],
        "mean": [0.00683237332851, 0.00483524845913, 0.00234950217418, 0.00114148168359, 0.000677736417856, 0.000510310579557, 0.000362434017006, 0.000159106493811, 0.000130550761241, 0.000160306022735, 0.000235656203586, 0.000336670666002, 0.000208556375583, 0.000151777014253, 0.000189981365111, 9.28777080844e-05, 9.34326017159e-05, 0.000138207498821, 5.37689411431e-05, 5.12920123583e-05, 3.37486162607e-05, 2.71536300716e-05, 1.95417615032e-05, 1.87463119801e-05, 1.46136126205e-05, 1.26383729366e-05, 8.76958984009e-06, 6.71140287523e-06, 6.98118265063e-06, 6.32432374914e-06, 5.46437195226e-06, 5.62200557397e-06, 5.42309908269e-06, 4.60943238068e-06, 5.50770391783e-06, 5.57675912205e-06, 5.45160719412e-06, 4.62274601887e-06, 4.57406395071e-06, 3.96764744437e-06],
        "median": [0.00210126512684, 0.00215538660996, 0.0016675083898, 0.000811283942312, 0.000409193220548, 0.000235954517848, 0.000170030005393, 8.5439402028e-05, 7.70252518123e-05, 6.71088637318e-05, 0.000101269426523, 0.000112501060357, 5.91665157117e-05, 4.06842082157e-05, 5.52197379875e-05, 2.78164770862e-05, 3.58780016541e-05, 3.62915307051e-05, 2.15114523598e-05, 2.06151198654e-05, 1.22168503367e-05, 1.2993049495e-05, 1.00546913018e-05, 1.11993722385e-05, 1.07688883872e-05, 9.15256896405e-06, 6.26329756415e-06, 4.51829737358e-06, 4.35136826127e-06, 4.09360745834e-06, 3.58024499292e-06, 3.32061677e-06, 2.13518273995e-06, 1.84904115486e-06, 2.27939290198e-06, 2.5100662242e-06, 2.10028429137e-06, 1.70877706296e-06, 1.58344118972e-06, 1.50920925535e-06],
        "min": [3.31274800741e-24, 3.58013556668e-24, 4.03575440983e-24, 5.14037621946e-24, 4.5374821729e-24, 1.09281603286e-23, 3.38484247886e-23, 1.54684137699e-23, 6.84692611547e-24, 7.86729718599e-24, 1.57850720036e-23, 8.90430059984e-24, 1.40668572214e-23, 5.32974740736e-24, 5.58308456504e-24, 1.0512031468e-23, 1.38276035974e-23, 8.16610665284e-24, 5.08150431897e-24, 2.99197172258e-24, 9.93925060875e-24, 1.25449970182e-23, 1.04997307599e-23, 1.49451954636e-23, 9.60603497352e-24, 1.02701596147e-23, 8.77684749883e-24, 6.60156710255e-24, 8.16526730484e-24, 1.75729495146e-23, 1.37658168559e-23, 8.39674828228e-24, 6.89143522547e-24, 1.14143479263e-23, 1.03804084482e-23, 1.08973671432e-23, 1.28745405059e-23, 1.05611719803e-23, 9.72895843522e-24, 1.09266583375e-23],
        "stdev": [0.0116055691615, 0.00771681545302, 0.00253841839731, 0.0012255043257, 0.000901441730093, 0.000809674849734, 0.000584142224398, 0.00026735017309, 0.000221656722715, 0.000299150909996, 0.000342787621776, 0.000716142181773, 0.000443786935648, 0.000367631437257, 0.000362362072337, 0.00016666391457, 0.000153900473379, 0.000264337984845, 8.91313902684e-05, 9.77427625912e-05, 7.21683973097e-05, 4.86324606754e-05, 3.28202986566e-05, 2.32671754929e-05, 1.47332757479e-05, 1.30609769258e-05, 8.72676628205e-06, 8.20083459985e-06, 8.47615592647e-06, 8.01331952971e-06, 6.87873398419e-06, 6.7341347858e-06, 8.00311408966e-06, 6.74122975397e-06, 8.01491660241e-06, 9.34649051487e-06, 9.75616239884e-06, 9.34749550652e-06, 8.28819429444e-06, 7.35919320505e-06],
        "var": [0.000134689238621, 5.95492383582e-05, 6.44356759949e-06, 1.50186087922e-06, 8.12597193089e-07, 6.55573387576e-07, 3.41222119005e-07, 7.14761085874e-08, 4.91317031504e-08, 8.94912659533e-08, 1.17503354602e-07, 5.12859628543e-07, 1.96946857045e-07, 1.35152873781e-07, 1.31306265416e-07, 2.77768616996e-08, 2.36853558988e-08, 6.98745665773e-08, 7.94440424556e-09, 9.55364765076e-09, 5.20827780903e-09, 2.36511632501e-09, 1.07717201825e-09, 5.41361455664e-10, 2.17069404118e-10, 1.70589112281e-10, 7.61564492024e-11, 6.72536887292e-11, 7.18452242143e-11, 6.4213294404e-11, 4.73169836646e-11, 4.53485686502e-11, 6.40498418192e-11, 4.54441796693e-11, 6.42388919836e-11, 8.73568856141e-11, 9.51827019979e-11, 8.73756761388e-11, 6.86941614703e-11, 5.41577269142e-11]
    },
    "melbands128": {
