{
"lowlevel": {
    "average_loudness": 0.979281187057,
    "barkbands_crest": {
        "dmean": 2.82191157341,
        "dmean2": 4.36467456818,
        "dvar": 8.04820919037,
        "dvar2": 18.4697360992,
        "max": 25.5319862366,
        "mean": 14.5703907013,
        "median": 14.1725730896,
        "min": 2.29825377464,
        "stdev": 6.02551078796,
        "var": 36.3067779541
    },
    "barkbands_flatness_db": {
        "dmean": 0.0336467809975,
        "dmean2": 0.0466434396803,
        "dvar": 0.00123884750064,
        "dvar2": 0.00209584715776,
        "max": 0.454464554787,
        "mean": 0.205565929413,
        "median": 0.200320839882,
        "min": 0.0304271690547,
        "stdev": 0.0718791782856,
        "var": 0.00516661629081
    },
    "barkbands_kurtosis": {
        "dmean": 6.98501253128,
        "dmean2": 11.0176486969,
        "dvar": 201.514541626,
        "dvar2": 461.51184082,
        "max": 230.188461304,
        "mean": 12.4047451019,
        "median": 5.2403845787,
        "min": -1.88354146481,
        "stdev": 22.9733219147,
        "var": 527.77355957
    },
    "barkbands_skewness": {
        "dmean": 0.792859315872,
        "dmean2": 1.19401240349,
        "dvar": 0.841610610485,
        "dvar2": 1.79055869579,
        "max": 12.9418563843,
        "mean": 2.39474081993,
        "median": 1.93378829956,
        "min": -5.77692317963,
        "stdev": 1.9670945406,
        "var": 3.86946105957
    },
    "barkbands_spread": {
        "dmean": 5.84676218033,
        "dmean2": 8.76891422272,
        "dvar": 94.8229293823,
        "dvar2": 184.80368042,
        "max": 107.361251831,
        "mean": 13.7445545197,
        "median": 9.50526809692,
        "min": 0.448278278112,
        "stdev": 14.3150167465,
        "var": 204.919708252
    },
    "dissonance": {
        "dmean": 0.0337385423481,
        "dmean2": 0.05613688007,
        "dvar": 0.00092932372354,
        "dvar2": 0.00233486038633,
        "max": 0.499898165464,
        "mean": 0.434381365776,
        "median": 0.441895842552,
        "min": 0.144987374544,
        "stdev": 0.0431506931782,
        "var": 0.0018619823968
    },
    "dynamic_complexity": 2.38835167885,
    "erbbands_crest": {
        "dmean": 2.7324924469,
        "dmean2": 4.54025697708,
        "dvar": 6.19241285324,
        "dvar2": 15.9649419785,
        "max": 28.2942199707,
        "mean": 9.47963428497,
        "median": 8.57420349121,
        "min": 3.30547809601,
        "stdev": 3.86641287804,
        "var": 14.9491481781
    },
    "erbbands_flatness_db": {
        "dmean": 0.0251016579568,
        "dmean2": 0.0370503813028,
        "dvar": 0.000707765168045,
        "dvar2": 0.00130955339409,
        "max": 0.343869835138,
        "mean": 0.171919062734,
        "median": 0.171058133245,
        "min": 0.0585785657167,
        "stdev": 0.0491079576313,
        "var": 0.00241159135476
    },
    "erbbands_kurtosis": {
        "dmean": 1.33378326893,
        "dmean2": 2.09170007706,
        "dvar": 2.57901573181,
        "dvar2": 5.5894112587,
        "max": 28.2000675201,
        "mean": 1.59187555313,
        "median": 1.01266098022,
        "min": -1.86010837555,
        "stdev": 2.671677351,
        "var": 7.13785982132
    },
    "erbbands_skewness": {
        "dmean": 0.462021350861,
        "dmean2": 0.712999343872,
        "dvar": 0.225195109844,
        "dvar2": 0.454136192799,
        "max": 2.95484423637,
        "mean": 0.49186232686,
        "median": 0.540916621685,
        "min": -4.50848722458,
        "stdev": 0.833389759064,
        "var": 0.694538474083
    },
    "erbbands_spread": {
        "dmean": 11.198141098,
        "dmean2": 17.2351646423,
        "dvar": 206.896469116,
        "dvar2": 475.103027344,
        "max": 160.683273315,
        "mean": 32.6519889832,
        "median": 26.2469329834,
        "min": 5.42597961426,
        "stdev": 20.8619022369,
        "var": 435.218933105
    },
    "hfc": {
        "dmean": 9.48642539978,
        "dmean2": 14.1201381683,
        "dvar": 221.063690186,
        "dvar2": 495.603363037,
        "max": 154.399291992,
        "mean": 20.224237442,
        "median": 14.2146053314,
        "min": 1.19851628321e-16,
        "stdev": 19.8140144348,
        "var": 392.595153809
    },
    "loudness_ebu128": {
        "integrated": -7.23954582214,
        "loudness_range": 1.51139259338,
        "momentary": {
            "dmean": 0.636771559715,
            "dmean2": 0.982716917992,
            "dvar": 0.262189269066,
            "dvar2": 0.647552371025,
            "max": -4.98640346527,
            "mean": -7.43686676025,
            "median": -7.23028850555,
            "min": -14.4412746429,
            "stdev": 1.40780460835,
            "var": 1.9819136858
        },
        "short_term": {
            "dmean": 0.0852473601699,
            "dmean2": 0.13538248837,
            "dvar": 0.00327063770965,
            "dvar2": 0.00832300633192,
            "max": -6.01929283142,
            "mean": -7.2214345932,
            "median": -7.06740474701,
            "min": -9.82673454285,
            "stdev": 0.689702451229,
            "var": 0.47568950057
        }
    },
    "melbands_crest": {
        "dmean": 3.03935599327,
        "dmean2": 4.68547344208,
        "dvar": 9.95112991333,
        "dvar2": 24.9258995056,
        "max": 33.4466819763,
        "mean": 17.5858135223,
        "median": 17.5975608826,
        "min": 2.39657020569,
        "stdev": 6.37885522842,
        "var": 40.6897926331
    },
    "melbands_flatness_db": {
        "dmean": 0.0417649783194,
        "dmean2": 0.0567215681076,
        "dvar": 0.00207078945823,
        "dvar2": 0.00341200572439,
        "max": 0.581550955772,
        "mean": 0.29441973567,
        "median": 0.292622894049,
        "min": 0.00898838974535,
        "stdev": 0.0956590250134,
        "var": 0.00915064848959
    },
    "melbands_kurtosis": {
        "dmean": 13.2824716568,
        "dmean2": 20.5460929871,
        "dvar": 624.860717773,
        "dvar2": 1361.15930176,
        "max": 448.867004395,
        "mean": 24.9675750732,
        "median": 9.98729324341,
        "min": -1.79229533672,
        "stdev": 41.7257804871,
        "var": 1741.04077148
    },
    "melbands_skewness": {
        "dmean": 0.984443426132,
        "dmean2": 1.48060786724,
        "dvar": 1.25844538212,
        "dvar2": 2.76182937622,
        "max": 15.0269956589,
        "mean": 3.32180213928,
        "median": 2.649766922,
        "min": -3.25234103203,
        "stdev": 2.37940001488,
        "var": 5.66154432297
    },
    "melbands_spread": {
        "dmean": 7.09006881714,
        "dmean2": 10.7291946411,
        "dvar": 280.8309021,
        "dvar2": 548.119445801,
        "max": 216.349960327,
        "mean": 14.5094394684,
        "median": 9.73214149475,
        "min": 0.518761575222,
        "stdev": 21.4832611084,
        "var": 461.530487061
    },
    "pitch_salience": {
        "dmean": 0.0788204148412,
        "dmean2": 0.12461964041,
        "dvar": 0.00620977301151,
        "dvar2": 0.015394480899,
        "max": 0.828642129898,
        "mean": 0.44932115078,
        "median": 0.451635122299,
        "min": 0.117944769561,
        "stdev": 0.159813672304,
        "var": 0.0255404114723
    },
    "silence_rate_20dB": {
        "dmean": 0,
        "dmean2": 0,
        "dvar": 0,
        "dvar2": 0,
        "max": 1,
        "mean": 1,
        "median": 1,
        "min": 1,
        "stdev": 0,
        "var": 0
    },
    "silence_rate_30dB": {
        "dmean": 0.0464037135243,
        "dmean2": 0.0928792580962,
        "dvar": 0.0442498959601,
        "dvar2": 0.0997329950333,
        "max": 1,
        "mean": 0.929675400257,
        "median": 1,
        "min": 0,
        "stdev": 0.255692213774,
        "var": 0.0653785020113
    },
    "silence_rate_60dB": {
        "dmean": 0.0208816714585,
        "dmean2": 0.0417956672609,
        "dvar": 0.0204458832741,
        "dvar2": 0.0477889701724,
        "max": 1,
        "mean": 0.0285935085267,
        "median": 0,
        "min": 0,
        "stdev": 0.166661590338,
        "var": 0.0277760848403
    },
    "spectral_centroid": {
        "dmean": 276.984893799,
        "dmean2": 407.128662109,
        "dvar": 281637.15625,
        "dvar2": 438437.84375,
        "max": 11600.5087891,
        "mean": 853.272521973,
        "median": 642.687683105,
        "min": 151.74118042,
        "stdev": 775.379882812,
        "var": 601213.9375
    },
    "spectral_complexity": {
        "dmean": 3.39907193184,
        "dmean2": 5.14009284973,
        "dvar": 21.3550434113,
        "dvar2": 41.9548301697,
        "max": 52,
        "mean": 12.7874803543,
        "median": 12,
        "min": 0,
        "stdev": 6.55771446228,
        "var": 43.0036201477
    },
    "spectral_decrease": {
        "dmean": 3.99572552823e-09,
        "dmean2": 5.85101211925e-09,
        "dvar": 4.16441994895e-17,
        "dvar2": 9.47833639921e-17,
        "max": 8.23957728451e-29,
        "mean": -1.37850948434e-08,
        "median": -1.24051542372e-08,
        "min": -6.08610264408e-08,
        "stdev": 1.0259801897e-08,
        "var": 1.0526354383e-16
    },
    "spectral_energy": {
        "dmean": 0.015602924861,
        "dmean2": 0.0228831414133,
        "dvar": 0.000613514275756,
        "dvar2": 0.00139139103703,
        "max": 0.23224042356,
        "mean": 0.0538625568151,
        "median": 0.0492964684963,
        "min": 1.05599258326e-20,
        "stdev": 0.0391969531775,
        "var": 0.00153640110511
    },
    "spectral_energyband_high": {
        "dmean": 0.000628052046522,
        "dmean2": 0.000983181991614,
        "dvar": 2.21976097237e-06,
        "dvar2": 4.7762896429e-06,
        "max": 0.015902204439,
        "mean": 0.000811018573586,
        "median": 0.000152814696776,
        "min": 7.31662415995e-21,
        "stdev": 0.00196763151325,
        "var": 3.8715734263e-06
    },
    "spectral_energyband_low": {
        "dmean": 0.0108996694908,
        "dmean2": 0.0166514907032,
        "dvar": 0.000519371824339,
        "dvar2": 0.00136191560887,
        "max": 0.212705329061,
        "mean": 0.0346018522978,
        "median": 0.0275410450995,
        "min": 5.95024717272e-23,
        "stdev": 0.0350013226271,
        "var": 0.00122509256471
    },
    "spectral_energyband_middle_high": {
        "dmean": 0.00218633143231,
        "dmean2": 0.00323200272396,
        "dvar": 9.3627422757e-06,
        "dvar2": 2.21040882025e-05,
        "max": 0.038088042289,
        "mean": 0.00455052079633,
        "median": 0.0028534932062,
        "min": 1.36539337234e-21,
        "stdev": 0.00486032199115,
        "var": 2.36227278947e-05
    },
    "spectral_energyband_middle_low": {
        "dmean": 0.00855460483581,
        "dmean2": 0.0132369697094,
        "dvar": 0.000211057005799,
        "dvar2": 0.000554982689209,
        "max": 0.132548689842,
        "mean": 0.0151830036193,
        "median": 0.010699974373,
        "min": 4.76548323246e-22,
        "stdev": 0.0155959716067,
        "var": 0.00024323433172
    },
    "spectral_entropy": {
        "dmean": 0.314253360033,
        "dmean2": 0.452181220055,
        "dvar": 0.130586057901,
        "dvar2": 0.221147328615,
        "max": 9.79539012909,
        "mean": 7.14035272598,
        "median": 7.05855512619,
        "min": 5.64319181442,
        "stdev": 0.612618923187,
        "var": 0.37530195713
    },
    "spectral_flux": {
        "dmean": 0.0420360863209,
        "dmean2": 0.0630932152271,
        "dvar": 0.00251399585977,
        "dvar2": 0.00432013301179,
        "max": 0.448721975088,
        "mean": 0.0973661020398,
        "median": 0.0706717818975,
        "min": 1.02761500698e-10,
        "stdev": 0.0744813680649,
        "var": 0.0055474746041
    },
    "spectral_kurtosis": {
        "dmean": 3.73849487305,
        "dmean2": 5.77390670776,
        "dvar": 29.72838974,
        "dvar2": 69.5615234375,
        "max": 73.9053726196,
        "mean": 8.11748409271,
        "median": 6.89501094818,
        "min": -1.18576180935,
        "stdev": 7.18247842789,
        "var": 51.5879974365
    },
    "spectral_rms": {
        "dmean": 0.00106556178071,
        "dmean2": 0.00149348773994,
        "dvar": 1.9828346467e-06,
        "dvar2": 3.88503394788e-06,
        "max": 0.0150524424389,
        "mean": 0.00671480083838,
        "median": 0.00693499203771,
        "min": 3.20973000782e-12,
        "stdev": 0.00273134396411,
        "var": 7.4602398854e-06
    },
    "spectral_rolloff": {
        "dmean": 518.579406738,
        "dmean2": 865.179016113,
        "dvar": 2381350.25,
        "dvar2": 4764917,
        "max": 19379.8828125,
        "mean": 1003.39141846,
        "median": 538.330078125,
        "min": 64.599609375,
        "stdev": 1914.69042969,
        "var": 3666039.5
    },
    "spectral_skewness": {
        "dmean": 0.480078458786,
        "dmean2": 0.70460408926,
        "dvar": 0.305037140846,
        "dvar2": 0.607606232166,
        "max": 7.48794651031,
        "mean": 2.22652077675,
        "median": 2.26778125763,
        "min": -0.262043446302,
        "stdev": 0.883501112461,
        "var": 0.780574262142
    },
    "spectral_spread": {
        "dmean": 1144272.375,
        "dmean2": 1700995.125,
        "dvar": 3.2922182615e+12,
        "dvar2": 5.16039429325e+12,
        "max": 38942488,
        "mean": 4808185.5,
        "median": 4097597.5,
        "min": 1132706.625,
        "stdev": 2517074.5,
        "var": 6.33566448845e+12
    },
    "spectral_strongpeak": {
        "dmean": 0.280650496483,
        "dmean2": 0.447765946388,
        "dvar": 0.253719002008,
        "dvar2": 0.601899623871,
        "max": 6.5557923317,
        "mean": 0.784271597862,
        "median": 0.614490807056,
        "min": 2.60157717591e-09,
        "stdev": 0.739055514336,
        "var": 0.546203017235
    },
    "zerocrossingrate": {
        "dmean": 0.0135842636228,
        "dmean2": 0.0150305209681,
        "dvar": 0.000701852201018,
        "dvar2": 0.000739925715607,
        "max": 0.49560546875,
        "mean": 0.0391141958535,
        "median": 0.02490234375,
        "min": 0.00244140625,
        "stdev": 0.0506840273738,
        "var": 0.00256887055002
    },
    "barkbands": {
        "dmean": [0.000406684703194, 0.00810537580401, 0.00447218073532, 0.00236834702082, 0.00298842554912, 0.00173396780156, 0.00200114957988, 0.000894716591574, 0.00131513574161, 0.000554900732823, 0.000661053578369, 0.000733418855816, 0.00035599002149, 0.000273629935691, 0.000120709453768, 0.000117806113849, 0.000103388119896, 0.00012308897567, 0.000107031446532, 9.64914870565e-05, 5.59317923035e-05, 0.000147106780787, 0.000200836977456, 0.000120088930998, 8.41981673148e-05, 4.99362395203e-05, 3.69102644981e-06],
        "dmean2": [0.000690229877364, 0.0122256847098, 0.00736978836358, 0.00423305807635, 0.00509835639969, 0.00276226643473, 0.0031130251009, 0.00134004151914, 0.00204380764626, 0.00087889819406, 0.0010076216422, 0.00111386866774, 0.0005473124329, 0.000403512880439, 0.000181592287845, 0.000191639803234, 0.000167520614923, 0.00020829969435, 0.000179657101398, 0.000165980090969, 8.56826882227e-05, 0.000245007744525, 0.000322200736264, 0.000174287284608, 0.000130283922772, 8.04833034636e-05, 6.15740509602e-06],
        "dvar": [2.0964266696e-06, 0.000409682863392, 0.000123933830764, 6.07514593867e-05, 3.18353850162e-05, 1.11474055302e-05, 1.14711092465e-05, 3.07923687615e-06, 7.48839738662e-06, 1.026098289e-06, 2.15178806684e-06, 1.75736181518e-06, 6.08814616498e-07, 3.46105707649e-07, 6.78268676779e-08, 8.78257466752e-08, 6.22057214628e-08, 2.24986266062e-07, 7.82206441841e-08, 1.3991449066e-07, 4.59751667847e-08, 1.38210396017e-07, 2.05112428375e-07, 7.93975090119e-08, 6.26228384704e-08, 1.4801521786e-08, 7.73724487257e-11],
        "dvar2": [6.54820769341e-06, 0.0011168391211, 0.000330745009705, 0.000176663961611, 8.88393260539e-05, 2.82833843812e-05, 2.58665913861e-05, 6.72141186442e-06, 1.80455535883e-05, 2.37354970523e-06, 6.02235968472e-06, 4.21761524194e-06, 1.43776810546e-06, 7.34693344384e-07, 1.42885284049e-07, 2.24663466497e-07, 1.48200584249e-07, 5.85182817758e-07, 1.76476788738e-07, 3.52543651161e-07, 9.03814338926e-08, 3.35635917281e-07, 4.82509904032e-07, 1.339053739e-07, 1.26391043409e-07, 3.77086344372e-08, 1.84345788634e-10],
        "max": [0.0229395702481, 0.20661456883, 0.0978738814592, 0.0701214447618, 0.0526274554431, 0.0373653247952, 0.0377004183829, 0.0221797209233, 0.0475354939699, 0.0150501448661, 0.0301608089358, 0.0118883000687, 0.0154068153352, 0.00857567507774, 0.00497328722849, 0.00434952462092, 0.00350326113403, 0.00662367464975, 0.00361266033724, 0.00538463005796, 0.00322567578405, 0.00368500105105, 0.00385415204801, 0.00434592133388, 0.00375634245574, 0.00133174902294, 0.00011002656538],
        "mean": [0.000610200979281, 0.0280852746218, 0.00468594813719, 0.00253824563697, 0.00426916778088, 0.00223064795136, 0.00285456492566, 0.00141842383891, 0.00175024871714, 0.000935209798627, 0.00109817017801, 0.000957579410169, 0.000539371627383, 0.000409115396906, 0.000173370950506, 0.000122117620776, 0.000102344973129, 0.000114500624477, 0.000105791528767, 8.29114142107e-05, 6.43826861051e-05, 0.000137168171932, 0.000227638476645, 0.000179178983672, 0.000110719935037, 5.66826929571e-05, 3.55076781489e-06],
        "median": [0.000175979803316, 0.0179479308426, 0.00147680018563, 0.000921527098399, 0.00262558506802, 0.000604200409725, 0.00115734012797, 0.00030170410173, 0.000535867584404, 0.000342193117831, 0.000318820180837, 0.00034898892045, 0.000130443397211, 0.000100636105344, 5.1763094234e-05, 2.42681890086e-05, 1.7585392925e-05, 2.53749021795e-05, 2.97411133943e-05, 2.05081796594e-05, 1.37496863317e-05, 9.1791334853e-06, 2.74413614534e-05, 2.07323137147e-05, 1.09233151306e-05, 6.52330891171e-06, 1.48570421743e-07],
        "min": [6.22812074445e-24, 2.72262940544e-23, 2.27211394014e-23, 7.82160636236e-24, 1.15017939465e-22, 5.04042801609e-23, 1.30106198009e-22, 9.46890633574e-23, 6.0219211813e-23, 1.46276584389e-22, 3.66920506263e-23, 2.67227609831e-23, 6.57946282556e-23, 1.10275471786e-22, 1.57445845065e-22, 7.86939429383e-23, 1.09481044678e-22, 2.03311518137e-22, 2.51200095628e-22, 3.39333933122e-22, 4.16050189149e-22, 6.35578743744e-22, 6.19540204421e-22, 7.70284934843e-22, 1.03965273693e-21, 1.44879967372e-21, 2.62961282186e-21],
        "stdev": [0.00140852387995, 0.0322068892419, 0.0101195769385, 0.00618950929493, 0.00560545315966, 0.00397854810581, 0.00448056217283, 0.00265716668218, 0.00315399817191, 0.00166843063198, 0.00213697412983, 0.0015127529623, 0.00101341924164, 0.000850700133014, 0.000370982888853, 0.000297565129586, 0.000259346532403, 0.000412839552155, 0.000285992748104, 0.000339931168128, 0.000234252118389, 0.000376603216864, 0.000541091780178, 0.000547752832063, 0.000364843406714, 0.000141451775562, 1.027378039e-05],
        "var": [1.98393945539e-06, 0.00103728380054, 0.000102405836515, 3.83100232284e-05, 3.14211065415e-05, 1.58288457897e-05, 2.00754366233e-05, 7.06053424437e-06, 9.94770471152e-06, 2.78366087514e-06, 4.5666583901e-06, 2.28842168326e-06, 1.02701858395e-06, 7.23690675386e-07, 1.37628305197e-07, 8.85450077703e-08, 6.72606219609e-08, 1.70436507574e-07, 8.17918461848e-08, 1.15553191904e-07, 5.48740572981e-08, 1.41829985978e-07, 2.9278029956e-07, 3.00033150324e-07, 1.33110702905e-07, 2.0008604551e-08, 1.05550554408e-10]
    },
    "erbbands": {
        "dmean": [0.212261065841, 1.9953507185, 4.82008838654, 6.91402626038, 10.0257034302, 9.7598733902, 8.31907844543, 17.6240501404, 29.7670688629, 19.8593673706, 19.2491035461, 29.1877727509, 21.9874706268, 23.0284576416, 24.4032459259, 20.2737598419, 14.5396080017, 12.7340641022, 9.88360500336, 5.64852714539, 6.94383811951, 5.72791337967, 7.43627500534, 5.31630849838, 6.16625070572, 4.19580078125, 2.23798036575, 2.32906556129, 3.60998272896, 6.68701267242, 6.14061021805, 3.35395812988, 1.63644194603, 1.2372866869, 0.411894798279, 0.25103956461, 0.0808491036296, 0.0151941431686, 0.000394236354623, 2.5932013159e-05],
        "dmean2": [0.295817285776, 3.04346871376, 7.85123968124, 12.1031932831, 17.4473419189, 16.5846767426, 13.0489187241, 28.3905467987, 46.1491355896, 31.9743442535, 27.7307949066, 47.2200698853, 33.9099311829, 36.0181655884, 36.585269928, 30.6140346527, 22.0121822357, 18.4829959869, 14.5593919754, 8.27475070953, 11.1566934586, 9.31235408783, 12.4361467361, 8.84888362885, 10.8148536682, 7.09311723709, 3.43613147736, 3.61753058434, 5.8113694191, 11.2041654587, 9.90312480927, 4.98658418655, 2.4231159687, 1.91833436489, 0.638284385204, 0.403593361378, 0.131522923708, 0.024861920625, 0.000644473999273, 3.90616623918e-05],
        "dvar": [0.316929668188, 24.8849067688, 122.756454468, 443.970672607, 577.711547852, 346.382080078, 280.484649658, 1323.26843262, 2755.72875977, 1328.65026855, 1245.17541504, 4540.85595703, 1422.10083008, 2928.99414062, 1279.26843262, 1255.40405273, 907.705810547, 807.182495117, 391.075164795, 147.38381958, 271.988311768, 184.823120117, 688.723693848, 274.374481201, 273.871490479, 393.400177002, 87.5081863403, 70.6326751709, 97.3256835938, 258.951660156, 202.689193726, 61.758731842, 15.7548656464, 14.3768730164, 1.33860099316, 0.499388992786, 0.0343307219446, 0.00106772861909, 7.74826730776e-07, 1.33241917499e-09],
        "dvar2": [0.71126383543, 70.6077728271, 322.975097656, 1280.09155273, 1646.42004395, 961.235961914, 729.321716309, 3418.81689453, 5934.53662109, 3121.37402344, 2618.62084961, 11351.796875, 3281.65356445, 8255.36425781, 2976.62133789, 2993.52099609, 2099.83813477, 1782.56787109, 780.417297363, 278.933197021, 674.699951172, 462.148376465, 1791.35803223, 631.893859863, 698.47833252, 1010.76702881, 171.010787964, 151.158889771, 224.052459717, 646.087097168, 483.899383545, 109.566696167, 27.9881687164, 27.4779167175, 3.16296768188, 1.28721010685, 0.0836164429784, 0.0025784149766, 1.83265865417e-06, 3.14882764307e-09],
        "max": [7.75020694733, 48.9702415466, 97.6508789062, 178.996505737, 236.598999023, 216.78944397, 182.021102905, 466.978149414, 676.257385254, 459.738586426, 444.598480225, 1332.6505127, 473.835540771, 1371.51831055, 329.441497803, 344.24118042, 491.683868408, 482.164154053, 250.64503479, 250.74822998, 159.825149536, 166.729263306, 353.778076172, 232.426879883, 136.578598022, 284.316741943, 147.104049683, 120.373275757, 119.708381653, 124.623023987, 122.831054688, 115.201179504, 60.4913444519, 50.3791236877, 20.3899784088, 8.96287250519, 1.75273418427, 0.261030375957, 0.0108734676614, 0.000299921870464],
        "mean": [0.772776007652, 6.32514810562, 6.96479606628, 7.47422456741, 12.9765424728, 13.2891874313, 11.8348989487, 22.6621646881, 41.48204422, 30.6819190979, 30.8708705902, 36.9954566956, 36.6730957031, 44.4474067688, 39.5330238342, 27.8115119934, 23.4137573242, 19.0465602875, 16.1155853271, 8.31317234039, 7.3624048233, 5.87578392029, 6.83741521835, 5.17157649994, 5.57826519012, 3.65589380264, 2.85300779343, 2.31495881081, 3.63190531731, 6.73261117935, 6.73369598389, 4.91675710678, 2.37259507179, 1.6531842947, 0.50909113884, 0.292215466499, 0.0908648297191, 0.0157955363393, 0.00043405557517, 7.3438284744e-05],
        "median": [0.350832700729, 3.9016122818, 3.5595240593, 3.11585187912, 6.22022724152, 6.52757358551, 3.78080749512, 6.42437553406, 17.3064155579, 13.9888916016, 8.5530128479, 11.5210533142, 16.5648231506, 17.1977176666, 21.4846458435, 11.1953048706, 6.55746889114, 6.22962665558, 5.00062561035, 2.7197971344, 1.49242782593, 1.17515075207, 1.4436519146, 1.36730647087, 1.63314366341, 0.921032786369, 0.837994039059, 0.240908265114, 0.247663468122, 0.733617305756, 0.755817830563, 0.508815407753, 0.277121782303, 0.135436221957, 0.0647649466991, 0.0382113158703, 0.00929572805762, 0.00131613237318, 6.34268653812e-05, 6.59885699861e-05],
        "min": [8.89443119261e-22, 5.55639027878e-21, 2.62232862415e-20, 2.92455683241e-20, 1.11864144955e-19, 5.63839961427e-19, 4.8178374806e-19, 3.1933845215e-19, 9.38754145694e-19, 2.54838692334e-18, 2.33069201128e-18, 1.3415400256e-18, 2.43077259359e-18, 4.85962488738e-18, 8.79736980338e-19, 1.18263945711e-18, 2.93483288423e-18, 5.76820710325e-18, 8.52980706731e-18, 4.97782362024e-18, 5.28087405895e-18, 5.52316270499e-18, 1.0406807263e-17, 1.11891778474e-17, 1.36133464378e-17, 1.85650878125e-17, 1.40668432455e-17, 1.97653996733e-17, 2.01643356478e-17, 2.09968896256e-17, 1.6839819011e-17, 1.50218513869e-17, 1.51459698378e-17, 8.53570734662e-18, 8.85588828222e-18, 5.45718016189e-18, 2.6628654114e-18, 1.33524580153e-18, 3.61973615668e-19, 3.60071849891e-20],
        "stdev": [1.05792891979, 7.32826089859, 10.7184638977, 16.9780197144, 21.5511989594, 19.2562217712, 19.419921875, 42.5918197632, 67.9228515625, 47.478061676, 52.685760498, 70.706237793, 55.7237434387, 85.6219940186, 48.4864273071, 42.1333045959, 41.792842865, 35.1639671326, 30.1094684601, 17.6463317871, 17.3793506622, 13.5473690033, 23.0346088409, 16.5188770294, 14.9015855789, 17.5624370575, 10.3878507614, 8.76430416107, 10.6925506592, 16.2035140991, 16.3387546539, 15.1910657883, 7.18859863281, 5.61991930008, 1.61430931091, 0.823894143105, 0.219040825963, 0.0371366553009, 0.00106242380571, 5.40463952348e-05],
        "var": [1.11921358109, 53.7034072876, 114.885467529, 288.253143311, 464.454162598, 370.802093506, 377.133392334, 1814.06298828, 4613.51367188, 2254.16650391, 2775.78955078, 4999.37255859, 3105.13574219, 7331.12597656, 2350.93359375, 1775.2154541, 1746.64160156, 1236.5045166, 906.580078125, 311.393035889, 302.041809082, 183.531219482, 530.593200684, 272.873321533, 222.057266235, 308.439208984, 107.907447815, 76.8130264282, 114.330635071, 262.553863525, 266.95489502, 230.768478394, 51.6759490967, 31.5834922791, 2.60599446297, 0.678801596165, 0.0479788817465, 0.00137913122308, 1.12874442948e-06, 2.921012765e-09]
    },
    "gfcc": {
        "mean": [-15.8031988144, 112.356330872, -87.4286117554, 13.1752548218, -57.9511756897, 26.5491580963, -31.2308254242, 11.4031295776, -22.1919021606, 0.306323230267, -7.2373380661, -0.0479820929468, -13.1023788452],
        "cov": [[5939.61083984, -1044.49719238, 22.3375205994, 391.503601074, -291.697052002, 335.271087646, -258.841491699, 165.444549561, 81.5313339233, 155.265869141, -171.560806274, 290.343536377, -382.294891357], [-1044.49719238, 2521.56787109, 177.59992981, 39.08751297, 615.415344238, -78.9528503418, 472.01953125, 18.0484352112, 66.6883392334, -176.07762146, 356.808380127, -234.518661499, 196.567230225], [22.3375205994, 177.59992981, 1151.05712891, 473.349243164, 232.605133057, 320.428833008, 165.111404419, 41.8870048523, 94.7622299194, 4.40101957321, -6.0848941803, 73.3280181885, 5.01302576065], [391.503601074, 39.08751297, 473.349243164, 585.527526855, 231.32635498, 199.601654053, 153.459396362, 41.9200019836, 117.51146698, 15.8659410477, 46.4927711487, 45.8832397461, 29.0494995117], [-291.697052002, 615.415344238, 232.605133057, 231.32635498, 499.245880127, 137.692108154, 221.917602539, 82.5355529785, 100.301239014, 21.2014942169, 133.880874634, -30.6473827362, 97.1561584473], [335.271087646, -78.9528503418, 320.428833008, 199.601654053, 137.692108154, 323.095062256, 127.466033936, 28.1843490601, 71.8003768921, 60.497505188, 42.8070678711, 41.5811805725, -18.376159668], [-258.841491699, 472.01953125, 165.111404419, 153.459396362, 221.917602539, 127.466033936, 328.590087891, 24.3932704926, 44.2432746887, 34.716583252, 128.160614014, -23.0098667145, 91.3083496094], [165.444549561, 18.0484352112, 41.8870048523, 41.9200019836, 82.5355529785, 28.1843490601, 24.3932704926, 149.93572998, 52.0264663696, 20.0810546875, 19.7748699188, 15.0130357742, 20.7636604309], [81.5313339233, 66.6883392334, 94.7622299194, 117.51146698, 100.301239014, 71.8003768921, 44.2432746887, 52.0264663696, 164.971908569, 20.3865413666, 31.9895114899, 23.5575237274, 0.763404965401], [155.265869141, -176.07762146, 4.40101957321, 15.8659410477, 21.2014942169, 60.497505188, 34.716583252, 20.0810546875, 20.3865413666, 142.051971436, 6.78388309479, 22.157661438, 8.01135540009], [-171.560806274, 356.808380127, -6.0848941803, 46.4927711487, 133.880874634, 42.8070678711, 128.160614014, 19.7748699188, 31.9895114899, 6.78388309479, 185.231399536, -18.7493286133, 58.3215866089], [290.343536377, -234.518661499, 73.3280181885, 45.8832397461, -30.6473827362, 41.5811805725, -23.0098667145, 15.0130357742, 23.5575237274, 22.157661438, -18.7493286133, 110.052528381, -7.14708185196], [-382.294891357, 196.567230225, 5.01302576065, 29.0494995117, 97.1561584473, -18.376159668, 91.3083496094, 20.7636604309, 0.763404965401, 8.01135540009, 58.3215866089, -7.14708185196, 152.362487793]],
        "icov": [[0.000341897044564, -0.000268446223345, 0.000326348526869, -0.000545756018255, 0.000396174727939, -0.000543645117432, 0.000367919798009, -0.000562669418287, 0.00034244073322, -0.000458051072201, 0.000269972224487, -0.00088332145242, 0.00071309535997], [-0.000268446223345, 0.00169416854624, -0.000791517319158, 0.00120175781194, -0.00158369191922, 0.00172136432957, -0.00168696034234, 0.000850318232551, -0.000803940813057, 0.00193562824279, -0.00161730754189, 0.00227060797624, -0.000321942701703], [0.000326348526869, -0.000791517319158, 0.00213009910658, -0.00166625226848, 0.000602610001806, -0.00207800418139, 0.000619716825895, -0.000727533595636, 0.00073723186506, -0.000387723528547, 0.00154258369002, -0.00187375291716, 0.000518807617482], [-0.000545756018255, 0.00120175781194, -0.00166625226848, 0.00443657720461, -0.00195828522556, 0.00113024923485, -0.00173275987618, 0.00138999300543, -0.00193842395674, 0.00182880158536, -0.00101303088013, 0.00153945991769, -0.00110327207949], [0.000396174727939, -0.00158369191922, 0.000602610001806, -0.00195828522556, 0.00559271406382, -0.00225472962484, 0.000621324230451, -0.00223373947665, -0.000144424164318, -0.00175502023194, 0.000425370177254, -0.000744617602322, -0.000620148144662], [-0.000543645117432, 0.00172136432957, -0.00207800418139, 0.00113024923485, -0.00225472962484, 0.00809691846371, -0.00331467553042, 0.00138250528835, -0.0015247957781, 0.000194123873371, -0.00231660320424, 0.00143261323683, 0.00143175642006], [0.000367919798009, -0.00168696034234, 0.000619716825895, -0.00173275987618, 0.000621324230451, -0.00331467553042, 0.00801378209144, -0.000479237147374, 0.0010883230716, -0.00275405705906, -0.000774147978518, -0.00101276161149, -0.00173548446037], [-0.000562669418287, 0.000850318232551, -0.000727533595636, 0.00138999300543, -0.00223373947665, 0.00138250528835, -0.000479237147374, 0.00917326658964, -0.00267848162912, 0.000478363450384, -0.000781315728091, 0.000933339179028, -0.00179057661444], [0.00034244073322, -0.000803940813057, 0.00073723186506, -0.00193842395674, -0.000144424164318, -0.0015247957781, 0.0010883230716, -0.00267848162912, 0.00901968404651, -0.00136599910911, 3.37282290275e-05, -0.00270716566592, 0.00174946326297], [-0.000458051072201, 0.00193562824279, -0.000387723528547, 0.00182880158536, -0.00175502023194, 0.000194123873371, -0.00275405705906, 0.000478363450384, -0.00136599910911, 0.0106215979904, -0.00113826035522, 0.00150144472718, -0.00130015029572], [0.000269972224487, -0.00161730754189, 0.00154258369002, -0.00101303088013, 0.000425370177254, -0.00231660320424, -0.000774147978518, -0.000781315728091, 3.37282290275e-05, -0.00113826035522, 0.0100547736511, -0.00195272511337, -0.000954619201366], [-0.00088332145242, 0.00227060797624, -0.00187375291716, 0.00153945991769, -0.000744617602322, 0.00143261323683, -0.00101276161149, 0.000933339179028, -0.00270716566592, 0.00150144472718, -0.00195272511337, 0.0155346104875, -0.00283946795389], [0.00071309535997, -0.000321942701703, 0.000518807617482, -0.00110327207949, -0.000620148144662, 0.00143175642006, -0.00173548446037, -0.00179057661444, 0.00174946326297, -0.00130015029572, -0.000954619201366, -0.00283946795389, 0.0111051658168]]
    },
    "melbands": {
        "dmean": [0.00211145542562, 0.00234923930839, 0.0012371817138, 0.000715953414328, 0.000298899307381, 0.000394112314098, 0.000431168067735, 0.000211782957194, 0.000146737598698, 0.000203572199098, 0.000111346140329, 9.24004343688e-05, 8.08961340226e-05, 9.66883453657e-05, 2.58704276348e-05, 4.15686772612e-05, 2.18543445953e-05, 1.98328471015e-05, 9.83042446023e-06, 6.93504762239e-06, 8.58666044223e-06, 5.33141110282e-06, 8.05658874015e-06, 5.4804145293e-06, 4.30757063441e-06, 4.00738645112e-06, 4.99321367897e-06, 2.32506249631e-06, 1.29336797272e-06, 1.33940818614e-06, 1.40090810419e-06, 1.75077104814e-06, 3.55805082108e-06, 3.68076393897e-06, 3.95835832023e-06, 2.77179719887e-06, 1.88885223906e-06, 1.10901157768e-06, 1.29829197704e-06, 9.92098307506e-07],
        "dmean2": [0.0030655763112, 0.0036771541927, 0.00215358124115, 0.00121909182053, 0.000478829577332, 0.000625429209322, 0.000672709022183, 0.000334453303367, 0.000210983416764, 0.000327501125867, 0.000171945051989, 0.000145108162542, 0.000121877586935, 0.000146679842146, 3.9547077904e-05, 6.28614725429e-05, 3.25220171362e-05, 2.98326285701e-05, 1.48210310726e-05, 1.08570675366e-05, 1.38417253766e-05, 8.54036716191e-06, 1.3642268641e-05, 9.46939780988e-06, 7.15747546565e-06, 6.67134190735e-06, 8.93789729162e-06, 3.86993633583e-06, 1.95892539523e-06, 2.05215746973e-06, 2.21888330998e-06, 2.82905125459e-06, 5.94040784563e-06, 6.10342522123e-06, 6.44849387754e-06, 4.33799141319e-06, 2.7092739856e-06, 1.68518283772e-06, 1.98341786017e-06, 1.54788392592e-06],
        "dvar": [2.80604199361e-05, 2.52449153777e-05, 1.26341565192e-05, 2.0022444005e-06, 3.27057790628e-07, 5.73104614432e-07, 5.37092375907e-07, 1.37865470151e-07, 7.12420060722e-08, 2.12660580701e-07, 3.63306824624e-08, 4.2136655054e-08, 1.83508674922e-08, 3.13845944788e-08, 3.03312863714e-09, 9.20724119169e-09, 2.44298514751e-09, 1.84515192014e-09, 5.19572274094e-10, 4.30689928166e-10, 4.20732310102e-10, 1.72106329188e-10, 5.07423103535e-10, 4.39928315998e-10, 1.7883972081e-10, 1.06819574019e-10, 2.23520396636e-10, 1.92850624359e-10, 2.85639671638e-11, 2.36954657284e-11, 2.78890625871e-11, 2.54979613812e-11, 7.65579336037e-11, 7.58102192133e-11, 8.74103567305e-11, 4.05960334793e-11, 2.1333946762e-11, 7.87682245817e-12, 1.34436255531e-11, 9.94925669628e-12],
        "dvar2": [7.09219821147e-05, 6.93022229825e-05, 3.62742539437e-05, 5.61083425055e-06, 8.60208672293e-07, 1.44957618886e-06, 1.18784066672e-06, 3.21353155641e-07, 1.4577845775e-07, 5.28728037352e-07, 8.37979143853e-08, 1.17126326415e-07, 4.60137457026e-08, 7.50724282739e-08, 6.40533270868e-09, 2.11045403375e-08, 5.4214512879e-09, 3.59885965473e-09, 1.00352337551e-09, 1.08471231997e-09, 1.0350755808e-09, 4.04671157694e-10, 1.34715927302e-09, 1.13231457544e-09, 4.09841743876e-10, 2.55753695999e-10, 5.87958182141e-10, 5.10878173099e-10, 5.65419933096e-11, 4.49127020297e-11, 6.24511831138e-11, 5.77634884369e-11, 1.89509602455e-10, 1.90760601759e-10, 2.13987952358e-10, 8.39534969321e-11, 3.66320654366e-11, 1.47669775713e-11, 2.62145773838e-11, 1.97012389042e-11],
        "max": [0.0582888796926, 0.0454135499895, 0.0308186430484, 0.013423319906, 0.00616599386558, 0.00908422190696, 0.00865628942847, 0.00431687291712, 0.00288013461977, 0.00884994864464, 0.0024543243926, 0.00522015802562, 0.00233184383251, 0.00164409645367, 0.000770052080043, 0.00194085133262, 0.000823170936201, 0.000584046705626, 0.000533309532329, 0.000399332260713, 0.000223629307584, 0.000201701855985, 0.000259054882918, 0.000293577759294, 0.000186737903277, 0.000145651225466, 0.000142791031976, 0.000200107882847, 8.66852496983e-05, 7.64364813222e-05, 7.44224817026e-05, 6.63122991682e-05, 7.30434330762e-05, 6.57106065773e-05, 7.77122113504e-05, 9.84526413959e-05, 8.00970956334e-05, 4.71429302706e-05, 6.21663421043e-05, 4.8087178584e-05],
        "mean": [0.00763539131731, 0.00522749405354, 0.00143711327109, 0.000999736832455, 0.000429067527875, 0.000513795705047, 0.00061022216687, 0.000339502992574, 0.000226263422519, 0.000255351857049, 0.000184236123459, 0.000178413611138, 0.000136621369165, 0.000125267441035, 3.48013818439e-05, 6.3061437686e-05, 3.15053366648e-05, 3.07774971589e-05, 1.44389414345e-05, 7.8264865806e-06, 8.60852287587e-06, 5.55886572329e-06, 7.1656036198e-06, 4.93074821861e-06, 4.10158691011e-06, 3.98138990931e-06, 3.96254108637e-06, 2.0430609311e-06, 1.69002998973e-06, 1.53893267907e-06, 1.29513716729e-06, 1.702235636e-06, 3.34195647156e-06, 3.79542666451e-06, 4.03526291848e-06, 3.5372477214e-06, 2.790143526e-06, 1.54982785716e-06, 1.71906731339e-06, 1.26006329992e-06],
        "median": [0.00463158171624, 0.00372434407473, 0.000651762995403, 0.00055643694941, 0.000152776454343, 0.000151499407366, 0.000266838207608, 0.000132924207719, 5.46968221897e-05, 7.27171718609e-05, 7.4378476711e-05, 6.76774798194e-05, 6.24796230113e-05, 4.35242909589e-05, 9.46491309151e-06, 1.41227646964e-05, 9.29387806536e-06, 7.79466790846e-06, 3.98913016397e-06, 1.89208083157e-06, 1.51714516505e-06, 1.04461264527e-06, 1.3175664435e-06, 1.09158838768e-06, 9.88502506516e-07, 1.27254884319e-06, 8.7080513822e-07, 4.68042713919e-07, 5.3390613175e-07, 2.71733824775e-07, 7.09884275807e-08, 7.04609561808e-08, 2.5550036753e-07, 4.54139978956e-07, 4.18794741108e-07, 3.39645794156e-07, 2.6735767733e-07, 1.8386111833e-07, 1.35830191539e-07, 9.42791302805e-08],
        "min": [7.25983405707e-24, 1.14275463581e-23, 5.89521118726e-24, 2.56952444105e-23, 1.81239609683e-23, 7.36011011104e-24, 1.91422052698e-23, 2.55331618935e-23, 1.92981441381e-23, 7.3229871057e-24, 1.31649249383e-23, 2.14938564263e-23, 3.51882726928e-24, 1.69399990787e-24, 5.68372388946e-24, 6.76704448249e-24, 1.09757870169e-23, 1.42043130787e-23, 7.88953911922e-24, 6.0047464961e-24, 5.78871102075e-24, 4.5582485418e-24, 9.22817217764e-24, 1.000348913e-23, 8.6960728753e-24, 1.05512220777e-23, 1.0517510107e-23, 1.17260497469e-23, 8.87878962703e-24, 8.44036755718e-24, 1.3124092709e-23, 1.15175664315e-23, 1.21833184927e-23, 1.14305842615e-23, 9.54219719363e-24, 1.00387023031e-23, 8.0646496741e-24, 1.16938050574e-23, 7.61858117549e-24, 6.80963113846e-24],
        "stdev": [0.00914176739752, 0.00592470681295, 0.00288936425932, 0.0013902875362, 0.000649532710668, 0.000904713699128, 0.000948879052885, 0.000519665831234, 0.000398983363993, 0.000491306069307, 0.000289939256618, 0.00033251370769, 0.000196227338165, 0.000201018308871, 6.97228679201e-05, 0.000128145911731, 6.20539503871e-05, 6.5858286689e-05, 3.48338253389e-05, 2.08202745853e-05, 2.16230473598e-05, 1.38737650559e-05, 1.97637982637e-05, 1.84490018e-05, 1.34519632411e-05, 1.00683682831e-05, 1.28548354041e-05, 1.19440646813e-05, 6.02950331086e-06, 5.46464934814e-06, 5.30819124833e-06, 5.45284774489e-06, 8.88437807589e-06, 8.81410051079e-06, 9.7288066172e-06, 1.05770686787e-05, 8.96853271115e-06, 4.8607807912e-06, 5.65558502785e-06, 4.46345438831e-06],
        "var": [8.3571903815e-05, 3.51021481038e-05, 8.34842558106e-06, 1.93289952222e-06, 4.21892735858e-07, 8.18506862288e-07, 9.00371503576e-07, 2.70052566975e-07, 1.59187734994e-07, 2.41381627575e-07, 8.40647658151e-08, 1.10565359535e-07, 3.85051706076e-08, 4.04083593253e-08, 4.86127849086e-09, 1.64213744824e-08, 3.85069309772e-09, 4.33731361937e-09, 1.21339549519e-09, 4.33483859918e-10, 4.67556160455e-10, 1.92481350303e-10, 3.90607712841e-10, 3.40365652329e-10, 1.80955320173e-10, 1.01372042705e-10, 1.65246802353e-10, 1.42660688818e-10, 3.63549121363e-11, 2.98623938078e-11, 2.81768931104e-11, 2.97335489563e-11, 7.89321732975e-11, 7.76883696263e-11, 9.46496839238e-11, 1.11874384756e-10, 8.04345756666e-11, 2.36271904819e-11, 3.19856398312e-11, 1.9922424821e-11]
    },
    "melbands128": {
