{
"lowlevel": {
    "average_loudness": 0.965827822685,
    "barkbands_crest": {
        "dmean": 3.07851743698,
        "dmean2": 4.99432611465,
        "dvar": 7.70638132095,
        "dvar2": 17.8294200897,
        "max": 26.5088634491,
        "mean": 9.80585670471,
        "median": 8.84613895416,
        "min": 3.05384683609,
        "stdev": 4.45684814453,
        "var": 19.863494873
    },
    "barkbands_flatness_db": {
        "dmean": 0.0259596016258,
        "dmean2": 0.039124224335,
        "dvar": 0.000558271538466,
        "dvar2": 0.00114598870277,
        "max": 0.335192859173,
        "mean": 0.115612633526,
        "median": 0.108574055135,
        "min": 0.0276172440499,
        "stdev": 0.0429827421904,
        "var": 0.00184751627967
    },
    "barkbands_kurtosis": {
        "dmean": 2.09560680389,
        "dmean2": 3.41157603264,
        "dvar": 22.3762741089,
        "dvar2": 47.5785865784,
        "max": 143.928359985,
        "mean": 1.8535875082,
        "median": 0.82661318779,
        "min": -1.65153503418,
        "stdev": 5.23113393784,
        "var": 27.3647613525
    },
    "barkbands_skewness": {
        "dmean": 0.626886069775,
        "dmean2": 0.963776409626,
        "dvar": 0.384193688631,
        "dvar2": 0.804691553116,
        "max": 4.31870317459,
        "mean": 0.532441735268,
        "median": 0.519991457462,
        "min": -2.83079576492,
        "stdev": 0.990388274193,
        "var": 0.98086887598
    },
    "barkbands_spread": {
        "dmean": 6.19642162323,
        "dmean2": 9.74490642548,
        "dvar": 38.1208152771,
        "dvar2": 82.1440048218,
        "max": 77.9128265381,
        "mean": 21.3219814301,
        "median": 20.4579524994,
        "min": 0.422536104918,
        "stdev": 9.98825836182,
        "var": 99.7653045654
    },
    "dissonance": {
        "dmean": 0.0284714214504,
        "dmean2": 0.0484800077975,
        "dvar": 0.000856985978317,
        "dvar2": 0.00206923834048,
        "max": 0.499190747738,
        "mean": 0.451486587524,
        "median": 0.458995193243,
        "min": 0.0852545648813,
        "stdev": 0.035315643996,
        "var": 0.00124719482847
    },
    "dynamic_complexity": 3.14736771584,
    "erbbands_crest": {
        "dmean": 4.00019264221,
        "dmean2": 6.37051963806,
        "dvar": 11.9947738647,
        "dvar2": 28.0828151703,
        "max": 31.9570426941,
        "mean": 12.1268424988,
        "median": 11.1170024872,
        "min": 3.00898098946,
        "stdev": 5.52130031586,
        "var": 30.4847564697
    },
    "erbbands_flatness_db": {
        "dmean": 0.0325370877981,
        "dmean2": 0.0468531809747,
        "dvar": 0.000879681436345,
        "dvar2": 0.00160646787845,
        "max": 0.407898008823,
        "mean": 0.168903365731,
        "median": 0.159970253706,
        "min": 0.0660794749856,
        "stdev": 0.0552088655531,
        "var": 0.00304801878519
    },
    "erbbands_kurtosis": {
        "dmean": 2.24905395508,
        "dmean2": 3.56219291687,
        "dvar": 12.6335325241,
        "dvar2": 27.0152378082,
        "max": 63.9877319336,
        "mean": 2.86958932877,
        "median": 1.51944637299,
        "min": -1.37916398048,
        "stdev": 4.75336360931,
        "var": 22.5944652557
    },
    "erbbands_skewness": {
        "dmean": 0.478170007467,
        "dmean2": 0.745226085186,
        "dvar": 0.208075255156,
        "dvar2": 0.471006691456,
        "max": 4.37391901016,
        "mean": 0.351232647896,
        "median": 0.42011487484,
        "min": -2.62504982948,
        "stdev": 0.759610891342,
        "var": 0.577008724213
    },
    "erbbands_spread": {
        "dmean": 8.00865459442,
        "dmean2": 12.2194280624,
        "dvar": 58.1740531921,
        "dvar2": 126.870452881,
        "max": 80.6283569336,
        "mean": 23.4938316345,
        "median": 21.2637825012,
        "min": 0.870178222656,
        "stdev": 13.6699352264,
        "var": 186.867126465
    },
    "hfc": {
        "dmean": 12.7738924026,
        "dmean2": 17.544046402,
        "dvar": 232.605484009,
        "dvar2": 479.764709473,
        "max": 181.022720337,
        "mean": 22.1943473816,
        "median": 13.9681034088,
        "min": 0.000502158945892,
        "stdev": 23.3422145844,
        "var": 544.858947754
    },
    "loudness_ebu128": {
        "integrated": -13.6859073639,
        "loudness_range": 3.0258140564,
        "momentary": {
            "dmean": 0.825791358948,
            "dmean2": 1.24262428284,
            "dvar": 0.487896829844,
            "dvar2": 1.04690992832,
            "max": -9.39974498749,
            "mean": -14.2077054977,
            "median": -13.8494501114,
            "min": -23.0133647919,
            "stdev": 2.30127477646,
            "var": 5.2958650589
        },
        "short_term": {
            "dmean": 0.104894824326,
            "dmean2": 0.118479728699,
            "dvar": 0.00953185558319,
            "dvar2": 0.0141814481467,
            "max": -12.0527305603,
            "mean": -13.8568124771,
            "median": -13.7058944702,
            "min": -17.761095047,
            "stdev": 1.14332711697,
            "var": 1.30719685555
        }
    },
    "melbands_crest": {
        "dmean": 3.54346752167,
        "dmean2": 5.88290643692,
        "dvar": 9.70267486572,
        "dvar2": 24.4620380402,
        "max": 30.0597076416,
        "mean": 11.8733987808,
        "median": 10.9452257156,
        "min": 4.08260059357,
        "stdev": 4.6348285675,
        "var": 21.48163414
    },
    "melbands_flatness_db": {
        "dmean": 0.0263573527336,
        "dmean2": 0.0399210602045,
        "dvar": 0.000572356104385,
        "dvar2": 0.00121032388415,
        "max": 0.334939807653,
        "mean": 0.17232760787,
        "median": 0.170601293445,
        "min": 0.0704613849521,
        "stdev": 0.0434793047607,
        "var": 0.00189045001753
    },
    "melbands_kurtosis": {
        "dmean": 3.32018661499,
        "dmean2": 5.41853570938,
        "dvar": 29.2863502502,
        "dvar2": 67.0351257324,
        "max": 97.2341842651,
        "mean": 3.56642627716,
        "median": 1.81637954712,
        "min": -1.68716311455,
        "stdev": 6.31783390045,
        "var": 39.9150276184
    },
    "melbands_skewness": {
        "dmean": 0.758120715618,
        "dmean2": 1.14568400383,
        "dvar": 0.56654548645,
        "dvar2": 1.18770778179,
        "max": 6.28862714767,
        "mean": 1.02916836739,
        "median": 0.960003137589,
        "min": -3.02062869072,
        "stdev": 1.20800411701,
        "var": 1.45927405357
    },
    "melbands_spread": {
        "dmean": 8.99192333221,
        "dmean2": 14.3299360275,
        "dvar": 70.1742019653,
        "dvar2": 160.153518677,
        "max": 75.5090713501,
        "mean": 29.5648918152,
        "median": 27.6844921112,
        "min": 1.08858501911,
        "stdev": 13.0786828995,
        "var": 171.051940918
    },
    "pitch_salience": {
        "dmean": 0.0787755921483,
        "dmean2": 0.12618753314,
        "dvar": 0.00421999720857,
        "dvar2": 0.00995637662709,
        "max": 0.888287007809,
        "mean": 0.529301226139,
        "median": 0.535896539688,
        "min": 0.0762070789933,
        "stdev": 0.111224114895,
        "var": 0.0123708043247
    },
    "silence_rate_20dB": {
        "dmean": 0,
        "dmean2": 0,
        "dvar": 0,
        "dvar2": 0,
        "max": 1,
        "mean": 1,
        "median": 1,
        "min": 1,
        "stdev": 0,
        "var": 0
    },
    "silence_rate_30dB": {
        "dmean": 0.00773993786424,
        "dmean2": 0.0154918665066,
        "dvar": 0.00768013624474,
        "dvar2": 0.0214488524944,
        "max": 1,
        "mean": 0.99535959959,
        "median": 1,
        "min": 0,
        "stdev": 0.0679617077112,
        "var": 0.00461879326031
    },
    "silence_rate_60dB": {
        "dmean": 0.0959752351046,
        "dmean2": 0.190549954772,
        "dvar": 0.0867633372545,
        "dvar2": 0.18832488358,
        "max": 1,
        "mean": 0.105955146253,
        "median": 0,
        "min": 0,
        "stdev": 0.307778209448,
        "var": 0.0947274342179
    },
    "spectral_centroid": {
        "dmean": 229.620040894,
        "dmean2": 337.327850342,
        "dvar": 48421.546875,
        "dvar2": 95025.2421875,
        "max": 2658.97070312,
        "mean": 1318.32873535,
        "median": 1289.32556152,
        "min": 443.581604004,
        "stdev": 407.4921875,
        "var": 166049.875
    },
    "spectral_complexity": {
        "dmean": 3.30185747147,
        "dmean2": 4.50503492355,
        "dvar": 7.49403190613,
        "dvar2": 11.8734998703,
        "max": 44,
        "mean": 14.8460941315,
        "median": 15,
        "min": 0,
        "stdev": 6.30350399017,
        "var": 39.7341651917
    },
    "spectral_decrease": {
        "dmean": 3.27653348897e-09,
        "dmean2": 4.68140548548e-09,
        "dvar": 2.15714195006e-17,
        "dvar2": 5.25720230049e-17,
        "max": -8.72594504249e-14,
        "mean": -5.40758193779e-09,
        "median": -3.47429041092e-09,
        "min": -5.00763377431e-08,
        "stdev": 5.82115999848e-09,
        "var": 3.38859037795e-17
    },
    "spectral_energy": {
        "dmean": 0.0134720122442,
        "dmean2": 0.0191236268729,
        "dvar": 0.000342851533787,
        "dvar2": 0.000825368391816,
        "max": 0.193430662155,
        "mean": 0.0224225539714,
        "median": 0.0142348157242,
        "min": 3.74884621124e-07,
        "stdev": 0.0238051600754,
        "var": 0.000566685630474
    },
    "spectral_energyband_high": {
        "dmean": 0.000235769141,
        "dmean2": 0.000317333207931,
        "dvar": 9.59204129458e-08,
        "dvar2": 1.79807912559e-07,
        "max": 0.00460347579792,
        "mean": 0.000409066618886,
        "median": 0.000244854658376,
        "min": 5.63843505219e-09,
        "stdev": 0.000487932673423,
        "var": 2.38078285975e-07
    },
    "spectral_energyband_low": {
        "dmean": 0.00492666708305,
        "dmean2": 0.0080582248047,
        "dvar": 0.000174077227712,
        "dvar2": 0.000468940765131,
        "max": 0.159910172224,
        "mean": 0.00519450427964,
        "median": 0.00230925437063,
        "min": 1.21116725538e-08,
        "stdev": 0.0114565249532,
        "var": 0.000131251959829
    },
    "spectral_energyband_middle_high": {
        "dmean": 0.00749503262341,
        "dmean2": 0.0106276115403,
        "dvar": 0.000119872296636,
        "dvar2": 0.000264495814918,
        "max": 0.142169445753,
        "mean": 0.011325196363,
        "median": 0.00570175331086,
        "min": 2.90072080134e-07,
        "stdev": 0.0152620710433,
        "var": 0.000232930804486
    },
    "spectral_energyband_middle_low": {
        "dmean": 0.00382035924122,
        "dmean2": 0.00577552244067,
        "dvar": 3.45283588103e-05,
        "dvar2": 8.76081176102e-05,
        "max": 0.0629525929689,
        "mean": 0.00642776861787,
        "median": 0.00438517425209,
        "min": 7.14359842391e-08,
        "stdev": 0.0070384494029,
        "var": 4.95397689519e-05
    },
    "spectral_entropy": {
        "dmean": 0.219594731927,
        "dmean2": 0.317186772823,
        "dvar": 0.0396031662822,
        "dvar2": 0.0727825015783,
        "max": 8.50031375885,
        "mean": 7.46508979797,
        "median": 7.50589561462,
        "min": 5.7601556778,
        "stdev": 0.372623831034,
        "var": 0.138848528266
    },
    "spectral_flux": {
        "dmean": 0.036884713918,
        "dmean2": 0.0588837042451,
        "dvar": 0.00160977931228,
        "dvar2": 0.00348346424289,
        "max": 0.407230168581,
        "mean": 0.0886740013957,
        "median": 0.0764100402594,
        "min": 0.000612278236076,
        "stdev": 0.0553577579558,
        "var": 0.00306448130868
    },
    "spectral_kurtosis": {
        "dmean": 1.57372713089,
        "dmean2": 2.49106860161,
        "dvar": 2.36467003822,
        "dvar2": 5.45610618591,
        "max": 17.6805095673,
        "mean": 5.22378253937,
        "median": 4.84562015533,
        "min": 0.138670444489,
        "stdev": 2.50910758972,
        "var": 6.29562091827
    },
    "spectral_rms": {
        "dmean": 0.00132503872737,
        "dmean2": 0.00176351238042,
        "dvar": 1.85139663245e-06,
        "dvar2": 3.80417350243e-06,
        "max": 0.0137372789904,
        "mean": 0.00412733666599,
        "median": 0.00372661044821,
        "min": 1.91243598238e-05,
        "stdev": 0.00220017274842,
        "var": 4.84076053908e-06
    },
    "spectral_rolloff": {
        "dmean": 405.24710083,
        "dmean2": 685.260681152,
        "dvar": 608690.25,
        "dvar2": 1381577.875,
        "max": 9366.94335938,
        "mean": 1627.36657715,
        "median": 1485.79101562,
        "min": 172.265625,
        "stdev": 967.282958984,
        "var": 935636.3125
    },
    "spectral_skewness": {
        "dmean": 0.213068321347,
        "dmean2": 0.332030951977,
        "dvar": 0.0333293862641,
        "dvar2": 0.0723321512341,
        "max": 3.32426834106,
        "mean": 1.86754667759,
        "median": 1.86373114586,
        "min": 0.788657605648,
        "stdev": 0.349142074585,
        "var": 0.121900185943
    },
    "spectral_spread": {
        "dmean": 784645.125,
        "dmean2": 1179812.375,
        "dvar": 620466208768,
        "dvar2": 1.1966513152e+12,
        "max": 9935640,
        "mean": 4987255,
        "median": 4787111,
        "min": 2292022.5,
        "stdev": 1461478.25,
        "var": 2.13591877222e+12
    },
    "spectral_strongpeak": {
        "dmean": 1.63060617447,
        "dmean2": 2.53617954254,
        "dvar": 4.04628610611,
        "dvar2": 8.74817180634,
        "max": 17.2850513458,
        "mean": 2.15961623192,
        "median": 0.881305754185,
        "min": 0.00150453927927,
        "stdev": 2.79861497879,
        "var": 7.83224630356
    },
    "zerocrossingrate": {
        "dmean": 0.0111998571083,
        "dmean2": 0.0131393419579,
        "dvar": 0.000141365962918,
        "dvar2": 0.000179706432391,
        "max": 0.20703125,
        "mean": 0.0732723996043,
        "median": 0.068359375,
        "min": 0.01220703125,
        "stdev": 0.0270673613995,
        "var": 0.000732642016374
    },
    "barkbands": {
        "dmean": [0.00012415148376, 0.00248602987267, 0.00211173226126, 0.00100895785727, 0.000763842836022, 0.000576693855692, 0.000882609456312, 0.000818287546281, 0.000673411821481, 0.00123350333888, 0.0013775236439, 0.00128671503626, 0.00207218015566, 0.0013176787179, 0.00125869701151, 0.000308370101266, 7.86006567068e-05, 0.000123482677736, 0.000104904909676, 5.52462042833e-05, 3.92235451727e-05, 3.64975931006e-05, 4.35371985077e-05, 4.40687472292e-05, 2.56273960986e-05, 3.58475481335e-05, 1.79960552487e-05],
        "dmean2": [0.000196402455913, 0.00420953566208, 0.00374143011868, 0.00169552012812, 0.00117939617485, 0.00092758948449, 0.00136173015926, 0.00126587389968, 0.00112423067912, 0.00197335891426, 0.00207183300517, 0.00197814288549, 0.00309204636142, 0.00200956477784, 0.00196027266793, 0.000495415762998, 0.000122220735648, 0.000180606293725, 0.000159137227456, 7.79384645284e-05, 5.52874880668e-05, 5.12877486472e-05, 6.31484435871e-05, 6.38773562969e-05, 3.76203315682e-05, 5.54454964004e-05, 2.89371655526e-05],
        "dvar": [1.10678080034e-07, 5.01523609273e-05, 4.34074681834e-05, 6.84122687744e-06, 1.49937659444e-06, 1.23380493733e-06, 2.07968264476e-06, 5.13655595569e-06, 4.08274536312e-06, 1.96534329007e-05, 1.10166884042e-05, 3.51141534338e-05, 3.78982949769e-05, 1.49563584273e-05, 1.12189609354e-05, 5.84855627039e-07, 2.41012330093e-08, 1.70834027813e-07, 3.61682097605e-08, 1.04393524936e-08, 5.54829515664e-09, 3.68556007935e-09, 3.78709774651e-09, 3.55299567545e-09, 1.35719957495e-09, 3.52496143385e-09, 1.24428090054e-09],
        "dvar2": [2.5144436222e-07, 0.000134812376928, 0.000124011785374, 1.8506178094e-05, 3.64615880244e-06, 3.19813148053e-06, 4.69583756058e-06, 1.27969451569e-05, 1.14160211524e-05, 4.69033293484e-05, 2.44400489464e-05, 9.50596440816e-05, 7.49468526919e-05, 3.16895420838e-05, 2.39317505475e-05, 1.34670665375e-06, 4.66985774494e-08, 3.75205161163e-07, 8.14340737065e-08, 1.695753582e-08, 1.04068105244e-08, 7.45092432197e-09, 8.07710698325e-09, 7.26507254356e-09, 2.88485391131e-09, 8.10697908804e-09, 2.96208235717e-09],
        "max": [0.00436598993838, 0.0635161027312, 0.0825741067529, 0.0268741995096, 0.0135114509612, 0.0148568041623, 0.0188056584448, 0.0364009812474, 0.0430817715824, 0.099956408143, 0.0488474667072, 0.131145462394, 0.091245405376, 0.0566587150097, 0.0432441085577, 0.00941518042237, 0.00383415096439, 0.00777996564284, 0.00194115669001, 0.00222201785073, 0.00183637428563, 0.0011485357536, 0.000803527480457, 0.000484362302814, 0.000358340039384, 0.000462229450932, 0.000306588946842],
        "mean": [0.000112448244181, 0.00241144280881, 0.0019593979232, 0.0011414301116, 0.00115216674749, 0.000749185273889, 0.00113599898759, 0.00100477901287, 0.000916562217753, 0.00146942446008, 0.00160488695838, 0.00155100191478, 0.00281353993341, 0.00171085284092, 0.00142082618549, 0.000383879436413, 0.000125637176097, 0.000164244032931, 0.000142247517942, 8.63829045556e-05, 6.88146756147e-05, 6.03149783274e-05, 6.91848690622e-05, 6.98580552125e-05, 3.8676414988e-05, 4.2897547246e-05, 1.64710108947e-05],
        "median": [9.66499283095e-06, 0.000795566709712, 0.00046188099077, 0.000242394511588, 0.00053440121701, 0.000364981766324, 0.000384347513318, 0.000180713497684, 0.000330530223437, 0.000340700848028, 0.000366833643056, 0.000223312395974, 0.000302339758491, 0.00016200231039, 0.000242000518483, 0.000142802600749, 5.73467041249e-05, 5.26118965354e-05, 5.22716691194e-05, 3.73519615096e-05, 3.56387899956e-05, 3.44604886777e-05, 3.76707248506e-05, 4.16330694861e-05, 2.15100208152e-05, 1.6409505406e-05, 2.12196709981e-06],
        "min": [4.56272708504e-09, 5.74526470842e-09, 2.86689649798e-09, 2.4232571505e-09, 6.44704822861e-09, 9.47513001393e-09, 8.10910627536e-09, 3.62746455096e-09, 2.95980964182e-08, 2.36938557663e-08, 1.18108900438e-09, 1.42967113703e-08, 1.76788830686e-07, 5.14764835202e-08, 6.36588115555e-09, 2.01837000446e-08, 1.04091402164e-09, 3.09184733371e-10, 4.93846130656e-10, 9.55191925556e-10, 3.16000448031e-10, 5.43711853318e-10, 4.11985973114e-10, 2.53703924535e-09, 1.06301700775e-09, 2.60911375838e-10, 3.66725053103e-12],
        "stdev": [0.000329495436745, 0.00605191802606, 0.00519276317209, 0.0023801708594, 0.00146068737376, 0.00122125912458, 0.00180553912651, 0.00253366259858, 0.00226588430814, 0.00467109074816, 0.0039200312458, 0.00697716325521, 0.00881469156593, 0.00520026311278, 0.00370160117745, 0.000832798308693, 0.000229559707805, 0.0004612186749, 0.000238362656091, 0.000181713636266, 0.000128212443087, 9.28354420466e-05, 8.39696949697e-05, 7.72383573349e-05, 4.60166884295e-05, 6.46061671432e-05, 3.54332514689e-05],
        "var": [1.08567235202e-07, 3.66257118003e-05, 2.69647916866e-05, 5.66521339351e-06, 2.1336077225e-06, 1.49147388129e-06, 3.25997143591e-06, 6.41944598101e-06, 5.13423174198e-06, 2.18190889427e-05, 1.53666460392e-05, 4.86808094138e-05, 7.76987944846e-05, 2.70427372016e-05, 1.37018514579e-05, 6.9355303367e-07, 5.2697657793e-08, 2.12722667925e-07, 5.68167557446e-08, 3.30198446363e-08, 1.64384310608e-08, 8.61841975563e-09, 7.05090918984e-09, 5.9657638829e-09, 2.11753570234e-09, 4.1739567358e-09, 1.25551524732e-09]
    },
    "erbbands": {
        "dmean": [0.0534847714007, 0.654220223427, 2.2671687603, 3.31305813789, 2.25804781914, 3.22519254684, 3.02195882797, 5.2999625206, 11.7081699371, 13.2917108536, 16.0267963409, 15.8602170944, 22.9905471802, 58.3384094238, 49.9621200562, 52.3882293701, 71.935546875, 87.5079116821, 73.4942092896, 30.7729625702, 15.8903169632, 4.5163898468, 7.48723602295, 5.33986949921, 4.30741834641, 2.43832492828, 1.65910410881, 1.63444852829, 1.36586272717, 1.22254943848, 1.09242343903, 1.00775146484, 0.763806819916, 0.400197595358, 0.127535656095, 0.0703957006335, 0.074435763061, 0.0419774353504, 0.00184610439464, 4.18788731622e-05],
        "dmean2": [0.0859230458736, 1.14216578007, 3.98999238014, 5.68864870071, 3.67295527458, 4.93868970871, 4.60193300247, 8.60235118866, 18.189365387, 20.506937027, 24.5205135345, 26.138923645, 36.8280448914, 90.8669967651, 72.4846954346, 80.2499847412, 106.975814819, 134.301345825, 112.853843689, 47.0797996521, 25.0616130829, 6.79816865921, 10.8735132217, 7.80654621124, 6.29008388519, 3.42059254646, 2.28337001801, 2.28001141548, 1.92055630684, 1.76999115944, 1.59631145, 1.45562148094, 1.09562659264, 0.587903499603, 0.191482514143, 0.109351150692, 0.117485143244, 0.0658677220345, 0.00293171638623, 6.26627079328e-05],
        "dvar": [0.0194116812199, 3.81423091888, 50.4581985474, 84.7692565918, 23.1512489319, 26.9085845947, 24.6905193329, 110.149963379, 410.633666992, 738.097229004, 1971.7364502, 1927.26879883, 6647.38867188, 25633.703125, 24512.1308594, 77043.953125, 33620.5429688, 44193.2617188, 28005.6621094, 6205.05175781, 1779.71923828, 92.3999252319, 645.555236816, 115.088912964, 79.7243652344, 19.3427619934, 11.7975320816, 7.39457511902, 7.01849269867, 3.07687020302, 2.19738912582, 1.8140591383, 1.18713057041, 0.341951072216, 0.0320226922631, 0.0130918221548, 0.0160219911486, 0.00546619528905, 1.25939577629e-05, 4.2733012684e-09],
        "dvar2": [0.0459721796215, 10.6085615158, 143.508056641, 237.396331787, 61.9851417542, 61.3506011963, 54.3405189514, 294.032470703, 908.319396973, 1857.70043945, 4873.28417969, 5212.32421875, 16515.2695312, 59750.8710938, 51796.1445312, 213978.84375, 67521.5703125, 91769.546875, 61195.9101562, 13854.2226562, 3990.69897461, 173.604782104, 1394.82739258, 252.827682495, 153.61239624, 33.819065094, 19.4755783081, 14.5158157349, 13.6578521729, 6.16327857971, 4.60399484634, 3.90834712982, 2.42017054558, 0.732953488827, 0.072473578155, 0.0313233658671, 0.0375214330852, 0.0125534776598, 2.92774020636e-05, 9.80952119534e-09],
        "max": [1.62304615974, 17.5632209778, 87.1434783936, 108.657569885, 53.5452842712, 42.9917831421, 57.5813217163, 145.916809082, 237.755859375, 472.928039551, 713.69354248, 879.944213867, 1948.97302246, 3449.67016602, 3418.22753906, 6304.23974609, 2483.47827148, 3349.13720703, 2035.06872559, 1514.60266113, 634.812133789, 248.15852356, 481.908355713, 138.678833008, 163.64994812, 86.1257019043, 83.1540145874, 52.1329956055, 62.4004745483, 25.7356109619, 15.5670385361, 13.9619817734, 9.66353034973, 5.53169631958, 1.4942574501, 1.11354231834, 0.920120060444, 0.622336626053, 0.0298199206591, 0.000555315287784],
        "mean": [0.058226339519, 0.587227165699, 2.05851221085, 3.51284790039, 2.94084501266, 4.7556219101, 4.53535842896, 6.74648427963, 15.3593072891, 17.5053691864, 20.7041816711, 22.5260715485, 29.8764953613, 70.5035858154, 62.75, 63.0472984314, 98.3446426392, 118.237724304, 88.9872207642, 37.5540542603, 21.0273399353, 7.60991811752, 10.329372406, 7.16376638412, 6.29357242584, 3.8913435936, 2.88360524178, 2.82556533813, 2.23729968071, 2.00913691521, 1.74494719505, 1.6094520092, 1.16570448875, 0.591226100922, 0.185988649726, 0.09451315552, 0.0848568379879, 0.043080996722, 0.00175762246363, 5.66336966585e-05],
        "median": [0.015053505078, 0.191436231136, 0.618584871292, 1.36776936054, 1.19442760944, 1.8032283783, 2.44220328331, 3.17039108276, 4.94558334351, 6.63910245895, 5.23471546173, 8.41109752655, 8.64038944244, 23.0546722412, 15.1385946274, 11.6348009109, 16.1019153595, 18.0702476501, 22.2686805725, 12.3197660446, 8.77290534973, 3.77701115608, 3.69694972038, 2.56127238274, 2.8112385273, 1.87582540512, 1.41436100006, 1.5670157671, 1.19441819191, 1.12333345413, 0.993408620358, 0.970293164253, 0.635273516178, 0.301549702883, 0.10655131191, 0.0457515865564, 0.0313465036452, 0.00958485901356, 0.000269147654762, 2.85930545942e-05],
        "min": [2.26722590924e-07, 1.09758502731e-06, 3.07677851197e-06, 6.31216335023e-06, 1.19129190352e-05, 2.3251892344e-05, 4.72101419291e-05, 8.67044800543e-05, 0.000116836235975, 0.00010308533092, 0.000112949543109, 0.000615776050836, 0.00102056202013, 0.000314219243592, 8.27947515063e-05, 0.00117137248162, 0.00748740322888, 0.00482812477276, 0.000594620709307, 0.000773353734985, 0.000704672769643, 8.38718624436e-05, 2.40657627728e-05, 2.01779857889e-05, 3.45414082403e-05, 3.9368544094e-05, 2.14876436075e-05, 1.08758904389e-05, 1.73027092387e-05, 1.80012193596e-05, 1.20080940178e-05, 2.41875459324e-05, 6.15360477241e-05, 2.08277779166e-05, 2.92303661809e-06, 1.64205289366e-06, 3.08276042915e-07, 6.02027867558e-08, 1.27178800824e-08, 1.74164938027e-09],
        "stdev": [0.1366340518, 1.57789981365, 5.58106422424, 7.71492671967, 4.6236333847, 6.71191120148, 6.44546699524, 11.3103713989, 26.1046695709, 31.171880722, 50.6424674988, 52.9019508362, 90.853012085, 173.237869263, 204.468032837, 312.037811279, 265.530548096, 277.438446045, 189.167114258, 86.0475006104, 46.9425048828, 13.6121931076, 28.8104763031, 13.0559196472, 12.3718967438, 7.43831348419, 5.90706014633, 4.62880182266, 4.27882051468, 2.62280583382, 1.96714842319, 1.73616826534, 1.38675010204, 0.718040764332, 0.217944502831, 0.127952501178, 0.134095162153, 0.0781313031912, 0.00367498747073, 7.30003957869e-05],
        "var": [0.0186688639224, 2.48976778984, 31.1482772827, 59.5200958252, 21.3779850006, 45.0497550964, 41.5440444946, 127.924499512, 681.453796387, 971.686096191, 2564.65966797, 2798.61645508, 8254.26953125, 30011.3574219, 41807.1757812, 97367.59375, 70506.46875, 76972.09375, 35784.1953125, 7404.17236328, 2203.59887695, 185.291793823, 830.043518066, 170.457046509, 153.063827515, 55.3285102844, 34.8933601379, 21.4258079529, 18.3083057404, 6.87911081314, 3.86967301369, 3.0142800808, 1.92307591438, 0.515582561493, 0.0474998056889, 0.0163718443364, 0.0179815143347, 0.00610450049862, 1.3505532479e-05, 5.32905763961e-09]
    },
    "gfcc": {
        "mean": [-3.92297053337, 72.2862625122, -119.226219177, 6.51863241196, -51.0420417786, 27.4234027863, -36.0321540833, 4.7526512146, -20.7717704773, 6.212454319, -17.378578186, 0.194984719157, -14.4625549316],
        "cov": [[3558.1496582, 118.029922485, 397.127166748, -23.3273468018, 169.580841064, -30.5167045593, 101.623260498, 15.6092767715, -16.5987071991, -8.28444004059, -3.32646369934, -42.6590843201, -132.711227417], [118.029922485, 894.097351074, -22.1243801117, 131.687850952, 42.5401077271, -71.9689407349, 19.0130882263, -18.1040878296, -18.6725921631, -38.2440795898, 83.9490661621, -2.38049983978, 66.7403793335], [397.127166748, -22.1243801117, 773.356445312, 48.5343475342, -25.0992145538, 22.8553924561, -12.3770523071, -31.4636955261, -28.571138382, -87.9564208984, -79.063911438, 50.9304084778, -75.8529052734], [-23.3273468018, 131.687850952, 48.5343475342, 223.061004639, 37.0571975708, 6.77074956894, -1.28652083874, 20.3446960449, -8.38732051849, -29.5878124237, -41.5002365112, 4.94934940338, 29.3782501221], [169.580841064, 42.5401077271, -25.0992145538, 37.0571975708, 169.702728271, 43.2152442932, 19.4206752777, -24.1927261353, 7.88438224792, 19.8934936523, 0.817667961121, -27.8077011108, -11.4113330841], [-30.5167045593, -71.9689407349, 22.8553924561, 6.77074956894, 43.2152442932, 136.246826172, 36.3702278137, 0.672156572342, 8.37898254395, 20.2934608459, -3.02103614807, -27.2142333984, -22.0976314545], [101.623260498, 19.0130882263, -12.3770523071, -1.28652083874, 19.4206752777, 36.3702278137, 105.039787292, 53.8746261597, 17.3147621155, 7.0058889389, 13.3132562637, 0.166094124317, -0.276110202074], [15.6092767715, -18.1040878296, -31.4636955261, 20.3446960449, -24.1927261353, 0.672156572342, 53.8746261597, 129.934066772, 58.6677932739, 20.2343330383, 5.65590810776, 18.7873897552, 15.982834816], [-16.5987071991, -18.6725921631, -28.571138382, -8.38732051849, 7.88438224792, 8.37898254395, 17.3147621155, 58.6677932739, 99.3651885986, 60.4254112244, 16.0375804901, -9.22794246674, 1.21240615845], [-8.28444004059, -38.2440795898, -87.9564208984, -29.5878124237, 19.8934936523, 20.2934608459, 7.0058889389, 20.2343330383, 60.4254112244, 116.522010803, 62.0131263733, -13.5369949341, -11.6409807205], [-3.32646369934, 83.9490661621, -79.063911438, -41.5002365112, 0.817667961121, -3.02103614807, 13.3132562637, 5.65590810776, 16.0375804901, 62.0131263733, 120.249298096, 21.127904892, -7.07583189011], [-42.6590843201, -2.38049983978, 50.9304084778, 4.94934940338, -27.8077011108, -27.2142333984, 0.166094124317, 18.7873897552, -9.22794246674, -13.5369949341, 21.127904892, 95.265296936, 42.4715919495], [-132.711227417, 66.7403793335, -75.8529052734, 29.3782501221, -11.4113330841, -22.0976314545, -0.276110202074, 15.982834816, 1.21240615845, -11.6409807205, -7.07583189011, 42.4715919495, 105.916496277]],
        "icov": [[0.0003588082036, -4.06774815929e-05, -0.000237237691181, 0.000158163049491, -0.000466826779302, 0.000419312011218, -0.000336205877829, -0.000267935130978, 0.000354121177224, -0.000210307931411, 3.85753955925e-05, 0.000208552359254, 0.000229964920436], [-4.06774815929e-05, 0.00204416248016, -0.000381238642149, -0.00137620395981, -0.000323826650856, 0.00127630936913, -0.00069738086313, 0.000667752348818, -0.000673255359288, 0.00214989669621, -0.00363938556984, 0.00241822330281, -0.00207036151551], [-0.000237237691181, -0.000381238642149, 0.00233255792409, -0.000396822113544, 0.000805733085144, -0.00111134408507, 7.19980307622e-05, 0.00129195686895, -0.00145957560744, 0.00088633177802, 0.00208896375261, -0.00351677229628, 0.0030475682579], [0.000158163049491, -0.00137620395981, -0.000396822113544, 0.00668705813587, -0.00187990255654, -0.000936724129133, 0.00172198470682, -0.00314553151838, 0.00208991370164, -0.00112887786236, 0.00335140014067, -0.000718983414117, -0.000628251116723], [-0.000466826779302, -0.000323826650856, 0.000805733085144, -0.00187990255654, 0.00851529836655, -0.0021649945993, -0.00196321890689, 0.00394624331966, -0.00211921473965, -0.00100606644992, 0.000910074799322, -0.000312229385599, 0.000682407408021], [0.000419312011218, 0.00127630936913, -0.00111134408507, -0.000936724129133, -0.0021649945993, 0.0110038546845, -0.00453349947929, 0.00085849117022, 0.000902715546545, -0.00153103086632, -0.00118140666746, 0.00361176789738, -0.00059959187638], [-0.000336205877829, -0.00069738086313, 7.19980307622e-05, 0.00172198470682, -0.00196321890689, -0.00453349947929, 0.0159908551723, -0.00836070068181, 0.00192324537784, 0.0017133904621, -0.001590441796, 0.000401075260015, -0.00036270354758], [-0.000267935130978, 0.000667752348818, 0.00129195686895, -0.00314553151838, 0.00394624331966, 0.00085849117022, -0.00836070068181, 0.0179420206696, -0.0110066272318, 0.00194094097242, 0.000609992304817, -0.00410258164629, 0.000941428996157], [0.000354121177224, -0.000673255359288, -0.00145957560744, 0.00208991370164, -0.00211921473965, 0.000902715546545, 0.00192324537784, -0.0110066272318, 0.0233396124095, -0.012363136746, 0.00316741061397, 0.00324488361366, -0.00184662803076], [-0.000210307931411, 0.00214989669621, 0.00088633177802, -0.00112887786236, -0.00100606644992, -0.00153103086632, 0.0017133904621, 0.00194094097242, -0.012363136746, 0.0231200940907, -0.012629696168, 0.00379270873964, -0.00106857274659], [3.85753955925e-05, -0.00363938556984, 0.00208896375261, 0.00335140014067, 0.000910074799322, -0.00118140666746, -0.001590441796, 0.000609992304817, 0.00316741061397, -0.012629696168, 0.0219625681639, -0.0111042987555, 0.00715901562944], [0.000208552359254, 0.00241822330281, -0.00351677229628, -0.000718983414117, -0.000312229385599, 0.00361176789738, 0.000401075260015, -0.00410258164629, 0.00324488361366, 0.00379270873964, -0.0111042987555, 0.0228853020817, -0.0117805190384], [0.000229964920436, -0.00207036151551, 0.0030475682579, -0.000628251116723, 0.000682407408021, -0.00059959187638, -0.00036270354758, 0.000941428996157, -0.00184662803076, -0.00106857274659, 0.00715901562944, -0.0117805190384, 0.0183021835983]]
    },
    "melbands": {
        "dmean": [0.000573822879232, 0.00106095336378, 0.000515911204275, 0.00018412785721, 0.000111176916107, 0.000118849311548, 0.000186437842785, 0.000154653564095, 0.000127895211335, 0.000102531696029, 0.000116483970487, 0.000235416271607, 0.000164066979778, 0.000153923116159, 9.17248326004e-05, 0.000238045526203, 0.000160511830472, 0.000122323108371, 8.61192165758e-05, 2.38859847741e-05, 1.63250842888e-05, 4.55465806226e-06, 6.00819794272e-06, 6.25509892416e-06, 4.69009046355e-06, 3.07095137941e-06, 2.72005127044e-06, 1.53118571689e-06, 1.11814563297e-06, 1.22393123547e-06, 9.08243862341e-07, 8.81409789599e-07, 6.02623345003e-07, 7.2662015782e-07, 6.01969531999e-07, 8.29292446269e-07, 5.95955555127e-07, 5.66099174648e-07, 4.69274567649e-07, 3.10807706683e-07],
        "dmean2": [0.00095445336774, 0.0018384201685, 0.000873140757903, 0.000287120841676, 0.000166116267792, 0.000192319435882, 0.000288012262899, 0.000240943074459, 0.000195654400159, 0.000169496808667, 0.000187906684005, 0.000369150948245, 0.000238760447246, 0.000239775166847, 0.000143989891512, 0.000354822579538, 0.000248330412433, 0.000187057230505, 0.000132760149427, 3.77483920602e-05, 2.55794730037e-05, 7.09580353941e-06, 9.19571812119e-06, 9.01226940186e-06, 7.04646072336e-06, 4.72233796245e-06, 4.04682805311e-06, 2.21680716095e-06, 1.54163569732e-06, 1.80203915079e-06, 1.35054210659e-06, 1.28343981487e-06, 8.87047690412e-07, 1.08054030079e-06, 9.0359509386e-07, 1.26085228658e-06, 8.78881849076e-07, 8.32535477002e-07, 6.8202393777e-07, 4.69592407626e-07],
        "dvar": [2.41964653469e-06, 1.01014775282e-05, 1.89183606381e-06, 9.76931318064e-08, 2.79334599895e-08, 5.64349633692e-08, 9.86576296214e-08, 1.37338247441e-07, 1.35026866133e-07, 7.63424310435e-08, 1.84250581015e-07, 4.76364050428e-07, 1.88579321048e-07, 4.4495561724e-07, 1.34352845294e-07, 5.31047305685e-07, 1.64585898688e-07, 7.40935419685e-08, 5.3316476567e-08, 3.65733976437e-09, 2.14540740728e-09, 9.93676321781e-11, 3.70636743519e-10, 5.55458401497e-10, 1.08010413113e-10, 4.51482601305e-11, 3.32769714562e-11, 9.94944838323e-12, 6.01159096461e-12, 8.27102622503e-12, 2.57576143574e-12, 3.61121289122e-12, 1.11883083093e-12, 1.20375519448e-12, 6.84559071755e-13, 1.68146573054e-12, 6.35612981519e-13, 6.58517240303e-13, 4.61169405615e-13, 2.19845680289e-13],
        "dvar2": [6.16318038738e-06, 2.83783065242e-05, 5.27470820089e-06, 2.4525235176e-07, 6.25207619009e-08, 1.47253814475e-07, 2.19980904603e-07, 3.464231213e-07, 3.38255176757e-07, 2.0731035022e-07, 4.60373229316e-07, 1.11341614684e-06, 4.00643926923e-07, 1.20257857361e-06, 3.4982156194e-07, 1.05778474335e-06, 3.50343583477e-07, 1.61293669976e-07, 1.12052077839e-07, 8.70680239018e-09, 4.77886219485e-09, 1.91853061215e-10, 8.26718360436e-10, 1.23130816654e-09, 2.43998210525e-10, 1.00281664916e-10, 6.24508153524e-11, 1.94524483327e-11, 9.97545969439e-12, 1.65389958673e-11, 6.19253042941e-12, 7.56647262207e-12, 2.21054338029e-12, 2.55882337888e-12, 1.47125822809e-12, 3.79308303516e-12, 1.42182186164e-12, 1.35780883065e-12, 9.73701804949e-13, 4.92456065076e-13],
        "max": [0.0130750229582, 0.0378018319607, 0.0157728139311, 0.00342738395557, 0.00166176573839, 0.00320240249857, 0.0038076180499, 0.00658715562895, 0.00613476661965, 0.00483086425811, 0.00997707620263, 0.0156022133306, 0.00804085377604, 0.0154791176319, 0.00644840067253, 0.0102322045714, 0.00649260031059, 0.00317855668254, 0.00341069954447, 0.000986625207588, 0.000730255967937, 0.000233769635088, 0.000516204745509, 0.000385965395253, 0.000142367309309, 9.14642951102e-05, 0.000126116268802, 5.4973483202e-05, 4.1067120037e-05, 7.40516479709e-05, 2.72043434961e-05, 4.16562543251e-05, 1.68793849298e-05, 1.76783578354e-05, 8.70074381965e-06, 1.72957406903e-05, 7.35943831387e-06, 7.00102509654e-06, 6.02102909397e-06, 5.00180249219e-06],
        "mean": [0.000600886822212, 0.000987443490885, 0.000576010963414, 0.000267151131993, 0.000172101237695, 0.000152236563736, 0.000241645044298, 0.000200712369406, 0.000165670397109, 0.000140382704558, 0.000145879166666, 0.000280124921119, 0.000201452567126, 0.000190996026504, 0.000108697167889, 0.000321946426993, 0.000211595193832, 0.000148364852066, 9.86561062746e-05, 2.8696429581e-05, 2.12829745578e-05, 7.32703756512e-06, 8.28569227451e-06, 8.10881374491e-06, 5.72635235585e-06, 4.32654178439e-06, 3.87860973206e-06, 2.32610796047e-06, 1.78384868832e-06, 1.95788948076e-06, 1.45453509504e-06, 1.33943501623e-06, 9.80449158305e-07, 1.13973487714e-06, 9.15001180601e-07, 1.20718812013e-06, 9.15876512408e-07, 8.47174192131e-07, 6.85266797973e-07, 4.3720038434e-07],
        "median": [0.000195937929675, 0.000374698662199, 0.000240615641815, 0.000117744973977, 9.66192601481e-05, 7.00091914041e-05, 7.80987247708e-05, 6.88771688147e-05, 4.19621246692e-05, 5.22548398294e-05, 3.37132660206e-05, 8.53501769598e-05, 4.96346510772e-05, 2.70735945378e-05, 2.06906861422e-05, 2.76107111858e-05, 2.51165802183e-05, 2.73189471045e-05, 1.83157208085e-05, 1.04265091068e-05, 8.12793314253e-06, 3.07945833811e-06, 3.04618765767e-06, 2.24206837629e-06, 1.50251435116e-06, 1.43119518725e-06, 1.59983994763e-06, 1.06379286535e-06, 7.67582548633e-07, 8.66829736879e-07, 8.07381923096e-07, 6.50185938866e-07, 5.38879987744e-07, 6.01123815613e-07, 4.90971103773e-07, 6.87696967816e-07, 5.56087172754e-07, 4.64433554725e-07, 3.64959902299e-07, 2.24549722816e-07],
        "min": [2.02862060483e-09, 1.56019652753e-09, 1.23666121787e-09, 1.23288235176e-09, 1.56020862896e-09, 1.94676319509e-09, 1.76930070594e-09, 1.03487607372e-09, 1.06244624209e-09, 4.43038450371e-09, 5.12914910544e-09, 1.37894828889e-09, 1.51346088439e-10, 7.73056396675e-10, 8.85183570887e-09, 1.87151840692e-08, 7.4350818835e-09, 7.23845816619e-10, 5.45599121438e-10, 1.70010183709e-09, 5.35607447283e-10, 6.41844702387e-11, 4.12031554708e-11, 8.64311400228e-12, 1.73016479615e-11, 1.56096541942e-11, 3.60786574227e-11, 2.48187737723e-11, 1.73400321879e-11, 4.77605932234e-12, 6.84711141952e-12, 7.77285093928e-12, 1.30362725823e-11, 8.76185929366e-12, 7.06428188516e-12, 8.36099245394e-12, 1.53323916063e-11, 4.84344821194e-11, 3.0392525302e-11, 1.23959688e-11],
        "stdev": [0.00141939206515, 0.00253885565326, 0.00116772670299, 0.000354212214006, 0.000220688540139, 0.000264006550424, 0.000401287921704, 0.000414144044043, 0.000417369505158, 0.00033525377512, 0.000473191437777, 0.000737809983548, 0.000551187666133, 0.000821534253191, 0.000402235484216, 0.00105793389957, 0.000532037520315, 0.000325154425809, 0.000255860970356, 6.41081496724e-05, 5.15253923368e-05, 1.42381823025e-05, 2.08512101381e-05, 2.6280311431e-05, 1.19400920084e-05, 8.93412925507e-06, 8.45503200253e-06, 4.75002070743e-06, 3.85424800697e-06, 4.59090506411e-06, 2.19349635699e-06, 2.75255524684e-06, 1.50603511884e-06, 1.59281944434e-06, 1.0914163795e-06, 1.51798133174e-06, 1.00677118553e-06, 1.01284842913e-06, 8.60197019392e-07, 5.43787905372e-07],
        "var": [2.01467378247e-06, 6.44578858555e-06, 1.36358562486e-06, 1.25466286249e-07, 4.87034306218e-08, 6.969945332e-08, 1.61032005508e-07, 1.71515281977e-07, 1.74197310798e-07, 1.1239509945e-07, 2.23910149089e-07, 5.44363558674e-07, 3.03807837554e-07, 6.74918567256e-07, 1.61793380471e-07, 1.11922406631e-06, 2.83063940287e-07, 1.05725405319e-07, 6.54648317777e-08, 4.10985512289e-09, 2.65486588269e-09, 2.02725836118e-10, 4.34772939872e-10, 6.90654755608e-10, 1.42565806382e-10, 7.98186586271e-11, 7.14875728058e-11, 2.25626947681e-11, 1.4855226424e-11, 2.10764097147e-11, 4.81142643088e-12, 7.57656003908e-12, 2.2681416207e-12, 2.53707384962e-12, 1.19118961656e-12, 2.30426745393e-12, 1.01358819341e-12, 1.02586190411e-12, 7.39938926103e-13, 2.95705300524e-13]
    },
    "melbands128": {
