{
"lowlevel": {
    "average_loudness": 0.903640627861,
    "barkbands_crest": {
        "dmean": 3.20145654678,
        "dmean2": 5.14745664597,
        "dvar": 8.69694042206,
        "dvar2": 19.1145057678,
        "max": 25.3695163727,
        "mean": 11.4321756363,
        "median": 10.3758926392,
        "min": 3.3215649128,
        "stdev": 4.92119407654,
        "var": 24.2181529999
    },
    "barkbands_flatness_db": {
        "dmean": 0.0337007381022,
        "dmean2": 0.0500495061278,
        "dvar": 0.00110085483175,
        "dvar2": 0.00209781597368,
        "max": 0.480010807514,
        "mean": 0.158190399408,
        "median": 0.153548702598,
        "min": 0.0384939052165,
        "stdev": 0.0603244677186,
        "var": 0.00363904121332
    },
    "barkbands_kurtosis": {
        "dmean": 3.30383944511,
        "dmean2": 5.32097673416,
        "dvar": 26.7223873138,
        "dvar2": 65.2536697388,
        "max": 77.2681732178,
        "mean": 4.57677364349,
        "median": 2.62126541138,
        "min": -1.89937019348,
        "stdev": 6.75612258911,
        "var": 45.6451911926
    },
    "barkbands_skewness": {
        "dmean": 0.635536730289,
        "dmean2": 0.986793041229,
        "dvar": 0.397008657455,
        "dvar2": 0.886357903481,
        "max": 7.8572435379,
        "mean": 1.50204586983,
        "median": 1.34533655643,
        "min": -0.882937133312,
        "stdev": 1.15000247955,
        "var": 1.32250571251
    },
    "barkbands_spread": {
        "dmean": 5.94608211517,
        "dmean2": 9.43196964264,
        "dvar": 55.4021186829,
        "dvar2": 121.411842346,
        "max": 106.284111023,
        "mean": 16.9981594086,
        "median": 15.1501607895,
        "min": 0.728120028973,
        "stdev": 10.0983390808,
        "var": 101.976448059
    },
    "dissonance": {
        "dmean": 0.032391063869,
        "dmean2": 0.0533227063715,
        "dvar": 0.000803136616014,
        "dvar2": 0.00208494719118,
        "max": 0.499982237816,
        "mean": 0.43373927474,
        "median": 0.442764610052,
        "min": 0.254890114069,
        "stdev": 0.0433682687581,
        "var": 0.00188080687076
    },
    "dynamic_complexity": 2.94132041931,
    "erbbands_crest": {
        "dmean": 2.84136795998,
        "dmean2": 4.63581371307,
        "dvar": 6.41026639938,
        "dvar2": 16.5010719299,
        "max": 29.5590763092,
        "mean": 10.0973978043,
        "median": 9.36888885498,
        "min": 3.67274570465,
        "stdev": 4.03142642975,
        "var": 16.2523994446
    },
    "erbbands_flatness_db": {
        "dmean": 0.0241553410888,
        "dmean2": 0.0365097038448,
        "dvar": 0.000547071977053,
        "dvar2": 0.00102108670399,
        "max": 0.305418133736,
        "mean": 0.161775186658,
        "median": 0.159715026617,
        "min": 0.0474412664771,
        "stdev": 0.0472069680691,
        "var": 0.00222849776037
    },
    "erbbands_kurtosis": {
        "dmean": 1.57032120228,
        "dmean2": 2.48648190498,
        "dvar": 3.05041503906,
        "dvar2": 7.17277669907,
        "max": 19.4981632233,
        "mean": 2.35924124718,
        "median": 1.64930725098,
        "min": -1.61988306046,
        "stdev": 2.84792947769,
        "var": 8.11070251465
    },
    "erbbands_skewness": {
        "dmean": 0.454542994499,
        "dmean2": 0.694561123848,
        "dvar": 0.156541258097,
        "dvar2": 0.363507866859,
        "max": 3.43116259575,
        "mean": 0.822411179543,
        "median": 0.854689776897,
        "min": -2.71666407585,
        "stdev": 0.718477547169,
        "var": 0.516210019588
    },
    "erbbands_spread": {
        "dmean": 7.71017932892,
        "dmean2": 11.9796361923,
        "dvar": 80.2544250488,
        "dvar2": 187.647445679,
        "max": 114.65801239,
        "mean": 26.8624267578,
        "median": 24.3610496521,
        "min": 4.1271944046,
        "stdev": 14.2878198624,
        "var": 204.141799927
    },
    "hfc": {
        "dmean": 6.24868106842,
        "dmean2": 8.65324401855,
        "dvar": 72.3894424438,
        "dvar2": 138.318374634,
        "max": 154.073486328,
        "mean": 17.5817623138,
        "median": 11.4484968185,
        "min": 0.000951793219429,
        "stdev": 17.6276245117,
        "var": 310.733154297
    },
    "loudness_ebu128": {
        "integrated": -9.36679363251,
        "loudness_range": 4.38810682297,
        "momentary": {
            "dmean": 0.643018364906,
            "dmean2": 0.893383979797,
            "dvar": 0.308637082577,
            "dvar2": 0.513583958149,
            "max": -5.36766576767,
            "mean": -9.94167041779,
            "median": -10.2105875015,
            "min": -15.9518795013,
            "stdev": 2.23924732208,
            "var": 5.0142288208
        },
        "short_term": {
            "dmean": 0.105425417423,
            "dmean2": 0.0965894833207,
            "dvar": 0.0069641340524,
            "dvar2": 0.00813578162342,
            "max": -6.22078752518,
            "mean": -9.5775270462,
            "median": -9.57516479492,
            "min": -12.1210260391,
            "stdev": 1.33278560638,
            "var": 1.77631735802
        }
    },
    "melbands_crest": {
        "dmean": 3.42576169968,
        "dmean2": 5.3472237587,
        "dvar": 9.32923793793,
        "dvar2": 21.3635673523,
        "max": 29.6582355499,
        "mean": 14.3357563019,
        "median": 13.4756450653,
        "min": 4.79125452042,
        "stdev": 5.36435890198,
        "var": 28.7763462067
    },
    "melbands_flatness_db": {
        "dmean": 0.039807703346,
        "dmean2": 0.0577479638159,
        "dvar": 0.00151677557733,
        "dvar2": 0.00295143504627,
        "max": 0.593501150608,
        "mean": 0.230242997408,
        "median": 0.224118158221,
        "min": 0.0826873332262,
        "stdev": 0.073186725378,
        "var": 0.00535629643127
    },
    "melbands_kurtosis": {
        "dmean": 6.13256645203,
        "dmean2": 9.8401222229,
        "dvar": 105.764030457,
        "dvar2": 253.151885986,
        "max": 143.492858887,
        "mean": 9.60064411163,
        "median": 5.2318315506,
        "min": -1.25522279739,
        "stdev": 13.7513408661,
        "var": 189.099380493
    },
    "melbands_skewness": {
        "dmean": 0.795907795429,
        "dmean2": 1.22946548462,
        "dvar": 0.659167706966,
        "dvar2": 1.41594576836,
        "max": 9.40855026245,
        "mean": 2.05380725861,
        "median": 1.79131567478,
        "min": -1.25501334667,
        "stdev": 1.51101708412,
        "var": 2.28317260742
    },
    "melbands_spread": {
        "dmean": 5.93189430237,
        "dmean2": 9.37626457214,
        "dvar": 46.6181716919,
        "dvar2": 108.128036499,
        "max": 93.7901000977,
        "mean": 17.6144752502,
        "median": 16.2651596069,
        "min": 0.662466108799,
        "stdev": 9.8690700531,
        "var": 97.3985519409
    },
    "pitch_salience": {
        "dmean": 0.0867091789842,
        "dmean2": 0.135589301586,
        "dvar": 0.00597397610545,
        "dvar2": 0.0124396113679,
        "max": 0.875056684017,
        "mean": 0.490931391716,
        "median": 0.496343404055,
        "min": 0.0925525203347,
        "stdev": 0.153849601746,
        "var": 0.0236697010696
    },
    "silence_rate_20dB": {
        "dmean": 0,
        "dmean2": 0,
        "dvar": 0,
        "dvar2": 0,
        "max": 1,
        "mean": 1,
        "median": 1,
        "min": 1,
        "stdev": 0,
        "var": 0
    },
    "silence_rate_30dB": {
        "dmean": 0.0108359130099,
        "dmean2": 0.0216886140406,
        "dvar": 0.0107183903456,
        "dvar2": 0.0274152159691,
        "max": 1,
        "mean": 0.989945888519,
        "median": 1,
        "min": 0,
        "stdev": 0.0997650027275,
        "var": 0.00995305646211
    },
    "silence_rate_60dB": {
        "dmean": 0.0139318881556,
        "dmean2": 0.0278853606433,
        "dvar": 0.0137380966917,
        "dvar2": 0.0348541140556,
        "max": 1,
        "mean": 0.0146945090964,
        "median": 0,
        "min": 0,
        "stdev": 0.120325863361,
        "var": 0.0144783128053
    },
    "spectral_centroid": {
        "dmean": 198.395843506,
        "dmean2": 296.478057861,
        "dvar": 50568.2226562,
        "dvar2": 107788.851562,
        "max": 4197.50488281,
        "mean": 949.29498291,
        "median": 874.952392578,
        "min": 147.826950073,
        "stdev": 371.225250244,
        "var": 137808.1875
    },
    "spectral_complexity": {
        "dmean": 2.70356035233,
        "dmean2": 3.9240899086,
        "dvar": 6.11726856232,
        "dvar2": 11.9431343079,
        "max": 48,
        "mean": 14.1701469421,
        "median": 13,
        "min": 0,
        "stdev": 6.06389331818,
        "var": 36.7708015442
    },
    "spectral_decrease": {
        "dmean": 2.75892486634e-09,
        "dmean2": 4.08528766371e-09,
        "dvar": 1.29777375464e-17,
        "dvar2": 2.63083470334e-17,
        "max": -1.26596714882e-12,
        "mean": -7.25548376934e-09,
        "median": -5.06437736192e-09,
        "min": -3.59299043851e-08,
        "stdev": 6.04665384429e-09,
        "var": 3.6562024967e-17
    },
    "spectral_energy": {
        "dmean": 0.0107676358894,
        "dmean2": 0.0158913992345,
        "dvar": 0.000191850835108,
        "dvar2": 0.000384755898267,
        "max": 0.137565240264,
        "mean": 0.0289785917848,
        "median": 0.0206357203424,
        "min": 4.86437693326e-06,
        "stdev": 0.0238523520529,
        "var": 0.000568934716284
    },
    "spectral_energyband_high": {
        "dmean": 0.00028421956813,
        "dmean2": 0.00042424997082,
        "dvar": 4.88071691507e-07,
        "dvar2": 1.00475131148e-06,
        "max": 0.0154378069565,
        "mean": 0.000444261182565,
        "median": 0.000254766520811,
        "min": 6.61735954921e-09,
        "stdev": 0.000828887219541,
        "var": 6.87054068749e-07
    },
    "spectral_energyband_low": {
        "dmean": 0.00775137636811,
        "dmean2": 0.0119127444923,
        "dvar": 0.000165602585184,
        "dvar2": 0.000372063572286,
        "max": 0.130189552903,
        "mean": 0.0129848662764,
        "median": 0.00599652668461,
        "min": 2.97853966913e-06,
        "stdev": 0.0173078477383,
        "var": 0.000299561623251
    },
    "spectral_energyband_middle_high": {
        "dmean": 0.00241155107506,
        "dmean2": 0.00340152089484,
        "dvar": 1.35951913762e-05,
        "dvar2": 2.43135673372e-05,
        "max": 0.0661269202828,
        "mean": 0.0063446382992,
        "median": 0.00288163498044,
        "min": 1.763717421e-07,
        "stdev": 0.009795345366,
        "var": 9.594878793e-05
    },
    "spectral_energyband_middle_low": {
        "dmean": 0.00398799683899,
        "dmean2": 0.00601029908285,
        "dvar": 3.80878191208e-05,
        "dvar2": 8.56687984196e-05,
        "max": 0.0743210241199,
        "mean": 0.00961270928383,
        "median": 0.00630549900234,
        "min": 1.352285949e-06,
        "stdev": 0.00992042105645,
        "var": 9.84147482086e-05
    },
    "spectral_entropy": {
        "dmean": 0.271195083857,
        "dmean2": 0.388607293367,
        "dvar": 0.0739773586392,
        "dvar2": 0.140512734652,
        "max": 8.60704231262,
        "mean": 7.3297290802,
        "median": 7.34989690781,
        "min": 4.73525476456,
        "stdev": 0.518736600876,
        "var": 0.269087672234
    },
    "spectral_flux": {
        "dmean": 0.0293805859983,
        "dmean2": 0.0471448078752,
        "dvar": 0.000991788576357,
        "dvar2": 0.00241822795942,
        "max": 0.282150804996,
        "mean": 0.0834417939186,
        "median": 0.0735849812627,
        "min": 0.00220553320833,
        "stdev": 0.045354578644,
        "var": 0.00205703778192
    },
    "spectral_kurtosis": {
        "dmean": 2.50254058838,
        "dmean2": 3.84584259987,
        "dvar": 7.96476650238,
        "dvar2": 18.1716251373,
        "max": 35.0148391724,
        "mean": 6.55739355087,
        "median": 5.58396816254,
        "min": -1.179048419,
        "stdev": 4.30290460587,
        "var": 18.5149898529
    },
    "spectral_rms": {
        "dmean": 0.000979274744168,
        "dmean2": 0.00140441523399,
        "dvar": 1.04376590571e-06,
        "dvar2": 1.85176986633e-06,
        "max": 0.0115849031135,
        "mean": 0.00490354886279,
        "median": 0.00448691518977,
        "min": 6.88892832841e-05,
        "stdev": 0.00205596885644,
        "var": 4.22700759373e-06
    },
    "spectral_rolloff": {
        "dmean": 369.247131348,
        "dmean2": 630.484619141,
        "dvar": 676571.25,
        "dvar2": 1628005.375,
        "max": 9991.40625,
        "mean": 963.032470703,
        "median": 839.794921875,
        "min": 86.1328125,
        "stdev": 847.321777344,
        "var": 717954.1875
    },
    "spectral_skewness": {
        "dmean": 0.328462123871,
        "dmean2": 0.496335715055,
        "dvar": 0.110037587583,
        "dvar2": 0.235426351428,
        "max": 4.41787195206,
        "mean": 2.10227608681,
        "median": 2.01650238037,
        "min": 0.339547306299,
        "stdev": 0.560318410397,
        "var": 0.313956707716
    },
    "spectral_spread": {
        "dmean": 1009326.375,
        "dmean2": 1520414.875,
        "dvar": 1.29416953856e+12,
        "dvar2": 2.63616515277e+12,
        "max": 14551940,
        "mean": 5075881.5,
        "median": 4787793.5,
        "min": 1517007.875,
        "stdev": 1839541.875,
        "var": 3.3839143977e+12
    },
    "spectral_strongpeak": {
        "dmean": 0.5318146348,
        "dmean2": 0.892762601376,
        "dvar": 0.708835840225,
        "dvar2": 1.85912251472,
        "max": 9.16299915314,
        "mean": 0.958393096924,
        "median": 0.525906682014,
        "min": 0,
        "stdev": 1.23694956303,
        "var": 1.53004407883
    },
    "zerocrossingrate": {
        "dmean": 0.0118170110509,
        "dmean2": 0.0139540266246,
        "dvar": 0.000157053917064,
        "dvar2": 0.000210939804674,
        "max": 0.22998046875,
        "mean": 0.0464161746204,
        "median": 0.04150390625,
        "min": 0.00341796875,
        "stdev": 0.025164488703,
        "var": 0.000633251445834
    },
    "barkbands": {
        "dmean": [6.22642619419e-05, 0.00646414700896, 0.00159372703638, 0.000257024395978, 0.000903005129658, 0.000733240856789, 0.000620209146291, 0.00216710870154, 0.00119129742961, 0.00097302213544, 0.000702396966517, 0.000722936878446, 0.000456601701444, 0.000322387961205, 0.000222906775889, 0.000166316109244, 0.000103900696558, 9.05373817659e-05, 6.63302780595e-05, 4.81474016851e-05, 3.13013006235e-05, 3.86900865124e-05, 3.89320703107e-05, 6.63653117954e-05, 7.83285795478e-05, 3.62039063475e-05, 2.73097884929e-06],
        "dmean2": [0.000107140294858, 0.0101145030931, 0.00233643641695, 0.000415325484937, 0.00138790311757, 0.00112207711209, 0.000946919026319, 0.00343310786411, 0.00178288901225, 0.0014308769023, 0.0010990522569, 0.00108690047637, 0.000697674462572, 0.000496206688695, 0.000324917258695, 0.000250216340646, 0.000150278996443, 0.000147664948599, 9.87659950624e-05, 7.22650584066e-05, 4.78632573504e-05, 6.01415595156e-05, 5.91630705458e-05, 0.000101151956187, 0.000118905947602, 5.74051773583e-05, 4.73602403872e-06],
        "dvar": [1.32837429945e-08, 0.000115773313155, 8.94976437849e-06, 4.50502113836e-07, 2.25967914957e-06, 2.24041650654e-06, 2.32872207562e-06, 2.34405033552e-05, 7.50443587094e-06, 5.36843344889e-06, 2.99687144434e-06, 4.13479119743e-06, 1.5822356545e-06, 3.17544561312e-07, 7.05871798345e-07, 2.44449097409e-07, 1.00141832604e-07, 6.8943066367e-08, 2.24783995861e-08, 9.51975387409e-09, 5.97688964987e-09, 3.17697299579e-08, 1.09056301767e-08, 3.2577510467e-08, 9.26463670226e-08, 4.11318046289e-09, 3.87922541312e-11],
        "dvar2": [3.59662628568e-08, 0.000270229560556, 1.8437331164e-05, 1.06103016151e-06, 4.99566840517e-06, 4.81012875753e-06, 5.76051388634e-06, 5.66030721529e-05, 1.80861006811e-05, 1.05905519376e-05, 6.14760756434e-06, 9.23558673094e-06, 3.74177034246e-06, 6.9285255222e-07, 1.3390846334e-06, 4.35537771182e-07, 2.02047630182e-07, 1.86938748925e-07, 4.71365346755e-08, 2.21251141852e-08, 1.25541763651e-08, 7.95836996303e-08, 2.77232281576e-08, 6.25597067483e-08, 1.8378014488e-07, 9.20449760855e-09, 1.03900360537e-10],
        "max": [0.000953773618676, 0.109416365623, 0.0361636355519, 0.00858334172517, 0.021880151704, 0.029168613255, 0.0278940573335, 0.0605367571115, 0.0466681607068, 0.0597247034311, 0.0463657081127, 0.0456899143755, 0.0181300919503, 0.0070652095601, 0.0169194061309, 0.0107616791502, 0.0061129196547, 0.00423057051376, 0.00344812031835, 0.0016433428973, 0.00209371140227, 0.00509192747995, 0.00238730735146, 0.00400753086433, 0.00947392731905, 0.000713914982043, 6.70790832373e-05],
        "mean": [5.69046460441e-05, 0.0103115318343, 0.00246309349313, 0.000378367694793, 0.00162983324844, 0.0012721096864, 0.000999967451207, 0.0031154898461, 0.00175698415842, 0.00158318155445, 0.0013539470965, 0.00125003582798, 0.000752259977162, 0.00049386714818, 0.00032843084773, 0.000299113977235, 0.000188722682651, 0.000151648098836, 0.000103531827335, 8.02809590823e-05, 5.54127182113e-05, 5.87429203733e-05, 5.71863420191e-05, 9.00870581972e-05, 9.96837989078e-05, 4.58483373222e-05, 2.33844548347e-06],
        "median": [1.29569725686e-05, 0.00413411576301, 0.000857037026435, 7.16702124919e-05, 0.000820660148747, 0.000644401472528, 0.000331907242071, 0.00120376527775, 0.00083650869783, 0.000620085629635, 0.00033267843537, 0.000366546853911, 0.00019959337078, 0.00017369032139, 6.09503913438e-05, 6.52087474009e-05, 3.48312678398e-05, 4.33681925642e-05, 4.78842121083e-05, 4.06550680054e-05, 3.06677393382e-05, 2.98291615763e-05, 2.51629626291e-05, 3.63896870113e-05, 3.36250595865e-05, 1.30503904074e-05, 2.36384721575e-07],
        "min": [3.8185339335e-09, 4.63295521058e-07, 6.6444215463e-07, 1.50906146246e-07, 4.33129542898e-07, 7.22997626212e-08, 9.63772777141e-08, 1.79191459893e-07, 1.22739109543e-07, 5.5480196437e-08, 6.4951937162e-09, 3.08625480727e-08, 6.21782003662e-09, 5.1334394513e-09, 2.47811762222e-08, 4.42752501328e-08, 3.52001938708e-09, 3.36763750219e-09, 6.3194458555e-09, 3.54820661741e-09, 1.51666479375e-09, 8.00783772625e-10, 5.88620874264e-10, 7.76636754907e-10, 8.67941274407e-10, 5.56207635505e-10, 1.66104814365e-12],
        "stdev": [0.000106374878669, 0.0141579424962, 0.00435273861513, 0.000917981436942, 0.00251299026422, 0.0021518599242, 0.00182901800144, 0.0058575947769, 0.00311975926161, 0.00361044774763, 0.00374801247381, 0.00325339892879, 0.00194083689712, 0.000824376416858, 0.00116088730283, 0.00091613776749, 0.000545981514733, 0.000374505383661, 0.000199032889213, 0.000129486332298, 9.45232677623e-05, 0.000165832505445, 0.00010581099923, 0.000217213921132, 0.000346389017068, 7.30651372578e-05, 5.7268839555e-06],
        "var": [1.13156151116e-08, 0.000200447335374, 1.89463316929e-05, 8.42689928504e-07, 6.31512057225e-06, 4.63050128019e-06, 3.34530705004e-06, 3.43114188581e-05, 9.73289752437e-06, 1.30353337227e-05, 1.40475967783e-05, 1.05846038423e-05, 3.76684806724e-06, 6.79596496411e-07, 1.34765923576e-06, 8.3930837036e-07, 2.98095841345e-07, 1.40254272196e-07, 3.96140897863e-08, 1.67667106865e-08, 8.93464857654e-09, 2.75004179429e-08, 1.11959668203e-08, 4.71818850656e-08, 1.19985344327e-07, 5.33851451934e-09, 3.27971989844e-11]
    },
    "erbbands": {
        "dmean": [0.0974245071411, 1.73496282101, 2.77235841751, 0.764521718025, 1.01745450497, 3.32817220688, 5.98089599609, 7.37016868591, 8.24052047729, 22.6604728699, 39.8931388855, 27.8179111481, 30.7613048553, 23.7461090088, 36.1298789978, 18.6988544464, 21.5147438049, 12.3020553589, 14.1444301605, 11.3958520889, 8.3223733902, 6.16556453705, 5.30761671066, 3.3362429142, 2.95648217201, 2.32362151146, 1.32341766357, 1.30752289295, 1.44751906395, 1.19550037384, 1.11523711681, 1.09221541882, 1.31828260422, 1.02290666103, 0.478859782219, 0.18594892323, 0.0636693760753, 0.011433923617, 0.000318083155435, 1.75019486051e-05],
        "dmean2": [0.149947062135, 2.7280960083, 4.12280368805, 1.22269308567, 1.61651659012, 5.23144817352, 9.35354328156, 11.3636865616, 12.743514061, 35.9307060242, 62.2430229187, 42.1323242188, 46.6642608643, 35.3179206848, 55.5687675476, 27.8924312592, 32.4950790405, 19.0471248627, 21.4257469177, 15.9142799377, 12.3440217972, 9.05676937103, 8.53616905212, 5.03340578079, 4.39770317078, 3.42247796059, 2.03147220612, 2.03915691376, 2.26000380516, 1.83372306824, 1.69574117661, 1.70518767834, 2.00720524788, 1.6002215147, 0.723815739155, 0.292762190104, 0.10099863261, 0.0182572156191, 0.00052348949248, 2.51891324297e-05],
        "dvar": [0.0192185398191, 8.70747470856, 25.8931465149, 2.11527967453, 6.85083150864, 41.2160873413, 117.567977905, 273.005554199, 456.503234863, 2359.77636719, 9484.76757812, 4961.45458984, 4074.23608398, 4277.09082031, 7383.32177734, 2447.53686523, 3763.30615234, 519.907287598, 1026.08911133, 1902.01184082, 575.369262695, 416.946594238, 270.455566406, 54.8336868286, 32.3331680298, 25.6523590088, 7.90488100052, 23.4447231293, 54.4143104553, 14.2594966888, 7.28702449799, 6.2158498764, 16.9715881348, 28.8593177795, 1.41500580311, 0.116447709501, 0.0118745137006, 0.000497112050653, 4.22163594749e-07, 4.02347849482e-10],
        "dvar2": [0.0453245826066, 20.3976230621, 52.9610023499, 5.20874929428, 13.556807518, 90.2291793823, 277.742156982, 555.448364258, 1175.17150879, 5181.43359375, 23888.9960938, 12033.7255859, 9175.921875, 9313.85644531, 15261.7861328, 5650.62011719, 9039.16992188, 1243.5657959, 2350.86279297, 3368.11889648, 1075.16882324, 846.187561035, 737.607910156, 122.13368988, 59.7736968994, 60.1468048096, 15.1127004623, 58.2037467957, 136.238769531, 36.5408439636, 18.3823432922, 12.991651535, 32.2255554199, 62.1777381897, 2.54490113258, 0.251109540462, 0.0268290378153, 0.00122588046361, 1.07385574211e-06, 8.4366413855e-10],
        "max": [1.26109099388, 30.0173091888, 58.8529167175, 18.4044570923, 35.9344863892, 101.748374939, 139.665710449, 353.427368164, 476.27230835, 727.444335938, 1583.04064941, 1313.71972656, 897.938110352, 1823.85632324, 2223.75537109, 885.934631348, 902.897155762, 353.08807373, 606.422241211, 1094.88342285, 429.620025635, 443.516265869, 279.269683838, 167.267364502, 96.4496078491, 97.791595459, 64.1205368042, 139.339767456, 215.995910645, 85.1175918579, 58.4050750732, 42.9430351257, 109.433425903, 165.792984009, 32.1511993408, 4.27016592026, 1.24124479294, 0.283378601074, 0.00698996102437, 0.000252102006925],
        "mean": [0.153295531869, 2.72647643089, 4.41926860809, 1.33878076077, 1.94396531582, 5.47915887833, 10.228764534, 12.7547779083, 14.8718147278, 34.4564399719, 58.6737289429, 42.1341171265, 52.0377616882, 41.1890182495, 72.0542373657, 38.8209915161, 36.7005615234, 20.8258266449, 23.0240592957, 18.2686882019, 16.1941490173, 11.8233747482, 9.17618656158, 5.2370595932, 5.18901157379, 3.90705633163, 2.3549349308, 2.19680070877, 2.19214344025, 1.74494159222, 1.64593863487, 1.56319987774, 1.70388364792, 1.20655691624, 0.651881992817, 0.247881218791, 0.0754322260618, 0.0120105277747, 0.000333138072165, 4.35118126916e-05],
        "median": [0.0715792253613, 1.04433691502, 1.8499019146, 0.576767981052, 0.604359686375, 2.65891456604, 4.96804285049, 6.3123884201, 5.7284693718, 16.2343997955, 22.6646518707, 20.7439613342, 23.8919963837, 16.7733459473, 18.9567871094, 12.4169063568, 10.0650663376, 9.06238269806, 7.80474233627, 3.89609384537, 3.42008185387, 2.19672060013, 2.33610224724, 2.41764640808, 2.53211331367, 1.96520900726, 1.52192175388, 1.14734065533, 1.01432430744, 0.870996177197, 0.728323996067, 0.666958212852, 0.659313559532, 0.410699814558, 0.204516991973, 0.0697156637907, 0.0214526262134, 0.0026702596806, 8.89264920261e-05, 3.48033827322e-05],
        "min": [1.52634947881e-05, 0.000189105063328, 0.000731080072001, 0.00121141737327, 0.00148277217522, 0.00139661319554, 0.000956327072345, 0.000510309531819, 0.000921265978832, 0.00262300437316, 0.00403413642198, 0.00280599226244, 0.00224004732445, 0.0007629278698, 0.000621288083494, 0.00120277702808, 0.000378736614948, 0.000153617511387, 0.00108562759124, 0.00148328812793, 0.00219644699246, 0.000300401239656, 0.000149770596181, 0.000196839479031, 0.000409562839195, 0.000149083964061, 6.66371415718e-05, 5.4864838603e-05, 3.88292646676e-05, 1.77019101102e-05, 1.59558258019e-05, 1.80468214239e-05, 1.12078605525e-05, 8.28621978144e-06, 6.57503687762e-06, 2.42565329245e-06, 1.02692069959e-06, 3.05218378571e-07, 7.16122983135e-08, 1.22422356696e-08],
        "stdev": [0.19501067698, 3.85619664192, 7.29465293884, 1.97636950016, 4.484790802, 9.20827579498, 17.2897014618, 23.7394161224, 25.6148777008, 60.0851707458, 111.955177307, 78.1887817383, 92.7709121704, 94.4549865723, 186.718933105, 90.9442443848, 95.7986373901, 36.3128356934, 43.7717704773, 67.5431289673, 47.7349433899, 35.4686851501, 23.5044384003, 9.56680583954, 8.70910072327, 6.51350975037, 3.53518843651, 4.88405036926, 6.80039596558, 3.65851330757, 2.82330942154, 2.97038245201, 4.90714502335, 5.64207363129, 1.51737296581, 0.408601969481, 0.121848352253, 0.0227829050273, 0.000648082408588, 3.42541643477e-05],
        "var": [0.0380291640759, 14.8702526093, 53.2119598389, 3.90603661537, 20.1133499146, 84.792350769, 298.933746338, 563.559875488, 656.121948242, 3610.2277832, 12533.9609375, 6113.48535156, 8606.44238281, 8921.74511719, 34863.9609375, 8270.85546875, 9177.37890625, 1318.62194824, 1915.96789551, 4562.07421875, 2278.625, 1258.02758789, 552.458618164, 91.5237808228, 75.8484420776, 42.4258117676, 12.4975566864, 23.8539466858, 46.245388031, 13.3847198486, 7.97107601166, 8.82317256927, 24.0800704956, 31.8329944611, 2.30242085457, 0.166955575347, 0.0148470215499, 0.000519060762599, 4.2001082079e-07, 1.17334786331e-09]
    },
    "gfcc": {
        "mean": [-6.86543512344, 97.1185913086, -102.580215454, 7.42211151123, -59.6231803894, 27.6397972107, -29.0923442841, 22.1355781555, -20.4256477356, 13.1747770309, -11.1870937347, 2.58578085899, -9.81362724304],
        "cov": [[4164.04980469, -1399.19421387, -166.949249268, 137.89440918, -260.930450439, 89.4724884033, -142.892684937, 286.840545654, -234.774353027, -98.7066955566, -214.307418823, 265.312530518, -75.9456558228], [-1399.19421387, 1135.76513672, -4.8524889946, 4.87259626389, 265.970672607, -43.7473068237, 152.577285767, -101.419029236, 200.667068481, 6.32037162781, 136.70375061, -150.709915161, 109.747154236], [-166.949249268, -4.8524889946, 576.56439209, 105.066879272, 17.6506481171, 69.3876266479, 27.8073539734, 53.6566848755, -2.08167719841, 50.6557769775, 15.2244882584, 21.3413257599, -46.0179367065], [137.89440918, 4.87259626389, 105.066879272, 267.665863037, 110.752754211, 45.9372291565, 40.989692688, 71.7546844482, 52.7821884155, -7.21332454681, 14.3130369186, -5.88909959793, 24.7815227509], [-260.930450439, 265.970672607, 17.6506481171, 110.752754211, 279.42578125, 92.0189590454, 107.046852112, 14.4893846512, 105.413986206, 36.3431892395, 28.9424953461, -49.8835945129, 33.5312728882], [89.4724884033, -43.7473068237, 69.3876266479, 45.9372291565, 92.0189590454, 198.413452148, 128.87121582, 32.8565177917, 8.46675109863, 42.436832428, 4.00760698318, -5.48877763748, -28.1111431122], [-142.892684937, 152.577285767, 27.8073539734, 40.989692688, 107.046852112, 128.87121582, 224.622528076, 35.1245422363, 50.9822235107, 37.0042762756, 15.1454229355, -33.0495491028, -15.1795892715], [286.840545654, -101.419029236, 53.6566848755, 71.7546844482, 14.4893846512, 32.8565177917, 35.1245422363, 140.192886353, 44.5778236389, 1.20984315872, -17.5415992737, 9.97281551361, -12.4179153442], [-234.774353027, 200.667068481, -2.08167719841, 52.7821884155, 105.413986206, 8.46675109863, 50.9822235107, 44.5778236389, 158.231765747, 49.7568626404, 23.082113266, -63.0302505493, 13.0085535049], [-98.7066955566, 6.32037162781, 50.6557769775, -7.21332454681, 36.3431892395, 42.436832428, 37.0042762756, 1.20984315872, 49.7568626404, 114.150405884, 19.1236419678, -23.8342571259, -22.2024402618], [-214.307418823, 136.70375061, 15.2244882584, 14.3130369186, 28.9424953461, 4.00760698318, 15.1454229355, -17.5415992737, 23.082113266, 19.1236419678, 88.1108016968, 16.2597427368, 32.8161315918], [265.312530518, -150.709915161, 21.3413257599, -5.88909959793, -49.8835945129, -5.48877763748, -33.0495491028, 9.97281551361, -63.0302505493, -23.8342571259, 16.2597427368, 121.366172791, 31.6331157684], [-75.9456558228, 109.747154236, -46.0179367065, 24.7815227509, 33.5312728882, -28.1111431122, -15.1795892715, -12.4179153442, 13.0085535049, -22.2024402618, 32.8161315918, 31.6331157684, 95.3541564941]],
        "icov": [[0.000530465506017, 0.000311401789077, 0.000329601461999, -0.000330505339662, 5.98437873123e-05, -0.000250497483648, 0.000187058714801, -0.000753381871618, 0.000262932037003, -5.38960593985e-05, 0.000646083732136, -0.000710251450073, 0.00011067410378], [0.000311401789077, 0.00382172968239, -0.000912407762371, 0.00150841625873, -0.00196746108122, 0.00223793368787, -0.00261615309864, 0.00179385417141, -0.00221401476301, 0.0029129171744, -0.00356546160765, 0.00333876046352, -0.00271442718804], [0.000329601461999, -0.000912407762371, 0.00273925485089, -0.00169850001112, 0.000680710945744, -0.00113251968287, 0.00114667834714, -0.00154525740072, 0.00134203734342, -0.00189623294864, 0.000964449893218, -0.00213741743937, 0.00223663705401], [-0.000330505339662, 0.00150841625873, -0.00169850001112, 0.00690336665139, -0.00300269876607, 0.00085043819854, -0.000900053652003, -0.00123586156406, -0.001216591103, 0.00286751217209, -0.00294065801427, 0.00292856991291, -0.00273661199026], [5.98437873123e-05, -0.00196746108122, 0.000680710945744, -0.00300269876607, 0.00873866397887, -0.00433112960309, 0.000429491745308, 0.000891522970051, -0.00265779229812, -0.001415733248, 0.0026760706678, -0.00108499953058, -0.00127243285533], [-0.000250497483648, 0.00223793368787, -0.00113251968287, 0.00085043819854, -0.00433112960309, 0.0123996529728, -0.00664280354977, 0.000255450053373, 0.00207960931584, -0.000834917707834, -0.0028533062432, 0.00166970700957, 0.000561464054044], [0.000187058714801, -0.00261615309864, 0.00114667834714, -0.000900053652003, 0.000429491745308, -0.00664280354977, 0.0103367129341, -0.00304230861366, 0.000925728469156, -0.00182250130456, 0.0017828423297, -0.00172869022936, 0.0024965389166], [-0.000753381871618, 0.00179385417141, -0.00154525740072, -0.00123586156406, 0.000891522970051, 0.000255450053373, -0.00304230861366, 0.0147873014212, -0.00874769408256, 0.00379097322002, 0.00058454903774, -0.00159083760809, 0.000516687287018], [0.000262932037003, -0.00221401476301, 0.00134203734342, -0.001216591103, -0.00265779229812, 0.00207960931584, 0.000925728469156, -0.00874769408256, 0.018251311034, -0.00757947284728, -0.000593978678808, 0.00477703707293, -0.00135773723014], [-5.38960593985e-05, 0.0029129171744, -0.00189623294864, 0.00286751217209, -0.001415733248, -0.000834917707834, -0.00182250130456, 0.00379097322002, -0.00757947284728, 0.0158684775233, -0.00558489793912, 0.00237972452305, 0.00126083614305], [0.000646083732136, -0.00356546160765, 0.000964449893218, -0.00294065801427, 0.0026760706678, -0.0028533062432, 0.0017828423297, 0.00058454903774, -0.000593978678808, -0.00558489793912, 0.02125082165, -0.0086757754907, -0.00122907129116], [-0.000710251450073, 0.00333876046352, -0.00213741743937, 0.00292856991291, -0.00108499953058, 0.00166970700957, -0.00172869022936, -0.00159083760809, 0.00477703707293, 0.00237972452305, -0.0086757754907, 0.0203798413277, -0.00968232564628], [0.00011067410378, -0.00271442718804, 0.00223663705401, -0.00273661199026, -0.00127243285533, 0.000561464054044, 0.0024965389166, 0.000516687287018, -0.00135773723014, 0.00126083614305, -0.00122907129116, -0.00968232564628, 0.0206816606224]]
    },
    "melbands": {
        "dmean": [0.00138350005727, 0.0017302344786, 0.00014167727204, 0.000135934882564, 0.000213448714931, 0.000155828791321, 0.000123737350805, 0.000335540011292, 0.000286395166768, 0.000185768512893, 0.000158255308634, 0.000104421051219, 0.000102521174995, 9.97859751806e-05, 3.16695513902e-05, 5.0124610425e-05, 2.34231265495e-05, 2.75905549643e-05, 1.83154697879e-05, 1.38018631333e-05, 9.32744387683e-06, 7.43147120374e-06, 5.1736833484e-06, 3.66202743862e-06, 2.80799372376e-06, 2.37564154304e-06, 2.06958111448e-06, 1.51738788645e-06, 9.01071359749e-07, 7.39166182484e-07, 8.06271998499e-07, 8.85326016942e-07, 7.1612356578e-07, 6.8281883614e-07, 6.81245410306e-07, 5.95651215463e-07, 7.3813362178e-07, 9.30770227114e-07, 1.01256875951e-06, 8.12909888737e-07],
        "dmean2": [0.0021525057964, 0.00265566818416, 0.000219974594074, 0.000208740792004, 0.00033211192931, 0.000239625951508, 0.000189150247024, 0.000527909782249, 0.000445192621555, 0.000277949613519, 0.000238365071709, 0.000154811641551, 0.000157508155098, 0.000150392283103, 4.90458405693e-05, 7.70116530475e-05, 3.63637736882e-05, 4.22193770646e-05, 2.68692492682e-05, 1.92330007849e-05, 1.3933392438e-05, 1.1161180737e-05, 8.32481782709e-06, 5.84489771427e-06, 4.27711893281e-06, 3.55691645382e-06, 3.09636970997e-06, 2.27012196774e-06, 1.38765074098e-06, 1.12045222522e-06, 1.28611486616e-06, 1.39352255246e-06, 1.11360782284e-06, 1.06070899619e-06, 1.05337346668e-06, 9.05328590761e-07, 1.17415618206e-06, 1.41153907407e-06, 1.58977650244e-06, 1.29021680095e-06],
        "dvar": [4.75107935927e-06, 9.30668829824e-06, 6.80851997004e-08, 6.70118112112e-08, 1.46350984664e-07, 1.12190221557e-07, 9.21154565958e-08, 4.83328790324e-07, 4.68723953873e-07, 1.98379680683e-07, 1.0719410426e-07, 8.92668339247e-08, 5.95237068524e-08, 6.95668873618e-08, 5.67008262564e-09, 2.25503455908e-08, 2.15250706148e-09, 3.64342200854e-09, 5.18887643963e-09, 2.08406003566e-09, 7.83467846155e-10, 6.59026277994e-10, 2.48055492813e-10, 1.05367943537e-10, 4.34991660747e-11, 2.68399295844e-11, 1.80408032263e-11, 1.07391560922e-11, 3.01908411465e-12, 3.66978756411e-12, 1.15273988271e-11, 2.4571518431e-11, 5.64273584455e-12, 4.67161595866e-12, 3.4574834315e-12, 1.24202991642e-12, 3.11089023465e-12, 6.78057176379e-12, 1.94785715335e-11, 1.88641827853e-11],
        "dvar2": [1.11488516268e-05, 2.02948904189e-05, 1.55918243649e-07, 1.3604037008e-07, 3.39983472486e-07, 2.31573054066e-07, 2.33169785702e-07, 1.08222639028e-06, 1.18443381325e-06, 4.80824724036e-07, 2.34741960981e-07, 1.8618615627e-07, 1.21118446827e-07, 1.48719109916e-07, 1.37935600719e-08, 5.18821714479e-08, 5.15898612719e-09, 8.47814796145e-09, 1.03015356245e-08, 3.37427352726e-09, 1.5498321515e-09, 1.41085709782e-09, 6.7432498474e-10, 2.69768568595e-10, 1.00455671559e-10, 5.28951361878e-11, 3.75458275581e-11, 2.58577985413e-11, 5.88968804283e-12, 7.60045585496e-12, 2.99048424912e-11, 6.18603432367e-11, 1.40799420734e-11, 1.21703862266e-11, 9.03853120821e-12, 2.54173223267e-12, 6.98895281925e-12, 1.24689026465e-11, 4.21546825224e-11, 4.07609224151e-11],
        "max": [0.0208131223917, 0.0307008251548, 0.00306658889167, 0.00465218955651, 0.00497845886275, 0.00697647407651, 0.00655814865604, 0.0101641621441, 0.0115649662912, 0.00790165551007, 0.00471452903003, 0.00858497526497, 0.00647427467629, 0.00593333505094, 0.0013136632042, 0.0024134835694, 0.000783974363003, 0.00117997510824, 0.00123904389329, 0.000955447321758, 0.000515505264048, 0.000455630215583, 0.000239022221649, 0.000199359230464, 0.000150592401042, 0.000114917231258, 8.6672771431e-05, 5.50177683181e-05, 3.49002075382e-05, 5.17715234309e-05, 9.670064901e-05, 0.000146833597682, 5.53123973077e-05, 4.84167867398e-05, 4.32650012954e-05, 1.73927292053e-05, 2.88982100756e-05, 6.19664933765e-05, 0.000128783387481, 0.000132982881041],
        "mean": [0.00221663201228, 0.00280024972744, 0.00026403015363, 0.000243195710937, 0.000369299232261, 0.000273400801234, 0.000216372092837, 0.000497049943078, 0.000421973498305, 0.000268943869742, 0.00026343241916, 0.000168790837051, 0.000198951427592, 0.000190938182641, 6.05016248301e-05, 7.66384109738e-05, 3.60750018444e-05, 4.20210781158e-05, 2.60340293607e-05, 2.27097607421e-05, 1.6906298697e-05, 1.2837612303e-05, 9.20792626857e-06, 6.13537304162e-06, 4.02299474445e-06, 3.87223462894e-06, 3.47667401002e-06, 2.37274025494e-06, 1.51211190769e-06, 1.25040446619e-06, 1.28424699142e-06, 1.31370381951e-06, 1.02580179373e-06, 9.4831784736e-07, 9.5501047781e-07, 8.88130500698e-07, 9.8315933883e-07, 1.19023104617e-06, 1.18680077321e-06, 9.45591693835e-07],
        "median": [0.000954030605499, 0.00120925123338, 0.000103757760371, 0.000111993518658, 0.000176860528882, 0.000140937409014, 8.38685227791e-05, 0.000212571612792, 0.000155683592311, 0.00012709517614, 0.000113702029921, 6.9213048846e-05, 5.1967901527e-05, 5.46046831005e-05, 1.51231997734e-05, 2.21953032451e-05, 1.40123929668e-05, 1.30491125674e-05, 4.63129981654e-06, 4.69104315926e-06, 3.41006648341e-06, 2.2108797566e-06, 2.05347942028e-06, 1.97583131012e-06, 1.83885356364e-06, 1.88051569694e-06, 1.53230053002e-06, 1.25088365621e-06, 9.43368604567e-07, 6.82516940742e-07, 5.82341044719e-07, 5.82265272442e-07, 5.08776054176e-07, 4.37490200511e-07, 4.03828380513e-07, 3.65133900004e-07, 3.90906308212e-07, 4.45957056172e-07, 4.26097983564e-07, 2.9970553328e-07],
        "min": [1.33738339514e-07, 3.77212103331e-07, 2.17009329617e-07, 1.03908426752e-07, 3.89133028023e-08, 1.17626877127e-08, 1.55834776194e-08, 3.15506412107e-08, 3.23805089408e-08, 1.64180864459e-08, 1.1004624767e-08, 3.3770046759e-09, 1.33986877149e-09, 3.44210993042e-09, 2.22513452108e-09, 2.78995493375e-10, 2.37862896046e-10, 1.56885049396e-09, 1.84888171439e-09, 2.61207544483e-09, 2.41753750352e-09, 2.34628011464e-10, 1.3200864013e-10, 1.4544025706e-10, 1.44479025965e-10, 2.91805052344e-10, 2.51346388147e-10, 6.7748529009e-11, 3.94656494984e-11, 3.60155551216e-11, 2.57652458396e-11, 2.53496720143e-11, 1.03045922489e-11, 1.00395091546e-11, 8.65375739817e-12, 1.21429177477e-11, 1.01300703936e-11, 8.43763253711e-12, 6.69745422316e-12, 6.81807041381e-12],
        "stdev": [0.00291525921784, 0.00416425289586, 0.000394166447222, 0.000422589568188, 0.000618217571173, 0.000481581198983, 0.000366296444554, 0.000880468985997, 0.000783930707257, 0.000498954206705, 0.00048977258848, 0.000419779593358, 0.00052297761431, 0.0004741968296, 0.000156164955115, 0.000212448576349, 6.66883715894e-05, 8.07069736766e-05, 9.61005862337e-05, 7.8519609815e-05, 5.06001233589e-05, 4.14644018747e-05, 2.36677115026e-05, 1.38814884849e-05, 7.93518938735e-06, 7.33096067052e-06, 6.15579665464e-06, 4.03373178415e-06, 2.21298273573e-06, 2.30352657127e-06, 3.22506230077e-06, 4.51290634373e-06, 2.3361926651e-06, 2.05365836337e-06, 1.79889286755e-06, 1.45997364598e-06, 1.97024064619e-06, 3.16929958899e-06, 4.74759235658e-06, 4.52422591479e-06],
        "var": [8.49873686093e-06, 1.73410026036e-05, 1.55367189336e-07, 1.78581942123e-07, 3.82192979487e-07, 2.31920438409e-07, 1.34173077981e-07, 7.7522565789e-07, 6.14547388977e-07, 2.48955302595e-07, 2.39877209651e-07, 1.76214896896e-07, 2.73505605719e-07, 2.24862631626e-07, 2.4387492914e-08, 4.51343993291e-08, 4.44733938565e-09, 6.5136158689e-09, 9.23532272878e-09, 6.1653295802e-09, 2.56037258062e-09, 1.71929670501e-09, 5.60160529073e-10, 1.92695734369e-10, 6.29672355923e-11, 5.37429857561e-11, 3.78938304346e-11, 1.62709932333e-11, 4.89729307454e-12, 5.30623418468e-12, 1.04010263943e-11, 2.03663232112e-11, 5.45779610742e-12, 4.21751305754e-12, 3.23601562213e-12, 2.13152303967e-12, 3.88184796807e-12, 1.00444600554e-11, 2.25396333542e-11, 2.04686198546e-11]
    },
    "melbands128": {
