{
"lowlevel": {
    "average_loudness": 0.393493652344,
    "barkbands_crest": {
        "dmean": 3.11353325844,
        "dmean2": 5.06273365021,
        "dvar": 7.57193517685,
        "dvar2": 18.9019145966,
        "max": 26.4763374329,
        "mean": 11.7046470642,
        "median": 10.7047319412,
        "min": 3.08498859406,
        "stdev": 4.72202110291,
        "var": 22.2974834442
    },
    "barkbands_flatness_db": {
        "dmean": 0.0311794672161,
        "dmean2": 0.0476565472782,
        "dvar": 0.00101317907684,
        "dvar2": 0.00203164992854,
        "max": 0.578178465366,
        "mean": 0.232331126928,
        "median": 0.231487244368,
        "min": 0.026510162279,
        "stdev": 0.0831961333752,
        "var": 0.00692159635946
    },
    "barkbands_kurtosis": {
        "dmean": 7.75024795532,
        "dmean2": 12.3091545105,
        "dvar": 217.454605103,
        "dvar2": 494.901855469,
        "max": 280.135925293,
        "mean": 12.4932308197,
        "median": 6.91155433655,
        "min": -1.82788717747,
        "stdev": 18.2812080383,
        "var": 334.202545166
    },
    "barkbands_skewness": {
        "dmean": 0.867233872414,
        "dmean2": 1.35052382946,
        "dvar": 0.99262201786,
        "dvar2": 2.26493692398,
        "max": 16.1876544952,
        "mean": 2.02452540398,
        "median": 1.91606974602,
        "min": -8.68848705292,
        "stdev": 1.94390821457,
        "var": 3.77877902985
    },
    "barkbands_spread": {
        "dmean": 3.790756464,
        "dmean2": 5.94465637207,
        "dvar": 42.6147155762,
        "dvar2": 95.3255767822,
        "max": 77.201210022,
        "mean": 8.8777256012,
        "median": 6.51468753815,
        "min": 0.353034108877,
        "stdev": 8.55496692657,
        "var": 73.1874542236
    },
    "dissonance": {
        "dmean": 0.0426543094218,
        "dmean2": 0.0708422660828,
        "dvar": 0.00154977978673,
        "dvar2": 0.00414396077394,
        "max": 0.500000119209,
        "mean": 0.404515951872,
        "median": 0.414643853903,
        "min": 0.15794852376,
        "stdev": 0.0651559531689,
        "var": 0.00424529798329
    },
    "dynamic_complexity": 8.16933727264,
    "erbbands_crest": {
        "dmean": 3.9240334034,
        "dmean2": 6.35087490082,
        "dvar": 11.5765018463,
        "dvar2": 28.0290622711,
        "max": 31.8638076782,
        "mean": 13.8758440018,
        "median": 13.048494339,
        "min": 3.1544482708,
        "stdev": 5.53305387497,
        "var": 30.6146831512
    },
    "erbbands_flatness_db": {
        "dmean": 0.0264591071755,
        "dmean2": 0.0405504405499,
        "dvar": 0.000635697098915,
        "dvar2": 0.00136579270475,
        "max": 0.445072770119,
        "mean": 0.24801684916,
        "median": 0.253670275211,
        "min": 0.078579261899,
        "stdev": 0.0710183084011,
        "var": 0.00504360022023
    },
    "erbbands_kurtosis": {
        "dmean": 4.14717817307,
        "dmean2": 6.64459323883,
        "dvar": 37.2955055237,
        "dvar2": 89.5328140259,
        "max": 84.6861953735,
        "mean": 6.11398458481,
        "median": 3.57814073563,
        "min": -1.89395427704,
        "stdev": 8.56817054749,
        "var": 73.4135513306
    },
    "erbbands_skewness": {
        "dmean": 0.695962905884,
        "dmean2": 1.06988084316,
        "dvar": 0.515365660191,
        "dvar2": 1.182985425,
        "max": 7.01210737228,
        "mean": 1.55905127525,
        "median": 1.44768679142,
        "min": -4.55588436127,
        "stdev": 1.29111135006,
        "var": 1.66696858406
    },
    "erbbands_spread": {
        "dmean": 7.79328012466,
        "dmean2": 12.1131000519,
        "dvar": 104.147720337,
        "dvar2": 227.977874756,
        "max": 122.679847717,
        "mean": 21.4108161926,
        "median": 17.594751358,
        "min": 0.81429618597,
        "stdev": 16.1937656403,
        "var": 262.238067627
    },
    "hfc": {
        "dmean": 4.06198167801,
        "dmean2": 5.73106765747,
        "dvar": 86.6577835083,
        "dvar2": 168.617385864,
        "max": 134.995498657,
        "mean": 9.48309612274,
        "median": 5.05640268326,
        "min": 1.16948250841e-16,
        "stdev": 16.2908401489,
        "var": 265.391448975
    },
    "loudness_ebu128": {
        "integrated": -16.4160461426,
        "loudness_range": 10.2226171494,
        "momentary": {
            "dmean": 1.68959462643,
            "dmean2": 1.71662032604,
            "dvar": 12.8866872787,
            "dvar2": 10.0756196976,
            "max": -10.9539852142,
            "mean": -21.7905845642,
            "median": -19.0609016418,
            "min": -81.6218643188,
            "stdev": 9.69065570831,
            "var": 93.9088058472
        },
        "short_term": {
            "dmean": 0.153038844466,
            "dmean2": 0.166471600533,
            "dvar": 0.02971775271,
            "dvar2": 0.0290156845003,
            "max": -12.2301883698,
            "mean": -18.8225421906,
            "median": -18.7731685638,
            "min": -25.3376560211,
            "stdev": 3.30240130424,
            "var": 10.9058542252
        }
    },
    "melbands_crest": {
        "dmean": 3.76884865761,
        "dmean2": 5.9932179451,
        "dvar": 10.477807045,
        "dvar2": 27.0022239685,
        "max": 32.2440948486,
        "mean": 15.0855102539,
        "median": 14.2484045029,
        "min": 2.28518605232,
        "stdev": 5.68819093704,
        "var": 32.3555145264
    },
    "melbands_flatness_db": {
        "dmean": 0.0343122258782,
        "dmean2": 0.0513813234866,
        "dvar": 0.00129322428256,
        "dvar2": 0.00253293383867,
        "max": 0.714395523071,
        "mean": 0.291741043329,
        "median": 0.287806034088,
        "min": 0.00477097043768,
        "stdev": 0.0915880128741,
        "var": 0.00838836468756
    },
    "melbands_kurtosis": {
        "dmean": 10.9678554535,
        "dmean2": 17.4294281006,
        "dvar": 489.864074707,
        "dvar2": 1179.21118164,
        "max": 435.837310791,
        "mean": 17.5467319489,
        "median": 10.0407123566,
        "min": -1.85620117188,
        "stdev": 27.956495285,
        "var": 781.565673828
    },
    "melbands_skewness": {
        "dmean": 0.929836690426,
        "dmean2": 1.46034097672,
        "dvar": 1.05029773712,
        "dvar2": 2.50708651543,
        "max": 15.8735942841,
        "mean": 2.22105288506,
        "median": 1.98817586899,
        "min": -4.70162916183,
        "stdev": 1.84934163094,
        "var": 3.42006468773
    },
    "melbands_spread": {
        "dmean": 4.96524524689,
        "dmean2": 7.5463514328,
        "dvar": 146.254226685,
        "dvar2": 250.083770752,
        "max": 247.916168213,
        "mean": 12.5237483978,
        "median": 8.3029794693,
        "min": 0.488669842482,
        "stdev": 20.2352142334,
        "var": 409.463928223
    },
    "pitch_salience": {
        "dmean": 0.0902416706085,
        "dmean2": 0.145836606622,
        "dvar": 0.00561737921089,
        "dvar2": 0.0143836531788,
        "max": 0.870230793953,
        "mean": 0.591397404671,
        "median": 0.613663077354,
        "min": 0.108560554683,
        "stdev": 0.138664245605,
        "var": 0.0192277729511
    },
    "silence_rate_20dB": {
        "dmean": 0,
        "dmean2": 0,
        "dvar": 0,
        "dvar2": 0,
        "max": 1,
        "mean": 1,
        "median": 1,
        "min": 1,
        "stdev": 0,
        "var": 0
    },
    "silence_rate_30dB": {
        "dmean": 0.0185758508742,
        "dmean2": 0.0371804796159,
        "dvar": 0.0182308126241,
        "dvar2": 0.0404455289245,
        "max": 1,
        "mean": 0.973704576492,
        "median": 1,
        "min": 0,
        "stdev": 0.1600125283,
        "var": 0.0256040096283
    },
    "silence_rate_60dB": {
        "dmean": 0.0572755411267,
        "dmean2": 0.114639811218,
        "dvar": 0.0539951957762,
        "dvar2": 0.110793203115,
        "max": 1,
        "mean": 0.34338748455,
        "median": 0,
        "min": 0,
        "stdev": 0.474841713905,
        "var": 0.225474655628
    },
    "spectral_centroid": {
        "dmean": 196.065307617,
        "dmean2": 291.61907959,
        "dvar": 139160.859375,
        "dvar2": 225192.578125,
        "max": 10915.3476562,
        "mean": 813.551025391,
        "median": 668.136047363,
        "min": 165.141769409,
        "stdev": 604.080627441,
        "var": 364913.375
    },
    "spectral_complexity": {
        "dmean": 1.79721367359,
        "dmean2": 2.45623540878,
        "dvar": 10.260723114,
        "dvar2": 15.6082992554,
        "max": 53,
        "mean": 7.33797359467,
        "median": 6,
        "min": 0,
        "stdev": 8.61451339722,
        "var": 74.2098464966
    },
    "spectral_decrease": {
        "dmean": 1.88734272655e-09,
        "dmean2": 2.79427458949e-09,
        "dvar": 1.82594660829e-17,
        "dvar2": 4.01956077135e-17,
        "max": 5.08189592804e-17,
        "mean": -4.12220346746e-09,
        "median": -2.37100783451e-09,
        "min": -5.93049520603e-08,
        "stdev": 6.99688396111e-09,
        "var": 4.89563834602e-17
    },
    "spectral_energy": {
        "dmean": 0.00746570294723,
        "dmean2": 0.0110102361068,
        "dvar": 0.000283756206045,
        "dvar2": 0.000619897968136,
        "max": 0.235716849566,
        "mean": 0.0164182968438,
        "median": 0.00951488129795,
        "min": 1.06495367963e-20,
        "stdev": 0.0278046410531,
        "var": 0.000773098028731
    },
    "spectral_energyband_high": {
        "dmean": 9.1393609182e-05,
        "dmean2": 0.000134586371132,
        "dvar": 1.43610563441e-07,
        "dvar2": 3.10619753918e-07,
        "max": 0.00868718605489,
        "mean": 0.000176065601408,
        "median": 4.35788897448e-05,
        "min": 7.81016421892e-21,
        "stdev": 0.000476100452943,
        "var": 2.26671645009e-07
    },
    "spectral_energyband_low": {
        "dmean": 0.000873671844602,
        "dmean2": 0.00143094116356,
        "dvar": 8.05637773738e-06,
        "dvar2": 2.28062308452e-05,
        "max": 0.0388562195003,
        "mean": 0.00140603387263,
        "median": 1.85103926924e-05,
        "min": 3.47428952363e-23,
        "stdev": 0.00408203247935,
        "var": 1.66629906744e-05
    },
    "spectral_energyband_middle_high": {
        "dmean": 0.00108917267062,
        "dmean2": 0.00154642609414,
        "dvar": 7.57189764045e-06,
        "dvar2": 1.69686991285e-05,
        "max": 0.0428285859525,
        "mean": 0.00210804585367,
        "median": 0.000542211288121,
        "min": 1.69876684917e-21,
        "stdev": 0.0042562847957,
        "var": 1.81159612112e-05
    },
    "spectral_energyband_middle_low": {
        "dmean": 0.00690326746553,
        "dmean2": 0.0105168400332,
        "dvar": 0.000253873149632,
        "dvar2": 0.000622097286396,
        "max": 0.208921283484,
        "mean": 0.0130683192983,
        "median": 0.00726800970733,
        "min": 2.36417624814e-22,
        "stdev": 0.0224514231086,
        "var": 0.00050406641094
    },
    "spectral_entropy": {
        "dmean": 0.260951787233,
        "dmean2": 0.390820622444,
        "dvar": 0.0775285437703,
        "dvar2": 0.140944898129,
        "max": 9.81104373932,
        "mean": 6.73296785355,
        "median": 6.71387577057,
        "min": 4.00107192993,
        "stdev": 0.725129187107,
        "var": 0.525812327862
    },
    "spectral_flux": {
        "dmean": 0.0201386306435,
        "dmean2": 0.0315995551646,
        "dvar": 0.00074856140418,
        "dvar2": 0.0016539960634,
        "max": 0.390596657991,
        "mean": 0.0558513849974,
        "median": 0.0434749983251,
        "min": 1.03196590162e-10,
        "stdev": 0.0573664307594,
        "var": 0.00329090724699
    },
    "spectral_kurtosis": {
        "dmean": 5.12544584274,
        "dmean2": 8.12852191925,
        "dvar": 92.978012085,
        "dvar2": 203.291900635,
        "max": 233.46144104,
        "mean": 12.9651489258,
        "median": 5.65023708344,
        "min": -1.17323613167,
        "stdev": 19.4761562347,
        "var": 379.320678711
    },
    "spectral_rms": {
        "dmean": 0.00073907955084,
        "dmean2": 0.00103821326047,
        "dvar": 1.02088381482e-06,
        "dvar2": 2.01790658139e-06,
        "max": 0.0151646845043,
        "mean": 0.00306505360641,
        "median": 0.00304677058011,
        "min": 3.22332004837e-12,
        "stdev": 0.00257357512601,
        "var": 6.62328875478e-06
    },
    "spectral_rolloff": {
        "dmean": 255.114364624,
        "dmean2": 441.105682373,
        "dvar": 702821.625,
        "dvar2": 1412540.75,
        "max": 18949.21875,
        "mean": 1028.67871094,
        "median": 624.462890625,
        "min": 43.06640625,
        "stdev": 1980.29406738,
        "var": 3921564.5
    },
    "spectral_skewness": {
        "dmean": 0.445504873991,
        "dmean2": 0.663303911686,
        "dvar": 0.344116538763,
        "dvar2": 0.71298789978,
        "max": 12.9783945084,
        "mean": 2.43083310127,
        "median": 1.9389770031,
        "min": -0.420423686504,
        "stdev": 1.4940776825,
        "var": 2.23226809502
    },
    "spectral_spread": {
        "dmean": 511153.6875,
        "dmean2": 809533.3125,
        "dvar": 852515225600,
        "dvar2": 1.45179200717e+12,
        "max": 39927872,
        "mean": 4056274.75,
        "median": 4243770.5,
        "min": 693007.4375,
        "stdev": 2551150,
        "var": 6.50836652851e+12
    },
    "spectral_strongpeak": {
        "dmean": 0.47109785676,
        "dmean2": 0.759715080261,
        "dvar": 0.393632858992,
        "dvar2": 1.05553805828,
        "max": 5.82964992523,
        "mean": 0.922210335732,
        "median": 0.669710755348,
        "min": 0,
        "stdev": 0.907428503036,
        "var": 0.823426485062
    },
    "zerocrossingrate": {
        "dmean": 0.00834839977324,
        "dmean2": 0.0096377870068,
        "dvar": 0.000258164218394,
        "dvar2": 0.000215969907003,
        "max": 0.71630859375,
        "mean": 0.0461204871535,
        "median": 0.03369140625,
        "min": 0.0068359375,
        "stdev": 0.0723767355084,
        "var": 0.00523839145899
    },
    "barkbands": {
        "dmean": [0.0001405437215, 0.000630515918601, 0.000202865950996, 0.000483970856294, 0.00122274504974, 0.00232189940289, 0.00324497907422, 0.00106924807187, 0.000809450459201, 0.000379200762836, 0.000326890411088, 0.000390652159695, 0.000103119993582, 4.10125285271e-05, 5.26096919202e-05, 5.45998082089e-05, 6.3588093326e-05, 5.27796582901e-05, 3.59124460374e-05, 3.77042415494e-05, 1.6106869225e-05, 2.00741396839e-05, 2.03247000172e-05, 2.01524817385e-05, 8.73106455401e-06, 4.30098725701e-06, 4.00674508683e-07],
        "dmean2": [0.000239562286879, 0.00112093763892, 0.000350355694536, 0.000740017741919, 0.00192892318591, 0.00376945687458, 0.00522562349215, 0.00168408395257, 0.00128878524993, 0.000625606975518, 0.000501395494211, 0.000635954726022, 0.000158969618496, 6.32033552392e-05, 8.09801131254e-05, 7.72165221861e-05, 9.93046996882e-05, 8.10013734736e-05, 5.34233804501e-05, 5.61374472454e-05, 2.55358718277e-05, 3.07302798319e-05, 3.11654548568e-05, 3.14281642204e-05, 1.27701159727e-05, 6.80185212332e-06, 6.29207477232e-07],
        "dvar": [3.10940151849e-07, 6.28636416877e-06, 9.13342887543e-07, 3.05257049149e-06, 1.83010779438e-05, 6.25117099844e-05, 6.24930908089e-05, 1.04245245893e-05, 4.1700377551e-06, 1.2050377336e-06, 7.38455810279e-07, 1.20379831969e-06, 1.30107622454e-07, 2.55367780255e-08, 5.08837345592e-08, 6.42464570433e-08, 3.52757858479e-08, 3.31938210252e-08, 1.18413971961e-08, 8.56229043222e-09, 4.52714310484e-09, 3.53277651577e-09, 1.74775305339e-08, 1.76665597706e-08, 1.21926124752e-09, 3.46586953581e-10, 3.01630812341e-12],
        "dvar2": [9.20962975215e-07, 1.87237928913e-05, 2.66450661002e-06, 6.92961430104e-06, 4.7211011406e-05, 0.000174664251972, 0.000158426817507, 2.8244276109e-05, 1.14052409117e-05, 3.21340803566e-06, 1.81878294825e-06, 3.03937349599e-06, 2.88255534997e-07, 6.17452116103e-08, 1.207769742e-07, 1.58800702366e-07, 8.65872991085e-08, 8.4162543601e-08, 2.79430025785e-08, 1.7240143535e-08, 1.15224478847e-08, 8.01630761771e-09, 4.08761735571e-08, 3.65806585023e-08, 2.70980238248e-09, 9.14778530703e-10, 7.37768093145e-12],
        "max": [0.00770357763395, 0.0324332341552, 0.0126801282167, 0.0337974391878, 0.0687275528908, 0.113304488361, 0.103016853333, 0.043186340481, 0.0291706509888, 0.0169212296605, 0.0145324589685, 0.0127418022603, 0.008076319471, 0.00222449493594, 0.00440559303388, 0.00487643573433, 0.00340874446556, 0.00333141861483, 0.00165628478862, 0.00142037018668, 0.00117406842764, 0.0008951544296, 0.00379484053701, 0.00374385155737, 0.000678778917063, 0.000327034184011, 3.14798853651e-05],
        "mean": [0.000160271840286, 0.000764719967265, 0.000224391187658, 0.00067463319283, 0.00188860006165, 0.00288350111805, 0.0049099563621, 0.0014498825185, 0.00113131164107, 0.00053463812219, 0.000445193261839, 0.000568108051084, 0.000129276624648, 5.61991146242e-05, 7.26052603568e-05, 7.40930481697e-05, 9.78084644885e-05, 7.93224389781e-05, 6.05238092248e-05, 7.28772138245e-05, 2.41116122197e-05, 3.94713024434e-05, 2.60647902905e-05, 2.72737052001e-05, 1.60011113621e-05, 7.01910448697e-06, 4.42943900225e-07],
        "median": [3.01522095469e-06, 1.51537778947e-06, 1.66701397575e-06, 5.40347173228e-05, 0.000541334913578, 0.00039554797695, 0.000734736386221, 0.000145931655425, 0.000167712627444, 6.68675274937e-05, 5.01822069054e-05, 1.76611192728e-05, 2.9228110634e-06, 6.14472469351e-07, 7.87562896676e-07, 1.77612082553e-06, 1.31435881485e-05, 1.1281503248e-05, 1.04124655991e-05, 1.7037442376e-05, 1.37688039104e-06, 9.37008098845e-06, 3.1896352084e-06, 5.05262914885e-06, 2.66444817498e-06, 7.0188718837e-07, 2.70023363669e-08],
        "min": [5.08957081615e-24, 1.52066776102e-23, 1.1993211692e-23, 8.5072495513e-24, 1.37010245543e-23, 5.92192012424e-23, 5.44218793314e-23, 2.04035339039e-23, 5.16223792173e-23, 1.72676275277e-22, 5.97116965719e-23, 1.1852187028e-22, 6.80520452438e-23, 2.3517824229e-22, 1.20763762485e-22, 1.45046011864e-22, 1.27573209819e-22, 2.04882727112e-22, 2.83919193455e-22, 2.84240291398e-22, 4.33029505055e-22, 7.25753900826e-22, 6.84392093408e-22, 8.06685829531e-22, 1.2643099224e-21, 1.25436941671e-21, 2.72726678422e-21],
        "stdev": [0.000610590330325, 0.00295658526011, 0.000856503844261, 0.00199747900479, 0.00478220824152, 0.00818810146302, 0.00978366471827, 0.00336329475977, 0.00229162047617, 0.00129548145924, 0.00105194048956, 0.00146812316962, 0.000465631892439, 0.00021098923753, 0.000309185765218, 0.000317676225677, 0.00024565885542, 0.000225955503993, 0.000150549196405, 0.000150935433339, 8.25895403977e-05, 8.25186216389e-05, 0.000136111717438, 0.000143468525494, 4.78086330986e-05, 2.38680586335e-05, 1.86821341686e-06],
        "var": [3.7282055132e-07, 8.74139641382e-06, 7.33598881197e-07, 3.98992233386e-06, 2.28695134865e-05, 6.70450099278e-05, 9.57200900302e-05, 1.13117512228e-05, 5.25152427144e-06, 1.6782722696e-06, 1.10657890673e-06, 2.15538557313e-06, 2.16813049292e-07, 4.45164580753e-08, 9.55958299187e-08, 1.00918185808e-07, 6.03482703809e-08, 5.10558884059e-08, 2.26650627155e-08, 2.27815064591e-08, 6.82103218352e-09, 6.80932332742e-09, 1.85263999697e-08, 2.0583218685e-08, 2.2856654347e-09, 5.69684188712e-10, 3.49022134978e-12]
    },
    "erbbands": {
        "dmean": [0.0295212753117, 0.104688577354, 0.174265190959, 0.93645721674, 3.28997659683, 4.45424222946, 7.87615585327, 22.7111492157, 49.2777023315, 33.7375259399, 24.1818199158, 16.929107666, 11.7578287125, 11.3411712646, 13.5286483765, 13.4001731873, 5.18330669403, 2.26988768578, 2.22962927818, 3.18955850601, 3.0072517395, 3.65558004379, 3.0988368988, 2.12821984291, 1.7800706625, 1.80502986908, 0.79883313179, 0.637816488743, 0.812245070934, 0.554928183556, 0.549153029919, 0.441528886557, 0.337175518274, 0.123953789473, 0.0555200092494, 0.0225682295859, 0.00760910101235, 0.00130554125644, 4.64824770461e-05, 9.09817754291e-06],
        "dmean2": [0.0510218255222, 0.184981524944, 0.294804722071, 1.39802730083, 5.03194904327, 7.42480325699, 12.461482048, 36.0469169617, 76.6134567261, 56.0901184082, 36.6081619263, 26.8832187653, 18.7716197968, 18.3792991638, 21.6048679352, 21.4935932159, 7.76709842682, 3.55951619148, 3.10801100731, 4.73601675034, 4.48349809647, 5.69878864288, 4.67098379135, 3.16801333427, 2.61759853363, 2.74691295624, 1.16523480415, 0.985585093498, 1.29550898075, 0.839519262314, 0.84607565403, 0.68880200386, 0.534665107727, 0.180429890752, 0.0835165455937, 0.0354406051338, 0.0119247175753, 0.0020878079813, 7.4119612691e-05, 1.30376301968e-05],
        "dvar": [0.0146153206006, 0.173362582922, 0.528872966766, 9.99813556671, 156.316482544, 394.074279785, 830.005981445, 5798.28125, 12931.1689453, 15478.8867188, 2305.09692383, 2306.60766602, 993.817443848, 1449.22583008, 1412.1171875, 1359.93029785, 303.465454102, 76.5990524292, 72.8400039673, 258.884155273, 218.23008728, 123.180160522, 91.7464904785, 48.6742897034, 27.7528114319, 18.806350708, 8.0060338974, 6.74523353577, 5.91548395157, 4.6904759407, 13.7914104462, 9.05182552338, 5.5982131958, 0.312654644251, 0.0435747951269, 0.00898485071957, 0.0010465006344, 3.29932227032e-05, 5.2545534146e-08, 4.2265924094e-10],
        "dvar2": [0.0442784130573, 0.514526963234, 1.51142477989, 23.1914024353, 403.041503906, 1082.57275391, 2068.26074219, 16027.2714844, 32556.2382812, 42573.7617188, 5560.73925781, 6407.03125, 2643.453125, 3865.50512695, 3633.52514648, 3421.671875, 702.442016602, 180.312194824, 146.142715454, 639.587768555, 557.341369629, 309.969329834, 227.852249146, 114.971984863, 65.8220672607, 40.6578941345, 19.3302764893, 16.7501163483, 14.0068082809, 9.40790748596, 31.6903171539, 19.0444278717, 12.4560518265, 0.683942198753, 0.101259365678, 0.0229944586754, 0.0028107103426, 8.33864105516e-05, 1.35558053671e-07, 8.78025985251e-10],
        "max": [1.59828925133, 6.06906652451, 10.2519721985, 53.8960189819, 268.843536377, 327.128753662, 375.134429932, 1121.39404297, 1354.10681152, 1744.23095703, 569.314941406, 642.788513184, 427.670562744, 635.469421387, 703.630493164, 445.493713379, 373.968170166, 140.038574219, 173.313476562, 346.060241699, 292.136291504, 175.692657471, 173.219955444, 113.388290405, 84.9184265137, 64.1923904419, 49.9935531616, 41.508644104, 41.1869277954, 44.8211212158, 110.644920349, 87.1085205078, 69.1082382202, 12.1183242798, 3.8817923069, 1.69718527794, 0.586094856262, 0.0999993905425, 0.00475204829127, 0.000304797431454],
        "mean": [0.035975124687, 0.117419734597, 0.217687875032, 1.39651298523, 4.81790733337, 5.70321989059, 10.0747070312, 29.384267807, 73.5542373657, 42.8409538269, 38.4646148682, 23.4158267975, 16.5454692841, 15.9878330231, 20.9468803406, 20.9446430206, 7.53195905685, 3.35649180412, 3.33811807632, 4.15683031082, 4.06916618347, 5.5200047493, 4.9867939949, 3.27781200409, 3.30754137039, 3.46424674988, 1.42338371277, 0.990460932255, 1.57937252522, 0.927205502987, 0.710848689079, 0.529558360577, 0.481864631176, 0.21046333015, 0.100738994777, 0.0388233140111, 0.0113574797288, 0.00193456630222, 6.35785836494e-05, 2.05463384191e-05],
        "median": [0.00014779563935, 0.000529847864527, 0.0048779505305, 0.140745356679, 1.34464406967, 1.25288033485, 0.597867250443, 4.76582384109, 14.6200962067, 5.25582265854, 5.37817525864, 3.89224863052, 2.82507491112, 2.15977787971, 2.63441610336, 1.39455831051, 0.267630755901, 0.0712278261781, 0.0494541041553, 0.0711306333542, 0.226569116116, 0.905667543411, 0.846546649933, 0.667772889137, 0.726798355579, 0.804025173187, 0.21752089262, 0.0972852483392, 0.340847998857, 0.236620992422, 0.0968913659453, 0.0560217835009, 0.0980140641332, 0.0381276160479, 0.015703741461, 0.00429674470797, 0.00116692995653, 0.000214138097363, 1.32242021209e-05, 1.14563090392e-05],
        "min": [5.44633708907e-22, 3.20975239018e-21, 1.23870038236e-20, 2.04420853975e-20, 3.85111382515e-20, 4.9776365611e-20, 2.6012558103e-19, 4.91029145766e-19, 6.10276330052e-19, 8.23564954397e-19, 4.38451012792e-19, 1.31397102637e-18, 2.84567604909e-18, 5.25183464278e-18, 3.04016585664e-18, 4.63692470543e-18, 4.28735156112e-18, 7.21150699121e-18, 1.10189788189e-17, 5.56718567078e-18, 9.18869612988e-18, 8.8297096702e-18, 1.09581851798e-17, 1.50080258901e-17, 1.42932061832e-17, 1.09324135407e-17, 1.39433749586e-17, 1.88471613645e-17, 2.34901542669e-17, 2.61053403674e-17, 1.96451888236e-17, 1.40861281343e-17, 1.57074699638e-17, 1.13570649061e-17, 1.01256121769e-17, 4.24498585168e-18, 2.38542427766e-18, 1.50026088911e-18, 3.85715276061e-19, 3.75734902531e-20],
        "stdev": [0.140455529094, 0.473559170961, 0.746912896633, 3.79527688026, 12.6348323822, 18.8789634705, 32.9788360596, 80.7545928955, 138.840545654, 132.480361938, 67.5985412598, 50.538028717, 37.4417152405, 43.2166633606, 46.5069198608, 52.6733665466, 23.5160484314, 12.2012929916, 12.7369098663, 20.3125038147, 16.6575279236, 14.1427116394, 12.7947826385, 8.91263866425, 7.73076105118, 6.97969341278, 3.83826136589, 3.23699760437, 3.22239542007, 2.9449930191, 3.82632994652, 3.19189119339, 2.43457627296, 0.693981289864, 0.298420697451, 0.126867860556, 0.0398140102625, 0.00700038066134, 0.000245564617217, 3.61477832485e-05],
        "var": [0.0197277572006, 0.224258288741, 0.557878911495, 14.4041261673, 159.63899231, 356.415252686, 1087.60351562, 6521.30371094, 19276.6953125, 17551.046875, 4569.56298828, 2554.09228516, 1401.88195801, 1867.68005371, 2162.89355469, 2774.48364258, 553.004516602, 148.871551514, 162.228866577, 412.59777832, 277.473266602, 200.016296387, 163.706466675, 79.4351348877, 59.7646636963, 48.7161178589, 14.7322511673, 10.4781532288, 10.3838329315, 8.67298412323, 14.6408014297, 10.1881694794, 5.92716217041, 0.481610000134, 0.0890549123287, 0.0160954557359, 0.00158515549265, 4.90053280373e-05, 6.03019856271e-08, 1.30666233389e-09]
    },
    "gfcc": {
        "mean": [-169.869049072, 109.449378967, -111.414199829, 1.52855789661, -96.3513412476, -22.0009307861, -38.4050636292, 6.03533697128, -29.3422756195, -14.8879289627, -8.70163536072, 0.0471164211631, -15.7690649033],
        "cov": [[31967.5566406, -2084.39868164, -2108.70996094, 1638.16601562, -1368.05407715, 308.077148438, -273.206695557, 1034.39257812, -449.772644043, 873.048950195, 309.054016113, 1180.44140625, 453.943023682], [-2084.39868164, 2631.44995117, -18.3669071198, -326.041442871, 509.818695068, -405.461791992, 116.068656921, -495.710906982, 153.97013855, -558.770202637, 15.1252994537, -548.134155273, -148.750198364], [-2108.70996094, -18.3669071198, 1034.52832031, 52.4196968079, 64.5691757202, 48.5258483887, -42.3754463196, 107.835075378, 37.8678741455, 135.567718506, -95.0058135986, 49.7938079834, 68.0844039917], [1638.16601562, -326.041442871, 52.4196968079, 914.613586426, 63.3020629883, -49.1498527527, -122.807723999, 34.688659668, 134.335922241, 25.4649200439, 64.5863876343, 15.6949062347, 87.6240615845], [-1368.05407715, 509.818695068, 64.5691757202, 63.3020629883, 681.851867676, 144.715194702, 20.0788173676, -169.256454468, 138.785964966, 54.6840820312, 4.15388679504, -110.415039062, 4.44007158279], [308.077148438, -405.461791992, 48.5258483887, -49.1498527527, 144.715194702, 482.382446289, 33.6000175476, 103.363052368, -19.7565402985, 257.727722168, 4.49484586716, 108.830726624, 25.5719413757], [-273.206695557, 116.068656921, -42.3754463196, -122.807723999, 20.0788173676, 33.6000175476, 220.041168213, 31.248500824, -49.4747772217, -33.268787384, 27.5114612579, 20.5713348389, -36.1469650269], [1034.39257812, -495.710906982, 107.835075378, 34.688659668, -169.256454468, 103.363052368, 31.248500824, 311.475372314, -39.4132881165, 182.510147095, -14.7301874161, 168.601104736, 46.7120323181], [-449.772644043, 153.97013855, 37.8678741455, 134.335922241, 138.785964966, -19.7565402985, -49.4747772217, -39.4132881165, 223.326309204, 18.8930740356, -11.4576234818, -89.527633667, 9.69066429138], [873.048950195, -558.770202637, 135.567718506, 25.4649200439, 54.6840820312, 257.727722168, -33.268787384, 182.510147095, 18.8930740356, 437.355895996, 7.04168510437, 177.618041992, 82.4523620605], [309.054016113, 15.1252994537, -95.0058135986, 64.5863876343, 4.15388679504, 4.49484586716, 27.5114612579, -14.7301874161, -11.4576234818, 7.04168510437, 153.10736084, 26.5532474518, 5.58945322037], [1180.44140625, -548.134155273, 49.7938079834, 15.6949062347, -110.415039062, 108.830726624, 20.5713348389, 168.601104736, -89.527633667, 177.618041992, 26.5532474518, 292.442962646, 79.3371047974], [453.943023682, -148.750198364, 68.0844039917, 87.6240615845, 4.44007158279, 25.5719413757, -36.1469650269, 46.7120323181, 9.69066429138, 82.4523620605, 5.58945322037, 79.3371047974, 106.408607483]],
        "icov": [[8.44982641865e-05, -0.000182754389243, 0.000249896955211, -0.000244216382271, 0.000217350199819, -9.49663444771e-05, 0.00013413009583, -0.000144833233207, 0.000156227542902, -0.00023058419174, 0.000146428676089, -0.000334647193085, -4.5578872232e-05], [-0.000182754389243, 0.00152524618898, -0.000731775653549, 0.00102986081038, -0.00123043509666, 0.000815445906483, -0.000745737343095, 0.000489519326948, -0.000496057153214, 0.00120019225869, -0.000900331302546, 0.00197503878735, -0.000390967470594], [0.000249896955211, -0.000731775653549, 0.0019023725763, -0.000827740179375, 0.000574004894588, -0.00026326123043, 0.000529888493475, -0.000830608711112, 0.000500182446558, -0.000991611857899, 0.00120986253023, -0.00110713695176, -0.00055594870355], [-0.000244216382271, 0.00102986081038, -0.000827740179375, 0.0024174945429, -0.00118286500219, 0.000642135681119, 0.00020281005709, -0.000114233815111, -0.00128718547057, 0.00142994511407, -0.00155156105757, 0.00142612913623, -0.000938129029237], [0.000217350199819, -0.00123043509666, 0.000574004894588, -0.00118286500219, 0.00365210184827, -0.00154933577869, -0.000403303070925, 0.001490307739, -0.000607022666372, -0.00174129975494, 0.000958078482654, -0.00121251505334, -0.000353504787199], [-9.49663444771e-05, 0.000815445906483, -0.00026326123043, 0.000642135681119, -0.00154933577869, 0.00396012002602, -0.000729805557057, -0.000182668605703, 0.000427405961091, -0.00128594099078, -0.000354724441422, 0.000832443009131, 0.000485434342409], [0.00013413009583, -0.000745737343095, 0.000529888493475, 0.00020281005709, -0.000403303070925, -0.000729805557057, 0.00675950432196, -0.00227895285934, 0.00093097530771, 0.000869181298185, -0.00109203672037, -0.00176415138412, 0.00198252638802], [-0.000144833233207, 0.000489519326948, -0.000830608711112, -0.000114233815111, 0.001490307739, -0.000182668605703, -0.00227895285934, 0.00744357332587, -0.000843181333039, -0.00168808398303, 0.0010879522888, -0.00120853434782, 9.63623679127e-05], [0.000156227542902, -0.000496057153214, 0.000500182446558, -0.00128718547057, -0.000607022666372, 0.000427405961091, 0.00093097530771, -0.000843181333039, 0.00725873699412, -0.00171731237788, 0.000668622960802, 0.0018693638267, -0.000770253536757], [-0.00023058419174, 0.00120019225869, -0.000991611857899, 0.00142994511407, -0.00174129975494, -0.00128594099078, 0.000869181298185, -0.00168808398303, -0.00171731237788, 0.00661596376449, -0.00148192513734, -4.51619962405e-05, -0.00132216326892], [0.000146428676089, -0.000900331302546, 0.00120986253023, -0.00155156105757, 0.000958078482654, -0.000354724441422, -0.00109203672037, 0.0010879522888, 0.000668622960802, -0.00148192513734, 0.00850262865424, -0.00213964609429, 5.30639772478e-05], [-0.000334647193085, 0.00197503878735, -0.00110713695176, 0.00142612913623, -0.00121251505334, 0.000832443009131, -0.00176415138412, -0.00120853434782, 0.0018693638267, -4.51619962405e-05, -0.00213964609429, 0.0106387818232, -0.00445065321401], [-4.5578872232e-05, -0.000390967470594, -0.00055594870355, -0.000938129029237, -0.000353504787199, 0.000485434342409, 0.00198252638802, 9.63623679127e-05, -0.000770253536757, -0.00132216326892, 5.30639772478e-05, -0.00445065321401, 0.0151133453473]]
    },
    "melbands": {
        "dmean": [0.000214243016671, 9.32187758735e-05, 0.00022172840545, 0.000265087379375, 0.000243163100095, 0.000532162142918, 0.00071315059904, 0.000329778646119, 0.000209208432352, 9.83288773568e-05, 5.96747267991e-05, 4.86034296046e-05, 4.39897266915e-05, 4.36256596004e-05, 2.44151669904e-05, 7.94252082414e-06, 3.85996600016e-06, 3.55238034899e-06, 4.58904514744e-06, 3.86453893952e-06, 3.61186243936e-06, 3.9125557123e-06, 3.3546823488e-06, 2.6180025543e-06, 1.73674220605e-06, 1.35623986353e-06, 1.53255973601e-06, 1.20816105209e-06, 5.70528186472e-07, 3.77618903258e-07, 3.98252268496e-07, 4.96950178785e-07, 3.92739252675e-07, 3.20586678981e-07, 3.05191178995e-07, 3.5745807736e-07, 2.48134938374e-07, 2.8592671697e-07, 1.41408136756e-07, 9.90046302718e-08],
        "dmean2": [0.000379257253371, 0.000154957582708, 0.000338700629072, 0.000422014214564, 0.000372206210159, 0.000829102296848, 0.00111508939881, 0.000547105679289, 0.000313657248626, 0.000156933980179, 9.6083538665e-05, 7.90304984548e-05, 6.97247232893e-05, 7.09273299435e-05, 3.71750211343e-05, 1.21006232803e-05, 6.25139000476e-06, 4.95576932735e-06, 7.11463871994e-06, 5.70418342249e-06, 5.61323031434e-06, 6.08548680248e-06, 5.10502468387e-06, 4.05306627727e-06, 2.65144581135e-06, 2.02489013645e-06, 2.30790897149e-06, 1.87412399555e-06, 8.4398556055e-07, 5.91011769302e-07, 6.30329054729e-07, 8.01994076483e-07, 6.09920846273e-07, 4.89867375109e-07, 4.67765971734e-07, 5.54561950139e-07, 3.98136847934e-07, 4.62981176952e-07, 2.20517691218e-07, 1.51927139314e-07],
        "dvar": [7.43761177091e-07, 1.1460699767e-07, 6.54243763165e-07, 8.77036256952e-07, 8.09127584489e-07, 2.9029590678e-06, 2.67909149443e-06, 1.57327770012e-06, 1.70867593852e-07, 8.62729905293e-08, 2.57279975102e-08, 2.6568601541e-08, 1.43934100194e-08, 1.51998964526e-08, 6.39657571355e-09, 1.19350673788e-09, 2.40009762065e-10, 1.9932298867e-10, 4.14635298318e-10, 3.26413202023e-10, 3.01669939029e-10, 1.55993579165e-10, 7.84011189303e-11, 7.12647441059e-11, 3.49494287677e-11, 1.56115797373e-11, 1.92950967703e-11, 7.66606743363e-12, 3.48879367236e-12, 2.2469517566e-12, 2.78361079846e-12, 2.14989983281e-12, 1.17406843796e-12, 1.85709108681e-12, 3.0861140466e-12, 8.54317658283e-12, 2.6297223947e-12, 5.68852690647e-12, 3.62239643663e-13, 2.04888393036e-13],
        "dvar2": [2.25484404837e-06, 3.18943278899e-07, 1.53140524617e-06, 2.37198992181e-06, 1.90493847185e-06, 8.00806628831e-06, 6.67851554681e-06, 4.34584489994e-06, 4.08984334399e-07, 2.41717827976e-07, 6.8356470706e-08, 7.20130799436e-08, 3.6537382897e-08, 3.7836962008e-08, 1.65116933459e-08, 2.82245915528e-09, 5.8817894999e-10, 4.08259287488e-10, 1.07975250963e-09, 7.29320881465e-10, 7.79072750756e-10, 4.00878941154e-10, 1.89128823713e-10, 1.76648154437e-10, 8.38515923363e-11, 3.78416048497e-11, 4.0924173772e-11, 1.77211682828e-11, 8.23235837139e-12, 5.82134297364e-12, 7.1560609001e-12, 5.2804522907e-12, 2.53841674243e-12, 3.79963551941e-12, 7.05600508577e-12, 1.8634229576e-11, 5.58949154322e-12, 1.34442569924e-11, 7.41525764403e-13, 4.83716799254e-13],
        "max": [0.0109474277124, 0.00449496274814, 0.017060207203, 0.0137104867026, 0.0120516298339, 0.0260445903987, 0.0194768682122, 0.0178637430072, 0.00553643144667, 0.00398503476754, 0.00208910554647, 0.00273435167037, 0.00235342257656, 0.00157693610527, 0.00145772378892, 0.000790371617768, 0.000237606902374, 0.000272319448413, 0.000434488698374, 0.000331479590386, 0.000323739746818, 0.000197249741177, 0.000160689931363, 0.000128045634483, 9.26903885556e-05, 6.35768155917e-05, 7.43632481317e-05, 3.8779922761e-05, 3.5431865399e-05, 1.95956490643e-05, 2.65727667283e-05, 2.40033914451e-05, 1.65447654581e-05, 2.98699815175e-05, 4.86074859509e-05, 9.26874854486e-05, 4.02197292715e-05, 6.859095447e-05, 1.28432366182e-05, 9.14629163162e-06],
        "mean": [0.000264187372522, 0.000134159796289, 0.000339432997862, 0.00039603933692, 0.000320725841448, 0.000715328729711, 0.00107231934089, 0.000392746936996, 0.000333531061187, 0.000130355096189, 8.22155489004e-05, 6.53140086797e-05, 6.46703047096e-05, 6.44259707769e-05, 3.82148646167e-05, 9.95976006379e-06, 5.53541167392e-06, 5.05822163177e-06, 5.82270649829e-06, 5.2349400903e-06, 4.50877041658e-06, 5.60446824238e-06, 5.32701187694e-06, 3.78108529731e-06, 2.49757158599e-06, 2.32435991165e-06, 2.59498210653e-06, 2.26078327614e-06, 9.90985199678e-07, 5.29282601747e-07, 5.69842427467e-07, 9.24413996017e-07, 7.22775325812e-07, 4.58959164007e-07, 4.16516911628e-07, 3.75448223622e-07, 3.00008082377e-07, 3.7073044723e-07, 2.44749742251e-07, 1.5735676584e-07],
        "median": [9.5589450666e-07, 9.39814526646e-07, 6.92701723892e-05, 0.000122815428767, 1.17799627333e-05, 0.000115237358841, 0.000217338369112, 2.27878372243e-05, 3.3532109228e-05, 2.06858312595e-05, 1.12744974103e-05, 5.60370153835e-06, 7.92988339526e-06, 4.7300445658e-06, 1.41364341744e-06, 1.86538443359e-07, 6.82526462015e-08, 5.75474032871e-08, 6.69390871622e-08, 9.01634962247e-08, 2.11990268895e-07, 7.97411644271e-07, 8.55054736348e-07, 5.14970849963e-07, 4.06551322385e-07, 3.73786804175e-07, 4.20975169391e-07, 4.69784282586e-07, 1.41615146276e-07, 1.95612450682e-08, 4.04725710723e-08, 1.77358714382e-07, 1.71640166968e-07, 6.40539212782e-08, 6.1477720692e-08, 1.73401843995e-08, 2.84904349002e-08, 6.84294292341e-08, 5.193079744e-08, 1.85996054114e-08],
        "min": [5.00400820136e-24, 5.56290076992e-24, 4.36408817935e-24, 2.71205172733e-24, 7.69406727551e-24, 1.1543736892e-23, 9.76152971313e-24, 7.94248194115e-24, 3.22879013291e-24, 8.83078980753e-24, 1.58398852147e-23, 2.32744275076e-23, 8.20435299611e-24, 1.01960358775e-23, 1.29698522582e-23, 8.36165501605e-24, 1.47062794722e-23, 2.04215798859e-23, 9.46830380378e-24, 6.24729637534e-24, 1.1454769948e-23, 9.91534181243e-24, 7.458798188e-24, 1.00909596049e-23, 1.2392046355e-23, 1.18246234391e-23, 9.91721693481e-24, 6.45298948979e-24, 7.23481612232e-24, 1.09597415861e-23, 1.10872246639e-23, 1.14998659705e-23, 1.65845856865e-23, 1.36681748085e-23, 1.17423641793e-23, 9.28729888021e-24, 8.13023320317e-24, 1.24497318087e-23, 9.08044377365e-24, 9.83127369463e-24],
        "stdev": [0.00100846320856, 0.000427547289291, 0.000890969240572, 0.00100301392376, 0.00105554878246, 0.00182306487113, 0.0020291081164, 0.00129623885732, 0.000600394734647, 0.000303363922285, 0.000190449762158, 0.000180531031219, 0.00014287684462, 0.000164585275343, 0.000121673234389, 4.18380222982e-05, 2.06926506507e-05, 1.9786763005e-05, 2.55692175415e-05, 2.49309705396e-05, 1.88980284292e-05, 1.52541642819e-05, 1.23427507788e-05, 1.06958223114e-05, 7.19585295883e-06, 5.6359726841e-06, 6.510212188e-06, 4.41351403424e-06, 2.56628686657e-06, 1.84517648449e-06, 1.95491315935e-06, 1.90074524653e-06, 1.5222329921e-06, 1.81123368748e-06, 1.91266667571e-06, 2.99215048472e-06, 1.70549515133e-06, 2.29215561376e-06, 7.6900971635e-07, 5.40138273664e-07],
        "var": [1.0169979987e-06, 1.8279669689e-07, 7.93826188783e-07, 1.00603699593e-06, 1.11418330562e-06, 3.32356535182e-06, 4.11727933169e-06, 1.68023518654e-06, 3.60473848104e-07, 9.20296656659e-08, 3.62711141122e-08, 3.25914548682e-08, 2.04137933224e-08, 2.70883138143e-08, 1.48043763915e-08, 1.75042014217e-09, 4.28185792378e-10, 3.91515958542e-10, 6.53784915094e-10, 6.21553308822e-10, 3.57135460094e-10, 2.3268952043e-10, 1.52343498927e-10, 1.14400620921e-10, 5.17802987987e-11, 3.17641885017e-11, 4.23828611096e-11, 1.94791058283e-11, 6.58582780325e-12, 3.40467606365e-12, 3.82168558952e-12, 3.61283268926e-12, 2.31719331223e-12, 3.2805676578e-12, 3.65829372004e-12, 8.95296423803e-12, 2.90871385138e-12, 5.25397694101e-12, 5.91375960788e-13, 2.91749344952e-13]
    },
    "melbands128": {
