{
"lowlevel": {
    "average_loudness": 0.978190779686,
    "barkbands_crest": {
        "dmean": 2.39764213562,
        "dmean2": 3.56216645241,
        "dvar": 5.7503323555,
        "dvar2": 12.1685085297,
        "max": 24.8409538269,
        "mean": 11.4649934769,
        "median": 10.5537786484,
        "min": 2.08504629135,
        "stdev": 4.78661775589,
        "var": 22.9117107391
    },
    "barkbands_flatness_db": {
        "dmean": 0.0274596139789,
        "dmean2": 0.0378758870065,
        "dvar": 0.000643745588604,
        "dvar2": 0.00128277635667,
        "max": 0.403251767159,
        "mean": 0.156952559948,
        "median": 0.154946535826,
        "min": 0.0264904387295,
        "stdev": 0.0613925233483,
        "var": 0.00376904197037
    },
    "barkbands_kurtosis": {
        "dmean": 3.78754591942,
        "dmean2": 5.99963283539,
        "dvar": 32.3041687012,
        "dvar2": 77.0299758911,
        "max": 56.3177909851,
        "mean": 5.64760541916,
        "median": 3.18243122101,
        "min": -1.90429031849,
        "stdev": 8.69598770142,
        "var": 75.6202087402
    },
    "barkbands_skewness": {
        "dmean": 0.623553276062,
        "dmean2": 0.953262984753,
        "dvar": 0.418384432793,
        "dvar2": 0.895626008511,
        "max": 7.17701816559,
        "mean": 1.88723552227,
        "median": 1.655849576,
        "min": -1.80083250999,
        "stdev": 1.2959638834,
        "var": 1.67952251434
    },
    "barkbands_spread": {
        "dmean": 10.516125679,
        "dmean2": 16.6890945435,
        "dvar": 220.441513062,
        "dvar2": 514.85925293,
        "max": 105.004241943,
        "mean": 24.8911075592,
        "median": 16.8368206024,
        "min": 2.02754020691,
        "stdev": 21.5620803833,
        "var": 464.923278809
    },
    "dissonance": {
        "dmean": 0.0247942339629,
        "dmean2": 0.0406184196472,
        "dvar": 0.000587381073274,
        "dvar2": 0.00142914918251,
        "max": 0.499559998512,
        "mean": 0.449153453112,
        "median": 0.458259254694,
        "min": 0.253592789173,
        "stdev": 0.0363999158144,
        "var": 0.00132495374419
    },
    "dynamic_complexity": 1.62144672871,
    "erbbands_crest": {
        "dmean": 2.72540307045,
        "dmean2": 4.35990619659,
        "dvar": 5.69820976257,
        "dvar2": 14.1979084015,
        "max": 28.2893314362,
        "mean": 9.02316665649,
        "median": 8.35770988464,
        "min": 2.7066283226,
        "stdev": 3.7864253521,
        "var": 14.3370170593
    },
    "erbbands_flatness_db": {
        "dmean": 0.0207994394004,
        "dmean2": 0.0300257708877,
        "dvar": 0.000389021239243,
        "dvar2": 0.000698653166182,
        "max": 0.337320834398,
        "mean": 0.145823016763,
        "median": 0.143366202712,
        "min": 0.0658385306597,
        "stdev": 0.0456938184798,
        "var": 0.00208792509511
    },
    "erbbands_kurtosis": {
        "dmean": 1.09888482094,
        "dmean2": 1.75962209702,
        "dvar": 1.8114221096,
        "dvar2": 4.26204109192,
        "max": 13.7839412689,
        "mean": 0.691020190716,
        "median": 0.241876125336,
        "min": -1.73284995556,
        "stdev": 1.87312209606,
        "var": 3.50858616829
    },
    "erbbands_skewness": {
        "dmean": 0.442490011454,
        "dmean2": 0.668310403824,
        "dvar": 0.180334568024,
        "dvar2": 0.416997909546,
        "max": 2.50559711456,
        "mean": 0.298351734877,
        "median": 0.380334913731,
        "min": -3.49440526962,
        "stdev": 0.809988737106,
        "var": 0.656081795692
    },
    "erbbands_spread": {
        "dmean": 14.5864334106,
        "dmean2": 23.3455619812,
        "dvar": 274.085388184,
        "dvar2": 640.101379395,
        "max": 133.380615234,
        "mean": 43.8552131653,
        "median": 37.5674324036,
        "min": 9.80050849915,
        "stdev": 22.9621582031,
        "var": 527.260742188
    },
    "hfc": {
        "dmean": 21.1163444519,
        "dmean2": 33.1560325623,
        "dvar": 1201.08654785,
        "dvar2": 2738.42749023,
        "max": 295.234039307,
        "mean": 37.4365158081,
        "median": 19.4209213257,
        "min": 1.25161704337e-16,
        "stdev": 47.535774231,
        "var": 2259.64990234
    },
    "loudness_ebu128": {
        "integrated": -7.09654474258,
        "loudness_range": 0.863231182098,
        "momentary": {
            "dmean": 0.345170766115,
            "dmean2": 0.402511835098,
            "dvar": 0.104050047696,
            "dvar2": 0.123691052198,
            "max": -5.24559783936,
            "mean": -7.32557249069,
            "median": -6.98498249054,
            "min": -14.5995883942,
            "stdev": 1.61172688007,
            "var": 2.59766364098
        },
        "short_term": {
            "dmean": 0.0748091563582,
            "dmean2": 0.0971594974399,
            "dvar": 0.00344665115699,
            "dvar2": 0.00519843678921,
            "max": -6.32015419006,
            "mean": -6.95287179947,
            "median": -6.81314611435,
            "min": -10.3200960159,
            "stdev": 0.60412979126,
            "var": 0.364972829819
        }
    },
    "melbands_crest": {
        "dmean": 3.08675503731,
        "dmean2": 4.8265337944,
        "dvar": 10.7298536301,
        "dvar2": 28.1974639893,
        "max": 34.9907569885,
        "mean": 16.4075126648,
        "median": 14.8537578583,
        "min": 2.66613602638,
        "stdev": 6.05212306976,
        "var": 36.6281929016
    },
    "melbands_flatness_db": {
        "dmean": 0.0340230092406,
        "dmean2": 0.0468088760972,
        "dvar": 0.0010710171191,
        "dvar2": 0.00223039113916,
        "max": 0.510014891624,
        "mean": 0.233260169625,
        "median": 0.234373852611,
        "min": 0.00843007583171,
        "stdev": 0.0779077187181,
        "var": 0.00606961268932
    },
    "melbands_kurtosis": {
        "dmean": 10.2574644089,
        "dmean2": 15.7514419556,
        "dvar": 351.619415283,
        "dvar2": 802.856506348,
        "max": 271.7449646,
        "mean": 18.8910865784,
        "median": 9.51934432983,
        "min": -1.41022050381,
        "stdev": 27.6811962128,
        "var": 766.248657227
    },
    "melbands_skewness": {
        "dmean": 0.869680702686,
        "dmean2": 1.29703021049,
        "dvar": 0.980471014977,
        "dvar2": 2.06308865547,
        "max": 14.1776027679,
        "mean": 3.20612001419,
        "median": 2.6361515522,
        "min": -0.0409710966051,
        "stdev": 1.92907202244,
        "var": 3.72131872177
    },
    "melbands_spread": {
        "dmean": 9.65014648438,
        "dmean2": 14.7254419327,
        "dvar": 238.6822052,
        "dvar2": 465.996429443,
        "max": 218.587966919,
        "mean": 22.9172515869,
        "median": 15.1766014099,
        "min": 1.69118452072,
        "stdev": 26.434337616,
        "var": 698.774230957
    },
    "pitch_salience": {
        "dmean": 0.0717583224177,
        "dmean2": 0.113105617464,
        "dvar": 0.00686086714268,
        "dvar2": 0.0171234831214,
        "max": 0.851747572422,
        "mean": 0.488814949989,
        "median": 0.498413443565,
        "min": 0.11289704591,
        "stdev": 0.130825191736,
        "var": 0.0171152297407
    },
    "silence_rate_20dB": {
        "dmean": 0,
        "dmean2": 0,
        "dvar": 0,
        "dvar2": 0,
        "max": 1,
        "mean": 1,
        "median": 1,
        "min": 1,
        "stdev": 0,
        "var": 0
    },
    "silence_rate_30dB": {
        "dmean": 0.0634674951434,
        "dmean2": 0.127033308148,
        "dvar": 0.0594395399094,
        "dvar2": 0.124839268625,
        "max": 1,
        "mean": 0.883990705013,
        "median": 1,
        "min": 0,
        "stdev": 0.320236295462,
        "var": 0.102551288903
    },
    "silence_rate_60dB": {
        "dmean": 0.0061919502914,
        "dmean2": 0.0108443070203,
        "dvar": 0.00615363288671,
        "dvar2": 0.0138252135366,
        "max": 1,
        "mean": 0.00464037107304,
        "median": 0,
        "min": 0,
        "stdev": 0.0679615885019,
        "var": 0.00461877742782
    },
    "spectral_centroid": {
        "dmean": 330.134918213,
        "dmean2": 499.542205811,
        "dvar": 256818.953125,
        "dvar2": 442636.40625,
        "max": 10612.4863281,
        "mean": 1120.93615723,
        "median": 820.229125977,
        "min": 320.430084229,
        "stdev": 818.7109375,
        "var": 670287.5625
    },
    "spectral_complexity": {
        "dmean": 3.54643964767,
        "dmean2": 5.06661510468,
        "dvar": 20.247877121,
        "dvar2": 30.1287517548,
        "max": 62,
        "mean": 18.5058002472,
        "median": 17,
        "min": 0,
        "stdev": 8.74548721313,
        "var": 76.4835510254
    },
    "spectral_decrease": {
        "dmean": 3.11976111611e-09,
        "dmean2": 4.57214444083e-09,
        "dvar": 2.07070190692e-17,
        "dvar2": 4.08388200491e-17,
        "max": -8.89435675256e-29,
        "mean": -1.23488685944e-08,
        "median": -9.71123892413e-09,
        "min": -4.39982272837e-08,
        "stdev": 8.48365644401e-09,
        "var": 7.19724292329e-17
    },
    "spectral_energy": {
        "dmean": 0.012828768231,
        "dmean2": 0.0187787991017,
        "dvar": 0.000307128066197,
        "dvar2": 0.000605136912782,
        "max": 0.168774589896,
        "mean": 0.050003092736,
        "median": 0.0409554317594,
        "min": 1.16882341154e-20,
        "stdev": 0.032636564225,
        "var": 0.0010651453631
    },
    "spectral_energyband_high": {
        "dmean": 0.00247747986577,
        "dmean2": 0.00394157413393,
        "dvar": 1.93754840438e-05,
        "dvar2": 4.32955275755e-05,
        "max": 0.0395356565714,
        "mean": 0.00308327912353,
        "median": 0.000591556890868,
        "min": 8.56043965273e-21,
        "stdev": 0.00604184856638,
        "var": 3.65039340977e-05
    },
    "spectral_energyband_low": {
        "dmean": 0.00967606343329,
        "dmean2": 0.0145072536543,
        "dvar": 0.000334460812155,
        "dvar2": 0.000725402263924,
        "max": 0.159612149,
        "mean": 0.0291188471019,
        "median": 0.0177489407361,
        "min": 1.85652721623e-22,
        "stdev": 0.0315083451569,
        "var": 0.000992775894701
    },
    "spectral_energyband_middle_high": {
        "dmean": 0.00204390147701,
        "dmean2": 0.00308282021433,
        "dvar": 1.36429325721e-05,
        "dvar2": 3.25990040437e-05,
        "max": 0.0477882511914,
        "mean": 0.00501810014248,
        "median": 0.0038702879101,
        "min": 1.54766290305e-21,
        "stdev": 0.00480202864856,
        "var": 2.30594778259e-05
    },
    "spectral_energyband_middle_low": {
        "dmean": 0.00563505245373,
        "dmean2": 0.00932627823204,
        "dvar": 8.38491250761e-05,
        "dvar2": 0.000236309380853,
        "max": 0.0836778879166,
        "mean": 0.0146613568068,
        "median": 0.0128969410434,
        "min": 4.50421603474e-22,
        "stdev": 0.0103712193668,
        "var": 0.000107562183985
    },
    "spectral_entropy": {
        "dmean": 0.271801441908,
        "dmean2": 0.400420874357,
        "dvar": 0.0893714055419,
        "dvar2": 0.191369816661,
        "max": 9.79861831665,
        "mean": 7.55690288544,
        "median": 7.56320714951,
        "min": 5.87307357788,
        "stdev": 0.584865391254,
        "var": 0.34206750989
    },
    "spectral_flux": {
        "dmean": 0.0321896597743,
        "dmean2": 0.049031868577,
        "dvar": 0.00134097458795,
        "dvar2": 0.00276027945802,
        "max": 0.358516842127,
        "mean": 0.100962273777,
        "median": 0.0858429223299,
        "min": 1.08112137298e-10,
        "stdev": 0.059063360095,
        "var": 0.00348848057911
    },
    "spectral_kurtosis": {
        "dmean": 2.45222353935,
        "dmean2": 3.8304901123,
        "dvar": 11.3593959808,
        "dvar2": 32.0266227722,
        "max": 54.5172691345,
        "mean": 4.78730487823,
        "median": 3.01261520386,
        "min": -1.29206430912,
        "stdev": 6.10999917984,
        "var": 37.3320922852
    },
    "spectral_rms": {
        "dmean": 0.000849331670906,
        "dmean2": 0.00122789980378,
        "dvar": 9.92046352621e-07,
        "dvar2": 1.79489904895e-06,
        "max": 0.0128319188952,
        "mean": 0.00665761297569,
        "median": 0.00632111681625,
        "min": 3.37685586958e-12,
        "stdev": 0.00211180606857,
        "var": 4.45972500529e-06
    },
    "spectral_rolloff": {
        "dmean": 914.328918457,
        "dmean2": 1603.23193359,
        "dvar": 3252869,
        "dvar2": 7409392.5,
        "max": 18798.4863281,
        "mean": 1579.51867676,
        "median": 689.0625,
        "min": 64.599609375,
        "stdev": 2181.02929688,
        "var": 4756888.5
    },
    "spectral_skewness": {
        "dmean": 0.417114645243,
        "dmean2": 0.634370744228,
        "dvar": 0.193417295814,
        "dvar2": 0.462148547173,
        "max": 5.11508750916,
        "mean": 1.69698560238,
        "median": 1.65251946449,
        "min": -0.0617683380842,
        "stdev": 0.816021025181,
        "var": 0.665890276432
    },
    "spectral_spread": {
        "dmean": 1205007.75,
        "dmean2": 1838516.5,
        "dvar": 3.01460855194e+12,
        "dvar2": 5.26520418304e+12,
        "max": 40427524,
        "mean": 5807160,
        "median": 5638210.5,
        "min": 1169380,
        "stdev": 2398886.5,
        "var": 5.75465691546e+12
    },
    "spectral_strongpeak": {
        "dmean": 0.280840009451,
        "dmean2": 0.484424650669,
        "dvar": 0.286615550518,
        "dvar2": 0.76528096199,
        "max": 5.96715497971,
        "mean": 0.620181024075,
        "median": 0.467059761286,
        "min": 0,
        "stdev": 0.542416930199,
        "var": 0.294216156006
    },
    "zerocrossingrate": {
        "dmean": 0.0172512177378,
        "dmean2": 0.019864840433,
        "dvar": 0.000539569824468,
        "dvar2": 0.000595280551352,
        "max": 0.5068359375,
        "mean": 0.0588259957731,
        "median": 0.04345703125,
        "min": 0.00390625,
        "stdev": 0.0492932125926,
        "var": 0.00242982083
    },
    "barkbands": {
        "dmean": [0.000450607185485, 0.00715628871694, 0.0044554383494, 0.00183633179404, 0.00186098436825, 0.00192296260502, 0.00140389567241, 0.000949953624513, 0.000582305830903, 0.000207902747206, 0.000398576987209, 0.000719360134099, 0.000703266006894, 0.000296932645142, 0.000156385838636, 0.000180202710908, 0.000127335792058, 0.000119109943626, 0.000117754912935, 0.000131817447254, 0.000239817090915, 0.000590774870943, 0.000818433763925, 0.00060569163179, 0.000217658103793, 0.000115992435894, 6.27547842669e-06],
        "dmean2": [0.000610923219938, 0.00961196422577, 0.00747130671516, 0.00314323557541, 0.00318668433465, 0.00306499609724, 0.00213711988181, 0.00150450400542, 0.000863358669449, 0.00034213004983, 0.000612372765318, 0.00115379749332, 0.00112391100265, 0.000473261112347, 0.000253477948718, 0.000297126767691, 0.000197480490897, 0.000186021439731, 0.000174983724719, 0.000189078753465, 0.00036432480556, 0.000937503762543, 0.00135188049171, 0.000970886438154, 0.000349220761564, 0.000198550304049, 1.07574296635e-05],
        "dvar": [1.14498220682e-06, 0.000202056675334, 0.000175367895281, 1.68317128555e-05, 1.59221563081e-05, 8.28946576803e-06, 5.24751658304e-06, 1.95750590137e-06, 9.17301292702e-07, 2.03867799087e-07, 6.43210171347e-07, 1.34659092055e-06, 1.60685522133e-06, 3.65967196103e-07, 1.49092954871e-07, 2.15031349171e-07, 1.2605968891e-07, 1.41330218639e-07, 8.40339851038e-08, 1.27127975702e-07, 3.47500275666e-07, 1.18863920306e-06, 2.75971092378e-06, 1.60218041856e-06, 1.67817688634e-07, 5.57191590644e-08, 2.74727102179e-10],
        "dvar2": [2.35157767747e-06, 0.000383711885661, 0.000441871437943, 4.79313130199e-05, 4.43834687758e-05, 2.03510535357e-05, 1.13925807455e-05, 4.659802471e-06, 1.9380786398e-06, 5.31769103418e-07, 1.33321941576e-06, 3.23820040649e-06, 4.13453244619e-06, 8.59817532728e-07, 3.76787795631e-07, 5.69748522139e-07, 2.82572557353e-07, 3.34574622229e-07, 1.81083350981e-07, 2.75947911632e-07, 7.9784325635e-07, 2.70230270871e-06, 6.38623623672e-06, 3.19570835927e-06, 3.97115258011e-07, 1.43959397292e-07, 7.28987537002e-10],
        "max": [0.0102839879692, 0.153313919902, 0.100511163473, 0.0524208582938, 0.0287343859673, 0.034032471478, 0.035032723099, 0.0223550014198, 0.0144332172349, 0.00473375013098, 0.0197144299746, 0.0123408008367, 0.0205461103469, 0.00941310077906, 0.0041246060282, 0.00523065635934, 0.0040022120811, 0.00444757938385, 0.00456739822403, 0.00422944920138, 0.00620038295165, 0.0103026870638, 0.0286343526095, 0.0221715420485, 0.00362754659727, 0.00164445617702, 0.000201925737201],
        "mean": [0.00077631190652, 0.0207281205803, 0.00576654309407, 0.00343967578374, 0.00277863605879, 0.0033152049873, 0.00222311029211, 0.00178522721399, 0.00106671429239, 0.000310754752718, 0.000671303889249, 0.00128269172274, 0.00115075625945, 0.000475725770229, 0.000234564635321, 0.000265648093773, 0.00019375118427, 0.000165826757438, 0.000215244930587, 0.000168231417774, 0.000268960924586, 0.000632202951238, 0.000951312831603, 0.000798852241132, 0.000237673550146, 9.49880486587e-05, 5.10921381647e-06],
        "median": [4.87809811602e-05, 0.0131741799414, 0.00249873311259, 0.00141601089854, 0.0016033637803, 0.00189063046128, 0.00112333835568, 0.000961534911767, 0.000513291801326, 0.000144241115777, 0.00031770253554, 0.000676522147842, 0.000581347034313, 0.000222904782277, 0.000109137050458, 0.000138906063512, 7.58074020268e-05, 4.10568900406e-05, 6.77126881783e-05, 2.63421698037e-05, 3.1583080272e-05, 6.32306182524e-05, 0.000163650955074, 0.000166551893926, 5.04161762365e-05, 1.05431890915e-05, 5.71108444092e-07],
        "min": [7.43457621391e-24, 1.23308488926e-22, 4.92084869354e-23, 9.73211387884e-24, 4.13207803401e-23, 6.61347030364e-23, 4.20040664126e-23, 1.90456998132e-22, 7.03065339802e-23, 8.31216046291e-23, 1.51515087805e-22, 8.06091520657e-23, 9.75497633005e-23, 2.43287858614e-22, 1.87989870361e-22, 1.01393282957e-22, 1.23360806181e-22, 1.85882930168e-22, 1.96660070176e-22, 3.00676214669e-22, 4.89334281772e-22, 6.26263419792e-22, 7.62739688543e-22, 1.0950295103e-21, 1.45229358284e-21, 1.50007416843e-21, 2.80043995669e-21],
        "stdev": [0.00178498169407, 0.0259216278791, 0.012195953168, 0.0053588654846, 0.00368388323113, 0.00407025078312, 0.00317642302252, 0.0022434098646, 0.001590405358, 0.000502420938574, 0.00137770047877, 0.00166752724908, 0.00158616225235, 0.00078646390466, 0.00042958551785, 0.000477858498925, 0.000398036849219, 0.000450641586212, 0.000472057115985, 0.000431314314483, 0.000674647220876, 0.00136157486122, 0.00227610417642, 0.00195597857237, 0.000470809143735, 0.000210353595321, 1.44526538861e-05],
        "var": [3.18615980177e-06, 0.000671930785757, 0.000148741266457, 2.87174389086e-05, 1.35709951792e-05, 1.65669407579e-05, 1.0089663192e-05, 5.03288765685e-06, 2.52938934864e-06, 2.52426787029e-07, 1.89805848549e-06, 2.78064726444e-06, 2.51591063716e-06, 6.18525518803e-07, 1.84543722526e-07, 2.28348739029e-07, 1.5843332335e-07, 2.03077846095e-07, 2.2283792589e-07, 1.86032039551e-07, 4.55148892797e-07, 1.85388614682e-06, 5.18065053257e-06, 3.82585221814e-06, 2.21661252908e-07, 4.4248633202e-08, 2.08879191721e-10]
    },
    "erbbands": {
        "dmean": [0.297022283077, 1.50446259975, 5.14929151535, 4.80668878555, 5.6829161644, 6.49788045883, 8.78969192505, 20.0855350494, 17.0581378937, 20.6970100403, 18.4652004242, 11.7386989594, 4.86628484726, 11.2821483612, 18.5296726227, 25.6786270142, 31.7989845276, 16.6927242279, 10.6185407639, 7.64946460724, 9.38982105255, 6.79326963425, 5.8248667717, 6.20957326889, 5.89220237732, 6.36563587189, 7.33713388443, 12.3469552994, 19.8823375702, 26.583782196, 22.1820812225, 18.1641101837, 6.91480636597, 3.07670783997, 1.2839512825, 0.545591771603, 0.216439798474, 0.0272692982107, 0.000762570125517, 3.94347152906e-05],
        "dmean2": [0.330115497112, 2.15249872208, 8.38305854797, 7.87649679184, 9.78202724457, 11.3408718109, 14.2490377426, 31.8343696594, 27.6229972839, 30.22813797, 28.2778148651, 17.4784793854, 7.6377658844, 17.8047809601, 28.2940273285, 41.0263710022, 50.8516044617, 26.3058166504, 16.9403591156, 12.8261461258, 14.8731575012, 10.4365243912, 8.6064414978, 9.36497592926, 8.94354724884, 9.34114742279, 10.9786529541, 18.4511394501, 30.7083301544, 44.6466445923, 36.9516639709, 28.6829795837, 11.3070373535, 4.86327838898, 2.16126441956, 0.926120519638, 0.373649686575, 0.0446343645453, 0.0012756632641, 6.2188715674e-05],
        "dvar": [0.402974188328, 9.70616912842, 223.045333862, 118.141967773, 147.306365967, 233.72694397, 255.042358398, 1031.96008301, 814.977966309, 1270.43322754, 643.801757812, 314.928588867, 58.5700531006, 484.740325928, 1359.12097168, 1974.76257324, 3323.84008789, 932.712341309, 646.235229492, 392.030487061, 736.801208496, 359.903045654, 349.410583496, 294.538665771, 242.412445068, 305.122955322, 327.877716064, 887.731811523, 1505.08605957, 2285.62133789, 2324.41650391, 1489.82446289, 237.392227173, 33.0574188232, 6.43645095825, 1.19853341579, 0.217430472374, 0.00301101268269, 2.73334853773e-06, 3.47478579243e-09],
        "dvar2": [0.592434644699, 19.306936264, 541.807983398, 314.670501709, 423.3800354, 656.634033203, 623.083435059, 2514.65014648, 1955.91357422, 2742.92016602, 1437.82836914, 693.382995605, 151.447753906, 1224.58459473, 2654.91870117, 4754.86425781, 8798.66113281, 1996.92578125, 1634.76977539, 1049.87988281, 1842.8807373, 815.994567871, 784.782958984, 572.32800293, 570.255981445, 692.537353516, 768.674499512, 2041.23583984, 3321.90087891, 5562.27050781, 5499.68408203, 3243.03686523, 502.101867676, 71.4333724976, 16.7956199646, 3.14659333229, 0.565626621246, 0.00735512794927, 7.11621942173e-06, 8.29341484376e-09],
        "max": [6.92498588562, 28.447063446, 116.72290802, 142.216934204, 106.311317444, 120.342948914, 155.330917358, 426.272857666, 380.360137939, 506.89175415, 404.831970215, 250.97807312, 69.8190994263, 231.053848267, 897.47845459, 510.421173096, 977.287353516, 385.219207764, 285.883636475, 233.790374756, 318.337249756, 214.889328003, 227.052902222, 244.063095093, 227.509414673, 198.735595703, 227.125076294, 290.627532959, 341.198120117, 502.10446167, 873.400085449, 627.339416504, 243.671340942, 62.0267486572, 19.7380962372, 7.6296377182, 3.38046216965, 0.474446088076, 0.0138517431915, 0.000461519142846],
        "mean": [0.626911580563, 4.44381952286, 7.70834636688, 9.22585678101, 9.71450996399, 9.29386711121, 13.583114624, 34.4462203979, 28.3871841431, 40.7943000793, 36.3887748718, 21.8676605225, 9.58973312378, 18.1027812958, 34.090637207, 48.849937439, 56.6555480957, 30.160528183, 16.8578853607, 12.2364244461, 13.9432201385, 10.7963085175, 8.5414686203, 11.1003551483, 9.98596668243, 7.88742113113, 8.39949703217, 13.8809757233, 21.5272827148, 26.7511425018, 26.8844680786, 23.5428638458, 8.61680603027, 3.55173134804, 1.2694747448, 0.462300300598, 0.173774778843, 0.0240032654256, 0.000663620710839, 8.43050802359e-05],
        "median": [0.250005602837, 2.82164549828, 4.45442819595, 4.45037841797, 5.6675567627, 5.93903827667, 6.66678380966, 18.1320552826, 15.7834329605, 22.5814609528, 20.9657440186, 11.8099241257, 6.07037591934, 8.92897319794, 16.2524681091, 27.0882740021, 30.5097560883, 16.4236431122, 8.67900371552, 6.6609082222, 7.03955411911, 4.51217794418, 2.60723900795, 2.69340229034, 3.37868857384, 1.28168153763, 1.19586408138, 1.38587296009, 2.00714993477, 3.41181206703, 4.98389148712, 5.056391716, 1.58878517151, 0.683806359768, 0.287088871002, 0.0625392571092, 0.0178829561919, 0.00299491733313, 0.000102875645098, 5.43611095054e-05],
        "min": [3.9895979153e-21, 2.58654223822e-20, 5.46988172699e-20, 4.86899931234e-20, 4.82472673188e-20, 1.70729406347e-19, 3.50420099709e-19, 6.21134833351e-19, 3.96010908802e-19, 2.24235842764e-18, 3.35256136832e-18, 1.92001668948e-18, 2.09214945943e-18, 5.12648203839e-18, 4.86477698183e-18, 3.44253773265e-18, 3.98591743333e-18, 1.1549345521e-17, 8.95637335585e-18, 1.05939436417e-17, 4.70331173985e-18, 7.05731390758e-18, 7.19425283081e-18, 1.07842233067e-17, 1.11860114e-17, 1.33185152792e-17, 1.48428213782e-17, 2.36365569635e-17, 1.92496310546e-17, 2.51702871312e-17, 2.23945502369e-17, 2.93547705113e-17, 1.23274189021e-17, 1.37438680938e-17, 1.1462085411e-17, 6.13523417207e-18, 2.86353425813e-18, 1.24371309687e-18, 3.25322276701e-19, 4.4436581946e-20],
        "stdev": [1.11850631237, 5.1376914978, 14.3247461319, 13.2900886536, 12.2980155945, 13.3274831772, 19.0664405823, 46.593952179, 36.4307289124, 53.7030258179, 41.9708251953, 28.250289917, 10.1570634842, 26.9363136292, 65.0469818115, 63.2757263184, 71.5739059448, 41.1763725281, 29.4112014771, 20.395483017, 27.9847354889, 21.501832962, 21.72149086, 27.8584594727, 21.6898956299, 20.2333297729, 20.4561080933, 34.3457374573, 47.1794967651, 60.0942802429, 65.3995819092, 56.5975494385, 22.5441455841, 7.49655771255, 2.41738128662, 0.97538459301, 0.40820273757, 0.0531734116375, 0.00149848067667, 7.04113408574e-05],
        "var": [1.25105631351, 26.3958759308, 205.198348999, 176.626464844, 151.241195679, 177.621795654, 363.529174805, 2170.99633789, 1327.19812012, 2884.01489258, 1761.55004883, 798.078918457, 103.165931702, 725.564941406, 4231.109375, 4003.81738281, 5122.82373047, 1695.49365234, 865.018737793, 415.975738525, 783.145446777, 462.328796387, 471.823181152, 776.09375, 470.451568604, 409.38760376, 418.452392578, 1179.62963867, 2225.90478516, 3611.32250977, 4277.10498047, 3203.2824707, 508.238494873, 56.1983757019, 5.84373283386, 0.951375067234, 0.166629478335, 0.00282741175033, 2.24544419325e-06, 4.9577568717e-09]
    },
    "gfcc": {
        "mean": [27.7189426422, 98.4313964844, -91.236656189, 28.6811141968, -61.4098815918, 36.4562492371, -40.6199569702, 6.23304843903, -13.8159894943, 6.61154556274, -3.60183739662, 1.79962706566, -18.4398593903],
        "cov": [[5114.46972656, -2236.82641602, 445.965698242, 585.590759277, -693.995056152, 413.126586914, -218.975891113, 177.152191162, -283.37121582, 197.531280518, -210.868637085, 224.148345947, -376.867340088], [-2236.82641602, 2167.71069336, -428.283996582, -435.854187012, 587.749938965, -295.623321533, 149.12890625, -39.8214836121, 203.597671509, -183.977035522, 228.312423706, -152.829101562, 254.790557861], [445.965698242, -428.283996582, 492.538604736, 109.172851562, -86.115776062, 190.849304199, 25.3665523529, 55.7911376953, -27.1930122375, 73.8552932739, -80.116355896, 31.6899185181, -73.7463684082], [585.590759277, -435.854187012, 109.172851562, 325.149902344, -48.4408416748, 48.0633850098, 62.0018005371, 8.8878993988, -2.01324081421, 40.1892585754, -54.5473899841, 19.495721817, -20.3117599487], [-693.995056152, 587.749938965, -86.115776062, -48.4408416748, 371.68737793, -76.5742340088, 88.0447158813, -5.46950244904, 62.7242355347, -11.950138092, 36.8125495911, -28.7347507477, 85.4338989258], [413.126586914, -295.623321533, 190.849304199, 48.0633850098, -76.5742340088, 218.78427124, -13.0669403076, 54.2506065369, -15.0105352402, 25.8990306854, 7.43817806244, 4.1412115097, -76.2172927856], [-218.975891113, 149.12890625, 25.3665523529, 62.0018005371, 88.0447158813, -13.0669403076, 218.152954102, 29.9679431915, 51.1197395325, 11.071554184, -32.060218811, 1.45409739017, 44.6348419189], [177.152191162, -39.8214836121, 55.7911376953, 8.8878993988, -5.46950244904, 54.2506065369, 29.9679431915, 140.646102905, 9.94853878021, -8.8786907196, 35.2897071838, 24.3286209106, -17.6458244324], [-283.37121582, 203.597671509, -27.1930122375, -2.01324081421, 62.7242355347, -15.0105352402, 51.1197395325, 9.94853878021, 128.917648315, 13.4620256424, 33.6369895935, 0.975003182888, 45.2615623474], [197.531280518, -183.977035522, 73.8552932739, 40.1892585754, -11.950138092, 25.8990306854, 11.071554184, -8.8786907196, 13.4620256424, 117.206169128, -18.583562851, 23.5264396667, -1.87369370461], [-210.868637085, 228.312423706, -80.116355896, -54.5473899841, 36.8125495911, 7.43817806244, -32.060218811, 35.2897071838, 33.6369895935, -18.583562851, 157.098983765, 9.77384662628, 19.0483455658], [224.148345947, -152.829101562, 31.6899185181, 19.495721817, -28.7347507477, 4.1412115097, 1.45409739017, 24.3286209106, 0.975003182888, 23.5264396667, 9.77384662628, 124.621543884, 21.4494876862], [-376.867340088, 254.790557861, -73.7463684082, -20.3117599487, 85.4338989258, -76.2172927856, 44.6348419189, -17.6458244324, 45.2615623474, -1.87369370461, 19.0483455658, 21.4494876862, 131.118911743]],
        "icov": [[0.000608205853496, -0.00035892528831, 0.000480577728013, -0.00119363644626, 0.000719062401913, -0.000763936841395, 0.000741957512219, -0.000875519530382, 0.000821588619146, -0.00105447461829, 0.00103671266697, -0.00117536692414, 0.000990985776298], [-0.00035892528831, 0.00356930261478, -0.000912385759875, 0.00376516766846, -0.00319108506665, 0.00239317514934, -0.00221629836597, 0.00145116413478, -0.00245978031307, 0.00384864141233, -0.00389983435161, 0.00363940768875, -0.00260201864876], [0.000480577728013, -0.000912385759875, 0.00448959879577, -0.00180566660129, 0.000987992389128, -0.00406685750932, 0.000828314688988, -0.00172493327409, 0.00120957079343, -0.00279146176763, 0.00354240695015, -0.00212856871076, 0.0012539497111], [-0.00119363644626, 0.00376516766846, -0.00180566660129, 0.00888673681766, -0.00349459890276, 0.00290285632946, -0.0042504617013, 0.00274825259112, -0.0034412802197, 0.00435792887583, -0.00432405993342, 0.00458586122841, -0.00347687420435], [0.000719062401913, -0.00319108506665, 0.000987992389128, -0.00349459890276, 0.0069098668173, -0.00181572185829, 0.00102660153061, -0.0017637712881, 0.00209470000118, -0.00397082138807, 0.00304953218438, -0.00266366149299, 0.00135032681283], [-0.000763936841395, 0.00239317514934, -0.00406685750932, 0.00290285632946, -0.00181572185829, 0.0112387361005, -0.00197174376808, 0.00027893888182, -0.00245617167093, 0.00277826678939, -0.00562556041405, 0.00386117771268, 0.00081406114623], [0.000741957512219, -0.00221629836597, 0.000828314688988, -0.0042504617013, 0.00102660153061, -0.00197174376808, 0.00876697897911, -0.00370914698578, 6.31280054222e-05, -0.00298296147957, 0.00537087954581, -0.0026243920438, 0.000532723614015], [-0.000875519530382, 0.00145116413478, -0.00172493327409, 0.00274825259112, -0.0017637712881, 0.00027893888182, -0.00370914698578, 0.011326125823, -0.00201613502577, 0.00417585344985, -0.0051716635935, 0.000473101332318, -0.000352961767931], [0.000821588619146, -0.00245978031307, 0.00120957079343, -0.0034412802197, 0.00209470000118, -0.00245617167093, 6.31280054222e-05, -0.00201613502577, 0.0127523168921, -0.00502338446677, 0.00102452025749, -0.0025370598305, -4.51756977782e-06], [-0.00105447461829, 0.00384864141233, -0.00279146176763, 0.00435792887583, -0.00397082138807, 0.00277826678939, -0.00298296147957, 0.00417585344985, -0.00502338446677, 0.0154065815732, -0.00452831853181, 0.00294352322817, -0.00349422520958], [0.00103671266697, -0.00389983435161, 0.00354240695015, -0.00432405993342, 0.00304953218438, -0.00562556041405, 0.00537087954581, -0.0051716635935, 0.00102452025749, -0.00452831853181, 0.0148442937061, -0.00577687704936, 0.0024692483712], [-0.00117536692414, 0.00363940768875, -0.00212856871076, 0.00458586122841, -0.00266366149299, 0.00386117771268, -0.0026243920438, 0.000473101332318, -0.0025370598305, 0.00294352322817, -0.00577687704936, 0.014682084322, -0.00664484640583], [0.000990985776298, -0.00260201864876, 0.0012539497111, -0.00347687420435, 0.00135032681283, 0.00081406114623, 0.000532723614015, -0.000352961767931, -4.51756977782e-06, -0.00349422520958, 0.0024692483712, -0.00664484640583, 0.0157423447818]]
    },
    "melbands": {
        "dmean": [0.00220811716281, 0.00214266451076, 0.000838716689032, 0.000399141106755, 0.000308397051413, 0.000416691123974, 0.000273097335594, 0.000228405478992, 0.000150901367306, 7.14303241693e-05, 2.41759862547e-05, 4.41989868705e-05, 5.33246238774e-05, 6.85431296006e-05, 8.62695669639e-05, 7.35558060114e-05, 2.85691712634e-05, 1.97230801859e-05, 1.20048571262e-05, 1.21615648823e-05, 1.1234293197e-05, 7.40380983189e-06, 6.17015530224e-06, 5.60925309401e-06, 5.31086334377e-06, 4.76450122733e-06, 3.83014958061e-06, 4.70673876407e-06, 4.09028643844e-06, 6.17695013716e-06, 7.18917863196e-06, 1.15507173177e-05, 1.27525827338e-05, 1.61324933288e-05, 1.30460384753e-05, 1.21546190712e-05, 1.09245056592e-05, 5.23183962287e-06, 3.34496007781e-06, 2.34977937907e-06],
        "dmean2": [0.0026081323158, 0.00326389423572, 0.00135744269937, 0.000696977600455, 0.000503887305968, 0.000660575635266, 0.000434538000263, 0.00034104209044, 0.000228818928008, 0.00010641222616, 3.86738538509e-05, 7.03637633706e-05, 8.17779800855e-05, 0.000108381740574, 0.000137617287692, 0.00011785395327, 4.51681662526e-05, 3.18107195199e-05, 1.96461205633e-05, 2.05705400731e-05, 1.76882676897e-05, 1.15799984997e-05, 9.5394998425e-06, 8.3634395196e-06, 7.8754947026e-06, 7.49007767809e-06, 5.84927465752e-06, 7.24785149941e-06, 6.25399115961e-06, 9.69617940427e-06, 1.07525647763e-05, 1.76285066118e-05, 2.14039973798e-05, 2.72443758149e-05, 2.21374575631e-05, 1.96901000891e-05, 1.77133970283e-05, 8.71535667102e-06, 5.29840099261e-06, 3.76127354684e-06],
        "dvar": [1.9760325813e-05, 2.78360948869e-05, 3.30543275595e-06, 7.33343426873e-07, 3.4532544646e-07, 4.22455656235e-07, 1.89521600191e-07, 1.31109089807e-07, 5.14786719918e-08, 1.12656701745e-08, 1.62060231901e-09, 8.14402145721e-09, 1.22424310689e-08, 1.39715377045e-08, 2.61858392747e-08, 1.87814386265e-08, 3.35313443678e-09, 2.37022446115e-09, 8.82692308135e-10, 7.36604610641e-10, 1.17132936683e-09, 4.03246408487e-10, 4.04030975343e-10, 3.4114974734e-10, 2.14297204981e-10, 1.34212085889e-10, 1.14069323431e-10, 1.8433025939e-10, 1.14688702979e-10, 2.55136134442e-10, 2.98955110667e-10, 6.34908348118e-10, 5.37223876496e-10, 8.80355954802e-10, 8.03386079884e-10, 9.16664910644e-10, 5.97060734187e-10, 1.5793232e-10, 4.56722992759e-11, 1.92048859454e-11],
        "dvar2": [3.34782307618e-05, 6.27613844699e-05, 8.71838619787e-06, 2.09179688682e-06, 8.54979475662e-07, 1.03926106476e-06, 4.4505969754e-07, 2.93555103781e-07, 1.0995982791e-07, 2.46331062215e-08, 4.21584056554e-09, 2.07820232134e-08, 2.37296369221e-08, 3.32785177193e-08, 6.48777103152e-08, 5.07158866014e-08, 7.09886238681e-09, 6.14213391259e-09, 2.28651741985e-09, 2.01822758505e-09, 2.90030688355e-09, 8.79249340002e-10, 1.00155472804e-09, 7.77473363467e-10, 4.26833235423e-10, 3.26970450715e-10, 2.4412113997e-10, 4.50568027333e-10, 2.81200174257e-10, 5.91464155431e-10, 6.74849787163e-10, 1.40858980036e-09, 1.3220738948e-09, 2.15405848714e-09, 1.9215171676e-09, 2.12487649698e-09, 1.33872812835e-09, 3.57257529116e-10, 9.31581548014e-11, 4.34353247813e-11],
        "max": [0.0504139661789, 0.0437756218016, 0.0217465423048, 0.00690888147801, 0.00484124943614, 0.00830086972564, 0.00572135858238, 0.00468315277249, 0.004168078769, 0.00172484887298, 0.00034789959318, 0.000935967836995, 0.00309465522878, 0.00183997338172, 0.00177122780588, 0.00201744562946, 0.000818362575956, 0.000552779703867, 0.000363291765098, 0.000288405397441, 0.000392850051867, 0.000236258871155, 0.000249334581895, 0.000247582764132, 0.00022135238396, 0.000148321603774, 0.00013054543524, 0.0001435848244, 0.000142226461321, 0.000164594050148, 0.000151845626533, 0.000231538375374, 0.000212638376979, 0.000331258925144, 0.000455272733234, 0.00055396836251, 0.000451736355899, 0.000223052978981, 9.06251516426e-05, 4.7096000344e-05],
        "mean": [0.00569892860949, 0.00460463156924, 0.00162801484112, 0.000635979638901, 0.000470628001494, 0.000718372233678, 0.000462363881525, 0.000458786438685, 0.000286799680907, 0.000130025568069, 4.40006879217e-05, 6.77528878441e-05, 9.61995319813e-05, 0.000120560856885, 0.000147545026266, 0.000117045994557, 4.70212435175e-05, 2.84537873085e-05, 1.80941951839e-05, 1.79881426448e-05, 1.55414436449e-05, 1.15107704914e-05, 8.61349508341e-06, 7.70549831941e-06, 9.1101946964e-06, 8.26307768875e-06, 5.79146490054e-06, 5.14532575835e-06, 4.64110507892e-06, 6.46328226139e-06, 8.39520362206e-06, 1.2231726032e-05, 1.28039282572e-05, 1.58992716024e-05, 1.53149503603e-05, 1.5831708879e-05, 1.36781291076e-05, 6.32698856862e-06, 3.91684488932e-06, 2.60646243078e-06],
        "median": [0.0033826935105, 0.00298467464745, 0.000892918498721, 0.000414846843341, 0.00024307113199, 0.000408370513469, 0.000267592346063, 0.000248499854933, 0.000153476168634, 7.02530305716e-05, 2.64857444563e-05, 3.21305560647e-05, 4.59036782559e-05, 7.01977041899e-05, 5.8540244936e-05, 5.91909811192e-05, 2.09848749364e-05, 1.25009964904e-05, 8.09529501566e-06, 8.81470805325e-06, 7.17882721801e-06, 4.86185172122e-06, 2.42200735556e-06, 1.79910330189e-06, 2.01625857699e-06, 2.67677251031e-06, 1.47264165662e-06, 6.66699804697e-07, 6.6728028969e-07, 7.30938950255e-07, 7.73784677222e-07, 9.54964775701e-07, 1.28505610064e-06, 1.97171425498e-06, 2.6567754503e-06, 2.9884374726e-06, 2.78435550172e-06, 1.06987670279e-06, 5.73640818402e-07, 5.20944752225e-07],
        "min": [3.52625052928e-23, 2.98820637115e-23, 8.41332382762e-24, 7.00156257442e-24, 1.19412036702e-23, 1.32711789802e-23, 6.52133600419e-24, 3.19742332727e-23, 2.23331097661e-23, 1.23974595186e-23, 9.32374267631e-24, 1.90654222825e-23, 2.04152248225e-23, 9.164236579e-24, 9.73472343071e-24, 9.21380070967e-24, 2.35017882646e-23, 1.42822320257e-23, 1.5823907626e-23, 1.06473163801e-23, 4.53029604448e-24, 8.09265502509e-24, 5.08649110318e-24, 9.04975077354e-24, 8.53385151875e-24, 7.72884578624e-24, 8.2778480112e-24, 9.36023617065e-24, 8.61869508683e-24, 1.02459999606e-23, 1.64392222875e-23, 1.16771025055e-23, 1.12611448276e-23, 1.46867472761e-23, 1.18286860727e-23, 1.57438019565e-23, 1.86663501723e-23, 7.14765566976e-24, 9.81331527612e-24, 1.20837208591e-23],
        "stdev": [0.00820201449096, 0.00612134346738, 0.00212562829256, 0.000769769016188, 0.000653560098726, 0.000928462366574, 0.000583132728934, 0.000577815051656, 0.000382642785553, 0.000169364036992, 5.0656417443e-05, 0.00010701611609, 0.000200733265956, 0.000158919428941, 0.000226210031542, 0.000163534918102, 7.70746410126e-05, 5.48676507606e-05, 3.23454769386e-05, 2.93821649393e-05, 3.46170272678e-05, 2.28843273362e-05, 2.13559742406e-05, 2.21738064283e-05, 2.36073046835e-05, 1.71238407347e-05, 1.42751669046e-05, 1.41335003718e-05, 1.1444838492e-05, 1.73868666025e-05, 2.05590804399e-05, 2.90237694571e-05, 2.81603588519e-05, 3.69023800886e-05, 3.78254080715e-05, 4.1422470531e-05, 3.36810153385e-05, 1.76520061359e-05, 9.56447820499e-06, 5.28656482857e-06],
        "var": [6.72730384395e-05, 3.7470847019e-05, 4.51829600934e-06, 5.92544381561e-07, 4.27140832926e-07, 8.62042327299e-07, 3.40043783353e-07, 3.33870247005e-07, 1.46415501945e-07, 2.86841768116e-08, 2.56607268767e-09, 1.14524496553e-08, 4.02938447053e-08, 2.52553835622e-08, 5.11709785656e-08, 2.6743668613e-08, 5.94050053593e-09, 3.01045921525e-09, 1.04622999153e-09, 8.63311644395e-10, 1.19833865053e-09, 5.23692478271e-10, 4.56077620115e-10, 4.91677698555e-10, 5.5730486892e-10, 2.93225915771e-10, 2.03780381458e-10, 1.99755836872e-10, 1.30984320612e-10, 3.02303126976e-10, 4.22675755507e-10, 8.42379221933e-10, 7.93005772159e-10, 1.3617855732e-09, 1.43076150927e-09, 1.7158210408e-09, 1.13441078753e-09, 3.11593306712e-10, 9.1479247788e-11, 2.79477673643e-11]
    },
    "melbands128": {
