{
"lowlevel": {
    "average_loudness": 0.938465297222,
    "barkbands_crest": {
        "dmean": 3.27711749077,
        "dmean2": 5.11868000031,
        "dvar": 9.32727432251,
        "dvar2": 23.7304382324,
        "max": 26.3184146881,
        "mean": 15.4263601303,
        "median": 15.1484527588,
        "min": 2.6468937397,
        "stdev": 6.082467556,
        "var": 36.9964103699
    },
    "barkbands_flatness_db": {
        "dmean": 0.033741787076,
        "dmean2": 0.0507180467248,
        "dvar": 0.00106776831672,
        "dvar2": 0.00244929944165,
        "max": 0.461224704981,
        "mean": 0.189209654927,
        "median": 0.184061214328,
        "min": 0.0281240511686,
        "stdev": 0.0777370631695,
        "var": 0.00604305136949
    },
    "barkbands_kurtosis": {
        "dmean": 12.6415376663,
        "dmean2": 19.9155082703,
        "dvar": 1165.70544434,
        "dvar2": 2299.8112793,
        "max": 935.797485352,
        "mean": 18.5505943298,
        "median": 3.74961280823,
        "min": -1.97825491428,
        "stdev": 56.1840667725,
        "var": 3156.64916992
    },
    "barkbands_skewness": {
        "dmean": 1.14991760254,
        "dmean2": 1.71050655842,
        "dvar": 2.00279116631,
        "dvar2": 4.46336889267,
        "max": 23.8932361603,
        "mean": 2.59973025322,
        "median": 1.83562397957,
        "min": -8.21026992798,
        "stdev": 2.9121427536,
        "var": 8.48057556152
    },
    "barkbands_spread": {
        "dmean": 8.7995672226,
        "dmean2": 13.4738578796,
        "dvar": 120.684509277,
        "dvar2": 258.775512695,
        "max": 127.509719849,
        "mean": 22.9898433685,
        "median": 17.7050266266,
        "min": 0.204165875912,
        "stdev": 19.258687973,
        "var": 370.897033691
    },
    "dissonance": {
        "dmean": 0.0266458280385,
        "dmean2": 0.0440707020462,
        "dvar": 0.000907966983505,
        "dvar2": 0.0020567055326,
        "max": 0.499999880791,
        "mean": 0.449830085039,
        "median": 0.466250389814,
        "min": 0.102032899857,
        "stdev": 0.0489625521004,
        "var": 0.00239733164199
    },
    "dynamic_complexity": 4.36167764664,
    "erbbands_crest": {
        "dmean": 3.24093818665,
        "dmean2": 5.26757526398,
        "dvar": 8.48855209351,
        "dvar2": 20.5288314819,
        "max": 28.9142341614,
        "mean": 11.3083333969,
        "median": 10.4349937439,
        "min": 2.38388633728,
        "stdev": 4.93133831024,
        "var": 24.3180961609
    },
    "erbbands_flatness_db": {
        "dmean": 0.0229277480394,
        "dmean2": 0.0323395170271,
        "dvar": 0.000490829406772,
        "dvar2": 0.000910825387109,
        "max": 0.356574833393,
        "mean": 0.159221038222,
        "median": 0.153153389692,
        "min": 0.0497870631516,
        "stdev": 0.0586434304714,
        "var": 0.00343905179761
    },
    "erbbands_kurtosis": {
        "dmean": 1.69630455971,
        "dmean2": 2.59191083908,
        "dvar": 7.87796211243,
        "dvar2": 17.4783630371,
        "max": 51.2820205688,
        "mean": 1.71301877499,
        "median": 0.428083658218,
        "min": -1.7820584774,
        "stdev": 4.14632844925,
        "var": 17.1920413971
    },
    "erbbands_skewness": {
        "dmean": 0.509987294674,
        "dmean2": 0.745941340923,
        "dvar": 0.302858889103,
        "dvar2": 0.583882987499,
        "max": 4.41707849503,
        "mean": 0.245235025883,
        "median": 0.157672181726,
        "min": -5.99616575241,
        "stdev": 1.12414598465,
        "var": 1.26370418072
    },
    "erbbands_spread": {
        "dmean": 12.887638092,
        "dmean2": 19.6394939423,
        "dvar": 217.673202515,
        "dvar2": 491.706390381,
        "max": 166.71875,
        "mean": 41.5468101501,
        "median": 37.7688522339,
        "min": 3.14881753922,
        "stdev": 23.7604618073,
        "var": 564.559570312
    },
    "hfc": {
        "dmean": 14.949213028,
        "dmean2": 20.3120937347,
        "dvar": 1071.66870117,
        "dvar2": 2203.57397461,
        "max": 462.029571533,
        "mean": 26.8388557434,
        "median": 12.766371727,
        "min": 9.12189134397e-05,
        "stdev": 43.8864707947,
        "var": 1926.0222168
    },
    "loudness_ebu128": {
        "integrated": -8.90350437164,
        "loudness_range": 6.38920974731,
        "momentary": {
            "dmean": 1.15676057339,
            "dmean2": 1.36630058289,
            "dvar": 1.35030758381,
            "dvar2": 2.05455207825,
            "max": -4.94105529785,
            "mean": -10.3037948608,
            "median": -9.16764736176,
            "min": -27.768321991,
            "stdev": 4.12047290802,
            "var": 16.9782962799
        },
        "short_term": {
            "dmean": 0.177518010139,
            "dmean2": 0.181154251099,
            "dvar": 0.0305486954749,
            "dvar2": 0.0271837133914,
            "max": -7.31462574005,
            "mean": -9.63531494141,
            "median": -8.65420627594,
            "min": -19.0836009979,
            "stdev": 2.67627000809,
            "var": 7.16242170334
        }
    },
    "melbands_crest": {
        "dmean": 3.98479986191,
        "dmean2": 6.30809354782,
        "dvar": 15.9293880463,
        "dvar2": 41.5348434448,
        "max": 35.9050598145,
        "mean": 21.1093196869,
        "median": 21.5704860687,
        "min": 4.0010342598,
        "stdev": 8.19253063202,
        "var": 67.1175613403
    },
    "melbands_flatness_db": {
        "dmean": 0.038857460022,
        "dmean2": 0.0569964237511,
        "dvar": 0.00140601105522,
        "dvar2": 0.00311598973349,
        "max": 0.587628304958,
        "mean": 0.255228161812,
        "median": 0.253286540508,
        "min": 0.0268088299781,
        "stdev": 0.101138696074,
        "var": 0.0102290352806
    },
    "melbands_kurtosis": {
        "dmean": 26.5694561005,
        "dmean2": 42.2435913086,
        "dvar": 3165.23193359,
        "dvar2": 7688.81738281,
        "max": 857.181762695,
        "mean": 42.412311554,
        "median": 13.0079956055,
        "min": -1.93944752216,
        "stdev": 81.5399780273,
        "var": 6648.76855469
    },
    "melbands_skewness": {
        "dmean": 1.53738677502,
        "dmean2": 2.32229852676,
        "dvar": 3.24712324142,
        "dvar2": 7.73839902878,
        "max": 23.338640213,
        "mean": 4.16390657425,
        "median": 3.19083023071,
        "min": -4.61422634125,
        "stdev": 3.56692433357,
        "var": 12.722949028
    },
    "melbands_spread": {
        "dmean": 10.9578409195,
        "dmean2": 16.8314228058,
        "dvar": 518.097900391,
        "dvar2": 1272.80761719,
        "max": 281.53414917,
        "mean": 23.240655899,
        "median": 15.1244764328,
        "min": 0.235933944583,
        "stdev": 28.9039459229,
        "var": 835.438049316
    },
    "pitch_salience": {
        "dmean": 0.090904161334,
        "dmean2": 0.147414982319,
        "dvar": 0.00966136902571,
        "dvar2": 0.0240173600614,
        "max": 0.891646027565,
        "mean": 0.411338061094,
        "median": 0.412080556154,
        "min": 0.0602281838655,
        "stdev": 0.190032243729,
        "var": 0.0361122563481
    },
    "silence_rate_20dB": {
        "dmean": 0,
        "dmean2": 0,
        "dvar": 0,
        "dvar2": 0,
        "max": 1,
        "mean": 1,
        "median": 1,
        "min": 1,
        "stdev": 0,
        "var": 0
    },
    "silence_rate_30dB": {
        "dmean": 0.0758513957262,
        "dmean2": 0.151820287108,
        "dvar": 0.0700972378254,
        "dvar2": 0.159756630659,
        "max": 1,
        "mean": 0.825986087322,
        "median": 1,
        "min": 0,
        "stdev": 0.379117697477,
        "var": 0.143730223179
    },
    "silence_rate_60dB": {
        "dmean": 0.065789476037,
        "dmean2": 0.131680861115,
        "dvar": 0.0614613704383,
        "dvar2": 0.136029690504,
        "max": 1,
        "mean": 0.161639600992,
        "median": 0,
        "min": 0,
        "stdev": 0.368120461702,
        "var": 0.135512679815
    },
    "spectral_centroid": {
        "dmean": 351.092163086,
        "dmean2": 514.520019531,
        "dvar": 267214.96875,
        "dvar2": 480774.9375,
        "max": 8262.734375,
        "mean": 1490.22375488,
        "median": 1433.65600586,
        "min": 151.183822632,
        "stdev": 869.795715332,
        "var": 756544.625
    },
    "spectral_complexity": {
        "dmean": 3.40944266319,
        "dmean2": 4.73276519775,
        "dvar": 21.919801712,
        "dvar2": 30.8558101654,
        "max": 59,
        "mean": 11.8623352051,
        "median": 11,
        "min": 0,
        "stdev": 9.07914924622,
        "var": 82.4309539795
    },
    "spectral_decrease": {
        "dmean": 6.56135101806e-09,
        "dmean2": 1.00711066153e-08,
        "dvar": 1.19416915131e-16,
        "dvar2": 2.91477642617e-16,
        "max": -2.64233384793e-14,
        "mean": -1.3440025981e-08,
        "median": -7.53822781974e-09,
        "min": -8.7495891421e-08,
        "stdev": 1.7293467991e-08,
        "var": 2.990640138e-16
    },
    "spectral_energy": {
        "dmean": 0.0256206076592,
        "dmean2": 0.0390007905662,
        "dvar": 0.00172741513234,
        "dvar2": 0.00419441936538,
        "max": 0.334420889616,
        "mean": 0.0531601272523,
        "median": 0.0309418011457,
        "min": 1.08001387389e-07,
        "stdev": 0.0663481205702,
        "var": 0.00440207310021
    },
    "spectral_energyband_high": {
        "dmean": 0.00117027654778,
        "dmean2": 0.00160350720398,
        "dvar": 1.13920059448e-05,
        "dvar2": 2.34239123529e-05,
        "max": 0.0467937253416,
        "mean": 0.00157903891522,
        "median": 0.000331339892,
        "min": 3.85642495715e-09,
        "stdev": 0.00424069352448,
        "var": 1.79834823939e-05
    },
    "spectral_energyband_low": {
        "dmean": 0.022370532155,
        "dmean2": 0.036470040679,
        "dvar": 0.00196620589122,
        "dvar2": 0.00513322465122,
        "max": 0.325213372707,
        "mean": 0.0401261337101,
        "median": 0.0135200405493,
        "min": 4.45397780879e-08,
        "stdev": 0.0634066388011,
        "var": 0.00402040220797
    },
    "spectral_energyband_middle_high": {
        "dmean": 0.00230574491434,
        "dmean2": 0.00330091174692,
        "dvar": 1.60802483151e-05,
        "dvar2": 2.90853477054e-05,
        "max": 0.0516909435391,
        "mean": 0.00443960819393,
        "median": 0.0023242875468,
        "min": 2.59423309501e-08,
        "stdev": 0.00615690741688,
        "var": 3.79075099772e-05
    },
    "spectral_energyband_middle_low": {
        "dmean": 0.00549184856936,
        "dmean2": 0.00891816522926,
        "dvar": 0.000180759772775,
        "dvar2": 0.000484402000438,
        "max": 0.128420725465,
        "mean": 0.00772383948788,
        "median": 0.00236040423624,
        "min": 2.36103598894e-08,
        "stdev": 0.0130649590865,
        "var": 0.000170693150721
    },
    "spectral_entropy": {
        "dmean": 0.256311833858,
        "dmean2": 0.358300894499,
        "dvar": 0.0670594349504,
        "dvar2": 0.132802292705,
        "max": 8.85464668274,
        "mean": 7.46605539322,
        "median": 7.41517305374,
        "min": 5.8430685997,
        "stdev": 0.596628904343,
        "var": 0.355966061354
    },
    "spectral_flux": {
        "dmean": 0.0463328287005,
        "dmean2": 0.0687038302422,
        "dvar": 0.00327998190187,
        "dvar2": 0.00565613247454,
        "max": 0.51464933157,
        "mean": 0.105360642076,
        "median": 0.069986358285,
        "min": 0.000328635651385,
        "stdev": 0.0967352762818,
        "var": 0.0093577131629
    },
    "spectral_kurtosis": {
        "dmean": 1.74050879478,
        "dmean2": 2.75808644295,
        "dvar": 7.54588937759,
        "dvar2": 19.6100635529,
        "max": 70.9300918579,
        "mean": 4.70655632019,
        "median": 3.39013051987,
        "min": -1.38976025581,
        "stdev": 6.58885955811,
        "var": 43.4130706787
    },
    "spectral_rms": {
        "dmean": 0.00151716347318,
        "dmean2": 0.00220100465231,
        "dvar": 3.68044334209e-06,
        "dvar2": 8.20020977699e-06,
        "max": 0.0180627871305,
        "mean": 0.00593354273587,
        "median": 0.00549428071827,
        "min": 1.026485279e-05,
        "stdev": 0.00408124318346,
        "var": 1.66565478139e-05
    },
    "spectral_rolloff": {
        "dmean": 811.929748535,
        "dmean2": 1305.58679199,
        "dvar": 2966580.25,
        "dvar2": 5246309.5,
        "max": 14513.3789062,
        "mean": 1770.38647461,
        "median": 732.12890625,
        "min": 64.599609375,
        "stdev": 2766.91772461,
        "var": 7655833.5
    },
    "spectral_skewness": {
        "dmean": 0.257138222456,
        "dmean2": 0.391869097948,
        "dvar": 0.082779802382,
        "dvar2": 0.180427670479,
        "max": 6.11662054062,
        "mean": 1.65333485603,
        "median": 1.5832208395,
        "min": -0.584495007992,
        "stdev": 0.662403643131,
        "var": 0.438778579235
    },
    "spectral_spread": {
        "dmean": 1052670.125,
        "dmean2": 1488485.125,
        "dvar": 1.77551101133e+12,
        "dvar2": 3.5223568384e+12,
        "max": 15446555,
        "mean": 6127329.5,
        "median": 5857083,
        "min": 1014518.4375,
        "stdev": 2483464.5,
        "var": 6.16759558144e+12
    },
    "spectral_strongpeak": {
        "dmean": 0.475374877453,
        "dmean2": 0.781012952328,
        "dvar": 0.861489236355,
        "dvar2": 2.04969000816,
        "max": 11.2459936142,
        "mean": 0.845731079578,
        "median": 0.472037225962,
        "min": 0,
        "stdev": 1.07863152027,
        "var": 1.16344583035
    },
    "zerocrossingrate": {
        "dmean": 0.0202058497816,
        "dmean2": 0.0217249225825,
        "dvar": 0.00083958345931,
        "dvar2": 0.000816532119643,
        "max": 0.46044921875,
        "mean": 0.0697037503123,
        "median": 0.04638671875,
        "min": 0.001953125,
        "stdev": 0.0722228437662,
        "var": 0.00521613890305
    },
    "barkbands": {
        "dmean": [0.000753396889195, 0.0173552762717, 0.00700716720894, 0.0014372485457, 0.00197457522154, 0.00118759949692, 0.000882503227331, 0.0005217686994, 0.0010213018395, 0.000330701092025, 0.000551881850697, 0.000399252894567, 0.000529689190444, 0.000395222799852, 0.000387583160773, 0.000367391156033, 0.000172333311639, 0.000158920156537, 9.17611614568e-05, 0.000104650694993, 5.92356846028e-05, 0.000132027184009, 0.000173301028553, 0.000327892077621, 0.000344272411894, 0.000171792402398, 1.22323845062e-05],
        "dmean2": [0.00098038779106, 0.0277643986046, 0.0127066932619, 0.00252148439176, 0.0034318305552, 0.00203100964427, 0.00142057950143, 0.000810163619462, 0.00152263208292, 0.000490538834129, 0.000816126179416, 0.000609659880865, 0.000820590474177, 0.000620561942924, 0.000621017999947, 0.000576208985876, 0.000250830053119, 0.000236968786339, 0.000134644549689, 0.000150968902744, 8.29910422908e-05, 0.000174965753104, 0.000251656136243, 0.000486170378281, 0.000514075451065, 0.000256476952927, 2.10494217754e-05],
        "dvar": [2.17747469833e-06, 0.00121840415522, 0.000777253997512, 3.04892055283e-05, 4.3069368985e-05, 1.25518909044e-05, 6.01178589932e-06, 2.66183019448e-06, 7.27401402401e-06, 1.71270437477e-06, 4.40901567345e-06, 1.50373330143e-06, 1.97865733753e-06, 1.1365973478e-06, 1.12152554266e-06, 1.50820460476e-06, 1.08645700436e-07, 1.03810442909e-07, 2.29859011824e-08, 3.74138728887e-08, 2.00210834578e-08, 3.26183680954e-07, 3.86861643165e-07, 1.64523066815e-06, 1.16788578453e-06, 2.46634897394e-07, 3.17483839218e-09],
        "dvar2": [4.55679446532e-06, 0.00314595876262, 0.00213903165422, 8.27970579849e-05, 0.000122763725813, 3.4258391679e-05, 1.33537232614e-05, 5.88159218751e-06, 1.59696955961e-05, 3.23788322021e-06, 9.78197567747e-06, 3.23356471199e-06, 4.4690532377e-06, 2.69358338301e-06, 2.60968317889e-06, 4.04006004828e-06, 2.29954167708e-07, 2.20537245355e-07, 4.7226077271e-08, 7.17523462868e-08, 3.83497216205e-08, 5.91782566062e-07, 8.97987490589e-07, 3.67532788914e-06, 2.54724432125e-06, 5.77548405545e-07, 8.8666345377e-09],
        "max": [0.0188910774887, 0.272459149361, 0.22075471282, 0.0512631833553, 0.061525631696, 0.0294396597892, 0.0415447317064, 0.0256186202168, 0.0322800129652, 0.0403141342103, 0.0462632775307, 0.0224456582218, 0.0252804942429, 0.0172050856054, 0.0146659938619, 0.0152699612081, 0.00429383898154, 0.00433208141476, 0.00155201507732, 0.00200163433328, 0.00189382047392, 0.0132251381874, 0.0142754092813, 0.0234988108277, 0.016645828262, 0.00812098942697, 0.000723515404388],
        "mean": [0.0016042497009, 0.033060003072, 0.00481995427981, 0.00106714630965, 0.00213817902841, 0.00131125585176, 0.00129553617444, 0.000571664713789, 0.00121376255993, 0.000372487324057, 0.000680211232975, 0.000519952795003, 0.000802005815785, 0.000471739360364, 0.000457840476884, 0.000465067394543, 0.000248092022957, 0.000241917441599, 0.000144845413161, 0.000175123903318, 9.17883226066e-05, 0.000168027981999, 0.000206987038837, 0.000408839783631, 0.000417090544943, 0.000196846507606, 9.49374043557e-06],
        "median": [0.000151361586177, 0.00994534417987, 0.000274576188531, 0.000100329772977, 0.000433901324868, 0.000122355806525, 0.000188735692063, 6.11106588622e-05, 0.000102159137896, 3.81944373657e-05, 0.000108922133222, 7.60923721828e-05, 0.000135406517074, 6.80619777995e-05, 0.000101894816908, 4.79241753055e-05, 8.76862977748e-05, 6.88392829034e-05, 6.24085514573e-05, 7.44422868593e-05, 2.92071854346e-05, 1.87873683899e-05, 2.89052550215e-05, 4.64581680717e-05, 4.72244864795e-05, 1.95638949663e-05, 9.61863690918e-08],
        "min": [1.20118281988e-09, 4.58418458749e-09, 4.12159151253e-09, 2.1717452281e-09, 7.86760878668e-10, 5.58844526211e-09, 6.1457718914e-09, 2.53638776648e-09, 5.737392339e-09, 2.64282684626e-09, 1.58701407571e-09, 4.5237902313e-10, 8.91141826997e-10, 2.4886037675e-10, 8.49748627019e-09, 7.65361907185e-09, 1.46324419248e-09, 1.13244791322e-09, 1.13604325946e-09, 8.62445947991e-10, 5.06338138084e-10, 1.12952647235e-09, 6.66343757949e-10, 6.81177281248e-10, 4.93683038894e-10, 5.05202893408e-11, 3.69601376414e-13],
        "stdev": [0.00298835081048, 0.0533449165523, 0.022235436365, 0.00453930487856, 0.00556128611788, 0.00354781094939, 0.0035678462591, 0.00191150931641, 0.00321251177229, 0.00177767104469, 0.00238089589402, 0.00153944303747, 0.00168855744414, 0.00114954088349, 0.00120778020937, 0.00147933338303, 0.000440155738033, 0.000468737212941, 0.000218747401959, 0.00028034450952, 0.000204054056667, 0.000713874702342, 0.000651457754429, 0.00146191101521, 0.00133299676236, 0.000575819809455, 4.77557186969e-05],
        "var": [8.93024116522e-06, 0.00284568010829, 0.000494414649438, 2.06052900467e-05, 3.09279057547e-05, 1.25869619296e-05, 1.27295261336e-05, 3.65386767953e-06, 1.03202319224e-05, 3.16011437462e-06, 5.66866538065e-06, 2.36988489632e-06, 2.85122632704e-06, 1.32144430154e-06, 1.45873309521e-06, 2.18842728827e-06, 1.93737079712e-07, 2.19714578975e-07, 4.78504240675e-08, 7.85930467373e-08, 4.16380565582e-08, 5.09617052558e-07, 4.24397228471e-07, 2.13718385567e-06, 1.7768802536e-06, 3.31568458023e-07, 2.28060881291e-09]
    },
    "erbbands": {
        "dmean": [0.68395870924, 3.44792056084, 7.654296875, 6.2925362587, 4.08204126358, 7.68643045425, 9.04501152039, 10.6157045364, 10.9729442596, 14.3720960617, 12.3834266663, 23.0449237823, 15.1650314331, 15.1560659409, 19.8754329681, 15.4195632935, 22.6070098877, 22.8774738312, 20.3578453064, 15.0137834549, 18.1167850494, 9.21612930298, 9.64711666107, 4.7575712204, 5.01736211777, 4.31892251968, 2.9771001339, 2.51032495499, 4.43885040283, 5.83965730667, 4.85645198822, 5.10307598114, 6.36829328537, 4.21791934967, 2.34936928749, 1.00531768799, 0.268378525972, 0.0398744642735, 0.00145779992454, 6.20740247541e-05],
        "dmean2": [1.05877268314, 5.44314002991, 13.1521043777, 11.1163673401, 7.14191627502, 13.3469753265, 15.1287584305, 18.3763847351, 18.0771121979, 21.8908023834, 19.246339798, 34.9975509644, 21.2457103729, 24.0636520386, 27.5064048767, 22.9547214508, 34.4008598328, 35.9165153503, 32.6193313599, 23.449930191, 28.0338916779, 12.8553133011, 14.1036396027, 7.03729867935, 7.12602329254, 6.24247741699, 4.13105964661, 3.45855236053, 5.96504878998, 8.59036445618, 6.98462772369, 7.69351768494, 9.22567939758, 6.41204833984, 3.60680961609, 1.53579604626, 0.397510945797, 0.0635570064187, 0.00246729422361, 9.38627053984e-05],
        "dvar": [1.86896133423, 55.2618026733, 788.041625977, 586.611083984, 238.884597778, 610.524841309, 664.75958252, 1082.48852539, 1330.72216797, 1281.55944824, 1448.03015137, 4044.77441406, 2857.94311523, 3229.25317383, 6658.78564453, 2347.06152344, 3226.45776367, 4047.24267578, 3523.15673828, 1196.50244141, 3248.87109375, 283.424072266, 389.650878906, 70.9503250122, 79.8436203003, 75.3497238159, 42.7966461182, 61.6011047363, 407.706176758, 389.45223999, 374.814422607, 402.202209473, 605.469360352, 222.489746094, 54.1109848022, 8.91822910309, 0.644046127796, 0.0189721155912, 4.35287111031e-05, 1.96894376359e-08],
        "dvar2": [4.655813694, 137.532394409, 2087.82617188, 1588.68359375, 665.492370605, 1716.9140625, 1765.99560547, 2938.25512695, 3044.74804688, 2701.29711914, 3484.77294922, 8840.0546875, 5538.69628906, 8378.09179688, 14242.2587891, 5145.8046875, 6898.68945312, 9768.79492188, 8421.22167969, 2617.89257812, 8611.00488281, 553.870239258, 788.397827148, 154.097869873, 159.847000122, 141.676574707, 79.1449203491, 121.897926331, 779.97265625, 834.600097656, 872.548828125, 906.860473633, 1283.65039062, 496.275939941, 130.283843994, 21.0584793091, 1.53604471684, 0.0498994626105, 0.000118856070912, 4.85352096291e-08],
        "max": [10.8096694946, 62.58253479, 234.810531616, 211.351959229, 173.512634277, 223.435668945, 223.306488037, 305.223144531, 729.039123535, 418.761322021, 528.514343262, 748.218322754, 1568.64172363, 1112.53320312, 2260.76416016, 836.714599609, 1014.10339355, 1287.7623291, 922.139404297, 462.14944458, 953.480163574, 245.538803101, 299.106933594, 116.925697327, 93.4868469238, 100.581634521, 90.0414276123, 165.334701538, 485.499664307, 336.82434082, 465.267333984, 328.200317383, 525.798461914, 272.942321777, 125.546844482, 50.6912307739, 13.1178712845, 1.65726315975, 0.0973759815097, 0.00178892328404],
        "mean": [1.30714559555, 5.98048210144, 6.36583185196, 4.68871879578, 3.56448864937, 8.44533634186, 10.7974681854, 11.6838827133, 12.9075555801, 20.9716129303, 14.3975658417, 27.4273490906, 18.3183937073, 16.9908256531, 25.8813419342, 21.036403656, 35.8815612793, 29.9800662994, 25.3544864655, 20.8626899719, 25.4515571594, 14.6980228424, 14.8671274185, 7.89810991287, 8.17677688599, 7.28001356125, 4.7955956459, 3.53726124763, 5.74963998795, 6.57450866699, 5.96013450623, 6.08227539062, 8.11123371124, 5.27076816559, 2.61555242538, 1.11333692074, 0.316005140543, 0.0412272252142, 0.00132158305496, 0.000101393205114],
        "median": [0.287156999111, 1.79750096798, 0.724917411804, 0.431438416243, 0.661635696888, 1.58234345913, 1.48641300201, 1.22157347202, 2.50387310982, 3.72740316391, 1.97717571259, 2.4822511673, 2.09020519257, 3.57309770584, 3.06766605377, 3.89011502266, 7.19929838181, 8.17844009399, 5.71022558212, 5.54293203354, 4.73536634445, 4.76671218872, 4.55010890961, 3.61920809746, 3.99862027168, 3.11196112633, 1.68678629398, 0.826523959637, 0.734604001045, 0.76307207346, 0.817634284496, 0.835467517376, 0.785849630833, 0.605481207371, 0.276515513659, 0.110676065087, 0.0300170183182, 0.00241200951859, 0.000100352386653, 4.70838640467e-05],
        "min": [5.55507938316e-07, 3.10033533424e-06, 8.48115450935e-06, 8.29022428661e-06, 3.48228059011e-06, 2.01409375222e-06, 1.71024366864e-05, 5.54061989533e-05, 8.88478316483e-05, 7.15446731192e-05, 6.86670318828e-05, 0.000134178786539, 8.61147782416e-05, 9.73665082711e-05, 3.73219372705e-05, 2.51571254921e-05, 4.00353819714e-05, 1.87489131349e-05, 0.000141768003232, 0.000739439914469, 0.000209318895941, 8.51399381645e-05, 7.36081638024e-05, 3.19968530675e-05, 7.60714683565e-05, 3.15763063554e-05, 2.90565585601e-05, 1.36497264975e-05, 2.66775514319e-05, 3.72208523913e-05, 2.14937681449e-05, 2.10353191505e-05, 7.87292447058e-06, 7.42189286029e-06, 1.62638536949e-06, 4.17604582026e-07, 1.70408256395e-07, 3.56646765454e-08, 8.84677442414e-10, 1.7061031754e-10],
        "stdev": [2.1950070858, 10.3927373886, 24.1679439545, 19.750421524, 12.6503667831, 21.7071552277, 26.2614784241, 33.9180450439, 40.7029075623, 53.8012733459, 43.0705375671, 75.222946167, 70.4776611328, 53.9387931824, 100.078536987, 59.6758384705, 71.2901916504, 66.6623764038, 65.7765426636, 45.4848976135, 73.2217102051, 25.150850296, 29.6160926819, 11.8745775223, 12.4714250565, 12.3812656403, 9.61981201172, 10.2541465759, 24.4394779205, 22.7664089203, 19.7953071594, 21.113067627, 30.3080673218, 18.2888050079, 8.1684589386, 3.40877747536, 0.915597319603, 0.136565044522, 0.00571803515777, 0.000161670424859],
        "var": [4.8180565834, 108.008987427, 584.089477539, 390.079162598, 160.031768799, 471.200561523, 689.665283203, 1150.43383789, 1656.7265625, 2894.5769043, 1855.07116699, 5658.4921875, 4967.10058594, 2909.39331055, 10015.7128906, 3561.20581055, 5082.29150391, 4443.87255859, 4326.55322266, 2068.87597656, 5361.41894531, 632.565307617, 877.112915039, 141.005599976, 155.536437988, 153.29574585, 92.5407791138, 105.147521973, 597.288085938, 518.309387207, 391.854187012, 445.761657715, 918.578979492, 334.480377197, 66.7237167358, 11.619764328, 0.83831846714, 0.0186500120908, 3.26959234371e-05, 2.61373269694e-08]
    },
    "gfcc": {
        "mean": [-29.7747116089, 69.0931549072, -103.526885986, 26.1850261688, -47.2545661926, 25.5152168274, -41.8547782898, 18.538269043, -22.0667304993, 9.32784557343, -6.30092334747, 3.20817470551, -8.21969890594],
        "cov": [[7953.82373047, -1889.93981934, 787.044372559, 562.32421875, 229.776321411, 673.862915039, -341.578552246, 280.367950439, -248.253555298, 249.289978027, -179.307510376, 171.906143188, -177.207107544], [-1889.93981934, 2853.75390625, -34.4716644287, 377.986450195, 683.505493164, -3.5752093792, 705.827453613, 155.287689209, 593.984008789, -8.442486763, 413.989257812, -188.342315674, 253.895706177], [787.044372559, -34.4716644287, 1223.96447754, 448.676269531, 191.651535034, 260.92880249, 120.943206787, 149.235733032, 122.724723816, 98.575378418, -59.355922699, 137.773208618, -22.493473053], [562.32421875, 377.986450195, 448.676269531, 1106.35046387, 649.762023926, 284.368347168, 344.689788818, 35.5931587219, 278.183563232, 226.61227417, 142.058868408, 70.3216018677, 86.5620651245], [229.776321411, 683.505493164, 191.651535034, 649.762023926, 939.152954102, 323.59753418, 365.097412109, 62.0953598022, 255.946838379, 218.143447876, 188.04586792, -14.0032367706, 101.929420471], [673.862915039, -3.5752093792, 260.92880249, 284.368347168, 323.59753418, 427.837402344, 212.719650269, 65.255569458, 89.7392120361, 120.764938354, 75.861907959, 41.1386528015, 9.31149578094], [-341.578552246, 705.827453613, 120.943206787, 344.689788818, 365.097412109, 212.719650269, 515.720031738, 52.9703178406, 217.998672485, 91.2136611938, 178.370101929, -4.18187046051, 24.5215435028], [280.367950439, 155.287689209, 149.235733032, 35.5931587219, 62.0953598022, 65.255569458, 52.9703178406, 320.3359375, 139.798538208, 22.2658996582, 40.7268981934, 11.6816701889, 85.3887405396], [-248.253555298, 593.984008789, 122.724723816, 278.183563232, 255.946838379, 89.7392120361, 217.998672485, 139.798538208, 358.365966797, 97.6771774292, 112.556236267, -7.41947650909, 100.098472595], [249.289978027, -8.442486763, 98.575378418, 226.61227417, 218.143447876, 120.764938354, 91.2136611938, 22.2658996582, 97.6771774292, 232.212463379, 62.8650474548, 31.6112518311, 22.9803504944], [-179.307510376, 413.989257812, -59.355922699, 142.058868408, 188.04586792, 75.861907959, 178.370101929, 40.7268981934, 112.556236267, 62.8650474548, 218.090316772, 10.2814598083, 53.8920478821], [171.906143188, -188.342315674, 137.773208618, 70.3216018677, -14.0032367706, 41.1386528015, -4.18187046051, 11.6816701889, -7.41947650909, 31.6112518311, 10.2814598083, 171.461227417, 9.88180351257], [-177.207107544, 253.895706177, -22.493473053, 86.5620651245, 101.929420471, 9.31149578094, 24.5215435028, 85.3887405396, 100.098472595, 22.9803504944, 53.8920478821, 9.88180351257, 171.287124634]],
        "icov": [[0.000216420754441, 5.73971010454e-05, -3.57299973075e-06, -0.00016479381884, -1.36706948979e-05, -0.000337902805768, 0.000286581227556, -0.000316668680171, 0.000171571038663, -6.19647180429e-05, -1.04855571408e-05, 2.86917784251e-05, 0.000274666468613], [5.73971010454e-05, 0.0013502126094, -0.000339820515364, 0.000373029906768, -0.000647957087494, 0.000976429320872, -0.00115525559522, 0.000354393851012, -0.00119440478738, 0.00107986794319, -0.00126075872686, 0.00108669744805, -0.000966832856648], [-3.57299973075e-06, -0.000339820515364, 0.00142896326724, -0.000609750568401, 0.000252744182944, -0.000772326427978, 0.000270683405688, -0.000736767367925, 7.7578042692e-05, -0.000199981455808, 0.00124986644369, -0.00108977081254, 0.000867048103828], [-0.00016479381884, 0.000373029906768, -0.000609750568401, 0.00228557013907, -0.0011146585457, 0.000628104142379, -0.000933828298002, 0.00101768434979, -0.00108727277257, -0.000126824597828, -0.000346499000443, -0.000155441986863, -0.000932620896492], [-1.36706948979e-05, -0.000647957087494, 0.000252744182944, -0.0011146585457, 0.00289407861419, -0.00141940079629, 0.000111395791464, -3.65788146155e-05, 0.000485885248054, -0.00131051277276, 0.000100397031929, 0.000409941741964, -0.000263311521849], [-0.000337902805768, 0.000976429320872, -0.000772326427978, 0.000628104142379, -0.00141940079629, 0.00544753950089, -0.00249132676981, 0.000229951459914, -0.00044945339323, 7.27019432816e-05, -0.00101704359986, 0.000353372306563, -0.000872715492733], [0.000286581227556, -0.00115525559522, 0.000270683405688, -0.000933828298002, 0.000111395791464, -0.00249132676981, 0.00568183325231, -0.000566546572372, -0.000279659754597, -0.000310708186589, -0.00104444508906, -0.000650331319775, 0.00262577622198], [-0.000316668680171, 0.000354393851012, -0.000736767367925, 0.00101768434979, -3.65788146155e-05, 0.000229951459914, -0.000566546572372, 0.00521859060973, -0.00230343197472, 0.000675534945913, -0.000763127405662, 0.000419722782681, -0.00250377529301], [0.000171571038663, -0.00119440478738, 7.7578042692e-05, -0.00108727277257, 0.000485885248054, -0.00044945339323, -0.000279659754597, -0.00230343197472, 0.0071022505872, -0.00218155304901, 0.000656977703329, -9.64838836808e-05, -0.00062772189267], [-6.19647180429e-05, 0.00107986794319, -0.000199981455808, -0.000126824597828, -0.00131051277276, 7.27019432816e-05, -0.000310708186589, 0.000675534945913, -0.00218155304901, 0.00729472283274, -0.00174172897823, -3.47788227373e-05, -0.000297114194836], [-1.04855571408e-05, -0.00126075872686, 0.00124986644369, -0.000346499000443, 0.000100397031929, -0.00101704359986, -0.00104444508906, -0.000763127405662, 0.000656977703329, -0.00174172897823, 0.00910545326769, -0.00214455812238, -0.000168693761225], [2.86917784251e-05, 0.00108669744805, -0.00108977081254, -0.000155441986863, 0.000409941741964, 0.000353372306563, -0.000650331319775, 0.000419722782681, -9.64838836808e-05, -3.47788227373e-05, -0.00214455812238, 0.00807276275009, -0.00175489264075], [0.000274666468613, -0.000966832856648, 0.000867048103828, -0.000932620896492, -0.000263311521849, -0.000872715492733, 0.00262577622198, -0.00250377529301, -0.00062772189267, -0.000297114194836, -0.000168693761225, -0.00175489264075, 0.00977800413966]]
    },
    "melbands": {
        "dmean": [0.00525552593172, 0.00370067637414, 0.00100097432733, 0.00039816275239, 0.000336145225447, 0.000228685472393, 0.000174129745574, 0.000144893347169, 0.000105736704427, 0.000156043810421, 7.48468519305e-05, 5.99889826844e-05, 6.5430001996e-05, 4.49698491138e-05, 4.29029933002e-05, 6.66247287882e-05, 3.97817093472e-05, 3.33674688591e-05, 2.81105822069e-05, 2.70289929176e-05, 1.88235935639e-05, 1.14518043119e-05, 8.15364091977e-06, 6.95671724316e-06, 3.87454338124e-06, 3.73279272026e-06, 4.13039742853e-06, 2.97033216157e-06, 2.2230126433e-06, 1.40801466841e-06, 1.5321469391e-06, 2.61678451352e-06, 2.81035045191e-06, 3.42327575709e-06, 2.81607685793e-06, 2.79413984572e-06, 3.35672916663e-06, 4.74672333439e-06, 4.27832355854e-06, 3.4789984511e-06],
        "dmean2": [0.00830103829503, 0.00607026647776, 0.00171753065661, 0.000705164857209, 0.000563353823964, 0.00039158234722, 0.000286692607915, 0.000225382682402, 0.000168049300555, 0.000234069259022, 0.000105928418634, 9.69253160292e-05, 9.4881230325e-05, 6.38859855826e-05, 6.75896153552e-05, 0.000103065605799, 6.30723880022e-05, 5.45796174265e-05, 4.4127660658e-05, 4.24133431807e-05, 2.91004507744e-05, 1.66833360709e-05, 1.17890349429e-05, 1.05059998532e-05, 5.82413576922e-06, 5.56144050279e-06, 5.95742540099e-06, 4.41447355115e-06, 3.21377774526e-06, 2.01418993129e-06, 2.21200934902e-06, 3.61457114195e-06, 3.77970809495e-06, 5.28029659108e-06, 4.16717512053e-06, 4.03105241276e-06, 5.20443609275e-06, 7.02138322595e-06, 6.38051415081e-06, 5.40337259736e-06],
        "dvar": [0.00011049699242, 0.000110741631943, 1.38636951306e-05, 1.85541375686e-06, 9.3447999916e-07, 4.77783601127e-07, 2.68997297326e-07, 1.40056044984e-07, 1.20458551578e-07, 1.92092713291e-07, 7.3172579107e-08, 4.99503940432e-08, 6.40618864622e-08, 1.80182464504e-08, 2.44080951006e-08, 3.42880674964e-08, 1.38059732535e-08, 9.90995818739e-09, 5.25637888771e-09, 8.98844731978e-09, 3.33758221061e-09, 5.13592057771e-10, 2.41575093263e-10, 2.13915274383e-10, 4.89465377951e-11, 4.76536206329e-11, 5.56621901349e-11, 4.07468607466e-11, 2.75466750105e-11, 1.36672582973e-11, 2.82657647288e-11, 1.69589661758e-10, 9.65133251096e-11, 1.40421355099e-10, 1.32154412413e-10, 1.15492580777e-10, 1.8695169024e-10, 3.74346414977e-10, 2.4538596155e-10, 1.51529067072e-10],
        "dvar2": [0.00028515298618, 0.000276506296359, 3.65562118532e-05, 5.31844580109e-06, 2.53125381278e-06, 1.28909584873e-06, 6.14079510797e-07, 2.93681381436e-07, 2.94663550449e-07, 4.14550640926e-07, 1.43109659234e-07, 1.30484750116e-07, 1.39290179391e-07, 3.78385323074e-08, 5.14180200639e-08, 7.707534877e-08, 3.3475959782e-08, 2.33621744172e-08, 1.11080700194e-08, 2.29571135435e-08, 8.60749072018e-09, 1.06921471676e-09, 4.58052318297e-10, 5.06136188516e-10, 1.06034382663e-10, 1.00688221649e-10, 1.12662719431e-10, 8.14469394705e-11, 5.78514874894e-11, 2.66520486236e-11, 6.02625518931e-11, 3.32036842465e-10, 1.71390623915e-10, 3.32130378755e-10, 3.19042237074e-10, 2.59194221641e-10, 4.20294909986e-10, 8.1614126568e-10, 5.21155285593e-10, 3.56480983621e-10],
        "max": [0.0847846865654, 0.0924577787519, 0.0315878763795, 0.0127212516963, 0.00849740765989, 0.00665600923821, 0.00958715099841, 0.0039125084877, 0.00503442063928, 0.0051296595484, 0.00790696032345, 0.00422318652272, 0.00629986077547, 0.00238005327992, 0.00392432324588, 0.00332872173749, 0.00214399769902, 0.00143595854752, 0.0014660890447, 0.00139682460576, 0.0010262071155, 0.00035072863102, 0.000224984018132, 0.000162309603184, 9.24182022572e-05, 7.35257926863e-05, 9.51776964939e-05, 7.82556817285e-05, 7.22178447177e-05, 4.53211723652e-05, 0.000119812575576, 0.000310366827762, 0.00020780871273, 0.000194115782506, 0.000274971826002, 0.000238729568082, 0.00022397574503, 0.0004314527323, 0.000278887164313, 0.000221426744247],
        "mean": [0.0102984681726, 0.00460841041058, 0.000773866428062, 0.000409753411077, 0.000405182043323, 0.000251980731264, 0.00022365100449, 0.000209837642615, 0.000116560222523, 0.000184157135664, 8.76714184415e-05, 6.37205375824e-05, 8.33635640447e-05, 5.93077784288e-05, 5.25906216353e-05, 0.000103928476165, 4.59096263512e-05, 3.94707167288e-05, 3.34165524691e-05, 3.25420442095e-05, 2.65804737865e-05, 1.63448548847e-05, 1.27384355437e-05, 1.00389261206e-05, 5.96808104092e-06, 5.8602131503e-06, 6.18838839728e-06, 4.59506100015e-06, 3.40726774084e-06, 2.04786351787e-06, 2.00580029741e-06, 3.17813783113e-06, 3.5272603327e-06, 3.64256720786e-06, 3.41707368534e-06, 3.23138510794e-06, 3.90095783587e-06, 5.76435468247e-06, 5.40209839528e-06, 4.19271782448e-06],
        "median": [0.00298720854335, 0.00115558225662, 8.82281092345e-05, 8.7927786808e-05, 6.5806620114e-05, 2.41497236857e-05, 4.23180936195e-05, 3.34287215082e-05, 1.14582198876e-05, 1.44177738548e-05, 8.27594158181e-06, 1.20824224723e-05, 1.20603690448e-05, 8.43328871269e-06, 8.33758622321e-06, 1.34556530611e-05, 8.88388603926e-06, 6.71026828059e-06, 7.45257875678e-06, 3.25919904753e-06, 4.90530510433e-06, 5.00606620335e-06, 3.50163099938e-06, 2.90803654934e-06, 2.52850463767e-06, 2.55671534433e-06, 2.68530834546e-06, 1.63468007486e-06, 1.16403691663e-06, 5.62670152249e-07, 3.13215537062e-07, 3.57516086069e-07, 3.31852817226e-07, 4.01329458555e-07, 4.51871471796e-07, 3.77738956558e-07, 4.76964885365e-07, 4.91317791784e-07, 4.65333499733e-07, 4.66628137019e-07],
        "min": [1.8239527666e-09, 3.30158433925e-09, 1.28963884016e-09, 1.38184352849e-10, 4.90744334058e-10, 1.24063892493e-09, 1.3463945514e-09, 7.08244685121e-10, 6.1949623209e-10, 8.47067582743e-10, 4.13224426898e-10, 3.99884098057e-10, 1.72715425295e-10, 3.53742590775e-11, 1.0209262602e-10, 7.4850466103e-11, 2.24192973214e-11, 1.13433956672e-10, 8.0570328187e-10, 9.04203156793e-10, 1.19923695974e-10, 9.65290347654e-11, 7.8365106071e-11, 3.5011181454e-11, 2.38032458327e-11, 4.46341991145e-11, 5.68945758561e-11, 1.31548218499e-11, 2.30686251351e-11, 8.08166381039e-12, 7.21561525807e-12, 1.27921969892e-11, 2.85793489568e-11, 1.44609298494e-11, 9.88987624434e-12, 1.85496097649e-11, 9.59306679232e-12, 4.96053415358e-12, 6.83328567341e-12, 6.52973595333e-12],
        "stdev": [0.016639387235, 0.0109754269943, 0.00313355936669, 0.00111840444151, 0.000953399692662, 0.000709171697963, 0.000644049199764, 0.000530258228537, 0.000381520600058, 0.000520974805113, 0.000356130592991, 0.000210063750274, 0.000297690799925, 0.000177145193447, 0.000181432129466, 0.000223650917178, 0.00011982437718, 0.000109283981146, 8.75320401974e-05, 0.000111271605419, 7.52060295781e-05, 3.08886155835e-05, 2.4491953809e-05, 1.89617094293e-05, 9.40623704082e-06, 9.33073715714e-06, 1.01115838333e-05, 8.78977243701e-06, 7.085402558e-06, 5.10500012751e-06, 6.42216991764e-06, 1.51688536789e-05, 1.30843172883e-05, 1.25318811115e-05, 1.1458658264e-05, 1.11086292236e-05, 1.43497372846e-05, 2.29236029554e-05, 1.94803797058e-05, 1.45781978063e-05],
        "var": [0.000276869221125, 0.000120460004837, 9.81919401966e-06, 1.2508285181e-06, 9.08970946512e-07, 5.02924478951e-07, 4.14799359305e-07, 2.81173782923e-07, 1.45557962128e-07, 2.71414762665e-07, 1.2682899353e-07, 4.41267786755e-08, 8.86198066041e-08, 3.13804200403e-08, 3.29176153002e-08, 5.00197323561e-08, 1.43578811063e-08, 1.19429879319e-08, 7.66185781487e-09, 1.23813697073e-08, 5.655946822e-09, 9.54106682549e-10, 5.99855831673e-10, 3.5954644817e-10, 8.84773018739e-11, 8.70626626348e-11, 1.0224412289e-10, 7.72600941557e-11, 5.02029286198e-11, 2.60610266006e-11, 4.12442649478e-11, 2.30094110432e-10, 1.71199360244e-10, 1.57048041238e-10, 1.31300845196e-10, 1.2340165001e-10, 2.05914951756e-10, 5.25491539172e-10, 3.79485165514e-10, 2.12523845744e-10]
    },
    "melbands128": {
