{
"lowlevel": {
    "average_loudness": 0.981120526791,
    "barkbands_crest": {
        "dmean": 3.15078186989,
        "dmean2": 4.99912929535,
        "dvar": 9.58579730988,
        "dvar2": 21.4496517181,
        "max": 26.5540275574,
        "mean": 11.868270874,
        "median": 10.3926820755,
        "min": 2.45954394341,
        "stdev": 5.96341609955,
        "var": 35.5623321533
    },
    "barkbands_flatness_db": {
        "dmean": 0.028196496889,
        "dmean2": 0.0423141792417,
        "dvar": 0.00100441835821,
        "dvar2": 0.00204735994339,
        "max": 0.544125497341,
        "mean": 0.12469059974,
        "median": 0.106673173606,
        "min": 0.0184914544225,
        "stdev": 0.0647324472666,
        "var": 0.00419028988108
    },
    "barkbands_kurtosis": {
        "dmean": 4.93903827667,
        "dmean2": 7.95035362244,
        "dvar": 372.560089111,
        "dvar2": 764.356445312,
        "max": 457.911895752,
        "mean": 5.70572328568,
        "median": 1.20724344254,
        "min": -1.93933987617,
        "stdev": 22.6219921112,
        "var": 511.754547119
    },
    "barkbands_skewness": {
        "dmean": 0.73601013422,
        "dmean2": 1.09661304951,
        "dvar": 0.979580044746,
        "dvar2": 2.10512804985,
        "max": 20.1753559113,
        "mean": 1.65158033371,
        "median": 1.40863180161,
        "min": -3.57429814339,
        "stdev": 1.72121942043,
        "var": 2.96259617805
    },
    "barkbands_spread": {
        "dmean": 8.58675575256,
        "dmean2": 12.7624464035,
        "dvar": 98.0659103394,
        "dvar2": 213.289962769,
        "max": 116.801170349,
        "mean": 30.0110664368,
        "median": 27.3413734436,
        "min": 0.105833172798,
        "stdev": 17.0837001801,
        "var": 291.852783203
    },
    "dissonance": {
        "dmean": 0.0192387327552,
        "dmean2": 0.0316931866109,
        "dvar": 0.000460073264549,
        "dvar2": 0.00098469259683,
        "max": 0.499989151955,
        "mean": 0.464996308088,
        "median": 0.470456182957,
        "min": 0.0325641110539,
        "stdev": 0.0278221443295,
        "var": 0.000774071668275
    },
    "dynamic_complexity": 1.53801310062,
    "erbbands_crest": {
        "dmean": 2.94389820099,
        "dmean2": 4.83110904694,
        "dvar": 8.01114940643,
        "dvar2": 20.2608470917,
        "max": 29.2317218781,
        "mean": 8.58984184265,
        "median": 7.51481151581,
        "min": 2.51726222038,
        "stdev": 4.27702760696,
        "var": 18.2929649353
    },
    "erbbands_flatness_db": {
        "dmean": 0.0198203846812,
        "dmean2": 0.029558300972,
        "dvar": 0.000393214897485,
        "dvar2": 0.000879270548467,
        "max": 0.346945732832,
        "mean": 0.135378584266,
        "median": 0.130476281047,
        "min": 0.0638051256537,
        "stdev": 0.0386065281928,
        "var": 0.00149046396837
    },
    "erbbands_kurtosis": {
        "dmean": 1.22406899929,
        "dmean2": 2.00506615639,
        "dvar": 6.0441699028,
        "dvar2": 16.4814777374,
        "max": 31.4818191528,
        "mean": 0.234069913626,
        "median": -0.525596857071,
        "min": -1.85353326797,
        "stdev": 2.66065263748,
        "var": 7.0790719986
    },
    "erbbands_skewness": {
        "dmean": 0.454049557447,
        "dmean2": 0.668078660965,
        "dvar": 0.236369460821,
        "dvar2": 0.516100943089,
        "max": 4.36307811737,
        "mean": 0.0801564902067,
        "median": 0.0398408137262,
        "min": -3.16114020348,
        "stdev": 0.82722145319,
        "var": 0.684295356274
    },
    "erbbands_spread": {
        "dmean": 13.278090477,
        "dmean2": 20.6013660431,
        "dvar": 225.738143921,
        "dvar2": 535.276367188,
        "max": 170.851333618,
        "mean": 50.7690811157,
        "median": 45.9229278564,
        "min": 4.62222146988,
        "stdev": 24.7419509888,
        "var": 612.164123535
    },
    "hfc": {
        "dmean": 12.07995224,
        "dmean2": 16.8430118561,
        "dvar": 206.429779053,
        "dvar2": 355.775512695,
        "max": 140.349884033,
        "mean": 37.323184967,
        "median": 31.3702392578,
        "min": 3.40036308444e-06,
        "stdev": 25.4903278351,
        "var": 649.756835938
    },
    "loudness_ebu128": {
        "integrated": -5.97640705109,
        "loudness_range": 1.49382543564,
        "momentary": {
            "dmean": 0.321488678455,
            "dmean2": 0.457431197166,
            "dvar": 0.0623306594789,
            "dvar2": 0.130131751299,
            "max": -4.33805513382,
            "mean": -6.06414842606,
            "median": -5.96190738678,
            "min": -9.86744022369,
            "stdev": 0.909805238247,
            "var": 0.827745556831
        },
        "short_term": {
            "dmean": 0.0458535924554,
            "dmean2": 0.0563674047589,
            "dvar": 0.00119918293785,
            "dvar2": 0.00183487031609,
            "max": -5.10318946838,
            "mean": -5.96391296387,
            "median": -5.98531341553,
            "min": -7.63488006592,
            "stdev": 0.602589905262,
            "var": 0.363114565611
        }
    },
    "melbands_crest": {
        "dmean": 4.34372377396,
        "dmean2": 7.04312992096,
        "dvar": 16.8334197998,
        "dvar2": 44.5849227905,
        "max": 35.019153595,
        "mean": 16.7172355652,
        "median": 14.9441785812,
        "min": 3.01058983803,
        "stdev": 7.33802509308,
        "var": 53.8466148376
    },
    "melbands_flatness_db": {
        "dmean": 0.0354819633067,
        "dmean2": 0.0518883913755,
        "dvar": 0.00158846762497,
        "dvar2": 0.00305070402101,
        "max": 0.673653364182,
        "mean": 0.184186518192,
        "median": 0.160626277328,
        "min": 0.0279382988811,
        "stdev": 0.0868524312973,
        "var": 0.00754334498197
    },
    "melbands_kurtosis": {
        "dmean": 13.8365211487,
        "dmean2": 21.482711792,
        "dvar": 1177.89221191,
        "dvar2": 2829.71020508,
        "max": 527.488952637,
        "mean": 21.5009765625,
        "median": 9.68074512482,
        "min": -1.85608232021,
        "stdev": 43.8972244263,
        "var": 1926.96630859
    },
    "melbands_skewness": {
        "dmean": 1.10802602768,
        "dmean2": 1.6907902956,
        "dvar": 1.96089911461,
        "dvar2": 4.55223226547,
        "max": 19.0540809631,
        "mean": 3.28879928589,
        "median": 2.81045246124,
        "min": -0.988225102425,
        "stdev": 2.41231894493,
        "var": 5.81928253174
    },
    "melbands_spread": {
        "dmean": 11.7758960724,
        "dmean2": 17.8638267517,
        "dvar": 347.479156494,
        "dvar2": 705.534790039,
        "max": 258.479156494,
        "mean": 31.2157649994,
        "median": 23.8655185699,
        "min": 0.280298560858,
        "stdev": 30.169090271,
        "var": 910.17401123
    },
    "pitch_salience": {
        "dmean": 0.0904117152095,
        "dmean2": 0.14369378984,
        "dvar": 0.00807329453528,
        "dvar2": 0.0184959638864,
        "max": 0.946991801262,
        "mean": 0.501903116703,
        "median": 0.52561801672,
        "min": 0.0538599975407,
        "stdev": 0.163904592395,
        "var": 0.0268647149205
    },
    "silence_rate_20dB": {
        "dmean": 0,
        "dmean2": 0,
        "dvar": 0,
        "dvar2": 0,
        "max": 1,
        "mean": 1,
        "median": 1,
        "min": 1,
        "stdev": 0,
        "var": 0
    },
    "silence_rate_30dB": {
        "dmean": 0,
        "dmean2": 0,
        "dvar": 0,
        "dvar2": 0,
        "max": 1,
        "mean": 1,
        "median": 1,
        "min": 1,
        "stdev": 0,
        "var": 0
    },
    "silence_rate_60dB": {
        "dmean": 0.00386996893212,
        "dmean2": 0.00697134016082,
        "dvar": 0.00385498441756,
        "dvar2": 0.010021138005,
        "max": 1,
        "mean": 0.00232018553652,
        "median": 0,
        "min": 0,
        "stdev": 0.0481123402715,
        "var": 0.00231479736976
    },
    "spectral_centroid": {
        "dmean": 361.204528809,
        "dmean2": 534.594726562,
        "dvar": 158141.703125,
        "dvar2": 308797.625,
        "max": 5113.07958984,
        "mean": 1668.26721191,
        "median": 1601.75793457,
        "min": 104.17578125,
        "stdev": 732.772888184,
        "var": 536956.0625
    },
    "spectral_complexity": {
        "dmean": 5.72368431091,
        "dmean2": 8.68086719513,
        "dvar": 36.7943763733,
        "dvar2": 79.1885757446,
        "max": 51,
        "mean": 20.0201091766,
        "median": 19,
        "min": 0,
        "stdev": 9.35859966278,
        "var": 87.5833892822
    },
    "spectral_decrease": {
        "dmean": 2.60377674977e-09,
        "dmean2": 3.90953003304e-09,
        "dvar": 8.33308201095e-18,
        "dvar2": 1.64505875194e-17,
        "max": -2.51404619761e-16,
        "mean": -9.71347802192e-09,
        "median": -8.18144574311e-09,
        "min": -2.33820518503e-08,
        "stdev": 5.91140514317e-09,
        "var": 3.49447081984e-17
    },
    "spectral_energy": {
        "dmean": 0.0102716116235,
        "dmean2": 0.0153862340376,
        "dvar": 0.000123801160953,
        "dvar2": 0.000245716364589,
        "max": 0.0907639563084,
        "mean": 0.0400462411344,
        "median": 0.0358633287251,
        "min": 1.25728294442e-09,
        "stdev": 0.0221756920218,
        "var": 0.000491761311423
    },
    "spectral_energyband_high": {
        "dmean": 0.00103627948556,
        "dmean2": 0.00142968993168,
        "dvar": 2.37652329815e-06,
        "dvar2": 4.17863384428e-06,
        "max": 0.0154115697369,
        "mean": 0.00240077124909,
        "median": 0.00137400662061,
        "min": 3.72459896258e-10,
        "stdev": 0.00265955785289,
        "var": 7.07324807081e-06
    },
    "spectral_energyband_low": {
        "dmean": 0.00621500937268,
        "dmean2": 0.00911243911833,
        "dvar": 0.000106770443381,
        "dvar2": 0.00019250526384,
        "max": 0.0796478688717,
        "mean": 0.0180202014744,
        "median": 0.00542558031157,
        "min": 1.39816630496e-10,
        "stdev": 0.0229742396623,
        "var": 0.000527815660462
    },
    "spectral_energyband_middle_high": {
        "dmean": 0.00265435804613,
        "dmean2": 0.00398968998343,
        "dvar": 8.11578320281e-06,
        "dvar2": 1.61794287123e-05,
        "max": 0.0293758437037,
        "mean": 0.00668900832534,
        "median": 0.00552371423692,
        "min": 3.89010240687e-10,
        "stdev": 0.00542157003656,
        "var": 2.93934226647e-05
    },
    "spectral_energyband_middle_low": {
        "dmean": 0.00665180431679,
        "dmean2": 0.0104491794482,
        "dvar": 7.20148673281e-05,
        "dvar2": 0.000170931845787,
        "max": 0.0712586641312,
        "mean": 0.0143500873819,
        "median": 0.0114299291745,
        "min": 3.4964639517e-10,
        "stdev": 0.0116729410365,
        "var": 0.000136257542181
    },
    "spectral_entropy": {
        "dmean": 0.204315304756,
        "dmean2": 0.294232368469,
        "dvar": 0.060122653842,
        "dvar2": 0.121621705592,
        "max": 8.96215724945,
        "mean": 7.79792404175,
        "median": 7.85993480682,
        "min": 5.43663787842,
        "stdev": 0.426498442888,
        "var": 0.181900918484
    },
    "spectral_flux": {
        "dmean": 0.0355107523501,
        "dmean2": 0.0562138855457,
        "dvar": 0.00115444674157,
        "dvar2": 0.00248106452636,
        "max": 0.255732774734,
        "mean": 0.113939322531,
        "median": 0.104474253953,
        "min": 3.54581861757e-05,
        "stdev": 0.0472309999168,
        "var": 0.00223076739348
    },
    "spectral_kurtosis": {
        "dmean": 1.04684412479,
        "dmean2": 1.6587729454,
        "dvar": 3.09816408157,
        "dvar2": 8.19747924805,
        "max": 30.6528396606,
        "mean": 2.91926264763,
        "median": 2.57607984543,
        "min": -1.00381195545,
        "stdev": 2.29555606842,
        "var": 5.26957798004
    },
    "spectral_rms": {
        "dmean": 0.000879034749232,
        "dmean2": 0.00129644502886,
        "dvar": 8.8112199137e-07,
        "dvar2": 1.72122690856e-06,
        "max": 0.00941011123359,
        "mean": 0.00597202591598,
        "median": 0.00591511745006,
        "min": 1.10752762339e-06,
        "stdev": 0.00184510974213,
        "var": 3.40443011737e-06
    },
    "spectral_rolloff": {
        "dmean": 986.161560059,
        "dmean2": 1535.0612793,
        "dvar": 2043696,
        "dvar2": 3705905.25,
        "max": 11735.5957031,
        "mean": 2404.80908203,
        "median": 1614.99023438,
        "min": 64.599609375,
        "stdev": 2460.68652344,
        "var": 6054978.5
    },
    "spectral_skewness": {
        "dmean": 0.198257803917,
        "dmean2": 0.299261748791,
        "dvar": 0.0688421279192,
        "dvar2": 0.158493325114,
        "max": 4.46632671356,
        "mean": 1.33850216866,
        "median": 1.29278802872,
        "min": -0.041103143245,
        "stdev": 0.427079945803,
        "var": 0.182397276163
    },
    "spectral_spread": {
        "dmean": 764321.3125,
        "dmean2": 1071188.125,
        "dvar": 873360392192,
        "dvar2": 1.4330036224e+12,
        "max": 16965904,
        "mean": 6042438.5,
        "median": 5683899,
        "min": 2315540,
        "stdev": 1909472.125,
        "var": 3.64608382566e+12
    },
    "spectral_strongpeak": {
        "dmean": 0.60197108984,
        "dmean2": 1.01197850704,
        "dvar": 1.08932244778,
        "dvar2": 2.58357191086,
        "max": 13.5721073151,
        "mean": 1.03462052345,
        "median": 0.656794011593,
        "min": 0,
        "stdev": 1.1746314764,
        "var": 1.37975919247
    },
    "zerocrossingrate": {
        "dmean": 0.0198180954903,
        "dmean2": 0.0207029730082,
        "dvar": 0.000543109432328,
        "dvar2": 0.000508899567649,
        "max": 0.396484375,
        "mean": 0.0877437219024,
        "median": 0.0751953125,
        "min": 0.00244140625,
        "stdev": 0.0631028860807,
        "var": 0.00398197444156
    },
    "barkbands": {
        "dmean": [0.000294448225759, 0.00549393519759, 0.00281101162545, 0.00152654759586, 0.00322688184679, 0.00129050260875, 0.00118905527052, 0.00175586494152, 0.000759500078857, 0.000774321146309, 0.000404381193221, 0.000453248678241, 0.00048810170847, 0.000725317688193, 0.000429038715083, 0.000465830089524, 0.000308390124701, 0.000268571195193, 0.000317941914545, 0.000222803311772, 0.0001687007898, 0.000165566700161, 0.000242285459535, 0.000255326362094, 0.000182866802788, 0.00010093102901, 1.49279867401e-05],
        "dmean2": [0.000382503814762, 0.00754100037739, 0.00477183423936, 0.00267390767112, 0.00511566642672, 0.00183499907143, 0.0018952654209, 0.00286055286415, 0.0011541666463, 0.00115144706797, 0.000659935758449, 0.000723149045371, 0.000823168142233, 0.00120898464229, 0.000706434831955, 0.000742224627174, 0.000478775269585, 0.00043417949928, 0.000488879799377, 0.000372774316929, 0.000262296292931, 0.000235809347942, 0.000361551094102, 0.000350082525983, 0.000254565005889, 0.00014398402709, 2.19540324906e-05],
        "dvar": [2.07481903658e-07, 0.000108502041257, 5.24980059708e-05, 1.03979509731e-05, 3.04201894323e-05, 6.5595045271e-06, 5.61214073969e-06, 9.08999572857e-06, 2.56113753494e-06, 3.32243530465e-06, 5.46235753518e-07, 1.05731623989e-06, 1.38604866606e-06, 1.59286594226e-06, 5.11314226515e-07, 5.63053220048e-07, 1.79923347332e-07, 3.28747347567e-07, 2.72388405165e-07, 8.8532914333e-08, 6.13691710782e-08, 5.49489449497e-08, 1.65656643958e-07, 1.96280979026e-07, 1.05957575158e-07, 3.09132950349e-08, 7.53277884513e-10],
        "dvar2": [3.78746250362e-07, 0.000164427983691, 0.000139520168887, 2.85733221972e-05, 7.5790558185e-05, 1.11285498861e-05, 1.34584352054e-05, 2.1379930331e-05, 5.85915540796e-06, 7.0527544267e-06, 1.3465568145e-06, 2.56504222307e-06, 3.74471210307e-06, 3.80932715416e-06, 1.26701377212e-06, 1.36759649649e-06, 4.05503413958e-07, 8.65545757733e-07, 5.09993128617e-07, 2.22569482844e-07, 1.40272547355e-07, 1.11809320913e-07, 3.4840815033e-07, 3.20760534578e-07, 1.75751111442e-07, 5.66730982143e-08, 1.46036482906e-09],
        "max": [0.00373531435616, 0.0788342654705, 0.0511009097099, 0.0253010131419, 0.0660705417395, 0.0489486120641, 0.0290286689997, 0.0266110021621, 0.0251457542181, 0.0370651483536, 0.00771224219352, 0.0145499501377, 0.0156124327332, 0.0191709697247, 0.00730824004859, 0.0077285352163, 0.00455207703635, 0.00876054447144, 0.0116406446323, 0.00333422468975, 0.00342499138787, 0.00256385770626, 0.00407193927094, 0.00515814917162, 0.00393307162449, 0.00161421869416, 0.000228655713727],
        "mean": [0.00051261484623, 0.0135184628889, 0.00288794166408, 0.00176496058702, 0.00478122243658, 0.00228307256475, 0.00169484945945, 0.00213348609395, 0.00112098408863, 0.00119896442629, 0.000545432034414, 0.000571342010517, 0.000517104170285, 0.000990089261904, 0.000606659625191, 0.000648161163554, 0.000501442700624, 0.000504973519128, 0.000613841286395, 0.000420896976721, 0.000333177333232, 0.000392578629544, 0.000445852463599, 0.000498246459756, 0.000356963078957, 0.000183043812285, 1.98919933609e-05],
        "median": [4.64422955702e-05, 0.000727113103494, 0.000621805316769, 0.000533413141966, 0.00197578920051, 0.000706769293174, 0.00049542094348, 0.000731520063709, 0.0003994499275, 0.000282741559204, 0.000158589638886, 0.000227575568715, 0.00015835488739, 0.000339185353369, 0.000228139062528, 0.000293209042866, 0.000298389611999, 0.000217439301196, 0.000280801876215, 0.000306496076519, 0.000244696304435, 0.000242869296926, 0.000252806115896, 0.000229105440667, 0.000112460533273, 5.67409915675e-05, 4.90621869176e-06],
        "min": [5.2000979911e-11, 6.69973937439e-11, 3.32610397558e-11, 2.63169416814e-11, 5.62115978764e-11, 5.45415691777e-11, 5.279136156e-11, 6.11310446708e-11, 8.75257574751e-11, 2.35350593181e-11, 2.80052474266e-11, 4.81072195968e-11, 5.33314087336e-11, 4.96146006224e-11, 7.64325963631e-11, 3.54576888684e-11, 9.14084346409e-12, 4.76433562741e-12, 4.1473779272e-11, 5.78881977076e-11, 1.21742185777e-10, 4.29729099527e-11, 6.10468273154e-11, 8.6778736974e-11, 5.07409825962e-12, 1.87940253638e-11, 2.11135145825e-12],
        "stdev": [0.000878405175172, 0.02216517739, 0.00641041016206, 0.00338743650354, 0.00714118685573, 0.0045894626528, 0.00289238453843, 0.0035370728001, 0.00218987208791, 0.0024159566965, 0.00103331217542, 0.00107280223165, 0.00110562238842, 0.00161036569625, 0.000952204049099, 0.0009565820219, 0.000616476172581, 0.000793381943367, 0.00099263235461, 0.0004380561586, 0.000354356016032, 0.000429063074989, 0.000562651490327, 0.000731277803425, 0.000530771852937, 0.00026300441823, 3.54105068254e-05],
        "var": [7.71595694005e-07, 0.000491295068059, 4.10933607782e-05, 1.14747263069e-05, 5.09965502715e-05, 2.10631660593e-05, 8.36588878883e-06, 1.25108836073e-05, 4.79554000776e-06, 5.83684641242e-06, 1.06773404696e-06, 1.15090460895e-06, 1.22240089695e-06, 2.59327771346e-06, 9.0669260544e-07, 9.1504921329e-07, 3.80042848747e-07, 6.29454916634e-07, 9.85319047686e-07, 1.91893207102e-07, 1.25568178078e-07, 1.84095114264e-07, 3.16576688419e-07, 5.34767252702e-07, 2.81718769202e-07, 6.91713282208e-08, 1.25390409167e-09]
    },
    "erbbands": {
        "dmean": [0.247403547168, 1.1160544157, 2.69482493401, 4.29661226273, 7.1218495369, 12.2163476944, 14.1302061081, 7.32275915146, 14.5623035431, 25.316822052, 36.7449569702, 16.3475551605, 21.5669193268, 21.6223526001, 12.8181962967, 18.2694835663, 20.6700344086, 33.6676254272, 26.0260868073, 20.1775341034, 24.4498519897, 15.1427402496, 10.8255720139, 18.6132926941, 12.4148073196, 10.8418064117, 6.35390424728, 7.20137119293, 6.49011516571, 5.12778186798, 7.95283317566, 6.52723646164, 3.67145705223, 2.25082468987, 1.33283269405, 0.507417321205, 0.180452749133, 0.0395396389067, 0.00158933445346, 4.01660108764e-05],
        "dmean2": [0.304683238268, 1.52037382126, 4.34573125839, 7.27007293701, 12.1743679047, 19.2052745819, 21.5848808289, 10.4484243393, 22.3286724091, 40.7074775696, 58.6514892578, 24.6170730591, 31.5930538177, 33.0753555298, 20.8143405914, 29.1116771698, 34.2922592163, 55.3572692871, 42.955821991, 32.2133712769, 38.2310180664, 23.0342731476, 16.3426876068, 29.1822738647, 19.4035186768, 18.1667232513, 9.99591255188, 11.312335968, 9.56981372833, 7.47141885757, 12.0853919983, 9.21143341064, 5.1656293869, 3.05141639709, 1.89700353146, 0.738137364388, 0.254330098629, 0.0564637668431, 0.00231401342899, 5.71844357182e-05],
        "dvar": [0.194293811917, 4.21417427063, 43.5025062561, 80.1093139648, 244.256500244, 456.66796875, 687.034851074, 154.535339355, 760.931335449, 2342.29858398, 3736.06103516, 1363.01281738, 3858.84448242, 1766.10095215, 719.732421875, 1557.02819824, 2120.21679688, 3639.65673828, 1946.01330566, 1205.62780762, 1572.69775391, 434.781890869, 236.131668091, 1617.61975098, 233.372436523, 227.719360352, 95.1600494385, 97.9850311279, 88.6791152954, 61.8588066101, 198.061798096, 136.268539429, 40.0563163757, 14.7721357346, 5.80282449722, 0.769414424896, 0.110152930021, 0.00519220530987, 8.88324666448e-06, 3.7649803275e-09],
        "dvar2": [0.320475816727, 5.52109575272, 108.886367798, 216.152786255, 675.149475098, 1052.05566406, 1307.22729492, 299.767852783, 1728.00769043, 5846.609375, 8766.92675781, 3303.25170898, 8064.54785156, 3990.13818359, 1814.11120605, 3802.68823242, 5714.77539062, 8782.203125, 4930.15869141, 2836.68310547, 3834.35717773, 1027.29663086, 508.178985596, 3428.54296875, 563.429321289, 591.649169922, 224.619552612, 221.444641113, 196.290344238, 118.424560547, 428.678436279, 240.968429565, 68.1971740723, 25.4497699738, 10.7808933258, 1.42347478867, 0.203533858061, 0.00968858692795, 1.64205812325e-05, 6.49666498376e-09],
        "max": [3.21570253372, 16.7636241913, 43.7329406738, 68.7964096069, 158.994476318, 322.296447754, 430.724700928, 166.148834229, 302.198883057, 458.473327637, 648.096679688, 648.65435791, 1639.15551758, 596.617919922, 462.769439697, 578.276794434, 497.609893799, 1065.22094727, 526.407836914, 487.9609375, 377.132568359, 210.695846558, 293.671478271, 798.789672852, 210.217834473, 165.731369019, 134.728439331, 105.143989563, 117.535621643, 113.350669861, 114.313713074, 134.115158081, 67.0507965088, 56.0154418945, 29.4101142883, 9.10546970367, 3.07337903976, 0.56530880928, 0.0242683589458, 0.000516385945957],
        "mean": [0.504361510277, 2.58937478065, 3.28444743156, 5.52520990372, 7.77413702011, 18.8449363708, 24.1342086792, 13.5131645203, 23.9166584015, 30.3209285736, 48.4777984619, 25.0708179474, 36.8835067749, 32.8536109924, 15.9463319778, 23.9832744598, 23.9159164429, 50.483959198, 34.6831359863, 33.6803321838, 38.5531997681, 27.4536628723, 23.156419754, 38.8230018616, 25.9905052185, 19.942691803, 11.7841997147, 14.5120363235, 14.8506364822, 11.900888443, 13.9537668228, 12.4844264984, 6.96314811707, 4.19439506531, 2.42460370064, 0.95767813921, 0.311283171177, 0.0599665530026, 0.00225451798178, 0.000101819314295],
        "median": [0.0188448820263, 0.196303397417, 1.10541248322, 1.95406222343, 2.97793078423, 7.10238742828, 8.85286998749, 4.62978172302, 5.59602880478, 12.1058864594, 20.261051178, 11.2950716019, 8.33980083466, 11.2200737, 7.5747461319, 9.46781635284, 10.2962388992, 18.3073177338, 15.0444383621, 16.1989402771, 19.5351715088, 16.8494949341, 13.0743522644, 13.2290859222, 15.7464227676, 14.2023906708, 7.90642213821, 10.7636413574, 8.81754779816, 8.17533683777, 7.09943771362, 5.39333629608, 3.10044598579, 1.46823656559, 0.694939315319, 0.279246151447, 0.0942405387759, 0.0195572394878, 0.000622192397714, 8.25224633445e-05],
        "min": [2.62246491189e-09, 1.28611095107e-08, 3.58361802455e-08, 6.99857736208e-08, 1.19918766472e-07, 2.00031934128e-07, 3.21547588555e-07, 4.82909456423e-07, 6.82298207266e-07, 9.7157737855e-07, 1.55866325713e-06, 2.0120546651e-06, 1.19554897537e-06, 7.34668446967e-07, 1.40508632285e-06, 2.05835613087e-06, 2.45983574132e-06, 2.48194987762e-06, 3.18553952638e-06, 4.01765692004e-06, 1.25137421492e-06, 5.16289617281e-07, 2.62413038854e-07, 9.27997518829e-07, 2.7386711281e-06, 2.77615026789e-06, 4.76906507174e-06, 3.43240776601e-06, 8.65572019393e-07, 2.56280122812e-06, 1.65230369475e-06, 2.09693166653e-06, 1.10173027679e-06, 7.44857402424e-08, 6.22847764475e-08, 8.12713238929e-08, 3.53844100687e-08, 3.31815819266e-09, 3.09575087787e-10, 1.96211380477e-11],
        "stdev": [0.886956870556, 4.29240179062, 6.41463088989, 9.27673053741, 14.4114208221, 30.8873519897, 43.0611000061, 21.5958366394, 39.7944869995, 52.6228713989, 76.2497634888, 48.4511489868, 85.2120513916, 57.8994216919, 27.3504066467, 41.8754386902, 44.1379966736, 82.9777145386, 51.0652923584, 51.5961151123, 52.7467269897, 31.3500041962, 29.8898830414, 73.2880325317, 27.6217536926, 19.9810523987, 13.0621528625, 14.7027053833, 16.4832859039, 13.248465538, 18.5716972351, 18.5204467773, 10.1145563126, 6.32874107361, 3.68220949173, 1.35327076912, 0.472257107496, 0.0965370982885, 0.00390060362406, 8.59509600559e-05],
        "var": [0.78669244051, 18.4247112274, 41.1474914551, 86.057723999, 207.689041138, 954.028503418, 1854.25817871, 466.380126953, 1583.60107422, 2769.16650391, 5814.02587891, 2347.51391602, 7261.09423828, 3352.34301758, 748.04473877, 1753.55224609, 1948.16259766, 6885.30078125, 2607.6640625, 2662.15917969, 2782.21704102, 982.822814941, 893.405090332, 5371.13574219, 762.961242676, 399.242462158, 170.619827271, 216.169540405, 271.698730469, 175.521835327, 344.907928467, 343.00692749, 102.304244995, 40.0529632568, 13.5586662292, 1.83134186268, 0.223026782274, 0.0093194115907, 1.52147094923e-05, 7.38756744667e-09]
    },
    "gfcc": {
        "mean": [42.5320777893, 50.9303894043, -104.060348511, 34.3245162964, -61.3985519409, 15.5150680542, -44.0535812378, 11.9628896713, -23.0853633881, 5.79662847519, -19.1388244629, 1.19685184956, -14.9061536789],
        "cov": [[2945.79589844, -549.576660156, -279.8097229, -304.63861084, -300.670074463, -89.8289642334, -225.104751587, -131.847290039, -205.15423584, -11.6804533005, -170.275909424, -50.3991775513, -202.075714111], [-549.576660156, 1616.96276855, -76.5238342285, 97.8576431274, 432.226013184, 57.9982948303, 305.592437744, 203.675582886, 271.716369629, -22.1269207001, 201.974838257, -6.85661745071, 87.1609725952], [-279.8097229, -76.5238342285, 1144.3848877, 400.766662598, 93.1441040039, 175.932510376, -7.50593137741, -62.3496894836, -43.1174316406, 53.1767616272, -45.178981781, 22.9933738708, 39.220085144], [-304.63861084, 97.8576431274, 400.766662598, 553.001464844, 249.460357666, 107.319740295, 30.981678009, 26.5661010742, 84.1390075684, 33.6246299744, 48.6501350403, 32.2347373962, 80.3092880249], [-300.670074463, 432.226013184, 93.1441040039, 249.460357666, 497.034210205, 213.395614624, 174.257843018, 149.800338745, 174.655380249, 44.3207130432, 77.5562133789, 17.2018871307, 57.265953064], [-89.8289642334, 57.9982948303, 175.932510376, 107.319740295, 213.395614624, 327.949798584, 194.625793457, 79.3015899658, 61.6299819946, 36.3660202026, 34.0874824524, 0.429915487766, 9.03438949585], [-225.104751587, 305.592437744, -7.50593137741, 30.981678009, 174.257843018, 194.625793457, 323.132385254, 177.955429077, 95.2931747437, -2.23932695389, 83.1150741577, 21.4677467346, 25.0091381073], [-131.847290039, 203.675582886, -62.3496894836, 26.5661010742, 149.800338745, 79.3015899658, 177.955429077, 283.58215332, 173.336547852, 0.311179846525, 61.8102684021, 19.9692173004, 34.0631217957], [-205.15423584, 271.716369629, -43.1174316406, 84.1390075684, 174.655380249, 61.6299819946, 95.2931747437, 173.336547852, 249.045425415, 60.165397644, 60.9367675781, 16.9279346466, 32.6633644104], [-11.6804533005, -22.1269207001, 53.1767616272, 33.6246299744, 44.3207130432, 36.3660202026, -2.23932695389, 0.311179846525, 60.165397644, 111.54561615, 35.8067512512, 8.57099151611, -3.99291133881], [-170.275909424, 201.974838257, -45.178981781, 48.6501350403, 77.5562133789, 34.0874824524, 83.1150741577, 61.8102684021, 60.9367675781, 35.8067512512, 130.086013794, 46.1917266846, 35.5376434326], [-50.3991775513, -6.85661745071, 22.9933738708, 32.2347373962, 17.2018871307, 0.429915487766, 21.4677467346, 19.9692173004, 16.9279346466, 8.57099151611, 46.1917266846, 98.7819671631, 58.2274436951], [-202.075714111, 87.1609725952, 39.220085144, 80.3092880249, 57.265953064, 9.03438949585, 25.0091381073, 34.0631217957, 32.6633644104, -3.99291133881, 35.5376434326, 58.2274436951, 118.131988525]],
        "icov": [[0.000477520370623, -0.000149154293467, 0.000226620206377, -0.000109213571704, 0.000224585761316, -0.000414927257225, 0.000513485923875, -0.000527605589014, 0.000622275285423, -0.000485697411932, 0.000747265527025, -0.000736186804716, 0.000841781497002], [-0.000149154293467, 0.00183371047024, -0.000631772563793, 0.000940112397075, -0.00166164885741, 0.00190212286543, -0.00187207816634, 0.00196111691184, -0.00237140315585, 0.00236334046349, -0.00295160710812, 0.00242316327058, -0.00111746334005], [0.000226620206377, -0.000631772563793, 0.00179626233876, -0.00156143784989, 0.00100466096774, -0.00155556073878, 0.000852817669511, -0.00104739470407, 0.00170575326774, -0.00189593306277, 0.00236138538457, -0.00156203762162, 0.000596182129811], [-0.000109213571704, 0.000940112397075, -0.00156143784989, 0.00412231404334, -0.00238557020202, 0.00114632886834, -0.000344311090885, 0.00173770764377, -0.00215165619738, 0.00211538164876, -0.00286914827302, 0.00179675861727, -0.00187999184709], [0.000224585761316, -0.00166164885741, 0.00100466096774, -0.00238557020202, 0.00594152603298, -0.00377486459911, 0.00147050363012, -0.00210037594661, 0.000626265187748, -0.00211573741399, 0.00237820926122, -0.00168242724612, 0.000470356782898], [-0.000414927257225, 0.00190212286543, -0.00155556073878, 0.00114632886834, -0.00377486459911, 0.00910890195519, -0.00635363161564, 0.00306038348936, -0.00210350402631, 0.000613561831415, -0.0020052313339, 0.00321697443724, -0.00116019661073], [0.000513485923875, -0.00187207816634, 0.000852817669511, -0.000344311090885, 0.00147050363012, -0.00635363161564, 0.0106823248789, -0.00598886515945, 0.00343165849335, -0.000396136223571, -0.00018858758267, -0.00293079507537, 0.00198809383437], [-0.000527605589014, 0.00196111691184, -0.00104739470407, 0.00173770764377, -0.00210037594661, 0.00306038348936, -0.00598886515945, 0.0118646202609, -0.00893725082278, 0.00578698236495, -0.00397913344204, 0.0029530886095, -0.00214401539415], [0.000622275285423, -0.00237140315585, 0.00170575326774, -0.00215165619738, 0.000626265187748, -0.00210350402631, 0.00343165849335, -0.00893725082278, 0.0141585012898, -0.00888991169631, 0.00471826689318, -0.00326275872067, 0.00139193341602], [-0.000485697411932, 0.00236334046349, -0.00189593306277, 0.00211538164876, -0.00211573741399, 0.000613561831415, -0.000396136223571, 0.00578698236495, -0.00888991169631, 0.017735702917, -0.00900531094521, 0.00295603228733, 0.000320259423461], [0.000747265527025, -0.00295160710812, 0.00236138538457, -0.00286914827302, 0.00237820926122, -0.0020052313339, -0.00018858758267, -0.00397913344204, 0.00471826689318, -0.00900531094521, 0.0192564595491, -0.00916364043951, 0.00192524248268], [-0.000736186804716, 0.00242316327058, -0.00156203762162, 0.00179675861727, -0.00168242724612, 0.00321697443724, -0.00293079507537, 0.0029530886095, -0.00326275872067, 0.00295603228733, -0.00916364043951, 0.0202903393656, -0.00965395383537], [0.000841781497002, -0.00111746334005, 0.000596182129811, -0.00187999184709, 0.000470356782898, -0.00116019661073, 0.00198809383437, -0.00214401539415, 0.00139193341602, 0.000320259423461, 0.00192524248268, -0.00965395383537, 0.0156729687005]]
    },
    "melbands": {
        "dmean": [0.00175904878415, 0.00104406138416, 0.000768902071286, 0.000686987885274, 0.000504151685163, 0.000193263578694, 0.000224632371101, 0.000305824767565, 0.000279924366623, 9.81644989224e-05, 0.000109889711894, 9.03643740457e-05, 4.71841412946e-05, 4.6503613703e-05, 4.84657903144e-05, 5.19586465089e-05, 6.91866007401e-05, 4.80345115648e-05, 3.1327293982e-05, 2.98312334053e-05, 3.07427690132e-05, 1.94929652935e-05, 1.09876136776e-05, 1.14134745672e-05, 1.69218728843e-05, 1.07949454105e-05, 8.66850496095e-06, 7.53065842218e-06, 4.0307522795e-06, 4.53505663245e-06, 4.3001909944e-06, 3.70027873942e-06, 3.45753937836e-06, 3.00764145322e-06, 5.07028789798e-06, 4.40123403678e-06, 3.99945474783e-06, 2.76091873275e-06, 2.17636488742e-06, 1.94857011593e-06],
        "dmean2": [0.00232431525365, 0.00156835303642, 0.00128470128402, 0.00110415217932, 0.000765112868976, 0.000273653335171, 0.000349733105395, 0.000492831459269, 0.00044326754869, 0.00014709464449, 0.000161354109878, 0.000138164876262, 7.72883722675e-05, 7.36754591344e-05, 7.99852277851e-05, 8.73021053849e-05, 0.000115181079309, 7.98065811978e-05, 5.18322121934e-05, 4.78746987937e-05, 4.85436248709e-05, 3.00178344332e-05, 1.70996299858e-05, 1.76865469257e-05, 2.65142152784e-05, 1.69187806023e-05, 1.38147324833e-05, 1.28612500703e-05, 6.45978525426e-06, 7.25459585738e-06, 6.67297081236e-06, 5.5060518207e-06, 5.04655417899e-06, 4.46868671133e-06, 7.74659838498e-06, 6.47469505566e-06, 5.54632697458e-06, 4.00282897317e-06, 3.0478786357e-06, 2.70731834462e-06],
        "dvar": [1.08217473098e-05, 4.24353402195e-06, 2.28565841098e-06, 1.78076516022e-06, 6.93820823017e-07, 1.15612522222e-07, 1.8496294274e-07, 3.08144393557e-07, 2.04069792176e-07, 5.54492771698e-08, 9.52198391246e-08, 3.41438735063e-08, 7.95830512601e-09, 1.16753788859e-08, 1.65960258869e-08, 1.74768395311e-08, 1.50684940081e-08, 7.72039143726e-09, 3.37818573115e-09, 2.84204371148e-09, 2.61012766956e-09, 8.10790656836e-10, 2.3915580627e-10, 4.54644738523e-10, 1.3778357344e-09, 2.36713648682e-10, 1.16945605977e-10, 1.30761637629e-10, 3.99856259214e-11, 6.75899752833e-11, 3.29502675145e-11, 2.8774824537e-11, 2.50994103973e-11, 2.12711636499e-11, 8.00561492098e-11, 5.77057811257e-11, 5.26534441048e-11, 2.44753835255e-11, 1.20371178303e-11, 1.16071293202e-11],
        "dvar2": [1.68057486007e-05, 8.61693206389e-06, 6.08804793956e-06, 4.57267060483e-06, 1.40494580592e-06, 2.12264012589e-07, 4.27138502346e-07, 7.57466239065e-07, 4.81755478177e-07, 1.34989193157e-07, 1.98409125574e-07, 7.61234275615e-08, 2.06340882158e-08, 2.7850692419e-08, 4.39599929791e-08, 4.58611708609e-08, 3.75329243241e-08, 1.95426608229e-08, 8.56221671341e-09, 6.88977319641e-09, 6.28736485098e-09, 1.92561100398e-09, 5.94050864056e-10, 1.11421105675e-09, 2.85009860157e-09, 5.46686029779e-10, 3.0184840738e-10, 3.4956346151e-10, 9.78676584218e-11, 1.60629676227e-10, 7.86487888704e-11, 6.66384586401e-11, 4.97286448131e-11, 4.23660724558e-11, 1.78515063842e-10, 1.18689724715e-10, 9.20976073182e-11, 4.64673334533e-11, 2.07686211978e-11, 2.0818380006e-11],
        "max": [0.0243062153459, 0.0159607343376, 0.0101499482989, 0.0150429001078, 0.0113106612116, 0.00515703065321, 0.00510219717398, 0.00536423409358, 0.00517084822059, 0.00409015128389, 0.00798700936139, 0.00284526171163, 0.000974251306616, 0.00173874793109, 0.00245669577271, 0.00178751989733, 0.00185156997759, 0.00114946032409, 0.000739353359677, 0.000653979252093, 0.000445432990091, 0.000282675115159, 0.000225096053327, 0.000335630669724, 0.000794297666289, 0.000172815241967, 0.000187353172805, 9.7671043477e-05, 9.44586427067e-05, 0.000130407410325, 5.5310982134e-05, 7.18659721315e-05, 5.25865034433e-05, 8.08683616924e-05, 8.08922632132e-05, 9.59167446126e-05, 8.6739717517e-05, 5.57344974368e-05, 4.3721684051e-05, 5.25042814843e-05],
        "mean": [0.00413544662297, 0.00222557177767, 0.000969821063336, 0.000937949109357, 0.000877916929312, 0.000355335243512, 0.000359205761924, 0.000361709680874, 0.000382256956073, 0.000144126213854, 0.000183023817954, 0.000132335117087, 5.77364116907e-05, 5.81383283134e-05, 5.64457732253e-05, 5.69403091504e-05, 0.000100829216535, 5.69349067518e-05, 4.35966576333e-05, 4.58312606497e-05, 4.48229438916e-05, 3.15649049298e-05, 1.95512657228e-05, 2.20261335926e-05, 3.35076947522e-05, 1.93575542653e-05, 1.72546824615e-05, 1.18142006613e-05, 6.53917868476e-06, 8.41732980916e-06, 8.06966272648e-06, 8.00391990197e-06, 7.84829535405e-06, 6.12023040958e-06, 8.20553850645e-06, 7.63255684433e-06, 7.51242760089e-06, 4.95792073707e-06, 3.85558996641e-06, 3.48296521224e-06],
        "median": [0.000184338714462, 0.000676523603033, 0.000396177638322, 0.00037720092223, 0.000363485654816, 0.000114542868687, 8.90685405466e-05, 0.000134358197101, 0.000156219510245, 5.24772985955e-05, 3.34207979904e-05, 4.01558318117e-05, 2.19606936298e-05, 2.34662438743e-05, 2.26296961046e-05, 1.84822783922e-05, 3.09857641696e-05, 2.03488634725e-05, 1.79063245014e-05, 2.05131200346e-05, 2.13279818126e-05, 1.87201621884e-05, 1.08332869786e-05, 9.4384613476e-06, 1.00063489299e-05, 1.00158140413e-05, 1.24426560433e-05, 6.82644167682e-06, 4.098172667e-06, 5.6232879615e-06, 5.85268298892e-06, 4.7430048653e-06, 4.53714710602e-06, 4.04793308917e-06, 4.01321403842e-06, 3.46522415384e-06, 3.08331277665e-06, 2.283144795e-06, 1.45822821196e-06, 1.07992548237e-06],
        "min": [2.35051544201e-11, 1.81828007512e-11, 1.34173895952e-11, 1.13678294208e-11, 1.10245770846e-11, 1.08683340105e-11, 1.05946475551e-11, 1.10834579362e-11, 1.34100924809e-11, 1.25004832874e-11, 5.6264585005e-12, 2.70046311701e-12, 4.26360205821e-12, 5.16939095696e-12, 5.75005581344e-12, 5.0798588426e-12, 4.52342850676e-12, 4.76722871248e-12, 6.11611325821e-12, 3.90776343576e-12, 9.93237068113e-13, 5.57235410158e-13, 2.87538737395e-13, 2.15732623822e-13, 6.8907829746e-13, 1.96883611844e-12, 1.86178936851e-12, 1.82950941723e-12, 2.25721915117e-12, 4.42648868948e-12, 9.92071984458e-13, 1.94899069214e-13, 1.30561132652e-12, 1.38030179734e-12, 9.75990013634e-13, 8.86869625048e-13, 1.53628542179e-12, 9.81546224507e-13, 1.76100277481e-13, 1.27041474264e-14],
        "stdev": [0.00693743722513, 0.00313405389898, 0.00152396189515, 0.00154525821563, 0.00136410351843, 0.000609150214586, 0.000589180155657, 0.000614805496298, 0.000583796063438, 0.000308556627715, 0.000425854639616, 0.000246268697083, 9.77376985247e-05, 0.000116218638141, 0.000117125768156, 0.000128235580632, 0.000171000283444, 9.60456745815e-05, 7.10602180334e-05, 6.67861459078e-05, 6.42084996798e-05, 3.96761824959e-05, 2.521688657e-05, 3.22487467201e-05, 6.90863089403e-05, 2.44225284405e-05, 1.8992488549e-05, 1.32553332151e-05, 7.74952241045e-06, 1.05229873952e-05, 8.32215391711e-06, 8.94590993994e-06, 8.9873046818e-06, 7.3513656389e-06, 1.12761445052e-05, 1.0843002201e-05, 1.15828352136e-05, 7.4248105193e-06, 5.66703329241e-06, 5.43091118743e-06],
        "var": [4.81280367239e-05, 9.82229448709e-06, 2.32245974985e-06, 2.3878230877e-06, 1.86077841136e-06, 3.7106397599e-07, 3.47133266132e-07, 3.77985827527e-07, 3.40817877031e-07, 9.52071914639e-08, 1.81352163509e-07, 6.06482757348e-08, 9.55265822e-09, 1.35067717011e-08, 1.37184450466e-08, 1.64443623163e-08, 2.92410948788e-08, 9.22477205734e-09, 5.04955499636e-09, 4.46038894708e-09, 4.12273148953e-09, 1.57419943747e-09, 6.35891395095e-10, 1.03998165635e-09, 4.77291850487e-09, 5.96459881486e-10, 3.60714624836e-10, 1.75703854244e-10, 6.00550928431e-11, 1.10733255898e-10, 6.92582449724e-11, 8.00293026293e-11, 8.07716532547e-11, 5.40425794393e-11, 1.27151442153e-10, 1.17570689295e-10, 1.34162070342e-10, 5.51278120375e-11, 3.21152687777e-11, 2.94947954949e-11]
    },
    "melbands128": {
