{
"lowlevel": {
    "average_loudness": 0.744250416756,
    "barkbands_crest": {
        "dmean": 2.29562020302,
        "dmean2": 3.57310009003,
        "dvar": 6.63489580154,
        "dvar2": 12.6961221695,
        "max": 26.3930492401,
        "mean": 13.1779203415,
        "median": 12.6182384491,
        "min": 2.75708818436,
        "stdev": 5.3901143074,
        "var": 29.0533332825
    },
    "barkbands_flatness_db": {
        "dmean": 0.0219744872302,
        "dmean2": 0.0319875739515,
        "dvar": 0.000647235370707,
        "dvar2": 0.00113197101746,
        "max": 0.439547926188,
        "mean": 0.201196372509,
        "median": 0.192844688892,
        "min": 0.0375110246241,
        "stdev": 0.0649836286902,
        "var": 0.00422287173569
    },
    "barkbands_kurtosis": {
        "dmean": 9.82673454285,
        "dmean2": 13.8873796463,
        "dvar": 1007.06378174,
        "dvar2": 1867.34118652,
        "max": 566.929382324,
        "mean": 17.8508815765,
        "median": 6.29610538483,
        "min": -1.86229336262,
        "stdev": 45.3674850464,
        "var": 2058.20874023
    },
    "barkbands_skewness": {
        "dmean": 0.792791426182,
        "dmean2": 1.10063946247,
        "dvar": 1.47593462467,
        "dvar2": 2.39106655121,
        "max": 20.1877975464,
        "mean": 2.61621952057,
        "median": 2.11004495621,
        "min": -3.51872372627,
        "stdev": 2.55340218544,
        "var": 6.51986217499
    },
    "barkbands_spread": {
        "dmean": 5.43745183945,
        "dmean2": 8.47271060944,
        "dvar": 116.292778015,
        "dvar2": 232.634567261,
        "max": 111.811431885,
        "mean": 15.6413440704,
        "median": 11.4041604996,
        "min": 0.243599295616,
        "stdev": 16.4616165161,
        "var": 270.984832764
    },
    "dissonance": {
        "dmean": 0.02590498887,
        "dmean2": 0.0431765243411,
        "dvar": 0.000630715221632,
        "dvar2": 0.00166111893486,
        "max": 0.499445527792,
        "mean": 0.445744901896,
        "median": 0.45239636302,
        "min": 0.262004345655,
        "stdev": 0.0349940210581,
        "var": 0.00122458150145
    },
    "dynamic_complexity": 3.47468304634,
    "erbbands_crest": {
        "dmean": 2.94691443443,
        "dmean2": 4.66599464417,
        "dvar": 8.1196269989,
        "dvar2": 19.4438457489,
        "max": 30.1940441132,
        "mean": 10.5886631012,
        "median": 9.42444705963,
        "min": 3.31278800964,
        "stdev": 4.69115686417,
        "var": 22.0069522858
    },
    "erbbands_flatness_db": {
        "dmean": 0.0169076211751,
        "dmean2": 0.0256680101156,
        "dvar": 0.000305922701955,
        "dvar2": 0.000686613027938,
        "max": 0.348651558161,
        "mean": 0.172935545444,
        "median": 0.169039726257,
        "min": 0.0497117862105,
        "stdev": 0.0471618697047,
        "var": 0.00222424208187
    },
    "erbbands_kurtosis": {
        "dmean": 1.57103598118,
        "dmean2": 2.48266220093,
        "dvar": 5.8327126503,
        "dvar2": 13.7101249695,
        "max": 39.689365387,
        "mean": 1.81368863583,
        "median": 0.815466165543,
        "min": -1.7898555994,
        "stdev": 3.35133719444,
        "var": 11.231461525
    },
    "erbbands_skewness": {
        "dmean": 0.494259774685,
        "dmean2": 0.736116111279,
        "dvar": 0.292921751738,
        "dvar2": 0.581082165241,
        "max": 4.93544244766,
        "mean": 0.550262868404,
        "median": 0.486123293638,
        "min": -3.18188118935,
        "stdev": 1.11547923088,
        "var": 1.24429404736
    },
    "erbbands_spread": {
        "dmean": 9.11356258392,
        "dmean2": 14.3627138138,
        "dvar": 183.692611694,
        "dvar2": 444.799133301,
        "max": 152.477539062,
        "mean": 33.2350158691,
        "median": 28.1267280579,
        "min": 3.78476929665,
        "stdev": 20.5404853821,
        "var": 421.911529541
    },
    "hfc": {
        "dmean": 8.66279315948,
        "dmean2": 13.2128343582,
        "dvar": 527.74987793,
        "dvar2": 1147.09729004,
        "max": 364.653656006,
        "mean": 20.1746807098,
        "median": 9.9484500885,
        "min": 1.14926166361e-07,
        "stdev": 32.0237884521,
        "var": 1025.52307129
    },
    "loudness_ebu128": {
        "integrated": -10.1964902878,
        "loudness_range": 5.43256378174,
        "momentary": {
            "dmean": 0.696389377117,
            "dmean2": 0.844218194485,
            "dvar": 0.544457495213,
            "dvar2": 0.868047356606,
            "max": -5.33402919769,
            "mean": -11.198346138,
            "median": -10.5173559189,
            "min": -20.2245159149,
            "stdev": 3.24880075455,
            "var": 10.5547056198
        },
        "short_term": {
            "dmean": 0.122383572161,
            "dmean2": 0.0951573997736,
            "dvar": 0.0101912179962,
            "dvar2": 0.0100841522217,
            "max": -7.67884349823,
            "mean": -10.648235321,
            "median": -10.8354167938,
            "min": -14.5806655884,
            "stdev": 1.96815931797,
            "var": 3.87365102768
        }
    },
    "melbands_crest": {
        "dmean": 2.81486725807,
        "dmean2": 4.29919242859,
        "dvar": 10.0929508209,
        "dvar2": 21.3222942352,
        "max": 38.5711364746,
        "mean": 19.0501308441,
        "median": 16.8970947266,
        "min": 2.86157488823,
        "stdev": 8.70075035095,
        "var": 75.7030487061
    },
    "melbands_flatness_db": {
        "dmean": 0.0255762375891,
        "dmean2": 0.0361365303397,
        "dvar": 0.00106785434764,
        "dvar2": 0.00169019342866,
        "max": 0.560117602348,
        "mean": 0.273805230856,
        "median": 0.268961131573,
        "min": 0.0351255200803,
        "stdev": 0.0871218591928,
        "var": 0.00759021798149
    },
    "melbands_kurtosis": {
        "dmean": 16.3637084961,
        "dmean2": 23.5508766174,
        "dvar": 1812.02514648,
        "dvar2": 2967.62866211,
        "max": 924.218017578,
        "mean": 33.7303466797,
        "median": 12.7957134247,
        "min": -1.71825051308,
        "stdev": 69.8827209473,
        "var": 4883.59521484
    },
    "melbands_skewness": {
        "dmean": 0.944051265717,
        "dmean2": 1.37538039684,
        "dvar": 1.98655164242,
        "dvar2": 3.63963055611,
        "max": 24.1072750092,
        "mean": 3.5555202961,
        "median": 2.71079993248,
        "min": -0.664396345615,
        "stdev": 2.98317146301,
        "var": 8.89931201935
    },
    "melbands_spread": {
        "dmean": 7.04939746857,
        "dmean2": 10.7463636398,
        "dvar": 345.401245117,
        "dvar2": 678.434265137,
        "max": 231.462661743,
        "mean": 17.4400348663,
        "median": 10.3123493195,
        "min": 0.272639662027,
        "stdev": 26.4171352386,
        "var": 697.86505127
    },
    "pitch_salience": {
        "dmean": 0.0659620538354,
        "dmean2": 0.103272639215,
        "dvar": 0.00669035175815,
        "dvar2": 0.0144301811233,
        "max": 0.862097740173,
        "mean": 0.454754829407,
        "median": 0.484490901232,
        "min": 0.0420495457947,
        "stdev": 0.176001310349,
        "var": 0.030976459384
    },
    "silence_rate_20dB": {
        "dmean": 0,
        "dmean2": 0,
        "dvar": 0,
        "dvar2": 0,
        "max": 1,
        "mean": 1,
        "median": 1,
        "min": 1,
        "stdev": 0,
        "var": 0
    },
    "silence_rate_30dB": {
        "dmean": 0.0371517017484,
        "dmean2": 0.0743609592319,
        "dvar": 0.0357715971768,
        "dvar2": 0.0765775963664,
        "max": 1,
        "mean": 0.924207270145,
        "median": 1,
        "min": 0,
        "stdev": 0.264666289091,
        "var": 0.0700482428074
    },
    "silence_rate_60dB": {
        "dmean": 0.0193498451263,
        "dmean2": 0.0387296676636,
        "dvar": 0.0189753193408,
        "dvar2": 0.0465241000056,
        "max": 1,
        "mean": 0.0464037135243,
        "median": 0,
        "min": 0,
        "stdev": 0.210356041789,
        "var": 0.0442496612668
    },
    "spectral_centroid": {
        "dmean": 241.130950928,
        "dmean2": 357.688720703,
        "dvar": 303573.75,
        "dvar2": 489559.40625,
        "max": 10934.2832031,
        "mean": 930.450134277,
        "median": 685.026245117,
        "min": 147.727462769,
        "stdev": 833.084716797,
        "var": 694030.125
    },
    "spectral_complexity": {
        "dmean": 2.36609911919,
        "dmean2": 3.77846622467,
        "dvar": 9.65620231628,
        "dvar2": 18.1430397034,
        "max": 55,
        "mean": 12.9621038437,
        "median": 12,
        "min": 0,
        "stdev": 5.84784889221,
        "var": 34.1973381042
    },
    "spectral_decrease": {
        "dmean": 3.26397797679e-09,
        "dmean2": 4.50411796749e-09,
        "dvar": 5.9010773732e-17,
        "dvar2": 8.24312744282e-17,
        "max": -1.58845163933e-17,
        "mean": -1.14182006072e-08,
        "median": -7.42137062915e-09,
        "min": -8.51916510669e-08,
        "stdev": 1.44407561464e-08,
        "var": 2.08535435268e-16
    },
    "spectral_energy": {
        "dmean": 0.0126220034435,
        "dmean2": 0.0175955798477,
        "dvar": 0.000853696546983,
        "dvar2": 0.00120995403267,
        "max": 0.323382824659,
        "mean": 0.0449248179793,
        "median": 0.0293276701123,
        "min": 7.03758648579e-11,
        "stdev": 0.0551358647645,
        "var": 0.00303996354342
    },
    "spectral_energyband_high": {
        "dmean": 0.0008147151093,
        "dmean2": 0.00123906845693,
        "dvar": 7.71601298766e-06,
        "dvar2": 1.66839254234e-05,
        "max": 0.0423120744526,
        "mean": 0.00115240796003,
        "median": 0.000136216229293,
        "min": 3.90312391782e-12,
        "stdev": 0.00352213904262,
        "var": 1.24054640764e-05
    },
    "spectral_energyband_low": {
        "dmean": 0.00854815449566,
        "dmean2": 0.0111060356721,
        "dvar": 0.000854559999425,
        "dvar2": 0.00109634548426,
        "max": 0.315233111382,
        "mean": 0.0271874386817,
        "median": 0.00774614047259,
        "min": 3.00781101414e-12,
        "stdev": 0.0526078566909,
        "var": 0.00276758661494
    },
    "spectral_energyband_middle_high": {
        "dmean": 0.0011876655044,
        "dmean2": 0.00166208483279,
        "dvar": 5.59296813663e-06,
        "dvar2": 1.00625811683e-05,
        "max": 0.0569767914712,
        "mean": 0.0033142613247,
        "median": 0.00144686549902,
        "min": 4.63057439615e-11,
        "stdev": 0.00520743662491,
        "var": 2.71173939836e-05
    },
    "spectral_energyband_middle_low": {
        "dmean": 0.00723998527974,
        "dmean2": 0.0118685429916,
        "dvar": 0.000312772084726,
        "dvar2": 0.000867067428771,
        "max": 0.153927326202,
        "mean": 0.0139053957537,
        "median": 0.00607565045357,
        "min": 1.72134320686e-11,
        "stdev": 0.0182563755661,
        "var": 0.000333295261953
    },
    "spectral_entropy": {
        "dmean": 0.200213268399,
        "dmean2": 0.298568248749,
        "dvar": 0.0575003772974,
        "dvar2": 0.103192150593,
        "max": 9.80530929565,
        "mean": 7.26959180832,
        "median": 7.24841308594,
        "min": 5.44788551331,
        "stdev": 0.592323124409,
        "var": 0.350846707821
    },
    "spectral_flux": {
        "dmean": 0.0342008583248,
        "dmean2": 0.0532923899591,
        "dvar": 0.00332321878523,
        "dvar2": 0.00639966968447,
        "max": 0.584898114204,
        "mean": 0.0832024738193,
        "median": 0.0552637949586,
        "min": 8.38903270051e-06,
        "stdev": 0.0866598710418,
        "var": 0.00750993285328
    },
    "spectral_kurtosis": {
        "dmean": 2.53127622604,
        "dmean2": 4.16805553436,
        "dvar": 11.600022316,
        "dvar2": 33.636592865,
        "max": 50.2996826172,
        "mean": 7.1942987442,
        "median": 4.92532587051,
        "min": -1.24892616272,
        "stdev": 6.91899490356,
        "var": 47.8724937439
    },
    "spectral_rms": {
        "dmean": 0.00080251932377,
        "dmean2": 0.00112359307241,
        "dvar": 1.91349363377e-06,
        "dvar2": 2.87682746603e-06,
        "max": 0.0177621915936,
        "mean": 0.00579581223428,
        "median": 0.00534905260429,
        "min": 2.62029345777e-07,
        "stdev": 0.0031996355392,
        "var": 1.02376670839e-05
    },
    "spectral_rolloff": {
        "dmean": 504.946929932,
        "dmean2": 858.225891113,
        "dvar": 2140216,
        "dvar2": 4471637.5,
        "max": 12187.7929688,
        "mean": 1112.35021973,
        "median": 495.263671875,
        "min": 43.06640625,
        "stdev": 1954.51940918,
        "var": 3820146
    },
    "spectral_skewness": {
        "dmean": 0.314692258835,
        "dmean2": 0.489708840847,
        "dvar": 0.112712815404,
        "dvar2": 0.256775438786,
        "max": 5.18357896805,
        "mean": 2.05733275414,
        "median": 1.99207568169,
        "min": -0.0253212712705,
        "stdev": 0.828305840492,
        "var": 0.68609058857
    },
    "spectral_spread": {
        "dmean": 712122.6875,
        "dmean2": 1059199.75,
        "dvar": 2.1800100823e+12,
        "dvar2": 3.06711284941e+12,
        "max": 42285948,
        "mean": 5150814,
        "median": 5002882.5,
        "min": 1135050.375,
        "stdev": 2640521.25,
        "var": 6.97235197133e+12
    },
    "spectral_strongpeak": {
        "dmean": 0.33474612236,
        "dmean2": 0.554151535034,
        "dvar": 0.333896547556,
        "dvar2": 0.794833004475,
        "max": 6.38984632492,
        "mean": 0.831040322781,
        "median": 0.478291422129,
        "min": 0,
        "stdev": 0.865851998329,
        "var": 0.7496997118
    },
    "zerocrossingrate": {
        "dmean": 0.0113990241662,
        "dmean2": 0.0132478913292,
        "dvar": 0.000469240010716,
        "dvar2": 0.000492618186399,
        "max": 0.4140625,
        "mean": 0.0443535335362,
        "median": 0.03125,
        "min": 0.00146484375,
        "stdev": 0.0491131171584,
        "var": 0.0024120984599
    },
    "barkbands": {
        "dmean": [0.00106029724702, 0.00808617658913, 0.00254010385834, 0.00197473587468, 0.00290696835145, 0.00174084631726, 0.00162782461848, 0.00093852885766, 0.000445963436505, 0.000399629527237, 0.000286642985884, 0.000226062242291, 0.000337047677021, 0.000306471454678, 0.000181108960533, 0.000119821306725, 0.000100067882158, 4.66124547529e-05, 3.50216432707e-05, 3.87604923162e-05, 8.73517128639e-05, 0.000134940957651, 0.000251321034739, 0.000186129283975, 0.000152584078023, 5.97695434408e-05, 1.6632795905e-06],
        "dmean2": [0.00155670347158, 0.0110880797729, 0.00468144146726, 0.0036822562106, 0.00462549040094, 0.00279820198193, 0.00266816164367, 0.00155590544455, 0.00068597542122, 0.00059665198205, 0.000447930418886, 0.000348457833752, 0.000532034435309, 0.00046685981215, 0.000275232276181, 0.000184378324775, 0.000149520172272, 7.44044300518e-05, 5.22807313246e-05, 6.19879501755e-05, 0.000139530820888, 0.000210028942092, 0.000402570323786, 0.000286106573185, 0.000238147564232, 9.07084249775e-05, 2.97529459203e-06],
        "dvar": [8.00313227955e-06, 0.000913975760341, 0.000210836602491, 9.10969029064e-05, 4.44030665676e-05, 2.48538653977e-05, 2.35249353864e-05, 1.15472585094e-05, 2.79558230432e-06, 1.20069591958e-06, 5.9486524151e-07, 8.14302268282e-07, 6.45879708827e-07, 6.05754337357e-07, 2.45224470063e-07, 1.39542407851e-07, 1.20072641607e-07, 4.20219841146e-08, 4.21163122155e-08, 2.73072160439e-08, 1.34348780989e-07, 2.52446966442e-07, 8.38410016968e-07, 3.74006816628e-07, 3.24541787222e-07, 5.55453425477e-08, 1.00649148738e-10],
        "dvar2": [1.83839238161e-05, 0.00133076624479, 0.000600560510065, 0.000271924567642, 0.000103907092125, 5.98951774009e-05, 6.06740723015e-05, 2.73322693829e-05, 7.30833562557e-06, 2.26101838052e-06, 1.27381827042e-06, 2.05279934562e-06, 1.58721286425e-06, 1.36633934744e-06, 5.1126045264e-07, 3.2679528772e-07, 2.52923967992e-07, 8.78648904745e-08, 8.39212219717e-08, 5.4406072536e-08, 2.99013692029e-07, 5.10876532189e-07, 2.19811181523e-06, 7.80127550115e-07, 6.92915875788e-07, 1.14772859661e-07, 2.87037615898e-10],
        "max": [0.0568707771599, 0.300211757421, 0.138833865523, 0.0843950808048, 0.0777603760362, 0.0793202146888, 0.0713471919298, 0.0510839372873, 0.0347448885441, 0.0232439599931, 0.0129937389866, 0.0215855240822, 0.00940659549087, 0.0101332198828, 0.0077885184437, 0.0053359628655, 0.00521066784859, 0.00325024989434, 0.00398390274495, 0.0027467594482, 0.00529517279938, 0.00786530226469, 0.0151022607461, 0.0074753514491, 0.007418573834, 0.00385942636058, 0.000146504899021],
        "mean": [0.00363472267054, 0.0211264640093, 0.00189693714492, 0.00179178093094, 0.00494706770405, 0.0024033265654, 0.00242092437111, 0.00136126484722, 0.000773408042733, 0.000702206220012, 0.00048343866365, 0.000362459773896, 0.000568757357541, 0.000502956972923, 0.000310079572955, 0.000189016005606, 0.000163983058883, 6.40233847662e-05, 4.59868497273e-05, 5.84198169236e-05, 0.000119525408081, 0.000172526619281, 0.000280050531728, 0.000247352640145, 0.000212730272324, 8.40644861455e-05, 1.34857123157e-06],
        "median": [0.000175650566234, 0.00538239767775, 0.000244610651862, 0.000225352763664, 0.00119626114611, 0.000515640014783, 0.000759330170695, 0.00020260430756, 0.000128341343952, 0.000218363536987, 0.00014328022371, 8.98877478903e-05, 0.000172921514604, 0.000126725601149, 9.16896169656e-05, 4.64186050522e-05, 3.43804204022e-05, 1.31699307531e-05, 1.06574834717e-05, 1.7564443624e-05, 1.80983661267e-05, 1.36610824484e-05, 2.29225825024e-05, 2.30613259191e-05, 1.97727713385e-05, 5.62375680602e-06, 3.66190811008e-09],
        "min": [6.06725024496e-14, 1.42606087529e-12, 1.47907098895e-12, 2.69443538661e-13, 4.66571269467e-12, 4.00452110708e-12, 6.17743790149e-12, 1.14605764115e-12, 9.27479772671e-13, 3.88895350385e-13, 2.94355165242e-12, 3.27965367537e-12, 7.20500005144e-12, 3.07368431922e-12, 1.17309920458e-11, 8.67860297515e-12, 2.50533561995e-13, 8.74511747739e-12, 1.518986556e-14, 1.96536341888e-12, 3.92797394003e-13, 8.80152342068e-13, 1.41929342085e-13, 2.00245134602e-13, 1.64703062929e-13, 1.526251727e-13, 1.0543932196e-14],
        "stdev": [0.00862011127174, 0.0456714034081, 0.0110649997368, 0.00722236605361, 0.00868317577988, 0.005901964847, 0.00551102636382, 0.00432230578735, 0.00200385274366, 0.00168592587579, 0.00115154904779, 0.00100669590756, 0.00119030103087, 0.00123226968572, 0.000710480322596, 0.000457510410342, 0.000446882069809, 0.000244708935497, 0.000242172609433, 0.000194848907995, 0.000400052493205, 0.000592892232817, 0.000933284405619, 0.00080195517512, 0.000751882966142, 0.000327528687194, 9.10361177375e-06],
        "var": [7.43063137634e-05, 0.00208587711677, 0.000122434226796, 5.21625697729e-05, 7.53975473344e-05, 3.48331886926e-05, 3.03714132315e-05, 1.86823290278e-05, 4.01542592954e-06, 2.84234602077e-06, 1.32606533043e-06, 1.01343675851e-06, 1.41681641708e-06, 1.5184887161e-06, 5.0478229241e-07, 2.09315786037e-07, 1.9970359233e-07, 5.98824669851e-08, 5.8647572132e-08, 3.79660960448e-08, 1.60041992103e-07, 3.51521180164e-07, 8.7101977897e-07, 6.4313206849e-07, 5.65328036828e-07, 1.07275042183e-07, 8.28757409921e-11]
    },
    "erbbands": {
        "dmean": [0.387227535248, 1.62268066406, 2.83572053909, 5.11319303513, 7.27684354782, 10.9785985947, 12.3124904633, 15.0486888885, 21.5605201721, 26.484079361, 14.1439523697, 10.9934644699, 9.7242975235, 12.3807821274, 9.72776794434, 9.54215335846, 15.2036905289, 17.6256790161, 9.31937885284, 7.79910945892, 5.80006408691, 5.20920276642, 2.90933966637, 1.77773320675, 1.75096130371, 1.87577116489, 3.03417611122, 3.82952713966, 4.68294477463, 7.1966509819, 6.96743917465, 4.59846925735, 2.88600111008, 1.8888297081, 1.03485691547, 0.391401559114, 0.0880637764931, 0.00869628507644, 0.000228787845117, 2.24672039622e-05],
        "dmean2": [0.498483300209, 2.32747793198, 4.90638971329, 9.4891910553, 12.5571594238, 17.1256389618, 19.6566104889, 24.1018447876, 35.3538627625, 41.6895217896, 23.8336219788, 17.3330078125, 13.9567527771, 18.6478404999, 14.9554681778, 14.7216892242, 24.0946235657, 26.6958332062, 13.8925237656, 11.7074613571, 8.31924629211, 7.77167510986, 4.64234256744, 2.5721950531, 2.80693149567, 3.01496958733, 4.74581670761, 5.94573688507, 7.03507518768, 11.5553684235, 11.2134342194, 7.31009912491, 4.38610982895, 2.92093634605, 1.63845968246, 0.600346684456, 0.136466935277, 0.0136600276455, 0.000367603090126, 3.23300446325e-05],
        "dvar": [1.78335618973, 40.4234275818, 214.908432007, 733.62512207, 562.04864502, 653.624206543, 1451.59143066, 2110.2980957, 5233.80322266, 5488.29003906, 3073.22875977, 2265.84570312, 1020.19909668, 882.367553711, 528.424255371, 1638.18164062, 1495.57458496, 1766.60742188, 689.918945312, 516.49798584, 292.91973877, 316.671081543, 158.419113159, 123.052787781, 93.2691421509, 68.8676300049, 157.665557861, 238.053771973, 330.20425415, 667.855895996, 723.332580566, 247.592803955, 79.7927322388, 43.4287796021, 16.094833374, 2.32654714584, 0.133250653744, 0.00205600913614, 1.30199464365e-06, 2.78760126093e-09],
        "dvar2": [2.529743433, 78.3499069214, 586.457519531, 2162.31494141, 1604.89587402, 1369.29321289, 3625.49682617, 5043.00195312, 13071.1464844, 13304.0615234, 7345.82861328, 6110.30664062, 1916.05078125, 1527.02990723, 1045.8269043, 4284.11328125, 3640.375, 3904.91015625, 1572.44140625, 962.45489502, 591.837280273, 633.003417969, 349.924255371, 201.092056274, 209.840362549, 139.054763794, 359.823547363, 517.959289551, 699.078308105, 1653.70947266, 1910.19030762, 556.638061523, 160.129013062, 93.3117141724, 35.233417511, 4.8275718689, 0.288747668266, 0.0049515045248, 3.22061600855e-06, 5.63236657314e-09],
        "max": [14.0541257858, 62.3963737488, 147.417800903, 265.18572998, 221.419281006, 353.045562744, 516.145874023, 932.460327148, 1086.56384277, 1018.71209717, 1033.02929688, 1068.21594238, 851.395935059, 585.952880859, 417.523040771, 993.33795166, 498.232452393, 570.93762207, 470.710449219, 493.933227539, 380.95513916, 269.056854248, 184.908874512, 277.537109375, 164.371276855, 137.650115967, 205.628707886, 219.80708313, 287.589111328, 456.929901123, 503.718078613, 200.326934814, 130.524215698, 90.3701858521, 46.4032783508, 25.6012649536, 5.13714504242, 1.05771362782, 0.0225586816669, 0.000763760297559],
        "mean": [0.980917692184, 3.24245977402, 2.74306464195, 4.36273813248, 11.1755161285, 17.8833599091, 15.11257267, 20.7655410767, 31.9803085327, 44.2323722839, 19.817741394, 18.123298645, 18.5053768158, 23.3068675995, 19.3680992126, 16.5657062531, 27.8488368988, 30.8929443359, 15.7024269104, 14.0659332275, 10.5655508041, 8.97469234467, 4.30106925964, 2.48363924026, 2.39388108253, 2.79912853241, 4.23651075363, 4.92108631134, 5.79743337631, 8.34282112122, 7.67908096313, 5.48031139374, 3.94507431984, 2.51813149452, 1.42243802547, 0.566116631031, 0.11584173888, 0.0101995272562, 0.000283319444861, 6.48949790047e-05],
        "median": [0.170789793134, 0.94023668766, 0.539586007595, 0.714360117912, 2.06964087486, 4.25478124619, 3.34169149399, 4.76696109772, 9.91045570374, 9.59695720673, 4.73475456238, 3.22209334373, 5.58448648453, 8.58650016785, 6.37187767029, 4.86145830154, 8.31163024902, 8.37090969086, 3.9311645031, 4.15857315063, 2.55293536186, 1.95881569386, 0.905414223671, 0.586812734604, 0.666416347027, 0.853683292866, 0.766487419605, 0.698889791965, 0.430159121752, 0.654866993427, 0.639276385307, 0.468601077795, 0.403235316277, 0.203576520085, 0.130335330963, 0.0429448150098, 0.00653911940753, 0.000327373563778, 3.26066619891e-05, 3.89678098145e-05],
        "min": [2.31553907992e-11, 3.93339721905e-10, 1.63771751716e-09, 1.33735156282e-09, 1.00979837825e-08, 1.77252097444e-08, 2.67947459776e-08, 2.64225619162e-08, 6.58363461525e-08, 8.31316882e-08, 1.40618068301e-08, 2.38397142027e-08, 1.0191807398e-08, 4.13289527046e-08, 1.28354898266e-07, 1.57484777219e-07, 3.0687883168e-07, 2.09041886023e-07, 6.84590872879e-07, 4.22237860676e-07, 2.94918891086e-07, 1.11459499408e-07, 4.72472095225e-07, 4.68241445617e-08, 3.64470009728e-09, 7.25747071328e-08, 4.77832990953e-08, 4.54161579455e-08, 2.37565487282e-08, 3.38324590565e-09, 5.48553336088e-09, 3.60892449258e-09, 3.27557025948e-09, 1.95214422405e-09, 1.24348520369e-09, 5.39214228823e-10, 3.11856068747e-10, 4.92696994314e-11, 1.04264166745e-12, 1.27581905002e-13],
        "stdev": [2.0409758091, 8.27871322632, 12.0942163467, 20.226064682, 23.7407188416, 36.4898147583, 39.6447982788, 52.5014915466, 80.0003662109, 99.6139450073, 59.6079139709, 51.5542755127, 50.0746803284, 50.6991920471, 39.7586975098, 42.9465751648, 58.3275794983, 71.6133117676, 35.0847015381, 36.3576202393, 23.7585735321, 24.0063438416, 14.5537099838, 14.3675765991, 10.426030159, 9.60369300842, 13.5535154343, 17.2785053253, 20.874042511, 27.2281227112, 26.8253917694, 18.7234668732, 12.267414093, 8.7082567215, 5.1481795311, 2.1222281456, 0.47811922431, 0.0528613291681, 0.00129775062669, 8.55101679917e-05],
        "var": [4.16558265686, 68.5370864868, 146.270065308, 409.093719482, 563.621765137, 1331.5065918, 1571.71008301, 2756.40649414, 6400.05859375, 9922.93847656, 3553.10327148, 2657.84326172, 2507.47363281, 2570.40795898, 1580.75390625, 1844.4083252, 3402.10668945, 5128.46630859, 1230.93615723, 1321.87658691, 564.469787598, 576.30456543, 211.810470581, 206.427246094, 108.702095032, 92.2309188843, 183.697769165, 298.546722412, 435.72567749, 741.370666504, 719.60168457, 350.56817627, 150.489456177, 75.833732605, 26.5037517548, 4.50385189056, 0.228597998619, 0.00279432022944, 1.68415658663e-06, 7.31198834814e-09]
    },
    "gfcc": {
        "mean": [-29.7454624176, 112.047706604, -97.2079315186, 20.1171379089, -59.6318626404, 31.5750923157, -40.8490791321, 6.30546617508, -15.4723167419, 10.7239847183, -7.42332649231, 2.14583230019, -2.22893714905],
        "cov": [[5583.85400391, -2614.27587891, 504.331848145, 384.032714844, -714.374816895, 324.514282227, -483.513702393, 291.53326416, -211.821334839, 400.30847168, -475.16394043, 335.900054932, -221.696456909], [-2614.27587891, 2561.23242188, -420.755126953, -302.4793396, 727.386535645, -307.925018311, 374.237854004, -158.518447876, 143.862609863, -309.596405029, 400.393585205, -228.96862793, 187.112350464], [504.331848145, -420.755126953, 819.569763184, 255.118545532, -115.613052368, 119.774986267, -58.6314926147, 28.2808151245, -85.9541244507, 68.5840606689, -55.9409599304, 43.8979911804, -36.1858177185], [384.032714844, -302.4793396, 255.118545532, 362.289520264, -6.2991027832, 69.1858444214, -13.0844984055, 23.2787857056, 39.9448204041, 27.9558887482, 6.60648918152, 41.9114723206, 25.1842536926], [-714.374816895, 727.386535645, -115.613052368, -6.2991027832, 534.931213379, 26.0244407654, 207.084976196, 54.079914093, 140.475479126, -72.1504821777, 177.129684448, 12.8738193512, 130.856002808], [324.514282227, -307.925018311, 119.774986267, 69.1858444214, 26.0244407654, 298.455963135, 99.7541885376, 98.0947341919, 92.6247329712, 50.2345504761, 2.57682061195, 55.4494552612, 16.3624248505], [-483.513702393, 374.237854004, -58.6314926147, -13.0844984055, 207.084976196, 99.7541885376, 311.726196289, 61.8255195618, 89.3288040161, -49.3332633972, 111.791061401, -11.1072635651, 51.3198165894], [291.53326416, -158.518447876, 28.2808151245, 23.2787857056, 54.079914093, 98.0947341919, 61.8255195618, 162.561813354, 58.3775138855, 48.0149841309, 13.2638301849, 43.5776634216, 10.1441469193], [-211.821334839, 143.862609863, -85.9541244507, 39.9448204041, 140.475479126, 92.6247329712, 89.3288040161, 58.3775138855, 234.479446411, 17.4865856171, 67.5413284302, 12.6986446381, 65.7481765747], [400.30847168, -309.596405029, 68.5840606689, 27.9558887482, -72.1504821777, 50.2345504761, -49.3332633972, 48.0149841309, 17.4865856171, 130.385574341, -27.5831623077, 37.218711853, -17.9220066071], [-475.16394043, 400.393585205, -55.9409599304, 6.60648918152, 177.129684448, 2.57682061195, 111.791061401, 13.2638301849, 67.5413284302, -27.5831623077, 171.446975708, -2.32850265503, 65.0809707642], [335.900054932, -228.96862793, 43.8979911804, 41.9114723206, 12.8738193512, 55.4494552612, -11.1072635651, 43.5776634216, 12.6986446381, 37.218711853, -2.32850265503, 117.56628418, 27.5774593353], [-221.696456909, 187.112350464, -36.1858177185, 25.1842536926, 130.856002808, 16.3624248505, 51.3198165894, 10.1441469193, 65.7481765747, -17.9220066071, 65.0809707642, 27.5774593353, 125.056236267]],
        "icov": [[0.000458037800854, 5.98375208938e-06, 0.000140954361996, -0.000419925403548, 0.000139077150379, -0.000290216150461, 0.000344027212122, -0.000656993826851, 0.000408750551287, -0.000481740717078, 0.000652182730846, -0.000745252647903, 0.000273954326985], [5.98375208938e-06, 0.00243187253363, -0.000503581773955, 0.00161262811162, -0.00181194487959, 0.00189574458636, -0.000914921110962, 0.0013636025833, -0.000944535830058, 0.0018144963542, -0.00260164169595, 0.0026768699754, -0.000665454601403], [0.000140954361996, -0.000503581773955, 0.00207938579842, -0.00178450508974, 0.00035056748311, -0.00132105895318, 0.000444312434411, -0.000494439504109, 0.00155207980424, -0.00110449711792, 0.000777386594564, -0.000606250017881, 0.000383037317079], [-0.000419925403548, 0.00161262811162, -0.00178450508974, 0.00541003234684, -0.0010884340154, 0.00146192021202, -0.000595996156335, 0.0015964449849, -0.00215250975452, 0.00197695987299, -0.00268305162899, 0.00171031849459, -0.00126628275029], [0.000139077150379, -0.00181194487959, 0.00035056748311, -0.0010884340154, 0.00532329035923, -0.000938949990086, -0.00030277177575, -0.0021494156681, -0.000151496118633, -4.67028003186e-05, 0.000152790074935, -0.00270662875846, -0.00128014292568], [-0.000290216150461, 0.00189574458636, -0.00132105895318, 0.00146192021202, -0.000938949990086, 0.00759421382099, -0.00314013077877, 2.26959891734e-05, -0.00300032296218, 0.000950161018409, -0.00125416205265, 0.000841801869683, -0.000571327051148], [0.000344027212122, -0.000914921110962, 0.000444312434411, -0.000595996156335, -0.00030277177575, -0.00314013077877, 0.00684061832726, -0.00255391653627, 0.00058565963991, 0.00112020678353, -0.000992521410808, -0.000230465317145, 0.000774995831307], [-0.000656993826851, 0.0013636025833, -0.000494439504109, 0.0015964449849, -0.0021494156681, 2.26959891734e-05, -0.00255391653627, 0.0112890703604, -0.00195434386842, -0.001347065554, -0.00180036807433, 0.000460259587271, 0.000378816679586], [0.000408750551287, -0.000944535830058, 0.00155207980424, -0.00215250975452, -0.000151496118633, -0.00300032296218, 0.00058565963991, -0.00195434386842, 0.00812367536128, -0.00292378850281, 0.000831781129818, -0.000169204271515, -0.00159586197697], [-0.000481740717078, 0.0018144963542, -0.00110449711792, 0.00197695987299, -4.67028003186e-05, 0.000950161018409, 0.00112020678353, -0.001347065554, -0.00292378850281, 0.0137058282271, -0.00339899887331, 0.000589193135966, 0.000427819846664], [0.000652182730846, -0.00260164169595, 0.000777386594564, -0.00268305162899, 0.000152790074935, -0.00125416205265, -0.000992521410808, -0.00180036807433, 0.000831781129818, -0.00339899887331, 0.0142448879778, -0.00357088376768, -0.00117856112774], [-0.000745252647903, 0.0026768699754, -0.000606250017881, 0.00171031849459, -0.00270662875846, 0.000841801869683, -0.000230465317145, 0.000460259587271, -0.000169204271515, 0.000589193135966, -0.00357088376768, 0.0160038284957, -0.00456440122798], [0.000273954326985, -0.000665454601403, 0.000383037317079, -0.00126628275029, -0.00128014292568, -0.000571327051148, 0.000774995831307, 0.000378816679586, -0.00159586197697, 0.000427819846664, -0.00117856112774, -0.00456440122798, 0.013429290615]]
    },
    "melbands": {
        "dmean": [0.00271600740962, 0.00147599168122, 0.000913936761208, 0.000636272772681, 0.000443281634944, 0.00033814861672, 0.000328663008986, 0.00027537290589, 0.000104298465885, 6.66067207931e-05, 4.9454098189e-05, 5.22405352967e-05, 3.89298329537e-05, 2.30571367865e-05, 3.38196587109e-05, 3.12462980219e-05, 3.34961769113e-05, 1.53416822286e-05, 1.03523116195e-05, 9.87960811472e-06, 6.59918305246e-06, 5.9891044657e-06, 4.6100972213e-06, 1.88279818758e-06, 1.43827412558e-06, 1.49542461259e-06, 1.1553860304e-06, 1.30796490794e-06, 1.84787802482e-06, 2.29733177548e-06, 2.29780789596e-06, 2.79080359178e-06, 2.91764035865e-06, 4.51323103334e-06, 4.41668817075e-06, 3.16117166221e-06, 2.69921474683e-06, 2.09836252907e-06, 1.86102738553e-06, 1.56536975737e-06],
        "dmean2": [0.00354081578553, 0.00228307186626, 0.0016701502027, 0.00103036407381, 0.0007035259041, 0.000541443238035, 0.000540376116987, 0.000433943379903, 0.000173761960468, 0.000105445797089, 7.14955895091e-05, 7.93212384451e-05, 5.98342339799e-05, 3.657976049e-05, 5.36937477591e-05, 4.92931212648e-05, 5.11780162924e-05, 2.34525887208e-05, 1.55040779646e-05, 1.51609283421e-05, 9.66746483755e-06, 8.98967937246e-06, 7.56628014642e-06, 2.94930578093e-06, 2.08710321203e-06, 2.44937086791e-06, 1.79381515863e-06, 2.14159967982e-06, 2.90796515401e-06, 3.65323148799e-06, 3.57837802767e-06, 4.22283028456e-06, 4.54353175883e-06, 7.35018875275e-06, 7.22103322914e-06, 5.05418438479e-06, 4.34362436863e-06, 3.1529991702e-06, 2.90281082016e-06, 2.43598788074e-06],
        "dvar": [9.13747426239e-05, 3.83794576919e-05, 1.96778964892e-05, 2.54007068179e-06, 1.50013931943e-06, 9.71332724475e-07, 1.11719032247e-06, 6.43604948891e-07, 1.66191313156e-07, 8.45497041269e-08, 2.6150093646e-08, 1.64696825067e-08, 9.59084012209e-09, 5.93340487853e-09, 1.10111795237e-08, 4.8920045792e-09, 7.30819538219e-09, 2.09939421403e-09, 8.60340798603e-10, 1.00087360622e-09, 3.70333347322e-10, 3.79964254504e-10, 3.72366554258e-10, 7.43670403036e-11, 8.8406400256e-11, 7.4821621121e-11, 3.07933678556e-11, 2.99956205707e-11, 5.42359594735e-11, 9.43994396541e-11, 8.57890841699e-11, 1.38680053552e-10, 1.11928487312e-10, 2.76335926364e-10, 2.77840278562e-10, 1.35749453345e-10, 8.45505818137e-11, 4.08491608594e-11, 3.47411856227e-11, 3.25324350792e-11],
        "dvar2": [0.00012318653171, 9.08154979697e-05, 5.77498831262e-05, 6.20806349616e-06, 3.53626933247e-06, 2.29740044233e-06, 2.8000272323e-06, 1.53672010583e-06, 3.9510976535e-07, 2.29326715839e-07, 4.88704436918e-08, 2.82861325474e-08, 1.9603906054e-08, 1.29848780617e-08, 2.89030843703e-08, 1.24710632932e-08, 1.62573829954e-08, 4.7864330277e-09, 1.79243631049e-09, 2.27031193845e-09, 7.668190527e-10, 8.03712596475e-10, 8.98787100301e-10, 1.34012828612e-10, 1.47733950073e-10, 1.83938295151e-10, 6.0318867956e-11, 6.44713379905e-11, 1.21478035964e-10, 2.21334187089e-10, 1.94585167423e-10, 3.15592774136e-10, 2.53173815246e-10, 7.20186854597e-10, 7.43236305834e-10, 3.34612670905e-10, 1.86455503814e-10, 8.21656423455e-11, 7.35843191935e-11, 7.20978832192e-11],
        "max": [0.101305902004, 0.0610449314117, 0.0422865487635, 0.0214180033654, 0.0170071590692, 0.018797473982, 0.0158930458128, 0.0110015328974, 0.00770418392494, 0.00638436200097, 0.00430696457624, 0.00238206307404, 0.00196801661514, 0.00148515554611, 0.00214202236384, 0.00102095422335, 0.00123190158047, 0.000872329517733, 0.000504004536197, 0.00050037202891, 0.000424176541856, 0.000292759534204, 0.000290932250209, 0.000161608710187, 0.000253445701674, 0.000151556712808, 9.61110345088e-05, 8.46417387947e-05, 0.000118206793559, 0.000151979606017, 0.000128962521558, 0.000198076435481, 0.000170988554601, 0.000316083605867, 0.000306418078253, 0.00018209432892, 0.000114323207526, 9.43749400903e-05, 8.16296742414e-05, 8.51614313433e-05],
        "mean": [0.00726765906438, 0.00226924521849, 0.000938420125749, 0.00108087889384, 0.000604695582297, 0.000477999506984, 0.000496470252983, 0.000454386405181, 0.000143739700434, 0.000109653243271, 9.14408010431e-05, 9.52050322667e-05, 7.08276420482e-05, 3.90588575101e-05, 6.0771308199e-05, 5.47087074665e-05, 5.60250191484e-05, 2.30327932513e-05, 1.83836527867e-05, 1.58441271196e-05, 1.1630829249e-05, 9.72845828073e-06, 6.34986326986e-06, 2.54147562373e-06, 1.88735145912e-06, 1.81346422323e-06, 1.63008314757e-06, 1.86398688129e-06, 2.528382538e-06, 2.87002649202e-06, 2.81549137071e-06, 3.19365199175e-06, 3.58748661711e-06, 5.06931064592e-06, 4.76454169984e-06, 3.52625556843e-06, 3.24336610902e-06, 2.80365861727e-06, 2.46328522735e-06, 2.00225508706e-06],
        "median": [0.00152279122267, 0.000579553889111, 0.000171444859006, 0.000260710803559, 0.000128701678477, 0.000104126906081, 0.00015305216948, 8.43802699819e-05, 3.05400062643e-05, 1.84604359674e-05, 2.73916557489e-05, 3.30926850438e-05, 2.21434074774e-05, 1.09498460006e-05, 1.48167473526e-05, 1.88490412256e-05, 1.42833887367e-05, 5.28421014678e-06, 6.00186376687e-06, 4.1958815018e-06, 2.5388760605e-06, 1.84972896022e-06, 1.12493705728e-06, 5.71013060835e-07, 3.9117745132e-07, 4.02378532272e-07, 4.55446581782e-07, 5.34628441073e-07, 5.06777951159e-07, 4.75332853966e-07, 3.02362963112e-07, 2.10591593941e-07, 2.95764806424e-07, 4.03802829396e-07, 3.6089542732e-07, 2.60217575487e-07, 2.64210569867e-07, 2.96347110407e-07, 2.22472124278e-07, 1.28020047896e-07],
        "min": [3.05730972223e-13, 7.22923348788e-13, 4.45414592796e-13, 1.15546591392e-12, 8.1936286098e-13, 6.62241962657e-13, 1.08393816926e-12, 7.7970740758e-13, 8.28248263702e-14, 1.50199609152e-13, 4.5144911301e-14, 1.36451261531e-13, 4.56907623715e-13, 3.92509917797e-13, 4.20690094089e-13, 7.54277608254e-13, 3.12603241903e-13, 1.03203296603e-12, 6.7020369289e-13, 6.82225001318e-13, 2.44485638332e-13, 8.61145702002e-15, 5.08069768982e-13, 2.88809124185e-13, 3.84306556169e-15, 6.78683931378e-16, 6.43111194571e-16, 7.1806459162e-14, 5.27488344887e-14, 3.5526218816e-16, 4.30574392601e-14, 2.09457830854e-14, 7.77133353227e-16, 1.50475847772e-15, 4.80497904648e-15, 1.11983976025e-16, 3.48014730742e-15, 2.41651660061e-15, 1.74168079285e-15, 1.59052162242e-15],
        "stdev": [0.0149736441672, 0.0067052016966, 0.00338200177066, 0.00200781598687, 0.00140016991645, 0.00117416528519, 0.00119190872647, 0.00109536247328, 0.000438606657553, 0.000309229071718, 0.000252365716733, 0.00021815924265, 0.000161426010891, 0.000101387537143, 0.000135399168357, 0.000105749459181, 0.000139088995638, 5.88136899751e-05, 4.16235379816e-05, 4.21302574978e-05, 2.59677763097e-05, 2.59372536675e-05, 2.09017325687e-05, 1.08557678686e-05, 1.20453287309e-05, 8.88098657015e-06, 6.3202887759e-06, 6.20561149844e-06, 8.09246375866e-06, 1.00305187516e-05, 1.01761679616e-05, 1.26112563521e-05, 1.18147490866e-05, 1.68295409821e-05, 1.66274094227e-05, 1.2356879779e-05, 1.11803719847e-05, 8.74443321663e-06, 7.87440694694e-06, 7.27205269868e-06],
        "var": [0.000224210016313, 4.49597318948e-05, 1.14379354272e-05, 4.03132526117e-06, 1.96047585632e-06, 1.37866425121e-06, 1.42064652664e-06, 1.199819053e-06, 1.92375807728e-07, 9.56226173798e-08, 6.36884607275e-08, 4.75934527344e-08, 2.60583554734e-08, 1.02794324164e-08, 1.83329333936e-08, 1.1182947901e-08, 1.93457481146e-08, 3.45904993537e-09, 1.73251901714e-09, 1.77495873555e-09, 6.74325428829e-10, 6.72741140573e-10, 4.3688241913e-10, 1.1784768994e-10, 1.4508995394e-10, 7.88719228817e-11, 3.99460499401e-11, 3.85096156352e-11, 6.5487976153e-11, 1.0061130401e-10, 1.03554401165e-10, 1.59043792025e-10, 1.39588299253e-10, 2.8323346446e-10, 2.76470735194e-10, 1.52692469779e-10, 1.2500071811e-10, 7.646511202e-11, 6.20062820533e-11, 5.28827502622e-11]
    },
    "melbands128": {
