{
"lowlevel": {
    "average_loudness": 0.800145983696,
    "barkbands_crest": {
        "dmean": 3.04212069511,
        "dmean2": 4.54241323471,
        "dvar": 9.95358562469,
        "dvar2": 19.5534076691,
        "max": 26.7403430939,
        "mean": 12.4634695053,
        "median": 10.9159650803,
        "min": 2.21806621552,
        "stdev": 6.37723875046,
        "var": 40.6691741943
    },
    "barkbands_flatness_db": {
        "dmean": 0.040186714381,
        "dmean2": 0.0544716715813,
        "dvar": 0.00327630760148,
        "dvar2": 0.00578655023128,
        "max": 0.719451546669,
        "mean": 0.160648927093,
        "median": 0.124362587929,
        "min": 0.021911572665,
        "stdev": 0.108426950872,
        "var": 0.011756404303
    },
    "barkbands_kurtosis": {
        "dmean": 66.4477157593,
        "dmean2": 111.62702179,
        "dvar": 166617.90625,
        "dvar2": 442739.25,
        "max": 6860.10693359,
        "mean": 60.6416893005,
        "median": 2.81086206436,
        "min": -1.80841183662,
        "stdev": 347.722106934,
        "var": 120910.664062
    },
    "barkbands_skewness": {
        "dmean": 1.6007297039,
        "dmean2": 2.29412603378,
        "dvar": 12.1008939743,
        "dvar2": 28.5076980591,
        "max": 48.4429359436,
        "mean": 3.28049921989,
        "median": 1.92067492008,
        "min": -2.15508842468,
        "stdev": 4.45269536972,
        "var": 19.8264942169
    },
    "barkbands_spread": {
        "dmean": 8.23886966705,
        "dmean2": 11.9061460495,
        "dvar": 98.4844360352,
        "dvar2": 183.74697876,
        "max": 107.195213318,
        "mean": 24.7072238922,
        "median": 25.2161235809,
        "min": 0.0150130940601,
        "stdev": 17.5743770599,
        "var": 308.858734131
    },
    "dissonance": {
        "dmean": 0.0120555171743,
        "dmean2": 0.0202369112521,
        "dvar": 0.00020857679192,
        "dvar2": 0.000560329062864,
        "max": 0.499993830919,
        "mean": 0.481200128794,
        "median": 0.487761497498,
        "min": 0.373175889254,
        "stdev": 0.0189792234451,
        "var": 0.000360210891813
    },
    "dynamic_complexity": 4.53624105453,
    "erbbands_crest": {
        "dmean": 2.29138708115,
        "dmean2": 3.75528860092,
        "dvar": 7.66457557678,
        "dvar2": 16.9670829773,
        "max": 27.4456119537,
        "mean": 6.72562980652,
        "median": 5.30278301239,
        "min": 2.24924182892,
        "stdev": 4.10621261597,
        "var": 16.8609828949
    },
    "erbbands_flatness_db": {
        "dmean": 0.0179950837046,
        "dmean2": 0.0275681056082,
        "dvar": 0.000643306993879,
        "dvar2": 0.00129787996411,
        "max": 0.417231500149,
        "mean": 0.121178753674,
        "median": 0.123533450067,
        "min": 0.0365180186927,
        "stdev": 0.0447894334793,
        "var": 0.00200609327294
    },
    "erbbands_kurtosis": {
        "dmean": 5.02668046951,
        "dmean2": 8.83633804321,
        "dvar": 970.299133301,
        "dvar2": 2693.12451172,
        "max": 443.829223633,
        "mean": 3.10643172264,
        "median": -0.144112586975,
        "min": -1.67896223068,
        "stdev": 25.2166099548,
        "var": 635.877380371
    },
    "erbbands_skewness": {
        "dmean": 0.606142342091,
        "dmean2": 0.933248698711,
        "dvar": 1.77275550365,
        "dvar2": 4.02598619461,
        "max": 15.1520900726,
        "mean": 0.209974884987,
        "median": -0.157670050859,
        "min": -3.02488040924,
        "stdev": 1.64651417732,
        "var": 2.71100878716
    },
    "erbbands_spread": {
        "dmean": 13.7273788452,
        "dmean2": 21.3770809174,
        "dvar": 237.385864258,
        "dvar2": 545.0078125,
        "max": 156.448196411,
        "mean": 52.355266571,
        "median": 45.8233261108,
        "min": 0.833577394485,
        "stdev": 25.5169334412,
        "var": 651.113891602
    },
    "hfc": {
        "dmean": 10.465133667,
        "dmean2": 14.7156457901,
        "dvar": 356.592712402,
        "dvar2": 585.238708496,
        "max": 186.946640015,
        "mean": 24.9510307312,
        "median": 11.4504852295,
        "min": 1.07810327057e-16,
        "stdev": 32.1012001038,
        "var": 1030.48706055
    },
    "loudness_ebu128": {
        "integrated": -9.28189754486,
        "loudness_range": 9.99093914032,
        "momentary": {
            "dmean": 0.528417229652,
            "dmean2": 0.623949706554,
            "dvar": 0.603971123695,
            "dvar2": 0.572770297527,
            "max": -5.09170103073,
            "mean": -11.0487165451,
            "median": -9.50335407257,
            "min": -29.0840568542,
            "stdev": 4.33607578278,
            "var": 18.8015537262
        },
        "short_term": {
            "dmean": 0.0928622037172,
            "dmean2": 0.0931953638792,
            "dvar": 0.0152294635773,
            "dvar2": 0.0158001184464,
            "max": -6.31550693512,
            "mean": -10.6285848618,
            "median": -9.04401779175,
            "min": -16.8857517242,
            "stdev": 3.72990059853,
            "var": 13.9121580124
        }
    },
    "melbands_crest": {
        "dmean": 3.98269295692,
        "dmean2": 6.30952739716,
        "dvar": 17.1494522095,
        "dvar2": 38.101688385,
        "max": 37.7009735107,
        "mean": 19.3188419342,
        "median": 17.9364891052,
        "min": 1.66402220726,
        "stdev": 9.02738666534,
        "var": 81.4937133789
    },
    "melbands_flatness_db": {
        "dmean": 0.0489409044385,
        "dmean2": 0.0654604882002,
        "dvar": 0.00502321589738,
        "dvar2": 0.0091991527006,
        "max": 0.886933088303,
        "mean": 0.231091067195,
        "median": 0.192011013627,
        "min": 0.00512710725889,
        "stdev": 0.139164119959,
        "var": 0.0193666517735
    },
    "melbands_kurtosis": {
        "dmean": 43.2461585999,
        "dmean2": 64.9487686157,
        "dvar": 8224.625,
        "dvar2": 17930.8691406,
        "max": 1116.19104004,
        "mean": 67.9822311401,
        "median": 17.4704761505,
        "min": -1.77927553654,
        "stdev": 124.890792847,
        "var": 15597.7109375
    },
    "melbands_skewness": {
        "dmean": 1.77284371853,
        "dmean2": 2.58360886574,
        "dvar": 5.39767408371,
        "dvar2": 11.5878133774,
        "max": 26.1858215332,
        "mean": 5.01380968094,
        "median": 3.7303352356,
        "min": -0.535203158855,
        "stdev": 4.17769193649,
        "var": 17.4531097412
    },
    "melbands_spread": {
        "dmean": 9.21000671387,
        "dmean2": 14.0882396698,
        "dvar": 134.267822266,
        "dvar2": 265.569793701,
        "max": 240.995193481,
        "mean": 23.3751525879,
        "median": 17.725435257,
        "min": 0.130542218685,
        "stdev": 23.9429130554,
        "var": 573.263122559
    },
    "pitch_salience": {
        "dmean": 0.101001553237,
        "dmean2": 0.159014746547,
        "dvar": 0.0121902609244,
        "dvar2": 0.0250668786466,
        "max": 0.955392539501,
        "mean": 0.505834758282,
        "median": 0.551670193672,
        "min": 0.0141120161861,
        "stdev": 0.204701110721,
        "var": 0.0419025458395
    },
    "silence_rate_20dB": {
        "dmean": 0.0030959751457,
        "dmean2": 0.00619674660265,
        "dvar": 0.00308638229035,
        "dvar2": 0.00615836633369,
        "max": 1,
        "mean": 0.996906399727,
        "median": 1,
        "min": 0,
        "stdev": 0.0555338189006,
        "var": 0.00308400508948
    },
    "silence_rate_30dB": {
        "dmean": 0.0464396290481,
        "dmean2": 0.0929512009025,
        "dvar": 0.0442827790976,
        "dvar2": 0.0889583155513,
        "max": 1,
        "mean": 0.70533645153,
        "median": 1,
        "min": 0,
        "stdev": 0.455890506506,
        "var": 0.207836151123
    },
    "silence_rate_60dB": {
        "dmean": 0.0317337475717,
        "dmean2": 0.0635166540742,
        "dvar": 0.0307267569005,
        "dvar2": 0.0641310214996,
        "max": 1,
        "mean": 0.0719257518649,
        "median": 0,
        "min": 0,
        "stdev": 0.258363842964,
        "var": 0.0667518824339
    },
    "spectral_centroid": {
        "dmean": 382.155426025,
        "dmean2": 572.517211914,
        "dvar": 209484.4375,
        "dvar2": 393945.84375,
        "max": 11429.7880859,
        "mean": 1700.71264648,
        "median": 1720.77514648,
        "min": 58.6754112244,
        "stdev": 1249.54077148,
        "var": 1561352.25
    },
    "spectral_complexity": {
        "dmean": 5.70665645599,
        "dmean2": 8.07745933533,
        "dvar": 43.5710372925,
        "dvar2": 72.1024856567,
        "max": 68,
        "mean": 18.2412986755,
        "median": 16,
        "min": 0,
        "stdev": 13.1099338531,
        "var": 171.870361328
    },
    "spectral_decrease": {
        "dmean": 4.71783900835e-09,
        "dmean2": 6.38686925569e-09,
        "dvar": 7.09565190918e-17,
        "dvar2": 1.41444351031e-16,
        "max": 8.18057642066e-29,
        "mean": -1.66793530099e-08,
        "median": -5.60356028245e-09,
        "min": -1.00644697909e-07,
        "stdev": 2.01845011816e-08,
        "var": 4.07414086132e-16
    },
    "spectral_energy": {
        "dmean": 0.0180104598403,
        "dmean2": 0.0245983079076,
        "dvar": 0.00101636548061,
        "dvar2": 0.00202822033316,
        "max": 0.382085233927,
        "mean": 0.0652147829533,
        "median": 0.0241080075502,
        "min": 9.83664362858e-21,
        "stdev": 0.0772623121738,
        "var": 0.0059694647789
    },
    "spectral_energyband_high": {
        "dmean": 0.000901715597138,
        "dmean2": 0.00124317815062,
        "dvar": 3.53758309757e-06,
        "dvar2": 5.78132130613e-06,
        "max": 0.0184196941555,
        "mean": 0.0017276906874,
        "median": 0.000404706865083,
        "min": 6.98610734409e-21,
        "stdev": 0.0031021987088,
        "var": 9.62363628787e-06
    },
    "spectral_energyband_low": {
        "dmean": 0.017456067726,
        "dmean2": 0.0230716001242,
        "dvar": 0.00112145452294,
        "dvar2": 0.00214483356103,
        "max": 0.377754986286,
        "mean": 0.0538230761886,
        "median": 0.00948175136,
        "min": 2.67569912355e-23,
        "stdev": 0.0740524381399,
        "var": 0.00548376329243
    },
    "spectral_energyband_middle_high": {
        "dmean": 0.00196535256691,
        "dmean2": 0.00301880901679,
        "dvar": 1.09820166472e-05,
        "dvar2": 2.46604231506e-05,
        "max": 0.0289860796183,
        "mean": 0.00348961097188,
        "median": 0.00188825745136,
        "min": 1.14438660601e-21,
        "stdev": 0.00442159641534,
        "var": 1.95505162992e-05
    },
    "spectral_energyband_middle_low": {
        "dmean": 0.00581590645015,
        "dmean2": 0.0100256865844,
        "dvar": 0.000175457185833,
        "dvar2": 0.000476512388559,
        "max": 0.0903803408146,
        "mean": 0.00784778594971,
        "median": 0.00371768907644,
        "min": 1.97923547667e-22,
        "stdev": 0.0122261913493,
        "var": 0.000149479761603
    },
    "spectral_entropy": {
        "dmean": 0.20992590487,
        "dmean2": 0.29837462306,
        "dvar": 0.17775836587,
        "dvar2": 0.344976365566,
        "max": 9.81413269043,
        "mean": 7.84874391556,
        "median": 7.97785806656,
        "min": 3.0807595253,
        "stdev": 0.687784612179,
        "var": 0.473047673702
    },
    "spectral_flux": {
        "dmean": 0.0342969372869,
        "dmean2": 0.0502040795982,
        "dvar": 0.00206647044979,
        "dvar2": 0.00417761830613,
        "max": 0.449120491743,
        "mean": 0.101528964937,
        "median": 0.0702324286103,
        "min": 6.52233822507e-11,
        "stdev": 0.0849937647581,
        "var": 0.00722393998876
    },
    "spectral_kurtosis": {
        "dmean": 1.63775348663,
        "dmean2": 2.62054228783,
        "dvar": 19.6883716583,
        "dvar2": 43.9464836121,
        "max": 72.1494216919,
        "mean": 3.55971908569,
        "median": 2.67063188553,
        "min": -1.24226689339,
        "stdev": 5.14781188965,
        "var": 26.4999694824
    },
    "spectral_rms": {
        "dmean": 0.00100125151221,
        "dmean2": 0.00137860060204,
        "dvar": 1.81006760158e-06,
        "dvar2": 3.30154352923e-06,
        "max": 0.0193071514368,
        "mean": 0.006457217969,
        "median": 0.00484974309802,
        "min": 3.09785812454e-12,
        "stdev": 0.00468279561028,
        "var": 2.19285739149e-05
    },
    "spectral_rolloff": {
        "dmean": 676.664367676,
        "dmean2": 1088.5880127,
        "dvar": 1587352.25,
        "dvar2": 2974428.75,
        "max": 19078.4179688,
        "mean": 1639.56018066,
        "median": 904.39453125,
        "min": 43.06640625,
        "stdev": 2563.27661133,
        "var": 6570386.5
    },
    "spectral_skewness": {
        "dmean": 0.257013380527,
        "dmean2": 0.390934377909,
        "dvar": 0.229279786348,
        "dvar2": 0.468932539225,
        "max": 7.73002576828,
        "mean": 1.34708380699,
        "median": 1.21679377556,
        "min": -0.0684432387352,
        "stdev": 0.686473071575,
        "var": 0.471245318651
    },
    "spectral_spread": {
        "dmean": 664600.875,
        "dmean2": 992089.3125,
        "dvar": 1.18973438362e+12,
        "dvar2": 1.99896622694e+12,
        "max": 41970596,
        "mean": 5822622.5,
        "median": 5287913,
        "min": 1820759.25,
        "stdev": 4196343,
        "var": 1.76092946104e+13
    },
    "spectral_strongpeak": {
        "dmean": 0.206968650222,
        "dmean2": 0.355288863182,
        "dvar": 0.134959354997,
        "dvar2": 0.386695235968,
        "max": 5.90605640411,
        "mean": 0.421012252569,
        "median": 0.29143884778,
        "min": 0,
        "stdev": 0.419925808907,
        "var": 0.17633767426
    },
    "zerocrossingrate": {
        "dmean": 0.0148256849498,
        "dmean2": 0.0158175136894,
        "dvar": 0.000347801600583,
        "dvar2": 0.000310981296934,
        "max": 0.5107421875,
        "mean": 0.0661891102791,
        "median": 0.05810546875,
        "min": 0.001953125,
        "stdev": 0.0660815238953,
        "var": 0.00436676805839
    },
    "barkbands": {
        "dmean": [0.00253114406951, 0.0159106142819, 0.00393842486665, 0.00247945589945, 0.00210707332008, 0.000939773395658, 0.00054526765598, 0.000631387461908, 0.000640134327114, 0.00056964502437, 0.000392658519559, 0.000403162208386, 0.000262913585175, 0.000270852178801, 0.000195718719624, 0.000220406989683, 0.0001715386461, 0.000166833720868, 0.000193847081391, 0.000144087185618, 0.000170863815583, 0.000174978951691, 0.000179509501322, 0.000191845174413, 0.000170296916622, 8.6753636424e-05, 6.76625950291e-06],
        "dmean2": [0.00306800031103, 0.0211723875254, 0.00664221169427, 0.00450218981132, 0.00370156089775, 0.00165063817985, 0.000947147898842, 0.00111655390356, 0.00113379873801, 0.00100020796526, 0.000679191725794, 0.000677408359479, 0.000420022610342, 0.000444038072601, 0.000309056253172, 0.000354587391485, 0.000273444660706, 0.000267571012955, 0.00030202313792, 0.000229903744184, 0.000259971362539, 0.000260747969151, 0.000259102875134, 0.000274761172477, 0.000241023080889, 0.000122632278362, 1.05984245238e-05],
        "dvar": [3.68495202565e-05, 0.00115143298171, 9.09076479729e-05, 4.29371466453e-05, 2.39438049903e-05, 5.62446666663e-06, 1.53236248934e-06, 2.44467787525e-06, 2.03825970857e-06, 1.46155207403e-06, 1.40804615967e-06, 9.13608062092e-07, 3.1772592024e-07, 5.44783404166e-07, 1.59169772473e-07, 2.00016955887e-07, 8.93471394647e-08, 7.70616424006e-08, 1.62058356068e-07, 8.99666474652e-08, 1.47315702748e-07, 1.42663552083e-07, 1.44665307289e-07, 1.76964064735e-07, 1.61650902442e-07, 4.53255033506e-08, 4.98629082468e-10],
        "dvar2": [5.33622223884e-05, 0.00224027992226, 0.00023403816158, 0.000121415760077, 6.85190461809e-05, 1.58046386787e-05, 4.14649593949e-06, 6.79217828292e-06, 5.58567444386e-06, 3.97693202103e-06, 3.96257973989e-06, 2.39682526626e-06, 7.0638429861e-07, 1.38666223393e-06, 3.76529754931e-07, 4.74985199617e-07, 1.97324652618e-07, 1.60137233252e-07, 3.40593146575e-07, 2.17054378027e-07, 3.36851940119e-07, 2.77071194432e-07, 2.91448657208e-07, 3.15901303338e-07, 3.16617303042e-07, 8.62746958319e-08, 1.14481912838e-09],
        "max": [0.0719933882356, 0.338820487261, 0.0833868011832, 0.0540670417249, 0.0437956377864, 0.0214153192937, 0.0116068664938, 0.0135189369321, 0.0101796146482, 0.0105913449079, 0.0154776452109, 0.0132165281102, 0.0080497758463, 0.0124434679747, 0.00535193318501, 0.00502885971218, 0.00504438020289, 0.00305609661154, 0.00665174424648, 0.00451872544363, 0.0036211272236, 0.00442211888731, 0.00632705679163, 0.00459866411984, 0.00473223347217, 0.00283390865661, 0.000272421428235],
        "mean": [0.00572371762246, 0.0410868935287, 0.00544755998999, 0.00258521200158, 0.00233168713748, 0.00100108620245, 0.00054574146634, 0.000546615105122, 0.000645623891614, 0.000580831663683, 0.000393873633584, 0.00042940772255, 0.000318644189974, 0.000313197844662, 0.00025509056286, 0.000311247742502, 0.00027820005198, 0.000274271413218, 0.000304406799842, 0.000241679823375, 0.000260560103925, 0.000303570763208, 0.000304030312691, 0.000324348075083, 0.000274486199487, 0.00012659348431, 6.27980807621e-06],
        "median": [0.000122420227854, 0.00399296823889, 0.0013709574705, 0.000846681650728, 0.000803518574685, 0.000307483656798, 0.000133195790113, 9.62900303421e-05, 0.000155516434461, 0.000108464031655, 8.95196935744e-05, 0.000119267722766, 0.00011453924526, 0.000134450310725, 0.000124734709971, 0.000182750896784, 0.000191939529032, 0.00017022677639, 0.000170231156517, 0.000132195375045, 9.6654468507e-05, 7.54283391871e-05, 5.91754214838e-05, 4.16373368353e-05, 3.25229520968e-05, 1.35050941026e-05, 2.17796781499e-07],
        "min": [2.15832895871e-24, 1.70552279911e-24, 1.35133766331e-24, 4.62984674085e-24, 1.19055337467e-23, 1.06666671381e-23, 1.36647495744e-23, 8.75713544253e-24, 2.66441715043e-23, 3.13044998305e-23, 2.47703696857e-23, 5.54076020532e-23, 6.22771290337e-23, 4.18622039783e-23, 3.44417144536e-23, 7.57916163829e-23, 7.12459411006e-23, 1.02747984324e-22, 2.04143696973e-22, 1.65355280045e-22, 2.81528932291e-22, 3.04731969464e-22, 4.20852244226e-22, 7.18488353049e-22, 1.01237203356e-21, 1.20658832625e-21, 2.03697507147e-21],
        "stdev": [0.0107582146302, 0.0634141713381, 0.0096019282937, 0.00541148055345, 0.00457361433655, 0.00204291404225, 0.00113646278623, 0.00132243987173, 0.0013086280087, 0.00118731753901, 0.00107717129868, 0.00101306114811, 0.000654994801152, 0.000712431035936, 0.000457598827779, 0.000490347330924, 0.000353515264578, 0.000360040896339, 0.000487080658786, 0.000365403539035, 0.000479072536109, 0.000575520971324, 0.000583667017054, 0.000672652036883, 0.000594317913055, 0.000302177562844, 2.24797076953e-05],
        "var": [0.000115739174362, 0.00402135727927, 9.21970349737e-05, 2.92841232294e-05, 2.09179470403e-05, 4.17349747295e-06, 1.29154773276e-06, 1.74884735316e-06, 1.71250724179e-06, 1.40972281315e-06, 1.1602980976e-06, 1.02629292087e-06, 4.29018200521e-07, 5.07557956553e-07, 2.09396674222e-07, 2.40440527932e-07, 1.24973041693e-07, 1.29629455614e-07, 2.3724756204e-07, 1.33519748147e-07, 2.29510490612e-07, 3.3122441323e-07, 3.40667185128e-07, 4.52460739098e-07, 3.53213749804e-07, 9.13112785383e-08, 5.05337272028e-10]
    },
    "erbbands": {
        "dmean": [0.745007395744, 3.01839661598, 4.41664409637, 7.01814031601, 6.82559347153, 7.08465099335, 8.54374885559, 6.89772462845, 7.60259485245, 9.483086586, 13.996840477, 14.2403306961, 18.0170021057, 15.6649799347, 15.1748466492, 16.5227966309, 12.1182889938, 13.6794347763, 11.0282278061, 10.2979593277, 11.34578228, 9.19479084015, 8.54560470581, 9.75618743896, 8.91074466705, 6.61395454407, 6.99973630905, 6.70783996582, 6.1776471138, 6.58544683456, 4.91348838806, 4.12715673447, 3.28161549568, 2.08634066582, 1.20404696465, 0.467154920101, 0.141741037369, 0.0249755289406, 0.00074208364822, 3.41233826475e-05],
        "dmean2": [0.981501281261, 4.14399671555, 6.89712524414, 12.2875089645, 12.5056686401, 12.3346424103, 15.024764061, 12.0271625519, 13.1876516342, 16.5032081604, 24.9430236816, 25.0920848846, 32.2160758972, 26.5326023102, 26.017993927, 27.3451900482, 19.26912117, 22.2869663239, 17.7629642487, 16.1628284454, 18.0472927094, 14.7253170013, 13.5985546112, 15.0511369705, 13.8709335327, 10.3970603943, 10.7835969925, 9.8713722229, 9.02425861359, 9.88741207123, 7.12697649002, 6.00176000595, 4.65678501129, 3.00428462029, 1.7375484705, 0.647827029228, 0.20110693574, 0.0377826876938, 0.00114909000695, 4.78679903608e-05],
        "dvar": [2.92216944695, 50.5915222168, 116.529907227, 284.713226318, 364.179260254, 260.987731934, 502.183868408, 253.049850464, 333.222991943, 435.525024414, 1306.80358887, 1015.66748047, 1669.34460449, 1128.94287109, 2250.04223633, 1538.16113281, 633.020385742, 1220.14941406, 694.795959473, 442.637542725, 447.749481201, 271.526184082, 196.908493042, 344.071411133, 340.147705078, 175.729354858, 247.619140625, 210.497879028, 164.684432983, 224.034484863, 109.845481873, 84.3379821777, 48.8651161194, 23.9121780396, 8.08412265778, 1.30739080906, 0.122727043927, 0.00593780307099, 6.35443893771e-06, 4.07941902481e-09],
        "dvar2": [4.9615149498, 103.031173706, 276.863647461, 776.959716797, 1058.71704102, 713.74597168, 1399.63989258, 698.671081543, 914.166137695, 1152.14587402, 3679.89746094, 2786.625, 4614.74267578, 2995.93676758, 6353.82470703, 4046.73046875, 1468.0213623, 3076.8605957, 1618.69116211, 1079.6138916, 1039.3215332, 624.481506348, 418.367095947, 723.647399902, 720.315490723, 427.68371582, 583.350280762, 457.59552002, 321.064300537, 469.583709717, 215.862075806, 154.123336792, 89.5868759155, 49.6180419922, 16.6927890778, 2.31491088867, 0.242026939988, 0.0131285171956, 1.44974301293e-05, 8.22724022242e-09],
        "max": [18.5363922119, 84.1256256104, 87.9860687256, 147.719345093, 142.329467773, 193.279754639, 254.058380127, 140.616287231, 200.160964966, 198.518661499, 309.586975098, 226.485565186, 389.780151367, 393.432403564, 728.02746582, 568.052490234, 378.684967041, 569.687133789, 421.522491455, 234.628829956, 253.144454956, 256.544921875, 188.626281738, 290.71963501, 340.84765625, 213.133102417, 175.20942688, 145.250610352, 153.3697052, 205.688583374, 161.690261841, 104.37815094, 76.8657684326, 64.2789764404, 35.202331543, 15.5587778091, 3.70738124847, 0.986404657364, 0.0295490268618, 0.000783216150012],
        "mean": [1.9405837059, 6.11510181427, 6.11705446243, 9.74806690216, 6.93145799637, 7.87635040283, 8.49443054199, 7.78170108795, 7.93284225464, 9.34314155579, 12.5722131729, 14.6543149948, 17.9227046967, 17.1296215057, 16.2571258545, 17.9946556091, 14.9314775467, 16.236831665, 14.6280183792, 14.2957267761, 17.0323200226, 15.7057094574, 14.5731239319, 15.8579626083, 14.4043645859, 11.1891536713, 10.8693819046, 10.2265129089, 10.5578145981, 10.721581459, 8.39541530609, 6.70648384094, 5.35290050507, 3.27054667473, 1.84145891666, 0.717051684856, 0.202988818288, 0.02905363217, 0.000847783929203, 0.00010080915672],
        "median": [0.12565729022, 0.743805706501, 1.81627941132, 2.79728865623, 2.93202996254, 2.62927126884, 2.66873264313, 2.43646669388, 2.11756563187, 1.79639458656, 2.90415167809, 3.54022622108, 3.59302473068, 3.94715762138, 4.04869508743, 5.14426517487, 5.66101837158, 6.64543628693, 6.78406572342, 8.18520355225, 10.5053844452, 11.2101268768, 9.47405719757, 9.06298446655, 7.94067764282, 6.22401332855, 4.64032268524, 3.41505885124, 2.8224196434, 2.3301346302, 1.49508917332, 0.918872833252, 0.650093138218, 0.403957515955, 0.194507271051, 0.0685755312443, 0.0253540053964, 0.00312223448418, 0.000118125331937, 3.94074741052e-05],
        "min": [1.67735506899e-22, 4.03527722787e-22, 3.01654513263e-21, 1.46815301414e-20, 4.24320131291e-20, 2.70906028852e-20, 5.71635182273e-20, 9.3160460394e-20, 2.7738904721e-19, 3.27842101492e-19, 2.14974651077e-19, 4.66473410403e-19, 9.85669658689e-19, 1.25175225845e-18, 1.32848235925e-18, 2.48944306687e-18, 2.73627686358e-18, 2.62589933021e-18, 1.89503211267e-18, 2.42636227336e-18, 4.04599142531e-18, 5.28789558158e-18, 7.34317429239e-18, 1.01110587612e-17, 8.81505864719e-18, 1.02740786891e-17, 8.92506622403e-18, 1.22073726614e-17, 1.22811282207e-17, 1.23370241234e-17, 1.21617379342e-17, 1.17937409961e-17, 1.08175346972e-17, 9.06948120563e-18, 7.22102701288e-18, 4.65995300009e-18, 2.25758392758e-18, 1.08357268804e-18, 2.71659373902e-19, 2.74982849894e-20],
        "stdev": [3.14822030067, 11.1737604141, 11.2779817581, 16.4565105438, 15.3025541306, 16.4839057922, 19.8130455017, 14.560092926, 16.5016822815, 19.7870368958, 29.9714679718, 29.4685115814, 37.2950172424, 35.9773902893, 43.2097396851, 42.0063743591, 29.7972812653, 34.857635498, 27.9776611328, 22.914264679, 24.71134758, 19.2250728607, 18.0018844604, 23.3779716492, 22.7370929718, 16.4262275696, 19.0078659058, 19.2367286682, 19.7990207672, 21.1844730377, 16.2047386169, 14.1335992813, 11.1056938171, 6.99831056595, 4.09857559204, 1.75282824039, 0.474421173334, 0.0821322575212, 0.002588334959, 0.000120604556287],
        "var": [9.91129112244, 124.852912903, 127.192878723, 270.816741943, 234.168167114, 271.719146729, 392.556762695, 211.996307373, 272.305541992, 391.526824951, 898.288879395, 868.393188477, 1390.91833496, 1294.37255859, 1867.08154297, 1764.53552246, 887.877990723, 1215.05480957, 782.749511719, 525.063537598, 610.650695801, 369.603424072, 324.067871094, 546.529541016, 516.975402832, 269.820922852, 361.298980713, 370.051757812, 392.001251221, 448.781860352, 262.593536377, 199.758621216, 123.33644104, 48.976348877, 16.7983207703, 3.0724067688, 0.22507545352, 0.006745708175, 6.69947803544e-06, 1.45454590594e-08]
    },
    "gfcc": {
        "mean": [-28.9141407013, 70.9199523926, -94.7766723633, 51.356552124, -45.5985527039, 25.5953121185, -30.7825222015, 15.4174203873, -22.7716178894, 5.26805400848, -16.9552307129, 4.0992307663, -11.525519371],
        "cov": [[38021.09375, 179.633712769, -2395.32397461, 931.159851074, -2160.64038086, 532.682434082, -1312.02001953, 506.874572754, -637.14654541, 194.109313965, -363.822509766, 238.285598755, -213.278656006], [179.633712769, 1227.03955078, 179.306854248, 195.904800415, 192.292037964, -80.0078048706, 85.5071716309, -135.043701172, 73.490272522, -126.633728027, 61.5214614868, -104.893806458, 27.9094676971], [-2395.32397461, 179.306854248, 2049.80932617, 190.981369019, 372.702850342, 292.813140869, 347.29083252, 122.827217102, 235.385925293, 70.5166702271, 272.673034668, 73.5659561157, 43.2481422424], [931.159851074, 195.904800415, 190.981369019, 470.573059082, 101.95677948, 30.0563926697, -14.4781360626, -58.8140220642, -1.78261184692, -6.3693614006, 2.88904571533, -28.6817703247, 26.826631546], [-2160.64038086, 192.292037964, 372.702850342, 101.95677948, 389.894500732, 59.543598175, 166.317520142, -25.0539779663, 90.2861862183, -5.26308965683, 55.5844573975, -6.39543533325, 26.7516899109], [532.682434082, -80.0078048706, 292.813140869, 30.0563926697, 59.543598175, 218.86706543, 85.9438934326, 71.515625, 18.4148178101, 32.7532424927, 52.4407043457, 45.5391654968, 1.08273363113], [-1312.02001953, 85.5071716309, 347.29083252, -14.4781360626, 166.317520142, 85.9438934326, 234.699691772, 60.556312561, 85.7282791138, 3.95815324783, 56.0265350342, 6.20390939713, 16.8663463593], [506.874572754, -135.043701172, 122.827217102, -58.8140220642, -25.0539779663, 71.515625, 60.556312561, 159.090011597, 52.4124412537, 49.5346069336, 28.0009918213, 35.8774719238, -4.93847417831], [-637.14654541, 73.490272522, 235.385925293, -1.78261184692, 90.2861862183, 18.4148178101, 85.7282791138, 52.4124412537, 135.445800781, 35.3184432983, 56.9023857117, -1.64700269699, 17.8495864868], [194.109313965, -126.633728027, 70.5166702271, -6.3693614006, -5.26308965683, 32.7532424927, 3.95815324783, 49.5346069336, 35.3184432983, 94.6014328003, 35.7122192383, 30.6224937439, -4.16663742065], [-363.822509766, 61.5214614868, 272.673034668, 2.88904571533, 55.5844573975, 52.4407043457, 56.0265350342, 28.0009918213, 56.9023857117, 35.7122192383, 111.694801331, 41.0687484741, 17.4402675629], [238.285598755, -104.893806458, 73.5659561157, -28.6817703247, -6.39543533325, 45.5391654968, 6.20390939713, 35.8774719238, -1.64700269699, 30.6224937439, 41.0687484741, 80.6327972412, 15.5228071213], [-213.278656006, 27.9094676971, 43.2481422424, 26.826631546, 26.7516899109, 1.08273363113, 16.8663463593, -4.93847417831, 17.8495864868, -4.16663742065, 17.4402675629, 15.5228071213, 59.4201164246]],
        "icov": [[0.000106668114313, -0.000263205700321, 8.37716361275e-05, -0.000305935245706, 0.000520963105373, -0.000545377435628, 0.000403602956794, -0.000454265857115, -2.13060156966e-05, -0.000197483532247, 0.000432765227742, -0.000507774355356, 0.000204903291888], [-0.000263205700321, 0.00211373134516, -6.98623189237e-05, 0.000268247415079, -0.00141926272772, 0.0016871469561, -0.0012688585557, 0.00165971368551, -0.000649386609439, 0.00250613037497, -0.00312621355988, 0.00266731367446, -0.000309901835863], [8.37716361275e-05, -6.98623189237e-05, 0.00109124730807, -0.000653883558698, 0.000217621418415, -0.00102116842754, -0.000272887758911, -0.000341473496519, -0.000744835590012, 0.000393144640839, -0.00145487731788, -0.000332856696332, 0.000569456780795], [-0.000305935245706, 0.000268247415079, -0.000653883558698, 0.00383076886646, -0.00223716930486, 0.000741641037166, 9.95329683064e-05, 0.00169346446637, 0.000908892427105, -0.000789936690126, -0.000203168674489, 0.00272991578095, -0.00235343561508], [0.000520963105373, -0.00141926272772, 0.000217621418415, -0.00223716930486, 0.00755326682702, -0.00318228639662, -0.00114479777403, 0.00064592511626, -0.00243266951293, -0.0010208877502, 0.00282629881985, -0.00351002812386, 0.00117080041673], [-0.000545377435628, 0.0016871469561, -0.00102116842754, 0.000741641037166, -0.00318228639662, 0.0106129366904, -0.00390669004992, -0.000263867521426, 0.00290909316391, 0.00064394302899, -0.00359419314191, 0.000819769804366, -3.23579297401e-06], [0.000403602956794, -0.0012688585557, -0.000272887758911, 9.95329683064e-05, -0.00114479777403, -0.00390669004992, 0.0111950766295, -0.00483301375061, -0.0016433710698, 0.00120159680955, 0.00128668348771, -0.000194971085875, -0.000543271540664], [-0.000454265857115, 0.00165971368551, -0.000341473496519, 0.00169346446637, 0.00064592511626, -0.000263867521426, -0.00483301375061, 0.0146378800273, -0.00548891164362, -0.00141514500137, 0.000622963474598, -0.0016432015691, 0.00117236818187], [-2.13060156966e-05, -0.000649386609439, -0.000744835590012, 0.000908892427105, -0.00243266951293, 0.00290909316391, -0.0016433710698, -0.00548891164362, 0.01744412072, -0.00549720227718, -0.00474995421246, 0.00669657904655, -0.0045680697076], [-0.000197483532247, 0.00250613037497, 0.000393144640839, -0.000789936690126, -0.0010208877502, 0.00064394302899, 0.00120159680955, -0.00141514500137, -0.00549720227718, 0.0195529740304, -0.00639349827543, -0.0016600000672, 0.00350635382347], [0.000432765227742, -0.00312621355988, -0.00145487731788, -0.000203168674489, 0.00282629881985, -0.00359419314191, 0.00128668348771, 0.000622963474598, -0.00474995421246, -0.00639349827543, 0.0240733716637, -0.0120896659791, -0.000276933424175], [-0.000507774355356, 0.00266731367446, -0.000332856696332, 0.00272991578095, -0.00351002812386, 0.000819769804366, -0.000194971085875, -0.0016432015691, 0.00669657904655, -0.0016600000672, -0.0120896659791, 0.0271664634347, -0.00825806427747], [0.000204903291888, -0.000309901835863, 0.000569456780795, -0.00235343561508, 0.00117080041673, -3.23579297401e-06, -0.000543271540664, 0.00117236818187, -0.0045680697076, 0.00350635382347, -0.000276933424175, -0.00825806427747, 0.0219396874309]]
    },
    "melbands": {
        "dmean": [0.00526262493804, 0.0023792271968, 0.00110992533155, 0.000484289223095, 0.000296522979625, 0.000158155438839, 0.000116553230328, 0.000112344903755, 0.000112548652396, 9.10791131901e-05, 9.11335664568e-05, 6.44039973849e-05, 5.38981694262e-05, 4.54531946161e-05, 3.71359928977e-05, 2.50405228144e-05, 2.65980415861e-05, 1.89259299077e-05, 1.48125591295e-05, 1.56426194735e-05, 1.3588541151e-05, 1.04757564259e-05, 8.85309327714e-06, 8.28074007586e-06, 8.38056894281e-06, 7.72780913394e-06, 5.49518745174e-06, 4.56445468444e-06, 4.81899905935e-06, 4.05401169701e-06, 3.9323576857e-06, 3.4571028209e-06, 3.87442878491e-06, 3.82461439585e-06, 3.05849289362e-06, 2.53343159784e-06, 2.6900308967e-06, 2.56696557699e-06, 1.94179801838e-06, 1.83256372566e-06],
        "dmean2": [0.00683993473649, 0.00336782401428, 0.00191365939099, 0.000868642993737, 0.000513622188009, 0.000275032303762, 0.000202511859243, 0.000196737921215, 0.000200803115149, 0.000161591582582, 0.000163055636222, 0.000109347303805, 9.38809753279e-05, 7.65798613429e-05, 6.15375101916e-05, 3.9524937165e-05, 4.38666575064e-05, 3.05357934849e-05, 2.35066818277e-05, 2.52991394518e-05, 2.20610072574e-05, 1.71385381691e-05, 1.40984648169e-05, 1.32420755108e-05, 1.31605702336e-05, 1.22089331853e-05, 8.90728551894e-06, 7.21115202396e-06, 7.58556188885e-06, 6.157923508e-06, 5.8368923419e-06, 5.25864561496e-06, 5.7426168496e-06, 5.84691724725e-06, 4.49652543466e-06, 3.72252270608e-06, 3.9603382902e-06, 3.69702411263e-06, 2.73630394076e-06, 2.73146815744e-06],
        "dvar": [0.000127670718939, 2.87663460767e-05, 7.15610804036e-06, 1.37873644235e-06, 5.27362772118e-07, 1.3704743651e-07, 7.55134763608e-08, 6.45556639256e-08, 8.28478334824e-08, 4.133228515e-08, 4.23224335577e-08, 1.91557596452e-08, 3.10784891155e-08, 1.19060725723e-08, 8.2313240668e-09, 3.15609116619e-09, 4.83309303689e-09, 2.60540544694e-09, 9.73444103103e-10, 1.13974496507e-09, 6.13047723697e-10, 3.63170188367e-10, 1.96111751838e-10, 2.13605910737e-10, 2.58362831129e-10, 2.94018226432e-10, 1.1689559043e-10, 8.54729134692e-11, 1.20691595606e-10, 7.76533837232e-11, 6.85847767468e-11, 5.05075703483e-11, 7.58852009008e-11, 7.39025229901e-11, 4.215287841e-11, 3.09655530384e-11, 3.62825151867e-11, 3.10967536443e-11, 1.68001168532e-11, 2.16725439678e-11],
        "dvar2": [0.000233612139709, 5.61626329727e-05, 1.9167922801e-05, 3.97811481889e-06, 1.43892179949e-06, 3.79541461371e-07, 2.0707226156e-07, 1.72952212552e-07, 2.33222920087e-07, 1.13192967888e-07, 1.17107319397e-07, 5.06915576182e-08, 8.86678108714e-08, 3.03379721345e-08, 2.25963656675e-08, 7.17274994955e-09, 1.22751293574e-08, 6.40652597639e-09, 2.4069710669e-09, 2.83909895593e-09, 1.47538736783e-09, 8.62278637381e-10, 4.53207388285e-10, 4.5778700275e-10, 5.69686131602e-10, 6.06923733493e-10, 2.83859408201e-10, 2.18481621683e-10, 2.9208599428e-10, 1.73384584468e-10, 1.52124618458e-10, 1.06099816433e-10, 1.5464585168e-10, 1.61982233182e-10, 8.89622403522e-11, 5.70523697729e-11, 6.91798146546e-11, 6.01066973971e-11, 3.31922649088e-11, 4.9170476718e-11],
        "max": [0.11875449121, 0.0575566329062, 0.0238617490977, 0.00968987401575, 0.00781401898712, 0.00332437059842, 0.00275470712222, 0.00188597419765, 0.00243106065318, 0.00139624543954, 0.00195885892026, 0.00167103682179, 0.00245038396679, 0.00129205291159, 0.0014967561001, 0.000728341226932, 0.00113092234824, 0.000884839624632, 0.000404460763093, 0.00038253175444, 0.000245948322117, 0.00035190169001, 0.000134979767608, 0.000165022982401, 0.000256620522123, 0.000296006764984, 0.00012789448374, 0.000159530216479, 0.000111844397907, 9.33807532419e-05, 8.48143972689e-05, 0.000101630888821, 0.000104877937702, 0.00013063242659, 9.69222892309e-05, 6.9120695116e-05, 6.72386740916e-05, 6.72520909575e-05, 4.46393314633e-05, 7.12107066647e-05],
        "mean": [0.0139946937561, 0.00469612563029, 0.00153873162344, 0.000520758680068, 0.000311959709506, 0.000177966721822, 0.000120643111586, 0.000107400825073, 0.000103227386717, 9.20152597246e-05, 8.91424933798e-05, 6.95919297868e-05, 5.44564791198e-05, 4.84470692754e-05, 4.11836335843e-05, 2.99964722217e-05, 3.02974804072e-05, 2.37232034124e-05, 1.91696781258e-05, 2.04354837479e-05, 1.96437413251e-05, 1.62937012647e-05, 1.43074466905e-05, 1.27743960547e-05, 1.28337142087e-05, 1.1436938621e-05, 8.80517018231e-06, 7.06556829755e-06, 7.01252474755e-06, 6.04066281085e-06, 5.79146581003e-06, 5.75816466153e-06, 6.16395436737e-06, 5.90446597926e-06, 5.03126329932e-06, 4.05331957154e-06, 4.14459464082e-06, 3.9959827518e-06, 3.02939884023e-06, 2.67223595074e-06],
        "median": [0.00109815690666, 0.00106460053939, 0.000520880799741, 0.000189789032447, 9.87621388049e-05, 5.57934436074e-05, 3.06297806674e-05, 1.96225191758e-05, 2.45446753979e-05, 2.13549628825e-05, 1.68126807694e-05, 1.54445569933e-05, 1.2838812836e-05, 1.27723551486e-05, 1.39004032462e-05, 1.06377046905e-05, 1.22191358969e-05, 1.02766525742e-05, 9.73519854597e-06, 1.14337490231e-05, 1.20084796436e-05, 1.10604742076e-05, 9.77321724349e-06, 7.60793227528e-06, 6.86584007781e-06, 6.19554293735e-06, 4.76305149277e-06, 3.74450360141e-06, 2.97754149869e-06, 2.30110345001e-06, 1.75816353476e-06, 1.63061815783e-06, 1.28611816308e-06, 1.20656875424e-06, 9.20703996599e-07, 5.92558649259e-07, 5.03602507251e-07, 4.42377711352e-07, 3.57203589374e-07, 3.19663854498e-07],
        "min": [1.62661462049e-24, 2.16727010543e-24, 5.06856857784e-24, 2.5370804064e-24, 1.6369998757e-24, 2.22220125127e-24, 3.93565900501e-24, 3.45653289575e-24, 1.57318970593e-24, 3.43928602977e-24, 4.57800319659e-24, 4.54516212824e-24, 3.15055583872e-24, 5.18575070987e-24, 7.01519251314e-24, 3.38298660469e-24, 4.12174261509e-24, 2.90247367795e-24, 2.5368538061e-24, 5.58027069819e-24, 3.94366988751e-24, 5.08110397206e-24, 6.65215241367e-24, 4.60821656926e-24, 8.14657051252e-24, 7.37002057059e-24, 6.44160543807e-24, 6.08492986838e-24, 6.2457222034e-24, 3.88464100369e-24, 7.11077563358e-24, 5.56573593601e-24, 5.06810275548e-24, 6.10830578916e-24, 6.01429644622e-24, 6.79769646182e-24, 5.4902577246e-24, 6.39094991833e-24, 5.68261908976e-24, 7.81955611287e-24],
        "stdev": [0.0216161962599, 0.00784704554826, 0.00257251830772, 0.00103136815596, 0.00069851486478, 0.000335493910825, 0.000248689495493, 0.000232945545577, 0.000239745961153, 0.000187953948625, 0.000187625657418, 0.000147936923895, 0.000154887966346, 0.000114644419227, 9.60047909757e-05, 6.27791232546e-05, 6.78961660014e-05, 5.03107476106e-05, 3.47772875102e-05, 3.44097388734e-05, 2.85576261376e-05, 2.14334504562e-05, 1.69771556102e-05, 1.81447139767e-05, 1.9602728571e-05, 2.01957682293e-05, 1.30798134705e-05, 1.08938538688e-05, 1.26342574731e-05, 1.11902936624e-05, 1.09900429379e-05, 1.07190153358e-05, 1.24122316265e-05, 1.17402969408e-05, 9.68761833064e-06, 8.44692658575e-06, 8.99785209185e-06, 8.58077146404e-06, 6.19146840108e-06, 6.03804301136e-06],
        "var": [0.000467259931611, 6.15761236986e-05, 6.61784997646e-06, 1.06372033315e-06, 4.87923045966e-07, 1.12556158172e-07, 6.18464639501e-08, 5.42636264811e-08, 5.74781253704e-08, 3.53266891295e-08, 3.52033886486e-08, 2.18853326572e-08, 2.39902817611e-08, 1.31433424144e-08, 9.21692056011e-09, 3.94121801861e-09, 4.60988980322e-09, 2.53117127258e-09, 1.20945975457e-09, 1.18403009619e-09, 8.15538026e-10, 4.59392773822e-10, 2.88223805933e-10, 3.29230670504e-10, 3.84266951592e-10, 4.0786907185e-10, 1.7108151007e-10, 1.18676055094e-10, 1.59624452545e-10, 1.2522266557e-10, 1.20781037949e-10, 1.1489728613e-10, 1.5406349807e-10, 1.37834563207e-10, 9.38499555847e-11, 7.13505643457e-11, 8.09613417974e-11, 7.36296371096e-11, 3.83342801946e-11, 3.64579616496e-11]
    },
    "melbands128": {
