{
"lowlevel": {
    "average_loudness": 0.80076366663,
    "barkbands_crest": {
        "dmean": 2.66236019135,
        "dmean2": 4.00454378128,
        "dvar": 8.72303676605,
        "dvar2": 18.6854991913,
        "max": 26.3721351624,
        "mean": 13.0897006989,
        "median": 12.3471622467,
        "min": 2.62294602394,
        "stdev": 4.99030685425,
        "var": 24.9031620026
    },
    "barkbands_flatness_db": {
        "dmean": 0.0271187722683,
        "dmean2": 0.0363204739988,
        "dvar": 0.000796164444182,
        "dvar2": 0.0013665005099,
        "max": 0.466192811728,
        "mean": 0.227302491665,
        "median": 0.223333284259,
        "min": 0.027883451432,
        "stdev": 0.0705463811755,
        "var": 0.004976792261
    },
    "barkbands_kurtosis": {
        "dmean": 10.4812955856,
        "dmean2": 15.0565509796,
        "dvar": 813.284179688,
        "dvar2": 1595.96484375,
        "max": 436.477905273,
        "mean": 16.4743728638,
        "median": 4.6680059433,
        "min": -1.76122760773,
        "stdev": 38.4438705444,
        "var": 1477.93127441
    },
    "barkbands_skewness": {
        "dmean": 0.877368211746,
        "dmean2": 1.21221208572,
        "dvar": 1.59425210953,
        "dvar2": 2.68882584572,
        "max": 17.2474193573,
        "mean": 2.5628027916,
        "median": 1.97186338902,
        "min": -1.84227263927,
        "stdev": 2.2872903347,
        "var": 5.23169660568
    },
    "barkbands_spread": {
        "dmean": 2.98482728004,
        "dmean2": 4.41243219376,
        "dvar": 21.8087940216,
        "dvar2": 44.4895324707,
        "max": 64.3479003906,
        "mean": 9.52503204346,
        "median": 7.48218154907,
        "min": 0.358853518963,
        "stdev": 7.59824800491,
        "var": 57.7333717346
    },
    "dissonance": {
        "dmean": 0.0355818793178,
        "dmean2": 0.0581024438143,
        "dvar": 0.00114960642532,
        "dvar2": 0.00279322778806,
        "max": 0.498558282852,
        "mean": 0.415287494659,
        "median": 0.42476862669,
        "min": 0.128161221743,
        "stdev": 0.0514337904751,
        "var": 0.00264543481171
    },
    "dynamic_complexity": 3.26673936844,
    "erbbands_crest": {
        "dmean": 2.82147455215,
        "dmean2": 4.38458919525,
        "dvar": 7.40169143677,
        "dvar2": 18.1436347961,
        "max": 29.2495861053,
        "mean": 11.2234869003,
        "median": 10.2705802917,
        "min": 3.4743103981,
        "stdev": 4.51753616333,
        "var": 20.4081344604
    },
    "erbbands_flatness_db": {
        "dmean": 0.0220745317638,
        "dmean2": 0.0302730761468,
        "dvar": 0.000493544794153,
        "dvar2": 0.000909701397177,
        "max": 0.392266213894,
        "mean": 0.209595382214,
        "median": 0.20777104795,
        "min": 0.0629096478224,
        "stdev": 0.058150075376,
        "var": 0.00338143110275
    },
    "erbbands_kurtosis": {
        "dmean": 1.60875689983,
        "dmean2": 2.513712883,
        "dvar": 3.87347006798,
        "dvar2": 9.48829174042,
        "max": 17.4464664459,
        "mean": 1.8237208128,
        "median": 1.00814056396,
        "min": -1.85011863708,
        "stdev": 3.02822113037,
        "var": 9.17012310028
    },
    "erbbands_skewness": {
        "dmean": 0.437553465366,
        "dmean2": 0.66448444128,
        "dvar": 0.176442474127,
        "dvar2": 0.441153973341,
        "max": 4.02916193008,
        "mean": 0.921612739563,
        "median": 0.891909658909,
        "min": -1.42267167568,
        "stdev": 0.699608385563,
        "var": 0.489451855421
    },
    "erbbands_spread": {
        "dmean": 6.92010116577,
        "dmean2": 9.8099193573,
        "dvar": 72.9347915649,
        "dvar2": 129.458831787,
        "max": 114.975708008,
        "mean": 27.4701118469,
        "median": 22.1782493591,
        "min": 3.71589159966,
        "stdev": 17.5584754944,
        "var": 308.300048828
    },
    "hfc": {
        "dmean": 4.73341751099,
        "dmean2": 6.57474374771,
        "dvar": 61.4989013672,
        "dvar2": 131.44380188,
        "max": 79.7554016113,
        "mean": 11.7742958069,
        "median": 8.34445953369,
        "min": 1.18213559245e-16,
        "stdev": 11.0486965179,
        "var": 122.073692322
    },
    "loudness_ebu128": {
        "integrated": -9.87315368652,
        "loudness_range": 6.37232971191,
        "momentary": {
            "dmean": 1.02514398098,
            "dmean2": 1.4372600317,
            "dvar": 1.87065160275,
            "dvar2": 2.80848503113,
            "max": -6.36882972717,
            "mean": -10.9836273193,
            "median": -9.81381702423,
            "min": -18.8497848511,
            "stdev": 3.34382176399,
            "var": 11.1811437607
        },
        "short_term": {
            "dmean": 0.145202979445,
            "dmean2": 0.172133266926,
            "dvar": 0.02882434614,
            "dvar2": 0.0378869399428,
            "max": -7.62330341339,
            "mean": -10.2830114365,
            "median": -9.57616329193,
            "min": -14.579369545,
            "stdev": 2.20445132256,
            "var": 4.85960531235
        }
    },
    "melbands_crest": {
        "dmean": 3.219632864,
        "dmean2": 4.81995439529,
        "dvar": 12.7105550766,
        "dvar2": 27.107831955,
        "max": 35.7689971924,
        "mean": 19.0481719971,
        "median": 16.5521526337,
        "min": 2.13946843147,
        "stdev": 8.68686103821,
        "var": 75.461555481
    },
    "melbands_flatness_db": {
        "dmean": 0.0302908420563,
        "dmean2": 0.0395142100751,
        "dvar": 0.00113716360647,
        "dvar2": 0.00185170350596,
        "max": 0.591876685619,
        "mean": 0.300126552582,
        "median": 0.288425475359,
        "min": 0.0048415903002,
        "stdev": 0.0910020843148,
        "var": 0.00828137993813
    },
    "melbands_kurtosis": {
        "dmean": 14.373134613,
        "dmean2": 20.9032363892,
        "dvar": 1112.8416748,
        "dvar2": 2032.55639648,
        "max": 475.065246582,
        "mean": 26.0559539795,
        "median": 9.71672344208,
        "min": -1.23699951172,
        "stdev": 49.4981536865,
        "var": 2450.06738281
    },
    "melbands_skewness": {
        "dmean": 0.938323199749,
        "dmean2": 1.31303060055,
        "dvar": 1.43669819832,
        "dvar2": 2.54892086983,
        "max": 15.6318597794,
        "mean": 3.08974385262,
        "median": 2.59036660194,
        "min": -1.00745272636,
        "stdev": 2.45422554016,
        "var": 6.02322244644
    },
    "melbands_spread": {
        "dmean": 3.48541617393,
        "dmean2": 5.15631008148,
        "dvar": 41.0587158203,
        "dvar2": 80.526550293,
        "max": 132.580001831,
        "mean": 10.6595335007,
        "median": 9.51041030884,
        "min": 0.394820868969,
        "stdev": 9.19087982178,
        "var": 84.4722747803
    },
    "pitch_salience": {
        "dmean": 0.0812760293484,
        "dmean2": 0.119188390672,
        "dvar": 0.00811713840812,
        "dvar2": 0.0172382351011,
        "max": 0.916377305984,
        "mean": 0.47663217783,
        "median": 0.487063974142,
        "min": 0.0638658702374,
        "stdev": 0.176371559501,
        "var": 0.0311069265008
    },
    "silence_rate_20dB": {
        "dmean": 0.00464396271855,
        "dmean2": 0.00929511990398,
        "dvar": 0.0046223634854,
        "dvar2": 0.013856202364,
        "max": 1,
        "mean": 0.997679829597,
        "median": 1,
        "min": 0,
        "stdev": 0.0481124706566,
        "var": 0.00231480994262
    },
    "silence_rate_30dB": {
        "dmean": 0.0510835908353,
        "dmean2": 0.102246321738,
        "dvar": 0.048473957926,
        "dvar2": 0.0933408141136,
        "max": 1,
        "mean": 0.77184844017,
        "median": 1,
        "min": 0,
        "stdev": 0.419639468193,
        "var": 0.176097288728
    },
    "silence_rate_60dB": {
        "dmean": 0.0479876175523,
        "dmean2": 0.095274977386,
        "dvar": 0.0456850081682,
        "dvar2": 0.098592095077,
        "max": 1,
        "mean": 0.0757927298546,
        "median": 0,
        "min": 0,
        "stdev": 0.264666706324,
        "var": 0.0700484588742
    },
    "spectral_centroid": {
        "dmean": 169.619140625,
        "dmean2": 241.150970459,
        "dvar": 118557.054688,
        "dvar2": 160187.1875,
        "max": 11304.5332031,
        "mean": 820.697021484,
        "median": 740.843994141,
        "min": 152.031585693,
        "stdev": 493.793548584,
        "var": 243832.078125
    },
    "spectral_complexity": {
        "dmean": 2.23684215546,
        "dmean2": 3.36096048355,
        "dvar": 8.53057670593,
        "dvar2": 12.8937177658,
        "max": 41,
        "mean": 11.0719261169,
        "median": 10,
        "min": 0,
        "stdev": 5.29620361328,
        "var": 28.0497722626
    },
    "spectral_decrease": {
        "dmean": 4.87940221561e-09,
        "dmean2": 6.85191059446e-09,
        "dvar": 1.16277533095e-16,
        "dvar2": 1.86203570432e-16,
        "max": -2.92388571586e-30,
        "mean": -1.51422661077e-08,
        "median": -3.74531783365e-09,
        "min": -9.97458258212e-08,
        "stdev": 2.06556300952e-08,
        "var": 4.26655021864e-16
    },
    "spectral_energy": {
        "dmean": 0.0187525004148,
        "dmean2": 0.0263410806656,
        "dvar": 0.00168934394605,
        "dvar2": 0.00271333591081,
        "max": 0.37942931056,
        "mean": 0.058218345046,
        "median": 0.0151229072362,
        "min": 1.07333599192e-20,
        "stdev": 0.0785958319902,
        "var": 0.00617730524391
    },
    "spectral_energyband_high": {
        "dmean": 9.53405251494e-05,
        "dmean2": 0.000127892039018,
        "dvar": 1.01702561039e-07,
        "dvar2": 1.91240388858e-07,
        "max": 0.0042803674005,
        "mean": 0.000149510480696,
        "median": 4.74406333524e-05,
        "min": 7.90211778403e-21,
        "stdev": 0.00040106853703,
        "var": 1.60855975651e-07
    },
    "spectral_energyband_low": {
        "dmean": 0.0158642828465,
        "dmean2": 0.0210557486862,
        "dvar": 0.00149888789747,
        "dvar2": 0.00231055077165,
        "max": 0.34556299448,
        "mean": 0.0439891256392,
        "median": 0.000586606853176,
        "min": 2.61418311907e-23,
        "stdev": 0.072941288352,
        "var": 0.00532043166459
    },
    "spectral_energyband_middle_high": {
        "dmean": 0.000996492919512,
        "dmean2": 0.00132824189495,
        "dvar": 2.61305399363e-06,
        "dvar2": 4.69400083603e-06,
        "max": 0.0217569712549,
        "mean": 0.00230820011348,
        "median": 0.0011761902133,
        "min": 1.50864859422e-21,
        "stdev": 0.00302153755911,
        "var": 9.12968971534e-06
    },
    "spectral_energyband_middle_low": {
        "dmean": 0.00937979202718,
        "dmean2": 0.0163890123367,
        "dvar": 0.000777258479502,
        "dvar2": 0.00220998888835,
        "max": 0.212104141712,
        "mean": 0.0128017291427,
        "median": 0.00793411955237,
        "min": 3.51737881022e-22,
        "stdev": 0.0222457684577,
        "var": 0.000494874198921
    },
    "spectral_entropy": {
        "dmean": 0.232884719968,
        "dmean2": 0.326935738325,
        "dvar": 0.0659710466862,
        "dvar2": 0.127951860428,
        "max": 9.78751087189,
        "mean": 6.90372800827,
        "median": 6.84650087357,
        "min": 5.31249332428,
        "stdev": 0.504379808903,
        "var": 0.254399001598
    },
    "spectral_flux": {
        "dmean": 0.0407721810043,
        "dmean2": 0.0616723746061,
        "dvar": 0.00485929101706,
        "dvar2": 0.00835182983428,
        "max": 0.600910305977,
        "mean": 0.0936055928469,
        "median": 0.0545007735491,
        "min": 1.03601932588e-10,
        "stdev": 0.108640596271,
        "var": 0.0118027795106
    },
    "spectral_kurtosis": {
        "dmean": 3.75368213654,
        "dmean2": 6.09286308289,
        "dvar": 21.9665718079,
        "dvar2": 56.2815628052,
        "max": 61.6180419922,
        "mean": 9.42189502716,
        "median": 7.90833091736,
        "min": -1.24012494087,
        "stdev": 6.77530813217,
        "var": 45.904800415
    },
    "spectral_rms": {
        "dmean": 0.00107700307854,
        "dmean2": 0.00144793838263,
        "dvar": 3.63402068615e-06,
        "dvar2": 5.32052808921e-06,
        "max": 0.019239930436,
        "mean": 0.00601803557947,
        "median": 0.00384110095911,
        "min": 3.23598071082e-12,
        "stdev": 0.00453669112176,
        "var": 2.05815667869e-05
    },
    "spectral_rolloff": {
        "dmean": 292.647705078,
        "dmean2": 472.246124268,
        "dvar": 724787.5625,
        "dvar2": 1200428.125,
        "max": 18540.0878906,
        "mean": 762.871643066,
        "median": 624.462890625,
        "min": 43.06640625,
        "stdev": 1057.63098145,
        "var": 1118583.25
    },
    "spectral_skewness": {
        "dmean": 0.388717353344,
        "dmean2": 0.603432655334,
        "dvar": 0.1665186584,
        "dvar2": 0.390612989664,
        "max": 6.34366369247,
        "mean": 2.26358175278,
        "median": 2.1705725193,
        "min": -0.01460913755,
        "stdev": 0.718340158463,
        "var": 0.5160125494
    },
    "spectral_spread": {
        "dmean": 618046.9375,
        "dmean2": 845637.625,
        "dvar": 1.22666981786e+12,
        "dvar2": 1.37243603763e+12,
        "max": 41443528,
        "mean": 3690331.25,
        "median": 3292845.25,
        "min": 1174720.125,
        "stdev": 1902306.5,
        "var": 3.61877025587e+12
    },
    "spectral_strongpeak": {
        "dmean": 0.345571160316,
        "dmean2": 0.521973669529,
        "dvar": 0.182346358895,
        "dvar2": 0.413678944111,
        "max": 4.53747558594,
        "mean": 0.896116375923,
        "median": 0.653073191643,
        "min": 0,
        "stdev": 0.755081474781,
        "var": 0.570148050785
    },
    "zerocrossingrate": {
        "dmean": 0.00757402833551,
        "dmean2": 0.0083102369681,
        "dvar": 0.000322822481394,
        "dvar2": 0.00034125574166,
        "max": 0.5029296875,
        "mean": 0.0322031490505,
        "median": 0.0283203125,
        "min": 0.00146484375,
        "stdev": 0.0293912142515,
        "var": 0.000863843422849
    },
    "barkbands": {
        "dmean": [0.0021162792109, 0.0150793576613, 0.00461606262252, 0.004281679634, 0.00246930401772, 0.000913733209018, 0.00116150407121, 0.00110183167271, 0.00126315874513, 0.000320764025673, 0.000254736485658, 0.000243552509346, 0.000166265148437, 0.000233005281189, 0.000112344452646, 6.30179711152e-05, 5.49592150492e-05, 6.31614166196e-05, 3.14896315103e-05, 2.03437793971e-05, 2.10783109651e-05, 1.6117346604e-05, 1.63444037753e-05, 1.2853237422e-05, 1.39228113767e-05, 1.56685819093e-05, 1.56888995662e-06],
        "dmean2": [0.00344950542785, 0.021752351895, 0.00796908140182, 0.00805491860956, 0.00443051196635, 0.00149588671047, 0.00187787390314, 0.00166942272335, 0.00187414034735, 0.00045284483349, 0.000343246007105, 0.000381098594517, 0.000238425855059, 0.00036026124144, 0.000170950501342, 9.51147667365e-05, 8.34914972074e-05, 9.48263768805e-05, 4.85023847432e-05, 3.06165311486e-05, 3.00576411973e-05, 2.41872876359e-05, 2.28942426475e-05, 1.9960816644e-05, 1.74021188286e-05, 2.16108383029e-05, 2.31334797718e-06],
        "dvar": [2.55462709902e-05, 0.00159717304632, 0.000257688225247, 0.00029555358924, 7.60671246098e-05, 2.43649742515e-06, 6.02139471084e-06, 6.60024215904e-06, 7.77419245424e-06, 7.80846733051e-07, 3.47651564425e-07, 3.29968088408e-07, 1.38913136993e-07, 5.9091081539e-07, 6.58892744809e-08, 1.88205913076e-08, 1.56943542606e-08, 1.63361875138e-08, 5.50586687353e-09, 2.86254997484e-09, 2.52554643865e-09, 2.6621234106e-09, 2.28395768964e-09, 2.78167955337e-09, 3.44213257897e-09, 5.84118842184e-09, 5.51586692987e-11],
        "dvar2": [6.88878062647e-05, 0.00281371921301, 0.000713619519956, 0.00085779116489, 0.000218517991016, 5.87701060795e-06, 1.52084612637e-05, 1.45622088894e-05, 1.87976675079e-05, 1.49487107137e-06, 5.59346631235e-07, 7.87286069226e-07, 2.76175143199e-07, 1.46830859649e-06, 1.42033044881e-07, 4.13069400906e-08, 3.50037900887e-08, 3.38574892567e-08, 1.25329551182e-08, 6.83937706469e-09, 4.88056839387e-09, 5.66584645867e-09, 4.03347888422e-09, 6.86408485606e-09, 6.42723074762e-09, 1.22356924592e-08, 1.2069056865e-10],
        "max": [0.0659854710102, 0.339273840189, 0.121317699552, 0.130053758621, 0.068391174078, 0.0176922250539, 0.0334377065301, 0.0359004102647, 0.0369817875326, 0.018104288727, 0.0127776451409, 0.00779477134347, 0.00732505042106, 0.0169297605753, 0.00414862949401, 0.00154782622121, 0.00177483563311, 0.0017470556777, 0.00090848171385, 0.000812128302641, 0.00070304638939, 0.000640133104753, 0.000691686407663, 0.000714350491762, 0.000848940340802, 0.00102640350815, 0.0001029803243],
        "mean": [0.00716939242557, 0.0315522514284, 0.00429391954094, 0.00296791666187, 0.00258531491272, 0.00140594423283, 0.00196191063151, 0.00166514818557, 0.0020761503838, 0.000448402017355, 0.000479892943986, 0.000333519448759, 0.000236322899582, 0.000314322882332, 0.000172234053025, 9.61838231888e-05, 8.46673865453e-05, 0.000167692371178, 4.49816434411e-05, 2.9740123864e-05, 3.35922923114e-05, 2.29198376474e-05, 2.57543761109e-05, 1.55021825776e-05, 1.66479676409e-05, 1.64962330018e-05, 1.59725345839e-06],
        "median": [2.24955726935e-07, 2.25487365242e-05, 0.000141729178722, 0.000579887069762, 0.000704378646333, 0.000643452978693, 0.000813158927485, 0.000523188151419, 0.000977021642029, 6.73909671605e-05, 7.14887355571e-05, 0.000103059741377, 5.74360856263e-05, 4.57795067632e-05, 3.01899144688e-05, 1.93177384062e-05, 2.34643030126e-05, 2.71296612482e-05, 2.19468965952e-05, 1.30882463054e-05, 9.43093982642e-06, 5.19823470313e-06, 6.70489043841e-06, 3.44546765518e-06, 2.08032452065e-06, 9.65109506978e-07, 4.15594278991e-08],
        "min": [5.05820136783e-24, 1.10213058689e-23, 1.01508302033e-23, 2.00536109835e-23, 9.08410566597e-23, 3.46568936204e-23, 4.82544890437e-23, 7.85926090218e-23, 6.6768341359e-23, 6.6471092259e-23, 5.0805983911e-23, 1.15964585173e-22, 6.95147763778e-23, 1.44816055755e-22, 1.49918395468e-22, 1.84547079422e-22, 1.7334505262e-22, 2.78885326869e-22, 1.48711627609e-22, 1.95834277959e-22, 4.52430535588e-22, 4.98552418061e-22, 7.85602366946e-22, 8.6304482939e-22, 1.36931702765e-21, 1.68870032769e-21, 2.47448172188e-21],
        "stdev": [0.0130182513967, 0.0607978440821, 0.0134128257632, 0.0127724697813, 0.00690322369337, 0.00199938053265, 0.00313138472848, 0.00324101280421, 0.00341823720373, 0.00126779393759, 0.00133094796911, 0.000710673688445, 0.000540906738024, 0.00083782186266, 0.000382625381462, 0.000184930380783, 0.000165989273228, 0.000300887069898, 8.37778716232e-05, 5.90079725953e-05, 7.08573352313e-05, 6.16300676484e-05, 6.71548914397e-05, 5.60625230719e-05, 7.02091056155e-05, 8.49812713568e-05, 8.22327729111e-06],
        "var": [0.000169474864379, 0.00369637785479, 0.000179903887329, 0.000163135977346, 4.76544992125e-05, 3.99752252633e-06, 9.80557069852e-06, 1.05041635834e-05, 1.16843448268e-05, 1.60730155585e-06, 1.77142248958e-06, 5.0505713034e-07, 2.92580125461e-07, 7.01945509718e-07, 1.46402186374e-07, 3.41992461017e-08, 2.75524385529e-08, 9.05330210799e-08, 7.01873226205e-09, 3.48194095778e-09, 5.02076202835e-09, 3.79826525787e-09, 4.50977921673e-09, 3.14300652171e-09, 4.92931828688e-09, 7.22181692225e-09, 6.76222966511e-11]
    },
    "erbbands": {
        "dmean": [0.570795416832, 3.49279928207, 5.15002059937, 10.953997612, 11.5689582825, 7.15342760086, 7.77313947678, 6.54805994034, 9.7678976059, 22.2458496094, 33.5903663635, 22.1820793152, 10.2205266953, 11.4974689484, 5.77307033539, 9.33657455444, 7.7919678688, 11.9185733795, 5.52285909653, 4.88917207718, 3.63081145287, 3.24582362175, 3.00298786163, 2.60238790512, 1.12975776196, 0.976532161236, 0.811456382275, 0.806177556515, 0.527060985565, 0.585658550262, 0.484816044569, 0.285868555307, 0.189487174153, 0.144445464015, 0.115361049771, 0.0796809867024, 0.0236822627485, 0.00506558828056, 0.000172830812517, 2.36855412368e-05],
        "dmean2": [0.841408550739, 4.93961954117, 8.69808673859, 20.2319965363, 21.8740825653, 12.5567321777, 12.8214969635, 10.8599462509, 15.9308824539, 35.2238540649, 50.6937026978, 33.4325561523, 14.3323745728, 14.8150262833, 8.43870925903, 14.5544271469, 10.9080171585, 18.2412452698, 8.14233016968, 7.37587451935, 5.42566490173, 4.80979824066, 4.51233053207, 4.01119804382, 1.68955886364, 1.46772766113, 1.13223397732, 1.2249904871, 0.781631410122, 0.815779805183, 0.696796238422, 0.441656112671, 0.286490797997, 0.189373001456, 0.148660644889, 0.109379276633, 0.0334492661059, 0.00743079464883, 0.000250749784755, 3.29852337018e-05],
        "dvar": [1.9270516634, 98.2710037231, 295.476898193, 1767.87426758, 2290.5, 500.624267578, 187.766143799, 154.341629028, 383.144348145, 2063.22338867, 4646.73876953, 2900.46557617, 647.250244141, 660.149536133, 110.300804138, 489.651885986, 278.511657715, 1874.15307617, 132.29498291, 143.963104248, 68.7545623779, 48.1467552185, 35.5494613647, 40.0933532715, 6.37043476105, 6.44794607162, 2.89031386375, 5.09522676468, 2.52145171165, 3.03151035309, 2.41051506996, 1.01244318485, 0.672577738762, 0.397339820862, 0.242090970278, 0.153365328908, 0.0122080296278, 0.000589427538216, 6.45833893032e-07, 2.31729546663e-09],
        "dvar2": [4.42100334167, 188.51411438, 773.067199707, 5073.86669922, 6651.82470703, 1404.38330078, 483.85760498, 382.612457275, 992.92388916, 5128.92529297, 10622.3125, 7249.42041016, 1372.47875977, 1006.15997314, 239.231063843, 1195.27856445, 545.676696777, 4674.1171875, 256.330413818, 330.536804199, 154.516372681, 108.877761841, 70.0881500244, 91.0361022949, 14.1467790604, 15.2497339249, 4.99960231781, 11.0933475494, 5.41934108734, 5.52730226517, 4.81082391739, 2.44646406174, 1.53141212463, 0.816240668297, 0.458131551743, 0.321792840958, 0.0251381155103, 0.00124991324265, 1.37322490446e-06, 3.78028808257e-09],
        "max": [12.2963523865, 80.6114959717, 129.414321899, 315.992797852, 358.724700928, 190.048538208, 153.012329102, 99.2156143188, 231.497390747, 639.947387695, 779.139282227, 975.984008789, 479.521728516, 540.539245605, 121.330596924, 357.783050537, 349.133239746, 1001.5491333, 144.120483398, 216.254302979, 93.2900314331, 105.119857788, 103.468635559, 91.4187164307, 32.2790565491, 38.2736434937, 27.6006793976, 24.5565776825, 22.488067627, 24.2751369476, 20.8341789246, 13.2699146271, 11.2824029922, 9.61522197723, 6.75950956345, 5.09224271774, 1.512768507, 0.32043120265, 0.00985515583307, 0.000438184913946],
        "mean": [1.46887898445, 4.84390974045, 5.5060338974, 8.19704627991, 8.44160366058, 9.35877227783, 12.0729351044, 9.8270816803, 15.6616363525, 39.5482711792, 55.7218055725, 35.6773910522, 16.3518009186, 22.4616451263, 9.98846626282, 12.5372905731, 12.0598526001, 16.6509571075, 9.39169120789, 7.99723863602, 5.67739200592, 6.09864997864, 7.90472602844, 4.59101295471, 1.75105059147, 1.47168660164, 1.42889904976, 1.12238121033, 0.773268222809, 0.888696610928, 0.723319411278, 0.36625418067, 0.234499543905, 0.160607933998, 0.137425348163, 0.0826712101698, 0.0260955262929, 0.00543731823564, 0.000204718278837, 6.80010925862e-05],
        "median": [0.000308499671519, 0.00886221509427, 0.162508800626, 1.26350927353, 1.67224729061, 2.55877137184, 5.85928344727, 4.60377216339, 7.46093940735, 17.5313434601, 24.3138637543, 16.8460998535, 3.62487268448, 3.71665596962, 3.20187330246, 4.28458499908, 3.61082911491, 3.00992751122, 1.8419444561, 1.48896801472, 1.34645342827, 1.82065975666, 1.63630115986, 1.33986759186, 0.930527985096, 0.636524617672, 0.566567182541, 0.295688658953, 0.171565026045, 0.220505967736, 0.173832923174, 0.0979434847832, 0.0402544103563, 0.0205670762807, 0.0147964153439, 0.00604507979006, 0.001603584853, 0.000225728261285, 2.47696098086e-05, 1.90145601664e-05],
        "min": [4.47752502068e-22, 2.06983348845e-21, 7.68656291745e-21, 3.59358277366e-20, 1.44236594935e-19, 2.91527761077e-19, 4.10785026627e-19, 3.60778934219e-19, 5.67249082924e-19, 1.14703346765e-18, 1.66867527541e-18, 1.64783900937e-18, 1.67549506937e-18, 2.13917364328e-18, 3.73853252753e-18, 3.63823398313e-18, 3.02714313866e-18, 5.69313963548e-18, 1.22369079723e-17, 4.96120638892e-18, 1.05720308001e-17, 1.00046535559e-17, 1.44921116877e-17, 1.0650813136e-17, 7.32418967015e-18, 1.02936398562e-17, 1.4104890245e-17, 1.95434671149e-17, 1.53017130579e-17, 2.50759140951e-17, 1.97645592578e-17, 1.78091291051e-17, 1.4872841417e-17, 1.5847779648e-17, 9.56777232509e-18, 6.35620016987e-18, 3.18625050231e-18, 1.23182434012e-18, 3.53338677253e-19, 3.56580146042e-20],
        "stdev": [2.42109131813, 12.7461013794, 15.8770875931, 31.947511673, 35.8970565796, 19.5558567047, 17.1305503845, 13.5583486557, 23.9488735199, 62.2721176147, 88.3519210815, 60.8950386047, 37.0246238708, 58.8868713379, 17.2346057892, 25.4953460693, 25.1829509735, 46.3481788635, 18.4998607635, 17.0054473877, 10.7904872894, 9.83386898041, 13.6258535385, 7.96353673935, 2.93169164658, 2.83641433716, 2.60719490051, 2.82490730286, 1.95594191551, 2.32191228867, 2.01065969467, 1.12091457844, 0.913387000561, 0.712646245956, 0.585783362389, 0.427896142006, 0.126797020435, 0.0274783652276, 0.000915847835131, 8.79053259268e-05],
        "var": [5.86168289185, 162.463088989, 252.08190918, 1020.64355469, 1288.59863281, 382.431518555, 293.455749512, 183.828826904, 573.548522949, 3877.81640625, 7806.06201172, 3708.20581055, 1370.82263184, 3467.66357422, 297.031646729, 650.012634277, 634.181030273, 2148.15380859, 342.244842529, 289.185241699, 116.434608459, 96.7049865723, 185.663894653, 63.4179191589, 8.59481525421, 8.04524612427, 6.79746580124, 7.98010158539, 3.82570886612, 5.3912768364, 4.04275226593, 1.25644958019, 0.834275841713, 0.507864713669, 0.34314212203, 0.183095112443, 0.0160774830729, 0.000755060580559, 8.38777282297e-07, 7.72734587429e-09]
    },
    "gfcc": {
        "mean": [-65.4560623169, 119.279037476, -115.331268311, 6.62559080124, -68.0991210938, -4.82249879837, -37.3227767944, 5.15615129471, -17.2896900177, -0.15304236114, -13.6300344467, -6.24705600739, -17.0435905457],
        "cov": [[6406.92626953, 91.6413421631, 966.977478027, 1023.47357178, 718.965698242, 879.209777832, 445.489257812, 467.168151855, 412.512817383, 325.334289551, 70.8654556274, 184.197280884, -0.662018299103], [91.6413421631, 1777.56347656, 455.665527344, 352.861358643, 512.151489258, 190.144439697, 459.209747314, -19.5030422211, 427.245758057, 6.81255578995, 303.005126953, -188.097869873, 187.458053589], [966.977478027, 455.665527344, 1553.04821777, 911.756469727, 456.605743408, 564.865661621, 539.66027832, 207.6512146, 321.624237061, 238.488922119, 130.926712036, 114.566589355, 67.0199813843], [1023.47357178, 352.861358643, 911.756469727, 1026.63549805, 379.161224365, 296.824493408, 327.77947998, 215.601303101, 314.38067627, 103.092300415, 113.377197266, 83.9250030518, 77.5199737549], [718.965698242, 512.151489258, 456.605743408, 379.161224365, 563.406738281, 337.274230957, 347.427062988, 151.87840271, 311.030548096, 142.671218872, 164.245788574, 63.9998130798, 141.060699463], [879.209777832, 190.144439697, 564.865661621, 296.824493408, 337.274230957, 581.449279785, 402.9324646, 104.428863525, 242.518386841, 209.801589966, 96.7363815308, 43.1038627625, 87.3843231201], [445.489257812, 459.209747314, 539.66027832, 327.77947998, 347.427062988, 402.9324646, 568.254455566, 99.0729370117, 260.278320312, 146.116546631, 148.122894287, 69.1157531738, 125.036598206], [467.168151855, -19.5030422211, 207.6512146, 215.601303101, 151.87840271, 104.428863525, 99.0729370117, 203.34614563, 120.883056641, 51.0946311951, 15.6024131775, 64.1185302734, 10.7755060196], [412.512817383, 427.245758057, 321.624237061, 314.38067627, 311.030548096, 242.518386841, 260.278320312, 120.883056641, 362.966949463, 121.064674377, 121.360572815, -3.7970802784, 100.278594971], [325.334289551, 6.81255578995, 238.488922119, 103.092300415, 142.671218872, 209.801589966, 146.116546631, 51.0946311951, 121.064674377, 211.12550354, 78.6969223022, 12.4265298843, 50.8836212158], [70.8654556274, 303.005126953, 130.926712036, 113.377197266, 164.245788574, 96.7363815308, 148.122894287, 15.6024131775, 121.360572815, 78.6969223022, 187.755340576, 14.1707439423, 87.3962936401], [184.197280884, -188.097869873, 114.566589355, 83.9250030518, 63.9998130798, 43.1038627625, 69.1157531738, 64.1185302734, -3.7970802784, 12.4265298843, 14.1707439423, 183.849319458, 23.6093845367], [-0.662018299103, 187.458053589, 67.0199813843, 77.5199737549, 141.060699463, 87.3843231201, 125.036598206, 10.7755060196, 100.278594971, 50.8836212158, 87.3962936401, 23.6093845367, 153.208740234]],
        "icov": [[0.000265978713287, -0.000127354622236, 0.000202745883144, -0.000287625036435, -0.000105973798782, -0.000512078113388, 0.00022513170552, -0.000324126362102, 0.000234710227232, -0.000250053126365, 0.000169053426362, -0.000237838408793, 0.000312158605084], [-0.000127354622236, 0.00252551981248, -0.000902190164197, 0.000637226738036, -0.00160379265435, 0.00146283919457, -0.00143323943485, 0.00136492855381, -0.00164501043037, 0.0028125194367, -0.00232097296976, 0.00325914355926, -0.000338085548719], [0.000202745883144, -0.000902190164197, 0.00247479346581, -0.0019111110596, 0.000322055188008, -0.00148984091356, -0.000163576129125, -0.000364318781067, 0.00121577875689, -0.00197058706544, 0.00105140847154, -0.00144487782381, 0.00118310027756], [-0.000287625036435, 0.000637226738036, -0.0019111110596, 0.00312677538022, -0.000405610888265, 0.00116555823479, -0.000168186044903, -0.000464510492748, -0.00167724175844, 0.00184896588326, -0.000955008319579, 0.000806424475741, -0.000744182558265], [-0.000105973798782, -0.00160379265435, 0.000322055188008, -0.000405610888265, 0.00613746698946, -0.00176167569589, 0.000530692341272, -0.00204663909972, -0.000898305966984, -0.00115598505363, -0.000115858092613, -0.00250012334436, -0.00148574379273], [-0.000512078113388, 0.00146283919457, -0.00148984091356, 0.00116555823479, -0.00176167569589, 0.00675247982144, -0.00324273505248, 0.00153535697609, -0.00159399851691, -0.000944222905673, 0.000146963880979, 0.00220189173706, -0.000487219396746], [0.00022513170552, -0.00143323943485, -0.000163576129125, -0.000168186044903, 0.000530692341272, -0.00324273505248, 0.00578719889745, -0.000758154608775, -9.17387515074e-05, -0.000606282264926, -2.27936114428e-09, -0.00271769007668, -0.000717343762517], [-0.000324126362102, 0.00136492855381, -0.000364318781067, -0.000464510492748, -0.00204663909972, 0.00153535697609, -0.000758154608775, 0.00974650867283, -0.00323726260103, 0.000480311457068, 0.000517714885063, -0.000929639150854, 0.00147212098818], [0.000234710227232, -0.00164501043037, 0.00121577875689, -0.00167724175844, -0.000898305966984, -0.00159399851691, -9.17387515074e-05, -0.00323726260103, 0.00878207106143, -0.00290047004819, 0.000559360545594, 0.000375837727915, -0.000792399805505], [-0.000250053126365, 0.0028125194367, -0.00197058706544, 0.00184896588326, -0.00115598505363, -0.000944222905673, -0.000606282264926, 0.000480311457068, -0.00290047004819, 0.0120210479945, -0.00514453742653, 0.0038754963316, -0.00120851967949], [0.000169053426362, -0.00232097296976, 0.00105140847154, -0.000955008319579, -0.000115858092613, 0.000146963880979, -2.27936114428e-09, 0.000517714885063, 0.000559360545594, -0.00514453742653, 0.0118305990472, -0.00322612794116, -0.00205873814411], [-0.000237838408793, 0.00325914355926, -0.00144487782381, 0.000806424475741, -0.00250012334436, 0.00220189173706, -0.00271769007668, -0.000929639150854, 0.000375837727915, 0.0038754963316, -0.00322612794116, 0.0114823840559, -0.00189760874491], [0.000312158605084, -0.000338085548719, 0.00118310027756, -0.000744182558265, -0.00148574379273, -0.000487219396746, -0.000717343762517, 0.00147212098818, -0.000792399805505, -0.00120851967949, -0.00205873814411, -0.00189760874491, 0.0113156074658]]
    },
    "melbands": {
        "dmean": [0.0045238728635, 0.00302727753296, 0.00190266792197, 0.000639580131974, 0.000259081280092, 0.000148479433847, 0.000179365670192, 0.000232264443184, 0.000305331195705, 0.000124585305457, 5.1502174756e-05, 4.70538834634e-05, 2.48528795055e-05, 2.21533355216e-05, 2.74780431937e-05, 1.68793667399e-05, 2.42063069891e-05, 9.42621954891e-06, 9.34446325118e-06, 4.63691912955e-06, 4.3407967496e-06, 3.65682899428e-06, 3.13984855893e-06, 3.09571760226e-06, 2.13372095459e-06, 1.01393675322e-06, 6.76066463257e-07, 6.80238656514e-07, 5.15855447247e-07, 5.50418008061e-07, 4.60289243165e-07, 2.76883156403e-07, 3.96170122485e-07, 3.17543054962e-07, 3.18865858162e-07, 1.980239972e-07, 1.80162246011e-07, 1.38255714432e-07, 1.32504993644e-07, 1.19434304224e-07],
        "dmean2": [0.0063020111993, 0.00426249904558, 0.00350933265872, 0.00116688816343, 0.000426580139901, 0.000244201772148, 0.000293049553875, 0.000367465923773, 0.000462462427095, 0.000186558419955, 7.34287095838e-05, 6.25624525128e-05, 3.51422349922e-05, 3.47981185769e-05, 4.16541261075e-05, 2.38348038692e-05, 3.76604839403e-05, 1.40177062349e-05, 1.44050054587e-05, 7.11566826794e-06, 6.60596970192e-06, 5.51476978217e-06, 4.75439719594e-06, 4.63588958155e-06, 3.30511443281e-06, 1.52080724547e-06, 1.04377227217e-06, 1.02778710698e-06, 7.37879190638e-07, 7.81446885867e-07, 7.24240635464e-07, 4.39648147221e-07, 5.93316940467e-07, 4.46423626954e-07, 4.73248832122e-07, 2.79411210613e-07, 2.86359096435e-07, 2.16268801978e-07, 1.80676039463e-07, 1.60199604693e-07],
        "dvar": [0.000124064798001, 7.28227969375e-05, 5.4000687669e-05, 5.91593743593e-06, 2.26162370609e-07, 7.15545525054e-08, 1.32341384074e-07, 2.09044799249e-07, 3.70544995576e-07, 8.80165842432e-08, 1.88316580108e-08, 1.16056604327e-08, 2.19786056022e-09, 4.15593248704e-09, 3.26928017991e-09, 1.94959981492e-09, 7.94544874338e-09, 4.71077288289e-10, 5.08546760258e-10, 1.00052834073e-10, 1.06154932067e-10, 6.44999817445e-11, 3.07727524018e-11, 4.65539412575e-11, 3.02078986825e-11, 5.14435802984e-12, 3.06868939981e-12, 2.89688672356e-12, 1.16754143246e-12, 1.92827611517e-12, 1.76340886338e-12, 7.02780986617e-13, 1.93033284669e-12, 7.37034294273e-13, 1.05011528986e-12, 4.42276749078e-13, 4.21947877029e-13, 3.10391171316e-13, 4.04983419846e-13, 2.49541625428e-13],
        "dvar2": [0.000231923753745, 0.000160449417308, 0.000154978159117, 1.70720813912e-05, 5.94328980696e-07, 1.75318703555e-07, 3.39356631684e-07, 4.95489189234e-07, 8.60493742039e-07, 2.17676344505e-07, 4.00762161235e-08, 1.87120914319e-08, 3.99515265315e-09, 9.95136328896e-09, 8.03571520436e-09, 3.85533827085e-09, 2.00237995074e-08, 9.23249587892e-10, 1.14958598196e-09, 2.20335527601e-10, 2.44439885e-10, 1.45662717999e-10, 6.87377585407e-11, 9.64025317907e-11, 6.9887436116e-11, 1.09651133659e-11, 7.60992050625e-12, 6.81260169805e-12, 2.1240233964e-12, 3.73815475102e-12, 4.03433579946e-12, 1.66761450569e-12, 4.53285325941e-12, 1.17359171426e-12, 2.1620903852e-12, 8.68980343412e-13, 1.11612346969e-12, 7.6398728923e-13, 8.27011473626e-13, 5.12843511147e-13],
        "max": [0.096354290843, 0.0605921968818, 0.053866930306, 0.0186642073095, 0.00399683136493, 0.00208060746081, 0.00390665745363, 0.00619571143761, 0.00690711429343, 0.00535218045115, 0.0026087006554, 0.0020239839796, 0.000879465369508, 0.000982088269666, 0.000722971162759, 0.000977135146968, 0.00203410862014, 0.00029286116478, 0.000410851323977, 0.000142684279126, 0.000106108971522, 0.000121957120427, 7.31288528186e-05, 0.000133401626954, 8.38916239445e-05, 2.78060160781e-05, 2.5998799174e-05, 2.4176970328e-05, 2.34784674831e-05, 2.350577779e-05, 1.49474562932e-05, 1.25879741972e-05, 1.89846305148e-05, 1.52427510329e-05, 1.53418004629e-05, 1.0406810361e-05, 7.66643552197e-06, 7.44184535506e-06, 9.07306821318e-06, 7.37994150768e-06],
        "mean": [0.0110204908997, 0.00392382591963, 0.00142830319237, 0.000595520134084, 0.000425685342634, 0.000229898520047, 0.00029025261756, 0.000408433523262, 0.000510408892296, 0.000198707173695, 7.68630561652e-05, 8.8223903731e-05, 4.44628421974e-05, 2.87934835796e-05, 3.6661294871e-05, 2.41781017394e-05, 3.22776431858e-05, 1.48827093653e-05, 1.42848430187e-05, 7.03849082129e-06, 6.10022698311e-06, 5.76861657464e-06, 7.72505063651e-06, 7.1296835813e-06, 3.29936324306e-06, 1.48765752783e-06, 9.22056983654e-07, 9.71128997662e-07, 9.07011212803e-07, 8.13568817648e-07, 5.79022241709e-07, 4.01978866194e-07, 4.83888413783e-07, 4.98353301737e-07, 4.6348492333e-07, 2.66148390438e-07, 2.13247687952e-07, 1.65403875485e-07, 1.45520473893e-07, 1.29808086058e-07],
        "median": [4.39952236775e-06, 7.80388436397e-05, 0.000240490873693, 0.00014373594604, 0.000222696398851, 0.000109545399027, 0.000130251399241, 0.000168888363987, 0.000231331185205, 8.90662922757e-05, 1.26798859128e-05, 1.35106092785e-05, 1.07955575004e-05, 6.43210159978e-06, 1.31342685563e-05, 4.1532580326e-06, 4.84865449835e-06, 2.52649169852e-06, 2.51542110163e-06, 1.31907063405e-06, 1.16776539016e-06, 1.55547138547e-06, 1.41891257499e-06, 1.15314787763e-06, 9.97284246296e-07, 6.89613273153e-07, 4.11623659602e-07, 3.60320797199e-07, 3.49213934214e-07, 2.12250469644e-07, 1.29470691945e-07, 8.80689654537e-08, 9.9009504595e-08, 1.25700324816e-07, 1.06116999632e-07, 6.54549197066e-08, 5.47643672633e-08, 2.87784249764e-08, 1.64014348769e-08, 1.57380011245e-08],
        "min": [3.61019668919e-24, 3.71810694457e-24, 1.0318177578e-23, 1.44380620312e-23, 1.66069593595e-23, 8.02886852116e-24, 8.20743507566e-24, 1.35069332172e-23, 1.2855359353e-23, 1.01651243629e-23, 8.82105368623e-24, 8.81812464569e-24, 1.06238154248e-23, 1.17728236766e-23, 7.95355281509e-24, 8.73832426538e-24, 9.47615770295e-24, 2.20819522311e-23, 6.3138044494e-24, 9.12961426273e-24, 1.33462233181e-23, 8.68220864489e-24, 1.72792676437e-23, 9.62249850062e-24, 8.76794757009e-24, 4.6046552567e-24, 7.03795115026e-24, 6.28475937973e-24, 6.68053720676e-24, 1.24036978306e-23, 1.06682708923e-23, 8.03427064064e-24, 9.72750456457e-24, 1.62822026797e-23, 1.00796867825e-23, 1.32862872443e-23, 9.44754098475e-24, 9.63326092995e-24, 1.14087217703e-23, 1.43873887621e-23],
        "stdev": [0.0189397837967, 0.0100700967014, 0.00558539526537, 0.00187651149463, 0.000551771721803, 0.000308099057293, 0.000451985746622, 0.000638914934825, 0.000797843153123, 0.000341219711117, 0.000193136424059, 0.000230680976529, 9.45047431742e-05, 8.11972859083e-05, 6.97398500051e-05, 6.4521067543e-05, 9.41859689192e-05, 3.34631367878e-05, 3.26918598148e-05, 1.39820394907e-05, 1.26151517179e-05, 1.1187432392e-05, 1.37207789521e-05, 1.32968625621e-05, 6.53012648399e-06, 2.69442625722e-06, 1.82929420589e-06, 1.95434427042e-06, 1.6352730654e-06, 1.95742632059e-06, 1.59190085469e-06, 9.87547196019e-07, 1.48301148784e-06, 1.26204849948e-06, 1.32361617489e-06, 8.08245602002e-07, 6.80136736264e-07, 6.02553882345e-07, 7.14778707334e-07, 5.60059390864e-07],
        "var": [0.000358715420589, 0.000101406840258, 3.11966396112e-05, 3.5212954117e-06, 3.04452015598e-07, 9.49250207327e-08, 2.04291126238e-07, 4.08212315506e-07, 6.36553693312e-07, 1.16430896924e-07, 3.73016781907e-08, 5.32137143239e-08, 8.93114648903e-09, 6.5929990356e-09, 4.86364681862e-09, 4.1629677483e-09, 8.87099638192e-09, 1.11978160078e-09, 1.06875763795e-09, 1.95497437683e-10, 1.59142060641e-10, 1.25158647335e-10, 1.88259782763e-10, 1.76806555507e-10, 4.26425526834e-11, 7.25993267239e-12, 3.34631736383e-12, 3.81946167402e-12, 2.67411787158e-12, 3.8315175685e-12, 2.53414823848e-12, 9.7524950355e-13, 2.19932318885e-12, 1.59276628345e-12, 1.75195979685e-12, 6.53260973961e-13, 4.62585969963e-13, 3.63071172519e-13, 5.1090858974e-13, 3.13666518974e-13]
    },
    "melbands128": {
