{
"lowlevel": {
    "average_loudness": 0.926965475082,
    "barkbands_crest": {
        "dmean": 2.5098927021,
        "dmean2": 3.8826584816,
        "dvar": 6.95950603485,
        "dvar2": 17.3577804565,
        "max": 25.2824440002,
        "mean": 11.2534389496,
        "median": 10.2247476578,
        "min": 2.94188809395,
        "stdev": 4.69945192337,
        "var": 22.0848464966
    },
    "barkbands_flatness_db": {
        "dmean": 0.0236786045134,
        "dmean2": 0.0334176681936,
        "dvar": 0.00066662376048,
        "dvar2": 0.00136688305065,
        "max": 0.391459017992,
        "mean": 0.172138467431,
        "median": 0.161580190063,
        "min": 0.0291923973709,
        "stdev": 0.073684759438,
        "var": 0.00542944343761
    },
    "barkbands_kurtosis": {
        "dmean": 2.51216745377,
        "dmean2": 3.7639195919,
        "dvar": 19.3917484283,
        "dvar2": 41.2401885986,
        "max": 71.9974136353,
        "mean": 3.16230654716,
        "median": 0.950205564499,
        "min": -1.93921494484,
        "stdev": 6.20367765427,
        "var": 38.4856147766
    },
    "barkbands_skewness": {
        "dmean": 0.541546165943,
        "dmean2": 0.766318023205,
        "dvar": 0.427693098783,
        "dvar2": 0.888626098633,
        "max": 7.49217557907,
        "mean": 1.22622394562,
        "median": 1.08373832703,
        "min": -2.24988436699,
        "stdev": 1.2301377058,
        "var": 1.51323878765
    },
    "barkbands_spread": {
        "dmean": 5.25151920319,
        "dmean2": 7.81172704697,
        "dvar": 54.1423912048,
        "dvar2": 116.18396759,
        "max": 90.2183685303,
        "mean": 19.882730484,
        "median": 16.8043518066,
        "min": 1.38455569744,
        "stdev": 13.3957920074,
        "var": 179.447235107
    },
    "dissonance": {
        "dmean": 0.0272214636207,
        "dmean2": 0.0454869754612,
        "dvar": 0.000866508344188,
        "dvar2": 0.00224505621009,
        "max": 0.500000059605,
        "mean": 0.444518983364,
        "median": 0.460525870323,
        "min": 0.211575984955,
        "stdev": 0.0491442196071,
        "var": 0.0024151543621
    },
    "dynamic_complexity": 2.28164100647,
    "erbbands_crest": {
        "dmean": 2.97859549522,
        "dmean2": 4.56885957718,
        "dvar": 8.55470752716,
        "dvar2": 19.3416252136,
        "max": 29.0672130585,
        "mean": 11.055390358,
        "median": 10.3418149948,
        "min": 2.5851624012,
        "stdev": 5.0592751503,
        "var": 25.5962657928
    },
    "erbbands_flatness_db": {
        "dmean": 0.0221716742963,
        "dmean2": 0.0304525755346,
        "dvar": 0.000590250769164,
        "dvar2": 0.0010084186215,
        "max": 0.41612803936,
        "mean": 0.200486451387,
        "median": 0.190328836441,
        "min": 0.0644025579095,
        "stdev": 0.0735618472099,
        "var": 0.00541134504601
    },
    "erbbands_kurtosis": {
        "dmean": 1.09260523319,
        "dmean2": 1.66836225986,
        "dvar": 2.26464509964,
        "dvar2": 5.43693780899,
        "max": 16.6826667786,
        "mean": 0.871426999569,
        "median": 0.185821294785,
        "min": -1.90092110634,
        "stdev": 2.24087023735,
        "var": 5.02149963379
    },
    "erbbands_skewness": {
        "dmean": 0.428599059582,
        "dmean2": 0.637045204639,
        "dvar": 0.208612516522,
        "dvar2": 0.479698181152,
        "max": 3.68395471573,
        "mean": 0.321550071239,
        "median": 0.280424118042,
        "min": -2.12498259544,
        "stdev": 0.844600200653,
        "var": 0.71334952116
    },
    "erbbands_spread": {
        "dmean": 7.17782211304,
        "dmean2": 10.6789197922,
        "dvar": 112.657142639,
        "dvar2": 233.77166748,
        "max": 145.632141113,
        "mean": 29.7545318604,
        "median": 25.7548179626,
        "min": 4.16797494888,
        "stdev": 18.3609657288,
        "var": 337.125061035
    },
    "hfc": {
        "dmean": 6.00788021088,
        "dmean2": 8.57316017151,
        "dvar": 74.9175643921,
        "dvar2": 140.289352417,
        "max": 104.406150818,
        "mean": 21.1262588501,
        "median": 17.023563385,
        "min": 9.83613717835e-05,
        "stdev": 16.754983902,
        "var": 280.729492188
    },
    "loudness_ebu128": {
        "integrated": -9.56366157532,
        "loudness_range": 4.41611814499,
        "momentary": {
            "dmean": 0.768845200539,
            "dmean2": 1.0623652935,
            "dvar": 0.416518300772,
            "dvar2": 0.732865214348,
            "max": -6.14613819122,
            "mean": -10.1545028687,
            "median": -9.82753181458,
            "min": -17.2035942078,
            "stdev": 2.37577080727,
            "var": 5.64428663254
        },
        "short_term": {
            "dmean": 0.0970902591944,
            "dmean2": 0.121126562357,
            "dvar": 0.00711961742491,
            "dvar2": 0.00921282730997,
            "max": -7.19609594345,
            "mean": -9.92913532257,
            "median": -10.7470664978,
            "min": -12.4220151901,
            "stdev": 1.79322516918,
            "var": 3.21565651894
        }
    },
    "melbands_crest": {
        "dmean": 3.04912924767,
        "dmean2": 4.6946644783,
        "dvar": 9.92932415009,
        "dvar2": 24.111913681,
        "max": 33.0111312866,
        "mean": 15.1144762039,
        "median": 14.1076889038,
        "min": 4.32063627243,
        "stdev": 6.01506996155,
        "var": 36.1810684204
    },
    "melbands_flatness_db": {
        "dmean": 0.0263326093554,
        "dmean2": 0.0376404486597,
        "dvar": 0.000877858779859,
        "dvar2": 0.00192850711755,
        "max": 0.451363235712,
        "mean": 0.224950656295,
        "median": 0.225875198841,
        "min": 0.0373556762934,
        "stdev": 0.0637116208673,
        "var": 0.00405917037278
    },
    "melbands_kurtosis": {
        "dmean": 5.58099079132,
        "dmean2": 8.45134925842,
        "dvar": 159.869689941,
        "dvar2": 389.07244873,
        "max": 211.877182007,
        "mean": 9.23180675507,
        "median": 4.14660835266,
        "min": -1.81420600414,
        "stdev": 15.082195282,
        "var": 227.472610474
    },
    "melbands_skewness": {
        "dmean": 0.688412427902,
        "dmean2": 0.982689857483,
        "dvar": 0.869484901428,
        "dvar2": 1.92024350166,
        "max": 13.0501279831,
        "mean": 2.0942800045,
        "median": 1.72616624832,
        "min": -1.3803961277,
        "stdev": 1.63912415504,
        "var": 2.68672800064
    },
    "melbands_spread": {
        "dmean": 7.07647514343,
        "dmean2": 10.0195350647,
        "dvar": 122.653503418,
        "dvar2": 238.624664307,
        "max": 187.019729614,
        "mean": 24.3007774353,
        "median": 20.2997875214,
        "min": 1.57761919498,
        "stdev": 19.1272354126,
        "var": 365.851135254
    },
    "pitch_salience": {
        "dmean": 0.0707816779613,
        "dmean2": 0.109095267951,
        "dvar": 0.00541908247396,
        "dvar2": 0.0122858174145,
        "max": 0.904562830925,
        "mean": 0.520808815956,
        "median": 0.519933640957,
        "min": 0.134822979569,
        "stdev": 0.127774581313,
        "var": 0.0163263455033
    },
    "silence_rate_20dB": {
        "dmean": 0,
        "dmean2": 0,
        "dvar": 0,
        "dvar2": 0,
        "max": 1,
        "mean": 1,
        "median": 1,
        "min": 1,
        "stdev": 0,
        "var": 0
    },
    "silence_rate_30dB": {
        "dmean": 0.0263157896698,
        "dmean2": 0.0526723451912,
        "dvar": 0.0256232246757,
        "dvar2": 0.0638406053185,
        "max": 1,
        "mean": 0.969064176083,
        "median": 1,
        "min": 0,
        "stdev": 0.17314428091,
        "var": 0.0299789439887
    },
    "silence_rate_60dB": {
        "dmean": 0.0286377705634,
        "dmean2": 0.0573199056089,
        "dvar": 0.0278176851571,
        "dvar2": 0.0586832091212,
        "max": 1,
        "mean": 0.047950502485,
        "median": 0,
        "min": 0,
        "stdev": 0.21366289258,
        "var": 0.0456518307328
    },
    "spectral_centroid": {
        "dmean": 247.060150146,
        "dmean2": 353.4296875,
        "dvar": 90436.7421875,
        "dvar2": 193879.09375,
        "max": 4434.70019531,
        "mean": 1379.11791992,
        "median": 1291.70751953,
        "min": 317.283599854,
        "stdev": 602.292419434,
        "var": 362756.125
    },
    "spectral_complexity": {
        "dmean": 2.94195055962,
        "dmean2": 4.404337883,
        "dvar": 15.3534402847,
        "dvar2": 28.5089569092,
        "max": 54,
        "mean": 15.8383607864,
        "median": 15,
        "min": 0,
        "stdev": 9.3946313858,
        "var": 88.2591018677
    },
    "spectral_decrease": {
        "dmean": 2.38226149918e-09,
        "dmean2": 3.28865179533e-09,
        "dvar": 1.79024350782e-17,
        "dvar2": 3.70854979458e-17,
        "max": -2.28714650571e-15,
        "mean": -7.50019779616e-09,
        "median": -5.06066610839e-09,
        "min": -5.60497817048e-08,
        "stdev": 7.47121742251e-09,
        "var": 5.58190940297e-17
    },
    "spectral_energy": {
        "dmean": 0.00938480440527,
        "dmean2": 0.0129577005282,
        "dvar": 0.000267495430307,
        "dvar2": 0.000550103548449,
        "max": 0.215989381075,
        "mean": 0.0302237197757,
        "median": 0.0208579413593,
        "min": 1.75539405234e-08,
        "stdev": 0.0291078165174,
        "var": 0.000847264949698
    },
    "spectral_energyband_high": {
        "dmean": 0.000349429872585,
        "dmean2": 0.000515319523402,
        "dvar": 5.93594052134e-07,
        "dvar2": 1.25311498778e-06,
        "max": 0.00852955691516,
        "mean": 0.000632020295598,
        "median": 0.00021308590658,
        "min": 1.19762351147e-08,
        "stdev": 0.00120472186245,
        "var": 1.45135481944e-06
    },
    "spectral_energyband_low": {
        "dmean": 0.00591089157388,
        "dmean2": 0.00845277123153,
        "dvar": 0.00022621928656,
        "dvar2": 0.000511668622494,
        "max": 0.181631162763,
        "mean": 0.0126966033131,
        "median": 0.00315764942206,
        "min": 2.04821604122e-10,
        "stdev": 0.0230598431081,
        "var": 0.000531756377313
    },
    "spectral_energyband_middle_high": {
        "dmean": 0.00233111414127,
        "dmean2": 0.00334382778965,
        "dvar": 8.73116732691e-06,
        "dvar2": 1.80980459845e-05,
        "max": 0.0369652099907,
        "mean": 0.00777293089777,
        "median": 0.00661960942671,
        "min": 9.86786430346e-10,
        "stdev": 0.00659444835037,
        "var": 4.34867506556e-05
    },
    "spectral_energyband_middle_low": {
        "dmean": 0.00454449094832,
        "dmean2": 0.00667269388214,
        "dvar": 6.06014655204e-05,
        "dvar2": 0.000146378573845,
        "max": 0.0793700516224,
        "mean": 0.010385687463,
        "median": 0.00743107730523,
        "min": 4.42971215264e-09,
        "stdev": 0.010389062576,
        "var": 0.000107932624815
    },
    "spectral_entropy": {
        "dmean": 0.219603732228,
        "dmean2": 0.304090440273,
        "dvar": 0.0652801319957,
        "dvar2": 0.116529785097,
        "max": 8.76301574707,
        "mean": 7.1436920166,
        "median": 7.21959495544,
        "min": 5.20031452179,
        "stdev": 0.682035207748,
        "var": 0.465172022581
    },
    "spectral_flux": {
        "dmean": 0.0281908046454,
        "dmean2": 0.042692258954,
        "dvar": 0.00113639084157,
        "dvar2": 0.00218836497515,
        "max": 0.456892192364,
        "mean": 0.0790238156915,
        "median": 0.0669614598155,
        "min": 0.000132491288241,
        "stdev": 0.055046543479,
        "var": 0.00303012179211
    },
    "spectral_kurtosis": {
        "dmean": 2.5482916832,
        "dmean2": 4.18572425842,
        "dvar": 12.6390533447,
        "dvar2": 34.9897651672,
        "max": 63.1094055176,
        "mean": 6.52363920212,
        "median": 5.70312404633,
        "min": -1.32075476646,
        "stdev": 4.80230712891,
        "var": 23.0621547699
    },
    "spectral_rms": {
        "dmean": 0.00079669826664,
        "dmean2": 0.00105905474629,
        "dvar": 1.09856534891e-06,
        "dvar2": 1.95166785488e-06,
        "max": 0.0145162446424,
        "mean": 0.00492601422593,
        "median": 0.00451100990176,
        "min": 4.13833231505e-06,
        "stdev": 0.00228493451141,
        "var": 5.2209252317e-06
    },
    "spectral_rolloff": {
        "dmean": 465.513641357,
        "dmean2": 774.645629883,
        "dvar": 1027391.1875,
        "dvar2": 2266652.5,
        "max": 10680.46875,
        "mean": 1511.02050781,
        "median": 1356.59179688,
        "min": 64.599609375,
        "stdev": 1341.24560547,
        "var": 1798939.75
    },
    "spectral_skewness": {
        "dmean": 0.289506077766,
        "dmean2": 0.466673344374,
        "dvar": 0.0983923003078,
        "dvar2": 0.242771074176,
        "max": 5.51904726028,
        "mean": 1.81329751015,
        "median": 1.77294909954,
        "min": -0.0184943042696,
        "stdev": 0.557935535908,
        "var": 0.311292052269
    },
    "spectral_spread": {
        "dmean": 698143.25,
        "dmean2": 971443.375,
        "dvar": 1.04111321907e+12,
        "dvar2": 1.72206063616e+12,
        "max": 19606248,
        "mean": 4033519.25,
        "median": 3548966,
        "min": 1070079.75,
        "stdev": 1718924.75,
        "var": 2.95470235648e+12
    },
    "spectral_strongpeak": {
        "dmean": 0.76287740469,
        "dmean2": 1.24487912655,
        "dvar": 1.39190089703,
        "dvar2": 3.22065091133,
        "max": 13.3785476685,
        "mean": 1.49629414082,
        "median": 0.813002943993,
        "min": 0,
        "stdev": 1.68537712097,
        "var": 2.84049606323
    },
    "zerocrossingrate": {
        "dmean": 0.0105161871761,
        "dmean2": 0.0118821412325,
        "dvar": 0.00024612157722,
        "dvar2": 0.000303297187202,
        "max": 0.328125,
        "mean": 0.0555874034762,
        "median": 0.048828125,
        "min": 0.00732421875,
        "stdev": 0.033100578934,
        "var": 0.00109564838931
    },
    "barkbands": {
        "dmean": [0.000178814691026, 0.00345907383598, 0.00271102949046, 0.00149322417565, 0.000991172739305, 0.00112646829803, 0.00134227296803, 0.00080342014553, 0.000545862189028, 0.000672717927955, 0.000688773812726, 0.000525949290022, 0.000455881789094, 0.000570180360228, 0.000464874116005, 0.000227117707254, 0.000225996613153, 0.000164290177054, 0.000230944453506, 0.000136080911034, 6.65631741867e-05, 5.99321829213e-05, 6.03180960752e-05, 6.8058281613e-05, 5.71688760829e-05, 1.89758829947e-05, 1.64520906765e-06],
        "dmean2": [0.00023480085656, 0.004692803137, 0.00442705396563, 0.00241174269468, 0.00146890454926, 0.00162112480029, 0.0019778618589, 0.0012682742672, 0.000771145103499, 0.00102462375071, 0.000993974274024, 0.0007728698547, 0.000735390698537, 0.000883034022991, 0.000728227139916, 0.000358115328709, 0.000313655822538, 0.000257508567302, 0.000347822729964, 0.00020541655249, 0.000102966965642, 9.43691266002e-05, 9.02221654542e-05, 0.000106250576209, 8.58187049744e-05, 2.81427128357e-05, 2.73400064543e-06],
        "dvar": [2.65723571147e-07, 9.53468043008e-05, 0.000106193219835, 2.65516282525e-05, 5.31369914825e-06, 6.45589580017e-06, 7.12824066795e-06, 4.12620465795e-06, 1.79740209205e-06, 2.85527539745e-06, 2.09129484574e-06, 1.14217141345e-06, 1.50446282987e-06, 1.45163210163e-06, 1.28985084302e-06, 3.67747588825e-07, 2.95616530366e-07, 9.9526154429e-08, 1.96250169893e-07, 5.99158909154e-08, 2.47600304704e-08, 3.7562369215e-08, 2.21651905719e-08, 2.73815565777e-08, 2.42049758015e-08, 1.99653227284e-09, 2.68027683381e-11],
        "dvar2": [4.19663564344e-07, 0.000205714924959, 0.000283087807475, 6.66298074066e-05, 1.32019831653e-05, 1.51006388478e-05, 1.67426514963e-05, 9.4468905445e-06, 3.44779073203e-06, 6.66080086376e-06, 3.78440768145e-06, 2.3267512006e-06, 3.79100265491e-06, 3.25742303176e-06, 3.1914498777e-06, 9.21385776564e-07, 5.94588357217e-07, 2.38682190457e-07, 3.93698712742e-07, 1.33400362756e-07, 5.96289027044e-08, 9.78208802849e-08, 4.48051480362e-08, 5.89693023301e-08, 5.21429264211e-08, 3.8940566327e-09, 7.7989240066e-11],
        "max": [0.011059679091, 0.171367928386, 0.129671186209, 0.0507519133389, 0.0311553832144, 0.0302575044334, 0.0296449828893, 0.0259418580681, 0.0215001739562, 0.0299930553883, 0.0181443691254, 0.0171685218811, 0.0198369119316, 0.021158600226, 0.0147115606815, 0.00766973104328, 0.0110046006739, 0.00331961316988, 0.0104119032621, 0.00362043338828, 0.00149694713764, 0.00227640080266, 0.00180993962567, 0.00243890518323, 0.00329675129615, 0.00050154409837, 5.53186873731e-05],
        "mean": [0.000525147712324, 0.007877510041, 0.00314485933632, 0.00169374898542, 0.00194000254851, 0.00202893419191, 0.0022448785603, 0.00126726576127, 0.00101822440047, 0.00128146330826, 0.00136406393722, 0.00108461768832, 0.000777984620072, 0.00110310316086, 0.000687401741743, 0.000323061045492, 0.000396765128244, 0.000258642918197, 0.000438352377387, 0.000279546133243, 0.000109020787932, 8.73399039847e-05, 0.000105266619357, 9.05326669454e-05, 6.86626226525e-05, 2.57834162767e-05, 1.54845918132e-06],
        "median": [7.90114499978e-05, 0.00123539427295, 0.000419289106503, 0.000197300279979, 0.000746354053263, 0.000828498217743, 0.000871696800459, 0.000518461805768, 0.000262193876551, 0.000336767814588, 0.000182894611498, 0.000335676042596, 0.000246681709541, 0.000248306692811, 0.000169916296727, 8.03294315119e-05, 7.15845453669e-05, 9.53308917815e-05, 0.000126552447909, 0.000122799683595, 2.53114121733e-05, 9.32134207687e-06, 2.06161748793e-05, 1.31112847157e-05, 7.42911515772e-06, 2.20013362195e-06, 8.12844973552e-08],
        "min": [3.29978266933e-11, 9.45412914621e-11, 6.9244929235e-11, 3.70297993657e-11, 1.08096087637e-10, 9.53172984985e-10, 1.82093340406e-09, 1.21814947018e-09, 2.50605536323e-10, 7.60942628353e-11, 5.9397223251e-11, 4.99427270373e-11, 2.01258829047e-10, 6.34729629967e-11, 1.5704595957e-10, 1.38641584324e-10, 3.24987640965e-11, 2.39619123155e-11, 1.03746976288e-10, 4.21661677796e-10, 1.59114374454e-10, 1.38125177962e-09, 3.58463214667e-09, 4.62401805734e-09, 5.41108435836e-10, 4.36095734177e-12, 1.59627844797e-12],
        "stdev": [0.00126055569854, 0.0160055439919, 0.0092367483303, 0.00506744300947, 0.00322609115392, 0.00352038536221, 0.00357372965664, 0.00242208130658, 0.00228581787087, 0.00264083989896, 0.0027237017639, 0.0020264252089, 0.0017027129652, 0.00217744056135, 0.00136718107387, 0.000723532342818, 0.000955909723416, 0.000424999685492, 0.000772935221903, 0.000394111819332, 0.000228061064263, 0.000265625072643, 0.000238720720517, 0.000219355642912, 0.000191411643755, 6.79421937093e-05, 5.14843713972e-06],
        "var": [1.58900058977e-06, 0.000256177445408, 8.5317515186e-05, 2.56789790001e-05, 1.04076643765e-05, 1.23931131384e-05, 1.27715438794e-05, 5.86647774981e-06, 5.22496384292e-06, 6.97403584127e-06, 7.41855183151e-06, 4.10639950132e-06, 2.89923127639e-06, 4.74124726679e-06, 1.86918418876e-06, 5.23499068095e-07, 9.13763415156e-07, 1.80624724067e-07, 5.97428879701e-07, 1.55324130446e-07, 5.20118490499e-08, 7.05566733927e-08, 5.69875844292e-08, 4.81168989097e-08, 3.66384149686e-08, 4.61614124703e-09, 2.65064064447e-11]
    },
    "erbbands": {
        "dmean": [0.112338513136, 0.795244514942, 2.6400578022, 4.58271408081, 2.84512782097, 3.73540902138, 6.38881921768, 10.378950119, 16.7105331421, 19.9763507843, 15.1771144867, 10.0355920792, 19.58152771, 25.6526908875, 22.3955993652, 16.9705657959, 17.9831428528, 20.9473648071, 27.1347198486, 22.4245567322, 11.0776720047, 11.7987213135, 8.17294120789, 12.4365539551, 7.12436151505, 6.49779748917, 3.86768817902, 1.85341286659, 2.3534488678, 2.11439442635, 1.67788493633, 1.53151023388, 1.06048607826, 0.726777791977, 0.37897247076, 0.11793140322, 0.026905503124, 0.0057458546944, 0.000167998179677, 1.3758474779e-05],
        "dmean2": [0.13996951282, 1.12879216671, 4.20553445816, 7.41072130203, 4.54514789581, 5.41343593597, 8.85039710999, 15.3547201157, 24.6010284424, 31.0076675415, 22.8032894135, 14.3552474976, 27.811384201, 36.5559425354, 31.7870540619, 24.5090293884, 28.6582164764, 31.4179439545, 40.4525794983, 34.1940765381, 15.932806015, 16.5582008362, 12.6262311935, 18.6988239288, 10.8063173294, 9.99678897858, 5.77900028229, 2.96489167213, 3.8387067318, 3.32566475868, 2.52624583244, 2.35831332207, 1.6326944828, 1.10292470455, 0.570294797421, 0.177997410297, 0.0388282947242, 0.00905409362167, 0.000277622719295, 1.92212883121e-05],
        "dvar": [0.0947373211384, 5.32242393494, 99.4357070923, 243.985855103, 86.0360717773, 80.4522094727, 238.441955566, 692.401000977, 1314.0637207, 1917.21240234, 1453.98864746, 680.777893066, 1710.6739502, 2932.1081543, 2178.06103516, 1204.01342773, 2434.25390625, 1791.01843262, 6333.45605469, 3190.42675781, 662.472717285, 822.020324707, 245.610733032, 637.219543457, 155.178146362, 164.914840698, 61.2694587708, 29.5541095734, 65.9051589966, 37.1477661133, 15.6975059509, 11.9825220108, 8.43386268616, 4.36482524872, 0.988389313221, 0.0750718191266, 0.00395135814324, 0.000186831181054, 2.49281526976e-07, 5.4674731409e-10],
        "dvar2": [0.159833729267, 12.6694993973, 263.734588623, 613.822998047, 235.337921143, 187.203979492, 487.896057129, 1678.49731445, 2950.02587891, 4709.78222656, 3223.63916016, 1311.62194824, 3839.27392578, 5931.96972656, 4429.39355469, 2675.07275391, 6007.42724609, 3840.08984375, 15449.9550781, 7547.8828125, 1271.30297852, 1612.84570312, 551.848693848, 1192.20336914, 341.868408203, 390.704467773, 133.377731323, 76.6244888306, 175.25944519, 90.1108474731, 31.5853786469, 27.6446228027, 18.8876419067, 9.10396289825, 2.18595409393, 0.154522418976, 0.00691070454195, 0.000454777065897, 6.94512721111e-07, 1.11995823726e-09],
        "max": [5.40451574326, 38.845539093, 123.450622559, 165.406280518, 91.5221633911, 182.810974121, 382.150421143, 350.741516113, 460.554748535, 714.551147461, 512.216796875, 562.235656738, 739.876708984, 822.506774902, 598.80090332, 637.277282715, 805.85333252, 932.765930176, 1452.16516113, 710.274047852, 478.640167236, 737.336242676, 179.546524048, 666.807128906, 156.131408691, 240.014755249, 83.9222640991, 65.2040405273, 99.0619812012, 64.9802246094, 47.4734191895, 41.6900100708, 52.6704330444, 43.6042060852, 20.9828166962, 3.11321234703, 0.719646930695, 0.150016829371, 0.00600347528234, 0.000241175905103],
        "mean": [0.2975037992, 1.48010778427, 3.46496939659, 5.44157791138, 3.96792292595, 7.26552391052, 12.8975934982, 18.2893714905, 28.6616001129, 32.0820426941, 26.3003196716, 19.7095985413, 38.044593811, 53.5552139282, 47.2832336426, 32.9259757996, 35.2747306824, 41.7218513489, 48.9241523743, 35.9068717957, 19.6019992828, 21.7001972198, 14.0650529861, 24.2731819153, 14.9710941315, 12.9403457642, 7.38237380981, 2.80152344704, 3.10530281067, 3.38040685654, 2.89836764336, 2.15219044685, 1.33177578449, 0.86487108469, 0.45353937149, 0.150500044227, 0.0391512401402, 0.00705177849159, 0.000193545827642, 4.1585892177e-05],
        "median": [0.0407051257789, 0.284164011478, 0.684337854385, 0.67074149847, 0.898852050304, 2.49845099449, 5.15201568604, 7.26501846313, 11.5284738541, 14.4437618256, 11.7753810883, 6.17075777054, 11.3411779404, 17.3171005249, 18.6298828125, 13.5604915619, 13.5493173599, 15.9422683716, 15.671043396, 10.5310430527, 5.31393051147, 4.2210559845, 4.99666929245, 9.46844387054, 5.3549284935, 6.29575920105, 2.69343113899, 0.579590320587, 0.338229209185, 0.43623188138, 0.605338454247, 0.367930918932, 0.17013797164, 0.0958491638303, 0.0455907173455, 0.0138217601925, 0.00314922560938, 0.000494170177262, 2.68813910225e-05, 2.73213499895e-05],
        "min": [2.85530044053e-09, 2.11418864637e-08, 7.28075519874e-08, 1.16641274417e-07, 9.80662022698e-08, 3.76941954983e-07, 2.60888737103e-06, 9.82387155091e-06, 2.21422014874e-05, 3.02166299662e-05, 2.19687663048e-05, 6.03397847954e-06, 3.4171405332e-06, 1.69254735738e-06, 1.98765519599e-06, 2.99651014757e-06, 8.7291955424e-06, 5.46414139535e-06, 4.02128216592e-06, 1.00020315585e-05, 6.52070639262e-06, 1.71749138644e-06, 1.28419230805e-06, 3.90045624954e-06, 6.16359466221e-06, 2.24642517423e-05, 6.59770012135e-06, 9.12167342904e-06, 2.93552293442e-05, 0.000121485274576, 8.17221152829e-05, 0.00013229023898, 5.55183833058e-05, 1.23147738122e-05, 2.33713512898e-06, 3.69980995174e-07, 1.2619803158e-07, 3.81832769847e-08, 3.90381327264e-09, 1.90236382203e-10],
        "stdev": [0.641406476498, 3.16138553619, 9.28594970703, 15.5796222687, 9.22129631042, 13.8607025146, 24.283121109, 34.0183677673, 50.2312240601, 51.6071929932, 46.4830322266, 47.9096069336, 66.4119262695, 94.2317199707, 78.0679855347, 53.6765975952, 70.5076370239, 71.5944519043, 103.478393555, 74.2031860352, 41.7229690552, 54.2376441956, 23.8561820984, 44.8306274414, 21.3558807373, 18.4593505859, 12.0138015747, 7.29115056992, 9.972615242, 9.12362957001, 6.37505435944, 4.78797245026, 3.57317614555, 2.53706932068, 1.2256411314, 0.388918191195, 0.104234077036, 0.0182983670384, 0.000529832090251, 4.09954482166e-05],
        "var": [0.411402255297, 9.99435901642, 86.2288589478, 242.724624634, 85.0323104858, 192.11907959, 589.66998291, 1157.24926758, 2523.17602539, 2663.30249023, 2160.67236328, 2295.33056641, 4410.54345703, 8879.6171875, 6094.61035156, 2881.17724609, 4971.32714844, 5125.76513672, 10707.7783203, 5506.11279297, 1740.80603027, 2941.72192383, 569.117431641, 2009.78515625, 456.073608398, 340.747589111, 144.331436157, 53.1608772278, 99.4530487061, 83.2406158447, 40.6413192749, 22.9246807098, 12.7675886154, 6.43672132492, 1.50219619274, 0.151257365942, 0.0108647430316, 0.000334830256179, 2.80722019852e-07, 1.68062663786e-09]
    },
    "gfcc": {
        "mean": [-21.1629981995, 94.2484207153, -138.473358154, 14.5927724838, -59.9997406006, 9.1869392395, -39.7286567688, 11.2570066452, -24.339630127, 5.65040254593, -0.870542943478, -3.10665822029, -8.21455764771],
        "cov": [[6309.73388672, -82.1279220581, 1512.9152832, 1225.60144043, 613.585571289, 834.639709473, 399.569061279, 455.884094238, -93.9766464233, 289.770019531, -427.421234131, 195.873596191, -200.356002808], [-82.1279220581, 1637.76000977, 257.492889404, 133.266479492, 397.898712158, 30.9805355072, 307.822692871, -136.521896362, 42.4779472351, -46.5820121765, 107.919494629, -123.51008606, 112.582069397], [1512.9152832, 257.492889404, 1503.30505371, 795.725036621, 287.684051514, 468.609191895, 135.633911133, 121.238487244, 93.7151489258, 165.243606567, -263.530151367, 208.948165894, -121.164230347], [1225.60144043, 133.266479492, 795.725036621, 855.215393066, 361.678131104, 295.471008301, 157.527023315, 156.849029541, 113.148353577, 107.472366333, -177.934738159, 137.462234497, -33.1055679321], [613.585571289, 397.898712158, 287.684051514, 361.678131104, 467.415588379, 244.10383606, 212.439437866, 114.277862549, 55.071975708, 86.465057373, -38.138999939, -12.4026460648, 10.6468849182], [834.639709473, 30.9805355072, 468.609191895, 295.471008301, 244.10383606, 498.091674805, 214.538238525, 97.5782318115, 16.5462551117, 103.807151794, -71.5829620361, -1.31330704689, -82.6764068604], [399.569061279, 307.822692871, 135.633911133, 157.527023315, 212.439437866, 214.538238525, 330.267425537, 80.1794128418, -23.3275604248, 49.9245185852, 18.8451900482, -30.6639575958, -0.424973905087], [455.884094238, -136.521896362, 121.238487244, 156.849029541, 114.277862549, 97.5782318115, 80.1794128418, 247.686630249, 67.9572525024, 58.6151809692, -28.0540733337, 58.2286834717, 6.23295354843], [-93.9766464233, 42.4779472351, 93.7151489258, 113.148353577, 55.071975708, 16.5462551117, -23.3275604248, 67.9572525024, 189.896957397, 38.7971000671, -14.2121601105, 34.9726791382, -0.955870807171], [289.770019531, -46.5820121765, 165.243606567, 107.472366333, 86.465057373, 103.807151794, 49.9245185852, 58.6151809692, 38.7971000671, 128.975112915, -7.15805721283, 19.5768241882, -22.8973331451], [-427.421234131, 107.919494629, -263.530151367, -177.934738159, -38.138999939, -71.5829620361, 18.8451900482, -28.0540733337, -14.2121601105, -7.15805721283, 169.784103394, -28.5093212128, 46.8859024048], [195.873596191, -123.51008606, 208.948165894, 137.462234497, -12.4026460648, -1.31330704689, -30.6639575958, 58.2286834717, 34.9726791382, 19.5768241882, -28.5093212128, 145.264801025, 1.40819513798], [-200.356002808, 112.582069397, -121.164230347, -33.1055679321, 10.6468849182, -82.6764068604, -0.424973905087, 6.23295354843, -0.955870807171, -22.8973331451, 46.8859024048, 1.40819513798, 121.477073669]],
        "icov": [[0.000326910259901, -0.000190854101675, 0.00011564821034, -0.000331011979142, 0.000155243804329, -0.00031657188083, 0.000210546524613, -0.000563128734939, 0.000723169068806, -0.00046326618758, 0.000495676882565, -0.000192643987248, 0.000271059630904], [-0.000190854101675, 0.00271090539172, -0.00213113985956, 0.00112509634346, -0.00259747868404, 0.00224861921743, -0.00254212622531, 0.00238831108436, -0.00217938702554, 0.00288757798262, -0.00249686720781, 0.00252823834307, -0.00155807635747], [0.00011564821034, -0.00213113985956, 0.00386425969191, -0.00190310273319, 0.00218680803664, -0.00293586333282, 0.0019199027447, -0.000913742464036, 0.00162485160399, -0.00323901884258, 0.00344107742421, -0.00408741272986, 0.00148681295104], [-0.000331011979142, 0.00112509634346, -0.00190310273319, 0.00436800532043, -0.00290558347479, 0.00115899846423, -0.00161777425092, 0.00125495635439, -0.00215976685286, 0.00158352975268, 0.000398085190682, -0.000678979617078, -0.00118734536227], [0.000155243804329, -0.00259747868404, 0.00218680803664, -0.00290558347479, 0.00749578280374, -0.0029597596731, 0.0010124000255, -0.00277935294434, 0.00149168632925, -0.00372066092677, 0.00217130896635, -0.000304365006741, 3.35658523909e-06], [-0.00031657188083, 0.00224861921743, -0.00293586333282, 0.00115899846423, -0.0029597596731, 0.00679721590132, -0.00381363136694, 0.00140003464185, -0.00178923655767, 0.00166100368369, -0.00239232974127, 0.00363746215589, 0.000762016337831], [0.000210546524613, -0.00254212622531, 0.0019199027447, -0.00161777425092, 0.0010124000255, -0.00381363136694, 0.00836285576224, -0.00359718315303, 0.00374728138559, -0.00247367983684, 0.000250491808401, -0.000947942840867, 0.00118441029917], [-0.000563128734939, 0.00238831108436, -0.000913742464036, 0.00125495635439, -0.00277935294434, 0.00140003464185, -0.00359718315303, 0.0089874593541, -0.004242495168, 0.001243375591, -0.000996746588498, -0.000988433836028, -0.0023917267099], [0.000723169068806, -0.00217938702554, 0.00162485160399, -0.00215976685286, 0.00149168632925, -0.00178923655767, 0.00374728138559, -0.004242495168, 0.00960794929415, -0.00394849525765, 0.00173354777507, -0.00197710120119, 0.00181211309973], [-0.00046326618758, 0.00288757798262, -0.00323901884258, 0.00158352975268, -0.00372066092677, 0.00166100368369, -0.00247367983684, 0.001243375591, -0.00394849525765, 0.0146543607116, -0.00521589396521, 0.00287052080967, -0.000144207704579], [0.000495676882565, -0.00249686720781, 0.00344107742421, 0.000398085190682, 0.00217130896635, -0.00239232974127, 0.000250491808401, -0.000996746588498, 0.00173354777507, -0.00521589396521, 0.0132292229682, -0.00460873125121, -0.00111631094478], [-0.000192643987248, 0.00252823834307, -0.00408741272986, -0.000678979617078, -0.000304365006741, 0.00363746215589, -0.000947942840867, -0.000988433836028, -0.00197710120119, 0.00287052080967, -0.00460873125121, 0.0152245881036, -0.00224523292854], [0.000271059630904, -0.00155807635747, 0.00148681295104, -0.00118734536227, 3.35658523909e-06, 0.000762016337831, 0.00118441029917, -0.0023917267099, 0.00181211309973, -0.000144207704579, -0.00111631094478, -0.00224523292854, 0.012371616438]]
    },
    "melbands": {
        "dmean": [0.000956204487011, 0.00116954988334, 0.000682274403516, 0.00020284083439, 0.000213701147004, 0.000233414946706, 0.000257749343291, 0.000214521409362, 0.000112472247565, 6.84867263772e-05, 0.000103743004729, 0.000106960847916, 8.72737800819e-05, 5.76205311518e-05, 4.0415845433e-05, 5.01821741636e-05, 4.07298321079e-05, 5.14395869686e-05, 3.46057713614e-05, 2.20612746489e-05, 1.33109497256e-05, 1.48063336383e-05, 7.4523350122e-06, 8.38987671159e-06, 1.12262723633e-05, 8.21492176328e-06, 4.28855082646e-06, 4.70230952487e-06, 3.07920936393e-06, 1.38759037327e-06, 1.02950446035e-06, 1.39715393743e-06, 1.16508590509e-06, 1.23474012526e-06, 9.9651185792e-07, 1.00888860288e-06, 9.46359136833e-07, 6.93074241553e-07, 7.58313206006e-07, 5.77982518735e-07],
        "dmean2": [0.00124245451298, 0.00175367412157, 0.00110058439896, 0.000313236261718, 0.000298695231322, 0.000340304191923, 0.000377571966965, 0.00033496983815, 0.000165736448253, 9.73732967395e-05, 0.00014836525952, 0.000154757217388, 0.000122465498862, 8.5527113697e-05, 6.26861001365e-05, 7.93639555923e-05, 5.92393880652e-05, 7.63822026784e-05, 5.24479837622e-05, 3.4410484659e-05, 1.90275495697e-05, 2.09039717447e-05, 1.17815552585e-05, 1.31930737552e-05, 1.69302766153e-05, 1.2378768588e-05, 6.57162718198e-06, 7.27816177459e-06, 4.50644756711e-06, 2.19157141146e-06, 1.66155791703e-06, 2.3315708404e-06, 1.82991595921e-06, 1.93017126549e-06, 1.53318330831e-06, 1.52874486048e-06, 1.49861580212e-06, 1.07807363747e-06, 1.19271135191e-06, 8.82872541297e-07],
        "dvar": [7.07610661266e-06, 1.42239741763e-05, 5.2684235925e-06, 3.03377021282e-07, 2.37294202066e-07, 2.99294470096e-07, 2.81854369177e-07, 2.16245155116e-07, 7.72062733745e-08, 3.29724976211e-08, 4.93842904348e-08, 5.38747499945e-08, 3.31150467048e-08, 1.61496931383e-08, 1.30830262179e-08, 2.18064108992e-08, 6.20848039645e-09, 2.37339179421e-08, 5.918313839e-09, 3.69179042892e-09, 1.37631683828e-09, 1.5380461349e-09, 4.34103281099e-10, 2.87862678139e-10, 6.07469519132e-10, 2.39133379765e-10, 6.86099232983e-11, 8.61769822169e-11, 3.53506564299e-11, 1.34068528848e-11, 1.09281845725e-11, 2.14558162903e-11, 1.57936892731e-11, 1.0976821882e-11, 5.39715451151e-12, 5.13099415386e-12, 4.93637899654e-12, 3.82667812368e-12, 4.25607292465e-12, 3.0436334876e-12],
        "dvar2": [1.40010970426e-05, 3.60550366167e-05, 1.33109006129e-05, 7.97232530658e-07, 4.82636778543e-07, 7.15445708011e-07, 6.46884529942e-07, 5.2355585467e-07, 1.67736786238e-07, 6.08863999219e-08, 1.12702487343e-07, 1.11115774359e-07, 6.05738605941e-08, 3.34008483094e-08, 3.156272399e-08, 5.2946056428e-08, 1.26066872497e-08, 5.62474760102e-08, 1.36363800252e-08, 8.90202578319e-09, 2.54519072485e-09, 3.12308467976e-09, 1.03257058459e-09, 6.85983936322e-10, 1.13176112926e-09, 5.1280507618e-10, 1.47800008343e-10, 2.04786604341e-10, 7.51858644787e-11, 3.45346078123e-11, 2.84467466943e-11, 5.86055579066e-11, 3.98382750399e-11, 2.57405936843e-11, 1.08080246142e-11, 1.13094143425e-11, 1.17340243425e-11, 8.44076631507e-12, 9.79326949396e-12, 6.11685788826e-12],
        "max": [0.0483538918197, 0.0465282872319, 0.0240314975381, 0.00738679710776, 0.0113577619195, 0.00691263610497, 0.00599785754457, 0.00722912140191, 0.00397028634325, 0.00394408917055, 0.00409883633256, 0.00377930467948, 0.0027926065959, 0.00217793835327, 0.00173103716224, 0.00268759997562, 0.00156085414346, 0.00305746123195, 0.00121830322314, 0.000734714674763, 0.000773207459133, 0.00102600746322, 0.000286201975541, 0.00023761166085, 0.000652236805763, 0.000217179112951, 0.000167232239619, 0.000147433049278, 7.56771332817e-05, 4.83239782625e-05, 4.51659325336e-05, 5.4355001339e-05, 4.89695485157e-05, 3.97818585043e-05, 3.20365797961e-05, 2.85818987322e-05, 2.58743712038e-05, 3.40209116985e-05, 3.57156968676e-05, 3.86640349461e-05],
        "mean": [0.00235606962815, 0.00183739350177, 0.000863507098984, 0.000370742287487, 0.000437298818724, 0.000415797840105, 0.000446326681413, 0.000346774351783, 0.000192368970602, 0.000131677545141, 0.000197390385438, 0.000219510489842, 0.000175262393896, 0.00012555300782, 6.15941535216e-05, 9.37800505199e-05, 7.5081254181e-05, 9.16918288567e-05, 5.41830195289e-05, 3.20558719977e-05, 2.18678451347e-05, 2.60253127635e-05, 1.1279273167e-05, 1.3204696188e-05, 2.0862555175e-05, 1.51868916873e-05, 8.20355762698e-06, 8.64647154231e-06, 5.75643252887e-06, 2.0842808226e-06, 1.41201633141e-06, 1.72483464667e-06, 1.76245634975e-06, 1.92431230062e-06, 1.68234601006e-06, 1.51568860929e-06, 1.23362303839e-06, 9.06972616121e-07, 8.42366603138e-07, 6.91668560648e-07],
        "median": [0.000345398759237, 0.000417014525738, 0.000132638844661, 0.000127025850816, 0.000176784742507, 0.000171396299265, 0.000196758817765, 0.000168581944308, 8.1629921624e-05, 3.0358793083e-05, 5.35336184839e-05, 7.38473681849e-05, 4.85456366732e-05, 3.60681442544e-05, 2.08995261346e-05, 2.72556699201e-05, 2.30953864957e-05, 1.86264223885e-05, 1.2434036762e-05, 6.68905522616e-06, 4.64551749246e-06, 4.34765252066e-06, 3.05011099044e-06, 4.69625547339e-06, 6.82972768118e-06, 4.53749271401e-06, 2.81191591966e-06, 3.69385497834e-06, 1.91348021872e-06, 4.33167258507e-07, 2.20489980052e-07, 1.78167269382e-07, 1.76564896037e-07, 2.49718567602e-07, 3.57774013082e-07, 3.12890676923e-07, 1.76995712309e-07, 1.16980011455e-07, 9.41531865806e-08, 7.22802013797e-08],
        "min": [2.74683574497e-11, 3.48030250452e-11, 1.91627338997e-11, 1.31901295441e-11, 7.57007859176e-11, 2.20927443007e-10, 3.51417589473e-10, 3.25128812761e-10, 1.55734133922e-10, 2.98693361711e-11, 1.61719058284e-11, 6.43460501895e-12, 7.78693776127e-12, 3.48290862297e-12, 1.5867583289e-11, 1.94096440309e-11, 8.44717004678e-12, 4.15079168953e-12, 1.38444099934e-11, 1.14738149537e-11, 6.86200358688e-12, 1.98987115847e-12, 5.85397615799e-13, 1.47785863408e-12, 3.21078385233e-12, 4.63237998308e-12, 5.42789424518e-12, 1.86824184595e-11, 4.42530127126e-12, 3.27871627417e-12, 5.33516677018e-12, 8.33901177277e-12, 4.14676175342e-11, 7.57626045234e-11, 3.08259910653e-11, 8.66102120578e-11, 7.47936643175e-11, 3.88164535237e-11, 1.00216614521e-11, 5.47641662921e-12],
        "stdev": [0.00485947169363, 0.00409986590967, 0.00231038336642, 0.000703428755514, 0.000784765055869, 0.000718087132555, 0.000722899159882, 0.000547979783732, 0.000344176776707, 0.000344420375768, 0.000357610319043, 0.00038646106259, 0.000317918689689, 0.000261687528109, 0.000138367395266, 0.000221225782298, 0.000136606191518, 0.000220146699576, 0.000110824323201, 7.75531298132e-05, 6.17286277702e-05, 6.99905212969e-05, 2.59952012129e-05, 2.42496753344e-05, 4.34048160969e-05, 2.54197002505e-05, 1.3895891243e-05, 1.28806395878e-05, 9.21374339669e-06, 5.18820252182e-06, 4.18237914346e-06, 5.57934527023e-06, 5.43903115613e-06, 5.02693501403e-06, 3.72954377781e-06, 3.2667112464e-06, 2.91547871711e-06, 2.48103378908e-06, 2.331703854e-06, 2.13950102079e-06],
        "var": [2.36144660448e-05, 1.68089009094e-05, 5.33787169843e-06, 4.94812013585e-07, 6.15856151853e-07, 5.15649105637e-07, 5.2258320693e-07, 3.00281868704e-07, 1.18457656129e-07, 1.18625386847e-07, 1.27885130041e-07, 1.4935214665e-07, 1.01072288317e-07, 6.84803680429e-08, 1.91455349352e-08, 4.89408442661e-08, 1.86612520992e-08, 4.84645674703e-08, 1.22820305037e-08, 6.01448846282e-09, 3.81042353226e-09, 4.89867257869e-09, 6.75750455592e-10, 5.88046777938e-10, 1.88397808465e-09, 6.46161124607e-10, 1.93095803236e-10, 1.65910868377e-10, 8.4893071739e-11, 2.69174439682e-11, 1.74922958063e-11, 3.11290958288e-11, 2.95830616948e-11, 2.52700759623e-11, 1.39094968182e-11, 1.067140213e-11, 8.50001579539e-12, 6.15552834399e-12, 5.43684281623e-12, 4.57746427568e-12]
    },
    "melbands128": {
