{
"lowlevel": {
    "average_loudness": 0.977120161057,
    "barkbands_crest": {
        "dmean": 3.13739609718,
        "dmean2": 5.23463726044,
        "dvar": 7.57433462143,
        "dvar2": 19.3648853302,
        "max": 24.3733825684,
        "mean": 11.1923704147,
        "median": 10.5233879089,
        "min": 3.78390932083,
        "stdev": 3.96396160126,
        "var": 15.7129917145
    },
    "barkbands_flatness_db": {
        "dmean": 0.0416531004012,
        "dmean2": 0.0625098645687,
        "dvar": 0.00176441925578,
        "dvar2": 0.00384953897446,
        "max": 0.47464671731,
        "mean": 0.215761139989,
        "median": 0.204376935959,
        "min": 0.0439865253866,
        "stdev": 0.0745413899422,
        "var": 0.00555641902611
    },
    "barkbands_kurtosis": {
        "dmean": 12.1469287872,
        "dmean2": 19.408946991,
        "dvar": 318.605621338,
        "dvar2": 711.150390625,
        "max": 359.354492188,
        "mean": 17.4676303864,
        "median": 11.0065040588,
        "min": -1.85713434219,
        "stdev": 22.6990451813,
        "var": 515.246643066
    },
    "barkbands_skewness": {
        "dmean": 1.13034915924,
        "dmean2": 1.79800128937,
        "dvar": 1.29342412949,
        "dvar2": 3.22044849396,
        "max": 12.3714618683,
        "mean": 2.73880982399,
        "median": 2.50078201294,
        "min": -3.30518317223,
        "stdev": 1.65637326241,
        "var": 2.74357223511
    },
    "barkbands_spread": {
        "dmean": 6.08900165558,
        "dmean2": 9.94385242462,
        "dvar": 124.54473114,
        "dvar2": 314.454376221,
        "max": 104.728256226,
        "mean": 10.4645700455,
        "median": 6.62466955185,
        "min": 0.326908320189,
        "stdev": 12.4976453781,
        "var": 156.191146851
    },
    "dissonance": {
        "dmean": 0.0445944070816,
        "dmean2": 0.0721062645316,
        "dvar": 0.0018292494351,
        "dvar2": 0.00430774409324,
        "max": 0.49985191226,
        "mean": 0.413751721382,
        "median": 0.426930099726,
        "min": 0.0391826294363,
        "stdev": 0.0612713843584,
        "var": 0.00375418271869
    },
    "dynamic_complexity": 2.02470159531,
    "erbbands_crest": {
        "dmean": 3.26389098167,
        "dmean2": 5.27818584442,
        "dvar": 8.72609043121,
        "dvar2": 21.6189022064,
        "max": 26.207244873,
        "mean": 10.1434259415,
        "median": 9.23536396027,
        "min": 2.54851675034,
        "stdev": 4.31057548523,
        "var": 18.5810604095
    },
    "erbbands_flatness_db": {
        "dmean": 0.0306751374155,
        "dmean2": 0.046373039484,
        "dvar": 0.000891973730177,
        "dvar2": 0.00199143332429,
        "max": 0.338935852051,
        "mean": 0.171204298735,
        "median": 0.168499276042,
        "min": 0.0453210920095,
        "stdev": 0.0536926798522,
        "var": 0.00288290390745
    },
    "erbbands_kurtosis": {
        "dmean": 3.53110003471,
        "dmean2": 5.52194786072,
        "dvar": 22.5897426605,
        "dvar2": 52.8989639282,
        "max": 73.8723983765,
        "mean": 4.52897167206,
        "median": 2.97846508026,
        "min": -1.8563580513,
        "stdev": 6.27416276932,
        "var": 39.3651161194
    },
    "erbbands_skewness": {
        "dmean": 0.727525353432,
        "dmean2": 1.11090636253,
        "dvar": 0.477292180061,
        "dvar2": 1.17866957188,
        "max": 6.51928424835,
        "mean": 1.36420929432,
        "median": 1.32022070885,
        "min": -3.00292038918,
        "stdev": 1.05049967766,
        "var": 1.10354948044
    },
    "erbbands_spread": {
        "dmean": 16.4724197388,
        "dmean2": 25.7260627747,
        "dvar": 464.852172852,
        "dvar2": 1125.6505127,
        "max": 159.986938477,
        "mean": 34.8173370361,
        "median": 24.7973136902,
        "min": 2.40777301788,
        "stdev": 29.0968360901,
        "var": 846.625854492
    },
    "hfc": {
        "dmean": 7.91763019562,
        "dmean2": 12.062210083,
        "dvar": 116.318099976,
        "dvar2": 276.539672852,
        "max": 125.43964386,
        "mean": 16.7789402008,
        "median": 12.774143219,
        "min": 1.21240854999e-16,
        "stdev": 15.1623497009,
        "var": 229.896850586
    },
    "loudness_ebu128": {
        "integrated": -9.20486545563,
        "loudness_range": 2.83314609528,
        "momentary": {
            "dmean": 0.624257862568,
            "dmean2": 0.851014971733,
            "dvar": 0.315558850765,
            "dvar2": 0.561434805393,
            "max": -6.59316396713,
            "mean": -9.5070476532,
            "median": -9.01769828796,
            "min": -18.1358947754,
            "stdev": 1.78232908249,
            "var": 3.17669701576
        },
        "short_term": {
            "dmean": 0.0835846811533,
            "dmean2": 0.0979718342423,
            "dvar": 0.00426416890696,
            "dvar2": 0.00568879488856,
            "max": -8.06600189209,
            "mean": -9.20958042145,
            "median": -8.84295845032,
            "min": -12.661819458,
            "stdev": 1.05184793472,
            "var": 1.10638403893
        }
    },
    "melbands_crest": {
        "dmean": 4.18172264099,
        "dmean2": 7.03887414932,
        "dvar": 14.235250473,
        "dvar2": 36.8186531067,
        "max": 36.9890441895,
        "mean": 15.5294342041,
        "median": 14.6857500076,
        "min": 2.83344459534,
        "stdev": 5.2067193985,
        "var": 27.1099281311
    },
    "melbands_flatness_db": {
        "dmean": 0.0499320589006,
        "dmean2": 0.0736051127315,
        "dvar": 0.0026255461853,
        "dvar2": 0.00574264861643,
        "max": 0.603377938271,
        "mean": 0.315807640553,
        "median": 0.308799475431,
        "min": 0.0122307743877,
        "stdev": 0.0877774432302,
        "var": 0.00770487915725
    },
    "melbands_kurtosis": {
        "dmean": 24.3045444489,
        "dmean2": 40.481678009,
        "dvar": 1418.46716309,
        "dvar2": 3654.1328125,
        "max": 433.423278809,
        "mean": 32.6214485168,
        "median": 17.1059703827,
        "min": -1.36968255043,
        "stdev": 42.8310661316,
        "var": 1834.50024414
    },
    "melbands_skewness": {
        "dmean": 1.51664865017,
        "dmean2": 2.41175293922,
        "dvar": 2.81974077225,
        "dvar2": 7.22197341919,
        "max": 15.6998243332,
        "mean": 3.43035817146,
        "median": 2.82882905006,
        "min": -0.748675644398,
        "stdev": 2.36352777481,
        "var": 5.58626317978
    },
    "melbands_spread": {
        "dmean": 4.93129491806,
        "dmean2": 7.91970539093,
        "dvar": 143.733001709,
        "dvar2": 320.853820801,
        "max": 189.583175659,
        "mean": 8.84791183472,
        "median": 6.00947856903,
        "min": 0.404653191566,
        "stdev": 12.7869548798,
        "var": 163.506225586
    },
    "pitch_salience": {
        "dmean": 0.100403189659,
        "dmean2": 0.167366757989,
        "dvar": 0.0089837834239,
        "dvar2": 0.0242541879416,
        "max": 0.948995053768,
        "mean": 0.553626358509,
        "median": 0.558084785938,
        "min": 0.0733437463641,
        "stdev": 0.120023183525,
        "var": 0.0144055653363
    },
    "silence_rate_20dB": {
        "dmean": 0,
        "dmean2": 0,
        "dvar": 0,
        "dvar2": 0,
        "max": 1,
        "mean": 1,
        "median": 1,
        "min": 1,
        "stdev": 0,
        "var": 0
    },
    "silence_rate_30dB": {
        "dmean": 0.0773993805051,
        "dmean2": 0.154918670654,
        "dvar": 0.0714079514146,
        "dvar2": 0.175846084952,
        "max": 1,
        "mean": 0.939675152302,
        "median": 1,
        "min": 0,
        "stdev": 0.238087803125,
        "var": 0.0566858053207
    },
    "silence_rate_60dB": {
        "dmean": 0.0100619196892,
        "dmean2": 0.020139425993,
        "dvar": 0.00996058620512,
        "dvar2": 0.0228322967887,
        "max": 1,
        "mean": 0.0131477182731,
        "median": 0,
        "min": 0,
        "stdev": 0.113906741142,
        "var": 0.012974745594
    },
    "spectral_centroid": {
        "dmean": 233.377944946,
        "dmean2": 370.549835205,
        "dvar": 245977.484375,
        "dvar2": 465252.625,
        "max": 11226.7880859,
        "mean": 577.477478027,
        "median": 430.515350342,
        "min": 127.010345459,
        "stdev": 556.601013184,
        "var": 309804.71875
    },
    "spectral_complexity": {
        "dmean": 3.62151694298,
        "dmean2": 5.71959733963,
        "dvar": 23.8451519012,
        "dvar2": 56.81980896,
        "max": 45,
        "mean": 10.9767980576,
        "median": 10,
        "min": 0,
        "stdev": 6.16712903976,
        "var": 38.0334777832
    },
    "spectral_decrease": {
        "dmean": 5.74013236943e-09,
        "dmean2": 9.06429153957e-09,
        "dvar": 4.32574696905e-17,
        "dvar2": 1.01494948664e-16,
        "max": 1.34319626555e-28,
        "mean": -1.26003403267e-08,
        "median": -1.06515685161e-08,
        "min": -5.9088321791e-08,
        "stdev": 8.96511753723e-09,
        "var": 8.03733284735e-17
    },
    "spectral_energy": {
        "dmean": 0.022084550932,
        "dmean2": 0.0348299853504,
        "dvar": 0.000636805780232,
        "dvar2": 0.00149015616626,
        "max": 0.226300567389,
        "mean": 0.0490784868598,
        "median": 0.0417364910245,
        "min": 1.04899434447e-20,
        "stdev": 0.0345831252635,
        "var": 0.00119599245954
    },
    "spectral_energyband_high": {
        "dmean": 0.000476607267046,
        "dmean2": 0.000729025283363,
        "dvar": 1.00965428373e-06,
        "dvar2": 2.09447625821e-06,
        "max": 0.010167918168,
        "mean": 0.000602850341238,
        "median": 0.000167900143424,
        "min": 7.54641961932e-21,
        "stdev": 0.00133597024251,
        "var": 1.78481650437e-06
    },
    "spectral_energyband_low": {
        "dmean": 0.0157428942621,
        "dmean2": 0.0257503464818,
        "dvar": 0.000491526152473,
        "dvar2": 0.00124090944882,
        "max": 0.19584672153,
        "mean": 0.0271356403828,
        "median": 0.0197236742824,
        "min": 5.34687649639e-23,
        "stdev": 0.0272077489644,
        "var": 0.000740261632018
    },
    "spectral_energyband_middle_high": {
        "dmean": 0.00145603914279,
        "dmean2": 0.0023136921227,
        "dvar": 8.21056255518e-06,
        "dvar2": 2.19842149818e-05,
        "max": 0.0276664625853,
        "mean": 0.00216189329512,
        "median": 0.000836446357425,
        "min": 1.43333537465e-21,
        "stdev": 0.00326745724306,
        "var": 1.06762772702e-05
    },
    "spectral_energyband_middle_low": {
        "dmean": 0.0125058889389,
        "dmean2": 0.0202694647014,
        "dvar": 0.000242874375544,
        "dvar2": 0.000606898858678,
        "max": 0.117427945137,
        "mean": 0.022940305993,
        "median": 0.0188677255064,
        "min": 2.24894121415e-22,
        "stdev": 0.0185911804438,
        "var": 0.000345631997334
    },
    "spectral_entropy": {
        "dmean": 0.40103828907,
        "dmean2": 0.590129852295,
        "dvar": 0.168679043651,
        "dvar2": 0.374391794205,
        "max": 9.79412460327,
        "mean": 6.92390727997,
        "median": 6.93493890762,
        "min": 5.01027154922,
        "stdev": 0.712172150612,
        "var": 0.507189154625
    },
    "spectral_flux": {
        "dmean": 0.0461955927312,
        "dmean2": 0.0715262144804,
        "dvar": 0.00192226527724,
        "dvar2": 0.00437697116286,
        "max": 0.419890314341,
        "mean": 0.122926063836,
        "median": 0.109911635518,
        "min": 1.02420426307e-10,
        "stdev": 0.0714151486754,
        "var": 0.00510012358427
    },
    "spectral_kurtosis": {
        "dmean": 4.42558050156,
        "dmean2": 6.95597076416,
        "dvar": 38.6880989075,
        "dvar2": 96.8656463623,
        "max": 57.5833740234,
        "mean": 8.48762226105,
        "median": 6.17718219757,
        "min": -1.18681955338,
        "stdev": 8.24901199341,
        "var": 68.0461959839
    },
    "spectral_rms": {
        "dmean": 0.00150233029854,
        "dmean2": 0.00232109916396,
        "dvar": 2.33918922277e-06,
        "dvar2": 5.15628653375e-06,
        "max": 0.014858703129,
        "mean": 0.0064744357951,
        "median": 0.00638110702857,
        "min": 3.19907663728e-12,
        "stdev": 0.00244195130654,
        "var": 5.96312656853e-06
    },
    "spectral_rolloff": {
        "dmean": 403.679534912,
        "dmean2": 708.845825195,
        "dvar": 1865131,
        "dvar2": 4465472,
        "max": 19379.8828125,
        "mean": 619.899414062,
        "median": 387.59765625,
        "min": 64.599609375,
        "stdev": 1261.04724121,
        "var": 1590240
    },
    "spectral_skewness": {
        "dmean": 0.584647715092,
        "dmean2": 0.875503003597,
        "dvar": 0.384690582752,
        "dvar2": 0.920787155628,
        "max": 6.80483198166,
        "mean": 2.37221503258,
        "median": 2.25612282753,
        "min": -0.0226669237018,
        "stdev": 1.00994491577,
        "var": 1.01998877525
    },
    "spectral_spread": {
        "dmean": 1249211,
        "dmean2": 1845743.75,
        "dvar": 2.40952357683e+12,
        "dvar2": 4.67717219942e+12,
        "max": 39458148,
        "mean": 5226286.5,
        "median": 4813983,
        "min": 1267688.5,
        "stdev": 2568694.5,
        "var": 6.59819174298e+12
    },
    "spectral_strongpeak": {
        "dmean": 0.405635774136,
        "dmean2": 0.694453060627,
        "dvar": 0.273072242737,
        "dvar2": 0.688484787941,
        "max": 3.76850223541,
        "mean": 0.653749287128,
        "median": 0.445768296719,
        "min": 0,
        "stdev": 0.622378230095,
        "var": 0.387354671955
    },
    "zerocrossingrate": {
        "dmean": 0.0106560206041,
        "dmean2": 0.013208177872,
        "dvar": 0.000454918830656,
        "dvar2": 0.000543512112927,
        "max": 0.51171875,
        "mean": 0.0321049652994,
        "median": 0.02392578125,
        "min": 0.00244140625,
        "stdev": 0.0323972329497,
        "var": 0.00104958075099
    },
    "barkbands": {
        "dmean": [0.00067868817132, 0.00931240897626, 0.00724113779142, 0.00515334261581, 0.00483191385865, 0.00282880128361, 0.00297241215594, 0.00136226986069, 0.000845221977215, 0.000475352077046, 0.000306177476887, 0.000312558637233, 0.000264867121587, 0.000189138823771, 0.000119671771245, 7.91997954366e-05, 8.30638382467e-05, 3.70795532945e-05, 6.24260937911e-05, 9.34946947382e-05, 5.75026715524e-05, 0.000100354314782, 9.39530800679e-05, 9.61035402725e-05, 9.03754989849e-05, 4.11637629441e-05, 4.11629298469e-06],
        "dmean2": [0.000976681360044, 0.0152387525886, 0.0124101517722, 0.00872333906591, 0.00822828896344, 0.0047384602949, 0.00490976776928, 0.00221552420408, 0.00135077349842, 0.000785990909208, 0.000497088651173, 0.000521022186149, 0.000427815539297, 0.000316272344207, 0.000201661678148, 0.000125399717945, 0.000136590067996, 6.04705965088e-05, 0.000106726984086, 0.000168230384588, 9.13092517294e-05, 0.000152669439558, 0.00014744613145, 0.0001482978696, 0.000141601267387, 6.41460574116e-05, 6.59187526253e-06],
        "dvar": [1.90034222669e-06, 0.000218644505367, 0.000166168305441, 6.45591862849e-05, 5.68875257159e-05, 1.93115392904e-05, 2.97414317174e-05, 7.63794378145e-06, 3.41193549502e-06, 8.2878119656e-07, 6.23403423106e-07, 5.21923084307e-07, 3.86598571822e-07, 1.98657772899e-07, 8.44468672767e-08, 2.91599260294e-08, 2.56562593393e-08, 7.97975729938e-09, 3.26853459853e-08, 1.53738724862e-07, 1.74741998649e-08, 4.99545862453e-08, 4.81976201172e-08, 5.47844365428e-08, 5.79488848018e-08, 9.50198852934e-09, 1.37244951515e-10],
        "dvar2": [3.50216828338e-06, 0.000565929454751, 0.000452610576758, 0.000175671302713, 0.000153439905262, 4.9501817557e-05, 7.51998086344e-05, 1.79001035576e-05, 7.52328651288e-06, 2.23374718189e-06, 1.51363565237e-06, 1.3712793816e-06, 8.87809051164e-07, 5.19375362273e-07, 2.20953467078e-07, 6.8227215877e-08, 6.79609470922e-08, 2.0286702096e-08, 9.06252424215e-08, 4.47872480436e-07, 4.1044764032e-08, 1.00936624392e-07, 9.94799265186e-08, 1.20438812701e-07, 1.31363819378e-07, 2.19838351967e-08, 3.26260490846e-10],
        "max": [0.0140816560015, 0.114517390728, 0.125296831131, 0.0661560744047, 0.06705121696, 0.0386149473488, 0.0528861992061, 0.0291391946375, 0.0201421957463, 0.00971675571054, 0.0122760897502, 0.00660554692149, 0.00518611678854, 0.0041249380447, 0.00231396290474, 0.00201963656582, 0.00128966907505, 0.00139920413494, 0.00176847062539, 0.00347659992985, 0.00204763328657, 0.00313133816235, 0.00295545929112, 0.00331284082495, 0.00276274047792, 0.00101144658402, 0.000184377699043],
        "mean": [0.000873377663083, 0.0138524509966, 0.00871336553246, 0.00641553383321, 0.00657674157992, 0.00362159707583, 0.00347395054996, 0.00168788060546, 0.00102508440614, 0.00056732154917, 0.00040356037789, 0.0003338365932, 0.000316681980621, 0.00017513873172, 0.000117227449664, 9.32306138566e-05, 9.83523786999e-05, 4.12850822613e-05, 5.56768063689e-05, 7.36851288821e-05, 6.32485825918e-05, 0.000114451315312, 0.000104787221062, 0.000115942624689, 0.000108084241219, 5.14304629178e-05, 4.59107332063e-06],
        "median": [0.000177698631887, 0.0100241210312, 0.00453070644289, 0.00344605790451, 0.00423005130142, 0.00185769051313, 0.00123177166097, 0.000449403538369, 0.00018276013725, 0.00015824699949, 6.57492346363e-05, 7.72901330492e-05, 6.13469237578e-05, 2.55218074017e-05, 2.29348788707e-05, 1.66993704624e-05, 2.42146543314e-05, 7.82221832196e-06, 1.07310197563e-05, 9.6281455626e-06, 1.38290251925e-05, 2.58126983681e-05, 1.88296962733e-05, 2.34399321926e-05, 1.88814574358e-05, 1.06834386315e-05, 3.57100759629e-07],
        "min": [4.74829199696e-23, 2.37633982066e-23, 1.06260408014e-23, 3.34149212665e-24, 5.22820483721e-24, 3.87215152118e-23, 9.60951353457e-23, 4.56249064132e-23, 3.10185472187e-23, 6.47974638952e-23, 6.54986034677e-23, 2.18077227235e-22, 1.45306967051e-22, 6.09258607901e-23, 5.53071201066e-23, 1.5088889633e-22, 2.09405033179e-22, 1.75440671081e-22, 2.0003823763e-22, 2.14237178566e-22, 4.09080041383e-22, 4.01562411526e-22, 4.21291153812e-22, 1.1771115351e-21, 1.18223304728e-21, 1.52465593252e-21, 2.46275881969e-21],
        "stdev": [0.00175107561518, 0.0171206388623, 0.0125496480614, 0.00834537949413, 0.00753336353227, 0.00487051391974, 0.00573432212695, 0.00319120660424, 0.00232562748715, 0.00107890018262, 0.00105616054498, 0.000737156253308, 0.000781070208177, 0.000436227128375, 0.000285093905404, 0.000204054114874, 0.000179509705049, 9.83619393082e-05, 0.000156767797307, 0.000298246595776, 0.000144211400766, 0.000284515554085, 0.000277558865491, 0.000303203851217, 0.000295738951536, 0.000121726698126, 1.32935665533e-05],
        "var": [3.06626566271e-06, 0.000293116259854, 0.000157493675943, 6.96453644196e-05, 5.67515671719e-05, 2.37219046539e-05, 3.28824498865e-05, 1.01837995317e-05, 5.40854352948e-06, 1.16402554795e-06, 1.11547512915e-06, 5.43399380604e-07, 6.10070685525e-07, 1.90294102254e-07, 8.12785359017e-08, 4.16380814272e-08, 3.22237347916e-08, 9.67507052252e-09, 2.45761420103e-08, 8.89510403113e-08, 2.07969286237e-08, 8.09491069731e-08, 7.70389263494e-08, 9.19325842119e-08, 8.74615295743e-08, 1.48173890935e-08, 1.767189034e-10]
    },
    "erbbands": {
        "dmean": [0.282535284758, 2.14399886131, 7.46208047867, 12.8899250031, 15.4739265442, 16.9187011719, 26.0375862122, 21.0165805817, 40.5304107666, 32.4267539978, 29.9770641327, 19.3867340088, 15.2282085419, 14.9265489578, 13.1848955154, 12.9694213867, 11.6566410065, 10.7124261856, 6.84430408478, 4.88422346115, 4.69451332092, 4.39553642273, 2.20546627045, 2.40190768242, 3.64482784271, 4.80870437622, 2.28332328796, 2.62292170525, 3.40338897705, 3.54166007042, 2.53783297539, 2.07498168945, 1.58721864223, 1.1314663887, 0.590579032898, 0.223948165774, 0.0724838003516, 0.0126454569399, 0.00044433856965, 2.95160862152e-05],
        "dmean2": [0.447501450777, 3.53346896172, 12.6178913116, 21.676071167, 26.5050354004, 29.4102172852, 43.7245483398, 35.0958786011, 65.7036132812, 55.1985549927, 48.2262153625, 30.451335907, 25.40051651, 23.9261932373, 20.9014511108, 21.0932636261, 18.678850174, 17.4031333923, 11.1314115524, 8.03402805328, 7.39283132553, 7.22134208679, 3.58133983612, 3.98254585266, 6.3214097023, 8.73662090302, 3.72968578339, 4.12895393372, 5.29606199265, 5.54921483994, 3.95113515854, 3.22143244743, 2.44251418114, 1.78857910633, 0.939879655838, 0.349046051502, 0.112619541585, 0.0197745673358, 0.000723720004316, 4.59327093267e-05],
        "dvar": [0.221409797668, 14.6155309677, 189.772338867, 353.252502441, 683.684570312, 890.333129883, 1647.54870605, 1396.98718262, 4847.94677734, 5090.64453125, 4067.28295898, 1740.0032959, 1002.20025635, 1061.25305176, 949.17578125, 834.604003906, 689.506164551, 618.441955566, 216.727478027, 133.28314209, 96.7733917236, 71.8416748047, 24.904838562, 37.2323417664, 159.687576294, 434.36807251, 24.0403404236, 38.9968452454, 60.5832290649, 64.063621521, 34.9722938538, 24.838470459, 15.3235111237, 9.12129878998, 2.48446941376, 0.310038626194, 0.0279325749725, 0.00101889134385, 1.54162160015e-06, 1.31431288075e-09],
        "dvar2": [0.524388551712, 37.3955459595, 499.695861816, 971.593017578, 1813.60241699, 2472.2746582, 4403.16894531, 3493.35083008, 11715.8779297, 13228.6054688, 9912.87207031, 4027.91723633, 2454.19750977, 2816.29589844, 2339.81762695, 2127.29785156, 1663.85131836, 1596.28393555, 532.722229004, 333.399810791, 230.231658936, 190.544143677, 64.1831741333, 95.4933166504, 455.963348389, 1271.03320312, 58.8247375488, 89.0257263184, 127.310317993, 128.909225464, 70.960647583, 54.2299346924, 34.5111274719, 20.9151420593, 5.7708158493, 0.72911965847, 0.0629519447684, 0.00231341319159, 3.67659777112e-06, 2.87170420776e-09],
        "max": [4.68182229996, 29.2619571686, 111.931922913, 181.770675659, 306.061126709, 292.175048828, 397.578369141, 415.654602051, 617.456970215, 718.113525391, 809.648620605, 508.209381104, 425.597961426, 437.738677979, 382.669128418, 250.443862915, 258.501312256, 222.606292725, 137.276809692, 136.348693848, 113.850959778, 70.6350402832, 71.0288085938, 70.7470016479, 121.157608032, 181.356811523, 52.315574646, 92.1333618164, 102.974212646, 103.72354126, 90.3498077393, 70.3875198364, 51.2293930054, 37.0898323059, 18.1246643066, 7.04296779633, 1.94388484955, 0.448153018951, 0.0191801618785, 0.000431451335317],
        "mean": [0.43943798542, 2.9524242878, 8.96695327759, 18.2119464874, 19.6255168915, 21.0694885254, 34.0761070251, 25.6706962585, 50.5447616577, 35.6893692017, 37.9692993164, 24.1400775909, 17.9562950134, 19.0718975067, 17.5111923218, 15.1603527069, 13.8141059875, 10.9383249283, 7.24567365646, 5.04322719574, 5.78667593002, 5.34000921249, 2.51005506516, 2.49121665955, 3.02886343002, 3.68141174316, 2.49595522881, 2.90297102928, 3.82381629944, 4.04360103607, 2.8220539093, 2.40496134758, 1.89569473267, 1.32503664494, 0.693020939827, 0.264839708805, 0.090849108994, 0.015916403383, 0.000550350639969, 6.85118866386e-05],
        "median": [0.264347195625, 1.74776077271, 4.85162878036, 10.4125843048, 11.054391861, 12.3964109421, 17.2577800751, 12.7941446304, 20.6526012421, 12.8922109604, 11.032450676, 5.38794279099, 3.85338497162, 5.30716085434, 3.13942813873, 3.38386535645, 3.00064253807, 1.91080498695, 1.43982362747, 0.942907392979, 1.14352035522, 1.32945585251, 0.543564617634, 0.478087604046, 0.528917849064, 0.47343558073, 0.505599617958, 0.635788500309, 0.873763382435, 0.71766525507, 0.508979439735, 0.473051518202, 0.361813932657, 0.215483024716, 0.105794981122, 0.053264901042, 0.0171367805451, 0.00251933839172, 9.98510222416e-05, 5.66086564504e-05],
        "min": [4.28401049865e-22, 6.64930387481e-21, 1.54315503124e-20, 9.70020729512e-21, 6.0723643807e-21, 2.10407880619e-20, 4.69604489354e-20, 4.13927020485e-19, 1.04217002363e-18, 1.54032765682e-18, 1.07738827219e-18, 8.2885792804e-19, 8.75835479581e-19, 2.86737175578e-18, 4.78525266492e-18, 8.36113335988e-18, 6.30731917235e-18, 3.95326158351e-18, 2.86829737089e-18, 4.49941957707e-18, 9.0909134553e-18, 1.12664687767e-17, 9.22979294425e-18, 1.31449264646e-17, 9.35956434747e-18, 9.10011501244e-18, 1.45361871795e-17, 1.51815898893e-17, 1.32955494367e-17, 1.36846022573e-17, 1.31825797261e-17, 2.14600809901e-17, 1.95189163943e-17, 1.4162999683e-17, 7.56109171604e-18, 5.14467711673e-18, 3.48492350121e-18, 1.23524214701e-18, 3.3481076211e-19, 3.74605833307e-20],
        "stdev": [0.587517797947, 4.06634140015, 13.3818845749, 21.0660381317, 25.8206996918, 27.9287986755, 45.8256835938, 40.4787101746, 78.204498291, 71.0432128906, 71.1464614868, 51.6462059021, 37.0041046143, 39.3210105896, 42.4765434265, 31.8782920837, 31.5485706329, 25.8203678131, 16.0320835114, 11.8949680328, 11.8644886017, 9.64936923981, 5.46672582626, 6.24482536316, 10.0686092377, 15.6795597076, 5.30093383789, 7.00527572632, 9.50153255463, 10.3909387589, 7.57162809372, 6.43242073059, 4.94415998459, 3.65616202354, 1.91245555878, 0.672769606113, 0.213537707925, 0.0392060577869, 0.00139753625263, 5.31706355105e-05],
        "var": [0.345177143812, 16.5351314545, 179.07484436, 443.777984619, 666.708496094, 780.01776123, 2099.9934082, 1638.52587891, 6115.94335938, 5047.13769531, 5061.81884766, 2667.33056641, 1369.30371094, 1546.14196777, 1804.25671387, 1016.2255249, 995.312255859, 666.691345215, 257.027709961, 141.490264893, 140.766098022, 93.1103210449, 29.8850898743, 38.997844696, 101.37688446, 245.848587036, 28.0998973846, 49.073890686, 90.2791290283, 107.971603394, 57.3295555115, 41.3760375977, 24.4447174072, 13.367521286, 3.65748643875, 0.452618956566, 0.0455983504653, 0.00153711508028, 1.953107585e-06, 2.82711654087e-09]
    },
    "gfcc": {
        "mean": [-24.9120140076, 117.199790955, -58.513004303, 25.3785915375, -63.6763877869, 19.0801410675, -38.420589447, 3.54724836349, -20.517829895, 3.94535636902, -14.5229673386, 2.83429574966, -11.4514131546],
        "cov": [[6864.58447266, -1511.484375, -512.781311035, 150.491546631, -138.289215088, 235.830429077, -395.786102295, 289.157806396, -141.735565186, 199.476409912, -400.664428711, 53.9393997192, -328.127624512], [-1511.484375, 1696.28674316, 5.75069189072, -349.495513916, 75.084602356, -112.454177856, 302.162353516, -169.589874268, 125.925865173, -167.670089722, 219.411590576, -92.885848999, 177.023208618], [-512.781311035, 5.75069189072, 911.456176758, 127.582672119, 1.33912980556, 35.2256736755, 42.3094291687, 16.4059257507, -32.8167953491, 32.2829170227, 14.5908975601, 68.6362991333, 1.88703465462], [150.491546631, -349.495513916, 127.582672119, 737.261047363, 183.86831665, 14.9492282867, -3.92596912384, -14.1830377579, 11.3886528015, -26.0185127258, -8.74110031128, -58.6536140442, 9.79612827301], [-138.289215088, 75.084602356, 1.33912980556, 183.86831665, 374.473327637, 35.5957679749, 9.91086101532, 23.3876247406, 62.817024231, 4.61388349533, 0.0659822970629, -40.2563438416, -6.32908153534], [235.830429077, -112.454177856, 35.2256736755, 14.9492282867, 35.5957679749, 269.004669189, 109.282546997, 13.1803073883, 31.4060935974, 14.5970029831, -42.8175811768, 5.08904838562, -25.5030117035], [-395.786102295, 302.162353516, 42.3094291687, -3.92596912384, 9.91086101532, 109.282546997, 328.524230957, -3.20561480522, 27.9340858459, -60.1266937256, 26.4223518372, -11.0199737549, 32.7053184509], [289.157806396, -169.589874268, 16.4059257507, -14.1830377579, 23.3876247406, 13.1803073883, -3.20561480522, 148.783340454, 5.36647081375, 26.6575145721, -26.3020992279, 23.5364723206, -17.3130912781], [-141.735565186, 125.925865173, -32.8167953491, 11.3886528015, 62.817024231, 31.4060935974, 27.9340858459, 5.36647081375, 177.453872681, 38.6472244263, -7.72548246384, -19.6026058197, 12.2344846725], [199.476409912, -167.670089722, 32.2829170227, -26.0185127258, 4.61388349533, 14.5970029831, -60.1266937256, 26.6575145721, 38.6472244263, 140.68321228, 1.85527431965, 26.2056407928, -26.7576465607], [-400.664428711, 219.411590576, 14.5908975601, -8.74110031128, 0.0659822970629, -42.8175811768, 26.4223518372, -26.3020992279, -7.72548246384, 1.85527431965, 146.691741943, 19.8466377258, 43.3679733276], [53.9393997192, -92.885848999, 68.6362991333, -58.6536140442, -40.2563438416, 5.08904838562, -11.0199737549, 23.5364723206, -19.6026058197, 26.2056407928, 19.8466377258, 111.276618958, 10.1352777481], [-328.127624512, 177.023208618, 1.88703465462, 9.79612827301, -6.32908153534, -25.5030117035, 32.7053184509, -17.3130912781, 12.2344846725, -26.7576465607, 43.3679733276, 10.1352777481, 106.334823608]],
        "icov": [[0.000275719794445, -0.000212719663978, 0.000253124162555, -0.000318346836139, 0.000263810099568, -0.000359417404979, 0.000363311410183, -0.000533843762241, 0.000406987819588, -0.000418384326622, 0.000669584784191, -0.000375599076506, 0.000571226351894], [-0.000212719663978, 0.00279368134215, -0.000760991242714, 0.00216359132901, -0.00135241250973, 0.00152944470756, -0.00191434787121, 0.00230769952759, -0.0022504250519, 0.00258147460409, -0.00317375385202, 0.00257779145613, -0.00228500994854], [0.000253124162555, -0.000760991242714, 0.00159176986199, -0.0010081906803, 0.00051278603496, -0.000623595551588, 0.000403120619012, -0.0008752446156, 0.00107097451109, -0.00125336903147, 0.00121401064098, -0.00165135867428, 0.000950724119321], [-0.000318346836139, 0.00216359132901, -0.0010081906803, 0.00344834616408, -0.00192332908046, 0.00122922542505, -0.00141555769369, 0.00213794130832, -0.0017233955441, 0.00235229567625, -0.00262146024033, 0.00287807593122, -0.00233518495224], [0.000263810099568, -0.00135241250973, 0.00051278603496, -0.00192332908046, 0.0041691516526, -0.00131168833468, 0.00125815393403, -0.00211730552837, 0.000140309697599, -0.00115655106492, 0.00117645249702, -0.000513502687681, 0.00169742817525], [-0.000359417404979, 0.00152944470756, -0.000623595551588, 0.00122922542505, -0.00131168833468, 0.00618523266166, -0.00338592543267, 0.00193836481776, -0.00174596579745, 0.00054390495643, -0.000394031376345, 0.000666383421049, -0.000560124986805], [0.000363311410183, -0.00191434787121, 0.000403120619012, -0.00141555769369, 0.00125815393403, -0.00338592543267, 0.00599212246016, -0.00240144273266, 0.000839527405333, 0.000387474603485, 0.0011136183748, -0.00130248733331, 0.00113101431634], [-0.000533843762241, 0.00230769952759, -0.0008752446156, 0.00213794130832, -0.00211730552837, 0.00193836481776, -0.00240144273266, 0.0101115545258, -0.00203434214927, 0.00118047336582, -0.0015194186708, 0.000422534998506, -0.00183621887118], [0.000406987819588, -0.0022504250519, 0.00107097451109, -0.0017233955441, 0.000140309697599, -0.00174596579745, 0.000839527405333, -0.00203434214927, 0.00926523376256, -0.00529488315806, 0.0038330941461, -0.000828890129924, 0.000259552412899], [-0.000418384326622, 0.00258147460409, -0.00125336903147, 0.00235229567625, -0.00115655106492, 0.00054390495643, 0.000387474603485, 0.00118047336582, -0.00529488315806, 0.0128620779142, -0.00501954834908, 0.000632730138022, 0.000184207907296], [0.000669584784191, -0.00317375385202, 0.00121401064098, -0.00262146024033, 0.00117645249702, -0.000394031376345, 0.0011136183748, -0.0015194186708, 0.0038330941461, -0.00501954834908, 0.0133634731174, -0.00477853277698, 0.000256493804045], [-0.000375599076506, 0.00257779145613, -0.00165135867428, 0.00287807593122, -0.000513502687681, 0.000666383421049, -0.00130248733331, 0.000422534998506, -0.000828890129924, 0.000632730138022, -0.00477853277698, 0.0143660865724, -0.0042534545064], [0.000571226351894, -0.00228500994854, 0.000950724119321, -0.00233518495224, 0.00169742817525, -0.000560124986805, 0.00113101431634, -0.00183621887118, 0.000259552412899, 0.000184207907296, 0.000256493804045, -0.0042534545064, 0.0148063814268]]
    },
    "melbands": {
        "dmean": [0.00247702142224, 0.00327722355723, 0.00220283004455, 0.00102127389982, 0.000879144994542, 0.000490543898195, 0.000622279709205, 0.000328680704115, 0.000233588129049, 0.000119998403534, 7.60213006288e-05, 6.22973893769e-05, 4.28982930316e-05, 3.8692727685e-05, 2.85334117507e-05, 2.58213622146e-05, 1.94304066099e-05, 1.13762080218e-05, 8.77335060068e-06, 5.36151901542e-06, 5.90751096752e-06, 5.2201771723e-06, 2.58233194472e-06, 1.72577438207e-06, 1.93504888557e-06, 2.61987997874e-06, 2.99055022879e-06, 3.24033226207e-06, 1.43318140999e-06, 1.33118396661e-06, 1.61060995651e-06, 1.84567193173e-06, 2.19098319576e-06, 1.97846361516e-06, 1.55236250521e-06, 1.3290239167e-06, 1.27380928916e-06, 1.12756640647e-06, 1.12018074105e-06, 9.47754813296e-07],
        "dmean2": [0.00399974640459, 0.00545610627159, 0.00365806557238, 0.00172729056794, 0.00149204826448, 0.000818386557512, 0.00101477769203, 0.00055070198141, 0.000379324977985, 0.000191463419469, 0.000127197024995, 0.000100038545497, 6.82262689224e-05, 6.44164392725e-05, 4.60645896965e-05, 4.25784091931e-05, 3.2165691664e-05, 1.88083140529e-05, 1.47315640788e-05, 8.65005858941e-06, 9.3617636594e-06, 8.68345250638e-06, 4.27776512879e-06, 2.81985717265e-06, 3.225108685e-06, 4.51614778285e-06, 5.43805390407e-06, 5.86892338106e-06, 2.34959361478e-06, 2.15533964365e-06, 2.55124291471e-06, 2.96878738482e-06, 3.36922425959e-06, 3.19575224239e-06, 2.46708532359e-06, 2.09421841646e-06, 2.01741568162e-06, 1.76001731234e-06, 1.73019520844e-06, 1.51945562266e-06],
        "dvar": [1.45615531437e-05, 3.30846560246e-05, 1.00876222859e-05, 2.59981402451e-06, 1.98923680728e-06, 6.5285354367e-07, 1.17882905215e-06, 4.84803592826e-07, 2.71571423127e-07, 7.44084118764e-08, 2.48671927494e-08, 1.83520594277e-08, 1.09724576092e-08, 8.13735390182e-09, 3.90340648693e-09, 3.82875287031e-09, 2.1704549269e-09, 6.65227983809e-10, 5.20015530636e-10, 1.47975534603e-10, 1.5417114807e-10, 1.0434154929e-10, 2.96920092679e-11, 1.81473915756e-11, 2.45954333289e-11, 6.71022196141e-11, 1.5790860286e-10, 1.94698382416e-10, 9.02651564605e-12, 1.00901518044e-11, 1.47043748705e-11, 1.87175951821e-11, 2.41645904675e-11, 2.18609574887e-11, 1.48630309449e-11, 1.03798922582e-11, 9.75853425844e-12, 7.7795695233e-12, 7.59590567528e-12, 7.01974155887e-12],
        "dvar2": [3.65473351849e-05, 8.3777726104e-05, 2.74054709735e-05, 6.92313187756e-06, 5.47782201465e-06, 1.65187213952e-06, 2.88418004857e-06, 1.22526330415e-06, 6.84979397647e-07, 1.68170345205e-07, 6.11801169725e-08, 4.88892837325e-08, 2.54559751056e-08, 2.19446523175e-08, 9.12533337782e-09, 9.50533252109e-09, 5.59494983676e-09, 1.5828011124e-09, 1.41126033082e-09, 3.574824603e-10, 3.73714142965e-10, 2.82239814853e-10, 7.34629995724e-11, 4.6109800006e-11, 6.29769777993e-11, 1.88672091839e-10, 4.59475957282e-10, 5.69794378347e-10, 2.20008768148e-11, 2.43046398979e-11, 3.33085885262e-11, 4.10834422038e-11, 4.81302775412e-11, 4.7103612677e-11, 3.17072965106e-11, 2.25245135044e-11, 2.21063514716e-11, 1.8152382375e-11, 1.72499826923e-11, 1.66074341779e-11],
        "max": [0.0338968113065, 0.0448615401983, 0.0256488472223, 0.0132894255221, 0.0125440144911, 0.0086088674143, 0.0101788071916, 0.00818373262882, 0.00714021967724, 0.00346195627935, 0.00212173420005, 0.00169601396192, 0.00145142630208, 0.000888829003088, 0.000683975638822, 0.000537826155778, 0.000477143039461, 0.000258102809312, 0.000192922816495, 0.000137601251481, 0.000119397038361, 8.97424761206e-05, 4.59234324808e-05, 7.18213123037e-05, 5.85329980822e-05, 8.85143890628e-05, 0.000113159054308, 0.000120654789498, 2.79457253782e-05, 4.93409133924e-05, 5.30038523721e-05, 5.62972345506e-05, 6.6320222686e-05, 5.96067329752e-05, 6.73909016768e-05, 4.53147767985e-05, 3.86512147088e-05, 3.90337190765e-05, 2.99446837744e-05, 3.39568687195e-05],
        "mean": [0.0038515382912, 0.00448517035693, 0.00316049368121, 0.00138690904714, 0.00115369679406, 0.000607745663729, 0.000766571029089, 0.000370241061319, 0.000283325323835, 0.000149602172314, 8.91937525012e-05, 7.71859267843e-05, 5.87499671383e-05, 4.18813906435e-05, 3.39842699759e-05, 2.87449256575e-05, 1.91032904695e-05, 1.18162042781e-05, 8.33909416542e-06, 5.75767535338e-06, 7.10197127773e-06, 6.15742965238e-06, 2.90653133561e-06, 1.90186585769e-06, 1.96973974198e-06, 2.2357371563e-06, 2.22868266064e-06, 2.49380195783e-06, 1.58289219598e-06, 1.37703409564e-06, 1.79130677225e-06, 2.03714671443e-06, 2.43768863584e-06, 2.18350305659e-06, 1.64617404153e-06, 1.45563137721e-06, 1.47619289237e-06, 1.30149851429e-06, 1.2982059161e-06, 1.06316474557e-06],
        "median": [0.00269125797786, 0.00283898646012, 0.00195768172853, 0.000824869377539, 0.000663389568217, 0.000321212864947, 0.000300627376419, 0.000130129599711, 7.98625260359e-05, 2.68181174761e-05, 1.85844000953e-05, 2.14594874706e-05, 9.07887078938e-06, 9.60599663813e-06, 6.31626517134e-06, 5.57132443646e-06, 2.94697451864e-06, 2.2289136723e-06, 1.4785653093e-06, 1.02724675344e-06, 1.3173608977e-06, 1.44777732203e-06, 5.72553346956e-07, 3.62946565247e-07, 3.36240788101e-07, 3.9871187596e-07, 2.82449065026e-07, 2.96254142995e-07, 3.00617728044e-07, 2.86651328452e-07, 3.82269575994e-07, 4.73545270552e-07, 4.36126128989e-07, 3.44430304722e-07, 2.65143796696e-07, 2.78813331533e-07, 2.67577263457e-07, 2.43841384417e-07, 2.19991804329e-07, 1.47198718992e-07],
        "min": [8.08348136163e-24, 8.36121246508e-24, 1.66900859718e-24, 7.67531043116e-25, 1.57707602918e-24, 1.02881819309e-23, 1.66249374995e-23, 1.48308942516e-23, 8.27256264314e-24, 4.72818771901e-24, 4.52389601596e-24, 1.17106417157e-23, 1.2222397873e-23, 2.65294111752e-23, 1.63634017104e-23, 1.31235562836e-23, 6.24508953695e-24, 4.58373505992e-24, 3.96556511636e-24, 1.01181611066e-23, 1.02670302035e-23, 1.13964455169e-23, 9.02160027214e-24, 9.74649402428e-24, 1.11875559381e-23, 5.14338730154e-24, 7.43659175352e-24, 5.98003385052e-24, 7.6154998848e-24, 1.21994838303e-23, 7.05039937534e-24, 7.42349745135e-24, 8.6426914467e-24, 6.4417651824e-24, 6.13493023914e-24, 1.12027675429e-23, 1.43024126654e-23, 1.31161062812e-23, 1.5265525056e-23, 1.03550355261e-23],
        "stdev": [0.00470778252929, 0.00595218967646, 0.0034619315993, 0.00164228549693, 0.00147248187568, 0.000874950841535, 0.00119941949379, 0.000730002473574, 0.00055073807016, 0.000346379907569, 0.000186618344742, 0.000162539712619, 0.000155404239194, 8.99124424905e-05, 7.64088108554e-05, 6.89910084475e-05, 4.70365048386e-05, 2.799005415e-05, 2.13860475924e-05, 1.32469140226e-05, 1.47290547829e-05, 1.13270561997e-05, 6.08966411164e-06, 4.66355595563e-06, 5.08608763994e-06, 6.78999504089e-06, 9.47275202634e-06, 1.05391818579e-05, 3.38815084433e-06, 3.32721992891e-06, 4.3363252189e-06, 5.02059901919e-06, 6.4165801632e-06, 5.73747138333e-06, 4.68168400403e-06, 3.94025073547e-06, 3.99294231102e-06, 3.4295308069e-06, 3.42754287885e-06, 3.07376740238e-06],
        "var": [2.2163218091e-05, 3.54285621142e-05, 1.1984970115e-05, 2.69710153589e-06, 2.16820285459e-06, 7.65538970882e-07, 1.43860700064e-06, 5.32903584372e-07, 3.03312390315e-07, 1.19979034707e-07, 3.48264066474e-08, 2.64191601929e-08, 2.41504753973e-08, 8.08424704957e-09, 5.83830583878e-09, 4.7597592534e-09, 2.21243290355e-09, 7.83443143693e-10, 4.57363064088e-10, 1.75480741049e-10, 2.16945045262e-10, 1.28302202196e-10, 3.70840094743e-11, 2.17487521048e-11, 2.58682884141e-11, 4.61040303157e-11, 8.97330265648e-11, 1.11074358045e-10, 1.1479565562e-11, 1.10703928663e-11, 1.88037155291e-11, 2.52064150802e-11, 4.1172502907e-11, 3.2918577586e-11, 2.19181669342e-11, 1.55255773515e-11, 1.59435867286e-11, 1.17616819062e-11, 1.17480495818e-11, 9.44804564446e-12]
    },
    "melbands128": {
