{
"lowlevel": {
    "average_loudness": 0.972155749798,
    "barkbands_crest": {
        "dmean": 2.94294333458,
        "dmean2": 4.46609210968,
        "dvar": 7.77709150314,
        "dvar2": 16.5040149689,
        "max": 26.416765213,
        "mean": 11.7221975327,
        "median": 10.8298492432,
        "min": 1.97970163822,
        "stdev": 4.95661640167,
        "var": 24.5680446625
    },
    "barkbands_flatness_db": {
        "dmean": 0.0392194092274,
        "dmean2": 0.055541779846,
        "dvar": 0.00163363688625,
        "dvar2": 0.00327546172775,
        "max": 0.418656855822,
        "mean": 0.161105930805,
        "median": 0.155374065042,
        "min": 0.0189574360847,
        "stdev": 0.0689624771476,
        "var": 0.00475582294166
    },
    "barkbands_kurtosis": {
        "dmean": 10.1394166946,
        "dmean2": 13.5990180969,
        "dvar": 1249.86376953,
        "dvar2": 2163.30859375,
        "max": 916.301208496,
        "mean": 14.2768011093,
        "median": 4.19380569458,
        "min": -1.79133868217,
        "stdev": 52.7123908997,
        "var": 2778.59619141
    },
    "barkbands_skewness": {
        "dmean": 0.973467826843,
        "dmean2": 1.39227342606,
        "dvar": 1.60408389568,
        "dvar2": 3.05147862434,
        "max": 26.8649787903,
        "mean": 2.161059618,
        "median": 1.66712152958,
        "min": -1.97807204723,
        "stdev": 2.37899255753,
        "var": 5.65960502625
    },
    "barkbands_spread": {
        "dmean": 8.45130443573,
        "dmean2": 13.1062192917,
        "dvar": 123.090133667,
        "dvar2": 293.067199707,
        "max": 93.928604126,
        "mean": 17.389497757,
        "median": 13.403845787,
        "min": 0.254446238279,
        "stdev": 13.503657341,
        "var": 182.348770142
    },
    "dissonance": {
        "dmean": 0.0320731922984,
        "dmean2": 0.0513063967228,
        "dvar": 0.000914846779779,
        "dvar2": 0.00207440555096,
        "max": 0.499997347593,
        "mean": 0.429163426161,
        "median": 0.438930779696,
        "min": 0.227388039231,
        "stdev": 0.0476106926799,
        "var": 0.00226677814499
    },
    "dynamic_complexity": 3.02002763748,
    "erbbands_crest": {
        "dmean": 3.44815325737,
        "dmean2": 5.41874694824,
        "dvar": 10.5934467316,
        "dvar2": 24.3005714417,
        "max": 29.1123542786,
        "mean": 12.1142196655,
        "median": 10.9813652039,
        "min": 2.67716407776,
        "stdev": 5.4041724205,
        "var": 29.2050800323
    },
    "erbbands_flatness_db": {
        "dmean": 0.0281724687666,
        "dmean2": 0.0414610244334,
        "dvar": 0.000841005588882,
        "dvar2": 0.00151047564577,
        "max": 0.304856002331,
        "mean": 0.161819204688,
        "median": 0.160695359111,
        "min": 0.0544225983322,
        "stdev": 0.0507686324418,
        "var": 0.00257745408453
    },
    "erbbands_kurtosis": {
        "dmean": 1.74863874912,
        "dmean2": 2.72699546814,
        "dvar": 5.75343990326,
        "dvar2": 13.4061470032,
        "max": 26.4063243866,
        "mean": 1.53030133247,
        "median": 0.552627086639,
        "min": -1.85215127468,
        "stdev": 3.01664948463,
        "var": 9.1001739502
    },
    "erbbands_skewness": {
        "dmean": 0.566356420517,
        "dmean2": 0.855381965637,
        "dvar": 0.304103404284,
        "dvar2": 0.696356713772,
        "max": 4.83926057816,
        "mean": 0.957467138767,
        "median": 0.929466545582,
        "min": -1.72963941097,
        "stdev": 0.834509670734,
        "var": 0.696406424046
    },
    "erbbands_spread": {
        "dmean": 12.293302536,
        "dmean2": 18.4595413208,
        "dvar": 198.137786865,
        "dvar2": 408.459472656,
        "max": 133.066390991,
        "mean": 37.9545440674,
        "median": 32.9395599365,
        "min": 4.3045501709,
        "stdev": 22.7592201233,
        "var": 517.982116699
    },
    "hfc": {
        "dmean": 11.626739502,
        "dmean2": 17.8765087128,
        "dvar": 256.587554932,
        "dvar2": 627.030273438,
        "max": 114.423683167,
        "mean": 21.9994297028,
        "median": 16.6012535095,
        "min": 1.10955909638e-16,
        "stdev": 19.7790660858,
        "var": 391.211486816
    },
    "loudness_ebu128": {
        "integrated": -7.56010627747,
        "loudness_range": 2.41420984268,
        "momentary": {
            "dmean": 0.697576403618,
            "dmean2": 0.831915438175,
            "dvar": 0.332932144403,
            "dvar2": 0.632770061493,
            "max": -4.61352586746,
            "mean": -7.89725971222,
            "median": -7.5062789917,
            "min": -15.1183004379,
            "stdev": 1.81451511383,
            "var": 3.29246497154
        },
        "short_term": {
            "dmean": 0.0880236029625,
            "dmean2": 0.0957311913371,
            "dvar": 0.0041543347761,
            "dvar2": 0.00461787637323,
            "max": -6.51927852631,
            "mean": -7.54359960556,
            "median": -7.22203302383,
            "min": -9.74147987366,
            "stdev": 0.828036546707,
            "var": 0.685644567013
        }
    },
    "melbands_crest": {
        "dmean": 3.52022957802,
        "dmean2": 5.52259922028,
        "dvar": 12.2901220322,
        "dvar2": 27.5415248871,
        "max": 34.5012626648,
        "mean": 15.0379867554,
        "median": 13.9353532791,
        "min": 3.27238750458,
        "stdev": 6.05430316925,
        "var": 36.654586792
    },
    "melbands_flatness_db": {
        "dmean": 0.0494737401605,
        "dmean2": 0.0681009069085,
        "dvar": 0.0028163746465,
        "dvar2": 0.0059818867594,
        "max": 0.56252849102,
        "mean": 0.240671396255,
        "median": 0.236853659153,
        "min": 0.010705480352,
        "stdev": 0.090319685638,
        "var": 0.00815764628351
    },
    "melbands_kurtosis": {
        "dmean": 13.9252128601,
        "dmean2": 20.6333732605,
        "dvar": 854.88671875,
        "dvar2": 1550.36364746,
        "max": 436.927978516,
        "mean": 23.9803409576,
        "median": 9.22456264496,
        "min": -1.63100254536,
        "stdev": 47.7958450317,
        "var": 2284.44287109
    },
    "melbands_skewness": {
        "dmean": 1.05798363686,
        "dmean2": 1.56684875488,
        "dvar": 1.70388650894,
        "dvar2": 3.66863393784,
        "max": 15.4007711411,
        "mean": 2.84795856476,
        "median": 2.28494668007,
        "min": -0.545127928257,
        "stdev": 2.30300521851,
        "var": 5.30383348465
    },
    "melbands_spread": {
        "dmean": 9.70425987244,
        "dmean2": 15.487868309,
        "dvar": 275.932403564,
        "dvar2": 609.222045898,
        "max": 177.902252197,
        "mean": 17.8174705505,
        "median": 13.2608318329,
        "min": 0.353504210711,
        "stdev": 19.5273933411,
        "var": 381.319122314
    },
    "pitch_salience": {
        "dmean": 0.0765174925327,
        "dmean2": 0.116285517812,
        "dvar": 0.00640350533649,
        "dvar2": 0.0137597713619,
        "max": 0.839968979359,
        "mean": 0.521108090878,
        "median": 0.531026661396,
        "min": 0.0391759984195,
        "stdev": 0.142928287387,
        "var": 0.0204284954816
    },
    "silence_rate_20dB": {
        "dmean": 0,
        "dmean2": 0,
        "dvar": 0,
        "dvar2": 0,
        "max": 1,
        "mean": 1,
        "median": 1,
        "min": 1,
        "stdev": 0,
        "var": 0
    },
    "silence_rate_30dB": {
        "dmean": 0,
        "dmean2": 0,
        "dvar": 0,
        "dvar2": 0,
        "max": 1,
        "mean": 1,
        "median": 1,
        "min": 1,
        "stdev": 0,
        "var": 0
    },
    "silence_rate_60dB": {
        "dmean": 0.0286377705634,
        "dmean2": 0.0573199056089,
        "dvar": 0.0278176851571,
        "dvar2": 0.0710762664676,
        "max": 1,
        "mean": 0.0293890181929,
        "median": 0,
        "min": 0,
        "stdev": 0.168893739581,
        "var": 0.0285250935704
    },
    "spectral_centroid": {
        "dmean": 362.104553223,
        "dmean2": 565.715942383,
        "dvar": 283294.375,
        "dvar2": 574563.75,
        "max": 10720.953125,
        "mean": 1015.04223633,
        "median": 882.225463867,
        "min": 133.626907349,
        "stdev": 654.698181152,
        "var": 428629.71875
    },
    "spectral_complexity": {
        "dmean": 4.91795682907,
        "dmean2": 7.75213003159,
        "dvar": 37.2644386292,
        "dvar2": 90.3291931152,
        "max": 45,
        "mean": 12.968290329,
        "median": 12,
        "min": 0,
        "stdev": 7.61159229279,
        "var": 57.936340332
    },
    "spectral_decrease": {
        "dmean": 2.03398098364e-09,
        "dmean2": 2.62821875374e-09,
        "dvar": 4.09545269004e-18,
        "dvar2": 6.81186005492e-18,
        "max": -6.5995690941e-29,
        "mean": -7.16130710288e-09,
        "median": -6.82216283465e-09,
        "min": -2.07958628096e-08,
        "stdev": 4.56412152516e-09,
        "var": 2.08312070033e-17
    },
    "spectral_energy": {
        "dmean": 0.008270396851,
        "dmean2": 0.0108410743997,
        "dvar": 6.73180038575e-05,
        "dvar2": 0.000112952177005,
        "max": 0.0815951898694,
        "mean": 0.029023854062,
        "median": 0.0274160280824,
        "min": 1.03131069316e-20,
        "stdev": 0.0182501431555,
        "var": 0.000333067699103
    },
    "spectral_energyband_high": {
        "dmean": 0.000757723930292,
        "dmean2": 0.00121281365864,
        "dvar": 1.93565415429e-06,
        "dvar2": 4.58175918538e-06,
        "max": 0.00909692887217,
        "mean": 0.00077614816837,
        "median": 0.000182058778591,
        "min": 7.48028152102e-21,
        "stdev": 0.00142557930667,
        "var": 2.0322763703e-06
    },
    "spectral_energyband_low": {
        "dmean": 0.00319208973087,
        "dmean2": 0.00403247354552,
        "dvar": 2.53306097875e-05,
        "dvar2": 3.95170500269e-05,
        "max": 0.0501618981361,
        "mean": 0.00672717718408,
        "median": 0.00299224350601,
        "min": 3.62989549263e-23,
        "stdev": 0.00855046510696,
        "var": 7.31104591978e-05
    },
    "spectral_energyband_middle_high": {
        "dmean": 0.00275085004978,
        "dmean2": 0.00423832982779,
        "dvar": 1.98286561499e-05,
        "dvar2": 4.62101197627e-05,
        "max": 0.0436355136335,
        "mean": 0.00492499582469,
        "median": 0.00239168270491,
        "min": 1.31250621875e-21,
        "stdev": 0.00656097428873,
        "var": 4.30463842349e-05
    },
    "spectral_energyband_middle_low": {
        "dmean": 0.00576139520854,
        "dmean2": 0.00816145539284,
        "dvar": 3.85547318729e-05,
        "dvar2": 7.56371009629e-05,
        "max": 0.0604195445776,
        "mean": 0.0172930061817,
        "median": 0.0156322009861,
        "min": 5.35771001787e-22,
        "stdev": 0.0129402922466,
        "var": 0.000167451173184
    },
    "spectral_entropy": {
        "dmean": 0.384593755007,
        "dmean2": 0.555197477341,
        "dvar": 0.177167475224,
        "dvar2": 0.355370461941,
        "max": 9.81390380859,
        "mean": 7.23647594452,
        "median": 7.21201658249,
        "min": 5.2121295929,
        "stdev": 0.668570458889,
        "var": 0.446986496449
    },
    "spectral_flux": {
        "dmean": 0.0326560512185,
        "dmean2": 0.049080517143,
        "dvar": 0.000893993361387,
        "dvar2": 0.0018803087296,
        "max": 0.267344623804,
        "mean": 0.0869274362922,
        "median": 0.0768433734775,
        "min": 1.01553467025e-10,
        "stdev": 0.0486316420138,
        "var": 0.00236503663473
    },
    "spectral_kurtosis": {
        "dmean": 2.86482739449,
        "dmean2": 4.40450525284,
        "dvar": 14.3488578796,
        "dvar2": 32.2743225098,
        "max": 38.214138031,
        "mean": 6.65944385529,
        "median": 5.43077945709,
        "min": -1.20453298092,
        "stdev": 5.45459747314,
        "var": 29.7526340485
    },
    "spectral_rms": {
        "dmean": 0.000818181782961,
        "dmean2": 0.00104657304473,
        "dvar": 6.20465129941e-07,
        "dvar2": 1.02382455225e-06,
        "max": 0.00892216712236,
        "mean": 0.00500307604671,
        "median": 0.00517178326845,
        "min": 3.17199738697e-12,
        "stdev": 0.00181249296293,
        "var": 3.28513056047e-06
    },
    "spectral_rolloff": {
        "dmean": 804.114990234,
        "dmean2": 1353.39001465,
        "dvar": 2413133.25,
        "dvar2": 5094983,
        "max": 18561.6210938,
        "mean": 1243.59729004,
        "median": 624.462890625,
        "min": 64.599609375,
        "stdev": 1716.36486816,
        "var": 2945908.5
    },
    "spectral_skewness": {
        "dmean": 0.373258173466,
        "dmean2": 0.556548297405,
        "dvar": 0.183956950903,
        "dvar2": 0.383588969707,
        "max": 5.07181930542,
        "mean": 1.97531437874,
        "median": 1.87946605682,
        "min": 0.0395658239722,
        "stdev": 0.68370705843,
        "var": 0.467455327511
    },
    "spectral_spread": {
        "dmean": 1082643.125,
        "dmean2": 1465947.375,
        "dvar": 2.8410291159e+12,
        "dvar2": 4.0091952087e+12,
        "max": 41041788,
        "mean": 5424628.5,
        "median": 4995841.5,
        "min": 1606137.5,
        "stdev": 2324653.25,
        "var": 5.40401257677e+12
    },
    "spectral_strongpeak": {
        "dmean": 0.590105652809,
        "dmean2": 0.968352198601,
        "dvar": 0.640564024448,
        "dvar2": 1.55864882469,
        "max": 6.18547391891,
        "mean": 1.39154410362,
        "median": 0.992099106312,
        "min": 0,
        "stdev": 1.23012924194,
        "var": 1.51321804523
    },
    "zerocrossingrate": {
        "dmean": 0.0169333815575,
        "dmean2": 0.0201991852373,
        "dvar": 0.000582141801715,
        "dvar2": 0.000644181040116,
        "max": 0.5107421875,
        "mean": 0.0546165034175,
        "median": 0.0458984375,
        "min": 0.0029296875,
        "stdev": 0.0409877113998,
        "var": 0.00167999241967
    },
    "barkbands": {
        "dmean": [3.25862783939e-05, 0.00267875893041, 0.00130008661654, 0.000998950679787, 0.00158032844774, 0.00142814021092, 0.00232043140568, 0.00163472793065, 0.000888714566827, 0.000433394277934, 0.000283996429062, 0.000730956089683, 0.000409177766414, 0.000627847621217, 0.000278745574178, 0.000335468910635, 0.000174310116563, 0.000202642971999, 0.000181584837264, 0.000173101696419, 7.88193137851e-05, 0.000122167737572, 0.000147574624862, 0.000124691345263, 0.000139450334245, 0.000100954821391, 1.42348490044e-05],
        "dmean2": [4.85744021717e-05, 0.00336502958089, 0.00205699144863, 0.00176811101846, 0.00242743920535, 0.00228579714894, 0.00340495817363, 0.0022156520281, 0.00114533887245, 0.000611895462498, 0.000406943523558, 0.00104285462294, 0.000634651165456, 0.00107910193037, 0.000463784788735, 0.000601307954639, 0.000284469337203, 0.000367920147255, 0.000288618088234, 0.000272579549346, 0.000132029221277, 0.000195798420464, 0.000237314365222, 0.000195615823031, 0.000225139068789, 0.000167328500538, 2.43444283115e-05],
        "dvar": [2.32287145074e-09, 2.93464781862e-05, 7.27034739612e-06, 6.68085749567e-06, 7.00315922586e-06, 5.33294678462e-06, 1.58718412422e-05, 8.98609960132e-06, 3.73033367396e-06, 1.28127408061e-06, 7.80916423082e-07, 6.49241019346e-06, 1.1207279158e-06, 2.84228349301e-06, 3.52273474391e-07, 7.57898533266e-07, 7.95453019009e-08, 1.9826856601e-07, 1.02253416401e-07, 7.87263942925e-08, 2.06102104272e-08, 5.19499714358e-08, 1.10713010315e-07, 4.85973359332e-08, 7.03581548578e-08, 3.11128260932e-08, 1.062032573e-09],
        "dvar2": [6.2337406348e-09, 4.61849158455e-05, 1.61833704624e-05, 1.88361518667e-05, 1.35762766149e-05, 1.22603705677e-05, 3.4257889638e-05, 1.53121563926e-05, 5.44682507098e-06, 2.06136087399e-06, 1.49531285842e-06, 1.33338789965e-05, 2.78766856354e-06, 7.76069646236e-06, 8.90674527909e-07, 2.10514872379e-06, 1.96487263793e-07, 5.48914556475e-07, 2.31516708027e-07, 1.70653336795e-07, 5.29234718272e-08, 1.25680003293e-07, 2.52861809713e-07, 1.02872377283e-07, 1.75189512674e-07, 7.84421416711e-08, 2.7138207237e-09],
        "max": [0.000666454085149, 0.0451843291521, 0.0198449399322, 0.015738574788, 0.0490453392267, 0.0269697550684, 0.0505210533738, 0.04285344854, 0.0413922332227, 0.0220457259566, 0.0192916728556, 0.0403168387711, 0.0178081654012, 0.0185300670564, 0.00561881856993, 0.00687932502478, 0.00286031677388, 0.00291087338701, 0.00452805683017, 0.00328621384688, 0.000988732324913, 0.0015929879155, 0.0025735523086, 0.00152986834291, 0.00166002649348, 0.00112316198647, 0.000374776456738],
        "mean": [6.34155512671e-05, 0.00430439366028, 0.00172096909955, 0.00113004993182, 0.00391851784661, 0.00214041606523, 0.00461121974513, 0.00320219271816, 0.00216854503378, 0.000842543609906, 0.000445655663498, 0.0011662566103, 0.000555441190954, 0.000578503939323, 0.000336970377248, 0.000276275939541, 0.000219067092985, 0.000153528919327, 0.000240640642005, 0.000226234042202, 7.5087438745e-05, 0.000124932266772, 0.000142514516483, 0.000138244620757, 0.000132647604914, 9.7922005807e-05, 1.16568189696e-05],
        "median": [1.94725071196e-05, 0.0017437901115, 0.000843478483148, 0.000474548898637, 0.00183251616545, 0.000884044449776, 0.0013495949097, 0.000723865116015, 0.000293991353828, 9.58432210609e-05, 5.73069701204e-05, 0.000139688592753, 0.000107859668788, 0.000116237904876, 6.35845281067e-05, 7.00116506778e-05, 9.96301678242e-05, 3.41181694239e-05, 8.65495167091e-05, 9.61256300798e-05, 1.94134918274e-05, 1.8661523427e-05, 2.52126046689e-05, 2.08903311432e-05, 2.42675632762e-05, 3.10260002152e-05, 1.87480725344e-06],
        "min": [3.68257704383e-24, 1.21396376866e-23, 8.31124680421e-24, 4.11520808578e-23, 7.17126564557e-23, 4.91902926475e-23, 2.3673475952e-22, 3.82956060536e-23, 9.55184086042e-23, 2.06324581831e-23, 3.19503023883e-23, 9.31252065662e-23, 1.49864450004e-22, 1.47972635335e-22, 1.75640827181e-22, 1.04665881889e-22, 8.84370062065e-23, 1.56865155086e-22, 2.42688904927e-22, 3.07305271602e-22, 5.52024616147e-22, 5.01256305078e-22, 4.96240866282e-22, 7.3890018577e-22, 1.48835419449e-21, 1.78489662656e-21, 1.9196773871e-21],
        "stdev": [8.76489502843e-05, 0.00750962458551, 0.00281645683572, 0.0021133213304, 0.00621221540496, 0.00333584379405, 0.00707131484523, 0.00622149324045, 0.00455915601924, 0.0024725755211, 0.00133315776475, 0.00343757774681, 0.00126023520716, 0.0014483074192, 0.000681217235979, 0.000701785786077, 0.000323417742038, 0.000354625110049, 0.000434325949755, 0.000343311257893, 0.000134513597004, 0.000240593464696, 0.000334059208399, 0.00024643735378, 0.000258597458014, 0.000167860402144, 2.91698142973e-05],
        "var": [7.68233832105e-09, 5.63944631722e-05, 7.93242907093e-06, 4.46612739324e-06, 3.8591620978e-05, 1.11278541226e-05, 5.00034911965e-05, 3.8706977648e-05, 2.07859029615e-05, 6.11362975178e-06, 1.77730976247e-06, 1.18169409689e-05, 1.58819273111e-06, 2.09759446079e-06, 4.64056938654e-07, 4.92503318128e-07, 1.04599031658e-07, 1.25758973013e-07, 1.88639020848e-07, 1.17862626325e-07, 1.80939068173e-08, 5.78852130673e-08, 1.11595554131e-07, 6.07313737078e-08, 6.68726514164e-08, 2.81771139754e-08, 8.50878034697e-10]
    },
    "erbbands": {
        "dmean": [0.0571518167853, 0.68323802948, 1.34751093388, 2.58684873581, 3.44322371483, 5.67450809479, 9.07601737976, 13.9313697815, 33.4389648438, 30.3293075562, 31.53216362, 17.4857177734, 14.2068767548, 10.4020738602, 16.7830543518, 24.7965297699, 17.9568824768, 20.8884239197, 29.3428554535, 10.6127061844, 20.2838287354, 10.6725358963, 10.2439203262, 9.01858329773, 11.3445386887, 7.1429772377, 3.09289073944, 3.33685612679, 4.43256139755, 3.90184140205, 4.50172996521, 3.21551012993, 1.83381736279, 1.34120452404, 1.11496722698, 0.486060351133, 0.191528111696, 0.0390157364309, 0.00154652725905, 3.94672679249e-05],
        "dmean2": [0.0660511702299, 0.87411570549, 1.90450692177, 4.33360242844, 5.86395168304, 8.62509918213, 13.1818027496, 21.732509613, 49.3425712585, 42.0887107849, 40.4080505371, 23.0008926392, 19.8542938232, 15.158205986, 24.2903079987, 35.8075561523, 26.6463127136, 33.9047317505, 50.8924598694, 18.4210739136, 36.3202896118, 17.4024467468, 18.202287674, 15.7431364059, 17.6198654175, 11.2180023193, 5.21994924545, 5.5282793045, 7.13018846512, 6.36785697937, 7.14586114883, 5.07674455643, 2.86556005478, 2.13543701172, 1.85108935833, 0.80843603611, 0.321077316999, 0.0649488195777, 0.00263626361266, 6.30060749245e-05],
        "dvar": [0.0121996505186, 1.92255437374, 5.81096410751, 40.9968414307, 36.4779090881, 94.3476104736, 508.570343018, 505.23828125, 3716.41943359, 3516.73730469, 3157.28564453, 1518.67773438, 1307.06005859, 662.763000488, 2386.75708008, 9283.72949219, 1921.75195312, 1935.67028809, 7052.26611328, 428.729187012, 2941.84130859, 303.131835938, 415.489562988, 388.488647461, 434.736755371, 140.071975708, 29.8802185059, 38.9105606079, 66.3299789429, 65.3923873901, 113.007911682, 33.3045501709, 10.7611446381, 6.21077060699, 4.63163471222, 0.81166100502, 0.112272314727, 0.00545179704204, 1.05840599645e-05, 3.97988797474e-09],
        "dvar2": [0.0153658203781, 3.13066506386, 11.7771196365, 108.645843506, 102.83732605, 207.647125244, 933.360595703, 1104.78735352, 7905.01611328, 6439.74414062, 4467.11376953, 2428.10571289, 2309.734375, 1206.41711426, 4341.66552734, 19596.4785156, 4187.98046875, 5038.74853516, 18905.9277344, 1149.74316406, 8194.95800781, 753.173339844, 1136.12390137, 1054.96936035, 953.042602539, 319.572845459, 79.0535888672, 98.1421051025, 160.777709961, 165.02935791, 256.800994873, 72.1312332153, 22.3059272766, 14.816318512, 11.6941347122, 2.06298303604, 0.286006391048, 0.0136705171317, 2.70763248409e-05, 1.0078766266e-08],
        "max": [0.990723371506, 11.0842475891, 18.4729785919, 42.1658058167, 44.4286346436, 178.415390015, 384.949249268, 304.87411499, 747.937072754, 852.110473633, 781.625183105, 622.131958008, 726.058776855, 509.863494873, 774.412231445, 1799.29370117, 786.862609863, 541.106140137, 892.495727539, 191.634902954, 428.106048584, 200.03894043, 129.936752319, 147.897964478, 345.044158936, 140.045669556, 42.4732933044, 51.4454154968, 56.2699775696, 56.6164894104, 80.3868713379, 37.8834686279, 23.2595310211, 16.7547874451, 14.5276231766, 6.32357883453, 2.40308856964, 0.706755638123, 0.0336059816182, 0.000594108947553],
        "mean": [0.0985482335091, 1.04682314396, 2.02056074142, 3.31664824486, 5.40277290344, 13.114151001, 21.5559272766, 21.6197299957, 62.7496070862, 63.2374076843, 72.9577941895, 41.6046180725, 29.7990112305, 18.4976158142, 32.3965873718, 39.4343109131, 28.3581523895, 24.0721168518, 28.0680656433, 12.761048317, 17.0393047333, 13.4279432297, 8.73028659821, 8.25964164734, 17.6048526764, 9.35361194611, 3.1253092289, 3.22081446648, 4.56421852112, 3.77186584473, 4.36332035065, 3.3851647377, 2.05933952332, 1.37638497353, 1.00069403648, 0.463154792786, 0.179676294327, 0.0356721431017, 0.00132458936423, 6.32555529592e-05],
        "median": [0.0357586033642, 0.483683735132, 1.33200120926, 1.0586938858, 3.30959439278, 5.60497903824, 3.09376382828, 9.89924430847, 19.2000637054, 19.2961425781, 20.868637085, 7.71344518661, 5.80682897568, 4.4002828598, 5.30859422684, 5.29158115387, 5.48601341248, 7.47639703751, 4.77208518982, 3.19583177567, 4.78325510025, 6.62913942337, 2.635430336, 2.49292039871, 6.7291932106, 4.12551307678, 1.01146709919, 0.740647375584, 0.750065803528, 0.67995429039, 0.668843269348, 0.449986189604, 0.368104547262, 0.242179244757, 0.18017667532, 0.139760166407, 0.0529964491725, 0.00894748792052, 0.000271059456281, 4.69772494398e-05],
        "min": [5.09672150894e-22, 2.22173220246e-21, 7.30310896578e-21, 7.2477474799e-20, 2.55835925771e-19, 2.05328083698e-19, 2.52697550829e-19, 5.20535918987e-19, 2.96823898686e-18, 1.99697033584e-18, 1.50748134867e-18, 2.30853659895e-18, 7.38062551501e-19, 1.0434513264e-18, 1.19751888537e-18, 4.46552709224e-18, 7.20398874662e-18, 8.68357994318e-18, 7.65470788187e-18, 6.47620422442e-18, 6.55974698475e-18, 5.22254872678e-18, 7.76745756244e-18, 9.42678931585e-18, 1.33370631501e-17, 1.54179650212e-17, 2.40430384796e-17, 1.9185001779e-17, 1.92074415347e-17, 1.20796915436e-17, 1.43263099514e-17, 1.33850627867e-17, 1.36385266428e-17, 1.42836654821e-17, 1.27533854847e-17, 6.80721502219e-18, 3.06052711421e-18, 1.21559009342e-18, 2.40161085808e-19, 2.93471790613e-20],
        "stdev": [0.173314198852, 1.85584652424, 2.93389868736, 5.85790538788, 6.43841838837, 20.6837730408, 52.222946167, 34.1718292236, 103.109230042, 119.079353333, 127.777481079, 86.4271774292, 72.882194519, 44.8705635071, 82.0410690308, 123.694793701, 62.0714607239, 45.4248886108, 73.0729751587, 22.7768650055, 43.3819580078, 19.8587589264, 16.8883686066, 16.8063354492, 30.2953796387, 14.0397872925, 5.12497138977, 5.93875169754, 8.63815784454, 7.86969566345, 10.7322702408, 6.32965040207, 3.70349431038, 2.56846189499, 2.02200341225, 0.845994472504, 0.314202189445, 0.0690591931343, 0.00292949914001, 6.37261255179e-05],
        "var": [0.030037811026, 3.44416642189, 8.60776138306, 34.3150558472, 41.4532318115, 427.818450928, 2727.23608398, 1167.71386719, 10631.5136719, 14179.8916016, 16327.0839844, 7469.65673828, 5311.81396484, 2013.36755371, 6730.73681641, 15300.4023438, 3852.86621094, 2063.4206543, 5339.66015625, 518.785583496, 1881.99414062, 394.370300293, 285.21697998, 282.452941895, 917.810058594, 197.115615845, 26.265329361, 35.2687721252, 74.6177749634, 61.9321098328, 115.181617737, 40.0644721985, 13.7158708572, 6.59699630737, 4.0884976387, 0.715706646442, 0.0987230166793, 0.00476917205378, 8.58196563058e-06, 4.06101907657e-09]
    },
    "gfcc": {
        "mean": [-7.44293403625, 82.5580978394, -91.1732559204, 13.1111154556, -56.2354431152, 4.92651891708, -41.8025665283, 15.1727628708, -23.8842945099, 13.6551551819, -12.8679265976, 2.53348040581, -20.3107318878],
        "cov": [[6688.79492188, -1559.41015625, -982.948059082, -423.124481201, -874.194824219, -102.261146545, -438.380218506, -67.9663619995, -217.673706055, -97.5491333008, -280.186248779, -23.4836883545, -192.383560181], [-1559.41015625, 1885.35705566, 182.945556641, -97.1375656128, 620.653503418, -73.0988082886, 364.260314941, 191.082992554, 132.640304565, 37.0639419556, 189.063674927, -68.6136627197, -5.58389377594], [-982.948059082, 182.945556641, 775.482666016, 393.25213623, 119.597160339, 126.193351746, 23.5030326843, -48.1219863892, 12.3352403641, -12.2669706345, -19.7701225281, 13.7711334229, 32.0641670227], [-423.124481201, -97.1375656128, 393.25213623, 498.615264893, 165.804534912, 82.6797561646, -77.2754745483, -42.3499603271, 46.0125350952, 38.4111824036, -24.4769229889, -39.5738258362, 31.4637889862], [-874.194824219, 620.653503418, 119.597160339, 165.804534912, 561.713134766, 50.0476226807, 136.777709961, 89.003112793, 96.9039306641, 80.6848297119, 84.7127532959, -32.3396720886, 15.599439621], [-102.261146545, -73.0988082886, 126.193351746, 82.6797561646, 50.0476226807, 224.02281189, 106.263725281, -18.8620834351, -13.0463657379, -7.67420291901, -12.0579214096, 5.22761249542, -3.99964594841], [-438.380218506, 364.260314941, 23.5030326843, -77.2754745483, 136.777709961, 106.263725281, 354.99911499, 120.535606384, -14.884147644, -11.6280956268, 79.6201400757, 27.7571201324, -34.505443573], [-67.9663619995, 191.082992554, -48.1219863892, -42.3499603271, 89.003112793, -18.8620834351, 120.535606384, 137.507827759, 53.9268684387, 28.3418598175, 47.4326248169, 5.0847325325, -6.24690341949], [-217.673706055, 132.640304565, 12.3352403641, 46.0125350952, 96.9039306641, -13.0463657379, -14.884147644, 53.9268684387, 157.575195312, 80.6220703125, 21.857624054, -24.6493873596, 36.6953964233], [-97.5491333008, 37.0639419556, -12.2669706345, 38.4111824036, 80.6848297119, -7.67420291901, -11.6280956268, 28.3418598175, 80.6220703125, 153.998184204, 60.2357902527, -31.4689788818, -0.895034372807], [-280.186248779, 189.063674927, -19.7701225281, -24.4769229889, 84.7127532959, -12.0579214096, 79.6201400757, 47.4326248169, 21.857624054, 60.2357902527, 123.888160706, 31.3982219696, -12.895277977], [-23.4836883545, -68.6136627197, 13.7711334229, -39.5738258362, -32.3396720886, 5.22761249542, 27.7571201324, 5.0847325325, -24.6493873596, -31.4689788818, 31.3982219696, 119.734542847, 32.7151679993], [-192.383560181, -5.58389377594, 32.0641670227, 31.4637889862, 15.599439621, -3.99964594841, -34.505443573, -6.24690341949, 36.6953964233, -0.895034372807, -12.895277977, 32.7151679993, 124.528991699]],
        "icov": [[0.000306699192151, -6.50941510685e-05, 0.000426466431236, -0.000163986565894, 0.000354545627488, -0.000378662691219, 0.00052468344802, -0.00071184366243, 0.000429245643318, -0.000330814073095, 0.000719356001355, -0.000383915496059, 0.000502106850035], [-6.50941510685e-05, 0.00198301207274, -0.00131306122057, 0.00169507297687, -0.00198165792972, 0.00170863897074, -0.00141894479748, 0.000850189127959, -0.00133601191919, 0.00196312693879, -0.0023774462752, 0.00256279949099, -0.000660911027808], [0.000426466431236, -0.00131306122057, 0.00381634710357, -0.00333042535931, 0.00178515096195, -0.00160019204486, 0.000538700493053, -0.000339621998137, 0.000883180589881, -0.00127429014537, 0.00264055025764, -0.00290868361481, 0.00108417659067], [-0.000163986565894, 0.00169507297687, -0.00333042535931, 0.00610859645531, -0.00290673202835, 0.000196477383724, 0.000718852679711, 0.00027977899299, -0.000964969105553, 0.00134192162659, -0.00231590634212, 0.00343877077103, -0.00112879252993], [0.000354545627488, -0.00198165792972, 0.00178515096195, -0.00290673202835, 0.00511518632993, -0.00202379235998, 0.00084754958516, -0.00195124046877, 0.000781879469287, -0.00213550240733, 0.00145956559572, -0.00180774589535, 0.000545155489817], [-0.000378662691219, 0.00170863897074, -0.00160019204486, 0.000196477383724, -0.00202379235998, 0.0095547651872, -0.0064768535085, 0.00590984337032, -0.00249116728082, 0.000519592664205, 0.000370028457837, 0.00113261758815, -0.000605210138019], [0.00052468344802, -0.00141894479748, 0.000538700493053, 0.000718852679711, 0.00084754958516, -0.0064768535085, 0.010470203124, -0.00912829022855, 0.00421082554385, 0.000316059362376, -0.00130696722772, -0.00117719802074, 0.00149105011951], [-0.00071184366243, 0.000850189127959, -0.000339621998137, 0.00027977899299, -0.00195124046877, 0.00590984337032, -0.00912829022855, 0.0191749297082, -0.00777628552169, 0.00110853579827, -0.00168774335179, 0.000154649853357, -9.40049794735e-05], [0.000429245643318, -0.00133601191919, 0.000883180589881, -0.000964969105553, 0.000781879469287, -0.00249116728082, 0.00421082554385, -0.00777628552169, 0.0141315171495, -0.00648787850514, 0.00291130435653, -0.000271524651907, -0.00261965207756], [-0.000330814073095, 0.00196312693879, -0.00127429014537, 0.00134192162659, -0.00213550240733, 0.000519592664205, 0.000316059362376, 0.00110853579827, -0.00648787850514, 0.0153910759836, -0.0109418546781, 0.0067526511848, -0.000891232164577], [0.000719356001355, -0.0023774462752, 0.00264055025764, -0.00231590634212, 0.00145956559572, 0.000370028457837, -0.00130696722772, -0.00168774335179, 0.00291130435653, -0.0109418546781, 0.0218061264604, -0.0107445921749, 0.00443647941574], [-0.000383915496059, 0.00256279949099, -0.00290868361481, 0.00343877077103, -0.00180774589535, 0.00113261758815, -0.00117719802074, 0.000154649853357, -0.000271524651907, 0.0067526511848, -0.0107445921749, 0.0171605572104, -0.00614605518058], [0.000502106850035, -0.000660911027808, 0.00108417659067, -0.00112879252993, 0.000545155489817, -0.000605210138019, 0.00149105011951, -9.40049794735e-05, -0.00261965207756, -0.000891232164577, 0.00443647941574, -0.00614605518058, 0.0119426585734]]
    },
    "melbands": {
        "dmean": [0.000660484365653, 0.000649996974971, 0.000436854810687, 0.000293668475933, 0.000311020034133, 0.00030765592237, 0.000495610351209, 0.000348706962541, 0.000244737719186, 0.000106019571831, 7.42613337934e-05, 4.64823824586e-05, 4.60335104435e-05, 7.79102701927e-05, 6.73665272188e-05, 3.41807135555e-05, 4.21292315878e-05, 5.91711686866e-05, 1.87226050912e-05, 1.67661528394e-05, 2.1951898816e-05, 9.39274195844e-06, 1.29281597765e-05, 8.06675780041e-06, 7.17141574569e-06, 8.08343702374e-06, 8.86510224518e-06, 3.87112913813e-06, 1.87305670352e-06, 1.85942303688e-06, 1.96375367523e-06, 2.42545979745e-06, 2.52415384239e-06, 2.07890684578e-06, 2.73213458968e-06, 2.30681371249e-06, 1.85784540463e-06, 1.25468886836e-06, 1.17525951282e-06, 1.14575641419e-06],
        "dmean2": [0.000800802372396, 0.000790860853158, 0.000714956957381, 0.000477231340483, 0.000444180332124, 0.000479432375869, 0.000733613909688, 0.000469910679385, 0.000310554343741, 0.000140552394441, 0.000104317659861, 6.61281810608e-05, 6.4335836214e-05, 0.000112132896902, 0.000104257793282, 5.12924525538e-05, 6.95647468092e-05, 0.000102952733869, 3.21420629916e-05, 2.97550741379e-05, 3.9158610889e-05, 1.48612753037e-05, 2.27147374972e-05, 1.46110760397e-05, 1.26561280922e-05, 1.24416428662e-05, 1.40362026286e-05, 6.2724120653e-06, 3.18622846862e-06, 3.25430482917e-06, 3.21840047945e-06, 3.9209598981e-06, 4.06157505495e-06, 3.4995898659e-06, 4.35047468272e-06, 3.69099325326e-06, 2.95647896564e-06, 1.99007899937e-06, 1.81762266038e-06, 1.852996661e-06],
        "dvar": [1.74986882939e-06, 1.02943681668e-06, 8.87089072421e-07, 1.92902163576e-07, 4.99604198012e-07, 2.18848398958e-07, 7.51145705635e-07, 3.9107803218e-07, 1.98912275096e-07, 5.37985052063e-08, 3.43117037005e-08, 1.38381492931e-08, 1.56893786851e-08, 7.58522489264e-08, 7.49880442186e-08, 5.57695534198e-09, 8.58004955973e-09, 3.09164107648e-08, 1.65125801921e-09, 1.44888101516e-09, 3.39477557176e-09, 2.11144018936e-10, 6.13518735815e-10, 3.45858147677e-10, 2.62696919773e-10, 2.21548432378e-10, 2.59000987324e-10, 5.70307377712e-11, 1.17277116837e-11, 1.20400694623e-11, 1.38551696158e-11, 1.93487517675e-11, 2.37093782107e-11, 1.98415641556e-11, 4.60953115955e-11, 2.13023990808e-11, 1.07550088627e-11, 4.80781907342e-12, 5.05112401558e-12, 4.61175628935e-12],
        "dvar2": [2.54031465374e-06, 1.54627991833e-06, 2.30330306294e-06, 4.83747840008e-07, 8.5775872094e-07, 4.7911726142e-07, 1.63126776442e-06, 7.1698929105e-07, 2.7413958037e-07, 8.7133052773e-08, 5.92778519604e-08, 2.40048461109e-08, 2.53201886125e-08, 1.63777116313e-07, 1.84705370998e-07, 1.11213953602e-08, 2.26405223458e-08, 8.34290574403e-08, 4.38009672976e-09, 4.01885813517e-09, 9.4385876892e-09, 4.58064003395e-10, 1.65075053626e-09, 9.58294221753e-10, 7.11902703454e-10, 4.82153039716e-10, 5.36341859814e-10, 1.39636663343e-10, 3.10651539215e-11, 3.2377083653e-11, 3.37918547311e-11, 4.73648655019e-11, 5.73161518247e-11, 5.16850659493e-11, 1.06120487398e-10, 4.58797236313e-11, 2.44181567327e-11, 9.85203151699e-12, 1.17680873726e-11, 1.10927864116e-11],
        "max": [0.0117339976132, 0.0111220059916, 0.00615999288857, 0.00629212800413, 0.0134188523516, 0.00614700978622, 0.0114424005151, 0.00838136859238, 0.00794516596943, 0.00337090529501, 0.00350635848008, 0.00205270433798, 0.00315970880911, 0.00393070373684, 0.00491344509646, 0.00130527827423, 0.000929125177208, 0.00190240086522, 0.000441799638793, 0.000308726186631, 0.000446452962933, 0.000254138692981, 0.000159959759912, 0.000133704204927, 0.000122469398775, 0.00025324645685, 0.000217278531636, 9.57407028181e-05, 2.59641037701e-05, 2.29581528401e-05, 3.13809287036e-05, 3.3709598938e-05, 3.4363460145e-05, 3.19126811519e-05, 5.14223138453e-05, 3.68968285329e-05, 2.16968383029e-05, 1.54824247147e-05, 1.60226190928e-05, 1.43690331242e-05],
        "mean": [0.00108090974391, 0.00119211268611, 0.000615424767602, 0.000631020346191, 0.00077948597027, 0.000488295860123, 0.000932495342568, 0.000717225251719, 0.000584671681281, 0.000239774410147, 0.000151791551616, 8.23524096631e-05, 8.37049956317e-05, 0.00012051705562, 9.93311259663e-05, 4.89483536512e-05, 4.4480253564e-05, 5.22948066646e-05, 2.13271032408e-05, 1.56360438268e-05, 1.84556265594e-05, 1.33439107231e-05, 1.15310403999e-05, 6.10411871094e-06, 6.07035326539e-06, 1.16553637781e-05, 1.29338632178e-05, 4.42870759798e-06, 1.83534814369e-06, 1.62752132837e-06, 1.93914570445e-06, 2.47424441113e-06, 2.55813074546e-06, 1.92111701836e-06, 2.59530315816e-06, 2.31552280638e-06, 1.94916310647e-06, 1.42569444961e-06, 1.2397467799e-06, 1.14883027891e-06],
        "median": [0.000393583643017, 0.000712877546903, 0.000318323815009, 0.000415755959693, 0.000119183969218, 0.000216315471334, 0.000303203123622, 0.000173187014298, 0.000130180545966, 3.65144005627e-05, 2.24977502512e-05, 1.44814348459e-05, 1.30984035422e-05, 1.55148863996e-05, 1.05517501652e-05, 1.05324033939e-05, 1.0815027963e-05, 7.2081579674e-06, 4.50538755103e-06, 3.75847821488e-06, 5.24876077179e-06, 6.53439019516e-06, 3.0195844829e-06, 1.37050346893e-06, 1.55869156515e-06, 3.91335788663e-06, 5.83576093049e-06, 1.36906794523e-06, 4.20926255629e-07, 4.4055775561e-07, 3.77062633561e-07, 4.14850632069e-07, 3.45245496192e-07, 4.07319845408e-07, 4.28306691447e-07, 3.04664297346e-07, 2.61229814669e-07, 2.77519461633e-07, 1.89844769238e-07, 2.06098988542e-07],
        "min": [4.15531298534e-24, 3.94707066687e-24, 1.86726815699e-23, 1.8331496073e-23, 7.45357513995e-24, 1.13704312509e-23, 4.77333517525e-23, 1.68122824982e-23, 1.48592538012e-23, 1.3330701691e-23, 3.28902676278e-24, 4.07555007592e-24, 4.31661019134e-24, 7.21454318592e-24, 1.1859769559e-23, 1.8571429695e-23, 1.60198669857e-23, 1.11172510765e-23, 1.36115629945e-23, 5.70699094742e-24, 8.05462561857e-24, 4.62007078208e-24, 6.94151527118e-24, 7.4563566635e-24, 7.56910145293e-24, 8.87817983755e-24, 8.86993071906e-24, 1.06649182334e-23, 1.6149121845e-23, 1.21864013611e-23, 1.08459468228e-23, 1.04998167457e-23, 9.51587211636e-24, 5.92981259871e-24, 8.30241945068e-24, 9.68552217606e-24, 7.06269850571e-24, 9.1684254304e-24, 9.95846962698e-24, 1.33269025368e-23],
        "stdev": [0.00191660504788, 0.0015984675847, 0.000892742886208, 0.000747508194763, 0.0017857409548, 0.00072452245513, 0.0014438269427, 0.00129720731638, 0.00104502064642, 0.000500437803566, 0.000387856678572, 0.000221949696424, 0.000216433370952, 0.00036159506999, 0.000324835214997, 0.000109981898277, 9.18917139643e-05, 0.000149644401972, 4.37602720922e-05, 3.27413254126e-05, 4.6794390073e-05, 2.0185521862e-05, 2.16708449443e-05, 1.47678929352e-05, 1.35601612783e-05, 2.22097678488e-05, 2.10190064536e-05, 8.33842932479e-06, 3.17152307616e-06, 3.03764500131e-06, 3.64998322766e-06, 4.59697912447e-06, 5.13955319548e-06, 4.08858068113e-06, 6.75036744724e-06, 4.9003147069e-06, 3.51541552845e-06, 2.49188019552e-06, 2.37817948801e-06, 2.17465276364e-06],
        "var": [3.67337497664e-06, 2.55509871749e-06, 7.9698980926e-07, 5.58768476822e-07, 3.1888707781e-06, 5.24932772805e-07, 2.08463620766e-06, 1.68274686985e-06, 1.09206814614e-06, 2.50438006333e-07, 1.50432811097e-07, 4.92616649694e-08, 4.68434038225e-08, 1.30750990479e-07, 1.05517919735e-07, 1.20960175209e-08, 8.44408720724e-09, 2.2393448873e-08, 1.91496152269e-09, 1.07199438215e-09, 2.18971507593e-09, 4.07455263973e-10, 4.69625505151e-10, 2.18090656645e-10, 1.83877982285e-10, 4.93273810687e-10, 4.41798625461e-10, 6.95293961295e-11, 1.00585581531e-11, 9.22728733699e-12, 1.33223770557e-11, 2.11322175037e-11, 2.6415009069e-11, 1.67164910386e-11, 4.55674595279e-11, 2.40130849233e-11, 1.23581457567e-11, 6.20946740207e-12, 5.65573716332e-12, 4.72911510299e-12]
    },
    "melbands128": {
