{
"lowlevel": {
    "average_loudness": 0.939458310604,
    "barkbands_crest": {
        "dmean": 3.25375962257,
        "dmean2": 4.59200716019,
        "dvar": 8.12354469299,
        "dvar2": 17.1698532104,
        "max": 26.6615486145,
        "mean": 13.8207025528,
        "median": 13.2314682007,
        "min": 3.20032143593,
        "stdev": 5.21756267548,
        "var": 27.2229614258
    },
    "barkbands_flatness_db": {
        "dmean": 0.0333710722625,
        "dmean2": 0.04458052665,
        "dvar": 0.00171627150849,
        "dvar2": 0.0035485716071,
        "max": 0.571610331535,
        "mean": 0.187188744545,
        "median": 0.170464321971,
        "min": 0.033053252846,
        "stdev": 0.091664493084,
        "var": 0.00840237922966
    },
    "barkbands_kurtosis": {
        "dmean": 15.3061475754,
        "dmean2": 22.8932628632,
        "dvar": 5661.15576172,
        "dvar2": 15123.0361328,
        "max": 1270.38232422,
        "mean": 19.6153488159,
        "median": 4.30365562439,
        "min": -1.86175096035,
        "stdev": 72.3071136475,
        "var": 5228.31835938
    },
    "barkbands_skewness": {
        "dmean": 0.985734879971,
        "dmean2": 1.40232515335,
        "dvar": 3.18038702011,
        "dvar2": 7.67261171341,
        "max": 28.6651515961,
        "mean": 2.74851417542,
        "median": 2.04853153229,
        "min": -1.87166976929,
        "stdev": 2.47387433052,
        "var": 6.12005376816
    },
    "barkbands_spread": {
        "dmean": 5.98706007004,
        "dmean2": 9.04669380188,
        "dvar": 74.4412078857,
        "dvar2": 153.520980835,
        "max": 100.178642273,
        "mean": 17.5417308807,
        "median": 14.9978322983,
        "min": 0.0627955719829,
        "stdev": 13.1739521027,
        "var": 173.553009033
    },
    "dissonance": {
        "dmean": 0.0237317401916,
        "dmean2": 0.0398967638612,
        "dvar": 0.000610137125477,
        "dvar2": 0.00154028565157,
        "max": 0.500000119209,
        "mean": 0.447695761919,
        "median": 0.458060145378,
        "min": 0.211690351367,
        "stdev": 0.0384007282555,
        "var": 0.00147461588494
    },
    "dynamic_complexity": 2.49210095406,
    "erbbands_crest": {
        "dmean": 2.68497991562,
        "dmean2": 4.18165445328,
        "dvar": 6.02841663361,
        "dvar2": 14.1385345459,
        "max": 25.5115947723,
        "mean": 9.88220596313,
        "median": 8.79336261749,
        "min": 2.04883718491,
        "stdev": 4.60727882385,
        "var": 21.2270202637
    },
    "erbbands_flatness_db": {
        "dmean": 0.0178218744695,
        "dmean2": 0.0264334231615,
        "dvar": 0.000471108971396,
        "dvar2": 0.00102554436307,
        "max": 0.406722038984,
        "mean": 0.158491685987,
        "median": 0.142607823014,
        "min": 0.0507358945906,
        "stdev": 0.0608466975391,
        "var": 0.00370232039131
    },
    "erbbands_kurtosis": {
        "dmean": 1.37596130371,
        "dmean2": 2.21407532692,
        "dvar": 26.2703151703,
        "dvar2": 70.1803131104,
        "max": 122.451919556,
        "mean": 0.707841396332,
        "median": -0.223258972168,
        "min": -1.83217430115,
        "stdev": 4.90226507187,
        "var": 24.032201767
    },
    "erbbands_skewness": {
        "dmean": 0.416089177132,
        "dmean2": 0.620805680752,
        "dvar": 0.310958534479,
        "dvar2": 0.76038646698,
        "max": 8.63088607788,
        "mean": 0.547980844975,
        "median": 0.474118471146,
        "min": -2.68050599098,
        "stdev": 0.877476215363,
        "var": 0.769964456558
    },
    "erbbands_spread": {
        "dmean": 8.93332958221,
        "dmean2": 13.4345321655,
        "dvar": 106.570823669,
        "dvar2": 221.944396973,
        "max": 151.112121582,
        "mean": 46.0357055664,
        "median": 41.6694793701,
        "min": 1.83640754223,
        "stdev": 24.2756156921,
        "var": 589.305541992
    },
    "hfc": {
        "dmean": 7.2599196434,
        "dmean2": 10.275935173,
        "dvar": 143.869613647,
        "dvar2": 320.757385254,
        "max": 184.339935303,
        "mean": 23.2776451111,
        "median": 20.7931690216,
        "min": 1.21546554483e-16,
        "stdev": 18.658996582,
        "var": 348.158172607
    },
    "loudness_ebu128": {
        "integrated": -9.78721427917,
        "loudness_range": 3.98123645782,
        "momentary": {
            "dmean": 0.445245891809,
            "dmean2": 0.586444973946,
            "dvar": 0.202808022499,
            "dvar2": 0.214309290051,
            "max": -7.02849197388,
            "mean": -10.2921733856,
            "median": -9.66391086578,
            "min": -22.0292263031,
            "stdev": 2.32072782516,
            "var": 5.38577747345
        },
        "short_term": {
            "dmean": 0.0576362162828,
            "dmean2": 0.0551329031587,
            "dvar": 0.00220526056364,
            "dvar2": 0.00222758413292,
            "max": -8.07073688507,
            "mean": -10.0316524506,
            "median": -9.64543151855,
            "min": -12.824968338,
            "stdev": 1.33840429783,
            "var": 1.79132592678
        }
    },
    "melbands_crest": {
        "dmean": 4.45811080933,
        "dmean2": 6.61907482147,
        "dvar": 15.5874252319,
        "dvar2": 33.4778366089,
        "max": 37.8458328247,
        "mean": 20.1166057587,
        "median": 19.618019104,
        "min": 4.30445766449,
        "stdev": 7.69519090652,
        "var": 59.215965271
    },
    "melbands_flatness_db": {
        "dmean": 0.0378763787448,
        "dmean2": 0.0509379990399,
        "dvar": 0.00232818233781,
        "dvar2": 0.0048606665805,
        "max": 0.68959903717,
        "mean": 0.254332989454,
        "median": 0.230638667941,
        "min": 0.0136517425999,
        "stdev": 0.109569609165,
        "var": 0.0120054995641
    },
    "melbands_kurtosis": {
        "dmean": 24.8553333282,
        "dmean2": 33.1789474487,
        "dvar": 4464.00097656,
        "dvar2": 8097.85986328,
        "max": 1481.46203613,
        "mean": 43.7653274536,
        "median": 14.6405105591,
        "min": -1.41933071613,
        "stdev": 92.1741638184,
        "var": 8496.07617188
    },
    "melbands_skewness": {
        "dmean": 1.21933281422,
        "dmean2": 1.62133300304,
        "dvar": 2.46082901955,
        "dvar2": 3.99894928932,
        "max": 24.6128177643,
        "mean": 4.20914840698,
        "median": 3.2361497879,
        "min": 0.118547156453,
        "stdev": 3.26974916458,
        "var": 10.6912593842
    },
    "melbands_spread": {
        "dmean": 5.9825592041,
        "dmean2": 8.99860477448,
        "dvar": 92.8835906982,
        "dvar2": 192.422622681,
        "max": 139.354614258,
        "mean": 15.8854722977,
        "median": 12.7299594879,
        "min": 0.0989105030894,
        "stdev": 13.9555988312,
        "var": 194.758743286
    },
    "pitch_salience": {
        "dmean": 0.0966054573655,
        "dmean2": 0.142485111952,
        "dvar": 0.00984431710094,
        "dvar2": 0.0217832922935,
        "max": 0.834308803082,
        "mean": 0.441033303738,
        "median": 0.449464857578,
        "min": 0.0311501566321,
        "stdev": 0.164365127683,
        "var": 0.0270158946514
    },
    "silence_rate_20dB": {
        "dmean": 0,
        "dmean2": 0,
        "dvar": 0,
        "dvar2": 0,
        "max": 1,
        "mean": 1,
        "median": 1,
        "min": 1,
        "stdev": 0,
        "var": 0
    },
    "silence_rate_30dB": {
        "dmean": 0.0897832810879,
        "dmean2": 0.179705649614,
        "dvar": 0.0817229822278,
        "dvar2": 0.164450913668,
        "max": 1,
        "mean": 0.824439287186,
        "median": 1,
        "min": 0,
        "stdev": 0.380447119474,
        "var": 0.144740000367
    },
    "silence_rate_60dB": {
        "dmean": 0.0193498451263,
        "dmean2": 0.0379550717771,
        "dvar": 0.0189749803394,
        "dvar2": 0.0396139025688,
        "max": 1,
        "mean": 0.0348027832806,
        "median": 0,
        "min": 0,
        "stdev": 0.183283388615,
        "var": 0.0335927978158
    },
    "spectral_centroid": {
        "dmean": 289.944061279,
        "dmean2": 427.702514648,
        "dvar": 163797.453125,
        "dvar2": 301453.84375,
        "max": 10655.4326172,
        "mean": 1246.82641602,
        "median": 1237.13623047,
        "min": 87.247505188,
        "stdev": 671.864074707,
        "var": 451401.3125
    },
    "spectral_complexity": {
        "dmean": 3.44969034195,
        "dmean2": 5.31138658524,
        "dvar": 19.8744659424,
        "dvar2": 43.3902931213,
        "max": 56,
        "mean": 14.9621038437,
        "median": 14,
        "min": 0,
        "stdev": 8.39221858978,
        "var": 70.4293365479
    },
    "spectral_decrease": {
        "dmean": 4.9390593837e-09,
        "dmean2": 6.66800525906e-09,
        "dvar": 4.76914754111e-17,
        "dvar2": 7.50202721528e-17,
        "max": -1.43677712255e-30,
        "mean": -1.42305029982e-08,
        "median": -9.43740641191e-09,
        "min": -5.4897423496e-08,
        "stdev": 1.34409203767e-08,
        "var": 1.80658336894e-16
    },
    "spectral_energy": {
        "dmean": 0.0189902056009,
        "dmean2": 0.025603864342,
        "dvar": 0.000691172492225,
        "dvar2": 0.00108362548053,
        "max": 0.213459536433,
        "mean": 0.0558204986155,
        "median": 0.0378454327583,
        "min": 1.10300423015e-20,
        "stdev": 0.0514707639813,
        "var": 0.00264923949726
    },
    "spectral_energyband_high": {
        "dmean": 0.000504332652781,
        "dmean2": 0.00076056830585,
        "dvar": 1.11671829472e-06,
        "dvar2": 2.72113879873e-06,
        "max": 0.011018418707,
        "mean": 0.00105601828545,
        "median": 0.00061818928225,
        "min": 7.99819755868e-21,
        "stdev": 0.00138093461283,
        "var": 1.90698040115e-06
    },
    "spectral_energyband_low": {
        "dmean": 0.0157155506313,
        "dmean2": 0.0210371930152,
        "dvar": 0.000668219348881,
        "dvar2": 0.00105761527084,
        "max": 0.191687315702,
        "mean": 0.0370665714145,
        "median": 0.0167091228068,
        "min": 5.00634259855e-23,
        "stdev": 0.0490915775299,
        "var": 0.00240998296067
    },
    "spectral_energyband_middle_high": {
        "dmean": 0.00168819504324,
        "dmean2": 0.00264551537111,
        "dvar": 8.86284578883e-06,
        "dvar2": 2.05123105843e-05,
        "max": 0.0534055307508,
        "mean": 0.00523413717747,
        "median": 0.00303319864906,
        "min": 1.41883891324e-21,
        "stdev": 0.00567295355722,
        "var": 3.21824009006e-05
    },
    "spectral_energyband_middle_low": {
        "dmean": 0.00889435876161,
        "dmean2": 0.0151674738154,
        "dvar": 0.000306202739011,
        "dvar2": 0.000848527764902,
        "max": 0.144477397203,
        "mean": 0.0138483718038,
        "median": 0.0101632736623,
        "min": 4.98482947814e-22,
        "stdev": 0.0157499890774,
        "var": 0.000248062133323
    },
    "spectral_entropy": {
        "dmean": 0.271635204554,
        "dmean2": 0.402734458447,
        "dvar": 0.109156183898,
        "dvar2": 0.251277387142,
        "max": 9.80256271362,
        "mean": 7.30997657776,
        "median": 7.33159017563,
        "min": 4.34320497513,
        "stdev": 0.630010247231,
        "var": 0.396912932396
    },
    "spectral_flux": {
        "dmean": 0.0479434505105,
        "dmean2": 0.0653305128217,
        "dvar": 0.00251492322423,
        "dvar2": 0.00361519097351,
        "max": 0.441618442535,
        "mean": 0.125712424517,
        "median": 0.098545819521,
        "min": 1.05024010322e-10,
        "stdev": 0.0929254367948,
        "var": 0.00863513629884
    },
    "spectral_kurtosis": {
        "dmean": 2.35226297379,
        "dmean2": 3.66971302032,
        "dvar": 33.4735641479,
        "dvar2": 70.7080001831,
        "max": 139.171432495,
        "mean": 5.99505090714,
        "median": 3.45303106308,
        "min": -1.19447314739,
        "stdev": 11.0505189896,
        "var": 122.113975525
    },
    "spectral_rms": {
        "dmean": 0.00126016058493,
        "dmean2": 0.00165120523889,
        "dvar": 2.23320057557e-06,
        "dvar2": 3.33152365783e-06,
        "max": 0.0144309801981,
        "mean": 0.00661521079019,
        "median": 0.00607637828216,
        "min": 3.28039895595e-12,
        "stdev": 0.00327077554539,
        "var": 1.06979723569e-05
    },
    "spectral_rolloff": {
        "dmean": 451.763885498,
        "dmean2": 756.832458496,
        "dvar": 1011098.375,
        "dvar2": 1875012.25,
        "max": 18863.0859375,
        "mean": 987.964111328,
        "median": 602.9296875,
        "min": 43.06640625,
        "stdev": 1246.26879883,
        "var": 1553186
    },
    "spectral_skewness": {
        "dmean": 0.270810484886,
        "dmean2": 0.418718338013,
        "dvar": 0.180124908686,
        "dvar2": 0.36945515871,
        "max": 9.01378726959,
        "mean": 1.72719657421,
        "median": 1.55855488777,
        "min": 0.0161533784121,
        "stdev": 0.888308525085,
        "var": 0.789092063904
    },
    "spectral_spread": {
        "dmean": 614642.125,
        "dmean2": 902466.625,
        "dvar": 1.55981932134e+12,
        "dvar2": 2.04242681856e+12,
        "max": 40131104,
        "mean": 5103495.5,
        "median": 5143370.5,
        "min": 446086.75,
        "stdev": 1981514.25,
        "var": 3.92639859917e+12
    },
    "spectral_strongpeak": {
        "dmean": 0.376287251711,
        "dmean2": 0.612600207329,
        "dvar": 0.311984866858,
        "dvar2": 0.74327814579,
        "max": 5.70405197144,
        "mean": 0.910098671913,
        "median": 0.515250444412,
        "min": 0,
        "stdev": 0.931557714939,
        "var": 0.867799818516
    },
    "zerocrossingrate": {
        "dmean": 0.0105849700049,
        "dmean2": 0.0120587693527,
        "dvar": 0.000313912285492,
        "dvar2": 0.000355481373845,
        "max": 0.5087890625,
        "mean": 0.0439777895808,
        "median": 0.03955078125,
        "min": 0.001953125,
        "stdev": 0.0316903665662,
        "var": 0.00100427935831
    },
    "barkbands": {
        "dmean": [0.00221088249236, 0.0142781184986, 0.00764246843755, 0.00384499155916, 0.00344510609284, 0.00144828250632, 0.00104158825707, 0.000747705402318, 0.000567071721889, 0.000508262543008, 0.000409287342336, 0.000272834528005, 0.000308857095661, 0.000317148835165, 0.000307628972223, 0.000175917884917, 0.000203296061954, 0.000219065826968, 0.00010649975593, 0.000152143664309, 8.79059007275e-05, 0.00012923651957, 9.86308805295e-05, 0.000103229001979, 7.67466262914e-05, 4.09421954828e-05, 5.98136239205e-06],
        "dmean2": [0.00274425954558, 0.0169179923832, 0.0136492364109, 0.0072231781669, 0.00592945562676, 0.00225227628835, 0.00162181514315, 0.00118516362272, 0.0008966656751, 0.000772228522692, 0.000664696795866, 0.000449671904789, 0.000480264599901, 0.000509248464368, 0.000482043862576, 0.000271618540864, 0.000316056335578, 0.000338046054821, 0.000170569997863, 0.000235916173551, 0.000143578741699, 0.00022318426636, 0.000149780360516, 0.000154028253746, 0.000113100075396, 6.32435912848e-05, 9.19869125937e-06],
        "dvar": [2.00075010071e-05, 0.000499449495692, 0.000421634758823, 0.000125583610497, 5.02065049659e-05, 8.04163119028e-06, 4.61273793917e-06, 2.61825584857e-06, 2.11239284909e-06, 1.45779324612e-06, 1.18401601412e-06, 5.23427104326e-07, 7.1214651598e-07, 5.81046208481e-07, 4.32466805478e-07, 1.6853022089e-07, 1.69849386111e-07, 1.11718215123e-07, 3.52311850804e-08, 6.72773694532e-08, 3.15504316006e-08, 1.71609713107e-07, 2.92760429232e-08, 3.56233016419e-08, 2.72426774472e-08, 1.1478010542e-08, 4.94887630875e-10],
        "dvar2": [2.82627061097e-05, 0.000646997359581, 0.00114054349251, 0.000362442107871, 0.000141218028148, 1.78909522219e-05, 1.06966117528e-05, 6.13489146417e-06, 5.41907365914e-06, 3.0687006074e-06, 2.68667599812e-06, 1.30733201331e-06, 1.83119664143e-06, 1.37867971262e-06, 1.03948138985e-06, 3.5933470599e-07, 4.18320524886e-07, 2.57938353343e-07, 8.90316158575e-08, 1.56485100433e-07, 8.16690572947e-08, 4.86275610001e-07, 6.99900795098e-08, 7.35425658149e-08, 5.76563436994e-08, 2.41861428663e-08, 1.13610754138e-09],
        "max": [0.0346442982554, 0.179951354861, 0.130705624819, 0.0813413783908, 0.0560452789068, 0.0346205085516, 0.0336168184876, 0.0226354580373, 0.0301423929632, 0.0191185846925, 0.0250203143805, 0.011497694999, 0.0171265304089, 0.00754306605086, 0.00759535934776, 0.0107101667672, 0.00563415046781, 0.0034050969407, 0.00252987374552, 0.00262261554599, 0.00176627619658, 0.00491385394707, 0.0020165706519, 0.00285528926179, 0.0020662820898, 0.000931889982894, 0.000262116489466],
        "mean": [0.00294452975504, 0.0272298902273, 0.00555343553424, 0.00275957258418, 0.00468792347237, 0.00234070140868, 0.00191811402328, 0.00124866690021, 0.000821749854367, 0.00108762388118, 0.00080281595001, 0.00037326439633, 0.000494333449751, 0.000459348608274, 0.000459974166006, 0.000291272241157, 0.000418508454459, 0.000491077953484, 0.000212485989323, 0.000344402709743, 0.000137066861498, 0.000150406456669, 0.000201097747777, 0.000200044742087, 0.000134427580633, 5.24243987456e-05, 5.41146437172e-06],
        "median": [0.000350708403857, 0.00936695467681, 0.00038773950655, 0.000367583154002, 0.00202942010947, 0.000892202951945, 0.000567464740016, 0.000316233868944, 0.000196132808924, 0.00016845697246, 8.74271790963e-05, 7.33379783924e-05, 0.000122939018183, 9.96422604658e-05, 8.62563538249e-05, 9.20526435948e-05, 0.000175105771632, 0.000327238725731, 0.00011295893637, 0.000206118245842, 4.93905681651e-05, 4.66668134322e-05, 0.000118444106192, 0.000112783651275, 5.83883047511e-05, 1.36049893626e-05, 1.43286101206e-07],
        "min": [4.28985147723e-23, 2.19913342012e-23, 8.63061398624e-24, 3.44532791545e-24, 2.51185523789e-23, 3.06572653324e-22, 7.69572183238e-23, 3.09161562287e-23, 4.25394000447e-23, 4.17539533295e-23, 1.03481927888e-22, 8.67484778378e-23, 9.56074804668e-23, 5.17535162987e-23, 1.0473815417e-22, 6.89337077459e-23, 1.44001080398e-22, 1.7796298125e-22, 3.86511803735e-22, 4.62289555099e-22, 5.24256611309e-22, 5.90462816698e-22, 6.13143792035e-22, 8.72624857197e-22, 8.28606267224e-22, 1.82350996685e-21, 2.74817753044e-21],
        "stdev": [0.00626334315166, 0.0407139100134, 0.0167545359582, 0.00847180653363, 0.00690159294754, 0.00385898933746, 0.00325440382585, 0.0024009202607, 0.00188516522758, 0.00231881579384, 0.00236978032626, 0.000965373823419, 0.00115111086052, 0.000926475622691, 0.0008867252036, 0.000669268192723, 0.000597088364884, 0.000544064736459, 0.000288824230665, 0.000397646945203, 0.000215990119614, 0.000360000733053, 0.000249634904321, 0.000276618200587, 0.000227339885896, 0.000123208126752, 2.20159217861e-05],
        "var": [3.92294678022e-05, 0.00165762240067, 0.000280714477412, 7.17715010978e-05, 4.76319837617e-05, 1.48917988554e-05, 1.05911440187e-05, 5.7644183471e-06, 3.55384781869e-06, 5.37690675628e-06, 5.61585829928e-06, 9.31946601668e-07, 1.32505624606e-06, 8.58357111611e-07, 7.86281589171e-07, 4.47919887847e-07, 3.56514533451e-07, 2.96006447797e-07, 8.34194295862e-08, 1.58123100391e-07, 4.66517313669e-08, 1.29600522314e-07, 6.23175893111e-08, 7.65176366713e-08, 5.16834219866e-08, 1.51802410642e-08, 4.84700779513e-10]
    },
    "erbbands": {
        "dmean": [0.679525732994, 3.15881538391, 8.06696605682, 11.3718357086, 11.849105835, 12.0618619919, 11.1261930466, 13.148475647, 14.1190757751, 15.0665225983, 15.3237667084, 12.1693372726, 11.7256603241, 20.2705402374, 15.4784660339, 10.3226280212, 13.8458471298, 12.1668329239, 15.6268701553, 12.3059864044, 9.24122905731, 11.2792749405, 10.891541481, 7.2334318161, 5.49192047119, 7.55914783478, 4.10647964478, 3.3228302002, 4.58029556274, 3.59795641899, 2.70495176315, 2.06274104118, 1.81800580025, 1.0562056303, 0.46256801486, 0.20503424108, 0.0735861212015, 0.0151592083275, 0.000626712688245, 3.07121481455e-05],
        "dmean2": [0.752721786499, 4.05446863174, 13.4845199585, 20.9806938171, 21.2892570496, 20.5598487854, 17.5000629425, 20.519777298, 22.1446666718, 23.5086097717, 23.769569397, 18.9482555389, 18.8500118256, 29.5526065826, 25.2787837982, 16.8310623169, 21.4844779968, 20.0631599426, 24.8830986023, 19.1493415833, 13.7131128311, 17.3885650635, 16.6460342407, 11.4558181763, 8.6515827179, 11.641831398, 6.47377109528, 5.649330616, 8.02854728699, 5.77428293228, 4.12035655975, 3.05920124054, 2.73151469231, 1.53404474258, 0.685604274273, 0.321541786194, 0.111888997257, 0.0226153768599, 0.000968427804764, 4.16107905039e-05],
        "dvar": [1.13040673733, 32.1371650696, 409.009277344, 998.269470215, 923.30871582, 586.035095215, 383.545715332, 746.680419922, 930.407287598, 914.836181641, 1208.93896484, 908.936157227, 1023.04779053, 2172.16064453, 1342.52563477, 882.278747559, 1342.62011719, 1136.18835449, 1236.97473145, 794.976318359, 594.384216309, 416.657318115, 297.734680176, 134.333496094, 110.006469727, 182.359542847, 51.2268333435, 81.4867477417, 243.865905762, 56.5479316711, 22.5554771423, 15.2569732666, 11.9029836655, 3.99702167511, 1.35734784603, 0.251286864281, 0.0421209447086, 0.00262710801326, 5.44172826267e-06, 2.73707678744e-09],
        "dvar2": [1.06966519356, 55.2288970947, 1036.65332031, 2821.53540039, 2635.15356445, 1597.60681152, 933.943237305, 1680.45776367, 2229.74682617, 1874.15625, 2766.24731445, 2102.63842773, 2689.48632812, 4200.24121094, 3103.13647461, 2263.13085938, 3272.74291992, 2983.73193359, 2931.15014648, 1879.50854492, 1151.59118652, 1025.94226074, 691.990539551, 334.261627197, 271.039154053, 419.852630615, 127.230697632, 221.159393311, 694.504394531, 147.338226318, 53.4482650757, 30.8733482361, 25.9730892181, 8.38562679291, 3.04080700874, 0.557632267475, 0.0885649845004, 0.00567667512223, 1.29490999825e-05, 5.53083889798e-09],
        "max": [9.02245998383, 42.8776054382, 140.674987793, 223.690109253, 263.30255127, 241.831924438, 212.393676758, 346.450836182, 379.078399658, 596.664428711, 455.944885254, 619.756347656, 557.421936035, 714.449401855, 780.539733887, 544.388793945, 670.237365723, 445.676879883, 450.189056396, 398.388580322, 714.888549805, 253.460250854, 165.756149292, 114.769104004, 142.552703857, 157.107025146, 84.1309967041, 82.661781311, 184.784088135, 81.141204834, 51.7309761047, 48.0596427917, 58.9207801819, 30.3814430237, 12.9508190155, 4.48179340363, 1.83751916885, 0.544845938683, 0.0264541339129, 0.00054058409296],
        "mean": [1.16375911236, 4.55352640152, 6.72058296204, 8.31818008423, 10.9330348969, 17.0247192383, 18.4927387238, 20.8378677368, 23.5480861664, 32.4064903259, 25.9567928314, 18.8134403229, 19.4197120667, 41.5450973511, 30.0809764862, 15.9370965958, 23.1928043365, 19.9021949768, 28.5000972748, 19.9736061096, 18.0975227356, 24.4403476715, 24.5134506226, 17.1324443817, 12.5078897476, 17.2576713562, 8.86796283722, 3.98938989639, 4.99001836777, 6.39645338058, 5.50280427933, 4.09033298492, 3.34601402283, 1.97332084179, 0.687297821045, 0.274142533541, 0.0909847691655, 0.016343889758, 0.000611417228356, 7.86818782217e-05],
        "median": [0.315716713667, 1.30200791359, 0.990453481674, 1.21050643921, 2.65833282471, 5.95198488235, 6.19708871841, 7.55756855011, 8.64235687256, 9.74078273773, 6.93246459961, 4.83506727219, 6.24284124374, 8.09903907776, 6.66274547577, 5.18539524078, 6.52274131775, 6.04745006561, 5.8719162941, 5.47293186188, 7.18537998199, 10.5484018326, 15.776761055, 10.944475174, 6.82535219193, 10.4038248062, 4.45613527298, 1.08854329586, 1.31852400303, 3.28849387169, 3.10752940178, 2.18373680115, 1.72433340549, 0.903293430805, 0.266438692808, 0.0854186937213, 0.0200553033501, 0.00190212076996, 7.87659591879e-05, 5.1791601436e-05],
        "min": [6.73363994658e-22, 5.34461023154e-21, 1.20482224718e-20, 6.87061063548e-21, 2.99308680745e-20, 7.44405101019e-20, 8.09001250641e-19, 2.95327735753e-18, 1.51311176031e-18, 9.36314066285e-19, 9.17256858947e-19, 1.23975152212e-18, 9.23807095423e-19, 2.73207271812e-18, 4.53973801449e-18, 3.11321334935e-18, 4.23987015319e-18, 2.93584411253e-18, 4.09846569542e-18, 6.0450032429e-18, 3.74065548657e-18, 7.31761110274e-18, 1.12568180605e-17, 1.40152106317e-17, 1.82524499369e-17, 2.18616457447e-17, 2.07347114217e-17, 2.30813053599e-17, 2.37860251915e-17, 1.8498187099e-17, 1.57327998885e-17, 1.83163909983e-17, 1.35667712062e-17, 8.5784337068e-18, 6.78847235029e-18, 7.46473427367e-18, 2.95587056875e-18, 1.46586165276e-18, 3.67679533383e-19, 3.8979280473e-20],
        "stdev": [1.91008639336, 7.8653550148, 18.1043949127, 24.4819374084, 25.2644004822, 26.0288410187, 27.6520347595, 36.2105445862, 39.9440612793, 63.655040741, 48.4858665466, 43.181388855, 35.5863990784, 83.9747467041, 72.6540908813, 40.3960189819, 53.5225028992, 37.1342010498, 56.3112182617, 39.0118637085, 40.8738441467, 32.8295936584, 27.2773113251, 18.4622364044, 16.6231594086, 20.5793876648, 11.6627912521, 8.67432403564, 13.2512283325, 8.82784080505, 6.91576242447, 5.86438512802, 4.82545900345, 3.00412201881, 1.39477610588, 0.58352804184, 0.230794534087, 0.0547753535211, 0.00226589944214, 8.04413866717e-05],
        "var": [3.64842987061, 61.8638114929, 327.769104004, 599.365234375, 638.289916992, 677.500610352, 764.635070801, 1311.20361328, 1595.5279541, 4051.96411133, 2350.87939453, 1864.63244629, 1266.3918457, 7051.7578125, 5278.6171875, 1631.83837891, 2864.65844727, 1378.94885254, 3170.95336914, 1521.92553711, 1670.67114258, 1077.78222656, 744.051696777, 340.854187012, 276.329406738, 423.511199951, 136.020706177, 75.2438964844, 175.595046997, 77.9307785034, 47.8277702332, 34.3910102844, 23.2850551605, 9.02474880219, 1.94540047646, 0.340504974127, 0.0532661192119, 0.00300033949316, 5.13430040883e-06, 6.47081632721e-09]
    },
    "gfcc": {
        "mean": [-3.23969173431, 87.804107666, -106.160987854, 35.8975753784, -59.8628425598, 13.1292114258, -42.6317558289, 17.2741012573, -20.1233959198, 1.49670386314, -3.54644870758, 3.04603552818, -5.47890663147],
        "cov": [[8476.390625, -2586.23046875, 34.4248695374, 621.21661377, -297.14465332, 817.385742188, -263.08102417, 610.191345215, -498.497039795, 370.368682861, -380.363464355, 312.573913574, -390.320007324], [-2586.23046875, 2118.19824219, 449.802093506, 31.3756771088, 450.868469238, -280.524353027, 326.175720215, -199.179367065, 260.597503662, -292.949737549, 198.253707886, -264.239562988, 181.55291748], [34.4248695374, 449.802093506, 1571.29174805, 831.518493652, 523.569213867, 278.134246826, 352.070617676, 190.869354248, 172.252380371, 3.56790804863, -24.418182373, 10.8858442307, 18.5652828217], [621.21661377, 31.3756771088, 831.518493652, 839.678222656, 348.967071533, 245.335723877, 174.698104858, 224.837585449, 114.457199097, 15.2522993088, -20.1402740479, 62.2228431702, 45.5888214111], [-297.14465332, 450.868469238, 523.569213867, 348.967071533, 483.656646729, 145.986907959, 259.675140381, 98.8838729858, 134.739227295, -33.6340751648, 43.5321159363, -10.2718830109, 72.7204666138], [817.385742188, -280.524353027, 278.134246826, 245.335723877, 145.986907959, 375.476867676, 157.698135376, 133.692077637, -2.70248603821, 87.8865661621, -17.559431076, 62.4934158325, -17.3454856873], [-263.08102417, 326.175720215, 352.070617676, 174.698104858, 259.675140381, 157.698135376, 296.629486084, 71.8974227905, 93.4854507446, 2.81116890907, 59.4910888672, 1.82110631466, 52.6413383484], [610.191345215, -199.179367065, 190.869354248, 224.837585449, 98.8838729858, 133.692077637, 71.8974227905, 247.556091309, 43.172328949, 54.9961891174, 38.9393577576, 62.1648864746, 16.1436233521], [-498.497039795, 260.597503662, 172.252380371, 114.457199097, 134.739227295, -2.70248603821, 93.4854507446, 43.172328949, 180.378326416, 20.7165527344, 72.0779037476, 5.68215227127, 65.739112854], [370.368682861, -292.949737549, 3.56790804863, 15.2522993088, -33.6340751648, 87.8865661621, 2.81116890907, 54.9961891174, 20.7165527344, 149.052932739, 13.7109355927, 64.2650375366, -12.6947135925], [-380.363464355, 198.253707886, -24.418182373, -20.1402740479, 43.5321159363, -17.559431076, 59.4910888672, 38.9393577576, 72.0779037476, 13.7109355927, 165.768051147, 20.6870231628, 59.4794845581], [312.573913574, -264.239562988, 10.8858442307, 62.2228431702, -10.2718830109, 62.4934158325, 1.82110631466, 62.1648864746, 5.68215227127, 64.2650375366, 20.6870231628, 154.716140747, 45.4567909241], [-390.320007324, 181.55291748, 18.5652828217, 45.5888214111, 72.7204666138, -17.3454856873, 52.6413383484, 16.1436233521, 65.739112854, -12.6947135925, 59.4794845581, 45.4567909241, 152.178085327]],
        "icov": [[0.000320664432365, -3.40093793056e-05, 0.000122455705423, -0.000219424677198, 4.79221016576e-05, -0.000411941407947, 0.000285204063402, -0.000656916294247, 0.000662402424496, -0.000331892457325, 0.000381212506909, -0.000259845633991, 0.000429797597462], [-3.40093793056e-05, 0.00237334915437, -0.000522136222571, 0.000235027691815, -0.000795142143033, 0.00134307297412, -0.00162182957865, 0.00170012272429, -0.00122815952636, 0.00232279556803, -0.00194436952006, 0.00252157263458, -0.00128062255681], [0.000122455705423, -0.000522136222571, 0.00194986001588, -0.00163074187003, -0.000263257941697, -8.06578464108e-05, -0.000805549847428, -0.000291945179924, 0.000199397356482, -0.00083856965648, 0.00102782726754, -0.000641646212898, 0.00124773918651], [-0.000219424677198, 0.000235027691815, -0.00163074187003, 0.00387529516593, -0.00101453566458, -0.000805925519671, 0.00134771887679, -0.00108410895336, -0.00142455019522, 0.00142296869308, 0.000316731631756, -0.00017921179824, -0.00109960965347], [4.79221016576e-05, -0.000795142143033, -0.000263257941697, -0.00101453566458, 0.00598939461634, -0.00100401078817, -0.00243387394585, -0.000830698176287, -0.00116753065959, 0.000859125517309, 0.00087327795336, -0.000191471699509, -0.00034702202538], [-0.000411941407947, 0.00134307297412, -8.06578464108e-05, -0.000805925519671, -0.00100401078817, 0.00750276027247, -0.00474403705448, 0.000634919328149, 0.00106711650733, -0.00154914066661, -0.000428900530096, 0.00087476457702, -0.000182850431884], [0.000285204063402, -0.00162182957865, -0.000805549847428, 0.00134771887679, -0.00243387394585, -0.00474403705448, 0.0107589978725, -0.00165607011877, -3.77761825803e-05, -0.000856194645166, -0.000428380590165, -0.00108677626122, -0.000125837439555], [-0.000656916294247, 0.00170012272429, -0.000291945179924, -0.00108410895336, -0.000830698176287, 0.000634919328149, -0.00165607011877, 0.00923330616206, -0.00229716603644, 0.0013012366835, -0.00389187969267, 0.0010368245421, -0.000977783813141], [0.000662402424496, -0.00122815952636, 0.000199397356482, -0.00142455019522, -0.00116753065959, 0.00106711650733, -3.77761825803e-05, -0.00229716603644, 0.012708440423, -0.00569028127939, -0.000826399482321, -0.000131712149596, -0.00109926692676], [-0.000331892457325, 0.00232279556803, -0.00083856965648, 0.00142296869308, 0.000859125517309, -0.00154914066661, -0.000856194645166, 0.0013012366835, -0.00569028127939, 0.0142589397728, -0.00267519289628, -0.00126625993289, 0.000696069851983], [0.000381212506909, -0.00194436952006, 0.00102782726754, 0.000316731631756, 0.00087327795336, -0.000428900530096, -0.000428380590165, -0.00389187969267, -0.000826399482321, -0.00267519289628, 0.0112346103415, -0.00277603417635, -0.000256008293945], [-0.000259845633991, 0.00252157263458, -0.000641646212898, -0.00017921179824, -0.000191471699509, 0.00087476457702, -0.00108677626122, 0.0010368245421, -0.000131712149596, -0.00126625993289, -0.00277603417635, 0.0133150536567, -0.00602668710053], [0.000429797597462, -0.00128062255681, 0.00124773918651, -0.00109960965347, -0.00034702202538, -0.000182850431884, -0.000125837439555, -0.000977783813141, -0.00109926692676, 0.000696069851983, -0.000256008293945, -0.00602668710053, 0.0121041089296]]
    },
    "melbands": {
        "dmean": [0.00460358709097, 0.00351081648842, 0.00192783644889, 0.000816210114863, 0.000414836104028, 0.000283976376522, 0.000215130974539, 0.000161776260938, 0.000119885218737, 7.79553010943e-05, 6.24919266556e-05, 8.63063542056e-05, 6.03352345934e-05, 3.16079822369e-05, 3.09329370793e-05, 2.89777435682e-05, 2.36402429437e-05, 2.88075116259e-05, 2.09417285078e-05, 1.31256983877e-05, 1.21927132568e-05, 1.32140548885e-05, 9.84904727375e-06, 1.28277961267e-05, 5.87245358474e-06, 3.96101768274e-06, 4.94985397381e-06, 5.4359038586e-06, 3.10348082166e-06, 1.84278917459e-06, 2.06018808058e-06, 2.7124965527e-06, 2.54801784649e-06, 1.95325424102e-06, 1.73147225269e-06, 1.38483267165e-06, 1.37414804158e-06, 1.38583300213e-06, 1.17913816666e-06, 8.77462468907e-07],
        "dmean2": [0.00519341183826, 0.00494294054806, 0.00350102852099, 0.00143624271732, 0.00066108291503, 0.000441656564362, 0.000336231896654, 0.000258607033174, 0.000185819371836, 0.000122379424283, 9.9375625723e-05, 0.000126665836433, 9.80094700935e-05, 5.12776896358e-05, 4.93262996315e-05, 4.61079980596e-05, 3.92155488953e-05, 4.51942360087e-05, 3.25541914208e-05, 2.09636964428e-05, 1.78478439921e-05, 2.05492997338e-05, 1.54430053954e-05, 1.98353809537e-05, 9.3916669357e-06, 6.32455112282e-06, 7.91395086708e-06, 8.31395482237e-06, 4.89974945594e-06, 2.99988232655e-06, 3.58360011887e-06, 4.83953999719e-06, 4.31854005001e-06, 3.05950925394e-06, 2.66358097178e-06, 2.16662147068e-06, 2.05934975384e-06, 2.11147676055e-06, 1.78960590347e-06, 1.31692695504e-06],
        "dvar": [4.78644942632e-05, 5.35420986125e-05, 2.68114526989e-05, 3.36715038429e-06, 4.78334186482e-07, 3.29199338012e-07, 2.07987184808e-07, 9.96665718844e-08, 7.37170040566e-08, 4.47741719256e-08, 2.69765951799e-08, 4.05436715312e-08, 2.58284806876e-08, 6.4093694796e-09, 7.70799246652e-09, 6.91387036511e-09, 4.30082724989e-09, 4.8892019322e-09, 2.56635246387e-09, 8.97556640123e-10, 1.28250665643e-09, 7.09139802435e-10, 2.98807700805e-10, 4.12516465431e-10, 9.0216722981e-11, 5.94124194286e-11, 9.74770264506e-11, 9.50106313069e-11, 2.71482020892e-11, 1.81664371046e-11, 3.36688767144e-11, 9.09528494186e-11, 5.86570861327e-11, 1.22005868949e-11, 8.73897221948e-12, 7.32983986007e-12, 6.69260567104e-12, 7.34450954915e-12, 4.56181143207e-12, 3.0286096981e-12],
        "dvar2": [4.53358479717e-05, 0.000114574766485, 7.51630141167e-05, 9.56177245826e-06, 1.19083335903e-06, 7.3254830113e-07, 5.030566399e-07, 2.17808562297e-07, 1.71291802076e-07, 1.08144583066e-07, 6.96128097388e-08, 8.00361164011e-08, 5.88852095973e-08, 1.49135637173e-08, 2.13238529057e-08, 1.78002661499e-08, 1.13014237968e-08, 1.11780966705e-08, 6.11362782621e-09, 2.16238071893e-09, 2.53678900108e-09, 1.74924419394e-09, 6.9509098477e-10, 9.25023502241e-10, 2.27046589862e-10, 1.48811740708e-10, 2.34021163559e-10, 2.20728019196e-10, 6.54362813934e-11, 4.72112279826e-11, 9.29970891961e-11, 2.62384919347e-10, 1.62466970433e-10, 2.97570613983e-11, 2.15414717314e-11, 1.72213042438e-11, 1.35508574847e-11, 1.63386370405e-11, 1.05571905384e-11, 6.37280722984e-12],
        "max": [0.0572782680392, 0.055294405669, 0.0367878191173, 0.0146621046588, 0.0074047097005, 0.00711480528116, 0.00647868635133, 0.00545932818204, 0.00366028863937, 0.00480216694996, 0.00276649557054, 0.0031344438903, 0.00375031563453, 0.00160902785137, 0.00150007347111, 0.00169731106143, 0.000877204758581, 0.000856539234519, 0.000704033882357, 0.000377316609956, 0.00105257856194, 0.000353623443516, 0.000239410568611, 0.000219073102926, 9.08865113161e-05, 0.000109417909698, 0.000127355669974, 0.000115284099593, 6.05819186603e-05, 5.25418436155e-05, 5.57118146389e-05, 0.000107166430098, 9.88317115116e-05, 4.20950527769e-05, 3.12441261485e-05, 2.95714435197e-05, 3.00669562421e-05, 4.40333569713e-05, 3.48085923179e-05, 2.32900529227e-05],
        "mean": [0.00877848081291, 0.00420008739457, 0.00152141065337, 0.000979848671705, 0.000706355844159, 0.000454620865639, 0.000369568530004, 0.000344314030372, 0.00019313894154, 0.000112012261525, 0.000101200457721, 0.000176206143806, 0.000120446158689, 4.43290300609e-05, 4.56513480458e-05, 4.77917310491e-05, 3.44593900081e-05, 4.91470673296e-05, 2.84940251731e-05, 2.18750137719e-05, 2.02558894671e-05, 2.59775788436e-05, 1.97198278329e-05, 2.66466722678e-05, 1.21115917864e-05, 8.20031800686e-06, 1.04837254185e-05, 1.16466408144e-05, 6.72570968163e-06, 2.55525401371e-06, 2.18153058995e-06, 2.68524740932e-06, 3.21943457493e-06, 3.71213332073e-06, 3.33393268193e-06, 2.54293945545e-06, 2.5195561193e-06, 2.35124912251e-06, 2.175278496e-06, 1.50507912622e-06],
        "median": [0.00295748887584, 0.00116632785648, 0.00027112243697, 0.000363936967915, 0.000281654007267, 0.000168659025803, 0.000147057056893, 0.000109557127871, 4.57178430224e-05, 2.62687390205e-05, 2.84260513581e-05, 3.12140618917e-05, 1.72790605575e-05, 9.11752886168e-06, 8.71356496646e-06, 1.29966165332e-05, 7.95513551566e-06, 7.53151380195e-06, 5.95054962105e-06, 5.83777091379e-06, 7.02195438862e-06, 9.47970875131e-06, 9.05546767171e-06, 1.47467371789e-05, 6.96331517247e-06, 4.31703711001e-06, 5.15948067914e-06, 6.5806366365e-06, 3.26872100231e-06, 7.55140604269e-07, 3.72270193338e-07, 4.87024351514e-07, 1.12996224289e-06, 1.88113722288e-06, 1.83854388069e-06, 1.11618282972e-06, 1.16354601687e-06, 1.1179631656e-06, 9.1191196816e-07, 6.06533774317e-07],
        "min": [9.03490914447e-24, 6.28997217259e-24, 2.15232178292e-24, 2.76209252721e-24, 2.26682825653e-23, 6.35646636269e-23, 2.40293374172e-23, 8.42529242528e-24, 7.83064907492e-24, 7.52355972401e-24, 3.98437866009e-24, 1.03293904469e-23, 1.5398071043e-23, 1.0170993488e-23, 7.47041258711e-24, 9.94208340826e-24, 4.54612177753e-24, 5.78520098415e-24, 8.40226399773e-24, 6.31887169742e-24, 4.16846408549e-24, 6.58975509379e-24, 1.07481533141e-23, 9.13380232527e-24, 1.12142549354e-23, 1.52888500952e-23, 1.18687475849e-23, 1.53827198098e-23, 1.42626477649e-23, 1.04579416423e-23, 1.48457674351e-23, 1.37512103074e-23, 1.08292971246e-23, 1.11865217414e-23, 8.7399422191e-24, 1.05702825349e-23, 1.13893639126e-23, 8.90299819049e-24, 9.20468936622e-24, 6.59987105161e-24],
        "stdev": [0.0133489174768, 0.00838703755289, 0.00408924231306, 0.00165953743272, 0.00095509289531, 0.000772132072598, 0.000594569253735, 0.00063534261426, 0.000364867300959, 0.000277269020444, 0.000189974743989, 0.000366207066691, 0.00034331457573, 0.00011116891983, 0.000113644186058, 0.000105560371594, 7.00277741998e-05, 0.000106472463813, 5.96579375269e-05, 4.23524434154e-05, 5.28457967448e-05, 3.93226655433e-05, 2.59421831288e-05, 3.29126087308e-05, 1.44024779729e-05, 1.17435902212e-05, 1.4472071598e-05, 1.47059836308e-05, 8.94592540135e-06, 4.75307115266e-06, 5.38813901585e-06, 7.85145675763e-06, 6.96792903909e-06, 4.76457307741e-06, 4.18003173763e-06, 3.78326262762e-06, 3.79714742849e-06, 3.61422280548e-06, 3.14247381539e-06, 2.47739603765e-06],
        "var": [0.000178193600732, 7.0342401159e-05, 1.67219041032e-05, 2.75406432593e-06, 9.1220243803e-07, 5.96187931023e-07, 3.53512575657e-07, 4.03660266102e-07, 1.33128139623e-07, 7.6878109212e-08, 3.60904053309e-08, 1.34107608574e-07, 1.17864907168e-07, 1.2358529311e-08, 1.29150006245e-08, 1.11429923066e-08, 4.90388929464e-09, 1.13363851639e-08, 3.55906970562e-09, 1.79372949827e-09, 2.79267831083e-09, 1.54627199933e-09, 6.72996824935e-10, 1.08323983117e-09, 2.0743137763e-10, 1.37911917997e-10, 2.09440853549e-10, 2.16265949593e-10, 8.0029580185e-11, 2.25916872015e-11, 2.90320406604e-11, 6.16453693647e-11, 4.85520339211e-11, 2.27011586612e-11, 1.74726656754e-11, 1.43130758981e-11, 1.44183285103e-11, 1.30626056846e-11, 9.87514150314e-12, 6.13749068928e-12]
    },
    "melbands128": {
