{
"lowlevel": {
    "average_loudness": 0.257305800915,
    "barkbands_crest": {
        "dmean": 2.77339076996,
        "dmean2": 4.38177013397,
        "dvar": 6.59944438934,
        "dvar2": 15.3859682083,
        "max": 25.7428665161,
        "mean": 10.0933017731,
        "median": 9.2577753067,
        "min": 2.96404004097,
        "stdev": 4.21280527115,
        "var": 17.7477302551
    },
    "barkbands_flatness_db": {
        "dmean": 0.0361133813858,
        "dmean2": 0.0521701648831,
        "dvar": 0.0014599628048,
        "dvar2": 0.00323765864596,
        "max": 0.478912472725,
        "mean": 0.153926387429,
        "median": 0.134294450283,
        "min": 0.0294088628143,
        "stdev": 0.0687665119767,
        "var": 0.00472883321345
    },
    "barkbands_kurtosis": {
        "dmean": 7.03847885132,
        "dmean2": 11.1309309006,
        "dvar": 599.411560059,
        "dvar2": 1339.44128418,
        "max": 506.19442749,
        "mean": 7.72202634811,
        "median": 1.54277133942,
        "min": -1.89931333065,
        "stdev": 27.074098587,
        "var": 733.006835938
    },
    "barkbands_skewness": {
        "dmean": 0.876228570938,
        "dmean2": 1.2924541235,
        "dvar": 1.19941532612,
        "dvar2": 2.84825134277,
        "max": 17.5335979462,
        "mean": 1.67618870735,
        "median": 1.3806643486,
        "min": -5.33935308456,
        "stdev": 1.67072796822,
        "var": 2.79133176804
    },
    "barkbands_spread": {
        "dmean": 8.11735725403,
        "dmean2": 12.804816246,
        "dvar": 144.666290283,
        "dvar2": 362.629608154,
        "max": 124.611305237,
        "mean": 21.081653595,
        "median": 17.7540950775,
        "min": 0.183290824294,
        "stdev": 18.5804767609,
        "var": 345.234100342
    },
    "dissonance": {
        "dmean": 0.0244098734111,
        "dmean2": 0.039740215987,
        "dvar": 0.000665315485094,
        "dvar2": 0.0019001060864,
        "max": 0.499858409166,
        "mean": 0.453042298555,
        "median": 0.460651785135,
        "min": 0.223944947124,
        "stdev": 0.0340936630964,
        "var": 0.00116237788461
    },
    "dynamic_complexity": 4.00538301468,
    "erbbands_crest": {
        "dmean": 3.30207371712,
        "dmean2": 5.19644880295,
        "dvar": 8.88530635834,
        "dvar2": 21.9762821198,
        "max": 32.7525253296,
        "mean": 9.46053600311,
        "median": 8.55567359924,
        "min": 2.442445755,
        "stdev": 4.5330080986,
        "var": 20.548160553
    },
    "erbbands_flatness_db": {
        "dmean": 0.0263679288328,
        "dmean2": 0.0403529293835,
        "dvar": 0.000655381649267,
        "dvar2": 0.00140182964969,
        "max": 0.358438938856,
        "mean": 0.173318058252,
        "median": 0.172891765833,
        "min": 0.051290679723,
        "stdev": 0.047919921577,
        "var": 0.00229631876573
    },
    "erbbands_kurtosis": {
        "dmean": 1.72733592987,
        "dmean2": 2.61431789398,
        "dvar": 17.5856552124,
        "dvar2": 40.3699798584,
        "max": 91.1415252686,
        "mean": 0.959065496922,
        "median": -0.237429380417,
        "min": -1.73880016804,
        "stdev": 4.64684247971,
        "var": 21.5931434631
    },
    "erbbands_skewness": {
        "dmean": 0.591162621975,
        "dmean2": 0.85446947813,
        "dvar": 0.410213142633,
        "dvar2": 0.964040577412,
        "max": 8.43623733521,
        "mean": 0.358223170042,
        "median": 0.24695789814,
        "min": -5.35891675949,
        "stdev": 1.02504074574,
        "var": 1.05070841312
    },
    "erbbands_spread": {
        "dmean": 11.2414522171,
        "dmean2": 17.2309913635,
        "dvar": 186.775787354,
        "dvar2": 495.205596924,
        "max": 155.558822632,
        "mean": 36.626159668,
        "median": 34.2601051331,
        "min": 2.74748778343,
        "stdev": 19.220079422,
        "var": 369.411468506
    },
    "hfc": {
        "dmean": 12.223783493,
        "dmean2": 18.2994823456,
        "dvar": 512.783081055,
        "dvar2": 1236.90368652,
        "max": 229.691574097,
        "mean": 22.3765716553,
        "median": 15.1126508713,
        "min": 1.24080281491e-16,
        "stdev": 27.0144519806,
        "var": 729.780639648
    },
    "loudness_ebu128": {
        "integrated": -10.7531318665,
        "loudness_range": 11.0321388245,
        "momentary": {
            "dmean": 0.775151252747,
            "dmean2": 0.882266879082,
            "dvar": 9.16430187225,
            "dvar2": 3.6912958622,
            "max": -5.56766176224,
            "mean": -12.6971530914,
            "median": -11.3625621796,
            "min": -95.2841186523,
            "stdev": 6.64261722565,
            "var": 44.1243667603
        },
        "short_term": {
            "dmean": 0.116050951183,
            "dmean2": 0.124636113644,
            "dvar": 0.0130850207061,
            "dvar2": 0.0152175007388,
            "max": -6.33596897125,
            "mean": -12.0266580582,
            "median": -11.0783529282,
            "min": -19.125749588,
            "stdev": 3.25023436546,
            "var": 10.5640239716
        }
    },
    "melbands_crest": {
        "dmean": 3.50268292427,
        "dmean2": 5.49209403992,
        "dvar": 10.280254364,
        "dvar2": 25.1755104065,
        "max": 35.2581939697,
        "mean": 14.0692520142,
        "median": 13.1260929108,
        "min": 1.99559736252,
        "stdev": 5.46000146866,
        "var": 29.8116168976
    },
    "melbands_flatness_db": {
        "dmean": 0.0446951687336,
        "dmean2": 0.0634700506926,
        "dvar": 0.00233621103689,
        "dvar2": 0.00515833217651,
        "max": 0.605027854443,
        "mean": 0.217520609498,
        "median": 0.193171575665,
        "min": 0.00552518386394,
        "stdev": 0.0917787924409,
        "var": 0.00842334609479
    },
    "melbands_kurtosis": {
        "dmean": 12.6999444962,
        "dmean2": 20.4129943848,
        "dvar": 986.696105957,
        "dvar2": 2688.69482422,
        "max": 472.6668396,
        "mean": 16.0791568756,
        "median": 6.35235214233,
        "min": -1.91631436348,
        "stdev": 33.0528373718,
        "var": 1092.48999023
    },
    "melbands_skewness": {
        "dmean": 1.02412772179,
        "dmean2": 1.52991199493,
        "dvar": 1.59099447727,
        "dvar2": 3.99139237404,
        "max": 16.6659355164,
        "mean": 2.600938797,
        "median": 2.16510725021,
        "min": -0.95368373394,
        "stdev": 1.93990659714,
        "var": 3.76323747635
    },
    "melbands_spread": {
        "dmean": 11.7630834579,
        "dmean2": 17.7678165436,
        "dvar": 512.818847656,
        "dvar2": 1106.32080078,
        "max": 287.054901123,
        "mean": 26.2786617279,
        "median": 19.6563682556,
        "min": 0.261707514524,
        "stdev": 32.5427284241,
        "var": 1059.02905273
    },
    "pitch_salience": {
        "dmean": 0.0860390588641,
        "dmean2": 0.133159980178,
        "dvar": 0.00653107464314,
        "dvar2": 0.015637177974,
        "max": 0.92571079731,
        "mean": 0.589625120163,
        "median": 0.611234605312,
        "min": 0.0918891951442,
        "stdev": 0.144753888249,
        "var": 0.0209536887705
    },
    "silence_rate_20dB": {
        "dmean": 0,
        "dmean2": 0,
        "dvar": 0,
        "dvar2": 0,
        "max": 1,
        "mean": 1,
        "median": 1,
        "min": 1,
        "stdev": 0,
        "var": 0
    },
    "silence_rate_30dB": {
        "dmean": 0.0232198145241,
        "dmean2": 0.0464756004512,
        "dvar": 0.0226806830615,
        "dvar2": 0.0489631257951,
        "max": 1,
        "mean": 0.931167840958,
        "median": 1,
        "min": 0,
        "stdev": 0.253168463707,
        "var": 0.0640942677855
    },
    "silence_rate_60dB": {
        "dmean": 0.0549535602331,
        "dmean2": 0.1099922508,
        "dvar": 0.0519346296787,
        "dvar2": 0.110288731754,
        "max": 1,
        "mean": 0.153132244945,
        "median": 0,
        "min": 0,
        "stdev": 0.360118448734,
        "var": 0.129685297608
    },
    "spectral_centroid": {
        "dmean": 400.499481201,
        "dmean2": 591.551391602,
        "dvar": 289570.6875,
        "dvar2": 623735.3125,
        "max": 11041.8251953,
        "mean": 1300.12878418,
        "median": 1241.5357666,
        "min": 135.474884033,
        "stdev": 829.316101074,
        "var": 687765.1875
    },
    "spectral_complexity": {
        "dmean": 5.71826648712,
        "dmean2": 8.07513523102,
        "dvar": 42.0662117004,
        "dvar2": 76.0508499146,
        "max": 58,
        "mean": 16.7285385132,
        "median": 17,
        "min": 0,
        "stdev": 11.3823766708,
        "var": 129.558502197
    },
    "spectral_decrease": {
        "dmean": 2.64501598402e-09,
        "dmean2": 4.12037781672e-09,
        "dvar": 3.42094306607e-17,
        "dvar2": 8.90950348255e-17,
        "max": 7.0889629393e-29,
        "mean": -7.06031455522e-09,
        "median": -4.21696100261e-09,
        "min": -8.0071330899e-08,
        "stdev": 1.058329957e-08,
        "var": 1.12006223875e-16
    },
    "spectral_energy": {
        "dmean": 0.0107026835904,
        "dmean2": 0.0166515801102,
        "dvar": 0.000524159113411,
        "dvar2": 0.00136970868334,
        "max": 0.305957376957,
        "mean": 0.0286768786609,
        "median": 0.0180419757962,
        "min": 1.09868948159e-20,
        "stdev": 0.041117310524,
        "var": 0.00169063336216
    },
    "spectral_energyband_high": {
        "dmean": 0.000793164013885,
        "dmean2": 0.00122349418234,
        "dvar": 4.74246007798e-06,
        "dvar2": 1.10307810246e-05,
        "max": 0.0222251378,
        "mean": 0.000904800195713,
        "median": 0.000322342471918,
        "min": 8.21363448739e-21,
        "stdev": 0.00225262693129,
        "var": 5.07432787344e-06
    },
    "spectral_energyband_low": {
        "dmean": 0.00477340770885,
        "dmean2": 0.00704629486427,
        "dvar": 0.000387267384212,
        "dvar2": 0.000989097286947,
        "max": 0.290402412415,
        "mean": 0.0115742115304,
        "median": 0.00107820355333,
        "min": 3.68002066118e-23,
        "stdev": 0.0342247784138,
        "var": 0.00117133557796
    },
    "spectral_energyband_middle_high": {
        "dmean": 0.00307729770429,
        "dmean2": 0.00442013097927,
        "dvar": 1.64649391081e-05,
        "dvar2": 3.28649039147e-05,
        "max": 0.0330339595675,
        "mean": 0.00546852406114,
        "median": 0.00306574860588,
        "min": 1.27933871976e-21,
        "stdev": 0.00653978809714,
        "var": 4.27688282798e-05
    },
    "spectral_energyband_middle_low": {
        "dmean": 0.00614046119153,
        "dmean2": 0.00991825945675,
        "dvar": 0.000162975411513,
        "dvar2": 0.000440140225692,
        "max": 0.144341126084,
        "mean": 0.0111993905157,
        "median": 0.0090200509876,
        "min": 4.22811295087e-22,
        "stdev": 0.0124853262678,
        "var": 0.000155883375555
    },
    "spectral_entropy": {
        "dmean": 0.323011696339,
        "dmean2": 0.469805598259,
        "dvar": 0.106626585126,
        "dvar2": 0.237161964178,
        "max": 9.80378723145,
        "mean": 7.34913301468,
        "median": 7.4064078331,
        "min": 5.30700063705,
        "stdev": 0.616320550442,
        "var": 0.379851013422
    },
    "spectral_flux": {
        "dmean": 0.0299362000078,
        "dmean2": 0.0459781959653,
        "dvar": 0.00141313357744,
        "dvar2": 0.00282207597047,
        "max": 0.480235189199,
        "mean": 0.0875328183174,
        "median": 0.0814014822245,
        "min": 1.04818390079e-10,
        "stdev": 0.0687437877059,
        "var": 0.00472570862621
    },
    "spectral_kurtosis": {
        "dmean": 3.4277317524,
        "dmean2": 5.34125089645,
        "dvar": 22.3710308075,
        "dvar2": 53.6567268372,
        "max": 63.0304870605,
        "mean": 7.73395442963,
        "median": 5.48902225494,
        "min": -1.48601770401,
        "stdev": 7.67806720734,
        "var": 58.9527130127
    },
    "spectral_rms": {
        "dmean": 0.000905250606593,
        "dmean2": 0.00131058041006,
        "dvar": 1.38464804422e-06,
        "dvar2": 3.10125915348e-06,
        "max": 0.0172770079225,
        "mean": 0.00440057786182,
        "median": 0.00419546524063,
        "min": 3.27397657596e-12,
        "stdev": 0.00293468288146,
        "var": 8.612363672e-06
    },
    "spectral_rolloff": {
        "dmean": 815.946105957,
        "dmean2": 1390.10083008,
        "dvar": 3101738.25,
        "dvar2": 7405599.5,
        "max": 18690.8203125,
        "mean": 1796.23681641,
        "median": 1162.79296875,
        "min": 64.599609375,
        "stdev": 2421.04223633,
        "var": 5861445
    },
    "spectral_skewness": {
        "dmean": 0.425016671419,
        "dmean2": 0.636029481888,
        "dvar": 0.199041336775,
        "dvar2": 0.461283773184,
        "max": 6.10966444016,
        "mean": 1.92798233032,
        "median": 1.74146842957,
        "min": -0.287861913443,
        "stdev": 0.849314451218,
        "var": 0.721334993839
    },
    "spectral_spread": {
        "dmean": 1034089.3125,
        "dmean2": 1510796.75,
        "dvar": 2.77322766746e+12,
        "dvar2": 4.16137530573e+12,
        "max": 40223712,
        "mean": 4501225,
        "median": 3920566.25,
        "min": 1033795.25,
        "stdev": 2589576.5,
        "var": 6.70590671258e+12
    },
    "spectral_strongpeak": {
        "dmean": 0.537600517273,
        "dmean2": 0.873182654381,
        "dvar": 0.763441026211,
        "dvar2": 1.8610458374,
        "max": 7.89816951752,
        "mean": 0.960546553135,
        "median": 0.598127782345,
        "min": 0,
        "stdev": 1.05087935925,
        "var": 1.10434746742
    },
    "zerocrossingrate": {
        "dmean": 0.016369137913,
        "dmean2": 0.0184956844896,
        "dvar": 0.000725403835531,
        "dvar2": 0.000797489250544,
        "max": 0.50927734375,
        "mean": 0.0596654750407,
        "median": 0.0458984375,
        "min": 0.00390625,
        "stdev": 0.0655760467052,
        "var": 0.00430021760985
    },
    "barkbands": {
        "dmean": [0.00104681390803, 0.00394377950579, 0.00169625855051, 0.0012052829843, 0.0017971835332, 0.00142883032095, 0.00224019028246, 0.00100125058088, 0.000989231048152, 0.000535934814252, 0.000585557660088, 0.000405921600759, 0.000333658506861, 0.00044615851948, 0.000651950598694, 0.000452595500974, 0.000330064503942, 0.000362324004527, 0.000230367091717, 0.000152302687638, 0.000112458095828, 8.61216176418e-05, 0.000107366060547, 0.000197784363991, 0.000171671315911, 0.000106258426968, 1.03637466964e-05],
        "dmean2": [0.00172904343344, 0.00640760920942, 0.00265866448171, 0.00204195315018, 0.00292126648128, 0.00247032963671, 0.00361517095007, 0.00166575051844, 0.00153250945732, 0.000845469476189, 0.000973519461695, 0.000626698834822, 0.000525163137354, 0.000711475964636, 0.000976931885816, 0.000653902010527, 0.000482595118228, 0.000532518490218, 0.000342689570971, 0.000235519255511, 0.000175436201971, 0.000138924253406, 0.000178467351361, 0.000299737759633, 0.00026507594157, 0.000171982333995, 1.76115045178e-05],
        "dvar": [3.27375237248e-05, 0.000399195327191, 8.07126052678e-05, 2.31853991863e-05, 1.29669351736e-05, 3.06817200908e-05, 1.46669144669e-05, 5.31748401045e-06, 3.27389807353e-06, 1.22312235362e-06, 2.11503970604e-06, 5.92329683968e-07, 6.34923253529e-07, 8.36959372918e-07, 1.7154706029e-06, 7.73408316945e-07, 3.48816627138e-07, 3.28596968302e-07, 1.38306319286e-07, 8.37485387706e-08, 9.33435018169e-08, 7.54516307211e-08, 1.25421365738e-07, 3.83879580568e-07, 3.74785685153e-07, 1.16040055786e-07, 1.36856981303e-09],
        "dvar2": [8.63421155373e-05, 0.00112204800826, 0.000206706870813, 6.82063910062e-05, 3.64748375432e-05, 8.61448861542e-05, 3.53875038854e-05, 1.29200961965e-05, 7.34526520318e-06, 2.72671718449e-06, 5.9286103351e-06, 1.43774411754e-06, 1.60476963629e-06, 1.83498900697e-06, 3.4495676573e-06, 1.59713977155e-06, 7.4570760944e-07, 7.37326104172e-07, 3.09331056769e-07, 2.09208863566e-07, 2.42963125174e-07, 1.85586046086e-07, 3.18076104122e-07, 8.443418551e-07, 7.51265758936e-07, 2.73369920478e-07, 3.51525475395e-09],
        "max": [0.0709171295166, 0.274629354477, 0.116088978946, 0.0614309646189, 0.0614790767431, 0.0627420395613, 0.0346777290106, 0.0231357999146, 0.0187961645424, 0.0114335631952, 0.0150824729353, 0.00739472033456, 0.0104473726824, 0.0112407049164, 0.0184174310416, 0.0132243614644, 0.00759043497965, 0.00552119780332, 0.00355461169966, 0.00354306702502, 0.00348806823604, 0.00300646526739, 0.00396042363718, 0.00775009905919, 0.0109060639516, 0.00446699140593, 0.000345901149558],
        "mean": [0.000912605202757, 0.00760722346604, 0.00269059557468, 0.00152491766494, 0.00282463943586, 0.0014081314439, 0.00306866597384, 0.00105716602411, 0.00113175529987, 0.000681962119415, 0.000625146436505, 0.000475410692161, 0.000370492751244, 0.000531209982, 0.000850088545121, 0.000573432771489, 0.000459724804386, 0.000556694227271, 0.00032240676228, 0.000203158473596, 0.000142293793033, 8.24766684673e-05, 9.94554357021e-05, 0.000201879593078, 0.000168357611983, 9.90240223473e-05, 7.97283883003e-06],
        "median": [5.37150754099e-06, 9.08032816369e-05, 0.000275176775176, 0.000933865609113, 0.00188754906412, 0.000520187371876, 0.000875519646797, 0.0001897579059, 0.00025603803806, 0.000176793371793, 0.000100042154372, 0.000106331717689, 0.000105137369246, 0.000159645293024, 0.000187650017324, 0.000192552310182, 0.000181225055712, 0.000190719394595, 0.000121891804156, 9.19098165468e-05, 6.16099714534e-05, 1.62047781487e-05, 1.47316995935e-05, 1.61823227245e-05, 1.91522867681e-05, 1.21937364383e-05, 1.2244827019e-07],
        "min": [1.0250812801e-23, 1.8131885865e-23, 8.05323170136e-24, 9.00436681681e-24, 5.82036911328e-23, 1.03339516407e-22, 5.67322067982e-23, 5.78697316017e-23, 1.20109752618e-22, 6.29770884703e-23, 6.22162352827e-23, 4.66106196687e-23, 2.06585391868e-22, 5.27285420667e-23, 9.70085605433e-23, 1.45554227613e-22, 1.84208159534e-22, 1.6798596077e-22, 1.77547245242e-22, 3.58075955566e-22, 5.56796959567e-22, 6.01645708891e-22, 4.79697052082e-22, 7.23835845488e-22, 1.28602523101e-21, 1.74068770022e-21, 2.86883503021e-21],
        "stdev": [0.00496325735003, 0.0276569724083, 0.0105993850157, 0.00371267017908, 0.00364962569438, 0.00431369291618, 0.00479336688295, 0.00255218381062, 0.00222606002353, 0.00135869707447, 0.00155989232007, 0.000927843677346, 0.000828750606161, 0.00109604664613, 0.00176225032192, 0.0011201123707, 0.000753474712837, 0.000814222265035, 0.000479821464978, 0.000314980163239, 0.000286799302557, 0.000257889973, 0.000328376278048, 0.000669346947689, 0.000683662539814, 0.000349058274878, 3.35131844622e-05],
        "var": [2.4633924113e-05, 0.000764908152632, 0.000112346962851, 1.37839197123e-05, 1.33197681862e-05, 1.86079469131e-05, 2.29763645621e-05, 6.51364189252e-06, 4.95534277434e-06, 1.84605778486e-06, 2.43326394411e-06, 8.60893919707e-07, 6.86827604568e-07, 1.20131824133e-06, 3.10552604788e-06, 1.25465169276e-06, 5.67724157463e-07, 6.62957859277e-07, 2.30228636156e-07, 9.92125066546e-08, 8.22538481771e-08, 6.65072406036e-08, 1.0783098503e-07, 4.48025303967e-07, 4.67394499992e-07, 1.21841679857e-07, 1.12313347511e-09]
    },
    "erbbands": {
        "dmean": [0.11517945677, 0.954633712769, 1.82789063454, 3.21605539322, 4.8520359993, 6.70197629929, 6.97964191437, 13.317325592, 26.2257652283, 32.9473953247, 21.0171012878, 22.8637123108, 16.5140953064, 25.1681919098, 15.184794426, 16.2910633087, 15.7653074265, 18.2993354797, 30.1273612976, 30.6640071869, 21.5153198242, 16.8561820984, 19.1341629028, 16.1905422211, 9.41412258148, 7.27956151962, 5.03430700302, 4.19796180725, 3.02972912788, 2.7396697998, 3.29050397873, 3.58998322487, 3.53151535988, 2.19056582451, 1.11037218571, 0.553641915321, 0.180785059929, 0.0345600694418, 0.00105158798397, 3.54508556484e-05],
        "dmean2": [0.161471411586, 1.5600425005, 2.58754134178, 5.34122562408, 8.03100681305, 10.8694400787, 11.691904068, 23.2502250671, 43.0702896118, 53.0970802307, 34.7567214966, 35.7409477234, 25.8940372467, 41.0128097534, 24.1460285187, 25.6057415009, 24.5049095154, 27.9046401978, 43.9676742554, 45.2474899292, 30.6600227356, 24.0958786011, 28.096906662, 23.3985137939, 13.8853855133, 11.2327709198, 7.93940925598, 6.54163599014, 4.91604566574, 4.48461341858, 5.46931791306, 5.59209394455, 5.44622421265, 3.42440676689, 1.73694193363, 0.886013746262, 0.297691762447, 0.0572271235287, 0.00175153976306, 5.66071576031e-05],
        "dvar": [0.357374310493, 24.0941028595, 72.0976715088, 223.305480957, 150.76953125, 170.690719604, 258.661895752, 3371.09130859, 2297.62451172, 5628.42529297, 1949.63220215, 2009.02282715, 904.521362305, 4003.66064453, 814.490905762, 923.576721191, 1472.86633301, 1337.14160156, 3533.3046875, 4041.26391602, 1654.37329102, 893.489624023, 940.736083984, 634.623474121, 264.025146484, 191.569381714, 205.968551636, 113.488235474, 91.1011657715, 94.1107025146, 113.769119263, 129.314376831, 126.130989075, 69.7593307495, 16.5475902557, 3.37333059311, 0.336277365685, 0.0140464901924, 1.26736586026e-05, 9.16404019335e-09],
        "dvar2": [0.657562434673, 71.8985443115, 156.955169678, 643.30859375, 434.0519104, 464.646789551, 696.062438965, 9520.19824219, 5815.36425781, 12888.5449219, 5054.24951172, 4305.76074219, 2121.33056641, 10808.9863281, 2013.19885254, 2292.62939453, 3687.71191406, 2624.9621582, 7497.58154297, 8025.05273438, 3154.97509766, 1864.37182617, 2135.75366211, 1310.25537109, 631.285705566, 474.683105469, 552.895507812, 282.969055176, 224.766586304, 234.584014893, 291.040283203, 288.092651367, 273.982666016, 151.473175049, 34.2119445801, 7.70123147964, 0.819950520992, 0.0350445471704, 3.20066938002e-05, 2.25574048329e-08],
        "max": [10.0301408768, 70.5848693848, 116.469291687, 195.200256348, 157.902359009, 218.814743042, 226.192901611, 654.815551758, 425.324249268, 1137.77844238, 621.375549316, 558.331237793, 290.194000244, 874.958557129, 305.683380127, 311.696228027, 582.708618164, 576.222229004, 1014.13323975, 1028.29980469, 534.674255371, 403.602020264, 296.399078369, 315.187438965, 162.918258667, 157.405288696, 169.154037476, 130.995391846, 105.670852661, 112.121627808, 117.149200439, 142.618682861, 137.959838867, 170.185119629, 72.3167572021, 25.942281723, 8.19453716278, 1.62550735474, 0.0402686186135, 0.000995380687527],
        "mean": [0.176732376218, 1.8151961565, 3.7295088768, 4.23083782196, 6.95299196243, 10.1052122116, 9.37256908417, 12.7287454605, 35.8866844177, 40.2939491272, 23.7055244446, 26.5130138397, 20.1057472229, 30.15741539, 19.4906959534, 18.9914417267, 17.9305458069, 23.179901123, 39.1051025391, 41.5651855469, 30.1101341248, 25.0038585663, 29.7089233398, 24.3582515717, 12.946685791, 9.78104305267, 6.38030576706, 5.28709363937, 3.05989289284, 2.35536551476, 3.0855486393, 3.63525652885, 3.62504386902, 2.12782645226, 1.07248568535, 0.511327266693, 0.167607277632, 0.0297322440892, 0.000887306523509, 5.79223014938e-05],
        "median": [0.00109191215597, 0.028029570356, 0.2460783571, 2.30369734764, 3.52144670486, 5.08328914642, 4.6099281311, 3.98757505417, 10.520201683, 9.50037574768, 7.84278059006, 6.10357284546, 6.84053039551, 7.02797079086, 5.09175157547, 5.02042627335, 5.048391819, 7.59584760666, 9.84959316254, 11.0841379166, 11.5161018372, 10.6967420578, 10.8703212738, 8.24663448334, 5.66590118408, 4.45311546326, 3.09750294685, 2.20527267456, 0.751879513264, 0.268505126238, 0.465746164322, 0.332773447037, 0.278815597296, 0.225979492068, 0.111835770309, 0.057980645448, 0.0208419393748, 0.00229354249313, 7.48096717871e-05, 2.89234485535e-05],
        "min": [8.24289872787e-22, 2.73302978548e-21, 1.06818703494e-20, 1.89946178763e-20, 1.11188260846e-19, 2.28184622062e-19, 3.10468491044e-19, 8.95467784239e-19, 1.06090804265e-18, 7.60717219021e-19, 1.87385628898e-18, 2.91096934394e-18, 1.73741346733e-18, 2.47959775642e-18, 2.39086050865e-18, 3.72121053832e-18, 8.00459949072e-18, 3.75234106709e-18, 5.51999832556e-18, 5.02639773376e-18, 8.86603199807e-18, 9.0767570863e-18, 1.02508233334e-17, 9.77628139646e-18, 7.39154450589e-18, 1.47911010832e-17, 1.91482385639e-17, 2.65074097021e-17, 2.12499043227e-17, 1.73101257831e-17, 1.32565652416e-17, 1.342006328e-17, 1.3617185383e-17, 1.39265004741e-17, 9.63439262445e-18, 5.54494816079e-18, 3.62745830129e-18, 2.03105059067e-18, 3.40546458327e-19, 3.53947611431e-20],
        "stdev": [0.864946901798, 6.26866102219, 12.9724617004, 11.9960889816, 11.1328248978, 14.3591890335, 15.8149356842, 44.5068473816, 54.6862754822, 85.8618927002, 48.8338012695, 55.7785339355, 35.0082092285, 69.7711257935, 35.4660835266, 35.0131950378, 40.4547996521, 46.5861244202, 79.5616073608, 83.3287734985, 53.1720237732, 39.0614814758, 43.3608283997, 35.8890113831, 19.3801631927, 15.1537208557, 12.983754158, 10.5612401962, 8.96079921722, 8.87450790405, 9.85848140717, 12.1421585083, 12.2042770386, 8.91202068329, 4.42137479782, 1.91109895706, 0.576978027821, 0.113293103874, 0.00331799220294, 0.000106905470602],
        "var": [0.748133182526, 39.2961082458, 168.28477478, 143.906158447, 123.939796448, 206.186309814, 250.112197876, 1980.85961914, 2990.58862305, 7372.26513672, 2384.74023438, 3111.24487305, 1225.57470703, 4868.01025391, 1257.84313965, 1225.92370605, 1636.59069824, 2170.26708984, 6330.04931641, 6943.68457031, 2827.26391602, 1525.79943848, 1880.16149902, 1288.02111816, 375.59072876, 229.635253906, 168.577865601, 111.539802551, 80.2959213257, 78.7568969727, 97.1896514893, 147.432006836, 148.944381714, 79.424118042, 19.5485553741, 3.65229916573, 0.332903623581, 0.0128353266045, 1.10090722956e-05, 1.14287797004e-08]
    },
    "gfcc": {
        "mean": [-52.2848625183, 90.3970947266, -116.251922607, 17.6838378906, -53.2576599121, -2.88796186447, -50.1375541687, 9.56173610687, -32.2765083313, -0.0565560236573, -21.85272789, -5.69723320007, -13.5488004684],
        "cov": [[28920.4980469, -1222.9708252, -1708.93920898, 153.78666687, -1089.06262207, -97.7234268188, -970.11920166, 598.63494873, -405.99105835, 330.432617188, -472.754943848, -62.9354095459, -485.378875732], [-1222.9708252, 2621.48388672, -81.2569580078, -67.0485458374, 366.512756348, -236.268432617, 249.795913696, -367.044616699, 25.6269207001, -235.254989624, 71.5196685791, -123.619041443, 138.070510864], [-1708.93920898, -81.2569580078, 1294.70117188, 167.271087646, 119.092010498, 239.042526245, -2.02866840363, 92.8935852051, 111.355941772, 53.3382034302, 110.123786926, 100.908889771, 38.9294967651], [153.78666687, -67.0485458374, 167.271087646, 572.642272949, 109.561943054, 66.0911712646, 32.2135467529, 22.2387485504, 161.023895264, 12.2051048279, 72.1773376465, 8.74048042297, 49.0672721863], [-1089.06262207, 366.512756348, 119.092010498, 109.561943054, 371.686004639, 97.0359954834, 119.143356323, -17.0149993896, 66.6247329712, 2.74333667755, 37.8311271667, 22.5806732178, 54.9212837219], [-97.7234268188, -236.268432617, 239.042526245, 66.0911712646, 97.0359954834, 354.015441895, 104.798904419, 50.4575920105, 52.7210731506, 37.8772697449, 14.282128334, 69.6318893433, 3.48231649399], [-970.11920166, 249.795913696, -2.02866840363, 32.2135467529, 119.143356323, 104.798904419, 285.830627441, -60.6202850342, 33.9259643555, -3.2888507843, 20.7183246613, 53.4119224548, 34.326171875], [598.63494873, -367.044616699, 92.8935852051, 22.2387485504, -17.0149993896, 50.4575920105, -60.6202850342, 259.972564697, 41.3778076172, 62.4167289734, 18.2663650513, 5.57593107224, -25.8248538971], [-405.99105835, 25.6269207001, 111.355941772, 161.023895264, 66.6247329712, 52.7210731506, 33.9259643555, 41.3778076172, 201.666717529, 34.3818893433, 46.9403457642, 4.38164901733, 18.3961601257], [330.432617188, -235.254989624, 53.3382034302, 12.2051048279, 2.74333667755, 37.8772697449, -3.2888507843, 62.4167289734, 34.3818893433, 141.735809326, 1.13837134838, 22.473985672, -17.2991828918], [-472.754943848, 71.5196685791, 110.123786926, 72.1773376465, 37.8311271667, 14.282128334, 20.7183246613, 18.2663650513, 46.9403457642, 1.13837134838, 116.088043213, 15.0241575241, 10.2763471603], [-62.9354095459, -123.619041443, 100.908889771, 8.74048042297, 22.5806732178, 69.6318893433, 53.4119224548, 5.57593107224, 4.38164901733, 22.473985672, 15.0241575241, 109.665985107, 11.61120224], [-485.378875732, 138.070510864, 38.9294967651, 49.0672721863, 54.9212837219, 3.48231649399, 34.326171875, -25.8248538971, 18.3961601257, -17.2991828918, 10.2763471603, 11.61120224, 90.0023727417]],
        "icov": [[7.46755395085e-05, -0.000138105766382, 0.000136222908623, -0.000205754913623, 0.000236245425185, -0.000204190320801, 0.000305413006572, -0.000227343742154, 0.000191641156562, -0.000247588875936, 0.000256804429227, -0.000298887578538, 0.000272340199444], [-0.000138105766382, 0.00114528322592, -0.000392185378587, 0.000755026936531, -0.00121652300004, 0.00106946704909, -0.00121695769485, 0.0011711770203, -0.000675805727951, 0.00129928719252, -0.000930408481508, 0.00160642375704, -0.000955727125984], [0.000136222908623, -0.000392185378587, 0.00132202927489, -0.000487653393066, 0.000423403456807, -0.0010969270952, 0.00117377087008, -0.000595518096816, 0.000224627641728, -0.000662967620883, -0.000203363873879, -0.00134201580659, 0.000218858418521], [-0.000205754913623, 0.000755026936531, -0.000487653393066, 0.0031450369861, -0.00122824835125, 0.000663992366754, -0.000884004984982, 0.0010264434386, -0.00227906252258, 0.00115278223529, -0.00159883906599, 0.00139736803249, -0.00172639929224], [0.000236245425185, -0.00121652300004, 0.000423403456807, -0.00122824835125, 0.00503709819168, -0.00180314818863, 0.000442166696303, -0.00126847147476, 0.000516811793204, -0.00161899218801, 0.00077637686627, -0.00134011253249, -0.000242381778662], [-0.000204190320801, 0.00106946704909, -0.0010969270952, 0.000663992366754, -0.00180314818863, 0.00534138316289, -0.00269123050384, 0.00040618586354, -0.00107232236769, 0.00119274074677, -9.89778709481e-05, 0.000142656033859, -0.000151419008034], [0.000305413006572, -0.00121695769485, 0.00117377087008, -0.000884004984982, 0.000442166696303, -0.00269123050384, 0.00700295995921, -0.000168605722138, 0.000367990520317, -0.00155561417341, 0.000701041542925, -0.00385086005554, 0.000645818887278], [-0.000227343742154, 0.0011711770203, -0.000595518096816, 0.0010264434386, -0.00126847147476, 0.00040618586354, -0.000168605722138, 0.00629507191479, -0.00157801772002, -0.000195021901163, -0.00187586480752, 0.00182697712444, -0.000432283384725], [0.000191641156562, -0.000675805727951, 0.000224627641728, -0.00227906252258, 0.000516811793204, -0.00107232236769, 0.000367990520317, -0.00157801772002, 0.00804028008133, -0.00238659488969, -0.000713415269274, 2.98724880849e-05, 0.000324042484863], [-0.000247588875936, 0.00129928719252, -0.000662967620883, 0.00115278223529, -0.00161899218801, 0.00119274074677, -0.00155561417341, -0.000195021901163, -0.00238659488969, 0.01028905157, -0.000394431961467, 0.000193927480723, 0.00029444671236], [0.000256804429227, -0.000930408481508, -0.000203363873879, -0.00159883906599, 0.00077637686627, -9.89778709481e-05, 0.000701041542925, -0.00187586480752, -0.000713415269274, -0.000394431961467, 0.0118418615311, -0.00260709132999, 0.00155057164375], [-0.000298887578538, 0.00160642375704, -0.00134201580659, 0.00139736803249, -0.00134011253249, 0.000142656033859, -0.00385086005554, 0.00182697712444, 2.98724880849e-05, 0.000193927480723, -0.00260709132999, 0.014482377097, -0.00299197738059], [0.000272340199444, -0.000955727125984, 0.000218858418521, -0.00172639929224, -0.000242381778662, -0.000151419008034, 0.000645818887278, -0.000432283384725, 0.000324042484863, 0.00029444671236, 0.00155057164375, -0.00299197738059, 0.0148749565706]]
    },
    "melbands": {
        "dmean": [0.00103836611379, 0.000915828335565, 0.000563904701266, 0.000412270019297, 0.000243410584517, 0.00029929712764, 0.000425997073762, 0.000327773712343, 0.000170733037521, 0.00014342177019, 8.17602267489e-05, 0.000100209908851, 6.23891173746e-05, 4.45700061391e-05, 3.92594229197e-05, 3.23231397488e-05, 3.71504320356e-05, 4.98754598084e-05, 4.82026371174e-05, 3.6743349483e-05, 2.32692418649e-05, 1.81687173608e-05, 1.82515832421e-05, 1.83806660061e-05, 1.34760339279e-05, 7.82538245403e-06, 5.96417294219e-06, 4.84710062665e-06, 3.40122869602e-06, 2.65227686214e-06, 2.47702973866e-06, 1.77085530595e-06, 1.56515591243e-06, 1.5554063566e-06, 1.92237712326e-06, 1.858542646e-06, 2.43493582275e-06, 2.60991259893e-06, 2.17344449993e-06, 1.74661272467e-06],
        "dmean2": [0.00161738879979, 0.00137314910535, 0.000937234493904, 0.000673464266583, 0.000402678037062, 0.000518558197655, 0.000697064388078, 0.000527306401636, 0.000281383981928, 0.00022306421306, 0.000127211431391, 0.000163476535818, 0.000102078251075, 6.69723885949e-05, 6.36277909507e-05, 5.01485883433e-05, 5.69161165913e-05, 7.49679238652e-05, 7.11868779035e-05, 5.34117971256e-05, 3.38099634973e-05, 2.65151647909e-05, 2.69028259936e-05, 2.77243689197e-05, 1.98205034394e-05, 1.15967741294e-05, 8.99919632502e-06, 7.57399129725e-06, 5.42862471775e-06, 4.17739556724e-06, 3.88513490179e-06, 2.8694885259e-06, 2.55366035162e-06, 2.58239424511e-06, 3.24125585394e-06, 2.97678684547e-06, 3.8350435716e-06, 4.05613036492e-06, 3.49625315721e-06, 2.7171754482e-06],
        "dvar": [2.71215576504e-05, 1.65839355759e-05, 5.48329353478e-06, 6.94670404755e-07, 3.00234660244e-07, 1.52478685322e-06, 5.60127091376e-07, 5.42189468433e-07, 1.24708165572e-07, 8.07785198731e-08, 2.29078924718e-08, 6.17162214667e-08, 1.82496293633e-08, 7.82152209666e-09, 5.84419934668e-09, 6.8042411705e-09, 6.2154996705e-09, 1.13607061536e-08, 9.91479609525e-09, 5.34556710008e-09, 2.08128114743e-09, 1.16086806834e-09, 9.14455233758e-10, 8.80001516101e-10, 4.702017109e-10, 1.79936385236e-10, 1.13892242859e-10, 8.64484248075e-11, 8.77627623352e-11, 4.98116894954e-11, 4.09871130091e-11, 2.76450147496e-11, 3.27185188664e-11, 3.12039422079e-11, 4.26572839551e-11, 3.32478905518e-11, 6.19850906713e-11, 7.01152538807e-11, 6.70931435409e-11, 4.44760062113e-11],
        "dvar2": [6.68487409712e-05, 3.9367863792e-05, 1.56959940796e-05, 1.97433223548e-06, 8.10210849522e-07, 4.29467536378e-06, 1.40967279094e-06, 1.23055042422e-06, 3.21701008943e-07, 1.78142840923e-07, 5.29209032152e-08, 1.63978924661e-07, 4.92709375521e-08, 1.7839846933e-08, 1.4697197237e-08, 1.72810583621e-08, 1.25259962402e-08, 2.55260186321e-08, 1.95444940232e-08, 1.08212123706e-08, 4.13247747133e-09, 2.48909204359e-09, 2.04487027311e-09, 2.02420813444e-09, 9.72909086627e-10, 4.24536295007e-10, 2.77944639526e-10, 2.15559375905e-10, 2.33626146207e-10, 1.30720392844e-10, 1.01322415735e-10, 6.83859566197e-11, 8.11171685378e-11, 7.89997720019e-11, 1.12073447744e-10, 7.67404056967e-11, 1.38379335768e-10, 1.51511789226e-10, 1.58286467267e-10, 9.37509098131e-11],
        "max": [0.0765459910035, 0.0638037696481, 0.0291163921356, 0.0127858491614, 0.00860751885921, 0.0140340793878, 0.0064722020179, 0.0113477315754, 0.00514870276675, 0.00360131612979, 0.00151687732432, 0.0033245049417, 0.00143589335494, 0.00100146501791, 0.000620143080596, 0.00124505383428, 0.00128762994427, 0.00192427146249, 0.00140616646968, 0.00110502948519, 0.000676252820995, 0.000513816077728, 0.000308921618853, 0.000305100489641, 0.000259699183516, 0.00015125660866, 0.000104109873064, 0.000105464685475, 0.000106683757622, 8.06674943306e-05, 7.45205325074e-05, 5.88289694861e-05, 6.00676576141e-05, 6.34208263364e-05, 8.21228677523e-05, 8.48774216138e-05, 9.87416060525e-05, 0.000105390186945, 0.000157390735694, 0.000134332745802],
        "mean": [0.00189592817333, 0.00211988808587, 0.000792525475845, 0.000628012756351, 0.000347134307958, 0.000291636883048, 0.000588788709138, 0.000395017588744, 0.000188017569599, 0.000163233125932, 9.68434978859e-05, 0.000119951982924, 7.20177704352e-05, 5.59898180654e-05, 4.07459301641e-05, 3.64497682313e-05, 4.45648656751e-05, 6.11149152974e-05, 6.38323035673e-05, 4.71794082841e-05, 3.19599785144e-05, 2.51807286986e-05, 2.6493007681e-05, 2.6964900826e-05, 1.92928164324e-05, 1.04604305307e-05, 7.52945561544e-06, 6.24438325758e-06, 4.15450085711e-06, 3.32239847012e-06, 2.9699353945e-06, 1.79665232736e-06, 1.32556931476e-06, 1.29236389057e-06, 1.71900467194e-06, 1.86667568869e-06, 2.40813506025e-06, 2.67293989964e-06, 2.15500881495e-06, 1.66150846326e-06],
        "median": [1.82016246981e-05, 0.000128538260469, 0.000487035606056, 0.000408061576309, 0.000183320022188, 8.81070081959e-05, 0.000178452261025, 7.52331689e-05, 5.0941544032e-05, 3.52145179932e-05, 2.73378391284e-05, 2.61844761553e-05, 1.51862341227e-05, 1.36817379826e-05, 1.04123655547e-05, 1.00386669146e-05, 1.33659714265e-05, 1.4554118934e-05, 1.4577894035e-05, 1.44221885421e-05, 1.25395890791e-05, 1.06609650175e-05, 9.12503855943e-06, 8.47439332574e-06, 6.13935117144e-06, 4.20708511228e-06, 3.25840801452e-06, 2.55809595728e-06, 1.67004543528e-06, 1.34057142986e-06, 1.06846619019e-06, 4.08397255569e-07, 1.02022646331e-07, 1.08349098582e-07, 2.2669841826e-07, 2.53439793596e-07, 1.56337023327e-07, 1.81682793254e-07, 1.95865084152e-07, 1.42919603263e-07],
        "min": [6.19031852988e-24, 4.93356962784e-24, 5.52011098227e-24, 1.38681100272e-23, 9.34760177439e-24, 2.06201156654e-23, 1.62725896207e-23, 8.88269843281e-24, 1.67733790338e-23, 1.78882745734e-23, 7.93782923953e-24, 9.68937891702e-24, 7.54496862012e-24, 6.31878650044e-24, 1.96197327525e-23, 1.38857331798e-23, 5.56534308328e-24, 8.69963537115e-24, 5.71887632025e-24, 9.05492175678e-24, 1.16576105414e-23, 8.64463125567e-24, 1.28883092842e-23, 6.23171203372e-24, 8.23624664251e-24, 5.59781180928e-24, 5.31243191049e-24, 1.14410169469e-23, 1.23811711186e-23, 1.37874190229e-23, 1.61277626472e-23, 1.20935879313e-23, 1.06093074839e-23, 9.07495961263e-24, 6.52093841829e-24, 9.96575712403e-24, 6.96596680379e-24, 9.87384220679e-24, 8.25446459625e-24, 1.33152542167e-23],
        "stdev": [0.00754564162344, 0.00655090482906, 0.00192043499555, 0.000824448128697, 0.00056354078697, 0.000956894480623, 0.000874573830515, 0.000840963388328, 0.000390778091969, 0.000348130211933, 0.000177351234015, 0.000276668259175, 0.000150673920871, 0.000115396811452, 7.79897745815e-05, 8.61700245878e-05, 9.64842329267e-05, 0.000131468550535, 0.000134177680593, 9.4422037364e-05, 5.73766665184e-05, 4.20172109443e-05, 4.1209259507e-05, 4.07088882639e-05, 3.0000186598e-05, 1.63373479154e-05, 1.21231114463e-05, 1.00296301753e-05, 8.59807732922e-06, 6.68847724228e-06, 6.33489571555e-06, 5.01184968016e-06, 5.23435619471e-06, 5.03084766024e-06, 5.78506524107e-06, 6.00934208705e-06, 8.36369326862e-06, 9.14356132853e-06, 8.23512164061e-06, 7.23606444808e-06],
        "var": [5.69367075514e-05, 4.29143510701e-05, 3.68807059203e-06, 6.79714673879e-07, 3.17578241038e-07, 9.1564709237e-07, 7.64879359849e-07, 7.07219385276e-07, 1.52707514189e-07, 1.2119464543e-07, 3.14534602808e-08, 7.65453265217e-08, 2.27026308863e-08, 1.33164244076e-08, 6.08240524613e-09, 7.42527372921e-09, 9.30920762698e-09, 1.72839804691e-08, 1.80036501263e-08, 8.91552165427e-09, 3.29208171834e-09, 1.7654460116e-09, 1.69820313367e-09, 1.65721347756e-09, 9.00011232208e-10, 2.66908939395e-10, 1.46969825199e-10, 1.00593484931e-10, 7.39269409578e-11, 4.47357255406e-11, 4.01309020737e-11, 2.51186363376e-11, 2.73984845228e-11, 2.53094281644e-11, 3.34669791879e-11, 3.61121896275e-11, 6.99513641456e-11, 8.36047064912e-11, 6.78172309976e-11, 5.23606297209e-11]
    },
    "melbands128": {
