{
"lowlevel": {
    "average_loudness": 0.982626438141,
    "barkbands_crest": {
        "dmean": 1.88296484947,
        "dmean2": 3.02531218529,
        "dvar": 4.13879537582,
        "dvar2": 11.0492486954,
        "max": 20.5784702301,
        "mean": 7.86450719833,
        "median": 7.24591779709,
        "min": 2.63933539391,
        "stdev": 2.84626960754,
        "var": 8.1012506485
    },
    "barkbands_flatness_db": {
        "dmean": 0.0123787242919,
        "dmean2": 0.0193054899573,
        "dvar": 0.000148531820741,
        "dvar2": 0.000358345743734,
        "max": 0.289519369602,
        "mean": 0.119357787073,
        "median": 0.109789706767,
        "min": 0.038475561887,
        "stdev": 0.0403303690255,
        "var": 0.00162653869484
    },
    "barkbands_kurtosis": {
        "dmean": 1.10582470894,
        "dmean2": 1.72695732117,
        "dvar": 4.23380470276,
        "dvar2": 9.89556407928,
        "max": 36.0842857361,
        "mean": 1.27056276798,
        "median": 0.107106685638,
        "min": -1.73145246506,
        "stdev": 3.82451224327,
        "var": 14.6268930435
    },
    "barkbands_skewness": {
        "dmean": 0.335065126419,
        "dmean2": 0.502557396889,
        "dvar": 0.134229496121,
        "dvar2": 0.307692676783,
        "max": 4.75324726105,
        "mean": 0.956102252007,
        "median": 0.840439856052,
        "min": -0.755246818066,
        "stdev": 0.832954108715,
        "var": 0.693812549114
    },
    "barkbands_spread": {
        "dmean": 3.38573813438,
        "dmean2": 5.22154998779,
        "dvar": 14.4478683472,
        "dvar2": 33.0448417664,
        "max": 68.4462814331,
        "mean": 23.1925945282,
        "median": 22.922416687,
        "min": 2.43610358238,
        "stdev": 9.37103843689,
        "var": 87.816368103
    },
    "dissonance": {
        "dmean": 0.0137376030907,
        "dmean2": 0.0227648764849,
        "dvar": 0.000255928782281,
        "dvar2": 0.00050011347048,
        "max": 0.499984174967,
        "mean": 0.466010838747,
        "median": 0.472303539515,
        "min": 0,
        "stdev": 0.0269522536546,
        "var": 0.000726423982996
    },
    "dynamic_complexity": 1.85043513775,
    "erbbands_crest": {
        "dmean": 2.12318372726,
        "dmean2": 3.32989168167,
        "dvar": 4.43588495255,
        "dvar2": 10.6224594116,
        "max": 26.6882686615,
        "mean": 9.11552524567,
        "median": 8.43176555634,
        "min": 2.67026209831,
        "stdev": 4.0011177063,
        "var": 16.0089416504
    },
    "erbbands_flatness_db": {
        "dmean": 0.0128241842613,
        "dmean2": 0.0178280752152,
        "dvar": 0.000151265121531,
        "dvar2": 0.000277351180557,
        "max": 0.246649906039,
        "mean": 0.167418777943,
        "median": 0.171117842197,
        "min": 0.0780771896243,
        "stdev": 0.0313908755779,
        "var": 0.000985387014225
    },
    "erbbands_kurtosis": {
        "dmean": 0.505212783813,
        "dmean2": 0.786747634411,
        "dvar": 0.309499114752,
        "dvar2": 0.688693583012,
        "max": 5.77270126343,
        "mean": 0.0218616742641,
        "median": -0.330222606659,
        "min": -1.70475912094,
        "stdev": 1.16722619534,
        "var": 1.36241698265
    },
    "erbbands_skewness": {
        "dmean": 0.25414532423,
        "dmean2": 0.385451942682,
        "dvar": 0.0542531274259,
        "dvar2": 0.116093255579,
        "max": 2.08893918991,
        "mean": -0.00968624744564,
        "median": 0.0551518797874,
        "min": -2.12552237511,
        "stdev": 0.763001084328,
        "var": 0.582170665264
    },
    "erbbands_spread": {
        "dmean": 5.09175682068,
        "dmean2": 7.56450462341,
        "dvar": 27.7160491943,
        "dvar2": 56.6764183044,
        "max": 93.3312072754,
        "mean": 33.6464881897,
        "median": 31.9192028046,
        "min": 10.923989296,
        "stdev": 12.4504556656,
        "var": 155.013839722
    },
    "hfc": {
        "dmean": 4.33370113373,
        "dmean2": 6.2753071785,
        "dvar": 24.6453552246,
        "dvar2": 43.805267334,
        "max": 69.020072937,
        "mean": 26.5421295166,
        "median": 28.9939632416,
        "min": 1.16864373467e-06,
        "stdev": 14.1988677979,
        "var": 201.607833862
    },
    "loudness_ebu128": {
        "integrated": -5.6828045845,
        "loudness_range": 1.5078625679,
        "momentary": {
            "dmean": 0.300048857927,
            "dmean2": 0.294191300869,
            "dvar": 0.0605389103293,
            "dvar2": 0.073249399662,
            "max": -4.09529685974,
            "mean": -5.92060947418,
            "median": -5.40705728531,
            "min": -10.793721199,
            "stdev": 1.57366669178,
            "var": 2.47642683983
        },
        "short_term": {
            "dmean": 0.0537337660789,
            "dmean2": 0.0426093898714,
            "dvar": 0.0023483093828,
            "dvar2": 0.00148485437967,
            "max": -4.48223209381,
            "mean": -5.51561117172,
            "median": -5.37424564362,
            "min": -8.54327487946,
            "stdev": 0.688833594322,
            "var": 0.474491745234
        }
    },
    "melbands_crest": {
        "dmean": 2.47812986374,
        "dmean2": 3.97749662399,
        "dvar": 6.65493249893,
        "dvar2": 17.1342906952,
        "max": 25.863275528,
        "mean": 11.1827974319,
        "median": 10.2309560776,
        "min": 3.46008253098,
        "stdev": 4.00051259995,
        "var": 16.0041027069
    },
    "melbands_flatness_db": {
        "dmean": 0.0149433044717,
        "dmean2": 0.0233778748661,
        "dvar": 0.000264386675553,
        "dvar2": 0.000624629436061,
        "max": 0.382238000631,
        "mean": 0.173581659794,
        "median": 0.159776508808,
        "min": 0.073625177145,
        "stdev": 0.0514186024666,
        "var": 0.00264387275092
    },
    "melbands_kurtosis": {
        "dmean": 2.90723514557,
        "dmean2": 4.46676063538,
        "dvar": 29.4418201447,
        "dvar2": 71.6285247803,
        "max": 64.8602600098,
        "mean": 5.49973726273,
        "median": 3.14655828476,
        "min": -1.5481981039,
        "stdev": 7.68554592133,
        "var": 59.0676193237
    },
    "melbands_skewness": {
        "dmean": 0.453035712242,
        "dmean2": 0.671059846878,
        "dvar": 0.287357896566,
        "dvar2": 0.643237829208,
        "max": 6.89064455032,
        "mean": 1.82280659676,
        "median": 1.70123910904,
        "min": 0.0352564193308,
        "stdev": 1.04273509979,
        "var": 1.0872964859
    },
    "melbands_spread": {
        "dmean": 5.13286828995,
        "dmean2": 7.97217273712,
        "dvar": 29.1204319,
        "dvar2": 70.4527587891,
        "max": 71.2610778809,
        "mean": 28.9053916931,
        "median": 27.8784980774,
        "min": 1.93364286423,
        "stdev": 13.6368093491,
        "var": 185.96257019
    },
    "pitch_salience": {
        "dmean": 0.0537114553154,
        "dmean2": 0.0887847468257,
        "dvar": 0.00267716310918,
        "dvar2": 0.00720609957352,
        "max": 0.945112168789,
        "mean": 0.571507453918,
        "median": 0.576248884201,
        "min": 0.302104711533,
        "stdev": 0.0804212465882,
        "var": 0.00646757707
    },
    "silence_rate_20dB": {
        "dmean": 0,
        "dmean2": 0,
        "dvar": 0,
        "dvar2": 0,
        "max": 1,
        "mean": 1,
        "median": 1,
        "min": 1,
        "stdev": 0,
        "var": 0
    },
    "silence_rate_30dB": {
        "dmean": 0,
        "dmean2": 0,
        "dvar": 0,
        "dvar2": 0,
        "max": 1,
        "mean": 1,
        "median": 1,
        "min": 1,
        "stdev": 0,
        "var": 0
    },
    "silence_rate_60dB": {
        "dmean": 0.00154798757285,
        "dmean2": 0.00154918665066,
        "dvar": 0.00154557928909,
        "dvar2": 0.00154677091632,
        "max": 1,
        "mean": 0.00154679035768,
        "median": 0,
        "min": 0,
        "stdev": 0.0392987206578,
        "var": 0.00154438940808
    },
    "spectral_centroid": {
        "dmean": 163.274398804,
        "dmean2": 255.352371216,
        "dvar": 27916.9628906,
        "dvar2": 68633.7109375,
        "max": 3031.34106445,
        "mean": 1441.49914551,
        "median": 1461.52636719,
        "min": 261.462036133,
        "stdev": 454.040496826,
        "var": 206152.765625
    },
    "spectral_complexity": {
        "dmean": 2.94582033157,
        "dmean2": 4.63671588898,
        "dvar": 6.5001502037,
        "dvar2": 13.493853569,
        "max": 46,
        "mean": 24.9102859497,
        "median": 26,
        "min": 0,
        "stdev": 7.55037355423,
        "var": 57.008140564
    },
    "spectral_decrease": {
        "dmean": 1.50202517091e-09,
        "dmean2": 2.3045829689e-09,
        "dvar": 4.3992988765e-18,
        "dvar2": 1.00886256229e-17,
        "max": -4.72194663012e-16,
        "mean": -7.13372605432e-09,
        "median": -7.18542603195e-09,
        "min": -2.54995367044e-08,
        "stdev": 3.22064241942e-09,
        "var": 1.03725379974e-17
    },
    "spectral_energy": {
        "dmean": 0.00592281110585,
        "dmean2": 0.00905622262508,
        "dvar": 6.56903503113e-05,
        "dvar2": 0.000148288963828,
        "max": 0.0982490852475,
        "mean": 0.029331792146,
        "median": 0.0300450064242,
        "min": 1.88816895452e-09,
        "stdev": 0.0130321215838,
        "var": 0.000169836188434
    },
    "spectral_energyband_high": {
        "dmean": 0.000158257433213,
        "dmean2": 0.000216054424527,
        "dvar": 9.00355843214e-08,
        "dvar2": 1.45764033732e-07,
        "max": 0.00728873722255,
        "mean": 0.000529042095877,
        "median": 0.000420432916144,
        "min": 7.68083513458e-12,
        "stdev": 0.000562542642001,
        "var": 3.16454247695e-07
    },
    "spectral_energyband_low": {
        "dmean": 0.00294271460734,
        "dmean2": 0.00470251543447,
        "dvar": 3.98650590796e-05,
        "dvar2": 9.94985748548e-05,
        "max": 0.0731866359711,
        "mean": 0.00607279641554,
        "median": 0.00436428189278,
        "min": 2.50338666463e-10,
        "stdev": 0.00687993364409,
        "var": 4.73334839626e-05
    },
    "spectral_energyband_middle_high": {
        "dmean": 0.00191032129806,
        "dmean2": 0.00280030351132,
        "dvar": 4.89526155434e-06,
        "dvar2": 9.84191137832e-06,
        "max": 0.0363512560725,
        "mean": 0.00928147975355,
        "median": 0.00862672459334,
        "min": 4.37366060035e-10,
        "stdev": 0.0065480703488,
        "var": 4.28772254963e-05
    },
    "spectral_energyband_middle_low": {
        "dmean": 0.00417793076485,
        "dmean2": 0.00628702295944,
        "dvar": 3.81628597097e-05,
        "dvar2": 8.46709081088e-05,
        "max": 0.0672498643398,
        "mean": 0.0147548327222,
        "median": 0.0128948837519,
        "min": 1.22954113557e-09,
        "stdev": 0.00889207236469,
        "var": 7.90689518908e-05
    },
    "spectral_entropy": {
        "dmean": 0.0902925729752,
        "dmean2": 0.128921598196,
        "dvar": 0.00762638356537,
        "dvar2": 0.0132932327688,
        "max": 8.41840457916,
        "mean": 7.50946807861,
        "median": 7.54329967499,
        "min": 6.3577837944,
        "stdev": 0.323683053255,
        "var": 0.104770720005
    },
    "spectral_flux": {
        "dmean": 0.0199426785111,
        "dmean2": 0.0311582908034,
        "dvar": 0.000570822448935,
        "dvar2": 0.0013103056699,
        "max": 0.231061309576,
        "mean": 0.0779651999474,
        "median": 0.0697406157851,
        "min": 4.34530666098e-05,
        "stdev": 0.0382265746593,
        "var": 0.00146127096377
    },
    "spectral_kurtosis": {
        "dmean": 1.53099262714,
        "dmean2": 2.60939288139,
        "dvar": 2.76521539688,
        "dvar2": 8.94274520874,
        "max": 23.4953918457,
        "mean": 5.20066833496,
        "median": 4.77909851074,
        "min": -0.113925933838,
        "stdev": 2.65910291672,
        "var": 7.07082891464
    },
    "spectral_rms": {
        "dmean": 0.000526772928424,
        "dmean2": 0.000791750615463,
        "dvar": 4.42123194944e-07,
        "dvar2": 9.34915476591e-07,
        "max": 0.00979044288397,
        "mean": 0.00520555349067,
        "median": 0.00541407428682,
        "min": 1.35724576467e-06,
        "stdev": 0.00123231415637,
        "var": 1.51859831021e-06
    },
    "spectral_rolloff": {
        "dmean": 287.731018066,
        "dmean2": 483.405700684,
        "dvar": 251979.890625,
        "dvar2": 604008.125,
        "max": 8570.21484375,
        "mean": 1648.77880859,
        "median": 1658.05664062,
        "min": 150.732421875,
        "stdev": 812.630859375,
        "var": 660368.9375
    },
    "spectral_skewness": {
        "dmean": 0.173445254564,
        "dmean2": 0.290060400963,
        "dvar": 0.0282356031239,
        "dvar2": 0.0823133736849,
        "max": 3.83302402496,
        "mean": 1.58370625973,
        "median": 1.56256306171,
        "min": 0.568865835667,
        "stdev": 0.374188661575,
        "var": 0.140017151833
    },
    "spectral_spread": {
        "dmean": 318589.84375,
        "dmean2": 442584.28125,
        "dvar": 306694586368,
        "dvar2": 339061833728,
        "max": 16170377,
        "mean": 3705072.75,
        "median": 3536948.75,
        "min": 2217521.5,
        "stdev": 957487.5625,
        "var": 916782448640
    },
    "spectral_strongpeak": {
        "dmean": 0.784722030163,
        "dmean2": 1.35822546482,
        "dvar": 1.87235701084,
        "dvar2": 4.77212190628,
        "max": 11.1650037766,
        "mean": 1.65783393383,
        "median": 0.886858105659,
        "min": 0,
        "stdev": 1.91356956959,
        "var": 3.66174840927
    },
    "zerocrossingrate": {
        "dmean": 0.00596595043316,
        "dmean2": 0.00743163283914,
        "dvar": 3.71608475689e-05,
        "dvar2": 5.1928578614e-05,
        "max": 0.16552734375,
        "mean": 0.0593599714339,
        "median": 0.0595703125,
        "min": 0.00439453125,
        "stdev": 0.0202790964395,
        "var": 0.000411241722759
    },
    "barkbands": {
        "dmean": [3.20005383401e-05, 0.00160737894475, 0.00126994750462, 0.00157637253869, 0.00148478976917, 0.000948859727941, 0.00100288144313, 0.00110697373748, 0.00099619559478, 0.000549256044906, 0.000355542491889, 0.000303108099615, 0.000385714025469, 0.000522131565958, 0.0003565903462, 0.000529269047547, 0.000422891462222, 0.000307758309646, 0.000168168466189, 8.14564700704e-05, 4.77801513625e-05, 5.78174513066e-05, 2.63456604443e-05, 2.62762860075e-05, 1.63649201568e-05, 6.11285031482e-06, 4.92299932375e-07],
        "dmean2": [5.45800285181e-05, 0.00256009190343, 0.00221052090637, 0.00256133521907, 0.00256418972276, 0.00149879558012, 0.00149958592374, 0.0016460652696, 0.00139033212326, 0.000810658326373, 0.000509397999849, 0.000473606924061, 0.0005977571127, 0.000833451049402, 0.000568928022403, 0.000836699968204, 0.000650235218927, 0.000509792065714, 0.000264254922513, 0.000128228304675, 7.12445835234e-05, 8.27039766591e-05, 3.85108178307e-05, 3.75509262085e-05, 2.33896535065e-05, 9.32738930715e-06, 8.08577169664e-07],
        "dvar": [4.08870048929e-09, 2.22977432713e-05, 6.08422715231e-06, 1.39844469231e-05, 5.06446212967e-06, 2.55721238318e-06, 6.47416118227e-06, 5.05857587996e-06, 5.14102748639e-06, 1.11557619675e-06, 4.4731507387e-07, 3.2797842664e-07, 9.06555385427e-07, 1.17466947813e-06, 8.18782837086e-07, 1.10997814318e-06, 3.89190347505e-07, 1.47974105857e-07, 5.72294993617e-08, 1.05810933348e-08, 1.13661737799e-08, 1.72672827148e-08, 1.68936953315e-09, 9.206874374e-09, 2.225915674e-09, 1.53342491482e-10, 1.2972689329e-12],
        "dvar2": [1.23313403932e-08, 5.5050400988e-05, 1.74767101271e-05, 3.30688089889e-05, 1.41233849718e-05, 6.69372911943e-06, 1.39840822158e-05, 1.06148363557e-05, 1.02815411083e-05, 2.46272725235e-06, 7.42195254588e-07, 6.7233355594e-07, 2.12865211324e-06, 2.89857416647e-06, 2.12263557842e-06, 2.5993131203e-06, 8.10497908788e-07, 3.95569117018e-07, 1.17775861952e-07, 2.57995651509e-08, 2.09857482503e-08, 3.52169564621e-08, 3.24890114811e-09, 1.67423088726e-08, 4.4268988475e-09, 3.3566022184e-10, 3.2665402501e-12],
        "max": [0.000622056191787, 0.0391313992441, 0.0379765965044, 0.0426354259253, 0.0241035502404, 0.0238505583256, 0.0439172461629, 0.0385864414275, 0.0399093553424, 0.0179834403098, 0.0140540096909, 0.0136558618397, 0.0214819069952, 0.0177805107087, 0.0188089478761, 0.0198674667627, 0.00870389956981, 0.00353743229061, 0.00503890030086, 0.00144527212251, 0.00233557727188, 0.00364804896526, 0.000750705599785, 0.00237499084324, 0.000947967113461, 0.000237376050791, 1.49830511873e-05],
        "mean": [4.63119249616e-05, 0.00234211212955, 0.0025194499176, 0.00225050933659, 0.0033422538545, 0.00236914120615, 0.0022573962342, 0.00204455573112, 0.00227486016229, 0.00123911118135, 0.000871055643074, 0.000655856390949, 0.000895217061043, 0.000951925350819, 0.000683152698912, 0.00130279676523, 0.00140831735916, 0.00075278460281, 0.000484996766318, 0.000204712079722, 0.000116697112389, 0.000152255990542, 6.52435555821e-05, 5.46829323866e-05, 3.45670305251e-05, 1.12584993985e-05, 5.69342205381e-07],
        "median": [2.00535923796e-05, 0.00109134917147, 0.00182218872942, 0.00109803676605, 0.00237325718626, 0.00140637042932, 0.00076801108662, 0.0010027741082, 0.0010245613521, 0.000402411591494, 0.000334505573846, 0.00034221552778, 0.000298838102026, 0.000344109896105, 0.000296708778478, 0.000391601439333, 0.000559285050258, 0.000566604896449, 0.000377407297492, 0.000159249699209, 7.31878753868e-05, 0.000100462028058, 4.5172386308e-05, 3.08503476845e-05, 1.96553937712e-05, 5.79842799198e-06, 2.06358450328e-07],
        "min": [8.26717444502e-11, 1.14484748071e-10, 6.53369719439e-11, 5.69306823905e-11, 1.23542995278e-10, 1.24690355263e-10, 1.52580365009e-10, 2.3354482237e-10, 4.35312008662e-10, 2.69963523758e-10, 9.29259863502e-11, 4.88939062848e-11, 4.08640205007e-11, 1.49765495144e-11, 6.58094715875e-12, 3.20535568574e-12, 3.88238703339e-12, 3.50104038642e-12, 4.94670710643e-12, 2.6256874279e-12, 1.01863797345e-12, 1.27740147019e-12, 1.81496950715e-12, 1.21108711167e-12, 5.69892874211e-13, 4.1414034745e-13, 3.18231389591e-13],
        "stdev": [6.89199732733e-05, 0.00477149290964, 0.00264280289412, 0.00391353107989, 0.00319831050001, 0.00260714045726, 0.00429285410792, 0.00325041078031, 0.00352481217124, 0.00212130253203, 0.00170179619454, 0.00105913809966, 0.00212316843681, 0.00165095087141, 0.00123579450883, 0.00210228236392, 0.00194416951854, 0.0006606685929, 0.000477555819089, 0.000181406212505, 0.000174998785951, 0.000197592846234, 7.23772100173e-05, 0.000130961896502, 6.56269330648e-05, 1.69169070432e-05, 1.13382020572e-06],
        "var": [4.74996264543e-09, 2.27671462198e-05, 6.9844072641e-06, 1.53157252498e-05, 1.02291896837e-05, 6.79718095853e-06, 1.84285981959e-05, 1.0565170669e-05, 1.24243015307e-05, 4.49992467111e-06, 2.89611011794e-06, 1.12177360734e-06, 4.50784409622e-06, 2.72563875114e-06, 1.52718803292e-06, 4.41959127784e-06, 3.7797949517e-06, 4.36482963551e-07, 2.28059548135e-07, 3.29082148198e-08, 3.06245730997e-08, 3.90429306663e-08, 5.23846077627e-09, 1.71510183833e-08, 4.30689439668e-09, 2.86181717213e-10, 1.28554816532e-12]
    },
    "erbbands": {
        "dmean": [0.0363546907902, 0.406300365925, 1.26957046986, 3.2236225605, 5.66139554977, 4.86454820633, 7.26331758499, 9.20690917969, 14.5438556671, 14.9432878494, 22.4658813477, 23.8964080811, 15.7681646347, 14.3878068924, 11.6231794357, 10.5542993546, 17.4354915619, 17.8424854279, 22.2118282318, 18.7694396973, 27.1500740051, 25.1421031952, 19.3114967346, 10.0485019684, 6.86310195923, 3.29323887825, 2.28927016258, 1.83885622025, 2.31511211395, 1.44416415691, 0.652208447456, 0.576268911362, 0.432600408792, 0.241103559732, 0.0866953060031, 0.0356901139021, 0.0099471854046, 0.00175105896778, 4.8363366659e-05, 7.34026161808e-06],
        "dmean2": [0.0564607642591, 0.657647132874, 2.19059991837, 5.32458782196, 9.47914981842, 8.21681308746, 11.4301261902, 14.5208568573, 21.5356578827, 23.3192176819, 32.3811073303, 33.1461181641, 22.6265106201, 20.2483863831, 16.9665431976, 16.1630268097, 26.9514636993, 28.595823288, 34.9925765991, 28.7469291687, 42.6607170105, 38.6042251587, 31.7601089478, 16.5558319092, 10.8122119904, 5.0726108551, 3.47316789627, 2.67469143867, 3.32997107506, 2.06574082375, 0.916663229465, 0.839655220509, 0.619698405266, 0.341970324516, 0.127855822444, 0.0528733842075, 0.015233498998, 0.00274319015443, 7.67657693359e-05, 1.08288177216e-05],
        "dvar": [0.0114170219749, 1.38999843597, 6.50599479675, 38.1955757141, 160.917175293, 51.7098083496, 112.873527527, 228.66116333, 1258.52490234, 1137.50830078, 2186.87646484, 3578.36157227, 697.180786133, 776.997436523, 407.479919434, 329.140686035, 2335.99145508, 1497.52978516, 2789.18603516, 1714.80944824, 3325.71606445, 1325.8840332, 607.193481445, 206.593017578, 91.6707611084, 16.8632259369, 13.1662921906, 27.2543182373, 22.9207363129, 5.92518472672, 1.00897967815, 2.54359745979, 3.44847941399, 0.478197306395, 0.0669675543904, 0.00677552400157, 0.000318543927278, 1.11005365397e-05, 1.31784094748e-08, 9.59280294088e-11],
        "dvar2": [0.0269206650555, 3.46365308762, 18.44008255, 93.1929473877, 405.912780762, 143.102462769, 284.671081543, 597.697998047, 2620.1640625, 2549.62011719, 4538.42675781, 7205.63183594, 1516.32397461, 1436.1541748, 789.217102051, 670.104309082, 5652.46923828, 3839.91625977, 6785.2578125, 3816.11035156, 7449.00830078, 2717.40039062, 1656.97167969, 483.624511719, 198.517852783, 38.5592536926, 27.362859726, 50.911151886, 46.7685508728, 10.9261856079, 1.82869780064, 4.57409000397, 7.09968900681, 0.907994270325, 0.138758838177, 0.0147026767954, 0.000690489658155, 2.55632185144e-05, 3.35396102003e-08, 2.07097422544e-10],
        "max": [1.016726017, 9.99423599243, 35.53931427, 70.6882324219, 165.093139648, 111.922683716, 134.980178833, 224.109130859, 588.874145508, 581.839416504, 851.195007324, 1174.43273926, 434.163818359, 509.054840088, 407.707214355, 381.341461182, 1178.87145996, 698.501342773, 1044.53625488, 857.364196777, 1339.79064941, 494.571136475, 249.797531128, 219.544250488, 172.64906311, 77.0246429443, 74.85887146, 130.796630859, 123.265220642, 52.2951812744, 20.4541358948, 36.7342414856, 44.4626655579, 16.9774875641, 4.55593109131, 1.54191255569, 0.289477646351, 0.0311876386404, 0.00208771438338, 0.000117113639135],
        "mean": [0.0558957159519, 0.585250139236, 2.51748275757, 5.80681753159, 8.73622131348, 10.6093082428, 16.6750411987, 23.2075977325, 34.5371170044, 29.3270320892, 46.6051902771, 55.5968551636, 40.6576309204, 37.6390266418, 29.0013713837, 24.960723877, 42.8069038391, 40.1600265503, 45.7319526672, 49.8470420837, 73.4148254395, 84.4151229858, 46.294834137, 28.5248966217, 20.3194561005, 9.20903682709, 5.73066139221, 4.44480037689, 5.75131988525, 3.65760803223, 1.65131163597, 1.23518252373, 0.831233799458, 0.511230647564, 0.17486537993, 0.0647561624646, 0.0181731637567, 0.00269435509108, 8.39314379846e-05, 3.79972480005e-05],
        "median": [0.0181405432522, 0.294669181108, 1.90065944195, 3.17596292496, 4.9085726738, 6.79556274414, 9.83455181122, 13.3573932648, 12.9117612839, 14.5252971649, 24.3494968414, 24.1146697998, 17.669927597, 14.1737232208, 13.1754522324, 12.8947496414, 14.6782865524, 17.8647518158, 18.1248073578, 20.9004535675, 24.5653915405, 35.7454299927, 34.3446006775, 22.3088531494, 15.1309394836, 7.27303695679, 3.94582366943, 2.99325895309, 3.73135113716, 2.59633469582, 1.12504589558, 0.702656030655, 0.437941849232, 0.265131086111, 0.0988756939769, 0.0329666994512, 0.00957556441426, 0.0012952828547, 4.87331417389e-05, 3.93856134906e-05],
        "min": [4.3318797438e-09, 2.25867786696e-08, 6.8860998681e-08, 1.47619260815e-07, 2.652439548e-07, 4.38677176362e-07, 7.05133743395e-07, 1.12380212158e-06, 1.83041015589e-06, 3.27381053467e-06, 6.21141725787e-06, 9.74243448582e-06, 9.95937261905e-06, 6.28249745205e-06, 3.12777569889e-06, 1.97208146346e-06, 1.8980290406e-06, 1.05410197193e-06, 4.87246893499e-07, 2.38531214336e-07, 1.89605302126e-07, 2.22606146849e-07, 2.19032898485e-07, 1.374255163e-07, 2.93128266549e-07, 1.24714333083e-07, 5.35292663528e-08, 4.02364754848e-08, 3.17356345647e-08, 9.06930495148e-08, 3.39723627008e-08, 3.07530640953e-08, 1.47237981807e-08, 6.55850040943e-09, 3.8088785459e-09, 1.92709692648e-09, 7.76736064356e-10, 2.21531515354e-10, 4.65840456487e-11, 6.54915835105e-12],
        "stdev": [0.119455911219, 1.15172421932, 2.59239554405, 7.48197937012, 12.8537120819, 12.1493673325, 18.8702125549, 26.5086421967, 65.5671157837, 48.8276329041, 68.7462005615, 93.6358566284, 55.2779541016, 64.4466552734, 44.7830123901, 38.1147117615, 97.6761245728, 60.0399894714, 79.8944396973, 72.0444030762, 112.031616211, 111.492179871, 41.2610740662, 26.1368045807, 18.5212936401, 8.05583000183, 6.47697162628, 7.64378643036, 7.48353719711, 4.17049264908, 1.83832764626, 2.34041190147, 2.33594322205, 0.994781076908, 0.342528969049, 0.111397631466, 0.0251024290919, 0.00397221557796, 0.000118787924293, 1.6990066797e-05],
        "var": [0.0142697142437, 1.32646870613, 6.72051429749, 55.9800186157, 165.217926025, 147.607131958, 356.084899902, 702.708129883, 4299.046875, 2384.13769531, 4726.04003906, 8767.67382812, 3055.65209961, 4153.37109375, 2005.51818848, 1452.73132324, 9540.62597656, 3604.80053711, 6383.12207031, 5190.39599609, 12551.0830078, 12430.5058594, 1702.47619629, 683.132568359, 343.038330078, 64.8963928223, 41.9511642456, 58.4274711609, 56.0033302307, 17.3930091858, 3.37944841385, 5.47752761841, 5.45663022995, 0.989589393139, 0.11732608825, 0.0124094327912, 0.000630131922662, 1.5778497982e-05, 1.41105704898e-08, 2.88662344028e-10]
    },
    "gfcc": {
        "mean": [25.5218086243, 104.455093384, -135.29864502, 33.6557693481, -56.7227783203, 4.6951713562, -44.1771202087, 11.5115842819, -20.415184021, -3.49357414246, -18.4066543579, -0.70731908083, -14.1995916367],
        "cov": [[2567.03881836, -920.505737305, -239.735870361, -64.5243835449, -115.382919312, 114.057037354, -94.9211883545, 122.167762756, -81.2354125977, 85.2987289429, -222.605285645, 134.030334473, -85.9635696411], [-920.505737305, 703.550292969, 52.7025184631, -13.0927991867, 79.0953292847, -41.9956474304, 133.070663452, -73.9385681152, 85.9709014893, -60.6270141602, 140.590866089, -98.3711395264, 17.8555374146], [-239.735870361, 52.7025184631, 329.014068604, 91.3901519775, 29.1535568237, 12.793296814, -48.3673248291, 1.52288806438, -19.077085495, 32.5001907349, 24.8950958252, -2.07568860054, -3.83719301224], [-64.5243835449, -13.0927991867, 91.3901519775, 202.409362793, 33.6461219788, -34.4934387207, -56.1162185669, -3.98897504807, 24.9630031586, 2.49189996719, 4.23337364197, 12.2226276398, 58.6708641052], [-115.382919312, 79.0953292847, 29.1535568237, 33.6461219788, 130.265380859, -9.07570457458, -9.98669052124, 15.3900766373, 18.4049053192, 6.06667661667, 5.74572944641, 10.0477924347, 34.1867294312], [114.057037354, -41.9956474304, 12.793296814, -34.4934387207, -9.07570457458, 176.66506958, 123.471641541, 7.81584024429, -8.05370426178, 20.6732559204, 6.0528345108, -17.0613250732, -44.1402549744], [-94.9211883545, 133.070663452, -48.3673248291, -56.1162185669, -9.98669052124, 123.471641541, 234.15071106, 1.3768248558, 6.40249633789, 3.73957419395, 37.4142074585, -32.6640853882, -41.006477356], [122.167762756, -73.9385681152, 1.52288806438, -3.98897504807, 15.3900766373, 7.81584024429, 1.3768248558, 78.1227264404, 14.9966831207, 18.084695816, -7.16400289536, 21.8121891022, 13.7422151566], [-81.2354125977, 85.9709014893, -19.077085495, 24.9630031586, 18.4049053192, -8.05370426178, 6.40249633789, 14.9966831207, 92.5617980957, 11.5303230286, 16.0637016296, -0.504518210888, 20.594367981], [85.2987289429, -60.6270141602, 32.5001907349, 2.49189996719, 6.06667661667, 20.6732559204, 3.73957419395, 18.084695816, 11.5303230286, 67.7004394531, 11.701666832, 14.6596479416, -1.57126438618], [-222.605285645, 140.590866089, 24.8950958252, 4.23337364197, 5.74572944641, 6.0528345108, 37.4142074585, -7.16400289536, 16.0637016296, 11.701666832, 88.7201080322, -3.40720057487, 8.4651222229], [134.030334473, -98.3711395264, -2.07568860054, 12.2226276398, 10.0477924347, -17.0613250732, -32.6640853882, 21.8121891022, -0.504518210888, 14.6596479416, -3.40720057487, 74.5025634766, 27.2960624695], [-85.9635696411, 17.8555374146, -3.83719301224, 58.6708641052, 34.1867294312, -44.1402549744, -41.006477356, 13.7422151566, 20.594367981, -1.57126438618, 8.4651222229, 27.2960624695, 83.0734176636]],
        "icov": [[0.000929564237595, 0.000256415922195, 0.000902030849829, -0.000529926444869, 0.000366286665667, -0.000733049120754, 0.000567410839722, -0.000925587082747, 0.000477605033666, -0.000970559369307, 0.00128110358492, -0.00115259177983, 0.00132709462196], [0.000256415922195, 0.0113870203495, -0.00468187779188, 0.00515851099044, -0.00623851967975, 0.00726278917864, -0.00773034989834, 0.00802110508084, -0.00995958130807, 0.0101139415056, -0.011312732473, 0.00924879778177, -0.0039838720113], [0.000902030849829, -0.00468187779188, 0.00757645908743, -0.00529902195558, 0.00214822101407, -0.00496461289003, 0.00563466129825, -0.0052175023593, 0.00664780847728, -0.00713536469266, 0.00425976840779, -0.00449248822406, 0.00541372131556], [-0.000529926444869, 0.00515851099044, -0.00529902195558, 0.0108101926744, -0.00321496091783, 0.00373083073646, -0.00361492205411, 0.00620131893083, -0.00699282903224, 0.00581999775022, -0.00504063488916, 0.00540776504204, -0.00846105534583], [0.000366286665667, -0.00623851967975, 0.00214822101407, -0.00321496091783, 0.0127581609413, -0.00457406323403, 0.00423308135942, -0.0059072021395, 0.00478432141244, -0.00625602062792, 0.00739238923416, -0.00562082417309, -0.000735039648134], [-0.000733049120754, 0.00726278917864, -0.00496461289003, 0.00373083073646, -0.00457406323403, 0.0161281898618, -0.0113283740357, 0.0054718866013, -0.0063543934375, 0.00505409855396, -0.00685694161803, 0.00696957856417, -0.00114942691289], [0.000567410839722, -0.00773034989834, 0.00563466129825, -0.00361492205411, 0.00423308135942, -0.0113283740357, 0.0146658001468, -0.00716881174594, 0.00694662565365, -0.00677401060238, 0.00493784528226, -0.00539318751544, 0.0051446291618], [-0.000925587082747, 0.00802110508084, -0.0052175023593, 0.00620131893083, -0.0059072021395, 0.0054718866013, -0.00716881174594, 0.0231424737722, -0.010429289192, 0.00553447101265, -0.00692808348686, 0.00445933733135, -0.00740017648786], [0.000477605033666, -0.00995958130807, 0.00664780847728, -0.00699282903224, 0.00478432141244, -0.0063543934375, 0.00694662565365, -0.010429289192, 0.0227082986385, -0.0123615646735, 0.00875233206898, -0.00686042616144, 0.00318868039176], [-0.000970559369307, 0.0101139415056, -0.00713536469266, 0.00581999775022, -0.00625602062792, 0.00505409855396, -0.00677401060238, 0.00553447101265, -0.0123615646735, 0.0293654128909, -0.014435376972, 0.00613309489563, -0.00354182440788], [0.00128110358492, -0.011312732473, 0.00425976840779, -0.00504063488916, 0.00739238923416, -0.00685694161803, 0.00493784528226, -0.00692808348686, 0.00875233206898, -0.014435376972, 0.0284091718495, -0.0115186683834, 0.00285898777656], [-0.00115259177983, 0.00924879778177, -0.00449248822406, 0.00540776504204, -0.00562082417309, 0.00696957856417, -0.00539318751544, 0.00445933733135, -0.00686042616144, 0.00613309489563, -0.0115186683834, 0.027495758608, -0.0106348861009], [0.00132709462196, -0.0039838720113, 0.00541372131556, -0.00846105534583, -0.000735039648134, -0.00114942691289, 0.0051446291618, -0.00740017648786, 0.00318868039176, -0.00354182440788, 0.00285898777656, -0.0106348861009, 0.0262937564403]]
    },
    "melbands": {
        "dmean": [0.000397583469748, 0.000575309735723, 0.000628793553915, 0.000337108911481, 0.000243699309067, 0.000198862224352, 0.00021108542569, 0.000190081074834, 0.000176611240022, 0.00015244311362, 8.2679965999e-05, 6.48875357001e-05, 3.88385742554e-05, 3.15341021633e-05, 3.37862693414e-05, 4.70360719191e-05, 3.73120201402e-05, 4.32230590377e-05, 2.91383676085e-05, 3.52913230017e-05, 3.11541371047e-05, 3.15331708407e-05, 1.93680989469e-05, 1.27294842969e-05, 9.06045261218e-06, 6.78127753417e-06, 4.13017642131e-06, 2.23130382437e-06, 1.76889011527e-06, 1.24765062992e-06, 1.16507987968e-06, 1.39363419294e-06, 1.20439574403e-06, 7.73969986767e-07, 4.23987387421e-07, 3.28734984123e-07, 3.95699146338e-07, 3.3649499187e-07, 2.55509974068e-07, 2.00334781653e-07],
        "dmean2": [0.000625202257652, 0.000964271544944, 0.00102933181915, 0.000580423686188, 0.000388689280953, 0.000311137002427, 0.000316144141834, 0.000297872495139, 0.00025451433612, 0.000213683160837, 0.000119724260003, 9.2350783234e-05, 5.57183157071e-05, 4.79002010252e-05, 5.36671941518e-05, 7.2336741141e-05, 6.05196364631e-05, 6.73797912896e-05, 4.69848782814e-05, 5.57100356673e-05, 4.89468802698e-05, 4.85171985929e-05, 3.23257590935e-05, 2.08113306144e-05, 1.51694639499e-05, 1.06785228127e-05, 6.63953187541e-06, 3.49296897184e-06, 2.79078290077e-06, 1.94070844373e-06, 1.75388527168e-06, 2.0567986212e-06, 1.76129651663e-06, 1.16643445836e-06, 6.18416606812e-07, 4.91386970225e-07, 5.95278663695e-07, 4.9670484259e-07, 3.69545688272e-07, 2.91279803832e-07],
        "dvar": [1.4171660041e-06, 1.64049629348e-06, 1.76006778929e-06, 3.2872162592e-07, 1.20725388797e-07, 1.05320374644e-07, 2.75757656709e-07, 1.59787603593e-07, 1.26328572492e-07, 1.43949037579e-07, 2.00284091534e-08, 1.45036302968e-08, 4.41953273977e-09, 4.44667991317e-09, 4.39988045997e-09, 1.34100597293e-08, 6.72984246108e-09, 1.05485433721e-08, 5.12135267527e-09, 4.82834794369e-09, 4.75843053849e-09, 2.31927343997e-09, 6.28680385528e-10, 2.8044158662e-10, 1.70754577145e-10, 1.02947060598e-10, 3.12102184374e-11, 8.36457726e-12, 6.72936836463e-12, 8.05263754983e-12, 1.21784856505e-11, 9.73106057539e-12, 4.51827420964e-12, 1.61583496149e-12, 4.17323971604e-13, 3.12865564619e-13, 1.75640860363e-12, 2.70062401261e-12, 6.68560638708e-13, 2.80285804332e-13],
        "dvar2": [3.42815519616e-06, 4.33391551269e-06, 4.2211422624e-06, 8.95991092875e-07, 3.06123752125e-07, 2.72335881846e-07, 5.96771599248e-07, 3.48394763705e-07, 2.55358258983e-07, 2.90060825137e-07, 4.41415970442e-08, 2.79934688763e-08, 7.95633781081e-09, 8.03224686763e-09, 1.06872874994e-08, 3.03056104656e-08, 1.72776868368e-08, 2.51526337536e-08, 1.31950450566e-08, 1.16388392257e-08, 1.05758539704e-08, 4.72560390818e-09, 1.60792179571e-09, 7.01567082206e-10, 4.11654654808e-10, 2.25632318385e-10, 7.78550210412e-11, 2.02734114219e-11, 1.61173695917e-11, 1.64330580393e-11, 2.4559373632e-11, 2.10135884388e-11, 8.79952187505e-12, 3.26523964117e-12, 7.62105927411e-13, 7.15777372269e-13, 3.11423868464e-12, 5.93889217318e-12, 1.33738083542e-12, 5.50491781066e-13],
        "max": [0.010545026511, 0.0158562511206, 0.0151378316805, 0.006947374437, 0.00443301443011, 0.00499960640445, 0.00763896200806, 0.00517478585243, 0.00555129302666, 0.00647051539272, 0.0022816772107, 0.00186934717931, 0.00120584270917, 0.00182414380834, 0.00138037733268, 0.00230806833133, 0.00123126036488, 0.00180882320274, 0.00129532290157, 0.00121179455891, 0.00152941874694, 0.000695263966918, 0.000289973395411, 0.000245123694185, 0.0002025027934, 0.000195952656213, 5.79216139158e-05, 5.26887888554e-05, 5.40218388778e-05, 5.70865049667e-05, 8.81386804394e-05, 8.31995057524e-05, 4.73148029414e-05, 2.20270685531e-05, 1.40531737998e-05, 8.56462611409e-06, 3.1400591979e-05, 4.2091764044e-05, 1.78466289071e-05, 1.39227795444e-05],
        "mean": [0.000573278695811, 0.00115303520579, 0.00109144323505, 0.000686163897626, 0.000580823922064, 0.000516386819072, 0.000487954472192, 0.000360982114216, 0.000369308836525, 0.000349795911461, 0.000201530638151, 0.000160996176419, 9.80053519015e-05, 7.14288908057e-05, 6.98433359503e-05, 0.00010766084597, 7.15851929272e-05, 8.14068189356e-05, 5.28008422407e-05, 9.35592106543e-05, 7.83316791058e-05, 0.000103598176793, 4.31146436313e-05, 3.19117461913e-05, 2.22158723773e-05, 1.74480410351e-05, 9.83356676443e-06, 5.32174453838e-06, 3.95223014493e-06, 2.69415477305e-06, 2.46371655521e-06, 3.21362426803e-06, 2.97967244478e-06, 1.71993599452e-06, 9.68462359197e-07, 7.43490886634e-07, 7.55832900268e-07, 5.93460583787e-07, 5.04700551573e-07, 4.08913763295e-07],
        "median": [0.000233015118283, 0.000837792875245, 0.000648893183097, 0.000478661182569, 0.000348162779119, 0.000313167605782, 0.000182126022992, 0.000174229280674, 0.000176195870154, 0.000150175357703, 8.36947292555e-05, 5.6923723605e-05, 4.07295738114e-05, 3.65189480362e-05, 3.00921474263e-05, 3.12050433422e-05, 2.95036443276e-05, 2.5974770324e-05, 2.43012382271e-05, 2.68648655037e-05, 2.68881558441e-05, 3.66865860997e-05, 3.11620315188e-05, 2.35646239162e-05, 1.63173663168e-05, 1.28223100546e-05, 7.44049521018e-06, 3.76538241653e-06, 2.71341173175e-06, 1.62181140695e-06, 1.55431825988e-06, 2.07824132303e-06, 1.84477505627e-06, 1.21083041904e-06, 6.52940912005e-07, 4.75979732073e-07, 3.69007693735e-07, 2.85830054736e-07, 2.52288998581e-07, 2.04665909109e-07],
        "min": [3.91931556654e-11, 3.41876214838e-11, 2.8662626092e-11, 2.50737867968e-11, 2.41311397947e-11, 2.52849841759e-11, 2.89728692426e-11, 3.85397339042e-11, 5.42973027651e-11, 6.26378462987e-11, 4.92897979376e-11, 2.63554351954e-11, 1.16210244552e-11, 5.97288147761e-12, 4.58372792847e-12, 3.75739326805e-12, 1.69716356854e-12, 8.06724912567e-13, 4.42731870045e-13, 2.2277820322e-13, 2.21392741921e-13, 2.22444567106e-13, 2.42517838494e-13, 1.48793358277e-13, 9.04852297148e-14, 2.42686459036e-13, 1.47326839313e-13, 6.95073203638e-14, 3.684471009e-14, 2.17716978072e-14, 2.43901172045e-14, 1.86247010517e-14, 2.43572624906e-14, 5.93729777257e-14, 1.99191571305e-14, 1.56796132339e-14, 1.89748458374e-14, 1.11170397703e-14, 6.29470120708e-15, 5.31385653592e-15],
        "stdev": [0.00124084157869, 0.00129107700195, 0.00143280019984, 0.000708062259946, 0.00063253659755, 0.00055305234855, 0.000913233670872, 0.000583706947509, 0.000554883736186, 0.000600113358814, 0.000293235672871, 0.00026670115767, 0.000167890888406, 0.000107294697955, 0.00013332060189, 0.000282826862531, 0.000122349534649, 0.000159742980031, 9.96385642793e-05, 0.000157618094818, 0.000125335296616, 0.00015428365441, 3.97227522626e-05, 2.96950347547e-05, 2.20944712055e-05, 1.81404757313e-05, 9.0880175776e-06, 5.35818981007e-06, 4.26675251219e-06, 4.42844839199e-06, 4.63073592982e-06, 4.50799052487e-06, 3.60088552043e-06, 2.02145088224e-06, 1.13413545932e-06, 8.83218319814e-07, 1.82499502444e-06, 1.92952597899e-06, 1.10628343464e-06, 7.63484990784e-07],
        "var": [1.53968778704e-06, 1.66687982528e-06, 2.05291644306e-06, 5.01352189985e-07, 4.00102578624e-07, 3.05866876715e-07, 8.33995784433e-07, 3.40713796732e-07, 3.07895959395e-07, 3.60136056088e-07, 8.59871533976e-08, 7.11295058409e-08, 2.81873493435e-08, 1.15121521205e-08, 1.77743828544e-08, 7.99910324645e-08, 1.49694070473e-08, 2.5517818969e-08, 9.92784343623e-09, 2.48434623984e-08, 1.57089381503e-08, 2.38034445488e-08, 1.57789714628e-09, 8.81795136909e-10, 4.8816567455e-10, 3.29076849104e-10, 8.25920651315e-11, 2.87101956792e-11, 1.82051769493e-11, 1.96111564488e-11, 2.14437148593e-11, 2.03219767403e-11, 1.2966377104e-11, 4.08626387935e-12, 1.28626330507e-12, 7.80074626856e-13, 3.33060684067e-12, 3.72307089672e-12, 1.22386291639e-12, 5.82909317603e-13]
    },
    "melbands128": {
