{
"lowlevel": {
    "average_loudness": 0.852969586849,
    "barkbands_crest": {
        "dmean": 2.00231313705,
        "dmean2": 2.90126919746,
        "dvar": 5.00893306732,
        "dvar2": 10.2672872543,
        "max": 25.6180725098,
        "mean": 14.8557405472,
        "median": 15.3025426865,
        "min": 3.00675559044,
        "stdev": 5.72091770172,
        "var": 32.7288970947
    },
    "barkbands_flatness_db": {
        "dmean": 0.0187536608428,
        "dmean2": 0.0268320627511,
        "dvar": 0.000391510489862,
        "dvar2": 0.000807650503702,
        "max": 0.403154492378,
        "mean": 0.174626529217,
        "median": 0.171411037445,
        "min": 0.0406508855522,
        "stdev": 0.0571771785617,
        "var": 0.00326922978275
    },
    "barkbands_kurtosis": {
        "dmean": 2.97978043556,
        "dmean2": 4.40557479858,
        "dvar": 20.8017368317,
        "dvar2": 43.0652084351,
        "max": 72.6836929321,
        "mean": 7.83112335205,
        "median": 5.62045383453,
        "min": -1.88509511948,
        "stdev": 9.21186256409,
        "var": 84.8584136963
    },
    "barkbands_skewness": {
        "dmean": 0.444083094597,
        "dmean2": 0.633451759815,
        "dvar": 0.245016664267,
        "dvar2": 0.499762326479,
        "max": 7.02416086197,
        "mean": 1.67478299141,
        "median": 1.69586133957,
        "min": -1.75812959671,
        "stdev": 1.25855398178,
        "var": 1.58395814896
    },
    "barkbands_spread": {
        "dmean": 3.87209796906,
        "dmean2": 5.51750850677,
        "dvar": 46.844291687,
        "dvar2": 88.3114624023,
        "max": 97.4072494507,
        "mean": 14.1934337616,
        "median": 9.98014545441,
        "min": 1.22644138336,
        "stdev": 13.3794689178,
        "var": 179.010192871
    },
    "dissonance": {
        "dmean": 0.028762422502,
        "dmean2": 0.0474320463836,
        "dvar": 0.000836965860799,
        "dvar2": 0.00231522670947,
        "max": 0.499482750893,
        "mean": 0.430360764265,
        "median": 0.437325745821,
        "min": 0.236808896065,
        "stdev": 0.0451984219253,
        "var": 0.00204289751127
    },
    "dynamic_complexity": 4.14145946503,
    "erbbands_crest": {
        "dmean": 2.51831531525,
        "dmean2": 3.75576210022,
        "dvar": 7.93139505386,
        "dvar2": 18.0752487183,
        "max": 31.149974823,
        "mean": 15.5160007477,
        "median": 15.1709918976,
        "min": 2.77540779114,
        "stdev": 7.05828142166,
        "var": 49.8193397522
    },
    "erbbands_flatness_db": {
        "dmean": 0.0166969634593,
        "dmean2": 0.0234068967402,
        "dvar": 0.000329114031047,
        "dvar2": 0.000674316368531,
        "max": 0.331094384193,
        "mean": 0.200558766723,
        "median": 0.201773792505,
        "min": 0.0647208839655,
        "stdev": 0.0548197962344,
        "var": 0.00300521007739
    },
    "erbbands_kurtosis": {
        "dmean": 1.96341443062,
        "dmean2": 2.99762392044,
        "dvar": 7.60652256012,
        "dvar2": 18.1205921173,
        "max": 48.4240913391,
        "mean": 5.07189559937,
        "median": 2.82315206528,
        "min": -1.78082120419,
        "stdev": 7.06454515457,
        "var": 49.9077949524
    },
    "erbbands_skewness": {
        "dmean": 0.39402282238,
        "dmean2": 0.560100793839,
        "dvar": 0.185565501451,
        "dvar2": 0.367157846689,
        "max": 5.71037340164,
        "mean": 1.53525233269,
        "median": 1.45505130291,
        "min": -3.54379010201,
        "stdev": 1.2037872076,
        "var": 1.44910359383
    },
    "erbbands_spread": {
        "dmean": 6.28145265579,
        "dmean2": 9.1504650116,
        "dvar": 103.74495697,
        "dvar2": 235.786834717,
        "max": 123.979438782,
        "mean": 26.4320735931,
        "median": 20.3999481201,
        "min": 2.50751185417,
        "stdev": 19.7363700867,
        "var": 389.524291992
    },
    "hfc": {
        "dmean": 3.63882613182,
        "dmean2": 4.98057222366,
        "dvar": 29.8851337433,
        "dvar2": 52.4603462219,
        "max": 80.558303833,
        "mean": 21.6389884949,
        "median": 20.3466739655,
        "min": 1.16884339558e-16,
        "stdev": 17.2169647217,
        "var": 296.423858643
    },
    "loudness_ebu128": {
        "integrated": -6.70157146454,
        "loudness_range": 3.76215267181,
        "momentary": {
            "dmean": 0.627524673939,
            "dmean2": 0.548833906651,
            "dvar": 0.35203525424,
            "dvar2": 0.343035131693,
            "max": -2.7766251564,
            "mean": -7.68455696106,
            "median": -6.89240121841,
            "min": -17.4727706909,
            "stdev": 3.19925642014,
            "var": 10.2352409363
        },
        "short_term": {
            "dmean": 0.119115576148,
            "dmean2": 0.069792561233,
            "dvar": 0.0127979936078,
            "dvar2": 0.00837143976241,
            "max": -4.56166744232,
            "mean": -6.88837862015,
            "median": -6.51814937592,
            "min": -13.9468154907,
            "stdev": 1.78057730198,
            "var": 3.1704556942
        }
    },
    "melbands_crest": {
        "dmean": 2.46705317497,
        "dmean2": 3.66378307343,
        "dvar": 7.00774431229,
        "dvar2": 15.8042078018,
        "max": 32.0425071716,
        "mean": 18.1883525848,
        "median": 18.0010738373,
        "min": 1.95813119411,
        "stdev": 6.49241733551,
        "var": 42.1514816284
    },
    "melbands_flatness_db": {
        "dmean": 0.019550550729,
        "dmean2": 0.0271573346108,
        "dvar": 0.000514013401698,
        "dvar2": 0.000975928385742,
        "max": 0.528951108456,
        "mean": 0.2217631042,
        "median": 0.211567595601,
        "min": 0.00838086847216,
        "stdev": 0.0730663016438,
        "var": 0.00533868419006
    },
    "melbands_kurtosis": {
        "dmean": 4.86405086517,
        "dmean2": 7.34367275238,
        "dvar": 65.140838623,
        "dvar2": 158.322113037,
        "max": 134.242172241,
        "mean": 12.9072027206,
        "median": 9.49621200562,
        "min": -1.68257534504,
        "stdev": 13.3635253906,
        "var": 178.583816528
    },
    "melbands_skewness": {
        "dmean": 0.526650190353,
        "dmean2": 0.765312492847,
        "dvar": 0.377933263779,
        "dvar2": 0.885719001293,
        "max": 9.38778305054,
        "mean": 1.95406925678,
        "median": 1.90856897831,
        "min": -2.15727353096,
        "stdev": 1.5814936161,
        "var": 2.50112199783
    },
    "melbands_spread": {
        "dmean": 4.71973276138,
        "dmean2": 6.62416410446,
        "dvar": 96.5952224731,
        "dvar2": 156.57043457,
        "max": 192.416931152,
        "mean": 16.9713191986,
        "median": 12.0924167633,
        "min": 1.11393690109,
        "stdev": 17.7098426819,
        "var": 313.638519287
    },
    "pitch_salience": {
        "dmean": 0.0562664829195,
        "dmean2": 0.0840621367097,
        "dvar": 0.00322061101906,
        "dvar2": 0.00711862975731,
        "max": 0.974877238274,
        "mean": 0.477875858545,
        "median": 0.472952097654,
        "min": 0.152610942721,
        "stdev": 0.14225833118,
        "var": 0.0202374309301
    },
    "silence_rate_20dB": {
        "dmean": 0,
        "dmean2": 0,
        "dvar": 0,
        "dvar2": 0,
        "max": 1,
        "mean": 1,
        "median": 1,
        "min": 1,
        "stdev": 0,
        "var": 0
    },
    "silence_rate_30dB": {
        "dmean": 0,
        "dmean2": 0,
        "dvar": 0,
        "dvar2": 0,
        "max": 1,
        "mean": 1,
        "median": 1,
        "min": 1,
        "stdev": 0,
        "var": 0
    },
    "silence_rate_60dB": {
        "dmean": 0.0348297208548,
        "dmean2": 0.0697133988142,
        "dvar": 0.0336165614426,
        "dvar2": 0.0725993216038,
        "max": 1,
        "mean": 0.0649651959538,
        "median": 0,
        "min": 0,
        "stdev": 0.246462747455,
        "var": 0.0607438832521
    },
    "spectral_centroid": {
        "dmean": 175.335144043,
        "dmean2": 246.268249512,
        "dvar": 132090.4375,
        "dvar2": 165142.734375,
        "max": 10999.4179688,
        "mean": 1130.78039551,
        "median": 1009.05371094,
        "min": 202.633148193,
        "stdev": 630.507141113,
        "var": 397539.28125
    },
    "spectral_complexity": {
        "dmean": 1.96362233162,
        "dmean2": 3.03563117981,
        "dvar": 4.62642669678,
        "dvar2": 9.08618068695,
        "max": 42,
        "mean": 13.0858469009,
        "median": 13,
        "min": 0,
        "stdev": 5.92527151108,
        "var": 35.1088447571
    },
    "spectral_decrease": {
        "dmean": 1.07378828051e-09,
        "dmean2": 1.53707668815e-09,
        "dvar": 2.30040065724e-18,
        "dvar2": 4.84739502203e-18,
        "max": -3.88011779496e-29,
        "mean": -6.04405459015e-09,
        "median": -5.60168000874e-09,
        "min": -2.36405934828e-08,
        "stdev": 4.46300285617e-09,
        "var": 1.99183949994e-17
    },
    "spectral_energy": {
        "dmean": 0.00432914681733,
        "dmean2": 0.00617789896205,
        "dvar": 3.67184256902e-05,
        "dvar2": 7.67107994761e-05,
        "max": 0.0961296483874,
        "mean": 0.0247743967921,
        "median": 0.0232668481767,
        "min": 1.07481902013e-20,
        "stdev": 0.0182232707739,
        "var": 0.000332087569404
    },
    "spectral_energyband_high": {
        "dmean": 0.000182964635314,
        "dmean2": 0.000255618826486,
        "dvar": 2.01071173933e-07,
        "dvar2": 3.47143895851e-07,
        "max": 0.012022132054,
        "mean": 0.000500380003359,
        "median": 0.000313874363201,
        "min": 7.97168254263e-21,
        "stdev": 0.000736408983357,
        "var": 5.4229815305e-07
    },
    "spectral_energyband_low": {
        "dmean": 0.000865174806677,
        "dmean2": 0.00125954661053,
        "dvar": 1.02335534393e-05,
        "dvar2": 2.36604519159e-05,
        "max": 0.0614810399711,
        "mean": 0.00249556894414,
        "median": 0.000852980534546,
        "min": 5.4969885225e-23,
        "stdev": 0.00541387032717,
        "var": 2.93099910778e-05
    },
    "spectral_energyband_middle_high": {
        "dmean": 0.00208354275674,
        "dmean2": 0.00278731994331,
        "dvar": 1.60114195751e-05,
        "dvar2": 2.89644285658e-05,
        "max": 0.0828824713826,
        "mean": 0.00989071559161,
        "median": 0.00467851385474,
        "min": 1.58733778506e-21,
        "stdev": 0.0143641205505,
        "var": 0.000206327953492
    },
    "spectral_energyband_middle_low": {
        "dmean": 0.00323550868779,
        "dmean2": 0.0046327332966,
        "dvar": 2.81611701212e-05,
        "dvar2": 6.09588605585e-05,
        "max": 0.0738521516323,
        "mean": 0.0132136968896,
        "median": 0.0075037390925,
        "min": 1.76214537318e-22,
        "stdev": 0.0129417357966,
        "var": 0.00016748852795
    },
    "spectral_entropy": {
        "dmean": 0.167383432388,
        "dmean2": 0.231688857079,
        "dvar": 0.0379863604903,
        "dvar2": 0.0703187808394,
        "max": 9.79382896423,
        "mean": 7.20118570328,
        "median": 7.20165300369,
        "min": 5.27791643143,
        "stdev": 0.55046671629,
        "var": 0.303013622761
    },
    "spectral_flux": {
        "dmean": 0.0174503456801,
        "dmean2": 0.0261098146439,
        "dvar": 0.000462709518615,
        "dvar2": 0.000969249929767,
        "max": 0.270975500345,
        "mean": 0.053047362715,
        "median": 0.042115919292,
        "min": 1.03673479523e-10,
        "stdev": 0.0365985035896,
        "var": 0.00133945047855
    },
    "spectral_kurtosis": {
        "dmean": 1.64618718624,
        "dmean2": 2.69453859329,
        "dvar": 5.83694601059,
        "dvar2": 15.2607078552,
        "max": 60.4150505066,
        "mean": 5.32178449631,
        "median": 4.40112733841,
        "min": -1.16274416447,
        "stdev": 5.2221493721,
        "var": 27.2708415985
    },
    "spectral_rms": {
        "dmean": 0.000449340965133,
        "dmean2": 0.00062184035778,
        "dvar": 3.19828757256e-07,
        "dvar2": 5.84399970194e-07,
        "max": 0.00968426652253,
        "mean": 0.00452081020921,
        "median": 0.00476438505575,
        "min": 3.23821546834e-12,
        "stdev": 0.00193194486201,
        "var": 3.73241073248e-06
    },
    "spectral_rolloff": {
        "dmean": 309.380889893,
        "dmean2": 485.990844727,
        "dvar": 743347.8125,
        "dvar2": 1260093.125,
        "max": 18647.7539062,
        "mean": 1259.72949219,
        "median": 839.794921875,
        "min": 86.1328125,
        "stdev": 1515.71496582,
        "var": 2297392
    },
    "spectral_skewness": {
        "dmean": 0.219833567739,
        "dmean2": 0.336179018021,
        "dvar": 0.0613051913679,
        "dvar2": 0.127137735486,
        "max": 6.31212615967,
        "mean": 1.78228569031,
        "median": 1.72001719475,
        "min": -0.0154723478481,
        "stdev": 0.688331246376,
        "var": 0.473799914122
    },
    "spectral_spread": {
        "dmean": 513545.125,
        "dmean2": 743778.4375,
        "dvar": 957266395136,
        "dvar2": 1.08538121421e+12,
        "max": 39663316,
        "mean": 4832236.5,
        "median": 4606021,
        "min": 798385,
        "stdev": 1712854.625,
        "var": 2.93387082138e+12
    },
    "spectral_strongpeak": {
        "dmean": 0.480074286461,
        "dmean2": 0.70605802536,
        "dvar": 0.558887004852,
        "dvar2": 1.12760853767,
        "max": 9.158867836,
        "mean": 2.56228804588,
        "median": 2.01777124405,
        "min": 0,
        "stdev": 2.29949069023,
        "var": 5.28765726089
    },
    "zerocrossingrate": {
        "dmean": 0.00838014576584,
        "dmean2": 0.00967598706484,
        "dvar": 0.000315769051667,
        "dvar2": 0.000409403262893,
        "max": 0.49365234375,
        "mean": 0.0529371649027,
        "median": 0.04443359375,
        "min": 0.005859375,
        "stdev": 0.0406674668193,
        "var": 0.00165384297725
    },
    "barkbands": {
        "dmean": [1.98095058295e-05, 0.000659694487695, 0.000215926644159, 0.00036933174124, 0.000480449874885, 0.000403759739129, 0.000751598854549, 0.000183791649761, 0.00162843510043, 0.00149654736742, 0.00058040721342, 0.000202367082238, 0.000255969498539, 0.000168804894201, 0.000151343614561, 7.6387921581e-05, 5.4048759921e-05, 0.00014753031428, 8.82541717147e-05, 7.93596045696e-05, 4.53728644061e-05, 7.33596825739e-05, 3.94330709241e-05, 2.89428498945e-05, 2.31922786043e-05, 6.80551920595e-06, 3.49445087977e-07],
        "dmean2": [3.18090569635e-05, 0.000944298226386, 0.000370350549929, 0.000551746983547, 0.000757883826736, 0.000608492118772, 0.00113678863272, 0.000306193862343, 0.00229479628615, 0.00210017291829, 0.000828534015454, 0.000318508391501, 0.000373574177502, 0.000263177382294, 0.000229929413763, 0.000121825498354, 8.53837482282e-05, 0.000228335833526, 0.000138636140036, 0.00012503452308, 6.69111905154e-05, 0.0001100677473, 5.80030573474e-05, 4.30892141594e-05, 3.47245550074e-05, 1.03174443211e-05, 5.67844608668e-07],
        "dvar": [1.78416676988e-08, 8.27653639135e-06, 6.74608429563e-07, 6.01074646056e-07, 4.94959010666e-07, 1.32799470975e-06, 7.3050591709e-06, 4.71579141959e-07, 1.88237045222e-05, 1.46976171891e-05, 5.13567056259e-06, 1.83209706961e-07, 3.34396673907e-07, 2.58950592524e-07, 2.00132291184e-07, 4.17934877817e-08, 1.71571130636e-08, 1.24117846667e-07, 4.36988720764e-08, 3.23180699979e-08, 1.37662699018e-08, 4.15445278179e-08, 1.39644198427e-08, 4.68959537869e-09, 3.53631768313e-09, 1.90849669401e-10, 7.60177240166e-13],
        "dvar2": [3.67939314572e-08, 1.89320708159e-05, 1.95500501832e-06, 1.20020274608e-06, 1.11573024242e-06, 3.02236594507e-06, 1.57591166499e-05, 1.27930422877e-06, 4.0057944716e-05, 2.65977068921e-05, 1.07308715087e-05, 3.99306230747e-07, 7.24040376099e-07, 6.40662847218e-07, 4.35571621438e-07, 1.01044179246e-07, 4.32288516095e-08, 2.87219364736e-07, 1.02799212698e-07, 6.83012899572e-08, 2.95829494235e-08, 8.20882917196e-08, 3.15586667909e-08, 8.73499317322e-09, 6.50753539944e-09, 3.68183872279e-10, 1.72342977563e-12],
        "max": [0.0024406586308, 0.0562709383667, 0.0130478059873, 0.0152509659529, 0.0104973521084, 0.0210372954607, 0.044571723789, 0.0150168398395, 0.0722793787718, 0.0795605555177, 0.0527139045298, 0.00721331965178, 0.0104761077091, 0.00858016125858, 0.0103268446401, 0.00389956124127, 0.00215679197572, 0.00586128281429, 0.00395022938028, 0.00319063314237, 0.00311169680208, 0.00509477220476, 0.00321330316365, 0.00119071279187, 0.00134121440351, 0.000219564477447, 2.07792727451e-05],
        "mean": [2.5593164537e-05, 0.00177870178595, 0.000445020996267, 0.000632610404864, 0.000991917215288, 0.000846029259264, 0.00187897996511, 0.000306281464873, 0.00663345912471, 0.00698671769351, 0.00122310454026, 0.000369315530406, 0.000665265484713, 0.000358814897481, 0.000284030247713, 0.000139636060339, 0.000111052802822, 0.00030439614784, 0.000180827337317, 0.000174744971446, 8.76164631336e-05, 0.000155439905939, 7.57718516979e-05, 6.13945521764e-05, 4.38013921666e-05, 1.34635592985e-05, 4.07001863323e-07],
        "median": [8.62222975684e-07, 0.000442490767455, 0.000166033365531, 0.000277342624031, 0.000625313841738, 0.000353738199919, 0.000264605449047, 0.000183588970685, 0.000343035237165, 0.000376536685508, 0.000145138401422, 9.39295641729e-05, 8.91475065146e-05, 6.6449312726e-05, 5.4124451708e-05, 3.87081345252e-05, 5.27022784809e-05, 9.48645028984e-05, 7.46549339965e-05, 6.41682054265e-05, 3.91592584492e-05, 7.34279237804e-05, 3.47865243384e-05, 2.78009483736e-05, 2.143607162e-05, 6.22680954621e-06, 1.09246464319e-07],
        "min": [1.75847571847e-23, 3.55253947672e-23, 4.31241463461e-24, 2.47778330988e-24, 2.06722735707e-23, 1.33794406731e-23, 2.86699536871e-23, 3.71294708428e-23, 6.68768696869e-23, 4.48219091205e-23, 7.0231099945e-23, 1.07365988684e-22, 5.68750663527e-23, 8.84805576393e-23, 1.9222717676e-22, 2.39587962129e-22, 1.69463718127e-22, 1.50022891139e-22, 3.9665466171e-22, 4.02599795171e-22, 5.02795656694e-22, 5.70745232061e-22, 9.55199333146e-22, 7.90287014276e-22, 9.98316627446e-22, 1.56433202622e-21, 2.48127405409e-21],
        "stdev": [0.000159566276125, 0.00474952859804, 0.00089895009296, 0.00112119596452, 0.00115883070976, 0.00164806272369, 0.00509283784777, 0.000631744158454, 0.0119567355141, 0.0146132111549, 0.00345882214606, 0.000658606004436, 0.00137648393866, 0.000761156959925, 0.000670738809276, 0.00032838594052, 0.000209297126275, 0.000572810240556, 0.000338751618983, 0.000323133193888, 0.00016308996419, 0.000314395816531, 0.000152418389916, 0.000107319050585, 8.53523451951e-05, 2.25728545047e-05, 1.00814190773e-06],
        "var": [2.5461398323e-08, 2.25580206461e-05, 8.0811122416e-07, 1.25708038468e-06, 1.34288859499e-06, 2.71611088465e-06, 2.5936995371e-05, 3.99100656523e-07, 0.000142963515827, 0.000213545950828, 1.19634505609e-05, 4.3376186909e-07, 1.89470790701e-06, 5.79359891617e-07, 4.49890563914e-07, 1.07837323071e-07, 4.38052865093e-08, 3.28111582348e-07, 1.14752658931e-07, 1.04415057933e-07, 2.65983342018e-08, 9.88447226291e-08, 2.32313634996e-08, 1.15173790505e-08, 7.28502280722e-09, 5.09533748527e-10, 1.01635019845e-12]
    },
    "erbbands": {
        "dmean": [0.016886010766, 0.158747583628, 0.264512687922, 0.665002584457, 1.79055738449, 1.56654083729, 1.31444740295, 4.41576576233, 9.89640045166, 8.10406970978, 4.37033605576, 44.0910987854, 51.3292808533, 26.9506874084, 18.8461093903, 7.01984024048, 11.3584413528, 8.44557380676, 8.93087768555, 5.08275842667, 2.66924643517, 3.11732292175, 9.29820728302, 3.22687530518, 5.21352577209, 3.40348029137, 1.5460922718, 2.17213463783, 2.26930999756, 2.41792273521, 0.844845354557, 0.52647459507, 0.534548938274, 0.327197283506, 0.144900947809, 0.0429373420775, 0.010231631808, 0.00151511421427, 3.58641882485e-05, 5.55967471882e-06],
        "dmean2": [0.0225052107126, 0.235252469778, 0.451281756163, 0.999714910984, 2.82523131371, 2.51838445663, 2.07263684273, 6.6139330864, 15.0941038132, 12.422246933, 6.54953622818, 60.6470985413, 69.3534622192, 34.7513656616, 27.8317928314, 10.6654539108, 16.2127799988, 12.6682634354, 13.3313503265, 7.75764608383, 4.25162506104, 4.81457853317, 14.3060760498, 5.09435987473, 8.01881980896, 5.43473672867, 2.29804491997, 3.14592528343, 3.2670545578, 3.66080856323, 1.22997808456, 0.789157509804, 0.79201823473, 0.488120615482, 0.216378822923, 0.0648016557097, 0.0160013940185, 0.00234111235477, 5.57411367481e-05, 7.82479946793e-06],
        "dvar": [0.00848402362317, 0.453146010637, 1.2135477066, 1.47195458412, 9.84272098541, 8.36748027802, 13.4722328186, 168.503250122, 1445.78710938, 1032.18164062, 117.882133484, 14749.2480469, 13157.0537109, 4483.39013672, 5280.58447266, 289.646453857, 603.695068359, 523.265563965, 780.76550293, 146.63583374, 41.0591697693, 47.9574432373, 532.99597168, 71.7376174927, 133.981201172, 56.6541938782, 11.2375240326, 41.1727714539, 57.2061843872, 37.7976379395, 6.49907493591, 2.03639125824, 1.41350030899, 0.747811496258, 0.109507039189, 0.00784853845835, 0.000499326386489, 1.12460202217e-05, 6.067709446e-09, 5.39455598247e-11],
        "dvar2": [0.0179614387453, 1.08723711967, 3.51336598396, 3.23330044746, 20.1100921631, 17.4823093414, 35.7176895142, 380.87008667, 3308.28222656, 2417.85791016, 282.491577148, 31301.9765625, 25042.0507812, 7355.29296875, 12053.1142578, 542.55279541, 1244.50634766, 1257.77661133, 1678.9967041, 324.882049561, 96.2690429688, 115.499588013, 1219.94934082, 180.312927246, 301.504852295, 129.614486694, 23.484210968, 86.5812606812, 111.833267212, 85.128288269, 13.7156744003, 3.81413984299, 2.74034357071, 1.45966398716, 0.197178006172, 0.0150163816288, 0.00106299039908, 2.42306214204e-05, 1.27634693925e-08, 1.11965187122e-10],
        "max": [2.07328438759, 13.265622139, 19.6139583588, 20.1143016815, 61.1360664368, 47.188659668, 77.8741531372, 255.516021729, 800.17578125, 615.477294922, 216.015136719, 2041.40307617, 2325.76928711, 1594.39465332, 1285.80603027, 363.349243164, 456.816314697, 412.280914307, 685.710266113, 251.610229492, 145.717208862, 100.651596069, 392.391265869, 173.46206665, 216.12638855, 111.024917603, 79.1140213013, 166.771347046, 201.8618927, 146.347717285, 69.3845748901, 29.979763031, 22.3479557037, 18.0601062775, 6.59318685532, 1.6584789753, 0.378943622112, 0.0645357146859, 0.0013948288979, 0.000114108202979],
        "mean": [0.0397745966911, 0.427973747253, 0.634406805038, 1.31487476826, 3.09977197647, 3.53369283676, 2.71338844299, 9.59491539001, 22.2793807983, 19.9396018982, 13.2556762695, 188.803009033, 229.341430664, 98.2948074341, 45.2316246033, 16.0441703796, 30.5016155243, 20.7102928162, 20.7247753143, 10.8202257156, 5.88660335541, 7.39495658875, 18.3761806488, 7.42304468155, 11.3748588562, 7.65309906006, 2.99448823929, 4.41109514236, 4.80679130554, 5.17568969727, 1.75009477139, 1.07830619812, 1.11506533623, 0.602813065052, 0.265336513519, 0.0826427042484, 0.0201464761049, 0.0025700321421, 7.46777368477e-05, 3.24090506183e-05],
        "median": [0.00441345525905, 0.120008111, 0.261691331863, 0.742887496948, 1.6959592104, 1.81933188438, 1.62424135208, 3.54419493675, 4.35509109497, 3.91657328606, 7.23934602737, 15.6117506027, 45.6561393738, 14.8172092438, 11.6881418228, 4.76731157303, 5.65310144424, 8.00789546967, 5.68245601654, 3.49907326698, 2.51108288765, 3.8934803009, 5.51101732254, 3.62795138359, 4.00711584091, 2.88567328453, 1.55552852154, 1.89192271233, 2.47405314445, 1.88685584068, 0.866372168064, 0.487103849649, 0.49879810214, 0.290421545506, 0.121561564505, 0.03910439834, 0.00817715656012, 0.00101283623371, 4.34869725723e-05, 3.28187088598e-05],
        "min": [1.29965392018e-21, 6.73939709133e-21, 7.16061175719e-21, 9.2463775601e-21, 1.74780484623e-20, 1.00475418884e-19, 1.4645328388e-19, 6.04971530311e-20, 2.90377437188e-19, 6.0192759613e-19, 7.2595019749e-19, 1.54443615953e-18, 1.37851913489e-18, 2.37229960968e-18, 2.92296635796e-18, 4.35713541272e-18, 3.12070450377e-18, 4.89050064452e-18, 6.22746439678e-18, 1.26266225374e-17, 1.26478240037e-17, 9.20631094102e-18, 1.01967298572e-17, 2.09906063617e-17, 1.30007422664e-17, 1.91711994433e-17, 2.29435301571e-17, 2.07213607267e-17, 2.01016965687e-17, 2.36950386328e-17, 2.8898825249e-17, 1.85420706848e-17, 1.22693102913e-17, 1.05045312078e-17, 7.25838166216e-18, 5.499551248e-18, 2.79999851528e-18, 1.38539796886e-18, 3.56242675739e-19, 3.56139220002e-20],
        "stdev": [0.135175019503, 1.10656642914, 1.37249517441, 1.74720716476, 4.51620817184, 5.19824409485, 3.96170663834, 18.6566429138, 56.3972969055, 58.8048667908, 16.3266620636, 340.192169189, 384.613861084, 202.545852661, 106.509269714, 29.2421779633, 60.2980804443, 37.7631950378, 40.5492515564, 21.7424068451, 10.9475946426, 12.0796432495, 35.6069068909, 11.6470079422, 21.8689537048, 13.319601059, 4.72639322281, 9.15349292755, 10.5627660751, 9.37784385681, 3.42864775658, 2.14032840729, 1.88394153118, 1.18843793869, 0.500300824642, 0.139217868447, 0.0365506671369, 0.00486198998988, 0.000112870111479, 2.22234302782e-05],
        "var": [0.0182722844183, 1.22448933125, 1.88374304771, 3.05273270607, 20.3961372375, 27.0217418671, 15.6951189041, 348.070343018, 3180.6550293, 3458.01245117, 266.559875488, 115730.710938, 147927.828125, 41024.8203125, 11344.2246094, 855.104980469, 3635.85839844, 1426.05895996, 1644.24182129, 472.732269287, 119.849838257, 145.917785645, 1267.85192871, 135.652801514, 478.251098633, 177.411773682, 22.3387947083, 83.7864379883, 111.572036743, 87.9439620972, 11.7556247711, 4.58100557327, 3.54923558235, 1.41238462925, 0.250300914049, 0.0193816144019, 0.00133595115039, 2.36389460042e-05, 1.273966177e-08, 4.93880880637e-10]
    },
    "gfcc": {
        "mean": [-28.6107292175, 85.5050430298, -118.817359924, 17.2089080811, -76.8933105469, 16.0793819427, -31.7737636566, 13.297914505, -27.4022884369, -2.71562194824, -21.3118457794, -3.09774804115, -12.2704286575],
        "cov": [[6718.234375, -1432.77661133, -1818.78759766, -369.991943359, -208.935638428, 336.16192627, 84.6252441406, 376.687652588, -223.982437134, -151.91595459, -220.863922119, 106.646308899, -52.9741783142], [-1432.77661133, 1178.25488281, 489.357696533, 109.127311707, 244.487487793, -67.7730712891, 99.3784866333, -105.703659058, 147.22845459, -3.95193219185, 82.3906402588, -84.059425354, 82.5883636475], [-1818.78759766, 489.357696533, 1140.03063965, 328.920257568, 11.0631961823, -65.5864105225, -122.627662659, -102.535423279, 100.087944031, 163.982025146, 43.2250366211, 30.5821971893, 24.491235733], [-369.991943359, 109.127311707, 328.920257568, 496.075469971, 93.780380249, -43.442905426, -14.2645397186, 35.7946662903, 94.8735580444, 47.1879920959, 27.8408107758, 38.0041618347, 60.5678939819], [-208.935638428, 244.487487793, 11.0631961823, 93.780380249, 360.524505615, 76.2223968506, 90.1270523071, 69.1532821655, 101.954200745, -2.40848779678, -50.2078475952, 11.2584762573, 99.1695861816], [336.16192627, -67.7730712891, -65.5864105225, -43.442905426, 76.2223968506, 239.170974731, 181.919967651, 61.3901596069, -8.9001455307, -6.83877325058, -57.9912185669, -16.3524646759, 52.5724334717], [84.6252441406, 99.3784866333, -122.627662659, -14.2645397186, 90.1270523071, 181.919967651, 375.921813965, 92.5107803345, 20.0410327911, -62.1548881531, -46.2328948975, -39.2449455261, 81.7654342651], [376.687652588, -105.703659058, -102.535423279, 35.7946662903, 69.1532821655, 61.3901596069, 92.5107803345, 165.348388672, 46.4592552185, -29.6697216034, -38.6290130615, 24.773475647, 58.2089042664], [-223.982437134, 147.22845459, 100.087944031, 94.8735580444, 101.954200745, -8.9001455307, 20.0410327911, 46.4592552185, 156.484085083, 16.3557929993, -4.05853128433, 26.8182411194, 60.9497261047], [-151.91595459, -3.95193219185, 163.982025146, 47.1879920959, -2.40848779678, -6.83877325058, -62.1548881531, -29.6697216034, 16.3557929993, 135.491943359, 29.3771591187, 22.9465370178, -4.15611124039], [-220.863922119, 82.3906402588, 43.2250366211, 27.8408107758, -50.2078475952, -57.9912185669, -46.2328948975, -38.6290130615, -4.05853128433, 29.3771591187, 143.434906006, 14.9178752899, -49.41563797], [106.646308899, -84.059425354, 30.5821971893, 38.0041618347, 11.2584762573, -16.3524646759, -39.2449455261, 24.773475647, 26.8182411194, 22.9465370178, 14.9178752899, 106.648765564, 17.7332763672], [-52.9741783142, 82.5883636475, 24.491235733, 60.5678939819, 99.1695861816, 52.5724334717, 81.7654342651, 58.2089042664, 60.9497261047, -4.15611124039, -49.41563797, 17.7332763672, 142.339523315]],
        "icov": [[0.000483015464852, -0.000322067120578, 0.000974298571236, -0.000414809124777, 0.000727054022718, -0.00100557494443, 0.000622156891041, -0.000922984036151, 0.000299884617561, -0.000531846249942, 0.000903419801034, -0.000832120364066, 0.000533783633728], [-0.000322067120578, 0.00291595468298, -0.00194529001601, 0.00112410169095, -0.00251803547144, 0.00226447405294, -0.00170918717049, 0.00257232389413, -0.00146872224286, 0.00181527587119, -0.00296090589836, 0.00285800616257, -0.00180959817953], [0.000974298571236, -0.00194529001601, 0.004023573827, -0.00207994366065, 0.00269009941258, -0.00295675522648, 0.00198592245579, -0.00173166091554, 0.00047277478734, -0.00291389552876, 0.00318383565173, -0.00273233186454, 0.00162745406851], [-0.000414809124777, 0.00112410169095, -0.00207994366065, 0.00363159761764, -0.00178257899825, 0.00214685802348, -0.00105825706851, 0.000397205789341, -0.000963829923421, 0.000833365600556, -0.00223411736079, 0.00128000439145, -0.0015975885326], [0.000727054022718, -0.00251803547144, 0.00269009941258, -0.00178257899825, 0.00675086211413, -0.00374838104472, 0.00194987957366, -0.00281002023257, -0.000726449186914, -0.00190460449085, 0.00369547214359, -0.00279320846312, 0.000623744388577], [-0.00100557494443, 0.00226447405294, -0.00295675522648, 0.00214685802348, -0.00374838104472, 0.0112373437732, -0.00569784408435, 0.00179126963485, 0.000669397821184, -0.000275168509688, -0.00151643110439, 0.00296147703193, -0.00228137872182], [0.000622156891041, -0.00170918717049, 0.00198592245579, -0.00105825706851, 0.00194987957366, -0.00569784408435, 0.00691353157163, -0.00323618063703, 0.000509014527779, 0.000562962959521, 0.00108803145122, -0.000287127913907, -0.000358184159268], [-0.000922984036151, 0.00257232389413, -0.00173166091554, 0.000397205789341, -0.00281002023257, 0.00179126963485, -0.00323618063703, 0.0130166029558, -0.00372133241035, 0.00309350853786, -0.00210322975181, 0.000727470382117, -0.00301198731177], [0.000299884617561, -0.00146872224286, 0.00047277478734, -0.000963829923421, -0.000726449186914, 0.000669397821184, 0.000509014527779, -0.00372133241035, 0.0112048042938, -0.00170498294756, 0.000941945705563, -0.00236068060622, -0.00144568353426], [-0.000531846249942, 0.00181527587119, -0.00291389552876, 0.000833365600556, -0.00190460449085, -0.000275168509688, 0.000562962959521, 0.00309350853786, -0.00170498294756, 0.0118466783315, -0.00406358577311, 0.000881021667738, -0.00170883198734], [0.000903419801034, -0.00296090589836, 0.00318383565173, -0.00223411736079, 0.00369547214359, -0.00151643110439, 0.00108803145122, -0.00210322975181, 0.000941945705563, -0.00406358577311, 0.0132666910067, -0.00520551018417, 0.00540984002873], [-0.000832120364066, 0.00285800616257, -0.00273233186454, 0.00128000439145, -0.00279320846312, 0.00296147703193, -0.000287127913907, 0.000727470382117, -0.00236068060622, 0.000881021667738, -0.00520551018417, 0.0150551861152, -0.00396905699745], [0.000533783633728, -0.00180959817953, 0.00162745406851, -0.0015975885326, 0.000623744388577, -0.00228137872182, -0.000358184159268, -0.00301198731177, -0.00144568353426, -0.00170883198734, 0.00540984002873, -0.00396905699745, 0.0134611409158]]
    },
    "melbands": {
        "dmean": [0.000165736724739, 0.00015023634478, 0.000148108243593, 0.000119370248285, 5.00163696415e-05, 9.80915865512e-05, 0.00014942290727, 7.8204946476e-05, 4.0423052269e-05, 0.000301776337437, 0.000262985966401, 0.00012777702068, 6.89063017489e-05, 2.83842582576e-05, 1.48551098391e-05, 3.31169758283e-05, 1.51212261699e-05, 1.62221585924e-05, 9.39714755077e-06, 7.41161284168e-06, 2.62197522716e-06, 3.23365861732e-06, 7.89178920968e-06, 6.33512809145e-06, 2.52815721069e-06, 4.64426784674e-06, 3.64190987057e-06, 2.27227496907e-06, 1.01616603843e-06, 1.08477058802e-06, 1.51740050569e-06, 1.34989545586e-06, 1.61210618899e-06, 1.31489207433e-06, 5.73695956518e-07, 3.3838190916e-07, 3.45393203816e-07, 4.15131438558e-07, 3.38066939776e-07, 2.87007594579e-07],
        "dmean2": [0.000232975900872, 0.000242751833866, 0.000222406437388, 0.000186416567885, 7.77598252171e-05, 0.000145636528032, 0.000226402189583, 0.000121864832181, 6.01190295129e-05, 0.000419546762714, 0.000352328293957, 0.00016620446695, 0.000102422258351, 4.2545641918e-05, 2.31651811191e-05, 4.78293150081e-05, 2.26437714446e-05, 2.47791795118e-05, 1.38119903568e-05, 1.18839252536e-05, 4.23549545303e-06, 5.12582164447e-06, 1.24470088849e-05, 9.73234455159e-06, 4.04111460739e-06, 7.26136977391e-06, 5.49355991097e-06, 3.61592560694e-06, 1.54856741119e-06, 1.64913706158e-06, 2.16769171857e-06, 1.97007375391e-06, 2.48265291702e-06, 1.98110387828e-06, 8.50214803449e-07, 5.20716525898e-07, 5.25116149674e-07, 6.19470256424e-07, 5.25150483099e-07, 4.34501430391e-07],
        "dvar": [6.36206436866e-07, 3.77376608185e-07, 7.8385028246e-08, 3.27512950093e-08, 1.28017898504e-08, 7.78305135896e-08, 2.90743940923e-07, 9.13145044024e-08, 1.03155803899e-08, 6.80587504576e-07, 3.40310890579e-07, 1.0648465576e-07, 9.39474489314e-08, 3.58346508023e-09, 1.55101032018e-09, 5.69251623617e-09, 2.4932935716e-09, 2.57695353945e-09, 5.68697811065e-10, 4.17049200729e-10, 5.45521891548e-11, 5.18750216394e-11, 4.09862643824e-10, 2.4794058473e-10, 5.15641349064e-11, 1.58937321637e-10, 8.48518200147e-11, 2.57232395107e-11, 4.6574966106e-12, 8.23325869287e-12, 2.05075522536e-11, 1.97061967439e-11, 2.22573938446e-11, 1.07244378308e-11, 3.03136010217e-12, 9.39581095219e-13, 7.83463083905e-13, 7.55801400198e-13, 8.50789924622e-13, 5.22949630648e-13],
        "dvar2": [1.37183587867e-06, 1.02236833754e-06, 1.57341276008e-07, 7.30186826559e-08, 3.19747215372e-08, 1.68918901977e-07, 6.40793018647e-07, 2.18643577909e-07, 2.09705675047e-08, 1.46946149471e-06, 6.46269882054e-07, 1.75409084591e-07, 2.17548361547e-07, 6.66053479037e-09, 3.57276142005e-09, 1.23477397196e-08, 5.99448579663e-09, 5.71565372809e-09, 1.1640592934e-09, 1.01527075635e-09, 1.35737476814e-10, 1.30131114218e-10, 9.94312854274e-10, 5.79710612847e-10, 1.35392821954e-10, 3.69166058833e-10, 1.74324221724e-10, 6.33758046042e-11, 1.0004193654e-11, 1.89622640506e-11, 4.32660365868e-11, 3.63117869107e-11, 5.19583924496e-11, 2.40442162708e-11, 6.67941613477e-12, 1.89657469417e-12, 1.40641198774e-12, 1.5339446293e-12, 1.67782855751e-12, 1.03453465412e-12],
        "max": [0.0171506516635, 0.0112830633298, 0.00557335559279, 0.00285121123306, 0.00239035696723, 0.00510673737153, 0.0104673774913, 0.00542144710198, 0.0018295024056, 0.0139347938821, 0.0120931360871, 0.00824915245175, 0.00679238233715, 0.00100045651197, 0.00071918888716, 0.00145299348515, 0.000914068368729, 0.00120390439406, 0.000426757789683, 0.00035122045665, 0.000146063539432, 0.000123474324937, 0.00031533150468, 0.000257299368968, 0.000163510529092, 0.000270903226919, 0.000205709453439, 6.39880017843e-05, 3.6635887227e-05, 7.40432951716e-05, 0.000107719904918, 9.95025184238e-05, 0.000122085664771, 7.68510944908e-05, 4.35104047938e-05, 2.36959895119e-05, 1.57384329214e-05, 1.53278306243e-05, 1.83572192327e-05, 1.40473193824e-05],
        "mean": [0.000439960043877, 0.000425509759225, 0.000288308598101, 0.000245822797297, 0.00010557960195, 0.000213151972275, 0.000362754712114, 0.000183233481948, 9.76342271315e-05, 0.00127217022236, 0.00116726895794, 0.000483731389977, 0.000144015881233, 6.52989547234e-05, 2.78061597783e-05, 8.76896592672e-05, 3.14716780849e-05, 3.61147031072e-05, 1.73835596797e-05, 1.35640975714e-05, 5.26961594005e-06, 6.8293120421e-06, 1.52898992383e-05, 1.24449961731e-05, 4.67825930173e-06, 9.03182899492e-06, 7.45902389099e-06, 4.49565322924e-06, 1.85618659998e-06, 1.75539992142e-06, 2.91105061478e-06, 2.55572331298e-06, 3.23429685523e-06, 2.64807113126e-06, 1.0721836361e-06, 5.89234218751e-07, 6.78592584791e-07, 8.27983058116e-07, 6.20654532213e-07, 4.88396779019e-07],
        "median": [8.62359593157e-05, 0.000163559059729, 0.000167527716258, 0.000146671824041, 6.51744412608e-05, 7.74801883381e-05, 6.06184585195e-05, 3.92431866203e-05, 4.86764183734e-05, 4.5676883019e-05, 0.000180708695552, 3.59858531738e-05, 1.80976803676e-05, 1.21689799926e-05, 8.11816335045e-06, 8.90771934792e-06, 7.66467110225e-06, 8.38039613882e-06, 3.61302841156e-06, 3.40144470101e-06, 2.07815128306e-06, 3.25579617311e-06, 4.26419819632e-06, 4.27889062848e-06, 2.38680149778e-06, 2.90873890663e-06, 2.43138993028e-06, 1.58889076829e-06, 7.88066472523e-07, 7.60787145282e-07, 9.95369987322e-07, 1.21431014577e-06, 1.2691396023e-06, 8.57118038766e-07, 4.63207300072e-07, 2.73355283298e-07, 2.68410019544e-07, 3.5168903878e-07, 2.69000480557e-07, 2.15989430785e-07],
        "min": [1.20457498283e-23, 5.78100069426e-24, 1.49880396827e-24, 4.15198399232e-24, 4.79407890384e-24, 1.55038659678e-24, 5.31674697964e-24, 7.54312584105e-24, 5.19583550768e-24, 1.08992927527e-23, 6.69736282101e-24, 9.00012590058e-24, 8.5874214851e-24, 1.05777278042e-23, 1.08829609654e-23, 5.91536382237e-24, 9.17617914424e-24, 8.56567180108e-24, 1.58427219585e-23, 1.35271170123e-23, 1.60865762193e-23, 8.45018729772e-24, 1.11486272301e-23, 7.27524366599e-24, 1.93282849356e-23, 1.12485419858e-23, 6.463097559e-24, 1.50130879886e-23, 1.40125110159e-23, 1.31638126444e-23, 1.18163246223e-23, 1.15265641789e-23, 1.11895604336e-23, 1.30445818406e-23, 1.90293855386e-23, 1.12413594073e-23, 1.10329415672e-23, 8.13339337996e-24, 9.59801935787e-24, 8.47945719275e-24],
        "stdev": [0.00128440698609, 0.000919595477171, 0.000410139618907, 0.000296762009384, 0.000138766743476, 0.000415272515966, 0.000915298704058, 0.00053232582286, 0.000140360323712, 0.00231219641864, 0.00207654270343, 0.00108673924115, 0.00041642494034, 0.000115061979159, 5.50049262529e-05, 0.000187700949027, 7.79355978011e-05, 7.13827103027e-05, 4.19930074713e-05, 3.21033876389e-05, 1.16865167001e-05, 1.15077282317e-05, 3.1431321986e-05, 2.42277164944e-05, 8.35792707221e-06, 2.05441847356e-05, 1.65401197592e-05, 8.23366008262e-06, 3.17932381222e-06, 3.54283679371e-06, 6.6416014306e-06, 6.25458733339e-06, 6.49138428344e-06, 4.91298806082e-06, 2.28521639656e-06, 1.30405135224e-06, 1.3840591464e-06, 1.38590598908e-06, 1.27414034523e-06, 9.77830268312e-07],
        "var": [1.64970128935e-06, 8.4565584757e-07, 1.68214512541e-07, 8.80676935822e-08, 1.92562108481e-08, 1.72451265712e-07, 8.37771722217e-07, 2.83370781062e-07, 1.97010212588e-08, 5.34625269211e-06, 4.31202943219e-06, 1.18100217605e-06, 1.73409731019e-07, 1.32392594665e-08, 3.02554181708e-09, 3.52316469332e-08, 6.07395733709e-09, 5.09549158423e-09, 1.76341263813e-09, 1.03062758328e-09, 1.36574682119e-10, 1.32427818711e-10, 9.87928072682e-10, 5.86982240591e-10, 6.98549482148e-11, 4.2206352302e-10, 2.73575578857e-10, 6.77931599746e-11, 1.01081001208e-11, 1.25516923244e-11, 4.41108677363e-11, 3.91198601291e-11, 4.21380708104e-11, 2.41374507187e-11, 5.22221372048e-12, 1.70054985718e-12, 1.91561978953e-12, 1.92073527222e-12, 1.623433484e-12, 9.56151932803e-13]
    },
    "melbands128": {
