{
"lowlevel": {
    "average_loudness": 0.978803694248,
    "barkbands_crest": {
        "dmean": 3.20030498505,
        "dmean2": 4.73566484451,
        "dvar": 12.0714025497,
        "dvar2": 23.4495658875,
        "max": 26.1256256104,
        "mean": 16.0576152802,
        "median": 17.660987854,
        "min": 2.50294184685,
        "stdev": 6.19846725464,
        "var": 38.4209938049
    },
    "barkbands_flatness_db": {
        "dmean": 0.041041020304,
        "dmean2": 0.0555606074631,
        "dvar": 0.00159918342251,
        "dvar2": 0.00314563093707,
        "max": 0.492486178875,
        "mean": 0.20579841733,
        "median": 0.201096624136,
        "min": 0.0296708177775,
        "stdev": 0.0745199099183,
        "var": 0.0055532171391
    },
    "barkbands_kurtosis": {
        "dmean": 14.133102417,
        "dmean2": 19.7988510132,
        "dvar": 823.67590332,
        "dvar2": 1725.45056152,
        "max": 572.801940918,
        "mean": 25.2525310516,
        "median": 13.3338413239,
        "min": -1.88396084309,
        "stdev": 38.4747848511,
        "var": 1480.30908203
    },
    "barkbands_skewness": {
        "dmean": 1.11707365513,
        "dmean2": 1.46602582932,
        "dvar": 1.43478929996,
        "dvar2": 2.60004043579,
        "max": 17.6637573242,
        "mean": 3.52477765083,
        "median": 3.08585214615,
        "min": -5.91700077057,
        "stdev": 2.44828295708,
        "var": 5.99408912659
    },
    "barkbands_spread": {
        "dmean": 5.56494379044,
        "dmean2": 8.42973327637,
        "dvar": 90.7117004395,
        "dvar2": 211.826828003,
        "max": 111.736976624,
        "mean": 12.3242578506,
        "median": 8.89310455322,
        "min": 0.344782859087,
        "stdev": 12.6271181107,
        "var": 159.444107056
    },
    "dissonance": {
        "dmean": 0.0346151068807,
        "dmean2": 0.054978646338,
        "dvar": 0.00108220300172,
        "dvar2": 0.00245036324486,
        "max": 0.499358594418,
        "mean": 0.409735292196,
        "median": 0.416714400053,
        "min": 0.0938102453947,
        "stdev": 0.0539191141725,
        "var": 0.00290727079846
    },
    "dynamic_complexity": 2.10973310471,
    "erbbands_crest": {
        "dmean": 2.77466440201,
        "dmean2": 4.66752958298,
        "dvar": 6.10973548889,
        "dvar2": 15.3346681595,
        "max": 23.9957370758,
        "mean": 9.3630361557,
        "median": 8.75587272644,
        "min": 3.21662783623,
        "stdev": 3.40173172951,
        "var": 11.5717792511
    },
    "erbbands_flatness_db": {
        "dmean": 0.0243256669492,
        "dmean2": 0.0362909846008,
        "dvar": 0.000763916003052,
        "dvar2": 0.00158401334193,
        "max": 0.527191519737,
        "mean": 0.1428078264,
        "median": 0.130441203713,
        "min": 0.0596732273698,
        "stdev": 0.0544781237841,
        "var": 0.00296786590479
    },
    "erbbands_kurtosis": {
        "dmean": 2.32721567154,
        "dmean2": 3.69393873215,
        "dvar": 8.58444023132,
        "dvar2": 21.0239295959,
        "max": 32.1892242432,
        "mean": 3.49668240547,
        "median": 2.2789773941,
        "min": -1.82613289356,
        "stdev": 4.2331404686,
        "var": 17.9194793701
    },
    "erbbands_skewness": {
        "dmean": 0.543995022774,
        "dmean2": 0.828189015388,
        "dvar": 0.288325339556,
        "dvar2": 0.643968045712,
        "max": 4.65507936478,
        "mean": 1.11729490757,
        "median": 1.19741809368,
        "min": -4.58477592468,
        "stdev": 0.984393894672,
        "var": 0.969031333923
    },
    "erbbands_spread": {
        "dmean": 13.0605239868,
        "dmean2": 19.8647918701,
        "dvar": 263.337982178,
        "dvar2": 601.313842773,
        "max": 186.176101685,
        "mean": 41.1511878967,
        "median": 34.7200813293,
        "min": 3.05826234818,
        "stdev": 28.5119285583,
        "var": 812.930114746
    },
    "hfc": {
        "dmean": 6.87881088257,
        "dmean2": 9.5636138916,
        "dvar": 74.4069519043,
        "dvar2": 149.819122314,
        "max": 80.328086853,
        "mean": 20.3701324463,
        "median": 17.4278755188,
        "min": 1.15383833927e-16,
        "stdev": 13.4804239273,
        "var": 181.721817017
    },
    "loudness_ebu128": {
        "integrated": -10.5394849777,
        "loudness_range": 2.69872093201,
        "momentary": {
            "dmean": 0.697945356369,
            "dmean2": 1.13848733902,
            "dvar": 0.728893280029,
            "dvar2": 1.16037595272,
            "max": -8.59239196777,
            "mean": -10.9762735367,
            "median": -10.7697534561,
            "min": -17.5582637787,
            "stdev": 2.20942783356,
            "var": 4.88157129288
        },
        "short_term": {
            "dmean": 0.0619000829756,
            "dmean2": 0.0605620220304,
            "dvar": 0.00884301308542,
            "dvar2": 0.00820236466825,
            "max": -9.74953460693,
            "mean": -10.6580467224,
            "median": -10.2436828613,
            "min": -13.3632640839,
            "stdev": 0.994732439518,
            "var": 0.989492595196
        }
    },
    "melbands_crest": {
        "dmean": 3.85249185562,
        "dmean2": 5.64259195328,
        "dvar": 18.8265762329,
        "dvar2": 35.9619941711,
        "max": 37.3630180359,
        "mean": 21.2982616425,
        "median": 24.2802963257,
        "min": 2.24133777618,
        "stdev": 8.68774032593,
        "var": 75.4768371582
    },
    "melbands_flatness_db": {
        "dmean": 0.0501460395753,
        "dmean2": 0.0665424913168,
        "dvar": 0.00226678955369,
        "dvar2": 0.00442011700943,
        "max": 0.627171635628,
        "mean": 0.306041151285,
        "median": 0.312092840672,
        "min": 0.00883008632809,
        "stdev": 0.0943689495325,
        "var": 0.00890549924225
    },
    "melbands_kurtosis": {
        "dmean": 27.2293891907,
        "dmean2": 38.6236457825,
        "dvar": 2773.83203125,
        "dvar2": 4993.58886719,
        "max": 885.844726562,
        "mean": 50.4035415649,
        "median": 20.9333686829,
        "min": -1.89275705814,
        "stdev": 84.4858474731,
        "var": 7137.85839844
    },
    "melbands_skewness": {
        "dmean": 1.43725097179,
        "dmean2": 2.02591490746,
        "dvar": 3.05568671227,
        "dvar2": 5.77921581268,
        "max": 23.8829307556,
        "mean": 4.38155651093,
        "median": 3.64004135132,
        "min": -3.48125886917,
        "stdev": 3.47049570084,
        "var": 12.0443401337
    },
    "melbands_spread": {
        "dmean": 6.75209665298,
        "dmean2": 10.2486772537,
        "dvar": 437.009277344,
        "dvar2": 905.828063965,
        "max": 280.745605469,
        "mean": 12.4349718094,
        "median": 6.95814800262,
        "min": 0.279652655125,
        "stdev": 25.9234580994,
        "var": 672.025695801
    },
    "pitch_salience": {
        "dmean": 0.0976589694619,
        "dmean2": 0.14336745441,
        "dvar": 0.0126364426687,
        "dvar2": 0.0266964975744,
        "max": 0.884112119675,
        "mean": 0.433204501867,
        "median": 0.377350986004,
        "min": 0.0727822110057,
        "stdev": 0.214382708073,
        "var": 0.0459599457681
    },
    "silence_rate_20dB": {
        "dmean": 0.00928792543709,
        "dmean2": 0.018590239808,
        "dvar": 0.0092016113922,
        "dvar2": 0.0275396294892,
        "max": 1,
        "mean": 0.99535959959,
        "median": 1,
        "min": 0,
        "stdev": 0.0679616108537,
        "var": 0.00461878022179
    },
    "silence_rate_30dB": {
        "dmean": 0.0990712046623,
        "dmean2": 0.198295891285,
        "dvar": 0.0892548561096,
        "dvar2": 0.172917976975,
        "max": 1,
        "mean": 0.780355751514,
        "median": 1,
        "min": 0,
        "stdev": 0.414005994797,
        "var": 0.17140096426
    },
    "silence_rate_60dB": {
        "dmean": 0.0170278642327,
        "dmean2": 0.0333075150847,
        "dvar": 0.0167378857732,
        "dvar2": 0.0368459522724,
        "max": 1,
        "mean": 0.0247486457229,
        "median": 0,
        "min": 0,
        "stdev": 0.155357390642,
        "var": 0.0241359174252
    },
    "spectral_centroid": {
        "dmean": 258.485137939,
        "dmean2": 376.055603027,
        "dvar": 259144.046875,
        "dvar2": 372727.21875,
        "max": 10876.4824219,
        "mean": 844.233459473,
        "median": 632.589782715,
        "min": 174.604446411,
        "stdev": 798.92364502,
        "var": 638279
    },
    "spectral_complexity": {
        "dmean": 3.66563463211,
        "dmean2": 5.29512023926,
        "dvar": 19.2286968231,
        "dvar2": 35.2521781921,
        "max": 37,
        "mean": 12.7873163223,
        "median": 12,
        "min": 0,
        "stdev": 6.4972205162,
        "var": 42.2138748169
    },
    "spectral_decrease": {
        "dmean": 6.47200648629e-09,
        "dmean2": 7.67869945406e-09,
        "dvar": 7.24764601586e-17,
        "dvar2": 9.11423002241e-17,
        "max": 8.87477358091e-31,
        "mean": -2.23079901218e-08,
        "median": -2.11321982135e-08,
        "min": -9.33265269509e-08,
        "stdev": 2.09356798564e-08,
        "var": 4.38302677801e-16
    },
    "spectral_energy": {
        "dmean": 0.0246988292783,
        "dmean2": 0.0293643157929,
        "dvar": 0.00105078448541,
        "dvar2": 0.00132761453278,
        "max": 0.355655431747,
        "mean": 0.0860431343317,
        "median": 0.0809372141957,
        "min": 1.0462299941e-20,
        "stdev": 0.0796791389585,
        "var": 0.00634876498953
    },
    "spectral_energyband_high": {
        "dmean": 0.000404230406275,
        "dmean2": 0.000569287920371,
        "dvar": 3.45347416442e-07,
        "dvar2": 5.78236551974e-07,
        "max": 0.00706008076668,
        "mean": 0.000821732042823,
        "median": 0.000509497825988,
        "min": 7.63122098018e-21,
        "stdev": 0.00101665267721,
        "var": 1.03358263459e-06
    },
    "spectral_energyband_low": {
        "dmean": 0.0228933319449,
        "dmean2": 0.0292882584035,
        "dvar": 0.00126116233878,
        "dvar2": 0.00168509210926,
        "max": 0.3413811028,
        "mean": 0.0682732015848,
        "median": 0.0683744698763,
        "min": 9.77591774718e-23,
        "stdev": 0.0766875892878,
        "var": 0.00588098587468
    },
    "spectral_energyband_middle_high": {
        "dmean": 0.00114998233039,
        "dmean2": 0.00168863532599,
        "dvar": 1.99729743144e-06,
        "dvar2": 3.75725426238e-06,
        "max": 0.015509323217,
        "mean": 0.00252258474939,
        "median": 0.00181928952225,
        "min": 1.52360166094e-21,
        "stdev": 0.00232210219838,
        "var": 5.39215898243e-06
    },
    "spectral_energyband_middle_low": {
        "dmean": 0.00933531485498,
        "dmean2": 0.015875088051,
        "dvar": 0.000472830142826,
        "dvar2": 0.00132478540763,
        "max": 0.158862113953,
        "mean": 0.0154633177444,
        "median": 0.0118811326101,
        "min": 3.22369308961e-22,
        "stdev": 0.018374113366,
        "var": 0.000337608013069
    },
    "spectral_entropy": {
        "dmean": 0.307826250792,
        "dmean2": 0.455172777176,
        "dvar": 0.113807410002,
        "dvar2": 0.238597750664,
        "max": 9.78828048706,
        "mean": 7.37451982498,
        "median": 7.40475082397,
        "min": 5.17649459839,
        "stdev": 0.583031833172,
        "var": 0.339926123619
    },
    "spectral_flux": {
        "dmean": 0.0579168908298,
        "dmean2": 0.087291918695,
        "dvar": 0.0051572942175,
        "dvar2": 0.00992190465331,
        "max": 0.614357948303,
        "mean": 0.122586846352,
        "median": 0.0864109769464,
        "min": 1.02285381554e-10,
        "stdev": 0.10266187042,
        "var": 0.0105394599959
    },
    "spectral_kurtosis": {
        "dmean": 2.78423285484,
        "dmean2": 4.29076147079,
        "dvar": 43.831703186,
        "dvar2": 98.104133606,
        "max": 96.010345459,
        "mean": 5.70157766342,
        "median": 3.74005317688,
        "min": -1.20166945457,
        "stdev": 8.89992237091,
        "var": 79.2086181641
    },
    "spectral_rms": {
        "dmean": 0.00132581184153,
        "dmean2": 0.00161447271239,
        "dvar": 2.16755961446e-06,
        "dvar2": 2.71170233646e-06,
        "max": 0.0186274237931,
        "mean": 0.00818601530045,
        "median": 0.00888612028211,
        "min": 3.19485865714e-12,
        "stdev": 0.00411504972726,
        "var": 1.69336344698e-05
    },
    "spectral_rolloff": {
        "dmean": 460.03024292,
        "dmean2": 738.534179688,
        "dvar": 2311859,
        "dvar2": 4175337.75,
        "max": 18863.0859375,
        "mean": 883.69519043,
        "median": 387.59765625,
        "min": 64.599609375,
        "stdev": 2122.9440918,
        "var": 4506891.5
    },
    "spectral_skewness": {
        "dmean": 0.414433479309,
        "dmean2": 0.608265399933,
        "dvar": 0.297638684511,
        "dvar2": 0.629434525967,
        "max": 7.64446306229,
        "mean": 1.98520791531,
        "median": 1.82932150364,
        "min": -0.0474650859833,
        "stdev": 0.911790072918,
        "var": 0.831361114979
    },
    "spectral_spread": {
        "dmean": 1072902.5,
        "dmean2": 1553974,
        "dvar": 1.61453939098e+12,
        "dvar2": 2.79554477261e+12,
        "max": 40375788,
        "mean": 6797484,
        "median": 6632344,
        "min": 697021.3125,
        "stdev": 2290868,
        "var": 5.24807569408e+12
    },
    "spectral_strongpeak": {
        "dmean": 0.309369444847,
        "dmean2": 0.520950615406,
        "dvar": 0.183553382754,
        "dvar2": 0.447809934616,
        "max": 4.75141620636,
        "mean": 0.780452311039,
        "median": 0.66029047966,
        "min": 0,
        "stdev": 0.502157330513,
        "var": 0.252161979675
    },
    "zerocrossingrate": {
        "dmean": 0.015857802704,
        "dmean2": 0.0173156410456,
        "dvar": 0.000848577474244,
        "dvar2": 0.00081149401376,
        "max": 0.50146484375,
        "mean": 0.0458908863366,
        "median": 0.02685546875,
        "min": 0.001953125,
        "stdev": 0.060800768435,
        "var": 0.00369673338719
    },
    "barkbands": {
        "dmean": [0.00222150678746, 0.0241144765168, 0.00691404053941, 0.00263318629004, 0.00371767161414, 0.0013683141442, 0.00237052352168, 0.00121778110042, 0.000976888812147, 0.000279670028249, 0.000378534983611, 0.000222037895583, 0.000139968164149, 0.000188878082554, 0.000199146103114, 9.52236732701e-05, 6.94476839271e-05, 7.13810586603e-05, 4.60389637738e-05, 5.02094626427e-05, 6.26318069408e-05, 7.78652029112e-05, 7.36058063922e-05, 8.86173293111e-05, 0.000112281057227, 6.24755848548e-05, 9.58466807788e-06],
        "dmean2": [0.00294151343405, 0.0331467278302, 0.012711757794, 0.00487830769271, 0.00622692098841, 0.00231733941473, 0.00397140625864, 0.00194636487868, 0.00139618886169, 0.000423011253588, 0.000625813845545, 0.000340689992299, 0.000226876509259, 0.000307976733893, 0.000321942614391, 0.000146572900121, 0.000108392916445, 0.00011641006131, 7.20704192645e-05, 8.15912208054e-05, 9.42158148973e-05, 0.000116168761451, 0.00010324014147, 0.000135427355417, 0.000168325437699, 9.22604667721e-05, 1.52315187734e-05],
        "dvar": [2.07055782084e-05, 0.00181984074879, 0.0006838455447, 9.44545827224e-05, 6.09415619692e-05, 1.08232788989e-05, 1.112341306e-05, 3.10111454382e-06, 1.87392515727e-06, 2.50015347092e-07, 2.96117860898e-07, 1.23168334198e-07, 8.48946228871e-08, 1.59021098511e-07, 1.49249672177e-07, 2.43445121839e-08, 1.01305488442e-08, 2.50434410987e-08, 7.26116011762e-09, 5.79756287422e-09, 8.84021655878e-09, 1.33038193795e-08, 2.26258300984e-08, 3.08960288464e-08, 2.87493140405e-08, 7.80976705528e-09, 2.78034928414e-10],
        "dvar2": [2.56806761172e-05, 0.00329030351713, 0.00195093266666, 0.000271623721346, 0.000164320459589, 3.03376218653e-05, 2.91780670523e-05, 7.49874470785e-06, 3.71526425624e-06, 4.75414651646e-07, 7.540507454e-07, 3.03885315134e-07, 2.13322778109e-07, 3.89822872648e-07, 3.73487949901e-07, 5.68179636673e-08, 2.36813288979e-08, 6.56875727145e-08, 1.69692118135e-08, 1.35389495171e-08, 1.84872135378e-08, 2.60194408241e-08, 3.8685865178e-08, 6.06044920914e-08, 6.01796159572e-08, 1.53390047331e-08, 6.41665498513e-10],
        "max": [0.0365135073662, 0.33024418354, 0.195205658674, 0.0702731832862, 0.0599765963852, 0.0371815897524, 0.0360529944301, 0.0133340843022, 0.0128455040976, 0.00941806379706, 0.00520657002926, 0.00483601540327, 0.00484643690288, 0.00350344716571, 0.00392262637615, 0.00186012673657, 0.00120680115651, 0.00137271266431, 0.00113533088006, 0.00079535623081, 0.00104602274951, 0.00172548089176, 0.00217141839676, 0.00213823770173, 0.00175794784445, 0.00117358926218, 0.000200250564376],
        "mean": [0.00363593827933, 0.0580617971718, 0.00559639697894, 0.00189954484813, 0.00509357918054, 0.00157095643226, 0.00342339393683, 0.00166966102552, 0.00169089075644, 0.000480357615743, 0.000756814610213, 0.000401375000365, 0.000181742041605, 0.000204955111258, 0.000205512827961, 0.000113944443001, 8.53723759064e-05, 6.8569832365e-05, 5.22875998286e-05, 5.91653297306e-05, 8.79211365827e-05, 0.000124540441902, 0.000122161844047, 0.00014802844089, 0.000187362515135, 0.000109560241981, 1.1359785276e-05],
        "median": [0.000995512935333, 0.0613896436989, 0.00195479695685, 0.000531492056325, 0.00224954984151, 0.000697201874573, 0.00240253540687, 0.000912690709811, 0.000587154936511, 0.000190063583432, 0.000417714589275, 0.000171013831277, 8.07076139608e-05, 5.07099393872e-05, 3.62678365491e-05, 2.78514780803e-05, 3.85921084671e-05, 1.66720019479e-05, 1.57704344019e-05, 2.50246503128e-05, 4.21500699304e-05, 7.58412570576e-05, 5.61552151339e-05, 5.54860598641e-05, 0.000102292542579, 7.39659953979e-05, 4.21329741584e-06],
        "min": [5.08667861542e-23, 4.69125987786e-23, 1.01767403397e-23, 2.15604141986e-23, 7.55017951972e-23, 9.30699610593e-23, 6.19387581924e-23, 4.24717063127e-23, 2.7481446381e-23, 4.69796140903e-23, 1.0604775478e-23, 5.68148100013e-23, 1.18284063426e-22, 1.05799392968e-22, 3.08231836067e-22, 1.16693013022e-22, 1.83369051344e-22, 2.04736503855e-22, 1.83505745162e-22, 3.89875153225e-22, 5.13011872422e-22, 4.32863352016e-22, 4.10060172658e-22, 7.26972962293e-22, 1.36114710449e-21, 1.83619999989e-21, 2.25525624134e-21],
        "stdev": [0.00737494090572, 0.0686814114451, 0.0199794881046, 0.00732492422685, 0.00807260442525, 0.00281968666241, 0.00365861784667, 0.00200824299827, 0.00220630737022, 0.000753567263018, 0.000880494480953, 0.000572549237404, 0.00030194883584, 0.000415609392803, 0.000427579332609, 0.000189126905752, 0.000118497548101, 0.000147089915117, 9.33263072511e-05, 8.50542128319e-05, 0.000119583120977, 0.0001636918023, 0.000233039419982, 0.00027434938238, 0.000263955182163, 0.000133593668579, 1.97138469957e-05],
        "var": [5.43897513126e-05, 0.00471713580191, 0.000399179960368, 5.36545121577e-05, 6.51669470244e-05, 7.95063260739e-06, 1.33854837259e-05, 4.03303965868e-06, 4.86779208586e-06, 5.6786359437e-07, 7.75270564191e-07, 3.27812642809e-07, 9.11731063979e-08, 1.72731176917e-07, 1.82824095418e-07, 3.57689877717e-08, 1.40416682726e-08, 2.16354418825e-08, 8.70979910417e-09, 7.23421944571e-09, 1.43001219755e-08, 2.67950053257e-08, 5.43073710446e-08, 7.52675859417e-08, 6.96723390092e-08, 1.78472685519e-08, 3.88635762461e-10]
    },
    "erbbands": {
        "dmean": [1.04009211063, 4.95080280304, 7.03979969025, 9.06476020813, 11.7248344421, 12.2787494659, 9.63432216644, 11.9767103195, 18.9842033386, 40.9758338928, 27.5473022461, 20.561290741, 11.6809749603, 12.6614875793, 11.2906074524, 7.6385436058, 6.29146432877, 10.3013362885, 11.3607759476, 6.345058918, 4.67683887482, 4.01685380936, 3.92645406723, 2.77638316154, 2.33512115479, 2.36135053635, 2.32705163956, 2.42791557312, 2.81666779518, 2.54632973671, 2.21576714516, 1.94899916649, 1.53295063972, 1.22686445713, 0.861874699593, 0.289780199528, 0.130134120584, 0.0277469735593, 0.0008936705417, 3.79155280825e-05],
        "dmean2": [1.33647847176, 6.96745347977, 11.7571411133, 16.4085865021, 20.4372940063, 20.3743286133, 17.0875701904, 19.7912464142, 31.778421402, 68.0545120239, 42.5006980896, 29.5003299713, 17.125837326, 20.2867202759, 16.9674167633, 11.7376174927, 10.0017652512, 16.8235836029, 18.4392108917, 9.71914768219, 7.13216638565, 6.28424263, 6.4948887825, 4.3185801506, 3.70594716072, 3.90315961838, 3.57446718216, 3.6899664402, 4.30503129959, 3.78495573997, 3.13795995712, 2.88062620163, 2.34199213982, 1.86783444881, 1.29503560066, 0.43355101347, 0.197380110621, 0.0418102666736, 0.00136923382524, 4.87311590405e-05],
        "dvar": [2.41781067848, 105.902885437, 566.411743164, 1085.94799805, 875.085144043, 538.567871094, 710.731811523, 688.801696777, 800.845703125, 3718.76513672, 1500.17138672, 786.782226562, 397.150482178, 327.546844482, 275.098114014, 139.358947754, 156.624710083, 529.878356934, 507.279663086, 109.452629089, 55.8183479309, 35.5478019714, 77.9076919556, 28.6961345673, 16.9588489532, 12.8098669052, 12.3447980881, 13.9974555969, 18.2435531616, 16.0442905426, 25.1757507324, 15.7391834259, 7.84636974335, 4.0422501564, 1.55481147766, 0.154615864158, 0.0392744913697, 0.00214322004467, 2.23596589422e-06, 1.87132642715e-09],
        "dvar2": [3.64984369278, 191.698348999, 1516.20776367, 3076.61181641, 2415.6574707, 1470.43237305, 2038.2713623, 1912.57995605, 2114.31933594, 9941.18066406, 3337.15332031, 1573.82629395, 787.690917969, 792.604431152, 644.502502441, 324.332580566, 392.743865967, 1339.24963379, 1299.37609863, 245.422729492, 127.690330505, 81.7288589478, 207.992324829, 61.5661125183, 41.0487785339, 30.0805644989, 25.4549255371, 30.9332942963, 38.6070213318, 27.5981616974, 46.9675788879, 30.874370575, 15.3645114899, 8.53352165222, 3.27835512161, 0.300360560417, 0.0836531221867, 0.00433529214934, 4.74840044262e-06, 2.85333423555e-09],
        "max": [14.4674224854, 75.3874359131, 190.293869019, 237.797729492, 199.638320923, 221.48500061, 223.563796997, 338.638702393, 243.003509521, 785.686767578, 311.373931885, 229.793045044, 283.830688477, 202.272506714, 192.013580322, 132.669891357, 219.745269775, 214.067687988, 233.783508301, 112.631027222, 88.2886123657, 62.6350517273, 84.7732315063, 61.9580574036, 40.0475692749, 29.2489967346, 39.7052192688, 44.7004890442, 56.3145866394, 72.5988998413, 79.5840911865, 51.0272445679, 36.1337013245, 18.7800064087, 14.0316123962, 4.85405778885, 2.44658660889, 0.5886105299, 0.0201452486217, 0.000524888397194],
        "mean": [2.44988822937, 9.94166374207, 7.41372013092, 7.36079502106, 13.1804323196, 17.9582881927, 9.49513435364, 14.8449249268, 26.3354473114, 59.2081336975, 44.7640228271, 37.7683181763, 19.9101276398, 24.8112411499, 24.1895046234, 14.6346569061, 9.40645122528, 11.1370401382, 11.9000120163, 7.43737983704, 6.00911998749, 5.02183103561, 3.82385587692, 3.1242890358, 2.56896972656, 2.82936859131, 3.25277113914, 3.50283122063, 4.15416669846, 4.19458580017, 3.56394815445, 3.08622288704, 2.51634740829, 1.92192673683, 1.39478766918, 0.517429828644, 0.204843640327, 0.0417971909046, 0.00130906351842, 0.000126117025502],
        "median": [2.25249028206, 8.71651363373, 3.15514922142, 2.36250710487, 3.80208730698, 9.73940753937, 4.47004747391, 7.13804101944, 17.6852931976, 39.5640602112, 23.4159126282, 14.2278289795, 8.51915454865, 15.0518770218, 11.1231975555, 7.1267914772, 5.14560747147, 3.40242242813, 2.44941043854, 1.58439040184, 1.80389964581, 2.20629429817, 1.11144042015, 0.850060939789, 0.917443811893, 1.20102870464, 1.49801206589, 1.86677372456, 2.33916473389, 2.54424643517, 1.44304454327, 1.16882479191, 0.965403556824, 0.828069508076, 0.779531359673, 0.351242810488, 0.119085341692, 0.0214274674654, 0.000669894099701, 0.000107805950393],
        "min": [2.81223495446e-21, 4.60983191342e-21, 1.2530605286e-20, 5.10983650198e-20, 1.16874739817e-19, 3.09303148657e-19, 4.00675768017e-19, 7.88431026565e-19, 7.53049771731e-19, 1.5763046368e-18, 4.62670654332e-19, 6.33856922871e-19, 6.18917368924e-19, 1.98063186438e-18, 6.22702082118e-19, 3.37182330286e-18, 4.98548207194e-18, 3.77450371724e-18, 1.33922691842e-17, 1.23342026103e-17, 6.99471949627e-18, 9.22604664326e-18, 1.09783766586e-17, 9.43768907478e-18, 1.13258173313e-17, 2.00314507368e-17, 2.14791441945e-17, 1.68670200182e-17, 1.39555163156e-17, 1.64643633853e-17, 1.1821604575e-17, 1.29042516479e-17, 1.33509374505e-17, 1.53870962951e-17, 9.93772306379e-18, 6.85480561797e-18, 3.6824964177e-18, 1.04925472218e-18, 3.00882217377e-19, 3.5682910802e-20],
        "stdev": [2.90162682533, 13.6346588135, 20.588684082, 25.4743728638, 27.5894870758, 23.2706775665, 20.8635120392, 23.9786720276, 29.6582050323, 65.0818939209, 50.8203773499, 48.0118103027, 30.0461673737, 28.1782684326, 31.0817050934, 18.963104248, 13.7348976135, 22.6327514648, 23.9357738495, 13.0482339859, 9.18507862091, 6.93946790695, 8.00374984741, 6.17817783356, 4.31346035004, 3.95351791382, 4.35543203354, 4.75737953186, 5.70544719696, 6.06961679459, 7.27705383301, 5.96891784668, 4.50907850266, 3.1230905056, 1.87335848808, 0.612006425858, 0.27420848608, 0.0611925572157, 0.00191229477059, 9.61274417932e-05],
        "var": [8.41943836212, 185.903930664, 423.893951416, 648.943664551, 761.179748535, 541.524475098, 435.28616333, 574.97668457, 879.609069824, 4235.65332031, 2582.71069336, 2305.13378906, 902.772155762, 794.014770508, 966.072387695, 359.599334717, 188.647415161, 512.241455078, 572.921264648, 170.256408691, 84.3656692505, 48.156211853, 64.0600128174, 38.1698799133, 18.6059398651, 15.6303033829, 18.969789505, 22.6326580048, 32.5521278381, 36.8402481079, 52.9555130005, 35.6279830933, 20.3317890167, 9.75369358063, 3.50947213173, 0.374551862478, 0.0751902982593, 0.00374452909455, 3.65687128578e-06, 9.24048482176e-09]
    },
    "gfcc": {
        "mean": [4.75586223602, 85.3773345947, -55.3713150024, 12.592001915, -62.585308075, 26.9699344635, -31.0357475281, 17.1014900208, -15.3222494125, 15.5821676254, -20.2834835052, 9.01027297974, -13.6679162979],
        "cov": [[6330.98583984, -270.120056152, -1.88930904865, 849.418151855, 205.824813843, 289.640594482, -21.8753948212, 263.266082764, -61.840549469, 207.433288574, -39.529510498, 7.10500907898, -78.7628250122], [-270.120056152, 1787.9375, 109.141716003, -483.183258057, 192.052215576, 142.653259277, 351.97555542, -119.335571289, 55.5129356384, 45.6504592896, 76.9546279907, 78.3284759521, 114.110610962], [-1.88930904865, 109.141716003, 996.050964355, 407.813415527, 102.800819397, 242.217300415, 24.9474430084, 55.22914505, 52.4252738953, 116.645256042, 122.494941711, 81.2551193237, 56.3914222717], [849.418151855, -483.183258057, 407.813415527, 1191.27868652, 197.915893555, 17.7352523804, -150.121994019, 86.7187728882, 14.0654764175, 47.8650283813, 205.126403809, -50.3142280579, 95.838973999], [205.824813843, 192.052215576, 102.800819397, 197.915893555, 360.205596924, 90.8599472046, 22.0080890656, 49.3068466187, 106.433074951, 91.4762954712, 60.0013198853, -19.2970905304, 62.7916755676], [289.640594482, 142.653259277, 242.217300415, 17.7352523804, 90.8599472046, 365.984863281, 144.103408813, 31.0187511444, 51.6679496765, 94.1018295288, 55.9895515442, 5.57440185547, 28.1459941864], [-21.8753948212, 351.97555542, 24.9474430084, -150.121994019, 22.0080890656, 144.103408813, 501.612365723, 69.6922912598, 17.972120285, 64.2337036133, 108.392097473, 77.4102325439, 12.1807165146], [263.266082764, -119.335571289, 55.22914505, 86.7187728882, 49.3068466187, 31.0187511444, 69.6922912598, 152.616455078, 40.8938407898, 19.5506229401, 34.3757362366, 14.144493103, -6.44258546829], [-61.840549469, 55.5129356384, 52.4252738953, 14.0654764175, 106.433074951, 51.6679496765, 17.972120285, 40.8938407898, 179.065765381, 69.416015625, 28.0895709991, 10.0112066269, 27.4804019928], [207.433288574, 45.6504592896, 116.645256042, 47.8650283813, 91.4762954712, 94.1018295288, 64.2337036133, 19.5506229401, 69.416015625, 143.22605896, 58.1259269714, 18.5805454254, 31.9160194397], [-39.529510498, 76.9546279907, 122.494941711, 205.126403809, 60.0013198853, 55.9895515442, 108.392097473, 34.3757362366, 28.0895709991, 58.1259269714, 223.025085449, 20.3203525543, 41.2503890991], [7.10500907898, 78.3284759521, 81.2551193237, -50.3142280579, -19.2970905304, 5.57440185547, 77.4102325439, 14.144493103, 10.0112066269, 18.5805454254, 20.3203525543, 128.943191528, 18.9962501526], [-78.7628250122, 114.110610962, 56.3914222717, 95.838973999, 62.7916755676, 28.1459941864, 12.1807165146, -6.44258546829, 27.4804019928, 31.9160194397, 41.2503890991, 18.9962501526, 110.528190613]],
        "icov": [[0.000302871980239, -0.000229918063269, 0.000354194868123, -0.00050768291112, 0.000173013861058, -0.000403208279749, 0.000234600462136, -0.000682086450979, 0.000428881176049, -0.000862005224917, 0.00053654977819, -0.000412540335674, 0.000664410064928], [-0.000229918063269, 0.00134073349182, -0.000661587109789, 0.00110722833779, -0.00113891996443, 0.00045243932982, -0.000922860926948, 0.00176366395317, -0.000389295513742, 0.00151335971896, -0.000890839553904, 0.000392654386815, -0.00150946655776], [0.000354194868123, -0.000661587109789, 0.00218919245526, -0.00139042921364, 0.000664331077132, -0.00159650552087, 0.000877755926922, -0.00126508623362, 0.000560660555493, -0.00182362855412, 0.000684386235662, -0.00184423313476, 0.00133155065123], [-0.00050768291112, 0.00110722833779, -0.00139042921364, 0.00288124848157, -0.00144200806972, 0.00112069165334, -0.000166701618582, 0.000999739044346, -0.000139513693284, 0.0021435667295, -0.0025289314799, 0.00156444858294, -0.00259269215167], [0.000173013861058, -0.00113891996443, 0.000664331077132, -0.00144200806972, 0.00529478723183, -0.000744337332435, 0.000688562518917, -0.00207797181793, -0.00132467329968, -0.00266339955851, 0.000964700069744, 0.000702345045283, -0.000187225872651], [-0.000403208279749, 0.00045243932982, -0.00159650552087, 0.00112069165334, -0.000744337332435, 0.00490019237623, -0.00154055107851, 0.00103300320916, -0.000676302297506, -0.000207820281503, -0.00061072583776, 0.00206478964537, -0.00140541314613], [0.000234600462136, -0.000922860926948, 0.000877755926922, -0.000166701618582, 0.000688562518917, -0.00154055107851, 0.00400759046897, -0.00272035691887, 0.00112741696648, -0.00169599649962, -0.00103611010127, -0.00185507535934, 0.00113251223229], [-0.000682086450979, 0.00176366395317, -0.00126508623362, 0.000999739044346, -0.00207797181793, 0.00103300320916, -0.00272035691887, 0.0113599598408, -0.00296595902182, 0.00358229666017, -0.00159041362349, 0.000206758762943, -0.000387876789318], [0.000428881176049, -0.000389295513742, 0.000560660555493, -0.000139513693284, -0.00132467329968, -0.000676302297506, 0.00112741696648, -0.00296595902182, 0.00878332648426, -0.00408343877643, 0.000480386399431, -0.000905504974071, 0.000141794924275], [-0.000862005224917, 0.00151335971896, -0.00182362855412, 0.0021435667295, -0.00266339955851, -0.000207820281503, -0.00169599649962, 0.00358229666017, -0.00408343877643, 0.0146056795493, -0.00335766468197, 0.000560699380003, -0.00318873510696], [0.00053654977819, -0.000890839553904, 0.000684386235662, -0.0025289314799, 0.000964700069744, -0.00061072583776, -0.00103611010127, -0.00159041362349, 0.000480386399431, -0.00335766468197, 0.00824527256191, -0.000895414676052, 0.000701454875525], [-0.000412540335674, 0.000392654386815, -0.00184423313476, 0.00156444858294, 0.000702345045283, 0.00206478964537, -0.00185507535934, 0.000206758762943, -0.000905504974071, 0.000560699380003, -0.000895414676052, 0.0110392253846, -0.0033231631387], [0.000664410064928, -0.00150946655776, 0.00133155065123, -0.00259269215167, -0.000187225872651, -0.00140541314613, 0.00113251223229, -0.000387876789318, 0.000141794924275, -0.00318873510696, 0.000701454875525, -0.0033231631387, 0.0141597958282]]
    },
    "melbands": {
        "dmean": [0.00740362098441, 0.00359277427197, 0.00156709796283, 0.000902503554244, 0.000357684417395, 0.000259727123193, 0.00036236649612, 0.000394857284846, 0.000222197239054, 0.000129635154735, 5.84417430218e-05, 5.04505005665e-05, 4.60621267848e-05, 2.42737114604e-05, 1.980941488e-05, 1.35767813845e-05, 1.98062498384e-05, 1.84338277904e-05, 1.11787003334e-05, 7.21358946976e-06, 5.44701742911e-06, 4.59015518572e-06, 3.69545659851e-06, 3.26821214003e-06, 2.22381277126e-06, 1.68567657965e-06, 1.88957346836e-06, 1.55301052018e-06, 1.35307254823e-06, 1.67936866546e-06, 1.38845916808e-06, 1.68235578712e-06, 1.68493647834e-06, 1.3397177554e-06, 1.34082540626e-06, 1.29882323563e-06, 1.22733956687e-06, 1.05291974251e-06, 1.21718881019e-06, 1.03063234747e-06],
        "dmean2": [0.0104528246447, 0.00486695952713, 0.00281465402804, 0.00151073699817, 0.000627315079328, 0.000432165717939, 0.000604482949711, 0.000655844982248, 0.000339121150319, 0.000187772777281, 8.52941520861e-05, 8.00989437266e-05, 7.32816115487e-05, 3.67347565771e-05, 3.176330938e-05, 2.17147644435e-05, 3.27728594129e-05, 3.00809770124e-05, 1.74121523742e-05, 1.12850711957e-05, 8.41487872094e-06, 7.21628975953e-06, 6.17324394625e-06, 5.21717674928e-06, 3.51904486706e-06, 2.64615641754e-06, 3.06497827296e-06, 2.58089949057e-06, 2.11972246689e-06, 2.55679469774e-06, 2.15656496039e-06, 2.59653074863e-06, 2.55959980677e-06, 2.00445992959e-06, 1.96593964574e-06, 1.90456353266e-06, 1.89753166069e-06, 1.63416041232e-06, 1.8655086933e-06, 1.5944298184e-06],
        "dvar": [0.000157811227837, 7.41959811421e-05, 2.77481394733e-05, 3.54586268259e-06, 8.74418844887e-07, 3.33830314503e-07, 2.63741270601e-07, 3.42987988233e-07, 9.83129311294e-08, 3.29538920596e-08, 1.01755572857e-08, 5.40275291172e-09, 4.64962157665e-09, 1.57279755886e-09, 1.65319702372e-09, 6.22237428249e-10, 2.01367122976e-09, 1.34798772145e-09, 4.2391898325e-10, 1.53299761774e-10, 7.84582884772e-11, 4.26519132513e-11, 7.31340821236e-11, 4.78734864251e-11, 1.91562286866e-11, 9.60351676654e-12, 1.12578913206e-11, 5.37163022396e-12, 3.97777427316e-12, 6.53278256144e-12, 4.75923120358e-12, 6.6272586377e-12, 6.49770688643e-12, 4.88618086963e-12, 1.06671607311e-11, 7.47708752552e-12, 6.33458216437e-12, 3.64050109503e-12, 4.74213550372e-12, 2.98751670104e-12],
        "dvar2": [0.00025938951876, 0.0001467433176, 7.76924644015e-05, 9.59225417319e-06, 2.48996366281e-06, 9.24952360037e-07, 6.92703338245e-07, 9.12439475087e-07, 2.11593800259e-07, 6.48675211323e-08, 1.98694234399e-08, 1.27245369796e-08, 1.13223714848e-08, 3.8893444021e-09, 4.29946211966e-09, 1.49057344245e-09, 5.11684561388e-09, 3.4615614819e-09, 9.57310897221e-10, 3.72507025226e-10, 1.85699941535e-10, 1.01481330284e-10, 1.94412833054e-10, 1.19771983997e-10, 4.02245216302e-11, 2.36360410411e-11, 2.69953781551e-11, 1.33186664822e-11, 8.46993222087e-12, 1.42484166826e-11, 1.10068378023e-11, 1.49547665917e-11, 1.34870187934e-11, 8.38130866793e-12, 2.23246525433e-11, 1.38550906859e-11, 1.33153713749e-11, 7.25489503542e-12, 1.05327257333e-11, 6.42964544453e-12],
        "max": [0.0966497063637, 0.0754401236773, 0.0367763750255, 0.0127739794552, 0.0086463894695, 0.00718647381291, 0.00479346886277, 0.00764507241547, 0.00280107418075, 0.0015243954258, 0.00138885690831, 0.000851496704854, 0.000759170914534, 0.000523771333974, 0.000779144640546, 0.000314413366141, 0.0003911133972, 0.00039324737736, 0.000313187629217, 0.00013631505135, 0.000124167534523, 5.8501966123e-05, 0.000133253532113, 4.94481137139e-05, 5.84424524277e-05, 4.21347831434e-05, 3.93563786929e-05, 1.70919411175e-05, 2.05347696465e-05, 2.57236024481e-05, 3.11866060656e-05, 3.33349053108e-05, 3.96261675633e-05, 4.22116754635e-05, 4.90196580358e-05, 3.38446006936e-05, 3.1068258977e-05, 2.75308502751e-05, 2.42728146986e-05, 1.87207988347e-05],
        "mean": [0.0187960546464, 0.00654137833044, 0.00139504822437, 0.00123812351376, 0.000397934345528, 0.000312884454615, 0.000520302972291, 0.000579142011702, 0.000359830533853, 0.000230663776165, 9.45765641518e-05, 9.60101606324e-05, 9.52602131292e-05, 4.42302625743e-05, 3.14577009703e-05, 1.82942567335e-05, 2.02811770578e-05, 1.90462833416e-05, 1.27608909679e-05, 8.08222830528e-06, 6.80531184116e-06, 5.50238200958e-06, 3.70825318896e-06, 3.21616812471e-06, 2.48051492235e-06, 1.82279961791e-06, 1.97150643544e-06, 1.8289572381e-06, 1.80044230547e-06, 2.26937891057e-06, 1.92044126379e-06, 2.2518950118e-06, 2.61737318397e-06, 2.15540921999e-06, 2.0192987904e-06, 1.98602469936e-06, 1.84632790479e-06, 1.67461303135e-06, 1.80051335974e-06, 1.54720464707e-06],
        "median": [0.0193223468959, 0.00418217666447, 0.000458892871393, 0.000531156896614, 0.00021504178585, 0.000148856343003, 0.00035519071389, 0.000393552385503, 0.00015579504543, 8.21134381113e-05, 3.92032961827e-05, 5.78107283218e-05, 4.84892298118e-05, 2.00771610253e-05, 1.12504694698e-05, 8.270417311e-06, 5.15439933224e-06, 3.88118951378e-06, 2.46037848228e-06, 1.71607518951e-06, 2.0977170152e-06, 2.34980234382e-06, 1.15636225928e-06, 6.94803532042e-07, 6.26003270554e-07, 5.48209129647e-07, 6.41794997591e-07, 7.84105736784e-07, 8.9465822839e-07, 9.77567765403e-07, 1.04687489966e-06, 1.22555240978e-06, 1.62971969075e-06, 1.23863856061e-06, 8.23161428798e-07, 6.81778772105e-07, 6.57658517866e-07, 6.61015519654e-07, 6.25359461992e-07, 6.69053918045e-07],
        "min": [1.97143645067e-23, 6.95152354948e-24, 9.72569965082e-24, 1.60482991104e-23, 1.38259075465e-23, 1.80717651977e-23, 1.26403845012e-23, 1.63720160715e-23, 2.74577434774e-24, 4.19573342926e-24, 3.0453533484e-24, 8.41203798435e-24, 1.49494841059e-24, 5.80209325714e-24, 1.2626774284e-23, 8.33856979052e-24, 6.5193078428e-24, 2.00853326582e-23, 2.31337168102e-23, 1.08834003609e-23, 8.0655213654e-24, 8.94380517625e-24, 1.06234202055e-23, 1.03644734579e-23, 7.02646927978e-24, 7.99735589458e-24, 9.48493851368e-24, 1.35386296484e-23, 1.24827969136e-23, 1.20842817392e-23, 1.02348320568e-23, 7.16285780827e-24, 1.01027885741e-23, 8.71778548285e-24, 7.22549099756e-24, 5.83076204016e-24, 8.64498860966e-24, 8.59674818758e-24, 1.17310077377e-23, 1.33635877244e-23],
        "stdev": [0.0217291843146, 0.0108897853643, 0.00413039140403, 0.00196895329282, 0.000744979421142, 0.000520788424183, 0.000557971070521, 0.000619961472694, 0.000429776206147, 0.000304045708617, 0.000151769141667, 0.000112201989396, 0.000118588359328, 6.47345223115e-05, 4.94277192047e-05, 2.76104510704e-05, 4.39339783043e-05, 3.86410865758e-05, 2.62717512669e-05, 1.44089972309e-05, 1.04371547422e-05, 7.64379819884e-06, 7.73599367676e-06, 6.77892739986e-06, 5.15568990522e-06, 3.17470494338e-06, 3.50876689481e-06, 2.53337861977e-06, 2.44295301854e-06, 3.16164573633e-06, 2.71439444077e-06, 3.2609250411e-06, 3.52182564711e-06, 3.36662810696e-06, 4.33412469647e-06, 4.13087491324e-06, 3.5785867567e-06, 3.01896579913e-06, 3.27480165652e-06, 2.56141834143e-06],
        "var": [0.000472157465992, 0.000118587428005, 1.70601324498e-05, 3.87677664548e-06, 5.54994358026e-07, 2.71220585546e-07, 3.11331689318e-07, 3.84352205174e-07, 1.84707587891e-07, 9.24437841832e-08, 2.30338734752e-08, 1.25892860581e-08, 1.40631994938e-08, 4.19055812273e-09, 2.44309927844e-09, 7.62336971327e-10, 1.93019444872e-09, 1.49313350573e-09, 6.9020494875e-10, 2.0761919961e-10, 1.08934194998e-10, 5.84276516058e-11, 5.98455937584e-11, 4.59538587738e-11, 2.65811365974e-11, 1.00787512017e-11, 1.2311445266e-11, 6.41800675105e-12, 5.9680190477e-12, 9.99600402452e-12, 7.36793698969e-12, 1.06336319958e-11, 1.2403255506e-11, 1.13341853264e-11, 1.87846353056e-11, 1.70641261538e-11, 1.28062829438e-11, 9.11415387606e-12, 1.07243259412e-11, 6.5608633977e-12]
    },
    "melbands128": {
