{
"lowlevel": {
    "average_loudness": 0.967255175114,
    "barkbands_crest": {
        "dmean": 2.46202993393,
        "dmean2": 3.93501591682,
        "dvar": 5.24818944931,
        "dvar2": 12.9935598373,
        "max": 25.8083553314,
        "mean": 12.155128479,
        "median": 11.5309314728,
        "min": 3.1302754879,
        "stdev": 4.63273191452,
        "var": 21.4622058868
    },
    "barkbands_flatness_db": {
        "dmean": 0.022568449378,
        "dmean2": 0.0315411165357,
        "dvar": 0.000561378896236,
        "dvar2": 0.00119963265024,
        "max": 0.349701821804,
        "mean": 0.167342483997,
        "median": 0.161427423358,
        "min": 0.0323865748942,
        "stdev": 0.0517510734499,
        "var": 0.00267817359418
    },
    "barkbands_kurtosis": {
        "dmean": 4.40025520325,
        "dmean2": 6.86993789673,
        "dvar": 68.1448745728,
        "dvar2": 151.675537109,
        "max": 208.840805054,
        "mean": 10.8522138596,
        "median": 5.31631755829,
        "min": -1.82122635841,
        "stdev": 19.2122020721,
        "var": 369.108703613
    },
    "barkbands_skewness": {
        "dmean": 0.542817413807,
        "dmean2": 0.833128452301,
        "dvar": 0.364277720451,
        "dvar2": 0.822513520718,
        "max": 11.7041835785,
        "mean": 1.92143106461,
        "median": 1.67207205296,
        "min": -1.97893607616,
        "stdev": 1.69938421249,
        "var": 2.88790678978
    },
    "barkbands_spread": {
        "dmean": 3.65161967278,
        "dmean2": 5.57220983505,
        "dvar": 35.4114112854,
        "dvar2": 79.3008575439,
        "max": 86.1225128174,
        "mean": 11.2304859161,
        "median": 9.54816532135,
        "min": 0.706977009773,
        "stdev": 8.50226593018,
        "var": 72.288520813
    },
    "dissonance": {
        "dmean": 0.0315983183682,
        "dmean2": 0.0518481172621,
        "dvar": 0.000840556574985,
        "dvar2": 0.00206025526859,
        "max": 0.499183446169,
        "mean": 0.424478232861,
        "median": 0.434138804674,
        "min": 0.185247793794,
        "stdev": 0.0480451956391,
        "var": 0.00230834074318
    },
    "dynamic_complexity": 2.46830034256,
    "erbbands_crest": {
        "dmean": 2.96361994743,
        "dmean2": 4.58027648926,
        "dvar": 8.06700229645,
        "dvar2": 16.8924694061,
        "max": 31.1485996246,
        "mean": 13.0138988495,
        "median": 11.9627943039,
        "min": 3.2590649128,
        "stdev": 5.72854471207,
        "var": 32.8162231445
    },
    "erbbands_flatness_db": {
        "dmean": 0.0204062089324,
        "dmean2": 0.0269505549222,
        "dvar": 0.000430903048255,
        "dvar2": 0.000751537678298,
        "max": 0.349355995655,
        "mean": 0.18487778306,
        "median": 0.180765137076,
        "min": 0.0653956532478,
        "stdev": 0.0529695414007,
        "var": 0.00280577247031
    },
    "erbbands_kurtosis": {
        "dmean": 1.8190356493,
        "dmean2": 2.74619221687,
        "dvar": 4.09338283539,
        "dvar2": 9.02174663544,
        "max": 32.5506515503,
        "mean": 3.683177948,
        "median": 2.61602020264,
        "min": -1.75327777863,
        "stdev": 4.06497716904,
        "var": 16.5240402222
    },
    "erbbands_skewness": {
        "dmean": 0.398453980684,
        "dmean2": 0.614022493362,
        "dvar": 0.137912333012,
        "dvar2": 0.329577505589,
        "max": 4.81526947021,
        "mean": 1.21306681633,
        "median": 1.16389322281,
        "min": -1.37473773956,
        "stdev": 0.822958707809,
        "var": 0.677261054516
    },
    "erbbands_spread": {
        "dmean": 6.13856887817,
        "dmean2": 8.74686527252,
        "dvar": 72.9301986694,
        "dvar2": 135.921676636,
        "max": 127.516952515,
        "mean": 22.6114463806,
        "median": 18.9865455627,
        "min": 1.98432278633,
        "stdev": 15.3723554611,
        "var": 236.309310913
    },
    "hfc": {
        "dmean": 4.91027450562,
        "dmean2": 7.09313869476,
        "dvar": 39.893573761,
        "dvar2": 80.4348220825,
        "max": 74.5579071045,
        "mean": 19.8577156067,
        "median": 16.701915741,
        "min": 1.23370639935e-16,
        "stdev": 14.2293815613,
        "var": 202.475296021
    },
    "loudness_ebu128": {
        "integrated": -7.09079933167,
        "loudness_range": 2.01879262924,
        "momentary": {
            "dmean": 0.54765188694,
            "dmean2": 0.57650667429,
            "dvar": 0.361251950264,
            "dvar2": 0.440353900194,
            "max": -4.36055278778,
            "mean": -7.51164388657,
            "median": -7.09581375122,
            "min": -18.6057987213,
            "stdev": 2.1738679409,
            "var": 4.72570133209
        },
        "short_term": {
            "dmean": 0.067738480866,
            "dmean2": 0.0744575038552,
            "dvar": 0.00231269281358,
            "dvar2": 0.00339780631475,
            "max": -5.93174552917,
            "mean": -7.21188211441,
            "median": -7.00550603867,
            "min": -9.13945579529,
            "stdev": 0.704184114933,
            "var": 0.495875298977
        }
    },
    "melbands_crest": {
        "dmean": 2.98262739182,
        "dmean2": 4.70051193237,
        "dvar": 7.08865118027,
        "dvar2": 17.2757072449,
        "max": 31.638879776,
        "mean": 15.0525217056,
        "median": 13.8512077332,
        "min": 2.81436133385,
        "stdev": 5.44266557693,
        "var": 29.6226081848
    },
    "melbands_flatness_db": {
        "dmean": 0.0255714487284,
        "dmean2": 0.0367922186852,
        "dvar": 0.000833545054775,
        "dvar2": 0.00179346778896,
        "max": 0.436883598566,
        "mean": 0.254298210144,
        "median": 0.251641780138,
        "min": 0.00569069432095,
        "stdev": 0.0546676293015,
        "var": 0.00298854964785
    },
    "melbands_kurtosis": {
        "dmean": 5.14705276489,
        "dmean2": 8.21802425385,
        "dvar": 77.1143722534,
        "dvar2": 204.555618286,
        "max": 121.836418152,
        "mean": 11.556643486,
        "median": 6.75149345398,
        "min": -1.44360768795,
        "stdev": 15.3282203674,
        "var": 234.954345703
    },
    "melbands_skewness": {
        "dmean": 0.561007916927,
        "dmean2": 0.848847091198,
        "dvar": 0.385909169912,
        "dvar2": 0.898795008659,
        "max": 8.18656253815,
        "mean": 1.94528627396,
        "median": 1.82621788979,
        "min": -1.91565513611,
        "stdev": 1.49671828747,
        "var": 2.24016547203
    },
    "melbands_spread": {
        "dmean": 3.46078705788,
        "dmean2": 5.51619005203,
        "dvar": 35.5222816467,
        "dvar2": 72.9834442139,
        "max": 138.41444397,
        "mean": 12.3304395676,
        "median": 11.2503490448,
        "min": 0.870261907578,
        "stdev": 7.79108953476,
        "var": 60.7010765076
    },
    "pitch_salience": {
        "dmean": 0.0634258240461,
        "dmean2": 0.0995925664902,
        "dvar": 0.00375766609795,
        "dvar2": 0.0086958380416,
        "max": 0.868484973907,
        "mean": 0.552883088589,
        "median": 0.563628971577,
        "min": 0.115132056177,
        "stdev": 0.109561026096,
        "var": 0.0120036182925
    },
    "silence_rate_20dB": {
        "dmean": 0,
        "dmean2": 0,
        "dvar": 0,
        "dvar2": 0,
        "max": 1,
        "mean": 1,
        "median": 1,
        "min": 1,
        "stdev": 0,
        "var": 0
    },
    "silence_rate_30dB": {
        "dmean": 0,
        "dmean2": 0,
        "dvar": 0,
        "dvar2": 0,
        "max": 1,
        "mean": 1,
        "median": 1,
        "min": 1,
        "stdev": 0,
        "var": 0
    },
    "silence_rate_60dB": {
        "dmean": 0.00541795650497,
        "dmean2": 0.0100697129965,
        "dvar": 0.00538877490908,
        "dvar2": 0.00996805354953,
        "max": 1,
        "mean": 0.0216550659388,
        "median": 0,
        "min": 0,
        "stdev": 0.145555332303,
        "var": 0.0211863536388
    },
    "spectral_centroid": {
        "dmean": 138.429321289,
        "dmean2": 214.494415283,
        "dvar": 127236.851562,
        "dvar2": 197525.25,
        "max": 11202.3916016,
        "mean": 695.920043945,
        "median": 646.902099609,
        "min": 240.446380615,
        "stdev": 403.772064209,
        "var": 163031.890625
    },
    "spectral_complexity": {
        "dmean": 2.78482961655,
        "dmean2": 4.28117752075,
        "dvar": 11.7740879059,
        "dvar2": 26.5257434845,
        "max": 40,
        "mean": 14.3062648773,
        "median": 14,
        "min": 0,
        "stdev": 5.51792860031,
        "var": 30.4475364685
    },
    "spectral_decrease": {
        "dmean": 1.96488980642e-09,
        "dmean2": 2.87175727642e-09,
        "dvar": 4.89026779318e-18,
        "dvar2": 9.25481681214e-18,
        "max": 5.98493864501e-29,
        "mean": -8.60507309852e-09,
        "median": -8.62807070234e-09,
        "min": -2.34682371314e-08,
        "stdev": 4.55743842664e-09,
        "var": 2.07702454465e-17
    },
    "spectral_energy": {
        "dmean": 0.00774926738814,
        "dmean2": 0.011267897673,
        "dvar": 7.46260921005e-05,
        "dvar2": 0.000140028234455,
        "max": 0.0936265587807,
        "mean": 0.0342786721885,
        "median": 0.0344397462904,
        "min": 1.09641958167e-20,
        "stdev": 0.018127348274,
        "var": 0.000328600755893
    },
    "spectral_energyband_high": {
        "dmean": 0.000169974111486,
        "dmean2": 0.000239809203777,
        "dvar": 1.12407668951e-07,
        "dvar2": 2.23217071493e-07,
        "max": 0.00683350861073,
        "mean": 0.000300532527035,
        "median": 0.00017099075194,
        "min": 8.1709272493e-21,
        "stdev": 0.000507119693793,
        "var": 2.57170398754e-07
    },
    "spectral_energyband_low": {
        "dmean": 0.00250908569433,
        "dmean2": 0.00386320101097,
        "dvar": 2.77911622106e-05,
        "dvar2": 6.42899467493e-05,
        "max": 0.0660317018628,
        "mean": 0.00618482287973,
        "median": 0.00350525183603,
        "min": 8.56264841278e-23,
        "stdev": 0.00836482923478,
        "var": 6.99703668943e-05
    },
    "spectral_energyband_middle_high": {
        "dmean": 0.00175521604251,
        "dmean2": 0.00251002749428,
        "dvar": 7.62871331972e-06,
        "dvar2": 1.43779698192e-05,
        "max": 0.057196456939,
        "mean": 0.00602118019015,
        "median": 0.00241308961995,
        "min": 1.50835566808e-21,
        "stdev": 0.00902511924505,
        "var": 8.14527738839e-05
    },
    "spectral_energyband_middle_low": {
        "dmean": 0.00610337080434,
        "dmean2": 0.00913711264729,
        "dvar": 5.09613710165e-05,
        "dvar2": 0.000104309619928,
        "max": 0.0861212015152,
        "mean": 0.0227036327124,
        "median": 0.0224049203098,
        "min": 3.21305091424e-22,
        "stdev": 0.01380212605,
        "var": 0.000190498685697
    },
    "spectral_entropy": {
        "dmean": 0.226911589503,
        "dmean2": 0.305336534977,
        "dvar": 0.0630876123905,
        "dvar2": 0.112887486815,
        "max": 9.80646419525,
        "mean": 6.98371124268,
        "median": 6.98900985718,
        "min": 5.48665332794,
        "stdev": 0.527183234692,
        "var": 0.277922153473
    },
    "spectral_flux": {
        "dmean": 0.0241681244224,
        "dmean2": 0.0368405655026,
        "dvar": 0.000612459203694,
        "dvar2": 0.00136627897155,
        "max": 0.226829588413,
        "mean": 0.0758647695184,
        "median": 0.0669135525823,
        "min": 1.04710053128e-10,
        "stdev": 0.0402967073023,
        "var": 0.00162382447161
    },
    "spectral_kurtosis": {
        "dmean": 2.65830564499,
        "dmean2": 4.01339864731,
        "dvar": 9.69399356842,
        "dvar2": 23.6421203613,
        "max": 38.7792320251,
        "mean": 9.62338638306,
        "median": 8.5142698288,
        "min": -1.16139161587,
        "stdev": 5.46972179413,
        "var": 29.9178562164
    },
    "spectral_rms": {
        "dmean": 0.000669710338116,
        "dmean2": 0.000952316564508,
        "dvar": 5.27962470187e-07,
        "dvar2": 8.88222132289e-07,
        "max": 0.00955735240132,
        "mean": 0.00552144739777,
        "median": 0.00579652935266,
        "min": 3.27059256414e-12,
        "stdev": 0.00171936547849,
        "var": 2.95621748592e-06
    },
    "spectral_rolloff": {
        "dmean": 245.064697266,
        "dmean2": 418.154541016,
        "dvar": 687541.625,
        "dvar2": 1225004.25,
        "max": 18733.8867188,
        "mean": 848.10345459,
        "median": 667.529296875,
        "min": 172.265625,
        "stdev": 997.009643555,
        "var": 994028.1875
    },
    "spectral_skewness": {
        "dmean": 0.316041469574,
        "dmean2": 0.464126348495,
        "dvar": 0.112644679844,
        "dvar2": 0.229361519217,
        "max": 5.04049921036,
        "mean": 2.56438302994,
        "median": 2.52954983711,
        "min": -0.0137671101838,
        "stdev": 0.642105817795,
        "var": 0.412299901247
    },
    "spectral_spread": {
        "dmean": 654243.8125,
        "dmean2": 885457.625,
        "dvar": 1.46172792013e+12,
        "dvar2": 1.88890965606e+12,
        "max": 39473152,
        "mean": 4556742.5,
        "median": 4432532.5,
        "min": 1591525.375,
        "stdev": 1789164.375,
        "var": 3.20110932787e+12
    },
    "spectral_strongpeak": {
        "dmean": 0.603317856789,
        "dmean2": 0.954580485821,
        "dvar": 0.734224081039,
        "dvar2": 1.44917905331,
        "max": 11.1913633347,
        "mean": 1.7815810442,
        "median": 1.12083160877,
        "min": 0,
        "stdev": 1.8646427393,
        "var": 3.47689247131
    },
    "zerocrossingrate": {
        "dmean": 0.00806797854602,
        "dmean2": 0.0096774995327,
        "dvar": 0.000291953532724,
        "dvar2": 0.000326497742208,
        "max": 0.5087890625,
        "mean": 0.0400122515857,
        "median": 0.0361328125,
        "min": 0.009765625,
        "stdev": 0.0260953549296,
        "var": 0.000680967525113
    },
    "barkbands": {
        "dmean": [0.000271788332611, 0.0017998436233, 0.000893820892088, 0.000622220686637, 0.00278674345464, 0.00136626849417, 0.00109314895235, 0.00220214924775, 0.00125867372844, 0.00109190447256, 0.000186534569366, 0.000197127214051, 0.000248720869422, 0.000500106893014, 0.000240677371039, 0.000149239247548, 5.03373557876e-05, 9.98022442218e-05, 3.64463630831e-05, 5.64534020668e-05, 2.10879497899e-05, 2.28812441492e-05, 2.67877949227e-05, 2.53906910075e-05, 3.40341284755e-05, 3.7225207052e-05, 5.63846560908e-06],
        "dmean2": [0.000393987720599, 0.00279451627284, 0.00145319569856, 0.00104632182047, 0.00448371656239, 0.00222457596101, 0.00157439848408, 0.00325960572809, 0.00177151942626, 0.00152170239016, 0.000287744827801, 0.000312482443405, 0.000388470420148, 0.000719805248082, 0.000369727815269, 0.000248572410783, 8.21347566671e-05, 0.000163332995726, 6.08680820733e-05, 9.17903380468e-05, 3.25985056406e-05, 3.60713347618e-05, 3.71072928829e-05, 3.79592966055e-05, 5.1082122809e-05, 5.38362219231e-05, 8.79752042238e-06],
        "dvar": [9.96585299617e-07, 1.66259596881e-05, 4.23071105615e-06, 1.66297593296e-06, 1.48446479216e-05, 5.93895128986e-06, 5.33195316166e-06, 2.90981897706e-05, 6.30816566627e-06, 5.91836806052e-06, 1.88742603768e-07, 1.97369558919e-07, 2.62616055124e-07, 2.02195747079e-06, 2.75303733588e-07, 1.79874817263e-07, 1.50533239207e-08, 4.42497487541e-08, 7.93343879479e-09, 2.8415579223e-08, 1.75534786706e-09, 1.49133316807e-09, 2.89685431198e-09, 2.39725883588e-09, 9.47540801377e-09, 7.88593901291e-09, 1.99074645657e-10],
        "dvar2": [2.23063261728e-06, 3.984232535e-05, 1.10981327452e-05, 4.78137781101e-06, 3.70877532987e-05, 1.26066061057e-05, 1.00268653114e-05, 5.62572386116e-05, 1.09688708108e-05, 9.86458235275e-06, 4.13117703602e-07, 4.36812882754e-07, 6.22619211299e-07, 3.69206918549e-06, 6.28007740033e-07, 4.5544072691e-07, 3.55166918098e-08, 1.16102384595e-07, 2.08576569349e-08, 6.90498893618e-08, 4.15955847544e-09, 3.32776739498e-09, 4.74373962334e-09, 5.19526821563e-09, 2.00864924693e-08, 1.50924801545e-08, 4.60271543101e-10],
        "max": [0.0282764136791, 0.0439787581563, 0.0324950963259, 0.0217166133225, 0.0519546717405, 0.0469132587314, 0.0400661639869, 0.0755036398768, 0.0362152419984, 0.0512075908482, 0.0112191373482, 0.015471437946, 0.00672001671046, 0.0328188687563, 0.00825251452625, 0.00593038415536, 0.00258350465447, 0.00189920864068, 0.00123960326891, 0.0032685501501, 0.000642043945845, 0.000508547760546, 0.00136861496139, 0.000614677614067, 0.00220114039257, 0.00236248690635, 0.000224253031774],
        "mean": [0.000515955151059, 0.00380482408218, 0.00131876394153, 0.00103653350379, 0.00743103632703, 0.0029347257223, 0.00258601689711, 0.00497247651219, 0.00282311323099, 0.00345329707488, 0.000305300723994, 0.000434792746091, 0.00041683841846, 0.00107446894981, 0.000404456019169, 0.000170939980308, 7.70514961914e-05, 0.000137867420563, 4.67686295451e-05, 6.21577637503e-05, 2.95958961942e-05, 3.76889438485e-05, 4.89183112222e-05, 3.9241353079e-05, 4.83071635244e-05, 6.13828378846e-05, 6.17779096501e-06],
        "median": [0.000136886170367, 0.00171470199712, 0.000601639680099, 0.000526840507519, 0.00398813653737, 0.00179716316052, 0.00107604742516, 0.000916797842365, 0.000963135564234, 0.000563171401154, 9.66680963757e-05, 0.000158992261277, 0.000159999050084, 0.000155587564223, 0.000134125337354, 5.88917137065e-05, 3.27000052494e-05, 6.49976500426e-05, 2.32399579545e-05, 1.86623619811e-05, 1.29918789753e-05, 1.94421591004e-05, 2.19938810915e-05, 1.92109746422e-05, 1.94504355022e-05, 2.73240420938e-05, 1.10189978386e-06],
        "min": [5.14228684057e-24, 2.07416112888e-23, 1.39248054604e-23, 8.17618924184e-23, 4.01056505561e-23, 4.78334866004e-23, 4.24642026678e-23, 4.37794136571e-23, 4.81356992132e-23, 8.65325508308e-23, 4.99642219935e-23, 6.37083940839e-23, 5.58525827127e-23, 6.29698183282e-23, 1.99000551062e-22, 9.20683475234e-23, 1.49570703446e-22, 2.39572588807e-22, 3.66901201259e-22, 4.04211166632e-22, 5.303008257e-22, 5.40996365936e-22, 6.14660424457e-22, 8.9958486652e-22, 9.89149483126e-22, 1.84748649161e-21, 2.6810414032e-21],
        "stdev": [0.00113217846956, 0.00605909246951, 0.00239476235583, 0.00150508235674, 0.00818961579353, 0.00404521403834, 0.00468528456986, 0.0102148791775, 0.00486992206424, 0.0077564092353, 0.000679732707795, 0.00114351441152, 0.000712016655598, 0.00342613225803, 0.000854082696605, 0.000455226167105, 0.000162156458828, 0.000222034257604, 8.55628677527e-05, 0.00017147581093, 4.62871212221e-05, 5.27398151462e-05, 9.97273309622e-05, 6.26331311651e-05, 0.000133729306981, 0.000139395240694, 1.66693571373e-05],
        "var": [1.28182819026e-06, 3.67126012861e-05, 5.73488659938e-06, 2.26527299674e-06, 6.70698063914e-05, 1.63637578225e-05, 2.19518933591e-05, 0.000104343751445, 2.37161402765e-05, 6.01618812652e-05, 4.62036524596e-07, 1.30762532535e-06, 5.06967751335e-07, 1.17383824545e-05, 7.29457212856e-07, 2.07230868909e-07, 2.62947192908e-08, 4.92992100476e-08, 7.32100469136e-09, 2.94039530502e-08, 2.14249751274e-09, 2.78148815092e-09, 9.94554039124e-09, 3.92290910867e-09, 1.78835257714e-08, 1.94310345591e-08, 2.7786745127e-10]
    },
    "erbbands": {
        "dmean": [0.0649306327105, 0.391447782516, 0.969809234142, 1.6526247263, 3.93232154846, 11.7333784103, 18.5496368408, 7.94070720673, 13.5802516937, 20.7914047241, 54.0866889954, 29.9726161957, 28.6824817657, 29.687417984, 7.79272937775, 7.6488275528, 9.8085565567, 26.8058071136, 14.4312486649, 9.55522441864, 6.82590198517, 2.9406619072, 4.23882865906, 3.97046279907, 1.99861264229, 2.88476252556, 1.14932560921, 0.762984752655, 0.709773600101, 0.953191697598, 0.745993435383, 0.583944380283, 0.399643182755, 0.305129826069, 0.287492126226, 0.174501761794, 0.0751108601689, 0.0153497159481, 0.000504846393596, 1.61904335982e-05],
        "dmean2": [0.0917522311211, 0.638425052166, 1.58144569397, 2.80255889893, 6.37446737289, 18.7613258362, 30.0548362732, 12.7485218048, 20.3654174805, 30.7906627655, 77.902671814, 41.8862533569, 38.518863678, 41.1472320557, 11.7790613174, 11.8559360504, 14.9222049713, 38.2188873291, 21.7537784576, 14.5379667282, 11.4185209274, 4.69375658035, 6.65918588638, 6.80066013336, 3.28890824318, 4.75412988663, 1.82296776772, 1.18478727341, 1.12123274803, 1.39386999607, 1.03664660454, 0.862762153149, 0.59762275219, 0.460646122694, 0.439847499132, 0.261010318995, 0.111381947994, 0.02283622697, 0.000760581635404, 2.33430673688e-05],
        "dvar": [0.0263087041676, 0.841121613979, 5.47116470337, 11.7137975693, 46.8630180359, 297.160095215, 1286.33410645, 163.685745239, 1126.20227051, 1867.82214355, 17393.3925781, 4141.29931641, 4094.65820312, 5328.05224609, 241.428070068, 241.017120361, 401.565002441, 5828.85302734, 819.734008789, 533.974243164, 417.823883057, 48.8225669861, 50.9105911255, 151.181808472, 25.6230506897, 97.6352157593, 5.89245891571, 2.59475302696, 1.44380700588, 3.46440458298, 2.12502837181, 1.43030369282, 0.639842331409, 0.514739394188, 0.944577038288, 0.19364541769, 0.0304503105581, 0.00136891216971, 1.50067535287e-06, 6.83207102004e-10],
        "dvar2": [0.0532681122422, 2.15148925781, 14.3594207764, 32.748916626, 116.216812134, 740.644226074, 2928.92700195, 350.718566895, 2267.32177734, 3799.61279297, 33297.6679688, 7990.96679688, 6489.53857422, 9003.62011719, 508.866485596, 498.225219727, 937.94519043, 10528.0507812, 1849.08959961, 1121.83911133, 1135.0291748, 114.945053101, 117.320648193, 429.308959961, 66.5029373169, 240.772964478, 13.6955041885, 6.16421461105, 3.29402804375, 6.50146818161, 3.59071469307, 3.24627971649, 1.35318505764, 1.03873765469, 2.13698911667, 0.413281947374, 0.0603747479618, 0.00271874829195, 3.27421048496e-06, 1.33452127127e-09],
        "max": [2.08416891098, 9.4200630188, 39.7645568848, 49.767250061, 101.480827332, 218.202606201, 670.661804199, 174.655044556, 690.195922852, 788.29107666, 2006.68884277, 1035.27844238, 1345.28295898, 1696.79467773, 425.627593994, 458.926422119, 311.230560303, 1796.9642334, 470.985961914, 428.730438232, 215.799285889, 149.739883423, 87.1183166504, 119.362922668, 80.8008575439, 214.811157227, 29.2799854279, 26.0102806091, 12.8929624557, 44.1749916077, 35.1242446899, 21.0603656769, 11.2686567307, 16.2034797668, 22.1525382996, 11.8438110352, 4.24316883087, 0.791462123394, 0.0220394190401, 0.000574061123189],
        "mean": [0.156832978129, 0.667381346226, 1.48744654655, 2.96429610252, 9.61074924469, 29.2607517242, 37.6214904785, 16.7001018524, 33.1601867676, 45.7125358582, 124.801681519, 70.5335693359, 79.8433456421, 93.6362915039, 18.4183444977, 17.3702983856, 18.3163738251, 59.9077072144, 28.3275337219, 15.5232019424, 8.45213890076, 4.59108543396, 6.74594926834, 4.68577861786, 2.50514769554, 3.10902476311, 1.58103263378, 1.01808547974, 1.14788722992, 1.69814348221, 1.36489415169, 0.940658152103, 0.587241768837, 0.428315132856, 0.400160878897, 0.268088251352, 0.117466084659, 0.0211249105632, 0.000636139884591, 5.43207934243e-05],
        "median": [0.0472580865026, 0.270884513855, 0.751443505287, 1.71328425407, 4.31139421463, 12.0960130692, 21.9784355164, 10.8961343765, 15.4273796082, 18.6804141998, 27.815279007, 29.0100708008, 22.5253295898, 18.5692481995, 8.19805431366, 7.64059019089, 8.09972476959, 9.9712228775, 8.70684623718, 5.2665014267, 3.09717226028, 1.99633133411, 3.40098905563, 2.30453801155, 1.08743739128, 0.898504137993, 0.640963435173, 0.430500209332, 0.579395592213, 0.806546568871, 0.616129338741, 0.463794916868, 0.25987508893, 0.189082786441, 0.168250828981, 0.115812577307, 0.0487624742091, 0.00603449903429, 0.000170579980477, 5.05675707245e-05],
        "min": [1.1102796431e-21, 2.73205720202e-21, 1.21071857476e-20, 1.69243583171e-19, 1.61792508235e-19, 1.44124356865e-19, 2.7625968718e-19, 4.42478348399e-19, 6.38104960605e-19, 9.02279719981e-19, 7.73055134845e-19, 1.31201019472e-18, 1.221239737e-18, 4.04781908088e-18, 1.37300711348e-18, 3.07484106112e-18, 2.6662913867e-18, 2.3077369221e-18, 9.7715308982e-18, 6.70546518941e-18, 5.96860360076e-18, 9.32833910653e-18, 1.26967178225e-17, 1.53477241523e-17, 1.82670860707e-17, 1.9000241063e-17, 2.24317617839e-17, 2.06812341951e-17, 2.06723585472e-17, 1.68709325825e-17, 1.82027148754e-17, 1.3116817213e-17, 1.85412947894e-17, 1.00249856553e-17, 7.52243756602e-18, 4.54182664553e-18, 3.82051481163e-18, 1.87649747668e-18, 3.61237890212e-19, 3.87604104216e-20],
        "stdev": [0.266325891018, 1.13061988354, 2.65688347816, 4.01704645157, 12.9826898575, 36.8043670654, 54.4071235657, 20.8623466492, 68.0046920776, 74.4034118652, 250.700454712, 116.605407715, 168.51133728, 246.150115967, 31.6063976288, 35.2911453247, 29.3502941132, 184.947235107, 54.5138015747, 37.2826347351, 19.4062709808, 9.26110267639, 9.61931419373, 10.1080884933, 4.99731779099, 9.68947601318, 2.76248121262, 1.71381902695, 1.58808839321, 3.05941534042, 2.73161840439, 1.54320812225, 1.02307999134, 0.99003970623, 1.25824606419, 0.649469077587, 0.256986409426, 0.0538283884525, 0.00157834019046, 4.25437356171e-05],
        "var": [0.0709294825792, 1.27830135822, 7.05902957916, 16.1366634369, 168.550247192, 1354.56152344, 2960.13525391, 435.237487793, 4624.63769531, 5535.8671875, 62850.7148438, 13596.8212891, 28396.0703125, 60589.8828125, 998.964416504, 1245.46496582, 861.439758301, 34205.4804688, 2971.75463867, 1389.99475098, 376.60333252, 85.7680206299, 92.531211853, 102.173446655, 24.9731845856, 93.8859481812, 7.63130187988, 2.93717551231, 2.5220246315, 9.36002254486, 7.4617395401, 2.38149142265, 1.046692729, 0.980178654194, 1.58318328857, 0.421810090542, 0.0660420134664, 0.00289749540389, 2.49115760198e-06, 1.80996939658e-09]
    },
    "gfcc": {
        "mean": [-3.55770659447, 103.662338257, -91.651725769, -5.53820991516, -63.613494873, 7.57667207718, -44.5332450867, 9.54377365112, -25.1581993103, 4.68405151367, -22.2164535522, 3.54446935654, -16.1570453644],
        "cov": [[4446.03710938, -577.287902832, -213.938903809, 172.066558838, 111.302825928, 335.657012939, 83.2854003906, 250.316711426, 55.0752944946, 201.000198364, -112.950836182, -11.6290464401, -136.202407837], [-577.287902832, 915.713806152, 101.974128723, 32.117515564, 194.386535645, 70.6412811279, 246.233139038, 88.4489440918, 86.28881073, 1.35704362392, 129.608825684, -10.8015680313, 50.8920326233], [-213.938903809, 101.974128723, 594.092407227, 173.088623047, 66.8803863525, 0.644798755646, -24.8618297577, 8.64221572876, -41.9722671509, 14.4600982666, 14.7557668686, 72.9660110474, -19.8130207062], [172.066558838, 32.117515564, 173.088623047, 362.460754395, 92.3062286377, 46.4805335999, -26.8179664612, 35.3049163818, 65.0457763672, 23.6268539429, -7.64084100723, 18.4671001434, 58.6388893127], [111.302825928, 194.386535645, 66.8803863525, 92.3062286377, 231.365982056, 118.007873535, 124.684463501, 84.5598983765, 37.7744636536, 53.0109329224, 33.681137085, 0.562048256397, 22.3783531189], [335.657012939, 70.6412811279, 0.644798755646, 46.4805335999, 118.007873535, 260.080230713, 142.306808472, 87.1571426392, 52.398273468, 28.7572803497, 30.7835597992, -9.24390029907, 4.77826499939], [83.2854003906, 246.233139038, -24.8618297577, -26.8179664612, 124.684463501, 142.306808472, 294.529052734, 113.602470398, 27.8109703064, 51.3705444336, 83.5602722168, 5.61582756042, -14.7521104813], [250.316711426, 88.4489440918, 8.64221572876, 35.3049163818, 84.5598983765, 87.1571426392, 113.602470398, 149.898773193, 73.5598602295, 42.2983436584, 24.3054428101, 4.39340782166, 8.03187465668], [55.0752944946, 86.28881073, -41.9722671509, 65.0457763672, 37.7744636536, 52.398273468, 27.8109703064, 73.5598602295, 144.508804321, 24.7815494537, 0.696929335594, -4.10529470444, 31.3468494415], [201.000198364, 1.35704362392, 14.4600982666, 23.6268539429, 53.0109329224, 28.7572803497, 51.3705444336, 42.2983436584, 24.7815494537, 97.6477203369, 25.9775276184, -14.0346164703, -8.50745201111], [-112.950836182, 129.608825684, 14.7557668686, -7.64084100723, 33.681137085, 30.7835597992, 83.5602722168, 24.3054428101, 0.696929335594, 25.9775276184, 103.073181152, 18.4185504913, 1.68647897243], [-11.6290464401, -10.8015680313, 72.9660110474, 18.4671001434, 0.562048256397, -9.24390029907, 5.61582756042, 4.39340782166, -4.10529470444, -14.0346164703, 18.4185504913, 86.6443557739, 12.2195529938], [-136.202407837, 50.8920326233, -19.8130207062, 58.6388893127, 22.3783531189, 4.77826499939, -14.7521104813, 8.03187465668, 31.3468494415, -8.50745201111, 1.68647897243, 12.2195529938, 91.8629074097]],
        "icov": [[0.000429327454185, -6.6797274485e-06, 0.000456708454294, -0.000418136274675, 0.00018725451082, -0.000651333772112, 0.000417140225181, -0.000880216015503, 0.000666962238029, -0.000987341045402, 0.000740707386285, -0.000704370962922, 0.000898942525964], [-6.6797274485e-06, 0.0026386345271, -0.00104011490475, 0.000560845015571, -0.00182057963684, 0.00148268591147, -0.00225787353702, 0.00105672539212, -0.00239776563831, 0.00277725188062, -0.00249253003858, 0.00240241549909, -0.00134104723111], [0.000456708454294, -0.00104011490475, 0.00348457787186, -0.00200308975764, 0.000247936928645, -0.00123177084606, 0.00202211225405, -0.00190604676027, 0.00296467123553, -0.00237826211378, 0.00145320175216, -0.00372225930914, 0.00301516335458], [-0.000418136274675, 0.000560845015571, -0.00200308975764, 0.00504568591714, -0.00180869840551, 0.0004731992085, 9.85452497844e-05, 0.00136443413794, -0.00283475359902, 0.000967116327956, -0.000854739279021, 0.00129122345243, -0.00337016722187], [0.00018725451082, -0.00182057963684, 0.000247936928645, -0.00180869840551, 0.00935408845544, -0.00299472175539, -0.000425639009336, -0.00244494574144, 0.00273908465169, -0.00445585045964, 0.00242577586323, -0.00126163079403, -0.000707306084223], [-0.000651333772112, 0.00148268591147, -0.00123177084606, 0.0004731992085, -0.00299472175539, 0.00805515982211, -0.00404468271881, 0.00111128145363, -0.00337005360052, 0.00411024130881, -0.00236356025562, 0.00336173130199, -0.00166414992418], [0.000417140225181, -0.00225787353702, 0.00202211225405, 9.85452497844e-05, -0.000425639009336, -0.00404468271881, 0.0105946380645, -0.00570997130126, 0.00393837084994, -0.00361575046554, -0.00145325833, -0.0033665234223, 0.00355298491195], [-0.000880216015503, 0.00105672539212, -0.00190604676027, 0.00136443413794, -0.00244494574144, 0.00111128145363, -0.00570997130126, 0.0162879433483, -0.00805365946144, 0.00101883138996, -0.00106843258254, 0.00134033989161, -0.00229194597341], [0.000666962238029, -0.00239776563831, 0.00296467123553, -0.00283475359902, 0.00273908465169, -0.00337005360052, 0.00393837084994, -0.00805365946144, 0.0147941457108, -0.00537429796532, 0.00377693236805, -0.00336092943326, 0.000442560442025], [-0.000987341045402, 0.00277725188062, -0.00237826211378, 0.000967116327956, -0.00445585045964, 0.00411024130881, -0.00361575046554, 0.00101883138996, -0.00537429796532, 0.0192823857069, -0.00734301423654, 0.00725107360631, -0.00114091159776], [0.000740707386285, -0.00249253003858, 0.00145320175216, -0.000854739279021, 0.00242577586323, -0.00236356025562, -0.00145325833, -0.00106843258254, 0.00377693236805, -0.00734301423654, 0.0176524389535, -0.00631555914879, 0.00127732334659], [-0.000704370962922, 0.00240241549909, -0.00372225930914, 0.00129122345243, -0.00126163079403, 0.00336173130199, -0.0033665234223, 0.00134033989161, -0.00336092943326, 0.00725107360631, -0.00631555914879, 0.0181876569986, -0.00501264352351], [0.000898942525964, -0.00134104723111, 0.00301516335458, -0.00337016722187, -0.000707306084223, -0.00166414992418, 0.00355298491195, -0.00229194597341, 0.000442560442025, -0.00114091159776, 0.00127732334659, -0.00501264352351, 0.0171796306968]]
    },
    "melbands": {
        "dmean": [0.000523675698787, 0.000462886120658, 0.000296533835353, 0.000545856368262, 0.000612019386608, 0.000192959181732, 0.000211133214179, 0.000280333362753, 0.000410791748436, 0.000176874367753, 0.000148558494402, 0.00013294290693, 2.81393586192e-05, 2.50576376857e-05, 1.72137661139e-05, 2.80066687992e-05, 5.44491558685e-05, 2.45587598329e-05, 1.41349810292e-05, 1.25054402815e-05, 6.95236212778e-06, 2.62206526713e-06, 4.00018598157e-06, 4.69349652121e-06, 3.20913045471e-06, 1.31192655317e-06, 1.8220621314e-06, 1.95120537683e-06, 8.40883274122e-07, 4.84102031351e-07, 4.4135998678e-07, 3.80726305593e-07, 5.36370464488e-07, 5.39379470865e-07, 4.57259517361e-07, 3.98927767264e-07, 3.59976695563e-07, 2.91362312055e-07, 2.62854428001e-07, 2.64010964202e-07],
        "dmean2": [0.000781808397733, 0.000753784319386, 0.000492624007165, 0.000885311164893, 0.00097563827876, 0.000311884330586, 0.000312336866045, 0.00042250441038, 0.000586399284657, 0.000246801180765, 0.000198697438464, 0.000185625467566, 4.31700791523e-05, 3.83825754398e-05, 2.66817678494e-05, 4.32131782873e-05, 7.70860569901e-05, 3.69818226318e-05, 2.15639156522e-05, 2.0231349481e-05, 1.18212756206e-05, 4.25532471127e-06, 6.38312258161e-06, 7.54473876441e-06, 5.59388263355e-06, 2.17756405618e-06, 2.98026498058e-06, 3.19483001476e-06, 1.35203219997e-06, 7.83021448569e-07, 6.98084534179e-07, 6.15392480086e-07, 8.42687256863e-07, 7.83525251791e-07, 6.51761240533e-07, 5.7275343579e-07, 5.46708918137e-07, 4.47090286571e-07, 3.91761091123e-07, 4.04645646768e-07],
        "dvar": [1.50184303038e-06, 1.18070477129e-06, 3.0210955515e-07, 6.35720653008e-07, 1.14358590508e-06, 9.55559613658e-08, 2.39343023622e-07, 3.66418447584e-07, 9.0187177193e-07, 1.39889763773e-07, 1.03444733668e-07, 1.1018128987e-07, 3.9801650864e-09, 3.62231533657e-09, 1.45502887516e-09, 3.67172647842e-09, 2.79001977077e-08, 2.74674150091e-09, 1.31770105938e-09, 1.03787201056e-09, 4.53875242945e-10, 4.42729568284e-11, 6.36390246056e-11, 8.26550355937e-11, 1.13500570054e-10, 1.13336970017e-11, 2.24230894269e-11, 5.03244217132e-11, 3.1185624829e-12, 1.19259181523e-12, 8.55247567644e-13, 4.5386836108e-13, 8.65163138613e-13, 1.36071069776e-12, 8.19114903943e-13, 5.37757121818e-13, 6.7641172611e-13, 3.57586573199e-13, 2.96341781409e-13, 4.00247245286e-13],
        "dvar2": [3.3876069665e-06, 2.97364977087e-06, 7.95658593233e-07, 1.64635252986e-06, 2.62073308477e-06, 1.98558140596e-07, 4.72296960652e-07, 7.52581854613e-07, 1.70699433966e-06, 2.61120192135e-07, 1.59692106649e-07, 1.8630436216e-07, 8.64298588255e-09, 7.08837344376e-09, 3.38333605576e-09, 8.55941273414e-09, 4.77128203613e-08, 5.93580695707e-09, 3.04443448229e-09, 2.33023067508e-09, 1.24204391216e-09, 9.93809201599e-11, 1.49910112102e-10, 2.00031463615e-10, 3.24454518807e-10, 2.93551329078e-11, 5.82292825069e-11, 1.19745630078e-10, 7.66313054679e-12, 2.97941575925e-12, 1.99869873256e-12, 1.05062931011e-12, 1.97134908224e-12, 2.36949197242e-12, 1.38218505651e-12, 1.06894885738e-12, 1.62309174347e-12, 7.78715308382e-13, 6.34184816207e-13, 8.00634190022e-13],
        "max": [0.0139232482761, 0.0170122496784, 0.00825016386807, 0.00995162129402, 0.0194988232106, 0.00417127180845, 0.0092687914148, 0.0080209383741, 0.0141728688031, 0.00603731768206, 0.00659833429381, 0.00751557108015, 0.00180599070154, 0.00221093045548, 0.000950275396463, 0.000851706601679, 0.00406741676852, 0.000721243617591, 0.000707914121449, 0.000635334523395, 0.000243806294748, 0.000137021255796, 0.000111076442408, 0.00012574068387, 0.000103170772491, 6.87778010615e-05, 6.13954180153e-05, 0.000171480452991, 2.42693822656e-05, 1.7341119019e-05, 1.33202020152e-05, 6.30505974186e-06, 1.51439680849e-05, 2.7806883736e-05, 2.3217384296e-05, 1.22100354929e-05, 1.55470752361e-05, 8.2274164015e-06, 8.18119588075e-06, 1.48742692545e-05],
        "mean": [0.00120476540178, 0.000798735243734, 0.000619716243818, 0.00149008212611, 0.00130934582558, 0.000407197047025, 0.000516084139235, 0.000598847400397, 0.000956608913839, 0.000404407590395, 0.000401220633648, 0.00040696063661, 5.34371501999e-05, 5.45747898286e-05, 3.05802532239e-05, 4.78268193547e-05, 0.00012334130588, 4.60307855974e-05, 2.29553734243e-05, 1.65420788107e-05, 8.19662545837e-06, 3.9566984924e-06, 5.90104127696e-06, 6.7097585088e-06, 3.42371708939e-06, 1.68335327544e-06, 1.98423163056e-06, 2.05103765438e-06, 1.09818597593e-06, 6.3210876533e-07, 5.6338626564e-07, 5.62595971587e-07, 8.9316932872e-07, 9.42120664149e-07, 8.24742585337e-07, 6.46966782369e-07, 5.41547535704e-07, 4.19492181436e-07, 3.51435346602e-07, 3.60808996902e-07],
        "median": [0.000508511147927, 0.000430667656474, 0.000433029228589, 0.000612287141848, 0.000839181651827, 0.00026185112074, 0.00024991936516, 0.000194473090232, 0.000224081901251, 0.000146978505654, 9.39410747378e-05, 7.55451183068e-05, 2.07704233617e-05, 1.83477568498e-05, 1.46732727444e-05, 1.69976374309e-05, 1.56593050633e-05, 1.19740607261e-05, 7.71957365941e-06, 5.1025990615e-06, 2.86675526695e-06, 1.5646232896e-06, 2.3581815185e-06, 3.08524090542e-06, 1.42160570249e-06, 7.75043076828e-07, 6.25948132438e-07, 5.77096045618e-07, 4.1063020717e-07, 2.73267232842e-07, 2.23714195613e-07, 2.52110510246e-07, 4.61445722522e-07, 3.84620136629e-07, 3.55752973746e-07, 2.82479874159e-07, 2.57530388126e-07, 1.83275631116e-07, 1.37440238746e-07, 1.49238132963e-07],
        "min": [7.65427082057e-24, 7.26811078569e-24, 2.87357951737e-23, 8.70303615051e-24, 9.68409197123e-24, 9.33647568018e-24, 9.64628344577e-24, 1.00615627032e-23, 7.14867566691e-24, 7.45539977522e-24, 5.36806395924e-24, 1.62984200822e-23, 5.32562048153e-24, 6.08856651715e-24, 9.32157409768e-24, 3.53179219826e-24, 3.98420944943e-24, 1.51685945611e-23, 1.2180066808e-23, 6.50460189781e-24, 6.22302351971e-24, 8.86576632234e-24, 1.05451502154e-23, 1.2388411284e-23, 1.1741588729e-23, 1.50826970749e-23, 1.00188663956e-23, 1.35470341724e-23, 1.23052669223e-23, 1.67816999386e-23, 1.07618542503e-23, 1.14704864238e-23, 1.01123203805e-23, 9.45712958905e-24, 1.15530328289e-23, 7.35121728205e-24, 8.24630777449e-24, 1.41688679805e-23, 1.08299850113e-23, 7.50067013599e-24],
        "stdev": [0.00193298771046, 0.00129759730771, 0.000698019110132, 0.00194207241293, 0.00166330544744, 0.000521400826983, 0.00100427179132, 0.00102387787774, 0.00181408971548, 0.000691316381563, 0.000852423836477, 0.00110387359746, 0.00010458399629, 0.000159091054229, 5.17156113347e-05, 8.42914596433e-05, 0.000417771982029, 9.43213963183e-05, 5.09511992277e-05, 4.50978441222e-05, 1.93351334019e-05, 9.27614473767e-06, 1.00832348835e-05, 1.09290758701e-05, 8.52341781865e-06, 3.37049345944e-06, 4.63019068775e-06, 7.18180308468e-06, 2.01246211873e-06, 1.09000313842e-06, 9.96000380837e-07, 8.33631077057e-07, 1.29843965624e-06, 1.94902804651e-06, 1.74936985786e-06, 1.15038324111e-06, 9.42097585721e-07, 7.41166161333e-07, 6.98897679285e-07, 8.7893147338e-07],
        "var": [3.736441613e-06, 1.6837586827e-06, 4.87230693125e-07, 3.77164542442e-06, 2.76658511211e-06, 2.71858851875e-07, 1.00856186691e-06, 1.04832599845e-06, 3.29092154061e-06, 4.7791832003e-07, 7.26626353753e-07, 1.2185370224e-06, 1.09378115454e-08, 2.53099639025e-08, 2.67450439573e-09, 7.10504988177e-09, 1.74533425934e-07, 8.89652529423e-09, 2.59602472852e-09, 2.03381556041e-09, 3.73847397483e-10, 8.60468571395e-11, 1.0167162251e-10, 1.1944469025e-10, 7.26486509839e-11, 1.13602261279e-11, 2.14386650793e-11, 5.15782971888e-11, 4.05000382189e-12, 1.18810679611e-12, 9.92016690148e-13, 6.94940795447e-13, 1.68594565392e-12, 3.79871004444e-12, 3.06029507291e-12, 1.32338161696e-12, 8.87547901927e-13, 5.49327239512e-13, 4.88457961145e-13, 7.72520556639e-13]
    },
    "melbands128": {
