{
"lowlevel": {
    "average_loudness": 0.844404757023,
    "barkbands_crest": {
        "dmean": 2.1367456913,
        "dmean2": 3.26120018959,
        "dvar": 5.49232530594,
        "dvar2": 12.8225650787,
        "max": 25.4199371338,
        "mean": 11.6561279297,
        "median": 10.8869333267,
        "min": 2.58759570122,
        "stdev": 5.15741586685,
        "var": 26.5989379883
    },
    "barkbands_flatness_db": {
        "dmean": 0.027628781274,
        "dmean2": 0.0389691665769,
        "dvar": 0.000998195959255,
        "dvar2": 0.00176791823469,
        "max": 0.485544770956,
        "mean": 0.174771398306,
        "median": 0.159093379974,
        "min": 0.0358722470701,
        "stdev": 0.0828014612198,
        "var": 0.00685608247295
    },
    "barkbands_kurtosis": {
        "dmean": 8.94766807556,
        "dmean2": 14.4284667969,
        "dvar": 545.147338867,
        "dvar2": 1337.97253418,
        "max": 313.458770752,
        "mean": 14.2215023041,
        "median": 2.16015625,
        "min": -1.90727639198,
        "stdev": 31.5032062531,
        "var": 992.452026367
    },
    "barkbands_skewness": {
        "dmean": 0.831024646759,
        "dmean2": 1.24604308605,
        "dvar": 1.39082205296,
        "dvar2": 2.995647192,
        "max": 15.2857847214,
        "mean": 2.05110120773,
        "median": 1.38717055321,
        "min": -4.63534593582,
        "stdev": 2.4715731144,
        "var": 6.10867357254
    },
    "barkbands_spread": {
        "dmean": 8.54027271271,
        "dmean2": 13.3829650879,
        "dvar": 175.801925659,
        "dvar2": 405.546051025,
        "max": 120.157554626,
        "mean": 21.9594154358,
        "median": 18.2298870087,
        "min": 0.343595474958,
        "stdev": 18.2673931122,
        "var": 333.697662354
    },
    "dissonance": {
        "dmean": 0.0281238164753,
        "dmean2": 0.0463858358562,
        "dvar": 0.000981057062745,
        "dvar2": 0.00226294086315,
        "max": 0.49997407198,
        "mean": 0.441714882851,
        "median": 0.452010422945,
        "min": 0.0218232218176,
        "stdev": 0.0455412790179,
        "var": 0.00207400810905
    },
    "dynamic_complexity": 3.41238903999,
    "erbbands_crest": {
        "dmean": 2.96707963943,
        "dmean2": 4.72927522659,
        "dvar": 8.9766254425,
        "dvar2": 21.8775196075,
        "max": 31.6940250397,
        "mean": 10.93608284,
        "median": 9.36622047424,
        "min": 2.62189793587,
        "stdev": 5.53852033615,
        "var": 30.6752071381
    },
    "erbbands_flatness_db": {
        "dmean": 0.0216633956879,
        "dmean2": 0.0322798117995,
        "dvar": 0.000502284266986,
        "dvar2": 0.00105306913611,
        "max": 0.336131542921,
        "mean": 0.164745643735,
        "median": 0.162525087595,
        "min": 0.0485915802419,
        "stdev": 0.0466114096344,
        "var": 0.00217262352817
    },
    "erbbands_kurtosis": {
        "dmean": 1.8807156086,
        "dmean2": 2.9555876255,
        "dvar": 9.64472007751,
        "dvar2": 22.21393013,
        "max": 34.7557144165,
        "mean": 2.12786722183,
        "median": 0.657721996307,
        "min": -1.80288231373,
        "stdev": 4.7633357048,
        "var": 22.689365387
    },
    "erbbands_skewness": {
        "dmean": 0.565875887871,
        "dmean2": 0.885149717331,
        "dvar": 0.420353144407,
        "dvar2": 0.986046910286,
        "max": 4.26281642914,
        "mean": 0.376481354237,
        "median": 0.338518202305,
        "min": -4.36143541336,
        "stdev": 1.15206241608,
        "var": 1.32724785805
    },
    "erbbands_spread": {
        "dmean": 13.2735157013,
        "dmean2": 21.1774711609,
        "dvar": 332.066925049,
        "dvar2": 753.093688965,
        "max": 193.197769165,
        "mean": 37.0887489319,
        "median": 29.4486694336,
        "min": 3.31417942047,
        "stdev": 25.6528434753,
        "var": 658.068359375
    },
    "hfc": {
        "dmean": 11.5257024765,
        "dmean2": 17.3155879974,
        "dvar": 321.977111816,
        "dvar2": 588.944213867,
        "max": 212.149246216,
        "mean": 26.5496006012,
        "median": 19.4943294525,
        "min": 1.36174357976e-05,
        "stdev": 28.3046169281,
        "var": 801.151306152
    },
    "loudness_ebu128": {
        "integrated": -8.84761238098,
        "loudness_range": 2.11732769012,
        "momentary": {
            "dmean": 0.835483491421,
            "dmean2": 0.923495769501,
            "dvar": 0.829679310322,
            "dvar2": 1.45945739746,
            "max": -5.11740779877,
            "mean": -9.55792617798,
            "median": -9.13147449493,
            "min": -19.4103355408,
            "stdev": 2.66345667839,
            "var": 7.09400177002
        },
        "short_term": {
            "dmean": 0.106544196606,
            "dmean2": 0.0940503254533,
            "dvar": 0.00840389169753,
            "dvar2": 0.00968808680773,
            "max": -7.29834890366,
            "mean": -8.87396907806,
            "median": -8.66494083405,
            "min": -13.5111494064,
            "stdev": 1.08113467693,
            "var": 1.16885221004
        }
    },
    "melbands_crest": {
        "dmean": 2.69729042053,
        "dmean2": 3.96421217918,
        "dvar": 11.2801952362,
        "dvar2": 22.4840831757,
        "max": 38.2751312256,
        "mean": 18.8420848846,
        "median": 15.7248811722,
        "min": 4.32497739792,
        "stdev": 9.8979434967,
        "var": 97.969291687
    },
    "melbands_flatness_db": {
        "dmean": 0.0343341119587,
        "dmean2": 0.0474636591971,
        "dvar": 0.00162506604102,
        "dvar2": 0.00267055537552,
        "max": 0.621957421303,
        "mean": 0.236369907856,
        "median": 0.212622791529,
        "min": 0.0456829555333,
        "stdev": 0.109831623733,
        "var": 0.01206298545
    },
    "melbands_kurtosis": {
        "dmean": 22.579082489,
        "dmean2": 35.4664306641,
        "dvar": 4200.69921875,
        "dvar2": 9608.04882812,
        "max": 1031.46337891,
        "mean": 36.5529098511,
        "median": 7.00702476501,
        "min": -1.7810189724,
        "stdev": 86.6849060059,
        "var": 7514.27246094
    },
    "melbands_skewness": {
        "dmean": 1.13788092136,
        "dmean2": 1.69114494324,
        "dvar": 3.24442267418,
        "dvar2": 6.38644647598,
        "max": 27.67578125,
        "mean": 3.37967014313,
        "median": 2.12796759605,
        "min": -2.95589470863,
        "stdev": 3.74175357819,
        "var": 14.0007190704
    },
    "melbands_spread": {
        "dmean": 10.6924390793,
        "dmean2": 16.4300251007,
        "dvar": 463.110046387,
        "dvar2": 1064.4810791,
        "max": 213.92048645,
        "mean": 26.6717605591,
        "median": 20.2326698303,
        "min": 0.308995842934,
        "stdev": 29.421546936,
        "var": 865.627441406
    },
    "pitch_salience": {
        "dmean": 0.0653451159596,
        "dmean2": 0.0961899608374,
        "dvar": 0.00585732795298,
        "dvar2": 0.0126205487177,
        "max": 0.901743233204,
        "mean": 0.492364138365,
        "median": 0.524119079113,
        "min": 0.0449108183384,
        "stdev": 0.179564580321,
        "var": 0.0322434380651
    },
    "silence_rate_20dB": {
        "dmean": 0,
        "dmean2": 0,
        "dvar": 0,
        "dvar2": 0,
        "max": 1,
        "mean": 1,
        "median": 1,
        "min": 1,
        "stdev": 0,
        "var": 0
    },
    "silence_rate_30dB": {
        "dmean": 0.0356037169695,
        "dmean2": 0.0712625905871,
        "dvar": 0.0343355461955,
        "dvar2": 0.0723825097084,
        "max": 1,
        "mean": 0.843774139881,
        "median": 1,
        "min": 0,
        "stdev": 0.363073408604,
        "var": 0.131822302938
    },
    "silence_rate_60dB": {
        "dmean": 0.0286377705634,
        "dmean2": 0.0565453134477,
        "dvar": 0.0278176851571,
        "dvar2": 0.0579948909581,
        "max": 1,
        "mean": 0.0696055665612,
        "median": 0,
        "min": 0,
        "stdev": 0.254480600357,
        "var": 0.0647603720427
    },
    "spectral_centroid": {
        "dmean": 377.320648193,
        "dmean2": 566.050415039,
        "dvar": 338160.625,
        "dvar2": 680873.4375,
        "max": 6686.60693359,
        "mean": 1390.41333008,
        "median": 1199.41027832,
        "min": 193.813278198,
        "stdev": 958.930786133,
        "var": 919548.25
    },
    "spectral_complexity": {
        "dmean": 3.1749227047,
        "dmean2": 4.6963596344,
        "dvar": 30.5531463623,
        "dvar2": 43.0495605469,
        "max": 59,
        "mean": 13.8081979752,
        "median": 12,
        "min": 0,
        "stdev": 9.70375156403,
        "var": 94.1627960205
    },
    "spectral_decrease": {
        "dmean": 2.75649969517e-09,
        "dmean2": 3.83186193886e-09,
        "dvar": 3.92280744034e-17,
        "dvar2": 8.31308111461e-17,
        "max": -5.45179839248e-15,
        "mean": -1.15872920148e-08,
        "median": -5.98202154478e-09,
        "min": -8.13650586906e-08,
        "stdev": 1.38953319961e-08,
        "var": 1.93080247119e-16
    },
    "spectral_energy": {
        "dmean": 0.0111087346449,
        "dmean2": 0.0156395025551,
        "dvar": 0.000576379010454,
        "dvar2": 0.00121749122627,
        "max": 0.308807909489,
        "mean": 0.0461412258446,
        "median": 0.0247046537697,
        "min": 2.18115143724e-08,
        "stdev": 0.0528944432735,
        "var": 0.00279782200232
    },
    "spectral_energyband_high": {
        "dmean": 0.000965512823313,
        "dmean2": 0.00145620945841,
        "dvar": 2.48748938247e-06,
        "dvar2": 4.79490927319e-06,
        "max": 0.0223259385675,
        "mean": 0.00135588366538,
        "median": 0.000437195034465,
        "min": 5.87553894427e-10,
        "stdev": 0.00237729679793,
        "var": 5.65153959542e-06
    },
    "spectral_energyband_low": {
        "dmean": 0.00724712247029,
        "dmean2": 0.00923047214746,
        "dvar": 0.000554092577659,
        "dvar2": 0.00119647872634,
        "max": 0.305083692074,
        "mean": 0.0294772777706,
        "median": 0.00497583113611,
        "min": 9.39590449889e-09,
        "stdev": 0.0512651354074,
        "var": 0.00262811407447
    },
    "spectral_energyband_middle_high": {
        "dmean": 0.00310822762549,
        "dmean2": 0.00447329878807,
        "dvar": 3.87726067856e-05,
        "dvar2": 7.11183893145e-05,
        "max": 0.0996153354645,
        "mean": 0.00724312709644,
        "median": 0.00324747292325,
        "min": 2.73018474495e-09,
        "stdev": 0.0106977205724,
        "var": 0.000114441230835
    },
    "spectral_energyband_middle_low": {
        "dmean": 0.00413619261235,
        "dmean2": 0.00664793746546,
        "dvar": 0.000104797421955,
        "dvar2": 0.000286703201709,
        "max": 0.104687698185,
        "mean": 0.00884352438152,
        "median": 0.00634479522705,
        "min": 8.27252844005e-09,
        "stdev": 0.0102800102904,
        "var": 0.000105678620457
    },
    "spectral_entropy": {
        "dmean": 0.295579701662,
        "dmean2": 0.441594988108,
        "dvar": 0.110251128674,
        "dvar2": 0.19782730937,
        "max": 8.88608551025,
        "mean": 7.42933416367,
        "median": 7.36534643173,
        "min": 5.98010063171,
        "stdev": 0.549263775349,
        "var": 0.30169069767
    },
    "spectral_flux": {
        "dmean": 0.032895937562,
        "dmean2": 0.0501059144735,
        "dvar": 0.00234894035384,
        "dvar2": 0.00468932976946,
        "max": 0.494784146547,
        "mean": 0.0831384435296,
        "median": 0.0630985349417,
        "min": 0.00014768721303,
        "stdev": 0.0713634341955,
        "var": 0.00509273959324
    },
    "spectral_kurtosis": {
        "dmean": 2.19962668419,
        "dmean2": 3.39348196983,
        "dvar": 7.70521736145,
        "dvar2": 14.5874853134,
        "max": 39.4339866638,
        "mean": 5.13647270203,
        "median": 4.37198495865,
        "min": -1.32583343983,
        "stdev": 4.36449337006,
        "var": 19.0488033295
    },
    "spectral_rms": {
        "dmean": 0.00077614170732,
        "dmean2": 0.00105861155316,
        "dvar": 1.56878525104e-06,
        "dvar2": 2.86323415821e-06,
        "max": 0.0173573046923,
        "mean": 0.00575766572729,
        "median": 0.00490938918665,
        "min": 4.61297395304e-06,
        "stdev": 0.00344458268955,
        "var": 1.1865149645e-05
    },
    "spectral_rolloff": {
        "dmean": 791.046508789,
        "dmean2": 1370.22070312,
        "dvar": 2886511.5,
        "dvar2": 6531987,
        "max": 13910.4492188,
        "mean": 1834.74145508,
        "median": 1162.79296875,
        "min": 43.06640625,
        "stdev": 2357.37329102,
        "var": 5557209
    },
    "spectral_skewness": {
        "dmean": 0.384669333696,
        "dmean2": 0.577865719795,
        "dvar": 0.19851462543,
        "dvar2": 0.361649930477,
        "max": 4.3865776062,
        "mean": 1.78284907341,
        "median": 1.84519481659,
        "min": -0.0957579985261,
        "stdev": 0.731156527996,
        "var": 0.534589886665
    },
    "spectral_spread": {
        "dmean": 1164938.5,
        "dmean2": 1712634,
        "dvar": 2.4036025303e+12,
        "dvar2": 4.19956365722e+12,
        "max": 26511172,
        "mean": 5949417,
        "median": 5445196.5,
        "min": 1628536.25,
        "stdev": 2580251,
        "var": 6.65769580954e+12
    },
    "spectral_strongpeak": {
        "dmean": 0.60711401701,
        "dmean2": 0.992179572582,
        "dvar": 1.29614830017,
        "dvar2": 3.25151848793,
        "max": 11.8986005783,
        "mean": 1.2644367218,
        "median": 0.582029998302,
        "min": 0,
        "stdev": 1.62953019142,
        "var": 2.65536880493
    },
    "zerocrossingrate": {
        "dmean": 0.0167527329177,
        "dmean2": 0.0195180121809,
        "dvar": 0.000599709805101,
        "dvar2": 0.000650415371638,
        "max": 0.4453125,
        "mean": 0.0678431466222,
        "median": 0.05615234375,
        "min": 0.0009765625,
        "stdev": 0.0626698508859,
        "var": 0.00392750976607
    },
    "barkbands": {
        "dmean": [0.00118104938883, 0.00567166414112, 0.00247010402381, 0.00102662586141, 0.00117287784815, 0.000796669046395, 0.000597467354964, 0.000740298710298, 0.000764863158111, 0.000914586300496, 0.000673613394611, 0.000630446826108, 0.000678676180542, 0.000438448158093, 0.000451385829365, 0.000287138682324, 0.0003935523564, 0.000212811559322, 0.000151117492351, 0.000137043389259, 0.000128714062157, 0.00022262443963, 0.000339992635418, 0.000131049091578, 0.000127995022922, 7.33555862098e-05, 4.88016348754e-06],
        "dmean2": [0.00162461970467, 0.00698129134253, 0.00417428882793, 0.00187509215903, 0.00190524733625, 0.00127964722924, 0.000983662321232, 0.00109959964175, 0.00108661781996, 0.00136789388489, 0.00100199645385, 0.000982091878541, 0.00104566314258, 0.000668260850944, 0.00068305793684, 0.000424581114203, 0.000644345767796, 0.000314771954436, 0.00021969548834, 0.000205101430765, 0.000186607052456, 0.000342188199284, 0.00057181174634, 0.000202273280593, 0.000190856808331, 0.000108669184556, 8.01611804491e-06],
        "dvar": [1.34379451993e-05, 0.000440066040028, 0.000188949881704, 2.54037986451e-05, 1.10562577902e-05, 4.71294970339e-06, 2.49121239904e-06, 3.66506924365e-06, 4.34486037193e-06, 8.41879409563e-06, 6.26968858342e-06, 4.47885213362e-06, 4.49460549135e-06, 1.34298397825e-06, 1.08057611214e-06, 4.85036878217e-07, 1.62570574957e-06, 3.02422535015e-07, 1.90578930415e-07, 1.86709741001e-07, 9.66398303603e-08, 2.07093890481e-07, 3.18620152484e-07, 8.68450982239e-08, 9.10069246629e-08, 3.62457761582e-08, 7.31368576812e-10],
        "dvar2": [2.85571368295e-05, 0.000812384707388, 0.000527393596712, 7.30624233256e-05, 2.88154733425e-05, 1.25444475998e-05, 6.57492319078e-06, 7.68037807575e-06, 9.37350705499e-06, 1.84506225196e-05, 1.11649360406e-05, 9.08892889129e-06, 8.74538727658e-06, 3.09053439196e-06, 2.39078576669e-06, 9.74073714133e-07, 4.27702661909e-06, 5.43088788163e-07, 3.73640119733e-07, 3.96036170969e-07, 1.94296632117e-07, 4.39897661408e-07, 7.66789469253e-07, 1.77591473971e-07, 1.72718799263e-07, 7.30666513959e-08, 1.83403481291e-09],
        "max": [0.0596284084022, 0.259294569492, 0.14630202949, 0.0563480556011, 0.039831046015, 0.0234658252448, 0.0171245057136, 0.0259256046265, 0.0456943102181, 0.049939673394, 0.0650898069143, 0.0324454158545, 0.050499882549, 0.017632316798, 0.0169430524111, 0.0150593509898, 0.0139128556475, 0.00529768737033, 0.00780620099977, 0.0077758342959, 0.00324160954915, 0.00431029265746, 0.00551409879699, 0.00642916467041, 0.00720749609172, 0.00328758056276, 0.00063894642517],
        "mean": [0.00550818862393, 0.0207470562309, 0.00297578680329, 0.00103191065136, 0.00179507490247, 0.0012425200548, 0.000986383878626, 0.00120804726612, 0.00146990595385, 0.00187430134974, 0.00105493271258, 0.000861685781274, 0.000991097418591, 0.000607111956924, 0.000860151078086, 0.000437778100604, 0.000520444766153, 0.00030726697878, 0.000220719186473, 0.000183885960723, 0.000162366341101, 0.000301997293718, 0.000319580984069, 0.000172346408363, 0.000184928867384, 0.000110739922093, 5.06618653162e-06],
        "median": [0.000277356419247, 0.00289558200166, 0.00037914889981, 0.000202168390388, 0.000887409376446, 0.000373584451154, 0.000152023960254, 0.000182672039955, 0.000269583310001, 0.000197639761609, 0.000137434457429, 0.000104545310023, 0.000104354825453, 7.87551834946e-05, 0.00010061833018, 6.84716796968e-05, 6.99687880115e-05, 4.7583518608e-05, 4.26020160376e-05, 2.79309606412e-05, 3.56842501787e-05, 7.70179540268e-05, 4.44135221187e-05, 3.42464372807e-05, 6.36595141259e-05, 3.54163385055e-05, 5.07769129854e-07],
        "min": [1.18422840978e-11, 2.53814504136e-11, 6.09289951825e-10, 1.60608193411e-09, 2.33238361957e-09, 1.41329004055e-09, 1.06549546963e-09, 8.28755397642e-10, 8.5588569565e-10, 5.29267851768e-10, 4.29932089929e-10, 4.01559230312e-10, 2.98716662517e-10, 2.32996399951e-10, 2.29494381832e-10, 2.09440756405e-10, 1.37423822322e-10, 1.44680822878e-10, 1.38137584704e-10, 1.28363764063e-10, 8.07801117664e-11, 8.51409359681e-11, 7.51576509361e-11, 7.89134035895e-11, 6.8333227965e-11, 6.58925622399e-11, 2.19469277821e-12],
        "stdev": [0.0106442412362, 0.039591871202, 0.0120594585314, 0.00396168092266, 0.00332367792726, 0.00227801199071, 0.00218299264088, 0.00281015457585, 0.00303939334117, 0.00520205264911, 0.0039184098132, 0.00261051650159, 0.00338967004791, 0.00150764745194, 0.00160840002354, 0.00106084358413, 0.00128586229403, 0.000691457127687, 0.000570774369407, 0.00052263494581, 0.000373347545974, 0.000588033057284, 0.00063577858964, 0.000473984488053, 0.000432947039371, 0.000267223949777, 2.54056958511e-05],
        "var": [0.000113299865916, 0.00156751624309, 0.000145430545672, 1.56949172379e-05, 1.10468345156e-05, 5.18933893545e-06, 4.76545710626e-06, 7.89696878201e-06, 9.2379113994e-06, 2.70613527391e-05, 1.53539349412e-05, 6.81479605191e-06, 1.14898630272e-05, 2.27300097322e-06, 2.58695081357e-06, 1.12538918984e-06, 1.6534417e-06, 4.78112951896e-07, 3.25783389599e-07, 2.73147293228e-07, 1.39388390608e-07, 3.45782865452e-07, 4.0421440417e-07, 2.24661292236e-07, 1.87443149002e-07, 7.14086425546e-08, 6.45449360626e-10]
    },
    "erbbands": {
        "dmean": [0.301236063242, 0.835682213306, 2.3933904171, 3.46667098999, 3.21835660934, 4.0731010437, 6.66924762726, 5.56245088577, 7.14526367188, 11.1704378128, 16.4417095184, 18.9290561676, 26.2738456726, 23.4296360016, 28.2074642181, 26.1707420349, 30.0988330841, 25.0638427734, 20.2412834167, 17.6310462952, 15.3610754013, 20.0140323639, 12.1516075134, 7.95820713043, 7.43513059616, 6.2761182785, 5.34510803223, 5.82735681534, 8.42457675934, 9.1391248703, 8.03744983673, 4.10058879852, 2.1091132164, 1.54595947266, 0.861563384533, 0.388659119606, 0.128501340747, 0.0192115530372, 0.000535343482625, 2.59882745013e-05],
        "dmean2": [0.384063541889, 1.13240778446, 3.76161432266, 6.1335978508, 5.56212759018, 6.71514081955, 10.274969101, 9.15317058563, 11.8998346329, 17.1421031952, 24.0596656799, 26.9611530304, 38.056930542, 32.6185798645, 41.6001205444, 40.3740158081, 44.3213577271, 37.9230232239, 30.9273872375, 25.6486282349, 21.9107208252, 33.1687240601, 17.9915390015, 11.6028852463, 10.8692321777, 9.25861740112, 7.66623783112, 8.57410335541, 13.0052070618, 15.1227998734, 13.2729883194, 6.71205472946, 3.24188947678, 2.34794068336, 1.28771674633, 0.573363721371, 0.195589885116, 0.0297897160053, 0.000839179032482, 3.88157313864e-05],
        "dvar": [1.3398617506, 10.8522291183, 148.894744873, 341.819641113, 171.193862915, 127.576446533, 316.488525391, 271.540649414, 433.087463379, 621.160583496, 2024.67785645, 3073.57128906, 7808.73583984, 4452.65527344, 14789.3408203, 7860.05419922, 8814.55761719, 4460.49658203, 3060.87255859, 1393.23120117, 1332.859375, 5784.68945312, 751.622192383, 699.483825684, 471.93371582, 396.193084717, 221.970779419, 191.923873901, 291.191223145, 218.094299316, 184.139831543, 49.0533103943, 29.0228061676, 12.156496048, 4.5172867775, 0.983743011951, 0.115834757686, 0.00482697738335, 6.32216142549e-06, 3.29658922382e-09],
        "dvar2": [2.57900214195, 19.7217159271, 391.047424316, 976.032897949, 466.241271973, 324.000396729, 754.934753418, 745.52734375, 1187.82946777, 1397.70153809, 4118.73144531, 6607.68798828, 15480.0712891, 7347.42431641, 26209.7441406, 15468.4140625, 16402.7304688, 9409.44726562, 6774.62207031, 2945.45996094, 2788.86010742, 16033.5478516, 1327.98571777, 1307.92248535, 972.343322754, 869.054199219, 466.632507324, 381.748779297, 614.043212891, 471.467071533, 420.683349609, 112.15978241, 59.1483840942, 24.4643383026, 8.27558612823, 1.85608935356, 0.2448669523, 0.0110113145784, 1.50984224092e-05, 7.27213134155e-09],
        "max": [15.0509729385, 47.1515464783, 125.59576416, 197.618911743, 162.540634155, 174.334777832, 267.015686035, 189.012908936, 262.587371826, 323.342437744, 697.554504395, 1297.34863281, 1918.13317871, 1520.63317871, 3748.11352539, 1345.25622559, 2384.44604492, 1056.99584961, 1077.24230957, 505.485534668, 839.188781738, 929.259094238, 308.883911133, 334.890533447, 377.813201904, 381.816131592, 156.534118652, 134.36277771, 168.597702026, 188.673980713, 166.127655029, 98.4728622437, 125.654754639, 77.4521713257, 49.8111457825, 16.7995548248, 6.9280128479, 1.44886898994, 0.0598967187107, 0.00118116184603],
        "mean": [1.18564379215, 2.32316994667, 3.42256903648, 3.6647310257, 3.76627707481, 6.38173389435, 10.9355821609, 8.71385860443, 12.1317358017, 18.7849559784, 27.4779243469, 39.7314720154, 61.7172813416, 42.0349311829, 41.7547683716, 38.9848747253, 46.2183151245, 39.9627876282, 39.4215087891, 34.7893104553, 25.2536659241, 25.3697166443, 19.6272029877, 10.9799757004, 11.0046157837, 8.51076889038, 6.64671993256, 7.29322910309, 11.2557907104, 10.2570514679, 7.98505163193, 4.695063591, 2.76172494888, 2.08962535858, 1.27001929283, 0.599952280521, 0.182311728597, 0.0248455312103, 0.000685322913341, 7.53990607336e-05],
        "median": [0.0989872887731, 0.4079836905, 0.635410130024, 0.714675247669, 1.47675001621, 3.01559209824, 2.75908517838, 2.84049057961, 2.43156528473, 4.47326421738, 5.40092563629, 9.34825897217, 7.62666893005, 9.39629268646, 6.20971536636, 5.07338762283, 5.85945415497, 6.31466579437, 5.64336681366, 5.23990058899, 4.05733060837, 4.07978582382, 3.58349275589, 2.24762368202, 1.84472715855, 1.476136446, 1.29453146458, 1.38997685909, 2.80533599854, 2.33382105827, 1.19780123234, 0.797819018364, 0.565343439579, 0.602384805679, 0.445000290871, 0.199383199215, 0.0535952150822, 0.00603816658258, 0.000173251493834, 4.69872175017e-05],
        "min": [8.34497093649e-09, 9.66760751453e-08, 2.42143960349e-06, 4.41968677478e-06, 6.31130660622e-06, 7.93922481535e-06, 9.75265447778e-06, 1.20402592074e-05, 1.45792864714e-05, 1.68601909536e-05, 1.87477162399e-05, 1.95636366698e-05, 1.75012119144e-05, 1.72219497472e-05, 1.74715296453e-05, 1.61627249327e-05, 1.409880133e-05, 1.21517423395e-05, 1.21034545373e-05, 1.2282625903e-05, 1.05744265966e-05, 7.91689672042e-06, 7.84382609709e-06, 7.39835149943e-06, 6.80956782162e-06, 6.11755058344e-06, 4.23896335633e-06, 2.88394699055e-06, 3.26511462845e-06, 1.30566581902e-06, 2.44041393671e-06, 2.21283335122e-06, 1.09675863769e-06, 7.61630815305e-07, 4.92769402172e-07, 2.34831162516e-07, 1.30234766971e-07, 4.6924199637e-08, 1.05343778145e-08, 1.05556030583e-09],
        "stdev": [2.30794286728, 5.11881494522, 12.5517673492, 14.5122747421, 11.0819158554, 11.9947128296, 22.3296012878, 16.2253284454, 27.2722320557, 33.7163658142, 67.8965377808, 79.2268295288, 181.770950317, 126.887184143, 171.243408203, 113.979667664, 154.104949951, 94.1912078857, 83.1088638306, 60.2113800049, 53.6536026001, 66.9379959106, 37.53383255, 31.5332717896, 28.6859817505, 23.9620399475, 16.9689865112, 17.0174121857, 21.8668365479, 18.8181419373, 16.5623760223, 9.82198619843, 8.60202884674, 5.00783586502, 3.04906797409, 1.46822011471, 0.444742113352, 0.0769507065415, 0.00255077681504, 8.41346773086e-05],
        "var": [5.32660007477, 26.2022666931, 157.546859741, 210.606124878, 122.808860779, 143.873138428, 498.611114502, 263.261260986, 743.774658203, 1136.79333496, 4609.93945312, 6276.89111328, 33040.6757812, 16100.3583984, 29324.3066406, 12991.3642578, 23748.3339844, 8871.98339844, 6907.08349609, 3625.41040039, 2878.70898438, 4480.69482422, 1408.78869629, 994.347229004, 822.885559082, 574.179382324, 287.946472168, 289.592346191, 478.158538818, 354.122497559, 274.312316895, 96.4714126587, 73.9949035645, 25.0784187317, 9.29681491852, 2.15567040443, 0.197795540094, 0.00592141086236, 6.5064627961e-06, 7.07864389327e-09]
    },
    "gfcc": {
        "mean": [-12.9288759232, 67.7146530151, -99.9493179321, 15.1696500778, -59.3148574829, 23.9046325684, -40.1044158936, 13.1240530014, -21.0565128326, 6.92688179016, -22.4765586853, 9.86433029175, -10.2782669067],
        "cov": [[6498.03955078, -1189.48095703, -806.469726562, 332.10244751, 95.9516601562, 488.665924072, 26.7984008789, 291.565612793, 95.1186065674, 292.153839111, -0.249399006367, 58.6442108154, -230.798156738], [-1189.48095703, 2787.22070312, 488.007293701, 72.0927276611, 976.31072998, 63.3262672424, 444.987091064, 215.838287354, 317.748413086, -41.802406311, 146.657806396, -91.7015228271, 109.422225952], [-806.469726562, 488.007293701, 1504.78283691, 483.3855896, 194.388519287, 265.181732178, 175.437545776, 51.2939109802, 145.987045288, -9.74028015137, 90.1212081909, 86.8390426636, 78.5283966064], [332.10244751, 72.0927276611, 483.3855896, 918.27746582, 295.947723389, 114.974494934, 115.374359131, 96.9763412476, 231.563110352, 20.2451057434, 58.9132537842, 35.6491279602, 82.4621276855], [95.9516601562, 976.31072998, 194.388519287, 295.947723389, 812.818481445, 107.050735474, 269.406402588, 221.511657715, 236.590194702, 66.2270736694, 71.804977417, -11.2848148346, 50.4449806213], [488.665924072, 63.3262672424, 265.181732178, 114.974494934, 107.050735474, 400.468658447, 203.772232056, 26.1712970734, 34.7199707031, 48.8751373291, 92.6118545532, 35.6281204224, -37.0142555237], [26.7984008789, 444.987091064, 175.437545776, 115.374359131, 269.406402588, 203.772232056, 450.465942383, 92.8262329102, 82.9909210205, 69.688873291, 114.351257324, 14.9728116989, 50.5310134888], [291.565612793, 215.838287354, 51.2939109802, 96.9763412476, 221.511657715, 26.1712970734, 92.8262329102, 224.180725098, 129.52911377, 41.8582496643, 31.4134368896, 32.7165412903, 29.9860839844], [95.1186065674, 317.748413086, 145.987045288, 231.563110352, 236.590194702, 34.7199707031, 82.9909210205, 129.52911377, 262.400726318, 43.2035942078, 19.977689743, 4.65940856934, 56.1652488708], [292.153839111, -41.802406311, -9.74028015137, 20.2451057434, 66.2270736694, 48.8751373291, 69.688873291, 41.8582496643, 43.2035942078, 152.670471191, 38.3400535583, 2.82118058205, 11.2279453278], [-0.249399006367, 146.657806396, 90.1212081909, 58.9132537842, 71.804977417, 92.6118545532, 114.351257324, 31.4134368896, 19.977689743, 38.3400535583, 183.254470825, 55.9678955078, 18.7280979156], [58.6442108154, -91.7015228271, 86.8390426636, 35.6491279602, -11.2848148346, 35.6281204224, 14.9728116989, 32.7165412903, 4.65940856934, 2.82118058205, 55.9678955078, 127.394134521, 20.2967205048], [-230.798156738, 109.422225952, 78.5283966064, 82.4621276855, 50.4449806213, -37.0142555237, 50.5310134888, 29.9860839844, 56.1652488708, 11.2279453278, 18.7280979156, 20.2967205048, 135.479568481]],
        "icov": [[0.000291622825898, 6.57802884234e-05, 0.000251185236266, -0.000201557122637, 1.46116290125e-05, -0.000485430733534, 0.00014191037917, -0.000450530147646, 6.14926175331e-05, -0.000375210249331, 0.000184141259524, -9.20016609598e-05, 0.000323410145938], [6.57802884234e-05, 0.00102973799221, -0.000275522936136, 0.000581326079555, -0.00113894918468, 0.000293488701573, -0.000402738514822, 0.000213543666177, -0.000712692912202, 0.000969203363638, -0.000749921659008, 0.000899186474271, -0.000122452504002], [0.000251185236266, -0.000275522936136, 0.00125626043882, -0.000725240272004, 0.000356008647941, -0.00110192783177, 0.000252739293501, -0.000321625266224, 0.000137897601235, -0.000340401573339, 0.000445486512035, -0.000756789755542, -7.01538956491e-05], [-0.000201557122637, 0.000581326079555, -0.000725240272004, 0.00219158758409, -0.00100536644459, 0.000391176057747, -0.00019378932484, 0.00081512646284, -0.00161751266569, 0.00107793638017, -0.000760526861995, 0.000494797714055, -0.000741144176573], [1.46116290125e-05, -0.00113894918468, 0.000356008647941, -0.00100536644459, 0.00355100794695, -0.000361055106623, -0.000384202547139, -0.00175006955396, -7.84215008025e-05, -0.00112880684901, 0.000647921988275, -0.000218923116336, 0.000529463926796], [-0.000485430733534, 0.000293488701573, -0.00110192783177, 0.000391176057747, -0.000361055106623, 0.00529989879578, -0.00219227210619, 0.00132884085178, -0.000605338544119, 0.000359944737284, -0.00135285744909, -0.000212829443626, 0.00188260606956], [0.00014191037917, -0.000402738514822, 0.000252739293501, -0.00019378932484, -0.000384202547139, -0.00219227210619, 0.00438681198284, -0.000904578715563, 0.000726815662347, -0.00110407720786, -0.000896295532584, 0.000454305409221, -0.00150735280477], [-0.000450530147646, 0.000213543666177, -0.000321625266224, 0.00081512646284, -0.00175006955396, 0.00132884085178, -0.000904578715563, 0.00865898840129, -0.00315683661029, 0.000166035883012, -0.000226600546739, -0.00205174949951, -0.000180485047167], [6.14926175331e-05, -0.000712692912202, 0.000137897601235, -0.00161751266569, -7.84215008025e-05, -0.000605338544119, 0.000726815662347, -0.00315683661029, 0.00800238642842, -0.00174400710966, 0.0010169899324, 0.000238768770942, -0.00147292471956], [-0.000375210249331, 0.000969203363638, -0.000340401573339, 0.00107793638017, -0.00112880684901, 0.000359944737284, -0.00110407720786, 0.000166035883012, -0.00174400710966, 0.00928802229464, -0.0021962870378, 0.00166634924244, -0.000979873235337], [0.000184141259524, -0.000749921659008, 0.000445486512035, -0.000760526861995, 0.000647921988275, -0.00135285744909, -0.000896295532584, -0.000226600546739, 0.0010169899324, -0.0021962870378, 0.00864919647574, -0.00391227984801, 4.85593409394e-05], [-9.20016609598e-05, 0.000899186474271, -0.000756789755542, 0.000494797714055, -0.000218923116336, -0.000212829443626, 0.000454305409221, -0.00205174949951, 0.000238768770942, 0.00166634924244, -0.00391227984801, 0.0113967964426, -0.00184110645205], [0.000323410145938, -0.000122452504002, -7.01538956491e-05, -0.000741144176573, 0.000529463926796, 0.00188260606956, -0.00150735280477, -0.000180485047167, -0.00147292471956, -0.000979873235337, 4.85593409394e-05, -0.00184110645205, 0.0104031153023]]
    },
    "melbands": {
        "dmean": [0.00202333787456, 0.000969913264271, 0.000568945135456, 0.000242755602812, 0.000218744855374, 0.000130904125399, 0.000116080613225, 0.000132299799589, 0.000130176078528, 0.000123549834825, 0.000132860513986, 9.79731994448e-05, 8.71418087627e-05, 7.44161006878e-05, 7.25584905013e-05, 7.00387026882e-05, 4.78985748487e-05, 3.20406397805e-05, 3.43443134625e-05, 2.40733988903e-05, 1.80831539183e-05, 2.56571038335e-05, 1.19763517432e-05, 9.95497521217e-06, 6.45514546704e-06, 6.77695334161e-06, 4.72728197565e-06, 4.50391826234e-06, 3.72976046492e-06, 3.0788278309e-06, 3.48204616785e-06, 4.70201848657e-06, 4.94914911542e-06, 6.06399999015e-06, 4.35640367868e-06, 4.7827193157e-06, 1.80579320386e-06, 1.49964978391e-06, 1.3748958736e-06, 1.38221537327e-06],
        "dmean2": [0.00248020864092, 0.0013737649424, 0.00100302847568, 0.000406754639698, 0.000338994985214, 0.000213321807678, 0.000191598926904, 0.000198529931367, 0.000190191654838, 0.00017415646289, 0.000194368578377, 0.000136737449793, 0.00012957774743, 0.000113889167551, 0.000113828471513, 0.000107002684672, 7.24325072952e-05, 4.98117951793e-05, 5.07682379975e-05, 3.52184615622e-05, 2.61262448475e-05, 4.25315993198e-05, 1.82965613931e-05, 1.46362590385e-05, 9.54412826104e-06, 1.03308848338e-05, 6.8805529736e-06, 6.60569367028e-06, 5.32165086042e-06, 4.56480711364e-06, 5.19761852047e-06, 7.25568088455e-06, 7.79025322117e-06, 1.03128177216e-05, 7.04906960891e-06, 8.05381387181e-06, 2.92287973025e-06, 2.32179900195e-06, 2.16062085201e-06, 2.10506686926e-06],
        "dvar": [5.47240124433e-05, 1.75364493771e-05, 8.22124638944e-06, 5.70016027268e-07, 3.31996886871e-07, 1.44106564903e-07, 1.05113258542e-07, 9.16894435932e-08, 1.22206088804e-07, 1.29776481117e-07, 2.04603423981e-07, 8.07192321872e-08, 1.16545059825e-07, 5.94714535396e-08, 7.10078964516e-08, 5.58298296482e-08, 1.68767986253e-08, 9.31653243441e-09, 6.18305806555e-09, 3.2312206244e-09, 2.36588504343e-09, 9.44064915132e-09, 7.25260407286e-10, 7.59983576071e-10, 4.85313012e-10, 4.16438189488e-10, 2.08564249204e-10, 2.31159633102e-10, 1.21263998842e-10, 5.24829311954e-11, 6.89401868925e-11, 9.24290574633e-11, 1.00557957794e-10, 1.02019705184e-10, 5.84383028079e-11, 6.03130809185e-11, 1.24255154776e-11, 1.72056396908e-11, 1.10435497552e-11, 1.04547646582e-11],
        "dvar2": [0.000100900855614, 4.03960657422e-05, 2.31576086662e-05, 1.5351311049e-06, 7.99583915523e-07, 3.97187562839e-07, 2.8547083275e-07, 2.0133565215e-07, 2.45889992811e-07, 2.70736080665e-07, 4.18227443788e-07, 1.39062322546e-07, 2.22859995347e-07, 1.19416569078e-07, 1.45914455629e-07, 1.00929177904e-07, 3.67672470247e-08, 2.23051515036e-08, 1.39210118988e-08, 6.23329565741e-09, 5.00899188793e-09, 2.61078323405e-08, 1.54406254449e-09, 1.40097389245e-09, 9.42654287961e-10, 9.67135038721e-10, 4.32255148342e-10, 5.45295086862e-10, 2.58791210683e-10, 1.06954473056e-10, 1.38957331752e-10, 1.87851553757e-10, 2.34879865557e-10, 2.45581305292e-10, 1.28438107372e-10, 1.5059836711e-10, 2.76390559745e-11, 3.65725574825e-11, 2.28847756717e-11, 2.15498487111e-11],
        "max": [0.0969396457076, 0.0452197119594, 0.0297224540263, 0.00963127240539, 0.00800561811775, 0.00446260720491, 0.00387856946327, 0.00451763812453, 0.00506390538067, 0.00884771812707, 0.00955533608794, 0.00648003257811, 0.00943630374968, 0.00602516625077, 0.00451909331605, 0.00676199328154, 0.00221088761464, 0.00171386124566, 0.00109748973045, 0.00133814010769, 0.000881592917722, 0.00117387343198, 0.000383394566597, 0.000281129934592, 0.00028961795033, 0.000291876407573, 0.000188356920262, 0.000312643969664, 0.000116170464025, 8.05065428722e-05, 7.74200234446e-05, 9.37217191677e-05, 0.000108480497147, 0.000113356138172, 0.000122777419165, 7.79147594585e-05, 5.63739667996e-05, 0.000103006335848, 7.70301558077e-05, 6.93614347256e-05],
        "mean": [0.00788913015276, 0.00201575271785, 0.000631943286862, 0.000348034169292, 0.00036962114973, 0.000203471659916, 0.00019881677872, 0.000216711079702, 0.000213751816773, 0.000259056454524, 0.000300727464492, 0.000162202646607, 0.000128390893224, 0.000107136213046, 9.16403951123e-05, 0.000108374799311, 6.86865532771e-05, 5.59786712984e-05, 6.33862509858e-05, 3.8474878238e-05, 2.85515179712e-05, 2.98172544717e-05, 1.95302054635e-05, 1.37558909046e-05, 8.05901527201e-06, 9.22985782381e-06, 6.34107436781e-06, 5.53794734515e-06, 4.40903977506e-06, 3.69145504919e-06, 4.25708003604e-06, 6.08873415331e-06, 6.46209855404e-06, 5.76605270908e-06, 4.29903957411e-06, 4.55769395558e-06, 2.2279998575e-06, 1.93538835447e-06, 1.74067758962e-06, 1.81007226274e-06],
        "median": [0.000894423224963, 0.000452837819466, 0.000157582137035, 0.000185478376807, 0.000116999486636, 5.9000118199e-05, 3.45515327353e-05, 4.57203350379e-05, 3.51523922291e-05, 4.92554645461e-05, 3.19134087476e-05, 3.19945829688e-05, 1.7392956579e-05, 1.55975849339e-05, 1.13908736239e-05, 1.0879653928e-05, 9.44718885876e-06, 7.90539070294e-06, 7.14634734322e-06, 5.93411778027e-06, 3.99200462198e-06, 4.03490093959e-06, 3.49433503288e-06, 2.05312903745e-06, 1.38268683259e-06, 1.49328229782e-06, 9.69380039351e-07, 7.98627581844e-07, 6.08956383985e-07, 8.14002191873e-07, 6.90980698437e-07, 1.28676185795e-06, 1.59961007284e-06, 9.76743194769e-07, 6.43579255666e-07, 5.52310552848e-07, 4.23054444809e-07, 3.64407043207e-07, 3.49092232454e-07, 5.30337388227e-07],
        "min": [9.87704536215e-12, 8.77350747608e-10, 8.15386591579e-10, 5.10521458441e-10, 3.4860703213e-10, 2.71350553138e-10, 2.23208576622e-10, 1.83800571985e-10, 1.52446180679e-10, 1.21054527513e-10, 8.58161111617e-11, 6.90132048731e-11, 5.92396479093e-11, 4.70022076815e-11, 3.72015543371e-11, 2.75572724362e-11, 2.18698531507e-11, 1.94057513114e-11, 1.73125628417e-11, 1.56189818024e-11, 1.1535884227e-11, 8.2622381159e-12, 7.05057887074e-12, 6.92622695309e-12, 5.87753630488e-12, 5.14399330423e-12, 4.59968001187e-12, 3.93576490842e-12, 2.9020282271e-12, 1.69407044816e-12, 1.72570248022e-12, 1.93852594567e-12, 1.50748716895e-12, 3.81949626007e-13, 1.16463338539e-12, 2.07341760948e-12, 1.06816237713e-12, 8.23516764763e-13, 5.59523835684e-13, 6.85622999347e-13],
        "stdev": [0.0150146856904, 0.00540101435035, 0.00229080300778, 0.000693739042617, 0.000700346019585, 0.000377026939532, 0.00043852374074, 0.000406032573665, 0.000536189472768, 0.000536697451025, 0.000904851127416, 0.000518155458849, 0.000486500037368, 0.000321582163451, 0.000300724001136, 0.000415841466747, 0.000176758636371, 0.000129756561364, 0.000114135596959, 9.09245791263e-05, 6.73306712997e-05, 8.54659956531e-05, 3.68703658751e-05, 3.33319039783e-05, 2.5584746254e-05, 2.44198090513e-05, 1.81938903552e-05, 1.70852345036e-05, 1.23226027426e-05, 8.52052016853e-06, 1.02936255644e-05, 1.22483816085e-05, 1.27125731524e-05, 1.12699499368e-05, 9.8021919257e-06, 8.9617951744e-06, 5.25894165548e-06, 6.43225303065e-06, 5.03593946632e-06, 4.33688273915e-06],
        "var": [0.000225440788199, 2.91709566227e-05, 5.24777806277e-06, 4.81273843889e-07, 4.90484524107e-07, 1.42149303883e-07, 1.92303076574e-07, 1.6486244192e-07, 2.87499119622e-07, 2.88044162744e-07, 8.18755552245e-07, 2.68485052857e-07, 2.36682296872e-07, 1.03415089825e-07, 9.04349164443e-08, 1.72924117692e-07, 3.12436156946e-08, 1.68367648712e-08, 1.3026934198e-08, 8.26727930558e-09, 4.53341941764e-09, 7.30443616703e-09, 1.35942379575e-09, 1.11101583489e-09, 6.54579279669e-10, 5.96327098812e-10, 3.31017657729e-10, 2.91905222216e-10, 1.51846535346e-10, 7.25992599371e-11, 1.05958727903e-10, 1.50022841372e-10, 1.61609517435e-10, 1.27011762219e-10, 9.60829749097e-11, 8.03137695238e-11, 2.76564656593e-11, 4.13738800165e-11, 2.53606875084e-11, 1.88085519381e-11]
    },
    "melbands128": {
