{
"lowlevel": {
    "average_loudness": 0.91950315237,
    "barkbands_crest": {
        "dmean": 2.22256565094,
        "dmean2": 3.45182013512,
        "dvar": 4.55160093307,
        "dvar2": 9.95072937012,
        "max": 24.6991214752,
        "mean": 10.4391498566,
        "median": 9.54330539703,
        "min": 2.63711857796,
        "stdev": 4.35518884659,
        "var": 18.9676704407
    },
    "barkbands_flatness_db": {
        "dmean": 0.0238786637783,
        "dmean2": 0.0352045185864,
        "dvar": 0.000744728022255,
        "dvar2": 0.00156208884437,
        "max": 0.422703772783,
        "mean": 0.145872443914,
        "median": 0.137652367353,
        "min": 0.0394515320659,
        "stdev": 0.052574083209,
        "var": 0.00276403431781
    },
    "barkbands_kurtosis": {
        "dmean": 5.47703647614,
        "dmean2": 8.2413520813,
        "dvar": 140.935745239,
        "dvar2": 298.82333374,
        "max": 205.85295105,
        "mean": 9.24318027496,
        "median": 3.63068580627,
        "min": -1.89466547966,
        "stdev": 17.4517688751,
        "var": 304.564208984
    },
    "barkbands_skewness": {
        "dmean": 0.715086936951,
        "dmean2": 0.999997377396,
        "dvar": 0.760664641857,
        "dvar2": 1.47069251537,
        "max": 10.7745304108,
        "mean": 1.932254076,
        "median": 1.74624300003,
        "min": -4.21033716202,
        "stdev": 1.85456061363,
        "var": 3.43939495087
    },
    "barkbands_spread": {
        "dmean": 6.6310005188,
        "dmean2": 10.1524562836,
        "dvar": 94.0653839111,
        "dvar2": 215.292556763,
        "max": 96.6119995117,
        "mean": 22.1060829163,
        "median": 18.2900447845,
        "min": 0.594456255436,
        "stdev": 16.9163627625,
        "var": 286.163299561
    },
    "dissonance": {
        "dmean": 0.0195771511644,
        "dmean2": 0.0323905162513,
        "dvar": 0.000370357505744,
        "dvar2": 0.000949523120653,
        "max": 0.499667733908,
        "mean": 0.455267041922,
        "median": 0.46099203825,
        "min": 0.301337003708,
        "stdev": 0.0294238645583,
        "var": 0.00086576375179
    },
    "dynamic_complexity": 3.4595849514,
    "erbbands_crest": {
        "dmean": 2.2993388176,
        "dmean2": 3.58730363846,
        "dvar": 5.50134038925,
        "dvar2": 12.4077663422,
        "max": 31.032371521,
        "mean": 9.26846504211,
        "median": 8.1437702179,
        "min": 2.61757922173,
        "stdev": 4.27622509003,
        "var": 18.2861003876
    },
    "erbbands_flatness_db": {
        "dmean": 0.0164434015751,
        "dmean2": 0.0227011758834,
        "dvar": 0.000282854947727,
        "dvar2": 0.000546104391105,
        "max": 0.32253959775,
        "mean": 0.152177959681,
        "median": 0.149150595069,
        "min": 0.0638539344072,
        "stdev": 0.0371851101518,
        "var": 0.00138273229823
    },
    "erbbands_kurtosis": {
        "dmean": 1.32005190849,
        "dmean2": 1.9982187748,
        "dvar": 7.12938976288,
        "dvar2": 14.1343860626,
        "max": 48.7674713135,
        "mean": 1.22112989426,
        "median": 0.0830175876617,
        "min": -1.74857842922,
        "stdev": 4.56182003021,
        "var": 20.8102016449
    },
    "erbbands_skewness": {
        "dmean": 0.398371785879,
        "dmean2": 0.572220981121,
        "dvar": 0.230044096708,
        "dvar2": 0.435616135597,
        "max": 6.54233312607,
        "mean": 0.49807831645,
        "median": 0.56712692976,
        "min": -3.25725650787,
        "stdev": 1.00504505634,
        "var": 1.01011550426
    },
    "erbbands_spread": {
        "dmean": 10.4432296753,
        "dmean2": 15.2226696014,
        "dvar": 147.552963257,
        "dvar2": 333.683105469,
        "max": 137.973800659,
        "mean": 46.3361320496,
        "median": 43.2580909729,
        "min": 2.49529266357,
        "stdev": 22.1830329895,
        "var": 492.086914062
    },
    "hfc": {
        "dmean": 8.33014392853,
        "dmean2": 11.0508861542,
        "dvar": 278.124694824,
        "dvar2": 543.852111816,
        "max": 331.048034668,
        "mean": 21.8682575226,
        "median": 11.8091745377,
        "min": 1.2826296989e-16,
        "stdev": 28.1207427979,
        "var": 790.776123047
    },
    "loudness_ebu128": {
        "integrated": -11.3603925705,
        "loudness_range": 3.78328800201,
        "momentary": {
            "dmean": 1.04362547398,
            "dmean2": 1.49296486378,
            "dvar": 1.00818240643,
            "dvar2": 2.01629161835,
            "max": -6.32333374023,
            "mean": -12.0203170776,
            "median": -11.9244003296,
            "min": -23.8060264587,
            "stdev": 2.47212386131,
            "var": 6.11139631271
        },
        "short_term": {
            "dmean": 0.118905469775,
            "dmean2": 0.137366175652,
            "dvar": 0.0106309643015,
            "dvar2": 0.01462177746,
            "max": -9.12815284729,
            "mean": -11.6349363327,
            "median": -12.0044679642,
            "min": -14.1526288986,
            "stdev": 1.42038559914,
            "var": 2.01749539375
        }
    },
    "melbands_crest": {
        "dmean": 2.92493224144,
        "dmean2": 4.61351251602,
        "dvar": 8.4585981369,
        "dvar2": 18.971496582,
        "max": 30.4664554596,
        "mean": 14.1149816513,
        "median": 13.3810272217,
        "min": 2.75451517105,
        "stdev": 5.38793945312,
        "var": 29.0298938751
    },
    "melbands_flatness_db": {
        "dmean": 0.0289811138064,
        "dmean2": 0.0411582477391,
        "dvar": 0.00125815998763,
        "dvar2": 0.00245726900175,
        "max": 0.543810248375,
        "mean": 0.203983575106,
        "median": 0.194522440434,
        "min": 0.00494412193075,
        "stdev": 0.0755282044411,
        "var": 0.00570450956002
    },
    "melbands_kurtosis": {
        "dmean": 12.5178346634,
        "dmean2": 19.1753578186,
        "dvar": 553.438781738,
        "dvar2": 1262.86621094,
        "max": 348.337677002,
        "mean": 23.6318740845,
        "median": 11.4965591431,
        "min": -1.87799274921,
        "stdev": 34.5126075745,
        "var": 1191.12011719
    },
    "melbands_skewness": {
        "dmean": 0.927888393402,
        "dmean2": 1.33803164959,
        "dvar": 1.24042212963,
        "dvar2": 2.57472348213,
        "max": 12.9699487686,
        "mean": 3.21900105476,
        "median": 2.89439988136,
        "min": -2.03700733185,
        "stdev": 2.18389749527,
        "var": 4.76940870285
    },
    "melbands_spread": {
        "dmean": 10.1252908707,
        "dmean2": 14.4571552277,
        "dvar": 438.373687744,
        "dvar2": 766.992736816,
        "max": 244.424743652,
        "mean": 27.2335319519,
        "median": 17.1858921051,
        "min": 0.472039490938,
        "stdev": 34.8130073547,
        "var": 1211.94543457
    },
    "pitch_salience": {
        "dmean": 0.0719251930714,
        "dmean2": 0.112502790987,
        "dvar": 0.0056505841203,
        "dvar2": 0.0133950421587,
        "max": 0.936348378658,
        "mean": 0.539296150208,
        "median": 0.547231554985,
        "min": 0.118670091033,
        "stdev": 0.130643203855,
        "var": 0.0170676466078
    },
    "silence_rate_20dB": {
        "dmean": 0,
        "dmean2": 0,
        "dvar": 0,
        "dvar2": 0,
        "max": 1,
        "mean": 1,
        "median": 1,
        "min": 1,
        "stdev": 0,
        "var": 0
    },
    "silence_rate_30dB": {
        "dmean": 0.030959751457,
        "dmean2": 0.0619674660265,
        "dvar": 0.0300012063235,
        "dvar2": 0.0751680061221,
        "max": 1,
        "mean": 0.976798117161,
        "median": 1,
        "min": 0,
        "stdev": 0.150543123484,
        "var": 0.0226632300764
    },
    "silence_rate_60dB": {
        "dmean": 0.0472136214375,
        "dmean2": 0.0937257930636,
        "dvar": 0.0449837818742,
        "dvar2": 0.0957839563489,
        "max": 1,
        "mean": 0.104408353567,
        "median": 0,
        "min": 0,
        "stdev": 0.305791139603,
        "var": 0.0935082286596
    },
    "spectral_centroid": {
        "dmean": 305.869781494,
        "dmean2": 432.177246094,
        "dvar": 268627.375,
        "dvar2": 406084.59375,
        "max": 10384.7685547,
        "mean": 1318.01916504,
        "median": 1062.15014648,
        "min": 130.805282593,
        "stdev": 984.724182129,
        "var": 969681.75
    },
    "spectral_complexity": {
        "dmean": 2.70975232124,
        "dmean2": 4.03872966766,
        "dvar": 11.5651292801,
        "dvar2": 23.21144104,
        "max": 50,
        "mean": 13.5065736771,
        "median": 12,
        "min": 0,
        "stdev": 8.07798576355,
        "var": 65.2538528442
    },
    "spectral_decrease": {
        "dmean": 3.07719782988e-09,
        "dmean2": 4.63784477489e-09,
        "dvar": 4.59378756735e-17,
        "dvar2": 1.07345537579e-16,
        "max": 5.43673532525e-29,
        "mean": -5.94483795524e-09,
        "median": -3.84597242942e-09,
        "min": -5.72749634387e-08,
        "stdev": 7.43882422327e-09,
        "var": 5.53361065788e-17
    },
    "spectral_energy": {
        "dmean": 0.0121199414134,
        "dmean2": 0.0180576872081,
        "dvar": 0.000666130159516,
        "dvar2": 0.00154809700325,
        "max": 0.218891650438,
        "mean": 0.0244207214564,
        "median": 0.0164010878652,
        "min": 1.14286310734e-20,
        "stdev": 0.0290351901203,
        "var": 0.000843042216729
    },
    "spectral_energyband_high": {
        "dmean": 0.000847796560265,
        "dmean2": 0.00116485112812,
        "dvar": 4.22470384365e-06,
        "dvar2": 8.18073658593e-06,
        "max": 0.0396060757339,
        "mean": 0.00165337033104,
        "median": 0.000548370589968,
        "min": 8.33608791421e-21,
        "stdev": 0.00312740541995,
        "var": 9.7806650956e-06
    },
    "spectral_energyband_low": {
        "dmean": 0.00830096472055,
        "dmean2": 0.0134888300672,
        "dvar": 0.000544310489204,
        "dvar2": 0.00133249396458,
        "max": 0.19897814095,
        "mean": 0.00879505742341,
        "median": 0.00219951197505,
        "min": 5.36444221994e-23,
        "stdev": 0.0222480241209,
        "var": 0.000494974607136
    },
    "spectral_energyband_middle_high": {
        "dmean": 0.00155274616554,
        "dmean2": 0.00217343959957,
        "dvar": 1.17697682072e-05,
        "dvar2": 2.34341478063e-05,
        "max": 0.0625768750906,
        "mean": 0.00433570053428,
        "median": 0.00158624909818,
        "min": 1.63154085489e-21,
        "stdev": 0.00774704059586,
        "var": 6.00166385993e-05
    },
    "spectral_energyband_middle_low": {
        "dmean": 0.00441674236208,
        "dmean2": 0.0066593689844,
        "dvar": 8.46827388159e-05,
        "dvar2": 0.000201182527235,
        "max": 0.10308329761,
        "mean": 0.0110421516001,
        "median": 0.00754052447155,
        "min": 3.71271389699e-22,
        "stdev": 0.012120001018,
        "var": 0.000146894424688
    },
    "spectral_entropy": {
        "dmean": 0.200433716178,
        "dmean2": 0.277830988169,
        "dvar": 0.0548491217196,
        "dvar2": 0.0953294336796,
        "max": 9.80293083191,
        "mean": 7.46846246719,
        "median": 7.49693822861,
        "min": 5.41773939133,
        "stdev": 0.493833035231,
        "var": 0.243871062994
    },
    "spectral_flux": {
        "dmean": 0.031411215663,
        "dmean2": 0.0460128001869,
        "dvar": 0.00215509627014,
        "dvar2": 0.00448253145441,
        "max": 0.441170036793,
        "mean": 0.0765805467963,
        "median": 0.0576255060732,
        "min": 1.06904776698e-10,
        "stdev": 0.0647179186344,
        "var": 0.00418840860948
    },
    "spectral_kurtosis": {
        "dmean": 1.05197525024,
        "dmean2": 1.62289488316,
        "dvar": 1.69847631454,
        "dvar2": 3.74763584137,
        "max": 17.205116272,
        "mean": 2.97794365883,
        "median": 2.46829986572,
        "min": -1.32204306126,
        "stdev": 2.30794215202,
        "var": 5.32659673691
    },
    "spectral_rms": {
        "dmean": 0.000995135866106,
        "dmean2": 0.00135974376462,
        "dvar": 2.37003769143e-06,
        "dvar2": 4.79274331155e-06,
        "max": 0.0146134467795,
        "mean": 0.00428737327456,
        "median": 0.0040001324378,
        "min": 3.33914428226e-12,
        "stdev": 0.00233313906938,
        "var": 5.44353815712e-06
    },
    "spectral_rolloff": {
        "dmean": 664.830993652,
        "dmean2": 1060.79943848,
        "dvar": 2156077.75,
        "dvar2": 3988150.75,
        "max": 18820.0195312,
        "mean": 1840.11132812,
        "median": 968.994140625,
        "min": 107.666015625,
        "stdev": 2434.82519531,
        "var": 5928373.5
    },
    "spectral_skewness": {
        "dmean": 0.212360933423,
        "dmean2": 0.302592366934,
        "dvar": 0.0517143979669,
        "dvar2": 0.0972111970186,
        "max": 3.56331849098,
        "mean": 1.39753425121,
        "median": 1.37929916382,
        "min": -0.166014611721,
        "stdev": 0.508496165276,
        "var": 0.258568376303
    },
    "spectral_spread": {
        "dmean": 622747.5625,
        "dmean2": 850519.25,
        "dvar": 1.5609191465e+12,
        "dvar2": 1.89811602227e+12,
        "max": 41660316,
        "mean": 5735346,
        "median": 5468413.5,
        "min": 2633007.75,
        "stdev": 1869459,
        "var": 3.49487680717e+12
    },
    "spectral_strongpeak": {
        "dmean": 0.543020009995,
        "dmean2": 0.857462823391,
        "dvar": 1.13153505325,
        "dvar2": 2.46380829811,
        "max": 14.4045372009,
        "mean": 1.02332770824,
        "median": 0.487695217133,
        "min": 0,
        "stdev": 1.5748603344,
        "var": 2.48018503189
    },
    "zerocrossingrate": {
        "dmean": 0.015151835978,
        "dmean2": 0.0163723621517,
        "dvar": 0.000636765849777,
        "dvar2": 0.000586253299844,
        "max": 0.49169921875,
        "mean": 0.0728807896376,
        "median": 0.05908203125,
        "min": 0.00390625,
        "stdev": 0.0606824830174,
        "var": 0.00368236377835
    },
    "barkbands": {
        "dmean": [6.77921998431e-05, 0.00398253789172, 0.00408511469141, 0.00189432199113, 0.00189985870384, 0.000767567718867, 0.000402859295718, 0.000424106838182, 0.000411849963712, 0.000289444957161, 0.000259025662672, 0.000247711519478, 0.000516372034326, 0.000498983077705, 0.000315917102853, 0.000122725963593, 0.000120530719869, 7.59266404202e-05, 7.80247355578e-05, 0.000148811785039, 0.000273746758467, 0.000196503067855, 0.00018312879547, 0.000130154570797, 0.000102955695183, 3.12106130878e-05, 1.9416656869e-06],
        "dmean2": [0.000112883288239, 0.00655395863578, 0.00690405024216, 0.00308041693643, 0.00299173174426, 0.00121759530157, 0.000670253066346, 0.000630970869679, 0.00058955186978, 0.000437457230873, 0.000406904378906, 0.000373538525309, 0.000745355326217, 0.000680892262608, 0.000497048080433, 0.000185876400792, 0.000181266645086, 0.000121533732454, 0.000120236058137, 0.000219611945795, 0.000416014809161, 0.000296156707918, 0.000260748289293, 0.000176662782906, 0.000142633492942, 4.31556181866e-05, 3.06494212055e-06],
        "dvar": [6.54131042666e-08, 0.000172373082023, 0.000141705546412, 3.01485488308e-05, 1.49283223436e-05, 1.69387749338e-06, 1.3216458683e-06, 1.3278794313e-06, 1.27507212255e-06, 7.4888026802e-07, 5.89337446399e-07, 1.06027960101e-06, 4.26767610406e-06, 3.57462181455e-06, 1.92045877156e-06, 1.05353244351e-07, 6.6369779006e-08, 6.12633215269e-08, 4.5598017806e-08, 1.00582298046e-07, 3.94974392748e-07, 2.48393632774e-07, 2.94584168614e-07, 1.58454255939e-07, 1.77389125611e-07, 1.75162675475e-08, 8.94159052356e-11],
        "dvar2": [1.64316816154e-07, 0.0004416287411, 0.000371599715436, 7.53717904445e-05, 3.57376993634e-05, 3.76770617549e-06, 3.66859762835e-06, 2.67691075351e-06, 2.77223125522e-06, 1.67052519373e-06, 1.27932344185e-06, 2.68211806542e-06, 9.15040436666e-06, 6.15020417172e-06, 5.04205945617e-06, 2.41876421114e-07, 1.50241888264e-07, 1.5611443871e-07, 1.08664039544e-07, 2.21810566359e-07, 8.9198420028e-07, 5.78125252559e-07, 6.52926246403e-07, 2.50437750537e-07, 3.20956218047e-07, 3.49134126054e-08, 2.02279776262e-10],
        "max": [0.00513399858028, 0.161369651556, 0.105826899409, 0.0650223642588, 0.0453058592975, 0.0191895384341, 0.0115441922098, 0.0222717188299, 0.0205848831683, 0.0166856385767, 0.0158280208707, 0.018839944154, 0.0525760687888, 0.0555330067873, 0.0280762407929, 0.00617715064436, 0.00397263187915, 0.00404662033543, 0.0039042767603, 0.0041182092391, 0.00789614766836, 0.00585696240887, 0.00850456673652, 0.00726855825633, 0.00996687449515, 0.00316966464743, 0.000241845846176],
        "mean": [7.58907845011e-05, 0.00350229698233, 0.00394010078162, 0.00240432610735, 0.00412398856133, 0.00187895342242, 0.000585436471738, 0.000921995553654, 0.000862585438881, 0.000492542050779, 0.000533275131602, 0.000455204135505, 0.000954683579039, 0.000801610760391, 0.00044859922491, 0.00020996821695, 0.000232048740145, 0.000114916394523, 0.000118520969409, 0.000275493832305, 0.000517844571732, 0.000313462980557, 0.000260067085037, 0.000200270224013, 0.000150329797179, 4.415100193e-05, 2.1726993964e-06],
        "median": [1.76371195266e-05, 0.000287279923214, 0.000744144665077, 0.000451416650321, 0.00234952243045, 0.00100837135687, 0.000200051610591, 0.000244176655542, 0.00022874296701, 0.000106389976281, 9.29581074161e-05, 4.41613483417e-05, 7.07793515176e-05, 7.88156467024e-05, 6.75258270348e-05, 4.25507241744e-05, 6.89018634148e-05, 2.52886839007e-05, 3.10049872496e-05, 6.89139269525e-05, 0.000138424569741, 6.69705041219e-05, 4.61834388261e-05, 3.7970199628e-05, 4.10095090047e-05, 7.16679733159e-06, 7.95019943212e-08],
        "min": [1.31614452729e-23, 2.95027856992e-23, 1.06019592446e-23, 1.43449054469e-23, 4.14980815617e-23, 1.12350138101e-22, 2.88443771442e-23, 2.93938061429e-23, 9.46891327771e-23, 8.8784313264e-23, 2.04197730789e-22, 7.50475880206e-23, 1.07128876029e-22, 1.57776270499e-22, 1.2244579064e-22, 1.25229523002e-22, 2.07165943007e-22, 2.75379124135e-22, 1.39237862522e-22, 2.96987071936e-22, 3.28664267524e-22, 5.56705527432e-22, 8.49562249887e-22, 9.36609478816e-22, 1.32571677377e-21, 1.71149343487e-21, 2.66126823227e-21],
        "stdev": [0.000306816597003, 0.0118254199624, 0.0106300422922, 0.00598104298115, 0.00533608626574, 0.00235369708389, 0.00105572980829, 0.00215348927304, 0.00173162634019, 0.00118509330787, 0.00124043831602, 0.00155289424583, 0.00398601498455, 0.00271044368856, 0.00163284852169, 0.000493554747663, 0.000443627301138, 0.000303490378428, 0.000272104720352, 0.00052666378906, 0.000909920083359, 0.000682008394506, 0.000693856913131, 0.000588264490943, 0.000528212636709, 0.000166391662788, 1.10209848572e-05],
        "var": [9.41364319829e-08, 0.000139840558404, 0.00011299779726, 3.57728749805e-05, 2.84738162009e-05, 5.53989002583e-06, 1.11456540708e-06, 4.63751621282e-06, 2.99852968055e-06, 1.40444615226e-06, 1.5386871155e-06, 2.41148040914e-06, 1.58883158292e-05, 7.34650438972e-06, 2.66619440481e-06, 2.43596304017e-07, 1.96805189034e-07, 9.21064184922e-08, 7.40409760169e-08, 2.77374766711e-07, 8.2795452272e-07, 4.65135485683e-07, 4.81437439248e-07, 3.46055145428e-07, 2.79008617099e-07, 2.76861840121e-08, 1.21462104263e-10]
    },
    "erbbands": {
        "dmean": [0.0447095260024, 1.1349209547, 4.46580839157, 5.33757352829, 6.74966430664, 5.55704116821, 8.70572662354, 5.74595785141, 5.95882511139, 7.04842281342, 8.24455738068, 10.8652477264, 8.25426197052, 7.17839336395, 10.5649023056, 12.6596078873, 23.3729114532, 25.0264015198, 16.8301200867, 11.0317220688, 5.39969015121, 5.37157440186, 4.68131685257, 3.50834536552, 4.06248092651, 7.14777231216, 11.363861084, 9.61315250397, 7.74820613861, 5.79850530624, 4.95687007904, 2.99564909935, 2.15351772308, 1.28663218021, 0.676353156567, 0.204346522689, 0.046501327306, 0.00726245436817, 0.000209806094063, 1.95541870198e-05],
        "dmean2": [0.0777359604836, 1.85881710052, 7.43182754517, 8.73795604706, 11.0802545547, 8.53924942017, 13.601275444, 9.00691413879, 9.70626926422, 11.142660141, 11.6100873947, 15.5764427185, 12.1991291046, 10.7227525711, 16.6098899841, 18.6146831512, 34.6263008118, 33.234085083, 25.1157894135, 17.007516861, 7.86697864532, 7.92660570145, 7.31921720505, 5.27354192734, 6.09018278122, 10.3556528091, 17.3210449219, 14.3975734711, 11.6693382263, 8.7039308548, 7.00345563889, 4.22197151184, 2.94725680351, 1.79659628868, 0.966533362865, 0.292001485825, 0.0629674345255, 0.00990197341889, 0.000298342376482, 2.72334236797e-05],
        "dvar": [0.0229316111654, 13.5306606293, 169.852218628, 221.872238159, 413.553222656, 97.0128250122, 298.870269775, 96.8648300171, 268.637298584, 301.016357422, 715.309875488, 933.355163574, 590.854736328, 593.072265625, 1098.1706543, 2523.59375, 11236.4677734, 9890.31933594, 4610.70166016, 1138.58435059, 185.787857056, 118.076927185, 152.078216553, 141.956619263, 108.840507507, 235.816467285, 702.598266602, 508.413757324, 386.459564209, 235.425384521, 257.215759277, 102.714103699, 44.115940094, 23.6833763123, 8.74312591553, 0.908339083195, 0.0320570990443, 0.000789644662291, 7.36194294859e-07, 1.65180535916e-09],
        "dvar2": [0.0623127445579, 34.2693367004, 432.83883667, 542.100585938, 1088.30212402, 212.137832642, 682.558898926, 216.648574829, 736.310852051, 719.71484375, 1434.45617676, 2090.58837891, 1348.72253418, 1104.97216797, 2358.18457031, 6108.20898438, 24132.796875, 15951.7363281, 11085.5996094, 2655.27514648, 355.193115234, 257.23526001, 361.886993408, 331.154510498, 236.588500977, 498.207336426, 1540.98364258, 1180.74890137, 908.340820312, 531.50592041, 565.820129395, 207.864883423, 70.7654647827, 40.5646286011, 17.1572399139, 1.90324652195, 0.0600049570203, 0.00138798169792, 1.3115885622e-06, 3.29874616511e-09],
        "max": [1.74669957161, 43.605758667, 113.081420898, 155.233474731, 263.67477417, 136.939468384, 227.707275391, 180.143356323, 163.916229248, 205.219024658, 571.239990234, 617.791137695, 513.46270752, 640.147460938, 793.790710449, 891.463867188, 2831.53198242, 3069.35327148, 1610.3659668, 537.198242188, 245.28237915, 180.36567688, 165.886672974, 306.745300293, 192.705734253, 213.236953735, 352.497955322, 312.422637939, 254.658065796, 174.946395874, 268.524230957, 191.079437256, 139.062820435, 115.501571655, 74.5184783936, 24.1412811279, 4.52320861816, 0.658279061317, 0.019688019529, 0.000735878711566],
        "mean": [0.0365004055202, 1.01657497883, 4.26948404312, 6.91524362564, 9.42461490631, 13.8905420303, 17.8343791962, 14.6540050507, 11.0912160873, 13.5726232529, 18.3748950958, 23.7044277191, 15.9651250839, 13.1959314346, 22.6067256927, 26.2754516602, 46.4101867676, 43.4322662354, 28.3933773041, 19.8154373169, 10.7494440079, 10.6214313507, 8.49295139313, 5.41678857803, 6.85928440094, 13.3960886002, 21.7163906097, 17.2649593353, 12.5056524277, 8.88056659698, 7.02279233932, 4.3005027771, 3.3543047905, 1.89955317974, 0.946920275688, 0.278535276651, 0.0681857317686, 0.00986130535603, 0.00030161900213, 4.05636346841e-05],
        "median": [0.00449624797329, 0.093188919127, 0.865464448929, 1.63995635509, 2.57966899872, 8.07249546051, 9.46833705902, 6.66923475266, 3.8309943676, 3.80521154404, 5.36678266525, 6.74391222, 3.88737368584, 3.22684597969, 5.43536090851, 3.37495660782, 3.62600517273, 4.81760215759, 4.58309173584, 3.74928879738, 2.67681384087, 3.26250648499, 2.40629482269, 1.30890405178, 2.12551450729, 3.49890494347, 4.91250038147, 4.40436697006, 2.44005870819, 1.87165141106, 1.18508172035, 0.603359103203, 0.746329963207, 0.495849907398, 0.257316350937, 0.0589361339808, 0.00951230060309, 0.00110824301373, 4.74201406178e-05, 2.46257513936e-05],
        "min": [6.69169072178e-22, 6.98009412878e-21, 1.22211282614e-20, 3.45428135798e-20, 1.60442665797e-19, 8.92801044417e-20, 5.06088537504e-19, 9.30290640462e-19, 5.33851148705e-19, 4.47942806923e-19, 7.99169898868e-19, 2.15139130772e-18, 3.37039352117e-18, 3.41774444136e-18, 8.09070485658e-18, 3.32915319096e-18, 5.61986508169e-18, 9.26158728545e-18, 5.2695487156e-18, 6.24640104254e-18, 7.02258969265e-18, 9.69913770535e-18, 1.38235396489e-17, 1.29094951458e-17, 1.06560326457e-17, 1.27139422044e-17, 1.2725367223e-17, 1.5923049775e-17, 1.89153078121e-17, 1.96078813236e-17, 2.28852767896e-17, 1.94498037998e-17, 1.58138668972e-17, 1.33136646921e-17, 9.72144097621e-18, 5.88879349295e-18, 3.39469980988e-18, 1.23332877486e-18, 4.17197511681e-19, 4.15661133553e-20],
        "stdev": [0.125788345933, 3.35812759399, 11.9494504929, 15.6019582748, 21.0416507721, 17.1251049042, 23.3169498444, 19.3716526031, 17.8307418823, 27.215429306, 49.4284934998, 45.9080657959, 36.3930206299, 34.6050491333, 52.7378501892, 82.2004547119, 204.227432251, 153.000152588, 98.1100540161, 52.1325645447, 24.7846050262, 19.5819206238, 17.902885437, 17.0245933533, 14.1192216873, 25.5980033875, 42.12758255, 30.4973602295, 26.8113212585, 20.4923000336, 20.0152454376, 13.1037492752, 9.78300094604, 6.336373806, 3.55484509468, 1.10734963417, 0.244979217649, 0.0382896289229, 0.00115617818665, 5.46831324755e-05],
        "var": [0.0158227067441, 11.2770204544, 142.789367676, 243.421112061, 442.751098633, 293.269195557, 543.680114746, 375.260955811, 317.93536377, 740.67956543, 2443.17602539, 2107.55053711, 1324.45202637, 1197.50952148, 2781.28076172, 6756.91503906, 41708.84375, 23409.0449219, 9625.58300781, 2717.80419922, 614.276611328, 383.451629639, 320.513336182, 289.836761475, 199.352432251, 655.257751465, 1774.7331543, 930.088928223, 718.846923828, 419.934356689, 400.610046387, 171.708236694, 95.7070999146, 40.1496353149, 12.6369228363, 1.22622323036, 0.0600148178637, 0.00146609579679, 1.33674802782e-06, 2.99024516259e-09]
    },
    "gfcc": {
        "mean": [-21.0202331543, 77.9896774292, -102.317817688, 36.424785614, -72.4415817261, 16.0684280396, -45.5725631714, -1.56934165955, -29.7403450012, 6.65129375458, -23.6163349152, -3.6997885704, -6.93122911453],
        "cov": [[6953.77392578, -984.415222168, -884.748352051, -27.2758655548, -506.862854004, 186.430282593, -161.197891235, -62.4831161499, -216.29637146, 75.8773422241, -219.367034912, 22.470287323, -35.0011520386], [-984.415222168, 1723.28210449, 81.4683303833, -124.590919495, 338.309539795, -15.3649396896, 186.624511719, -64.7631607056, 12.6877355576, -177.700302124, 85.3118438721, -147.875610352, -28.1983108521], [-884.748352051, 81.4683303833, 746.553283691, 221.769668579, 178.432037354, -10.8973350525, -25.4042873383, 116.588432312, 85.5840377808, -88.7211227417, 20.2430610657, 67.1658782959, -85.1742324829], [-27.2758655548, -124.590919495, 221.769668579, 488.458984375, 69.9884109497, -35.7044563293, -22.9256229401, 78.1448135376, 121.097450256, -92.0197601318, -5.48992204666, 23.1487751007, -3.41806483269], [-506.862854004, 338.309539795, 178.432037354, 69.9884109497, 299.968139648, 45.6426887512, 85.0920791626, 41.4627037048, 19.8305702209, -16.0482273102, 20.9882335663, -42.0572471619, -31.3347644806], [186.430282593, -15.3649396896, -10.8973350525, -35.7044563293, 45.6426887512, 283.89855957, 137.278442383, -48.6053581238, -33.9537277222, 88.9711380005, 2.3933775425, -60.2594528198, 3.57300519943], [-161.197891235, 186.624511719, -25.4042873383, -22.9256229401, 85.0920791626, 137.278442383, 264.673065186, -8.42715835571, -40.2317733765, 53.6038475037, 38.7558937073, -59.9437332153, -15.7573471069], [-62.4831161499, -64.7631607056, 116.588432312, 78.1448135376, 41.4627037048, -48.6053581238, -8.42715835571, 172.831359863, 66.9135818481, -13.8899431229, 4.6625623703, 32.300579071, -25.4410247803], [-216.29637146, 12.6877355576, 85.5840377808, 121.097450256, 19.8305702209, -33.9537277222, -40.2317733765, 66.9135818481, 173.249420166, 1.68283641338, -14.8680458069, 12.1560106277, 5.21371555328], [75.8773422241, -177.700302124, -88.7211227417, -92.0197601318, -16.0482273102, 88.9711380005, 53.6038475037, -13.8899431229, 1.68283641338, 191.580245972, 13.3303899765, -29.4383621216, 20.8069725037], [-219.367034912, 85.3118438721, 20.2430610657, -5.48992204666, 20.9882335663, 2.3933775425, 38.7558937073, 4.6625623703, -14.8680458069, 13.3303899765, 110.605361938, 18.6972732544, 1.20009481907], [22.470287323, -147.875610352, 67.1658782959, 23.1487751007, -42.0572471619, -60.2594528198, -59.9437332153, 32.300579071, 12.1560106277, -29.4383621216, 18.6972732544, 132.769973755, 8.66939258575], [-35.0011520386, -28.1983108521, -85.1742324829, -3.41806483269, -31.3347644806, 3.57300519943, -15.7573471069, -25.4410247803, 5.21371555328, 20.8069725037, 1.20009481907, 8.66939258575, 101.231361389]],
        "icov": [[0.00025264263968, -6.29849091638e-05, 0.000374409777578, -0.000306032103254, 0.000298976694467, -0.000412228982896, 0.000314758683089, -0.000297645514365, 0.000468458427349, -0.000159242365044, 0.00044796205475, -0.00029976159567, 0.000484745571157], [-6.29849091638e-05, 0.00153618003242, -0.000152124586748, 0.00123662070837, -0.00149989558849, 0.0006198505871, -0.00102112244349, 0.0010282661533, -0.00155563908629, 0.00233509275131, -0.00138475524727, 0.00157136050984, -0.000584771391004], [0.000374409777578, -0.000152124586748, 0.00281730340794, -0.00105362234171, -0.000654345436487, -0.00124320911709, 0.00104641367216, -0.000963945523836, 0.000359277706593, 0.000118659081636, 0.000422779121436, -0.00175429414958, 0.00228622602299], [-0.000306032103254, 0.00123662070837, -0.00105362234171, 0.00431272154674, -0.00153448944911, 0.000689890061039, -0.00133751297835, 0.000715727859642, -0.00347799924202, 0.00340728554875, -0.00158063368872, 0.00166510324925, -0.00167493894696], [0.000298976694467, -0.00149989558849, -0.000654345436487, -0.00153448944911, 0.00654180720448, -0.00110032851808, 1.25217147797e-05, -0.00193732348271, 0.0017358888872, -0.00179915339686, 0.00106649298687, 0.000159367118613, 0.000916138349567], [-0.000412228982896, 0.0006198505871, -0.00124320911709, 0.000689890061039, -0.00110032851808, 0.00672843493521, -0.00332548632286, 0.00223599048331, -0.000707974133547, -0.00117785076145, -0.000149598272401, 0.00184503546916, -0.00140403513797], [0.000314758683089, -0.00102112244349, 0.00104641367216, -0.00133751297835, 1.25217147797e-05, -0.00332548632286, 0.00736510846764, -0.00183833611663, 0.00255160266533, -0.00202736607753, -0.000725711579435, 8.50613287184e-05, 0.00175194744952], [-0.000297645514365, 0.0010282661533, -0.000963945523836, 0.000715727859642, -0.00193732348271, 0.00223599048331, -0.00183833611663, 0.00920961517841, -0.003897117218, 0.000909638765734, -0.00116402423009, -0.00044146773871, 0.000811767356936], [0.000468458427349, -0.00155563908629, 0.000359277706593, -0.00347799924202, 0.0017358888872, -0.000707974133547, 0.00255160266533, -0.003897117218, 0.0108802821487, -0.00421544117853, 0.00305746658705, -0.00143871735781, 0.000286609691102], [-0.000159242365044, 0.00233509275131, 0.000118659081636, 0.00340728554875, -0.00179915339686, -0.00117785076145, -0.00202736607753, 0.000909638765734, -0.00421544117853, 0.0111614475027, -0.00336123351008, 0.00320391333662, -0.00210356083699], [0.00044796205475, -0.00138475524727, 0.000422779121436, -0.00158063368872, 0.00106649298687, -0.000149598272401, -0.000725711579435, -0.00116402423009, 0.00305746658705, -0.00336123351008, 0.0124571667984, -0.00415894342586, 0.000743289769161], [-0.00029976159567, 0.00157136050984, -0.00175429414958, 0.00166510324925, 0.000159367118613, 0.00184503546916, 8.50613287184e-05, -0.00044146773871, -0.00143871735781, 0.00320391333662, -0.00415894342586, 0.0125748850405, -0.0028112763539], [0.000484745571157, -0.000584771391004, 0.00228622602299, -0.00167493894696, 0.000916138349567, -0.00140403513797, 0.00175194744952, 0.000811767356936, 0.000286609691102, -0.00210356083699, 0.000743289769161, -0.0028112763539, 0.0132095022127]]
    },
    "melbands": {
        "dmean": [0.000755347777158, 0.00200183852576, 0.000963295111433, 0.000403139885748, 0.000295420992188, 0.000128644314827, 8.78740975168e-05, 8.05936797406e-05, 6.92167159286e-05, 6.42528320896e-05, 4.11681467085e-05, 2.94233323075e-05, 3.63476829079e-05, 2.95922582154e-05, 4.10736029153e-05, 5.22097252542e-05, 4.96153188578e-05, 2.86323102046e-05, 1.7407881387e-05, 1.26233535411e-05, 6.71783209327e-06, 5.52743995286e-06, 6.75038472764e-06, 3.20585422742e-06, 2.94798383038e-06, 3.14187468575e-06, 3.43901774613e-06, 5.09436722496e-06, 7.03737396179e-06, 7.63561001804e-06, 5.2601576499e-06, 4.85020200358e-06, 3.58498073183e-06, 3.48379808202e-06, 3.09081156047e-06, 2.28383009926e-06, 1.72744159954e-06, 1.59904664088e-06, 1.39221072004e-06, 1.03846150523e-06],
        "dmean2": [0.00126801116858, 0.00327802752145, 0.00155188236386, 0.000641510123387, 0.000454394554254, 0.000200575217605, 0.0001437234896, 0.000126543760416, 9.52380069066e-05, 9.19967860682e-05, 6.07149595453e-05, 4.40469557361e-05, 5.77671271458e-05, 4.34415160271e-05, 6.00360617682e-05, 8.02701761131e-05, 6.70323715894e-05, 4.25638863817e-05, 2.76980099443e-05, 1.98269135581e-05, 9.97734969133e-06, 8.34919683257e-06, 1.03702477645e-05, 5.05363641423e-06, 4.51294863524e-06, 4.83238864035e-06, 5.24014330949e-06, 7.4914914876e-06, 1.08034219011e-05, 1.16612682177e-05, 8.01493933977e-06, 7.3647120189e-06, 5.62984405406e-06, 5.18595834365e-06, 4.4268253987e-06, 3.1951967685e-06, 2.4602763915e-06, 2.25909116125e-06, 1.9819976842e-06, 1.47772971104e-06],
        "dvar": [6.36458207737e-06, 3.38362406183e-05, 7.07159369995e-06, 8.85530084815e-07, 2.999359765e-07, 4.59422970778e-08, 6.14148518707e-08, 3.90461138977e-08, 4.76693315932e-08, 3.26936380191e-08, 1.51664920622e-08, 1.12831664012e-08, 1.14513003524e-08, 1.13814593306e-08, 2.40541524477e-08, 5.38373328141e-08, 3.40429160417e-08, 1.08108260122e-08, 4.17078949155e-09, 1.17431953051e-09, 3.40434985757e-10, 1.49690426721e-10, 2.05299888201e-10, 1.26718871507e-10, 1.06888838058e-10, 8.17251821772e-11, 5.95515511903e-11, 1.22665391733e-10, 2.75618167178e-10, 3.33023247867e-10, 1.55330817653e-10, 1.64779731526e-10, 8.03953639772e-11, 8.5311445408e-11, 9.36080518654e-11, 7.10372247137e-11, 3.22814795728e-11, 2.55342240407e-11, 2.16671767334e-11, 1.59985028697e-11],
        "dvar2": [1.66966256074e-05, 8.36869439809e-05, 1.75018158188e-05, 2.23081087825e-06, 6.63593482386e-07, 1.02713165973e-07, 1.68943984136e-07, 9.05847556965e-08, 9.8595457132e-08, 7.16553429925e-08, 3.50643212244e-08, 2.09657571304e-08, 2.48889016063e-08, 2.79952043769e-08, 5.20133767168e-08, 1.23371492577e-07, 5.46180558558e-08, 2.43604159067e-08, 9.98982674361e-09, 2.65989519299e-09, 6.87183476789e-10, 3.31068727988e-10, 4.53073800699e-10, 3.37882222201e-10, 2.45846232261e-10, 1.82689072203e-10, 1.35146560609e-10, 2.57028287542e-10, 6.24920282188e-10, 7.45459305396e-10, 3.55061757773e-10, 4.06463945835e-10, 1.82283285688e-10, 1.99986902039e-10, 2.04530253844e-10, 1.58957416674e-10, 6.42491684855e-11, 4.36911791468e-11, 3.57815305163e-11, 2.83562739262e-11],
        "max": [0.0310539156199, 0.0520833991468, 0.0261983945966, 0.0110502801836, 0.00702212331817, 0.00380969420075, 0.00250563165173, 0.00267476169392, 0.00473209703341, 0.00371753051877, 0.00259208586067, 0.00277989311144, 0.00213942700066, 0.00160452839918, 0.00474117230624, 0.0046874107793, 0.00539992609993, 0.00277371401899, 0.00117982632946, 0.000587732996792, 0.000341765844496, 0.000213756924495, 0.000251652352745, 0.00019622677064, 0.000283236498944, 0.000155477900989, 0.000112113841169, 0.000156526628416, 0.000230995268794, 0.000257404142758, 0.000164414930623, 0.000166320984135, 0.000123339923448, 0.000100480458059, 0.000156738824444, 0.000171651336132, 0.000107144573121, 9.45115243667e-05, 0.000102930236608, 9.12222531042e-05],
        "mean": [0.000651316368021, 0.00198347494006, 0.00126760359854, 0.000819798791781, 0.000669271859806, 0.000333599105943, 0.000154874971486, 0.000160579758813, 0.000155646644998, 0.000136328526423, 7.4702562415e-05, 4.94912928843e-05, 7.63344505685e-05, 5.88058319408e-05, 8.61950757098e-05, 8.81138330442e-05, 8.21555004222e-05, 4.77868270536e-05, 2.63351921603e-05, 2.21926638915e-05, 1.18107564049e-05, 1.05664130388e-05, 1.2250009604e-05, 4.84875181428e-06, 4.13259022025e-06, 4.53892380392e-06, 5.9559820329e-06, 9.24978303374e-06, 1.28080291688e-05, 1.35905838761e-05, 8.77137699717e-06, 7.51431480239e-06, 5.31600062459e-06, 4.89547210236e-06, 4.31057378592e-06, 3.09738584292e-06, 2.41136513068e-06, 2.39280825554e-06, 2.10656389754e-06, 1.43468798797e-06],
        "median": [5.95843303017e-05, 0.000417075498262, 0.000363520550309, 0.000373033020878, 0.000387948501157, 0.000156302397954, 5.28336349817e-05, 4.19567550125e-05, 4.87288198201e-05, 3.66054591723e-05, 1.62619435287e-05, 1.07742225737e-05, 1.41067894219e-05, 8.46584862302e-06, 8.03601051302e-06, 6.39890868115e-06, 7.99789540906e-06, 6.9997790888e-06, 4.54402470496e-06, 4.22062703365e-06, 2.81378220279e-06, 3.19353034683e-06, 3.15416423291e-06, 1.13651969968e-06, 8.74439649579e-07, 1.05869344225e-06, 1.65061260304e-06, 2.14090982809e-06, 2.62713638222e-06, 3.30518309966e-06, 1.98392581297e-06, 1.3003686945e-06, 1.00776605905e-06, 8.89584669039e-07, 6.93111189776e-07, 4.2678593104e-07, 3.04652104433e-07, 4.37044917589e-07, 5.19289756085e-07, 3.20820532806e-07],
        "min": [8.20923367853e-24, 8.14563729007e-24, 9.9611186219e-24, 9.20169642794e-24, 1.41010133208e-23, 2.06582555124e-23, 7.39370296382e-24, 5.22547774506e-24, 6.42648770768e-24, 1.49508026869e-23, 1.66794840757e-23, 1.14280883056e-23, 3.07335065301e-23, 9.69982264654e-24, 9.24779114836e-24, 1.48042938619e-23, 1.63494215175e-23, 6.81518550809e-24, 8.89408958428e-24, 8.57885287795e-24, 7.84252379813e-24, 7.4722348558e-24, 1.71079112778e-23, 1.1706267482e-23, 1.04527351603e-23, 5.10895233973e-24, 1.01197711717e-23, 8.33880329335e-24, 7.61191293426e-24, 7.7346841458e-24, 1.08638634317e-23, 1.20594436647e-23, 8.62579799042e-24, 1.29597398503e-23, 1.30788491695e-23, 1.35988576007e-23, 1.0530038007e-23, 1.02013338673e-23, 1.23910807893e-23, 1.09913575535e-23],
        "stdev": [0.00220336322673, 0.00547824194655, 0.0027617609594, 0.00120403140318, 0.000819116597995, 0.000426522106864, 0.000257440056885, 0.000329231726937, 0.000386799452826, 0.000272662669886, 0.000179345210199, 0.000146781399962, 0.000175942186615, 0.000177921567229, 0.000330997630954, 0.000353351322701, 0.000284406996798, 0.000163994656759, 8.04260998848e-05, 5.56132181373e-05, 3.12180200126e-05, 2.06623008125e-05, 2.41695306613e-05, 1.27063758555e-05, 1.48992976392e-05, 1.10696719275e-05, 1.20075746963e-05, 1.81767736649e-05, 2.54908864008e-05, 2.60158922174e-05, 1.68057904375e-05, 1.65661313076e-05, 1.21972479974e-05, 1.18140469567e-05, 1.22163191918e-05, 9.9677581602e-06, 7.38948665457e-06, 7.19746640243e-06, 6.48484547128e-06, 5.04014224134e-06],
        "var": [4.85480904899e-06, 3.00111350953e-05, 7.62732315707e-06, 1.44969169469e-06, 6.70951976645e-07, 1.81921109288e-07, 6.62753762981e-08, 1.08393535925e-07, 1.49613811118e-07, 7.43449319884e-08, 3.21647029011e-08, 2.15447784058e-08, 3.09556540401e-08, 3.16560822e-08, 1.09559422867e-07, 1.24857166384e-07, 8.08873465985e-08, 2.68942468296e-08, 6.46835784934e-09, 3.09282999211e-09, 9.74564873246e-10, 4.26930685249e-10, 5.841662154e-10, 1.61451990666e-10, 2.21989066018e-10, 1.22537632818e-10, 1.44181860895e-10, 3.30395072412e-10, 6.49785281137e-10, 6.76826650281e-10, 2.82434603482e-10, 2.74436723346e-10, 1.48772869024e-10, 1.39571701419e-10, 1.49238454927e-10, 9.93562107587e-11, 5.46045118843e-11, 5.18035232766e-11, 4.20532185463e-11, 2.54030321084e-11]
    },
    "melbands128": {
