{
"lowlevel": {
    "average_loudness": 0.96376401186,
    "barkbands_crest": {
        "dmean": 3.65541172028,
        "dmean2": 5.88505125046,
        "dvar": 10.9588193893,
        "dvar2": 28.7788467407,
        "max": 24.9696750641,
        "mean": 10.7898511887,
        "median": 9.97671127319,
        "min": 2.57718443871,
        "stdev": 4.48850011826,
        "var": 20.1466350555
    },
    "barkbands_flatness_db": {
        "dmean": 0.0321484655142,
        "dmean2": 0.0502361543477,
        "dvar": 0.000871858908795,
        "dvar2": 0.00215793866664,
        "max": 0.3697026968,
        "mean": 0.181992173195,
        "median": 0.179667398334,
        "min": 0.0806011036038,
        "stdev": 0.0434819236398,
        "var": 0.0018906777259
    },
    "barkbands_kurtosis": {
        "dmean": 2.77402186394,
        "dmean2": 4.45285511017,
        "dvar": 25.7655258179,
        "dvar2": 67.1377868652,
        "max": 55.3626327515,
        "mean": 2.70819330215,
        "median": 0.584329605103,
        "min": -1.87361216545,
        "stdev": 6.1127538681,
        "var": 37.3657608032
    },
    "barkbands_skewness": {
        "dmean": 0.609400391579,
        "dmean2": 0.904741168022,
        "dvar": 0.407575964928,
        "dvar2": 0.933455526829,
        "max": 6.84737491608,
        "mean": 1.00146281719,
        "median": 0.809497773647,
        "min": -1.39330434799,
        "stdev": 1.17393553257,
        "var": 1.37812459469
    },
    "barkbands_spread": {
        "dmean": 7.36066675186,
        "dmean2": 11.2858371735,
        "dvar": 68.0578231812,
        "dvar2": 156.743560791,
        "max": 102.693778992,
        "mean": 21.168636322,
        "median": 18.3226642609,
        "min": 1.82680976391,
        "stdev": 12.7950563431,
        "var": 163.7134552
    },
    "dissonance": {
        "dmean": 0.0256096478552,
        "dmean2": 0.0437527410686,
        "dvar": 0.000588111113757,
        "dvar2": 0.00150671240408,
        "max": 0.499996602535,
        "mean": 0.456787616014,
        "median": 0.464330434799,
        "min": 0.156780317426,
        "stdev": 0.0325538143516,
        "var": 0.0010597507935
    },
    "dynamic_complexity": 3.30867528915,
    "erbbands_crest": {
        "dmean": 3.16556620598,
        "dmean2": 5.0376625061,
        "dvar": 8.2613992691,
        "dvar2": 19.2439136505,
        "max": 26.9017944336,
        "mean": 10.2917928696,
        "median": 9.44575119019,
        "min": 2.55421066284,
        "stdev": 4.17988109589,
        "var": 17.4714050293
    },
    "erbbands_flatness_db": {
        "dmean": 0.0260867327452,
        "dmean2": 0.0372741259634,
        "dvar": 0.000539538566954,
        "dvar2": 0.00113191478886,
        "max": 0.387368649244,
        "mean": 0.216540008783,
        "median": 0.215849161148,
        "min": 0.0966602563858,
        "stdev": 0.0460384972394,
        "var": 0.00211954326369
    },
    "erbbands_kurtosis": {
        "dmean": 1.10147714615,
        "dmean2": 1.72896325588,
        "dvar": 3.5207836628,
        "dvar2": 9.28524208069,
        "max": 36.8998794556,
        "mean": 0.334004074335,
        "median": -0.321739435196,
        "min": -1.83213984966,
        "stdev": 2.49852371216,
        "var": 6.24262094498
    },
    "erbbands_skewness": {
        "dmean": 0.446501255035,
        "dmean2": 0.67153352499,
        "dvar": 0.157875612378,
        "dvar2": 0.368909865618,
        "max": 3.48764061928,
        "mean": 0.321366637945,
        "median": 0.246490120888,
        "min": -2.03815960884,
        "stdev": 0.780640304089,
        "var": 0.609399318695
    },
    "erbbands_spread": {
        "dmean": 8.89691257477,
        "dmean2": 12.9265804291,
        "dvar": 106.987762451,
        "dvar2": 225.409225464,
        "max": 149.112045288,
        "mean": 34.1567802429,
        "median": 30.1635932922,
        "min": 1.98072552681,
        "stdev": 19.8653354645,
        "var": 394.631530762
    },
    "hfc": {
        "dmean": 6.62550497055,
        "dmean2": 8.95634269714,
        "dvar": 82.8904495239,
        "dvar2": 138.962280273,
        "max": 109.062423706,
        "mean": 16.7680873871,
        "median": 9.5664730072,
        "min": 0.000739599869121,
        "stdev": 18.2761554718,
        "var": 334.017883301
    },
    "loudness_ebu128": {
        "integrated": -9.25351333618,
        "loudness_range": 2.88884544373,
        "momentary": {
            "dmean": 0.964217543602,
            "dmean2": 1.26625597477,
            "dvar": 0.616835534573,
            "dvar2": 1.0090675354,
            "max": -4.56609725952,
            "mean": -9.85967063904,
            "median": -9.49270439148,
            "min": -17.1298980713,
            "stdev": 2.3927693367,
            "var": 5.7253446579
        },
        "short_term": {
            "dmean": 0.13404135406,
            "dmean2": 0.171693310142,
            "dvar": 0.0152241420001,
            "dvar2": 0.0176634639502,
            "max": -7.53150177002,
            "mean": -9.25568580627,
            "median": -8.96701526642,
            "min": -12.1841411591,
            "stdev": 1.08933579922,
            "var": 1.18665242195
        }
    },
    "melbands_crest": {
        "dmean": 4.15157461166,
        "dmean2": 6.75951957703,
        "dvar": 13.0690031052,
        "dvar2": 33.7999839783,
        "max": 29.7150096893,
        "mean": 13.2196445465,
        "median": 12.2387075424,
        "min": 4.26869916916,
        "stdev": 4.91669559479,
        "var": 24.1738967896
    },
    "melbands_flatness_db": {
        "dmean": 0.0396054759622,
        "dmean2": 0.0588130764663,
        "dvar": 0.00144875980914,
        "dvar2": 0.00348485447466,
        "max": 0.451494812965,
        "mean": 0.194495797157,
        "median": 0.187837541103,
        "min": 0.0472365953028,
        "stdev": 0.0607572197914,
        "var": 0.00369143974967
    },
    "melbands_kurtosis": {
        "dmean": 5.60883712769,
        "dmean2": 8.85255527496,
        "dvar": 101.373748779,
        "dvar2": 258.112792969,
        "max": 140.916290283,
        "mean": 8.05781650543,
        "median": 3.67242860794,
        "min": -1.57187497616,
        "stdev": 12.4887580872,
        "var": 155.969070435
    },
    "melbands_skewness": {
        "dmean": 0.746480047703,
        "dmean2": 1.09389865398,
        "dvar": 0.658951580524,
        "dvar2": 1.45278918743,
        "max": 10.3625001907,
        "mean": 1.82214438915,
        "median": 1.57325530052,
        "min": -2.00733590126,
        "stdev": 1.54109632969,
        "var": 2.37497782707
    },
    "melbands_spread": {
        "dmean": 10.4990262985,
        "dmean2": 16.2634887695,
        "dvar": 113.74571991,
        "dvar2": 287.958374023,
        "max": 102.7552948,
        "mean": 28.7586307526,
        "median": 26.5825042725,
        "min": 1.81247735023,
        "stdev": 17.4487361908,
        "var": 304.458404541
    },
    "pitch_salience": {
        "dmean": 0.0907543897629,
        "dmean2": 0.143247649074,
        "dvar": 0.00669829780236,
        "dvar2": 0.0163854584098,
        "max": 0.843904793262,
        "mean": 0.559888124466,
        "median": 0.565843880177,
        "min": 0.162344038486,
        "stdev": 0.118976823986,
        "var": 0.014155484736
    },
    "silence_rate_20dB": {
        "dmean": 0,
        "dmean2": 0,
        "dvar": 0,
        "dvar2": 0,
        "max": 1,
        "mean": 1,
        "median": 1,
        "min": 1,
        "stdev": 0,
        "var": 0
    },
    "silence_rate_30dB": {
        "dmean": 0,
        "dmean2": 0,
        "dvar": 0,
        "dvar2": 0,
        "max": 1,
        "mean": 1,
        "median": 1,
        "min": 1,
        "stdev": 0,
        "var": 0
    },
    "silence_rate_60dB": {
        "dmean": 0.133126929402,
        "dmean2": 0.265685528517,
        "dvar": 0.11540363729,
        "dvar2": 0.216783761978,
        "max": 1,
        "mean": 0.204176336527,
        "median": 0,
        "min": 0,
        "stdev": 0.403097450733,
        "var": 0.162487566471
    },
    "spectral_centroid": {
        "dmean": 330.324310303,
        "dmean2": 470.068603516,
        "dvar": 108119.304688,
        "dvar2": 226812.671875,
        "max": 3324.38769531,
        "mean": 1719.9197998,
        "median": 1794.90405273,
        "min": 279.036560059,
        "stdev": 732.813598633,
        "var": 537015.8125
    },
    "spectral_complexity": {
        "dmean": 3.52786374092,
        "dmean2": 5.25948858261,
        "dvar": 16.2878780365,
        "dvar2": 35.2363853455,
        "max": 38,
        "mean": 12.0471773148,
        "median": 12,
        "min": 0,
        "stdev": 6.22757959366,
        "var": 38.782749176
    },
    "spectral_decrease": {
        "dmean": 1.52313150981e-09,
        "dmean2": 2.32146768475e-09,
        "dvar": 5.08025670422e-18,
        "dvar2": 1.13420780477e-17,
        "max": -1.82189062014e-13,
        "mean": -3.10041392559e-09,
        "median": -2.05658179375e-09,
        "min": -1.7631924365e-08,
        "stdev": 3.0107925042e-09,
        "var": 9.06487215526e-18
    },
    "spectral_energy": {
        "dmean": 0.00626128166914,
        "dmean2": 0.00943150836974,
        "dvar": 8.09653138276e-05,
        "dvar2": 0.000175845299964,
        "max": 0.0742883980274,
        "mean": 0.0132225900888,
        "median": 0.00867837294936,
        "min": 7.54707627948e-07,
        "stdev": 0.0127316750586,
        "var": 0.000162095544511
    },
    "spectral_energyband_high": {
        "dmean": 0.000313723343424,
        "dmean2": 0.000504090567119,
        "dvar": 2.23927600018e-07,
        "dvar2": 5.64431729799e-07,
        "max": 0.00325444061309,
        "mean": 0.00046004151227,
        "median": 0.000238015883951,
        "min": 2.77976353047e-09,
        "stdev": 0.000574888719711,
        "var": 3.30497073264e-07
    },
    "spectral_energyband_low": {
        "dmean": 0.00237427931279,
        "dmean2": 0.00400156294927,
        "dvar": 4.55394510936e-05,
        "dvar2": 0.000115002010716,
        "max": 0.048143286258,
        "mean": 0.00195459229872,
        "median": 0.000341543869581,
        "min": 3.60801593047e-08,
        "stdev": 0.00595635920763,
        "var": 3.5478213249e-05
    },
    "spectral_energyband_middle_high": {
        "dmean": 0.00321370642632,
        "dmean2": 0.00434010755271,
        "dvar": 3.42213752447e-05,
        "dvar2": 6.32597657386e-05,
        "max": 0.0686195492744,
        "mean": 0.00744108622894,
        "median": 0.00249080150388,
        "min": 5.5383623021e-07,
        "stdev": 0.0103252660483,
        "var": 0.000106611114461
    },
    "spectral_energyband_middle_low": {
        "dmean": 0.00185273145325,
        "dmean2": 0.00290750851855,
        "dvar": 8.5125784608e-06,
        "dvar2": 1.97905537789e-05,
        "max": 0.0357402786613,
        "mean": 0.00357165886089,
        "median": 0.00259519112296,
        "min": 3.09055998571e-08,
        "stdev": 0.00354662607424,
        "var": 1.25785563796e-05
    },
    "spectral_entropy": {
        "dmean": 0.327559858561,
        "dmean2": 0.464853405952,
        "dvar": 0.0912927538157,
        "dvar2": 0.193723544478,
        "max": 8.4140663147,
        "mean": 7.09553766251,
        "median": 7.05147314072,
        "min": 5.63296794891,
        "stdev": 0.479757994413,
        "var": 0.230167731643
    },
    "spectral_flux": {
        "dmean": 0.0281634647399,
        "dmean2": 0.0419670194387,
        "dvar": 0.00093720795121,
        "dvar2": 0.00204399065115,
        "max": 0.276175826788,
        "mean": 0.0627573654056,
        "median": 0.0528616644442,
        "min": 0.000868739094585,
        "stdev": 0.0413800850511,
        "var": 0.0017123115249
    },
    "spectral_kurtosis": {
        "dmean": 2.76064753532,
        "dmean2": 4.56912660599,
        "dvar": 7.94512796402,
        "dvar2": 22.3974723816,
        "max": 28.4401683807,
        "mean": 5.05467700958,
        "median": 4.33628129959,
        "min": -1.2163516283,
        "stdev": 3.56989598274,
        "var": 12.7441568375
    },
    "spectral_rms": {
        "dmean": 0.000830566743389,
        "dmean2": 0.00116332166363,
        "dvar": 9.5038217296e-07,
        "dvar2": 1.77024082859e-06,
        "max": 0.00851331185549,
        "mean": 0.00318840146065,
        "median": 0.00290976045653,
        "min": 2.7134850825e-05,
        "stdev": 0.00165354122873,
        "var": 2.7341986879e-06
    },
    "spectral_rolloff": {
        "dmean": 761.41394043,
        "dmean2": 1297.71350098,
        "dvar": 1424276.375,
        "dvar2": 3250454.5,
        "max": 10529.7363281,
        "mean": 2100.10693359,
        "median": 1894.921875,
        "min": 86.1328125,
        "stdev": 1509.78637695,
        "var": 2279455
    },
    "spectral_skewness": {
        "dmean": 0.346409440041,
        "dmean2": 0.562505602837,
        "dvar": 0.108913265169,
        "dvar2": 0.287726610899,
        "max": 3.87412452698,
        "mean": 1.44520699978,
        "median": 1.37459015846,
        "min": 0.303056210279,
        "stdev": 0.486836701632,
        "var": 0.237009987235
    },
    "spectral_spread": {
        "dmean": 644909.4375,
        "dmean2": 913728.5625,
        "dvar": 758803333120,
        "dvar2": 1.21925323981e+12,
        "max": 16245935,
        "mean": 3808960.5,
        "median": 3505134.25,
        "min": 1590106.5,
        "stdev": 1580486.375,
        "var": 2.49793714586e+12
    },
    "spectral_strongpeak": {
        "dmean": 0.865250885487,
        "dmean2": 1.29959106445,
        "dvar": 1.56943941116,
        "dvar2": 3.47148680687,
        "max": 10.8217592239,
        "mean": 1.71197617054,
        "median": 0.698857545853,
        "min": 0,
        "stdev": 2.03020429611,
        "var": 4.12172985077
    },
    "zerocrossingrate": {
        "dmean": 0.0118778571486,
        "dmean2": 0.0138844344765,
        "dvar": 0.000137755108881,
        "dvar2": 0.000157743823365,
        "max": 0.2646484375,
        "mean": 0.0662061050534,
        "median": 0.06640625,
        "min": 0.00927734375,
        "stdev": 0.0295786894858,
        "var": 0.000874898920301
    },
    "barkbands": {
        "dmean": [7.92296777945e-05, 0.00201313919388, 0.000385579041904, 0.000204092182685, 0.00039917891263, 0.000378905184334, 0.000246857642196, 0.000305533059873, 0.000757564499509, 0.00114629452582, 0.000979531789199, 0.000690414512064, 0.000146883699927, 0.000577688973863, 0.00033501064172, 0.000366445281543, 0.000206625307328, 0.00022683548741, 0.000389380642446, 0.000198256253498, 0.00010618246597, 3.14621211146e-05, 3.48820940417e-05, 7.66651937738e-05, 1.99413207156e-05, 8.13013016909e-08, 8.46796499587e-09],
        "dmean2": [0.000145470025018, 0.00343702198006, 0.000723447999917, 0.000355312164174, 0.000614388729446, 0.000625826593023, 0.000396593881305, 0.000461885589175, 0.00122051883955, 0.00191077089403, 0.00143895461224, 0.000869992712978, 0.000231458572671, 0.000815636711195, 0.000491740182042, 0.000526975723915, 0.00031633375329, 0.000320284161717, 0.000518562912475, 0.000271557539236, 0.000164970100741, 5.17776570632e-05, 6.19012862444e-05, 0.000140904914588, 3.08529743052e-05, 1.47197795286e-07, 1.50137076105e-08],
        "dvar": [3.44780062278e-08, 3.82579310099e-05, 1.08641893348e-06, 1.2465775967e-07, 3.56203912588e-07, 2.89535421416e-07, 5.62874618026e-07, 9.5237220421e-07, 4.88396835863e-06, 1.39637259053e-05, 1.24305543068e-05, 2.74329090644e-06, 1.07728695298e-07, 2.54796464105e-06, 1.33486855702e-06, 9.44056921526e-07, 3.81160305096e-07, 1.46189876205e-07, 4.55479664652e-07, 1.1149096224e-07, 2.8955227549e-08, 3.26637339398e-09, 5.96806559727e-09, 3.42878472281e-08, 1.75534797808e-09, 1.33580971805e-13, 1.28153120304e-15],
        "dvar2": [9.8398949433e-08, 9.91348060779e-05, 3.15600595968e-06, 3.30907397483e-07, 6.78978210544e-07, 7.07679419065e-07, 1.28680312628e-06, 1.79417611434e-06, 1.17658319141e-05, 3.57234966941e-05, 2.63374367933e-05, 4.20164678872e-06, 2.34857807868e-07, 5.04777835886e-06, 2.87702050628e-06, 1.8364017933e-06, 7.20125285625e-07, 3.0688232755e-07, 8.29551140669e-07, 1.77069978236e-07, 6.50662812518e-08, 8.32484836621e-09, 1.63631899142e-08, 9.69061204614e-08, 3.82310894054e-09, 3.80877133218e-13, 3.59305955214e-15],
        "max": [0.00137689244002, 0.045774102211, 0.00810687616467, 0.00299601419829, 0.00821125227958, 0.00583368074149, 0.0146108763292, 0.0279658511281, 0.0258526224643, 0.043739836663, 0.0495210438967, 0.0351016521454, 0.00526325404644, 0.0225737281144, 0.0234242510051, 0.0146932965145, 0.0102183176205, 0.00512922462076, 0.00809966679662, 0.00711946189404, 0.00203958759084, 0.000420867931098, 0.000565639638808, 0.00119341991376, 0.000765993550885, 6.15495264356e-06, 6.19391471446e-07],
        "mean": [6.15485041635e-05, 0.00148176925723, 0.00029514459311, 0.000239733562921, 0.000792782520875, 0.000697762938216, 0.000368620530935, 0.000444163219072, 0.000864964560606, 0.00120509183034, 0.00132268283051, 0.00125612400007, 0.000215826003114, 0.000988496583886, 0.000432296073996, 0.000481955736177, 0.000271623488516, 0.000398764794227, 0.000721840071492, 0.000401131430408, 0.000140181844472, 3.05402827507e-05, 2.61870045506e-05, 5.62653367524e-05, 2.70377095148e-05, 5.97729297169e-08, 6.62255095207e-09],
        "median": [1.93327450688e-05, 0.000100000303064, 8.42757581268e-05, 0.000116114839329, 0.000422416109359, 0.000454169145087, 7.66527518863e-05, 8.64991161507e-05, 7.99652843853e-05, 9.7307463875e-05, 4.69091719424e-05, 0.000180193717824, 4.00952485506e-05, 8.0376623373e-05, 3.08566850435e-05, 6.89223816153e-05, 5.86428432143e-05, 0.000131606619107, 0.000182882024092, 0.00014263796038, 3.81510108127e-05, 5.05556545249e-06, 2.61559466708e-06, 1.18301450129e-05, 9.18181103771e-06, 2.26060545283e-10, 1.97221308729e-10],
        "min": [1.5965275324e-08, 1.92194882231e-08, 7.08024128215e-09, 2.9734303908e-09, 1.13667530943e-09, 4.34751040723e-10, 2.22270113426e-09, 1.02118082879e-08, 5.10897413264e-09, 5.1638387788e-08, 6.9134287628e-08, 2.2396271504e-08, 9.40396827076e-09, 3.40930417231e-09, 4.44445813486e-09, 3.21065751763e-09, 1.51843859708e-09, 9.51643541747e-10, 1.59598756433e-09, 4.68626693007e-09, 5.86121207125e-10, 3.38574224212e-10, 2.58611632109e-10, 3.4111694025e-10, 1.78211820301e-11, 7.7048502127e-14, 7.30656447888e-14],
        "stdev": [0.000153804547153, 0.00529008870944, 0.000799363420811, 0.000358950725058, 0.00105639058165, 0.000747532700188, 0.000926731678192, 0.00139738037251, 0.00245278095827, 0.00379603914917, 0.00464231939986, 0.00316135911271, 0.000481888098875, 0.00245157559402, 0.00133884057868, 0.00131092895754, 0.00083269336028, 0.00062267848989, 0.0011784080416, 0.00064331345493, 0.000228922610404, 5.82706670684e-05, 6.41972001176e-05, 0.000143990080687, 5.62894965697e-05, 2.94594457273e-07, 2.99504279155e-08],
        "var": [2.36558381772e-08, 2.79850410152e-05, 6.38981873635e-07, 1.28845627501e-07, 1.1159610267e-06, 5.58805140827e-07, 8.58831640471e-07, 1.95267193703e-06, 6.01613464823e-06, 1.44099140016e-05, 2.15511281567e-05, 9.99419080472e-06, 2.32216137874e-07, 6.01022338742e-06, 1.79249411758e-06, 1.71853469055e-06, 6.93378240157e-07, 3.87728533724e-07, 1.38864550081e-06, 4.13852205838e-07, 5.24055643325e-08, 3.39547079342e-09, 4.12128020599e-09, 2.07331449786e-08, 3.16850723436e-09, 8.67858912447e-14, 8.97028219933e-16]
    },
    "erbbands": {
        "dmean": [0.0614168308675, 0.435532331467, 0.503145456314, 0.566776752472, 0.91062438488, 1.43944144249, 2.36623454094, 3.49638032913, 3.2144715786, 4.73480606079, 7.65774965286, 11.4986391068, 37.9802284241, 31.3149299622, 33.0815124512, 20.1891345978, 8.69419765472, 20.8026180267, 19.2879333496, 21.6688690186, 18.205701828, 13.5096178055, 9.41046905518, 17.9576759338, 14.1649932861, 9.25115966797, 4.93252038956, 3.44403123856, 1.27218699455, 1.55304527283, 0.714961349964, 2.44477081299, 0.596419513226, 0.33151319623, 0.0868114456534, 0.00238552363589, 0.000232789447182, 4.36575610365e-05, 5.77932860324e-06, 7.91807815403e-06],
        "dmean2": [0.10621663183, 0.739738881588, 0.911969721317, 1.00853741169, 1.41043531895, 2.24003458023, 3.8054163456, 5.76145792007, 5.21773052216, 7.53716516495, 11.4444103241, 18.4909133911, 63.1749000549, 48.1670227051, 47.7428207397, 25.1802883148, 11.9666051865, 29.1944026947, 27.8367519379, 30.7409477234, 26.0854110718, 20.1515426636, 12.68227005, 23.9372692108, 17.9887504578, 12.7726345062, 7.38373374939, 5.70386075974, 2.14050030708, 2.78465604782, 1.22554206848, 4.63105869293, 0.998744904995, 0.516711890697, 0.141960471869, 0.00391595903784, 0.000398370815674, 7.45932484278e-05, 8.87145961315e-06, 1.17606323329e-05],
        "dvar": [0.0369275063276, 1.75240421295, 1.97170639038, 1.19638168812, 2.50809073448, 4.04000806808, 11.8445549011, 28.110124588, 86.3510971069, 260.357971191, 427.069671631, 903.113098145, 10926.1054688, 4799.43212891, 11713.7363281, 1985.03466797, 428.826293945, 3306.41601562, 3619.36499023, 6707.29101562, 2425.49023438, 1581.65270996, 213.359344482, 856.30078125, 554.26159668, 218.469650269, 67.2882003784, 38.0733833313, 5.59826374054, 11.9307384491, 2.16876983643, 39.6795845032, 1.35837376118, 0.446706295013, 0.0491458550096, 3.18116399285e-05, 4.70701252198e-07, 2.46328220044e-08, 6.51295822829e-11, 1.14013271046e-10],
        "dvar2": [0.0966462269425, 4.54107570648, 5.52310323715, 3.3454580307, 4.80716609955, 8.51669502258, 27.9367866516, 69.3658828735, 188.047012329, 616.064331055, 818.191345215, 2193.47021484, 28297.6699219, 10356.0380859, 25758.1796875, 2805.14648438, 677.165710449, 6117.4609375, 8108.63134766, 14252.4277344, 4676.67626953, 2917.59326172, 401.577667236, 1649.99963379, 814.231140137, 373.943756104, 148.001953125, 95.9471893311, 14.6374588013, 32.7648239136, 5.83777666092, 113.046524048, 3.60418319702, 0.956565082073, 0.125386968255, 8.1824757217e-05, 1.30502087359e-06, 6.86939927164e-08, 1.49777648617e-10, 2.37927705315e-10],
        "max": [1.38011705875, 9.7509803772, 10.4288902283, 9.23048782349, 22.1290130615, 28.4711322784, 44.526927948, 50.0425643921, 206.810287476, 282.483612061, 540.787963867, 314.452178955, 1032.90026855, 719.584777832, 1525.68615723, 810.234130859, 420.89932251, 1034.17932129, 894.705627441, 1672.74963379, 1013.2265625, 654.490722656, 185.73399353, 378.626678467, 333.789215088, 189.100112915, 111.205764771, 69.6241912842, 16.246963501, 22.8246593475, 10.9370718002, 40.9395294189, 7.88165330887, 11.4567518234, 4.17347764969, 0.103277765214, 0.0112134804949, 0.00304898200557, 0.0001086218399, 9.60932957241e-05],
        "mean": [0.0441999137402, 0.322726368904, 0.394154191017, 0.655764997005, 1.55283141136, 2.69607925415, 4.84052705765, 5.64294528961, 4.58858442307, 7.58591651917, 10.8426675797, 13.1479358673, 41.0357284546, 42.5405426025, 45.9336547852, 38.4789085388, 17.4778995514, 36.5576858521, 31.3841323853, 29.1483535767, 25.3681430817, 19.3008594513, 17.0137653351, 35.6260528564, 30.6077308655, 18.6330757141, 8.15309238434, 3.58060669899, 1.21519649029, 1.155143857, 0.593486845493, 1.56900525093, 0.589159488678, 0.432040780783, 0.111663006246, 0.0029820795171, 0.000238821987296, 4.18714080297e-05, 1.12755515147e-05, 1.7372007278e-05],
        "median": [0.0023451235611, 0.0250323284417, 0.0885413959622, 0.341176450253, 0.667184233665, 1.34717011452, 2.97631382942, 3.12127304077, 1.60390460491, 1.51363325119, 2.87107777596, 2.42540764809, 4.05262613297, 6.17647361755, 6.78679656982, 7.30379629135, 3.22539591789, 3.15551996231, 2.98954987526, 3.335044384, 5.13647794724, 5.53837394714, 6.33724069595, 11.5804109573, 8.52908039093, 6.63161087036, 3.83257699013, 0.977323353291, 0.241963043809, 0.114768542349, 0.0840211212635, 0.228836745024, 0.183325454593, 0.14653980732, 0.0351741798222, 0.000959711440373, 6.35253818473e-05, 9.59452972893e-06, 7.89086061559e-06, 1.15035863928e-05],
        "min": [7.81579387876e-07, 3.55561246579e-06, 8.13765109342e-06, 9.9940398286e-06, 6.56175097902e-06, 2.79511618828e-06, 3.88307080357e-06, 3.3278124647e-06, 1.46668644447e-05, 0.000105053302832, 0.000238649125095, 0.000149444385897, 0.000970308727119, 0.00270372745581, 0.00218169926666, 0.000981325283647, 0.000457492162241, 0.000256607920164, 0.000137679569889, 0.000310672097839, 0.000155459376401, 8.41193177621e-05, 5.83792752877e-05, 6.38734782115e-05, 0.000134869100293, 0.000231933503528, 3.26568952005e-05, 2.09280897252e-05, 1.21423036035e-05, 8.97275731404e-06, 7.64413471188e-06, 7.68596328271e-06, 5.29719682163e-06, 2.81932625512e-06, 1.30685373279e-06, 8.20798049972e-07, 2.42072985657e-07, 5.12242088746e-08, 3.3690174206e-08, 4.20621892872e-09],
        "stdev": [0.161529019475, 1.13728177547, 1.12920057774, 0.985972046852, 2.61384701729, 3.39895439148, 5.42033195496, 6.6230969429, 11.1134738922, 20.0759925842, 28.2932720184, 32.8423728943, 105.207839966, 88.8894271851, 141.183532715, 94.0168762207, 44.7921905518, 95.08934021, 81.8572692871, 91.199432373, 69.1024627686, 54.6300468445, 24.8891544342, 52.7507247925, 48.9847717285, 27.6722927094, 11.7033195496, 6.58844184875, 2.26070070267, 2.87638449669, 1.29492592812, 4.75340509415, 1.07456564903, 0.873601138592, 0.260302126408, 0.0065224529244, 0.000607961788774, 0.000133115172503, 1.12732868729e-05, 1.63063123182e-05],
        "var": [0.026091625914, 1.29340970516, 1.27509403229, 0.972140848637, 6.83219575882, 11.5528907776, 29.3799972534, 43.8654136658, 123.509307861, 403.045471191, 800.509277344, 1078.62145996, 11068.6894531, 7901.33007812, 19932.7910156, 8839.17285156, 2006.34033203, 9041.98242188, 6700.61230469, 8317.3359375, 4775.14990234, 2984.44189453, 619.469970703, 2782.63891602, 2399.5078125, 765.755737305, 136.967681885, 43.4075660706, 5.11076784134, 8.27358818054, 1.67683315277, 22.5948581696, 1.15469121933, 0.763178944588, 0.0677571967244, 4.25423932029e-05, 3.69617509932e-07, 1.77196497475e-08, 1.27086993706e-10, 2.65895805374e-10]
    },
    "gfcc": {
        "mean": [-72.6110992432, 108.077316284, -158.61555481, 40.9163742065, -69.991104126, 5.62377119064, -40.4428215027, 9.10648918152, -35.1696128845, -11.9172973633, 4.7665643692, -19.9276542664, 13.1875],
        "cov": [[5138.63671875, -1447.64331055, -1199.99768066, 66.8427963257, 261.046356201, 421.826873779, 300.0625, 401.648132324, -62.6321601868, 78.6491012573, -153.523880005, 143.390090942, -37.5093078613], [-1447.64331055, 1114.25439453, 367.315704346, 19.780954361, 202.46244812, -83.8495635986, 153.154968262, -179.200057983, 135.716049194, -22.6597595215, 144.473587036, -118.112747192, 33.3130760193], [-1199.99768066, 367.315704346, 984.362609863, 260.651641846, -209.80670166, 56.3264198303, -94.7689361572, 61.322227478, 115.681938171, 26.2425117493, 13.6589260101, 37.0894851685, 35.1062927246], [66.8427963257, 19.780954361, 260.651641846, 419.32144165, 3.05946612358, -20.8259925842, 35.8846359253, 100.492218018, 108.797225952, 2.79264092445, -2.64714336395, 62.9689331055, 26.3132610321], [261.046356201, 202.46244812, -209.80670166, 3.05946612358, 487.588897705, 48.1358528137, 131.798736572, 29.8807353973, -25.2441101074, 70.9805984497, 72.2537536621, -41.5750427246, 5.21533870697], [421.826873779, -83.8495635986, 56.3264198303, -20.8259925842, 48.1358528137, 376.766784668, 75.6156311035, -32.8473205566, 74.0557632446, 15.785902977, 19.1201286316, 34.4535980225, -34.8421478271], [300.0625, 153.154968262, -94.7689361572, 35.8846359253, 131.798736572, 75.6156311035, 270.140228271, 28.253528595, 45.8734512329, 10.8998060226, 52.6871414185, 14.4317951202, 6.13743209839], [401.648132324, -179.200057983, 61.322227478, 100.492218018, 29.8807353973, -32.8473205566, 28.253528595, 296.222015381, -1.42140030861, 66.737121582, -42.4452819824, 27.7903194427, 49.6172409058], [-62.6321601868, 135.716049194, 115.681938171, 108.797225952, -25.2441101074, 74.0557632446, 45.8734512329, -1.42140030861, 215.844009399, -11.3789863586, -3.47845602036, 38.5576324463, -15.3301067352], [78.6491012573, -22.6597595215, 26.2425117493, 2.79264092445, 70.9805984497, 15.785902977, 10.8998060226, 66.737121582, -11.3789863586, 152.370162964, 39.436164856, -9.87825489044, 6.60038995743], [-153.523880005, 144.473587036, 13.6589260101, -2.64714336395, 72.2537536621, 19.1201286316, 52.6871414185, -42.4452819824, -3.47845602036, 39.436164856, 136.288162231, -4.56955194473, -4.96488857269], [143.390090942, -118.112747192, 37.0894851685, 62.9689331055, -41.5750427246, 34.4535980225, 14.4317951202, 27.7903194427, 38.5576324463, -9.87825489044, -4.56955194473, 125.729812622, 13.0538330078], [-37.5093078613, 33.3130760193, 35.1062927246, 26.3132610321, 5.21533870697, -34.8421478271, 6.13743209839, 49.6172409058, -15.3301067352, 6.60038995743, -4.96488857269, 13.0538330078, 105.700332642]],
        "icov": [[0.000669744680636, 0.000495999236591, 0.000789099955, -0.000505673117004, 1.31625608901e-06, -0.00077353278175, -0.000468749582069, -0.000593609292991, 5.76037673454e-05, -8.57907070895e-05, 0.000274063553661, 0.000104579004983, 9.63633192441e-06], [0.000495999236591, 0.00546541949734, -0.00286224810407, 0.00176577316597, -0.00303696235642, 0.00278585008346, -0.00367629551329, 0.00294755445793, -0.00399982370436, 0.00167541368864, -0.0018936872948, 0.00407154345885, -0.00241395365447], [0.000789099955, -0.00286224810407, 0.00487992586568, -0.00302864424884, 0.00281552970409, -0.00370445125736, 0.00241530174389, -0.00318926619366, 0.00238261022605, -0.00157190661412, 0.000960049510468, -0.00206661177799, 0.00105614378117], [-0.000505673117004, 0.00176577316597, -0.00302864424884, 0.00514470320195, -0.0019157496281, 0.00282163941301, -0.00144060235471, 0.00095242302632, -0.00316504039802, 0.00133196962997, -0.00105824554339, 0.000238089938648, -0.000970914086793], [1.31625608901e-06, -0.00303696235642, 0.00281552970409, -0.0019157496281, 0.00491345487535, -0.00250889197923, 0.00112424371764, -0.00224328855984, 0.00272806384601, -0.00198841583915, 0.000161430594744, -0.00114634551574, 0.00108669057954], [-0.00077353278175, 0.00278585008346, -0.00370445125736, 0.00282163941301, -0.00250889197923, 0.00656097335741, -0.00259251846001, 0.00338669400662, -0.00363501929678, 0.000742579402868, -0.00121694942936, 0.00128814438358, -0.000567118113395], [-0.000468749582069, -0.00367629551329, 0.00241530174389, -0.00144060235471, 0.00112424371764, -0.00259251846001, 0.00789176672697, -0.00277046998963, 0.00146512896754, -0.00014588952763, -0.00102254247759, -0.0027220947668, 0.000990697415546], [-0.000593609292991, 0.00294755445793, -0.00318926619366, 0.00095242302632, -0.00224328855984, 0.00338669400662, -0.00277046998963, 0.00803682394326, -0.00216155219823, -0.00157552852761, 0.00117832561955, 0.00168218766339, -0.00306966644712], [5.76037673454e-05, -0.00399982370436, 0.00238261022605, -0.00316504039802, 0.00272806384601, -0.00363501929678, 0.00146512896754, -0.00216155219823, 0.00961884204298, -0.00132841267623, 0.0024322012905, -0.00400638440624, 0.00296142580919], [-8.57907070895e-05, 0.00167541368864, -0.00157190661412, 0.00133196962997, -0.00198841583915, 0.000742579402868, -0.00014588952763, -0.00157552852761, -0.00132841267623, 0.00973785389215, -0.00397520279512, 0.00205414742231, -0.000518191140145], [0.000274063553661, -0.0018936872948, 0.000960049510468, -0.00105824554339, 0.000161430594744, -0.00121694942936, -0.00102254247759, 0.00117832561955, 0.0024322012905, -0.00397520279512, 0.011560046114, -0.00236062309705, 0.00117130554281], [0.000104579004983, 0.00407154345885, -0.00206661177799, 0.000238089938648, -0.00114634551574, 0.00128814438358, -0.0027220947668, 0.00168218766339, -0.00400638440624, 0.00205414742231, -0.00236062309705, 0.0129940398037, -0.00319435191341], [9.63633192441e-06, -0.00241395365447, 0.00105614378117, -0.000970914086793, 0.00108669057954, -0.000567118113395, 0.000990697415546, -0.00306966644712, 0.00296142580919, -0.000518191140145, 0.00117130554281, -0.00319435191341, 0.0121700884774]]
    },
    "melbands": {
        "dmean": [0.000568422430661, 0.000349175476003, 9.74613576545e-05, 8.23651280371e-05, 7.68231475377e-05, 7.56433146307e-05, 4.75983797514e-05, 5.50297882e-05, 6.55682670185e-05, 8.9437016868e-05, 0.00020166982722, 0.00013612647308, 0.000133995214128, 7.35738649382e-05, 4.66762394353e-05, 1.44274508784e-05, 4.51642627013e-05, 3.71760143025e-05, 2.84911493509e-05, 3.01492818835e-05, 1.83870124602e-05, 1.64447174029e-05, 5.8785976762e-06, 1.26978411572e-05, 1.52658358274e-05, 1.78225400305e-05, 7.99813096819e-06, 6.53380448057e-06, 3.72302474716e-06, 2.2622373308e-06, 1.79745688911e-06, 7.93434367097e-07, 5.07415961692e-07, 1.04059279238e-06, 3.92563066498e-07, 5.47286617802e-07, 1.78523544037e-06, 3.23781307543e-07, 2.97825692996e-07, 2.92753924214e-07],
        "dmean2": [0.000976993702352, 0.000597801990807, 0.000170342071215, 0.00012385766604, 0.000122690253193, 0.00012382667046, 7.78887915658e-05, 8.4865198005e-05, 9.92385612335e-05, 0.000144802281284, 0.000335396965966, 0.000212247381569, 0.000196640452486, 9.65847939369e-05, 5.92390242673e-05, 2.26227421081e-05, 6.31420116406e-05, 5.41808112757e-05, 4.11138862546e-05, 4.27479390055e-05, 2.69989268418e-05, 2.48374453804e-05, 9.17398301681e-06, 1.77764832188e-05, 2.08089422813e-05, 2.36530340771e-05, 1.15162101793e-05, 9.29557882046e-06, 5.67810002394e-06, 3.56328928319e-06, 3.07286018142e-06, 1.35002335355e-06, 8.48274908094e-07, 1.8942977249e-06, 6.57593204778e-07, 1.00284728433e-06, 3.39044959219e-06, 5.25646441929e-07, 4.6191439651e-07, 4.62169680304e-07],
        "dvar": [3.11662370223e-06, 9.5312486792e-07, 2.99856210972e-08, 2.0383261301e-08, 1.01528847551e-08, 1.21283694199e-08, 1.78967418663e-08, 3.39368000368e-08, 2.87520336428e-08, 6.99642654922e-08, 3.15782926918e-07, 1.01073965197e-07, 2.5713873697e-07, 4.614056337e-08, 2.73987783572e-08, 1.49923906623e-09, 1.65027387311e-08, 1.80138393091e-08, 7.5532557986e-09, 9.70960112312e-09, 3.30214144917e-09, 2.91975466027e-09, 1.67205041479e-10, 5.24217724784e-10, 6.98008761901e-10, 1.10560061106e-09, 2.26770283107e-10, 1.16836124109e-10, 4.278623289e-11, 1.46410453206e-11, 1.1380751376e-11, 2.28533316403e-12, 9.60858454434e-13, 5.84144017879e-12, 6.47464612306e-13, 1.61011969816e-12, 2.15694545558e-11, 3.5423335272e-13, 3.27719324117e-13, 3.82327199414e-13],
        "dvar2": [8.09405719338e-06, 2.49299341704e-06, 8.25484960387e-08, 3.54661864321e-08, 2.48545859449e-08, 2.99580662499e-08, 3.99902226889e-08, 7.55831592869e-08, 5.95589142449e-08, 1.6847153006e-07, 8.15773262275e-07, 2.33524104942e-07, 5.57600912998e-07, 8.02814810186e-08, 3.94964914108e-08, 3.27384586107e-09, 3.00242604112e-08, 3.93131998067e-08, 1.61735052018e-08, 1.95250873247e-08, 6.39090069754e-09, 5.26984278437e-09, 3.9851097422e-10, 1.05336106504e-09, 1.38691846896e-09, 1.80092829538e-09, 4.14405343374e-10, 2.22485696533e-10, 9.51451070708e-11, 3.34541283564e-11, 2.97110530623e-11, 6.00291431146e-12, 2.4354671925e-12, 1.62074763332e-11, 1.70735203319e-12, 4.53709335727e-12, 6.15000064763e-11, 9.06696592806e-13, 7.39691131697e-13, 8.17884009217e-13],
        "max": [0.0129612274468, 0.00648709898815, 0.00145442876965, 0.00215377914719, 0.00123496551532, 0.000981037737802, 0.00273523596115, 0.00349152344279, 0.00350822508335, 0.00295438827015, 0.00560106150806, 0.00369045510888, 0.00737419398502, 0.00492574740201, 0.00341396452859, 0.000602947198786, 0.00232849479653, 0.00208592554554, 0.00154960015789, 0.00141229655128, 0.00128405424766, 0.000936605210882, 0.000298162951367, 0.000318915699609, 0.000348077825038, 0.000469764578156, 0.000338041776558, 0.000131309803692, 9.17943543755e-05, 4.96125940117e-05, 2.73446948995e-05, 1.15764332804e-05, 8.63520108396e-06, 1.58974235092e-05, 6.7435080382e-06, 8.68855477165e-06, 3.04491932184e-05, 4.17588489654e-06, 1.04353275674e-05, 1.15397851914e-05],
        "mean": [0.000416210328694, 0.000280251959339, 0.000132409084472, 0.000161997333635, 0.000157511225552, 0.000127851017169, 6.9215107942e-05, 8.84945839061e-05, 8.69770374265e-05, 9.97497700155e-05, 0.000216357875615, 0.000177908746991, 0.000182777104783, 0.000110105611384, 9.88317988231e-05, 1.89393340406e-05, 7.96565000201e-05, 5.74636251258e-05, 3.8557620428e-05, 3.78408185497e-05, 2.39250457525e-05, 2.20204710786e-05, 8.34987076814e-06, 2.1696128897e-05, 2.88522151095e-05, 3.38865065714e-05, 1.41868385981e-05, 1.16559731396e-05, 5.80049618293e-06, 2.71876547231e-06, 1.63212212101e-06, 7.15746523383e-07, 4.74990770272e-07, 7.19936963378e-07, 3.33177808898e-07, 4.03079440048e-07, 1.12755799364e-06, 3.49115026665e-07, 3.56274171054e-07, 3.7989775592e-07],
        "median": [2.65028975264e-05, 4.94595078635e-05, 7.00333184795e-05, 7.72455969127e-05, 0.000101303419797, 7.80471382313e-05, 2.21836671699e-05, 1.32002851387e-05, 1.85560656973e-05, 9.80223285296e-06, 1.32635004775e-05, 1.76802022906e-05, 1.32653294713e-05, 1.42352910188e-05, 8.97171321412e-06, 2.59411854131e-06, 6.1961522988e-06, 3.95917004425e-06, 2.7008077268e-06, 4.48080572824e-06, 3.57933026862e-06, 4.44495708507e-06, 3.12031397698e-06, 5.93425966144e-06, 8.387145499e-06, 8.08623371995e-06, 4.06603612646e-06, 3.79615266866e-06, 2.2130986963e-06, 7.5785072795e-07, 3.20285010957e-07, 1.19844870028e-07, 6.14092954265e-08, 4.43714149867e-08, 3.52325812969e-08, 7.15181300848e-08, 1.51397799186e-07, 1.15136273848e-07, 1.21611563486e-07, 1.24064072793e-07],
        "min": [6.92747370579e-09, 4.34167368724e-09, 1.62542457272e-09, 3.01259878155e-10, 1.27298713237e-10, 7.37317013e-11, 2.77054573727e-10, 1.40134437387e-09, 1.89965621011e-09, 6.67111865749e-10, 4.56409221528e-09, 1.07229158886e-08, 8.8132043885e-09, 2.36435337975e-09, 1.03571751175e-09, 8.39044556056e-10, 4.04199534954e-10, 1.92102028729e-10, 3.73041375568e-10, 3.06168812525e-10, 1.6501364164e-10, 9.52418352518e-11, 5.56061897916e-11, 4.14396503223e-11, 5.05675189222e-11, 6.87808698885e-11, 2.06090963739e-10, 1.20856727404e-10, 1.6305724132e-11, 1.19755776476e-11, 1.21369581052e-11, 7.39150927964e-12, 2.32024143822e-12, 4.99687227359e-12, 2.94823735737e-13, 5.84531988784e-13, 5.38199779881e-12, 4.3956947457e-12, 1.85190946779e-13, 1.64494177828e-13],
        "stdev": [0.0015005923342, 0.000842906942125, 0.000174675762537, 0.00025237936643, 0.000161441916134, 0.000141057214933, 0.00015765245189, 0.00024152318656, 0.000216066531721, 0.000290991010843, 0.000569229072426, 0.000378682278097, 0.000657853728626, 0.00033483793959, 0.000358408724423, 4.72457359137e-05, 0.000214449057239, 0.000184514676221, 0.000109219450678, 0.000119293392345, 8.01419082563e-05, 7.39883398637e-05, 1.60391064128e-05, 3.59825935448e-05, 4.55286062788e-05, 6.07829533692e-05, 2.56565454038e-05, 1.82440271601e-05, 9.10163089429e-06, 4.75511478726e-06, 3.26186227539e-06, 1.41644079577e-06, 1.00611657672e-06, 1.94373183149e-06, 7.35410480956e-07, 9.97704660222e-07, 3.49770311914e-06, 5.9620782622e-07, 6.58365649997e-07, 8.24074732009e-07],
        "var": [2.25177745961e-06, 7.10492145117e-07, 3.05116216737e-08, 6.36953458866e-08, 2.60634926974e-08, 1.9897136383e-08, 2.48542946224e-08, 5.83334518467e-08, 4.66847431824e-08, 8.46757757245e-08, 3.24021755205e-07, 1.43400257002e-07, 4.32771514625e-07, 1.121164388e-07, 1.28456818516e-07, 2.23215956829e-09, 4.59884006432e-08, 3.40456658421e-08, 1.19288889877e-08, 1.42309133366e-08, 6.4227250185e-09, 5.47427392306e-09, 2.57252913416e-10, 1.2947469763e-09, 2.07285388854e-09, 3.69456731875e-09, 6.58258281216e-10, 3.32844557471e-10, 8.28396795605e-11, 2.26111161045e-11, 1.06397451613e-11, 2.00630462764e-12, 1.01227056251e-12, 3.77809328961e-12, 5.40828612363e-13, 9.95414579756e-13, 1.22339274128e-11, 3.55463759556e-13, 4.33445353177e-13, 6.79099138035e-13]
    },
    "melbands128": {
