{
"lowlevel": {
    "average_loudness": 0.95007443428,
    "barkbands_crest": {
        "dmean": 3.01879119873,
        "dmean2": 4.13304042816,
        "dvar": 8.50884056091,
        "dvar2": 15.0290985107,
        "max": 26.4426040649,
        "mean": 12.1051511765,
        "median": 10.854724884,
        "min": 2.4915702343,
        "stdev": 6.04552793503,
        "var": 36.5484085083
    },
    "barkbands_flatness_db": {
        "dmean": 0.0273040793836,
        "dmean2": 0.0351318158209,
        "dvar": 0.000677572039422,
        "dvar2": 0.0010684755398,
        "max": 0.392703413963,
        "mean": 0.113464027643,
        "median": 0.0977807715535,
        "min": 0.0263919513673,
        "stdev": 0.0550117902458,
        "var": 0.00302629708312
    },
    "barkbands_kurtosis": {
        "dmean": 5.11547756195,
        "dmean2": 7.27411842346,
        "dvar": 209.05279541,
        "dvar2": 429.876403809,
        "max": 275.952484131,
        "mean": 5.82941818237,
        "median": 0.922934770584,
        "min": -1.82095253468,
        "stdev": 17.591835022,
        "var": 309.472686768
    },
    "barkbands_skewness": {
        "dmean": 0.751234412193,
        "dmean2": 0.996448993683,
        "dvar": 0.873092114925,
        "dvar2": 1.49618554115,
        "max": 15.5910358429,
        "mean": 1.75781774521,
        "median": 1.28959786892,
        "min": -1.74917006493,
        "stdev": 1.75856304169,
        "var": 3.09254407883
    },
    "barkbands_spread": {
        "dmean": 10.482749939,
        "dmean2": 14.6956586838,
        "dvar": 135.483886719,
        "dvar2": 274.348602295,
        "max": 104.385070801,
        "mean": 34.8476295471,
        "median": 33.7047157288,
        "min": 0.725782454014,
        "stdev": 18.7731876373,
        "var": 352.432556152
    },
    "dissonance": {
        "dmean": 0.0174209475517,
        "dmean2": 0.0294974576682,
        "dvar": 0.000543055473827,
        "dvar2": 0.00129470205866,
        "max": 0.499840885401,
        "mean": 0.470202296972,
        "median": 0.475769668818,
        "min": 0,
        "stdev": 0.0245573278517,
        "var": 0.000603062333539
    },
    "dynamic_complexity": 1.76370322704,
    "erbbands_crest": {
        "dmean": 2.11004400253,
        "dmean2": 3.33485913277,
        "dvar": 4.26829576492,
        "dvar2": 10.206656456,
        "max": 23.6103630066,
        "mean": 7.1692905426,
        "median": 6.24183034897,
        "min": 2.19794344902,
        "stdev": 3.71054720879,
        "var": 13.76816082
    },
    "erbbands_flatness_db": {
        "dmean": 0.0130142383277,
        "dmean2": 0.0184048600495,
        "dvar": 0.000147738610394,
        "dvar2": 0.000258683809079,
        "max": 0.273506700993,
        "mean": 0.115105628967,
        "median": 0.11197090894,
        "min": 0.0505665466189,
        "stdev": 0.0313854664564,
        "var": 0.000985047430731
    },
    "erbbands_kurtosis": {
        "dmean": 0.506232857704,
        "dmean2": 0.7795586586,
        "dvar": 0.328390479088,
        "dvar2": 0.760644495487,
        "max": 6.75876998901,
        "mean": -0.337333887815,
        "median": -0.604251384735,
        "min": -1.61291313171,
        "stdev": 0.926648139954,
        "var": 0.858676731586
    },
    "erbbands_skewness": {
        "dmean": 0.311258286238,
        "dmean2": 0.474736362696,
        "dvar": 0.0906132981181,
        "dvar2": 0.202949151397,
        "max": 2.52294826508,
        "mean": 0.18045681715,
        "median": 0.156707182527,
        "min": -1.48132872581,
        "stdev": 0.576557815075,
        "var": 0.332418948412
    },
    "erbbands_spread": {
        "dmean": 9.43383026123,
        "dmean2": 13.9925613403,
        "dvar": 78.8944015503,
        "dvar2": 180.486694336,
        "max": 138.845474243,
        "mean": 54.4346733093,
        "median": 51.782535553,
        "min": 17.0404224396,
        "stdev": 18.1304702759,
        "var": 328.713928223
    },
    "hfc": {
        "dmean": 21.6997032166,
        "dmean2": 31.1210002899,
        "dvar": 1046.16906738,
        "dvar2": 2245.96240234,
        "max": 240.110931396,
        "mean": 47.4868850708,
        "median": 34.9118804932,
        "min": 1.11651833231e-16,
        "stdev": 40.0484809875,
        "var": 1603.88085938
    },
    "loudness_ebu128": {
        "integrated": -7.74718856812,
        "loudness_range": 4.11285400391,
        "momentary": {
            "dmean": 0.394611358643,
            "dmean2": 0.604317843914,
            "dvar": 0.113480783999,
            "dvar2": 0.306435078382,
            "max": -5.85087299347,
            "mean": -8.06518936157,
            "median": -7.16020965576,
            "min": -13.2102489471,
            "stdev": 1.77131021023,
            "var": 3.13753986359
        },
        "short_term": {
            "dmean": 0.0569348856807,
            "dmean2": 0.0781729444861,
            "dvar": 0.00196794420481,
            "dvar2": 0.00445325067267,
            "max": -6.58875846863,
            "mean": -7.93677139282,
            "median": -6.99899101257,
            "min": -10.9828910828,
            "stdev": 1.51259195805,
            "var": 2.2879345417
        }
    },
    "melbands_crest": {
        "dmean": 3.93774652481,
        "dmean2": 5.94991445541,
        "dvar": 13.4762134552,
        "dvar2": 31.9763355255,
        "max": 34.367061615,
        "mean": 17.6097335815,
        "median": 17.1176624298,
        "min": 2.5382835865,
        "stdev": 7.38244152069,
        "var": 54.5004425049
    },
    "melbands_flatness_db": {
        "dmean": 0.0332628563046,
        "dmean2": 0.0422342829406,
        "dvar": 0.00107176555321,
        "dvar2": 0.00174899247941,
        "max": 0.486939400434,
        "mean": 0.16154743731,
        "median": 0.143494620919,
        "min": 0.00465158093721,
        "stdev": 0.0798674747348,
        "var": 0.00637881318107
    },
    "melbands_kurtosis": {
        "dmean": 13.8932294846,
        "dmean2": 19.067029953,
        "dvar": 852.830810547,
        "dvar2": 1499.83728027,
        "max": 436.184661865,
        "mean": 24.0680656433,
        "median": 9.54997158051,
        "min": -1.48630642891,
        "stdev": 42.5386352539,
        "var": 1809.53552246
    },
    "melbands_skewness": {
        "dmean": 1.00307810307,
        "dmean2": 1.35317337513,
        "dvar": 1.50289309025,
        "dvar2": 2.57177186012,
        "max": 17.5629768372,
        "mean": 3.52780890465,
        "median": 2.75667929649,
        "min": -0.0013212118065,
        "stdev": 2.50287008286,
        "var": 6.26435899734
    },
    "melbands_spread": {
        "dmean": 12.3754358292,
        "dmean2": 18.2878704071,
        "dvar": 313.555358887,
        "dvar2": 699.176574707,
        "max": 196.674636841,
        "mean": 33.3187675476,
        "median": 27.8888492584,
        "min": 0.577227592468,
        "stdev": 27.371629715,
        "var": 749.206115723
    },
    "pitch_salience": {
        "dmean": 0.0858637243509,
        "dmean2": 0.122181497514,
        "dvar": 0.00792127288878,
        "dvar2": 0.0160419810563,
        "max": 0.96817278862,
        "mean": 0.477579712868,
        "median": 0.493700474501,
        "min": 0.0323507338762,
        "stdev": 0.171103596687,
        "var": 0.0292764417827
    },
    "silence_rate_20dB": {
        "dmean": 0,
        "dmean2": 0,
        "dvar": 0,
        "dvar2": 0,
        "max": 1,
        "mean": 1,
        "median": 1,
        "min": 1,
        "stdev": 0,
        "var": 0
    },
    "silence_rate_30dB": {
        "dmean": 0.0804953575134,
        "dmean2": 0.161115407944,
        "dvar": 0.0740158930421,
        "dvar2": 0.149098649621,
        "max": 1,
        "mean": 0.83758699894,
        "median": 1,
        "min": 0,
        "stdev": 0.368829667568,
        "var": 0.136035323143
    },
    "silence_rate_60dB": {
        "dmean": 0.00232198135927,
        "dmean2": 0.00464755995199,
        "dvar": 0.0023166409228,
        "dvar2": 0.00462585920468,
        "max": 1,
        "mean": 0.00309358071536,
        "median": 0,
        "min": 0,
        "stdev": 0.0555335693061,
        "var": 0.0030839771498
    },
    "spectral_centroid": {
        "dmean": 346.464660645,
        "dmean2": 502.328613281,
        "dvar": 159104.96875,
        "dvar2": 269107.65625,
        "max": 10936.7685547,
        "mean": 1938.63818359,
        "median": 1885.6619873,
        "min": 282.969726562,
        "stdev": 657.081359863,
        "var": 431755.9375
    },
    "spectral_complexity": {
        "dmean": 6.23142433167,
        "dmean2": 8.71649837494,
        "dvar": 40.6345329285,
        "dvar2": 66.4587097168,
        "max": 63,
        "mean": 24.6821346283,
        "median": 22,
        "min": 0,
        "stdev": 11.0503425598,
        "var": 122.110076904
    },
    "spectral_decrease": {
        "dmean": 3.82859699499e-09,
        "dmean2": 4.95461627281e-09,
        "dvar": 2.52059204176e-17,
        "dvar2": 3.39515488329e-17,
        "max": -7.69995458451e-29,
        "mean": -1.3610916838e-08,
        "median": -8.8526821429e-09,
        "min": -5.35342721264e-08,
        "stdev": 1.16994742783e-08,
        "var": 1.3687769201e-16
    },
    "spectral_energy": {
        "dmean": 0.0144939022139,
        "dmean2": 0.0192306283861,
        "dvar": 0.000363206316251,
        "dvar2": 0.000484816613607,
        "max": 0.203323245049,
        "mean": 0.0556779578328,
        "median": 0.0400281585753,
        "min": 1.04177630505e-20,
        "stdev": 0.0446443110704,
        "var": 0.00199311436154
    },
    "spectral_energyband_high": {
        "dmean": 0.00228254776448,
        "dmean2": 0.00325609813444,
        "dvar": 1.36275657496e-05,
        "dvar2": 3.01523177768e-05,
        "max": 0.0271360948682,
        "mean": 0.0038234659005,
        "median": 0.00222569843754,
        "min": 7.30849856446e-21,
        "stdev": 0.0043675461784,
        "var": 1.90754581126e-05
    },
    "spectral_energyband_low": {
        "dmean": 0.0139894234017,
        "dmean2": 0.0164370574057,
        "dvar": 0.000410258042393,
        "dvar2": 0.00054003536934,
        "max": 0.20206874609,
        "mean": 0.0363115817308,
        "median": 0.0160619001836,
        "min": 6.58269967963e-23,
        "stdev": 0.0434180125594,
        "var": 0.00188512390014
    },
    "spectral_energyband_middle_high": {
        "dmean": 0.00249573029578,
        "dmean2": 0.0037835824769,
        "dvar": 1.12011384772e-05,
        "dvar2": 2.15661257243e-05,
        "max": 0.0311894603074,
        "mean": 0.00680441968143,
        "median": 0.00533277727664,
        "min": 1.78061269532e-21,
        "stdev": 0.00519636459649,
        "var": 2.70022028417e-05
    },
    "spectral_energyband_middle_low": {
        "dmean": 0.0051988158375,
        "dmean2": 0.00888499617577,
        "dvar": 8.74155666679e-05,
        "dvar2": 0.000232685459196,
        "max": 0.0666686296463,
        "mean": 0.00953347515315,
        "median": 0.007184445858,
        "min": 3.31117965727e-22,
        "stdev": 0.0089755570516,
        "var": 8.05606250651e-05
    },
    "spectral_entropy": {
        "dmean": 0.152940228581,
        "dmean2": 0.214039698243,
        "dvar": 0.0234684050083,
        "dvar2": 0.0453341826797,
        "max": 9.79568004608,
        "mean": 8.09025478363,
        "median": 8.0986700058,
        "min": 7.02546691895,
        "stdev": 0.285061627626,
        "var": 0.08126013726
    },
    "spectral_flux": {
        "dmean": 0.0384613536298,
        "dmean2": 0.0550120063126,
        "dvar": 0.00143644819036,
        "dvar2": 0.00233694934286,
        "max": 0.3781658113,
        "mean": 0.11890784651,
        "median": 0.0999671667814,
        "min": 1.02067444774e-10,
        "stdev": 0.0668161809444,
        "var": 0.00446440232918
    },
    "spectral_kurtosis": {
        "dmean": 0.5611718297,
        "dmean2": 0.887715160847,
        "dvar": 0.582536518574,
        "dvar2": 1.39991104603,
        "max": 12.7695913315,
        "mean": 1.5839138031,
        "median": 1.41060256958,
        "min": -1.21723163128,
        "stdev": 1.08465445042,
        "var": 1.17647528648
    },
    "spectral_rms": {
        "dmean": 0.000954437360633,
        "dmean2": 0.00129106221721,
        "dvar": 1.30201783577e-06,
        "dvar2": 1.8077112145e-06,
        "max": 0.014084180817,
        "mean": 0.0067385439761,
        "median": 0.0062491488643,
        "min": 3.18805138538e-12,
        "stdev": 0.00298530049622,
        "var": 8.91201852937e-06
    },
    "spectral_rolloff": {
        "dmean": 1161.56066895,
        "dmean2": 1745.19055176,
        "dvar": 2735316.75,
        "dvar2": 4919440.5,
        "max": 18389.3554688,
        "mean": 2680.36645508,
        "median": 1873.38867188,
        "min": 64.599609375,
        "stdev": 2709.17407227,
        "var": 7339624
    },
    "spectral_skewness": {
        "dmean": 0.140128046274,
        "dmean2": 0.21776637435,
        "dvar": 0.0251402668655,
        "dvar2": 0.0545227192342,
        "max": 2.52276086807,
        "mean": 1.14085578918,
        "median": 1.12705719471,
        "min": 0.00414998224005,
        "stdev": 0.255990743637,
        "var": 0.0655312538147
    },
    "spectral_spread": {
        "dmean": 666113.125,
        "dmean2": 988522.6875,
        "dvar": 1.27662424064e+12,
        "dvar2": 1.60750855782e+12,
        "max": 39900004,
        "mean": 6821036.5,
        "median": 6595005.5,
        "min": 2794026.75,
        "stdev": 1578655.5,
        "var": 2.49215320064e+12
    },
    "spectral_strongpeak": {
        "dmean": 0.379243701696,
        "dmean2": 0.599622488022,
        "dvar": 0.256173044443,
        "dvar2": 0.608738481998,
        "max": 4.0957493782,
        "mean": 0.859673798084,
        "median": 0.582766830921,
        "min": 0,
        "stdev": 0.800904452801,
        "var": 0.64144796133
    },
    "zerocrossingrate": {
        "dmean": 0.0216612443328,
        "dmean2": 0.0230165421963,
        "dvar": 0.000597792735789,
        "dvar2": 0.000715542468242,
        "max": 0.48681640625,
        "mean": 0.0986252576113,
        "median": 0.09228515625,
        "min": 0.00390625,
        "stdev": 0.0586182139814,
        "var": 0.00343609484844
    },
    "barkbands": {
        "dmean": [0.000698490184732, 0.014237716794, 0.00391774345189, 0.00149048783351, 0.00192064512521, 0.0013027144596, 0.000748180144001, 0.000396852148697, 0.00113711436279, 0.000803137605544, 0.000541254528798, 0.00049209559802, 0.000484372023493, 0.000443338096375, 0.0003343775752, 0.000303534703562, 0.000236279869569, 0.00021805477445, 0.000310402712785, 0.000294428085908, 0.00030096937553, 0.00039216526784, 0.00051788619021, 0.000483774230815, 0.000464477576315, 0.000191770552192, 7.40022642276e-06],
        "dmean2": [0.00102205749135, 0.0172138456255, 0.00614741165191, 0.00279149855487, 0.00342758349143, 0.00222327001393, 0.00124783243518, 0.000671273621265, 0.00178705400322, 0.00128512969241, 0.000842871901114, 0.000784841249697, 0.000800674431957, 0.000743695243727, 0.0005194019177, 0.000479308364447, 0.000367371714674, 0.000345611944795, 0.000490926555358, 0.000451376137789, 0.000459795526695, 0.000580412801355, 0.000782176386565, 0.000713380926754, 0.000684044673108, 0.000281832064502, 1.23021682157e-05],
        "dvar": [1.05390995486e-06, 0.000495775137097, 8.48254858283e-05, 2.27560703934e-05, 1.66221689142e-05, 5.26319081473e-06, 2.20117817662e-06, 5.88145951497e-07, 4.03658441428e-06, 1.52841062118e-06, 8.75923831245e-07, 7.77336481406e-07, 6.18776311967e-07, 5.59778641218e-07, 2.69481773785e-07, 1.9941496987e-07, 1.65554794762e-07, 9.04363446352e-08, 1.76734758384e-07, 1.61097929663e-07, 1.87805497376e-07, 3.47088473518e-07, 7.00086900451e-07, 6.39912741462e-07, 7.23071764241e-07, 1.38652481496e-07, 2.78142731069e-10],
        "dvar2": [2.18850550482e-06, 0.000629106769338, 0.000214432264329, 6.57529744785e-05, 4.61651179648e-05, 1.43883580677e-05, 5.75540343561e-06, 1.50859966652e-06, 9.65266372077e-06, 3.37977621712e-06, 1.85064675406e-06, 1.68883946117e-06, 1.51925382852e-06, 1.48245544551e-06, 6.21922879418e-07, 4.99019847666e-07, 3.61242570079e-07, 1.99102075271e-07, 4.2954607693e-07, 3.38026893587e-07, 4.47494812761e-07, 7.55336031943e-07, 1.53937196501e-06, 1.47498190017e-06, 1.6884746401e-06, 3.13043017286e-07, 7.053558293e-10],
        "max": [0.0124785378575, 0.19912584126, 0.107626140118, 0.0388648062944, 0.0308675915003, 0.021971244365, 0.023389922455, 0.00744076678529, 0.0193219352514, 0.0144468434155, 0.0111047066748, 0.00988786667585, 0.00821446254849, 0.00737906666473, 0.00580471148714, 0.00439948216081, 0.0064280196093, 0.00251089292578, 0.00393455242738, 0.00424613710493, 0.0032482794486, 0.00468797842041, 0.00601365603507, 0.00618101190776, 0.00629928987473, 0.00361993047409, 0.000141557029565],
        "mean": [0.00122805871069, 0.0292160604149, 0.00526736909524, 0.00112710485701, 0.00209031417035, 0.0018024375895, 0.00132222229149, 0.000617978861555, 0.00220455392264, 0.00143918034155, 0.000844780064654, 0.00077062525088, 0.000741131778341, 0.000552457873709, 0.000523757829797, 0.000546343158931, 0.000380582991056, 0.000383315171348, 0.000554140831809, 0.000537675223313, 0.000455616565887, 0.000624913838692, 0.000732341723051, 0.000811223755591, 0.000651140289847, 0.00024629762629, 6.34997468296e-06],
        "median": [0.000364856910892, 0.011204036884, 0.000570361386053, 0.00021163225756, 0.000800907728262, 0.000952328729909, 0.000602046493441, 0.000312745338306, 0.000793303945102, 0.000645567430183, 0.000281413202174, 0.000313121709041, 0.000343180348864, 0.000271764263744, 0.000266302813543, 0.000337100966135, 0.000234441438806, 0.000265491573373, 0.000433541717939, 0.000370722525986, 0.000273887038929, 0.000356606818968, 0.000416347116698, 0.00050022918731, 0.000292341224849, 7.82307834015e-05, 7.47596402562e-07],
        "min": [1.40716030086e-23, 2.31519931397e-23, 1.54801551756e-23, 2.98363602661e-23, 4.39713908469e-23, 2.66613781384e-23, 3.38292838676e-23, 1.14990991977e-22, 6.49467037567e-23, 5.69947775728e-23, 5.9814336842e-23, 7.4455311253e-23, 1.20556399352e-22, 1.32508071206e-22, 1.56188047372e-22, 2.91531259429e-22, 2.10256068945e-22, 2.81676329373e-22, 1.89222853645e-22, 4.05092418926e-22, 3.3177629224e-22, 5.596322645e-22, 5.57915147812e-22, 9.50484141121e-22, 1.05215192874e-21, 1.66148717606e-21, 2.17375734252e-21],
        "stdev": [0.00169043487404, 0.0401058234274, 0.00937052909285, 0.00358920427971, 0.00368368625641, 0.00233427505009, 0.00185425777454, 0.000890774012078, 0.00315329059958, 0.0019983460661, 0.00158599275164, 0.00119558139704, 0.00105035712477, 0.000771460239775, 0.000679266115185, 0.000604512053542, 0.000484489457449, 0.000380945333745, 0.000499878427945, 0.000520704837982, 0.000495850283187, 0.000717192655429, 0.00093911413569, 0.000930675654672, 0.000962040212471, 0.000430134678027, 1.57241411216e-05],
        "var": [2.85757005258e-06, 0.0016084772069, 8.78068094607e-05, 1.28823867271e-05, 1.35695445351e-05, 5.44884051124e-06, 3.43827196048e-06, 7.93478363903e-07, 9.94324091153e-06, 3.99338659918e-06, 2.51537289842e-06, 1.42941496506e-06, 1.10325015612e-06, 5.95150936533e-07, 4.61402493102e-07, 3.65434829064e-07, 2.34730023863e-07, 1.45119358308e-07, 2.49878439718e-07, 2.7113352985e-07, 2.45867482818e-07, 5.14365297022e-07, 8.81935307007e-07, 8.66157165547e-07, 9.2552136266e-07, 1.85015835541e-07, 2.47248610474e-10]
    },
    "erbbands": {
        "dmean": [0.564753770828, 2.8888862133, 4.28907823563, 4.73730897903, 5.15892934799, 6.45233535767, 10.5797185898, 10.2546901703, 11.0752830505, 11.6493139267, 9.4396905899, 24.7117061615, 29.4514350891, 26.10638237, 21.0963344574, 15.2757911682, 20.7241611481, 24.4777488708, 15.864862442, 16.5114250183, 18.8137340546, 11.2320575714, 10.9032697678, 14.4436855316, 15.3808488846, 14.3258333206, 13.1468200684, 11.741109848, 14.0428323746, 14.9052190781, 14.0858755112, 10.9330501556, 8.20097255707, 5.42838335037, 3.18353748322, 1.1039056778, 0.324291855097, 0.038485750556, 0.00101944839116, 4.85408963868e-05],
        "dmean2": [0.687228500843, 3.55935168266, 6.18844127655, 8.4433965683, 9.54782867432, 11.5038452148, 17.543586731, 17.6284503937, 18.8450984955, 18.5869255066, 15.013092041, 38.9658432007, 44.8464622498, 41.1484527588, 32.3700180054, 24.1009674072, 33.9641952515, 41.4416618347, 25.1227645874, 26.0021514893, 29.6684036255, 17.5128421783, 17.3708000183, 22.5972290039, 24.2577857971, 22.1970424652, 20.1050491333, 17.3764324188, 21.0830593109, 22.5570735931, 21.2804279327, 16.3592472076, 12.2361688614, 8.10945224762, 4.72726011276, 1.64849579334, 0.474053829908, 0.0561137609184, 0.00154687382746, 6.89204753144e-05],
        "dvar": [0.684720873833, 25.0694904327, 72.8731765747, 207.256790161, 204.166000366, 204.347793579, 303.328277588, 362.795013428, 548.917541504, 546.638793945, 262.951782227, 3024.43139648, 1819.20446777, 1574.01928711, 970.762390137, 641.022277832, 1161.91210938, 1728.97827148, 589.967041016, 833.948242188, 843.560668945, 338.513244629, 299.659454346, 447.43838501, 338.355651855, 337.763366699, 389.278930664, 296.554779053, 466.577484131, 501.524810791, 552.555908203, 310.459991455, 202.121017456, 105.566635132, 33.5253982544, 4.59984827042, 0.400908052921, 0.00548524176702, 4.67161862616e-06, 5.61626301021e-09],
        "dvar2": [0.976187944412, 30.4089012146, 156.662979126, 588.251586914, 582.630371094, 555.638305664, 816.200134277, 991.924560547, 1475.38989258, 1346.92944336, 623.693237305, 7114.65087891, 4027.83007812, 3491.28735352, 2169.81665039, 1516.9197998, 2933.22973633, 4604.54980469, 1229.73974609, 2090.13476562, 2076.98583984, 734.315246582, 627.999938965, 960.754150391, 822.995849609, 736.357788086, 932.81640625, 670.828796387, 1051.20812988, 1189.56896973, 1167.5880127, 722.899108887, 470.433959961, 249.749908447, 77.4488220215, 10.6904211044, 0.914061665535, 0.0117816803977, 1.12696998258e-05, 1.23887522463e-08],
        "max": [7.04984712601, 44.0967979431, 100.567237854, 103.593765259, 118.720947266, 142.45803833, 157.92414856, 186.579879761, 326.488037109, 295.485137939, 186.612487793, 590.336975098, 411.876525879, 594.281677246, 375.08001709, 229.860855103, 372.638366699, 376.033966064, 204.432128906, 246.195739746, 296.39074707, 227.618469238, 145.146621704, 207.405593872, 164.384094238, 163.995010376, 161.159072876, 138.988540649, 171.905212402, 163.707763672, 172.475082397, 155.603027344, 129.705657959, 90.6607666016, 46.4396858215, 20.5829792023, 5.72129487991, 0.592403173447, 0.0203772112727, 0.000635460542981],
        "mean": [1.08284640312, 5.55298852921, 7.05924701691, 4.71000528336, 4.29025030136, 7.22713327408, 14.2087535858, 13.7556629181, 16.7746315002, 18.564491272, 16.1221828461, 41.6370010376, 53.6937065125, 48.1590042114, 40.1822624207, 25.7854366302, 31.8936214447, 33.1958999634, 24.4420013428, 26.210062027, 33.8852005005, 20.9360427856, 19.3428325653, 26.9527626038, 27.929807663, 26.942237854, 20.4625453949, 18.4418087006, 22.2060108185, 21.3608436584, 20.4682254791, 17.8813323975, 12.950753212, 7.81652021408, 4.27604293823, 1.48253285885, 0.388304501772, 0.0443397425115, 0.00112687295768, 0.00011501240806],
        "median": [0.369725227356, 1.4561201334, 1.32922410965, 0.825275659561, 1.47099673748, 2.23777937889, 5.89771127701, 6.63672685623, 8.15127468109, 9.28005218506, 8.50151634216, 16.008310318, 26.2201099396, 24.1069812775, 17.7041778564, 13.8617830276, 14.8860721588, 16.9440937042, 13.0834960938, 14.6577682495, 20.7674980164, 14.2608318329, 13.3868703842, 19.6509304047, 22.1800613403, 19.6826591492, 13.1613874435, 10.7259092331, 12.0207338333, 12.1666841507, 11.5871686935, 11.4825429916, 7.47211408615, 3.77178502083, 1.77213990688, 0.548475980759, 0.107742160559, 0.00981538183987, 0.000277340732282, 9.03446925804e-05],
        "min": [1.18679344587e-21, 3.7088383559e-21, 1.45093360179e-20, 6.84681756064e-20, 8.96671151085e-20, 1.28633874781e-19, 3.29211628243e-19, 1.69051806516e-19, 3.7741684506e-19, 6.148907571e-19, 3.34972434561e-18, 1.57355508844e-18, 1.5715771962e-18, 1.61563934967e-18, 3.39779263819e-18, 2.76040262012e-18, 5.88532512464e-18, 5.33261461986e-18, 8.42494620824e-18, 1.55457462278e-17, 1.07063831296e-17, 1.39493538201e-17, 1.57579875381e-17, 1.16257488855e-17, 1.22802001241e-17, 1.63757574524e-17, 1.70402415647e-17, 1.18883820387e-17, 1.9036696567e-17, 2.17325360859e-17, 1.46616357368e-17, 1.78241672486e-17, 1.5829355027e-17, 1.18062653377e-17, 7.90239719013e-18, 6.07545424279e-18, 3.1684123524e-18, 1.16258580733e-18, 3.3741552801e-19, 2.93769058645e-20],
        "stdev": [1.4238294363, 8.52858257294, 10.7728967667, 11.6764945984, 10.9033164978, 14.4943323135, 20.2002239227, 18.8033370972, 24.1288928986, 29.4723892212, 21.7703399658, 67.3271789551, 67.6198959351, 62.3332099915, 55.8656082153, 32.9166946411, 46.1127548218, 44.2161865234, 30.6622657776, 34.9851303101, 38.0136833191, 23.3595943451, 21.0452251434, 26.563211441, 23.0171852112, 23.9940376282, 22.2029628754, 20.3754043579, 25.7390823364, 25.0246906281, 26.6870136261, 20.213180542, 16.1622600555, 11.3443222046, 6.54156255722, 2.44803881645, 0.718401670456, 0.0843185856938, 0.00221798638813, 0.000100910845504],
        "var": [2.02729010582, 72.7367248535, 116.05531311, 136.340530396, 118.88230896, 210.085678101, 408.04901123, 353.565460205, 582.203491211, 868.621704102, 473.947692871, 4532.94921875, 4572.45068359, 3885.42919922, 3120.96606445, 1083.50878906, 2126.38598633, 1955.07116699, 940.174499512, 1223.95935059, 1445.04016113, 545.670654297, 442.901489258, 705.604187012, 529.790771484, 575.713806152, 492.971588135, 415.157104492, 662.500366211, 626.235107422, 712.196716309, 408.572692871, 261.218658447, 128.693649292, 42.7920417786, 5.99289417267, 0.516100943089, 0.00710962340236, 4.9194636631e-06, 1.01829993326e-08]
    },
    "gfcc": {
        "mean": [60.7602844238, 43.0755500793, -108.609825134, 36.3639717102, -68.9942626953, 33.2562446594, -35.4367103577, 24.55078125, -22.9476032257, 10.2873029709, -12.0702505112, 7.95596122742, -5.25962924957],
        "cov": [[3868.78442383, 147.775482178, 481.014862061, 429.344909668, 298.289703369, 241.116775513, 60.094379425, -4.71168661118, -101.053459167, 90.2636184692, -67.1101989746, 38.4611167908, -138.637359619], [147.775482178, 990.662353516, 307.443145752, 334.788574219, 364.309051514, 224.590484619, 271.085296631, 67.7608642578, 120.762695312, 14.6312856674, 83.8569641113, -64.4304580688, 42.6892852783], [481.014862061, 307.443145752, 779.62677002, 398.38180542, 359.534515381, 231.796798706, 207.616531372, 66.6898574829, 52.3890342712, 84.1216583252, 19.2253932953, 16.8861808777, -49.7980155945], [429.344909668, 334.788574219, 398.38180542, 418.330993652, 256.455749512, 170.731765747, 161.637207031, 62.4468841553, 73.1823501587, 37.2046356201, 21.4198932648, 1.26053822041, -3.44577097893], [298.289703369, 364.309051514, 359.534515381, 256.455749512, 448.970977783, 269.895965576, 249.273590088, 79.5906066895, 70.6814880371, 48.8482017517, 61.9917411804, 0.324242591858, 6.72579145432], [241.116775513, 224.590484619, 231.796798706, 170.731765747, 269.895965576, 271.688262939, 208.321685791, 63.8694267273, 46.394569397, 47.5571708679, 38.6590080261, -17.4348106384, 11.7144050598], [60.094379425, 271.085296631, 207.616531372, 161.637207031, 249.273590088, 208.321685791, 231.323074341, 82.5694122314, 70.6444091797, 45.3730506897, 50.5396003723, -8.4673242569, 21.3736095428], [-4.71168661118, 67.7608642578, 66.6898574829, 62.4468841553, 79.5906066895, 63.8694267273, 82.5694122314, 154.515777588, 102.223709106, 22.8194522858, 22.1407546997, 12.0639352798, 14.324672699], [-101.053459167, 120.762695312, 52.3890342712, 73.1823501587, 70.6814880371, 46.394569397, 70.6444091797, 102.223709106, 116.079040527, 27.9537296295, 27.4209251404, 5.71040773392, 19.8111248016], [90.2636184692, 14.6312856674, 84.1216583252, 37.2046356201, 48.8482017517, 47.5571708679, 45.3730506897, 22.8194522858, 27.9537296295, 73.4661407471, 47.7038345337, 23.1459121704, 5.69670343399], [-67.1101989746, 83.8569641113, 19.2253932953, 21.4198932648, 61.9917411804, 38.6590080261, 50.5396003723, 22.1407546997, 27.4209251404, 47.7038345337, 106.917663574, 39.3525390625, 38.4193916321], [38.4611167908, -64.4304580688, 16.8861808777, 1.26053822041, 0.324242591858, -17.4348106384, -8.4673242569, 12.0639352798, 5.71040773392, 23.1459121704, 39.3525390625, 69.8968276978, 27.1767063141], [-138.637359619, 42.6892852783, -49.7980155945, -3.44577097893, 6.72579145432, 11.7144050598, 21.3736095428, 14.324672699, 19.8111248016, 5.69670343399, 38.4193916321, 27.1767063141, 68.7035217285]],
        "icov": [[0.000457397371065, -0.000288198993076, 0.000341644830769, -0.000563062727451, -0.000187242563698, -0.000690280925483, 0.000870948424563, -0.000705264916178, 0.00133396871388, -0.00116447743494, 0.000899800797924, -0.00115177081898, 0.000997899100184], [-0.000288198993076, 0.00278538116254, -0.000585182744544, -0.000664072460495, -0.000732957269065, 0.00173302739859, -0.00230173487216, 0.00188714207616, -0.00276586739346, 0.00276331743225, -0.00305282510817, 0.00460172723979, -0.00221556634642], [0.000341644830769, -0.000585182744544, 0.00408842647448, -0.00280215404928, -0.00144715211354, -0.000582707754802, 0.000318085483741, -0.00117218040396, 0.00265769218095, -0.00403351895511, 0.00268753641285, -0.00338207022287, 0.00366536364891], [-0.000563062727451, -0.000664072460495, -0.00280215404928, 0.00684946309775, -7.11677930667e-05, -0.0003996489977, -0.000617090787273, 0.00181109772529, -0.00420000497252, 0.00248075998388, -7.09502346581e-05, -0.000118025454867, -0.00142988772132], [-0.000187242563698, -0.000732957269065, -0.00144715211354, -7.11677930667e-05, 0.00882641319185, -0.00455466890708, -0.00359541294165, 0.001105204341, -0.00169461662881, 0.00394916022196, -0.00246109603904, -0.00276382616721, 0.00245644664392], [-0.000690280925483, 0.00173302739859, -0.000582707754802, -0.0003996489977, -0.00455466890708, 0.0178531017154, -0.0112446695566, -0.000772995117586, 0.00259978324175, -0.00289902579971, -0.000495827232953, 0.00851752050221, -0.00545221474022], [0.000870948424563, -0.00230173487216, 0.000318085483741, -0.000617090787273, -0.00359541294165, -0.0112446695566, 0.0230053663254, -0.00498710479587, 0.00152233499102, -0.00453838147223, 0.00086261233082, -0.000618503545411, -0.000760963535868], [-0.000705264916178, 0.00188714207616, -0.00117218040396, 0.00181109772529, 0.001105204341, -0.000772995117586, -0.00498710479587, 0.0198923330754, -0.0192366540432, 0.0065892515704, -0.00185196858365, -0.00173421285581, 0.000795288127847], [0.00133396871388, -0.00276586739346, 0.00265769218095, -0.00420000497252, -0.00169461662881, 0.00259978324175, 0.00152233499102, -0.0192366540432, 0.0323103927076, -0.0126333748922, 0.00459290621802, -0.000196834473172, -0.0013739312999], [-0.00116447743494, 0.00276331743225, -0.00403351895511, 0.00248075998388, 0.00394916022196, -0.00289902579971, -0.00453838147223, 0.0065892515704, -0.0126333748922, 0.0325418934226, -0.0152571825311, -0.000634016876575, 0.00300707505085], [0.000899800797924, -0.00305282510817, 0.00268753641285, -7.09502346581e-05, -0.00246109603904, -0.000495827232953, 0.00086261233082, -0.00185196858365, 0.00459290621802, -0.0152571825311, 0.0243854243308, -0.0115152643993, -0.00304045458324], [-0.00115177081898, 0.00460172723979, -0.00338207022287, -0.000118025454867, -0.00276382616721, 0.00851752050221, -0.000618503545411, -0.00173421285581, -0.000196834473172, -0.000634016876575, -0.0115152643993, 0.0351469106972, -0.0156226865947], [0.000997899100184, -0.00221556634642, 0.00366536364891, -0.00142988772132, 0.00245644664392, -0.00545221474022, -0.000760963535868, 0.000795288127847, -0.0013739312999, 0.00300707505085, -0.00304045458324, -0.0156226865947, 0.0293175987899]]
    },
    "melbands": {
        "dmean": [0.0044134776108, 0.00215594703332, 0.000798368710093, 0.000396365619963, 0.0003502589243, 0.000231819285545, 0.000164356999449, 0.000117444986245, 8.72517266544e-05, 0.000167694641277, 0.000152671709657, 0.000110951390525, 8.11560385046e-05, 6.22534425929e-05, 3.93032969441e-05, 5.15242427355e-05, 4.51799023722e-05, 2.74089325103e-05, 2.47367643169e-05, 1.85955304914e-05, 2.46747022175e-05, 1.19237374747e-05, 1.38176292239e-05, 1.0471792848e-05, 1.25976284835e-05, 1.26566119434e-05, 9.63542697718e-06, 1.00767865661e-05, 8.49954358273e-06, 8.81015694176e-06, 6.57494001643e-06, 8.4623670773e-06, 7.73320061853e-06, 8.8220986072e-06, 8.28287193144e-06, 7.4580693763e-06, 6.89083844918e-06, 6.26928886049e-06, 5.00430223838e-06, 4.61822537545e-06],
        "dmean2": [0.00529103400186, 0.00259848264977, 0.00139134761412, 0.000722145603504, 0.000581759493798, 0.000399581971578, 0.000276647100691, 0.000188641337445, 0.000137697861646, 0.000268675794359, 0.000232113947277, 0.000173200896825, 0.000124049198348, 9.66023144429e-05, 6.46680346108e-05, 8.53416713653e-05, 7.69813486841e-05, 4.43148710474e-05, 3.8778031012e-05, 2.99764324154e-05, 3.95282695536e-05, 1.85318513104e-05, 2.1832438506e-05, 1.69912127603e-05, 2.00183749257e-05, 2.04367170227e-05, 1.50724599735e-05, 1.57680369739e-05, 1.33574931169e-05, 1.36258304337e-05, 9.81147786661e-06, 1.29191985252e-05, 1.18427797133e-05, 1.35915252031e-05, 1.2702600543e-05, 1.13814576252e-05, 1.0590752936e-05, 9.53654216573e-06, 7.5935258792e-06, 6.9936431828e-06],
        "dvar": [4.49287035735e-05, 1.20387558127e-05, 5.13466375196e-06, 9.14157794796e-07, 3.51657746478e-07, 1.82884576816e-07, 1.15170287529e-07, 5.49211200962e-08, 2.61295181048e-08, 1.16828161367e-07, 4.85370463821e-08, 2.92747728281e-08, 1.67575251453e-08, 1.26389849697e-08, 4.95641838683e-09, 6.97109303616e-09, 6.00422422892e-09, 1.91262095051e-09, 1.98032057419e-09, 8.34823932205e-10, 1.5438594847e-09, 3.77602199508e-10, 5.53520951296e-10, 2.25928040165e-10, 3.5518121777e-10, 2.53353171775e-10, 1.46158349312e-10, 1.6374693268e-10, 1.63162247602e-10, 1.7109079431e-10, 1.04030069281e-10, 1.73769346135e-10, 1.23371424188e-10, 1.77777764732e-10, 1.93838015083e-10, 1.43793185692e-10, 1.24685123337e-10, 1.12634762628e-10, 8.36896246748e-11, 7.72584565767e-11],
        "dvar2": [5.84848457947e-05, 1.73187017936e-05, 1.42544049595e-05, 2.5774900223e-06, 9.44487226207e-07, 5.01681824971e-07, 3.07855458459e-07, 1.3788606168e-07, 6.31846646115e-08, 2.86941030936e-07, 1.09731892906e-07, 6.46523332648e-08, 3.60571199565e-08, 2.75067204569e-08, 1.25687478203e-08, 1.82948838301e-08, 1.6029357397e-08, 4.07758937726e-09, 4.71273198244e-09, 2.14657669417e-09, 3.80765019514e-09, 8.68772276341e-10, 1.23694920973e-09, 5.37377142784e-10, 7.61465390742e-10, 6.37497998834e-10, 3.29519050934e-10, 3.64660884822e-10, 3.85879272979e-10, 4.06528144481e-10, 2.35480634991e-10, 3.88520410288e-10, 2.76456718629e-10, 4.30147945041e-10, 4.12564371555e-10, 3.1408514678e-10, 2.96807328715e-10, 2.66745708855e-10, 1.96173619016e-10, 1.84539591941e-10],
        "max": [0.0611669495702, 0.0373722761869, 0.0168170426041, 0.00717307021841, 0.00524011254311, 0.00407368410379, 0.00506469607353, 0.0027798244264, 0.00170253391843, 0.00341152632609, 0.00210003368556, 0.00255425553769, 0.00165832974017, 0.00135178538039, 0.000821962603368, 0.000853124889545, 0.000688866246492, 0.000403064506827, 0.000636675511487, 0.000261488516117, 0.000375840696506, 0.000275251659332, 0.000244988827035, 0.000162692071171, 0.000181910218089, 0.000164239143487, 0.000100312790892, 0.000120490141853, 0.000126341037685, 0.000112032939796, 9.61279365583e-05, 0.000124201222206, 8.35028768051e-05, 0.000104825783637, 0.000105632541818, 9.96347371256e-05, 9.97229872155e-05, 9.56455041887e-05, 8.16105748527e-05, 7.89798505139e-05],
        "mean": [0.00880562420934, 0.0046922005713, 0.000814938219264, 0.000386703177355, 0.000470435625175, 0.000311561452691, 0.000267126772087, 0.000182474002941, 0.000129853986437, 0.000305021472741, 0.000270316464594, 0.000196584005607, 0.000139278548886, 9.70135297393e-05, 5.68624491279e-05, 7.5282434409e-05, 5.75245976506e-05, 3.72967406292e-05, 3.82786929549e-05, 3.11908916046e-05, 4.02374498663e-05, 1.90565260709e-05, 2.16936296056e-05, 1.7608897906e-05, 2.1924610337e-05, 2.16328353417e-05, 1.74876531673e-05, 1.79599974217e-05, 1.26798004203e-05, 1.21383272926e-05, 1.02902295112e-05, 1.32944305733e-05, 1.1277469639e-05, 1.21000284707e-05, 1.16507699204e-05, 1.11316039693e-05, 1.10534074338e-05, 9.50310732151e-06, 7.53748372517e-06, 6.26713517704e-06],
        "median": [0.00320262671448, 0.00144529447425, 0.000198319205083, 0.000133359280881, 0.000185444718227, 0.000156183887157, 0.000129434309201, 9.24302003114e-05, 5.83555956837e-05, 0.000114130270958, 0.000126029655803, 9.12625619094e-05, 5.19282002642e-05, 3.86461288144e-05, 2.38771517616e-05, 3.62982173101e-05, 2.81781049125e-05, 1.80316565093e-05, 1.85450589925e-05, 1.93872656382e-05, 2.39817127294e-05, 1.24180742205e-05, 1.19082742458e-05, 1.27439489006e-05, 1.54785029736e-05, 1.7001397282e-05, 1.22202818602e-05, 1.28716492327e-05, 7.76875003794e-06, 6.20644414084e-06, 5.91908792558e-06, 7.14318912287e-06, 6.48532704872e-06, 6.95093012837e-06, 6.38346364212e-06, 6.78305423207e-06, 6.8390454544e-06, 5.4673005252e-06, 3.98750717068e-06, 2.92568665827e-06],
        "min": [9.41684798465e-24, 6.85343027364e-24, 1.19329932059e-23, 8.34390170138e-24, 1.00516214781e-23, 3.80616117654e-24, 6.42966168953e-24, 8.47773037623e-24, 2.71767378123e-23, 8.8841736027e-24, 8.19941078254e-24, 6.49695310247e-24, 9.5799370882e-24, 7.81728813777e-24, 1.0714732433e-23, 1.23855958394e-23, 9.20898076954e-24, 1.39074189661e-23, 1.52126634867e-23, 2.21817778455e-23, 9.48519883778e-24, 1.16560351861e-23, 1.95436849835e-23, 1.04657111333e-23, 9.53602199046e-24, 6.44124374534e-24, 1.34077339583e-23, 1.02149772166e-23, 1.17921255252e-23, 7.59190189968e-24, 6.62842268878e-24, 1.07438169457e-23, 1.0790780202e-23, 1.33290087955e-23, 9.13747762823e-24, 8.03732274348e-24, 1.11908178779e-23, 1.16961479743e-23, 9.07006236413e-24, 1.04330593916e-23],
        "stdev": [0.0118523202837, 0.00639017485082, 0.00188632775098, 0.000801381480414, 0.000678834796418, 0.000420178752393, 0.000369518966181, 0.00028060231125, 0.000194845561055, 0.000459836999653, 0.000344930624124, 0.000272775389021, 0.000231384328799, 0.000156897542183, 8.89362272574e-05, 9.95300943032e-05, 7.97837419668e-05, 5.18683154951e-05, 5.52101228095e-05, 3.56330820068e-05, 4.77057801618e-05, 2.32684124057e-05, 2.83041445073e-05, 1.77066394826e-05, 2.31056983466e-05, 1.8833690774e-05, 1.58233979164e-05, 1.64352713909e-05, 1.43155384649e-05, 1.50034420585e-05, 1.1889448615e-05, 1.57723607117e-05, 1.30815042212e-05, 1.45670355778e-05, 1.57052072609e-05, 1.35734353535e-05, 1.2613763829e-05, 1.18675925478e-05, 1.02285193861e-05, 9.5356554084e-06],
        "var": [0.000140477495734, 4.08343330491e-05, 3.55823249265e-06, 6.42212285129e-07, 4.60816693248e-07, 1.76550187803e-07, 1.36544272777e-07, 7.87376635003e-08, 3.79647921989e-08, 2.11450071674e-07, 1.18977133923e-07, 7.44064081459e-08, 5.35387059131e-08, 2.46168401219e-08, 7.90965248854e-09, 9.90623938435e-09, 6.36544594812e-09, 2.6903219652e-09, 3.04815772623e-09, 1.26971655412e-09, 2.27584151524e-09, 5.41419020728e-10, 8.01124611094e-10, 3.13525094775e-10, 5.3387333443e-10, 3.54707874184e-10, 2.50379939004e-10, 2.70118122314e-10, 2.04934652581e-10, 2.25103283236e-10, 1.41358980077e-10, 2.48767340061e-10, 1.71125752457e-10, 2.12198522642e-10, 2.46653530933e-10, 1.84238152512e-10, 1.59107046982e-10, 1.40839742646e-10, 1.04622609187e-10, 9.09287298234e-11]
    },
    "melbands128": {
