{
"lowlevel": {
    "average_loudness": 0.923932850361,
    "barkbands_crest": {
        "dmean": 2.33957648277,
        "dmean2": 3.67246127129,
        "dvar": 7.60904455185,
        "dvar2": 18.6813983917,
        "max": 26.2417011261,
        "mean": 15.0278177261,
        "median": 15.2857255936,
        "min": 2.58819127083,
        "stdev": 5.13243532181,
        "var": 26.3418922424
    },
    "barkbands_flatness_db": {
        "dmean": 0.0398595146835,
        "dmean2": 0.0559349805117,
        "dvar": 0.00154787977226,
        "dvar2": 0.00293391686864,
        "max": 0.534373700619,
        "mean": 0.231242388487,
        "median": 0.225295692682,
        "min": 0.0550523549318,
        "stdev": 0.082093000412,
        "var": 0.00673926016316
    },
    "barkbands_kurtosis": {
        "dmean": 19.4465179443,
        "dmean2": 31.0878868103,
        "dvar": 2486.71044922,
        "dvar2": 5899.79150391,
        "max": 781.393859863,
        "mean": 30.8074817657,
        "median": 10.9070367813,
        "min": -1.90726351738,
        "stdev": 72.6138076782,
        "var": 5272.76464844
    },
    "barkbands_skewness": {
        "dmean": 1.23412430286,
        "dmean2": 1.92597961426,
        "dvar": 2.61879038811,
        "dvar2": 6.11606168747,
        "max": 21.0009307861,
        "mean": 3.53137993813,
        "median": 2.84485793114,
        "min": -3.27717781067,
        "stdev": 2.88519001007,
        "var": 8.32432174683
    },
    "barkbands_spread": {
        "dmean": 9.13442325592,
        "dmean2": 14.6756811142,
        "dvar": 229.480148315,
        "dvar2": 563.88848877,
        "max": 107.046432495,
        "mean": 14.2365589142,
        "median": 8.07053947449,
        "min": 0.137879356742,
        "stdev": 16.6621112823,
        "var": 277.625976562
    },
    "dissonance": {
        "dmean": 0.0300960447639,
        "dmean2": 0.0486213490367,
        "dvar": 0.00084191642236,
        "dvar2": 0.00198318669572,
        "max": 0.499367624521,
        "mean": 0.436385840178,
        "median": 0.442185342312,
        "min": 0.0768250226974,
        "stdev": 0.0403347685933,
        "var": 0.00162689352874
    },
    "dynamic_complexity": 2.81658577919,
    "erbbands_crest": {
        "dmean": 3.4479265213,
        "dmean2": 5.39605951309,
        "dvar": 9.53582859039,
        "dvar2": 21.7145996094,
        "max": 32.8160247803,
        "mean": 11.9866571426,
        "median": 10.9618062973,
        "min": 3.25378680229,
        "stdev": 5.11942768097,
        "var": 26.2085418701
    },
    "erbbands_flatness_db": {
        "dmean": 0.0288503803313,
        "dmean2": 0.0400003604591,
        "dvar": 0.000834478123579,
        "dvar2": 0.00141526572406,
        "max": 0.342658221722,
        "mean": 0.16589641571,
        "median": 0.162030279636,
        "min": 0.0597732663155,
        "stdev": 0.0479970574379,
        "var": 0.00230371765792
    },
    "erbbands_kurtosis": {
        "dmean": 2.45509052277,
        "dmean2": 3.86816334724,
        "dvar": 10.7985315323,
        "dvar2": 23.2708148956,
        "max": 49.951007843,
        "mean": 2.72967004776,
        "median": 1.96525001526,
        "min": -1.84023070335,
        "stdev": 4.166431427,
        "var": 17.3591499329
    },
    "erbbands_skewness": {
        "dmean": 0.68570047617,
        "dmean2": 1.06985473633,
        "dvar": 0.450604885817,
        "dvar2": 1.07451510429,
        "max": 6.0605430603,
        "mean": 0.967497766018,
        "median": 1.00002944469,
        "min": -3.33911156654,
        "stdev": 0.981863856316,
        "var": 0.964056670666
    },
    "erbbands_spread": {
        "dmean": 18.4872722626,
        "dmean2": 28.3711490631,
        "dvar": 519.125976562,
        "dvar2": 1074.27038574,
        "max": 197.000198364,
        "mean": 40.929561615,
        "median": 30.8536949158,
        "min": 2.55939936638,
        "stdev": 30.5001087189,
        "var": 930.256652832
    },
    "hfc": {
        "dmean": 10.4297876358,
        "dmean2": 16.6316814423,
        "dvar": 354.67779541,
        "dvar2": 828.262573242,
        "max": 172.341827393,
        "mean": 15.5866794586,
        "median": 9.71310424805,
        "min": 1.16086606575e-16,
        "stdev": 19.5138149261,
        "var": 380.789001465
    },
    "loudness_ebu128": {
        "integrated": -11.5771970749,
        "loudness_range": 2.75544261932,
        "momentary": {
            "dmean": 0.945368409157,
            "dmean2": 1.05079960823,
            "dvar": 0.918617784977,
            "dvar2": 1.2661434412,
            "max": -7.2982134819,
            "mean": -12.4718284607,
            "median": -11.8899202347,
            "min": -25.7605800629,
            "stdev": 3.01867198944,
            "var": 9.11238098145
        },
        "short_term": {
            "dmean": 0.111986704171,
            "dmean2": 0.134038046002,
            "dvar": 0.015014346689,
            "dvar2": 0.0286562666297,
            "max": -10.2371921539,
            "mean": -11.6824541092,
            "median": -11.399846077,
            "min": -14.902557373,
            "stdev": 1.03625667095,
            "var": 1.07382798195
        }
    },
    "melbands_crest": {
        "dmean": 2.86830449104,
        "dmean2": 4.32360649109,
        "dvar": 11.611161232,
        "dvar2": 26.6303863525,
        "max": 37.116645813,
        "mean": 24.5457668304,
        "median": 26.1937770844,
        "min": 3.47478413582,
        "stdev": 8.7492647171,
        "var": 76.5496292114
    },
    "melbands_flatness_db": {
        "dmean": 0.0453327521682,
        "dmean2": 0.0626690611243,
        "dvar": 0.00211465428583,
        "dvar2": 0.00402829609811,
        "max": 0.663592338562,
        "mean": 0.319378584623,
        "median": 0.312449932098,
        "min": 0.00952281616628,
        "stdev": 0.102579697967,
        "var": 0.0105225937441
    },
    "melbands_kurtosis": {
        "dmean": 33.9063148499,
        "dmean2": 52.4221458435,
        "dvar": 5878.17138672,
        "dvar2": 13814.6611328,
        "max": 1486.29345703,
        "mean": 57.4158630371,
        "median": 21.7843647003,
        "min": -1.73874652386,
        "stdev": 113.59564209,
        "var": 12903.9697266
    },
    "melbands_skewness": {
        "dmean": 1.47183251381,
        "dmean2": 2.18071699142,
        "dvar": 3.19404315948,
        "dvar2": 6.89120769501,
        "max": 31.1338672638,
        "mean": 4.64831447601,
        "median": 3.74945878983,
        "min": -0.999208927155,
        "stdev": 3.4957408905,
        "var": 12.2202043533
    },
    "melbands_spread": {
        "dmean": 6.48835706711,
        "dmean2": 10.3537073135,
        "dvar": 171.872680664,
        "dvar2": 370.954986572,
        "max": 247.540115356,
        "mean": 11.548789978,
        "median": 6.95025873184,
        "min": 0.156812608242,
        "stdev": 15.5943107605,
        "var": 243.182525635
    },
    "pitch_salience": {
        "dmean": 0.075732588768,
        "dmean2": 0.12069246918,
        "dvar": 0.00826782453805,
        "dvar2": 0.0217962265015,
        "max": 0.893133878708,
        "mean": 0.368101358414,
        "median": 0.364744782448,
        "min": 0.0424297377467,
        "stdev": 0.157419607043,
        "var": 0.0247809346765
    },
    "silence_rate_20dB": {
        "dmean": 0.0139318881556,
        "dmean2": 0.0278853606433,
        "dvar": 0.0137379178777,
        "dvar2": 0.0379524715245,
        "max": 1,
        "mean": 0.991492629051,
        "median": 1,
        "min": 0,
        "stdev": 0.0918424874544,
        "var": 0.008435042575
    },
    "silence_rate_30dB": {
        "dmean": 0.0758513957262,
        "dmean2": 0.151820287108,
        "dvar": 0.0700972899795,
        "dvar2": 0.152009576559,
        "max": 1,
        "mean": 0.747099757195,
        "median": 1,
        "min": 0,
        "stdev": 0.434676587582,
        "var": 0.188943728805
    },
    "silence_rate_60dB": {
        "dmean": 0.0154798757285,
        "dmean2": 0.0302091408521,
        "dvar": 0.0152405081317,
        "dvar2": 0.0323946177959,
        "max": 1,
        "mean": 0.0371229685843,
        "median": 0,
        "min": 0,
        "stdev": 0.189062446356,
        "var": 0.0357446074486
    },
    "spectral_centroid": {
        "dmean": 337.486206055,
        "dmean2": 504.620269775,
        "dvar": 308585.0625,
        "dvar2": 587850.4375,
        "max": 10749.6904297,
        "mean": 856.082641602,
        "median": 647.081542969,
        "min": 104.938461304,
        "stdev": 686.715515137,
        "var": 471578.21875
    },
    "spectral_complexity": {
        "dmean": 2.85526323318,
        "dmean2": 4.30286598206,
        "dvar": 26.0371189117,
        "dvar2": 45.7558403015,
        "max": 52,
        "mean": 9.83836078644,
        "median": 9,
        "min": 0,
        "stdev": 7.0666437149,
        "var": 49.9374504089
    },
    "spectral_decrease": {
        "dmean": 5.43410783038e-09,
        "dmean2": 7.8706454687e-09,
        "dvar": 1.44879810786e-16,
        "dvar2": 3.04522876447e-16,
        "max": 1.49615476525e-29,
        "mean": -1.72148855171e-08,
        "median": -8.6099634089e-09,
        "min": -1.24066119156e-07,
        "stdev": 1.95219982402e-08,
        "var": 3.81108419164e-16
    },
    "spectral_energy": {
        "dmean": 0.021115468815,
        "dmean2": 0.0305527709424,
        "dvar": 0.00210142927244,
        "dvar2": 0.00441939104348,
        "max": 0.473034948111,
        "mean": 0.0663866624236,
        "median": 0.0339967496693,
        "min": 1.04729288888e-20,
        "stdev": 0.0743021741509,
        "var": 0.00552081270143
    },
    "spectral_energyband_high": {
        "dmean": 0.00104164879303,
        "dmean2": 0.00180127576459,
        "dvar": 7.13545841791e-06,
        "dvar2": 1.92028110177e-05,
        "max": 0.0242578070611,
        "mean": 0.000835718528833,
        "median": 0.000115996102977,
        "min": 7.46682206461e-21,
        "stdev": 0.002234156942,
        "var": 4.99145698996e-06
    },
    "spectral_energyband_low": {
        "dmean": 0.0184115339071,
        "dmean2": 0.0271235443652,
        "dvar": 0.00209141522646,
        "dvar2": 0.00462439330295,
        "max": 0.449005484581,
        "mean": 0.0542403869331,
        "median": 0.0214456301183,
        "min": 2.67999652222e-23,
        "stdev": 0.0714172199368,
        "var": 0.00510041974485
    },
    "spectral_energyband_middle_high": {
        "dmean": 0.00110973487608,
        "dmean2": 0.00161480566021,
        "dvar": 7.73826013756e-06,
        "dvar2": 1.61962507264e-05,
        "max": 0.030960123986,
        "mean": 0.00178151077125,
        "median": 0.000912527670152,
        "min": 1.60519335504e-21,
        "stdev": 0.00314714666456,
        "var": 9.90453190752e-06
    },
    "spectral_energyband_middle_low": {
        "dmean": 0.00556682562456,
        "dmean2": 0.00951851904392,
        "dvar": 0.000249079865171,
        "dvar2": 0.000723673903849,
        "max": 0.175949901342,
        "mean": 0.0104907359928,
        "median": 0.00786731205881,
        "min": 3.05225985717e-22,
        "stdev": 0.0130856977776,
        "var": 0.00017123548605
    },
    "spectral_entropy": {
        "dmean": 0.393680334091,
        "dmean2": 0.551075160503,
        "dvar": 0.180898711085,
        "dvar2": 0.336870580912,
        "max": 9.78590106964,
        "mean": 7.19204378128,
        "median": 7.13403844833,
        "min": 4.85467910767,
        "stdev": 0.647184669971,
        "var": 0.418847978115
    },
    "spectral_flux": {
        "dmean": 0.0370529778302,
        "dmean2": 0.0558675341308,
        "dvar": 0.00383575446904,
        "dvar2": 0.00686154700816,
        "max": 0.583487331867,
        "mean": 0.0857294052839,
        "median": 0.0541000552475,
        "min": 1.02337326113e-10,
        "stdev": 0.0948992073536,
        "var": 0.00900585949421
    },
    "spectral_kurtosis": {
        "dmean": 3.13992667198,
        "dmean2": 4.56048774719,
        "dvar": 18.1086921692,
        "dvar2": 39.2730064392,
        "max": 36.8116455078,
        "mean": 5.56897926331,
        "median": 4.39202213287,
        "min": -1.18224239349,
        "stdev": 5.40237379074,
        "var": 29.1856441498
    },
    "spectral_rms": {
        "dmean": 0.00108488660771,
        "dmean2": 0.00151691108476,
        "dvar": 3.34641958943e-06,
        "dvar2": 6.68577740726e-06,
        "max": 0.0214824937284,
        "mean": 0.00693593034521,
        "median": 0.00575912836939,
        "min": 3.19648105727e-12,
        "stdev": 0.00408169813454,
        "var": 1.66602585523e-05
    },
    "spectral_rolloff": {
        "dmean": 679.514099121,
        "dmean2": 1219.9708252,
        "dvar": 3135774.5,
        "dvar2": 7824385,
        "max": 19121.484375,
        "mean": 824.890930176,
        "median": 387.59765625,
        "min": 43.06640625,
        "stdev": 1685.98986816,
        "var": 2842561.75
    },
    "spectral_skewness": {
        "dmean": 0.51028072834,
        "dmean2": 0.714755475521,
        "dvar": 0.316098809242,
        "dvar2": 0.630189239979,
        "max": 4.85822725296,
        "mean": 1.9507547617,
        "median": 1.92837953568,
        "min": -0.0784114673734,
        "stdev": 0.810352265835,
        "var": 0.656670749187
    },
    "spectral_spread": {
        "dmean": 1651775.25,
        "dmean2": 2333855,
        "dvar": 3.90069511782e+12,
        "dvar2": 6.8189814784e+12,
        "max": 39208928,
        "mean": 6202386,
        "median": 5436464,
        "min": 1410707.75,
        "stdev": 2845423,
        "var": 8.09643173478e+12
    },
    "spectral_strongpeak": {
        "dmean": 0.223305687308,
        "dmean2": 0.368782371283,
        "dvar": 0.249095380306,
        "dvar2": 0.623467743397,
        "max": 8.20398044586,
        "mean": 0.58097589016,
        "median": 0.414475172758,
        "min": 0,
        "stdev": 0.567512869835,
        "var": 0.322070837021
    },
    "zerocrossingrate": {
        "dmean": 0.0142587954178,
        "dmean2": 0.0177880376577,
        "dvar": 0.000495653424878,
        "dvar2": 0.000604619912338,
        "max": 0.482421875,
        "mean": 0.0361448973417,
        "median": 0.025390625,
        "min": 0.00146484375,
        "stdev": 0.0369398742914,
        "var": 0.00136455439497
    },
    "barkbands": {
        "dmean": [0.00181590416469, 0.0150625901297, 0.00482781603932, 0.00211604149081, 0.00163668487221, 0.00134919153061, 0.00110324716661, 0.000288370822091, 0.000343933410477, 0.000279545405647, 0.000193354833755, 0.000113884474558, 0.000119920878205, 0.000138175790198, 0.000139908195706, 0.00014499000099, 0.000100035395008, 0.000109476481157, 9.51831170823e-05, 0.000347163440892, 5.47455529158e-05, 7.83771029091e-05, 0.000231750120292, 0.000207639925065, 0.000130560889374, 7.24983110558e-05, 6.26451674179e-06],
        "dmean2": [0.00246351654641, 0.0223620533943, 0.00867608096451, 0.00393963046372, 0.00288210529834, 0.00220743822865, 0.00169054104481, 0.000441962154582, 0.000505408854224, 0.00039778809878, 0.000278531078948, 0.000157540125656, 0.000181150157005, 0.000215976528125, 0.000221321257413, 0.00022693653591, 0.000151698593982, 0.000173158172402, 0.000155148183694, 0.000608570175245, 8.82454260136e-05, 0.000131368084112, 0.000408313324442, 0.000353505281964, 0.000208083787584, 0.000121499579109, 1.08168469524e-05],
        "dvar": [1.50077921717e-05, 0.00147050677333, 0.000435001245933, 7.66985613154e-05, 3.2061481761e-05, 6.23328514848e-06, 4.90563161293e-06, 5.04327886119e-07, 5.33049956175e-07, 2.25365127449e-07, 2.32962563018e-07, 7.15166592613e-08, 6.78333833548e-08, 1.02523955547e-07, 1.87158121889e-07, 2.83027787873e-07, 1.06971199898e-07, 2.00194705258e-07, 1.73939668002e-07, 3.28018290929e-06, 2.06034975747e-08, 2.1242922088e-08, 1.90828544078e-07, 1.41382827223e-07, 4.72544599006e-08, 1.67354503589e-08, 1.83854348412e-10],
        "dvar2": [3.44649561157e-05, 0.00350319733843, 0.0012209599372, 0.000222540387767, 9.22540202737e-05, 1.62211563293e-05, 9.82207893685e-06, 1.16187288768e-06, 9.7401448329e-07, 4.52471823564e-07, 4.83733401779e-07, 1.29429395201e-07, 1.46417619362e-07, 2.41933008738e-07, 4.58571861373e-07, 6.62092475068e-07, 2.10508005694e-07, 4.49454176987e-07, 4.21220676117e-07, 9.0405192168e-06, 5.08339077498e-08, 5.33296287131e-08, 4.97811640798e-07, 3.59347438916e-07, 1.04680808022e-07, 4.23859169985e-08, 4.42573616644e-10],
        "max": [0.0734708756208, 0.415002405643, 0.208601012826, 0.116846874356, 0.0594401210546, 0.0305245481431, 0.0515912882984, 0.01172290463, 0.0151956593618, 0.00777704454958, 0.0101771987975, 0.00381701788865, 0.00319523597136, 0.0038029847201, 0.00386778172106, 0.00543619133532, 0.00301407976076, 0.00448490399867, 0.00438062427565, 0.0178573485464, 0.00156651530415, 0.0010959720239, 0.00241573341191, 0.0022820152808, 0.00222218735144, 0.000828050891869, 0.000120740405691],
        "mean": [0.00713863736019, 0.0429472252727, 0.0034116783645, 0.00202445173636, 0.00193280377425, 0.00276844180189, 0.00211969972588, 0.000382144382456, 0.000784783973359, 0.000615833501797, 0.000385569728678, 0.00015403587895, 0.00013279671839, 0.000144668796565, 0.000129027539515, 0.000133935012855, 0.000108804335468, 0.000100279226899, 7.95905070845e-05, 0.000242534850258, 5.20419671375e-05, 7.1591064625e-05, 0.000161337753525, 0.000164203069289, 0.000137471841299, 5.8491317759e-05, 4.66710571345e-06],
        "median": [0.00300857936963, 0.0155034530908, 0.000178612885065, 0.000447118916782, 0.000846814538818, 0.00189962622244, 0.00141821836587, 9.01980965864e-05, 0.000166700629052, 0.000152958527906, 0.00010635281069, 3.70631714759e-05, 2.83928202407e-05, 2.7366591894e-05, 1.93072100956e-05, 1.53052333189e-05, 2.55733102676e-05, 1.39336307257e-05, 9.76676346909e-06, 2.12850954995e-05, 1.06507777673e-05, 1.80901479325e-05, 9.00245777302e-06, 1.36958697112e-05, 3.71490714315e-05, 3.76482853426e-06, 5.08034219138e-08],
        "min": [7.57184747774e-24, 9.0861046395e-24, 1.08094517508e-23, 1.30216938303e-23, 8.52000133006e-23, 1.38604864754e-23, 5.88332210678e-23, 7.75482707793e-23, 5.31645801989e-23, 2.15773778635e-22, 1.28234893724e-22, 8.42834831465e-23, 1.08368536232e-22, 3.58863301858e-23, 7.33218885261e-23, 8.60204160203e-23, 1.56155369598e-22, 2.19229973898e-22, 4.04260669232e-22, 3.34486868798e-22, 3.91418341861e-22, 4.71021601609e-22, 5.78279169251e-22, 8.54873290641e-22, 1.19336161536e-21, 1.64619715845e-21, 2.52288350073e-21],
        "stdev": [0.00922918412834, 0.0586744733155, 0.0162668228149, 0.00662137242034, 0.00449486682191, 0.00318278023042, 0.003048093291, 0.000926072243601, 0.00159930880181, 0.00108428706881, 0.000927440007217, 0.000361595797585, 0.000291822711006, 0.000345077045495, 0.000405202212278, 0.000510029902216, 0.000357425131369, 0.000437516631791, 0.000378876196919, 0.0014491926413, 0.000133967361762, 0.000135574693559, 0.000371501926566, 0.000347243360011, 0.00025599176297, 0.000121369266708, 1.3075177776e-05],
        "var": [8.51778386277e-05, 0.00344269373454, 0.000264609494479, 4.38425704488e-05, 2.02038281714e-05, 1.0130089322e-05, 9.29087218537e-06, 8.57609791183e-07, 2.55778877545e-06, 1.1756785625e-06, 8.60145007664e-07, 1.30751530492e-07, 8.51604866625e-08, 1.19078165994e-07, 1.64188833196e-07, 2.60130519791e-07, 1.27752727508e-07, 1.91420795659e-07, 1.43547168818e-07, 2.10015923585e-06, 1.79472543493e-08, 1.83804971243e-08, 1.38013689366e-07, 1.20577951179e-07, 6.55317862197e-08, 1.47304994869e-08, 1.70960273715e-10]
    },
    "erbbands": {
        "dmean": [0.64082044363, 3.03511571884, 5.77402687073, 6.26775074005, 6.783618927, 4.50208187103, 5.51929092407, 12.985710144, 20.4237155914, 6.08939981461, 7.23748016357, 8.69871425629, 10.1215467453, 4.78408145905, 7.69195795059, 4.82442378998, 4.79739189148, 7.88093280792, 6.1639623642, 7.79119777679, 6.88242721558, 5.61747455597, 6.43090724945, 4.69246435165, 5.5101017952, 19.7416954041, 5.44013166428, 1.95237648487, 2.80572581291, 4.64143943787, 7.21889734268, 5.17608499527, 2.91615366936, 1.76901173592, 0.754816532135, 0.243764132261, 0.165862858295, 0.0284695029259, 0.000760087219533, 4.1678587877e-05],
        "dmean2": [0.914781868458, 4.75990724564, 10.1023817062, 11.5677089691, 11.9059391022, 8.05645179749, 9.80106735229, 21.0668048859, 31.2618751526, 9.77592658997, 10.9002523422, 12.6061105728, 14.2045135498, 7.02224588394, 10.9465322495, 6.67140960693, 6.99010038376, 12.2260866165, 9.51056575775, 12.2690372467, 10.790678978, 8.49057292938, 10.1722259521, 7.69159841537, 8.72267150879, 35.3858909607, 9.45593357086, 3.12498021126, 4.74714946747, 8.0932264328, 12.7001171112, 9.07569885254, 4.79736566544, 2.82652211189, 1.2132267952, 0.398670613766, 0.285546034575, 0.0484864674509, 0.00127903406974, 6.42389495624e-05],
        "dvar": [1.8477473259, 89.5123138428, 611.705871582, 659.754577637, 504.348876953, 325.074523926, 347.186859131, 536.732971191, 1533.38256836, 297.341949463, 344.391601562, 348.411102295, 296.114837646, 116.247688293, 487.544128418, 133.702316284, 82.25025177, 331.602508545, 257.264587402, 657.672119141, 638.909667969, 349.352081299, 717.174194336, 431.046569824, 451.846038818, 11866.109375, 484.330993652, 25.3452110291, 27.9991283417, 74.0680465698, 184.011169434, 91.237701416, 30.0165233612, 9.07952308655, 1.66444528103, 0.177248597145, 0.0983666777611, 0.00268502742983, 2.0481086267e-06, 3.96876309594e-09],
        "dvar2": [4.50874948502, 212.163421631, 1666.73742676, 1885.89831543, 1450.27856445, 937.950622559, 994.55480957, 1349.23986816, 3056.6184082, 748.489013672, 755.445007324, 627.524902344, 574.832275391, 260.186401367, 995.178710938, 244.624221802, 161.511154175, 768.279418945, 623.200500488, 1481.40136719, 1491.99084473, 684.095703125, 1613.8560791, 1077.67736816, 981.913513184, 33298.9648438, 1332.78759766, 62.201133728, 70.9385452271, 189.321426392, 478.528137207, 238.919540405, 74.3531570435, 20.4969005585, 3.81436467171, 0.412020683289, 0.255172073841, 0.00649180123582, 4.9034388212e-06, 8.64903970665e-09],
        "max": [12.7926015854, 96.5089187622, 215.251846313, 305.381164551, 258.012969971, 194.048461914, 207.425064087, 363.409790039, 927.032836914, 408.074310303, 408.751586914, 440.381317139, 309.931365967, 141.788299561, 516.698425293, 179.072998047, 94.7808609009, 208.764587402, 156.139846802, 223.554138184, 253.164627075, 181.038909912, 260.599700928, 193.804214478, 230.314697266, 1057.84484863, 211.617492676, 50.8047637939, 37.9304046631, 48.7385978699, 74.8289260864, 55.8145294189, 54.1289520264, 33.9030189514, 16.2885189056, 3.63558363914, 2.01738715172, 0.317120701075, 0.0104527771473, 0.000550197961275],
        "mean": [2.28331971169, 5.37861251831, 4.6974606514, 5.51000356674, 8.19904232025, 4.6995306015, 8.39270019531, 27.2428913116, 40.2768554688, 10.9452238083, 11.0348730087, 20.7873020172, 24.9863967896, 7.86035060883, 16.6266784668, 7.04842472076, 5.9958896637, 8.53822612762, 6.15031480789, 7.46751832962, 6.77352809906, 6.12908744812, 5.90383005142, 3.75320792198, 5.42075681686, 12.9497385025, 4.05565214157, 1.90682971478, 2.54098701477, 3.55160856247, 5.01745033264, 3.75809788704, 2.51633691788, 1.82437980175, 0.77377563715, 0.232704415917, 0.124787211418, 0.021421764046, 0.000608362839557, 8.98336438695e-05],
        "median": [0.935016334057, 1.23672020435, 0.544257581234, 1.01617562771, 3.24943256378, 1.69304645061, 4.31818914413, 17.7832794189, 27.0072364807, 5.71484231949, 2.42444419861, 5.06477355957, 7.40375804901, 3.43919014931, 4.0464887619, 2.13478374481, 1.65289580822, 2.00514698029, 1.38394749165, 1.11571753025, 1.04702746868, 1.45308947563, 0.846679031849, 0.507615804672, 0.910357058048, 0.812495946884, 0.433652341366, 0.453640043736, 0.649197638035, 0.447835892439, 0.244568049908, 0.223297998309, 0.313295781612, 0.511037647724, 0.192222520709, 0.0294166337699, 0.00540706980973, 0.000536575913429, 5.43837595615e-05, 5.60022708669e-05],
        "min": [5.74593055743e-22, 1.13155197792e-21, 9.87446856235e-21, 2.59275207049e-20, 1.41756164621e-19, 2.13496233753e-19, 3.99483076972e-19, 1.20356058671e-19, 4.82835508208e-19, 1.60710656806e-18, 1.35417334831e-18, 1.02556416604e-18, 2.70977978702e-18, 8.39407169187e-18, 5.08165298509e-18, 4.3941790421e-18, 4.64213139379e-18, 2.11873773266e-18, 2.00113953292e-18, 5.96314669026e-18, 6.51249801457e-18, 8.12802228273e-18, 1.02638704532e-17, 1.15711963241e-17, 2.31634096531e-17, 1.7945764453e-17, 1.42311180065e-17, 1.65200144425e-17, 1.57777687353e-17, 1.39525947137e-17, 1.92843362444e-17, 1.73965645028e-17, 1.48047264022e-17, 1.15599954714e-17, 9.57419041947e-18, 5.73149724125e-18, 3.04305933442e-18, 1.33067893737e-18, 2.90611581e-19, 3.8855665439e-20],
        "stdev": [2.80314660072, 10.6941843033, 20.2274303436, 19.6682033539, 18.106803894, 13.9482107162, 16.0614109039, 30.4271812439, 55.2277259827, 18.8476543427, 28.609336853, 43.4504318237, 42.4486694336, 13.5267219543, 45.9159622192, 15.4723863602, 11.2772836685, 19.7427558899, 15.5268325806, 25.2422161102, 24.4091205597, 20.3987884521, 26.1475162506, 18.41847229, 21.1130580902, 84.9250030518, 17.7888755798, 4.72683477402, 4.87216234207, 7.50793981552, 11.5657758713, 8.25619220734, 5.38545179367, 3.47750973701, 1.49082839489, 0.467402011156, 0.276600331068, 0.0488329790533, 0.00140259449836, 9.26008142415e-05],
        "var": [7.85763120651, 114.365577698, 409.148925781, 386.838195801, 327.85635376, 194.552581787, 257.968902588, 925.813415527, 3050.10180664, 355.234039307, 818.49420166, 1887.94006348, 1801.8894043, 182.972198486, 2108.27563477, 239.394744873, 127.177116394, 389.776428223, 241.08253479, 637.169494629, 595.805175781, 416.110534668, 683.692626953, 339.240142822, 445.761260986, 7212.25585938, 316.444091797, 22.3429679871, 23.7379665375, 56.3691635132, 133.767166138, 68.1647033691, 29.0030899048, 12.0930738449, 2.22256922722, 0.218464642763, 0.0765077397227, 0.00238465983421, 1.96727137336e-06, 8.57491055939e-09]
    },
    "gfcc": {
        "mean": [-38.6358718872, 95.7437057495, -74.6221923828, 23.322479248, -63.9819297791, 20.2618560791, -38.6335220337, 17.4853649139, -17.7618236542, 11.5604343414, -5.24258089066, 7.21516036987, 1.08352255821],
        "cov": [[5706.36669922, -1171.30834961, 431.64541626, 340.764404297, -96.9546813965, 413.731811523, 117.300735474, 190.156173706, 171.831466675, 298.029266357, -63.0952301025, 286.843933105, -180.639892578], [-1171.30834961, 2017.30993652, -49.5857887268, -180.384277344, 454.241882324, -82.340637207, 320.427062988, 77.7441940308, 197.347930908, -86.2981185913, 234.904190063, -80.8035964966, 282.669006348], [431.64541626, -49.5857887268, 1224.41796875, 266.146209717, 165.283935547, 287.881469727, 202.313659668, 141.812545776, 210.27406311, 63.1145401001, 72.1522140503, 90.6932678223, 29.0066490173], [340.764404297, -180.384277344, 266.146209717, 493.188995361, 244.934020996, 108.032020569, 38.2665672302, 115.099365234, 88.4023132324, 31.6767482758, 12.9421710968, -59.3920898438, 51.6694259644], [-96.9546813965, 454.241882324, 165.283935547, 244.934020996, 542.153259277, 134.048248291, 157.707046509, 154.901229858, 188.378219604, 75.2522277832, 125.694862366, -32.5804519653, 140.996292114], [413.731811523, -82.340637207, 287.881469727, 108.032020569, 134.048248291, 289.470611572, 181.173599243, 119.285697937, 134.065795898, 85.2337875366, 77.9809799194, 79.7687530518, 16.221031189], [117.300735474, 320.427062988, 202.313659668, 38.2665672302, 157.707046509, 181.173599243, 483.580108643, 188.152175903, 201.526153564, 75.9750289917, 143.01461792, 114.988731384, 68.1432418823], [190.156173706, 77.7441940308, 141.812545776, 115.099365234, 154.901229858, 119.285697937, 188.152175903, 269.025268555, 161.555801392, 86.6640472412, 83.5028533936, 54.4528694153, 131.447982788], [171.831466675, 197.347930908, 210.27406311, 88.4023132324, 188.378219604, 134.065795898, 201.526153564, 161.555801392, 322.575897217, 135.323364258, 135.502197266, 76.686706543, 111.508209229], [298.029266357, -86.2981185913, 63.1145401001, 31.6767482758, 75.2522277832, 85.2337875366, 75.9750289917, 86.6640472412, 135.323364258, 267.860839844, 131.633377075, 67.2844696045, 75.4499282837], [-63.0952301025, 234.904190063, 72.1522140503, 12.9421710968, 125.694862366, 77.9809799194, 143.01461792, 83.5028533936, 135.502197266, 131.633377075, 250.990249634, 97.0439376831, 98.4064941406], [286.843933105, -80.8035964966, 90.6932678223, -59.3920898438, -32.5804519653, 79.7687530518, 114.988731384, 54.4528694153, 76.686706543, 67.2844696045, 97.0439376831, 218.760879517, 44.0712814331], [-180.639892578, 282.669006348, 29.0066490173, 51.6694259644, 140.996292114, 16.221031189, 68.1432418823, 131.447982788, 111.508209229, 75.4499282837, 98.4064941406, 44.0712814331, 263.148193359]],
        "icov": [[0.000260277010966, -3.99497112085e-05, 3.44981926901e-05, -0.000262017187197, 0.000129700085381, -0.000253850623267, 0.000108904423541, -0.000164294993738, -2.87237617158e-05, -0.000353862502379, 0.000362430291716, -0.000452924665296, 0.000323200045386], [-3.99497112085e-05, 0.00163961108774, -0.000181374300155, 0.0014631615486, -0.00137235503644, 0.000970685330685, -0.00115049106535, 0.00081495847553, -0.000485006137751, 0.00151503505185, -0.00136374065187, 0.00157976010814, -0.00147311156616], [3.44981926901e-05, -0.000181374300155, 0.00121853908058, -0.000708009814844, 0.000323504762491, -0.00104775489308, 0.00010667830793, 5.35451472388e-05, -0.000449193437817, 4.91951177537e-05, 0.000261577079073, -0.000466131517896, 0.000216575208469], [-0.000262017187197, 0.0014631615486, -0.000708009814844, 0.00473967939615, -0.00246028020047, 0.000628995825537, -0.000559231557418, -0.000170222207089, -0.00026121706469, 0.00152641185559, -0.00118771044072, 0.00263987341896, -0.00141978589818], [0.000129700085381, -0.00137235503644, 0.000323504762491, -0.00246028020047, 0.00476881256327, -0.00182747759391, 0.000651524635032, -0.000708217325155, -0.000595705292653, -0.000908867456019, 4.58974973299e-05, 0.000154429406393, 0.000223150345846], [-0.000253850623267, 0.000970685330685, -0.00104775489308, 0.000628995825537, -0.00182747759391, 0.0075480598025, -0.00180036236998, -0.000597768055741, -0.000414016569266, 0.000127455030452, -0.000875018420629, -0.000251951045357, 0.000562052300666], [0.000108904423541, -0.00115049106535, 0.00010667830793, -0.000559231557418, 0.000651524635032, -0.00180036236998, 0.00476879626513, -0.00248379819095, -0.000700566451997, -0.000294221215881, -1.4197593373e-05, -0.00193650752772, 0.00188719143625], [-0.000164294993738, 0.00081495847553, 5.35451472388e-05, -0.000170222207089, -0.000708217325155, -0.000597768055741, -0.00248379819095, 0.00849631614983, -0.00154059636407, 0.000370967056369, 9.13838448469e-05, 0.000898884260096, -0.00378351379186], [-2.87237617158e-05, -0.000485006137751, -0.000449193437817, -0.00026121706469, -0.000595705292653, -0.000414016569266, -0.000700566451997, -0.00154059636407, 0.00669578649104, -0.00200073979795, -0.000280400912743, -0.000793853658251, -0.000128105792101], [-0.000353862502379, 0.00151503505185, 4.91951177537e-05, 0.00152641185559, -0.000908867456019, 0.000127455030452, -0.000294221215881, 0.000370967056369, -0.00200073979795, 0.0076856026426, -0.00402386859059, 0.00181558250915, -0.00196058582515], [0.000362430291716, -0.00136374065187, 0.000261577079073, -0.00118771044072, 4.58974973299e-05, -0.000875018420629, -1.4197593373e-05, 9.13838448469e-05, -0.000280400912743, -0.00402386859059, 0.00918417330831, -0.00391799584031, 0.000399666023441], [-0.000452924665296, 0.00157976010814, -0.000466131517896, 0.00263987341896, 0.000154429406393, -0.000251951045357, -0.00193650752772, 0.000898884260096, -0.000793853658251, 0.00181558250915, -0.00391799584031, 0.00959262996912, -0.0028151308652], [0.000323200045386, -0.00147311156616, 0.000216575208469, -0.00141978589818, 0.000223150345846, 0.000562052300666, 0.00188719143625, -0.00378351379186, -0.000128105792101, -0.00196058582515, 0.000399666023441, -0.0028151308652, 0.00804476812482]]
    },
    "melbands": {
        "dmean": [0.00467016128823, 0.00302037852816, 0.00109449715819, 0.000402285717428, 0.000186286808457, 0.000304282497382, 0.000277978717349, 5.71174496145e-05, 6.09699163761e-05, 5.58899373573e-05, 4.96692955494e-05, 1.90279733943e-05, 2.41591551458e-05, 1.55105626618e-05, 1.00408251456e-05, 1.34374749905e-05, 1.56975002028e-05, 9.35188927542e-06, 1.11694707812e-05, 1.07777914309e-05, 8.16505598777e-06, 5.89084402236e-06, 5.65501068195e-06, 5.30690203959e-06, 3.67201278095e-06, 3.79972698283e-06, 4.01519355364e-06, 1.78223963303e-05, 3.68310156773e-06, 1.4126375163e-06, 1.01607008673e-06, 1.36851440402e-06, 1.86997215224e-06, 3.21653988067e-06, 4.36016352978e-06, 3.31082219418e-06, 3.20146705235e-06, 1.85326882729e-06, 2.04421712624e-06, 1.3471648117e-06],
        "dmean2": [0.00686577241868, 0.00490896170959, 0.00199398864061, 0.000704980746377, 0.000334907264914, 0.000491146929562, 0.000424785597716, 9.29729794734e-05, 9.19299127418e-05, 7.99890985945e-05, 6.98824151186e-05, 2.78235784208e-05, 3.51844064426e-05, 2.1751240638e-05, 1.40352703966e-05, 2.0751140255e-05, 2.44699804171e-05, 1.43433471749e-05, 1.75046316144e-05, 1.72024519998e-05, 1.31263686853e-05, 9.00426584849e-06, 8.47644514579e-06, 8.36209164845e-06, 6.26622522759e-06, 6.18348985881e-06, 6.24446010988e-06, 3.27471825585e-05, 6.42556597086e-06, 2.3420625439e-06, 1.62226342582e-06, 2.29476495406e-06, 3.19970081364e-06, 5.67343431612e-06, 7.67337860452e-06, 5.80151163376e-06, 5.67113238503e-06, 3.03514207189e-06, 3.36884045282e-06, 2.12265240407e-06],
        "dvar": [0.000119007578178, 0.000123627265566, 1.8239930796e-05, 1.82298254003e-06, 4.60550808157e-07, 2.67486626626e-07, 2.71176105571e-07, 2.76176095326e-08, 2.57940406811e-08, 1.49496113266e-08, 7.31256744047e-09, 1.85896864568e-09, 3.97134014563e-09, 1.40070266497e-09, 6.2307503601e-10, 8.54079862389e-10, 1.45753842329e-09, 5.21928666952e-10, 1.26523536093e-09, 1.44273759606e-09, 1.00078523246e-09, 3.69848901505e-10, 4.44326797577e-10, 4.75788575205e-10, 2.97178975872e-10, 2.47452225377e-10, 1.89963461628e-10, 1.06323954085e-08, 2.28955979176e-10, 1.83158471029e-11, 6.0948203949e-12, 7.73642521573e-12, 1.11932806773e-11, 3.7619803106e-11, 6.74740471829e-11, 3.70317145004e-11, 3.6445575724e-11, 1.2379275556e-11, 1.48404830091e-11, 5.2535827251e-12],
        "dvar2": [0.000291136151645, 0.000307786132907, 5.1868493756e-05, 5.22022492078e-06, 1.33449293571e-06, 6.69060625569e-07, 5.47079650914e-07, 6.96146287282e-08, 5.59427064672e-08, 2.55907526281e-08, 1.42154616967e-08, 4.12684952877e-09, 8.47468406562e-09, 2.66983457564e-09, 9.81523973209e-10, 1.87052018319e-09, 3.44304762478e-09, 1.25880350588e-09, 3.00239477724e-09, 3.2882907508e-09, 2.45491915685e-09, 7.46322226242e-10, 9.01792196473e-10, 1.05321384947e-09, 7.88132614726e-10, 5.70017255619e-10, 4.2144340795e-10, 3.03260350165e-08, 6.30899277265e-10, 4.75283631896e-11, 1.48149617574e-11, 1.96238841149e-11, 2.84658529387e-11, 9.80044170817e-11, 1.75098407995e-10, 9.62188800857e-11, 9.65463750613e-11, 3.03628476528e-11, 3.63696295302e-11, 1.14548986616e-11],
        "max": [0.113222695887, 0.0989043861628, 0.0519082807004, 0.0136618353426, 0.00682197744027, 0.00718050030991, 0.011951004155, 0.00365162244998, 0.0036836063955, 0.00299130682833, 0.00152733118739, 0.000504289055243, 0.00135577085894, 0.00068383681355, 0.00055076967692, 0.000318925449392, 0.000475199427456, 0.000248117896263, 0.000323164043948, 0.000378983473638, 0.000298692262731, 0.000192584993783, 0.000219158813707, 0.000214669824345, 0.000162257230841, 0.000169275153894, 0.00016572525783, 0.000980494427495, 0.000141729295137, 5.13397135364e-05, 2.70989385172e-05, 2.2067259124e-05, 2.20639158215e-05, 3.53757932317e-05, 4.77767134726e-05, 3.65032392438e-05, 3.72848626284e-05, 3.92661349906e-05, 2.9380154956e-05, 3.57194840035e-05],
        "mean": [0.0154126221314, 0.0036656986922, 0.00104759586975, 0.000470523547847, 0.000259891268797, 0.000640247249976, 0.000551016710233, 9.18447112781e-05, 9.24373453017e-05, 0.000135360693093, 0.00011972124048, 2.70849814115e-05, 4.95400854561e-05, 2.70940017799e-05, 1.33269913931e-05, 1.47925875353e-05, 1.6392348698e-05, 9.20661386772e-06, 1.03046213553e-05, 1.01007663034e-05, 7.68264089857e-06, 6.3006846176e-06, 5.77179207539e-06, 4.72621013614e-06, 2.71048043032e-06, 3.40791530107e-06, 4.06122671848e-06, 1.08956492113e-05, 2.6844131753e-06, 1.32254922391e-06, 9.90856278804e-07, 1.28414137635e-06, 1.61215973549e-06, 2.28837348004e-06, 3.00188389701e-06, 2.36884943661e-06, 2.29641682381e-06, 1.5918022882e-06, 1.86330817087e-06, 1.43595502777e-06],
        "median": [0.00604675663635, 0.00074586214032, 0.000279342231806, 0.000179901166121, 0.000134204761707, 0.000435090390965, 0.000379122589948, 3.76954048988e-05, 1.68404167198e-05, 3.08914786729e-05, 3.48200010194e-05, 1.05304297904e-05, 1.2603632058e-05, 7.66979610489e-06, 3.02529474538e-06, 3.15032025355e-06, 3.05172329718e-06, 2.09322024602e-06, 1.32331365421e-06, 1.32166678668e-06, 1.10578832846e-06, 1.50503910845e-06, 1.02673709534e-06, 4.82299412852e-07, 3.21506320233e-07, 4.64925761889e-07, 8.8918432084e-07, 3.73561249489e-07, 2.34412041777e-07, 2.37044588403e-07, 2.44192733589e-07, 3.55686950115e-07, 3.55032483412e-07, 1.86122676382e-07, 1.23142797293e-07, 1.32046253043e-07, 1.34362608151e-07, 1.45514732708e-07, 3.38582083259e-07, 4.53249924703e-07],
        "min": [3.96000561913e-24, 3.60508408167e-24, 8.29534573494e-24, 1.26561964291e-23, 1.48712413315e-23, 2.76844916838e-24, 8.4551476551e-24, 1.90497681267e-23, 9.54281013855e-24, 6.85952343527e-24, 1.54499907123e-23, 3.58998859716e-23, 1.77708131846e-23, 1.1679776744e-23, 1.06413076265e-23, 9.20051077e-24, 3.2113781978e-24, 2.50175008747e-24, 7.46772414914e-24, 6.68060031564e-24, 8.73914783617e-24, 8.01357566365e-24, 1.11807883004e-23, 7.93546975656e-24, 7.68516182475e-24, 2.15451434292e-23, 8.85111954191e-24, 1.34336306841e-23, 7.6055539265e-24, 1.06323682548e-23, 1.00175592531e-23, 8.83460631659e-24, 9.02332551094e-24, 6.7287642182e-24, 1.1467246572e-23, 1.12173125603e-23, 9.94948213469e-24, 1.1381313587e-23, 8.14246528037e-24, 1.03103891543e-23],
        "stdev": [0.019422005862, 0.0105588007718, 0.00330338254571, 0.0010840165196, 0.000551170494873, 0.000690190703608, 0.000726230326109, 0.000184022894246, 0.000259384600213, 0.000289530318696, 0.000208162658964, 5.20754219906e-05, 0.000124200902064, 6.6219632572e-05, 3.48472967744e-05, 3.2717056456e-05, 4.10855609516e-05, 2.24633040489e-05, 3.41880804626e-05, 3.6857843952e-05, 2.93014454655e-05, 2.06158383662e-05, 2.24615905609e-05, 2.14914798562e-05, 1.43994775499e-05, 1.48759600052e-05, 1.37360457302e-05, 7.84562944318e-05, 1.22066539916e-05, 3.79003404305e-06, 2.35194670495e-06, 2.56557177636e-06, 3.05164644487e-06, 5.21288575328e-06, 7.00076861904e-06, 5.26744133822e-06, 5.14312523592e-06, 3.47753552887e-06, 3.91234652852e-06, 2.76861055681e-06],
        "var": [0.000377214280888, 0.000111488283437, 1.09123357106e-05, 1.17509171105e-06, 3.03788937117e-07, 4.76363169355e-07, 5.27410463746e-07, 3.38644277065e-08, 6.7280375049e-08, 8.38278069182e-08, 4.33316920123e-08, 2.7118494117e-09, 1.54258650298e-08, 4.38503988676e-09, 1.21433418876e-09, 1.07040587505e-09, 1.68802338774e-09, 5.04600028428e-10, 1.16882492573e-09, 1.35850064531e-09, 8.58574711327e-10, 4.25012802729e-10, 5.04523034461e-10, 4.618836702e-10, 2.07344946768e-10, 2.21294177427e-10, 1.88678961344e-10, 6.1553899755e-09, 1.49002393757e-10, 1.43643577935e-11, 5.53165369413e-12, 6.58215886309e-12, 9.31254639375e-12, 2.71741795732e-11, 4.90107607276e-11, 2.7745937492e-11, 2.64517366344e-11, 1.20932534819e-11, 1.53064540209e-11, 7.6652044087e-12]
    },
    "melbands128": {
