{
"lowlevel": {
    "average_loudness": 0.975453495979,
    "barkbands_crest": {
        "dmean": 1.80848419666,
        "dmean2": 2.85259866714,
        "dvar": 3.35752439499,
        "dvar2": 8.31371212006,
        "max": 22.3624267578,
        "mean": 10.3544979095,
        "median": 9.78517055511,
        "min": 3.79726648331,
        "stdev": 3.07089757919,
        "var": 9.43041133881
    },
    "barkbands_flatness_db": {
        "dmean": 0.0185686331242,
        "dmean2": 0.0257464461029,
        "dvar": 0.000367831700714,
        "dvar2": 0.000688927888405,
        "max": 0.328868240118,
        "mean": 0.174353420734,
        "median": 0.168274879456,
        "min": 0.0648864507675,
        "stdev": 0.0437456555665,
        "var": 0.00191368232481
    },
    "barkbands_kurtosis": {
        "dmean": 2.33512163162,
        "dmean2": 3.59156513214,
        "dvar": 12.131020546,
        "dvar2": 28.4340686798,
        "max": 35.2980461121,
        "mean": 4.68159627914,
        "median": 2.8983874321,
        "min": -1.69387805462,
        "stdev": 5.84220218658,
        "var": 34.1313247681
    },
    "barkbands_skewness": {
        "dmean": 0.452259838581,
        "dmean2": 0.654417455196,
        "dvar": 0.263980418444,
        "dvar2": 0.565176486969,
        "max": 5.35005140305,
        "mean": 1.49913787842,
        "median": 1.4245557785,
        "min": -2.06631827354,
        "stdev": 1.12331080437,
        "var": 1.26182711124
    },
    "barkbands_spread": {
        "dmean": 2.67924642563,
        "dmean2": 3.84587740898,
        "dvar": 8.70262050629,
        "dvar2": 17.0861949921,
        "max": 53.4343986511,
        "mean": 14.4956226349,
        "median": 14.2102746964,
        "min": 2.1090939045,
        "stdev": 6.74806547165,
        "var": 45.5363845825
    },
    "dissonance": {
        "dmean": 0.0345227047801,
        "dmean2": 0.0579310208559,
        "dvar": 0.00106060586404,
        "dvar2": 0.00271189911291,
        "max": 0.499631077051,
        "mean": 0.426980674267,
        "median": 0.433299869299,
        "min": 0.0357477255166,
        "stdev": 0.0450228862464,
        "var": 0.00202706037089
    },
    "dynamic_complexity": 1.94777560234,
    "erbbands_crest": {
        "dmean": 3.08889603615,
        "dmean2": 4.8201341629,
        "dvar": 8.1353225708,
        "dvar2": 18.7792930603,
        "max": 30.6476745605,
        "mean": 12.091424942,
        "median": 11.5872659683,
        "min": 2.56808972359,
        "stdev": 5.15046405792,
        "var": 26.5272808075
    },
    "erbbands_flatness_db": {
        "dmean": 0.018956258893,
        "dmean2": 0.026744665578,
        "dvar": 0.000402832723921,
        "dvar2": 0.000718475319445,
        "max": 0.277635365725,
        "mean": 0.174857646227,
        "median": 0.177391275764,
        "min": 0.0548598617315,
        "stdev": 0.0425690449774,
        "var": 0.00181212357711
    },
    "erbbands_kurtosis": {
        "dmean": 1.37216758728,
        "dmean2": 2.18854427338,
        "dvar": 3.72602057457,
        "dvar2": 9.06576919556,
        "max": 21.3319911957,
        "mean": 2.24682307243,
        "median": 1.8521027565,
        "min": -1.65017914772,
        "stdev": 2.66331315041,
        "var": 7.09323644638
    },
    "erbbands_skewness": {
        "dmean": 0.387448310852,
        "dmean2": 0.598982691765,
        "dvar": 0.141403853893,
        "dvar2": 0.347386837006,
        "max": 3.66116333008,
        "mean": 0.727869331837,
        "median": 0.745420396328,
        "min": -2.19599103928,
        "stdev": 0.704647421837,
        "var": 0.496527969837
    },
    "erbbands_spread": {
        "dmean": 6.89986467361,
        "dmean2": 9.97435283661,
        "dvar": 83.7440643311,
        "dvar2": 168.902236938,
        "max": 124.332427979,
        "mean": 26.9469642639,
        "median": 22.1933860779,
        "min": 4.97518348694,
        "stdev": 17.0726051331,
        "var": 291.473815918
    },
    "hfc": {
        "dmean": 6.39260005951,
        "dmean2": 9.18069553375,
        "dvar": 71.7078704834,
        "dvar2": 154.126785278,
        "max": 112.929359436,
        "mean": 25.7899723053,
        "median": 24.3773097992,
        "min": 1.18653579626e-16,
        "stdev": 16.3891868591,
        "var": 268.605438232
    },
    "loudness_ebu128": {
        "integrated": -8.16941642761,
        "loudness_range": 1.63366508484,
        "momentary": {
            "dmean": 0.438999116421,
            "dmean2": 0.474737614393,
            "dvar": 0.120872139931,
            "dvar2": 0.186523884535,
            "max": -6.35076332092,
            "mean": -8.31206417084,
            "median": -8.17084121704,
            "min": -11.7449417114,
            "stdev": 1.14950239658,
            "var": 1.32135570049
        },
        "short_term": {
            "dmean": 0.0584438592196,
            "dmean2": 0.0653332099319,
            "dvar": 0.001702542766,
            "dvar2": 0.00241786940023,
            "max": -7.2168712616,
            "mean": -8.20703601837,
            "median": -8.10227203369,
            "min": -9.65231990814,
            "stdev": 0.577761769295,
            "var": 0.33380869031
        }
    },
    "melbands_crest": {
        "dmean": 2.28399181366,
        "dmean2": 3.74564099312,
        "dvar": 6.11478900909,
        "dvar2": 14.8302278519,
        "max": 33.1940345764,
        "mean": 14.3373699188,
        "median": 13.6307106018,
        "min": 2.44917345047,
        "stdev": 4.13969993591,
        "var": 17.1371173859
    },
    "melbands_flatness_db": {
        "dmean": 0.0199250597507,
        "dmean2": 0.0271624196321,
        "dvar": 0.000489738071337,
        "dvar2": 0.000918025965802,
        "max": 0.469718426466,
        "mean": 0.256613850594,
        "median": 0.247792884707,
        "min": 0.00543913058937,
        "stdev": 0.0523926839232,
        "var": 0.00274499342777
    },
    "melbands_kurtosis": {
        "dmean": 5.30719089508,
        "dmean2": 8.1222038269,
        "dvar": 87.885307312,
        "dvar2": 215.991790771,
        "max": 140.500274658,
        "mean": 10.2970571518,
        "median": 5.44346809387,
        "min": -1.63942718506,
        "stdev": 13.4740552902,
        "var": 181.55015564
    },
    "melbands_skewness": {
        "dmean": 0.622933328152,
        "dmean2": 0.928701281548,
        "dvar": 0.619601666927,
        "dvar2": 1.43396735191,
        "max": 10.2177810669,
        "mean": 2.14073467255,
        "median": 1.85789275169,
        "min": -0.386080443859,
        "stdev": 1.45127928257,
        "var": 2.10621166229
    },
    "melbands_spread": {
        "dmean": 3.22899484634,
        "dmean2": 4.49282979965,
        "dvar": 25.7679538727,
        "dvar2": 37.9712753296,
        "max": 157.227478027,
        "mean": 16.455488205,
        "median": 14.9012556076,
        "min": 2.10752034187,
        "stdev": 10.1687192917,
        "var": 103.402854919
    },
    "pitch_salience": {
        "dmean": 0.0496486909688,
        "dmean2": 0.0797892361879,
        "dvar": 0.00245861918665,
        "dvar2": 0.0060193608515,
        "max": 0.891754686832,
        "mean": 0.488110423088,
        "median": 0.480427801609,
        "min": 0.276205688715,
        "stdev": 0.0863714441657,
        "var": 0.0074600270018
    },
    "silence_rate_20dB": {
        "dmean": 0,
        "dmean2": 0,
        "dvar": 0,
        "dvar2": 0,
        "max": 1,
        "mean": 1,
        "median": 1,
        "min": 1,
        "stdev": 0,
        "var": 0
    },
    "silence_rate_30dB": {
        "dmean": 0.0294117648154,
        "dmean2": 0.0588690936565,
        "dvar": 0.0285471044481,
        "dvar2": 0.0708944350481,
        "max": 1,
        "mean": 0.978344917297,
        "median": 1,
        "min": 0,
        "stdev": 0.145554929972,
        "var": 0.0211862381548
    },
    "silence_rate_60dB": {
        "dmean": 0.000773993786424,
        "dmean2": 0.00154918665066,
        "dvar": 0.000773391744588,
        "dvar2": 0.00154677091632,
        "max": 1,
        "mean": 0.00154679035768,
        "median": 0,
        "min": 0,
        "stdev": 0.0392987206578,
        "var": 0.00154438940808
    },
    "spectral_centroid": {
        "dmean": 113.214576721,
        "dmean2": 161.274398804,
        "dvar": 97268.609375,
        "dvar2": 115774.84375,
        "max": 11366.3691406,
        "mean": 784.585388184,
        "median": 792.909240723,
        "min": 233.526077271,
        "stdev": 400.109405518,
        "var": 160087.53125
    },
    "spectral_complexity": {
        "dmean": 2.86222910881,
        "dmean2": 4.59178924561,
        "dvar": 13.7302408218,
        "dvar2": 31.8760280609,
        "max": 48,
        "mean": 15.7316322327,
        "median": 15,
        "min": 0,
        "stdev": 5.385658741,
        "var": 29.005317688
    },
    "spectral_decrease": {
        "dmean": 3.09434811108e-09,
        "dmean2": 5.15575759863e-09,
        "dvar": 2.99062650606e-17,
        "dvar2": 8.10502930868e-17,
        "max": 3.22872856546e-29,
        "mean": -1.30266188947e-08,
        "median": -1.26824479807e-08,
        "min": -5.04111596911e-08,
        "stdev": 6.09666672702e-09,
        "var": 3.71693475902e-17
    },
    "spectral_energy": {
        "dmean": 0.0121587999165,
        "dmean2": 0.0201588869095,
        "dvar": 0.000445763580501,
        "dvar2": 0.00120272417553,
        "max": 0.194129407406,
        "mean": 0.0515046790242,
        "median": 0.0507034808397,
        "min": 1.06403691471e-20,
        "stdev": 0.0240314975381,
        "var": 0.000577512837481
    },
    "spectral_energyband_high": {
        "dmean": 0.000235781160882,
        "dmean2": 0.000326949753799,
        "dvar": 3.3136805655e-07,
        "dvar2": 7.95717767232e-07,
        "max": 0.00667188689113,
        "mean": 0.000459690607386,
        "median": 0.000262568210019,
        "min": 8.10910196086e-21,
        "stdev": 0.000680300057866,
        "var": 4.62808174007e-07
    },
    "spectral_energyband_low": {
        "dmean": 0.0069376071915,
        "dmean2": 0.0121473828331,
        "dvar": 0.000384413375286,
        "dvar2": 0.00109709531534,
        "max": 0.172381326556,
        "mean": 0.0217807572335,
        "median": 0.0200045704842,
        "min": 1.72123062901e-22,
        "stdev": 0.0175614189357,
        "var": 0.000308403425151
    },
    "spectral_energyband_middle_high": {
        "dmean": 0.00281647290103,
        "dmean2": 0.00374129251577,
        "dvar": 1.3838301129e-05,
        "dvar2": 2.55278009718e-05,
        "max": 0.0499176606536,
        "mean": 0.00982196815312,
        "median": 0.00553474575281,
        "min": 1.35165532813e-21,
        "stdev": 0.00986224599183,
        "var": 9.72638881649e-05
    },
    "spectral_energyband_middle_low": {
        "dmean": 0.00721837859601,
        "dmean2": 0.0114410212263,
        "dvar": 0.00011708366219,
        "dvar2": 0.00029971843469,
        "max": 0.114739090204,
        "mean": 0.0216315351427,
        "median": 0.0201306529343,
        "min": 2.8258093195e-22,
        "stdev": 0.0129067888483,
        "var": 0.00016658520326
    },
    "spectral_entropy": {
        "dmean": 0.174714460969,
        "dmean2": 0.242418661714,
        "dvar": 0.0385596677661,
        "dvar2": 0.0645692199469,
        "max": 9.78710174561,
        "mean": 7.15276956558,
        "median": 7.15631580353,
        "min": 5.94143676758,
        "stdev": 0.437916904688,
        "var": 0.191771224141
    },
    "spectral_flux": {
        "dmean": 0.0354053638875,
        "dmean2": 0.0562134608626,
        "dvar": 0.0017945212312,
        "dvar2": 0.00354379531927,
        "max": 0.39991658926,
        "mean": 0.0957189798355,
        "median": 0.0776827186346,
        "min": 1.03152167363e-10,
        "stdev": 0.0598469413817,
        "var": 0.0035816563759
    },
    "spectral_kurtosis": {
        "dmean": 2.23934650421,
        "dmean2": 3.4842748642,
        "dvar": 8.72180843353,
        "dvar2": 19.6665458679,
        "max": 57.7627792358,
        "mean": 6.77546024323,
        "median": 5.70365142822,
        "min": -1.21371865273,
        "stdev": 4.82261037827,
        "var": 23.2575702667
    },
    "spectral_rms": {
        "dmean": 0.000776425120421,
        "dmean2": 0.00125228683464,
        "dvar": 1.30366754547e-06,
        "dvar2": 3.28136798089e-06,
        "max": 0.0137620689347,
        "mean": 0.00691345147789,
        "median": 0.00703326426446,
        "min": 3.22193226959e-12,
        "stdev": 0.00156610948034,
        "var": 2.45269893639e-06
    },
    "spectral_rolloff": {
        "dmean": 153.531814575,
        "dmean2": 241.434738159,
        "dvar": 285498.9375,
        "dvar2": 324840.09375,
        "max": 18733.8867188,
        "mean": 774.478515625,
        "median": 667.529296875,
        "min": 107.666015625,
        "stdev": 663.731689453,
        "var": 440539.78125
    },
    "spectral_skewness": {
        "dmean": 0.269178837538,
        "dmean2": 0.398700505495,
        "dvar": 0.089371971786,
        "dvar2": 0.17979811132,
        "max": 5.76574993134,
        "mean": 2.10473132133,
        "median": 2.0281598568,
        "min": -0.0694334506989,
        "stdev": 0.592616081238,
        "var": 0.351193845272
    },
    "spectral_spread": {
        "dmean": 584637,
        "dmean2": 787322.875,
        "dvar": 1.25033224602e+12,
        "dvar2": 1.1503239168e+12,
        "max": 41058072,
        "mean": 4555543.5,
        "median": 4351274,
        "min": 1057495.125,
        "stdev": 1862702.125,
        "var": 3.46965907866e+12
    },
    "spectral_strongpeak": {
        "dmean": 0.839189291,
        "dmean2": 1.47978520393,
        "dvar": 2.02112340927,
        "dvar2": 4.74082517624,
        "max": 10.3928966522,
        "mean": 1.43509149551,
        "median": 0.491398066282,
        "min": 0,
        "stdev": 1.80216276646,
        "var": 3.24779081345
    },
    "zerocrossingrate": {
        "dmean": 0.00594894355163,
        "dmean2": 0.00689304852858,
        "dvar": 0.000224800460273,
        "dvar2": 0.00024241709616,
        "max": 0.51513671875,
        "mean": 0.0355810895562,
        "median": 0.0341796875,
        "min": 0.00537109375,
        "stdev": 0.0203383881599,
        "var": 0.000413650006521
    },
    "barkbands": {
        "dmean": [0.000377180462237, 0.00437870575115, 0.00277095660567, 0.00142395915464, 0.00252735754475, 0.00165938329883, 0.000875197874848, 0.00160880282056, 0.00228328094818, 0.00162249861751, 0.000756694877055, 0.000700391829014, 0.000796309846919, 0.00079889211338, 0.000174872810021, 0.000128009894979, 6.8451394327e-05, 9.71836780082e-05, 5.53970967303e-05, 6.11251598457e-05, 4.94306332257e-05, 6.43976600259e-05, 4.54585861007e-05, 4.24917816417e-05, 3.37052806572e-05, 1.65784149431e-05, 2.22880498768e-06],
        "dmean2": [0.00060143484734, 0.00743489293382, 0.00509256962687, 0.00240949424915, 0.00418043229729, 0.00266397814266, 0.00145622959826, 0.00248462194577, 0.00335989962332, 0.00234647048637, 0.00106548296753, 0.00107177568134, 0.00113394553773, 0.00116054597311, 0.000280349195236, 0.000191508952412, 0.000106738065369, 0.000155521498527, 8.90248047654e-05, 9.4364018878e-05, 8.15525781945e-05, 0.000101641227957, 6.46395419608e-05, 6.27259432804e-05, 4.74339467473e-05, 2.3124352083e-05, 3.4861950553e-06],
        "dvar": [1.48545814227e-06, 0.000135018795845, 8.57544437167e-05, 1.62929882208e-05, 2.52851186815e-05, 7.00374130247e-06, 5.44500744581e-06, 1.32317190946e-05, 3.13129166898e-05, 1.27196954054e-05, 2.79724804386e-06, 2.65138078248e-06, 4.52580934507e-06, 2.51701339948e-06, 1.88602953699e-07, 1.86323134699e-07, 1.71190972509e-08, 2.57972203599e-08, 1.22672902947e-08, 1.34484618997e-08, 3.14727053308e-08, 2.50911345034e-08, 7.9456867752e-09, 7.31230009876e-09, 5.91770676905e-09, 2.53486187596e-09, 4.66827791701e-11],
        "dvar2": [3.54976077688e-06, 0.000377108139219, 0.000256321683992, 4.38519891759e-05, 6.72191526974e-05, 1.67204179888e-05, 1.32300037876e-05, 3.22473388223e-05, 6.95547423675e-05, 2.60368560703e-05, 5.03827232023e-06, 5.74089972361e-06, 9.13064741326e-06, 5.2503992265e-06, 4.72695319331e-07, 2.63534900569e-07, 3.65083430154e-08, 6.54031637737e-08, 3.02039318001e-08, 2.98775404417e-08, 8.56092299273e-08, 6.56609273619e-08, 1.74971166444e-08, 1.58783848292e-08, 1.15993188388e-08, 5.10061548553e-09, 1.03094706383e-10],
        "max": [0.0138522814959, 0.106408953667, 0.0954710766673, 0.0454496815801, 0.0582938604057, 0.0321786738932, 0.0302938874811, 0.0506783500314, 0.0668139904737, 0.0647672116756, 0.0253877360374, 0.0314328745008, 0.0267162211239, 0.0224213879555, 0.00758581887931, 0.0168627388775, 0.00207292241976, 0.00216087978333, 0.00117257342208, 0.00141600810457, 0.00275539886206, 0.00203343899921, 0.000992886838503, 0.00117279868573, 0.00131670536939, 0.0012308935402, 8.7446103862e-05],
        "mean": [0.000634197320323, 0.014389295131, 0.00560469552875, 0.00255140918307, 0.00546274101362, 0.00357649079524, 0.00152257410809, 0.00303460191935, 0.00358610157855, 0.003738069674, 0.00167064578272, 0.00126097083557, 0.00125847093295, 0.00181443418842, 0.000252713798545, 0.000250476557994, 0.00011559977429, 0.000166700861882, 9.05443812371e-05, 0.000105685336166, 6.29603819107e-05, 0.000115639566502, 7.75043881731e-05, 7.96020831331e-05, 5.62555433135e-05, 2.40718109126e-05, 2.25969893108e-06],
        "median": [0.000111265559099, 0.0138860838488, 0.00399875734001, 0.00128026283346, 0.00322684436105, 0.00208435440436, 0.000586140726227, 0.000671488523949, 0.000578998704441, 0.000639094505459, 0.000237922184169, 0.00040705333231, 0.000214831059566, 0.000352521805326, 0.000130713931867, 8.77295751707e-05, 6.40904181637e-05, 9.90782209556e-05, 4.7854056902e-05, 5.30121214979e-05, 2.3983850042e-05, 6.76087001921e-05, 3.36595549015e-05, 3.75652089133e-05, 2.0695530111e-05, 6.12922849541e-06, 2.28808843872e-07],
        "min": [3.64586582389e-23, 8.10082588858e-23, 4.58186664287e-23, 2.6309079169e-23, 8.57077683554e-23, 2.34265908876e-23, 3.45580840589e-23, 4.17914179116e-23, 6.88155048278e-23, 6.53680185889e-23, 8.56727429313e-23, 8.73160348601e-23, 5.81699783732e-23, 5.96861311677e-23, 8.84706621681e-23, 2.74201638793e-22, 1.4383329915e-22, 1.27456736084e-22, 2.23580522858e-22, 3.30315599523e-22, 3.72182606086e-22, 5.81389376432e-22, 5.90554753704e-22, 9.19799900533e-22, 1.24702728001e-21, 1.63417567556e-21, 2.72135252362e-21],
        "stdev": [0.00137545005418, 0.0119944764301, 0.00745585095137, 0.00409018527716, 0.00636992184445, 0.00421315198764, 0.00320861884393, 0.00526313949376, 0.00731724873185, 0.0066438051872, 0.00393740460277, 0.0027229860425, 0.00325235864148, 0.00357143580914, 0.000460494047729, 0.00106729008257, 0.000170803410583, 0.000198407433345, 0.000133376001031, 0.000162025506143, 0.000161520467373, 0.000168957514688, 0.00012081337627, 0.000123121382785, 0.000108068838017, 6.89801381668e-05, 7.18839692126e-06],
        "var": [1.89186300759e-06, 0.00014386746625, 5.55897167942e-05, 1.67296147993e-05, 4.05759055866e-05, 1.77506481123e-05, 1.029523537e-05, 2.7700636565e-05, 5.35421313543e-05, 4.41401462012e-05, 1.5503155737e-05, 7.41465237297e-06, 1.05778362922e-05, 1.27551529658e-05, 2.12054757753e-07, 1.13910823529e-06, 2.91738047054e-08, 3.93655099629e-08, 1.77891585906e-08, 2.6252262586e-08, 2.60888608494e-08, 2.85466423833e-08, 1.45958720665e-08, 1.51588732678e-08, 1.1678873868e-08, 4.75825912005e-09, 5.16730512545e-11]
    },
    "erbbands": {
        "dmean": [0.108966544271, 1.1364825964, 3.31469464302, 3.43347358704, 6.67529773712, 8.47279262543, 14.6578102112, 11.7660694122, 15.3617258072, 10.4747285843, 47.657409668, 50.5371055603, 48.8863487244, 35.7883262634, 23.5453624725, 28.3637657166, 31.7568817139, 46.8864593506, 15.8316001892, 8.23429107666, 4.43158340454, 3.76310276985, 4.92746543884, 3.5483186245, 3.01413249969, 2.74567556381, 2.04116868973, 1.88066661358, 2.26564764977, 1.85871517658, 1.281219244, 1.12174141407, 0.592529416084, 0.366324394941, 0.264428108931, 0.0977328047156, 0.0256987977773, 0.0055484212935, 0.0002254894207, 1.71919764398e-05],
        "dmean2": [0.17028914392, 2.00792241096, 6.12023735046, 6.07910203934, 11.3688659668, 13.7131509781, 23.008310318, 18.8576087952, 25.7053222656, 16.2071933746, 73.0032501221, 74.4774551392, 67.5848236084, 50.9193496704, 32.890296936, 42.9366722107, 44.9115066528, 65.8345565796, 23.1145572662, 12.268863678, 6.78370141983, 5.91916179657, 7.9136428833, 5.61616611481, 4.7811870575, 4.25759935379, 3.2907679081, 3.07196521759, 3.59999585152, 2.8167579174, 1.84062588215, 1.6320797205, 0.871455132961, 0.516185879707, 0.379016160965, 0.140452578664, 0.0357100665569, 0.00806658528745, 0.000342039915267, 2.70340169664e-05],
        "dvar": [0.0842417925596, 10.7219820023, 123.621170044, 71.0370483398, 470.196014404, 235.417526245, 572.02142334, 531.060546875, 1867.33532715, 1093.67980957, 12327.46875, 19360.4941406, 15591.6953125, 4388.77001953, 3225.98168945, 5173.13964844, 7306.140625, 8062.62695312, 1183.29174805, 747.241333008, 136.959411621, 57.8985328674, 75.8232269287, 40.4887580872, 39.3622093201, 31.031162262, 54.7086868286, 35.0616035461, 32.9353370667, 13.6970615387, 7.13569545746, 4.59724664688, 1.79925513268, 0.773545324802, 0.357306540012, 0.081100448966, 0.00560173625126, 0.00024439432309, 4.75262623922e-07, 9.43174982559e-10],
        "dvar2": [0.188692480326, 31.6210575104, 368.009033203, 201.754394531, 1274.84436035, 591.998840332, 1285.99523926, 1312.05493164, 4585.17529297, 2710.13769531, 29994.875, 42767.7851562, 31746.5527344, 9055.39453125, 5780.02197266, 11275.7919922, 15545.1621094, 14501.7734375, 2249.28857422, 1538.41662598, 238.257629395, 130.562393188, 192.762435913, 99.2233276367, 103.447280884, 71.4465560913, 147.377853394, 94.0627365112, 86.8052597046, 32.3754882812, 16.0948524475, 10.3398160934, 3.7739405632, 1.58206939697, 0.744185984135, 0.162068605423, 0.0115402135998, 0.000494289328344, 1.05262404304e-06, 2.35064390175e-09],
        "max": [2.9849793911, 27.9200572968, 102.170532227, 69.6881866455, 266.345703125, 193.307418823, 330.296478271, 365.169433594, 536.176208496, 814.388061523, 1624.40100098, 2083.96240234, 2436.22460938, 1175.64990234, 1149.31494141, 1583.24462891, 1282.44494629, 1271.80749512, 796.471740723, 642.403259277, 351.22543335, 143.483428955, 141.157180786, 79.9945297241, 69.7390518188, 56.1290931702, 119.950378418, 68.5720672607, 77.8768844604, 43.4201126099, 32.9622116089, 26.6297054291, 18.0947532654, 12.1732683182, 11.6073656082, 7.12838125229, 1.45777201653, 0.258546441793, 0.00842473190278, 0.000270545686362],
        "mean": [0.460738062859, 3.01826810837, 6.68980979919, 7.41802453995, 11.272146225, 18.9489841461, 33.8162384033, 25.0668010712, 28.0634727478, 19.9267559052, 93.2814941406, 85.8338623047, 115.406684875, 91.9894180298, 49.9821586609, 56.8651313782, 57.9297904968, 102.192390442, 34.795589447, 15.068898201, 9.46157550812, 6.8189740181, 8.9826335907, 6.42462110519, 4.87598562241, 4.67462205887, 2.90541744232, 2.52045440674, 3.89966225624, 3.43807411194, 2.16103339195, 2.0424425602, 1.0601143837, 0.597924172878, 0.422015726566, 0.148563161492, 0.0354826487601, 0.00717105250806, 0.000271726690698, 6.51166628813e-05],
        "median": [0.356745779514, 2.63682746887, 4.71929550171, 4.76019096375, 6.6840429306, 9.65615558624, 17.8922138214, 15.0707302094, 9.76505088806, 11.4229469299, 20.005645752, 23.1863231659, 24.6293201447, 25.7026863098, 14.073597908, 23.2217292786, 18.8742351532, 28.0256023407, 13.0549087524, 6.77067708969, 4.3960814476, 3.9920270443, 5.93969583511, 3.23783159256, 2.52339816093, 2.4098803997, 1.31689155102, 1.0484919548, 2.0685031414, 1.92316102982, 0.906282305717, 0.994280993938, 0.423992455006, 0.19972512126, 0.153949633241, 0.0464530289173, 0.00725292693824, 0.00127351772971, 6.17723781033e-05, 6.23282467132e-05],
        "min": [2.85429838107e-21, 1.61735345531e-20, 3.95994591372e-20, 1.10429167538e-19, 6.95696699896e-20, 4.26657304262e-19, 2.57218170424e-19, 2.07951435312e-19, 5.10663828569e-19, 8.00624030686e-19, 8.35094869859e-19, 1.7799609497e-18, 8.92415591177e-19, 2.90855687169e-18, 3.77695051749e-18, 3.97588580045e-18, 3.27230230823e-18, 3.49831803687e-18, 4.38844006301e-18, 8.08042631029e-18, 1.1984674961e-17, 8.62109141099e-18, 8.26514980314e-18, 1.14149832654e-17, 1.02165466231e-17, 1.46709812234e-17, 1.62618993498e-17, 1.4842614583e-17, 1.86198273168e-17, 1.90042992111e-17, 1.88393114205e-17, 2.00299700835e-17, 1.44553583987e-17, 1.26021181389e-17, 9.3697643116e-18, 5.58677661641e-18, 3.37930887381e-18, 1.29499570991e-18, 3.43423521745e-19, 4.19827829707e-20],
        "stdev": [0.448110878468, 2.84267187119, 8.80923271179, 8.15333557129, 20.3753967285, 25.1295986176, 44.3006744385, 33.8041954041, 60.259803772, 36.0881500244, 157.500946045, 180.190002441, 237.039855957, 167.468612671, 101.397964478, 121.054466248, 128.752212524, 179.423873901, 67.8819656372, 42.0229530334, 27.9662399292, 9.81527805328, 10.4689645767, 8.90570163727, 7.14233541489, 7.10522413254, 6.82729387283, 5.63024282455, 6.00241136551, 4.76169109344, 3.41197538376, 2.95325088501, 1.98181700706, 1.19918549061, 0.816253304482, 0.388395607471, 0.102570012212, 0.0194107461721, 0.000743003969546, 3.60696940334e-05],
        "var": [0.200803369284, 8.08078289032, 77.6025772095, 66.4768753052, 415.156799316, 631.496704102, 1962.54968262, 1142.72375488, 3631.24389648, 1302.35461426, 24806.5488281, 32468.4355469, 56187.890625, 28045.7382812, 10281.5478516, 14654.1835938, 16577.1328125, 32192.9257812, 4607.96142578, 1765.9284668, 782.110534668, 96.3396835327, 109.599227905, 79.3115234375, 51.0129547119, 50.4842071533, 46.6119384766, 31.6996326447, 36.0289421082, 22.6737003326, 11.6415758133, 8.72169113159, 3.92759871483, 1.43804585934, 0.666269481182, 0.150851145387, 0.0105206081644, 0.000376777083147, 5.5205487115e-07, 1.30102284501e-09]
    },
    "gfcc": {
        "mean": [19.802898407, 121.577217102, -98.1621322632, 21.4854202271, -57.8080177307, 29.8082885742, -31.6562747955, 7.46139001846, -20.6551246643, 2.49769544601, -11.2204036713, -0.355057746172, -11.4965705872],
        "cov": [[3784.47827148, -893.340393066, -398.676513672, -0.815705001354, -162.009231567, 215.585281372, -8.9117193222, 239.822906494, -138.479171753, 152.731307983, -142.514785767, 52.3131408691, -130.805831909], [-893.340393066, 849.394348145, -54.6557922363, -28.6031322479, 105.28401947, -103.849304199, 84.577507019, -102.27999115, 102.597175598, -133.868331909, 119.486106873, -43.2638206482, 87.3551559448], [-398.676513672, -54.6557922363, 468.559844971, 71.4398117065, -52.490398407, -0.754996299744, -64.116645813, -10.4060516357, 9.25417613983, 32.0888252258, 32.9454193115, 73.259262085, -7.89242839813], [-0.815705001354, -28.6031322479, 71.4398117065, 264.095581055, -13.4033184052, -75.9779510498, -35.390625, -8.09054756165, 56.3076133728, 8.99087333679, 18.3902359009, 12.0634555817, 51.1446151733], [-162.009231567, 105.28401947, -52.490398407, -13.4033184052, 179.717590332, -10.4747934341, 17.2489738464, 9.33997154236, 19.7676391602, 7.83124685287, -11.7846727371, -16.2029418945, 33.5290107727], [215.585281372, -103.849304199, -0.754996299744, -75.9779510498, -10.4747934341, 198.936889648, 59.2985992432, 17.1007347107, -20.7481613159, 34.0133666992, 10.779091835, 5.00348424911, -16.6257972717], [-8.9117193222, 84.577507019, -64.116645813, -35.390625, 17.2489738464, 59.2985992432, 161.361572266, 32.4455833435, 5.27187919617, -9.24538803101, 27.7754993439, 6.34885263443, -1.38074421883], [239.822906494, -102.27999115, -10.4060516357, -8.09054756165, 9.33997154236, 17.1007347107, 32.4455833435, 140.715240479, 19.4625244141, 33.5037002563, 13.0142421722, 20.492855072, -10.3141708374], [-138.479171753, 102.597175598, 9.25417613983, 56.3076133728, 19.7676391602, -20.7481613159, 5.27187919617, 19.4625244141, 117.394363403, 5.94800329208, 30.705329895, 8.40117263794, 32.5379333496], [152.731307983, -133.868331909, 32.0888252258, 8.99087333679, 7.83124685287, 34.0133666992, -9.24538803101, 33.5037002563, 5.94800329208, 102.392875671, 14.9783992767, 15.217505455, -0.554550886154], [-142.514785767, 119.486106873, 32.9454193115, 18.3902359009, -11.7846727371, 10.779091835, 27.7754993439, 13.0142421722, 30.705329895, 14.9783992767, 113.08000946, 30.2136802673, 20.1176166534], [52.3131408691, -43.2638206482, 73.259262085, 12.0634555817, -16.2029418945, 5.00348424911, 6.34885263443, 20.492855072, 8.40117263794, 15.217505455, 30.2136802673, 88.9774780273, 10.7431049347], [-130.805831909, 87.3551559448, -7.89242839813, 51.1446151733, 33.5290107727, -16.6257972717, -1.38074421883, -10.3141708374, 32.5379333496, -0.554550886154, 20.1176166534, 10.7431049347, 87.0516433716]],
        "icov": [[0.000559992622584, -8.31231154734e-05, 0.000793790153693, -0.000603130378295, 0.000512520316988, -0.000724561337847, 0.000490587495733, -0.000875638565049, 0.000577552360483, -0.000618363148533, 0.00083008618094, -0.000946768908761, 0.000624630716629], [-8.31231154734e-05, 0.00471946271136, -0.000818053784315, 0.00241323676892, -0.00213309843093, 0.00266490061767, -0.00245208456181, 0.00317258806899, -0.00318736466579, 0.00486991461366, -0.0056931222789, 0.00330572202802, -0.00255514960736], [0.000793790153693, -0.000818053784315, 0.00411164667457, -0.00195497903042, 0.00124127836898, -0.00185133947525, 0.00224336003885, -0.0012106745271, 0.00119070208166, -0.00191720819566, 0.00149784213863, -0.00410651927814, 0.00229886849411], [-0.000603130378295, 0.00241323676892, -0.00195497903042, 0.00729915732518, -0.000445574056357, 0.00393034657463, -0.00172244233545, 0.00258117401972, -0.00386477867141, 0.00198992993683, -0.00343326758593, 0.00313566415571, -0.00472910935059], [0.000512520316988, -0.00213309843093, 0.00124127836898, -0.000445574056357, 0.00822055805475, -0.00091480644187, 0.000486601493321, -0.00249902671203, 0.000975243165158, -0.00395187549293, 0.00453537004068, -0.00096632289933, -0.00166292476933], [-0.000724561337847, 0.00266490061767, -0.00185133947525, 0.00393034657463, -0.00091480644187, 0.00940731633455, -0.00466204853728, 0.003087379504, -0.00191068137065, 0.00049320544349, -0.00403263745829, 0.00341502414085, -0.00257125217468], [0.000490587495733, -0.00245208456181, 0.00224336003885, -0.00172244233545, 0.000486601493321, -0.00466204853728, 0.010328582488, -0.00398826692253, 0.00192588812206, -0.000522798392922, 0.00127024191897, -0.00337868114002, 0.00242685852572], [-0.000875638565049, 0.00317258806899, -0.0012106745271, 0.00258117401972, -0.00249902671203, 0.003087379504, -0.00398826692253, 0.0122211128473, -0.00460993079469, 0.00114996277262, -0.00469278404489, 0.00144422450103, -0.000552056881133], [0.000577552360483, -0.00318736466579, 0.00119070208166, -0.00386477867141, 0.000975243165158, -0.00191068137065, 0.00192588812206, -0.00460993079469, 0.0137633662671, -0.00355888833292, 0.00216106860898, -0.00254125031643, -0.000164196811966], [-0.000618363148533, 0.00486991461366, -0.00191720819566, 0.00198992993683, -0.00395187549293, 0.00049320544349, -0.000522798392922, 0.00114996277262, -0.00355888833292, 0.0180667396635, -0.00802263244987, 0.00334081519395, -0.00252767768688], [0.00083008618094, -0.0056931222789, 0.00149784213863, -0.00343326758593, 0.00453537004068, -0.00403263745829, 0.00127024191897, -0.00469278404489, 0.00216106860898, -0.00802263244987, 0.0193140227348, -0.00757342763245, 0.00167259608861], [-0.000946768908761, 0.00330572202802, -0.00410651927814, 0.00313566415571, -0.00096632289933, 0.00341502414085, -0.00337868114002, 0.00144422450103, -0.00254125031643, 0.00334081519395, -0.00757342763245, 0.0187926925719, -0.00541037600487], [0.000624630716629, -0.00255514960736, 0.00229886849411, -0.00472910935059, -0.00166292476933, -0.00257125217468, 0.00242685852572, -0.000552056881133, -0.000164196811966, -0.00252767768688, 0.00167259608861, -0.00541037600487, 0.0184258837253]]
    },
    "melbands": {
        "dmean": [0.00103078514803, 0.00157254457008, 0.000682179699652, 0.000494844571222, 0.00047686646576, 0.000284888228634, 0.000210993151995, 0.00013793168182, 0.00043432431994, 0.000303919630824, 0.00024963443866, 0.000150098698214, 8.69312716532e-05, 7.02213073964e-05, 7.21073374734e-05, 9.34353229241e-05, 9.27448127186e-05, 3.37018209393e-05, 1.06266952571e-05, 1.26814002215e-05, 4.3099762479e-06, 4.15535532738e-06, 4.66253140985e-06, 4.50782408734e-06, 3.00623605654e-06, 2.02286878448e-06, 2.68781013801e-06, 1.7203274183e-06, 1.28246938402e-06, 1.27853547838e-06, 1.07968457996e-06, 1.27034070374e-06, 1.48195465499e-06, 9.05676984075e-07, 7.57481075198e-07, 7.83965106166e-07, 6.99794725278e-07, 4.61317966938e-07, 3.38289623869e-07, 3.18149972145e-07],
        "dmean2": [0.0017109059263, 0.00289485417306, 0.00118327094242, 0.000832469959278, 0.000747680373024, 0.000456166715594, 0.00035135037615, 0.000206283992156, 0.000662851205561, 0.000449052866315, 0.000342558021657, 0.000216813205043, 0.000120215379866, 0.000105745573819, 0.000105056882603, 0.000134904752485, 0.000135691298055, 4.77621324535e-05, 1.71704377863e-05, 1.81522464118e-05, 6.8869135248e-06, 6.64763820168e-06, 7.40368250263e-06, 7.19533181837e-06, 4.76558579976e-06, 3.30251828018e-06, 4.20401693191e-06, 2.72311262961e-06, 2.04421280614e-06, 2.16863304559e-06, 1.79246251264e-06, 2.02754335987e-06, 2.34263370658e-06, 1.36286189445e-06, 1.11543033654e-06, 1.16136800443e-06, 1.04465777895e-06, 6.87855276738e-07, 4.94356129366e-07, 4.60513263079e-07],
        "dvar": [7.04127569406e-06, 2.59994412772e-05, 3.31383807861e-06, 1.58137402195e-06, 5.26963503944e-07, 2.78315866353e-07, 3.35845413701e-07, 1.74261160168e-07, 1.11236386147e-06, 7.22786296592e-07, 3.9454513967e-07, 7.83281279837e-08, 3.94534005466e-08, 2.60533763452e-08, 4.66272815913e-08, 7.16855339533e-08, 3.61019125705e-08, 6.20155926612e-09, 7.70295827124e-10, 2.25817542443e-09, 8.86768852792e-11, 8.73726369033e-11, 9.05720290434e-11, 4.96090807323e-11, 3.08332942511e-11, 2.03599550413e-11, 2.84590649657e-11, 1.26475956444e-11, 1.52402014619e-11, 2.57248788244e-11, 1.03851545419e-11, 1.06772524849e-11, 1.12724569262e-11, 2.91938435232e-12, 2.63623628136e-12, 2.34063961789e-12, 1.81353456558e-12, 1.01227197197e-12, 6.29233752776e-13, 6.0298505555e-13],
        "dvar2": [1.78797145054e-05, 7.70657206886e-05, 9.14769861993e-06, 4.3550112423e-06, 1.1843401353e-06, 7.05311947513e-07, 8.24974051739e-07, 4.24082941208e-07, 2.6871434784e-06, 1.56380247063e-06, 7.93814820099e-07, 1.70201246874e-07, 6.78062050952e-08, 5.43050013846e-08, 1.13909628396e-07, 1.3788789488e-07, 6.900405225e-08, 1.11735349861e-08, 1.92661619991e-09, 3.21581339335e-09, 1.97314914407e-10, 1.97112617895e-10, 2.24204821375e-10, 1.2706570518e-10, 7.62288912548e-11, 5.34991391465e-11, 6.78468739523e-11, 2.93840125842e-11, 4.00163166492e-11, 7.07431196956e-11, 2.7706791722e-11, 2.83973001364e-11, 2.90989263935e-11, 6.52471219414e-12, 6.03786595374e-12, 5.05933272707e-12, 4.31099080045e-12, 2.13560614505e-12, 1.31375910584e-12, 1.26045853442e-12],
        "max": [0.0257281921804, 0.0406333357096, 0.0189396683127, 0.015728995204, 0.00937468931079, 0.00768250599504, 0.00727670732886, 0.0100706517696, 0.0145863862708, 0.0133259212598, 0.0122983790934, 0.00498967058957, 0.0038243397139, 0.00309652579017, 0.00452530896291, 0.00360243837349, 0.00285314675421, 0.00183354539331, 0.0005474560312, 0.00180616322905, 0.000196215230972, 0.000184479824384, 0.000176962625119, 8.86647467269e-05, 6.78565193084e-05, 4.91871178383e-05, 6.94680347806e-05, 3.33973985107e-05, 5.24773604411e-05, 8.71430165716e-05, 4.48264399893e-05, 4.84880147269e-05, 3.97834046453e-05, 2.08051951631e-05, 1.87789992196e-05, 1.97563349502e-05, 1.85688440979e-05, 1.43800898513e-05, 9.54209554038e-06, 1.17562804007e-05],
        "mean": [0.0040217093192, 0.003581012832, 0.00143936288077, 0.00100322440267, 0.0011636124691, 0.000605696754064, 0.000382090365747, 0.000245017872658, 0.000819198496174, 0.000508988799993, 0.000565373629797, 0.000368610810256, 0.000184533841093, 0.00012601360504, 0.000131955137476, 0.000148501509102, 0.000200635186047, 6.51629452477e-05, 1.5689562133e-05, 2.44308230322e-05, 7.66780249251e-06, 6.84685801389e-06, 7.96299991634e-06, 7.56481358621e-06, 5.02780130773e-06, 2.9641889796e-06, 4.27049917562e-06, 2.76745049632e-06, 1.85280953247e-06, 1.50286052758e-06, 1.40874260524e-06, 2.06828008231e-06, 2.53589064414e-06, 1.62106414336e-06, 1.17607146422e-06, 1.29286127049e-06, 1.23303311739e-06, 7.87588533058e-07, 5.34663854523e-07, 4.86531462229e-07],
        "median": [0.00336778676137, 0.00284886383452, 0.000990269705653, 0.000614577613305, 0.000625716056675, 0.000365889834939, 0.000143239667523, 0.000107019201096, 0.000155623172759, 9.97525858111e-05, 8.59965584823e-05, 8.25469905976e-05, 3.36057019013e-05, 4.45394580311e-05, 3.87839099858e-05, 2.43172653427e-05, 4.31218104495e-05, 1.76969169843e-05, 8.91362560651e-06, 7.93308390712e-06, 4.15677959609e-06, 3.63869435205e-06, 4.67879453936e-06, 4.39425093646e-06, 2.20848028221e-06, 1.56610917657e-06, 1.77973163318e-06, 1.36781056881e-06, 8.52169762311e-07, 4.82738244045e-07, 5.55150108994e-07, 1.02801016055e-06, 1.45481385516e-06, 8.20826357995e-07, 4.19573240151e-07, 5.41131498721e-07, 5.66056826301e-07, 3.03054491724e-07, 1.70770931618e-07, 1.43754490978e-07],
        "min": [2.5827861395e-23, 2.2787927521e-23, 1.56690289867e-23, 1.53424926368e-23, 1.32937609125e-23, 4.68092627332e-24, 8.02075350903e-24, 9.46716232205e-24, 7.64209396363e-24, 1.06421233087e-23, 4.46416544037e-24, 1.15475612897e-23, 1.31087304317e-23, 9.45019629056e-24, 1.03148564736e-23, 5.40655406053e-24, 6.2645897841e-24, 5.85255590039e-24, 6.98972492768e-24, 1.94002132729e-23, 1.093958619e-23, 8.70892736375e-24, 8.13269287148e-24, 6.05213297625e-24, 9.88302770317e-24, 7.66996284169e-24, 8.23060944248e-24, 1.0206780163e-23, 1.00990193967e-23, 9.99837257815e-24, 7.86391455043e-24, 9.11378813525e-24, 1.42064808684e-23, 8.34301265514e-24, 1.20664211394e-23, 8.82095192318e-24, 1.41152775037e-23, 9.64632209995e-24, 1.12097402845e-23, 1.03413464228e-23],
        "stdev": [0.00339993066154, 0.00401149783283, 0.00170390238054, 0.0013062984217, 0.0013980360236, 0.000757077068556, 0.000801236659754, 0.000482915871544, 0.00143088819459, 0.00113853625953, 0.0011975337984, 0.000679327757098, 0.000395083538024, 0.000254574493738, 0.00031558109913, 0.000403981655836, 0.000389125372749, 0.000155113462824, 2.90464777208e-05, 0.000109616317786, 1.50188652697e-05, 1.13371688713e-05, 1.098521534e-05, 9.00715986063e-06, 7.70516362536e-06, 4.68032476419e-06, 7.24041592548e-06, 4.35007450506e-06, 3.83773158319e-06, 4.4466178224e-06, 3.09602660309e-06, 3.38477275363e-06, 3.66869176105e-06, 2.41232010012e-06, 1.99298096959e-06, 2.06272261494e-06, 1.80894573987e-06, 1.52360541961e-06, 1.0755202311e-06, 1.03460581613e-06],
        "var": [1.15595285024e-05, 1.6092113583e-05, 2.90328330266e-06, 1.70641555997e-06, 1.95450456886e-06, 5.73165664264e-07, 6.4198019345e-07, 2.33207728684e-07, 2.04744105758e-06, 1.29626494072e-06, 1.43408726672e-06, 4.61486223458e-07, 1.5609100501e-07, 6.4808176603e-08, 9.95914248847e-08, 1.63201178793e-07, 1.51418561245e-07, 2.40601885082e-08, 8.43697833819e-10, 1.20157377381e-08, 2.25566315626e-10, 1.28531393861e-10, 1.20674956139e-10, 8.11289369018e-11, 5.93695509421e-11, 2.19054410028e-11, 5.24236244692e-11, 1.8923147771e-11, 1.47281839502e-11, 1.97724111389e-11, 9.58538109996e-12, 1.14566862941e-11, 1.34592987797e-11, 5.81928862736e-12, 3.97197292418e-12, 4.25482435742e-12, 3.27228457005e-12, 2.32137356213e-12, 1.15674364618e-12, 1.07040927771e-12]
    },
    "melbands128": {
