{
"lowlevel": {
    "average_loudness": 0.791578233242,
    "barkbands_crest": {
        "dmean": 2.32988834381,
        "dmean2": 3.83379197121,
        "dvar": 5.64618492126,
        "dvar2": 13.6310882568,
        "max": 25.1981468201,
        "mean": 10.7001066208,
        "median": 10.0472412109,
        "min": 3.24747490883,
        "stdev": 3.81951403618,
        "var": 14.5886878967
    },
    "barkbands_flatness_db": {
        "dmean": 0.0213799085468,
        "dmean2": 0.032633215189,
        "dvar": 0.000391380803194,
        "dvar2": 0.000894238299225,
        "max": 0.371498465538,
        "mean": 0.225452587008,
        "median": 0.232325479388,
        "min": 0.0421047993004,
        "stdev": 0.0871453806758,
        "var": 0.0075943171978
    },
    "barkbands_kurtosis": {
        "dmean": 2.10280013084,
        "dmean2": 3.34469056129,
        "dvar": 5.94020462036,
        "dvar2": 13.0714588165,
        "max": 36.9833297729,
        "mean": 6.1799697876,
        "median": 4.66842889786,
        "min": -1.89547073841,
        "stdev": 6.05772781372,
        "var": 36.6960639954
    },
    "barkbands_skewness": {
        "dmean": 0.422625422478,
        "dmean2": 0.644705176353,
        "dvar": 0.214407861233,
        "dvar2": 0.403697580099,
        "max": 4.9161438942,
        "mean": 1.6482719183,
        "median": 1.60561478138,
        "min": -1.84950590134,
        "stdev": 1.06015968323,
        "var": 1.1239386797
    },
    "barkbands_spread": {
        "dmean": 3.94821119308,
        "dmean2": 5.86866617203,
        "dvar": 82.4589385986,
        "dvar2": 147.061950684,
        "max": 95.7996292114,
        "mean": 11.7091846466,
        "median": 6.30209636688,
        "min": 1.64773786068,
        "stdev": 15.0524940491,
        "var": 226.577575684
    },
    "dissonance": {
        "dmean": 0.0333694070578,
        "dmean2": 0.0566263869405,
        "dvar": 0.000853143632412,
        "dvar2": 0.00213670101948,
        "max": 0.499794065952,
        "mean": 0.420325607061,
        "median": 0.425769388676,
        "min": 0.198094010353,
        "stdev": 0.0435385853052,
        "var": 0.00189560838044
    },
    "dynamic_complexity": 4.83426475525,
    "erbbands_crest": {
        "dmean": 2.58089900017,
        "dmean2": 4.03531122208,
        "dvar": 6.80862855911,
        "dvar2": 15.6527795792,
        "max": 28.531370163,
        "mean": 12.0244550705,
        "median": 11.2162046432,
        "min": 3.09329199791,
        "stdev": 4.42051839828,
        "var": 19.5409832001
    },
    "erbbands_flatness_db": {
        "dmean": 0.0188656449318,
        "dmean2": 0.027256494388,
        "dvar": 0.000397293013521,
        "dvar2": 0.000887955189683,
        "max": 0.381686151028,
        "mean": 0.258375138044,
        "median": 0.271580964327,
        "min": 0.0416441187263,
        "stdev": 0.0745341479778,
        "var": 0.00555533869192
    },
    "erbbands_kurtosis": {
        "dmean": 1.32628583908,
        "dmean2": 2.04539895058,
        "dvar": 2.54202318192,
        "dvar2": 5.45619440079,
        "max": 20.2304992676,
        "mean": 2.54491472244,
        "median": 2.00627803802,
        "min": -1.81014204025,
        "stdev": 3.06160545349,
        "var": 9.37342834473
    },
    "erbbands_skewness": {
        "dmean": 0.377223610878,
        "dmean2": 0.568908810616,
        "dvar": 0.170210421085,
        "dvar2": 0.343048840761,
        "max": 3.51897120476,
        "mean": 1.06236004829,
        "median": 1.14674925804,
        "min": -2.88840103149,
        "stdev": 0.856086313725,
        "var": 0.732883751392
    },
    "erbbands_spread": {
        "dmean": 5.5253329277,
        "dmean2": 8.56010341644,
        "dvar": 110.543449402,
        "dvar2": 243.952514648,
        "max": 126.438247681,
        "mean": 21.2893218994,
        "median": 15.6944847107,
        "min": 3.77246427536,
        "stdev": 17.3796577454,
        "var": 302.052520752
    },
    "hfc": {
        "dmean": 6.69232368469,
        "dmean2": 9.32321834564,
        "dvar": 153.571548462,
        "dvar2": 307.121520996,
        "max": 117.26751709,
        "mean": 14.5226535797,
        "median": 3.15845227242,
        "min": 1.23793759362e-16,
        "stdev": 20.5328025818,
        "var": 421.596008301
    },
    "loudness_ebu128": {
        "integrated": -16.8038539886,
        "loudness_range": 9.25904273987,
        "momentary": {
            "dmean": 0.506680428982,
            "dmean2": 0.581762671471,
            "dvar": 0.263456583023,
            "dvar2": 0.30561631918,
            "max": -12.1623754501,
            "mean": -18.8178882599,
            "median": -20.6349658966,
            "min": -27.6183376312,
            "stdev": 4.41833496094,
            "var": 19.5216846466
        },
        "short_term": {
            "dmean": 0.0952240750194,
            "dmean2": 0.0758455470204,
            "dvar": 0.0149556845427,
            "dvar2": 0.0106211975217,
            "max": -13.5654277802,
            "mean": -18.5343208313,
            "median": -16.3740463257,
            "min": -23.6534633636,
            "stdev": 4.11950016022,
            "var": 16.970281601
        }
    },
    "melbands_crest": {
        "dmean": 2.7418782711,
        "dmean2": 4.39386081696,
        "dvar": 8.84043216705,
        "dvar2": 20.316614151,
        "max": 34.1894607544,
        "mean": 12.5148973465,
        "median": 11.6312875748,
        "min": 1.58959329128,
        "stdev": 4.45672369003,
        "var": 19.8623867035
    },
    "melbands_flatness_db": {
        "dmean": 0.0238453522325,
        "dmean2": 0.0339636802673,
        "dvar": 0.000608039903454,
        "dvar2": 0.00115133810323,
        "max": 0.45141902566,
        "mean": 0.283812195063,
        "median": 0.29190081358,
        "min": 0.00506788212806,
        "stdev": 0.087851703167,
        "var": 0.00771792186424
    },
    "melbands_kurtosis": {
        "dmean": 2.93172121048,
        "dmean2": 4.62811899185,
        "dvar": 15.7670640945,
        "dvar2": 37.0419120789,
        "max": 66.5496826172,
        "mean": 8.02384185791,
        "median": 5.97222995758,
        "min": -1.58687770367,
        "stdev": 6.94105768204,
        "var": 48.1782836914
    },
    "melbands_skewness": {
        "dmean": 0.452160388231,
        "dmean2": 0.696242451668,
        "dvar": 0.250561594963,
        "dvar2": 0.523342847824,
        "max": 7.51952219009,
        "mean": 1.77237904072,
        "median": 1.76530635357,
        "min": -1.16483938694,
        "stdev": 0.999984443188,
        "var": 0.99996894598
    },
    "melbands_spread": {
        "dmean": 5.93701076508,
        "dmean2": 8.32702159882,
        "dvar": 230.749465942,
        "dvar2": 391.974151611,
        "max": 192.151123047,
        "mean": 15.3149499893,
        "median": 8.82729625702,
        "min": 2.47029232979,
        "stdev": 22.1324920654,
        "var": 489.847198486
    },
    "pitch_salience": {
        "dmean": 0.0607998371124,
        "dmean2": 0.093530587852,
        "dvar": 0.00394789688289,
        "dvar2": 0.0091968709603,
        "max": 0.828389585018,
        "mean": 0.61082726717,
        "median": 0.618749678135,
        "min": 0.0987941175699,
        "stdev": 0.0979398563504,
        "var": 0.00959221553057
    },
    "silence_rate_20dB": {
        "dmean": 0,
        "dmean2": 0,
        "dvar": 0,
        "dvar2": 0,
        "max": 1,
        "mean": 1,
        "median": 1,
        "min": 1,
        "stdev": 0,
        "var": 0
    },
    "silence_rate_30dB": {
        "dmean": 0,
        "dmean2": 0,
        "dvar": 0,
        "dvar2": 0,
        "max": 1,
        "mean": 1,
        "median": 1,
        "min": 1,
        "stdev": 0,
        "var": 0
    },
    "silence_rate_60dB": {
        "dmean": 0.0565015487373,
        "dmean2": 0.113090626895,
        "dvar": 0.0533074997365,
        "dvar2": 0.118889324367,
        "max": 1,
        "mean": 0.203402936459,
        "median": 0,
        "min": 0,
        "stdev": 0.402525305748,
        "var": 0.162026628852
    },
    "spectral_centroid": {
        "dmean": 164.996200562,
        "dmean2": 228.514404297,
        "dvar": 154570.890625,
        "dvar2": 231724.171875,
        "max": 11350.9648438,
        "mean": 802.646911621,
        "median": 638.66784668,
        "min": 343.379577637,
        "stdev": 595.342834473,
        "var": 354433.0625
    },
    "spectral_complexity": {
        "dmean": 1.85526311398,
        "dmean2": 2.85127806664,
        "dvar": 5.05412149429,
        "dvar2": 9.84464168549,
        "max": 31,
        "mean": 11.4083528519,
        "median": 10,
        "min": 0,
        "stdev": 5.74748086929,
        "var": 33.0335388184
    },
    "spectral_decrease": {
        "dmean": 1.38578104547e-09,
        "dmean2": 1.98848182364e-09,
        "dvar": 6.29705923762e-18,
        "dvar2": 1.23265073491e-17,
        "max": 4.05083704005e-29,
        "mean": -3.85431242478e-09,
        "median": -1.54166013289e-09,
        "min": -2.28205614405e-08,
        "stdev": 4.53463400163e-09,
        "var": 2.05629060085e-17
    },
    "spectral_energy": {
        "dmean": 0.00569414393976,
        "dmean2": 0.00820849090815,
        "dvar": 0.000103041988041,
        "dvar2": 0.000202055016416,
        "max": 0.0904839336872,
        "mean": 0.015864321962,
        "median": 0.00632727658376,
        "min": 1.10755776248e-20,
        "stdev": 0.018564183265,
        "var": 0.000344628933817
    },
    "spectral_energyband_high": {
        "dmean": 0.000366373657016,
        "dmean2": 0.000516995147336,
        "dvar": 1.63162133049e-06,
        "dvar2": 3.14554449687e-06,
        "max": 0.0158019531518,
        "mean": 0.000469623191748,
        "median": 4.899868145e-06,
        "min": 8.38057391373e-21,
        "stdev": 0.00164270785172,
        "var": 2.69848919743e-06
    },
    "spectral_energyband_low": {
        "dmean": 0.000218875065912,
        "dmean2": 0.000302317901514,
        "dvar": 1.42976389839e-07,
        "dvar2": 3.43308641959e-07,
        "max": 0.00581805640832,
        "mean": 0.000941495236475,
        "median": 0.00049972103443,
        "min": 8.47645431483e-23,
        "stdev": 0.00108740420546,
        "var": 1.18244781788e-06
    },
    "spectral_energyband_middle_high": {
        "dmean": 0.00218831188977,
        "dmean2": 0.00302131986246,
        "dvar": 2.38905176957e-05,
        "dvar2": 4.53949687653e-05,
        "max": 0.071808218956,
        "mean": 0.00408660806715,
        "median": 0.000639809120912,
        "min": 1.56261435418e-21,
        "stdev": 0.00782132707536,
        "var": 6.11731520621e-05
    },
    "spectral_energyband_middle_low": {
        "dmean": 0.00444418005645,
        "dmean2": 0.00660712504759,
        "dvar": 6.5973130404e-05,
        "dvar2": 0.000141661774251,
        "max": 0.0838664993644,
        "mean": 0.0107872094959,
        "median": 0.00464880699292,
        "min": 2.45614228356e-22,
        "stdev": 0.012702611275,
        "var": 0.000161356336321
    },
    "spectral_entropy": {
        "dmean": 0.201801165938,
        "dmean2": 0.298907309771,
        "dvar": 0.049111828208,
        "dvar2": 0.0921652987599,
        "max": 9.79462051392,
        "mean": 6.69452238083,
        "median": 6.62169647217,
        "min": 5.284263134,
        "stdev": 0.693468153477,
        "var": 0.480898112059
    },
    "spectral_flux": {
        "dmean": 0.0224200114608,
        "dmean2": 0.0364263094962,
        "dvar": 0.000996058573946,
        "dvar2": 0.00255246786401,
        "max": 0.264798045158,
        "mean": 0.0578204244375,
        "median": 0.0362159907818,
        "min": 1.052405732e-10,
        "stdev": 0.0556029528379,
        "var": 0.00309168826789
    },
    "spectral_kurtosis": {
        "dmean": 8.10525894165,
        "dmean2": 13.5029821396,
        "dvar": 75.8193054199,
        "dvar2": 221.168914795,
        "max": 79.1544494629,
        "mean": 16.5454444885,
        "median": 11.7694606781,
        "min": -1.26670694351,
        "stdev": 14.1009960175,
        "var": 198.838088989
    },
    "spectral_rms": {
        "dmean": 0.00057761289645,
        "dmean2": 0.000830709701404,
        "dvar": 7.31966508738e-07,
        "dvar2": 1.29716738684e-06,
        "max": 0.00939558446407,
        "mean": 0.00338271376677,
        "median": 0.00248454278335,
        "min": 3.2871632933e-12,
        "stdev": 0.00200863694772,
        "var": 4.03462263421e-06
    },
    "spectral_rolloff": {
        "dmean": 422.214141846,
        "dmean2": 671.999450684,
        "dvar": 1771322,
        "dvar2": 2949673.25,
        "max": 18906.1523438,
        "mean": 1247.82568359,
        "median": 732.12890625,
        "min": 21.533203125,
        "stdev": 1782.2121582,
        "var": 3176280.25
    },
    "spectral_skewness": {
        "dmean": 0.641149401665,
        "dmean2": 1.03321659565,
        "dvar": 0.316014707088,
        "dvar2": 0.892044842243,
        "max": 6.66238307953,
        "mean": 2.71333956718,
        "median": 2.56386113167,
        "min": -0.053240660578,
        "stdev": 1.05637574196,
        "var": 1.11592960358
    },
    "spectral_spread": {
        "dmean": 708672.25,
        "dmean2": 988727,
        "dvar": 2.39106182349e+12,
        "dvar2": 3.61692004352e+12,
        "max": 41462160,
        "mean": 3212397.25,
        "median": 2133286.25,
        "min": 742153.75,
        "stdev": 2655995.75,
        "var": 7.05431339008e+12
    },
    "spectral_strongpeak": {
        "dmean": 0.581939220428,
        "dmean2": 0.911969542503,
        "dvar": 1.2462887764,
        "dvar2": 2.69469022751,
        "max": 13.9058208466,
        "mean": 1.13204920292,
        "median": 0.586460590363,
        "min": 0,
        "stdev": 1.4604165554,
        "var": 2.13281655312
    },
    "zerocrossingrate": {
        "dmean": 0.0110898800194,
        "dmean2": 0.011666555889,
        "dvar": 0.000583938672207,
        "dvar2": 0.000588548486121,
        "max": 0.5107421875,
        "mean": 0.0452164299786,
        "median": 0.03076171875,
        "min": 0.0126953125,
        "stdev": 0.0458481684327,
        "var": 0.00210205465555
    },
    "barkbands": {
        "dmean": [1.67473081092e-05, 9.74731665337e-05, 9.06660570763e-05, 0.000187620724319, 0.000881702930201, 0.000592886644881, 0.00238002859987, 0.00140762387309, 0.0010685705347, 0.000759149028454, 0.000742339354474, 0.000411554792663, 0.000402247154852, 0.00039014063077, 0.000427219900303, 0.000151300249854, 0.000101194360468, 0.000119225456729, 4.55697627331e-05, 2.26198208111e-05, 2.40204590227e-05, 6.28125635558e-05, 0.000145587619045, 9.06179775484e-05, 6.8574132456e-05, 2.34002600337e-05, 1.29058571474e-06],
        "dmean2": [1.8406257368e-05, 9.81863267953e-05, 0.000138536604936, 0.000308993883664, 0.00143562129233, 0.00099392211996, 0.00363519182429, 0.00226330780424, 0.00157181522809, 0.00108375737909, 0.00117053079884, 0.000631057249848, 0.000667137501296, 0.000574227247853, 0.000640305574052, 0.000219142311835, 0.000153755710926, 0.000183868847671, 6.79225486238e-05, 3.57627504854e-05, 3.70344023395e-05, 9.93510766421e-05, 0.000215462801862, 0.000135972557473, 9.92929926724e-05, 3.58530669473e-05, 2.23733900384e-06],
        "dvar": [9.99116567257e-10, 2.78350995586e-08, 2.94853510496e-08, 2.01292948532e-07, 2.78045649793e-06, 3.42492944583e-06, 3.474024561e-05, 1.82963485713e-05, 9.54997904046e-06, 9.07797766558e-06, 1.04332057163e-05, 2.31606668422e-06, 2.35173479268e-06, 2.9760558391e-06, 2.34038770941e-06, 5.16309796694e-07, 9.90603368223e-08, 1.63573488976e-07, 1.57928283784e-08, 8.97685836776e-09, 1.96090326199e-08, 7.99447903432e-08, 4.45490172751e-07, 1.14345219515e-07, 5.79737324813e-08, 7.34419014492e-09, 1.30167099321e-10],
        "dvar2": [1.76903991456e-09, 3.66777150873e-08, 7.9849300505e-08, 5.69427015762e-07, 6.6961297307e-06, 8.79659273778e-06, 7.60111870477e-05, 4.28694183938e-05, 1.79404196388e-05, 1.70166094904e-05, 2.45115734288e-05, 5.31563910044e-06, 6.08078835285e-06, 6.19713500782e-06, 4.92458502777e-06, 9.20732020404e-07, 1.81421214052e-07, 3.69212187934e-07, 3.33459091451e-08, 2.25874536852e-08, 4.95794871824e-08, 2.04370891765e-07, 8.67055746312e-07, 2.53448945386e-07, 1.20676048709e-07, 1.51962442629e-08, 3.6085173738e-10],
        "max": [0.000577058002818, 0.0034242272377, 0.00195017480291, 0.00729705393314, 0.0270409006625, 0.0527245774865, 0.0729410201311, 0.0524836294353, 0.0372895561159, 0.0592308342457, 0.0708872899413, 0.0257474780083, 0.0172760430723, 0.0369513817132, 0.0287448838353, 0.0178093258291, 0.00685831112787, 0.0053590494208, 0.00254260585643, 0.00195459695533, 0.00289916596375, 0.00640932703391, 0.0125265251845, 0.0046584601514, 0.0036217586603, 0.00129016605206, 0.000307777838316],
        "mean": [7.12737382855e-05, 0.00040669014561, 0.000255334831309, 0.000384829356335, 0.00151206273586, 0.00142930599395, 0.00356189580634, 0.00177047646139, 0.00154561421368, 0.000988223124295, 0.000969310116488, 0.000523911556229, 0.000435470748926, 0.000461635383544, 0.000528183532879, 0.000188589649042, 0.0001400088222, 0.000140396266943, 6.30633076071e-05, 2.81085576717e-05, 2.732640678e-05, 7.48891470721e-05, 0.000158280265168, 9.91115739453e-05, 7.34788773116e-05, 2.58848012891e-05, 9.71244389802e-07],
        "median": [8.00418860081e-08, 1.77008200808e-06, 0.00011375057511, 0.000187807847396, 0.000825973867904, 0.000977108022198, 0.00111154268961, 0.000480160553707, 0.000181023482583, 0.000135764392326, 4.95707427035e-05, 9.02499014046e-05, 4.43097669631e-05, 2.99551611533e-05, 3.33135067194e-05, 1.27441790028e-05, 1.61700609169e-05, 9.67405776464e-06, 1.41343743962e-05, 4.76228024127e-06, 1.70464727489e-06, 8.16243414192e-07, 1.96291580323e-07, 2.11866861832e-07, 2.35986501451e-08, 5.94745985794e-09, 4.85721851629e-10],
        "min": [5.31402185964e-24, 2.31491074865e-23, 2.82158885055e-23, 3.41723373871e-23, 1.77723372639e-23, 2.22781198502e-23, 3.57602386587e-23, 5.48494608747e-23, 5.21584985548e-23, 9.73967053522e-23, 5.26735489953e-23, 1.3381317531e-22, 1.25323479491e-22, 9.93692930665e-23, 2.18198572974e-22, 1.21117538202e-22, 9.26163597279e-23, 1.89075494428e-22, 2.35736831542e-22, 4.24312099803e-22, 5.78428055702e-22, 4.38998897567e-22, 7.2105107814e-22, 1.08912130815e-21, 1.04965372616e-21, 1.71307368104e-21, 2.74951523659e-21],
        "stdev": [0.000126251819893, 0.000625069020316, 0.000308174960082, 0.000606317713391, 0.00219450914301, 0.00220582261682, 0.00735630793497, 0.00458884611726, 0.00441240286455, 0.00385040557012, 0.00376936327666, 0.00181770080235, 0.00151510967407, 0.00200120126829, 0.00182836549357, 0.000887161295395, 0.000406731618568, 0.000438420160208, 0.000152937980602, 0.000100156270491, 0.000135168011184, 0.0002884955029, 0.000803266477305, 0.00037203199463, 0.000274333258858, 9.59155731834e-05, 9.10702965484e-06],
        "var": [1.59395234789e-08, 3.9071125002e-07, 9.49718099719e-08, 3.6762114064e-07, 4.81586994283e-06, 4.86565386382e-06, 5.41152658116e-05, 2.10575071833e-05, 1.94692984223e-05, 1.48256222019e-05, 1.42080989463e-05, 3.30403599946e-06, 2.29555735132e-06, 4.0048066694e-06, 3.34292053594e-06, 7.87055171259e-07, 1.65430606103e-07, 1.9221222658e-07, 2.33900259161e-08, 1.00312789186e-08, 1.8270391422e-08, 8.32296507269e-08, 6.45237037133e-07, 1.38407799e-07, 7.52587325792e-08, 9.19979736835e-09, 8.29379967482e-11]
    },
    "erbbands": {
        "dmean": [0.00447161961347, 0.0186523925513, 0.0752785950899, 0.364280194044, 1.29139578342, 4.12229585648, 2.70959711075, 5.76600885391, 22.8164348602, 48.4668617249, 21.371515274, 18.8085746765, 34.1155128479, 18.0419254303, 25.8107624054, 16.7080097198, 16.2467193604, 23.810256958, 24.1215209961, 14.5981292725, 6.76561450958, 5.96200895309, 7.32592773438, 2.58599996567, 2.0181593895, 0.960043907166, 0.919155538082, 1.10292983055, 1.92732036114, 3.2804749012, 4.32352352142, 2.56821846962, 1.20416915417, 0.717512369156, 0.528419196606, 0.165174201131, 0.0328861325979, 0.00455040857196, 0.000144511126564, 1.07100922833e-05],
        "dmean2": [0.00483682751656, 0.0186028350145, 0.10762642324, 0.596715033054, 2.14916348457, 6.76333427429, 4.32819461823, 9.74035739899, 36.4404716492, 76.9723358154, 32.2002067566, 28.0597171783, 46.0799674988, 26.7995986938, 41.0407218933, 24.1918849945, 25.1169128418, 35.3864326477, 35.7361717224, 22.0247535706, 9.54060459137, 8.63568305969, 11.0324993134, 3.85562086105, 3.10444498062, 1.49484324455, 1.47148728371, 1.67459344864, 2.95801830292, 4.91261482239, 6.45379829407, 3.8134791851, 1.77113604546, 1.05399060249, 0.771174311638, 0.253203988075, 0.0497777275741, 0.00725871883333, 0.000237405212829, 1.57976628543e-05],
        "dvar": [7.12461769581e-05, 0.000901832769159, 0.0164159741253, 0.650318980217, 7.78745555878, 72.5726623535, 31.3842697144, 293.157287598, 4159.55859375, 17916.1386719, 4632.55273438, 2995.05712891, 14133.9550781, 3629.37158203, 13718.1113281, 3253.35986328, 3218.06738281, 9402.12207031, 9604.25097656, 2880.36987305, 755.340576172, 266.424743652, 595.202819824, 60.9519462585, 28.2129383087, 13.210521698, 29.4213886261, 53.118434906, 60.3023719788, 190.940261841, 434.27734375, 104.690101624, 17.6618804932, 6.57754087448, 3.7222867012, 0.366532295942, 0.015240482986, 0.000541586370673, 9.71045892584e-07, 5.57107693311e-10],
        "dvar2": [0.000112704605272, 0.00111681525595, 0.0384910926223, 1.84984576702, 19.3846588135, 173.867782593, 76.7721405029, 758.305725098, 9983.79980469, 41376.0234375, 9457.63867188, 6371.765625, 23831.0898438, 7522.5234375, 34703.1484375, 6801.49707031, 7883.61181641, 18849.9003906, 21335.2539062, 6107.73730469, 1481.1328125, 530.238586426, 1421.46496582, 137.853851318, 62.5319824219, 32.6271591187, 75.8849639893, 137.56451416, 147.354476929, 408.466949463, 844.949279785, 225.200469971, 37.6830863953, 13.4644079208, 8.01344776154, 0.779940485954, 0.0344895087183, 0.00136087124702, 2.64875689027e-06, 1.26625898655e-09],
        "max": [0.152320042253, 0.632136404514, 1.83342790604, 10.9450855255, 36.2457504272, 154.372360229, 81.498260498, 479.159973145, 850.07824707, 1361.55297852, 1096.25585938, 780.396911621, 2499.45874023, 1074.76611328, 2544.11987305, 965.826660156, 833.596557617, 2044.8963623, 1942.35510254, 1163.86999512, 755.592651367, 289.61239624, 335.23236084, 161.555496216, 108.560836792, 70.0824508667, 119.135124207, 162.645858765, 188.247207642, 214.013381958, 394.989624023, 164.340515137, 51.0520629883, 41.9410629272, 33.0425224304, 8.09652996063, 2.09969139099, 0.60690420866, 0.0261254124343, 0.000479680253193],
        "mean": [0.0147761721164, 0.07762183249, 0.241041302681, 0.966073989868, 2.28608012199, 6.36561059952, 7.30178499222, 12.6702947617, 34.8077011108, 64.9419403076, 33.6640586853, 28.2448005676, 49.8081893921, 26.7852344513, 34.9627418518, 23.5587692261, 19.8717803955, 29.1303195953, 26.9686508179, 19.182220459, 8.96194171906, 8.41041946411, 8.85114097595, 3.44993329048, 2.91714715958, 1.26089632511, 1.03948283195, 1.21686971188, 2.41095471382, 3.81139850616, 4.64803886414, 2.72032141685, 1.33841848373, 0.791863262653, 0.544521987438, 0.18033644557, 0.0346401371062, 0.00431645009667, 0.000134587186039, 2.4294207833e-05],
        "median": [0.000112270310638, 0.00653680972755, 0.163101196289, 0.571940541267, 1.02181637287, 3.15089178085, 4.83898353577, 8.16919136047, 11.6844959259, 16.0255451202, 11.5156593323, 5.62349557877, 5.05586767197, 3.14250445366, 2.20318651199, 5.024746418, 2.72594332695, 1.98617112637, 1.30124092102, 1.60994517803, 1.00380241871, 0.783151388168, 0.568381309509, 0.376884490252, 0.84699678421, 0.274721026421, 0.0933313518763, 0.0475268885493, 0.0341470167041, 0.00970114581287, 0.00551410531625, 0.00594380591065, 0.00253851618618, 0.00051985954633, 0.00012989390234, 4.96611319249e-05, 7.71390023147e-06, 1.84306747997e-06, 3.41832605955e-06, 7.31979434931e-06],
        "min": [8.77928223913e-22, 4.51534066482e-21, 1.89503087836e-20, 1.11912405774e-19, 5.84088192525e-20, 3.96451737908e-20, 1.7411413894e-19, 1.6794127777e-19, 5.12725886438e-19, 7.41713416532e-19, 1.02995918343e-18, 9.88548867606e-19, 2.9917203697e-18, 2.95464468708e-18, 2.708483595e-18, 5.72967124005e-18, 6.21541402962e-18, 4.11302241984e-18, 7.63004383755e-18, 1.11407075451e-17, 6.939581291e-18, 5.95472723239e-18, 8.09065108984e-18, 1.03914531365e-17, 1.65752767249e-17, 2.14818192966e-17, 1.79172895876e-17, 2.27619673213e-17, 1.5276098583e-17, 1.67597396559e-17, 2.35517593702e-17, 2.04702518537e-17, 2.06062204941e-17, 1.17062740909e-17, 7.65779657428e-18, 5.06072324764e-18, 3.82007351077e-18, 1.09239860178e-18, 4.3336320579e-19, 4.32100637369e-20],
        "stdev": [0.0252822488546, 0.122989013791, 0.27325746417, 1.27246236801, 4.02314043045, 10.5897054672, 8.21557331085, 20.2128829956, 76.3500061035, 152.942718506, 85.1729202271, 71.9099197388, 169.075195312, 85.4136886597, 130.371490479, 73.3855667114, 60.1424026489, 117.670074463, 108.338790894, 71.8135986328, 32.4933929443, 21.4238414764, 26.1652069092, 9.10160255432, 6.69926452637, 3.8938896656, 5.1756105423, 6.66986846924, 8.54606437683, 16.5641803741, 24.5431804657, 11.4514484406, 4.79255485535, 2.93609046936, 2.13888764381, 0.670737147331, 0.131096348166, 0.0216043516994, 0.000819693144877, 3.2853189623e-05],
        "var": [0.000639192119706, 0.0151262981817, 0.074669636786, 1.61916041374, 16.1856594086, 112.141860962, 67.4956436157, 408.56060791, 5829.32373047, 23391.4765625, 7254.42675781, 5171.03613281, 28586.421875, 7295.49804688, 16996.7246094, 5385.44140625, 3617.10864258, 13846.2470703, 11737.2929688, 5157.19335938, 1055.82067871, 458.980957031, 684.618041992, 82.8391723633, 44.8801422119, 15.1623764038, 26.786945343, 44.4871444702, 73.0352096558, 274.372070312, 602.367675781, 131.135665894, 22.9685840607, 8.62062740326, 4.57484006882, 0.449888288975, 0.0171862542629, 0.000466748024337, 6.71896884796e-07, 1.07933206817e-09]
    },
    "gfcc": {
        "mean": [-111.918334961, 146.585235596, -141.358062744, -6.8606338501, -68.5838928223, -21.3443031311, -42.8399658203, -7.99519634247, -20.3932781219, -7.29753351212, -8.41760826111, -10.0500173569, -11.5408744812],
        "cov": [[14967.9863281, -5467.21142578, 2346.8972168, 685.273193359, -338.568572998, 3751.81420898, -973.108764648, 2235.34326172, 237.299102783, 1129.60131836, -625.566955566, 1561.58325195, -582.131958008], [-5467.21142578, 3503.01342773, -1218.0625, -400.866088867, 403.880310059, -1731.6907959, 585.656677246, -1001.21514893, -79.7237091064, -543.631225586, 295.576477051, -775.576416016, 245.070465088], [2346.8972168, -1218.0625, 1275.34240723, 353.091949463, 81.9822158813, 1001.07287598, -250.702865601, 507.678710938, 32.0992736816, 297.905639648, -171.019439697, 388.334442139, -143.893630981], [685.273193359, -400.866088867, 353.091949463, 414.636810303, 43.1322441101, 273.568908691, -105.94694519, 117.568145752, 52.2590332031, 76.200088501, -19.8972053528, 99.3879699707, -13.4190998077], [-338.568572998, 403.880310059, 81.9822158813, 43.1322441101, 328.379730225, -7.01099920273, 21.5866451263, 9.87127780914, 11.858124733, 17.2325572968, 3.03809070587, -17.6100616455, -0.841550767422], [3751.81420898, -1731.6907959, 1001.07287598, 273.568908691, -7.01099920273, 1384.0892334, -220.707626343, 700.006530762, 83.8042373657, 380.433807373, -194.913238525, 512.724731445, -175.338470459], [-973.108764648, 585.656677246, -250.702865601, -105.94694519, 21.5866451263, -220.707626343, 366.800628662, -166.418121338, -26.4674282074, -86.3084945679, 26.556558609, -78.4837036133, 25.4675922394], [2235.34326172, -1001.21514893, 507.678710938, 117.568145752, 9.87127780914, 700.006530762, -166.418121338, 496.854400635, 69.8690185547, 224.967422485, -108.309112549, 299.145111084, -99.6809310913], [237.299102783, -79.7237091064, 32.0992736816, 52.2590332031, 11.858124733, 83.8042373657, -26.4674282074, 69.8690185547, 126.570556641, 64.0806655884, 0.714854776859, 14.2429990768, -14.6060094833], [1129.60131836, -543.631225586, 297.905639648, 76.200088501, 17.2325572968, 380.433807373, -86.3084945679, 224.967422485, 64.0806655884, 198.117218018, -49.0218544006, 146.543960571, -61.833820343], [-625.566955566, 295.576477051, -171.019439697, -19.8972053528, 3.03809070587, -194.913238525, 26.556558609, -108.309112549, 0.714854776859, -49.0218544006, 109.792243958, -79.6815414429, 28.1391887665], [1561.58325195, -775.576416016, 388.334442139, 99.3879699707, -17.6100616455, 512.724731445, -78.4837036133, 299.145111084, 14.2429990768, 146.543960571, -79.6815414429, 299.46887207, -62.2453422546], [-582.131958008, 245.070465088, -143.893630981, -13.4190998077, -0.841550767422, -175.338470459, 25.4675922394, -99.6809310913, -14.6060094833, -61.833820343, 28.1391887665, -62.2453422546, 85.1927642822]],
        "icov": [[0.000456958281575, -0.000568802584894, 0.000666021136567, -0.000513366539963, 0.000984608544968, -0.000911237439141, 0.000911237322725, -0.000953166221734, 0.000684075755998, -0.000800848589279, 0.000981833669357, -0.000888498034328, 0.00111191754695], [-0.000568802584894, 0.00369785260409, -0.00164584838785, 0.00191376334988, -0.00463950494304, 0.00230474211276, -0.00346248829737, 0.00222210981883, -0.00251454603858, 0.00350719597191, -0.00320041575469, 0.00366097060032, -0.00282346294262], [0.000666021136567, -0.00164584838785, 0.00369311519898, -0.00220583612099, 0.00179466069676, -0.00274322624318, 0.00253476318903, -0.00136720261071, 0.00255837175064, -0.00265489472076, 0.00301825115457, -0.00236003100872, 0.00298063480295], [-0.000513366539963, 0.00191376334988, -0.00220583612099, 0.00484094209969, -0.00284635019489, 0.00099813065026, -0.00147707306314, 0.00244013569318, -0.00323383277282, 0.0027418686077, -0.00281388778239, 0.00160139822401, -0.00311838556081], [0.000984608544968, -0.00463950494304, 0.00179466069676, -0.00284635019489, 0.00939313601702, -0.00276936241426, 0.00402620155364, -0.00397407682613, 0.0034022629261, -0.00513781234622, 0.00414026901126, -0.00397399999201, 0.0037797850091], [-0.000911237439141, 0.00230474211276, -0.00274322624318, 0.00099813065026, -0.00276936241426, 0.00669582327828, -0.00323271844536, -0.000483343697852, -0.00181315431837, 0.000776198168751, -0.00182640994899, 0.000817098771222, -0.00172552920412], [0.000911237322725, -0.00346248829737, 0.00253476318903, -0.00147707306314, 0.00402620155364, -0.00323271844536, 0.0072940737009, -0.000896568642929, 0.00230455677956, -0.00292460923083, 0.00391982542351, -0.0047639994882, 0.00388938514516], [-0.000953166221734, 0.00222210981883, -0.00136720261071, 0.00244013569318, -0.00397407682613, -0.000483343697852, -0.000896568642929, 0.0123461047187, -0.00432117749006, 0.000997657421976, -0.00151211034972, -0.00130807992537, -0.00162356917281], [0.000684075755998, -0.00251454603858, 0.00255837175064, -0.00323383277282, 0.0034022629261, -0.00181315431837, 0.00230455677956, -0.00432117749006, 0.0134693784639, -0.0072994469665, 0.00181782699656, -0.000147644008393, 0.00257953209803], [-0.000800848589279, 0.00350719597191, -0.00265489472076, 0.0027418686077, -0.00513781234622, 0.000776198168751, -0.00292460923083, 0.000997657421976, -0.0072994469665, 0.0176791530102, -0.00422625476494, 0.00275359675288, -0.00103716808371], [0.000981833669357, -0.00320041575469, 0.00301825115457, -0.00281388778239, 0.00414026901126, -0.00182640994899, 0.00391982542351, -0.00151211034972, 0.00181782699656, -0.00422625476494, 0.0164955593646, -0.00344666210003, 0.0031884633936], [-0.000888498034328, 0.00366097060032, -0.00236003100872, 0.00160139822401, -0.00397399999201, 0.000817098771222, -0.0047639994882, -0.00130807992537, -0.000147644008393, 0.00275359675288, -0.00344666210003, 0.0151975443587, -0.00458477810025], [0.00111191754695, -0.00282346294262, 0.00298063480295, -0.00311838556081, 0.0037797850091, -0.00172552920412, 0.00388938514516, -0.00162356917281, 0.00257953209803, -0.00103716808371, 0.0031884633936, -0.00458477810025, 0.0207113642246]]
    },
    "melbands": {
        "dmean": [3.17017547786e-05, 3.38098798238e-05, 7.91524362285e-05, 0.00019014487043, 0.000119172524137, 0.000134164612973, 0.000386044295738, 0.000493193976581, 0.000151929038111, 0.000135881185997, 0.000169432241819, 6.91063614795e-05, 0.000108966873086, 3.81783174817e-05, 5.10591744387e-05, 3.9800968807e-05, 4.27114246122e-05, 4.05772443628e-05, 2.23718670895e-05, 1.49583975144e-05, 6.69823975841e-06, 5.63459616387e-06, 9.28139070311e-06, 4.40832900495e-06, 2.02352907763e-06, 1.88584692751e-06, 1.00494276012e-06, 5.91256025473e-07, 5.53656548163e-07, 6.46950752525e-07, 6.68573420626e-07, 1.00573606687e-06, 1.54791052864e-06, 2.08178335015e-06, 2.70478881248e-06, 2.15931663661e-06, 1.46091394981e-06, 8.57833356349e-07, 7.37808932172e-07, 5.69383189486e-07],
        "dmean2": [3.31276496581e-05, 4.70083105029e-05, 0.000130628817715, 0.000313540513162, 0.000192127539776, 0.000223551600357, 0.000601866224315, 0.000786392542068, 0.000227463518968, 0.00019925723609, 0.000229925222811, 0.000105256956886, 0.000173141146661, 6.02403051744e-05, 7.54460488679e-05, 6.29403148196e-05, 6.34394455119e-05, 6.25977263553e-05, 3.43173705915e-05, 2.28984135902e-05, 1.03619695437e-05, 8.57726809045e-06, 1.42061389852e-05, 6.79368349665e-06, 3.12496172228e-06, 2.96588837045e-06, 1.57093018061e-06, 9.38178914112e-07, 8.98673192751e-07, 1.05788603832e-06, 1.03959712305e-06, 1.54619874593e-06, 2.45077444561e-06, 3.18671777677e-06, 4.13372708863e-06, 3.18453248838e-06, 2.24859763875e-06, 1.28527176457e-06, 1.08019412437e-06, 8.56449105413e-07],
        "dvar": [3.24257420914e-09, 3.05490832631e-09, 2.64749910883e-08, 1.43195649116e-07, 5.55034560534e-08, 1.8635175536e-07, 1.03717013644e-06, 1.81043435532e-06, 2.52205609286e-07, 1.45627311099e-07, 3.43890036447e-07, 6.19136883984e-08, 2.5909284318e-07, 1.93512885716e-08, 4.34472013922e-08, 2.21836806702e-08, 3.26390008354e-08, 3.18097583829e-08, 5.81557246804e-09, 4.7056794017e-09, 7.0290434584e-10, 2.42028841413e-10, 9.68511604249e-10, 2.77602413279e-10, 5.04236825905e-11, 2.54296896041e-11, 1.19350579766e-11, 7.57143826802e-12, 1.07901387478e-11, 1.74865226465e-11, 2.10770064596e-11, 2.30193780704e-11, 3.59392307581e-11, 8.82882864039e-11, 1.88362173081e-10, 8.69537705728e-11, 3.44079487125e-11, 9.55751536941e-12, 6.60621557458e-12, 4.40530945056e-12],
        "dvar2": [4.54017756724e-09, 7.2079284763e-09, 7.44232124816e-08, 3.49112383446e-07, 1.35555310976e-07, 4.81193012547e-07, 2.42754776991e-06, 4.23815026807e-06, 5.09706751473e-07, 2.80834626665e-07, 5.81865094773e-07, 1.31969102313e-07, 6.35460423837e-07, 4.61769786853e-08, 1.00507506318e-07, 5.2851991228e-08, 6.39540189695e-08, 7.20091577477e-08, 1.24641363897e-08, 8.8379437102e-09, 1.67461711165e-09, 5.52318912828e-10, 1.91238314073e-09, 6.91609491899e-10, 1.19971588219e-10, 5.79004170997e-11, 2.65827984625e-11, 1.94295898814e-11, 2.8671114094e-11, 4.5275203725e-11, 5.45410071273e-11, 5.79640675735e-11, 9.16321324373e-11, 1.86793372436e-10, 3.71605718419e-10, 1.74815731335e-10, 8.06263389386e-11, 2.13563732671e-11, 1.36028644945e-11, 9.25333160789e-12],
        "max": [0.00114329496864, 0.000860896601807, 0.00246834126301, 0.00585358450189, 0.00306368782185, 0.0123914545402, 0.0127017125487, 0.01215295773, 0.0084174843505, 0.00428428221494, 0.0122073497623, 0.00470813084394, 0.0112071381882, 0.0020979072433, 0.00342548615299, 0.00221021822654, 0.00354278832674, 0.00348893459886, 0.00108408101369, 0.00140867102891, 0.000628281384706, 0.000234228384215, 0.00052089773817, 0.000285987567622, 0.000161396746989, 6.86243947712e-05, 0.000103236263385, 5.36032894161e-05, 7.60319671826e-05, 8.30496355775e-05, 0.000109491571493, 0.000125600083265, 0.000100131284853, 0.000165885314345, 0.000280528271105, 0.000166892728885, 8.80577426869e-05, 4.06531435146e-05, 3.96040559281e-05, 3.50161208189e-05],
        "mean": [0.000122206853121, 0.000128894869704, 0.000191883955267, 0.000310178875225, 0.000274216552498, 0.000291174917948, 0.000590800889768, 0.000637481105514, 0.000234441598877, 0.000201905757422, 0.000245976116275, 9.76729061222e-05, 0.00014288307284, 5.10067511641e-05, 6.13917145529e-05, 4.55283588963e-05, 5.05600364704e-05, 4.21101831307e-05, 2.76719292742e-05, 2.04910011234e-05, 8.16382998892e-06, 7.62927948017e-06, 1.12745101433e-05, 5.1163065109e-06, 2.45168985202e-06, 2.52278096013e-06, 1.41068153425e-06, 6.77525974879e-07, 5.88460522977e-07, 6.78869639614e-07, 7.00234465967e-07, 1.19950891531e-06, 1.77384561084e-06, 2.31203307521e-06, 2.81523921331e-06, 2.20698530029e-06, 1.48610320139e-06, 9.26827681269e-07, 8.08231618521e-07, 6.06707942552e-07],
        "median": [3.18711926184e-07, 8.56857004692e-05, 0.00010626486619, 0.000155259855092, 0.000175974579179, 0.000188922393136, 0.000198873953195, 0.000151078784256, 7.17335860827e-05, 2.74774374702e-05, 2.44443908741e-05, 1.16278179121e-05, 7.07933349986e-06, 9.98314135359e-06, 1.01803325379e-05, 4.42020427727e-06, 3.18207275996e-06, 1.67205746493e-06, 1.98945372176e-06, 1.60176250574e-06, 1.06073389361e-06, 8.65234653702e-07, 7.44629346627e-07, 4.09381271993e-07, 1.98661936679e-07, 6.70108022405e-07, 3.17077393674e-07, 1.27035121977e-07, 5.56072698998e-08, 3.94996497732e-08, 2.00410941176e-08, 2.19916973521e-08, 7.82132847377e-09, 4.40267422519e-09, 2.51398857287e-09, 3.55061291479e-09, 2.86010726214e-09, 1.70224101481e-09, 8.75275296686e-10, 3.34122340906e-10],
        "min": [7.4811111187e-24, 1.04882686109e-23, 1.60573426119e-23, 2.89890684337e-24, 5.22210023709e-24, 4.00170362329e-24, 7.86394926031e-24, 9.7832360098e-24, 7.6982001178e-24, 6.76559850045e-24, 1.51979354536e-23, 1.21071011186e-23, 7.40099124973e-24, 1.59512849963e-23, 1.56061804384e-23, 8.99741537451e-24, 7.72958652663e-24, 1.18261057087e-23, 1.55622329974e-23, 1.23422700208e-23, 6.73805857739e-24, 5.07220364889e-24, 7.97254069708e-24, 8.12879747633e-24, 7.69103331647e-24, 1.22511755189e-23, 1.30864419557e-23, 1.45059009136e-23, 9.1037041263e-24, 1.495253187e-23, 1.23192155608e-23, 8.33038614749e-24, 7.52515243418e-24, 9.05292357211e-24, 1.42462094813e-23, 1.2256137454e-23, 1.24386562016e-23, 1.6406784327e-23, 1.01959822349e-23, 9.59957420271e-24],
        "stdev": [0.000191774000996, 0.000146192018292, 0.000252632627962, 0.000476291053928, 0.000318028702168, 0.000502108770888, 0.00123494211584, 0.00149889779277, 0.000630528491456, 0.000545896182302, 0.000835025450215, 0.000345675216522, 0.000567429233342, 0.000169296123204, 0.000224860370508, 0.000161945383297, 0.000220831454499, 0.000189437763765, 9.28418012336e-05, 9.03780746739e-05, 2.74679496215e-05, 1.93038340512e-05, 3.57929020538e-05, 1.71984374902e-05, 7.61823866924e-06, 5.78845583732e-06, 4.51378627986e-06, 2.6643460842e-06, 3.05917887999e-06, 3.79205266654e-06, 4.15926115238e-06, 4.88988280267e-06, 6.37001858195e-06, 1.11931249194e-05, 1.596473885e-05, 1.06785819298e-05, 6.1325954448e-06, 3.40879091709e-06, 2.98253689834e-06, 2.32789170695e-06],
        "var": [3.67772656773e-08, 2.13721058628e-08, 6.3823243579e-08, 2.26853174468e-07, 1.01142248354e-07, 2.5211323873e-07, 1.52508209794e-06, 2.24669452109e-06, 3.97566196852e-07, 2.98002618138e-07, 6.97267523719e-07, 1.19491346595e-07, 3.21975932138e-07, 2.86611783196e-08, 5.05621891023e-08, 2.62263082362e-08, 4.87665339222e-08, 3.58866678596e-08, 8.61960014475e-09, 8.16819589744e-09, 7.54488305166e-10, 3.72637976032e-10, 1.28113175624e-09, 2.95786256599e-10, 5.80375608683e-11, 3.35062221024e-11, 2.03742647753e-11, 7.09873956492e-12, 9.35857554646e-12, 1.43796632587e-11, 1.72994535363e-11, 2.39109548134e-11, 4.05771354017e-11, 1.25286045427e-10, 2.54872872807e-10, 1.14032117082e-10, 3.76087286313e-11, 1.16198552516e-11, 8.89552580902e-12, 5.4190801152e-12]
    },
    "melbands128": {
