{
"lowlevel": {
    "average_loudness": 0.841802000999,
    "barkbands_crest": {
        "dmean": 3.35679674149,
        "dmean2": 4.8700966835,
        "dvar": 8.73299312592,
        "dvar2": 17.7720165253,
        "max": 26.528093338,
        "mean": 12.0520067215,
        "median": 11.5906028748,
        "min": 2.70836758614,
        "stdev": 5.4653711319,
        "var": 29.8702812195
    },
    "barkbands_flatness_db": {
        "dmean": 0.0384510010481,
        "dmean2": 0.053255520761,
        "dvar": 0.00143883330747,
        "dvar2": 0.00325987278484,
        "max": 0.417603045702,
        "mean": 0.195114344358,
        "median": 0.194081246853,
        "min": 0.0442162714899,
        "stdev": 0.0633278787136,
        "var": 0.00401042029262
    },
    "barkbands_kurtosis": {
        "dmean": 7.69001245499,
        "dmean2": 10.165968895,
        "dvar": 261.881988525,
        "dvar2": 415.695739746,
        "max": 234.340087891,
        "mean": 10.0839977264,
        "median": 1.84440422058,
        "min": -1.82616019249,
        "stdev": 25.5233230591,
        "var": 651.440002441
    },
    "barkbands_skewness": {
        "dmean": 0.989612102509,
        "dmean2": 1.31926524639,
        "dvar": 1.09878861904,
        "dvar2": 1.91733944416,
        "max": 13.5853061676,
        "mean": 1.84190487862,
        "median": 1.20552611351,
        "min": -4.33662366867,
        "stdev": 2.22846341133,
        "var": 4.9660487175
    },
    "barkbands_spread": {
        "dmean": 7.69834709167,
        "dmean2": 10.8483285904,
        "dvar": 109.179252625,
        "dvar2": 217.211471558,
        "max": 93.2449798584,
        "mean": 16.9283237457,
        "median": 12.6504087448,
        "min": 0.413866996765,
        "stdev": 15.0525665283,
        "var": 226.57975769
    },
    "dissonance": {
        "dmean": 0.0172446686774,
        "dmean2": 0.0294359922409,
        "dvar": 0.000422054814408,
        "dvar2": 0.00111651595216,
        "max": 0.500000059605,
        "mean": 0.479264289141,
        "median": 0.485305577517,
        "min": 0.252756178379,
        "stdev": 0.022086314857,
        "var": 0.000487805344164
    },
    "dynamic_complexity": 2.77801632881,
    "erbbands_crest": {
        "dmean": 3.52280926704,
        "dmean2": 5.7680683136,
        "dvar": 11.9644508362,
        "dvar2": 28.7501945496,
        "max": 34.0726509094,
        "mean": 9.76885986328,
        "median": 8.31302928925,
        "min": 2.43371701241,
        "stdev": 5.17534208298,
        "var": 26.7841644287
    },
    "erbbands_flatness_db": {
        "dmean": 0.0283961314708,
        "dmean2": 0.0405977442861,
        "dvar": 0.000877162266988,
        "dvar2": 0.00166378996801,
        "max": 0.49266692996,
        "mean": 0.219724342227,
        "median": 0.21767115593,
        "min": 0.0634592846036,
        "stdev": 0.0848964676261,
        "var": 0.00720741041005
    },
    "erbbands_kurtosis": {
        "dmean": 1.82110464573,
        "dmean2": 2.91195082664,
        "dvar": 17.6825771332,
        "dvar2": 37.1711044312,
        "max": 75.2018127441,
        "mean": 1.26370930672,
        "median": -0.0344302654266,
        "min": -1.74014770985,
        "stdev": 5.3068614006,
        "var": 28.1627788544
    },
    "erbbands_skewness": {
        "dmean": 0.521837890148,
        "dmean2": 0.772446393967,
        "dvar": 0.304129868746,
        "dvar2": 0.621293127537,
        "max": 7.0320558548,
        "mean": 0.253008157015,
        "median": 0.226521626115,
        "min": -2.29135155678,
        "stdev": 0.959887802601,
        "var": 0.921384632587
    },
    "erbbands_spread": {
        "dmean": 9.25716400146,
        "dmean2": 13.5035858154,
        "dvar": 95.888130188,
        "dvar2": 195.580718994,
        "max": 110.783943176,
        "mean": 29.9820213318,
        "median": 23.9178848267,
        "min": 0.883668482304,
        "stdev": 20.8673381805,
        "var": 435.445770264
    },
    "hfc": {
        "dmean": 21.7873668671,
        "dmean2": 30.5977077484,
        "dvar": 2125.78295898,
        "dvar2": 4565.99707031,
        "max": 539.006958008,
        "mean": 34.7256546021,
        "median": 17.7733783722,
        "min": 1.25189246143e-16,
        "stdev": 55.2672653198,
        "var": 3054.47070312
    },
    "loudness_ebu128": {
        "integrated": -5.75331401825,
        "loudness_range": 4.36653184891,
        "momentary": {
            "dmean": 0.590614855289,
            "dmean2": 0.930276215076,
            "dvar": 0.434236168861,
            "dvar2": 0.731308102608,
            "max": -2.48691153526,
            "mean": -6.68046760559,
            "median": -6.76260137558,
            "min": -22.8860836029,
            "stdev": 3.23626470566,
            "var": 10.4734096527
        },
        "short_term": {
            "dmean": 0.0659945011139,
            "dmean2": 0.0753042623401,
            "dvar": 0.00496854446828,
            "dvar2": 0.00515073863789,
            "max": -3.6261138916,
            "mean": -6.22858667374,
            "median": -7.52917146683,
            "min": -10.0068264008,
            "stdev": 1.89765202999,
            "var": 3.60108304024
        }
    },
    "melbands_crest": {
        "dmean": 4.70735454559,
        "dmean2": 7.36014270782,
        "dvar": 23.4069156647,
        "dvar2": 45.6714744568,
        "max": 37.4586410522,
        "mean": 20.7308940887,
        "median": 20.2446918488,
        "min": 2.65576934814,
        "stdev": 10.4880065918,
        "var": 109.998275757
    },
    "melbands_flatness_db": {
        "dmean": 0.043372515589,
        "dmean2": 0.0578213147819,
        "dvar": 0.00184277759399,
        "dvar2": 0.00377260521054,
        "max": 0.497788161039,
        "mean": 0.228709712625,
        "median": 0.219360202551,
        "min": 0.00664575491101,
        "stdev": 0.0863235294819,
        "var": 0.00745175220072
    },
    "melbands_kurtosis": {
        "dmean": 16.8625888824,
        "dmean2": 22.6982650757,
        "dvar": 1162.85009766,
        "dvar2": 2083.34472656,
        "max": 604.907226562,
        "mean": 25.2682914734,
        "median": 5.85913562775,
        "min": -1.68422746658,
        "stdev": 52.3145484924,
        "var": 2736.81201172
    },
    "melbands_skewness": {
        "dmean": 1.32132530212,
        "dmean2": 1.81352293491,
        "dvar": 2.13209342957,
        "dvar2": 3.85870742798,
        "max": 20.4805355072,
        "mean": 3.03102254868,
        "median": 2.11474657059,
        "min": -3.92253661156,
        "stdev": 3.04339313507,
        "var": 9.26224136353
    },
    "melbands_spread": {
        "dmean": 9.55013179779,
        "dmean2": 14.2879915237,
        "dvar": 143.044692993,
        "dvar2": 309.304962158,
        "max": 148.729782104,
        "mean": 20.3721351624,
        "median": 16.8600959778,
        "min": 0.523228406906,
        "stdev": 16.8262672424,
        "var": 283.123260498
    },
    "pitch_salience": {
        "dmean": 0.10601374507,
        "dmean2": 0.161715880036,
        "dvar": 0.0117607172579,
        "dvar2": 0.025309368968,
        "max": 0.875556468964,
        "mean": 0.484040975571,
        "median": 0.520860791206,
        "min": 0.0799125880003,
        "stdev": 0.204235181212,
        "var": 0.0417120084167
    },
    "silence_rate_20dB": {
        "dmean": 0,
        "dmean2": 0,
        "dvar": 0,
        "dvar2": 0,
        "max": 1,
        "mean": 1,
        "median": 1,
        "min": 1,
        "stdev": 0,
        "var": 0
    },
    "silence_rate_30dB": {
        "dmean": 0.105263158679,
        "dmean2": 0.210689380765,
        "dvar": 0.0941823795438,
        "dvar2": 0.208127394319,
        "max": 1,
        "mean": 0.770301640034,
        "median": 1,
        "min": 0,
        "stdev": 0.420639723539,
        "var": 0.176937773824
    },
    "silence_rate_60dB": {
        "dmean": 0.0534055717289,
        "dmean2": 0.106893882155,
        "dvar": 0.0505542978644,
        "dvar2": 0.112510330975,
        "max": 1,
        "mean": 0.087393656373,
        "median": 0,
        "min": 0,
        "stdev": 0.28240993619,
        "var": 0.0797553732991
    },
    "spectral_centroid": {
        "dmean": 370.444122314,
        "dmean2": 533.951904297,
        "dvar": 209642.890625,
        "dvar2": 351187.4375,
        "max": 10737.8027344,
        "mean": 1755.87915039,
        "median": 1686.17126465,
        "min": 300.461578369,
        "stdev": 693.410339355,
        "var": 480817.90625
    },
    "spectral_complexity": {
        "dmean": 6.64164066315,
        "dmean2": 9.5855922699,
        "dvar": 40.6912231445,
        "dvar2": 84.4175796509,
        "max": 59,
        "mean": 21.303943634,
        "median": 20,
        "min": 0,
        "stdev": 12.5296134949,
        "var": 156.991226196
    },
    "spectral_decrease": {
        "dmean": 2.68525934821e-09,
        "dmean2": 3.26247806548e-09,
        "dvar": 1.00081690735e-17,
        "dvar2": 1.24027775375e-17,
        "max": 7.56969792384e-29,
        "mean": -1.30860042802e-08,
        "median": -8.71420358095e-09,
        "min": -4.48601689129e-08,
        "stdev": 1.20057785935e-08,
        "var": 1.44138723132e-16
    },
    "spectral_energy": {
        "dmean": 0.0112267592922,
        "dmean2": 0.0137273576111,
        "dvar": 0.000156259658979,
        "dvar2": 0.0002051943884,
        "max": 0.171000957489,
        "mean": 0.0525393076241,
        "median": 0.0372830070555,
        "min": 1.10693414585e-20,
        "stdev": 0.0467295572162,
        "var": 0.0021836515516
    },
    "spectral_energyband_high": {
        "dmean": 0.00181906914804,
        "dmean2": 0.0025574809406,
        "dvar": 2.7703716114e-05,
        "dvar2": 5.9241301642e-05,
        "max": 0.0620582774282,
        "mean": 0.00210135686211,
        "median": 0.000303673674352,
        "min": 8.4035451394e-21,
        "stdev": 0.00603467738256,
        "var": 3.64173283742e-05
    },
    "spectral_energyband_low": {
        "dmean": 0.00868071615696,
        "dmean2": 0.0100630987436,
        "dvar": 0.000200938186026,
        "dvar2": 0.0003071296087,
        "max": 0.160492837429,
        "mean": 0.0344333723187,
        "median": 0.00528110004961,
        "min": 1.0896536946e-22,
        "stdev": 0.0429133735597,
        "var": 0.00184155767784
    },
    "spectral_energyband_middle_high": {
        "dmean": 0.00526043213904,
        "dmean2": 0.0076761119999,
        "dvar": 4.70062950626e-05,
        "dvar2": 9.22778126551e-05,
        "max": 0.0678702369332,
        "mean": 0.00970901828259,
        "median": 0.00597939314321,
        "min": 1.31700976886e-21,
        "stdev": 0.0107195833698,
        "var": 0.000114909460535
    },
    "spectral_energyband_middle_low": {
        "dmean": 0.00497151166201,
        "dmean2": 0.00797829031944,
        "dvar": 7.09170126356e-05,
        "dvar2": 0.000180252201972,
        "max": 0.0782196372747,
        "mean": 0.00622328044847,
        "median": 0.00310354446992,
        "min": 3.10654333244e-22,
        "stdev": 0.00887983571738,
        "var": 7.88514807937e-05
    },
    "spectral_entropy": {
        "dmean": 0.204422593117,
        "dmean2": 0.29452881217,
        "dvar": 0.0501301661134,
        "dvar2": 0.106123507023,
        "max": 9.80239391327,
        "mean": 7.66845607758,
        "median": 7.63088941574,
        "min": 6.03448534012,
        "stdev": 0.414413809776,
        "var": 0.171738803387
    },
    "spectral_flux": {
        "dmean": 0.0422338247299,
        "dmean2": 0.0636553391814,
        "dvar": 0.00226305588149,
        "dvar2": 0.003747433424,
        "max": 0.411969065666,
        "mean": 0.113485336304,
        "median": 0.0985802412033,
        "min": 1.05210937185e-10,
        "stdev": 0.0723971500993,
        "var": 0.00524134747684
    },
    "spectral_kurtosis": {
        "dmean": 3.1273355484,
        "dmean2": 5.27769422531,
        "dvar": 16.0022354126,
        "dvar2": 46.6896286011,
        "max": 43.5354423523,
        "mean": 5.27332019806,
        "median": 3.85557746887,
        "min": -1.19981539249,
        "stdev": 5.02761650085,
        "var": 25.276927948
    },
    "spectral_rms": {
        "dmean": 0.000950021087192,
        "dmean2": 0.00118019303773,
        "dvar": 9.97828806248e-07,
        "dvar2": 1.42342128129e-06,
        "max": 0.0129162762314,
        "mean": 0.00625403085724,
        "median": 0.00603105826303,
        "min": 3.28623760149e-12,
        "stdev": 0.00348496809602,
        "var": 1.21450020742e-05
    },
    "spectral_rolloff": {
        "dmean": 747.230102539,
        "dmean2": 1221.17089844,
        "dvar": 2078583.875,
        "dvar2": 4156907.75,
        "max": 18776.953125,
        "mean": 1675.29736328,
        "median": 1528.85742188,
        "min": 43.06640625,
        "stdev": 1802.63513184,
        "var": 3249493.25
    },
    "spectral_skewness": {
        "dmean": 0.353210449219,
        "dmean2": 0.573013961315,
        "dvar": 0.130718976259,
        "dvar2": 0.367593079805,
        "max": 4.54182338715,
        "mean": 1.38041996956,
        "median": 1.30788326263,
        "min": 0.0393757820129,
        "stdev": 0.506341278553,
        "var": 0.256381511688
    },
    "spectral_spread": {
        "dmean": 609979.5625,
        "dmean2": 871706.75,
        "dvar": 1.81613310771e+12,
        "dvar2": 2.26854069862e+12,
        "max": 40712016,
        "mean": 3684856,
        "median": 3116918,
        "min": 987341.4375,
        "stdev": 2140787,
        "var": 4.58296918016e+12
    },
    "spectral_strongpeak": {
        "dmean": 0.663339555264,
        "dmean2": 1.11451268196,
        "dvar": 1.30768573284,
        "dvar2": 3.25217247009,
        "max": 11.933339119,
        "mean": 1.14462387562,
        "median": 0.491941332817,
        "min": 0,
        "stdev": 1.45910000801,
        "var": 2.1289730072
    },
    "zerocrossingrate": {
        "dmean": 0.0143990060315,
        "dmean2": 0.0152157666162,
        "dvar": 0.000397391646402,
        "dvar2": 0.000418514449848,
        "max": 0.50439453125,
        "mean": 0.0585899725556,
        "median": 0.0576171875,
        "min": 0.00244140625,
        "stdev": 0.0432526469231,
        "var": 0.00187079154421
    },
    "barkbands": {
        "dmean": [0.00236693839543, 0.00866069551557, 0.00345454085618, 0.000965841405559, 0.000763943709899, 0.000582002743613, 0.00152783375233, 0.000773949082941, 0.00104728969745, 0.00138787424657, 0.00137965520844, 0.00136569200549, 0.000848732772283, 0.000818475848064, 0.00069485855056, 0.000536728999577, 0.000450543710031, 0.000280423933873, 0.000231305253692, 0.0002618409344, 0.000236606123508, 0.000264252681518, 0.000423592922743, 0.000391773355659, 0.000308657268761, 8.75799523783e-05, 4.38043252871e-06],
        "dmean2": [0.00297562615015, 0.0100326808169, 0.0062730293721, 0.00175438530277, 0.00130560155958, 0.00096556294011, 0.00225666421466, 0.00131975265685, 0.00167629891075, 0.00222607539035, 0.0023196041584, 0.00200169882737, 0.00134077609982, 0.00136630702764, 0.00113305845298, 0.000838406151161, 0.000722293858416, 0.000443803641247, 0.000358698685886, 0.000395387120079, 0.00035543346894, 0.000398799020331, 0.000640110636596, 0.000527714437339, 0.000438232178567, 0.000129572654259, 7.36193260309e-06],
        "dvar": [1.72670152097e-05, 0.000226650197874, 0.000155355330207, 1.08257236207e-05, 4.49586968898e-06, 3.22303776557e-06, 1.81642972166e-05, 2.25987832891e-06, 4.09138010582e-06, 6.67060885462e-06, 1.36334665513e-05, 1.15075645226e-05, 1.95959523808e-06, 5.68673294765e-06, 2.91306946565e-06, 1.04668379208e-06, 5.94319431002e-07, 1.6367448552e-07, 1.32916795792e-07, 2.00197860067e-07, 1.67579344179e-07, 4.19378210381e-07, 2.17908154809e-06, 1.87834189092e-06, 1.35400341605e-06, 1.13222732523e-07, 3.5736019699e-10],
        "dvar2": [3.05523681163e-05, 0.000390626781154, 0.000433500885265, 3.25317923853e-05, 1.24516836877e-05, 8.3843824541e-06, 3.70848829334e-05, 5.8273576542e-06, 9.68633958109e-06, 1.44878922583e-05, 3.4707623854e-05, 2.15204818232e-05, 4.59822058474e-06, 1.59988558153e-05, 7.71585291659e-06, 2.39816745307e-06, 1.41642192375e-06, 3.72501943957e-07, 2.7646379408e-07, 4.10940316442e-07, 3.72381180114e-07, 9.37286529279e-07, 4.59350121673e-06, 3.79154380425e-06, 3.07382470055e-06, 2.64926654836e-07, 9.13246922529e-10],
        "max": [0.0535427518189, 0.153443127871, 0.0965736731887, 0.0322903692722, 0.0282121039927, 0.0185500644147, 0.048365354538, 0.0148467058316, 0.0173824373633, 0.0416672043502, 0.0547920390964, 0.0619844831526, 0.0184241496027, 0.0306718461215, 0.022292977199, 0.0135912047699, 0.00779981259257, 0.00430331192911, 0.00354034127668, 0.00482250843197, 0.00383637892082, 0.00669100275263, 0.0171439163387, 0.0178507715464, 0.0154455425218, 0.00343492208049, 0.000184767035535],
        "mean": [0.0080808699131, 0.0240227449685, 0.00252698827535, 0.00080119346967, 0.000820949033368, 0.000546019349713, 0.0018264251994, 0.000756425492, 0.00118791812565, 0.0018044335302, 0.00151740759611, 0.00174012838397, 0.00098104251083, 0.000874601944815, 0.000798419816419, 0.000704156409483, 0.000537777785212, 0.000411484972574, 0.000338197598467, 0.000349405629095, 0.000312357879011, 0.000317011290463, 0.000443041644758, 0.000439309107605, 0.000318672537105, 7.91716302047e-05, 3.19222158396e-06],
        "median": [0.000190932507394, 0.00259940186515, 4.26885817433e-05, 3.25283763232e-05, 0.000173943233676, 6.97935684002e-05, 0.000113923299068, 0.000262299086899, 0.000374998984626, 0.000611654249951, 0.000330350740114, 0.000385910418117, 0.000390195054933, 0.000329389935359, 0.000286388909444, 0.000277812883724, 0.000236857275013, 0.000222345319344, 0.000144198478665, 0.000132733097416, 0.00010369541269, 4.35995316366e-05, 2.18798668357e-05, 8.42466033646e-06, 3.75087483917e-06, 7.33956255772e-07, 1.72547256483e-08],
        "min": [9.13184563469e-23, 4.98248271161e-23, 9.80974883597e-24, 6.53416012149e-24, 2.71075799545e-23, 4.34674791225e-23, 6.07691109728e-23, 1.1910996924e-22, 3.47577510649e-23, 2.76270417051e-23, 9.99808495947e-23, 8.0629788667e-23, 1.06729863872e-22, 1.10720932073e-22, 5.90405842008e-23, 1.27986522446e-22, 7.94361790085e-23, 2.16442631708e-22, 2.53493875948e-22, 3.45049703697e-22, 4.57175414026e-22, 3.98137871673e-22, 7.70800761522e-22, 9.90960354355e-22, 1.28421536952e-21, 1.76695654118e-21, 2.75561629945e-21],
        "stdev": [0.0120509611443, 0.0324361436069, 0.00981445610523, 0.00268914061598, 0.00195305421948, 0.00160092534497, 0.00514250714332, 0.00143473944627, 0.00219387095422, 0.00358338956721, 0.00379162095487, 0.00454538362101, 0.00158097641543, 0.00204694201238, 0.00190677912906, 0.00128244329244, 0.000845294038299, 0.000546808354557, 0.000514467188623, 0.000598188082222, 0.000521801353898, 0.000776318367571, 0.00159778294619, 0.00162645161618, 0.00127144553699, 0.000336734054144, 1.67016260093e-05],
        "var": [0.000145225654705, 0.00105210347101, 9.63235506788e-05, 7.2314769568e-06, 3.81442077924e-06, 2.56296198131e-06, 2.64453774435e-05, 2.05847732104e-06, 4.81306960864e-06, 1.28406809381e-05, 1.43763891174e-05, 2.0660512746e-05, 2.49948629971e-06, 4.18997205998e-06, 3.63580670637e-06, 1.64466075603e-06, 7.14522059297e-07, 2.98999395909e-07, 2.64676458528e-07, 3.5782900909e-07, 2.72276679425e-07, 6.02670240823e-07, 2.55291024587e-06, 2.64534469352e-06, 1.61657374065e-06, 1.13389830858e-07, 2.78944312093e-10]
    },
    "erbbands": {
        "dmean": [0.465189278126, 1.62636053562, 4.0363278389, 3.21879792213, 2.88878679276, 2.33684873581, 4.31499052048, 4.22605133057, 15.3278455734, 19.8021583557, 23.0002231598, 23.7614784241, 22.8867225647, 68.153968811, 40.5529060364, 59.4763145447, 38.2298583984, 49.0154342651, 37.3519859314, 26.5683174133, 26.6898822784, 22.6846122742, 16.0173397064, 13.1755275726, 11.1381015778, 11.937251091, 10.8599376678, 9.08414745331, 10.3707494736, 10.9498348236, 12.4656171799, 8.20408630371, 6.2476067543, 3.99749469757, 1.98670148849, 0.534198880196, 0.142642661929, 0.0185534618795, 0.000521762529388, 3.42874664057e-05],
        "dmean2": [0.572365105152, 1.96776866913, 7.01864099503, 5.69339323044, 5.1531419754, 3.90641880035, 7.16529846191, 6.95040655136, 22.5662631989, 30.0200328827, 38.2682952881, 37.6138458252, 36.6732063293, 110.491294861, 65.5659332275, 87.193687439, 59.1481704712, 80.4486465454, 59.2104949951, 41.3676376343, 42.257144928, 36.3135719299, 25.582036972, 20.5098171234, 16.851266861, 18.1639633179, 16.2738304138, 14.1045236588, 15.6680669785, 16.9472503662, 18.5226154327, 11.3344841003, 8.68528270721, 5.56526422501, 2.92909741402, 0.774368941784, 0.219996109605, 0.029742449522, 0.000847622926813, 4.76034729218e-05],
        "dvar": [0.685009837151, 13.2943305969, 197.448242188, 128.188369751, 77.2529220581, 42.7844924927, 191.288085938, 127.395942688, 1619.92419434, 2937.10205078, 2420.68505859, 2175.17382812, 1518.68286133, 16799.6542969, 16846.0019531, 23573.9296875, 3794.79614258, 20262.7128906, 8123.10205078, 2093.54516602, 1813.42993164, 1741.49133301, 557.222351074, 436.415100098, 301.939788818, 440.81942749, 354.564727783, 302.701965332, 679.491760254, 1222.87060547, 1905.13293457, 768.951171875, 520.65637207, 218.740112305, 63.8227233887, 4.30655050278, 0.311217695475, 0.00531491078436, 4.34352386947e-06, 7.38683869628e-09],
        "dvar2": [1.32959461212, 24.0674209595, 532.163085938, 362.483795166, 218.587234497, 121.199302673, 499.70022583, 325.42956543, 3263.98413086, 6236.97021484, 6093.90820312, 5079.81201172, 3467.47241211, 38879.796875, 41262.9882812, 45938.2460938, 8704.35058594, 55984.9804688, 20138.3808594, 5028.30615234, 4256.55761719, 4233.42675781, 1277.10693359, 927.199768066, 572.275695801, 903.596313477, 795.859985352, 683.845581055, 1516.10925293, 2870.21264648, 3925.12011719, 1583.06677246, 1052.62341309, 479.322570801, 154.473770142, 9.93697738647, 0.755896687508, 0.0129960635677, 1.08519952846e-05, 1.70406746491e-08],
        "max": [6.86035871506, 34.0954589844, 114.877876282, 112.233947754, 95.8684234619, 92.4072952271, 141.028442383, 108.076705933, 437.823181152, 637.090087891, 535.014160156, 500.338470459, 435.689422607, 1581.00402832, 2821.99536133, 2672.73974609, 748.391601562, 1807.50427246, 1355.27636719, 521.922302246, 499.004211426, 528.936340332, 266.037872314, 214.985534668, 164.340606689, 233.707855225, 185.116470337, 181.489700317, 285.496856689, 468.899414062, 582.147277832, 350.07119751, 326.825622559, 198.637512207, 111.756912231, 25.9578895569, 5.2447552681, 0.659334778786, 0.0222747121006, 0.000853161967825],
        "mean": [1.38416326046, 2.65411710739, 3.2588596344, 2.73035025597, 2.76297712326, 2.5573580265, 4.22873926163, 4.17055988312, 18.9558086395, 22.5840320587, 23.0287914276, 27.7208137512, 29.7678546906, 88.6007003784, 49.1775131226, 76.5596618652, 47.0042610168, 54.4074935913, 45.2703819275, 35.4448699951, 35.5980110168, 27.9702644348, 23.6214942932, 19.8671646118, 16.5811634064, 15.9541988373, 13.7096834183, 11.8037147522, 12.7694768906, 11.2228784561, 13.0968389511, 9.19101715088, 6.84149694443, 4.23007726669, 1.96221518517, 0.509221851826, 0.122059240937, 0.0147675722837, 0.000435328809544, 8.02122958703e-05],
        "median": [0.0753934085369, 0.282101273537, 0.0768797695637, 0.122369289398, 0.295158714056, 0.681021332741, 0.587109863758, 0.577145636082, 1.43022978306, 2.79847192764, 8.69717407227, 8.84942150116, 12.8137845993, 26.8100910187, 14.4163560867, 16.8178405762, 19.4632091522, 19.8072280884, 16.9031352997, 14.2206611633, 16.7840137482, 13.1042585373, 12.8383665085, 9.28923034668, 6.93412828445, 5.9774017334, 5.01453924179, 3.11899924278, 1.70291697979, 1.03265976906, 0.566517114639, 0.260214239359, 0.118789546192, 0.0559544339776, 0.0195110291243, 0.00488502392545, 0.0011651343666, 0.000158298236784, 3.15100296575e-05, 4.52270614915e-05],
        "min": [3.31195342253e-21, 5.16372465317e-21, 8.73033964249e-21, 1.77669412912e-20, 6.58003953463e-20, 8.48061494647e-20, 2.51131129242e-19, 2.61010224846e-19, 9.16455941319e-19, 1.10643792472e-18, 2.74187108607e-18, 9.42830698548e-19, 1.12211930458e-18, 1.69315589244e-18, 3.95987199738e-18, 3.82612144182e-18, 5.03679580765e-18, 4.35061185282e-18, 4.34640770736e-18, 3.78828371906e-18, 6.82983675759e-18, 5.91151035411e-18, 8.7082059372e-18, 1.03756887284e-17, 1.80908105734e-17, 1.50040951278e-17, 1.39519478585e-17, 2.19462530864e-17, 1.42307887886e-17, 1.32946999222e-17, 2.73719259388e-17, 1.89256227543e-17, 1.68108395654e-17, 1.43070780021e-17, 9.62305115107e-18, 6.30451751161e-18, 3.54293574552e-18, 1.31271484921e-18, 3.94592681793e-19, 4.21209189018e-20],
        "stdev": [1.80563318729, 5.25972890854, 11.6911869049, 9.37901973724, 7.81430196762, 5.77038764954, 12.431265831, 10.5009031296, 49.6517677307, 63.5166931152, 47.0736236572, 51.259437561, 47.3970756531, 167.960617065, 137.078323364, 200.65838623, 70.7924957275, 124.865287781, 105.089599609, 59.0449371338, 51.3153305054, 44.7011833191, 30.6252613068, 29.4912967682, 25.0391998291, 27.9334793091, 24.1189670563, 21.303396225, 31.5257091522, 36.1798553467, 48.1099205017, 32.7503700256, 26.3220291138, 16.5003967285, 8.24419975281, 2.14540100098, 0.534633040428, 0.0678045377135, 0.00190918263979, 0.000109064909338],
        "var": [3.26031136513, 27.6647491455, 136.683853149, 87.9660110474, 61.0633163452, 33.2973747253, 154.536376953, 110.268974304, 2465.29785156, 4034.37011719, 2215.92602539, 2627.52978516, 2246.48291016, 28210.7695312, 18790.46875, 40263.7890625, 5011.57714844, 15591.3398438, 11043.8242188, 3486.3046875, 2633.26318359, 1998.19592285, 937.906616211, 869.736633301, 626.961547852, 780.27923584, 581.724609375, 453.834686279, 993.870361328, 1308.98205566, 2314.56445312, 1072.58666992, 692.849243164, 272.263122559, 67.9668273926, 4.60274553299, 0.285832464695, 0.0045974557288, 3.64497827832e-06, 1.1895154195e-08]
    },
    "gfcc": {
        "mean": [-38.1732788086, 81.1084899902, -171.899810791, 23.3980445862, -53.4722137451, 18.4525699615, -16.094581604, 9.10015583038, -10.4521026611, 1.23237967491, -7.31569623947, 0.985653936863, -0.835505664349],
        "cov": [[12442.828125, -2004.64782715, 3850.4128418, 1620.13659668, -565.758972168, 1641.62438965, -566.657470703, 1215.88476562, -240.69821167, 833.610595703, 86.1201019287, 385.035247803, -355.549346924], [-2004.64782715, 3244.85595703, 547.367858887, 582.85333252, 1018.7088623, -668.768981934, 537.323120117, -258.310821533, 346.531860352, -296.48727417, 132.777542114, -110.93196106, 100.715339661], [3850.4128418, 547.367858887, 3440.87231445, 1564.48498535, 340.086669922, 687.333862305, -35.7637939453, 566.232421875, 96.7438354492, 373.519073486, 276.223449707, 256.670196533, -88.6313323975], [1620.13659668, 582.85333252, 1564.48498535, 1169.38952637, 331.04876709, 212.086898804, 88.1870880127, 212.047714233, 194.323287964, 158.741836548, 197.554092407, 92.8823318481, -25.0566596985], [-565.758972168, 1018.7088623, 340.086669922, 331.04876709, 729.154296875, -32.6373100281, 310.14932251, -11.3973093033, 125.696929932, 6.66385602951, 75.5958862305, 9.73406982422, 59.0778999329], [1641.62438965, -668.768981934, 687.333862305, 212.086898804, -32.6373100281, 644.15802002, 15.3056840897, 282.133666992, -40.4698181152, 209.537811279, 68.4958267212, 85.2344207764, 8.13927936554], [-566.657470703, 537.323120117, -35.7637939453, 88.1870880127, 310.14932251, 15.3056840897, 330.221740723, 20.8649349213, 117.19568634, -23.9894332886, 61.8978157043, -10.6249837875, 57.8321647644], [1215.88476562, -258.310821533, 566.232421875, 212.047714233, -11.3973093033, 282.133666992, 20.8649349213, 327.112335205, 70.5914077759, 166.960021973, 47.3769760132, 53.1403121948, -6.86244010925], [-240.69821167, 346.531860352, 96.7438354492, 194.323287964, 125.696929932, -40.4698181152, 117.19568634, 70.5914077759, 246.027435303, 64.6989746094, 67.7517623901, -18.3902111053, 22.8028030396], [833.610595703, -296.48727417, 373.519073486, 158.741836548, 6.66385602951, 209.537811279, -23.9894332886, 166.960021973, 64.6989746094, 245.597625732, 76.0054092407, 49.3341026306, -21.3616142273], [86.1201019287, 132.777542114, 276.223449707, 197.554092407, 75.5958862305, 68.4958267212, 61.8978157043, 47.3769760132, 67.7517623901, 76.0054092407, 145.792770386, 45.776348114, 7.39161872864], [385.035247803, -110.93196106, 256.670196533, 92.8823318481, 9.73406982422, 85.2344207764, -10.6249837875, 53.1403121948, -18.3902111053, 49.3341026306, 45.776348114, 113.772605896, 3.54150271416], [-355.549346924, 100.715339661, -88.6313323975, -25.0566596985, 59.0778999329, 8.13927936554, 57.8321647644, -6.86244010925, 22.8028030396, -21.3616142273, 7.39161872864, 3.54150271416, 94.1936569214]],
        "icov": [[0.00029814807931, -0.000256798812188, 0.000148002189235, -0.00048634808627, 0.000368544831872, -0.00052545563085, 0.000269234704319, -0.000674809329212, 0.000618171936367, -0.000533982005436, 0.000698750198353, -0.000465302728117, 0.000701578275766], [-0.000256798812188, 0.00222471682355, -0.00140823260881, 0.00114798673894, -0.0018126568757, 0.00245294114575, -0.00155334547162, 0.00145247182809, -0.0019168772269, 0.00223898352124, -0.00168927281629, 0.00221332442015, -0.00136215658858], [0.000148002189235, -0.00140823260881, 0.00218734377995, -0.00211696350016, 0.000710896216333, -0.00189412001055, 0.00170518353116, -0.00206718058325, 0.00186385540292, -0.00115903152619, 0.000724398298189, -0.00212820409797, 0.00138880556915], [-0.00048634808627, 0.00114798673894, -0.00211696350016, 0.00424258643761, -0.00165705510881, 0.00148419337347, -0.000578654522542, 0.00205920520239, -0.00340151041746, 0.00215347739868, -0.00280177104287, 0.00176775211003, -0.00104506942444], [0.000368544831872, -0.0018126568757, 0.000710896216333, -0.00165705510881, 0.00471832603216, -0.0014361506328, -0.00195039168466, -0.000260745175183, 0.00223271222785, -0.00338468817063, 0.00279322266579, -0.00196296465583, 0.000447195838206], [-0.00052545563085, 0.00245294114575, -0.00189412001055, 0.00148419337347, -0.0014361506328, 0.00667730625719, -0.00331776076928, 0.000213569830521, 2.489140752e-05, 0.000382786471164, -0.00232100952417, 0.0028219120577, -0.00346049736254], [0.000269234704319, -0.00155334547162, 0.00170518353116, -0.000578654522542, -0.00195039168466, -0.00331776076928, 0.00918677449226, -0.00282960478216, -0.00103323999792, 0.00180036970414, -0.00169901887421, -0.0012519066222, 0.000629950955044], [-0.000674809329212, 0.00145247182809, -0.00206718058325, 0.00205920520239, -0.000260745175183, 0.000213569830521, -0.00282960478216, 0.0100182099268, -0.00453688576818, -0.000739078153856, 0.000442195305368, 0.00107357592788, -0.00202966597863], [0.000618171936367, -0.0019168772269, 0.00186385540292, -0.00340151041746, 0.00223271222785, 2.489140752e-05, -0.00103323999792, -0.00453688576818, 0.0112052513286, -0.00535628339276, 0.000693940964993, 0.000274141930277, 0.000141184558743], [-0.000533982005436, 0.00223898352124, -0.00115903152619, 0.00215347739868, -0.00338468817063, 0.000382786471164, 0.00180036970414, -0.000739078153856, -0.00535628339276, 0.0123693635687, -0.0058407750912, 0.00146787869744, 0.000508220400661], [0.000698750198353, -0.00168927281629, 0.000724398298189, -0.00280177104287, 0.00279322266579, -0.00232100952417, -0.00169901887421, 0.000442195305368, 0.000693940964993, -0.0058407750912, 0.0150627242401, -0.00568467983976, 0.00144325557631], [-0.000465302728117, 0.00221332442015, -0.00212820409797, 0.00176775211003, -0.00196296465583, 0.0028219120577, -0.0012519066222, 0.00107357592788, 0.000274141930277, 0.00146787869744, -0.00568467983976, 0.0151252876967, -0.00367710855789], [0.000701578275766, -0.00136215658858, 0.00138880556915, -0.00104506942444, 0.000447195838206, -0.00346049736254, 0.000629950955044, -0.00202966597863, 0.000141184558743, 0.000508220400661, 0.00144325557631, -0.00367710855789, 0.0153398830444]]
    },
    "melbands": {
        "dmean": [0.00308365840465, 0.00179933372419, 0.000524339731783, 0.000180447575985, 0.000137084818562, 9.77544332272e-05, 0.000272874312941, 0.000189172147657, 0.000207569159102, 0.000147387210745, 0.000115950926556, 0.000275623897323, 0.000155354922754, 0.000150383770233, 0.00012388578034, 8.92846728675e-05, 9.08267029445e-05, 5.8275545598e-05, 4.52388630947e-05, 4.1555496864e-05, 2.98683717119e-05, 2.70633063337e-05, 1.84550990525e-05, 1.27988405438e-05, 1.11175604616e-05, 7.83622635936e-06, 8.73098815646e-06, 8.33640569908e-06, 7.50873050492e-06, 5.65101936445e-06, 5.33475440534e-06, 6.21031040282e-06, 5.30350280314e-06, 6.98847361491e-06, 8.0049785538e-06, 6.04777324043e-06, 4.48563650934e-06, 4.68084499516e-06, 3.42394469044e-06, 3.41904456036e-06],
        "dmean2": [0.00372557830997, 0.00269308523275, 0.000885293702595, 0.00031345730531, 0.000224373769015, 0.000162030584761, 0.000401288532885, 0.000291422678856, 0.000346712738974, 0.000231364771025, 0.000187769284821, 0.000446190824732, 0.000255429680692, 0.000213350780541, 0.00019533005252, 0.000140707663377, 0.000151631524204, 9.22722247196e-05, 7.36855072319e-05, 6.48519198876e-05, 4.79818845633e-05, 4.39797549916e-05, 3.0511062505e-05, 2.00003305508e-05, 1.75231762114e-05, 1.21268358271e-05, 1.33741705213e-05, 1.30394164444e-05, 1.12612442535e-05, 8.86446014192e-06, 8.45140402816e-06, 9.68776839727e-06, 8.34765614854e-06, 1.0985478184e-05, 1.22421952256e-05, 8.48230592965e-06, 6.29079340797e-06, 6.58473481963e-06, 5.07252707393e-06, 4.76202831123e-06],
        "dvar": [2.82749915641e-05, 2.90146563202e-05, 3.09632218887e-06, 2.62245521299e-07, 1.80452218501e-07, 7.52561390982e-08, 5.32626245331e-07, 2.345715302e-07, 2.13818537986e-07, 8.49049115459e-08, 4.25746904398e-08, 2.74423115343e-07, 2.10755246144e-07, 1.52783755425e-07, 1.08004279298e-07, 2.34083188388e-08, 7.99314321398e-08, 2.02793835058e-08, 1.2400493965e-08, 8.02933985966e-09, 2.23533280774e-09, 3.0651998717e-09, 8.53657811106e-10, 3.25038884696e-10, 3.22857546253e-10, 1.39576517011e-10, 1.93492222245e-10, 2.68019800798e-10, 1.78724923749e-10, 9.78104541804e-11, 1.09682755933e-10, 2.40269942831e-10, 2.25230389894e-10, 5.82213111056e-10, 8.41337000068e-10, 4.0279571345e-10, 2.387211262e-10, 2.92973895144e-10, 1.77222153619e-10, 1.58169491393e-10],
        "dvar2": [5.4980017012e-05, 6.93164183758e-05, 8.45349131851e-06, 7.48179104448e-07, 4.74754045854e-07, 1.94052049096e-07, 1.07269818272e-06, 4.96794655191e-07, 5.3376629694e-07, 1.97539307578e-07, 1.0088671587e-07, 6.22175036824e-07, 5.2866016631e-07, 2.63279304136e-07, 2.58684821119e-07, 5.48289165181e-08, 2.23534712518e-07, 4.9907129096e-08, 3.33949579101e-08, 1.83651653884e-08, 5.45034106736e-09, 7.68659447203e-09, 2.07726080781e-09, 6.9602884567e-10, 7.03725466789e-10, 2.76015627021e-10, 3.88971466148e-10, 5.75813507986e-10, 3.94940635751e-10, 2.31478072821e-10, 2.46983877794e-10, 5.51930778858e-10, 5.42991873687e-10, 1.37465794303e-09, 1.80178505449e-09, 8.18734025021e-10, 5.06695518876e-10, 5.58432855513e-10, 4.27527679925e-10, 3.36436822845e-10],
        "max": [0.0506432913244, 0.0459144935012, 0.0181538965553, 0.00677201524377, 0.00403492851183, 0.00271460530348, 0.00734303705394, 0.00563253089786, 0.00511700566858, 0.00300169363618, 0.00215349253267, 0.00679599028081, 0.00858723837882, 0.00923304446042, 0.00427846936509, 0.00211320654489, 0.00379431433976, 0.00202543381602, 0.00173605198506, 0.00127056904603, 0.000448705221061, 0.000714105728548, 0.000325426255586, 0.000187991725397, 0.000179879862117, 0.00011192074453, 0.000145815458382, 0.000191163431737, 0.000146524456795, 8.79219296621e-05, 0.00010535192996, 0.000173361971974, 0.000197754532564, 0.000318574922858, 0.00038503826363, 0.00026468039141, 0.000182646122994, 0.00023155688541, 0.000197595654754, 0.000157190079335],
        "mean": [0.00938586238772, 0.00209224270657, 0.000481439725263, 0.000190538252355, 0.000136027636472, 9.39322271734e-05, 0.000333975011017, 0.000216402710066, 0.000203293762752, 0.000169931488927, 0.000144291450852, 0.000358176388545, 0.000171325867996, 0.000190594000742, 0.000146825317643, 0.000103129714262, 9.62922567851e-05, 6.80033044773e-05, 5.27944976056e-05, 5.30860997969e-05, 3.79581106245e-05, 3.02076186927e-05, 2.43241138378e-05, 1.8857217583e-05, 1.59138944582e-05, 1.1710916624e-05, 1.18142379506e-05, 1.05013141365e-05, 9.12941322895e-06, 7.18105957276e-06, 6.52783501209e-06, 7.61078626965e-06, 5.75732292418e-06, 6.87781948727e-06, 8.08839467936e-06, 6.73684462527e-06, 4.95120957567e-06, 5.23670860275e-06, 3.5447094433e-06, 3.62528544429e-06],
        "median": [0.000832872872707, 0.000179524038685, 2.178093564e-05, 3.92907240894e-05, 2.3111639166e-05, 1.30239832288e-05, 2.27681102842e-05, 3.26248045894e-05, 7.01053722878e-05, 4.98233130202e-05, 5.87073482166e-05, 0.000104392391222, 4.29275096394e-05, 4.09791573475e-05, 4.16219663748e-05, 4.13775633206e-05, 3.37814162776e-05, 2.32825404964e-05, 1.97286990442e-05, 1.80324022949e-05, 1.82210787898e-05, 1.28633819259e-05, 1.17070412671e-05, 1.00733186628e-05, 7.02513625583e-06, 5.12734459335e-06, 4.51230880572e-06, 3.65558616977e-06, 3.17043668474e-06, 2.37784320234e-06, 1.46777665577e-06, 1.00699458017e-06, 6.62750380798e-07, 5.0904714044e-07, 3.41297237583e-07, 2.1513224624e-07, 1.3319093739e-07, 8.11718123828e-08, 4.82063846619e-08, 4.18977386119e-08],
        "min": [2.62945436179e-23, 4.6620247716e-24, 4.40925717149e-24, 6.27039225049e-24, 7.25202117866e-24, 6.45793406994e-24, 1.42036898786e-23, 1.46877617513e-23, 2.09045426202e-23, 4.67206854865e-24, 5.39856289956e-24, 5.8545726233e-24, 1.32439759008e-23, 1.01548707488e-23, 1.29277002646e-23, 8.12661233162e-24, 8.50533498589e-24, 7.97695752929e-24, 4.69357013591e-24, 5.59924911385e-24, 8.96423982914e-24, 5.47657808765e-24, 6.83783922671e-24, 9.4589124147e-24, 7.32932875851e-24, 1.32294001178e-23, 1.18294765114e-23, 9.86606009396e-24, 8.33755373768e-24, 9.51749953641e-24, 1.3850059312e-23, 7.82886703814e-24, 7.67884226004e-24, 7.07091764749e-24, 1.50756462361e-23, 1.59132193022e-23, 9.9570749209e-24, 1.09568133344e-23, 1.24943647699e-23, 1.20681944987e-23],
        "stdev": [0.0120952920988, 0.00556967081502, 0.00154297263362, 0.000456043489976, 0.00038429631968, 0.000250151526416, 0.000896576035302, 0.000575026264414, 0.00044370238902, 0.000323621497955, 0.000241650806856, 0.000695362337865, 0.000461353134597, 0.000537652871571, 0.00034749970655, 0.000170917541254, 0.000239472719841, 0.000161323609063, 0.000120025601063, 0.000114352529636, 5.44461872778e-05, 5.51411758352e-05, 3.33011630573e-05, 2.5696161174e-05, 2.46141062235e-05, 1.71994342963e-05, 1.86119341379e-05, 2.05393553188e-05, 1.69938230101e-05, 1.2022564988e-05, 1.26244285639e-05, 1.85900535143e-05, 1.60642684932e-05, 2.42068999796e-05, 3.07233167405e-05, 2.37999520323e-05, 1.78129830601e-05, 2.01869188459e-05, 1.39902149385e-05, 1.41558475661e-05],
        "var": [0.00014629609359, 3.1021234463e-05, 2.38076472669e-06, 2.07975659805e-07, 1.47683664409e-07, 6.25757934358e-08, 8.03848536179e-07, 3.30655183234e-07, 1.96871809521e-07, 1.04730879968e-07, 5.83951127453e-08, 4.83528765471e-07, 2.12846714476e-07, 2.8907061278e-07, 1.20756041611e-07, 2.92128046198e-08, 5.73471830023e-08, 2.60253063544e-08, 1.44061456098e-08, 1.30765007711e-08, 2.96438718017e-09, 3.04054914579e-09, 1.10896747341e-09, 6.60292653887e-10, 6.05854255653e-10, 2.95820534735e-10, 3.46404072094e-10, 4.21865126166e-10, 2.8878999192e-10, 1.44542058877e-10, 1.59376192799e-10, 3.45590112083e-10, 2.58060739444e-10, 5.85973991551e-10, 9.43922162655e-10, 5.66437674543e-10, 3.17302378816e-10, 4.07511691058e-10, 1.9572611587e-10, 2.00388025617e-10]
    },
    "melbands128": {
