{
"lowlevel": {
    "average_loudness": 0.945439815521,
    "barkbands_crest": {
        "dmean": 2.17364358902,
        "dmean2": 3.40546107292,
        "dvar": 5.89204454422,
        "dvar2": 15.5724153519,
        "max": 24.1488647461,
        "mean": 10.6842708588,
        "median": 9.67422580719,
        "min": 2.20449995995,
        "stdev": 4.23816013336,
        "var": 17.9620018005
    },
    "barkbands_flatness_db": {
        "dmean": 0.0245600845665,
        "dmean2": 0.0357802286744,
        "dvar": 0.000729192222934,
        "dvar2": 0.00152400892694,
        "max": 0.36858934164,
        "mean": 0.189806044102,
        "median": 0.181687101722,
        "min": 0.0209990851581,
        "stdev": 0.060274489224,
        "var": 0.00363301392645
    },
    "barkbands_kurtosis": {
        "dmean": 2.95026254654,
        "dmean2": 4.5946264267,
        "dvar": 23.0879020691,
        "dvar2": 55.254234314,
        "max": 61.8084869385,
        "mean": 5.70433473587,
        "median": 3.22951459885,
        "min": -1.87697589397,
        "stdev": 7.56380605698,
        "var": 57.2111625671
    },
    "barkbands_skewness": {
        "dmean": 0.495350003242,
        "dmean2": 0.731332063675,
        "dvar": 0.396795213223,
        "dvar2": 0.898107528687,
        "max": 6.64281702042,
        "mean": 1.74181377888,
        "median": 1.54892921448,
        "min": -2.78223609924,
        "stdev": 1.1982793808,
        "var": 1.43587338924
    },
    "barkbands_spread": {
        "dmean": 4.78176832199,
        "dmean2": 7.33120155334,
        "dvar": 80.6463546753,
        "dvar2": 174.392654419,
        "max": 81.0827636719,
        "mean": 15.0945491791,
        "median": 12.0758905411,
        "min": 1.49384462833,
        "stdev": 12.3422346115,
        "var": 152.330764771
    },
    "dissonance": {
        "dmean": 0.0267861671746,
        "dmean2": 0.0438021756709,
        "dvar": 0.000660582969431,
        "dvar2": 0.00162758247461,
        "max": 0.497680306435,
        "mean": 0.413699060678,
        "median": 0.421964079142,
        "min": 0.209677904844,
        "stdev": 0.0495689101517,
        "var": 0.00245707668364
    },
    "dynamic_complexity": 3.4489967823,
    "erbbands_crest": {
        "dmean": 2.56432676315,
        "dmean2": 4.02361869812,
        "dvar": 8.43607616425,
        "dvar2": 21.1124134064,
        "max": 29.9364204407,
        "mean": 11.2011156082,
        "median": 10.2132873535,
        "min": 3.37138557434,
        "stdev": 4.50562000275,
        "var": 20.3006134033
    },
    "erbbands_flatness_db": {
        "dmean": 0.0211715884507,
        "dmean2": 0.0297494996339,
        "dvar": 0.000544105307199,
        "dvar2": 0.00112242426258,
        "max": 0.378648370504,
        "mean": 0.211316168308,
        "median": 0.201292976737,
        "min": 0.0977060422301,
        "stdev": 0.0561129674315,
        "var": 0.00314866518602
    },
    "erbbands_kurtosis": {
        "dmean": 1.25737309456,
        "dmean2": 1.92395031452,
        "dvar": 2.87292408943,
        "dvar2": 6.75109434128,
        "max": 19.2880268097,
        "mean": 1.75263035297,
        "median": 0.745725631714,
        "min": -1.7424775362,
        "stdev": 2.95377779007,
        "var": 8.72480392456
    },
    "erbbands_skewness": {
        "dmean": 0.38666009903,
        "dmean2": 0.572715044022,
        "dvar": 0.219748079777,
        "dvar2": 0.473842382431,
        "max": 4.09524536133,
        "mean": 0.870338857174,
        "median": 0.869996964931,
        "min": -2.77059984207,
        "stdev": 0.877230644226,
        "var": 0.769533574581
    },
    "erbbands_spread": {
        "dmean": 7.39583206177,
        "dmean2": 11.3884010315,
        "dvar": 135.400695801,
        "dvar2": 308.992767334,
        "max": 133.284576416,
        "mean": 30.5613155365,
        "median": 24.5701751709,
        "min": 4.65331459045,
        "stdev": 19.3052902222,
        "var": 372.694244385
    },
    "hfc": {
        "dmean": 7.87652015686,
        "dmean2": 11.4235963821,
        "dvar": 333.8565979,
        "dvar2": 648.393371582,
        "max": 255.394210815,
        "mean": 25.2414321899,
        "median": 19.4832000732,
        "min": 1.19671064719e-16,
        "stdev": 29.7959136963,
        "var": 887.796508789
    },
    "loudness_ebu128": {
        "integrated": -13.5918064117,
        "loudness_range": 9.41289806366,
        "momentary": {
            "dmean": 0.472684025764,
            "dmean2": 0.496493071318,
            "dvar": 0.220488086343,
            "dvar2": 0.281663686037,
            "max": -10.3633975983,
            "mean": -14.7459640503,
            "median": -13.2979183197,
            "min": -22.3656291962,
            "stdev": 3.66841459274,
            "var": 13.4572649002
        },
        "short_term": {
            "dmean": 0.0890561491251,
            "dmean2": 0.0808605775237,
            "dvar": 0.0106610311195,
            "dvar2": 0.00791226513684,
            "max": -11.2870464325,
            "mean": -14.3749647141,
            "median": -13.094417572,
            "min": -21.271522522,
            "stdev": 3.21437048912,
            "var": 10.3321781158
        }
    },
    "melbands_crest": {
        "dmean": 2.57551622391,
        "dmean2": 4.12712192535,
        "dvar": 8.90116596222,
        "dvar2": 21.8768577576,
        "max": 29.978307724,
        "mean": 13.5679979324,
        "median": 12.6553058624,
        "min": 1.97389686108,
        "stdev": 5.12588405609,
        "var": 26.2746887207
    },
    "melbands_flatness_db": {
        "dmean": 0.0272621978074,
        "dmean2": 0.0375618040562,
        "dvar": 0.00109588599298,
        "dvar2": 0.00221308181062,
        "max": 0.460358649492,
        "mean": 0.233400583267,
        "median": 0.227884963155,
        "min": 0.00606298260391,
        "stdev": 0.0755028948188,
        "var": 0.00570068694651
    },
    "melbands_kurtosis": {
        "dmean": 4.92275571823,
        "dmean2": 7.57267427444,
        "dvar": 64.2308120728,
        "dvar2": 155.955200195,
        "max": 100.27280426,
        "mean": 11.4570274353,
        "median": 6.50740146637,
        "min": -1.81944453716,
        "stdev": 13.3805456161,
        "var": 179.039001465
    },
    "melbands_skewness": {
        "dmean": 0.538535356522,
        "dmean2": 0.792323291302,
        "dvar": 0.48128965497,
        "dvar2": 1.13928174973,
        "max": 8.13319778442,
        "mean": 2.24556064606,
        "median": 1.83725214005,
        "min": -0.288910269737,
        "stdev": 1.43992042542,
        "var": 2.07337069511
    },
    "melbands_spread": {
        "dmean": 6.4960436821,
        "dmean2": 9.68512821198,
        "dvar": 271.161834717,
        "dvar2": 511.465759277,
        "max": 209.590759277,
        "mean": 19.2028007507,
        "median": 13.875752449,
        "min": 1.60290634632,
        "stdev": 24.5038318634,
        "var": 600.437805176
    },
    "pitch_salience": {
        "dmean": 0.0599456578493,
        "dmean2": 0.09161901474,
        "dvar": 0.00456114951521,
        "dvar2": 0.0114579470828,
        "max": 0.893533110619,
        "mean": 0.586566030979,
        "median": 0.593573570251,
        "min": 0.190221056342,
        "stdev": 0.114299453795,
        "var": 0.013064365834
    },
    "silence_rate_20dB": {
        "dmean": 0,
        "dmean2": 0,
        "dvar": 0,
        "dvar2": 0,
        "max": 1,
        "mean": 1,
        "median": 1,
        "min": 1,
        "stdev": 0,
        "var": 0
    },
    "silence_rate_30dB": {
        "dmean": 0,
        "dmean2": 0,
        "dvar": 0,
        "dvar2": 0,
        "max": 1,
        "mean": 1,
        "median": 1,
        "min": 1,
        "stdev": 0,
        "var": 0
    },
    "silence_rate_60dB": {
        "dmean": 0.0270897839218,
        "dmean2": 0.0542215332389,
        "dvar": 0.0263557750732,
        "dvar2": 0.0605762451887,
        "max": 1,
        "mean": 0.0440835282207,
        "median": 0,
        "min": 0,
        "stdev": 0.205277591944,
        "var": 0.042138889432
    },
    "spectral_centroid": {
        "dmean": 205.116271973,
        "dmean2": 296.945251465,
        "dvar": 184695.234375,
        "dvar2": 305707.59375,
        "max": 11421.8212891,
        "mean": 962.971740723,
        "median": 828.168273926,
        "min": 219.500579834,
        "stdev": 649.604492188,
        "var": 421986
    },
    "spectral_complexity": {
        "dmean": 2.282507658,
        "dmean2": 3.53369474411,
        "dvar": 8.34356880188,
        "dvar2": 17.2388648987,
        "max": 47,
        "mean": 14.230471611,
        "median": 14,
        "min": 0,
        "stdev": 5.79485368729,
        "var": 33.580329895
    },
    "spectral_decrease": {
        "dmean": 1.4382695035e-09,
        "dmean2": 2.12425410595e-09,
        "dvar": 4.51131526146e-18,
        "dvar2": 9.21815782175e-18,
        "max": 2.9570319106e-29,
        "mean": -6.35449737274e-09,
        "median": -6.29154017773e-09,
        "min": -2.56290437761e-08,
        "stdev": 4.4830161805e-09,
        "var": 2.00974349342e-17
    },
    "spectral_energy": {
        "dmean": 0.00585160404444,
        "dmean2": 0.00865241885185,
        "dvar": 7.09495507181e-05,
        "dvar2": 0.000145150683238,
        "max": 0.10255279392,
        "mean": 0.0262728147209,
        "median": 0.0264635160565,
        "min": 1.07429112703e-20,
        "stdev": 0.0182168800384,
        "var": 0.000331854709657
    },
    "spectral_energyband_high": {
        "dmean": 0.000698846473824,
        "dmean2": 0.00102174817584,
        "dvar": 5.02486000187e-06,
        "dvar2": 9.8921254903e-06,
        "max": 0.0291231479496,
        "mean": 0.00127818307374,
        "median": 0.000350043264916,
        "min": 7.73577208596e-21,
        "stdev": 0.00320052588359,
        "var": 1.02433659777e-05
    },
    "spectral_energyband_low": {
        "dmean": 0.000443004246335,
        "dmean2": 0.000726442434825,
        "dvar": 1.48420451751e-06,
        "dvar2": 4.01586976295e-06,
        "max": 0.0196398943663,
        "mean": 0.00109316851012,
        "median": 0.000752962485421,
        "min": 9.86542190549e-23,
        "stdev": 0.00140332581941,
        "var": 1.96932319341e-06
    },
    "spectral_energyband_middle_high": {
        "dmean": 0.00177572260145,
        "dmean2": 0.00246548419818,
        "dvar": 9.93052981357e-06,
        "dvar2": 1.92757433979e-05,
        "max": 0.0419402606785,
        "mean": 0.00528420088813,
        "median": 0.00291457399726,
        "min": 1.45130363183e-21,
        "stdev": 0.00634389650077,
        "var": 4.02450241381e-05
    },
    "spectral_energyband_middle_low": {
        "dmean": 0.00517714815214,
        "dmean2": 0.00768088176847,
        "dvar": 6.26100372756e-05,
        "dvar2": 0.00013337546261,
        "max": 0.0899693742394,
        "mean": 0.0192352477461,
        "median": 0.0167000275105,
        "min": 3.15359276387e-22,
        "stdev": 0.0154748177156,
        "var": 0.000239469984081
    },
    "spectral_entropy": {
        "dmean": 0.238407552242,
        "dmean2": 0.329355448484,
        "dvar": 0.0885068625212,
        "dvar2": 0.16871021688,
        "max": 9.81473255157,
        "mean": 7.0214715004,
        "median": 7.06675004959,
        "min": 5.26244783401,
        "stdev": 0.646068394184,
        "var": 0.417404383421
    },
    "spectral_flux": {
        "dmean": 0.0260716341436,
        "dmean2": 0.0383700355887,
        "dvar": 0.000803010771051,
        "dvar2": 0.00167502788827,
        "max": 0.261086940765,
        "mean": 0.0669444650412,
        "median": 0.0564719811082,
        "min": 1.03648013783e-10,
        "stdev": 0.0510123632848,
        "var": 0.00260226125829
    },
    "spectral_kurtosis": {
        "dmean": 4.29041671753,
        "dmean2": 7.0397400856,
        "dvar": 55.3072090149,
        "dvar2": 145.239242554,
        "max": 122.227828979,
        "mean": 9.52979373932,
        "median": 4.99041700363,
        "min": -1.27471137047,
        "stdev": 14.8855361938,
        "var": 221.579193115
    },
    "spectral_rms": {
        "dmean": 0.000546812836546,
        "dmean2": 0.000790913007222,
        "dvar": 5.44079284737e-07,
        "dvar2": 1.01288446785e-06,
        "max": 0.0100025748834,
        "mean": 0.00467865448445,
        "median": 0.00508114788681,
        "min": 3.23742009763e-12,
        "stdev": 0.00193448807113,
        "var": 3.7422441892e-06
    },
    "spectral_rolloff": {
        "dmean": 451.164001465,
        "dmean2": 735.398986816,
        "dvar": 1602851.125,
        "dvar2": 3095573.75,
        "max": 18604.6875,
        "mean": 1381.18518066,
        "median": 968.994140625,
        "min": 172.265625,
        "stdev": 1767.29614258,
        "var": 3123335.75
    },
    "spectral_skewness": {
        "dmean": 0.408718377352,
        "dmean2": 0.636963129044,
        "dvar": 0.246328696609,
        "dvar2": 0.611934006214,
        "max": 8.97635364532,
        "mean": 2.12112760544,
        "median": 1.93147850037,
        "min": -0.0603732205927,
        "stdev": 1.08182704449,
        "var": 1.17034971714
    },
    "spectral_spread": {
        "dmean": 772268.25,
        "dmean2": 1099219.125,
        "dvar": 1.82336605389e+12,
        "dvar2": 2.69967006106e+12,
        "max": 41457132,
        "mean": 4791908,
        "median": 4876529.5,
        "min": 685459.75,
        "stdev": 2441356.25,
        "var": 5.96022027878e+12
    },
    "spectral_strongpeak": {
        "dmean": 0.544417798519,
        "dmean2": 0.861572921276,
        "dvar": 0.770950913429,
        "dvar2": 1.89053106308,
        "max": 11.4569606781,
        "mean": 1.57757151127,
        "median": 1.3000125885,
        "min": 4.38868275054e-09,
        "stdev": 1.27233862877,
        "var": 1.61884570122
    },
    "zerocrossingrate": {
        "dmean": 0.0119829205796,
        "dmean2": 0.0130058303475,
        "dvar": 0.00046875703265,
        "dvar2": 0.000431271706475,
        "max": 0.4921875,
        "mean": 0.0561742447317,
        "median": 0.044921875,
        "min": 0.01025390625,
        "stdev": 0.0478598438203,
        "var": 0.0022905645892
    },
    "barkbands": {
        "dmean": [1.25927988393e-06, 2.96261932817e-05, 0.000177978989086, 0.000721629301552, 0.00196465943009, 0.0019033276476, 0.00137729372364, 0.00185958796646, 0.00110752787441, 0.000533558661118, 0.000596830504946, 0.000430907355621, 0.000239662709646, 0.000292747252388, 0.000323533982737, 0.000265183800366, 0.000153380970005, 7.88807083154e-05, 5.9331436205e-05, 0.000110064429464, 8.99766382645e-05, 0.000151475862367, 0.000184198346687, 0.000206140291994, 0.000123544406961, 4.85937780468e-05, 8.6214959083e-07],
        "dmean2": [2.24152472583e-06, 4.83264411741e-05, 0.000297733466141, 0.00114958628546, 0.00294956960715, 0.00284864800051, 0.00203316728584, 0.00274066603743, 0.00159603753127, 0.000755861983635, 0.000867856491823, 0.000618617923465, 0.000362551450962, 0.000480099726701, 0.000462185591459, 0.00040910919779, 0.0002387217246, 0.000121479679365, 9.17475408642e-05, 0.000170858198544, 0.000136415474117, 0.00023302694899, 0.000290328462142, 0.000316775665851, 0.000188429286936, 7.42193951737e-05, 1.44202635965e-06],
        "dvar": [2.8568250196e-11, 2.38081554471e-08, 1.95402435565e-07, 3.06527817884e-06, 1.75874702109e-05, 1.84304117283e-05, 1.47925065903e-05, 1.59432383953e-05, 1.04515529529e-05, 2.90589537144e-06, 2.70675491265e-06, 9.7958616152e-07, 3.56826717507e-07, 9.51355730194e-07, 7.57046848321e-07, 1.88987223737e-06, 1.53793678237e-07, 2.91737993763e-08, 2.10363815256e-08, 8.23767223324e-08, 7.01889391053e-08, 1.73769251433e-07, 5.08981031544e-07, 6.49115179385e-07, 2.77569824902e-07, 2.56715377844e-08, 7.52953168565e-12],
        "dvar2": [8.09401365376e-11, 6.29246201811e-08, 5.46965168269e-07, 7.06766059011e-06, 4.06308281526e-05, 4.16447328462e-05, 3.27403176925e-05, 3.54202857125e-05, 2.18530203711e-05, 6.1418641053e-06, 5.71980035602e-06, 2.06859613172e-06, 8.55299788327e-07, 2.47268485509e-06, 1.56827763931e-06, 4.79657774122e-06, 4.05342944987e-07, 6.22247640081e-08, 5.1188244754e-08, 2.08753618836e-07, 1.69885467471e-07, 3.98256275957e-07, 1.18804052818e-06, 1.23303118471e-06, 5.7100533013e-07, 4.51803252588e-08, 1.96381418072e-11],
        "max": [0.000132433619001, 0.00420475844294, 0.00594273675233, 0.0248114634305, 0.0661808252335, 0.0493485629559, 0.0495707392693, 0.0488324128091, 0.0563232004642, 0.0304438825697, 0.0277950912714, 0.0137600898743, 0.00873386394233, 0.0170681681484, 0.0156675707549, 0.0302540604025, 0.00838345196098, 0.00216813897714, 0.00213577365503, 0.00437112245709, 0.00614149868488, 0.00581856910139, 0.0135892136022, 0.0126523310319, 0.012732675299, 0.00281692366116, 3.67534230463e-05],
        "mean": [1.0728866755e-06, 2.82406253973e-05, 0.000527532421984, 0.0015185540542, 0.00479563884437, 0.00423394003883, 0.00267720175907, 0.00356116145849, 0.00230480218306, 0.000916764431167, 0.00128688884433, 0.000776117376518, 0.000386284227716, 0.000434582208982, 0.000555202830583, 0.000388849672163, 0.000267528608674, 0.000145688274642, 9.43903796724e-05, 0.000174347151187, 0.00013871488045, 0.00023465231061, 0.000253988866461, 0.000318879814586, 0.000177874841029, 7.29724706616e-05, 9.67156211118e-07],
        "median": [3.09417060862e-07, 6.41254700895e-06, 0.000403982994612, 0.000518503016792, 0.00174085889012, 0.00123905669898, 0.000711309141479, 0.000836170918774, 0.000575044832658, 0.000198326233658, 0.000424027995905, 0.000266284652753, 9.45855572354e-05, 7.078202907e-05, 4.83468465973e-05, 0.000103237383883, 8.61209337017e-05, 4.41787415184e-05, 2.35279785556e-05, 3.10172981699e-05, 2.86773047264e-05, 4.55465597042e-05, 4.59139773739e-05, 3.20923572872e-05, 3.08448070427e-05, 1.53337769007e-05, 8.08028755017e-09],
        "min": [2.41629515219e-23, 4.35720221251e-23, 1.90861503916e-23, 4.24303132033e-23, 1.8541672284e-23, 5.16324671705e-23, 6.22563599037e-23, 3.31767570594e-23, 1.01590580225e-22, 1.29540876619e-23, 7.28748946937e-23, 4.07283552666e-23, 1.14960800692e-22, 4.64893843693e-23, 1.21676468242e-22, 8.48416748122e-23, 2.76352843549e-22, 2.93110142442e-22, 2.69565332859e-22, 2.93597671104e-22, 4.47149787093e-22, 6.78006030877e-22, 5.08455664269e-22, 9.29770799452e-22, 1.1488863191e-21, 1.74109179896e-21, 2.35022328035e-21],
        "stdev": [4.24935933552e-06, 0.000133762165206, 0.000607786874752, 0.00250043626875, 0.00812293961644, 0.0071099800989, 0.00572624104097, 0.00584328686818, 0.00467432290316, 0.00235654995777, 0.00283995317295, 0.0014706174843, 0.000813737453427, 0.00117961294018, 0.0015180647606, 0.00131677859463, 0.000453940709122, 0.000280090171145, 0.000184418488061, 0.000345611333614, 0.000323890009895, 0.000528990174644, 0.000824465358164, 0.0012043468887, 0.000673903501593, 0.000229262252105, 3.3590770272e-06],
        "var": [1.80570541158e-11, 1.78923187377e-08, 3.69404887124e-07, 6.2521817199e-06, 6.59821453155e-05, 5.05518146383e-05, 3.278983786e-05, 3.41440027114e-05, 2.18492932618e-05, 5.55332781005e-06, 8.0653344412e-06, 2.16271587306e-06, 6.62168645249e-07, 1.39148676226e-06, 2.30452064898e-06, 1.73390583313e-06, 2.06062168218e-07, 7.84504976536e-08, 3.40101777851e-08, 1.1944719347e-07, 1.04904735565e-07, 2.79830629779e-07, 6.79743095588e-07, 1.45045135014e-06, 4.54145890671e-07, 5.25611802971e-08, 1.12833986946e-11]
    },
    "erbbands": {
        "dmean": [0.000375936564524, 0.00987268425524, 0.141684263945, 1.25608086586, 4.02231121063, 6.63920688629, 14.1048746109, 15.5316267014, 15.7950763702, 30.5545520782, 38.5782356262, 20.833234787, 16.5413608551, 19.7593383789, 17.6561660767, 14.0126981735, 10.8489303589, 10.1669836044, 15.0863714218, 17.00730896, 14.2723264694, 8.356133461, 4.87766551971, 1.79735910892, 4.1815328598, 5.21656084061, 3.84266805649, 3.53044462204, 4.92974328995, 6.22574949265, 5.17255687714, 4.41276073456, 3.48917198181, 1.54041862488, 0.82134270668, 0.339392691851, 0.0674357488751, 0.00522674387321, 0.000139336043503, 1.25735696201e-05],
        "dmean2": [0.000621979823336, 0.0163584407419, 0.234862834215, 2.02785468102, 6.23179912567, 9.90943908691, 21.012960434, 22.7720966339, 23.2819347382, 45.6854019165, 55.7835388184, 29.9708957672, 23.5668716431, 26.7620944977, 25.3766880035, 20.0694942474, 15.9089622498, 15.7931985855, 24.3097934723, 23.8522052765, 22.452955246, 12.7235078812, 7.34423351288, 2.71943259239, 6.4839553833, 8.08210277557, 5.83608293533, 5.44139432907, 7.43953084946, 9.45139694214, 7.96224594116, 6.96822500229, 5.33955192566, 2.40214443207, 1.22989249229, 0.510693371296, 0.0999865084887, 0.00786505360156, 0.00021079040016, 1.83821521205e-05],
        "dvar": [1.23060808619e-05, 0.00158960511908, 0.114121980965, 10.2173557281, 82.0332183838, 255.13092041, 1701.22412109, 1413.53173828, 2419.48828125, 6036.37011719, 7770.71044922, 3935.3684082, 2038.61474609, 2963.24682617, 1905.44482422, 1149.30529785, 627.825622559, 727.534667969, 2632.66650391, 2122.30932617, 5700.47314453, 283.301971436, 94.9332733154, 17.1948032379, 107.295578003, 220.407241821, 136.582061768, 101.046325684, 173.843231201, 364.572998047, 424.834411621, 342.588867188, 193.152008057, 47.2680892944, 10.3433675766, 1.27451014519, 0.0494578182697, 0.000278027233435, 1.74720724999e-07, 7.60697727031e-10],
        "dvar2": [3.32462986989e-05, 0.00416666362435, 0.311162561178, 25.492559433, 219.451629639, 516.72253418, 4055.93017578, 3008.04541016, 5692.86865234, 12597.7177734, 17268.9746094, 8657.03613281, 3938.98022461, 5611.74121094, 3960.99731445, 2545.16870117, 1401.54382324, 1696.43566895, 7041.28955078, 3565.10375977, 14655.453125, 681.013244629, 202.762207031, 43.8738441467, 254.369049072, 566.337890625, 336.948455811, 245.71446228, 404.199981689, 853.272155762, 964.446289062, 783.89831543, 348.523254395, 91.2787857056, 21.2129974365, 2.21700406075, 0.0914419218898, 0.000547146424651, 3.56593261586e-07, 1.39885403261e-09],
        "max": [0.100310981274, 1.01905572414, 4.18112754822, 53.2492332458, 155.668746948, 402.407714844, 581.329528809, 535.082214355, 838.230407715, 1291.2043457, 1104.17590332, 1148.8034668, 767.596557617, 1154.13684082, 712.545959473, 498.900085449, 416.723937988, 404.27432251, 835.478393555, 938.43359375, 1616.90100098, 250.8855896, 129.278930664, 72.3439331055, 120.944335938, 265.74319458, 274.533874512, 188.479812622, 196.1456604, 275.063598633, 418.031799316, 337.280853271, 250.621887207, 200.501068115, 62.0416259766, 22.7669525146, 3.68193626404, 0.296823501587, 0.00667243031785, 0.000450215942692],
        "mean": [0.000458756112494, 0.0153547758237, 0.402898669243, 2.95893716812, 9.65118026733, 16.1504516602, 26.1742038727, 39.3261108398, 33.1730003357, 61.6745033264, 79.2311019897, 45.0102729797, 36.061668396, 43.2603874207, 38.7438621521, 26.0164527893, 20.7023220062, 16.9688892365, 22.0852146149, 33.8032150269, 21.8219470978, 16.3869438171, 9.8414106369, 3.4222817421, 6.82616281509, 8.23507785797, 6.12264442444, 5.17987251282, 7.42167615891, 9.29335403442, 7.21674537659, 6.26821231842, 5.34970188141, 2.36268281937, 1.12109541893, 0.481443047523, 0.101809628308, 0.00789509341121, 0.000228431206779, 4.39352916146e-05],
        "median": [0.000208828758332, 0.0087410248816, 0.298000395298, 1.60196113586, 2.34762382507, 5.1498799324, 8.66623401642, 9.32475185394, 10.2209033966, 25.6973514557, 20.6731414795, 14.3432245255, 13.1564998627, 14.9917221069, 15.5388059616, 10.2812461853, 6.3408408165, 4.43289375305, 2.7268872261, 4.68947124481, 6.65993881226, 5.69114875793, 3.21106553078, 1.7119383812, 1.33625948429, 1.56202280521, 1.2854963541, 1.20150053501, 1.56478357315, 1.80207419395, 1.09827208519, 0.478882402182, 0.552546203136, 0.373297095299, 0.188483387232, 0.0920394808054, 0.019275251776, 0.00125478743576, 5.78636063437e-05, 3.92997826566e-05],
        "min": [1.51978948115e-21, 8.89018341014e-21, 1.5489790613e-20, 9.72106468658e-20, 1.03828363185e-19, 4.53474273539e-20, 1.2629070475e-19, 5.08858920472e-19, 9.38222888946e-19, 8.53030161792e-19, 9.94738349937e-19, 2.40896583789e-18, 9.83902283913e-19, 1.13901622635e-18, 2.75939345978e-18, 2.19773865103e-18, 5.7196511877e-18, 2.45129204945e-18, 3.59294873972e-18, 7.07729031937e-18, 5.6390254798e-18, 1.87351214049e-17, 1.52661360197e-17, 1.42545387983e-17, 1.32719756164e-17, 1.26330753734e-17, 1.72145516808e-17, 2.08092387406e-17, 2.58436601263e-17, 1.72165071358e-17, 1.57886097644e-17, 1.80343720403e-17, 1.60319100523e-17, 1.20288513688e-17, 8.01604188013e-18, 6.9784538167e-18, 3.21279431457e-18, 1.26890798435e-18, 3.70339797931e-19, 3.00172050509e-20],
        "stdev": [0.00289165787399, 0.036362234503, 0.451063275337, 4.06843423843, 16.8609886169, 36.6983108521, 53.5321502686, 73.1422348022, 78.0535430908, 111.451049805, 129.928512573, 91.5313415527, 69.9051513672, 94.6601867676, 72.478843689, 48.0386161804, 39.360874176, 37.6116104126, 57.6955032349, 92.0250015259, 69.88671875, 24.5967025757, 17.317155838, 4.90908718109, 13.8754987717, 17.045343399, 14.6388263702, 11.878241539, 16.7041778564, 22.7531833649, 24.5488967896, 24.4460678101, 20.9766578674, 9.95992279053, 3.94889163971, 1.58812773228, 0.314885526896, 0.0226597711444, 0.00058829295449, 4.65227458335e-05],
        "var": [8.36168510432e-06, 0.00132221216336, 0.203458070755, 16.5521564484, 284.292938232, 1346.76599121, 2865.69091797, 5349.78613281, 6092.35595703, 12421.3369141, 16881.4179688, 8377.98632812, 4886.72998047, 8960.55078125, 5253.18310547, 2307.70874023, 1549.27856445, 1414.63317871, 3328.77099609, 8468.60058594, 4884.15332031, 604.997741699, 299.883880615, 24.0991382599, 192.529464722, 290.543731689, 214.29524231, 141.09262085, 279.029571533, 517.707336426, 602.64831543, 597.610229492, 440.020141602, 99.2000579834, 15.5937452316, 2.52214956284, 0.0991529002786, 0.000513465260155, 3.46088569358e-07, 2.1643657977e-09]
    },
    "gfcc": {
        "mean": [-34.9661064148, 96.549331665, -129.914810181, -3.05963039398, -86.5042495728, -4.16150569916, -55.0659561157, -3.59629154205, -31.5318813324, -12.9109067917, -26.0631504059, -4.67794275284, -13.7782030106],
        "cov": [[11335.4941406, -4374.19677734, 659.022277832, 529.9453125, -1423.81225586, 601.038146973, -1061.33947754, 664.380981445, -300.57244873, 697.407348633, -855.258728027, 320.299835205, -312.485015869], [-4374.19677734, 3661.87915039, -755.764099121, -453.80480957, 1016.60845947, -458.881713867, 656.687988281, -485.054718018, 207.864257812, -450.604980469, 540.498474121, -318.336456299, 166.017944336], [659.022277832, -755.764099121, 910.843139648, 253.651443481, -182.846313477, 78.8408889771, -237.302703857, 219.325592041, -127.819099426, 93.3672866821, -150.366928101, 178.535339355, -74.8226928711], [529.9453125, -453.80480957, 253.651443481, 567.397705078, -117.660903931, 59.4986152649, -106.240203857, 43.9380302429, -11.5264978409, 18.9270973206, -34.4719467163, 33.9086952209, 27.0097560883], [-1423.81225586, 1016.60845947, -182.846313477, -117.660903931, 486.783966064, -94.0695953369, 162.198654175, -93.1377105713, 71.7226409912, -88.8617706299, 157.154785156, -106.083106995, 20.5652523041], [601.038146973, -458.881713867, 78.8408889771, 59.4986152649, -94.0695953369, 311.586456299, 11.4553728104, 44.3369140625, -16.8176040649, 97.7081222534, -46.9774017334, 19.0142269135, -65.8889160156], [-1061.33947754, 656.687988281, -237.302703857, -106.240203857, 162.198654175, 11.4553728104, 385.717987061, -87.3122253418, -13.8204126358, -85.6241912842, 122.722595215, -71.5137176514, 14.5640945435], [664.380981445, -485.054718018, 219.325592041, 43.9380302429, -93.1377105713, 44.3369140625, -87.3122253418, 229.099075317, -39.6566123962, 56.178150177, -98.7502365112, 57.6863632202, -41.829410553], [-300.57244873, 207.864257812, -127.819099426, -11.5264978409, 71.7226409912, -16.8176040649, -13.8204126358, -39.6566123962, 183.944992065, -3.56855964661, 11.8566226959, -47.0659675598, -0.482811242342], [697.407348633, -450.604980469, 93.3672866821, 18.9270973206, -88.8617706299, 97.7081222534, -85.6241912842, 56.178150177, -3.56855964661, 169.22102356, -57.8668136597, 1.54716098309, -52.4186096191], [-855.258728027, 540.498474121, -150.366928101, -34.4719467163, 157.154785156, -46.9774017334, 122.722595215, -98.7502365112, 11.8566226959, -57.8668136597, 187.991256714, -67.7597045898, 19.5927276611], [320.299835205, -318.336456299, 178.535339355, 33.9086952209, -106.083106995, 19.0142269135, -71.5137176514, 57.6863632202, -47.0659675598, 1.54716098309, -67.7597045898, 158.859573364, -6.71240997314], [-312.485015869, 166.017944336, -74.8226928711, 27.0097560883, 20.5652523041, -65.8889160156, 14.5640945435, -41.829410553, -0.482811242342, -52.4186096191, 19.5927276611, -6.71240997314, 132.462478638]],
        "icov": [[0.000287053611828, -0.000190064514754, 0.000406903185649, -0.000258176325588, 0.000533282931428, -0.000263949652435, 0.00061887211632, -0.000422433542553, 0.000608463597018, -0.00060778792249, 0.000709203945007, -3.49535257556e-05, 0.000437373237219], [-0.000190064514754, 0.00220899097621, -0.000853866687976, 0.000928725348786, -0.00253126281314, 0.00134329753928, -0.00183248438407, 0.00183524668682, -0.00157344830222, 0.00248829880729, -0.00184118025936, 0.000921338214539, -0.000748482358176], [0.000406903185649, -0.000853866687976, 0.0029893249739, -0.00137463852298, 0.000940602913033, -0.000652536051348, 0.00197291653603, -0.00203717360273, 0.00230833957903, -0.00176994781941, 0.00162764580455, -0.00179863686208, 0.00164418830536], [-0.000258176325588, 0.000928725348786, -0.00137463852298, 0.00281977234408, -0.000753576634452, 6.24355234322e-05, -0.000725784397218, 0.000976466457359, -0.00142318860162, 0.00174954382237, -0.00166968198027, 0.000913801486604, -0.0016078602057], [0.000533282931428, -0.00253126281314, 0.000940602913033, -0.000753576634452, 0.00678821979091, -0.00127381272614, 0.00196939753368, -0.00256828009151, 0.00112595735118, -0.00253369053826, 0.00077831413364, 0.000205892196391, 0.00129720091354], [-0.000263949652435, 0.00134329753928, -0.000652536051348, 6.24355234322e-05, -0.00127381272614, 0.00558049185202, -0.00267890025862, 0.00132893107366, -0.00125456112437, -0.000743946991861, -0.000894651515409, 2.61607565335e-05, 0.000834894482978], [0.00061887211632, -0.00183248438407, 0.00197291653603, -0.000725784397218, 0.00196939753368, -0.00267890025862, 0.00674081314355, -0.0019639832899, 0.00338110444136, -0.000865590991452, 0.00112738623284, -4.35184156231e-05, 0.00152025930583], [-0.000422433542553, 0.00183524668682, -0.00203717360273, 0.000976466457359, -0.00256828009151, 0.00132893107366, -0.0019639832899, 0.008609412238, -0.00113562680781, 0.00181217957288, 0.000468471029308, 0.000572452438064, 2.05945398193e-05], [0.000608463597018, -0.00157344830222, 0.00230833957903, -0.00142318860162, 0.00112595735118, -0.00125456112437, 0.00338110444136, -0.00113562680781, 0.00902317557484, -0.00240375427529, 0.00344604090787, 0.000420104566729, 0.00206554774195], [-0.00060778792249, 0.00248829880729, -0.00176994781941, 0.00174954382237, -0.00253369053826, -0.000743946991861, -0.000865590991452, 0.00181217957288, -0.00240375427529, 0.0132135115564, -0.00215926556848, 0.00343589042313, 0.000495427637361], [0.000709203945007, -0.00184118025936, 0.00162764580455, -0.00166968198027, 0.00077831413364, -0.000894651515409, 0.00112738623284, 0.000468471029308, 0.00344604090787, -0.00215926556848, 0.0127101549879, 0.000920801365282, 0.00202338094823], [-3.49535257556e-05, 0.000921338214539, -0.00179863686208, 0.000913801486604, 0.000205892196391, 2.61607565335e-05, -4.35184156231e-05, 0.000572452438064, 0.000420104566729, 0.00343589042313, 0.000920801365282, 0.0104066180065, -0.000520547502674], [0.000437373237219, -0.000748482358176, 0.00164418830536, -0.0016078602057, 0.00129720091354, 0.000834894482978, 0.00152025930583, 2.05945398193e-05, 0.00206554774195, 0.000495427637361, 0.00202338094823, -0.000520547502674, 0.0107069350779]]
    },
    "melbands": {
        "dmean": [5.48016896573e-06, 6.14778982708e-05, 0.000285808200715, 0.000341778271832, 0.000461045798147, 0.000348344387021, 0.000246077164775, 0.000366082327673, 0.000307610607706, 0.000124389800476, 8.69005525601e-05, 8.25564129627e-05, 7.42572083254e-05, 4.50217921752e-05, 3.68287765014e-05, 2.11742299143e-05, 2.0446794224e-05, 2.87719904009e-05, 2.54813003266e-05, 2.11754540942e-05, 1.61175648827e-05, 9.6278881756e-06, 7.20585057934e-06, 2.60468459601e-06, 1.37337269734e-06, 2.70353666565e-06, 4.00688168156e-06, 3.44397130903e-06, 2.50537959801e-06, 2.1848952656e-06, 2.20935544348e-06, 2.48010519499e-06, 3.80661094823e-06, 3.52642814505e-06, 3.11126586894e-06, 2.76682590084e-06, 2.79845767182e-06, 2.84779889625e-06, 1.6023752778e-06, 1.39696544466e-06],
        "dmean2": [8.97411246115e-06, 0.000101956436993, 0.000463462405605, 0.000519375549629, 0.000681917532347, 0.000513632199727, 0.000365385523764, 0.000542703492101, 0.000442756427219, 0.000179488532012, 0.000123964578961, 0.000111244669824, 0.000106434388726, 6.59825527691e-05, 5.41834961041e-05, 3.23638632835e-05, 3.23120875692e-05, 4.78349102195e-05, 3.59292862413e-05, 3.07344998873e-05, 2.54893457168e-05, 1.50137711898e-05, 1.10270830191e-05, 3.84870600101e-06, 2.1486487185e-06, 4.11373275711e-06, 6.333703368e-06, 5.39663915333e-06, 3.82860389436e-06, 3.4941526792e-06, 3.51056883119e-06, 3.81063500754e-06, 5.75275407755e-06, 5.50663799004e-06, 4.85658165417e-06, 4.31791249866e-06, 4.41212068836e-06, 4.45542173111e-06, 2.36512642005e-06, 2.25209737437e-06],
        "dvar": [1.3166896462e-09, 2.37960424698e-08, 3.97711005462e-07, 5.2816585594e-07, 1.6432185248e-06, 6.51851621569e-07, 5.11952350735e-07, 6.72312467032e-07, 5.16930356298e-07, 1.23963829424e-07, 5.74713077128e-08, 4.89303921825e-08, 4.01994206811e-08, 1.29290729234e-08, 1.08374997865e-08, 3.14089843023e-09, 3.45922823719e-09, 1.15653460142e-08, 5.20877607713e-09, 7.32153093708e-09, 5.67802738161e-09, 4.72225591963e-10, 1.98396132856e-10, 2.47507639384e-11, 1.23146406267e-11, 4.78818963645e-11, 1.06987398107e-10, 9.86241990852e-11, 5.39599857852e-11, 6.04461272702e-11, 3.65180594097e-11, 4.27843628581e-11, 1.15308637638e-10, 1.36754774172e-10, 1.46320441874e-10, 1.62239152668e-10, 1.36508152004e-10, 1.36419986418e-10, 4.52637788362e-11, 4.81064493796e-11],
        "dvar2": [3.50708129204e-09, 6.50114131417e-08, 9.50388368892e-07, 1.30346927563e-06, 3.82629013984e-06, 1.41032171541e-06, 1.21484004012e-06, 1.40996098708e-06, 1.10712323931e-06, 2.67788095698e-07, 1.11205295639e-07, 9.43657880725e-08, 8.33060624927e-08, 3.09426866352e-08, 2.1553510976e-08, 7.73193686854e-09, 8.18244760836e-09, 3.12504617739e-08, 1.03434265597e-08, 1.68517573229e-08, 1.47630645486e-08, 1.19080667549e-09, 4.51534920565e-10, 4.83981361932e-11, 3.19660409254e-11, 1.09769054957e-10, 2.66129340787e-10, 2.52515702792e-10, 1.31003305426e-10, 1.55301327354e-10, 8.78705025409e-11, 1.00751754162e-10, 2.65667765564e-10, 3.36671607259e-10, 3.35631605841e-10, 3.83640147428e-10, 3.14035658588e-10, 2.56688864608e-10, 7.59976526155e-11, 1.08634705398e-10],
        "max": [0.00102355855051, 0.00190933025442, 0.00827673543245, 0.0150898108259, 0.0192232672125, 0.0107758808881, 0.0111939124763, 0.012367060408, 0.00999028515071, 0.00621334509924, 0.00421456992626, 0.00436132680625, 0.00318141793832, 0.00184835051186, 0.00183687801473, 0.000799170695245, 0.000826491275802, 0.00171927991323, 0.00139445846435, 0.00181035033893, 0.00151516997721, 0.000387497741031, 0.00018061393348, 7.70154219936e-05, 6.43378443783e-05, 9.66673396761e-05, 0.000139631360071, 0.000168001410202, 0.000159286384587, 0.000180644812644, 8.24614908197e-05, 9.81123230304e-05, 0.00016838691954, 0.000171009945916, 0.000244140770519, 0.000273194076726, 0.000244359514909, 0.000172652406036, 0.00020590191707, 0.000187830912182],
        "mean": [5.15869533046e-06, 0.000167605016031, 0.000728580926079, 0.000893510878086, 0.000924718508031, 0.000865183479618, 0.000504531955812, 0.000735565903597, 0.000621886807494, 0.0002645990171, 0.00017880674568, 0.000172077387106, 0.000161648349604, 7.75081571192e-05, 6.63052051095e-05, 3.47579771187e-05, 3.22097912431e-05, 3.6983845348e-05, 4.44943398179e-05, 3.54458461516e-05, 2.27408927458e-05, 1.71376032085e-05, 1.32657150971e-05, 5.0531702982e-06, 2.24360860557e-06, 4.29571809946e-06, 5.93651429881e-06, 5.26628036823e-06, 3.93542359234e-06, 3.13355212711e-06, 2.95760810332e-06, 3.61616821465e-06, 5.61201386517e-06, 4.89590229336e-06, 4.16018701799e-06, 3.7286577026e-06, 3.92063884647e-06, 4.20789456257e-06, 2.5047404506e-06, 1.85485839665e-06],
        "median": [1.09350821731e-06, 0.000126125829411, 0.000323032378219, 0.000328393332893, 0.000284450303297, 0.000215554318856, 0.000160549097927, 0.000254751968896, 0.000137036971864, 7.83282594057e-05, 5.88836883253e-05, 5.78397557547e-05, 6.04927336099e-05, 2.34529543377e-05, 1.96350192709e-05, 8.86161978997e-06, 6.42857185085e-06, 3.62063406101e-06, 4.57960277345e-06, 6.66883261147e-06, 6.8353806455e-06, 5.56132408747e-06, 3.6544950035e-06, 1.58523153004e-06, 9.82024062068e-07, 7.57366478865e-07, 9.02554006643e-07, 8.11983113636e-07, 7.5171124081e-07, 5.45707337096e-07, 5.80039738907e-07, 5.90277693391e-07, 8.99429380752e-07, 8.11762731701e-07, 6.46243336178e-07, 2.74148845847e-07, 2.20669363671e-07, 3.54212488674e-07, 3.16047504612e-07, 2.71937381058e-07],
        "min": [1.4825277562e-23, 1.07704275906e-23, 1.73595247744e-23, 4.32642322657e-24, 4.31863914159e-24, 1.21814410037e-23, 1.3447339509e-23, 7.94554745463e-24, 1.02095317098e-23, 1.47335724818e-23, 4.16913895599e-24, 4.03161249565e-24, 9.34145339249e-24, 5.9208144568e-24, 9.1137849798e-24, 1.09366926482e-23, 3.82402927047e-24, 4.39971708213e-24, 1.15239995921e-23, 6.73212318794e-24, 5.74164284598e-24, 1.990023118e-23, 1.50017473242e-23, 1.29901654265e-23, 1.1384336502e-23, 1.05411838227e-23, 8.10453684805e-24, 8.66937387796e-24, 1.01535265299e-23, 9.75046515008e-24, 1.34309248912e-23, 1.66320041155e-23, 1.02256473493e-23, 9.11598984603e-24, 9.19073599453e-24, 8.10796918185e-24, 1.23401716508e-23, 1.24937305257e-23, 7.48267227444e-24, 1.18997395633e-23],
        "stdev": [3.08007874992e-05, 0.000192343155504, 0.00100714620203, 0.00158943620045, 0.00180311512668, 0.00151073222514, 0.0010698257247, 0.00118467665743, 0.00108258181717, 0.000517697131727, 0.000368133361917, 0.00037223243271, 0.000338971527526, 0.00015893598902, 0.000152708656969, 6.98043295415e-05, 8.13150327303e-05, 0.000113884045277, 0.000124183614389, 0.000104923812614, 6.99859665474e-05, 2.82008095382e-05, 2.28554254136e-05, 9.66652714851e-06, 3.76616299036e-06, 9.71546160144e-06, 1.21944640341e-05, 1.1701389667e-05, 9.66148127191e-06, 8.49758635013e-06, 7.06636046743e-06, 8.27985513752e-06, 1.32862223836e-05, 1.29928166643e-05, 1.40567090057e-05, 1.49278384924e-05, 1.57637841767e-05, 1.66678419191e-05, 1.16594783321e-05, 8.26719951874e-06],
        "var": [9.48688572144e-10, 3.6995889019e-08, 1.01434341104e-06, 2.52630752584e-06, 3.25122414324e-06, 2.28231192523e-06, 1.14452711841e-06, 1.40345878208e-06, 1.17198328553e-06, 2.68010296622e-07, 1.35522171263e-07, 1.38556984552e-07, 1.14901688164e-07, 2.52606469076e-08, 2.33199344279e-08, 4.87264406601e-09, 6.61213483966e-09, 1.29695756357e-08, 1.54215715753e-08, 1.10090070393e-08, 4.89803575476e-09, 7.95285615141e-10, 5.22370480205e-10, 9.34417543341e-11, 1.41839829812e-11, 9.43901901085e-11, 1.48704951131e-10, 1.36922514993e-10, 9.33442143025e-11, 7.22089679717e-11, 4.99334532056e-11, 6.85560011537e-11, 1.76523712314e-10, 1.68813282797e-10, 1.97591068507e-10, 2.22840357278e-10, 2.48496889732e-10, 2.77816936123e-10, 1.35943437063e-10, 6.83465922746e-11]
    },
    "melbands128": {
