{
"lowlevel": {
    "average_loudness": 0.960951149464,
    "barkbands_crest": {
        "dmean": 2.98300886154,
        "dmean2": 4.75793170929,
        "dvar": 7.857234478,
        "dvar2": 20.8816146851,
        "max": 25.6999034882,
        "mean": 12.3174142838,
        "median": 11.742105484,
        "min": 3.25978732109,
        "stdev": 5.31451034546,
        "var": 28.244020462
    },
    "barkbands_flatness_db": {
        "dmean": 0.0238465964794,
        "dmean2": 0.0370315611362,
        "dvar": 0.000573377299588,
        "dvar2": 0.00137657776941,
        "max": 0.367621600628,
        "mean": 0.128237470984,
        "median": 0.120087772608,
        "min": 0.0285178590566,
        "stdev": 0.0503540858626,
        "var": 0.00253553385846
    },
    "barkbands_kurtosis": {
        "dmean": 4.04841852188,
        "dmean2": 6.42980337143,
        "dvar": 60.9860496521,
        "dvar2": 132.898498535,
        "max": 199.443344116,
        "mean": 5.08137989044,
        "median": 1.5980091095,
        "min": -1.92747306824,
        "stdev": 12.1972026825,
        "var": 148.771759033
    },
    "barkbands_skewness": {
        "dmean": 0.693777024746,
        "dmean2": 1.06913137436,
        "dvar": 0.562125086784,
        "dvar2": 1.30191206932,
        "max": 11.5554218292,
        "mean": 1.74881803989,
        "median": 1.47259747982,
        "min": -2.76221346855,
        "stdev": 1.45249903202,
        "var": 2.1097536087
    },
    "barkbands_spread": {
        "dmean": 8.39596176147,
        "dmean2": 12.6905250549,
        "dvar": 95.2863769531,
        "dvar2": 211.521224976,
        "max": 102.857887268,
        "mean": 29.3369350433,
        "median": 25.0831012726,
        "min": 0.6536257267,
        "stdev": 17.8234291077,
        "var": 317.674621582
    },
    "dissonance": {
        "dmean": 0.0201294962317,
        "dmean2": 0.0338841304183,
        "dvar": 0.000359013181878,
        "dvar2": 0.000964996870607,
        "max": 0.499635964632,
        "mean": 0.466118693352,
        "median": 0.472134411335,
        "min": 0.341682642698,
        "stdev": 0.024609990418,
        "var": 0.00060565158492
    },
    "dynamic_complexity": 1.56219959259,
    "erbbands_crest": {
        "dmean": 2.67234373093,
        "dmean2": 4.20534276962,
        "dvar": 6.47418546677,
        "dvar2": 14.4523305893,
        "max": 26.4843673706,
        "mean": 9.14580154419,
        "median": 8.11991882324,
        "min": 2.42277765274,
        "stdev": 4.33840751648,
        "var": 18.8217811584
    },
    "erbbands_flatness_db": {
        "dmean": 0.0162066631019,
        "dmean2": 0.0225850008428,
        "dvar": 0.000240840294282,
        "dvar2": 0.000425943668233,
        "max": 0.272562593222,
        "mean": 0.125486761332,
        "median": 0.121375836432,
        "min": 0.0563664361835,
        "stdev": 0.0408385843039,
        "var": 0.00166779011488
    },
    "erbbands_kurtosis": {
        "dmean": 0.905429720879,
        "dmean2": 1.34583091736,
        "dvar": 1.05176496506,
        "dvar2": 2.17143678665,
        "max": 17.1076660156,
        "mean": 0.788287878036,
        "median": 0.400666475296,
        "min": -1.58572125435,
        "stdev": 1.72407495975,
        "var": 2.9724342823
    },
    "erbbands_skewness": {
        "dmean": 0.361512303352,
        "dmean2": 0.529063403606,
        "dvar": 0.111056208611,
        "dvar2": 0.231536984444,
        "max": 2.39572286606,
        "mean": 0.13250644505,
        "median": 0.130273416638,
        "min": -3.57138371468,
        "stdev": 0.696190416813,
        "var": 0.484681069851
    },
    "erbbands_spread": {
        "dmean": 10.8821973801,
        "dmean2": 15.3660802841,
        "dvar": 136.016113281,
        "dvar2": 270.492462158,
        "max": 128.512115479,
        "mean": 43.4566459656,
        "median": 37.7564468384,
        "min": 8.55890083313,
        "stdev": 22.9943847656,
        "var": 528.741699219
    },
    "hfc": {
        "dmean": 13.0841751099,
        "dmean2": 19.0143699646,
        "dvar": 291.593170166,
        "dvar2": 551.140075684,
        "max": 299.001098633,
        "mean": 42.778011322,
        "median": 35.7469978333,
        "min": 1.23021702066e-16,
        "stdev": 32.7007827759,
        "var": 1069.34118652
    },
    "loudness_ebu128": {
        "integrated": -7.38188838959,
        "loudness_range": 1.68380975723,
        "momentary": {
            "dmean": 0.351734817028,
            "dmean2": 0.314433455467,
            "dvar": 0.0871073976159,
            "dvar2": 0.0945569500327,
            "max": -4.51138496399,
            "mean": -7.54566669464,
            "median": -7.5670671463,
            "min": -11.610127449,
            "stdev": 1.1994907856,
            "var": 1.43877828121
        },
        "short_term": {
            "dmean": 0.0539172925055,
            "dmean2": 0.0489320866764,
            "dvar": 0.00158963724971,
            "dvar2": 0.00164868577849,
            "max": -6.30803442001,
            "mean": -7.48821401596,
            "median": -7.42390727997,
            "min": -8.91649913788,
            "stdev": 0.568796336651,
            "var": 0.323529273272
        }
    },
    "melbands_crest": {
        "dmean": 3.82378339767,
        "dmean2": 6.14089107513,
        "dvar": 12.1251382828,
        "dvar2": 31.2042865753,
        "max": 35.0793762207,
        "mean": 18.3592643738,
        "median": 17.2293739319,
        "min": 2.09778571129,
        "stdev": 7.82722616196,
        "var": 61.2654685974
    },
    "melbands_flatness_db": {
        "dmean": 0.0289277229458,
        "dmean2": 0.0447576753795,
        "dvar": 0.00085248821415,
        "dvar2": 0.00209392537363,
        "max": 0.470866650343,
        "mean": 0.197851493955,
        "median": 0.188538402319,
        "min": 0.00519832037389,
        "stdev": 0.0657498463988,
        "var": 0.00432304199785
    },
    "melbands_kurtosis": {
        "dmean": 12.2543048859,
        "dmean2": 19.3118400574,
        "dvar": 410.344970703,
        "dvar2": 1007.14898682,
        "max": 244.32484436,
        "mean": 20.2196159363,
        "median": 9.53841590881,
        "min": -1.51285374165,
        "stdev": 29.6316642761,
        "var": 878.035583496
    },
    "melbands_skewness": {
        "dmean": 1.01787233353,
        "dmean2": 1.57732462883,
        "dvar": 1.29015529156,
        "dvar2": 3.13874363899,
        "max": 13.7362756729,
        "mean": 3.33350396156,
        "median": 2.82195973396,
        "min": -1.14122104645,
        "stdev": 2.22504329681,
        "var": 4.95081806183
    },
    "melbands_spread": {
        "dmean": 8.5598449707,
        "dmean2": 13.2746601105,
        "dvar": 117.207527161,
        "dvar2": 236.809356689,
        "max": 222.435958862,
        "mean": 25.7037754059,
        "median": 21.9340324402,
        "min": 0.572652041912,
        "stdev": 19.4221534729,
        "var": 377.220031738
    },
    "pitch_salience": {
        "dmean": 0.0804425403476,
        "dmean2": 0.127168208361,
        "dvar": 0.00581406103447,
        "dvar2": 0.0147882560268,
        "max": 0.803024470806,
        "mean": 0.470596760511,
        "median": 0.478266865015,
        "min": 0.0884319990873,
        "stdev": 0.144065111876,
        "var": 0.0207547545433
    },
    "silence_rate_20dB": {
        "dmean": 0,
        "dmean2": 0,
        "dvar": 0,
        "dvar2": 0,
        "max": 1,
        "mean": 1,
        "median": 1,
        "min": 1,
        "stdev": 0,
        "var": 0
    },
    "silence_rate_30dB": {
        "dmean": 0.0510835908353,
        "dmean2": 0.102246321738,
        "dvar": 0.0484740622342,
        "dvar2": 0.118127755821,
        "max": 1,
        "mean": 0.943542122841,
        "median": 1,
        "min": 0,
        "stdev": 0.230804905295,
        "var": 0.0532709062099
    },
    "silence_rate_60dB": {
        "dmean": 0.000773993786424,
        "dmean2": 0.000774593325332,
        "dvar": 0.000773391744588,
        "dvar2": 0.000773989362642,
        "max": 1,
        "mean": 0.00077339517884,
        "median": 0,
        "min": 0,
        "stdev": 0.0277991909534,
        "var": 0.000772794999648
    },
    "spectral_centroid": {
        "dmean": 331.742034912,
        "dmean2": 509.076782227,
        "dvar": 208387.609375,
        "dvar2": 384368.40625,
        "max": 10775.671875,
        "mean": 1585.23986816,
        "median": 1521.27282715,
        "min": 302.20501709,
        "stdev": 690.939819336,
        "var": 477397.875
    },
    "spectral_complexity": {
        "dmean": 4.59133148193,
        "dmean2": 7.24554586411,
        "dvar": 24.2401409149,
        "dvar2": 59.0915603638,
        "max": 50,
        "mean": 21.5421504974,
        "median": 20,
        "min": 0,
        "stdev": 8.28891658783,
        "var": 68.7061309814
    },
    "spectral_decrease": {
        "dmean": 3.8176199979e-09,
        "dmean2": 6.19046325312e-09,
        "dvar": 1.82258511172e-17,
        "dvar2": 4.9088639714e-17,
        "max": 5.85241721109e-29,
        "mean": -1.35316806649e-08,
        "median": -1.18442802233e-08,
        "min": -4.09611722318e-08,
        "stdev": 7.51768336471e-09,
        "var": 5.65155602531e-17
    },
    "spectral_energy": {
        "dmean": 0.0148410098627,
        "dmean2": 0.0239481870085,
        "dvar": 0.000268071948085,
        "dvar2": 0.000717128044926,
        "max": 0.159308716655,
        "mean": 0.0549517907202,
        "median": 0.0493993237615,
        "min": 1.09375507458e-20,
        "stdev": 0.0287860091776,
        "var": 0.000828634365462
    },
    "spectral_energyband_high": {
        "dmean": 0.00117657636292,
        "dmean2": 0.00169150833972,
        "dvar": 4.09144240621e-06,
        "dvar2": 7.34297691452e-06,
        "max": 0.0384131148458,
        "mean": 0.0027536386624,
        "median": 0.00151563400868,
        "min": 8.14719669769e-21,
        "stdev": 0.00373711506836,
        "var": 1.39660296554e-05
    },
    "spectral_energyband_low": {
        "dmean": 0.0119794625789,
        "dmean2": 0.020097091794,
        "dvar": 0.000237832180574,
        "dvar2": 0.000657442491502,
        "max": 0.143250241876,
        "mean": 0.0322949625552,
        "median": 0.0256242845207,
        "min": 4.86202712237e-23,
        "stdev": 0.0283591374755,
        "var": 0.000804240640718
    },
    "spectral_energyband_middle_high": {
        "dmean": 0.00335879041813,
        "dmean2": 0.00499311834574,
        "dvar": 1.80746828846e-05,
        "dvar2": 3.69241533917e-05,
        "max": 0.0506826788187,
        "mean": 0.0100021092221,
        "median": 0.00755870854482,
        "min": 1.61417925068e-21,
        "stdev": 0.00847173389047,
        "var": 7.17702787369e-05
    },
    "spectral_energyband_middle_low": {
        "dmean": 0.00547336786985,
        "dmean2": 0.00886406935751,
        "dvar": 7.01781973476e-05,
        "dvar2": 0.000181264418643,
        "max": 0.0741735324264,
        "mean": 0.0114968148991,
        "median": 0.00859356299043,
        "min": 1.98502609437e-22,
        "stdev": 0.00979548320174,
        "var": 9.59514945862e-05
    },
    "spectral_entropy": {
        "dmean": 0.159125059843,
        "dmean2": 0.229716256261,
        "dvar": 0.0268785040826,
        "dvar2": 0.0518284924328,
        "max": 9.79612541199,
        "mean": 7.84201145172,
        "median": 7.86101007462,
        "min": 6.44839191437,
        "stdev": 0.396582841873,
        "var": 0.157277941704
    },
    "spectral_flux": {
        "dmean": 0.0328416451812,
        "dmean2": 0.0501446761191,
        "dvar": 0.00113531691022,
        "dvar2": 0.00242623547092,
        "max": 0.330362141132,
        "mean": 0.113955885172,
        "median": 0.102811649442,
        "min": 1.04582745242e-10,
        "stdev": 0.0520715713501,
        "var": 0.00271144835278
    },
    "spectral_kurtosis": {
        "dmean": 0.882258296013,
        "dmean2": 1.37141239643,
        "dvar": 1.91688406467,
        "dvar2": 4.19075202942,
        "max": 33.6763572693,
        "mean": 2.82571220398,
        "median": 2.38697862625,
        "min": -1.24306428432,
        "stdev": 2.43382072449,
        "var": 5.92348384857
    },
    "spectral_rms": {
        "dmean": 0.000975128496066,
        "dmean2": 0.00154575041961,
        "dvar": 9.85011411103e-07,
        "dvar2": 2.48631954491e-06,
        "max": 0.0124668814242,
        "mean": 0.00706208730116,
        "median": 0.00694222329184,
        "min": 3.26661614425e-12,
        "stdev": 0.00193353067152,
        "var": 3.73854095415e-06
    },
    "spectral_rolloff": {
        "dmean": 748.397705078,
        "dmean2": 1203.62561035,
        "dvar": 1880079.875,
        "dvar2": 3644205.5,
        "max": 18669.2871094,
        "mean": 1661.75500488,
        "median": 1119.7265625,
        "min": 64.599609375,
        "stdev": 1865.44226074,
        "var": 3479875
    },
    "spectral_skewness": {
        "dmean": 0.164042130113,
        "dmean2": 0.240673646331,
        "dvar": 0.034318652004,
        "dvar2": 0.0644251331687,
        "max": 4.43427801132,
        "mean": 1.40266907215,
        "median": 1.40158510208,
        "min": -0.0153754446656,
        "stdev": 0.419751435518,
        "var": 0.176191270351
    },
    "spectral_spread": {
        "dmean": 728867.5625,
        "dmean2": 991810.5,
        "dvar": 1.56853796864e+12,
        "dvar2": 1.91601416602e+12,
        "max": 41886068,
        "mean": 6280927,
        "median": 6158399,
        "min": 1480255.625,
        "stdev": 2060323.5,
        "var": 4.24493318144e+12
    },
    "spectral_strongpeak": {
        "dmean": 0.593527436256,
        "dmean2": 1.02614533901,
        "dvar": 1.6566838026,
        "dvar2": 4.45191001892,
        "max": 15.1598300934,
        "mean": 1.06868207455,
        "median": 0.480487167835,
        "min": 0,
        "stdev": 1.65292823315,
        "var": 2.73217177391
    },
    "zerocrossingrate": {
        "dmean": 0.0146465478465,
        "dmean2": 0.0162301510572,
        "dvar": 0.000418479321525,
        "dvar2": 0.000462879892439,
        "max": 0.517578125,
        "mean": 0.0710628628731,
        "median": 0.06298828125,
        "min": 0.0029296875,
        "stdev": 0.0445190444589,
        "var": 0.00198194547556
    },
    "barkbands": {
        "dmean": [0.00153037300333, 0.0101549346, 0.00312689621933, 0.00253272918053, 0.00200885185041, 0.000755752727855, 0.000721438147593, 0.000435507070506, 0.00111148064025, 0.000627719564363, 0.00107897841372, 0.00101497035939, 0.000547657953575, 0.000567481212784, 0.000648047658615, 0.000569451542106, 0.000285863527097, 0.000313765718602, 0.000202260707738, 0.000260343571426, 0.000160025563673, 0.000265930633759, 0.000294357043458, 0.000258157699136, 0.000223938521231, 0.000109947213787, 9.70641849563e-06],
        "dmean2": [0.00274871313013, 0.0168109666556, 0.00506288930774, 0.00437498558313, 0.00334255350754, 0.001266084495, 0.0011622934835, 0.000682097801473, 0.0016972804442, 0.000949532259256, 0.00155437889043, 0.00152506027371, 0.000866949674673, 0.000868454750162, 0.000968375941738, 0.00087895890465, 0.000422874552896, 0.000514378829394, 0.000335022050422, 0.000408414314734, 0.000252281985013, 0.000404982536566, 0.000449128769105, 0.000378821569029, 0.000327379471855, 0.000153859829879, 1.50258820213e-05],
        "dvar": [7.29936164134e-06, 0.000174309068825, 6.33465751889e-05, 3.67834727513e-05, 1.09515976874e-05, 3.16274986289e-06, 3.4863203382e-06, 9.84533244264e-07, 5.8389696278e-06, 3.13527721119e-06, 5.39842631042e-06, 4.48845730716e-06, 9.03404327346e-07, 1.72811769517e-06, 1.20381707802e-06, 1.30022510803e-06, 4.2795127797e-07, 2.52171162174e-07, 9.76244507456e-08, 2.01428576929e-07, 6.14794331e-08, 3.2167218933e-07, 3.45232024301e-07, 2.71501505722e-07, 2.28209401598e-07, 4.26404902498e-08, 4.87507756386e-10],
        "dvar2": [2.49576478382e-05, 0.000467341043986, 0.000160645198775, 0.000102383026388, 2.92949498544e-05, 7.72230850998e-06, 8.63142940943e-06, 2.30196428674e-06, 1.24260823213e-05, 5.5121722653e-06, 1.06922279883e-05, 9.86140821624e-06, 2.26438055506e-06, 3.89575689042e-06, 2.44220268542e-06, 2.8434401429e-06, 7.22641914308e-07, 6.41666133561e-07, 2.46226846912e-07, 4.98554015849e-07, 1.29903682478e-07, 7.40077609862e-07, 6.92266553415e-07, 5.04127854128e-07, 4.58659826563e-07, 7.88661083106e-08, 1.05117337057e-09],
        "max": [0.0257632695138, 0.136184513569, 0.0893067717552, 0.0566878989339, 0.0331765450537, 0.0265428330749, 0.0240295827389, 0.016741104424, 0.0279258359224, 0.0359366238117, 0.037749402225, 0.0259608365595, 0.0106990095228, 0.0211003683507, 0.0173462629318, 0.0164466183633, 0.0134377423674, 0.00815305300057, 0.00357112241909, 0.00581917446107, 0.00410498026758, 0.0126902246848, 0.0118881324306, 0.0123781552538, 0.00713738100603, 0.00261134607717, 0.000191654951777],
        "mean": [0.00222200644203, 0.0245929490775, 0.00401099584997, 0.00286884955131, 0.00350532424636, 0.00114822818432, 0.00114092649892, 0.000620398262981, 0.00202465523034, 0.00105050206184, 0.00191733404063, 0.00180161872413, 0.000935355841648, 0.000817250227556, 0.00111463048961, 0.000894957454875, 0.00053925026441, 0.000494855979923, 0.000330031558406, 0.000417526287492, 0.000298513448797, 0.000496888009366, 0.000544320326298, 0.000535537488759, 0.000425508071203, 0.00019288911426, 1.05280678326e-05],
        "median": [0.000644396699499, 0.0180770605803, 0.0018427381292, 0.00119934312534, 0.00217542727478, 0.000434829329606, 0.000396695977543, 0.000256273371633, 0.00051220547175, 0.000318199163303, 0.000586808193475, 0.000582004140597, 0.000389147375245, 0.000262270536041, 0.000378707947675, 0.000296436919598, 0.00017807574477, 0.000265691691311, 0.000198578869458, 0.000214814353967, 0.000174734319444, 0.00024544185726, 0.000259991036728, 0.000212367784115, 0.000162455922691, 6.85065460857e-05, 1.2361666677e-06],
        "min": [3.14194084654e-23, 1.71966218421e-23, 1.07163188323e-23, 9.70318634944e-24, 3.38640189909e-23, 6.44141342932e-23, 3.4202175262e-23, 2.38184165215e-23, 2.99723346427e-23, 7.22058459827e-23, 4.87629982496e-23, 6.58421744801e-23, 2.08865982434e-22, 1.37518789459e-22, 6.57052156052e-23, 1.64739968539e-22, 2.74127649951e-22, 2.26329343392e-22, 2.45671834135e-22, 2.74080217323e-22, 5.19732411976e-22, 4.31287144819e-22, 6.35301014219e-22, 8.11826223894e-22, 1.43466116584e-21, 1.60910832656e-21, 2.83493395369e-21],
        "stdev": [0.00372774666175, 0.0236796606332, 0.00736969243735, 0.00534753268585, 0.00393246300519, 0.00214407220483, 0.00215641059913, 0.00114566786215, 0.00369854574092, 0.00312615535222, 0.00366008304991, 0.00331523618661, 0.00140512350481, 0.00167343497742, 0.00187611137517, 0.00169221870601, 0.00137466518208, 0.000684737809934, 0.000392797985114, 0.000579868035857, 0.00039437963278, 0.000889855436981, 0.000957007927354, 0.000910953560378, 0.000706913357135, 0.000293581484584, 2.52969766734e-05],
        "var": [1.38960958793e-05, 0.00056072633015, 5.43123642274e-05, 2.85961068585e-05, 1.54642657435e-05, 4.59704551758e-06, 4.65010634798e-06, 1.31255478664e-06, 1.36792414196e-05, 9.77284707915e-06, 1.33962075779e-05, 1.09907905426e-05, 1.97437202587e-06, 2.80038466371e-06, 3.51979383595e-06, 2.86360432256e-06, 1.88970432191e-06, 4.68865891889e-07, 1.54290248133e-07, 3.36246955612e-07, 1.55535303747e-07, 7.91842694525e-07, 9.15864177387e-07, 8.29836437788e-07, 4.99726468206e-07, 8.61900915083e-08, 6.39936992286e-10]
    },
    "erbbands": {
        "dmean": [0.469689965248, 1.77463841438, 3.37477016449, 6.36264705658, 7.10593891144, 7.41187143326, 6.46935844421, 7.12543153763, 9.73954391479, 9.20633983612, 10.9631090164, 26.8840007782, 20.7745761871, 38.6059494019, 37.3738708496, 29.0900096893, 24.1370296478, 20.9458351135, 31.579126358, 27.7157936096, 29.8585643768, 13.6817874908, 18.9847450256, 11.6648025513, 9.21208953857, 11.448641777, 7.67196321487, 6.42185783386, 9.04830932617, 10.1000041962, 8.59717178345, 5.55431509018, 4.55991983414, 2.82158827782, 1.47506332397, 0.61931437254, 0.191214457154, 0.0314453653991, 0.000919768877793, 3.66676213162e-05],
        "dmean2": [0.771798372269, 2.96298384666, 5.6368894577, 10.8581991196, 11.8231830597, 12.0776834488, 10.8312110901, 11.6294107437, 16.0376720428, 14.1773414612, 16.9542255402, 41.4066390991, 29.7907295227, 55.9251670837, 55.385597229, 44.4889945984, 38.1676025391, 31.4771614075, 48.1703681946, 42.7145576477, 45.8273391724, 20.339006424, 30.7990322113, 18.9673862457, 15.4865970612, 18.0406608582, 12.1373825073, 10.120470047, 14.1091251373, 15.3434114456, 13.1746673584, 8.18199062347, 6.74920415878, 4.24731683731, 2.15350413322, 0.894074559212, 0.264660537243, 0.0447691231966, 0.00135453010444, 5.32029407623e-05],
        "dvar": [0.40472137928, 6.45766544342, 63.2965774536, 242.071151733, 187.259994507, 171.57270813, 184.753936768, 352.876281738, 710.058776855, 416.178161621, 603.626831055, 3826.1953125, 3053.18945312, 7795.015625, 4913.57470703, 2957.17993164, 1571.48364258, 1619.99841309, 3405.8828125, 2779.95385742, 3550.50073242, 647.534912109, 1004.27062988, 289.598602295, 238.226364136, 428.396392822, 122.942733765, 125.944587708, 391.639282227, 555.874694824, 319.252044678, 119.720840454, 89.8911361694, 38.2761611938, 10.1803102493, 1.52221560478, 0.120106309652, 0.00408453447744, 3.74772230316e-06, 2.654832576e-09],
        "dvar2": [1.03945493698, 18.276096344, 159.058883667, 674.155090332, 499.142730713, 454.363861084, 473.447174072, 892.791259766, 1836.6809082, 947.773254395, 1348.53808594, 8966.40234375, 5106.70458984, 15135.59375, 11463.9785156, 6722.15185547, 3868.48144531, 3357.85205078, 7912.55517578, 6322.36914062, 7793.015625, 1165.59057617, 2541.74975586, 705.318481445, 634.947753906, 1019.26123047, 271.900482178, 257.154296875, 923.544250488, 1226.58190918, 692.815673828, 233.106170654, 165.590942383, 77.8206863403, 21.721912384, 3.07961678505, 0.219572246075, 0.00779076106846, 7.78263711254e-06, 5.17757703378e-09],
        "max": [6.24233961105, 22.3574962616, 85.2492141724, 136.140274048, 129.240890503, 133.915237427, 215.734283447, 286.423400879, 413.37298584, 223.387252808, 382.508666992, 866.854248047, 1191.83935547, 1440.68969727, 1353.35424805, 608.913818359, 502.42980957, 546.446228027, 897.603027344, 787.615539551, 809.457885742, 487.875305176, 469.198547363, 194.328094482, 240.708999634, 249.538818359, 162.917129517, 224.121673584, 418.922729492, 583.583129883, 340.710968018, 209.522537231, 231.560424805, 105.144187927, 44.9859313965, 18.7799549103, 3.55651211739, 0.633536994457, 0.0176812782884, 0.000484754680656],
        "mean": [1.07136654854, 4.05515241623, 4.92734384537, 7.81954526901, 9.69619655609, 13.1698579788, 9.37022304535, 11.1133699417, 14.2607803345, 15.1981191635, 17.6229991913, 47.1386566162, 38.0246391296, 67.9219894409, 70.8746414185, 56.171749115, 44.7872543335, 37.2559738159, 57.1405715942, 48.2809906006, 54.1597442627, 26.5969104767, 30.0916557312, 20.1259155273, 15.7328767776, 18.4349117279, 13.4641189575, 12.4684400558, 17.0743141174, 18.1409702301, 15.3720798492, 11.3839302063, 8.89752674103, 5.32461071014, 2.67164850235, 1.09046244621, 0.313045054674, 0.0453445762396, 0.00126619974617, 0.000107236453914],
        "median": [0.568780481815, 3.05721235275, 2.83516979218, 3.75571537018, 5.66575336456, 6.84743499756, 4.07347154617, 4.04284334183, 5.28202819824, 7.44548082352, 7.53126764297, 13.2625179291, 12.8490304947, 19.7063903809, 31.1833724976, 24.6729660034, 21.3062362671, 18.2066268921, 24.9036273956, 20.7881679535, 18.7546405792, 11.8701496124, 15.5689458847, 12.6909484863, 9.22707939148, 9.32051467896, 8.31704711914, 6.8123421669, 8.17624473572, 9.42029762268, 6.59328174591, 4.40378475189, 3.35810065269, 1.90542435646, 1.1246663332, 0.426690787077, 0.0987360030413, 0.0100214360282, 0.000282961729681, 9.01048333617e-05],
        "min": [1.05491417884e-21, 2.21408805194e-21, 1.08378617495e-20, 2.49898500883e-20, 6.64473733699e-20, 8.14331589583e-20, 4.64557505008e-19, 4.65374707754e-19, 4.72384546458e-19, 4.46263320087e-19, 6.51291977328e-19, 6.76163643987e-19, 1.61213996209e-18, 2.50436974782e-18, 2.39248612535e-18, 2.58596242985e-18, 7.34199059693e-18, 8.86012261978e-18, 5.6698387848e-18, 3.54724452934e-18, 1.22703765271e-17, 1.48097804758e-17, 1.35806132466e-17, 1.32299242356e-17, 1.13889204587e-17, 1.52984672012e-17, 1.90598096477e-17, 1.97093069016e-17, 1.5461866805e-17, 2.11722965832e-17, 1.58935607862e-17, 1.34659974466e-17, 1.46067589206e-17, 1.39566975295e-17, 1.13811441337e-17, 5.59569155546e-18, 3.33727445021e-18, 1.5394580832e-18, 3.8204691099e-19, 3.91265477026e-20],
        "stdev": [1.24776077271, 3.76426362991, 7.54841375351, 13.7186012268, 12.9305334091, 17.6211109161, 14.8748121262, 22.521987915, 27.8084659576, 24.9029254913, 32.6437301636, 91.3958587646, 90.726020813, 138.878219604, 115.242927551, 86.938949585, 63.1066017151, 60.3337516785, 87.1048965454, 78.4264526367, 102.171440125, 47.7663764954, 43.4840202332, 22.8645763397, 19.4467887878, 26.3253669739, 16.7712287903, 18.3052692413, 31.8554725647, 34.0851974487, 27.3901500702, 18.6104507446, 16.073431015, 9.12918949127, 4.45795440674, 1.70584893227, 0.483342051506, 0.0835596844554, 0.00240583065897, 8.0063182395e-05],
        "var": [1.55690681934, 14.1696805954, 56.9785499573, 188.200012207, 167.198684692, 310.503540039, 221.260025024, 507.239898682, 773.31072998, 620.155700684, 1065.61315918, 8353.203125, 8231.2109375, 19287.1601562, 13280.9326172, 7558.38134766, 3982.44311523, 3640.16162109, 7587.26318359, 6150.70849609, 10439.0029297, 2281.62670898, 1890.85986328, 522.788818359, 378.177581787, 693.024963379, 281.274108887, 335.082885742, 1014.7711792, 1161.80065918, 750.220275879, 346.348876953, 258.355194092, 83.3420944214, 19.8733577728, 2.90992069244, 0.233619526029, 0.00698222080246, 5.7880215536e-06, 6.41011288494e-09]
    },
    "gfcc": {
        "mean": [58.1535987854, 66.2609405518, -101.103027344, 37.5140647888, -50.7280921936, 38.7569351196, -35.1430206299, 15.5734472275, -24.7246131897, 5.33352422714, -17.5741252899, 6.30087327957, -10.5511751175],
        "cov": [[3420.54760742, -791.194519043, 75.9652633667, 142.378936768, -59.9399986267, 118.393974304, -91.2136917114, 173.146942139, -71.9800872803, 76.0608520508, -195.66758728, 75.6622390747, -121.18649292], [-791.194519043, 1076.87548828, -180.72177124, -130.277282715, 90.2304992676, -23.3479690552, 95.1490325928, -76.9061584473, 72.4741592407, -67.8855285645, 114.619110107, -47.0383987427, 83.7233505249], [75.9652633667, -180.72177124, 723.557983398, 223.495239258, 45.7160377502, 110.250167847, 49.0822067261, 70.8839035034, -21.2995281219, 27.2391738892, -4.24616956711, 29.5377616882, -51.3835639954], [142.378936768, -130.277282715, 223.495239258, 335.32699585, 113.144882202, 48.2653846741, 78.2998657227, 85.7875747681, 46.4831581116, 30.995552063, 42.2058639526, 49.5211029053, 7.71319913864], [-59.9399986267, 90.2304992676, 45.7160377502, 113.144882202, 366.209136963, 112.630065918, 153.744979858, 84.3882522583, 23.0154075623, 19.292722702, 58.9326667786, 52.0468864441, 10.5359954834], [118.393974304, -23.3479690552, 110.250167847, 48.2653846741, 112.630065918, 199.419494629, 103.243011475, 41.0665779114, 11.4949989319, 23.1890983582, 23.4470615387, 17.78840065, 4.17856836319], [-91.2136917114, 95.1490325928, 49.0822067261, 78.2998657227, 153.744979858, 103.243011475, 212.391769409, 81.120880127, 25.5284252167, 15.6948728561, 59.4129905701, 24.3233795166, 9.30306434631], [173.146942139, -76.9061584473, 70.8839035034, 85.7875747681, 84.3882522583, 41.0665779114, 81.120880127, 127.109291077, 29.1608905792, 12.4220819473, 9.16961479187, 30.8684062958, 3.30251717567], [-71.9800872803, 72.4741592407, -21.2995281219, 46.4831581116, 23.0154075623, 11.4949989319, 25.5284252167, 29.1608905792, 102.44619751, 12.9185428619, 9.89438152313, 0.756845653057, 14.8586807251], [76.0608520508, -67.8855285645, 27.2391738892, 30.995552063, 19.292722702, 23.1890983582, 15.6948728561, 12.4220819473, 12.9185428619, 84.4302978516, 26.7007598877, 4.07735300064, -13.4329223633], [-195.66758728, 114.619110107, -4.24616956711, 42.2058639526, 58.9326667786, 23.4470615387, 59.4129905701, 9.16961479187, 9.89438152313, 26.7007598877, 109.863967896, 30.5275287628, 11.7630958557], [75.6622390747, -47.0383987427, 29.5377616882, 49.5211029053, 52.0468864441, 17.78840065, 24.3233795166, 30.8684062958, 0.756845653057, 4.07735300064, 30.5275287628, 78.7962799072, 21.3832263947], [-121.18649292, 83.7233505249, -51.3835639954, 7.71319913864, 10.5359954834, 4.17856836319, 9.30306434631, 3.30251717567, 14.8586807251, -13.4329223633, 11.7630958557, 21.3832263947, 82.5489044189]],
        "icov": [[0.00053728412604, -0.00011807721603, 0.00038570506149, -0.000490541977342, 0.000347874796716, -0.000742031901609, 0.000525993702468, -0.000993115245365, 0.000740212155506, -0.000675399089232, 0.00132630509324, -0.00101536407601, 0.000998934498057], [-0.00011807721603, 0.00210984726436, -0.000472589948913, 0.00132089050021, -0.000918932841159, 0.0010650025215, -0.00116657500621, 0.00178598926868, -0.00210766959935, 0.00215725763701, -0.00295947142877, 0.00236311508343, -0.00206739711575], [0.00038570506149, -0.000472589948913, 0.00254376418889, -0.00214662472717, 0.000870770425536, -0.00194440979976, 0.000810206925962, -0.00146171823144, 0.00192408484872, -0.000802492722869, 0.00189768138807, -0.00143646937795, 0.00240874174051], [-0.000490541977342, 0.00132089050021, -0.00214662472717, 0.00634962925687, -0.00160322140437, 0.00204817787744, -0.00125984661281, 0.000412217748817, -0.00368595309556, 0.00108162278775, -0.00362937385216, 0.00100700196344, -0.00266707339324], [0.000347874796716, -0.000918932841159, 0.000870770425536, -0.00160322140437, 0.005131483078, -0.00218614540063, -0.00117928616237, -0.00205603404902, 0.0015050645452, -0.00104727467988, 0.00149471091572, -0.00298980693333, 0.00192554842215], [-0.000742031901609, 0.0010650025215, -0.00194440979976, 0.00204817787744, -0.00218614540063, 0.00932867545635, -0.00440855091438, 0.00284582632594, -0.00224585738033, 0.000111707035103, -0.00201511965133, 0.00203888397664, -0.00319996988401], [0.000525993702468, -0.00116657500621, 0.000810206925962, -0.00125984661281, -0.00117928616237, -0.00440855091438, 0.0113712791353, -0.00639513786882, 0.00163258891553, -0.00035170398769, -0.001688100514, 0.000236548439716, 0.00175359018613], [-0.000993115245365, 0.00178598926868, -0.00146171823144, 0.000412217748817, -0.00205603404902, 0.00284582632594, -0.00639513786882, 0.0166517682374, -0.00522334920242, 0.00175284035504, -0.00080942758359, -0.000557258725166, -0.00255970982835], [0.000740212155506, -0.00210766959935, 0.00192408484872, -0.00368595309556, 0.0015050645452, -0.00224585738033, 0.00163258891553, -0.00522334920242, 0.014830053784, -0.00424326956272, 0.00412849290296, -0.00112773361616, 0.00105691421777], [-0.000675399089232, 0.00215725763701, -0.000802492722869, 0.00108162278775, -0.00104727467988, 0.000111707035103, -0.00035170398769, 0.00175284035504, -0.00424326956272, 0.0171167571098, -0.00820165500045, 0.00397697882727, 5.14021303388e-06], [0.00132630509324, -0.00295947142877, 0.00189768138807, -0.00362937385216, 0.00149471091572, -0.00201511965133, -0.001688100514, -0.00080942758359, 0.00412849290296, -0.00820165500045, 0.020546881482, -0.00986754335463, 0.00415328796953], [-0.00101536407601, 0.00236311508343, -0.00143646937795, 0.00100700196344, -0.00298980693333, 0.00203888397664, 0.000236548439716, -0.000557258725166, -0.00112773361616, 0.00397697882727, -0.00986754335463, 0.0224872473627, -0.00817032903433], [0.000998934498057, -0.00206739711575, 0.00240874174051, -0.00266707339324, 0.00192554842215, -0.00319996988401, 0.00175359018613, -0.00255970982835, 0.00105691421777, 5.14021303388e-06, 0.00415328796953, -0.00817032903433, 0.0185820609331]]
    },
    "melbands": {
        "dmean": [0.00337425107136, 0.00169934006408, 0.00107773742639, 0.00047831388656, 0.00024645315716, 0.000154516921612, 0.000151083469973, 9.93394933175e-05, 9.75681687123e-05, 0.00017858260253, 0.000105218197859, 0.000151614221977, 0.000120634540508, 0.000127390449052, 4.98510962643e-05, 6.67349449941e-05, 4.10191314586e-05, 5.50784934603e-05, 5.87571630604e-05, 3.69128720195e-05, 3.572832793e-05, 1.50691712406e-05, 1.64073626365e-05, 1.51706735778e-05, 9.92962122837e-06, 7.40089535611e-06, 7.36106676413e-06, 8.86388170329e-06, 5.79363086217e-06, 3.84511440643e-06, 4.06247272622e-06, 5.25912628291e-06, 6.18838703303e-06, 5.71784948988e-06, 5.38137146577e-06, 4.3250906856e-06, 3.39529037774e-06, 3.53276163878e-06, 2.85802275357e-06, 2.42407645601e-06],
        "dmean2": [0.00558529095724, 0.00284099509008, 0.00182926072739, 0.000774446583819, 0.000410854088841, 0.000253444392001, 0.000247500662226, 0.00015212839935, 0.00014965578157, 0.000273012876278, 0.000150437350385, 0.000222146423766, 0.000177690017154, 0.000186892852071, 7.82265342423e-05, 0.000104299688246, 6.18094272795e-05, 8.55327380123e-05, 8.88404319994e-05, 5.92494179728e-05, 5.48409479961e-05, 2.28255230468e-05, 2.60159176833e-05, 2.45241553785e-05, 1.62238720804e-05, 1.23576792248e-05, 1.21825478345e-05, 1.41157643156e-05, 9.27003748075e-06, 6.18045851297e-06, 6.45081991024e-06, 8.31760098663e-06, 9.56020085141e-06, 8.85751978785e-06, 8.38620690047e-06, 6.76131094224e-06, 5.02613011122e-06, 5.27311158294e-06, 4.23914980274e-06, 3.75489412363e-06],
        "dvar": [1.95244119823e-05, 9.88108513411e-06, 6.3605430114e-06, 6.02443549269e-07, 2.24910394309e-07, 1.49067261646e-07, 1.54823496246e-07, 4.43588987764e-08, 5.43075735493e-08, 1.67700420661e-07, 8.42760243813e-08, 1.16910356951e-07, 4.32931486216e-08, 7.20041626323e-08, 1.92053626336e-08, 1.44974459104e-08, 7.61436158569e-09, 1.56937360885e-08, 1.26386012766e-08, 9.0019254273e-09, 5.72415403965e-09, 9.92361193219e-10, 6.3839467046e-10, 8.21159751307e-10, 2.32829186486e-10, 1.60601629218e-10, 1.83385334696e-10, 3.29991034498e-10, 8.37316743718e-11, 4.28951076048e-11, 5.42755493327e-11, 1.30774141516e-10, 1.98784114169e-10, 1.72655681419e-10, 1.37203318151e-10, 7.96374424739e-11, 4.17340571823e-11, 5.0058603096e-11, 3.84885665006e-11, 2.80976093087e-11],
        "dvar2": [5.10387690156e-05, 2.61612167378e-05, 1.75665336428e-05, 1.6030221559e-06, 5.73633144541e-07, 3.71356179585e-07, 3.94631712197e-07, 1.01234178373e-07, 1.17030410252e-07, 3.7225359506e-07, 1.40446715591e-07, 2.31596629874e-07, 9.64674100601e-08, 1.52032569645e-07, 4.5400629034e-08, 3.60601006832e-08, 1.54075507908e-08, 3.75400297514e-08, 2.60288679499e-08, 2.06526724611e-08, 1.16664100602e-08, 1.91425764129e-09, 1.36299183051e-09, 1.98815364172e-09, 5.64209567955e-10, 4.2903619546e-10, 4.62517385502e-10, 7.99767696513e-10, 1.94948210352e-10, 1.02590935747e-10, 1.10771711248e-10, 3.03883890274e-10, 4.41814473895e-10, 3.81250669923e-10, 3.26241256232e-10, 1.63433225286e-10, 8.46056072423e-11, 9.4388781513e-11, 7.53048942648e-11, 5.99236632537e-11],
        "max": [0.0455616079271, 0.0336080677807, 0.0218012798578, 0.00856178626418, 0.00647713476792, 0.00578789552674, 0.00532925734296, 0.00256742280908, 0.0041883662343, 0.00553989550099, 0.00618446385488, 0.00532026775181, 0.00372057640925, 0.00365998293273, 0.00208722194657, 0.0014272298431, 0.00117306911852, 0.00205120793544, 0.00191364029888, 0.00141579855699, 0.00115667749196, 0.000634037423879, 0.000429734733189, 0.000627780274954, 0.000169801700395, 0.000175358902197, 0.000281593296677, 0.000238760796492, 0.000144257748616, 0.000103015241621, 0.000157746166224, 0.000249913980952, 0.000305862253299, 0.000323497602949, 0.000228047589189, 0.000167027945281, 0.000104434795503, 0.000170231607626, 0.000128539730213, 9.34150302783e-05],
        "mean": [0.00800326094031, 0.00335716898553, 0.00139013328589, 0.000815157371107, 0.000386211904697, 0.0002374163887, 0.000231150057516, 0.000160291761858, 0.000150566294906, 0.000317272992106, 0.000181664669071, 0.000260619388428, 0.00022165934206, 0.000235781961237, 7.9126759374e-05, 0.000112872687168, 6.29344212939e-05, 8.90675873961e-05, 9.44312705542e-05, 5.41612789675e-05, 6.40118523734e-05, 2.76383343589e-05, 2.63348229055e-05, 2.26499414566e-05, 1.58890852617e-05, 1.17405115816e-05, 1.13499772851e-05, 1.32109053084e-05, 9.28453118831e-06, 6.47412070975e-06, 7.45110219214e-06, 9.4537390396e-06, 1.02004905784e-05, 9.95077061816e-06, 8.9623617896e-06, 7.96129370428e-06, 6.56241581964e-06, 6.57472810417e-06, 5.14053454026e-06, 4.27999248132e-06],
        "median": [0.00526367593557, 0.00258086039685, 0.000739051552955, 0.000477289780974, 0.00017088878667, 8.61607841216e-05, 8.47918199725e-05, 8.50647047628e-05, 5.2759929531e-05, 7.90132689872e-05, 5.1662678743e-05, 6.97552386555e-05, 0.000102002602944, 8.11424688436e-05, 2.76836944977e-05, 4.17681731051e-05, 2.22340659093e-05, 3.42633538821e-05, 3.17606609315e-05, 1.56567675731e-05, 1.79317612492e-05, 1.03541779026e-05, 1.41213031384e-05, 1.11426979856e-05, 9.25309177546e-06, 6.74846114634e-06, 5.46801129531e-06, 5.51595303477e-06, 5.35753906661e-06, 3.5006703456e-06, 3.74550518245e-06, 4.36677919424e-06, 4.70310078526e-06, 5.07243566972e-06, 3.85748307963e-06, 3.14306680593e-06, 2.42540681938e-06, 2.56451721725e-06, 1.79045787263e-06, 1.59080479989e-06],
        "min": [8.55545684122e-24, 4.50225440588e-24, 5.49156802257e-24, 4.84698583261e-24, 1.29149491169e-23, 1.1021634035e-23, 7.06079813979e-24, 4.35204542877e-24, 5.12927852425e-24, 4.29278383099e-24, 8.65925121483e-24, 1.07629349898e-23, 7.19633627622e-24, 6.64554018156e-24, 1.08644093235e-23, 2.01670854693e-23, 1.55300600942e-23, 9.43481113632e-24, 5.69294370129e-24, 6.24430107048e-24, 1.5917905136e-23, 1.61590078499e-23, 1.08210322289e-23, 1.27157309728e-23, 1.0263374622e-23, 9.25329660861e-24, 6.15987757083e-24, 1.10919783397e-23, 1.09453906285e-23, 1.09179753455e-23, 1.17089993073e-23, 7.03138861639e-24, 1.05653056115e-23, 1.26947504282e-23, 9.46058558868e-24, 7.31791315235e-24, 9.01729151388e-24, 8.02080951815e-24, 1.4634242272e-23, 1.0478138848e-23],
        "stdev": [0.00835127942264, 0.00346091436222, 0.00222917669453, 0.000936576863751, 0.000544081674889, 0.000465294520836, 0.000429643201642, 0.000252712721704, 0.00032137602102, 0.000624883454293, 0.000481945055071, 0.000542277120985, 0.000343833729858, 0.000433632958448, 0.000175761815626, 0.000179477312486, 0.000124276615679, 0.000163766308106, 0.000178142567165, 0.000121077544463, 0.00014178417041, 5.98520091444e-05, 3.79721168429e-05, 3.88220250898e-05, 1.97450663109e-05, 1.47820055645e-05, 1.72318978002e-05, 2.22359358304e-05, 1.26122995425e-05, 9.07858520804e-06, 1.18081834444e-05, 1.88163194252e-05, 1.99355199584e-05, 1.88742651517e-05, 1.6702881112e-05, 1.37670431286e-05, 1.07602454591e-05, 1.19139567687e-05, 9.7633974292e-06, 7.33057504476e-06],
        "var": [6.97438663337e-05, 1.19779278975e-05, 4.9692284847e-06, 8.77176205449e-07, 2.96024865065e-07, 2.16499003614e-07, 1.84593275776e-07, 6.38637160932e-08, 1.03282552288e-07, 3.90479328871e-07, 2.32271048617e-07, 2.94064506079e-07, 1.18221628043e-07, 1.88037532212e-07, 3.08922167847e-08, 3.2212103207e-08, 1.54446766487e-08, 2.68194018105e-08, 3.1734774808e-08, 1.46597711748e-08, 2.01027514635e-08, 3.58226293073e-09, 1.44188161411e-09, 1.50714962732e-09, 3.89867638173e-10, 2.18507684169e-10, 2.9693827952e-10, 4.94436880327e-10, 1.59070090433e-10, 8.24207022077e-11, 1.39433201096e-10, 3.54053869556e-10, 3.97424926302e-10, 3.5623790029e-10, 2.78986223012e-10, 1.89531473849e-10, 1.15782876342e-10, 1.41942374521e-10, 9.53239293056e-11, 5.37373305576e-11]
    },
    "melbands128": {
