{
"lowlevel": {
    "average_loudness": 0.97929418087,
    "barkbands_crest": {
        "dmean": 2.07378816605,
        "dmean2": 3.28836274147,
        "dvar": 8.11596012115,
        "dvar2": 19.3094100952,
        "max": 24.4680519104,
        "mean": 16.734495163,
        "median": 18.9836368561,
        "min": 3.16262197495,
        "stdev": 5.10418844223,
        "var": 26.0527381897
    },
    "barkbands_flatness_db": {
        "dmean": 0.0379654020071,
        "dmean2": 0.0515082068741,
        "dvar": 0.00146184896585,
        "dvar2": 0.00254732603207,
        "max": 0.518707990646,
        "mean": 0.220096886158,
        "median": 0.220808312297,
        "min": 0.042148347944,
        "stdev": 0.0806359127164,
        "var": 0.00650215009227
    },
    "barkbands_kurtosis": {
        "dmean": 25.8797798157,
        "dmean2": 38.6965560913,
        "dvar": 2571.68237305,
        "dvar2": 5204.06884766,
        "max": 549.639160156,
        "mean": 37.2556381226,
        "median": 11.6587581635,
        "min": -1.96152806282,
        "stdev": 67.641708374,
        "var": 4575.40039062
    },
    "barkbands_skewness": {
        "dmean": 1.64770758152,
        "dmean2": 2.33385443687,
        "dvar": 3.66490030289,
        "dvar2": 7.08141994476,
        "max": 18.1997661591,
        "mean": 4.15153312683,
        "median": 3.4448196888,
        "min": -7.72457504272,
        "stdev": 3.55600810051,
        "var": 12.6451940536
    },
    "barkbands_spread": {
        "dmean": 12.5970420837,
        "dmean2": 19.0905284882,
        "dvar": 270.543426514,
        "dvar2": 586.002868652,
        "max": 130.693008423,
        "mean": 22.8190116882,
        "median": 15.8149805069,
        "min": 0.260611832142,
        "stdev": 22.1227931976,
        "var": 489.41796875
    },
    "dissonance": {
        "dmean": 0.0269300863147,
        "dmean2": 0.0443629100919,
        "dvar": 0.00111602980178,
        "dvar2": 0.00283091887832,
        "max": 0.500000119209,
        "mean": 0.456564635038,
        "median": 0.468230813742,
        "min": 0,
        "stdev": 0.0402927137911,
        "var": 0.00162350293249
    },
    "dynamic_complexity": 1.85613703728,
    "erbbands_crest": {
        "dmean": 3.29198646545,
        "dmean2": 5.43138504028,
        "dvar": 10.0322751999,
        "dvar2": 25.7697525024,
        "max": 27.6741218567,
        "mean": 9.16729927063,
        "median": 8.34297180176,
        "min": 2.5141518116,
        "stdev": 4.16063070297,
        "var": 17.3108463287
    },
    "erbbands_flatness_db": {
        "dmean": 0.0250091087073,
        "dmean2": 0.0376232936978,
        "dvar": 0.000542094872799,
        "dvar2": 0.00117296120152,
        "max": 0.311132997274,
        "mean": 0.127915352583,
        "median": 0.119398906827,
        "min": 0.0401716791093,
        "stdev": 0.0476898178458,
        "var": 0.00227431883104
    },
    "erbbands_kurtosis": {
        "dmean": 2.21538209915,
        "dmean2": 3.52338409424,
        "dvar": 11.8898048401,
        "dvar2": 25.9629898071,
        "max": 41.6478309631,
        "mean": 1.54722738266,
        "median": 0.167746305466,
        "min": -1.86935019493,
        "stdev": 4.23015451431,
        "var": 17.8942089081
    },
    "erbbands_skewness": {
        "dmean": 0.647416055202,
        "dmean2": 0.962186276913,
        "dvar": 0.44173642993,
        "dvar2": 0.87780547142,
        "max": 4.045586586,
        "mean": 0.0148549089208,
        "median": 0.060812484473,
        "min": -5.19068670273,
        "stdev": 1.11249482632,
        "var": 1.2376447916
    },
    "erbbands_spread": {
        "dmean": 23.1257896423,
        "dmean2": 35.2481040955,
        "dvar": 624.523681641,
        "dvar2": 1334.99133301,
        "max": 232.376968384,
        "mean": 63.5850486755,
        "median": 53.4453048706,
        "min": 5.4881029129,
        "stdev": 41.54945755,
        "var": 1726.35754395
    },
    "hfc": {
        "dmean": 51.538898468,
        "dmean2": 78.8455505371,
        "dvar": 4703.72119141,
        "dvar2": 11122.7617188,
        "max": 738.362365723,
        "mean": 72.1573104858,
        "median": 40.3949241638,
        "min": 1.21977270737e-16,
        "stdev": 81.888381958,
        "var": 6705.70751953
    },
    "loudness_ebu128": {
        "integrated": -8.21458816528,
        "loudness_range": 0.769228935242,
        "momentary": {
            "dmean": 0.589659869671,
            "dmean2": 0.568609297276,
            "dvar": 0.43544408679,
            "dvar2": 0.65778619051,
            "max": -6.64675426483,
            "mean": -8.46271896362,
            "median": -7.87957239151,
            "min": -17.9865818024,
            "stdev": 1.64396512508,
            "var": 2.70262145996
        },
        "short_term": {
            "dmean": 0.0667706206441,
            "dmean2": 0.0821100473404,
            "dvar": 0.00250239740126,
            "dvar2": 0.00423186365515,
            "max": -7.7090215683,
            "mean": -8.2096157074,
            "median": -8.16781425476,
            "min": -8.9434671402,
            "stdev": 0.277672022581,
            "var": 0.0771017596126
        }
    },
    "melbands_crest": {
        "dmean": 2.49886631966,
        "dmean2": 3.8774266243,
        "dvar": 15.5034360886,
        "dvar2": 34.0651893616,
        "max": 37.5121307373,
        "mean": 30.1660995483,
        "median": 34.6707077026,
        "min": 2.2818748951,
        "stdev": 8.86856460571,
        "var": 78.6514434814
    },
    "melbands_flatness_db": {
        "dmean": 0.0458223298192,
        "dmean2": 0.0604877136648,
        "dvar": 0.00231201108545,
        "dvar2": 0.00388041650876,
        "max": 0.666823387146,
        "mean": 0.307576388121,
        "median": 0.324820071459,
        "min": 0.00832825340331,
        "stdev": 0.114832341671,
        "var": 0.0131864659488
    },
    "melbands_kurtosis": {
        "dmean": 103.126922607,
        "dmean2": 157.704544067,
        "dvar": 38437.8554688,
        "dvar2": 82094.2421875,
        "max": 2064.00756836,
        "mean": 171.570663452,
        "median": 57.2187576294,
        "min": -1.74498045444,
        "stdev": 273.825378418,
        "var": 74980.34375
    },
    "melbands_skewness": {
        "dmean": 2.92066860199,
        "dmean2": 4.29282903671,
        "dvar": 14.7195510864,
        "dvar2": 27.7394332886,
        "max": 37.8394203186,
        "mean": 8.7911157608,
        "median": 6.90592956543,
        "min": -1.77250945568,
        "stdev": 7.06533050537,
        "var": 49.9188957214
    },
    "melbands_spread": {
        "dmean": 10.4814577103,
        "dmean2": 15.9917955399,
        "dvar": 393.269958496,
        "dvar2": 890.661804199,
        "max": 329.41394043,
        "mean": 18.4237289429,
        "median": 7.08330917358,
        "min": 0.149389445782,
        "stdev": 27.8511543274,
        "var": 775.686767578
    },
    "pitch_salience": {
        "dmean": 0.068607263267,
        "dmean2": 0.108872272074,
        "dvar": 0.00887869019061,
        "dvar2": 0.0203708857298,
        "max": 0.906680524349,
        "mean": 0.307487338781,
        "median": 0.210801765323,
        "min": 0.109541252255,
        "stdev": 0.191576674581,
        "var": 0.0367016196251
    },
    "silence_rate_20dB": {
        "dmean": 0.0417956672609,
        "dmean2": 0.0836560800672,
        "dvar": 0.0400489903986,
        "dvar2": 0.110739506781,
        "max": 1,
        "mean": 0.973704576492,
        "median": 1,
        "min": 0,
        "stdev": 0.160013571382,
        "var": 0.0256043449044
    },
    "silence_rate_30dB": {
        "dmean": 0.0371517017484,
        "dmean2": 0.0743609592319,
        "dvar": 0.0357718952,
        "dvar2": 0.0734799578786,
        "max": 1,
        "mean": 0.375870078802,
        "median": 0,
        "min": 0,
        "stdev": 0.484346687794,
        "var": 0.234591707587
    },
    "silence_rate_60dB": {
        "dmean": 0.022445820272,
        "dmean2": 0.0449264124036,
        "dvar": 0.0219418667257,
        "dvar2": 0.0491044335067,
        "max": 1,
        "mean": 0.0278422273695,
        "median": 0,
        "min": 0,
        "stdev": 0.164519429207,
        "var": 0.0270666424185
    },
    "spectral_centroid": {
        "dmean": 525.470947266,
        "dmean2": 776.939147949,
        "dvar": 491855,
        "dvar2": 907664.875,
        "max": 11000.1767578,
        "mean": 1706.11413574,
        "median": 1495.22619629,
        "min": 140.137588501,
        "stdev": 1042.40380859,
        "var": 1086605.75
    },
    "spectral_complexity": {
        "dmean": 4.73529434204,
        "dmean2": 6.79318380356,
        "dvar": 41.5832138062,
        "dvar2": 70.5284957886,
        "max": 64,
        "mean": 13.6210365295,
        "median": 12,
        "min": 0,
        "stdev": 10.3635911942,
        "var": 107.404029846
    },
    "spectral_decrease": {
        "dmean": 4.76089079271e-09,
        "dmean2": 7.2693882025e-09,
        "dvar": 1.17802152696e-16,
        "dvar2": 2.44159867554e-16,
        "max": 8.17412526555e-10,
        "mean": -4.07207814135e-08,
        "median": -4.66454856962e-08,
        "min": -1.111578527e-07,
        "stdev": 2.69761262217e-08,
        "var": 7.27711363035e-16
    },
    "spectral_energy": {
        "dmean": 0.0199021678418,
        "dmean2": 0.0304013937712,
        "dvar": 0.00180738163181,
        "dvar2": 0.00377296097577,
        "max": 0.434730798006,
        "mean": 0.160234570503,
        "median": 0.182767957449,
        "min": 1.07593143265e-20,
        "stdev": 0.102129206061,
        "var": 0.0104303751141
    },
    "spectral_energyband_high": {
        "dmean": 0.00490019470453,
        "dmean2": 0.00764125678688,
        "dvar": 4.80673588754e-05,
        "dvar2": 0.000117819981824,
        "max": 0.0631104335189,
        "mean": 0.00525508495048,
        "median": 0.00160086818505,
        "min": 7.67007908192e-21,
        "stdev": 0.00771253602579,
        "var": 5.94832126808e-05
    },
    "spectral_energyband_low": {
        "dmean": 0.0156177515164,
        "dmean2": 0.0235739108175,
        "dvar": 0.00156189058907,
        "dvar2": 0.0031447536312,
        "max": 0.399322450161,
        "mean": 0.139450892806,
        "median": 0.159637331963,
        "min": 9.46610619507e-23,
        "stdev": 0.102264270186,
        "var": 0.0104579804465
    },
    "spectral_energyband_middle_high": {
        "dmean": 0.00500880647451,
        "dmean2": 0.00702676549554,
        "dvar": 7.36375222914e-05,
        "dvar2": 0.000127004808746,
        "max": 0.0917849615216,
        "mean": 0.00927897356451,
        "median": 0.00329655129462,
        "min": 1.56409564563e-21,
        "stdev": 0.0139157567173,
        "var": 0.000193648273125
    },
    "spectral_energyband_middle_low": {
        "dmean": 0.00452561723068,
        "dmean2": 0.00775247253478,
        "dvar": 0.000119680633361,
        "dvar2": 0.000337210192811,
        "max": 0.0944494754076,
        "mean": 0.00612398749217,
        "median": 0.00380466319621,
        "min": 2.73727918353e-22,
        "stdev": 0.009392330423,
        "var": 8.82158637978e-05
    },
    "spectral_entropy": {
        "dmean": 0.325075924397,
        "dmean2": 0.461713194847,
        "dvar": 0.0993324220181,
        "dvar2": 0.199515745044,
        "max": 9.80117702484,
        "mean": 7.92268705368,
        "median": 7.93259811401,
        "min": 5.70904588699,
        "stdev": 0.524824500084,
        "var": 0.275440752506
    },
    "spectral_flux": {
        "dmean": 0.0528292395175,
        "dmean2": 0.0819333270192,
        "dvar": 0.00641843862832,
        "dvar2": 0.0107298661023,
        "max": 0.607468724251,
        "mean": 0.124549612403,
        "median": 0.0969865992665,
        "min": 1.03727117173e-10,
        "stdev": 0.100270293653,
        "var": 0.0100541319698
    },
    "spectral_kurtosis": {
        "dmean": 1.44294810295,
        "dmean2": 2.06932711601,
        "dvar": 2.65306949615,
        "dvar2": 5.77304458618,
        "max": 18.083278656,
        "mean": 1.9528670311,
        "median": 1.4137172699,
        "min": -1.68909287453,
        "stdev": 2.49334669113,
        "var": 6.21677732468
    },
    "spectral_rms": {
        "dmean": 0.000888085109182,
        "dmean2": 0.00130846572574,
        "dvar": 2.83574649984e-06,
        "dvar2": 5.20122648595e-06,
        "max": 0.0205943584442,
        "mean": 0.0115583362058,
        "median": 0.0133532844484,
        "min": 3.23989077754e-12,
        "stdev": 0.00476772151887,
        "var": 2.27311666094e-05
    },
    "spectral_rolloff": {
        "dmean": 1083.8770752,
        "dmean2": 1853.97424316,
        "dvar": 5724558.5,
        "dvar2": 13133740,
        "max": 19250.6835938,
        "mean": 1717.26599121,
        "median": 64.599609375,
        "min": 43.06640625,
        "stdev": 3353.74121094,
        "var": 11247580
    },
    "spectral_skewness": {
        "dmean": 0.359491795301,
        "dmean2": 0.505084633827,
        "dvar": 0.122905425727,
        "dvar2": 0.238129392266,
        "max": 3.64988541603,
        "mean": 1.26128542423,
        "median": 1.31773114204,
        "min": -0.936906814575,
        "stdev": 0.611153364182,
        "var": 0.373508423567
    },
    "spectral_spread": {
        "dmean": 1966581.125,
        "dmean2": 2612375,
        "dvar": 4.31354989773e+12,
        "dvar2": 6.75200997786e+12,
        "max": 41435764,
        "mean": 8957593,
        "median": 8322952.5,
        "min": 2741801.5,
        "stdev": 3919965.5,
        "var": 1.53661304996e+13
    },
    "spectral_strongpeak": {
        "dmean": 0.298471301794,
        "dmean2": 0.488636016846,
        "dvar": 1.57388091087,
        "dvar2": 3.42538714409,
        "max": 33.8648033142,
        "mean": 0.73652023077,
        "median": 0.575195014477,
        "min": 0,
        "stdev": 1.32534503937,
        "var": 1.756539464
    },
    "zerocrossingrate": {
        "dmean": 0.0228188335896,
        "dmean2": 0.025531321764,
        "dvar": 0.000937502190936,
        "dvar2": 0.00104658212513,
        "max": 0.52734375,
        "mean": 0.0672672539949,
        "median": 0.0380859375,
        "min": 0.001953125,
        "stdev": 0.0803688615561,
        "var": 0.00645915372297
    },
    "barkbands": {
        "dmean": [0.00410081027076, 0.0144592085853, 0.00367545313202, 0.00139261200093, 0.00109264592174, 0.000941064325161, 0.000464373180876, 0.00082777539501, 0.000721174234059, 0.00116250885185, 0.00139069894794, 0.00114323408343, 0.00125965557527, 0.00103570532519, 0.000618975202087, 0.000411762215663, 0.000300066400087, 0.000277049373835, 0.000167137623066, 0.000115789400297, 0.000157227783347, 0.000345684878994, 0.00117001309991, 0.00124845118262, 0.00117213488556, 0.000981821212918, 0.000118361342174],
        "dmean2": [0.00657521560788, 0.0225484445691, 0.00713659217581, 0.00249800342135, 0.00188279757276, 0.00158453860786, 0.000822031695861, 0.00131835683715, 0.00117100984789, 0.00174174853601, 0.00211234670132, 0.00174252479337, 0.00204326189123, 0.0016317947302, 0.000938811397646, 0.00067133147968, 0.000467422243673, 0.000450820632977, 0.000253525504377, 0.000187491634279, 0.000242692200118, 0.000546698167454, 0.00188428850379, 0.00201672548428, 0.00180006271694, 0.0015966007486, 0.000184102624189],
        "dvar": [9.60772304097e-05, 0.00137542630546, 0.000272480945569, 3.42431376339e-05, 1.01370851553e-05, 4.17973842559e-06, 1.95285883819e-06, 3.05413141177e-06, 4.76776358482e-06, 6.55645544612e-06, 1.32358882183e-05, 6.76526997268e-06, 8.63162858877e-06, 5.21169977219e-06, 1.80690688012e-06, 7.44670273889e-07, 3.92591118725e-07, 3.47690559011e-07, 1.3494867801e-07, 5.79091157249e-08, 7.57582796496e-08, 3.0849110999e-07, 3.34349624609e-06, 3.21027869177e-06, 3.84810755349e-06, 2.53962502939e-06, 1.11487132415e-07],
        "dvar2": [0.000246606010478, 0.00303264195099, 0.000811802688986, 9.67014493654e-05, 2.87777638732e-05, 1.06600446088e-05, 5.36664811079e-06, 7.29687826606e-06, 1.24528532979e-05, 1.19326296044e-05, 2.92637450912e-05, 1.42311282616e-05, 2.10637554119e-05, 1.18567486425e-05, 4.09327867601e-06, 1.86995032436e-06, 8.92508751349e-07, 8.34684215079e-07, 2.71836029242e-07, 1.42483983723e-07, 1.51381613023e-07, 7.54736106501e-07, 8.18041826278e-06, 8.10089204606e-06, 7.78932462708e-06, 6.11083169133e-06, 2.13628950974e-07],
        "max": [0.138314217329, 0.350926727057, 0.131677895784, 0.0522581338882, 0.0273104142398, 0.0216036662459, 0.0180224664509, 0.015272106044, 0.025305794552, 0.0289424993098, 0.0555405281484, 0.0310328267515, 0.0356797277927, 0.0314458943903, 0.0163216516376, 0.00749081512913, 0.00582060823217, 0.00551994889975, 0.00391675112769, 0.00205087685026, 0.00248045171611, 0.00428761728108, 0.0101939616725, 0.0106486072764, 0.0478028506041, 0.0237206462771, 0.00478107947856],
        "mean": [0.0256493575871, 0.110259205103, 0.00380204571411, 0.00135668879375, 0.0014600737486, 0.00104846502654, 0.000421861477662, 0.000930706912186, 0.000690873130225, 0.00146087806206, 0.0016349729849, 0.00137523177546, 0.00147588038817, 0.00122912914958, 0.000701986311469, 0.000473022868391, 0.000375118601369, 0.000357464479748, 0.000215050720726, 0.000148539809743, 0.000187715500942, 0.000310680508846, 0.00103797367774, 0.00121998507529, 0.00130089372396, 0.000960143981501, 0.00015059101861],
        "median": [0.0261883325875, 0.129494324327, 0.00194951449521, 0.000420681812102, 0.000748713850044, 0.000178067275556, 3.29860777128e-05, 0.000135710812174, 6.10897914157e-05, 0.000175640132511, 0.000141139302286, 0.000160140145454, 0.000326355628204, 0.000123774312669, 0.000103514932562, 7.33904744266e-05, 9.62837220868e-05, 0.000117158750072, 8.31183206174e-05, 7.65441800468e-05, 7.12540058885e-05, 6.63809405523e-05, 0.00023545147269, 0.000392485555494, 0.000344768341165, 0.000185004697414, 1.9917053578e-05],
        "min": [4.86804802434e-23, 3.6395631408e-23, 2.68239718373e-23, 5.95678493635e-24, 1.70018394628e-23, 3.57578342107e-23, 4.46826309945e-23, 1.72913719254e-23, 7.96795962403e-23, 1.09277013694e-22, 1.1171708038e-22, 5.86759032707e-23, 6.97822128464e-23, 1.79933240247e-22, 1.5502684412e-22, 1.30881932269e-22, 1.80758944112e-22, 1.61031489247e-22, 1.71974189071e-22, 4.59493377667e-22, 3.61777947265e-22, 5.57177935208e-22, 6.53870118352e-22, 7.65507593201e-22, 1.18276376766e-21, 1.76931974126e-21, 2.46515938022e-21],
        "stdev": [0.0195403061807, 0.083623714745, 0.0120928725228, 0.00469603482634, 0.00273469346575, 0.00222084089182, 0.00141100608744, 0.00189724704251, 0.00204709172249, 0.00352989789099, 0.00452582538128, 0.00316878128797, 0.00319198379293, 0.00276923389174, 0.00159045460168, 0.00100375863258, 0.000743166601751, 0.000667010259349, 0.000424993078923, 0.000258142157691, 0.000327660090989, 0.00056099309586, 0.00177461793646, 0.00180264620576, 0.00270460313186, 0.00178053532727, 0.000473463791423],
        "var": [0.000381823541829, 0.00699292588979, 0.000146237565787, 2.20527435886e-05, 7.47854892325e-06, 4.93213474329e-06, 1.99093824449e-06, 3.59954651685e-06, 4.19058460466e-06, 1.24601783682e-05, 2.04830939765e-05, 1.0041175301e-05, 1.01887599158e-05, 7.66865650803e-06, 2.5295460091e-06, 1.00753140941e-06, 5.52296569367e-07, 4.44902724439e-07, 1.8061912499e-07, 6.66373694003e-08, 1.07361138646e-07, 3.14713275884e-07, 3.1492686503e-06, 3.24953316522e-06, 7.31487762096e-06, 3.17030594488e-06, 2.24167962415e-07]
    },
    "erbbands": {
        "dmean": [0.826542079449, 2.82575774193, 4.58470439911, 4.61060905457, 3.10104942322, 4.21099328995, 6.80093097687, 7.94969034195, 5.92216777802, 10.1667718887, 19.1635684967, 16.7798976898, 23.9366397858, 48.9887428284, 51.8985710144, 43.1739387512, 56.2880096436, 46.7020263672, 38.8234329224, 27.0898685455, 19.6542167664, 15.4035043716, 14.1673746109, 11.5486764908, 6.36260557175, 5.44582557678, 5.69087696075, 6.90119934082, 12.4314918518, 19.0792369843, 34.0427780151, 32.1124572754, 17.2788696289, 13.2764892578, 8.56878948212, 5.13265275955, 1.59980416298, 0.303271323442, 0.0130077768117, 0.000284756737528],
        "dmean2": [1.23841679096, 4.71693181992, 8.71231651306, 8.61080265045, 5.4717540741, 7.43742513657, 10.5271024704, 14.1018695831, 10.7062883377, 16.5749607086, 30.604763031, 27.4308319092, 37.3974227905, 70.2350692749, 75.1931915283, 64.3383102417, 91.1689987183, 73.7565307617, 56.870552063, 40.7050628662, 31.9615192413, 23.5281524658, 22.5297355652, 17.2815990448, 9.71322727203, 8.59418392181, 9.01573562622, 11.024096489, 19.6735210419, 30.4024219513, 55.2142486572, 52.3588676453, 27.0032444, 21.3833141327, 12.9904851913, 8.14736652374, 2.60401964188, 0.483590900898, 0.0198927056044, 0.000438053219113],
        "dvar": [3.66799974442, 80.6364898682, 403.466247559, 402.071929932, 148.545150757, 166.207321167, 143.045791626, 450.87588501, 296.697174072, 606.498291016, 1644.66162109, 2785.7722168, 2789.82788086, 11706.5068359, 17838.5898438, 10270.5537109, 19326.5117188, 11223.6601562, 6503.97998047, 3082.02294922, 1560.7298584, 1015.43719482, 1005.65942383, 528.703857422, 238.078384399, 131.831451416, 131.381149292, 138.250961304, 404.329284668, 897.99041748, 2812.56005859, 2442.32202148, 546.704406738, 448.79776001, 295.148162842, 77.3293380737, 5.99868631363, 0.365380525589, 0.00148885545786, 3.50069939259e-07],
        "dvar2": [7.30139780045, 209.194137573, 1178.22668457, 1173.67236328, 404.23324585, 484.75567627, 301.551055908, 1243.39624023, 851.265686035, 1428.44042969, 4115.53515625, 7278.84960938, 6249.83251953, 22785.6601562, 41209.6835938, 21338.0644531, 47313.0585938, 26279.890625, 13198.5595703, 6695.45166016, 3802.74291992, 2196.62915039, 2350.3347168, 1160.3605957, 509.6144104, 315.808929443, 288.592163086, 284.465637207, 969.866882324, 2197.48974609, 6933.37255859, 6178.24804688, 1324.28027344, 1095.88647461, 559.687438965, 174.035964966, 14.5414590836, 0.860239326954, 0.00292646000162, 7.26814050722e-07],
        "max": [16.4135112762, 75.0483322144, 157.155563354, 166.155593872, 105.458091736, 114.274047852, 117.500061035, 254.160110474, 185.844177246, 296.722595215, 418.355621338, 627.698181152, 677.52734375, 1464.39599609, 2233.26025391, 1312.71801758, 1847.63464355, 1847.69665527, 945.565673828, 614.11517334, 341.059234619, 288.55178833, 324.653533936, 257.755310059, 135.078292847, 109.87625885, 114.70664978, 96.547203064, 168.914779663, 172.461761475, 299.344024658, 291.442657471, 249.178329468, 343.271850586, 512.24786377, 165.571762085, 24.2268562317, 7.81189870834, 0.574831724167, 0.00850439444184],
        "mean": [6.81602191925, 10.0617713928, 4.5628247261, 5.63477039337, 3.36387038231, 5.14559221268, 9.52421855927, 7.25478744507, 4.93187952042, 11.7791595459, 21.2674751282, 16.874835968, 28.813451767, 62.3722991943, 63.7793235779, 54.5043983459, 69.8942108154, 59.2829055786, 50.0095977783, 34.1621856689, 24.5571193695, 20.5207691193, 19.0382671356, 16.0908851624, 8.18976974487, 7.06269025803, 7.54042816162, 7.40778255463, 11.18126297, 17.2284584045, 30.7216358185, 28.2388801575, 18.959197998, 14.2064857483, 9.21850585938, 5.14441537857, 1.56690096855, 0.329761892557, 0.0171131659299, 0.000504083931446],
        "median": [8.08696174622, 10.3191976547, 2.23673558235, 3.13260197639, 1.35968267918, 2.50641441345, 2.62086200714, 1.03550839424, 0.667956054211, 1.80644130707, 4.83835983276, 2.97114634514, 4.60380601883, 8.3885602951, 7.98559045792, 8.83267593384, 17.6295814514, 7.9987154007, 6.67060422897, 5.45580005646, 4.3931388855, 5.33172464371, 6.32388401031, 6.46575593948, 3.24697160721, 3.6350915432, 3.35875988007, 2.32249116898, 2.27648234367, 4.1377863884, 7.49621009827, 6.92799949646, 7.0777130127, 3.98561191559, 2.24334192276, 1.01693642139, 0.316710025072, 0.0666167736053, 0.00209018192254, 0.000283176457742],
        "min": [1.61313901451e-21, 6.75100064202e-21, 3.60705160048e-20, 1.87210779719e-20, 1.77170099552e-20, 7.44600587062e-20, 1.22023861582e-19, 3.77935332207e-19, 4.71839537832e-19, 8.0422143917e-19, 5.50731940453e-19, 1.41258584463e-18, 4.58658083899e-18, 2.57254431954e-18, 4.68657498092e-18, 1.48722472945e-18, 3.54291465242e-18, 8.08091682839e-18, 8.01981382372e-18, 7.98604665676e-18, 7.01803192747e-18, 9.8551687843e-18, 9.23710935677e-18, 6.09243460641e-18, 1.36516837776e-17, 2.49785880242e-17, 1.13195382032e-17, 1.62409534824e-17, 2.32072452625e-17, 1.56812648819e-17, 1.68440756824e-17, 1.76896891877e-17, 1.28457650155e-17, 9.06762749388e-18, 1.12640732616e-17, 7.18796460379e-18, 3.27849561627e-18, 1.00776086112e-18, 3.30440405043e-19, 4.00545215652e-20],
        "stdev": [5.07245159149, 10.4214782715, 15.0500354767, 15.5636539459, 10.1434383392, 10.6038627625, 15.991736412, 19.922624588, 15.4753007889, 29.9413452148, 42.5044708252, 48.7360420227, 64.6701431274, 148.828918457, 157.784286499, 123.957710266, 149.314102173, 125.350662231, 110.661087036, 71.7032775879, 47.362071991, 39.1435661316, 36.2640151978, 27.3519096375, 17.0634803772, 12.4129419327, 13.4811143875, 13.2680101395, 20.5081291199, 29.7095584869, 51.2750740051, 47.2235107422, 26.2107982635, 25.4620838165, 22.7661151886, 10.5105905533, 2.6841135025, 0.711779236794, 0.0539870746434, 0.000797058979515],
        "var": [25.7297649384, 108.607208252, 226.503570557, 242.227310181, 102.889343262, 112.44190979, 255.735641479, 396.910949707, 239.484939575, 896.484130859, 1806.63012695, 2375.20166016, 4182.22753906, 22150.0449219, 24895.8789062, 15365.5146484, 22294.6992188, 15712.7890625, 12245.8769531, 5141.35986328, 2243.16577148, 1532.21862793, 1315.07873535, 748.126953125, 291.162384033, 154.081115723, 181.740447998, 176.040084839, 420.583374023, 882.657897949, 2629.13305664, 2230.06005859, 687.00592041, 648.317687988, 518.295959473, 110.472518921, 7.20446538925, 0.506629645824, 0.00291460403241, 6.3530302441e-07]
    },
    "gfcc": {
        "mean": [31.5605506897, 31.3522262573, -70.1940612793, 26.6215171814, -36.7094535828, 49.0982170105, -29.5943965912, 22.1221160889, -20.9083957672, 10.0172719955, -8.07743835449, 11.2344350815, -9.85637283325],
        "cov": [[6187.65136719, -26.0077705383, -245.510284424, 268.827697754, 148.601547241, 383.686218262, 171.922348022, 237.036636353, 184.329467773, -59.0296707153, -102.174949646, 195.879959106, -91.9548568726], [-26.0077705383, 2537.01000977, 428.687408447, 703.052246094, 793.93157959, 168.641403198, 629.055114746, 176.285308838, 290.883056641, -36.7867202759, 175.059906006, -104.256904602, 116.322540283], [-245.510284424, 428.687408447, 2408.16235352, 1156.74755859, 534.7265625, 308.840759277, 207.940933228, 93.3355636597, 122.591087341, 39.983127594, 70.96484375, 39.6026992798, -22.0518512726], [268.827697754, 703.052246094, 1156.74755859, 1198.22644043, 619.523986816, 260.129150391, 328.195251465, 158.684967041, 195.565002441, -1.44205462933, 40.9855194092, 14.8542490005, 54.4704475403], [148.601547241, 793.93157959, 534.7265625, 619.523986816, 807.832885742, 292.232940674, 355.407196045, 128.064102173, 135.549453735, 8.77123832703, 23.4513702393, -5.45138883591, 50.2891159058], [383.686218262, 168.641403198, 308.840759277, 260.129150391, 292.232940674, 500.172790527, 262.244598389, 63.7728805542, 45.7541160583, 35.2650260925, 4.08215522766, -2.09353160858, -13.908987999], [171.922348022, 629.055114746, 207.940933228, 328.195251465, 355.407196045, 262.244598389, 465.041412354, 77.0838546753, 79.3667373657, -23.5756587982, 40.0455245972, -12.5277833939, -7.94765043259], [237.036636353, 176.285308838, 93.3355636597, 158.684967041, 128.064102173, 63.7728805542, 77.0838546753, 242.912612915, 92.1817169189, -5.35302495956, -18.6799736023, -9.02037811279, 25.3130111694], [184.329467773, 290.883056641, 122.591087341, 195.565002441, 135.549453735, 45.7541160583, 79.3667373657, 92.1817169189, 202.959823608, 9.3393497467, -18.6095180511, -5.1784529686, 2.00269794464], [-59.0296707153, -36.7867202759, 39.983127594, -1.44205462933, 8.77123832703, 35.2650260925, -23.5756587982, -5.35302495956, 9.3393497467, 120.33265686, 13.0570573807, -20.0848407745, -1.79479956627], [-102.174949646, 175.059906006, 70.96484375, 40.9855194092, 23.4513702393, 4.08215522766, 40.0455245972, -18.6799736023, -18.6095180511, 13.0570573807, 114.868675232, 4.5780506134, -13.5200510025], [195.879959106, -104.256904602, 39.6026992798, 14.8542490005, -5.45138883591, -2.09353160858, -12.5277833939, -9.02037811279, -5.1784529686, -20.0848407745, 4.5780506134, 102.969367981, 1.49724805355], [-91.9548568726, 116.322540283, -22.0518512726, 54.4704475403, 50.2891159058, -13.908987999, -7.94765043259, 25.3130111694, 2.00269794464, -1.79479956627, -13.5200510025, 1.49724805355, 102.324790955]],
        "icov": [[0.000212763945456, -5.62090026506e-05, 0.000112245012133, -0.000139986048453, 6.94882619428e-05, -0.000214674553717, 0.000116728653666, -0.000172964966623, -5.82465509069e-06, 1.77675756277e-05, 0.000242046458879, -0.000499411486089, 0.000382045400329], [-5.62090026506e-05, 0.0011907746084, -9.20625316212e-05, 0.000224255622015, -0.000631754344795, 0.000608216738328, -0.00118516781367, 0.000200036083697, -0.00130199431442, 0.000509584788233, -0.00183446484152, 0.00130546290893, -0.00151884404477], [0.000112245012133, -9.20625316212e-05, 0.000948983477429, -0.00106399785727, 5.43361493328e-05, -0.000378418451874, 0.000519771419931, -5.59063191758e-05, 0.000345200300217, -0.000197360059246, 5.65977243241e-05, -0.000502278795466, 0.00095710507594], [-0.000139986048453, 0.000224255622015, -0.00106399785727, 0.00275903427973, -0.00100237200968, 0.000341332692187, -0.000838076754007, -7.63513380662e-05, -0.0013205895666, 0.000427178136306, -0.000796471780632, 0.000426299258834, -0.00166405981872], [6.94882619428e-05, -0.000631754344795, 5.43361493328e-05, -0.00100237200968, 0.00308091193438, -0.000861505686771, -0.000501998350956, -0.000288724433631, 0.000339024583809, -0.000529737968463, 0.00100497587118, -0.000717758550309, -0.000145546990098], [-0.000214674553717, 0.000608216738328, -0.000378418451874, 0.000341332692187, -0.000861505686771, 0.00383535213768, -0.00234011909924, -6.66820342303e-05, -5.54998769076e-05, -0.00119595101569, -0.000108212429041, 0.000637046119664, -0.000411626126152], [0.000116728653666, -0.00118516781367, 0.000519771419931, -0.000838076754007, -0.000501998350956, -0.00234011909924, 0.00575623475015, -0.00040256747161, 0.000814370578155, 0.00116798444651, 0.000327556859702, -0.000692907604389, 0.00254360982217], [-0.000172964966623, 0.000200036083697, -5.59063191758e-05, -7.63513380662e-05, -0.000288724433631, -6.66820342303e-05, -0.00040256747161, 0.00554321240634, -0.00214996631257, 0.000503288698383, 7.5363292126e-05, 0.000993701280095, -0.00157762481831], [-5.82465509069e-06, -0.00130199431442, 0.000345200300217, -0.0013205895666, 0.000339024583809, -5.54998769076e-05, 0.000814370578155, -0.00214996631257, 0.0086446814239, -0.00172427576035, 0.0035380909685, -0.00142385065556, 0.00296207750216], [1.77675756277e-05, 0.000509584788233, -0.000197360059246, 0.000427178136306, -0.000529737968463, -0.00119595101569, 0.00116798444651, 0.000503288698383, -0.00172427576035, 0.0100265303627, -0.00260063959286, 0.00262861279771, -0.000941728765611], [0.000242046458879, -0.00183446484152, 5.65977243241e-05, -0.000796471780632, 0.00100497587118, -0.000108212429041, 0.000327556859702, 7.5363292126e-05, 0.0035380909685, -0.00260063959286, 0.0131138665602, -0.00309636024758, 0.00390045461245], [-0.000499411486089, 0.00130546290893, -0.000502278795466, 0.000426299258834, -0.000717758550309, 0.000637046119664, -0.000692907604389, 0.000993701280095, -0.00142385065556, 0.00262861279771, -0.00309636024758, 0.0127101428807, -0.00264943833463], [0.000382045400329, -0.00151884404477, 0.00095710507594, -0.00166405981872, -0.000145546990098, -0.000411626126152, 0.00254360982217, -0.00157762481831, 0.00296207750216, -0.000941728765611, 0.00390045461245, -0.00264943833463, 0.0140178920701]]
    },
    "melbands": {
        "dmean": [0.00493483897299, 0.00264457636513, 0.000744648335967, 0.000243283007876, 0.000223218885367, 0.000175132649019, 9.2631453299e-05, 0.000125825317809, 0.000154497072799, 0.000104591345007, 0.000127437873743, 0.000202874900424, 0.000186939112609, 0.000130651664222, 0.000119784388517, 0.000124736994621, 9.14825577638e-05, 7.31973923394e-05, 4.57445530628e-05, 3.24015963997e-05, 2.30395817198e-05, 1.76253251993e-05, 1.39920502988e-05, 1.24223961393e-05, 9.64183982433e-06, 5.51250241188e-06, 3.85678958992e-06, 3.80116171073e-06, 3.81278982786e-06, 3.57578596777e-06, 4.30816544394e-06, 5.95600522502e-06, 8.46151397127e-06, 1.3225904695e-05, 1.85632034118e-05, 2.41827565333e-05, 1.81838822755e-05, 1.20633867482e-05, 1.12832649393e-05, 1.16575656648e-05],
        "dmean2": [0.00756739312783, 0.00468546850607, 0.00137701327913, 0.000436142785475, 0.000351233873516, 0.000306457019178, 0.000166947895195, 0.000202061986784, 0.000250264100032, 0.000172218162334, 0.000199432106456, 0.000289795163553, 0.000276908191154, 0.000197629706236, 0.000190094899153, 0.000202348324819, 0.00014708325034, 0.000109002627141, 6.98482544976e-05, 5.12217993673e-05, 3.79010853067e-05, 2.75279071502e-05, 2.18616369239e-05, 1.99665173568e-05, 1.46104657688e-05, 8.6737327365e-06, 6.13130714555e-06, 6.11576024312e-06, 6.30176373306e-06, 5.51977836949e-06, 6.91408195053e-06, 9.45754800341e-06, 1.35905202114e-05, 2.13139592233e-05, 3.03764390992e-05, 3.92024994653e-05, 2.9972559787e-05, 1.84838881978e-05, 1.84585369425e-05, 1.8821168851e-05],
        "dvar": [0.000143596800626, 9.93543944787e-05, 1.03312395368e-05, 7.16131353329e-07, 1.59851381909e-07, 1.92564257873e-07, 7.23104136569e-08, 7.89840726156e-08, 1.12111479211e-07, 1.11535847225e-07, 8.04366493412e-08, 1.95899502842e-07, 2.28431801474e-07, 9.45948457343e-08, 8.1817802311e-08, 1.00598462893e-07, 4.53456330263e-08, 2.61282178116e-08, 1.08277289357e-08, 4.84361795117e-09, 2.18265849838e-09, 1.31483501864e-09, 1.21768328754e-09, 5.82754455802e-10, 3.56271789848e-10, 2.04802175219e-10, 7.82120479492e-11, 6.03206928851e-11, 6.49240383677e-11, 4.76663847282e-11, 5.35771808863e-11, 9.62479193567e-11, 1.88709436966e-10, 4.43080849788e-10, 8.4297557823e-10, 1.46738854401e-09, 7.71633312802e-10, 2.5068980225e-10, 3.55308837907e-10, 3.41357442313e-10],
        "dvar2": [0.000288095878204, 0.000273939222097, 2.98950453725e-05, 2.03781178243e-06, 3.73155984335e-07, 5.24103825228e-07, 2.05234144346e-07, 1.80440167696e-07, 2.84350960555e-07, 2.91034979227e-07, 1.73663877945e-07, 3.74682429083e-07, 5.07226957325e-07, 2.01842610181e-07, 1.89529600902e-07, 2.47144953391e-07, 1.06668416322e-07, 5.39233973029e-08, 2.4788970876e-08, 1.16775602521e-08, 5.28271915101e-09, 2.92946067404e-09, 2.75955125417e-09, 1.34724742473e-09, 7.88507426019e-10, 4.20671497636e-10, 2.02003858085e-10, 1.4511994384e-10, 1.61875929328e-10, 9.20013093486e-11, 1.18187723497e-10, 2.20753110236e-10, 4.81952699971e-10, 1.07465503163e-09, 2.10297201875e-09, 3.63157570682e-09, 1.97064542462e-09, 6.00627214631e-10, 8.92438234423e-10, 8.23405066352e-10],
        "max": [0.110430926085, 0.0797879099846, 0.0269348677248, 0.00675500603393, 0.00324123352766, 0.00500840134919, 0.00300684454851, 0.00319247040898, 0.00328535214067, 0.00401027547196, 0.00348916114308, 0.00577791407704, 0.00626759789884, 0.0030889052432, 0.00373399653472, 0.00412519648671, 0.0035443904344, 0.00214914698154, 0.00105783308391, 0.000665449246299, 0.00038459780626, 0.000302800472127, 0.00039842465776, 0.000215554449824, 0.000221070047701, 0.000127298379084, 7.50824910938e-05, 7.74205545895e-05, 8.16790270619e-05, 5.99487648287e-05, 6.10478236922e-05, 9.23522529774e-05, 9.49002424022e-05, 0.000129506341182, 0.000162130905665, 0.000230864592595, 0.000158592694788, 0.000123297082609, 0.000342740007909, 0.000315122189932],
        "mean": [0.0430737920105, 0.00498962961137, 0.000871941272635, 0.000298977392958, 0.000312336283969, 0.000167111298651, 7.77796158218e-05, 0.000148910170537, 0.000167916077771, 9.88533502095e-05, 0.000149548373884, 0.000253638194408, 0.000224376155529, 0.00015505385818, 0.000148342354805, 0.00014370775898, 0.00010805290367, 8.85461195139e-05, 5.18618326169e-05, 3.75442832592e-05, 2.70519776677e-05, 2.20918282139e-05, 1.79171365744e-05, 1.66669160535e-05, 1.29716490846e-05, 6.81011078996e-06, 4.49589788332e-06, 4.71175553685e-06, 4.80882499687e-06, 4.23021492679e-06, 4.32429442299e-06, 5.58101555725e-06, 7.19344279787e-06, 1.17435401989e-05, 1.69810791704e-05, 2.02741666726e-05, 1.62022370205e-05, 1.34620468089e-05, 1.1938798707e-05, 1.21115826914e-05],
        "median": [0.0503194890916, 0.0039509232156, 0.00046583940275, 0.000159873248776, 0.00010183264385, 2.46373965638e-05, 7.49846594772e-06, 2.00153735932e-05, 3.39923572028e-05, 9.47947683017e-06, 1.62316900969e-05, 3.15395409416e-05, 2.34435174207e-05, 1.88175508811e-05, 3.19238424709e-05, 2.89262479782e-05, 1.11523277155e-05, 1.00069491964e-05, 7.41958456274e-06, 5.64169158679e-06, 4.38459755969e-06, 4.79834443468e-06, 5.78994922762e-06, 5.50135791855e-06, 4.65486346002e-06, 2.17471210817e-06, 2.09218796954e-06, 2.31628291658e-06, 2.06920276469e-06, 1.59994419846e-06, 1.24244536437e-06, 1.21474454318e-06, 1.32555885557e-06, 2.53823486673e-06, 4.1351049731e-06, 3.83833230444e-06, 4.25913185609e-06, 5.17967782798e-06, 3.79463176614e-06, 3.1233869322e-06],
        "min": [1.45458377858e-23, 1.42785512007e-23, 3.05158179967e-24, 3.21410154286e-24, 4.58637616623e-24, 8.20252441653e-24, 7.40978310452e-24, 7.77817404751e-24, 5.07980826802e-24, 1.06504205477e-23, 2.22650799794e-23, 9.11983317636e-24, 1.78064018555e-23, 7.61579807422e-24, 1.93491191465e-24, 1.07350314018e-23, 1.57536469406e-23, 1.30374181947e-23, 1.16127409219e-23, 1.10006361355e-23, 7.56177293512e-24, 8.6484603865e-24, 1.44794283194e-23, 5.08822659717e-24, 4.34186991195e-24, 7.83424233634e-24, 1.4794969526e-23, 1.63364005794e-23, 4.96807203725e-24, 9.65130217885e-24, 9.05101137327e-24, 1.27120067605e-23, 1.10463821793e-23, 8.355025429e-24, 7.6541793127e-24, 1.54139271472e-23, 8.51271714624e-24, 9.02157266201e-24, 7.7919033827e-24, 7.35241792835e-24],
        "stdev": [0.0317725986242, 0.00864281039685, 0.00250673759729, 0.000691878143698, 0.000495139800478, 0.000424262223532, 0.000249530479778, 0.000340856757248, 0.000340254075127, 0.000308885471895, 0.000354391348083, 0.000610958784819, 0.000589329516515, 0.000364513660315, 0.000332729076035, 0.000334152078722, 0.000244757218752, 0.000215228414163, 0.000120328193589, 8.20820132503e-05, 5.46337068954e-05, 4.35670335719e-05, 3.93195077777e-05, 2.86183731077e-05, 2.22817652684e-05, 1.59786013683e-05, 8.57899794937e-06, 8.43976249598e-06, 8.86754332896e-06, 8.08016193332e-06, 7.91824004409e-06, 1.02561989479e-05, 1.33346884468e-05, 2.07109296753e-05, 2.79243795376e-05, 3.65881169273e-05, 2.64688642346e-05, 1.80470487976e-05, 2.0259500161e-05, 2.26641623158e-05],
        "var": [0.00100949814077, 7.46981750126e-05, 6.2837330006e-06, 4.78695369566e-07, 2.45163448653e-07, 1.79998423278e-07, 6.2265463896e-08, 1.16183322518e-07, 1.15772834874e-07, 9.54102432615e-08, 1.25593231814e-07, 3.7327063751e-07, 3.47309253357e-07, 1.3287021261e-07, 1.10708633372e-07, 1.11657612933e-07, 5.99060996365e-08, 4.63232687764e-08, 1.44788740997e-08, 6.73745637059e-09, 2.98484192918e-09, 1.89808635476e-09, 1.54602375346e-09, 8.19011303221e-10, 4.96477026157e-10, 2.55315713016e-10, 7.35992031209e-11, 7.12295986083e-11, 7.86333220759e-11, 6.52890103092e-11, 6.2698519987e-11, 1.05189613964e-10, 1.77813916369e-10, 4.28942631414e-10, 7.79770970016e-10, 1.33869038077e-09, 7.00600799597e-10, 3.25695970194e-10, 4.1044734278e-10, 5.13664277779e-10]
    },
    "melbands128": {
