{
"lowlevel": {
    "average_loudness": 0.976330935955,
    "barkbands_crest": {
        "dmean": 3.52789402008,
        "dmean2": 5.37091255188,
        "dvar": 10.7477321625,
        "dvar2": 23.7130146027,
        "max": 25.5914039612,
        "mean": 10.589343071,
        "median": 9.11414813995,
        "min": 2.42348599434,
        "stdev": 5.23780536652,
        "var": 27.4346065521
    },
    "barkbands_flatness_db": {
        "dmean": 0.0360631719232,
        "dmean2": 0.0509968101978,
        "dvar": 0.00112018245272,
        "dvar2": 0.00245645502582,
        "max": 0.361389160156,
        "mean": 0.11953163892,
        "median": 0.110853791237,
        "min": 0.0245917551219,
        "stdev": 0.0507902763784,
        "var": 0.00257965223864
    },
    "barkbands_kurtosis": {
        "dmean": 4.19274997711,
        "dmean2": 5.94166088104,
        "dvar": 83.917175293,
        "dvar2": 168.321777344,
        "max": 161.136779785,
        "mean": 3.99462747574,
        "median": 0.570178747177,
        "min": -1.91822004318,
        "stdev": 11.283741951,
        "var": 127.3228302
    },
    "barkbands_skewness": {
        "dmean": 0.798334062099,
        "dmean2": 1.13975584507,
        "dvar": 0.77271270752,
        "dvar2": 1.64500701427,
        "max": 11.6117773056,
        "mean": 1.47859025002,
        "median": 1.19724500179,
        "min": -2.6892580986,
        "stdev": 1.46156048775,
        "var": 2.13615918159
    },
    "barkbands_spread": {
        "dmean": 12.2332286835,
        "dmean2": 18.4776287079,
        "dvar": 156.935394287,
        "dvar2": 348.682891846,
        "max": 109.277030945,
        "mean": 37.3719978333,
        "median": 35.5799255371,
        "min": 1.53141915798,
        "stdev": 18.7539138794,
        "var": 351.709259033
    },
    "dissonance": {
        "dmean": 0.0211769510061,
        "dmean2": 0.0348803289235,
        "dvar": 0.000705425336491,
        "dvar2": 0.00169049634133,
        "max": 0.499999970198,
        "mean": 0.461564004421,
        "median": 0.467644780874,
        "min": 0,
        "stdev": 0.0305336415768,
        "var": 0.000932303315494
    },
    "dynamic_complexity": 2.00502514839,
    "erbbands_crest": {
        "dmean": 2.83873105049,
        "dmean2": 4.50026845932,
        "dvar": 6.71733140945,
        "dvar2": 15.8191432953,
        "max": 25.2774753571,
        "mean": 8.43715572357,
        "median": 7.52094173431,
        "min": 2.54342007637,
        "stdev": 3.93425822258,
        "var": 15.478386879
    },
    "erbbands_flatness_db": {
        "dmean": 0.0221731103957,
        "dmean2": 0.0316992476583,
        "dvar": 0.000402280886192,
        "dvar2": 0.000799618777819,
        "max": 0.256622463465,
        "mean": 0.12756614387,
        "median": 0.125207811594,
        "min": 0.0538138598204,
        "stdev": 0.0349904447794,
        "var": 0.00122433132492
    },
    "erbbands_kurtosis": {
        "dmean": 1.238265872,
        "dmean2": 1.9799220562,
        "dvar": 4.9727063179,
        "dvar2": 11.7632064819,
        "max": 25.6066150665,
        "mean": 0.175226166844,
        "median": -0.494223594666,
        "min": -1.86268043518,
        "stdev": 2.41576099396,
        "var": 5.83590173721
    },
    "erbbands_skewness": {
        "dmean": 0.538819134235,
        "dmean2": 0.820731163025,
        "dvar": 0.28682076931,
        "dvar2": 0.628226876259,
        "max": 4.17147111893,
        "mean": 0.267302721739,
        "median": 0.235682561994,
        "min": -4.21203517914,
        "stdev": 0.877575695515,
        "var": 0.770139098167
    },
    "erbbands_spread": {
        "dmean": 15.02805233,
        "dmean2": 23.2805347443,
        "dvar": 221.093078613,
        "dvar2": 542.645751953,
        "max": 151.278396606,
        "mean": 56.1387405396,
        "median": 53.5848350525,
        "min": 7.3859629631,
        "stdev": 23.652759552,
        "var": 559.45300293
    },
    "hfc": {
        "dmean": 16.3858299255,
        "dmean2": 23.8966007233,
        "dvar": 338.670196533,
        "dvar2": 659.948364258,
        "max": 189.5184021,
        "mean": 32.4910316467,
        "median": 27.1552429199,
        "min": 1.22536365422e-16,
        "stdev": 25.3956451416,
        "var": 644.938781738
    },
    "loudness_ebu128": {
        "integrated": -6.89536762238,
        "loudness_range": 1.05807447433,
        "momentary": {
            "dmean": 0.50546759367,
            "dmean2": 0.754768610001,
            "dvar": 0.260013401508,
            "dvar2": 0.597259759903,
            "max": -5.08140945435,
            "mean": -7.05557918549,
            "median": -6.8371887207,
            "min": -13.3871049881,
            "stdev": 1.2505877018,
            "var": 1.56396949291
        },
        "short_term": {
            "dmean": 0.0726765915751,
            "dmean2": 0.0980845019221,
            "dvar": 0.00309993256815,
            "dvar2": 0.00636011362076,
            "max": -6.20511388779,
            "mean": -6.92825078964,
            "median": -6.85754489899,
            "min": -8.2831735611,
            "stdev": 0.436305522919,
            "var": 0.190362498164
        }
    },
    "melbands_crest": {
        "dmean": 4.82229566574,
        "dmean2": 7.37346887589,
        "dvar": 17.1657505035,
        "dvar2": 39.7875175476,
        "max": 36.3622436523,
        "mean": 16.994260788,
        "median": 16.0553970337,
        "min": 1.85871481895,
        "stdev": 7.18291807175,
        "var": 51.5943107605
    },
    "melbands_flatness_db": {
        "dmean": 0.0432235300541,
        "dmean2": 0.06021232903,
        "dvar": 0.00159068405628,
        "dvar2": 0.00350827723742,
        "max": 0.472719013691,
        "mean": 0.173812240362,
        "median": 0.163742035627,
        "min": 0.00537537503988,
        "stdev": 0.0703356713057,
        "var": 0.00494710635394
    },
    "melbands_kurtosis": {
        "dmean": 13.3229532242,
        "dmean2": 19.6982517242,
        "dvar": 671.176269531,
        "dvar2": 1273.7578125,
        "max": 498.588562012,
        "mean": 19.527721405,
        "median": 8.91885566711,
        "min": -1.90368008614,
        "stdev": 35.5629005432,
        "var": 1264.7199707
    },
    "melbands_skewness": {
        "dmean": 1.16386282444,
        "dmean2": 1.73865091801,
        "dvar": 1.82047176361,
        "dvar2": 3.91840529442,
        "max": 19.6136493683,
        "mean": 3.11632943153,
        "median": 2.67064642906,
        "min": -0.214645445347,
        "stdev": 2.20592522621,
        "var": 4.86610651016
    },
    "melbands_spread": {
        "dmean": 15.7375984192,
        "dmean2": 24.0084571838,
        "dvar": 485.761413574,
        "dvar2": 1021.75427246,
        "max": 290.847442627,
        "mean": 35.9743995667,
        "median": 29.9561462402,
        "min": 1.03239238262,
        "stdev": 31.1206550598,
        "var": 968.495178223
    },
    "pitch_salience": {
        "dmean": 0.101912043989,
        "dmean2": 0.154809504747,
        "dvar": 0.0100146261975,
        "dvar2": 0.0237006302923,
        "max": 0.963949382305,
        "mean": 0.526499450207,
        "median": 0.540605008602,
        "min": 0.0845621153712,
        "stdev": 0.153946846724,
        "var": 0.0236996319145
    },
    "silence_rate_20dB": {
        "dmean": 0,
        "dmean2": 0,
        "dvar": 0,
        "dvar2": 0,
        "max": 1,
        "mean": 1,
        "median": 1,
        "min": 1,
        "stdev": 0,
        "var": 0
    },
    "silence_rate_30dB": {
        "dmean": 0.00154798757285,
        "dmean2": 0.00309837330133,
        "dvar": 0.00154558010399,
        "dvar2": 0.00463790120557,
        "max": 1,
        "mean": 0.999226629734,
        "median": 1,
        "min": 0,
        "stdev": 0.0277991946787,
        "var": 0.000772795174271
    },
    "silence_rate_60dB": {
        "dmean": 0.0255417954177,
        "dmean2": 0.0511231608689,
        "dvar": 0.0248893611133,
        "dvar2": 0.0624528154731,
        "max": 1,
        "mean": 0.0247486457229,
        "median": 0,
        "min": 0,
        "stdev": 0.155357465148,
        "var": 0.0241359397769
    },
    "spectral_centroid": {
        "dmean": 475.937927246,
        "dmean2": 737.72253418,
        "dvar": 276758.5,
        "dvar2": 585324.5,
        "max": 10338.3378906,
        "mean": 1828.09313965,
        "median": 1795.0904541,
        "min": 367.601470947,
        "stdev": 785.191955566,
        "var": 616526.375
    },
    "spectral_complexity": {
        "dmean": 6.88390111923,
        "dmean2": 10.1595659256,
        "dvar": 59.0561218262,
        "dvar2": 101.609085083,
        "max": 57,
        "mean": 17.6032485962,
        "median": 15,
        "min": 0,
        "stdev": 11.0721960068,
        "var": 122.593521118
    },
    "spectral_decrease": {
        "dmean": 2.59657295665e-09,
        "dmean2": 3.53632634287e-09,
        "dvar": 1.0092120461e-17,
        "dvar2": 1.94185165203e-17,
        "max": 1.12069129203e-28,
        "mean": -6.88332368881e-09,
        "median": -5.52423129463e-09,
        "min": -2.55810057581e-08,
        "stdev": 5.3725197624e-09,
        "var": 2.88639678579e-17
    },
    "spectral_energy": {
        "dmean": 0.0106004988775,
        "dmean2": 0.0144977821037,
        "dvar": 0.000158556402312,
        "dvar2": 0.000300354440697,
        "max": 0.099243581295,
        "mean": 0.0289263278246,
        "median": 0.0237781181931,
        "min": 1.06914217006e-20,
        "stdev": 0.0210999548435,
        "var": 0.000445208075689
    },
    "spectral_energyband_high": {
        "dmean": 0.00146842887625,
        "dmean2": 0.00214810459875,
        "dvar": 3.42950670529e-06,
        "dvar2": 7.14608131602e-06,
        "max": 0.0244311355054,
        "mean": 0.00249863741919,
        "median": 0.00184541393537,
        "min": 7.67820467741e-21,
        "stdev": 0.00250767311081,
        "var": 6.28842417427e-06
    },
    "spectral_energyband_low": {
        "dmean": 0.00641540111974,
        "dmean2": 0.00866797659546,
        "dvar": 0.000119220247143,
        "dvar2": 0.000211431091884,
        "max": 0.093858115375,
        "mean": 0.0131408255547,
        "median": 0.00655545480549,
        "min": 1.08729203438e-22,
        "stdev": 0.0181635264307,
        "var": 0.000329913716996
    },
    "spectral_energyband_middle_high": {
        "dmean": 0.00261750607751,
        "dmean2": 0.00405565602705,
        "dvar": 1.37130591611e-05,
        "dvar2": 2.77807648672e-05,
        "max": 0.0311486106366,
        "mean": 0.00503462832421,
        "median": 0.00291583198123,
        "min": 1.57971968588e-21,
        "stdev": 0.00565069774166,
        "var": 3.19303871947e-05
    },
    "spectral_energyband_middle_low": {
        "dmean": 0.00533229205757,
        "dmean2": 0.00876361876726,
        "dvar": 7.94267325546e-05,
        "dvar2": 0.000210558442632,
        "max": 0.0695698037744,
        "mean": 0.00854374561459,
        "median": 0.00592581927776,
        "min": 2.39995393009e-22,
        "stdev": 0.00900563038886,
        "var": 8.1101374235e-05
    },
    "spectral_entropy": {
        "dmean": 0.246141821146,
        "dmean2": 0.351774245501,
        "dvar": 0.0509690158069,
        "dvar2": 0.0987971872091,
        "max": 9.8210067749,
        "mean": 7.96532487869,
        "median": 8.02717208862,
        "min": 6.49967432022,
        "stdev": 0.367279082537,
        "var": 0.134893923998
    },
    "spectral_flux": {
        "dmean": 0.0342711098492,
        "dmean2": 0.0477741956711,
        "dvar": 0.00109883258119,
        "dvar2": 0.00182360946201,
        "max": 0.32161796093,
        "mean": 0.102041505277,
        "median": 0.0868296250701,
        "min": 1.03399330764e-10,
        "stdev": 0.0549393706024,
        "var": 0.00301833450794
    },
    "spectral_kurtosis": {
        "dmean": 0.764611959457,
        "dmean2": 1.16441297531,
        "dvar": 0.571521401405,
        "dvar2": 1.32446181774,
        "max": 9.67301940918,
        "mean": 1.80647337437,
        "median": 1.84889411926,
        "min": -1.3776974678,
        "stdev": 1.29275465012,
        "var": 1.67121446133
    },
    "spectral_rms": {
        "dmean": 0.000946550571825,
        "dmean2": 0.00125955441035,
        "dvar": 9.78153366304e-07,
        "dvar2": 1.71822773609e-06,
        "max": 0.009839868173,
        "mean": 0.00495166191831,
        "median": 0.00481644738466,
        "min": 3.22965243958e-12,
        "stdev": 0.00192402105313,
        "var": 3.70185716747e-06
    },
    "spectral_rolloff": {
        "dmean": 1464.00854492,
        "dmean2": 2393.67163086,
        "dvar": 4095606.5,
        "dvar2": 8336874,
        "max": 19056.8847656,
        "mean": 2819.28466797,
        "median": 1873.38867188,
        "min": 64.599609375,
        "stdev": 2790.46679688,
        "var": 7786705
    },
    "spectral_skewness": {
        "dmean": 0.218155562878,
        "dmean2": 0.323460847139,
        "dvar": 0.0430912934244,
        "dvar2": 0.0944119766355,
        "max": 2.5758459568,
        "mean": 1.19741630554,
        "median": 1.22682034969,
        "min": -0.262984067202,
        "stdev": 0.35662445426,
        "var": 0.127181008458
    },
    "spectral_spread": {
        "dmean": 1113453.5,
        "dmean2": 1594392.625,
        "dvar": 1.40955798733e+12,
        "dvar2": 2.18466602189e+12,
        "max": 40436644,
        "mean": 7480261.5,
        "median": 7105010.5,
        "min": 3710246,
        "stdev": 2113659.75,
        "var": 4.46755766272e+12
    },
    "spectral_strongpeak": {
        "dmean": 0.552835047245,
        "dmean2": 0.950152754784,
        "dvar": 1.01426708698,
        "dvar2": 2.61204791069,
        "max": 10.3664207458,
        "mean": 0.814557552338,
        "median": 0.456792324781,
        "min": 0,
        "stdev": 1.12403762341,
        "var": 1.26346051693
    },
    "zerocrossingrate": {
        "dmean": 0.026619264856,
        "dmean2": 0.0301455985755,
        "dvar": 0.000766852055676,
        "dvar2": 0.00091246078955,
        "max": 0.515625,
        "mean": 0.10642567277,
        "median": 0.09716796875,
        "min": 0.0087890625,
        "stdev": 0.0590509399772,
        "var": 0.00348701351322
    },
    "barkbands": {
        "dmean": [0.000683862192091, 0.0058457236737, 0.00202572485432, 0.000969086715486, 0.0012190004345, 0.00325002754107, 0.000571346841753, 0.000421441509388, 0.000785425829235, 0.00048281394993, 0.000573265249841, 0.000359543570084, 0.00032040203223, 0.000340608647093, 0.000556112790946, 0.000323366868543, 0.000387335167034, 0.000208897370612, 0.000278049061308, 0.000235913612414, 0.000283873523585, 0.000251585355727, 0.000285660877125, 0.000287769769784, 0.000231575686485, 0.000262268731603, 1.89090042113e-05],
        "dmean2": [0.000988467247225, 0.0078146988526, 0.0036906406749, 0.00175589835271, 0.00201425072737, 0.00577080994844, 0.000939423567615, 0.000683424936142, 0.00116547103971, 0.000741103838664, 0.000886537600309, 0.00054906134028, 0.000557316932827, 0.00054595049005, 0.000888783950359, 0.000522434711456, 0.000677837117109, 0.000343198626069, 0.000435295718489, 0.00035824519, 0.000437634764239, 0.000385929859476, 0.000426974613219, 0.000434622168541, 0.000350220943801, 0.000421712320531, 3.1004241464e-05],
        "dvar": [1.04202433704e-06, 0.000109562024591, 3.58272773155e-05, 5.61754632145e-06, 3.58334136763e-06, 7.13440022082e-05, 8.22071115181e-07, 4.56066857168e-07, 1.85407327535e-06, 1.02135879843e-06, 1.30046555569e-06, 6.61742149077e-07, 2.24834224127e-07, 5.32238459527e-07, 1.43152101373e-06, 2.81841579408e-07, 1.17564582069e-06, 1.07033400809e-07, 1.68521225419e-07, 1.78044061272e-07, 1.31251113089e-07, 3.80679324508e-07, 2.2466102223e-07, 2.23626102525e-07, 1.12913696171e-07, 6.91232031613e-08, 4.61056665069e-10],
        "dvar2": [2.43135150413e-06, 0.000196380569832, 0.000100646226201, 1.60330091603e-05, 9.49282457441e-06, 0.000198427238502, 2.16923012886e-06, 1.16638750569e-06, 3.55697761734e-06, 2.1672396997e-06, 2.8579370337e-06, 1.16908040582e-06, 5.69038320464e-07, 1.09917880309e-06, 3.01653949464e-06, 6.48786169677e-07, 3.32063927999e-06, 2.55885851175e-07, 3.82978953439e-07, 4.06675468412e-07, 2.72349041097e-07, 9.53677613325e-07, 4.60987507722e-07, 5.08835114488e-07, 2.54069419725e-07, 1.58755256052e-07, 1.10720543844e-09],
        "max": [0.00989720504731, 0.0896442532539, 0.0445350185037, 0.0181445479393, 0.0193910114467, 0.0631890073419, 0.0144017636776, 0.00950172077864, 0.0295856557786, 0.018941257149, 0.0186574440449, 0.0175824146718, 0.00447216304019, 0.0116854505613, 0.0193656850606, 0.00644910195842, 0.00994218699634, 0.00400181859732, 0.00505830673501, 0.00532949203625, 0.00655901432037, 0.0116698266938, 0.00798640400171, 0.00639078998938, 0.00672702444717, 0.00140887603629, 0.00014915180509],
        "mean": [0.00123110064305, 0.0102442856878, 0.00144381576683, 0.000673746981192, 0.00176731543615, 0.00295238103718, 0.000930241600145, 0.000678060692735, 0.00142115226481, 0.000686972867697, 0.000784239906352, 0.000546867668163, 0.000309500726871, 0.000457789894426, 0.000711380969733, 0.000455580418929, 0.000365763466107, 0.000255340593867, 0.000373383954866, 0.000297395454254, 0.000444203789812, 0.000345012696926, 0.000453966582427, 0.000448134407634, 0.000379376870114, 0.000253629201325, 1.56633614097e-05],
        "median": [0.000722103693988, 0.00393719645217, 0.000228844204685, 8.52716766531e-05, 0.000609517504927, 0.000817628577352, 0.000476439861814, 0.000386732601328, 0.000549318676349, 0.000157214846695, 0.000168043479789, 8.16591928015e-05, 8.53129458847e-05, 9.48107917793e-05, 0.000164949466125, 0.000156024674652, 9.84712751233e-05, 0.000106876497739, 0.000190249047591, 0.000122302531963, 0.000321069528582, 0.000189524100279, 0.00023032198078, 0.000293084827717, 0.000262960616965, 0.000117733703519, 5.77805894864e-06],
        "min": [2.2058553039e-23, 4.97405515279e-23, 2.66181485608e-23, 2.12357174723e-23, 5.30483778321e-23, 4.32564935402e-23, 6.50265680347e-23, 1.22489769635e-23, 3.54318516411e-23, 8.15435167872e-23, 9.87829611546e-23, 1.39738845994e-22, 9.86526097787e-23, 4.562267867e-23, 1.63892252299e-22, 1.58215659712e-22, 2.38155491699e-22, 1.05413217156e-22, 1.70468323023e-22, 5.14154799345e-22, 2.92695390933e-22, 4.13454167817e-22, 5.03970289514e-22, 7.67655718243e-22, 1.36122142149e-21, 1.66059153494e-21, 2.69712497701e-21],
        "stdev": [0.00142484914977, 0.0159617383033, 0.00467395642772, 0.00183572736569, 0.00242389109917, 0.00695012882352, 0.00135678867809, 0.000939987367019, 0.00273446203209, 0.00156980811153, 0.00163195107598, 0.00154754822142, 0.000489165133331, 0.00108110206202, 0.00152141123544, 0.000800075242296, 0.000923333165701, 0.000389544351492, 0.000543595058843, 0.000481988710817, 0.000480045331642, 0.00062300398713, 0.000686917512212, 0.000585112371482, 0.000456887122709, 0.000286776165012, 2.15389827645e-05],
        "var": [2.03019499168e-06, 0.000254777085502, 2.18458699237e-05, 3.36989501193e-06, 5.87524755247e-06, 4.83042931592e-05, 1.84087537036e-06, 8.83576262822e-07, 7.47728290662e-06, 2.46429749495e-06, 2.66326446763e-06, 2.39490555032e-06, 2.39282513803e-07, 1.16878163681e-06, 2.31469198297e-06, 6.40120390472e-07, 8.52544133068e-07, 1.51744799837e-07, 2.9549556757e-07, 2.32313126958e-07, 2.3044351849e-07, 3.88133940987e-07, 4.71855685191e-07, 3.4235645785e-07, 2.08745845498e-07, 8.22405681333e-08, 4.63927757322e-10]
    },
    "erbbands": {
        "dmean": [0.24754910171, 1.28173470497, 2.3541033268, 2.81009078026, 4.46668434143, 3.58420705795, 10.1612091064, 34.0602226257, 9.84287834167, 9.15800666809, 11.5906944275, 16.6412200928, 14.2803459167, 18.8938121796, 18.5314731598, 12.7271289825, 14.327755928, 14.9543876648, 25.929019928, 21.3049144745, 20.4812526703, 21.1614971161, 11.811331749, 13.4322109222, 13.9431533813, 9.70413017273, 11.3283529282, 11.4687318802, 8.69507598877, 8.28795814514, 8.87933731079, 6.01928949356, 5.21966028214, 2.8183221817, 1.57558631897, 1.28381562233, 0.456332027912, 0.0815277844667, 0.00212517124601, 6.56215634081e-05],
        "dmean2": [0.323827147484, 1.75613486767, 3.92173576355, 5.16384649277, 7.59794998169, 6.0116481781, 17.7206344604, 61.0260925293, 16.9110603333, 14.7026968002, 17.6952133179, 24.7338047028, 22.0198097229, 28.8805007935, 29.1768531799, 19.1364212036, 24.8310203552, 24.06823349, 40.607170105, 33.4315910339, 33.8457336426, 36.6351242065, 20.1604652405, 20.7928676605, 22.083694458, 14.4930028915, 17.3021240234, 17.8513507843, 13.5838890076, 12.755821228, 13.5535011292, 8.95349025726, 8.11210441589, 4.26157855988, 2.45254731178, 2.09675145149, 0.729211866856, 0.130518004298, 0.00342390802689, 0.000101074794657],
        "dvar": [0.151645854115, 6.71942138672, 39.1104393005, 60.760345459, 72.8594741821, 38.1645469666, 412.829345703, 8624.25976562, 326.578155518, 214.933731079, 401.526763916, 1083.24768066, 923.96081543, 925.230163574, 1598.34899902, 609.820983887, 452.405334473, 960.979797363, 2886.14331055, 1710.68823242, 1367.14916992, 3271.91723633, 424.792999268, 371.630187988, 611.23046875, 261.597076416, 263.515075684, 226.120254517, 428.112091064, 500.11895752, 204.241729736, 97.2370376587, 76.8455734253, 25.3652534485, 4.52123975754, 1.75031864643, 0.208931848407, 0.00679689506069, 4.96833763464e-06, 3.82810982913e-09],
        "dvar2": [0.264810979366, 12.8022060394, 102.742919922, 173.868850708, 186.201599121, 103.828994751, 1137.68945312, 23856.7167969, 902.643493652, 581.901794434, 917.01348877, 2155.04956055, 2117.0246582, 1623.90490723, 3642.58764648, 1085.94055176, 1146.1027832, 1949.42675781, 6161.78662109, 3432.68554688, 3503.38427734, 9201.50878906, 1093.40637207, 868.592590332, 1448.13269043, 558.995666504, 561.557617188, 511.276031494, 1125.94116211, 1132.46582031, 451.175598145, 219.650543213, 178.310394287, 57.3272590637, 10.8973112106, 4.00424003601, 0.492577582598, 0.0158712361008, 1.1610061847e-05, 9.00011976057e-09],
        "max": [3.62272715569, 22.0067710876, 46.8095970154, 62.5368995667, 57.7585792542, 82.0971603394, 194.30909729, 667.512634277, 135.865463257, 223.445007324, 282.472869873, 844.724853516, 687.172973633, 443.457794189, 736.986633301, 692.431152344, 192.295532227, 582.522033691, 456.049835205, 625.148498535, 407.73727417, 517.243652344, 139.951156616, 271.817504883, 327.876190186, 167.603973389, 270.25479126, 223.246383667, 446.143371582, 557.431091309, 251.249252319, 154.75328064, 117.043930054, 123.988945007, 32.4848632812, 10.0739469528, 2.65422725677, 0.380348026752, 0.0145837645978, 0.000398206757382],
        "mean": [0.41299533844, 1.81065881252, 2.02999711037, 1.97519910336, 4.14200353622, 6.18974733353, 13.3755455017, 28.0769824982, 13.0355606079, 14.6430521011, 21.2950077057, 30.2461051941, 22.7363967896, 30.7043571472, 23.9569587708, 19.0620384216, 15.9847812653, 19.1110343933, 34.0118293762, 30.2193756104, 27.0897502899, 21.5391311646, 13.2421531677, 18.8030261993, 17.5952205658, 13.2562789917, 17.1675224304, 17.2003364563, 12.1595773697, 11.0809860229, 14.2730512619, 9.75421237946, 7.59346389771, 4.76495075226, 2.34286379814, 1.30075109005, 0.429190814495, 0.0716987848282, 0.0018731309101, 9.14805932553e-05],
        "median": [0.199351847172, 0.491026192904, 0.45208260417, 0.318691492081, 0.699749290943, 2.02302193642, 5.37546825409, 6.56421375275, 6.7933678627, 7.72359228134, 11.1660413742, 11.2943191528, 7.12574386597, 10.4926967621, 5.92209863663, 3.83496832848, 4.80296611786, 5.36939477921, 8.15616703033, 9.93975448608, 9.55486679077, 6.48080348969, 5.39693403244, 10.3364696503, 7.7391076088, 5.80086660385, 10.8595685959, 11.2802848816, 6.98103904724, 5.16220760345, 7.1247882843, 6.45683336258, 4.85873603821, 3.10440635681, 1.59669589996, 0.621501266956, 0.198707565665, 0.0290523506701, 0.000761828618124, 6.84194237692e-05],
        "min": [1.56350040275e-21, 9.81405045031e-21, 3.47486070689e-20, 6.36285421752e-20, 8.16791934918e-20, 2.58086115531e-19, 2.21308579823e-19, 3.65208150357e-19, 7.37929427121e-19, 6.67917635556e-19, 5.28509009514e-19, 7.22768395565e-19, 1.1255060922e-18, 4.66741623717e-18, 3.01623448754e-18, 6.35948118177e-18, 4.7988126367e-18, 2.76334800349e-18, 4.57194222369e-18, 1.21417234721e-17, 7.25555932191e-18, 1.24390047396e-17, 6.88977840068e-18, 8.12945992264e-18, 1.39206374179e-17, 2.18591658572e-17, 1.34117525963e-17, 1.28200752673e-17, 1.36573706443e-17, 1.62114181714e-17, 1.30611537481e-17, 1.57594003626e-17, 1.31805498249e-17, 1.44105053572e-17, 9.98987514705e-18, 5.66488273216e-18, 3.44488403046e-18, 1.47246131327e-18, 3.7594231807e-19, 3.63137491101e-20],
        "stdev": [0.598576962948, 3.40949869156, 5.48023033142, 5.96547412872, 8.05180358887, 9.67880916595, 20.9916286469, 75.3732376099, 18.4916057587, 20.3265018463, 31.2604904175, 70.2230606079, 44.6571655273, 53.9002037048, 54.2803840637, 47.6781005859, 24.3211574554, 43.1925735474, 67.1233596802, 55.4049453735, 47.8387794495, 49.7912330627, 21.1826705933, 25.3151988983, 30.5080547333, 19.9188041687, 21.085111618, 18.9795646667, 20.356836319, 24.0171203613, 21.0969543457, 12.5501861572, 10.4500894547, 6.58150625229, 2.68556952477, 1.46123933792, 0.496364355087, 0.0868856459856, 0.0023225992918, 7.19885283615e-05],
        "var": [0.35829436779, 11.6246805191, 30.0329265594, 35.5868835449, 64.8315353394, 93.6793518066, 440.648498535, 5681.125, 341.93951416, 413.166656494, 977.218261719, 4931.27832031, 1994.2623291, 2905.23193359, 2946.36010742, 2273.20141602, 591.518737793, 1865.5982666, 4505.54492188, 3069.70776367, 2288.54882812, 2479.16674805, 448.705535889, 640.859313965, 930.741394043, 396.758789062, 444.581970215, 360.223846436, 414.400817871, 576.82208252, 445.081481934, 157.507171631, 109.204360962, 43.3162269592, 7.2122836113, 2.13522028923, 0.246377572417, 0.00754911545664, 5.39446773473e-06, 5.18234788416e-09]
    },
    "gfcc": {
        "mean": [26.0387878418, 30.6528148651, -97.5542068481, 24.1479282379, -74.7246780396, 15.4791908264, -45.0810012817, 18.4338665009, -22.0177707672, 14.9539499283, -17.7065010071, 8.17606067657, -5.72530508041],
        "cov": [[4730.09960938, 182.392929077, -161.333786011, 293.341949463, 613.602233887, 480.622039795, 318.317657471, 100.882041931, -127.02910614, 100.103530884, 33.3697395325, 118.362251282, 62.8153648376], [182.392929077, 1281.05688477, 442.772827148, 484.57434082, 475.375335693, 337.862823486, 389.547363281, 267.706451416, 142.239120483, 130.197219849, 205.8228302, -53.4469985962, 165.355804443], [-161.333786011, 442.772827148, 1282.77844238, 552.916015625, 213.749343872, 325.178436279, 281.548614502, 248.942123413, 262.45489502, 149.025344849, 185.130249023, 124.036750793, -45.346622467], [293.341949463, 484.57434082, 552.916015625, 752.042785645, 322.057159424, 236.233703613, 210.954360962, 216.864654541, 185.0912323, 70.1887512207, 125.986625671, 8.98557186127, 33.3841094971], [613.602233887, 475.375335693, 213.749343872, 322.057159424, 585.665222168, 334.526977539, 301.851867676, 164.2240448, 78.9108581543, 119.915550232, 120.220817566, 42.6593818665, 67.2075424194], [480.622039795, 337.862823486, 325.178436279, 236.233703613, 334.526977539, 571.160644531, 370.569213867, 152.206115723, 116.76423645, 130.125961304, 157.422821045, 19.1364212036, 61.2394256592], [318.317657471, 389.547363281, 281.548614502, 210.954360962, 301.851867676, 370.569213867, 446.805969238, 257.606719971, 126.174293518, 145.418777466, 148.665054321, 42.5996932983, 95.7696151733], [100.882041931, 267.706451416, 248.942123413, 216.864654541, 164.2240448, 152.206115723, 257.606719971, 338.16027832, 193.608535767, 93.9365158081, 109.763534546, 73.5886688232, 112.415473938], [-127.02910614, 142.239120483, 262.45489502, 185.0912323, 78.9108581543, 116.76423645, 126.174293518, 193.608535767, 234.727432251, 81.8170776367, 77.8185195923, 73.0734863281, 49.6147689819], [100.103530884, 130.197219849, 149.025344849, 70.1887512207, 119.915550232, 130.125961304, 145.418777466, 93.9365158081, 81.8170776367, 169.391616821, 129.113128662, 47.8483047485, 45.4478607178], [33.3697395325, 205.8228302, 185.130249023, 125.986625671, 120.220817566, 157.422821045, 148.665054321, 109.763534546, 77.8185195923, 129.113128662, 200.099578857, 72.9923477173, 71.7484207153], [118.362251282, -53.4469985962, 124.036750793, 8.98557186127, 42.6593818665, 19.1364212036, 42.5996932983, 73.5886688232, 73.0734863281, 47.8483047485, 72.9923477173, 174.719070435, 67.401550293], [62.8153648376, 165.355804443, -45.346622467, 33.3841094971, 67.2075424194, 61.2394256592, 95.7696151733, 112.415473938, 49.6147689819, 45.4478607178, 71.7484207153, 67.401550293, 172.244308472]],
        "icov": [[0.000345816835761, -0.000103806807601, 0.000290332944132, -0.000325983157381, -1.58025577548e-05, -0.000555277685635, 0.000270063814241, -0.000506764103193, 0.000901074381545, -0.00060599076096, 0.000725720601622, -0.000935152405873, 0.00046130802366], [-0.000103806807601, 0.00229875207879, -0.000966659805272, 0.000163038726896, -0.00155500881374, 0.00127890892327, -0.00118264765479, 0.00098594406154, -0.00115135358647, 0.00163606996648, -0.00218083686195, 0.00362736661918, -0.00289997528307], [0.000290332944132, -0.000966659805272, 0.00238976650871, -0.00144091330003, 0.00119989784434, -0.00143822678365, 0.000317636091495, -0.00109521555714, 0.000788829522207, -0.0015278464416, 0.00118605804164, -0.00358352251351, 0.00339603144675], [-0.000325983157381, 0.000163038726896, -0.00144091330003, 0.0034628752619, -0.00165327568538, 0.000944818079006, 0.000186937148101, 0.000197886183742, -0.00234479620121, 0.00240604765713, -0.00226731528528, 0.00302248750813, -0.00120980106294], [-1.58025577548e-05, -0.00155500881374, 0.00119989784434, -0.00165327568538, 0.00481754401699, -0.00208976212889, -0.000222996648517, -0.00101416243706, 0.00205775303766, -0.00263398699462, 0.00243465509266, -0.00375774828717, 0.0023426071275], [-0.000555277685635, 0.00127890892327, -0.00143822678365, 0.000944818079006, -0.00208976212889, 0.00691506452858, -0.00550735881552, 0.00459679588675, -0.00440533086658, 0.00337671418674, -0.00425687571988, 0.0046968315728, -0.00285490066744], [0.000270063814241, -0.00118264765479, 0.000317636091495, 0.000186937148101, -0.000222996648517, -0.00550735881552, 0.0111062899232, -0.00756678404287, 0.00445564696565, -0.0043897186406, 0.00236689229496, -0.00187827635091, 0.00151647930034], [-0.000506764103193, 0.00098594406154, -0.00109521555714, 0.000197886183742, -0.00101416243706, 0.00459679588675, -0.00756678404287, 0.0131776826456, -0.00882202852517, 0.00383881432936, -0.00305673247203, 0.00338993966579, -0.00524520780891], [0.000901074381545, -0.00115135358647, 0.000788829522207, -0.00234479620121, 0.00205775303766, -0.00440533086658, 0.00445564696565, -0.00882202852517, 0.0146714402363, -0.00647043716162, 0.00521596614271, -0.00664391787723, 0.00339083583094], [-0.00060599076096, 0.00163606996648, -0.0015278464416, 0.00240604765713, -0.00263398699462, 0.00337671418674, -0.0043897186406, 0.00383881432936, -0.00647043716162, 0.0170287806541, -0.0110817858949, 0.005243381951, -0.00252073979937], [0.000725720601622, -0.00218083686195, 0.00118605804164, -0.00226731528528, 0.00243465509266, -0.00425687571988, 0.00236689229496, -0.00305673247203, 0.00521596614271, -0.0110817858949, 0.0168005321175, -0.00799835007638, 0.00137628277298], [-0.000935152405873, 0.00362736661918, -0.00358352251351, 0.00302248750813, -0.00375774828717, 0.0046968315728, -0.00187827635091, 0.00338993966579, -0.00664391787723, 0.005243381951, -0.00799835007638, 0.0174476001412, -0.00900778826326], [0.00046130802366, -0.00289997528307, 0.00339603144675, -0.00120980106294, 0.0023426071275, -0.00285490066744, 0.00151647930034, -0.00524520780891, 0.00339083583094, -0.00252073979937, 0.00137628277298, -0.00900778826326, 0.0148710757494]]
    },
    "melbands": {
        "dmean": [0.00180013873614, 0.00117289449554, 0.000538233376574, 0.000284026697045, 0.000314289180096, 0.000696307397448, 0.000143594676047, 9.64729188127e-05, 0.00010867054516, 0.000107421627035, 7.3134804552e-05, 7.69945472712e-05, 6.69413711876e-05, 4.49554754596e-05, 3.08678463625e-05, 3.54426992999e-05, 2.71983444691e-05, 4.08627274737e-05, 4.35491710959e-05, 2.23865590669e-05, 2.42716469074e-05, 2.5245552024e-05, 1.31533688545e-05, 9.32593502512e-06, 1.13194137157e-05, 1.19662272482e-05, 9.12433552003e-06, 6.16452507529e-06, 7.25314794181e-06, 7.64474225434e-06, 6.51619438941e-06, 5.115258773e-06, 4.8857668844e-06, 4.64985760118e-06, 5.52715027879e-06, 4.30865020462e-06, 3.59765476787e-06, 4.06930348618e-06, 2.96549228551e-06, 2.27989016821e-06],
        "dmean2": [0.00238570594229, 0.00166521139909, 0.000960963254329, 0.000480558694107, 0.000544428359717, 0.00124462274835, 0.000244260678301, 0.000154316410772, 0.000164153345395, 0.000159650342539, 0.000113013418741, 0.000117137518828, 0.000105127161078, 6.825690798e-05, 4.8585668992e-05, 6.12962176092e-05, 4.29897045251e-05, 6.38669080217e-05, 6.86254061293e-05, 3.59168152499e-05, 4.08749110647e-05, 4.34725770901e-05, 2.30805089814e-05, 1.53815362864e-05, 1.77943693416e-05, 1.88837166206e-05, 1.44532432387e-05, 9.35868956731e-06, 1.11884019134e-05, 1.21640523503e-05, 1.02278854683e-05, 8.15895600681e-06, 7.54896836952e-06, 7.31577347324e-06, 8.50369178806e-06, 6.42875011181e-06, 5.50157756152e-06, 6.40755251879e-06, 4.62900561615e-06, 3.48378080162e-06],
        "dvar": [8.79594881553e-06, 6.94072559781e-06, 1.62803723924e-06, 2.35206414345e-07, 3.54119293888e-07, 3.50351774614e-06, 6.17467250663e-08, 2.17906634958e-08, 4.10533900208e-08, 4.51451143135e-08, 2.50228158194e-08, 1.50481120897e-08, 1.82338553145e-08, 1.292662688e-08, 3.1045108706e-09, 3.32802407854e-09, 3.55615004111e-09, 7.78233566479e-09, 9.74654401631e-09, 1.49970325047e-09, 2.27372543016e-09, 4.94242025084e-09, 7.54588225238e-10, 2.25171895019e-10, 2.69269079256e-10, 3.74498515532e-10, 3.54094781274e-10, 1.02816477554e-10, 1.17278645129e-10, 1.13398145041e-10, 8.30726459844e-11, 1.53572876638e-10, 1.99445807092e-10, 1.5152719357e-10, 8.30986876532e-11, 4.61929661189e-11, 3.90795833194e-11, 4.60854965301e-11, 2.81803122504e-11, 1.63286866667e-11],
        "dvar2": [1.46367956404e-05, 1.51328868014e-05, 4.58021349914e-06, 6.33419801943e-07, 9.75457282948e-07, 9.70691507973e-06, 1.71487656075e-07, 5.8227122679e-08, 8.93102480859e-08, 8.77137935618e-08, 5.6699853701e-08, 2.64414072859e-08, 4.1850313437e-08, 2.1974940978e-08, 5.61853363834e-09, 7.69865327044e-09, 7.15982473309e-09, 1.61614970295e-08, 2.18779447891e-08, 2.96617219675e-09, 6.03753802508e-09, 1.38327704846e-08, 2.08968287119e-09, 5.54360946037e-10, 6.24415463779e-10, 8.66507698927e-10, 8.70477911974e-10, 2.19619392117e-10, 2.61612759234e-10, 2.40280684238e-10, 1.9526860684e-10, 4.20029538928e-10, 5.04380204269e-10, 3.3165326041e-10, 1.94452925983e-10, 9.70769159503e-11, 9.13456255081e-11, 1.08269573862e-10, 6.62424212705e-11, 3.59962962215e-11],
        "max": [0.0275839790702, 0.0227771960199, 0.00999681744725, 0.00447225524113, 0.00573317427188, 0.0136533090845, 0.00198615947738, 0.00197443319485, 0.00295214843936, 0.00576394982636, 0.00349152483977, 0.00190024159383, 0.00239386223257, 0.00256497808732, 0.00128576706629, 0.000737213355023, 0.000987665727735, 0.00106187176425, 0.00207361904904, 0.00063790671993, 0.000419909105403, 0.00063715869328, 0.000221463735215, 0.000127622493892, 0.00023792104912, 0.000244350929279, 0.000298366532661, 0.000100071192719, 0.000147545913933, 0.000229064695304, 0.000149482424604, 0.000291391363135, 0.000228699791478, 0.00032370586996, 0.000161064526765, 0.00011510434706, 0.000106015046185, 8.93032483873e-05, 9.25300337258e-05, 0.000104097438452],
        "mean": [0.00326968822628, 0.00145390769467, 0.000406124803703, 0.000371200178051, 0.000432400032878, 0.000595322926529, 0.000197844856302, 0.000153748609591, 0.000194645079318, 0.000191504266695, 0.000111695691885, 0.000124039885122, 8.66281916387e-05, 6.04380329605e-05, 4.35937545262e-05, 3.40856895491e-05, 3.52407405444e-05, 5.24157221662e-05, 5.51945122425e-05, 3.26136214426e-05, 2.90249645332e-05, 2.46720119321e-05, 1.26651239043e-05, 1.11230574475e-05, 1.55790548888e-05, 1.51652893692e-05, 1.0106056834e-05, 8.2967144408e-06, 1.04083183032e-05, 1.10896744445e-05, 9.37572076509e-06, 7.08685047357e-06, 6.05911964158e-06, 5.94800621911e-06, 8.55119105836e-06, 6.97411724104e-06, 5.55377664568e-06, 5.54523376195e-06, 4.5770611905e-06, 3.81903510061e-06],
        "median": [0.00151261768769, 0.000392958550947, 7.32147018425e-05, 0.000100418401416, 0.000208271347219, 0.000154175737407, 0.000101708901639, 8.55827165651e-05, 8.76814301591e-05, 6.36239201413e-05, 2.48882024607e-05, 3.93476584577e-05, 2.20342444663e-05, 8.14607392385e-06, 8.32779733173e-06, 8.32773639559e-06, 7.88396209828e-06, 9.85267161013e-06, 1.31502183649e-05, 1.15354569061e-05, 8.77595721249e-06, 6.45062709737e-06, 3.90533159589e-06, 4.88636442242e-06, 8.0981044448e-06, 7.09842879587e-06, 3.2715515772e-06, 3.43194301422e-06, 5.77771015742e-06, 7.53188396629e-06, 5.72919680053e-06, 3.95462075176e-06, 2.44882426159e-06, 2.71916769634e-06, 3.97452049583e-06, 4.11550718127e-06, 3.53211612492e-06, 3.39386315318e-06, 2.8976332942e-06, 2.4653361379e-06],
        "min": [1.38492089199e-23, 1.74779327963e-23, 9.95400625198e-24, 1.32115868497e-23, 7.93047468931e-24, 7.76089799368e-24, 1.30945246245e-23, 6.18877433465e-24, 4.96694120514e-24, 4.44388027662e-24, 5.36364515488e-24, 1.85273087046e-23, 1.17465262094e-23, 1.18502953395e-23, 1.63042182099e-23, 9.69700325767e-24, 4.3591152002e-24, 5.30157126797e-24, 1.64052555146e-23, 1.34512143937e-23, 8.19185743937e-24, 1.30231453344e-23, 8.92679891286e-24, 5.66921989285e-24, 6.46904675352e-24, 7.27559313137e-24, 1.61311752594e-23, 1.41968094337e-23, 8.51770353602e-24, 8.07150645309e-24, 7.27356496998e-24, 7.60220126766e-24, 7.57571210732e-24, 1.00513288107e-23, 7.1757328071e-24, 8.45586157421e-24, 1.01562741324e-23, 7.29095777522e-24, 1.34083934461e-23, 1.13649628671e-23],
        "stdev": [0.00474286219105, 0.00300512206741, 0.00101157859899, 0.000567894952837, 0.000627656816505, 0.00152206246275, 0.000276608770946, 0.000204483469133, 0.000319314392982, 0.000471241248306, 0.000235296829487, 0.000217302134843, 0.000177567620995, 0.000194231659407, 0.000114810631203, 6.36393233435e-05, 8.47654009704e-05, 0.000113501460874, 0.000128225787194, 5.76072488911e-05, 5.46439478057e-05, 6.08607042523e-05, 2.54225415119e-05, 1.65489964274e-05, 2.16027365241e-05, 2.49813474511e-05, 2.03275576496e-05, 1.25444248624e-05, 1.38572195283e-05, 1.32842988023e-05, 1.09707043521e-05, 1.18118723549e-05, 1.36788657983e-05, 1.35389582283e-05, 1.3152257452e-05, 9.62681133387e-06, 7.50405160943e-06, 8.01400346973e-06, 6.4741393544e-06, 5.38491804036e-06],
        "var": [2.24947398237e-05, 9.03075851966e-06, 1.02329136098e-06, 3.22504661199e-07, 3.93953087041e-07, 2.3166739993e-06, 7.65124070767e-08, 4.18134895597e-08, 1.01961681764e-07, 2.22068308631e-07, 5.53645946866e-08, 4.72202152935e-08, 3.15302592924e-08, 3.77259361528e-08, 1.31814807958e-08, 4.04996391978e-09, 7.18517334519e-09, 1.28825821122e-08, 1.64418541004e-08, 3.31859495439e-09, 2.98596103399e-09, 3.70402553074e-09, 6.46305620133e-10, 2.73869288359e-10, 4.66678251598e-10, 6.24067741928e-10, 4.13209633177e-10, 1.57362595177e-10, 1.9202253676e-10, 1.76472586544e-10, 1.20356363764e-10, 1.39520325848e-10, 1.87111368066e-10, 1.83303400236e-10, 1.72981878821e-10, 9.26754922803e-11, 5.63107928342e-11, 6.42242578563e-11, 4.19144788322e-11, 2.89973427214e-11]
    },
    "melbands128": {
