{
"lowlevel": {
    "average_loudness": 0.964743077755,
    "barkbands_crest": {
        "dmean": 2.44875979424,
        "dmean2": 3.73444151878,
        "dvar": 6.08141183853,
        "dvar2": 14.1495571136,
        "max": 26.4159812927,
        "mean": 14.3833303452,
        "median": 13.7260093689,
        "min": 2.48770952225,
        "stdev": 6.02838659286,
        "var": 36.3414421082
    },
    "barkbands_flatness_db": {
        "dmean": 0.0369612015784,
        "dmean2": 0.051639854908,
        "dvar": 0.00165380467661,
        "dvar2": 0.00320811825804,
        "max": 0.556038141251,
        "mean": 0.199640586972,
        "median": 0.185556396842,
        "min": 0.025533458218,
        "stdev": 0.0942235514522,
        "var": 0.00887807831168
    },
    "barkbands_kurtosis": {
        "dmean": 19.6048774719,
        "dmean2": 29.7030620575,
        "dvar": 3648.59716797,
        "dvar2": 7857.31152344,
        "max": 1084.53161621,
        "mean": 27.0675811768,
        "median": 6.04301261902,
        "min": -1.88410484791,
        "stdev": 83.6697845459,
        "var": 7000.6328125
    },
    "barkbands_skewness": {
        "dmean": 1.2808072567,
        "dmean2": 1.85548222065,
        "dvar": 3.28456139565,
        "dvar2": 7.07262659073,
        "max": 28.2336730957,
        "mean": 2.89824771881,
        "median": 2.33053708076,
        "min": -4.71398210526,
        "stdev": 3.24143052101,
        "var": 10.5068712234
    },
    "barkbands_spread": {
        "dmean": 8.38826656342,
        "dmean2": 12.8923492432,
        "dvar": 169.205032349,
        "dvar2": 356.753936768,
        "max": 117.798782349,
        "mean": 20.2418766022,
        "median": 14.4197311401,
        "min": 0.109563179314,
        "stdev": 19.7234802246,
        "var": 389.015655518
    },
    "dissonance": {
        "dmean": 0.0269472785294,
        "dmean2": 0.0444424822927,
        "dvar": 0.00100046407897,
        "dvar2": 0.00246238615364,
        "max": 0.5,
        "mean": 0.454708695412,
        "median": 0.465093970299,
        "min": 0.0349397622049,
        "stdev": 0.0412572473288,
        "var": 0.0017021605745
    },
    "dynamic_complexity": 2.63417625427,
    "erbbands_crest": {
        "dmean": 3.12271571159,
        "dmean2": 5.1106543541,
        "dvar": 8.56081676483,
        "dvar2": 20.0746326447,
        "max": 29.6252002716,
        "mean": 9.55691432953,
        "median": 8.63024330139,
        "min": 2.38849282265,
        "stdev": 4.51484155655,
        "var": 20.3837928772
    },
    "erbbands_flatness_db": {
        "dmean": 0.0254479460418,
        "dmean2": 0.0350871793926,
        "dvar": 0.00059361156309,
        "dvar2": 0.00117106409743,
        "max": 0.491647899151,
        "mean": 0.157019883394,
        "median": 0.148795410991,
        "min": 0.0428566373885,
        "stdev": 0.0584228113294,
        "var": 0.00341322505847
    },
    "erbbands_kurtosis": {
        "dmean": 1.60835421085,
        "dmean2": 2.49431848526,
        "dvar": 6.89803218842,
        "dvar2": 15.9681463242,
        "max": 43.5857200623,
        "mean": 1.27093493938,
        "median": 0.189532279968,
        "min": -1.82703125477,
        "stdev": 3.34986925125,
        "var": 11.2216243744
    },
    "erbbands_skewness": {
        "dmean": 0.567057907581,
        "dmean2": 0.863392829895,
        "dvar": 0.357955336571,
        "dvar2": 0.855606615543,
        "max": 5.15550231934,
        "mean": 0.381758153439,
        "median": 0.378558784723,
        "min": -3.88595581055,
        "stdev": 0.99134939909,
        "var": 0.982773661613
    },
    "erbbands_spread": {
        "dmean": 13.5545768738,
        "dmean2": 20.3291492462,
        "dvar": 268.250213623,
        "dvar2": 626.997558594,
        "max": 177.527862549,
        "mean": 41.3929977417,
        "median": 37.5281715393,
        "min": 3.96585631371,
        "stdev": 23.5503463745,
        "var": 554.618835449
    },
    "hfc": {
        "dmean": 17.5978488922,
        "dmean2": 25.0835876465,
        "dvar": 1778.16467285,
        "dvar2": 3478.06469727,
        "max": 428.211151123,
        "mean": 32.5369338989,
        "median": 19.4544696808,
        "min": 1.17052581477e-16,
        "stdev": 52.0236701965,
        "var": 2706.46240234
    },
    "loudness_ebu128": {
        "integrated": -8.05259895325,
        "loudness_range": 2.42652273178,
        "momentary": {
            "dmean": 0.610168635845,
            "dmean2": 0.686637759209,
            "dvar": 0.506494998932,
            "dvar2": 0.551775813103,
            "max": -5.70881986618,
            "mean": -8.48561573029,
            "median": -7.98508691788,
            "min": -23.653383255,
            "stdev": 2.24607181549,
            "var": 5.0448384285
        },
        "short_term": {
            "dmean": 0.071777895093,
            "dmean2": 0.0760215818882,
            "dvar": 0.00381127209403,
            "dvar2": 0.00377755984664,
            "max": -6.69382762909,
            "mean": -8.07256603241,
            "median": -8.02482891083,
            "min": -10.6154031754,
            "stdev": 0.862646698952,
            "var": 0.744159281254
        }
    },
    "melbands_crest": {
        "dmean": 3.98981642723,
        "dmean2": 6.37874984741,
        "dvar": 18.5117053986,
        "dvar2": 49.1121749878,
        "max": 39.2615432739,
        "mean": 24.1232795715,
        "median": 26.0680656433,
        "min": 3.31610655785,
        "stdev": 9.12742996216,
        "var": 83.3099746704
    },
    "melbands_flatness_db": {
        "dmean": 0.0424902550876,
        "dmean2": 0.0595277622342,
        "dvar": 0.0023352871649,
        "dvar2": 0.00453301751986,
        "max": 0.705944597721,
        "mean": 0.26566568017,
        "median": 0.257055729628,
        "min": 0.00840551499277,
        "stdev": 0.120528325438,
        "var": 0.0145270768553
    },
    "melbands_kurtosis": {
        "dmean": 49.5488929749,
        "dmean2": 77.0510253906,
        "dvar": 24055.2851562,
        "dvar2": 49851.4570312,
        "max": 2564.78491211,
        "mean": 69.3467025757,
        "median": 16.2005939484,
        "min": -1.90973699093,
        "stdev": 209.431884766,
        "var": 43861.7148438
    },
    "melbands_skewness": {
        "dmean": 1.79900276661,
        "dmean2": 2.696849823,
        "dvar": 7.68115711212,
        "dvar2": 16.1281585693,
        "max": 39.2730979919,
        "mean": 4.69622898102,
        "median": 3.45496273041,
        "min": -3.1246278286,
        "stdev": 4.75921773911,
        "var": 22.6501541138
    },
    "melbands_spread": {
        "dmean": 10.4785318375,
        "dmean2": 16.2026596069,
        "dvar": 465.817230225,
        "dvar2": 1083.31262207,
        "max": 255.885192871,
        "mean": 21.9566822052,
        "median": 11.9390878677,
        "min": 0.061104465276,
        "stdev": 31.1865444183,
        "var": 972.600524902
    },
    "pitch_salience": {
        "dmean": 0.0928681269288,
        "dmean2": 0.14693979919,
        "dvar": 0.00995813403279,
        "dvar2": 0.0252823326737,
        "max": 0.973791480064,
        "mean": 0.402664840221,
        "median": 0.402022331953,
        "min": 0.0204399526119,
        "stdev": 0.19720390439,
        "var": 0.0388893783092
    },
    "silence_rate_20dB": {
        "dmean": 0,
        "dmean2": 0,
        "dvar": 0,
        "dvar2": 0,
        "max": 1,
        "mean": 1,
        "median": 1,
        "min": 1,
        "stdev": 0,
        "var": 0
    },
    "silence_rate_30dB": {
        "dmean": 0.148606806993,
        "dmean2": 0.297443836927,
        "dvar": 0.126522839069,
        "dvar2": 0.28797903657,
        "max": 1,
        "mean": 0.762567698956,
        "median": 1,
        "min": 0,
        "stdev": 0.425512731075,
        "var": 0.181061089039
    },
    "silence_rate_60dB": {
        "dmean": 0.0131578948349,
        "dmean2": 0.0263361725956,
        "dvar": 0.0129848718643,
        "dvar2": 0.0287410225719,
        "max": 1,
        "mean": 0.041763342917,
        "median": 0,
        "min": 0,
        "stdev": 0.200045794249,
        "var": 0.0400183200836
    },
    "spectral_centroid": {
        "dmean": 423.78503418,
        "dmean2": 624.769958496,
        "dvar": 385793.40625,
        "dvar2": 695174,
        "max": 11229.9033203,
        "mean": 1468.29333496,
        "median": 1231.94372559,
        "min": 114.920303345,
        "stdev": 1029.25805664,
        "var": 1059372.25
    },
    "spectral_complexity": {
        "dmean": 4.65557289124,
        "dmean2": 6.85747480392,
        "dvar": 39.9301223755,
        "dvar2": 67.874168396,
        "max": 62,
        "mean": 15.6658935547,
        "median": 14,
        "min": 0,
        "stdev": 11.7049818039,
        "var": 137.006607056
    },
    "spectral_decrease": {
        "dmean": 4.82147211045e-09,
        "dmean2": 7.35734362323e-09,
        "dvar": 6.56924210828e-17,
        "dvar2": 1.62181067539e-16,
        "max": -6.2868588583e-29,
        "mean": -1.67969691489e-08,
        "median": -1.64787863355e-08,
        "min": -5.9863062063e-08,
        "stdev": 1.17683436329e-08,
        "var": 1.38493910283e-16
    },
    "spectral_energy": {
        "dmean": 0.0191547721624,
        "dmean2": 0.0291247237474,
        "dvar": 0.000955905590672,
        "dvar2": 0.00235210265964,
        "max": 0.228690057993,
        "mean": 0.0663467943668,
        "median": 0.0675679221749,
        "min": 1.08542858083e-20,
        "stdev": 0.0447470024228,
        "var": 0.00200229417533
    },
    "spectral_energyband_high": {
        "dmean": 0.00161303253844,
        "dmean2": 0.00226554134861,
        "dvar": 1.8727092538e-05,
        "dvar2": 3.65367632185e-05,
        "max": 0.0449177734554,
        "mean": 0.00220413762145,
        "median": 0.000429881183663,
        "min": 7.76017956859e-21,
        "stdev": 0.00532774114981,
        "var": 2.83848257823e-05
    },
    "spectral_energyband_low": {
        "dmean": 0.0149156562984,
        "dmean2": 0.0230322107673,
        "dvar": 0.000886607856955,
        "dvar2": 0.00233422103338,
        "max": 0.209672451019,
        "mean": 0.0483162552118,
        "median": 0.0421828106046,
        "min": 9.23302367221e-23,
        "stdev": 0.0431310608983,
        "var": 0.00186028855387
    },
    "spectral_energyband_middle_high": {
        "dmean": 0.002170675667,
        "dmean2": 0.00325346621685,
        "dvar": 1.30633143272e-05,
        "dvar2": 2.40003846557e-05,
        "max": 0.0342997647822,
        "mean": 0.00460015330464,
        "median": 0.00305220484734,
        "min": 1.66343335271e-21,
        "stdev": 0.00527708698064,
        "var": 2.78476491076e-05
    },
    "spectral_energyband_middle_low": {
        "dmean": 0.00762829976156,
        "dmean2": 0.012652833946,
        "dvar": 0.00021674153686,
        "dvar2": 0.000606153567787,
        "max": 0.119750931859,
        "mean": 0.0116841709241,
        "median": 0.00793665274978,
        "min": 4.7931749008e-22,
        "stdev": 0.0140655552968,
        "var": 0.000197839850443
    },
    "spectral_entropy": {
        "dmean": 0.284840881824,
        "dmean2": 0.399850577116,
        "dvar": 0.102113693953,
        "dvar2": 0.210445761681,
        "max": 9.81038379669,
        "mean": 7.59610509872,
        "median": 7.62049150467,
        "min": 4.96885204315,
        "stdev": 0.612869977951,
        "var": 0.375609606504
    },
    "spectral_flux": {
        "dmean": 0.0378094501793,
        "dmean2": 0.0555177219212,
        "dvar": 0.00246667326428,
        "dvar2": 0.00501461140811,
        "max": 0.415541946888,
        "mean": 0.110237590969,
        "median": 0.0898291021585,
        "min": 1.04183904559e-10,
        "stdev": 0.0752951800823,
        "var": 0.00566936424002
    },
    "spectral_kurtosis": {
        "dmean": 2.12437915802,
        "dmean2": 3.42142486572,
        "dvar": 18.5262241364,
        "dvar2": 50.3747825623,
        "max": 74.2700195312,
        "mean": 4.40938949585,
        "median": 3.01808214188,
        "min": -1.19785189629,
        "stdev": 6.05283546448,
        "var": 36.6368179321
    },
    "spectral_rms": {
        "dmean": 0.00115487712901,
        "dmean2": 0.00168728106655,
        "dvar": 2.63600554717e-06,
        "dvar2": 6.14128339294e-06,
        "max": 0.0149369426072,
        "mean": 0.00742767052725,
        "median": 0.00811910815537,
        "min": 3.25415844445e-12,
        "stdev": 0.0030916237738,
        "var": 9.55813720793e-06
    },
    "spectral_rolloff": {
        "dmean": 727.713684082,
        "dmean2": 1168.49865723,
        "dvar": 2758096.25,
        "dvar2": 5507809,
        "max": 18798.4863281,
        "mean": 1415.44799805,
        "median": 452.197265625,
        "min": 43.06640625,
        "stdev": 2394.38208008,
        "var": 5733065.5
    },
    "spectral_skewness": {
        "dmean": 0.320866554976,
        "dmean2": 0.478544384241,
        "dvar": 0.167000606656,
        "dvar2": 0.408887714148,
        "max": 6.20969247818,
        "mean": 1.58160328865,
        "median": 1.47082066536,
        "min": -0.121528983116,
        "stdev": 0.686204850674,
        "var": 0.470877081156
    },
    "spectral_spread": {
        "dmean": 1015793.4375,
        "dmean2": 1396537.25,
        "dvar": 1.91039235686e+12,
        "dvar2": 3.21634566144e+12,
        "max": 40793412,
        "mean": 5625031,
        "median": 5314918,
        "min": 835213.4375,
        "stdev": 2243954.75,
        "var": 5.03533325517e+12
    },
    "spectral_strongpeak": {
        "dmean": 0.361154973507,
        "dmean2": 0.583830416203,
        "dvar": 0.402539551258,
        "dvar2": 0.969519555569,
        "max": 6.71473741531,
        "mean": 0.734120905399,
        "median": 0.542384445667,
        "min": 0,
        "stdev": 0.766897261143,
        "var": 0.588131427765
    },
    "zerocrossingrate": {
        "dmean": 0.0169953629375,
        "dmean2": 0.0178992338479,
        "dvar": 0.000711503904313,
        "dvar2": 0.000761047645938,
        "max": 0.49853515625,
        "mean": 0.0561172254384,
        "median": 0.03515625,
        "min": 0.00146484375,
        "stdev": 0.0631119534373,
        "var": 0.003983119037
    },
    "barkbands": {
        "dmean": [0.00169070879929, 0.00956003367901, 0.00542488973588, 0.00164003088139, 0.00380721245892, 0.00140033022035, 0.000944158236962, 0.000955527066253, 0.00128671107814, 0.000536183535587, 0.000390637025703, 0.000510495679919, 0.000522426504176, 0.000265994865913, 0.000246738345595, 0.000199489484658, 0.000164422148373, 0.000269434676738, 0.000168644037331, 0.000190036982531, 0.000212164828554, 0.000287996459519, 0.000274973601336, 0.000317271973472, 0.000330633512931, 0.000211662554648, 2.41737743636e-05],
        "dmean2": [0.00226539815776, 0.0139534138143, 0.00943720899522, 0.00283658388071, 0.00656947586685, 0.0023788169492, 0.00155337771866, 0.00147069164086, 0.0018986921059, 0.000825756753329, 0.000627406232525, 0.00077573832823, 0.000812459853478, 0.000434867222793, 0.000394268368836, 0.00031718928949, 0.000259674590779, 0.000431831460446, 0.000263448746409, 0.000288599228952, 0.000321228260873, 0.000427071936429, 0.000402177189244, 0.000438331044279, 0.000480840506498, 0.000305741414195, 4.14099558839e-05],
        "dvar": [3.88280432162e-06, 0.000283899600618, 0.000430135667557, 1.97146855498e-05, 8.70502044563e-05, 9.16767021408e-06, 4.46692229161e-06, 3.01931731883e-06, 5.56168333787e-06, 1.46914032939e-06, 5.47873867163e-07, 8.24258393095e-07, 7.44574833789e-07, 2.53877232126e-07, 2.99446440977e-07, 1.24908325461e-07, 1.59842613812e-07, 3.64625549309e-07, 1.11526901492e-07, 1.98012600094e-07, 3.01514290868e-07, 5.79834420478e-07, 6.09485084624e-07, 5.96547806708e-07, 6.63210983021e-07, 5.24182723893e-07, 1.02546309222e-08],
        "dvar2": [8.75737259776e-06, 0.000791120575741, 0.00115224684123, 5.448632146e-05, 0.000238719556364, 2.33569862758e-05, 1.19548139992e-05, 6.55523535897e-06, 1.14952881631e-05, 3.09189499603e-06, 1.21194102576e-06, 1.85708620393e-06, 1.60800198046e-06, 5.95139852066e-07, 7.63546893268e-07, 3.03861440898e-07, 3.8083965137e-07, 9.23305776723e-07, 2.27566701483e-07, 4.32847542697e-07, 6.7187517061e-07, 1.08738083782e-06, 1.25765222947e-06, 1.11135625502e-06, 1.38019788665e-06, 1.19479398109e-06, 2.68097757328e-08],
        "max": [0.0244220495224, 0.13538736105, 0.149958819151, 0.0398555696011, 0.0896756649017, 0.0352232865989, 0.0306624285877, 0.0203229673207, 0.0326615385711, 0.0178740993142, 0.00708658574149, 0.0107118263841, 0.00781951658428, 0.00491200666875, 0.00856045912951, 0.00328919664025, 0.00393767328933, 0.0119960783049, 0.00350679364055, 0.00496125686914, 0.00658810138702, 0.00749982940033, 0.00891887769103, 0.00876141805202, 0.00846732035279, 0.00699433730915, 0.00126846181229],
        "mean": [0.00705895479769, 0.0371609888971, 0.00377719127573, 0.00157507299446, 0.00388956069946, 0.00156453833915, 0.00112743617501, 0.00126992794685, 0.00195370567963, 0.00071176677011, 0.000551395700313, 0.00069406296825, 0.000782186805736, 0.000366747437511, 0.000340661674272, 0.000295925186947, 0.000217112523387, 0.000394461094402, 0.000281758926576, 0.000263306661509, 0.000270605640253, 0.00038092667819, 0.000354664342012, 0.000414760084823, 0.000405880244216, 0.000221996029723, 2.12532067962e-05],
        "median": [0.00508762802929, 0.0275760162622, 9.0920329967e-05, 0.000116022958537, 0.000723834033124, 0.000368120701751, 0.000321220897604, 0.00032278947765, 0.000654954870697, 0.000188885169337, 0.000205117597943, 0.000201821734663, 0.000266608694801, 9.81008633971e-05, 0.000111824745545, 8.59405699885e-05, 8.08444310678e-05, 0.000141852928209, 9.82439305517e-05, 8.65820911713e-05, 6.3511521148e-05, 7.2387221735e-05, 7.44572171243e-05, 7.20286043361e-05, 4.3527874368e-05, 9.47279113461e-06, 1.70323659177e-07],
        "min": [1.58393140794e-23, 5.93134858978e-23, 1.52325191157e-23, 3.49243632212e-24, 6.24739466741e-23, 2.64999740417e-23, 5.60548150943e-23, 1.23852992277e-22, 6.91803182866e-23, 2.35242259931e-22, 1.24732124113e-22, 1.07196718067e-22, 5.91597337519e-23, 1.61776666191e-22, 8.77213705259e-23, 9.80044627263e-23, 2.58453400283e-22, 1.7365489194e-22, 3.04753678916e-22, 3.05413671504e-22, 4.56858657974e-22, 5.8357758823e-22, 5.7379233037e-22, 6.4426459456e-22, 1.40207840842e-21, 1.7733078181e-21, 2.49222470563e-21],
        "stdev": [0.00674942461774, 0.0366229303181, 0.0171708241105, 0.00416257744655, 0.00863577704877, 0.0032534187194, 0.00229405541904, 0.00238559721038, 0.0034905122593, 0.00154355762061, 0.000940130616073, 0.00117931084242, 0.00118717516307, 0.000632589741144, 0.000620848906692, 0.000471326406114, 0.00044161156984, 0.000684531638399, 0.000471820210805, 0.000525740091689, 0.000644914689474, 0.000937122793403, 0.000911273120437, 0.000993817229755, 0.000989459105767, 0.000787391036283, 9.7372525488e-05],
        "var": [4.55547342426e-05, 0.00134123908356, 0.000294837198453, 1.73270509549e-05, 7.45766446926e-05, 1.05847339e-05, 5.2626901379e-06, 5.69107442061e-06, 1.2183675608e-05, 2.38257030105e-06, 8.83845586941e-07, 1.39077417316e-06, 1.40938493587e-06, 4.00169795967e-07, 3.85453375884e-07, 2.22148571538e-07, 1.95020788851e-07, 4.68583550628e-07, 2.22614318091e-07, 2.76402658983e-07, 4.15914939822e-07, 8.78199102772e-07, 8.30418684927e-07, 9.87672592601e-07, 9.79029437076e-07, 6.19984689365e-07, 9.48140854717e-09]
    },
    "erbbands": {
        "dmean": [0.424684971571, 1.93413329124, 5.68620967865, 6.34991312027, 7.48334026337, 14.990064621, 13.6780166626, 11.040517807, 11.2975006104, 19.0143089294, 21.9681568146, 27.7649421692, 19.9405212402, 14.3646583557, 14.1799373627, 20.0832881927, 23.1656627655, 16.0427398682, 11.0850877762, 11.5659742355, 8.96327590942, 9.70142936707, 15.9411821365, 8.3326292038, 9.5816116333, 8.8753900528, 9.07767009735, 7.93547677994, 9.70876026154, 9.64419651031, 8.21241474152, 6.32850694656, 5.6261138916, 4.17961788177, 2.01533985138, 1.08789920807, 0.351930588484, 0.0696611478925, 0.00245550461113, 7.52418782213e-05],
        "dmean2": [0.589028954506, 2.7560198307, 9.40335845947, 11.4651279449, 12.7297611237, 25.8346214294, 23.8124103546, 18.3384284973, 18.5356655121, 30.477186203, 32.5545921326, 40.7365036011, 30.8076438904, 22.7161102295, 21.8756122589, 30.2715740204, 35.2812423706, 25.2394828796, 17.1817493439, 18.4465885162, 14.8072443008, 15.2033100128, 25.8789691925, 12.5233945847, 14.7773714066, 13.4050474167, 13.467335701, 12.1805963516, 14.3922424316, 14.3740940094, 11.9674139023, 9.01494598389, 7.95457077026, 6.17716121674, 2.87225008011, 1.61383080482, 0.514105916023, 0.105714946985, 0.00402128370479, 0.000112224559416],
        "dvar": [0.648613035679, 12.9262456894, 406.754699707, 468.472991943, 315.731231689, 1480.77160645, 1019.18945312, 598.50579834, 605.304443359, 1309.33374023, 1870.97131348, 2848.32348633, 2041.2512207, 658.271362305, 696.729797363, 1312.6439209, 1295.97167969, 907.168273926, 411.885894775, 492.588195801, 326.348968506, 516.49822998, 1507.52246094, 275.876220703, 408.38973999, 415.015960693, 608.22668457, 359.508209229, 640.22052002, 748.976806641, 562.805114746, 303.303619385, 176.057296753, 100.372657776, 25.5678958893, 13.6886386871, 1.41101944447, 0.0656501427293, 0.000104750062746, 4.49496013744e-08],
        "dvar2": [1.79216825962, 32.33568573, 1043.4942627, 1322.11242676, 838.912109375, 4054.62280273, 2745.77758789, 1518.37512207, 1595.24279785, 3115.84130859, 3735.66113281, 5775.95605469, 4426.13183594, 1396.52722168, 1460.80615234, 2993.52001953, 2859.52978516, 2030.93188477, 949.493408203, 1227.03503418, 831.146911621, 1190.12915039, 3976.59326172, 505.086517334, 856.810791016, 918.326660156, 1379.53967285, 733.758056641, 1218.51208496, 1581.21228027, 1160.66564941, 576.31451416, 364.33972168, 207.726104736, 51.0864105225, 31.8108634949, 3.14657616615, 0.155877768993, 0.000260883534793, 1.0406851203e-07],
        "max": [6.10886478424, 24.9180660248, 145.326782227, 144.523712158, 249.004714966, 383.696044922, 313.806121826, 248.966796875, 344.218811035, 363.139373779, 608.215698242, 997.695983887, 686.20904541, 304.771789551, 264.502502441, 411.395141602, 338.553619385, 269.308532715, 264.999145508, 360.6534729, 200.448883057, 239.398101807, 847.636779785, 178.619186401, 226.446762085, 241.773513794, 308.243041992, 186.064544678, 236.336700439, 305.392578125, 260.234344482, 156.13092041, 156.53918457, 97.5614013672, 51.429725647, 37.1203613281, 14.085694313, 2.83298993111, 0.143309265375, 0.00259364861995],
        "mean": [1.92739546299, 4.96063327789, 4.72871780396, 4.97107028961, 8.16355991364, 14.8470973969, 14.2529878616, 12.3481740952, 13.5148983002, 24.1344890594, 31.9845256805, 43.1101799011, 28.3151950836, 20.2975940704, 20.793926239, 29.6683349609, 36.5393180847, 24.167049408, 17.2063751221, 17.6733913422, 13.7298574448, 13.9494724274, 23.3048267365, 12.9755868912, 15.8725395203, 12.4247655869, 11.0944385529, 10.9469842911, 13.2122154236, 12.0349311829, 10.3963880539, 8.4400138855, 7.02210903168, 5.16373872757, 2.44726109505, 1.15201497078, 0.373809665442, 0.0693121701479, 0.00232711108401, 0.000134072077344],
        "median": [1.48897576332, 1.85292649269, 0.45232501626, 0.494235366583, 1.22464549541, 2.33336234093, 2.79873228073, 3.52345633507, 4.04762744904, 7.72694683075, 10.2537412643, 15.8926448822, 10.3745079041, 7.62998151779, 7.76372051239, 9.36335945129, 15.1408538818, 8.91566944122, 6.67079401016, 6.45651483536, 4.98067331314, 6.11184072495, 8.21126747131, 5.06116056442, 5.49963378906, 4.09901952744, 2.63468933105, 2.54975557327, 2.44999504089, 2.59350395203, 1.97887468338, 1.33755254745, 1.25623726845, 0.65085375309, 0.23094829917, 0.060734514147, 0.0143424086273, 0.00163390685339, 7.85129377618e-05, 9.11752649699e-05],
        "min": [2.30276399465e-21, 1.07047058658e-20, 2.11191876588e-20, 1.38791956434e-20, 2.85792549536e-20, 2.43827615572e-19, 3.76689262163e-19, 2.22842689666e-19, 5.63976342831e-19, 1.61755737471e-18, 2.70838826244e-18, 1.51751143059e-18, 8.03096173684e-18, 4.31822607748e-18, 4.39342961646e-18, 5.424485021e-18, 2.73295552663e-18, 3.90910130574e-18, 9.05177126872e-18, 5.03896384804e-18, 7.30318672722e-18, 1.33021561283e-17, 9.32770052309e-18, 1.94846314123e-17, 1.16192588264e-17, 1.4343230758e-17, 1.43224288199e-17, 2.11083571762e-17, 2.54231397008e-17, 1.33654652236e-17, 1.75540795437e-17, 1.31160876397e-17, 1.2870988234e-17, 1.53510428009e-17, 9.37750506777e-18, 6.63196605608e-18, 3.23379870507e-18, 1.30157251956e-18, 3.10148604792e-19, 3.99685561738e-20],
        "stdev": [1.84450733662, 6.32578039169, 17.4862346649, 17.2871437073, 18.0681209564, 36.1694450378, 31.8283576965, 26.3635463715, 26.7843780518, 44.7507972717, 60.460193634, 80.1380233765, 58.3970031738, 32.969707489, 34.362613678, 48.397644043, 51.3465690613, 37.9416656494, 25.972278595, 28.1309165955, 22.0729656219, 25.6808700562, 42.4900436401, 22.284620285, 27.2373867035, 24.0522041321, 27.5160236359, 24.4047489166, 31.7689571381, 30.7678203583, 27.6077671051, 21.8686676025, 16.2964420319, 12.1323652267, 6.25180864334, 3.96726250648, 1.31365835667, 0.27086430788, 0.0101207951084, 0.000232219943427],
        "var": [3.40220713615, 40.0154953003, 305.768432617, 298.845306396, 326.456970215, 1308.22888184, 1013.04437256, 695.036560059, 717.402893066, 2002.63378906, 3655.43505859, 6422.10253906, 3410.20996094, 1087.00158691, 1180.78930664, 2342.33203125, 2636.4699707, 1439.57006836, 674.559265137, 791.348510742, 487.215789795, 659.507080078, 1805.40393066, 496.604309082, 741.875183105, 578.508483887, 757.131591797, 595.591796875, 1009.26660156, 946.658752441, 762.188781738, 478.238647461, 265.574005127, 147.194290161, 39.0851097107, 15.7391710281, 1.72569823265, 0.0733674690127, 0.000102430502011, 5.3926100918e-08]
    },
    "gfcc": {
        "mean": [-4.92795610428, 71.0000915527, -105.064987183, 28.9805717468, -58.2191505432, 27.4521198273, -29.854429245, 19.6565723419, -15.5873260498, 10.2544488907, -5.35956287384, 3.71837663651, -6.20457649231],
        "cov": [[10464.9765625, -1439.0057373, 544.083618164, 697.369750977, -573.204101562, 542.772094727, -305.112426758, 487.132507324, -238.262359619, 282.721588135, -255.887451172, 367.023651123, -97.8333740234], [-1439.0057373, 2618.79321289, 401.596862793, -79.0292434692, 524.777648926, -29.8213920593, 320.474456787, -77.018913269, 243.08644104, -143.019638062, 308.972564697, -168.278884888, 110.549911499], [544.083618164, 401.596862793, 1877.58557129, 628.978637695, 352.61505127, 378.11340332, 198.752197266, 135.309402466, 37.4388427734, 125.337615967, -28.980178833, -7.36028051376, 52.4223175049], [697.369750977, -79.0292434692, 628.978637695, 632.494445801, 210.159133911, 168.031890869, 88.7938232422, 160.479019165, 99.4057922363, 59.6922721863, -20.0298671722, 21.3557415009, 33.8719902039], [-573.204101562, 524.777648926, 352.61505127, 210.159133911, 631.025512695, 231.680969238, 330.617218018, 123.263061523, 191.077453613, 60.3595123291, 155.8644104, 21.7056694031, 66.2050933838], [542.772094727, -29.8213920593, 378.11340332, 168.031890869, 231.680969238, 420.133117676, 312.037445068, 195.168960571, 93.7853546143, 118.660202026, 85.0519943237, 65.6297683716, 27.9104766846], [-305.112426758, 320.474456787, 198.752197266, 88.7938232422, 330.617218018, 312.037445068, 582.708312988, 226.507034302, 174.809417725, 71.7129135132, 176.936355591, 43.3511924744, 45.0840797424], [487.132507324, -77.018913269, 135.309402466, 160.479019165, 123.263061523, 195.168960571, 226.507034302, 311.790527344, 148.96105957, 86.6506881714, 68.7008666992, 43.1164398193, 24.9378452301], [-238.262359619, 243.08644104, 37.4388427734, 99.4057922363, 191.077453613, 93.7853546143, 174.809417725, 148.96105957, 259.016784668, 73.1801376343, 107.294433594, 22.3398399353, 50.0989112854], [282.721588135, -143.019638062, 125.337615967, 59.6922721863, 60.3595123291, 118.660202026, 71.7129135132, 86.6506881714, 73.1801376343, 157.431884766, 54.3910293579, 60.2056999207, 35.4567756653], [-255.887451172, 308.972564697, -28.980178833, -20.0298671722, 155.8644104, 85.0519943237, 176.936355591, 68.7008666992, 107.294433594, 54.3910293579, 201.551757812, 62.3615341187, 56.2550964355], [367.023651123, -168.278884888, -7.36028051376, 21.3557415009, 21.7056694031, 65.6297683716, 43.3511924744, 43.1164398193, 22.3398399353, 60.2056999207, 62.3615341187, 167.029586792, 75.9254760742], [-97.8333740234, 110.549911499, 52.4223175049, 33.8719902039, 66.2050933838, 27.9104766846, 45.0840797424, 24.9378452301, 50.0989112854, 35.4567756653, 56.2550964355, 75.9254760742, 139.307144165]],
        "icov": [[0.000198535111849, -0.00016908008547, 0.000110397610115, -0.000276225619018, 0.000242789610638, -0.000385142455343, 0.000267553201411, -0.00041317139403, 0.000367697299225, -0.000325833825627, 0.000362524267985, -0.000665269966703, 0.000415268441429], [-0.00016908008547, 0.001213323907, -0.000586869893596, 0.000712790177204, -0.000552922836505, 0.000642892555334, -0.000311712559778, 0.000826692965347, -0.00114299263805, 0.00177768617868, -0.00208898540586, 0.00202279514633, -0.00124750821851], [0.000110397610115, -0.000586869893596, 0.00130655278917, -0.00123550079297, 7.33201159164e-05, -0.00101246987469, 0.000148456485476, -0.000118986463349, 0.00108851166442, -0.00138663768303, 0.00126518099569, -0.000439242750872, 0.000183215423021], [-0.000276225619018, 0.000712790177204, -0.00123550079297, 0.00361670949496, -0.00113349570893, 0.000681608275045, 0.000169153659954, -0.000481364433654, -0.00161171890795, 0.00155068933964, -0.000240798850427, 0.00096103438409, -0.000982153345831], [0.000242789610638, -0.000552922836505, 7.33201159164e-05, -0.00113349570893, 0.00358613510616, -0.00134165468626, -0.00054981361609, 0.000379339238862, -0.000654690840747, -0.000307773589157, -0.00024371908512, -0.000693310576025, 0.000321912550135], [-0.000385142455343, 0.000642892555334, -0.00101246987469, 0.000681608275045, -0.00134165468626, 0.00714938575402, -0.00285380706191, -0.000664504827, 0.000288008275675, -0.00142495555338, -0.000686612271238, 0.000361133541446, 2.19149696932e-05], [0.000267553201411, -0.000311712559778, 0.000148456485476, 0.000169153659954, -0.00054981361609, -0.00285380706191, 0.00491039967164, -0.00216344883665, 7.59298200137e-05, 0.000875147990882, -0.00136023282539, -0.00050534325419, 0.000544124573935], [-0.00041317139403, 0.000826692965347, -0.000118986463349, -0.000481364433654, 0.000379339238862, -0.000664504827, -0.00216344883665, 0.00795690435916, -0.00377362570725, 0.000407862651628, -0.00107478408609, 0.00161592417862, -0.000749162281863], [0.000367697299225, -0.00114299263805, 0.00108851166442, -0.00161171890795, -0.000654690840747, 0.000288008275675, 7.59298200137e-05, -0.00377362570725, 0.00938059668988, -0.00403898861259, 0.000107209634734, -0.000617916230112, -1.05901634129e-07], [-0.000325833825627, 0.00177768617868, -0.00138663768303, 0.00155068933964, -0.000307773589157, -0.00142495555338, 0.000875147990882, 0.000407862651628, -0.00403898861259, 0.0131437405944, -0.00435049692169, 0.000862570072059, -0.00202540145256], [0.000362524267985, -0.00208898540586, 0.00126518099569, -0.000240798850427, -0.00024371908512, -0.000686612271238, -0.00136023282539, -0.00107478408609, 0.000107209634734, -0.00435049692169, 0.0134160816669, -0.00590661540627, 0.00125109625515], [-0.000665269966703, 0.00202279514633, -0.000439242750872, 0.00096103438409, -0.000693310576025, 0.000361133541446, -0.00050534325419, 0.00161592417862, -0.000617916230112, 0.000862570072059, -0.00590661540627, 0.0143723981455, -0.00745479296893], [0.000415268441429, -0.00124750821851, 0.000183215423021, -0.000982153345831, 0.000321912550135, 2.19149696932e-05, 0.000544124573935, -0.000749162281863, -1.05901634129e-07, -0.00202540145256, 0.00125109625515, -0.00745479296893, 0.0125038586557]]
    },
    "melbands": {
        "dmean": [0.00292293750681, 0.00263956934214, 0.00105808896478, 0.000827595533337, 0.000523915397935, 0.000246885116212, 0.000178463073098, 0.000209529083804, 0.000196778302779, 0.00017779803602, 9.82456404017e-05, 5.93925979047e-05, 4.74977932754e-05, 4.83154399262e-05, 6.4898202254e-05, 5.25518225913e-05, 2.95079298667e-05, 1.73802418431e-05, 2.02127957891e-05, 1.70177281689e-05, 9.64911669143e-06, 1.0645509974e-05, 1.294257072e-05, 1.25744236357e-05, 6.47830438538e-06, 8.03811053629e-06, 6.5441240622e-06, 5.88462444284e-06, 5.56004715691e-06, 5.449695891e-06, 4.66590790893e-06, 5.65533719055e-06, 6.1080040723e-06, 5.03449200551e-06, 4.99270663568e-06, 4.32146362073e-06, 3.82480629924e-06, 3.97933536078e-06, 4.1240682549e-06, 3.40810152011e-06],
        "dmean2": [0.00421876413748, 0.00410705897957, 0.00185884640086, 0.00141458807047, 0.000909444235731, 0.00041172769852, 0.000293202319881, 0.000333535252139, 0.000287850620225, 0.000262694171397, 0.000152931956109, 9.29583402467e-05, 7.53662825446e-05, 7.39548486308e-05, 0.000100608274806, 8.13216611277e-05, 4.665346205e-05, 2.70895961876e-05, 3.19979480992e-05, 2.67279738182e-05, 1.61972511705e-05, 1.6811205569e-05, 2.07505745493e-05, 1.9935409e-05, 9.7849570011e-06, 1.24656307889e-05, 1.00621273305e-05, 9.04119951883e-06, 8.41250857775e-06, 8.52320044942e-06, 7.10798076398e-06, 8.44998157845e-06, 9.22067465581e-06, 7.55855990064e-06, 7.4831746133e-06, 6.2483450165e-06, 5.66236349187e-06, 5.73546321903e-06, 6.06274488746e-06, 5.04802255819e-06],
        "dvar": [2.90187017526e-05, 5.81564236199e-05, 1.03803213278e-05, 4.18004083258e-06, 1.50789003328e-06, 2.81508732769e-07, 1.57239043119e-07, 1.5404711462e-07, 1.7853068357e-07, 1.20141166349e-07, 5.14962259501e-08, 1.09104734136e-08, 7.7871833426e-09, 8.44600034355e-09, 1.38590250387e-08, 8.36014191208e-09, 3.30643556978e-09, 1.02556219073e-09, 2.55272492033e-09, 8.86934470312e-10, 4.50999293466e-10, 6.79773348722e-10, 7.86517129203e-10, 8.41633263082e-10, 1.73094497069e-10, 2.50856641015e-10, 2.34885000339e-10, 1.70097810837e-10, 2.03548830569e-10, 2.5086144273e-10, 1.18320284126e-10, 2.16003409603e-10, 2.86993873111e-10, 1.99621083552e-10, 2.11278897155e-10, 1.58976568021e-10, 1.05060814215e-10, 9.53385356772e-11, 9.66377741718e-11, 6.58416862698e-11],
        "dvar2": [7.96554377303e-05, 0.000145775746205, 2.87485527224e-05, 1.13300993689e-05, 4.14239775637e-06, 7.17184377663e-07, 4.24267398103e-07, 3.53503679662e-07, 3.41022570183e-07, 2.51129876006e-07, 1.11259794267e-07, 2.30090293485e-08, 1.69429910102e-08, 1.90195574845e-08, 2.99710514184e-08, 1.77110539568e-08, 7.68501084991e-09, 2.27661223207e-09, 6.81847600603e-09, 2.18541051922e-09, 1.17516063547e-09, 1.65250380046e-09, 1.98633420823e-09, 2.09898298742e-09, 3.30094063195e-10, 5.36708899546e-10, 4.99374985807e-10, 3.77532644036e-10, 4.46490955319e-10, 6.00146043972e-10, 2.40049341516e-10, 4.3277778583e-10, 5.9367832872e-10, 4.29167229532e-10, 4.47405973381e-10, 3.15725390276e-10, 2.03250694053e-10, 2.15360299038e-10, 1.94778485008e-10, 1.37674996403e-10],
        "max": [0.0439283847809, 0.0548401996493, 0.02103228122, 0.0201429463923, 0.00930870324373, 0.00550484098494, 0.00601295940578, 0.00441886344925, 0.00652264617383, 0.00651719560847, 0.00338463601656, 0.00118577573448, 0.000770596903749, 0.000966404331848, 0.0016979589127, 0.000976738287136, 0.000609393056948, 0.000366479187505, 0.000923144107219, 0.000326462322846, 0.000202528608497, 0.000262285524514, 0.000526036776137, 0.000542009714991, 0.00014543942234, 0.000164468219737, 0.000200154492632, 0.000135190886795, 0.000157242611749, 0.000220149493543, 0.000129460488097, 0.000141674056067, 0.000185960147064, 0.000165494115208, 0.000163321994478, 0.000121996985399, 8.87356436579e-05, 0.000137007824378, 9.41037360462e-05, 7.32784465072e-05],
        "mean": [0.0134370746091, 0.00348011613823, 0.000942146580201, 0.000856566708535, 0.000540529144928, 0.00027910611243, 0.000211134843994, 0.000267224037088, 0.000286595633952, 0.000270671531325, 0.000134966045152, 8.00309280748e-05, 6.78085561958e-05, 6.41693186481e-05, 9.28950394155e-05, 7.71948034526e-05, 4.02924924856e-05, 2.57360861724e-05, 2.7447944376e-05, 2.43227368628e-05, 1.30279177029e-05, 1.36499720611e-05, 1.91304479813e-05, 1.75559216586e-05, 9.04198714125e-06, 1.31797141876e-05, 9.14179054234e-06, 7.95197138359e-06, 6.7826117629e-06, 6.62483671476e-06, 6.23361620455e-06, 7.51274819777e-06, 7.46154955777e-06, 6.23664755039e-06, 6.11407494944e-06, 5.47474382984e-06, 5.04237868881e-06, 4.77155253975e-06, 5.06696596858e-06, 4.13298994317e-06],
        "median": [0.0109584173188, 0.000789488432929, 0.000114141614176, 0.000153590546688, 0.00010721867875, 7.78618996264e-05, 5.996605978e-05, 7.47404774302e-05, 7.78195899329e-05, 9.79020551313e-05, 4.45794066763e-05, 2.73613568424e-05, 2.63695383182e-05, 2.15184045373e-05, 2.52786612691e-05, 2.21286882152e-05, 1.12919396997e-05, 9.58487635216e-06, 7.81363723945e-06, 6.4320306592e-06, 4.48542732556e-06, 4.37959533883e-06, 7.00200962456e-06, 6.3895963649e-06, 3.09636629936e-06, 3.43799342772e-06, 3.38249492415e-06, 2.38427560362e-06, 1.57418151048e-06, 1.36526659844e-06, 1.31384945234e-06, 1.29736838517e-06, 1.47489390656e-06, 1.33548576287e-06, 1.1924332739e-06, 8.80573622908e-07, 7.32935006909e-07, 8.80540483195e-07, 7.28468080524e-07, 4.65264776039e-07],
        "min": [1.92169403743e-23, 1.19655731613e-23, 2.63863086516e-24, 8.37449688273e-24, 1.48741490728e-23, 4.89414512081e-24, 9.15700587994e-24, 1.86488406157e-23, 2.08290912301e-23, 1.00314629265e-23, 4.03272163408e-23, 1.66955342396e-23, 1.7324511972e-23, 1.21780607347e-23, 1.04411144503e-23, 5.16144274994e-24, 6.88848094138e-24, 1.77433466256e-23, 6.15928789731e-24, 5.68409820396e-24, 9.26494887305e-24, 1.51505154469e-23, 8.68404353535e-24, 1.0350249507e-23, 1.74932903404e-23, 8.20471350554e-24, 7.93837118697e-24, 1.05018559512e-23, 8.03190484678e-24, 1.04353431439e-23, 1.29277507517e-23, 1.45938746818e-23, 9.43025625346e-24, 6.60344459151e-24, 1.0356629814e-23, 9.1510641796e-24, 7.52416399147e-24, 9.27233182226e-24, 8.48466998561e-24, 1.49303096583e-23],
        "stdev": [0.0125186573714, 0.00714991986752, 0.00273701059632, 0.00195070775226, 0.00116654101294, 0.000568812829442, 0.000428159633884, 0.000511020538397, 0.000603425025474, 0.000519570079632, 0.000292259181151, 0.00013489331468, 0.000113616639283, 0.000111101951916, 0.000168783517438, 0.000123112171423, 7.10826716386e-05, 4.15332797274e-05, 5.56172417419e-05, 3.97502444685e-05, 2.37890562858e-05, 2.81343818642e-05, 3.23655840475e-05, 3.21768311551e-05, 1.70306120708e-05, 2.33531009144e-05, 1.81302057172e-05, 1.54810168169e-05, 1.62795113283e-05, 1.72242671397e-05, 1.39878793561e-05, 1.82354033313e-05, 1.93375581148e-05, 1.58323746291e-05, 1.6501686332e-05, 1.50517580551e-05, 1.28805677377e-05, 1.12983279905e-05, 1.20261875054e-05, 9.7682204796e-06],
        "var": [0.000156716792844, 5.11213547725e-05, 7.49122682464e-06, 3.80526080335e-06, 1.36081791879e-06, 3.23548022152e-07, 1.83320679525e-07, 2.61141991587e-07, 3.64121746088e-07, 2.6995306257e-07, 8.54154222907e-08, 1.81962072077e-08, 1.2908740743e-08, 1.23436434407e-08, 2.848787517e-08, 1.51566084128e-08, 5.05274622142e-09, 1.72501335438e-09, 3.09327763404e-09, 1.58008195417e-09, 5.6591920039e-10, 7.91543441903e-10, 1.04753106189e-09, 1.03534847362e-09, 2.9004176838e-10, 5.4536730687e-10, 3.28704341523e-10, 2.39661901436e-10, 2.65022476187e-10, 2.96675378708e-10, 1.95660779245e-10, 3.32529920266e-10, 3.73941155818e-10, 2.50664100587e-10, 2.72305622495e-10, 2.26555427196e-10, 1.65909022631e-10, 1.27652222126e-10, 1.44629183629e-10, 9.54181386681e-11]
    },
    "melbands128": {
