{
"lowlevel": {
    "average_loudness": 0.96079659462,
    "barkbands_crest": {
        "dmean": 2.82281255722,
        "dmean2": 4.64672613144,
        "dvar": 12.6263637543,
        "dvar2": 30.0208950043,
        "max": 26.5526294708,
        "mean": 16.1976737976,
        "median": 16.6013832092,
        "min": 3.44864654541,
        "stdev": 5.51872873306,
        "var": 30.4563674927
    },
    "barkbands_flatness_db": {
        "dmean": 0.0479363910854,
        "dmean2": 0.0624910518527,
        "dvar": 0.00260168756358,
        "dvar2": 0.00441414816305,
        "max": 0.649253666401,
        "mean": 0.237306267023,
        "median": 0.21918566525,
        "min": 0.0360942408442,
        "stdev": 0.101751305163,
        "var": 0.0103533286601
    },
    "barkbands_kurtosis": {
        "dmean": 22.5993003845,
        "dmean2": 35.2759208679,
        "dvar": 1909.14050293,
        "dvar2": 4216.9765625,
        "max": 606.981018066,
        "mean": 33.1687698364,
        "median": 14.3219795227,
        "min": -1.86155200005,
        "stdev": 57.1065177917,
        "var": 3261.15429688
    },
    "barkbands_skewness": {
        "dmean": 1.51297748089,
        "dmean2": 2.28475904465,
        "dvar": 3.41971087456,
        "dvar2": 7.22805118561,
        "max": 21.0674324036,
        "mean": 3.75697112083,
        "median": 3.36988353729,
        "min": -9.95179176331,
        "stdev": 3.13090610504,
        "var": 9.80257320404
    },
    "barkbands_spread": {
        "dmean": 8.31486415863,
        "dmean2": 13.2485809326,
        "dvar": 163.212234497,
        "dvar2": 386.818084717,
        "max": 108.745574951,
        "mean": 13.8492288589,
        "median": 9.39207363129,
        "min": 0.139859169722,
        "stdev": 15.1266689301,
        "var": 228.816101074
    },
    "dissonance": {
        "dmean": 0.0343996435404,
        "dmean2": 0.0524729117751,
        "dvar": 0.00138971745037,
        "dvar2": 0.00294926948845,
        "max": 0.499926835299,
        "mean": 0.427239388227,
        "median": 0.448515862226,
        "min": 0.157730698586,
        "stdev": 0.0654354691505,
        "var": 0.00428180024028
    },
    "dynamic_complexity": 2.82691073418,
    "erbbands_crest": {
        "dmean": 3.43112921715,
        "dmean2": 5.48657131195,
        "dvar": 11.168633461,
        "dvar2": 25.1471271515,
        "max": 29.4995746613,
        "mean": 10.0774087906,
        "median": 8.84265327454,
        "min": 2.58087420464,
        "stdev": 5.09550666809,
        "var": 25.9641876221
    },
    "erbbands_flatness_db": {
        "dmean": 0.0329483300447,
        "dmean2": 0.0470112226903,
        "dvar": 0.00128129683435,
        "dvar2": 0.00234226277098,
        "max": 0.403454840183,
        "mean": 0.163566231728,
        "median": 0.147433429956,
        "min": 0.0425065532327,
        "stdev": 0.0722647681832,
        "var": 0.0052221971564
    },
    "erbbands_kurtosis": {
        "dmean": 2.85042905807,
        "dmean2": 4.71316576004,
        "dvar": 32.5146484375,
        "dvar2": 78.2308883667,
        "max": 78.8068313599,
        "mean": 2.30798196793,
        "median": 0.24827671051,
        "min": -1.84652233124,
        "stdev": 6.50823020935,
        "var": 42.3570632935
    },
    "erbbands_skewness": {
        "dmean": 0.716134727001,
        "dmean2": 1.09014391899,
        "dvar": 0.715985059738,
        "dvar2": 1.50880718231,
        "max": 7.44886732101,
        "mean": 0.560352504253,
        "median": 0.437580704689,
        "min": -5.51115608215,
        "stdev": 1.2861417532,
        "var": 1.65416073799
    },
    "erbbands_spread": {
        "dmean": 18.3792934418,
        "dmean2": 29.0458755493,
        "dvar": 501.94329834,
        "dvar2": 1221.99511719,
        "max": 198.02507019,
        "mean": 47.1908340454,
        "median": 42.2168998718,
        "min": 2.21752333641,
        "stdev": 30.9132995605,
        "var": 955.632141113
    },
    "hfc": {
        "dmean": 15.2356815338,
        "dmean2": 22.3467540741,
        "dvar": 542.311340332,
        "dvar2": 1124.80358887,
        "max": 214.880401611,
        "mean": 26.7196140289,
        "median": 16.5450286865,
        "min": 1.19010074618e-16,
        "stdev": 30.4746494293,
        "var": 928.704284668
    },
    "loudness_ebu128": {
        "integrated": -9.62302398682,
        "loudness_range": 1.72948169708,
        "momentary": {
            "dmean": 1.19243228436,
            "dmean2": 1.446387887,
            "dvar": 1.35522949696,
            "dvar2": 2.14025378227,
            "max": -6.45250797272,
            "mean": -10.2190647125,
            "median": -9.45693588257,
            "min": -21.5323009491,
            "stdev": 2.51058149338,
            "var": 6.30301904678
        },
        "short_term": {
            "dmean": 0.115983255208,
            "dmean2": 0.110186651349,
            "dvar": 0.00816663447767,
            "dvar2": 0.0127700641751,
            "max": -8.22533035278,
            "mean": -9.71846961975,
            "median": -9.84123039246,
            "min": -11.3359308243,
            "stdev": 0.59574431181,
            "var": 0.354911267757
        }
    },
    "melbands_crest": {
        "dmean": 3.73263835907,
        "dmean2": 5.66981649399,
        "dvar": 21.8133525848,
        "dvar2": 46.29737854,
        "max": 38.5361099243,
        "mean": 24.8409442902,
        "median": 26.6760559082,
        "min": 2.08932971954,
        "stdev": 9.77316570282,
        "var": 95.5147705078
    },
    "melbands_flatness_db": {
        "dmean": 0.052815169096,
        "dmean2": 0.0698361992836,
        "dvar": 0.00344992079772,
        "dvar2": 0.00569800939411,
        "max": 0.800287187099,
        "mean": 0.308588325977,
        "median": 0.294745802879,
        "min": 0.00783777423203,
        "stdev": 0.126553788781,
        "var": 0.0160158611834
    },
    "melbands_kurtosis": {
        "dmean": 66.5065765381,
        "dmean2": 103.273529053,
        "dvar": 32692.609375,
        "dvar2": 76701.515625,
        "max": 2866.66967773,
        "mean": 99.3907546997,
        "median": 38.5612983704,
        "min": -1.89221990108,
        "stdev": 226.007614136,
        "var": 51079.4414062
    },
    "melbands_skewness": {
        "dmean": 2.23730540276,
        "dmean2": 3.33222603798,
        "dvar": 9.2227678299,
        "dvar2": 20.3834285736,
        "max": 48.063495636,
        "mean": 6.13334465027,
        "median": 5.20676422119,
        "min": -5.51461458206,
        "stdev": 5.20656681061,
        "var": 27.108335495
    },
    "melbands_spread": {
        "dmean": 10.6683521271,
        "dmean2": 17.5744056702,
        "dvar": 892.747070312,
        "dvar2": 2092.79174805,
        "max": 324.635101318,
        "mean": 15.6434516907,
        "median": 6.58035326004,
        "min": 0.068092867732,
        "stdev": 33.5268287659,
        "var": 1124.04821777
    },
    "pitch_salience": {
        "dmean": 0.0933039560914,
        "dmean2": 0.147976532578,
        "dvar": 0.0123294191435,
        "dvar2": 0.0271636173129,
        "max": 0.861487805843,
        "mean": 0.381387829781,
        "median": 0.305372476578,
        "min": 0.0620764270425,
        "stdev": 0.211646124721,
        "var": 0.0447940826416
    },
    "silence_rate_20dB": {
        "dmean": 0,
        "dmean2": 0,
        "dvar": 0,
        "dvar2": 0,
        "max": 1,
        "mean": 1,
        "median": 1,
        "min": 1,
        "stdev": 0,
        "var": 0
    },
    "silence_rate_30dB": {
        "dmean": 0.0448916405439,
        "dmean2": 0.089078232646,
        "dvar": 0.0428761728108,
        "dvar2": 0.0811430439353,
        "max": 1,
        "mean": 0.46867749095,
        "median": 0,
        "min": 0,
        "stdev": 0.499021023512,
        "var": 0.249021977186
    },
    "silence_rate_60dB": {
        "dmean": 0.0487616099417,
        "dmean2": 0.0968241691589,
        "dvar": 0.0463837683201,
        "dvar2": 0.0998434349895,
        "max": 1,
        "mean": 0.088940449059,
        "median": 0,
        "min": 0,
        "stdev": 0.284659355879,
        "var": 0.0810309424996
    },
    "spectral_centroid": {
        "dmean": 458.046356201,
        "dmean2": 666.791931152,
        "dvar": 540814.375,
        "dvar2": 915328.8125,
        "max": 11139.4648438,
        "mean": 1266.2487793,
        "median": 1014.762146,
        "min": 103.932006836,
        "stdev": 1090.59765625,
        "var": 1189403.375
    },
    "spectral_complexity": {
        "dmean": 4.49612998962,
        "dmean2": 5.88148736954,
        "dvar": 45.4294624329,
        "dvar2": 60.1138114929,
        "max": 62,
        "mean": 12.9914922714,
        "median": 10,
        "min": 0,
        "stdev": 12.1175174713,
        "var": 146.834228516
    },
    "spectral_decrease": {
        "dmean": 4.80003992109e-09,
        "dmean2": 7.3226864572e-09,
        "dvar": 1.19528432312e-16,
        "dvar2": 2.31257226427e-16,
        "max": -1.82422053078e-29,
        "mean": -2.4982357516e-08,
        "median": -3.5052302394e-08,
        "min": -9.09277133587e-08,
        "stdev": 2.15584119445e-08,
        "var": 4.64765125274e-16
    },
    "spectral_energy": {
        "dmean": 0.0188371744007,
        "dmean2": 0.0284427721053,
        "dvar": 0.00177327066194,
        "dvar2": 0.00340223894455,
        "max": 0.35127222538,
        "mean": 0.0967126637697,
        "median": 0.13468696177,
        "min": 1.08634154912e-20,
        "stdev": 0.0826103761792,
        "var": 0.00682447478175
    },
    "spectral_energyband_high": {
        "dmean": 0.00113911379594,
        "dmean2": 0.00172022462357,
        "dvar": 3.61387333214e-06,
        "dvar2": 7.69062444306e-06,
        "max": 0.0198548380286,
        "mean": 0.0013988125138,
        "median": 0.000306662579533,
        "min": 8.21885929618e-21,
        "stdev": 0.00237640435807,
        "var": 5.64729771213e-06
    },
    "spectral_energyband_low": {
        "dmean": 0.0148504273966,
        "dmean2": 0.0234267879277,
        "dvar": 0.00150616862811,
        "dvar2": 0.00305015477352,
        "max": 0.312015622854,
        "mean": 0.0802695378661,
        "median": 0.119421437383,
        "min": 1.26135211052e-22,
        "stdev": 0.0775258541107,
        "var": 0.00601025763899
    },
    "spectral_energyband_middle_high": {
        "dmean": 0.00274838577025,
        "dmean2": 0.00353094027378,
        "dvar": 2.80004405795e-05,
        "dvar2": 5.29997123522e-05,
        "max": 0.0643930137157,
        "mean": 0.00439816294238,
        "median": 0.00155483162962,
        "min": 1.44756839437e-21,
        "stdev": 0.00725271180272,
        "var": 5.260182661e-05
    },
    "spectral_energyband_middle_low": {
        "dmean": 0.00659394171089,
        "dmean2": 0.0105348182842,
        "dvar": 0.000149012863403,
        "dvar2": 0.000396923453081,
        "max": 0.132217779756,
        "mean": 0.0110402181745,
        "median": 0.00852719321847,
        "min": 2.42177748304e-22,
        "stdev": 0.0120646981522,
        "var": 0.000145556943608
    },
    "spectral_entropy": {
        "dmean": 0.393266350031,
        "dmean2": 0.548044204712,
        "dvar": 0.214012295008,
        "dvar2": 0.373005211353,
        "max": 9.81050491333,
        "mean": 7.34922552109,
        "median": 7.49382066727,
        "min": 4.07089948654,
        "stdev": 0.856078147888,
        "var": 0.732869744301
    },
    "spectral_flux": {
        "dmean": 0.0547125898302,
        "dmean2": 0.0798628851771,
        "dvar": 0.00570661388338,
        "dvar2": 0.00994702614844,
        "max": 0.533177733421,
        "mean": 0.110521093011,
        "median": 0.0817126184702,
        "min": 1.04227709796e-10,
        "stdev": 0.101202011108,
        "var": 0.0102418474853
    },
    "spectral_kurtosis": {
        "dmean": 3.07430577278,
        "dmean2": 4.68494939804,
        "dvar": 40.3068161011,
        "dvar2": 87.4235076904,
        "max": 99.8171005249,
        "mean": 5.6694688797,
        "median": 3.29010343552,
        "min": -1.28046071529,
        "stdev": 8.9408082962,
        "var": 79.9380493164
    },
    "spectral_rms": {
        "dmean": 0.0010909831617,
        "dmean2": 0.00155421043746,
        "dvar": 4.20540754931e-06,
        "dvar2": 6.73841395837e-06,
        "max": 0.0185122825205,
        "mean": 0.00832794141024,
        "median": 0.0114630674943,
        "min": 3.25552670759e-12,
        "stdev": 0.00499992864206,
        "var": 2.49992845056e-05
    },
    "spectral_rolloff": {
        "dmean": 706.779663086,
        "dmean2": 1188.58032227,
        "dvar": 3596040,
        "dvar2": 7289985.5,
        "max": 18087.890625,
        "mean": 1178.51977539,
        "median": 258.3984375,
        "min": 43.06640625,
        "stdev": 2582.68823242,
        "var": 6670279
    },
    "spectral_skewness": {
        "dmean": 0.420424520969,
        "dmean2": 0.613053619862,
        "dvar": 0.347877413034,
        "dvar2": 0.672317028046,
        "max": 8.43511962891,
        "mean": 1.77292788029,
        "median": 1.57889950275,
        "min": -0.548233449459,
        "stdev": 0.990556836128,
        "var": 0.98120290041
    },
    "spectral_spread": {
        "dmean": 1499421.375,
        "dmean2": 2206313.75,
        "dvar": 4.19591330202e+12,
        "dvar2": 7.07648762675e+12,
        "max": 41273280,
        "mean": 6095303.5,
        "median": 5336236.5,
        "min": 998685,
        "stdev": 2912773,
        "var": 8.48424599552e+12
    },
    "spectral_strongpeak": {
        "dmean": 0.362440705299,
        "dmean2": 0.592562675476,
        "dvar": 0.552472829819,
        "dvar2": 1.40238511562,
        "max": 10.2202720642,
        "mean": 0.954226732254,
        "median": 0.897305190563,
        "min": 0,
        "stdev": 0.80077034235,
        "var": 0.641233146191
    },
    "zerocrossingrate": {
        "dmean": 0.0197931528091,
        "dmean2": 0.0229008067399,
        "dvar": 0.00126131495927,
        "dvar2": 0.0013015223667,
        "max": 0.49072265625,
        "mean": 0.0516154430807,
        "median": 0.0302734375,
        "min": 0.00146484375,
        "stdev": 0.0724336653948,
        "var": 0.00524663599208
    },
    "barkbands": {
        "dmean": [0.00272778654471, 0.0135840438306, 0.00421334849671, 0.00179448199924, 0.00266661611386, 0.00121506641153, 0.000918210833333, 0.00144609925337, 0.000677920237649, 0.000653565861285, 0.000331780640408, 0.000586858775932, 0.000468859274406, 0.000415446556872, 0.000239764063735, 0.000255780352745, 0.000243656919338, 0.000286280614091, 0.000203210001928, 0.000120724536828, 0.000144482342876, 0.000148312567035, 0.000192340812646, 0.000231478275964, 0.000235994695686, 0.000226619580644, 2.49784716289e-05],
        "dmean2": [0.00373308011331, 0.0216215308756, 0.00806175265461, 0.00309104030021, 0.00423082802445, 0.00199237116612, 0.00148809200618, 0.00227357330732, 0.00106755644083, 0.000934457639232, 0.000510497600771, 0.000911676150281, 0.000709802145138, 0.000638230587356, 0.000364120671293, 0.000416530965595, 0.000372651324142, 0.000452261010651, 0.000291836360702, 0.000181386698387, 0.000208018231206, 0.000214454674278, 0.000305808149278, 0.000347422785126, 0.000376606854843, 0.000385915394872, 4.46172925876e-05],
        "dvar": [3.63644830941e-05, 0.00115298712626, 0.000213797728065, 2.68643798336e-05, 2.71340286417e-05, 7.72727344156e-06, 4.59941338704e-06, 9.43885879678e-06, 2.74387980426e-06, 1.84810062365e-06, 7.33509352813e-07, 2.07061634683e-06, 1.32587604185e-06, 8.36323863496e-07, 2.1863078814e-07, 3.40681538091e-07, 2.70473577757e-07, 5.4700109331e-07, 1.63230566841e-07, 8.86050273152e-08, 1.28963293378e-07, 9.51249887748e-08, 1.11536216707e-07, 2.39953465098e-07, 2.7494928645e-07, 2.09723239664e-07, 3.40639405572e-09],
        "dvar2": [5.27002885065e-05, 0.00235596369021, 0.000621473649517, 7.6261756476e-05, 6.86463172315e-05, 2.03341114684e-05, 1.05091294245e-05, 2.29235756706e-05, 6.60172781863e-06, 3.31893352268e-06, 1.83545387245e-06, 4.31722537542e-06, 3.14031399284e-06, 1.94035874301e-06, 4.95006361234e-07, 8.59554461385e-07, 6.13631414126e-07, 1.33497610477e-06, 3.06443922682e-07, 1.93598097553e-07, 2.53815557016e-07, 1.67918059901e-07, 2.32619314033e-07, 4.853155815e-07, 6.44581803044e-07, 5.50866559479e-07, 9.20014997519e-09],
        "max": [0.0642348751426, 0.281374126673, 0.107516899705, 0.053761869669, 0.0608598999679, 0.0402064025402, 0.0236819684505, 0.0335470885038, 0.0221821926534, 0.0195231921971, 0.0136042861268, 0.0139834946021, 0.0124176470563, 0.00849943701178, 0.00466793496162, 0.00681622698903, 0.00602288544178, 0.00835406221449, 0.00457706069574, 0.00374920899048, 0.0037415032275, 0.00335143064149, 0.00357532082126, 0.00693185580894, 0.00844641402364, 0.0026192762889, 0.000353501964128],
        "mean": [0.0137068433687, 0.0633287057281, 0.00298638897948, 0.0019438569434, 0.00387686374597, 0.00144300912507, 0.000959175289609, 0.00176335650031, 0.000764736032579, 0.000919495359994, 0.000393304537283, 0.000662301434204, 0.000517870939802, 0.000475543638458, 0.000308832764858, 0.000293259887258, 0.000296821905067, 0.000335924065439, 0.000268342671916, 0.000150838372065, 0.000178248010343, 0.000188562640687, 0.000221101814532, 0.000286163878627, 0.000252096098848, 0.000174773085746, 1.62997530424e-05],
        "median": [0.00111999444198, 0.0760164931417, 0.000626938650385, 0.000684094149619, 0.00173318421002, 0.000434921239503, 0.000228905802942, 0.000226101459702, 0.000120203883853, 0.000105985236587, 3.34476244461e-05, 7.77903696871e-05, 5.40974615433e-05, 5.94031080254e-05, 7.40735049476e-05, 5.21704751009e-05, 7.04409685568e-05, 6.54498871882e-05, 5.62780332984e-05, 3.25453474943e-05, 2.62348075921e-05, 3.67503453162e-05, 4.74512307846e-05, 6.32772353129e-05, 3.31608825945e-05, 1.20961512948e-05, 2.6626631211e-07],
        "min": [5.67692264628e-23, 3.54213282366e-23, 2.81149995066e-23, 2.98946602425e-23, 1.46864380427e-23, 4.11618185568e-23, 4.66793925624e-23, 7.49873695345e-23, 3.16445335905e-23, 5.68728196768e-23, 1.46361869719e-22, 5.03069189479e-23, 5.9099508955e-23, 7.11571974042e-23, 7.8264682699e-23, 1.52513003161e-22, 8.02030401608e-23, 2.14735435735e-22, 3.46318646416e-22, 3.2694768095e-22, 5.39301564545e-22, 5.27144877208e-22, 6.25468348973e-22, 1.03918037964e-21, 1.1766118138e-21, 2.1168214266e-21, 2.20940547458e-21],
        "stdev": [0.0181449316442, 0.0642604157329, 0.0109139531851, 0.00427700020373, 0.00591048365459, 0.00279918522574, 0.00222539436072, 0.0034621283412, 0.00189930468332, 0.00198674458079, 0.000966664461885, 0.00162047659978, 0.00130794651341, 0.0010342389578, 0.000561482971534, 0.000611826952081, 0.000602966640145, 0.000788289005868, 0.000516516913194, 0.000341841718182, 0.000428675994044, 0.000390175555367, 0.000391711597331, 0.00065007066587, 0.000624873209745, 0.000407248939155, 4.75868910144e-05],
        "var": [0.000329238537233, 0.00412940140814, 0.000119114374684, 1.82927324204e-05, 3.49338188244e-05, 7.83543782745e-06, 4.9523796406e-06, 1.19863325381e-05, 3.60735816685e-06, 3.94715380025e-06, 9.34440151923e-07, 2.62594448941e-06, 1.71072417743e-06, 1.06965023861e-06, 3.15263150696e-07, 3.74332216779e-07, 3.63568773309e-07, 6.21399578904e-07, 2.66789697889e-07, 1.16855758847e-07, 1.83763106065e-07, 1.52236964368e-07, 1.53437966333e-07, 4.22591881488e-07, 3.90466539102e-07, 1.6585170215e-07, 2.26451213337e-09]
    },
    "erbbands": {
        "dmean": [0.633801758289, 3.04018139839, 4.97830963135, 5.70484399796, 6.59881973267, 9.99504184723, 12.6152439117, 9.52350521088, 11.2666139603, 20.471704483, 28.2262115479, 13.9483785629, 19.8406143188, 16.0433540344, 15.5219049454, 23.0794048309, 18.8689975739, 20.1859130859, 16.1162643433, 10.4622764587, 14.6173496246, 13.3560447693, 15.6431779861, 11.4432449341, 8.83051395416, 6.00109148026, 6.04805183411, 5.21641206741, 4.98099660873, 5.90534925461, 5.246737957, 4.80661058426, 3.92427945137, 2.66540312767, 1.69656777382, 1.08508551121, 0.412275910378, 0.074455589056, 0.00257593160495, 7.45566721889e-05],
        "dmean2": [0.981229603291, 4.99102258682, 9.22842216492, 10.2679672241, 11.1710720062, 15.7294826508, 19.8190498352, 15.9345436096, 18.5206394196, 31.7543811798, 44.4122123718, 22.2911148071, 28.0573291779, 23.2928714752, 22.4661712646, 35.0664520264, 28.1050853729, 30.0685787201, 23.9900054932, 15.281920433, 23.4986000061, 20.2628002167, 24.5741195679, 16.4600334167, 12.4478139877, 8.89518547058, 9.17920398712, 7.61707162857, 7.35027599335, 8.97978305817, 8.21233272552, 7.66919946671, 5.83079242706, 4.15382814407, 2.71842026711, 1.81782925129, 0.709483087063, 0.128599897027, 0.00451212003827, 0.000121691780805],
        "dvar": [2.24542188644, 64.7283401489, 295.239593506, 306.909698486, 237.3543396, 414.66519165, 829.004638672, 585.493347168, 720.309631348, 2108.73950195, 3980.38037109, 1231.55517578, 2146.47851562, 1066.79260254, 1092.88195801, 3734.42382812, 1955.94714355, 2220.4375, 879.426879883, 514.546264648, 1023.14697266, 855.606811523, 1513.51611328, 686.487670898, 302.165039062, 252.641067505, 209.460449219, 181.826049805, 132.47177124, 104.417747498, 84.0306167603, 96.9592971802, 77.4495162964, 46.193687439, 12.7038450241, 4.56341695786, 0.740411758423, 0.0254976321012, 3.47105233232e-05, 1.82899757561e-08],
        "dvar2": [4.13932180405, 151.60609436, 839.509765625, 878.66003418, 654.381652832, 1021.81439209, 2036.78967285, 1546.4675293, 1742.1607666, 4690.51171875, 9935.66113281, 3140.12304688, 3847.06225586, 2235.26879883, 2460.2109375, 7616.24316406, 4361.58691406, 5260.58203125, 1824.42407227, 1185.55090332, 2573.1081543, 1967.82568359, 3632.79199219, 1448.0390625, 570.496398926, 567.206848145, 435.235534668, 357.346160889, 232.041732788, 205.992279053, 171.503479004, 203.225769043, 158.193557739, 106.518531799, 30.7536277771, 11.9247694016, 1.95409178734, 0.0667100101709, 9.20650272747e-05, 4.62938274381e-08],
        "max": [11.6924419403, 71.0841140747, 144.34336853, 164.971298218, 176.911209106, 270.575408936, 454.020294189, 489.015167236, 422.350494385, 687.584655762, 674.630554199, 504.180603027, 663.529052734, 422.215179443, 357.028778076, 615.949035645, 461.230010986, 512.509521484, 303.560455322, 268.313262939, 359.003051758, 344.921203613, 430.875488281, 323.761901855, 195.413208008, 205.221588135, 141.950653076, 143.210983276, 133.630584717, 97.6101303101, 98.0169448853, 152.41027832, 131.768844604, 103.188209534, 59.6263046265, 15.8522024155, 5.40225076675, 0.923306643963, 0.0369225032628, 0.000871760305017],
        "mean": [3.44756126404, 7.65822267532, 4.57462406158, 5.54675483704, 8.21019935608, 13.5906639099, 15.9633102417, 11.4355783463, 12.2538776398, 24.5142707825, 34.5841560364, 16.1406440735, 28.2389068604, 22.9512653351, 20.4049873352, 25.7488975525, 22.3155784607, 23.4063472748, 22.4205112457, 13.6383428574, 17.4762821198, 17.0112304688, 19.2070522308, 14.3922653198, 11.6779031754, 7.42551326752, 7.79606389999, 6.31984949112, 6.57516670227, 6.76209497452, 6.25460767746, 5.88154840469, 4.68520498276, 3.04858565331, 1.62439274788, 0.87567538023, 0.305850207806, 0.0532373972237, 0.00182387221139, 0.000151465632371],
        "median": [2.71924805641, 4.13341188431, 1.29197907448, 1.71755373478, 4.55551099777, 4.74778842926, 4.02885580063, 3.89339447021, 3.49873590469, 6.70318222046, 5.23640298843, 3.73714232445, 4.27611589432, 3.63688850403, 3.49511599541, 2.90859818459, 2.59608483315, 3.48599982262, 4.66377830505, 2.92043209076, 3.60271716118, 4.52916097641, 4.16366243362, 2.76554274559, 2.63796138763, 1.59243738651, 1.06484568119, 1.04648447037, 1.26379418373, 1.54625058174, 1.37069988251, 1.18422162533, 1.03670310974, 0.486698627472, 0.165402323008, 0.0733740180731, 0.0186844021082, 0.00212808838114, 0.000105558137875, 0.00015846293536],
        "min": [2.34968104891e-21, 4.00621746015e-21, 2.26476122512e-20, 8.6239130016e-20, 4.98874630759e-20, 5.77941529715e-20, 1.24109041734e-19, 4.0922374907e-19, 8.01915724911e-19, 7.27806752676e-19, 1.69599643066e-18, 6.81614764223e-19, 8.94604414475e-19, 3.83487549424e-18, 5.40808699254e-18, 1.68714704567e-18, 2.53342818915e-18, 4.32116215507e-18, 2.47310004592e-18, 7.24783180063e-18, 6.82329375894e-18, 5.4536088096e-18, 1.24643694059e-17, 1.62421446225e-17, 1.47912731368e-17, 1.65386342781e-17, 2.17488282353e-17, 1.84010132293e-17, 1.88731249096e-17, 1.77993104712e-17, 2.10788351002e-17, 1.82478905174e-17, 1.76668523854e-17, 9.3507441206e-18, 1.01198980132e-17, 8.21803938571e-18, 4.06433456899e-18, 1.38440628271e-18, 3.27865029904e-19, 3.10547415707e-20],
        "stdev": [3.50109982491, 11.1315641403, 13.9164400101, 13.8449020386, 13.5014915466, 24.1048049927, 32.7156829834, 24.0612030029, 26.8901576996, 49.7869682312, 69.5025177002, 37.4928283691, 67.4620666504, 44.5037002563, 41.554599762, 68.3919143677, 52.2752456665, 52.6525611877, 38.8292999268, 26.5624523163, 34.4596405029, 33.905632019, 42.3301239014, 30.808259964, 22.2691478729, 17.5253047943, 17.6176509857, 15.7856578827, 14.4064645767, 12.4284906387, 11.1321792603, 12.8618793488, 11.2210350037, 8.24209213257, 3.96540164948, 1.98569715023, 0.744823753834, 0.136683896184, 0.00493609067053, 0.000150442225276],
        "var": [12.2576999664, 123.911727905, 193.667312622, 191.68132019, 182.290283203, 581.041625977, 1070.31591797, 578.941467285, 723.080627441, 2478.7421875, 4830.59960938, 1405.7121582, 4551.13085938, 1980.57922363, 1726.78466797, 4677.45361328, 2732.70141602, 2772.29223633, 1507.71447754, 705.563842773, 1187.46679688, 1149.59179688, 1791.83947754, 949.148864746, 495.914978027, 307.136322021, 310.381652832, 249.18699646, 207.546234131, 154.467376709, 123.92540741, 165.427947998, 125.911636353, 67.9320831299, 15.7244100571, 3.94299316406, 0.554762423038, 0.0186824854463, 2.43649919867e-05, 2.26328644715e-08]
    },
    "gfcc": {
        "mean": [-34.9732513428, 69.4442977905, -85.5529556274, 30.6554489136, -55.7755393982, 15.3839073181, -44.6265258789, 12.6115255356, -21.9783153534, 1.3029307127, -12.199842453, 1.99713790417, -9.7295255661],
        "cov": [[15014.6904297, -524.207458496, -503.046569824, 488.486358643, 471.435852051, 1097.98950195, 793.074279785, 934.119995117, 366.052307129, 443.236877441, -59.4816551208, 562.880981445, 57.5584182739], [-524.207458496, 3202.78369141, 392.810791016, -103.683677673, 619.842468262, -127.798583984, 464.222290039, -37.2463264465, 306.662567139, -76.6953887939, 358.505737305, -151.324066162, 260.072601318], [-503.046569824, 392.810791016, 2477.6171875, 1045.09350586, 667.27557373, 336.415557861, 439.879974365, 211.96585083, 155.843811035, 129.885848999, 177.687179565, 209.317489624, 138.202835083], [488.486358643, -103.683677673, 1045.09350586, 1355.16662598, 490.714599609, 294.31338501, 301.328308105, 202.302322388, 144.575759888, 66.0804901123, 173.276260376, 182.734924316, 197.218307495], [471.435852051, 619.842468262, 667.27557373, 490.714599609, 804.957885742, 426.866394043, 498.583557129, 245.847229004, 187.012298584, 121.93775177, 164.736450195, 109.104438782, 187.209503174], [1097.98950195, -127.798583984, 336.415557861, 294.31338501, 426.866394043, 716.780212402, 522.276489258, 253.627319336, 90.4045257568, 159.19303894, 107.493896484, 170.04888916, 123.208091736], [793.074279785, 464.222290039, 439.879974365, 301.328308105, 498.583557129, 522.276489258, 786.920349121, 303.757202148, 141.121795654, 101.016639709, 182.218063354, 202.526092529, 170.874954224], [934.119995117, -37.2463264465, 211.96585083, 202.302322388, 245.847229004, 253.627319336, 303.757202148, 337.370758057, 99.0661392212, 93.1923599243, 51.8507232666, 77.6067504883, 61.9831848145], [366.052307129, 306.662567139, 155.843811035, 144.575759888, 187.012298584, 90.4045257568, 141.121795654, 99.0661392212, 266.261016846, 83.8561859131, 86.2578048706, 41.7763824463, 81.3441696167], [443.236877441, -76.6953887939, 129.885848999, 66.0804901123, 121.93775177, 159.19303894, 101.016639709, 93.1923599243, 83.8561859131, 166.991516113, 29.0701637268, 21.5936374664, 21.1873893738], [-59.4816551208, 358.505737305, 177.687179565, 173.276260376, 164.736450195, 107.493896484, 182.218063354, 51.8507232666, 86.2578048706, 29.0701637268, 204.035751343, 57.1794929504, 82.3970870972], [562.880981445, -151.324066162, 209.317489624, 182.734924316, 109.104438782, 170.04888916, 202.526092529, 77.6067504883, 41.7763824463, 21.5936374664, 57.1794929504, 240.747024536, 41.7819862366], [57.5584182739, 260.072601318, 138.202835083, 197.218307495, 187.209503174, 123.208091736, 170.874954224, 61.9831848145, 81.3441696167, 21.1873893738, 82.3970870972, 41.7819862366, 175.238372803]],
        "icov": [[0.000110040062282, -0.000104239523353, 9.44191269809e-05, -9.93233261397e-05, 9.2322967248e-05, -0.000172197658685, 0.000128362953546, -0.000301905849483, -7.50327671994e-06, -0.000204107593163, 0.000261963024968, -0.00032781806658, 0.00014308358368], [-0.000104239523353, 0.00104637083132, -0.000231549172895, 0.000580720894504, -0.000849878066219, 0.000958227436058, -0.000951857480686, 0.000905970053282, -0.000695294176694, 0.000972159672529, -0.00131979514845, 0.00133709760848, -0.000640737009235], [9.44191269809e-05, -0.000231549172895, 0.00079317210475, -0.000605575623922, -0.000185014127055, -7.22309414414e-05, 5.84224217164e-05, -0.000195487387828, 0.000182411953574, -0.000610075367149, 0.000390921893995, -0.000618312915321, 0.000581939064432], [-9.93233261397e-05, 0.000580720894504, -0.000605575623922, 0.0017516509397, -0.000770248414483, 0.00038046084228, 5.42534835404e-05, 9.73553906078e-05, -0.000325540167978, 0.000924000458326, -0.00120308995247, 0.000285604299279, -0.001317972783], [9.2322967248e-05, -0.000849878066219, -0.000185014127055, -0.000770248414483, 0.00373938516714, -0.00146193790715, -9.48969827732e-05, -0.00101061339956, -0.000150689942529, -0.000886058143806, 0.000876029371284, -0.000287126371404, -0.000439579831436], [-0.000172197658685, 0.000958227436058, -7.22309414414e-05, 0.00038046084228, -0.00146193790715, 0.00457616895437, -0.00250533502549, 0.000731909938622, 0.000440817617346, -0.00139290385414, -0.000928917201236, 0.000511208141688, -0.000929666450247], [0.000128362953546, -0.000951857480686, 5.84224217164e-05, 5.42534835404e-05, -9.48969827732e-05, -0.00250533502549, 0.00509747536853, -0.00267365551554, 0.000658902339637, 0.000128741769004, -0.000236384570599, -0.00258850189857, -0.000491739774588], [-0.000301905849483, 0.000905970053282, -0.000195487387828, 9.73553906078e-05, -0.00101061339956, 0.000731909938622, -0.00267365551554, 0.00665070023388, -0.00122193538118, -0.000265222683083, -0.000394890841562, 0.00174962705933, -1.32623408717e-05], [-7.50327671994e-06, -0.000695294176694, 0.000182411953574, -0.000325540167978, -0.000150689942529, 0.000440817617346, 0.000658902339637, -0.00122193538118, 0.0064037698321, -0.00316116260365, -0.000488670892082, -0.00124365766533, -0.00116644380614], [-0.000204107593163, 0.000972159672529, -0.000610075367149, 0.000924000458326, -0.000886058143806, -0.00139290385414, 0.000128741769004, -0.000265222683083, -0.00316116260365, 0.010662141256, -0.00155407679267, 0.00218077143654, 0.000348725850927], [0.000261963024968, -0.00131979514845, 0.000390921893995, -0.00120308995247, 0.000876029371284, -0.000928917201236, -0.000236384570599, -0.000394890841562, -0.000488670892082, -0.00155407679267, 0.00928386021405, -0.00219098944217, -0.000422365788836], [-0.00032781806658, 0.00133709760848, -0.000618312915321, 0.000285604299279, -0.000287126371404, 0.000511208141688, -0.00258850189857, 0.00174962705933, -0.00124365766533, 0.00218077143654, -0.00219098944217, 0.00808114930987, -0.000440959032858], [0.00014308358368, -0.000640737009235, 0.000581939064432, -0.001317972783, -0.000439579831436, -0.000929666450247, -0.000491739774588, -1.32623408717e-05, -0.00116644380614, 0.000348725850927, -0.000422365788836, -0.000440959032858, 0.0100452303886]]
    },
    "melbands": {
        "dmean": [0.00430005555972, 0.00278875045478, 0.000976976705715, 0.000550385855604, 0.000455767323729, 0.000214196974412, 0.000176168250619, 0.000252229627222, 0.000207915654755, 9.09440714167e-05, 0.000101403413282, 7.02505712979e-05, 4.9809259508e-05, 6.91118693794e-05, 5.0968315918e-05, 4.30971558671e-05, 3.99041637138e-05, 3.09182141791e-05, 1.61870102602e-05, 1.44486275531e-05, 1.7487363948e-05, 1.30487806018e-05, 1.82021994988e-05, 1.18592615763e-05, 9.40320114751e-06, 7.9821129475e-06, 4.81047209178e-06, 3.84656595998e-06, 4.21834783992e-06, 3.3302758311e-06, 3.19587707054e-06, 2.76563446278e-06, 3.17771559821e-06, 3.67331722373e-06, 3.41209420185e-06, 2.68921712632e-06, 3.28475016431e-06, 2.87983107228e-06, 2.4684914024e-06, 2.2764586447e-06],
        "dmean2": [0.00675211753696, 0.00486924126744, 0.00173434172757, 0.000886866764631, 0.000712057750206, 0.000358778488589, 0.000289355026325, 0.000389326509321, 0.000328486668877, 0.000144438352436, 0.000142637072713, 0.000103582060547, 7.49478494981e-05, 0.000105530183646, 7.63883072068e-05, 6.70715380693e-05, 6.02975560469e-05, 4.66509809485e-05, 2.44012626354e-05, 2.29440665862e-05, 2.83487224806e-05, 1.99247569981e-05, 2.93607045023e-05, 1.82587882591e-05, 1.38143605e-05, 1.19365786304e-05, 7.18163346392e-06, 5.92609012529e-06, 6.69064138492e-06, 4.62642856291e-06, 4.86951375933e-06, 4.17146702603e-06, 4.54811242889e-06, 5.85260931985e-06, 5.35685967407e-06, 4.19074467572e-06, 5.2997511375e-06, 4.31629678133e-06, 3.72814520233e-06, 3.63756271327e-06],
        "dvar": [0.000107655883767, 7.42218617233e-05, 8.4654748207e-06, 1.21561436117e-06, 9.64787204794e-07, 2.74522307109e-07, 1.64829728533e-07, 2.87631792162e-07, 2.12708997083e-07, 5.53000489845e-08, 5.47635750081e-08, 2.06561789895e-08, 1.38519702375e-08, 2.61462158591e-08, 2.07668495733e-08, 1.18480638633e-08, 8.8315275093e-09, 3.60261620536e-09, 1.24732102424e-09, 1.19922749509e-09, 1.41521083741e-09, 8.20045309435e-10, 2.04293093553e-09, 8.04174393743e-10, 4.59050242263e-10, 2.45421322154e-10, 1.09283394834e-10, 1.18552653805e-10, 8.95230348186e-11, 8.00536095746e-11, 7.3460217076e-11, 4.54225233815e-11, 3.97347120484e-11, 3.96558758053e-11, 3.39632072466e-11, 2.7527769994e-11, 5.1000165896e-11, 3.95954588561e-11, 4.46309204871e-11, 3.40001846122e-11],
        "dvar2": [0.000206122931559, 0.000194672320504, 2.40816207224e-05, 3.16810860568e-06, 2.35364063883e-06, 7.26474297608e-07, 3.90643833725e-07, 6.5223287038e-07, 5.35188291906e-07, 1.39660969012e-07, 9.68160591697e-08, 4.22322088411e-08, 3.35139915819e-08, 5.72959528711e-08, 4.17279792941e-08, 2.98463191939e-08, 2.06489545462e-08, 7.96232502154e-09, 3.01574010209e-09, 2.84972045961e-09, 3.55663054563e-09, 1.89876114831e-09, 4.95308238868e-09, 1.87189042045e-09, 9.83809478328e-10, 4.52114318206e-10, 2.47093595585e-10, 2.69881533788e-10, 2.15615469923e-10, 1.41287051503e-10, 1.6424610283e-10, 8.32392418881e-11, 7.40403710564e-11, 8.67734772925e-11, 7.43208480869e-11, 5.72440532476e-11, 1.12825006282e-10, 8.05976188567e-11, 1.00998570618e-10, 8.01857191757e-11],
        "max": [0.0864296257496, 0.0763684138656, 0.0288804788142, 0.0123628135771, 0.0143812121823, 0.00964742060751, 0.00558927981183, 0.00691912369803, 0.00549261132255, 0.00272728735581, 0.0034152250737, 0.00183229160029, 0.00163493072614, 0.0014293002896, 0.00164453568868, 0.00145014270674, 0.00109170202632, 0.000520294299349, 0.000412534107454, 0.000427033082815, 0.000388069311157, 0.000313740572892, 0.000511006976012, 0.000304302724544, 0.000260149041424, 0.000162482436281, 0.000108958251076, 0.000142713848618, 8.51449585753e-05, 0.00010510305583, 9.95408408926e-05, 7.93931467342e-05, 6.6472319304e-05, 6.07909678365e-05, 5.60928347113e-05, 9.50651810854e-05, 9.97706811177e-05, 9.57246302278e-05, 9.52506015892e-05, 9.11136885406e-05],
        "mean": [0.0234375465661, 0.0045158113353, 0.00101914349943, 0.000757683301345, 0.000608706788626, 0.000256678235019, 0.000188984558918, 0.000313002819894, 0.000249226141023, 0.000100647695945, 0.000143915225635, 9.69927496044e-05, 6.22341394774e-05, 7.89413243183e-05, 5.30069955857e-05, 4.95074200444e-05, 4.35269066656e-05, 3.99706295866e-05, 2.01981620194e-05, 1.73794305738e-05, 2.05677133636e-05, 1.59210012498e-05, 2.12594040931e-05, 1.41507325679e-05, 1.1282100786e-05, 1.06612878881e-05, 5.65945492781e-06, 4.59136845166e-06, 5.21681931787e-06, 3.95845972889e-06, 3.58804095413e-06, 3.61875822819e-06, 3.76203252017e-06, 3.9202636799e-06, 3.75979743694e-06, 3.23367362398e-06, 3.77795890927e-06, 3.34803189617e-06, 2.85674582301e-06, 2.49933145824e-06],
        "median": [0.0308665428311, 0.0015385216102, 0.000427695165854, 0.000365680549294, 0.000172585932887, 8.44017849886e-05, 5.05579373566e-05, 7.52041160013e-05, 3.4318996768e-05, 1.62170672411e-05, 2.04943262361e-05, 1.38418508868e-05, 8.17533873487e-06, 9.73369787971e-06, 3.84080249205e-06, 5.56831173526e-06, 5.56827717446e-06, 7.2339585131e-06, 4.82055111206e-06, 2.98492591355e-06, 4.08644291383e-06, 3.59126215699e-06, 4.42935242972e-06, 2.52415725299e-06, 1.93037340068e-06, 1.96752785087e-06, 1.29527461468e-06, 8.26103416784e-07, 5.9385968143e-07, 5.81306778713e-07, 5.66356277432e-07, 6.45024044843e-07, 5.98836379595e-07, 8.05135471182e-07, 7.90981971477e-07, 6.80955224652e-07, 6.86902922098e-07, 7.09277742317e-07, 5.1573977089e-07, 3.39567918672e-07],
        "min": [1.96615423805e-23, 1.0262382235e-23, 1.31169566732e-23, 3.55537874489e-24, 3.63238537431e-24, 1.0299166819e-23, 1.06653434295e-23, 9.85503891826e-24, 1.22966983151e-23, 4.01521089414e-24, 4.31801909691e-24, 1.49274886918e-23, 2.06470189777e-23, 7.51436239472e-24, 1.96086603008e-24, 8.36779708706e-24, 7.67401206472e-24, 3.04569098086e-24, 7.16883816279e-24, 1.18866208065e-23, 6.99801822237e-24, 5.14631594765e-24, 7.72775636933e-24, 1.16363349628e-23, 1.35289897681e-23, 1.29680434002e-23, 1.11735520793e-23, 9.65906141471e-24, 1.33311623857e-23, 1.21206695262e-23, 9.67438977096e-24, 1.06743679982e-23, 1.07112811666e-23, 9.14157970494e-24, 1.48818909537e-23, 7.78634585762e-24, 1.28382047838e-23, 1.42499928582e-23, 8.9851896082e-24, 7.18108443948e-24],
        "stdev": [0.0229440983385, 0.00888612587005, 0.00231792358682, 0.00116248894483, 0.00116201967467, 0.00052177120233, 0.000413617352024, 0.000598877901211, 0.000502118782606, 0.000256070139585, 0.000343011139194, 0.000196763998247, 0.000140036427183, 0.000183921831194, 0.000159580842592, 0.000122396319057, 0.000102888137917, 7.44750213926e-05, 3.92618858314e-05, 3.77140495402e-05, 4.06267135986e-05, 3.29138420057e-05, 4.76007735415e-05, 3.18959464494e-05, 2.47661773756e-05, 2.03260005947e-05, 1.15970706247e-05, 1.18211701192e-05, 1.11218823804e-05, 1.09329212137e-05, 9.18390742299e-06, 8.20859622763e-06, 7.87842873251e-06, 7.06947412255e-06, 6.67186941428e-06, 6.65034303893e-06, 9.03397449292e-06, 7.98711789685e-06, 7.87990575191e-06, 6.9762622843e-06],
        "var": [0.000526431656908, 7.89632249507e-05, 5.37276946488e-06, 1.35138054702e-06, 1.35028960813e-06, 2.72245188171e-07, 1.71079321376e-07, 3.58654773436e-07, 2.52123300015e-07, 6.55719176734e-08, 1.17656632881e-07, 3.87160703497e-08, 1.96101996863e-08, 3.38272378997e-08, 2.54660434962e-08, 1.49808592198e-08, 1.05859694344e-08, 5.54652901386e-09, 1.54149570886e-09, 1.42234946043e-09, 1.65052982393e-09, 1.08332109949e-09, 2.26583374285e-09, 1.01735142533e-09, 6.13363582147e-10, 4.13146322709e-10, 1.34492042503e-10, 1.39740052862e-10, 1.23696261567e-10, 1.19528761888e-10, 8.43441566589e-11, 6.73810590657e-11, 6.20696410936e-11, 4.99774666096e-11, 4.45138439997e-11, 4.42270595147e-11, 8.16126888292e-11, 6.37940464343e-11, 6.20929141437e-11, 4.86682361078e-11]
    },
    "melbands128": {
