{
"lowlevel": {
    "average_loudness": 0.914552271366,
    "barkbands_crest": {
        "dmean": 2.12002706528,
        "dmean2": 3.29944729805,
        "dvar": 5.6568570137,
        "dvar2": 13.5587739944,
        "max": 26.277387619,
        "mean": 15.2619132996,
        "median": 15.2746353149,
        "min": 3.23714804649,
        "stdev": 4.42510414124,
        "var": 19.5815448761
    },
    "barkbands_flatness_db": {
        "dmean": 0.02622435987,
        "dmean2": 0.0357851237059,
        "dvar": 0.000868177914526,
        "dvar2": 0.0015416709939,
        "max": 0.491657137871,
        "mean": 0.249777004123,
        "median": 0.246506661177,
        "min": 0.0382830947638,
        "stdev": 0.0858568549156,
        "var": 0.00737140001729
    },
    "barkbands_kurtosis": {
        "dmean": 14.5707263947,
        "dmean2": 22.1645832062,
        "dvar": 591.667724609,
        "dvar2": 1368.25402832,
        "max": 465.801452637,
        "mean": 40.2270393372,
        "median": 24.0249729156,
        "min": -1.81596565247,
        "stdev": 45.1878967285,
        "var": 2041.94592285
    },
    "barkbands_skewness": {
        "dmean": 0.881332814693,
        "dmean2": 1.28799498081,
        "dvar": 1.14428806305,
        "dvar2": 2.39696907997,
        "max": 17.6201534271,
        "mean": 4.3490986824,
        "median": 3.9817442894,
        "min": -1.88977146149,
        "stdev": 2.41762685776,
        "var": 5.84491968155
    },
    "barkbands_spread": {
        "dmean": 2.93713116646,
        "dmean2": 4.04143619537,
        "dvar": 38.1425132751,
        "dvar2": 65.2857131958,
        "max": 81.6830215454,
        "mean": 9.09008407593,
        "median": 4.43133544922,
        "min": 0.267299711704,
        "stdev": 13.4119529724,
        "var": 179.880493164
    },
    "dissonance": {
        "dmean": 0.0250666290522,
        "dmean2": 0.0403360277414,
        "dvar": 0.000661208527163,
        "dvar2": 0.00148635427468,
        "max": 0.498222976923,
        "mean": 0.411975890398,
        "median": 0.41673669219,
        "min": 0.0968621000648,
        "stdev": 0.0474205575883,
        "var": 0.00224870932288
    },
    "dynamic_complexity": 3.48000264168,
    "erbbands_crest": {
        "dmean": 2.06209397316,
        "dmean2": 3.18139052391,
        "dvar": 5.57080984116,
        "dvar2": 13.0756587982,
        "max": 26.2976570129,
        "mean": 12.6207227707,
        "median": 11.5876197815,
        "min": 3.40302252769,
        "stdev": 4.99504232407,
        "var": 24.9504470825
    },
    "erbbands_flatness_db": {
        "dmean": 0.017981056124,
        "dmean2": 0.0245304424316,
        "dvar": 0.000455961970147,
        "dvar2": 0.000844953872729,
        "max": 0.413013935089,
        "mean": 0.198921784759,
        "median": 0.182469338179,
        "min": 0.071042701602,
        "stdev": 0.0641970261931,
        "var": 0.00412125792354
    },
    "erbbands_kurtosis": {
        "dmean": 2.47167038918,
        "dmean2": 3.77804875374,
        "dvar": 20.3067207336,
        "dvar2": 48.3251609802,
        "max": 77.9569854736,
        "mean": 5.48039913177,
        "median": 2.48601531982,
        "min": -1.81924712658,
        "stdev": 8.01550579071,
        "var": 64.2483291626
    },
    "erbbands_skewness": {
        "dmean": 0.437812685966,
        "dmean2": 0.634675860405,
        "dvar": 0.334349125624,
        "dvar2": 0.703680336475,
        "max": 8.20898532867,
        "mean": 1.76739990711,
        "median": 1.5806902647,
        "min": -2.4281001091,
        "stdev": 1.2902572155,
        "var": 1.66476380825
    },
    "erbbands_spread": {
        "dmean": 8.08974933624,
        "dmean2": 11.9755620956,
        "dvar": 158.601150513,
        "dvar2": 355.090057373,
        "max": 137.882339478,
        "mean": 36.2854766846,
        "median": 30.2415924072,
        "min": 2.26776838303,
        "stdev": 26.1650028229,
        "var": 684.607421875
    },
    "hfc": {
        "dmean": 2.52939414978,
        "dmean2": 3.70554375648,
        "dvar": 13.6067399979,
        "dvar2": 30.626367569,
        "max": 50.9594497681,
        "mean": 9.96314144135,
        "median": 8.02522754669,
        "min": 5.60399530514e-05,
        "stdev": 8.35370063782,
        "var": 69.7843170166
    },
    "loudness_ebu128": {
        "integrated": -9.33966159821,
        "loudness_range": 5.38464641571,
        "momentary": {
            "dmean": 0.665454924107,
            "dmean2": 0.588041245937,
            "dvar": 0.312765032053,
            "dvar2": 0.287666231394,
            "max": -5.1808423996,
            "mean": -10.7627182007,
            "median": -9.39935779572,
            "min": -25.5356769562,
            "stdev": 3.94871091843,
            "var": 15.5923175812
        },
        "short_term": {
            "dmean": 0.162611439824,
            "dmean2": 0.0967915579677,
            "dvar": 0.022544786334,
            "dvar2": 0.0133740222082,
            "max": -7.26290082932,
            "mean": -9.59759235382,
            "median": -8.81057834625,
            "min": -16.2835655212,
            "stdev": 1.94112575054,
            "var": 3.76796913147
        }
    },
    "melbands_crest": {
        "dmean": 2.06162500381,
        "dmean2": 3.27492928505,
        "dvar": 6.55996274948,
        "dvar2": 14.9515256882,
        "max": 31.5918292999,
        "mean": 19.5011138916,
        "median": 19.284034729,
        "min": 5.74388885498,
        "stdev": 5.22969913483,
        "var": 27.3497524261
    },
    "melbands_flatness_db": {
        "dmean": 0.0291689820588,
        "dmean2": 0.0385984405875,
        "dvar": 0.00109405384865,
        "dvar2": 0.00190853758249,
        "max": 0.61739808321,
        "mean": 0.337669461966,
        "median": 0.331554740667,
        "min": 0.0527636520565,
        "stdev": 0.101207189262,
        "var": 0.0102428952232
    },
    "melbands_kurtosis": {
        "dmean": 22.3464565277,
        "dmean2": 33.9032363892,
        "dvar": 1191.16625977,
        "dvar2": 2789.67675781,
        "max": 455.191345215,
        "mean": 64.8112564087,
        "median": 42.9997749329,
        "min": -1.678820014,
        "stdev": 64.8787384033,
        "var": 4209.25048828
    },
    "melbands_skewness": {
        "dmean": 0.980335056782,
        "dmean2": 1.46218752861,
        "dvar": 1.49281549454,
        "dvar2": 3.44967007637,
        "max": 16.3258972168,
        "mean": 5.13050842285,
        "median": 4.63977336884,
        "min": -0.0377353318036,
        "stdev": 2.57710361481,
        "var": 6.64146280289
    },
    "melbands_spread": {
        "dmean": 2.68406200409,
        "dmean2": 3.71608400345,
        "dvar": 69.1209030151,
        "dvar2": 165.56741333,
        "max": 179.946334839,
        "mean": 7.32726192474,
        "median": 3.7785422802,
        "min": 0.42833635211,
        "stdev": 12.1573410034,
        "var": 147.800949097
    },
    "pitch_salience": {
        "dmean": 0.0649419352412,
        "dmean2": 0.102759458125,
        "dvar": 0.00540431821719,
        "dvar2": 0.0131237730384,
        "max": 0.816088199615,
        "mean": 0.420549422503,
        "median": 0.440536916256,
        "min": 0.0362774245441,
        "stdev": 0.13755004108,
        "var": 0.0189200155437
    },
    "silence_rate_20dB": {
        "dmean": 0,
        "dmean2": 0,
        "dvar": 0,
        "dvar2": 0,
        "max": 1,
        "mean": 1,
        "median": 1,
        "min": 1,
        "stdev": 0,
        "var": 0
    },
    "silence_rate_30dB": {
        "dmean": 0.0123839005828,
        "dmean2": 0.0247869864106,
        "dvar": 0.0122306644917,
        "dvar2": 0.0334675088525,
        "max": 1,
        "mean": 0.992266058922,
        "median": 1,
        "min": 0,
        "stdev": 0.0876028835773,
        "var": 0.00767426518723
    },
    "silence_rate_60dB": {
        "dmean": 0.0263157896698,
        "dmean2": 0.0518977530301,
        "dvar": 0.0256232153624,
        "dvar2": 0.0554009340703,
        "max": 1,
        "mean": 0.0850734710693,
        "median": 0,
        "min": 0,
        "stdev": 0.278990864754,
        "var": 0.0778358951211
    },
    "spectral_centroid": {
        "dmean": 120.269630432,
        "dmean2": 160.180969238,
        "dvar": 57696.9296875,
        "dvar2": 95022.1328125,
        "max": 3832.76318359,
        "mean": 538.77935791,
        "median": 367.722961426,
        "min": 144.805236816,
        "stdev": 526.513427734,
        "var": 277216.375
    },
    "spectral_complexity": {
        "dmean": 1.42105257511,
        "dmean2": 2.21843528748,
        "dvar": 3.2530374527,
        "dvar2": 6.52082157135,
        "max": 31,
        "mean": 8.15390586853,
        "median": 7,
        "min": 0,
        "stdev": 4.35547399521,
        "var": 18.9701519012
    },
    "spectral_decrease": {
        "dmean": 2.43855424742e-09,
        "dmean2": 3.79405662443e-09,
        "dvar": 1.36653438383e-17,
        "dvar2": 3.39711794832e-17,
        "max": -3.49987847406e-14,
        "mean": -8.48568859624e-09,
        "median": -6.56956178346e-09,
        "min": -3.8373688227e-08,
        "stdev": 7.33721927659e-09,
        "var": 5.38347870019e-17
    },
    "spectral_energy": {
        "dmean": 0.0093645369634,
        "dmean2": 0.0145823257044,
        "dvar": 0.000200662339921,
        "dvar2": 0.000499111192767,
        "max": 0.147674113512,
        "mean": 0.0329305902123,
        "median": 0.0258007459342,
        "min": 1.37176499493e-07,
        "stdev": 0.0281662363559,
        "var": 0.00079333683243
    },
    "spectral_energyband_high": {
        "dmean": 0.000135853726533,
        "dmean2": 0.000189110331121,
        "dvar": 1.48813228407e-07,
        "dvar2": 2.85892866714e-07,
        "max": 0.0056401300244,
        "mean": 0.000364467938198,
        "median": 7.40529430914e-05,
        "min": 3.07148506629e-09,
        "stdev": 0.000780280970503,
        "var": 6.08838377048e-07
    },
    "spectral_energyband_low": {
        "dmean": 0.00593122979626,
        "dmean2": 0.00929344259202,
        "dvar": 0.000110645480163,
        "dvar2": 0.000282299588434,
        "max": 0.113641068339,
        "mean": 0.0161567348987,
        "median": 0.00714328512549,
        "min": 7.78102844379e-08,
        "stdev": 0.0193033535033,
        "var": 0.000372619455447
    },
    "spectral_energyband_middle_high": {
        "dmean": 0.000267620867817,
        "dmean2": 0.000367493601516,
        "dvar": 3.75247481088e-07,
        "dvar2": 8.07494927813e-07,
        "max": 0.00815784931183,
        "mean": 0.000770435726736,
        "median": 0.000383382022846,
        "min": 7.0132895047e-09,
        "stdev": 0.00105655996595,
        "var": 1.11631891286e-06
    },
    "spectral_energyband_middle_low": {
        "dmean": 0.00655176630244,
        "dmean2": 0.00994357094169,
        "dvar": 0.00012444370077,
        "dvar2": 0.000305954163196,
        "max": 0.146070078015,
        "mean": 0.0228210706264,
        "median": 0.0132379457355,
        "min": 5.44388853996e-08,
        "stdev": 0.0229282192886,
        "var": 0.00052570324624
    },
    "spectral_entropy": {
        "dmean": 0.263572007418,
        "dmean2": 0.368481695652,
        "dvar": 0.100380934775,
        "dvar2": 0.184112414718,
        "max": 8.41314411163,
        "mean": 6.31169319153,
        "median": 6.25736379623,
        "min": 4.23886203766,
        "stdev": 0.851319491863,
        "var": 0.724744915962
    },
    "spectral_flux": {
        "dmean": 0.0256586689502,
        "dmean2": 0.0406517833471,
        "dvar": 0.00102583528496,
        "dvar2": 0.0025991499424,
        "max": 0.266536176205,
        "mean": 0.0516965016723,
        "median": 0.0401183515787,
        "min": 0.000370373454643,
        "stdev": 0.0436439663172,
        "var": 0.00190479587764
    },
    "spectral_kurtosis": {
        "dmean": 4.26948976517,
        "dmean2": 6.77432870865,
        "dvar": 38.1400680542,
        "dvar2": 89.9166488647,
        "max": 106.607276917,
        "mean": 11.6344547272,
        "median": 7.1528968811,
        "min": -0.145402908325,
        "stdev": 12.4447956085,
        "var": 154.872940063
    },
    "spectral_rms": {
        "dmean": 0.000756753026508,
        "dmean2": 0.00114171998575,
        "dvar": 1.04243133592e-06,
        "dvar2": 2.32373281506e-06,
        "max": 0.0120030120015,
        "mean": 0.00506449025124,
        "median": 0.00501711666584,
        "min": 1.1568523405e-05,
        "stdev": 0.00254525989294,
        "var": 6.47834804113e-06
    },
    "spectral_rolloff": {
        "dmean": 209.781570435,
        "dmean2": 331.203216553,
        "dvar": 507016.03125,
        "dvar2": 978458.9375,
        "max": 8914.74609375,
        "mean": 666.794555664,
        "median": 279.931640625,
        "min": 129.19921875,
        "stdev": 1221.92883301,
        "var": 1493110.125
    },
    "spectral_skewness": {
        "dmean": 0.413611024618,
        "dmean2": 0.623873531818,
        "dvar": 0.222330659628,
        "dvar2": 0.474305808544,
        "max": 9.06865596771,
        "mean": 2.57188510895,
        "median": 2.34172844887,
        "min": 0.185641676188,
        "stdev": 1.16438186169,
        "var": 1.35578525066
    },
    "spectral_spread": {
        "dmean": 647603.4375,
        "dmean2": 949989.8125,
        "dvar": 612786438144,
        "dvar2": 1.15777640858e+12,
        "max": 17178238,
        "mean": 4596644,
        "median": 4504550,
        "min": 930760,
        "stdev": 1981973.875,
        "var": 3.92822049997e+12
    },
    "spectral_strongpeak": {
        "dmean": 0.222919970751,
        "dmean2": 0.368159890175,
        "dvar": 0.0882461741567,
        "dvar2": 0.220516547561,
        "max": 3.19828653336,
        "mean": 0.892276287079,
        "median": 0.848543405533,
        "min": 0,
        "stdev": 0.498315423727,
        "var": 0.248318269849
    },
    "zerocrossingrate": {
        "dmean": 0.00738355331123,
        "dmean2": 0.00802808534354,
        "dvar": 0.000145411206177,
        "dvar2": 0.000147245853441,
        "max": 0.2255859375,
        "mean": 0.032485999167,
        "median": 0.02197265625,
        "min": 0.00537109375,
        "stdev": 0.0346204601228,
        "var": 0.00119857629761
    },
    "barkbands": {
        "dmean": [1.46983429659e-05, 0.000180563700269, 0.00382707477547, 0.00353685370646, 0.00361777865328, 0.000615283788648, 0.000188004123629, 0.000115012742754, 6.52117523714e-05, 6.67224521749e-05, 6.55658441246e-05, 2.24462601182e-05, 4.95443091495e-05, 4.27478116762e-05, 3.24254324369e-05, 3.70994166587e-05, 3.51511844201e-05, 1.30859079945e-05, 2.80266049231e-05, 4.45232035418e-05, 3.81970348826e-05, 2.83662957372e-05, 2.37157019001e-05, 2.3439863071e-05, 2.35991428781e-05, 1.60984418471e-05, 7.97155280452e-07],
        "dmean2": [2.42438436544e-05, 0.000278232881101, 0.00612324196845, 0.00526224356145, 0.00558844115585, 0.000887209433131, 0.000302464293782, 0.000160005467478, 9.29553207243e-05, 8.37525512907e-05, 8.93706528586e-05, 3.26254266838e-05, 7.74180443841e-05, 6.69073560857e-05, 4.97225155414e-05, 5.45319708181e-05, 5.51228222321e-05, 1.97003391804e-05, 4.55448280263e-05, 7.02178294887e-05, 5.59109394089e-05, 4.33329041698e-05, 3.37989258696e-05, 3.41486957041e-05, 3.53621508111e-05, 2.38594129769e-05, 1.25935321194e-06],
        "dvar": [1.7199462965e-09, 2.07499041949e-07, 5.41070148756e-05, 4.14309361076e-05, 8.08980257716e-05, 1.36088488034e-06, 2.3136695404e-07, 1.00979015372e-07, 2.6990553792e-08, 3.21307993545e-08, 5.80621417612e-08, 3.64954177989e-09, 3.45286608194e-08, 2.51990819322e-08, 2.22870522038e-08, 1.40467513177e-08, 2.32300454428e-08, 3.62203600446e-09, 1.01371195882e-08, 2.00592769062e-08, 1.90601827654e-08, 1.1733900962e-08, 4.23888124601e-09, 3.85742504605e-09, 3.72313557762e-09, 1.84928627966e-09, 4.55905842592e-12],
        "dvar2": [3.31373306572e-09, 4.42977153625e-07, 0.000136345930514, 9.1869958851e-05, 0.000215734355152, 3.02945159092e-06, 5.8805272829e-07, 1.56569868182e-07, 4.7699572292e-08, 5.17835161418e-08, 1.2729171317e-07, 6.82916834194e-09, 8.52554080666e-08, 6.08740009511e-08, 5.96287677013e-08, 3.4914037883e-08, 5.78042929078e-08, 7.88180187783e-09, 2.64936854677e-08, 4.65490330726e-08, 4.16594296837e-08, 2.61202277585e-08, 7.69622143793e-09, 8.39501801408e-09, 8.09469025143e-09, 4.46673720234e-09, 1.08393528528e-11],
        "max": [0.000558398140129, 0.00826914887875, 0.0822531878948, 0.0753576606512, 0.129866167903, 0.0200314223766, 0.0072386180982, 0.00609697494656, 0.00386263267137, 0.00369006744586, 0.00551067804918, 0.000980866374448, 0.00389017863199, 0.00303275394253, 0.00347602390684, 0.00213752407581, 0.00366679322906, 0.00118201656733, 0.00147493940312, 0.00248298794031, 0.002782296855, 0.00191834988073, 0.00103359553032, 0.00113753799815, 0.00125955289695, 0.000601141597144, 3.46337583323e-05],
        "mean": [1.64951088664e-05, 0.000295890175039, 0.00871777441353, 0.0108175240457, 0.00896182004362, 0.00196002773009, 0.000450346560683, 0.000307913986035, 0.000219450244913, 0.000167742327903, 0.000183234835276, 4.17423216277e-05, 8.00875641289e-05, 6.61575104459e-05, 5.95696219534e-05, 7.05074999132e-05, 5.353394954e-05, 1.96692253667e-05, 3.89457964047e-05, 8.39455315145e-05, 6.58397111692e-05, 5.61723572901e-05, 5.59695581615e-05, 5.71650271013e-05, 5.11077378178e-05, 3.08367561956e-05, 1.17561864954e-06],
        "median": [3.94819380745e-06, 4.62862080894e-05, 0.00275639211759, 0.00241004745476, 0.00384433264844, 0.00123356538825, 0.000157062648213, 0.000109420689114, 9.4772563898e-05, 4.77872417832e-05, 3.55976662831e-05, 9.32798775466e-06, 2.02242263185e-05, 9.50687535806e-06, 8.08215827419e-06, 2.26175034186e-05, 1.47077171277e-05, 4.6145014494e-06, 7.90748708823e-06, 1.40679558172e-05, 5.65157824894e-06, 8.72542204888e-06, 1.03629863588e-05, 1.04686832856e-05, 1.12686448119e-05, 3.63530489267e-06, 1.14533882822e-07],
        "min": [8.10818878705e-09, 3.2285733198e-08, 2.63230646169e-08, 2.20558362685e-08, 2.49447431599e-08, 4.53918636012e-09, 1.5751449034e-09, 6.99750424271e-10, 6.03339656013e-10, 5.28557232704e-11, 6.63940014078e-10, 1.12216891335e-09, 1.88769777587e-09, 7.61365359647e-10, 2.68505856438e-10, 4.72399785956e-10, 5.64044311258e-10, 6.21104834231e-10, 2.92690122139e-10, 3.5451769298e-10, 6.27645102558e-10, 5.21054255298e-10, 5.52935697229e-10, 2.50204273966e-10, 7.7910861096e-10, 2.16290832467e-10, 1.00775822149e-12],
        "stdev": [4.93207298859e-05, 0.00080296426313, 0.0125298490748, 0.0153220407665, 0.0141949700192, 0.00224803132005, 0.00071262504207, 0.000602484331466, 0.000321237806929, 0.000349859212292, 0.000388901971746, 9.40734171309e-05, 0.000234706953052, 0.000209218196687, 0.00018093874678, 0.000141063108458, 0.000153319720994, 7.1061658673e-05, 0.000111370929517, 0.000208487937925, 0.000209842954064, 0.000165917736012, 0.000131285079988, 0.000117680625408, 0.000102221827547, 6.50411166134e-05, 2.91042215395e-06],
        "var": [2.43253439614e-09, 6.44751594336e-07, 0.000156997120939, 0.000234764927882, 0.000201497168746, 5.05364505443e-06, 5.07834442942e-07, 3.629873504e-07, 1.03193727341e-07, 1.22401459635e-07, 1.5124473407e-07, 8.84980799754e-09, 5.50873515692e-08, 4.37722533775e-08, 3.2738828537e-08, 1.98988008293e-08, 2.35069350651e-08, 5.0497592774e-09, 1.24034835736e-08, 4.3467217381e-08, 4.40340635066e-08, 2.75286957674e-08, 1.72357736972e-08, 1.38487301626e-08, 1.04493027564e-08, 4.23034718366e-09, 8.47055672132e-12]
    },
    "erbbands": {
        "dmean": [0.0044869412668, 0.0932667180896, 2.72928261757, 10.0856895447, 12.8850917816, 10.2034807205, 6.91972541809, 3.66731190681, 3.0145843029, 2.03712296486, 2.49161362648, 1.62853062153, 2.27233743668, 1.38632166386, 2.56129193306, 1.02350819111, 1.95808243752, 2.43658494949, 1.58995771408, 1.78896653652, 2.04951000214, 1.69122898579, 0.676064670086, 0.910349011421, 1.94340455532, 2.17055392265, 1.96713757515, 1.13868689537, 1.04518675804, 1.0063624382, 0.598909497261, 0.417639523745, 0.43397974968, 0.32265791297, 0.156990721822, 0.094813272357, 0.0244471207261, 0.00299387145787, 8.95227130968e-05, 1.17007311928e-05],
        "dmean2": [0.00750007294118, 0.142617598176, 4.34129047394, 15.5871601105, 19.6476821899, 15.8468589783, 10.0020904541, 5.37803792953, 4.93104124069, 3.18842768669, 3.44699406624, 2.20882415771, 2.77417421341, 1.71810495853, 3.62524056435, 1.40532767773, 2.957477808, 3.74324321747, 2.38422727585, 2.71244096756, 3.06602621078, 2.5944480896, 1.00547790527, 1.41688430309, 3.17200541496, 3.39994549751, 2.97995066643, 1.71909499168, 1.58034956455, 1.43826758862, 0.864562451839, 0.604527175426, 0.642276704311, 0.484268635511, 0.237330257893, 0.144925460219, 0.0358065031469, 0.00463978806511, 0.000140739022754, 1.80139868462e-05],
        "dvar": [0.000185514101759, 0.0372845754027, 28.6587677002, 324.604431152, 906.050964355, 557.747619629, 140.08416748, 53.0280799866, 61.2203826904, 30.3309345245, 60.6649894714, 17.1662349701, 38.5397758484, 28.1540966034, 105.991134644, 7.90223884583, 49.5078887939, 94.7791366577, 24.729801178, 84.4416809082, 36.322265625, 73.1498031616, 6.13048648834, 19.4563045502, 48.311580658, 53.9036750793, 51.5663223267, 20.3256072998, 17.2269954681, 11.5959749222, 2.94952344894, 1.44510364532, 1.30448114872, 0.855410337448, 0.147345498204, 0.064205467701, 0.00413402076811, 8.78586215549e-05, 6.21675297907e-08, 2.67485533723e-10],
        "dvar2": [0.000495747081004, 0.0757757648826, 69.9860076904, 805.142883301, 2299.91967773, 1393.51538086, 304.585601807, 124.580917358, 158.346252441, 63.1929893494, 97.6967010498, 24.7773323059, 56.0885810852, 44.5295028687, 247.462112427, 13.7250041962, 116.56212616, 217.881362915, 59.6456184387, 234.701446533, 82.8765335083, 184.822967529, 13.6917228699, 47.4445648193, 135.071502686, 134.019760132, 116.917770386, 43.0703353882, 40.3820304871, 22.4989452362, 6.09474754333, 2.86940193176, 3.03862833977, 1.87355995178, 0.34322693944, 0.161712497473, 0.00931093469262, 0.000201171002118, 1.41203059911e-07, 6.52953024982e-10],
        "max": [0.188542991877, 3.74313688278, 66.7644577026, 182.445144653, 494.501708984, 447.188354492, 148.562133789, 140.432449341, 111.668395996, 82.8955230713, 168.183181763, 118.388084412, 157.085906982, 187.861968994, 235.731948853, 51.3745536804, 182.022735596, 182.723083496, 89.8563079834, 228.765853882, 135.172424316, 220.37802124, 54.7634963989, 98.0056686401, 92.917640686, 123.655303955, 126.085014343, 113.817001343, 74.5268783569, 77.6052856445, 28.9084529877, 27.9025382996, 17.3853569031, 22.6348209381, 5.07558774948, 3.52916765213, 1.16575372219, 0.173321187496, 0.00389257958159, 0.000169820516021],
        "mean": [0.00655003963038, 0.19808191061, 6.35010623932, 30.2801742554, 31.1790046692, 28.5540294647, 21.9590435028, 11.7235002518, 8.14300727844, 4.88573646545, 7.67584848404, 6.18571901321, 5.8646645546, 3.51446938515, 7.51677322388, 2.22907757759, 3.52544689178, 3.96757102013, 3.08797550201, 3.5232436657, 3.67253398895, 2.5048635006, 1.17990636826, 1.34791040421, 2.75293922424, 4.15080118179, 3.4771938324, 2.05713248253, 1.94119024277, 2.20717191696, 1.40411269665, 0.991689682007, 1.03764557838, 0.686610043049, 0.321319192648, 0.175758272409, 0.0465869642794, 0.00551214953884, 0.000177608962986, 4.21078148065e-05],
        "median": [0.00271108979359, 0.0733224004507, 2.6122751236, 11.4008226395, 12.7914533615, 10.3207159042, 14.0776386261, 7.0058631897, 3.66392636299, 1.49032568932, 3.07507181168, 3.044008255, 1.38894104958, 1.68610954285, 1.47065889835, 0.712152421474, 1.00582587719, 0.54982483387, 0.582207977772, 1.08085429668, 1.41534996033, 0.733879625797, 0.347473829985, 0.315027743578, 0.559445083141, 0.679845154285, 0.393346428871, 0.20691357553, 0.27345842123, 0.358572214842, 0.25984120369, 0.198136076331, 0.168340995908, 0.132662549615, 0.0664351508021, 0.0231006033719, 0.00487188762054, 0.000673589995131, 4.37990856881e-05, 3.81449681299e-05],
        "min": [1.015981411e-06, 7.14044927008e-06, 2.68166349997e-05, 5.85874258832e-05, 8.33706217236e-05, 8.05186937214e-05, 5.47505260329e-05, 3.29234899255e-05, 2.53112812061e-05, 1.84298369277e-05, 1.5476020053e-05, 1.44841342262e-05, 4.28584371548e-06, 5.20014191352e-06, 4.82666582684e-05, 3.84997183573e-05, 7.7474542195e-05, 5.93167314946e-05, 2.44297552854e-05, 1.48917370097e-05, 2.55688373727e-05, 3.48209687218e-05, 3.30252769345e-05, 2.0121493435e-05, 2.33405280596e-05, 1.37129072755e-05, 2.1969592126e-05, 2.1751746317e-05, 1.6664087525e-05, 3.0235885788e-05, 8.78661467141e-06, 3.88588841815e-06, 5.30347188032e-06, 8.07430751593e-06, 5.05629850522e-06, 1.80338827249e-06, 2.48326529118e-07, 5.80974806041e-08, 1.35833362336e-08, 1.52924806152e-09],
        "stdev": [0.0134413717315, 0.376738160849, 9.04603290558, 37.2828369141, 48.9598808289, 44.6585273743, 22.805021286, 14.2181653976, 11.7942800522, 9.84334468842, 14.9013261795, 8.52711772919, 12.761220932, 7.71682596207, 17.3704338074, 4.51963186264, 9.70421791077, 13.364200592, 7.55967378616, 10.1986188889, 7.6448559761, 8.32055950165, 3.15381193161, 4.69186115265, 7.403175354, 10.4333276749, 10.5350036621, 6.89372968674, 5.87212133408, 6.14188241959, 3.29466724396, 2.40331077576, 2.04878687859, 1.48947668076, 0.617054224014, 0.372659981251, 0.100254788995, 0.012798814103, 0.000362513936125, 3.37405253958e-05],
        "var": [0.000180670482223, 0.141931653023, 81.8307189941, 1390.0098877, 2397.06982422, 1994.3840332, 520.068969727, 202.156219482, 139.105041504, 96.8914337158, 222.049514771, 72.7117385864, 162.848770142, 59.5494003296, 301.731994629, 20.4270706177, 94.1718444824, 178.601852417, 57.1486663818, 104.011817932, 58.4438209534, 69.2317123413, 9.9465303421, 22.0135593414, 54.8070030212, 108.854324341, 110.986305237, 47.5235061646, 34.4818115234, 37.7227210999, 10.8548326492, 5.77590274811, 4.19752788544, 2.21854090691, 0.380755901337, 0.138875469565, 0.0100510232151, 0.000163809643709, 1.31416356908e-07, 1.13842313354e-09]
    },
    "gfcc": {
        "mean": [-77.3952865601, 109.652252197, -74.9621429443, 29.0864505768, -64.8528289795, 0.638141036034, -49.8402175903, -8.15387821198, -36.3069610596, -11.1963977814, -24.4013385773, -9.20148944855, -9.63409042358],
        "cov": [[7142.10839844, -2865.15185547, 656.612915039, 411.421936035, -216.868545532, 860.459777832, -726.12121582, 322.321502686, -561.501281738, 465.932067871, -669.405700684, 25.2925796509, -306.479827881], [-2865.15185547, 2208.28027344, -145.818008423, -317.685028076, 426.965454102, -496.875152588, 316.009033203, -200.518325806, 299.152770996, -415.91027832, 237.055923462, -132.12046814, 116.197669983], [656.612915039, -145.818008423, 812.7109375, 208.585617065, 290.976531982, 184.96206665, -166.881576538, 46.2060241699, -146.840042114, -17.3499202728, -141.480041504, -83.667930603, -107.667984009], [411.421936035, -317.685028076, 208.585617065, 579.196777344, 214.23727417, 71.6202850342, -53.6476860046, 30.5950927734, 18.5306377411, 7.21082401276, -50.085308075, -28.9953899384, 6.62708902359], [-216.868545532, 426.965454102, 290.976531982, 214.23727417, 564.304748535, -4.83514595032, -44.4606933594, -23.2233428955, 29.9791297913, -103.638809204, -53.5256919861, -90.2168045044, -55.9409294128], [860.459777832, -496.875152588, 184.96206665, 71.6202850342, -4.83514595032, 416.201477051, -54.0177650452, 81.8321228027, -117.116088867, 97.6017227173, -24.9005451202, -5.76731300354, -80.3333816528], [-726.12121582, 316.009033203, -166.881576538, -53.6476860046, -44.4606933594, -54.0177650452, 279.576263428, -24.5255622864, 26.3189029694, -30.7449321747, 111.908538818, 9.92044067383, 40.6024131775], [322.321502686, -200.518325806, 46.2060241699, 30.5950927734, -23.2233428955, 81.8321228027, -24.5255622864, 141.614715576, -9.92457771301, 43.9017829895, -11.076130867, 30.0400123596, -10.1034059525], [-561.501281738, 299.152770996, -146.840042114, 18.5306377411, 29.9791297913, -117.116088867, 26.3189029694, -9.92457771301, 185.193649292, -46.0413398743, 48.7427635193, 16.6580238342, 62.0668411255], [465.932067871, -415.91027832, -17.3499202728, 7.21082401276, -103.638809204, 97.6017227173, -30.7449321747, 43.9017829895, -46.0413398743, 166.284729004, -21.6250476837, 29.9660949707, -29.4032802582], [-669.405700684, 237.055923462, -141.480041504, -50.085308075, -53.5256919861, -24.9005451202, 111.908538818, -11.076130867, 48.7427635193, -21.6250476837, 188.245849609, 30.006570816, 15.1656236649], [25.2925796509, -132.12046814, -83.667930603, -28.9953899384, -90.2168045044, -5.76731300354, 9.92044067383, 30.0400123596, 16.6580238342, 29.9660949707, 30.006570816, 102.457611084, 26.4542293549], [-306.479827881, 116.197669983, -107.667984009, 6.62708902359, -55.9409294128, -80.3333816528, 40.6024131775, -10.1034059525, 62.0668411255, -29.4032802582, 15.1656236649, 26.4542293549, 106.050056458]],
        "icov": [[0.000509285659064, 7.03415789758e-05, 0.000229699071497, -0.000303562148474, 0.00025883410126, -0.000469141290523, 0.000571818905883, -0.000380002951715, 0.000656760006677, -4.60660303361e-05, 0.0012849313207, -0.000318815931678, 0.000671570771374], [7.03415789758e-05, 0.00471258722246, -0.00110382144339, 0.00363933667541, -0.00335262273438, 0.00198689009994, -0.00268096430227, 0.000858291459735, -0.00389670394361, 0.00457851355895, -0.00354696600698, 0.00433111516759, -0.00248668109998], [0.000229699071497, -0.00110382144339, 0.00278805894777, -0.00143698940519, 0.000117218747619, -0.00111616717186, 0.00166308588814, -0.00101748318411, 0.00279214559123, -0.000320465420373, 0.00200025644153, -0.000754153821617, 0.0014554153895], [-0.000303562148474, 0.00363933667541, -0.00143698940519, 0.00539295375347, -0.00371395610273, 0.00151435588486, -0.00239506596699, 0.000732624321245, -0.00394133431837, 0.00279163033701, -0.00365784368478, 0.00383981899358, -0.00384001247585], [0.00025883410126, -0.00335262273438, 0.000117218747619, -0.00371395610273, 0.00593741983175, -0.00160077016335, 0.00192147493362, -0.000605965324212, 0.00165170442779, -0.00159514031839, 0.00393852125853, -0.00233235978521, 0.00450816052034], [-0.000469141290523, 0.00198689009994, -0.00111616717186, 0.00151435588486, -0.00160077016335, 0.00521763181314, -0.00159428198822, -0.000772225670516, -0.00087041745428, 0.00068845343776, -0.00353069743142, 0.00257707433775, -0.000553483958356], [0.000571818905883, -0.00268096430227, 0.00166308588814, -0.00239506596699, 0.00192147493362, -0.00159428198822, 0.0076127727516, -0.000978162861429, 0.00445013353601, -0.00248774560168, 0.000633039744571, -0.00203778548166, 0.000349792127963], [-0.000380002951715, 0.000858291459735, -0.00101748318411, 0.000732624321245, -0.000605965324212, -0.000772225670516, -0.000978162861429, 0.00960915256292, -0.00250305072404, -0.000236652631429, -0.00117630581371, -0.00171153864358, -0.00073755858466], [0.000656760006677, -0.00389670394361, 0.00279214559123, -0.00394133431837, 0.00165170442779, -0.00087041745428, 0.00445013353601, -0.00250305072404, 0.0138519247994, -0.00333082280122, 0.0026129335165, -0.00413658795878, -0.000853975652717], [-4.60660303361e-05, 0.00457851355895, -0.000320465420373, 0.00279163033701, -0.00159514031839, 0.00068845343776, -0.00248774560168, -0.000236652631429, -0.00333082280122, 0.0141113502905, -0.00225658831187, 0.00231703044847, 0.000567047507502], [0.0012849313207, -0.00354696600698, 0.00200025644153, -0.00365784368478, 0.00393852125853, -0.00353069743142, 0.000633039744571, -0.00117630581371, 0.0026129335165, -0.00225658831187, 0.0146684488282, -0.00641589332372, 0.00625560153276], [-0.000318815931678, 0.00433111516759, -0.000754153821617, 0.00383981899358, -0.00233235978521, 0.00257707433775, -0.00203778548166, -0.00171153864358, -0.00413658795878, 0.00231703044847, -0.00641589332372, 0.0180722866207, -0.00586079852656], [0.000671570771374, -0.00248668109998, 0.0014554153895, -0.00384001247585, 0.00450816052034, -0.000553483958356, 0.000349792127963, -0.00073755858466, -0.000853975652717, 0.000567047507502, 0.00625560153276, -0.00586079852656, 0.0187915209681]]
    },
    "melbands": {
        "dmean": [4.04994680139e-05, 0.00107206136454, 0.00164866819978, 0.00087794783758, 0.000248192372965, 8.96894780453e-05, 4.37247254013e-05, 2.14378505916e-05, 1.95128413907e-05, 9.23732932279e-06, 1.12545048978e-05, 5.34689206688e-06, 8.89475177246e-06, 3.82514235753e-06, 2.33243781622e-06, 5.47355239178e-06, 4.5987339945e-06, 2.55220379586e-06, 2.27160717259e-06, 2.91331116387e-06, 2.49289018939e-06, 2.10206735574e-06, 8.66441780545e-07, 6.0519124645e-07, 7.40123766718e-07, 1.18705168006e-06, 1.51523965997e-06, 1.55425084358e-06, 1.37970687319e-06, 9.89823092823e-07, 6.84177507537e-07, 6.33287470464e-07, 5.85201519243e-07, 6.15932265191e-07, 4.12898032209e-07, 2.40711926836e-07, 2.82297577314e-07, 3.29783091502e-07, 2.84433951947e-07, 2.95530327321e-07],
        "dmean2": [6.4817009843e-05, 0.00169757811818, 0.00252524996176, 0.00136670435313, 0.000368753448129, 0.000131221255288, 7.10141684976e-05, 3.27081688738e-05, 2.70973123406e-05, 1.27048933791e-05, 1.36781045512e-05, 6.72358328302e-06, 1.24992611745e-05, 5.38095446245e-06, 3.36198240802e-06, 8.62265733304e-06, 7.01165572536e-06, 3.83388260161e-06, 3.61298475582e-06, 4.31219677921e-06, 3.79416701435e-06, 3.29938438881e-06, 1.36237372317e-06, 9.23601021441e-07, 1.18994307741e-06, 1.96469250113e-06, 2.4553107778e-06, 2.46401054937e-06, 2.13531325244e-06, 1.51600886511e-06, 9.69894813352e-07, 9.88831516224e-07, 8.88725196546e-07, 8.93645392352e-07, 6.16667023223e-07, 3.58539068657e-07, 4.15349546756e-07, 4.94331288792e-07, 4.35981917235e-07, 4.49011366754e-07],
        "dvar": [1.3075270644e-08, 4.07914558309e-06, 6.81209758113e-06, 5.23102289662e-06, 1.79226702812e-07, 2.99611215837e-08, 1.27243211523e-08, 3.20816373467e-09, 3.59102125813e-09, 5.74390313091e-10, 9.28903232111e-10, 4.1435718745e-10, 1.25043142507e-09, 1.16735315858e-10, 4.33134465794e-11, 4.27947566273e-10, 3.33557931276e-10, 5.22941967507e-11, 2.03078498462e-10, 1.00914887557e-10, 5.63293092726e-11, 1.20853035912e-10, 1.2520014539e-11, 5.70658364313e-12, 1.54281292603e-11, 1.93651275571e-11, 2.36841622703e-11, 3.419856065e-11, 2.81261351015e-11, 1.62924864572e-11, 6.59216691651e-12, 6.74927518388e-12, 4.77804514704e-12, 3.97440110336e-12, 1.43729657082e-12, 4.97766378896e-13, 6.63199150545e-13, 6.77600011691e-13, 6.33580969807e-13, 8.80871384949e-13],
        "dvar2": [3.27435039083e-08, 1.01371260826e-05, 1.65656674653e-05, 1.4028411897e-05, 4.11959860003e-07, 6.90902695055e-08, 3.25838911408e-08, 6.31723739986e-09, 6.01005956113e-09, 8.21284984465e-10, 1.34612143654e-09, 6.52713938454e-10, 2.90047430518e-09, 2.22825230489e-10, 9.03997640633e-11, 1.02413011405e-09, 7.66261609719e-10, 1.21891580163e-10, 5.73133485116e-10, 2.71320826917e-10, 1.27101593139e-10, 3.14305304006e-10, 2.83808358759e-11, 1.18352888254e-11, 3.90399795824e-11, 5.08606212701e-11, 6.5410871164e-11, 8.67148158834e-11, 6.28898877419e-11, 4.14980411145e-11, 1.35859214503e-11, 1.67506356008e-11, 9.50613112533e-12, 8.04040081043e-12, 3.19517394314e-12, 9.41242201367e-13, 1.41325406239e-12, 1.56930089583e-12, 1.47451311144e-12, 2.02428113334e-12],
        "max": [0.00156136450823, 0.0233242008835, 0.0273204892874, 0.0334483906627, 0.00514105055481, 0.00311683956534, 0.00166842842009, 0.00102791632526, 0.00128510477953, 0.000674844079185, 0.00076412060298, 0.000726422353182, 0.000875172321685, 0.000243241898715, 0.000179506998393, 0.000401958270231, 0.000325911096297, 0.000127450854052, 0.000357719371095, 0.000220859015826, 0.000157839793246, 0.000275346188573, 6.59932047711e-05, 5.24830793438e-05, 8.48149502417e-05, 5.77263090236e-05, 5.67616880289e-05, 0.000105279221316, 9.49090026552e-05, 0.000103188809589, 4.84701813548e-05, 5.10495920025e-05, 5.05701282236e-05, 4.23416749982e-05, 1.91175931832e-05, 1.512558174e-05, 1.7059594029e-05, 1.40243118949e-05, 1.46942466017e-05, 2.56833209278e-05],
        "mean": [5.729708937e-05, 0.00262817624025, 0.00499770138413, 0.00226373248734, 0.000799180765171, 0.000287250237307, 0.000114795489935, 5.09289129695e-05, 6.37808770989e-05, 3.31846858899e-05, 2.82097589661e-05, 1.28092106024e-05, 2.53112011706e-05, 9.35832031246e-06, 4.69714041174e-06, 8.9248369477e-06, 7.08525794835e-06, 4.80218022858e-06, 3.68876521861e-06, 6.03021135248e-06, 4.0442196223e-06, 2.95920290228e-06, 1.38580605835e-06, 1.0194164588e-06, 1.01586761048e-06, 1.54460258273e-06, 2.4485650556e-06, 2.84520569949e-06, 2.31032640841e-06, 1.59164869729e-06, 1.09779864488e-06, 1.07784660486e-06, 1.07738264887e-06, 1.32192690216e-06, 8.95161235803e-07, 5.50002312139e-07, 5.95759615862e-07, 7.73587942149e-07, 5.99576196691e-07, 5.75464582653e-07],
        "median": [1.06705119833e-05, 0.00123639637604, 0.00272601516917, 0.000922329083551, 0.000563637469895, 0.000176431101863, 4.90812890348e-05, 1.65928995557e-05, 3.02381795336e-05, 1.55439320224e-05, 5.71803411731e-06, 5.42534007764e-06, 5.10305926582e-06, 1.68341432527e-06, 1.98019324671e-06, 1.76956757514e-06, 8.64652179189e-07, 8.8994414682e-07, 5.75607202791e-07, 1.78097411663e-06, 1.42169290029e-06, 7.71440170411e-07, 2.95917999438e-07, 2.33064739064e-07, 2.22922693638e-07, 2.7867145036e-07, 4.940949907e-07, 3.59906465519e-07, 2.41483490981e-07, 1.19180086244e-07, 8.50436734368e-08, 1.29573066943e-07, 1.65182981959e-07, 1.96900955984e-07, 1.43335626035e-07, 1.06317976645e-07, 1.00593268826e-07, 1.13034857918e-07, 1.04702948533e-07, 9.83620509487e-08],
        "min": [9.68635394116e-09, 1.26741577233e-08, 1.08360191931e-08, 5.97320815032e-09, 2.22786344928e-09, 7.50541406802e-10, 3.699501816e-10, 1.87148699315e-10, 1.24366530962e-10, 8.57526827325e-11, 1.82610506577e-11, 1.23900646687e-11, 1.26264831923e-10, 1.60729693444e-10, 7.76011199743e-11, 2.14429030088e-10, 9.06366787179e-11, 4.23296536711e-11, 1.40356649914e-11, 2.65419890927e-11, 2.82671611812e-11, 2.85387061205e-11, 4.62639405951e-11, 2.45613460126e-11, 1.51988491237e-11, 9.99309055644e-12, 2.39193560791e-11, 4.50103799718e-12, 1.25264373527e-11, 1.17050371132e-11, 1.4414695132e-11, 7.72412515893e-12, 1.20222434438e-11, 1.90717459186e-11, 4.69625293514e-12, 2.87472758272e-12, 2.18427684794e-12, 4.4308385086e-12, 2.37386152402e-12, 9.34661462809e-12],
        "stdev": [0.000140693577123, 0.00347865233198, 0.00561647163704, 0.00370164657943, 0.000763653719332, 0.000339438993251, 0.000169238075614, 0.000102650054032, 0.000114093221782, 4.80677917949e-05, 6.33501986158e-05, 2.97692495224e-05, 5.33494931005e-05, 2.24973446166e-05, 9.76251976681e-06, 2.80618514807e-05, 2.43856557063e-05, 1.15106495286e-05, 1.34845467983e-05, 1.19489668577e-05, 9.49511377257e-06, 1.02268422779e-05, 4.28930070484e-06, 3.07583218273e-06, 3.97062740376e-06, 4.81478173242e-06, 5.7196398302e-06, 7.75126773078e-06, 7.57765792514e-06, 5.43137275599e-06, 3.79265429729e-06, 3.41443774232e-06, 3.51943253918e-06, 3.5749478684e-06, 2.15905834011e-06, 1.48607171013e-06, 1.49466757193e-06, 1.54314489009e-06, 1.26319525862e-06, 1.36484936775e-06],
        "var": [1.97946832259e-08, 1.21010225484e-05, 3.15447541652e-05, 1.37021879709e-05, 5.83167036439e-07, 1.15218824703e-07, 2.86415282602e-08, 1.0537033468e-08, 1.30172637114e-08, 2.31051244803e-09, 4.01324751209e-09, 8.86208217921e-10, 2.84616841206e-09, 5.06130526379e-10, 9.53067971765e-11, 7.87467480112e-10, 5.94660209963e-10, 1.32495056593e-10, 1.81832993107e-10, 1.42777817347e-10, 9.01571872713e-11, 1.04588310235e-10, 1.83981024859e-11, 9.4607438203e-12, 1.57658816557e-11, 2.31821246227e-11, 3.27142792023e-11, 6.00821545294e-11, 5.74208978976e-11, 2.94998123151e-11, 1.43842273162e-11, 1.16583851947e-11, 1.23864061369e-11, 1.27802516833e-11, 4.66153244477e-12, 2.20840901989e-12, 2.23403131931e-12, 2.38129611516e-12, 1.59566229587e-12, 1.86281372272e-12]
    },
    "melbands128": {
