{
"lowlevel": {
    "average_loudness": 0.988473057747,
    "barkbands_crest": {
        "dmean": 3.46256065369,
        "dmean2": 5.45161151886,
        "dvar": 14.9638614655,
        "dvar2": 39.0180473328,
        "max": 25.0766105652,
        "mean": 16.9366092682,
        "median": 17.6177978516,
        "min": 3.34122729301,
        "stdev": 4.83141326904,
        "var": 23.3425559998
    },
    "barkbands_flatness_db": {
        "dmean": 0.0349921248853,
        "dmean2": 0.0469402372837,
        "dvar": 0.00092511670664,
        "dvar2": 0.00205903151073,
        "max": 0.370950400829,
        "mean": 0.167707592249,
        "median": 0.156405687332,
        "min": 0.0278833508492,
        "stdev": 0.0589201152325,
        "var": 0.00347157986835
    },
    "barkbands_kurtosis": {
        "dmean": 10.4488220215,
        "dmean2": 14.4181623459,
        "dvar": 284.613830566,
        "dvar2": 529.561523438,
        "max": 286.637664795,
        "mean": 19.3729991913,
        "median": 9.8702917099,
        "min": -1.41697335243,
        "stdev": 27.7582912445,
        "var": 770.522766113
    },
    "barkbands_skewness": {
        "dmean": 0.972839534283,
        "dmean2": 1.36904919147,
        "dvar": 1.06494998932,
        "dvar2": 2.06750035286,
        "max": 14.1489028931,
        "mean": 3.45940208435,
        "median": 2.90630888939,
        "min": -1.71837568283,
        "stdev": 1.96766066551,
        "var": 3.87168860435
    },
    "barkbands_spread": {
        "dmean": 6.4443693161,
        "dmean2": 9.66167640686,
        "dvar": 64.9909667969,
        "dvar2": 161.039489746,
        "max": 73.710609436,
        "mean": 15.531665802,
        "median": 13.0894479752,
        "min": 0.666518568993,
        "stdev": 11.1329517365,
        "var": 123.942611694
    },
    "dissonance": {
        "dmean": 0.0219218004495,
        "dmean2": 0.0370742641389,
        "dvar": 0.000403757585445,
        "dvar2": 0.00102074712049,
        "max": 0.499085098505,
        "mean": 0.459022790194,
        "median": 0.46390324831,
        "min": 0.281103819609,
        "stdev": 0.0268560703844,
        "var": 0.000721248565242
    },
    "dynamic_complexity": 1.18940663338,
    "erbbands_crest": {
        "dmean": 2.43707466125,
        "dmean2": 3.94008541107,
        "dvar": 5.59574365616,
        "dvar2": 14.2034454346,
        "max": 24.5616703033,
        "mean": 7.86563777924,
        "median": 6.99313831329,
        "min": 2.75454211235,
        "stdev": 3.48023486137,
        "var": 12.1120347977
    },
    "erbbands_flatness_db": {
        "dmean": 0.018189297989,
        "dmean2": 0.0259558502585,
        "dvar": 0.000234054678003,
        "dvar2": 0.000447566650109,
        "max": 0.200292393565,
        "mean": 0.106083549559,
        "median": 0.103743955493,
        "min": 0.0468268617988,
        "stdev": 0.0255075953901,
        "var": 0.000650637433864
    },
    "erbbands_kurtosis": {
        "dmean": 0.984575688839,
        "dmean2": 1.52603077888,
        "dvar": 1.47817623615,
        "dvar2": 3.43982720375,
        "max": 12.8868703842,
        "mean": 0.577188491821,
        "median": 0.0205523967743,
        "min": -1.56764745712,
        "stdev": 1.84188103676,
        "var": 3.39252591133
    },
    "erbbands_skewness": {
        "dmean": 0.382208555937,
        "dmean2": 0.585722744465,
        "dvar": 0.123825237155,
        "dvar2": 0.313543856144,
        "max": 3.00995206833,
        "mean": 0.620830059052,
        "median": 0.611777961254,
        "min": -1.58334815502,
        "stdev": 0.570780992508,
        "var": 0.325790941715
    },
    "erbbands_spread": {
        "dmean": 12.6713905334,
        "dmean2": 19.518901825,
        "dvar": 172.423919678,
        "dvar2": 375.808166504,
        "max": 142.000946045,
        "mean": 48.9853401184,
        "median": 47.4972763062,
        "min": 10.8010187149,
        "stdev": 19.4402713776,
        "var": 377.924163818
    },
    "hfc": {
        "dmean": 15.8728637695,
        "dmean2": 24.0757293701,
        "dvar": 447.625091553,
        "dvar2": 1111.66503906,
        "max": 146.802108765,
        "mean": 34.2024803162,
        "median": 29.0139484406,
        "min": 1.13789373813e-16,
        "stdev": 23.2822570801,
        "var": 542.063537598
    },
    "loudness_ebu128": {
        "integrated": -7.32017040253,
        "loudness_range": 0.899971485138,
        "momentary": {
            "dmean": 0.377820789814,
            "dmean2": 0.619600951672,
            "dvar": 0.068655513227,
            "dvar2": 0.153961420059,
            "max": -6.30867576599,
            "mean": -7.35505437851,
            "median": -7.30967187881,
            "min": -9.53539276123,
            "stdev": 0.558855593204,
            "var": 0.312319546938
        },
        "short_term": {
            "dmean": 0.0244800727814,
            "dmean2": 0.0234656687826,
            "dvar": 0.000358845252777,
            "dvar2": 0.000431941851275,
            "max": -6.78374147415,
            "mean": -7.32817649841,
            "median": -7.29747819901,
            "min": -7.97248077393,
            "stdev": 0.280521810055,
            "var": 0.0786924809217
        }
    },
    "melbands_crest": {
        "dmean": 4.09616518021,
        "dmean2": 6.12424755096,
        "dvar": 19.0689697266,
        "dvar2": 40.1006584167,
        "max": 35.8451957703,
        "mean": 25.2264060974,
        "median": 25.3241271973,
        "min": 2.14992666245,
        "stdev": 6.3751745224,
        "var": 40.6428527832
    },
    "melbands_flatness_db": {
        "dmean": 0.0397639125586,
        "dmean2": 0.054073240608,
        "dvar": 0.00130317674484,
        "dvar2": 0.00289386603981,
        "max": 0.488804221153,
        "mean": 0.264527797699,
        "median": 0.252935290337,
        "min": 0.00509697012603,
        "stdev": 0.0693099573255,
        "var": 0.00480386987329
    },
    "melbands_kurtosis": {
        "dmean": 25.465215683,
        "dmean2": 37.6763267517,
        "dvar": 1882.03637695,
        "dvar2": 3991.55151367,
        "max": 559.014465332,
        "mean": 46.4182167053,
        "median": 26.1760902405,
        "min": -1.17541646957,
        "stdev": 61.8708343506,
        "var": 3828
    },
    "melbands_skewness": {
        "dmean": 1.4295771122,
        "dmean2": 2.07105755806,
        "dvar": 2.40371918678,
        "dvar2": 5.08825492859,
        "max": 17.5015125275,
        "mean": 4.93858528137,
        "median": 4.29159164429,
        "min": 0.0219540297985,
        "stdev": 2.67816638947,
        "var": 7.17257499695
    },
    "melbands_spread": {
        "dmean": 4.63253116608,
        "dmean2": 7.00839138031,
        "dvar": 39.1181144714,
        "dvar2": 83.995475769,
        "max": 132.529678345,
        "mean": 10.7340497971,
        "median": 8.98868656158,
        "min": 0.464210808277,
        "stdev": 8.5629196167,
        "var": 73.3235931396
    },
    "pitch_salience": {
        "dmean": 0.102173253894,
        "dmean2": 0.161031082273,
        "dvar": 0.0144298058003,
        "dvar2": 0.0362056903541,
        "max": 0.827095270157,
        "mean": 0.361642986536,
        "median": 0.355456024408,
        "min": 0.0694268867373,
        "stdev": 0.146402105689,
        "var": 0.0214335750788
    },
    "silence_rate_20dB": {
        "dmean": 0,
        "dmean2": 0,
        "dvar": 0,
        "dvar2": 0,
        "max": 1,
        "mean": 1,
        "median": 1,
        "min": 1,
        "stdev": 0,
        "var": 0
    },
    "silence_rate_30dB": {
        "dmean": 0.179566562176,
        "dmean2": 0.359411299229,
        "dvar": 0.147321239114,
        "dvar2": 0.255022376776,
        "max": 1,
        "mean": 0.593967497349,
        "median": 1,
        "min": 0,
        "stdev": 0.491087853909,
        "var": 0.241167277098
    },
    "silence_rate_60dB": {
        "dmean": 0.000773993786424,
        "dmean2": 0.000774593325332,
        "dvar": 0.000773391744588,
        "dvar2": 0.000773989362642,
        "max": 1,
        "mean": 0.00077339517884,
        "median": 0,
        "min": 0,
        "stdev": 0.0277991909534,
        "var": 0.000772794999648
    },
    "spectral_centroid": {
        "dmean": 288.18927002,
        "dmean2": 453.612457275,
        "dvar": 169273.265625,
        "dvar2": 292678.21875,
        "max": 10993.8203125,
        "mean": 1146.23742676,
        "median": 1088.81713867,
        "min": 297.857727051,
        "stdev": 554.606872559,
        "var": 307588.8125
    },
    "spectral_complexity": {
        "dmean": 6.06269359589,
        "dmean2": 9.39581680298,
        "dvar": 40.6114196777,
        "dvar2": 89.59765625,
        "max": 55,
        "mean": 21.2590866089,
        "median": 20,
        "min": 0,
        "stdev": 8.99662590027,
        "var": 80.9392776489
    },
    "spectral_decrease": {
        "dmean": 7.66628271975e-09,
        "dmean2": 9.67514779404e-09,
        "dvar": 8.19028185134e-17,
        "dvar2": 1.54960283717e-16,
        "max": -2.11439178148e-30,
        "mean": -2.94012920676e-08,
        "median": -2.28547083481e-08,
        "min": -7.9200304981e-08,
        "stdev": 1.6447716078e-08,
        "var": 2.70527341458e-16
    },
    "spectral_energy": {
        "dmean": 0.0296323671937,
        "dmean2": 0.0374372601509,
        "dvar": 0.00120470754337,
        "dvar2": 0.00230244500563,
        "max": 0.303233355284,
        "mean": 0.114069536328,
        "median": 0.0899453759193,
        "min": 1.03290156181e-20,
        "stdev": 0.06241966784,
        "var": 0.00389621476643
    },
    "spectral_energyband_high": {
        "dmean": 0.0011819738429,
        "dmean2": 0.00183635437861,
        "dvar": 3.79245147997e-06,
        "dvar2": 9.57517931965e-06,
        "max": 0.0135578215122,
        "mean": 0.00166925881058,
        "median": 0.00111490162089,
        "min": 7.06850713468e-21,
        "stdev": 0.00199604011141,
        "var": 3.98417569158e-06
    },
    "spectral_energyband_low": {
        "dmean": 0.0277624931186,
        "dmean2": 0.0365881845355,
        "dvar": 0.00136808934622,
        "dvar2": 0.00273641315289,
        "max": 0.283700972795,
        "mean": 0.0896994248033,
        "median": 0.0624066516757,
        "min": 7.08743560598e-23,
        "stdev": 0.0628164410591,
        "var": 0.00394590524957
    },
    "spectral_energyband_middle_high": {
        "dmean": 0.00285573909059,
        "dmean2": 0.00464570196345,
        "dvar": 1.97496501642e-05,
        "dvar2": 5.1865245041e-05,
        "max": 0.0448561906815,
        "mean": 0.00525642838329,
        "median": 0.00373894046061,
        "min": 1.8010642109e-21,
        "stdev": 0.00522788707167,
        "var": 2.73308014584e-05
    },
    "spectral_energyband_middle_low": {
        "dmean": 0.0111589282751,
        "dmean2": 0.0194398146123,
        "dvar": 0.000413372617913,
        "dvar2": 0.00115530751646,
        "max": 0.119511678815,
        "mean": 0.0192164499313,
        "median": 0.0150575926527,
        "min": 3.11322252306e-22,
        "stdev": 0.0173032432795,
        "var": 0.000299402250675
    },
    "spectral_entropy": {
        "dmean": 0.213357076049,
        "dmean2": 0.313320457935,
        "dvar": 0.0468211136758,
        "dvar2": 0.087898209691,
        "max": 9.80226135254,
        "mean": 7.78287696838,
        "median": 7.81713724136,
        "min": 6.75563526154,
        "stdev": 0.329725712538,
        "var": 0.108719050884
    },
    "spectral_flux": {
        "dmean": 0.061234023422,
        "dmean2": 0.0894000530243,
        "dvar": 0.00651078019291,
        "dvar2": 0.0100810732692,
        "max": 0.51663351059,
        "mean": 0.138126194477,
        "median": 0.103433810174,
        "min": 1.01631765503e-10,
        "stdev": 0.101216010749,
        "var": 0.0102446814999
    },
    "spectral_kurtosis": {
        "dmean": 1.21759605408,
        "dmean2": 1.79212093353,
        "dvar": 1.78484988213,
        "dvar2": 3.54793715477,
        "max": 16.8928375244,
        "mean": 3.25282025337,
        "median": 2.80268144608,
        "min": -1.22629547119,
        "stdev": 1.9779727459,
        "var": 3.91237640381
    },
    "spectral_rms": {
        "dmean": 0.00138457631692,
        "dmean2": 0.00174823403358,
        "dvar": 2.23465258387e-06,
        "dvar2": 4.13627594753e-06,
        "max": 0.0171999242157,
        "mean": 0.0101806716993,
        "median": 0.0093675814569,
        "min": 3.1744429134e-12,
        "stdev": 0.00276427296922,
        "var": 7.64120522945e-06
    },
    "spectral_rolloff": {
        "dmean": 272.397979736,
        "dmean2": 450.029052734,
        "dvar": 504460.875,
        "dvar2": 892758.4375,
        "max": 19509.0820312,
        "mean": 468.650726318,
        "median": 366.064453125,
        "min": 64.599609375,
        "stdev": 721.8359375,
        "var": 521047.125
    },
    "spectral_skewness": {
        "dmean": 0.220114976168,
        "dmean2": 0.32582038641,
        "dvar": 0.0530674010515,
        "dvar2": 0.101696364582,
        "max": 3.38265919685,
        "mean": 1.55116081238,
        "median": 1.50249648094,
        "min": -0.00812285393476,
        "stdev": 0.392859607935,
        "var": 0.154338672757
    },
    "spectral_spread": {
        "dmean": 980824.75,
        "dmean2": 1431465.5,
        "dvar": 1.85562864026e+12,
        "dvar2": 2.58162740429e+12,
        "max": 41103112,
        "mean": 6248441.5,
        "median": 6119797.5,
        "min": 2597563,
        "stdev": 1667169.875,
        "var": 2.77945542246e+12
    },
    "spectral_strongpeak": {
        "dmean": 0.18533436954,
        "dmean2": 0.286608248949,
        "dvar": 0.115260250866,
        "dvar2": 0.327119529247,
        "max": 4.3542304039,
        "mean": 0.634710848331,
        "median": 0.565858781338,
        "min": 0,
        "stdev": 0.360718131065,
        "var": 0.130117580295
    },
    "zerocrossingrate": {
        "dmean": 0.01087030489,
        "dmean2": 0.0133386636153,
        "dvar": 0.000265828275587,
        "dvar2": 0.000325844914187,
        "max": 0.50927734375,
        "mean": 0.0355905294418,
        "median": 0.03173828125,
        "min": 0.001953125,
        "stdev": 0.0247092992067,
        "var": 0.000610549468547
    },
    "barkbands": {
        "dmean": [0.00233292533085, 0.0262071825564, 0.00795565824956, 0.00410755677149, 0.00398217979819, 0.00167784432415, 0.00175402557943, 0.00103842339013, 0.00201036198996, 0.000673621834721, 0.00092479417799, 0.000598481507041, 0.000280418345938, 0.000336844619596, 0.000372030393919, 0.000315500801662, 0.000206808690564, 0.000212884173379, 0.000202459006687, 0.000146955993841, 0.000169580802321, 0.000183278825716, 0.000202421957511, 0.000251434830716, 0.00028869084781, 0.000118510812172, 1.21177899928e-05],
        "dmean2": [0.00300711765885, 0.0349749363959, 0.0143619040027, 0.007710122969, 0.0070323436521, 0.00278659863397, 0.00290133384988, 0.00176294893026, 0.00301430770196, 0.00115676585119, 0.00144472520333, 0.000991238513961, 0.000467523379484, 0.000573184050154, 0.000635853561107, 0.000545268994756, 0.000347289838828, 0.000363231869414, 0.000333176751155, 0.000241020912654, 0.000275732367299, 0.000294261379167, 0.000325341738062, 0.0004042260407, 0.000474175903946, 0.000185650584172, 2.01214115805e-05],
        "dvar": [9.80037475529e-06, 0.00128086761106, 0.000339321151841, 0.00010532962915, 5.4917709349e-05, 7.16448312232e-06, 8.44193255034e-06, 5.50711456526e-06, 8.59290048538e-06, 2.9801412893e-06, 2.94873120765e-06, 1.5301076246e-06, 2.30928421274e-07, 2.76328677273e-07, 3.12404011993e-07, 2.22902883706e-07, 1.1074094175e-07, 8.82330795093e-08, 7.13514509698e-08, 3.44431185795e-08, 5.3441464587e-08, 6.52538290069e-08, 1.15328312233e-07, 2.11042973319e-07, 2.96662221899e-07, 2.82362258019e-08, 3.75641101558e-10],
        "dvar2": [1.36000116981e-05, 0.00274257664569, 0.00095704686828, 0.000300553161651, 0.000150832493091, 1.89459151443e-05, 2.25237927225e-05, 1.60063173098e-05, 1.82913809113e-05, 8.49129082781e-06, 6.62704678689e-06, 3.77129867957e-06, 5.76239131078e-07, 7.10737538157e-07, 8.2841359017e-07, 5.91777734371e-07, 2.87919021957e-07, 2.28702432992e-07, 1.72853532376e-07, 8.81877824099e-08, 1.32897596927e-07, 1.56950335395e-07, 2.90349788656e-07, 5.31903026513e-07, 7.71388386056e-07, 6.71433966204e-08, 9.80698411368e-10],
        "max": [0.0230027250946, 0.251019477844, 0.0971189439297, 0.0550518780947, 0.0733437538147, 0.0293521285057, 0.024764161557, 0.0465811789036, 0.0365962609649, 0.0391042716801, 0.0363029278815, 0.0158291403204, 0.00597513187677, 0.00534483417869, 0.00447067338973, 0.0052953697741, 0.00250684563071, 0.00261596846394, 0.00290988269262, 0.0017632272793, 0.00232271035202, 0.00194174749777, 0.00261674053036, 0.00295950216241, 0.00361861311831, 0.00141108431853, 0.000271471304586],
        "mean": [0.00667432043701, 0.0751127451658, 0.00626887241378, 0.00332627631724, 0.00475320685655, 0.00345312268473, 0.00262427073903, 0.00144333636854, 0.0032712740358, 0.000864096859004, 0.00115601811558, 0.000755118497182, 0.000347306748154, 0.000398448610213, 0.000506192678586, 0.000411231012549, 0.000297018734273, 0.000295893201837, 0.000320542865666, 0.000225654031965, 0.000253231381066, 0.000266195653239, 0.000274849706329, 0.000301387073705, 0.000315098819556, 0.000142983248224, 1.09433094622e-05],
        "median": [0.00430635781959, 0.0534823872149, 0.00174881680869, 0.000836166611407, 0.00225425162353, 0.00216916087084, 0.00138856517151, 0.000689981970936, 0.00156930903904, 0.000359184428817, 0.000403906335123, 0.000213385545067, 0.000174226472154, 0.00020001201483, 0.000268752453849, 0.000203842311748, 0.000162423253641, 0.000185235228855, 0.00021882346482, 0.000156403883011, 0.000159973526024, 0.000158824084792, 0.000166750862263, 0.000164075114299, 0.000152069143951, 7.00935270288e-05, 4.62405569124e-06],
        "min": [4.47117683609e-24, 3.48024542347e-23, 2.19824989591e-23, 3.29014256708e-23, 1.09548280871e-22, 3.20030929601e-23, 4.1842491922e-23, 2.23935112679e-23, 3.56868619727e-23, 1.23753355989e-22, 4.36874924289e-23, 1.5461074208e-22, 7.69492476732e-23, 7.30931693507e-23, 7.35822504902e-23, 2.89150565569e-22, 2.09169144836e-22, 2.81575481395e-22, 2.9019261927e-22, 2.9357467423e-22, 4.2159614637e-22, 4.48946017063e-22, 6.89138587433e-22, 7.19555397864e-22, 1.18018529059e-21, 1.50175932679e-21, 2.15904883531e-21],
        "stdev": [0.00636338768527, 0.0569861568511, 0.0146177774295, 0.00786931626499, 0.00689578568563, 0.00370878027752, 0.00334063358605, 0.00254370947368, 0.00452572433278, 0.00176941556856, 0.00217186380178, 0.00150524848141, 0.000512708444148, 0.000547338975593, 0.000621942162979, 0.000545508519281, 0.000373744231183, 0.000329822505591, 0.000337895151461, 0.000227101540077, 0.000274420686765, 0.000301689869957, 0.000363435217878, 0.000447005761089, 0.000506023119669, 0.00018759824161, 1.83070969797e-05],
        "var": [4.04927050113e-05, 0.00324742216617, 0.000213679406443, 6.19261409156e-05, 4.75518609164e-05, 1.3755051441e-05, 1.11598328658e-05, 6.47045817459e-06, 2.04821790248e-05, 3.13083160108e-06, 4.71699240734e-06, 2.26577299145e-06, 2.62869974677e-07, 2.99579937746e-07, 3.86812047282e-07, 2.97579560993e-07, 1.39684757983e-07, 1.08782892028e-07, 1.1417313317e-07, 5.15751104047e-08, 7.53067155301e-08, 9.10167798907e-08, 1.32085162363e-07, 1.99814138568e-07, 2.56059422554e-07, 3.51930999898e-08, 3.35149796804e-10]
    },
    "erbbands": {
        "dmean": [1.26661205292, 5.23828125, 8.83491134644, 12.4194717407, 13.5892238617, 14.1027383804, 8.82908535004, 17.0582771301, 20.5174541473, 30.1944656372, 21.7684593201, 34.0176849365, 40.0792236328, 23.6484565735, 34.3990135193, 19.6738491058, 12.6809568405, 16.8581562042, 17.1733150482, 17.7700595856, 17.5566997528, 12.0456924438, 10.9466648102, 10.6330986023, 8.92093849182, 6.97352170944, 7.00852441788, 6.91029596329, 6.54936313629, 6.06413936615, 6.06742572784, 5.53050756454, 4.12701940536, 3.2784075737, 1.98984134197, 0.674615085125, 0.194642558694, 0.0378677286208, 0.0011724405922, 5.66531198274e-05],
        "dmean2": [1.59302687645, 7.82639026642, 15.919467926, 22.7843837738, 25.139081955, 24.2661590576, 15.0579433441, 28.5378665924, 35.3456077576, 47.8386306763, 36.7121162415, 52.4702339172, 60.2680625916, 39.4686927795, 56.1818771362, 31.7056236267, 20.4334278107, 28.4185466766, 29.6064682007, 29.5027542114, 30.3713760376, 20.3530902863, 18.8127441406, 17.5870361328, 14.5603246689, 11.5345621109, 11.5838632584, 11.0103788376, 10.4297113419, 9.8223657608, 9.78494739532, 8.9586057663, 6.6362657547, 5.3704366684, 3.28276634216, 1.08257484436, 0.302957087755, 0.0590877681971, 0.00190145673696, 7.96859312686e-05],
        "dvar": [2.8349313736, 69.0192718506, 423.286132812, 885.703735352, 1004.35253906, 630.730041504, 201.086715698, 841.95916748, 1410.48950195, 2628.6730957, 3299.13037109, 2679.91748047, 3493.93310547, 2730.75292969, 4437.10058594, 1316.97241211, 453.858154297, 656.064147949, 821.486633301, 708.652893066, 686.328796387, 376.186553955, 259.799041748, 214.828964233, 134.946472168, 79.4493484497, 82.16040802, 97.517326355, 79.4324264526, 92.2520904541, 112.966537476, 108.356529236, 55.5462875366, 37.0007629395, 13.5627117157, 1.06895637512, 0.0728806555271, 0.00269751320593, 3.42096973327e-06, 4.21728385547e-09],
        "dvar2": [4.66262245178, 187.973831177, 1200.14160156, 2487.82617188, 2865.96459961, 1661.35888672, 544.406921387, 2220.44360352, 3890.22998047, 6374.94775391, 9596.36816406, 5865.09228516, 7502.91796875, 7597.60644531, 11686.03125, 3129.83251953, 1066.3828125, 1690.15942383, 2139.21484375, 1824.85974121, 1824.45019531, 988.918579102, 676.503540039, 523.328491211, 331.946960449, 204.116897583, 214.844238281, 239.106002808, 181.823318481, 234.833465576, 286.185150146, 276.713806152, 141.438873291, 96.1273880005, 35.1328468323, 2.56893396378, 0.176211923361, 0.0067400499247, 8.94200729817e-06, 9.9690673494e-09],
        "max": [12.4848814011, 58.4813613892, 113.980857849, 159.466262817, 202.990859985, 334.925445557, 172.982543945, 327.259246826, 333.877258301, 628.929931641, 1342.9276123, 913.12322998, 785.408508301, 1076.51550293, 1132.39746094, 612.175415039, 267.984802246, 325.268493652, 251.042388916, 304.432098389, 276.638305664, 147.787734985, 140.989868164, 158.450820923, 143.4894104, 92.989730835, 78.5402603149, 87.506652832, 81.1529388428, 83.9660720825, 85.606628418, 76.7000198364, 53.2826919556, 41.5796852112, 23.2797412872, 8.77137565613, 1.98875939846, 0.541561484337, 0.0213716775179, 0.000587577116676],
        "mean": [3.60520172119, 11.0501260757, 8.17842769623, 10.0436859131, 12.7894868851, 18.7071876526, 14.3009386063, 33.7394142151, 32.0940742493, 44.8000831604, 32.2633018494, 55.364818573, 67.6392669678, 32.2610435486, 43.5634727478, 26.9061374664, 17.621887207, 21.3048000336, 21.9825057983, 25.4174556732, 24.1361713409, 18.0535812378, 15.8774785995, 16.7616062164, 14.918545723, 10.9476308823, 10.2343730927, 9.86922264099, 9.9011888504, 8.19983768463, 8.03092861176, 6.41506242752, 4.93549871445, 3.5972635746, 2.15052437782, 0.804767668247, 0.226221516728, 0.0409456416965, 0.00122091744561, 0.000161244650371],
        "median": [2.35269737244, 8.3308763504, 3.65725183487, 2.71809864044, 5.04127120972, 8.17501163483, 8.75779819489, 19.2567367554, 16.8058166504, 27.3887519836, 16.9748954773, 29.6899452209, 34.377407074, 15.9028759003, 17.4106769562, 8.6018819809, 8.04765796661, 11.3250312805, 11.1044273376, 14.0307807922, 12.0056095123, 10.2250757217, 9.89282894135, 11.0859680176, 10.7255601883, 7.60604286194, 6.42650985718, 6.44640684128, 6.08711957932, 4.84332180023, 4.651948452, 3.41551423073, 2.62158060074, 1.87631523609, 0.923963904381, 0.340730339289, 0.115033358335, 0.0228224620223, 0.000609974842519, 0.000133905166877],
        "min": [7.35094367353e-22, 8.87758263829e-21, 2.12097493956e-20, 6.98246419511e-20, 1.0968776814e-19, 4.30914053243e-19, 5.43394693323e-19, 2.3432175937e-19, 5.65252372323e-19, 4.53089886586e-19, 7.57571916441e-19, 9.35462794037e-19, 3.24598617742e-18, 2.29043085612e-18, 3.74300550669e-18, 5.13154024784e-18, 3.12878564477e-18, 3.94827533878e-18, 4.55848771743e-18, 6.42680168952e-18, 1.50816135318e-17, 1.39339583345e-17, 1.68562435092e-17, 1.05479838325e-17, 1.95729130904e-17, 1.45697558231e-17, 1.42937488137e-17, 1.797540068e-17, 1.37723288972e-17, 1.72073882967e-17, 2.03430248581e-17, 1.62100864106e-17, 1.20288910734e-17, 1.17410818511e-17, 8.95688538065e-18, 6.73585994101e-18, 2.53986055239e-18, 9.3846421889e-19, 2.82862527172e-19, 3.79985803086e-20],
        "stdev": [3.00084614754, 9.49833106995, 16.2062568665, 23.3179664612, 24.8501091003, 27.4331283569, 15.3093414307, 39.4025344849, 42.1155014038, 58.1515541077, 57.8576583862, 73.9313735962, 93.2339401245, 54.6138954163, 75.977973938, 50.2526435852, 26.2309970856, 27.5544147491, 30.3287124634, 32.5820541382, 31.4464664459, 21.9478626251, 17.835187912, 17.9656448364, 14.7858524323, 10.9038820267, 11.1493721008, 11.1403808594, 11.1007261276, 10.2128229141, 11.0981941223, 10.0195674896, 7.23006105423, 5.65133905411, 3.48500776291, 1.16024291515, 0.289951771498, 0.0531990602612, 0.001759357634, 8.53518795338e-05],
        "var": [9.00507736206, 90.2182846069, 262.642730713, 543.727600098, 617.527893066, 752.576538086, 234.375946045, 1552.55969238, 1773.71557617, 3381.60327148, 3347.50878906, 5465.84814453, 8692.56738281, 2982.67749023, 5772.65283203, 2525.328125, 688.065185547, 759.245788574, 919.830810547, 1061.59033203, 988.880310059, 481.708679199, 318.093933105, 322.764373779, 218.621429443, 118.894638062, 124.308502197, 124.108085632, 123.226119995, 104.301757812, 123.169906616, 100.391738892, 52.2737808228, 31.9376335144, 12.1452789307, 1.34616351128, 0.0840720310807, 0.00283013982698, 3.09533947984e-06, 7.28494331526e-09]
    },
    "gfcc": {
        "mean": [64.4975814819, 82.6952972412, -78.4793395996, 35.0528373718, -51.7472763062, 25.9599246979, -28.2997665405, 27.6860141754, -14.1630954742, 14.2917366028, -11.6334819794, 9.41703510284, -5.06013727188],
        "cov": [[3010.0246582, -516.499206543, -327.447631836, 127.040916443, -246.193908691, 186.013763428, -103.073020935, 7.49132871628, -125.958145142, -45.9652137756, -176.396942139, 8.42655658722, -109.074508667], [-516.499206543, 538.218811035, 33.8673858643, -108.870124817, 76.6145477295, -105.121070862, 22.0027942657, -43.3862762451, 30.9976863861, -8.42389392853, 60.4966201782, -33.766494751, 40.7132034302], [-327.447631836, 33.8673858643, 381.245758057, -11.8638753891, 31.2319316864, -57.8998718262, -52.1580924988, 0.932210981846, -64.6128540039, 17.0910148621, 5.09786462784, -9.03625774384, -21.4527053833], [127.040916443, -108.870124817, -11.8638753891, 215.012145996, -16.5098266602, -26.7021446228, -27.2129936218, 12.9007291794, 38.866771698, -17.0807533264, -13.2611560822, -10.2819213867, 1.29096031189], [-246.193908691, 76.6145477295, 31.2319316864, -16.5098266602, 161.3934021, 2.29791045189, 8.23334693909, -3.05646800995, 3.54987764359, 8.65475082397, 15.5699920654, 1.99642968178, 13.2862901688], [186.013763428, -105.121070862, -57.8998718262, -26.7021446228, 2.29791045189, 172.608642578, 77.1419525146, -8.03958034515, -17.202539444, -7.41039419174, -2.78893280029, 0.539331614971, -11.7373180389], [-103.073020935, 22.0027942657, -52.1580924988, -27.2129936218, 8.23334693909, 77.1419525146, 122.618385315, 20.5887966156, 26.8144798279, -4.16560840607, 24.5494880676, 6.46800947189, 9.80653190613], [7.49132871628, -43.3862762451, 0.932210981846, 12.9007291794, -3.05646800995, -8.03958034515, 20.5887966156, 90.4643707275, 33.4286155701, 1.6947183609, 4.03149652481, 7.35789823532, 13.644077301], [-125.958145142, 30.9976863861, -64.6128540039, 38.866771698, 3.54987764359, -17.202539444, 26.8144798279, 33.4286155701, 142.65435791, 32.0102958679, 13.2906236649, -2.07386898994, 34.9938926697], [-45.9652137756, -8.42389392853, 17.0910148621, -17.0807533264, 8.65475082397, -7.41039419174, -4.16560840607, 1.6947183609, 32.0102958679, 63.2160415649, 25.5030345917, 2.36650919914, 6.24424123764], [-176.396942139, 60.4966201782, 5.09786462784, -13.2611560822, 15.5699920654, -2.78893280029, 24.5494880676, 4.03149652481, 13.2906236649, 25.5030345917, 72.0562362671, 17.6930370331, 15.5858011246], [8.42655658722, -33.766494751, -9.03625774384, -10.2819213867, 1.99642968178, 0.539331614971, 6.46800947189, 7.35789823532, -2.07386898994, 2.36650919914, 17.6930370331, 50.1487808228, 17.1360874176], [-109.074508667, 40.7132034302, -21.4527053833, 1.29096031189, 13.2862901688, -11.7373180389, 9.80653190613, 13.644077301, 34.9938926697, 6.24424123764, 15.5858011246, 17.1360874176, 64.160697937]],
        "icov": [[0.000737686234061, -0.000478648027638, 0.000770011800341, -0.000789867714047, 0.000879215775058, -0.00141007092316, 0.00120441592298, -0.00102693110239, 0.00105371652171, -0.00145275809336, 0.00186679698527, -0.0013474667212, 0.000898517493624], [-0.000478648027638, 0.00614005886018, -0.000923464365769, 0.00428461330011, -0.00230062799528, 0.00586264021695, -0.00309607526287, 0.0047238250263, -0.00303883152083, 0.00698218448088, -0.00704853842035, 0.00789073389024, -0.00350465183146], [0.000770011800341, -0.000923464365769, 0.00422489456832, -0.00124894978944, 0.000342715968145, -0.000737686816137, 0.00176822626963, -0.00228572473861, 0.00347276311368, -0.00374912726693, 0.00217584101483, -0.00113405892625, 0.00158779800404], [-0.000789867714047, 0.00428461330011, -0.00124894978944, 0.00897695403546, -0.00167511682957, 0.00441984878853, -0.000577356608119, 0.00324403424747, -0.00543465418741, 0.00871762633324, -0.0064843762666, 0.00665129348636, -0.00219155871309], [0.000879215775058, -0.00230062799528, 0.000342715968145, -0.00167511682957, 0.00817984435707, -0.00343697750941, 0.00190909218509, -0.00191438023467, 0.00172808126081, -0.00353798037395, 0.00292665115558, -0.00317510450259, 0.000434420595411], [-0.00141007092316, 0.00586264021695, -0.000737686816137, 0.00441984878853, -0.00343697750941, 0.0166169852018, -0.0115185845643, 0.00668213004246, -0.00121765537187, 0.00551794236526, -0.00564183155075, 0.00813881494105, -0.00303786154836], [0.00120441592298, -0.00309607526287, 0.00176822626963, -0.000577356608119, 0.00190909218509, -0.0115185845643, 0.0191831290722, -0.00625001313165, -0.00171679421328, 0.000929184141569, -0.00131291046273, -0.00420351186767, 0.0027971053496], [-0.00102693110239, 0.0047238250263, -0.00228572473861, 0.00324403424747, -0.00191438023467, 0.00668213004246, -0.00625001313165, 0.0174508225173, -0.00590384425595, 0.00699545722455, -0.00554021587595, 0.00462414650247, -0.00405972823501], [0.00105371652171, -0.00303883152083, 0.00347276311368, -0.00543465418741, 0.00172808126081, -0.00121765537187, -0.00171679421328, -0.00590384425595, 0.0160904601216, -0.0130492411554, 0.00711300456896, -0.00195686426014, -0.00278374995105], [-0.00145275809336, 0.00698218448088, -0.00374912726693, 0.00871762633324, -0.00353798037395, 0.00551794236526, 0.000929184141569, 0.00699545722455, -0.0130492411554, 0.0341946333647, -0.0189704429358, 0.0104215098545, -0.00260261073709], [0.00186679698527, -0.00704853842035, 0.00217584101483, -0.0064843762666, 0.00292665115558, -0.00564183155075, -0.00131291046273, -0.00554021587595, 0.00711300456896, -0.0189704429358, 0.0316520482302, -0.016004351899, 0.00279724108987], [-0.0013474667212, 0.00789073389024, -0.00113405892625, 0.00665129348636, -0.00317510450259, 0.00813881494105, -0.00420351186767, 0.00462414650247, -0.00195686426014, 0.0104215098545, -0.016004351899, 0.035567253828, -0.0115638189018], [0.000898517493624, -0.00350465183146, 0.00158779800404, -0.00219155871309, 0.000434420595411, -0.00303786154836, 0.0027971053496, -0.00405972823501, -0.00278374995105, -0.00260261073709, 0.00279724108987, -0.0115638189018, 0.0238828901201]]
    },
    "melbands": {
        "dmean": [0.00868537835777, 0.00479531986639, 0.00211154040881, 0.000982569763437, 0.000366320862668, 0.000361611455446, 0.000328038004227, 0.000304792018142, 0.000177449532202, 0.000254770740867, 0.000204630909138, 9.38830416999e-05, 0.000133676148835, 7.12992477929e-05, 4.10546235798e-05, 2.90995285468e-05, 3.11237781716e-05, 2.84647994704e-05, 2.72155666607e-05, 1.98227244255e-05, 2.10873331525e-05, 1.28350930026e-05, 1.15984112199e-05, 1.06612014861e-05, 9.10047856451e-06, 7.87337285146e-06, 5.48797015654e-06, 4.6557852329e-06, 4.69623682875e-06, 4.01970237363e-06, 4.31892021879e-06, 3.89598653783e-06, 3.49689435097e-06, 3.48223034052e-06, 3.47827244696e-06, 3.75500758309e-06, 3.19071364174e-06, 2.81105940303e-06, 2.96888993034e-06, 2.81107577393e-06],
        "dmean2": [0.0113018285483, 0.00793358404189, 0.00386818032712, 0.00174621737096, 0.00061708985595, 0.000603989465162, 0.000562569359317, 0.000489294645377, 0.000295405130601, 0.000387139763916, 0.000308382208459, 0.000159358503879, 0.000211304839468, 0.000122194091091, 6.21818617219e-05, 4.78427609778e-05, 5.30261349923e-05, 4.92415056215e-05, 4.64125187136e-05, 3.33730968123e-05, 3.68006076314e-05, 2.15033796849e-05, 1.9992747184e-05, 1.81039522431e-05, 1.51178255692e-05, 1.3064284758e-05, 8.87572059582e-06, 7.79573292675e-06, 7.85659358371e-06, 6.61671447233e-06, 6.93029505783e-06, 6.16150737187e-06, 5.74156001676e-06, 5.68418181501e-06, 5.58345573154e-06, 6.26859173281e-06, 5.09895608047e-06, 4.50800416729e-06, 4.87159240947e-06, 4.64115055365e-06],
        "dvar": [0.000130952947075, 8.99093356566e-05, 2.56761013588e-05, 3.66092626791e-06, 3.29947312139e-07, 3.68166865883e-07, 3.29324052473e-07, 2.62123393213e-07, 2.21784119958e-07, 1.38802462857e-07, 9.1977177874e-08, 5.65282789466e-08, 6.47214548621e-08, 2.62346731006e-08, 5.91579274456e-09, 2.1643677961e-09, 2.29616770042e-09, 2.42745112899e-09, 1.85283444143e-09, 9.49779033199e-10, 9.97331550678e-10, 4.35322611292e-10, 4.21094714653e-10, 1.8865131679e-10, 1.63423899413e-10, 1.15816113644e-10, 4.75519623677e-11, 3.65233537858e-11, 3.63880731102e-11, 3.18928911058e-11, 3.85989504248e-11, 2.71858213025e-11, 2.48121957008e-11, 3.10953450489e-11, 3.25162223536e-11, 5.68978579529e-11, 3.02123603912e-11, 2.32614032203e-11, 3.12995983298e-11, 2.72648396915e-11],
        "dvar2": [0.000241366142291, 0.000251251796726, 7.24908895791e-05, 1.01105897556e-05, 8.95931862033e-07, 9.77163836069e-07, 9.09062180199e-07, 6.48355410249e-07, 6.35690128092e-07, 2.99174445217e-07, 1.99230484554e-07, 1.60438631269e-07, 1.54752513026e-07, 6.83445477989e-08, 1.15816432e-08, 5.40757705281e-09, 5.92561022472e-09, 6.31084828839e-09, 4.99789454267e-09, 2.40829178821e-09, 2.6551536525e-09, 1.1461468441e-09, 1.15003795376e-09, 4.72115180283e-10, 4.03890115797e-10, 2.95311414211e-10, 1.18280371608e-10, 9.49343104129e-11, 9.83037262703e-11, 7.99991947686e-11, 9.7068693361e-11, 6.27648280571e-11, 5.99709379379e-11, 8.00093880038e-11, 8.02456504023e-11, 1.5152562538e-10, 7.44565659128e-11, 5.84337161991e-11, 8.07266128944e-11, 7.15864242884e-11],
        "max": [0.0865804851055, 0.0609478801489, 0.0272357556969, 0.0189365316182, 0.00552705535665, 0.00673455093056, 0.00509229907766, 0.00586586864665, 0.0109843630344, 0.00494795106351, 0.00394011521712, 0.00516421999782, 0.00539933238178, 0.00174641830381, 0.00192999234423, 0.00060429534642, 0.000585344445426, 0.000427771621617, 0.000436124944827, 0.000483481097035, 0.000321168918163, 0.000188650548807, 0.000153520260938, 0.000177573674591, 0.000138820309076, 0.000139610172482, 5.88493676332e-05, 6.36220211163e-05, 4.94838095619e-05, 5.14531093359e-05, 5.18273918715e-05, 5.47301497136e-05, 4.49722720077e-05, 4.33304303442e-05, 5.0654522056e-05, 5.32111844223e-05, 4.2986626795e-05, 3.70347224816e-05, 4.05663704441e-05, 3.63898834621e-05],
        "mean": [0.0255341175944, 0.00710718287155, 0.00180659512989, 0.00113046588376, 0.000583157991059, 0.000722924422007, 0.000520303437952, 0.000456770852907, 0.000248984637437, 0.000415889226133, 0.000338805111824, 0.000120248798339, 0.000172031664988, 7.84092189861e-05, 5.87572503719e-05, 3.75185227313e-05, 3.74759401893e-05, 3.39142025041e-05, 3.62696664524e-05, 2.79612577287e-05, 2.71394601441e-05, 1.81069572136e-05, 1.48619838001e-05, 1.52450747919e-05, 1.3309926544e-05, 1.18407278933e-05, 9.14205793379e-06, 6.62755655867e-06, 6.49674211672e-06, 5.64652873436e-06, 5.82700204177e-06, 5.91600655753e-06, 4.55368626717e-06, 4.58738759335e-06, 4.7455209824e-06, 4.19152911491e-06, 3.74822320737e-06, 3.41973986906e-06, 3.30605644194e-06, 2.96679763778e-06],
        "median": [0.0175463818014, 0.00494696572423, 0.000590800656937, 0.000497228465974, 0.000364628445823, 0.000430263316957, 0.000288762006676, 0.000269565091003, 0.000117714589578, 0.000210325350054, 0.000164979006513, 5.36084298801e-05, 6.43014136585e-05, 2.34956096392e-05, 1.58211732924e-05, 2.02223818633e-05, 1.88750491361e-05, 1.47099317473e-05, 1.97700264835e-05, 1.45347739817e-05, 1.27584389702e-05, 9.67387313722e-06, 8.10967139842e-06, 9.59274075285e-06, 8.26489576866e-06, 8.02427803137e-06, 6.41352153252e-06, 4.35709671365e-06, 3.89160868508e-06, 3.49091169483e-06, 3.69149688595e-06, 3.72355407308e-06, 2.60247156803e-06, 2.59114108303e-06, 2.73749174085e-06, 2.21606114792e-06, 1.95236771106e-06, 1.77989215899e-06, 1.7393873577e-06, 1.50611015215e-06],
        "min": [8.89283056228e-24, 1.19642920512e-23, 1.39185087727e-23, 1.63428708165e-23, 2.28584011989e-23, 5.14422191638e-24, 9.53842407192e-24, 4.75178688742e-24, 7.20718153595e-24, 4.67782328895e-24, 1.72294573884e-23, 1.03090267915e-23, 9.23848968942e-24, 1.74935632863e-23, 8.91305853361e-24, 7.29704304825e-24, 7.03056425674e-24, 7.31882665328e-24, 5.66960446254e-24, 1.49467053434e-23, 1.68524339405e-23, 1.11355707933e-23, 1.63943503015e-23, 1.45362783694e-23, 7.5142598428e-24, 1.028745539e-23, 1.59686052264e-23, 7.89456337432e-24, 9.5540040748e-24, 7.48217844751e-24, 1.21408706762e-23, 7.26094792867e-24, 8.6231127079e-24, 9.5851309484e-24, 1.11254260421e-23, 1.25146384951e-23, 8.74037924804e-24, 7.59494690277e-24, 9.66449745521e-24, 9.67479997863e-24],
        "stdev": [0.0197008866817, 0.00846122577786, 0.0039514969103, 0.00172533164732, 0.000629818125162, 0.000816046376713, 0.000647455686703, 0.000582041684538, 0.000471921259305, 0.000558328698389, 0.00047618089593, 0.000237283529714, 0.00031577097252, 0.000162729702424, 0.000135224632686, 5.15874271514e-05, 4.9996713642e-05, 5.16842337674e-05, 4.65262019134e-05, 3.67663415091e-05, 3.65650666936e-05, 2.30591922445e-05, 2.07108660106e-05, 1.71530336956e-05, 1.51889034896e-05, 1.27872808662e-05, 9.14609154279e-06, 7.03145451553e-06, 7.3638525464e-06, 6.476953331e-06, 6.877308806e-06, 6.72718078931e-06, 5.54929920327e-06, 5.87811973674e-06, 6.3462516664e-06, 6.93315087119e-06, 5.56676741326e-06, 4.85320606458e-06, 5.20168759977e-06, 4.80051539853e-06],
        "var": [0.000388124899473, 7.15923379175e-05, 1.56143269123e-05, 2.97676911032e-06, 3.96670884584e-07, 6.65931736421e-07, 4.19198869395e-07, 3.38772537134e-07, 2.22709687137e-07, 3.1173092907e-07, 2.26748255727e-07, 5.63034703305e-08, 9.97113005496e-08, 2.64809578709e-08, 1.82857000652e-08, 2.66126276571e-09, 2.49967135879e-09, 2.67126010201e-09, 2.16468731828e-09, 1.351763812e-09, 1.33700417404e-09, 5.31726385145e-10, 4.28939966879e-10, 2.94226587538e-10, 2.30702776327e-10, 1.63514563001e-10, 8.36509889135e-11, 4.94413503194e-11, 5.42263248193e-11, 4.1950921903e-11, 4.72973743504e-11, 4.5254959502e-11, 3.07947209399e-11, 3.45522915834e-11, 4.02749084083e-11, 4.80685838355e-11, 3.09888989469e-11, 2.35536104509e-11, 2.70575558486e-11, 2.30449478944e-11]
    },
    "melbands128": {
