{
"lowlevel": {
    "average_loudness": 0.79096353054,
    "barkbands_crest": {
        "dmean": 3.51180410385,
        "dmean2": 5.2197675705,
        "dvar": 10.5904550552,
        "dvar2": 21.5099582672,
        "max": 26.2662525177,
        "mean": 12.2519321442,
        "median": 11.1780576706,
        "min": 2.28766489029,
        "stdev": 5.45478487015,
        "var": 29.7546787262
    },
    "barkbands_flatness_db": {
        "dmean": 0.0462245568633,
        "dmean2": 0.0650361701846,
        "dvar": 0.0021492051892,
        "dvar2": 0.00369195290841,
        "max": 0.524145245552,
        "mean": 0.189268007874,
        "median": 0.184865757823,
        "min": 0.0272041056305,
        "stdev": 0.0775169953704,
        "var": 0.00600888486952
    },
    "barkbands_kurtosis": {
        "dmean": 10.6027574539,
        "dmean2": 16.3852348328,
        "dvar": 493.953643799,
        "dvar2": 1079.78979492,
        "max": 337.867492676,
        "mean": 14.1060304642,
        "median": 5.64103221893,
        "min": -1.91838729382,
        "stdev": 29.1947040558,
        "var": 852.330749512
    },
    "barkbands_skewness": {
        "dmean": 1.17685341835,
        "dmean2": 1.76294100285,
        "dvar": 1.69828188419,
        "dvar2": 3.66094899178,
        "max": 14.262213707,
        "mean": 2.29985952377,
        "median": 2.07878732681,
        "min": -4.88909387589,
        "stdev": 2.29399204254,
        "var": 5.26239919662
    },
    "barkbands_spread": {
        "dmean": 11.4838609695,
        "dmean2": 17.9726829529,
        "dvar": 245.493347168,
        "dvar2": 565.659057617,
        "max": 117.968719482,
        "mean": 21.1677761078,
        "median": 15.6927566528,
        "min": 0.325791567564,
        "stdev": 19.6763896942,
        "var": 387.160339355
    },
    "dissonance": {
        "dmean": 0.0339379757643,
        "dmean2": 0.0557043962181,
        "dvar": 0.00139654823579,
        "dvar2": 0.00354596204124,
        "max": 0.500000119209,
        "mean": 0.441569387913,
        "median": 0.452720612288,
        "min": 0.110287442803,
        "stdev": 0.050100941211,
        "var": 0.00251010432839
    },
    "dynamic_complexity": 2.51133561134,
    "erbbands_crest": {
        "dmean": 3.8781311512,
        "dmean2": 6.13037014008,
        "dvar": 14.7615146637,
        "dvar2": 31.3626613617,
        "max": 33.5722770691,
        "mean": 11.7484445572,
        "median": 10.3341121674,
        "min": 2.95725727081,
        "stdev": 6.06361913681,
        "var": 36.7674751282
    },
    "erbbands_flatness_db": {
        "dmean": 0.0308296475559,
        "dmean2": 0.0451855659485,
        "dvar": 0.00114035373554,
        "dvar2": 0.0018903844757,
        "max": 0.558293581009,
        "mean": 0.170795083046,
        "median": 0.152391701937,
        "min": 0.0458567552269,
        "stdev": 0.0752601996064,
        "var": 0.00566409807652
    },
    "erbbands_kurtosis": {
        "dmean": 2.85899877548,
        "dmean2": 4.48558998108,
        "dvar": 23.1333999634,
        "dvar2": 49.564956665,
        "max": 55.5524520874,
        "mean": 2.87820935249,
        "median": 0.899691820145,
        "min": -1.87860238552,
        "stdev": 6.31313896179,
        "var": 39.8557243347
    },
    "erbbands_skewness": {
        "dmean": 0.740142524242,
        "dmean2": 1.13370943069,
        "dvar": 0.662700712681,
        "dvar2": 1.44740760326,
        "max": 5.75022602081,
        "mean": 0.658582627773,
        "median": 0.67213332653,
        "min": -4.3008313179,
        "stdev": 1.25947976112,
        "var": 1.58628928661
    },
    "erbbands_spread": {
        "dmean": 17.1159954071,
        "dmean2": 26.7191925049,
        "dvar": 384.86050415,
        "dvar2": 868.253967285,
        "max": 176.607589722,
        "mean": 45.6728515625,
        "median": 40.268787384,
        "min": 0.660866260529,
        "stdev": 31.1116580963,
        "var": 967.935241699
    },
    "hfc": {
        "dmean": 19.6347770691,
        "dmean2": 31.1597442627,
        "dvar": 996.745666504,
        "dvar2": 2285.92456055,
        "max": 246.203292847,
        "mean": 28.9450187683,
        "median": 19.2585391998,
        "min": 0.000500662950799,
        "stdev": 33.5440406799,
        "var": 1125.20275879
    },
    "loudness_ebu128": {
        "integrated": -8.73165607452,
        "loudness_range": 3.66979503632,
        "momentary": {
            "dmean": 0.604640066624,
            "dmean2": 0.941176772118,
            "dvar": 0.373128354549,
            "dvar2": 0.755971252918,
            "max": -5.47612380981,
            "mean": -9.07800006866,
            "median": -9.02905464172,
            "min": -16.9907073975,
            "stdev": 1.80711197853,
            "var": 3.26565384865
        },
        "short_term": {
            "dmean": 0.0975616648793,
            "dmean2": 0.153184890747,
            "dvar": 0.00597926648334,
            "dvar2": 0.014694805257,
            "max": -6.56294345856,
            "mean": -8.99461555481,
            "median": -9.0144071579,
            "min": -10.7758617401,
            "stdev": 1.20827043056,
            "var": 1.45991742611
        }
    },
    "melbands_crest": {
        "dmean": 4.61917638779,
        "dmean2": 7.21440935135,
        "dvar": 17.2472476959,
        "dvar2": 39.5161170959,
        "max": 35.3717346191,
        "mean": 18.0082740784,
        "median": 17.5680027008,
        "min": 3.87583518028,
        "stdev": 7.41798686981,
        "var": 55.0265312195
    },
    "melbands_flatness_db": {
        "dmean": 0.0549672022462,
        "dmean2": 0.0765374898911,
        "dvar": 0.00317677413113,
        "dvar2": 0.00544560793787,
        "max": 0.557476103306,
        "mean": 0.254394680262,
        "median": 0.254788696766,
        "min": 0.0373469218612,
        "stdev": 0.0951171144843,
        "var": 0.00904726516455
    },
    "melbands_kurtosis": {
        "dmean": 23.6454677582,
        "dmean2": 37.153377533,
        "dvar": 2145.4230957,
        "dvar2": 5036.87695312,
        "max": 626.737426758,
        "mean": 35.0227127075,
        "median": 15.3760795593,
        "min": -1.88126766682,
        "stdev": 60.4158554077,
        "var": 3650.07568359
    },
    "melbands_skewness": {
        "dmean": 1.52020967007,
        "dmean2": 2.32499957085,
        "dvar": 2.88086557388,
        "dvar2": 6.30894041061,
        "max": 20.7331123352,
        "mean": 3.6066608429,
        "median": 3.14057159424,
        "min": -3.60537815094,
        "stdev": 3.0212533474,
        "var": 9.12797164917
    },
    "melbands_spread": {
        "dmean": 11.7368545532,
        "dmean2": 17.9060916901,
        "dvar": 369.725921631,
        "dvar2": 815.259887695,
        "max": 233.019592285,
        "mean": 19.9297332764,
        "median": 12.6967382431,
        "min": 0.413895875216,
        "stdev": 23.6434707642,
        "var": 559.01373291
    },
    "pitch_salience": {
        "dmean": 0.103726521134,
        "dmean2": 0.160306662321,
        "dvar": 0.0111701292917,
        "dvar2": 0.0238570328802,
        "max": 0.925359427929,
        "mean": 0.494674891233,
        "median": 0.492939710617,
        "min": 0.0642268359661,
        "stdev": 0.169539690018,
        "var": 0.0287437085062
    },
    "silence_rate_20dB": {
        "dmean": 0,
        "dmean2": 0,
        "dvar": 0,
        "dvar2": 0,
        "max": 1,
        "mean": 1,
        "median": 1,
        "min": 1,
        "stdev": 0,
        "var": 0
    },
    "silence_rate_30dB": {
        "dmean": 0.0650154799223,
        "dmean2": 0.130131676793,
        "dvar": 0.0607883036137,
        "dvar2": 0.134886920452,
        "max": 1,
        "mean": 0.904098987579,
        "median": 1,
        "min": 0,
        "stdev": 0.294455140829,
        "var": 0.0867038369179
    },
    "silence_rate_60dB": {
        "dmean": 0.0534055717289,
        "dmean2": 0.106119289994,
        "dvar": 0.0505543537438,
        "dvar2": 0.102603830397,
        "max": 1,
        "mean": 0.0881670564413,
        "median": 0,
        "min": 0,
        "stdev": 0.283538907766,
        "var": 0.08039432019
    },
    "spectral_centroid": {
        "dmean": 424.936004639,
        "dmean2": 636.301818848,
        "dvar": 300787.0625,
        "dvar2": 592033.9375,
        "max": 6452.86523438,
        "mean": 1165.62854004,
        "median": 957.807983398,
        "min": 136.807296753,
        "stdev": 791.573547363,
        "var": 626588.6875
    },
    "spectral_complexity": {
        "dmean": 5.28869962692,
        "dmean2": 7.69093704224,
        "dvar": 61.4758605957,
        "dvar2": 97.8078613281,
        "max": 62,
        "mean": 12.2142305374,
        "median": 10,
        "min": 0,
        "stdev": 10.6816387177,
        "var": 114.097412109
    },
    "spectral_decrease": {
        "dmean": 3.88960419428e-09,
        "dmean2": 5.46158718251e-09,
        "dvar": 2.44503223609e-17,
        "dvar2": 5.19164823695e-17,
        "max": -1.59835862536e-13,
        "mean": -1.03847925814e-08,
        "median": -7.0222205828e-09,
        "min": -4.91140141889e-08,
        "stdev": 1.00480859189e-08,
        "var": 1.00964031059e-16
    },
    "spectral_energy": {
        "dmean": 0.0157637428492,
        "dmean2": 0.0222554914653,
        "dvar": 0.000377876975108,
        "dvar2": 0.000795019848738,
        "max": 0.18987980485,
        "mean": 0.0418200194836,
        "median": 0.028720933944,
        "min": 6.48670209102e-07,
        "stdev": 0.0388318561018,
        "var": 0.00150791299529
    },
    "spectral_energyband_high": {
        "dmean": 0.00161240878515,
        "dmean2": 0.00266593298875,
        "dvar": 8.72117379913e-06,
        "dvar2": 2.06496188184e-05,
        "max": 0.0209396127611,
        "mean": 0.00170591298956,
        "median": 0.000586532580201,
        "min": 5.32181720914e-09,
        "stdev": 0.00291813956574,
        "var": 8.51553795655e-06
    },
    "spectral_energyband_low": {
        "dmean": 0.0103084631264,
        "dmean2": 0.0153972543776,
        "dvar": 0.000461759540485,
        "dvar2": 0.00105384131894,
        "max": 0.170877099037,
        "mean": 0.0231815129519,
        "median": 0.00643058586866,
        "min": 2.65903707941e-08,
        "stdev": 0.0357199981809,
        "var": 0.00127591833007
    },
    "spectral_energyband_middle_high": {
        "dmean": 0.00396384205669,
        "dmean2": 0.00580770429224,
        "dvar": 4.82625036966e-05,
        "dvar2": 0.000101003359305,
        "max": 0.0567874722183,
        "mean": 0.00615393882617,
        "median": 0.0022914391011,
        "min": 2.7546039405e-07,
        "stdev": 0.00922079384327,
        "var": 8.50230353535e-05
    },
    "spectral_energyband_middle_low": {
        "dmean": 0.0069180354476,
        "dmean2": 0.0114007890224,
        "dvar": 0.000132478628075,
        "dvar2": 0.0003584959195,
        "max": 0.0927359238267,
        "mean": 0.011632790789,
        "median": 0.0089914733544,
        "min": 3.77524600026e-07,
        "stdev": 0.0114573799074,
        "var": 0.000131271561258
    },
    "spectral_entropy": {
        "dmean": 0.393995940685,
        "dmean2": 0.564813494682,
        "dvar": 0.194827035069,
        "dvar2": 0.337360709906,
        "max": 9.00901508331,
        "mean": 7.44239854813,
        "median": 7.52935791016,
        "min": 4.5257434845,
        "stdev": 0.705027103424,
        "var": 0.497063219547
    },
    "spectral_flux": {
        "dmean": 0.0458692610264,
        "dmean2": 0.0631269216537,
        "dvar": 0.00216860813089,
        "dvar2": 0.0031637721695,
        "max": 0.440709024668,
        "mean": 0.114457711577,
        "median": 0.0936253517866,
        "min": 0.000805400661193,
        "stdev": 0.0806027650833,
        "var": 0.00649680616334
    },
    "spectral_kurtosis": {
        "dmean": 2.81327652931,
        "dmean2": 4.14665460587,
        "dvar": 30.5700645447,
        "dvar2": 57.7785682678,
        "max": 92.1595687866,
        "mean": 5.21350431442,
        "median": 2.9698266983,
        "min": -1.60390210152,
        "stdev": 7.88187122345,
        "var": 62.1238937378
    },
    "spectral_rms": {
        "dmean": 0.00122946349438,
        "dmean2": 0.00167056685314,
        "dvar": 1.59029525548e-06,
        "dvar2": 3.03359433929e-06,
        "max": 0.0136106060818,
        "mean": 0.00566400168464,
        "median": 0.00529343215749,
        "min": 2.51564906648e-05,
        "stdev": 0.00295281782746,
        "var": 8.71913289302e-06
    },
    "spectral_rolloff": {
        "dmean": 1235.09289551,
        "dmean2": 2151.81665039,
        "dvar": 5473417.5,
        "dvar2": 12303416,
        "max": 13350.5859375,
        "mean": 1775.88220215,
        "median": 753.662109375,
        "min": 64.599609375,
        "stdev": 2647.98168945,
        "var": 7011806.5
    },
    "spectral_skewness": {
        "dmean": 0.421222448349,
        "dmean2": 0.618820130825,
        "dvar": 0.295117676258,
        "dvar2": 0.536547422409,
        "max": 7.25688934326,
        "mean": 1.78873503208,
        "median": 1.61309957504,
        "min": -0.0671777948737,
        "stdev": 0.867407441139,
        "var": 0.752395689487
    },
    "spectral_spread": {
        "dmean": 1472412,
        "dmean2": 2174339.75,
        "dvar": 3.41601261978e+12,
        "dvar2": 6.1889183744e+12,
        "max": 21223806,
        "mean": 6868570.5,
        "median": 6453996.5,
        "min": 972398.6875,
        "stdev": 2993840.25,
        "var": 8.96307979878e+12
    },
    "spectral_strongpeak": {
        "dmean": 0.523741483688,
        "dmean2": 0.825974941254,
        "dvar": 0.608918964863,
        "dvar2": 1.40306305885,
        "max": 9.73731613159,
        "mean": 0.992541432381,
        "median": 0.533199667931,
        "min": 0,
        "stdev": 1.25724053383,
        "var": 1.58065378666
    },
    "zerocrossingrate": {
        "dmean": 0.024692595005,
        "dmean2": 0.0284901335835,
        "dvar": 0.000860024243593,
        "dvar2": 0.00101595907472,
        "max": 0.47412109375,
        "mean": 0.0702804028988,
        "median": 0.0546875,
        "min": 0.001953125,
        "stdev": 0.0565310381353,
        "var": 0.0031957582105
    },
    "barkbands": {
        "dmean": [0.00171484483872, 0.00829527154565, 0.00477871019393, 0.00200812262483, 0.00270981388167, 0.00145142909605, 0.00136452657171, 0.00079731841106, 0.000916492193937, 0.00106781523209, 0.00101659423672, 0.000713002460543, 0.000502873153891, 0.000471250561532, 0.000443243421614, 0.000261200941168, 0.000238437292865, 0.000278556864941, 0.000287321512587, 0.000217215565499, 0.000223068185733, 0.000189970320207, 0.000265763810603, 0.000382715283195, 0.000351284019416, 0.000190991049749, 9.66133848124e-06],
        "dmean2": [0.00239340681583, 0.0121653210372, 0.00879321340472, 0.00364762591198, 0.00456260330975, 0.00234063062817, 0.00226708850823, 0.00131263048388, 0.00145649956539, 0.00172158586793, 0.00141437759157, 0.00110233435407, 0.000814846192952, 0.000741021533031, 0.000698621151969, 0.000437857350335, 0.000385837978683, 0.000457836111309, 0.000461911666207, 0.000357745244401, 0.000373982737074, 0.000305844587274, 0.000462987169158, 0.000653027324006, 0.000570454925764, 0.000316476158332, 1.71255360328e-05],
        "dvar": [1.3356794625e-05, 0.000342769315466, 0.000243092930759, 3.47089298884e-05, 3.54550829798e-05, 6.50498122923e-06, 1.00668621599e-05, 3.3598828395e-06, 4.12338886235e-06, 1.37935157909e-05, 5.24085544384e-06, 2.69719771495e-06, 1.62079481925e-06, 1.12867269308e-06, 1.10474172743e-06, 4.24152005962e-07, 3.64267719988e-07, 4.86336261929e-07, 5.33487423127e-07, 4.60592445961e-07, 5.58114663818e-07, 2.05884148841e-07, 3.07365894514e-07, 4.75771543051e-07, 3.50535771076e-07, 1.26072109197e-07, 6.36793229258e-10],
        "dvar2": [2.35656389123e-05, 0.000824001384899, 0.000682855781633, 0.000100171666418, 9.7527190519e-05, 1.49878933371e-05, 2.51232795563e-05, 8.2391234173e-06, 9.78916159511e-06, 3.69172121282e-05, 7.64394644648e-06, 5.94374068896e-06, 3.63469735021e-06, 2.63957758762e-06, 2.56047565017e-06, 1.03509296423e-06, 8.19935564778e-07, 1.20266338399e-06, 1.26954159896e-06, 1.15959005598e-06, 1.36012886287e-06, 4.8242475259e-07, 7.69309622228e-07, 1.20285380945e-06, 8.01565022357e-07, 3.02074028014e-07, 1.64684377246e-09],
        "max": [0.0378392860293, 0.146559461951, 0.105631783605, 0.0403988808393, 0.0462421290576, 0.0246031973511, 0.0267647095025, 0.020502159372, 0.0195063147694, 0.0502072386444, 0.0562502257526, 0.0193081442267, 0.0192866716534, 0.0114930858836, 0.0172461550683, 0.00619309209287, 0.00771516561508, 0.00575613696128, 0.00627484405413, 0.00704022077844, 0.00697478931397, 0.00376865430735, 0.00344828818925, 0.00445981323719, 0.00649975659326, 0.00362455123104, 0.000272487755865],
        "mean": [0.0034894165583, 0.014884416014, 0.00411880947649, 0.00186515587848, 0.00340950442478, 0.00259198760614, 0.0015509147197, 0.000742238829844, 0.00112358329352, 0.00110862927977, 0.00162093632389, 0.000982090132311, 0.00055537285516, 0.000488865596708, 0.000429296953371, 0.000246604089625, 0.000243618473178, 0.00027059551212, 0.000290856318315, 0.000208280980587, 0.000216786051169, 0.000176530593308, 0.000206754135434, 0.000382651342079, 0.000414732843637, 0.000193771425984, 7.61563160268e-06],
        "median": [0.000472434563562, 0.00276665389538, 0.000894655066077, 0.000586835551076, 0.00102810654789, 0.000474506989121, 0.000232404621784, 8.83406755747e-05, 0.000183767493581, 9.24925407162e-05, 0.000147621205542, 9.03257241589e-05, 6.51932932669e-05, 5.97866091994e-05, 4.9412894441e-05, 2.84773632302e-05, 2.75642360066e-05, 3.35379190801e-05, 5.56640916329e-05, 4.56169218523e-05, 4.17782175646e-05, 3.1464463973e-05, 2.11606093217e-05, 9.03811887838e-05, 0.000149944171426, 6.00080784352e-05, 2.08353142739e-07],
        "min": [1.70582326042e-10, 1.08173225932e-09, 7.15469128387e-10, 1.56642632199e-09, 3.65747894193e-08, 1.33210598108e-08, 6.86731880251e-08, 1.05571174913e-07, 1.44073952768e-08, 2.33992629717e-08, 5.82580881314e-08, 3.37604184608e-08, 1.66230340604e-09, 1.92534921339e-09, 1.38569866692e-09, 1.42681244597e-09, 7.61391616422e-10, 1.48000567357e-09, 4.71224115284e-10, 7.27076732154e-10, 7.50529360882e-10, 7.2803751916e-10, 4.8041737255e-10, 5.71662717164e-10, 1.17718979009e-09, 3.45508899269e-10, 1.58700987464e-13],
        "stdev": [0.0067142448388, 0.0262384805828, 0.0125114014372, 0.00461273360997, 0.0057040611282, 0.00438356632367, 0.00349398492835, 0.00180815625936, 0.00231950124726, 0.00344708724879, 0.00457898108289, 0.00214839261025, 0.00148469838314, 0.00118123006541, 0.00111982016824, 0.000658735458273, 0.000626203196589, 0.000708298583049, 0.000708670530003, 0.000611452443991, 0.000691698107403, 0.000446608231869, 0.000498482433613, 0.000649362336844, 0.000662628503051, 0.000372642214643, 2.25580261031e-05],
        "var": [4.50810839538e-05, 0.000688457861543, 0.000156535155838, 2.12773102248e-05, 3.25363143929e-05, 1.92156530829e-05, 1.22079300127e-05, 3.26942904394e-06, 5.38008634976e-06, 1.1882410945e-05, 2.09670670301e-05, 4.6155905693e-06, 2.20432934839e-06, 1.39530459364e-06, 1.25399708395e-06, 4.33932427768e-07, 3.92130459659e-07, 5.01686884036e-07, 5.02213879372e-07, 3.73874087245e-07, 4.78446281704e-07, 1.99458909833e-07, 2.48484752774e-07, 4.21671416007e-07, 4.3907650138e-07, 1.38862219501e-07, 5.08864506088e-10]
    },
    "erbbands": {
        "dmean": [0.332956731319, 1.92356276512, 5.31525945663, 5.98527145386, 7.62272405624, 9.66982650757, 11.0556335449, 12.1825609207, 20.2849941254, 15.0663309097, 19.9692058563, 19.2680969238, 28.2289714813, 33.6396789551, 34.7661094666, 27.5792140961, 22.8435611725, 21.7442970276, 21.4216938019, 19.0287570953, 13.4981422424, 13.257771492, 15.3389501572, 14.2072763443, 13.6942605972, 9.41809368134, 10.3528394699, 7.58616781235, 6.5702624321, 7.1846075058, 7.68407583237, 7.78109407425, 6.5442905426, 4.4020075798, 2.39413237572, 1.08062052727, 0.306987076998, 0.0449026450515, 0.00124327128287, 5.06674259668e-05],
        "dmean2": [0.43778026104, 2.90705895424, 9.26780319214, 10.5665750504, 13.5060606003, 15.7297534943, 17.9527187347, 18.9071884155, 33.9874992371, 24.59258461, 32.5895881653, 30.9178619385, 43.8710441589, 51.6685714722, 46.952255249, 41.8528709412, 36.6185073853, 33.6097183228, 33.3116455078, 30.17420578, 22.0936393738, 21.4575691223, 25.3619689941, 23.0000705719, 22.0914859772, 15.4526529312, 17.2551269531, 12.7055892944, 10.4112663269, 12.165760994, 13.4343748093, 13.5215826035, 10.9788360596, 7.22320842743, 3.89399027824, 1.79165315628, 0.510775148869, 0.0766459777951, 0.0021554636769, 8.07828255347e-05],
        "dvar": [0.410576790571, 25.0972080231, 283.787841797, 287.277313232, 402.437530518, 416.157409668, 581.117675781, 544.387451172, 2457.38745117, 1032.01367188, 2433.18652344, 2169.79248047, 6592.07666016, 8249.56835938, 5232.35400391, 4186.02685547, 3724.87036133, 2340.50488281, 2138.07275391, 2179.62963867, 1156.04833984, 986.3828125, 1609.13781738, 1208.44567871, 1407.70568848, 815.940673828, 1192.80688477, 558.213928223, 258.494873047, 276.801208496, 257.464202881, 230.695648193, 125.898132324, 51.9018478394, 18.8025035858, 4.08641624451, 0.32990321517, 0.00891289953142, 8.65513720782e-06, 6.34537977717e-09],
        "dvar2": [0.775245428085, 56.8485069275, 765.983215332, 790.354797363, 1147.43518066, 1088.1270752, 1444.10107422, 1165.35009766, 6344.81005859, 2451.34399414, 5951.69580078, 5457.3125, 16359.0205078, 20440.1777344, 7708.30078125, 8605.39550781, 8458.7734375, 5082.83984375, 5000.01660156, 5264.35302734, 2730.19970703, 2132.00097656, 3922.63012695, 2757.70727539, 3464.43920898, 2044.77880859, 2961.52856445, 1369.11071777, 607.760253906, 678.152038574, 648.390625, 603.853271484, 310.048797607, 118.410583496, 44.6163063049, 9.67919635773, 0.78976392746, 0.0224741008133, 2.25954918278e-05, 1.55888510989e-08],
        "max": [5.70243167877, 36.383644104, 124.332611084, 109.691703796, 160.691955566, 144.599624634, 266.643371582, 287.057220459, 469.940551758, 500.373016357, 611.425170898, 495.302978516, 1120.14819336, 1111.27526855, 1687.56225586, 657.625366211, 1041.46960449, 639.817016602, 482.393005371, 878.543945312, 363.239624023, 269.821807861, 336.374267578, 276.832824707, 339.47467041, 282.417907715, 318.30960083, 205.353469849, 132.026123047, 117.497360229, 105.560844421, 105.337211609, 98.7461471558, 84.0602874756, 40.0543708801, 25.3071498871, 6.22275161743, 0.889835000038, 0.0300629325211, 0.000742169446312],
        "mean": [0.661254048347, 2.40744662285, 4.87763834, 5.88532543182, 7.98504400253, 11.8581733704, 15.626282692, 22.9919433594, 24.9200782776, 17.4395580292, 20.0985717773, 22.3853206635, 34.9436264038, 45.2124252319, 60.8055076599, 36.8066864014, 26.4480552673, 24.7744007111, 22.2197780609, 19.1589317322, 13.6003541946, 13.814209938, 14.8874454498, 15.1077537537, 13.6299905777, 9.28613090515, 9.63475322723, 7.4662733078, 6.22372245789, 5.99858379364, 5.96057748795, 6.63213348389, 7.07360458374, 5.07667732239, 2.68247294426, 1.13815832138, 0.300856500864, 0.0401167571545, 0.00108730455395, 8.65940164658e-05],
        "median": [0.0897414237261, 0.403796195984, 1.09378731251, 2.00145506859, 3.13799118996, 2.82980513573, 3.70321202278, 4.27369832993, 4.36217832565, 3.81764340401, 2.93498373032, 4.42087316513, 4.64780378342, 6.54302167892, 9.8447675705, 4.85142326355, 3.34558963776, 3.05692386627, 3.1693778038, 2.39966273308, 1.75431227684, 1.67627811432, 1.90579903126, 2.60433721542, 2.92151093483, 2.23269510269, 1.7825217247, 1.5077239275, 1.22104656696, 0.666947007179, 0.641024947166, 1.26232564449, 1.82331979275, 1.76274180412, 0.893482744694, 0.39243042469, 0.0849372893572, 0.00581366987899, 0.000178124508238, 5.44060058019e-05],
        "min": [8.69350671451e-08, 1.97089676135e-07, 7.14415818948e-07, 8.93322430784e-06, 9.94065703708e-05, 0.000131135020638, 9.03137843125e-05, 0.000137473631185, 0.000665510538965, 0.0017011311138, 0.00220274482854, 0.000633607036434, 0.00130801554769, 0.00123882142361, 0.00274462043308, 0.00105729105417, 0.000120828415675, 0.000128956715344, 5.28112432221e-05, 8.11948484625e-05, 7.56406298024e-05, 4.58742906631e-05, 6.29133719485e-05, 5.73898905714e-05, 2.53870239248e-05, 2.65689050138e-05, 3.74432383978e-05, 3.0501276342e-05, 2.84964917228e-05, 1.60451672855e-05, 1.42625485751e-05, 1.20995500765e-05, 1.02138255897e-05, 1.79908965947e-05, 5.19001059729e-06, 3.24709458255e-06, 3.59444641163e-07, 7.78587150307e-08, 2.41827375902e-08, 5.86178705575e-09],
        "stdev": [1.13148128986, 5.63693189621, 14.387298584, 14.1818170547, 16.2656784058, 21.6191673279, 29.9456062317, 44.5192871094, 51.3015327454, 42.9096717834, 49.0138206482, 47.4646377563, 90.1160202026, 107.735603333, 144.69744873, 79.0829772949, 70.4805297852, 58.773639679, 48.7467079163, 48.0284957886, 35.6027069092, 33.94008255, 39.9850616455, 35.6966514587, 35.0721321106, 25.9378433228, 31.441411972, 22.016576767, 15.9125137329, 15.3910417557, 14.3059940338, 13.2230520248, 11.4036598206, 8.02981376648, 4.6584815979, 2.13921570778, 0.597695469856, 0.0891746357083, 0.00263241818175, 9.15077325772e-05],
        "var": [1.28024983406, 31.7750015259, 206.994369507, 201.123947144, 264.572265625, 467.388397217, 896.739379883, 1981.96679688, 2631.84716797, 1841.23999023, 2402.35449219, 2252.8918457, 8120.89697266, 11606.9609375, 20937.3515625, 6254.11767578, 4967.50488281, 3454.34057617, 2376.24145508, 2306.73632812, 1267.55285645, 1151.92907715, 1598.80517578, 1274.25097656, 1230.05444336, 672.771728516, 988.562438965, 484.729644775, 253.208084106, 236.884155273, 204.661468506, 174.849105835, 130.043457031, 64.4779129028, 21.7014503479, 4.57624435425, 0.35723990202, 0.00795211549848, 6.92962566973e-06, 8.3736653167e-09]
    },
    "gfcc": {
        "mean": [-21.7266178131, 60.7816772461, -92.2781829834, 12.8933925629, -66.318901062, 17.2800941467, -47.5372161865, 14.1191663742, -40.6798706055, 4.18505430222, -15.6091833115, 1.63229131699, -7.59819078445],
        "cov": [[9641.64941406, -1248.73278809, 1040.5435791, 936.540710449, 779.627624512, 1220.24645996, 162.053237915, 632.158569336, 529.670410156, 801.272644043, -8.39487171173, 348.881500244, -87.8172912598], [-1248.73278809, 2318.28369141, 444.340209961, 30.5088710785, 627.365234375, 225.680999756, 371.559417725, -77.1845474243, 93.5309448242, -110.205291748, 127.408149719, -109.704864502, 182.288497925], [1040.5435791, 444.340209961, 2007.29260254, 1074.14172363, 635.333068848, 539.639404297, 179.555358887, 238.23487854, 190.717681885, 206.544189453, 62.5953636169, 108.89932251, 66.829536438], [936.540710449, 30.5088710785, 1074.14172363, 1399.69873047, 595.110168457, 258.544342041, 136.384124756, 237.917068481, 228.827468872, 135.036697388, 1.56835258007, 91.2083587646, 5.50503349304], [779.627624512, 627.365234375, 635.333068848, 595.110168457, 894.231323242, 554.806213379, 292.991821289, 165.456970215, 245.02281189, 119.396972656, -3.53210949898, 47.5592575073, 49.9099159241], [1220.24645996, 225.680999756, 539.639404297, 258.544342041, 554.806213379, 798.039489746, 321.352874756, 126.634223938, 231.656692505, 171.227340698, 31.4858016968, 75.7930450439, 56.5791053772], [162.053237915, 371.559417725, 179.555358887, 136.384124756, 292.991821289, 321.352874756, 387.371429443, 94.4591751099, 105.952301025, 36.9009246826, 33.5458984375, 40.9702568054, 54.2150611877], [632.158569336, -77.1845474243, 238.23487854, 237.917068481, 165.456970215, 126.634223938, 94.4591751099, 270.419281006, 133.662979126, 88.053855896, 5.66217708588, 46.492401123, 41.9594955444], [529.670410156, 93.5309448242, 190.717681885, 228.827468872, 245.02281189, 231.656692505, 105.952301025, 133.662979126, 298.884735107, 127.154159546, 19.8537349701, 49.4528846741, 52.538646698], [801.272644043, -110.205291748, 206.544189453, 135.036697388, 119.396972656, 171.227340698, 36.9009246826, 88.053855896, 127.154159546, 313.027648926, 91.5559539795, 48.9440116882, 55.3292808533], [-8.39487171173, 127.408149719, 62.5953636169, 1.56835258007, -3.53210949898, 31.4858016968, 33.5458984375, 5.66217708588, 19.8537349701, 91.5559539795, 191.321456909, 61.7007408142, 71.6496582031], [348.881500244, -109.704864502, 108.89932251, 91.2083587646, 47.5592575073, 75.7930450439, 40.9702568054, 46.492401123, 49.4528846741, 48.9440116882, 61.7007408142, 153.990188599, 53.4747848511], [-87.8172912598, 182.288497925, 66.829536438, 5.50503349304, 49.9099159241, 56.5791053772, 54.2150611877, 41.9594955444, 52.538646698, 55.3292808533, 71.6496582031, 53.4747848511, 176.628036499]],
        "icov": [[0.00020497982041, -9.91384968074e-06, 6.00045423198e-05, -6.34124226053e-05, 6.04279812251e-05, -0.000352163391653, 0.000234514751355, -0.000343800464179, 0.000108982225356, -0.000404453807278, 0.000209664940485, -0.000382496597013, 0.000321870902553], [-9.91384968074e-06, 0.00130100629758, -0.000516700558364, 0.000626728055067, -0.00137502246071, 0.000967445725109, -0.00105597451329, 0.000964945764281, -0.000623158877715, 0.000955631840043, -0.00124354672153, 0.00166203139815, -0.00111085898243], [6.00045423198e-05, -0.000516700558364, 0.0012713103788, -0.00100534805097, 0.000535128579941, -0.00112268561497, 0.000787139579188, -0.000728096580133, 0.000781475624535, -0.000572214659769, 0.000334289652528, -0.000709959014785, 0.000279316853266], [-6.34124226053e-05, 0.000626728055067, -0.00100534805097, 0.00202096416615, -0.00154050276615, 0.00138791289646, -0.000648317858577, 0.000185259763384, -0.000882949447259, 0.000479874375742, -0.000505480566062, 0.000348010711605, -3.24014399666e-06], [6.04279812251e-05, -0.00137502246071, 0.000535128579941, -0.00154050276615, 0.00435007316992, -0.00249712727964, 0.00054071075283, -0.00106524361763, 0.000132582586957, -0.000887194473762, 0.00166462920606, -0.00125808245502, 0.00089656811906], [-0.000352163391653, 0.000967445725109, -0.00112268561497, 0.00138791289646, -0.00249712727964, 0.00477157905698, -0.00276875356212, 0.00176227628253, -0.00164500565734, 0.000430832413258, -0.000769166683313, 0.00107883859891, -0.000843920104671], [0.000234514751355, -0.00105597451329, 0.000787139579188, -0.000648317858577, 0.00054071075283, -0.00276875356212, 0.00562102813274, -0.00210990081541, 0.000809288001619, -0.000253985432209, 0.000334363867296, -0.00165550119709, 0.000643207575195], [-0.000343800464179, 0.000964945764281, -0.000728096580133, 0.000185259763384, -0.00106524361763, 0.00176227628253, -0.00210990081541, 0.00686272978783, -0.0022439241875, 0.00051837018691, -0.00023736487492, 0.00112746295054, -0.00188324437477], [0.000108982225356, -0.000623158877715, 0.000781475624535, -0.000882949447259, 0.000132582586957, -0.00164500565734, 0.000809288001619, -0.0022439241875, 0.00640538660809, -0.00194353458937, 0.00111612468027, -0.00132599845529, -0.000144507721416], [-0.000404453807278, 0.000955631840043, -0.000572214659769, 0.000479874375742, -0.000887194473762, 0.000430832413258, -0.000253985432209, 0.00051837018691, -0.00194353458937, 0.00648640003055, -0.00354929408059, 0.00223385146819, -0.00160859408788], [0.000209664940485, -0.00124354672153, 0.000334289652528, -0.000505480566062, 0.00166462920606, -0.000769166683313, 0.000334363867296, -0.00023736487492, 0.00111612468027, -0.00354929408059, 0.00924900732934, -0.00413973210379, -0.000712053093594], [-0.000382496597013, 0.00166203139815, -0.000709959014785, 0.000348010711605, -0.00125808245502, 0.00107883859891, -0.00165550119709, 0.00112746295054, -0.00132599845529, 0.00223385146819, -0.00413973210379, 0.0113769322634, -0.00346792093478], [0.000321870902553, -0.00111085898243, 0.000279316853266, -3.24014399666e-06, 0.00089656811906, -0.000843920104671, 0.000643207575195, -0.00188324437477, -0.000144507721416, -0.00160859408788, -0.000712053093594, -0.00346792093478, 0.00901511590928]]
    },
    "melbands": {
        "dmean": [0.00244707986712, 0.00236112275161, 0.00102751178201, 0.000613795069512, 0.000382986472687, 0.000277550658211, 0.000303676526528, 0.000156286012498, 0.000170960178366, 0.000118558571558, 0.000147298531374, 0.000140951495268, 0.000132315501105, 8.14898085082e-05, 6.89816151862e-05, 4.33574023191e-05, 4.22038465331e-05, 3.54893854819e-05, 3.54785152012e-05, 1.99434471142e-05, 1.53022447194e-05, 1.37644974529e-05, 1.42213702929e-05, 1.40139436553e-05, 1.15753664431e-05, 1.12429952424e-05, 8.18286025606e-06, 6.07531501373e-06, 6.86775229042e-06, 5.72380849917e-06, 4.2087553993e-06, 3.56220584763e-06, 4.08378764405e-06, 4.11711198467e-06, 4.28064868174e-06, 4.88498426421e-06, 4.80153130411e-06, 4.79561595057e-06, 4.20255582867e-06, 3.66449307876e-06],
        "dmean2": [0.00345193385147, 0.00379202654585, 0.00176805572119, 0.00104464055039, 0.00062532001175, 0.000436971749878, 0.000506222131662, 0.000255526101682, 0.000278419058304, 0.000190441816812, 0.000230459030718, 0.000220670452109, 0.000180431117769, 0.000122603873024, 0.000106606727059, 7.01923854649e-05, 6.51029258734e-05, 5.72049175389e-05, 5.69370022276e-05, 3.30793736794e-05, 2.5041110348e-05, 2.2375226763e-05, 2.33049049712e-05, 2.30037512665e-05, 1.87012137758e-05, 1.79066755663e-05, 1.35039463203e-05, 1.01603527582e-05, 1.16899618661e-05, 9.19406102184e-06, 7.05933507561e-06, 5.6368658079e-06, 6.7614546424e-06, 7.07441267878e-06, 7.43918326407e-06, 8.69653831614e-06, 8.28976499179e-06, 8.10378787719e-06, 6.9492853072e-06, 6.04412753091e-06],
        "dvar": [2.34409671975e-05, 4.54155924672e-05, 7.36932361178e-06, 1.96197765945e-06, 6.31199043255e-07, 2.51521754535e-07, 5.08436414748e-07, 1.03500134685e-07, 1.80040075293e-07, 8.0662083235e-08, 1.97083679154e-07, 1.72064474668e-07, 9.37757320685e-08, 3.3369001784e-08, 3.14516483968e-08, 1.12098250682e-08, 9.80175496323e-09, 6.9468537589e-09, 9.30936128185e-09, 2.01411620715e-09, 1.76287162645e-09, 1.16666964978e-09, 1.39465339277e-09, 1.32299471378e-09, 7.63479557353e-10, 8.73890848574e-10, 6.08963601767e-10, 3.5682570787e-10, 5.35681055069e-10, 3.27466831429e-10, 1.60488497492e-10, 7.98160912363e-11, 1.00279687332e-10, 8.7278281824e-11, 8.17933012986e-11, 1.01729173696e-10, 8.71278396652e-11, 6.98592919623e-11, 4.92133556129e-11, 3.70176354847e-11],
        "dvar2": [5.18133238074e-05, 0.00010855893197, 1.98290836124e-05, 5.4328988881e-06, 1.57468593898e-06, 5.54980033485e-07, 1.30356715999e-06, 2.47024246391e-07, 4.31891095332e-07, 1.99540409085e-07, 4.98785425407e-07, 4.43395208549e-07, 1.24205968177e-07, 7.37066656598e-08, 6.45881641503e-08, 2.70285429593e-08, 2.17529301239e-08, 1.71807936766e-08, 2.19052083139e-08, 4.85810591755e-09, 4.23396961935e-09, 2.63329202888e-09, 3.14785797428e-09, 3.33698757515e-09, 1.73524350444e-09, 2.13968731622e-09, 1.51498802392e-09, 9.22667831027e-10, 1.38234312885e-09, 7.63582863605e-10, 4.08854006206e-10, 1.88629070696e-10, 2.40846426136e-10, 2.16859155633e-10, 2.03652317232e-10, 2.68544131377e-10, 2.28052188245e-10, 1.75799957924e-10, 1.15540986501e-10, 8.37287877919e-11],
        "max": [0.0367520712316, 0.0493462271988, 0.0174046363682, 0.0110806338489, 0.00888211466372, 0.00567353935912, 0.00635098526254, 0.00457283481956, 0.005259483587, 0.00286172959022, 0.00551446527243, 0.00527731096372, 0.00825644657016, 0.00256436411291, 0.0018296801718, 0.00170766341034, 0.00144282903057, 0.00084618764231, 0.00176851125434, 0.000373840914108, 0.000567549315747, 0.000396067654947, 0.000341073464369, 0.000303443201119, 0.000208417404792, 0.000263796595391, 0.00025433927658, 0.000177322785021, 0.000213895604247, 0.000145084079122, 0.00011494201317, 8.49869757076e-05, 8.30154313007e-05, 6.89219523338e-05, 6.81171077304e-05, 6.69311921229e-05, 6.92785906722e-05, 6.13606462139e-05, 7.65212680562e-05, 7.83688738011e-05],
        "mean": [0.00502103567123, 0.00268734898418, 0.00106874550693, 0.000721440534107, 0.000547435716726, 0.000509804289322, 0.000373757007765, 0.000171508814674, 0.000173042339156, 0.000144753677887, 0.000176147106686, 0.000175950379344, 0.000225573545322, 0.000122194207506, 8.02339054644e-05, 4.62847638119e-05, 4.62758252979e-05, 3.4911565308e-05, 3.45503176504e-05, 1.8755587007e-05, 1.49456718646e-05, 1.38648128996e-05, 1.43139832289e-05, 1.29728205138e-05, 1.21097145893e-05, 1.10728042273e-05, 7.93746676209e-06, 5.74794512431e-06, 6.05143532084e-06, 5.4373876992e-06, 3.96295445171e-06, 3.41037366525e-06, 3.55272004526e-06, 3.32465333486e-06, 3.3234523471e-06, 3.60352396456e-06, 4.25524740422e-06, 5.02264356328e-06, 4.78002266391e-06, 4.09636595577e-06],
        "median": [0.000884216744453, 0.000704912119545, 0.000433855107985, 0.00023387253168, 0.000135363385198, 0.000103390098957, 6.29737915006e-05, 3.31621959049e-05, 2.15046475205e-05, 2.48457090493e-05, 1.54817189468e-05, 1.84964446817e-05, 3.16017612931e-05, 1.24721300381e-05, 6.60517889628e-06, 6.10802771916e-06, 5.35778690391e-06, 5.31925388714e-06, 3.47964578395e-06, 2.16187277147e-06, 1.77109734523e-06, 1.56795908879e-06, 1.66326515227e-06, 1.59353442086e-06, 1.90496973573e-06, 2.03706918001e-06, 1.66906795585e-06, 1.29723582631e-06, 1.01987723156e-06, 8.80503250755e-07, 7.41477379052e-07, 6.58152487176e-07, 4.74196895084e-07, 2.83930035039e-07, 3.00240770912e-07, 4.18881626274e-07, 8.1823372966e-07, 1.1642298432e-06, 1.3148405742e-06, 1.35245238653e-06],
        "min": [1.08361331019e-09, 2.77112555125e-10, 2.53578180676e-09, 8.57999626902e-09, 3.72291930617e-09, 3.18416870648e-09, 1.12626121762e-08, 2.01178096404e-08, 1.07524273929e-08, 3.67873997931e-09, 6.23753759754e-09, 4.25858814879e-09, 8.85319551003e-09, 5.18195397703e-09, 5.6243004698e-10, 2.17712209372e-10, 2.28269597669e-10, 6.54698933955e-11, 1.17034160141e-10, 9.7518139397e-11, 8.53807302637e-11, 4.30796891215e-11, 5.17067499928e-11, 6.94898028009e-11, 4.50327795887e-11, 1.29712291255e-11, 2.16683979787e-11, 1.66885030101e-11, 2.78395657222e-11, 1.63670292597e-11, 1.80857325643e-11, 1.95408984133e-11, 8.78751325178e-12, 8.52700462323e-12, 8.20393666195e-12, 7.79630179859e-12, 6.97150323581e-12, 6.78027469239e-12, 8.59286253263e-12, 1.87524041434e-11],
        "stdev": [0.00822018925101, 0.00679078185931, 0.00232678279281, 0.00127163843717, 0.000991145498119, 0.000924409599975, 0.000753290427383, 0.000412534776842, 0.000430004758528, 0.000306559435558, 0.000473122810945, 0.000447001104476, 0.000639722042251, 0.00026333401911, 0.000216087486479, 0.000115732720587, 0.000118290845421, 8.11526333564e-05, 0.000102015175798, 4.57384085166e-05, 4.26480801252e-05, 3.54032163159e-05, 3.98594456783e-05, 3.47476561728e-05, 2.85812220682e-05, 2.81103057205e-05, 2.24173581955e-05, 1.66851732502e-05, 2.03656763915e-05, 1.75222503458e-05, 1.14349031719e-05, 8.87301666808e-06, 9.45805641095e-06, 8.52595894685e-06, 8.14673694549e-06, 8.54266727401e-06, 8.24879134598e-06, 8.31084435049e-06, 7.70711994846e-06, 6.78211563354e-06],
        "var": [6.75715054967e-05, 4.61147210444e-05, 5.41391773368e-06, 1.61706441304e-06, 9.82369442681e-07, 8.54533141137e-07, 5.67446477362e-07, 1.70184932813e-07, 1.8490409559e-07, 9.39786843901e-08, 2.23845191272e-07, 1.99809988999e-07, 4.09244279354e-07, 6.93448001243e-08, 4.66938026022e-08, 1.33940618596e-08, 1.39927234244e-08, 6.58575016743e-09, 1.04070956297e-08, 2.09200212709e-09, 1.8188587303e-09, 1.25338783796e-09, 1.58877544454e-09, 1.20739962473e-09, 8.16886280841e-10, 7.90189302879e-10, 5.02537955693e-10, 2.78395029252e-10, 4.14760809031e-10, 3.07029263125e-10, 1.30757002448e-10, 7.87304318961e-11, 8.94548393693e-11, 7.26919704985e-11, 6.63693197622e-11, 7.29771659769e-11, 6.80425646382e-11, 6.90701315587e-11, 5.93997004361e-11, 4.59970950217e-11]
    },
    "melbands128": {
