{
"lowlevel": {
    "average_loudness": 0.97285348177,
    "barkbands_crest": {
        "dmean": 3.29696393013,
        "dmean2": 5.19920921326,
        "dvar": 10.1825838089,
        "dvar2": 25.4005794525,
        "max": 26.0819530487,
        "mean": 14.1250257492,
        "median": 13.9298582077,
        "min": 2.09715914726,
        "stdev": 5.69436454773,
        "var": 32.4257888794
    },
    "barkbands_flatness_db": {
        "dmean": 0.0425311326981,
        "dmean2": 0.0586232095957,
        "dvar": 0.00187740498222,
        "dvar2": 0.00333405169658,
        "max": 0.700173377991,
        "mean": 0.19822730124,
        "median": 0.198216348886,
        "min": 0.0227611307055,
        "stdev": 0.0916979759932,
        "var": 0.0084085194394
    },
    "barkbands_kurtosis": {
        "dmean": 15.2505912781,
        "dmean2": 23.3250255585,
        "dvar": 885.571105957,
        "dvar2": 1789.22961426,
        "max": 441.411682129,
        "mean": 24.527967453,
        "median": 11.0723295212,
        "min": -1.88348734379,
        "stdev": 40.930847168,
        "var": 1675.33410645
    },
    "barkbands_skewness": {
        "dmean": 1.21377193928,
        "dmean2": 1.80281662941,
        "dvar": 1.99066996574,
        "dvar2": 3.9402782917,
        "max": 17.6899986267,
        "mean": 3.25947666168,
        "median": 3.09512233734,
        "min": -6.4538731575,
        "stdev": 2.76414275169,
        "var": 7.64048528671
    },
    "barkbands_spread": {
        "dmean": 7.87714672089,
        "dmean2": 11.9808330536,
        "dvar": 120.141517639,
        "dvar2": 267.555786133,
        "max": 113.919113159,
        "mean": 18.4790782928,
        "median": 13.0743074417,
        "min": 0.284913659096,
        "stdev": 17.1173152924,
        "var": 293.002471924
    },
    "dissonance": {
        "dmean": 0.0195357725024,
        "dmean2": 0.0326052233577,
        "dvar": 0.000506908399984,
        "dvar2": 0.00121086579747,
        "max": 0.499936670065,
        "mean": 0.464458465576,
        "median": 0.475660264492,
        "min": 0.226647734642,
        "stdev": 0.0334009751678,
        "var": 0.00111562514212
    },
    "dynamic_complexity": 1.96125042439,
    "erbbands_crest": {
        "dmean": 3.08300232887,
        "dmean2": 4.96505022049,
        "dvar": 8.76240825653,
        "dvar2": 21.2685146332,
        "max": 27.5927829742,
        "mean": 9.0660867691,
        "median": 7.75043201447,
        "min": 2.64119791985,
        "stdev": 4.46003484726,
        "var": 19.891910553
    },
    "erbbands_flatness_db": {
        "dmean": 0.0217915195972,
        "dmean2": 0.032095015049,
        "dvar": 0.000586508831475,
        "dvar2": 0.00108531641308,
        "max": 0.384996414185,
        "mean": 0.135839745402,
        "median": 0.12483908236,
        "min": 0.0557727590203,
        "stdev": 0.0454286262393,
        "var": 0.00206376006827
    },
    "erbbands_kurtosis": {
        "dmean": 1.63942360878,
        "dmean2": 2.6258289814,
        "dvar": 10.6560468674,
        "dvar2": 27.2787570953,
        "max": 55.0886230469,
        "mean": 1.12289559841,
        "median": 0.0262727737427,
        "min": -1.85869204998,
        "stdev": 3.8457069397,
        "var": 14.7894611359
    },
    "erbbands_skewness": {
        "dmean": 0.517313838005,
        "dmean2": 0.766408741474,
        "dvar": 0.353116095066,
        "dvar2": 0.806403398514,
        "max": 6.05314159393,
        "mean": 0.448279619217,
        "median": 0.453709572554,
        "min": -4.04194068909,
        "stdev": 1.04444050789,
        "var": 1.09085607529
    },
    "erbbands_spread": {
        "dmean": 15.6110029221,
        "dmean2": 23.9285163879,
        "dvar": 322.733398438,
        "dvar2": 718.247802734,
        "max": 181.703567505,
        "mean": 53.3628845215,
        "median": 47.2948112488,
        "min": 2.61631155014,
        "stdev": 30.1201820374,
        "var": 907.225341797
    },
    "hfc": {
        "dmean": 11.5249433517,
        "dmean2": 15.5775709152,
        "dvar": 397.230712891,
        "dvar2": 710.561889648,
        "max": 194.50617981,
        "mean": 25.6546726227,
        "median": 16.1334342957,
        "min": 0.000821847934276,
        "stdev": 28.404756546,
        "var": 806.830200195
    },
    "loudness_ebu128": {
        "integrated": -8.17656135559,
        "loudness_range": 1.94994878769,
        "momentary": {
            "dmean": 0.676630020142,
            "dmean2": 1.03030824661,
            "dvar": 0.215672165155,
            "dvar2": 0.464223712683,
            "max": -6.12359714508,
            "mean": -8.33190059662,
            "median": -8.29183959961,
            "min": -13.8856363297,
            "stdev": 1.20571327209,
            "var": 1.45374441147
        },
        "short_term": {
            "dmean": 0.0866250321269,
            "dmean2": 0.122543416917,
            "dvar": 0.00414933869615,
            "dvar2": 0.00797102507204,
            "max": -7.31142902374,
            "mean": -8.26307487488,
            "median": -8.0481338501,
            "min": -10.155714035,
            "stdev": 0.666806101799,
            "var": 0.444630354643
        }
    },
    "melbands_crest": {
        "dmean": 4.31457662582,
        "dmean2": 6.84939527512,
        "dvar": 18.6910400391,
        "dvar2": 46.9152145386,
        "max": 38.2588768005,
        "mean": 21.8768100739,
        "median": 22.9895496368,
        "min": 2.72041654587,
        "stdev": 8.49125671387,
        "var": 72.1014404297
    },
    "melbands_flatness_db": {
        "dmean": 0.0487424246967,
        "dmean2": 0.0665133297443,
        "dvar": 0.00271128048189,
        "dvar2": 0.00450932933018,
        "max": 0.863300323486,
        "mean": 0.26782733202,
        "median": 0.275446593761,
        "min": 0.0282988734543,
        "stdev": 0.122210271657,
        "var": 0.0149353509769
    },
    "melbands_kurtosis": {
        "dmean": 37.5253715515,
        "dmean2": 59.0751037598,
        "dvar": 4096.52392578,
        "dvar2": 10044.7832031,
        "max": 1140.69299316,
        "mean": 63.8609352112,
        "median": 33.7270545959,
        "min": -1.83982539177,
        "stdev": 86.6229248047,
        "var": 7503.53076172
    },
    "melbands_skewness": {
        "dmean": 1.77842521667,
        "dmean2": 2.71131420135,
        "dvar": 4.35966157913,
        "dvar2": 10.0396623611,
        "max": 29.2396202087,
        "mean": 5.26660108566,
        "median": 4.84790325165,
        "min": -3.19970989227,
        "stdev": 3.80266785622,
        "var": 14.4602823257
    },
    "melbands_spread": {
        "dmean": 9.20596885681,
        "dmean2": 14.3337593079,
        "dvar": 324.501922607,
        "dvar2": 707.789367676,
        "max": 226.965057373,
        "mean": 19.7446498871,
        "median": 8.47620487213,
        "min": 0.133755505085,
        "stdev": 29.5626373291,
        "var": 873.949523926
    },
    "pitch_salience": {
        "dmean": 0.100710205734,
        "dmean2": 0.159233808517,
        "dvar": 0.0117767555639,
        "dvar2": 0.0283153094351,
        "max": 0.872881054878,
        "mean": 0.429893314838,
        "median": 0.393221259117,
        "min": 0.0468647405505,
        "stdev": 0.181446298957,
        "var": 0.0329227596521
    },
    "silence_rate_20dB": {
        "dmean": 0,
        "dmean2": 0,
        "dvar": 0,
        "dvar2": 0,
        "max": 1,
        "mean": 1,
        "median": 1,
        "min": 1,
        "stdev": 0,
        "var": 0
    },
    "silence_rate_30dB": {
        "dmean": 0.108359135687,
        "dmean2": 0.216886132956,
        "dvar": 0.0966172814369,
        "dvar2": 0.207028180361,
        "max": 1,
        "mean": 0.873936593533,
        "median": 1,
        "min": 0,
        "stdev": 0.33191922307,
        "var": 0.110170379281
    },
    "silence_rate_60dB": {
        "dmean": 0.011609907262,
        "dmean2": 0.0224632062018,
        "dvar": 0.0114748822525,
        "dvar2": 0.0219592377543,
        "max": 1,
        "mean": 0.0239752512425,
        "median": 0,
        "min": 0,
        "stdev": 0.152970343828,
        "var": 0.0233999248594
    },
    "spectral_centroid": {
        "dmean": 384.650024414,
        "dmean2": 564.714538574,
        "dvar": 262772.125,
        "dvar2": 463458.5625,
        "max": 6839.55273438,
        "mean": 1348.96362305,
        "median": 1049.20629883,
        "min": 114.078865051,
        "stdev": 1037.16040039,
        "var": 1075701.75
    },
    "spectral_complexity": {
        "dmean": 5.22987604141,
        "dmean2": 7.45468616486,
        "dvar": 49.2203636169,
        "dvar2": 79.1075744629,
        "max": 63,
        "mean": 15.3658161163,
        "median": 11,
        "min": 0,
        "stdev": 12.7062158585,
        "var": 161.447921753
    },
    "spectral_decrease": {
        "dmean": 4.93344387564e-09,
        "dmean2": 7.30490734568e-09,
        "dvar": 3.70940708457e-17,
        "dvar2": 8.53256588009e-17,
        "max": -2.34273592279e-14,
        "mean": -1.52422021671e-08,
        "median": -1.54678652109e-08,
        "min": -5.24233847443e-08,
        "stdev": 1.06021245116e-08,
        "var": 1.12405044044e-16
    },
    "spectral_energy": {
        "dmean": 0.019125605002,
        "dmean2": 0.0282051172107,
        "dvar": 0.000540646491572,
        "dvar2": 0.00122171011753,
        "max": 0.199885010719,
        "mean": 0.0598545223475,
        "median": 0.0614629648626,
        "min": 1.62964383321e-07,
        "stdev": 0.040266148746,
        "var": 0.00162136286963
    },
    "spectral_energyband_high": {
        "dmean": 0.000935019808821,
        "dmean2": 0.0012831655331,
        "dvar": 2.70309806183e-06,
        "dvar2": 5.36764900971e-06,
        "max": 0.0168262571096,
        "mean": 0.00171348662116,
        "median": 0.000708517152816,
        "min": 8.34180369225e-08,
        "stdev": 0.00246177939698,
        "var": 6.06035746387e-06
    },
    "spectral_energyband_low": {
        "dmean": 0.017896072939,
        "dmean2": 0.0275810025632,
        "dvar": 0.000620603153948,
        "dvar2": 0.00159824895673,
        "max": 0.194680094719,
        "mean": 0.0451637580991,
        "median": 0.0427579171956,
        "min": 4.41391012629e-09,
        "stdev": 0.0393202938139,
        "var": 0.00154608546291
    },
    "spectral_energyband_middle_high": {
        "dmean": 0.00223868153989,
        "dmean2": 0.00335763208568,
        "dvar": 2.0023480829e-05,
        "dvar2": 4.00177013944e-05,
        "max": 0.0436270162463,
        "mean": 0.00367230875418,
        "median": 0.00169846450444,
        "min": 3.65260177659e-08,
        "stdev": 0.00578162726015,
        "var": 3.3427215385e-05
    },
    "spectral_energyband_middle_low": {
        "dmean": 0.00639708340168,
        "dmean2": 0.0106941936538,
        "dvar": 0.000160947951372,
        "dvar2": 0.000434145564213,
        "max": 0.100857421756,
        "mean": 0.00992376822978,
        "median": 0.00681448215619,
        "min": 6.42757669311e-09,
        "stdev": 0.0116968844086,
        "var": 0.000136817106977
    },
    "spectral_entropy": {
        "dmean": 0.264562755823,
        "dmean2": 0.374644011259,
        "dvar": 0.112014099956,
        "dvar2": 0.198594212532,
        "max": 8.87734699249,
        "mean": 7.69687747955,
        "median": 7.82967948914,
        "min": 4.17973566055,
        "stdev": 0.607679605484,
        "var": 0.369274497032
    },
    "spectral_flux": {
        "dmean": 0.042107604444,
        "dmean2": 0.0626232400537,
        "dvar": 0.00203583552502,
        "dvar2": 0.00354286422953,
        "max": 0.44364374876,
        "mean": 0.113652914762,
        "median": 0.0924552604556,
        "min": 0.000403688463848,
        "stdev": 0.0724697113037,
        "var": 0.00525185884908
    },
    "spectral_kurtosis": {
        "dmean": 1.65165781975,
        "dmean2": 2.53143954277,
        "dvar": 20.0813217163,
        "dvar2": 51.0422134399,
        "max": 106.485366821,
        "mean": 3.29770684242,
        "median": 2.59415149689,
        "min": -1.16423642635,
        "stdev": 4.51454734802,
        "var": 20.3811397552
    },
    "spectral_rms": {
        "dmean": 0.00123260752298,
        "dmean2": 0.00176712288521,
        "dvar": 1.93327309717e-06,
        "dvar2": 3.97785925088e-06,
        "max": 0.0139645896852,
        "mean": 0.00707481615245,
        "median": 0.00774363428354,
        "min": 1.26091090351e-05,
        "stdev": 0.00288818380795,
        "var": 8.34160528029e-06
    },
    "spectral_rolloff": {
        "dmean": 642.197387695,
        "dmean2": 1044.62011719,
        "dvar": 1993173.25,
        "dvar2": 3996925.75,
        "max": 11929.3945312,
        "mean": 1367.76635742,
        "median": 279.931640625,
        "min": 43.06640625,
        "stdev": 2352.65063477,
        "var": 5534965.5
    },
    "spectral_skewness": {
        "dmean": 0.284821301699,
        "dmean2": 0.41272392869,
        "dvar": 0.162855654955,
        "dvar2": 0.342055082321,
        "max": 9.16173171997,
        "mean": 1.46755027771,
        "median": 1.43146026134,
        "min": -0.359279304743,
        "stdev": 0.639483988285,
        "var": 0.408939749002
    },
    "spectral_spread": {
        "dmean": 942165.3125,
        "dmean2": 1324098.875,
        "dvar": 1.44468279296e+12,
        "dvar2": 2.5095021527e+12,
        "max": 29655292,
        "mean": 6476439,
        "median": 6168017.5,
        "min": 1342874.75,
        "stdev": 2210027.5,
        "var": 4.88422139494e+12
    },
    "spectral_strongpeak": {
        "dmean": 0.330054372549,
        "dmean2": 0.554856777191,
        "dvar": 0.335353642702,
        "dvar2": 0.881962180138,
        "max": 7.11867189407,
        "mean": 0.641287088394,
        "median": 0.445272326469,
        "min": 0,
        "stdev": 0.665889024734,
        "var": 0.443408221006
    },
    "zerocrossingrate": {
        "dmean": 0.0171147864312,
        "dmean2": 0.0187657345086,
        "dvar": 0.000584180350415,
        "dvar2": 0.000581751286518,
        "max": 0.39208984375,
        "mean": 0.0620389096439,
        "median": 0.04052734375,
        "min": 0.00146484375,
        "stdev": 0.0677421838045,
        "var": 0.00458900351077
    },
    "barkbands": {
        "dmean": [0.00206307740882, 0.0154091157019, 0.00535117415711, 0.00168270280119, 0.00234552682377, 0.00159134995192, 0.000738169299439, 0.00115580228157, 0.000543960835785, 0.000356990814907, 0.000314700533636, 0.000310251227347, 0.000458265596535, 0.000310426490614, 0.000412594963564, 0.000237724292674, 0.000183512616786, 0.000154526569531, 0.00019279330445, 0.000149675805005, 0.000162226526299, 0.00020501986728, 0.000199679692741, 0.000209755526157, 0.000170648912899, 6.39700956526e-05, 4.35088577433e-06],
        "dmean2": [0.00315772788599, 0.0241415724158, 0.00932827126235, 0.00302044511773, 0.00397397764027, 0.00262064533308, 0.00125756778289, 0.00200160080567, 0.000879601284396, 0.0005901986151, 0.00051722698845, 0.000514441169798, 0.000727780687157, 0.0004974231706, 0.000653221039101, 0.00039514846867, 0.000281093787635, 0.000230433535762, 0.000281957123661, 0.000226452131756, 0.000223780414672, 0.00030722504016, 0.000309806695441, 0.000302651606034, 0.000252202851698, 8.77508718986e-05, 7.02588613422e-06],
        "dvar": [1.38710793181e-05, 0.000511629215907, 0.000147575206938, 2.72014349321e-05, 2.2546022592e-05, 1.1256529433e-05, 3.40670976584e-06, 1.71265764948e-05, 1.53807764036e-06, 5.60523972126e-07, 3.45408864177e-07, 5.86815644965e-07, 1.43497504723e-06, 4.76552429518e-07, 9.97654296953e-07, 3.99651327143e-07, 1.78514923732e-07, 1.47057122035e-07, 1.68437196635e-07, 7.8357047073e-08, 7.63877707755e-08, 2.64381640136e-07, 1.66034297422e-07, 1.31083623955e-07, 7.80887603469e-08, 1.87279898256e-08, 3.50830947626e-10],
        "dvar2": [2.95947138511e-05, 0.00140230823308, 0.000423710502218, 7.98444234533e-05, 6.13389202044e-05, 2.92062159133e-05, 9.08938272914e-06, 4.78290894534e-05, 3.97138683184e-06, 1.45332239754e-06, 8.22103345399e-07, 1.35195818984e-06, 3.53224436367e-06, 1.10147686883e-06, 2.27487498705e-06, 1.06923937437e-06, 3.45522778389e-07, 3.04712131083e-07, 3.38793284982e-07, 1.77243421717e-07, 1.39852602388e-07, 6.0996353568e-07, 3.98906337296e-07, 2.70128651891e-07, 1.62979191032e-07, 3.59943577166e-08, 8.53577597493e-10],
        "max": [0.0479439944029, 0.14949208498, 0.104033499956, 0.047400996089, 0.0379442498088, 0.0328400880098, 0.0183166172355, 0.0379646122456, 0.0149699496105, 0.00890635978431, 0.00655496213585, 0.00960081070662, 0.0149553501979, 0.00699627120048, 0.00858957692981, 0.00678077666089, 0.00441519217566, 0.00430029211566, 0.00449841842055, 0.00339481956325, 0.00318362191319, 0.00568136852235, 0.00387033331208, 0.00389185640961, 0.00343630067073, 0.00181449588854, 0.000307964830426],
        "mean": [0.00561226066202, 0.0331302918494, 0.00584500189871, 0.00173709227238, 0.00316099380143, 0.00239875167608, 0.000761487171985, 0.00100169505458, 0.000786870950833, 0.000408679974498, 0.00044897076441, 0.000360673700925, 0.000496517226566, 0.0003967321245, 0.000479681038996, 0.000321591796819, 0.000229033699725, 0.000194671287318, 0.000258685060544, 0.000225271607633, 0.000251706573181, 0.000265244860202, 0.00028053985443, 0.000376235722797, 0.000329061702359, 9.31413233047e-05, 3.67595043826e-06],
        "median": [0.00108726276085, 0.0261057950556, 0.0016610827297, 0.000534755701665, 0.00144919217564, 0.0007700464339, 0.000150927022332, 0.000117072690045, 0.000181459487067, 0.000120178025099, 0.000122777215438, 5.95646706643e-05, 9.83787540463e-05, 8.52051016409e-05, 0.000101557910966, 7.9669378465e-05, 4.55403460364e-05, 2.74695230473e-05, 7.80418922659e-05, 0.000103786107502, 9.66427833191e-05, 5.83677938266e-05, 6.22395746177e-05, 0.000116659990454, 0.000153405053425, 3.34830183419e-05, 4.15532142028e-08],
        "min": [6.01709126968e-10, 2.32107422171e-09, 1.78786840888e-09, 1.22695076321e-09, 2.06854777751e-09, 2.10045605908e-10, 1.37482664142e-10, 6.5544680794e-10, 7.41311290131e-10, 3.67589381156e-09, 3.1110793941e-09, 1.67428415576e-09, 3.52948803517e-09, 1.00826520466e-08, 4.77027661816e-09, 3.32941652026e-09, 2.95609869916e-09, 2.04095740308e-09, 1.01796104879e-09, 2.48933762492e-09, 8.74305516874e-09, 9.68717994709e-09, 1.07242899006e-08, 1.25834782594e-08, 7.76923503309e-09, 2.36839503565e-09, 2.0200963298e-12],
        "stdev": [0.00835500657558, 0.0320774354041, 0.0113794812933, 0.00422476883978, 0.004785254132, 0.00384550611489, 0.00189719791524, 0.00337095325813, 0.00155557482503, 0.000775071501266, 0.000837704516016, 0.000871987955179, 0.00120485178195, 0.000800571404397, 0.00108714634553, 0.000714761321433, 0.000536684936378, 0.000471677340101, 0.000518506101798, 0.000354034593329, 0.000415871007135, 0.000590689771343, 0.000492227205541, 0.000628134410363, 0.000435170164565, 0.000186498000403, 1.73378102772e-05],
        "var": [6.9806141255e-05, 0.00102896185126, 0.000129492589622, 1.78486716322e-05, 2.28986573347e-05, 1.478791728e-05, 3.59936007044e-06, 1.13633259389e-05, 2.41981319959e-06, 6.0073585928e-07, 7.01748888332e-07, 7.60363036534e-07, 1.4516677993e-06, 6.40914549876e-07, 1.1818871144e-06, 5.10883751303e-07, 2.88030747697e-07, 2.22479499712e-07, 2.6884856652e-07, 1.25340491763e-07, 1.7294868826e-07, 3.4891442624e-07, 2.42287626406e-07, 3.94552870375e-07, 1.89373068338e-07, 3.47815038992e-08, 3.00599656278e-10]
    },
    "erbbands": {
        "dmean": [0.657935798168, 2.99092245102, 6.15039205551, 5.24741125107, 6.2902264595, 8.41917991638, 11.4623098373, 12.925444603, 10.6146373749, 17.5455284119, 20.2703075409, 13.6406641006, 7.35572052002, 12.8515729904, 13.1957588196, 14.7614860535, 22.1768417358, 13.4892625809, 25.34116745, 12.1199407578, 13.1155729294, 9.0906085968, 9.50375175476, 8.74367809296, 8.56041240692, 7.34121799469, 6.85766839981, 6.12040233612, 8.67337799072, 5.28139972687, 6.43132257462, 4.86635351181, 3.41224813461, 2.26461100578, 1.06809508801, 0.36528813839, 0.0957349464297, 0.0196475591511, 0.000467783858767, 3.25379587593e-05],
        "dmean2": [1.00886666775, 4.69862270355, 10.5598669052, 9.28388214111, 11.041975975, 14.1642951965, 18.9015789032, 21.0409030914, 18.0313434601, 31.2025947571, 33.3119010925, 21.8216247559, 11.8345003128, 21.6380634308, 21.4477710724, 24.4102916718, 35.2703170776, 21.4326324463, 40.5707435608, 19.0479831696, 21.876953125, 13.6416769028, 13.9527177811, 12.876449585, 12.469622612, 11.0171670914, 9.88424110413, 8.87868213654, 13.4054632187, 7.81878471375, 10.0029859543, 7.19242143631, 4.91191291809, 3.32754635811, 1.59338748455, 0.51207280159, 0.134714111686, 0.0278551355004, 0.000668614928145, 4.54750479548e-05],
        "dvar": [0.924157559872, 24.2383975983, 172.811065674, 231.483718872, 243.859664917, 308.8956604, 574.104553223, 864.428405762, 746.893066406, 3286.04223633, 3020.22241211, 1029.02612305, 165.405731201, 777.634887695, 660.887573242, 1333.81787109, 3464.56542969, 786.064453125, 4318.75634766, 629.639282227, 1397.20776367, 399.805084229, 612.333251953, 388.451416016, 264.437408447, 209.882644653, 142.950531006, 131.774551392, 616.087646484, 99.7197723389, 221.722381592, 84.993812561, 30.7658691406, 13.6555299759, 3.15878629684, 0.443359613419, 0.0567507185042, 0.00458253594115, 2.67725090453e-06, 2.50499732068e-09],
        "dvar2": [2.6216146946, 62.2233505249, 484.646881104, 662.639648438, 702.07434082, 813.380615234, 1466.23632812, 2250.79589844, 1999.16748047, 9235.43457031, 7828.63037109, 2615.52685547, 407.681549072, 2069.06030273, 1656.55554199, 3048.20117188, 8514.85644531, 1795.56604004, 10449.6123047, 1346.6595459, 3629.25244141, 734.212585449, 1306.05603027, 736.391845703, 519.725463867, 476.833892822, 256.165374756, 254.968383789, 1508.03820801, 203.906219482, 569.163269043, 190.659729004, 59.4195137024, 28.2487468719, 6.95807600021, 0.894608795643, 0.109068676829, 0.0100883599371, 5.83181054026e-06, 4.89335283405e-09],
        "max": [7.38147115707, 37.5887794495, 105.5338974, 149.34765625, 145.650726318, 137.506027222, 271.468841553, 274.434112549, 322.070159912, 538.520690918, 452.560852051, 419.277496338, 102.979164124, 358.661560059, 282.142333984, 456.103881836, 732.33807373, 297.054412842, 625.776489258, 250.559234619, 416.635070801, 201.880996704, 274.100494385, 218.495666504, 200.377304077, 166.87612915, 127.070587158, 118.253135681, 266.012176514, 110.886352539, 157.057052612, 99.2819671631, 64.2464828491, 42.2876205444, 23.4415435791, 9.67270469666, 2.7639837265, 1.0047712326, 0.0232167523354, 0.000633622345049],
        "mean": [1.52050197124, 5.18691110611, 7.45480918884, 6.10154056549, 7.14473581314, 11.5136299133, 18.378988266, 17.7812252045, 11.50877285, 14.0282440186, 22.2080383301, 20.8891391754, 9.05728530884, 16.8972892761, 18.2399177551, 17.4603462219, 24.1165828705, 17.9242630005, 29.4806346893, 17.309173584, 18.037979126, 12.3163919449, 11.3940210342, 11.8827219009, 12.6377840042, 10.8555240631, 10.8625087738, 9.35460281372, 10.149096489, 7.85867547989, 8.6283159256, 7.25248575211, 6.56836938858, 4.24071407318, 1.95609438419, 0.592856049538, 0.135210052133, 0.021234985441, 0.000539082218893, 8.90830124263e-05],
        "median": [1.00535869598, 2.99827218056, 2.77525496483, 2.44294548035, 3.45160365105, 4.7817029953, 6.04953622818, 5.02245378494, 3.05040788651, 2.34324669838, 4.11953401566, 4.99653863907, 3.86432003975, 6.17671346664, 5.27390193939, 3.74671292305, 4.98886203766, 4.47646713257, 6.23915863037, 4.92390918732, 4.38403320312, 2.70418286324, 1.58606302738, 2.48606705666, 4.76789045334, 4.85155010223, 4.58424854279, 3.09406542778, 2.16434264183, 1.62837862968, 1.9838565588, 1.30916655064, 2.34237837791, 1.79724311829, 0.974400162697, 0.249692514539, 0.0385474264622, 0.00257778773084, 0.000112665504275, 8.03119255579e-05],
        "min": [5.56869608204e-08, 6.51287109577e-07, 1.32664388275e-06, 4.6262171054e-06, 7.16046224625e-06, 6.67213726047e-06, 4.17408364228e-06, 1.06287382096e-06, 1.01011471543e-06, 5.87935664953e-06, 1.83476367965e-05, 1.743501889e-05, 6.14488744759e-05, 0.000157737522386, 8.48558556754e-05, 8.67267226567e-05, 0.000160957861226, 0.000394019531086, 0.000483420764795, 0.000116498871648, 0.000216833126615, 0.00016501324717, 0.000131190798129, 4.92023573315e-05, 5.57252715225e-05, 0.000101312762126, 0.000239424247411, 0.000363530474715, 0.00036701184581, 0.000387192587368, 0.000305437890347, 0.00031605863478, 0.000246626208536, 0.000135070673423, 3.63896724593e-05, 2.01417296921e-05, 1.75628133547e-06, 2.41763729036e-07, 1.15340137441e-08, 1.34220290438e-09],
        "stdev": [1.55166864395, 6.15929937363, 13.2673797607, 12.8139047623, 13.1159925461, 18.7789955139, 29.5860710144, 32.4672431946, 28.0568466187, 45.5848731995, 52.7835731506, 41.7489891052, 13.8474655151, 29.7642250061, 32.3117141724, 41.0761222839, 59.0466346741, 33.5862617493, 68.0346832275, 32.0237731934, 42.0840606689, 27.2485103607, 29.0865077972, 25.8286170959, 21.770822525, 17.7148590088, 17.9094791412, 16.2905006409, 25.4882068634, 14.2621603012, 16.0459289551, 13.7610244751, 10.1448993683, 6.02987766266, 2.56540393829, 0.948289752007, 0.314852744341, 0.0745659917593, 0.00177636335138, 6.80791054037e-05],
        "var": [2.4076757431, 37.9369697571, 176.023361206, 164.196166992, 172.029251099, 352.650665283, 875.335571289, 1054.12194824, 787.186645508, 2077.98071289, 2786.10546875, 1742.97814941, 191.752288818, 885.909118652, 1044.04675293, 1687.24768066, 3486.50512695, 1128.03686523, 4628.71826172, 1025.52197266, 1771.0682373, 742.481323242, 846.024963379, 667.117431641, 473.968688965, 313.816253662, 320.749450684, 265.380401611, 649.648681641, 203.409225464, 257.471832275, 189.36579895, 102.918983459, 36.3594245911, 6.58129787445, 0.899253487587, 0.0991322472692, 0.00556008750573, 3.15546662932e-06, 4.63476501622e-09]
    },
    "gfcc": {
        "mean": [1.10126543045, 71.0201873779, -84.2541427612, 42.5940628052, -54.5239334106, 31.2319374084, -36.3801040649, 16.2994422913, -24.3865852356, 14.7377643585, -12.6457958221, 0.630422413349, -0.0580205880105],
        "cov": [[5445.03271484, -793.107421875, -398.768432617, 84.3745040894, -151.420684814, 210.540847778, -205.155212402, 289.705291748, -158.418807983, 133.85975647, -72.2725524902, 166.961486816, -248.229507446], [-793.107421875, 2616.74365234, 789.129882812, 237.366241455, 824.471252441, -124.860969543, 425.640777588, -175.353744507, 152.117385864, -83.9645233154, 167.179779053, -130.895965576, 222.79914856], [-398.768432617, 789.129882812, 1494.6628418, 696.983093262, 348.80569458, 218.289138794, 121.045753479, -44.6422042847, 107.333251953, -17.8112430573, 34.7181472778, -58.1580200195, 70.9369812012], [84.3745040894, 237.366241455, 696.983093262, 677.074279785, 249.461380005, 172.706558228, 64.2958755493, -12.1522140503, 93.4153594971, -51.2721786499, 51.2561073303, -40.5050468445, 16.3322868347], [-151.420684814, 824.471252441, 348.80569458, 249.461380005, 727.152770996, 171.798599243, 207.4190979, 9.91066169739, 97.9915390015, -24.6924495697, 90.3684387207, -36.871421814, 16.683921814], [210.540847778, -124.860969543, 218.289138794, 172.706558228, 171.798599243, 365.691467285, 61.9983062744, 25.7839832306, 22.9730472565, 10.7893247604, 21.3624248505, -15.1670084, -41.9395484924], [-205.155212402, 425.640777588, 121.045753479, 64.2958755493, 207.4190979, 61.9983062744, 237.798126221, 13.7017087936, 53.7421569824, 5.49818229675, 30.771232605, -18.9729290009, 6.63854408264], [289.705291748, -175.353744507, -44.6422042847, -12.1522140503, 9.91066169739, 25.7839832306, 13.7017087936, 201.927078247, 1.05840277672, 43.7219848633, -10.0636463165, 39.9148292542, 1.61426210403], [-158.418807983, 152.117385864, 107.333251953, 93.4153594971, 97.9915390015, 22.9730472565, 53.7421569824, 1.05840277672, 166.07661438, 11.1976184845, 26.3863925934, 2.32969880104, 5.14224863052], [133.85975647, -83.9645233154, -17.8112430573, -51.2721786499, -24.6924495697, 10.7893247604, 5.49818229675, 43.7219848633, 11.1976184845, 124.975326538, 8.65866374969, 12.6985025406, 8.90637207031], [-72.2725524902, 167.179779053, 34.7181472778, 51.2561073303, 90.3684387207, 21.3624248505, 30.771232605, -10.0636463165, 26.3863925934, 8.65866374969, 120.0235672, 17.5462112427, 10.1353845596], [166.961486816, -130.895965576, -58.1580200195, -40.5050468445, -36.871421814, -15.1670084, -18.9729290009, 39.9148292542, 2.32969880104, 12.6985025406, 17.5462112427, 105.792037964, -1.70973932743], [-248.229507446, 222.79914856, 70.9369812012, 16.3322868347, 16.683921814, -41.9395484924, 6.63854408264, 1.61426210403, 5.14224863052, 8.90637207031, 10.1353845596, -1.70973932743, 160.767501831]],
        "icov": [[0.000314357836032, -0.000325138447806, 0.000335019343765, -0.000485528056743, 0.000205768243177, -0.000409362779465, 0.000564567511901, -0.000420727243181, 0.000357528246241, -0.00055717676878, 0.000488680729177, -0.000638302997686, 0.000672072172165], [-0.000325138447806, 0.00210581021383, -0.00127333356068, 0.00144926167559, -0.00164950522594, 0.00200036121532, -0.00242237024941, 0.00133751565591, -0.00052453042008, 0.00145581457764, -0.00183915859088, 0.0018533669645, -0.00215434096754], [0.000335019343765, -0.00127333356068, 0.00226377276704, -0.00241410010494, 0.00078599981498, -0.00143567787018, 0.00134339719079, -0.000482116010971, 0.00050146819558, -0.00158772268333, 0.00175599311478, -0.00138915027492, 0.000968019827269], [-0.000485528056743, 0.00144926167559, -0.00241410010494, 0.00470045162365, -0.00123241636902, 0.000832292076666, -0.00137892714702, 0.000576932565309, -0.00159453530796, 0.00282025593333, -0.0024898473639, 0.00233891210519, -0.00169767416082], [0.000205768243177, -0.00164950522594, 0.00078599981498, -0.00123241636902, 0.00363361462951, -0.00211462331936, 0.000426735437941, -0.00131598219741, -0.000126268394524, -0.000401959405281, 0.000196112829144, -0.000827138777822, 0.00145407137461], [-0.000409362779465, 0.00200036121532, -0.00143567787018, 0.000832292076666, -0.00211462331936, 0.00555815547705, -0.00262932642363, 0.000961704761721, -0.000198441164684, 0.000806304917205, -0.00184979836922, 0.0020744043868, -0.000986653263681], [0.000564567511901, -0.00242237024941, 0.00134339719079, -0.00137892714702, 0.000426735437941, -0.00262932642363, 0.00883603747934, -0.00216895714402, -0.000280697830021, -0.00206481153145, 0.001817096374, -0.00150663300883, 0.00269556813873], [-0.000420727243181, 0.00133751565591, -0.000482116010971, 0.000576932565309, -0.00131598219741, 0.000961704761721, -0.00216895714402, 0.00719067594036, -0.000230026198551, -0.000992771121673, 0.000197468529223, -0.00108734541573, -0.00190593500156], [0.000357528246241, -0.00052453042008, 0.00050146819558, -0.00159453530796, -0.000126268394524, -0.000198441164684, -0.000280697830021, -0.000230026198551, 0.0076853162609, -0.00185354636051, 0.000250380224315, -0.0015558997402, 0.00101944303606], [-0.00055717676878, 0.00145581457764, -0.00158772268333, 0.00282025593333, -0.000401959405281, 0.000806304917205, -0.00206481153145, -0.000992771121673, -0.00185354636051, 0.0111390789971, -0.00298744416796, 0.00202676607296, -0.00246440293267], [0.000488680729177, -0.00183915859088, 0.00175599311478, -0.0024898473639, 0.000196112829144, -0.00184979836922, 0.001817096374, 0.000197468529223, 0.000250380224315, -0.00298744416796, 0.012181376107, -0.0046226051636, 0.00154190440662], [-0.000638302997686, 0.0018533669645, -0.00138915027492, 0.00233891210519, -0.000827138777822, 0.0020744043868, -0.00150663300883, -0.00108734541573, -0.0015558997402, 0.00202676607296, -0.0046226051636, 0.0135576911271, -0.00210548518226], [0.000672072172165, -0.00215434096754, 0.000968019827269, -0.00169767416082, 0.00145407137461, -0.000986653263681, 0.00269556813873, -0.00190593500156, 0.00101944303606, -0.00246440293267, 0.00154190440662, -0.00210548518226, 0.00947264581919]]
    },
    "melbands": {
        "dmean": [0.0048098876141, 0.00292697083205, 0.00086500874022, 0.000531872268766, 0.000376870535547, 0.000286021939246, 0.000160048453836, 0.000219927940634, 0.000152698150487, 7.93958897702e-05, 3.64609913959e-05, 5.40748042113e-05, 4.434910079e-05, 3.69031076843e-05, 4.36404698121e-05, 4.1284787585e-05, 2.51577512245e-05, 4.25227335654e-05, 2.46358413278e-05, 1.56712267199e-05, 1.50441437654e-05, 9.04317221284e-06, 1.29692361952e-05, 6.35431433693e-06, 7.36311721994e-06, 7.04655803929e-06, 5.95319897911e-06, 4.87815941597e-06, 4.56805128124e-06, 3.84921258956e-06, 3.52716801899e-06, 5.09037226948e-06, 3.80069309358e-06, 2.82297696685e-06, 3.64800416719e-06, 3.15850275001e-06, 3.3472067571e-06, 2.62724006461e-06, 2.32259799304e-06, 1.8497205474e-06],
        "dmean2": [0.00751638831571, 0.0047492114827, 0.00150113727432, 0.000913183321245, 0.000621410959866, 0.000466886151116, 0.000272974080872, 0.000392088957597, 0.000249408272794, 0.000126671933685, 5.89807532378e-05, 9.12444957066e-05, 7.19959207345e-05, 6.08622394793e-05, 7.03841724317e-05, 6.52662274661e-05, 4.0115450247e-05, 6.85060877004e-05, 3.9073802327e-05, 2.5839322916e-05, 2.50436987699e-05, 1.41042537507e-05, 2.02201354114e-05, 9.81934226729e-06, 1.09958546091e-05, 1.04420769276e-05, 8.87096848601e-06, 7.50728304411e-06, 6.84620363245e-06, 5.4713082136e-06, 5.32940339326e-06, 7.98310338723e-06, 5.65066466152e-06, 4.34891717305e-06, 5.73715351493e-06, 4.84759038955e-06, 5.08821540279e-06, 3.93510572394e-06, 3.41938834936e-06, 2.74571812042e-06],
        "dvar": [4.77285502711e-05, 3.00683896057e-05, 5.99283657721e-06, 1.28483759454e-06, 5.85611985571e-07, 4.03214926337e-07, 1.70606639927e-07, 6.20691935183e-07, 1.39192451343e-07, 3.43998181052e-08, 4.12181933029e-09, 1.44357574783e-08, 6.97371405067e-09, 7.78126363343e-09, 1.22341550224e-08, 1.05172182074e-08, 2.77385003855e-09, 1.19412995048e-08, 3.23892224152e-09, 1.40938305471e-09, 1.82829551498e-09, 3.72059744125e-10, 1.58089907831e-09, 2.21752949336e-10, 2.91748708525e-10, 2.14347095628e-10, 1.22048329776e-10, 8.74370992276e-11, 6.95576651832e-11, 4.33589518456e-11, 4.71991438988e-11, 2.17084308862e-10, 7.88184587042e-11, 2.6362802566e-11, 6.64606425449e-11, 4.08726316681e-11, 4.3532042554e-11, 2.00271622203e-11, 1.28916200631e-11, 9.8908338117e-12],
        "dvar2": [0.000133203328005, 7.73180945544e-05, 1.68914848473e-05, 3.52832557837e-06, 1.51981180352e-06, 1.05175570297e-06, 4.56054323195e-07, 1.75679736003e-06, 3.50342276079e-07, 8.73340439966e-08, 1.01803570018e-08, 3.85128551272e-08, 1.6689966742e-08, 1.80768822133e-08, 3.02747658054e-08, 2.44221354251e-08, 6.51781295602e-09, 2.91168600342e-08, 6.93032076171e-09, 3.72727892994e-09, 4.68099248252e-09, 7.95663201991e-10, 3.73599728931e-09, 4.39762615212e-10, 5.77046965766e-10, 4.5108264346e-10, 2.73390893257e-10, 2.04095920719e-10, 1.42649184132e-10, 8.51419629244e-11, 9.3988525296e-11, 5.37737909756e-10, 1.75702341565e-10, 5.58241786131e-11, 1.69138564265e-10, 9.56143289543e-11, 1.03404992902e-10, 4.11068366846e-11, 2.58509654655e-11, 2.14653763514e-11],
        "max": [0.0504961684346, 0.0500311180949, 0.0236582327634, 0.00887879729271, 0.00793077144772, 0.00551255373284, 0.00436982698739, 0.00745470682159, 0.00291472510435, 0.00238038715906, 0.000451956002507, 0.00149592442904, 0.000939652381931, 0.00105316238478, 0.00138068664819, 0.00168041035067, 0.000504801399074, 0.00116571621038, 0.000460177776404, 0.000381176243536, 0.000490840233397, 0.000203628311283, 0.000457679154351, 0.000164282770129, 0.000194497668417, 0.000254421436694, 0.00013112227316, 9.84328507911e-05, 9.23232364585e-05, 6.77300413372e-05, 8.47409610287e-05, 0.000150837106048, 0.000103242309706, 5.24723800481e-05, 8.7150161562e-05, 6.07396577834e-05, 7.12939872756e-05, 4.99132656842e-05, 3.71561764041e-05, 3.7101428461e-05],
        "mean": [0.0112526742741, 0.00459292205051, 0.00108732585795, 0.000696227594744, 0.000607577792834, 0.000403936981456, 0.000169727383764, 0.000170561412233, 0.00018180355255, 0.000118385032692, 4.16205148213e-05, 6.75239789416e-05, 6.39508434688e-05, 4.3633095629e-05, 4.86109929625e-05, 4.60764094896e-05, 3.22122541547e-05, 4.91430619149e-05, 2.97494771075e-05, 2.1304396796e-05, 2.06026234082e-05, 1.19796604849e-05, 1.33060220833e-05, 8.56673250382e-06, 9.60788202065e-06, 9.62620288192e-06, 8.26830091682e-06, 6.84634824211e-06, 6.89550097377e-06, 5.81390213483e-06, 5.21541232956e-06, 5.79928928346e-06, 4.84237443743e-06, 4.18444005845e-06, 4.95089989272e-06, 4.28063276559e-06, 4.7121488933e-06, 4.73928821521e-06, 4.28840303357e-06, 3.31061164616e-06],
        "median": [0.00850644335151, 0.00249593309127, 0.000513662875164, 0.000299240171444, 0.000246471579885, 0.000117124342069, 3.93340014853e-05, 2.55084087257e-05, 3.50973132299e-05, 2.60661854554e-05, 1.46320599015e-05, 2.32814345509e-05, 1.6870943e-05, 7.73103784013e-06, 9.45856845647e-06, 9.89826730802e-06, 7.62496392781e-06, 9.825916095e-06, 6.70219696985e-06, 5.8211430769e-06, 4.43987573817e-06, 2.5984338663e-06, 1.65035157806e-06, 1.3067672171e-06, 1.75100012711e-06, 3.17716489917e-06, 3.24196366819e-06, 2.79388268609e-06, 2.92150798487e-06, 2.04493971978e-06, 1.63242202689e-06, 1.22526455471e-06, 8.74463125911e-07, 8.37347045035e-07, 1.22385529266e-06, 7.200952723e-07, 7.5582562431e-07, 1.52644076934e-06, 1.68253939137e-06, 1.35863206197e-06],
        "min": [6.31165286702e-10, 7.48656803218e-10, 1.07634456903e-09, 4.98859953346e-10, 1.74978406764e-10, 2.54296878693e-11, 1.82041135638e-11, 7.78485262365e-11, 1.61425386946e-10, 9.79277423041e-11, 3.19565401918e-10, 6.51025733323e-10, 3.60638713337e-10, 1.44549691661e-10, 3.29359428619e-10, 3.72521513636e-10, 7.96460453145e-10, 9.08064567984e-10, 2.29350372027e-10, 1.572717373e-10, 2.65670124788e-10, 1.51715973118e-10, 2.16448803325e-10, 4.86478808626e-11, 3.76131591151e-11, 3.80984861714e-11, 3.81352553702e-11, 7.98253199652e-11, 1.05314409971e-10, 2.03015312894e-10, 2.06334033193e-10, 1.94046362312e-10, 1.56528581763e-10, 2.1292737018e-10, 1.54909057803e-10, 1.5929137176e-10, 1.73185438213e-10, 1.34966329779e-10, 1.47963918895e-10, 9.5972362002e-11],
        "stdev": [0.0108250211924, 0.00632190285251, 0.00211225729436, 0.00112123414874, 0.000916146032978, 0.000704905716702, 0.000427466147812, 0.000616019184235, 0.000383554841392, 0.000245824514423, 6.82006138959e-05, 0.000125545600895, 0.000119943200843, 0.000100832199678, 0.000111393484985, 0.00011051549518, 6.22543011559e-05, 0.000113048568892, 6.50022557238e-05, 4.28461025876e-05, 4.91656683153e-05, 2.51212768489e-05, 4.09424792451e-05, 1.93393752852e-05, 2.16667631321e-05, 1.86057750398e-05, 1.36347607622e-05, 1.13709756988e-05, 1.16582705232e-05, 9.5147643151e-06, 9.48243905441e-06, 1.49678326125e-05, 1.05409035314e-05, 7.43212513044e-06, 8.94569529919e-06, 8.1225834947e-06, 9.3387097877e-06, 7.73767533246e-06, 6.14720192971e-06, 4.85442524223e-06],
        "var": [0.000117181087262, 3.99664531869e-05, 4.46163130619e-06, 1.25716599086e-06, 8.39323604396e-07, 4.96892084811e-07, 1.82727319498e-07, 3.79479644153e-07, 1.47114306515e-07, 6.04296985784e-08, 4.6513233265e-09, 1.57616977248e-08, 1.43863720936e-08, 1.01671320252e-08, 1.24085079989e-08, 1.22136754044e-08, 3.8755980647e-09, 1.2779978853e-08, 4.22529300437e-09, 1.83578863222e-09, 2.41726283434e-09, 6.31078522773e-10, 1.67628666503e-09, 3.74011460691e-10, 4.69448591112e-10, 3.46174838795e-10, 1.85906692818e-10, 1.29299085327e-10, 1.35915279031e-10, 9.05307356858e-11, 8.99166505142e-11, 2.24036025842e-10, 1.11110641521e-10, 5.5236482055e-11, 8.0025465421e-11, 6.59763632616e-11, 8.72115088479e-11, 5.98716146105e-11, 3.77880920999e-11, 2.35654429998e-11]
    },
    "melbands128": {
