{
"lowlevel": {
    "average_loudness": 0.934593319893,
    "barkbands_crest": {
        "dmean": 2.37518596649,
        "dmean2": 3.80518436432,
        "dvar": 4.90653276443,
        "dvar2": 11.9076633453,
        "max": 25.3207969666,
        "mean": 11.2199659348,
        "median": 10.7789173126,
        "min": 3.60603785515,
        "stdev": 3.81666827202,
        "var": 14.5669565201
    },
    "barkbands_flatness_db": {
        "dmean": 0.0213118065149,
        "dmean2": 0.03073528409,
        "dvar": 0.000454558728961,
        "dvar2": 0.000822450558189,
        "max": 0.412452876568,
        "mean": 0.175070464611,
        "median": 0.171516090631,
        "min": 0.037455689162,
        "stdev": 0.0533213056624,
        "var": 0.00284316157922
    },
    "barkbands_kurtosis": {
        "dmean": 4.57791042328,
        "dmean2": 7.19331026077,
        "dvar": 45.9005355835,
        "dvar2": 108.091743469,
        "max": 81.2501678467,
        "mean": 10.5239934921,
        "median": 7.57774734497,
        "min": -1.84137630463,
        "stdev": 11.4735250473,
        "var": 131.641769409
    },
    "barkbands_skewness": {
        "dmean": 0.580743908882,
        "dmean2": 0.872495234013,
        "dvar": 0.359752416611,
        "dvar2": 0.79610222578,
        "max": 7.88523483276,
        "mean": 2.22108483315,
        "median": 2.12084746361,
        "min": -1.67888236046,
        "stdev": 1.34212934971,
        "var": 1.8013112545
    },
    "barkbands_spread": {
        "dmean": 4.1166100502,
        "dmean2": 5.63925790787,
        "dvar": 49.6553535461,
        "dvar2": 74.0766296387,
        "max": 99.4500808716,
        "mean": 14.5417757034,
        "median": 9.32304000854,
        "min": 1.02868700027,
        "stdev": 15.7474298477,
        "var": 247.981536865
    },
    "dissonance": {
        "dmean": 0.0264381319284,
        "dmean2": 0.0426123403013,
        "dvar": 0.000802861468401,
        "dvar2": 0.00196396396495,
        "max": 0.499421656132,
        "mean": 0.436414957047,
        "median": 0.444164693356,
        "min": 0.00297088758089,
        "stdev": 0.0398721694946,
        "var": 0.00158978998661
    },
    "dynamic_complexity": 3.09391355515,
    "erbbands_crest": {
        "dmean": 2.77127981186,
        "dmean2": 4.40113592148,
        "dvar": 6.91474103928,
        "dvar2": 15.4074630737,
        "max": 30.1135883331,
        "mean": 10.9065113068,
        "median": 9.86384963989,
        "min": 3.03339338303,
        "stdev": 4.90823125839,
        "var": 24.0907344818
    },
    "erbbands_flatness_db": {
        "dmean": 0.0187300182879,
        "dmean2": 0.0264207292348,
        "dvar": 0.0003780417901,
        "dvar2": 0.000679163436871,
        "max": 0.317952483892,
        "mean": 0.165564253926,
        "median": 0.165166079998,
        "min": 0.0562601722777,
        "stdev": 0.0454097241163,
        "var": 0.00206204294227
    },
    "erbbands_kurtosis": {
        "dmean": 1.77228844166,
        "dmean2": 2.66656756401,
        "dvar": 7.12457752228,
        "dvar2": 15.0755157471,
        "max": 52.4948425293,
        "mean": 2.77548384666,
        "median": 1.75074911118,
        "min": -1.79600012302,
        "stdev": 4.49568462372,
        "var": 20.2111797333
    },
    "erbbands_skewness": {
        "dmean": 0.426685214043,
        "dmean2": 0.639070689678,
        "dvar": 0.172058343887,
        "dvar2": 0.358465969563,
        "max": 6.1836233139,
        "mean": 1.09025967121,
        "median": 1.09132146835,
        "min": -1.65790402889,
        "stdev": 0.946663618088,
        "var": 0.896171987057
    },
    "erbbands_spread": {
        "dmean": 8.25580120087,
        "dmean2": 11.4082632065,
        "dvar": 120.03313446,
        "dvar2": 215.498886108,
        "max": 173.851226807,
        "mean": 34.7414131165,
        "median": 27.0846157074,
        "min": 2.89049887657,
        "stdev": 24.9734249115,
        "var": 623.67199707
    },
    "hfc": {
        "dmean": 4.59173345566,
        "dmean2": 6.349650383,
        "dvar": 48.2678871155,
        "dvar2": 92.8857879639,
        "max": 109.514762878,
        "mean": 16.2665576935,
        "median": 10.7856788635,
        "min": 1.14719971854e-16,
        "stdev": 15.7824296951,
        "var": 249.085098267
    },
    "loudness_ebu128": {
        "integrated": -10.6392650604,
        "loudness_range": 3.27695655823,
        "momentary": {
            "dmean": 0.743769109249,
            "dmean2": 0.665144324303,
            "dvar": 0.600872814655,
            "dvar2": 0.802773833275,
            "max": -7.30736255646,
            "mean": -11.434056282,
            "median": -10.7834758759,
            "min": -26.9662380219,
            "stdev": 2.9443128109,
            "var": 8.66897773743
        },
        "short_term": {
            "dmean": 0.0885526165366,
            "dmean2": 0.0704139098525,
            "dvar": 0.0068252501078,
            "dvar2": 0.00689290324226,
            "max": -8.55747413635,
            "mean": -10.7092657089,
            "median": -10.7325248718,
            "min": -15.4857645035,
            "stdev": 1.20671904087,
            "var": 1.45617079735
        }
    },
    "melbands_crest": {
        "dmean": 2.79799795151,
        "dmean2": 4.58571720123,
        "dvar": 6.87640762329,
        "dvar2": 16.9927616119,
        "max": 29.9234962463,
        "mean": 13.9220275879,
        "median": 13.347946167,
        "min": 1.88991999626,
        "stdev": 4.18885135651,
        "var": 17.5464744568
    },
    "melbands_flatness_db": {
        "dmean": 0.0243041068316,
        "dmean2": 0.0339201390743,
        "dvar": 0.000605384295341,
        "dvar2": 0.00103772478178,
        "max": 0.551332294941,
        "mean": 0.259416371584,
        "median": 0.26004627347,
        "min": 0.00647841626778,
        "stdev": 0.0667338073254,
        "var": 0.00445340108126
    },
    "melbands_kurtosis": {
        "dmean": 7.85269498825,
        "dmean2": 12.47423172,
        "dvar": 164.87059021,
        "dvar2": 422.806304932,
        "max": 175.987304688,
        "mean": 18.8811779022,
        "median": 14.552816391,
        "min": -1.35047781467,
        "stdev": 20.1177654266,
        "var": 404.724456787
    },
    "melbands_skewness": {
        "dmean": 0.701299905777,
        "dmean2": 1.05711758137,
        "dvar": 0.581073224545,
        "dvar2": 1.38816738129,
        "max": 10.7152919769,
        "mean": 2.81660056114,
        "median": 2.78926038742,
        "min": -0.93849414587,
        "stdev": 1.65718328953,
        "var": 2.74625658989
    },
    "melbands_spread": {
        "dmean": 3.77811861038,
        "dmean2": 5.31459522247,
        "dvar": 48.3677330017,
        "dvar2": 74.4667663574,
        "max": 132.80921936,
        "mean": 13.3241300583,
        "median": 8.9128112793,
        "min": 1.19861459732,
        "stdev": 14.5874671936,
        "var": 212.794204712
    },
    "pitch_salience": {
        "dmean": 0.0631753578782,
        "dmean2": 0.100414060056,
        "dvar": 0.00327767408453,
        "dvar2": 0.00820587389171,
        "max": 0.946521759033,
        "mean": 0.559225559235,
        "median": 0.556302905083,
        "min": 0.179000422359,
        "stdev": 0.102503105998,
        "var": 0.0105068860576
    },
    "silence_rate_20dB": {
        "dmean": 0,
        "dmean2": 0,
        "dvar": 0,
        "dvar2": 0,
        "max": 1,
        "mean": 1,
        "median": 1,
        "min": 1,
        "stdev": 0,
        "var": 0
    },
    "silence_rate_30dB": {
        "dmean": 0,
        "dmean2": 0,
        "dvar": 0,
        "dvar2": 0,
        "max": 1,
        "mean": 1,
        "median": 1,
        "min": 1,
        "stdev": 0,
        "var": 0
    },
    "silence_rate_60dB": {
        "dmean": 0.00773993786424,
        "dmean2": 0.0147172734141,
        "dvar": 0.00768019771203,
        "dvar2": 0.0160506572574,
        "max": 1,
        "mean": 0.0286156218499,
        "median": 0,
        "min": 0,
        "stdev": 0.166727289557,
        "var": 0.0277979876846
    },
    "spectral_centroid": {
        "dmean": 162.271530151,
        "dmean2": 219.496032715,
        "dvar": 111553.101562,
        "dvar2": 122169.828125,
        "max": 11271.1728516,
        "mean": 802.321472168,
        "median": 626.815673828,
        "min": 200.773132324,
        "stdev": 610.832702637,
        "var": 373116.5625
    },
    "spectral_complexity": {
        "dmean": 2.12383890152,
        "dmean2": 3.26878380775,
        "dvar": 4.15339946747,
        "dvar2": 8.49864864349,
        "max": 42,
        "mean": 12.2258310318,
        "median": 11,
        "min": 0,
        "stdev": 5.65754365921,
        "var": 32.0078010559
    },
    "spectral_decrease": {
        "dmean": 1.90593363314e-09,
        "dmean2": 3.00396019171e-09,
        "dvar": 6.80112118262e-18,
        "dvar2": 1.59008482474e-17,
        "max": -1.40789294683e-28,
        "mean": -7.17693504626e-09,
        "median": -6.07442895983e-09,
        "min": -2.94802120493e-08,
        "stdev": 4.97128871402e-09,
        "var": 2.47137115572e-17
    },
    "spectral_energy": {
        "dmean": 0.00747780082747,
        "dmean2": 0.0117669897154,
        "dvar": 0.000104297330836,
        "dvar2": 0.000242320165853,
        "max": 0.115575805306,
        "mean": 0.028562836349,
        "median": 0.0243806112558,
        "min": 1.09368188849e-20,
        "stdev": 0.0197302885354,
        "var": 0.000389284308767
    },
    "spectral_energyband_high": {
        "dmean": 0.000192712352145,
        "dmean2": 0.000245231349254,
        "dvar": 2.36078648186e-07,
        "dvar2": 3.41749029076e-07,
        "max": 0.00825318135321,
        "mean": 0.000491458689794,
        "median": 0.000165309204021,
        "min": 7.70189807053e-21,
        "stdev": 0.000989377964288,
        "var": 9.78868797574e-07
    },
    "spectral_energyband_low": {
        "dmean": 0.00337743316777,
        "dmean2": 0.0057255490683,
        "dvar": 4.55832705484e-05,
        "dvar2": 0.000123158752103,
        "max": 0.0779928416014,
        "mean": 0.00802173558623,
        "median": 0.00484704319388,
        "min": 3.54772111431e-23,
        "stdev": 0.00962855946273,
        "var": 9.27091532503e-05
    },
    "spectral_energyband_middle_high": {
        "dmean": 0.00167472206522,
        "dmean2": 0.00231359666213,
        "dvar": 1.61279240274e-05,
        "dvar2": 3.21455772792e-05,
        "max": 0.0818578153849,
        "mean": 0.0040650209412,
        "median": 0.000944301893469,
        "min": 1.78518904783e-21,
        "stdev": 0.008071385324,
        "var": 6.51472655591e-05
    },
    "spectral_energyband_middle_low": {
        "dmean": 0.00557512510568,
        "dmean2": 0.00858802907169,
        "dvar": 5.33635611646e-05,
        "dvar2": 0.000128088417114,
        "max": 0.0699244961143,
        "mean": 0.0173350926489,
        "median": 0.0137162860483,
        "min": 3.94490330309e-22,
        "stdev": 0.013458872214,
        "var": 0.000181141236681
    },
    "spectral_entropy": {
        "dmean": 0.200500249863,
        "dmean2": 0.271912246943,
        "dvar": 0.0469213016331,
        "dvar2": 0.0720956623554,
        "max": 9.80104923248,
        "mean": 7.12958908081,
        "median": 7.10502338409,
        "min": 5.21096229553,
        "stdev": 0.548611879349,
        "var": 0.300974994898
    },
    "spectral_flux": {
        "dmean": 0.0215025674552,
        "dmean2": 0.0335654057562,
        "dvar": 0.000583632441703,
        "dvar2": 0.00130927783903,
        "max": 0.27969160676,
        "mean": 0.0709120482206,
        "median": 0.0601334124804,
        "min": 1.04579248039e-10,
        "stdev": 0.0428736768663,
        "var": 0.00183815206401
    },
    "spectral_kurtosis": {
        "dmean": 2.014721632,
        "dmean2": 3.12668824196,
        "dvar": 13.5653362274,
        "dvar2": 33.9931526184,
        "max": 88.6186752319,
        "mean": 6.80304718018,
        "median": 6.12373447418,
        "min": -1.23396682739,
        "stdev": 4.86264562607,
        "var": 23.645324707
    },
    "spectral_rms": {
        "dmean": 0.000654165050946,
        "dmean2": 0.00100976519752,
        "dvar": 5.92270680499e-07,
        "dvar2": 1.25775716242e-06,
        "max": 0.0106187043712,
        "mean": 0.00494402414188,
        "median": 0.00487708533183,
        "min": 3.26650685667e-12,
        "stdev": 0.00185007485561,
        "var": 3.42277689924e-06
    },
    "spectral_rolloff": {
        "dmean": 332.680267334,
        "dmean2": 512.309692383,
        "dvar": 1167853.375,
        "dvar2": 1833494,
        "max": 18583.1542969,
        "mean": 1017.98907471,
        "median": 516.796875,
        "min": 150.732421875,
        "stdev": 1722.15136719,
        "var": 2965805.25
    },
    "spectral_skewness": {
        "dmean": 0.260068178177,
        "dmean2": 0.367481082678,
        "dvar": 0.103839874268,
        "dvar2": 0.21512901783,
        "max": 7.98252344131,
        "mean": 2.10073542595,
        "median": 2.12606811523,
        "min": -0.0196311380714,
        "stdev": 0.672028839588,
        "var": 0.451622784138
    },
    "spectral_spread": {
        "dmean": 640800.125,
        "dmean2": 858318.25,
        "dvar": 1.55415294771e+12,
        "dvar2": 2.2347228119e+12,
        "max": 41489872,
        "mean": 5019382.5,
        "median": 4646358.5,
        "min": 1608699.125,
        "stdev": 2362435,
        "var": 5.58109923738e+12
    },
    "spectral_strongpeak": {
        "dmean": 0.501366496086,
        "dmean2": 0.819838762283,
        "dvar": 0.656003057957,
        "dvar2": 1.55296051502,
        "max": 8.68410682678,
        "mean": 1.05745065212,
        "median": 0.511809170246,
        "min": 0,
        "stdev": 1.25150263309,
        "var": 1.56625890732
    },
    "zerocrossingrate": {
        "dmean": 0.00952299591154,
        "dmean2": 0.00992674659938,
        "dvar": 0.000346122513292,
        "dvar2": 0.000320113089401,
        "max": 0.47412109375,
        "mean": 0.0462148934603,
        "median": 0.0361328125,
        "min": 0.00341796875,
        "stdev": 0.0404636636376,
        "var": 0.00163730792701
    },
    "barkbands": {
        "dmean": [5.50598961127e-05, 0.00181023788173, 0.00145098764915, 0.00132449809462, 0.00231594522484, 0.00186379882507, 0.000863114662934, 0.000883315573446, 0.00122439605184, 0.000655145558994, 0.000635079341009, 0.000308971328195, 0.000443473400082, 0.000205539836315, 0.000190345119336, 9.91720226011e-05, 7.57805537432e-05, 7.31790569262e-05, 7.63464777265e-05, 5.45507537026e-05, 3.47760433215e-05, 2.87368602585e-05, 3.27059424308e-05, 4.17419105361e-05, 5.32921876584e-05, 1.60501531354e-05, 2.39468454311e-06],
        "dmean2": [9.31447502808e-05, 0.00302557530813, 0.00249817036092, 0.00228378688917, 0.00360999070108, 0.00284550641663, 0.0012558659073, 0.00134151650127, 0.00184000784066, 0.00093992537586, 0.000970358436462, 0.000496286491398, 0.000703557336237, 0.000318487611366, 0.000302725762594, 0.000151627376908, 0.000121705619677, 0.000115885952255, 0.000118134041259, 8.25330353109e-05, 5.0108807045e-05, 4.08166997659e-05, 4.47350757895e-05, 5.77213686483e-05, 7.07510262146e-05, 2.24633040489e-05, 3.76851880901e-06],
        "dvar": [4.30428990228e-08, 1.60282961588e-05, 1.10918699647e-05, 1.01702717075e-05, 1.34649662868e-05, 1.45515696204e-05, 5.39783604836e-06, 5.7715683397e-06, 1.46108477566e-05, 3.89851129512e-06, 5.00603937326e-06, 1.86353054232e-06, 2.54506539932e-06, 7.07842787051e-07, 6.35624644474e-07, 1.7527823104e-07, 8.15253429209e-08, 4.3848643827e-08, 2.69206807957e-08, 2.03528216502e-08, 7.05957159397e-09, 4.46860592973e-09, 1.22553887039e-08, 1.78133117146e-08, 2.60258996576e-08, 2.28997909524e-09, 7.00760074968e-11],
        "dvar2": [1.11398833269e-07, 4.08214291383e-05, 3.05041794491e-05, 2.70825257758e-05, 3.64665866073e-05, 3.15164215863e-05, 1.04836972241e-05, 1.35754180519e-05, 3.08473681798e-05, 7.29179328118e-06, 1.16479977805e-05, 4.86174485559e-06, 5.88415014136e-06, 1.51000381265e-06, 1.65026699506e-06, 3.25229962073e-07, 2.12467909932e-07, 1.10388732821e-07, 6.19520861278e-08, 4.88765401485e-08, 1.61069628746e-08, 8.29296098459e-09, 2.11041015774e-08, 2.91570980693e-08, 4.0439097404e-08, 4.50308812461e-09, 1.92431903745e-10],
        "max": [0.0043066139333, 0.0471827611327, 0.0472497493029, 0.0597349777818, 0.0507669448853, 0.0647371262312, 0.0561433285475, 0.0416928604245, 0.06256198138, 0.0272193197161, 0.0497569106519, 0.0301599875093, 0.0291383750737, 0.0192824546248, 0.0189190544188, 0.00863721873611, 0.00680224783719, 0.00301724905148, 0.00298205087893, 0.00343175046146, 0.00130386138335, 0.000926308159251, 0.00221007294022, 0.00259666121565, 0.00296647427604, 0.0010092939483, 0.000219340348849],
        "mean": [9.57441297942e-05, 0.00410506455228, 0.00268453639001, 0.00214694463648, 0.00542667601258, 0.00397666264325, 0.0016089376295, 0.00172890548129, 0.00196594744921, 0.0011691742111, 0.00100406329148, 0.000455604109447, 0.000597213453148, 0.000271478667855, 0.000260118860751, 0.000153987770318, 0.000119494201499, 0.000119085263577, 0.000143513825606, 0.000106949701149, 6.57749405946e-05, 5.75745725655e-05, 6.41705482849e-05, 8.25920214993e-05, 0.000117565636174, 3.14094213536e-05, 3.64813490705e-06],
        "median": [4.45279147243e-06, 0.00163490918931, 0.00115028652363, 0.000993973691948, 0.00323958182707, 0.00156931288075, 0.000474570784718, 0.000440619449364, 0.000286761671305, 0.000104672639281, 0.000112087043817, 5.30484721821e-05, 5.76066813665e-05, 3.22932501149e-05, 4.50440165878e-05, 2.87723250949e-05, 3.32579147653e-05, 2.414590017e-05, 3.40778606187e-05, 3.93922164221e-05, 2.05801552511e-05, 1.37534825626e-05, 1.00312317954e-05, 1.28275951283e-05, 2.88744304271e-05, 9.60724810284e-06, 6.46595992748e-07],
        "min": [1.52335635675e-23, 1.05323288591e-23, 3.56330995243e-24, 5.75947536228e-23, 4.26925179464e-23, 5.37569642516e-23, 7.78685672394e-23, 4.97354018439e-23, 8.36125537912e-23, 1.0244586953e-22, 9.32818049222e-23, 7.52129900643e-23, 1.47659956116e-22, 1.80093568337e-23, 1.65727294226e-22, 1.27044092411e-22, 1.74298450977e-22, 4.22361227852e-22, 3.86543433902e-22, 2.20228103824e-22, 6.44731600216e-22, 7.44636933734e-22, 5.6829958655e-22, 8.88893415739e-22, 1.38108031952e-21, 1.36963388467e-21, 2.1756627256e-21],
        "stdev": [0.000300882733427, 0.00613876385614, 0.00430562999099, 0.00362165737897, 0.00595236429945, 0.00681032892317, 0.00423959083855, 0.00366136804223, 0.00567787047476, 0.00330153899267, 0.00324138137512, 0.00176771252882, 0.00208650785498, 0.00115460518282, 0.00094480701955, 0.00060250388924, 0.00035379343899, 0.000299867155263, 0.000285607296973, 0.000203384173801, 0.000131947585032, 0.00012075376435, 0.000187143159565, 0.000251828867476, 0.000308051734464, 7.68915633671e-05, 1.06648094516e-05],
        "var": [9.05304275989e-08, 3.76844218408e-05, 1.8538450604e-05, 1.31164024424e-05, 3.54306430381e-05, 4.63805772597e-05, 1.79741291504e-05, 1.34056153911e-05, 3.22382111335e-05, 1.0900160305e-05, 1.05065537355e-05, 3.12480756293e-06, 4.35351512351e-06, 1.33311323225e-06, 8.92660352747e-07, 3.63010911997e-07, 1.25169805187e-07, 8.9920305868e-08, 8.15715281988e-08, 4.13651228826e-08, 1.74101657535e-08, 1.45814720298e-08, 3.50225626278e-08, 6.34177794723e-08, 9.48958742697e-08, 5.91231286151e-09, 1.1373816472e-10]
    },
    "erbbands": {
        "dmean": [0.0386917628348, 0.459444880486, 1.47929787636, 3.38828229904, 4.20265579224, 10.0010309219, 15.3087921143, 14.3804893494, 9.92662334442, 15.678153038, 20.4804191589, 30.686964035, 16.8372402191, 26.1440544128, 20.0709953308, 13.0343818665, 18.6262130737, 14.0383443832, 9.195561409, 6.59016656876, 5.47344350815, 3.37152647972, 3.42739343643, 4.3824672699, 2.89560008049, 2.52536511421, 1.94642460346, 1.05351436138, 1.11520767212, 0.890245735645, 1.04487884045, 0.70119124651, 0.815404355526, 0.719727575779, 0.345192819834, 0.0937662273645, 0.027633741498, 0.00667246663943, 0.000234506223933, 1.18728057714e-05],
        "dmean2": [0.0618722252548, 0.783508837223, 2.55616188049, 5.76062965393, 6.93030261993, 15.6625118256, 23.8516674042, 21.093585968, 14.004275322, 22.0029182434, 31.3451061249, 46.685585022, 24.0778217316, 37.962802887, 30.6634120941, 21.2385158539, 28.911491394, 21.7210197449, 13.8147621155, 10.760509491, 8.23503780365, 5.25900030136, 5.28910255432, 6.55968523026, 4.35433530807, 3.75464487076, 2.87442946434, 1.4926687479, 1.55895233154, 1.22064208984, 1.49987506866, 0.954845070839, 1.11449050903, 0.960852861404, 0.468113988638, 0.127031087875, 0.0387727990746, 0.00972991902381, 0.000352130125975, 1.76891917363e-05],
        "dvar": [0.0111350826919, 0.99532866478, 10.7187728882, 67.1148376465, 63.055847168, 276.988586426, 923.288696289, 1206.35461426, 694.616210938, 1791.58862305, 3853.24731445, 10810.4130859, 2371.9284668, 7609.71972656, 7853.4921875, 3827.11303711, 4231.11181641, 2312.46166992, 1147.05847168, 1699.70544434, 415.991241455, 92.0519256592, 106.704406738, 122.797142029, 48.8163108826, 43.8418922424, 21.5135669708, 7.55784702301, 6.61125564575, 6.5269742012, 12.8882398605, 6.40955686569, 6.84478092194, 5.15590906143, 0.999510288239, 0.0927703753114, 0.00703532248735, 0.000385039049434, 6.31210639312e-07, 3.44651057693e-10],
        "dvar2": [0.0247888490558, 2.65094423294, 29.5942153931, 180.272628784, 173.558319092, 743.302062988, 2101.32763672, 2302.61914062, 1391.76977539, 3361.86791992, 9881.09570312, 22449.0507812, 3803.96118164, 16133.0878906, 14849.6142578, 10431.0878906, 9892.99316406, 5066.12939453, 2283.31787109, 5092.00244141, 974.750366211, 238.411376953, 255.441955566, 239.188323975, 121.695983887, 101.462768555, 46.8245315552, 15.0800704956, 12.7310600281, 11.5484542847, 25.6275939941, 9.23788833618, 12.1319332123, 8.97839069366, 1.44923222065, 0.185809791088, 0.0143951280043, 0.00088529009372, 1.54876613578e-06, 7.84335985049e-10],
        "max": [1.51724767685, 12.1913013458, 51.147693634, 143.287582397, 96.9867324829, 251.720489502, 541.257141113, 776.284362793, 706.200866699, 797.619750977, 1192.96435547, 1874.07556152, 1016.0168457, 1318.67358398, 2754.63110352, 1274.42504883, 1320.8581543, 1002.28356934, 683.699035645, 1203.99841309, 440.439483643, 211.652999878, 184.910842896, 269.495422363, 110.258514404, 156.901596069, 91.0684967041, 41.8635368347, 36.4417686462, 52.9381713867, 71.9850387573, 55.2999420166, 42.505317688, 48.19190979, 20.8048038483, 8.00044536591, 1.43083775043, 0.507157206535, 0.0212082099169, 0.000410078908317],
        "mean": [0.0964121073484, 1.00119304657, 2.83403158188, 5.84029817581, 9.82219314575, 21.3226470947, 30.9677715302, 32.4371376038, 20.3922996521, 31.7326431274, 40.0329704285, 49.4821205139, 33.4003601074, 45.9609794617, 32.9289550781, 20.3173675537, 26.7229728699, 21.0772514343, 14.0033998489, 9.96631908417, 8.69448757172, 6.02295875549, 5.9885020256, 8.14883613586, 5.78426599503, 4.98509836197, 3.88628792763, 2.09212779999, 2.11241555214, 1.82088708878, 1.94222664833, 1.42143046856, 1.59885692596, 1.49706113338, 0.712613940239, 0.181096553802, 0.050411645323, 0.0122172003612, 0.000404261023505, 4.29824031016e-05],
        "median": [0.0221197064966, 0.4604806602, 1.38839542866, 2.81696534157, 5.79109811783, 12.7422924042, 12.8921098709, 13.1377391815, 7.7032122612, 11.2345867157, 10.4343709946, 8.08130073547, 4.0518078804, 4.92518472672, 3.55834531784, 2.71488642693, 2.77677965164, 2.51681542397, 2.14292383194, 2.09891581535, 2.02997016907, 1.78973674774, 1.28851342201, 1.94684004784, 1.71677863598, 1.72317039967, 1.50180912018, 0.652499318123, 0.518914818764, 0.360092520714, 0.278463035822, 0.190057516098, 0.269726186991, 0.317993372679, 0.186202809215, 0.0565758533776, 0.0139649612829, 0.00314287492074, 9.92356290226e-05, 3.58077704732e-05],
        "min": [1.65819559398e-22, 2.97961361855e-21, 7.16723889561e-21, 8.61847364284e-20, 2.21016249024e-19, 9.47034430421e-20, 2.07273935617e-19, 5.60146186402e-19, 1.0443902798e-18, 1.00818106887e-18, 1.15971435323e-18, 1.85132905898e-18, 3.29587261299e-18, 2.95689151642e-18, 4.17705736619e-18, 3.53777455209e-18, 6.59145984866e-18, 1.95481142156e-18, 5.55523704684e-18, 7.10108995996e-18, 7.76374103995e-18, 1.12437577058e-17, 2.27963647999e-17, 1.94458234067e-17, 1.61029350884e-17, 1.19439421061e-17, 2.36469446977e-17, 2.43873193224e-17, 2.70906530977e-17, 1.70723179745e-17, 1.64318072107e-17, 1.7785537914e-17, 1.53238037433e-17, 1.25087823873e-17, 1.1545576059e-17, 5.49896436335e-18, 2.61660823077e-18, 1.1487038555e-18, 2.98894890106e-19, 3.18443048524e-20],
        "stdev": [0.175839453936, 1.44892346859, 4.07957172394, 9.24890327454, 12.5488052368, 25.075761795, 50.9824180603, 66.8352661133, 49.6199684143, 67.3383026123, 93.4474563599, 148.526153564, 97.5983810425, 135.411026001, 134.461288452, 72.6481323242, 87.0434112549, 69.5908432007, 48.8947257996, 43.4354667664, 27.602350235, 13.4307785034, 15.2720184326, 18.3378486633, 11.2645235062, 9.65079879761, 7.34492206573, 4.43441534042, 4.44486618042, 4.50897359848, 5.68710374832, 4.79933595657, 4.787753582, 4.25823688507, 1.83690607548, 0.477027833462, 0.126085758209, 0.0297059826553, 0.00109501148108, 3.48185094481e-05],
        "var": [0.0309195145965, 2.09937906265, 16.6429042816, 85.5422058105, 157.472503662, 628.793823242, 2599.20678711, 4466.953125, 2462.14135742, 4534.44677734, 8732.42773438, 22060.0195312, 9525.44335938, 18336.1445312, 18079.8398438, 5277.75097656, 7576.55517578, 4842.88574219, 2390.69433594, 1886.63964844, 761.889770508, 180.385818481, 233.234558105, 336.276672363, 126.88948822, 93.1379089355, 53.9478797913, 19.6640396118, 19.7568340302, 20.3308410645, 32.3431510925, 23.0336265564, 22.9225826263, 18.1325798035, 3.37422394753, 0.227555543184, 0.0158976186067, 0.000882445427123, 1.19905018892e-06, 1.21232857087e-09]
    },
    "gfcc": {
        "mean": [-20.3766059875, 104.734680176, -83.1272201538, 19.575214386, -61.4312896729, 4.15308713913, -43.7210655212, 10.7933082581, -34.1316223145, 5.55746603012, -18.1946430206, -3.17640733719, -9.02282142639],
        "cov": [[6042.29638672, -916.881469727, -504.259246826, -104.320648193, -377.944488525, 327.033660889, 93.3353118896, 119.146224976, -168.375442505, 191.318130493, -47.9726715088, 106.918235779, -161.1328125], [-916.881469727, 1240.74926758, -31.2932472229, -206.616821289, 255.806304932, -106.608901978, 132.949966431, -86.5831069946, 46.3534889221, -45.9955024719, 79.4761962891, -77.7080917358, 88.5099639893], [-504.259246826, -31.2932472229, 554.439575195, 189.327392578, -7.72214984894, 16.1356430054, -69.0851745605, 15.4016532898, 55.1874771118, -2.37204504013, 21.6231822968, 5.56487894058, -33.9715881348], [-104.320648193, -206.616821289, 189.327392578, 595.470336914, 73.9860458374, -8.29261875153, -117.984954834, 118.323120117, 162.32093811, -13.795208931, 47.5443115234, 25.1970424652, 18.2931671143], [-377.944488525, 255.806304932, -7.72214984894, 73.9860458374, 253.31010437, 17.9592380524, 22.785358429, 43.5104560852, 63.2804985046, -11.6795167923, 25.6673946381, 5.56066417694, 53.0585289001], [327.033660889, -106.608901978, 16.1356430054, -8.29261875153, 17.9592380524, 260.715148926, 116.144897461, 8.83934593201, -3.8514354229, 59.7779006958, 23.9788761139, 12.3512954712, -22.3095817566], [93.3353118896, 132.949966431, -69.0851745605, -117.984954834, 22.785358429, 116.144897461, 242.394180298, 11.9783735275, -25.1528148651, 26.688337326, 34.1856231689, 16.6207389832, -26.6986446381], [119.146224976, -86.5831069946, 15.4016532898, 118.323120117, 43.5104560852, 8.83934593201, 11.9783735275, 164.130813599, 39.7893066406, 0.353367120028, 16.9732971191, 30.6761474609, 11.8135156631], [-168.375442505, 46.3534889221, 55.1874771118, 162.32093811, 63.2804985046, -3.8514354229, -25.1528148651, 39.7893066406, 157.519302368, 16.6834812164, 23.6248245239, 25.0505008698, 14.2629737854], [191.318130493, -45.9955024719, -2.37204504013, -13.795208931, -11.6795167923, 59.7779006958, 26.688337326, 0.353367120028, 16.6834812164, 105.066856384, 46.0454940796, 4.93453502655, -5.60474872589], [-47.9726715088, 79.4761962891, 21.6231822968, 47.5443115234, 25.6673946381, 23.9788761139, 34.1856231689, 16.9732971191, 23.6248245239, 46.0454940796, 123.022735596, 26.7539310455, 12.1222286224], [106.918235779, -77.7080917358, 5.56487894058, 25.1970424652, 5.56066417694, 12.3512954712, 16.6207389832, 30.6761474609, 25.0505008698, 4.93453502655, 26.7539310455, 104.703369141, 4.64996051788], [-161.1328125, 88.5099639893, -33.9715881348, 18.2931671143, 53.0585289001, -22.3095817566, -26.6986446381, 11.8135156631, 14.2629737854, -5.60474872589, 12.1222286224, 4.64996051788, 103.035346985]],
        "icov": [[0.00026851525763, -7.27504302631e-05, 0.000320896157064, -0.000144232850289, 0.000391145586036, -0.000373000715626, 0.000225006588153, -0.000323076819768, 0.00033211481059, -0.000475455803098, 0.000286275724648, -0.000373595335986, 0.000338327372447], [-7.27504302631e-05, 0.00222205882892, -0.000509876466822, 0.0011940181721, -0.00200362503529, 0.00151376693975, -0.00168644543737, 0.00126614246983, -0.00163092708681, 0.00158699858002, -0.00205869367346, 0.0021811760962, -0.00116943207104], [0.000320896157064, -0.000509876466822, 0.00264221569523, -0.000914529606234, 0.0009337477386, -0.00113862019498, 0.00123614189215, -0.000450726103736, 0.000424896687036, -0.000465866934974, 0.000205215692404, -0.000806695956271, 0.001546077081], [-0.000144232850289, 0.0011940181721, -0.000914529606234, 0.00406206119806, -0.00119141757023, 0.000110558852612, 0.000777409703005, -0.00100464152638, -0.00362162524834, 0.00255606858991, -0.00269157718867, 0.00177913624793, -0.000443123193691], [0.000391145586036, -0.00200362503529, 0.0009337477386, -0.00119141757023, 0.00760333705693, -0.00237028137781, 0.000961936486419, -0.00222680112347, -0.000314489094308, -0.000253218691796, 0.00124075973872, -0.00145386939403, -0.00112237455323], [-0.000373000715626, 0.00151376693975, -0.00113862019498, 0.000110558852612, -0.00237028137781, 0.00735471723601, -0.00430094264448, 0.00159049208742, -0.000395915936679, -0.00192559626885, -0.000338040234055, 0.00132213311736, -0.000832328631077], [0.000225006588153, -0.00168644543737, 0.00123614189215, 0.000777409703005, 0.000961936486419, -0.00430094264448, 0.00852462463081, -0.00240730354562, 0.00117011927068, -0.000222163958824, -0.000722608470824, -0.00214996025898, 0.0031364124734], [-0.000323076819768, 0.00126614246983, -0.000450726103736, -0.00100464152638, -0.00222680112347, 0.00159049208742, -0.00240730354562, 0.00893071386963, -0.00102812133264, 0.000888689828571, -0.000816746789496, -0.000292572018225, -0.00141983292997], [0.00033211481059, -0.00163092708681, 0.000424896687036, -0.00362162524834, -0.000314489094308, -0.000395915936679, 0.00117011927068, -0.00102812133264, 0.0119425235316, -0.0047101918608, 0.00266956421547, -0.00389034254476, 0.00115287385415], [-0.000475455803098, 0.00158699858002, -0.000465866934974, 0.00255606858991, -0.000253218691796, -0.00192559626885, -0.000222163958824, 0.000888689828571, -0.0047101918608, 0.0164174046367, -0.00765091832727, 0.003435281571, -0.000870054645929], [0.000286275724648, -0.00205869367346, 0.000205215692404, -0.00269157718867, 0.00124075973872, -0.000338040234055, -0.000722608470824, -0.000816746789496, 0.00266956421547, -0.00765091832727, 0.0141003271565, -0.00472425296903, -0.000275471858913], [-0.000373595335986, 0.0021811760962, -0.000806695956271, 0.00177913624793, -0.00145386939403, 0.00132213311736, -0.00214996025898, -0.000292572018225, -0.00389034254476, 0.003435281571, -0.00472425296903, 0.0135726872832, -0.00185970764142], [0.000338327372447, -0.00116943207104, 0.001546077081, -0.000443123193691, -0.00112237455323, -0.000832328631077, 0.0031364124734, -0.00141983292997, 0.00115287385415, -0.000870054645929, -0.000275471858913, -0.00185970764142, 0.0131101775914]]
    },
    "melbands": {
        "dmean": [0.000424085708801, 0.000692838104442, 0.000554612255655, 0.000444477103883, 0.000517878739629, 0.000315701327054, 0.000167168065673, 0.000169126724359, 0.00017450453015, 0.000198365829419, 8.10376441223e-05, 0.000105062332295, 6.80962475599e-05, 3.88742519135e-05, 3.04161640088e-05, 5.19588829775e-05, 2.42707646976e-05, 1.5301970052e-05, 1.07782279883e-05, 8.99264978216e-06, 6.62698312226e-06, 4.30983845945e-06, 3.60087688023e-06, 2.68513849733e-06, 4.00665658162e-06, 2.85228293251e-06, 1.41752229865e-06, 1.95176835405e-06, 1.49142329064e-06, 8.95820562619e-07, 6.15887927324e-07, 6.74830573644e-07, 5.86673650105e-07, 5.03308683619e-07, 6.71145016895e-07, 5.24537767888e-07, 4.361446031e-07, 5.26457483829e-07, 7.60616330808e-07, 6.33465617739e-07],
        "dmean2": [0.000699315511156, 0.00119292223826, 0.00093636236852, 0.000700375705492, 0.000807801319752, 0.000468143203761, 0.000239784640144, 0.000237828920945, 0.000266881310381, 0.000300592539134, 0.000115750088298, 0.000151532542077, 0.000104380778794, 6.15765602561e-05, 4.52665917692e-05, 8.36389226606e-05, 3.73930379283e-05, 2.32546208281e-05, 1.71154024429e-05, 1.4464945707e-05, 1.02715630419e-05, 6.81188430462e-06, 5.78987464905e-06, 4.05651417168e-06, 6.08535128777e-06, 4.40988378614e-06, 2.12552981793e-06, 2.98058421322e-06, 2.27680357057e-06, 1.34383026307e-06, 8.85355859737e-07, 9.66733864516e-07, 8.67580695285e-07, 7.05091565578e-07, 9.95275399873e-07, 7.18522187526e-07, 6.21306924131e-07, 7.24105802874e-07, 1.08588199055e-06, 8.52679988839e-07],
        "dvar": [1.0192272839e-06, 2.03545482691e-06, 1.58439888764e-06, 5.13244003741e-07, 8.40670452362e-07, 5.13433235483e-07, 2.03239750363e-07, 2.01016376877e-07, 2.82866722046e-07, 4.81320398649e-07, 5.63945015131e-08, 1.2433386587e-07, 6.57200374121e-08, 3.11438768108e-08, 1.14160734199e-08, 4.40323120188e-08, 8.93257556811e-09, 3.470587151e-09, 2.51802934059e-09, 1.75239867062e-09, 5.79704784176e-10, 2.18666293406e-10, 1.64734240138e-10, 4.56552261274e-11, 1.09925658853e-10, 5.16986176091e-11, 8.92382261836e-12, 3.02960087573e-11, 1.46206727281e-11, 7.39160468943e-12, 2.87027151179e-12, 2.54570149683e-12, 2.15215952698e-12, 2.48384190819e-12, 4.8068354852e-12, 4.39064800142e-12, 2.43801571813e-12, 3.1847083564e-12, 5.60467254204e-12, 4.18864682522e-12],
        "dvar2": [2.43507770392e-06, 5.60476155442e-06, 4.23888377554e-06, 1.37385927701e-06, 1.99869214157e-06, 1.02456226614e-06, 4.07065641639e-07, 3.72105262159e-07, 7.12384633061e-07, 9.87092562355e-07, 9.00821461869e-08, 2.59557936033e-07, 1.37546280143e-07, 7.54321831664e-08, 2.38055299917e-08, 1.01380692286e-07, 1.89197457701e-08, 6.77989531184e-09, 6.76393518972e-09, 4.24622736972e-09, 1.44668077517e-09, 5.84443715645e-10, 4.45389947146e-10, 9.5410818135e-11, 2.20783807903e-10, 1.30791710795e-10, 1.95732215158e-11, 7.1037661864e-11, 3.34992832085e-11, 1.98818357611e-11, 5.90726426108e-12, 5.28962377372e-12, 4.4116559364e-12, 4.50076911504e-12, 1.07261725543e-11, 7.42767826412e-12, 3.63499811848e-12, 5.49632518318e-12, 1.13849658867e-11, 7.98346892067e-12],
        "max": [0.0131038818508, 0.018707504496, 0.0211366396397, 0.0089562209323, 0.0160993654281, 0.0150904916227, 0.0118327084929, 0.00772417336702, 0.00933750905097, 0.0123961064965, 0.00502246106043, 0.00496592419222, 0.00708826398477, 0.00432699918747, 0.00178549392149, 0.00389229529537, 0.00226239860058, 0.00114741758443, 0.00149573746603, 0.000772264611442, 0.000479020411149, 0.000342485669535, 0.000219702182221, 0.000105171806354, 0.000249711883953, 0.000113373236672, 4.67531608592e-05, 0.000132467597723, 7.8065386333e-05, 5.09435631102e-05, 2.23375518544e-05, 2.1668845875e-05, 2.28049775615e-05, 3.25306100422e-05, 3.97081785195e-05, 4.89656158607e-05, 3.62454120477e-05, 3.00112533296e-05, 4.35085494246e-05, 4.09206877521e-05],
        "mean": [0.0010232134955, 0.00146327866241, 0.00110588863026, 0.00106973026413, 0.00110107089859, 0.00069815304596, 0.00033084617462, 0.000347537046764, 0.000328174966853, 0.000311694311677, 0.00015396400704, 0.000178407179192, 0.000110184453661, 6.10183924437e-05, 4.73770778626e-05, 6.89344524289e-05, 3.38697354891e-05, 2.13823277591e-05, 1.53050787048e-05, 1.27460789372e-05, 9.75904004008e-06, 6.81794745105e-06, 5.51221182832e-06, 4.88581099489e-06, 6.88746604283e-06, 5.03978299093e-06, 2.84988050225e-06, 3.53423524757e-06, 2.81427196569e-06, 1.52235156747e-06, 1.11541544356e-06, 1.1909096429e-06, 1.10731116365e-06, 9.59492695074e-07, 1.16079445434e-06, 9.18906096103e-07, 8.60797570112e-07, 1.00453416962e-06, 1.37838628689e-06, 1.23781103412e-06],
        "median": [0.00034496531589, 0.000837501429487, 0.000598261249252, 0.000661007943563, 0.000540866341908, 0.000283222354483, 0.000113596383017, 0.000120101445646, 7.09780142643e-05, 4.3729054596e-05, 1.73450243892e-05, 1.80173992703e-05, 1.2204612176e-05, 7.88755005487e-06, 4.94428059028e-06, 6.65732386551e-06, 3.64035258826e-06, 2.74844433079e-06, 3.41666759596e-06, 2.00799195227e-06, 2.30875980378e-06, 2.0259071789e-06, 9.72963562162e-07, 1.14914178084e-06, 1.46607987972e-06, 1.24586108541e-06, 9.53610140186e-07, 1.19551907574e-06, 1.07481912437e-06, 3.68149329688e-07, 3.08495316403e-07, 2.80644258055e-07, 2.09865135048e-07, 1.63118215823e-07, 1.68962941416e-07, 1.20508772739e-07, 1.08020117295e-07, 1.3857339809e-07, 2.55999850651e-07, 2.44838275876e-07],
        "min": [2.99713915594e-24, 4.29250023549e-24, 2.09920793594e-23, 1.12102143899e-23, 5.92636133225e-24, 1.1966765919e-23, 1.61503146027e-23, 9.84214893106e-24, 9.13407684887e-24, 1.28310955693e-23, 1.71508190002e-23, 1.19586406517e-23, 1.34653444703e-23, 1.02399588638e-23, 1.31495011299e-23, 1.160568535e-23, 2.39279952177e-24, 7.06278212497e-24, 1.27370530942e-23, 8.52463683451e-24, 8.32122116149e-24, 8.42048905122e-24, 2.17149993816e-23, 1.7869255137e-23, 1.55919556986e-23, 1.57856589161e-23, 6.94901654952e-24, 7.39733882374e-24, 1.61732783437e-23, 1.34538302565e-23, 1.41234863903e-23, 1.54423103626e-23, 1.40432245264e-23, 7.70038999567e-24, 8.53824231855e-24, 1.21635717265e-23, 1.05383652227e-23, 1.14794534057e-23, 9.90263405211e-24, 1.03574920389e-23],
        "stdev": [0.00162699271459, 0.00185384671204, 0.00149498775136, 0.00117521570064, 0.00152055732906, 0.00134475610685, 0.000835786340758, 0.000735939771403, 0.00083599309437, 0.00098824664019, 0.000474898872199, 0.000544679234736, 0.000387352949474, 0.000256466009887, 0.000155679343152, 0.000271232536761, 0.000136780232424, 8.33953818073e-05, 5.60887456231e-05, 5.54832549824e-05, 3.17822159559e-05, 1.8051607185e-05, 1.69346658367e-05, 1.04860664578e-05, 1.66472291312e-05, 1.10558594315e-05, 4.92843173561e-06, 7.50326853449e-06, 5.49659716853e-06, 3.6958531382e-06, 2.55587110587e-06, 2.56896532846e-06, 2.49810432251e-06, 2.60197475654e-06, 3.21713810081e-06, 3.41840654983e-06, 2.94430856229e-06, 3.17963736052e-06, 4.04724914915e-06, 3.60737340088e-06],
        "var": [2.64710524789e-06, 3.43674741998e-06, 2.23498841478e-06, 1.38113193771e-06, 2.31209446611e-06, 1.80836912023e-06, 6.98538769939e-07, 5.41607334981e-07, 6.98884434769e-07, 9.76631326921e-07, 2.25528935971e-07, 2.96675466416e-07, 1.5004231102e-07, 6.57748131516e-08, 2.42360567171e-08, 7.35670866447e-08, 1.87088335935e-08, 6.954789189e-09, 3.1459475025e-09, 3.07839154168e-09, 1.01010921849e-09, 3.25860533001e-10, 2.86782902981e-10, 1.09957591643e-10, 2.77130207671e-10, 1.22232030053e-10, 2.42894385161e-11, 5.62990418174e-11, 3.02125824359e-11, 1.36593297437e-11, 6.5324772501e-12, 6.59958242569e-12, 6.24052502382e-12, 6.77027271051e-12, 1.03499778192e-11, 1.16855032595e-11, 8.66895357582e-12, 1.01100933181e-11, 1.63802253011e-11, 1.30131435142e-11]
    },
    "melbands128": {
