{
"lowlevel": {
    "average_loudness": 0.92952901125,
    "barkbands_crest": {
        "dmean": 2.22325515747,
        "dmean2": 3.55969691277,
        "dvar": 5.25761461258,
        "dvar2": 13.6671581268,
        "max": 24.5741481781,
        "mean": 11.6274433136,
        "median": 11.1279287338,
        "min": 2.99996638298,
        "stdev": 3.99294948578,
        "var": 15.943646431
    },
    "barkbands_flatness_db": {
        "dmean": 0.0288466047496,
        "dmean2": 0.0424087457359,
        "dvar": 0.00117252231576,
        "dvar2": 0.00236070505343,
        "max": 0.449389278889,
        "mean": 0.223446071148,
        "median": 0.2200833112,
        "min": 0.0405933074653,
        "stdev": 0.0758933275938,
        "var": 0.00575979752466
    },
    "barkbands_kurtosis": {
        "dmean": 8.6303768158,
        "dmean2": 13.504160881,
        "dvar": 245.493301392,
        "dvar2": 626.961486816,
        "max": 227.429031372,
        "mean": 18.3344554901,
        "median": 12.8385229111,
        "min": -1.82806909084,
        "stdev": 19.582818985,
        "var": 383.486816406
    },
    "barkbands_skewness": {
        "dmean": 0.816031336784,
        "dmean2": 1.24293279648,
        "dvar": 1.17930066586,
        "dvar2": 2.91524553299,
        "max": 12.6789970398,
        "mean": 2.91473674774,
        "median": 2.78491735458,
        "min": -2.30949378014,
        "stdev": 1.64260411263,
        "var": 2.69814825058
    },
    "barkbands_spread": {
        "dmean": 5.02078199387,
        "dmean2": 8.04981136322,
        "dvar": 94.4902038574,
        "dvar2": 229.657211304,
        "max": 83.2231216431,
        "mean": 11.916885376,
        "median": 6.14522027969,
        "min": 0.750777006149,
        "stdev": 13.8119983673,
        "var": 190.771286011
    },
    "dissonance": {
        "dmean": 0.0204675011337,
        "dmean2": 0.0334807485342,
        "dvar": 0.000467194622615,
        "dvar2": 0.00112253031693,
        "max": 0.500000119209,
        "mean": 0.441295653582,
        "median": 0.448072105646,
        "min": 0.263524115086,
        "stdev": 0.0377560332417,
        "var": 0.00142551807221
    },
    "dynamic_complexity": 3.07550835609,
    "erbbands_crest": {
        "dmean": 1.84769558907,
        "dmean2": 3.05844330788,
        "dvar": 4.19377565384,
        "dvar2": 10.6995306015,
        "max": 25.7918739319,
        "mean": 9.5928144455,
        "median": 9.00577354431,
        "min": 2.93716430664,
        "stdev": 3.85352277756,
        "var": 14.8496370316
    },
    "erbbands_flatness_db": {
        "dmean": 0.0208037961274,
        "dmean2": 0.0277992766351,
        "dvar": 0.00060898863012,
        "dvar2": 0.00110803300049,
        "max": 0.36203250289,
        "mean": 0.173903882504,
        "median": 0.17584425211,
        "min": 0.0633707493544,
        "stdev": 0.050660520792,
        "var": 0.00256648822688
    },
    "erbbands_kurtosis": {
        "dmean": 1.76746034622,
        "dmean2": 2.75281214714,
        "dvar": 12.7838172913,
        "dvar2": 30.7804908752,
        "max": 56.2367858887,
        "mean": 2.74007940292,
        "median": 0.684826135635,
        "min": -1.77196824551,
        "stdev": 5.5477976799,
        "var": 30.7780570984
    },
    "erbbands_skewness": {
        "dmean": 0.44846445322,
        "dmean2": 0.671750962734,
        "dvar": 0.386110335588,
        "dvar2": 0.862851142883,
        "max": 6.0755033493,
        "mean": 1.06250929832,
        "median": 1.00805985928,
        "min": -3.28124594688,
        "stdev": 1.27304887772,
        "var": 1.62065339088
    },
    "erbbands_spread": {
        "dmean": 11.2263374329,
        "dmean2": 16.7530975342,
        "dvar": 278.983886719,
        "dvar2": 637.422668457,
        "max": 156.701690674,
        "mean": 40.7183380127,
        "median": 34.598575592,
        "min": 3.96826577187,
        "stdev": 25.3562355042,
        "var": 642.938720703
    },
    "hfc": {
        "dmean": 6.31455612183,
        "dmean2": 9.79410743713,
        "dvar": 213.53175354,
        "dvar2": 540.812988281,
        "max": 172.211166382,
        "mean": 13.3173217773,
        "median": 6.94424200058,
        "min": 1.13065332696e-16,
        "stdev": 18.3540802002,
        "var": 336.872283936
    },
    "loudness_ebu128": {
        "integrated": -12.6096820831,
        "loudness_range": 3.27161312103,
        "momentary": {
            "dmean": 0.882803022861,
            "dmean2": 1.22345089912,
            "dvar": 1.06692993641,
            "dvar2": 1.90791261196,
            "max": -8.29049110413,
            "mean": -13.2882862091,
            "median": -12.819278717,
            "min": -23.213180542,
            "stdev": 2.61515235901,
            "var": 6.83902215958
        },
        "short_term": {
            "dmean": 0.129062280059,
            "dmean2": 0.131335273385,
            "dvar": 0.0116803012788,
            "dvar2": 0.0157688967884,
            "max": -10.6250448227,
            "mean": -12.9129953384,
            "median": -12.9080400467,
            "min": -16.1725101471,
            "stdev": 1.1650018692,
            "var": 1.35722923279
        }
    },
    "melbands_crest": {
        "dmean": 2.39975070953,
        "dmean2": 3.90992546082,
        "dvar": 5.97929573059,
        "dvar2": 14.1243810654,
        "max": 30.320728302,
        "mean": 16.4008808136,
        "median": 16.1744003296,
        "min": 2.24094057083,
        "stdev": 4.66036748886,
        "var": 21.7190246582
    },
    "melbands_flatness_db": {
        "dmean": 0.0334564819932,
        "dmean2": 0.0491646118462,
        "dvar": 0.00186467240565,
        "dvar2": 0.00383745203726,
        "max": 0.583528637886,
        "mean": 0.317187547684,
        "median": 0.320307791233,
        "min": 0.00574068818241,
        "stdev": 0.0963541641831,
        "var": 0.00928412470967
    },
    "melbands_kurtosis": {
        "dmean": 18.7093582153,
        "dmean2": 29.6449069977,
        "dvar": 1249.80541992,
        "dvar2": 3219.41723633,
        "max": 447.085235596,
        "mean": 39.1452445984,
        "median": 27.2256069183,
        "min": -1.84674310684,
        "stdev": 41.7601661682,
        "var": 1743.91162109
    },
    "melbands_skewness": {
        "dmean": 1.04285633564,
        "dmean2": 1.5993206501,
        "dvar": 2.07583975792,
        "dvar2": 5.00022792816,
        "max": 15.2156429291,
        "mean": 4.13785409927,
        "median": 3.71391057968,
        "min": -0.405781060457,
        "stdev": 2.12829399109,
        "var": 4.52963542938
    },
    "melbands_spread": {
        "dmean": 4.70255041122,
        "dmean2": 7.32070827484,
        "dvar": 150.732162476,
        "dvar2": 324.610534668,
        "max": 231.803070068,
        "mean": 11.2740049362,
        "median": 4.69644165039,
        "min": 0.71507358551,
        "stdev": 21.0051422119,
        "var": 441.2159729
    },
    "pitch_salience": {
        "dmean": 0.0609007105231,
        "dmean2": 0.0978374630213,
        "dvar": 0.00405916990712,
        "dvar2": 0.0101796677336,
        "max": 0.828652977943,
        "mean": 0.559075415134,
        "median": 0.57124042511,
        "min": 0.125642299652,
        "stdev": 0.118542298675,
        "var": 0.0140522764996
    },
    "silence_rate_20dB": {
        "dmean": 0,
        "dmean2": 0,
        "dvar": 0,
        "dvar2": 0,
        "max": 1,
        "mean": 1,
        "median": 1,
        "min": 1,
        "stdev": 0,
        "var": 0
    },
    "silence_rate_30dB": {
        "dmean": 0.0572755411267,
        "dmean2": 0.114639811218,
        "dvar": 0.0539951920509,
        "dvar2": 0.115440659225,
        "max": 1,
        "mean": 0.941221952438,
        "median": 1,
        "min": 0,
        "stdev": 0.23521065712,
        "var": 0.0553240515292
    },
    "silence_rate_60dB": {
        "dmean": 0.011609907262,
        "dmean2": 0.0232378002256,
        "dvar": 0.0114749828354,
        "dvar2": 0.0242467802018,
        "max": 1,
        "mean": 0.0301624126732,
        "median": 0,
        "min": 0,
        "stdev": 0.171031072736,
        "var": 0.029251627624
    },
    "spectral_centroid": {
        "dmean": 233.450653076,
        "dmean2": 374.50958252,
        "dvar": 234123.5625,
        "dvar2": 500723.65625,
        "max": 11293.5078125,
        "mean": 769.849243164,
        "median": 439.976867676,
        "min": 177.347045898,
        "stdev": 771.00982666,
        "var": 594456.125
    },
    "spectral_complexity": {
        "dmean": 2.739164114,
        "dmean2": 4.37025547028,
        "dvar": 20.7612075806,
        "dvar2": 48.558429718,
        "max": 49,
        "mean": 11.1600923538,
        "median": 8,
        "min": 0,
        "stdev": 7.63591146469,
        "var": 58.3071403503
    },
    "spectral_decrease": {
        "dmean": 3.84240728124e-09,
        "dmean2": 6.09786487971e-09,
        "dvar": 7.26037334764e-17,
        "dvar2": 1.66369023423e-16,
        "max": -9.81696070304e-30,
        "mean": -8.96826257701e-09,
        "median": -6.13116490911e-09,
        "min": -6.73662867712e-08,
        "stdev": 1.0105543069e-08,
        "var": 1.02122004508e-16
    },
    "spectral_energy": {
        "dmean": 0.0149018000811,
        "dmean2": 0.0236441586167,
        "dvar": 0.00107286882121,
        "dvar2": 0.00245005753823,
        "max": 0.257161289454,
        "mean": 0.0350562110543,
        "median": 0.024022962898,
        "min": 1.02924177227e-20,
        "stdev": 0.039022307843,
        "var": 0.00152274046559
    },
    "spectral_energyband_high": {
        "dmean": 0.000459287635749,
        "dmean2": 0.000771571067162,
        "dvar": 2.07082712222e-06,
        "dvar2": 5.63146068089e-06,
        "max": 0.0162419490516,
        "mean": 0.000502526003402,
        "median": 4.88635778311e-05,
        "min": 7.26996358014e-21,
        "stdev": 0.00155787775293,
        "var": 2.4269829737e-06
    },
    "spectral_energyband_low": {
        "dmean": 0.0114398160949,
        "dmean2": 0.0184792038053,
        "dvar": 0.000888141861651,
        "dvar2": 0.00203088694252,
        "max": 0.248768851161,
        "mean": 0.0197827778757,
        "median": 0.00968063436449,
        "min": 1.06533633144e-22,
        "stdev": 0.0333219245076,
        "var": 0.00111035071313
    },
    "spectral_energyband_middle_high": {
        "dmean": 0.000851586984936,
        "dmean2": 0.00122509268112,
        "dvar": 4.36585833086e-06,
        "dvar2": 9.11522238312e-06,
        "max": 0.0269992053509,
        "mean": 0.00193350273184,
        "median": 0.000562371162232,
        "min": 1.59666244913e-21,
        "stdev": 0.0034456779249,
        "var": 1.18726957226e-05
    },
    "spectral_energyband_middle_low": {
        "dmean": 0.00579900015146,
        "dmean2": 0.00946508161724,
        "dvar": 0.000159544681082,
        "dvar2": 0.00043523684144,
        "max": 0.198677405715,
        "mean": 0.0164459999651,
        "median": 0.0114707490429,
        "min": 2.31961002462e-22,
        "stdev": 0.0159103237092,
        "var": 0.000253138394328
    },
    "spectral_entropy": {
        "dmean": 0.278785645962,
        "dmean2": 0.387874096632,
        "dvar": 0.138172775507,
        "dvar2": 0.261989623308,
        "max": 9.80682373047,
        "mean": 6.75664567947,
        "median": 6.75263786316,
        "min": 4.64848232269,
        "stdev": 0.780018985271,
        "var": 0.608429610729
    },
    "spectral_flux": {
        "dmean": 0.0317671522498,
        "dmean2": 0.0472052171826,
        "dvar": 0.00275964825414,
        "dvar2": 0.0050986064598,
        "max": 0.455561190844,
        "mean": 0.072395183146,
        "median": 0.048251260072,
        "min": 1.0145155549e-10,
        "stdev": 0.0743751600385,
        "var": 0.00553166447207
    },
    "spectral_kurtosis": {
        "dmean": 3.96416354179,
        "dmean2": 6.1597943306,
        "dvar": 47.564781189,
        "dvar2": 105.580604553,
        "max": 135.394470215,
        "mean": 9.92181301117,
        "median": 7.01873874664,
        "min": -1.22418689728,
        "stdev": 10.6386480331,
        "var": 113.180839539
    },
    "spectral_rms": {
        "dmean": 0.000989873311482,
        "dmean2": 0.0015317837242,
        "dvar": 2.92236086352e-06,
        "dvar2": 6.07335277891e-06,
        "max": 0.015839478001,
        "mean": 0.0052432147786,
        "median": 0.00484118144959,
        "min": 3.1688141694e-12,
        "stdev": 0.00259035197087,
        "var": 6.70992358209e-06
    },
    "spectral_rolloff": {
        "dmean": 312.314178467,
        "dmean2": 550.590026855,
        "dvar": 958429.3125,
        "dvar2": 2216383.25,
        "max": 19035.3515625,
        "mean": 753.277709961,
        "median": 279.931640625,
        "min": 86.1328125,
        "stdev": 1598.7244873,
        "var": 2555920
    },
    "spectral_skewness": {
        "dmean": 0.432580858469,
        "dmean2": 0.644826352596,
        "dvar": 0.327280819416,
        "dvar2": 0.663754165173,
        "max": 9.66616153717,
        "mean": 2.29243636131,
        "median": 2.08263111115,
        "min": -0.0465194731951,
        "stdev": 1.11798417568,
        "var": 1.24988853931
    },
    "spectral_spread": {
        "dmean": 896221.5,
        "dmean2": 1219572.75,
        "dvar": 2.20976408166e+12,
        "dvar2": 3.97791618662e+12,
        "max": 40102256,
        "mean": 4359887.5,
        "median": 3827563.25,
        "min": 870673.9375,
        "stdev": 2199025.75,
        "var": 4.83571479347e+12
    },
    "spectral_strongpeak": {
        "dmean": 0.220947802067,
        "dmean2": 0.370350152254,
        "dvar": 0.117849417031,
        "dvar2": 0.302225470543,
        "max": 4.19918823242,
        "mean": 0.610335171223,
        "median": 0.494244366884,
        "min": 6.34299901492e-09,
        "stdev": 0.475719034672,
        "var": 0.226308614016
    },
    "zerocrossingrate": {
        "dmean": 0.00904076173902,
        "dmean2": 0.0107766054571,
        "dvar": 0.000206258409889,
        "dvar2": 0.00019931596762,
        "max": 0.49951171875,
        "mean": 0.0344368554652,
        "median": 0.02294921875,
        "min": 0.00439453125,
        "stdev": 0.042840115726,
        "var": 0.00183527544141
    },
    "barkbands": {
        "dmean": [0.000286760390736, 0.00745537178591, 0.00435900501907, 0.0033065690659, 0.00251575326547, 0.000609851325862, 0.000528416829184, 0.000261132838205, 0.000210995523958, 0.000120003824122, 9.19302401599e-05, 0.00010074426973, 5.31320511072e-05, 5.5910066294e-05, 9.01511666598e-05, 0.000126571801957, 9.71820481936e-05, 0.000133174209623, 0.000245972914854, 0.000200114081963, 9.05029664864e-05, 8.43819943839e-05, 6.78214855725e-05, 6.65209954605e-05, 6.65381594445e-05, 2.74286521744e-05, 2.56009229815e-06],
        "dmean2": [0.000428772735177, 0.0118157481775, 0.00774209294468, 0.00568104768172, 0.00406996160746, 0.000976319483016, 0.000811576726846, 0.000383437116398, 0.000317455182085, 0.000181321331183, 0.000123491583508, 0.000154313471285, 8.02669092081e-05, 8.95007833606e-05, 0.000136930932058, 0.000183156735147, 0.000149622312165, 0.000208329453017, 0.000362434191629, 0.0003631724976, 0.000162072436069, 0.00015289602743, 0.000116645547678, 0.000100603188912, 0.000107995176222, 4.36265618191e-05, 4.3256563913e-06],
        "dvar": [3.76569488481e-07, 0.000548080482986, 0.000162761454703, 6.63602841087e-05, 2.24477644224e-05, 2.59111334344e-06, 1.8368474457e-06, 6.62203717638e-07, 8.10670087503e-07, 2.69893007498e-07, 1.45814126995e-07, 7.1921590461e-08, 2.50530280965e-08, 4.69941028314e-08, 9.18028035812e-08, 2.14659877429e-07, 6.52411600299e-08, 1.8222507947e-07, 5.7185144442e-07, 4.60193632534e-07, 8.00325921091e-08, 9.590576866e-08, 5.83738923865e-08, 5.61209141381e-08, 3.73830708611e-08, 4.17496348604e-09, 1.02139123548e-10],
        "dvar2": [9.51053834797e-07, 0.00134312990122, 0.000440885021817, 0.00018224644009, 6.05898239883e-05, 6.79929689795e-06, 4.17266983277e-06, 1.26512611587e-06, 2.01881539397e-06, 7.06531466221e-07, 2.92527772672e-07, 1.26980708615e-07, 5.25518792927e-08, 9.48799865341e-08, 2.04071710641e-07, 4.42235801756e-07, 1.3146079425e-07, 3.99465506007e-07, 1.20327547393e-06, 1.29407249005e-06, 2.2982818848e-07, 2.79171388229e-07, 1.56716026822e-07, 1.12475092351e-07, 9.19352203255e-08, 1.02076942454e-08, 2.33866648269e-10],
        "max": [0.00634370651096, 0.203211635351, 0.145686134696, 0.108904793859, 0.0602015778422, 0.027108931914, 0.0200858619064, 0.0146132856607, 0.0218013077974, 0.0106042893603, 0.00848466902971, 0.00813259650022, 0.00420419732109, 0.00445123715326, 0.00520280981436, 0.00849282369018, 0.00618186686188, 0.00897988304496, 0.0138423833996, 0.00814693793654, 0.00284763495438, 0.00419188896194, 0.00260786945, 0.00657722027972, 0.0031013796106, 0.000598063692451, 0.000211050079088],
        "mean": [0.000568650721107, 0.00943239126354, 0.00624122843146, 0.00612033717334, 0.00680761644617, 0.00150019524153, 0.00104421901051, 0.000476122775581, 0.000366778607713, 0.000228705990594, 0.000176145651494, 0.000191571874893, 0.000100546320027, 8.9186396508e-05, 0.000139199357363, 0.000205209915293, 0.000171032486833, 0.000195714383153, 0.000384111161111, 0.00018868096231, 8.38422856759e-05, 7.60472321417e-05, 7.09162268322e-05, 9.0593319328e-05, 7.61563787819e-05, 2.90177358693e-05, 2.04342723009e-06],
        "median": [2.65087746811e-05, 0.0019917502068, 0.00281546753831, 0.00346292369068, 0.00408126134425, 0.00073477125261, 0.000298037048196, 4.55614172097e-05, 7.7330856584e-05, 9.87315434031e-05, 2.95503468806e-05, 5.48327006982e-05, 1.59673454618e-05, 1.17684421639e-05, 2.26070151257e-05, 2.38932352659e-05, 2.09233930946e-05, 1.59282135428e-05, 2.79929627141e-05, 1.23867503135e-05, 5.97728330831e-06, 5.88917282585e-06, 3.42276803167e-06, 4.53017764812e-06, 5.74541218157e-06, 2.99883981825e-06, 1.69492047064e-08],
        "min": [1.11732783446e-23, 5.43568267057e-23, 3.30729997623e-23, 9.65858888703e-24, 5.26898847269e-23, 2.43222162278e-23, 1.75647548275e-23, 7.93283448782e-23, 4.16465041633e-23, 2.03976142916e-23, 8.18966740372e-23, 1.23657544099e-22, 1.23527287386e-22, 1.20960725276e-22, 2.44408217804e-22, 1.53596847558e-22, 2.06183994196e-22, 1.1827683115e-22, 2.805107085e-22, 1.99679425825e-22, 6.60999956809e-22, 4.27572809024e-22, 5.05168752245e-22, 9.63800214176e-22, 1.16199054829e-21, 1.4081864385e-21, 2.24838636095e-21],
        "stdev": [0.00114755250979, 0.0239768847823, 0.0123200882226, 0.00846034195274, 0.00805768277496, 0.00220497720875, 0.00190157094039, 0.00136510340963, 0.00103367550764, 0.000586831010878, 0.000577538972721, 0.000463820149889, 0.000276338862022, 0.000310212199111, 0.000403800950153, 0.000624131527729, 0.000400209304644, 0.00059846509248, 0.00105093198363, 0.000612399482634, 0.000252235215157, 0.000261255976511, 0.000258700049017, 0.000404732156312, 0.000248558091698, 6.90095766913e-05, 9.96102608042e-06],
        "var": [1.31687681915e-06, 0.00057489098981, 0.000151784566697, 7.15773785487e-05, 6.49262510706e-05, 4.86192402605e-06, 3.61597221854e-06, 1.86350735021e-06, 1.06848506221e-06, 3.44370647554e-07, 3.33551241738e-07, 2.15129119852e-07, 7.63631717859e-08, 9.62316093478e-08, 1.63055204894e-07, 3.89540161905e-07, 1.60167488161e-07, 3.58160463065e-07, 1.10445807877e-06, 3.75033096134e-07, 6.36226076267e-08, 6.82546783537e-08, 6.69257147479e-08, 1.63808124398e-07, 6.17811224402e-08, 4.76232120405e-09, 9.92220333673e-11]
    },
    "erbbands": {
        "dmean": [0.192264765501, 1.81227588654, 4.56097126007, 8.69516468048, 9.78205108643, 8.77616214752, 5.15879011154, 4.33013772964, 6.06443405151, 8.48489379883, 4.03692150116, 4.29999780655, 4.90334415436, 3.35077047348, 2.87519669533, 4.18802547455, 2.42626810074, 2.69231081009, 3.03139615059, 5.52428531647, 6.28963327408, 5.38056135178, 7.83420276642, 7.8523106575, 14.4288072586, 8.61501979828, 4.20766639709, 3.7706990242, 3.23178577423, 1.92436742783, 2.0103700161, 1.32107925415, 1.19927561283, 0.907972991467, 0.368812382221, 0.154295191169, 0.0430978126824, 0.00844724755734, 0.000255638587987, 2.22748622036e-05],
        "dmean2": [0.300700724125, 2.96469712257, 8.01482391357, 15.09948349, 16.6108131409, 13.8904209137, 8.18786430359, 7.00573015213, 9.74839115143, 12.4924602509, 6.09787845612, 6.20372915268, 7.71191120148, 4.65598392487, 4.12541723251, 6.13451814651, 3.59449028969, 4.29702425003, 4.51669883728, 8.05755519867, 9.05533409119, 7.99100160599, 12.1166009903, 11.5391464233, 22.0121707916, 15.4141340256, 7.63309764862, 6.80235671997, 5.8260011673, 3.45204281807, 3.41458106041, 2.07718062401, 1.8443043232, 1.5090931654, 0.582848012447, 0.24228335917, 0.0699230507016, 0.0139141241089, 0.000418112787884, 3.49759211531e-05],
        "dvar": [0.322337538004, 35.6189231873, 203.402252197, 410.756347656, 616.02923584, 267.188964844, 133.506561279, 147.308410645, 245.3956604, 690.447631836, 131.536636353, 206.965805054, 612.168701172, 234.806747437, 92.8795166016, 129.162918091, 50.3612594604, 81.7473602295, 98.0655441284, 319.302001953, 545.186523438, 197.837936401, 710.651916504, 451.057800293, 2114.12280273, 886.799133301, 173.301239014, 159.452377319, 113.493034363, 69.6782302856, 52.3572692871, 28.2297649384, 17.2120018005, 9.39574718475, 0.782582998276, 0.118837967515, 0.0124504547566, 0.000593616510741, 6.71407349273e-07, 2.18813833719e-09],
        "dvar2": [0.738006234169, 90.3562698364, 528.106323242, 1113.48486328, 1762.77770996, 645.773864746, 348.195373535, 396.761199951, 622.445983887, 1603.52453613, 287.14654541, 458.157775879, 1689.24963379, 429.307403564, 138.623336792, 205.096008301, 100.971534729, 170.326278687, 203.32975769, 683.858886719, 1086.61828613, 405.161315918, 1513.84851074, 886.313537598, 4877.44873047, 2468.51074219, 489.782196045, 465.064422607, 326.333557129, 200.111038208, 139.973632812, 61.9039802551, 35.7906074524, 23.5347576141, 1.77300822735, 0.277700066566, 0.0313869267702, 0.00141801370773, 1.57643603416e-06, 5.03139130359e-09],
        "max": [5.01335811615, 49.5325279236, 187.357620239, 234.261306763, 382.83190918, 241.387451172, 196.412261963, 178.805023193, 231.552459717, 420.844207764, 168.396499634, 314.210906982, 600.186340332, 308.640686035, 296.115020752, 391.993713379, 208.09614563, 171.946731567, 172.239517212, 317.095153809, 585.87512207, 327.504669189, 607.840026855, 360.345672607, 864.648864746, 309.724609375, 149.60748291, 122.862060547, 116.65536499, 128.243255615, 89.6869812012, 142.726135254, 102.62109375, 51.9530258179, 12.2493515015, 4.69456481934, 1.12885832787, 0.336171388626, 0.0142303491011, 0.000457325251773],
        "mean": [0.284218192101, 2.07176327705, 6.51611042023, 16.0273723602, 20.4580821991, 27.5134220123, 13.6661376953, 9.99805450439, 11.702293396, 17.6543903351, 7.91271972656, 8.29950332642, 8.9178686142, 6.6808218956, 5.84484958649, 8.31010627747, 5.17787837982, 4.87904167175, 5.39911937714, 9.07970237732, 11.2154188156, 9.76126480103, 11.5510158539, 13.2941741943, 20.1362133026, 8.7950553894, 3.90484666824, 3.38259720802, 2.85680532455, 1.88465464115, 2.13207697868, 1.84877443314, 1.5230332613, 1.00387942791, 0.446957707405, 0.181843280792, 0.0404110811651, 0.0069781402126, 0.000227473457926, 4.6126304369e-05],
        "median": [0.0304943956435, 0.561890423298, 3.01822066307, 11.2386817932, 13.7101583481, 14.4554271698, 7.25015687943, 4.66941165924, 4.90590000153, 3.78825426102, 1.76126432419, 2.00315904617, 3.66095399857, 1.55344092846, 1.22102057934, 2.50404334068, 1.22028708458, 0.751677334309, 0.918683171272, 1.40164268017, 1.65703558922, 1.27318024635, 0.960378110409, 1.19109010696, 1.30461657047, 0.663930952549, 0.314529359341, 0.217066988349, 0.212123304605, 0.14939135313, 0.0990699902177, 0.0842055976391, 0.0744189396501, 0.0578338503838, 0.0386585444212, 0.0203620158136, 0.00384335871786, 0.000281474174699, 2.4940849471e-05, 3.01744039461e-05],
        "min": [1.94257873862e-21, 1.0709604326e-20, 3.68936285689e-20, 4.26715433087e-20, 1.01332558944e-19, 1.99673451182e-19, 2.31420733564e-19, 1.450786131e-19, 2.70441996684e-19, 4.64045273414e-19, 1.87769688857e-18, 1.14835002899e-18, 6.62224668388e-19, 1.0090755613e-18, 5.41609079214e-18, 4.10856598429e-18, 5.84050847905e-18, 5.79478028043e-18, 1.43350681397e-17, 7.19215427359e-18, 8.86500298539e-18, 1.19517415921e-17, 7.9034568085e-18, 1.13231653902e-17, 1.14116273936e-17, 1.06194753985e-17, 1.52696531917e-17, 2.93878345748e-17, 1.7010309207e-17, 1.48501634333e-17, 1.35152287551e-17, 1.95574977525e-17, 1.62420850655e-17, 1.17736735944e-17, 8.85648385226e-18, 5.59314549354e-18, 2.39254526876e-18, 1.19775390806e-18, 3.07119702033e-19, 3.42793727106e-20],
        "stdev": [0.688813149929, 5.68779993057, 14.2712745667, 20.2999954224, 25.7525272369, 39.9543228149, 18.0497360229, 14.2193489075, 18.9198226929, 37.8932495117, 17.7190265656, 20.2439308167, 23.2118968964, 20.6536769867, 19.0890712738, 20.9434814453, 12.5349683762, 14.2523460388, 14.2945489883, 25.4771003723, 31.9951515198, 22.6482715607, 36.8624382019, 32.0764694214, 59.065700531, 27.4831199646, 11.8767337799, 10.6640911102, 9.29202365875, 7.03835535049, 8.0852766037, 9.16292476654, 6.30957698822, 3.74855232239, 1.25114500523, 0.434741169214, 0.105673208833, 0.0233668927103, 0.000799626810476, 5.38335953024e-05],
        "var": [0.474463522434, 32.3510704041, 203.669281006, 412.089813232, 663.192687988, 1596.34802246, 325.792999268, 202.189880371, 357.959716797, 1435.8984375, 313.963928223, 409.816711426, 538.792175293, 426.57434082, 364.392669678, 438.629394531, 157.125442505, 203.129379272, 204.334136963, 649.082641602, 1023.68969727, 512.944213867, 1358.83947754, 1028.89978027, 3488.75708008, 755.321899414, 141.056808472, 113.722846985, 86.3417053223, 49.5384483337, 65.3717041016, 83.959197998, 39.8107643127, 14.0516452789, 1.56536376476, 0.188999891281, 0.0111668268219, 0.000546011666302, 6.39403026526e-07, 2.89805601739e-09]
    },
    "gfcc": {
        "mean": [-59.0379142761, 122.499313354, -74.6414260864, 42.5087127686, -45.435256958, 5.83777761459, -42.2737426758, 7.74687385559, -32.2208175659, -4.47086906433, -17.2420082092, -4.00120210648, -10.0670700073],
        "cov": [[10409.9443359, -1452.02966309, -811.027832031, 513.566833496, -419.159393311, -23.9162063599, -336.589324951, 654.977478027, -315.278747559, 190.353210449, -102.060623169, 80.6176757812, -345.503326416], [-1452.02966309, 2215.01586914, -39.6188735962, -423.005889893, 440.170776367, -193.389602661, 233.789352417, -283.582000732, 251.354278564, -195.114318848, 156.72277832, -115.206260681, 182.016342163], [-811.027832031, -39.6188735962, 1056.35681152, 41.8692054749, -88.4373931885, 109.156700134, -54.4747619629, -127.573806763, -22.095123291, 27.8850498199, -81.2926635742, 15.1933832169, 0.352058231831], [513.566833496, -423.005889893, 41.8692054749, 417.317108154, -89.6330490112, 3.91464757919, 13.6406850815, -3.52297449112, 1.57405889034, 9.20396518707, 0.227966278791, -14.190700531, 14.8376169205], [-419.159393311, 440.170776367, -88.4373931885, -89.6330490112, 295.393707275, -26.5100440979, 66.074760437, -5.15970468521, 83.6435546875, -27.0438728333, 40.0204696655, -15.8499650955, 41.6394309998], [-23.9162063599, -193.389602661, 109.156700134, 3.91464757919, -26.5100440979, 249.240203857, 44.0596466064, -42.5596160889, -5.34269094467, 42.8006248474, -38.1594734192, 29.4534244537, 28.7908706665], [-336.589324951, 233.789352417, -54.4747619629, 13.6406850815, 66.074760437, 44.0596466064, 242.071472168, -45.4130592346, 32.4599113464, -21.3275604248, 30.7806358337, 8.47460174561, 43.7630004883], [654.977478027, -283.582000732, -127.573806763, -3.52297449112, -5.15970468521, -42.5596160889, -45.4130592346, 269.677886963, -42.4111557007, 31.8247966766, 10.1524028778, 8.03187847137, -61.5391960144], [-315.278747559, 251.354278564, -22.095123291, 1.57405889034, 83.6435546875, -5.34269094467, 32.4599113464, -42.4111557007, 132.519714355, -18.3162345886, 7.78564071655, -13.1527881622, 53.8482017517], [190.353210449, -195.114318848, 27.8850498199, 9.20396518707, -27.0438728333, 42.8006248474, -21.3275604248, 31.8247966766, -18.3162345886, 96.9555587769, 0.894804000854, 5.72456645966, -18.2963809967], [-102.060623169, 156.72277832, -81.2926635742, 0.227966278791, 40.0204696655, -38.1594734192, 30.7806358337, 10.1524028778, 7.78564071655, 0.894804000854, 119.369667053, -20.3682460785, 2.38834857941], [80.6176757812, -115.206260681, 15.1933832169, -14.190700531, -15.8499650955, 29.4534244537, 8.47460174561, 8.03187847137, -13.1527881622, 5.72456645966, -20.3682460785, 90.2428283691, 0.38794401288], [-345.503326416, 182.016342163, 0.352058231831, 14.8376169205, 41.6394309998, 28.7908706665, 43.7630004883, -61.5391960144, 53.8482017517, -18.2963809967, 2.38834857941, 0.38794401288, 124.577980042]],
        "icov": [[0.000185517346836, -0.000303409615299, 0.00021763703262, -0.000541532586794, 0.000227606942644, -0.000286104070256, 0.000330704875523, -0.000455102068372, 0.000384437153116, -0.000400866032578, 0.000399187440053, -0.000362393562682, 0.000439185561845], [-0.000303409615299, 0.00268458737992, -0.000744060846046, 0.00300116324797, -0.0015280880034, 0.00194132805336, -0.00178342859726, 0.00212103221565, -0.00227880314924, 0.00263459654525, -0.00231317616999, 0.00235929898918, -0.00197388464585], [0.00021763703262, -0.000744060846046, 0.0014482869301, -0.00110916455742, 0.000551257864572, -0.000925149885006, 0.000888345181011, -0.000187263853149, 0.000862815184519, -0.00105201324914, 0.00126223487314, -0.000757011235692, 0.000894412223715], [-0.000541532586794, 0.00300116324797, -0.00110916455742, 0.00632987963036, -0.000650111993309, 0.00241911504418, -0.00258302479051, 0.00244534295052, -0.0031954057049, 0.0028579456266, -0.00290605775081, 0.00332848192193, -0.00301769515499], [0.000227606942644, -0.0015280880034, 0.000551257864572, -0.000650111993309, 0.00592050421983, -0.000855881022289, 0.000106716812297, -0.00184222380631, -0.00136822706554, -0.00104697956704, 0.000374094262952, -0.00092736229999, 0.000644502521027], [-0.000286104070256, 0.00194132805336, -0.000925149885006, 0.00241911504418, -0.000855881022289, 0.00695727951825, -0.00264599756338, 0.00222053495236, -0.00127541739494, -0.000927409273572, -0.000149400322698, 0.000751147395931, -0.00279516843148], [0.000330704875523, -0.00178342859726, 0.000888345181011, -0.00258302479051, 0.000106716812297, -0.00264599756338, 0.00655996892601, -0.00102517334744, 0.0015537320869, -0.000678977230564, 0.00021640349587, -0.00245557702146, 0.000825169263408], [-0.000455102068372, 0.00212103221565, -0.000187263853149, 0.00244534295052, -0.00184222380631, 0.00222053495236, -0.00102517334744, 0.0068717431277, -0.00103049306199, 0.000714788911864, -0.00200754823163, 0.00131900364067, -0.000209855934372], [0.000384437153116, -0.00227880314924, 0.000862815184519, -0.0031954057049, -0.00136822706554, -0.00127541739494, 0.0015537320869, -0.00103049306199, 0.0131368143484, -0.00219843070954, 0.00265255779959, -0.0011189765064, -0.00157752796076], [-0.000400866032578, 0.00263459654525, -0.00105201324914, 0.0028579456266, -0.00104697956704, -0.000927409273572, -0.000678977230564, 0.000714788911864, -0.00219843070954, 0.0154935056344, -0.00392114231363, 0.00228235241957, -0.000848789524753], [0.000399187440053, -0.00231317616999, 0.00126223487314, -0.00290605775081, 0.000374094262952, -0.000149400322698, 0.00021640349587, -0.00200754823163, 0.00265255779959, -0.00392114231363, 0.0123344408348, -0.000294413184747, 0.00171313644387], [-0.000362393562682, 0.00235929898918, -0.000757011235692, 0.00332848192193, -0.00092736229999, 0.000751147395931, -0.00245557702146, 0.00131900364067, -0.0011189765064, 0.00228235241957, -0.000294413184747, 0.0144089832902, -0.00241623725742], [0.000439185561845, -0.00197388464585, 0.000894412223715, -0.00301769515499, 0.000644502521027, -0.00279516843148, 0.000825169263408, -0.000209855934372, -0.00157752796076, -0.000848789524753, 0.00171313644387, -0.00241623725742, 0.0130549175665]]
    },
    "melbands": {
        "dmean": [0.00191298453137, 0.00223070406355, 0.00144974444993, 0.000634731375612, 0.000205795484362, 0.000102961566881, 9.64122955338e-05, 8.62137967488e-05, 3.21351872117e-05, 2.95259796985e-05, 2.49066215474e-05, 1.33594185172e-05, 9.91669458017e-06, 1.10465143734e-05, 9.09054142539e-06, 5.19349487149e-06, 5.67432925891e-06, 4.37978269474e-06, 8.25740971777e-06, 8.82734275365e-06, 7.29467046767e-06, 5.90015770285e-06, 6.37571110929e-06, 6.38917708784e-06, 6.18645663053e-06, 1.17907247841e-05, 8.95963057701e-06, 5.42623411093e-06, 2.82970881926e-06, 2.05780474971e-06, 2.31686294683e-06, 2.08551796277e-06, 1.22251003631e-06, 1.09552490812e-06, 1.35574543947e-06, 8.00400187018e-07, 8.37331242565e-07, 8.33695708025e-07, 9.28417534851e-07, 7.20482603356e-07],
        "dmean2": [0.00303667690605, 0.00375655014068, 0.00252290652134, 0.00103932654019, 0.00031890097307, 0.000167157457327, 0.00014905113494, 0.000124789934489, 4.88662044518e-05, 4.31306725659e-05, 3.95345050492e-05, 1.95064676518e-05, 1.37820388773e-05, 1.67539892573e-05, 1.37773486131e-05, 8.06390562502e-06, 9.16560838959e-06, 6.82798690832e-06, 1.25238775581e-05, 1.29684694912e-05, 1.08363165054e-05, 8.863416042e-06, 1.01076529972e-05, 9.95161462924e-06, 9.25041968003e-06, 1.71931988007e-05, 1.53559794853e-05, 9.87352450466e-06, 5.19093146067e-06, 3.66777294403e-06, 4.22299854108e-06, 3.7452343804e-06, 2.20457150135e-06, 1.96588894141e-06, 2.34644585362e-06, 1.30644298224e-06, 1.29832142193e-06, 1.2976453263e-06, 1.5653332639e-06, 1.17593378945e-06],
        "dvar": [3.48706635123e-05, 4.56725683762e-05, 1.1474627172e-05, 1.57924012001e-06, 1.5320216562e-07, 7.74122312919e-08, 5.59838646552e-08, 6.82166643173e-08, 9.58597556888e-09, 1.27696591079e-08, 1.5993435909e-08, 4.21374179993e-09, 1.35378719346e-09, 1.21270815612e-09, 6.31515950644e-10, 2.03510833185e-10, 4.00164984482e-10, 2.77678241511e-10, 8.69497529532e-10, 1.17268417199e-09, 8.32892810276e-10, 2.59100269018e-10, 4.2460057692e-10, 3.65250635292e-10, 2.74726602578e-10, 1.54247181694e-09, 9.36977828658e-10, 4.63794086469e-10, 8.12151526586e-11, 3.9645758898e-11, 6.78538059073e-11, 4.25310793528e-11, 3.31604778359e-11, 2.09381088856e-11, 2.96004228073e-11, 9.42112620556e-12, 1.12580968853e-11, 8.94862482725e-12, 1.15315699697e-11, 5.31783254584e-12],
        "dvar2": [8.36414183141e-05, 0.000114438298624, 3.15989091177e-05, 4.27935856351e-06, 4.03973558605e-07, 2.05468495551e-07, 1.30886704142e-07, 1.53274044123e-07, 2.14617941197e-08, 2.97851752151e-08, 4.42410730273e-08, 7.60332952154e-09, 2.27028862376e-09, 2.17595719221e-09, 1.3245454733e-09, 4.86383266995e-10, 8.33476676565e-10, 5.65705149391e-10, 1.8890877751e-09, 2.64712518572e-09, 1.76459535872e-09, 5.45820222353e-10, 9.67336766244e-10, 7.82043318992e-10, 5.30922306119e-10, 3.31216942762e-09, 2.50911313948e-09, 1.31886945809e-09, 2.3123981896e-10, 1.12368968297e-10, 1.99388422439e-10, 1.21778420681e-10, 9.68978439153e-11, 5.8580348905e-11, 8.24342330508e-11, 2.16440875639e-11, 2.35982310082e-11, 1.86349043835e-11, 2.85684167295e-11, 1.31806640255e-11],
        "max": [0.0506656318903, 0.0753017961979, 0.0426570214331, 0.0159039497375, 0.0055812317878, 0.00421021040529, 0.0031908613164, 0.0038969872985, 0.00162823509891, 0.00244026980363, 0.00298808189109, 0.00126491091214, 0.000929184723645, 0.00115607155021, 0.000508805911522, 0.000267001974862, 0.000377033429686, 0.000349764421117, 0.000559304258786, 0.000794075836893, 0.000763064832427, 0.000380926590879, 0.000390194967622, 0.000386455300031, 0.000299219915178, 0.000807327858638, 0.000441368174506, 0.00027327000862, 9.50268149609e-05, 6.61248559481e-05, 8.3469254605e-05, 5.94226548856e-05, 8.97337231436e-05, 6.02647705819e-05, 7.41089970688e-05, 7.38663584343e-05, 8.81669184309e-05, 8.02006034064e-05, 6.66209234623e-05, 3.86567699024e-05],
        "mean": [0.00256958021782, 0.00326126301661, 0.00282723456621, 0.00173614697997, 0.0005987554905, 0.000241959816776, 0.000196934925043, 0.000179660753929, 5.96744248469e-05, 5.3592826589e-05, 4.32434571849e-05, 2.54683345702e-05, 1.94791755348e-05, 2.01547372853e-05, 1.82492149179e-05, 9.43597387959e-06, 9.2662858151e-06, 7.33839033273e-06, 1.2605525626e-05, 1.35932759804e-05, 1.24755451907e-05, 1.04200680653e-05, 9.5399127531e-06, 9.18618297874e-06, 1.02699723357e-05, 1.73648313648e-05, 1.01517553048e-05, 4.9076193136e-06, 2.46257445724e-06, 1.96079577108e-06, 1.9722263005e-06, 1.7822768541e-06, 1.14907413717e-06, 1.04181708593e-06, 1.31577576212e-06, 1.06691732071e-06, 1.16685714602e-06, 1.07628829937e-06, 9.92564196167e-07, 7.87851377027e-07],
        "median": [0.00042239628965, 0.00152222905308, 0.00207081483677, 0.00105426460505, 0.000331529328832, 0.000115952956548, 7.25796198822e-05, 3.17074773193e-05, 1.13756150313e-05, 1.26697987071e-05, 1.73670796357e-05, 5.1108477237e-06, 3.46742672264e-06, 5.37192727279e-06, 5.09033634444e-06, 1.48082074247e-06, 1.23843926758e-06, 1.13910402888e-06, 1.76426954113e-06, 1.86927945833e-06, 1.73401213033e-06, 1.14782824312e-06, 8.45404031224e-07, 7.31717534563e-07, 8.90816465926e-07, 1.06838240299e-06, 6.14495036189e-07, 2.88752318056e-07, 1.8135949631e-07, 1.19568781543e-07, 1.19983312175e-07, 1.14394914874e-07, 8.96069565215e-08, 6.73400748497e-08, 5.48125207445e-08, 4.25842898721e-08, 5.06942470224e-08, 4.88562328371e-08, 5.10053013159e-08, 4.27326760644e-08],
        "min": [1.64169148788e-23, 1.73808666174e-23, 8.30297007559e-24, 1.14856538524e-23, 7.90322112276e-24, 3.76312329213e-24, 3.87640332369e-24, 6.81952897624e-24, 1.52940297559e-23, 6.66713445998e-24, 3.15291827991e-24, 3.3368481025e-24, 1.36362196309e-23, 1.68137103364e-23, 1.08970389771e-23, 1.18392126326e-23, 9.59247287684e-24, 2.31256294082e-23, 1.4158696408e-23, 7.6214281745e-24, 1.13131930813e-23, 1.05870166413e-23, 1.22267452855e-23, 4.96839231478e-24, 9.82568303739e-24, 9.65915607802e-24, 8.09309363176e-24, 6.16195148615e-24, 7.06849742223e-24, 1.61654481103e-23, 1.71903409315e-23, 7.8401674706e-24, 9.86799832521e-24, 8.65446677343e-24, 8.26392382737e-24, 8.44697978928e-24, 1.28944450443e-23, 1.19671161732e-23, 9.47230175084e-24, 1.00334208793e-23],
        "stdev": [0.00635077804327, 0.00684605259448, 0.0033443402499, 0.00206897291355, 0.000708388455678, 0.000341082952218, 0.000320646679029, 0.000401555240387, 0.000153728295118, 0.000143204073538, 0.000117473966384, 8.43486850499e-05, 6.42022059765e-05, 5.79073785048e-05, 3.87560830859e-05, 2.36659052462e-05, 2.9989729228e-05, 2.28215576499e-05, 4.00736789743e-05, 4.34984904132e-05, 3.72512477043e-05, 2.47931748163e-05, 2.82977634924e-05, 2.66806400759e-05, 2.50441207754e-05, 5.24826100445e-05, 3.24505854223e-05, 1.83019146789e-05, 7.79182573751e-06, 5.86022360949e-06, 6.70176268613e-06, 5.75554986426e-06, 4.69256065116e-06, 4.02405339628e-06, 5.21393940289e-06, 5.27951442564e-06, 5.81888889428e-06, 4.51674759461e-06, 4.08179357692e-06, 2.86872318611e-06],
        "var": [4.03323792852e-05, 4.68684374937e-05, 1.1184612049e-05, 4.28064868174e-06, 5.01814213294e-07, 1.16337574241e-07, 1.02814290415e-07, 1.61246603625e-07, 2.36323867142e-08, 2.05074073278e-08, 1.38001334804e-08, 7.11470127257e-09, 4.12192324717e-09, 3.35326433287e-09, 1.50203405269e-09, 5.600750419e-10, 8.99383845177e-10, 5.20823495442e-10, 1.60589963549e-09, 1.89211868395e-09, 1.387655435e-09, 6.14701511914e-10, 8.00763400033e-10, 7.11856573687e-10, 6.27207952242e-10, 2.75442446629e-09, 1.05304043263e-09, 3.34960087445e-10, 6.07125530405e-11, 3.434222004e-11, 4.49136249026e-11, 3.31263558251e-11, 2.20201235718e-11, 1.619300527e-11, 2.71851638423e-11, 2.78732748688e-11, 3.38594673133e-11, 2.04010090071e-11, 1.66610371333e-11, 8.22957240548e-12]
    },
    "melbands128": {
