{
"lowlevel": {
    "average_loudness": 0.979219079018,
    "barkbands_crest": {
        "dmean": 2.73194384575,
        "dmean2": 4.48538589478,
        "dvar": 7.10826444626,
        "dvar2": 16.8303127289,
        "max": 24.796333313,
        "mean": 11.6974821091,
        "median": 10.7410116196,
        "min": 2.66741323471,
        "stdev": 4.95496702194,
        "var": 24.5516967773
    },
    "barkbands_flatness_db": {
        "dmean": 0.0272926967591,
        "dmean2": 0.0433829762042,
        "dvar": 0.000832613324746,
        "dvar2": 0.00179573474452,
        "max": 0.413356274366,
        "mean": 0.150033354759,
        "median": 0.141619771719,
        "min": 0.027760386467,
        "stdev": 0.0533818006516,
        "var": 0.00284961680882
    },
    "barkbands_kurtosis": {
        "dmean": 5.49305534363,
        "dmean2": 8.72066402435,
        "dvar": 124.821990967,
        "dvar2": 268.54776001,
        "max": 213.66065979,
        "mean": 7.96623277664,
        "median": 3.4593667984,
        "min": -1.87128818035,
        "stdev": 14.3696603775,
        "var": 206.487136841
    },
    "barkbands_skewness": {
        "dmean": 0.732687175274,
        "dmean2": 1.15215158463,
        "dvar": 0.798303663731,
        "dvar2": 1.75804543495,
        "max": 10.8451185226,
        "mean": 2.1554274559,
        "median": 1.78270184994,
        "min": -1.30651712418,
        "stdev": 1.483325243,
        "var": 2.20025372505
    },
    "barkbands_spread": {
        "dmean": 8.08125114441,
        "dmean2": 12.7053098679,
        "dvar": 103.929733276,
        "dvar2": 233.96875,
        "max": 101.474479675,
        "mean": 23.3553752899,
        "median": 20.3858089447,
        "min": 0.552629947662,
        "stdev": 15.1628465652,
        "var": 229.911911011
    },
    "dissonance": {
        "dmean": 0.0288915690035,
        "dmean2": 0.0468819700181,
        "dvar": 0.000736419053283,
        "dvar2": 0.0018192268908,
        "max": 0.49995675683,
        "mean": 0.445046186447,
        "median": 0.453864246607,
        "min": 0.176147684455,
        "stdev": 0.0411638505757,
        "var": 0.00169446261134
    },
    "dynamic_complexity": 1.57330012321,
    "erbbands_crest": {
        "dmean": 2.83191609383,
        "dmean2": 4.58399820328,
        "dvar": 6.13669395447,
        "dvar2": 14.7120370865,
        "max": 23.7735652924,
        "mean": 9.04598426819,
        "median": 8.34966373444,
        "min": 2.6654355526,
        "stdev": 3.66273665428,
        "var": 13.4156398773
    },
    "erbbands_flatness_db": {
        "dmean": 0.0185359120369,
        "dmean2": 0.0271151550114,
        "dvar": 0.000323120999383,
        "dvar2": 0.000671729736496,
        "max": 0.326824128628,
        "mean": 0.146698996425,
        "median": 0.142620250583,
        "min": 0.0547865964472,
        "stdev": 0.0426217727363,
        "var": 0.0018166154623
    },
    "erbbands_kurtosis": {
        "dmean": 1.24117767811,
        "dmean2": 1.88650500774,
        "dvar": 1.98227083683,
        "dvar2": 4.44635486603,
        "max": 14.4844779968,
        "mean": 0.996151506901,
        "median": 0.395462274551,
        "min": -1.79194760323,
        "stdev": 2.22552227974,
        "var": 4.95294952393
    },
    "erbbands_skewness": {
        "dmean": 0.449522405863,
        "dmean2": 0.671867072582,
        "dvar": 0.199019938707,
        "dvar2": 0.44475954771,
        "max": 2.92876315117,
        "mean": 0.791551172733,
        "median": 0.803400456905,
        "min": -3.16691970825,
        "stdev": 0.786665976048,
        "var": 0.618843317032
    },
    "erbbands_spread": {
        "dmean": 11.9011087418,
        "dmean2": 18.3130626678,
        "dvar": 163.44569397,
        "dvar2": 348.285125732,
        "max": 150.880310059,
        "mean": 45.8189086914,
        "median": 42.6544647217,
        "min": 4.28687381744,
        "stdev": 21.5760917664,
        "var": 465.527740479
    },
    "hfc": {
        "dmean": 16.345993042,
        "dmean2": 26.0071735382,
        "dvar": 1274.41162109,
        "dvar2": 3261.70922852,
        "max": 435.708343506,
        "mean": 37.9399833679,
        "median": 33.0180397034,
        "min": 0.00103689706884,
        "stdev": 35.9253845215,
        "var": 1290.63317871
    },
    "loudness_ebu128": {
        "integrated": -10.0081968307,
        "loudness_range": 2.3231344223,
        "momentary": {
            "dmean": 0.554034233093,
            "dmean2": 0.701572537422,
            "dvar": 0.298836618662,
            "dvar2": 0.407958328724,
            "max": -6.87085199356,
            "mean": -10.3070716858,
            "median": -10.2472352982,
            "min": -16.650844574,
            "stdev": 1.68475866318,
            "var": 2.8384115696
        },
        "short_term": {
            "dmean": 0.0686849802732,
            "dmean2": 0.0783381015062,
            "dvar": 0.00446807965636,
            "dvar2": 0.00513606797904,
            "max": -8.74895858765,
            "mean": -10.1814575195,
            "median": -9.94886398315,
            "min": -11.9470367432,
            "stdev": 0.837283730507,
            "var": 0.701044023037
        }
    },
    "melbands_crest": {
        "dmean": 3.70249795914,
        "dmean2": 5.68339109421,
        "dvar": 12.2538547516,
        "dvar2": 26.8207702637,
        "max": 37.9487037659,
        "mean": 19.4255809784,
        "median": 17.6982421875,
        "min": 4.31689167023,
        "stdev": 8.78670024872,
        "var": 77.2061080933
    },
    "melbands_flatness_db": {
        "dmean": 0.0308233350515,
        "dmean2": 0.0463786534965,
        "dvar": 0.00124291318934,
        "dvar2": 0.00246152211912,
        "max": 0.511422634125,
        "mean": 0.209618747234,
        "median": 0.199674159288,
        "min": 0.0368789471686,
        "stdev": 0.068889990449,
        "var": 0.0047458303161
    },
    "melbands_kurtosis": {
        "dmean": 14.0941095352,
        "dmean2": 22.1924819946,
        "dvar": 1323.93701172,
        "dvar2": 3186.57397461,
        "max": 795.649475098,
        "mean": 23.1121730804,
        "median": 11.339140892,
        "min": -1.48989522457,
        "stdev": 40.7140197754,
        "var": 1657.63146973
    },
    "melbands_skewness": {
        "dmean": 1.01511514187,
        "dmean2": 1.53296780586,
        "dvar": 1.83031880856,
        "dvar2": 3.84267807007,
        "max": 20.3572044373,
        "mean": 3.28503465652,
        "median": 2.72639703751,
        "min": -0.00664142053574,
        "stdev": 2.25974035263,
        "var": 5.10642671585
    },
    "melbands_spread": {
        "dmean": 7.90661287308,
        "dmean2": 12.2325992584,
        "dvar": 171.321395874,
        "dvar2": 397.97845459,
        "max": 175.609802246,
        "mean": 21.4369335175,
        "median": 18.8919334412,
        "min": 0.282939553261,
        "stdev": 17.1421203613,
        "var": 293.852294922
    },
    "pitch_salience": {
        "dmean": 0.0828745365143,
        "dmean2": 0.134082376957,
        "dvar": 0.00715747568756,
        "dvar2": 0.0156739652157,
        "max": 0.859850287437,
        "mean": 0.514874458313,
        "median": 0.537984609604,
        "min": 0.116020843387,
        "stdev": 0.182369932532,
        "var": 0.0332587920129
    },
    "silence_rate_20dB": {
        "dmean": 0.00928792543709,
        "dmean2": 0.018590239808,
        "dvar": 0.00920154247433,
        "dvar2": 0.025990864262,
        "max": 1,
        "mean": 0.994586229324,
        "median": 1,
        "min": 0,
        "stdev": 0.0733783021569,
        "var": 0.00538437534124
    },
    "silence_rate_30dB": {
        "dmean": 0.0588235296309,
        "dmean2": 0.117738187313,
        "dvar": 0.0553635805845,
        "dvar2": 0.108522981405,
        "max": 1,
        "mean": 0.77184844017,
        "median": 1,
        "min": 0,
        "stdev": 0.419638991356,
        "var": 0.176096886396
    },
    "silence_rate_60dB": {
        "dmean": 0.00232198135927,
        "dmean2": 0.00387296662666,
        "dvar": 0.00231666211039,
        "dvar2": 0.00540697528049,
        "max": 1,
        "mean": 0.00154679035768,
        "median": 0,
        "min": 0,
        "stdev": 0.0392987206578,
        "var": 0.00154438940808
    },
    "spectral_centroid": {
        "dmean": 326.39453125,
        "dmean2": 496.179321289,
        "dvar": 174420.859375,
        "dvar2": 381292.71875,
        "max": 4650.7109375,
        "mean": 1287.09533691,
        "median": 1175.20031738,
        "min": 220.173461914,
        "stdev": 623.145629883,
        "var": 388310.46875
    },
    "spectral_complexity": {
        "dmean": 3.64396286011,
        "dmean2": 5.72734308243,
        "dvar": 14.7787675858,
        "dvar2": 31.925611496,
        "max": 50,
        "mean": 19.0580043793,
        "median": 19,
        "min": 0,
        "stdev": 6.59141731262,
        "var": 43.4467811584
    },
    "spectral_decrease": {
        "dmean": 6.97969237962e-09,
        "dmean2": 1.08321325243e-08,
        "dvar": 1.29475087272e-16,
        "dvar2": 3.0385597035e-16,
        "max": -4.23323946426e-13,
        "mean": -1.8274622704e-08,
        "median": -1.09080771082e-08,
        "min": -1.09771704615e-07,
        "stdev": 1.83699295775e-08,
        "var": 3.37454326296e-16
    },
    "spectral_energy": {
        "dmean": 0.0271106250584,
        "dmean2": 0.0420634746552,
        "dvar": 0.00187873968389,
        "dvar2": 0.00441688904539,
        "max": 0.415888011456,
        "mean": 0.0724139213562,
        "median": 0.0447967089713,
        "min": 1.69177508269e-06,
        "stdev": 0.0700355991721,
        "var": 0.00490498542786
    },
    "spectral_energyband_high": {
        "dmean": 0.00161050108727,
        "dmean2": 0.0025482152123,
        "dvar": 1.55133311637e-05,
        "dvar2": 3.9961112634e-05,
        "max": 0.0493757538497,
        "mean": 0.00255326204933,
        "median": 0.00171289930586,
        "min": 7.78887567776e-08,
        "stdev": 0.00386327481829,
        "var": 1.49248917296e-05
    },
    "spectral_energyband_low": {
        "dmean": 0.0189044624567,
        "dmean2": 0.0272063054144,
        "dvar": 0.00160132104065,
        "dvar2": 0.00339172501117,
        "max": 0.386123478413,
        "mean": 0.0433456636965,
        "median": 0.0137042310089,
        "min": 1.0081128039e-06,
        "stdev": 0.0641621798277,
        "var": 0.00411678571254
    },
    "spectral_energyband_middle_high": {
        "dmean": 0.00240847677924,
        "dmean2": 0.00360174197704,
        "dvar": 9.23974039324e-06,
        "dvar2": 2.07401226362e-05,
        "max": 0.0363471582532,
        "mean": 0.00628547323868,
        "median": 0.0052506881766,
        "min": 1.28857223558e-07,
        "stdev": 0.00481936754659,
        "var": 2.322630462e-05
    },
    "spectral_energyband_middle_low": {
        "dmean": 0.00879950542003,
        "dmean2": 0.0152381332591,
        "dvar": 0.000271192897344,
        "dvar2": 0.00078150635818,
        "max": 0.16567261517,
        "mean": 0.0176266487688,
        "median": 0.0157533474267,
        "min": 2.91582551881e-07,
        "stdev": 0.01446635928,
        "var": 0.000209275545785
    },
    "spectral_entropy": {
        "dmean": 0.212131232023,
        "dmean2": 0.331841975451,
        "dvar": 0.0473450422287,
        "dvar2": 0.107513912022,
        "max": 8.75716018677,
        "mean": 7.69550132751,
        "median": 7.73190498352,
        "min": 6.36167478561,
        "stdev": 0.381451040506,
        "var": 0.145504891872
    },
    "spectral_flux": {
        "dmean": 0.0478791743517,
        "dmean2": 0.0729429796338,
        "dvar": 0.00468632066622,
        "dvar2": 0.00754007324576,
        "max": 0.574918866158,
        "mean": 0.128108233213,
        "median": 0.101832635701,
        "min": 0.00130068254657,
        "stdev": 0.095023214817,
        "var": 0.0090294117108
    },
    "spectral_kurtosis": {
        "dmean": 1.32162046432,
        "dmean2": 2.12598371506,
        "dvar": 3.75476026535,
        "dvar2": 10.2927865982,
        "max": 30.5690002441,
        "mean": 2.66730093956,
        "median": 1.91956138611,
        "min": -1.23514246941,
        "stdev": 2.97693181038,
        "var": 8.86212348938
    },
    "spectral_rms": {
        "dmean": 0.00141442450695,
        "dmean2": 0.00216892454773,
        "dvar": 3.58388524546e-06,
        "dvar2": 8.12486177892e-06,
        "max": 0.0201430972666,
        "mean": 0.00759908044711,
        "median": 0.00661090807989,
        "min": 4.06264989579e-05,
        "stdev": 0.00359190418385,
        "var": 1.29017753352e-05
    },
    "spectral_rolloff": {
        "dmean": 660.07989502,
        "dmean2": 1119.20898438,
        "dvar": 1651215.375,
        "dvar2": 3877762.75,
        "max": 10292.8710938,
        "mean": 1273.59204102,
        "median": 861.328125,
        "min": 43.06640625,
        "stdev": 1576.48486328,
        "var": 2485304.5
    },
    "spectral_skewness": {
        "dmean": 0.245489016175,
        "dmean2": 0.379173457623,
        "dvar": 0.0616168268025,
        "dvar2": 0.138523384929,
        "max": 3.85144805908,
        "mean": 1.41577351093,
        "median": 1.38674485683,
        "min": 0.0381388626993,
        "stdev": 0.450851023197,
        "var": 0.203266635537
    },
    "spectral_spread": {
        "dmean": 941748.5,
        "dmean2": 1415748.125,
        "dvar": 1.13032862106e+12,
        "dvar2": 2.40406337946e+12,
        "max": 23319954,
        "mean": 6483647.5,
        "median": 6651150.5,
        "min": 1396647.625,
        "stdev": 1845229.125,
        "var": 3.40487071334e+12
    },
    "spectral_strongpeak": {
        "dmean": 0.453621089458,
        "dmean2": 0.749608516693,
        "dvar": 0.478417634964,
        "dvar2": 1.2205671072,
        "max": 6.43508577347,
        "mean": 0.855167686939,
        "median": 0.517566978931,
        "min": 0,
        "stdev": 0.923288941383,
        "var": 0.852462470531
    },
    "zerocrossingrate": {
        "dmean": 0.0137402797118,
        "dmean2": 0.0160607080907,
        "dvar": 0.000234872801229,
        "dvar2": 0.000309481139993,
        "max": 0.2890625,
        "mean": 0.0627828463912,
        "median": 0.0576171875,
        "min": 0.00244140625,
        "stdev": 0.0365685410798,
        "var": 0.00133725826163
    },
    "barkbands": {
        "dmean": [0.00888668559492, 0.0138343535364, 0.00439187511802, 0.00246502715163, 0.00222254078835, 0.00219453591853, 0.00179169978946, 0.00198874226771, 0.00206071557477, 0.00126445875503, 0.000763675896451, 0.000644263694994, 0.000513985636644, 0.000348913192283, 0.000263764028205, 0.000224292874918, 0.000248327705776, 0.000132522443892, 0.000169969891431, 0.000195799177163, 0.000237362692133, 0.000367772619938, 0.000370556721464, 0.00047738669673, 0.000316570018185, 9.20476959436e-05, 4.99136103826e-06],
        "dmean2": [0.0160374343395, 0.0193363763392, 0.00817267596722, 0.00434583704919, 0.00383440940641, 0.00362636731006, 0.00295141292736, 0.00317763350904, 0.0033446890302, 0.00194094714243, 0.00117181765381, 0.000991179957055, 0.000816962856334, 0.000550210475922, 0.000417493924033, 0.000358635967132, 0.000389470980735, 0.000215094900341, 0.000284080859274, 0.00032536307117, 0.000383910664823, 0.000574589765165, 0.000593401142396, 0.000779920723289, 0.000503899995238, 0.000148228631588, 9.04497483134e-06],
        "dvar": [0.000438608753029, 0.00126825110056, 0.000283259520074, 5.06533433509e-05, 2.92415425065e-05, 6.08794725849e-05, 1.11543577077e-05, 7.96376480139e-06, 1.99713213078e-05, 6.67474796501e-06, 1.71063220478e-06, 1.60256570325e-06, 7.70487986301e-07, 4.81756785575e-07, 3.04641645243e-07, 1.96047878376e-07, 1.80519464266e-07, 6.03083378792e-08, 1.86622159504e-07, 2.99072127063e-07, 5.761141324e-07, 4.70118237672e-07, 8.90485864602e-07, 1.04457751604e-06, 4.07012208825e-07, 6.02436358577e-08, 4.36563868389e-10],
        "dvar2": [0.00146143801976, 0.00276994938031, 0.000821504276246, 0.000150708146975, 8.30637800391e-05, 0.000173063541297, 2.70746477327e-05, 1.78388345375e-05, 5.47409290448e-05, 1.56355781655e-05, 4.04058528147e-06, 3.42864859704e-06, 1.73069224729e-06, 1.18405387184e-06, 7.36556557968e-07, 4.66923637532e-07, 4.38183633378e-07, 1.5197761627e-07, 4.88952025535e-07, 7.7641095686e-07, 1.53164478434e-06, 1.12408383757e-06, 2.29609690905e-06, 2.65081621365e-06, 1.01771286154e-06, 1.52864842562e-07, 1.21094145822e-09],
        "max": [0.221290156245, 0.327243328094, 0.141851007938, 0.0691414773464, 0.044850975275, 0.13047632575, 0.0468069501221, 0.0262824334204, 0.0510478019714, 0.0225351732224, 0.013564617373, 0.0190766267478, 0.00913831591606, 0.0128224110231, 0.00740291411057, 0.00694832997397, 0.00633337954059, 0.00292599759996, 0.00524661596864, 0.00604015961289, 0.0108340438455, 0.00878902245313, 0.0105536459014, 0.0127366660163, 0.0071473014541, 0.00325237424113, 0.000286746566417],
        "mean": [0.0148005103692, 0.0285005122423, 0.00296263745986, 0.0029117485974, 0.00269883661531, 0.00310129160061, 0.00257726386189, 0.00305311870761, 0.00257490598597, 0.00184884131886, 0.00111735158134, 0.000887409376446, 0.000711340398993, 0.000464281882159, 0.000377757882234, 0.000323144195136, 0.000368548411643, 0.000194760461454, 0.000236028790823, 0.000257427716861, 0.000303250417346, 0.000548243406229, 0.000421277247369, 0.00063810357824, 0.000425986596383, 0.000105594815977, 3.76074603992e-06],
        "median": [0.00286181923002, 0.00716931652278, 0.000311485549901, 0.00136848946568, 0.00139076239429, 0.00144564872608, 0.00118985795416, 0.0014049228048, 0.00103192753159, 0.00068251916673, 0.000559972657356, 0.000322210980812, 0.000245193747105, 0.000170985935256, 0.000156069974764, 0.000160100491485, 0.000181179799256, 0.00010242582357, 0.000114656235382, 9.64093269431e-05, 0.000121633056551, 0.000301192543702, 0.000127718187287, 0.000334782380378, 0.000162155178259, 4.02433142881e-05, 2.19327986883e-07],
        "min": [5.12338225178e-08, 2.47726745783e-07, 1.21026033639e-07, 8.38770262135e-08, 5.25660652784e-08, 7.92147005768e-08, 5.71919649417e-08, 1.3329991333e-08, 5.18541476424e-09, 1.80810888484e-09, 2.22253948579e-09, 3.78352860153e-09, 2.3685635675e-09, 2.80689178567e-08, 3.09466194892e-08, 1.27778942982e-08, 2.56224197415e-08, 1.20753096411e-08, 5.76111647277e-09, 4.5370840418e-09, 3.92328036725e-09, 2.84193593103e-08, 9.01033736511e-09, 2.01999696969e-08, 5.22472598519e-09, 2.44485431899e-09, 4.22616911085e-13],
        "stdev": [0.0300451442599, 0.0506006851792, 0.0126402676105, 0.00570938689634, 0.00455675926059, 0.00647517992184, 0.00401504337788, 0.00386063451879, 0.00420037424192, 0.00316429929808, 0.00164426234551, 0.00161604362074, 0.00115225615446, 0.000853126053698, 0.000651717418805, 0.000505533651449, 0.00053513929015, 0.000291537115118, 0.000424069236033, 0.000531834550202, 0.000711376487743, 0.000806660100352, 0.000898834841792, 0.0010339228902, 0.000705222715624, 0.000236154068261, 1.68394890352e-05],
        "var": [0.000902710715309, 0.00256042927504, 0.000159776376677, 3.25971013808e-05, 2.07640568988e-05, 4.19279531343e-05, 1.61205734912e-05, 1.49044990394e-05, 1.76431422005e-05, 1.00127899714e-05, 2.70359873866e-06, 2.61159698312e-06, 1.32769412176e-06, 7.27824101432e-07, 4.24735617344e-07, 2.55564287954e-07, 2.86374074676e-07, 8.49938857073e-08, 1.79834728442e-07, 2.82847963717e-07, 5.06056494487e-07, 6.50700485494e-07, 8.07904029898e-07, 1.06899665298e-06, 4.97339101457e-07, 5.57687407365e-08, 2.83568363235e-10]
    },
    "erbbands": {
        "dmean": [0.668725192547, 2.74088740349, 5.07269620895, 6.86794042587, 8.18636989594, 7.34608650208, 7.64146757126, 23.5385780334, 24.2873020172, 38.1898384094, 31.3811912537, 46.1257858276, 46.4640388489, 29.6279983521, 31.0892353058, 26.8720588684, 23.5573368073, 18.6011657715, 14.3524169922, 11.3949451447, 11.6489620209, 12.8578691483, 8.28151416779, 7.55559396744, 9.11079406738, 9.15404605865, 8.30572795868, 11.097661972, 13.647228241, 11.2384004593, 10.7532997131, 11.335562706, 7.51315784454, 4.37815570831, 1.9033819437, 0.543099999428, 0.162228018045, 0.0207982845604, 0.000552891229745, 4.53091197414e-05],
        "dmean2": [0.866459965706, 4.36183834076, 9.38544750214, 12.4274291992, 13.7658748627, 12.8891105652, 12.8883485794, 38.9288825989, 40.7284851074, 61.3693237305, 48.9582328796, 72.2820205688, 77.8834609985, 43.9636688232, 47.9785575867, 41.0563583374, 36.0728034973, 28.5525665283, 22.8010883331, 17.6220359802, 18.1211853027, 20.0246562958, 13.3597259521, 12.4966964722, 15.151058197, 15.1102933884, 13.6669855118, 17.5014438629, 21.3301315308, 17.6743679047, 17.4073848724, 18.5295619965, 12.1698312759, 6.99404525757, 3.01394486427, 0.856716752052, 0.268082857132, 0.0361120142043, 0.000965882500168, 7.23311823094e-05],
        "dvar": [2.41335988045, 73.434928894, 371.892059326, 490.750061035, 346.782348633, 353.450134277, 286.969055176, 7068.984375, 3259.00146484, 2934.921875, 2720.42016602, 7044.18505859, 20399.2695312, 2468.75463867, 2999.70629883, 2651.69360352, 1538.84399414, 1233.50158691, 737.039550781, 519.920959473, 496.49899292, 454.593658447, 240.559844971, 273.671569824, 716.494934082, 688.017883301, 722.150268555, 1057.6439209, 720.150085449, 634.94720459, 711.401245117, 596.82824707, 268.926818848, 82.412612915, 13.9238920212, 1.72387087345, 0.20727019012, 0.00641869008541, 4.3412865125e-06, 7.0481327441e-09],
        "dvar2": [4.86632680893, 187.112472534, 1051.10571289, 1454.10388184, 997.504821777, 997.196350098, 745.722290039, 20105.4101562, 8629.94433594, 6938.07666016, 6097.37011719, 18142.0273438, 56345.5039062, 5245.05517578, 6781.93945312, 5321.72949219, 3344.80859375, 3039.15942383, 1799.97485352, 1235.95800781, 1216.20410156, 1070.25476074, 605.69934082, 695.21307373, 1927.27734375, 1790.16711426, 1955.31176758, 2738.61035156, 1727.53759766, 1661.54296875, 1843.64868164, 1534.65380859, 683.332397461, 207.095306396, 35.2489242554, 4.41653203964, 0.530730307102, 0.0176327396184, 1.1834248653e-05, 1.79618577789e-08],
        "max": [17.5620670319, 75.8261642456, 150.756729126, 208.098678589, 185.102783203, 181.560501099, 260.88571167, 1416.00695801, 811.331359863, 645.338195801, 717.202514648, 976.234375, 1511.79064941, 582.011047363, 569.465881348, 843.438415527, 431.62789917, 685.012878418, 343.801818848, 363.397827148, 321.983428955, 276.927429199, 198.825424194, 287.711303711, 295.397338867, 316.06137085, 344.931854248, 465.863861084, 406.421051025, 299.634185791, 301.484802246, 282.970855713, 188.926681519, 108.229095459, 34.7565078735, 15.2330303192, 5.93303251266, 1.21779859066, 0.027636565268, 0.00106018129736],
        "mean": [1.59549593925, 3.43611288071, 3.63797974586, 6.73594808578, 11.1243305206, 8.10359573364, 9.20271778107, 34.3761177063, 34.782245636, 61.7269439697, 49.452545166, 62.9844779968, 58.6827011108, 50.0767478943, 45.2194976807, 39.3358001709, 35.6956748962, 27.8748912811, 21.4953632355, 17.5147457123, 18.2306728363, 20.3106212616, 12.9757585526, 11.2842569351, 12.0131645203, 12.1046915054, 10.7256069183, 14.3899517059, 20.3633651733, 14.6638278961, 12.1187391281, 14.1962623596, 9.72233963013, 5.78461027145, 2.44337654114, 0.655334591866, 0.177485957742, 0.0196475554258, 0.000556725193746, 0.000108008418465],
        "median": [0.435005009174, 0.505112349987, 0.375548630953, 2.98621797562, 6.6090722084, 3.24948954582, 3.86854934692, 15.9631385803, 16.5190353394, 32.8314743042, 23.4343738556, 30.1334495544, 22.1293506622, 22.905090332, 23.4323577881, 16.258813858, 14.0332536697, 12.6408014297, 9.76011276245, 8.44959354401, 9.59792900085, 10.2155561447, 7.14573335648, 5.67898607254, 5.76085233688, 4.7326426506, 4.33738183975, 6.03344297409, 9.89671611786, 6.92616271973, 3.61366486549, 5.48892641068, 4.99662256241, 2.30878281593, 0.89364784956, 0.26758569479, 0.0629783496261, 0.00472740642726, 0.000186403180123, 7.83925279393e-05],
        "min": [2.22607468459e-05, 9.79357355391e-05, 0.000218209985178, 0.000274137506494, 0.00021323733381, 0.000153969231178, 0.000328866066411, 0.000745417491999, 0.000910206523258, 0.000558550353162, 0.000242250069277, 0.000126847400679, 4.61080526293e-05, 8.84914697963e-05, 0.000123194535263, 0.000134943751618, 0.000119542943139, 0.000849594944157, 0.00230686110444, 0.00084228819469, 0.000934346346185, 0.00134574668482, 0.000766919751186, 0.000373970484361, 0.000295528356219, 0.000196221881197, 0.000135334674269, 0.000264960195636, 0.00117288855836, 0.000389016204281, 0.00035610224586, 0.00033627107041, 0.000342429819284, 0.000117278032121, 1.33970661409e-05, 2.62445792032e-05, 7.07694380253e-06, 4.62320031147e-07, 1.3387926856e-07, 1.30501298656e-08],
        "stdev": [2.54786252975, 8.63125801086, 14.9585771561, 16.9045562744, 16.2697086334, 15.9476947784, 16.5921211243, 70.7389678955, 60.305606842, 71.2957992554, 70.8949279785, 89.8287887573, 130.30581665, 72.5194854736, 65.5596008301, 70.263168335, 54.4719848633, 44.0000152588, 33.765171051, 27.8170280457, 26.1635227203, 28.1985454559, 18.5272655487, 17.8922615051, 24.3947105408, 25.3498744965, 24.3127822876, 32.4504585266, 31.5215950012, 25.3175697327, 25.5050163269, 24.9008655548, 16.4208850861, 9.8047952652, 4.08658313751, 1.30398404598, 0.422485440969, 0.0661420375109, 0.00173659611028, 0.000102822683402],
        "var": [6.49160385132, 74.4986190796, 223.759033203, 285.764038086, 264.703399658, 254.328964233, 275.298492432, 5004.00195312, 3636.76635742, 5083.09082031, 5026.09130859, 8069.2109375, 16979.6054688, 5259.07617188, 4298.06103516, 4936.91259766, 2967.19702148, 1936.00134277, 1140.08679199, 773.78704834, 684.529968262, 795.157958984, 343.259552002, 320.133026123, 595.101867676, 642.616149902, 591.11138916, 1053.03234863, 993.610961914, 640.979370117, 650.505859375, 620.053100586, 269.645477295, 96.1340179443, 16.7001609802, 1.70037436485, 0.178493946791, 0.00437476905063, 3.01576619677e-06, 1.05725037614e-08]
    },
    "gfcc": {
        "mean": [40.6819496155, 73.4046859741, -105.898681641, 20.713842392, -78.6173171997, 24.3182086945, -40.0339813232, 15.5847530365, -20.1046886444, 6.31024265289, -15.5413188934, 3.29880738258, -10.002412796],
        "cov": [[2843.6484375, -1044.22253418, 740.818786621, 439.626678467, 162.183441162, 574.5859375, 21.9436378479, 387.570251465, 109.278587341, 281.38192749, 18.4418830872, 160.74786377, -63.1948661804], [-1044.22253418, 1277.67321777, -73.3983917236, -19.1871509552, 321.2890625, -133.087890625, 278.372070312, -48.3438720703, 123.857902527, -59.4453010559, 164.757797241, -0.333993136883, 144.346481323], [740.818786621, -73.3983917236, 936.347412109, 425.636077881, 182.985137939, 303.237060547, 134.566268921, 193.776168823, 148.089248657, 129.951705933, 92.0210342407, 149.344894409, 57.2290649414], [439.626678467, -19.1871509552, 425.636077881, 607.25, 264.413665771, 160.844360352, 70.6045150757, 94.5522232056, 201.89616394, 72.4255523682, 121.440086365, 83.9187698364, 82.4566421509], [162.183441162, 321.2890625, 182.985137939, 264.413665771, 494.115478516, 149.958984375, 165.126098633, 147.008850098, 172.120910645, 117.497955322, 124.054023743, 62.0877380371, 95.4167938232], [574.5859375, -133.087890625, 303.237060547, 160.844360352, 149.958984375, 347.477416992, 152.783309937, 152.55758667, 86.8629760742, 113.027534485, 54.2258300781, 60.9583015442, 36.4168663025], [21.9436378479, 278.372070312, 134.566268921, 70.6045150757, 165.126098633, 152.783309937, 417.039428711, 143.109649658, 41.3663139343, 128.264480591, 70.9841461182, 61.2027549744, 116.93611145], [387.570251465, -48.3438720703, 193.776168823, 94.5522232056, 147.008850098, 152.55758667, 143.109649658, 260.68057251, 88.7094802856, 121.9220047, 69.975982666, 57.8315467834, 65.3809738159], [109.278587341, 123.857902527, 148.089248657, 201.89616394, 172.120910645, 86.8629760742, 41.3663139343, 88.7094802856, 241.726409912, 44.3847961426, 90.1965332031, 50.6261253357, 49.6662101746], [281.38192749, -59.4453010559, 129.951705933, 72.4255523682, 117.497955322, 113.027534485, 128.264480591, 121.9220047, 44.3847961426, 229.019668579, 43.6014289856, 37.0046195984, 90.6590957642], [18.4418830872, 164.757797241, 92.0210342407, 121.440086365, 124.054023743, 54.2258300781, 70.9841461182, 69.975982666, 90.1965332031, 43.6014289856, 156.992263794, 37.3003425598, 42.6222801208], [160.74786377, -0.333993136883, 149.344894409, 83.9187698364, 62.0877380371, 60.9583015442, 61.2027549744, 57.8315467834, 50.6261253357, 37.0046195984, 37.3003425598, 124.887191772, 36.9349708557], [-63.1948661804, 144.346481323, 57.2290649414, 82.4566421509, 95.4167938232, 36.4168663025, 116.93611145, 65.3809738159, 49.6662101746, 90.6590957642, 42.6222801208, 36.9349708557, 168.823257446]],
        "icov": [[0.00095920288004, 0.000488074787427, -0.000147498300066, -0.000321187748341, -0.000146931372001, -0.00080774287926, 0.000267598108621, -0.000703145633452, 0.00023281898757, -0.000468029931653, 0.000195901142433, -0.000404962309403, 0.000714837398846], [0.000488074787427, 0.00317239179276, -0.000975631759502, 0.00170413602609, -0.00236232811585, 0.00166965182871, -0.00224293069914, 0.00180295703467, -0.00129411928356, 0.0020617346745, -0.00229004956782, 0.00109305500519, -0.00158844003454], [-0.000147498300066, -0.000975631759502, 0.00252793193795, -0.00183082208969, 0.0011172114173, -0.00158596981782, 0.000756370078307, -0.00117187493015, 0.000639139208943, -0.000883870874532, 0.000866653339472, -0.00173852883745, 0.000905016786419], [-0.000321187748341, 0.00170413602609, -0.00183082208969, 0.00484026409686, -0.00239141285419, 0.00141537841409, -0.00122226995882, 0.00249222503044, -0.0023725705687, 0.00189651432447, -0.00236429623328, 0.00110103853513, -0.00235745520331], [-0.000146931372001, -0.00236232811585, 0.0011172114173, -0.00239141285419, 0.00545971328393, -0.00184686318971, 0.0011932819616, -0.00212813750841, -6.92422036082e-05, -0.00225280271843, 0.000968949869275, -0.000922416045796, 0.00125170289539], [-0.00080774287926, 0.00166965182871, -0.00158596981782, 0.00141537841409, -0.00184686318971, 0.00747387716547, -0.00300575466827, 0.000836850435007, -0.00166200217791, 0.00102354341652, -0.00141997530591, 0.00134398113005, -0.000690361659508], [0.000267598108621, -0.00224293069914, 0.000756370078307, -0.00122226995882, 0.0011932819616, -0.00300575466827, 0.00595906144008, -0.00268283486366, 0.00211004912853, -0.00233668158762, 0.00129513931461, -0.00176918972284, -6.20037681074e-05], [-0.000703145633452, 0.00180295703467, -0.00117187493015, 0.00249222503044, -0.00212813750841, 0.000836850435007, -0.00268283486366, 0.00921113416553, -0.00236253882758, 0.000232027683523, -0.00283550703898, 0.000716614420526, -0.00218191719614], [0.00023281898757, -0.00129411928356, 0.000639139208943, -0.0023725705687, -6.92422036082e-05, -0.00166200217791, 0.00211004912853, -0.00236253882758, 0.00803971663117, -0.000675696996041, -0.000673925853334, -0.00157264969312, 0.000498705951031], [-0.000468029931653, 0.0020617346745, -0.000883870874532, 0.00189651432447, -0.00225280271843, 0.00102354341652, -0.00233668158762, 0.000232027683523, -0.000675696996041, 0.00930268224329, -0.00198276876472, 0.00152251927648, -0.0046128872782], [0.000195901142433, -0.00229004956782, 0.000866653339472, -0.00236429623328, 0.000968949869275, -0.00141997530591, 0.00129513931461, -0.00283550703898, -0.000673925853334, -0.00198276876472, 0.0114055741578, -0.00184697064105, 0.00163961388171], [-0.000404962309403, 0.00109305500519, -0.00173852883745, 0.00110103853513, -0.000922416045796, 0.00134398113005, -0.00176918972284, 0.000716614420526, -0.00157264969312, 0.00152251927648, -0.00184697064105, 0.0116225918755, -0.00228668004274], [0.000714837398846, -0.00158844003454, 0.000905016786419, -0.00235745520331, 0.00125170289539, -0.000690361659508, -6.20037681074e-05, -0.00218191719614, 0.000498705951031, -0.0046128872782, 0.00163961388171, -0.00228668004274, 0.0111398976296]]
    },
    "melbands": {
        "dmean": [0.00487509882078, 0.00274447677657, 0.00120415550191, 0.000529424345586, 0.000277854909655, 0.000494685955346, 0.000373608578229, 0.000441804382717, 0.000248307565926, 0.000314503122354, 0.000231834637816, 0.000124803118524, 9.58080563578e-05, 7.55184446461e-05, 5.50449294678e-05, 6.21319049969e-05, 3.62852697435e-05, 2.47268326348e-05, 1.8944077965e-05, 1.66542195075e-05, 1.47124455907e-05, 1.50679006765e-05, 9.99711392069e-06, 5.78852996114e-06, 6.62310321786e-06, 7.04217609382e-06, 7.46721525502e-06, 5.74080149818e-06, 5.35390336154e-06, 5.01916565554e-06, 7.40417090128e-06, 8.24980543257e-06, 7.54835491534e-06, 6.19632783128e-06, 6.29838814348e-06, 7.04336252966e-06, 7.0820738074e-06, 5.42479529031e-06, 4.74101989312e-06, 3.60386343345e-06],
        "dmean2": [0.00668806862086, 0.00470993248746, 0.00213528168388, 0.000917990750168, 0.000470675440738, 0.000817855296191, 0.000624123262241, 0.000704746227711, 0.00038170767948, 0.000500445021316, 0.000387600273825, 0.000183148280485, 0.000148447637912, 0.000116108683869, 8.58590137796e-05, 9.69566608546e-05, 5.6858832977e-05, 3.99891541747e-05, 2.9981309126e-05, 2.67056275334e-05, 2.31771118706e-05, 2.36198502535e-05, 1.57517588377e-05, 9.53496237344e-06, 1.10581158879e-05, 1.16993278425e-05, 1.24719390442e-05, 9.4205051937e-06, 8.96001802175e-06, 8.04623959993e-06, 1.16846213132e-05, 1.28996098283e-05, 1.16249248094e-05, 9.6498088169e-06, 1.02208223325e-05, 1.16120227176e-05, 1.16387745948e-05, 8.79556228028e-06, 7.67047185946e-06, 5.7997199292e-06],
        "dvar": [0.000120075586892, 8.58299827087e-05, 1.32203012981e-05, 1.57787144417e-06, 3.63381474244e-07, 3.10901782541e-06, 7.2019105346e-07, 3.72992190023e-07, 1.92806169252e-07, 4.04850823088e-07, 5.00872261e-07, 4.52328663414e-08, 2.82908345639e-08, 2.23579501579e-08, 9.74589742242e-09, 1.13192770712e-08, 6.09587269551e-09, 2.17250217815e-09, 1.73162650885e-09, 1.19276977184e-09, 8.29116719725e-10, 6.89892587502e-10, 3.22936677399e-10, 1.15002035672e-10, 2.1511588344e-10, 4.71482519693e-10, 5.23026788546e-10, 2.26212326648e-10, 3.11575792944e-10, 2.08994724304e-10, 4.46798681386e-10, 2.73073619272e-10, 1.78301984288e-10, 2.32823718638e-10, 2.73026795616e-10, 2.20333015721e-10, 2.4584786984e-10, 1.24343785268e-10, 9.6269874017e-11, 5.5800340043e-11],
        "dvar2": [0.000248870579526, 0.000227878554142, 3.89574852306e-05, 4.50223296866e-06, 9.66529455582e-07, 8.83668781171e-06, 1.88532840184e-06, 8.64185381033e-07, 4.16622810917e-07, 1.0765946854e-06, 1.3768202507e-06, 9.24914687062e-08, 6.69790125585e-08, 4.97237415686e-08, 2.02416234885e-08, 2.52701450876e-08, 1.53353632015e-08, 5.31504174006e-09, 4.11357037322e-09, 2.77530221027e-09, 2.09636308313e-09, 1.62671121018e-09, 7.53055340308e-10, 2.94743340845e-10, 5.52515089236e-10, 1.30055621828e-09, 1.36053646127e-09, 5.89549742358e-10, 8.57381721175e-10, 5.30807675592e-10, 1.16737153277e-09, 6.59873267139e-10, 4.45727704745e-10, 6.10517580935e-10, 7.14796499768e-10, 5.78074421664e-10, 6.20971496446e-10, 3.15093950931e-10, 2.39640807198e-10, 1.40433720208e-10],
        "max": [0.114609703422, 0.0744872242212, 0.0327548347414, 0.0103691881523, 0.00714763114229, 0.0297550987452, 0.0114920893684, 0.00607010535896, 0.00539014581591, 0.00754434615374, 0.00739274825901, 0.00262847705744, 0.00197912706062, 0.00193569948897, 0.00205731554888, 0.00123990990687, 0.00155243824702, 0.000527658499777, 0.000556526472792, 0.000527774041984, 0.000360672478564, 0.000400059419917, 0.000234167760937, 0.000114549206046, 0.000271372526186, 0.000255737279076, 0.000235889747273, 0.00017776338791, 0.000249770790106, 0.000199404166779, 0.000295589386951, 0.00026910242741, 0.000141873664688, 0.000184342221473, 0.000204363110242, 0.000135584341479, 0.000186040313565, 0.000125480321003, 0.000115458838991, 8.42898298288e-05],
        "mean": [0.0114069180563, 0.00258334819227, 0.00134674459696, 0.00068435195135, 0.000329169473844, 0.000722554104868, 0.000527989817783, 0.000701956101693, 0.000378346187063, 0.000409735570429, 0.000287004950223, 0.000204132244107, 0.000138550836709, 0.000109762739157, 7.79980910011e-05, 8.34084639791e-05, 4.8556146794e-05, 3.47030872945e-05, 2.71629032795e-05, 2.28643439186e-05, 2.14041483559e-05, 2.24721879931e-05, 1.50195901369e-05, 8.6091195044e-06, 9.16491626413e-06, 8.57971554069e-06, 9.38203447731e-06, 7.40275982025e-06, 6.38307301415e-06, 6.58118415231e-06, 9.0177572929e-06, 1.19200949484e-05, 1.02048152257e-05, 7.30064766685e-06, 6.60876276015e-06, 7.96907988843e-06, 8.77449929249e-06, 6.772209872e-06, 5.90348736296e-06, 4.5716369641e-06],
        "median": [0.00328481313772, 0.000310989504214, 0.000701064593159, 0.00039660173934, 0.000147465019836, 0.000352610426489, 0.000228008299018, 0.000360961596016, 0.000155038593221, 0.000182665637112, 0.000104312559415, 8.7703949248e-05, 7.17751827324e-05, 4.87767392769e-05, 2.71035842161e-05, 2.80151962215e-05, 1.8694649043e-05, 1.44422820085e-05, 1.06424831756e-05, 1.06829475044e-05, 1.08113772512e-05, 1.08192280095e-05, 7.15841770216e-06, 4.41280917585e-06, 3.97275925934e-06, 3.72936256099e-06, 3.36457651429e-06, 2.82923747363e-06, 2.49787240136e-06, 2.55061104326e-06, 3.302785899e-06, 5.14786188432e-06, 5.43142778042e-06, 2.59682497017e-06, 1.69120653482e-06, 2.147082796e-06, 3.318428071e-06, 3.23883637066e-06, 2.54729388871e-06, 1.51734900555e-06],
        "min": [1.03325618284e-07, 1.17480269068e-07, 4.55417925593e-08, 1.22188179574e-08, 1.04250021948e-08, 1.66467408746e-08, 1.346000289e-08, 5.28021582014e-09, 1.71430880602e-09, 7.06016300978e-10, 2.08409164926e-10, 3.48816781015e-10, 3.44591521984e-10, 4.89836837758e-10, 1.75942066472e-10, 3.31789734576e-10, 1.74919356777e-09, 4.04953137689e-09, 1.78173009679e-09, 7.40358829798e-10, 1.2724882259e-09, 1.66980040905e-09, 6.46142916949e-10, 6.23562590452e-10, 2.54229193253e-10, 2.69242822482e-10, 1.97444033345e-10, 9.82828124441e-11, 8.39895583638e-11, 1.04304273552e-10, 1.3653528308e-10, 6.82674361485e-10, 5.7350257876e-10, 8.55861215232e-11, 8.8531352388e-12, 8.36216929034e-11, 2.53686210927e-10, 1.31834723693e-10, 1.49752293899e-10, 8.25213924971e-11],
        "stdev": [0.0176784060895, 0.00810959003866, 0.0028267914895, 0.00105788663495, 0.000565444002859, 0.00147208059207, 0.000897322606761, 0.000839450862259, 0.000609773327596, 0.000639635371044, 0.000650136673357, 0.000312736490741, 0.000198844456463, 0.000186526987818, 0.000130627464387, 0.000139908472192, 9.18638615985e-05, 5.74630903429e-05, 4.94134837936e-05, 3.94571143261e-05, 3.26567278535e-05, 3.34960241162e-05, 2.3274549676e-05, 1.22712499433e-05, 1.56994974532e-05, 1.92872357729e-05, 2.13431230804e-05, 1.50210589709e-05, 1.55715351866e-05, 1.45815374708e-05, 2.10883990803e-05, 1.95638622245e-05, 1.53739802045e-05, 1.48054168676e-05, 1.53940763994e-05, 1.47906557686e-05, 1.60039217008e-05, 1.1366731087e-05, 1.03526244857e-05, 8.16242754809e-06],
        "var": [0.00031252601184, 6.57654454699e-05, 7.99075041868e-06, 1.11912413558e-06, 3.19726950693e-07, 2.1670211936e-06, 8.05187880815e-07, 7.04677745489e-07, 3.71823546175e-07, 4.09133377843e-07, 4.22677658207e-07, 9.78041185817e-08, 3.95391204222e-08, 3.47923183597e-08, 1.70635345853e-08, 1.9574381227e-08, 8.43896863501e-09, 3.30200666809e-09, 2.44169240382e-09, 1.55686374903e-09, 1.06646180775e-09, 1.12198361713e-09, 5.41704681112e-10, 1.50583573388e-10, 2.46474229915e-10, 3.71997488369e-10, 4.55528864629e-10, 2.25632207362e-10, 2.42472708578e-10, 2.12621226181e-10, 4.44720565929e-10, 3.82744724803e-10, 2.36359265493e-10, 2.19200380069e-10, 2.36977576451e-10, 2.18763507309e-10, 2.56125537446e-10, 1.29202565313e-10, 1.07176829911e-10, 6.66252192305e-11]
    },
    "melbands128": {
