{
"lowlevel": {
    "average_loudness": 0.930403769016,
    "barkbands_crest": {
        "dmean": 2.42949557304,
        "dmean2": 3.78959918022,
        "dvar": 6.91460227966,
        "dvar2": 16.8595256805,
        "max": 25.7940578461,
        "mean": 11.6649990082,
        "median": 11.2602930069,
        "min": 2.58770346642,
        "stdev": 4.76583099365,
        "var": 22.7131443024
    },
    "barkbands_flatness_db": {
        "dmean": 0.0343469828367,
        "dmean2": 0.0477980040014,
        "dvar": 0.00129622826353,
        "dvar2": 0.00214678957127,
        "max": 0.480286031961,
        "mean": 0.195217177272,
        "median": 0.184372186661,
        "min": 0.0320851095021,
        "stdev": 0.0796912759542,
        "var": 0.00635069888085
    },
    "barkbands_kurtosis": {
        "dmean": 9.76105499268,
        "dmean2": 14.9700431824,
        "dvar": 437.392913818,
        "dvar2": 1006.71881104,
        "max": 258.688171387,
        "mean": 13.7933616638,
        "median": 3.86206436157,
        "min": -1.90455269814,
        "stdev": 27.3810768127,
        "var": 749.723388672
    },
    "barkbands_skewness": {
        "dmean": 0.976901769638,
        "dmean2": 1.44576156139,
        "dvar": 1.39976251125,
        "dvar2": 2.84624123573,
        "max": 13.3635721207,
        "mean": 2.41232299805,
        "median": 1.75144886971,
        "min": -3.56998753548,
        "stdev": 2.30127263069,
        "var": 5.29585599899
    },
    "barkbands_spread": {
        "dmean": 8.93256664276,
        "dmean2": 13.2517461777,
        "dvar": 156.829971313,
        "dvar2": 317.058746338,
        "max": 108.039855957,
        "mean": 20.8541030884,
        "median": 13.8866987228,
        "min": 0.518980622292,
        "stdev": 19.336812973,
        "var": 373.912353516
    },
    "dissonance": {
        "dmean": 0.0329552181065,
        "dmean2": 0.0542422346771,
        "dvar": 0.0011439002119,
        "dvar2": 0.00273506785743,
        "max": 0.499356150627,
        "mean": 0.433319449425,
        "median": 0.446772634983,
        "min": 0.187641099095,
        "stdev": 0.0499388389289,
        "var": 0.00249388767406
    },
    "dynamic_complexity": 2.40436840057,
    "erbbands_crest": {
        "dmean": 3.28771710396,
        "dmean2": 5.19074630737,
        "dvar": 9.10791683197,
        "dvar2": 19.6594715118,
        "max": 29.057346344,
        "mean": 10.6405525208,
        "median": 9.64051055908,
        "min": 2.82706260681,
        "stdev": 4.92107200623,
        "var": 24.2169494629
    },
    "erbbands_flatness_db": {
        "dmean": 0.0275777895004,
        "dmean2": 0.0416558384895,
        "dvar": 0.00084386538947,
        "dvar2": 0.00166320288554,
        "max": 0.3633852005,
        "mean": 0.170837700367,
        "median": 0.163060188293,
        "min": 0.0471114255488,
        "stdev": 0.0572736747563,
        "var": 0.0032802738715
    },
    "erbbands_kurtosis": {
        "dmean": 1.72690069675,
        "dmean2": 2.75773644447,
        "dvar": 4.88900566101,
        "dvar2": 11.7238845825,
        "max": 21.8302764893,
        "mean": 1.31002223492,
        "median": 0.715120792389,
        "min": -1.85349214077,
        "stdev": 2.6018474102,
        "var": 6.76960992813
    },
    "erbbands_skewness": {
        "dmean": 0.569304406643,
        "dmean2": 0.831386268139,
        "dvar": 0.315054982901,
        "dvar2": 0.683269798756,
        "max": 3.88383507729,
        "mean": 0.393293142319,
        "median": 0.438931643963,
        "min": -3.85969614983,
        "stdev": 0.960927188396,
        "var": 0.923381090164
    },
    "erbbands_spread": {
        "dmean": 15.7547426224,
        "dmean2": 24.6539840698,
        "dvar": 394.75213623,
        "dvar2": 809.042724609,
        "max": 175.677459717,
        "mean": 41.2664260864,
        "median": 30.2789382935,
        "min": 5.15493965149,
        "stdev": 29.8986701965,
        "var": 893.930480957
    },
    "hfc": {
        "dmean": 14.93039608,
        "dmean2": 21.8179683685,
        "dvar": 628.32989502,
        "dvar2": 1210.39208984,
        "max": 242.737350464,
        "mean": 29.4604625702,
        "median": 23.3943881989,
        "min": 1.22747382505e-16,
        "stdev": 31.3343582153,
        "var": 981.842041016
    },
    "loudness_ebu128": {
        "integrated": -12.6469230652,
        "loudness_range": 2.3679189682,
        "momentary": {
            "dmean": 0.654079258442,
            "dmean2": 0.784063816071,
            "dvar": 0.295421272516,
            "dvar2": 0.430380225182,
            "max": -9.59008216858,
            "mean": -12.9752616882,
            "median": -12.7964067459,
            "min": -17.3789043427,
            "stdev": 1.726364851,
            "var": 2.98033571243
        },
        "short_term": {
            "dmean": 0.10377305001,
            "dmean2": 0.152023687959,
            "dvar": 0.00844586454332,
            "dvar2": 0.0167469102889,
            "max": -11.4156637192,
            "mean": -12.6978387833,
            "median": -12.4983825684,
            "min": -14.7973022461,
            "stdev": 0.863768279552,
            "var": 0.746095597744
        }
    },
    "melbands_crest": {
        "dmean": 3.20943140984,
        "dmean2": 4.86701631546,
        "dvar": 12.5833730698,
        "dvar2": 26.0064868927,
        "max": 38.3269920349,
        "mean": 21.5665912628,
        "median": 20.2947425842,
        "min": 1.96531784534,
        "stdev": 10.1924638748,
        "var": 103.886322021
    },
    "melbands_flatness_db": {
        "dmean": 0.0420908480883,
        "dmean2": 0.0561834871769,
        "dvar": 0.00209212349728,
        "dvar2": 0.00330234994181,
        "max": 0.608135282993,
        "mean": 0.258153051138,
        "median": 0.251859843731,
        "min": 0.00433673383668,
        "stdev": 0.112247988582,
        "var": 0.0125996116549
    },
    "melbands_kurtosis": {
        "dmean": 25.2269897461,
        "dmean2": 37.6229095459,
        "dvar": 3239.56201172,
        "dvar2": 6336.47216797,
        "max": 787.659790039,
        "mean": 41.9566307068,
        "median": 8.76517009735,
        "min": -1.87940490246,
        "stdev": 86.8673019409,
        "var": 7545.92822266
    },
    "melbands_skewness": {
        "dmean": 1.39569604397,
        "dmean2": 2.03413796425,
        "dvar": 3.77172064781,
        "dvar2": 6.83421945572,
        "max": 25.3362350464,
        "mean": 3.9867208004,
        "median": 2.51885604858,
        "min": -1.414234519,
        "stdev": 3.88889598846,
        "var": 15.1235122681
    },
    "melbands_spread": {
        "dmean": 11.0979776382,
        "dmean2": 16.3204898834,
        "dvar": 411.636016846,
        "dvar2": 820.754821777,
        "max": 230.442169189,
        "mean": 23.6861743927,
        "median": 13.3459806442,
        "min": 0.352089226246,
        "stdev": 29.9476470947,
        "var": 896.861572266
    },
    "pitch_salience": {
        "dmean": 0.0787146389484,
        "dmean2": 0.124074883759,
        "dvar": 0.00729208253324,
        "dvar2": 0.0171115491539,
        "max": 0.917878389359,
        "mean": 0.452927350998,
        "median": 0.467272132635,
        "min": 0.0906238928437,
        "stdev": 0.19763764739,
        "var": 0.0390606410801
    },
    "silence_rate_20dB": {
        "dmean": 0,
        "dmean2": 0,
        "dvar": 0,
        "dvar2": 0,
        "max": 1,
        "mean": 1,
        "median": 1,
        "min": 1,
        "stdev": 0,
        "var": 0
    },
    "silence_rate_30dB": {
        "dmean": 0.0526315793395,
        "dmean2": 0.105344690382,
        "dvar": 0.049861188978,
        "dvar2": 0.106641478837,
        "max": 1,
        "mean": 0.718484163284,
        "median": 1,
        "min": 0,
        "stdev": 0.449739873409,
        "var": 0.202265948057
    },
    "silence_rate_60dB": {
        "dmean": 0.0178018584847,
        "dmean2": 0.0348566994071,
        "dvar": 0.0174847748131,
        "dvar2": 0.0351919606328,
        "max": 1,
        "mean": 0.0193348806351,
        "median": 0,
        "min": 0,
        "stdev": 0.137699127197,
        "var": 0.0189610477537
    },
    "spectral_centroid": {
        "dmean": 389.752655029,
        "dmean2": 555.10168457,
        "dvar": 320493.34375,
        "dvar2": 518387.75,
        "max": 10956.1767578,
        "mean": 1294.31848145,
        "median": 1103.54760742,
        "min": 203.374237061,
        "stdev": 849.073852539,
        "var": 720926.4375
    },
    "spectral_complexity": {
        "dmean": 4.04489183426,
        "dmean2": 5.74670791626,
        "dvar": 32.6279678345,
        "dvar2": 47.4671516418,
        "max": 61,
        "mean": 14.2722349167,
        "median": 14,
        "min": 0,
        "stdev": 9.28612232208,
        "var": 86.2320632935
    },
    "spectral_decrease": {
        "dmean": 4.48951631427e-09,
        "dmean2": 5.89783200056e-09,
        "dvar": 6.01008720478e-17,
        "dvar2": 8.83187953038e-17,
        "max": 6.15930632364e-29,
        "mean": -1.84875705855e-08,
        "median": -1.04233279785e-08,
        "min": -9.09677666527e-08,
        "stdev": 1.9566799736e-08,
        "var": 3.82859633313e-16
    },
    "spectral_energy": {
        "dmean": 0.0178047679365,
        "dmean2": 0.0234173405915,
        "dvar": 0.00086556316819,
        "dvar2": 0.00126647029538,
        "max": 0.346736967564,
        "mean": 0.0724485293031,
        "median": 0.0424746721983,
        "min": 1.09010788663e-20,
        "stdev": 0.0742213875055,
        "var": 0.00550881447271
    },
    "spectral_energyband_high": {
        "dmean": 0.00127603136934,
        "dmean2": 0.00196882663295,
        "dvar": 6.22200832368e-06,
        "dvar2": 1.29363725136e-05,
        "max": 0.0207598134875,
        "mean": 0.00160662061535,
        "median": 0.000524214585312,
        "min": 8.29809415158e-21,
        "stdev": 0.00292448396794,
        "var": 8.55260714161e-06
    },
    "spectral_energyband_low": {
        "dmean": 0.0119344964623,
        "dmean2": 0.0138326771557,
        "dvar": 0.000787196680903,
        "dvar2": 0.00118577165995,
        "max": 0.332400709391,
        "mean": 0.0520463660359,
        "median": 0.0130319548771,
        "min": 3.73940863448e-23,
        "stdev": 0.0705977901816,
        "var": 0.00498404819518
    },
    "spectral_energyband_middle_high": {
        "dmean": 0.00308022811078,
        "dmean2": 0.00430321134627,
        "dvar": 2.99340827041e-05,
        "dvar2": 5.40857436135e-05,
        "max": 0.0589351207018,
        "mean": 0.00553090404719,
        "median": 0.00375974969938,
        "min": 1.4285702004e-21,
        "stdev": 0.00730445142835,
        "var": 5.33550119144e-05
    },
    "spectral_energyband_middle_low": {
        "dmean": 0.00681047607213,
        "dmean2": 0.0107119111344,
        "dvar": 0.000111551860755,
        "dvar2": 0.00025797233684,
        "max": 0.0942735075951,
        "mean": 0.0125597389415,
        "median": 0.00667770858854,
        "min": 3.86202620747e-22,
        "stdev": 0.0134834889323,
        "var": 0.000181804483873
    },
    "spectral_entropy": {
        "dmean": 0.343736588955,
        "dmean2": 0.491530328989,
        "dvar": 0.141539752483,
        "dvar2": 0.255129873753,
        "max": 9.81779575348,
        "mean": 7.47294092178,
        "median": 7.47992181778,
        "min": 5.80714225769,
        "stdev": 0.676478326321,
        "var": 0.457622915506
    },
    "spectral_flux": {
        "dmean": 0.039638184011,
        "dmean2": 0.0605345703661,
        "dvar": 0.00237328163348,
        "dvar2": 0.00419267313555,
        "max": 0.478322088718,
        "mean": 0.106685720384,
        "median": 0.0852025151253,
        "min": 1.0440823206e-10,
        "stdev": 0.0798723995686,
        "var": 0.00637959968299
    },
    "spectral_kurtosis": {
        "dmean": 3.03567385674,
        "dmean2": 4.6250667572,
        "dvar": 21.449136734,
        "dvar2": 48.3323402405,
        "max": 65.8025588989,
        "mean": 5.58537578583,
        "median": 3.74209070206,
        "min": -1.22796142101,
        "stdev": 6.57299423218,
        "var": 43.2042503357
    },
    "spectral_rms": {
        "dmean": 0.00106121809222,
        "dmean2": 0.00137999141589,
        "dvar": 1.87775879112e-06,
        "dvar2": 2.485403229e-06,
        "max": 0.0183923877776,
        "mean": 0.00729763833806,
        "median": 0.00643728999421,
        "min": 3.26116520941e-12,
        "stdev": 0.00417444342747,
        "var": 1.74259766936e-05
    },
    "spectral_rolloff": {
        "dmean": 933.179870605,
        "dmean2": 1546.98840332,
        "dvar": 3761181.25,
        "dvar2": 7460286,
        "max": 18949.21875,
        "mean": 1762.01428223,
        "median": 667.529296875,
        "min": 43.06640625,
        "stdev": 2631.06054688,
        "var": 6922480
    },
    "spectral_skewness": {
        "dmean": 0.451661676168,
        "dmean2": 0.666401863098,
        "dvar": 0.279286682606,
        "dvar2": 0.571233987808,
        "max": 6.79277563095,
        "mean": 1.79994606972,
        "median": 1.77382063866,
        "min": -0.178777307272,
        "stdev": 0.875703155994,
        "var": 0.766856014729
    },
    "spectral_spread": {
        "dmean": 1473446.75,
        "dmean2": 2107403,
        "dvar": 3.9641832489e+12,
        "dvar2": 6.76946037965e+12,
        "max": 42336804,
        "mean": 6141980.5,
        "median": 5613660,
        "min": 845871.375,
        "stdev": 3062724,
        "var": 9.38027882906e+12
    },
    "spectral_strongpeak": {
        "dmean": 0.473192900419,
        "dmean2": 0.773219287395,
        "dvar": 0.694056808949,
        "dvar2": 1.56142950058,
        "max": 9.31630420685,
        "mean": 0.95355540514,
        "median": 0.541053712368,
        "min": 0,
        "stdev": 1.09250378609,
        "var": 1.19356441498
    },
    "zerocrossingrate": {
        "dmean": 0.0200686622411,
        "dmean2": 0.0216466318816,
        "dvar": 0.000926928361878,
        "dvar2": 0.00093673839001,
        "max": 0.515625,
        "mean": 0.0637775361538,
        "median": 0.04296875,
        "min": 0.00146484375,
        "stdev": 0.0663305521011,
        "var": 0.0043997419998
    },
    "barkbands": {
        "dmean": [0.00384783349, 0.0107136005536, 0.00238064443693, 0.000956886680797, 0.00145603320561, 0.00193218141794, 0.00210402393714, 0.0019301607972, 0.00065832742257, 0.000463069911348, 0.00048469225294, 0.000719356292393, 0.000594072160311, 0.000571259995922, 0.00044387098751, 0.000366064661648, 0.000373896677047, 0.000219189503696, 0.000149603365571, 0.000129275096697, 0.000114024260256, 0.000196740729734, 0.000454583088867, 0.000306550267851, 0.000184217176866, 8.38232444949e-05, 3.02957323584e-06],
        "dmean2": [0.00601628003642, 0.0142798507586, 0.00405951356515, 0.00172133522574, 0.00244137761183, 0.00311262928881, 0.003465723712, 0.0029220469296, 0.000988331972621, 0.000691022898536, 0.000721680815332, 0.00108378974255, 0.000904141983483, 0.000873611774296, 0.000661688856781, 0.000565403548535, 0.000551041041035, 0.000359180703526, 0.00022687127057, 0.000210525700822, 0.000165131292306, 0.000294673634926, 0.000744466437027, 0.000487867248012, 0.000279026804492, 0.000126806975459, 4.82512223243e-06],
        "dvar": [5.24885253981e-05, 0.000760190654546, 9.57655429374e-05, 1.46545553434e-05, 1.45756566781e-05, 1.61469943123e-05, 2.04044717975e-05, 1.79981561814e-05, 2.76106311503e-06, 1.11879160158e-06, 9.84810526461e-07, 2.99166231343e-06, 1.24776386201e-06, 1.14073873192e-06, 9.46004433899e-07, 5.50081438178e-07, 4.91477692321e-07, 5.3634954611e-07, 1.73217358679e-07, 1.36970712106e-07, 1.11542860282e-07, 1.96283892251e-07, 1.10396797481e-06, 3.03950486114e-07, 1.02206591635e-07, 3.07838803337e-08, 7.24139012642e-11],
        "dvar2": [0.000143302735523, 0.00157938222401, 0.0002761814103, 4.27318263974e-05, 3.87806830986e-05, 3.39103171427e-05, 4.78709152958e-05, 3.63950748579e-05, 6.01442161496e-06, 2.08873257179e-06, 2.15782802115e-06, 5.74403156861e-06, 2.86636486635e-06, 2.66121878667e-06, 2.05684114007e-06, 1.24309951843e-06, 9.63547677202e-07, 1.32213290271e-06, 3.24061176116e-07, 3.24493413473e-07, 2.07447826028e-07, 3.87573805938e-07, 2.66871188614e-06, 6.99814904692e-07, 2.14699340972e-07, 7.20120496567e-08, 1.81654802311e-10],
        "max": [0.083114773035, 0.313501894474, 0.0794985592365, 0.0405017472804, 0.05085240677, 0.0495193563402, 0.0678905025125, 0.0394437983632, 0.0255666486919, 0.0213692020625, 0.0123170344159, 0.0181645136327, 0.0117044197395, 0.00876907724887, 0.0126644652337, 0.0114292679355, 0.00787047855556, 0.00793528277427, 0.0050343493931, 0.00381782860495, 0.00359464273788, 0.00474914489314, 0.0123160425574, 0.00463582854718, 0.00344835571013, 0.00221303733997, 0.000182033705642],
        "mean": [0.0150452107191, 0.0351014994085, 0.00279331253842, 0.00101266684942, 0.00191456149332, 0.002671653172, 0.00269256369211, 0.00295567442663, 0.000864922767505, 0.000679315533489, 0.000632428273093, 0.000867032737006, 0.000744241231587, 0.000704079226125, 0.000592333148234, 0.000539694505278, 0.00052624149248, 0.000240962559474, 0.000191094077309, 0.000150106483488, 0.000132376808324, 0.000248189782724, 0.000460201234091, 0.000353802810423, 0.00022917833121, 0.000102183039417, 2.98090617434e-06],
        "median": [0.00226116995327, 0.00718803843483, 0.000143621757161, 0.000307430425892, 0.000910483009648, 0.000705927726813, 0.00112962198909, 0.000615319004282, 0.000219467154238, 0.000186537436093, 0.000202177267056, 0.000128746731207, 0.000128292507725, 0.00015361176338, 0.000148462204379, 0.000140881966217, 0.000132574452437, 3.62597347703e-05, 3.74737537641e-05, 3.00796436932e-05, 2.25516050705e-05, 9.01500243344e-05, 5.85026973567e-05, 9.75121583906e-05, 6.59486104269e-05, 3.03673077724e-05, 3.65217886156e-07],
        "min": [9.91529053648e-24, 1.48258471196e-23, 8.49694308358e-24, 2.3995905492e-23, 9.13841337504e-23, 8.44874320895e-23, 2.50864425846e-23, 5.62655356193e-23, 7.93162784618e-23, 3.42565561774e-23, 1.09506389201e-22, 1.27983783521e-22, 6.0560340512e-23, 7.41094620103e-23, 1.7893403747e-22, 8.4741779778e-23, 1.77721110186e-22, 2.00462556444e-22, 2.2399209368e-22, 3.30628240877e-22, 4.40977840344e-22, 5.98541812597e-22, 5.85220791807e-22, 6.91678542843e-22, 1.43346260213e-21, 1.91134075554e-21, 2.61979934171e-21],
        "stdev": [0.0211545787752, 0.053190715611, 0.00838261563331, 0.00307628652081, 0.00391726335511, 0.00531356129795, 0.00501344073564, 0.0059401509352, 0.00204225466587, 0.00141803023871, 0.00118913000915, 0.00203448254615, 0.00137123500463, 0.00128186261281, 0.00117406167556, 0.00107015378308, 0.00102400092874, 0.000754909415264, 0.000502371345647, 0.000410037115216, 0.000402434932766, 0.000520606467035, 0.001069979975, 0.000617324723862, 0.00039269233821, 0.000194446271053, 8.69199811859e-06],
        "var": [0.000447516184067, 0.00282925204374, 7.0268237323e-05, 9.46353884501e-06, 1.53449509526e-05, 2.82339351543e-05, 2.51345863944e-05, 3.52853930963e-05, 4.17080400439e-06, 2.01080979423e-06, 1.41403006637e-06, 4.13911902797e-06, 1.88028548109e-06, 1.64317179951e-06, 1.37842084769e-06, 1.14522902095e-06, 1.0485778148e-06, 5.69888243263e-07, 2.52376992194e-07, 1.68130441125e-07, 1.61953877864e-07, 2.71031098009e-07, 1.14485726499e-06, 3.81089819257e-07, 1.54207270953e-07, 3.780935387e-08, 7.55508364203e-11]
    },
    "erbbands": {
        "dmean": [0.447607934475, 2.34537935257, 2.77359557152, 3.10439252853, 3.95916461945, 5.56070899963, 3.60298132896, 19.9211978912, 35.2277297974, 24.2382202148, 46.8825721741, 14.6505479813, 17.5360641479, 11.2809829712, 19.3403511047, 30.2886238098, 26.7102146149, 30.4646224976, 23.1351604462, 19.6907100677, 21.8119430542, 18.9540710449, 12.1970176697, 8.30412483215, 7.21482563019, 6.39231348038, 4.52456521988, 5.02478599548, 7.43290233612, 9.14780902863, 12.8355474472, 8.40447330475, 4.50762748718, 2.40328621864, 1.1587703228, 0.482233613729, 0.135716557503, 0.0172372832894, 0.000409082131227, 3.18329730362e-05],
        "dmean2": [0.589246451855, 3.66615962982, 4.5582280159, 5.49734067917, 6.66610717773, 9.37080669403, 6.34729337692, 32.503238678, 57.896774292, 38.5537261963, 68.8981323242, 21.3274402618, 25.6114788055, 16.4618663788, 28.0491962433, 45.6741294861, 40.6264266968, 46.0564422607, 33.5185432434, 29.056388855, 32.2934761047, 27.8492031097, 19.5541172028, 12.4911870956, 11.0743999481, 10.3953123093, 6.96469831467, 7.65173006058, 11.100476265, 14.3062505722, 20.8268928528, 13.6162796021, 6.9711689949, 3.68415427208, 1.75320696831, 0.722654044628, 0.207661762834, 0.0257902555168, 0.000613943557255, 4.37290873379e-05],
        "dvar": [1.06433808804, 60.1179084778, 124.311569214, 163.068481445, 100.665275574, 275.077941895, 121.435394287, 1766.50231934, 5691.45410156, 3782.2253418, 12081.7197266, 1147.28503418, 1719.01550293, 707.431335449, 1539.11010742, 5299.83496094, 2504.17114258, 3071.12255859, 2363.64208984, 1917.91955566, 1595.34057617, 1353.93652344, 1462.7878418, 696.855102539, 350.141143799, 370.027740479, 219.812667847, 194.988586426, 289.633789062, 339.692169189, 867.101013184, 284.615600586, 66.6343078613, 18.0973873138, 4.34753608704, 0.959197640419, 0.0805804505944, 0.00135011051316, 9.57064230533e-07, 1.96411953368e-09],
        "dvar2": [2.29741311073, 156.65171814, 338.815765381, 472.108673096, 278.850006104, 720.309570312, 333.876617432, 3915.28320312, 13170.0507812, 9070.81347656, 23443.5644531, 2234.61938477, 3032.88916016, 1516.06103516, 3075.75390625, 10069.328125, 5527.69775391, 7013.27490234, 4660.91308594, 4565.36669922, 3390.625, 2683.25708008, 3347.16333008, 1502.16479492, 703.297607422, 899.977355957, 449.184295654, 371.271118164, 606.58404541, 723.852111816, 2078.35449219, 700.808227539, 150.256576538, 39.676612854, 9.30416679382, 2.27484917641, 0.185892939568, 0.00299333082512, 2.30741147789e-06, 3.75930220287e-09],
        "max": [10.6741456985, 68.7328872681, 105.787872314, 124.896621704, 110.610832214, 259.499572754, 189.99899292, 455.778839111, 1094.25976562, 1059.03662109, 1128.74584961, 486.283966064, 882.369506836, 424.979675293, 565.905883789, 779.93572998, 527.704467773, 472.294555664, 781.21496582, 689.328918457, 809.509887695, 486.038299561, 410.664733887, 320.692474365, 219.372467041, 229.788162231, 176.970840454, 188.814666748, 186.267440796, 163.723907471, 330.743560791, 163.920394897, 77.9360046387, 50.1898651123, 22.8562240601, 12.6078138351, 3.57513666153, 0.569473206997, 0.0206054728478, 0.000528376025613],
        "mean": [2.13660931587, 3.48542737961, 3.4846932888, 3.54344153404, 4.93823385239, 7.14924430847, 3.98624515533, 26.6050338745, 44.8541564941, 37.0377960205, 73.6299591064, 22.9938297272, 28.1350784302, 16.6976032257, 27.0339565277, 38.1432800293, 37.1990737915, 40.9531364441, 31.3181915283, 26.5767860413, 35.0504226685, 27.7243843079, 15.0789222717, 9.94759654999, 9.15997600555, 7.16336011887, 5.35497331619, 6.05402421951, 9.0753326416, 10.7932682037, 12.6594953537, 8.64244270325, 5.40897941589, 2.92664575577, 1.44516205788, 0.599862277508, 0.157620668411, 0.0194319188595, 0.000497088010889, 0.000101741017716],
        "median": [0.349878370762, 0.467933475971, 0.23363801837, 0.996551096439, 2.46197724342, 2.72088718414, 1.57617485523, 7.3180680275, 12.1538028717, 15.2584075928, 13.8374900818, 7.43945741653, 8.03907108307, 6.53120183945, 8.64186096191, 6.33728218079, 7.96410608292, 9.96356868744, 7.72284603119, 8.04854393005, 10.9201116562, 7.95881175995, 2.65463757515, 1.78933691978, 2.02615857124, 1.32021832466, 0.776478767395, 1.34680581093, 3.09064936638, 2.68646526337, 1.53903210163, 1.71440684795, 1.65017437935, 0.802451252937, 0.422390043736, 0.194563835859, 0.0372425056994, 0.00381461717188, 0.000143747762195, 6.92933172104e-05],
        "min": [6.79632977608e-22, 2.42446193253e-21, 1.0108328839e-20, 4.09527815493e-20, 2.85453799688e-19, 2.07417503152e-19, 4.96888324539e-19, 6.66721945981e-19, 3.90681668459e-19, 5.01905123255e-19, 1.7199347274e-18, 1.56905501911e-18, 1.7031922816e-18, 3.09785901603e-18, 4.16573326361e-18, 4.04046875395e-18, 2.68059995694e-18, 3.10950116956e-18, 6.06397421666e-18, 9.14709721687e-18, 6.55794786691e-18, 1.02250483855e-17, 7.70197380925e-18, 1.36982829974e-17, 1.37469534775e-17, 1.51395095572e-17, 2.08405921945e-17, 1.56924566356e-17, 1.74383404324e-17, 1.93092608506e-17, 1.65412134273e-17, 1.33845962568e-17, 1.4310608409e-17, 1.53616522194e-17, 1.04158806071e-17, 6.4154531851e-18, 3.84693826912e-18, 1.19565142174e-18, 3.30259381735e-19, 4.73436209672e-20],
        "stdev": [2.91919827461, 8.33616542816, 10.1074724197, 10.9808034897, 9.11150074005, 17.9338245392, 10.1074638367, 52.7070846558, 86.6045303345, 71.2437667847, 154.217102051, 46.019569397, 58.0446014404, 31.7255897522, 49.331237793, 86.173286438, 65.062286377, 71.2467727661, 62.1034851074, 53.9053916931, 63.6068077087, 53.1819267273, 42.3339653015, 29.3073596954, 22.3822937012, 20.5579185486, 17.614282608, 16.4981975555, 19.3747062683, 21.3580341339, 29.9254798889, 17.2162475586, 9.42606735229, 5.09543228149, 2.50614452362, 1.08723723888, 0.316354215145, 0.0425501354039, 0.00105666019954, 8.6605665274e-05],
        "var": [8.52171897888, 69.4916534424, 102.160995483, 120.578041077, 83.0194473267, 321.622070312, 102.160820007, 2778.03662109, 7500.34472656, 5075.67382812, 23782.9160156, 2117.80078125, 3369.17553711, 1006.51306152, 2433.57104492, 7425.8359375, 4233.10107422, 5076.10302734, 3856.84301758, 2905.79125977, 4045.82592773, 2828.31713867, 1792.16455078, 858.921325684, 500.967071533, 422.628051758, 310.262939453, 272.190551758, 375.379211426, 456.165588379, 895.534301758, 296.399200439, 88.8507385254, 25.963432312, 6.28076076508, 1.18208491802, 0.100079990923, 0.00181051413529, 1.11653082513e-06, 7.50054152121e-09]
    },
    "gfcc": {
        "mean": [-4.17712020874, 71.7403869629, -102.350868225, 10.262845993, -66.4004974365, 19.9461917877, -50.7162437439, 11.2503528595, -14.2338247299, 7.02877569199, -15.8616275787, 3.13206911087, -14.2300806046],
        "cov": [[5633.13964844, -1292.14050293, -161.806808472, 627.043945312, 21.9063358307, 774.160400391, 95.5784606934, 462.226531982, 118.018356323, 307.866882324, -2.57382535934, 277.284301758, -79.8798446655], [-1292.14050293, 3171.59741211, 380.186157227, 43.6511192322, 947.366516113, -133.047607422, 643.416870117, 228.037338257, 629.708374023, 92.2289505005, 436.804992676, -41.9262313843, 420.763458252], [-161.806808472, 380.186157227, 1851.96398926, 958.6796875, 405.706085205, 615.323791504, 564.719055176, 382.655761719, 381.526367188, 254.580764771, 268.95614624, 177.130401611, 228.881072998], [627.043945312, 43.6511192322, 958.6796875, 1165.26098633, 459.263214111, 349.035491943, 373.915802002, 362.679870605, 317.092926025, 193.91242981, 213.388519287, 163.840652466, 234.439163208], [21.9063358307, 947.366516113, 405.706085205, 459.263214111, 855.902954102, 211.557449341, 364.747039795, 303.561950684, 350.243041992, 171.188781738, 210.901611328, 96.5609970093, 231.901550293], [774.160400391, -133.047607422, 615.323791504, 349.035491943, 211.557449341, 689.174560547, 272.52746582, 208.37298584, 202.809631348, 165.621520996, 115.273803711, 123.739639282, 18.1460971832], [95.5784606934, 643.416870117, 564.719055176, 373.915802002, 364.747039795, 272.52746582, 609.120361328, 272.404266357, 240.076965332, 166.212371826, 212.972213745, 87.0185852051, 159.782028198], [462.226531982, 228.037338257, 382.655761719, 362.679870605, 303.561950684, 208.37298584, 272.404266357, 351.268676758, 212.512069702, 149.228820801, 147.133209229, 100.920341492, 138.097335815], [118.018356323, 629.708374023, 381.526367188, 317.092926025, 350.243041992, 202.809631348, 240.076965332, 212.512069702, 408.236663818, 126.968559265, 165.942611694, 61.8090705872, 165.395706177], [307.866882324, 92.2289505005, 254.580764771, 193.91242981, 171.188781738, 165.621520996, 166.212371826, 149.228820801, 126.968559265, 208.652603149, 104.729888916, 39.8530540466, 61.9673423767], [-2.57382535934, 436.804992676, 268.95614624, 213.388519287, 210.901611328, 115.273803711, 212.972213745, 147.133209229, 165.942611694, 104.729888916, 233.17175293, 71.2837982178, 105.354667664], [277.284301758, -41.9262313843, 177.130401611, 163.840652466, 96.5609970093, 123.739639282, 87.0185852051, 100.920341492, 61.8090705872, 39.8530540466, 71.2837982178, 167.587890625, 64.9562911987], [-79.8798446655, 420.763458252, 228.881072998, 234.439163208, 231.901550293, 18.1460971832, 159.782028198, 138.097335815, 165.395706177, 61.9673423767, 105.354667664, 64.9562911987, 202.382537842]],
        "icov": [[0.000378657423425, -0.000104391125205, 0.000442387041403, -0.00042212579865, 0.000316555524478, -0.000501359463669, 0.000112092064228, -0.000561916211154, 7.41560288589e-05, -0.000489681435283, 0.000447322963737, -0.000472700194223, 0.000340509432135], [-0.000104391125205, 0.00164432451129, -0.000473364023492, 0.00129082147032, -0.00137262174394, 0.000981955672614, -0.00105140672531, 0.00097754469607, -0.00156634917948, 0.00134087132756, -0.00193389656488, 0.00145515683107, -0.00136272027157], [0.000442387041403, -0.000473364023492, 0.00187892653048, -0.00147455523256, 0.000954020186327, -0.00143642246258, -0.00012876841356, -0.000656390271615, 0.000310166476993, -0.000938542012591, 0.000792582228314, -0.00071951263817, 0.000179341353942], [-0.00042212579865, 0.00129082147032, -0.00147455523256, 0.00323304627091, -0.00160140660591, 0.00116487988271, -0.000634537718724, 0.000477679277537, -0.00117765914183, 0.00136487744749, -0.00178832164966, 0.00113466451876, -0.00191096635535], [0.000316555524478, -0.00137262174394, 0.000954020186327, -0.00160140660591, 0.00361609784886, -0.00125689862762, 0.000451340893051, -0.00159872625954, 0.000437590060756, -0.00160134083126, 0.0016095234314, -0.00126383069437, 0.000159014787641], [-0.000501359463669, 0.000981955672614, -0.00143642246258, 0.00116487988271, -0.00125689862762, 0.00417937664315, -0.0011624568142, 0.000850611948408, -0.0019644680433, 0.000303404260194, -0.00100702350028, -0.000350435700966, 0.0015877741389], [0.000112092064228, -0.00105140672531, -0.00012876841356, -0.000634537718724, 0.000451340893051, -0.0011624568142, 0.00416577840224, -0.00177590386011, 0.00129590334836, -0.00111162476242, -0.000179419250344, -0.000368824927136, 0.000113877293188], [-0.000561916211154, 0.00097754469607, -0.000656390271615, 0.000477679277537, -0.00159872625954, 0.000850611948408, -0.00177590386011, 0.00822648312896, -0.00168734428007, -0.000602669082582, -0.00162346311845, -7.17249131412e-05, -0.00208918540739], [7.41560288589e-05, -0.00156634917948, 0.000310166476993, -0.00117765914183, 0.000437590060756, -0.0019644680433, 0.00129590334836, -0.00168734428007, 0.00704050809145, -0.00136734428816, 0.000361688289559, -2.73608184216e-05, -0.00141246279236], [-0.000489681435283, 0.00134087132756, -0.000938542012591, 0.00136487744749, -0.00160134083126, 0.000303404260194, -0.00111162476242, -0.000602669082582, -0.00136734428816, 0.00969947967678, -0.00363600393757, 0.00265798275359, -0.00121680402663], [0.000447322963737, -0.00193389656488, 0.000792582228314, -0.00178832164966, 0.0016095234314, -0.00100702350028, -0.000179419250344, -0.00162346311845, 0.000361688289559, -0.00363600393757, 0.0108335800469, -0.0037928132806, 0.00126328959595], [-0.000472700194223, 0.00145515683107, -0.00071951263817, 0.00113466451876, -0.00126383069437, -0.000350435700966, -0.000368824927136, -7.17249131412e-05, -2.73608184216e-05, 0.00265798275359, -0.0037928132806, 0.0105670141056, -0.00410148641095], [0.000340509432135, -0.00136272027157, 0.000179341353942, -0.00191096635535, 0.000159014787641, 0.0015877741389, 0.000113877293188, -0.00208918540739, -0.00141246279236, -0.00121680402663, 0.00126328959595, -0.00410148641095, 0.0131162963808]]
    },
    "melbands": {
        "dmean": [0.00315145635977, 0.00173517235089, 0.00054582010489, 0.000329951697495, 0.000154083245434, 0.000457110407297, 0.000509832694661, 0.000272695469903, 0.000357799959602, 8.04939772934e-05, 8.67119015311e-05, 4.33087152487e-05, 6.93505644449e-05, 7.67375677242e-05, 7.4848816439e-05, 5.32827216375e-05, 6.03805092396e-05, 3.88931548514e-05, 2.55235154327e-05, 2.65582020802e-05, 2.64923764917e-05, 2.19780522457e-05, 1.56733167387e-05, 8.46728289616e-06, 6.74571720083e-06, 6.09588914813e-06, 4.6951213335e-06, 4.28649082096e-06, 3.06644415105e-06, 2.7577466426e-06, 3.16239015774e-06, 4.23686196882e-06, 4.08382129535e-06, 6.34526213616e-06, 7.5481652857e-06, 7.50838398744e-06, 4.39657605966e-06, 3.47234004039e-06, 2.39447808781e-06, 1.97146232495e-06],
        "dmean2": [0.00400757649913, 0.00258306274191, 0.000959936063737, 0.000553931458853, 0.000270791148068, 0.000738310569432, 0.00083414366236, 0.000428468571045, 0.000531075638719, 0.000120744705782, 0.000127241612063, 6.44004467176e-05, 0.000101388410258, 0.000112397239718, 0.000114558912173, 8.3183273091e-05, 9.241841326e-05, 5.73011093365e-05, 3.84778759326e-05, 3.94144553866e-05, 3.94460585085e-05, 3.2654577808e-05, 2.44391630986e-05, 1.3509135897e-05, 1.0179711353e-05, 9.22353410715e-06, 7.48480715629e-06, 7.02478746462e-06, 5.05331081513e-06, 3.93384061681e-06, 4.92514482175e-06, 6.38879510007e-06, 6.12567509961e-06, 1.02872445495e-05, 1.24316011352e-05, 1.2332159713e-05, 7.14137649993e-06, 5.43074520465e-06, 3.67387610822e-06, 3.04149330077e-06],
        "dvar": [5.52611127205e-05, 3.77027899958e-05, 4.11376049669e-06, 7.14169175353e-07, 2.52823326718e-07, 8.70992323598e-07, 1.1023961406e-06, 4.09802851209e-07, 7.64363733197e-07, 3.60033816094e-08, 4.18834567029e-08, 1.18001333149e-08, 1.87839663823e-08, 3.58215785923e-08, 2.692357981e-08, 9.52986400904e-09, 1.31834694272e-08, 7.15535453111e-09, 3.35193117706e-09, 3.13342041203e-09, 2.29173435784e-09, 1.73020997529e-09, 1.9905126436e-09, 8.36408664551e-10, 4.6651005281e-10, 2.72607131313e-10, 1.6710648143e-10, 1.77816913971e-10, 1.05254985283e-10, 7.23629559052e-11, 7.81307241127e-11, 9.78288353104e-11, 7.53663798037e-11, 1.79577949733e-10, 2.94638535792e-10, 3.07007946843e-10, 6.53394907624e-11, 4.01256007587e-11, 1.80261482824e-11, 1.25233391365e-11],
        "dvar2": [0.000104087659565, 9.1719935881e-05, 1.18443540487e-05, 1.90546609247e-06, 6.75895933e-07, 1.87770092452e-06, 2.52524660027e-06, 9.94109086605e-07, 1.5387466874e-06, 7.10442051854e-08, 7.38521777066e-08, 2.50125946621e-08, 3.91620318396e-08, 6.98719659908e-08, 5.37813491519e-08, 2.20496989556e-08, 3.05436209658e-08, 1.44068259544e-08, 8.12678635498e-09, 6.85111523069e-09, 4.84511408771e-09, 3.60471852368e-09, 4.39411884656e-09, 1.99282323976e-09, 1.01487707127e-09, 5.24326859708e-10, 4.28293678301e-10, 4.3847264708e-10, 2.55682669481e-10, 1.21630219785e-10, 1.67881319957e-10, 2.12042355896e-10, 1.48333234584e-10, 4.24555307577e-10, 7.07514269394e-10, 7.76223585408e-10, 1.58273102957e-10, 9.31328000831e-11, 3.86223691917e-11, 2.85295016778e-11],
        "max": [0.0869140401483, 0.0622350275517, 0.0193356070668, 0.0105046350509, 0.00969738233835, 0.0109129818156, 0.0159835331142, 0.00990327447653, 0.00933606177568, 0.0027076008264, 0.00427510915324, 0.0018411584897, 0.00194673042279, 0.00192818255164, 0.0016439568717, 0.000976462499239, 0.00100778997876, 0.00139031058643, 0.000906386994757, 0.000830235949252, 0.00091026397422, 0.000602513726335, 0.00050094985636, 0.000298781582387, 0.000269304058747, 0.000178363465238, 0.000179719427251, 0.000156081761816, 0.000135810827487, 0.000107279382064, 0.000130565560539, 0.000112525151053, 8.83657048689e-05, 0.000140175630804, 0.000178809146746, 0.000203914358281, 6.24702806817e-05, 5.68404102523e-05, 4.5706248784e-05, 4.35008878412e-05],
        "mean": [0.014464831911, 0.00245586782694, 0.000650470203254, 0.000433964363765, 0.000176323024789, 0.000624830718152, 0.000665242900141, 0.000415762071498, 0.000548853597138, 0.000120115808386, 0.000136450631544, 6.08859081694e-05, 9.51746915234e-05, 9.20309248613e-05, 9.51667243498e-05, 7.27240403648e-05, 7.56189474487e-05, 4.95314779982e-05, 3.25250875903e-05, 3.77105388907e-05, 4.09164385928e-05, 3.06244401145e-05, 1.97761019081e-05, 9.41489543038e-06, 7.78252160671e-06, 7.70811220718e-06, 5.25872792423e-06, 4.61182798972e-06, 3.31018236466e-06, 3.16736532113e-06, 3.64272591469e-06, 5.0260896387e-06, 5.05476145918e-06, 6.92937555868e-06, 7.41425765227e-06, 6.78614696881e-06, 4.73161298942e-06, 4.06695062338e-06, 2.88661703962e-06, 2.31036892728e-06],
        "median": [0.00251160212792, 0.000229785204283, 0.000255205435678, 0.000206695200177, 6.21560247964e-05, 0.000169327526237, 0.000217945344048, 0.000160961106303, 9.51726688072e-05, 3.60534686479e-05, 3.67166248907e-05, 2.11213118746e-05, 3.12046140607e-05, 1.34608690132e-05, 1.61071166076e-05, 1.33731982714e-05, 1.54270164785e-05, 1.04258788269e-05, 9.50828507484e-06, 1.11625768113e-05, 1.23839408843e-05, 7.82086499385e-06, 3.06046194964e-06, 1.53241660428e-06, 1.12194015855e-06, 1.38168309149e-06, 1.17237470931e-06, 6.90385263624e-07, 3.82791114362e-07, 4.61553923969e-07, 8.24895948881e-07, 1.65377832673e-06, 1.54030738031e-06, 1.26317024751e-06, 8.79743765836e-07, 7.56534916491e-07, 1.08871392968e-06, 1.17224203677e-06, 7.64582182455e-07, 5.99642248744e-07],
        "min": [5.72228932696e-24, 4.58174121399e-24, 1.48135014464e-23, 2.01775047441e-23, 1.52130894716e-23, 1.53516765554e-23, 5.5105539324e-24, 6.34284044716e-24, 1.57636844067e-23, 9.36708506103e-24, 8.09998038746e-24, 1.11718741721e-23, 1.43260295832e-23, 1.53642115552e-23, 6.2547357281e-24, 6.14148527883e-24, 5.78548536851e-24, 9.17840452086e-24, 1.27225017659e-23, 7.93085570913e-24, 8.4354718864e-24, 1.25021729151e-23, 4.8432399266e-24, 9.64202911891e-24, 1.11650544696e-23, 8.94899509215e-24, 1.13805641692e-23, 9.57454443505e-24, 1.33335116135e-23, 8.55313364585e-24, 1.03356847681e-23, 9.48348622076e-24, 1.14469270928e-23, 9.8646488218e-24, 8.93634728525e-24, 1.01730831806e-23, 7.60981929742e-24, 8.32234844373e-24, 1.32136142222e-23, 1.30873680784e-23],
        "stdev": [0.0197798125446, 0.00647186534479, 0.00172041507903, 0.000849981792271, 0.000505152216647, 0.00122080498841, 0.00122124445625, 0.000752484658733, 0.00117369589861, 0.000260865228483, 0.000285652640741, 0.000128773506731, 0.000171948384377, 0.000224092931603, 0.000193291620235, 0.000129313106299, 0.000140904841828, 0.00010556174675, 6.43373714411e-05, 7.73168576416e-05, 7.46379664633e-05, 5.87990252825e-05, 5.16237851116e-05, 3.03052183881e-05, 2.36970627157e-05, 1.9964430976e-05, 1.30351054395e-05, 1.42159042298e-05, 1.12960251499e-05, 1.04488162833e-05, 9.7439306046e-06, 1.10189703264e-05, 1.02937301563e-05, 1.45542080645e-05, 1.74519682332e-05, 1.66543668456e-05, 8.63168315846e-06, 7.13854842616e-06, 5.13959821546e-06, 4.11854352933e-06],
        "var": [0.000391240959289, 4.18850395363e-05, 2.95982795251e-06, 7.22469053471e-07, 2.55178775888e-07, 1.49036486619e-06, 1.49143806993e-06, 5.66233154586e-07, 1.377562171e-06, 6.8050660218e-08, 8.15974274815e-08, 1.65826143927e-08, 2.95662445637e-08, 5.02176398243e-08, 3.73616515503e-08, 1.67218789926e-08, 1.98541734164e-08, 1.11432818528e-08, 4.13929734933e-09, 5.9778968442e-09, 5.5708260227e-09, 3.45732553697e-09, 2.66501509749e-09, 9.18406239947e-10, 5.61550750344e-10, 3.98578503535e-10, 1.69913985659e-10, 2.02091940404e-10, 1.27600180422e-10, 1.09177757113e-10, 9.49441913978e-11, 1.2141770922e-10, 1.0596087896e-10, 2.1182496035e-10, 3.04571201593e-10, 2.77367961932e-10, 7.45059569596e-11, 5.09588760078e-11, 2.64154705054e-11, 1.69624019691e-11]
    },
    "melbands128": {
