{
"lowlevel": {
    "average_loudness": 0.976543009281,
    "barkbands_crest": {
        "dmean": 3.48173928261,
        "dmean2": 5.21232271194,
        "dvar": 11.624712944,
        "dvar2": 23.038269043,
        "max": 25.7261829376,
        "mean": 12.6826372147,
        "median": 12.2830820084,
        "min": 2.32779145241,
        "stdev": 5.33640480042,
        "var": 28.4772148132
    },
    "barkbands_flatness_db": {
        "dmean": 0.0365993008018,
        "dmean2": 0.0518411584198,
        "dvar": 0.00128059496637,
        "dvar2": 0.00241534039378,
        "max": 0.36994946003,
        "mean": 0.152660518885,
        "median": 0.15078613162,
        "min": 0.0256727132946,
        "stdev": 0.062653966248,
        "var": 0.00392551952973
    },
    "barkbands_kurtosis": {
        "dmean": 6.32931613922,
        "dmean2": 9.52785873413,
        "dvar": 204.875,
        "dvar2": 413.955108643,
        "max": 250.619873047,
        "mean": 8.06634998322,
        "median": 2.26593208313,
        "min": -1.83245253563,
        "stdev": 18.6048622131,
        "var": 346.140930176
    },
    "barkbands_skewness": {
        "dmean": 0.913198649883,
        "dmean2": 1.30205178261,
        "dvar": 1.06189954281,
        "dvar2": 1.99586737156,
        "max": 13.6481962204,
        "mean": 1.80554282665,
        "median": 1.48565638065,
        "min": -3.65402126312,
        "stdev": 1.98560857773,
        "var": 3.94264149666
    },
    "barkbands_spread": {
        "dmean": 9.6695766449,
        "dmean2": 14.5904083252,
        "dvar": 133.194580078,
        "dvar2": 286.756378174,
        "max": 112.013374329,
        "mean": 26.6641254425,
        "median": 23.1535701752,
        "min": 0.634555697441,
        "stdev": 18.5003814697,
        "var": 342.264099121
    },
    "dissonance": {
        "dmean": 0.0229603406042,
        "dmean2": 0.0374390482903,
        "dvar": 0.000833368045278,
        "dvar2": 0.00196068268269,
        "max": 0.499999970198,
        "mean": 0.461538314819,
        "median": 0.471328854561,
        "min": 0.0314004421234,
        "stdev": 0.0363793037832,
        "var": 0.00132345373277
    },
    "dynamic_complexity": 2.55021905899,
    "erbbands_crest": {
        "dmean": 3.33960485458,
        "dmean2": 5.26316308975,
        "dvar": 9.44467163086,
        "dvar2": 21.736989975,
        "max": 29.1492099762,
        "mean": 9.9469909668,
        "median": 9.09440040588,
        "min": 2.35929608345,
        "stdev": 5.05366134644,
        "var": 25.5394935608
    },
    "erbbands_flatness_db": {
        "dmean": 0.0239827185869,
        "dmean2": 0.0344323180616,
        "dvar": 0.00058283645194,
        "dvar2": 0.00108976999763,
        "max": 0.395989149809,
        "mean": 0.148306757212,
        "median": 0.140069648623,
        "min": 0.0551955886185,
        "stdev": 0.0542416721582,
        "var": 0.0029421588406
    },
    "erbbands_kurtosis": {
        "dmean": 1.56344616413,
        "dmean2": 2.37136936188,
        "dvar": 3.42684698105,
        "dvar2": 7.38448810577,
        "max": 19.9447975159,
        "mean": 1.52651596069,
        "median": 0.661851644516,
        "min": -1.83330333233,
        "stdev": 2.79320836067,
        "var": 7.80201292038
    },
    "erbbands_skewness": {
        "dmean": 0.531945407391,
        "dmean2": 0.777901053429,
        "dvar": 0.268976211548,
        "dvar2": 0.566839754581,
        "max": 3.86218762398,
        "mean": 0.212630361319,
        "median": 0.196259781718,
        "min": -3.66915369034,
        "stdev": 0.982828140259,
        "var": 0.965951144695
    },
    "erbbands_spread": {
        "dmean": 12.2075786591,
        "dmean2": 18.1394500732,
        "dvar": 179.096496582,
        "dvar2": 402.556396484,
        "max": 156.504241943,
        "mean": 38.2524223328,
        "median": 33.1822052002,
        "min": 2.73408079147,
        "stdev": 23.5226573944,
        "var": 553.315429688
    },
    "hfc": {
        "dmean": 15.3462219238,
        "dmean2": 22.9795856476,
        "dvar": 516.185974121,
        "dvar2": 1112.06152344,
        "max": 188.48991394,
        "mean": 31.8178443909,
        "median": 24.2414245605,
        "min": 1.15275810756e-16,
        "stdev": 29.0026493073,
        "var": 841.153686523
    },
    "loudness_ebu128": {
        "integrated": -6.4972448349,
        "loudness_range": 2.53167200089,
        "momentary": {
            "dmean": 0.652996838093,
            "dmean2": 0.989546358585,
            "dvar": 0.82931137085,
            "dvar2": 1.55446457863,
            "max": -4.78228235245,
            "mean": -7.24090194702,
            "median": -6.44806003571,
            "min": -25.7862377167,
            "stdev": 3.01561951637,
            "var": 9.09396076202
        },
        "short_term": {
            "dmean": 0.0831654295325,
            "dmean2": 0.080201536417,
            "dvar": 0.00940544437617,
            "dvar2": 0.00808977801353,
            "max": -5.4998421669,
            "mean": -6.78894138336,
            "median": -6.33762931824,
            "min": -11.829284668,
            "stdev": 1.27031624317,
            "var": 1.6137034893
        }
    },
    "melbands_crest": {
        "dmean": 4.85770177841,
        "dmean2": 6.98403453827,
        "dvar": 21.7624149323,
        "dvar2": 46.6622695923,
        "max": 38.0390892029,
        "mean": 21.1748847961,
        "median": 22.0723056793,
        "min": 2.42009425163,
        "stdev": 8.78600978851,
        "var": 77.1939697266
    },
    "melbands_flatness_db": {
        "dmean": 0.0435125343502,
        "dmean2": 0.0601093582809,
        "dvar": 0.00189189880621,
        "dvar2": 0.00334020913579,
        "max": 0.488210618496,
        "mean": 0.215351194143,
        "median": 0.215568378568,
        "min": 0.0064794877544,
        "stdev": 0.0847423896194,
        "var": 0.00718127237633
    },
    "melbands_kurtosis": {
        "dmean": 18.0380096436,
        "dmean2": 26.5543212891,
        "dvar": 1250.62890625,
        "dvar2": 2570.50927734,
        "max": 470.519805908,
        "mean": 26.7361125946,
        "median": 8.71745872498,
        "min": -1.57920396328,
        "stdev": 51.0595245361,
        "var": 2607.07495117
    },
    "melbands_skewness": {
        "dmean": 1.37198126316,
        "dmean2": 1.94974958897,
        "dvar": 2.5335521698,
        "dvar2": 4.96215248108,
        "max": 20.4665107727,
        "mean": 3.3466963768,
        "median": 2.60778999329,
        "min": -2.48943829536,
        "stdev": 3.06919503212,
        "var": 9.41995811462
    },
    "melbands_spread": {
        "dmean": 12.0012722015,
        "dmean2": 18.1348285675,
        "dvar": 316.272125244,
        "dvar2": 674.191467285,
        "max": 229.131225586,
        "mean": 27.3666591644,
        "median": 20.9625587463,
        "min": 0.558117330074,
        "stdev": 25.605266571,
        "var": 655.629638672
    },
    "pitch_salience": {
        "dmean": 0.106052681804,
        "dmean2": 0.16118311882,
        "dvar": 0.0117640895769,
        "dvar2": 0.0250239912421,
        "max": 0.897435307503,
        "mean": 0.46529725194,
        "median": 0.443490386009,
        "min": 0.0438825599849,
        "stdev": 0.174885585904,
        "var": 0.0305849686265
    },
    "silence_rate_20dB": {
        "dmean": 0,
        "dmean2": 0,
        "dvar": 0,
        "dvar2": 0,
        "max": 1,
        "mean": 1,
        "median": 1,
        "min": 1,
        "stdev": 0,
        "var": 0
    },
    "silence_rate_30dB": {
        "dmean": 0.0866873040795,
        "dmean2": 0.173508912325,
        "dvar": 0.0791727751493,
        "dvar2": 0.17283859849,
        "max": 1,
        "mean": 0.912606358528,
        "median": 1,
        "min": 0,
        "stdev": 0.282410055399,
        "var": 0.0797554478049
    },
    "silence_rate_60dB": {
        "dmean": 0.0239938087761,
        "dmean2": 0.0480247884989,
        "dvar": 0.0234183873981,
        "dvar2": 0.0534632578492,
        "max": 1,
        "mean": 0.0603248253465,
        "median": 0,
        "min": 0,
        "stdev": 0.238087832928,
        "var": 0.0566858164966
    },
    "spectral_centroid": {
        "dmean": 403.126922607,
        "dmean2": 596.40435791,
        "dvar": 312197.125,
        "dvar2": 508842.25,
        "max": 11369.8017578,
        "mean": 1707.65197754,
        "median": 1580.44262695,
        "min": 167.538024902,
        "stdev": 899.341796875,
        "var": 808815.6875
    },
    "spectral_complexity": {
        "dmean": 6.37925720215,
        "dmean2": 8.88845825195,
        "dvar": 57.1334342957,
        "dvar2": 94.532875061,
        "max": 63,
        "mean": 17.6055679321,
        "median": 15,
        "min": 0,
        "stdev": 11.9706602097,
        "var": 143.296707153
    },
    "spectral_decrease": {
        "dmean": 4.52975257303e-09,
        "dmean2": 6.60329568802e-09,
        "dvar": 3.9257548503e-17,
        "dvar2": 7.78643043872e-17,
        "max": -2.52206213729e-29,
        "mean": -1.19612018068e-08,
        "median": -1.03431778697e-08,
        "min": -4.69758880683e-08,
        "stdev": 9.45997769008e-09,
        "var": 8.94911749296e-17
    },
    "spectral_energy": {
        "dmean": 0.0179113708436,
        "dmean2": 0.026140416041,
        "dvar": 0.000575244950596,
        "dvar2": 0.00113967468496,
        "max": 0.182135149837,
        "mean": 0.0480303354561,
        "median": 0.0431717298925,
        "min": 1.05510497968e-20,
        "stdev": 0.0364237390459,
        "var": 0.00132668879814
    },
    "spectral_energyband_high": {
        "dmean": 0.0011955013033,
        "dmean2": 0.00180122128222,
        "dvar": 4.18028639615e-06,
        "dvar2": 8.28872180136e-06,
        "max": 0.0182656962425,
        "mean": 0.00184471334796,
        "median": 0.000742563745007,
        "min": 7.64843990785e-21,
        "stdev": 0.00265264953487,
        "var": 7.0365490501e-06
    },
    "spectral_energyband_low": {
        "dmean": 0.0143037671223,
        "dmean2": 0.0214941073209,
        "dvar": 0.000543648726307,
        "dvar2": 0.00110029708594,
        "max": 0.158350855112,
        "mean": 0.030537283048,
        "median": 0.0209062304348,
        "min": 4.29594148342e-23,
        "stdev": 0.0325814448297,
        "var": 0.00106155057438
    },
    "spectral_energyband_middle_high": {
        "dmean": 0.00366600905545,
        "dmean2": 0.00561377871782,
        "dvar": 2.61890800175e-05,
        "dvar2": 5.99649101787e-05,
        "max": 0.0404688082635,
        "mean": 0.0071885115467,
        "median": 0.00501522468403,
        "min": 1.75320042258e-21,
        "stdev": 0.00711023062468,
        "var": 5.05553798575e-05
    },
    "spectral_energyband_middle_low": {
        "dmean": 0.00718920212239,
        "dmean2": 0.0124184554443,
        "dvar": 0.00024435238447,
        "dvar2": 0.000680915312842,
        "max": 0.120753489435,
        "mean": 0.00918355025351,
        "median": 0.00594617426395,
        "min": 2.17390224049e-22,
        "stdev": 0.0132133057341,
        "var": 0.00017459144874
    },
    "spectral_entropy": {
        "dmean": 0.241773724556,
        "dmean2": 0.341082900763,
        "dvar": 0.0594102963805,
        "dvar2": 0.104313112795,
        "max": 9.79738426208,
        "mean": 7.73154735565,
        "median": 7.73673963547,
        "min": 6.07056045532,
        "stdev": 0.521952569485,
        "var": 0.27243450284
    },
    "spectral_flux": {
        "dmean": 0.0475210957229,
        "dmean2": 0.0697841122746,
        "dvar": 0.00305789732374,
        "dvar2": 0.00511478586122,
        "max": 0.423811346292,
        "mean": 0.120386071503,
        "median": 0.0976996645331,
        "min": 1.02718306083e-10,
        "stdev": 0.0806801170111,
        "var": 0.00650928169489
    },
    "spectral_kurtosis": {
        "dmean": 1.55553364754,
        "dmean2": 2.34588837624,
        "dvar": 5.25327634811,
        "dvar2": 11.6687726974,
        "max": 37.7967796326,
        "mean": 4.14777803421,
        "median": 3.07734584808,
        "min": -1.34569954872,
        "stdev": 4.15898990631,
        "var": 17.2971973419
    },
    "spectral_rms": {
        "dmean": 0.00125417299569,
        "dmean2": 0.00176742242184,
        "dvar": 2.24377777158e-06,
        "dvar2": 4.16992679675e-06,
        "max": 0.0133301476017,
        "mean": 0.00627614744008,
        "median": 0.00648989668116,
        "min": 3.20838082664e-12,
        "stdev": 0.00273290439509,
        "var": 7.46876685298e-06
    },
    "spectral_rolloff": {
        "dmean": 906.211608887,
        "dmean2": 1501.80249023,
        "dvar": 2825158.25,
        "dvar2": 6199121.5,
        "max": 19035.3515625,
        "mean": 1727.25256348,
        "median": 1055.12695312,
        "min": 43.06640625,
        "stdev": 2180.18261719,
        "var": 4753196.5
    },
    "spectral_skewness": {
        "dmean": 0.266325026751,
        "dmean2": 0.386846780777,
        "dvar": 0.076592899859,
        "dvar2": 0.150718718767,
        "max": 4.04573583603,
        "mean": 1.588580966,
        "median": 1.52378427982,
        "min": -0.0123771196231,
        "stdev": 0.552650213242,
        "var": 0.305422246456
    },
    "spectral_spread": {
        "dmean": 946505.8125,
        "dmean2": 1349544.25,
        "dvar": 1.46347170202e+12,
        "dvar2": 2.25989204378e+12,
        "max": 40699676,
        "mean": 5880696,
        "median": 5644657.5,
        "min": 964510.0625,
        "stdev": 2247472,
        "var": 5.0511305769e+12
    },
    "spectral_strongpeak": {
        "dmean": 0.455309659243,
        "dmean2": 0.763777732849,
        "dvar": 0.966076433659,
        "dvar2": 2.36941480637,
        "max": 11.7124919891,
        "mean": 0.732108175755,
        "median": 0.325916528702,
        "min": 0,
        "stdev": 1.0841217041,
        "var": 1.17531991005
    },
    "zerocrossingrate": {
        "dmean": 0.0200361609459,
        "dmean2": 0.022488925606,
        "dvar": 0.00064827920869,
        "dvar2": 0.000770812213887,
        "max": 0.47802734375,
        "mean": 0.0702044963837,
        "median": 0.05859375,
        "min": 0.0029296875,
        "stdev": 0.0544307641685,
        "var": 0.00296270824037
    },
    "barkbands": {
        "dmean": [0.00178219110239, 0.0121181625873, 0.00375697039999, 0.00257186871022, 0.00206750608049, 0.00121192552615, 0.000814223603811, 0.000614996184595, 0.00133772951085, 0.000683027144987, 0.000741586496588, 0.000588224094827, 0.000658256700262, 0.000782273244113, 0.000608661444858, 0.000570664764382, 0.00041297156713, 0.000364418636309, 0.000220565736527, 0.000204282143386, 0.000219185749302, 0.000207432036404, 0.000212345999898, 0.000221783484449, 0.000247032061452, 0.000137151902891, 9.10055587156e-06],
        "dmean2": [0.0026832150761, 0.0184854771942, 0.00678951246664, 0.00484305946156, 0.00355282612145, 0.00199313345365, 0.00144316989463, 0.00101895572152, 0.00202224566601, 0.0011020040838, 0.00115186907351, 0.000942021608353, 0.000999734387733, 0.00121926318388, 0.00092630047584, 0.000929243222345, 0.000660137622617, 0.000588807393797, 0.000336381344823, 0.000320529012242, 0.000344500032952, 0.000317021622322, 0.000327236921294, 0.000335987773724, 0.000372794194845, 0.000217513952521, 1.61385869433e-05],
        "dvar": [8.33497324493e-06, 0.000448668230092, 0.000102698410046, 7.05099300831e-05, 2.45878236456e-05, 4.57292981082e-06, 2.71785575023e-06, 1.52874167725e-06, 6.57951568428e-06, 2.25920712182e-06, 1.77676577096e-06, 1.73735907083e-06, 1.6577698716e-06, 1.99416604119e-06, 1.33768151045e-06, 1.36155188102e-06, 7.1581513339e-07, 4.50431599575e-07, 1.66742012198e-07, 1.49983989672e-07, 2.47904466733e-07, 1.42516711321e-07, 1.42879088116e-07, 1.25315153809e-07, 1.72339881033e-07, 4.89213469734e-08, 3.54362400534e-10],
        "dvar2": [2.16792213905e-05, 0.000858530227561, 0.000284068344627, 0.000204110794584, 6.76649942761e-05, 1.13869491543e-05, 7.36263609724e-06, 3.47978152604e-06, 1.48493663801e-05, 5.49292644791e-06, 3.47632249031e-06, 4.19488424086e-06, 3.92645915781e-06, 4.4745465857e-06, 2.7450221296e-06, 3.34131095769e-06, 1.54045210365e-06, 1.110480639e-06, 3.68005231621e-07, 3.15994412858e-07, 5.3375765674e-07, 2.89177904733e-07, 3.01108343592e-07, 2.63180538695e-07, 3.94116852931e-07, 1.16524006444e-07, 9.57799284329e-10],
        "max": [0.0369565524161, 0.144943833351, 0.0665426254272, 0.0658338144422, 0.0399545431137, 0.0198570899665, 0.0125223044306, 0.0149186719209, 0.0400289669633, 0.0160128250718, 0.0174448527396, 0.0249606277794, 0.0223939009011, 0.0158751215786, 0.0161620471627, 0.0135001596063, 0.0164347905666, 0.00685339327902, 0.00347910588607, 0.00530220242217, 0.00380946625955, 0.00341028068215, 0.00395140051842, 0.00365772750229, 0.00377751910128, 0.00188347499352, 0.000173098233063],
        "mean": [0.00388163561001, 0.023351052776, 0.0027597786393, 0.00178673118353, 0.00207750173286, 0.00148719502613, 0.000690029293764, 0.00063377385959, 0.00212558475323, 0.000819598732051, 0.00113981077448, 0.000754681124818, 0.000909583759494, 0.000995407579467, 0.000735173991416, 0.000643121311441, 0.000508913886733, 0.000462515308755, 0.000287110655336, 0.000280909938738, 0.000258720538113, 0.00030825813883, 0.000305885536363, 0.000326515582856, 0.000341408478562, 0.000152492706547, 6.93593574397e-06],
        "median": [0.00219588703476, 0.0143911512569, 0.000131629407406, 0.000237923231907, 0.000587227346841, 0.000428673956776, 0.000136098111398, 7.98754481366e-05, 0.000574741454329, 0.000183511263458, 0.000278191582765, 0.000229156110436, 0.000284330948489, 0.00025590354926, 0.000208457873669, 0.000162526644999, 0.000180563030881, 0.000207936405786, 0.00011022947001, 0.000111646681034, 6.43058665446e-05, 0.000107611143903, 0.000115194103273, 0.000113722300739, 0.000110120745376, 3.79291013815e-05, 4.82800601276e-07],
        "min": [3.16886466924e-23, 1.83366047362e-23, 6.23959985392e-24, 8.8546812489e-24, 8.00068220547e-23, 2.27148616463e-23, 2.99408748698e-23, 3.45377251367e-23, 2.88587754334e-23, 8.86044529776e-23, 4.66030813139e-23, 7.99124679796e-23, 1.19008591147e-22, 1.58580769783e-22, 9.03854042899e-23, 3.72049496853e-22, 1.49735644795e-22, 1.7792201097e-22, 3.37305689693e-22, 3.34105186337e-22, 5.27930456452e-22, 4.77229242735e-22, 6.44952935653e-22, 7.24373936978e-22, 9.76585465882e-22, 2.06185349775e-21, 2.27034481543e-21],
        "stdev": [0.00431932182983, 0.0280165337026, 0.0081078549847, 0.00628616893664, 0.00428090244532, 0.00239915354177, 0.0014447941212, 0.00150895863771, 0.00369592243806, 0.00176452798769, 0.00218426459469, 0.00163453980349, 0.00168558640871, 0.00180820724927, 0.00147467991337, 0.00132336723618, 0.00102892995346, 0.000756861525588, 0.000471024744911, 0.000465812860057, 0.000529859913513, 0.000487970421091, 0.000469436548883, 0.000505368108861, 0.000543290923815, 0.000255816034041, 1.64111152117e-05],
        "var": [1.8656541215e-05, 0.000784926116467, 6.57373093418e-05, 3.95159186155e-05, 1.83261272468e-05, 5.755937309e-06, 2.08743017538e-06, 2.2769561383e-06, 1.36598428071e-05, 3.11355893245e-06, 4.7710113904e-06, 2.67172026724e-06, 2.84120142169e-06, 3.26961344399e-06, 2.1746807306e-06, 1.7513008288e-06, 1.05869673916e-06, 5.7283938304e-07, 2.21864311811e-07, 2.16981632661e-07, 2.80751550008e-07, 2.38115134721e-07, 2.20370665716e-07, 2.55396912507e-07, 2.95165051512e-07, 6.54418457202e-08, 2.69324729185e-10]
    },
    "erbbands": {
        "dmean": [0.519810259342, 2.56900882721, 4.55318880081, 6.7285451889, 8.13979816437, 6.58717250824, 7.27790546417, 10.9926939011, 13.1850481033, 8.7244386673, 17.745141983, 33.394115448, 22.2200641632, 20.8396205902, 27.3069515228, 24.8253707886, 29.1791248322, 35.3542480469, 30.2607841492, 33.3061218262, 29.5240745544, 20.3541316986, 20.3943920135, 12.2102508545, 10.204369545, 9.74765205383, 9.8977766037, 8.07121944427, 7.60713291168, 7.17215490341, 5.89239168167, 4.65555334091, 3.83286333084, 2.95639491081, 1.66564106941, 0.760724067688, 0.199393287301, 0.0397118777037, 0.0011017996585, 4.49484141427e-05],
        "dmean2": [0.73818230629, 3.80936121941, 7.83959579468, 12.5452184677, 14.6782846451, 11.000287056, 12.2785053253, 18.1355361938, 23.2441043854, 14.9591007233, 28.7862796783, 49.9462280273, 34.7443084717, 32.4610176086, 42.8506202698, 38.4323997498, 44.4647483826, 54.5280799866, 47.1860427856, 50.8467102051, 46.5533599854, 32.5084381104, 32.7555503845, 18.5158176422, 15.6094446182, 15.406493187, 15.4698829651, 12.5161170959, 11.7021903992, 10.7592697144, 9.10174369812, 6.92688131332, 5.81347370148, 4.46018886566, 2.55295753479, 1.18914723396, 0.321700364351, 0.0679127424955, 0.00190364627633, 6.96800343576e-05],
        "dvar": [0.575979888439, 26.6094112396, 132.170913696, 464.480743408, 521.611572266, 228.590652466, 241.416702271, 429.709838867, 649.406738281, 318.835998535, 1076.83679199, 4809.09521484, 2381.18798828, 1858.20336914, 2392.47143555, 3057.62939453, 3495.24609375, 4074.11035156, 2986.95361328, 4848.84228516, 3541.88549805, 1488.28027344, 1403.79174805, 436.289123535, 395.457336426, 364.297637939, 527.033996582, 302.176940918, 209.740249634, 147.604476929, 115.498840332, 57.5271072388, 36.9652442932, 22.7117671967, 9.0619020462, 1.65706288815, 0.108963228762, 0.00501532992348, 4.47799948233e-06, 3.43702621919e-09],
        "dvar2": [1.30438840389, 53.1082611084, 356.524505615, 1339.13085938, 1491.81652832, 602.825500488, 640.186523438, 1100.04138184, 1728.49072266, 833.641967773, 2460.29199219, 11027.5146484, 5325.26757812, 4401.44238281, 5237.66601562, 7215.36425781, 8318.15136719, 8749.74707031, 6793.4296875, 10450.3798828, 7975.19140625, 3465.33496094, 3307.45825195, 952.723937988, 920.306274414, 788.461425781, 1146.5657959, 636.662963867, 436.031066895, 313.230133057, 252.033676147, 123.662483215, 77.4976806641, 51.3245010376, 21.1105041504, 3.7848880291, 0.260261386633, 0.0130838295445, 1.19570304378e-05, 8.27836554862e-09],
        "max": [4.89121675491, 36.9189796448, 71.8872909546, 156.560897827, 181.340484619, 132.153381348, 188.752227783, 226.442138672, 208.532501221, 196.504547119, 412.374908447, 1162.17358398, 619.98651123, 698.282226562, 669.384155273, 1226.21020508, 1137.05651855, 966.195373535, 639.116210938, 1079.03100586, 796.700256348, 437.176239014, 472.426361084, 224.559783936, 180.214996338, 227.327545166, 176.455780029, 183.691711426, 127.277481079, 123.708122253, 118.010231018, 75.15574646, 66.1688842773, 40.1676063538, 28.7239017487, 11.4880990982, 2.53260779381, 0.535007417202, 0.0179864913225, 0.00052266306011],
        "mean": [1.04441428185, 3.7285296917, 3.77679920197, 4.84534454346, 6.95130252838, 6.79105949402, 8.04986667633, 12.9429531097, 11.8953027725, 8.16790676117, 23.9155902863, 52.6508789062, 29.7952518463, 29.9784832001, 42.2698860168, 35.581363678, 43.6134185791, 47.5852546692, 38.4281654358, 42.0636291504, 36.7569961548, 26.7934875488, 27.0891704559, 17.2876396179, 13.867893219, 13.2373399734, 11.3787250519, 9.92655658722, 10.7468566895, 10.7701444626, 8.39139556885, 6.57084274292, 5.653028965, 4.15776729584, 2.19526934624, 0.885691761971, 0.225405350327, 0.0351055748761, 0.000964316772297, 8.78350037965e-05],
        "median": [0.802340686321, 1.27793669701, 0.401734948158, 0.82491838932, 1.56172037125, 1.60838341713, 2.19460773468, 3.50990867615, 2.73550796509, 2.00315833092, 5.3050365448, 14.9302272797, 8.96098709106, 11.131690979, 14.1461858749, 14.1554546356, 16.2159957886, 15.6970119476, 14.0040073395, 14.0824108124, 10.3024396896, 10.7359809875, 12.8911142349, 7.29133796692, 5.44081735611, 5.28439998627, 3.11592030525, 2.54553127289, 3.45453596115, 4.29203796387, 3.06064915657, 2.17635846138, 1.92726325989, 1.43246304989, 0.666658103466, 0.220087781549, 0.0555451884866, 0.00568203115836, 0.000169059523614, 6.63955797791e-05],
        "min": [9.91857106188e-22, 2.32197312372e-21, 4.95822843208e-21, 2.89880017296e-20, 1.68554774366e-19, 2.88133347885e-19, 1.55410137724e-19, 1.91677600263e-19, 3.79063037876e-19, 6.70527131895e-19, 6.28877295583e-19, 5.48490487788e-19, 2.12133776812e-18, 2.124056504e-18, 2.49707711674e-18, 3.49789782912e-18, 6.22611361084e-18, 8.06488193222e-18, 4.20613855499e-18, 8.27243395562e-18, 2.13695063674e-17, 9.29252549472e-18, 9.4449285595e-18, 1.30409217375e-17, 1.84792893307e-17, 1.66844165893e-17, 2.49636739578e-17, 1.58092843166e-17, 1.38924007805e-17, 1.64464565794e-17, 2.33891158094e-17, 1.34782124227e-17, 1.21305995472e-17, 1.00247102042e-17, 7.9273069071e-18, 7.60574954295e-18, 3.84536414441e-18, 1.11093241058e-18, 2.87162728984e-19, 3.88343526135e-20],
        "stdev": [1.05242311954, 6.31254577637, 9.82758617401, 16.2362060547, 18.080034256, 14.1221265793, 15.3119525909, 22.163312912, 23.5381793976, 17.0606002808, 43.7461433411, 97.1793060303, 61.6881752014, 57.9034500122, 75.0439224243, 73.3840866089, 77.9547805786, 85.4880218506, 65.9281692505, 87.2127151489, 77.1039352417, 45.7177619934, 43.2709922791, 26.3661689758, 22.1970977783, 22.1446838379, 23.9835605621, 19.3869152069, 18.03424263, 15.8277959824, 13.0709638596, 10.4565763474, 8.6996717453, 6.45534753799, 3.74452233315, 1.5549467802, 0.384013056755, 0.0661865621805, 0.00189312419388, 7.23348130123e-05],
        "var": [1.10759449005, 39.8482322693, 96.581451416, 263.614379883, 326.887634277, 199.434448242, 234.455886841, 491.212402344, 554.045898438, 291.064056396, 1913.72509766, 9443.81738281, 3805.43115234, 3352.80932617, 5631.59033203, 5385.22412109, 6076.94824219, 7308.20166016, 4346.5234375, 7606.05810547, 5945.01708984, 2090.11376953, 1872.37890625, 695.174865723, 492.711181641, 490.387023926, 575.211181641, 375.85244751, 325.233917236, 250.519119263, 170.850097656, 109.339988708, 75.6842803955, 41.6715087891, 14.0214481354, 2.41785931587, 0.147466018796, 0.0043806610629, 3.58391935151e-06, 5.23232523975e-09]
    },
    "gfcc": {
        "mean": [14.2778759003, 56.3919258118, -108.232055664, 28.3428096771, -48.6430854797, 33.2131233215, -35.6701850891, 21.9735813141, -21.1519851685, 8.69434452057, -13.8005533218, 8.80583190918, -7.40945100784],
        "cov": [[7347.40332031, -175.730133057, 391.603179932, 527.31072998, -95.335395813, 516.448120117, 4.13476324081, 196.531204224, 101.494796753, 312.20690918, 105.712112427, 220.818069458, 129.125549316], [-175.730133057, 1769.15087891, 185.356369019, -101.729644775, 302.786437988, -27.1297130585, 143.056976318, 45.4728393555, 80.2171707153, -144.078216553, 105.043045044, -135.93572998, 4.07354354858], [391.603179932, 185.356369019, 1312.12475586, 569.384887695, -42.0546684265, 160.53729248, 13.0969591141, 64.5765838623, 28.0488853455, 93.0563964844, 45.1716995239, 19.8262081146, 56.5669670105], [527.31072998, -101.729644775, 569.384887695, 721.336242676, 105.144927979, 126.519020081, 22.4760799408, 38.4136314392, 70.8454360962, 60.2614212036, 45.0172729492, 22.8213615417, 64.0481719971], [-95.335395813, 302.786437988, -42.0546684265, 105.144927979, 469.259002686, 144.245605469, 126.821342468, 49.3559303284, 83.2556152344, -6.35947418213, 32.1712036133, -13.3494110107, 11.0142374039], [516.448120117, -27.1297130585, 160.53729248, 126.519020081, 144.245605469, 428.585479736, 231.094207764, 88.7147674561, 77.1210250854, 77.4873352051, 79.5766677856, 61.3377571106, 49.7976341248], [4.13476324081, 143.056976318, 13.0969591141, 22.4760799408, 126.821342468, 231.094207764, 344.696929932, 105.18094635, 42.6472930908, 30.2679462433, 77.7553253174, 40.7977180481, 25.4015903473], [196.531204224, 45.4728393555, 64.5765838623, 38.4136314392, 49.3559303284, 88.7147674561, 105.18094635, 176.85383606, 79.3871612549, 30.9262008667, 45.8819007874, 22.2887115479, 33.7687072754], [101.494796753, 80.2171707153, 28.0488853455, 70.8454360962, 83.2556152344, 77.1210250854, 42.6472930908, 79.3871612549, 179.070770264, 38.4740066528, 16.6932411194, 34.9075622559, 47.1049041748], [312.20690918, -144.078216553, 93.0563964844, 60.2614212036, -6.35947418213, 77.4873352051, 30.2679462433, 30.9262008667, 38.4740066528, 140.410690308, 43.196937561, 46.1148643494, 49.8215255737], [105.712112427, 105.043045044, 45.1716995239, 45.0172729492, 32.1712036133, 79.5766677856, 77.7553253174, 45.8819007874, 16.6932411194, 43.196937561, 140.047714233, 52.2152900696, 48.1605224609], [220.818069458, -135.93572998, 19.8262081146, 22.8213615417, -13.3494110107, 61.3377571106, 40.7977180481, 22.2887115479, 34.9075622559, 46.1148643494, 52.2152900696, 149.658706665, 79.756401062], [129.125549316, 4.07354354858, 56.5669670105, 64.0481719971, 11.0142374039, 49.7976341248, 25.4015903473, 33.7687072754, 47.1049041748, 49.8215255737, 48.1605224609, 79.756401062, 139.006469727]],
        "icov": [[0.00021040464344, -0.000201292961719, 0.00018264297978, -0.000289913499728, 0.000209763442399, -0.000439063762315, 0.000396629155148, -0.00040005586925, 0.00034129031701, -0.000555116333999, 0.000360952340998, -0.000510043697432, 0.000285975402221], [-0.000201292961719, 0.00147907517385, -0.000857340404764, 0.00108821666799, -0.000948132830672, 0.00109741999768, -0.00106685142964, 0.00104515696876, -0.0014707405353, 0.00216152984649, -0.00209504249506, 0.00225131493062, -0.00122802960686], [0.00018264297978, -0.000857340404764, 0.00180718034972, -0.00168545474298, 0.000958126678597, -0.0011219822336, 0.000925201980863, -0.00113109219819, 0.00125877954997, -0.00165877270047, 0.00129277212545, -0.00119325669948, 0.000733075547032], [-0.000289913499728, 0.00108821666799, -0.00168545474298, 0.0032834589947, -0.00130579271354, 0.000893192889635, -0.000755315995775, 0.00130561762489, -0.00172071892302, 0.00172198435757, -0.00187546864618, 0.00200182036497, -0.00151811318938], [0.000209763442399, -0.000948132830672, 0.000958126678597, -0.00130579271354, 0.00353902904317, -0.00147281051613, 0.000162461830769, -0.000521565671079, -0.000141685610288, -0.000787985918578, 0.00100639613811, -0.000602989282925, 0.000716634152923], [-0.000439063762315, 0.00109741999768, -0.0011219822336, 0.000893192889635, -0.00147281051613, 0.00579237239435, -0.00370586034842, 0.00139521225356, -0.00196548644453, 0.000699701660778, -0.00195015559439, 0.00134704913944, -0.000881340529304], [0.000396629155148, -0.00106685142964, 0.000925201980863, -0.000755315995775, 0.000162461830769, -0.00370586034842, 0.00673466036096, -0.00334187294357, 0.0021287004929, -0.00139858073089, 0.000410051608924, -0.00239789299667, 0.00154389347881], [-0.00040005586925, 0.00104515696876, -0.00113109219819, 0.00130561762489, -0.000521565671079, 0.00139521225356, -0.00334187294357, 0.0099884364754, -0.00478670187294, 0.00180027505849, -0.00309603568166, 0.00280995899811, -0.0016373496037], [0.00034129031701, -0.0014707405353, 0.00125877954997, -0.00172071892302, -0.000141685610288, -0.00196548644453, 0.0021287004929, -0.00478670187294, 0.0101302657276, -0.0034750404302, 0.00365875684656, -0.00337475608103, -2.28174267249e-05], [-0.000555116333999, 0.00216152984649, -0.00165877270047, 0.00172198435757, -0.000787985918578, 0.000699701660778, -0.00139858073089, 0.00180027505849, -0.0034750404302, 0.0131628671661, -0.00471676094458, 0.00278131570667, -0.00353784649633], [0.000360952340998, -0.00209504249506, 0.00129277212545, -0.00187546864618, 0.00100639613811, -0.00195015559439, 0.000410051608924, -0.00309603568166, 0.00365875684656, -0.00471676094458, 0.013166279532, -0.00520027801394, 0.000233019483858], [-0.000510043697432, 0.00225131493062, -0.00119325669948, 0.00200182036497, -0.000602989282925, 0.00134704913944, -0.00239789299667, 0.00280995899811, -0.00337475608103, 0.00278131570667, -0.00520027801394, 0.014469220303, -0.00706160394475], [0.000285975402221, -0.00122802960686, 0.000733075547032, -0.00151811318938, 0.000716634152923, -0.000881340529304, 0.00154389347881, -0.0016373496037, -2.28174267249e-05, -0.00353784649633, 0.000233019483858, -0.00706160394475, 0.0129866693169]]
    },
    "melbands": {
        "dmean": [0.00391015782952, 0.00250510289334, 0.00119268067647, 0.000502166512888, 0.000251326942816, 0.000243156173383, 0.000192250852706, 9.51731708483e-05, 0.000169163569808, 0.000200165290153, 0.000109188731585, 8.32371515571e-05, 0.000101543548226, 6.95123817422e-05, 7.02076868038e-05, 5.89568553551e-05, 7.20091920812e-05, 5.38358035556e-05, 4.48660030088e-05, 4.32361703133e-05, 3.48876528733e-05, 2.30147343245e-05, 2.19924077101e-05, 1.7327716705e-05, 9.55820814852e-06, 7.97017673904e-06, 6.89219450578e-06, 6.80196990288e-06, 6.8845693022e-06, 5.12833958055e-06, 4.70216900794e-06, 4.44326587967e-06, 4.1088492253e-06, 4.21745335188e-06, 3.68915357285e-06, 2.92226627607e-06, 2.99729754261e-06, 2.74958892987e-06, 2.85348551188e-06, 2.47816547017e-06],
        "dmean2": [0.00546887936071, 0.00385304656811, 0.00220270827413, 0.000874128832947, 0.000415475573391, 0.000400199671276, 0.000340229016729, 0.00016226383741, 0.000267137394985, 0.000299700448522, 0.000171954117832, 0.000131907989271, 0.000156857669936, 0.00010949211719, 0.0001095280968, 8.8483626314e-05, 0.000112186673505, 8.43100860948e-05, 6.92396861268e-05, 7.05042330083e-05, 5.38098938705e-05, 3.68157816411e-05, 3.52768911398e-05, 2.80655385723e-05, 1.45605727084e-05, 1.23832678582e-05, 1.07834648588e-05, 1.07852038127e-05, 1.07888090497e-05, 7.96286167315e-06, 7.35905859983e-06, 6.96052393323e-06, 6.3413508542e-06, 6.48394279779e-06, 5.7532079154e-06, 4.49733852292e-06, 4.56801126347e-06, 4.27038639828e-06, 4.38508914158e-06, 3.80754795515e-06],
        "dvar": [3.43535903085e-05, 2.95101817755e-05, 1.3592230971e-05, 1.63872618941e-06, 2.61448462879e-07, 1.92637514829e-07, 1.40203439969e-07, 3.57475471446e-08, 8.77491004303e-08, 1.64910801459e-07, 6.0663175816e-08, 3.1553529567e-08, 3.29644258557e-08, 2.78660046149e-08, 1.64315228091e-08, 1.20925500724e-08, 1.72048721936e-08, 1.07347384315e-08, 7.91369370035e-09, 7.7861130876e-09, 5.31654764657e-09, 2.34487518291e-09, 1.41237166407e-09, 1.01892050353e-09, 2.76737577298e-10, 2.356158324e-10, 1.69099817482e-10, 2.02932434745e-10, 2.63111810117e-10, 1.33866903673e-10, 9.57271970026e-11, 7.71203031991e-11, 4.79784025009e-11, 5.44774815536e-11, 4.77709261038e-11, 2.63934863548e-11, 2.39339225522e-11, 2.00162091762e-11, 2.07133910718e-11, 1.72534330573e-11],
        "dvar2": [6.94343980285e-05, 7.25572608644e-05, 3.90134409827e-05, 4.56790849057e-06, 6.82843335653e-07, 4.85703253617e-07, 3.73708161305e-07, 9.15239724009e-08, 1.98802226237e-07, 3.81398734817e-07, 1.35806374146e-07, 7.62440208746e-08, 6.76166678204e-08, 6.88801407023e-08, 3.90209038414e-08, 2.63721346982e-08, 3.82604454785e-08, 2.42871891487e-08, 1.63125957187e-08, 1.94206730697e-08, 1.08010071997e-08, 5.46939737944e-09, 3.41679395888e-09, 2.59002153058e-09, 5.90035853509e-10, 5.21465703951e-10, 3.96034538497e-10, 4.57567511658e-10, 5.81267367572e-10, 2.96917240794e-10, 2.01579863912e-10, 1.63944066656e-10, 1.00011353366e-10, 1.18659540527e-10, 1.06970300673e-10, 5.61543138378e-11, 5.28065195737e-11, 4.24233079221e-11, 4.6565386963e-11, 3.97137461805e-11],
        "max": [0.0408109873533, 0.0381223633885, 0.0277902688831, 0.00953738857061, 0.00535073783249, 0.00447535235435, 0.00291939312592, 0.00172592559829, 0.00325674540363, 0.00689918873832, 0.00305316504091, 0.00265771755949, 0.0021265624091, 0.00306374812499, 0.0019042926142, 0.0015935493866, 0.0016970137367, 0.00112609949429, 0.00123978650663, 0.000923660059925, 0.0013032767456, 0.000728502112906, 0.00038351319381, 0.000273590238066, 0.000211138598388, 0.000128185711219, 0.000178272515768, 0.000184392396477, 0.00014606883633, 9.64417267824e-05, 9.87893727142e-05, 8.08632976259e-05, 6.56414267723e-05, 7.8888675489e-05, 7.85734446254e-05, 5.2919054724e-05, 4.66733654321e-05, 5.0357033615e-05, 4.63856049464e-05, 3.76094867534e-05],
        "mean": [0.0078703109175, 0.00284776231274, 0.000912827206776, 0.000479356996948, 0.000288951385301, 0.000293294637231, 0.00017123373982, 8.70344301802e-05, 0.000251815159572, 0.000308634043904, 0.000137807786814, 0.000111825138447, 0.000160365001648, 8.80014413269e-05, 9.81663615676e-05, 8.42955778353e-05, 9.23886254895e-05, 6.52191520203e-05, 5.36361258128e-05, 4.92457802466e-05, 4.34783396486e-05, 2.78226198134e-05, 2.71750559477e-05, 2.18493969442e-05, 1.29865647978e-05, 1.02202002381e-05, 9.59257613431e-06, 8.54695008456e-06, 7.48528009353e-06, 5.9815347413e-06, 5.65680966247e-06, 5.86833584748e-06, 6.22824745733e-06, 5.98368933424e-06, 4.9933801165e-06, 4.10212533097e-06, 3.96329232899e-06, 3.89120032196e-06, 3.9166507122e-06, 3.37620144819e-06],
        "median": [0.00563720287755, 0.000643728068098, 0.000228511053137, 0.000134053683723, 8.49461357575e-05, 8.19781780592e-05, 3.47560526279e-05, 1.6464102373e-05, 4.89460726385e-05, 8.85607296368e-05, 2.93180382869e-05, 3.76031530323e-05, 4.36978298239e-05, 2.6324270948e-05, 3.51709059032e-05, 2.7501679142e-05, 2.48177602771e-05, 1.83229967661e-05, 1.51456461026e-05, 1.42321441672e-05, 1.08070444185e-05, 9.56587791734e-06, 1.19057222037e-05, 9.51072524913e-06, 4.76132709082e-06, 3.87652607969e-06, 3.82865846404e-06, 3.14693943437e-06, 1.90283014945e-06, 1.33392575208e-06, 1.34590425205e-06, 1.75133072844e-06, 2.3133918603e-06, 2.34084245676e-06, 1.82426958872e-06, 1.31887577481e-06, 1.23228744542e-06, 1.24541827518e-06, 1.28222711737e-06, 1.13195756057e-06],
        "min": [7.82536370686e-24, 3.26337990867e-24, 7.66179182044e-24, 1.99676740542e-23, 5.94361963671e-24, 4.58125606453e-24, 5.88496664511e-24, 7.75694974485e-24, 4.64184570965e-24, 3.54749013584e-24, 1.11576636318e-23, 9.21750835593e-24, 7.2801669469e-24, 8.8485470665e-24, 1.23309056906e-23, 1.28507169066e-23, 1.51581815972e-23, 6.64287619829e-24, 7.75257787771e-24, 1.7986924785e-23, 2.40564710769e-23, 7.60752292332e-24, 1.15070659039e-23, 7.58447161881e-24, 1.07257891075e-23, 1.31804339437e-23, 1.19778778137e-23, 1.10960425511e-23, 1.31471724125e-23, 1.55523485702e-23, 7.64256175815e-24, 7.41822154962e-24, 9.9963396836e-24, 7.75529708125e-24, 1.34919527486e-23, 1.01078522723e-23, 8.23568891785e-24, 7.24892489961e-24, 1.18066105892e-23, 7.17308381218e-24],
        "stdev": [0.00829188153148, 0.00563817610964, 0.00280861486681, 0.00106939952821, 0.000508769473527, 0.000481416413095, 0.000342461979017, 0.00018572366389, 0.000430274783866, 0.000555957434699, 0.000309844064759, 0.000231300728046, 0.00030403555138, 0.000200934475288, 0.000170547020389, 0.000153599001351, 0.000170057173818, 0.000126707178424, 0.00011096936214, 9.32182738325e-05, 0.000106785249955, 5.61364613532e-05, 4.27719096479e-05, 3.55769661837e-05, 2.10943471757e-05, 1.72634172486e-05, 1.60930503625e-05, 1.58902021212e-05, 1.6708381736e-05, 1.22817373267e-05, 1.10566534204e-05, 1.03790298454e-05, 9.68498989096e-06, 9.13325766305e-06, 8.07672404335e-06, 6.62101456328e-06, 6.62011188979e-06, 6.28293037153e-06, 6.13797510596e-06, 5.42369025425e-06],
        "var": [6.87553038006e-05, 3.17890298902e-05, 7.8883176684e-06, 1.14361523629e-06, 2.58846398538e-07, 2.31761774216e-07, 1.1728020155e-07, 3.44932793439e-08, 1.85136400432e-07, 3.09088648009e-07, 9.60033403885e-08, 5.35000275192e-08, 9.24376095668e-08, 4.0374661836e-08, 2.90862871566e-08, 2.35926513881e-08, 2.89194446168e-08, 1.60547077854e-08, 1.23141994379e-08, 8.68964633582e-09, 1.14030891396e-08, 3.15130210815e-09, 1.82943626914e-09, 1.26572041736e-09, 4.44971476332e-10, 2.98025548684e-10, 2.58986249113e-10, 2.52498522091e-10, 2.79170020434e-10, 1.50841061863e-10, 1.22249585455e-10, 1.07724260068e-10, 9.37990241034e-11, 8.34163987884e-11, 6.52334644635e-11, 4.38378326695e-11, 4.38258838942e-11, 3.94752112942e-11, 3.76747383291e-11, 2.94164137493e-11]
    },
    "melbands128": {
