{
"lowlevel": {
    "average_loudness": 0.983271896839,
    "barkbands_crest": {
        "dmean": 2.83259153366,
        "dmean2": 4.51357078552,
        "dvar": 6.47663211823,
        "dvar2": 15.1185655594,
        "max": 24.6051273346,
        "mean": 9.68412399292,
        "median": 8.92953014374,
        "min": 3.13531565666,
        "stdev": 3.95191955566,
        "var": 15.6176681519
    },
    "barkbands_flatness_db": {
        "dmean": 0.0177387706935,
        "dmean2": 0.0264614410698,
        "dvar": 0.0002168892388,
        "dvar2": 0.000477349327412,
        "max": 0.242661565542,
        "mean": 0.0923709720373,
        "median": 0.0892832428217,
        "min": 0.0236615166068,
        "stdev": 0.0324114821851,
        "var": 0.00105050415732
    },
    "barkbands_kurtosis": {
        "dmean": 1.24399328232,
        "dmean2": 1.92051148415,
        "dvar": 2.58233332634,
        "dvar2": 5.19419145584,
        "max": 31.4711532593,
        "mean": 0.980669677258,
        "median": 0.393600702286,
        "min": -1.87551236153,
        "stdev": 2.53538417816,
        "var": 6.42817306519
    },
    "barkbands_skewness": {
        "dmean": 0.431223452091,
        "dmean2": 0.639439642429,
        "dvar": 0.175753548741,
        "dvar2": 0.369237035513,
        "max": 5.35234928131,
        "mean": 0.56055021286,
        "median": 0.529476523399,
        "min": -2.06518244743,
        "stdev": 0.890822350979,
        "var": 0.79356443882
    },
    "barkbands_spread": {
        "dmean": 6.47975587845,
        "dmean2": 9.45230293274,
        "dvar": 39.9420013428,
        "dvar2": 71.6977996826,
        "max": 114.918495178,
        "mean": 28.7519855499,
        "median": 27.4886932373,
        "min": 5.71186637878,
        "stdev": 12.002120018,
        "var": 144.050888062
    },
    "dissonance": {
        "dmean": 0.0198528133333,
        "dmean2": 0.0338360369205,
        "dvar": 0.000490331207402,
        "dvar2": 0.00127072387841,
        "max": 0.499999940395,
        "mean": 0.46509963274,
        "median": 0.472274452448,
        "min": 0.166828632355,
        "stdev": 0.0284361001104,
        "var": 0.000808611803222
    },
    "dynamic_complexity": 1.95244908333,
    "erbbands_crest": {
        "dmean": 3.09157276154,
        "dmean2": 4.81148767471,
        "dvar": 9.12839126587,
        "dvar2": 20.4677467346,
        "max": 31.0993289948,
        "mean": 11.8937950134,
        "median": 10.5420036316,
        "min": 1.99182116985,
        "stdev": 6.20768642426,
        "var": 38.5353736877
    },
    "erbbands_flatness_db": {
        "dmean": 0.0193782094866,
        "dmean2": 0.0275750420988,
        "dvar": 0.000317517406074,
        "dvar2": 0.000605668057688,
        "max": 0.281302005053,
        "mean": 0.149142712355,
        "median": 0.14999422431,
        "min": 0.0587491430342,
        "stdev": 0.0429405719042,
        "var": 0.00184389273636
    },
    "erbbands_kurtosis": {
        "dmean": 1.41735982895,
        "dmean2": 2.19891190529,
        "dvar": 3.94182491302,
        "dvar2": 8.99262332916,
        "max": 25.1522026062,
        "mean": 2.47968101501,
        "median": 1.70554018021,
        "min": -1.53321230412,
        "stdev": 3.46067261696,
        "var": 11.9762554169
    },
    "erbbands_skewness": {
        "dmean": 0.33767619729,
        "dmean2": 0.494647681713,
        "dvar": 0.090240009129,
        "dvar2": 0.189513877034,
        "max": 3.07286381721,
        "mean": 0.38007992506,
        "median": 0.409780859947,
        "min": -2.76368880272,
        "stdev": 0.766356229782,
        "var": 0.587301909924
    },
    "erbbands_spread": {
        "dmean": 6.63779735565,
        "dmean2": 9.55332660675,
        "dvar": 48.1236000061,
        "dvar2": 95.1802902222,
        "max": 99.98878479,
        "mean": 28.5203952789,
        "median": 22.4877204895,
        "min": 2.83634138107,
        "stdev": 18.007062912,
        "var": 324.254333496
    },
    "hfc": {
        "dmean": 8.50849342346,
        "dmean2": 12.2186965942,
        "dvar": 71.0605697632,
        "dvar2": 147.074523926,
        "max": 111.640625,
        "mean": 39.1756591797,
        "median": 37.302947998,
        "min": 1.20415315512e-16,
        "stdev": 19.7854385376,
        "var": 391.463592529
    },
    "loudness_ebu128": {
        "integrated": -6.21592617035,
        "loudness_range": 0.925029277802,
        "momentary": {
            "dmean": 0.415704280138,
            "dmean2": 0.408862471581,
            "dvar": 0.132431358099,
            "dvar2": 0.150083437562,
            "max": -4.1268453598,
            "mean": -6.39938592911,
            "median": -6.10165452957,
            "min": -12.6465368271,
            "stdev": 1.35369718075,
            "var": 1.83249604702
        },
        "short_term": {
            "dmean": 0.0563608184457,
            "dmean2": 0.0614800862968,
            "dvar": 0.00181944423821,
            "dvar2": 0.00256676203571,
            "max": -5.50355577469,
            "mean": -6.14675378799,
            "median": -6.18010377884,
            "min": -7.13328456879,
            "stdev": 0.313288390636,
            "var": 0.0981496199965
        }
    },
    "melbands_crest": {
        "dmean": 3.62412166595,
        "dmean2": 5.78574752808,
        "dvar": 10.7351207733,
        "dvar2": 24.8323421478,
        "max": 32.0708885193,
        "mean": 12.8091344833,
        "median": 11.7184257507,
        "min": 2.57792282104,
        "stdev": 5.03713607788,
        "var": 25.3727378845
    },
    "melbands_flatness_db": {
        "dmean": 0.0200625378639,
        "dmean2": 0.0299980584532,
        "dvar": 0.000384346989449,
        "dvar2": 0.000825743249152,
        "max": 0.31407392025,
        "mean": 0.146144583821,
        "median": 0.139769747853,
        "min": 0.00503304321319,
        "stdev": 0.0398152992129,
        "var": 0.00158525817096
    },
    "melbands_kurtosis": {
        "dmean": 3.04901599884,
        "dmean2": 4.68992567062,
        "dvar": 26.4783649445,
        "dvar2": 54.3752861023,
        "max": 95.0515365601,
        "mean": 4.32230043411,
        "median": 1.79182863235,
        "min": -1.78948330879,
        "stdev": 8.37519359589,
        "var": 70.1438598633
    },
    "melbands_skewness": {
        "dmean": 0.623954534531,
        "dmean2": 0.926315486431,
        "dvar": 0.417323589325,
        "dvar2": 0.90214818716,
        "max": 8.40911769867,
        "mean": 1.30329120159,
        "median": 1.07148468494,
        "min": -1.40351808071,
        "stdev": 1.35210847855,
        "var": 1.82819747925
    },
    "melbands_spread": {
        "dmean": 8.24740219116,
        "dmean2": 12.5644187927,
        "dvar": 79.9294128418,
        "dvar2": 166.989151001,
        "max": 137.191345215,
        "mean": 36.6201553345,
        "median": 35.1597442627,
        "min": 3.65697407722,
        "stdev": 14.9594774246,
        "var": 223.785964966
    },
    "pitch_salience": {
        "dmean": 0.0694468393922,
        "dmean2": 0.108393922448,
        "dvar": 0.00393628235906,
        "dvar2": 0.00889159366488,
        "max": 0.919113695621,
        "mean": 0.529747724533,
        "median": 0.53169387579,
        "min": 0.13202470541,
        "stdev": 0.103821337223,
        "var": 0.0107788704336
    },
    "silence_rate_20dB": {
        "dmean": 0,
        "dmean2": 0,
        "dvar": 0,
        "dvar2": 0,
        "max": 1,
        "mean": 1,
        "median": 1,
        "min": 1,
        "stdev": 0,
        "var": 0
    },
    "silence_rate_30dB": {
        "dmean": 0,
        "dmean2": 0,
        "dvar": 0,
        "dvar2": 0,
        "max": 1,
        "mean": 1,
        "median": 1,
        "min": 1,
        "stdev": 0,
        "var": 0
    },
    "silence_rate_60dB": {
        "dmean": 0.00696594407782,
        "dmean2": 0.0139426803216,
        "dvar": 0.00691753113642,
        "dvar2": 0.0183959901333,
        "max": 1,
        "mean": 0.00773395225406,
        "median": 0,
        "min": 0,
        "stdev": 0.087603636086,
        "var": 0.00767439696938
    },
    "spectral_centroid": {
        "dmean": 183.369476318,
        "dmean2": 270.201141357,
        "dvar": 93142.609375,
        "dvar2": 134589.640625,
        "max": 10768.1503906,
        "mean": 1631.25134277,
        "median": 1604.5291748,
        "min": 410.371582031,
        "stdev": 458.71484375,
        "var": 210419.296875
    },
    "spectral_complexity": {
        "dmean": 3.57972145081,
        "dmean2": 5.56855154037,
        "dvar": 10.9325017929,
        "dvar2": 25.7681236267,
        "max": 43,
        "mean": 23.4508895874,
        "median": 24,
        "min": 0,
        "stdev": 6.27964544296,
        "var": 39.4339485168
    },
    "spectral_decrease": {
        "dmean": 2.32920416288e-09,
        "dmean2": 3.64657681828e-09,
        "dvar": 6.80379876627e-18,
        "dvar2": 1.58825758276e-17,
        "max": 7.45689018846e-29,
        "mean": -8.13025291535e-09,
        "median": -7.71505614949e-09,
        "min": -2.53885765744e-08,
        "stdev": 4.14496792445e-09,
        "var": 1.7180758044e-17
    },
    "spectral_energy": {
        "dmean": 0.00935025140643,
        "dmean2": 0.0145737808198,
        "dvar": 0.000103584439785,
        "dvar2": 0.00023968469759,
        "max": 0.100028149784,
        "mean": 0.0342387892306,
        "median": 0.0330764465034,
        "min": 1.06405864436e-20,
        "stdev": 0.0167598351836,
        "var": 0.00028089209809
    },
    "spectral_energyband_high": {
        "dmean": 0.0004072074953,
        "dmean2": 0.000561884371564,
        "dvar": 2.18652502326e-07,
        "dvar2": 3.93591648162e-07,
        "max": 0.00618323916569,
        "mean": 0.00133835955057,
        "median": 0.00126845389605,
        "min": 7.58304336405e-21,
        "stdev": 0.000836724764667,
        "var": 7.0010833042e-07
    },
    "spectral_energyband_low": {
        "dmean": 0.0058229570277,
        "dmean2": 0.00938613247126,
        "dvar": 7.62381896493e-05,
        "dvar2": 0.00017779043992,
        "max": 0.0700290575624,
        "mean": 0.00972913671285,
        "median": 0.00570564949885,
        "min": 5.61626429137e-23,
        "stdev": 0.0112322503701,
        "var": 0.000126163446112
    },
    "spectral_energyband_middle_high": {
        "dmean": 0.00402838177979,
        "dmean2": 0.0060410508886,
        "dvar": 2.23468105105e-05,
        "dvar2": 4.73511681776e-05,
        "max": 0.0566760748625,
        "mean": 0.0151051143184,
        "median": 0.01214366965,
        "min": 1.37033878554e-21,
        "stdev": 0.0112923514098,
        "var": 0.000127517196233
    },
    "spectral_energyband_middle_low": {
        "dmean": 0.0037343010772,
        "dmean2": 0.00594062544405,
        "dvar": 2.97213973681e-05,
        "dvar2": 7.50096951379e-05,
        "max": 0.0554863288999,
        "mean": 0.00877085514367,
        "median": 0.00642492994666,
        "min": 3.24237634507e-22,
        "stdev": 0.0074887839146,
        "var": 5.60818843951e-05
    },
    "spectral_entropy": {
        "dmean": 0.136763080955,
        "dmean2": 0.189854234457,
        "dvar": 0.0164201669395,
        "dvar2": 0.0278995074332,
        "max": 9.803358078,
        "mean": 7.81222867966,
        "median": 7.83693265915,
        "min": 6.75640773773,
        "stdev": 0.302342325449,
        "var": 0.0914108753204
    },
    "spectral_flux": {
        "dmean": 0.0305809099227,
        "dmean2": 0.0492337532341,
        "dvar": 0.000886815425474,
        "dvar2": 0.00221762503497,
        "max": 0.290212213993,
        "mean": 0.101767882705,
        "median": 0.0949811786413,
        "min": 1.03153215136e-10,
        "stdev": 0.0420466959476,
        "var": 0.00176792452112
    },
    "spectral_kurtosis": {
        "dmean": 0.832049489021,
        "dmean2": 1.22873866558,
        "dvar": 0.653175055981,
        "dvar2": 1.29234313965,
        "max": 13.2308483124,
        "mean": 3.47080135345,
        "median": 3.14521837234,
        "min": -1.20444297791,
        "stdev": 1.79332387447,
        "var": 3.21601033211
    },
    "spectral_rms": {
        "dmean": 0.000795005529653,
        "dmean2": 0.00121243065223,
        "dvar": 6.73348608871e-07,
        "dvar2": 1.46238016896e-06,
        "max": 0.00987868569791,
        "mean": 0.00558136729524,
        "median": 0.00568064302206,
        "min": 3.22196522934e-12,
        "stdev": 0.00150067347568,
        "var": 2.25202074944e-06
    },
    "spectral_rolloff": {
        "dmean": 446.59753418,
        "dmean2": 731.880615234,
        "dvar": 1121120.25,
        "dvar2": 2272450.25,
        "max": 19293.75,
        "mean": 1908.46191406,
        "median": 1679.58984375,
        "min": 64.599609375,
        "stdev": 1319.55981445,
        "var": 1741238
    },
    "spectral_skewness": {
        "dmean": 0.146866828203,
        "dmean2": 0.211597323418,
        "dvar": 0.0162022970617,
        "dvar2": 0.0329594761133,
        "max": 3.21249198914,
        "mean": 1.59398663044,
        "median": 1.57442164421,
        "min": 0.0301572307944,
        "stdev": 0.321699380875,
        "var": 0.103490486741
    },
    "spectral_spread": {
        "dmean": 606426.3125,
        "dmean2": 843009.5625,
        "dvar": 1.25557171814e+12,
        "dvar2": 1.50370883994e+12,
        "max": 41302204,
        "mean": 5816854.5,
        "median": 5697403.5,
        "min": 3082645.75,
        "stdev": 1660005.125,
        "var": 2.75561709568e+12
    },
    "spectral_strongpeak": {
        "dmean": 1.52009785175,
        "dmean2": 2.51778697968,
        "dvar": 4.14093208313,
        "dvar2": 8.82835292816,
        "max": 14.0805940628,
        "mean": 2.98911738396,
        "median": 1.42472982407,
        "min": 0,
        "stdev": 3.33862185478,
        "var": 11.1463956833
    },
    "zerocrossingrate": {
        "dmean": 0.0117595661432,
        "dmean2": 0.0134468348697,
        "dvar": 0.00033815309871,
        "dvar2": 0.000397134106606,
        "max": 0.50830078125,
        "mean": 0.0858989804983,
        "median": 0.0830078125,
        "min": 0.01708984375,
        "stdev": 0.0327478274703,
        "var": 0.00107242027298
    },
    "barkbands": {
        "dmean": [0.000355780997779, 0.00408767629415, 0.00248391530477, 0.000747257319745, 0.00157841178589, 0.000513019738719, 0.000620122009423, 0.00045567980851, 0.0011451045284, 0.000994217465632, 0.000953181122895, 0.000801274669357, 0.000785514479503, 0.0019573206082, 0.000830581411719, 0.000768835947383, 0.000349983922206, 0.000253705569776, 0.000128997766296, 0.000111158580694, 9.67094165389e-05, 8.71792290127e-05, 8.24108210509e-05, 9.99662515824e-05, 9.02622196008e-05, 4.72130450362e-05, 4.72421243103e-06],
        "dmean2": [0.000600181927439, 0.00620939768851, 0.0042176884599, 0.00126349856146, 0.00258185854182, 0.000853083387483, 0.00102895498276, 0.000751255138312, 0.00179105822463, 0.00141939567402, 0.00150584278163, 0.00131836929359, 0.00127062108368, 0.00292746769264, 0.00123345304746, 0.00112231669482, 0.000541915069334, 0.000383632228477, 0.000212225015275, 0.000176670480869, 0.000156946305651, 0.000128369400045, 0.000124430895085, 0.000143730503623, 0.000131520704599, 6.78325668559e-05, 7.51884545025e-06],
        "dvar": [1.61870971738e-07, 3.74371447833e-05, 2.57846859313e-05, 2.05296714739e-06, 1.56171099661e-05, 6.80864388869e-07, 1.55502357302e-06, 1.22004007608e-06, 5.08411312694e-06, 4.22251650889e-06, 3.90141394746e-06, 1.40266456583e-06, 4.47647289548e-06, 1.19804153655e-05, 6.56854172121e-06, 5.83494693274e-06, 5.07417780682e-07, 2.69678281484e-07, 3.07534691046e-08, 1.97299900861e-08, 1.37822224744e-08, 1.08005595578e-08, 1.06789581622e-08, 1.37671580802e-08, 1.55195323259e-08, 3.88478715863e-09, 6.56747364824e-11],
        "dvar2": [4.36454484998e-07, 8.21852081572e-05, 6.62492457195e-05, 5.18180195286e-06, 4.13121888414e-05, 1.58964928687e-06, 4.2117180783e-06, 2.85049281956e-06, 1.13533642434e-05, 8.21255162009e-06, 9.63974707702e-06, 3.72259114556e-06, 1.11106737677e-05, 2.383879837e-05, 1.41066748256e-05, 1.02497679109e-05, 9.95667960524e-07, 4.38304397221e-07, 8.20321801598e-08, 4.46459758052e-08, 3.28719345077e-08, 2.24378062796e-08, 2.31862262723e-08, 2.71865374657e-08, 3.01962437277e-08, 7.16516401766e-09, 1.51039056262e-10],
        "max": [0.00236429111101, 0.0524880439043, 0.0439676269889, 0.0263906940818, 0.0446386635303, 0.0116423899308, 0.0213671661913, 0.0178012084216, 0.0328551754355, 0.0364060923457, 0.0470788665116, 0.0138647826388, 0.0376777984202, 0.0517799928784, 0.0461305603385, 0.0402076281607, 0.0153937712312, 0.0143536776304, 0.00222660065629, 0.00310262246057, 0.00162356963847, 0.00119241373613, 0.00150542554911, 0.00143996067345, 0.00175078003667, 0.000534538936336, 8.03217481007e-05],
        "mean": [0.000435175665189, 0.00586571311578, 0.00289191235788, 0.000894843018614, 0.00188626523595, 0.000855122227222, 0.00101957912557, 0.000834947742987, 0.00258808187209, 0.00191518838983, 0.00179008115083, 0.0014736658195, 0.00137754960451, 0.00460379291326, 0.00140846625436, 0.00146959465928, 0.000680037017446, 0.000533170066774, 0.000257253122982, 0.000237192740315, 0.000214991261601, 0.000210732454434, 0.000192727384274, 0.000258148647845, 0.00023011562007, 0.000109164924652, 5.28364353158e-06],
        "median": [0.00030372600304, 0.0020198780112, 0.00128597812727, 0.000501143047586, 0.00063829368446, 0.000546369003132, 0.000655560113955, 0.000378291297238, 0.000761397124734, 0.000547760922927, 0.000787868048064, 0.000857044185977, 0.000551055301912, 0.00118288048543, 0.000334053998813, 0.000288007286144, 0.000336601195158, 0.000329067202983, 0.00019000931934, 0.000174991975655, 0.000180814531632, 0.000161738411407, 0.000157332702656, 0.000232310179854, 0.000188852427527, 8.76945559867e-05, 1.71751992184e-06],
        "min": [2.71037176915e-23, 1.14379782547e-23, 1.58303399978e-23, 2.1627356935e-23, 4.56446752674e-23, 2.78391285372e-23, 1.41896008228e-22, 2.53908718966e-23, 5.73419962779e-23, 8.38032435601e-23, 3.82953441518e-23, 6.39234123231e-23, 8.68332204317e-23, 8.01654903817e-23, 9.75338787973e-23, 1.95282163678e-22, 1.03113435182e-22, 3.63730510534e-22, 1.88814981003e-22, 1.65723116419e-22, 4.30514995143e-22, 6.48160380985e-22, 6.91848936799e-22, 9.67393078013e-22, 1.12490787583e-21, 1.56318485839e-21, 2.50408331714e-21],
        "stdev": [0.000449075101642, 0.00838885828853, 0.00475269416347, 0.0015357384691, 0.00387204065919, 0.00106567668263, 0.00130776234437, 0.0013639323879, 0.00432486087084, 0.00340685341507, 0.0031239152886, 0.00185049499851, 0.00310069159605, 0.00728521635756, 0.0037841508165, 0.00442436896265, 0.00121556944214, 0.000897424120922, 0.000237656902755, 0.000242024470936, 0.000175952736754, 0.00017561110144, 0.000158245136845, 0.000192036939552, 0.000198911599, 9.58823875408e-05, 8.86924499355e-06],
        "var": [2.01668456157e-07, 7.03729383531e-05, 2.25881012739e-05, 2.35849279306e-06, 1.49926991071e-05, 1.13566670734e-06, 1.71024225892e-06, 1.8603116132e-06, 1.87044206541e-05, 1.16066494229e-05, 9.7588472272e-06, 3.42433168043e-06, 9.61428850133e-06, 5.30743745912e-05, 1.43197967191e-05, 1.95750399143e-05, 1.47760897562e-06, 8.05370007129e-07, 5.64808040338e-08, 5.85758428429e-08, 3.09593630732e-08, 3.08392600346e-08, 2.50415244096e-08, 3.68781876148e-08, 3.95658261709e-08, 9.19343179362e-09, 7.86634993255e-11]
    },
    "erbbands": {
        "dmean": [0.141123786569, 0.943341016769, 2.57707238197, 2.86111330986, 4.16335868835, 5.32049369812, 4.5836224556, 4.02634048462, 5.95797395706, 12.064239502, 12.297082901, 17.5453529358, 38.0272331238, 24.195306778, 33.5919799805, 26.1506900787, 29.3353328705, 77.1400909424, 58.3560752869, 55.0084114075, 24.6456623077, 20.0124473572, 14.1969013214, 7.29914426804, 6.29412603378, 5.26596069336, 4.41667222977, 3.90667295456, 3.23535299301, 2.78384757042, 2.33753657341, 2.02633666992, 1.75969398022, 1.10416579247, 0.652856528759, 0.264423459768, 0.0749827325344, 0.0143258282915, 0.000519384513609, 1.8938924768e-05],
        "dmean2": [0.210985720158, 1.47433638573, 4.34717941284, 4.80961275101, 6.71078634262, 8.9734916687, 7.71451234818, 6.62765455246, 9.94263935089, 19.5922889709, 19.42619133, 27.970035553, 55.0397567749, 36.5880088806, 53.996307373, 43.459728241, 47.4219322205, 114.524459839, 83.959022522, 79.6008529663, 36.393371582, 31.3076858521, 21.1844596863, 11.597899437, 10.3216543198, 8.49203300476, 7.36080551147, 6.23175907135, 4.81495475769, 4.0929479599, 3.50737714767, 3.03428578377, 2.54345679283, 1.6361836195, 0.985324442387, 0.385394662619, 0.106154955924, 0.0213894695044, 0.000793503189925, 2.8762528018e-05],
        "dvar": [0.0412200540304, 2.32925415039, 24.8045082092, 28.2071743011, 113.886619568, 182.916656494, 93.9242630005, 51.2530403137, 199.900299072, 500.027862549, 729.382019043, 1324.11450195, 7100.69580078, 2015.69616699, 4457.47412109, 1645.7434082, 6553.63769531, 21835.328125, 16494.7128906, 29219.5976562, 4572.34375, 1566.41809082, 1180.70300293, 87.9647140503, 74.3005065918, 50.9577026367, 34.1332855225, 21.1597080231, 14.5875349045, 15.5301218033, 7.36699008942, 5.43142271042, 4.40855932236, 2.24896502495, 0.83856767416, 0.126100331545, 0.00989811588079, 0.000436953385361, 7.8845198459e-07, 4.55501719676e-10],
        "dvar2": [0.0958831012249, 5.25942087173, 61.053653717, 74.4239120483, 282.968902588, 506.679473877, 245.615829468, 127.989578247, 527.905273438, 1270.92785645, 1462.53601074, 2916.88500977, 15341.2441406, 4221.46142578, 11113.1357422, 4378.9765625, 17516.0039062, 41545.921875, 31723.375, 59572.1328125, 9679.57519531, 3390.41723633, 1741.88464355, 227.094482422, 176.973876953, 123.43019104, 82.9507598877, 52.6839408875, 33.9140930176, 32.7476119995, 15.4861946106, 11.713757515, 8.5557384491, 4.42316150665, 1.63516652584, 0.24058163166, 0.0186075586826, 0.000897844729479, 1.74698709543e-06, 9.74414327004e-10],
        "max": [1.72016966343, 13.0198097229, 44.7514038086, 50.4082069397, 101.629066467, 173.428970337, 158.082366943, 131.206069946, 217.140075684, 372.584197998, 584.344726562, 574.260742188, 1229.97351074, 1112.91455078, 1674.38537598, 819.424194336, 1817.96679688, 2924.84838867, 2190.05371094, 2979.07128906, 1132.04858398, 702.753356934, 1035.82714844, 169.195251465, 109.398109436, 180.861022949, 116.532234192, 43.7327156067, 44.6628341675, 58.3105812073, 36.2530937195, 23.6544151306, 26.8968296051, 23.1375656128, 9.83010482788, 3.48753190041, 0.913131952286, 0.217184990644, 0.00845086574554, 0.000218494154979],
        "mean": [0.192813381553, 1.22917020321, 3.09337830544, 3.62177538872, 4.32953548431, 6.74004793167, 6.83906888962, 6.77659368515, 10.1166410446, 20.474779129, 24.6933345795, 39.6981887817, 84.4440231323, 56.331703186, 67.3816070557, 56.2161407471, 65.8654785156, 179.511001587, 148.929977417, 109.725494385, 51.4304771423, 40.4469184875, 31.061920166, 17.2214374542, 13.0592250824, 10.9949016571, 9.19393348694, 8.33333396912, 7.57021665573, 6.45551538467, 5.47745513916, 5.0912232399, 4.37382507324, 2.73244643211, 1.57462227345, 0.623115181923, 0.166805535555, 0.0241505671293, 0.000746125995647, 6.54131217743e-05],
        "median": [0.0751278400421, 0.378324210644, 1.58081018925, 2.07077717781, 1.43560087681, 2.30111479759, 3.29621577263, 4.19869756699, 6.0350894928, 11.7351255417, 13.4252986908, 15.5187091827, 19.9754905701, 31.3182449341, 38.1748008728, 36.3184013367, 35.0768051147, 63.6956100464, 39.4896354675, 25.4113464355, 16.3697242737, 20.6791362762, 19.2589225769, 13.0516376495, 10.0327396393, 7.96050834656, 7.0813369751, 6.90613937378, 5.99738073349, 4.5096616745, 4.56688594818, 4.52282094955, 3.8512160778, 2.29390382767, 1.22306132317, 0.493675917387, 0.131006792188, 0.0154556185007, 0.000386552594136, 6.24885069556e-05],
        "min": [8.05623530503e-22, 1.08430716142e-21, 1.14117368788e-20, 6.44953240595e-20, 8.65840707938e-20, 1.60768768829e-19, 2.08352436964e-19, 2.5125453425e-19, 1.47637325719e-18, 1.69189299444e-18, 8.95653589684e-19, 1.11643378204e-18, 1.3911605226e-18, 2.5307421269e-18, 2.29232613369e-18, 2.41940216889e-18, 3.68425707164e-18, 3.90495713087e-18, 5.08435621133e-18, 6.98234321994e-18, 8.71076854274e-18, 7.18053900343e-18, 1.24845873544e-17, 1.86194550855e-17, 8.67803286999e-18, 7.9172119949e-18, 1.5849520036e-17, 1.71077262678e-17, 2.04168424559e-17, 2.42921273775e-17, 1.95649225256e-17, 2.07048783258e-17, 1.5535616574e-17, 1.31248747794e-17, 7.62353723485e-18, 4.74391265945e-18, 3.07298941732e-18, 1.42273028427e-18, 2.91104296302e-19, 3.71780462215e-20],
        "stdev": [0.271769493818, 1.91921103001, 4.90729951859, 5.14360237122, 10.2748470306, 13.8500156403, 11.6552457809, 8.89109611511, 14.8407297134, 26.6146144867, 39.4462165833, 59.3858528137, 151.186065674, 82.6818008423, 102.16999054, 65.7097625732, 112.228736877, 290.675476074, 292.837524414, 286.411071777, 122.565551758, 63.6659049988, 59.948135376, 15.207608223, 11.6070518494, 11.3416147232, 8.81502246857, 6.57500505447, 6.13987970352, 6.11296606064, 4.34507036209, 3.75587201118, 3.38492131233, 2.33671069145, 1.42681896687, 0.555721640587, 0.150908321142, 0.0267179496586, 0.00101331155747, 3.06537949655e-05],
        "var": [0.0738586634398, 3.68337082863, 24.0815868378, 26.4566440582, 105.572479248, 191.822937012, 135.84475708, 79.0515899658, 220.247268677, 708.33770752, 1556.00390625, 3526.67944336, 22857.2246094, 6836.27978516, 10438.7070312, 4317.77294922, 12595.2900391, 84492.234375, 85753.8125, 82031.3046875, 15022.3144531, 4053.34765625, 3593.77880859, 231.271362305, 134.723648071, 128.632217407, 77.7046279907, 43.2306938171, 37.6981239319, 37.3683547974, 18.8796367645, 14.1065740585, 11.4576921463, 5.46021699905, 2.03581237793, 0.308826565742, 0.022773321718, 0.00071384885814, 1.02680030523e-06, 9.39655131482e-10]
    },
    "gfcc": {
        "mean": [54.7436752319, 57.7647018433, -121.332115173, 18.0201892853, -53.1551551819, 35.3910675049, -38.2125358582, 18.2875118256, -25.1034832001, 10.5594301224, -18.1104202271, 3.39109921455, -14.0457878113],
        "cov": [[2968.91723633, -1.14302563667, -52.6951141357, 123.270111084, 87.8580856323, 134.753067017, -55.8989677429, 54.5176200867, -6.2906665802, 55.4316482544, -76.8188476562, -17.4286785126, -49.3200531006], [-1.14302563667, 493.779571533, -17.9779968262, 81.5220489502, 104.405792236, 17.339214325, 93.4390258789, 2.06111383438, 31.7440853119, -54.2265930176, 22.1114196777, -37.0430488586, -13.0772180557], [-52.6951141357, -17.9779968262, 431.904205322, 117.563911438, -3.62135004997, -0.285659730434, 12.3047485352, -7.88398933411, -40.5591201782, -7.3053021431, -29.0133934021, 10.4941453934, -40.8720474243], [123.270111084, 81.5220489502, 117.563911438, 246.793029785, 52.8885612488, -27.1957473755, -19.4116897583, -0.669247746468, 43.9360771179, -7.83807945251, -12.2783298492, 10.5059146881, 2.14604210854], [87.8580856323, 104.405792236, -3.62135004997, 52.8885612488, 253.069702148, 68.6744003296, 31.01313591, 58.5232009888, 69.4706420898, 31.3122348785, 2.99970078468, -3.04978609085, 1.72326624393], [134.753067017, 17.339214325, -0.285659730434, -27.1957473755, 68.6744003296, 165.91519165, 106.855278015, 24.8267192841, 5.76424837112, 28.9400424957, 17.6167488098, -27.4109630585, -20.492805481], [-55.8989677429, 93.4390258789, 12.3047485352, -19.4116897583, 31.01313591, 106.855278015, 182.642349243, 35.7707481384, -9.18146419525, 13.3801698685, 28.9324245453, -25.5231285095, -21.9914703369], [54.5176200867, 2.06111383438, -7.88398933411, -0.669247746468, 58.5232009888, 24.8267192841, 35.7707481384, 111.830047607, 69.8392028809, 32.9245071411, 8.33730792999, 14.8501415253, 14.8682136536], [-6.2906665802, 31.7440853119, -40.5591201782, 43.9360771179, 69.4706420898, 5.76424837112, -9.18146419525, 69.8392028809, 134.649475098, 45.1783790588, 10.6768121719, 22.2109146118, 27.1563930511], [55.4316482544, -54.2265930176, -7.3053021431, -7.83807945251, 31.3122348785, 28.9400424957, 13.3801698685, 32.9245071411, 45.1783790588, 81.8571777344, 40.4393424988, 20.388967514, 6.45037889481], [-76.8188476562, 22.1114196777, -29.0133934021, -12.2783298492, 2.99970078468, 17.6167488098, 28.9324245453, 8.33730792999, 10.6768121719, 40.4393424988, 86.4404296875, 35.8904342651, 3.23091197014], [-17.4286785126, -37.0430488586, 10.4941453934, 10.5059146881, -3.04978609085, -27.4109630585, -25.5231285095, 14.8501415253, 22.2109146118, 20.388967514, 35.8904342651, 76.9484786987, 29.8370265961], [-49.3200531006, -13.0772180557, -40.8720474243, 2.14604210854, 1.72326624393, -20.492805481, -21.9914703369, 14.8682136536, 27.1563930511, 6.45037889481, 3.23091197014, 29.8370265961, 70.2142944336]],
        "icov": [[0.00051703536883, -0.000440431176685, 0.000446559570264, -0.000601837702561, 0.000324399094097, -0.00108803366311, 0.000925520260353, -0.000862482236698, 0.00122832891066, -0.00144904153422, 0.00149849138688, -0.000908830668777, 0.000681775680277], [-0.000440431176685, 0.00451913941652, -0.000519221124705, -3.68603978131e-05, -0.00219993921928, 0.00273600267246, -0.00350999156944, 0.00222202693112, -0.00386292813346, 0.00676801009104, -0.00541796348989, 0.00364972930402, -0.000915482873097], [0.000446559570264, -0.000519221124705, 0.0039073494263, -0.00253297644667, 0.000628227018751, -0.00125368277077, 0.000415356480516, -0.00160108495038, 0.00341415056027, -0.00300865294412, 0.00407440960407, -0.00353444134817, 0.00292705674656], [-0.000601837702561, -3.68603978131e-05, -0.00253297644667, 0.00689044827595, -0.00146902375855, 0.00240977434441, -0.00118013645988, 0.00307731330395, -0.00481430394575, 0.00290690152906, -0.00187809381168, 0.00100353814196, -0.001141626155], [0.000324399094097, -0.00219993921928, 0.000628227018751, -0.00146902375855, 0.00677556311712, -0.00417765881866, 0.00257088802755, -0.00300489040092, 0.000708386301994, -0.00371952075511, 0.00324642821215, -0.00175941176713, 0.000950639951043], [-0.00108803366311, 0.00273600267246, -0.00125368277077, 0.00240977434441, -0.00417765881866, 0.0152238458395, -0.00929575506598, 0.00382363260724, -0.00401791371405, 0.0021117948927, -0.00471453182399, 0.00554001983255, -0.00101075321436], [0.000925520260353, -0.00350999156944, 0.000415356480516, -0.00118013645988, 0.00257088802755, -0.00929575506598, 0.0145967490971, -0.00726778199896, 0.00616230396554, -0.00386569439434, 0.000206026248634, 0.000238713895669, 0.00146967871115], [-0.000862482236698, 0.00222202693112, -0.00160108495038, 0.00307731330395, -0.00300489040092, 0.00382363260724, -0.00726778199896, 0.0189755000174, -0.0113360313699, 0.00260614813305, -0.00114291871432, -0.000261588138528, -0.00201406911947], [0.00122832891066, -0.00386292813346, 0.00341415056027, -0.00481430394575, 0.000708386301994, -0.00401791371405, 0.00616230396554, -0.0113360313699, 0.0218869894743, -0.0137026207522, 0.00817292649299, -0.00505368597806, -1.64938810485e-05], [-0.00144904153422, 0.00676801009104, -0.00300865294412, 0.00290690152906, -0.00371952075511, 0.0021117948927, -0.00386569439434, 0.00260614813305, -0.0137026207522, 0.0337403342128, -0.0197668094188, 0.00696877762675, -0.00250418996438], [0.00149849138688, -0.00541796348989, 0.00407440960407, -0.00187809381168, 0.00324642821215, -0.00471453182399, 0.000206026248634, -0.00114291871432, 0.00817292649299, -0.0197668094188, 0.0318521298468, -0.018236041069, 0.00626201927662], [-0.000908830668777, 0.00364972930402, -0.00353444134817, 0.00100353814196, -0.00175941176713, 0.00554001983255, 0.000238713895669, -0.000261588138528, -0.00505368597806, 0.00696877762675, -0.018236041069, 0.0291029624641, -0.0104700252414], [0.000681775680277, -0.000915482873097, 0.00292705674656, -0.001141626155, 0.000950639951043, -0.00101075321436, 0.00146967871115, -0.00201406911947, -1.64938810485e-05, -0.00250418996438, 0.00626201927662, -0.0104700252414, 0.0212551578879]]
    },
    "melbands": {
        "dmean": [0.00115746597294, 0.00119656464085, 0.000503445975482, 0.000365055253496, 0.000163487406098, 9.14199990802e-05, 9.8032396636e-05, 0.000123069839901, 0.00011745444499, 0.000129086649395, 0.000190823848243, 9.85882506939e-05, 0.000132293003844, 8.24276576168e-05, 7.86678428994e-05, 9.27180226427e-05, 0.00015500227164, 0.000115370072308, 6.43651073915e-05, 7.68238896853e-05, 2.39301625697e-05, 2.34235340031e-05, 1.54461013153e-05, 1.25803908304e-05, 5.99628037889e-06, 5.17352646057e-06, 4.68763573735e-06, 3.72160798179e-06, 3.10589734909e-06, 2.35463153331e-06, 2.367816478e-06, 2.03776630769e-06, 1.75426703208e-06, 1.67243581473e-06, 1.48726905991e-06, 1.28220904116e-06, 1.45736044033e-06, 1.46450008742e-06, 1.05223682567e-06, 9.97788447421e-07],
        "dmean2": [0.00170537782833, 0.00198626331985, 0.000829429307487, 0.000602238287684, 0.00027709081769, 0.000151859378093, 0.000163418691955, 0.000200508933631, 0.000184754171642, 0.000203287534532, 0.000277606333839, 0.000147468454088, 0.000209115780308, 0.000135278620292, 0.000132315297378, 0.000142304197652, 0.00023013385362, 0.000168263271917, 9.3992202892e-05, 0.000108924352389, 3.67460233974e-05, 3.73212606064e-05, 2.38830689341e-05, 1.88621397683e-05, 9.8376740425e-06, 8.43595080369e-06, 7.42916745367e-06, 6.13524662185e-06, 5.21003403264e-06, 3.83110227631e-06, 3.83317410524e-06, 3.1934036997e-06, 2.60253091255e-06, 2.56757948591e-06, 2.27008263209e-06, 1.95714687834e-06, 2.23622237172e-06, 2.17935189539e-06, 1.54050997025e-06, 1.51062431542e-06],
        "dvar": [2.71097610494e-06, 4.41587144451e-06, 8.03068189725e-07, 9.10387086606e-07, 1.26392109223e-07, 2.39484094777e-08, 4.64654945631e-08, 5.37089448471e-08, 6.82461660517e-08, 6.6892248185e-08, 1.69696178887e-07, 3.62831578116e-08, 8.9291994243e-08, 1.89204332202e-08, 3.84561325006e-08, 5.53967147709e-08, 8.52449986155e-08, 7.44460280089e-08, 3.98728019491e-08, 6.01070624384e-08, 4.47880932342e-09, 2.26221086308e-09, 8.9101032108e-10, 6.38154973309e-10, 7.09395944765e-11, 5.05582520294e-11, 4.25347881916e-11, 3.11366904482e-11, 1.56551091535e-11, 8.76251154969e-12, 8.33836211883e-12, 6.20000578655e-12, 4.91514077702e-12, 5.82508563954e-12, 3.06290604858e-12, 1.70352707635e-12, 3.31614141529e-12, 3.10445419371e-12, 1.72270878118e-12, 1.92178369572e-12],
        "dvar2": [6.00125486017e-06, 1.0428785572e-05, 2.06652225643e-06, 2.41351995101e-06, 3.39135993954e-07, 5.74296734612e-08, 1.23037992239e-07, 1.30398902343e-07, 1.2860503773e-07, 1.5523822583e-07, 3.68324634792e-07, 7.31694385081e-08, 2.22448292675e-07, 4.88487010841e-08, 1.08699225621e-07, 1.35754405051e-07, 1.64570565175e-07, 1.48414883938e-07, 8.24811365874e-08, 1.02464781548e-07, 9.36012689579e-09, 4.8853907586e-09, 1.74635184091e-09, 1.02167163618e-09, 1.91651708392e-10, 1.24492222087e-10, 9.19419471113e-11, 7.64144095222e-11, 3.85747302156e-11, 2.13718782255e-11, 2.11466261169e-11, 1.55260630741e-11, 1.02279981359e-11, 1.32497745414e-11, 6.65707116168e-12, 3.87802897434e-12, 7.78640867061e-12, 6.59791925955e-12, 3.53032078397e-12, 4.01366179875e-12],
        "max": [0.0147789847106, 0.0178234502673, 0.00895879603922, 0.0108431167901, 0.00501680048183, 0.00261586345732, 0.00297867832705, 0.00341121037491, 0.00660932390019, 0.00394246727228, 0.00593492388725, 0.00519143696874, 0.00750404596329, 0.00201973179355, 0.00567457219586, 0.00475203618407, 0.00527474703267, 0.00396529957652, 0.00455026002601, 0.00425208453089, 0.00104133947752, 0.000782402814366, 0.000551849603653, 0.000732437474653, 0.000151782063767, 9.56341682468e-05, 0.00014788073895, 0.000112216170237, 6.99915108271e-05, 3.99103300879e-05, 2.63859219558e-05, 2.87089096673e-05, 2.81141383311e-05, 3.60568155884e-05, 2.37327767536e-05, 1.42363596751e-05, 2.01641869353e-05, 2.22857652261e-05, 1.67678372236e-05, 2.05377291422e-05],
        "mean": [0.00168520666193, 0.00159252644517, 0.00063314079307, 0.000409592088545, 0.000252575613558, 0.000156515015988, 0.000169557039044, 0.000214825748117, 0.000226141157327, 0.000294707948342, 0.000426880113082, 0.000223212104174, 0.000252789555816, 0.000158783557708, 0.000145106940181, 0.000197174245841, 0.000339928868925, 0.000281113403616, 0.000119817668747, 0.000138246090501, 4.28207094956e-05, 4.32583256043e-05, 2.93571920338e-05, 2.59489806922e-05, 1.2466647604e-05, 9.64765695244e-06, 8.93446849659e-06, 6.85733539285e-06, 6.03476155447e-06, 4.66455821879e-06, 4.7192220336e-06, 4.28737530456e-06, 3.98950624003e-06, 3.43779402101e-06, 3.13977943733e-06, 2.98410623145e-06, 3.22235223393e-06, 3.3212688777e-06, 2.41649695454e-06, 2.26109523283e-06],
        "median": [0.000611635332461, 0.000818324915599, 0.000374766095774, 0.000138576026075, 0.000114168375148, 0.000103849473817, 0.000108030362753, 0.000115305250802, 0.000114274982479, 8.85629415279e-05, 9.91929555312e-05, 0.000103204743937, 0.000118782161735, 7.73273786763e-05, 7.46189325582e-05, 5.78743238293e-05, 0.000111612389446, 4.20382857556e-05, 2.49211498158e-05, 2.2289053959e-05, 1.45298581629e-05, 2.07678185689e-05, 1.57570575539e-05, 1.51734375322e-05, 9.27303335629e-06, 7.06241553416e-06, 6.31635612081e-06, 4.24356085205e-06, 4.59173588752e-06, 3.62814489563e-06, 3.78040272153e-06, 3.36352604791e-06, 2.71076464742e-06, 2.38468123825e-06, 2.44597663368e-06, 2.60649653683e-06, 2.75211800727e-06, 2.84080692836e-06, 2.02092132895e-06, 1.83792872122e-06],
        "min": [6.18166433131e-24, 5.24782459678e-24, 1.05603728642e-23, 9.52796850948e-24, 7.07218771354e-24, 5.90702004058e-24, 2.54801441298e-23, 1.54977704396e-23, 8.87863895459e-24, 6.34158655276e-24, 7.903662096e-24, 1.12953380036e-23, 7.39101058155e-24, 5.93693759041e-24, 6.85584261029e-24, 9.55414212546e-24, 7.03001284297e-24, 7.89257860029e-24, 8.38158085366e-24, 1.34899443087e-23, 8.76702618056e-24, 6.95123640411e-24, 7.58583477046e-24, 1.71154307e-23, 1.52662208313e-23, 6.13531520326e-24, 5.66232169867e-24, 5.11680190017e-24, 7.98386085107e-24, 1.27005895766e-23, 9.32299404731e-24, 1.31753442131e-23, 9.6793367177e-24, 1.5286821145e-23, 1.11957703467e-23, 1.10567722663e-23, 1.34742996193e-23, 1.22190988567e-23, 8.19336495256e-24, 1.20446241238e-23],
        "stdev": [0.00233909208328, 0.00228308700025, 0.000882733264007, 0.000896889367141, 0.000434562243754, 0.000194817941519, 0.000227443379117, 0.000286837428575, 0.000402611127356, 0.000472384766908, 0.000747000914998, 0.000367364875274, 0.000451850006357, 0.000238404158154, 0.000302052852931, 0.000399703654693, 0.000554944213945, 0.000631958188023, 0.000320777413435, 0.000424184720032, 0.000110219145427, 7.64859141782e-05, 4.73634354421e-05, 4.38830211351e-05, 1.19266396723e-05, 9.52389473241e-06, 9.88122974377e-06, 8.12661164673e-06, 5.78278059038e-06, 4.23267601946e-06, 3.94172820961e-06, 3.64090146832e-06, 3.73588409275e-06, 3.43594524566e-06, 2.72716397376e-06, 2.17706974581e-06, 2.61462560047e-06, 2.68770463663e-06, 2.04621392186e-06, 2.06719596463e-06],
        "var": [5.4713514146e-06, 5.21248648511e-06, 7.79218055413e-07, 8.04410490218e-07, 1.88844353488e-07, 3.79540310291e-08, 5.17304883374e-08, 8.22757044716e-08, 1.62095730616e-07, 2.23147367251e-07, 5.58010356144e-07, 1.34956948727e-07, 2.04168429718e-07, 5.68365443598e-08, 9.12359254812e-08, 1.59763018814e-07, 3.07963063051e-07, 3.99371174353e-07, 1.02898155774e-07, 1.79932669653e-07, 1.21482592874e-08, 5.85009551912e-09, 2.24329510523e-09, 1.9257195838e-09, 1.42244743762e-10, 9.07045688558e-11, 9.76386957396e-11, 6.60418178478e-11, 3.34405524105e-11, 1.7915545783e-11, 1.55372225502e-11, 1.3256163528e-11, 1.3956830483e-11, 1.18057195964e-11, 7.43742307324e-12, 4.73963273143e-12, 6.83626722939e-12, 7.22375631534e-12, 4.18699103166e-12, 4.27329959612e-12]
    },
    "melbands128": {
