{
"lowlevel": {
    "average_loudness": 0.905483841896,
    "barkbands_crest": {
        "dmean": 2.72181653976,
        "dmean2": 4.16072034836,
        "dvar": 7.14232492447,
        "dvar2": 17.7562427521,
        "max": 26.0275058746,
        "mean": 10.8627653122,
        "median": 10.1262931824,
        "min": 2.54072880745,
        "stdev": 4.88698530197,
        "var": 23.8826274872
    },
    "barkbands_flatness_db": {
        "dmean": 0.0271345824003,
        "dmean2": 0.0404027663171,
        "dvar": 0.000724491605069,
        "dvar2": 0.00160691107158,
        "max": 0.334718048573,
        "mean": 0.125594556332,
        "median": 0.112780615687,
        "min": 0.0239421613514,
        "stdev": 0.057997290045,
        "var": 0.00336368568242
    },
    "barkbands_kurtosis": {
        "dmean": 5.15087080002,
        "dmean2": 8.25374603271,
        "dvar": 127.678878784,
        "dvar2": 324.994171143,
        "max": 171.738433838,
        "mean": 5.47246313095,
        "median": 1.17148017883,
        "min": -1.93402564526,
        "stdev": 14.0860004425,
        "var": 198.415420532
    },
    "barkbands_skewness": {
        "dmean": 0.792827129364,
        "dmean2": 1.21419334412,
        "dvar": 0.975212454796,
        "dvar2": 2.27892780304,
        "max": 11.9087848663,
        "mean": 1.68931126595,
        "median": 1.3677085638,
        "min": -4.74098348618,
        "stdev": 1.66877520084,
        "var": 2.78481054306
    },
    "barkbands_spread": {
        "dmean": 11.108622551,
        "dmean2": 17.6703338623,
        "dvar": 184.115234375,
        "dvar2": 433.400756836,
        "max": 108.847290039,
        "mean": 31.3974533081,
        "median": 29.2404785156,
        "min": 1.30325889587,
        "stdev": 18.0530261993,
        "var": 325.911743164
    },
    "dissonance": {
        "dmean": 0.0180428139865,
        "dmean2": 0.0297907814384,
        "dvar": 0.000599679595325,
        "dvar2": 0.0014728984097,
        "max": 0.49998524785,
        "mean": 0.468744426966,
        "median": 0.475671201944,
        "min": 0.026819512248,
        "stdev": 0.0272091310471,
        "var": 0.000740336778108
    },
    "dynamic_complexity": 1.92938745022,
    "erbbands_crest": {
        "dmean": 2.74873185158,
        "dmean2": 4.4379067421,
        "dvar": 7.08588457108,
        "dvar2": 18.3926773071,
        "max": 26.0306415558,
        "mean": 8.08831214905,
        "median": 7.17152023315,
        "min": 2.6841738224,
        "stdev": 3.88460969925,
        "var": 15.0901927948
    },
    "erbbands_flatness_db": {
        "dmean": 0.0193965472281,
        "dmean2": 0.0288284793496,
        "dvar": 0.000346349814208,
        "dvar2": 0.000759409507737,
        "max": 0.29734480381,
        "mean": 0.132014527917,
        "median": 0.125296577811,
        "min": 0.0598361827433,
        "stdev": 0.039519071579,
        "var": 0.00156175694428
    },
    "erbbands_kurtosis": {
        "dmean": 1.03532457352,
        "dmean2": 1.7114584446,
        "dvar": 2.68427562714,
        "dvar2": 7.12667417526,
        "max": 18.9263019562,
        "mean": 0.0774373188615,
        "median": -0.365020990372,
        "min": -1.83138883114,
        "stdev": 1.76274323463,
        "var": 3.10726356506
    },
    "erbbands_skewness": {
        "dmean": 0.470493525267,
        "dmean2": 0.7216771245,
        "dvar": 0.252318412066,
        "dvar2": 0.594452261925,
        "max": 2.97193980217,
        "mean": 0.0432613901794,
        "median": 0.0814427807927,
        "min": -4.18231058121,
        "stdev": 0.813484191895,
        "var": 0.661756515503
    },
    "erbbands_spread": {
        "dmean": 12.5652751923,
        "dmean2": 19.4069881439,
        "dvar": 161.91619873,
        "dvar2": 386.752532959,
        "max": 146.650634766,
        "mean": 49.3689460754,
        "median": 45.043636322,
        "min": 11.2437086105,
        "stdev": 20.9148159027,
        "var": 437.429534912
    },
    "hfc": {
        "dmean": 18.7668418884,
        "dmean2": 29.4111175537,
        "dvar": 757.769226074,
        "dvar2": 1720.7767334,
        "max": 350.790130615,
        "mean": 39.6514472961,
        "median": 31.3259468079,
        "min": 1.17190621378e-16,
        "stdev": 33.6958732605,
        "var": 1135.41186523
    },
    "loudness_ebu128": {
        "integrated": -7.49675130844,
        "loudness_range": 1.5091791153,
        "momentary": {
            "dmean": 0.461983859539,
            "dmean2": 0.540368914604,
            "dvar": 0.119432330132,
            "dvar2": 0.182060092688,
            "max": -5.57575559616,
            "mean": -7.63797664642,
            "median": -7.4256067276,
            "min": -10.8459339142,
            "stdev": 1.12923026085,
            "var": 1.27516102791
        },
        "short_term": {
            "dmean": 0.0614469051361,
            "dmean2": 0.0664858743548,
            "dvar": 0.00212986534461,
            "dvar2": 0.00319001311436,
            "max": -6.65429592133,
            "mean": -7.47270154953,
            "median": -7.37355232239,
            "min": -8.62891101837,
            "stdev": 0.465360939503,
            "var": 0.216560795903
        }
    },
    "melbands_crest": {
        "dmean": 3.82707595825,
        "dmean2": 6.02409696579,
        "dvar": 15.7507886887,
        "dvar2": 38.7568054199,
        "max": 37.7751235962,
        "mean": 18.1046237946,
        "median": 16.8047294617,
        "min": 1.71261131763,
        "stdev": 8.57786655426,
        "var": 73.579788208
    },
    "melbands_flatness_db": {
        "dmean": 0.0314003974199,
        "dmean2": 0.0457039102912,
        "dvar": 0.00105612725019,
        "dvar2": 0.00217566685751,
        "max": 0.43601256609,
        "mean": 0.179512038827,
        "median": 0.169707283378,
        "min": 0.00446893880144,
        "stdev": 0.0739088431001,
        "var": 0.0054625174962
    },
    "melbands_kurtosis": {
        "dmean": 15.2238502502,
        "dmean2": 23.5952033997,
        "dvar": 897.666809082,
        "dvar2": 2161.78198242,
        "max": 416.591461182,
        "mean": 23.2311306,
        "median": 8.56252861023,
        "min": -1.69242298603,
        "stdev": 41.7757072449,
        "var": 1745.20983887
    },
    "melbands_skewness": {
        "dmean": 1.13428664207,
        "dmean2": 1.70526838303,
        "dvar": 1.90050005913,
        "dvar2": 4.1944861412,
        "max": 17.3170757294,
        "mean": 3.40895652771,
        "median": 2.65134930611,
        "min": -1.695281744,
        "stdev": 2.59674072266,
        "var": 6.74306297302
    },
    "melbands_spread": {
        "dmean": 12.5090379715,
        "dmean2": 19.5732803345,
        "dvar": 385.665100098,
        "dvar2": 901.550537109,
        "max": 218.490844727,
        "mean": 31.2832717896,
        "median": 25.4622402191,
        "min": 0.829012870789,
        "stdev": 27.5709819794,
        "var": 760.158996582
    },
    "pitch_salience": {
        "dmean": 0.0864426568151,
        "dmean2": 0.137455061078,
        "dvar": 0.00807070918381,
        "dvar2": 0.0206653513014,
        "max": 0.937542915344,
        "mean": 0.495157599449,
        "median": 0.502785921097,
        "min": 0.0570948831737,
        "stdev": 0.151214540005,
        "var": 0.0228658355772
    },
    "silence_rate_20dB": {
        "dmean": 0,
        "dmean2": 0,
        "dvar": 0,
        "dvar2": 0,
        "max": 1,
        "mean": 1,
        "median": 1,
        "min": 1,
        "stdev": 0,
        "var": 0
    },
    "silence_rate_30dB": {
        "dmean": 0.0541795678437,
        "dmean2": 0.108443066478,
        "dvar": 0.0512450002134,
        "dvar2": 0.121470399201,
        "max": 1,
        "mean": 0.914926528931,
        "median": 1,
        "min": 0,
        "stdev": 0.278993159533,
        "var": 0.077837176621
    },
    "silence_rate_60dB": {
        "dmean": 0.0100619196892,
        "dmean2": 0.020139425993,
        "dvar": 0.00996054057032,
        "dvar2": 0.0259298272431,
        "max": 1,
        "mean": 0.00850734766573,
        "median": 0,
        "min": 0,
        "stdev": 0.0918426662683,
        "var": 0.00843507517129
    },
    "spectral_centroid": {
        "dmean": 455.605834961,
        "dmean2": 688.901367188,
        "dvar": 325621.09375,
        "dvar2": 643286.5,
        "max": 11251.0117188,
        "mean": 1863.01330566,
        "median": 1720.73547363,
        "min": 298.315155029,
        "stdev": 861.356323242,
        "var": 741934.75
    },
    "spectral_complexity": {
        "dmean": 4.80650138855,
        "dmean2": 7.34082126617,
        "dvar": 27.5136508942,
        "dvar2": 49.4174041748,
        "max": 58,
        "mean": 22.3062648773,
        "median": 22,
        "min": 0,
        "stdev": 8.9852809906,
        "var": 80.7352752686
    },
    "spectral_decrease": {
        "dmean": 3.84756848604e-09,
        "dmean2": 5.76398218044e-09,
        "dvar": 3.71946129948e-17,
        "dvar2": 8.94669286114e-17,
        "max": 3.07318474555e-29,
        "mean": -1.1510457476e-08,
        "median": -8.83398598717e-09,
        "min": -5.57289894232e-08,
        "stdev": 9.56906021088e-09,
        "var": 9.1566921811e-17
    },
    "spectral_energy": {
        "dmean": 0.0153117254376,
        "dmean2": 0.0229524634778,
        "dvar": 0.000537628715392,
        "dvar2": 0.00128840305842,
        "max": 0.212060302496,
        "mean": 0.0470396205783,
        "median": 0.0376131571829,
        "min": 1.05135504039e-20,
        "stdev": 0.0365178845823,
        "var": 0.00133355590515
    },
    "spectral_energyband_high": {
        "dmean": 0.00206680363044,
        "dmean2": 0.00333803403191,
        "dvar": 1.18662346722e-05,
        "dvar2": 2.80935055343e-05,
        "max": 0.0359273888171,
        "mean": 0.00287357019261,
        "median": 0.00144699972589,
        "min": 7.75990653436e-21,
        "stdev": 0.0039224862121,
        "var": 1.5385896404e-05
    },
    "spectral_energyband_low": {
        "dmean": 0.0108987176791,
        "dmean2": 0.0168778467923,
        "dvar": 0.000596363504883,
        "dvar2": 0.00145878607873,
        "max": 0.200244635344,
        "mean": 0.025589928031,
        "median": 0.00986536685377,
        "min": 6.39199097807e-23,
        "stdev": 0.0353067107499,
        "var": 0.00124656374101
    },
    "spectral_energyband_middle_high": {
        "dmean": 0.00241431943141,
        "dmean2": 0.00355076766573,
        "dvar": 7.32483613319e-06,
        "dvar2": 1.53624878294e-05,
        "max": 0.0263486281037,
        "mean": 0.00621326407418,
        "median": 0.00510090310127,
        "min": 1.49082361943e-21,
        "stdev": 0.00477178441361,
        "var": 2.27699256357e-05
    },
    "spectral_energyband_middle_low": {
        "dmean": 0.00722600286826,
        "dmean2": 0.0114021031186,
        "dvar": 0.000123023826745,
        "dvar2": 0.000325904780766,
        "max": 0.125370159745,
        "mean": 0.0130488723516,
        "median": 0.00949744973332,
        "min": 3.3267024204e-22,
        "stdev": 0.0126852830872,
        "var": 0.00016091640282
    },
    "spectral_entropy": {
        "dmean": 0.205709338188,
        "dmean2": 0.299610227346,
        "dvar": 0.0492968074977,
        "dvar2": 0.0946907103062,
        "max": 9.80979537964,
        "mean": 7.90259361267,
        "median": 7.93105363846,
        "min": 6.64480018616,
        "stdev": 0.3950124681,
        "var": 0.156034842134
    },
    "spectral_flux": {
        "dmean": 0.038026034832,
        "dmean2": 0.0584558993578,
        "dvar": 0.00177627417725,
        "dvar2": 0.00356864184141,
        "max": 0.40952822566,
        "mean": 0.115840680897,
        "median": 0.0996573120356,
        "min": 1.02535605007e-10,
        "stdev": 0.0637921243906,
        "var": 0.0040694354102
    },
    "spectral_kurtosis": {
        "dmean": 1.06373929977,
        "dmean2": 1.6520280838,
        "dvar": 1.1982601881,
        "dvar2": 2.63000273705,
        "max": 11.3022212982,
        "mean": 2.46416544914,
        "median": 2.27829504013,
        "min": -1.17934370041,
        "stdev": 1.79978084564,
        "var": 3.23921108246
    },
    "spectral_rms": {
        "dmean": 0.00103933957871,
        "dmean2": 0.00150603975635,
        "dvar": 1.65865742474e-06,
        "dvar2": 3.47142076862e-06,
        "max": 0.0143836056814,
        "mean": 0.00630936538801,
        "median": 0.00605770293623,
        "min": 3.20267423692e-12,
        "stdev": 0.00246662111022,
        "var": 6.08421942161e-06
    },
    "spectral_rolloff": {
        "dmean": 1133.52758789,
        "dmean2": 1882.06066895,
        "dvar": 3225338,
        "dvar2": 7145723.5,
        "max": 18927.6855469,
        "mean": 2216.58862305,
        "median": 1313.52539062,
        "min": 43.06640625,
        "stdev": 2523.66113281,
        "var": 6368865.5
    },
    "spectral_skewness": {
        "dmean": 0.224984392524,
        "dmean2": 0.347219735384,
        "dvar": 0.0575241521001,
        "dvar2": 0.135701224208,
        "max": 2.97821617126,
        "mean": 1.24985301495,
        "median": 1.27876794338,
        "min": -0.286102443933,
        "stdev": 0.371194511652,
        "var": 0.137785360217
    },
    "spectral_spread": {
        "dmean": 960674.5,
        "dmean2": 1404181.25,
        "dvar": 1.54900430848e+12,
        "dvar2": 2.40376663245e+12,
        "max": 39534024,
        "mean": 6032750.5,
        "median": 5809644,
        "min": 2187540.5,
        "stdev": 1998291.625,
        "var": 3.99316955955e+12
    },
    "spectral_strongpeak": {
        "dmean": 0.49210190773,
        "dmean2": 0.824814796448,
        "dvar": 0.774235844612,
        "dvar2": 1.95504772663,
        "max": 8.78271961212,
        "mean": 0.919743061066,
        "median": 0.443782359362,
        "min": 0,
        "stdev": 1.06594502926,
        "var": 1.13623869419
    },
    "zerocrossingrate": {
        "dmean": 0.0205365344882,
        "dmean2": 0.0237790327519,
        "dvar": 0.000703497498762,
        "dvar2": 0.00086524215294,
        "max": 0.49609375,
        "mean": 0.0831305459142,
        "median": 0.06884765625,
        "min": 0.00439453125,
        "stdev": 0.0588474944234,
        "var": 0.00346302776597
    },
    "barkbands": {
        "dmean": [0.00118045217823, 0.00811739638448, 0.00365710491315, 0.00179388211109, 0.0026050247252, 0.00155972933862, 0.00237496127374, 0.000923830666579, 0.000979217817076, 0.000560484477319, 0.000486454227939, 0.000813764228951, 0.000472297106171, 0.0003207072441, 0.000285211397568, 0.000271084165433, 0.000305017485516, 0.000266610179096, 0.000527961237822, 0.000182264149771, 0.000212929284316, 0.000508696422912, 0.000650336092804, 0.000445713754743, 0.000334580225172, 0.000123008052469, 7.85055090091e-06],
        "dmean2": [0.0018418453401, 0.0125204985961, 0.00640083663166, 0.00318517000414, 0.00424921140075, 0.00253195292316, 0.0036236976739, 0.00143052346539, 0.00150238419883, 0.000894007622264, 0.000800380599685, 0.00124885956757, 0.00074200052768, 0.000505113624968, 0.000445482815849, 0.000432257860666, 0.000481497409055, 0.000414466427173, 0.000814436760265, 0.000285692454781, 0.000337533158017, 0.00086966069648, 0.00110383552965, 0.000696314149536, 0.000525326177012, 0.000193816464162, 1.25756923808e-05],
        "dvar": [7.56479857955e-06, 0.000385273102438, 0.00014004969853, 2.57345218415e-05, 3.00028132187e-05, 1.04389710032e-05, 2.18789009523e-05, 3.64677202924e-06, 5.92829064772e-06, 1.17344359296e-06, 1.0750434285e-06, 2.03223339668e-06, 6.93827814757e-07, 3.685791512e-07, 5.83098540119e-07, 1.48589023752e-07, 1.98960989906e-07, 1.86674597558e-07, 8.49995217322e-07, 1.02624532872e-07, 1.39267129384e-07, 9.24823666537e-07, 1.51721803832e-06, 6.55874430322e-07, 4.53806080714e-07, 6.08456787177e-08, 5.63289248579e-10],
        "dvar2": [1.7238109649e-05, 0.000978024443612, 0.000381762220059, 7.39516326576e-05, 7.79483889346e-05, 2.55429040408e-05, 4.55109147879e-05, 7.1857207331e-06, 1.13505384434e-05, 2.67671293841e-06, 2.61687114289e-06, 4.20635751652e-06, 1.5710209027e-06, 9.83755739981e-07, 1.38043719744e-06, 3.70380803361e-07, 4.57816469179e-07, 4.07792811075e-07, 1.84468990483e-06, 2.13368281266e-07, 2.97043499131e-07, 2.45406022259e-06, 3.96657469537e-06, 1.36285518693e-06, 1.01848684153e-06, 1.34420972131e-07, 1.34969424526e-09],
        "max": [0.0340232625604, 0.197935596108, 0.0966229215264, 0.0544548332691, 0.0852915346622, 0.043581597507, 0.0545066818595, 0.0358547791839, 0.0372471660376, 0.0116579215974, 0.0128275807947, 0.0188406910747, 0.0108052883297, 0.00885228998959, 0.0169732589275, 0.00369963655248, 0.00663837743923, 0.00556976255029, 0.0104229040444, 0.00342780328356, 0.00493833469227, 0.00769488792866, 0.0101535953581, 0.0165384765714, 0.0139052718878, 0.00473392382264, 0.000259499618551],
        "mean": [0.00401995610446, 0.017638001591, 0.00333321862854, 0.00168899889104, 0.00351255433634, 0.00186594366096, 0.00312253879383, 0.0012272807071, 0.00145736034028, 0.000736080517527, 0.00062137003988, 0.00115222483873, 0.000717308314051, 0.000450631108833, 0.000380238489015, 0.00039297202602, 0.00047082058154, 0.000403321260819, 0.000783776747994, 0.000313240860123, 0.000336149532814, 0.000570845732, 0.000668276217766, 0.000591071730014, 0.000430783431511, 0.000147653583554, 7.02978559275e-06],
        "median": [0.00011025594722, 0.00685770716518, 0.00107086275239, 0.000559814507142, 0.00114464981016, 0.000451041123597, 0.000741922704037, 0.00033606775105, 0.00040393252857, 0.000308762915665, 0.000212764309254, 0.000390585424611, 0.000292508193525, 0.000210695914575, 0.000187156809261, 0.000226316740736, 0.000296090758638, 0.000240272129304, 0.000324415159412, 0.000178035610588, 0.000189443831914, 0.000220916117541, 0.000212133760215, 0.000205806281883, 0.000138887116918, 4.22570265073e-05, 4.38192785168e-07],
        "min": [4.92455807529e-24, 3.56702738056e-23, 1.88809392712e-23, 2.01212384512e-23, 4.53383353344e-23, 1.02034437547e-22, 5.86227024912e-23, 2.99008512229e-23, 4.4708404658e-23, 6.62133493132e-23, 1.31290530664e-23, 1.06393657665e-22, 8.14002912012e-23, 1.33233633913e-22, 5.96240131046e-23, 1.93721796807e-22, 2.66234724252e-22, 2.02859406175e-22, 2.06474711528e-22, 3.04758197512e-22, 3.6267172036e-22, 5.54023602303e-22, 5.71813791489e-22, 1.15106635199e-21, 1.07111942656e-21, 1.54956667054e-21, 2.53753707798e-21],
        "stdev": [0.00641933875158, 0.0280839800835, 0.00978440139443, 0.0041543408297, 0.00633380608633, 0.00397955486551, 0.00596158299595, 0.00254339445382, 0.00340811582282, 0.00129845330957, 0.00129040889442, 0.00195558555424, 0.00116768362932, 0.000731785548851, 0.000745026220102, 0.000481402355945, 0.000573135504965, 0.000530392455403, 0.00117796822451, 0.000414571899455, 0.000444281817181, 0.000922913255636, 0.0011870006565, 0.00107337429654, 0.000816466868855, 0.000295237754472, 2.389115798e-05],
        "var": [4.12079098169e-05, 0.000788709963672, 9.57345182542e-05, 1.7258547814e-05, 4.01171018893e-05, 1.5836856619e-05, 3.55404699803e-05, 6.46885564493e-06, 1.16152532428e-05, 1.68598091932e-06, 1.66515519595e-06, 3.82431471735e-06, 1.36348512569e-06, 5.355100825e-07, 5.55064048058e-07, 2.31748217061e-07, 3.28484333068e-07, 2.81316175688e-07, 1.38760901791e-06, 1.71869857013e-07, 1.97386341938e-07, 8.51768845678e-07, 1.40897066103e-06, 1.15213231311e-06, 6.66618120704e-07, 8.7165325624e-08, 5.70787417331e-10]
    },
    "erbbands": {
        "dmean": [0.312061578035, 1.6665494442, 4.17407512665, 4.90214395523, 6.95191574097, 9.71288299561, 9.90498352051, 14.111743927, 33.6314201355, 24.919095993, 20.0171737671, 19.8152141571, 18.9718475342, 15.0982789993, 23.9900131226, 28.0016803741, 21.3001785278, 15.5419769287, 15.382311821, 12.919005394, 16.4884567261, 16.5112056732, 13.1501245499, 22.9404315948, 22.5400428772, 8.34446239471, 7.88893651962, 9.34518527985, 17.4854946136, 23.5684242249, 16.3593463898, 10.0238161087, 7.73216581345, 4.38382959366, 2.12690806389, 0.846594393253, 0.147740498185, 0.0229552369565, 0.000856933591422, 3.89242450183e-05],
        "dmean2": [0.465169012547, 2.61048102379, 7.10016918182, 8.52660942078, 11.8505630493, 15.5417175293, 16.5750846863, 22.3695068359, 51.2644195557, 38.988494873, 30.6119308472, 30.5762939453, 29.2590007782, 24.1123714447, 37.3340415955, 42.642665863, 33.1116905212, 24.4444255829, 23.9433250427, 20.4925098419, 25.7891178131, 25.8774623871, 20.2552032471, 35.0058631897, 34.4578514099, 12.9125862122, 12.2331600189, 14.9264345169, 29.6230812073, 41.0210113525, 27.3287239075, 15.9602022171, 12.150853157, 7.000248909, 3.35970854759, 1.32987618446, 0.22625169158, 0.0360376089811, 0.00135383044835, 5.96948884777e-05],
        "dvar": [0.669914186001, 19.5348854065, 174.839645386, 211.567169189, 281.05267334, 407.453063965, 1068.70690918, 836.95880127, 5027.71142578, 2805.46875, 1929.68481445, 2161.3605957, 1881.6652832, 726.735839844, 2027.0020752, 2559.77709961, 1259.56542969, 684.910339355, 994.58380127, 1861.27978516, 490.137756348, 610.687133789, 402.063873291, 2038.32568359, 1569.0246582, 223.459732056, 191.194366455, 274.863037109, 1047.32836914, 2326.34716797, 914.953063965, 283.449249268, 236.401733398, 106.084487915, 17.4579925537, 2.65886926651, 0.0979075655341, 0.00275146774948, 5.97159305471e-06, 3.18639648e-09],
        "dvar2": [1.52086591721, 49.7485198975, 463.652435303, 593.874633789, 778.807006836, 987.19519043, 2853.93017578, 1812.81970215, 10499.9902344, 6368.92626953, 3929.94067383, 4361.97558594, 3919.08056641, 1868.13598633, 4842.83544922, 5579.76416016, 2860.34375, 1598.03161621, 2668.83374023, 4470.31933594, 1166.83752441, 1414.01733398, 850.565185547, 4447.08544922, 3537.07519531, 467.146057129, 414.306304932, 615.177001953, 2720.83129883, 6264.09423828, 2366.68969727, 618.131652832, 500.064544678, 252.177642822, 38.8256835938, 5.67881202698, 0.212365165353, 0.00650717783719, 1.42956760101e-05, 7.24377358097e-09],
        "max": [8.84864616394, 43.2359886169, 109.542930603, 141.072616577, 254.493164062, 265.014556885, 392.707794189, 528.904846191, 791.510437012, 837.510559082, 730.54083252, 769.074951172, 671.850280762, 354.745910645, 576.168151855, 678.354187012, 488.800537109, 334.917663574, 542.859008789, 1048.30163574, 260.703063965, 348.757293701, 206.238342285, 665.390380859, 691.767272949, 206.418197632, 146.103271484, 220.277954102, 294.751739502, 275.128295898, 319.080200195, 283.627380371, 311.964233398, 252.746200562, 55.5098419189, 30.0043811798, 5.68232393265, 0.865814626217, 0.0267384331673, 0.000713960500434],
        "mean": [0.828663051128, 2.65583562851, 4.22563266754, 5.02747917175, 8.40635299683, 12.4820642471, 10.7601537704, 18.4274253845, 42.4305496216, 37.1220664978, 28.7689304352, 29.2004299164, 28.8254966736, 22.0843505859, 34.6448440552, 42.6607589722, 35.0548095703, 24.213968277, 22.8338527679, 17.5497894287, 26.1023330688, 26.8988056183, 22.3010063171, 33.5627365112, 35.3348808289, 14.691740036, 12.7645616531, 13.8654003143, 20.2278728485, 22.4223575592, 17.4988861084, 12.844707489, 9.71798610687, 5.49059534073, 2.67612481117, 1.02211201191, 0.18560642004, 0.0248890090734, 0.000900760991499, 8.81297892192e-05],
        "median": [0.130547821522, 1.02542984486, 1.50239956379, 1.90176343918, 2.89771294594, 3.1641304493, 2.58732008934, 5.21697807312, 10.7870359421, 9.56837558746, 9.1229763031, 8.74684810638, 9.26147270203, 11.0404987335, 13.2774400711, 16.0216064453, 16.0618247986, 12.4126701355, 11.518368721, 8.85666751862, 15.6495494843, 17.1645736694, 14.2311506271, 14.5486087799, 16.7273216248, 9.15924930573, 7.00233888626, 7.39184617996, 8.20229053497, 7.06899785995, 5.88621520996, 4.56397819519, 3.3901348114, 1.84862375259, 0.75778400898, 0.278880089521, 0.0556979142129, 0.0053080720827, 0.00017096636293, 7.0429436164e-05],
        "min": [7.345878303e-22, 9.31957415858e-21, 2.25332302977e-20, 3.85579902784e-20, 1.36079288701e-19, 1.22417160113e-19, 5.64488626124e-19, 6.8824813235e-19, 6.27765202948e-19, 1.10377771187e-18, 6.89001280298e-19, 1.37030316345e-18, 2.02170386333e-18, 1.17435348552e-18, 1.35606118126e-18, 4.59675764206e-18, 5.04774561101e-18, 6.14879869335e-18, 4.61918788514e-18, 4.1024986145e-18, 1.27436537048e-17, 1.37864331538e-17, 1.40592034054e-17, 7.37152342634e-18, 1.22151440232e-17, 1.59053514186e-17, 1.44525228236e-17, 1.51873487207e-17, 1.71824521099e-17, 1.95412635058e-17, 1.62425813738e-17, 2.1822599511e-17, 1.83398911995e-17, 9.53806909648e-18, 8.85289802431e-18, 6.11391152383e-18, 2.82927347113e-18, 1.22120644298e-18, 3.54425618428e-19, 4.02833468645e-20],
        "stdev": [1.37949371338, 5.14691925049, 11.4641370773, 11.9885883331, 16.6414451599, 24.5972824097, 29.7870254517, 39.7275009155, 88.645401001, 76.3829574585, 58.0713577271, 63.7831802368, 60.9492340088, 32.1208381653, 57.8727645874, 68.8087234497, 52.58385849, 35.4087905884, 37.7789421082, 38.2781677246, 30.6184406281, 32.0147705078, 25.3113765717, 55.9064674377, 51.2499160767, 19.051940918, 16.5767555237, 19.4017715454, 32.0590324402, 42.2338066101, 30.5832710266, 21.8784427643, 19.2003326416, 11.3838348389, 5.08045482635, 2.02743935585, 0.382109880447, 0.0574792027473, 0.00251645711251, 7.38834933145e-05],
        "var": [1.90300285816, 26.4907798767, 131.426437378, 143.726242065, 276.937683105, 605.026306152, 887.266845703, 1578.27429199, 7858.00683594, 5834.35644531, 3372.28271484, 4068.29394531, 3714.80908203, 1031.74816895, 3349.25708008, 4734.64013672, 2765.06225586, 1253.78234863, 1427.24841309, 1465.21813965, 937.488891602, 1024.94543457, 640.665771484, 3125.53320312, 2626.55395508, 362.976470947, 274.788818359, 376.428741455, 1027.78161621, 1783.69445801, 935.336425781, 478.666229248, 368.652801514, 129.591705322, 25.8110198975, 4.11051034927, 0.146007969975, 0.00330385868438, 6.33255649518e-06, 5.45877076874e-09]
    },
    "gfcc": {
        "mean": [42.1186256409, 56.1397323608, -110.269821167, 38.6553878784, -63.8012199402, 25.7958869934, -40.5837173462, 18.8378620148, -24.1327877045, 5.76237297058, -11.3199653625, 4.49042510986, -15.7147293091],
        "cov": [[3883.50585938, -136.023330688, 318.000213623, 104.838813782, -140.928283691, 187.683654785, -31.189540863, 5.04295301437, 17.2475471497, 190.640655518, -26.1640586853, 127.686813354, -18.080280304], [-136.023330688, 1429.0802002, 32.8423843384, 159.956283569, 334.145477295, -37.4647254944, 221.837249756, 92.392578125, 177.866333008, -19.2886428833, 187.60194397, -27.9437198639, 92.0913543701], [318.000213623, 32.8423843384, 785.198547363, 411.046966553, 230.63520813, 276.716308594, 78.3064880371, 18.3378868103, 149.828933716, 124.872146606, -5.37275123596, 74.3976669312, 77.3645858765], [104.838813782, 159.956283569, 411.046966553, 588.958862305, 305.570037842, 197.639541626, 92.9256210327, 13.4799289703, 160.516174316, 88.5111312866, 21.5850715637, 29.561580658, 94.7138137817], [-140.928283691, 334.145477295, 230.63520813, 305.570037842, 464.70123291, 165.04675293, 157.216995239, 67.406288147, 115.630004883, 107.954681396, 43.0459098816, -15.2068605423, 54.2499809265], [187.683654785, -37.4647254944, 276.716308594, 197.639541626, 165.04675293, 361.708770752, 195.554351807, 64.6545333862, 101.816947937, 94.808052063, -2.45868229866, 12.0899305344, 32.9379425049], [-31.189540863, 221.837249756, 78.3064880371, 92.9256210327, 157.216995239, 195.554351807, 360.176879883, 141.732406616, 92.4154815674, 52.9102096558, 48.2302932739, 8.77684307098, 16.9388179779], [5.04295301437, 92.392578125, 18.3378868103, 13.4799289703, 67.406288147, 64.6545333862, 141.732406616, 196.894729614, 73.7403182983, 34.1125183105, 80.3335113525, 15.7595119476, 15.9093322754], [17.2475471497, 177.866333008, 149.828933716, 160.516174316, 115.630004883, 101.816947937, 92.4154815674, 73.7403182983, 181.071395874, 72.2513961792, 54.5904922485, 30.3587913513, 43.9360046387], [190.640655518, -19.2886428833, 124.872146606, 88.5111312866, 107.954681396, 94.808052063, 52.9102096558, 34.1125183105, 72.2513961792, 157.084747314, 29.4262466431, 15.4864501953, 19.9353427887], [-26.1640586853, 187.60194397, -5.37275123596, 21.5850715637, 43.0459098816, -2.45868229866, 48.2302932739, 80.3335113525, 54.5904922485, 29.4262466431, 149.869430542, 36.4091911316, 23.3602313995], [127.686813354, -27.9437198639, 74.3976669312, 29.561580658, -15.2068605423, 12.0899305344, 8.77684307098, 15.7595119476, 30.3587913513, 15.4864501953, 36.4091911316, 91.0578536987, 28.0064792633], [-18.080280304, 92.0913543701, 77.3645858765, 94.7138137817, 54.2499809265, 32.9379425049, 16.9388179779, 15.9093322754, 43.9360046387, 19.9353427887, 23.3602313995, 28.0064792633, 98.0494155884]],
        "icov": [[0.000349672482116, -0.000236484076595, 5.12624728799e-06, -0.000212042970816, 0.000431171356468, -0.000334186974214, 0.000277628336335, -0.000316678313538, 0.000466661440441, -0.000733819848392, 0.000414356880356, -0.000672707275953, 0.000398017291445], [-0.000236484076595, 0.00179098546505, -0.000312494754326, 0.000649550522212, -0.00140222185291, 0.00142093992326, -0.00142395938747, 0.00143029668834, -0.00192093977239, 0.00194072572049, -0.00222733896226, 0.00201586610638, -0.00137317832559], [5.12624728799e-06, -0.000312494754326, 0.00276854005642, -0.00130369281396, -1.86606284842e-05, -0.00162220885977, 0.000957539887168, -0.000371213245671, 1.51784342961e-05, -0.000814431987237, 0.00118664640468, -0.00219809869304, 0.000323326821672], [-0.000212042970816, 0.000649550522212, -0.00130369281396, 0.00443102885038, -0.00234479038045, 0.000178011599928, -0.000401821016567, 0.00171457254328, -0.00261261011474, 0.00168861460406, -0.000957300886512, 0.00106939242687, -0.00212203431875], [0.000431171356468, -0.00140222185291, -1.86606284842e-05, -0.00234479038045, 0.00558483134955, -0.00108940538485, 6.75003611832e-05, -0.00141479389276, 0.00182677910198, -0.00342397182249, 0.00108962203376, 0.000386374100344, 0.000677705393173], [-0.000334186974214, 0.00142093992326, -0.00162220885977, 0.000178011599928, -0.00108940538485, 0.00718168076128, -0.00392003310844, 0.00117001112085, -0.00200158427469, 0.000199762522243, -0.000560885935556, 0.00247844262049, -0.00132862385362], [0.000277628336335, -0.00142395938747, 0.000957539887168, -0.000401821016567, 6.75003611832e-05, -0.00392003310844, 0.00685171317309, -0.00401375070214, 0.00102865300141, -0.000979341450147, 0.00191324821208, -0.00238640769385, 0.00173232983798], [-0.000316678313538, 0.00143029668834, -0.000371213245671, 0.00171457254328, -0.00141479389276, 0.00117001112085, -0.00401375070214, 0.0105218840763, -0.00375348539092, 0.0019130903529, -0.00537305744365, 0.00233443081379, -0.00148292572703], [0.000466661440441, -0.00192093977239, 1.51784342961e-05, -0.00261261011474, 0.00182677910198, -0.00200158427469, 0.00102865300141, -0.00375348539092, 0.0126088708639, -0.00465167686343, 0.0010232947534, -0.0032552878838, 0.000476759974845], [-0.000733819848392, 0.00194072572049, -0.000814431987237, 0.00168861460406, -0.00342397182249, 0.000199762522243, -0.000979341450147, 0.0019130903529, -0.00465167686343, 0.0121034309268, -0.0035620033741, 0.00226486288011, -0.00143526296597], [0.000414356880356, -0.00222733896226, 0.00118664640468, -0.000957300886512, 0.00108962203376, -0.000560885935556, 0.00191324821208, -0.00537305744365, 0.0010232947534, -0.0035620033741, 0.0133414408192, -0.0063561280258, 0.0011862948304], [-0.000672707275953, 0.00201586610638, -0.00219809869304, 0.00106939242687, 0.000386374100344, 0.00247844262049, -0.00238640769385, 0.00233443081379, -0.0032552878838, 0.00226486288011, -0.0063561280258, 0.0183515306562, -0.0050582382828], [0.000398017291445, -0.00137317832559, 0.000323326821672, -0.00212203431875, 0.000677705393173, -0.00132862385362, 0.00173232983798, -0.00148292572703, 0.000476759974845, -0.00143526296597, 0.0011862948304, -0.0050582382828, 0.0146098602563]]
    },
    "melbands": {
        "dmean": [0.00239350809716, 0.00194992346223, 0.000851981865708, 0.000603749416769, 0.0003466293565, 0.000327839486999, 0.000500232621562, 0.000254117825534, 0.000162260053912, 0.000128318555653, 9.77352319751e-05, 6.46780754323e-05, 7.72540297476e-05, 8.93099786481e-05, 6.84023907525e-05, 4.12071494793e-05, 2.89173785859e-05, 2.77931139863e-05, 1.71554038388e-05, 1.61978914548e-05, 2.05283868127e-05, 1.91239487322e-05, 1.45370631799e-05, 1.28374986161e-05, 2.05172727874e-05, 2.17055076064e-05, 1.00312736322e-05, 4.95931408295e-06, 5.14491057402e-06, 5.23492008142e-06, 5.58162764719e-06, 8.93698052096e-06, 1.20135082398e-05, 1.41062992043e-05, 9.80600179901e-06, 7.81033668318e-06, 5.82835491514e-06, 5.65187519896e-06, 5.19210789207e-06, 3.30568514073e-06],
        "dmean2": [0.00368162803352, 0.00313425110653, 0.00145718862768, 0.000980547629297, 0.000571559008677, 0.000516644620802, 0.000763214484323, 0.000399812270189, 0.000250958983088, 0.000198888112209, 0.000151019383338, 0.000104142345663, 0.000122480822029, 0.000137884300784, 0.000106903229607, 6.52331873425e-05, 4.58437898487e-05, 4.4003554649e-05, 2.73429704976e-05, 2.58824711636e-05, 3.22895248246e-05, 3.01180662063e-05, 2.28871685977e-05, 2.00126323762e-05, 3.13637574436e-05, 3.32202289428e-05, 1.56578680617e-05, 7.67185792938e-06, 8.14505619928e-06, 8.30119370221e-06, 8.98261441762e-06, 1.50505120473e-05, 2.07419525395e-05, 2.4666880563e-05, 1.64815610333e-05, 1.29781392388e-05, 9.28166900849e-06, 9.06007971935e-06, 8.3198383436e-06, 5.35484059583e-06],
        "dvar": [3.46988563251e-05, 3.21896295645e-05, 5.48957541469e-06, 1.79516268872e-06, 9.63543357102e-07, 3.94948898474e-07, 1.05143476503e-06, 2.69022223165e-07, 1.3963401102e-07, 1.00614791165e-07, 4.91931082536e-08, 1.36169191478e-08, 2.30447945171e-08, 2.57260683867e-08, 1.79871371131e-08, 5.99682792313e-09, 2.68059263675e-09, 3.70284869433e-09, 3.36090733022e-09, 1.09913400603e-09, 8.17139078624e-10, 9.47340983437e-10, 4.52912179982e-10, 4.26215923666e-10, 1.785703585e-09, 1.49785717163e-09, 3.41415534733e-10, 8.44525838151e-11, 7.64946578302e-11, 9.19138584687e-11, 9.88332471419e-11, 2.46402453996e-10, 5.64224167388e-10, 8.39427971577e-10, 3.41614264654e-10, 1.85927898078e-10, 1.0700375308e-10, 1.15743706286e-10, 2.29580576772e-10, 4.96050561738e-11],
        "dvar2": [8.43230664032e-05, 8.1662365119e-05, 1.52962693392e-05, 4.65545235784e-06, 2.54855422099e-06, 8.71666372859e-07, 2.16118291974e-06, 6.01084821028e-07, 2.82671834384e-07, 2.00629614255e-07, 1.02924808232e-07, 3.42189636626e-08, 5.50385230724e-08, 5.00694383732e-08, 4.16348555632e-08, 1.32614781378e-08, 6.44478026501e-09, 1.0272277251e-08, 8.17689560506e-09, 2.68695377059e-09, 1.90161641989e-09, 2.12511053199e-09, 1.0534390027e-09, 9.15202025276e-10, 3.94713772778e-09, 3.32936567204e-09, 7.80609854534e-10, 1.74085981741e-10, 1.68616551277e-10, 2.054829501e-10, 2.2423095325e-10, 6.10664074863e-10, 1.53939749836e-09, 2.25275242904e-09, 8.95559404412e-10, 4.39877967384e-10, 2.32554808743e-10, 2.52680043555e-10, 5.49059131494e-10, 1.20576201801e-10],
        "max": [0.0581564120948, 0.044335950166, 0.0215486716479, 0.0209268201143, 0.0116841234267, 0.0104564651847, 0.0123465228826, 0.00781242642552, 0.00808412861079, 0.0053838910535, 0.00340189086273, 0.00153902568854, 0.00197503482923, 0.00248597608879, 0.00155502930284, 0.00129963026848, 0.000684851780534, 0.00103546550963, 0.00140860665124, 0.00062636093935, 0.000319171464071, 0.000500197755173, 0.000234450912103, 0.000292210897896, 0.000650120899081, 0.000459862872958, 0.000325342873111, 0.000126156839542, 8.20154527901e-05, 0.000134620291647, 0.00012573528511, 0.000158414390171, 0.000180342787644, 0.000178685964784, 0.000193017185666, 0.000158347684192, 0.000200796872377, 0.000230991485296, 0.000403835263569, 0.000143198820297],
        "mean": [0.00609548483044, 0.00255238357931, 0.000948216300458, 0.000800089677796, 0.000403980870033, 0.000419173709815, 0.000641722755972, 0.000369438406778, 0.000230514371651, 0.000187587313121, 0.000144947218359, 8.99390070117e-05, 0.000106301173219, 0.000125711827422, 0.00010133721662, 6.46888074698e-05, 4.12644949392e-05, 3.89802189602e-05, 2.24326613534e-05, 2.29649485846e-05, 3.11541516567e-05, 2.81774791802e-05, 2.30103178183e-05, 1.89120219147e-05, 2.76640839729e-05, 3.19696300721e-05, 1.59806677402e-05, 8.024512681e-06, 8.11865629657e-06, 7.35059711587e-06, 8.13148290035e-06, 1.07994155769e-05, 1.20504446386e-05, 1.29334730445e-05, 1.01856185211e-05, 9.07172398001e-06, 7.37716254662e-06, 6.93449965183e-06, 6.14451209913e-06, 4.06682283938e-06],
        "median": [0.00169414072298, 0.00104775908403, 0.000413985195337, 0.000263236404862, 9.65301005635e-05, 0.000115696027933, 0.000171509804204, 9.25140921026e-05, 6.80998928146e-05, 5.28520940861e-05, 4.45770128863e-05, 4.30280233559e-05, 3.88670887332e-05, 4.40215299022e-05, 3.38436475431e-05, 2.98751201626e-05, 1.9334598619e-05, 1.83608262887e-05, 1.1353089576e-05, 1.27563525893e-05, 1.79593444045e-05, 1.5962341422e-05, 1.39294033943e-05, 1.17428999147e-05, 1.06502629933e-05, 1.41487134897e-05, 7.94779498392e-06, 4.2995388867e-06, 4.51885080111e-06, 3.55146767106e-06, 4.35801621279e-06, 4.38356846644e-06, 3.89603974327e-06, 3.8451803448e-06, 3.35713230015e-06, 2.94360438602e-06, 2.61869558926e-06, 2.36871096604e-06, 1.90816035683e-06, 1.33313801598e-06],
        "min": [9.47970757702e-24, 1.18050991317e-23, 1.05932920298e-23, 8.39980985146e-24, 1.55664612918e-23, 1.6449013629e-23, 1.17093440395e-23, 1.0833105745e-23, 5.87767914807e-24, 8.14924159555e-24, 9.7607353302e-24, 4.80066234253e-24, 3.10484588521e-24, 9.71096057367e-24, 1.22804517248e-23, 9.33593136616e-24, 1.15429440868e-23, 8.19015192209e-24, 3.35764957571e-24, 8.86976190283e-24, 1.7286916439e-23, 1.37688003278e-23, 1.56692735336e-23, 9.29846047316e-24, 5.35687160072e-24, 7.87503196717e-24, 1.0732580411e-23, 9.88022882468e-24, 7.78531244984e-24, 1.08869352466e-23, 8.53481471791e-24, 9.4857171194e-24, 1.18595242232e-23, 1.03846840743e-23, 7.95451680312e-24, 1.25598504802e-23, 1.36217803209e-23, 1.44737264327e-23, 9.17865695635e-24, 7.34521878373e-24],
        "stdev": [0.00948074739426, 0.00557261612266, 0.00198777299374, 0.00155498960521, 0.000950702291448, 0.000855933816638, 0.0012830743799, 0.000738157599699, 0.000497801578604, 0.000426996935857, 0.000310462084599, 0.000137183815241, 0.000198642272153, 0.000223135983106, 0.000179044509423, 0.000102134508779, 6.55810072203e-05, 7.02384495526e-05, 4.97244036524e-05, 3.41269878845e-05, 3.91624234908e-05, 3.96270988858e-05, 2.68017683993e-05, 2.5168475986e-05, 5.14894927619e-05, 4.95401218359e-05, 2.32447619055e-05, 1.18751358968e-05, 1.06164270619e-05, 1.09451657408e-05, 1.15660850497e-05, 1.66000354511e-05, 2.15985783143e-05, 2.53429407167e-05, 1.83039719559e-05, 1.58268285304e-05, 1.34015854201e-05, 1.3481678252e-05, 1.55310335685e-05, 7.90462490841e-06],
        "var": [8.98845755728e-05, 3.10540490318e-05, 3.95124152419e-06, 2.41799261858e-06, 9.038348594e-07, 7.32622652322e-07, 1.64627977028e-06, 5.44876684216e-07, 2.47806411835e-07, 1.82326374443e-07, 9.63866995107e-08, 1.88194011486e-08, 3.94587544861e-08, 4.97896657237e-08, 3.20569384371e-08, 1.04314583638e-08, 4.3008681061e-09, 4.93343987884e-09, 2.47251641383e-09, 1.16465126432e-09, 1.53369528189e-09, 1.57030699555e-09, 7.18334780547e-10, 6.33452179599e-10, 2.65116795184e-09, 2.45422371314e-09, 5.40318956244e-10, 1.41018849376e-10, 1.1270852307e-10, 1.19796644826e-10, 1.33774324951e-10, 2.75561157226e-10, 4.66498617513e-10, 6.42264630368e-10, 3.35035416077e-10, 2.5048849106e-10, 1.79602485662e-10, 1.81755638318e-10, 2.41213021779e-10, 6.24830881479e-11]
    },
    "melbands128": {
