{
"lowlevel": {
    "average_loudness": 0.891127049923,
    "barkbands_crest": {
        "dmean": 2.53282999992,
        "dmean2": 3.98609185219,
        "dvar": 7.05647039413,
        "dvar2": 16.2338409424,
        "max": 26.2228507996,
        "mean": 10.3387699127,
        "median": 9.32073974609,
        "min": 2.83358860016,
        "stdev": 4.45017004013,
        "var": 19.8040142059
    },
    "barkbands_flatness_db": {
        "dmean": 0.0257231742144,
        "dmean2": 0.0374625362456,
        "dvar": 0.000939496501815,
        "dvar2": 0.00173975178041,
        "max": 0.428939849138,
        "mean": 0.193238452077,
        "median": 0.191638723016,
        "min": 0.0203761551529,
        "stdev": 0.0632603019476,
        "var": 0.00400186562911
    },
    "barkbands_kurtosis": {
        "dmean": 5.31743764877,
        "dmean2": 8.29188728333,
        "dvar": 255.7265625,
        "dvar2": 606.769897461,
        "max": 245.395095825,
        "mean": 7.03040027618,
        "median": 1.30706501007,
        "min": -1.82484149933,
        "stdev": 18.349603653,
        "var": 336.707977295
    },
    "barkbands_skewness": {
        "dmean": 0.627314448357,
        "dmean2": 0.948921024799,
        "dvar": 0.985822439194,
        "dvar2": 2.08317255974,
        "max": 14.3401613235,
        "mean": 1.59989726543,
        "median": 1.17057585716,
        "min": -3.27469301224,
        "stdev": 1.56724047661,
        "var": 2.45624256134
    },
    "barkbands_spread": {
        "dmean": 4.58769178391,
        "dmean2": 7.1353020668,
        "dvar": 61.187335968,
        "dvar2": 142.342758179,
        "max": 93.9710159302,
        "mean": 15.2549304962,
        "median": 13.7851171494,
        "min": 0.574575603008,
        "stdev": 10.0750350952,
        "var": 101.506332397
    },
    "dissonance": {
        "dmean": 0.0279846582562,
        "dmean2": 0.0459135435522,
        "dvar": 0.000708471343387,
        "dvar2": 0.00180284224916,
        "max": 0.499920755625,
        "mean": 0.440957427025,
        "median": 0.450291544199,
        "min": 0.181852847338,
        "stdev": 0.0380940549076,
        "var": 0.00145115714986
    },
    "dynamic_complexity": 2.98282170296,
    "erbbands_crest": {
        "dmean": 3.25021100044,
        "dmean2": 5.22125434875,
        "dvar": 10.3698310852,
        "dvar2": 23.9292526245,
        "max": 29.4824810028,
        "mean": 10.7844161987,
        "median": 9.30425167084,
        "min": 2.88713479042,
        "stdev": 5.39605140686,
        "var": 29.1173725128
    },
    "erbbands_flatness_db": {
        "dmean": 0.0197654664516,
        "dmean2": 0.0292728114873,
        "dvar": 0.00048350560246,
        "dvar2": 0.00101735105272,
        "max": 0.476797223091,
        "mean": 0.215925008059,
        "median": 0.21387347579,
        "min": 0.0741923004389,
        "stdev": 0.0673532485962,
        "var": 0.0045364596881
    },
    "erbbands_kurtosis": {
        "dmean": 2.15030431747,
        "dmean2": 3.50139522552,
        "dvar": 29.2033996582,
        "dvar2": 70.4022140503,
        "max": 105.162391663,
        "mean": 1.99710035324,
        "median": 0.156457901001,
        "min": -1.72931003571,
        "stdev": 6.32595825195,
        "var": 40.0177497864
    },
    "erbbands_skewness": {
        "dmean": 0.516958713531,
        "dmean2": 0.775332391262,
        "dvar": 0.434272497892,
        "dvar2": 0.860633552074,
        "max": 8.65650463104,
        "mean": 0.670944750309,
        "median": 0.407056540251,
        "min": -4.47716379166,
        "stdev": 1.14178180695,
        "var": 1.30366575718
    },
    "erbbands_spread": {
        "dmean": 7.2808804512,
        "dmean2": 11.4003925323,
        "dvar": 128.226409912,
        "dvar2": 326.394744873,
        "max": 132.945098877,
        "mean": 27.7003822327,
        "median": 22.6967258453,
        "min": 3.04769897461,
        "stdev": 15.6908445358,
        "var": 246.202606201
    },
    "hfc": {
        "dmean": 6.28265094757,
        "dmean2": 8.41429615021,
        "dvar": 143.703216553,
        "dvar2": 252.020889282,
        "max": 147.734130859,
        "mean": 16.5370616913,
        "median": 9.00499343872,
        "min": 1.20128422806e-16,
        "stdev": 20.0707588196,
        "var": 402.835327148
    },
    "loudness_ebu128": {
        "integrated": -13.9493598938,
        "loudness_range": 4.17468261719,
        "momentary": {
            "dmean": 0.5455519557,
            "dmean2": 0.652086257935,
            "dvar": 0.243144467473,
            "dvar2": 0.446449577808,
            "max": -9.34088516235,
            "mean": -14.4328460693,
            "median": -14.4813137054,
            "min": -23.4063491821,
            "stdev": 2.11031913757,
            "var": 4.45344638824
        },
        "short_term": {
            "dmean": 0.0776442661881,
            "dmean2": 0.0847438648343,
            "dvar": 0.0041550770402,
            "dvar2": 0.00606671068817,
            "max": -11.7976837158,
            "mean": -14.1655721664,
            "median": -13.7320041656,
            "min": -17.2723426819,
            "stdev": 1.51740849018,
            "var": 2.30252861977
        }
    },
    "melbands_crest": {
        "dmean": 2.8765399456,
        "dmean2": 4.39507913589,
        "dvar": 8.34633159637,
        "dvar2": 18.21118927,
        "max": 32.6198005676,
        "mean": 13.996799469,
        "median": 12.405128479,
        "min": 1.69200634956,
        "stdev": 6.00003290176,
        "var": 36.0003929138
    },
    "melbands_flatness_db": {
        "dmean": 0.0284534096718,
        "dmean2": 0.0397822111845,
        "dvar": 0.00127041561063,
        "dvar2": 0.00219911709428,
        "max": 0.48933249712,
        "mean": 0.245272696018,
        "median": 0.243548691273,
        "min": 0.0051104137674,
        "stdev": 0.0694231539965,
        "var": 0.0048195743002
    },
    "melbands_kurtosis": {
        "dmean": 9.11990451813,
        "dmean2": 14.1407222748,
        "dvar": 582.446350098,
        "dvar2": 1300.92858887,
        "max": 377.636535645,
        "mean": 14.144733429,
        "median": 3.9503068924,
        "min": -1.93790829182,
        "stdev": 31.8564090729,
        "var": 1014.83074951
    },
    "melbands_skewness": {
        "dmean": 0.727025449276,
        "dmean2": 1.08969211578,
        "dvar": 1.17436361313,
        "dvar2": 2.52042770386,
        "max": 14.7639694214,
        "mean": 2.21862602234,
        "median": 1.695530653,
        "min": -0.123560719192,
        "stdev": 1.85015809536,
        "var": 3.42308497429
    },
    "melbands_spread": {
        "dmean": 5.9202671051,
        "dmean2": 9.00255680084,
        "dvar": 217.085769653,
        "dvar2": 427.281555176,
        "max": 289.930358887,
        "mean": 18.8833084106,
        "median": 17.0402507782,
        "min": 0.824101090431,
        "stdev": 21.1629123688,
        "var": 447.868896484
    },
    "pitch_salience": {
        "dmean": 0.0671605244279,
        "dmean2": 0.105349399149,
        "dvar": 0.00470397993922,
        "dvar2": 0.00985044706613,
        "max": 0.9051476717,
        "mean": 0.555356025696,
        "median": 0.569061696529,
        "min": 0.0826959982514,
        "stdev": 0.119399279356,
        "var": 0.014256188646
    },
    "silence_rate_20dB": {
        "dmean": 0,
        "dmean2": 0,
        "dvar": 0,
        "dvar2": 0,
        "max": 1,
        "mean": 1,
        "median": 1,
        "min": 1,
        "stdev": 0,
        "var": 0
    },
    "silence_rate_30dB": {
        "dmean": 0.0030959751457,
        "dmean2": 0.00619674660265,
        "dvar": 0.00308638974093,
        "dvar2": 0.00925672147423,
        "max": 1,
        "mean": 0.998453199863,
        "median": 1,
        "min": 0,
        "stdev": 0.039298824966,
        "var": 0.00154439778998
    },
    "silence_rate_60dB": {
        "dmean": 0.0208978336304,
        "dmean2": 0.0418280400336,
        "dvar": 0.0204611755908,
        "dvar2": 0.0462756305933,
        "max": 1,
        "mean": 0.0386697612703,
        "median": 0,
        "min": 0,
        "stdev": 0.192806720734,
        "var": 0.0371744297445
    },
    "spectral_centroid": {
        "dmean": 202.767120361,
        "dmean2": 304.319763184,
        "dvar": 174056.625,
        "dvar2": 326239.125,
        "max": 11174.5556641,
        "mean": 952.399658203,
        "median": 900.28729248,
        "min": 242.447174072,
        "stdev": 801.580505371,
        "var": 642531.3125
    },
    "spectral_complexity": {
        "dmean": 3.20897841454,
        "dmean2": 4.65220737457,
        "dvar": 14.9486112595,
        "dvar2": 29.9418239594,
        "max": 42,
        "mean": 14.0046405792,
        "median": 14,
        "min": 0,
        "stdev": 6.22720718384,
        "var": 38.7781066895
    },
    "spectral_decrease": {
        "dmean": 1.62525959357e-09,
        "dmean2": 2.3509647562e-09,
        "dvar": 5.96922729494e-18,
        "dvar2": 1.15908989391e-17,
        "max": 9.90036987013e-29,
        "mean": -5.36759525716e-09,
        "median": -3.99587651856e-09,
        "min": -3.17751052137e-08,
        "stdev": 4.33506253117e-09,
        "var": 1.87927659674e-17
    },
    "spectral_energy": {
        "dmean": 0.00658107036725,
        "dmean2": 0.00946468766779,
        "dvar": 9.90229455056e-05,
        "dvar2": 0.000189400292584,
        "max": 0.130176901817,
        "mean": 0.0217585097998,
        "median": 0.0159626659006,
        "min": 1.07562479421e-20,
        "stdev": 0.0177153181285,
        "var": 0.000313832482789
    },
    "spectral_energyband_high": {
        "dmean": 0.000260473636445,
        "dmean2": 0.000370542111341,
        "dvar": 9.14774943794e-07,
        "dvar2": 1.95139182324e-06,
        "max": 0.0178141780198,
        "mean": 0.000462650321424,
        "median": 6.54807226965e-05,
        "min": 7.8047423085e-21,
        "stdev": 0.00125281652436,
        "var": 1.56954934027e-06
    },
    "spectral_energyband_low": {
        "dmean": 0.000746136414818,
        "dmean2": 0.00106145674363,
        "dvar": 2.49335948865e-06,
        "dvar2": 5.62977038499e-06,
        "max": 0.0264141801745,
        "mean": 0.00295825651847,
        "median": 0.00159233622253,
        "min": 2.55626905349e-23,
        "stdev": 0.00364880543202,
        "var": 1.33137809826e-05
    },
    "spectral_energyband_middle_high": {
        "dmean": 0.00217771041207,
        "dmean2": 0.00285496329889,
        "dvar": 1.70424445969e-05,
        "dvar2": 2.98039158224e-05,
        "max": 0.0600317381322,
        "mean": 0.00478769326583,
        "median": 0.00270676543005,
        "min": 1.53099438572e-21,
        "stdev": 0.00712792435661,
        "var": 5.0807306252e-05
    },
    "spectral_energyband_middle_low": {
        "dmean": 0.00517203379422,
        "dmean2": 0.00773012638092,
        "dvar": 6.16039469605e-05,
        "dvar2": 0.000133222041768,
        "max": 0.107959419489,
        "mean": 0.0138108590618,
        "median": 0.00924834329635,
        "min": 2.27697468015e-22,
        "stdev": 0.0125511204824,
        "var": 0.000157530623255
    },
    "spectral_entropy": {
        "dmean": 0.226808771491,
        "dmean2": 0.320956081152,
        "dvar": 0.0856707692146,
        "dvar2": 0.152561560273,
        "max": 9.80367469788,
        "mean": 7.11871242523,
        "median": 7.1056227684,
        "min": 5.22341775894,
        "stdev": 0.553150236607,
        "var": 0.305975198746
    },
    "spectral_flux": {
        "dmean": 0.0227058306336,
        "dmean2": 0.0349228829145,
        "dvar": 0.000655221752822,
        "dvar2": 0.00146806216799,
        "max": 0.301105052233,
        "mean": 0.0688847079873,
        "median": 0.0568838305771,
        "min": 6.65398500188e-11,
        "stdev": 0.0430334731936,
        "var": 0.00185187975876
    },
    "spectral_kurtosis": {
        "dmean": 4.41858673096,
        "dmean2": 7.64984989166,
        "dvar": 36.9961891174,
        "dvar2": 111.266448975,
        "max": 75.0526580811,
        "mean": 8.39605426788,
        "median": 5.46300029755,
        "min": -1.34111440182,
        "stdev": 7.8519153595,
        "var": 61.6525764465
    },
    "spectral_rms": {
        "dmean": 0.00066214997787,
        "dmean2": 0.000929943984374,
        "dvar": 6.79056086028e-07,
        "dvar2": 1.14394777029e-06,
        "max": 0.0112695097923,
        "mean": 0.00427069375291,
        "median": 0.00394630618393,
        "min": 3.23942890741e-12,
        "stdev": 0.00172886427026,
        "var": 2.98897157336e-06
    },
    "spectral_rolloff": {
        "dmean": 357.797485352,
        "dmean2": 606.850219727,
        "dvar": 890083.0625,
        "dvar2": 1729227.25,
        "max": 19401.4160156,
        "mean": 1263.01318359,
        "median": 1119.7265625,
        "min": 150.732421875,
        "stdev": 1621.78076172,
        "var": 2630172.75
    },
    "spectral_skewness": {
        "dmean": 0.431641936302,
        "dmean2": 0.707066774368,
        "dvar": 0.218286901712,
        "dvar2": 0.579234719276,
        "max": 6.59617042542,
        "mean": 2.02926635742,
        "median": 1.8916349411,
        "min": -0.61834692955,
        "stdev": 0.695206582546,
        "var": 0.483312189579
    },
    "spectral_spread": {
        "dmean": 602697.75,
        "dmean2": 884927.375,
        "dvar": 1.15099185971e+12,
        "dvar2": 1.60785091789e+12,
        "max": 40706844,
        "mean": 4366256,
        "median": 4517413.5,
        "min": 786920.3125,
        "stdev": 3294348.5,
        "var": 1.08527322399e+13
    },
    "spectral_strongpeak": {
        "dmean": 0.545107841492,
        "dmean2": 0.891524016857,
        "dvar": 0.985413074493,
        "dvar2": 2.10976028442,
        "max": 12.2871761322,
        "mean": 1.14075136185,
        "median": 0.84799182415,
        "min": 0,
        "stdev": 1.41793119907,
        "var": 2.01052904129
    },
    "zerocrossingrate": {
        "dmean": 0.00946668535471,
        "dmean2": 0.0111529333517,
        "dvar": 0.000318754900945,
        "dvar2": 0.000281167129287,
        "max": 0.4990234375,
        "mean": 0.0500316470861,
        "median": 0.04248046875,
        "min": 0.00244140625,
        "stdev": 0.045562479645,
        "var": 0.00207593967207
    },
    "barkbands": {
        "dmean": [4.81203787785e-05, 0.000469393999083, 0.000258152751485, 0.00024480567663, 0.00222679856233, 0.00150194391608, 0.000673038477544, 0.00139684870373, 0.00131800654344, 0.000513640290592, 0.00031345980824, 0.000501140661072, 0.000552067765966, 0.000647984968964, 0.000418276438722, 0.000176689747605, 0.000146543286974, 7.27217629901e-05, 6.12745061517e-05, 3.48842222593e-05, 4.7105106205e-05, 3.23236708937e-05, 4.2181538447e-05, 7.99831177574e-05, 7.02092875144e-05, 2.17001070268e-05, 8.41975179355e-07],
        "dmean2": [8.0847137724e-05, 0.000668640306685, 0.000365076062735, 0.000367405067664, 0.00342980097048, 0.0022057169117, 0.00113283703104, 0.00221552583389, 0.00201647891663, 0.00076168589294, 0.00051210942911, 0.000787861121353, 0.000829126569442, 0.000943955383264, 0.000609068141785, 0.000271586643066, 0.000221505310037, 0.000114138863864, 9.16865537874e-05, 5.38587410119e-05, 6.87874853611e-05, 5.1281422202e-05, 6.48107743473e-05, 0.000116391296615, 0.000103708713141, 3.10636423819e-05, 1.3262107359e-06],
        "dvar": [4.71840664318e-08, 1.42676856285e-06, 2.53892608271e-07, 2.78000840126e-07, 1.13346795843e-05, 1.12648494905e-05, 5.0288545026e-06, 1.45172143675e-05, 2.55251525232e-05, 2.14189162762e-06, 2.66599113274e-06, 2.38259030994e-06, 2.4191463126e-06, 3.76368507204e-06, 2.27592113333e-06, 3.38434659852e-07, 1.02903157995e-07, 1.76785910355e-08, 2.37629027566e-08, 5.2368380743e-09, 1.01700656785e-08, 2.25612826199e-08, 4.59217304183e-08, 1.12017929155e-07, 8.96349945378e-08, 6.89106061103e-09, 1.57078586249e-11],
        "dvar2": [1.21766333905e-07, 3.27309817294e-06, 5.30290662937e-07, 6.53823406083e-07, 2.5522434953e-05, 2.23665774683e-05, 1.37534743772e-05, 3.39350663126e-05, 5.325310849e-05, 4.5999959184e-06, 7.36468700779e-06, 5.92340302319e-06, 4.83756548419e-06, 7.07024810254e-06, 4.24699601353e-06, 7.70065241795e-07, 2.26600960218e-07, 4.39136655928e-08, 5.08841182523e-08, 1.17570300162e-08, 2.06616519449e-08, 6.02082153023e-08, 1.11707301187e-07, 2.2189222193e-07, 1.651819872e-07, 1.08209308181e-08, 2.97693744655e-11],
        "max": [0.00531355571002, 0.0192751716822, 0.00650294870138, 0.00797878950834, 0.0439705885947, 0.0837021023035, 0.0393788665533, 0.0504402816296, 0.0899132192135, 0.0329439640045, 0.0424142926931, 0.0273430161178, 0.0260843038559, 0.0294641107321, 0.0338656082749, 0.0143704684451, 0.00475052371621, 0.00152923469432, 0.00317221018486, 0.000994627014734, 0.00172929372638, 0.00389125221409, 0.0055761905387, 0.00635867193341, 0.00732502853498, 0.00206615892239, 0.000120325137686],
        "mean": [0.000177185022039, 0.00184478750452, 0.000724848883692, 0.000443212338723, 0.0053257890977, 0.0032965161372, 0.000903787498828, 0.00171573914122, 0.00200722948648, 0.000738008646294, 0.000400423712563, 0.000743998796679, 0.000808610231616, 0.000832195451949, 0.000634150695987, 0.000245892035309, 0.000220701112994, 0.000114732742077, 9.27438231884e-05, 4.92791477882e-05, 8.22551373858e-05, 3.94796297769e-05, 5.33666243427e-05, 0.000116479954158, 0.000112629611976, 3.35786025971e-05, 8.85425606612e-07],
        "median": [1.04357559394e-06, 0.000294189550914, 0.000341745384503, 0.000211854407098, 0.00305395130999, 0.0011919294484, 0.000307581911329, 0.000522909802385, 0.000458949449239, 0.0002635079436, 0.000121243596368, 0.00027739079087, 0.000217315784539, 0.000221605165279, 0.000166041194461, 7.94680163381e-05, 7.95760643086e-05, 5.38411331945e-05, 3.87895015592e-05, 1.84902928595e-05, 1.75318036781e-05, 5.96001154918e-06, 3.31812861987e-06, 9.31954673433e-06, 1.16759547382e-05, 3.81115046366e-06, 2.80650791495e-09],
        "min": [2.72832356122e-24, 1.32166166268e-23, 3.44373599414e-24, 3.58628079313e-24, 2.00660876076e-23, 7.60444715465e-24, 6.8476802665e-24, 2.25840795522e-23, 4.8340023654e-23, 2.49059890748e-23, 2.03323376294e-23, 6.98857050863e-23, 8.43461628786e-23, 5.42905560788e-23, 8.57579146655e-23, 8.10996783984e-23, 1.32362895556e-22, 1.44107242143e-22, 1.62072406989e-22, 2.41995186958e-22, 3.63279332584e-22, 4.65739944346e-22, 5.32804127477e-22, 6.78300067736e-22, 1.13554742588e-21, 1.60883963423e-21, 2.28171915469e-21],
        "stdev": [0.000358363176929, 0.00285560730845, 0.000939080084208, 0.000687357911374, 0.00623712083325, 0.0057530417107, 0.00215482176282, 0.00404379470274, 0.00644501112401, 0.00202540587634, 0.00139109103475, 0.00187590462156, 0.00199533603154, 0.00245268619619, 0.00209816265851, 0.000649590510875, 0.000426797108958, 0.000178330767085, 0.000210671758396, 8.57909690239e-05, 0.000157149057486, 0.000131190972752, 0.000203894000151, 0.000448893959401, 0.000448603415862, 0.000123870166135, 5.01142994835e-06],
        "var": [1.28424161971e-07, 8.15449311631e-06, 8.8187135816e-07, 4.72460925494e-07, 3.89016749978e-05, 3.30974908138e-05, 4.64325648863e-06, 1.63522745424e-05, 4.1538169171e-05, 4.10226857639e-06, 1.93513437807e-06, 3.51901826434e-06, 3.9813658077e-06, 6.01566989644e-06, 4.40228632215e-06, 4.21967854436e-07, 1.82155773132e-07, 3.18018642531e-08, 4.43825918239e-08, 7.36009031499e-09, 2.46958276051e-08, 1.72110699026e-08, 4.15727647862e-08, 2.01505784503e-07, 2.01245015319e-07, 1.53438186601e-08, 2.51144296332e-11]
    },
    "erbbands": {
        "dmean": [0.0132996235043, 0.108406245708, 0.267946571112, 0.556169629097, 2.15871548653, 9.23683834076, 16.8590736389, 10.6655368805, 8.91098594666, 15.1165237427, 33.0767784119, 30.0131855011, 20.4423713684, 16.3244190216, 12.8410577774, 18.1358356476, 20.4101886749, 33.788433075, 24.7313041687, 15.3199644089, 8.68043613434, 7.48427295685, 4.25207042694, 3.20891976357, 2.33023500443, 1.58382928371, 1.95393228531, 1.68435394764, 1.15402555466, 1.09713101387, 1.25260794163, 1.61911356449, 1.37814712524, 0.929460644722, 0.459147065878, 0.157226070762, 0.0284351203591, 0.00360952806659, 9.18759178603e-05, 1.03218280856e-05],
        "dmean2": [0.0202271733433, 0.151936933398, 0.372899800539, 0.810409843922, 3.44538474083, 14.3461904526, 24.6186676025, 15.800740242, 14.1823635101, 24.9568824768, 52.2602615356, 45.9231681824, 29.9269828796, 24.3903865814, 19.9454708099, 28.0923614502, 29.7416572571, 48.2108955383, 35.2695121765, 22.8999328613, 13.0189409256, 11.4122600555, 6.42521238327, 4.64959669113, 3.57395505905, 2.40078115463, 2.90602087975, 2.54491519928, 1.81119966507, 1.71918451786, 1.9232172966, 2.50916814804, 1.94707047939, 1.41483438015, 0.69217056036, 0.229312539101, 0.0402368344367, 0.00576056865975, 0.000139925497933, 1.46632464748e-05],
        "dvar": [0.00143825856503, 0.0760775208473, 0.24422813952, 1.23688149452, 17.3463897705, 206.973968506, 849.973205566, 1440.61486816, 788.280456543, 1423.91308594, 8129.43359375, 17648.734375, 5198.83056641, 2735.48876953, 1805.82470703, 2889.45410156, 3752.28491211, 11153.5664062, 3997.98803711, 3080.07861328, 499.71081543, 273.941589355, 62.2454872131, 49.7402458191, 31.0020713806, 10.5585021973, 19.8391799927, 12.483956337, 22.7211990356, 33.7495765686, 43.5846786499, 42.815372467, 40.060382843, 19.4609699249, 3.04240036011, 0.315585017204, 0.0142299458385, 0.000427875638707, 1.82582695629e-07, 4.653127883e-10],
        "dvar2": [0.00344933429733, 0.170002520084, 0.494804739952, 2.81866502762, 44.9819564819, 464.902587891, 1689.1895752, 3226.17700195, 1993.37817383, 3594.49145508, 19012.015625, 35677.8867188, 11087.890625, 6538.51367188, 4601.90576172, 6959.28759766, 7984.90869141, 21337.484375, 7902.03417969, 6421.97460938, 826.336242676, 606.152770996, 148.205352783, 100.03250885, 71.9994049072, 22.6210250854, 39.0942344666, 27.8682670593, 59.3726654053, 85.0375900269, 107.297653198, 103.226631165, 68.618812561, 37.8268165588, 5.82554531097, 0.546865046024, 0.0218838565052, 0.00104260991793, 3.72872335674e-07, 8.50483461434e-10],
        "max": [0.66491830349, 4.06343269348, 5.69347476959, 18.6997718811, 84.4173126221, 163.594314575, 524.38104248, 1057.51147461, 545.364501953, 411.630249023, 1075.3380127, 2689.6340332, 1950.99584961, 974.632568359, 805.281799316, 1025.57177734, 1385.65405273, 1769.62854004, 1121.6973877, 1194.33251953, 584.814147949, 330.305023193, 101.585006714, 153.079986572, 92.744354248, 54.4488830566, 101.852310181, 35.2184524536, 122.61958313, 158.184631348, 162.480300903, 120.790344238, 146.885894775, 111.570358276, 39.4355545044, 13.0588741302, 3.04943609238, 0.600077331066, 0.012194480747, 0.000491067068651],
        "mean": [0.0657274201512, 0.3587487638, 0.811190009117, 1.29845964909, 3.82410430908, 19.3167457581, 42.1816062927, 20.2750263214, 12.3383607864, 21.3212184906, 42.3678741455, 43.264667511, 32.6625480652, 24.7963695526, 20.4968891144, 28.1653366089, 32.4309120178, 47.5763397217, 38.0062294006, 22.674697876, 14.4743938446, 11.9939985275, 7.14547681808, 5.43259572983, 3.58505582809, 2.3981013298, 3.16984415054, 2.76404595375, 1.48201346397, 1.2840307951, 1.62085092068, 2.2059943676, 2.00076246262, 1.45041656494, 0.69483268261, 0.231638878584, 0.0450967624784, 0.00502194464207, 0.000141092954436, 3.1802104786e-05],
        "median": [0.00236540334299, 0.0855642855167, 0.435594111681, 0.664473176003, 1.94452023506, 9.98099327087, 15.307972908, 7.86382913589, 5.24971818924, 8.23840427399, 14.9566383362, 12.1136932373, 11.1131896973, 12.0462112427, 9.77091121674, 12.5074901581, 10.5958156586, 13.3815097809, 11.3874940872, 6.40378332138, 5.32558250427, 4.38754177094, 3.58338356018, 2.52435421944, 1.62015223503, 0.906507968903, 0.810066998005, 0.481990516186, 0.247809633613, 0.138759374619, 0.100579373538, 0.134931817651, 0.157439038157, 0.148691311479, 0.0635228455067, 0.0229382514954, 0.00464400928468, 0.000466517929453, 1.96275668713e-05, 1.9748826162e-05],
        "min": [6.37305452981e-22, 2.3113530617e-21, 4.41131139369e-21, 1.15473282601e-20, 2.7040304811e-20, 7.54048928362e-20, 5.28280449171e-20, 8.77378908131e-20, 9.81189299525e-20, 2.91540168786e-19, 5.93887762467e-19, 1.1848203188e-18, 8.52254783365e-19, 1.20731714992e-18, 1.50304238731e-18, 2.87852235724e-18, 4.34477898873e-18, 4.20264123536e-18, 4.59264820878e-18, 5.26799154809e-18, 6.23502896348e-18, 9.07722940643e-18, 9.85509516523e-18, 8.28665980779e-18, 1.11254501987e-17, 1.22511809738e-17, 1.34017784525e-17, 1.15077954117e-17, 1.416606356e-17, 1.42777097816e-17, 1.40399747649e-17, 1.33416167794e-17, 1.18941251537e-17, 1.22557064789e-17, 7.74544711353e-18, 5.17824451958e-18, 2.75328411057e-18, 1.18330161519e-18, 2.78006253194e-19, 3.46203876116e-20],
        "stdev": [0.106758847833, 0.603455901146, 0.956803321838, 1.63975942135, 6.16189622879, 24.2112483978, 68.7266235352, 49.8808326721, 28.0595302582, 41.4209861755, 96.3155670166, 154.17590332, 98.9004516602, 62.2096138, 46.602809906, 61.9685401917, 75.1814575195, 144.791107178, 86.0007171631, 68.6726913452, 31.1231498718, 22.1250991821, 10.6169061661, 10.3843154907, 6.46519565582, 4.03410768509, 6.80514669418, 5.04326343536, 4.33080434799, 5.27053689957, 6.23173999786, 6.9903254509, 9.23518180847, 6.43152713776, 2.55552268028, 0.812797427177, 0.175861731172, 0.025075154379, 0.000577646773309, 3.57789249392e-05],
        "var": [0.0113974511623, 0.364159047604, 0.915472567081, 2.68881106377, 37.968963623, 586.184570312, 4723.34863281, 2488.09741211, 787.337280273, 1715.69824219, 9276.68847656, 23770.2109375, 9781.29882812, 3870.03588867, 2171.82202148, 3840.10009766, 5652.25195312, 20964.4648438, 7396.12353516, 4715.93896484, 968.65045166, 489.520019531, 112.718688965, 107.833999634, 41.7987518311, 16.274023056, 46.3100242615, 25.4345054626, 18.7558670044, 27.7785606384, 38.8345832825, 48.8646469116, 85.2885818481, 41.3645439148, 6.53069639206, 0.660639643669, 0.030927348882, 0.000628763344139, 3.33675785669e-07, 1.28013144529e-09]
    },
    "gfcc": {
        "mean": [-55.8955001831, 117.021789551, -138.666748047, 3.31989979744, -63.8373031616, -2.64148187637, -45.5469284058, -6.10659694672, -24.9537734985, -2.6445286274, -14.4516925812, -2.80072832108, -5.24257707596],
        "cov": [[14403.5927734, -2003.5324707, 912.166992188, 745.58013916, -837.647460938, 1004.47473145, -1318.06677246, 705.419067383, -592.254089355, 534.461303711, -428.359039307, 223.204315186, 117.017692566], [-2003.5324707, 4304.15185547, -1139.0020752, 421.954589844, 1181.6270752, -460.621337891, 1597.87548828, -533.875183105, 661.743835449, -478.776794434, 439.784301758, -304.040435791, -68.6330184937], [912.166992188, -1139.0020752, 2634.1003418, 776.907226562, -46.0908889771, 721.719543457, -598.315185547, 551.104614258, -296.232879639, 296.607025146, -118.992828369, 270.453186035, 115.010276794], [745.58013916, 421.954589844, 776.907226562, 799.737976074, 301.8175354, 251.238174438, 141.649078369, 172.143737793, 82.4565505981, 38.3041687012, 44.3389167786, 39.2143287659, 37.230846405], [-837.647460938, 1181.6270752, -46.0908889771, 301.8175354, 586.581176758, -1.92216527462, 497.144836426, -25.8047714233, 255.360122681, -78.8124771118, 135.747055054, -31.8325519562, 1.68191671371], [1004.47473145, -460.621337891, 721.719543457, 251.238174438, -1.92216527462, 421.445953369, -109.879730225, 250.867385864, -57.8178520203, 161.011566162, -28.3830127716, 89.7261962891, 27.0586910248], [-1318.06677246, 1597.87548828, -598.315185547, 141.649078369, 497.144836426, -109.879730225, 901.444946289, -163.488235474, 354.364562988, -138.393218994, 209.269439697, -118.418281555, -53.4870300293], [705.419067383, -533.875183105, 551.104614258, 172.143737793, -25.8047714233, 250.867385864, -163.488235474, 285.510437012, -29.5017375946, 141.101882935, -48.9474945068, 90.5462646484, 27.3288574219], [-592.254089355, 661.743835449, -296.232879639, 82.4565505981, 255.360122681, -57.8178520203, 354.364562988, -29.5017375946, 256.342193604, -32.0429954529, 95.5841445923, -39.5560379028, -10.7281112671], [534.461303711, -478.776794434, 296.607025146, 38.3041687012, -78.8124771118, 161.011566162, -138.393218994, 141.101882935, -32.0429954529, 177.145217896, -16.5575237274, 61.6429710388, 31.9563598633], [-428.359039307, 439.784301758, -118.992828369, 44.3389167786, 135.747055054, -28.3830127716, 209.269439697, -48.9474945068, 95.5841445923, -16.5575237274, 140.782958984, 4.72357845306, 16.7158317566], [223.204315186, -304.040435791, 270.453186035, 39.2143287659, -31.8325519562, 89.7261962891, -118.418281555, 90.5462646484, -39.5560379028, 61.6429710388, 4.72357845306, 121.344520569, 54.054233551], [117.017692566, -68.6330184937, 115.010276794, 37.230846405, 1.68191671371, 27.0586910248, -53.4870300293, 27.3288574219, -10.7281112671, 31.9563598633, 16.7158317566, 54.054233551, 111.933258057]],
        "icov": [[0.000228522811085, -0.00046800985001, 0.000514766201377, -0.000472507439554, 0.000553820631467, -0.000779663794674, 0.000612151343375, -0.000452611537185, 0.000483173585963, -0.000609998416621, 0.000592309806962, -0.000516122148838, 6.68034408591e-05], [-0.00046800985001, 0.00263482006267, -0.00128861609846, 0.000681214558426, -0.00260779075325, 0.00201110797934, -0.0024749992881, 0.00208203680813, -0.0012455903925, 0.00273356144316, -0.00247000670061, 0.00259703444317, -0.000720777199604], [0.000514766201377, -0.00128861609846, 0.00254495535046, -0.00190759857651, 0.00100419670343, -0.00274211168289, 0.00201292242855, -0.00182312342804, 0.00240351585671, -0.00164830195718, 0.00140956125688, -0.00217801099643, 0.000288322480628], [-0.000472507439554, 0.000681214558426, -0.00190759857651, 0.00375575339422, -0.00175893155392, 0.00104841112625, -0.00117022613995, 0.000288394803647, -0.00166163570248, 0.00180676369928, -0.00126122077927, 0.00189242232591, -0.000634748488665], [0.000553820631467, -0.00260779075325, 0.00100419670343, -0.00175893155392, 0.00752994138747, -0.0022123332601, 0.00103517726529, -0.00220304145478, -0.00130503007676, -0.00113984569907, 0.0020563476719, -0.00294903642498, 0.000146860984387], [-0.000779663794674, 0.00201110797934, -0.00274211168289, 0.00104841112625, -0.0022123332601, 0.010280395858, -0.0040692742914, -0.00181550753769, 0.000471655774163, -0.000751488551032, -0.002176951617, 0.00198257085867, 0.000191256287508], [0.000612151343375, -0.0024749992881, 0.00201292242855, -0.00117022613995, 0.00103517726529, -0.0040692742914, 0.00705815060064, -0.000915747135878, -0.00147005426697, -0.00147756619845, -0.000288545212243, -0.000980760087259, 0.00152555876411], [-0.000452611537185, 0.00208203680813, -0.00182312342804, 0.000288394803647, -0.00220304145478, -0.00181550753769, -0.000915747135878, 0.0134424120188, -0.00491298735142, -0.00110820168629, 0.00146040006075, -0.00152155838441, 0.00064169394318], [0.000483173585963, -0.0012455903925, 0.00240351585671, -0.00166163570248, -0.00130503007676, 0.000471655774163, -0.00147005426697, -0.00491298735142, 0.0138400550932, -0.00397989340127, -0.000100664467027, -0.000784894335084, 7.3675691965e-05], [-0.000609998416621, 0.00273356144316, -0.00164830195718, 0.00180676369928, -0.00113984569907, -0.000751488551032, -0.00147756619845, -0.00110820168629, -0.00397989340127, 0.0154080493376, -0.00491503253579, 0.00275191082619, -0.00220552226529], [0.000592309806962, -0.00247000670061, 0.00140956125688, -0.00126122077927, 0.0020563476719, -0.002176951617, -0.000288545212243, 0.00146040006075, -0.000100664467027, -0.00491503253579, 0.0165510755032, -0.00704081403092, -0.000839631422423], [-0.000516122148838, 0.00259703444317, -0.00217801099643, 0.00189242232591, -0.00294903642498, 0.00198257085867, -0.000980760087259, -0.00152155838441, -0.000784894335084, 0.00275191082619, -0.00704081403092, 0.0190922506154, -0.0058210734278], [6.68034408591e-05, -0.000720777199604, 0.000288322480628, -0.000634748488665, 0.000146860984387, 0.000191256287508, 0.00152555876411, 0.00064169394318, 7.3675691965e-05, -0.00220552226529, -0.000839631422423, -0.0058210734278, 0.0124340541661]]
    },
    "melbands": {
        "dmean": [0.000124086174765, 0.000135857189889, 0.000123742385767, 0.000377292279154, 0.000545693968888, 0.00024001422571, 0.000139773139381, 0.000194715728867, 0.000257152481936, 0.000192079707631, 0.00010308578203, 7.04136691638e-05, 4.61369490949e-05, 5.73622637603e-05, 4.13557245338e-05, 6.18509002379e-05, 6.07123874943e-05, 4.30680265708e-05, 2.93372067972e-05, 1.55454526976e-05, 1.02012400021e-05, 8.82308813743e-06, 5.79820016355e-06, 3.69478152606e-06, 2.75296474683e-06, 2.27178861678e-06, 1.34257379614e-06, 1.03564741494e-06, 1.34993729262e-06, 1.22653534618e-06, 9.32676130105e-07, 6.65207210204e-07, 6.48738591735e-07, 6.3424840846e-07, 7.07293850155e-07, 8.85856650257e-07, 1.09273321414e-06, 1.06301240521e-06, 8.08252934803e-07, 8.428065712e-07],
        "dmean2": [0.000184373595403, 0.000188592282939, 0.000187696321518, 0.000587921589613, 0.00081389141269, 0.000354516203515, 0.000222560367547, 0.00032140861731, 0.000405745202443, 0.000294423982268, 0.000150887615746, 0.000105379382148, 7.37427108106e-05, 8.90312367119e-05, 6.2472121499e-05, 9.19570666156e-05, 8.7786174845e-05, 6.32474620943e-05, 4.20610595029e-05, 2.49244458246e-05, 1.50520891111e-05, 1.36095632115e-05, 8.82014410308e-06, 5.80369578529e-06, 3.97659414375e-06, 3.47467653228e-06, 2.0572097128e-06, 1.60961519668e-06, 2.04146886063e-06, 1.86340787423e-06, 1.43100851346e-06, 1.05348976831e-06, 1.05517915472e-06, 9.92846707959e-07, 1.07694165763e-06, 1.40793827086e-06, 1.69967302099e-06, 1.52109669216e-06, 1.20860897823e-06, 1.29830993956e-06],
        "dvar": [1.10859893709e-07, 7.15266779139e-08, 5.30020969336e-08, 3.73281864086e-07, 8.03409818673e-07, 5.4363374602e-07, 1.79116156573e-07, 2.3341650035e-07, 4.87878310196e-07, 7.02955730958e-07, 1.30173972934e-07, 4.88149964895e-08, 3.49451383386e-08, 3.57281280117e-08, 2.1941488626e-08, 3.28712346231e-08, 3.61576653063e-08, 1.47091778757e-08, 2.26062208952e-08, 3.58389340427e-09, 6.52546627844e-10, 4.01474520295e-10, 1.95692531624e-10, 4.78384172553e-11, 3.97985255862e-11, 3.24473295454e-11, 9.68747564806e-12, 4.57350476935e-12, 1.17175852354e-11, 7.55026770272e-12, 4.14032046495e-12, 4.87938812618e-12, 1.60318147646e-11, 9.76028025762e-12, 1.39973701033e-11, 1.74931093916e-11, 1.84489055977e-11, 2.37973321604e-11, 1.30734555126e-11, 1.5845212295e-11],
        "dvar2": [2.63721858573e-07, 1.47524218619e-07, 1.25394493011e-07, 8.64875062234e-07, 1.64320078966e-06, 1.17325976134e-06, 4.57832072698e-07, 5.71105829295e-07, 1.14914803362e-06, 1.4568441884e-06, 2.74194576377e-07, 1.12509560779e-07, 9.27652976657e-08, 8.6576733338e-08, 4.82982862593e-08, 6.4232835939e-08, 7.14370571586e-08, 2.95277065021e-08, 4.16888177313e-08, 9.33063759589e-09, 1.16776732728e-09, 8.82784345624e-10, 4.68604099968e-10, 1.21896784333e-10, 7.86127343777e-11, 7.29376212205e-11, 2.32105550058e-11, 9.80887419899e-12, 2.25752940647e-11, 1.71516394837e-11, 9.57925665873e-12, 1.23391470652e-11, 4.36010498539e-11, 2.33629868923e-11, 3.28841745501e-11, 4.62364313503e-11, 4.38890347676e-11, 4.21638279846e-11, 2.10770498277e-11, 3.31305538559e-11],
        "max": [0.00590861402452, 0.00361007242464, 0.00340278330259, 0.0110845183954, 0.0144827309996, 0.020299134776, 0.00813069008291, 0.0062123304233, 0.00805997475982, 0.0151605503634, 0.00965228304267, 0.00419587222859, 0.00457990774885, 0.00402280827984, 0.00379853276536, 0.00256170425564, 0.00298435660079, 0.00254220166244, 0.00367226544768, 0.00127887143753, 0.000697916722856, 0.00043363153236, 0.000205354444915, 9.00123995962e-05, 0.000144038596773, 0.00011466806609, 3.72175309167e-05, 3.61325946869e-05, 9.18085643207e-05, 3.62304890587e-05, 2.3594358936e-05, 5.22890586581e-05, 0.000105955798062, 8.61296575749e-05, 9.42692931858e-05, 8.859555237e-05, 7.12310502422e-05, 0.000110264343675, 8.34132224554e-05, 0.000103329497506],
        "mean": [0.000543030560948, 0.000439978204668, 0.000272430537734, 0.000768423080444, 0.00141417083796, 0.00046982607455, 0.000195446744328, 0.000263497349806, 0.000334857963026, 0.000278198858723, 0.000161938325618, 0.000103528785985, 6.53902388876e-05, 8.44202731969e-05, 6.18755730102e-05, 9.30070527829e-05, 8.13378428575e-05, 6.25379907433e-05, 4.20828691858e-05, 1.9720155251e-05, 1.5851959688e-05, 1.31346159833e-05, 8.34637921798e-06, 5.66139124203e-06, 4.23764322477e-06, 3.35602453561e-06, 1.83074985216e-06, 1.45330602663e-06, 1.96902988137e-06, 2.02164687835e-06, 1.42187775509e-06, 8.42562769776e-07, 6.93581171163e-07, 7.22691936517e-07, 8.77791592302e-07, 1.10706105261e-06, 1.44731961882e-06, 1.4686150962e-06, 1.19955677746e-06, 1.24575876725e-06],
        "median": [5.4158612329e-05, 0.000256085098954, 0.000164506374858, 0.000405290833442, 0.000633962103166, 0.00017306751397, 8.52144657983e-05, 0.000111983659735, 0.000114499780466, 6.28928246442e-05, 5.09074016009e-05, 4.57570386061e-05, 2.74958201771e-05, 2.80751009996e-05, 2.18495461013e-05, 2.48851083597e-05, 2.12262730201e-05, 1.65482797456e-05, 8.79285198607e-06, 6.53464621791e-06, 5.98177621214e-06, 4.60046840089e-06, 3.24835627907e-06, 2.44741499955e-06, 1.63196557423e-06, 1.45467265611e-06, 6.47124011266e-07, 5.24739562024e-07, 5.18901401847e-07, 3.8536336433e-07, 2.11843868669e-07, 1.3376504171e-07, 1.035488566e-07, 6.09045542888e-08, 4.87396683013e-08, 6.40406909724e-08, 7.55175264544e-08, 1.00176940521e-07, 1.09083600819e-07, 1.05939648165e-07],
        "min": [5.56028214615e-24, 2.2612630795e-24, 2.67007722742e-24, 3.50732607171e-24, 3.2197375596e-24, 1.64460843913e-24, 1.60419361584e-24, 3.92988769863e-24, 5.50684391957e-24, 6.70179464158e-24, 4.09545579757e-24, 4.94398377508e-24, 3.24913584174e-24, 8.7722594838e-24, 5.56009597497e-24, 9.32340346612e-24, 6.40660289084e-24, 5.7555784683e-24, 5.55566730985e-24, 6.32547919636e-24, 7.7554374985e-24, 6.54241357872e-24, 7.67846833997e-24, 7.60365434944e-24, 5.73755615206e-24, 7.44866921398e-24, 8.81774599246e-24, 6.59064453446e-24, 6.31991812141e-24, 9.39689769236e-24, 5.37498148052e-24, 7.8794645766e-24, 7.49792016687e-24, 7.12934541929e-24, 6.44762878551e-24, 7.36861560932e-24, 8.42294083092e-24, 8.02985223071e-24, 8.89330861199e-24, 1.0494733326e-23],
        "stdev": [0.000857956940308, 0.000544772308785, 0.000338309066137, 0.00102113268804, 0.00205742008984, 0.00102622841951, 0.000426693906775, 0.000511294463649, 0.000753781467211, 0.000986244063824, 0.000501511909533, 0.000273082696367, 0.000172958738403, 0.000239861255977, 0.000170032537426, 0.000251920951996, 0.00025031453697, 0.000151161686517, 0.00019763657474, 5.70969750697e-05, 3.39329490089e-05, 2.63881793217e-05, 1.62184878718e-05, 8.99444785318e-06, 9.32904004003e-06, 7.37312802812e-06, 3.46473871105e-06, 2.56495218309e-06, 5.15907004228e-06, 3.74552678295e-06, 2.78191077996e-06, 2.15407180804e-06, 3.31038108925e-06, 2.97352676171e-06, 3.6287592593e-06, 3.76775824407e-06, 4.740912118e-06, 6.84991027811e-06, 5.69073199586e-06, 5.51151197214e-06],
        "var": [7.36090100872e-07, 2.96776846653e-07, 1.14453015954e-07, 1.04271191503e-06, 4.23297751695e-06, 1.05314484244e-06, 1.82067680043e-07, 2.6142203069e-07, 5.68186521832e-07, 9.72677412392e-07, 2.51514222782e-07, 7.4574153075e-08, 2.99147231431e-08, 5.75334233588e-08, 2.89110655416e-08, 6.34641637021e-08, 6.26573708473e-08, 2.28498571175e-08, 3.9060218171e-08, 3.26006466267e-09, 1.15144505042e-09, 6.9633598887e-10, 2.63039368065e-10, 8.09000921809e-11, 8.70309865841e-11, 5.43630140903e-11, 1.20044148233e-11, 6.57897954864e-12, 2.66160028045e-11, 1.40289715608e-11, 7.73902730095e-12, 4.64002490944e-12, 1.0958622898e-11, 8.84186127093e-12, 1.31678938586e-11, 1.41960020128e-11, 2.24762465584e-11, 4.69212689536e-11, 3.23844284722e-11, 3.03767636045e-11]
    },
    "melbands128": {
