{
"lowlevel": {
    "average_loudness": 0.973272025585,
    "barkbands_crest": {
        "dmean": 2.27043604851,
        "dmean2": 3.5160844326,
        "dvar": 6.71211194992,
        "dvar2": 15.6339349747,
        "max": 25.7515087128,
        "mean": 13.7560977936,
        "median": 13.1493721008,
        "min": 2.96144604683,
        "stdev": 4.77255392075,
        "var": 22.7772693634
    },
    "barkbands_flatness_db": {
        "dmean": 0.0420340150595,
        "dmean2": 0.0577360801399,
        "dvar": 0.00192351092119,
        "dvar2": 0.00345491315238,
        "max": 0.511978507042,
        "mean": 0.216174930334,
        "median": 0.207948029041,
        "min": 0.0260879676789,
        "stdev": 0.0849467366934,
        "var": 0.00721594830975
    },
    "barkbands_kurtosis": {
        "dmean": 16.1160545349,
        "dmean2": 26.4960384369,
        "dvar": 1255.6965332,
        "dvar2": 3327.6875,
        "max": 568.619506836,
        "mean": 19.7641868591,
        "median": 6.4126701355,
        "min": -1.94252049923,
        "stdev": 37.8391647339,
        "var": 1431.80249023
    },
    "barkbands_skewness": {
        "dmean": 1.26980793476,
        "dmean2": 1.94629263878,
        "dvar": 2.27188587189,
        "dvar2": 5.51359605789,
        "max": 16.8648853302,
        "mean": 2.99057865143,
        "median": 2.49921107292,
        "min": -2.22207546234,
        "stdev": 2.35019850731,
        "var": 5.52343320847
    },
    "barkbands_spread": {
        "dmean": 10.9856872559,
        "dmean2": 17.2842750549,
        "dvar": 229.771072388,
        "dvar2": 487.447967529,
        "max": 117.56072998,
        "mean": 20.1296157837,
        "median": 14.509727478,
        "min": 0.296082735062,
        "stdev": 19.4973926544,
        "var": 380.148284912
    },
    "dissonance": {
        "dmean": 0.0351665355265,
        "dmean2": 0.0571027621627,
        "dvar": 0.00112955656368,
        "dvar2": 0.00291284685954,
        "max": 0.499868035316,
        "mean": 0.436045646667,
        "median": 0.44579783082,
        "min": 0.10503192991,
        "stdev": 0.0477187819779,
        "var": 0.00227708229795
    },
    "dynamic_complexity": 2.33199286461,
    "erbbands_crest": {
        "dmean": 3.19196152687,
        "dmean2": 5.14000225067,
        "dvar": 8.76577281952,
        "dvar2": 21.1148319244,
        "max": 29.4022464752,
        "mean": 9.87556362152,
        "median": 9.10140132904,
        "min": 2.84576916695,
        "stdev": 4.23485994339,
        "var": 17.9340400696
    },
    "erbbands_flatness_db": {
        "dmean": 0.0280625522137,
        "dmean2": 0.0419050231576,
        "dvar": 0.00066940166289,
        "dvar2": 0.00134845485445,
        "max": 0.335388511419,
        "mean": 0.155454531312,
        "median": 0.150302693248,
        "min": 0.0595804229379,
        "stdev": 0.0472823344171,
        "var": 0.00223561911844
    },
    "erbbands_kurtosis": {
        "dmean": 1.92998361588,
        "dmean2": 3.06131649017,
        "dvar": 8.10095691681,
        "dvar2": 18.778968811,
        "max": 34.8573036194,
        "mean": 1.54642653465,
        "median": 0.378667593002,
        "min": -1.86264050007,
        "stdev": 3.57259488106,
        "var": 12.7634334564
    },
    "erbbands_skewness": {
        "dmean": 0.647012174129,
        "dmean2": 0.989468574524,
        "dvar": 0.51259046793,
        "dvar2": 1.11647701263,
        "max": 3.60832881927,
        "mean": 0.221802204847,
        "median": 0.249806687236,
        "min": -5.15818452835,
        "stdev": 1.04760754108,
        "var": 1.09748160839
    },
    "erbbands_spread": {
        "dmean": 17.1385288239,
        "dmean2": 27.2227630615,
        "dvar": 460.482543945,
        "dvar2": 1049.88647461,
        "max": 168.289794922,
        "mean": 41.9794616699,
        "median": 34.3032989502,
        "min": 2.92053389549,
        "stdev": 28.7838554382,
        "var": 828.510314941
    },
    "hfc": {
        "dmean": 27.6056976318,
        "dmean2": 44.5426521301,
        "dvar": 2413.22949219,
        "dvar2": 5174.87646484,
        "max": 396.822692871,
        "mean": 38.0679092407,
        "median": 22.7251262665,
        "min": 1.11479687019e-16,
        "stdev": 52.807144165,
        "var": 2788.59448242
    },
    "loudness_ebu128": {
        "integrated": -8.78947734833,
        "loudness_range": 2.16675186157,
        "momentary": {
            "dmean": 0.719891428947,
            "dmean2": 1.03624355793,
            "dvar": 0.426337242126,
            "dvar2": 0.852354347706,
            "max": -6.31681442261,
            "mean": -9.10941410065,
            "median": -8.64394664764,
            "min": -15.9419584274,
            "stdev": 1.82461035252,
            "var": 3.3292028904
        },
        "short_term": {
            "dmean": 0.0881406739354,
            "dmean2": 0.118589170277,
            "dvar": 0.00533226970583,
            "dvar2": 0.00810412783176,
            "max": -7.57196426392,
            "mean": -8.8896780014,
            "median": -8.81950569153,
            "min": -10.3258934021,
            "stdev": 0.755983054638,
            "var": 0.571510374546
        }
    },
    "melbands_crest": {
        "dmean": 3.20498561859,
        "dmean2": 4.7626209259,
        "dvar": 14.5323867798,
        "dvar2": 30.2266750336,
        "max": 38.4562110901,
        "mean": 27.4633388519,
        "median": 30.3319969177,
        "min": 2.52961969376,
        "stdev": 8.46912574768,
        "var": 71.7260894775
    },
    "melbands_flatness_db": {
        "dmean": 0.0512356236577,
        "dmean2": 0.0680064111948,
        "dvar": 0.00289423298091,
        "dvar2": 0.00491704698652,
        "max": 0.663372635841,
        "mean": 0.303822159767,
        "median": 0.295593172312,
        "min": 0.0080173201859,
        "stdev": 0.109334558249,
        "var": 0.0119540458545
    },
    "melbands_kurtosis": {
        "dmean": 40.3614768982,
        "dmean2": 67.2919464111,
        "dvar": 7624.86279297,
        "dvar2": 20162.9765625,
        "max": 1203.52429199,
        "mean": 54.6837158203,
        "median": 19.7945804596,
        "min": -1.87549901009,
        "stdev": 98.5276947021,
        "var": 9707.70605469
    },
    "melbands_skewness": {
        "dmean": 1.8550349474,
        "dmean2": 2.84863901138,
        "dvar": 5.48271799088,
        "dvar2": 12.5714454651,
        "max": 27.3741283417,
        "mean": 4.97072315216,
        "median": 3.94985961914,
        "min": -0.699543237686,
        "stdev": 3.83401751518,
        "var": 14.6996898651
    },
    "melbands_spread": {
        "dmean": 8.87913227081,
        "dmean2": 13.3308706284,
        "dvar": 239.748184204,
        "dvar2": 406.112762451,
        "max": 241.749084473,
        "mean": 17.3211917877,
        "median": 11.2840719223,
        "min": 0.147632837296,
        "stdev": 22.6274700165,
        "var": 512.002441406
    },
    "pitch_salience": {
        "dmean": 0.0812144130468,
        "dmean2": 0.124950833619,
        "dvar": 0.00757317570969,
        "dvar2": 0.0176436398178,
        "max": 0.860082268715,
        "mean": 0.358247667551,
        "median": 0.320768713951,
        "min": 0.100530549884,
        "stdev": 0.166730806231,
        "var": 0.0277991592884
    },
    "silence_rate_20dB": {
        "dmean": 0.00154798757285,
        "dmean2": 0.00309837330133,
        "dvar": 0.00154558219947,
        "dvar2": 0.0046379128471,
        "max": 1,
        "mean": 0.999226629734,
        "median": 1,
        "min": 0,
        "stdev": 0.0277992002666,
        "var": 0.000772795523517
    },
    "silence_rate_30dB": {
        "dmean": 0.113003097475,
        "dmean2": 0.226181253791,
        "dvar": 0.100234858692,
        "dvar2": 0.2184009552,
        "max": 1,
        "mean": 0.589327156544,
        "median": 1,
        "min": 0,
        "stdev": 0.491957068443,
        "var": 0.242021769285
    },
    "silence_rate_60dB": {
        "dmean": 0.00696594407782,
        "dmean2": 0.0131680862978,
        "dvar": 0.00691748829558,
        "dvar2": 0.0145439915359,
        "max": 1,
        "mean": 0.00773395225406,
        "median": 0,
        "min": 0,
        "stdev": 0.087601646781,
        "var": 0.00767404818907
    },
    "spectral_centroid": {
        "dmean": 475.469146729,
        "dmean2": 699.959411621,
        "dvar": 455299.625,
        "dvar2": 788454.5625,
        "max": 10639.6699219,
        "mean": 1316.62426758,
        "median": 1003.65991211,
        "min": 138.304519653,
        "stdev": 996.453613281,
        "var": 992919.75
    },
    "spectral_complexity": {
        "dmean": 4.64164066315,
        "dmean2": 6.75290489197,
        "dvar": 48.0825805664,
        "dvar2": 79.823890686,
        "max": 60,
        "mean": 14.6550655365,
        "median": 13,
        "min": 0,
        "stdev": 10.0560712814,
        "var": 101.124565125
    },
    "spectral_decrease": {
        "dmean": 5.97542948455e-09,
        "dmean2": 9.43590983127e-09,
        "dvar": 1.40271223634e-16,
        "dvar2": 3.4984816532e-16,
        "max": -6.7155479935e-29,
        "mean": -2.34115606901e-08,
        "median": -2.20724860611e-08,
        "min": -1.02490609777e-07,
        "stdev": 1.69049769738e-08,
        "var": 2.85778222613e-16
    },
    "spectral_energy": {
        "dmean": 0.0240503270179,
        "dmean2": 0.0381698086858,
        "dvar": 0.00204471638426,
        "dvar2": 0.00506266159937,
        "max": 0.389176636934,
        "mean": 0.0918134823442,
        "median": 0.088242135942,
        "min": 1.03649858578e-20,
        "stdev": 0.0645542144775,
        "var": 0.00416724663228
    },
    "spectral_energyband_high": {
        "dmean": 0.00268340925686,
        "dmean2": 0.00446417182684,
        "dvar": 2.81511565845e-05,
        "dvar2": 6.38684359728e-05,
        "max": 0.0382218360901,
        "mean": 0.00261585833505,
        "median": 0.000433470821008,
        "min": 7.56120870394e-21,
        "stdev": 0.00541515462101,
        "var": 2.93238972517e-05
    },
    "spectral_energyband_low": {
        "dmean": 0.0181075055152,
        "dmean2": 0.0286012198776,
        "dvar": 0.00206001475453,
        "dvar2": 0.00520749483258,
        "max": 0.360276341438,
        "mean": 0.0708300992846,
        "median": 0.0650311559439,
        "min": 4.75631723672e-23,
        "stdev": 0.0622836276889,
        "var": 0.00387925026007
    },
    "spectral_energyband_middle_high": {
        "dmean": 0.00365709885955,
        "dmean2": 0.0050104027614,
        "dvar": 4.02035839215e-05,
        "dvar2": 6.92697722116e-05,
        "max": 0.0662142708898,
        "mean": 0.00601898273453,
        "median": 0.00262000085786,
        "min": 1.56381564419e-21,
        "stdev": 0.00882471352816,
        "var": 7.78755711508e-05
    },
    "spectral_energyband_middle_low": {
        "dmean": 0.00663767755032,
        "dmean2": 0.0106076430529,
        "dvar": 0.000161751187989,
        "dvar2": 0.000439339783043,
        "max": 0.168740987778,
        "mean": 0.0112110245973,
        "median": 0.00825651455671,
        "min": 4.21739630702e-22,
        "stdev": 0.0122961224988,
        "var": 0.000151194617501
    },
    "spectral_entropy": {
        "dmean": 0.384655714035,
        "dmean2": 0.542013525963,
        "dvar": 0.144913882017,
        "dvar2": 0.257645100355,
        "max": 9.7889175415,
        "mean": 7.46972799301,
        "median": 7.38599872589,
        "min": 5.37230587006,
        "stdev": 0.673995614052,
        "var": 0.454270094633
    },
    "spectral_flux": {
        "dmean": 0.0525749251246,
        "dmean2": 0.0846642926335,
        "dvar": 0.0044708638452,
        "dvar2": 0.00924740359187,
        "max": 0.573826491833,
        "mean": 0.123830132186,
        "median": 0.101995162666,
        "min": 1.01808575459e-10,
        "stdev": 0.0910695493221,
        "var": 0.00829366315156
    },
    "spectral_kurtosis": {
        "dmean": 3.14950704575,
        "dmean2": 4.64191246033,
        "dvar": 18.5851345062,
        "dvar2": 39.8684120178,
        "max": 49.6013755798,
        "mean": 5.64639043808,
        "median": 4.15375709534,
        "min": -1.37541747093,
        "stdev": 6.31198406219,
        "var": 39.8411445618
    },
    "spectral_rms": {
        "dmean": 0.00117277365644,
        "dmean2": 0.00182879052591,
        "dvar": 3.60809758604e-06,
        "dvar2": 8.23568188935e-06,
        "max": 0.0194854959846,
        "mean": 0.00883409939706,
        "median": 0.00927846319973,
        "min": 3.17996562242e-12,
        "stdev": 0.00339596974663,
        "var": 1.15326110972e-05
    },
    "spectral_rolloff": {
        "dmean": 730.463928223,
        "dmean2": 1258.98535156,
        "dvar": 2714552,
        "dvar2": 5987319.5,
        "max": 18130.9570312,
        "mean": 1014.47998047,
        "median": 430.6640625,
        "min": 43.06640625,
        "stdev": 1868.89953613,
        "var": 3492785.5
    },
    "spectral_skewness": {
        "dmean": 0.523683786392,
        "dmean2": 0.731688439846,
        "dvar": 0.299826949835,
        "dvar2": 0.563374698162,
        "max": 5.60761213303,
        "mean": 1.84389317036,
        "median": 1.85388433933,
        "min": -0.357058733702,
        "stdev": 0.972776591778,
        "var": 0.946294248104
    },
    "spectral_spread": {
        "dmean": 1507610.75,
        "dmean2": 2166928.75,
        "dvar": 3.47910202982e+12,
        "dvar2": 5.38448442163e+12,
        "max": 41375364,
        "mean": 6244267,
        "median": 5606331.5,
        "min": 1103752.875,
        "stdev": 2943931,
        "var": 8.66673020109e+12
    },
    "spectral_strongpeak": {
        "dmean": 0.268139004707,
        "dmean2": 0.452778458595,
        "dvar": 0.403420001268,
        "dvar2": 0.908106505871,
        "max": 10.0142593384,
        "mean": 0.592658698559,
        "median": 0.414549976587,
        "min": 0,
        "stdev": 0.839542865753,
        "var": 0.70483225584
    },
    "zerocrossingrate": {
        "dmean": 0.0160051938146,
        "dmean2": 0.0190603677183,
        "dvar": 0.000557733001187,
        "dvar2": 0.000635302974842,
        "max": 0.50146484375,
        "mean": 0.0392007157207,
        "median": 0.0283203125,
        "min": 0.00146484375,
        "stdev": 0.0427627600729,
        "var": 0.0018286537379
    },
    "barkbands": {
        "dmean": [0.00449465913698, 0.015673102811, 0.00394607149065, 0.00135453301482, 0.00182874395978, 0.000726412283257, 0.00260067009367, 0.000472505984362, 0.00173508340959, 0.000707457365934, 0.000472746411106, 0.000863862864207, 0.000605699780863, 0.000496749591548, 0.000567069102544, 0.000427713763202, 0.000317980273394, 0.000278058723779, 0.000177283320227, 0.000211468126508, 0.000220535264816, 0.000311905838316, 0.000961488811299, 0.000640443118755, 0.000392492715036, 0.000176378613105, 1.09828606583e-05],
        "dmean2": [0.00761806871742, 0.0256133992225, 0.00703449221328, 0.0024580147583, 0.00288568786345, 0.00126627855934, 0.00407755700871, 0.000788921432104, 0.00254055159166, 0.000998030882329, 0.000720069278032, 0.00126398482826, 0.00091358483769, 0.000762974494137, 0.000861727283336, 0.000642005878035, 0.000487376411911, 0.000403310608817, 0.000272659264738, 0.000331136892783, 0.000326721608872, 0.000513353035785, 0.00168339081574, 0.00108570570592, 0.000617918325588, 0.000274438934866, 1.72580948856e-05],
        "dvar": [4.48926293757e-05, 0.00184977496974, 0.000269608863164, 3.82347752748e-05, 1.63937475008e-05, 3.29401359522e-06, 1.92662173504e-05, 1.56575151777e-06, 1.12548732432e-05, 3.03981596517e-06, 1.34529898332e-06, 4.21169897891e-06, 1.83380689123e-06, 1.07332903099e-06, 1.17915408282e-06, 7.96382721546e-07, 4.96665904848e-07, 8.37076981952e-07, 2.65023459178e-07, 3.82138125588e-07, 3.23174305095e-07, 4.35924732756e-07, 4.2547103476e-06, 1.58592263233e-06, 7.21585195151e-07, 1.5770243067e-07, 1.1201286565e-09],
        "dvar2": [0.000117277413665, 0.00484818266705, 0.000749454542529, 0.000111182620458, 4.3046031351e-05, 8.64358207764e-06, 4.49700273748e-05, 3.71174041902e-06, 2.28015687753e-05, 5.60089756618e-06, 2.8662357181e-06, 8.78632545209e-06, 4.04176807933e-06, 2.25748181037e-06, 2.54227870755e-06, 1.65913672845e-06, 1.07593496068e-06, 1.68943734025e-06, 5.77264302137e-07, 7.57184750455e-07, 6.29726116586e-07, 8.81831738297e-07, 1.1058952623e-05, 4.00279350288e-06, 1.67340556345e-06, 3.55482995928e-07, 2.37876607301e-09],
        "max": [0.0858081132174, 0.325555682182, 0.147491514683, 0.0904337465763, 0.0558189563453, 0.0254860837013, 0.0381708331406, 0.0206054970622, 0.0488849580288, 0.0310151744634, 0.0152689972892, 0.0250812713057, 0.0182850509882, 0.0116876540706, 0.0160637702793, 0.0166772138327, 0.00702759437263, 0.0103555666283, 0.00541290314868, 0.00725549738854, 0.00687524722889, 0.00659420248121, 0.0146019589156, 0.00786635745317, 0.00718282163143, 0.00304440734908, 0.000426076061558],
        "mean": [0.0191248785704, 0.0494285784662, 0.00355960126035, 0.00115141144488, 0.00273240590468, 0.000700592936482, 0.00326230050996, 0.000435950030806, 0.00262075848877, 0.000984055921435, 0.000594722572714, 0.00109245558269, 0.000717403367162, 0.00063413544558, 0.000714099733159, 0.000563867331948, 0.00037682018592, 0.000255636696238, 0.000162546726642, 0.000220569912926, 0.000239438260905, 0.000313898955937, 0.000810056983028, 0.000560895889066, 0.000376399519155, 0.000169193241163, 1.08709537017e-05],
        "median": [0.0140282316133, 0.0414450503886, 0.000880953215528, 0.000213172490476, 0.0013094372116, 0.000174566521309, 0.00109439878725, 7.65352451708e-05, 0.000959480355959, 0.000262273999397, 0.000111582325189, 0.000171645413502, 0.000114076392492, 7.35862267902e-05, 0.000155326211825, 0.000118892116006, 5.88365619478e-05, 1.40121956065e-05, 1.17582294479e-05, 2.18059722101e-05, 5.28519558429e-05, 4.6788554755e-05, 3.88687039958e-05, 6.04300294071e-05, 5.60367770959e-05, 2.18115674215e-05, 1.24914402022e-06],
        "min": [3.87853214373e-23, 1.03091853525e-23, 1.21439693219e-23, 2.56717079565e-23, 1.07818832709e-22, 4.4469395581e-23, 2.77210707696e-23, 6.93158950772e-23, 1.40843566806e-22, 3.07694564993e-23, 2.79497015926e-23, 1.23218950058e-22, 1.11234814999e-22, 1.49229776696e-22, 3.4985842307e-22, 7.49474531727e-23, 1.41244371255e-22, 2.15577181876e-22, 2.74693181179e-22, 1.98920857178e-22, 6.17196997232e-22, 3.13602502084e-22, 3.98637466751e-22, 8.69453257705e-22, 1.31240383091e-21, 1.80263536939e-21, 2.28182073473e-21],
        "stdev": [0.017939677462, 0.0511536635458, 0.0132896024734, 0.00473132170737, 0.00433387001976, 0.00171752506867, 0.00519664678723, 0.00124483415857, 0.0044729411602, 0.00236477633007, 0.00147613184527, 0.00247486820444, 0.00154342327733, 0.00137767859269, 0.00137211289257, 0.00132922222838, 0.000818517466541, 0.00098478817381, 0.000530266261194, 0.000688279280439, 0.000651292793918, 0.000726374448277, 0.0018658459885, 0.00117887696251, 0.000864312984049, 0.000413799774833, 3.55768352165e-05],
        "var": [0.00032183204894, 0.00261669745669, 0.000176613524673, 2.23854058277e-05, 1.87824280147e-05, 2.94989217764e-06, 2.70051368716e-05, 1.54961219323e-06, 2.00072045118e-05, 5.59216687179e-06, 2.17896536014e-06, 6.12497206021e-06, 2.38215557147e-06, 1.89799845884e-06, 1.88269393675e-06, 1.76683181508e-06, 6.69970859235e-07, 9.69807729234e-07, 2.81182309436e-07, 4.73728391626e-07, 4.24182275083e-07, 5.27619874902e-07, 3.48138132722e-06, 1.38975087793e-06, 7.47036949633e-07, 1.71230254864e-07, 1.26571120251e-09]
    },
    "erbbands": {
        "dmean": [0.757700324059, 2.72759962082, 4.87283658981, 4.45451021194, 5.57656574249, 7.16645479202, 3.89200282097, 7.24269485474, 31.4638195038, 29.5799484253, 13.7307472229, 42.7430419922, 22.0552692413, 22.0186424255, 23.3747711182, 33.6856117249, 27.7354297638, 24.7089214325, 27.1646347046, 27.8638076782, 23.2701244354, 18.0205841064, 15.8915195465, 9.83580207825, 8.70206642151, 10.8089923859, 10.3255777359, 7.83405923843, 11.0746412277, 17.6594085693, 26.394733429, 17.9443149567, 8.75685501099, 4.9773516655, 2.62692546844, 0.965967059135, 0.307213664055, 0.0450755804777, 0.0013794664992, 6.66078922222e-05],
        "dmean2": [1.20915830135, 4.47334384918, 8.36507892609, 7.96887922287, 9.75476169586, 11.0505809784, 6.65978097916, 12.4166097641, 49.2969207764, 47.4645843506, 21.7760906219, 62.472568512, 32.759853363, 31.1291503906, 33.6486701965, 49.2592010498, 41.2505950928, 35.894695282, 42.1060905457, 41.5710334778, 33.637096405, 27.2061233521, 23.2800636292, 14.6494054794, 13.6106958389, 16.8773155212, 15.6202783585, 11.6541032791, 17.9776115417, 30.6312065125, 45.7364463806, 31.0908794403, 14.6730623245, 8.04421710968, 4.15303707123, 1.50727510452, 0.486839085817, 0.0694938153028, 0.00214511808008, 0.000105226055894],
        "dvar": [3.7525472641, 70.3317565918, 340.122680664, 360.727081299, 362.84576416, 180.096908569, 83.9797363281, 302.271026611, 2927.81933594, 4887.28955078, 856.230529785, 8075.26953125, 3125.10180664, 2544.72387695, 2191.52856445, 7612.61230469, 3960.81005859, 2817.20825195, 3197.87280273, 3051.9621582, 2508.7800293, 1664.24645996, 3040.96630859, 847.899597168, 649.258911133, 1083.09729004, 753.979187012, 357.075286865, 558.188659668, 1270.25512695, 3100.42578125, 1388.53955078, 322.223388672, 119.44393158, 33.2313499451, 5.21359777451, 0.435434311628, 0.0118165314198, 1.41250366141e-05, 1.24730128448e-08],
        "dvar2": [10.9827728271, 163.037475586, 919.273803711, 1022.86804199, 1064.17773438, 392.917327881, 221.998840332, 788.94744873, 6732.97607422, 11132.6464844, 1973.68884277, 16237.4326172, 6391.26123047, 4659.6640625, 4358.52441406, 16665.3339844, 8836.15136719, 5471.78515625, 7598.58154297, 6120.61132812, 4431.61523438, 3497.39233398, 6403.40917969, 1750.23669434, 1364.0189209, 2155.23266602, 1463.77832031, 661.842895508, 1114.19873047, 3193.8503418, 7984.96582031, 3607.578125, 791.008666992, 286.319885254, 77.7267456055, 12.4563493729, 0.942224025726, 0.0227358099073, 2.8738832043e-05, 2.55169076979e-08],
        "max": [16.302274704, 83.8664093018, 144.280700684, 191.909896851, 274.781097412, 171.691055298, 74.781211853, 279.276153564, 516.82434082, 930.866333008, 409.075653076, 1518.61206055, 1153.76623535, 715.057800293, 788.676269531, 976.449645996, 980.58026123, 708.209655762, 706.262634277, 668.873291016, 1122.03747559, 375.026916504, 612.494262695, 329.961730957, 283.765930176, 399.531646729, 334.465454102, 260.251861572, 252.425430298, 262.35269165, 356.489562988, 270.389678955, 142.721359253, 93.8732833862, 47.3256607056, 15.6726722717, 5.9281334877, 1.35076785088, 0.0540660917759, 0.0013331262162],
        "mean": [2.89733886719, 5.32431840897, 4.8085308075, 4.06788444519, 6.36104631424, 11.042131424, 4.17483949661, 7.62603330612, 39.4964752197, 34.243888855, 17.3515472412, 63.2718315125, 34.1466217041, 32.7234153748, 32.3284378052, 40.5048828125, 35.4502563477, 34.4849739075, 32.4199371338, 36.6369400024, 33.0755081177, 22.230966568, 14.8392515182, 9.28806591034, 8.44756126404, 10.9351930618, 11.0502080917, 8.62819385529, 11.4014120102, 16.2647209167, 22.0148448944, 14.738697052, 8.12868499756, 4.74473333359, 2.44269609451, 0.882926046848, 0.297308295965, 0.0473295301199, 0.00146570324432, 0.000146897262312],
        "median": [2.72862505913, 2.40431928635, 1.20922029018, 1.030595541, 2.80773997307, 4.17784357071, 1.27119886875, 2.68468523026, 12.7085962296, 10.6935367584, 6.55897283554, 21.7397956848, 11.7815647125, 8.62702274323, 8.10437583923, 7.52470254898, 6.3016371727, 4.75238895416, 5.33849048615, 8.79067134857, 7.17670965195, 3.6725165844, 1.08500504494, 0.769918203354, 0.713186740875, 1.07280182838, 2.03766536713, 1.83667016029, 1.81145393848, 1.5123707056, 0.962991476059, 0.898364305496, 1.10159742832, 0.693395674229, 0.33971080184, 0.10694693774, 0.0354005284607, 0.00742197828367, 0.000263340072706, 0.000118553733046],
        "min": [8.04502363519e-22, 9.21845536767e-22, 9.11244377112e-21, 5.29913872386e-20, 2.38374375685e-19, 4.73565708674e-19, 2.20792987807e-19, 3.83777683024e-19, 4.13634689686e-19, 3.9998018667e-19, 2.03887158336e-18, 3.18387711434e-18, 2.12783361747e-18, 1.15224408512e-18, 2.00142242869e-18, 5.62389758717e-18, 4.65494400789e-18, 8.36681278197e-18, 1.28104675645e-17, 1.42732942915e-17, 5.44452388493e-18, 7.24813372155e-18, 9.87348008152e-18, 1.38788300554e-17, 1.14112849409e-17, 1.12327074e-17, 2.14435952805e-17, 2.25063519685e-17, 1.29409784671e-17, 9.18862416516e-18, 1.34843997336e-17, 1.83953156093e-17, 1.25316282887e-17, 1.2837468394e-17, 1.04280451252e-17, 6.41576751374e-18, 3.30168045486e-18, 1.45921329198e-18, 3.4225724878e-19, 2.94275383653e-20],
        "stdev": [2.41820716858, 9.82640457153, 16.0507736206, 15.0368461609, 15.1892786026, 17.8680648804, 8.59555530548, 16.941318512, 65.2483520508, 74.8370819092, 31.4132518768, 117.999542236, 73.8948822021, 72.1802597046, 62.2853965759, 96.4812316895, 73.8655853271, 75.0557785034, 64.8952026367, 73.2273406982, 82.1670150757, 48.877117157, 57.5621643066, 31.0246276855, 27.0465106964, 35.9933433533, 31.0946540833, 22.4856109619, 26.4496173859, 34.2867965698, 50.5444068909, 33.3406906128, 17.2350234985, 10.7901754379, 5.79928445816, 2.2559633255, 0.709770917892, 0.123629182577, 0.00409241952002, 0.00013455930457],
        "var": [5.84772634506, 96.5582199097, 257.627349854, 226.106735229, 230.714187622, 319.267730713, 73.8835754395, 287.008300781, 4257.34765625, 5600.58935547, 986.792419434, 13923.8916016, 5460.45361328, 5209.99023438, 3879.47070312, 9308.62792969, 5456.125, 5633.36962891, 4211.38769531, 5362.24365234, 6751.41894531, 2388.97265625, 3313.40283203, 962.527526855, 731.51373291, 1295.52062988, 966.877502441, 505.602661133, 699.582275391, 1175.58435059, 2554.73706055, 1111.60168457, 297.046051025, 116.427894592, 33.6317024231, 5.08937072754, 0.503774762154, 0.0152841750532, 1.67478956428e-05, 1.8106206312e-08]
    },
    "gfcc": {
        "mean": [6.39074516296, 82.2626342773, -76.6551589966, 18.7437667847, -52.843170166, 36.9909248352, -28.4131717682, 18.9393215179, -6.1236615181, 15.5014352798, -16.241809845, 5.92106103897, -1.08779084682],
        "cov": [[5859.02539062, -1696.19384766, -836.575927734, 460.925689697, -249.073791504, 450.269104004, -256.881622314, 262.685028076, -96.806427002, 101.557022095, 2.38249087334, 277.872528076, -251.662918091], [-1696.19384766, 2490.59814453, 25.9557037354, -620.698120117, 595.214050293, -159.89994812, 205.903945923, -156.512710571, 212.526412964, -29.1540546417, 27.5213489532, -228.451980591, 296.052429199], [-836.575927734, 25.9557037354, 1434.6652832, 460.055786133, -157.048812866, 245.444473267, 188.067504883, -36.1279602051, 84.3626480103, -47.3875274658, 65.1919631958, 19.1226444244, -105.545372009], [460.925689697, -620.698120117, 460.055786133, 687.633728027, -82.2808761597, 64.8301849365, -12.5060977936, 60.8044395447, 22.0440502167, -58.6799468994, 29.3836746216, 88.6404876709, -78.492805481], [-249.073791504, 595.214050293, -157.048812866, -82.2808761597, 598.225036621, -14.6645746231, 97.3247299194, 67.892539978, 73.0966262817, 60.5997314453, 28.5481967926, -41.592338562, 108.315437317], [450.269104004, -159.89994812, 245.444473267, 64.8301849365, -14.6645746231, 471.174499512, 175.475341797, 40.6333198547, 44.1635704041, 51.8124580383, 69.6789703369, 10.9102888107, -84.8238754272], [-256.881622314, 205.903945923, 188.067504883, -12.5060977936, 97.3247299194, 175.475341797, 414.850189209, 51.7192573547, -35.2176361084, 68.5555953979, 47.6022872925, -38.7869110107, 6.32992982864], [262.685028076, -156.512710571, -36.1279602051, 60.8044395447, 67.892539978, 40.6333198547, 51.7192573547, 177.752227783, 30.1860675812, 22.9252319336, 16.7886924744, 8.9837179184, -7.59939241409], [-96.806427002, 212.526412964, 84.3626480103, 22.0440502167, 73.0966262817, 44.1635704041, -35.2176361084, 30.1860675812, 225.831192017, 7.7996006012, -5.41532564163, 0.998813211918, 15.2697877884], [101.557022095, -29.1540546417, -47.3875274658, -58.6799468994, 60.5997314453, 51.8124580383, 68.5555953979, 22.9252319336, 7.7996006012, 156.50491333, 12.0923156738, -3.33844041824, 9.08937072754], [2.38249087334, 27.5213489532, 65.1919631958, 29.3836746216, 28.5481967926, 69.6789703369, 47.6022872925, 16.7886924744, -5.41532564163, 12.0923156738, 128.756134033, 8.42544746399, -32.0932769775], [277.872528076, -228.451980591, 19.1226444244, 88.6404876709, -41.592338562, 10.9102888107, -38.7869110107, 8.9837179184, 0.998813211918, -3.33844041824, 8.42544746399, 118.599250793, -11.1150426865], [-251.662918091, 296.052429199, -105.545372009, -78.492805481, 108.315437317, -84.8238754272, 6.32992982864, -7.59939241409, 15.2697877884, 9.08937072754, -32.0932769775, -11.1150426865, 144.744842529]],
        "icov": [[0.000387293839594, -0.000201618080609, 0.000462937168777, -0.000525217910763, 0.000214497718844, -0.000626323628239, 0.000379656848963, -0.000518397253472, 0.000402472156566, -0.000409706757637, 0.000384857848985, -0.000669102242682, 0.000584347697441], [-0.000201618080609, 0.0019416899886, -0.000794077292085, 0.00173025403637, -0.00131051591597, 0.000961327517871, -0.00106556003448, 0.00189179019071, -0.00191085343249, 0.00166356144473, -0.00143511511851, 0.00195281335618, -0.00234385463409], [0.000462937168777, -0.000794077292085, 0.00191095715854, -0.00184741115663, 0.0008884925046, -0.00116131082177, 3.91804933315e-05, -0.000363002618542, 0.000345483887941, -0.000658893433865, 0.000599344959483, -0.00100491044577, 0.0015151121188], [-0.000525217910763, 0.00173025403637, -0.00184741115663, 0.00421635992825, -0.00135170540307, 0.00146366318222, -0.000896560144611, 0.000937414646614, -0.00168538384605, 0.00229469011538, -0.00145069637801, 0.000751672137994, -0.00178532802965], [0.000214497718844, -0.00131051591597, 0.0008884925046, -0.00135170540307, 0.00329370913096, -0.000643845763989, 0.000298555416521, -0.00188408698887, 0.000542983994819, -0.00159177370369, 0.000116351038741, -0.000760632625315, 2.42873138632e-05], [-0.000626323628239, 0.000961327517871, -0.00116131082177, 0.00146366318222, -0.000643845763989, 0.00452270591632, -0.00218087341636, 0.00128903379664, -0.00214291876182, 0.000568064686377, -0.00180808547884, 0.00112818786874, 6.31028888165e-05], [0.000379656848963, -0.00106556003448, 3.91804933315e-05, -0.000896560144611, 0.000298555416521, -0.00218087341636, 0.00475845998153, -0.00238127890043, 0.0026822751388, -0.00210748263635, 0.000523684371728, -0.000309650058625, 0.000489043944981], [-0.000518397253472, 0.00189179019071, -0.000363002618542, 0.000937414646614, -0.00188408698887, 0.00128903379664, -0.00238127890043, 0.00913929753006, -0.0031739496626, 0.00138550694101, -0.00185600004625, 0.00199616327882, -0.00178815319669], [0.000402472156566, -0.00191085343249, 0.000345483887941, -0.00168538384605, 0.000542983994819, -0.00214291876182, 0.0026822751388, -0.0031739496626, 0.0075389877893, -0.00203409208916, 0.00212385319173, -0.00203186809085, 0.00164729810786], [-0.000409706757637, 0.00166356144473, -0.000658893433865, 0.00229469011538, -0.00159177370369, 0.000568064686377, -0.00210748263635, 0.00138550694101, -0.00203409208916, 0.0091497329995, -0.00148616940714, 0.00132027245127, -0.00225012423471], [0.000384857848985, -0.00143511511851, 0.000599344959483, -0.00145069637801, 0.000116351038741, -0.00180808547884, 0.000523684371728, -0.00185600004625, 0.00212385319173, -0.00148616940714, 0.0104862004519, -0.00259087677114, 0.00398313486949], [-0.000669102242682, 0.00195281335618, -0.00100491044577, 0.000751672137994, -0.000760632625315, 0.00112818786874, -0.000309650058625, 0.00199616327882, -0.00203186809085, 0.00132027245127, -0.00259087677114, 0.0126386042684, -0.00360645866022], [0.000584347697441, -0.00234385463409, 0.0015151121188, -0.00178532802965, 2.42873138632e-05, 6.31028888165e-05, 0.000489043944981, -0.00178815319669, 0.00164729810786, -0.00225012423471, 0.00398313486949, -0.00360645866022, 0.0133325774223]]
    },
    "melbands": {
        "dmean": [0.00530289020389, 0.0024886331521, 0.000787339173257, 0.000460974377347, 0.000165592529811, 0.000158404989634, 0.000506963056978, 0.00026796630118, 0.000152762222569, 0.000255937571637, 0.000110390603368, 9.33243500185e-05, 7.3593982961e-05, 9.68373424257e-05, 8.2362901594e-05, 4.8057136155e-05, 4.82593932247e-05, 4.47054408141e-05, 3.6594858102e-05, 3.13326927426e-05, 2.7632311685e-05, 1.98699908651e-05, 1.89160400623e-05, 1.06084062281e-05, 7.7127269833e-06, 7.08251991455e-06, 6.23942059974e-06, 7.3767446338e-06, 6.68069969834e-06, 5.34882292413e-06, 4.57462601844e-06, 6.18390413365e-06, 6.64509025228e-06, 1.30182706926e-05, 1.51876638483e-05, 1.67875514308e-05, 8.8487577159e-06, 6.37790390101e-06, 4.9675286391e-06, 4.0390095819e-06],
        "dmean2": [0.00838005170226, 0.00413557002321, 0.00139325263444, 0.000736872665584, 0.000270830176305, 0.000270967808319, 0.00079048826592, 0.000434713059803, 0.000238185632043, 0.000375524075935, 0.000166029902175, 0.000132716304506, 0.000108339743747, 0.000143155324622, 0.000124220940052, 7.22314871382e-05, 7.22628828953e-05, 7.11292232154e-05, 5.57689272682e-05, 4.64355143777e-05, 4.04271377192e-05, 3.04441546177e-05, 2.87337697955e-05, 1.52223747136e-05, 1.15499569802e-05, 1.09046832222e-05, 1.02652038549e-05, 1.1559853192e-05, 1.04520759123e-05, 8.04306182545e-06, 7.02330680724e-06, 1.00284905784e-05, 1.07918995127e-05, 2.29672405112e-05, 2.62930498138e-05, 2.94212695735e-05, 1.51471085701e-05, 1.07513533294e-05, 8.06956995802e-06, 6.54233190289e-06],
        "dvar": [0.000191751329112, 7.0398353273e-05, 1.04586197267e-05, 1.13235648769e-06, 1.12939432029e-07, 1.36697266839e-07, 7.04695082732e-07, 4.15325047243e-07, 1.04431563841e-07, 2.77956246464e-07, 8.23521233428e-08, 4.72735202095e-08, 2.37301733819e-08, 5.21800664899e-08, 3.61067868937e-08, 1.16912302062e-08, 1.1510526754e-08, 9.57923251832e-09, 4.81161599453e-09, 3.8879242048e-09, 3.71407216093e-09, 1.80282444529e-09, 3.96517130241e-09, 1.28842048142e-09, 5.11458042585e-10, 4.21454093846e-10, 3.52176371399e-10, 5.1003873347e-10, 3.22187526658e-10, 1.94163213285e-10, 1.33674432634e-10, 1.81410955702e-10, 1.9087696701e-10, 7.36764260711e-10, 1.0092560121e-09, 1.32910604744e-09, 3.18393200693e-10, 1.65495644966e-10, 1.09788046709e-10, 8.42044489691e-11],
        "dvar2": [0.000527290103491, 0.000173714477569, 2.97585847875e-05, 3.04680906993e-06, 2.64966217856e-07, 3.5766058204e-07, 1.62707556228e-06, 9.45330384639e-07, 2.44375485181e-07, 5.58900069336e-07, 1.70969641999e-07, 8.40586338313e-08, 4.71600145602e-08, 1.07185890386e-07, 7.72237882529e-08, 2.60704862143e-08, 2.32402808109e-08, 2.27176819578e-08, 1.06311492942e-08, 8.18158341076e-09, 6.54343690343e-09, 4.10404288331e-09, 8.72927063966e-09, 2.49490339499e-09, 1.09068043486e-09, 9.08271624578e-10, 7.78073772079e-10, 9.98604532398e-10, 6.3288901897e-10, 3.99638655502e-10, 2.71918848549e-10, 3.46093209647e-10, 4.36608055265e-10, 1.9437191856e-09, 2.60402166496e-09, 3.47163320313e-09, 8.24403656452e-10, 4.07136130365e-10, 2.66577815378e-10, 2.03391539721e-10],
        "max": [0.109528124332, 0.0725154355168, 0.0359382517636, 0.0155261103064, 0.00315245683305, 0.00563252251595, 0.00766652310267, 0.00866042356938, 0.00419974327087, 0.00863293558359, 0.00584997376427, 0.00319406320341, 0.00182386860251, 0.00303799984977, 0.00200261175632, 0.00157202489208, 0.00145629281178, 0.00114904681686, 0.000743983429857, 0.000770094164182, 0.0013017753372, 0.000478908215882, 0.00071636820212, 0.000403729151003, 0.000258537766058, 0.000234065606492, 0.000198452631594, 0.000269127544016, 0.000204184412723, 0.000185360971955, 0.00017927128647, 0.000143026205478, 0.000155849644216, 0.000213337945752, 0.000191589962924, 0.000250412442256, 0.00013234562357, 9.98766772682e-05, 8.76196063473e-05, 7.96664462541e-05],
        "mean": [0.0198326073587, 0.00360434525646, 0.000752948457375, 0.000679535849486, 0.000204735217267, 0.000164176701219, 0.000639206322376, 0.000302827858832, 0.000194803142222, 0.000383783946745, 0.000160974639584, 0.00013256285456, 0.000100023949926, 0.000121484255942, 9.76395676844e-05, 6.13326701568e-05, 6.35292308289e-05, 5.03502924403e-05, 4.5359654905e-05, 4.23108649557e-05, 3.72179456463e-05, 2.39870223595e-05, 1.73921962414e-05, 1.00293054857e-05, 7.08351763024e-06, 6.51367281534e-06, 6.01875854045e-06, 7.43461350794e-06, 7.18221781426e-06, 5.65194068258e-06, 4.78175434182e-06, 6.40369398752e-06, 6.25039820079e-06, 1.13942305688e-05, 1.27151552078e-05, 1.28930541905e-05, 7.4995682553e-06, 5.83439805268e-06, 4.66861183668e-06, 3.80585220228e-06],
        "median": [0.0186130199581, 0.00117969128769, 0.000223531984375, 0.000324851134792, 6.40677899355e-05, 5.384087126e-05, 0.000219153240323, 9.39089804888e-05, 5.8484460169e-05, 0.000134637986775, 4.6390141506e-05, 3.17895464832e-05, 2.64649224846e-05, 1.90870250663e-05, 1.58807561093e-05, 1.00341731013e-05, 7.25664722268e-06, 7.27075257601e-06, 1.04510836536e-05, 1.09160582724e-05, 7.26314192434e-06, 3.76430421056e-06, 1.24648784094e-06, 5.99549025537e-07, 4.97925043419e-07, 4.44860717153e-07, 4.70285016263e-07, 6.2292133407e-07, 1.0576219438e-06, 1.25601843592e-06, 8.67023004503e-07, 9.98053337753e-07, 8.50315245771e-07, 7.9536857811e-07, 4.88720729663e-07, 5.03382750594e-07, 5.65134143926e-07, 7.70415283569e-07, 7.09242499397e-07, 5.01206272929e-07],
        "min": [6.80247459233e-24, 3.78478344043e-24, 1.43508361032e-23, 2.67403904466e-23, 9.8429472583e-24, 8.54484823977e-24, 6.34201174878e-24, 4.97960478926e-24, 1.59058103206e-23, 2.20267635222e-23, 1.0281370117e-23, 4.41709923775e-24, 5.22612106112e-24, 1.23534552795e-23, 1.28416386953e-23, 9.95130282566e-24, 1.67986509817e-23, 1.65517233189e-23, 2.69912071937e-23, 9.56890407958e-24, 6.61993060114e-24, 7.10543898956e-24, 8.82643923963e-24, 1.01739840597e-23, 1.11872222499e-23, 1.07785938787e-23, 5.38947443307e-24, 7.66053279843e-24, 1.25669147296e-23, 1.36796795559e-23, 1.26034279455e-23, 8.30988523029e-24, 4.17434346582e-24, 5.16898189361e-24, 7.56135799429e-24, 9.78208111744e-24, 1.16419571744e-23, 8.46661769266e-24, 1.0327206091e-23, 1.04766218685e-23],
        "stdev": [0.0171963255852, 0.00880581699312, 0.00256393826567, 0.00109280180186, 0.000387686712202, 0.0003621756332, 0.00101831171196, 0.000685761333443, 0.000357977958629, 0.000694020243827, 0.000371305155568, 0.000311065843562, 0.000209366466152, 0.000278333114693, 0.000220132351387, 0.000130016444018, 0.000145344703924, 0.000109375279862, 8.66931441124e-05, 8.216756396e-05, 0.000100065830338, 5.00618807564e-05, 6.40774014755e-05, 3.94647358917e-05, 2.36255309574e-05, 2.14359952224e-05, 1.93016148842e-05, 2.48863489105e-05, 2.02635001187e-05, 1.55177040142e-05, 1.29718273456e-05, 1.53527525981e-05, 1.4257498151e-05, 2.51912097156e-05, 2.89822000923e-05, 3.17023295793e-05, 1.64112134371e-05, 1.23704339785e-05, 1.02303984022e-05, 8.98569487617e-06],
        "var": [0.0002957136021, 7.75424050516e-05, 6.5737795012e-06, 1.19421565614e-06, 1.50300991208e-07, 1.31171191242e-07, 1.03695867892e-06, 4.70268645358e-07, 1.28148215595e-07, 4.81664073959e-07, 1.37867516514e-07, 9.67619513403e-08, 4.38343192855e-08, 7.74693305061e-08, 4.84582542981e-08, 1.69042770892e-08, 2.1125082128e-08, 1.19629515183e-08, 7.51570095048e-09, 6.75150912954e-09, 1.00131698488e-08, 2.50619192066e-09, 4.10591294298e-09, 1.55746537889e-09, 5.58165735853e-10, 4.59501853234e-10, 3.72552350081e-10, 6.19330364771e-10, 4.10609463097e-10, 2.40799158391e-10, 1.6826830207e-10, 2.35707009466e-10, 2.0327624306e-10, 6.34597041582e-10, 8.39967873034e-10, 1.00503771971e-09, 2.69327921076e-10, 1.53027632233e-10, 1.04661057598e-10, 8.07427111282e-11]
    },
    "melbands128": {
