{
"lowlevel": {
    "average_loudness": 0.941640973091,
    "barkbands_crest": {
        "dmean": 3.27320194244,
        "dmean2": 5.15943670273,
        "dvar": 8.59493160248,
        "dvar2": 19.6884326935,
        "max": 25.9723625183,
        "mean": 11.9611196518,
        "median": 10.9526166916,
        "min": 2.55826663971,
        "stdev": 5.22375822067,
        "var": 27.2876491547
    },
    "barkbands_flatness_db": {
        "dmean": 0.0284644477069,
        "dmean2": 0.0423392020166,
        "dvar": 0.00077503110515,
        "dvar2": 0.00155241589528,
        "max": 0.391545414925,
        "mean": 0.135246962309,
        "median": 0.126412346959,
        "min": 0.0328565612435,
        "stdev": 0.0548790842295,
        "var": 0.00301171396859
    },
    "barkbands_kurtosis": {
        "dmean": 5.74199342728,
        "dmean2": 9.05598926544,
        "dvar": 349.38684082,
        "dvar2": 751.918212891,
        "max": 358.068237305,
        "mean": 6.69437503815,
        "median": 1.36698770523,
        "min": -1.96418976784,
        "stdev": 24.8181705475,
        "var": 615.941589355
    },
    "barkbands_skewness": {
        "dmean": 0.840143442154,
        "dmean2": 1.22758078575,
        "dvar": 1.13302731514,
        "dvar2": 2.33335733414,
        "max": 17.4336071014,
        "mean": 1.56147181988,
        "median": 1.16536653042,
        "min": -2.5442109108,
        "stdev": 1.91823279858,
        "var": 3.6796169281
    },
    "barkbands_spread": {
        "dmean": 9.93316078186,
        "dmean2": 14.4090957642,
        "dvar": 161.561630249,
        "dvar2": 319.429260254,
        "max": 123.452484131,
        "mean": 28.5392837524,
        "median": 23.2043972015,
        "min": 0.480564057827,
        "stdev": 20.8786735535,
        "var": 435.91897583
    },
    "dissonance": {
        "dmean": 0.0189418792725,
        "dmean2": 0.03161662817,
        "dvar": 0.000409293978009,
        "dvar2": 0.000989066320471,
        "max": 0.499592840672,
        "mean": 0.465502500534,
        "median": 0.474796533585,
        "min": 0.236885979772,
        "stdev": 0.0300895664841,
        "var": 0.000905382039491
    },
    "dynamic_complexity": 2.47507452965,
    "erbbands_crest": {
        "dmean": 3.02475976944,
        "dmean2": 4.8532371521,
        "dvar": 8.61107730865,
        "dvar2": 18.8118438721,
        "max": 26.8480510712,
        "mean": 9.2531337738,
        "median": 8.09346961975,
        "min": 2.45184922218,
        "stdev": 4.64888095856,
        "var": 21.6120929718
    },
    "erbbands_flatness_db": {
        "dmean": 0.0202142130584,
        "dmean2": 0.0273476410657,
        "dvar": 0.000350814603735,
        "dvar2": 0.000572608434595,
        "max": 0.328034222126,
        "mean": 0.142043069005,
        "median": 0.133544549346,
        "min": 0.0478264577687,
        "stdev": 0.049354147166,
        "var": 0.00243583181873
    },
    "erbbands_kurtosis": {
        "dmean": 1.26793146133,
        "dmean2": 1.8932557106,
        "dvar": 2.78647685051,
        "dvar2": 5.73101472855,
        "max": 18.9698162079,
        "mean": 0.928317606449,
        "median": 0.0427606105804,
        "min": -1.68200683594,
        "stdev": 2.46399092674,
        "var": 6.07125139236
    },
    "erbbands_skewness": {
        "dmean": 0.463793247938,
        "dmean2": 0.674513339996,
        "dvar": 0.203534677625,
        "dvar2": 0.41600844264,
        "max": 3.21788978577,
        "mean": 0.152812197804,
        "median": 0.128031641245,
        "min": -3.75356292725,
        "stdev": 0.901120126247,
        "var": 0.812017500401
    },
    "erbbands_spread": {
        "dmean": 11.7083845139,
        "dmean2": 17.1925735474,
        "dvar": 160.400421143,
        "dvar2": 364.840454102,
        "max": 143.108169556,
        "mean": 42.2184944153,
        "median": 39.9240264893,
        "min": 5.02800416946,
        "stdev": 21.9676551819,
        "var": 482.577880859
    },
    "hfc": {
        "dmean": 16.5809211731,
        "dmean2": 23.1125297546,
        "dvar": 660.390991211,
        "dvar2": 1328.38354492,
        "max": 295.661010742,
        "mean": 38.6200790405,
        "median": 30.8026866913,
        "min": 1.17195650636e-16,
        "stdev": 40.5746383667,
        "var": 1646.3013916
    },
    "loudness_ebu128": {
        "integrated": -7.0774936676,
        "loudness_range": 2.69031667709,
        "momentary": {
            "dmean": 0.575892627239,
            "dmean2": 0.797188699245,
            "dvar": 0.280702710152,
            "dvar2": 0.400223761797,
            "max": -4.76963090897,
            "mean": -7.57070398331,
            "median": -7.24793767929,
            "min": -20.2834358215,
            "stdev": 2.30295348167,
            "var": 5.30359458923
        },
        "short_term": {
            "dmean": 0.0837268903852,
            "dmean2": 0.101961694658,
            "dvar": 0.00448683416471,
            "dvar2": 0.00487962830812,
            "max": -5.91839122772,
            "mean": -7.2986164093,
            "median": -7.27502918243,
            "min": -9.77190113068,
            "stdev": 1.00720179081,
            "var": 1.01445555687
        }
    },
    "melbands_crest": {
        "dmean": 3.72462940216,
        "dmean2": 6.07286310196,
        "dvar": 12.8122186661,
        "dvar2": 29.8376102448,
        "max": 32.682598114,
        "mean": 15.9878110886,
        "median": 15.0393400192,
        "min": 2.93536257744,
        "stdev": 6.28855705261,
        "var": 39.5459518433
    },
    "melbands_flatness_db": {
        "dmean": 0.034839168191,
        "dmean2": 0.0503822006285,
        "dvar": 0.0011585514294,
        "dvar2": 0.00225277198479,
        "max": 0.494500637054,
        "mean": 0.188253551722,
        "median": 0.180832102895,
        "min": 0.00911372806877,
        "stdev": 0.0704462453723,
        "var": 0.00496267387643
    },
    "melbands_kurtosis": {
        "dmean": 13.939455986,
        "dmean2": 21.8097133636,
        "dvar": 999.655944824,
        "dvar2": 2206.04858398,
        "max": 483.852478027,
        "mean": 20.3069629669,
        "median": 6.49293613434,
        "min": -1.84536457062,
        "stdev": 42.6492118835,
        "var": 1818.9552002
    },
    "melbands_skewness": {
        "dmean": 1.12693476677,
        "dmean2": 1.65931892395,
        "dvar": 1.64685869217,
        "dvar2": 3.4132297039,
        "max": 17.576051712,
        "mean": 2.95491981506,
        "median": 2.28213500977,
        "min": -1.17058169842,
        "stdev": 2.52872014046,
        "var": 6.39442539215
    },
    "melbands_spread": {
        "dmean": 12.4065942764,
        "dmean2": 18.4807758331,
        "dvar": 371.491119385,
        "dvar2": 747.594787598,
        "max": 211.316940308,
        "mean": 30.2447109222,
        "median": 23.9858150482,
        "min": 0.442469358444,
        "stdev": 29.2673149109,
        "var": 856.575683594
    },
    "pitch_salience": {
        "dmean": 0.0969277322292,
        "dmean2": 0.154829710722,
        "dvar": 0.00902324076742,
        "dvar2": 0.0227238684893,
        "max": 0.833678007126,
        "mean": 0.497765570879,
        "median": 0.509862720966,
        "min": 0.0762948393822,
        "stdev": 0.149169877172,
        "var": 0.022251650691
    },
    "silence_rate_20dB": {
        "dmean": 0,
        "dmean2": 0,
        "dvar": 0,
        "dvar2": 0,
        "max": 1,
        "mean": 1,
        "median": 1,
        "min": 1,
        "stdev": 0,
        "var": 0
    },
    "silence_rate_30dB": {
        "dmean": 0.0650154799223,
        "dmean2": 0.130131676793,
        "dvar": 0.0607881769538,
        "dvar2": 0.128691166639,
        "max": 1,
        "mean": 0.937354981899,
        "median": 1,
        "min": 0,
        "stdev": 0.242320388556,
        "var": 0.0587191730738
    },
    "silence_rate_60dB": {
        "dmean": 0.00541795650497,
        "dmean2": 0.0100697129965,
        "dvar": 0.00538868363947,
        "dvar2": 0.0115173719823,
        "max": 1,
        "mean": 0.0378963649273,
        "median": 0,
        "min": 0,
        "stdev": 0.190943405032,
        "var": 0.0364593826234
    },
    "spectral_centroid": {
        "dmean": 402.514587402,
        "dmean2": 595.868652344,
        "dvar": 277044.375,
        "dvar2": 493495.5625,
        "max": 10753.4794922,
        "mean": 1632.18115234,
        "median": 1433.25915527,
        "min": 164.998275757,
        "stdev": 818.871032715,
        "var": 670549.75
    },
    "spectral_complexity": {
        "dmean": 5.15402460098,
        "dmean2": 7.52517414093,
        "dvar": 37.0639686584,
        "dvar2": 62.889087677,
        "max": 57,
        "mean": 20.2111377716,
        "median": 19,
        "min": 0,
        "stdev": 10.1989374161,
        "var": 104.018333435
    },
    "spectral_decrease": {
        "dmean": 4.19283407993e-09,
        "dmean2": 6.52599085882e-09,
        "dvar": 3.78940570685e-17,
        "dvar2": 8.67216286549e-17,
        "max": -9.26475761799e-29,
        "mean": -1.00894279598e-08,
        "median": -7.81720821408e-09,
        "min": -5.48721175164e-08,
        "stdev": 8.72433947308e-09,
        "var": 7.61141027076e-17
    },
    "spectral_energy": {
        "dmean": 0.0164652448148,
        "dmean2": 0.0254171099514,
        "dvar": 0.000534427177627,
        "dvar2": 0.00122696743347,
        "max": 0.209288045764,
        "mean": 0.0415827743709,
        "median": 0.0329462997615,
        "min": 1.09796642557e-20,
        "stdev": 0.0337100811303,
        "var": 0.00113636965398
    },
    "spectral_energyband_high": {
        "dmean": 0.001575725968,
        "dmean2": 0.00218685925938,
        "dvar": 8.51929144119e-06,
        "dvar2": 1.54774479597e-05,
        "max": 0.0370146073401,
        "mean": 0.00255525880493,
        "median": 0.000921287224628,
        "min": 7.90239001046e-21,
        "stdev": 0.0045476583764,
        "var": 2.06811964745e-05
    },
    "spectral_energyband_low": {
        "dmean": 0.0124491862953,
        "dmean2": 0.0202069226652,
        "dvar": 0.000572057382669,
        "dvar2": 0.00144023331814,
        "max": 0.20475807786,
        "mean": 0.0208644531667,
        "median": 0.00608460698277,
        "min": 4.64712279467e-23,
        "stdev": 0.0301792770624,
        "var": 0.00091078877449
    },
    "spectral_energyband_middle_high": {
        "dmean": 0.00309832766652,
        "dmean2": 0.00422277953476,
        "dvar": 1.42695371323e-05,
        "dvar2": 2.28925746342e-05,
        "max": 0.0444006025791,
        "mean": 0.00755989085883,
        "median": 0.00493517611176,
        "min": 1.8704795277e-21,
        "stdev": 0.0075617977418,
        "var": 5.71807868255e-05
    },
    "spectral_energyband_middle_low": {
        "dmean": 0.00694788061082,
        "dmean2": 0.0115668186918,
        "dvar": 0.000122055942484,
        "dvar2": 0.000324276013998,
        "max": 0.104393474758,
        "mean": 0.0118038197979,
        "median": 0.00785480160266,
        "min": 3.83718933208e-22,
        "stdev": 0.0117226485163,
        "var": 0.00013742048759
    },
    "spectral_entropy": {
        "dmean": 0.198552891612,
        "dmean2": 0.267355799675,
        "dvar": 0.0403195433319,
        "dvar2": 0.0744331553578,
        "max": 9.77909374237,
        "mean": 7.78690767288,
        "median": 7.78229045868,
        "min": 6.08203125,
        "stdev": 0.447319418192,
        "var": 0.200094670057
    },
    "spectral_flux": {
        "dmean": 0.0398776009679,
        "dmean2": 0.0610195659101,
        "dvar": 0.00214546825737,
        "dvar2": 0.00373753160238,
        "max": 0.409815520048,
        "mean": 0.116110064089,
        "median": 0.103621669114,
        "min": 1.04783889898e-10,
        "stdev": 0.0731327161193,
        "var": 0.00534839369357
    },
    "spectral_kurtosis": {
        "dmean": 1.13840019703,
        "dmean2": 1.77032840252,
        "dvar": 1.53128314018,
        "dvar2": 3.91374254227,
        "max": 14.4398174286,
        "mean": 3.20700669289,
        "median": 2.86915159225,
        "min": -1.19911909103,
        "stdev": 2.26162481308,
        "var": 5.11494731903
    },
    "spectral_rms": {
        "dmean": 0.00115162343718,
        "dmean2": 0.00171546323691,
        "dvar": 1.61932905485e-06,
        "dvar2": 3.40568044521e-06,
        "max": 0.0142892776057,
        "mean": 0.00590040255338,
        "median": 0.00566945597529,
        "min": 3.272898879e-12,
        "stdev": 0.00239872233942,
        "var": 5.75386911805e-06
    },
    "spectral_rolloff": {
        "dmean": 927.229309082,
        "dmean2": 1408.19824219,
        "dvar": 2968310,
        "dvar2": 5580141.5,
        "max": 18497.0214844,
        "mean": 2117.78027344,
        "median": 1313.52539062,
        "min": 64.599609375,
        "stdev": 2528.40917969,
        "var": 6392852.5
    },
    "spectral_skewness": {
        "dmean": 0.216354519129,
        "dmean2": 0.319500654936,
        "dvar": 0.0409987978637,
        "dvar2": 0.081842854619,
        "max": 3.16740179062,
        "mean": 1.40077924728,
        "median": 1.38090527058,
        "min": 0.0168333463371,
        "stdev": 0.466650336981,
        "var": 0.21776252985
    },
    "spectral_spread": {
        "dmean": 897474.5625,
        "dmean2": 1212777.5,
        "dvar": 1.9495461847e+12,
        "dvar2": 2.62527726387e+12,
        "max": 40645440,
        "mean": 5740443.5,
        "median": 5263685,
        "min": 1670213.625,
        "stdev": 2281412.25,
        "var": 5.20484185702e+12
    },
    "spectral_strongpeak": {
        "dmean": 0.64324760437,
        "dmean2": 1.02535247803,
        "dvar": 1.00716483593,
        "dvar2": 2.28646206856,
        "max": 8.85503578186,
        "mean": 1.21746468544,
        "median": 0.574638843536,
        "min": 0,
        "stdev": 1.48028922081,
        "var": 2.1912560463
    },
    "zerocrossingrate": {
        "dmean": 0.0211952608079,
        "dmean2": 0.0236145071685,
        "dvar": 0.000866976042744,
        "dvar2": 0.000884891487658,
        "max": 0.50146484375,
        "mean": 0.0785687193274,
        "median": 0.06201171875,
        "min": 0.0029296875,
        "stdev": 0.0616133660078,
        "var": 0.00379620678723
    },
    "barkbands": {
        "dmean": [0.000140196061693, 0.00878428481519, 0.00597398774698, 0.001632706495, 0.00214485847391, 0.000691630179062, 0.00127035100013, 0.00213168375194, 0.00153427303303, 0.00103594106622, 0.000614065851551, 0.000880330684595, 0.000670019013342, 0.000648503773846, 0.000410667387769, 0.000225494412007, 0.000226818068768, 0.000297917955322, 0.000225283161853, 0.000210677317227, 0.00023479104857, 0.000304381392198, 0.000277631479548, 0.00033842746052, 0.000426275306381, 0.000160921132192, 1.2542184777e-05],
        "dmean2": [0.000212137529161, 0.0140848821029, 0.0106718316674, 0.00304934987798, 0.00368814216927, 0.00119706289843, 0.00202163029462, 0.00336147728376, 0.00236457074061, 0.00146471895278, 0.000933046685532, 0.00127176381648, 0.000996858929284, 0.000998647534288, 0.000608343456406, 0.000347712018993, 0.000347346067429, 0.00045452802442, 0.000355191907147, 0.000323177664541, 0.000343877647538, 0.000433376611909, 0.000395707698772, 0.000491697399411, 0.00065058702603, 0.000243334710831, 1.98840116354e-05],
        "dvar": [1.3399598231e-07, 0.000271823344519, 0.000315235054586, 2.73660079984e-05, 1.43218567246e-05, 2.99236376122e-06, 7.21589321984e-06, 1.91911167349e-05, 1.32635468617e-05, 6.16140096099e-06, 3.38283211931e-06, 4.22349830842e-06, 1.69575264408e-06, 1.52577285917e-06, 8.43584075483e-07, 1.89637219705e-07, 1.11201515551e-07, 1.67193377365e-07, 2.12457820226e-07, 1.17538057509e-07, 2.45463070314e-07, 4.27334157393e-07, 4.04762431572e-07, 6.36041249891e-07, 1.41979796808e-06, 1.8856606232e-07, 1.35417077551e-09],
        "dvar2": [2.94396841127e-07, 0.000678373675328, 0.000870318966918, 7.88739853306e-05, 3.90155728383e-05, 8.0593954408e-06, 1.63275126397e-05, 4.59189213871e-05, 2.97459155263e-05, 1.03115708043e-05, 7.27328824723e-06, 7.22615277482e-06, 3.41576901519e-06, 3.41525833392e-06, 1.59774424446e-06, 3.68295275166e-07, 2.60195776036e-07, 3.86907942129e-07, 5.14652128913e-07, 2.54506971942e-07, 4.27559740501e-07, 8.11097038422e-07, 8.02697343261e-07, 1.44879379604e-06, 3.24251391248e-06, 4.14087850231e-07, 3.20810022991e-09],
        "max": [0.00364848412573, 0.139333322644, 0.141597017646, 0.0437570735812, 0.035163603723, 0.0178402364254, 0.0303838383406, 0.0359565131366, 0.0424094386399, 0.034345112741, 0.0232071615756, 0.0263216868043, 0.0182958301157, 0.0132251959294, 0.0165209434927, 0.00993411708623, 0.00373495230451, 0.00428277207538, 0.00436071353033, 0.00342394039035, 0.00765738077462, 0.0129176760092, 0.00832224730402, 0.0110013093799, 0.0188077557832, 0.00575074600056, 0.000518021814059],
        "mean": [0.000169859442394, 0.014360902831, 0.00546146836132, 0.00130763440393, 0.0029432522133, 0.000751063285861, 0.00179819436744, 0.00244189682417, 0.00196860777214, 0.00157132279128, 0.000767844496295, 0.00134416564833, 0.000996338902041, 0.000870664080139, 0.000557778170332, 0.00039242891944, 0.000363665400073, 0.000498816545587, 0.000298005761579, 0.000321615574649, 0.000355013733497, 0.000444938865257, 0.000408997701015, 0.000453756423667, 0.00052610860439, 0.000196234468604, 1.21969951579e-05],
        "median": [1.24957668959e-05, 0.00391658395529, 0.00145906198304, 0.000419792428147, 0.00176166580059, 0.000242362890276, 0.000258415180724, 0.000342211860698, 0.000428291212302, 0.00017564787413, 0.000169509614352, 0.00036702156649, 0.000424969795858, 0.000218394954572, 0.00019139048527, 0.000183931711945, 0.000196323730052, 0.000260491797235, 0.000145613070345, 0.000166188605363, 0.000134327012347, 0.000155590692884, 0.00012200720812, 0.000128804706037, 9.49460663833e-05, 3.69211702491e-05, 1.39541077715e-06],
        "min": [1.63159769705e-23, 3.64371972779e-24, 1.21051715648e-23, 4.16095476076e-23, 4.07575147211e-23, 1.17849356891e-22, 2.26012467433e-23, 5.87819135546e-23, 8.03874884622e-23, 2.20324004067e-22, 1.21176873164e-22, 9.31517375361e-23, 1.82973699502e-22, 1.03856895564e-22, 7.22768687078e-23, 1.61823429866e-22, 2.47332960631e-22, 4.0612452667e-22, 1.84413275991e-22, 3.70523978702e-22, 4.14730254461e-22, 3.60409898372e-22, 5.34100131281e-22, 9.99118766458e-22, 1.29563201698e-21, 1.72811116218e-21, 2.462061088e-21],
        "stdev": [0.000438947055954, 0.0211601164192, 0.01474989485, 0.00393692310899, 0.00373101653531, 0.00167664035689, 0.0040884478949, 0.00499714491889, 0.00426150998101, 0.00420524133369, 0.00208244170062, 0.00315828993917, 0.00184657704085, 0.00160277611576, 0.00125554809347, 0.000789933023043, 0.000447597209131, 0.000572917109821, 0.000473611027701, 0.000438949442469, 0.000698157120496, 0.000894868106116, 0.000882237509359, 0.0010510890279, 0.0015694295289, 0.000551219447516, 4.09950771427e-05],
        "var": [1.92674519894e-07, 0.000447750499006, 0.000217559398152, 1.5499364963e-05, 1.39204839797e-05, 2.81112306766e-06, 1.6715406673e-05, 2.49714594247e-05, 1.81604682439e-05, 1.76840530912e-05, 4.33656305177e-06, 9.9747958302e-06, 3.40984684044e-06, 2.56889120465e-06, 1.57640101861e-06, 6.23994196758e-07, 2.00343251322e-07, 3.28234023073e-07, 2.24307413532e-07, 1.9267660889e-07, 4.87423335471e-07, 8.00788882316e-07, 7.78343007823e-07, 1.10478811166e-06, 2.46310901275e-06, 3.038428531e-07, 1.68059621775e-09]
    },
    "erbbands": {
        "dmean": [0.206461459398, 2.28072762489, 6.45373821259, 6.53864765167, 4.88947582245, 8.58316898346, 8.65529727936, 4.89707612991, 10.8879413605, 33.679561615, 43.4861717224, 32.8438415527, 37.8754920959, 21.0251140594, 23.9836788177, 35.3764686584, 31.3521728516, 28.0684738159, 26.5044059753, 15.5470380783, 10.5612916946, 12.7347707748, 17.057762146, 12.1290063858, 10.5524482727, 9.87741565704, 9.37381839752, 10.0481424332, 10.8998908997, 9.35282802582, 7.94091653824, 6.2706246376, 6.55021190643, 5.35702705383, 2.67177343369, 1.00504386425, 0.2434155792, 0.0425957106054, 0.00132858380675, 4.90837664984e-05],
        "dmean2": [0.284445941448, 3.82428312302, 11.300992012, 12.0295000076, 8.80880451202, 14.4980192184, 14.5663127899, 8.47338962555, 17.7412548065, 53.1458244324, 69.7041244507, 51.1308135986, 55.2897453308, 28.1969547272, 35.621219635, 49.5512619019, 45.5321044922, 42.8767318726, 40.1962051392, 22.8290348053, 15.8782300949, 19.5500125885, 25.6570949554, 18.7540016174, 15.836400032, 14.9742708206, 13.9538106918, 14.6331214905, 15.7188863754, 13.7354354858, 11.4167852402, 9.19773101807, 9.88544940948, 8.35607051849, 3.96653485298, 1.49984490871, 0.365711301565, 0.0642926320434, 0.00202381098643, 7.17228467693e-05],
        "dvar": [0.17347727716, 19.2824840546, 300.658325195, 444.821105957, 146.160446167, 221.565216064, 333.79208374, 167.516876221, 685.556640625, 4680.34863281, 9277.09765625, 7211.64941406, 7771.109375, 2083.92602539, 5197.45996094, 7823.90185547, 3065.44824219, 3390.02856445, 2848.38427734, 857.893066406, 466.231140137, 343.432891846, 572.046691895, 627.820373535, 306.579589844, 276.515960693, 336.157653809, 541.019897461, 609.540039062, 334.193725586, 344.671783447, 213.123931885, 304.019989014, 256.610870361, 48.4444618225, 7.24959564209, 0.444796919823, 0.0132831828669, 1.29669770104e-05, 8.28758839333e-09],
        "dvar2": [0.274209260941, 53.8995399475, 812.524108887, 1262.84057617, 424.538085938, 581.238708496, 869.227050781, 463.218933105, 1630.51977539, 10388.0615234, 22984.3261719, 16827.0136719, 16692.5839844, 3177.54345703, 11264.5019531, 12328.3798828, 6150.20996094, 7628.31298828, 6108.68457031, 1416.23632812, 880.264221191, 832.971801758, 1347.18896484, 1569.00476074, 687.901550293, 599.244506836, 666.888244629, 968.175842285, 1116.41369629, 642.16027832, 734.202331543, 480.639221191, 733.005981445, 613.327880859, 106.188659668, 15.6737012863, 1.03752660751, 0.0298144277185, 3.00351075566e-05, 1.88030337966e-08],
        "max": [3.63592910767, 37.5332679749, 133.249145508, 161.006561279, 104.561546326, 149.663497925, 192.42149353, 157.783447266, 377.57409668, 621.955993652, 973.718139648, 1243.52575684, 1349.58776855, 987.895385742, 1016.15246582, 1351.59387207, 702.696411133, 766.013000488, 1025.79199219, 623.653320312, 642.791992188, 218.79133606, 278.872650146, 231.222839355, 200.375976562, 189.153991699, 229.033279419, 394.956329346, 451.094238281, 299.903961182, 225.779251099, 196.78125, 291.16104126, 214.599975586, 127.183273315, 34.2968673706, 8.0073184967, 1.58905601501, 0.0530503764749, 0.00133356242441],
        "mean": [0.367832541466, 3.38153910637, 6.60167789459, 5.69051408768, 5.2920217514, 11.5318727493, 10.3548173904, 5.45004367828, 15.1416339874, 47.0377388, 50.3061256409, 43.8795166016, 56.6830711365, 33.4197273254, 33.7490882874, 59.6091346741, 50.4536209106, 41.9481315613, 36.8677406311, 25.0295619965, 20.2461986542, 22.397321701, 29.2417583466, 16.7863960266, 15.7192964554, 15.1181936264, 13.9959516525, 14.386095047, 15.6884775162, 14.1080350876, 11.4084444046, 9.07490634918, 8.06938743591, 6.54933261871, 3.24956393242, 1.22958767414, 0.28680562973, 0.0466987974942, 0.00144801056013, 9.50852117967e-05],
        "median": [0.0804817080498, 0.959340751171, 1.74766981602, 1.89813661575, 2.32378005981, 6.04792118073, 4.42659091949, 2.33947324753, 3.67391943932, 6.95839929581, 11.4709873199, 11.7040023804, 8.24852752686, 7.8328742981, 9.85962963104, 17.634595871, 23.0431365967, 13.816573143, 12.9050884247, 10.2326040268, 10.7766685486, 13.3487615585, 16.0284118652, 9.10341835022, 8.55792713165, 7.89608573914, 5.94044303894, 5.179271698, 5.2267870903, 5.13390254974, 3.29478383064, 2.90380907059, 1.83505105972, 1.14355134964, 0.538586556911, 0.215574383736, 0.0544920936227, 0.00772237684578, 0.000238236563746, 5.66183080082e-05],
        "min": [3.17576417293e-22, 4.14158134667e-22, 9.71013427027e-21, 8.80057034611e-20, 1.11622698689e-19, 1.09410145647e-19, 1.07143401935e-18, 4.86556838688e-19, 4.28743867358e-19, 5.48957999931e-19, 1.10850473888e-18, 1.74992478089e-18, 3.54907301208e-18, 8.14368991072e-18, 5.13216807792e-18, 3.89572786319e-18, 7.30951962199e-18, 5.59758662625e-18, 5.25486212382e-18, 6.0768960186e-18, 9.83627763347e-18, 1.44501537783e-17, 1.81241724219e-17, 1.63305834648e-17, 7.40534766877e-18, 1.58153723659e-17, 1.98043433365e-17, 1.4750481552e-17, 1.10692697458e-17, 1.37400514825e-17, 1.75429473471e-17, 2.24784958341e-17, 1.61802235362e-17, 1.48230616877e-17, 8.15663446012e-18, 6.58993742274e-18, 2.99424988802e-18, 1.37256632961e-18, 3.20955564398e-19, 3.76740993263e-20],
        "stdev": [0.620629608631, 5.0071811676, 15.5390138626, 16.2547054291, 9.74244403839, 16.7359218597, 18.3774185181, 11.2946138382, 35.6547470093, 91.7914505005, 104.718673706, 95.0629501343, 138.803665161, 75.8168792725, 83.9308624268, 144.387832642, 79.0434265137, 75.9143447876, 68.3842391968, 48.2340621948, 42.3350296021, 24.4405269623, 33.3715629578, 25.4962768555, 21.1892032623, 21.1598548889, 24.6996154785, 31.7132892609, 33.7356529236, 25.1073207855, 24.8847446442, 19.391828537, 21.246837616, 19.7518692017, 9.60956764221, 3.48257803917, 0.804165780544, 0.140550285578, 0.00425091665238, 0.000130308108055],
        "var": [0.385181128979, 25.0718650818, 241.4609375, 264.215423584, 94.9152145386, 280.091064453, 337.729522705, 127.56829834, 1271.26086426, 8425.67089844, 10966, 9036.96484375, 19266.4570312, 5748.19970703, 7044.38964844, 20847.8457031, 6247.86328125, 5762.98779297, 4676.40429688, 2326.52490234, 1792.25463867, 597.339355469, 1113.66113281, 650.060180664, 448.98236084, 447.739471436, 610.071044922, 1005.73266602, 1138.09436035, 630.377563477, 619.250549316, 376.043029785, 451.428070068, 390.136352539, 92.343788147, 12.1283493042, 0.646682560444, 0.019754383713, 1.80702918442e-05, 1.69802021333e-08]
    },
    "gfcc": {
        "mean": [31.6050662994, 61.4268226624, -111.531829834, 31.8142166138, -56.6069450378, 26.7537765503, -37.505405426, 13.6953144073, -25.5323886871, 5.35670042038, -17.2555389404, 0.655393540859, -17.5314006805],
        "cov": [[5179.703125, -591.530090332, 691.014099121, 53.5529174805, -434.812316895, 113.955940247, -122.38053894, 244.285095215, -22.3984451294, 217.727645874, -148.839004517, 118.834510803, -242.325241089], [-591.530090332, 1331.53100586, -130.145019531, 94.0646743774, 305.811279297, 113.789573669, 308.843292236, 46.3834457397, 183.662536621, -40.8636398315, 161.290374756, -73.4170608521, 71.33203125], [691.014099121, -130.145019531, 1146.91589355, 401.782653809, 146.547668457, 237.658279419, 15.3670654297, 65.8144683838, 24.1911869049, 114.724967957, 33.5428161621, 81.1977462769, -34.3125228882], [53.5529174805, 94.0646743774, 401.782653809, 685.425109863, 228.671218872, 154.012008667, 118.707115173, -19.427072525, 122.080970764, 84.0318145752, 57.7749176025, 67.455619812, 114.568267822], [-434.812316895, 305.811279297, 146.547668457, 228.671218872, 343.449615479, 162.756225586, 153.414398193, 28.7006797791, 84.9719161987, 30.5184345245, 72.7227554321, 6.17059373856, 51.5834541321], [113.955940247, 113.789573669, 237.658279419, 154.012008667, 162.756225586, 314.936828613, 203.894256592, 85.1797485352, 43.1398468018, 32.3540649414, 68.4497909546, 25.8445415497, 13.9650430679], [-122.38053894, 308.843292236, 15.3670654297, 118.707115173, 153.414398193, 203.894256592, 372.363464355, 109.022689819, 87.4967193604, 10.2481145859, 78.2676925659, 17.1312103271, 23.4889659882], [244.285095215, 46.3834457397, 65.8144683838, -19.427072525, 28.7006797791, 85.1797485352, 109.022689819, 168.774581909, 79.3703689575, 42.2744407654, 34.451499939, 0.809672474861, -4.64488935471], [-22.3984451294, 183.662536621, 24.1911869049, 122.080970764, 84.9719161987, 43.1398468018, 87.4967193604, 79.3703689575, 224.426879883, 79.7909164429, 50.8163566589, -6.30282497406, 45.3282661438], [217.727645874, -40.8636398315, 114.724967957, 84.0318145752, 30.5184345245, 32.3540649414, 10.2481145859, 42.2744407654, 79.7909164429, 127.84828186, 24.3360404968, 20.1024055481, 10.0000114441], [-148.839004517, 161.290374756, 33.5428161621, 57.7749176025, 72.7227554321, 68.4497909546, 78.2676925659, 34.451499939, 50.8163566589, 24.3360404968, 109.841499329, 24.8644123077, 24.6428890228], [118.834510803, -73.4170608521, 81.1977462769, 67.455619812, 6.17059373856, 25.8445415497, 17.1312103271, 0.809672474861, -6.30282497406, 20.1024055481, 24.8644123077, 96.7369537354, 28.271320343], [-242.325241089, 71.33203125, -34.3125228882, 114.568267822, 51.5834541321, 13.9650430679, 23.4889659882, -4.64488935471, 45.3282661438, 10.0000114441, 24.6428890228, 28.271320343, 124.681983948]],
        "icov": [[0.000389583001379, -0.000210003185202, -1.48855533553e-05, -0.000315827084705, 0.000739509530831, -0.00041344811325, 0.000334639946232, -0.000737745431252, 0.000148987717694, -0.00056165154092, 0.000803385337349, -0.000710812979378, 0.000806532509159], [-0.000210003185202, 0.00166444666684, -0.000120249191241, 0.000508102006279, -0.00129947019741, 0.000856445753016, -0.00124286406208, 0.00107440981083, -0.000960022036452, 0.00129202206153, -0.00213678763248, 0.00181049923413, -0.000887326081283], [-1.48855533553e-05, -0.000120249191241, 0.0016980584478, -0.00108721293509, -0.000117293900985, -0.0011716671288, 0.00112676271237, -0.000947556283791, 0.000493614526931, -0.000604673055932, 0.000306210655253, -0.000960169476457, 0.00146461941767], [-0.000315827084705, 0.000508102006279, -0.00108721293509, 0.00362016842701, -0.00170642032754, 0.000388171960367, -0.00135011319071, 0.00285075325519, -0.00149160705041, -1.63998847711e-05, -0.000501938920934, 0.000272567005595, -0.00292618456297], [0.000739509530831, -0.00129947019741, -0.000117293900985, -0.00170642032754, 0.00708221504465, -0.00264611863531, 0.000432679313235, -0.000871983531397, 0.00012490239169, -0.0014511635527, 0.000955336436164, -0.000647899287287, 0.000997834722511], [-0.00041344811325, 0.000856445753016, -0.0011716671288, 0.000388171960367, -0.00264611863531, 0.00790344458073, -0.00371176772751, -0.000355643540388, 0.000935251708142, 0.000604285276495, -0.00272027379833, 0.00160001614131, -0.00129075325094], [0.000334639946232, -0.00124286406208, 0.00112676271237, -0.00135011319071, 0.000432679313235, -0.00371176772751, 0.00692240893841, -0.00360823469236, -8.93704273039e-05, 0.000503032293636, 0.000905409513507, -0.00254742964171, 0.00210113520734], [-0.000737745431252, 0.00107440981083, -0.000947556283791, 0.00285075325519, -0.000871983531397, -0.000355643540388, -0.00360823469236, 0.0123771773651, -0.00385375879705, -0.000240512294113, -0.00252739782445, 0.00224108621478, -0.00197565834969], [0.000148987717694, -0.000960022036452, 0.000493614526931, -0.00149160705041, 0.00012490239169, 0.000935251708142, -8.93704273039e-05, -0.00385375879705, 0.0093183349818, -0.00489235064015, -0.000466890807729, 0.00159999809694, -0.00120371766388], [-0.00056165154092, 0.00129202206153, -0.000604673055932, -1.63998847711e-05, -0.0014511635527, 0.000604285276495, 0.000503032293636, -0.000240512294113, -0.00489235064015, 0.0136328833178, -0.00279201427475, -0.000330047565512, -0.00024127458164], [0.000803385337349, -0.00213678763248, 0.000306210655253, -0.000501938920934, 0.000955336436164, -0.00272027379833, 0.000905409513507, -0.00252739782445, -0.000466890807729, -0.00279201427475, 0.0166036356241, -0.00613881926984, 0.00147809763439], [-0.000710812979378, 0.00181049923413, -0.000960169476457, 0.000272567005595, -0.000647899287287, 0.00160001614131, -0.00254742964171, 0.00224108621478, 0.00159999809694, -0.000330047565512, -0.00613881926984, 0.0165692679584, -0.00537869799882], [0.000806532509159, -0.000887326081283, 0.00146461941767, -0.00292618456297, 0.000997834722511, -0.00129075325094, 0.00210113520734, -0.00197565834969, -0.00120371766388, -0.00024127458164, 0.00147809763439, -0.00537869799882, 0.0138342166319]]
    },
    "melbands": {
        "dmean": [0.00205509224907, 0.00297313369811, 0.00104070594534, 0.000439676397946, 0.000338499405188, 0.000115414477477, 0.000192117266124, 0.00039752421435, 0.000344967120327, 0.000208378187381, 0.000192734558368, 9.1921974672e-05, 8.33158701425e-05, 7.67459714552e-05, 0.000112089255708, 5.52134333702e-05, 5.77319297008e-05, 4.87335964863e-05, 2.99511284538e-05, 1.7136153474e-05, 1.20634649647e-05, 1.35949321702e-05, 1.78276422957e-05, 1.32697205117e-05, 1.00840816231e-05, 8.42319877847e-06, 7.80235495768e-06, 6.74201919537e-06, 5.88362127019e-06, 6.0539050537e-06, 6.25853090241e-06, 6.46104899715e-06, 6.01916553933e-06, 5.14680550623e-06, 4.97568544233e-06, 4.18803529101e-06, 3.79577272724e-06, 4.76913464809e-06, 4.43424232799e-06, 4.82433006255e-06],
        "dmean2": [0.0031308515463, 0.00509291654453, 0.00190349051263, 0.000763842603192, 0.000567122013308, 0.000199475616682, 0.000308381597279, 0.000623504864052, 0.000557856343221, 0.000319938699249, 0.000280537962681, 0.000123797610286, 0.000125726539409, 0.000112689762318, 0.000158985087182, 8.22006986709e-05, 8.84666806087e-05, 7.56329100113e-05, 4.4332788093e-05, 2.63196379819e-05, 1.85258995771e-05, 2.12336508412e-05, 2.77927665593e-05, 2.0227915229e-05, 1.59796018124e-05, 1.32855384436e-05, 1.20316362882e-05, 1.02803223854e-05, 8.87209625944e-06, 9.22026720218e-06, 9.12170708034e-06, 9.55226823862e-06, 8.75758996699e-06, 7.66639732319e-06, 7.26192229195e-06, 6.05288050792e-06, 5.74861269342e-06, 7.27754422769e-06, 6.77570869811e-06, 7.65047025197e-06],
        "dvar": [1.52429965965e-05, 4.68015168735e-05, 1.03436532299e-05, 7.13738302238e-07, 4.11613768847e-07, 8.76593944099e-08, 1.82541256777e-07, 6.10152994795e-07, 6.04915101121e-07, 2.65325724058e-07, 2.01152673185e-07, 4.36859330932e-08, 7.08929519533e-08, 3.19736486176e-08, 6.16597048975e-08, 1.19841976343e-08, 1.50939385435e-08, 9.79288738989e-09, 4.81077000458e-09, 1.16574139231e-09, 6.20493323389e-10, 4.80319339857e-10, 5.8241922396e-10, 3.90836779607e-10, 4.95878005324e-10, 2.81074219455e-10, 1.65672378594e-10, 1.45585585254e-10, 1.31813740478e-10, 1.6912166112e-10, 2.32079883089e-10, 2.46830139661e-10, 1.43403955377e-10, 1.19708076785e-10, 1.46790538058e-10, 9.09942399208e-11, 8.86214365781e-11, 1.5156489952e-10, 1.83976417434e-10, 2.25088697681e-10],
        "dvar2": [3.04418063024e-05, 0.000126029248349, 2.92681033898e-05, 1.99124337996e-06, 1.07847176878e-06, 2.40066867718e-07, 4.21032922304e-07, 1.3640724319e-06, 1.48740025452e-06, 6.02775571679e-07, 4.18760748744e-07, 6.16286968125e-08, 1.52749663584e-07, 5.81907571018e-08, 1.10070935477e-07, 2.26773693157e-08, 3.36499077491e-08, 2.19456346429e-08, 9.1262561952e-09, 2.10455053384e-09, 1.22969834315e-09, 1.19649257169e-09, 1.39282274603e-09, 9.17742826179e-10, 1.26110655252e-09, 6.76908418207e-10, 3.71391029041e-10, 3.23436499805e-10, 2.60916677153e-10, 3.45598438756e-10, 4.50228021531e-10, 4.59362270444e-10, 3.01299873939e-10, 2.29061117296e-10, 3.24260202023e-10, 1.95993846153e-10, 2.12282580403e-10, 3.7112285467e-10, 4.60569055116e-10, 5.47216938429e-10],
        "max": [0.0319865494967, 0.0553765632212, 0.0246620289981, 0.00832710508257, 0.00601205322891, 0.00357131659985, 0.00540807843208, 0.00705232424662, 0.00778767559677, 0.00686285970733, 0.00667598238215, 0.00412414362654, 0.00382252200507, 0.00243182177655, 0.00294213858433, 0.00241534016095, 0.00154692935757, 0.00158008513972, 0.00110336393118, 0.000644646468572, 0.000680428871419, 0.000295612728223, 0.000269042036962, 0.00018360746617, 0.000213460501982, 0.000187629921129, 0.000153711880557, 0.000166647485457, 0.000184550255653, 0.000183141033631, 0.000288268609438, 0.000282600289211, 0.000204893629416, 0.000150913721882, 0.000143574055983, 0.000115282724437, 0.00013389463129, 0.000183083640877, 0.000241839690716, 0.000227766096941],
        "mean": [0.0037529526744, 0.00373801565729, 0.000959155266173, 0.000577357423026, 0.000430599524407, 0.000125144681078, 0.000273722078418, 0.000536750478204, 0.000395412236685, 0.000273124867817, 0.000284159032162, 0.00013998436043, 0.000107825260784, 0.000122435973026, 0.000173199368874, 8.24024755275e-05, 7.89673867985e-05, 6.25544489594e-05, 4.13502566516e-05, 2.87552393274e-05, 2.14594820136e-05, 2.13672046812e-05, 2.90299431072e-05, 2.1430925699e-05, 1.26467266455e-05, 1.11239960461e-05, 1.17018371384e-05, 9.49695731833e-06, 8.4519469965e-06, 8.43020188768e-06, 8.34794809634e-06, 8.92113439477e-06, 8.62076103658e-06, 7.51812785893e-06, 6.66442701913e-06, 6.02475120104e-06, 5.19795094078e-06, 5.72909220864e-06, 5.22658820046e-06, 5.78238359594e-06],
        "median": [0.00098347174935, 0.00106024206616, 0.000399249198381, 0.000328264432028, 0.000214740241063, 4.86687786179e-05, 5.55625374545e-05, 8.14738232293e-05, 7.37154769013e-05, 6.07737529208e-05, 3.31687260768e-05, 2.83609115286e-05, 2.79068099189e-05, 3.69504377886e-05, 5.20529174537e-05, 3.69547378796e-05, 2.14308220166e-05, 1.84722248378e-05, 1.39157682497e-05, 1.17942909128e-05, 1.10378678073e-05, 1.16652126962e-05, 1.64954308275e-05, 1.0871233826e-05, 6.12850726611e-06, 5.54932148589e-06, 6.07783522355e-06, 4.57592113889e-06, 3.50459094989e-06, 3.21961738337e-06, 2.69371707873e-06, 2.69506017503e-06, 3.13587315759e-06, 2.50774996857e-06, 1.79429673608e-06, 1.71415751993e-06, 1.65372046013e-06, 1.37374263431e-06, 8.48513536766e-07, 8.79745073235e-07],
        "min": [2.93936416654e-24, 4.3822051589e-24, 1.60027707922e-23, 5.91781362991e-24, 2.88180954542e-23, 1.39761997484e-23, 6.06209313404e-24, 7.9202305416e-24, 7.98601838565e-24, 1.28863158327e-23, 2.02182620317e-23, 3.50759428442e-23, 1.7559370063e-23, 1.06610323046e-23, 1.20575078001e-23, 1.83899380443e-23, 8.97116287244e-24, 9.20502857641e-24, 4.64435665391e-24, 1.28428156758e-23, 1.08384234564e-23, 1.57204627177e-23, 1.46412883776e-23, 1.98381888475e-23, 1.2808383475e-23, 5.77800105067e-24, 5.52390264221e-24, 1.2596432327e-23, 1.32530541121e-23, 1.16704058653e-23, 7.15822956134e-24, 5.70517065089e-24, 7.24522908627e-24, 7.75122892557e-24, 9.79923805326e-24, 1.01501888594e-23, 1.56504150248e-23, 1.12799102508e-23, 1.14750065968e-23, 1.25780179468e-23],
        "stdev": [0.00564776314422, 0.0067613972351, 0.00249615148641, 0.000795282539912, 0.000655010167975, 0.00026779648033, 0.000635121949017, 0.00101266603451, 0.00085235509323, 0.000606718589552, 0.000712015782483, 0.000347932334989, 0.000296801328659, 0.000283783534542, 0.000375911506126, 0.000153123983182, 0.000158489929163, 0.000121544166177, 9.64051578194e-05, 5.66819217056e-05, 4.53866414318e-05, 2.64106256509e-05, 3.34011529048e-05, 2.61787481577e-05, 2.17967008211e-05, 1.75440345629e-05, 1.59219653142e-05, 1.47787850437e-05, 1.54822482727e-05, 1.64722441696e-05, 1.99419755518e-05, 2.1067342459e-05, 1.57464455697e-05, 1.47202208609e-05, 1.52958491526e-05, 1.31791202875e-05, 1.15749771794e-05, 1.47846876644e-05, 1.56815331138e-05, 1.8117883883e-05],
        "var": [3.18972306559e-05, 4.57164896943e-05, 6.23077266937e-06, 6.32474325357e-07, 4.29038323091e-07, 7.17149504226e-08, 4.03379857516e-07, 1.02549256553e-06, 7.26509199467e-07, 3.6810746451e-07, 5.0696650078e-07, 1.21056899616e-07, 8.8091034911e-08, 8.05330984122e-08, 1.41309456581e-07, 2.34469563765e-08, 2.5119058833e-08, 1.47729846134e-08, 9.2939540508e-09, 3.21284021609e-09, 2.05994710178e-09, 6.97521151949e-10, 1.1156370272e-09, 6.85326850824e-10, 4.75096129104e-10, 3.07793179832e-10, 2.53508963821e-10, 2.18412482544e-10, 2.39700037596e-10, 2.71334843482e-10, 3.97682414777e-10, 4.43832887109e-10, 2.47950548982e-10, 2.16684892251e-10, 2.33962987872e-10, 1.73689215788e-10, 1.33980104788e-10, 2.18586995726e-10, 2.45910458663e-10, 3.28257698801e-10]
    },
    "melbands128": {
