{
"lowlevel": {
    "average_loudness": 0.889300823212,
    "barkbands_crest": {
        "dmean": 1.84339034557,
        "dmean2": 3.00845384598,
        "dvar": 3.78650617599,
        "dvar2": 8.76482772827,
        "max": 24.862695694,
        "mean": 9.20787334442,
        "median": 8.57661247253,
        "min": 3.98654198647,
        "stdev": 3.06394910812,
        "var": 9.38778400421
    },
    "barkbands_flatness_db": {
        "dmean": 0.0173794534057,
        "dmean2": 0.0254276115447,
        "dvar": 0.000307696813252,
        "dvar2": 0.00062670360785,
        "max": 0.302520632744,
        "mean": 0.167602479458,
        "median": 0.162248805165,
        "min": 0.0406340733171,
        "stdev": 0.0457520931959,
        "var": 0.00209325389005
    },
    "barkbands_kurtosis": {
        "dmean": 2.36826825142,
        "dmean2": 3.69761776924,
        "dvar": 30.2888183594,
        "dvar2": 73.7682189941,
        "max": 106.16443634,
        "mean": 4.67034387589,
        "median": 2.84904289246,
        "min": -1.86002874374,
        "stdev": 6.8878903389,
        "var": 47.4430351257
    },
    "barkbands_skewness": {
        "dmean": 0.402850776911,
        "dmean2": 0.60348200798,
        "dvar": 0.297719925642,
        "dvar2": 0.632582247257,
        "max": 9.38260936737,
        "mean": 1.59801125526,
        "median": 1.53667759895,
        "min": -2.09626889229,
        "stdev": 1.08464384079,
        "var": 1.17645215988
    },
    "barkbands_spread": {
        "dmean": 3.18537688255,
        "dmean2": 4.79433822632,
        "dvar": 37.2412719727,
        "dvar2": 59.802406311,
        "max": 97.5412139893,
        "mean": 15.1113328934,
        "median": 11.6945180893,
        "min": 1.98822009563,
        "stdev": 13.3273506165,
        "var": 177.618270874
    },
    "dissonance": {
        "dmean": 0.0200892426074,
        "dmean2": 0.0330945365131,
        "dvar": 0.000363380822819,
        "dvar2": 0.000897280115169,
        "max": 0.5,
        "mean": 0.448388934135,
        "median": 0.456536591053,
        "min": 0.265574574471,
        "stdev": 0.0353382788599,
        "var": 0.00124879402574
    },
    "dynamic_complexity": 3.38971757889,
    "erbbands_crest": {
        "dmean": 1.89265441895,
        "dmean2": 2.98012900352,
        "dvar": 3.08287167549,
        "dvar2": 7.38388156891,
        "max": 22.3304271698,
        "mean": 9.09076786041,
        "median": 8.68116188049,
        "min": 2.68462467194,
        "stdev": 3.48775553703,
        "var": 12.1644392014
    },
    "erbbands_flatness_db": {
        "dmean": 0.0157339610159,
        "dmean2": 0.0207098014653,
        "dvar": 0.000258134881733,
        "dvar2": 0.000430715357652,
        "max": 0.280163198709,
        "mean": 0.177180930972,
        "median": 0.180568695068,
        "min": 0.0608742460608,
        "stdev": 0.0402732156217,
        "var": 0.00162193190772
    },
    "erbbands_kurtosis": {
        "dmean": 0.624492704868,
        "dmean2": 0.955412209034,
        "dvar": 0.461088657379,
        "dvar2": 1.00602889061,
        "max": 9.43551445007,
        "mean": 0.710473179817,
        "median": 0.314593315125,
        "min": -1.54952538013,
        "stdev": 1.59799981117,
        "var": 2.55360341072
    },
    "erbbands_skewness": {
        "dmean": 0.256463646889,
        "dmean2": 0.387726426125,
        "dvar": 0.0623462237418,
        "dvar2": 0.114002965391,
        "max": 2.22324419022,
        "mean": 0.488427072763,
        "median": 0.55545347929,
        "min": -2.67523193359,
        "stdev": 0.628796160221,
        "var": 0.395384609699
    },
    "erbbands_spread": {
        "dmean": 5.19556427002,
        "dmean2": 7.55260419846,
        "dvar": 54.2475509644,
        "dvar2": 111.63835144,
        "max": 105.260498047,
        "mean": 30.852306366,
        "median": 29.1320228577,
        "min": 6.59705352783,
        "stdev": 15.9301528931,
        "var": 253.769775391
    },
    "hfc": {
        "dmean": 3.35022568703,
        "dmean2": 4.7953004837,
        "dvar": 31.8175621033,
        "dvar2": 61.7079124451,
        "max": 101.194099426,
        "mean": 17.6095085144,
        "median": 11.8714647293,
        "min": 1.15010424746e-16,
        "stdev": 15.0752267838,
        "var": 227.262451172
    },
    "loudness_ebu128": {
        "integrated": -11.2712097168,
        "loudness_range": 6.20773124695,
        "momentary": {
            "dmean": 0.575140714645,
            "dmean2": 0.529509484768,
            "dvar": 0.413772910833,
            "dvar2": 0.4150134027,
            "max": -7.99453449249,
            "mean": -12.4047241211,
            "median": -11.2858533859,
            "min": -23.5695343018,
            "stdev": 3.42692780495,
            "var": 11.7438335419
        },
        "short_term": {
            "dmean": 0.0949370488524,
            "dmean2": 0.0698984563351,
            "dvar": 0.00580617506057,
            "dvar2": 0.00495438696817,
            "max": -9.13226699829,
            "mean": -11.8854370117,
            "median": -10.4081850052,
            "min": -17.1155357361,
            "stdev": 2.62795567513,
            "var": 6.90615081787
        }
    },
    "melbands_crest": {
        "dmean": 2.15853881836,
        "dmean2": 3.51471209526,
        "dvar": 4.68087244034,
        "dvar2": 12.4073038101,
        "max": 27.6330223083,
        "mean": 11.9246807098,
        "median": 11.286986351,
        "min": 2.03082823753,
        "stdev": 3.64486289024,
        "var": 13.2850246429
    },
    "melbands_flatness_db": {
        "dmean": 0.0197362992913,
        "dmean2": 0.0288665238768,
        "dvar": 0.000451768661151,
        "dvar2": 0.000911908864509,
        "max": 0.427974581718,
        "mean": 0.24316611886,
        "median": 0.236682653427,
        "min": 0.00956364255399,
        "stdev": 0.0577981472015,
        "var": 0.00334062590264
    },
    "melbands_kurtosis": {
        "dmean": 4.91268253326,
        "dmean2": 7.48794031143,
        "dvar": 137.228775024,
        "dvar2": 315.8621521,
        "max": 210.142288208,
        "mean": 11.0935277939,
        "median": 7.46169185638,
        "min": -1.62187623978,
        "stdev": 14.9580955505,
        "var": 223.744613647
    },
    "melbands_skewness": {
        "dmean": 0.512987673283,
        "dmean2": 0.768552541733,
        "dvar": 0.500174343586,
        "dvar2": 1.06993508339,
        "max": 11.2940473557,
        "mean": 2.34411358833,
        "median": 2.20124793053,
        "min": -0.263529479504,
        "stdev": 1.44039976597,
        "var": 2.07475137711
    },
    "melbands_spread": {
        "dmean": 3.71448135376,
        "dmean2": 5.57881498337,
        "dvar": 79.2148971558,
        "dvar2": 127.09967804,
        "max": 191.391845703,
        "mean": 16.5267219543,
        "median": 13.2755184174,
        "min": 1.24193179607,
        "stdev": 17.5007705688,
        "var": 306.276977539
    },
    "pitch_salience": {
        "dmean": 0.0537229590118,
        "dmean2": 0.0855018049479,
        "dvar": 0.00266910344362,
        "dvar2": 0.00667863572016,
        "max": 0.864331126213,
        "mean": 0.561728894711,
        "median": 0.564850151539,
        "min": 0.167802721262,
        "stdev": 0.0920741632581,
        "var": 0.00847765151411
    },
    "silence_rate_20dB": {
        "dmean": 0,
        "dmean2": 0,
        "dvar": 0,
        "dvar2": 0,
        "max": 1,
        "mean": 1,
        "median": 1,
        "min": 1,
        "stdev": 0,
        "var": 0
    },
    "silence_rate_30dB": {
        "dmean": 0.0325077399611,
        "dmean2": 0.0650658383965,
        "dvar": 0.031450945884,
        "dvar2": 0.0685785710812,
        "max": 1,
        "mean": 0.959783434868,
        "median": 1,
        "min": 0,
        "stdev": 0.196466848254,
        "var": 0.0385992228985
    },
    "silence_rate_60dB": {
        "dmean": 0.0100619196892,
        "dmean2": 0.020139425993,
        "dvar": 0.009960539639,
        "dvar2": 0.0212835967541,
        "max": 1,
        "mean": 0.0425367355347,
        "median": 0,
        "min": 0,
        "stdev": 0.201808810234,
        "var": 0.0407267957926
    },
    "spectral_centroid": {
        "dmean": 145.311141968,
        "dmean2": 217.434234619,
        "dvar": 132443.3125,
        "dvar2": 167080.546875,
        "max": 11309.2294922,
        "mean": 883.569091797,
        "median": 770.092529297,
        "min": 252.669952393,
        "stdev": 596.301391602,
        "var": 355575.375
    },
    "spectral_complexity": {
        "dmean": 2.4040248394,
        "dmean2": 3.83501172066,
        "dvar": 6.83056783676,
        "dvar2": 15.5846986771,
        "max": 45,
        "mean": 16.5042533875,
        "median": 17,
        "min": 0,
        "stdev": 7.12202835083,
        "var": 50.7232894897
    },
    "spectral_decrease": {
        "dmean": 2.39797137702e-09,
        "dmean2": 3.63742791443e-09,
        "dvar": 2.94688883486e-17,
        "dvar2": 6.50404770287e-17,
        "max": 1.88896202003e-29,
        "mean": -8.88501539009e-09,
        "median": -7.00953339816e-09,
        "min": -7.1320478412e-08,
        "stdev": 8.09237032939e-09,
        "var": 6.54864531103e-17
    },
    "spectral_energy": {
        "dmean": 0.00926965661347,
        "dmean2": 0.0140560660511,
        "dvar": 0.000430412066635,
        "dvar2": 0.000949691399001,
        "max": 0.271528810263,
        "mean": 0.0351313278079,
        "median": 0.0275883674622,
        "min": 1.03604840243e-20,
        "stdev": 0.0313967987895,
        "var": 0.000985758961178
    },
    "spectral_energyband_high": {
        "dmean": 0.000154785942868,
        "dmean2": 0.000191786617506,
        "dvar": 2.18638518845e-07,
        "dvar2": 3.01033537653e-07,
        "max": 0.0134149584919,
        "mean": 0.000347629160387,
        "median": 9.11629613256e-05,
        "min": 7.73162164262e-21,
        "stdev": 0.00104907236528,
        "var": 1.10055270852e-06
    },
    "spectral_energyband_low": {
        "dmean": 0.00618288945407,
        "dmean2": 0.0095304120332,
        "dvar": 0.000349171110429,
        "dvar2": 0.000785260403063,
        "max": 0.264006495476,
        "mean": 0.0142288114876,
        "median": 0.00835852138698,
        "min": 8.38716914431e-23,
        "stdev": 0.0229952652007,
        "var": 0.000528782256879
    },
    "spectral_energyband_middle_high": {
        "dmean": 0.00124883337412,
        "dmean2": 0.00178808229975,
        "dvar": 4.50249535788e-06,
        "dvar2": 8.87971509655e-06,
        "max": 0.0377250611782,
        "mean": 0.00566469877958,
        "median": 0.00251067988575,
        "min": 1.40229307956e-21,
        "stdev": 0.00667914561927,
        "var": 4.46109879704e-05
    },
    "spectral_energyband_middle_low": {
        "dmean": 0.00497660972178,
        "dmean2": 0.00787784997374,
        "dvar": 9.99219992082e-05,
        "dvar2": 0.000250880926615,
        "max": 0.153343126178,
        "mean": 0.0175409652293,
        "median": 0.0140130799264,
        "min": 2.06762929748e-22,
        "stdev": 0.0149415377527,
        "var": 0.000223249546252
    },
    "spectral_entropy": {
        "dmean": 0.150797605515,
        "dmean2": 0.214226424694,
        "dvar": 0.028311047703,
        "dvar2": 0.0415632836521,
        "max": 9.80575466156,
        "mean": 7.18518447876,
        "median": 7.12479829788,
        "min": 5.98850631714,
        "stdev": 0.427469968796,
        "var": 0.182730585337
    },
    "spectral_flux": {
        "dmean": 0.0219737123698,
        "dmean2": 0.0351988635957,
        "dvar": 0.00127114518546,
        "dvar2": 0.0031013279222,
        "max": 0.436320155859,
        "mean": 0.0715236514807,
        "median": 0.0569700710475,
        "min": 1.01786461204e-10,
        "stdev": 0.0542180873454,
        "var": 0.00293960096315
    },
    "spectral_kurtosis": {
        "dmean": 2.50224685669,
        "dmean2": 4.1986951828,
        "dvar": 7.78576231003,
        "dvar2": 21.4518165588,
        "max": 36.2508239746,
        "mean": 7.46951293945,
        "median": 6.80811595917,
        "min": -1.21570670605,
        "stdev": 4.26679134369,
        "var": 18.2055091858
    },
    "spectral_rms": {
        "dmean": 0.000651005422696,
        "dmean2": 0.000985831604339,
        "dvar": 1.106822765e-06,
        "dvar2": 2.25475400839e-06,
        "max": 0.0162759386003,
        "mean": 0.00538878887892,
        "median": 0.0051880129613,
        "min": 3.17927498564e-12,
        "stdev": 0.00228810240515,
        "var": 5.2354125728e-06
    },
    "spectral_rolloff": {
        "dmean": 236.697967529,
        "dmean2": 373.852905273,
        "dvar": 731798.8125,
        "dvar2": 1078286.875,
        "max": 18712.3535156,
        "mean": 967.693908691,
        "median": 667.529296875,
        "min": 86.1328125,
        "stdev": 1371.17346191,
        "var": 1880116.625
    },
    "spectral_skewness": {
        "dmean": 0.258627980947,
        "dmean2": 0.413731515408,
        "dvar": 0.0602051056921,
        "dvar2": 0.147917151451,
        "max": 4.31895923615,
        "mean": 2.00282478333,
        "median": 1.99395096302,
        "min": -0.0242350082844,
        "stdev": 0.540108025074,
        "var": 0.29171666503
    },
    "spectral_spread": {
        "dmean": 507195.09375,
        "dmean2": 670924.6875,
        "dvar": 1.6888168448e+12,
        "dvar2": 1.74919961805e+12,
        "max": 41131636,
        "mean": 3629363.25,
        "median": 3270217.75,
        "min": 1492666.75,
        "stdev": 1829037.375,
        "var": 3.34537791898e+12
    },
    "spectral_strongpeak": {
        "dmean": 0.437296539545,
        "dmean2": 0.759726524353,
        "dvar": 0.612423121929,
        "dvar2": 1.58285546303,
        "max": 8.95187759399,
        "mean": 1.04388010502,
        "median": 0.559238255024,
        "min": 2.16211981652e-09,
        "stdev": 1.12875783443,
        "var": 1.27409434319
    },
    "zerocrossingrate": {
        "dmean": 0.00694780377671,
        "dmean2": 0.00802468135953,
        "dvar": 0.000294133118587,
        "dvar2": 0.000278003659332,
        "max": 0.48193359375,
        "mean": 0.0396017618477,
        "median": 0.033203125,
        "min": 0.00537109375,
        "stdev": 0.036037735641,
        "var": 0.00129871850368
    },
    "barkbands": {
        "dmean": [9.3885944807e-05, 0.00440286751837, 0.00191673077643, 0.00212836032733, 0.00192926067393, 0.00117568543646, 0.00132961350027, 0.000683531572577, 0.000713243498467, 0.00053978379583, 0.000617203535512, 0.000397446507122, 0.000274020741927, 0.000201723407372, 0.00011991772044, 9.04977787286e-05, 0.000103237485746, 6.3753388531e-05, 6.89459047862e-05, 5.05461503053e-05, 2.68691783276e-05, 2.69210522674e-05, 5.23830894963e-05, 3.50659502146e-05, 1.55594079843e-05, 5.53187965124e-06, 5.43776309314e-07],
        "dmean2": [0.000152032982442, 0.00684267003089, 0.00324591109529, 0.00357378227636, 0.00329503742978, 0.00181698449887, 0.00207809172571, 0.00103881815448, 0.00108833878767, 0.000788862991612, 0.000938231940381, 0.000570792006329, 0.000424444297096, 0.000315190438414, 0.000192246356164, 0.000142563905683, 0.000168798709637, 0.000103757476609, 0.000106751998828, 7.7462515037e-05, 3.99916571041e-05, 3.76891839551e-05, 6.99825613992e-05, 4.73943218822e-05, 2.01481707336e-05, 7.1344893513e-06, 7.88789805029e-07],
        "dvar": [1.39302514413e-07, 0.000303935463307, 2.24112936849e-05, 1.23837771753e-05, 4.04942875321e-05, 4.35230231233e-06, 6.72647638567e-06, 2.89199488179e-06, 2.65467724603e-06, 1.46655270328e-06, 1.56608257385e-06, 1.15354907848e-06, 4.24833757506e-07, 1.7852735823e-07, 4.23065387167e-08, 2.68553730365e-08, 3.95632291372e-08, 1.80122725624e-08, 1.50482879491e-08, 8.87348594603e-09, 6.58682131061e-09, 8.67222293977e-09, 4.16489243094e-08, 1.71018967876e-08, 2.28008167902e-09, 3.00960256716e-10, 8.04030973744e-12],
        "dvar2": [3.30723025854e-07, 0.00068318360718, 6.58973876853e-05, 3.38895260938e-05, 0.000107949344965, 1.06071056507e-05, 1.60241015692e-05, 6.91679133524e-06, 6.02389172855e-06, 2.80598123936e-06, 3.6482088035e-06, 2.13666021409e-06, 9.56144958764e-07, 4.12867251498e-07, 9.62421751183e-08, 5.81359671514e-08, 1.03143172225e-07, 4.18374987987e-08, 3.53134055331e-08, 2.03907308816e-08, 1.57678829993e-08, 1.60393138771e-08, 7.57220774972e-08, 2.88932930914e-08, 3.4208944566e-09, 4.30620872294e-10, 1.86189206414e-11],
        "max": [0.00443338276818, 0.250034809113, 0.0546582937241, 0.0432154387236, 0.0922123789787, 0.0282275788486, 0.0316727608442, 0.0254585240036, 0.0245274528861, 0.0199690368026, 0.0215411167592, 0.0264976304024, 0.0117323519662, 0.00640275003389, 0.00300752324983, 0.00242060841992, 0.00290237902664, 0.00270351534709, 0.00161656131968, 0.0014674810227, 0.00139387021773, 0.00243311258964, 0.00606754049659, 0.00263229431584, 0.00105037132744, 0.000415001122747, 7.326148625e-05],
        "mean": [0.000142847376992, 0.0080573130399, 0.00379680539481, 0.00376163888723, 0.00295423017815, 0.00307925743982, 0.00385271990672, 0.00142457627226, 0.00139731669333, 0.00158355908934, 0.00170618423726, 0.000941320147831, 0.000546582741663, 0.000510122161359, 0.000244863214903, 0.000183327967534, 0.000229438606766, 0.000126964543597, 0.000172006242792, 0.00011316256132, 5.04388990521e-05, 5.16472064191e-05, 9.48975211941e-05, 6.6369160777e-05, 3.35906661348e-05, 9.55957966653e-06, 6.33418665075e-07],
        "median": [1.45969861478e-05, 0.00384470401332, 0.00173430074938, 0.00233030342497, 0.00173263344914, 0.00214100326411, 0.00120632606559, 0.000390142551623, 0.000454714434454, 0.000334210053552, 0.000439622963313, 0.000176624613232, 0.000153537315782, 0.000114651673357, 0.00013595240307, 0.000102655445517, 0.000119625314255, 5.07619224663e-05, 8.02024151199e-05, 4.83357689518e-05, 1.64263128681e-05, 1.2023337149e-05, 1.18082207337e-05, 1.29151367219e-05, 6.3899228735e-06, 1.53921871515e-06, 4.8428574928e-08],
        "min": [3.36221258384e-23, 3.97993800428e-23, 2.71748981887e-23, 1.79810714371e-23, 6.76325921232e-23, 1.5582124914e-23, 3.0329590814e-23, 4.69262744713e-24, 4.62980193355e-23, 3.60523790954e-23, 3.50525736287e-23, 1.78032180129e-23, 1.66278550227e-22, 7.22855903539e-23, 1.3851183281e-22, 1.46823132468e-22, 1.56817937028e-22, 2.25866906818e-22, 1.83566720955e-22, 4.11498853001e-22, 5.1785121222e-22, 4.71141407492e-22, 7.01119832105e-22, 8.49221764898e-22, 1.2777576658e-21, 1.62679910665e-21, 2.27262562056e-21],
        "stdev": [0.000422239507316, 0.0188643820584, 0.00561723625287, 0.00452339695767, 0.00571502931416, 0.00317066558637, 0.00564154749736, 0.00261612818576, 0.00242199585773, 0.00286199338734, 0.00292895641178, 0.00240998109803, 0.00111129588913, 0.000909143360332, 0.000328961439664, 0.000255224615103, 0.000311081326799, 0.000197080909857, 0.000223662427743, 0.000169745471794, 0.000120925200463, 0.000176884655957, 0.000417696224758, 0.000239436965785, 9.71207919065e-05, 3.36979865097e-05, 3.29459840032e-06],
        "var": [1.78286200025e-07, 0.000355864933226, 3.15533434332e-05, 2.04611187655e-05, 3.26615590893e-05, 1.00531196949e-05, 3.18270576827e-05, 6.8441268013e-06, 5.86606347497e-06, 8.19100569061e-06, 8.57878512761e-06, 5.80800860916e-06, 1.23497864024e-06, 8.26541679544e-07, 1.0821563734e-07, 6.51396092621e-08, 9.67716005107e-08, 3.88408878393e-08, 5.00248802382e-08, 2.88135257875e-08, 1.46229046649e-08, 3.1288180935e-08, 1.74470130787e-07, 5.73300624751e-08, 9.43244859997e-09, 1.13555431724e-09, 1.08543781602e-11]
    },
    "erbbands": {
        "dmean": [0.11372217536, 1.03827524185, 1.85924196243, 5.07694530487, 8.18868637085, 6.45566558838, 5.50868082047, 10.7242612839, 14.0273342133, 20.9528369904, 15.8189115524, 15.4463825226, 20.1900730133, 16.3242397308, 19.2423610687, 17.0928611755, 12.5240268707, 10.2452116013, 5.66678380966, 6.37860250473, 4.99141120911, 5.02336883545, 3.2202231884, 2.90694308281, 3.45166921616, 2.03915214539, 1.2725019455, 0.98213249445, 0.928530216217, 1.27907025814, 1.59176778793, 0.871453523636, 0.511245071888, 0.22616186738, 0.0955900847912, 0.029596246779, 0.0092400778085, 0.00182107707951, 5.96245554334e-05, 1.11811968964e-05],
        "dmean2": [0.185297712684, 1.59166717529, 3.11453843117, 8.37844562531, 13.891292572, 10.9415340424, 8.54964160919, 16.798324585, 21.4167003632, 33.1999588013, 23.4531211853, 22.6421394348, 30.0369319916, 22.9909629822, 28.8429489136, 24.8790130615, 19.394159317, 15.6630716324, 8.75802516937, 10.3622665405, 7.94642543793, 8.09965229034, 5.26018857956, 4.51937246323, 5.47098875046, 3.1278963089, 1.95609021187, 1.364975214, 1.3140141964, 1.78513586521, 2.14538908005, 1.19659686089, 0.714114665985, 0.308506667614, 0.127195850015, 0.0401078537107, 0.0124480724335, 0.00241518393159, 8.29101045383e-05, 1.65708315762e-05],
        "dvar": [0.26019513607, 15.40051651, 22.6206283569, 81.3038711548, 643.087890625, 336.022766113, 161.142288208, 374.518585205, 724.479797363, 2299.87011719, 1693.72192383, 1548.6854248, 1745.63916016, 1474.96789551, 1281.23046875, 2444.71850586, 941.768676758, 472.415283203, 159.882720947, 121.484085083, 74.5593795776, 112.286743164, 41.9482688904, 43.0256004333, 37.8812332153, 16.1189689636, 10.8910932541, 8.81766319275, 9.15302753448, 24.2380180359, 47.6520080566, 8.37927055359, 4.82537031174, 0.57974421978, 0.0920131281018, 0.0082653015852, 0.00098501087632, 4.46211888629e-05, 1.12072513048e-07, 5.42727751629e-10],
        "dvar2": [0.560830533504, 35.3985366821, 64.1413116455, 221.916687012, 1789.85205078, 944.809570312, 431.3699646, 922.13079834, 1529.0760498, 5934.49902344, 3835.01733398, 3469.64990234, 3761.01928711, 3156.02246094, 2864.73486328, 4741.9765625, 2226.87402344, 1101.68286133, 373.176757812, 279.234771729, 170.942840576, 295.71697998, 100.474517822, 98.1923446655, 83.1425933838, 36.510635376, 27.9984779358, 17.9108657837, 16.2730865479, 47.0576133728, 98.7749481201, 13.7694997787, 8.80771255493, 1.0218603611, 0.148643493652, 0.0130480965599, 0.00165935931727, 6.61643498461e-05, 2.58047464285e-07, 1.1781904341e-09],
        "max": [6.41727781296, 57.718132019, 59.2072029114, 112.539802551, 384.67590332, 257.632019043, 153.73727417, 323.316864014, 349.161651611, 713.570678711, 693.365478516, 720.603088379, 803.065734863, 907.615539551, 572.21472168, 1346.0871582, 609.971252441, 328.558197021, 288.833648682, 192.684738159, 151.974914551, 186.666046143, 90.2961349487, 114.369384766, 103.244186401, 59.834274292, 56.4697647095, 58.119884491, 79.1816482544, 138.445388794, 189.781478882, 60.2325401306, 45.0877037048, 13.6580095291, 7.19671201706, 2.03457164764, 0.741165518761, 0.165707886219, 0.00957767292857, 0.000297262391541],
        "mean": [0.200557112694, 1.91924703121, 3.68487238884, 10.5850973129, 11.2846908569, 9.77815151215, 12.0820026398, 26.8086929321, 34.8225898743, 67.3660049438, 34.7023468018, 32.0244102478, 62.2733726501, 45.8999519348, 52.9726600647, 41.0030899048, 28.3298740387, 29.5341320038, 13.7949266434, 13.2658500671, 12.037817955, 12.2064313889, 7.451359272, 6.5204782486, 9.86295986176, 5.00892448425, 2.56281590462, 1.77873933315, 1.77371561527, 2.44892883301, 2.73800754547, 1.6713886261, 0.936336874962, 0.473544627428, 0.19205828011, 0.0516393184662, 0.0160768032074, 0.00294799730182, 9.60512406891e-05, 4.27837403549e-05],
        "median": [0.0810728222132, 0.971886992455, 2.04865241051, 6.22250461578, 6.98623228073, 5.32751703262, 7.76438236237, 17.5735683441, 16.0417957306, 18.6778774261, 11.646572113, 11.4798870087, 14.9086923599, 10.450674057, 17.5098133087, 9.65715694427, 8.85574913025, 6.20408773422, 7.71175718307, 7.73660421371, 7.40569067001, 6.24445533752, 3.17073249817, 3.10482382774, 4.3993730545, 2.38680887222, 0.981769859791, 0.492472320795, 0.425720572472, 0.378410130739, 0.323713392019, 0.324044078588, 0.133830338717, 0.0657409504056, 0.0418849773705, 0.00965129677206, 0.00252553657629, 0.000363598053809, 2.66752558673e-05, 3.30285874952e-05],
        "min": [4.55480764097e-22, 1.14685481925e-20, 4.07404804752e-20, 3.28010878648e-20, 1.4217710908e-19, 3.03911094286e-19, 9.88499120447e-20, 1.77201383782e-19, 5.21515455928e-19, 1.6265775208e-19, 1.60502377898e-19, 1.16717055927e-18, 1.5244742234e-18, 6.83349775558e-19, 1.38500123236e-18, 1.21500724128e-18, 6.90729477733e-18, 5.88793074357e-18, 7.2984941316e-18, 6.02281949965e-18, 6.96437933858e-18, 1.04399954035e-17, 1.10670479387e-17, 1.09619488516e-17, 1.11273469238e-17, 2.05566823016e-17, 2.08895381257e-17, 1.86312837682e-17, 1.82768633455e-17, 1.96985618254e-17, 1.81770673134e-17, 1.79918499937e-17, 1.4976859379e-17, 1.32447307686e-17, 9.24277554396e-18, 5.38771229328e-18, 3.23978521796e-18, 1.46198962031e-18, 3.12352575835e-19, 3.1430304187e-20],
        "stdev": [0.559540748596, 4.20161533356, 5.22682237625, 12.6097974777, 21.9282493591, 16.7617435455, 14.8635416031, 28.4084873199, 49.2139091492, 111.984809875, 66.9431304932, 57.1124191284, 110.247840881, 77.2457046509, 81.5701599121, 100.169921875, 53.87840271, 50.6189346313, 19.8323554993, 18.022562027, 14.9964723587, 16.3601360321, 10.6300315857, 9.68363952637, 13.2789335251, 7.44621229172, 5.08987426758, 4.7572684288, 5.66757965088, 9.81799316406, 12.7145347595, 5.63974332809, 3.6845459938, 1.41742289066, 0.577715873718, 0.16573317349, 0.0599138848484, 0.0123095121235, 0.000400599470595, 3.67982465832e-05],
        "var": [0.313085854053, 17.6535720825, 27.3196716309, 159.006988525, 480.848083496, 280.95602417, 220.924880981, 807.042175293, 2422.00878906, 12540.5976562, 4481.38232422, 3261.82836914, 12154.5859375, 5966.89941406, 6653.69042969, 10034.0126953, 2902.88208008, 2562.27661133, 393.322357178, 324.812774658, 224.894195557, 267.654022217, 112.997573853, 93.7728805542, 176.330078125, 55.4460754395, 25.9068202972, 22.631603241, 32.1214599609, 96.3929901123, 161.659393311, 31.8067054749, 13.575879097, 2.00908756256, 0.333755612373, 0.0274674836546, 0.00358967366628, 0.000151524087414, 1.60479928013e-07, 1.35411082347e-09]
    },
    "gfcc": {
        "mean": [-14.6185016632, 134.256484985, -115.066268921, 27.2792415619, -52.6259384155, 12.9416646957, -34.7835044861, 8.47887992859, -20.3651008606, -3.10909724236, -8.31348514557, -4.96885919571, -9.15190696716],
        "cov": [[5095.95019531, -1012.90942383, -65.8985366821, -205.0131073, -517.541503906, 332.577423096, -90.7169952393, 408.712982178, -204.963287354, 216.703781128, -66.1639556885, 99.4079818726, -193.782409668], [-1012.90942383, 1467.71386719, -285.631713867, -208.751235962, 250.121002197, -201.443862915, 253.615249634, -171.221191406, 186.015853882, -131.993774414, 157.137115479, -106.301734924, 199.734451294], [-65.8985366821, -285.631713867, 414.817443848, 123.167663574, 3.21273541451, 59.0447654724, -82.8951187134, 1.3759406805, -13.5352802277, 55.438709259, -45.2893180847, 79.6173782349, -22.7969379425], [-205.0131073, -208.751235962, 123.167663574, 372.787139893, 89.8757705688, 17.9172592163, -67.1165924072, -52.6293182373, 47.3558235168, -19.7771682739, -25.888502121, 30.1356391907, 21.5155525208], [-517.541503906, 250.121002197, 3.21273541451, 89.8757705688, 217.422897339, -41.7400283813, 36.3418998718, -42.4521636963, 49.5870246887, -24.7179431915, 26.8915138245, -6.80054187775, 42.0702362061], [332.577423096, -201.443862915, 59.0447654724, 17.9172592163, -41.7400283813, 172.634597778, 44.1236305237, 27.9246025085, -50.0191078186, 15.3179998398, -20.1904850006, 2.47771382332, 3.61976003647], [-90.7169952393, 253.615249634, -82.8951187134, -67.1165924072, 36.3418998718, 44.1236305237, 198.963058472, -4.41078567505, 24.883523941, -45.0334091187, 30.6715354919, -32.2690467834, 49.6331481934], [408.712982178, -171.221191406, 1.3759406805, -52.6293182373, -42.4521636963, 27.9246025085, -4.41078567505, 137.852920532, -3.74829864502, 41.6848907471, -4.53290557861, 15.4770975113, -48.2712974548], [-204.963287354, 186.015853882, -13.5352802277, 47.3558235168, 49.5870246887, -50.0191078186, 24.883523941, -3.74829864502, 129.517349243, 1.98245513439, 33.9039268494, 3.15803146362, 29.3107128143], [216.703781128, -131.993774414, 55.438709259, -19.7771682739, -24.7179431915, 15.3179998398, -45.0334091187, 41.6848907471, 1.98245513439, 91.1143875122, -1.85516226292, 24.220539093, -29.8357448578], [-66.1639556885, 157.137115479, -45.2893180847, -25.888502121, 26.8915138245, -20.1904850006, 30.6715354919, -4.53290557861, 33.9039268494, -1.85516226292, 71.663520813, -1.98131358624, 18.2679672241], [99.4079818726, -106.301734924, 79.6173782349, 30.1356391907, -6.80054187775, 2.47771382332, -32.2690467834, 15.4770975113, 3.15803146362, 24.220539093, -1.98131358624, 68.905960083, -7.14955711365], [-193.782409668, 199.734451294, -22.7969379425, 21.5155525208, 42.0702362061, 3.61976003647, 49.6331481934, -48.2712974548, 29.3107128143, -29.8357448578, 18.2679672241, -7.14955711365, 99.5028686523]],
        "icov": [[0.000408376916312, -0.000317871483276, 0.0003511349787, -0.000411223300034, 0.000865443784278, -0.000673009606544, 0.000161456118803, -0.000982145313174, 0.0005667511723, -0.000591248914134, 0.000126083687064, -0.000684244558215, 0.000287778413622], [-0.000317871483276, 0.00409567821771, -0.000357114186045, 0.00343947205693, -0.00327769503929, 0.00275791250169, -0.0016359698493, 0.00334920268506, -0.00354992737994, 0.00208160071634, -0.00261337147094, 0.0027273085434, -0.00359399709851], [0.0003511349787, -0.000357114186045, 0.00433584395796, -0.000885567918885, 0.00019188594888, -0.0021905193571, 0.000887172587682, 0.000111384659249, 0.0001706261246, -0.00187568017282, 0.00198477273807, -0.00438962876797, 0.000903130450752], [-0.000411223300034, 0.00343947205693, -0.000885567918885, 0.00789831019938, -0.00507673667744, -0.000277675164398, 0.00154417927843, 0.00441731791943, -0.00628975545987, 0.00457415636629, -0.000365697982488, 0.00109631102532, -0.00271622883156], [0.000865443784278, -0.00327769503929, 0.00019188594888, -0.00507673667744, 0.0103356195614, -0.000466941477498, -0.000747535610572, -0.00356465694495, 0.0035415799357, -0.00295667583123, 0.0001455534657, -0.00177051161882, 0.0016134371981], [-0.000673009606544, 0.00275791250169, -0.0021905193571, -0.000277675164398, -0.000466941477498, 0.0133059741929, -0.00628953846171, 0.000661124358885, 0.00281622610055, -0.00170793186408, -0.00151236983947, 0.00418095430359, -0.00488077057526], [0.000161456118803, -0.0016359698493, 0.000887172587682, 0.00154417927843, -0.000747535610572, -0.00628953846171, 0.0108866458759, -0.00200979458168, -0.00203987094574, 0.00410611834377, -0.000220877162064, -0.000166466837982, -0.0005321095814], [-0.000982145313174, 0.00334920268506, 0.000111384659249, 0.00441731791943, -0.00356465694495, 0.000661124358885, -0.00200979458168, 0.0153376143426, -0.00573569629341, -0.000274529971648, -0.00107275485061, 0.000316906924127, 0.00218793400563], [0.0005667511723, -0.00354992737994, 0.0001706261246, -0.00628975545987, 0.0035415799357, 0.00281622610055, -0.00203987094574, -0.00573569629341, 0.0166720114648, -0.00579336797819, -0.00193055300042, -0.00196015136316, -0.000170767583768], [-0.000591248914134, 0.00208160071634, -0.00187568017282, 0.00457415636629, -0.00295667583123, -0.00170793186408, 0.00410611834377, -0.000274529971648, -0.00579336797819, 0.0195451844484, -0.00266054435633, -0.000655372219626, 0.000390667468309], [0.000126083687064, -0.00261337147094, 0.00198477273807, -0.000365697982488, 0.0001455534657, -0.00151236983947, -0.000220877162064, -0.00107275485061, -0.00193055300042, -0.00266054435633, 0.0208783913404, -0.0043889535591, 0.00123092229478], [-0.000684244558215, 0.0027273085434, -0.00438962876797, 0.00109631102532, -0.00177051161882, 0.00418095430359, -0.000166466837982, 0.000316906924127, -0.00196015136316, -0.000655372219626, -0.0043889535591, 0.0235694795847, -0.00433645583689], [0.000287778413622, -0.00359399709851, 0.000903130450752, -0.00271622883156, 0.0016134371981, -0.00488077057526, -0.0005321095814, 0.00218793400563, -0.000170767583768, 0.000390667468309, 0.00123092229478, -0.00433645583689, 0.01907107234]]
    },
    "melbands": {
        "dmean": [0.00116610585246, 0.00100790767465, 0.000899614649825, 0.000471877196105, 0.000206113341847, 0.000238685825025, 0.000235040744883, 0.000208208322874, 0.000125917169498, 0.000100670229585, 0.000100551267678, 6.41572987661e-05, 8.43708767206e-05, 4.55500739918e-05, 3.4076605516e-05, 2.6079474992e-05, 2.0482317268e-05, 1.04997952803e-05, 8.05245872471e-06, 7.42107113183e-06, 6.21338767814e-06, 6.00093426328e-06, 4.14718806496e-06, 2.81530333268e-06, 2.4763392048e-06, 2.77351477962e-06, 2.44217994805e-06, 1.34028971388e-06, 9.11220013222e-07, 6.46520334158e-07, 5.79633706366e-07, 5.28823989043e-07, 6.10221093211e-07, 7.97716097622e-07, 1.05643960069e-06, 7.46317709854e-07, 5.06305525505e-07, 4.12910424075e-07, 2.63201599182e-07, 1.81556018219e-07],
        "dmean2": [0.00184404582251, 0.00163341360167, 0.00149929604959, 0.000810288533103, 0.000327129906509, 0.000372703419998, 0.000356701813871, 0.000326740962919, 0.000185637487448, 0.000149807150592, 0.000150214153109, 9.08097717911e-05, 0.000127152859932, 6.36167897028e-05, 5.20492831129e-05, 3.93660666305e-05, 3.142960486e-05, 1.62038231792e-05, 1.2736926692e-05, 1.19388596431e-05, 9.96457765723e-06, 9.78179195954e-06, 6.76038825986e-06, 4.60341152575e-06, 3.916598871e-06, 4.39849191025e-06, 3.74973888029e-06, 2.07730386137e-06, 1.43546219533e-06, 1.00617046428e-06, 8.03001967142e-07, 7.76896172283e-07, 8.69731650255e-07, 1.13931207579e-06, 1.44840521443e-06, 1.0617169437e-06, 7.139208833e-07, 5.74530758968e-07, 3.72304754137e-07, 2.52435228276e-07],
        "dvar": [2.42298738158e-05, 8.00004545454e-06, 2.89105946649e-06, 2.4719661269e-06, 2.39673539681e-07, 1.73427963546e-07, 1.92095413354e-07, 2.07960738408e-07, 1.0493507574e-07, 6.08308354799e-08, 4.31871001183e-08, 2.43552182866e-08, 2.73983609134e-08, 1.45006708863e-08, 8.49796766289e-09, 3.75141429032e-09, 1.93320093267e-09, 5.54005674669e-10, 2.33816105366e-10, 1.69118871685e-10, 1.27806404349e-10, 1.65490426918e-10, 6.61342855479e-11, 3.63276596305e-11, 3.26643052884e-11, 2.64157983682e-11, 1.98136680674e-11, 7.0068603697e-12, 4.89447371521e-12, 3.94601278736e-12, 3.25690798116e-12, 2.57854957005e-12, 5.87304944261e-12, 9.52379407976e-12, 2.6270484052e-11, 6.13281170639e-12, 3.16422886157e-12, 3.21522170867e-12, 1.04389229465e-12, 3.43903968887e-13],
        "dvar2": [5.34546015842e-05, 1.96340988623e-05, 7.79504625825e-06, 6.70437202643e-06, 6.69394694341e-07, 4.22760535912e-07, 4.11246332988e-07, 5.4099081126e-07, 2.34542497424e-07, 1.37591257499e-07, 9.31199792831e-08, 5.12782989404e-08, 6.4285906376e-08, 2.73756235458e-08, 1.77497501141e-08, 7.84906006857e-09, 4.50836923349e-09, 1.24398757961e-09, 5.23356080695e-10, 3.77271436314e-10, 2.99384961266e-10, 4.52400644724e-10, 1.64856836515e-10, 8.56989687548e-11, 7.49406370293e-11, 6.28236837552e-11, 4.19553523867e-11, 1.66617518393e-11, 1.24893229439e-11, 1.0292013769e-11, 6.10573180557e-12, 4.8553925637e-12, 1.29371973204e-11, 1.82107506158e-11, 5.83810361166e-11, 1.2238850558e-11, 5.71177610417e-12, 6.01628512634e-12, 2.02807887671e-12, 6.52847621883e-13],
        "max": [0.0676432549953, 0.0355571061373, 0.0230894498527, 0.0238430090249, 0.00609103823081, 0.00650505675003, 0.00583951128647, 0.00642321351916, 0.00513458671048, 0.00475712073967, 0.00391533831134, 0.00362362596206, 0.00264210067689, 0.00296459230594, 0.00172574957833, 0.00101040315349, 0.000743631157093, 0.000586217094678, 0.000262081128312, 0.00020332573331, 0.000213021296076, 0.000224752991926, 0.000107841420686, 0.00010161704995, 0.00010204789578, 9.92588684312e-05, 6.94634800311e-05, 3.88471562474e-05, 3.4768225305e-05, 3.55993033736e-05, 4.09693129768e-05, 3.4616477933e-05, 6.39459249214e-05, 8.99807200767e-05, 0.000143287354149, 5.33249367436e-05, 3.79550110665e-05, 3.63015424227e-05, 1.90200553334e-05, 9.91189699562e-06],
        "mean": [0.00212075724266, 0.00225829938427, 0.00181461998727, 0.000720131851267, 0.000433337787399, 0.000615172553807, 0.000616912264377, 0.000637383142021, 0.000251376710366, 0.000207851073355, 0.000303420296405, 0.00017031848256, 0.000228360426263, 0.000103274280264, 8.10660421848e-05, 5.3046951507e-05, 5.66030248592e-05, 2.27164691751e-05, 1.61429688887e-05, 1.57886079251e-05, 1.37715715027e-05, 1.3605957065e-05, 8.93882588571e-06, 5.41223107575e-06, 4.96512075188e-06, 7.07152730683e-06, 6.34274829281e-06, 2.66170764007e-06, 1.68881899754e-06, 1.17354056783e-06, 9.78422576736e-07, 9.69388452177e-07, 1.05330286715e-06, 1.5112333358e-06, 1.7077134089e-06, 1.24729717754e-06, 9.3775889809e-07, 7.15365331416e-07, 4.65016285034e-07, 3.74374991452e-07],
        "median": [0.000981040531769, 0.00136434531305, 0.00117123313248, 0.000441353826318, 0.000288750685286, 0.000404264224926, 0.000257877487456, 0.000212093917071, 6.00935709372e-05, 6.79684380884e-05, 6.5674445068e-05, 3.87860054616e-05, 5.87897702644e-05, 2.57021893049e-05, 1.90025184565e-05, 1.58514230861e-05, 1.02803141999e-05, 1.17026575026e-05, 8.64610410645e-06, 9.41001053434e-06, 8.1065663835e-06, 6.79908634993e-06, 3.43663214153e-06, 2.07601488e-06, 2.15292243411e-06, 3.19573382512e-06, 2.53232428804e-06, 9.02529279756e-07, 5.9931363694e-07, 3.55397872909e-07, 2.33229854985e-07, 2.40763199599e-07, 2.1727339572e-07, 2.00748146995e-07, 1.66021578707e-07, 1.86427854487e-07, 1.92198058357e-07, 9.64030277828e-08, 5.74206779902e-08, 5.00807892934e-08],
        "min": [9.087587698e-24, 1.88573381306e-23, 9.39662711307e-24, 1.55876690284e-23, 5.83945015974e-24, 4.13041495745e-24, 7.3730774066e-24, 1.36457977828e-24, 1.66431980517e-24, 7.81316476182e-24, 7.69984568164e-24, 2.35063885069e-24, 5.33279911577e-24, 1.98843435214e-24, 7.20502794568e-24, 1.88265615113e-23, 8.86054090771e-24, 1.18228729567e-23, 6.34070657842e-24, 1.11325502449e-23, 7.06215261397e-24, 1.07269984312e-23, 1.11515018393e-23, 9.232140148e-24, 8.76097246197e-24, 7.18903457969e-24, 1.03773350461e-23, 1.36655163472e-23, 1.34670973192e-23, 1.03594239593e-23, 1.11529675428e-23, 1.15356692115e-23, 8.01961123844e-24, 1.18922469624e-23, 1.01783614489e-23, 1.12446891891e-23, 1.10314419427e-23, 1.12304873263e-23, 8.38038178508e-24, 1.20893919801e-23],
        "stdev": [0.005334073212, 0.0033492653165, 0.00212312117219, 0.0013837008737, 0.00052653439343, 0.000645637570415, 0.000828791235108, 0.00100574002136, 0.000513869686984, 0.000362556340406, 0.000543630274478, 0.000300709507428, 0.000380586978281, 0.000253189908108, 0.000193822881556, 0.00010107725393, 0.000105238388642, 3.64449588233e-05, 2.33214796026e-05, 2.09174650081e-05, 1.84253349289e-05, 1.87887126231e-05, 1.34012052513e-05, 8.63551940711e-06, 8.06087427918e-06, 9.29731595534e-06, 9.36698324949e-06, 4.39852874479e-06, 3.39555481332e-06, 2.66976962848e-06, 2.93499419968e-06, 2.88768683276e-06, 4.13579527958e-06, 6.24920539849e-06, 8.95066841622e-06, 4.27701388617e-06, 3.2817220017e-06, 2.94556480185e-06, 1.65888184256e-06, 1.0750546835e-06],
        "var": [2.8452337574e-05, 1.12175785034e-05, 4.50764355264e-06, 1.91462822841e-06, 2.77238484614e-07, 4.16847882434e-07, 6.86894907176e-07, 1.01151306353e-06, 2.64062038013e-07, 1.31447094986e-07, 2.95533880035e-07, 9.04262122958e-08, 1.44846438843e-07, 6.41051229877e-08, 3.75673074871e-08, 1.02166106686e-08, 1.10751177118e-08, 1.32823507748e-09, 5.43891431892e-10, 4.37540337295e-10, 3.39492933765e-10, 3.53015755516e-10, 1.79592313243e-10, 7.45721887019e-11, 6.49776898953e-11, 8.64400842571e-11, 8.77403774635e-11, 1.93470552079e-11, 1.15297927455e-11, 7.12767041569e-12, 8.61419095777e-12, 8.33873508438e-12, 1.71048036846e-11, 3.9052566736e-11, 8.01144706131e-11, 1.82928464043e-11, 1.07696993684e-11, 8.67635217144e-12, 2.75188899446e-12, 1.15574260232e-12]
    },
    "melbands128": {
