{
"lowlevel": {
    "average_loudness": 0.952090322971,
    "barkbands_crest": {
        "dmean": 2.77967500687,
        "dmean2": 4.42513465881,
        "dvar": 8.60615348816,
        "dvar2": 19.898475647,
        "max": 23.5195732117,
        "mean": 10.748790741,
        "median": 10.3643045425,
        "min": 3.18426203728,
        "stdev": 4.47825193405,
        "var": 20.0547389984
    },
    "barkbands_flatness_db": {
        "dmean": 0.0329056866467,
        "dmean2": 0.0498155094683,
        "dvar": 0.00126285653096,
        "dvar2": 0.00270165968686,
        "max": 0.416748672724,
        "mean": 0.142178013921,
        "median": 0.134065642953,
        "min": 0.0275852456689,
        "stdev": 0.0558472722769,
        "var": 0.00311891781166
    },
    "barkbands_kurtosis": {
        "dmean": 5.89645242691,
        "dmean2": 9.63127994537,
        "dvar": 230.354568481,
        "dvar2": 556.128356934,
        "max": 205.877975464,
        "mean": 4.98760128021,
        "median": 0.275681734085,
        "min": -1.89683556557,
        "stdev": 15.8831233978,
        "var": 252.273605347
    },
    "barkbands_skewness": {
        "dmean": 0.921937823296,
        "dmean2": 1.3549002409,
        "dvar": 1.46583878994,
        "dvar2": 3.14708733559,
        "max": 12.3793115616,
        "mean": 1.30934107304,
        "median": 0.979981541634,
        "min": -4.24322128296,
        "stdev": 1.87302398682,
        "var": 3.50821876526
    },
    "barkbands_spread": {
        "dmean": 12.6801300049,
        "dmean2": 20.8774013519,
        "dvar": 228.636688232,
        "dvar2": 564.78503418,
        "max": 99.7538146973,
        "mean": 32.9411315918,
        "median": 32.2238769531,
        "min": 0.498464852571,
        "stdev": 17.5680828094,
        "var": 308.637542725
    },
    "dissonance": {
        "dmean": 0.0202852468938,
        "dmean2": 0.0345698222518,
        "dvar": 0.00044956424972,
        "dvar2": 0.00121664023027,
        "max": 0.499871462584,
        "mean": 0.468205779791,
        "median": 0.47494533658,
        "min": 0.340965569019,
        "stdev": 0.0257975403219,
        "var": 0.000665513041895
    },
    "dynamic_complexity": 1.94280207157,
    "erbbands_crest": {
        "dmean": 3.03714704514,
        "dmean2": 4.90445184708,
        "dvar": 7.18494129181,
        "dvar2": 18.1589756012,
        "max": 22.4148292542,
        "mean": 9.48604202271,
        "median": 8.87817192078,
        "min": 3.09902477264,
        "stdev": 3.63873028755,
        "var": 13.2403583527
    },
    "erbbands_flatness_db": {
        "dmean": 0.0289098396897,
        "dmean2": 0.0439610816538,
        "dvar": 0.000713786808774,
        "dvar2": 0.00148656917736,
        "max": 0.292218148708,
        "mean": 0.160863906145,
        "median": 0.162742167711,
        "min": 0.0525598041713,
        "stdev": 0.0418121032417,
        "var": 0.00174825207796
    },
    "erbbands_kurtosis": {
        "dmean": 1.21464896202,
        "dmean2": 1.89969491959,
        "dvar": 2.51657128334,
        "dvar2": 5.29547595978,
        "max": 23.0298557281,
        "mean": 0.813178598881,
        "median": 0.34397983551,
        "min": -1.65236151218,
        "stdev": 2.12652492523,
        "var": 4.522108078
    },
    "erbbands_skewness": {
        "dmean": 0.490369915962,
        "dmean2": 0.75695514679,
        "dvar": 0.211395859718,
        "dvar2": 0.486157864332,
        "max": 2.30696296692,
        "mean": -0.0667136162519,
        "median": -0.0612019486725,
        "min": -3.58420062065,
        "stdev": 0.804271042347,
        "var": 0.64685189724
    },
    "erbbands_spread": {
        "dmean": 13.3663139343,
        "dmean2": 20.9971942902,
        "dvar": 309.59576416,
        "dvar2": 759.454956055,
        "max": 169.630386353,
        "mean": 35.364944458,
        "median": 29.440662384,
        "min": 6.25666904449,
        "stdev": 21.2473659515,
        "var": 451.450561523
    },
    "hfc": {
        "dmean": 28.3173160553,
        "dmean2": 47.4679374695,
        "dvar": 4111.29394531,
        "dvar2": 10736.9511719,
        "max": 595.455505371,
        "mean": 40.2442550659,
        "median": 28.6950817108,
        "min": 1.1638091082e-16,
        "stdev": 57.4715652466,
        "var": 3302.98095703
    },
    "loudness_ebu128": {
        "integrated": -7.67611122131,
        "loudness_range": 2.27570486069,
        "momentary": {
            "dmean": 0.573436260223,
            "dmean2": 0.766556739807,
            "dvar": 0.33793926239,
            "dvar2": 0.573233604431,
            "max": -5.28057479858,
            "mean": -7.90741968155,
            "median": -7.52433824539,
            "min": -13.8176002502,
            "stdev": 1.52332425117,
            "var": 2.32051682472
        },
        "short_term": {
            "dmean": 0.073269546032,
            "dmean2": 0.0945343971252,
            "dvar": 0.00441038515419,
            "dvar2": 0.00678404560313,
            "max": -6.78765964508,
            "mean": -7.77677965164,
            "median": -7.30950546265,
            "min": -10.3260917664,
            "stdev": 0.935272157192,
            "var": 0.87473398447
        }
    },
    "melbands_crest": {
        "dmean": 3.91483426094,
        "dmean2": 5.69594287872,
        "dvar": 18.121339798,
        "dvar2": 37.762638092,
        "max": 37.7877998352,
        "mean": 21.9134082794,
        "median": 21.275478363,
        "min": 2.4628674984,
        "stdev": 10.1878852844,
        "var": 103.793006897
    },
    "melbands_flatness_db": {
        "dmean": 0.039971653372,
        "dmean2": 0.0576349273324,
        "dvar": 0.00210932153277,
        "dvar2": 0.00411550560966,
        "max": 0.557926058769,
        "mean": 0.193570747972,
        "median": 0.1876847893,
        "min": 0.00716106686741,
        "stdev": 0.0854039490223,
        "var": 0.00729383481666
    },
    "melbands_kurtosis": {
        "dmean": 18.3751220703,
        "dmean2": 28.1785068512,
        "dvar": 2327.33813477,
        "dvar2": 4856.74267578,
        "max": 821.494934082,
        "mean": 21.0242481232,
        "median": 4.13915157318,
        "min": -1.80210328102,
        "stdev": 57.5217552185,
        "var": 3308.75219727
    },
    "melbands_skewness": {
        "dmean": 1.34376895428,
        "dmean2": 1.91860342026,
        "dvar": 3.68686318398,
        "dvar2": 6.96506595612,
        "max": 26.756187439,
        "mean": 2.8962688446,
        "median": 2.03861999512,
        "min": -1.91282939911,
        "stdev": 3.02921938896,
        "var": 9.17617034912
    },
    "melbands_spread": {
        "dmean": 16.1482200623,
        "dmean2": 24.1818275452,
        "dvar": 501.342987061,
        "dvar2": 1015.11340332,
        "max": 219.318115234,
        "mean": 41.1238174438,
        "median": 34.040512085,
        "min": 0.409990012646,
        "stdev": 33.6766738892,
        "var": 1134.11828613
    },
    "pitch_salience": {
        "dmean": 0.0908686071634,
        "dmean2": 0.141541793942,
        "dvar": 0.00951639376581,
        "dvar2": 0.0211930274963,
        "max": 0.852086782455,
        "mean": 0.455881357193,
        "median": 0.458240568638,
        "min": 0.114896386862,
        "stdev": 0.182059407234,
        "var": 0.0331456288695
    },
    "silence_rate_20dB": {
        "dmean": 0,
        "dmean2": 0,
        "dvar": 0,
        "dvar2": 0,
        "max": 1,
        "mean": 1,
        "median": 1,
        "min": 1,
        "stdev": 0,
        "var": 0
    },
    "silence_rate_30dB": {
        "dmean": 0.0603715181351,
        "dmean2": 0.120836563408,
        "dvar": 0.0567272342741,
        "dvar2": 0.121727906168,
        "max": 1,
        "mean": 0.926527440548,
        "median": 1,
        "min": 0,
        "stdev": 0.260913223028,
        "var": 0.0680757090449
    },
    "silence_rate_60dB": {
        "dmean": 0.0270897839218,
        "dmean2": 0.0534469410777,
        "dvar": 0.0263559892774,
        "dvar2": 0.0645328313112,
        "max": 1,
        "mean": 0.0286156218499,
        "median": 0,
        "min": 0,
        "stdev": 0.166723787785,
        "var": 0.0277968235314
    },
    "spectral_centroid": {
        "dmean": 432.417999268,
        "dmean2": 654.926574707,
        "dvar": 262849.25,
        "dvar2": 482320.96875,
        "max": 11097.4335938,
        "mean": 2162.81420898,
        "median": 2170.35986328,
        "min": 239.604370117,
        "stdev": 776.743530273,
        "var": 603330.5
    },
    "spectral_complexity": {
        "dmean": 5.55185747147,
        "dmean2": 8.3927192688,
        "dvar": 48.340259552,
        "dvar2": 98.4148864746,
        "max": 58,
        "mean": 17.2838363647,
        "median": 17,
        "min": 0,
        "stdev": 9.35783863068,
        "var": 87.5691375732
    },
    "spectral_decrease": {
        "dmean": 2.881347827e-09,
        "dmean2": 3.84573262124e-09,
        "dvar": 2.76153139079e-17,
        "dvar2": 5.70621214972e-17,
        "max": 1.25189179755e-30,
        "mean": -9.80146985796e-09,
        "median": -5.61049118275e-09,
        "min": -4.76352717271e-08,
        "stdev": 9.61033652658e-09,
        "var": 9.23585667445e-17
    },
    "spectral_energy": {
        "dmean": 0.0125415334478,
        "dmean2": 0.0176660791039,
        "dvar": 0.000455756991869,
        "dvar2": 0.00096542108804,
        "max": 0.181599423289,
        "mean": 0.0406433418393,
        "median": 0.025267412886,
        "min": 1.05513729143e-20,
        "stdev": 0.0372733063996,
        "var": 0.00138929940294
    },
    "spectral_energyband_high": {
        "dmean": 0.00272078835405,
        "dmean2": 0.00460588745773,
        "dvar": 5.47492782061e-05,
        "dvar2": 0.000143452154589,
        "max": 0.0693363323808,
        "mean": 0.00269110361114,
        "median": 0.000848478113767,
        "min": 8.0021880589e-21,
        "stdev": 0.00658403197303,
        "var": 4.33494788012e-05
    },
    "spectral_energyband_low": {
        "dmean": 0.0086834738031,
        "dmean2": 0.0111563811079,
        "dvar": 0.000396242627176,
        "dvar2": 0.000845126574859,
        "max": 0.176053464413,
        "mean": 0.0254834927619,
        "median": 0.00783611275256,
        "min": 4.75578049576e-23,
        "stdev": 0.03471557796,
        "var": 0.00120517122559
    },
    "spectral_energyband_middle_high": {
        "dmean": 0.00368503038771,
        "dmean2": 0.00524133583531,
        "dvar": 1.50691066665e-05,
        "dvar2": 2.78605984931e-05,
        "max": 0.0346508845687,
        "mean": 0.00875455141068,
        "median": 0.00766866654158,
        "min": 1.09902990599e-21,
        "stdev": 0.00697458256036,
        "var": 4.86448006995e-05
    },
    "spectral_energyband_middle_low": {
        "dmean": 0.00224747369066,
        "dmean2": 0.00367093761452,
        "dvar": 1.08760632429e-05,
        "dvar2": 2.94730598398e-05,
        "max": 0.0299134682864,
        "mean": 0.00406819209456,
        "median": 0.00327723799273,
        "min": 3.81390922635e-22,
        "stdev": 0.00345187354833,
        "var": 1.19154310596e-05
    },
    "spectral_entropy": {
        "dmean": 0.28487059474,
        "dmean2": 0.4292319417,
        "dvar": 0.0774496197701,
        "dvar2": 0.169278979301,
        "max": 9.79873371124,
        "mean": 7.69301795959,
        "median": 7.65975999832,
        "min": 6.27766370773,
        "stdev": 0.445491284132,
        "var": 0.198462486267
    },
    "spectral_flux": {
        "dmean": 0.0402871631086,
        "dmean2": 0.0617425143719,
        "dvar": 0.00248671835288,
        "dvar2": 0.00429980782792,
        "max": 0.378236323595,
        "mean": 0.103150442243,
        "median": 0.086416170001,
        "min": 1.02719874273e-10,
        "stdev": 0.0653976425529,
        "var": 0.00427685212344
    },
    "spectral_kurtosis": {
        "dmean": 1.77574849129,
        "dmean2": 2.91481471062,
        "dvar": 3.8552532196,
        "dvar2": 10.8152780533,
        "max": 19.0304889679,
        "mean": 3.86937713623,
        "median": 3.66308879852,
        "min": -1.19764995575,
        "stdev": 2.55384349823,
        "var": 6.52211713791
    },
    "spectral_rms": {
        "dmean": 0.000981108751148,
        "dmean2": 0.00137038517278,
        "dvar": 1.99332066586e-06,
        "dvar2": 3.95535698772e-06,
        "max": 0.0133105283603,
        "mean": 0.00565657718107,
        "median": 0.004964991007,
        "min": 3.20842983258e-12,
        "stdev": 0.00276679964736,
        "var": 7.65518052503e-06
    },
    "spectral_rolloff": {
        "dmean": 1491.79223633,
        "dmean2": 2571.44213867,
        "dvar": 5876417,
        "dvar2": 14799351,
        "max": 18669.2871094,
        "mean": 2588.08227539,
        "median": 1722.65625,
        "min": 43.06640625,
        "stdev": 2746.47680664,
        "var": 7543135
    },
    "spectral_skewness": {
        "dmean": 0.295315235853,
        "dmean2": 0.459483206272,
        "dvar": 0.0771756842732,
        "dvar2": 0.195276245475,
        "max": 3.2744204998,
        "mean": 1.47766768932,
        "median": 1.49520552158,
        "min": -0.00107815559022,
        "stdev": 0.455104976892,
        "var": 0.207120537758
    },
    "spectral_spread": {
        "dmean": 1751510.625,
        "dmean2": 2853862.75,
        "dvar": 6.03279589376e+12,
        "dvar2": 1.42512740106e+13,
        "max": 40001072,
        "mean": 5414717,
        "median": 4679275,
        "min": 1610751.75,
        "stdev": 2559226.25,
        "var": 6.54963847987e+12
    },
    "spectral_strongpeak": {
        "dmean": 0.664302647114,
        "dmean2": 1.14943671227,
        "dvar": 3.12057948112,
        "dvar2": 9.14122676849,
        "max": 25.2245960236,
        "mean": 0.884062170982,
        "median": 0.359608322382,
        "min": 0,
        "stdev": 1.64479887486,
        "var": 2.70536351204
    },
    "zerocrossingrate": {
        "dmean": 0.0216986592859,
        "dmean2": 0.0267314128578,
        "dvar": 0.00065410748357,
        "dvar2": 0.00087678921409,
        "max": 0.48876953125,
        "mean": 0.0805380865932,
        "median": 0.06884765625,
        "min": 0.00146484375,
        "stdev": 0.0565970316529,
        "var": 0.00320322415791
    },
    "barkbands": {
        "dmean": [0.00191820983309, 0.00731030572206, 0.00179724721238, 0.000554846716113, 0.000584682216868, 0.000232333666645, 0.000453182554338, 0.000293724500807, 0.000598404731136, 0.0010427236557, 0.000475437729619, 0.000673090456985, 0.000991264823824, 0.000595382880419, 0.000373436429072, 0.000307011127006, 0.000667594838887, 0.000594367098529, 0.000540435255971, 0.00037950227852, 0.000393451453419, 0.000397020397941, 0.00064641557401, 0.000351330294507, 0.000455121422419, 0.000502236653119, 4.14784590248e-05],
        "dmean2": [0.00204505841248, 0.00993378739804, 0.00344943255186, 0.000985574442893, 0.00098151457496, 0.000415519811213, 0.000746686768252, 0.000479142472614, 0.000894983299077, 0.00162098021246, 0.000682709855027, 0.00101990159601, 0.00140635145362, 0.000927592045628, 0.000557959021535, 0.000473933992907, 0.00104381726123, 0.000913362950087, 0.000793528975919, 0.000648073619232, 0.000664459832478, 0.000642291735858, 0.00103720836341, 0.00058962602634, 0.000819976790808, 0.000942961196415, 7.22734475858e-05],
        "dvar": [1.12329571493e-05, 0.000312087300699, 4.25373873441e-05, 2.96099005936e-06, 1.19024400647e-06, 3.34736228069e-07, 5.50984225356e-07, 2.95590410815e-07, 1.08310769065e-06, 3.79165749109e-06, 8.09634968846e-07, 1.39485189266e-06, 2.59116086454e-06, 1.15807620205e-06, 5.62917250591e-07, 3.61232167734e-07, 8.95578750715e-07, 8.37369668716e-07, 6.45202703708e-07, 1.49817935835e-06, 1.97491362997e-06, 1.00962427041e-06, 3.72802878701e-06, 1.33278274461e-06, 1.25449923871e-06, 9.48095475906e-07, 1.46311469607e-08],
        "dvar2": [1.37834758789e-05, 0.000721372372936, 0.000125329810544, 8.10159508546e-06, 3.23984068018e-06, 9.51317133513e-07, 1.36163998832e-06, 7.38642199849e-07, 2.38357347371e-06, 8.58371276991e-06, 1.53478981701e-06, 3.02587864098e-06, 5.00417991134e-06, 2.56420366895e-06, 1.12757948045e-06, 8.31906504573e-07, 2.18807645069e-06, 1.95108327716e-06, 1.2931089941e-06, 3.96108589484e-06, 5.19649938724e-06, 2.70881082542e-06, 9.27251949179e-06, 3.51542348653e-06, 3.32456625074e-06, 2.51433721132e-06, 3.53137501463e-08],
        "max": [0.0398559980094, 0.152321174741, 0.0488812625408, 0.014185026288, 0.0120828058571, 0.00451457919553, 0.00717880390584, 0.00730314990506, 0.0112469242886, 0.020465247333, 0.0157676190138, 0.0120493136346, 0.0178586449474, 0.0109976232052, 0.00893800146878, 0.00956002809107, 0.00989618431777, 0.00935312453657, 0.0116414185613, 0.0150393601507, 0.0141616901383, 0.0138662662357, 0.0180770661682, 0.0125700710341, 0.0113537870347, 0.00767718767747, 0.00159476301633],
        "mean": [0.00647067138925, 0.0178222414106, 0.00134470232297, 0.000414368638303, 0.000881788437255, 0.000215557753108, 0.000583257293329, 0.000381053687306, 0.000776991597377, 0.001513875206, 0.000671984103974, 0.000914509699214, 0.00139887421392, 0.000721554213669, 0.00045944887097, 0.000381651247153, 0.000973594782408, 0.000823716749437, 0.000987940584309, 0.000354474643245, 0.000345964159351, 0.000488789111841, 0.000685152772348, 0.000350445625372, 0.00033798100776, 0.000306096684653, 3.66306157957e-05],
        "median": [0.00237216497771, 0.00497432099655, 0.000186782664969, 5.12451697432e-05, 0.000404521997552, 6.04777233093e-05, 0.000197119603399, 0.000170476807398, 0.000220317873755, 0.000403267302318, 0.000200567912543, 0.000279207131825, 0.000349041016307, 0.000206540426007, 0.000113565249194, 0.000114841895993, 0.000487287208671, 0.000379984237952, 0.000363588187611, 6.48950299365e-05, 7.43053315091e-05, 0.000252764089964, 4.77553840028e-05, 7.54200373194e-05, 8.44463284011e-05, 2.10689813684e-05, 4.04223442274e-07],
        "min": [8.89115344399e-24, 1.69305579914e-23, 8.06437278392e-24, 3.30734951669e-23, 8.21000171351e-23, 4.09922323948e-23, 2.85739619367e-23, 5.14990991905e-23, 1.06128890702e-22, 8.72792360766e-23, 8.22840804723e-23, 2.58084459504e-23, 5.76127838277e-23, 6.18687388985e-23, 1.01119958431e-22, 9.20601623026e-23, 1.18190447725e-22, 2.6510987171e-22, 1.55212157013e-22, 1.8114857829e-22, 6.50190214758e-22, 5.43156961292e-22, 8.44465981247e-22, 9.87264496837e-22, 1.38254919114e-21, 1.63048486675e-21, 1.97047306218e-21],
        "stdev": [0.00828577857465, 0.0262547228485, 0.0048445048742, 0.00140029250178, 0.00124106241856, 0.000490828417242, 0.00088707782561, 0.000600832980126, 0.00134528579656, 0.00254594348371, 0.00126248493325, 0.00155539088883, 0.00236360961571, 0.00129696540534, 0.000954717921559, 0.000791334314272, 0.00125820597168, 0.00117081799544, 0.00156406452879, 0.00107356591616, 0.00120964983944, 0.000922490260564, 0.00203087576665, 0.00102106179111, 0.000934783834964, 0.000787817174569, 0.000126398634166],
        "var": [6.86541316099e-05, 0.00068931048736, 2.34692288359e-05, 1.96081919057e-06, 1.54023598498e-06, 2.40912527261e-07, 7.86907094152e-07, 3.61000275007e-07, 1.80979372999e-06, 6.48182776786e-06, 1.59386820542e-06, 2.41924067268e-06, 5.58665033168e-06, 1.6821193185e-06, 9.1148632464e-07, 6.26210010068e-07, 1.58308216669e-06, 1.37081485718e-06, 2.44629791268e-06, 1.15254385946e-06, 1.46325282913e-06, 8.50988328693e-07, 4.12445615439e-06, 1.042567078e-06, 8.73820795277e-07, 6.20655896455e-07, 1.59766138097e-08]
    },
    "erbbands": {
        "dmean": [0.372568100691, 1.29900372028, 2.18841052055, 2.12290906906, 1.99111640453, 1.97231256962, 1.52990007401, 1.93346071243, 6.09731769562, 6.68828058243, 5.67669439316, 12.2307376862, 35.6653938293, 13.8690032959, 27.6241874695, 21.4143218994, 46.6140022278, 28.458442688, 19.9336853027, 14.3295612335, 20.0214080811, 34.092880249, 30.6692333221, 30.6268920898, 23.3390750885, 16.3256721497, 10.642996788, 19.2238616943, 15.8658285141, 15.0306634903, 17.5086936951, 10.4249773026, 5.52468538284, 4.32408857346, 3.81894516945, 2.97525429726, 0.732976973057, 0.11354149133, 0.005358397495, 0.00012626296666],
        "dmean2": [0.445737302303, 2.16846561432, 4.15730047226, 3.92346477509, 3.40676927567, 3.21274232864, 2.70769357681, 3.38997817039, 9.93207550049, 11.2042627335, 8.84999370575, 18.5093708038, 54.9316291809, 21.3664360046, 38.6680145264, 31.0503826141, 65.7785415649, 43.8261299133, 29.4440574646, 21.5342521667, 31.4076786041, 52.3734016418, 46.4188156128, 44.1030311584, 36.2107696533, 27.3768787384, 17.5915222168, 32.7954978943, 25.6888465881, 24.1783618927, 28.212310791, 17.6367168427, 9.44821071625, 7.62817239761, 7.00277757645, 5.58424091339, 1.37216818333, 0.203365951777, 0.00940784718841, 0.000220819070819],
        "dvar": [0.70641875267, 15.3127193451, 61.8807640076, 51.9872665405, 21.2055416107, 11.0342473984, 15.5423049927, 17.6841850281, 107.731292725, 102.949203491, 91.3263015747, 542.166870117, 4795.98535156, 393.432250977, 2414.6105957, 1376.5065918, 5865.48242188, 2632.47631836, 1208.82250977, 703.741271973, 1257.73522949, 2334.86962891, 2009.79760742, 2070.29516602, 2373.28491211, 2264.42382812, 1257.24780273, 4721.59814453, 1692.25354004, 1538.97668457, 2973.2421875, 1114.46044922, 343.292694092, 206.683105469, 58.697845459, 31.1441040039, 2.04977560043, 0.0677558928728, 0.000220138390432, 7.38320267146e-08],
        "dvar2": [1.4302880764, 40.2631340027, 180.337005615, 147.741714478, 60.5276260376, 27.4671592712, 43.8347129822, 49.1380882263, 253.985641479, 277.398773193, 217.964920044, 1218.19018555, 10682.3876953, 940.770935059, 4508.72119141, 3030.90161133, 11550.0498047, 5888.35058594, 2327.79125977, 1386.75964355, 3052.81518555, 5738.73681641, 4689.31103516, 4367.04345703, 6014.21679688, 5694.55126953, 3106.6706543, 12767.1630859, 4577.84228516, 3747.71582031, 7556.61962891, 2970.98217773, 914.504455566, 562.649353027, 151.797470093, 82.9437408447, 5.41165685654, 0.172611266375, 0.000538708933163, 1.86157265603e-07],
        "max": [7.99158763885, 30.3162517548, 60.1739692688, 51.9076652527, 55.0562133789, 29.3547725677, 31.5066776276, 42.4439659119, 95.4637069702, 100.670120239, 108.214889526, 347.359130859, 781.06427002, 175.20854187, 773.307189941, 485.166320801, 884.786560059, 554.672302246, 513.87286377, 272.791503906, 451.54800415, 567.670471191, 586.581542969, 450.004150391, 551.196105957, 518.532714844, 387.315460205, 679.999389648, 636.115539551, 400.259643555, 512.630371094, 336.219909668, 200.55821228, 160.305206299, 70.1009979248, 46.7269287109, 11.3295164108, 2.22138738632, 0.196421846747, 0.00266010849737],
        "mean": [1.1106197834, 1.63555049896, 1.63912582397, 1.60393536091, 2.52738547325, 2.76295781136, 1.54611539841, 2.03542900085, 8.1153755188, 8.45498275757, 8.46859073639, 17.1010437012, 53.0338401794, 20.4927253723, 46.7928276062, 33.5298461914, 67.5690460205, 37.4469451904, 28.0772132874, 20.1148529053, 27.0349597931, 54.1050682068, 48.9802970886, 52.6821060181, 35.659450531, 16.8148822784, 10.3472890854, 17.3968524933, 19.4886035919, 17.9795799255, 17.6638965607, 9.91743373871, 5.25865030289, 3.63621377945, 2.53466892242, 1.79806625843, 0.453467667103, 0.082613453269, 0.0046067093499, 0.000138828807394],
        "median": [0.339181661606, 0.278392255306, 0.22325694561, 0.240470483899, 1.01793158054, 1.10869956017, 0.512082099915, 0.718958735466, 2.0634367466, 5.23987150192, 4.33851003647, 6.89438343048, 13.8707666397, 11.0993976593, 13.7290706635, 14.092040062, 18.0277767181, 14.2613334656, 8.26790618896, 5.8328537941, 9.75746250153, 30.5063018799, 28.8101882935, 22.9547348022, 10.6281251907, 4.02065515518, 2.69071960449, 4.59724760056, 9.90647220612, 3.53020811081, 1.24131476879, 1.12374150753, 1.51237857342, 1.19856286049, 0.367875963449, 0.125995963812, 0.0320323221385, 0.00305122928694, 0.00010651582852, 4.88095283799e-05],
        "min": [4.49007964732e-22, 3.88551896486e-21, 7.59006632133e-21, 6.84289943872e-20, 1.61558778013e-19, 2.90238910285e-19, 4.42908844209e-19, 3.08383272117e-19, 3.40320250279e-19, 4.14083073277e-19, 2.3919461832e-18, 2.01971925025e-18, 2.15532910103e-18, 2.74651384405e-18, 2.87070674122e-18, 1.26866479325e-18, 1.95202154815e-18, 3.33340241776e-18, 4.43309747633e-18, 4.6758497571e-18, 6.04802658804e-18, 6.84866917859e-18, 9.55717779581e-18, 1.29214570047e-17, 9.17761108249e-18, 1.10026659901e-17, 2.01254713939e-17, 2.55842132728e-17, 2.19239704951e-17, 2.02364161664e-17, 2.30632695138e-17, 1.84471632901e-17, 1.71716342419e-17, 1.38262536285e-17, 1.0717124897e-17, 6.58187944281e-18, 2.92795487744e-18, 1.25315712132e-18, 2.69582685275e-19, 2.85795683775e-20],
        "stdev": [1.53417253494, 3.70250892639, 5.91549491882, 5.59968233109, 4.31358242035, 4.21713972092, 3.27513051033, 3.87311339378, 13.2797498703, 10.842218399, 11.7671327591, 28.3159179688, 91.2267913818, 25.1225471497, 80.6140060425, 48.4034042358, 112.989860535, 61.8413352966, 48.3202590942, 36.7536468506, 46.3633651733, 67.4926300049, 61.1546134949, 71.4863739014, 65.541885376, 44.5993003845, 32.6354637146, 57.5014343262, 37.3747177124, 43.9167327881, 53.5818138123, 30.0310249329, 15.7740116119, 11.7514781952, 6.46030139923, 4.49784803391, 1.16567623615, 0.233165770769, 0.0152225084603, 0.000258899002802],
        "var": [2.35368537903, 13.7085723877, 34.9930801392, 31.3564414978, 18.6069927216, 17.7842693329, 10.726480484, 15.0010070801, 176.351745605, 117.553703308, 138.465423584, 801.791259766, 8322.32714844, 631.142333984, 6498.61816406, 2342.88964844, 12766.7080078, 3824.35083008, 2334.84741211, 1350.83056641, 2149.56176758, 4555.25537109, 3739.88696289, 5110.30126953, 4295.73828125, 1989.09765625, 1065.07348633, 3306.41503906, 1396.86962891, 1928.67956543, 2871.01074219, 901.862426758, 248.819442749, 138.097229004, 41.7354927063, 20.230638504, 1.35880112648, 0.0543662756681, 0.000231724770856, 6.70286937066e-08]
    },
    "gfcc": {
        "mean": [9.90625572205, 48.1443481445, -123.941864014, 29.1635818481, -49.1548957825, 28.796705246, -27.5797767639, 24.5380363464, -21.2459316254, 3.89429306984, -12.2702941895, 10.8205509186, -14.3852615356],
        "cov": [[4919.16503906, -1229.59228516, -62.1845207214, 67.3536148071, -54.9626960754, 239.335205078, 126.107322693, 323.165283203, 53.999671936, 138.583236694, 43.4593009949, 237.897064209, -172.079360962], [-1229.59228516, 1767.58557129, -240.354751587, 133.460494995, 402.621429443, 169.367614746, 337.712982178, 75.2666320801, 135.912017822, -150.510314941, 199.398788452, -57.7289009094, 154.369171143], [-62.1845207214, -240.354751587, 1178.46044922, 57.510799408, 150.750900269, 68.4674072266, -62.1912307739, -41.0633964539, -59.107006073, -10.3105106354, -108.594665527, 84.2241439819, -98.6264419556], [67.3536148071, 133.460494995, 57.510799408, 440.966369629, 51.9149093628, 79.7005081177, 70.3538894653, -8.30126953125, 116.271179199, -45.7879219055, 65.8652420044, -50.1235542297, 58.799697876], [-54.9626960754, 402.621429443, 150.750900269, 51.9149093628, 650.991027832, 267.431518555, 228.865493774, 228.810592651, 177.753219604, 70.6415557861, 107.885948181, 46.2207107544, 91.5462265015], [239.335205078, 169.367614746, 68.4674072266, 79.7005081177, 267.431518555, 445.969665527, 322.310852051, 169.550109863, 168.641174316, 22.9483757019, 114.392753601, 46.5056190491, 71.7183609009], [126.107322693, 337.712982178, -62.1912307739, 70.3538894653, 228.865493774, 322.310852051, 559.44354248, 215.238952637, 114.830787659, -31.5748806, 174.199661255, 96.6280288696, 45.5308494568], [323.165283203, 75.2666320801, -41.0633964539, -8.30126953125, 228.810592651, 169.550109863, 215.238952637, 325.547546387, 96.6409301758, 62.3706474304, 104.961509705, 71.534942627, 46.1851921082], [53.999671936, 135.912017822, -59.107006073, 116.271179199, 177.753219604, 168.641174316, 114.830787659, 96.6409301758, 266.990875244, 31.7392730713, 83.7575531006, -18.7803058624, 73.1038131714], [138.583236694, -150.510314941, -10.3105106354, -45.7879219055, 70.6415557861, 22.9483757019, -31.5748806, 62.3706474304, 31.7392730713, 150.363479614, -0.957642376423, -3.22898507118, 14.7357053757], [43.4593009949, 199.398788452, -108.594665527, 65.8652420044, 107.885948181, 114.392753601, 174.199661255, 104.961509705, 83.7575531006, -0.957642376423, 172.586349487, 31.943239212, 19.5438194275], [237.897064209, -57.7289009094, 84.2241439819, -50.1235542297, 46.2207107544, 46.5056190491, 96.6280288696, 71.534942627, -18.7803058624, -3.22898507118, 31.943239212, 134.004699707, -24.6708335876], [-172.079360962, 154.369171143, -98.6264419556, 58.799697876, 91.5462265015, 71.7183609009, 45.5308494568, 46.1851921082, 73.1038131714, 14.7357053757, 19.5438194275, -24.6708335876, 123.680053711]],
        "icov": [[0.000339505786542, 0.00020830547146, 0.000194022257347, -0.000280690932414, -1.084421001e-05, -0.000297095393762, 0.000125910781207, -0.000328113848809, -2.12747308979e-05, -3.13186174026e-05, 0.000205737931537, -0.000482835312141, 0.000644495885354], [0.00020830547146, 0.00121879286598, 0.000190233273315, 5.09214405611e-05, -0.000801504065748, 0.000177364170668, -0.000371321482817, 0.000168852930074, 0.000178696078365, 0.00128145085182, -0.000833783997223, 0.00060131814098, -0.000546448049136], [0.000194022257347, 0.000190233273315, 0.00145835406147, -0.000747590325773, -0.000683722493704, -0.000770797603764, 0.000427643943112, 1.34389738378e-05, 0.000273862649919, 0.000164365206729, 0.00133628270123, -0.00123363966122, 0.00170277163852], [-0.000280690932414, 5.09214405611e-05, -0.000747590325773, 0.00354823283851, 0.00013169979502, 0.000490253558382, -0.000418865238316, 0.000714169233106, -0.00100897159427, 0.00126712268684, -0.00186154618859, 0.00196896353737, -0.00209907046519], [-1.084421001e-05, -0.000801504065748, -0.000683722493704, 0.00013169979502, 0.00339182885364, -0.000669258181006, 0.00010328249482, -0.00122752250172, -0.00089860195294, -0.00151037890464, 1.55739508045e-05, -0.00050176406512, -0.000716133101378], [-0.000297095393762, 0.000177364170668, -0.000770797603764, 0.000490253558382, -0.000669258181006, 0.005672020372, -0.00274997833185, 0.00035669998033, -0.00160177017096, -0.000166819023434, -0.000728256592993, 0.000877685728483, -0.00214017392136], [0.000125910781207, -0.000371321482817, 0.000427643943112, -0.000418865238316, 0.00010328249482, -0.00274997833185, 0.00486908247694, -0.00143513351213, 0.000454754510429, 0.00117158971261, -0.00138585560489, -0.00205803685822, 0.000840504129883], [-0.000328113848809, 0.000168852930074, 1.34389738378e-05, 0.000714169233106, -0.00122752250172, 0.00035669998033, -0.00143513351213, 0.0064888978377, -0.00032394711161, -0.00157617137302, -0.00177203549538, -0.00120233395137, -0.00176966539584], [-2.12747308979e-05, 0.000178696078365, 0.000273862649919, -0.00100897159427, -0.00089860195294, -0.00160177017096, 0.000454754510429, -0.00032394711161, 0.00674169417471, -0.000460099196061, -0.00164558039978, 0.0013426321093, -0.0014092127094], [-3.13186174026e-05, 0.00128145085182, 0.000164365206729, 0.00126712268684, -0.00151037890464, -0.000166819023434, 0.00117158971261, -0.00157617137302, -0.000460099196061, 0.0102399596944, -0.00092777737882, 0.00173671031371, -0.00119740655646], [0.000205737931537, -0.000833783997223, 0.00133628270123, -0.00186154618859, 1.55739508045e-05, -0.000728256592993, -0.00138585560489, -0.00177203549538, -0.00164558039978, -0.00092777737882, 0.0120723098516, -0.00254930485971, 0.00352721964009], [-0.000482835312141, 0.00060131814098, -0.00123363966122, 0.00196896353737, -0.00050176406512, 0.000877685728483, -0.00205803685822, -0.00120233395137, 0.0013426321093, 0.00173671031371, -0.00254930485971, 0.0128664923832, -0.000304214336211], [0.000644495885354, -0.000546448049136, 0.00170277163852, -0.00209907046519, -0.000716133101378, -0.00214017392136, 0.000840504129883, -0.00176966539584, -0.0014092127094, -0.00119740655646, 0.00352721964009, -0.000304214336211, 0.0144999744371]]
    },
    "melbands": {
        "dmean": [0.00252244179137, 0.00124795979355, 0.000349716690835, 0.00014685629867, 5.3345644119e-05, 4.56372908957e-05, 9.30418100324e-05, 7.42728516343e-05, 5.21799447597e-05, 8.30249118735e-05, 0.000181773226359, 6.24519889243e-05, 7.36442234484e-05, 7.57111338316e-05, 0.000100569566712, 7.70539409132e-05, 5.87836730119e-05, 3.516459401e-05, 2.78735242318e-05, 1.84732489288e-05, 2.65538255917e-05, 3.80663768738e-05, 3.95825227315e-05, 2.43758022407e-05, 2.71146473096e-05, 2.03801428142e-05, 1.68219867192e-05, 9.61293335422e-06, 6.18221747573e-06, 8.4370994955e-06, 1.19852966236e-05, 8.849511687e-06, 8.51991626405e-06, 9.78369462246e-06, 9.35147363634e-06, 1.0737777302e-05, 4.84795555167e-06, 3.51649237018e-06, 4.43946919404e-06, 3.27120665133e-06],
        "dmean2": [0.00314393173903, 0.00221681664698, 0.000638469820842, 0.000248003780143, 9.18087825994e-05, 7.99061162979e-05, 0.000151309621288, 0.000123546895338, 8.00015841378e-05, 0.000124556099763, 0.000280342414044, 9.68681561062e-05, 0.000104433107481, 0.00011210655066, 0.000141288241139, 0.000112088775495, 9.22655381146e-05, 5.30670586159e-05, 4.20942815254e-05, 2.89668150799e-05, 4.22316843469e-05, 5.9696718381e-05, 5.97807593294e-05, 3.74610390281e-05, 3.91778776248e-05, 2.99408620776e-05, 2.89018098556e-05, 1.58826533152e-05, 1.02979356598e-05, 1.42644339576e-05, 2.0594930902e-05, 1.44305986396e-05, 1.41213113238e-05, 1.62250835274e-05, 1.47512118929e-05, 1.85371427506e-05, 8.18105854705e-06, 5.99336226514e-06, 7.76424712967e-06, 5.79780544285e-06],
        "dvar": [3.23306085193e-05, 1.69632658071e-05, 1.27843441078e-06, 8.08768234606e-08, 1.37154279045e-08, 9.40255961979e-09, 2.46939038107e-08, 1.3403890442e-08, 8.34397262395e-09, 2.30669083834e-08, 1.24592759221e-07, 8.5190974275e-09, 1.70777401109e-08, 1.81771326879e-08, 2.96327193894e-08, 1.59009161393e-08, 1.3399708898e-08, 4.00041333393e-09, 3.73036579404e-09, 1.47245782234e-09, 2.26453367169e-09, 4.00683042301e-09, 2.89782020602e-09, 1.81313264402e-09, 1.68759961561e-09, 1.31246002955e-09, 3.05429259662e-09, 7.26102067361e-10, 4.41844172361e-10, 8.11821609936e-10, 1.8257956258e-09, 4.35174424274e-10, 5.73627201295e-10, 7.25188464834e-10, 7.9157319588e-10, 1.35491218245e-09, 2.23869561777e-10, 1.17283918688e-10, 2.62352917169e-10, 1.0823526797e-10],
        "dvar2": [6.84643309796e-05, 4.70923769171e-05, 3.66467997992e-06, 2.18501213567e-07, 3.81863038967e-08, 2.6282942045e-08, 5.92861972848e-08, 3.54764537747e-08, 1.88882012253e-08, 5.15404927626e-08, 2.78589965319e-07, 1.99647178789e-08, 3.10798924374e-08, 3.93917325425e-08, 5.52667032139e-08, 3.43944073222e-08, 3.04269427431e-08, 8.04606958837e-09, 7.62852714331e-09, 3.52038731499e-09, 5.71558178564e-09, 1.0245659432e-08, 6.85438328318e-09, 4.18001455671e-09, 3.51386941766e-09, 2.62896371339e-09, 8.54507842263e-09, 1.72103431506e-09, 1.08444841995e-09, 2.10160289171e-09, 5.00445995755e-09, 1.17118026388e-09, 1.55699719784e-09, 1.79407466661e-09, 1.96346783277e-09, 3.63703822615e-09, 5.93496196633e-10, 3.0692778874e-10, 7.16469883422e-10, 2.94201163431e-10],
        "max": [0.0536995716393, 0.0317669175565, 0.00904908124357, 0.00311685726047, 0.000929717440158, 0.000839439802803, 0.00144988985267, 0.00120626168791, 0.00126440124586, 0.00222638179548, 0.00391627801582, 0.000780435977504, 0.00220315274782, 0.00146790361032, 0.00168923533056, 0.00116186821833, 0.00122270104475, 0.000847387942486, 0.000745677039959, 0.000718050636351, 0.000642945349682, 0.00061440654099, 0.000801327056251, 0.000653070572298, 0.000412557739764, 0.000625948479865, 0.000719052506611, 0.000304790301016, 0.000239273489569, 0.000290046853479, 0.000439128023572, 0.00032576257945, 0.000315807177685, 0.000300553161651, 0.000237153784838, 0.000428278348409, 0.000174419328687, 0.000122279045172, 0.000169429637026, 0.000116742499813],
        "mean": [0.0072625875473, 0.0011300399201, 0.000295610661851, 0.000216086933506, 5.96065510763e-05, 4.75646120321e-05, 0.00012218815391, 9.33020855882e-05, 7.80011105235e-05, 0.000109443448309, 0.000268736650469, 8.28769479995e-05, 0.000122987607028, 0.000115903021651, 0.000137773662573, 0.000106752129795, 7.01906246832e-05, 4.73839318147e-05, 3.40036385751e-05, 2.38245738728e-05, 3.28238638758e-05, 5.37195810466e-05, 6.06010980846e-05, 3.40976621374e-05, 4.41353440692e-05, 3.56755481334e-05, 1.55930374603e-05, 9.53073504206e-06, 5.73154693484e-06, 7.50484878154e-06, 1.07806390588e-05, 1.12705465654e-05, 9.13176882023e-06, 1.14113145173e-05, 9.97709412331e-06, 9.24841788219e-06, 4.83191888634e-06, 3.4484301068e-06, 3.74263004232e-06, 2.74082549367e-06],
        "median": [0.00220739259385, 0.000145841491758, 7.74274667492e-05, 8.29117707326e-05, 2.39872570091e-05, 1.57305094035e-05, 3.39019534294e-05, 5.36007028131e-05, 3.12619704346e-05, 3.81445788662e-05, 6.35097385384e-05, 3.41453705914e-05, 3.64861371054e-05, 3.74371193175e-05, 3.28066307702e-05, 3.04098102788e-05, 1.91383551282e-05, 1.21368557302e-05, 7.98704968474e-06, 6.92712728778e-06, 1.06240840978e-05, 2.53350408457e-05, 3.14753233397e-05, 1.49733486978e-05, 1.70520088432e-05, 8.66763275553e-06, 2.89233707917e-06, 1.93985579244e-06, 1.32450145429e-06, 1.53197356667e-06, 2.61399191004e-06, 6.12954954704e-06, 3.19241053148e-06, 1.23959273424e-06, 6.29324915735e-07, 4.96630832458e-07, 6.74263901601e-07, 9.74540284915e-07, 1.05985998289e-06, 8.94510662874e-07],
        "min": [5.38155663617e-24, 5.40124778765e-24, 1.45577227642e-23, 1.50328836641e-23, 1.57426675745e-23, 6.75318735183e-24, 5.51100476641e-24, 4.16404015353e-24, 2.40305317526e-23, 1.12072167184e-23, 1.08163676943e-23, 1.07843344195e-23, 1.15372303672e-23, 3.21046134421e-24, 3.39335854787e-24, 5.42406558934e-24, 6.23592888969e-24, 6.45917810359e-24, 8.37896972406e-24, 5.63051758798e-24, 6.8973548377e-24, 6.77006660862e-24, 7.35988134137e-24, 1.12328152548e-23, 1.02669576283e-23, 6.99670634669e-24, 5.61527285099e-24, 7.3661661962e-24, 8.87690109402e-24, 1.73210788494e-23, 1.39995263654e-23, 1.33011020521e-23, 8.52849751978e-24, 1.32150696706e-23, 1.28866416322e-23, 1.28476166832e-23, 1.15688629007e-23, 1.31498616393e-23, 9.12252950294e-24, 1.33099798927e-23],
        "stdev": [0.0100193992257, 0.00339805660769, 0.000877153535839, 0.000327750080032, 0.000102874342701, 8.89218790689e-05, 0.000196211738512, 0.000125928330817, 0.000124650992802, 0.000183924581506, 0.00046468101209, 0.000116841190902, 0.000211256701732, 0.00019070833514, 0.000248153693974, 0.000172186657437, 0.000134237940074, 8.43375964905e-05, 7.41607072996e-05, 4.93069346703e-05, 5.79247316637e-05, 7.68104509916e-05, 8.36048930069e-05, 5.27559604961e-05, 6.33852105238e-05, 7.09701853339e-05, 4.67164136353e-05, 2.66517072305e-05, 1.92982897715e-05, 2.51660294452e-05, 3.52120950993e-05, 1.96950550162e-05, 2.10450816667e-05, 3.16869081871e-05, 2.92507793347e-05, 3.20779072354e-05, 1.36387052407e-05, 9.48623619479e-06, 1.32327122628e-05, 8.51709955896e-06],
        "var": [0.000100388358987, 1.15467883006e-05, 7.69398297962e-07, 1.07420113693e-07, 1.05831308161e-08, 7.90710075194e-09, 3.84990457292e-08, 1.5857944291e-08, 1.55378696576e-08, 3.38282504231e-08, 2.15928437797e-07, 1.36518645277e-08, 4.46293917378e-08, 3.63696663896e-08, 6.15802520088e-08, 2.96482465245e-08, 1.80198256317e-08, 7.11283076882e-09, 5.49981082898e-09, 2.43117392884e-09, 3.35527472473e-09, 5.89984550103e-09, 6.98977764557e-09, 2.78319145508e-09, 4.01768529557e-09, 5.03676700347e-09, 2.18242335315e-09, 7.10313530217e-10, 3.72424008299e-10, 6.33329000355e-10, 1.23989163381e-09, 3.87895188192e-10, 4.42895470298e-10, 1.00406016834e-09, 8.55608084382e-10, 1.02899222476e-09, 1.86014287307e-10, 8.99886831718e-11, 1.75104680755e-10, 7.25409871061e-11]
    },
    "melbands128": {
