{
"lowlevel": {
    "average_loudness": 0.968619585037,
    "barkbands_crest": {
        "dmean": 3.16754317284,
        "dmean2": 4.79029893875,
        "dvar": 8.17720127106,
        "dvar2": 19.9957485199,
        "max": 24.8213043213,
        "mean": 12.5271205902,
        "median": 12.1146402359,
        "min": 2.51514220238,
        "stdev": 4.65931224823,
        "var": 21.7091903687
    },
    "barkbands_flatness_db": {
        "dmean": 0.0348239541054,
        "dmean2": 0.0468492209911,
        "dvar": 0.0012519658776,
        "dvar2": 0.00217396835797,
        "max": 0.568032860756,
        "mean": 0.168437227607,
        "median": 0.155736744404,
        "min": 0.0299433991313,
        "stdev": 0.0755429342389,
        "var": 0.00570673495531
    },
    "barkbands_kurtosis": {
        "dmean": 13.3526678085,
        "dmean2": 20.6107730865,
        "dvar": 1032.28125,
        "dvar2": 2384.60522461,
        "max": 430.594390869,
        "mean": 15.3232555389,
        "median": 3.72134900093,
        "min": -1.9077808857,
        "stdev": 38.0922355652,
        "var": 1451.01843262
    },
    "barkbands_skewness": {
        "dmean": 1.17996490002,
        "dmean2": 1.65484166145,
        "dvar": 2.25827503204,
        "dvar2": 4.88166904449,
        "max": 18.1570186615,
        "mean": 2.47299838066,
        "median": 1.8364880085,
        "min": -3.75163030624,
        "stdev": 2.39511084557,
        "var": 5.73655557632
    },
    "barkbands_spread": {
        "dmean": 11.4408397675,
        "dmean2": 16.7031173706,
        "dvar": 203.135131836,
        "dvar2": 403.942901611,
        "max": 122.396400452,
        "mean": 26.9991130829,
        "median": 21.5547599792,
        "min": 0.333857804537,
        "stdev": 21.7044296265,
        "var": 471.082305908
    },
    "dissonance": {
        "dmean": 0.0277895200998,
        "dmean2": 0.0452193617821,
        "dvar": 0.000665170024149,
        "dvar2": 0.00158816110343,
        "max": 0.499715894461,
        "mean": 0.447825700045,
        "median": 0.455673992634,
        "min": 0.29533469677,
        "stdev": 0.0376926399767,
        "var": 0.0014207350323
    },
    "dynamic_complexity": 1.81235861778,
    "erbbands_crest": {
        "dmean": 3.37706422806,
        "dmean2": 5.23176813126,
        "dvar": 11.9245462418,
        "dvar2": 26.9444656372,
        "max": 28.4971485138,
        "mean": 10.2796859741,
        "median": 9.00859546661,
        "min": 2.44872021675,
        "stdev": 5.24487733841,
        "var": 27.5087394714
    },
    "erbbands_flatness_db": {
        "dmean": 0.0249143950641,
        "dmean2": 0.036619681865,
        "dvar": 0.00063803937519,
        "dvar2": 0.00131190381944,
        "max": 0.305719345808,
        "mean": 0.135501772165,
        "median": 0.1365134269,
        "min": 0.0452225543559,
        "stdev": 0.0441979691386,
        "var": 0.00195346050896
    },
    "erbbands_kurtosis": {
        "dmean": 1.9134991169,
        "dmean2": 3.14199590683,
        "dvar": 12.2366218567,
        "dvar2": 32.2802886963,
        "max": 52.5813713074,
        "mean": 1.33490467072,
        "median": 0.279642105103,
        "min": -1.84391641617,
        "stdev": 3.59638762474,
        "var": 12.93400383
    },
    "erbbands_skewness": {
        "dmean": 0.603169083595,
        "dmean2": 0.913689494133,
        "dvar": 0.456045717001,
        "dvar2": 0.940843224525,
        "max": 6.15698099136,
        "mean": 0.648803949356,
        "median": 0.683586299419,
        "min": -3.78176498413,
        "stdev": 1.06429195404,
        "var": 1.13271737099
    },
    "erbbands_spread": {
        "dmean": 18.441236496,
        "dmean2": 28.2309341431,
        "dvar": 447.127563477,
        "dvar2": 1082.82250977,
        "max": 190.21257019,
        "mean": 51.1590690613,
        "median": 43.6259231567,
        "min": 4.22371435165,
        "stdev": 30.4270896912,
        "var": 925.807739258
    },
    "hfc": {
        "dmean": 21.3113632202,
        "dmean2": 30.0449028015,
        "dvar": 1086.60974121,
        "dvar2": 2065.69873047,
        "max": 296.23147583,
        "mean": 40.2743110657,
        "median": 28.5662879944,
        "min": 1.18824958214e-16,
        "stdev": 41.8319129944,
        "var": 1749.90881348
    },
    "loudness_ebu128": {
        "integrated": -7.13140153885,
        "loudness_range": 0.813543796539,
        "momentary": {
            "dmean": 0.456674814224,
            "dmean2": 0.732510864735,
            "dvar": 0.136737242341,
            "dvar2": 0.325743108988,
            "max": -5.4467549324,
            "mean": -7.19900751114,
            "median": -7.15924739838,
            "min": -10.6575965881,
            "stdev": 0.784985780716,
            "var": 0.616202712059
        },
        "short_term": {
            "dmean": 0.0620402805507,
            "dmean2": 0.0873261466622,
            "dvar": 0.00213980185799,
            "dvar2": 0.00422936724499,
            "max": -6.55887460709,
            "mean": -7.12262201309,
            "median": -7.09813594818,
            "min": -7.93745422363,
            "stdev": 0.294110953808,
            "var": 0.0865012556314
        }
    },
    "melbands_crest": {
        "dmean": 4.10495519638,
        "dmean2": 5.90946006775,
        "dvar": 18.2656936646,
        "dvar2": 34.3905982971,
        "max": 39.0301895142,
        "mean": 19.0759391785,
        "median": 16.8142662048,
        "min": 1.99764955044,
        "stdev": 8.80568981171,
        "var": 77.5401687622
    },
    "melbands_flatness_db": {
        "dmean": 0.0437658578157,
        "dmean2": 0.056232701987,
        "dvar": 0.00196476606652,
        "dvar2": 0.00333015690558,
        "max": 0.712519288063,
        "mean": 0.236289381981,
        "median": 0.222046419978,
        "min": 0.00785727705806,
        "stdev": 0.100189484656,
        "var": 0.0100379325449
    },
    "melbands_kurtosis": {
        "dmean": 47.5379981995,
        "dmean2": 73.4801254272,
        "dvar": 24351.9746094,
        "dvar2": 56397.0703125,
        "max": 2972.44897461,
        "mean": 56.0050163269,
        "median": 13.36195755,
        "min": -1.74402439594,
        "stdev": 170.964355469,
        "var": 29228.8125
    },
    "melbands_skewness": {
        "dmean": 1.9160554409,
        "dmean2": 2.75817584991,
        "dvar": 9.26186656952,
        "dvar2": 20.1224689484,
        "max": 43.3468399048,
        "mean": 4.3560795784,
        "median": 2.95969629288,
        "min": -0.35810738802,
        "stdev": 4.40233945847,
        "var": 19.3805942535
    },
    "melbands_spread": {
        "dmean": 10.9937696457,
        "dmean2": 15.6057605743,
        "dvar": 352.00982666,
        "dvar2": 744.051269531,
        "max": 283.45324707,
        "mean": 22.8382549286,
        "median": 16.4940948486,
        "min": 0.169005602598,
        "stdev": 26.3756504059,
        "var": 695.674926758
    },
    "pitch_salience": {
        "dmean": 0.093931183219,
        "dmean2": 0.141433343291,
        "dvar": 0.00936269760132,
        "dvar2": 0.0205889120698,
        "max": 0.8050147295,
        "mean": 0.459133565426,
        "median": 0.474313795567,
        "min": 0.0322736874223,
        "stdev": 0.174200221896,
        "var": 0.0303457155824
    },
    "silence_rate_20dB": {
        "dmean": 0,
        "dmean2": 0,
        "dvar": 0,
        "dvar2": 0,
        "max": 1,
        "mean": 1,
        "median": 1,
        "min": 1,
        "stdev": 0,
        "var": 0
    },
    "silence_rate_30dB": {
        "dmean": 0.0897138416767,
        "dmean2": 0.179566562176,
        "dvar": 0.0816656500101,
        "dvar2": 0.147321105003,
        "max": 1,
        "mean": 0.874033987522,
        "median": 1,
        "min": 0,
        "stdev": 0.331813037395,
        "var": 0.110099896789
    },
    "silence_rate_60dB": {
        "dmean": 0.00696055684239,
        "dmean2": 0.0131578948349,
        "dvar": 0.00691225705668,
        "dvar2": 0.0176290869713,
        "max": 1,
        "mean": 0.00463678501546,
        "median": 0,
        "min": 0,
        "stdev": 0.067935615778,
        "var": 0.00461524771526
    },
    "spectral_centroid": {
        "dmean": 459.537078857,
        "dmean2": 664.223693848,
        "dvar": 309551.25,
        "dvar2": 591145.4375,
        "max": 11206.5195312,
        "mean": 1477.45666504,
        "median": 1348.64477539,
        "min": 147.452667236,
        "stdev": 863.209228516,
        "var": 745130.125
    },
    "spectral_complexity": {
        "dmean": 5.40293884277,
        "dmean2": 8.0727558136,
        "dvar": 61.006187439,
        "dvar2": 110.915901184,
        "max": 57,
        "mean": 15.5618238449,
        "median": 13.5,
        "min": 0,
        "stdev": 10.2749156952,
        "var": 105.573898315
    },
    "spectral_decrease": {
        "dmean": 6.10613559715e-09,
        "dmean2": 8.35307201186e-09,
        "dvar": 1.03316545956e-16,
        "dvar2": 2.00629031215e-16,
        "max": 6.18240063109e-29,
        "mean": -1.34769821969e-08,
        "median": -9.52076462113e-09,
        "min": -7.12216774446e-08,
        "stdev": 1.3362159379e-08,
        "var": 1.78547292562e-16
    },
    "spectral_energy": {
        "dmean": 0.0240431185812,
        "dmean2": 0.0327798686922,
        "dvar": 0.00147324369755,
        "dvar2": 0.00285307387821,
        "max": 0.270718455315,
        "mean": 0.0545182451606,
        "median": 0.0400626696646,
        "min": 1.05444388143e-20,
        "stdev": 0.0505332127213,
        "var": 0.00255360570736
    },
    "spectral_energyband_high": {
        "dmean": 0.00187380460557,
        "dmean2": 0.00268804538064,
        "dvar": 9.74991417024e-06,
        "dvar2": 1.77700458153e-05,
        "max": 0.026288818568,
        "mean": 0.00273038586602,
        "median": 0.00111457752064,
        "min": 7.8413086999e-21,
        "stdev": 0.00396217498928,
        "var": 1.5698831703e-05
    },
    "spectral_energyband_low": {
        "dmean": 0.0196125414222,
        "dmean2": 0.0264235567302,
        "dvar": 0.00152163475286,
        "dvar2": 0.00301561481319,
        "max": 0.257274061441,
        "mean": 0.0335410013795,
        "median": 0.0167304724455,
        "min": 7.42349792467e-23,
        "stdev": 0.0510945059359,
        "var": 0.00261064851657
    },
    "spectral_energyband_middle_high": {
        "dmean": 0.00259129633196,
        "dmean2": 0.00384348537773,
        "dvar": 1.42060662256e-05,
        "dvar2": 3.07293739752e-05,
        "max": 0.0399855598807,
        "mean": 0.0049757133238,
        "median": 0.00288061471656,
        "min": 1.33412853013e-21,
        "stdev": 0.00551208248362,
        "var": 3.03830511257e-05
    },
    "spectral_energyband_middle_low": {
        "dmean": 0.00649164570495,
        "dmean2": 0.010435721837,
        "dvar": 7.38587987144e-05,
        "dvar2": 0.000177447829628,
        "max": 0.0649301856756,
        "mean": 0.0135835371912,
        "median": 0.0110197179019,
        "min": 2.31331049697e-22,
        "stdev": 0.0110931638628,
        "var": 0.000123058285681
    },
    "spectral_entropy": {
        "dmean": 0.336438834667,
        "dmean2": 0.468069404364,
        "dvar": 0.116047613323,
        "dvar2": 0.237496137619,
        "max": 9.80213260651,
        "mean": 7.62081003189,
        "median": 7.60019683838,
        "min": 4.97653388977,
        "stdev": 0.624271035194,
        "var": 0.389714360237
    },
    "spectral_flux": {
        "dmean": 0.0539925657213,
        "dmean2": 0.082023434341,
        "dvar": 0.00441077165306,
        "dvar2": 0.00916720274836,
        "max": 0.475744694471,
        "mean": 0.122407458723,
        "median": 0.103152438998,
        "min": 1.02686116554e-10,
        "stdev": 0.0836477801204,
        "var": 0.00699695153162
    },
    "spectral_kurtosis": {
        "dmean": 1.61969029903,
        "dmean2": 2.55072236061,
        "dvar": 12.0504922867,
        "dvar2": 30.471818924,
        "max": 61.4159317017,
        "mean": 3.24170517921,
        "median": 2.42421340942,
        "min": -1.50540852547,
        "stdev": 5.04540109634,
        "var": 25.456073761
    },
    "spectral_rms": {
        "dmean": 0.00144743348937,
        "dmean2": 0.00192848872393,
        "dvar": 3.47518744093e-06,
        "dvar2": 6.30504018773e-06,
        "max": 0.0162516329437,
        "mean": 0.00669933669269,
        "median": 0.00625184224918,
        "min": 3.20737555438e-12,
        "stdev": 0.00288227549754,
        "var": 8.3075119619e-06
    },
    "spectral_rolloff": {
        "dmean": 1244.29626465,
        "dmean2": 1982.13647461,
        "dvar": 5010714,
        "dvar2": 10344368,
        "max": 18798.4863281,
        "mean": 2007.7109375,
        "median": 753.662109375,
        "min": 43.06640625,
        "stdev": 2961.53198242,
        "var": 8770672
    },
    "spectral_skewness": {
        "dmean": 0.299606204033,
        "dmean2": 0.4567720294,
        "dvar": 0.154783397913,
        "dvar2": 0.33417057991,
        "max": 6.49094772339,
        "mean": 1.49943327904,
        "median": 1.47604835033,
        "min": -0.269115537405,
        "stdev": 0.640529572964,
        "var": 0.410278141499
    },
    "spectral_spread": {
        "dmean": 1270506,
        "dmean2": 1858783.75,
        "dvar": 2.3795293225e+12,
        "dvar2": 4.13906580275e+12,
        "max": 40817152,
        "mean": 7473327.5,
        "median": 6973255.5,
        "min": 1095654.125,
        "stdev": 2714288.25,
        "var": 7.36736103629e+12
    },
    "spectral_strongpeak": {
        "dmean": 0.478608131409,
        "dmean2": 0.780774831772,
        "dvar": 0.586199045181,
        "dvar2": 1.39099180698,
        "max": 8.07730865479,
        "mean": 0.988204300404,
        "median": 0.530059933662,
        "min": 0,
        "stdev": 1.08137750626,
        "var": 1.16937732697
    },
    "zerocrossingrate": {
        "dmean": 0.0252535436302,
        "dmean2": 0.0277398172766,
        "dvar": 0.000892859126907,
        "dvar2": 0.00110944348853,
        "max": 0.49755859375,
        "mean": 0.0798079445958,
        "median": 0.06494140625,
        "min": 0.00146484375,
        "stdev": 0.0660914257169,
        "var": 0.00436807656661
    },
    "barkbands": {
        "dmean": [0.0044061364606, 0.0157598834485, 0.00300596188754, 0.00139532552566, 0.00169209006708, 0.00249573634937, 0.000935203686822, 0.000775714870542, 0.00203514029272, 0.000708311563358, 0.000435256108176, 0.000449441577075, 0.000436641974375, 0.000430113897892, 0.000385283346986, 0.000241402944084, 0.000190729770111, 0.000289459712803, 0.000314214965329, 0.000258187094005, 0.000219045163249, 0.000212522805668, 0.00030504661845, 0.000313993863529, 0.000502917508129, 0.000434159912402, 2.15114014281e-05],
        "dmean2": [0.00621288549155, 0.0219205971807, 0.00545737380162, 0.00260667083785, 0.00292497640476, 0.00388658093289, 0.0015434633242, 0.0012708096765, 0.00307000987232, 0.00103708158713, 0.00063810008578, 0.000694661051966, 0.000665788888, 0.000654888281133, 0.000617354118731, 0.000393849535612, 0.000293670571409, 0.000445930170827, 0.000499489542563, 0.000396604009438, 0.000328653957695, 0.000317019294016, 0.000450853083748, 0.000463301548734, 0.000747423560824, 0.000638481229544, 3.41687591572e-05],
        "dvar": [9.01355888345e-05, 0.00111917604227, 6.15686949459e-05, 1.43273327922e-05, 9.77434683591e-06, 1.76899757207e-05, 8.87167789188e-06, 8.88896374818e-06, 1.43695888255e-05, 2.94478104479e-06, 1.7150802023e-06, 1.3743698446e-06, 1.08541962618e-06, 6.65391894472e-07, 6.77803882354e-07, 2.47517959906e-07, 1.43786095919e-07, 2.91845680067e-07, 3.14901996035e-07, 1.5401636233e-07, 1.55177446004e-07, 1.77039282789e-07, 3.05713712123e-07, 2.52964667879e-07, 7.36092090392e-07, 7.38253504551e-07, 2.09610684365e-09],
        "dvar2": [0.000198836409254, 0.00247925077565, 0.000175395252882, 4.07496227126e-05, 2.680765283e-05, 4.13053312514e-05, 2.21527971007e-05, 1.9151782908e-05, 3.06879846903e-05, 5.3632829804e-06, 4.12752751799e-06, 2.5608010219e-06, 2.44740067501e-06, 1.46714819493e-06, 1.6995589931e-06, 5.80025755426e-07, 3.17094816182e-07, 6.43252519694e-07, 8.65980496201e-07, 3.28384516024e-07, 3.2139354289e-07, 3.45803329083e-07, 5.44418128356e-07, 5.44554382031e-07, 1.57081558427e-06, 1.61919979291e-06, 5.11016473581e-09],
        "max": [0.0725868046284, 0.218667313457, 0.0570384338498, 0.0235650278628, 0.0314863286912, 0.0488514043391, 0.0387643277645, 0.0387035682797, 0.0350075438619, 0.0215021185577, 0.0266875270754, 0.0196242760867, 0.0160718038678, 0.00927523709834, 0.0115307997912, 0.00657997606322, 0.00423333700746, 0.00666070822626, 0.00935195293278, 0.00361371901818, 0.00405205925927, 0.00399377057329, 0.00526382122189, 0.004479710944, 0.0094318985939, 0.00707519659773, 0.000407146115322],
        "mean": [0.0064162928611, 0.0238950233907, 0.00325550953858, 0.00106335838791, 0.00218067038804, 0.00392539612949, 0.00119991065003, 0.000851106713526, 0.00354859814979, 0.00104974932037, 0.000692030997016, 0.000565856345929, 0.000642067112494, 0.00064708298305, 0.000394505448639, 0.000258732005022, 0.000216680273297, 0.000332971860189, 0.000487220066134, 0.000412820110796, 0.000275337952189, 0.00024590693647, 0.000394420145312, 0.000448618549854, 0.000636544369627, 0.000460148032289, 2.17133092519e-05],
        "median": [5.30137185706e-05, 0.0088254828006, 0.000366278662113, 0.000191217695829, 0.000734201807063, 0.00152464793064, 0.000265301554464, 0.000144871592056, 0.000719627132639, 0.000106985302409, 9.21236642171e-05, 5.83549845032e-05, 9.5940878964e-05, 0.000118274489068, 8.99194419617e-05, 6.32717419649e-05, 4.30892432632e-05, 7.49444807298e-05, 0.000236101433984, 0.000208364392165, 8.92743701115e-05, 3.25813598465e-05, 0.00010017574823, 0.000208243407542, 0.000218423374463, 9.64462087722e-05, 4.32868819189e-06],
        "min": [1.48745813686e-23, 4.89168829241e-23, 2.17179102783e-23, 1.09385149169e-23, 2.42759211367e-23, 1.36071280185e-23, 7.65462501911e-24, 2.69020532897e-23, 1.37583324592e-22, 4.25437577123e-23, 6.5141678618e-23, 9.56406252466e-23, 5.93322670983e-23, 1.00674510766e-22, 1.27472702629e-22, 1.80524090754e-22, 1.51864370171e-22, 2.36949758826e-22, 1.82279867937e-22, 1.66799690673e-22, 5.47613255478e-22, 6.8752072838e-22, 6.0962953661e-22, 6.95378388841e-22, 1.38491885357e-21, 1.76522039085e-21, 2.27848414341e-21],
        "stdev": [0.0126664973795, 0.0395290367305, 0.00709040509537, 0.00292700226419, 0.00350025529042, 0.00549619086087, 0.00319143175147, 0.00313700106926, 0.00535262422636, 0.00289935967885, 0.00176078849472, 0.00158314139117, 0.00138412334491, 0.00118964922149, 0.000827137671877, 0.000568827206735, 0.000441439711722, 0.000642024562694, 0.000646423082799, 0.000521549023688, 0.000472619896755, 0.000515560153872, 0.000699900614563, 0.0006140875048, 0.00105083407834, 0.000948231259827, 4.58603462903e-05],
        "var": [0.00016044016229, 0.00156254484318, 5.02738475916e-05, 8.56734186527e-06, 1.22517876662e-05, 3.02081116388e-05, 1.01852365333e-05, 9.84077541943e-06, 2.86505837721e-05, 8.40628672449e-06, 3.10037603413e-06, 2.50633684118e-06, 1.91579738384e-06, 1.41526538755e-06, 6.84156759689e-07, 3.23564393057e-07, 1.94869031134e-07, 4.12195561239e-07, 4.17862764834e-07, 2.72013380709e-07, 2.23369553964e-07, 2.6580227086e-07, 4.89860838115e-07, 3.77103475557e-07, 1.10425230559e-06, 8.99142492017e-07, 2.1031714148e-09]
    },
    "erbbands": {
        "dmean": [0.851654469967, 2.46137666702, 3.75879406929, 3.86412215233, 5.33588790894, 6.08120965958, 10.8254594803, 22.4918346405, 12.8104610443, 20.1323852539, 16.5761566162, 49.0771064758, 31.7747936249, 12.0077457428, 18.0042953491, 19.3173217773, 19.7425842285, 17.7822971344, 17.6107616425, 17.6695804596, 14.5347080231, 10.2587366104, 14.3178033829, 17.4636993408, 12.5514621735, 11.4583473206, 10.0133485794, 8.74505329132, 7.4544672966, 8.86146640778, 8.40377616882, 6.23599672318, 5.78111314774, 5.09229421616, 3.92178821564, 2.23030352592, 0.758343756199, 0.0979101881385, 0.00288557843305, 0.000101889199868],
        "dmean2": [1.16499626637, 4.01657819748, 6.81625938416, 7.08844327927, 9.98369693756, 10.2708950043, 16.8164691925, 35.2215423584, 21.3893470764, 32.4020080566, 25.9102344513, 73.1672134399, 45.8875427246, 18.9943351746, 26.6383113861, 28.76927948, 29.3740901947, 26.652173996, 26.8088321686, 28.6442737579, 23.1776065826, 15.9159536362, 22.2464294434, 26.9855308533, 19.7672462463, 17.274772644, 15.1953687668, 13.0565605164, 11.2574911118, 13.617559433, 12.2296438217, 8.94374656677, 8.62641048431, 7.66892576218, 5.8040394783, 3.34732365608, 1.12420535088, 0.141479805112, 0.00431994954124, 0.000144231176819],
        "dvar": [3.59478211403, 32.3755226135, 93.6857757568, 107.28377533, 179.617767334, 124.54776001, 347.918518066, 1718.90258789, 1529.84460449, 6202.69042969, 1890.64001465, 10559.7421875, 4618.45068359, 1863.29602051, 1689.70629883, 2413.15795898, 2279.42480469, 1335.63183594, 996.341552734, 1378.95935059, 1005.53295898, 407.618713379, 752.215270996, 1135.15820312, 396.781890869, 329.267364502, 271.009216309, 279.59954834, 224.936584473, 304.11541748, 220.819152832, 113.071868896, 82.1608428955, 63.1148910522, 49.5649185181, 18.9944572449, 2.4234726429, 0.0337358824909, 3.45897788065e-05, 2.64957034091e-08],
        "dvar2": [7.50152826309, 87.135017395, 269.542297363, 303.455322266, 512.507324219, 332.40737915, 770.020141602, 4200.58496094, 4186.35595703, 13713.375, 4465.4375, 23097.5664062, 8436.90820312, 4925.84912109, 3876.39599609, 4362.69628906, 5173.69775391, 2723.03222656, 2338.73242188, 3593.07470703, 2313.84594727, 925.559814453, 1733.89953613, 2906.80004883, 970.85748291, 678.418151855, 583.258605957, 571.385437012, 437.011810303, 570.530700684, 400.485931396, 230.012451172, 177.339416504, 133.896316528, 107.417327881, 42.9885063171, 5.35845041275, 0.0674212947488, 7.85329175415e-05, 5.54437811218e-08],
        "max": [12.4360513687, 37.8708343506, 66.2788391113, 75.4330749512, 95.655456543, 98.4944152832, 250.172271729, 528.709655762, 716.544189453, 1022.50762939, 685.976196289, 1017.49005127, 921.554382324, 963.407836914, 774.724731445, 994.581970215, 814.171264648, 544.560668945, 286.344787598, 529.231323242, 436.682800293, 173.754226685, 234.668869019, 683.979736328, 151.599914551, 174.342224121, 152.173858643, 178.011764526, 138.974624634, 142.461105347, 168.663970947, 103.023376465, 90.1616210938, 87.126739502, 80.5928268433, 37.7990837097, 13.7349338531, 1.51133561134, 0.0526688396931, 0.00136241992004],
        "mean": [1.13606894016, 3.55470061302, 4.40290546417, 3.79143929482, 4.50644779205, 8.74779605865, 16.266916275, 34.8146133423, 17.6200466156, 27.2796268463, 24.9014720917, 85.8247833252, 56.6877593994, 17.2716464996, 28.1246261597, 25.6086120605, 31.3148403168, 28.888261795, 22.6428413391, 20.3724403381, 16.2030467987, 11.7933912277, 16.6083774567, 26.4609069824, 19.4599170685, 18.966753006, 14.5012426376, 10.4906644821, 8.73437213898, 10.7082843781, 10.7290468216, 8.59300041199, 8.33999156952, 6.72246313095, 4.64405488968, 2.34748959541, 0.783021330833, 0.112030133605, 0.00313284876756, 0.00015694918693],
        "median": [0.161232322454, 1.24114322662, 0.923249363899, 0.847233533859, 1.12008523941, 2.82318544388, 7.62498188019, 12.4011611938, 6.2072262764, 3.92396783829, 6.86923980713, 16.165512085, 12.1039676666, 5.3137178421, 6.5328207016, 5.86233139038, 5.73071479797, 6.61853265762, 5.88244056702, 5.01633262634, 3.92429351807, 2.58441495895, 4.11948108673, 11.803311348, 10.6605510712, 9.47841453552, 6.70010089874, 2.48216986656, 1.23102104664, 1.8709897995, 2.88697385788, 3.0214676857, 4.15468025208, 2.78817796707, 1.22471117973, 0.467402845621, 0.166193529963, 0.0284989904612, 0.000804513227195, 8.69420618983e-05],
        "min": [9.42381062877e-22, 1.22979130789e-20, 3.22529191503e-20, 2.16249181305e-20, 9.12401993761e-20, 6.55948345017e-20, 3.81947675166e-20, 1.69664475932e-19, 1.37475492026e-19, 3.51812141282e-19, 5.22740407018e-19, 2.41046055326e-18, 2.89130829476e-18, 1.68536147292e-18, 2.79514027674e-18, 3.86005776722e-18, 3.02865543162e-18, 4.64345612354e-18, 4.89855076624e-18, 8.47474744419e-18, 9.8129296335e-18, 9.09440498467e-18, 1.40943321117e-17, 8.1766497494e-18, 1.00086529741e-17, 9.26451385046e-18, 2.21265751513e-17, 2.16156356131e-17, 2.49019166532e-17, 1.76823438239e-17, 1.83001931475e-17, 1.44620304375e-17, 1.38755693094e-17, 1.57320256474e-17, 9.0638166728e-18, 5.75448210893e-18, 3.10208218664e-18, 1.43285011528e-18, 3.2924587869e-19, 3.4896772565e-20],
        "stdev": [2.29432153702, 5.50590801239, 8.3440990448, 8.6613407135, 10.6232290268, 14.3802652359, 24.1569061279, 52.4819030762, 37.3462944031, 90.2949447632, 46.9736595154, 142.655212402, 120.507141113, 43.391544342, 57.2346878052, 65.3341064453, 65.448135376, 60.1010856628, 37.3798561096, 39.1793022156, 36.2706832886, 22.9257698059, 30.9300918579, 41.1493644714, 23.8468284607, 24.4224090576, 19.9865074158, 20.0129184723, 18.3200950623, 20.9114322662, 18.8648109436, 13.1342782974, 11.1359014511, 9.94085216522, 8.50601005554, 4.76805639267, 1.68936955929, 0.213077440858, 0.00623802421615, 0.000188618971151],
        "var": [5.26391124725, 30.3150215149, 69.6239852905, 75.0188293457, 112.852989197, 206.792022705, 583.556152344, 2754.3503418, 1394.74560547, 8153.17773438, 2206.5246582, 20350.5117188, 14521.9707031, 1882.82617188, 3275.80957031, 4268.54589844, 4283.45849609, 3612.14038086, 1397.25378418, 1535.01757812, 1315.56237793, 525.590881348, 956.670593262, 1693.27026367, 568.671203613, 596.454101562, 399.460510254, 400.516906738, 335.625915527, 437.287963867, 355.881103516, 172.509277344, 124.008308411, 98.8205337524, 72.3522109985, 22.7343635559, 2.85396933556, 0.0454019978642, 3.89129454561e-05, 3.5577116364e-08]
    },
    "gfcc": {
        "mean": [26.1846675873, 53.6076622009, -79.9271469116, 23.5337352753, -60.2983055115, 19.3563709259, -37.0612182617, 24.767539978, -28.1124305725, 16.054895401, -7.96754646301, 2.52156162262, -5.98594760895],
        "cov": [[5292.04736328, -1445.24743652, -820.883117676, -24.0739898682, -126.115814209, 220.473678589, -45.7701263428, 120.961357117, -251.681091309, 20.8716049194, -214.940490723, 71.5818023682, -282.105712891], [-1445.24743652, 1681.99145508, 204.662216187, -38.1957931519, 262.091278076, -40.1159744263, 209.020904541, -40.1329994202, 58.9272880554, -10.9267616272, 230.376358032, -184.569885254, 129.236434937], [-820.883117676, 204.662216187, 1153.09960938, 420.995544434, 64.0037002563, 178.848251343, 14.3319816589, -66.1007080078, 130.718032837, 20.7950134277, -85.4002075195, 104.795730591, -81.5370407104], [-24.0739898682, -38.1957931519, 420.995544434, 717.261108398, 170.307357788, 101.118103027, 23.2808170319, 51.9891738892, 159.52796936, 9.12170886993, -37.8107070923, 87.1109771729, -4.2971906662], [-126.115814209, 262.091278076, 64.0037002563, 170.307357788, 439.759674072, 136.016311646, 187.833908081, 78.7725219727, 94.7231674194, 48.6153755188, 61.2333221436, -29.9426231384, 26.415769577], [220.473678589, -40.1159744263, 178.848251343, 101.118103027, 136.016311646, 331.256561279, 224.4269104, 10.8029308319, 11.8009624481, 79.149887085, 27.4116477966, 11.0203790665, -45.5187530518], [-45.7701263428, 209.020904541, 14.3319816589, 23.2808170319, 187.833908081, 224.4269104, 375.034973145, 59.4028244019, 7.01334428787, 83.6122131348, 118.83380127, -31.3118572235, 8.27152729034], [120.961357117, -40.1329994202, -66.1007080078, 51.9891738892, 78.7725219727, 10.8029308319, 59.4028244019, 210.507278442, 79.3003463745, 36.9249649048, 72.8351669312, 15.5311288834, 56.149520874], [-251.681091309, 58.9272880554, 130.718032837, 159.52796936, 94.7231674194, 11.8009624481, 7.01334428787, 79.3003463745, 205.580169678, 42.9919128418, 9.63681697845, 59.4821472168, 35.5099449158], [20.8716049194, -10.9267616272, 20.7950134277, 9.12170886993, 48.6153755188, 79.149887085, 83.6122131348, 36.9249649048, 42.9919128418, 133.795501709, 80.4607162476, 20.4732685089, 19.3509712219], [-214.940490723, 230.376358032, -85.4002075195, -37.8107070923, 61.2333221436, 27.4116477966, 118.83380127, 72.8351669312, 9.63681697845, 80.4607162476, 225.055877686, 16.4089508057, 67.2076416016], [71.5818023682, -184.569885254, 104.795730591, 87.1109771729, -29.9426231384, 11.0203790665, -31.3118572235, 15.5311288834, 59.4821472168, 20.4732685089, 16.4089508057, 179.927246094, 20.0107269287], [-282.105712891, 129.236434937, -81.5370407104, -4.2971906662, 26.415769577, -45.5187530518, 8.27152729034, 56.149520874, 35.5099449158, 19.3509712219, 67.2076416016, 20.0107269287, 137.229812622]],
        "icov": [[0.000417784118326, -1.73417392944e-05, 0.000499687856063, -0.000225977477385, 1.27856837935e-05, -0.000452527980087, 0.000263557216385, -0.000697083596606, 0.000730731233489, -0.000487736717332, 0.000608673261013, -0.000576703518163, 0.000947460532188], [-1.73417392944e-05, 0.00159680889919, -0.000749396858737, 0.000333457282977, -0.000560095882975, 0.000790457765106, -0.000751340179704, 0.00151080894284, -0.00121117697563, 0.00159467838239, -0.00219183671288, 0.00208267429844, -0.00131885788869], [0.000499687856063, -0.000749396858737, 0.00228221598081, -0.00100993912201, 0.000411284330767, -0.00154194934294, 0.000798591296189, -0.000874314631801, 0.000729578838218, -0.0012457720004, 0.00178465002682, -0.00193414732348, 0.00217121466994], [-0.000225977477385, 0.000333457282977, -0.00100993912201, 0.00241716625169, -0.000774122367147, 3.69996705558e-05, -3.5094555642e-05, 0.000330937153194, -0.00150481984019, 0.00113464775495, -0.000528669101186, 0.000191337006981, -0.000814559869468], [1.27856837935e-05, -0.000560095882975, 0.000411284330767, -0.000774122367147, 0.00390181690454, -0.000955308554694, -0.00098366709426, -0.00071344274329, -0.00106339226477, -0.000108743115561, 0.000449054263299, 0.00047023021034, 5.91545940551e-05], [-0.000452527980087, 0.000790457765106, -0.00154194934294, 3.69996705558e-05, -0.000955308554694, 0.00812236405909, -0.00462125660852, 0.0014116554521, -7.4730553024e-05, -0.00161774654407, -8.15634120954e-05, 0.000481784314616, 0.000206456301385], [0.000263557216385, -0.000751340179704, 0.000798591296189, -3.5094555642e-05, -0.00098366709426, -0.00462125660852, 0.00710627948865, -0.00163133186288, 0.00130710133817, -0.00103553547524, -0.00103587808553, -0.000152997832629, 0.000955832656473], [-0.000697083596606, 0.00151080894284, -0.000874314631801, 0.000330937153194, -0.00071344274329, 0.0014116554521, -0.00163133186288, 0.00947408750653, -0.0048507344909, 0.00248366361484, -0.00440191337839, 0.00302745425142, -0.00391817232594], [0.000730731233489, -0.00121117697563, 0.000729578838218, -0.00150481984019, -0.00106339226477, -7.4730553024e-05, 0.00130710133817, -0.0048507344909, 0.010967685841, -0.00493052741513, 0.0043033240363, -0.00438017072156, 0.00150345568545], [-0.000487736717332, 0.00159467838239, -0.0012457720004, 0.00113464775495, -0.000108743115561, -0.00161774654407, -0.00103553547524, 0.00248366361484, -0.00493052741513, 0.0143864955753, -0.0067897583358, 0.0025808007922, -0.00248248479329], [0.000608673261013, -0.00219183671288, 0.00178465002682, -0.000528669101186, 0.000449054263299, -8.15634120954e-05, -0.00103587808553, -0.00440191337839, 0.0043033240363, -0.0067897583358, 0.0120916245505, -0.0048291971907, 0.000735563808121], [-0.000576703518163, 0.00208267429844, -0.00193414732348, 0.000191337006981, 0.00047023021034, 0.000481784314616, -0.000152997832629, 0.00302745425142, -0.00438017072156, 0.0025808007922, -0.0048291971907, 0.0107449134812, -0.00388256041333], [0.000947460532188, -0.00131885788869, 0.00217121466994, -0.000814559869468, 5.91545940551e-05, 0.000206456301385, 0.000955832656473, -0.00391817232594, 0.00150345568545, -0.00248248479329, 0.000735563808121, -0.00388256041333, 0.0135109350085]]
    },
    "melbands": {
        "dmean": [0.00569531694055, 0.00219654641114, 0.000722769123968, 0.000387042411603, 0.00034890283132, 0.000492186052725, 0.000194053864107, 0.000211118065636, 0.000172605723492, 0.000301145773847, 0.000151797561557, 4.75351153e-05, 6.40448197373e-05, 5.4685613577e-05, 4.9598813348e-05, 3.71076566807e-05, 3.62485916412e-05, 3.01776453853e-05, 2.98112863675e-05, 1.62743963301e-05, 1.84244509001e-05, 1.01678078863e-05, 1.18305870274e-05, 1.58146849571e-05, 1.5020351384e-05, 9.4914703368e-06, 8.65517267812e-06, 8.02379781817e-06, 7.59998965805e-06, 5.09581286678e-06, 5.06221522301e-06, 4.23061419497e-06, 4.50560082754e-06, 5.31508658241e-06, 4.95578206028e-06, 4.62976595372e-06, 3.74341698262e-06, 4.10282427765e-06, 4.33701006841e-06, 4.61048921352e-06],
        "dmean2": [0.00779310520738, 0.00384546467103, 0.0013389949454, 0.000692381174304, 0.000538395543117, 0.000769399339333, 0.000320650695357, 0.000346101325704, 0.000267025840003, 0.00044983276166, 0.000221371505177, 7.74703730713e-05, 9.27069195313e-05, 8.47260816954e-05, 7.59255417506e-05, 5.46166702406e-05, 5.47619674762e-05, 4.64747135993e-05, 4.92237195431e-05, 2.63109723164e-05, 2.94873079838e-05, 1.60333311214e-05, 1.8769662347e-05, 2.44694565481e-05, 2.35011921177e-05, 1.48327872012e-05, 1.35758573379e-05, 1.21783677969e-05, 1.18020825539e-05, 7.71970644564e-06, 7.55305063649e-06, 6.39510517431e-06, 6.74257944411e-06, 8.22922720545e-06, 7.26982307242e-06, 6.60268187858e-06, 5.52245955987e-06, 6.13883730693e-06, 6.68564689477e-06, 7.14229918231e-06],
        "dvar": [0.000150918160216, 2.7725189284e-05, 3.68316932509e-06, 5.83954545164e-07, 3.02041030409e-07, 7.70341500811e-07, 3.0881648172e-07, 7.04913873051e-07, 1.50632331497e-07, 3.48949214413e-07, 1.14922507066e-07, 3.14144017466e-08, 2.58952592702e-08, 1.9600500778e-08, 1.31789397173e-08, 5.86086867926e-09, 5.5721431913e-09, 3.00871683123e-09, 4.63787763749e-09, 1.00059660557e-09, 1.74492609251e-09, 4.18074908026e-10, 6.16190654057e-10, 9.01143770715e-10, 9.71869029698e-10, 1.98511901361e-10, 2.0700774428e-10, 1.71957351136e-10, 1.5644491258e-10, 9.09412337102e-11, 9.41221198203e-11, 7.20822082578e-11, 8.27754947919e-11, 1.10963981059e-10, 7.89492984876e-11, 6.44826067542e-11, 4.07527622759e-11, 4.06503823658e-11, 4.92220708637e-11, 5.47734149703e-11],
        "dvar2": [0.000315869809128, 7.79543552198e-05, 1.04562204797e-05, 1.63377262652e-06, 6.64917536142e-07, 1.86561180726e-06, 8.29247767342e-07, 1.51869448928e-06, 3.44624680793e-07, 7.68005406826e-07, 2.10758543062e-07, 8.16977490103e-08, 5.72453870973e-08, 3.74576103468e-08, 2.90365562705e-08, 1.29986599262e-08, 1.14069980128e-08, 6.88223433798e-09, 1.18131708859e-08, 2.62479704638e-09, 3.99069044477e-09, 9.74240021989e-10, 1.4453328534e-09, 2.00412419993e-09, 2.56571719426e-09, 4.88196427728e-10, 4.87983320419e-10, 3.49159756663e-10, 3.42153638755e-10, 1.98825789166e-10, 1.93997484743e-10, 1.42938105796e-10, 1.70416750156e-10, 2.22787469029e-10, 1.51342494092e-10, 1.21570614686e-10, 9.05014119201e-11, 8.92014448417e-11, 1.07660311222e-10, 1.23906981897e-10],
        "max": [0.080140337348, 0.033028498292, 0.012999555096, 0.00727774901316, 0.0065667279996, 0.0106990979984, 0.00941495783627, 0.00957916118205, 0.00452399346977, 0.0056962640956, 0.00448621530086, 0.00370285008103, 0.00269139627926, 0.00170587806497, 0.00162275938783, 0.00106536829844, 0.00112571986392, 0.000505383883137, 0.00110583472997, 0.000425682112109, 0.000653350318316, 0.000210787446122, 0.000251401419519, 0.000268880685326, 0.000676786701661, 0.000177614623681, 0.000152431908646, 0.000138001705636, 0.000125242004287, 0.000106260900793, 9.23011102714e-05, 8.33844096633e-05, 7.55390574341e-05, 9.21670362004e-05, 0.000112385045213, 7.41417388781e-05, 6.4275416662e-05, 6.82270692778e-05, 7.04104240867e-05, 7.41554686101e-05],
        "mean": [0.00846224743873, 0.00298660714179, 0.000676402123645, 0.000453934277175, 0.000557491439395, 0.00077256525401, 0.00026744013303, 0.00027750202571, 0.000288937415462, 0.000512947910465, 0.00026412770967, 5.87949434703e-05, 0.000104354607174, 7.06261271262e-05, 7.10617678124e-05, 5.33438251296e-05, 5.62213572266e-05, 4.00811659347e-05, 3.00540796161e-05, 1.82839412446e-05, 1.97967510758e-05, 1.11571462185e-05, 1.30681955852e-05, 1.82363819476e-05, 2.21711306949e-05, 1.56530732056e-05, 1.20977247207e-05, 1.29994605231e-05, 1.07974383354e-05, 6.12008398093e-06, 5.8361461015e-06, 4.8125025387e-06, 5.00569740325e-06, 6.30166914561e-06, 6.02634190727e-06, 6.06813728155e-06, 4.93224479214e-06, 5.81994754612e-06, 5.81566973779e-06, 5.69664325667e-06],
        "median": [0.00225673941895, 0.00110060814768, 0.000151929445565, 0.000137202994665, 0.000260141503531, 0.00028920409386, 8.02201466286e-05, 3.40424667229e-05, 4.69813603559e-05, 0.000109222863102, 3.15602155752e-05, 1.31677534227e-05, 1.84579439519e-05, 7.89346631791e-06, 1.1351890862e-05, 1.0177385775e-05, 1.06225961645e-05, 7.70198857936e-06, 6.21462459094e-06, 4.73424415759e-06, 3.96348059439e-06, 2.26299380301e-06, 2.46290073846e-06, 4.23041728936e-06, 9.07989488041e-06, 8.08219010651e-06, 5.82663005844e-06, 6.18885951553e-06, 4.51736514151e-06, 1.85170563327e-06, 1.12346981496e-06, 6.35565470475e-07, 5.96310201217e-07, 1.14599652079e-06, 1.42810426951e-06, 1.67517850969e-06, 1.8337691472e-06, 2.91209016723e-06, 2.5918893698e-06, 2.28424164561e-06],
        "min": [1.09209832721e-23, 1.63666455065e-23, 6.50098220954e-24, 5.43620773639e-24, 1.69361060501e-24, 3.5163186916e-24, 1.86272640866e-24, 4.90373135853e-24, 4.35822378738e-24, 1.86443267536e-23, 1.46385447194e-23, 6.30697646383e-24, 9.75747023492e-24, 9.68875413918e-24, 8.18768436518e-24, 7.48089497082e-24, 8.43016443023e-24, 7.79192389308e-24, 9.32082231324e-24, 1.14206990455e-23, 1.22282188777e-23, 8.32313967122e-24, 1.13260144376e-23, 1.31130802108e-23, 5.34472038177e-24, 8.57787784587e-24, 5.93803726251e-24, 5.36428373779e-24, 1.21563181505e-23, 1.21112986475e-23, 1.31573755394e-23, 1.47952440496e-23, 1.28413121069e-23, 8.15318984438e-24, 9.98241392204e-24, 1.00395108855e-23, 8.28154145796e-24, 8.75159685011e-24, 1.3119067665e-23, 1.24933447727e-23],
        "stdev": [0.0151112573221, 0.00469881668687, 0.00154836953152, 0.000766017474234, 0.00075931585161, 0.00112693291157, 0.00055120815523, 0.000948822882492, 0.000495094864164, 0.00080068729585, 0.000600759114604, 0.000175787063199, 0.000242628710112, 0.000191966551938, 0.000149994040839, 0.000104217921034, 0.000116488889034, 7.11484681233e-05, 6.67151616653e-05, 3.47935165337e-05, 4.75450979138e-05, 2.22317466978e-05, 2.72255310847e-05, 3.50993141183e-05, 3.68045039068e-05, 1.8621189156e-05, 1.6975309336e-05, 1.75242857949e-05, 1.51931553773e-05, 1.10054443212e-05, 1.16526052807e-05, 1.02477461041e-05, 1.07292107714e-05, 1.22616547742e-05, 1.09497368612e-05, 1.02247622635e-05, 7.49876971895e-06, 7.74625732447e-06, 8.46417788125e-06, 8.7994221758e-06],
        "var": [0.000228350094403, 2.20788770093e-05, 2.39744827013e-06, 5.86782789469e-07, 5.76560580612e-07, 1.26997781535e-06, 3.03830432813e-07, 9.00264865322e-07, 2.45118911835e-07, 6.41100143639e-07, 3.60911485586e-07, 3.09010914634e-08, 5.88686930314e-08, 3.68511550164e-08, 2.24982130703e-08, 1.08613757988e-08, 1.35696609505e-08, 5.06210495743e-09, 4.45091252743e-09, 1.21058885139e-09, 2.26053620267e-09, 4.94250584904e-10, 7.41229577716e-10, 1.23196175483e-09, 1.35457156603e-09, 3.4674868532e-10, 2.88161133843e-10, 3.0710062271e-10, 2.30831964654e-10, 1.21119808627e-10, 1.35783218003e-10, 1.05016294272e-10, 1.1511597231e-10, 1.50348178352e-10, 1.1989674531e-10, 1.04545767876e-10, 5.62315506658e-11, 6.00045083066e-11, 7.1642303201e-11, 7.74298264394e-11]
    },
    "melbands128": {
