{
"lowlevel": {
    "average_loudness": 0.953038990498,
    "barkbands_crest": {
        "dmean": 2.72626566887,
        "dmean2": 4.46950769424,
        "dvar": 6.67725563049,
        "dvar2": 18.1073131561,
        "max": 25.3711395264,
        "mean": 10.1936397552,
        "median": 9.38908004761,
        "min": 2.55645370483,
        "stdev": 3.85701179504,
        "var": 14.8765392303
    },
    "barkbands_flatness_db": {
        "dmean": 0.0249253343791,
        "dmean2": 0.0373115949333,
        "dvar": 0.00051558582345,
        "dvar2": 0.00114911072887,
        "max": 0.322379291058,
        "mean": 0.152277365327,
        "median": 0.151197940111,
        "min": 0.039013363421,
        "stdev": 0.0397903546691,
        "var": 0.0015832723584
    },
    "barkbands_kurtosis": {
        "dmean": 3.46634531021,
        "dmean2": 5.46777296066,
        "dvar": 37.4803657532,
        "dvar2": 87.5629196167,
        "max": 102.802444458,
        "mean": 5.80959749222,
        "median": 3.45706796646,
        "min": -1.85482990742,
        "stdev": 8.20569515228,
        "var": 67.3334274292
    },
    "barkbands_skewness": {
        "dmean": 0.585790574551,
        "dmean2": 0.884165406227,
        "dvar": 0.452259093523,
        "dvar2": 0.976717352867,
        "max": 8.9944896698,
        "mean": 1.60744321346,
        "median": 1.46779537201,
        "min": -2.32994961739,
        "stdev": 1.17782759666,
        "var": 1.38727772236
    },
    "barkbands_spread": {
        "dmean": 5.13285779953,
        "dmean2": 7.80256509781,
        "dvar": 47.7039299011,
        "dvar2": 103.956375122,
        "max": 98.8697891235,
        "mean": 16.7474479675,
        "median": 14.8978214264,
        "min": 1.9287571907,
        "stdev": 10.4546966553,
        "var": 109.300689697
    },
    "dissonance": {
        "dmean": 0.0385867357254,
        "dmean2": 0.0655091926455,
        "dvar": 0.001094931853,
        "dvar2": 0.00299177248962,
        "max": 0.499404996634,
        "mean": 0.426657259464,
        "median": 0.434603154659,
        "min": 0.19346255064,
        "stdev": 0.0458137430251,
        "var": 0.00209889910184
    },
    "dynamic_complexity": 2.46142506599,
    "erbbands_crest": {
        "dmean": 3.54149746895,
        "dmean2": 5.61823987961,
        "dvar": 9.33953094482,
        "dvar2": 20.8459949493,
        "max": 31.620721817,
        "mean": 13.6067638397,
        "median": 12.5590028763,
        "min": 3.00981020927,
        "stdev": 6.0204334259,
        "var": 36.2456207275
    },
    "erbbands_flatness_db": {
        "dmean": 0.0214978400618,
        "dmean2": 0.0308077875525,
        "dvar": 0.000401785044232,
        "dvar2": 0.000798145134468,
        "max": 0.345864474773,
        "mean": 0.159903183579,
        "median": 0.156854793429,
        "min": 0.0571354180574,
        "stdev": 0.0446674525738,
        "var": 0.00199518119916
    },
    "erbbands_kurtosis": {
        "dmean": 1.97789824009,
        "dmean2": 3.12462568283,
        "dvar": 6.20934057236,
        "dvar2": 14.5545434952,
        "max": 37.2663116455,
        "mean": 4.11591863632,
        "median": 2.68706202507,
        "min": -1.6291757822,
        "stdev": 5.16388225555,
        "var": 26.6656799316
    },
    "erbbands_skewness": {
        "dmean": 0.451190710068,
        "dmean2": 0.697951257229,
        "dvar": 0.195470064878,
        "dvar2": 0.413088768721,
        "max": 5.22645998001,
        "mean": 1.08410000801,
        "median": 1.01354515553,
        "min": -2.66873717308,
        "stdev": 0.864662528038,
        "var": 0.747641324997
    },
    "erbbands_spread": {
        "dmean": 7.49699163437,
        "dmean2": 11.2910680771,
        "dvar": 76.1296920776,
        "dvar2": 162.088760376,
        "max": 109.890968323,
        "mean": 27.2247486115,
        "median": 24.1164970398,
        "min": 3.25987291336,
        "stdev": 16.3571205139,
        "var": 267.555389404
    },
    "hfc": {
        "dmean": 7.51573133469,
        "dmean2": 11.3375663757,
        "dvar": 104.768829346,
        "dvar2": 246.067138672,
        "max": 127.380111694,
        "mean": 23.1590385437,
        "median": 17.7077255249,
        "min": 1.11797694951e-16,
        "stdev": 18.3974132538,
        "var": 338.46484375
    },
    "loudness_ebu128": {
        "integrated": -7.9415307045,
        "loudness_range": 2.06102132797,
        "momentary": {
            "dmean": 0.46378749609,
            "dmean2": 0.539036750793,
            "dvar": 0.140329912305,
            "dvar2": 0.182500004768,
            "max": -4.69202423096,
            "mean": -8.16937828064,
            "median": -8.05249214172,
            "min": -13.1273088455,
            "stdev": 1.42885506153,
            "var": 2.04162693024
        },
        "short_term": {
            "dmean": 0.0746076256037,
            "dmean2": 0.0727090090513,
            "dvar": 0.00321538350545,
            "dvar2": 0.00331953377463,
            "max": -6.63589954376,
            "mean": -7.96846628189,
            "median": -8.04273223877,
            "min": -9.36602973938,
            "stdev": 0.748816490173,
            "var": 0.560726165771
        }
    },
    "melbands_crest": {
        "dmean": 3.22538948059,
        "dmean2": 5.30583667755,
        "dvar": 8.6059551239,
        "dvar2": 22.4783306122,
        "max": 32.697883606,
        "mean": 13.5301904678,
        "median": 12.8113908768,
        "min": 2.50096607208,
        "stdev": 4.59968233109,
        "var": 21.1570796967
    },
    "melbands_flatness_db": {
        "dmean": 0.0277140289545,
        "dmean2": 0.0417740345001,
        "dvar": 0.000712407461833,
        "dvar2": 0.00147433299571,
        "max": 0.399790614843,
        "mean": 0.232282608747,
        "median": 0.231581032276,
        "min": 0.00525242369622,
        "stdev": 0.0484179928899,
        "var": 0.00234430213459
    },
    "melbands_kurtosis": {
        "dmean": 6.26281452179,
        "dmean2": 10.0346717834,
        "dvar": 146.184020996,
        "dvar2": 331.671478271,
        "max": 190.609710693,
        "mean": 10.604552269,
        "median": 5.76163673401,
        "min": -1.73287677765,
        "stdev": 15.9014310837,
        "var": 252.855514526
    },
    "melbands_skewness": {
        "dmean": 0.738458275795,
        "dmean2": 1.15640962124,
        "dvar": 0.712221026421,
        "dvar2": 1.57875812054,
        "max": 10.4448518753,
        "mean": 1.99217557907,
        "median": 1.82726097107,
        "min": -1.00105285645,
        "stdev": 1.44940364361,
        "var": 2.10077095032
    },
    "melbands_spread": {
        "dmean": 5.16098690033,
        "dmean2": 7.81544399261,
        "dvar": 88.7535400391,
        "dvar2": 151.417526245,
        "max": 224.573562622,
        "mean": 17.470293045,
        "median": 15.6319179535,
        "min": 1.20017969608,
        "stdev": 13.3548650742,
        "var": 178.352416992
    },
    "pitch_salience": {
        "dmean": 0.0731046125293,
        "dmean2": 0.119693897665,
        "dvar": 0.00417214864865,
        "dvar2": 0.0106340469792,
        "max": 0.831562995911,
        "mean": 0.509823858738,
        "median": 0.509649038315,
        "min": 0.177271381021,
        "stdev": 0.104147791862,
        "var": 0.0108467629179
    },
    "silence_rate_20dB": {
        "dmean": 0,
        "dmean2": 0,
        "dvar": 0,
        "dvar2": 0,
        "max": 1,
        "mean": 1,
        "median": 1,
        "min": 1,
        "stdev": 0,
        "var": 0
    },
    "silence_rate_30dB": {
        "dmean": 0.00154679035768,
        "dmean2": 0.0030959751457,
        "dvar": 0.0015443925513,
        "dvar2": 0.00463434727862,
        "max": 1,
        "mean": 0.99922722578,
        "median": 1,
        "min": 0,
        "stdev": 0.0277884788811,
        "var": 0.000772199593484
    },
    "silence_rate_60dB": {
        "dmean": 0.0100541375577,
        "dmean2": 0.0193498451263,
        "dvar": 0.00995305646211,
        "dvar2": 0.0251669194549,
        "max": 1,
        "mean": 0.0069551775232,
        "median": 0,
        "min": 0,
        "stdev": 0.0831076279283,
        "var": 0.00690687727183
    },
    "spectral_centroid": {
        "dmean": 156.154708862,
        "dmean2": 230.484420776,
        "dvar": 115470.882812,
        "dvar2": 139368.078125,
        "max": 11093.3730469,
        "mean": 839.57208252,
        "median": 772.657409668,
        "min": 234.905639648,
        "stdev": 457.700317383,
        "var": 209489.578125
    },
    "spectral_complexity": {
        "dmean": 2.64114451408,
        "dmean2": 4.16176462173,
        "dvar": 6.9988451004,
        "dvar2": 15.43126297,
        "max": 31,
        "mean": 13.2341575623,
        "median": 13,
        "min": 0,
        "stdev": 4.44458341599,
        "var": 19.7543201447
    },
    "spectral_decrease": {
        "dmean": 2.75598321942e-09,
        "dmean2": 4.26753032912e-09,
        "dvar": 1.18111771362e-17,
        "dvar2": 2.64578400767e-17,
        "max": -1.78368918464e-28,
        "mean": -8.80092798639e-09,
        "median": -7.64339880277e-09,
        "min": -4.15773939721e-08,
        "stdev": 5.38123368088e-09,
        "var": 2.89576774952e-17
    },
    "spectral_energy": {
        "dmean": 0.0109032662585,
        "dmean2": 0.0168368108571,
        "dvar": 0.000180552990059,
        "dvar2": 0.000404668535339,
        "max": 0.158825516701,
        "mean": 0.0353173203766,
        "median": 0.0305105596781,
        "min": 1.08135738204e-20,
        "stdev": 0.0215249937028,
        "var": 0.000463325326564
    },
    "spectral_energyband_high": {
        "dmean": 0.000359003170161,
        "dmean2": 0.00056133576436,
        "dvar": 4.90775505568e-07,
        "dvar2": 1.1998968148e-06,
        "max": 0.00542956404388,
        "mean": 0.000646871339995,
        "median": 0.000377639138605,
        "min": 7.76908791604e-21,
        "stdev": 0.000823027396109,
        "var": 6.77374089264e-07
    },
    "spectral_energyband_low": {
        "dmean": 0.00701083289459,
        "dmean2": 0.0114372009411,
        "dvar": 0.000139079027576,
        "dvar2": 0.000320851628203,
        "max": 0.14824333787,
        "mean": 0.0127053027973,
        "median": 0.0104055525735,
        "min": 4.57578042321e-23,
        "stdev": 0.0130373351276,
        "var": 0.000169972103322
    },
    "spectral_energyband_middle_high": {
        "dmean": 0.00302333454601,
        "dmean2": 0.00439649727196,
        "dvar": 2.66426559392e-05,
        "dvar2": 5.50966105948e-05,
        "max": 0.0942677482963,
        "mean": 0.00875298213214,
        "median": 0.00397613923997,
        "min": 1.75449975853e-21,
        "stdev": 0.013029593043,
        "var": 0.00016977028281
    },
    "spectral_energyband_middle_low": {
        "dmean": 0.00571151543409,
        "dmean2": 0.00901592150331,
        "dvar": 5.37535597687e-05,
        "dvar2": 0.000135086447699,
        "max": 0.0798014700413,
        "mean": 0.0153185361996,
        "median": 0.0126724233851,
        "min": 4.25627490653e-22,
        "stdev": 0.0116357989609,
        "var": 0.00013539181964
    },
    "spectral_entropy": {
        "dmean": 0.219523638487,
        "dmean2": 0.309907019138,
        "dvar": 0.0422399491072,
        "dvar2": 0.0828761160374,
        "max": 9.80578708649,
        "mean": 7.28258037567,
        "median": 7.24926948547,
        "min": 5.8136048317,
        "stdev": 0.400738328695,
        "var": 0.160591214895
    },
    "spectral_flux": {
        "dmean": 0.0321625582874,
        "dmean2": 0.0503048375249,
        "dvar": 0.000980051234365,
        "dvar2": 0.00217059138231,
        "max": 0.295519173145,
        "mean": 0.097218029201,
        "median": 0.0859412625432,
        "min": 1.03988331834e-10,
        "stdev": 0.0508046224713,
        "var": 0.00258110975847
    },
    "spectral_kurtosis": {
        "dmean": 1.33524382114,
        "dmean2": 2.06078624725,
        "dvar": 1.47436404228,
        "dvar2": 3.40316319466,
        "max": 14.3221683502,
        "mean": 5.09447240829,
        "median": 4.92487430573,
        "min": -1.17258727551,
        "stdev": 2.30711054802,
        "var": 5.32275915146
    },
    "spectral_rms": {
        "dmean": 0.000891875301022,
        "dmean2": 0.00134480197448,
        "dvar": 8.82235895006e-07,
        "dvar2": 1.76926380391e-06,
        "max": 0.0124479606748,
        "mean": 0.00559756532311,
        "median": 0.00545585900545,
        "min": 3.24804983257e-12,
        "stdev": 0.00176725524943,
        "var": 3.12319093609e-06
    },
    "spectral_rolloff": {
        "dmean": 328.859283447,
        "dmean2": 536.347473145,
        "dvar": 972897.5,
        "dvar2": 1762409.375,
        "max": 18130.9570312,
        "mean": 1003.10809326,
        "median": 796.728515625,
        "min": 86.1328125,
        "stdev": 1255.87414551,
        "var": 1577219.75
    },
    "spectral_skewness": {
        "dmean": 0.214133992791,
        "dmean2": 0.319932669401,
        "dvar": 0.0359878763556,
        "dvar2": 0.0737132281065,
        "max": 3.21360349655,
        "mean": 2.00814509392,
        "median": 2.03249835968,
        "min": 0.0129074929282,
        "stdev": 0.394001364708,
        "var": 0.155237063766
    },
    "spectral_spread": {
        "dmean": 771157.25,
        "dmean2": 1122697.75,
        "dvar": 1.30623615795e+12,
        "dvar2": 1.80352476774e+12,
        "max": 40213652,
        "mean": 5841380,
        "median": 5647354.5,
        "min": 3147470.75,
        "stdev": 1750779.375,
        "var": 3.06522829619e+12
    },
    "spectral_strongpeak": {
        "dmean": 0.799646854401,
        "dmean2": 1.32335281372,
        "dvar": 1.27965509892,
        "dvar2": 2.89905166626,
        "max": 11.2692489624,
        "mean": 1.57650113106,
        "median": 0.482492208481,
        "min": 7.88188458944e-10,
        "stdev": 1.96888232231,
        "var": 3.87649774551
    },
    "zerocrossingrate": {
        "dmean": 0.0111587177962,
        "dmean2": 0.0132433064282,
        "dvar": 0.000361009733751,
        "dvar2": 0.000393070629798,
        "max": 0.49755859375,
        "mean": 0.0528788976371,
        "median": 0.0458984375,
        "min": 0.009765625,
        "stdev": 0.0335160680115,
        "var": 0.00112332671415
    },
    "barkbands": {
        "dmean": [7.11719912942e-05, 0.00527747953311, 0.00251843803562, 0.00115277641453, 0.00140867428854, 0.00113149732351, 0.00114635808859, 0.000714563240763, 0.0022456003353, 0.00236649136059, 0.000805474235676, 0.000629605550785, 0.000715399859473, 0.000381670106435, 0.000311902491376, 6.697322533e-05, 5.95880774199e-05, 3.76996904379e-05, 4.11806759075e-05, 2.42530350079e-05, 3.15376128128e-05, 7.06234350218e-05, 4.79550617456e-05, 7.45109427953e-05, 6.72027454129e-05, 0.00011403013923, 5.63875209991e-06],
        "dmean2": [0.000117971569125, 0.00866819545627, 0.00417326996103, 0.00192129518837, 0.00231129606254, 0.00182340852916, 0.00191466230899, 0.00114046724048, 0.00360400229692, 0.00348751526326, 0.00129816716071, 0.000989624648355, 0.00116767350119, 0.000584484485444, 0.000486652192194, 0.000108811967948, 9.7271760751e-05, 6.00328567089e-05, 6.6554377554e-05, 3.87774307455e-05, 5.09962374053e-05, 0.000112037596409, 7.41328476579e-05, 0.000117496070743, 0.000106833562313, 0.000183122625458, 9.51884794631e-06],
        "dvar": [2.04571612983e-08, 9.03973414097e-05, 1.85937951755e-05, 3.63828553418e-06, 2.67442851509e-06, 3.70207430933e-06, 5.05868592882e-06, 4.14549958805e-06, 2.91010910587e-05, 3.00423198496e-05, 5.9838935158e-06, 3.89172328141e-06, 4.00161798098e-06, 8.77120726273e-07, 3.03272258861e-07, 2.44700899543e-08, 1.08504520924e-08, 5.743331144e-09, 6.56103349428e-09, 1.29764887724e-09, 2.70572053651e-09, 1.50713859171e-08, 7.20483539496e-09, 1.91580813436e-08, 1.60274833405e-08, 6.51903704352e-08, 1.34813410435e-10],
        "dvar2": [5.68650087018e-08, 0.00022344700119, 5.03727533214e-05, 9.73900660028e-06, 7.89809382695e-06, 9.17262514122e-06, 1.22630344777e-05, 9.86179475149e-06, 7.13808985893e-05, 6.28471170785e-05, 1.73767984961e-05, 8.71679185366e-06, 1.03884021883e-05, 1.90501134512e-06, 7.12912481049e-07, 6.28611260822e-08, 2.68944067017e-08, 1.2155495277e-08, 1.68842788639e-08, 2.93189494904e-09, 6.66993127396e-09, 3.61578962327e-08, 1.60804010108e-08, 4.84173661164e-08, 3.63871635045e-08, 1.66219066955e-07, 3.49067857952e-10],
        "max": [0.00151481246576, 0.107230737805, 0.0440183542669, 0.0196450054646, 0.0177708119154, 0.0292053446174, 0.0325789898634, 0.0357485972345, 0.0735728591681, 0.0892601832747, 0.0434480234981, 0.0386168509722, 0.0399194024503, 0.0125922551379, 0.00856081955135, 0.00261987186968, 0.001238167868, 0.0014435579069, 0.00148506544065, 0.000542177003808, 0.000570156029426, 0.000952934438828, 0.00125640141778, 0.00157416961156, 0.00196017092094, 0.0019000438042, 0.000113728507131],
        "mean": [9.06978384592e-05, 0.00741092115641, 0.00419840961695, 0.00185547734145, 0.00261810841039, 0.0019297034014, 0.00162866094615, 0.00105465878733, 0.00378202181309, 0.00519066676497, 0.00133862940129, 0.00105309765786, 0.00107189442497, 0.000572478980757, 0.000540804758202, 9.77258314379e-05, 8.74960824149e-05, 5.79454754188e-05, 6.99204028933e-05, 4.67586651212e-05, 5.91901298321e-05, 0.000125177393784, 8.51573277032e-05, 0.000127442399389, 9.95740192593e-05, 0.000119964264741, 4.75674005429e-06],
        "median": [3.57974349754e-05, 0.00484261382371, 0.0029531493783, 0.00121542345732, 0.00185091048479, 0.00111965858378, 0.000483669573441, 0.000322354782838, 0.000607757596299, 0.000926583539695, 0.00020897842478, 0.000212770202779, 0.000156500551384, 0.000131782551762, 0.000132052256959, 3.7381752918e-05, 4.5535616664e-05, 2.4649549232e-05, 4.0019651351e-05, 2.79608284472e-05, 3.36939338013e-05, 6.72819369356e-05, 4.04143574997e-05, 6.57409837004e-05, 4.44436373073e-05, 3.92333386117e-05, 8.317849165e-07],
        "min": [7.80952416874e-24, 1.20557588954e-23, 2.18678459151e-23, 5.05103811638e-24, 1.22512433609e-22, 8.86027932143e-23, 3.60486682937e-23, 1.8967366872e-23, 1.17096619505e-22, 9.49459101572e-23, 3.12955920132e-23, 1.72204145181e-22, 9.73511849226e-23, 1.62881147189e-22, 7.25752411457e-23, 2.38172960235e-22, 2.02706834165e-22, 2.27132037762e-22, 2.7944391612e-22, 3.27629685913e-22, 5.0506828292e-22, 5.87384062979e-22, 7.82746513764e-22, 1.18005503388e-21, 1.07934488553e-21, 1.38280223248e-21, 2.27916794066e-21],
        "stdev": [0.000168835860677, 0.00976247806102, 0.00461939442903, 0.00216899090447, 0.00240256357938, 0.0024720847141, 0.00295510655269, 0.0023218379356, 0.00749063910916, 0.0119164995849, 0.00361821241677, 0.00281185540371, 0.00278588221408, 0.00126976869069, 0.00093379948521, 0.000189433645573, 0.000119176896987, 0.000106215848064, 9.8471675301e-05, 5.81817730563e-05, 6.91992099746e-05, 0.000160339157446, 0.000122755707707, 0.000173621476279, 0.000163022676134, 0.000249473610893, 1.05240051198e-05],
        "var": [2.85055481442e-08, 9.53059716267e-05, 2.13388029806e-05, 4.70452141599e-06, 5.77231230636e-06, 6.11120321992e-06, 8.73265526025e-06, 5.39093161933e-06, 5.61096712772e-05, 0.000142002973007, 1.30914613692e-05, 7.90653029981e-06, 7.76114029577e-06, 1.61231264428e-06, 8.7198145593e-07, 3.58851046656e-08, 1.4203132892e-08, 1.12818057119e-08, 9.69667013351e-09, 3.3851188519e-09, 4.78853090513e-09, 2.57086458788e-08, 1.50689647427e-08, 3.01444167405e-08, 2.65763908658e-08, 6.22370848191e-08, 1.10754690141e-10]
    },
    "erbbands": {
        "dmean": [0.102692402899, 1.35073769093, 2.89760375023, 3.23188948631, 4.62909173965, 4.53048467636, 7.28492879868, 9.63982486725, 15.6720457077, 14.8128471375, 19.8734817505, 49.9188461304, 80.1395874023, 44.5427970886, 29.9720344543, 29.8579788208, 31.6835327148, 21.6278057098, 17.5707988739, 9.08561229706, 3.01174855232, 3.07936048508, 2.26731133461, 1.72040235996, 2.01799249649, 1.14230823517, 1.30289793015, 1.66558718681, 2.66832470894, 1.57686460018, 1.35049629211, 2.22207546234, 0.773129463196, 0.543094575405, 0.647047162056, 0.616247177124, 0.175952464342, 0.0212060082704, 0.000625341781415, 2.60509932559e-05],
        "dmean2": [0.171514108777, 2.22817635536, 4.80638885498, 5.31966733932, 7.78330278397, 7.54943275452, 11.9505767822, 15.8421096802, 25.7461929321, 25.2327251434, 31.2496318817, 77.9855270386, 121.288749695, 60.7190513611, 47.7290000916, 45.8002510071, 49.5019035339, 32.7104873657, 27.4036464691, 14.5539388657, 4.81296062469, 5.05981302261, 3.60094356537, 2.78512620926, 3.26532483101, 1.80658960342, 2.09120607376, 2.6506023407, 4.2405295372, 2.39355611801, 2.15687894821, 3.55238699913, 1.2031263113, 0.869107246399, 1.03392529488, 0.989495158195, 0.288168221712, 0.0339201949537, 0.00102402712218, 4.04800266551e-05],
        "dvar": [0.0407296568155, 5.95531511307, 27.1704158783, 27.9806690216, 43.3090133667, 31.3086700439, 124.283073425, 299.643859863, 863.658935547, 1168.84997559, 3947.17163086, 14640.0322266, 40038.4023438, 17044.4667969, 8072.32421875, 8369.22949219, 8034.15234375, 2795.69262695, 916.353820801, 489.081634521, 37.4225273132, 32.6770591736, 20.9131507874, 13.4452705383, 18.2957420349, 2.65181303024, 3.82600426674, 8.76261234283, 23.6253452301, 6.56446838379, 6.21056318283, 20.9953632355, 1.78129589558, 1.27120029926, 1.52782762051, 2.04584050179, 0.151516437531, 0.00134950014763, 1.38010398132e-06, 1.39756772821e-09],
        "dvar2": [0.102445669472, 14.7436246872, 71.0864334106, 74.3772888184, 125.372039795, 88.6192169189, 342.339630127, 730.74041748, 2038.29821777, 3030.66357422, 9646.08789062, 34455.6601562, 95323.8828125, 24458.328125, 24778.296875, 18767.8554688, 20512.140625, 6133.53759766, 2202.56323242, 1181.17785645, 92.2194061279, 82.5338363647, 44.5338134766, 33.7279701233, 47.2117347717, 5.89454507828, 9.17614936829, 22.2815093994, 58.6509666443, 12.9352760315, 14.2776174545, 53.9457130432, 4.04242181778, 2.715498209, 3.65024709702, 5.20410919189, 0.392281651497, 0.00322685670108, 3.43647980117e-06, 3.34382899148e-09],
        "max": [1.96330916882, 29.1679325104, 56.2891845703, 58.2587203979, 77.1094894409, 61.710609436, 177.561935425, 204.746917725, 480.984619141, 511.673278809, 1366.77929688, 1713.44152832, 2794.80541992, 3472.49755859, 1774.74853516, 1930.48474121, 1918.20275879, 685.97253418, 472.222137451, 387.058013916, 83.8272781372, 62.5721626282, 79.1235046387, 79.2827987671, 98.7209854126, 28.3869838715, 24.8894309998, 24.132484436, 37.6484680176, 36.0514984131, 31.0097484589, 40.523979187, 21.4577713013, 24.2062034607, 15.6630315781, 10.1437768936, 3.08476138115, 0.322811752558, 0.0104957018048, 0.000349358597305],
        "mean": [0.130810007453, 1.93673813343, 5.08891916275, 5.77100038528, 7.378033638, 8.2028131485, 12.6643314362, 15.8067131042, 23.8616981506, 21.0926914215, 33.5697860718, 93.0628433228, 148.753387451, 109.007217407, 56.5576171875, 53.7548179626, 51.3037223816, 35.1263275146, 33.0203437805, 14.7157497406, 5.01283550262, 4.54369306564, 3.67491412163, 2.96530032158, 3.40528106689, 2.34094214439, 2.405854702, 2.70498394966, 4.4543056488, 3.46110844612, 2.29209899902, 3.36619734764, 1.47254836559, 0.84682649374, 0.880488455296, 0.67192620039, 0.179492875934, 0.021468501538, 0.000619753263891, 6.01362080488e-05],
        "median": [0.0673878118396, 1.32248651981, 3.83323788643, 4.38032197952, 4.99903678894, 5.57038593292, 8.03663635254, 8.23893928528, 8.23558712006, 8.92939567566, 10.275094986, 18.8264083862, 35.912815094, 21.3566913605, 15.6113023758, 13.404466629, 10.5613708496, 9.52205085754, 12.320558548, 5.39869308472, 2.32938623428, 2.29447364807, 1.66989254951, 1.75342178345, 1.94041109085, 1.47058391571, 1.4088613987, 1.42569041252, 2.17903089523, 1.71944689751, 1.14434432983, 1.48112916946, 0.837214946747, 0.392410665751, 0.376809000969, 0.205558747053, 0.0592759028077, 0.00691709434614, 0.000184096192243, 4.81329589093e-05],
        "min": [6.50239540652e-22, 1.94500999531e-21, 2.01303659379e-20, 2.90900777559e-20, 1.46106139441e-19, 6.2100176067e-19, 4.27580592922e-19, 7.96973992835e-19, 4.61763702489e-19, 4.16469437645e-19, 9.05696803092e-19, 2.30355221538e-18, 3.22423360206e-18, 2.47098349753e-18, 3.34125401614e-18, 5.73878470245e-18, 4.69876969111e-18, 6.22828868226e-18, 5.129647245e-18, 9.45041524851e-18, 1.08085018849e-17, 1.21538300875e-17, 1.11046978915e-17, 1.32570632043e-17, 1.58188068198e-17, 1.45642484546e-17, 2.25618673681e-17, 1.66518852302e-17, 1.85631522099e-17, 2.1829478345e-17, 2.78821706453e-17, 2.48016855241e-17, 1.78944594027e-17, 1.12818708797e-17, 8.05777975948e-18, 5.21773701716e-18, 2.51118737043e-18, 1.23174803271e-18, 3.15492475892e-19, 3.19859692258e-20],
        "stdev": [0.210017129779, 2.46949648857, 5.50732183456, 5.91462135315, 7.75435781479, 8.22179985046, 14.6597290039, 22.0506954193, 40.2954177856, 42.4174423218, 70.5764846802, 184.519851685, 293.930267334, 352.377166748, 136.877029419, 132.35899353, 128.240264893, 73.5026016235, 52.5771980286, 31.2214927673, 7.66764163971, 6.36567401886, 6.30769348145, 4.06256103516, 5.21324396133, 2.74233746529, 2.77432966232, 3.51744556427, 6.00738143921, 4.55733060837, 3.22902560234, 5.18416309357, 2.03896212578, 1.52201080322, 1.46589481831, 1.41553032398, 0.368592113256, 0.037630867213, 0.00113477313425, 4.5564625907e-05],
        "var": [0.0441071949899, 6.09841299057, 30.3305912018, 34.9827461243, 60.130065918, 67.5979919434, 214.907653809, 486.233184814, 1623.72058105, 1799.23937988, 4981.04003906, 34047.578125, 86395.0078125, 124169.671875, 18735.3222656, 17518.9042969, 16445.5644531, 5402.63232422, 2764.36157227, 974.781616211, 58.7927284241, 40.5218048096, 39.7869949341, 16.5044021606, 27.1779117584, 7.52041435242, 7.69690465927, 12.372423172, 36.088634491, 20.7692623138, 10.4266061783, 26.8755493164, 4.15736675262, 2.31651687622, 2.14884757996, 2.00372624397, 0.135860145092, 0.0014160820283, 1.28771011987e-06, 2.07613526371e-09]
    },
    "gfcc": {
        "mean": [17.0025444031, 89.8355407715, -85.9535064697, 10.2444553375, -62.2418327332, 32.6953468323, -32.7554664612, 11.3095617294, -27.5173912048, 7.22936105728, -23.3791999817, 3.77013301849, -14.502207756],
        "cov": [[3202.2734375, -310.924682617, -243.972900391, -146.219802856, -42.4263420105, 196.020614624, 1.30364823341, 75.4535522461, -12.3777284622, 25.9299564362, -138.973892212, 17.4922618866, -73.9553146362], [-310.924682617, 802.243530273, 116.674797058, 145.166351318, 126.268249512, -60.5084228516, 41.3706665039, -4.95806932449, 12.4287967682, -55.931892395, 56.4572257996, -106.214958191, 4.94956111908], [-243.972900391, 116.674797058, 478.611846924, 184.566818237, 93.5660705566, -59.1031684875, -90.0832672119, 21.7603492737, 29.3053035736, 18.611825943, -30.6742286682, 2.30121684074, -34.8147010803], [-146.219802856, 145.166351318, 184.566818237, 287.361572266, 72.4032058716, -12.28074646, -58.185459137, -12.4603052139, 43.2079658508, -2.58691287041, -17.3614044189, -31.3937149048, 0.784601867199], [-42.4263420105, 126.268249512, 93.5660705566, 72.4032058716, 192.304855347, 16.8644275665, 11.3406257629, 8.82523822784, 11.1635961533, 1.69339239597, -3.06089115143, -9.58936309814, -23.9618225098], [196.020614624, -60.5084228516, -59.1031684875, -12.28074646, 16.8644275665, 171.405105591, 74.2269287109, -12.5713825226, -15.723277092, -16.5831508636, -0.044659845531, 4.42416524887, -0.878663122654], [1.30364823341, 41.3706665039, -90.0832672119, -58.185459137, 11.3406257629, 74.2269287109, 184.992828369, 23.7385673523, -72.8093109131, -29.9941539764, 36.8997039795, -3.47180366516, -10.2022180557], [75.4535522461, -4.95806932449, 21.7603492737, -12.4603052139, 8.82523822784, -12.5713825226, 23.7385673523, 111.093193054, 23.5339374542, -18.0493106842, -3.23176240921, 1.5572000742, -3.96658158302], [-12.3777284622, 12.4287967682, 29.3053035736, 43.2079658508, 11.1635961533, -15.723277092, -72.8093109131, 23.5339374542, 148.106399536, 34.743888855, -45.8268051147, -7.01088190079, 25.9924869537], [25.9299564362, -55.931892395, 18.611825943, -2.58691287041, 1.69339239597, -16.5831508636, -29.9941539764, -18.0493106842, 34.743888855, 104.369499207, 24.4479446411, 12.6523313522, -6.69841432571], [-138.973892212, 56.4572257996, -30.6742286682, -17.3614044189, -3.06089115143, -0.044659845531, 36.8997039795, -3.23176240921, -45.8268051147, 24.4479446411, 120.801185608, 28.2437496185, -17.0870685577], [17.4922618866, -106.214958191, 2.30121684074, -31.3937149048, -9.58936309814, 4.42416524887, -3.47180366516, 1.5572000742, -7.01088190079, 12.6523313522, 28.2437496185, 92.7935333252, 11.1043338776], [-73.9553146362, 4.94956111908, -34.8147010803, 0.784601867199, -23.9618225098, -0.878663122654, -10.2022180557, -3.96658158302, 25.9924869537, -6.69841432571, -17.0870685577, 11.1043338776, 77.0375061035]],
        "icov": [[0.000492291699629, -0.000277626357274, 0.000498923589475, -4.42290074716e-05, 0.000200272406801, -0.000869332929142, 0.000680023164023, -0.000952790782321, 0.000814176804852, -0.000926463108044, 0.00135961314663, -0.000662230188027, 0.000851492630318], [-0.000277626357274, 0.00289266183972, -0.00106726691592, -0.000161130796187, -0.00154396472499, 0.00203388882801, -0.00184593757149, 0.00203236821108, -0.00239404686727, 0.00314323347993, -0.00409874599427, 0.00384251121432, -0.00191182049457], [0.000498923589475, -0.00106726691592, 0.00433764187619, -0.00210406747647, -0.000324462394929, -0.000680826778989, 0.00225973012857, -0.00271490123123, 0.00250125816092, -0.0026032126043, 0.00364043493755, -0.00289745419286, 0.00273483549245], [-4.42290074716e-05, -0.000161130796187, -0.00210406747647, 0.00574104255065, -0.00110218301415, -0.000526645453647, 0.000807179894764, 0.00135492591653, -0.00148190464824, 0.00134255620651, -0.00139627186581, 0.00201017735526, -0.00119633227587], [0.000200272406801, -0.00154396472499, -0.000324462394929, -0.00110218301415, 0.00733176665381, -0.0017282612389, -0.000246557610808, -0.00115791568533, 0.000391672656406, -0.00175095442683, 0.00234106532298, -0.00210642907768, 0.00286302971654], [-0.000869332929142, 0.00203388882801, -0.000680826778989, -0.000526645453647, -0.0017282612389, 0.010299095884, -0.00588280009106, 0.00461862469092, -0.00393359642476, 0.0039483862929, -0.00321937422268, 0.00168914557435, -0.00151592597831], [0.000680023164023, -0.00184593757149, 0.00225973012857, 0.000807179894764, -0.000246557610808, -0.00588280009106, 0.0122361071408, -0.00590459629893, 0.00683116680011, -0.00250697392039, 0.00192080787383, -0.00106011400931, 0.00101307651494], [-0.000952790782321, 0.00203236821108, -0.00271490123123, 0.00135492591653, -0.00115791568533, 0.00461862469092, -0.00590459629893, 0.0148778986186, -0.00785897485912, 0.00701442174613, -0.0054682912305, 0.00244468008168, -0.000913084717467], [0.000814176804852, -0.00239404686727, 0.00250125816092, -0.00148190464824, 0.000391672656406, -0.00393359642476, 0.00683116680011, -0.00785897485912, 0.0159715916961, -0.00905149057508, 0.0085809007287, -0.00286885583773, -0.00120121682994], [-0.000926463108044, 0.00314323347993, -0.0026032126043, 0.00134255620651, -0.00175095442683, 0.0039483862929, -0.00250697392039, 0.00701442174613, -0.00905149057508, 0.0180234182626, -0.0101906806231, 0.00378303229809, -0.000936374359298], [0.00135961314663, -0.00409874599427, 0.00364043493755, -0.00139627186581, 0.00234106532298, -0.00321937422268, 0.00192080787383, -0.0054682912305, 0.0085809007287, -0.0101906806231, 0.0202676281333, -0.00980289559811, 0.00601935293525], [-0.000662230188027, 0.00384251121432, -0.00289745419286, 0.00201017735526, -0.00210642907768, 0.00168914557435, -0.00106011400931, 0.00244468008168, -0.00286885583773, 0.00378303229809, -0.00980289559811, 0.018693972379, -0.00643493561074], [0.000851492630318, -0.00191182049457, 0.00273483549245, -0.00119633227587, 0.00286302971654, -0.00151592597831, 0.00101307651494, -0.000913084717467, -0.00120121682994, -0.000936374359298, 0.00601935293525, -0.00643493561074, 0.018715955317]]
    },
    "melbands": {
        "dmean": [0.00123593816534, 0.00149834901094, 0.000563170586247, 0.000308454880724, 0.000240485518589, 0.000219331748667, 0.000238893757341, 0.000151884436491, 0.000195176835405, 0.000334241311066, 0.000404194404837, 0.000186411722098, 0.000113585236249, 7.94036823208e-05, 8.20414788905e-05, 6.17030746071e-05, 4.14924252254e-05, 2.96644557238e-05, 1.7516547814e-05, 7.6004444054e-06, 3.40954125022e-06, 3.22910932482e-06, 3.20154390465e-06, 1.55190195983e-06, 1.47704668052e-06, 1.7529428078e-06, 9.83499035101e-07, 8.02217186902e-07, 9.2352735237e-07, 7.37536652196e-07, 1.23128722862e-06, 1.76029470822e-06, 1.14256022243e-06, 8.97598795291e-07, 7.17601039923e-07, 1.23825009268e-06, 1.44127761814e-06, 6.05003606324e-07, 3.86733404412e-07, 5.18287038176e-07],
        "dmean2": [0.00204863096587, 0.00247263209894, 0.000931529793888, 0.000515377440024, 0.000395293056499, 0.000358440389391, 0.000391847483115, 0.000256245752098, 0.000310870527755, 0.000517916691024, 0.000612328469288, 0.000252877100138, 0.000182362389751, 0.000121044715343, 0.000124438243802, 0.000101576428278, 6.17452751612e-05, 4.71034509246e-05, 2.77076142083e-05, 1.23140180222e-05, 5.44609520148e-06, 5.33672755409e-06, 5.06820106239e-06, 2.5396179808e-06, 2.39755604525e-06, 2.80191602542e-06, 1.57382214638e-06, 1.29531088078e-06, 1.48694618929e-06, 1.18017339901e-06, 1.97873873731e-06, 2.82365067505e-06, 1.76947355612e-06, 1.36385915539e-06, 1.14261081308e-06, 2.06105846701e-06, 2.27841519518e-06, 9.42558983752e-07, 6.22775814918e-07, 8.37594882341e-07],
        "dvar": [5.2254399634e-06, 6.8752920015e-06, 7.50198694277e-07, 1.5091835337e-07, 1.11293722682e-07, 1.47462515088e-07, 1.9505834814e-07, 1.12671934005e-07, 3.50314138586e-07, 6.41987355721e-07, 9.92910372588e-07, 3.31784207219e-07, 1.15602126982e-07, 5.41439497681e-08, 4.45299512819e-08, 3.00649105611e-08, 1.12439551003e-08, 2.71803068941e-09, 9.44088585086e-10, 4.34715707875e-10, 5.55672209634e-11, 3.8360023491e-11, 3.71738126392e-11, 8.6265517299e-12, 1.24382431438e-11, 1.27568181713e-11, 3.03100166493e-12, 1.40370961382e-12, 1.72251611846e-12, 1.58214804105e-12, 5.31524520578e-12, 1.17631668295e-11, 3.28753842725e-12, 2.40144709673e-12, 1.79159410831e-12, 7.09900801338e-12, 8.27845344359e-12, 9.96509949211e-13, 7.25028273096e-13, 1.14316119505e-12],
        "dvar2": [1.29161799123e-05, 1.69808699866e-05, 1.98470365831e-06, 4.4442040803e-07, 3.09396170906e-07, 3.55706617938e-07, 4.62984189653e-07, 2.95718791676e-07, 8.75314754012e-07, 1.51138988258e-06, 2.3383934149e-06, 4.78488573208e-07, 3.37736253186e-07, 1.15853652005e-07, 1.07970606678e-07, 7.49732720351e-08, 2.40318147604e-08, 6.49942988318e-09, 2.28774443833e-09, 1.04733977047e-09, 1.36870278999e-10, 9.54681264598e-11, 7.8786095703e-11, 2.06384909163e-11, 3.16231485442e-11, 2.99767606571e-11, 7.62168887031e-12, 3.26933142017e-12, 4.19411033681e-12, 3.69478883253e-12, 1.35547051014e-11, 2.99355713829e-11, 7.27121921701e-12, 4.9273259084e-12, 3.96360028132e-12, 1.78619705832e-11, 2.12636904612e-11, 2.24772262435e-12, 1.6084242228e-12, 2.47090542471e-12],
        "max": [0.0230244789273, 0.0332302749157, 0.00956180226058, 0.00407895026729, 0.00501266028732, 0.0047815288417, 0.007386631798, 0.00459269294515, 0.0131257139146, 0.0114660831168, 0.0138553688303, 0.0151994181797, 0.00623778253794, 0.00472437171265, 0.00390505953692, 0.00241462048143, 0.00142489944119, 0.000648687302601, 0.000470174680231, 0.000324745196849, 9.9505756225e-05, 8.4106461145e-05, 0.000104627295514, 3.82917969546e-05, 7.90691919974e-05, 8.85175541043e-05, 2.30369041674e-05, 1.9315039026e-05, 1.45001731653e-05, 2.10873531614e-05, 2.28859953495e-05, 2.70869695669e-05, 2.40540302912e-05, 2.34468316194e-05, 2.19872472371e-05, 2.27925793297e-05, 3.03934175463e-05, 1.38674340633e-05, 1.8586679289e-05, 2.15118325286e-05],
        "mean": [0.00166085234378, 0.00265514547937, 0.00105413643178, 0.000554563535843, 0.000439122057287, 0.000365114829037, 0.000359402940376, 0.000215289677726, 0.00033360539237, 0.000589120259974, 0.000738413596991, 0.000454344524769, 0.000191622428247, 0.000132881410536, 0.000129159976495, 9.00883824215e-05, 6.34040261502e-05, 5.23422750121e-05, 2.77005128737e-05, 1.20057948152e-05, 4.99407724419e-06, 4.48484433946e-06, 4.76181412523e-06, 2.38972825173e-06, 2.29583633882e-06, 2.85659598376e-06, 1.67872713064e-06, 1.51575000018e-06, 1.57229612796e-06, 1.25334349832e-06, 1.77735910256e-06, 2.61639820565e-06, 2.3074260298e-06, 1.81715972758e-06, 1.24223322473e-06, 1.60081162903e-06, 2.2160950266e-06, 1.11680856207e-06, 6.08623054177e-07, 7.42233453366e-07],
        "median": [0.00098894815892, 0.00215890165418, 0.000833959202282, 0.000389269378502, 0.000301273365039, 0.000195362867089, 0.000116525276098, 9.91980341496e-05, 8.13684891909e-05, 0.000103310369013, 0.000156156515004, 6.27096524113e-05, 3.51113631041e-05, 2.92723943858e-05, 3.36085504387e-05, 1.20848353617e-05, 1.25760989249e-05, 1.81783507287e-05, 8.38348569232e-06, 3.69471285921e-06, 2.14488159145e-06, 2.10887401408e-06, 2.22011021833e-06, 1.09760719624e-06, 1.28813542233e-06, 1.54161989485e-06, 8.89791635927e-07, 9.22114224977e-07, 8.46403281685e-07, 6.75373257764e-07, 8.12532050531e-07, 1.20928734759e-06, 1.16543492368e-06, 8.1782172856e-07, 5.50131403543e-07, 6.71306565891e-07, 8.93244248346e-07, 5.85690600019e-07, 2.79292322602e-07, 2.95198788081e-07],
        "min": [4.86978312391e-24, 7.59621854655e-24, 6.44285223273e-24, 2.99442259509e-23, 1.70997118576e-23, 1.75112574364e-23, 7.30025055669e-24, 3.72082496482e-24, 9.3336704908e-24, 1.57584100827e-23, 1.64866612269e-23, 1.0177158436e-23, 7.71166124028e-24, 1.95437307374e-23, 1.22717876655e-23, 9.2097301874e-24, 1.27182371839e-23, 1.00638456667e-23, 7.52746537436e-24, 1.61005153915e-23, 1.26856422401e-23, 1.27058015806e-23, 1.04206640202e-23, 1.04836427306e-23, 1.01813867304e-23, 1.36213764241e-23, 1.03788023274e-23, 8.49510819311e-24, 1.47547391976e-23, 1.02510754917e-23, 9.82988924374e-24, 8.70942197954e-24, 1.49263227553e-23, 1.03529568776e-23, 1.95025111774e-23, 1.15211407602e-23, 1.56274023745e-23, 1.19975851368e-23, 1.25054782423e-23, 8.58346929196e-24],
        "stdev": [0.00236117257737, 0.00274726049975, 0.000993607798591, 0.00053103803657, 0.000464127107989, 0.000498362525832, 0.000603706343099, 0.000408874213463, 0.000695238413755, 0.00117535167374, 0.00148854183499, 0.00158429192379, 0.000514808401931, 0.000336780038197, 0.000282744382275, 0.000246641284321, 0.000147678947542, 8.37440311443e-05, 4.54223845736e-05, 2.89136696665e-05, 8.7093339971e-06, 6.76766194374e-06, 7.97322991275e-06, 3.96501900468e-06, 3.66308086086e-06, 4.67132349513e-06, 2.30899445341e-06, 1.872298526e-06, 1.89785009752e-06, 1.67605617207e-06, 2.67117775365e-06, 3.85132034353e-06, 3.01645013678e-06, 2.71333510682e-06, 1.88415879165e-06, 2.73892646874e-06, 3.45734656548e-06, 1.56640624027e-06, 1.13872647489e-06, 1.4176384866e-06],
        "var": [5.57513612875e-06, 7.54744041842e-06, 9.87256498775e-07, 2.82001423102e-07, 2.15413962223e-07, 2.48365182642e-07, 3.64461357094e-07, 1.67178129118e-07, 4.83356416225e-07, 1.38145162509e-06, 2.21575669457e-06, 2.5099807317e-06, 2.65027665591e-07, 1.1342079631e-07, 7.99443924393e-08, 6.08319226103e-08, 2.18090736581e-08, 7.0130630192e-09, 2.06319294982e-09, 8.36000269011e-10, 7.58525048328e-11, 4.58012482107e-11, 6.35723973463e-11, 1.57213755902e-11, 1.34181606798e-11, 2.18212652808e-11, 5.33145489562e-12, 3.50550166152e-12, 3.60183519295e-12, 2.80916435946e-12, 7.13519044196e-12, 1.48326698146e-11, 9.09897157619e-12, 7.36218724873e-12, 3.55005456455e-12, 7.50171799679e-12, 1.19532448176e-11, 2.45362844625e-12, 1.29669788362e-12, 2.00969883096e-12]
    },
    "melbands128": {
