{
"lowlevel": {
    "average_loudness": 0.978637814522,
    "barkbands_crest": {
        "dmean": 1.94356310368,
        "dmean2": 3.09712386131,
        "dvar": 3.10243606567,
        "dvar2": 7.28691196442,
        "max": 21.3459854126,
        "mean": 11.1234006882,
        "median": 10.4218120575,
        "min": 2.87867331505,
        "stdev": 3.48241686821,
        "var": 12.1272277832
    },
    "barkbands_flatness_db": {
        "dmean": 0.0194625835866,
        "dmean2": 0.0282329842448,
        "dvar": 0.000410373817431,
        "dvar2": 0.000827589072287,
        "max": 0.354318976402,
        "mean": 0.215364575386,
        "median": 0.210379853845,
        "min": 0.0266324058175,
        "stdev": 0.0422879867256,
        "var": 0.00178827380296
    },
    "barkbands_kurtosis": {
        "dmean": 3.1615486145,
        "dmean2": 4.9550909996,
        "dvar": 16.3919086456,
        "dvar2": 42.6802062988,
        "max": 55.5214576721,
        "mean": 7.69687223434,
        "median": 5.71536636353,
        "min": -1.34355211258,
        "stdev": 6.7807674408,
        "var": 45.9788093567
    },
    "barkbands_skewness": {
        "dmean": 0.436592370272,
        "dmean2": 0.66664147377,
        "dvar": 0.209308877587,
        "dvar2": 0.479847073555,
        "max": 5.71211528778,
        "mean": 2.01664376259,
        "median": 1.84424710274,
        "min": -1.70597791672,
        "stdev": 0.949400424957,
        "var": 0.901361167431
    },
    "barkbands_spread": {
        "dmean": 2.11162257195,
        "dmean2": 3.20737862587,
        "dvar": 13.980670929,
        "dvar2": 28.3912143707,
        "max": 75.9988937378,
        "mean": 8.62520217896,
        "median": 7.6566400528,
        "min": 1.98513400555,
        "stdev": 5.74688911438,
        "var": 33.0267372131
    },
    "dissonance": {
        "dmean": 0.0313161425292,
        "dmean2": 0.051949635148,
        "dvar": 0.00101159489714,
        "dvar2": 0.00265642488375,
        "max": 0.498491019011,
        "mean": 0.426778674126,
        "median": 0.435078918934,
        "min": 0,
        "stdev": 0.0441908016801,
        "var": 0.00195282686036
    },
    "dynamic_complexity": 2.16384577751,
    "erbbands_crest": {
        "dmean": 2.22233557701,
        "dmean2": 3.5554432869,
        "dvar": 3.68109416962,
        "dvar2": 8.75957775116,
        "max": 22.4901638031,
        "mean": 9.48342132568,
        "median": 8.94730567932,
        "min": 3.43741035461,
        "stdev": 3.24702358246,
        "var": 10.5431623459
    },
    "erbbands_flatness_db": {
        "dmean": 0.0153686320409,
        "dmean2": 0.0214131847024,
        "dvar": 0.000282512570266,
        "dvar2": 0.000493677565828,
        "max": 0.284606903791,
        "mean": 0.179991930723,
        "median": 0.181886911392,
        "min": 0.072125479579,
        "stdev": 0.0365850888193,
        "var": 0.00133846874814
    },
    "erbbands_kurtosis": {
        "dmean": 1.02199757099,
        "dmean2": 1.62409484386,
        "dvar": 0.983498394489,
        "dvar2": 2.33724808693,
        "max": 10.8639917374,
        "mean": 1.91671621799,
        "median": 1.61405467987,
        "min": -1.6804009676,
        "stdev": 1.86179971695,
        "var": 3.46629834175
    },
    "erbbands_skewness": {
        "dmean": 0.293279588223,
        "dmean2": 0.460985273123,
        "dvar": 0.0655905380845,
        "dvar2": 0.162360832095,
        "max": 2.84726977348,
        "mean": 0.893090724945,
        "median": 0.881043672562,
        "min": -1.81370055676,
        "stdev": 0.496756523848,
        "var": 0.246767044067
    },
    "erbbands_spread": {
        "dmean": 5.21878051758,
        "dmean2": 7.61398124695,
        "dvar": 67.1622619629,
        "dvar2": 122.245140076,
        "max": 125.772537231,
        "mean": 25.6859703064,
        "median": 21.4377403259,
        "min": 7.07788324356,
        "stdev": 14.9409732819,
        "var": 223.232681274
    },
    "hfc": {
        "dmean": 3.49850678444,
        "dmean2": 4.94492530823,
        "dvar": 23.4073581696,
        "dvar2": 44.9789161682,
        "max": 74.3691711426,
        "mean": 15.2883787155,
        "median": 12.4594545364,
        "min": 1.14633415675e-16,
        "stdev": 10.6282272339,
        "var": 112.959220886
    },
    "loudness_ebu128": {
        "integrated": -13.4615678787,
        "loudness_range": 1.30633163452,
        "momentary": {
            "dmean": 0.460094094276,
            "dmean2": 0.395551085472,
            "dvar": 0.167603835464,
            "dvar2": 0.166107416153,
            "max": -11.1320972443,
            "mean": -13.6939105988,
            "median": -13.4484119415,
            "min": -21.8495769501,
            "stdev": 1.52585732937,
            "var": 2.32824063301
        },
        "short_term": {
            "dmean": 0.0596444532275,
            "dmean2": 0.0503422059119,
            "dvar": 0.00186206388753,
            "dvar2": 0.00196861289442,
            "max": -12.4996986389,
            "mean": -13.5036697388,
            "median": -13.5181865692,
            "min": -14.5514783859,
            "stdev": 0.445057362318,
            "var": 0.198076054454
        }
    },
    "melbands_crest": {
        "dmean": 2.11411237717,
        "dmean2": 3.45594882965,
        "dvar": 4.2613492012,
        "dvar2": 10.7362976074,
        "max": 27.2974281311,
        "mean": 13.24609375,
        "median": 12.734744072,
        "min": 1.74200129509,
        "stdev": 3.68360233307,
        "var": 13.5689268112
    },
    "melbands_flatness_db": {
        "dmean": 0.0220835916698,
        "dmean2": 0.0318605005741,
        "dvar": 0.000641686434392,
        "dvar2": 0.00124303239863,
        "max": 0.465288043022,
        "mean": 0.302972018719,
        "median": 0.296295881271,
        "min": 0.00555848143995,
        "stdev": 0.0521431528032,
        "var": 0.00271890824661
    },
    "melbands_kurtosis": {
        "dmean": 5.5650510788,
        "dmean2": 8.67603969574,
        "dvar": 77.6173782349,
        "dvar2": 170.932983398,
        "max": 127.604858398,
        "mean": 13.2558984756,
        "median": 8.97490692139,
        "min": -1.19609427452,
        "stdev": 13.7337532043,
        "var": 188.615982056
    },
    "melbands_skewness": {
        "dmean": 0.543573021889,
        "dmean2": 0.834379792213,
        "dvar": 0.396839082241,
        "dvar2": 0.815119147301,
        "max": 9.9274597168,
        "mean": 2.5351896286,
        "median": 2.26872205734,
        "min": -0.0415001474321,
        "stdev": 1.25253021717,
        "var": 1.56883203983
    },
    "melbands_spread": {
        "dmean": 2.29623889923,
        "dmean2": 3.51438951492,
        "dvar": 44.4421539307,
        "dvar2": 79.3170318604,
        "max": 155.987808228,
        "mean": 8.85626220703,
        "median": 7.29329776764,
        "min": 1.68011343479,
        "stdev": 8.0833234787,
        "var": 65.3401107788
    },
    "pitch_salience": {
        "dmean": 0.0575491711497,
        "dmean2": 0.094668276608,
        "dvar": 0.00265960791148,
        "dvar2": 0.00677882414311,
        "max": 0.837233245373,
        "mean": 0.524824023247,
        "median": 0.526980519295,
        "min": 0.27297604084,
        "stdev": 0.0876678600907,
        "var": 0.00768565386534
    },
    "silence_rate_20dB": {
        "dmean": 0,
        "dmean2": 0,
        "dvar": 0,
        "dvar2": 0,
        "max": 1,
        "mean": 1,
        "median": 1,
        "min": 1,
        "stdev": 0,
        "var": 0
    },
    "silence_rate_30dB": {
        "dmean": 0.00928074214607,
        "dmean2": 0.0185758508742,
        "dvar": 0.00919461715966,
        "dvar2": 0.0244227889925,
        "max": 1,
        "mean": 0.992272019386,
        "median": 1,
        "min": 0,
        "stdev": 0.0875683948398,
        "var": 0.00766822416335
    },
    "silence_rate_60dB": {
        "dmean": 0.00232018553652,
        "dmean2": 0.00464396271855,
        "dvar": 0.00231490167789,
        "dvar2": 0.00462228897959,
        "max": 1,
        "mean": 0.00386398774572,
        "median": 0,
        "min": 0,
        "stdev": 0.0620395876467,
        "var": 0.00384891056456
    },
    "spectral_centroid": {
        "dmean": 101.617469788,
        "dmean2": 153.062347412,
        "dvar": 109905.484375,
        "dvar2": 147488.640625,
        "max": 10848.7333984,
        "mean": 530.622680664,
        "median": 483.819213867,
        "min": 207.237976074,
        "stdev": 394.342773438,
        "var": 155506.21875
    },
    "spectral_complexity": {
        "dmean": 1.959010005,
        "dmean2": 3.08436536789,
        "dvar": 3.17000794411,
        "dvar2": 6.91780996323,
        "max": 31,
        "mean": 12.8570327759,
        "median": 12,
        "min": 0,
        "stdev": 3.7116484642,
        "var": 13.7763338089
    },
    "spectral_decrease": {
        "dmean": 2.81336842711e-09,
        "dmean2": 4.42622072327e-09,
        "dvar": 1.05262480076e-17,
        "dvar2": 2.54047150799e-17,
        "max": -1.20521313505e-28,
        "mean": -1.24323937811e-08,
        "median": -1.21367920158e-08,
        "min": -4.37874554393e-08,
        "stdev": 5.9593805446e-09,
        "var": 3.55142154327e-17
    },
    "spectral_energy": {
        "dmean": 0.0108673656359,
        "dmean2": 0.0170639064163,
        "dvar": 0.000156930691446,
        "dvar2": 0.000377063348424,
        "max": 0.170463502407,
        "mean": 0.0483094155788,
        "median": 0.0469831302762,
        "min": 1.08524642339e-20,
        "stdev": 0.0232237614691,
        "var": 0.000539343105629
    },
    "spectral_energyband_high": {
        "dmean": 0.000101106212242,
        "dmean2": 0.000137194874696,
        "dvar": 1.34776641403e-07,
        "dvar2": 2.45241665198e-07,
        "max": 0.00872255768627,
        "mean": 0.000206491051358,
        "median": 9.13393378141e-05,
        "min": 7.73574462098e-21,
        "stdev": 0.000579957617447,
        "var": 3.36350808539e-07
    },
    "spectral_energyband_low": {
        "dmean": 0.00645587639883,
        "dmean2": 0.010439010337,
        "dvar": 9.65126237134e-05,
        "dvar2": 0.000240059176576,
        "max": 0.125892311335,
        "mean": 0.0240897461772,
        "median": 0.0229733288288,
        "min": 7.33188593002e-23,
        "stdev": 0.0141962785274,
        "var": 0.000201534319785
    },
    "spectral_energyband_middle_high": {
        "dmean": 0.000848283059895,
        "dmean2": 0.0012108188821,
        "dvar": 1.94209246729e-06,
        "dvar2": 4.04997854275e-06,
        "max": 0.0309727601707,
        "mean": 0.00267487647943,
        "median": 0.00151445716619,
        "min": 1.73578802834e-21,
        "stdev": 0.00298617873341,
        "var": 8.91726358532e-06
    },
    "spectral_energyband_middle_low": {
        "dmean": 0.00776229612529,
        "dmean2": 0.0124327437952,
        "dvar": 7.70587575971e-05,
        "dvar2": 0.000194358435692,
        "max": 0.0901890918612,
        "mean": 0.0257904157043,
        "median": 0.0241771843284,
        "min": 3.56717322517e-22,
        "stdev": 0.0162739902735,
        "var": 0.000264842732577
    },
    "spectral_entropy": {
        "dmean": 0.173966497183,
        "dmean2": 0.255980074406,
        "dvar": 0.038460765034,
        "dvar2": 0.0701130479574,
        "max": 9.78820228577,
        "mean": 6.89042282104,
        "median": 6.85207080841,
        "min": 5.92686748505,
        "stdev": 0.405992895365,
        "var": 0.164830237627
    },
    "spectral_flux": {
        "dmean": 0.0250129792839,
        "dmean2": 0.0400313399732,
        "dvar": 0.000734996690881,
        "dvar2": 0.00175729417242,
        "max": 0.31445094943,
        "mean": 0.0817725583911,
        "median": 0.0706892162561,
        "min": 1.04175161553e-10,
        "stdev": 0.0427858904004,
        "var": 0.00183063233271
    },
    "spectral_kurtosis": {
        "dmean": 3.17558026314,
        "dmean2": 5.12610387802,
        "dvar": 13.2631082535,
        "dvar2": 34.0714569092,
        "max": 50.849861145,
        "mean": 10.1664199829,
        "median": 8.79437446594,
        "min": -1.18468594551,
        "stdev": 6.28329849243,
        "var": 39.479839325
    },
    "spectral_rms": {
        "dmean": 0.000764584867284,
        "dmean2": 0.00118665525224,
        "dvar": 6.60213970605e-07,
        "dvar2": 1.45004753449e-06,
        "max": 0.0128959622234,
        "mean": 0.00663630943745,
        "median": 0.00677031744272,
        "min": 3.25388544234e-12,
        "stdev": 0.00175800162833,
        "var": 3.09056986225e-06
    },
    "spectral_rolloff": {
        "dmean": 134.661300659,
        "dmean2": 216.364822388,
        "dvar": 437344.40625,
        "dvar2": 701862.1875,
        "max": 18389.3554688,
        "mean": 509.941070557,
        "median": 387.59765625,
        "min": 129.19921875,
        "stdev": 713.648010254,
        "var": 509293.5
    },
    "spectral_skewness": {
        "dmean": 0.316134929657,
        "dmean2": 0.490831077099,
        "dvar": 0.105159290135,
        "dvar2": 0.233266845345,
        "max": 5.62262821198,
        "mean": 2.55677843094,
        "median": 2.51000738144,
        "min": 0.00250188820064,
        "stdev": 0.671375453472,
        "var": 0.450745016336
    },
    "spectral_spread": {
        "dmean": 521862.46875,
        "dmean2": 711988.9375,
        "dvar": 1.01895693926e+12,
        "dvar2": 960841449472,
        "max": 40117868,
        "mean": 3795084,
        "median": 3538769.5,
        "min": 1314935,
        "stdev": 1746737.125,
        "var": 3.05109060813e+12
    },
    "spectral_strongpeak": {
        "dmean": 0.299262046814,
        "dmean2": 0.530696451664,
        "dvar": 0.288115054369,
        "dvar2": 0.728418707848,
        "max": 4.39941549301,
        "mean": 0.681568205357,
        "median": 0.475575655699,
        "min": 0,
        "stdev": 0.64992159605,
        "var": 0.422398090363
    },
    "zerocrossingrate": {
        "dmean": 0.00507238507271,
        "dmean2": 0.00618325825781,
        "dvar": 0.000250509678153,
        "dvar2": 0.000264209666057,
        "max": 0.50048828125,
        "mean": 0.0241967123002,
        "median": 0.021484375,
        "min": 0.00244140625,
        "stdev": 0.0203983895481,
        "var": 0.000416094262619
    },
    "barkbands": {
        "dmean": [2.66673996521e-05, 0.00330582214519, 0.00250464957207, 0.00476581882685, 0.00218820176087, 0.00209561316296, 0.000879652565345, 0.00142826593947, 0.000816287240013, 0.000346943415934, 0.000252651487244, 0.000237078857026, 0.000267454772256, 0.00018950914091, 9.76165538304e-05, 4.85076780024e-05, 5.32565936737e-05, 1.67042180692e-05, 1.36001362989e-05, 2.09006375371e-05, 1.84212585737e-05, 2.64156442427e-05, 1.9283967049e-05, 2.01063958229e-05, 2.09283807635e-05, 5.84305689699e-06, 1.45665865148e-07],
        "dmean2": [4.05436148867e-05, 0.00492869969457, 0.00440435856581, 0.0080393217504, 0.0035035724286, 0.00339578883722, 0.00130213482771, 0.00204842351377, 0.00116342958063, 0.000531965575647, 0.000365363724995, 0.000368288339814, 0.000428572151577, 0.000291727279546, 0.000150138061144, 7.62565396144e-05, 8.80024817889e-05, 2.67278592219e-05, 2.14764895645e-05, 3.20028630085e-05, 2.89839299512e-05, 3.9323065721e-05, 2.84029138129e-05, 2.84023190034e-05, 2.87376442429e-05, 8.32310433907e-06, 2.45827891376e-07],
        "dvar": [6.33775565362e-09, 2.5865934731e-05, 3.2157786336e-05, 3.94378694182e-05, 6.52030621495e-06, 6.87154124535e-06, 4.94509504279e-06, 7.52556388761e-06, 2.71060912382e-06, 4.07828252946e-07, 2.3656237147e-07, 3.25953607216e-07, 4.70991352586e-07, 2.08212767916e-07, 8.6042327041e-08, 1.12232738658e-08, 1.01910115902e-08, 8.96970886455e-10, 1.8430937887e-09, 5.21469045722e-09, 5.58864465816e-09, 9.18194942301e-09, 4.96781282777e-09, 8.81629258487e-09, 5.71389024984e-09, 4.44671521826e-10, 1.87940280201e-13],
        "dvar2": [1.40639402346e-08, 5.71926648263e-05, 9.25610511331e-05, 0.000111829191155, 1.64115353982e-05, 1.56034820975e-05, 1.04574373836e-05, 1.43848210428e-05, 5.57238354304e-06, 1.03604759261e-06, 5.33007494141e-07, 7.49309151615e-07, 1.22114465739e-06, 4.70849471412e-07, 1.85360264027e-07, 2.51793572659e-08, 2.65062496396e-08, 2.35943042881e-09, 4.32634772451e-09, 1.20264980197e-08, 1.37550442147e-08, 1.88278121982e-08, 9.31012689165e-09, 1.26227064356e-08, 9.54678736065e-09, 7.10225767087e-10, 4.86305928252e-13],
        "max": [0.00106427643914, 0.0486075952649, 0.0631336122751, 0.0678983181715, 0.0317410044372, 0.0381444357336, 0.0427105911076, 0.0478313453496, 0.0321462377906, 0.0124408164993, 0.00671874545515, 0.0121593121439, 0.00843212660402, 0.0066782142967, 0.00472704926506, 0.00154964078683, 0.00138449552469, 0.000450454623206, 0.00101340457331, 0.00156333635096, 0.00155816087499, 0.00325654842891, 0.00250192452222, 0.0030513824895, 0.00192249764223, 0.000489216763526, 7.76108936407e-06],
        "mean": [3.50130358129e-05, 0.0152512155473, 0.00451965071261, 0.00792228989303, 0.00511048780754, 0.00510653667152, 0.00164494651835, 0.00368091394193, 0.00193236325867, 0.000679873744957, 0.000503351620864, 0.000488204008434, 0.000476918678032, 0.000314363715006, 0.000167753387359, 9.54565475695e-05, 9.71898043645e-05, 3.3106720366e-05, 2.45767860179e-05, 3.63833351003e-05, 2.92470176646e-05, 4.83386247652e-05, 3.30988768837e-05, 3.3232900023e-05, 3.52943825419e-05, 9.49969580688e-06, 1.51433553697e-07],
        "median": [3.96735049435e-06, 0.0165038369596, 0.00258426181972, 0.00515823205933, 0.00365139590576, 0.00372335547581, 0.000647833978292, 0.00101928156801, 0.000913680880331, 0.00034472317202, 0.000167869409779, 0.000134485133458, 0.000100831253803, 9.75760412985e-05, 4.43529061158e-05, 3.34315336659e-05, 4.72805986647e-05, 2.06106997211e-05, 1.43151473821e-05, 1.58242273756e-05, 1.13163832793e-05, 1.82273579412e-05, 1.02442800198e-05, 9.59638964559e-06, 8.14501345303e-06, 2.47839170697e-06, 2.68615814036e-08],
        "min": [7.45723072138e-24, 2.82015754133e-23, 1.78159376061e-23, 2.04973026442e-23, 7.79479203356e-23, 2.51024469947e-23, 1.40676902585e-23, 5.89692964185e-23, 1.11484814486e-22, 8.89853655098e-23, 1.35613595709e-22, 6.17899096059e-23, 9.48162529788e-23, 1.32739983691e-22, 1.66282261028e-22, 1.24170669719e-22, 3.09440169026e-22, 1.96102957672e-22, 2.90315227188e-22, 2.92106660884e-22, 3.97174779793e-22, 5.88379517089e-22, 1.00040255238e-21, 9.6397550538e-22, 1.16785179744e-21, 1.4918027662e-21, 2.12121360217e-21],
        "stdev": [0.000101247242128, 0.0082568237558, 0.00634451210499, 0.00869754515588, 0.00477046519518, 0.00460667721927, 0.00318067986518, 0.0059213237837, 0.00297611276619, 0.000985049060546, 0.000857810198795, 0.00100585108157, 0.000942809681874, 0.000613526033703, 0.000413068861235, 0.000171570471139, 0.000130419284687, 4.18698000431e-05, 5.28815398866e-05, 9.29117813939e-05, 9.05414199224e-05, 0.000139208088513, 0.000107266881969, 0.000144180259667, 0.000115438655484, 3.20702238241e-05, 4.72503415949e-07],
        "var": [1.02510036015e-08, 6.81751407683e-05, 4.02528348786e-05, 7.56472873036e-05, 2.2757340048e-05, 2.12214763451e-05, 1.01167242974e-05, 3.50620757672e-05, 8.85724784894e-06, 9.70321707428e-07, 7.3583834137e-07, 1.01173645817e-06, 8.88890099304e-07, 3.76414220682e-07, 1.70625895635e-07, 2.94364266296e-08, 1.70091905005e-08, 1.75308023653e-09, 2.79645728796e-09, 8.63259863593e-09, 8.19774914618e-09, 1.93788913805e-08, 1.15061844497e-08, 2.07879491398e-08, 1.33260824597e-08, 1.02849917472e-09, 2.23259480564e-13]
    },
    "erbbands": {
        "dmean": [0.0736201182008, 0.811825633049, 2.09007787704, 10.7371511459, 11.7364931107, 5.7095913887, 9.48806095123, 19.5890979767, 15.6607303619, 17.7957839966, 35.4298057556, 17.8647079468, 16.3718681335, 7.66593790054, 7.97269773483, 9.91868877411, 11.4855985641, 9.19244670868, 6.39587402344, 2.61029696465, 2.89694857597, 2.64549946785, 1.08998978138, 0.579649090767, 0.783708274364, 0.971457064152, 0.765215098858, 0.810596525669, 0.963914513588, 0.800569117069, 0.487915605307, 0.431929886341, 0.330378830433, 0.267234027386, 0.14449095726, 0.0422394834459, 0.00798090733588, 0.00084029242862, 2.31287085626e-05, 1.23963454826e-05],
        "dmean2": [0.112708136439, 1.21057271957, 3.62051105499, 18.2793369293, 19.4853076935, 9.06362056732, 13.5366802216, 31.9996471405, 25.6557483673, 26.2954216003, 49.752696991, 25.7280712128, 24.2511291504, 11.7686367035, 11.7251729965, 15.1059617996, 17.7236251831, 13.6981210709, 9.48670578003, 3.98829746246, 4.54186058044, 4.24992656708, 1.75217533112, 0.89823102951, 1.23375165462, 1.47206556797, 1.16214966774, 1.27588260174, 1.44337916374, 1.18355596066, 0.732845187187, 0.607126116753, 0.459585607052, 0.382321536541, 0.19567450881, 0.0581471063197, 0.0112689398229, 0.00126147444826, 3.39049875038e-05, 1.92730640265e-05],
        "dvar": [0.0230759810656, 1.3994679451, 19.6237564087, 241.632980347, 278.200805664, 67.9100952148, 178.873199463, 656.299194336, 836.823669434, 1864.69445801, 4847.25244141, 1516.99182129, 749.997070312, 193.300506592, 276.352355957, 572.253356934, 848.622009277, 547.710205078, 339.308807373, 37.4646110535, 34.6331367493, 22.7421474457, 3.21976804733, 1.41016054153, 7.81204462051, 9.97847270966, 8.47564220428, 13.7018165588, 8.67488002777, 7.02279090881, 3.04784584045, 2.65092587471, 3.02350759506, 1.11367464066, 0.236055493355, 0.0246832296252, 0.000784711330198, 9.06090826902e-06, 4.38075264952e-09, 2.07911701744e-10],
        "dvar2": [0.0562964826822, 3.0072453022, 55.1740951538, 666.468139648, 826.247375488, 169.516418457, 413.7550354, 1514.87463379, 1752.57067871, 4293.25439453, 8980.52832031, 3433.71362305, 1661.27734375, 441.475097656, 591.960632324, 1163.56542969, 1981.37329102, 1170.15368652, 716.678833008, 75.4357376099, 70.6786575317, 58.3781852722, 8.20273208618, 3.43176198006, 17.6953010559, 21.5407733917, 20.2569446564, 34.5527267456, 17.0173950195, 14.2965812683, 5.39143323898, 4.06521177292, 4.50336122513, 2.03777909279, 0.398180514574, 0.0418514460325, 0.00146254629362, 1.86931520147e-05, 8.63180016353e-09, 4.78033113094e-10],
        "max": [1.5543949604, 12.0053100586, 55.3238296509, 203.525146484, 195.111206055, 151.928573608, 203.218841553, 284.45098877, 563.370483398, 812.651000977, 1198.48120117, 758.027099609, 449.259979248, 295.610076904, 258.015319824, 504.473052979, 420.800170898, 374.396392822, 346.068817139, 90.7679748535, 84.2900924683, 81.1652603149, 25.0724468231, 28.9262580872, 67.5595321655, 76.8490982056, 62.2670288086, 87.8441848755, 94.1788101196, 76.9566497803, 58.9012832642, 41.6211929321, 60.1361236572, 25.1338977814, 13.4448242188, 3.64695858955, 0.596205472946, 0.0727457925677, 0.00138626911212, 0.000226323856623],
        "mean": [0.281958550215, 3.90915513039, 5.57844018936, 18.5584774017, 23.7835159302, 12.4088802338, 25.3031139374, 42.9336051941, 28.5064296722, 37.7648277283, 89.6776733398, 42.5706138611, 39.5050392151, 18.2722930908, 17.0776805878, 22.1735630035, 23.5693244934, 16.5400505066, 12.085395813, 5.7809343338, 6.06198978424, 5.24527263641, 2.39405822754, 1.22383999825, 1.42150092125, 1.71484982967, 1.21029210091, 1.2854924202, 1.73551702499, 1.44185042381, 0.843164265156, 0.721909463406, 0.524481296539, 0.425254911184, 0.236934304237, 0.0692064538598, 0.0124291311949, 0.00119419384282, 5.26983421878e-05, 5.5382210121e-05],
        "median": [0.267559111118, 4.16202402115, 4.39051914215, 11.7251663208, 15.1789302826, 9.09757041931, 17.5338287354, 28.257774353, 15.8287410736, 15.8783082962, 25.1361026764, 21.2198753357, 20.2785873413, 8.39108276367, 6.37713766098, 6.4268579483, 5.40256118774, 5.3559551239, 3.20125293732, 1.98675441742, 2.23113250732, 2.65812110901, 1.60053038597, 0.830254435539, 0.770750880241, 0.73294532299, 0.472941756248, 0.506102085114, 0.629544079304, 0.512409925461, 0.248786151409, 0.213431090117, 0.121956601739, 0.0710651874542, 0.0646799206734, 0.0199060104787, 0.00333627592772, 0.00036436872324, 3.55045594915e-05, 5.3166593716e-05],
        "min": [1.24267781652e-21, 4.88069640553e-21, 1.22808282449e-20, 7.73416780794e-20, 2.02519934766e-19, 2.38133743675e-19, 1.72250591493e-19, 1.68754861601e-19, 2.18761716566e-19, 5.41393950217e-19, 1.69120136805e-18, 2.31762276439e-18, 3.6436747636e-18, 2.99523051063e-18, 4.30829370628e-18, 2.7020452347e-18, 4.94006902914e-18, 4.87111938918e-18, 7.17234577947e-18, 1.01511340075e-17, 8.24495087976e-18, 1.67583533012e-17, 1.07320240742e-17, 1.0805067431e-17, 1.87902347948e-17, 1.28624641378e-17, 1.84047156897e-17, 1.2395845764e-17, 2.24227058106e-17, 2.77204138222e-17, 2.58087514501e-17, 1.75765374974e-17, 1.90159790014e-17, 1.24095322944e-17, 9.50282044903e-18, 5.01660474249e-18, 3.13181147145e-18, 1.27787782752e-18, 3.17609773917e-19, 2.89745406576e-20],
        "stdev": [0.207255929708, 2.09482812881, 4.91727638245, 20.3250732422, 25.5100193024, 12.5143728256, 24.5510063171, 44.1068611145, 43.5006332397, 60.2546653748, 147.665618896, 61.6697044373, 52.4745140076, 24.7861118317, 28.8645401001, 45.0295143127, 45.0551147461, 31.7988986969, 26.7486534119, 10.9535503387, 10.4794931412, 6.58970451355, 2.69778251648, 1.65673363209, 3.54380822182, 4.33979177475, 3.53418564796, 4.29949951172, 4.56459093094, 4.1837182045, 2.78958797455, 2.58307981491, 2.6052646637, 1.54542982578, 0.724560439587, 0.230699345469, 0.0405609682202, 0.00373934628442, 8.95295161172e-05, 2.71128847089e-05],
        "var": [0.04295501858, 4.38830471039, 24.179605484, 413.108612061, 650.761047363, 156.609527588, 602.75189209, 1945.41503906, 1892.30505371, 3630.62475586, 21805.1328125, 3803.15234375, 2753.57446289, 614.351318359, 833.161682129, 2027.65710449, 2029.96350098, 1011.16992188, 715.490478516, 119.980255127, 109.819778442, 43.42420578, 7.27803039551, 2.74476623535, 12.5585765839, 18.8337936401, 12.4904680252, 18.4856948853, 20.8354911804, 17.5034980774, 7.78180170059, 6.67230081558, 6.78740358353, 2.38835334778, 0.524987816811, 0.0532221905887, 0.0016451922711, 1.39827097883e-05, 8.01553401431e-09, 7.35108474093e-10]
    },
    "gfcc": {
        "mean": [-14.6105613708, 145.016265869, -85.5083236694, 20.8603439331, -58.6929206848, 17.8370838165, -34.3067817688, 8.01040077209, -16.3736858368, 1.98910272121, -16.0259170532, -2.71476864815, -9.33020210266],
        "cov": [[3906.96508789, -624.663452148, -41.3964271545, 46.1379623413, -339.628692627, 385.832305908, -167.078948975, 150.119049072, -61.7233848572, 156.113525391, -162.174255371, 70.0349349976, -216.57649231], [-624.663452148, 837.68157959, -47.7271347046, -107.853660583, 166.116989136, -157.687438965, 160.661849976, -100.607650757, 123.893486023, -110.3565979, 122.244743347, -10.5315980911, 105.82384491], [-41.3964271545, -47.7271347046, 381.333496094, 91.9973449707, 37.4554748535, 63.6738815308, 5.44220924377, 91.5943756104, -38.495880127, -10.2462120056, -16.8873977661, 24.7353973389, 48.9320030212], [46.1379623413, -107.853660583, 91.9973449707, 251.973434448, 51.4782524109, 22.948217392, 26.4036617279, 35.7830543518, 39.0885887146, 18.0593299866, 28.9265727997, 20.2761363983, 51.0827064514], [-339.628692627, 166.116989136, 37.4554748535, 51.4782524109, 212.77545166, -31.1107559204, 2.36607980728, 22.2166309357, 63.563709259, 16.3829498291, 14.2713193893, -5.98042011261, 53.1747627258], [385.832305908, -157.687438965, 63.6738815308, 22.948217392, -31.1107559204, 159.814239502, 0.728118896484, 47.7241783142, 1.26196265221, 13.3067989349, -28.1054534912, 11.7224855423, -39.0936851501], [-167.078948975, 160.661849976, 5.44220924377, 26.4036617279, 2.36607980728, 0.728118896484, 202.178939819, 6.73350286484, 20.052482605, -38.4797477722, 60.9113731384, 28.186050415, -1.34503173828], [150.119049072, -100.607650757, 91.5943756104, 35.7830543518, 22.2166309357, 47.7241783142, 6.73350286484, 121.629386902, -9.53572273254, 16.5959243774, -19.203496933, -1.7656801939, -8.13219928741], [-61.7233848572, 123.893486023, -38.495880127, 39.0885887146, 63.563709259, 1.26196265221, 20.052482605, -9.53572273254, 135.471450806, 9.27224063873, 23.9553871155, 21.7716388702, 25.8940601349], [156.113525391, -110.3565979, -10.2462120056, 18.0593299866, 16.3829498291, 13.3067989349, -38.4797477722, 16.5959243774, 9.27224063873, 114.631835938, -6.74861764908, 18.8610706329, 2.35195612907], [-162.174255371, 122.244743347, -16.8873977661, 28.9265727997, 14.2713193893, -28.1054534912, 60.9113731384, -19.203496933, 23.9553871155, -6.74861764908, 91.1262893677, 22.9112472534, 27.3853168488], [70.0349349976, -10.5315980911, 24.7353973389, 20.2761363983, -5.98042011261, 11.7224855423, 28.186050415, -1.7656801939, 21.7716388702, 18.8610706329, 22.9112472534, 97.5304870605, 21.0232448578], [-216.57649231, 105.82384491, 48.9320030212, 51.0827064514, 53.1747627258, -39.0936851501, -1.34503173828, -8.13219928741, 25.8940601349, 2.35195612907, 27.3853168488, 21.0232448578, 101.397140503]],
        "icov": [[0.000673879520036, -0.00129303277936, 0.000641196675133, -0.00143830000889, 0.00156473345123, -0.00155459111556, 0.00127831916325, -0.00121031037997, 0.000870227231644, -0.00115377444308, 0.00122672447469, -0.00116059661377, 0.00141779577825], [-0.00129303277936, 0.0084248976782, -0.00251775979996, 0.00763825885952, -0.0062193502672, 0.00519380019978, -0.00609181448817, 0.00512344297022, -0.00590140838176, 0.0054001105018, -0.00605727918446, 0.00485116662458, -0.00658151833341], [0.000641196675133, -0.00251775979996, 0.00536970933899, -0.00330168474466, 0.0014601284638, -0.00359571399167, 0.00202262261882, -0.00417599873617, 0.00393008254468, -0.000472927902592, 0.00281100952998, -0.00287451548502, -0.000546741008293], [-0.00143830000889, 0.00763825885952, -0.00330168474466, 0.0123813301325, -0.00615872023627, 0.00425273831934, -0.00608382001519, 0.00407190341502, -0.00642387103289, 0.00426476821303, -0.00695315888152, 0.00507550826296, -0.00820566527545], [0.00156473345123, -0.0062193502672, 0.0014601284638, -0.00615872023627, 0.0123167522252, -0.00325452769175, 0.00475882971659, -0.00581815792248, 0.000986595638096, -0.00544464308769, 0.00497750332579, -0.00222524628043, 0.00310503458604], [-0.00155459111556, 0.00519380019978, -0.00359571399167, 0.00425273831934, -0.00325452769175, 0.0138520244509, -0.0044135581702, 0.00182846118696, -0.00561825186014, 0.00315569387749, -0.00238649616949, 0.00246523832902, -0.000517847773153], [0.00127831916325, -0.00609181448817, 0.00202262261882, -0.00608382001519, 0.00475882971659, -0.0044135581702, 0.0119919236749, -0.00532058207318, 0.00385180441663, -0.00139132025652, -0.00030433232314, -0.00559228798375, 0.00700242072344], [-0.00121031037997, 0.00512344297022, -0.00417599873617, 0.00407190341502, -0.00581815792248, 0.00182846118696, -0.00532058207318, 0.0156385414302, -0.00291038351133, 0.00158902059775, -0.0021751106251, 0.00429854588583, -0.00262601301074], [0.000870227231644, -0.00590140838176, 0.00393008254468, -0.00642387103289, 0.000986595638096, -0.00561825186014, 0.00385180441663, -0.00291038351133, 0.0148935504258, -0.00343915913254, 0.00347153004259, -0.00546747772023, 0.00296403467655], [-0.00115377444308, 0.0054001105018, -0.000472927902592, 0.00426476821303, -0.00544464308769, 0.00315569387749, -0.00139132025652, 0.00158902059775, -0.00343915913254, 0.0145496865734, -0.00448823627084, 0.0002636864956, -0.00414131488651], [0.00122672447469, -0.00605727918446, 0.00281100952998, -0.00695315888152, 0.00497750332579, -0.00238649616949, -0.00030433232314, -0.0021751106251, 0.00347153004259, -0.00448823627084, 0.0218450315297, -0.00560099305585, 0.00185835536104], [-0.00116059661377, 0.00485116662458, -0.00287451548502, 0.00507550826296, -0.00222524628043, 0.00246523832902, -0.00559228798375, 0.00429854588583, -0.00546747772023, 0.0002636864956, -0.00560099305585, 0.0165058523417, -0.00684310728684], [0.00141779577825, -0.00658151833341, -0.000546741008293, -0.00820566527545, 0.00310503458604, -0.000517847773153, 0.00700242072344, -0.00262601301074, 0.00296403467655, -0.00414131488651, 0.00185835536104, -0.00684310728684, 0.0224674455822]]
    },
    "melbands": {
        "dmean": [0.00082049384946, 0.00105351477396, 0.00182195939124, 0.000548785785213, 0.000290215015411, 0.000426377373515, 0.000234306367929, 0.000214634666918, 0.000269773358013, 0.000109123291622, 8.20619097794e-05, 3.08943235723e-05, 3.2730269595e-05, 2.53342623182e-05, 2.70695763902e-05, 2.28581357078e-05, 1.70170005731e-05, 1.12729258035e-05, 5.83621749684e-06, 2.87384409603e-06, 3.8208386286e-06, 3.16190494232e-06, 1.74080503257e-06, 6.94795176059e-07, 4.87282250106e-07, 5.6726321418e-07, 7.09601806648e-07, 6.95957680819e-07, 5.14173052579e-07, 4.72653994166e-07, 5.0894107062e-07, 5.73260649617e-07, 5.35848187155e-07, 4.52746206747e-07, 2.96890505069e-07, 2.82655321371e-07, 2.70386266266e-07, 2.34067471183e-07, 2.35465876131e-07, 2.40968802245e-07],
        "dmean2": [0.00122897827532, 0.00173842243385, 0.00308720674366, 0.000898588157725, 0.000418933050241, 0.000695909489878, 0.000387074687751, 0.000318271282595, 0.000380708050216, 0.000154763358296, 0.000121784847579, 4.76856694149e-05, 4.7814577556e-05, 3.88039770769e-05, 4.21177464887e-05, 3.51050512108e-05, 2.57010342466e-05, 1.68365932041e-05, 8.97128575161e-06, 4.45689556727e-06, 5.99877284913e-06, 5.10023119205e-06, 2.93638368021e-06, 1.11116492008e-06, 7.8158660699e-07, 8.9472075615e-07, 1.10644543838e-06, 1.06296772628e-06, 7.84032124557e-07, 7.77495870352e-07, 8.03170735253e-07, 8.68129802711e-07, 8.08788968243e-07, 6.88075033395e-07, 4.52748111002e-07, 4.02439752634e-07, 3.84071853432e-07, 3.33146061848e-07, 3.4468300214e-07, 3.51476160176e-07],
        "dvar": [2.00609952117e-06, 3.25551445712e-06, 5.60000853511e-06, 4.91392825097e-07, 1.54108732886e-07, 3.0213249147e-07, 2.08906911325e-07, 2.28488346465e-07, 2.87522084363e-07, 4.69032492845e-08, 1.90943030276e-08, 3.01838354311e-09, 4.45487335909e-09, 2.65365018848e-09, 4.78478234811e-09, 3.45279227432e-09, 1.8755246245e-09, 1.05599284872e-09, 2.24593010856e-10, 4.06585043411e-11, 6.12395828492e-11, 3.7752929255e-11, 8.23110850312e-12, 1.384116129e-12, 9.85240968671e-13, 4.62141913279e-12, 5.4473053672e-12, 6.49962245483e-12, 4.36804151877e-12, 4.30564047957e-12, 5.63688505595e-12, 2.89740085223e-12, 3.51949806104e-12, 2.42173945827e-12, 1.03521520783e-12, 9.95559320746e-13, 1.2097455199e-12, 1.65745032716e-12, 1.2157710819e-12, 8.68052971083e-13],
        "dvar2": [4.59222201243e-06, 8.60002000991e-06, 1.61317893799e-05, 1.34966126097e-06, 3.57456457323e-07, 7.01332680819e-07, 4.47548927696e-07, 5.38040751508e-07, 5.53649726953e-07, 9.88275417058e-08, 4.24603356919e-08, 6.89427892553e-09, 9.50701828373e-09, 5.45037392996e-09, 1.08109450281e-08, 7.77019870668e-09, 3.94651822333e-09, 2.30139440838e-09, 4.42465730721e-10, 9.34755953197e-11, 1.27727592392e-10, 9.64424512473e-11, 2.2303117686e-11, 3.42647134624e-12, 2.49936161177e-12, 1.10600712616e-11, 1.43541923139e-11, 1.54850889056e-11, 1.05916300036e-11, 1.17086661547e-11, 1.39564063431e-11, 5.6733333309e-12, 7.55477798375e-12, 4.88672644017e-12, 1.71753442631e-12, 2.02392486451e-12, 1.95150297831e-12, 2.28397118926e-12, 2.27873124016e-12, 1.69112510454e-12],
        "max": [0.0130699099973, 0.0227882564068, 0.0290039926767, 0.00870785303414, 0.00610734010115, 0.00647494662553, 0.0086619798094, 0.0104892710224, 0.00993011984974, 0.00482128420845, 0.00217494438402, 0.00111068575643, 0.00101139151957, 0.000942675862461, 0.00143010297325, 0.000887688598596, 0.000652303860988, 0.000617096025962, 0.00023235376284, 9.42435362958e-05, 0.000118452262541, 9.82040946838e-05, 4.00996250391e-05, 1.87273963093e-05, 2.32666952797e-05, 5.0977578212e-05, 5.85989728279e-05, 5.93520890106e-05, 4.75643792015e-05, 4.66371457151e-05, 5.6304714235e-05, 5.40798719157e-05, 6.17226396571e-05, 5.14080311405e-05, 3.46565830114e-05, 2.83947592834e-05, 2.96506586892e-05, 4.36329501099e-05, 3.37602505169e-05, 1.82971398317e-05],
        "mean": [0.00363655504771, 0.00398486573249, 0.00335771078244, 0.00121135846712, 0.000787150813267, 0.000962618330959, 0.000430916988989, 0.00048211144167, 0.000680581375491, 0.000252307741903, 0.000192309074919, 6.82834652252e-05, 6.56019328744e-05, 5.37866799277e-05, 5.69279764022e-05, 4.50363222626e-05, 2.84586349153e-05, 2.04786356335e-05, 1.1238245861e-05, 5.67544975638e-06, 7.36986203265e-06, 5.8036334849e-06, 3.36746984431e-06, 1.38407585837e-06, 9.20626462175e-07, 9.41872485782e-07, 1.21309915357e-06, 1.10664086606e-06, 7.6272675642e-07, 6.72656426559e-07, 7.73288888922e-07, 9.8940938642e-07, 9.31559156925e-07, 7.57803491069e-07, 4.78617721456e-07, 4.54415726381e-07, 4.29366878052e-07, 3.58144603751e-07, 3.55866660584e-07, 3.64448879964e-07],
        "median": [0.00394149683416, 0.00374653888866, 0.00244102161378, 0.000822231522761, 0.000556852901354, 0.000658071483485, 0.000252901576459, 0.000192024250282, 0.000206735072425, 0.000128787258291, 9.62029444054e-05, 3.00557767332e-05, 2.31471058214e-05, 1.58415296028e-05, 1.43003835547e-05, 1.05837334559e-05, 8.65691617946e-06, 5.16382169735e-06, 3.01318141283e-06, 2.17322985918e-06, 2.65649327957e-06, 2.71562771559e-06, 2.11417818718e-06, 9.07203173028e-07, 6.00007410867e-07, 5.27308202436e-07, 5.26937185441e-07, 4.48913056061e-07, 2.87008873556e-07, 2.27621171689e-07, 2.76149819456e-07, 3.52201652731e-07, 3.13770925686e-07, 2.39545812519e-07, 1.30065615167e-07, 1.13915774591e-07, 1.13409683422e-07, 8.4560014102e-08, 5.15498399523e-08, 5.41175673163e-08],
        "min": [1.00862950703e-23, 7.52205536627e-24, 1.42938535246e-23, 1.97474304004e-23, 5.14197208507e-24, 4.07004146022e-24, 3.03919885283e-24, 6.66288407743e-24, 1.59979066758e-23, 1.49179687183e-23, 1.8162482624e-23, 1.15019832731e-23, 1.70834297685e-23, 6.66559144805e-24, 1.12375066106e-23, 7.85218497763e-24, 9.78007031099e-24, 1.19518319932e-23, 1.24588202752e-23, 1.27396200476e-23, 8.3898489048e-24, 1.89956175587e-23, 1.24837396023e-23, 8.31306118429e-24, 7.62661809039e-24, 1.50661451953e-23, 1.1324185858e-23, 7.57096553125e-24, 1.17035183018e-23, 9.93133202298e-24, 5.85209441676e-24, 1.20660030431e-23, 1.19777011089e-23, 1.80961457328e-23, 1.53196361809e-23, 1.38408927482e-23, 9.00867320849e-24, 1.48670146148e-23, 9.49529862395e-24, 1.06008098743e-23],
        "stdev": [0.00209690304473, 0.00239566108212, 0.00324451574124, 0.00119108275976, 0.000717197544873, 0.000944248517044, 0.000661218422465, 0.000706263876054, 0.00109963642899, 0.000376702140784, 0.000259029387962, 9.52669870458e-05, 0.000114829010272, 0.00010057745385, 0.000118533425848, 8.88689464773e-05, 5.78216640861e-05, 4.67578611278e-05, 2.54924452747e-05, 1.01751702459e-05, 1.32670875246e-05, 8.04838236945e-06, 4.04804086429e-06, 1.67799646533e-06, 1.29289446704e-06, 2.41587758865e-06, 3.06697643282e-06, 3.02549028675e-06, 2.35276911553e-06, 2.21376194531e-06, 2.76411992672e-06, 2.61848344962e-06, 2.63834999714e-06, 2.32073807638e-06, 1.62665548942e-06, 1.50786434006e-06, 1.67959763075e-06, 1.93546725313e-06, 1.58749685397e-06, 1.30999012526e-06],
        "var": [4.39700261268e-06, 5.73919169256e-06, 1.05268818515e-05, 1.41867803904e-06, 5.14372345606e-07, 8.91605225206e-07, 4.37209791926e-07, 4.98808674365e-07, 1.20920014979e-06, 1.419045077e-07, 6.70962307936e-08, 9.07579877918e-09, 1.31857023078e-08, 1.01158246224e-08, 1.40501734691e-08, 7.8976896134e-09, 3.34334471219e-09, 2.18629758741e-09, 6.49864773106e-10, 1.03534084084e-10, 1.76015604869e-10, 6.47764550332e-11, 1.63866351044e-11, 2.81567217458e-12, 1.67157596358e-12, 5.8364641245e-12, 9.40634375945e-12, 9.15359107956e-12, 5.53552299484e-12, 4.90074170481e-12, 7.64035883172e-12, 6.85645550752e-12, 6.96089106494e-12, 5.38582546616e-12, 2.64600819554e-12, 2.27365500559e-12, 2.82104829948e-12, 3.74603386505e-12, 2.52014641794e-12, 1.71607400599e-12]
    },
    "melbands128": {
