{
"lowlevel": {
    "average_loudness": 0.978806018829,
    "barkbands_crest": {
        "dmean": 2.62046742439,
        "dmean2": 4.29861402512,
        "dvar": 5.14870643616,
        "dvar2": 13.3583641052,
        "max": 19.4109306335,
        "mean": 7.32400798798,
        "median": 6.68592166901,
        "min": 2.21596121788,
        "stdev": 3.01476454735,
        "var": 9.08880519867
    },
    "barkbands_flatness_db": {
        "dmean": 0.0210321750492,
        "dmean2": 0.0317290127277,
        "dvar": 0.000388130778447,
        "dvar2": 0.00081358483294,
        "max": 0.224906936288,
        "mean": 0.0993306711316,
        "median": 0.0956425666809,
        "min": 0.0300893895328,
        "stdev": 0.0351299978793,
        "var": 0.00123411684763
    },
    "barkbands_kurtosis": {
        "dmean": 1.30262470245,
        "dmean2": 2.13177895546,
        "dvar": 4.5178694725,
        "dvar2": 11.2758207321,
        "max": 20.4740066528,
        "mean": 0.142595991492,
        "median": -0.492373466492,
        "min": -1.76718902588,
        "stdev": 2.16458106041,
        "var": 4.68541145325
    },
    "barkbands_skewness": {
        "dmean": 0.556052386761,
        "dmean2": 0.844187676907,
        "dvar": 0.302384585142,
        "dvar2": 0.656476914883,
        "max": 4.23740577698,
        "mean": 0.579282045364,
        "median": 0.436510384083,
        "min": -1.87996435165,
        "stdev": 0.771477639675,
        "var": 0.595177769661
    },
    "barkbands_spread": {
        "dmean": 7.53271007538,
        "dmean2": 11.2565670013,
        "dvar": 54.8739128113,
        "dvar2": 115.474739075,
        "max": 87.9969863892,
        "mean": 30.1529750824,
        "median": 27.5328788757,
        "min": 5.46321439743,
        "stdev": 13.2274227142,
        "var": 174.96472168
    },
    "dissonance": {
        "dmean": 0.0153219997883,
        "dmean2": 0.0258081313223,
        "dvar": 0.00033392503974,
        "dvar2": 0.000878106919117,
        "max": 0.499112337828,
        "mean": 0.475500464439,
        "median": 0.48038905859,
        "min": 0.182329118252,
        "stdev": 0.0197679456323,
        "var": 0.000390771689126
    },
    "dynamic_complexity": 1.42661905289,
    "erbbands_crest": {
        "dmean": 2.73350191116,
        "dmean2": 4.40405654907,
        "dvar": 6.03489923477,
        "dvar2": 15.3785934448,
        "max": 23.9742050171,
        "mean": 8.01090812683,
        "median": 7.25853300095,
        "min": 2.461779356,
        "stdev": 3.47679495811,
        "var": 12.0881032944
    },
    "erbbands_flatness_db": {
        "dmean": 0.0193759873509,
        "dmean2": 0.0264931377023,
        "dvar": 0.00029683028697,
        "dvar2": 0.000480349990539,
        "max": 0.281203448772,
        "mean": 0.1563616395,
        "median": 0.155967384577,
        "min": 0.0668749064207,
        "stdev": 0.038800958544,
        "var": 0.00150551425759
    },
    "erbbands_kurtosis": {
        "dmean": 0.912923038006,
        "dmean2": 1.42844367027,
        "dvar": 0.900782823563,
        "dvar2": 2.25253391266,
        "max": 9.88993930817,
        "mean": 0.523843169212,
        "median": 0.256608724594,
        "min": -1.5099864006,
        "stdev": 1.28822612762,
        "var": 1.65952658653
    },
    "erbbands_skewness": {
        "dmean": 0.367122262716,
        "dmean2": 0.547854959965,
        "dvar": 0.0986025482416,
        "dvar2": 0.211810424924,
        "max": 2.46878409386,
        "mean": -0.108297303319,
        "median": -0.149260729551,
        "min": -1.61404895782,
        "stdev": 0.617092311382,
        "var": 0.380802899599
    },
    "erbbands_spread": {
        "dmean": 8.74380683899,
        "dmean2": 12.6166133881,
        "dvar": 73.8920059204,
        "dvar2": 148.296218872,
        "max": 97.4412612915,
        "mean": 31.7214870453,
        "median": 28.1614646912,
        "min": 8.17287826538,
        "stdev": 14.9885196686,
        "var": 224.655715942
    },
    "hfc": {
        "dmean": 10.868686676,
        "dmean2": 14.5976514816,
        "dvar": 113.660820007,
        "dvar2": 190.984161377,
        "max": 141.300994873,
        "mean": 34.9116287231,
        "median": 32.2219238281,
        "min": 1.253751037e-16,
        "stdev": 19.6808071136,
        "var": 387.33416748
    },
    "loudness_ebu128": {
        "integrated": -7.65898561478,
        "loudness_range": 1.23942756653,
        "momentary": {
            "dmean": 0.345560848713,
            "dmean2": 0.498468011618,
            "dvar": 0.0759570896626,
            "dvar2": 0.127937942743,
            "max": -5.84105110168,
            "mean": -7.72281503677,
            "median": -7.74469661713,
            "min": -10.2230768204,
            "stdev": 0.745752573013,
            "var": 0.556146919727
        },
        "short_term": {
            "dmean": 0.0456649512053,
            "dmean2": 0.0597559995949,
            "dvar": 0.00108489498962,
            "dvar2": 0.0018824476283,
            "max": -6.77717590332,
            "mean": -7.68238115311,
            "median": -7.6851477623,
            "min": -8.40526771545,
            "stdev": 0.449353247881,
            "var": 0.201918333769
        }
    },
    "melbands_crest": {
        "dmean": 4.10345983505,
        "dmean2": 6.56019067764,
        "dvar": 10.9031248093,
        "dvar2": 25.9269580841,
        "max": 27.5324993134,
        "mean": 11.6416902542,
        "median": 10.5148429871,
        "min": 1.97264647484,
        "stdev": 4.79685401917,
        "var": 23.009809494
    },
    "melbands_flatness_db": {
        "dmean": 0.03062286973,
        "dmean2": 0.0455103628337,
        "dvar": 0.000882200314663,
        "dvar2": 0.0018051470397,
        "max": 0.324903011322,
        "mean": 0.138738274574,
        "median": 0.132672563195,
        "min": 0.00769043248147,
        "stdev": 0.0533634051681,
        "var": 0.00284765311517
    },
    "melbands_kurtosis": {
        "dmean": 4.07204246521,
        "dmean2": 6.58198881149,
        "dvar": 50.9050827026,
        "dvar2": 123.047912598,
        "max": 63.4023742676,
        "mean": 3.96027326584,
        "median": 1.55303382874,
        "min": -1.40679323673,
        "stdev": 7.35242795944,
        "var": 54.0581970215
    },
    "melbands_skewness": {
        "dmean": 0.773754835129,
        "dmean2": 1.16672611237,
        "dvar": 0.683405041695,
        "dvar2": 1.47224593163,
        "max": 7.12277746201,
        "mean": 1.56067419052,
        "median": 1.31309902668,
        "min": -0.481891483068,
        "stdev": 1.1724473238,
        "var": 1.37463283539
    },
    "melbands_spread": {
        "dmean": 12.6841726303,
        "dmean2": 18.8818016052,
        "dvar": 149.111434937,
        "dvar2": 309.565734863,
        "max": 151.176376343,
        "mean": 40.3157157898,
        "median": 36.2652664185,
        "min": 4.12753105164,
        "stdev": 20.3504943848,
        "var": 414.14263916
    },
    "pitch_salience": {
        "dmean": 0.0920392721891,
        "dmean2": 0.150299713016,
        "dvar": 0.00625847885385,
        "dvar2": 0.0166326574981,
        "max": 0.83315718174,
        "mean": 0.591243445873,
        "median": 0.606496930122,
        "min": 0.206954598427,
        "stdev": 0.110676310956,
        "var": 0.0122492453083
    },
    "silence_rate_20dB": {
        "dmean": 0,
        "dmean2": 0,
        "dvar": 0,
        "dvar2": 0,
        "max": 1,
        "mean": 1,
        "median": 1,
        "min": 1,
        "stdev": 0,
        "var": 0
    },
    "silence_rate_30dB": {
        "dmean": 0,
        "dmean2": 0,
        "dvar": 0,
        "dvar2": 0,
        "max": 1,
        "mean": 1,
        "median": 1,
        "min": 1,
        "stdev": 0,
        "var": 0
    },
    "silence_rate_60dB": {
        "dmean": 0.000773993786424,
        "dmean2": 0.00154918665066,
        "dvar": 0.000773391744588,
        "dvar2": 0.00154677091632,
        "max": 1,
        "mean": 0.00154679035768,
        "median": 0,
        "min": 0,
        "stdev": 0.0392987206578,
        "var": 0.00154438940808
    },
    "spectral_centroid": {
        "dmean": 332.772491455,
        "dmean2": 492.292266846,
        "dvar": 167172.15625,
        "dvar2": 272498.5625,
        "max": 11180.1953125,
        "mean": 1841.60290527,
        "median": 1764.75024414,
        "min": 658.764648438,
        "stdev": 604.651855469,
        "var": 365603.84375
    },
    "spectral_complexity": {
        "dmean": 4.90789461136,
        "dmean2": 7.30441522598,
        "dvar": 20.1811561584,
        "dvar2": 38.2706069946,
        "max": 59,
        "mean": 30.2900238037,
        "median": 30,
        "min": 0,
        "stdev": 8.36884117126,
        "var": 70.0375061035
    },
    "spectral_decrease": {
        "dmean": 2.57475929466e-09,
        "dmean2": 3.96354238319e-09,
        "dvar": 7.8411262678e-18,
        "dvar2": 1.94499675815e-17,
        "max": 8.85458569735e-29,
        "mean": -7.09916303521e-09,
        "median": -6.46300257756e-09,
        "min": -2.26810303872e-08,
        "stdev": 3.74745789955e-09,
        "var": 1.40434406516e-17
    },
    "spectral_energy": {
        "dmean": 0.0102782547474,
        "dmean2": 0.015725273639,
        "dvar": 0.000115489361633,
        "dvar2": 0.000282134627923,
        "max": 0.0887358188629,
        "mean": 0.0299604590982,
        "median": 0.0276928301901,
        "min": 1.10376921065e-20,
        "stdev": 0.0148163856938,
        "var": 0.00021952528914
    },
    "spectral_energyband_high": {
        "dmean": 0.000785303476732,
        "dmean2": 0.000970236840658,
        "dvar": 1.68154633684e-06,
        "dvar2": 2.90000230052e-06,
        "max": 0.0152587983757,
        "mean": 0.00157907465473,
        "median": 0.000740337301977,
        "min": 7.93174845986e-21,
        "stdev": 0.00212065665983,
        "var": 4.49718436357e-06
    },
    "spectral_energyband_low": {
        "dmean": 0.0064341314137,
        "dmean2": 0.0102347563952,
        "dvar": 9.61432597251e-05,
        "dvar2": 0.000238458072999,
        "max": 0.0751483514905,
        "mean": 0.00860417634249,
        "median": 0.00475219637156,
        "min": 3.69849168151e-23,
        "stdev": 0.0107278199866,
        "var": 0.00011508611351
    },
    "spectral_energyband_middle_high": {
        "dmean": 0.00450672954321,
        "dmean2": 0.00616969028488,
        "dvar": 1.85897297342e-05,
        "dvar2": 3.62182690878e-05,
        "max": 0.0550543814898,
        "mean": 0.0118555584922,
        "median": 0.0099507542327,
        "min": 1.62152128641e-21,
        "stdev": 0.00850653275847,
        "var": 7.23610937712e-05
    },
    "spectral_energyband_middle_low": {
        "dmean": 0.00452588917688,
        "dmean2": 0.00728501332924,
        "dvar": 4.78667207062e-05,
        "dvar2": 0.000125161517644,
        "max": 0.0657293796539,
        "mean": 0.00916591845453,
        "median": 0.00723000848666,
        "min": 2.36197551554e-22,
        "stdev": 0.00736734829843,
        "var": 5.42778179806e-05
    },
    "spectral_entropy": {
        "dmean": 0.137397453189,
        "dmean2": 0.190347880125,
        "dvar": 0.0188725143671,
        "dvar2": 0.0311915352941,
        "max": 9.82084941864,
        "mean": 7.85422849655,
        "median": 7.8383307457,
        "min": 7.13566398621,
        "stdev": 0.299691170454,
        "var": 0.0898148044944
    },
    "spectral_flux": {
        "dmean": 0.0264255981892,
        "dmean2": 0.0419810190797,
        "dvar": 0.000704380858224,
        "dvar2": 0.00172071356792,
        "max": 0.242460742593,
        "mean": 0.110273830593,
        "median": 0.104784794152,
        "min": 1.05060418698e-10,
        "stdev": 0.0349922068417,
        "var": 0.00122445460875
    },
    "spectral_kurtosis": {
        "dmean": 1.41612040997,
        "dmean2": 2.32817935944,
        "dvar": 2.67513847351,
        "dvar2": 7.59335899353,
        "max": 19.9174404144,
        "mean": 4.0390458107,
        "median": 3.7809548378,
        "min": -1.18559026718,
        "stdev": 2.35074472427,
        "var": 5.52600049973
    },
    "spectral_rms": {
        "dmean": 0.000909853260964,
        "dmean2": 0.00136949191801,
        "dvar": 7.34539071345e-07,
        "dvar2": 1.70695614088e-06,
        "max": 0.00930438283831,
        "mean": 0.00524208974093,
        "median": 0.00519782584161,
        "min": 3.28153628402e-12,
        "stdev": 0.00132296222728,
        "var": 1.75022898929e-06
    },
    "spectral_rolloff": {
        "dmean": 792.096252441,
        "dmean2": 1204.87536621,
        "dvar": 1297464,
        "dvar2": 2190827.25,
        "max": 19207.6171875,
        "mean": 2414.55029297,
        "median": 1981.0546875,
        "min": 107.666015625,
        "stdev": 1690.34741211,
        "var": 2857274.25
    },
    "spectral_skewness": {
        "dmean": 0.199625372887,
        "dmean2": 0.316298037767,
        "dvar": 0.0408630482852,
        "dvar2": 0.0999622792006,
        "max": 3.08282279968,
        "mean": 1.41612255573,
        "median": 1.42578268051,
        "min": -0.040939964354,
        "stdev": 0.333069682121,
        "var": 0.110935412347
    },
    "spectral_spread": {
        "dmean": 590610.75,
        "dmean2": 736092.125,
        "dvar": 1.02964205978e+12,
        "dvar2": 799684100096,
        "max": 40666860,
        "mean": 4278735.5,
        "median": 3934081.25,
        "min": 1972005.875,
        "stdev": 1803790.375,
        "var": 3.25365976269e+12
    },
    "spectral_strongpeak": {
        "dmean": 0.927100419998,
        "dmean2": 1.58235383034,
        "dvar": 1.39920091629,
        "dvar2": 3.49167990685,
        "max": 7.58590126038,
        "mean": 1.19501054287,
        "median": 0.580241560936,
        "min": 0,
        "stdev": 1.40690648556,
        "var": 1.9793857336
    },
    "zerocrossingrate": {
        "dmean": 0.0158287025988,
        "dmean2": 0.0177290346473,
        "dvar": 0.000424840283813,
        "dvar2": 0.000472429703223,
        "max": 0.50634765625,
        "mean": 0.08253274858,
        "median": 0.0732421875,
        "min": 0.0009765625,
        "stdev": 0.0406552031636,
        "var": 0.00165284541436
    },
    "barkbands": {
        "dmean": [1.30138032546e-05, 0.00268508284353, 0.00399569422007, 0.00159645802341, 0.00210528471507, 0.000427138700616, 0.000839398649987, 0.000630538328551, 0.00138612149749, 0.00126914971042, 0.000699462369084, 0.00130791252013, 0.00111990387086, 0.000906254688744, 0.000820960907731, 0.000676091469359, 0.000557490333449, 0.000347743742168, 0.000297223683447, 0.000191133614862, 0.000208586570807, 0.000178855916602, 0.000171056162799, 0.000132871122332, 8.58161365613e-05, 2.88229948637e-05, 6.35506967228e-06],
        "dmean2": [2.04834268516e-05, 0.00438805436715, 0.0065053938888, 0.00269012409262, 0.00354716088623, 0.000665492669214, 0.00133745011408, 0.00100299832411, 0.00219300319441, 0.00195495807566, 0.00114668207243, 0.00206503761001, 0.00178378820419, 0.00142303342, 0.00129530683625, 0.00103943003342, 0.000889338494744, 0.000560056592803, 0.000454908411484, 0.000292566517601, 0.000295481819194, 0.000254527345533, 0.000233059079619, 0.00016820433666, 0.000111773624667, 3.88053631468e-05, 9.22908839129e-06],
        "dvar": [3.55848461808e-10, 2.04858897632e-05, 3.56623932021e-05, 5.71815235162e-06, 2.58605468844e-05, 4.57947152199e-07, 1.33372839173e-06, 9.44803332459e-07, 4.10741859014e-06, 6.46686885375e-06, 2.74219360108e-06, 9.14275369723e-06, 3.41486497746e-06, 2.35684592553e-06, 1.63022355082e-06, 1.00974932593e-06, 5.42269958714e-07, 2.17779572154e-07, 9.75053211505e-08, 9.87714940948e-08, 1.23258260487e-07, 1.06779722842e-07, 7.74574928641e-08, 6.20725941758e-08, 3.26438787113e-08, 3.77027831178e-09, 2.39819553105e-10],
        "dvar2": [8.62734106377e-10, 5.23940580024e-05, 9.14381598704e-05, 1.48748358697e-05, 6.92820976838e-05, 9.40424968121e-07, 3.02647413264e-06, 2.31701255871e-06, 9.94700621959e-06, 1.4158873455e-05, 6.90969409334e-06, 2.25098374358e-05, 8.46314196679e-06, 5.51176299268e-06, 3.97343774239e-06, 2.23104871111e-06, 1.15718989946e-06, 5.15035424087e-07, 2.26858929864e-07, 2.2075597883e-07, 2.36338706827e-07, 2.2158678803e-07, 1.43370144201e-07, 1.06367501473e-07, 6.01651919396e-08, 8.21074941371e-09, 4.96072904976e-10],
        "max": [0.000239653949393, 0.0389503464103, 0.0421291850507, 0.0206261761487, 0.0409006215632, 0.0171460211277, 0.0131149245426, 0.0134807992727, 0.0266801510006, 0.0464230775833, 0.0325730443001, 0.0402079634368, 0.018658073619, 0.0162322875112, 0.0142096783966, 0.0134956929833, 0.00880532711744, 0.0060568372719, 0.00374016957358, 0.00380313908681, 0.0044601066038, 0.00377996684983, 0.00375025114045, 0.00475140335038, 0.00267130299471, 0.000931359420065, 0.000168112645042],
        "mean": [1.96007658815e-05, 0.00330213760026, 0.00427516875789, 0.00164900196251, 0.00238502817228, 0.000685608072672, 0.00109698437154, 0.000927653978579, 0.00204345071688, 0.00183757161722, 0.000961346493568, 0.00167987798341, 0.00155218853615, 0.00122830702458, 0.00123893062118, 0.00105806463398, 0.000976259529125, 0.000643663399387, 0.000645439373329, 0.000346333486959, 0.000376395648345, 0.000307755573886, 0.000304430519463, 0.000238211854594, 0.000133228575578, 4.06907165598e-05, 7.13814870323e-06],
        "median": [9.68466702034e-06, 0.00175118155312, 0.00174083223101, 0.000673946400639, 0.000970345921814, 0.000387007952668, 0.000622475752607, 0.000529639946762, 0.00118510634638, 0.000702695164364, 0.000359243014827, 0.000547546718735, 0.000780216651037, 0.00056510232389, 0.00062729237834, 0.000568634248339, 0.000665147206746, 0.000445411831606, 0.000512423168402, 0.000195145286852, 0.000163126882399, 0.000136567745358, 0.00012601375056, 9.16578865144e-05, 3.79435514333e-05, 1.0066489267e-05, 4.97906398778e-07],
        "min": [2.09223562827e-24, 2.59533344552e-23, 4.32046574901e-24, 1.12787640359e-23, 5.54057908286e-23, 8.10824244326e-23, 4.66890860852e-23, 1.29344576471e-23, 2.38544232887e-23, 4.16614704324e-23, 4.18033234004e-23, 8.27368613884e-23, 1.52996379259e-22, 9.76130678104e-23, 1.28962135127e-22, 2.36962809741e-22, 1.68614676601e-22, 1.66310079419e-22, 3.97532783804e-22, 2.26165361298e-22, 3.29668960773e-22, 5.67623311874e-22, 9.61505777523e-22, 8.48835336651e-22, 1.00327133026e-21, 1.89116166834e-21, 2.56709586018e-21],
        "stdev": [2.44380353251e-05, 0.00459240702912, 0.00621296186, 0.00234635686502, 0.00474010594189, 0.00102536915801, 0.00142847187817, 0.00117302872241, 0.00246576662175, 0.00341730378568, 0.00198241882026, 0.00331572676077, 0.00219265534543, 0.00179350399412, 0.00168616767041, 0.00135362893343, 0.00100173626561, 0.000622961961199, 0.00051741610514, 0.000415849353885, 0.000519349006936, 0.000444226374384, 0.000445913261501, 0.000414238340454, 0.000272403005511, 8.02111244411e-05, 1.82151015906e-05],
        "var": [5.97217553189e-10, 2.10902016988e-05, 3.86008941859e-05, 5.5053910728e-06, 2.2468606403e-05, 1.05138201434e-06, 2.04053185371e-06, 1.3759962485e-06, 6.08000527791e-06, 1.16779647215e-05, 3.92998435927e-06, 1.09940438051e-05, 4.80773724121e-06, 3.21665675074e-06, 2.84316138277e-06, 1.83231122719e-06, 1.00347563148e-06, 3.88081588198e-07, 2.67719400426e-07, 1.72930683107e-07, 2.69723415158e-07, 1.97337072905e-07, 1.98838634446e-07, 1.71593399045e-07, 7.42033918755e-08, 6.43382458421e-09, 3.31789928865e-10]
    },
    "erbbands": {
        "dmean": [0.0414517112076, 0.772948563099, 4.06443357468, 5.19605398178, 8.00514030457, 6.01926088333, 3.95066761971, 3.43381786346, 12.0792598724, 7.2097401619, 18.453836441, 33.849407196, 25.9431171417, 44.1827507019, 34.8796081543, 43.9409675598, 52.2204170227, 43.1520843506, 45.5152015686, 33.5833816528, 36.2356338501, 30.0243663788, 20.0520610809, 17.2592887878, 12.2530813217, 8.25562286377, 7.70945167542, 8.17423820496, 6.02763605118, 7.56976461411, 4.29845094681, 2.89393091202, 2.23644995689, 1.33618998528, 0.399095892906, 0.127136066556, 0.0521695651114, 0.0162293426692, 0.000627866422292, 2.19069479499e-05],
        "dmean2": [0.0645062848926, 1.26755440235, 6.54437112808, 8.79493045807, 13.8618955612, 10.11414814, 6.15509176254, 5.55298948288, 18.9966392517, 12.1553049088, 28.5756435394, 52.7762336731, 40.2512054443, 68.0906600952, 53.6114616394, 68.0648803711, 82.7357788086, 67.1493988037, 72.1273880005, 51.0731582642, 55.5288581848, 47.7851066589, 31.7792568207, 26.5785312653, 18.7613620758, 12.5260448456, 11.3955860138, 11.231004715, 8.57476139069, 10.8056221008, 5.82045078278, 3.74188518524, 2.93756389618, 1.74943208694, 0.530038058758, 0.172311022878, 0.0713636800647, 0.0218674503267, 0.000904266256839, 3.0938666896e-05],
        "dvar": [0.0034509296529, 1.77855575085, 41.24584198, 51.491771698, 477.546691895, 134.254760742, 53.5009117126, 28.3501930237, 275.112121582, 112.87663269, 725.38092041, 3152.11376953, 3211.46826172, 7244.72753906, 4871.18457031, 8685.8671875, 8524.2890625, 5189.58789062, 4930.91748047, 3054.42578125, 2572.56665039, 1785.35424805, 710.063659668, 380.922729492, 200.630767822, 174.018386841, 157.873962402, 195.946533203, 119.862724304, 188.834732056, 49.0527153015, 25.9592952728, 20.0856590271, 8.66922473907, 0.694589495659, 0.0752986222506, 0.0152685735375, 0.00112392636947, 2.21577897719e-06, 8.24600832061e-10],
        "dvar2": [0.0078050205484, 4.59445953369, 103.574928284, 139.239242554, 1284.19555664, 371.372192383, 110.41545105, 72.1035461426, 593.714904785, 292.008361816, 1708.49462891, 7744.60644531, 6184.74316406, 16736.3613281, 11124.7207031, 21126.7382812, 21194.0488281, 12380.8710938, 11937.5917969, 6698.41357422, 5908.91943359, 3844.06030273, 1639.29846191, 889.847045898, 457.489593506, 397.834197998, 336.311859131, 357.035430908, 256.033203125, 387.134674072, 86.1652755737, 44.2518386841, 35.9986953735, 14.9947881699, 1.43783664703, 0.166939869523, 0.0338382050395, 0.00221159029752, 4.74780790682e-06, 1.6067449593e-09],
        "max": [0.557320058346, 10.9961652756, 45.3459243774, 72.7326583862, 176.347885132, 102.501739502, 220.082458496, 69.0648574829, 195.20942688, 132.699203491, 368.070465088, 821.693115234, 992.181335449, 1247.1496582, 1153.6583252, 966.16394043, 1008.54064941, 902.473937988, 826.386169434, 620.105712891, 719.599182129, 641.028442383, 324.979400635, 289.184814453, 203.346328735, 149.005401611, 144.591171265, 160.027862549, 123.457458496, 127.332038879, 107.227851868, 96.3566513062, 77.7349472046, 52.0669250488, 13.1639471054, 4.34193706512, 1.97343790531, 0.38002666831, 0.017796413973, 0.000312862888677],
        "mean": [0.0675868317485, 0.894077777863, 4.36514425278, 5.78595590591, 7.64461421967, 7.21677398682, 6.22804260254, 5.22664880753, 16.2194786072, 10.0466480255, 30.3072032928, 49.6134300232, 42.0525894165, 65.725982666, 54.4798355103, 61.973449707, 73.4809036255, 63.6019744873, 71.5163574219, 54.2948760986, 59.9453620911, 54.5067367554, 38.2624397278, 37.0725059509, 26.3701381683, 15.6649885178, 13.9588184357, 14.9113273621, 10.1483469009, 12.5863599777, 7.9340968132, 5.33102703094, 3.76442408562, 2.08474159241, 0.610805213451, 0.185836911201, 0.0716369748116, 0.0203382745385, 0.000739667390008, 5.44688264199e-05],
        "median": [0.0413916297257, 0.456025779247, 1.70092022419, 3.25136017799, 2.49859881401, 3.31561493874, 3.06767463684, 3.16445422173, 8.8280916214, 6.918841362, 19.3893871307, 27.2375946045, 21.1665859222, 27.2006568909, 23.4322853088, 23.9159202576, 36.5849876404, 33.7074661255, 37.411781311, 27.297372818, 35.4960174561, 38.2648086548, 28.3715343475, 29.9688777924, 20.6846599579, 8.7699098587, 6.71138620377, 6.25573396683, 4.53415775299, 5.13601255417, 3.33589243889, 2.20619082451, 1.34178328514, 0.621252119541, 0.166003406048, 0.0492765083909, 0.0167627483606, 0.00330218789168, 9.97615716187e-05, 4.34927751485e-05],
        "min": [8.28193131302e-22, 5.25400366221e-21, 7.6692155506e-21, 2.19812487976e-20, 1.00974111858e-19, 1.72061037886e-19, 3.4760709109e-19, 7.41946164477e-19, 5.88432247834e-19, 7.76173709152e-19, 2.61729742732e-19, 5.29894226847e-19, 6.76861732725e-19, 2.55202134816e-18, 1.30317993829e-18, 4.39093608051e-18, 5.96881246386e-18, 7.01984924328e-18, 4.40131182052e-18, 8.60442372164e-18, 1.44574164241e-17, 7.88066384672e-18, 1.01441310964e-17, 1.68950101558e-17, 1.64083119726e-17, 1.02848849766e-17, 1.32215424145e-17, 1.36401859671e-17, 1.76840643596e-17, 2.21210148432e-17, 3.07471140056e-17, 2.23153625825e-17, 1.20617731571e-17, 1.16874482874e-17, 6.62397425059e-18, 5.66986401381e-18, 4.21113886179e-18, 1.18214149439e-18, 3.39420226074e-19, 3.99896622041e-20],
        "stdev": [0.0751515254378, 1.31983363628, 6.60801458359, 7.14247226715, 19.3365783691, 11.4959831238, 12.1714944839, 6.57743120193, 21.523853302, 10.9327125549, 34.5413093567, 66.3089523315, 81.2887039185, 114.615692139, 91.9487228394, 109.84161377, 108.511451721, 84.7092056274, 91.084274292, 75.5849990845, 69.7264633179, 55.8442268372, 36.0889472961, 30.8481998444, 21.7380504608, 17.7896308899, 17.7122116089, 21.5577087402, 14.5998783112, 18.8807506561, 11.77546978, 8.89732170105, 6.99409294128, 4.49106693268, 1.17530250549, 0.367398738861, 0.153577193618, 0.0427802316844, 0.00173121260013, 3.96718060074e-05],
        "var": [0.00564775196835, 1.74196088314, 43.6658554077, 51.0149116516, 373.90322876, 132.15763855, 148.145278931, 43.2626037598, 463.276245117, 119.524208069, 1193.10205078, 4396.87695312, 6607.85400391, 13136.7568359, 8454.56738281, 12065.1796875, 11774.734375, 7175.64892578, 8296.34472656, 5713.09179688, 4861.77929688, 3118.57763672, 1302.4119873, 951.611450195, 472.542877197, 316.470947266, 313.722412109, 464.734832764, 213.156448364, 356.482757568, 138.661697388, 79.1623382568, 48.9173355103, 20.1696834564, 1.38133609295, 0.134981840849, 0.023585954681, 0.00183014816139, 2.99709699902e-06, 1.57385227073e-09]
    },
    "gfcc": {
        "mean": [43.4379043579, 77.9271087646, -139.3409729, 32.640209198, -53.7190322876, 23.6124038696, -34.3755874634, 13.3261098862, -19.9343204498, -3.94339704514, -17.6909255981, -4.08825874329, -16.6661472321],
        "cov": [[3046.84838867, -788.836364746, 59.5576210022, 65.4550704956, -217.8697052, 38.0486564636, -119.007713318, -53.4837265015, -143.775222778, 74.2412796021, -183.508712769, 86.9407730103, -58.3344573975], [-788.836364746, 1448.37756348, -356.325134277, -31.3071670532, 395.435333252, 2.11519098282, 163.297042847, -19.5108203888, 122.681152344, -151.473724365, 202.549346924, -88.5464324951, 53.7903327942], [59.5576210022, -356.325134277, 565.949890137, 144.146286011, 3.2145345211, 76.1617126465, -19.385641098, 55.2530708313, -34.1004562378, 92.9156417847, -81.6717987061, 33.1148300171, -33.3087425232], [65.4550704956, -31.3071670532, 144.146286011, 225.006698608, 68.2130279541, 28.9889411926, -31.9867153168, 28.0756549835, 45.1594810486, 24.1067962646, -10.9304161072, -11.6364545822, 4.93086576462], [-217.8697052, 395.435333252, 3.2145345211, 68.2130279541, 299.249359131, 53.8096046448, 42.0748901367, 35.190700531, 57.3608512878, -13.4009971619, 30.2899932861, -22.8132209778, 9.08092880249], [38.0486564636, 2.11519098282, 76.1617126465, 28.9889411926, 53.8096046448, 139.854797363, 65.8446731567, 40.9804153442, -11.5340833664, 8.9198141098, 12.3709917068, 5.03220319748, -6.33521699905], [-119.007713318, 163.297042847, -19.385641098, -31.9867153168, 42.0748901367, 65.8446731567, 204.158081055, 38.415184021, 1.82349157333, -25.2303409576, 48.0377120972, 7.73442411423, -6.83315229416], [-53.4837265015, -19.5108203888, 55.2530708313, 28.0756549835, 35.190700531, 40.9804153442, 38.415184021, 124.679023743, 57.5163269043, 26.5186309814, 2.21395969391, -4.48235940933, -6.52341032028], [-143.775222778, 122.681152344, -34.1004562378, 45.1594810486, 57.3608512878, -11.5340833664, 1.82349157333, 57.5163269043, 130.360519409, 37.0566902161, 26.6100978851, -21.0492839813, 9.61197662354], [74.2412796021, -151.473724365, 92.9156417847, 24.1067962646, -13.4009971619, 8.9198141098, -25.2303409576, 26.5186309814, 37.0566902161, 103.073501587, -4.06096935272, 13.803565979, -6.13809251785], [-183.508712769, 202.549346924, -81.6717987061, -10.9304161072, 30.2899932861, 12.3709917068, 48.0377120972, 2.21395969391, 26.6100978851, -4.06096935272, 95.7548217773, 11.1457662582, 10.3362073898], [86.9407730103, -88.5464324951, 33.1148300171, -11.6364545822, -22.8132209778, 5.03220319748, 7.73442411423, -4.48235940933, -21.0492839813, 13.803565979, 11.1457662582, 63.6832847595, 12.0431480408], [-58.3344573975, 53.7903327942, -33.3087425232, 4.93086576462, 9.08092880249, -6.33521699905, -6.83315229416, -6.52341032028, 9.61197662354, -6.13809251785, 10.3362073898, 12.0431480408, 57.4309501648]],
        "icov": [[0.000504209776409, -0.000106397499621, 0.000537132204045, -0.000570663250983, 0.000325578439515, -0.000434558838606, 5.48452080693e-05, 2.50980428973e-05, 0.000477088178741, -0.000703805999365, 0.00140301918145, -0.00114424573258, 0.000714641995728], [-0.000106397499621, 0.00321149849333, -0.000425272475695, 0.00131515425164, -0.00344890053384, 0.00112253928091, -0.000861939974129, 0.00145481014624, -0.00185436639003, 0.00356126064435, -0.00544670550153, 0.00388002232648, -0.00188607326709], [0.000537132204045, -0.000425272475695, 0.00431898562238, -0.00299422233365, 0.00047017307952, -0.0012275360059, -0.000275593221886, -0.00129266886506, 0.00294210202992, -0.00407525617629, 0.00459793023765, -0.00328402593732, 0.00224969256669], [-0.000570663250983, 0.00131515425164, -0.00299422233365, 0.00805029273033, -0.00242903083563, -0.000372497248463, 0.00121330597904, 0.00122656545136, -0.00436204625294, 0.00361626665108, -0.00412390055135, 0.00370875955559, -0.0025314798113], [0.000325578439515, -0.00344890053384, 0.00047017307952, -0.00242903083563, 0.00825461838394, -0.0030497352127, 0.000687958381604, -0.0012172620045, 4.17791088694e-05, -0.00253418972716, 0.00561963487417, -0.00366468424909, 0.00182340515312], [-0.000434558838606, 0.00112253928091, -0.0012275360059, -0.000372497248463, -0.0030497352127, 0.0121200745925, -0.00323915830813, -0.0030421228148, 0.00372577016242, -0.000345743668731, -0.00445526698604, 0.00324665335938, -0.00162398477551], [5.48452080693e-05, -0.000861939974129, -0.000275593221886, 0.00121330597904, 0.000687958381604, -0.00323915830813, 0.00785654783249, -0.00216380506754, 5.87329013797e-05, 0.00177312851883, -0.00176476524211, -0.0018930057995, 0.00171615544241], [2.50980428973e-05, 0.00145481014624, -0.00129266886506, 0.00122656545136, -0.0012172620045, -0.0030421228148, -0.00216380506754, 0.0141277341172, -0.00849650241435, 0.00193328678142, -0.00014397969062, 0.000643597217277, 0.000531648052856], [0.000477088178741, -0.00185436639003, 0.00294210202992, -0.00436204625294, 4.17791088694e-05, 0.00372577016242, 5.87329013797e-05, -0.00849650241435, 0.0195564571768, -0.0102184955031, 0.0005061525153, 0.00237723928876, -0.00120624923147], [-0.000703805999365, 0.00356126064435, -0.00407525617629, 0.00361626665108, -0.00253418972716, -0.000345743668731, 0.00177312851883, 0.00193328678142, -0.0102184955031, 0.0210162680596, -0.00838393997401, 0.00141114660073, -0.000761909235734], [0.00140301918145, -0.00544670550153, 0.00459793023765, -0.00412390055135, 0.00561963487417, -0.00445526698604, -0.00176476524211, -0.00014397969062, 0.0005061525153, -0.00838393997401, 0.0284036435187, -0.013953124173, 0.00477412389591], [-0.00114424573258, 0.00388002232648, -0.00328402593732, 0.00370875955559, -0.00366468424909, 0.00324665335938, -0.0018930057995, 0.000643597217277, 0.00237723928876, 0.00141114660073, -0.013953124173, 0.0285559762269, -0.00995787605643], [0.000714641995728, -0.00188607326709, 0.00224969256669, -0.0025314798113, 0.00182340515312, -0.00162398477551, 0.00171615544241, 0.000531648052856, -0.00120624923147, -0.000761909235734, 0.00477412389591, -0.00995787605643, 0.0225732214749]]
    },
    "melbands": {
        "dmean": [0.000548036594409, 0.00163569243159, 0.000949883600697, 0.00051548430929, 0.000144708363223, 8.04077499197e-05, 0.000183772470336, 7.8001714428e-05, 0.000167832200532, 0.00020931425388, 0.000133350637043, 0.000187601646758, 0.000100960707641, 0.000170254119439, 0.000101017118141, 9.85279548331e-05, 8.71260272106e-05, 7.72882340243e-05, 5.33038401045e-05, 4.22038865509e-05, 4.53849643236e-05, 3.38591344189e-05, 2.66799233941e-05, 1.58424427354e-05, 1.52183129103e-05, 1.17074441732e-05, 7.89155001257e-06, 5.48023172087e-06, 4.55866393168e-06, 6.45917543807e-06, 4.40357553089e-06, 3.30313878294e-06, 4.06857589041e-06, 4.38026609118e-06, 2.61319769379e-06, 2.03051376957e-06, 1.77563276793e-06, 1.5845754433e-06, 1.54523229412e-06, 1.0783601283e-06],
        "dmean2": [0.000877040729392, 0.00264327088371, 0.00160474539734, 0.000874545774423, 0.000235227475059, 0.000127776176669, 0.000289438874461, 0.000129652456963, 0.000259067572188, 0.000331507035298, 0.00020777132886, 0.000290410098387, 0.00015999043535, 0.000267797731794, 0.000160896626767, 0.000157854199642, 0.000138765230076, 0.000123564474052, 8.31781289889e-05, 6.54515533824e-05, 7.09670130163e-05, 5.50132353965e-05, 4.24447134719e-05, 2.57621850324e-05, 2.379948819e-05, 1.83172251127e-05, 1.23164963952e-05, 8.56117731018e-06, 6.96940287526e-06, 9.45704960031e-06, 6.20790615358e-06, 4.92370327265e-06, 6.0888810367e-06, 6.44829424346e-06, 3.69808572032e-06, 2.7694968594e-06, 2.4141081667e-06, 2.14775059248e-06, 2.08426627069e-06, 1.46917273014e-06],
        "dvar": [7.16962233582e-07, 6.93160018272e-06, 1.86621889497e-06, 1.59262992838e-06, 6.58012737631e-08, 1.50104604302e-08, 6.2620522101e-08, 1.18886891443e-08, 5.59515171972e-08, 1.13103951094e-07, 8.81623307691e-08, 1.35346311936e-07, 4.83550124386e-08, 1.71534964011e-07, 3.00069196157e-08, 2.8478053693e-08, 2.41290400993e-08, 1.52448382806e-08, 7.25421411829e-09, 4.81471085223e-09, 4.60345095377e-09, 2.47773601636e-09, 1.33754163301e-09, 4.3688022644e-10, 3.08031100626e-10, 1.73937475534e-10, 1.62127700154e-10, 8.11381239973e-11, 5.13553123638e-11, 1.42758208033e-10, 5.74996474045e-11, 3.69184231797e-11, 5.6617641131e-11, 6.64573465703e-11, 1.94292169159e-11, 1.25639741666e-11, 1.08281101099e-11, 1.03219125955e-11, 9.59875061379e-12, 6.52036584448e-12],
        "dvar2": [1.72429668055e-06, 1.74751639861e-05, 4.98855024489e-06, 4.28506837125e-06, 1.6638824718e-07, 3.56504621379e-08, 1.3702798185e-07, 3.09911136753e-08, 1.27879303591e-07, 2.79875280285e-07, 1.71439111796e-07, 3.12708266392e-07, 1.18173176133e-07, 4.24822644618e-07, 6.72107134392e-08, 7.19763946222e-08, 5.84123505121e-08, 3.68191450661e-08, 1.76671317575e-08, 1.10028004485e-08, 1.05705861841e-08, 5.64914204304e-09, 2.92074053831e-09, 1.04681197044e-09, 7.37131300443e-10, 4.07872652319e-10, 3.92286036988e-10, 1.949835432e-10, 1.13322649875e-10, 3.12651460277e-10, 1.08309312907e-10, 8.1962277243e-11, 1.20869092513e-10, 1.4323461861e-10, 3.61017084283e-11, 2.43396327398e-11, 2.06002402636e-11, 1.93752201783e-11, 1.72646688612e-11, 1.21006668227e-11],
        "max": [0.00748058129102, 0.018775716424, 0.0107651930302, 0.0104395793751, 0.00591711141169, 0.00176017382182, 0.00298523949459, 0.00117846031208, 0.00276175700128, 0.0048039755784, 0.00499744340777, 0.00604904117063, 0.00425574928522, 0.00516706658527, 0.00234922836535, 0.00185538164806, 0.00172876345459, 0.00141635851469, 0.00103087828029, 0.000895083474461, 0.00106546538882, 0.000711831264198, 0.000501092057675, 0.00023132096976, 0.000250654411502, 0.000174726839759, 0.000201561662834, 0.00010799321899, 7.50068284106e-05, 0.000160268988111, 8.48283161758e-05, 6.56206029817e-05, 8.45701724757e-05, 6.9028850703e-05, 7.33457127353e-05, 7.24207566236e-05, 5.42016096006e-05, 5.59919353691e-05, 4.69050210086e-05, 4.74725129607e-05],
        "mean": [0.000771060178522, 0.0018721469678, 0.00104763859417, 0.000553627731279, 0.000221905458602, 0.000122831741464, 0.000246209208854, 0.000112213674583, 0.000272901554126, 0.000302742118947, 0.000206177035579, 0.00027106583002, 0.000154517969349, 0.00021631650452, 0.000143253259012, 0.00014023532276, 0.00011723255011, 0.000115012764581, 8.11474455986e-05, 6.67493222863e-05, 7.05439961166e-05, 5.70321644773e-05, 4.40718795289e-05, 2.91526666842e-05, 3.04396635329e-05, 2.35029710893e-05, 1.37550268846e-05, 9.53644757828e-06, 8.06265234132e-06, 1.00042507256e-05, 7.858088793e-06, 5.2867658269e-06, 6.54862833471e-06, 6.9313032327e-06, 4.60440742245e-06, 3.64661218555e-06, 3.09847018798e-06, 2.6764746508e-06, 2.29193938139e-06, 1.61461105108e-06],
        "median": [0.000443252094556, 0.000829413940664, 0.000572929857299, 0.000199376605451, 0.000123299774714, 7.21492469893e-05, 0.000137334121973, 7.82580973464e-05, 0.000169669889146, 0.00017576557002, 9.9350225355e-05, 0.000109000226075, 6.602119538e-05, 6.75318442518e-05, 6.77138013998e-05, 7.09251107764e-05, 5.6281201978e-05, 5.85367815802e-05, 4.00032222387e-05, 3.34365649906e-05, 4.0334318328e-05, 3.82113757951e-05, 3.03484048345e-05, 2.03689905902e-05, 2.35534607782e-05, 1.80675488082e-05, 8.37350307847e-06, 4.88186651637e-06, 3.94699691242e-06, 3.89153956348e-06, 3.41207851307e-06, 2.24146606342e-06, 2.77589083453e-06, 2.72702050097e-06, 1.93993514586e-06, 1.59231740327e-06, 1.22274116165e-06, 9.57653924161e-07, 6.90199328801e-07, 4.41981825361e-07],
        "min": [7.25206851032e-24, 5.12770869105e-24, 5.97736316193e-24, 9.95807598539e-24, 1.17474736314e-23, 1.644519712e-23, 9.94353017916e-24, 7.39768276709e-24, 1.86227794124e-24, 3.59426643207e-24, 3.11322575739e-24, 9.99550980193e-24, 4.09787602283e-24, 8.76796334731e-24, 1.13785612513e-23, 1.56048567298e-23, 1.25110089461e-23, 5.33584806317e-24, 1.1450493533e-23, 1.40767810916e-23, 1.73294723294e-23, 7.44688323289e-24, 9.30543005926e-24, 9.14164991356e-24, 1.39003460392e-23, 1.57421169496e-23, 7.22931223978e-24, 6.41454672016e-24, 9.25916731147e-24, 5.67607588298e-24, 9.04494345519e-24, 7.64536458095e-24, 1.50801316992e-23, 1.12675038354e-23, 1.65076591264e-23, 1.94431699047e-23, 1.11143094142e-23, 8.13902111366e-24, 8.72157832609e-24, 1.02090923143e-23],
        "stdev": [0.000949595589191, 0.00270230928436, 0.00132926576771, 0.00115569087211, 0.000364002946299, 0.00015936823911, 0.000320929306326, 0.000115954731882, 0.000313464784995, 0.000390540837543, 0.000420718599344, 0.000488968682475, 0.000274658581475, 0.000447636266472, 0.000217010645429, 0.000196296023205, 0.000174758388312, 0.000153444736497, 0.000109779546619, 9.06601344468e-05, 8.92584794201e-05, 6.2417027948e-05, 4.72605461255e-05, 2.8626222047e-05, 2.65533635684e-05, 2.01921575353e-05, 1.57137365022e-05, 1.16114752018e-05, 1.00671695691e-05, 1.55676298164e-05, 1.13957748908e-05, 7.78057528805e-06, 9.82203437161e-06, 1.07052183012e-05, 7.0477326517e-06, 5.77480977881e-06, 5.39920938536e-06, 4.97097289553e-06, 4.57920396002e-06, 3.71662440557e-06],
        "var": [9.01731823433e-07, 7.30247529646e-06, 1.76694743459e-06, 1.33562127758e-06, 1.32498144012e-07, 2.53982346266e-08, 1.02995628026e-07, 1.34454998246e-08, 9.82601804367e-08, 1.525221478e-07, 1.77004139346e-07, 2.39090383047e-07, 7.54373346012e-08, 2.00378224235e-07, 4.70936178942e-08, 3.85321285989e-08, 3.05404945777e-08, 2.35452866093e-08, 1.2051549092e-08, 8.21925993932e-09, 7.9670758879e-09, 3.89588494798e-09, 2.23355911544e-09, 8.19460610479e-10, 7.05081104613e-10, 4.077232163e-10, 2.46921538771e-10, 1.34826358411e-10, 1.01347895354e-10, 2.42351083646e-10, 1.29863689247e-10, 6.05373459694e-11, 9.647235788e-11, 1.14601696188e-10, 4.96705350461e-11, 3.33484281856e-11, 2.91514624939e-11, 2.47105721302e-11, 2.09691101288e-11, 1.38132968605e-11]
    },
    "melbands128": {
