{
"lowlevel": {
    "average_loudness": 0.890714526176,
    "barkbands_crest": {
        "dmean": 3.09770870209,
        "dmean2": 4.70977544785,
        "dvar": 9.11971855164,
        "dvar2": 19.7192840576,
        "max": 25.8897476196,
        "mean": 11.8835487366,
        "median": 11.106086731,
        "min": 2.38776731491,
        "stdev": 5.62523460388,
        "var": 31.6432628632
    },
    "barkbands_flatness_db": {
        "dmean": 0.0301437415183,
        "dmean2": 0.0431974567473,
        "dvar": 0.000759219401516,
        "dvar2": 0.00147413066588,
        "max": 0.387250959873,
        "mean": 0.154623359442,
        "median": 0.149290263653,
        "min": 0.0382578000426,
        "stdev": 0.0532605424523,
        "var": 0.00283668539487
    },
    "barkbands_kurtosis": {
        "dmean": 6.43442583084,
        "dmean2": 9.71081829071,
        "dvar": 278.193786621,
        "dvar2": 603.026000977,
        "max": 418.325744629,
        "mean": 8.11016178131,
        "median": 2.07799243927,
        "min": -1.75468444824,
        "stdev": 20.6062870026,
        "var": 424.619049072
    },
    "barkbands_skewness": {
        "dmean": 0.922693789005,
        "dmean2": 1.3132622242,
        "dvar": 0.962654769421,
        "dvar2": 1.72865009308,
        "max": 17.5590000153,
        "mean": 1.82931411266,
        "median": 1.56858384609,
        "min": -3.86326980591,
        "stdev": 2.0460050106,
        "var": 4.18613624573
    },
    "barkbands_spread": {
        "dmean": 8.53554344177,
        "dmean2": 12.8821601868,
        "dvar": 84.4025039673,
        "dvar2": 182.085235596,
        "max": 88.2099304199,
        "mean": 23.6368808746,
        "median": 21.7457237244,
        "min": 0.639336228371,
        "stdev": 13.9267845154,
        "var": 193.955322266
    },
    "dissonance": {
        "dmean": 0.0183764956892,
        "dmean2": 0.030114242807,
        "dvar": 0.00041845990927,
        "dvar2": 0.000979706877843,
        "max": 0.500000119209,
        "mean": 0.470854073763,
        "median": 0.478056192398,
        "min": 0.210010632873,
        "stdev": 0.0268111005425,
        "var": 0.000718835159205
    },
    "dynamic_complexity": 2.30891704559,
    "erbbands_crest": {
        "dmean": 3.31615376472,
        "dmean2": 5.39105701447,
        "dvar": 9.49053287506,
        "dvar2": 24.4145832062,
        "max": 28.8659973145,
        "mean": 8.80399131775,
        "median": 7.76266050339,
        "min": 2.70886683464,
        "stdev": 4.30305528641,
        "var": 18.5162849426
    },
    "erbbands_flatness_db": {
        "dmean": 0.0236032214016,
        "dmean2": 0.0356088988483,
        "dvar": 0.000425363570685,
        "dvar2": 0.00092783785658,
        "max": 0.33867675066,
        "mean": 0.160420000553,
        "median": 0.158975675702,
        "min": 0.0669569596648,
        "stdev": 0.0461016483605,
        "var": 0.0021253619343
    },
    "erbbands_kurtosis": {
        "dmean": 1.28921473026,
        "dmean2": 2.10402727127,
        "dvar": 3.53293251991,
        "dvar2": 8.61986446381,
        "max": 21.0760135651,
        "mean": 0.449595630169,
        "median": -0.158069610596,
        "min": -1.79031264782,
        "stdev": 2.26066946983,
        "var": 5.1106262207
    },
    "erbbands_skewness": {
        "dmean": 0.544387340546,
        "dmean2": 0.803932130337,
        "dvar": 0.25204873085,
        "dvar2": 0.535297930241,
        "max": 4.27480554581,
        "mean": 0.209213107824,
        "median": 0.17726649344,
        "min": -3.74897575378,
        "stdev": 0.887636363506,
        "var": 0.787898302078
    },
    "erbbands_spread": {
        "dmean": 13.5568056107,
        "dmean2": 21.2014904022,
        "dvar": 193.366775513,
        "dvar2": 430.920257568,
        "max": 172.664459229,
        "mean": 44.4763755798,
        "median": 40.8876571655,
        "min": 7.04597806931,
        "stdev": 20.6383247375,
        "var": 425.940460205
    },
    "hfc": {
        "dmean": 14.0194530487,
        "dmean2": 19.0473842621,
        "dvar": 245.01524353,
        "dvar2": 460.939788818,
        "max": 183.781936646,
        "mean": 29.6359272003,
        "median": 23.3319282532,
        "min": 0.000249327189522,
        "stdev": 23.9444885254,
        "var": 573.338562012
    },
    "loudness_ebu128": {
        "integrated": -9.267162323,
        "loudness_range": 3.72545051575,
        "momentary": {
            "dmean": 0.738927602768,
            "dmean2": 1.04487240314,
            "dvar": 0.389997065067,
            "dvar2": 0.668430089951,
            "max": -5.54403400421,
            "mean": -9.76080322266,
            "median": -9.81455039978,
            "min": -15.0805807114,
            "stdev": 2.11050343513,
            "var": 4.45422506332
        },
        "short_term": {
            "dmean": 0.0994249656796,
            "dmean2": 0.13464692235,
            "dvar": 0.00825903657824,
            "dvar2": 0.0113240247592,
            "max": -7.78311252594,
            "mean": -9.46162796021,
            "median": -9.08808898926,
            "min": -12.0352125168,
            "stdev": 1.21063971519,
            "var": 1.46564853191
        }
    },
    "melbands_crest": {
        "dmean": 4.27293014526,
        "dmean2": 6.59309244156,
        "dvar": 16.8910217285,
        "dvar2": 36.4542617798,
        "max": 36.3266143799,
        "mean": 18.8774337769,
        "median": 17.6559906006,
        "min": 2.71302390099,
        "stdev": 9.0796918869,
        "var": 82.4408111572
    },
    "melbands_flatness_db": {
        "dmean": 0.0377689301968,
        "dmean2": 0.0503074601293,
        "dvar": 0.00125736510381,
        "dvar2": 0.00214998959564,
        "max": 0.520410358906,
        "mean": 0.18708793819,
        "median": 0.178297325969,
        "min": 0.0189447384328,
        "stdev": 0.089880079031,
        "var": 0.00807842798531
    },
    "melbands_kurtosis": {
        "dmean": 17.0681800842,
        "dmean2": 25.8812065125,
        "dvar": 1360.41601562,
        "dvar2": 3012.09838867,
        "max": 837.300170898,
        "mean": 25.1025600433,
        "median": 8.92368412018,
        "min": -1.87986040115,
        "stdev": 50.2628555298,
        "var": 2526.35449219
    },
    "melbands_skewness": {
        "dmean": 1.28908920288,
        "dmean2": 1.88654589653,
        "dvar": 1.91481590271,
        "dvar2": 3.69173264503,
        "max": 20.8371143341,
        "mean": 3.34857201576,
        "median": 2.69796824455,
        "min": -1.07881176472,
        "stdev": 2.7589173317,
        "var": 7.61162424088
    },
    "melbands_spread": {
        "dmean": 13.9656181335,
        "dmean2": 20.7562961578,
        "dvar": 433.924041748,
        "dvar2": 817.16595459,
        "max": 257.166809082,
        "mean": 32.9533996582,
        "median": 21.1894397736,
        "min": 0.354090094566,
        "stdev": 34.9675788879,
        "var": 1222.73144531
    },
    "pitch_salience": {
        "dmean": 0.0895523130894,
        "dmean2": 0.137271612883,
        "dvar": 0.00762621918693,
        "dvar2": 0.0163819715381,
        "max": 0.90928119421,
        "mean": 0.491317003965,
        "median": 0.495452523232,
        "min": 0.0706095919013,
        "stdev": 0.167726904154,
        "var": 0.0281323119998
    },
    "silence_rate_20dB": {
        "dmean": 0,
        "dmean2": 0,
        "dvar": 0,
        "dvar2": 0,
        "max": 1,
        "mean": 1,
        "median": 1,
        "min": 1,
        "stdev": 0,
        "var": 0
    },
    "silence_rate_30dB": {
        "dmean": 0.0386996902525,
        "dmean2": 0.0774593353271,
        "dvar": 0.0372021980584,
        "dvar2": 0.0761062502861,
        "max": 1,
        "mean": 0.896365046501,
        "median": 1,
        "min": 0,
        "stdev": 0.304787158966,
        "var": 0.0928952097893
    },
    "silence_rate_60dB": {
        "dmean": 0.0425696596503,
        "dmean2": 0.0844306722283,
        "dvar": 0.040757291019,
        "dvar2": 0.0958912596107,
        "max": 1,
        "mean": 0.0425367355347,
        "median": 0,
        "min": 0,
        "stdev": 0.201809510589,
        "var": 0.0407270789146
    },
    "spectral_centroid": {
        "dmean": 471.547180176,
        "dmean2": 683.020874023,
        "dvar": 239621.796875,
        "dvar2": 417987.8125,
        "max": 5136.54394531,
        "mean": 1762.42822266,
        "median": 1585.01635742,
        "min": 179.76171875,
        "stdev": 916.973815918,
        "var": 840841
    },
    "spectral_complexity": {
        "dmean": 7.21130037308,
        "dmean2": 10.0007743835,
        "dvar": 58.6078529358,
        "dvar2": 88.591178894,
        "max": 57,
        "mean": 20.0843009949,
        "median": 17,
        "min": 0,
        "stdev": 12.3445539474,
        "var": 152.388015747
    },
    "spectral_decrease": {
        "dmean": 4.20085877195e-09,
        "dmean2": 5.86993964546e-09,
        "dvar": 6.62595030235e-17,
        "dvar2": 1.07767134994e-16,
        "max": -1.57573810228e-14,
        "mean": -1.26761774411e-08,
        "median": -5.13427611537e-09,
        "min": -8.81589059532e-08,
        "stdev": 1.69604064126e-08,
        "var": 2.87655406442e-16
    },
    "spectral_energy": {
        "dmean": 0.0166372284293,
        "dmean2": 0.0231918487698,
        "dvar": 0.000962189456914,
        "dvar2": 0.00156496732961,
        "max": 0.335254132748,
        "mean": 0.050530873239,
        "median": 0.022746456787,
        "min": 8.20868493179e-08,
        "stdev": 0.0646134465933,
        "var": 0.00417489791289
    },
    "spectral_energyband_high": {
        "dmean": 0.00131323595997,
        "dmean2": 0.0018032991793,
        "dvar": 2.6474428978e-06,
        "dvar2": 4.73602722195e-06,
        "max": 0.0161373242736,
        "mean": 0.00205119140446,
        "median": 0.000963255239185,
        "min": 2.44267184257e-08,
        "stdev": 0.00243231700733,
        "var": 5.91616617385e-06
    },
    "spectral_energyband_low": {
        "dmean": 0.0114123532549,
        "dmean2": 0.0162769854069,
        "dvar": 0.000988608808257,
        "dvar2": 0.0017335510347,
        "max": 0.321985244751,
        "mean": 0.0336653366685,
        "median": 9.49498644331e-05,
        "min": 2.81959522397e-09,
        "stdev": 0.0609653145075,
        "var": 0.00371676962823
    },
    "spectral_energyband_middle_high": {
        "dmean": 0.00265592732467,
        "dmean2": 0.00379083165899,
        "dvar": 1.11397321234e-05,
        "dvar2": 2.23561473831e-05,
        "max": 0.0336731225252,
        "mean": 0.00518544623628,
        "median": 0.00379416137002,
        "min": 1.60984843234e-08,
        "stdev": 0.00493643805385,
        "var": 2.43684226007e-05
    },
    "spectral_energyband_middle_low": {
        "dmean": 0.00743503682315,
        "dmean2": 0.012356357649,
        "dvar": 0.000256077328231,
        "dvar2": 0.0007269300404,
        "max": 0.141198530793,
        "mean": 0.0104136290029,
        "median": 0.00710210809484,
        "min": 4.02907573971e-08,
        "stdev": 0.0142183927819,
        "var": 0.000202162686037
    },
    "spectral_entropy": {
        "dmean": 0.22095246613,
        "dmean2": 0.309768110514,
        "dvar": 0.0491130799055,
        "dvar2": 0.0891491770744,
        "max": 8.85327339172,
        "mean": 7.85942840576,
        "median": 7.90699577332,
        "min": 5.90758800507,
        "stdev": 0.414726167917,
        "var": 0.171997785568
    },
    "spectral_flux": {
        "dmean": 0.0399421490729,
        "dmean2": 0.0609390065074,
        "dvar": 0.00314643839374,
        "dvar2": 0.0060724648647,
        "max": 0.618591666222,
        "mean": 0.10935395956,
        "median": 0.0903755873442,
        "min": 0.000286508031422,
        "stdev": 0.0805773064494,
        "var": 0.00649270182475
    },
    "spectral_kurtosis": {
        "dmean": 1.2045429945,
        "dmean2": 1.82682263851,
        "dvar": 1.95865488052,
        "dvar2": 3.85585260391,
        "max": 24.6751270294,
        "mean": 2.81567931175,
        "median": 2.36316156387,
        "min": -1.12737262249,
        "stdev": 2.20209884644,
        "var": 4.8492398262
    },
    "spectral_rms": {
        "dmean": 0.00112845934927,
        "dmean2": 0.00152613711543,
        "dvar": 2.1937908059e-06,
        "dvar2": 3.33122102347e-06,
        "max": 0.0180852748454,
        "mean": 0.00592327630147,
        "median": 0.0047108028084,
        "min": 8.94900767889e-06,
        "stdev": 0.00377004430629,
        "var": 1.42132339533e-05
    },
    "spectral_rolloff": {
        "dmean": 993.394836426,
        "dmean2": 1503.22119141,
        "dvar": 2265208.75,
        "dvar2": 4358816.5,
        "max": 12381.5917969,
        "mean": 2416.18261719,
        "median": 1399.65820312,
        "min": 64.599609375,
        "stdev": 2706.62329102,
        "var": 7325809
    },
    "spectral_skewness": {
        "dmean": 0.245792537928,
        "dmean2": 0.350706905127,
        "dvar": 0.049653634429,
        "dvar2": 0.0887482911348,
        "max": 3.67278862,
        "mean": 1.32862985134,
        "median": 1.3181579113,
        "min": 0.0403318852186,
        "stdev": 0.426802098751,
        "var": 0.182160019875
    },
    "spectral_spread": {
        "dmean": 825553.875,
        "dmean2": 1178538.875,
        "dvar": 780086411264,
        "dvar2": 1.41684585267e+12,
        "max": 14785588,
        "mean": 5615681,
        "median": 5405933,
        "min": 2296281.5,
        "stdev": 1546035.75,
        "var": 2.3902266327e+12
    },
    "spectral_strongpeak": {
        "dmean": 0.528197288513,
        "dmean2": 0.878219664097,
        "dvar": 0.665544986725,
        "dvar2": 1.75324630737,
        "max": 10.1638813019,
        "mean": 0.921648442745,
        "median": 0.638651013374,
        "min": 0,
        "stdev": 0.891275942326,
        "var": 0.794372797012
    },
    "zerocrossingrate": {
        "dmean": 0.0221272278577,
        "dmean2": 0.0232593584806,
        "dvar": 0.000643013161607,
        "dvar2": 0.000592558644712,
        "max": 0.3935546875,
        "mean": 0.0883536040783,
        "median": 0.0703125,
        "min": 0.0029296875,
        "stdev": 0.0718279778957,
        "var": 0.00515925837681
    },
    "barkbands": {
        "dmean": [0.00136236858089, 0.0100329304114, 0.00358857354149, 0.00167432089802, 0.00181488727685, 0.00117398914881, 0.00264616915956, 0.00167235266417, 0.000699059921317, 0.000189265352674, 0.0005169918295, 0.000675831339322, 0.000557026534807, 0.000445705867605, 0.000385603227187, 0.000257556181168, 0.000235659841564, 0.000309449795168, 0.000238164240727, 0.000330409355229, 0.000271060998784, 0.000390924949897, 0.000247681164183, 0.000194737687707, 0.000140803764225, 6.11590512563e-05, 4.57795704278e-06],
        "dmean2": [0.00205399980769, 0.0151674728841, 0.00643172953278, 0.00312127452344, 0.00299514364451, 0.0020107103046, 0.00433061178774, 0.00278289034031, 0.00110810552724, 0.000300807907479, 0.000813672551885, 0.00103551195934, 0.000893333461136, 0.000691981462296, 0.000607999856584, 0.000404689810239, 0.000365629530279, 0.000472223997349, 0.000349990703398, 0.000496945693158, 0.000402007339289, 0.000574599951506, 0.000350605812855, 0.000279804080492, 0.000195264510694, 9.43976410781e-05, 8.01385158411e-06],
        "dvar": [1.221585444e-05, 0.00102085340768, 0.00028973800363, 6.81770907249e-05, 1.39294570545e-05, 8.01578062237e-06, 2.56421299127e-05, 1.53725304699e-05, 2.49355230153e-06, 9.81028378533e-08, 2.28034491556e-06, 1.46503532505e-06, 1.13164924187e-06, 6.96753659213e-07, 5.67634003801e-07, 2.11736988831e-07, 1.04772460929e-07, 2.30119752587e-07, 1.10162467593e-07, 2.68071886467e-07, 1.60805200267e-07, 2.98447190517e-07, 8.8708191015e-08, 1.00181331675e-07, 5.40357660839e-08, 1.78715939825e-08, 3.43918643564e-10],
        "dvar2": [2.31913945754e-05, 0.00209197867662, 0.000814536295366, 0.000200741909794, 3.7304329453e-05, 2.11643509829e-05, 6.7442029831e-05, 3.58350662282e-05, 5.7119750636e-06, 2.21977714432e-07, 5.39363418284e-06, 3.22978007716e-06, 2.69145380116e-06, 1.75438935912e-06, 1.18883872346e-06, 5.26969131442e-07, 2.41909248189e-07, 4.77819469324e-07, 1.92624412421e-07, 5.65861967061e-07, 2.84546217699e-07, 6.48208356324e-07, 1.73583018181e-07, 2.07869859992e-07, 9.37383859423e-08, 3.94129848758e-08, 9.243373289e-10],
        "max": [0.0410551838577, 0.305840313435, 0.160663172603, 0.0731649771333, 0.0359184443951, 0.0309962294996, 0.0566108413041, 0.069582901895, 0.0183646287769, 0.00519325630739, 0.0232102703303, 0.0210120696574, 0.0115589573979, 0.0110117457807, 0.00922502763569, 0.00561248511076, 0.00366570590995, 0.00471989251673, 0.00302551384084, 0.00391423236579, 0.00251214811578, 0.0039135995321, 0.00342944054864, 0.00418535014614, 0.00390346208587, 0.00229220464826, 0.000309828697937],
        "mean": [0.00397745287046, 0.0252520889044, 0.00371863762848, 0.0014304057695, 0.00219587096944, 0.00120618112851, 0.00297730253078, 0.00169261742849, 0.000814341881778, 0.000256726722, 0.000600406259764, 0.000872036442161, 0.0007535306504, 0.000567093433347, 0.000516767264344, 0.000342845829437, 0.000353266601451, 0.000392828223994, 0.000364607578376, 0.000381068588467, 0.000344539846992, 0.000504559546243, 0.000401106633944, 0.00030537348357, 0.00022120475478, 8.38334672153e-05, 4.12971212427e-06],
        "median": [6.03878731908e-07, 2.61591821982e-06, 1.23348909256e-05, 6.53522074572e-05, 0.0010465827072, 0.000345895299688, 0.000887729227543, 0.000366703607142, 0.000215660940739, 0.000122477169498, 0.000157237329404, 0.000271606462775, 0.00029817034374, 0.000215285748709, 0.000182215779205, 0.000184083794011, 0.000221005408093, 0.000171097039129, 0.000161923409905, 0.000121661738376, 8.88068097993e-05, 0.000185287164641, 0.000230487174122, 0.000160095500178, 8.63629829837e-05, 2.84106772597e-05, 5.51903838186e-07],
        "min": [4.2350199736e-11, 6.53864129507e-10, 1.25874444201e-09, 1.85742787817e-09, 4.45533654414e-09, 1.31707977857e-09, 3.00834068767e-09, 1.05329647226e-08, 1.7361209359e-08, 2.70368727406e-09, 5.27942578543e-10, 9.41123179388e-10, 3.20637716378e-09, 1.88349558172e-09, 3.58580137805e-10, 1.67153590969e-09, 2.77876077703e-09, 4.81597151047e-10, 2.17367412958e-09, 5.22353438281e-10, 6.74510280962e-10, 2.0819326263e-09, 1.10692273125e-08, 7.50276374362e-09, 1.16751264212e-09, 1.78733916556e-09, 2.59619094885e-13],
        "stdev": [0.00700090685859, 0.0520815514028, 0.0139485383406, 0.00618766853586, 0.00367493741214, 0.00267007132061, 0.00577317690477, 0.00399884860963, 0.00182002829388, 0.000392898422433, 0.00168169196695, 0.00162365811411, 0.00131781108212, 0.000967050960753, 0.000937282689847, 0.000513147853781, 0.000406503560953, 0.000550375669263, 0.000449367071269, 0.000592669530306, 0.000507711956743, 0.000692794914357, 0.000470677448902, 0.000443442317192, 0.000369673885871, 0.000183221622137, 1.8150327378e-05],
        "var": [4.90126949444e-05, 0.00271248794161, 0.000194561725948, 3.82872422051e-05, 1.35051641337e-05, 7.12928067514e-06, 3.33295720338e-05, 1.59907885973e-05, 3.31250294039e-06, 1.5436917522e-07, 2.82808787233e-06, 2.63626566266e-06, 1.73662613179e-06, 9.35187529194e-07, 8.78498894963e-07, 2.63320742988e-07, 1.65245140238e-07, 3.02913406358e-07, 2.01930774324e-07, 3.51257199327e-07, 2.57771432643e-07, 4.79964796796e-07, 2.2153724899e-07, 1.96641082084e-07, 1.36658783845e-07, 3.35701635379e-08, 3.29434396429e-10]
    },
    "erbbands": {
        "dmean": [0.466636389494, 1.97149407864, 3.76463747025, 5.43603420258, 4.60736942291, 6.93886423111, 8.07982158661, 10.3369817734, 29.0202388763, 46.4381484985, 27.8523902893, 16.0436286926, 6.37502813339, 8.84180641174, 23.8019371033, 26.871805191, 24.0348377228, 23.1871910095, 20.3764762878, 17.2441329956, 13.1379404068, 13.3302278519, 17.5736751556, 11.1892881393, 14.4738397598, 17.0889339447, 10.9126806259, 11.9619092941, 16.00248909, 8.3816614151, 7.11462688446, 4.82663536072, 2.9761223793, 1.80331349373, 0.949656844139, 0.363656044006, 0.0923473909497, 0.0150061594322, 0.000432236876804, 2.89471572614e-05],
        "dmean2": [0.696534216404, 2.81178998947, 6.2884016037, 9.93745422363, 7.99034023285, 11.4653377533, 13.3620996475, 17.3081932068, 47.584854126, 75.2504882812, 45.7122459412, 25.3829479218, 9.9597492218, 14.0645713806, 37.0994606018, 40.9439849854, 37.6318397522, 36.0146141052, 31.5195636749, 26.9692363739, 20.0876350403, 20.1053123474, 26.4833641052, 17.0542354584, 21.3369655609, 25.7805633545, 16.0424480438, 17.8013420105, 24.0599060059, 11.7320728302, 10.2105083466, 6.83993911743, 4.35601520538, 2.51009726524, 1.373513937, 0.549981534481, 0.144818142056, 0.0244549941272, 0.000726208323613, 4.10265165556e-05],
        "dvar": [1.85983550549, 48.7276191711, 265.497680664, 764.14263916, 253.799804688, 157.706771851, 325.698394775, 591.886291504, 4090.52978516, 8898.33007812, 4050.99267578, 1440.73901367, 118.428504944, 366.274780273, 3812.07861328, 2334.69750977, 2210.3996582, 2014.35803223, 1269.53076172, 1063.47521973, 521.595031738, 344.59173584, 785.667114258, 222.491897583, 453.24621582, 771.83782959, 266.319458008, 298.256164551, 586.974243164, 121.209533691, 72.5081329346, 51.2146034241, 23.3038959503, 9.888463974, 2.62719988823, 0.547388672829, 0.0453037209809, 0.00242421170697, 2.95828749586e-06, 2.2429569313e-09],
        "dvar2": [3.88653111458, 104.658439636, 705.148925781, 2223.90942383, 724.920349121, 410.956176758, 837.458435059, 1547.33728027, 11393.6328125, 21248.5214844, 10006.4150391, 3179.66137695, 258.50592041, 816.148620605, 9105.15625, 5190.68847656, 5401.46582031, 4997.83251953, 2810.61938477, 2511.86621094, 1238.83679199, 739.589416504, 1675.79321289, 418.747924805, 856.489562988, 1738.70202637, 490.629547119, 546.877258301, 1322.04309082, 243.563858032, 146.064208984, 102.200424194, 50.6375846863, 19.6881027222, 4.69240665436, 1.18062925339, 0.100134648383, 0.00630412250757, 7.91309594206e-06, 4.63564875375e-09],
        "max": [14.4624242783, 76.7537918091, 144.536300659, 259.835479736, 150.288650513, 106.427268982, 159.862213135, 317.161560059, 969.805969238, 1034.4185791, 851.941467285, 512.388305664, 199.932846069, 292.216522217, 1106.21130371, 624.378417969, 588.46862793, 637.837341309, 476.491027832, 445.325195312, 355.886932373, 246.999633789, 288.825286865, 114.12865448, 178.17225647, 218.045730591, 103.231636047, 110.366867065, 167.539505005, 126.191734314, 88.1960449219, 90.7981185913, 61.700592041, 63.7947502136, 23.9487361908, 11.2588319778, 3.8204240799, 0.889443695545, 0.0330129116774, 0.000750048551708],
        "mean": [1.23204505444, 3.64187908173, 4.41092777252, 5.18770503998, 4.88984537125, 8.17337322235, 8.87474060059, 10.9582939148, 33.8661880493, 49.4841346741, 30.0083866119, 19.4773445129, 9.08271884918, 11.706615448, 29.6423225403, 35.4422454834, 33.9834098816, 31.9587802887, 27.8678913116, 24.2629318237, 18.7277107239, 20.8743152618, 22.6407413483, 17.6213626862, 19.9839859009, 18.7556324005, 13.5415115356, 14.8566608429, 18.9852352142, 13.6688585281, 11.3071308136, 7.53509902954, 4.49567699432, 2.62301158905, 1.48309397697, 0.525183796883, 0.123091861606, 0.0175521560013, 0.000505150354002, 7.70544138504e-05],
        "median": [0.000116903436719, 0.00116084993351, 0.0188393164426, 0.288784503937, 1.79611957073, 3.58434581757, 2.2453558445, 3.71503973007, 10.1939315796, 15.4102258682, 7.77953910828, 5.96284484863, 4.31172418594, 4.52835655212, 9.06735706329, 11.7302799225, 15.4944953918, 12.4334945679, 11.7599344254, 10.6658287048, 10.7365369797, 12.2269983292, 10.5888681412, 9.39901638031, 7.27803373337, 6.11869335175, 3.58458209038, 4.12214326859, 5.63350105286, 7.25251865387, 6.6636929512, 4.22573471069, 1.96936297417, 0.88896137476, 0.580545723438, 0.207043141127, 0.0359615907073, 0.00482706585899, 0.000150197709445, 5.50508957531e-05],
        "min": [1.31900588229e-08, 1.80241244152e-07, 1.16831290597e-06, 4.26928863817e-06, 1.00789438875e-05, 1.59142364282e-05, 1.56094902195e-05, 9.43950362853e-06, 2.45076244028e-05, 0.000110375069198, 0.000292059936328, 0.000400731834816, 0.000195125496248, 3.6123656173e-05, 1.86388224392e-05, 4.55067420262e-05, 0.000120666329167, 0.000161055228091, 1.80608130904e-05, 2.79465311905e-05, 0.000127769002574, 0.000155926507432, 4.63786054752e-05, 8.49168791319e-05, 8.74554098118e-05, 2.16108655877e-05, 1.22311876112e-05, 4.34841786046e-05, 7.58535388741e-05, 7.66588855186e-05, 0.000304841727484, 0.000361247221008, 3.53988179995e-05, 4.7226812967e-06, 1.38192581289e-05, 1.49872694237e-05, 1.00279498838e-06, 1.04246709043e-07, 7.59278062645e-09, 8.49083081622e-10],
        "stdev": [2.33275723457, 9.61381053925, 15.0395278931, 21.1677970886, 13.0638389587, 13.2333841324, 19.0902061462, 23.0552387238, 75.462638855, 97.5941314697, 66.000289917, 43.4361915588, 13.8039503098, 22.0294837952, 70.7799453735, 63.9374008179, 56.7132263184, 53.3463287354, 44.2636909485, 37.8720169067, 26.5697784424, 24.2688884735, 31.7693328857, 20.331949234, 27.3352165222, 30.2967414856, 20.1630210876, 21.8894004822, 28.3388977051, 17.5193901062, 12.9904699326, 10.3103971481, 6.65166187286, 4.61705493927, 2.50989723206, 1.03886461258, 0.288186013699, 0.0532268509269, 0.00171801506076, 8.25517126941e-05],
        "var": [5.44175577164, 92.4253463745, 226.187408447, 448.075653076, 170.663894653, 175.122467041, 364.436004639, 531.544006348, 5694.60986328, 9524.61523438, 4356.03808594, 1886.70263672, 190.549057007, 485.298187256, 5009.80078125, 4087.99145508, 3216.39013672, 2845.83081055, 1959.27416992, 1434.28967285, 705.953125, 588.978942871, 1009.29052734, 413.388153076, 747.214050293, 917.892578125, 406.547424316, 479.145874023, 803.093139648, 306.929016113, 168.752304077, 106.304298401, 44.2446060181, 21.3171958923, 6.2995839119, 1.07923972607, 0.0830511748791, 0.00283309747465, 2.95157587971e-06, 6.8147856247e-09]
    },
    "gfcc": {
        "mean": [7.29772996902, 37.5137863159, -132.653640747, 19.1862602234, -79.6696014404, 10.4425067902, -55.2454032898, 3.65391206741, -24.8467597961, 6.16279363632, -12.8508825302, 3.98286938667, -18.9210758209],
        "cov": [[4032.90527344, 406.860137939, 1059.25952148, 978.569152832, 718.244262695, 686.885131836, 651.236694336, 402.401306152, 303.49899292, 484.492004395, 214.010009766, 172.468093872, 79.8145751953], [406.860137939, 2816.15820312, 1266.37487793, 813.660705566, 1164.33239746, 506.515106201, 638.421447754, 339.536102295, 466.784454346, -7.39563274384, 265.914001465, -91.5332870483, 14.3819236755], [1059.25952148, 1266.37487793, 1814.17980957, 1057.72485352, 904.778625488, 553.36529541, 467.254699707, 329.932128906, 259.586425781, 159.357192993, 96.81590271, -51.3074035645, 7.26991987228], [978.569152832, 813.660705566, 1057.72485352, 1097.21105957, 809.514587402, 452.496520996, 424.679656982, 250.077178955, 206.816665649, 177.177154541, 111.112976074, -24.8402042389, 71.1815032959], [718.244262695, 1164.33239746, 904.778625488, 809.514587402, 1007.28186035, 489.897247314, 486.567230225, 293.16394043, 280.466156006, 139.323181152, 153.745681763, -11.373500824, 62.5615577698], [686.885131836, 506.515106201, 553.36529541, 452.496520996, 489.897247314, 463.468444824, 368.363311768, 216.597854614, 193.636550903, 113.339347839, 123.669151306, 15.3267631531, 22.3139610291], [651.236694336, 638.421447754, 467.254699707, 424.679656982, 486.567230225, 368.363311768, 541.899169922, 268.120513916, 161.751419067, 104.262756348, 144.431686401, 30.7018318176, 18.1646213531], [402.401306152, 339.536102295, 329.932128906, 250.077178955, 293.16394043, 216.597854614, 268.120513916, 243.290466309, 158.341369629, 92.0322723389, 88.6869277954, 7.93346834183, 21.4548168182], [303.49899292, 466.784454346, 259.586425781, 206.816665649, 280.466156006, 193.636550903, 161.751419067, 158.341369629, 301.051452637, 113.97958374, 115.749504089, 20.627374649, 30.3418159485], [484.492004395, -7.39563274384, 159.357192993, 177.177154541, 139.323181152, 113.339347839, 104.262756348, 92.0322723389, 113.97958374, 187.570449829, 88.2149353027, 46.3420143127, 36.1646080017], [214.010009766, 265.914001465, 96.81590271, 111.112976074, 153.745681763, 123.669151306, 144.431686401, 88.6869277954, 115.749504089, 88.2149353027, 184.831008911, 64.6967544556, 37.2017326355], [172.468093872, -91.5332870483, -51.3074035645, -24.8402042389, -11.373500824, 15.3267631531, 30.7018318176, 7.93346834183, 20.627374649, 46.3420143127, 64.6967544556, 116.714576721, 41.215423584], [79.8145751953, 14.3819236755, 7.26991987228, 71.1815032959, 62.5615577698, 22.3139610291, 18.1646213531, 21.4548168182, 30.3418159485, 36.1646080017, 37.2017326355, 41.215423584, 101.905586243]],
        "icov": [[0.000495386950206, -0.000122758719954, 1.8659127818e-05, -0.000256678205915, 0.000278587482171, -0.000513856299222, -6.2946928665e-05, -0.000181779454579, 0.000289782648906, -0.00113181804772, 0.000573728757445, -0.000743378186598, 0.000204860392842], [-0.000122758719954, 0.00164305162616, -0.000823210226372, 0.000581985281315, -0.00146776146721, 0.00147924409248, -0.00136757839937, 0.00141812069342, -0.00199276185594, 0.00259604351595, -0.00206265132874, 0.0017020694213, -0.000224509160034], [1.8659127818e-05, -0.000823210226372, 0.00194310559891, -0.00141678168438, 0.000383356091334, -0.00126287725288, 0.00125324737746, -0.00159492937382, 0.00102533993777, -0.00101853022352, 0.00128702144139, -0.00101884827018, 0.00110455183312], [-0.000256678205915, 0.000581985281315, -0.00141678168438, 0.00384835223667, -0.00207690405659, 0.000364130217349, -0.00107439840212, 0.0014945960138, -0.000172427637153, -0.000334377022227, -0.000604236731306, 0.00211854209192, -0.00186221068725], [0.000278587482171, -0.00146776146721, 0.000383356091334, -0.00207690405659, 0.0051292674616, -0.00235920585692, 9.37774966587e-05, -0.00120580254588, 0.000583911256399, -0.00170288060326, 0.00160787825007, -0.00103281775955, -0.000721663818695], [-0.000513856299222, 0.00147924409248, -0.00126287725288, 0.000364130217349, -0.00235920585692, 0.00847321562469, -0.00358240189962, 0.00121392926667, -0.00307828374207, 0.00277820322663, -0.00264542084187, 0.00180581293534, 0.000171417879756], [-6.2946928665e-05, -0.00136757839937, 0.00125324737746, -0.00107439840212, 9.37774966587e-05, -0.00358240189962, 0.00800065882504, -0.00625411979854, 0.0034159719944, -0.00100149179343, 6.6051070462e-06, -0.00276420149021, 0.00197472330183], [-0.000181779454579, 0.00141812069342, -0.00159492937382, 0.0014945960138, -0.00120580254588, 0.00121392926667, -0.00625411979854, 0.0139887183905, -0.00496135652065, 0.000446887861472, -0.00151675054803, 0.00364193483256, -0.0019444929203], [0.000289782648906, -0.00199276185594, 0.00102533993777, -0.000172427637153, 0.000583911256399, -0.00307828374207, 0.0034159719944, -0.00496135652065, 0.00942079629749, -0.00517670251429, 0.0004637716047, -0.00168387696613, 0.000396659306716], [-0.00113181804772, 0.00259604351595, -0.00101853022352, -0.000334377022227, -0.00170288060326, 0.00277820322663, -0.00100149179343, 0.000446887861472, -0.00517670251429, 0.0152116306126, -0.00586874643341, 0.00134104408789, -0.000909123045858], [0.000573728757445, -0.00206265132874, 0.00128702144139, -0.000604236731306, 0.00160787825007, -0.00264542084187, 6.6051070462e-06, -0.00151675054803, 0.0004637716047, -0.00586874643341, 0.0133963152766, -0.00652042683214, -0.000226364092669], [-0.000743378186598, 0.0017020694213, -0.00101884827018, 0.00211854209192, -0.00103281775955, 0.00180581293534, -0.00276420149021, 0.00364193483256, -0.00168387696613, 0.00134104408789, -0.00652042683214, 0.016408033669, -0.00533088063821], [0.000204860392842, -0.000224509160034, 0.00110455183312, -0.00186221068725, -0.000721663818695, 0.000171417879756, 0.00197472330183, -0.0019444929203, 0.000396659306716, -0.000909123045858, -0.000226364092669, -0.00533088063821, 0.0138123277575]]
    },
    "melbands": {
        "dmean": [0.00322986347601, 0.00185970880557, 0.000864213739987, 0.000383688980946, 0.000296221463941, 0.000244331546128, 0.000470079423394, 0.000488826655783, 0.000213483013795, 9.2216709163e-05, 3.08576236421e-05, 3.29306822096e-05, 7.75469452492e-05, 7.32887638151e-05, 6.46965781925e-05, 5.75384765398e-05, 4.33913119195e-05, 3.5151031625e-05, 2.79563028016e-05, 2.02324863494e-05, 1.5699182768e-05, 1.38676396091e-05, 1.86232282431e-05, 1.24323014461e-05, 9.21908849705e-06, 9.70366181718e-06, 1.15026723506e-05, 1.15133589134e-05, 6.09610606261e-06, 8.0536265159e-06, 6.66695495966e-06, 1.11287736217e-05, 5.39899701835e-06, 4.65114908366e-06, 4.45314799435e-06, 3.58959141522e-06, 2.92288859782e-06, 2.17439173866e-06, 1.88201715901e-06, 1.50174446389e-06],
        "dmean2": [0.0048266868107, 0.00284659629688, 0.00156584498473, 0.000629603280686, 0.000492156832479, 0.000409878150094, 0.000768421508837, 0.000792703067418, 0.00034974043956, 0.000145859346958, 4.83834701299e-05, 5.35880317329e-05, 0.000122142912005, 0.00011346161773, 9.98734103632e-05, 9.27852888708e-05, 6.73927861499e-05, 5.50394252059e-05, 4.32789238403e-05, 3.20992257912e-05, 2.43554150074e-05, 2.15548116103e-05, 2.81398388324e-05, 1.89391066669e-05, 1.44030054798e-05, 1.43369152283e-05, 1.72727523022e-05, 1.76839748747e-05, 8.89598777576e-06, 1.2198094737e-05, 9.96867038339e-06, 1.72832187673e-05, 7.79465153755e-06, 6.63940136292e-06, 6.53891902402e-06, 5.17887156093e-06, 4.37121934738e-06, 3.23236349686e-06, 2.74138983514e-06, 2.18555464926e-06],
        "dvar": [9.50178218773e-05, 4.68396247015e-05, 1.78210375452e-05, 7.47849185245e-07, 3.90180986187e-07, 3.21153663663e-07, 9.41087307638e-07, 1.01278328657e-06, 2.59454424167e-07, 4.70518735085e-08, 2.90694046612e-09, 4.85118967219e-09, 5.27772385794e-08, 1.96281018106e-08, 1.59050728143e-08, 1.23103474081e-08, 7.35651051187e-09, 3.61243523983e-09, 3.2565548036e-09, 1.31276400861e-09, 8.5770357483e-10, 4.43169251296e-10, 7.52856943453e-10, 3.86634113614e-10, 1.5157035349e-10, 2.13260367699e-10, 3.11291686872e-10, 3.78370001997e-10, 8.18420817228e-11, 1.6830135896e-10, 8.90082660354e-11, 3.37598532463e-10, 4.91215748633e-11, 4.16173484563e-11, 3.08418048045e-11, 1.95706315737e-11, 2.56319375447e-11, 1.29752545514e-11, 9.89920125039e-12, 8.03899048024e-12],
        "dvar2": [0.000188004851225, 0.000110339904495, 5.16138316016e-05, 2.00186786969e-06, 1.00135821413e-06, 8.48881427373e-07, 2.57300780504e-06, 2.36935443354e-06, 6.44463966637e-07, 1.05055079302e-07, 6.46973807861e-09, 1.08357713913e-08, 1.25869789258e-07, 4.33390709986e-08, 3.49897959495e-08, 3.04315399546e-08, 1.83824511168e-08, 8.31152480174e-09, 6.58547927301e-09, 3.38326811011e-09, 2.04906824841e-09, 1.00185337804e-09, 1.56828872111e-09, 8.47337311427e-10, 3.09188646908e-10, 4.15259965303e-10, 6.7236827217e-10, 8.48202952319e-10, 1.71044928221e-10, 3.03913783029e-10, 1.77308445704e-10, 7.99964094966e-10, 1.00070812747e-10, 8.79215311667e-11, 6.60567503474e-11, 3.97966000432e-11, 5.45335096525e-11, 2.83951872432e-11, 2.19788666433e-11, 1.69015652168e-11],
        "max": [0.0950116142631, 0.0623453818262, 0.0385016724467, 0.00844270456582, 0.00620643189177, 0.00652736751363, 0.0133256856352, 0.0133847184479, 0.00682512670755, 0.00279292347841, 0.000994919450022, 0.00113982451148, 0.00371868442744, 0.00276976753958, 0.00164087885059, 0.00144324346911, 0.00116319337394, 0.000673233298585, 0.000669169414323, 0.000435668218415, 0.000529526965693, 0.000338637066307, 0.000205092554097, 0.000233698752709, 9.55673385761e-05, 0.000158002017997, 0.000146747232066, 0.000154335575644, 6.57562122797e-05, 9.18335208553e-05, 7.41098774597e-05, 0.000116775649076, 7.47720332583e-05, 8.16130705061e-05, 6.20186619926e-05, 5.12014921696e-05, 7.05678103259e-05, 4.10208158428e-05, 4.54673499917e-05, 6.53225652059e-05],
        "mean": [0.00875918846577, 0.00296285492368, 0.00086085050134, 0.000479179085232, 0.000325819855789, 0.000254516140558, 0.000544904614799, 0.000516427156981, 0.000227494892897, 0.00010954013851, 4.16656766902e-05, 4.1976247303e-05, 9.17057332117e-05, 9.84546350082e-05, 8.04646988399e-05, 7.75556545705e-05, 5.61145388929e-05, 4.53212378488e-05, 3.72993417841e-05, 2.73038804153e-05, 2.09507343243e-05, 2.0845383915e-05, 2.39416913246e-05, 1.60445470101e-05, 1.39163248605e-05, 1.32300965561e-05, 1.46255333675e-05, 1.19869473565e-05, 7.1531753747e-06, 9.80812092166e-06, 8.11479549157e-06, 1.20160630104e-05, 8.09683024272e-06, 7.36626043363e-06, 6.81354595145e-06, 5.31543173565e-06, 4.34356661572e-06, 3.20914341501e-06, 2.63891752184e-06, 2.04146363103e-06],
        "median": [7.78473406626e-07, 8.24876769911e-06, 0.000119768548757, 0.000215387146454, 9.87148523564e-05, 8.23692462291e-05, 0.0001622318523, 0.000158216163982, 5.22375485161e-05, 3.36847551807e-05, 1.86457928066e-05, 1.61957377713e-05, 2.45431947405e-05, 3.00733554468e-05, 2.66799852398e-05, 2.95932859444e-05, 1.94586154976e-05, 1.71682240762e-05, 1.29636055135e-05, 1.43974402818e-05, 1.15647335406e-05, 1.27567873278e-05, 1.08300455395e-05, 7.14533507562e-06, 7.12583141649e-06, 5.03557839693e-06, 5.02453713125e-06, 3.44610793945e-06, 1.92560787582e-06, 2.26577867579e-06, 2.32012484958e-06, 3.03266756418e-06, 3.80071355721e-06, 3.93494792661e-06, 3.9410347199e-06, 3.07174627778e-06, 2.28443309425e-06, 1.42059241171e-06, 9.67559230958e-07, 6.39051847884e-07],
        "min": [1.50455342629e-10, 5.1155712999e-10, 8.99224195106e-10, 9.52924072983e-10, 5.96268923125e-10, 2.17079035303e-10, 4.33868913019e-10, 1.4119895253e-09, 2.59502686006e-09, 2.47787790286e-09, 9.01844932066e-10, 1.33179148265e-10, 6.56652579534e-11, 8.39225910987e-11, 1.2051058762e-10, 4.1188449873e-10, 2.67070227045e-10, 1.83962914346e-11, 3.10722940433e-11, 4.41601859247e-11, 1.73852474084e-10, 1.62467594933e-10, 9.53326306785e-11, 1.85851733309e-11, 7.50813231032e-11, 8.12794484495e-11, 4.2274430484e-11, 7.67515131311e-12, 5.03446676708e-12, 1.27851557466e-11, 3.03118363743e-11, 4.22934152977e-11, 4.24344240302e-11, 4.22513621312e-11, 1.05024017261e-10, 3.83041653951e-10, 1.50284770739e-10, 2.04057864356e-11, 5.12969137653e-12, 2.34219154488e-12],
        "stdev": [0.0169743038714, 0.00812898855656, 0.00326587934978, 0.000847658142447, 0.000648519897368, 0.000537001527846, 0.00114000833128, 0.00104806898162, 0.000530107470695, 0.000245480769081, 6.75442424836e-05, 7.78323665145e-05, 0.000255299033597, 0.00019065271772, 0.000150096413563, 0.000138842689921, 9.97429233394e-05, 7.33252600185e-05, 7.21564938431e-05, 3.90107707062e-05, 3.28199967043e-05, 2.58793861576e-05, 3.26457848132e-05, 2.22833132284e-05, 1.66479112522e-05, 1.84057371371e-05, 2.12919494516e-05, 2.06229233299e-05, 1.08556259875e-05, 1.56941878231e-05, 1.18863363241e-05, 1.96846431209e-05, 1.03841848613e-05, 9.95174741547e-06, 8.15335806692e-06, 6.45595628157e-06, 6.70631425237e-06, 4.89338344778e-06, 4.2362817112e-06, 3.95118695451e-06],
        "var": [0.000288126961095, 6.60804580548e-05, 1.06659681478e-05, 7.18524347576e-07, 4.20578089688e-07, 2.8837064292e-07, 1.29961892981e-06, 1.09844847884e-06, 2.8101393923e-07, 6.02608025702e-08, 4.56222437606e-09, 6.05787686681e-09, 6.51775948768e-08, 3.63484602417e-08, 2.25289333855e-08, 1.92772908747e-08, 9.94865079207e-09, 5.37659383681e-09, 5.20656007197e-09, 1.52184032043e-09, 1.07715214526e-09, 6.69742650228e-10, 1.06574737924e-09, 4.96546082029e-10, 2.77152967243e-10, 3.38771177777e-10, 4.53347109852e-10, 4.25304930163e-10, 1.17844622949e-10, 2.46307557683e-10, 1.4128499759e-10, 3.87485182829e-10, 1.07831292506e-10, 9.90372714393e-11, 6.6477247318e-11, 4.16793717595e-11, 4.4974649005e-11, 2.39452017242e-11, 1.79460821204e-11, 1.56118781097e-11]
    },
    "melbands128": {
