{
"lowlevel": {
    "average_loudness": 0.953547894955,
    "barkbands_crest": {
        "dmean": 2.87981724739,
        "dmean2": 4.27203845978,
        "dvar": 7.52691698074,
        "dvar2": 14.7296361923,
        "max": 25.7879123688,
        "mean": 11.7454576492,
        "median": 10.8312320709,
        "min": 2.30930376053,
        "stdev": 5.10312366486,
        "var": 26.0418701172
    },
    "barkbands_flatness_db": {
        "dmean": 0.0312676504254,
        "dmean2": 0.042208943516,
        "dvar": 0.000883549917489,
        "dvar2": 0.00141820532735,
        "max": 0.429104328156,
        "mean": 0.164650931954,
        "median": 0.160370200872,
        "min": 0.0180006828159,
        "stdev": 0.0602290481329,
        "var": 0.00362753821537
    },
    "barkbands_kurtosis": {
        "dmean": 8.01389884949,
        "dmean2": 11.8631296158,
        "dvar": 708.334289551,
        "dvar2": 1491.95129395,
        "max": 662.244567871,
        "mean": 11.2722024918,
        "median": 4.98692035675,
        "min": -1.90677285194,
        "stdev": 30.1477813721,
        "var": 908.88873291
    },
    "barkbands_skewness": {
        "dmean": 0.844870746136,
        "dmean2": 1.1896777153,
        "dvar": 1.15664422512,
        "dvar2": 2.06815767288,
        "max": 23.2489624023,
        "mean": 2.27252650261,
        "median": 2.01258659363,
        "min": -2.27223062515,
        "stdev": 1.93907094002,
        "var": 3.75999617577
    },
    "barkbands_spread": {
        "dmean": 7.84380960464,
        "dmean2": 11.8787984848,
        "dvar": 124.579368591,
        "dvar2": 281.085876465,
        "max": 125.386787415,
        "mean": 18.640417099,
        "median": 13.886341095,
        "min": 0.484316766262,
        "stdev": 15.7320756912,
        "var": 247.498214722
    },
    "dissonance": {
        "dmean": 0.0279528889805,
        "dmean2": 0.0450105965137,
        "dvar": 0.000780067348387,
        "dvar2": 0.00189986429177,
        "max": 0.499999821186,
        "mean": 0.443061023951,
        "median": 0.452362835407,
        "min": 0.208990678191,
        "stdev": 0.0400385521352,
        "var": 0.00160308578052
    },
    "dynamic_complexity": 2.06854605675,
    "erbbands_crest": {
        "dmean": 3.09752631187,
        "dmean2": 4.78100824356,
        "dvar": 8.18284225464,
        "dvar2": 17.9785995483,
        "max": 30.5962581635,
        "mean": 10.1384029388,
        "median": 8.84479141235,
        "min": 2.79409646988,
        "stdev": 4.87664842606,
        "var": 23.7816982269
    },
    "erbbands_flatness_db": {
        "dmean": 0.0232777260244,
        "dmean2": 0.0330739878118,
        "dvar": 0.000458657596027,
        "dvar2": 0.000777840905357,
        "max": 0.296147763729,
        "mean": 0.156638756394,
        "median": 0.156646370888,
        "min": 0.0531244054437,
        "stdev": 0.0441980212927,
        "var": 0.00195346493274
    },
    "erbbands_kurtosis": {
        "dmean": 1.59876668453,
        "dmean2": 2.40581774712,
        "dvar": 4.03163719177,
        "dvar2": 8.08581066132,
        "max": 22.5823669434,
        "mean": 1.81406712532,
        "median": 0.766382455826,
        "min": -1.76966619492,
        "stdev": 3.30768847466,
        "var": 10.9408035278
    },
    "erbbands_skewness": {
        "dmean": 0.476239353418,
        "dmean2": 0.707685947418,
        "dvar": 0.191996246576,
        "dvar2": 0.406558305025,
        "max": 4.37455654144,
        "mean": 0.670002222061,
        "median": 0.653164625168,
        "min": -2.41704392433,
        "stdev": 0.910861730576,
        "var": 0.829669058323
    },
    "erbbands_spread": {
        "dmean": 12.377948761,
        "dmean2": 18.9995231628,
        "dvar": 233.147155762,
        "dvar2": 517.838745117,
        "max": 185.634506226,
        "mean": 38.6418762207,
        "median": 33.3844909668,
        "min": 4.36304569244,
        "stdev": 23.001783371,
        "var": 529.08203125
    },
    "hfc": {
        "dmean": 12.4845705032,
        "dmean2": 20.0233459473,
        "dvar": 564.083007812,
        "dvar2": 1450.31335449,
        "max": 178.757324219,
        "mean": 22.9822807312,
        "median": 17.3942871094,
        "min": 0.000421339995228,
        "stdev": 23.1942195892,
        "var": 537.971862793
    },
    "loudness_ebu128": {
        "integrated": -9.9669675827,
        "loudness_range": 1.26493549347,
        "momentary": {
            "dmean": 0.753271996975,
            "dmean2": 0.98044192791,
            "dvar": 0.501302242279,
            "dvar2": 0.787153065205,
            "max": -7.23722934723,
            "mean": -10.2347917557,
            "median": -10.2589359283,
            "min": -14.1383953094,
            "stdev": 1.54571259022,
            "var": 2.38922739029
        },
        "short_term": {
            "dmean": 0.100178778172,
            "dmean2": 0.134473919868,
            "dvar": 0.008939050138,
            "dvar2": 0.0140048414469,
            "max": -9.11939811707,
            "mean": -9.98528671265,
            "median": -9.8811378479,
            "min": -11.3685684204,
            "stdev": 0.468662500381,
            "var": 0.219644531608
        }
    },
    "melbands_crest": {
        "dmean": 3.70445680618,
        "dmean2": 5.79435443878,
        "dvar": 12.5948448181,
        "dvar2": 25.6261405945,
        "max": 36.4761428833,
        "mean": 16.6192035675,
        "median": 15.4385147095,
        "min": 4.22845697403,
        "stdev": 7.29378509521,
        "var": 53.1993026733
    },
    "melbands_flatness_db": {
        "dmean": 0.0372502170503,
        "dmean2": 0.0487451180816,
        "dvar": 0.00135378062259,
        "dvar2": 0.00221081241034,
        "max": 0.538622558117,
        "mean": 0.236881539226,
        "median": 0.232435911894,
        "min": 0.0371462590992,
        "stdev": 0.0804666355252,
        "var": 0.00647487910464
    },
    "melbands_kurtosis": {
        "dmean": 16.3911037445,
        "dmean2": 23.2129955292,
        "dvar": 2671.03027344,
        "dvar2": 4363.79150391,
        "max": 1213.68994141,
        "mean": 26.4308052063,
        "median": 11.3978118896,
        "min": -1.69300878048,
        "stdev": 74.6346282959,
        "var": 5570.328125
    },
    "melbands_skewness": {
        "dmean": 1.04641139507,
        "dmean2": 1.51868736744,
        "dvar": 1.66941809654,
        "dvar2": 2.80463409424,
        "max": 26.7808818817,
        "mean": 3.18105077744,
        "median": 2.66855216026,
        "min": -0.832041740417,
        "stdev": 2.55555796623,
        "var": 6.53087711334
    },
    "melbands_spread": {
        "dmean": 8.06492233276,
        "dmean2": 12.002240181,
        "dvar": 179.361557007,
        "dvar2": 348.22454834,
        "max": 192.782455444,
        "mean": 18.6363544464,
        "median": 13.5777111053,
        "min": 0.291343450546,
        "stdev": 19.6246910095,
        "var": 385.128479004
    },
    "pitch_salience": {
        "dmean": 0.0820697247982,
        "dmean2": 0.125269711018,
        "dvar": 0.00564869726077,
        "dvar2": 0.0117297545075,
        "max": 0.880129516125,
        "mean": 0.509110927582,
        "median": 0.522527098656,
        "min": 0.0656007379293,
        "stdev": 0.144914969802,
        "var": 0.0210003480315
    },
    "silence_rate_20dB": {
        "dmean": 0,
        "dmean2": 0,
        "dvar": 0,
        "dvar2": 0,
        "max": 1,
        "mean": 1,
        "median": 1,
        "min": 1,
        "stdev": 0,
        "var": 0
    },
    "silence_rate_30dB": {
        "dmean": 0.0371229685843,
        "dmean2": 0.0735294148326,
        "dvar": 0.0357448533177,
        "dvar2": 0.0696712434292,
        "max": 1,
        "mean": 0.904173135757,
        "median": 1,
        "min": 0,
        "stdev": 0.294355243444,
        "var": 0.0866450145841
    },
    "silence_rate_60dB": {
        "dmean": 0.00850734766573,
        "dmean2": 0.0162538699806,
        "dvar": 0.00843506678939,
        "dvar2": 0.0190862361342,
        "max": 1,
        "mean": 0.00850077252835,
        "median": 0,
        "min": 0,
        "stdev": 0.0918076112866,
        "var": 0.00842863786966
    },
    "spectral_centroid": {
        "dmean": 284.766204834,
        "dmean2": 420.207519531,
        "dvar": 179502.953125,
        "dvar2": 355017.15625,
        "max": 4694.00976562,
        "mean": 980.207763672,
        "median": 780.547729492,
        "min": 180.649185181,
        "stdev": 643.117553711,
        "var": 413600.15625
    },
    "spectral_complexity": {
        "dmean": 4.3805103302,
        "dmean2": 6.96052646637,
        "dvar": 44.8468551636,
        "dvar2": 99.9051895142,
        "max": 51,
        "mean": 15.6584234238,
        "median": 14,
        "min": 0,
        "stdev": 7.7164273262,
        "var": 59.5432472229
    },
    "spectral_decrease": {
        "dmean": 4.30046753763e-09,
        "dmean2": 6.41823438841e-09,
        "dvar": 6.40634973159e-17,
        "dvar2": 1.2536969063e-16,
        "max": -1.11417650008e-13,
        "mean": -1.13707860905e-08,
        "median": -6.58184706737e-09,
        "min": -8.35285050016e-08,
        "stdev": 1.41038780654e-08,
        "var": 1.98919387855e-16
    },
    "spectral_energy": {
        "dmean": 0.0169849153608,
        "dmean2": 0.0254632662982,
        "dvar": 0.000954574497882,
        "dvar2": 0.00190028815996,
        "max": 0.31772685051,
        "mean": 0.0450005605817,
        "median": 0.0269186235964,
        "min": 4.587329272e-07,
        "stdev": 0.0538554824889,
        "var": 0.00290041300468
    },
    "spectral_energyband_high": {
        "dmean": 0.000881211133674,
        "dmean2": 0.00144051131792,
        "dvar": 3.60351327799e-06,
        "dvar2": 9.05016349861e-06,
        "max": 0.014669816941,
        "mean": 0.000981594901532,
        "median": 0.000328488444211,
        "min": 4.29534541269e-09,
        "stdev": 0.00182530237362,
        "var": 3.33172874889e-06
    },
    "spectral_energyband_low": {
        "dmean": 0.0119302785024,
        "dmean2": 0.0173321440816,
        "dvar": 0.000873286218848,
        "dvar2": 0.00159658421762,
        "max": 0.303564339876,
        "mean": 0.0255853366107,
        "median": 0.00313675403595,
        "min": 4.43374359449e-09,
        "stdev": 0.0519823469222,
        "var": 0.0027021644637
    },
    "spectral_energyband_middle_high": {
        "dmean": 0.00330956932157,
        "dmean2": 0.00524826021865,
        "dvar": 3.76841999241e-05,
        "dvar2": 9.94093134068e-05,
        "max": 0.04779362306,
        "mean": 0.00554444873706,
        "median": 0.0029697585851,
        "min": 1.70036955183e-07,
        "stdev": 0.00687861396,
        "var": 4.73153304483e-05
    },
    "spectral_energyband_middle_low": {
        "dmean": 0.00662699714303,
        "dmean2": 0.0106684165075,
        "dvar": 0.000187996367458,
        "dvar2": 0.000533789745532,
        "max": 0.124583251774,
        "mean": 0.0140849556774,
        "median": 0.0116776190698,
        "min": 2.00597625621e-07,
        "stdev": 0.0128826983273,
        "var": 0.000165963923791
    },
    "spectral_entropy": {
        "dmean": 0.270088076591,
        "dmean2": 0.371820032597,
        "dvar": 0.073822259903,
        "dvar2": 0.127220124006,
        "max": 8.8421163559,
        "mean": 7.35528087616,
        "median": 7.27873134613,
        "min": 6.14513015747,
        "stdev": 0.494134575129,
        "var": 0.244168967009
    },
    "spectral_flux": {
        "dmean": 0.0386507771909,
        "dmean2": 0.0596550218761,
        "dvar": 0.00303577305749,
        "dvar2": 0.00526448572055,
        "max": 0.5235003829,
        "mean": 0.101406611502,
        "median": 0.0766939297318,
        "min": 0.000677298230585,
        "stdev": 0.0798324942589,
        "var": 0.00637322710827
    },
    "spectral_kurtosis": {
        "dmean": 2.11010885239,
        "dmean2": 3.10125088692,
        "dvar": 5.46465349197,
        "dvar2": 11.2151584625,
        "max": 29.7727127075,
        "mean": 5.54020357132,
        "median": 4.76969003677,
        "min": -1.07409691811,
        "stdev": 4.04968643188,
        "var": 16.3999614716
    },
    "spectral_rms": {
        "dmean": 0.00113562610932,
        "dmean2": 0.00165527279023,
        "dvar": 2.38404004449e-06,
        "dvar2": 4.54968312624e-06,
        "max": 0.0176061764359,
        "mean": 0.00586681487039,
        "median": 0.0051246532239,
        "min": 2.11552433029e-05,
        "stdev": 0.0030795193743,
        "var": 9.48343949858e-06
    },
    "spectral_rolloff": {
        "dmean": 703.003967285,
        "dmean2": 1157.16027832,
        "dvar": 2491215.75,
        "dvar2": 5720254,
        "max": 11993.9941406,
        "mean": 1349.15100098,
        "median": 807.495117188,
        "min": 43.06640625,
        "stdev": 1952.79736328,
        "var": 3813417.5
    },
    "spectral_skewness": {
        "dmean": 0.337000399828,
        "dmean2": 0.473372459412,
        "dvar": 0.107460089028,
        "dvar2": 0.206764310598,
        "max": 4.03758907318,
        "mean": 2.02786207199,
        "median": 2.03800463676,
        "min": 0.20484790206,
        "stdev": 0.605372607708,
        "var": 0.366476029158
    },
    "spectral_spread": {
        "dmean": 1166863.625,
        "dmean2": 1696412,
        "dvar": 1.78852292198e+12,
        "dvar2": 3.65955147366e+12,
        "max": 22392522,
        "mean": 6133584.5,
        "median": 5878829.5,
        "min": 1855590.25,
        "stdev": 2274436.75,
        "var": 5.17306266419e+12
    },
    "spectral_strongpeak": {
        "dmean": 0.482502877712,
        "dmean2": 0.785514354706,
        "dvar": 0.785238564014,
        "dvar2": 1.71408009529,
        "max": 11.7112913132,
        "mean": 1.00642740726,
        "median": 0.661485910416,
        "min": 0,
        "stdev": 1.1739783287,
        "var": 1.37822508812
    },
    "zerocrossingrate": {
        "dmean": 0.0176506303251,
        "dmean2": 0.0198116712272,
        "dvar": 0.000470993865747,
        "dvar2": 0.000515457533766,
        "max": 0.3818359375,
        "mean": 0.0601910427213,
        "median": 0.048828125,
        "min": 0.0009765625,
        "stdev": 0.0482192896307,
        "var": 0.00232509989291
    },
    "barkbands": {
        "dmean": [0.00174691085704, 0.00970873888582, 0.00427857553586, 0.00255037820898, 0.00239354325458, 0.00111646158621, 0.00154881912749, 0.000778799818363, 0.000743696291465, 0.000826067349408, 0.00068532145815, 0.000557559949812, 0.000499592744745, 0.000726177240722, 0.000176369620021, 0.000257164880168, 0.000232132806559, 0.000232945720199, 0.000153961489559, 0.000278776045889, 0.000145153666381, 0.000120540687931, 0.000101337886008, 0.000197690329514, 0.000158940660185, 9.75291259238e-05, 7.09150435796e-06],
        "dmean2": [0.00282822921872, 0.0123004354537, 0.0075452583842, 0.00455855159089, 0.00387074565515, 0.00177647930104, 0.00221851025708, 0.00118566828314, 0.00110190559644, 0.00132338621188, 0.00110101210885, 0.000889578659553, 0.000794837542344, 0.0011283030035, 0.000292542012176, 0.000396514078602, 0.000379203469492, 0.000407699728385, 0.00027066381881, 0.000512536964379, 0.00025541667128, 0.000203537434572, 0.000171872932697, 0.000323219661368, 0.000246882787906, 0.00015499307483, 1.23100744531e-05],
        "dvar": [1.67172474903e-05, 0.000704733189195, 0.000301352120005, 9.07092689886e-05, 1.90416940313e-05, 3.56860186912e-06, 8.3202503447e-06, 2.47406683229e-06, 1.37596896366e-06, 3.15678494189e-06, 4.08361211157e-06, 1.50442224367e-06, 1.24784992295e-06, 3.11914868689e-06, 1.40018286743e-07, 4.30914695926e-07, 2.44421073603e-07, 4.28859010526e-07, 1.92689668665e-07, 8.70099825079e-07, 1.7986029377e-07, 8.81603980929e-08, 6.99747744193e-08, 1.53758662691e-07, 1.01066696345e-07, 3.58582497029e-08, 2.64574057107e-10],
        "dvar2": [5.04029812873e-05, 0.00103561615106, 0.000854627753142, 0.000262643909082, 5.19324021298e-05, 8.18794342194e-06, 1.54302215378e-05, 4.9325863074e-06, 3.09286883748e-06, 7.86697910371e-06, 1.0434619071e-05, 3.42048542734e-06, 2.84442421616e-06, 7.14510042599e-06, 3.49821306145e-07, 9.19704007174e-07, 5.79756203933e-07, 1.1661421695e-06, 5.34945399977e-07, 2.45226237894e-06, 4.97805274335e-07, 2.34563202639e-07, 1.86654077083e-07, 3.69635330344e-07, 2.40309589117e-07, 8.20475065666e-08, 6.6533312193e-10],
        "max": [0.0359239690006, 0.28408151865, 0.152686059475, 0.0835816562176, 0.0469377152622, 0.0243585836142, 0.0362973287702, 0.021815912798, 0.0165350362659, 0.0197655633092, 0.0368770882487, 0.0195670370013, 0.0137414066121, 0.0263654775918, 0.00586307607591, 0.0167453289032, 0.00779530685395, 0.00574221136048, 0.0030467172619, 0.00706934649497, 0.00308878952637, 0.00238563935272, 0.00218462431803, 0.00320353754796, 0.00431137159467, 0.00231273658574, 0.000141187963891],
        "mean": [0.00247311638668, 0.0175522584468, 0.00441519217566, 0.00274983700365, 0.00420893216506, 0.00180778105278, 0.00276349438354, 0.00123893935233, 0.00122694368474, 0.00104911380913, 0.000847984396387, 0.000755437766202, 0.000652076094411, 0.000882093852852, 0.000209993479075, 0.000427464983659, 0.000287714414299, 0.000233667786233, 0.000138908595545, 0.000187423473108, 0.000119230608107, 0.000116204733786, 9.19435624382e-05, 0.000216161308344, 0.000236579362536, 0.00010648828902, 5.58348165214e-06],
        "median": [1.85330245586e-05, 0.000586581882089, 0.000361451413482, 0.000661580765154, 0.00252078659832, 0.0008256258443, 0.000792311970145, 0.000315052340738, 0.000617965473793, 0.000317701196764, 0.000177784007974, 0.000207429518923, 0.000159306393471, 0.000141857541166, 6.51807713439e-05, 7.49154569348e-05, 9.66511506704e-05, 5.09278324898e-05, 3.05597641272e-05, 1.34425699798e-05, 1.76128050953e-05, 3.17908998113e-05, 2.18587847485e-05, 5.72214739805e-05, 9.65212384472e-05, 2.65047056018e-05, 5.37334813089e-07],
        "min": [2.00717394094e-11, 6.39800323832e-10, 2.33865482535e-09, 9.00371599499e-09, 7.52962705519e-08, 7.18290920076e-08, 2.1371086234e-08, 4.81129847074e-09, 3.09443870528e-09, 6.70171473871e-09, 5.6039697327e-09, 2.52524721134e-08, 2.31081198621e-08, 1.30572486157e-08, 1.58468953515e-08, 5.88552211411e-08, 2.79254219748e-09, 3.09351055883e-09, 1.53046553208e-08, 9.86359438571e-10, 5.84278625482e-10, 3.33060329316e-10, 7.65568664018e-10, 8.80310879747e-10, 4.39541347763e-10, 6.3043370524e-10, 7.68275796714e-13],
        "stdev": [0.00521141057834, 0.0441666990519, 0.0144234811887, 0.0077670076862, 0.00483321864158, 0.00258632889017, 0.00489657372236, 0.00236116605811, 0.00162511330564, 0.00209245295264, 0.00222118850797, 0.00178237340879, 0.00148708641063, 0.00225004111417, 0.000430155661888, 0.0012177452445, 0.000553937104996, 0.000596227007918, 0.000360220932635, 0.000721190241165, 0.000344497035258, 0.000258238083916, 0.000232343358221, 0.000409026863053, 0.000383891339879, 0.000209135876503, 1.48624221765e-05],
        "var": [2.71587978204e-05, 0.00195069715846, 0.000208036814001, 6.03264052188e-05, 2.33600021602e-05, 6.68909706292e-06, 2.39764340222e-05, 5.57510520593e-06, 2.64099321612e-06, 4.37835933553e-06, 4.93367861054e-06, 3.17685476148e-06, 2.21142590817e-06, 5.06268543177e-06, 1.85033883326e-07, 1.48290337165e-06, 3.06846317244e-07, 3.55486633907e-07, 1.29759115453e-07, 5.201153499e-07, 1.18678208594e-07, 6.66869084398e-08, 5.39834346114e-08, 1.67302971477e-07, 1.47372560377e-07, 4.37378169238e-08, 2.20891596681e-10]
    },
    "erbbands": {
        "dmean": [0.45903006196, 1.7237944603, 4.19785547256, 7.46003055573, 8.37039470673, 7.55846691132, 9.0204000473, 9.47882652283, 19.2162704468, 22.5022201538, 15.7023620605, 14.5182142258, 18.209274292, 28.5246829987, 24.7195301056, 18.7427711487, 20.4328975677, 32.8559265137, 18.5994281769, 8.19448471069, 16.1681404114, 12.4673061371, 13.9263248444, 6.63907957077, 9.5294380188, 13.7385759354, 6.36111879349, 5.95034122467, 4.7430357933, 4.14441776276, 2.52995347977, 2.47582316399, 4.20332384109, 2.03738570213, 1.09472537041, 0.503516018391, 0.175401762128, 0.0254255570471, 0.000665332714561, 3.55799420504e-05],
        "dmean2": [0.654548823833, 2.17246747017, 7.06344938278, 13.1383771896, 13.9745111465, 12.1199569702, 14.7649536133, 14.5407600403, 27.833688736, 32.9595298767, 23.7132568359, 22.0526657104, 27.3570137024, 46.9887695312, 38.4759979248, 30.8993110657, 31.8008575439, 49.8285675049, 29.2339611053, 13.4692611694, 24.0360164642, 20.1376819611, 24.1993904114, 11.4671602249, 17.1010055542, 25.223285675, 11.2710561752, 10.4548997879, 8.04036808014, 7.32479000092, 4.1889872551, 3.9678606987, 6.92551803589, 3.15185713768, 1.70303225517, 0.79076230526, 0.28721305728, 0.0420056581497, 0.00111902179196, 5.62870009162e-05],
        "dvar": [1.64756536484, 28.3267498016, 286.070098877, 836.912536621, 457.710113525, 161.61038208, 289.285125732, 265.587158203, 1571.29321289, 2455.72021484, 828.262756348, 538.190429688, 1036.93884277, 5156.93408203, 3519.2277832, 1568.2800293, 1791.36120605, 5691.87255859, 2006.61218262, 296.347595215, 1864.08239746, 535.529602051, 1470.78027344, 327.620697021, 871.396240234, 2146.15380859, 364.859741211, 286.791290283, 140.371078491, 137.927352905, 36.4904823303, 21.945684433, 72.4012985229, 17.5155506134, 4.04491329193, 0.945676743984, 0.135184720159, 0.00317105185241, 2.23208985517e-06, 3.46522677219e-09],
        "dvar2": [3.02057695389, 46.5115356445, 782.417297363, 2408.31616211, 1297.03686523, 433.29876709, 687.226806641, 617.351135254, 2800.00170898, 4808.20947266, 1677.63928223, 1291.0189209, 2210.73999023, 14003.328125, 8359.13183594, 3967.47705078, 3692.26708984, 11365.4902344, 4436.47998047, 796.005859375, 3878.79296875, 1287.06311035, 4004.93139648, 911.00177002, 2435.50244141, 6037.97119141, 1007.47918701, 789.286987305, 376.475982666, 380.851165771, 92.3693084717, 47.9630241394, 179.656463623, 42.7029037476, 9.19322299957, 2.17352890968, 0.319053828716, 0.00774611532688, 5.57685325475e-06, 8.1061948265e-09],
        "max": [14.2164421082, 61.2398643494, 156.701858521, 238.512756348, 246.746139526, 137.805404663, 206.119934082, 220.961517334, 522.690490723, 955.630065918, 402.896697998, 284.059814453, 405.293487549, 1021.14434814, 747.621643066, 427.109832764, 553.570678711, 1478.85412598, 863.882385254, 244.543548584, 1143.97094727, 207.877166748, 350.103179932, 140.953491211, 204.568511963, 352.630706787, 132.833709717, 129.649398804, 86.7425079346, 96.0534439087, 52.334438324, 57.6404762268, 70.1366348267, 67.4013824463, 19.9102993011, 10.2732162476, 4.96495676041, 0.654518723488, 0.0143840629607, 0.000490606878884],
        "mean": [0.740214109421, 3.020216465, 4.77506446838, 8.26860809326, 12.2036962509, 13.1853580475, 13.9758214951, 16.109161377, 34.5536308289, 38.1110877991, 26.8168106079, 23.8211250305, 30.1765594482, 34.3578186035, 35.8054695129, 24.6703147888, 29.1980419159, 43.9443778992, 23.6601200104, 11.248374939, 27.4446239471, 17.5041275024, 14.6763658524, 6.62995767593, 7.80920219421, 9.25714206696, 4.91752099991, 5.0364484787, 4.59105968475, 3.36221385002, 2.49272084236, 2.83562493324, 4.50286436081, 2.91708755493, 1.54202926159, 0.609822690487, 0.174036368728, 0.0227557010949, 0.000614380580373, 7.25789141143e-05],
        "median": [0.0132159888744, 0.117551721632, 0.462498128414, 1.93473994732, 5.18018627167, 7.5529384613, 7.16310691833, 7.05740451813, 11.1024675369, 11.2858610153, 10.1980056763, 13.8143844604, 12.311299324, 11.6204624176, 10.9232711792, 8.17778968811, 8.76694297791, 7.65776062012, 5.47805500031, 3.82458734512, 4.90745258331, 6.49369525909, 3.77530622482, 1.83191776276, 1.37363600731, 0.679611027241, 0.567069411278, 0.873213231564, 1.21260905266, 0.715277671814, 0.633348703384, 0.751191556454, 1.23670768738, 1.23054385185, 0.52351629734, 0.174756586552, 0.0330905392766, 0.00389402313158, 0.000133526540594, 4.50677471235e-05],
        "min": [1.31495610844e-07, 1.72802867837e-06, 1.86297511391e-05, 5.85254383623e-05, 0.000132392902742, 0.000275496044196, 0.000480139773572, 0.000596183235757, 0.000421823060606, 0.000152993932716, 0.000116231378342, 7.65785662225e-05, 8.33156955196e-05, 0.000351630704245, 0.000236205785768, 0.00118354347069, 0.00104919634759, 0.000908234098461, 0.000604914210271, 0.00134883797728, 0.00310393772088, 0.00029272082611, 0.000160933734151, 0.000457243266283, 0.000672295456752, 6.9419380452e-05, 2.49216482189e-05, 2.21124246309e-05, 9.58323562372e-06, 2.45506344072e-05, 1.76991725311e-05, 1.65038563864e-05, 1.46549127749e-05, 6.61833792037e-06, 2.30360774367e-06, 1.99479131879e-06, 1.35318350658e-06, 2.96556180501e-07, 2.14110968955e-08, 1.64171587436e-09],
        "stdev": [1.93652868271, 7.98144292831, 14.7123193741, 23.7174549103, 20.3187770844, 15.5267868042, 20.2593574524, 22.5616817474, 68.4486999512, 80.5422592163, 43.6394348145, 29.4611644745, 46.576133728, 69.0327224731, 74.0993041992, 47.777557373, 61.4276847839, 106.441101074, 58.7897605896, 19.2379570007, 81.523475647, 27.8087501526, 35.1911964417, 15.2428455353, 23.4223461151, 35.8811340332, 15.4409208298, 13.8899621964, 10.244644165, 9.495677948, 5.7842297554, 5.50497865677, 8.53881168365, 4.90365934372, 2.51596593857, 1.12457060814, 0.376853346825, 0.0543081201613, 0.00141465920024, 7.68270983826e-05],
        "var": [3.75014328957, 63.7034339905, 216.452346802, 562.517700195, 412.85269165, 241.081100464, 410.441558838, 509.029449463, 4685.22460938, 6487.05566406, 1904.40014648, 867.960205078, 2169.33618164, 4765.51708984, 5490.70654297, 2282.69482422, 3773.3605957, 11329.7080078, 3456.23608398, 370.098968506, 6646.07714844, 773.326538086, 1238.42041016, 232.344329834, 548.606323242, 1287.45581055, 238.422042847, 192.931045532, 104.952728271, 90.1679000854, 33.4573135376, 30.3047924042, 72.9113006592, 24.0458755493, 6.33008432388, 1.26465904713, 0.142018437386, 0.00294937193394, 2.00126055461e-06, 5.9024025667e-09]
    },
    "gfcc": {
        "mean": [4.79742574692, 82.9877700806, -94.7228088379, 6.55143642426, -62.5950889587, 20.3328208923, -54.257938385, 14.3293886185, -30.6226539612, 2.42249202728, -19.3517436981, 3.08367395401, -10.3458032608],
        "cov": [[2983.21704102, -885.005432129, 51.3559303284, 314.590087891, 65.7193145752, 198.786361694, 164.133255005, 203.543960571, -20.048740387, 175.083099365, -51.324180603, 68.2376327515, -115.235595703], [-885.005432129, 1717.1105957, 254.985275269, 120.48613739, 451.783050537, 131.610916138, 235.418258667, 102.829620361, 243.120376587, -146.991790771, 125.036117554, -73.4006958008, 84.7315444946], [51.3559303284, 254.985275269, 953.614868164, 401.653045654, 221.129592896, 257.571105957, 197.131164551, 177.165893555, 131.571395874, 63.5558776855, 52.5991210938, 66.9700393677, 73.5033874512], [314.590087891, 120.48613739, 401.653045654, 701.215148926, 326.772735596, 104.942718506, 145.025009155, 65.9579315186, 166.957046509, 48.3954391479, -3.59031391144, 17.2957267761, 115.588394165], [65.7193145752, 451.783050537, 221.129592896, 326.772735596, 507.72845459, 127.843589783, 145.26373291, 144.214797974, 143.921936035, 45.1383857727, 67.2825546265, 8.13083839417, 72.6287536621], [198.786361694, 131.610916138, 257.571105957, 104.942718506, 127.843589783, 277.678192139, 198.422149658, 104.027687073, 62.8988838196, 40.1101913452, 52.308681488, 23.9769172668, 6.71102046967], [164.133255005, 235.418258667, 197.131164551, 145.025009155, 145.26373291, 198.422149658, 401.889587402, 120.219825745, 46.041809082, 20.3598327637, 66.3574447632, 39.2469444275, 7.13340759277], [203.543960571, 102.829620361, 177.165893555, 65.9579315186, 144.214797974, 104.027687073, 120.219825745, 217.989440918, 63.9902763367, 47.4683303833, 66.1038970947, 33.3142852783, 28.4271945953], [-20.048740387, 243.120376587, 131.571395874, 166.957046509, 143.921936035, 62.8988838196, 46.041809082, 63.9902763367, 218.557830811, 62.8803367615, 47.8345489502, 16.2290039062, 45.5231361389], [175.083099365, -146.991790771, 63.5558776855, 48.3954391479, 45.1383857727, 40.1101913452, 20.3598327637, 47.4683303833, 62.8803367615, 174.281692505, 65.8836517334, 22.4686279297, 6.52984905243], [-51.324180603, 125.036117554, 52.5991210938, -3.59031391144, 67.2825546265, 52.308681488, 66.3574447632, 66.1038970947, 47.8345489502, 65.8836517334, 150.751724243, 37.6219062805, 27.9139328003], [68.2376327515, -73.4006958008, 66.9700393677, 17.2957267761, 8.13083839417, 23.9769172668, 39.2469444275, 33.3142852783, 16.2290039062, 22.4686279297, 37.6219062805, 110.138824463, 41.3829421997], [-115.235595703, 84.7315444946, 73.5033874512, 115.588394165, 72.6287536621, 6.71102046967, 7.13340759277, 28.4271945953, 45.5231361389, 6.52984905243, 27.9139328003, 41.3829421997, 132.821929932]],
        "icov": [[0.000591281510424, 0.000220564252231, 0.000306656089379, -0.000529687269591, 5.75758822379e-05, -0.000454125140095, 5.78668805247e-05, -0.000741863448638, 0.000188121557585, -0.000259687862126, 0.000337913312251, -0.00042233595741, 0.000819537148345], [0.000220564252231, 0.00195393827744, -0.000548552372493, 0.00109353254084, -0.00161135569215, 0.000466998870252, -0.00104182388168, 0.00068291061325, -0.00217467336915, 0.00267398217693, -0.00147803907748, 0.0020312028937, -0.000644241110422], [0.000306656089379, -0.000548552372493, 0.00230968999676, -0.00177311268635, 0.000946174433921, -0.00185864698142, 0.000741362920962, -0.00165058241691, 0.000912379124202, -0.00100192113314, 0.00072296714643, -0.00161081098486, 0.000857334409375], [-0.000529687269591, 0.00109353254084, -0.00177311268635, 0.00467670755461, -0.00269305612892, 0.00154083303642, -0.00174879527185, 0.00250439578667, -0.00276766344905, 0.00138317933306, 0.000256925064605, 0.00237204879522, -0.00320562673733], [5.75758822379e-05, -0.00161135569215, 0.000946174433921, -0.00269305612892, 0.00521497242153, -0.00119986280333, 0.00089070177637, -0.00258127297275, 0.00120478461031, -0.00197321851738, 0.000433029985288, -0.00104440818541, 0.000530023768079], [-0.000454125140095, 0.000466998870252, -0.00185864698142, 0.00154083303642, -0.00119986280333, 0.00776115432382, -0.00311345490627, 0.000492194667459, -0.00153659156058, 0.000582362816203, -0.000900272454601, 0.00141819228884, -0.000433064677054], [5.78668805247e-05, -0.00104182388168, 0.000741362920962, -0.00174879527185, 0.00089070177637, -0.00311345490627, 0.00514611508697, -0.00177128624637, 0.00185759924352, -0.000695750291925, -0.000261194392806, -0.00229923287407, 0.0017682176549], [-0.000741863448638, 0.00068291061325, -0.00165058241691, 0.00250439578667, -0.00258127297275, 0.000492194667459, -0.00177128624637, 0.00909638870507, -0.00193714757916, 0.000940428988542, -0.00209032883868, 0.00108128366992, -0.00209031789564], [0.000188121557585, -0.00217467336915, 0.000912379124202, -0.00276766344905, 0.00120478461031, -0.00153659156058, 0.00185759924352, -0.00193714757916, 0.0095879547298, -0.00479471636936, 0.00107699609362, -0.00258857663721, 0.000717577408068], [-0.000259687862126, 0.00267398217693, -0.00100192113314, 0.00138317933306, -0.00197321851738, 0.000582362816203, -0.000695750291925, 0.000940428988542, -0.00479471636936, 0.011983929202, -0.00567111093551, 0.00261524738744, -0.000263538357103], [0.000337913312251, -0.00147803907748, 0.00072296714643, 0.000256925064605, 0.000433029985288, -0.000900272454601, -0.000261194392806, -0.00209032883868, 0.00107699609362, -0.00567111093551, 0.0120432889089, -0.00367775047198, -0.000592984666582], [-0.00042233595741, 0.0020312028937, -0.00161081098486, 0.00237204879522, -0.00104440818541, 0.00141819228884, -0.00229923287407, 0.00108128366992, -0.00258857663721, 0.00261524738744, -0.00367775047198, 0.0147340688854, -0.00550264539197], [0.000819537148345, -0.000644241110422, 0.000857334409375, -0.00320562673733, 0.000530023768079, -0.000433064677054, 0.0017682176549, -0.00209031789564, 0.000717577408068, -0.000263538357103, -0.000592984666582, -0.00550264539197, 0.0126566914842]]
    },
    "melbands": {
        "dmean": [0.00327910855412, 0.00189399253577, 0.00123625237029, 0.00056313292589, 0.000315296463668, 0.00022057958995, 0.000289391580736, 0.000233746948652, 0.000126652681502, 9.36491560424e-05, 9.90744229057e-05, 0.000124182173749, 9.49498280534e-05, 6.20534046902e-05, 4.39274226665e-05, 5.67996721657e-05, 6.59945726511e-05, 3.83760307159e-05, 1.22662850117e-05, 1.29014160848e-05, 2.0367822799e-05, 1.26999530039e-05, 1.62899632414e-05, 1.03502943603e-05, 4.43264161731e-06, 7.41548410588e-06, 8.00621273811e-06, 9.44126350078e-06, 4.24146537625e-06, 3.16615751217e-06, 3.74626415578e-06, 2.98331701742e-06, 1.96938844965e-06, 2.4939861305e-06, 1.5118311012e-06, 1.09309723939e-06, 1.74669617081e-06, 3.51641142515e-06, 2.18484024117e-06, 1.65455344359e-06],
        "dmean2": [0.00444300565869, 0.0027543050237, 0.00215348415077, 0.00091024156427, 0.000511659658514, 0.000335234653903, 0.000419630407123, 0.000346076674759, 0.000194725231268, 0.000140146614285, 0.000149391125888, 0.000204963609576, 0.000150537511217, 9.55397263169e-05, 7.34521381673e-05, 8.54328609421e-05, 0.000101181205537, 6.10292554484e-05, 2.02693572646e-05, 2.02675037144e-05, 3.0463843359e-05, 2.05672658922e-05, 2.7410706025e-05, 1.85530770977e-05, 7.52652431402e-06, 1.32458044391e-05, 1.46841211972e-05, 1.73670014192e-05, 7.55374094297e-06, 5.55742008146e-06, 6.62389902573e-06, 5.13029317517e-06, 3.28157489093e-06, 4.48632590633e-06, 2.53252733273e-06, 1.71377098468e-06, 2.83877056972e-06, 5.89551291341e-06, 3.44759678228e-06, 2.56920543507e-06],
        "dvar": [7.94425068307e-05, 4.17922747147e-05, 2.01420571102e-05, 1.2739290014e-06, 3.0322135558e-07, 1.27891155444e-07, 3.19665275583e-07, 2.39152825543e-07, 4.81318380707e-08, 2.44793234572e-08, 3.17804840222e-08, 9.16619313784e-08, 6.86519854298e-08, 2.20454374755e-08, 8.06159672351e-09, 1.91007849537e-08, 2.42527438132e-08, 1.03737205492e-08, 8.72249494854e-10, 8.85501172387e-10, 3.24937876606e-09, 6.3396332628e-10, 1.42533340686e-09, 1.07845432584e-09, 1.19667969978e-10, 5.04663588696e-10, 7.12292336225e-10, 1.01588093493e-09, 1.66412147951e-10, 7.76472219854e-11, 1.20913265511e-10, 5.71017746975e-11, 2.11705184633e-11, 5.68084745911e-11, 1.38086330564e-11, 4.50135675262e-12, 1.13805388724e-11, 6.01563798774e-11, 1.58834091712e-11, 1.40178623917e-11],
        "dvar2": [0.000129038424348, 0.000100689016108, 5.73470097152e-05, 3.52669121639e-06, 7.33407659936e-07, 2.89161135925e-07, 5.91222374169e-07, 4.77021899314e-07, 1.02316803918e-07, 5.73661509407e-08, 6.81131737679e-08, 2.46712261287e-07, 1.69053421928e-07, 4.58445619245e-08, 2.2103941788e-08, 3.7069494141e-08, 5.2942830564e-08, 2.26426219996e-08, 2.26610397114e-09, 2.03825401002e-09, 7.00053837122e-09, 1.49926049353e-09, 3.69112695964e-09, 3.05305825066e-09, 3.2650010473e-10, 1.40435096885e-09, 2.01784033926e-09, 2.85808110512e-09, 4.59371873873e-10, 2.13452214237e-10, 3.35135891261e-10, 1.549807227e-10, 5.45932153651e-11, 1.59424348722e-10, 3.52379271595e-11, 9.77441044769e-12, 2.55425923468e-11, 1.54590659718e-10, 3.65335955932e-11, 3.5534884063e-11],
        "max": [0.0979276001453, 0.0653492808342, 0.0381594449282, 0.0127845657989, 0.00654528103769, 0.0043842154555, 0.00816022790968, 0.00893477723002, 0.0026232812088, 0.00218424224295, 0.00219724560156, 0.00386371999048, 0.00400905916467, 0.00264281127602, 0.000766151817515, 0.00203437008895, 0.00251698214561, 0.00210222764872, 0.000626415363513, 0.000513950013556, 0.0014012431493, 0.000301235646475, 0.000345551845385, 0.000294048193609, 7.83230934758e-05, 0.00015249439457, 0.000204772251891, 0.000245268252911, 8.46612965688e-05, 6.0911210312e-05, 0.000111138964712, 5.5909211369e-05, 3.91121138819e-05, 6.38995115878e-05, 3.07705304294e-05, 3.31472219841e-05, 3.49139445461e-05, 6.49831345072e-05, 6.12965595792e-05, 6.53457536828e-05],
        "mean": [0.00572293251753, 0.00292711984366, 0.00152651628014, 0.000947170599829, 0.000506383308675, 0.000379881414119, 0.00051656231517, 0.000388649379602, 0.000210088750464, 0.000149934625369, 0.000158502152772, 0.000147593033034, 0.000126366183395, 8.97918871487e-05, 5.05241587234e-05, 7.88284596638e-05, 8.19646811578e-05, 4.54770270153e-05, 1.47265100168e-05, 1.78899354069e-05, 3.38029567502e-05, 1.65737383213e-05, 1.83686115633e-05, 8.9788754849e-06, 4.56055477116e-06, 6.2889594119e-06, 5.6118460634e-06, 6.22571815256e-06, 3.14053886541e-06, 2.63156493929e-06, 3.08038147523e-06, 2.84387510874e-06, 1.84804389392e-06, 1.89785407656e-06, 1.43499710248e-06, 1.25973906506e-06, 1.90987134374e-06, 3.36019024871e-06, 2.85877990791e-06, 2.32515867538e-06],
        "median": [0.000144278921653, 0.000281797605567, 0.000491332029924, 0.000559999316465, 0.000270469521638, 0.000170534971403, 0.000181368086487, 0.000102707912447, 8.7152904598e-05, 7.87353565102e-05, 5.93590448261e-05, 4.73668624181e-05, 3.3655698644e-05, 1.94746316993e-05, 2.18896511797e-05, 1.63387157954e-05, 1.25928354464e-05, 8.62472916197e-06, 4.66150504508e-06, 4.12242479797e-06, 5.52776327822e-06, 6.15412409388e-06, 4.69317001262e-06, 1.89128638795e-06, 1.21553625831e-06, 1.10436963041e-06, 6.32427600067e-07, 3.22413029608e-07, 2.69467193448e-07, 4.18024797e-07, 5.03456703882e-07, 7.10415349658e-07, 4.86999283567e-07, 3.43450665241e-07, 3.3069602523e-07, 3.54342262199e-07, 4.35724757608e-07, 6.88836962581e-07, 1.04868513517e-06, 9.10377593755e-07],
        "min": [4.51275239399e-10, 9.23570830924e-10, 1.20498189204e-08, 1.44450753581e-08, 1.63846340939e-08, 1.33793545132e-08, 5.92320947845e-09, 1.3920923303e-09, 9.35411414993e-10, 4.05810496318e-10, 4.1748751678e-10, 1.4427298245e-09, 6.67985111669e-10, 2.15929985004e-09, 3.51609252824e-09, 2.00127225902e-09, 1.54859924884e-09, 7.53952289489e-10, 1.27264965233e-09, 3.29967941859e-09, 3.3543043898e-09, 1.91287694018e-10, 6.59427026872e-11, 1.74625133798e-10, 3.41086964228e-10, 8.00507604648e-10, 8.86458129123e-11, 3.09577502522e-11, 1.28032202895e-11, 1.85872792852e-11, 1.05124251318e-11, 4.69606948814e-12, 7.24279577285e-12, 1.70427526258e-11, 9.64627076133e-12, 1.12690525314e-11, 1.03492639805e-11, 1.3897142985e-11, 4.62633837489e-12, 5.69343877599e-12],
        "stdev": [0.0142805483192, 0.00726832542568, 0.00375071470626, 0.00120152521413, 0.000659616896883, 0.000522244779859, 0.000953940849286, 0.000778517918661, 0.000318880629493, 0.000201497823582, 0.000254607381066, 0.000296756625175, 0.000303314591292, 0.000238812557654, 8.27577969176e-05, 0.000203252435313, 0.000206454104045, 0.000133553257911, 3.35455733875e-05, 4.16319817305e-05, 0.00010355811537, 2.95059144264e-05, 3.84320883313e-05, 2.65447033598e-05, 9.92651166598e-06, 1.82103576662e-05, 2.05213618756e-05, 2.47107709583e-05, 1.04289420051e-05, 7.33779506845e-06, 8.90456612979e-06, 6.45509135211e-06, 4.13613952333e-06, 5.94137691223e-06, 3.45814351022e-06, 2.62438743448e-06, 3.8015402879e-06, 7.24154642739e-06, 4.88441992275e-06, 4.18737681684e-06],
        "var": [0.000203934061574, 5.28285563632e-05, 1.40678603202e-05, 1.44366288168e-06, 4.35094449358e-07, 2.72739583806e-07, 9.10003166155e-07, 6.06090111432e-07, 1.0168486142e-07, 4.0601371154e-08, 6.48249169899e-08, 8.80644961399e-08, 9.19997447113e-08, 5.70314355741e-08, 6.84885348434e-09, 4.13115550657e-08, 4.26232951156e-08, 1.78364736314e-08, 1.12530540441e-09, 1.73322189934e-09, 1.07242827951e-08, 8.70599037306e-10, 1.47702550191e-09, 7.04621305747e-10, 9.85356379823e-11, 3.31617094895e-10, 4.21126300498e-10, 6.10622219455e-10, 1.08762839013e-10, 5.38432388952e-11, 7.92913026904e-11, 4.16682070792e-11, 1.71076503658e-11, 3.52999574016e-11, 1.19587569014e-11, 6.88740991323e-12, 1.44517089268e-11, 5.24399967894e-11, 2.38575600248e-11, 1.75341251935e-11]
    },
    "melbands128": {
