{
"lowlevel": {
    "average_loudness": 0.977227807045,
    "barkbands_crest": {
        "dmean": 2.05407261848,
        "dmean2": 3.23470282555,
        "dvar": 5.33849334717,
        "dvar2": 12.0386247635,
        "max": 25.8654212952,
        "mean": 12.0883083344,
        "median": 11.691860199,
        "min": 4.39017057419,
        "stdev": 3.5058991909,
        "var": 12.2913293839
    },
    "barkbands_flatness_db": {
        "dmean": 0.0322429761291,
        "dmean2": 0.0457249544561,
        "dvar": 0.00117355387192,
        "dvar2": 0.00221660523675,
        "max": 0.45180734992,
        "mean": 0.220664575696,
        "median": 0.21411664784,
        "min": 0.0333068966866,
        "stdev": 0.0672822147608,
        "var": 0.00452689640224
    },
    "barkbands_kurtosis": {
        "dmean": 10.1219434738,
        "dmean2": 16.3307647705,
        "dvar": 374.960998535,
        "dvar2": 928.139709473,
        "max": 210.6015625,
        "mean": 17.1764945984,
        "median": 10.7271318436,
        "min": -1.76302862167,
        "stdev": 21.953004837,
        "var": 481.934448242
    },
    "barkbands_skewness": {
        "dmean": 0.873250007629,
        "dmean2": 1.34790956974,
        "dvar": 1.23539876938,
        "dvar2": 2.86029624939,
        "max": 12.5651779175,
        "mean": 3.03748273849,
        "median": 2.67180943489,
        "min": -1.78501200676,
        "stdev": 1.61069881916,
        "var": 2.5943505764
    },
    "barkbands_spread": {
        "dmean": 4.91703224182,
        "dmean2": 7.77874612808,
        "dvar": 85.1097106934,
        "dvar2": 206.63923645,
        "max": 85.4465560913,
        "mean": 10.8277416229,
        "median": 8.00300788879,
        "min": 0.53881752491,
        "stdev": 10.8896112442,
        "var": 118.583625793
    },
    "dissonance": {
        "dmean": 0.0297322645783,
        "dmean2": 0.0486161634326,
        "dvar": 0.00102568010334,
        "dvar2": 0.00256910314783,
        "max": 0.499610722065,
        "mean": 0.432503342628,
        "median": 0.439312398434,
        "min": 0,
        "stdev": 0.043429825455,
        "var": 0.00188614963554
    },
    "dynamic_complexity": 2.13878440857,
    "erbbands_crest": {
        "dmean": 2.95694613457,
        "dmean2": 4.7267575264,
        "dvar": 7.54163455963,
        "dvar2": 16.4217243195,
        "max": 27.8661575317,
        "mean": 11.2180452347,
        "median": 10.3222646713,
        "min": 2.66936945915,
        "stdev": 4.57052278519,
        "var": 20.8896770477
    },
    "erbbands_flatness_db": {
        "dmean": 0.0230216439813,
        "dmean2": 0.0337989106774,
        "dvar": 0.000530676275957,
        "dvar2": 0.00109961710405,
        "max": 0.294406235218,
        "mean": 0.152349039912,
        "median": 0.155259743333,
        "min": 0.049326185137,
        "stdev": 0.042518068105,
        "var": 0.00180778605863
    },
    "erbbands_kurtosis": {
        "dmean": 1.83649027348,
        "dmean2": 2.88602805138,
        "dvar": 4.91678190231,
        "dvar2": 11.1912145615,
        "max": 24.5064907074,
        "mean": 2.29411458969,
        "median": 1.35363340378,
        "min": -1.81522071362,
        "stdev": 3.58503103256,
        "var": 12.8524475098
    },
    "erbbands_skewness": {
        "dmean": 0.509155392647,
        "dmean2": 0.789773344994,
        "dvar": 0.267113924026,
        "dvar2": 0.614197313786,
        "max": 4.20967388153,
        "mean": 1.11980426311,
        "median": 1.12269675732,
        "min": -2.17517805099,
        "stdev": 0.868963181973,
        "var": 0.755096971989
    },
    "erbbands_spread": {
        "dmean": 12.4182243347,
        "dmean2": 19.6361484528,
        "dvar": 277.313293457,
        "dvar2": 641.588012695,
        "max": 151.479858398,
        "mean": 37.957572937,
        "median": 31.8137187958,
        "min": 4.72730207443,
        "stdev": 23.8648548126,
        "var": 569.53125
    },
    "hfc": {
        "dmean": 8.61317253113,
        "dmean2": 13.886590004,
        "dvar": 329.272247314,
        "dvar2": 814.935119629,
        "max": 204.962478638,
        "mean": 18.0383071899,
        "median": 13.3815116882,
        "min": 1.15772754398e-16,
        "stdev": 19.760559082,
        "var": 390.479705811
    },
    "loudness_ebu128": {
        "integrated": -11.3273792267,
        "loudness_range": 3.11217689514,
        "momentary": {
            "dmean": 0.660494804382,
            "dmean2": 0.832655966282,
            "dvar": 0.575024247169,
            "dvar2": 0.893892884254,
            "max": -6.90456008911,
            "mean": -11.7395648956,
            "median": -11.7582035065,
            "min": -20.2767734528,
            "stdev": 1.94757258892,
            "var": 3.79303908348
        },
        "short_term": {
            "dmean": 0.0879691466689,
            "dmean2": 0.112902902067,
            "dvar": 0.0120001034811,
            "dvar2": 0.0234174020588,
            "max": -9.06824111938,
            "mean": -11.5205640793,
            "median": -11.5109329224,
            "min": -13.9586677551,
            "stdev": 1.01859211922,
            "var": 1.03752982616
        }
    },
    "melbands_crest": {
        "dmean": 3.10545635223,
        "dmean2": 4.59936666489,
        "dvar": 11.3399534225,
        "dvar2": 25.2854633331,
        "max": 37.2827033997,
        "mean": 24.3270969391,
        "median": 25.1560077667,
        "min": 2.73660254478,
        "stdev": 6.75009393692,
        "var": 45.5637664795
    },
    "melbands_flatness_db": {
        "dmean": 0.0365809760988,
        "dmean2": 0.0503914430737,
        "dvar": 0.00158403068781,
        "dvar2": 0.00298232259229,
        "max": 0.582978129387,
        "mean": 0.315571367741,
        "median": 0.309800982475,
        "min": 0.00722942966968,
        "stdev": 0.0815243124962,
        "var": 0.00664621312171
    },
    "melbands_kurtosis": {
        "dmean": 21.7814559937,
        "dmean2": 34.5103759766,
        "dvar": 2321.42089844,
        "dvar2": 5479.70361328,
        "max": 670.926147461,
        "mean": 35.3208732605,
        "median": 19.0004844666,
        "min": -1.09942901134,
        "stdev": 56.9577178955,
        "var": 3244.18164062
    },
    "melbands_skewness": {
        "dmean": 1.22539258003,
        "dmean2": 1.84596073627,
        "dvar": 2.71635556221,
        "dvar2": 5.99628829956,
        "max": 21.543138504,
        "mean": 3.93305778503,
        "median": 3.28227090836,
        "min": -0.0788780376315,
        "stdev": 2.54315423965,
        "var": 6.46763372421
    },
    "melbands_spread": {
        "dmean": 3.12464189529,
        "dmean2": 4.59353876114,
        "dvar": 51.0012283325,
        "dvar2": 108.247215271,
        "max": 128.590515137,
        "mean": 8.46829509735,
        "median": 7.00366020203,
        "min": 0.481675326824,
        "stdev": 8.24035263062,
        "var": 67.9034042358
    },
    "pitch_salience": {
        "dmean": 0.0687619000673,
        "dmean2": 0.109361112118,
        "dvar": 0.00622572982684,
        "dvar2": 0.015339769423,
        "max": 0.826491296291,
        "mean": 0.417683452368,
        "median": 0.403987675905,
        "min": 0.108255080879,
        "stdev": 0.129156723619,
        "var": 0.0166814606637
    },
    "silence_rate_20dB": {
        "dmean": 0.0061919502914,
        "dmean2": 0.0123934932053,
        "dvar": 0.0061536389403,
        "dvar2": 0.018436646089,
        "max": 1,
        "mean": 0.996906399727,
        "median": 1,
        "min": 0,
        "stdev": 0.0555338300765,
        "var": 0.00308400648646
    },
    "silence_rate_30dB": {
        "dmean": 0.0417956672609,
        "dmean2": 0.082881487906,
        "dvar": 0.0400490015745,
        "dvar2": 0.080658659339,
        "max": 1,
        "mean": 0.886310875416,
        "median": 1,
        "min": 0,
        "stdev": 0.317432045937,
        "var": 0.100763097405
    },
    "silence_rate_60dB": {
        "dmean": 0.00541795650497,
        "dmean2": 0.0108443070203,
        "dvar": 0.00538862356916,
        "dvar2": 0.0122758084908,
        "max": 1,
        "mean": 0.0116009283811,
        "median": 0,
        "min": 0,
        "stdev": 0.107080645859,
        "var": 0.0114662647247
    },
    "spectral_centroid": {
        "dmean": 227.648696899,
        "dmean2": 351.826477051,
        "dvar": 232199.203125,
        "dvar2": 383322.6875,
        "max": 11432.0908203,
        "mean": 746.03338623,
        "median": 585.548400879,
        "min": 164.983398438,
        "stdev": 597.789428711,
        "var": 357352.21875
    },
    "spectral_complexity": {
        "dmean": 2.93188858032,
        "dmean2": 4.45313692093,
        "dvar": 17.5573120117,
        "dvar2": 30.7621688843,
        "max": 58,
        "mean": 12.2003097534,
        "median": 11,
        "min": 0,
        "stdev": 6.87695026398,
        "var": 47.2924461365
    },
    "spectral_decrease": {
        "dmean": 5.41647215968e-09,
        "dmean2": 8.80429507077e-09,
        "dvar": 1.43576465308e-16,
        "dvar2": 3.59613661108e-16,
        "max": -1.09595332375e-28,
        "mean": -1.95135090308e-08,
        "median": -1.81947434896e-08,
        "min": -1.2300658625e-07,
        "stdev": 1.52207491055e-08,
        "var": 2.3167118731e-16
    },
    "spectral_energy": {
        "dmean": 0.0209415890276,
        "dmean2": 0.0340296439826,
        "dvar": 0.00208974350244,
        "dvar2": 0.0052334992215,
        "max": 0.470461905003,
        "mean": 0.0752846673131,
        "median": 0.0702233836055,
        "min": 1.09145682111e-20,
        "stdev": 0.0580731257796,
        "var": 0.0033724878449
    },
    "spectral_energyband_high": {
        "dmean": 0.000578492588829,
        "dmean2": 0.000947150518186,
        "dvar": 2.46627837441e-06,
        "dvar2": 5.9815001805e-06,
        "max": 0.0167550947517,
        "mean": 0.000664633116685,
        "median": 0.000164295197465,
        "min": 7.96728168328e-21,
        "stdev": 0.00157243362628,
        "var": 2.47254752139e-06
    },
    "spectral_energyband_low": {
        "dmean": 0.014771303162,
        "dmean2": 0.0235057324171,
        "dvar": 0.00201010936871,
        "dvar2": 0.00506703136489,
        "max": 0.444642424583,
        "mean": 0.0518044270575,
        "median": 0.0523474812508,
        "min": 1.01827844342e-22,
        "stdev": 0.053989354521,
        "var": 0.00291485060006
    },
    "spectral_energyband_middle_high": {
        "dmean": 0.00086146092508,
        "dmean2": 0.00122505018953,
        "dvar": 1.99954911295e-06,
        "dvar2": 4.05813125326e-06,
        "max": 0.0244810432196,
        "mean": 0.00208772276528,
        "median": 0.00134981668089,
        "min": 1.82625666693e-21,
        "stdev": 0.0025116847828,
        "var": 6.30856084172e-06
    },
    "spectral_energyband_middle_low": {
        "dmean": 0.00784886907786,
        "dmean2": 0.0129314083606,
        "dvar": 0.000234587452724,
        "dvar2": 0.000686337705702,
        "max": 0.157241985202,
        "mean": 0.0189278889447,
        "median": 0.0168396942317,
        "min": 3.18954513118e-22,
        "stdev": 0.0155909946188,
        "var": 0.000243079120992
    },
    "spectral_entropy": {
        "dmean": 0.295046657324,
        "dmean2": 0.433479428291,
        "dvar": 0.100411124527,
        "dvar2": 0.195767536759,
        "max": 9.7964515686,
        "mean": 7.13778209686,
        "median": 7.07633686066,
        "min": 5.53771829605,
        "stdev": 0.541149437428,
        "var": 0.292842686176
    },
    "spectral_flux": {
        "dmean": 0.0370506905019,
        "dmean2": 0.0592138171196,
        "dvar": 0.00351289915852,
        "dvar2": 0.00672507705167,
        "max": 0.638139724731,
        "mean": 0.10430791229,
        "median": 0.0830403193831,
        "min": 1.04472812346e-10,
        "stdev": 0.0860704183578,
        "var": 0.00740811647847
    },
    "spectral_kurtosis": {
        "dmean": 2.88422679901,
        "dmean2": 4.54932928085,
        "dvar": 13.9614391327,
        "dvar2": 34.7095909119,
        "max": 44.7381782532,
        "mean": 6.74080228806,
        "median": 5.84242534637,
        "min": -1.23047041893,
        "stdev": 4.99959993362,
        "var": 24.9960002899
    },
    "spectral_rms": {
        "dmean": 0.00105339265428,
        "dmean2": 0.00164319272153,
        "dvar": 3.0465268992e-06,
        "dvar2": 6.85424902258e-06,
        "max": 0.0214239880443,
        "mean": 0.00806599389762,
        "median": 0.00827711448073,
        "min": 3.26318247597e-12,
        "stdev": 0.00289623765275,
        "var": 8.3881923274e-06
    },
    "spectral_rolloff": {
        "dmean": 261.947967529,
        "dmean2": 456.06652832,
        "dvar": 1060790.375,
        "dvar2": 2368228.5,
        "max": 18195.5566406,
        "mean": 464.270385742,
        "median": 344.53125,
        "min": 43.06640625,
        "stdev": 968.955444336,
        "var": 938874.625
    },
    "spectral_skewness": {
        "dmean": 0.39668315649,
        "dmean2": 0.599240601063,
        "dvar": 0.184678271413,
        "dvar2": 0.417704045773,
        "max": 5.35056829453,
        "mean": 2.07026052475,
        "median": 2.03337550163,
        "min": -0.0320304147899,
        "stdev": 0.699312329292,
        "var": 0.489037752151
    },
    "spectral_spread": {
        "dmean": 1119023.375,
        "dmean2": 1676815.875,
        "dvar": 2.75583519949e+12,
        "dvar2": 4.99026860442e+12,
        "max": 41412616,
        "mean": 5226777,
        "median": 4648193,
        "min": 1749675,
        "stdev": 2375534.5,
        "var": 5.64316392653e+12
    },
    "spectral_strongpeak": {
        "dmean": 0.257959932089,
        "dmean2": 0.459246724844,
        "dvar": 0.184865042567,
        "dvar2": 0.42949461937,
        "max": 4.18542194366,
        "mean": 0.505251407623,
        "median": 0.352361261845,
        "min": 0,
        "stdev": 0.611376821995,
        "var": 0.373781651258
    },
    "zerocrossingrate": {
        "dmean": 0.00989223085344,
        "dmean2": 0.0124536305666,
        "dvar": 0.00035023665987,
        "dvar2": 0.000437476119259,
        "max": 0.48876953125,
        "mean": 0.0288928057998,
        "median": 0.02197265625,
        "min": 0.0009765625,
        "stdev": 0.0265110321343,
        "var": 0.000702834804542
    },
    "barkbands": {
        "dmean": [0.00551988510415, 0.0105459596962, 0.00479975854978, 0.00216796970926, 0.00295990938321, 0.00186555087566, 0.00300360121764, 0.000541110988706, 0.000539804052096, 0.000221690454055, 0.000146154008689, 0.000170916391653, 0.000191479950445, 0.000147759012179, 0.000135219277581, 7.79726178735e-05, 0.000111937064503, 4.7770114179e-05, 9.42406040849e-05, 7.54820648581e-05, 6.94791669957e-05, 6.1088205257e-05, 9.37644581427e-05, 7.89875193732e-05, 0.000113458307169, 0.000174396802322, 7.38028893466e-06],
        "dmean2": [0.00884206965566, 0.0168106909841, 0.00890498142689, 0.00391794135794, 0.00493804411963, 0.00284728617407, 0.0045731337741, 0.000803328701295, 0.000723545090295, 0.000338918442139, 0.000225540672545, 0.000247159070568, 0.000281639921013, 0.000236611856963, 0.000207497068914, 0.000119321528473, 0.000173577383975, 7.36973888706e-05, 0.000145931291627, 0.000119856893434, 0.000103174519609, 9.37608419918e-05, 0.000157482092618, 0.00012512729154, 0.000189629252418, 0.000308620743454, 1.24947091535e-05],
        "dvar": [5.29372409801e-05, 0.00109336257447, 0.000726387021132, 8.30748249427e-05, 2.85573005385e-05, 9.20657112147e-06, 2.80786553049e-05, 1.43366492011e-06, 1.32398247388e-06, 1.66689204661e-07, 2.22929756433e-07, 1.93534773985e-07, 2.01341521233e-07, 1.02295480531e-07, 9.04921506617e-08, 2.5712285634e-08, 4.51359163378e-08, 1.57587951577e-08, 5.45844365263e-08, 1.03950647201e-07, 5.47866498835e-08, 2.75444271836e-08, 4.42195435824e-08, 3.92546226635e-08, 1.25703607523e-07, 3.94316032271e-07, 8.92329043989e-10],
        "dvar2": [0.000110955224955, 0.00250995461829, 0.00210474268533, 0.000245526432991, 8.22191504994e-05, 2.01817601919e-05, 6.33812669548e-05, 2.8029448913e-06, 2.20029005504e-06, 3.74542139525e-07, 5.47992954125e-07, 4.38981516027e-07, 3.76222459408e-07, 2.2597633631e-07, 2.10538843248e-07, 5.83502171025e-08, 1.03401411877e-07, 3.19207416055e-08, 1.33014083303e-07, 2.42587674393e-07, 1.17516925968e-07, 5.91987223686e-08, 1.12141840702e-07, 8.75237660125e-08, 3.26878364376e-07, 1.08133133381e-06, 2.16373963191e-09],
        "max": [0.0980064868927, 0.370655417442, 0.295573621988, 0.131034240127, 0.0585917793214, 0.0312764421105, 0.0993323326111, 0.0203936472535, 0.0283481311053, 0.00872707273811, 0.0106497360393, 0.00945097859949, 0.00585146574304, 0.00510281091556, 0.00551908230409, 0.00255037937313, 0.003378004767, 0.00204978790134, 0.00335752894171, 0.008530610241, 0.0039618993178, 0.00337778194807, 0.00211948854849, 0.00273267948069, 0.00412702932954, 0.00712438672781, 0.000476255256217],
        "mean": [0.0200821962208, 0.0294061992317, 0.00416138023138, 0.00219613988884, 0.00563702639192, 0.00344263482839, 0.00570243783295, 0.000776151777245, 0.00108045176603, 0.000386307045119, 0.000241151064984, 0.00027678324841, 0.000301008636598, 0.000199920017621, 0.000200307171326, 0.000125648162793, 0.00018084574549, 6.32205046713e-05, 0.000123442790937, 7.79748224886e-05, 8.78496066434e-05, 8.4042083472e-05, 0.000102173951745, 9.54748393269e-05, 0.000109343185613, 0.000138028510264, 6.53222514302e-06],
        "median": [0.0195493679494, 0.0229086242616, 0.00140625622589, 0.00103848287836, 0.00419986248016, 0.00164031924214, 0.00311379600316, 0.000140134245157, 0.000245398405241, 0.00015388824977, 5.6344204495e-05, 5.63138601137e-05, 7.45529323467e-05, 5.49640135432e-05, 6.03292246524e-05, 4.46482481493e-05, 7.78090179665e-05, 2.66395818471e-05, 4.33297427662e-05, 1.48342114699e-05, 2.41430752794e-05, 2.67969808192e-05, 2.66317583737e-05, 1.78888913069e-05, 1.62087053468e-05, 1.70854982571e-05, 9.28210454276e-07],
        "min": [1.29253392039e-23, 2.75352530056e-23, 2.43706585982e-23, 8.43990418028e-23, 1.60925400077e-23, 3.31128877251e-23, 3.16350073063e-23, 3.13816914478e-23, 1.10179495813e-22, 4.58768938298e-23, 4.50937789874e-23, 1.45444228849e-22, 1.24501423319e-22, 1.00293617166e-22, 1.81770061844e-22, 1.27391165966e-22, 1.55118023819e-22, 3.59792946036e-22, 4.27841349897e-22, 2.75068148855e-22, 4.81123766983e-22, 6.19026346738e-22, 6.19904822242e-22, 6.98824234249e-22, 1.41832475264e-21, 1.83203420847e-21, 2.3178010719e-21],
        "stdev": [0.0158326718956, 0.0395293086767, 0.0201091822237, 0.00684096477926, 0.00594611372799, 0.0047324844636, 0.00766435265541, 0.00176333868876, 0.00246827327646, 0.000672180729453, 0.000854649057146, 0.000756029912736, 0.000676564290188, 0.000412469787989, 0.000393691763747, 0.000227258409723, 0.000297550723189, 0.000139728756039, 0.000255025719525, 0.000311893731123, 0.000250025972491, 0.000187039739103, 0.000207668650546, 0.00023684068583, 0.000326308305375, 0.00051218183944, 2.76031951216e-05],
        "var": [0.000250673474511, 0.0015625662636, 0.00040437921416, 4.67987993034e-05, 3.53562681994e-05, 2.23964070756e-05, 5.87423019169e-05, 3.1093634334e-06, 6.09237304161e-06, 4.51826906556e-07, 7.30425028905e-07, 5.7158126765e-07, 4.57739275816e-07, 1.70131315258e-07, 1.54993202273e-07, 5.16463849465e-08, 8.85364244141e-08, 1.95241245393e-08, 6.50381224432e-08, 9.72777058905e-08, 6.2512981458e-08, 3.49838664704e-08, 4.3126267002e-08, 5.60935085048e-08, 1.06477116901e-07, 2.62330217993e-07, 7.6193640286e-10]
    },
    "erbbands": {
        "dmean": [0.479480177164, 1.98926854134, 5.12612867355, 6.60410499573, 9.35013580322, 10.4087810516, 6.8558306694, 17.9299907684, 47.4214019775, 20.711938858, 11.3049488068, 14.6573448181, 4.1812081337, 8.25476074219, 5.66083145142, 6.24439716339, 9.05247783661, 7.96924066544, 7.76221466064, 4.15051698685, 4.63754224777, 5.89773321152, 2.87708759308, 3.62088108063, 4.87710142136, 3.27094507217, 3.38810396194, 2.50083851814, 2.18593263626, 2.17379832268, 2.69111180305, 1.82769799232, 1.32983875275, 1.17427945137, 0.958531498909, 0.822734832764, 0.29918473959, 0.0329012982547, 0.000938204524573, 4.69505212095e-05],
        "dmean2": [0.749200761318, 3.07281923294, 9.28323078156, 12.2099714279, 16.0290813446, 16.7956867218, 11.3639745712, 27.9910163879, 71.9641113281, 31.7231063843, 15.8605365753, 19.3319683075, 6.3184800148, 12.4053487778, 8.14411258698, 9.38819122314, 13.2550210953, 12.5811538696, 11.9532346725, 6.06082010269, 6.93523073196, 9.10469913483, 4.37503623962, 5.45508766174, 7.53950357437, 5.17287397385, 5.27107715607, 3.72326850891, 3.33382177353, 3.55018925667, 4.50385427475, 2.89451122284, 2.10999584198, 1.9472104311, 1.6414911747, 1.45526432991, 0.527555882931, 0.0548338182271, 0.00156199734192, 7.87284589023e-05],
        "dvar": [1.66876924038, 57.383556366, 797.067626953, 1039.53051758, 402.137817383, 355.306274414, 196.518798828, 850.096191406, 5904.87988281, 1758.50231934, 457.050445557, 956.131164551, 66.0926742554, 284.804473877, 199.16178894, 270.652740479, 457.451660156, 319.495269775, 308.92477417, 71.8014984131, 81.4114990234, 142.863525391, 40.5975112915, 76.0020370483, 181.147949219, 188.854721069, 164.197509766, 52.7297782898, 42.8620491028, 31.5763473511, 33.8025627136, 16.5924339294, 12.8362894058, 11.8279867172, 10.5413732529, 9.14941596985, 1.14758014679, 0.0100565254688, 9.35990556172e-06, 9.95964999362e-09],
        "dvar2": [4.54021406174, 115.511436462, 2256.21191406, 3025.25708008, 1171.14245605, 987.006652832, 521.544372559, 1903.01025391, 13424.4072266, 4106.50488281, 760.554443359, 1526.8770752, 151.808486938, 628.462463379, 480.526519775, 682.272827148, 841.113098145, 683.868591309, 740.90020752, 158.057495117, 203.741607666, 325.388763428, 78.3777694702, 172.058883667, 410.916503906, 441.717285156, 378.928192139, 105.0704422, 98.693031311, 66.8227386475, 87.6764831543, 39.2426109314, 28.7662143707, 29.925786972, 28.1319141388, 25.0862121582, 3.14917850494, 0.0247352644801, 2.20865804295e-05, 2.48196982966e-08],
        "max": [14.2454900742, 88.029296875, 316.17767334, 428.753387451, 240.032897949, 192.288467407, 133.658126831, 338.086090088, 1175.45544434, 771.710327148, 363.354095459, 814.007568359, 135.19317627, 347.041015625, 284.697509766, 338.776275635, 277.197296143, 289.004577637, 333.809417725, 118.02293396, 100.521034241, 218.799194336, 100.778762817, 131.248596191, 225.891082764, 358.30569458, 268.715698242, 103.526649475, 134.341567993, 84.7899703979, 58.9769668579, 50.0297088623, 49.8170051575, 41.1246337891, 36.1466598511, 32.9166221619, 12.9732055664, 1.10024452209, 0.0396861694753, 0.000951592752244],
        "mean": [1.78199446201, 3.11481904984, 5.07265233994, 6.4506688118, 15.2235593796, 19.4563446045, 11.6881437302, 33.2518234253, 92.8480453491, 36.2974815369, 21.4676532745, 30.3237285614, 8.67569637299, 14.1676454544, 11.3427276611, 10.3313093185, 14.6045627594, 11.936829567, 11.6485710144, 6.70948505402, 8.21473789215, 9.39438533783, 4.33352994919, 5.03129386902, 5.87956523895, 3.56832432747, 3.87125349045, 3.4239923954, 2.99054384232, 2.56898617744, 2.97292709351, 2.23519349098, 1.5032081604, 1.22385954857, 0.8295327425, 0.631664454937, 0.238127738237, 0.0312278661877, 0.000908588583115, 0.000108323758468],
        "median": [1.79587173462, 1.31837725639, 1.92756688595, 3.13220047951, 10.4310331345, 10.2462797165, 6.67624807358, 17.7467041016, 53.0677185059, 16.0787849426, 7.1780667305, 7.41552448273, 3.88584470749, 4.77685546875, 3.17413926125, 2.6541864872, 3.74311971664, 3.6620388031, 3.72468400002, 2.42406058311, 3.53084778786, 4.07384729385, 1.92008054256, 1.89564979076, 1.89024364948, 0.771718978882, 0.850403308868, 1.10726523399, 0.985508799553, 0.565914392471, 0.814087450504, 0.535946786404, 0.213352665305, 0.197847113013, 0.0927035138011, 0.0583367310464, 0.0304565094411, 0.00674942694604, 0.000207417702768, 8.77859274624e-05],
        "min": [9.00917322008e-22, 5.89292152164e-21, 2.30967519368e-20, 1.82015045034e-19, 1.51973124731e-19, 4.21181465543e-20, 7.8925683716e-20, 2.93174315785e-19, 3.59193358231e-19, 6.58385412972e-19, 1.15830483747e-18, 2.55729503816e-18, 1.53990031464e-18, 1.08573297361e-18, 3.78087673027e-18, 5.10488559337e-18, 6.06555165009e-18, 6.07496124315e-18, 5.65974056388e-18, 9.85369888435e-18, 6.46407817023e-18, 9.75188535866e-18, 1.61612612478e-17, 2.05372683726e-17, 2.11184653233e-17, 1.31027005487e-17, 2.03887249326e-17, 1.96523389728e-17, 2.41016309911e-17, 1.7433648664e-17, 1.58547081128e-17, 1.29007113149e-17, 1.34307016498e-17, 1.2765404419e-17, 1.1998043854e-17, 6.33391220186e-18, 3.85320292149e-18, 1.50176914956e-18, 2.64484228323e-19, 3.44562988888e-20],
        "stdev": [1.61871218681, 8.76445579529, 22.0332527161, 24.2446250916, 18.5913085938, 24.3128452301, 17.0457286835, 43.1806488037, 116.766067505, 55.6684303284, 40.8126983643, 68.1602554321, 13.8633203506, 27.3833465576, 29.2437000275, 22.1980667114, 32.6398048401, 23.66147995, 23.3859939575, 11.2806282043, 13.1046609879, 16.1678619385, 7.75230789185, 10.1446704865, 14.3977050781, 13.3052692413, 12.8799877167, 8.29613780975, 6.96842718124, 6.22602844238, 5.75414276123, 4.68790721893, 4.22424316406, 3.38612961769, 2.80390191078, 2.46119642258, 0.876843512058, 0.094442166388, 0.00294377398677, 0.000105067185359],
        "var": [2.62022900581, 76.8156890869, 485.464263916, 587.801818848, 345.636749268, 591.114440918, 290.556854248, 1864.56848145, 13634.3144531, 3098.97412109, 1665.6763916, 4645.8203125, 192.191650391, 749.847717285, 855.194030762, 492.754150391, 1065.35693359, 559.865600586, 546.904724121, 127.252571106, 171.732147217, 261.399780273, 60.098274231, 102.914337158, 207.293914795, 177.030181885, 165.894088745, 68.8258972168, 48.5589790344, 38.7634277344, 33.1101608276, 21.9764728546, 17.8442287445, 11.4658737183, 7.86186599731, 6.05748748779, 0.768854498863, 0.00891932286322, 8.66580467118e-06, 1.10391136232e-08]
    },
    "gfcc": {
        "mean": [-7.0543384552, 103.108024597, -70.108581543, 25.3409614563, -52.6480560303, 7.10758209229, -39.3904075623, 9.1415348053, -14.6352052689, 11.9175958633, -10.7382287979, 9.56309223175, -11.7814874649],
        "cov": [[5228.33349609, -894.335632324, -121.216064453, 197.600830078, -195.315231323, 324.127471924, -110.869606018, 330.256011963, 5.34733486176, 294.779785156, -70.0124740601, 129.473327637, -193.479919434], [-894.335632324, 1501.47644043, 18.6438407898, -149.033004761, 420.882354736, -20.2462406158, 286.872314453, -64.2544937134, 201.805831909, -90.5155258179, 163.404953003, -38.6444702148, 138.044052124], [-121.216064453, 18.6438407898, 824.712768555, 307.357452393, 237.444274902, 252.471694946, 205.803115845, 155.699371338, 74.5062561035, 110.378456116, 93.8455657959, 71.4986190796, 85.8508834839], [197.600830078, -149.033004761, 307.357452393, 551.096923828, 220.058273315, 79.0246582031, 80.7764511108, 89.7473297119, 105.694831848, 93.8500442505, 64.692817688, 23.5815677643, 92.5757598877], [-195.315231323, 420.882354736, 237.444274902, 220.058273315, 497.065582275, 101.665328979, 154.383377075, 56.3272132874, 185.83416748, 73.5335540771, 99.4832687378, 27.3797073364, 90.2902297974], [324.127471924, -20.2462406158, 252.471694946, 79.0246582031, 101.665328979, 281.917785645, 143.847259521, 106.071548462, 53.3116111755, 93.1275024414, 70.155418396, 20.5027713776, 10.2908143997], [-110.869606018, 286.872314453, 205.803115845, 80.7764511108, 154.383377075, 143.847259521, 298.495666504, 82.7596435547, 51.5544509888, 37.7070922852, 94.4719619751, 16.7435474396, 52.3567886353], [330.256011963, -64.2544937134, 155.699371338, 89.7473297119, 56.3272132874, 106.071548462, 82.7596435547, 166.168106079, 28.1918563843, 44.9105682373, 38.8991737366, 32.9162368774, 15.4115381241], [5.34733486176, 201.805831909, 74.5062561035, 105.694831848, 185.83416748, 53.3116111755, 51.5544509888, 28.1918563843, 198.914138794, 67.2281723022, 49.4044189453, 5.68461513519, 38.0425872803], [294.779785156, -90.5155258179, 110.378456116, 93.8500442505, 73.5335540771, 93.1275024414, 37.7070922852, 44.9105682373, 67.2281723022, 134.489547729, 38.2166137695, 3.74296569824, -0.276880472898], [-70.0124740601, 163.404953003, 93.8455657959, 64.692817688, 99.4832687378, 70.155418396, 94.4719619751, 38.8991737366, 49.4044189453, 38.2166137695, 121.413230896, 1.19615840912, 25.7491359711], [129.473327637, -38.6444702148, 71.4986190796, 23.5815677643, 27.3797073364, 20.5027713776, 16.7435474396, 32.9162368774, 5.68461513519, 3.74296569824, 1.19615840912, 89.8061294556, 18.8948707581], [-193.479919434, 138.044052124, 85.8508834839, 92.5757598877, 90.2902297974, 10.2908143997, 52.3567886353, 15.4115381241, 38.0425872803, -0.276880472898, 25.7491359711, 18.8948707581, 115.061546326]],
        "icov": [[0.000371055852156, -0.000232935737586, 0.000375823001377, -0.000408000341849, 0.000274382997304, -0.000528396689333, 0.000356462609489, -0.000741025200114, 0.000270290533081, -0.000898913247511, 0.000542741443496, -0.000703025260009, 0.000622719700914], [-0.000232935737586, 0.0026441286318, -0.000402712728828, 0.00201511266641, -0.00176778098103, 0.0013079510536, -0.0020603146404, 0.00147642334923, -0.00208707433194, 0.00301298196428, -0.00233587971888, 0.00179629772902, -0.00194976490457], [0.000375823001377, -0.000402712728828, 0.00267611374147, -0.00129761057906, 3.87168120142e-06, -0.00190483557526, 9.06461209524e-05, -0.00120604992844, 0.00101733126212, -0.00137500849087, 0.000785002601333, -0.00170896097552, 0.0002153244277], [-0.000408000341849, 0.00201511266641, -0.00129761057906, 0.00464645400643, -0.00201700138859, 0.00198768498376, -0.00127769820392, 0.000651495705824, -0.0017967026215, 0.00138635677285, -0.00216749077663, 0.00219822162762, -0.00325334537774], [0.000274382997304, -0.00176778098103, 3.87168120142e-06, -0.00201700138859, 0.0053003448993, -0.000939411169384, 0.000509299163241, -0.000674850889482, -0.0014552505454, -0.00198092148639, 0.000735546229407, -0.00184007186908, 0.000599563645665], [-0.000528396689333, 0.0013079510536, -0.00190483557526, 0.00198768498376, -0.000939411169384, 0.00854310579598, -0.00306711881422, -0.000633371411823, -0.0012533570407, -0.000870305520948, -0.00235046958551, 0.00171672843862, -0.000525750103407], [0.000356462609489, -0.0020603146404, 9.06461209524e-05, -0.00127769820392, 0.000509299163241, -0.00306711881422, 0.00770983658731, -0.002495912835, 0.00211841054261, -0.00166924006771, -0.00066035380587, -0.0012507220963, 0.0003811015049], [-0.000741025200114, 0.00147642334923, -0.00120604992844, 0.000651495705824, -0.000674850889482, -0.000633371411823, -0.002495912835, 0.0110945673659, -0.00143714738078, 0.00236595282331, -0.00239984737709, -0.000457460642792, -0.00131275563035], [0.000270290533081, -0.00208707433194, 0.00101733126212, -0.0017967026215, -0.0014552505454, -0.0012533570407, 0.00211841054261, -0.00143714738078, 0.010593005456, -0.00563293509185, 0.00122209766414, -0.00133357814047, 0.00055717676878], [-0.000898913247511, 0.00301298196428, -0.00137500849087, 0.00138635677285, -0.00198092148639, -0.000870305520948, -0.00166924006771, 0.00236595282331, -0.00563293509185, 0.0169527102262, -0.00449102930725, 0.00344769330695, -0.000798828608822], [0.000542741443496, -0.00233587971888, 0.000785002601333, -0.00216749077663, 0.000735546229407, -0.00235046958551, -0.00066035380587, -0.00239984737709, 0.00122209766414, -0.00449102930725, 0.0148787731305, -0.000940336089116, 0.00153812905774], [-0.000703025260009, 0.00179629772902, -0.00170896097552, 0.00219822162762, -0.00184007186908, 0.00171672843862, -0.0012507220963, -0.000457460642792, -0.00133357814047, 0.00344769330695, -0.000940336089116, 0.0150098036975, -0.00371519313194], [0.000622719700914, -0.00194976490457, 0.0002153244277, -0.00325334537774, 0.000599563645665, -0.000525750103407, 0.0003811015049, -0.00131275563035, 0.00055717676878, -0.000798828608822, 0.00153812905774, -0.00371519313194, 0.014192936942]]
    },
    "melbands": {
        "dmean": [0.00356755941175, 0.00239356025122, 0.00116776349023, 0.000748967169784, 0.000255182705587, 0.000416803464759, 0.0006974505377, 0.000193281259271, 9.52370246523e-05, 8.21233697934e-05, 2.01626371563e-05, 3.48829162249e-05, 2.02143819479e-05, 2.12435679714e-05, 1.79259022843e-05, 1.71144001797e-05, 1.58386301337e-05, 1.25230189951e-05, 7.26530788597e-06, 5.22723257745e-06, 5.77564014748e-06, 7.07899607733e-06, 3.93129175791e-06, 2.25287431022e-06, 3.01834052152e-06, 4.26505675932e-06, 2.8307804314e-06, 2.1009241209e-06, 2.37507833845e-06, 1.55703492055e-06, 1.53620885612e-06, 1.32962770749e-06, 1.17172351111e-06, 1.38600455557e-06, 1.65520873452e-06, 1.4495568621e-06, 1.03511536054e-06, 9.54986262514e-07, 9.38005257467e-07, 1.03743536783e-06],
        "dmean2": [0.00551590137184, 0.00382560840808, 0.00211696722545, 0.00124926981516, 0.000422432291089, 0.00064691476291, 0.00105152395554, 0.000299711013213, 0.000129056468722, 0.000109287917439, 3.11338517349e-05, 5.26255571458e-05, 2.99483763229e-05, 3.04493514705e-05, 2.59426124103e-05, 2.59048374573e-05, 2.50383982348e-05, 1.95367028937e-05, 1.10600849439e-05, 7.88952183939e-06, 8.88201429916e-06, 1.11702102004e-05, 6.01355486651e-06, 3.44266595675e-06, 4.65127459393e-06, 6.68274378768e-06, 4.51861251349e-06, 3.36467473971e-06, 3.71457258552e-06, 2.34113326769e-06, 2.32343609241e-06, 2.02923365578e-06, 1.91939875549e-06, 2.29139845942e-06, 2.80875428871e-06, 2.40322037826e-06, 1.62379353696e-06, 1.53675523507e-06, 1.50724088144e-06, 1.73348803401e-06],
        "dvar": [9.38640077948e-05, 0.000125271908473, 2.42256355705e-05, 1.83468944215e-06, 2.73929316563e-07, 4.38680871184e-07, 1.36719086186e-06, 1.55417026804e-07, 2.85685946011e-08, 2.99697830997e-08, 1.63763180794e-09, 5.02836439153e-09, 3.80739351158e-09, 2.86436985242e-09, 1.81049786274e-09, 1.52041235157e-09, 1.24165200344e-09, 7.79328823697e-10, 2.50690024295e-10, 1.28955901513e-10, 1.33590041806e-10, 2.18703888333e-10, 5.76245058614e-11, 4.10867034839e-11, 5.08121600351e-11, 1.23066432045e-10, 1.22113638645e-10, 7.80580045046e-11, 7.68549668351e-11, 2.76145148415e-11, 1.682061955e-11, 1.52115958718e-11, 1.19557350131e-11, 1.24371745541e-11, 1.30901340115e-11, 9.69312564242e-12, 5.45356555054e-12, 6.56126758827e-12, 6.48125086586e-12, 9.76628500293e-12],
        "dvar2": [0.000232194535783, 0.000325629429426, 7.00173841324e-05, 5.31337900611e-06, 7.37778918847e-07, 9.55245695877e-07, 3.07454661197e-06, 3.62043550695e-07, 4.81842192812e-08, 4.94146235042e-08, 3.8141134695e-09, 1.09224123079e-08, 9.83877512795e-09, 6.09963768383e-09, 3.49081075157e-09, 3.29461857795e-09, 2.62330956957e-09, 1.89189774957e-09, 5.56503898519e-10, 2.66620614475e-10, 3.4465308385e-10, 5.22446197415e-10, 1.21316318102e-10, 8.09278616343e-11, 1.17573700775e-10, 3.04666042394e-10, 2.52016962854e-10, 1.90408397382e-10, 1.78709838594e-10, 5.79896061725e-11, 3.43968672989e-11, 3.59155483132e-11, 2.71735568075e-11, 2.85653983106e-11, 3.46730526235e-11, 2.47807659809e-11, 1.23760923385e-11, 1.50403838689e-11, 1.44323242593e-11, 2.54415828682e-11],
        "max": [0.105170719326, 0.123378075659, 0.0630429014564, 0.0151173006743, 0.00481062009931, 0.00713022006676, 0.0201202817261, 0.00662686629221, 0.00263069034554, 0.00441632978618, 0.000626694236416, 0.00150578352623, 0.00145907222759, 0.00125916127581, 0.000592693511862, 0.000482419796754, 0.000535427883733, 0.000490300531965, 0.000259720720351, 0.00023370233248, 0.000153038476128, 0.00026307645021, 0.000108450600237, 0.000102350793895, 0.000114910275443, 0.00015960627934, 0.000261314969976, 0.000225465002586, 0.000196666049305, 8.06697134976e-05, 5.44931099284e-05, 7.57119123591e-05, 7.12622713763e-05, 5.05448188051e-05, 3.71745736629e-05, 3.27430825564e-05, 2.82895416603e-05, 3.42882558471e-05, 3.15010656777e-05, 3.95606111852e-05],
        "mean": [0.0129312751815, 0.00292099220678, 0.00133036705665, 0.00141748506576, 0.000443340832135, 0.000769386591855, 0.00138422846794, 0.000312650867272, 0.000190806022147, 0.000164928889717, 3.72546091967e-05, 5.83929031563e-05, 3.79348348361e-05, 3.47544773831e-05, 2.74356370937e-05, 2.61758887063e-05, 2.19372159336e-05, 1.78695900104e-05, 1.09001002784e-05, 8.52972971188e-06, 9.75715556706e-06, 1.07024316094e-05, 5.75411422687e-06, 2.91866922453e-06, 4.02202022087e-06, 5.3073304116e-06, 2.93656717076e-06, 2.21184905058e-06, 2.57514852819e-06, 1.89838817732e-06, 2.09032077692e-06, 1.82409883109e-06, 1.36407527407e-06, 1.48339518091e-06, 1.70609973793e-06, 1.69033444308e-06, 1.23935387819e-06, 1.02491435428e-06, 1.06478455564e-06, 1.02566764326e-06],
        "median": [0.0133521454409, 0.00107060768642, 0.000711220840458, 0.00099996116478, 0.000259186170297, 0.000385556224501, 0.000793797778897, 0.000122331868624, 5.92359574512e-05, 3.8403301005e-05, 1.48125218402e-05, 1.89338716154e-05, 9.35126445256e-06, 7.3721107583e-06, 7.43503551348e-06, 7.03769501342e-06, 5.8276314121e-06, 5.21364017914e-06, 3.42478983839e-06, 2.91856144941e-06, 4.19973184762e-06, 4.28465000368e-06, 2.38329334934e-06, 1.19176684166e-06, 1.44692376125e-06, 1.65951269082e-06, 6.40574853605e-07, 4.2194847083e-07, 5.11377379553e-07, 4.65039960318e-07, 7.18161743407e-07, 6.42505824544e-07, 3.07464063098e-07, 2.66691046136e-07, 4.01053398491e-07, 4.94137452733e-07, 2.22361066449e-07, 1.0073241441e-07, 1.45177139643e-07, 1.53981631001e-07],
        "min": [7.7579476539e-24, 1.25451863448e-23, 3.00563199301e-23, 6.34600575155e-24, 2.22657272398e-24, 6.81148180614e-24, 6.02512119556e-24, 7.22086196177e-24, 1.2404534812e-23, 1.50847055147e-23, 7.64406769362e-24, 4.18970653194e-24, 9.52405497053e-24, 1.93894058785e-23, 7.14046362489e-24, 1.56682969238e-23, 1.08477186044e-23, 6.14399188436e-24, 1.84202429248e-23, 8.53367323618e-24, 7.32025370266e-24, 9.08626241168e-24, 9.96014358982e-24, 1.99884842049e-23, 1.53548761753e-23, 1.94440802502e-23, 9.54415277981e-24, 8.59221697054e-24, 1.22462411939e-23, 1.05081991817e-23, 1.23975036948e-23, 1.44646718873e-23, 1.04264645144e-23, 1.00151445499e-23, 9.51564098012e-24, 8.37090125472e-24, 7.71279404454e-24, 8.87609408931e-24, 1.09759179678e-23, 1.05427000134e-23],
        "stdev": [0.0124154482037, 0.0102885970846, 0.00377694913186, 0.00152210379019, 0.000605801586062, 0.00101839366835, 0.00176050770096, 0.000515373831149, 0.000353473180439, 0.000374568830011, 6.4081788878e-05, 0.000113622780191, 0.000118511379696, 9.63790516835e-05, 6.27296394669e-05, 5.3481584473e-05, 4.71134480904e-05, 3.71074929717e-05, 2.01535458473e-05, 1.62089600053e-05, 1.58537750394e-05, 1.89242291526e-05, 1.02640742625e-05, 7.1226277214e-06, 8.30273893371e-06, 1.15867269415e-05, 1.15452530736e-05, 8.30844783195e-06, 8.80849802343e-06, 5.69228677705e-06, 4.77200546811e-06, 4.15792146669e-06, 3.56721807293e-06, 3.70060524801e-06, 3.43729379892e-06, 3.23932567881e-06, 2.80137396658e-06, 2.93531297757e-06, 3.02284979625e-06, 2.91127867058e-06],
        "var": [0.000154143359396, 0.000105855229776, 1.42653452713e-05, 2.31679996432e-06, 3.66995578815e-07, 1.03712568489e-06, 3.09938718601e-06, 2.65610196948e-07, 1.24943298374e-07, 1.40301807505e-07, 4.10647604809e-09, 1.29101369595e-08, 1.40449474273e-08, 9.28892163188e-09, 3.93500743101e-09, 2.8602797908e-09, 2.21967710878e-09, 1.3769660967e-09, 4.06165406863e-10, 2.62730365241e-10, 2.51342197055e-10, 3.58126472921e-10, 1.05351220803e-10, 5.07318284604e-11, 6.89354684447e-11, 1.34252248207e-10, 1.33292876736e-10, 6.90303023076e-11, 7.75896430438e-11, 3.24021295905e-11, 2.27720342583e-11, 1.72883096727e-11, 1.27250441087e-11, 1.36944787107e-11, 1.18149890913e-11, 1.04932312839e-11, 7.84769558365e-12, 8.61606185704e-12, 9.13762034788e-12, 8.47554405131e-12]
    },
    "melbands128": {
