{
"lowlevel": {
    "average_loudness": 0.953678190708,
    "barkbands_crest": {
        "dmean": 2.77088451385,
        "dmean2": 4.36134767532,
        "dvar": 7.16804218292,
        "dvar2": 16.2921390533,
        "max": 24.5654239655,
        "mean": 11.7536315918,
        "median": 10.849770546,
        "min": 2.65782427788,
        "stdev": 4.57180452347,
        "var": 20.9013957977
    },
    "barkbands_flatness_db": {
        "dmean": 0.027676275,
        "dmean2": 0.0392219386995,
        "dvar": 0.000979324802756,
        "dvar2": 0.00181544909719,
        "max": 0.455951035023,
        "mean": 0.157488316298,
        "median": 0.147782713175,
        "min": 0.0244887769222,
        "stdev": 0.0622916631401,
        "var": 0.00388025143184
    },
    "barkbands_kurtosis": {
        "dmean": 5.81451225281,
        "dmean2": 9.05722808838,
        "dvar": 156.105361938,
        "dvar2": 340.076507568,
        "max": 226.963729858,
        "mean": 9.03022384644,
        "median": 4.15276384354,
        "min": -1.82971775532,
        "stdev": 17.8433628082,
        "var": 318.385620117
    },
    "barkbands_skewness": {
        "dmean": 0.72268986702,
        "dmean2": 1.07804572582,
        "dvar": 0.834903895855,
        "dvar2": 1.71771478653,
        "max": 12.4309654236,
        "mean": 2.04256701469,
        "median": 1.78014588356,
        "min": -1.37724792957,
        "stdev": 1.59351575375,
        "var": 2.53929257393
    },
    "barkbands_spread": {
        "dmean": 6.61138010025,
        "dmean2": 9.40126991272,
        "dvar": 79.8251037598,
        "dvar2": 151.009735107,
        "max": 102.238082886,
        "mean": 20.8356781006,
        "median": 16.1732711792,
        "min": 0.510168850422,
        "stdev": 16.8071956635,
        "var": 282.481842041
    },
    "dissonance": {
        "dmean": 0.029623284936,
        "dmean2": 0.0480489768088,
        "dvar": 0.000849924981594,
        "dvar2": 0.00218198541552,
        "max": 0.499190658331,
        "mean": 0.427754402161,
        "median": 0.436847150326,
        "min": 0.185457125306,
        "stdev": 0.0481074489653,
        "var": 0.00231432681903
    },
    "dynamic_complexity": 3.81303906441,
    "erbbands_crest": {
        "dmean": 3.04832839966,
        "dmean2": 4.84550619125,
        "dvar": 8.63367843628,
        "dvar2": 20.7581005096,
        "max": 28.3830871582,
        "mean": 11.1379423141,
        "median": 10.0829896927,
        "min": 2.53479123116,
        "stdev": 5.30909395218,
        "var": 28.1864795685
    },
    "erbbands_flatness_db": {
        "dmean": 0.0226326230913,
        "dmean2": 0.0322441868484,
        "dvar": 0.000514984596521,
        "dvar2": 0.00109244708437,
        "max": 0.336919724941,
        "mean": 0.150923475623,
        "median": 0.152932867408,
        "min": 0.0424302406609,
        "stdev": 0.0467063300312,
        "var": 0.00218148110434
    },
    "erbbands_kurtosis": {
        "dmean": 1.45075416565,
        "dmean2": 2.2787861824,
        "dvar": 3.71621894836,
        "dvar2": 8.00739765167,
        "max": 22.2383327484,
        "mean": 1.68749392033,
        "median": 0.604270935059,
        "min": -1.6755541563,
        "stdev": 3.32706785202,
        "var": 11.0693807602
    },
    "erbbands_skewness": {
        "dmean": 0.452516287565,
        "dmean2": 0.670063555241,
        "dvar": 0.217520266771,
        "dvar2": 0.447733819485,
        "max": 3.8312087059,
        "mean": 0.805374860764,
        "median": 0.894143640995,
        "min": -2.69132208824,
        "stdev": 0.961163341999,
        "var": 0.92383491993
    },
    "erbbands_spread": {
        "dmean": 10.9297933578,
        "dmean2": 16.4285430908,
        "dvar": 177.008148193,
        "dvar2": 409.169342041,
        "max": 132.066635132,
        "mean": 41.028427124,
        "median": 36.9346656799,
        "min": 4.09384965897,
        "stdev": 23.1834831238,
        "var": 537.473876953
    },
    "hfc": {
        "dmean": 6.39094400406,
        "dmean2": 8.82479190826,
        "dvar": 56.209777832,
        "dvar2": 107.810966492,
        "max": 85.9153594971,
        "mean": 19.3793239594,
        "median": 17.3787689209,
        "min": 7.99839544925e-05,
        "stdev": 14.5368976593,
        "var": 211.321395874
    },
    "loudness_ebu128": {
        "integrated": -9.70453834534,
        "loudness_range": 2.63117694855,
        "momentary": {
            "dmean": 0.750334322453,
            "dmean2": 1.02026820183,
            "dvar": 0.465382128954,
            "dvar2": 0.922405898571,
            "max": -6.40682554245,
            "mean": -10.2004060745,
            "median": -9.55513000488,
            "min": -17.3616638184,
            "stdev": 2.21570158005,
            "var": 4.9093337059
        },
        "short_term": {
            "dmean": 0.103125184774,
            "dmean2": 0.113749943674,
            "dvar": 0.00608539767563,
            "dvar2": 0.00902579911053,
            "max": -7.81412887573,
            "mean": -9.76699542999,
            "median": -9.84489059448,
            "min": -12.1743268967,
            "stdev": 0.944682538509,
            "var": 0.892425119877
        }
    },
    "melbands_crest": {
        "dmean": 3.331553936,
        "dmean2": 5.34750890732,
        "dvar": 9.89720058441,
        "dvar2": 22.8656311035,
        "max": 33.332321167,
        "mean": 15.4361114502,
        "median": 14.3249816895,
        "min": 4.30782413483,
        "stdev": 5.5139708519,
        "var": 30.403875351
    },
    "melbands_flatness_db": {
        "dmean": 0.0319979265332,
        "dmean2": 0.0440892390907,
        "dvar": 0.00137366598938,
        "dvar2": 0.00251109455712,
        "max": 0.580945193768,
        "mean": 0.227030217648,
        "median": 0.218360111117,
        "min": 0.0393103696406,
        "stdev": 0.0773928985,
        "var": 0.00598966050893
    },
    "melbands_kurtosis": {
        "dmean": 12.9438314438,
        "dmean2": 20.1704101562,
        "dvar": 732.608154297,
        "dvar2": 1740.7097168,
        "max": 362.161499023,
        "mean": 22.1915340424,
        "median": 11.2815580368,
        "min": -1.42409062386,
        "stdev": 36.777557373,
        "var": 1352.58874512
    },
    "melbands_skewness": {
        "dmean": 0.956330657005,
        "dmean2": 1.42855370045,
        "dvar": 1.55807590485,
        "dvar2": 3.581346035,
        "max": 14.6322660446,
        "mean": 3.01730251312,
        "median": 2.60345411301,
        "min": -0.961850523949,
        "stdev": 2.17615056038,
        "var": 4.73563098907
    },
    "melbands_spread": {
        "dmean": 6.84315299988,
        "dmean2": 10.1098709106,
        "dvar": 164.558914185,
        "dvar2": 339.112548828,
        "max": 189.636917114,
        "mean": 19.4443073273,
        "median": 15.1641902924,
        "min": 0.37736132741,
        "stdev": 20.1186847687,
        "var": 404.761444092
    },
    "pitch_salience": {
        "dmean": 0.072994671762,
        "dmean2": 0.114448212087,
        "dvar": 0.00527162663639,
        "dvar2": 0.0117508592084,
        "max": 0.829997420311,
        "mean": 0.48494976759,
        "median": 0.487765491009,
        "min": 0.0474405251443,
        "stdev": 0.130988076329,
        "var": 0.0171578768641
    },
    "silence_rate_20dB": {
        "dmean": 0,
        "dmean2": 0,
        "dvar": 0,
        "dvar2": 0,
        "max": 1,
        "mean": 1,
        "median": 1,
        "min": 1,
        "stdev": 0,
        "var": 0
    },
    "silence_rate_30dB": {
        "dmean": 0,
        "dmean2": 0,
        "dvar": 0,
        "dvar2": 0,
        "max": 1,
        "mean": 1,
        "median": 1,
        "min": 1,
        "stdev": 0,
        "var": 0
    },
    "silence_rate_60dB": {
        "dmean": 0.0487616099417,
        "dmean2": 0.0968241691589,
        "dvar": 0.0463834479451,
        "dvar2": 0.102941520512,
        "max": 1,
        "mean": 0.0757927298546,
        "median": 0,
        "min": 0,
        "stdev": 0.264666795731,
        "var": 0.0700485184789
    },
    "spectral_centroid": {
        "dmean": 269.348297119,
        "dmean2": 385.396942139,
        "dvar": 140183.25,
        "dvar2": 250566.765625,
        "max": 4250.69873047,
        "mean": 1166.32458496,
        "median": 961.993103027,
        "min": 131.585296631,
        "stdev": 726.333068848,
        "var": 527559.75
    },
    "spectral_complexity": {
        "dmean": 2.74148607254,
        "dmean2": 3.98373365402,
        "dvar": 8.40529727936,
        "dvar2": 14.4962358475,
        "max": 30,
        "mean": 12.0170145035,
        "median": 12,
        "min": 0,
        "stdev": 5.66092729568,
        "var": 32.0460968018
    },
    "spectral_decrease": {
        "dmean": 2.33721175746e-09,
        "dmean2": 3.48850992538e-09,
        "dvar": 9.59425699395e-18,
        "dvar2": 2.13786582937e-17,
        "max": -4.69532419401e-14,
        "mean": -7.26880111657e-09,
        "median": -6.88578261077e-09,
        "min": -2.66195261389e-08,
        "stdev": 5.2444644183e-09,
        "var": 2.75044088401e-17
    },
    "spectral_energy": {
        "dmean": 0.00924176629633,
        "dmean2": 0.0137305371463,
        "dvar": 0.000147383048898,
        "dvar2": 0.000325280125253,
        "max": 0.105854682624,
        "mean": 0.0291919223964,
        "median": 0.0275512374938,
        "min": 1.84466173891e-07,
        "stdev": 0.0207913853228,
        "var": 0.000432281696703
    },
    "spectral_energyband_high": {
        "dmean": 0.000381299789296,
        "dmean2": 0.000498440058436,
        "dvar": 2.85743738004e-07,
        "dvar2": 4.93803099744e-07,
        "max": 0.00721557298675,
        "mean": 0.00077750114724,
        "median": 0.000463880249299,
        "min": 3.5211564775e-09,
        "stdev": 0.000935736461543,
        "var": 8.75602779615e-07
    },
    "spectral_energyband_low": {
        "dmean": 0.00436972128227,
        "dmean2": 0.00709120742977,
        "dvar": 5.46834999113e-05,
        "dvar2": 0.00013599221711,
        "max": 0.0567759275436,
        "mean": 0.00878541823477,
        "median": 0.0081860339269,
        "min": 7.87886662579e-08,
        "stdev": 0.00834188703448,
        "var": 6.95870767231e-05
    },
    "spectral_energyband_middle_high": {
        "dmean": 0.00164746900555,
        "dmean2": 0.00238517182879,
        "dvar": 7.32433227313e-06,
        "dvar2": 1.46870061144e-05,
        "max": 0.0438727326691,
        "mean": 0.00425772927701,
        "median": 0.00200675032102,
        "min": 1.18457448295e-08,
        "stdev": 0.00591388344765,
        "var": 3.49740184902e-05
    },
    "spectral_energyband_middle_low": {
        "dmean": 0.00601180829108,
        "dmean2": 0.00885840132833,
        "dvar": 9.23768093344e-05,
        "dvar2": 0.000215705120354,
        "max": 0.0939401164651,
        "mean": 0.0160171799362,
        "median": 0.0119271241128,
        "min": 6.38781827433e-08,
        "stdev": 0.0159996245056,
        "var": 0.000255987979472
    },
    "spectral_entropy": {
        "dmean": 0.243904650211,
        "dmean2": 0.337429940701,
        "dvar": 0.069967739284,
        "dvar2": 0.132807835937,
        "max": 8.73827075958,
        "mean": 7.35480356216,
        "median": 7.3436050415,
        "min": 5.25752878189,
        "stdev": 0.547663509846,
        "var": 0.299935311079
    },
    "spectral_flux": {
        "dmean": 0.0335784554482,
        "dmean2": 0.0522724166512,
        "dvar": 0.00113183853682,
        "dvar2": 0.00258953915909,
        "max": 0.301778167486,
        "mean": 0.0840073898435,
        "median": 0.0761400610209,
        "min": 0.000429495266872,
        "stdev": 0.051029831171,
        "var": 0.0026040438097
    },
    "spectral_kurtosis": {
        "dmean": 1.45541095734,
        "dmean2": 2.20265293121,
        "dvar": 4.95453357697,
        "dvar2": 10.3789272308,
        "max": 38.7550201416,
        "mean": 4.1486582756,
        "median": 3.34746026993,
        "min": -0.304845571518,
        "stdev": 3.60231041908,
        "var": 12.9766397476
    },
    "spectral_rms": {
        "dmean": 0.000862061337102,
        "dmean2": 0.00122523691971,
        "dvar": 1.03309412225e-06,
        "dvar2": 1.94839276446e-06,
        "max": 0.0101623255759,
        "mean": 0.00491605466232,
        "median": 0.0051845209673,
        "min": 1.34151778184e-05,
        "stdev": 0.00207661325112,
        "var": 4.31232228948e-06
    },
    "spectral_rolloff": {
        "dmean": 525.064208984,
        "dmean2": 870.88684082,
        "dvar": 1387954.75,
        "dvar2": 2927539,
        "max": 13436.71875,
        "mean": 1250.69189453,
        "median": 689.0625,
        "min": 64.599609375,
        "stdev": 1787.61962891,
        "var": 3195583.75
    },
    "spectral_skewness": {
        "dmean": 0.233509838581,
        "dmean2": 0.32938888669,
        "dvar": 0.0747680962086,
        "dvar2": 0.146431833506,
        "max": 4.74530029297,
        "mean": 1.63793754578,
        "median": 1.5793889761,
        "min": 0.296242147684,
        "stdev": 0.563944160938,
        "var": 0.31803303957
    },
    "spectral_spread": {
        "dmean": 736483.25,
        "dmean2": 1033891,
        "dvar": 875378311168,
        "dvar2": 1.60577762099e+12,
        "max": 21936924,
        "mean": 5757557,
        "median": 5581086.5,
        "min": 1496584.75,
        "stdev": 1560216.375,
        "var": 2.43427495117e+12
    },
    "spectral_strongpeak": {
        "dmean": 0.567323505878,
        "dmean2": 0.943560600281,
        "dvar": 0.705523908138,
        "dvar2": 1.66813290119,
        "max": 6.99040031433,
        "mean": 1.20045471191,
        "median": 0.439631223679,
        "min": 0,
        "stdev": 1.32812154293,
        "var": 1.7639067173
    },
    "zerocrossingrate": {
        "dmean": 0.0129738440737,
        "dmean2": 0.0141401104629,
        "dvar": 0.000289566552965,
        "dvar2": 0.000284292327706,
        "max": 0.3388671875,
        "mean": 0.057509560138,
        "median": 0.04638671875,
        "min": 0.00244140625,
        "stdev": 0.0437663681805,
        "var": 0.00191549502779
    },
    "barkbands": {
        "dmean": [9.00172890397e-05, 0.00320681836456, 0.00126163975801, 0.00079795322381, 0.00224546832033, 0.00140980118886, 0.00176769436803, 0.0016821809113, 0.00113360572141, 0.000494125881232, 0.000509319303092, 0.000307773501845, 0.000291682226816, 0.000229205965297, 0.000218738918193, 0.00018634222215, 0.000150463281898, 0.000150419946294, 6.91249297233e-05, 8.11797362985e-05, 8.03892835393e-05, 9.12772666197e-05, 7.26243524696e-05, 5.61367123737e-05, 6.15585959167e-05, 4.26564256486e-05, 5.02806005898e-06],
        "dmean2": [0.000142327044159, 0.00523954862729, 0.00225542322733, 0.00135106034577, 0.00342736765742, 0.00218186946586, 0.00262310379185, 0.00253391591832, 0.00168419000693, 0.000729802355636, 0.000736911781132, 0.000463033502456, 0.000441923504695, 0.000366752472473, 0.000352126371581, 0.000291291071335, 0.000237789106905, 0.000235276020248, 0.000104033868411, 0.00012021567818, 0.000116510716907, 0.000128633575514, 0.00010210974142, 7.55874280003e-05, 8.71252632351e-05, 6.20340579189e-05, 7.91221646068e-06],
        "dvar": [4.13508089991e-08, 3.13317468681e-05, 6.90530987413e-06, 2.87655598186e-06, 2.44445564022e-05, 2.54979258898e-05, 2.12574250327e-05, 2.49117056228e-05, 6.51264235785e-06, 1.69919678683e-06, 2.74198100669e-06, 1.24855841932e-06, 7.06055516275e-07, 2.88042258489e-07, 3.94459306108e-07, 5.79112679588e-07, 2.26667182801e-07, 8.8821416e-08, 1.38791449444e-08, 1.70194169868e-08, 1.63031703693e-08, 2.04974544005e-08, 1.59439483838e-08, 7.48783524074e-09, 8.56427906371e-09, 5.13196951601e-09, 1.71939976146e-10],
        "dvar2": [9.7912959518e-08, 7.50784311094e-05, 1.95752982108e-05, 7.21744982002e-06, 5.57330022275e-05, 6.13649899606e-05, 4.14106834796e-05, 5.81178428547e-05, 1.48870276462e-05, 3.37284450325e-06, 5.14414659847e-06, 2.98140525956e-06, 1.67380869698e-06, 6.84218036895e-07, 1.03646607386e-06, 1.19279161481e-06, 5.8329408148e-07, 2.10647641552e-07, 3.22284954279e-08, 3.62845504753e-08, 3.35631682447e-08, 3.97766655169e-08, 3.4085310574e-08, 1.46661944811e-08, 1.68085687591e-08, 1.02005728309e-08, 3.9512143557e-10],
        "max": [0.00353002222255, 0.0454545579851, 0.0158718656749, 0.0162715706974, 0.0840310305357, 0.0901049003005, 0.0675438642502, 0.0703675448895, 0.0324948765337, 0.0255817212164, 0.043616335839, 0.0210398733616, 0.01377973333, 0.00719949835911, 0.00840993411839, 0.0186500772834, 0.0108470767736, 0.00363142648712, 0.00158470426686, 0.00211314484477, 0.00168020150159, 0.00229903799482, 0.00255391281098, 0.000831991026644, 0.00146005465649, 0.0010159460362, 0.000285727408482],
        "mean": [0.000118157244287, 0.00649494025856, 0.0016738739796, 0.000883436237928, 0.00435553584248, 0.00207695947029, 0.003233730793, 0.00304616778158, 0.00212330045179, 0.00107416813262, 0.000889724644367, 0.000451472238638, 0.000412182009313, 0.000364343432011, 0.000295489502605, 0.000259785214439, 0.000239872155362, 0.000249828939559, 0.000106062514533, 0.000146836071508, 0.000133492882014, 0.000164631186635, 0.000123891164549, 9.23772095121e-05, 0.000107888612547, 6.78664728184e-05, 5.91855496168e-06],
        "median": [1.94999720406e-05, 0.00593043398112, 0.000818359316327, 0.00025946542155, 0.00167080480605, 0.000435358990217, 0.000361907412298, 0.000262446148554, 0.000330185343046, 0.000141396609251, 9.32658585953e-05, 5.83189357712e-05, 6.57363416394e-05, 4.97408145748e-05, 6.93436159054e-05, 4.57562564407e-05, 5.73122924834e-05, 9.5789313491e-05, 5.13352133567e-05, 7.23624107195e-05, 6.16389224888e-05, 8.46087714308e-05, 5.92442411289e-05, 3.78850381821e-05, 5.51291595912e-05, 2.4534525437e-05, 9.73901705947e-07],
        "min": [1.40897693512e-09, 4.65404070837e-08, 6.40663300189e-09, 3.79756059932e-10, 1.69140470518e-08, 2.36140174081e-08, 9.95425253336e-09, 8.2821323133e-09, 3.83406684179e-09, 1.66144620284e-09, 2.66222432987e-10, 1.90320675886e-10, 5.62578372776e-10, 1.00605679343e-09, 2.95161256547e-10, 9.2647967076e-10, 1.30003852128e-09, 2.86139600902e-09, 2.5728787989e-09, 1.53178703055e-09, 9.15753139985e-10, 5.51000911564e-10, 2.60454185996e-10, 1.05350027313e-10, 4.46701897694e-10, 2.28286667348e-10, 2.36689601295e-13],
        "stdev": [0.000234495571931, 0.00648187752813, 0.00237562227994, 0.00188462960068, 0.00740846479312, 0.00564271118492, 0.00736208260059, 0.00746214110404, 0.00416441215202, 0.00273946928792, 0.00299776298925, 0.00153016240802, 0.000982055673376, 0.00076779013034, 0.000777941604611, 0.000881933025084, 0.000610158429481, 0.000415838032495, 0.000145702040754, 0.000218136308831, 0.000192641033209, 0.000237306390773, 0.000187650584849, 0.000127283434267, 0.00013794680126, 0.000110365392175, 1.6949210476e-05],
        "var": [5.49881704615e-08, 4.20147334808e-05, 5.64358151678e-06, 3.55182851308e-06, 5.48853495275e-05, 3.18401871482e-05, 5.42002599104e-05, 5.56835475436e-05, 1.73423304659e-05, 7.50469234845e-06, 8.9865834525e-06, 2.34139702115e-06, 9.64433411355e-07, 5.8950172388e-07, 6.05193179126e-07, 7.77805894359e-07, 3.7229332861e-07, 1.7292126131e-07, 2.12290842683e-08, 4.75834518454e-08, 3.71105670638e-08, 5.63143203181e-08, 3.5212739391e-08, 1.62010724836e-08, 1.90293185653e-08, 1.2180519704e-08, 2.87275730981e-10]
    },
    "erbbands": {
        "dmean": [0.0929225981236, 0.770726442337, 1.62140321732, 2.04886031151, 2.91599869728, 10.2887763977, 13.3962230682, 9.23358631134, 17.5934753418, 37.2535591125, 34.1446762085, 29.4334125519, 13.8983831406, 20.3415718079, 15.279168129, 13.1585035324, 11.8162374496, 12.9364719391, 11.6088008881, 8.40075588226, 8.36061859131, 7.62058210373, 9.10918998718, 3.94606637955, 3.66405081749, 4.07114219666, 3.12985754013, 3.05614757538, 3.03116202354, 3.24173164368, 1.96647012234, 1.31094574928, 0.92088162899, 0.77697968483, 0.399746209383, 0.21614100039, 0.0749054327607, 0.0144536904991, 0.00049761106493, 1.91200815607e-05],
        "dmean2": [0.145469278097, 1.3028023243, 2.86085128784, 3.47240138054, 4.68453359604, 15.317861557, 21.0786190033, 14.0456914902, 26.223947525, 53.3027687073, 51.3248214722, 42.9112091064, 19.4788703918, 28.5025844574, 22.0357303619, 19.6726226807, 17.6483707428, 20.4994487762, 18.5184822083, 13.0880126953, 12.7420682907, 11.9225788116, 14.2615690231, 5.89684200287, 5.59983444214, 6.18134689331, 4.45322084427, 4.40482139587, 4.26250314713, 4.62892818451, 2.74072694778, 1.79105472565, 1.25478935242, 1.09192287922, 0.575740277767, 0.320203602314, 0.110392704606, 0.0220885686576, 0.000758272712119, 2.75153979601e-05],
        "dvar": [0.0249785576016, 2.01401019096, 11.3554420471, 14.6261577606, 25.2745990753, 660.47064209, 1574.30371094, 1117.53149414, 2072.05859375, 9437.31347656, 14064.4013672, 4468.34472656, 1226.0324707, 3609.08740234, 2601.83813477, 2160.38305664, 1118.51843262, 942.036560059, 992.258483887, 612.991699219, 934.288513184, 871.184570312, 358.004211426, 47.7510910034, 46.5721359253, 40.5868492126, 21.2291603088, 30.3314170837, 23.3397350311, 29.9311332703, 10.4751138687, 4.84576368332, 1.84866476059, 1.41508257389, 0.38490998745, 0.118562445045, 0.0172613598406, 0.0010711455252, 1.4301522242e-06, 6.60727195179e-10],
        "dvar2": [0.0523710772395, 5.26261568069, 32.6554374695, 37.2871131897, 59.2293395996, 1472.13415527, 3765.640625, 2671.06054688, 4499.74365234, 19568.8691406, 34097.8984375, 9564.80566406, 2388.89599609, 6330.64013672, 5424.99804688, 4838.53320312, 2524.32104492, 2322.43139648, 2586.91430664, 1467.66772461, 1902.36523438, 2222.88134766, 841.674377441, 114.262756348, 99.6906967163, 91.6038208008, 43.0799102783, 65.2339782715, 47.1467628479, 63.8976249695, 20.8228282928, 9.67112541199, 3.59597396851, 2.6704185009, 0.82649743557, 0.254416644573, 0.033543035388, 0.00224150787108, 3.19558489537e-06, 1.4014649441e-09],
        "max": [1.14461553097, 12.0878429413, 22.134469986, 34.5233001709, 68.5130386353, 509.108215332, 623.414489746, 579.560668945, 718.422912598, 1709.41149902, 1974.98974609, 825.352233887, 545.580871582, 1023.01873779, 1245.97717285, 1086.67675781, 419.218200684, 380.466339111, 491.339752197, 444.775054932, 629.757324219, 750.92767334, 248.311889648, 91.3248901367, 113.258155823, 78.1866912842, 63.6102523804, 81.7332839966, 83.251991272, 92.1077194214, 63.3230323792, 25.5408611298, 13.5964622498, 17.9740447998, 9.0418586731, 3.57341122627, 1.94489169121, 0.712603807449, 0.0229300931096, 0.000472031708341],
        "mean": [0.167991995811, 1.49338471889, 2.40261387825, 2.487585783, 5.12298154831, 19.4567928314, 21.4907798767, 14.5883274078, 30.1411437988, 63.3727760315, 65.0162506104, 58.1382789612, 29.3267555237, 47.6335868835, 25.5972976685, 20.8068180084, 18.1588764191, 21.9632892609, 18.1087474823, 12.5120677948, 12.600859642, 13.1373920441, 15.8114452362, 6.79385089874, 5.97460269928, 7.32134866714, 5.57013463974, 4.97792816162, 5.28902769089, 5.91032075882, 3.23784852028, 2.08874368668, 1.52863931656, 1.39608132839, 0.636106908321, 0.334209501743, 0.11725910753, 0.0202009957284, 0.000669071741868, 5.07359109179e-05],
        "median": [0.0729871764779, 1.3753361702, 1.62250196934, 1.1842045784, 1.94956862926, 5.48075056076, 5.93841791153, 3.33150529861, 5.60527658463, 10.7316837311, 10.8898591995, 10.0691041946, 5.69557142258, 6.77241563797, 3.65726089478, 3.23558783531, 3.31841206551, 3.92665481567, 4.04297161102, 3.25283074379, 3.05348944664, 3.21557092667, 5.42712497711, 4.10751485825, 2.90437555313, 3.62864565849, 2.82817482948, 2.25684571266, 2.6383395195, 3.1451292038, 1.49030256271, 0.785574495792, 0.677145540714, 0.7459846735, 0.290885359049, 0.138687521219, 0.0346484743059, 0.00493600266054, 0.000155134242959, 4.75056986033e-05],
        "min": [2.19997787099e-06, 7.47728245187e-06, 9.51240508584e-06, 3.56943655788e-06, 1.21269658848e-05, 6.72367532388e-05, 0.000155063084094, 0.000195217638975, 0.000156288064318, 0.000153356537339, 0.000173624051968, 8.58980129124e-05, 7.41685944377e-05, 2.20083402382e-05, 1.1475311112e-05, 9.08327092475e-06, 2.7165740903e-05, 5.54414800717e-05, 1.6425303329e-05, 3.80113560823e-05, 4.49976832897e-05, 7.47425292502e-05, 0.000104035818367, 0.000132752640639, 0.000147016820847, 9.50783505687e-05, 4.71228595416e-05, 3.24644643115e-05, 2.81558386632e-05, 8.65691981744e-06, 6.12925077803e-06, 2.36750793192e-06, 1.85703311217e-06, 2.19039793592e-06, 4.70066242997e-06, 1.64231437338e-06, 3.1398363376e-07, 2.22209894929e-08, 1.57146751167e-09, 3.5481523275e-10],
        "stdev": [0.204046308994, 1.51777029037, 3.0686044693, 4.15142822266, 7.49298715591, 38.2785682678, 48.7921943665, 42.0716514587, 65.6781616211, 135.347076416, 171.2993927, 113.220939636, 60.501914978, 125.758598328, 71.8033752441, 68.7632598877, 40.2508811951, 43.4871559143, 43.2031593323, 29.3920402527, 36.8874931335, 35.530960083, 27.3513698578, 8.5204706192, 9.01146697998, 10.6738348007, 7.19009399414, 7.87645149231, 7.81215238571, 8.58114814758, 4.85490226746, 3.12090301514, 2.03606748581, 1.85122203827, 0.838972985744, 0.482296675444, 0.208471924067, 0.0488399453461, 0.00167983747087, 4.15225622419e-05],
        "var": [0.0416348949075, 2.30362653732, 9.41633319855, 17.2343559265, 56.1448554993, 1465.2487793, 2380.67822266, 1770.02380371, 4313.62109375, 18318.8300781, 29343.4824219, 12818.9804688, 3660.48193359, 15815.2246094, 5155.72460938, 4728.38574219, 1620.13330078, 1891.13269043, 1866.51281738, 863.892028809, 1360.68713379, 1262.44921875, 748.097473145, 72.5984268188, 81.2065353394, 113.930755615, 51.6974525452, 62.0384902954, 61.0297279358, 73.6361083984, 23.5700759888, 9.74003601074, 4.14557123184, 3.42702317238, 0.703875720501, 0.232610076666, 0.0434605404735, 0.00238534016535, 2.8218537409e-06, 1.72412317756e-09]
    },
    "gfcc": {
        "mean": [-6.84046459198, 80.3273925781, -91.3820724487, 30.4792175293, -64.7358627319, 15.3334493637, -35.5981483459, 16.4501819611, -21.4664421082, 9.06885242462, -17.1538410187, 5.80136489868, -12.0706796646],
        "cov": [[5787.37646484, -1241.76123047, -278.962921143, -433.011138916, -276.262664795, 203.080200195, -139.062835693, 309.941711426, -2.14746952057, 208.503112793, -356.290496826, 43.0077781677, -203.940444946], [-1241.76123047, 1490.15563965, -66.1192398071, -133.090621948, 150.479034424, -27.4754810333, 158.417831421, -42.5576667786, 157.571426392, -137.717636108, 127.605865479, -127.666069031, 63.6549034119], [-278.962921143, -66.1192398071, 761.02911377, 324.014984131, 89.072227478, 10.0562267303, -3.25768136978, 26.0375061035, 23.2570705414, -43.0566291809, -16.1249160767, 39.5416564941, -48.8594551086], [-433.011138916, -133.090621948, 324.014984131, 570.762207031, 182.799301147, -13.4049730301, -56.9149398804, 21.9560623169, 61.9861907959, -30.9556674957, 54.6571464539, 32.9842758179, 4.07489204407], [-276.262664795, 150.479034424, 89.072227478, 182.799301147, 459.245544434, 156.728408813, 135.027618408, 47.6214599609, 35.9285087585, 19.9422283173, 18.4766674042, -50.3976516724, -30.4308128357], [203.080200195, -27.4754810333, 10.0562267303, -13.4049730301, 156.728408813, 281.774993896, 191.288467407, 16.5145568848, -39.5880355835, 51.2691574097, 2.28919935226, -47.4625053406, -55.9703025818], [-139.062835693, 158.417831421, -3.25768136978, -56.9149398804, 135.027618408, 191.288467407, 373.9190979, 40.1319274902, -56.8753089905, 25.7529621124, 35.6797981262, -44.4065933228, -45.7765769958], [309.941711426, -42.5576667786, 26.0375061035, 21.9560623169, 47.6214599609, 16.5145568848, 40.1319274902, 152.440567017, 62.5013542175, 16.0903911591, -19.4780311584, 4.8008518219, -20.4977741241], [-2.14746952057, 157.571426392, 23.2570705414, 61.9861907959, 35.9285087585, -39.5880355835, -56.8753089905, 62.5013542175, 201.150970459, 7.3230547905, -8.36674690247, -12.6250658035, 15.5238046646], [208.503112793, -137.717636108, -43.0566291809, -30.9556674957, 19.9422283173, 51.2691574097, 25.7529621124, 16.0903911591, 7.3230547905, 134.521240234, 8.27378559113, -27.2975788116, -25.3957462311], [-356.290496826, 127.605865479, -16.1249160767, 54.6571464539, 18.4766674042, 2.28919935226, 35.6797981262, -19.4780311584, -8.36674690247, 8.27378559113, 130.039794922, 27.6039142609, 11.6038866043], [43.0077781677, -127.666069031, 39.5416564941, 32.9842758179, -50.3976516724, -47.4625053406, -44.4065933228, 4.8008518219, -12.6250658035, -27.2975788116, 27.6039142609, 128.727005005, 39.0616607666], [-203.940444946, 63.6549034119, -48.8594551086, 4.07489204407, -30.4308128357, -55.9703025818, -45.7765769958, -20.4977741241, 15.5238046646, -25.3957462311, 11.6038866043, 39.0616607666, 109.169792175]],
        "icov": [[0.000345653475961, 8.48585113999e-05, 0.000143255354487, 0.000117465184303, 0.000205280259252, -0.000449611397926, 0.000298848550301, -0.000621463521384, 9.40427980822e-06, -0.000250652548857, 0.000696256407537, -0.000420252908953, 0.000508019526023], [8.48585113999e-05, 0.00201704958454, -0.000381952850148, 0.00139944476541, -0.00075630977517, 0.000587578047998, -0.000765479868278, 0.000615815282799, -0.00208624824882, 0.00271129538305, -0.00275646708906, 0.00265509285964, -0.00108532537706], [0.000143255354487, -0.000381952850148, 0.00211603217758, -0.00143912259955, 0.00036282549263, -0.000315651705023, -2.84997258859e-05, -0.000205723539693, 0.000286183145363, -0.000311298237648, 0.0017979912227, -0.00160897732712, 0.00165128987283], [0.000117465184303, 0.00139944476541, -0.00143912259955, 0.00414032302797, -0.00174924498424, 0.000433514360338, 0.00046247971477, 4.83522744616e-05, -0.00173464766704, 0.00220593414269, -0.00337116117589, 0.001667116303, -0.000935872318223], [0.000205280259252, -0.00075630977517, 0.00036282549263, -0.00174924498424, 0.00400942889974, -0.00215016165748, -9.02017418412e-05, -0.00118952337652, 0.000340805854648, -0.00109067489393, 0.00152518448886, -0.000359404104529, 0.000470535131171], [-0.000449611397926, 0.000587578047998, -0.000315651705023, 0.000433514360338, -0.00215016165748, 0.00777922803536, -0.0034140846692, 0.00178887182847, -0.000134965186589, -0.000459503964521, -0.000987084815279, 0.00146653177217, 0.000445788784418], [0.000298848550301, -0.000765479868278, -2.84997258859e-05, 0.00046247971477, -9.02017418412e-05, -0.0034140846692, 0.00573967443779, -0.00278765102848, 0.00223049568012, -0.000604266766459, -0.000382735452149, -0.000233465703786, 0.000748886202928], [-0.000621463521384, 0.000615815282799, -0.000205723539693, 4.83522744616e-05, -0.00118952337652, 0.00178887182847, -0.00278765102848, 0.0107280639932, -0.00417453702539, 0.000499169225805, -3.85044986615e-05, -0.000847094226629, 0.000833978294395], [9.40427980822e-06, -0.00208624824882, 0.000286183145363, -0.00173464766704, 0.000340805854648, -0.000134965186589, 0.00223049568012, -0.00417453702539, 0.00914768781513, -0.00330991111696, 0.00258987909183, -0.000944310391787, -0.000404041347792], [-0.000250652548857, 0.00271129538305, -0.000311298237648, 0.00220593414269, -0.00109067489393, -0.000459503964521, -0.000604266766459, 0.000499169225805, -0.00330991111696, 0.0128992693499, -0.00602328358218, 0.00542454607785, -0.000799411849584], [0.000696256407537, -0.00275646708906, 0.0017979912227, -0.00337116117589, 0.00152518448886, -0.000987084815279, -0.000382735452149, -3.85044986615e-05, 0.00258987909183, -0.00602328358218, 0.0157968942076, -0.00785918347538, 0.00295334379189], [-0.000420252908953, 0.00265509285964, -0.00160897732712, 0.001667116303, -0.000359404104529, 0.00146653177217, -0.000233465703786, -0.000847094226629, -0.000944310391787, 0.00542454607785, -0.00785918347538, 0.0155387083068, -0.00604910776019], [0.000508019526023, -0.00108532537706, 0.00165128987283, -0.000935872318223, 0.000470535131171, 0.000445788784418, 0.000748886202928, 0.000833978294395, -0.000404041347792, -0.000799411849584, 0.00295334379189, -0.00604910776019, 0.0140681872144]]
    },
    "melbands": {
        "dmean": [0.000856150581967, 0.000866715679877, 0.000355175259756, 0.000434972840594, 0.000474260217743, 0.00021912775992, 0.000300154672004, 0.000400888209697, 0.000275360915111, 0.000176624555024, 7.07797007635e-05, 8.23961236165e-05, 5.77451719437e-05, 3.80910023523e-05, 2.85257883661e-05, 2.84264442598e-05, 2.56052862824e-05, 1.90737664525e-05, 1.41183008964e-05, 1.53643195517e-05, 9.15574673854e-06, 8.52450466482e-06, 9.26481334318e-06, 6.9422217166e-06, 3.07904747388e-06, 2.7688870432e-06, 2.73347995972e-06, 2.94887922792e-06, 1.99864575734e-06, 2.18774152927e-06, 1.76124001428e-06, 1.69368286151e-06, 2.10243410947e-06, 1.71290173512e-06, 1.22546009607e-06, 9.55337327468e-07, 7.4718121823e-07, 6.39845950445e-07, 7.03383307155e-07, 6.82470272295e-07],
        "dmean2": [0.00134757405613, 0.00148387998343, 0.000597071426455, 0.000657782598864, 0.00073255301686, 0.000335091317538, 0.000451262923889, 0.000568964460399, 0.000412976398366, 0.000258062384091, 9.97204551823e-05, 0.000115811919386, 8.15984385554e-05, 5.71165910515e-05, 4.30506261182e-05, 4.26082660852e-05, 4.10683896916e-05, 3.04822497128e-05, 2.2641641408e-05, 2.37206641032e-05, 1.36164744617e-05, 1.34487263495e-05, 1.45816911754e-05, 1.08493368316e-05, 4.72385545436e-06, 4.31609987572e-06, 4.17360888605e-06, 4.52637505077e-06, 2.93379389404e-06, 3.18477577821e-06, 2.62280423158e-06, 2.40524991568e-06, 3.04659124595e-06, 2.46248623625e-06, 1.75526554358e-06, 1.34146921482e-06, 1.05660205918e-06, 8.95878827123e-07, 1.01235013972e-06, 9.94746869765e-07],
        "dvar": [2.04112575375e-06, 2.8660560929e-06, 4.04054020464e-07, 9.41430414514e-07, 1.48329968397e-06, 6.11179473253e-07, 5.74571402012e-07, 9.99027292892e-07, 9.31509248403e-07, 1.58989791998e-07, 3.19259463311e-08, 5.86947166425e-08, 3.75765232263e-08, 1.55579211736e-08, 9.51370981994e-09, 6.08478023523e-09, 3.90445542564e-09, 2.33217201107e-09, 1.8880628172e-09, 4.27653468194e-09, 9.61028145952e-10, 1.45633705095e-09, 4.25383506197e-10, 1.86219414888e-10, 3.73632132178e-11, 2.76102023189e-11, 2.75985657938e-11, 2.61836229781e-11, 1.06543645434e-11, 1.26225878708e-11, 1.32873208963e-11, 8.12436229403e-12, 1.1820275661e-11, 1.02452959311e-11, 4.19313975902e-12, 2.78436735474e-12, 1.64050609035e-12, 9.31665768839e-13, 1.25043009801e-12, 1.08759767685e-12],
        "dvar2": [4.5264569053e-06, 8.10964866105e-06, 1.03993920675e-06, 2.06983304452e-06, 3.5239143017e-06, 1.46393006162e-06, 1.19284607081e-06, 2.12175609704e-06, 2.31461785916e-06, 3.27211381546e-07, 6.1708263388e-08, 1.04393613753e-07, 6.68117152713e-08, 3.66352317371e-08, 2.22220570834e-08, 1.39031532953e-08, 9.58487333946e-09, 5.96471583236e-09, 5.0533564e-09, 9.06114649979e-09, 2.11768491631e-09, 3.65413277414e-09, 1.08877673544e-09, 4.26047225277e-10, 8.90767945516e-11, 6.41093081399e-11, 5.7314073626e-11, 6.0498654697e-11, 2.35574008217e-11, 2.67797416187e-11, 2.9995009948e-11, 1.72269247478e-11, 2.50013898473e-11, 2.38008640574e-11, 8.92999736657e-12, 5.63937655254e-12, 3.36473839242e-12, 1.89795726878e-12, 2.45434532073e-12, 2.1131922167e-12],
        "max": [0.011599836871, 0.0124800093472, 0.00565411383286, 0.0186524577439, 0.0179911889136, 0.0120471417904, 0.00981787312776, 0.0172941349447, 0.0159511771053, 0.00536927767098, 0.00263680866919, 0.0040417695418, 0.00589181995019, 0.00225558853708, 0.0017168794293, 0.00144835026003, 0.000864762114361, 0.000724832061678, 0.000637952354737, 0.00165674497839, 0.000517831067555, 0.000973811722361, 0.000309127091896, 0.000189980055438, 7.48149614083e-05, 5.49829928786e-05, 0.000104087514046, 7.09975793143e-05, 6.35480537312e-05, 4.48355058325e-05, 6.28900670563e-05, 5.64446490898e-05, 5.13681516168e-05, 5.47859635844e-05, 4.05892715207e-05, 2.31660687859e-05, 1.59431583597e-05, 9.22326034924e-06, 1.67509060702e-05, 1.50207806655e-05],
        "mean": [0.00168590294197, 0.00149531743955, 0.000469298247481, 0.000884089560714, 0.00079810275929, 0.000330883805873, 0.000545315968338, 0.000687053310685, 0.000498227425851, 0.000349223701051, 0.000134154062835, 0.000190494203707, 9.56335279625e-05, 6.00254279561e-05, 3.82449325116e-05, 4.33031273133e-05, 4.05886639783e-05, 2.86137619696e-05, 1.91254439414e-05, 2.01836592169e-05, 1.290111868e-05, 1.32681243485e-05, 1.55214311235e-05, 1.15851971714e-05, 4.70431268695e-06, 4.0060504034e-06, 4.43033013653e-06, 5.01854628965e-06, 3.39075359079e-06, 3.32236731992e-06, 2.72079091701e-06, 2.75875186162e-06, 3.59661839866e-06, 3.05535309053e-06, 1.92529614651e-06, 1.46717388816e-06, 1.16120224902e-06, 1.00808267689e-06, 1.1688576933e-06, 1.18913976621e-06],
        "median": [0.00120654131752, 0.00133962754626, 0.000252218625974, 0.000297872058582, 0.000258882617345, 7.04884078004e-05, 8.2779872173e-05, 0.000119181422633, 5.83643122809e-05, 5.36631450814e-05, 2.22433191084e-05, 2.39913115365e-05, 1.13637088361e-05, 8.9510658654e-06, 7.04070725988e-06, 6.10898041487e-06, 5.98339329372e-06, 4.84240945298e-06, 4.53645452581e-06, 3.26668350681e-06, 3.00722558677e-06, 2.69840256806e-06, 4.67198560727e-06, 4.2296733227e-06, 2.2377798814e-06, 1.73189607722e-06, 1.91426920537e-06, 2.24705536311e-06, 1.66942299984e-06, 1.36432129239e-06, 1.06806953681e-06, 1.32660807139e-06, 1.84087627986e-06, 1.59784508469e-06, 8.60722025209e-07, 5.70764882468e-07, 4.06163167099e-07, 3.90074632151e-07, 4.8369616934e-07, 6.52279993574e-07],
        "min": [1.88292617054e-08, 6.32482644036e-09, 7.84789400132e-10, 2.68483191235e-09, 5.14725462253e-09, 4.38463132468e-09, 2.30533969692e-09, 1.71080705158e-09, 1.32870592306e-09, 4.90311735657e-10, 3.62530755416e-10, 9.26466126039e-11, 3.72782950342e-11, 2.42416624968e-11, 4.78167679063e-11, 5.64039474849e-11, 1.11130063485e-10, 2.4001606258e-11, 2.9301689547e-11, 6.79897457778e-11, 5.03460086121e-11, 7.96478785703e-11, 4.82406198321e-11, 1.63262889319e-10, 8.95539059576e-11, 1.43538778086e-10, 4.83043570421e-11, 6.51596901435e-11, 3.03122214829e-11, 1.95692975713e-11, 1.60153001971e-11, 2.02761748364e-11, 4.31985220165e-12, 5.23361692525e-12, 4.42157725364e-12, 1.60307498612e-12, 1.37359340482e-12, 1.40972585168e-12, 9.93991130724e-13, 2.15770370321e-12],
        "stdev": [0.00178042927291, 0.00160229462199, 0.000696167408023, 0.0015747025609, 0.00156771612819, 0.000936480355449, 0.00119374564383, 0.00142304494511, 0.00133385008667, 0.000704888370819, 0.00030168768717, 0.000514144776389, 0.000323310727254, 0.000184435906704, 0.000109504289867, 9.9708828202e-05, 8.54667814565e-05, 6.70177178108e-05, 4.85908640258e-05, 7.23221164662e-05, 3.689870573e-05, 4.35302499682e-05, 2.93291286653e-05, 1.97383596969e-05, 7.20697016732e-06, 6.30050681139e-06, 7.71024406276e-06, 8.17684031063e-06, 4.63007245344e-06, 5.08286939294e-06, 4.75670140077e-06, 4.27936220149e-06, 5.38008134754e-06, 4.60563478555e-06, 2.91524224849e-06, 2.34998674387e-06, 1.75455659246e-06, 1.38508437431e-06, 1.68154906532e-06, 1.57704209869e-06],
        "var": [3.1699282772e-06, 2.56734801951e-06, 4.8464903557e-07, 2.47968819167e-06, 2.45773389906e-06, 8.76995500221e-07, 1.42502869949e-06, 2.02505702873e-06, 1.77915615041e-06, 4.96867642141e-07, 9.10154653866e-08, 2.64344834022e-07, 1.0452981769e-07, 3.40166010915e-08, 1.1991190263e-08, 9.94185089809e-09, 7.30457117015e-09, 4.49137482761e-09, 2.36107222662e-09, 5.23048804268e-09, 1.36151456775e-09, 1.8948826952e-09, 8.60197801877e-10, 3.89602822226e-10, 5.1940417245e-11, 3.96963885374e-11, 5.94478702376e-11, 6.68607183507e-11, 2.14375722035e-11, 2.58355593863e-11, 2.26262099334e-11, 1.83129397063e-11, 2.89452749963e-11, 2.12118708015e-11, 8.49863755759e-12, 5.52243754198e-12, 3.07846890341e-12, 1.91845888134e-12, 2.82760728894e-12, 2.48706177181e-12]
    },
    "melbands128": {
