{
"lowlevel": {
    "average_loudness": 0.967204391956,
    "barkbands_crest": {
        "dmean": 3.82731437683,
        "dmean2": 6.27439689636,
        "dvar": 11.9616365433,
        "dvar2": 31.7220153809,
        "max": 26.1657066345,
        "mean": 15.1926221848,
        "median": 15.0877838135,
        "min": 3.81327295303,
        "stdev": 5.16400289536,
        "var": 26.6669235229
    },
    "barkbands_flatness_db": {
        "dmean": 0.0350796431303,
        "dmean2": 0.0522851683199,
        "dvar": 0.00105850433465,
        "dvar2": 0.00243365578353,
        "max": 0.384773939848,
        "mean": 0.187207892537,
        "median": 0.180412486196,
        "min": 0.0597790665925,
        "stdev": 0.0591724514961,
        "var": 0.00350137916394
    },
    "barkbands_kurtosis": {
        "dmean": 8.56641960144,
        "dmean2": 13.5448579788,
        "dvar": 244.504302979,
        "dvar2": 600.196777344,
        "max": 216.56451416,
        "mean": 11.4869270325,
        "median": 4.21462726593,
        "min": -1.89132869244,
        "stdev": 20.1172466278,
        "var": 404.703613281
    },
    "barkbands_skewness": {
        "dmean": 0.977080464363,
        "dmean2": 1.48307335377,
        "dvar": 1.05063259602,
        "dvar2": 2.47964501381,
        "max": 13.9904108047,
        "mean": 2.54985070229,
        "median": 2.10651612282,
        "min": -1.75994920731,
        "stdev": 1.85638105869,
        "var": 3.44615054131
    },
    "barkbands_spread": {
        "dmean": 6.22116851807,
        "dmean2": 9.4940700531,
        "dvar": 45.393611908,
        "dvar2": 98.6575775146,
        "max": 101.050392151,
        "mean": 17.8373317719,
        "median": 16.4566936493,
        "min": 0.558462798595,
        "stdev": 11.7741737366,
        "var": 138.631164551
    },
    "dissonance": {
        "dmean": 0.0189583022147,
        "dmean2": 0.031830932945,
        "dvar": 0.000353100942448,
        "dvar2": 0.000968419131823,
        "max": 0.499359667301,
        "mean": 0.462605327368,
        "median": 0.466972768307,
        "min": 0.326298415661,
        "stdev": 0.0241200476885,
        "var": 0.000581776723266
    },
    "dynamic_complexity": 2.24896740913,
    "erbbands_crest": {
        "dmean": 3.08208632469,
        "dmean2": 5.00855636597,
        "dvar": 8.52589797974,
        "dvar2": 20.8905506134,
        "max": 27.0090484619,
        "mean": 9.41326618195,
        "median": 8.10711669922,
        "min": 2.19158005714,
        "stdev": 4.51792192459,
        "var": 20.4116172791
    },
    "erbbands_flatness_db": {
        "dmean": 0.018461253494,
        "dmean2": 0.0254552792758,
        "dvar": 0.000361235201126,
        "dvar2": 0.00059386662906,
        "max": 0.340658187866,
        "mean": 0.160213574767,
        "median": 0.157762035728,
        "min": 0.0609175972641,
        "stdev": 0.0423018112779,
        "var": 0.00178944319487
    },
    "erbbands_kurtosis": {
        "dmean": 0.794783473015,
        "dmean2": 1.24600028992,
        "dvar": 1.16432547569,
        "dvar2": 2.73327922821,
        "max": 10.67274189,
        "mean": 0.0479028970003,
        "median": -0.339216470718,
        "min": -1.80135583878,
        "stdev": 1.48693168163,
        "var": 2.21096587181
    },
    "erbbands_skewness": {
        "dmean": 0.411300718784,
        "dmean2": 0.637162566185,
        "dvar": 0.170632585883,
        "dvar2": 0.386313378811,
        "max": 3.0283639431,
        "mean": 0.162876367569,
        "median": 0.182500943542,
        "min": -2.8180398941,
        "stdev": 0.709153056145,
        "var": 0.502898037434
    },
    "erbbands_spread": {
        "dmean": 8.67950725555,
        "dmean2": 12.7840671539,
        "dvar": 77.8992919922,
        "dvar2": 164.689071655,
        "max": 104.167625427,
        "mean": 40.3115310669,
        "median": 38.1951828003,
        "min": 8.41876506805,
        "stdev": 16.4427928925,
        "var": 270.365447998
    },
    "hfc": {
        "dmean": 7.10619497299,
        "dmean2": 9.51367378235,
        "dvar": 61.4091949463,
        "dvar2": 103.380157471,
        "max": 115.977058411,
        "mean": 22.9269676208,
        "median": 20.3049087524,
        "min": 1.18983035738e-16,
        "stdev": 15.2909221649,
        "var": 233.812286377
    },
    "loudness_ebu128": {
        "integrated": -9.23569202423,
        "loudness_range": 1.9746837616,
        "momentary": {
            "dmean": 0.695919156075,
            "dmean2": 0.894971609116,
            "dvar": 0.365621507168,
            "dvar2": 0.487319648266,
            "max": -5.8783531189,
            "mean": -9.68127727509,
            "median": -9.33799266815,
            "min": -14.8142204285,
            "stdev": 2.04830288887,
            "var": 4.19554519653
        },
        "short_term": {
            "dmean": 0.124389365315,
            "dmean2": 0.144814521074,
            "dvar": 0.0100766196847,
            "dvar2": 0.0134440846741,
            "max": -7.88123416901,
            "mean": -9.34912395477,
            "median": -9.34241771698,
            "min": -10.8106279373,
            "stdev": 0.631338059902,
            "var": 0.398587763309
        }
    },
    "melbands_crest": {
        "dmean": 4.26001405716,
        "dmean2": 6.64279603958,
        "dvar": 13.5376262665,
        "dvar2": 36.3361549377,
        "max": 35.7501869202,
        "mean": 21.1169509888,
        "median": 21.2791900635,
        "min": 2.85498428345,
        "stdev": 6.20458602905,
        "var": 38.496887207
    },
    "melbands_flatness_db": {
        "dmean": 0.040748745203,
        "dmean2": 0.0605422072113,
        "dvar": 0.0013689477928,
        "dvar2": 0.00318052479997,
        "max": 0.487617313862,
        "mean": 0.26452922821,
        "median": 0.259072810411,
        "min": 0.00699504930526,
        "stdev": 0.0714918673038,
        "var": 0.00511108757928
    },
    "melbands_kurtosis": {
        "dmean": 16.928314209,
        "dmean2": 26.5600700378,
        "dvar": 747.692199707,
        "dvar2": 1835.21032715,
        "max": 393.904052734,
        "mean": 27.9218997955,
        "median": 14.4192428589,
        "min": -1.39525949955,
        "stdev": 38.0594291687,
        "var": 1448.52026367
    },
    "melbands_skewness": {
        "dmean": 1.19815897942,
        "dmean2": 1.80852115154,
        "dvar": 1.41150152683,
        "dvar2": 3.28720092773,
        "max": 15.7625417709,
        "mean": 3.84565329552,
        "median": 3.31564974785,
        "min": -0.615065872669,
        "stdev": 2.26100254059,
        "var": 5.11213207245
    },
    "melbands_spread": {
        "dmean": 6.60254430771,
        "dmean2": 9.87845039368,
        "dvar": 54.2353858948,
        "dvar2": 115.685951233,
        "max": 134.430664062,
        "mean": 16.0422172546,
        "median": 13.2559890747,
        "min": 0.583269238472,
        "stdev": 13.0290842056,
        "var": 169.757034302
    },
    "pitch_salience": {
        "dmean": 0.0990220457315,
        "dmean2": 0.15546862781,
        "dvar": 0.00859182793647,
        "dvar2": 0.0224285311997,
        "max": 0.827176213264,
        "mean": 0.399726688862,
        "median": 0.400963544846,
        "min": 0.0580780990422,
        "stdev": 0.137640967965,
        "var": 0.018945036456
    },
    "silence_rate_20dB": {
        "dmean": 0,
        "dmean2": 0,
        "dvar": 0,
        "dvar2": 0,
        "max": 1,
        "mean": 1,
        "median": 1,
        "min": 1,
        "stdev": 0,
        "var": 0
    },
    "silence_rate_30dB": {
        "dmean": 0.0727554187179,
        "dmean2": 0.145623549819,
        "dvar": 0.0674628317356,
        "dvar2": 0.129066735506,
        "max": 1,
        "mean": 0.799690663815,
        "median": 1,
        "min": 0,
        "stdev": 0.400234133005,
        "var": 0.160187363625
    },
    "silence_rate_60dB": {
        "dmean": 0.00928792543709,
        "dmean2": 0.017041053623,
        "dvar": 0.00920153222978,
        "dvar2": 0.0167506113648,
        "max": 1,
        "mean": 0.0123743228614,
        "median": 0,
        "min": 0,
        "stdev": 0.110550239682,
        "var": 0.0122213549912
    },
    "spectral_centroid": {
        "dmean": 313.900115967,
        "dmean2": 469.897125244,
        "dvar": 187580.84375,
        "dvar2": 306665.96875,
        "max": 10969.7246094,
        "mean": 1319.15588379,
        "median": 1227.63122559,
        "min": 249.092819214,
        "stdev": 700.740539551,
        "var": 491037.34375
    },
    "spectral_complexity": {
        "dmean": 5.1640868187,
        "dmean2": 7.41595649719,
        "dvar": 38.7581787109,
        "dvar2": 67.0577011108,
        "max": 58,
        "mean": 19.8886318207,
        "median": 17,
        "min": 0,
        "stdev": 10.5281400681,
        "var": 110.84172821
    },
    "spectral_decrease": {
        "dmean": 8.72889582837e-09,
        "dmean2": 1.34681457098e-08,
        "dvar": 1.42806790292e-16,
        "dvar2": 3.04686247927e-16,
        "max": -5.01687567607e-29,
        "mean": -1.95876896925e-08,
        "median": -1.2349638645e-08,
        "min": -9.25004925989e-08,
        "stdev": 2.0138182677e-08,
        "var": 4.05546404953e-16
    },
    "spectral_energy": {
        "dmean": 0.0333243906498,
        "dmean2": 0.051308311522,
        "dvar": 0.00205384450965,
        "dvar2": 0.0043737529777,
        "max": 0.351721614599,
        "mean": 0.0760081186891,
        "median": 0.0483003146946,
        "min": 1.09814664431e-20,
        "stdev": 0.0767563581467,
        "var": 0.00589153869078
    },
    "spectral_energyband_high": {
        "dmean": 0.000359574885806,
        "dmean2": 0.00049908523215,
        "dvar": 3.10569220119e-07,
        "dvar2": 4.80379071632e-07,
        "max": 0.00988569576293,
        "mean": 0.000682604499161,
        "median": 0.000389415712561,
        "min": 8.01514264433e-21,
        "stdev": 0.000876931182574,
        "var": 7.69008295265e-07
    },
    "spectral_energyband_low": {
        "dmean": 0.0314746759832,
        "dmean2": 0.0491609349847,
        "dvar": 0.00209679850377,
        "dvar2": 0.00457135308534,
        "max": 0.341265112162,
        "mean": 0.0580341257155,
        "median": 0.029722314328,
        "min": 5.23209786577e-23,
        "stdev": 0.0734675973654,
        "var": 0.00539748789743
    },
    "spectral_energyband_middle_high": {
        "dmean": 0.00218160753138,
        "dmean2": 0.00289914221503,
        "dvar": 7.87392309576e-06,
        "dvar2": 1.31289743877e-05,
        "max": 0.0407275408506,
        "mean": 0.00558655941859,
        "median": 0.00451363576576,
        "min": 1.57805452042e-21,
        "stdev": 0.00537713104859,
        "var": 2.89135386993e-05
    },
    "spectral_energyband_middle_low": {
        "dmean": 0.00543702766299,
        "dmean2": 0.00878000538796,
        "dvar": 8.20432978799e-05,
        "dvar2": 0.000225799827604,
        "max": 0.101627245545,
        "mean": 0.0125286281109,
        "median": 0.0104249967262,
        "min": 4.67421720065e-22,
        "stdev": 0.0101664904505,
        "var": 0.000103357531771
    },
    "spectral_entropy": {
        "dmean": 0.182344421744,
        "dmean2": 0.262654542923,
        "dvar": 0.0371019616723,
        "dvar2": 0.0657886192203,
        "max": 9.79692363739,
        "mean": 7.46358919144,
        "median": 7.42105007172,
        "min": 6.21311187744,
        "stdev": 0.354696005583,
        "var": 0.125809252262
    },
    "spectral_flux": {
        "dmean": 0.0499934516847,
        "dmean2": 0.0799880474806,
        "dvar": 0.00270872539841,
        "dvar2": 0.0058503546752,
        "max": 0.411903858185,
        "mean": 0.134210005403,
        "median": 0.113534927368,
        "min": 1.04792494127e-10,
        "stdev": 0.0849907547235,
        "var": 0.00722342869267
    },
    "spectral_kurtosis": {
        "dmean": 1.68672370911,
        "dmean2": 2.78396606445,
        "dvar": 4.11632919312,
        "dvar2": 10.8488397598,
        "max": 25.4860229492,
        "mean": 4.25635957718,
        "median": 3.72267627716,
        "min": -1.42623722553,
        "stdev": 2.62582755089,
        "var": 6.89497089386
    },
    "spectral_rms": {
        "dmean": 0.00177458731923,
        "dmean2": 0.00263694045134,
        "dvar": 3.55793736162e-06,
        "dvar2": 7.05118964106e-06,
        "max": 0.0185241196305,
        "mean": 0.00776330195367,
        "median": 0.00686456542462,
        "min": 3.2731675443e-12,
        "stdev": 0.00372631521896,
        "var": 1.38854256875e-05
    },
    "spectral_rolloff": {
        "dmean": 394.48046875,
        "dmean2": 657.154846191,
        "dvar": 537429.125,
        "dvar2": 966331.5,
        "max": 18540.0878906,
        "mean": 776.76171875,
        "median": 516.796875,
        "min": 64.599609375,
        "stdev": 927.751464844,
        "var": 860722.8125
    },
    "spectral_skewness": {
        "dmean": 0.265829861164,
        "dmean2": 0.415639400482,
        "dvar": 0.0828909650445,
        "dvar2": 0.171376258135,
        "max": 3.59886336327,
        "mean": 1.4481959343,
        "median": 1.39101827145,
        "min": -0.382241874933,
        "stdev": 0.525373935699,
        "var": 0.27601775527
    },
    "spectral_spread": {
        "dmean": 452858.21875,
        "dmean2": 581724.625,
        "dvar": 1.20297671885e+12,
        "dvar2": 1.22261327053e+12,
        "max": 40793208,
        "mean": 4070082.5,
        "median": 3986398,
        "min": 1955581.375,
        "stdev": 1518692.5,
        "var": 2.30642679808e+12
    },
    "spectral_strongpeak": {
        "dmean": 0.387149125338,
        "dmean2": 0.665804982185,
        "dvar": 0.582122564316,
        "dvar2": 1.5068860054,
        "max": 7.59569120407,
        "mean": 0.626228928566,
        "median": 0.418894767761,
        "min": 0,
        "stdev": 0.76876026392,
        "var": 0.590992331505
    },
    "zerocrossingrate": {
        "dmean": 0.0084844538942,
        "dmean2": 0.00984089076519,
        "dvar": 0.000234091756283,
        "dvar2": 0.00025556149194,
        "max": 0.5078125,
        "mean": 0.0350765697658,
        "median": 0.0322265625,
        "min": 0.0029296875,
        "stdev": 0.0234280359,
        "var": 0.000548872863874
    },
    "barkbands": {
        "dmean": [0.00177878292743, 0.0307344216853, 0.0053699882701, 0.00162800587714, 0.00143339624628, 0.00156834383961, 0.00124870950822, 0.00087939761579, 0.00124601926655, 0.00043094396824, 0.000485198223032, 0.00021822207782, 0.000687905121595, 0.000343937019352, 0.000276025821222, 0.00019646716828, 0.00029060797533, 0.000355312600732, 0.000209533434827, 0.000147658487549, 0.000120526696264, 8.48922791192e-05, 5.85055458941e-05, 4.63256437797e-05, 2.16892422031e-05, 1.02584644992e-05, 1.20563640849e-06],
        "dmean2": [0.00295830657706, 0.0490971952677, 0.00906709395349, 0.00301629421301, 0.00240951543674, 0.00245220796205, 0.00190275977366, 0.00142953835893, 0.00191082106903, 0.000636751647107, 0.000711822707672, 0.000325254601194, 0.00101256603375, 0.000550490512978, 0.000412357767345, 0.000305918190861, 0.000477426598081, 0.000540005217772, 0.000310889910907, 0.000215090141864, 0.00018217843899, 0.000118849085993, 8.14953600639e-05, 6.65305706207e-05, 2.99539224216e-05, 1.53263190441e-05, 2.05976084544e-06],
        "dvar": [1.10583414425e-05, 0.00218802853487, 0.000207955599762, 3.39910693583e-05, 7.13658664608e-06, 4.84229576614e-06, 4.91189030072e-06, 3.10730524689e-06, 6.66742971589e-06, 9.80688582786e-07, 2.58884438153e-06, 3.66117006934e-07, 2.69307861345e-06, 5.4362294577e-07, 4.78026436213e-07, 1.40873581245e-07, 2.06640208944e-07, 2.85879849571e-07, 7.40564871649e-08, 3.72686770334e-08, 3.61778340618e-08, 3.82455205283e-08, 1.28308021985e-08, 1.48211141138e-08, 3.83271325788e-09, 6.36552366373e-10, 1.52950846433e-11],
        "dvar2": [3.07155969494e-05, 0.00515276100487, 0.000547649397049, 0.000100092256616, 1.96978944587e-05, 1.1219794942e-05, 1.07236783151e-05, 7.42674546927e-06, 1.55667730724e-05, 1.76709363586e-06, 4.66401388621e-06, 7.78269509283e-07, 4.48491573479e-06, 1.40372640089e-06, 8.27924566238e-07, 2.6235861128e-07, 5.2626495517e-07, 6.47163346912e-07, 1.54578700062e-07, 8.18563279381e-08, 7.52366275947e-08, 7.42646832919e-08, 2.51627803038e-08, 2.43333335703e-08, 6.19923490319e-09, 1.19372867147e-09, 4.06232304739e-11],
        "max": [0.027862502262, 0.327777683735, 0.131088450551, 0.0715533047915, 0.0309409499168, 0.0238782167435, 0.0177716091275, 0.0240801274776, 0.0261819027364, 0.0176304411143, 0.0311119351536, 0.0101831648499, 0.0339421518147, 0.00993513688445, 0.0131962252781, 0.00659199338406, 0.00518331583589, 0.00711955921724, 0.00393354613334, 0.00270241987891, 0.00298404507339, 0.00329255010001, 0.0019276047824, 0.00315884570591, 0.00150535441935, 0.000414560752688, 4.45578225481e-05],
        "mean": [0.00261638127267, 0.0491644404829, 0.00556606473401, 0.00155755330343, 0.00226418464445, 0.00339167076163, 0.00174824288115, 0.00138709950261, 0.00194103107788, 0.000724254408851, 0.000716706621461, 0.000321575906128, 0.00115031737369, 0.000485706725158, 0.000401035737013, 0.000289618095849, 0.000437005539425, 0.000640516926069, 0.000394090922782, 0.000265932001639, 0.000207887540455, 0.000130397558678, 7.83857249189e-05, 7.5678457506e-05, 3.71787573386e-05, 1.41382661241e-05, 9.9755948213e-07],
        "median": [0.00155922025442, 0.0232899226248, 0.00154616299551, 0.00061104260385, 0.00133860891219, 0.00173502997495, 0.000459935079562, 0.000532658654265, 0.000757934118155, 0.000214199768379, 0.000194827385712, 0.000136730261147, 0.000314885255648, 0.000150262814714, 0.000164821307408, 0.000106823084934, 0.000151170126628, 0.000380927609513, 0.000274584046565, 0.000164595534443, 9.71800254774e-05, 3.94725539081e-05, 2.50676966971e-05, 3.00228693959e-05, 1.54718491103e-05, 3.8723628677e-06, 5.76781928885e-08],
        "min": [3.80890325704e-24, 1.46884685706e-23, 2.87478268802e-23, 9.93448983319e-24, 3.50324261212e-23, 1.10149569586e-22, 2.93445023363e-23, 1.94190052019e-22, 7.52506092632e-23, 4.54701887015e-23, 6.9974543446e-23, 7.13466186848e-23, 8.36098022443e-23, 1.29299149127e-22, 2.41873033425e-22, 1.05958370529e-22, 2.41889896116e-22, 1.48880671035e-22, 2.86924210768e-22, 2.42082100497e-22, 4.38968302385e-22, 5.38586869187e-22, 8.43998975591e-22, 8.97270033079e-22, 1.22025710217e-21, 1.76043118474e-21, 2.44028681045e-21],
        "stdev": [0.00344422482885, 0.0678983181715, 0.0131813194603, 0.00438469089568, 0.00284752412699, 0.00411111395806, 0.00292236474343, 0.00225870124996, 0.00329718971625, 0.00137633515988, 0.00230683363043, 0.000781305949204, 0.00264757080004, 0.00101672171149, 0.000976099690888, 0.000509574718308, 0.000602371525019, 0.00088035146473, 0.00046714238124, 0.00031659353408, 0.000267963449005, 0.000256899395026, 0.000151076426846, 0.000169568695128, 8.66486079758e-05, 3.15476536343e-05, 3.40850624525e-06],
        "var": [1.18626840049e-05, 0.00461018132046, 0.000173747175722, 1.92255156435e-05, 8.10839355836e-06, 1.69012582774e-05, 8.5402152763e-06, 5.10173140356e-06, 1.08714593807e-05, 1.89429840702e-06, 5.32148123966e-06, 6.10439030879e-07, 7.00963073541e-06, 1.03372292415e-06, 9.52770619733e-07, 2.59666421698e-07, 3.62851466207e-07, 7.75018691002e-07, 2.18222012904e-07, 1.0023146757e-07, 7.1804407753e-08, 6.59973053985e-08, 2.28240875089e-08, 2.87535399934e-08, 7.50798179183e-09, 9.95254545444e-10, 1.16179149634e-11]
    },
    "erbbands": {
        "dmean": [0.955594062805, 7.80176591873, 7.45355367661, 5.76316070557, 4.51478004456, 5.06552457809, 7.75782823563, 16.410654068, 13.0375957489, 22.9946174622, 16.3020496368, 31.9697742462, 14.8749408722, 15.1362047195, 15.8794908524, 8.99157333374, 30.4224739075, 18.8341674805, 16.5120353699, 12.3792133331, 11.2729272842, 15.4199447632, 19.389623642, 14.2915973663, 7.67888116837, 6.81572294235, 5.55559253693, 4.39037656784, 3.35844111443, 2.17526507378, 1.59869384766, 1.01236510277, 0.78915554285, 0.312866270542, 0.119965992868, 0.0515406355262, 0.0195781551301, 0.00320283463225, 0.00011645770428, 3.68125620298e-05],
        "dmean2": [1.39542388916, 12.7809505463, 12.1734132767, 10.4521141052, 8.00676822662, 8.38561630249, 12.2432832718, 25.4266471863, 19.9328231812, 35.5270805359, 25.2490386963, 48.2031288147, 23.0641937256, 20.6152744293, 23.158870697, 12.847615242, 45.0775337219, 28.8066997528, 25.9546356201, 18.0782852173, 17.5970973969, 25.2458114624, 29.6300315857, 21.0908870697, 11.2572851181, 10.0893363953, 8.35955715179, 6.41775083542, 4.80913352966, 3.0556614399, 2.25361323357, 1.41716587543, 1.13060581684, 0.444385528564, 0.166568949819, 0.0747385323048, 0.029354320839, 0.00486639561132, 0.000186062316061, 5.61207343708e-05],
        "dvar": [2.01582670212, 146.20904541, 205.519836426, 371.905700684, 175.773010254, 79.9835891724, 138.016921997, 571.744506836, 483.875671387, 1587.03417969, 1077.39111328, 4524.36523438, 749.881774902, 2460.02758789, 1641.6060791, 418.057434082, 5312.48486328, 1457.6965332, 1244.52307129, 1266.20666504, 373.317047119, 483.301422119, 1008.92443848, 434.571929932, 96.778793335, 93.1725234985, 53.5263938904, 64.9873886108, 73.2563323975, 17.6818523407, 9.84708786011, 6.61417388916, 4.49256277084, 0.5644094944, 0.162646964192, 0.0138042718172, 0.00358662032522, 7.1688220487e-05, 1.15792587962e-07, 2.38442310341e-09],
        "dvar2": [4.71924686432, 408.51272583, 511.517425537, 1068.84155273, 503.204681396, 219.46321106, 317.794891357, 1311.33154297, 1077.9375, 3846.1940918, 1990.71398926, 10570.8857422, 1779.67907715, 4142.609375, 3480.43603516, 922.339294434, 8744.57324219, 3785.0715332, 2879.56689453, 2454.42919922, 812.282836914, 1227.98510742, 2237.47338867, 917.882446289, 189.958068848, 204.820556641, 123.754211426, 128.697387695, 149.795227051, 36.0680389404, 17.814332962, 9.8674325943, 8.61718845367, 0.925327122211, 0.266989886761, 0.0248949248344, 0.00710322987288, 0.000152133463416, 3.00852860846e-07, 5.07106800995e-09],
        "max": [12.1112928391, 77.2794113159, 132.063751221, 197.371414185, 178.45111084, 101.883300781, 196.039886475, 271.137573242, 280.709899902, 399.125335693, 475.572692871, 689.108093262, 486.653625488, 923.817321777, 736.75012207, 386.668395996, 1415.75036621, 596.435119629, 700.190429688, 737.844787598, 213.224594116, 226.138168335, 482.470550537, 427.678741455, 115.204963684, 174.271118164, 89.3101348877, 134.454162598, 151.622589111, 62.7614402771, 61.474571228, 68.3655853271, 55.3844337463, 13.7186775208, 10.8774785995, 1.61531472206, 1.31054615974, 0.137332051992, 0.00402853451669, 0.000382113648811],
        "mean": [1.61739313602, 10.0541133881, 9.1328754425, 5.78790473938, 5.26189470291, 8.05557727814, 14.9295320511, 35.4043312073, 21.3291568756, 35.0883407593, 26.7241420746, 50.7983856201, 27.1999912262, 23.6516265869, 24.6475696564, 14.6918182373, 51.6846656799, 32.3797874451, 24.4308605194, 17.0532855988, 18.5209331512, 26.3262405396, 35.7246665955, 27.165102005, 14.6682100296, 12.4230184555, 10.3254852295, 6.83585453033, 5.06126403809, 2.9568901062, 2.23105621338, 1.45885074139, 1.34850645065, 0.557168662548, 0.198827430606, 0.0746499598026, 0.0246840901673, 0.00377187994309, 0.000144784760778, 8.83909597178e-05],
        "median": [0.976404666901, 3.66250514984, 2.75437641144, 2.11874198914, 2.11987709999, 4.52882289886, 9.43188762665, 17.2968902588, 9.35530757904, 14.018497467, 12.5715579987, 20.0809936523, 13.7266378403, 7.39385604858, 9.55225086212, 7.29138565063, 15.5222330093, 11.9440984726, 9.94667053223, 7.19143772125, 6.04889631271, 11.1440343857, 22.2688217163, 18.2515792847, 9.12777328491, 7.69637346268, 5.90985012054, 2.48549985886, 1.50851917267, 0.892910182476, 0.726247310638, 0.475468188524, 0.552646160126, 0.230675786734, 0.0874480903149, 0.0239299256355, 0.00539402617142, 0.000584077555686, 4.50119405286e-05, 5.7720219047e-05],
        "min": [8.75885213008e-22, 1.87184772805e-21, 2.19919504467e-20, 4.54052750668e-20, 5.55505418822e-20, 1.54339339497e-19, 2.12729010811e-19, 1.25043869564e-18, 5.83098121955e-19, 2.24648978121e-18, 3.28305979209e-18, 1.79916415442e-18, 1.09066731276e-18, 2.19205302509e-18, 2.74088074408e-18, 3.49116788766e-18, 4.40005491958e-18, 6.38231384822e-18, 1.05528724699e-17, 8.33618559261e-18, 7.90307051515e-18, 1.33060372597e-17, 8.32203749541e-18, 9.51256711819e-18, 1.89284450946e-17, 1.02721050362e-17, 1.03765216992e-17, 1.99743670027e-17, 1.9848124352e-17, 2.10432084312e-17, 2.75996107111e-17, 1.76055070168e-17, 1.67026641936e-17, 1.38685697071e-17, 8.95171798337e-18, 6.52806389933e-18, 3.13818634563e-18, 1.30076333013e-18, 3.31961383394e-19, 3.710600396e-20],
        "stdev": [2.04494547844, 15.5512704849, 16.0921268463, 15.1958408356, 11.0769777298, 10.7521162033, 18.6573448181, 45.9974555969, 31.8426418304, 50.7263755798, 44.931854248, 86.4762878418, 36.8240318298, 71.6439819336, 52.4724845886, 27.5598964691, 117.226661682, 56.1513214111, 45.2110328674, 43.5135803223, 26.9580020905, 32.4808158875, 51.5124931335, 35.5714149475, 16.1642875671, 15.3623542786, 11.8498773575, 10.8587722778, 10.7578191757, 5.31294155121, 4.45218658447, 3.65145254135, 2.82017087936, 1.11576664448, 0.538632273674, 0.156204342842, 0.0699064731598, 0.0094140637666, 0.000322296604281, 8.55418475112e-05],
        "var": [4.1818022728, 241.842010498, 258.956542969, 230.913574219, 122.699440002, 115.60799408, 348.0965271, 2115.76586914, 1013.95379639, 2573.1652832, 2018.87145996, 7478.14794922, 1356.00927734, 5132.85986328, 2753.36157227, 759.547912598, 13742.0908203, 3152.97094727, 2044.03747559, 1893.4317627, 726.733825684, 1055.0032959, 2653.53710938, 1265.32556152, 261.284210205, 236.001937866, 140.41960144, 117.91293335, 115.730674744, 28.2273483276, 19.8219642639, 13.3331050873, 7.95336437225, 1.24493527412, 0.290124714375, 0.0243997965008, 0.00488691497594, 8.86245907168e-05, 1.03875102297e-07, 7.31740801285e-09]
    },
    "gfcc": {
        "mean": [8.71887779236, 118.28327179, -114.583129883, 47.1466445923, -49.6259384155, 14.6861000061, -22.9422149658, 17.6234703064, -9.79681777954, 7.41170978546, 2.24015045166, 0.643110156059, -3.2743601799],
        "cov": [[5300.10058594, -1104.01745605, 233.409591675, 28.1574172974, -108.860076904, 306.935638428, -307.686187744, 294.155273438, -310.058654785, 391.56060791, -335.365020752, 149.946166992, -353.610961914], [-1104.01745605, 913.146789551, -116.432640076, 25.3500995636, 142.711196899, -85.5582427979, 195.001846313, -146.384613037, 219.345397949, -223.22102356, 110.58455658, -136.401794434, 175.989074707], [233.409591675, -116.432640076, 834.76373291, -86.8834762573, 85.6770172119, 203.212341309, -141.734054565, -7.21552181244, -155.359054565, 145.643600464, -14.5771198273, 56.6911697388, -124.461128235], [28.1574172974, 25.3500995636, -86.8834762573, 422.987609863, -5.32321214676, -118.823127747, 118.759902954, -25.3709583282, 169.400344849, -142.757385254, -35.3808822632, 0.89827311039, 33.3014564514], [-108.860076904, 142.711196899, 85.6770172119, -5.32321214676, 177.012542725, 37.3506088257, 37.0729522705, 11.9858589172, 5.8994717598, -20.6745204926, -4.7144575119, -24.754365921, 12.1966876984], [306.935638428, -85.5582427979, 203.212341309, -118.823127747, 37.3506088257, 227.424514771, -25.2560825348, -10.519408226, -84.9137191772, 102.359085083, -11.2254896164, -5.43907785416, -36.8929634094], [-307.686187744, 195.001846313, -141.734054565, 118.759902954, 37.0729522705, -25.2560825348, 205.423278809, -20.8522129059, 119.342697144, -90.7963409424, 14.2071609497, -29.929775238, 68.8786849976], [294.155273438, -146.384613037, -7.21552181244, -25.3709583282, 11.9858589172, -10.519408226, -20.8522129059, 165.786071777, -46.6186103821, 31.088098526, -18.3622055054, 8.98293876648, -19.2265644073], [-310.058654785, 219.345397949, -155.359054565, 169.400344849, 5.8994717598, -84.9137191772, 119.342697144, -46.6186103821, 241.212554932, -111.326141357, -5.5473613739, -29.411283493, 74.0707321167], [391.56060791, -223.22102356, 145.643600464, -142.757385254, -20.6745204926, 102.359085083, -90.7963409424, 31.088098526, -111.326141357, 205.816009521, 19.2157554626, 33.6468734741, -72.6433792114], [-335.365020752, 110.58455658, -14.5771198273, -35.3808822632, -4.7144575119, -11.2254896164, 14.2071609497, -18.3622055054, -5.5473613739, 19.2157554626, 141.964157104, 2.46812319756, 33.2851905823], [149.946166992, -136.401794434, 56.6911697388, 0.89827311039, -24.754365921, -5.43907785416, -29.929775238, 8.98293876648, -29.411283493, 33.6468734741, 2.46812319756, 81.1404037476, -14.6065301895], [-353.610961914, 175.989074707, -124.461128235, 33.3014564514, 12.1966876984, -36.8929634094, 68.8786849976, -19.2265644073, 74.0707321167, -72.6433792114, 33.2851905823, -14.6065301895, 121.068328857]],
        "icov": [[0.000424574536737, -0.000432532600826, 0.000400626595365, -0.000710874213837, 0.00026648590574, -0.00090413558064, 0.00055100012105, -0.000773916428443, 0.000287377275527, -0.000726031896193, 0.000935736054089, -0.000961873913184, 0.000752706779167], [-0.000432532600826, 0.00592792360112, -0.00181876251008, 0.00343059492297, -0.00284333131276, 0.00321695953608, -0.00243965629488, 0.00381946470588, -0.00276427553035, 0.0039125024341, -0.00402025599033, 0.00689844926819, -0.0034560856875], [0.000400626595365, -0.00181876251008, 0.00292840995826, -0.0019021157641, -0.00037012854591, -0.00314256059937, 0.00223615719005, -0.00115818425547, 0.00105159415398, -0.00142031628639, 0.00122539303266, -0.00377743784338, 0.00268292799592], [-0.000710874213837, 0.00343059492297, -0.0019021157641, 0.00690154079348, -0.00121656514239, 0.00386614119634, -0.00348316621967, 0.00269956211559, -0.00368234678172, 0.0044818976894, -0.00238826079294, 0.00329932011664, -0.00120907451492], [0.00026648590574, -0.00284333131276, -0.00037012854591, -0.00121656514239, 0.0086744716391, -0.00222318246961, -0.000454001070466, -0.00302999955602, 0.00139422039501, -0.000827805139124, 0.00223423610441, -0.00138119386975, 0.000960799050517], [-0.00090413558064, 0.00321695953608, -0.00314256059937, 0.00386614119634, -0.00222318246961, 0.0116339186206, -0.00455140322447, 0.00445055402815, 1.82620224223e-05, -0.000994997331873, -0.00117027119268, 0.00689633237198, -0.00400019111112], [0.00055100012105, -0.00243965629488, 0.00223615719005, -0.00348316621967, -0.000454001070466, -0.00455140322447, 0.0107048070058, -0.00244048866443, -0.00127449841239, -0.000455087079899, 0.000743568292819, -0.00306930672377, 0.000525581475813], [-0.000773916428443, 0.00381946470588, -0.00115818425547, 0.00269956211559, -0.00302999955602, 0.00445055402815, -0.00244048866443, 0.0101859737188, -0.000177818496013, 0.00142469152343, -0.00202346639708, 0.00484734820202, -0.00297343428247], [0.000287377275527, -0.00276427553035, 0.00105159415398, -0.00368234678172, 0.00139422039501, 1.82620224223e-05, -0.00127449841239, -0.000177818496013, 0.0100235724822, -0.00220418255776, 0.00312668643892, -0.00162307638675, -0.00099699490238], [-0.000726031896193, 0.0039125024341, -0.00142031628639, 0.0044818976894, -0.000827805139124, -0.000994997331873, -0.000455087079899, 0.00142469152343, -0.00220418255776, 0.0141808697954, -0.00606727134436, 0.0019974715542, 0.00153091631364], [0.000935736054089, -0.00402025599033, 0.00122539303266, -0.00238826079294, 0.00223423610441, -0.00117027119268, 0.000743568292819, -0.00202346639708, 0.00312668643892, -0.00606727134436, 0.0127077000216, -0.00504080811515, -0.000487669109134], [-0.000961873913184, 0.00689844926819, -0.00377743784338, 0.00329932011664, -0.00138119386975, 0.00689633237198, -0.00306930672377, 0.00484734820202, -0.00162307638675, 0.0019974715542, -0.00504080811515, 0.0242639612406, -0.00636661378667], [0.000752706779167, -0.0034560856875, 0.00268292799592, -0.00120907451492, 0.000960799050517, -0.00400019111112, 0.000525581475813, -0.00297343428247, -0.00099699490238, 0.00153091631364, -0.000487669109134, -0.00636661378667, 0.0173803679645]]
    },
    "melbands": {
        "dmean": [0.00806210096925, 0.00556197948754, 0.000931008951738, 0.000301330321236, 0.000272327743005, 0.000334183365339, 0.000223430688493, 0.00024430261692, 0.000139876647154, 0.000204868221772, 7.15556016075e-05, 6.35390242678e-05, 6.08667760389e-05, 2.52462032222e-05, 3.41513041349e-05, 8.40999491629e-05, 3.21661937051e-05, 2.90726475214e-05, 1.96358068933e-05, 1.43200259117e-05, 1.48555973283e-05, 1.67990401678e-05, 2.11081514863e-05, 1.4857869246e-05, 1.23602749227e-05, 6.80624089e-06, 5.16694717589e-06, 4.79749996884e-06, 4.07839479521e-06, 3.27611246576e-06, 2.44334501076e-06, 2.04419347938e-06, 1.48151036683e-06, 1.20132460779e-06, 1.0033925264e-06, 7.59087981805e-07, 5.94193068082e-07, 6.1972906451e-07, 4.37697650568e-07, 2.25920459229e-07],
        "dmean2": [0.0124819623306, 0.00923690386117, 0.00167356617749, 0.000516989675816, 0.000435118214227, 0.000518765940797, 0.000340849568602, 0.000381795834983, 0.000215408028453, 0.000310580158839, 0.000111936082249, 8.75891637406e-05, 8.92085736268e-05, 3.66969361494e-05, 5.15742358402e-05, 0.000124362966744, 5.10385543748e-05, 4.75849119539e-05, 2.91153592116e-05, 2.21715254156e-05, 2.37789154198e-05, 2.77912895399e-05, 3.29741269525e-05, 2.3050532036e-05, 1.85717181012e-05, 1.01638388514e-05, 7.81176004239e-06, 7.10879294274e-06, 6.362928616e-06, 4.85205237055e-06, 3.5934447169e-06, 3.00813803733e-06, 2.08060646401e-06, 1.7904537799e-06, 1.43576517075e-06, 1.12072962111e-06, 8.29488101317e-07, 8.88117256181e-07, 6.34883065231e-07, 3.24147180208e-07],
        "dvar": [0.000152283973875, 7.67809906392e-05, 9.22109211388e-06, 4.70177440093e-07, 1.45669702079e-07, 2.27497565675e-07, 1.47261459915e-07, 1.79028447178e-07, 8.75557901736e-08, 1.89938560879e-07, 1.93318303587e-08, 3.84623923821e-08, 3.5673714649e-08, 4.10180689414e-09, 1.00512655976e-08, 4.35217977213e-08, 5.61845814318e-09, 4.02152267043e-09, 3.52982398866e-09, 1.36713396159e-09, 7.06170455445e-10, 5.87497328564e-10, 1.15947618173e-09, 4.75082750917e-10, 3.54983931139e-10, 8.70097882633e-11, 4.79442353873e-11, 5.10593477221e-11, 3.15948586738e-11, 3.05976771697e-11, 2.48815672926e-11, 3.01550416582e-11, 1.13640850202e-11, 5.98757458545e-12, 4.15146996641e-12, 2.95063192629e-12, 2.32783193763e-12, 3.68622320168e-12, 8.62672346752e-13, 4.15212894449e-13],
        "dvar2": [0.000315966579365, 0.000207777658943, 2.61800269072e-05, 1.31872263864e-06, 3.59615711432e-07, 5.27728673205e-07, 3.25955284097e-07, 4.48308242085e-07, 1.59509013997e-07, 4.56195664356e-07, 4.53710669035e-08, 6.49866080948e-08, 7.07328666749e-08, 7.91842591497e-09, 2.08887254161e-08, 7.53267386244e-08, 1.51526275971e-08, 9.91926718541e-09, 7.29202076499e-09, 2.7395621327e-09, 1.59524160548e-09, 1.49691981033e-09, 2.77918288383e-09, 1.05406539053e-09, 7.57238882709e-10, 1.76620718051e-10, 1.05525053973e-10, 1.18636656055e-10, 7.92520354898e-11, 6.80121098329e-11, 5.16742065804e-11, 6.34354166418e-11, 2.45842894653e-11, 1.32511944126e-11, 8.21822644659e-12, 5.02661324023e-12, 3.48311613926e-12, 7.65619078552e-12, 1.74411082365e-12, 7.20417865988e-13],
        "max": [0.0926190018654, 0.0599796175957, 0.0324937179685, 0.00813536625355, 0.00514425570145, 0.00538646895438, 0.00360694620758, 0.00494825514033, 0.00424630800262, 0.00472737755626, 0.00240464857779, 0.00339991529472, 0.00346012483351, 0.00129834352992, 0.00195031461772, 0.00470092846081, 0.00120845495258, 0.000936473428737, 0.00131114560645, 0.000643869687337, 0.000310975330649, 0.000230992984143, 0.000437588925706, 0.000295667239698, 0.000392198446207, 0.000115352580906, 7.79030888225e-05, 0.000111075416498, 7.42950214772e-05, 8.87281712494e-05, 8.3619794168e-05, 9.32337279664e-05, 7.09184678271e-05, 3.16502337228e-05, 4.46478334197e-05, 4.66850942757e-05, 3.65194609913e-05, 5.23604103364e-05, 1.82722560567e-05, 1.51886024469e-05],
        "mean": [0.0143656907603, 0.00750061823055, 0.000992837245576, 0.00043886853382, 0.000533849583007, 0.000725254183635, 0.000344165950082, 0.000382128200727, 0.000218956163735, 0.00031805926119, 0.000127372739371, 9.48007364059e-05, 8.8932516519e-05, 4.26625156251e-05, 4.62958378193e-05, 0.000141430209624, 4.83185322082e-05, 4.02801961172e-05, 2.65889811999e-05, 1.9445498765e-05, 2.2105879907e-05, 2.70694508799e-05, 3.30270922859e-05, 2.72826600849e-05, 2.18743934965e-05, 1.17926483654e-05, 8.79401704879e-06, 8.05454237707e-06, 7.03745172359e-06, 5.04730223838e-06, 3.54398957825e-06, 2.99015300698e-06, 2.12421696233e-06, 1.45755473113e-06, 1.3426708847e-06, 1.04691025626e-06, 8.22369997877e-07, 9.72013140199e-07, 8.01595092526e-07, 3.56474885166e-07],
        "median": [0.00730503629893, 0.00265062460676, 0.000402228150051, 0.000241034838837, 0.000359640514944, 0.000376674404833, 0.000126307742903, 0.000152756838361, 8.78113278304e-05, 0.000124756232253, 5.4445979913e-05, 2.44141028816e-05, 2.77596373053e-05, 2.1439676857e-05, 1.69417617144e-05, 3.48256398865e-05, 1.6072710423e-05, 1.54995977937e-05, 1.01595296655e-05, 7.76949127612e-06, 6.41359019937e-06, 8.79000981513e-06, 1.68614697031e-05, 1.76541816472e-05, 1.35552218126e-05, 6.3814850364e-06, 4.87734450871e-06, 4.69862334285e-06, 4.08116102335e-06, 2.07457674151e-06, 1.16063483802e-06, 8.45671195293e-07, 6.99974691543e-07, 3.79150122853e-07, 4.09667279655e-07, 3.72845676111e-07, 2.27277965337e-07, 3.60857256965e-07, 3.22948892517e-07, 1.27493493096e-07],
        "min": [5.26492986222e-24, 8.54880832151e-24, 7.6667766325e-24, 7.48463101606e-24, 7.91182996182e-24, 2.55153746578e-23, 8.07804847657e-24, 3.22107747929e-23, 2.43885026319e-23, 1.06131003272e-23, 5.11751226942e-24, 8.29304778313e-24, 9.15336370914e-24, 7.00019468961e-24, 1.16354632715e-23, 7.53310572983e-24, 1.25257921995e-23, 1.45579783551e-23, 1.8510848333e-23, 6.63034829825e-24, 9.5270116212e-24, 1.32369865931e-23, 1.21710130514e-23, 5.74434035584e-24, 7.37288334681e-24, 1.17569446954e-23, 1.34061814801e-23, 5.29774568701e-24, 5.40543111703e-24, 8.04766313223e-24, 1.33631017861e-23, 9.78803070638e-24, 1.35489069282e-23, 1.02195652317e-23, 1.63472016629e-23, 1.17042219657e-23, 1.11290114149e-23, 1.14235476222e-23, 1.14113983754e-23, 1.17501281483e-23],
        "stdev": [0.0190407931805, 0.0111703556031, 0.00244092941284, 0.000662826292682, 0.0005738689797, 0.000908692134544, 0.000529946875758, 0.000544420676306, 0.000412573368521, 0.000544000242371, 0.000188685924513, 0.000281065149466, 0.000248637021286, 9.031627269e-05, 0.000122143130284, 0.000339705409715, 0.000106621955638, 7.55043729441e-05, 7.56755180191e-05, 4.44048382633e-05, 3.44933687302e-05, 3.66936073988e-05, 4.91870669066e-05, 3.47425848304e-05, 3.09433453367e-05, 1.46415250128e-05, 9.97098777589e-06, 1.10520613816e-05, 8.73869794304e-06, 7.11893517291e-06, 6.50840638627e-06, 6.76337185723e-06, 4.05421678806e-06, 2.8173692499e-06, 2.77506615021e-06, 2.36192136072e-06, 2.15373279389e-06, 2.33093328461e-06, 1.38562143093e-06, 8.7763510237e-07],
        "var": [0.000362551771104, 0.000124776852317, 5.9581361711e-06, 4.39338691649e-07, 3.29325615667e-07, 8.2572142901e-07, 2.80843721612e-07, 2.9639389254e-07, 1.70216793549e-07, 2.95936246175e-07, 3.56023761583e-08, 7.89976155602e-08, 6.18203657154e-08, 8.15702971835e-09, 1.49189443022e-08, 1.15399771516e-07, 1.13682414593e-08, 5.70090996632e-09, 5.72678349187e-09, 1.97178962047e-09, 1.18979259778e-09, 1.34642075267e-09, 2.41936737311e-09, 1.20704712891e-09, 9.57490642328e-10, 2.14374254459e-10, 9.94205898164e-11, 1.22148055559e-10, 7.63648380642e-11, 5.06792385835e-11, 4.2359352137e-11, 4.57432008938e-11, 1.64366732031e-11, 7.93756987222e-12, 7.70099175401e-12, 5.5786720729e-12, 4.63856513963e-12, 5.43325020391e-12, 1.91994662356e-12, 7.70243352606e-13]
    },
    "melbands128": {
