{
"lowlevel": {
    "average_loudness": 0.959141850471,
    "barkbands_crest": {
        "dmean": 2.99050712585,
        "dmean2": 4.63756084442,
        "dvar": 7.12903928757,
        "dvar2": 15.2171897888,
        "max": 24.6929950714,
        "mean": 10.611158371,
        "median": 9.88670539856,
        "min": 2.92005586624,
        "stdev": 4.24865293503,
        "var": 18.0510520935
    },
    "barkbands_flatness_db": {
        "dmean": 0.0239273123443,
        "dmean2": 0.0343674682081,
        "dvar": 0.000527121184859,
        "dvar2": 0.000996718299575,
        "max": 0.315978318453,
        "mean": 0.123011402786,
        "median": 0.115824729204,
        "min": 0.0259443353862,
        "stdev": 0.0474589727819,
        "var": 0.00225235405378
    },
    "barkbands_kurtosis": {
        "dmean": 2.57420921326,
        "dmean2": 3.77413463593,
        "dvar": 26.1090869904,
        "dvar2": 44.5911750793,
        "max": 102.142929077,
        "mean": 3.38091039658,
        "median": 0.727691173553,
        "min": -1.861577034,
        "stdev": 9.08896636963,
        "var": 82.6093139648
    },
    "barkbands_skewness": {
        "dmean": 0.58522695303,
        "dmean2": 0.816839516163,
        "dvar": 0.395575642586,
        "dvar2": 0.710505604744,
        "max": 8.79174423218,
        "mean": 1.22199547291,
        "median": 0.951661348343,
        "min": -1.89884245396,
        "stdev": 1.34069788456,
        "var": 1.79747092724
    },
    "barkbands_spread": {
        "dmean": 7.68076896667,
        "dmean2": 10.9395904541,
        "dvar": 83.1191253662,
        "dvar2": 155.811782837,
        "max": 115.966438293,
        "mean": 27.2387943268,
        "median": 23.8996982574,
        "min": 1.82768476009,
        "stdev": 16.5319461823,
        "var": 273.305267334
    },
    "dissonance": {
        "dmean": 0.021378794685,
        "dmean2": 0.035134203732,
        "dvar": 0.000755921180826,
        "dvar2": 0.00191267253831,
        "max": 0.500000119209,
        "mean": 0.465067178011,
        "median": 0.472518593073,
        "min": 0,
        "stdev": 0.0306790545583,
        "var": 0.000941204372793
    },
    "dynamic_complexity": 3.14284181595,
    "erbbands_crest": {
        "dmean": 3.30473399162,
        "dmean2": 5.23275661469,
        "dvar": 9.7694978714,
        "dvar2": 21.5312194824,
        "max": 30.4556484222,
        "mean": 10.0289421082,
        "median": 9.04787921906,
        "min": 2.43230128288,
        "stdev": 4.8937792778,
        "var": 23.9490737915
    },
    "erbbands_flatness_db": {
        "dmean": 0.0209337621927,
        "dmean2": 0.0302175376564,
        "dvar": 0.000425122154411,
        "dvar2": 0.000842960202135,
        "max": 0.300949275494,
        "mean": 0.157581567764,
        "median": 0.153950706124,
        "min": 0.0619666129351,
        "stdev": 0.043160688132,
        "var": 0.00186284491792
    },
    "erbbands_kurtosis": {
        "dmean": 1.17773222923,
        "dmean2": 1.81919586658,
        "dvar": 3.16458630562,
        "dvar2": 6.65714406967,
        "max": 25.2603721619,
        "mean": 0.75224006176,
        "median": -0.0486485958099,
        "min": -1.78624510765,
        "stdev": 2.52420926094,
        "var": 6.37163209915
    },
    "erbbands_skewness": {
        "dmean": 0.440922915936,
        "dmean2": 0.644640088081,
        "dvar": 0.196176365018,
        "dvar2": 0.380745351315,
        "max": 4.30153226852,
        "mean": 0.281905919313,
        "median": 0.218169137836,
        "min": -2.47398662567,
        "stdev": 0.843443572521,
        "var": 0.711397051811
    },
    "erbbands_spread": {
        "dmean": 9.94777488708,
        "dmean2": 14.787571907,
        "dvar": 130.637924194,
        "dvar2": 247.362197876,
        "max": 135.515090942,
        "mean": 37.9605751038,
        "median": 34.1535797119,
        "min": 4.23201084137,
        "stdev": 20.7275390625,
        "var": 429.630859375
    },
    "hfc": {
        "dmean": 9.98242092133,
        "dmean2": 13.882399559,
        "dvar": 241.136291504,
        "dvar2": 495.19708252,
        "max": 127.930328369,
        "mean": 19.8402366638,
        "median": 15.033000946,
        "min": 1.18065077016e-16,
        "stdev": 20.5113811493,
        "var": 420.71673584
    },
    "loudness_ebu128": {
        "integrated": -8.38498306274,
        "loudness_range": 3.91000843048,
        "momentary": {
            "dmean": 0.814729034901,
            "dmean2": 1.17757678032,
            "dvar": 0.420901298523,
            "dvar2": 0.766842722893,
            "max": -5.79088878632,
            "mean": -8.77145004272,
            "median": -8.34937667847,
            "min": -14.9225273132,
            "stdev": 1.93773114681,
            "var": 3.75480222702
        },
        "short_term": {
            "dmean": 0.106876969337,
            "dmean2": 0.159000381827,
            "dvar": 0.00758452760056,
            "dvar2": 0.0129541670904,
            "max": -6.84117364883,
            "mean": -8.66678905487,
            "median": -7.95484161377,
            "min": -11.2198028564,
            "stdev": 1.5110925436,
            "var": 2.28340053558
        }
    },
    "melbands_crest": {
        "dmean": 4.22866249084,
        "dmean2": 6.34724569321,
        "dvar": 13.810418129,
        "dvar2": 29.4501152039,
        "max": 36.5317077637,
        "mean": 16.487405777,
        "median": 15.5628433228,
        "min": 1.92151105404,
        "stdev": 6.54357719421,
        "var": 42.8184013367
    },
    "melbands_flatness_db": {
        "dmean": 0.0287706591189,
        "dmean2": 0.0396994836628,
        "dvar": 0.000848816067446,
        "dvar2": 0.00152546004392,
        "max": 0.412665188313,
        "mean": 0.179162338376,
        "median": 0.170563608408,
        "min": 0.00467076385394,
        "stdev": 0.06404633075,
        "var": 0.00410193251446
    },
    "melbands_kurtosis": {
        "dmean": 7.23240804672,
        "dmean2": 10.6244449615,
        "dvar": 249.930236816,
        "dvar2": 482.290527344,
        "max": 272.577148438,
        "mean": 12.7726335526,
        "median": 4.2057390213,
        "min": -1.58029508591,
        "stdev": 26.5454216003,
        "var": 704.659362793
    },
    "melbands_skewness": {
        "dmean": 0.811469852924,
        "dmean2": 1.1465690136,
        "dvar": 0.889084458351,
        "dvar2": 1.61873197556,
        "max": 13.6401939392,
        "mean": 2.36457228661,
        "median": 1.79503428936,
        "min": -1.27708029747,
        "stdev": 2.0133960247,
        "var": 4.05376338959
    },
    "melbands_spread": {
        "dmean": 10.4179983139,
        "dmean2": 15.254447937,
        "dvar": 224.442886353,
        "dvar2": 454.424926758,
        "max": 195.476287842,
        "mean": 31.1420669556,
        "median": 26.017747879,
        "min": 1.19559764862,
        "stdev": 23.6360416412,
        "var": 558.662475586
    },
    "pitch_salience": {
        "dmean": 0.0829879790545,
        "dmean2": 0.126317054033,
        "dvar": 0.00591184617952,
        "dvar2": 0.0140229379758,
        "max": 0.918520689011,
        "mean": 0.524560630322,
        "median": 0.525407075882,
        "min": 0.0959370657802,
        "stdev": 0.124742232263,
        "var": 0.015560625121
    },
    "silence_rate_20dB": {
        "dmean": 0,
        "dmean2": 0,
        "dvar": 0,
        "dvar2": 0,
        "max": 1,
        "mean": 1,
        "median": 1,
        "min": 1,
        "stdev": 0,
        "var": 0
    },
    "silence_rate_30dB": {
        "dmean": 0.0061919502914,
        "dmean2": 0.0123934932053,
        "dvar": 0.00615362823009,
        "dvar2": 0.0184366703033,
        "max": 1,
        "mean": 0.996906399727,
        "median": 1,
        "min": 0,
        "stdev": 0.0555337965488,
        "var": 0.00308400276117
    },
    "silence_rate_60dB": {
        "dmean": 0.0588235296309,
        "dmean2": 0.117738187313,
        "dvar": 0.0553634576499,
        "dvar2": 0.116268970072,
        "max": 1,
        "mean": 0.0951276123524,
        "median": 0,
        "min": 0,
        "stdev": 0.293390333652,
        "var": 0.0860778838396
    },
    "spectral_centroid": {
        "dmean": 339.848510742,
        "dmean2": 481.707824707,
        "dvar": 182087.40625,
        "dvar2": 299740.59375,
        "max": 10293.2783203,
        "mean": 1663.47375488,
        "median": 1542.87304688,
        "min": 202.513397217,
        "stdev": 773.192077637,
        "var": 597826
    },
    "spectral_complexity": {
        "dmean": 5.82972145081,
        "dmean2": 8.06738948822,
        "dvar": 56.160118103,
        "dvar2": 103.746902466,
        "max": 60,
        "mean": 16.9288482666,
        "median": 14,
        "min": 0,
        "stdev": 12.1458463669,
        "var": 147.521591187
    },
    "spectral_decrease": {
        "dmean": 2.40772823901e-09,
        "dmean2": 3.22542681452e-09,
        "dvar": 1.27381182122e-17,
        "dvar2": 2.44165833181e-17,
        "max": -8.3210848967e-30,
        "mean": -5.73120262359e-09,
        "median": -3.60304897029e-09,
        "min": -3.53495295258e-08,
        "stdev": 5.9891078763e-09,
        "var": 3.58694134052e-17
    },
    "spectral_energy": {
        "dmean": 0.0097930803895,
        "dmean2": 0.0131743699312,
        "dvar": 0.000208321143873,
        "dvar2": 0.000402549514547,
        "max": 0.135366410017,
        "mean": 0.0234304592013,
        "median": 0.0150632532313,
        "min": 1.07402641308e-20,
        "stdev": 0.023869395256,
        "var": 0.00056974805193
    },
    "spectral_energyband_high": {
        "dmean": 0.000721031043213,
        "dmean2": 0.00100398773793,
        "dvar": 1.51832648498e-06,
        "dvar2": 3.15511556437e-06,
        "max": 0.00931279640645,
        "mean": 0.00106829009019,
        "median": 0.000445742596639,
        "min": 7.5837033314e-21,
        "stdev": 0.00152171519585,
        "var": 2.31561716646e-06
    },
    "spectral_energyband_low": {
        "dmean": 0.0040093739517,
        "dmean2": 0.00585874496028,
        "dvar": 8.94512922969e-05,
        "dvar2": 0.000198700348847,
        "max": 0.130086570978,
        "mean": 0.00832969043404,
        "median": 0.00383238983341,
        "min": 6.57056447455e-23,
        "stdev": 0.0142949866131,
        "var": 0.000204346637474
    },
    "spectral_energyband_middle_high": {
        "dmean": 0.00279738428071,
        "dmean2": 0.00415525445715,
        "dvar": 2.2232226911e-05,
        "dvar2": 4.95271488035e-05,
        "max": 0.0466060042381,
        "mean": 0.00545220123604,
        "median": 0.00313418614678,
        "min": 1.63396706287e-21,
        "stdev": 0.00659851077944,
        "var": 4.35403417214e-05
    },
    "spectral_energyband_middle_low": {
        "dmean": 0.00548920501024,
        "dmean2": 0.0071806255728,
        "dvar": 7.66987141105e-05,
        "dvar2": 0.000138498755405,
        "max": 0.0921108871698,
        "mean": 0.00970461778343,
        "median": 0.00431496510282,
        "min": 3.9020700492e-22,
        "stdev": 0.0138163380325,
        "var": 0.000190891209058
    },
    "spectral_entropy": {
        "dmean": 0.187755554914,
        "dmean2": 0.254453122616,
        "dvar": 0.0323915779591,
        "dvar2": 0.0564204715192,
        "max": 9.80156612396,
        "mean": 7.69516468048,
        "median": 7.68650770187,
        "min": 6.46398496628,
        "stdev": 0.406527101994,
        "var": 0.165264293551
    },
    "spectral_flux": {
        "dmean": 0.0299711618572,
        "dmean2": 0.0461761839688,
        "dvar": 0.00143674574792,
        "dvar2": 0.00317543232813,
        "max": 0.332491099834,
        "mean": 0.0801144093275,
        "median": 0.0665630996227,
        "min": 1.03635246218e-10,
        "stdev": 0.0539971962571,
        "var": 0.00291569717228
    },
    "spectral_kurtosis": {
        "dmean": 1.383877635,
        "dmean2": 2.26394438744,
        "dvar": 2.52179503441,
        "dvar2": 6.94278049469,
        "max": 15.7930755615,
        "mean": 3.56009340286,
        "median": 3.29241418839,
        "min": -1.25839948654,
        "stdev": 2.22650265694,
        "var": 4.95731401443
    },
    "spectral_rms": {
        "dmean": 0.000969871820416,
        "dmean2": 0.00123886240181,
        "dvar": 1.44459693274e-06,
        "dvar2": 2.66247639047e-06,
        "max": 0.0114919440821,
        "mean": 0.0042200605385,
        "median": 0.00383351743221,
        "min": 3.23702111123e-12,
        "stdev": 0.00224724086002,
        "var": 5.05009120388e-06
    },
    "spectral_rolloff": {
        "dmean": 703.446777344,
        "dmean2": 1096.82556152,
        "dvar": 1653158.875,
        "dvar2": 3013131.75,
        "max": 18561.6210938,
        "mean": 1948.29602051,
        "median": 1464.2578125,
        "min": 64.599609375,
        "stdev": 1929.90734863,
        "var": 3724542.25
    },
    "spectral_skewness": {
        "dmean": 0.234911814332,
        "dmean2": 0.356373101473,
        "dvar": 0.0619286708534,
        "dvar2": 0.149136438966,
        "max": 3.06836938858,
        "mean": 1.36213302612,
        "median": 1.35637879372,
        "min": 0.0962773934007,
        "stdev": 0.44402885437,
        "var": 0.197161629796
    },
    "spectral_spread": {
        "dmean": 675094.4375,
        "dmean2": 941701.9375,
        "dvar": 1.25195439309e+12,
        "dvar2": 1.36415451546e+12,
        "max": 39620844,
        "mean": 4852107.5,
        "median": 4409852,
        "min": 2315105.5,
        "stdev": 1990252.75,
        "var": 3.96110594048e+12
    },
    "spectral_strongpeak": {
        "dmean": 0.584383785725,
        "dmean2": 0.925380170345,
        "dvar": 0.759877979755,
        "dvar2": 1.77963221073,
        "max": 6.66992425919,
        "mean": 1.00949525833,
        "median": 0.493900954723,
        "min": 0,
        "stdev": 1.19347846508,
        "var": 1.42439091206
    },
    "zerocrossingrate": {
        "dmean": 0.0150422370061,
        "dmean2": 0.0155274197459,
        "dvar": 0.000502593000419,
        "dvar2": 0.000524586823303,
        "max": 0.4951171875,
        "mean": 0.0695968791842,
        "median": 0.0595703125,
        "min": 0.0048828125,
        "stdev": 0.0476198755205,
        "var": 0.00226765265688
    },
    "barkbands": {
        "dmean": [0.000581119849812, 0.00271284184419, 0.00135461671744, 0.00135928590316, 0.00254633952864, 0.000479429785628, 0.000355438445695, 0.00156715151388, 0.000458037480712, 0.000822246656753, 0.00047870981507, 0.00041069847066, 0.000444054690888, 0.000377289572498, 0.000405615544878, 0.000430702784797, 0.000229863304412, 0.000240159220994, 0.000216786196688, 0.000233793107327, 0.000203401839826, 0.000174722401425, 0.000139989133459, 9.25045678741e-05, 5.12198130309e-05, 2.33216269407e-05, 1.81083225925e-06],
        "dmean2": [0.000853883975651, 0.00422630552202, 0.00224024383351, 0.00172439089511, 0.00347887212411, 0.00079228222603, 0.000582883774769, 0.00244158389978, 0.000736651942134, 0.00121301214676, 0.000685651553795, 0.000696038478054, 0.000727434642613, 0.000579035608098, 0.000637172837742, 0.000722725642845, 0.000361388054444, 0.000372143113054, 0.000333965901518, 0.000354514835635, 0.000301788270008, 0.000245040428126, 0.000201323156944, 0.000131365741254, 7.34986097086e-05, 3.25146211253e-05, 2.72555121228e-06],
        "dvar": [2.13321959563e-06, 4.6547898819e-05, 1.97569497686e-05, 2.40773733822e-05, 4.77500689158e-05, 1.09981704099e-06, 6.93977767696e-07, 1.02842195702e-05, 1.38567281738e-06, 5.58093097425e-06, 9.80352410807e-07, 1.43681120335e-06, 1.06667459931e-06, 6.73678982821e-07, 5.69384724258e-07, 1.11005283543e-06, 2.12330348859e-07, 2.85210745687e-07, 1.43377377526e-07, 1.61185184311e-07, 1.31490637045e-07, 8.73021477332e-08, 8.02435025093e-08, 3.87553775738e-08, 1.35716078375e-08, 2.91166046829e-09, 1.59130503913e-11],
        "dvar2": [3.8764560486e-06, 0.000113146132207, 5.32830163138e-05, 4.44259567303e-05, 8.5820662207e-05, 2.90995103569e-06, 1.59320450166e-06, 2.30171153817e-05, 2.94636834042e-06, 1.26107024698e-05, 1.68247277088e-06, 3.90686000173e-06, 2.86572003461e-06, 1.50135872445e-06, 1.30186276692e-06, 2.96839607472e-06, 4.93240179367e-07, 6.91655941409e-07, 3.29867816617e-07, 3.9274698338e-07, 2.99849745033e-07, 1.73936129499e-07, 1.62600727549e-07, 8.1981390565e-08, 2.91896871119e-08, 5.75826941684e-09, 3.38518414689e-11],
        "max": [0.0166414696723, 0.072319611907, 0.0592819452286, 0.0659404098988, 0.0743882060051, 0.00972506403923, 0.0126676112413, 0.0450835451484, 0.0216790381819, 0.0413090400398, 0.0209103450179, 0.0208217091858, 0.00905977189541, 0.0121079357341, 0.00764055782929, 0.00917410943657, 0.00775470770895, 0.00567831518129, 0.00312073715031, 0.00460908748209, 0.00236241542734, 0.00377879012376, 0.00264911563136, 0.00162610493135, 0.00115602393635, 0.000717973685823, 4.37794260506e-05],
        "mean": [0.000862015993334, 0.00494555430487, 0.00165091629606, 0.00184135779273, 0.0031849402003, 0.000635822187178, 0.000444490840891, 0.00248696561903, 0.000630287453532, 0.00114667403977, 0.000847485556733, 0.000439673080109, 0.000584212655667, 0.000626358320005, 0.000510153127834, 0.000496379449032, 0.000301469437545, 0.000271364173386, 0.000307567912387, 0.000309322582325, 0.000249259464908, 0.000241666130023, 0.000184787044418, 0.000128100829897, 6.81255478412e-05, 3.33403077093e-05, 2.16974467548e-06],
        "median": [0.000171038103872, 0.00193134846631, 0.000367193832062, 0.00010614990606, 0.000410904438468, 0.00016069690173, 0.000142955657793, 0.000521646230482, 0.000192344130483, 0.000233025464695, 0.000163726974279, 0.000121423210658, 0.00017260533059, 0.00013877802121, 0.000132149711135, 0.000100610639493, 0.000102520403743, 8.85291301529e-05, 0.000107231964648, 0.000106853738544, 8.15183157101e-05, 7.48319507693e-05, 5.23610360688e-05, 3.46943088516e-05, 1.67817161127e-05, 7.60666625865e-06, 2.17191683305e-07],
        "min": [5.02477954008e-23, 1.51916072114e-23, 3.006553067e-23, 1.20605488588e-23, 7.71914090384e-23, 4.34911575714e-23, 6.99884147761e-23, 4.71150110206e-23, 1.08417332012e-22, 5.50280905381e-23, 3.6278602315e-23, 1.03104486344e-22, 4.96895911134e-23, 9.62325801589e-23, 2.28521644645e-22, 1.34682436919e-22, 1.58633541422e-22, 1.88056021081e-22, 2.94845358755e-22, 6.21820757122e-22, 3.47281309156e-22, 5.26116303562e-22, 5.27831451253e-22, 7.02919242763e-22, 1.13596152105e-21, 1.90336864083e-21, 2.37251959448e-21],
        "stdev": [0.00195724307559, 0.00885457266122, 0.00405911402777, 0.00731425639242, 0.0087113995105, 0.00121205078904, 0.000930313311983, 0.00434495415539, 0.00153427990153, 0.00317340157926, 0.00183996092528, 0.00107629259583, 0.00117736018728, 0.00142008822877, 0.000963350583334, 0.0010744103929, 0.00053109403234, 0.000538425752893, 0.000456556066638, 0.000468648679089, 0.000406633509556, 0.000389130989788, 0.000345732783899, 0.000245013856329, 0.000143747151014, 6.86984421918e-05, 4.86161206936e-06],
        "var": [3.83080077881e-06, 7.84034564276e-05, 1.64764078363e-05, 5.34983482794e-05, 7.58884852985e-05, 1.46906722875e-06, 8.65482832069e-07, 1.88786270883e-05, 2.3540148959e-06, 1.00704774013e-05, 3.3854562389e-06, 1.1584056665e-06, 1.38617690482e-06, 2.0166505692e-06, 9.28044300963e-07, 1.15435773296e-06, 2.82060881318e-07, 2.89902317263e-07, 2.08443452721e-07, 2.19631573373e-07, 1.65350812154e-07, 1.51422938188e-07, 1.19531151199e-07, 6.00317946464e-08, 2.0663245337e-08, 4.71947592118e-09, 2.36352725586e-11]
    },
    "erbbands": {
        "dmean": [0.120113387704, 0.547413527966, 1.42813193798, 2.74693870544, 5.88690805435, 10.9886255264, 4.98772716522, 2.9240436554, 3.02956390381, 20.2901287079, 26.807352066, 12.0795087814, 20.3372173309, 22.0139160156, 21.6527614594, 17.5947189331, 20.3670845032, 18.4945583344, 19.9191322327, 22.2708816528, 19.5438957214, 11.6862611771, 13.429400444, 12.2778596878, 10.3404684067, 10.450343132, 8.82589244843, 6.99153614044, 6.7603726387, 5.37225341797, 3.71701264381, 2.26565027237, 1.50051355362, 0.732884466648, 0.288465291262, 0.133511707187, 0.0343382172287, 0.00623854622245, 0.000177067384357, 1.5786037693e-05],
        "dmean2": [0.17437787354, 0.868539273739, 2.33239197731, 3.69862771034, 7.97212505341, 15.2950744629, 8.20899677277, 4.73517179489, 4.96207618713, 29.8326759338, 42.8882217407, 19.0913562775, 30.2991771698, 31.7135887146, 30.29139328, 29.9676265717, 33.8272705078, 28.6128673553, 30.4618606567, 35.2829093933, 32.5228157043, 18.260383606, 21.1423778534, 19.1333217621, 16.0746421814, 15.5952959061, 12.7825222015, 10.5152072906, 9.96871185303, 7.67770624161, 5.26510381699, 3.26343202591, 2.15356755257, 1.05863380432, 0.410031378269, 0.190966635942, 0.0485293455422, 0.0085358498618, 0.000250053184573, 2.13631828956e-05],
        "dvar": [0.0890757665038, 2.66962075233, 23.8332023621, 76.2511978149, 240.61907959, 1212.78845215, 134.66217041, 38.5669288635, 50.8831748962, 1901.26611328, 4500.88769531, 1019.52642822, 5170.40234375, 4802.32226562, 1960.17297363, 2831.29589844, 2455.453125, 1731.13525391, 1295.07348633, 1935.0291748, 2762.00048828, 563.356445312, 1019.60119629, 497.152435303, 379.29397583, 279.427978516, 207.888473511, 200.448577881, 152.990646362, 88.9151611328, 57.4092025757, 23.9509220123, 11.1089611053, 2.87278342247, 0.410519093275, 0.101251274347, 0.0057968404144, 0.000178969043191, 1.39948156175e-07, 5.70080871398e-10],
        "dvar2": [0.204471245408, 6.69791221619, 65.1273651123, 135.896911621, 371.745849609, 2309.17651367, 345.380187988, 94.5375137329, 128.536102295, 3875.12792969, 10734.234375, 2133.45947266, 11471.7060547, 9858.66699219, 3241.31103516, 7920.90869141, 6771.15966797, 3979.41674805, 2721.76489258, 4830.11328125, 7436.2578125, 1346.74414062, 2546.81958008, 1103.83447266, 920.699584961, 638.774475098, 442.465911865, 483.083404541, 337.475372314, 184.840545654, 109.417373657, 52.3794364929, 23.574338913, 6.1563129425, 0.814809501171, 0.2118922472, 0.0114076389, 0.00032663642196, 2.78075788174e-07, 1.09115250169e-09],
        "max": [3.3142580986, 19.8594894409, 71.4918289185, 110.827987671, 161.20123291, 386.015289307, 130.509979248, 61.909034729, 154.0234375, 470.39642334, 1242.63085938, 594.915039062, 1588.48327637, 1359.83911133, 1037.73291016, 1006.27929688, 439.780151367, 648.620239258, 447.197601318, 500.358428955, 551.59197998, 291.521484375, 334.098022461, 181.597961426, 154.029388428, 187.496887207, 137.143325806, 100.867546082, 126.261672974, 126.792358398, 68.521812439, 40.2954597473, 30.2040328979, 18.3070030212, 7.17479944229, 4.39022731781, 0.947250127792, 0.162172064185, 0.00406961049885, 0.000203688105103],
        "mean": [0.220306321979, 0.804172039032, 1.84709203243, 4.40266895294, 7.66483736038, 13.0278148651, 7.36363697052, 4.25690698624, 4.12751150131, 34.5631904602, 39.1054801941, 17.863319397, 28.4365882874, 30.949798584, 38.1981124878, 21.5037841797, 26.6205806732, 29.3685131073, 30.3797645569, 29.131893158, 22.8687038422, 15.1042346954, 15.5408430099, 16.717540741, 13.912109375, 14.7689886093, 11.9196987152, 8.2855052948, 8.65907669067, 7.58751010895, 4.95185518265, 2.95206618309, 2.05011582375, 0.952773213387, 0.399427741766, 0.180626228452, 0.0502934865654, 0.00915259402245, 0.00025807871134, 3.61583697668e-05],
        "median": [0.0561765022576, 0.324208140373, 0.458016514778, 0.50809776783, 0.586494386196, 1.35598599911, 2.00575613976, 1.27653205395, 1.81455016136, 7.84676551819, 10.0642967224, 6.12734937668, 7.28361415863, 6.58442831039, 8.56337070465, 7.39470100403, 8.20747947693, 8.21426773071, 8.88014602661, 7.50099754333, 5.77315187454, 5.22555160522, 5.36926984787, 5.6370215416, 5.3418006897, 5.68872690201, 4.08736610413, 2.72998976707, 2.57624006271, 2.55363750458, 1.30476927757, 0.722254395485, 0.529684305191, 0.230844929814, 0.0933123528957, 0.0440063029528, 0.0109048448503, 0.00152924016584, 4.99641537317e-05, 2.37522999669e-05],
        "min": [5.43288682131e-22, 3.85825068132e-21, 3.02805909902e-20, 4.3676086308e-20, 1.04159739493e-19, 3.82515095217e-19, 3.76243722005e-19, 2.66502549017e-19, 1.19149401198e-18, 5.32937476019e-19, 1.24958763018e-18, 1.92196511341e-18, 2.82170249378e-18, 1.44906595721e-18, 1.60866187441e-18, 4.71804382656e-18, 3.40323300508e-18, 4.44612598456e-18, 7.54890899998e-18, 1.15780098108e-17, 7.34626381198e-18, 1.00640302346e-17, 1.0895254106e-17, 1.35717243637e-17, 2.14686605075e-17, 2.41506033921e-17, 1.9622181622e-17, 1.13244276678e-17, 1.62311712444e-17, 1.85432006135e-17, 1.51762413395e-17, 1.55221484193e-17, 1.10794970069e-17, 1.16461951359e-17, 9.10505493506e-18, 7.13469996261e-18, 3.23768686754e-18, 1.620437721e-18, 3.31014985376e-19, 3.2328173199e-20],
        "stdev": [0.410865277052, 1.69915556908, 4.40333652496, 14.4315547943, 22.3823223114, 42.0663146973, 13.874584198, 7.64077377319, 7.59795093536, 67.8851852417, 80.8853302002, 42.2423706055, 86.0387039185, 91.6268615723, 82.8084335327, 47.4547462463, 52.2360992432, 57.47498703, 54.211151123, 54.1582489014, 49.4162712097, 26.3339557648, 31.0451660156, 26.4300727844, 21.5679607391, 21.3774394989, 17.981842041, 14.6772098541, 14.6723175049, 12.31965065, 9.50101661682, 5.83500814438, 4.08456325531, 2.06429958344, 0.825415611267, 0.382656484842, 0.101420074701, 0.0184220056981, 0.000502772338223, 3.67678330804e-05],
        "var": [0.168810278177, 2.88712978363, 19.3893718719, 208.269775391, 500.968353271, 1769.5748291, 192.504074097, 58.3814239502, 57.7288589478, 4608.3984375, 6542.43603516, 1784.41784668, 7402.65820312, 8395.48242188, 6857.23681641, 2251.95288086, 2728.61010742, 3303.37402344, 2938.84887695, 2933.1159668, 2441.96801758, 693.477233887, 963.802307129, 698.54876709, 465.176971436, 456.994934082, 323.34664917, 215.42048645, 215.276901245, 151.773803711, 90.2693252563, 34.0473213196, 16.6836585999, 4.26133298874, 0.68131095171, 0.14642599225, 0.0102860312909, 0.000339370279107, 2.52780040455e-07, 1.35187361305e-09]
    },
    "gfcc": {
        "mean": [-14.2285175323, 76.1291503906, -125.025352478, 32.8388328552, -60.225643158, 22.0706367493, -28.7632331848, 13.3844547272, -19.1271457672, 8.81563091278, -16.3079109192, -0.0725709348917, -12.3788003922],
        "cov": [[6956.28466797, -809.817504883, 76.6664657593, 380.536224365, -176.646453857, 229.409423828, -248.524383545, -13.4598808289, -142.07069397, -88.3904495239, -162.861740112, 92.5822525024, -128.247817993], [-809.817504883, 1164.21228027, -123.934051514, 66.7502975464, 237.292861938, -19.5315341949, 217.026245117, -67.7359313965, 73.6492919922, -49.8256263733, 132.936508179, -82.4059143066, 47.1278572083], [76.6664657593, -123.934051514, 784.804443359, 126.341270447, 89.2638626099, 172.96913147, -55.6112747192, 2.55997562408, -29.2749671936, 7.59262657166, -4.28299427032, 50.2047729492, -41.7418823242], [380.536224365, 66.7502975464, 126.341270447, 444.630432129, 115.870437622, 21.9275913239, -49.3406410217, -57.31640625, 57.2800750732, -18.1309547424, -25.079126358, -11.0425004959, 64.8728942871], [-176.646453857, 237.292861938, 89.2638626099, 115.870437622, 341.507354736, 118.504592896, 38.2682723999, 8.57052898407, 40.769947052, 9.34261798859, 7.20250225067, -18.8499336243, 39.7606315613], [229.409423828, -19.5315341949, 172.96913147, 21.9275913239, 118.504592896, 344.284393311, 98.2723464966, 48.0706634521, 31.8439979553, 27.1954479218, 70.6590194702, 17.6470375061, 18.3622760773], [-248.524383545, 217.026245117, -55.6112747192, -49.3406410217, 38.2682723999, 98.2723464966, 224.573486328, 50.7272644043, 31.5723171234, 15.8010263443, 71.4089736938, 6.24224567413, 11.5936403275], [-13.4598808289, -67.7359313965, 2.55997562408, -57.31640625, 8.57052898407, 48.0706634521, 50.7272644043, 170.243392944, 73.1656112671, 31.405582428, 3.55795383453, 1.53003656864, -16.7606639862], [-142.07069397, 73.6492919922, -29.2749671936, 57.2800750732, 40.769947052, 31.8439979553, 31.5723171234, 73.1656112671, 176.098007202, 30.4734401703, 5.50310897827, -31.0290336609, -1.51016259193], [-88.3904495239, -49.8256263733, 7.59262657166, -18.1309547424, 9.34261798859, 27.1954479218, 15.8010263443, 31.405582428, 30.4734401703, 120.598129272, 41.7448310852, 14.3032531738, 19.9826717377], [-162.861740112, 132.936508179, -4.28299427032, -25.079126358, 7.20250225067, 70.6590194702, 71.4089736938, 3.55795383453, 5.50310897827, 41.7448310852, 138.436309814, 28.2356758118, 22.0078010559], [92.5822525024, -82.4059143066, 50.2047729492, -11.0425004959, -18.8499336243, 17.6470375061, 6.24224567413, 1.53003656864, -31.0290336609, 14.3032531738, 28.2356758118, 105.597389221, 22.3839015961], [-128.247817993, 47.1278572083, -41.7418823242, 64.8728942871, 39.7606315613, 18.3622760773, 11.5936403275, -16.7606639862, -1.51016259193, 19.9826717377, 22.0078010559, 22.3839015961, 115.849098206]],
        "icov": [[0.000213357052417, -8.13660153653e-06, 0.000183532014489, -0.000364476320101, 0.000197286790353, -0.000419488525949, 0.000255522871157, -0.000169968174305, 0.000330887996824, -4.03982412536e-05, 0.00025788685889, -0.0002935451339, 0.000477354275063], [-8.13660153653e-06, 0.00219672243111, -0.000204827665584, 0.000197635090444, -0.00162032421213, 0.00160539720673, -0.00205234019086, 0.00130877108313, -0.00103967543691, 0.0016606154386, -0.00250864517875, 0.00163708487526, -0.000530459394213], [0.000183532014489, -0.000204827665584, 0.00204250356182, -0.00101153377909, 6.68735301588e-05, -0.00158045429271, 0.00110545381904, -0.000480602699099, 0.00101828749757, -0.00052609492559, 0.00063765887171, -0.00137969083153, 0.00188572937623], [-0.000364476320101, 0.000197635090444, -0.00101153377909, 0.00412485841662, -0.00116560002789, 0.000991676119156, -0.000102074664028, 0.00191403308418, -0.00263321516104, 0.00102413713466, -0.000237168889726, 0.000765113742091, -0.00294193951413], [0.000197286790353, -0.00162032421213, 6.68735301588e-05, -0.00116560002789, 0.00522898416966, -0.00264117913321, 0.00124843232334, -0.00106662302278, 0.0007848488749, -0.0013869618997, 0.00256419111975, -0.000490127597004, -0.000243854679866], [-0.000419488525949, 0.00160539720673, -0.00158045429271, 0.000991676119156, -0.00264117913321, 0.00663743074983, -0.00335476873443, 0.00053147925064, -0.0016251958441, 0.00146216154099, -0.00389432883821, 0.00184678670485, -0.00186559767462], [0.000255522871157, -0.00205234019086, 0.00110545381904, -0.000102074664028, 0.00124843232334, -0.00335476873443, 0.0088164396584, -0.00278247287497, 0.000974437221885, -0.000639813137241, -0.000156196139869, -0.00183503085282, 0.000898925180081], [-0.000169968174305, 0.00130877108313, -0.000480602699099, 0.00191403308418, -0.00106662302278, 0.00053147925064, -0.00278247287497, 0.00989184062928, -0.00480334693566, -0.000345334527083, 0.000147521088365, -6.47011183901e-05, 7.28549093765e-06], [0.000330887996824, -0.00103967543691, 0.00101828749757, -0.00263321516104, 0.0007848488749, -0.0016251958441, 0.000974437221885, -0.00480334693566, 0.00996510032564, -0.00260975887068, 0.00120462570339, 0.00110600679182, 0.00196398142725], [-4.03982412536e-05, 0.0016606154386, -0.00052609492559, 0.00102413713466, -0.0013869618997, 0.00146216154099, -0.000639813137241, -0.000345334527083, -0.00260975887068, 0.0118084438145, -0.00502154557034, 0.000742663862184, -0.0024853842333], [0.00025788685889, -0.00250864517875, 0.00063765887171, -0.000237168889726, 0.00256419111975, -0.00389432883821, -0.000156196139869, 0.000147521088365, 0.00120462570339, -0.00502154557034, 0.0140991872177, -0.00423022964969, 0.000463549164124], [-0.0002935451339, 0.00163708487526, -0.00137969083153, 0.000765113742091, -0.000490127597004, 0.00184678670485, -0.00183503085282, -6.47011183901e-05, 0.00110600679182, 0.000742663862184, -0.00423022964969, 0.013616764918, -0.00380776776001], [0.000477354275063, -0.000530459394213, 0.00188572937623, -0.00294193951413, -0.000243854679866, -0.00186559767462, 0.000898925180081, 7.28549093765e-06, 0.00196398142725, -0.0024853842333, 0.000463549164124, -0.00380776776001, 0.0130954785272]]
    },
    "melbands": {
        "dmean": [0.000863491208293, 0.000649250985589, 0.000547756208107, 0.000631990493275, 0.000193160391063, 7.04755148035e-05, 4.97779401485e-05, 0.000259585969616, 0.000201790462597, 6.85718041495e-05, 0.000102678801341, 9.16432618396e-05, 6.70886147418e-05, 5.19837449247e-05, 5.13029663125e-05, 3.67035863746e-05, 3.72441209038e-05, 3.31724440912e-05, 2.91215437755e-05, 3.54527546733e-05, 2.13238254219e-05, 1.23332656585e-05, 1.28166293507e-05, 1.21497332657e-05, 1.04270393422e-05, 7.58933038014e-06, 8.63376590132e-06, 6.73763224768e-06, 6.18124931862e-06, 4.56165435025e-06, 4.05099581258e-06, 4.02034856961e-06, 3.54231929123e-06, 2.94977712656e-06, 2.25536837206e-06, 1.80728989108e-06, 1.28350018258e-06, 1.07717073661e-06, 8.87298483576e-07, 5.56624740966e-07],
        "dmean2": [0.00128942995798, 0.00105706939939, 0.000698653864674, 0.000861956737936, 0.000285415881081, 0.000114834947453, 8.17540858407e-05, 0.00038694954128, 0.00032542552799, 0.000107836160169, 0.000153118278831, 0.000132671702886, 9.55895957304e-05, 8.37628322188e-05, 8.62566957949e-05, 6.0032652982e-05, 5.78183826292e-05, 5.03003138874e-05, 4.64958320663e-05, 5.87435570196e-05, 3.54168696504e-05, 1.92631796381e-05, 2.1041070795e-05, 1.8881939468e-05, 1.64240354934e-05, 1.17539630082e-05, 1.3921043319e-05, 1.01686691778e-05, 9.262354979e-06, 6.64229719405e-06, 6.36155209577e-06, 6.12524581811e-06, 4.94559981234e-06, 4.41775046056e-06, 3.22560140376e-06, 2.62828984887e-06, 1.89276056517e-06, 1.5465444676e-06, 1.31427498218e-06, 8.12263522221e-07],
        "dvar": [4.27529494118e-06, 4.75731894767e-06, 2.3259522095e-06, 3.27235284203e-06, 2.17291045601e-07, 2.21307505655e-08, 1.31951898297e-08, 3.01007588632e-07, 2.80325878066e-07, 3.46810331564e-08, 1.31787885493e-07, 8.68457235015e-08, 1.87244992844e-08, 1.42931515512e-08, 1.89161433184e-08, 8.03632360658e-09, 7.5336155092e-09, 3.7951237708e-09, 3.28405369565e-09, 6.92243462552e-09, 3.51696116674e-09, 5.67610625168e-10, 9.84305192908e-10, 7.15090153758e-10, 3.50110440639e-10, 1.95737898112e-10, 2.91173279932e-10, 1.18714857389e-10, 1.01929797935e-10, 8.09085159981e-11, 8.50354578419e-11, 5.89459106526e-11, 3.66385498329e-11, 3.16592481397e-11, 2.01427919483e-11, 1.69755320911e-11, 7.44646705408e-12, 5.24088454926e-12, 4.56414983932e-12, 1.64352418393e-12],
        "dvar2": [9.98339510261e-06, 1.23295722005e-05, 4.3085760808e-06, 5.90433865e-06, 4.41599667056e-07, 5.6083877098e-08, 3.18950093003e-08, 6.23972709946e-07, 6.70488475407e-07, 7.00587250435e-08, 2.92782374345e-07, 1.7734372193e-07, 3.12677492786e-08, 3.58660940947e-08, 5.2716828236e-08, 2.14362714246e-08, 1.78697554531e-08, 7.5288166812e-09, 7.78393172141e-09, 1.79350738705e-08, 9.44136502312e-09, 1.25596333334e-09, 2.59486565568e-09, 1.70343761319e-09, 7.69848351734e-10, 4.75845418624e-10, 7.46698591847e-10, 2.65411692624e-10, 2.2956722634e-10, 1.79353476515e-10, 2.18379939132e-10, 1.37256622734e-10, 7.05812630564e-11, 7.15345699343e-11, 3.89421619951e-11, 3.58186917626e-11, 1.71111839975e-11, 1.1157869767e-11, 1.02576020594e-11, 3.38649464374e-12],
        "max": [0.0222861077636, 0.0327902548015, 0.0215194392949, 0.0190391018987, 0.00489430408925, 0.00145290000364, 0.00213270587847, 0.0055225379765, 0.00953361485153, 0.00411397358403, 0.00791900418699, 0.00574089959264, 0.00278695882298, 0.00151400442701, 0.0022323357407, 0.000866619171575, 0.00136821635533, 0.000942884944379, 0.000600027968176, 0.000716775655746, 0.000697838142514, 0.000369386427337, 0.000330451672198, 0.000275879719993, 0.000165673729498, 0.000123591831652, 0.000146755992319, 0.000120498865726, 9.13231560844e-05, 7.81719500083e-05, 7.7144431998e-05, 7.86380696809e-05, 9.43539052969e-05, 5.93098375248e-05, 4.099245416e-05, 3.63333601854e-05, 2.45079936576e-05, 2.24434934353e-05, 2.00778431463e-05, 1.82542953553e-05],
        "mean": [0.00163925311062, 0.000984550220892, 0.000837077386677, 0.000776530709118, 0.000318119564326, 9.93005232885e-05, 6.23453670414e-05, 0.000437687413068, 0.000285697547952, 9.78154275799e-05, 0.000140239397297, 0.000122919256683, 0.000119011376228, 6.76839845255e-05, 6.14838354522e-05, 4.99899397255e-05, 5.70111114939e-05, 5.14820021635e-05, 3.62202517863e-05, 4.27791601396e-05, 2.36246123677e-05, 1.60392683028e-05, 1.4014761291e-05, 1.38579980558e-05, 1.37391270982e-05, 1.00407514765e-05, 1.01308469311e-05, 9.71241206571e-06, 8.30712451716e-06, 5.49229116587e-06, 4.44651095677e-06, 4.72641340821e-06, 5.01965814692e-06, 3.90518607674e-06, 2.97020960716e-06, 2.17545698433e-06, 1.66223617271e-06, 1.48298136082e-06, 1.11057147478e-06, 7.111077025e-07],
        "median": [0.000537587271538, 0.000328409369104, 9.78607640718e-05, 7.3377181252e-05, 7.4013696576e-05, 2.80637377728e-05, 2.5162467864e-05, 9.73469796008e-05, 8.10854253359e-05, 3.11659277941e-05, 3.28884125338e-05, 2.06351796805e-05, 2.45858773269e-05, 1.69637278304e-05, 1.7903472326e-05, 1.57241047418e-05, 1.41600585266e-05, 1.26516406453e-05, 9.15551936487e-06, 8.2326851043e-06, 6.21281924396e-06, 5.52430401513e-06, 4.33567947766e-06, 4.46690137323e-06, 4.21855065724e-06, 3.45049807038e-06, 3.49102447217e-06, 3.39084749612e-06, 2.61697869064e-06, 1.71144074557e-06, 1.20607342069e-06, 1.25639894577e-06, 1.54374356498e-06, 1.25292183384e-06, 7.4356961477e-07, 4.38895909838e-07, 4.04019601774e-07, 3.76971541982e-07, 2.41343087737e-07, 1.66734210438e-07],
        "min": [5.9685358084e-24, 1.17422513722e-23, 8.20402561883e-24, 1.80554957304e-23, 1.31027106342e-23, 7.42104961596e-24, 1.66911939269e-23, 6.18234985144e-24, 1.06888475401e-23, 1.44093616938e-23, 1.35910668104e-23, 5.13223201948e-24, 5.40308543913e-24, 8.43818793449e-24, 1.1538950084e-23, 6.16460403095e-24, 8.07810369684e-24, 1.00142807472e-23, 1.95839058456e-23, 9.749280281e-24, 8.09906057564e-24, 9.72230044918e-24, 8.77560977607e-24, 1.01652000935e-23, 1.08508125169e-23, 1.24295385473e-23, 2.00497897413e-23, 1.55201393795e-23, 1.62339007265e-23, 6.30128207139e-24, 5.8513177832e-24, 7.42936342104e-24, 1.33646021995e-23, 9.02049034485e-24, 7.95019778966e-24, 1.00101881368e-23, 9.35051977088e-24, 7.14629882901e-24, 8.16964153856e-24, 1.07757382023e-23],
        "stdev": [0.00292049976997, 0.00213276245631, 0.0025691264309, 0.00225943303667, 0.000656846677884, 0.000180188406375, 0.000123944424558, 0.0008403158281, 0.000622566905804, 0.000250248500379, 0.000434291549027, 0.000395779323298, 0.000253443489783, 0.000135176800541, 0.000129277192173, 0.000104344304418, 0.000119779331726, 0.000105610612081, 7.04119447619e-05, 9.30128298933e-05, 5.48520038137e-05, 2.82339351543e-05, 2.89413655992e-05, 2.74988942692e-05, 2.23712158913e-05, 1.61209027283e-05, 1.70780567714e-05, 1.45134972627e-05, 1.26185086629e-05, 1.00903953353e-05, 8.73236604093e-06, 8.50304786582e-06, 8.34844286146e-06, 6.71338648317e-06, 5.6477238104e-06, 4.73870341011e-06, 3.23872745867e-06, 2.89991658065e-06, 2.40766871684e-06, 1.62369008194e-06],
        "var": [8.52931952977e-06, 4.54867540611e-06, 6.60041041556e-06, 5.1050374168e-06, 4.31447574556e-07, 3.24678595121e-08, 1.53622199406e-08, 7.06130663275e-07, 3.87589551565e-07, 6.26243163993e-08, 1.88609149632e-07, 1.56641263516e-07, 6.42336033252e-08, 1.82727664111e-08, 1.6712592199e-08, 1.08877342697e-08, 1.43470879621e-08, 1.11536015979e-08, 4.95784213683e-09, 8.65138716222e-09, 3.00874236636e-09, 7.97155119692e-10, 8.37602598391e-10, 7.5618916684e-10, 5.00471275533e-10, 2.59883503606e-10, 2.91660029461e-10, 2.10641601384e-10, 1.59226770657e-10, 1.01816083342e-10, 7.62542112787e-11, 7.23018242499e-11, 6.96964916336e-11, 4.50695591958e-11, 3.18967838253e-11, 2.24553119155e-11, 1.04893550443e-11, 8.40951613901e-12, 5.79686906116e-12, 2.63636963822e-12]
    },
    "melbands128": {
