{
"lowlevel": {
    "average_loudness": 0.929625809193,
    "barkbands_crest": {
        "dmean": 4.02368879318,
        "dmean2": 6.19688510895,
        "dvar": 13.1895046234,
        "dvar2": 27.5390586853,
        "max": 26.3022422791,
        "mean": 14.1545248032,
        "median": 14.0307388306,
        "min": 3.24466705322,
        "stdev": 6.30046987534,
        "var": 39.6959228516
    },
    "barkbands_flatness_db": {
        "dmean": 0.0435494109988,
        "dmean2": 0.0651198849082,
        "dvar": 0.0016519499477,
        "dvar2": 0.00332495197654,
        "max": 0.398842990398,
        "mean": 0.173880159855,
        "median": 0.158099979162,
        "min": 0.0351311936975,
        "stdev": 0.072005264461,
        "var": 0.0051847579889
    },
    "barkbands_kurtosis": {
        "dmean": 9.97542762756,
        "dmean2": 15.9854354858,
        "dvar": 300.420532227,
        "dvar2": 646.315429688,
        "max": 227.253997803,
        "mean": 9.20895385742,
        "median": 1.53551864624,
        "min": -1.90937101841,
        "stdev": 20.5689144135,
        "var": 423.080230713
    },
    "barkbands_skewness": {
        "dmean": 1.36001563072,
        "dmean2": 2.10714173317,
        "dvar": 1.90584349632,
        "dvar2": 4.15975427628,
        "max": 13.5421180725,
        "mean": 1.83403456211,
        "median": 1.41676843166,
        "min": -2.59948015213,
        "stdev": 2.07000732422,
        "var": 4.28493022919
    },
    "barkbands_spread": {
        "dmean": 10.8793649673,
        "dmean2": 17.3198509216,
        "dvar": 119.473526001,
        "dvar2": 266.564331055,
        "max": 97.6021652222,
        "mean": 23.7426605225,
        "median": 22.3196163177,
        "min": 0.706882476807,
        "stdev": 16.4754257202,
        "var": 271.43963623
    },
    "dissonance": {
        "dmean": 0.0208725873381,
        "dmean2": 0.0353014580905,
        "dvar": 0.00053995475173,
        "dvar2": 0.0013463459909,
        "max": 0.499897241592,
        "mean": 0.469270050526,
        "median": 0.477978557348,
        "min": 0.252751082182,
        "stdev": 0.0278413388878,
        "var": 0.000775140128098
    },
    "dynamic_complexity": 3.66518449783,
    "erbbands_crest": {
        "dmean": 3.61279606819,
        "dmean2": 5.76359796524,
        "dvar": 9.06717014313,
        "dvar2": 22.0382041931,
        "max": 25.1478099823,
        "mean": 10.434296608,
        "median": 9.3951587677,
        "min": 2.97030544281,
        "stdev": 4.38665819168,
        "var": 19.2427711487
    },
    "erbbands_flatness_db": {
        "dmean": 0.0328631848097,
        "dmean2": 0.0467871837318,
        "dvar": 0.000605261535384,
        "dvar2": 0.00130787212402,
        "max": 0.331324636936,
        "mean": 0.179362952709,
        "median": 0.17800731957,
        "min": 0.0737185105681,
        "stdev": 0.0497593283653,
        "var": 0.00247599091381
    },
    "erbbands_kurtosis": {
        "dmean": 2.62454414368,
        "dmean2": 4.24296283722,
        "dvar": 10.8568439484,
        "dvar2": 25.709859848,
        "max": 32.988697052,
        "mean": 1.99715864658,
        "median": 0.651527166367,
        "min": -1.94244086742,
        "stdev": 4.20539426804,
        "var": 17.6853427887
    },
    "erbbands_skewness": {
        "dmean": 0.810063421726,
        "dmean2": 1.15520262718,
        "dvar": 0.595767319202,
        "dvar2": 1.085516572,
        "max": 5.28095388412,
        "mean": -0.116397358477,
        "median": -0.22617469728,
        "min": -4.95109462738,
        "stdev": 1.36255061626,
        "var": 1.85654425621
    },
    "erbbands_spread": {
        "dmean": 16.4191093445,
        "dmean2": 26.2786083221,
        "dvar": 224.698379517,
        "dvar2": 582.340637207,
        "max": 126.349464417,
        "mean": 35.853263855,
        "median": 32.0686340332,
        "min": 6.30169868469,
        "stdev": 20.4087810516,
        "var": 416.518310547
    },
    "hfc": {
        "dmean": 11.9833984375,
        "dmean2": 16.5298805237,
        "dvar": 174.428939819,
        "dvar2": 329.007049561,
        "max": 104.81312561,
        "mean": 17.3687267303,
        "median": 10.3703308105,
        "min": 5.25594003875e-08,
        "stdev": 18.1226768494,
        "var": 328.431396484
    },
    "loudness_ebu128": {
        "integrated": -5.25200653076,
        "loudness_range": 2.93799448013,
        "momentary": {
            "dmean": 0.972812652588,
            "dmean2": 1.3910804987,
            "dvar": 2.60276389122,
            "dvar2": 1.49753665924,
            "max": -2.53683257103,
            "mean": -5.88819313049,
            "median": -5.30211448669,
            "min": -51.7975463867,
            "stdev": 3.61345076561,
            "var": 13.0570268631
        },
        "short_term": {
            "dmean": 0.11722573638,
            "dmean2": 0.169986382127,
            "dvar": 0.00892156455666,
            "dvar2": 0.0167507622391,
            "max": -3.77503538132,
            "mean": -5.35016441345,
            "median": -4.98302841187,
            "min": -9.68056488037,
            "stdev": 1.2745000124,
            "var": 1.62435042858
        }
    },
    "melbands_crest": {
        "dmean": 4.52538013458,
        "dmean2": 7.3019528389,
        "dvar": 18.6981430054,
        "dvar2": 47.0728683472,
        "max": 37.3657112122,
        "mean": 18.1384544373,
        "median": 18.8008136749,
        "min": 3.57189106941,
        "stdev": 7.15029001236,
        "var": 51.1266441345
    },
    "melbands_flatness_db": {
        "dmean": 0.0538489446044,
        "dmean2": 0.0790958404541,
        "dvar": 0.00260527501814,
        "dvar2": 0.00536048458889,
        "max": 0.518248260021,
        "mean": 0.238330349326,
        "median": 0.21954035759,
        "min": 0.0330843217671,
        "stdev": 0.0942377224565,
        "var": 0.0088807484135
    },
    "melbands_kurtosis": {
        "dmean": 24.8039741516,
        "dmean2": 40.4527359009,
        "dvar": 1508.95324707,
        "dvar2": 3433.86010742,
        "max": 413.206390381,
        "mean": 27.049156189,
        "median": 7.64679336548,
        "min": -1.91449224949,
        "stdev": 46.4033889771,
        "var": 2153.27441406
    },
    "melbands_skewness": {
        "dmean": 1.84132921696,
        "dmean2": 2.8774497509,
        "dvar": 3.39172124863,
        "dvar2": 7.66516256332,
        "max": 15.0869274139,
        "mean": 3.3309738636,
        "median": 2.48861646652,
        "min": -1.09835064411,
        "stdev": 2.8414940834,
        "var": 8.07408809662
    },
    "melbands_spread": {
        "dmean": 15.2057447433,
        "dmean2": 23.4148387909,
        "dvar": 311.610473633,
        "dvar2": 689.140136719,
        "max": 232.477508545,
        "mean": 28.2431869507,
        "median": 21.6256446838,
        "min": 0.66834628582,
        "stdev": 26.1872844696,
        "var": 685.773864746
    },
    "pitch_salience": {
        "dmean": 0.11934312433,
        "dmean2": 0.190021499991,
        "dvar": 0.013612116687,
        "dvar2": 0.0310399457812,
        "max": 0.934301614761,
        "mean": 0.473659336567,
        "median": 0.475751698017,
        "min": 0.0808640494943,
        "stdev": 0.17623129487,
        "var": 0.0310574714094
    },
    "silence_rate_20dB": {
        "dmean": 0,
        "dmean2": 0,
        "dvar": 0,
        "dvar2": 0,
        "max": 1,
        "mean": 1,
        "median": 1,
        "min": 1,
        "stdev": 0,
        "var": 0
    },
    "silence_rate_30dB": {
        "dmean": 0,
        "dmean2": 0,
        "dvar": 0,
        "dvar2": 0,
        "max": 1,
        "mean": 1,
        "median": 1,
        "min": 1,
        "stdev": 0,
        "var": 0
    },
    "silence_rate_60dB": {
        "dmean": 0.14628483355,
        "dmean2": 0.29279628396,
        "dvar": 0.124885052443,
        "dvar2": 0.28142413497,
        "max": 1,
        "mean": 0.14771848917,
        "median": 0,
        "min": 0,
        "stdev": 0.354819923639,
        "var": 0.125897169113
    },
    "spectral_centroid": {
        "dmean": 496.603607178,
        "dmean2": 724.854064941,
        "dvar": 288984.5625,
        "dvar2": 488732.90625,
        "max": 11015.7998047,
        "mean": 1557.44116211,
        "median": 1575.26342773,
        "min": 205.941665649,
        "stdev": 847.268066406,
        "var": 717863.1875
    },
    "spectral_complexity": {
        "dmean": 7.84752321243,
        "dmean2": 10.1944227219,
        "dvar": 53.7685928345,
        "dvar2": 87.6980209351,
        "max": 48,
        "mean": 14.1198759079,
        "median": 12,
        "min": 0,
        "stdev": 11.3360538483,
        "var": 128.506118774
    },
    "spectral_decrease": {
        "dmean": 3.7910821149e-09,
        "dmean2": 5.5468811766e-09,
        "dvar": 2.27920568433e-17,
        "dvar2": 5.0084869574e-17,
        "max": -1.57392320449e-17,
        "mean": -7.48048556432e-09,
        "median": -3.91663368404e-09,
        "min": -3.05994198868e-08,
        "stdev": 7.6699313567e-09,
        "var": 5.88278477026e-17
    },
    "spectral_energy": {
        "dmean": 0.0151123721153,
        "dmean2": 0.0219287201762,
        "dvar": 0.000347359338775,
        "dvar2": 0.000745296187233,
        "max": 0.119156248868,
        "mean": 0.0298084691167,
        "median": 0.0160800851882,
        "min": 7.39392991278e-11,
        "stdev": 0.0299599207938,
        "var": 0.000897596881259
    },
    "spectral_energyband_high": {
        "dmean": 0.000455327855889,
        "dmean2": 0.000700595555827,
        "dvar": 9.69932898442e-07,
        "dvar2": 2.33562764151e-06,
        "max": 0.0088358214125,
        "mean": 0.000465013668872,
        "median": 0.000135602225782,
        "min": 3.34475069169e-13,
        "stdev": 0.000990871572867,
        "var": 9.81826360658e-07
    },
    "spectral_energyband_low": {
        "dmean": 0.00682686734945,
        "dmean2": 0.0109310112894,
        "dvar": 0.000176402405486,
        "dvar2": 0.000427117833169,
        "max": 0.106142662466,
        "mean": 0.013729843311,
        "median": 0.00203728955239,
        "min": 8.12371264008e-12,
        "stdev": 0.0210481192917,
        "var": 0.000443023309344
    },
    "spectral_energyband_middle_high": {
        "dmean": 0.00438260287046,
        "dmean2": 0.0060233399272,
        "dvar": 2.68319654424e-05,
        "dvar2": 4.8174024414e-05,
        "max": 0.0383888632059,
        "mean": 0.00545711861923,
        "median": 0.00237091677263,
        "min": 3.29170132991e-12,
        "stdev": 0.00725093157962,
        "var": 5.25760115124e-05
    },
    "spectral_energyband_middle_low": {
        "dmean": 0.00792171433568,
        "dmean2": 0.0116977877915,
        "dvar": 0.000204506650334,
        "dvar2": 0.000431697000749,
        "max": 0.0945485755801,
        "mean": 0.0103391082957,
        "median": 0.00355088268407,
        "min": 5.55787837628e-13,
        "stdev": 0.0175410900265,
        "var": 0.000307689857436
    },
    "spectral_entropy": {
        "dmean": 0.290895104408,
        "dmean2": 0.424100160599,
        "dvar": 0.0905233621597,
        "dvar2": 0.166628867388,
        "max": 9.80542945862,
        "mean": 7.43488883972,
        "median": 7.52764940262,
        "min": 5.36092376709,
        "stdev": 0.548312723637,
        "var": 0.300646871328
    },
    "spectral_flux": {
        "dmean": 0.0423853360116,
        "dmean2": 0.0665585398674,
        "dvar": 0.00234668701887,
        "dvar2": 0.00502575188875,
        "max": 0.311135172844,
        "mean": 0.0962014868855,
        "median": 0.0838705152273,
        "min": 2.97337555821e-06,
        "stdev": 0.0618487596512,
        "var": 0.00382526917383
    },
    "spectral_kurtosis": {
        "dmean": 2.85097694397,
        "dmean2": 4.65559530258,
        "dvar": 9.10748386383,
        "dvar2": 22.7946987152,
        "max": 27.0735607147,
        "mean": 6.85020065308,
        "median": 6.06938266754,
        "min": -1.14774084091,
        "stdev": 4.07079362869,
        "var": 16.5713615417
    },
    "spectral_rms": {
        "dmean": 0.00144762580749,
        "dmean2": 0.00198183744214,
        "dvar": 2.3027696443e-06,
        "dvar2": 4.26101951234e-06,
        "max": 0.0107819288969,
        "mean": 0.0046018678695,
        "median": 0.0039607938379,
        "min": 2.68581260343e-07,
        "stdev": 0.00281145609915,
        "var": 7.90428475739e-06
    },
    "spectral_rolloff": {
        "dmean": 774.629760742,
        "dmean2": 1344.2989502,
        "dvar": 1163111.875,
        "dvar2": 2497512.5,
        "max": 11283.3984375,
        "mean": 1474.55126953,
        "median": 1335.05859375,
        "min": 21.533203125,
        "stdev": 1433.65563965,
        "var": 2055368.625
    },
    "spectral_skewness": {
        "dmean": 0.369687616825,
        "dmean2": 0.581538975239,
        "dvar": 0.129955813289,
        "dvar2": 0.326177984476,
        "max": 3.87811422348,
        "mean": 1.83421075344,
        "median": 1.76527893543,
        "min": 0.0421107672155,
        "stdev": 0.510778844357,
        "var": 0.260895013809
    },
    "spectral_spread": {
        "dmean": 937874.3125,
        "dmean2": 1411726.25,
        "dvar": 2.12732962406e+12,
        "dvar2": 2.94175401574e+12,
        "max": 39937652,
        "mean": 4235230.5,
        "median": 3753597.75,
        "min": 1474337.25,
        "stdev": 1923616.5,
        "var": 3.70030044774e+12
    },
    "spectral_strongpeak": {
        "dmean": 0.401723623276,
        "dmean2": 0.609400272369,
        "dvar": 0.414748668671,
        "dvar2": 0.999278366566,
        "max": 5.42777204514,
        "mean": 0.663870155811,
        "median": 0.487855881453,
        "min": 0,
        "stdev": 0.715991795063,
        "var": 0.512644290924
    },
    "zerocrossingrate": {
        "dmean": 0.0152935581282,
        "dmean2": 0.0181957576424,
        "dvar": 0.0002337249025,
        "dvar2": 0.000354259711457,
        "max": 0.32666015625,
        "mean": 0.0530164688826,
        "median": 0.046875,
        "min": 0.00146484375,
        "stdev": 0.03508226946,
        "var": 0.00123076571617
    },
    "barkbands": {
        "dmean": [0.000450828869361, 0.00551849324256, 0.00156267825514, 0.000944530358538, 0.00580949988216, 0.000700199103449, 0.000447996630101, 0.000329427130055, 0.000659216893837, 0.000455571920611, 0.000624643871561, 0.000756385619752, 0.000680546159856, 0.000614114978816, 0.000718741794117, 0.000283912202576, 0.000537455140147, 0.000641043356154, 0.000272255041637, 0.000105617655208, 9.7603922768e-05, 4.51307896583e-05, 4.64980730612e-05, 0.000126404236653, 9.58395321504e-05, 2.12754639506e-05, 2.22038534048e-06],
        "dmean2": [0.00080639513908, 0.008191277273, 0.0028683624696, 0.00173470610753, 0.00832188874483, 0.00126213161275, 0.000703798665199, 0.000540491484571, 0.00107108487282, 0.000718265771866, 0.000982559169643, 0.00125753262546, 0.00110224774107, 0.000928453926463, 0.00110595894512, 0.000434990535723, 0.000815451843664, 0.00093255052343, 0.000407561456086, 0.000162251002621, 0.000151221829583, 7.14839989087e-05, 7.32282569516e-05, 0.000201339178602, 0.000159754461492, 3.42584280588e-05, 3.85425937566e-06],
        "dvar": [5.98226392867e-07, 0.000118712487165, 2.23439546971e-05, 6.61781541567e-06, 0.000150559964823, 2.12133249988e-06, 4.7325693231e-07, 4.92231094995e-07, 1.5768606545e-06, 8.15653606878e-07, 1.77714741767e-06, 1.94617064153e-06, 1.42897454225e-06, 1.307589514e-06, 2.09257382267e-06, 2.8070735425e-07, 4.83485962377e-07, 1.15674856715e-06, 1.19499389939e-07, 2.02900043433e-08, 4.46659846887e-08, 1.02566009019e-08, 7.30069693589e-09, 1.18363139734e-07, 5.01516552731e-08, 3.10345216192e-09, 6.69467883907e-11],
        "dvar2": [1.72356044459e-06, 0.000249453645665, 6.3018524088e-05, 1.87851328519e-05, 0.000298280501738, 6.04523120273e-06, 1.04032858417e-06, 1.17537115329e-06, 3.51215294359e-06, 1.93106438928e-06, 3.96512587031e-06, 4.90177490065e-06, 3.28001897287e-06, 2.74834701486e-06, 4.46769672635e-06, 6.39744484943e-07, 1.04465425466e-06, 2.44267766902e-06, 2.54404994848e-07, 4.53671944456e-08, 1.09004822946e-07, 2.51571563581e-08, 1.80868422461e-08, 2.87098998797e-07, 1.26186307625e-07, 7.64894281247e-09, 1.79076309337e-10],
        "max": [0.00896157417446, 0.0858869105577, 0.0316280201077, 0.0202917568386, 0.091531381011, 0.011129533872, 0.00660040881485, 0.0127501245588, 0.01378902141, 0.013711983338, 0.0180589612573, 0.00950084161013, 0.0134925786406, 0.0105304960161, 0.0127214575186, 0.00662590330467, 0.00576505577192, 0.0108184358105, 0.00310525111854, 0.00132561242208, 0.00181914074346, 0.00103087315802, 0.000746221514419, 0.00353081221692, 0.00218416610733, 0.000736369169317, 0.000107292864413],
        "mean": [0.000451386615168, 0.0120990993455, 0.00106841966044, 0.000644929823466, 0.00752343190834, 0.000568073533941, 0.000470000872156, 0.00029965135036, 0.000691419001669, 0.000425657781307, 0.000603501568548, 0.000597082020249, 0.00061416067183, 0.000630882568657, 0.000699876341969, 0.000286751514068, 0.000602718384471, 0.000685502658598, 0.000310198578518, 0.000122849305626, 0.000101690595329, 4.7530640586e-05, 4.04379825341e-05, 0.000122959521832, 7.95558153186e-05, 1.90545870282e-05, 1.672377266e-06],
        "median": [0.000215380161535, 0.000687109539285, 9.36141368584e-05, 8.05201998446e-05, 0.000974864175078, 0.000155334040755, 0.000185398530448, 4.57799505966e-05, 6.28724446869e-05, 3.47822751792e-05, 3.04822551698e-05, 3.15070610668e-05, 4.01330398745e-05, 4.00267126679e-05, 4.6634060709e-05, 5.21590627613e-05, 0.000253920617979, 0.000173209264176, 0.000135682610562, 5.47720410395e-05, 1.95845805138e-05, 6.11770519754e-06, 5.59588488613e-06, 2.92188087769e-05, 1.47138334796e-05, 3.34613287123e-06, 1.67853343669e-07],
        "min": [3.6871612534e-13, 1.47862313214e-13, 1.85790984919e-14, 1.47803962808e-14, 3.43548059196e-14, 5.55901624646e-14, 6.35922385714e-14, 3.96724245523e-14, 7.70895866131e-14, 8.97425512267e-14, 3.34742846777e-14, 8.10268871313e-14, 9.4563029282e-14, 1.29824180784e-14, 1.74736513778e-13, 1.46004695421e-13, 3.63758807418e-15, 1.50574472053e-13, 3.82966065544e-13, 1.88943641549e-13, 9.68498285042e-14, 5.32826854741e-14, 1.1383630685e-14, 4.9344103395e-15, 2.72865141804e-15, 2.76569619223e-15, 2.38832374423e-16],
        "stdev": [0.00073536724085, 0.0194071065634, 0.00367809226736, 0.00196691998281, 0.0158569552004, 0.00119948282372, 0.000771531311329, 0.000746853242163, 0.00146095454693, 0.000939148536418, 0.00150583439972, 0.00130259525031, 0.00125439465046, 0.00137216516305, 0.00161220273003, 0.000591787567828, 0.000857916660607, 0.00130249152426, 0.000441631069407, 0.000172125102836, 0.000224343995797, 0.000106948515167, 8.47847331897e-05, 0.000331106042722, 0.000208545650821, 5.29251519765e-05, 6.92981620887e-06],
        "var": [5.40764972357e-07, 0.00037663578405, 1.3528362615e-05, 3.8687740016e-06, 0.000251443037996, 1.43875899994e-06, 5.95260587488e-07, 5.57789803679e-07, 2.13438806895e-06, 8.81999994817e-07, 2.2675371838e-06, 1.6967544525e-06, 1.5735058696e-06, 1.88283729585e-06, 2.59919761447e-06, 3.50212502553e-07, 7.36021036118e-07, 1.69648421888e-06, 1.95037998196e-07, 2.96270528111e-08, 5.03302288735e-08, 1.14379847815e-08, 7.18845116765e-09, 1.09631216105e-07, 4.34912905689e-08, 2.80107159689e-09, 4.80223534549e-11]
    },
    "erbbands": {
        "dmean": [0.156882554293, 1.27160584927, 2.14161872864, 2.61045336723, 13.8885450363, 19.9700107574, 5.74068546295, 6.27963876724, 6.08551120758, 6.04083585739, 9.98691272736, 12.0233850479, 16.8929309845, 16.5945835114, 27.5007705688, 30.314748764, 30.2024383545, 30.33061409, 41.2044143677, 23.6165447235, 17.1343975067, 33.0177726746, 39.6357803345, 16.3409061432, 10.885430336, 4.75275039673, 4.08413314819, 3.44192957878, 1.87159824371, 1.0936344862, 1.76351177692, 3.0549094677, 1.70055580139, 1.19948768616, 0.532646656036, 0.148988381028, 0.0365814901888, 0.00666694296524, 0.000260249973508, 2.31456069741e-05],
        "dmean2": [0.209978640079, 1.9427421093, 3.82455468178, 4.56862831116, 19.3623600006, 30.3444099426, 10.057182312, 11.2220859528, 9.59529399872, 9.76317310333, 15.7574672699, 19.7700691223, 26.3622703552, 26.8853759766, 43.1390609741, 49.4351768494, 49.3583145142, 44.4221572876, 62.5003929138, 35.5576934814, 24.9689426422, 49.6725997925, 57.2259407043, 24.1558876038, 16.0095882416, 7.07868337631, 6.31841945648, 5.26627159119, 2.96845889091, 1.65500891209, 2.85269117355, 4.970454216, 2.63592648506, 2.03812122345, 0.85574144125, 0.239595845342, 0.058965485543, 0.0109353009611, 0.000438242190285, 3.22774176311e-05],
        "dvar": [0.0695049390197, 7.99365711212, 43.3470001221, 41.8171539307, 839.108154297, 1857.59155273, 186.634414673, 162.655929565, 70.2281494141, 141.348129272, 492.172210693, 519.794067383, 1205.83422852, 1012.0423584, 4138.60742188, 2904.95068359, 2709.73706055, 3110.83032227, 6302.06542969, 2019.46166992, 818.445739746, 1779.78234863, 4393.49609375, 537.216308594, 178.869720459, 38.590171814, 73.9733505249, 54.8771896362, 19.7008113861, 4.44513130188, 12.1153059006, 86.7738418579, 12.4113092422, 5.60645437241, 2.68519115448, 0.210692077875, 0.00697576720268, 0.000370572757674, 8.92780349204e-07, 1.01499653127e-09],
        "dvar2": [0.15544937551, 17.1606006622, 120.881248474, 115.873435974, 1633.25830078, 3867.51831055, 507.274047852, 464.62411499, 156.686508179, 344.059387207, 1111.5456543, 1287.57104492, 2608.71679688, 2558.91333008, 9430.79980469, 7216.44482422, 6365.90136719, 6355.35107422, 13131.1025391, 4479.39794922, 1715.30285645, 3852.73242188, 9489.44335938, 1072.43615723, 375.823791504, 83.8645477295, 192.916931152, 127.172966003, 48.9164924622, 10.0908441544, 30.8856449127, 215.523529053, 28.7204437256, 14.6790761948, 6.57405900955, 0.511685788631, 0.0166271477938, 0.000957742275205, 2.38494021687e-06, 2.30340901908e-09],
        "max": [2.16680431366, 22.6662807465, 47.664894104, 48.3826408386, 227.814605713, 281.296417236, 87.1210784912, 118.272850037, 73.9605407715, 91.4013214111, 418.60357666, 320.324371338, 404.024810791, 272.459136963, 834.342712402, 366.348480225, 450.854705811, 622.406311035, 836.409790039, 493.138153076, 308.941864014, 373.298065186, 758.034423828, 204.453765869, 131.711761475, 66.228515625, 83.9645690918, 60.8117675781, 45.6145591736, 18.6601028442, 27.4221382141, 88.1579360962, 39.0661277771, 19.4454689026, 17.0425815582, 4.19080686569, 1.04026818275, 0.24970009923, 0.0134712317958, 0.000280305568594],
        "mean": [0.261112034321, 2.9660179615, 2.40864753723, 2.09414029121, 19.5995254517, 22.7318401337, 4.55054092407, 5.33107995987, 6.81258392334, 5.62895441055, 9.76041316986, 12.281042099, 17.3132667542, 15.0590057373, 26.4301376343, 24.6491374969, 27.2193908691, 32.2226753235, 40.1713371277, 23.6513271332, 18.9360523224, 37.304069519, 42.4535980225, 18.8921413422, 12.8194971085, 5.72462368011, 4.33681440353, 3.6234266758, 1.94709515572, 1.09443545341, 1.43000853062, 2.76505184174, 1.74126815796, 0.977675557137, 0.475300580263, 0.133607655764, 0.0318993590772, 0.00553788570687, 0.000211856211536, 4.03843296226e-05],
        "median": [0.0208493769169, 0.141414105892, 0.174129575491, 0.323273181915, 2.63095188141, 2.84432458878, 0.727937757969, 1.65576016903, 2.81579518318, 1.53004908562, 1.50780510902, 1.41836965084, 1.29211568832, 1.19813477993, 1.35429048538, 1.36427032948, 1.70183193684, 2.39209008217, 2.27470850945, 2.5487818718, 4.62899065018, 16.8629970551, 12.714140892, 6.97967672348, 6.39208507538, 2.73461699486, 1.26351678371, 0.609592795372, 0.240705162287, 0.151521474123, 0.194447144866, 0.50716227293, 0.489245980978, 0.221666172147, 0.0633298978209, 0.0183466896415, 0.00566582661122, 0.000864095112775, 3.85634048143e-05, 2.3510412575e-05],
        "min": [8.23104640002e-11, 1.35427450504e-11, 1.78176536025e-11, 3.67985260319e-11, 8.54866871736e-11, 1.38398292826e-10, 2.43509767905e-10, 4.28876156811e-10, 6.81120604362e-10, 9.29851196041e-10, 1.02556352299e-09, 2.11502815262e-09, 3.48208262224e-09, 3.69466723882e-09, 4.00745081564e-09, 4.24098844931e-09, 6.08723960127e-09, 7.21642656742e-09, 7.20089543549e-09, 1.0956850538e-08, 6.23993257065e-09, 2.07815786801e-09, 9.78056124978e-09, 2.03169374657e-08, 9.17955400581e-09, 1.2171300412e-08, 4.04757738437e-09, 3.72449115993e-09, 8.45013836681e-10, 1.57616886209e-09, 1.8557036463e-10, 1.87129742257e-10, 3.98312598182e-11, 1.12369315242e-11, 2.94026365755e-11, 2.05659898833e-11, 3.16335521146e-12, 6.09140776014e-13, 6.10431572911e-14, 8.63335756509e-14],
        "stdev": [0.404451906681, 4.93593740463, 5.84340047836, 5.18785619736, 39.9152679443, 50.4413299561, 11.3550739288, 10.5652799606, 10.0115251541, 11.5779285431, 24.4959011078, 24.5341815948, 39.0862197876, 30.4267692566, 70.7762298584, 51.6327896118, 52.8326568604, 68.2486343384, 89.531463623, 51.4642372131, 35.1915130615, 51.3305282593, 79.2907028198, 30.3221340179, 17.2113285065, 7.74786949158, 8.92431354523, 8.08688354492, 4.56338644028, 2.34230613708, 3.24806547165, 8.59314346313, 3.69431209564, 2.12069249153, 1.57356142998, 0.437871754169, 0.0810807794333, 0.0172309745103, 0.000801640329883, 4.31686385127e-05],
        "var": [0.163581356406, 24.3634796143, 34.1453285217, 26.9138507843, 1593.22851562, 2544.32763672, 128.937698364, 111.625144958, 100.230636597, 134.048431396, 600.049133301, 601.926086426, 1527.73254395, 925.788269043, 5009.27490234, 2665.94482422, 2791.28955078, 4657.87646484, 8015.88232422, 2648.56787109, 1238.44262695, 2634.82324219, 6287.01611328, 919.431762695, 296.229858398, 60.0294837952, 79.643371582, 65.3976821899, 20.8244972229, 5.48639774323, 10.5499296188, 73.8421173096, 13.6479415894, 4.49733686447, 2.47609567642, 0.191731661558, 0.00657409243286, 0.000296906509902, 6.42627185243e-07, 1.86353132925e-09]
    },
    "gfcc": {
        "mean": [-60.9301528931, 78.4802398682, -115.410346985, 35.526763916, -39.7152862549, 8.85988712311, -49.1118507385, 20.8134460449, -31.4587631226, -2.05063939095, -6.96318149567, -2.55402445793, -6.9147195816],
        "cov": [[18886.1582031, 643.76348877, -567.087768555, 393.046630859, -165.04498291, 957.643371582, 185.06842041, 70.5421066284, 22.3940086365, 112.103668213, -366.808410645, -14.2730751038, -111.230369568], [643.76348877, 1307.01098633, 293.470184326, -13.4761743546, 319.821838379, 54.8193817139, 80.9253540039, -213.116271973, -64.4362564087, -118.890235901, 50.1201820374, -111.203269958, 76.4747085571], [-567.087768555, 293.470184326, 1376.76635742, 678.77935791, 123.914634705, 12.0224962234, 99.4876861572, 17.4880867004, 130.857299805, 54.535900116, 102.542510986, 127.269859314, 2.72207093239], [393.046630859, -13.4761743546, 678.77935791, 841.283203125, 208.63482666, -80.1390686035, 35.0073814392, 141.051101685, 128.801925659, 63.2122993469, 193.407440186, 179.328659058, 19.1408538818], [-165.04498291, 319.821838379, 123.914634705, 208.63482666, 406.918243408, 153.014877319, 123.888679504, 12.0674209595, 52.3124084473, 42.1947517395, 107.609664917, 39.7335891724, 72.1146087646], [957.643371582, 54.8193817139, 12.0224962234, -80.1390686035, 153.014877319, 728.647583008, 379.930328369, -12.0049600601, 169.689102173, 231.5987854, -35.9735374451, 53.8837661743, 75.1683578491], [185.06842041, 80.9253540039, 99.4876861572, 35.0073814392, 123.888679504, 379.930328369, 373.302337646, 60.3559417725, 147.192001343, 155.270523071, 20.1395778656, 59.2655143738, 38.4126396179], [70.5421066284, -213.116271973, 17.4880867004, 141.051101685, 12.0674209595, -12.0049600601, 60.3559417725, 346.632080078, 167.266784668, 101.945205688, 101.372093201, 31.7294807434, 19.4958343506], [22.3940086365, -64.4362564087, 130.857299805, 128.801925659, 52.3124084473, 169.689102173, 147.192001343, 167.266784668, 253.484344482, 164.996276855, 51.2533798218, 52.4084701538, 31.2188644409], [112.103668213, -118.890235901, 54.535900116, 63.2122993469, 42.1947517395, 231.5987854, 155.270523071, 101.945205688, 164.996276855, 221.484451294, 62.3208732605, 67.3738937378, 29.0651416779], [-366.808410645, 50.1201820374, 102.542510986, 193.407440186, 107.609664917, -35.9735374451, 20.1395778656, 101.372093201, 51.2533798218, 62.3208732605, 201.639297485, 81.064125061, 22.2508411407], [-14.2730751038, -111.203269958, 127.269859314, 179.328659058, 39.7335891724, 53.8837661743, 59.2655143738, 31.7294807434, 52.4084701538, 67.3738937378, 81.064125061, 149.474502563, 2.41476583481], [-111.230369568, 76.4747085571, 2.72207093239, 19.1408538818, 72.1146087646, 75.1683578491, 38.4126396179, 19.4958343506, 31.2188644409, 29.0651416779, 22.2508411407, 2.41476583481, 81.0484237671]],
        "icov": [[0.00011933568021, -0.000330688519171, 0.000265326176304, -0.00047701242147, 0.000337249046424, -0.000437498500105, 0.000288702431135, -0.000385023653507, 0.000318955426337, -0.000191370141692, 0.000526038464159, -0.000171011852217, 0.000447463011369], [-0.000330688519171, 0.00269372109324, -0.00129210960586, 0.00188438186888, -0.00197764579207, 0.00136246171314, -0.0015268396819, 0.00245337560773, -0.00171625614166, 0.00199091015384, -0.0031033330597, 0.00235133967362, -0.00203860620968], [0.000265326176304, -0.00129210960586, 0.00213506654836, -0.00254663266242, 0.00144600390922, -0.00101471669041, 0.000435775902588, -0.00057494151406, 0.000374542811187, -0.000637966440991, 0.00160931458231, -0.000506366428453, 0.00135707936715], [-0.00047701242147, 0.00188438186888, -0.00254663266242, 0.00555853638798, -0.00306169432588, 0.00241462560371, -0.000862438755576, 0.00110962963663, -0.00204206816852, 0.00147829030175, -0.00293250521645, -0.00142300478183, -0.00192937394604], [0.000337249046424, -0.00197764579207, 0.00144600390922, -0.00306169432588, 0.00610213447362, -0.00230967230164, 0.000237798158196, -0.000905572611373, 0.00103932491038, 0.000143015524372, -0.000167756123119, -1.70721104951e-05, -0.000583949498832], [-0.000437498500105, 0.00136246171314, -0.00101471669041, 0.00241462560371, -0.00230967230164, 0.00626061623916, -0.00418336177245, 0.0025442703627, -0.00127879227512, -0.00243248278275, 5.29129602e-06, 1.20847198559e-05, -0.00343973003328], [0.000288702431135, -0.0015268396819, 0.000435775902588, -0.000862438755576, 0.000237798158196, -0.00418336177245, 0.00784146599472, -0.00242548226379, 0.000113769499876, -0.00117384328041, 0.00204285117798, -0.0022522485815, 0.00244460627437], [-0.000385023653507, 0.00245337560773, -0.00057494151406, 0.00110962963663, -0.000905572611373, 0.0025442703627, -0.00242548226379, 0.0081156399101, -0.00549938576296, 0.00163354573306, -0.00524843577296, 0.0035890955478, -0.00257619703189], [0.000318955426337, -0.00171625614166, 0.000374542811187, -0.00204206816852, 0.00103932491038, -0.00127879227512, 0.000113769499876, -0.00549938576296, 0.0125831672922, -0.00727685913444, 0.00421712687239, -0.00123865203932, 0.000698859046679], [-0.000191370141692, 0.00199091015384, -0.000637966440991, 0.00147829030175, 0.000143015524372, -0.00243248278275, -0.00117384328041, 0.00163354573306, -0.00727685913444, 0.0152129391208, -0.0059144385159, 0.000111499175546, -0.00120894692373], [0.000526038464159, -0.0031033330597, 0.00160931458231, -0.00293250521645, -0.000167756123119, 5.29129602e-06, 0.00204285117798, -0.00524843577296, 0.00421712687239, -0.0059144385159, 0.0143717620522, -0.00639442307875, 0.00146883202251], [-0.000171011852217, 0.00235133967362, -0.000506366428453, -0.00142300478183, -1.70721104951e-05, 1.20847198559e-05, -0.0022522485815, 0.0035890955478, -0.00123865203932, 0.000111499175546, -0.00639442307875, 0.0145468106493, -0.000132956920424], [0.000447463011369, -0.00203860620968, 0.00135707936715, -0.00192937394604, -0.000583949498832, -0.00343973003328, 0.00244460627437, -0.00257619703189, 0.000698859046679, -0.00120894692373, 0.00146883202251, -0.000132956920424, 0.0182219408453]]
    },
    "melbands": {
        "dmean": [0.00149601139128, 0.00122266204562, 0.00067460781429, 0.00150149641559, 0.000276558945188, 0.0001376310247, 9.29882080527e-05, 6.14524979028e-05, 9.44946295931e-05, 7.93476647232e-05, 8.52159209899e-05, 6.57828859403e-05, 8.56804399518e-05, 8.3622377133e-05, 7.76822707849e-05, 7.04649137333e-05, 5.24940041942e-05, 6.97281429893e-05, 4.69067126687e-05, 2.12042341445e-05, 2.05981523322e-05, 3.35534678015e-05, 4.13370034948e-05, 2.68664643954e-05, 1.25468068291e-05, 1.03615711851e-05, 5.03472074342e-06, 2.82651649286e-06, 2.60236970462e-06, 2.32251659327e-06, 1.92107745534e-06, 1.13143369163e-06, 7.49892876684e-07, 5.13692214099e-07, 1.03936019968e-06, 1.01447392353e-06, 2.27011787501e-06, 1.23393863305e-06, 1.21745631532e-06, 8.6697690449e-07],
        "dmean2": [0.00206128251739, 0.00209544459358, 0.00105360848829, 0.00214842846617, 0.000470780098112, 0.000244413386099, 0.000145733720274, 9.97112510959e-05, 0.000147935628775, 0.000130120039103, 0.000133910842123, 0.000108246036689, 0.00013472653518, 0.000137909068144, 0.000129658583319, 0.000111874884169, 7.78249523137e-05, 0.00010657790699, 7.22625045455e-05, 3.2824347727e-05, 3.02655134874e-05, 5.13853738084e-05, 6.1315644416e-05, 3.93695590901e-05, 1.92240804608e-05, 1.56589048856e-05, 7.47530157241e-06, 4.36951449956e-06, 4.09622725783e-06, 3.63370213563e-06, 2.90211050924e-06, 1.82190910891e-06, 1.18989669318e-06, 7.80373738962e-07, 1.72134468812e-06, 1.6133662939e-06, 3.72538397642e-06, 1.89470347323e-06, 2.0158611278e-06, 1.49319555476e-06],
        "dvar": [6.87498641128e-06, 1.07633632069e-05, 1.91529034055e-06, 1.04630216811e-05, 4.0605809204e-07, 7.40598551374e-08, 1.71748624211e-08, 1.43205278746e-08, 4.60525946266e-08, 2.29538859031e-08, 3.13016776943e-08, 1.59113007214e-08, 3.87558607429e-08, 2.6551875365e-08, 2.13941682148e-08, 1.60669895166e-08, 9.90750326224e-09, 1.82552302164e-08, 8.79496209194e-09, 1.83258408448e-09, 1.24384169631e-09, 2.1341874934e-09, 3.39313288578e-09, 2.40902320314e-09, 3.3235939001e-10, 1.81732254245e-10, 4.65524459259e-11, 1.54761758964e-11, 3.00161492883e-11, 2.64402250094e-11, 1.66789793782e-11, 7.24474777045e-12, 2.86488194279e-12, 9.61808757638e-13, 4.19602937465e-12, 5.83155052025e-12, 5.14306340571e-11, 7.53550173649e-12, 4.52609260834e-12, 3.39186708234e-12],
        "dvar2": [1.38072700793e-05, 2.83469998976e-05, 4.85133341499e-06, 2.04568696063e-05, 1.07598202703e-06, 2.12017411627e-07, 3.74593831509e-08, 3.5249765773e-08, 1.04339072493e-07, 5.47723502109e-08, 6.80375720208e-08, 4.04415949617e-08, 8.41792768824e-08, 6.54084502116e-08, 5.45610241431e-08, 3.48821238561e-08, 2.04163139728e-08, 3.85848970552e-08, 1.8849236838e-08, 4.42535297296e-09, 2.61785904065e-09, 4.68841232504e-09, 7.30105487179e-09, 4.94456742217e-09, 7.06502911729e-10, 4.00149274826e-10, 9.9787782204e-11, 3.50102169477e-11, 7.9132270181e-11, 6.55066487165e-11, 3.86748237602e-11, 1.81180122988e-11, 7.16987927363e-12, 2.11580861338e-12, 1.09516675242e-11, 1.42893830449e-11, 1.29290814166e-10, 1.80171745578e-11, 1.15399348063e-11, 8.92889408244e-12],
        "max": [0.0228662602603, 0.0263308566064, 0.00937497802079, 0.0247586853802, 0.00375328259543, 0.00240206439048, 0.00111118343193, 0.00096336385468, 0.00381249398924, 0.00175810651854, 0.00214790250175, 0.00123427424114, 0.00276265502907, 0.00126568996347, 0.000999930780381, 0.00167132308707, 0.00106020586099, 0.00140216806903, 0.000836540828459, 0.000568018236663, 0.000396428629756, 0.000426827813499, 0.000447291822638, 0.000534582533874, 0.000170302490005, 0.000133402470965, 6.44773681415e-05, 4.54668916063e-05, 5.625751146e-05, 4.08836822317e-05, 3.97333642468e-05, 2.74280810117e-05, 1.86948363989e-05, 1.02171416074e-05, 1.64022512763e-05, 2.05568649108e-05, 6.89394364599e-05, 3.16950099659e-05, 1.79385788215e-05, 1.69537906913e-05],
        "mean": [0.00308438763022, 0.002211390296, 0.000764804834034, 0.00193097034935, 0.000220801943215, 0.00011876825738, 0.00010260369163, 5.56565864827e-05, 9.07163557713e-05, 8.22894871817e-05, 8.65767360665e-05, 5.70406664337e-05, 8.56770129758e-05, 6.80830416968e-05, 6.16380493739e-05, 6.65815314278e-05, 5.59021573281e-05, 6.61724116071e-05, 4.61807685497e-05, 2.04114148801e-05, 2.18646873691e-05, 3.68474429706e-05, 4.39329851361e-05, 2.8965598176e-05, 1.38044479172e-05, 1.14232652777e-05, 6.09291964793e-06, 3.17920762427e-06, 2.77295885098e-06, 2.30191358241e-06, 2.01990133064e-06, 1.16430680919e-06, 7.13783663286e-07, 5.28864234184e-07, 7.94401955773e-07, 9.20142667837e-07, 2.01616512641e-06, 1.26235875086e-06, 1.06786183096e-06, 6.87419628775e-07],
        "median": [0.00023339613108, 0.000163252072525, 0.00012228358537, 0.000228925826377, 3.37936617143e-05, 3.8494112232e-05, 4.23973360739e-05, 1.33755593197e-05, 1.06118650365e-05, 7.88061515777e-06, 6.00681460128e-06, 4.76745253764e-06, 4.19164916821e-06, 3.52995107278e-06, 3.2010459563e-06, 4.51235291621e-06, 3.99816235586e-06, 3.41248642144e-06, 3.54977737516e-06, 2.74078365692e-06, 4.71654038847e-06, 1.44048417496e-05, 1.53310847963e-05, 7.02019497112e-06, 4.9455466069e-06, 5.19391869602e-06, 2.60179695033e-06, 1.43893180393e-06, 8.08094341664e-07, 4.65062754529e-07, 2.70790877721e-07, 1.30616726324e-07, 8.7321780029e-08, 7.49123358901e-08, 7.9116723839e-08, 1.61684212685e-07, 3.39409638173e-07, 3.36180534077e-07, 2.91254906415e-07, 1.36463611966e-07],
        "min": [7.19007535802e-13, 6.42268322673e-15, 7.60215373589e-15, 8.1745413322e-15, 9.00724502308e-15, 1.1836902579e-14, 1.05128376165e-14, 9.26449570543e-15, 9.11113615516e-15, 1.27080488602e-14, 1.55495665714e-14, 1.50592496914e-14, 9.39509463337e-15, 9.0130683746e-15, 1.11539814182e-14, 1.14509520166e-14, 1.20932647238e-14, 3.25073796277e-15, 1.57637490165e-14, 1.32895564602e-14, 2.0867450749e-15, 1.11236681208e-16, 1.06703188291e-14, 3.22166630972e-15, 1.28123431799e-14, 1.27936440806e-14, 2.33621364204e-15, 9.15805585121e-15, 1.15949906045e-15, 4.94601596143e-15, 1.32210969281e-15, 5.11944489859e-16, 6.86081970079e-16, 8.071087375e-16, 3.41676845095e-17, 1.10492628938e-16, 1.35098591948e-16, 3.08858421205e-17, 6.28924817109e-18, 6.51529471222e-18],
        "stdev": [0.00478002801538, 0.00399642297998, 0.00143288658001, 0.00417405506596, 0.000549636955839, 0.000229524579481, 0.000154345791088, 0.000117338175187, 0.000236011110246, 0.000170727085788, 0.000197741654119, 0.000119031152281, 0.000224650575547, 0.000157597431098, 0.000133078632643, 0.000140207877848, 0.000121648758068, 0.000150365231093, 0.000106332976429, 4.526232442e-05, 4.28149869549e-05, 5.58938845643e-05, 6.93099209457e-05, 5.97577491135e-05, 2.2634601919e-05, 1.63788990903e-05, 8.70753774507e-06, 4.5923993639e-06, 5.80815913054e-06, 5.13089798915e-06, 4.60697492599e-06, 2.79222444988e-06, 1.67355278791e-06, 1.13068995233e-06, 1.8445338128e-06, 2.32247816712e-06, 6.5176109274e-06, 2.82302335108e-06, 2.02734486265e-06, 1.61414823197e-06],
        "var": [2.28486696869e-05, 1.59713981702e-05, 2.053164053e-06, 1.74227352545e-05, 3.02100772842e-07, 5.26815355784e-08, 2.38226220972e-08, 1.3768246987e-08, 5.57012427294e-08, 2.91477366687e-08, 3.91017600521e-08, 1.41684148858e-08, 5.04678823177e-08, 2.48369520506e-08, 1.77099206411e-08, 1.96582501388e-08, 1.47984211551e-08, 2.26097025546e-08, 1.1306701353e-08, 2.048677894e-09, 1.83312298674e-09, 3.12412651304e-09, 4.80386486146e-09, 3.57098861592e-09, 5.12325237789e-10, 2.68268324222e-10, 7.58212104213e-11, 2.10901331121e-11, 3.37347129398e-11, 2.63261131644e-11, 2.12242185632e-11, 7.79651777166e-12, 2.80077892302e-12, 1.27845975993e-12, 3.40230513034e-12, 5.39390450707e-12, 4.24792492848e-11, 7.9694610286e-12, 4.11012716917e-12, 2.6054746468e-12]
    },
    "melbands128": {
