{
"lowlevel": {
    "average_loudness": 0.986015915871,
    "barkbands_crest": {
        "dmean": 2.27665925026,
        "dmean2": 3.7975897789,
        "dvar": 4.71724033356,
        "dvar2": 12.5848140717,
        "max": 22.337392807,
        "mean": 7.99163532257,
        "median": 7.43756055832,
        "min": 2.51295423508,
        "stdev": 3.22211623192,
        "var": 10.3820333481
    },
    "barkbands_flatness_db": {
        "dmean": 0.014902564697,
        "dmean2": 0.0239437166601,
        "dvar": 0.000273472134722,
        "dvar2": 0.000705280690454,
        "max": 0.242179080844,
        "mean": 0.0767058432102,
        "median": 0.0706581100821,
        "min": 0.0246301386505,
        "stdev": 0.0321364440024,
        "var": 0.00103275093716
    },
    "barkbands_kurtosis": {
        "dmean": 1.00662112236,
        "dmean2": 1.75467407703,
        "dvar": 3.43680691719,
        "dvar2": 9.14186382294,
        "max": 20.2335128784,
        "mean": 0.378586560488,
        "median": -0.0336883068085,
        "min": -1.75064814091,
        "stdev": 1.87320435047,
        "var": 3.50889468193
    },
    "barkbands_skewness": {
        "dmean": 0.360892355442,
        "dmean2": 0.604415237904,
        "dvar": 0.211265966296,
        "dvar2": 0.565021038055,
        "max": 4.41206693649,
        "mean": 0.741667449474,
        "median": 0.648193061352,
        "min": -1.50346124172,
        "stdev": 0.620652914047,
        "var": 0.385210007429
    },
    "barkbands_spread": {
        "dmean": 5.36131811142,
        "dmean2": 8.67094421387,
        "dvar": 36.4586791992,
        "dvar2": 84.5776672363,
        "max": 95.9280395508,
        "mean": 32.2979431152,
        "median": 30.79545784,
        "min": 9.27970981598,
        "stdev": 11.1224269867,
        "var": 123.708381653
    },
    "dissonance": {
        "dmean": 0.0146988537163,
        "dmean2": 0.0246092565358,
        "dvar": 0.00021777638176,
        "dvar2": 0.000562343106139,
        "max": 0.499707788229,
        "mean": 0.470608443022,
        "median": 0.475738853216,
        "min": 0.320725679398,
        "stdev": 0.0209529940039,
        "var": 0.000439027993707
    },
    "dynamic_complexity": 1.29109060764,
    "erbbands_crest": {
        "dmean": 2.41516494751,
        "dmean2": 3.88336706161,
        "dvar": 4.74513912201,
        "dvar2": 11.4846801758,
        "max": 27.4455318451,
        "mean": 9.77976036072,
        "median": 8.95616340637,
        "min": 2.48101782799,
        "stdev": 4.63577651978,
        "var": 21.4904251099
    },
    "erbbands_flatness_db": {
        "dmean": 0.0120826568455,
        "dmean2": 0.0188287701458,
        "dvar": 0.000122873403598,
        "dvar2": 0.00027212916757,
        "max": 0.338036805391,
        "mean": 0.128531381488,
        "median": 0.124027840793,
        "min": 0.0557325445116,
        "stdev": 0.0352185070515,
        "var": 0.00124034332111
    },
    "erbbands_kurtosis": {
        "dmean": 0.67683172226,
        "dmean2": 1.09977841377,
        "dvar": 0.559725701809,
        "dvar2": 1.39466583729,
        "max": 8.43855953217,
        "mean": 0.668914496899,
        "median": 0.318210363388,
        "min": -1.39955163002,
        "stdev": 1.40559375286,
        "var": 1.97569394112
    },
    "erbbands_skewness": {
        "dmean": 0.263835221529,
        "dmean2": 0.411948531866,
        "dvar": 0.0501969456673,
        "dvar2": 0.12188603729,
        "max": 2.1158592701,
        "mean": 0.291210025549,
        "median": 0.264991313219,
        "min": -1.40311861038,
        "stdev": 0.585015416145,
        "var": 0.342243045568
    },
    "erbbands_spread": {
        "dmean": 5.70757389069,
        "dmean2": 9.19797229767,
        "dvar": 38.5807266235,
        "dvar2": 98.6581039429,
        "max": 85.7921142578,
        "mean": 33.0177116394,
        "median": 30.9920101166,
        "min": 9.74376583099,
        "stdev": 12.5709085464,
        "var": 158.027740479
    },
    "hfc": {
        "dmean": 7.71019887924,
        "dmean2": 11.6235933304,
        "dvar": 87.4949493408,
        "dvar2": 165.437774658,
        "max": 174.432189941,
        "mean": 47.6265983582,
        "median": 47.4596557617,
        "min": 5.72519502384e-06,
        "stdev": 18.4867324829,
        "var": 341.759307861
    },
    "loudness_ebu128": {
        "integrated": -5.66329288483,
        "loudness_range": 0.327274799347,
        "momentary": {
            "dmean": 0.390554487705,
            "dmean2": 0.541659772396,
            "dvar": 4.6532087326,
            "dvar2": 11.7725954056,
            "max": -4.87929916382,
            "mean": -6.00544977188,
            "median": -5.55906629562,
            "min": -43.8477478027,
            "stdev": 2.73968672752,
            "var": 7.50588321686
        },
        "short_term": {
            "dmean": 0.0231159348041,
            "dmean2": 0.0192449036986,
            "dvar": 0.00100613827817,
            "dvar2": 0.000290008145384,
            "max": -5.37239360809,
            "mean": -5.62729883194,
            "median": -5.59347295761,
            "min": -7.46800708771,
            "stdev": 0.24508009851,
            "var": 0.060064252466
        }
    },
    "melbands_crest": {
        "dmean": 3.08849835396,
        "dmean2": 5.19594049454,
        "dvar": 8.41227436066,
        "dvar2": 22.4662303925,
        "max": 29.4555358887,
        "mean": 11.5206184387,
        "median": 10.5489664078,
        "min": 4.5488743782,
        "stdev": 4.18537425995,
        "var": 17.5173587799
    },
    "melbands_flatness_db": {
        "dmean": 0.0201875455678,
        "dmean2": 0.0324433222413,
        "dvar": 0.000511100166477,
        "dvar2": 0.00130862859078,
        "max": 0.291976362467,
        "mean": 0.135476186872,
        "median": 0.129731699824,
        "min": 0.0313406102359,
        "stdev": 0.0397972539067,
        "var": 0.00158382148948
    },
    "melbands_kurtosis": {
        "dmean": 3.1030087471,
        "dmean2": 5.35914373398,
        "dvar": 40.6738777161,
        "dvar2": 108.716011047,
        "max": 72.3821640015,
        "mean": 4.03340387344,
        "median": 2.06619930267,
        "min": -1.21734321117,
        "stdev": 6.69692993164,
        "var": 44.8488693237
    },
    "melbands_skewness": {
        "dmean": 0.552953004837,
        "dmean2": 0.913083076477,
        "dvar": 0.549697697163,
        "dvar2": 1.4663490057,
        "max": 7.69681596756,
        "mean": 1.5909487009,
        "median": 1.3998541832,
        "min": -0.523434996605,
        "stdev": 1.05608713627,
        "var": 1.11531996727
    },
    "melbands_spread": {
        "dmean": 7.42375802994,
        "dmean2": 12.032450676,
        "dvar": 72.8229217529,
        "dvar2": 176.463287354,
        "max": 190.236602783,
        "mean": 37.7480354309,
        "median": 36.8355712891,
        "min": 4.87902593613,
        "stdev": 14.271484375,
        "var": 203.67527771
    },
    "pitch_salience": {
        "dmean": 0.0612484179437,
        "dmean2": 0.101392500103,
        "dvar": 0.00326232006773,
        "dvar2": 0.00862064771354,
        "max": 0.838482439518,
        "mean": 0.541241288185,
        "median": 0.541731476784,
        "min": 0.224403873086,
        "stdev": 0.0898206084967,
        "var": 0.00806774199009
    },
    "silence_rate_20dB": {
        "dmean": 0,
        "dmean2": 0,
        "dvar": 0,
        "dvar2": 0,
        "max": 1,
        "mean": 1,
        "median": 1,
        "min": 1,
        "stdev": 0,
        "var": 0
    },
    "silence_rate_30dB": {
        "dmean": 0,
        "dmean2": 0,
        "dvar": 0,
        "dvar2": 0,
        "max": 1,
        "mean": 1,
        "median": 1,
        "min": 1,
        "stdev": 0,
        "var": 0
    },
    "silence_rate_60dB": {
        "dmean": 0.00232198135927,
        "dmean2": 0.00464755995199,
        "dvar": 0.00231667747721,
        "dvar2": 0.00462582474574,
        "max": 1,
        "mean": 0.0262954365462,
        "median": 0,
        "min": 0,
        "stdev": 0.160009518266,
        "var": 0.0256030447781
    },
    "spectral_centroid": {
        "dmean": 198.871536255,
        "dmean2": 326.561981201,
        "dvar": 35752.5585938,
        "dvar2": 89378.7578125,
        "max": 3762.3527832,
        "mean": 1814.10205078,
        "median": 1777.69055176,
        "min": 818.359130859,
        "stdev": 370.90713501,
        "var": 137572.09375
    },
    "spectral_complexity": {
        "dmean": 3.83823537827,
        "dmean2": 6.17815637589,
        "dvar": 12.3229541779,
        "dvar2": 27.8644695282,
        "max": 55,
        "mean": 33.1956672668,
        "median": 33,
        "min": 0,
        "stdev": 8.13543224335,
        "var": 66.1852645874
    },
    "spectral_decrease": {
        "dmean": 2.89233814676e-09,
        "dmean2": 4.8990633772e-09,
        "dvar": 1.84613262765e-17,
        "dvar2": 5.17021300942e-17,
        "max": -1.27387593102e-15,
        "mean": -1.03656487838e-08,
        "median": -9.77508118893e-09,
        "min": -3.56399283419e-08,
        "stdev": 4.72576600075e-09,
        "var": 2.23328640699e-17
    },
    "spectral_energy": {
        "dmean": 0.011245412752,
        "dmean2": 0.0189688298851,
        "dvar": 0.000265224400209,
        "dvar2": 0.000742345990147,
        "max": 0.138303026557,
        "mean": 0.0434422232211,
        "median": 0.0416002683342,
        "min": 5.32720179081e-09,
        "stdev": 0.0182130392641,
        "var": 0.00033171477844
    },
    "spectral_energyband_high": {
        "dmean": 0.000527119089384,
        "dmean2": 0.000757708447054,
        "dvar": 7.16152840141e-07,
        "dvar2": 1.31398678604e-06,
        "max": 0.0159483924508,
        "mean": 0.00216611335054,
        "median": 0.00180417310912,
        "min": 6.7336736187e-10,
        "stdev": 0.00164663267788,
        "var": 2.71139924735e-06
    },
    "spectral_energyband_low": {
        "dmean": 0.00931727793068,
        "dmean2": 0.0160898007452,
        "dvar": 0.000304420973407,
        "dvar2": 0.000858352112118,
        "max": 0.118607275188,
        "mean": 0.0142479119822,
        "median": 0.00939628668129,
        "min": 1.22740806408e-09,
        "stdev": 0.0169782526791,
        "var": 0.000288261071546
    },
    "spectral_energyband_middle_high": {
        "dmean": 0.00337135721929,
        "dmean2": 0.00522815808654,
        "dvar": 1.21789353216e-05,
        "dvar2": 2.71656244877e-05,
        "max": 0.0425755344331,
        "mean": 0.0149709712714,
        "median": 0.0135521134362,
        "min": 8.40077951647e-10,
        "stdev": 0.00799062754959,
        "var": 6.38501296635e-05
    },
    "spectral_energyband_middle_low": {
        "dmean": 0.00395006965846,
        "dmean2": 0.00643038377166,
        "dvar": 1.66561385413e-05,
        "dvar2": 4.1626746679e-05,
        "max": 0.0435917004943,
        "mean": 0.0134018026292,
        "median": 0.0121957845986,
        "min": 2.4794113429e-09,
        "stdev": 0.00719643058255,
        "var": 5.17886110174e-05
    },
    "spectral_entropy": {
        "dmean": 0.0800076797605,
        "dmean2": 0.119586721063,
        "dvar": 0.00639195553958,
        "dvar2": 0.0114755146205,
        "max": 8.68239974976,
        "mean": 7.91635799408,
        "median": 7.92675638199,
        "min": 6.82488632202,
        "stdev": 0.216670408845,
        "var": 0.0469460636377
    },
    "spectral_flux": {
        "dmean": 0.0248208269477,
        "dmean2": 0.0404346175492,
        "dvar": 0.000951974652708,
        "dvar2": 0.00193528016098,
        "max": 0.315706163645,
        "mean": 0.109014466405,
        "median": 0.103611439466,
        "min": 7.2987684689e-05,
        "stdev": 0.0427123270929,
        "var": 0.00182434299495
    },
    "spectral_kurtosis": {
        "dmean": 0.742288410664,
        "dmean2": 1.25898957253,
        "dvar": 2.36871218681,
        "dvar2": 7.83149623871,
        "max": 23.7882003784,
        "mean": 3.66142201424,
        "median": 3.60704135895,
        "min": -0.20943236351,
        "stdev": 1.59470391273,
        "var": 2.54308056831
    },
    "spectral_rms": {
        "dmean": 0.00078314775601,
        "dmean2": 0.00129845528863,
        "dvar": 9.55030714067e-07,
        "dvar2": 2.58879299508e-06,
        "max": 0.0116159282625,
        "mean": 0.00632953643799,
        "median": 0.0063706850633,
        "min": 2.27975215239e-06,
        "stdev": 0.00152303569485,
        "var": 2.31963758779e-06
    },
    "spectral_rolloff": {
        "dmean": 479.747192383,
        "dmean2": 785.202941895,
        "dvar": 534072.25,
        "dvar2": 1093722.25,
        "max": 11843.2617188,
        "mean": 2091.54052734,
        "median": 1830.32226562,
        "min": 107.666015625,
        "stdev": 1310.72814941,
        "var": 1718008.25
    },
    "spectral_skewness": {
        "dmean": 0.118513666093,
        "dmean2": 0.197909399867,
        "dvar": 0.0279656276107,
        "dvar2": 0.088238760829,
        "max": 3.50257563591,
        "mean": 1.50788486004,
        "median": 1.53373622894,
        "min": 0.633782207966,
        "stdev": 0.203474134207,
        "var": 0.0414017252624
    },
    "spectral_spread": {
        "dmean": 368929.4375,
        "dmean2": 548211.5625,
        "dvar": 373770551296,
        "dvar2": 526770274304,
        "max": 20129372,
        "mean": 5344165.5,
        "median": 5283086,
        "min": 1407805.75,
        "stdev": 993649.0625,
        "var": 987338506240
    },
    "spectral_strongpeak": {
        "dmean": 0.964507043362,
        "dmean2": 1.69166338444,
        "dvar": 1.71562421322,
        "dvar2": 4.10364437103,
        "max": 8.30341339111,
        "mean": 1.94039905071,
        "median": 0.875511288643,
        "min": 0,
        "stdev": 1.94369876385,
        "var": 3.77796506882
    },
    "zerocrossingrate": {
        "dmean": 0.0101775648072,
        "dmean2": 0.0123912245035,
        "dvar": 0.000120954020531,
        "dvar2": 0.00013372534886,
        "max": 0.3291015625,
        "mean": 0.088214635849,
        "median": 0.083984375,
        "min": 0.02099609375,
        "stdev": 0.0321876108646,
        "var": 0.00103604234755
    },
    "barkbands": {
        "dmean": [0.000194414737052, 0.00598485441878, 0.00410805409774, 0.00126462662593, 0.00186933914665, 0.000797775515821, 0.000534484162927, 0.000826788134873, 0.00142240896821, 0.000985989230685, 0.00130510400049, 0.000692241301294, 0.00082687579561, 0.000719492556527, 0.000778315763455, 0.000613504846115, 0.000525018724147, 0.000311926472932, 0.000311100942781, 0.000254351849435, 0.000164872442838, 0.000117612165923, 7.616665971e-05, 0.000122084107716, 0.000121243618196, 7.7020318713e-05, 1.08840040411e-05],
        "dmean2": [0.000326060835505, 0.0102721853182, 0.00718726636842, 0.00214440235868, 0.00312333996408, 0.00133129488677, 0.000898005499039, 0.00121590390336, 0.00219791941345, 0.00153291434981, 0.00202855351381, 0.001050495659, 0.00129749428015, 0.00113505485933, 0.00130111118779, 0.00100979860872, 0.000862528453581, 0.000511479156557, 0.000532376230694, 0.000426279962994, 0.000272895762464, 0.000185467506526, 0.000118373332953, 0.000175295062945, 0.000184625838301, 0.000113166977826, 1.7332187781e-05],
        "dvar": [1.21268087128e-07, 0.000119376061775, 6.78866417729e-05, 2.09966697184e-06, 7.50037679609e-06, 1.91302228814e-06, 5.24953691183e-07, 1.80686151907e-06, 5.52327719561e-06, 3.11217013405e-06, 4.93441848448e-06, 2.89584113489e-06, 2.25260214393e-06, 2.24981158681e-06, 1.10782582396e-06, 4.9744289754e-07, 6.82497159232e-07, 1.20932071468e-07, 1.04739065421e-07, 8.13242877484e-08, 5.04967232473e-08, 1.73345249266e-08, 1.72240763874e-08, 7.184534212e-08, 8.46338679139e-08, 1.94159035516e-08, 4.0447589722e-10],
        "dvar2": [3.02051006429e-07, 0.000326492707245, 0.000192496125237, 5.94560015088e-06, 1.74905162567e-05, 4.67887548439e-06, 1.41884368077e-06, 3.49309925696e-06, 1.40859128805e-05, 7.77782315708e-06, 1.04450346043e-05, 6.63323862682e-06, 5.39913935427e-06, 4.58515114587e-06, 3.01984323414e-06, 1.27127225369e-06, 1.69873919731e-06, 3.1165345149e-07, 2.87845210778e-07, 2.26114494239e-07, 1.3500238083e-07, 4.17157330901e-08, 3.22505968597e-08, 1.19604038673e-07, 1.76332534352e-07, 3.79310591825e-08, 1.11016917881e-09],
        "max": [0.0034726257436, 0.0809402167797, 0.0679090023041, 0.0131655838341, 0.0370501279831, 0.015827735886, 0.0105888433754, 0.0214855987579, 0.0326338708401, 0.0249587427825, 0.0351967476308, 0.026276377961, 0.0238379891962, 0.0270644016564, 0.0123202428222, 0.00869320519269, 0.0123219415545, 0.00493823643774, 0.00376339512877, 0.00341538363136, 0.00314088072628, 0.00203890074044, 0.00305484863929, 0.00469833007082, 0.00702650053427, 0.00288181891665, 0.000407502520829],
        "mean": [0.000214023690205, 0.00798031967133, 0.00501042138785, 0.00192375178449, 0.00319838873111, 0.00133856316097, 0.000923828571104, 0.00169086793903, 0.00372240575962, 0.00212519359775, 0.00346986646764, 0.00130774953868, 0.00150490493979, 0.0013214298524, 0.0013543885434, 0.00126182066742, 0.00110564706847, 0.000725254125427, 0.000719263858628, 0.000649489869829, 0.000427388440585, 0.000368293083739, 0.000238482811255, 0.000310338742565, 0.000333372765454, 0.000200508759008, 1.62925680343e-05],
        "median": [6.92850226187e-05, 0.00406428566203, 0.00304941297509, 0.00141021248419, 0.00227110623382, 0.000687476655003, 0.00060751568526, 0.000760231632739, 0.00107841123827, 0.000987119157799, 0.000850934186019, 0.000492020102683, 0.000796488660853, 0.000577685714234, 0.000984905287623, 0.000945927167777, 0.000645967491437, 0.000570955104195, 0.00062441744376, 0.000574020319618, 0.000349423411535, 0.000302000989905, 0.000187394354725, 0.000178144735401, 0.000239920642343, 0.000162891592481, 1.07436644612e-05],
        "min": [1.07604355114e-12, 5.94399252041e-10, 2.7885399545e-10, 2.31416275032e-10, 7.03323232987e-10, 6.90101586986e-10, 1.467713312e-10, 1.92547922051e-10, 4.57650917163e-10, 5.59004370571e-11, 1.18208304256e-10, 1.41238618023e-10, 6.36732940679e-12, 5.97054419793e-11, 6.05627353822e-11, 1.63019819865e-10, 5.58488810753e-11, 1.36454736399e-10, 2.58236626527e-11, 6.52070342166e-10, 3.18043716363e-11, 5.42141375195e-12, 5.29255632375e-12, 4.37748275128e-12, 4.40300443674e-12, 4.45328799878e-12, 4.68802600906e-12],
        "stdev": [0.000387259351555, 0.0113864094019, 0.0071539580822, 0.00176449480932, 0.00359357055277, 0.00189078389667, 0.00101076497231, 0.0027090718504, 0.00538982683793, 0.00305840745568, 0.00559228891507, 0.00248669600114, 0.0021057035774, 0.00230182823725, 0.00128457718529, 0.00106703129131, 0.0014643081231, 0.000591964460909, 0.00045284020598, 0.000411707558669, 0.000306920614094, 0.000257300620433, 0.000258818181464, 0.000484680640511, 0.000428383413237, 0.000216079890379, 2.13866514969e-05],
        "var": [1.49969807239e-07, 0.000129650317831, 5.1179114962e-05, 3.11344206239e-06, 1.29137488329e-05, 3.57506382898e-06, 1.02164585769e-06, 7.33907018002e-06, 2.9050232115e-05, 9.35385560297e-06, 3.12736956403e-05, 6.18365720584e-06, 4.43398721472e-06, 5.29841327079e-06, 1.65013864262e-06, 1.13855583095e-06, 2.14419833355e-06, 3.5042194213e-07, 2.05064239367e-07, 1.69503110214e-07, 9.42002600368e-08, 6.62036114818e-08, 6.69868569503e-08, 2.34915319197e-07, 1.83512341323e-07, 4.66905163421e-08, 4.57388876773e-10]
    },
    "erbbands": {
        "dmean": [0.144002452493, 1.52301871777, 4.48927688599, 4.19537734985, 6.28073310852, 6.27751970291, 4.6114783287, 8.09232711792, 7.62602949142, 12.0485897064, 14.3149614334, 39.7029800415, 23.7340545654, 31.7329711914, 59.439956665, 24.1881523132, 36.2195129395, 31.8812046051, 46.2598876953, 28.3253803253, 27.6998748779, 21.9223041534, 17.9203777313, 16.6598701477, 16.023311615, 11.9804821014, 7.48951482773, 5.71028995514, 4.19926214218, 3.56532073021, 2.22314763069, 2.11379551888, 2.39735651016, 1.68115365505, 0.752551078796, 0.392427951097, 0.138261005282, 0.0293314885348, 0.00100495782681, 2.72310790024e-05],
        "dmean2": [0.236151278019, 2.65303277969, 7.94131946564, 7.14945936203, 10.7323617935, 10.3665399551, 7.46941804886, 13.5222921371, 12.7676420212, 18.4525871277, 21.0586566925, 60.6466445923, 37.9025268555, 47.4868812561, 92.5100402832, 36.5490493774, 57.1768302917, 50.7325668335, 75.8625259399, 46.3432884216, 45.7237472534, 35.0882835388, 29.6265010834, 27.6151123047, 27.5809631348, 20.233253479, 12.3282899857, 9.42410945892, 6.83848524094, 5.48155593872, 3.42094564438, 3.16913676262, 3.46932077408, 2.62767863274, 1.15041911602, 0.583471596241, 0.203239381313, 0.044348936528, 0.00153977563605, 4.16187685914e-05],
        "dvar": [0.0526549741626, 8.87812709808, 89.8695907593, 39.3855323792, 83.028755188, 103.484458923, 67.7459945679, 209.944869995, 133.487258911, 406.642211914, 558.37677002, 4400.39746094, 1924.80419922, 2719.17578125, 11099.1699219, 2287.30249023, 4362.66503906, 2920.44067383, 5527.00195312, 1938.38586426, 1158.70214844, 1075.86755371, 436.650146484, 522.953063965, 265.002685547, 196.157241821, 107.92817688, 59.2913475037, 24.7704391479, 19.2364616394, 15.3454399109, 20.8800621033, 33.2191810608, 15.8787431717, 2.92788290977, 0.52810049057, 0.0600158050656, 0.00257348176092, 3.12102747557e-06, 1.62651492275e-09],
        "dvar2": [0.130803570151, 24.5136699677, 255.418106079, 111.677032471, 217.760314941, 246.521682739, 164.10899353, 529.423217773, 365.606536865, 809.45904541, 1089.71276855, 11044.0800781, 5223.10644531, 5681.97412109, 23811.7148438, 5431.61279297, 10626.3085938, 6244.57958984, 12778.1611328, 5047.25927734, 3001.43115234, 2441.71557617, 1134.31396484, 1443.48925781, 751.261352539, 537.449768066, 283.915100098, 158.490020752, 65.0055847168, 37.5559196472, 29.9911708832, 37.4404067993, 64.1462020874, 33.1552276611, 6.03545331955, 1.09038412571, 0.110345035791, 0.00584110850468, 7.51548986955e-06, 3.56715834648e-09],
        "max": [1.94823861122, 21.9819469452, 77.0863647461, 55.1288795471, 133.818984985, 213.374237061, 132.113372803, 152.777938843, 179.293380737, 383.578521729, 385.040130615, 943.420043945, 818.467712402, 861.429931641, 1704.1829834, 759.170593262, 1028.36425781, 949.08795166, 1262.17077637, 731.268493652, 481.759216309, 640.486022949, 291.514892578, 410.788421631, 159.87159729, 180.574508667, 145.630279541, 90.2553482056, 77.3989105225, 109.335990906, 90.0098266602, 98.44947052, 103.389160156, 96.4078216553, 44.1621894836, 16.2767333984, 4.9742307663, 1.15388143063, 0.0363030917943, 0.000929765345063],
        "mean": [0.204443201423, 1.90426647663, 5.39726400375, 6.66348552704, 9.33349514008, 10.6980237961, 7.73778295517, 13.0910511017, 13.4709157944, 27.2996444702, 30.5489253998, 105.573181152, 58.2032356262, 74.994758606, 167.081756592, 59.4580535889, 69.8595581055, 69.0722732544, 82.6132888794, 63.9562110901, 63.9783744812, 52.3596115112, 44.3009986877, 37.7716140747, 38.2296257019, 30.3620815277, 19.3798561096, 15.3299093246, 12.319234848, 10.6333665848, 6.81184673309, 5.65158987045, 5.73000431061, 4.26562261581, 2.02905058861, 0.985536873341, 0.343892753124, 0.0633987039328, 0.00183266797103, 0.000102531361335],
        "median": [0.103027798235, 0.925878405571, 3.09948301315, 4.69008207321, 6.37228107452, 7.38850688934, 4.46402359009, 6.9395699501, 8.50684738159, 12.1024951935, 19.3914775848, 30.7138175964, 29.5004749298, 40.7138824463, 40.8380699158, 28.9313983917, 38.5129966736, 36.9023361206, 56.4968147278, 46.6252059937, 49.1781539917, 33.6062393188, 33.0312042236, 30.9136772156, 34.8661994934, 26.5638198853, 15.8761129379, 12.7284488678, 9.92986011505, 8.76771354675, 5.25439119339, 3.60536241531, 3.15106034279, 2.90608334541, 1.5007390976, 0.787860512733, 0.281490594149, 0.0494626015425, 0.00129276176449, 9.49348541326e-05],
        "min": [2.05027159694e-08, 1.1257258592e-07, 3.02896467019e-07, 6.03492651408e-07, 1.21228219996e-06, 2.57551596405e-06, 3.40075325767e-06, 5.82124539505e-06, 3.41619579558e-06, 1.36686287533e-06, 6.49338790026e-06, 1.05473827716e-05, 4.72968349641e-06, 1.49608365518e-06, 6.81106166667e-06, 4.60559977e-06, 5.59360614716e-07, 1.53858741214e-06, 5.37827054359e-06, 3.38634754371e-06, 8.16508418211e-06, 4.10000575357e-06, 8.04661340226e-06, 3.24168104271e-06, 2.06077288567e-06, 2.6961301046e-05, 1.50206451508e-05, 6.37733251097e-07, 2.23274440714e-07, 1.71431352669e-07, 1.57150495284e-07, 9.69917408611e-08, 7.21896000755e-08, 4.90149325572e-08, 3.11397805319e-08, 1.75287855342e-08, 8.41193159573e-09, 2.90078805421e-09, 6.68639366097e-10, 7.28845733766e-11],
        "stdev": [0.284519314766, 2.87078738213, 8.10415458679, 6.46033620834, 10.3903751373, 13.6125831604, 11.4796028137, 18.640668869, 15.6227016449, 45.8241844177, 40.0105209351, 155.344528198, 75.9943084717, 92.0253219604, 268.854522705, 82.9442214966, 91.9928207397, 96.8450317383, 91.171661377, 58.3706054688, 54.8080215454, 60.6451911926, 36.7124328613, 30.6351203918, 21.5987434387, 19.5446643829, 14.0948925018, 10.6857433319, 8.92722797394, 8.45071792603, 7.57757234573, 8.51643657684, 9.3773317337, 5.85727930069, 2.51838684082, 1.09132504463, 0.383954256773, 0.070099376142, 0.00215226551518, 5.81502827117e-05],
        "var": [0.0809512361884, 8.24141979218, 65.6773223877, 41.7359466553, 107.959892273, 185.30241394, 131.781280518, 347.47454834, 244.06880188, 2099.85595703, 1600.84179688, 24131.9238281, 5775.13476562, 8468.66015625, 72282.75, 6879.74414062, 8462.67871094, 9378.95996094, 8312.27246094, 3407.12768555, 3003.91943359, 3677.83911133, 1347.80273438, 938.510559082, 466.505706787, 381.993896484, 198.665985107, 114.185119629, 79.6954040527, 71.4146347046, 57.4196014404, 72.5296936035, 87.9343566895, 34.3077201843, 6.34227180481, 1.19099032879, 0.147420868278, 0.00491392239928, 4.63224660052e-06, 3.38145556e-09]
    },
    "gfcc": {
        "mean": [77.6429443359, 57.9285888672, -116.764511108, 26.3300819397, -47.4803504944, 23.0307807922, -33.8114356995, 18.2568225861, -30.0372505188, 7.29565763474, -25.2832527161, 1.41632962227, -15.4480676651],
        "cov": [[6799.54394531, -137.628707886, 679.669433594, 158.504257202, -113.600532532, 459.286712646, 50.8101043701, 255.075241089, -82.0480804443, 19.1369419098, -164.389373779, 239.387023926, -10.6769227982], [-137.628707886, 643.899169922, -226.542907715, -56.3663902283, 75.2820739746, -141.194473267, 135.702407837, -63.1495132446, 59.5827217102, 1.67865920067, 52.1273155212, -70.369972229, 27.4884815216], [679.669433594, -226.542907715, 363.309234619, 139.824890137, -15.6207895279, 128.545623779, -38.1041793823, 105.835670471, -10.9440307617, 12.6553697586, -40.9483299255, 60.9990692139, 0.562928140163], [158.504257202, -56.3663902283, 139.824890137, 182.982284546, 14.8584766388, 27.6642017365, -48.7196502686, 50.9106445312, 40.9183769226, 11.4817152023, 2.37658119202, 15.4788303375, 11.5002918243], [-113.600532532, 75.2820739746, -15.6207895279, 14.8584766388, 94.7811737061, 29.6594600677, 36.8898582458, -3.94860911369, 11.9245195389, 13.5992031097, 14.5908260345, -8.21588611603, 2.94103693962], [459.286712646, -141.194473267, 128.545623779, 27.6642017365, 29.6594600677, 223.520294189, 67.9246826172, 44.7779121399, -41.5982322693, 14.4808349609, -9.09503936768, 42.5060844421, -5.20490884781], [50.8101043701, 135.702407837, -38.1041793823, -48.7196502686, 36.8898582458, 67.9246826172, 162.43107605, 16.5164737701, 1.24817049503, 4.08406829834, -3.35763120651, -3.88392782211, 1.09090840816], [255.075241089, -63.1495132446, 105.835670471, 50.9106445312, -3.94860911369, 44.7779121399, 16.5164737701, 116.081947327, 53.3761177063, -1.82891774178, -40.8869094849, 11.9922990799, 8.0636920929], [-82.0480804443, 59.5827217102, -10.9440307617, 40.9183769226, 11.9245195389, -41.5982322693, 1.24817049503, 53.3761177063, 113.009109497, 20.4198188782, -16.6785640717, -20.516828537, 17.3711032867], [19.1369419098, 1.67865920067, 12.6553697586, 11.4817152023, 13.5992031097, 14.4808349609, 4.08406829834, -1.82891774178, 20.4198188782, 56.4001541138, 37.1184539795, 7.54896640778, -4.30736064911], [-164.389373779, 52.1273155212, -40.9483299255, 2.37658119202, 14.5908260345, -9.09503936768, -3.35763120651, -40.8869094849, -16.6785640717, 37.1184539795, 100.725891113, 22.2841835022, -11.6654453278], [239.387023926, -70.369972229, 60.9990692139, 15.4788303375, -8.21588611603, 42.5060844421, -3.88392782211, 11.9922990799, -20.516828537, 7.54896640778, 22.2841835022, 70.4547119141, 7.09513235092], [-10.6769227982, 27.4884815216, 0.562928140163, 11.5002918243, 2.94103693962, -5.20490884781, 1.09090840816, 8.0636920929, 17.3711032867, -4.30736064911, -11.6654453278, 7.09513235092, 47.9007797241]],
        "icov": [[0.000295780220767, -0.000690877146553, -0.000126407045173, -1.27705843624e-05, 0.000595491728745, -0.000762605108321, 0.000682725862134, -0.00038838092587, 0.000405524595408, -0.00078163476428, 0.00119251362048, -0.00118997518439, 0.000646682397928], [-0.000690877146553, 0.00593868317083, -8.10972778709e-06, -0.000365384126781, -0.0031597733032, 0.005041686818, -0.00656968960539, 0.00267217238434, -0.00252735777758, 0.00396831706166, -0.00592032307759, 0.00525113800541, -0.0039787683636], [-0.000126407045173, -8.10972778709e-06, 0.0090479683131, -0.00532511109486, 0.000597366015427, -0.00114914448932, 0.00167740602046, -0.00628833658993, 0.00626105489209, -0.00616549281403, 0.00511915283278, -0.00354797323234, 0.000954715302214], [-1.27705843624e-05, -0.000365384126781, -0.00532511109486, 0.0117398919538, -0.00217126053758, -0.00164398120251, 0.00357091822661, 0.000673311005812, -0.006355620455, 0.00485063996166, -0.00517307966948, 0.00195710523985, -0.00159783533309], [0.000595491728745, -0.0031597733032, 0.000597366015427, -0.00217126053758, 0.0158296171576, -0.00541911227629, 0.000625360233244, 0.000767236575484, -0.000621240353212, -0.00298192258924, 0.00175644038245, -0.000743199430872, 0.00125110638328], [-0.000762605108321, 0.005041686818, -0.00114914448932, -0.00164398120251, -0.00541911227629, 0.0142331803218, -0.00932893529534, -0.00107568386011, 0.00441356096417, -0.00147123390343, -0.00246817548759, 0.00195901840925, -0.00300629017875], [0.000682725862134, -0.00656968960539, 0.00167740602046, 0.00357091822661, 0.000625360233244, -0.00932893529534, 0.0173093322664, -0.00581123074517, 0.00202635861933, -0.0038579388056, 0.00557916983962, -0.00459090154618, 0.00353417824954], [-0.00038838092587, 0.00267217238434, -0.00628833658993, 0.000673311005812, 0.000767236575484, -0.00107568386011, -0.00581123074517, 0.0252119451761, -0.0168853290379, 0.00944570638239, -0.000865620793775, -0.000326926150592, 0.000826779636554], [0.000405524595408, -0.00252735777758, 0.00626105489209, -0.006355620455, -0.000621240353212, 0.00441356096417, 0.00202635861933, -0.0168853290379, 0.0282776560634, -0.0186119619757, 0.00956034939736, -0.000141526630614, -0.00327209429815], [-0.00078163476428, 0.00396831706166, -0.00616549281403, 0.00485063996166, -0.00298192258924, -0.00147123390343, -0.0038579388056, 0.00944570638239, -0.0186119619757, 0.0397139266133, -0.0212568752468, 0.00674778409302, -0.000878119957633], [0.00119251362048, -0.00592032307759, 0.00511915283278, -0.00517307966948, 0.00175644038245, -0.00246817548759, 0.00557916983962, -0.000865620793775, 0.00956034939736, -0.0212568752468, 0.0306461602449, -0.0166536327451, 0.00903932284564], [-0.00118997518439, 0.00525113800541, -0.00354797323234, 0.00195710523985, -0.000743199430872, 0.00195901840925, -0.00459090154618, -0.000326926150592, -0.000141526630614, 0.00674778409302, -0.0166536327451, 0.0302856881171, -0.0111723383889], [0.000646682397928, -0.0039787683636, 0.000954715302214, -0.00159783533309, 0.00125110638328, -0.00300629017875, 0.00353417824954, 0.000826779636554, -0.00327209429815, -0.000878119957633, 0.00903932284564, -0.0111723383889, 0.0280170403421]]
    },
    "melbands": {
        "dmean": [0.00145800679456, 0.00208421703428, 0.00072430196451, 0.000458916823845, 0.000172300453414, 0.00016826071078, 0.000113961730676, 0.000149637649884, 0.000111864006612, 0.000259376014583, 0.000119301257655, 0.000133149078465, 0.000177519861609, 0.000113561574835, 5.96763129579e-05, 8.4014791355e-05, 6.64532781229e-05, 7.88683246356e-05, 4.25373546022e-05, 5.4398609791e-05, 3.19148493872e-05, 2.48063224717e-05, 2.67998766503e-05, 1.31927981784e-05, 1.50433061208e-05, 1.23627560242e-05, 1.20763852465e-05, 8.24673043098e-06, 5.16833642905e-06, 4.80961489302e-06, 3.52113465851e-06, 2.68237363343e-06, 2.72986562777e-06, 1.86681506875e-06, 1.42469616549e-06, 1.37979452575e-06, 1.47535934047e-06, 1.79255380317e-06, 1.84786904356e-06, 1.44782165989e-06],
        "dmean2": [0.00245663127862, 0.00366929732263, 0.00123381020967, 0.000763366580941, 0.00028135307366, 0.000279937288724, 0.000191192200873, 0.000227124372032, 0.000165821213159, 0.000397681782488, 0.000190429229406, 0.000199149086257, 0.000274815916782, 0.000167621808941, 9.58297750913e-05, 0.000130104264827, 0.000106219900772, 0.000127666251501, 7.06784194335e-05, 8.96350102266e-05, 5.23011440237e-05, 3.9833241317e-05, 4.51304367743e-05, 2.17803808482e-05, 2.50641678576e-05, 2.14613737626e-05, 2.05279648071e-05, 1.38876021083e-05, 8.48531635711e-06, 8.07118885859e-06, 5.93934282733e-06, 4.45048226538e-06, 4.38334927821e-06, 2.93764469461e-06, 2.22237395064e-06, 2.22687890528e-06, 2.26219458455e-06, 2.60482147496e-06, 2.87282728095e-06, 2.2987610464e-06],
        "dvar": [6.20895298198e-06, 1.87455952982e-05, 9.27335975121e-07, 4.59820711285e-07, 7.92815271211e-08, 8.53756034758e-08, 2.71785260963e-08, 6.54711200809e-08, 3.29698544022e-08, 1.90426177937e-07, 5.10800042264e-08, 5.37960538338e-08, 9.52907512897e-08, 5.71284708428e-08, 2.07357189197e-08, 1.93082279054e-08, 1.52177239698e-08, 2.07895176629e-08, 3.92755872269e-09, 4.60808635694e-09, 2.45781950348e-09, 1.85848181289e-09, 1.24388244149e-09, 2.43131875743e-10, 4.40348674191e-10, 2.11757028579e-10, 1.42378206447e-10, 1.0102089304e-10, 5.2455029903e-11, 4.12572545572e-11, 1.95627229693e-11, 1.07280295758e-11, 1.00607066081e-11, 6.12168649106e-12, 5.15065204029e-12, 7.92223057988e-12, 9.95456234804e-12, 1.65702104815e-11, 1.80826603691e-11, 1.25229956613e-11],
        "dvar2": [1.62507785717e-05, 5.3149942687e-05, 2.60760589299e-06, 1.05350613921e-06, 2.04423969308e-07, 2.13358944734e-07, 7.38315790727e-08, 1.2780263603e-07, 6.5027428775e-08, 4.85306486553e-07, 1.39668316024e-07, 1.13780785682e-07, 1.9881308333e-07, 1.32828517962e-07, 4.92185172618e-08, 4.40698215698e-08, 3.26720943633e-08, 4.54300668196e-08, 1.06149613543e-08, 1.19981287128e-08, 6.5687864037e-09, 4.33417168821e-09, 3.27409099832e-09, 6.20908824356e-10, 1.21061938252e-09, 5.88499804444e-10, 4.08904160532e-10, 2.661174614e-10, 1.38599617894e-10, 1.14165954468e-10, 5.09112405012e-11, 2.91235126293e-11, 2.63751173679e-11, 1.1819908767e-11, 1.00669732966e-11, 1.72626392347e-11, 1.84496914274e-11, 3.06306750797e-11, 3.89100071607e-11, 2.74437191722e-11],
        "max": [0.0184471961111, 0.0319477841258, 0.00832251273096, 0.0101284282282, 0.00454473821446, 0.00318165076897, 0.00250416831113, 0.00487652886659, 0.00280306255445, 0.00639875000343, 0.00410677772015, 0.00379591854289, 0.00475990446284, 0.00382539862767, 0.00261420989409, 0.00185633497313, 0.00215946603566, 0.00279893935658, 0.000886960886419, 0.000753995787818, 0.000811728066765, 0.0009100001771, 0.000480060960399, 0.000207544799196, 0.000374091934646, 0.000199799411348, 0.000104871578515, 0.000166449244716, 0.000101197845652, 7.75818116381e-05, 5.12795522809e-05, 5.24823153683e-05, 5.17315675097e-05, 6.71598900226e-05, 4.97400396853e-05, 5.61009946978e-05, 6.35511096334e-05, 6.75033224979e-05, 8.69139985298e-05, 8.54169338709e-05],
        "mean": [0.00206624041311, 0.0026907029096, 0.00123142451048, 0.000760035414714, 0.000306245143292, 0.000279159285128, 0.000199734262424, 0.00033296449692, 0.000235943633015, 0.000687990977895, 0.000269262935035, 0.000284136127448, 0.000493413710501, 0.000262720772298, 0.000115547532914, 0.000153732544277, 0.000128214422148, 0.000134648478706, 7.97003522166e-05, 0.000108605090645, 6.68180873618e-05, 5.41883018741e-05, 5.41423614777e-05, 3.06480833387e-05, 3.00908086501e-05, 2.61049390247e-05, 2.73788446066e-05, 1.84096134035e-05, 1.20570193758e-05, 1.07640480564e-05, 8.33299964142e-06, 6.77990783515e-06, 7.23405628378e-06, 5.07685444973e-06, 3.90210789192e-06, 3.46840852217e-06, 3.49685728906e-06, 4.06819981436e-06, 3.92419588024e-06, 3.51894482264e-06],
        "median": [0.00105133303441, 0.00169891188852, 0.000974073889665, 0.000529135926627, 0.000199071102543, 0.000145404686918, 0.000126328217448, 0.000140851829201, 0.000139530777233, 0.000191713392269, 0.000133346213261, 0.000120928780234, 0.000118412332085, 8.65128095029e-05, 5.98615624767e-05, 7.96916501713e-05, 5.75363592361e-05, 8.70533040143e-05, 5.84728077229e-05, 7.38642047509e-05, 4.60364062747e-05, 3.12925512844e-05, 3.8097241486e-05, 2.46254421654e-05, 2.3568945835e-05, 2.17823489947e-05, 2.40316749114e-05, 1.49720663103e-05, 9.75923194346e-06, 8.6989830379e-06, 6.75339060763e-06, 5.25443419974e-06, 5.91951220485e-06, 4.06311346524e-06, 3.01638010569e-06, 2.40264921558e-06, 2.04533739634e-06, 2.01507555175e-06, 2.45217279371e-06, 2.39932319346e-06],
        "min": [2.11166778508e-10, 1.55236587474e-10, 1.19882506699e-10, 1.33096270116e-10, 1.6023794791e-10, 1.30415692134e-10, 4.62006301272e-11, 1.71023004786e-11, 6.09144124031e-11, 6.54143683665e-11, 2.15054380553e-11, 4.25747371385e-12, 1.99354994318e-11, 1.96339056124e-11, 3.86476571232e-12, 5.66772540359e-13, 3.12928198978e-12, 9.70978419196e-12, 3.00940934499e-12, 9.67640724492e-12, 8.41390238732e-12, 3.10027416066e-12, 7.00273086046e-12, 5.69765805716e-12, 2.41769169788e-12, 7.12030965872e-13, 2.01627668554e-12, 2.52698747344e-11, 1.60761785828e-11, 3.11677306143e-13, 1.14180515628e-13, 1.17525157358e-13, 9.76542455298e-14, 8.86824454475e-14, 1.00685810329e-13, 6.3748641511e-14, 5.69808279336e-14, 5.01839069161e-14, 4.70479063423e-14, 3.91997937203e-14],
        "stdev": [0.00284301489592, 0.00379156181589, 0.00102097354829, 0.00088942295406, 0.00039222050691, 0.000388836779166, 0.000226594522246, 0.000574965437409, 0.000319253740599, 0.00103405711707, 0.00037827482447, 0.000403113313951, 0.000788934645243, 0.000403177109547, 0.000190183141967, 0.00023023301037, 0.000218476561713, 0.000178834729013, 7.89093683125e-05, 0.00010111683514, 7.6616757724e-05, 7.67007804825e-05, 5.29768403794e-05, 2.45931205427e-05, 2.76790233329e-05, 1.83212778211e-05, 1.64799348568e-05, 1.41694599733e-05, 9.52876780502e-06, 8.30651879369e-06, 6.05965806244e-06, 5.38648237125e-06, 5.34541095476e-06, 4.50141760666e-06, 4.27917075285e-06, 4.80083144794e-06, 5.65463733437e-06, 6.982234936e-06, 6.03576972935e-06, 4.96402572026e-06],
        "var": [8.08273398434e-06, 1.4375941646e-05, 1.04238699805e-06, 7.91073148321e-07, 1.53836921868e-07, 1.51194043951e-07, 5.13450757467e-08, 3.30585265829e-07, 1.01922942974e-07, 1.06927404886e-06, 1.43091853033e-07, 1.62500342071e-07, 6.22417871909e-07, 1.62551785365e-07, 3.61696272932e-08, 5.3007241263e-08, 4.77320050152e-08, 3.19818589389e-08, 6.22668849815e-09, 1.02246140443e-08, 5.87012705111e-09, 5.883009635e-09, 2.80654566254e-09, 6.04821581707e-10, 7.66128327445e-10, 3.35669214646e-10, 2.71588279643e-10, 2.00773592196e-10, 9.07974181952e-11, 6.89982584956e-11, 3.67194538664e-11, 2.90141903558e-11, 2.85734179373e-11, 2.02627602197e-11, 1.83113021274e-11, 2.30479836605e-11, 3.19749227096e-11, 4.87516069181e-11, 3.64305183242e-11, 2.46415509525e-11]
    },
    "melbands128": {
