{
"lowlevel": {
    "average_loudness": 0.980470120907,
    "barkbands_crest": {
        "dmean": 2.9294757843,
        "dmean2": 4.66482877731,
        "dvar": 8.23110866547,
        "dvar2": 20.1361217499,
        "max": 23.9705715179,
        "mean": 9.61326408386,
        "median": 8.54483318329,
        "min": 3.0805876255,
        "stdev": 4.02394533157,
        "var": 16.1921348572
    },
    "barkbands_flatness_db": {
        "dmean": 0.0236110948026,
        "dmean2": 0.0366403721273,
        "dvar": 0.00067768903682,
        "dvar2": 0.00170108349994,
        "max": 0.299591839314,
        "mean": 0.103396631777,
        "median": 0.0947910621762,
        "min": 0.032742317766,
        "stdev": 0.0383160412312,
        "var": 0.00146811909508
    },
    "barkbands_kurtosis": {
        "dmean": 3.12870073318,
        "dmean2": 5.06549167633,
        "dvar": 36.7036056519,
        "dvar2": 93.273399353,
        "max": 60.7984161377,
        "mean": 2.79374790192,
        "median": 0.886808156967,
        "min": -1.86717689037,
        "stdev": 6.13640451431,
        "var": 37.6554603577
    },
    "barkbands_skewness": {
        "dmean": 0.623503923416,
        "dmean2": 0.938203573227,
        "dvar": 0.63377892971,
        "dvar2": 1.4773286581,
        "max": 7.46995830536,
        "mean": 1.43912768364,
        "median": 1.24354994297,
        "min": -2.7371134758,
        "stdev": 1.09283328056,
        "var": 1.19428467751
    },
    "barkbands_spread": {
        "dmean": 7.45297288895,
        "dmean2": 11.3500680923,
        "dvar": 68.5933914185,
        "dvar2": 160.39465332,
        "max": 97.4509429932,
        "mean": 29.9613246918,
        "median": 28.7427368164,
        "min": 1.87276399136,
        "stdev": 13.2090806961,
        "var": 174.479812622
    },
    "dissonance": {
        "dmean": 0.014587091282,
        "dmean2": 0.0239942707121,
        "dvar": 0.000227726079174,
        "dvar2": 0.000596719037276,
        "max": 0.499937951565,
        "mean": 0.46995395422,
        "median": 0.47453725338,
        "min": 0.341030329466,
        "stdev": 0.0216625258327,
        "var": 0.000469265010906
    },
    "dynamic_complexity": 2.22603130341,
    "erbbands_crest": {
        "dmean": 2.92398405075,
        "dmean2": 4.62148714066,
        "dvar": 8.20650482178,
        "dvar2": 19.5878219604,
        "max": 29.026807785,
        "mean": 9.16846847534,
        "median": 7.68855285645,
        "min": 2.76403284073,
        "stdev": 4.83218479156,
        "var": 23.3500080109
    },
    "erbbands_flatness_db": {
        "dmean": 0.0153182521462,
        "dmean2": 0.0223216991872,
        "dvar": 0.00024971543462,
        "dvar2": 0.000515278487001,
        "max": 0.303607076406,
        "mean": 0.123038776219,
        "median": 0.116605870426,
        "min": 0.0582561716437,
        "stdev": 0.0354282297194,
        "var": 0.00125515949912
    },
    "erbbands_kurtosis": {
        "dmean": 0.806143164635,
        "dmean2": 1.2576649189,
        "dvar": 1.23874545097,
        "dvar2": 2.99888324738,
        "max": 12.5049600601,
        "mean": 0.126385390759,
        "median": -0.337396383286,
        "min": -1.6872433424,
        "stdev": 1.65307223797,
        "var": 2.73264765739
    },
    "erbbands_skewness": {
        "dmean": 0.361922711134,
        "dmean2": 0.538554430008,
        "dvar": 0.125850230455,
        "dvar2": 0.291115731001,
        "max": 2.960252285,
        "mean": 0.01588659361,
        "median": -0.0456214472651,
        "min": -2.38190579414,
        "stdev": 0.671290874481,
        "var": 0.450631469488
    },
    "erbbands_spread": {
        "dmean": 9.27580070496,
        "dmean2": 14.0252904892,
        "dvar": 100.353614807,
        "dvar2": 227.139251709,
        "max": 119.667945862,
        "mean": 44.1540222168,
        "median": 43.1255149841,
        "min": 7.68841838837,
        "stdev": 17.2325820923,
        "var": 296.961853027
    },
    "hfc": {
        "dmean": 8.58754634857,
        "dmean2": 11.8799571991,
        "dvar": 83.6644744873,
        "dvar2": 162.19694519,
        "max": 113.845832825,
        "mean": 30.8050384521,
        "median": 29.1995697021,
        "min": 1.2019645014e-16,
        "stdev": 17.9248352051,
        "var": 321.299743652
    },
    "loudness_ebu128": {
        "integrated": -6.50841236115,
        "loudness_range": 2.86971092224,
        "momentary": {
            "dmean": 0.379116654396,
            "dmean2": 0.480785161257,
            "dvar": 0.324038654566,
            "dvar2": 0.546694815159,
            "max": -4.15286636353,
            "mean": -6.7184586525,
            "median": -6.35001087189,
            "min": -15.8775053024,
            "stdev": 1.49583983421,
            "var": 2.2375369072
        },
        "short_term": {
            "dmean": 0.0598455630243,
            "dmean2": 0.0693451613188,
            "dvar": 0.00315188290551,
            "dvar2": 0.00475892238319,
            "max": -5.09253025055,
            "mean": -6.51828241348,
            "median": -6.32337093353,
            "min": -8.76812458038,
            "stdev": 0.912354171276,
            "var": 0.832390129566
        }
    },
    "melbands_crest": {
        "dmean": 3.43368339539,
        "dmean2": 5.62022304535,
        "dvar": 11.0512371063,
        "dvar2": 26.9496212006,
        "max": 28.5594596863,
        "mean": 14.6175546646,
        "median": 13.7002096176,
        "min": 1.70719981194,
        "stdev": 4.85029220581,
        "var": 23.5253334045
    },
    "melbands_flatness_db": {
        "dmean": 0.0290075670928,
        "dmean2": 0.0437898263335,
        "dvar": 0.00101959996391,
        "dvar2": 0.00245199911296,
        "max": 0.422534674406,
        "mean": 0.17782317102,
        "median": 0.170601204038,
        "min": 0.00242184917443,
        "stdev": 0.0487981960177,
        "var": 0.00238126376644
    },
    "melbands_kurtosis": {
        "dmean": 9.85144233704,
        "dmean2": 15.551492691,
        "dvar": 387.32913208,
        "dvar2": 967.81854248,
        "max": 206.935943604,
        "mean": 13.5980939865,
        "median": 7.06708812714,
        "min": -1.79365968704,
        "stdev": 20.3752479553,
        "var": 415.150726318
    },
    "melbands_skewness": {
        "dmean": 0.973322451115,
        "dmean2": 1.4635155201,
        "dvar": 1.58967232704,
        "dvar2": 3.5638217926,
        "max": 12.6662883759,
        "mean": 2.83647203445,
        "median": 2.51967835426,
        "min": -0.52483099699,
        "stdev": 1.791883111,
        "var": 3.21084499359
    },
    "melbands_spread": {
        "dmean": 8.41501808167,
        "dmean2": 12.3960618973,
        "dvar": 107.643867493,
        "dvar2": 216.659759521,
        "max": 230.138580322,
        "mean": 27.8142337799,
        "median": 25.625082016,
        "min": 1.43260788918,
        "stdev": 17.5479183197,
        "var": 307.929412842
    },
    "pitch_salience": {
        "dmean": 0.0782506540418,
        "dmean2": 0.129207223654,
        "dvar": 0.0063144993037,
        "dvar2": 0.0160043071955,
        "max": 0.850963592529,
        "mean": 0.497396886349,
        "median": 0.499207228422,
        "min": 0.118702247739,
        "stdev": 0.102011032403,
        "var": 0.0104062501341
    },
    "silence_rate_20dB": {
        "dmean": 0,
        "dmean2": 0,
        "dvar": 0,
        "dvar2": 0,
        "max": 1,
        "mean": 1,
        "median": 1,
        "min": 1,
        "stdev": 0,
        "var": 0
    },
    "silence_rate_30dB": {
        "dmean": 0.102167181671,
        "dmean2": 0.204492643476,
        "dvar": 0.0917285755277,
        "dvar2": 0.238586828113,
        "max": 1,
        "mean": 0.935808181763,
        "median": 1,
        "min": 0,
        "stdev": 0.245093390346,
        "var": 0.0600707679987
    },
    "silence_rate_60dB": {
        "dmean": 0.0162538699806,
        "dmean2": 0.0317583270371,
        "dvar": 0.0159904491156,
        "dvar2": 0.0322977341712,
        "max": 1,
        "mean": 0.0324825979769,
        "median": 0,
        "min": 0,
        "stdev": 0.177281409502,
        "var": 0.0314286984503
    },
    "spectral_centroid": {
        "dmean": 307.826690674,
        "dmean2": 470.743255615,
        "dvar": 141464.53125,
        "dvar2": 253328.359375,
        "max": 10817.6513672,
        "mean": 1704.6126709,
        "median": 1687.13757324,
        "min": 242.12562561,
        "stdev": 579.824462891,
        "var": 336196.4375
    },
    "spectral_complexity": {
        "dmean": 4.85216712952,
        "dmean2": 7.2997674942,
        "dvar": 26.3999671936,
        "dvar2": 49.2461929321,
        "max": 48,
        "mean": 23.3836040497,
        "median": 23,
        "min": 0,
        "stdev": 9.09839057922,
        "var": 82.7807159424
    },
    "spectral_decrease": {
        "dmean": 4.54684601081e-09,
        "dmean2": 6.9218182297e-09,
        "dvar": 5.10661903306e-17,
        "dvar2": 1.06569933332e-16,
        "max": 1.84335645034e-30,
        "mean": -1.01563299992e-08,
        "median": -7.72697994478e-09,
        "min": -4.49897648025e-08,
        "stdev": 8.42747294172e-09,
        "var": 7.10222964941e-17
    },
    "spectral_energy": {
        "dmean": 0.0176590327173,
        "dmean2": 0.026682138443,
        "dvar": 0.000736802932806,
        "dvar2": 0.00152340834029,
        "max": 0.17255730927,
        "mean": 0.0411264821887,
        "median": 0.0320832952857,
        "min": 1.0895218324e-20,
        "stdev": 0.0325504057109,
        "var": 0.00105952902231
    },
    "spectral_energyband_high": {
        "dmean": 0.000486642122269,
        "dmean2": 0.000685347244143,
        "dvar": 5.10031668455e-07,
        "dvar2": 9.98456471279e-07,
        "max": 0.0117279104888,
        "mean": 0.00140313094016,
        "median": 0.00093793112319,
        "min": 7.89997713108e-21,
        "stdev": 0.001504324493,
        "var": 2.2629922114e-06
    },
    "spectral_energyband_low": {
        "dmean": 0.014815482311,
        "dmean2": 0.0235699843615,
        "dvar": 0.00079188629752,
        "dvar2": 0.00176396931056,
        "max": 0.161235511303,
        "mean": 0.0213520899415,
        "median": 0.0116144306958,
        "min": 7.86368041652e-23,
        "stdev": 0.0293280314654,
        "var": 0.000860133382957
    },
    "spectral_energyband_middle_high": {
        "dmean": 0.00318483239971,
        "dmean2": 0.00467170076445,
        "dvar": 1.83598713193e-05,
        "dvar2": 4.09854583268e-05,
        "max": 0.0603772960603,
        "mean": 0.00821522902697,
        "median": 0.00619504833594,
        "min": 1.76076157231e-21,
        "stdev": 0.0075803832151,
        "var": 5.74622099521e-05
    },
    "spectral_energyband_middle_low": {
        "dmean": 0.00537734711543,
        "dmean2": 0.00871716905385,
        "dvar": 5.97791004111e-05,
        "dvar2": 0.000152984473971,
        "max": 0.0743818506598,
        "mean": 0.0129259303212,
        "median": 0.0106822643429,
        "min": 3.36892074143e-22,
        "stdev": 0.00978706311435,
        "var": 9.57865995588e-05
    },
    "spectral_entropy": {
        "dmean": 0.136356577277,
        "dmean2": 0.208494752645,
        "dvar": 0.0237942766398,
        "dvar2": 0.0463240258396,
        "max": 9.80876541138,
        "mean": 7.79582738876,
        "median": 7.80133104324,
        "min": 6.17195463181,
        "stdev": 0.291728407145,
        "var": 0.085105471313
    },
    "spectral_flux": {
        "dmean": 0.0402664579451,
        "dmean2": 0.0556962303817,
        "dvar": 0.00238274759613,
        "dvar2": 0.00359828420915,
        "max": 0.344874590635,
        "mean": 0.11098883301,
        "median": 0.0878045037389,
        "min": 1.04380164234e-10,
        "stdev": 0.0746543556452,
        "var": 0.00557327270508
    },
    "spectral_kurtosis": {
        "dmean": 0.865204691887,
        "dmean2": 1.40113568306,
        "dvar": 1.61569654942,
        "dvar2": 4.14504528046,
        "max": 21.3848457336,
        "mean": 3.58730268478,
        "median": 3.53656721115,
        "min": -1.26422119141,
        "stdev": 1.58418858051,
        "var": 2.50965356827
    },
    "spectral_rms": {
        "dmean": 0.00119053747039,
        "dmean2": 0.00171063654125,
        "dvar": 2.36732171288e-06,
        "dvar2": 4.34569165009e-06,
        "max": 0.0129749216139,
        "mean": 0.00590191688389,
        "median": 0.0055947098881,
        "min": 3.26028852353e-12,
        "stdev": 0.00230016582645,
        "var": 5.29076305611e-06
    },
    "spectral_rolloff": {
        "dmean": 634.380371094,
        "dmean2": 1007.97406006,
        "dvar": 922255.1875,
        "dvar2": 1712613.375,
        "max": 18497.0214844,
        "mean": 1637.5916748,
        "median": 1399.65820312,
        "min": 86.1328125,
        "stdev": 1347.19384766,
        "var": 1814931.25
    },
    "spectral_skewness": {
        "dmean": 0.147732704878,
        "dmean2": 0.235330998898,
        "dvar": 0.0289526283741,
        "dvar2": 0.0664260908961,
        "max": 3.2699239254,
        "mean": 1.39758229256,
        "median": 1.410415411,
        "min": -0.0258362498134,
        "stdev": 0.284316629171,
        "var": 0.0808359384537
    },
    "spectral_spread": {
        "dmean": 494736.75,
        "dmean2": 710498.1875,
        "dvar": 1.50893861274e+12,
        "dvar2": 1.9471195177e+12,
        "max": 42620056,
        "mean": 5275662.5,
        "median": 5233704.5,
        "min": 1971350.75,
        "stdev": 1523377.75,
        "var": 2.3206798295e+12
    },
    "spectral_strongpeak": {
        "dmean": 0.720070302486,
        "dmean2": 1.21585071087,
        "dvar": 1.35026824474,
        "dvar2": 3.18699431419,
        "max": 11.3760414124,
        "mean": 1.19100034237,
        "median": 0.505936443806,
        "min": 1.28682031697e-09,
        "stdev": 1.57925772667,
        "var": 2.49405479431
    },
    "zerocrossingrate": {
        "dmean": 0.0120611516759,
        "dmean2": 0.0143178738654,
        "dvar": 0.000296608515782,
        "dvar2": 0.000368096254533,
        "max": 0.49609375,
        "mean": 0.0716704726219,
        "median": 0.068359375,
        "min": 0.00830078125,
        "stdev": 0.0305683407933,
        "var": 0.000934423471335
    },
    "barkbands": {
        "dmean": [0.000152574866661, 0.0103913852945, 0.00730921234936, 0.00225991150364, 0.00120994821191, 0.000858449551743, 0.00129032938275, 0.00123556563631, 0.000762578158174, 0.000884606561158, 0.000867258640938, 0.000471945095342, 0.000740013027098, 0.000300270767184, 0.000483641459141, 0.000340383383445, 0.000461062503746, 0.000212377708522, 0.00031074436265, 0.000256874773186, 0.000132528017275, 0.000143824494444, 8.8575288828e-05, 6.45167310722e-05, 7.2352704592e-05, 4.61186536995e-05, 6.90377828505e-06],
        "dmean2": [0.000215706735617, 0.0174768250436, 0.0128641501069, 0.00395755749196, 0.00200230884366, 0.00134755531326, 0.002051303396, 0.00183954671957, 0.0011155877728, 0.00134234630968, 0.00130387349054, 0.000732467626221, 0.00114872923587, 0.000456433393992, 0.000778406625614, 0.000543161178939, 0.000756328750867, 0.000339436897775, 0.000506013515405, 0.000407057901612, 0.000213929015445, 0.000222684757318, 0.000136036920594, 9.21055761864e-05, 0.000109484280983, 6.60859659547e-05, 1.16289038488e-05],
        "dvar": [4.45006165251e-08, 0.000433859939221, 0.000287597620627, 1.70175571839e-05, 3.50116170011e-06, 3.12729002871e-06, 1.62048745551e-05, 1.48209273902e-05, 5.35855997441e-06, 7.76854267315e-06, 5.74341675019e-06, 1.80778124559e-06, 3.58739225703e-06, 5.76239870043e-07, 1.12021382392e-06, 4.61216927761e-07, 3.11055828206e-07, 9.83301546853e-08, 1.55068519803e-07, 1.22829405313e-07, 3.88432788156e-08, 5.9633535443e-08, 2.38134294506e-08, 1.26068400164e-08, 2.53461607258e-08, 7.06063918443e-09, 9.67038740751e-11],
        "dvar2": [8.75790320265e-08, 0.00112205615733, 0.000779406866059, 4.86034550704e-05, 9.28874396777e-06, 7.83673567639e-06, 4.07601655752e-05, 3.50828959199e-05, 1.20046515804e-05, 1.93968062376e-05, 1.1637701391e-05, 4.01730858357e-06, 8.29230884847e-06, 1.18660068438e-06, 2.64791833615e-06, 1.12098007321e-06, 7.99716474376e-07, 2.44967964136e-07, 3.63610155318e-07, 2.70792128276e-07, 9.06677115609e-08, 1.32409539333e-07, 5.49145049433e-08, 2.81293139892e-08, 5.74862255576e-08, 1.40686600147e-08, 2.51327791911e-10],
        "max": [0.00186004268471, 0.12160358578, 0.108342386782, 0.0409582853317, 0.0194386318326, 0.0265346318483, 0.0643183514476, 0.0633521825075, 0.0422333776951, 0.0373256467283, 0.0393625050783, 0.0256164930761, 0.0276238694787, 0.0118798715994, 0.0224356837571, 0.0118837030604, 0.00703922146931, 0.00611921446398, 0.00461747683585, 0.00651180557907, 0.00278667802922, 0.00471019558609, 0.00311236805283, 0.0021413215436, 0.00299234013073, 0.00184092100244, 0.000124116893858],
        "mean": [0.000213152656215, 0.0113281765953, 0.00728885969147, 0.00369168771431, 0.00218257913366, 0.0015029279748, 0.00177653506398, 0.0021916476544, 0.00107983185444, 0.00124119315296, 0.00148328603245, 0.000713842862751, 0.00109017267823, 0.000442782358732, 0.000739109062124, 0.000507629592903, 0.00087854184676, 0.000393724127207, 0.000634382769931, 0.000513292616233, 0.000289178307867, 0.000310164585244, 0.000197197397938, 0.000150599924382, 0.000163340679137, 0.000113652698928, 8.98865164345e-06],
        "median": [8.57007253217e-05, 0.00474267406389, 0.00323428958654, 0.00260722171515, 0.00151237403043, 0.000689713167958, 0.000602839281783, 0.000523681403138, 0.000118685908092, 0.000291898002615, 0.000317054858897, 0.00024594028946, 0.000272804987617, 0.000205416537938, 0.000446360209025, 0.000210403639358, 0.000630794209428, 0.000283559900708, 0.000500621332321, 0.000360304838978, 0.000177007183083, 0.000187748388271, 0.000102646903542, 8.16368628875e-05, 0.000113958187285, 9.17011930142e-05, 5.47104582438e-06],
        "min": [8.55363930569e-24, 3.8981842466e-23, 2.328516706e-23, 1.72430857494e-23, 7.44919459534e-23, 9.43818241229e-23, 4.22421951209e-23, 4.74563448234e-23, 6.03684138092e-23, 6.88767519885e-23, 8.23607577523e-23, 8.01412944401e-23, 8.07352751472e-23, 1.41530304934e-22, 1.15123280795e-22, 1.24852321272e-22, 1.92141739969e-22, 2.73389579067e-22, 3.6947374609e-22, 3.77929148548e-22, 2.72905534015e-22, 3.94808600974e-22, 6.82788673665e-22, 9.19658132762e-22, 1.30369086853e-21, 1.86973696346e-21, 2.51793091837e-21],
        "stdev": [0.000297776423395, 0.0194655135274, 0.0140753798187, 0.00389650091529, 0.0023395079188, 0.00248564803042, 0.00431826710701, 0.00501427985728, 0.00316336425021, 0.00336787407286, 0.0039006373845, 0.00192320963833, 0.00251492625102, 0.000989052117802, 0.00131287332624, 0.000928765221033, 0.000866339425556, 0.000385179970181, 0.000533327227458, 0.000537663814612, 0.000336941127898, 0.000405245780712, 0.000292600801913, 0.000227184325922, 0.000224494870054, 0.000120839744341, 1.07229989226e-05],
        "var": [8.86707951508e-08, 0.000378906232072, 0.000198116322281, 1.51827198351e-05, 5.47329682377e-06, 6.1784458012e-06, 1.86474317161e-05, 2.51430010394e-05, 1.00068737083e-05, 1.13425758173e-05, 1.52149714268e-05, 3.69873532691e-06, 6.3248544393e-06, 9.78224193204e-07, 1.7236363874e-06, 8.62604849772e-07, 7.50544018047e-07, 1.48363611174e-07, 2.84437930986e-07, 2.89082379368e-07, 1.13529324608e-07, 1.64224132959e-07, 8.56152340134e-08, 5.16127158789e-08, 5.03979471489e-08, 1.46022438585e-08, 1.14982703914e-10]
    },
    "erbbands": {
        "dmean": [0.180615395308, 2.7734105587, 8.1675157547, 8.09413051605, 4.84478569031, 3.79198050499, 6.11202478409, 7.63253068924, 13.5151567459, 24.5491905212, 22.455373764, 19.3058204651, 24.6747684479, 29.6167316437, 33.4385490417, 21.9832897186, 33.5149002075, 18.8998699188, 25.2407550812, 15.9267120361, 19.3486232758, 18.4413490295, 13.2127580643, 11.3484992981, 19.0597419739, 11.0860834122, 5.73509025574, 5.151866436, 5.33021259308, 3.65567517281, 2.38294363022, 1.50994110107, 1.05858409405, 0.90437823534, 0.491036713123, 0.225321531296, 0.0839628353715, 0.0187536180019, 0.000644551240839, 2.59390744759e-05],
        "dmean2": [0.294323980808, 4.71899795532, 13.9964609146, 14.4285497665, 8.39291954041, 6.07578706741, 9.51471138, 11.9163675308, 21.6323375702, 37.7755355835, 33.224609375, 27.7878437042, 37.4326820374, 44.0197105408, 49.4272575378, 34.2874565125, 51.6106109619, 28.4967842102, 40.8480758667, 25.10754776, 30.6671276093, 30.0979766846, 20.8051795959, 18.6316013336, 30.6047935486, 17.2811508179, 9.36269855499, 8.01589775085, 8.11643600464, 5.36746835709, 3.73706841469, 2.23549461365, 1.54681050777, 1.38329327106, 0.747477352619, 0.326542675495, 0.12358096987, 0.0294628925622, 0.00104482588358, 3.71127134713e-05],
        "dvar": [0.100644625723, 33.318447113, 342.375091553, 284.384155273, 69.6786651611, 41.1525497437, 116.685821533, 357.787322998, 1981.70129395, 3777.19775391, 5759.22509766, 3263.71411133, 6626.18652344, 9436.31445312, 6813.88232422, 4017.52832031, 7734.80712891, 1518.65356445, 2863.1875, 1873.71533203, 1031.98376465, 509.692047119, 298.916381836, 315.675201416, 616.470947266, 238.759460449, 63.1564369202, 65.9011917114, 70.7607192993, 47.7436752319, 19.4257850647, 7.24255657196, 3.40898275375, 4.08345222473, 1.04594969749, 0.186263039708, 0.022095805034, 0.00086394319078, 9.81194034466e-07, 9.95090454481e-10],
        "dvar2": [0.246610939503, 85.4365463257, 890.161376953, 808.087768555, 196.246749878, 92.995223999, 289.795227051, 880.102722168, 4774.41015625, 9380.28417969, 13156.9160156, 7142.39599609, 17102.0019531, 20663.265625, 15249.1630859, 9186.46582031, 18394.8574219, 2995.89990234, 7474.06347656, 3174.22192383, 2477.49291992, 1229.2857666, 735.397827148, 787.100708008, 1382.56616211, 535.819824219, 145.721694946, 157.627578735, 155.423583984, 98.3884963989, 45.6767997742, 16.2187690735, 7.3999414444, 9.79454517365, 2.21034669876, 0.35827895999, 0.0477720536292, 0.00200276030228, 2.46067406806e-06, 1.8732153606e-09],
        "max": [2.19830870628, 34.0327415466, 117.395462036, 120.766471863, 91.9134292603, 88.3617935181, 159.725692749, 289.180297852, 647.820068359, 885.528076172, 1213.89465332, 1198.33544922, 1147.66760254, 2153.47729492, 1639.83508301, 1111.43591309, 1246.50769043, 647.883483887, 1141.78796387, 1454.78137207, 718.750549316, 308.894378662, 306.173583984, 217.67489624, 281.18927002, 298.869598389, 115.74105835, 123.390380859, 177.540252686, 159.627441406, 95.7738571167, 53.4963912964, 34.3197288513, 36.1526298523, 18.5509853363, 11.0734596252, 2.48308348656, 0.484651297331, 0.015382444486, 0.000408101652283],
        "mean": [0.237517982721, 2.84570336342, 8.58860588074, 11.6074523926, 8.27644252777, 6.61156511307, 11.5027742386, 12.2612953186, 18.8479862213, 41.0339622498, 38.0730285645, 30.3887329102, 34.4910545349, 44.4583358765, 61.579864502, 35.4269371033, 49.7572784424, 32.8639602661, 37.8245391846, 28.4091644287, 32.0752334595, 37.438129425, 28.5571517944, 22.5901451111, 39.4322662354, 23.0351161957, 12.5708808899, 11.3453636169, 11.3544616699, 8.09772109985, 5.13269901276, 3.41158366203, 2.44300723076, 1.88285911083, 1.12878096104, 0.533453762531, 0.201814517379, 0.0365271009505, 0.00107568327803, 7.67057936173e-05],
        "median": [0.0805042684078, 1.2164349556, 3.50985527039, 7.96952581406, 5.99960422516, 3.85671925545, 5.91657304764, 4.17870140076, 7.47806406021, 12.7436590195, 11.2182035446, 5.19749116898, 7.33085298538, 14.8349905014, 12.758644104, 14.3262453079, 12.7825756073, 16.5252609253, 22.242401123, 16.4182567596, 20.5131072998, 27.4245357513, 21.284734726, 17.1168403625, 31.4246387482, 16.7280387878, 8.64960956573, 6.76923942566, 6.78448915482, 4.16730594635, 2.73937153816, 1.91315114498, 1.26212716103, 1.17670738697, 0.823834002018, 0.423072814941, 0.163839414716, 0.0286277793348, 0.000776849803515, 6.78044525557e-05],
        "min": [1.16406576996e-21, 8.84134582667e-21, 2.27783972609e-20, 5.19970095136e-20, 4.55218429097e-20, 3.80734899141e-19, 5.01327544392e-19, 7.75591890989e-19, 6.65785319034e-19, 8.4276485039e-19, 1.22461587467e-18, 1.07109166997e-18, 1.54226387984e-18, 3.1800174896e-18, 3.54014980122e-18, 3.64790496526e-18, 3.98554272051e-18, 7.37820870005e-18, 5.50928054636e-18, 6.59175184342e-18, 8.61039927439e-18, 8.82375562415e-18, 1.46976677243e-17, 1.6131122095e-17, 1.90440551657e-17, 2.17230499787e-17, 1.23184588817e-17, 1.28857393458e-17, 1.10346737439e-17, 1.69965151431e-17, 1.89375854404e-17, 1.75038365933e-17, 1.51603925589e-17, 1.11023089938e-17, 1.17083751297e-17, 5.44509960264e-18, 3.93929174374e-18, 1.39186621106e-18, 3.54078978052e-19, 3.68824745554e-20],
        "stdev": [0.359627753496, 5.21701192856, 16.0443992615, 14.2669296265, 8.29796695709, 9.42482566833, 16.296918869, 25.8725032806, 48.7487564087, 78.6123275757, 97.6642379761, 82.7193145752, 96.5509109497, 131.04776001, 159.200561523, 87.5762176514, 114.69203186, 55.2914581299, 60.4896812439, 67.1044464111, 45.9954681396, 35.5200500488, 26.8124198914, 21.7272033691, 34.6870117188, 23.6783237457, 12.8411073685, 13.8116359711, 14.4908275604, 12.6346511841, 7.48175621033, 4.96909809113, 3.79867362976, 2.73643994331, 1.52523112297, 0.622881710529, 0.207458108664, 0.0375435166061, 0.00115557317622, 4.64859112981e-05],
        "var": [0.129332125187, 27.2172145844, 257.42276001, 203.545288086, 68.8562545776, 88.827331543, 265.589569092, 669.386474609, 2376.44116211, 6179.89746094, 9538.30273438, 6842.484375, 9322.07910156, 17173.515625, 25344.8183594, 7669.59326172, 13154.2626953, 3057.14550781, 3659.00146484, 4503.00634766, 2115.58300781, 1261.67407227, 718.905822754, 472.071380615, 1203.1887207, 560.663024902, 164.89402771, 190.761276245, 209.984069824, 159.634414673, 55.9766769409, 24.6919364929, 14.4299221039, 7.4881029129, 2.32632994652, 0.387981653214, 0.043038867414, 0.00140951573849, 1.33534933866e-06, 2.16093987149e-09]
    },
    "gfcc": {
        "mean": [47.7222976685, 65.9464187622, -104.163757324, 40.304649353, -42.8241271973, 17.4046058655, -34.011013031, 15.7585573196, -28.8532390594, 9.97392368317, -20.5805606842, 4.00056838989, -20.0143947601],
        "cov": [[5707.48779297, -492.143951416, 332.282012939, 32.3793869019, -183.996398926, 253.22883606, -54.1309814453, 180.615356445, -22.1633930206, 122.353004456, -112.282051086, 39.4617347717, -123.45072937], [-492.143951416, 581.087158203, -152.257156372, -44.695766449, 77.0488433838, -102.050361633, 85.2866439819, 1.42807030678, 38.0108566284, -60.2378463745, 40.4274711609, -50.0982894897, 8.35355758667], [332.282012939, -152.257156372, 429.025146484, 125.072135925, 21.1454792023, 32.8342781067, -83.9191055298, 19.5397357941, 18.6490955353, 42.8292503357, -11.9789075851, 20.4609375, -25.294927597], [32.3793869019, -44.695766449, 125.072135925, 280.856689453, 72.0163650513, -0.254568934441, -60.3524703979, -39.9547157288, 28.1069049835, 11.8862543106, 12.2540597916, 2.20135307312, 19.7819194794], [-183.996398926, 77.0488433838, 21.1454792023, 72.0163650513, 178.385284424, 10.6655302048, 9.57312393188, -22.6654644012, -0.0387369506061, 9.39882564545, 3.31472110748, 0.981249630451, -2.21360516548], [253.22883606, -102.050361633, 32.8342781067, -0.254568934441, 10.6655302048, 186.846725464, 70.8101119995, -6.2187795639, -21.2817707062, 13.1565828323, 10.706410408, 20.493598938, 14.9563903809], [-54.1309814453, 85.2866439819, -83.9191055298, -60.3524703979, 9.57312393188, 70.8101119995, 161.020263672, 54.3481636047, -0.578217148781, -24.6514358521, 5.26821804047, -13.0366153717, 1.71293187141], [180.615356445, 1.42807030678, 19.5397357941, -39.9547157288, -22.6654644012, -6.2187795639, 54.3481636047, 139.74446106, 57.6452674866, 5.70934534073, -22.0412368774, -19.818145752, -7.51117372513], [-22.1633930206, 38.0108566284, 18.6490955353, 28.1069049835, -0.0387369506061, -21.2817707062, -0.578217148781, 57.6452674866, 112.946121216, 37.2347755432, -8.0928401947, -19.5522136688, 6.29684495926], [122.353004456, -60.2378463745, 42.8292503357, 11.8862543106, 9.39882564545, 13.1565828323, -24.6514358521, 5.70934534073, 37.2347755432, 82.7425537109, 20.8941898346, 13.3149986267, -7.28328037262], [-112.282051086, 40.4274711609, -11.9789075851, 12.2540597916, 3.31472110748, 10.706410408, 5.26821804047, -22.0412368774, -8.0928401947, 20.8941898346, 75.2108688354, 27.9140987396, 1.83110284805], [39.4617347717, -50.0982894897, 20.4609375, 2.20135307312, 0.981249630451, 20.493598938, -13.0366153717, -19.818145752, -19.5522136688, 13.3149986267, 27.9140987396, 72.7933197021, 30.2858581543], [-123.45072937, 8.35355758667, -25.294927597, 19.7819194794, -2.21360516548, 14.9563903809, 1.71293187141, -7.51117372513, 6.29684495926, -7.28328037262, 1.83110284805, 30.2858581543, 80.2798995972]],
        "icov": [[0.000282267836155, -0.000278001447441, 0.000102846381196, -0.000378591299523, 0.000505325617269, -0.0007150642341, 0.000490910839289, -0.000754585664254, 0.000621374987531, -0.00071058148751, 0.000972174224444, -0.000684232974891, 0.000777507724706], [-0.000278001447441, 0.00448707537726, -0.000433940906078, 0.00197844672948, -0.00285972934216, 0.00371369207278, -0.00315265310928, 0.00276850140654, -0.00378241902217, 0.00449073221534, -0.00562048237771, 0.00388058484532, -0.00259474478662], [0.000102846381196, -0.000433940906078, 0.00390787189826, -0.00193995470181, 0.000317443656968, -0.00218006060459, 0.0029645927716, -0.00265028257854, 0.000889510149136, -0.00108319951687, 0.00184791639913, -0.00237037055194, 0.00270036538132], [-0.000378591299523, 0.00197844672948, -0.00193995470181, 0.0069224787876, -0.00366237876005, 0.00167220504954, -0.000108410815301, 0.00344606325962, -0.00442839181051, 0.0041986014694, -0.00517107639462, 0.00403540022671, -0.00386902829632], [0.000505325617269, -0.00285972934216, 0.000317443656968, -0.00366237876005, 0.00904708914459, -0.00230373465456, -1.31481920107e-05, -0.000927304965444, 0.00323022785597, -0.0050756605342, 0.00562909059227, -0.00364327593707, 0.00320148048922], [-0.0007150642341, 0.00371369207278, -0.00218006060459, 0.00167220504954, -0.00230373465456, 0.0128087652847, -0.00963473971933, 0.00575329363346, -0.00169297144748, 0.000530092511326, -0.00437832158059, 0.00304523995146, -0.00515902228653], [0.000490910839289, -0.00315265310928, 0.0029645927716, -0.000108410815301, -1.31481920107e-05, -0.00963473971933, 0.0170597787946, -0.009253019467, 0.00282495724969, 0.00172940141056, 0.000496144290082, -0.000971069384832, 0.00289898249321], [-0.000754585664254, 0.00276850140654, -0.00265028257854, 0.00344606325962, -0.000927304965444, 0.00575329363346, -0.009253019467, 0.0170755591244, -0.00986344832927, 0.00349746714346, -0.00168732937891, 0.00265803118236, -0.00230833375826], [0.000621374987531, -0.00378241902217, 0.000889510149136, -0.00442839181051, 0.00323022785597, -0.00169297144748, 0.00282495724969, -0.00986344832927, 0.0212371852249, -0.0136199714616, 0.00635259458795, 0.00158160668798, -0.00150104460772], [-0.00071058148751, 0.00449073221534, -0.00108319951687, 0.0041986014694, -0.0050756605342, 0.000530092511326, 0.00172940141056, 0.00349746714346, -0.0136199714616, 0.0262875035405, -0.0123979663476, 0.000910562928766, 0.000508216849994], [0.000972174224444, -0.00562048237771, 0.00184791639913, -0.00517107639462, 0.00562909059227, -0.00437832158059, 0.000496144290082, -0.00168732937891, 0.00635259458795, -0.0123979663476, 0.0278453789651, -0.0138875953853, 0.00771967833862], [-0.000684232974891, 0.00388058484532, -0.00237037055194, 0.00403540022671, -0.00364327593707, 0.00304523995146, -0.000971069384832, 0.00265803118236, 0.00158160668798, 0.000910562928766, -0.0138875953853, 0.0285040028393, -0.0140735125169], [0.000777507724706, -0.00259474478662, 0.00270036538132, -0.00386902829632, 0.00320148048922, -0.00515902228653, 0.00289898249321, -0.00230833375826, -0.00150104460772, 0.000508216849994, 0.00771967833862, -0.0140735125169, 0.0217948816717]]
    },
    "melbands": {
        "dmean": [0.00227249134332, 0.00366550730541, 0.00123779685237, 0.000293155113468, 0.000187323472346, 0.000164387092809, 0.000233854851103, 0.000276552658761, 0.000160699739354, 0.000128326821141, 0.000123286779854, 0.000118834745081, 0.000103191334347, 7.43697746657e-05, 4.78243273392e-05, 8.20397690404e-05, 3.25036489812e-05, 3.88480148104e-05, 2.91845262836e-05, 2.89314666588e-05, 2.44454204221e-05, 2.11016122194e-05, 2.18405803025e-05, 1.02948433778e-05, 9.75463808572e-06, 1.39167477755e-05, 1.43424940688e-05, 6.59903480482e-06, 3.82183498004e-06, 3.69821350432e-06, 3.2023674521e-06, 3.39191433341e-06, 2.65274957201e-06, 1.93285609384e-06, 1.53557289195e-06, 1.17134550237e-06, 9.55778205025e-07, 7.87176361428e-07, 7.59984743581e-07, 8.21702940357e-07],
        "dmean2": [0.00380750442855, 0.00616529164836, 0.00219307350926, 0.000490973994602, 0.000290761032375, 0.000256061466644, 0.000372806680389, 0.000424496742198, 0.000239700835664, 0.000184065211215, 0.000186510937056, 0.000177536101546, 0.000154029752593, 0.000114150352601, 7.69067191868e-05, 0.000124555517687, 4.913601515e-05, 6.30955182714e-05, 4.65793673357e-05, 4.61373638245e-05, 3.98780139221e-05, 3.42945131706e-05, 3.57294193236e-05, 1.65617911989e-05, 1.63819422596e-05, 2.24030700338e-05, 2.28047956625e-05, 1.0480624951e-05, 6.23650839771e-06, 6.18442209088e-06, 4.95912263432e-06, 5.29715953235e-06, 4.15612703364e-06, 2.87936290988e-06, 2.48275978265e-06, 1.81704842817e-06, 1.42946657888e-06, 1.16525416161e-06, 1.12631278171e-06, 1.30138300847e-06],
        "dvar": [1.87071673281e-05, 6.12950316281e-05, 6.33696254226e-06, 2.37342888454e-07, 9.8587975117e-08, 1.50610048877e-07, 5.49441949715e-07, 4.90837919642e-07, 2.94492451758e-07, 1.57956364433e-07, 1.69254576576e-07, 1.59672055133e-07, 6.81768170807e-08, 3.6416043514e-08, 1.97454834705e-08, 3.99256698813e-08, 6.48707176865e-09, 8.2164746118e-09, 5.21117859975e-09, 3.74802588965e-09, 1.4507653967e-09, 6.7003302906e-10, 9.88515491684e-10, 2.49550324849e-10, 2.58183946444e-10, 3.27694954505e-10, 3.84838799716e-10, 9.56635604066e-11, 3.08868555732e-11, 2.8001738081e-11, 2.55363230561e-11, 2.66633919804e-11, 2.99579736018e-11, 1.34608635002e-11, 8.36253635783e-12, 5.12568503266e-12, 2.67189287188e-12, 2.04221708988e-12, 2.3248243608e-12, 3.81540155373e-12],
        "dvar2": [4.78235924675e-05, 0.000148002276546, 1.7889056835e-05, 6.29793589724e-07, 2.4546250188e-07, 3.75499013217e-07, 1.36217784075e-06, 1.19535729937e-06, 6.53211259305e-07, 3.47519943489e-07, 4.33330683336e-07, 3.64097417105e-07, 1.4841458551e-07, 8.33879383322e-08, 5.12508577799e-08, 8.15667320353e-08, 1.28178561098e-08, 2.13257127513e-08, 1.18009131356e-08, 8.58218118793e-09, 3.63816132776e-09, 1.61691193767e-09, 2.63082844398e-09, 6.62406685059e-10, 6.52891130049e-10, 7.67760244269e-10, 8.81370809669e-10, 2.33107172454e-10, 7.49768788721e-11, 6.69967276101e-11, 6.3536904904e-11, 6.21400361722e-11, 6.87430251611e-11, 2.80947244635e-11, 2.05282128102e-11, 1.1490731977e-11, 6.49350538617e-12, 4.81825516985e-12, 5.18257832482e-12, 9.76769186367e-12],
        "max": [0.0246464647353, 0.0450300350785, 0.0173703264445, 0.00509960856289, 0.00415366562083, 0.00579434027895, 0.00981769058853, 0.00788312405348, 0.00804187078029, 0.00821338500828, 0.00595333846286, 0.00821002572775, 0.00446173641831, 0.00379926268943, 0.00260779936798, 0.00383328576572, 0.00144692009781, 0.00196021958254, 0.00216893176548, 0.00115363148507, 0.000749829574488, 0.000310682022246, 0.00045487828902, 0.000317039055517, 0.000197189030587, 0.000254436163232, 0.000299380568322, 0.000163531643921, 8.50340438774e-05, 7.02552715666e-05, 7.67256642575e-05, 0.000108416083094, 9.02636165847e-05, 8.95666453289e-05, 6.37446792098e-05, 4.6378801926e-05, 2.72900615528e-05, 2.7351985409e-05, 3.07681220875e-05, 3.76973184757e-05],
        "mean": [0.00265040062368, 0.00427101366222, 0.00185530993622, 0.000501726462971, 0.000367004919099, 0.000265640526777, 0.000321450905176, 0.000472601037472, 0.00026609012275, 0.000192102976143, 0.000166479483596, 0.000170054961927, 0.000181472176337, 0.000128671439597, 6.36873519397e-05, 0.000125838079839, 5.05587595399e-05, 5.52472010895e-05, 4.60682458652e-05, 4.31093903899e-05, 3.74416158593e-05, 3.84062659577e-05, 4.04113161494e-05, 1.81799860002e-05, 1.67626567418e-05, 2.70362488664e-05, 2.71537010121e-05, 1.24198959384e-05, 7.50387789594e-06, 7.27169526726e-06, 6.47267825116e-06, 6.77246544001e-06, 5.36932975592e-06, 4.18419131165e-06, 3.04964100906e-06, 2.3707470973e-06, 1.97491226572e-06, 1.73237719991e-06, 1.56124144723e-06, 1.59899138907e-06],
        "median": [0.00104483787436, 0.0019496565219, 0.00132672314066, 0.000337994599249, 0.000204793803277, 9.7883741546e-05, 0.000118282536278, 0.000141598109622, 7.15787100489e-05, 2.20907368202e-05, 2.71482658718e-05, 4.74819680676e-05, 3.73200455215e-05, 3.94387716369e-05, 2.24729246838e-05, 3.25871369569e-05, 2.43957492785e-05, 3.03365395666e-05, 2.81418451777e-05, 1.60707841133e-05, 2.4954078981e-05, 2.80530130112e-05, 2.70370383078e-05, 1.20823224279e-05, 1.20219292512e-05, 2.12275863305e-05, 1.84782838915e-05, 8.2636015577e-06, 4.98172266816e-06, 4.51381674793e-06, 3.64280390386e-06, 4.21445247412e-06, 2.81736993202e-06, 2.09999052458e-06, 1.58578609444e-06, 1.29634986479e-06, 1.10786027108e-06, 8.12002667772e-07, 9.14244878913e-07, 9.96703533929e-07],
        "min": [1.1495836469e-23, 1.21038896658e-23, 8.07891701243e-24, 1.33640847067e-23, 1.81897645896e-23, 1.73916582346e-23, 1.10014636505e-23, 8.63479258246e-24, 1.04724211842e-23, 7.2723619571e-24, 8.13053849235e-24, 1.27030192682e-23, 1.20396266899e-23, 8.3838519842e-24, 1.03901800683e-23, 8.88202159015e-24, 1.35936337638e-23, 7.87456890582e-24, 9.29337784235e-24, 8.39305010236e-24, 1.09103849259e-23, 9.33285244205e-24, 9.55878693847e-24, 1.56134568914e-23, 1.24353406192e-23, 1.47588491629e-23, 1.20449799e-23, 1.47776303633e-23, 6.08756111393e-24, 8.23741731209e-24, 8.51600038532e-24, 6.74475916192e-24, 6.31511316964e-24, 1.12813018015e-23, 1.10635785582e-23, 1.12609168468e-23, 1.00616234455e-23, 9.83718147394e-24, 1.08934346716e-23, 8.76924682401e-24],
        "stdev": [0.00428023375571, 0.00725900987163, 0.00214110244997, 0.00057654036209, 0.000476838147733, 0.000523183553014, 0.000804294017144, 0.000926057633478, 0.000708985258825, 0.000564966991078, 0.000488096789923, 0.000534026010428, 0.000466361729195, 0.000295316072879, 0.000159541654284, 0.000295126519632, 0.000110451837827, 0.000102386737126, 8.94048644113e-05, 8.48735362524e-05, 5.07113109052e-05, 3.74020601157e-05, 4.69358201372e-05, 1.97147073777e-05, 1.87231853488e-05, 2.43015820161e-05, 2.90211482934e-05, 1.40132497108e-05, 8.12822327134e-06, 8.60936142999e-06, 8.14381564851e-06, 8.24628295959e-06, 8.41540804686e-06, 6.80894572724e-06, 4.54608789369e-06, 3.70409816242e-06, 2.84231828118e-06, 2.89715444524e-06, 2.3421878268e-06, 2.37529502556e-06],
        "var": [1.83204010682e-05, 5.26932271896e-05, 4.58431986772e-06, 3.32398798264e-07, 2.2737461336e-07, 2.73721042277e-07, 6.46888906886e-07, 8.57582790559e-07, 5.0266010021e-07, 3.19187677178e-07, 2.38238470729e-07, 2.85183801907e-07, 2.17493266064e-07, 8.72115748507e-08, 2.54535397204e-08, 8.70996572644e-08, 1.21996084346e-08, 1.04830446546e-08, 7.99323007783e-09, 7.20351733818e-09, 2.57163712547e-09, 1.39891398465e-09, 2.20297113884e-09, 3.88669707529e-10, 3.50557693984e-10, 5.90566873182e-10, 8.42227065867e-10, 1.96371155448e-10, 6.60680121722e-11, 7.41211120259e-11, 6.63217328278e-11, 6.8001181075e-11, 7.08190936449e-11, 4.63617443047e-11, 2.06669160951e-11, 1.37203425704e-11, 8.07877376108e-12, 8.39350377396e-12, 5.48584398394e-12, 5.64202677633e-12]
    },
    "melbands128": {
