{
"lowlevel": {
    "average_loudness": 0.975882172585,
    "barkbands_crest": {
        "dmean": 2.38894128799,
        "dmean2": 3.59626865387,
        "dvar": 7.16435432434,
        "dvar2": 14.7196502686,
        "max": 24.376543045,
        "mean": 9.44494438171,
        "median": 8.43660354614,
        "min": 3.22404265404,
        "stdev": 4.04619455338,
        "var": 16.3716888428
    },
    "barkbands_flatness_db": {
        "dmean": 0.0222907885909,
        "dmean2": 0.0330238305032,
        "dvar": 0.000766093668062,
        "dvar2": 0.00139040453359,
        "max": 0.355692088604,
        "mean": 0.133296385407,
        "median": 0.127447083592,
        "min": 0.031422432512,
        "stdev": 0.0500941500068,
        "var": 0.00250942376442
    },
    "barkbands_kurtosis": {
        "dmean": 4.87953233719,
        "dmean2": 7.42051506042,
        "dvar": 156.622085571,
        "dvar2": 343.16104126,
        "max": 124.840171814,
        "mean": 5.1255440712,
        "median": 1.60171937943,
        "min": -1.80297267437,
        "stdev": 13.1843709946,
        "var": 173.827636719
    },
    "barkbands_skewness": {
        "dmean": 0.643228948116,
        "dmean2": 0.901111423969,
        "dvar": 1.07415795326,
        "dvar2": 1.8935444355,
        "max": 9.49059486389,
        "mean": 1.36647439003,
        "median": 1.08090591431,
        "min": -2.29981231689,
        "stdev": 1.43808829784,
        "var": 2.06809806824
    },
    "barkbands_spread": {
        "dmean": 5.31523036957,
        "dmean2": 7.78534698486,
        "dvar": 48.2538566589,
        "dvar2": 92.0614929199,
        "max": 98.423538208,
        "mean": 19.7201290131,
        "median": 17.7285079956,
        "min": 0.982089340687,
        "stdev": 12.1382875443,
        "var": 147.338027954
    },
    "dissonance": {
        "dmean": 0.0260988213122,
        "dmean2": 0.0438091047108,
        "dvar": 0.000536846695468,
        "dvar2": 0.00143231265247,
        "max": 0.499997258186,
        "mean": 0.442795097828,
        "median": 0.450029343367,
        "min": 0.232435122132,
        "stdev": 0.0374693199992,
        "var": 0.00140395003837
    },
    "dynamic_complexity": 1.80923891068,
    "erbbands_crest": {
        "dmean": 2.51294875145,
        "dmean2": 3.91064381599,
        "dvar": 5.93596076965,
        "dvar2": 13.8798837662,
        "max": 27.9070472717,
        "mean": 10.7096014023,
        "median": 10.1019763947,
        "min": 2.63931512833,
        "stdev": 4.28711223602,
        "var": 18.3793315887
    },
    "erbbands_flatness_db": {
        "dmean": 0.0185578353703,
        "dmean2": 0.0249991584569,
        "dvar": 0.000475898559671,
        "dvar2": 0.000808445154689,
        "max": 0.312833428383,
        "mean": 0.159521088004,
        "median": 0.159340307117,
        "min": 0.0655873790383,
        "stdev": 0.0447903722525,
        "var": 0.00200617755763
    },
    "erbbands_kurtosis": {
        "dmean": 0.929239571095,
        "dmean2": 1.39343714714,
        "dvar": 1.21758723259,
        "dvar2": 2.73315787315,
        "max": 14.6297645569,
        "mean": 1.45301771164,
        "median": 1.24819421768,
        "min": -1.61331439018,
        "stdev": 2.07891941071,
        "var": 4.32190561295
    },
    "erbbands_skewness": {
        "dmean": 0.326386362314,
        "dmean2": 0.485495984554,
        "dvar": 0.106124900281,
        "dvar2": 0.232838064432,
        "max": 3.21716547012,
        "mean": 0.673839688301,
        "median": 0.658120334148,
        "min": -1.98263585567,
        "stdev": 0.653645634651,
        "var": 0.427252650261
    },
    "erbbands_spread": {
        "dmean": 7.49632072449,
        "dmean2": 10.6972160339,
        "dvar": 90.4171981812,
        "dvar2": 177.057907104,
        "max": 115.010848999,
        "mean": 31.6113967896,
        "median": 24.3185977936,
        "min": 7.23525047302,
        "stdev": 19.2269916534,
        "var": 369.677185059
    },
    "hfc": {
        "dmean": 7.45270252228,
        "dmean2": 10.9583101273,
        "dvar": 151.57875061,
        "dvar2": 307.428375244,
        "max": 118.621589661,
        "mean": 24.3137264252,
        "median": 19.8630218506,
        "min": 0.000205543343327,
        "stdev": 18.5638084412,
        "var": 344.614959717
    },
    "loudness_ebu128": {
        "integrated": -9.94960308075,
        "loudness_range": 2.1541852951,
        "momentary": {
            "dmean": 0.761616110802,
            "dmean2": 1.26093554497,
            "dvar": 0.581808686256,
            "dvar2": 0.908105909824,
            "max": -6.63163995743,
            "mean": -10.226934433,
            "median": -10.001865387,
            "min": -16.5077934265,
            "stdev": 1.64427411556,
            "var": 2.70363736153
        },
        "short_term": {
            "dmean": 0.0991952344775,
            "dmean2": 0.158680453897,
            "dvar": 0.00775549234822,
            "dvar2": 0.0163926500827,
            "max": -8.67003822327,
            "mean": -10.0470104218,
            "median": -9.96017456055,
            "min": -11.8109712601,
            "stdev": 0.723987519741,
            "var": 0.524157941341
        }
    },
    "melbands_crest": {
        "dmean": 3.28180742264,
        "dmean2": 4.7159485817,
        "dvar": 14.5694255829,
        "dvar2": 30.3264522552,
        "max": 34.7138824463,
        "mean": 12.3331880569,
        "median": 10.7779798508,
        "min": 3.56833291054,
        "stdev": 5.63001394272,
        "var": 31.6970558167
    },
    "melbands_flatness_db": {
        "dmean": 0.0270589459687,
        "dmean2": 0.0395114868879,
        "dvar": 0.00134815927595,
        "dvar2": 0.00229801097885,
        "max": 0.471588015556,
        "mean": 0.199399843812,
        "median": 0.187665373087,
        "min": 0.0361815243959,
        "stdev": 0.06831176579,
        "var": 0.00466649746522
    },
    "melbands_kurtosis": {
        "dmean": 9.30609512329,
        "dmean2": 14.1135759354,
        "dvar": 552.98449707,
        "dvar2": 1109.98742676,
        "max": 253.697875977,
        "mean": 11.829325676,
        "median": 3.91344499588,
        "min": -1.69888949394,
        "stdev": 26.5298938751,
        "var": 703.835266113
    },
    "melbands_skewness": {
        "dmean": 0.783670127392,
        "dmean2": 1.0899720192,
        "dvar": 1.57815349102,
        "dvar2": 2.6531162262,
        "max": 12.2083349228,
        "mean": 2.01491570473,
        "median": 1.46315336227,
        "min": -0.282558113337,
        "stdev": 1.86124038696,
        "var": 3.46421575546
    },
    "melbands_spread": {
        "dmean": 5.99695682526,
        "dmean2": 8.81414031982,
        "dvar": 96.8304290771,
        "dvar2": 164.432693481,
        "max": 221.209182739,
        "mean": 23.0549602509,
        "median": 20.5004940033,
        "min": 0.832446038723,
        "stdev": 18.2169895172,
        "var": 331.858734131
    },
    "pitch_salience": {
        "dmean": 0.0677484497428,
        "dmean2": 0.101756855845,
        "dvar": 0.00505843106657,
        "dvar2": 0.0108383083716,
        "max": 0.901435375214,
        "mean": 0.550723731518,
        "median": 0.557889282703,
        "min": 0.136668413877,
        "stdev": 0.117987073958,
        "var": 0.0139209488407
    },
    "silence_rate_20dB": {
        "dmean": 0,
        "dmean2": 0,
        "dvar": 0,
        "dvar2": 0,
        "max": 1,
        "mean": 1,
        "median": 1,
        "min": 1,
        "stdev": 0,
        "var": 0
    },
    "silence_rate_30dB": {
        "dmean": 0.0727554187179,
        "dmean2": 0.145623549819,
        "dvar": 0.0674627572298,
        "dvar2": 0.124419152737,
        "max": 1,
        "mean": 0.896365046501,
        "median": 1,
        "min": 0,
        "stdev": 0.304786741734,
        "var": 0.0928949639201
    },
    "silence_rate_60dB": {
        "dmean": 0.0100619196892,
        "dmean2": 0.0193648338318,
        "dvar": 0.00996053218842,
        "dvar2": 0.018990399316,
        "max": 1,
        "mean": 0.0185614842921,
        "median": 0,
        "min": 0,
        "stdev": 0.134972214699,
        "var": 0.0182175002992
    },
    "spectral_centroid": {
        "dmean": 206.436508179,
        "dmean2": 317.633789062,
        "dvar": 75472.5078125,
        "dvar2": 159425.109375,
        "max": 4788.77832031,
        "mean": 1137.12219238,
        "median": 1085.6652832,
        "min": 185.890563965,
        "stdev": 507.014312744,
        "var": 257063.5
    },
    "spectral_complexity": {
        "dmean": 2.75541806221,
        "dmean2": 4.13632822037,
        "dvar": 14.1723213196,
        "dvar2": 26.5531253815,
        "max": 59,
        "mean": 16.6442375183,
        "median": 15,
        "min": 0,
        "stdev": 7.14388847351,
        "var": 51.0351409912
    },
    "spectral_decrease": {
        "dmean": 6.80111567064e-09,
        "dmean2": 9.98724924983e-09,
        "dvar": 2.50138437854e-16,
        "dvar2": 5.53976064647e-16,
        "max": -5.34515093048e-14,
        "mean": -1.09986322272e-08,
        "median": -6.12985262549e-09,
        "min": -1.0778443027e-07,
        "stdev": 1.68354237218e-08,
        "var": 2.83431464893e-16
    },
    "spectral_energy": {
        "dmean": 0.0261833295226,
        "dmean2": 0.0383911915123,
        "dvar": 0.00362485228106,
        "dvar2": 0.00804406777024,
        "max": 0.411899387836,
        "mean": 0.0437167547643,
        "median": 0.0253567975014,
        "min": 2.20381977556e-07,
        "stdev": 0.0641415789723,
        "var": 0.00411414261907
    },
    "spectral_energyband_high": {
        "dmean": 0.00043546615052,
        "dmean2": 0.00058372982312,
        "dvar": 8.95654977739e-07,
        "dvar2": 1.41454347613e-06,
        "max": 0.0109493136406,
        "mean": 0.000978216063231,
        "median": 0.000431040214607,
        "min": 4.15747036797e-09,
        "stdev": 0.00159576325677,
        "var": 2.54646033682e-06
    },
    "spectral_energyband_low": {
        "dmean": 0.021016722545,
        "dmean2": 0.0304314978421,
        "dvar": 0.00330897863023,
        "dvar2": 0.00724168727174,
        "max": 0.373672544956,
        "mean": 0.0231640245765,
        "median": 0.00565625587478,
        "min": 3.19929540638e-08,
        "stdev": 0.0602393634617,
        "var": 0.00362878083251
    },
    "spectral_energyband_middle_high": {
        "dmean": 0.00178381649312,
        "dmean2": 0.00261282059364,
        "dvar": 8.81629057403e-06,
        "dvar2": 2.11687256524e-05,
        "max": 0.0518207773566,
        "mean": 0.00649623991922,
        "median": 0.0045824740082,
        "min": 1.14112339133e-07,
        "stdev": 0.00554656609893,
        "var": 3.07643967972e-05
    },
    "spectral_energyband_middle_low": {
        "dmean": 0.00756551744416,
        "dmean2": 0.0131527846679,
        "dvar": 0.000240579596721,
        "dvar2": 0.000679810822476,
        "max": 0.137448355556,
        "mean": 0.0148011166602,
        "median": 0.0115663819015,
        "min": 8.22458403604e-08,
        "stdev": 0.0137775335461,
        "var": 0.000189820420928
    },
    "spectral_entropy": {
        "dmean": 0.178644016385,
        "dmean2": 0.267513871193,
        "dvar": 0.0468833595514,
        "dvar2": 0.0966604948044,
        "max": 8.8967294693,
        "mean": 7.43373823166,
        "median": 7.39054536819,
        "min": 5.93178033829,
        "stdev": 0.449214547873,
        "var": 0.201793715358
    },
    "spectral_flux": {
        "dmean": 0.0495472475886,
        "dmean2": 0.0723887309432,
        "dvar": 0.00668829865754,
        "dvar2": 0.0121594686061,
        "max": 0.583124339581,
        "mean": 0.106904126704,
        "median": 0.0617094151676,
        "min": 0.000469448597869,
        "stdev": 0.11349145323,
        "var": 0.0128803104162
    },
    "spectral_kurtosis": {
        "dmean": 1.6142758131,
        "dmean2": 2.63260817528,
        "dvar": 11.4700059891,
        "dvar2": 25.8655738831,
        "max": 67.8207015991,
        "mean": 4.95757293701,
        "median": 4.3026766777,
        "min": -1.03503298759,
        "stdev": 4.31989240646,
        "var": 18.6614723206
    },
    "spectral_rms": {
        "dmean": 0.00139456777833,
        "dmean2": 0.00197235750966,
        "dvar": 6.48546165394e-06,
        "dvar2": 1.27613639052e-05,
        "max": 0.0200462732464,
        "mean": 0.00569240795448,
        "median": 0.00497376499698,
        "min": 1.46631100506e-05,
        "stdev": 0.00320109422319,
        "var": 1.0247004866e-05
    },
    "spectral_rolloff": {
        "dmean": 460.780853271,
        "dmean2": 734.265380859,
        "dvar": 1118885.75,
        "dvar2": 2276012.25,
        "max": 13006.0546875,
        "mean": 1410.74560547,
        "median": 1119.7265625,
        "min": 64.599609375,
        "stdev": 1529.19775391,
        "var": 2338445.75
    },
    "spectral_skewness": {
        "dmean": 0.208195030689,
        "dmean2": 0.332226037979,
        "dvar": 0.0888209715486,
        "dvar2": 0.199037224054,
        "max": 6.05141401291,
        "mean": 1.77612495422,
        "median": 1.75934267044,
        "min": 0.157762348652,
        "stdev": 0.520128130913,
        "var": 0.270533293486
    },
    "spectral_spread": {
        "dmean": 641182.9375,
        "dmean2": 876271.5625,
        "dvar": 771860529152,
        "dvar2": 1.33082657587e+12,
        "max": 15218531,
        "mean": 5139154.5,
        "median": 4735603.5,
        "min": 1198926.25,
        "stdev": 1746009,
        "var": 3.04854728704e+12
    },
    "spectral_strongpeak": {
        "dmean": 0.678143441677,
        "dmean2": 1.14865720272,
        "dvar": 0.886197030544,
        "dvar2": 2.00215172768,
        "max": 8.59097099304,
        "mean": 1.55573916435,
        "median": 1.08115875721,
        "min": 0,
        "stdev": 1.4743065834,
        "var": 2.17357993126
    },
    "zerocrossingrate": {
        "dmean": 0.0119235860184,
        "dmean2": 0.0135364728048,
        "dvar": 0.000303724576952,
        "dvar2": 0.000303324661218,
        "max": 0.3876953125,
        "mean": 0.0612775981426,
        "median": 0.0517578125,
        "min": 0.00732421875,
        "stdev": 0.042515847832,
        "var": 0.00180759746581
    },
    "barkbands": {
        "dmean": [0.00200232607313, 0.013484579511, 0.00777649739757, 0.00303871720098, 0.00218197330832, 0.00155775691383, 0.000688229629304, 0.00120279472321, 0.00085044367006, 0.000987137900665, 0.000499562476762, 0.000250135024544, 0.000320599647239, 0.000508576573338, 0.000221094756853, 9.59704630077e-05, 9.81694392976e-05, 9.98246541712e-05, 0.000111957095214, 9.05068591237e-05, 6.25507091172e-05, 9.78020980256e-05, 7.50188337406e-05, 7.72276689531e-05, 8.41275250423e-05, 6.5887135861e-05, 1.72037289303e-05],
        "dmean2": [0.00347527791746, 0.0201247204095, 0.0144687164575, 0.00563786318526, 0.00383058097214, 0.00260891020298, 0.00107895501424, 0.00189034617506, 0.00125319161452, 0.0014558165567, 0.00074689934263, 0.000391572219087, 0.000496380729601, 0.000767974648625, 0.00034365610918, 0.000161072050105, 0.000152961729327, 0.000159541203175, 0.000177456575329, 0.000148755134433, 9.38765224419e-05, 0.00014608805941, 0.000107196930912, 0.000110220069473, 0.000116371098557, 9.72037450993e-05, 2.78830502793e-05],
        "dvar": [4.01621655328e-05, 0.00146095186938, 0.000684840139002, 8.50103169796e-05, 1.51376580106e-05, 1.71350184246e-05, 2.84696307062e-06, 9.86797567748e-06, 2.19823232328e-06, 3.76782736566e-06, 1.37020242619e-06, 2.74745275419e-07, 5.45125601548e-07, 7.24595793145e-07, 2.53830222618e-07, 3.36580434634e-08, 5.94868723169e-08, 6.5304973873e-08, 7.93808467847e-08, 4.91533853619e-08, 2.656270226e-08, 5.24446797101e-08, 1.97843981198e-08, 3.98617281405e-08, 4.56033433238e-08, 2.58057415436e-08, 2.54367216179e-09],
        "dvar2": [0.000107109000965, 0.00306598655879, 0.00194431224372, 0.000243550850428, 4.2126270273e-05, 4.68852449558e-05, 6.87913598085e-06, 2.37329186348e-05, 4.93199831908e-06, 7.35438470656e-06, 3.34075139108e-06, 6.09108667504e-07, 1.26231043396e-06, 1.5318619262e-06, 5.36277184437e-07, 8.25858919029e-08, 1.36754110258e-07, 1.71569965346e-07, 2.07289701848e-07, 1.3087071693e-07, 5.29987005393e-08, 1.05364918568e-07, 3.62926755315e-08, 6.46248139446e-08, 7.9287161725e-08, 5.18383416193e-08, 6.19342088726e-09],
        "max": [0.0410621389747, 0.252466976643, 0.167623385787, 0.0844713002443, 0.0311682391912, 0.0496639460325, 0.0320369899273, 0.0585257746279, 0.024975400418, 0.0226195789874, 0.0229674335569, 0.0108591336757, 0.0158575698733, 0.0158628597856, 0.0110436510295, 0.00336287869141, 0.00422761822119, 0.00431796815246, 0.00364947342314, 0.00371826370247, 0.00216149818152, 0.00286870263517, 0.00194806128275, 0.00384042179212, 0.00341019197367, 0.0018905212637, 0.000594915007241],
        "mean": [0.00144640449435, 0.0151206292212, 0.00552248349413, 0.00225838064216, 0.00328265922144, 0.00223499443382, 0.00132195884362, 0.00219315174036, 0.00221789302304, 0.00213594106026, 0.00119049532805, 0.000508123310283, 0.00065348186763, 0.00135608715937, 0.000484360469272, 0.000172821208253, 0.000180411050678, 0.000166905825608, 0.000212408383959, 0.000177967333002, 0.000114460344776, 0.000188143589185, 0.00016712010256, 0.000162087831995, 0.000142680786666, 8.95684788702e-05, 1.51393332999e-05],
        "median": [9.38431549002e-05, 0.00389635632746, 0.000917292491067, 0.000536059960723, 0.00196662032977, 0.00103805889376, 0.000634029740468, 0.00102625135332, 0.000931144459173, 0.000470925675472, 0.000496565480717, 0.000242119771428, 0.000380987010431, 0.000533927464858, 0.000191285522305, 0.000110747256258, 6.47906781523e-05, 6.77612915752e-05, 0.000102155878267, 9.8363692814e-05, 3.73857183149e-05, 7.86563250585e-05, 8.24640956125e-05, 5.24270399183e-05, 3.28820678988e-05, 1.44655887198e-05, 5.85516488627e-07],
        "min": [4.87815954298e-10, 1.04439159543e-08, 1.3742152305e-08, 1.42100091693e-08, 2.04988044317e-08, 2.73264078032e-09, 8.25898993639e-09, 1.35493865017e-08, 1.39840938829e-08, 3.71974877567e-08, 3.26639444381e-08, 5.87922777129e-09, 9.41992617243e-09, 2.48023610538e-08, 3.62294039213e-09, 1.23296783894e-09, 6.63916532861e-10, 5.37712319115e-10, 1.51049039943e-09, 2.13518847048e-09, 2.83303713822e-10, 3.29053950754e-10, 7.19392156956e-10, 2.5670052195e-10, 5.19340404015e-10, 5.66947377934e-10, 8.32935066405e-13],
        "stdev": [0.0053187282756, 0.0401360504329, 0.0201829280704, 0.00703156972304, 0.00395062472671, 0.00395584618673, 0.00222377805039, 0.00386231555603, 0.00280867773108, 0.00355383357964, 0.00181043485645, 0.000897652178537, 0.000895617762581, 0.00220857630484, 0.000989057589322, 0.000227715980145, 0.000386433617678, 0.000319420127198, 0.00032949630986, 0.000265420239884, 0.000226794290938, 0.000330306327669, 0.000248361233389, 0.000338962738169, 0.000343048450304, 0.000208689249121, 4.78420188301e-05],
        "var": [2.82888686343e-05, 0.0016109024873, 0.000407350598834, 4.94429696118e-05, 1.56074347615e-05, 1.5648720364e-05, 4.94518872074e-06, 1.49174811668e-05, 7.88867055235e-06, 1.26297336465e-05, 3.27767429553e-06, 8.05779393431e-07, 8.02131182809e-07, 4.87780880576e-06, 9.78234993454e-07, 5.18545668626e-08, 1.49330944055e-07, 1.02029225957e-07, 1.08567810742e-07, 7.04479035107e-08, 5.14356521819e-08, 1.09102266777e-07, 6.16833020217e-08, 1.14895740921e-07, 1.17682240841e-07, 4.35512035324e-08, 2.28885888021e-09]
    },
    "erbbands": {
        "dmean": [0.580217540264, 2.90183615685, 9.00162792206, 9.51141834259, 8.3389749527, 7.55534124374, 9.21315860748, 13.7838897705, 9.01719760895, 19.9575252533, 22.3530769348, 16.4983844757, 34.8326644897, 19.7979106903, 17.0757465363, 10.2183218002, 12.8244514465, 22.6789340973, 16.8741855621, 6.65153360367, 4.01087379456, 4.53402900696, 5.18012571335, 6.44291257858, 4.21859836578, 4.28203868866, 2.98833680153, 2.4575304985, 3.84992599487, 2.65987563133, 2.12715864182, 1.68019545078, 1.38336610794, 1.0157443285, 0.556253790855, 0.291364699602, 0.118476785719, 0.0417924188077, 0.00162734265905, 5.4220763559e-05],
        "dmean2": [0.955216288567, 4.87085056305, 16.9291343689, 17.492181778, 15.2582902908, 13.2216300964, 15.2489242554, 23.8290233612, 14.440990448, 31.5695915222, 35.6408843994, 24.1220970154, 51.1874351501, 29.2931995392, 24.1750164032, 15.8931684494, 20.0241184235, 34.8471183777, 24.6887435913, 11.0272521973, 6.4831943512, 7.28050661087, 8.22801494598, 10.5504026413, 6.64695358276, 7.01705408096, 4.58487415314, 3.67305803299, 5.87092876434, 3.93976974487, 3.09328150749, 2.40737271309, 1.99185538292, 1.4460529089, 0.773197591305, 0.416820913553, 0.176865652204, 0.0661619231105, 0.00261942693032, 7.85855881986e-05],
        "dvar": [3.03172159195, 75.8845214844, 900.970581055, 951.329162598, 486.950653076, 156.969467163, 249.124954224, 1991.88562012, 501.136993408, 2800.91894531, 5354.54931641, 853.746337891, 4128.11083984, 3311.76074219, 982.104492188, 546.448791504, 784.504211426, 1250.83337402, 1189.12902832, 267.225524902, 60.855430603, 132.924194336, 203.453323364, 278.42666626, 123.396118164, 118.269424438, 49.6664619446, 43.8299980164, 91.5466918945, 23.8155155182, 17.4579315186, 15.5095586777, 14.1036243439, 6.11968612671, 2.27098798752, 0.610181331635, 0.0848058611155, 0.0130908805877, 2.15483196371e-05, 1.02811705815e-08],
        "dvar2": [6.98794698715, 196.733901978, 2586.30102539, 2711.39086914, 1380.56152344, 443.970275879, 621.202087402, 5504.63525391, 1251.49255371, 6012.83300781, 13232.7734375, 1917.17504883, 7926.66015625, 8368.44335938, 2042.13830566, 1196.37756348, 1718.83520508, 2894.70288086, 2252.84692383, 697.239929199, 145.711105347, 327.467987061, 545.880737305, 748.52911377, 314.829162598, 314.830047607, 107.642623901, 83.9672470093, 191.462219238, 44.1154212952, 32.2921562195, 29.5225505829, 23.6716156006, 11.2024793625, 4.01604509354, 1.14757549763, 0.180625125766, 0.0310563426465, 5.16286563652e-05, 2.20653166849e-08],
        "max": [11.7319011688, 60.0359382629, 181.046875, 249.867202759, 202.199493408, 134.782012939, 252.798049927, 556.691711426, 294.79876709, 1024.79431152, 1746.52075195, 481.221252441, 809.762207031, 1220.06445312, 796.844116211, 552.520568848, 484.395080566, 436.687072754, 571.275695801, 310.292633057, 139.702819824, 150.856964111, 280.100463867, 220.304672241, 136.073974609, 184.445541382, 85.9724121094, 86.2435302734, 114.807250977, 72.2360305786, 59.3157958984, 68.7563323975, 72.0188751221, 41.6058235168, 26.6676387787, 15.5735092163, 3.14324235916, 1.16589784622, 0.0445978827775, 0.000816521293018],
        "mean": [0.543316185474, 2.94953203201, 6.61952733994, 7.04938173294, 8.22403049469, 11.453748703, 15.9771108627, 17.3734645844, 16.2142219543, 38.6454391479, 41.9477310181, 43.0931510925, 88.3966293335, 44.0967178345, 46.1274604797, 24.202047348, 31.7483386993, 61.4658203125, 45.7578163147, 14.968462944, 8.16119384766, 8.58676815033, 10.1845378876, 11.8886327744, 8.56884384155, 8.43441390991, 5.76519584656, 4.49232959747, 6.74546098709, 6.2717795372, 4.5089597702, 3.47195577621, 2.69696569443, 1.73253560066, 0.897709131241, 0.425869673491, 0.154012948275, 0.0425766706467, 0.0015305003617, 8.20803761599e-05],
        "median": [0.0898076966405, 0.825452208519, 1.34016144276, 1.56877696514, 3.0527510643, 6.44339323044, 7.90444517136, 6.58916044235, 6.13882637024, 18.4599838257, 18.4770793915, 26.3364677429, 41.2330856323, 19.669883728, 22.334318161, 15.4375858307, 22.6911506653, 33.1155433655, 17.6348247528, 8.05696201324, 5.4646692276, 3.46621203423, 4.15188121796, 5.94839715958, 4.07295036316, 4.57229375839, 2.49565339088, 1.41960978508, 2.636739254, 3.27210569382, 1.92555606365, 1.29712224007, 0.769103348255, 0.455542653799, 0.171004831791, 0.0731504261494, 0.0237771179527, 0.00297225289978, 9.45145438891e-05, 3.76700445486e-05],
        "min": [2.32600683603e-07, 2.69747738457e-06, 1.33818821269e-05, 3.56752498192e-05, 6.08014306636e-05, 6.88514919602e-05, 4.61621020804e-05, 1.75403329195e-05, 6.76919153193e-05, 0.000235086554312, 0.000270085700322, 0.000290710711852, 0.000873649318237, 0.00141125347, 0.00100063579157, 0.000225866169785, 0.000390506116673, 0.00126668089069, 0.000490856764372, 0.000128583647893, 5.36265470146e-05, 3.47679706465e-05, 3.7140223867e-05, 3.65914420399e-05, 8.65745168994e-05, 0.000105369304947, 3.87935324397e-05, 7.18397541277e-06, 1.32158911583e-05, 1.56738606165e-05, 2.3103228159e-05, 6.66560572427e-06, 5.08810717292e-06, 6.22439665676e-06, 3.18478396366e-06, 2.86180920739e-06, 9.22221943256e-07, 2.3485102929e-07, 1.13211235941e-08, 5.96894811355e-10],
        "stdev": [1.64721786976, 8.02499771118, 23.1015930176, 23.6799793243, 17.8034896851, 14.0707368851, 23.6241321564, 38.7763977051, 27.4215564728, 70.2839279175, 88.0495376587, 52.8216094971, 115.23841095, 88.7822265625, 61.2198104858, 39.1162948608, 37.0798301697, 68.7685012817, 85.5079116821, 23.7933769226, 10.4099931717, 16.3598022461, 18.7785606384, 18.5227336884, 13.584400177, 12.7990589142, 9.75078201294, 9.43770122528, 12.8837537766, 8.6224937439, 7.1660323143, 6.42721843719, 6.16092061996, 3.93450665474, 2.36136436462, 1.10644674301, 0.354724049568, 0.115288868546, 0.00448137475178, 0.0001137571453],
        "var": [2.71332669258, 64.4005813599, 533.68359375, 560.741455078, 316.964263916, 197.985626221, 558.099609375, 1503.60913086, 751.941772461, 4939.83056641, 7752.72167969, 2790.12231445, 13279.890625, 7882.28369141, 3747.86499023, 1530.08459473, 1374.91381836, 4729.10693359, 7311.60302734, 566.124755859, 108.367958069, 267.643157959, 352.634338379, 343.091674805, 184.535934448, 163.815917969, 95.0777435303, 89.0702133179, 165.991104126, 74.3473968506, 51.352016449, 41.3091392517, 37.956943512, 15.4803419113, 5.57604217529, 1.2242244482, 0.125829160213, 0.0132915237918, 2.00827180379e-05, 1.29406876326e-08]
    },
    "gfcc": {
        "mean": [20.6423683167, 89.0789260864, -109.305259705, 15.3136959076, -63.1787338257, 25.1636238098, -32.9834251404, 9.77281856537, -24.4462356567, 5.85328292847, -15.2240009308, -2.15726470947, -14.756102562],
        "cov": [[3205.21044922, -1128.32849121, 548.08026123, 272.20010376, -95.3470077515, 61.9468955994, -56.8233375549, 220.485900879, 39.2067985535, 116.897758484, -133.18397522, 210.898849487, -88.1919021606], [-1128.32849121, 1634.28796387, -62.6502685547, 112.430923462, 351.99710083, -34.8177757263, 183.006973267, -55.8456077576, 172.864212036, -6.34725189209, 239.797027588, -82.9054489136, 88.685005188], [548.08026123, -62.6502685547, 748.695068359, 253.952377319, 146.128997803, -25.1681804657, 42.2541007996, 74.1942672729, 50.3387680054, 75.5001907349, -9.53625869751, 83.1536636353, -27.1777744293], [272.20010376, 112.430923462, 253.952377319, 413.427429199, 116.952339172, -41.7063522339, -6.27200984955, 62.8279876709, 99.0771560669, 8.50645160675, 35.2826271057, 53.7482147217, 27.5680084229], [-95.3470077515, 351.99710083, 146.128997803, 116.952339172, 244.294387817, 36.0101318359, 84.5169830322, 8.37922477722, 95.1753845215, 43.2763175964, 67.8455886841, 22.6052246094, 29.0298538208], [61.9468955994, -34.8177757263, -25.1681804657, -41.7063522339, 36.0101318359, 224.176300049, 98.0182266235, -5.08668899536, 29.7977581024, 8.57882595062, 1.29134857655, -16.066740036, -8.45606040955], [-56.8233375549, 183.006973267, 42.2541007996, -6.27200984955, 84.5169830322, 98.0182266235, 181.23588562, 20.3365764618, 9.39412307739, 6.578145504, 30.317987442, -20.4099369049, 2.0132162571], [220.485900879, -55.8456077576, 74.1942672729, 62.8279876709, 8.37922477722, -5.08668899536, 20.3365764618, 149.457260132, 40.0308074951, 27.7574729919, 6.08220624924, 38.4317207336, 13.7998952866], [39.2067985535, 172.864212036, 50.3387680054, 99.0771560669, 95.1753845215, 29.7977581024, 9.39412307739, 40.0308074951, 164.1743927, 56.3094596863, 44.5972366333, 33.826374054, 25.5101852417], [116.897758484, -6.34725189209, 75.5001907349, 8.50645160675, 43.2763175964, 8.57882595062, 6.578145504, 27.7574729919, 56.3094596863, 92.469909668, 34.5752639771, 35.9404335022, 3.28241705894], [-133.18397522, 239.797027588, -9.53625869751, 35.2826271057, 67.8455886841, 1.29134857655, 30.317987442, 6.08220624924, 44.5972366333, 34.5752639771, 110.04309082, 28.7088546753, 25.6766338348], [210.898849487, -82.9054489136, 83.1536636353, 53.7482147217, 22.6052246094, -16.066740036, -20.4099369049, 38.4317207336, 33.826374054, 35.9404335022, 28.7088546753, 99.9878540039, 20.5643196106], [-88.1919021606, 88.685005188, -27.1777744293, 27.5680084229, 29.0298538208, -8.45606040955, 2.0132162571, 13.7998952866, 25.5101852417, 3.28241705894, 25.6766338348, 20.5643196106, 67.6374893188]],
        "icov": [[0.000581939006224, 0.000263312278548, -0.000130698448629, -0.000338947982527, 0.000150586885866, -0.000181649447768, -0.000140681906487, -0.000342104380252, -5.41101580893e-05, -0.000354816264007, 0.000386487314245, -0.000769404927269, 0.000610649061855], [0.000263312278548, 0.0022991464939, -0.000134011963382, 0.000354866817361, -0.00179002841469, 0.00158104370348, -0.00129594397731, 0.000400262622861, -0.00212655263022, 0.00227847625501, -0.00379311223514, 0.00262790941633, -0.000614464050159], [-0.000130698448629, -0.000134011963382, 0.00258189439774, -0.00137630687095, -0.00124958669767, 0.000405501574278, -0.000675867777318, -0.000150914711412, 0.00119111360982, -0.00211175112054, 0.00195854646154, -0.00151273224037, 0.00161128956825], [-0.000338947982527, 0.000354866817361, -0.00137630687095, 0.00475492421538, -0.00143924856093, 0.00103672174737, 0.00068233103957, -0.000703327183146, -0.00276807253249, 0.00412037037313, -0.00223480025306, 0.000819444889203, -0.00108449568506], [0.000150586885866, -0.00179002841469, -0.00124958669767, -0.00143924856093, 0.0103215863928, -0.00113391247578, -0.00250947126187, 0.00162806117442, -0.00166167470161, -0.00269020628184, 0.0010481037898, -0.00217143329792, -0.00118173798546], [-0.000181649447768, 0.00158104370348, 0.000405501574278, 0.00103672174737, -0.00113391247578, 0.00802995543927, -0.00510919187218, 0.00153801869601, -0.00385234341957, 0.00183236168232, -0.00155101064593, 0.00176607153844, 0.000175228298758], [-0.000140681906487, -0.00129594397731, -0.000675867777318, 0.00068233103957, -0.00250947126187, -0.00510919187218, 0.011424196884, -0.00318643520586, 0.00361726270057, -0.000200796930585, -0.000894741038792, 0.00179419619963, 0.000154105728143], [-0.000342104380252, 0.000400262622861, -0.000150914711412, -0.000703327183146, 0.00162806117442, 0.00153801869601, -0.00318643520586, 0.00944419950247, -0.00241612480022, -0.000894227938261, 0.000315233250149, -0.00142256135587, -0.00181586004328], [-5.41101580893e-05, -0.00212655263022, 0.00119111360982, -0.00276807253249, -0.00166167470161, -0.00385234341957, 0.00361726270057, -0.00241612480022, 0.0141457533464, -0.00807853695005, 0.00333438138478, -0.00246031745337, -0.000519517052453], [-0.000354816264007, 0.00227847625501, -0.00211175112054, 0.00412037037313, -0.00269020628184, 0.00183236168232, -0.000200796930585, -0.000894227938261, -0.00807853695005, 0.0222477000207, -0.00923368986696, 0.000589075381868, 0.000887503963895], [0.000386487314245, -0.00379311223514, 0.00195854646154, -0.00223480025306, 0.0010481037898, -0.00155101064593, -0.000894741038792, 0.000315233250149, 0.00333438138478, -0.00923368986696, 0.02229254134, -0.0094040799886, 8.07799515314e-05], [-0.000769404927269, 0.00262790941633, -0.00151273224037, 0.000819444889203, -0.00217143329792, 0.00176607153844, 0.00179419619963, -0.00142256135587, -0.00246031745337, 0.000589075381868, -0.0094040799886, 0.0208355933428, -0.00586657226086], [0.000610649061855, -0.000614464050159, 0.00161128956825, -0.00108449568506, -0.00118173798546, 0.000175228298758, 0.000154105728143, -0.00181586004328, -0.000519517052453, 0.000887503963895, 8.07799515314e-05, -0.00586657226086, 0.0202769245952]]
    },
    "melbands": {
        "dmean": [0.00411711959168, 0.00420380942523, 0.00161328830291, 0.000518023502082, 0.000319926883094, 0.00030208559474, 0.000138581264764, 0.000225345880608, 0.000176110872417, 0.000111422108603, 0.000175943598151, 8.36754043121e-05, 6.63308019284e-05, 2.57394785876e-05, 3.2960815588e-05, 3.3461379644e-05, 4.6289715101e-05, 3.178460247e-05, 1.48018571053e-05, 8.68528150022e-06, 4.2967835725e-06, 4.75628439744e-06, 5.70841439185e-06, 5.39687562195e-06, 5.77640048505e-06, 3.60807007382e-06, 2.97054634757e-06, 3.15064880851e-06, 2.24469204113e-06, 1.50933351506e-06, 1.49751008394e-06, 2.22039534492e-06, 2.00981685339e-06, 1.50071082317e-06, 1.26403631384e-06, 1.214657118e-06, 1.05244771476e-06, 1.02924411749e-06, 9.64284822658e-07, 9.10414485134e-07],
        "dmean2": [0.00657380186021, 0.00772447325289, 0.00296209892258, 0.000922329665627, 0.000533411686774, 0.000514162529726, 0.000220284433453, 0.000359171244781, 0.000281216227449, 0.000162654192536, 0.000257793959463, 0.000123513294966, 9.57702213782e-05, 3.97476251237e-05, 5.19058448845e-05, 5.22582813574e-05, 7.07771760062e-05, 4.61990166514e-05, 2.3605334718e-05, 1.50484993355e-05, 6.97815494277e-06, 7.5729267337e-06, 9.00506893231e-06, 8.46242892294e-06, 9.57224619924e-06, 5.74008709009e-06, 4.82817995362e-06, 5.20601861353e-06, 3.56143300451e-06, 2.32485786e-06, 2.29691931963e-06, 3.38971949532e-06, 3.11989856527e-06, 2.25247117669e-06, 1.88430851722e-06, 1.81352868367e-06, 1.52056486513e-06, 1.50764185491e-06, 1.40638917401e-06, 1.32365005356e-06],
        "dvar": [0.000143913901411, 0.000182656629477, 2.55288869084e-05, 1.11135079806e-06, 2.68759237088e-07, 8.3795083583e-07, 1.09244382429e-07, 3.50414438799e-07, 3.78287069225e-07, 3.24067208624e-08, 1.04192523054e-07, 5.72228380236e-08, 1.90611668671e-08, 2.90706836381e-09, 3.79437814502e-09, 6.06919181578e-09, 4.68586103253e-09, 5.08917796793e-09, 1.50667789356e-09, 3.63352098409e-10, 8.34351615575e-11, 1.39145583944e-10, 2.55864107679e-10, 1.86321888473e-10, 2.24845184138e-10, 8.49598794095e-11, 6.75378780679e-11, 5.51752116218e-11, 2.58527452918e-11, 1.63426737421e-11, 1.56538653567e-11, 3.46360717884e-11, 1.88712517835e-11, 6.98049040446e-12, 5.663442805e-12, 8.55893307616e-12, 5.71144260358e-12, 7.23574282088e-12, 7.40489267126e-12, 4.73306506835e-12],
        "dvar2": [0.000292824901408, 0.000519553432241, 7.25557765691e-05, 3.08032531393e-06, 6.99816553151e-07, 2.29874171964e-06, 2.7535631375e-07, 7.66954315168e-07, 9.61565660873e-07, 6.93820609854e-08, 1.98792577066e-07, 1.4078871402e-07, 4.09875227092e-08, 6.36692920608e-09, 8.26505885954e-09, 1.45075960134e-08, 1.06557624946e-08, 9.40389099924e-09, 3.52976559093e-09, 8.82854456208e-10, 1.85930479346e-10, 3.42168376966e-10, 6.40754782566e-10, 4.65468774635e-10, 6.0630833687e-10, 2.17606474506e-10, 1.76929734752e-10, 1.48146245271e-10, 6.03998726034e-11, 3.43441941553e-11, 3.05980865645e-11, 7.47130066148e-11, 4.01695725294e-11, 1.44332488669e-11, 1.07676480579e-11, 1.78482905538e-11, 1.1345197351e-11, 1.28889737425e-11, 1.3498059441e-11, 9.37575017623e-12],
        "max": [0.0791847780347, 0.0823133587837, 0.041081905365, 0.00904907472432, 0.00690732616931, 0.0112795000896, 0.00426519103348, 0.0106059070677, 0.0149322906509, 0.00282718171366, 0.00414803344756, 0.00480914022774, 0.00340664479882, 0.00122452911455, 0.000864852161612, 0.00188748573419, 0.000810494355392, 0.00135656958446, 0.00092603667872, 0.000349346752046, 0.000231674130191, 0.000199337955564, 0.000302397238556, 0.000240977999056, 0.000197549743461, 0.000127237770357, 0.000155793808517, 0.000110671360744, 5.83735745749e-05, 5.78020044486e-05, 4.94005798828e-05, 7.28311570128e-05, 5.26276198798e-05, 3.81579120585e-05, 3.86229912692e-05, 4.95120730193e-05, 3.96896721213e-05, 4.87171200803e-05, 4.96492430102e-05, 4.26805199822e-05],
        "mean": [0.00447998708114, 0.00350434565917, 0.00126893166453, 0.000672721827868, 0.000574309553485, 0.000406361505156, 0.00024874790688, 0.000434667803347, 0.000326103996485, 0.000299488427117, 0.000439823081251, 0.00016776008124, 0.000170205079485, 5.88653892919e-05, 7.51760380808e-05, 7.07344588591e-05, 0.000123155696201, 8.40921711642e-05, 3.01237196254e-05, 1.56058740686e-05, 7.9138962974e-06, 8.14706254459e-06, 1.01817749965e-05, 9.36466040002e-06, 9.83440804703e-06, 6.79461845721e-06, 5.37104278919e-06, 5.79480365559e-06, 4.10553730035e-06, 2.57879196397e-06, 2.51555297837e-06, 3.67189272765e-06, 3.83989799957e-06, 3.38539257427e-06, 2.59227931565e-06, 2.3430247893e-06, 2.01413718059e-06, 1.91350818568e-06, 1.67189386957e-06, 1.4528416159e-06],
        "median": [0.000985310296528, 0.0008833592874, 0.000354318297468, 0.000378479366191, 0.000327635149006, 0.000159578281455, 0.000102436366433, 0.000219691472012, 0.000133423716761, 0.000171445484739, 0.000203254690859, 5.37520827493e-05, 7.46059013181e-05, 2.62307421508e-05, 4.30304207839e-05, 3.99937089242e-05, 6.01620740781e-05, 2.62216726696e-05, 1.16339751912e-05, 9.69726897893e-06, 4.72524789075e-06, 3.31627165906e-06, 3.48050821231e-06, 3.49676520273e-06, 4.28408338848e-06, 2.8274066608e-06, 2.45004957833e-06, 3.08294124807e-06, 1.82745725397e-06, 7.60149532653e-07, 7.88639965776e-07, 1.35598236284e-06, 1.54720396495e-06, 1.79608434792e-06, 1.08752976757e-06, 8.28804331832e-07, 6.68931249947e-07, 5.30337729288e-07, 4.50841810107e-07, 3.60182468739e-07],
        "min": [2.50628562348e-09, 6.02558714036e-09, 6.88135992633e-09, 4.76733896804e-09, 1.91808702255e-09, 4.15508044638e-10, 1.21275756104e-09, 2.77688561034e-09, 2.02320404874e-09, 1.98412641872e-09, 4.47368275758e-09, 5.74043745871e-09, 4.06279676568e-09, 8.96756113811e-10, 5.82599746224e-10, 1.17093279517e-09, 2.54279219902e-09, 9.22758702782e-10, 2.46923703706e-10, 1.17742052219e-10, 4.3882144446e-11, 2.69558438071e-11, 5.34854383005e-11, 2.01262704419e-11, 2.30583104693e-11, 8.77132255717e-11, 4.0406681473e-11, 8.02465940919e-11, 3.47812334489e-11, 5.75037326783e-12, 3.02735245726e-12, 6.50720709955e-12, 7.5027675045e-12, 9.17797435274e-12, 1.44054213003e-11, 7.47178621058e-12, 3.00049958837e-12, 3.6613910688e-12, 3.37859536355e-12, 6.05285396457e-12],
        "stdev": [0.012410774827, 0.0108780935407, 0.0038978185039, 0.000958067423198, 0.000740280607715, 0.000828668475151, 0.000400555756642, 0.000757443835028, 0.000708190375008, 0.000353450421244, 0.000579070765525, 0.000385550956707, 0.000252431898843, 9.28061635932e-05, 9.59939497989e-05, 0.000100014978671, 0.000147244849359, 0.000186064411537, 6.66830383125e-05, 2.26019365073e-05, 1.19225314847e-05, 1.57708072948e-05, 2.24503073696e-05, 1.9814564439e-05, 1.63486547535e-05, 1.18416774058e-05, 9.08766469365e-06, 8.80353218236e-06, 6.72735950502e-06, 5.45386910744e-06, 5.49415517526e-06, 7.69524922362e-06, 6.24072845312e-06, 4.54226073998e-06, 4.13674388255e-06, 4.37140215581e-06, 3.79162861464e-06, 4.32441538578e-06, 4.13928091803e-06, 3.30949319505e-06],
        "var": [0.000154027322424, 0.000118332922284, 1.51929889398e-05, 9.17893146379e-07, 5.48015350432e-07, 6.8669146458e-07, 1.60444912467e-07, 5.73721138153e-07, 5.01533577335e-07, 1.24927197476e-07, 3.35322937417e-07, 1.48649533571e-07, 6.37218633415e-08, 8.61298410371e-09, 9.21483778171e-09, 1.0002995765e-08, 2.16810445153e-08, 3.4619965561e-08, 4.44662795474e-09, 5.10847530943e-10, 1.4214676658e-10, 2.48718379225e-10, 5.04016328673e-10, 3.92616966716e-10, 2.67278504884e-10, 1.40225331346e-10, 8.25856466546e-11, 7.75021852251e-11, 4.52573638288e-11, 2.9744685881e-11, 3.01857427942e-11, 5.92168675206e-11, 3.89466930928e-11, 2.063213142e-11, 1.71126515736e-11, 1.91091586998e-11, 1.43764470814e-11, 1.87005688712e-11, 1.71336469318e-11, 1.09527456549e-11]
    },
    "melbands128": {
