{
"lowlevel": {
    "average_loudness": 0.971825540066,
    "barkbands_crest": {
        "dmean": 2.43298053741,
        "dmean2": 3.64498615265,
        "dvar": 8.64885520935,
        "dvar2": 21.3742351532,
        "max": 26.2713832855,
        "mean": 18.3480796814,
        "median": 19.1263809204,
        "min": 4.92345333099,
        "stdev": 4.77890777588,
        "var": 22.8379611969
    },
    "barkbands_flatness_db": {
        "dmean": 0.0328203141689,
        "dmean2": 0.0488275773823,
        "dvar": 0.00121511728503,
        "dvar2": 0.00268770614639,
        "max": 0.64485090971,
        "mean": 0.297529876232,
        "median": 0.281308352947,
        "min": 0.0720603018999,
        "stdev": 0.0932608693838,
        "var": 0.00869758985937
    },
    "barkbands_kurtosis": {
        "dmean": 19.7276515961,
        "dmean2": 32.1029663086,
        "dvar": 1518.61022949,
        "dvar2": 3497.89624023,
        "max": 775.653503418,
        "mean": 36.2840995789,
        "median": 15.3091964722,
        "min": -1.62062180042,
        "stdev": 61.531867981,
        "var": 3786.17089844
    },
    "barkbands_skewness": {
        "dmean": 1.24477231503,
        "dmean2": 1.94139134884,
        "dvar": 2.36996173859,
        "dvar2": 5.48880386353,
        "max": 21.2861328125,
        "mean": 4.15129041672,
        "median": 3.38619637489,
        "min": -2.52227163315,
        "stdev": 2.82223367691,
        "var": 7.96500253677
    },
    "barkbands_spread": {
        "dmean": 3.14068865776,
        "dmean2": 4.95614719391,
        "dvar": 20.686000824,
        "dvar2": 50.5696640015,
        "max": 41.1265869141,
        "mean": 7.36166191101,
        "median": 5.34821844101,
        "min": 0.130385503173,
        "stdev": 6.90875911713,
        "var": 47.7309532166
    },
    "dissonance": {
        "dmean": 0.0328945927322,
        "dmean2": 0.0541857630014,
        "dvar": 0.000803356175311,
        "dvar2": 0.00195498205721,
        "max": 0.498682945967,
        "mean": 0.425174534321,
        "median": 0.431799262762,
        "min": 0.177706822753,
        "stdev": 0.0432107672095,
        "var": 0.00186717044562
    },
    "dynamic_complexity": 2.54994153976,
    "erbbands_crest": {
        "dmean": 3.44315195084,
        "dmean2": 5.28755760193,
        "dvar": 8.12036323547,
        "dvar2": 20.3942146301,
        "max": 29.0786552429,
        "mean": 12.5709924698,
        "median": 11.8878278732,
        "min": 2.78333830833,
        "stdev": 4.63507843018,
        "var": 21.4839515686
    },
    "erbbands_flatness_db": {
        "dmean": 0.0221155751497,
        "dmean2": 0.0329505130649,
        "dvar": 0.000496826134622,
        "dvar2": 0.00104395695962,
        "max": 0.493488669395,
        "mean": 0.194915533066,
        "median": 0.18172711134,
        "min": 0.0684375092387,
        "stdev": 0.0573338270187,
        "var": 0.00328716775402
    },
    "erbbands_kurtosis": {
        "dmean": 2.11536121368,
        "dmean2": 3.24597907066,
        "dvar": 7.00259780884,
        "dvar2": 14.6929206848,
        "max": 44.7128829956,
        "mean": 2.40813541412,
        "median": 1.48815822601,
        "min": -1.83259570599,
        "stdev": 4.10713291168,
        "var": 16.8685417175
    },
    "erbbands_skewness": {
        "dmean": 0.521080195904,
        "dmean2": 0.813978016376,
        "dvar": 0.291890770197,
        "dvar2": 0.687321960926,
        "max": 4.86896657944,
        "mean": 0.961875379086,
        "median": 0.89199256897,
        "min": -3.33562541008,
        "stdev": 0.876094400883,
        "var": 0.767541408539
    },
    "erbbands_spread": {
        "dmean": 11.8324108124,
        "dmean2": 18.6719646454,
        "dvar": 215.488601685,
        "dvar2": 520.291137695,
        "max": 128.274627686,
        "mean": 34.0925827026,
        "median": 29.1584796906,
        "min": 1.72307288647,
        "stdev": 19.7464485168,
        "var": 389.922210693
    },
    "hfc": {
        "dmean": 5.32087802887,
        "dmean2": 8.19951152802,
        "dvar": 66.465385437,
        "dvar2": 153.528015137,
        "max": 58.3776054382,
        "mean": 11.5430574417,
        "median": 8.72678756714,
        "min": 1.15532077927e-16,
        "stdev": 9.72065734863,
        "var": 94.4911727905
    },
    "loudness_ebu128": {
        "integrated": -8.56380939484,
        "loudness_range": 1.10626602173,
        "momentary": {
            "dmean": 0.574042141438,
            "dmean2": 0.77721875906,
            "dvar": 0.344139397144,
            "dvar2": 0.404008954763,
            "max": -6.54902791977,
            "mean": -8.96681308746,
            "median": -8.44889450073,
            "min": -19.8037567139,
            "stdev": 2.14324259758,
            "var": 4.59348869324
        },
        "short_term": {
            "dmean": 0.0857505202293,
            "dmean2": 0.11494012922,
            "dvar": 0.00436366070062,
            "dvar2": 0.00633868435398,
            "max": -7.68209648132,
            "mean": -8.53061199188,
            "median": -8.37034702301,
            "min": -12.9148263931,
            "stdev": 0.854353487492,
            "var": 0.729919910431
        }
    },
    "melbands_crest": {
        "dmean": 3.15714097023,
        "dmean2": 4.95282840729,
        "dvar": 17.5024089813,
        "dvar2": 42.6738357544,
        "max": 36.8943557739,
        "mean": 27.0896053314,
        "median": 30.0127353668,
        "min": 1.70184338093,
        "stdev": 7.1225976944,
        "var": 50.7313957214
    },
    "melbands_flatness_db": {
        "dmean": 0.0378588326275,
        "dmean2": 0.0547137632966,
        "dvar": 0.00178431544919,
        "dvar2": 0.00376490596682,
        "max": 0.805761933327,
        "mean": 0.380822956562,
        "median": 0.371799856424,
        "min": 0.0067225699313,
        "stdev": 0.125780656934,
        "var": 0.0158207751811
    },
    "melbands_kurtosis": {
        "dmean": 32.1138000488,
        "dmean2": 51.152256012,
        "dvar": 2854.82202148,
        "dvar2": 7029.27636719,
        "max": 533.595825195,
        "mean": 59.831653595,
        "median": 28.7983112335,
        "min": -1.61781132221,
        "stdev": 78.8098373413,
        "var": 6210.99023438
    },
    "melbands_skewness": {
        "dmean": 1.5107614994,
        "dmean2": 2.36457085609,
        "dvar": 3.21553683281,
        "dvar2": 7.46315479279,
        "max": 17.5993175507,
        "mean": 5.17279005051,
        "median": 4.39855194092,
        "min": -0.947344958782,
        "stdev": 3.08814144135,
        "var": 9.53661823273
    },
    "melbands_spread": {
        "dmean": 2.71252560616,
        "dmean2": 4.18675470352,
        "dvar": 32.2151412964,
        "dvar2": 58.1885414124,
        "max": 146.06388855,
        "mean": 6.73416566849,
        "median": 4.46839189529,
        "min": 0.214925095439,
        "stdev": 8.4847278595,
        "var": 71.9906082153
    },
    "pitch_salience": {
        "dmean": 0.077695786953,
        "dmean2": 0.11888974905,
        "dvar": 0.00893956515938,
        "dvar2": 0.020816642791,
        "max": 0.864132225513,
        "mean": 0.320033729076,
        "median": 0.29352286458,
        "min": 0.0589002072811,
        "stdev": 0.152079895139,
        "var": 0.0231282953173
    },
    "silence_rate_20dB": {
        "dmean": 0,
        "dmean2": 0,
        "dvar": 0,
        "dvar2": 0,
        "max": 1,
        "mean": 1,
        "median": 1,
        "min": 1,
        "stdev": 0,
        "var": 0
    },
    "silence_rate_30dB": {
        "dmean": 0.105263158679,
        "dmean2": 0.210689380765,
        "dvar": 0.0941818282008,
        "dvar2": 0.178692162037,
        "max": 1,
        "mean": 0.869296193123,
        "median": 1,
        "min": 0,
        "stdev": 0.337077051401,
        "var": 0.11362092942
    },
    "silence_rate_60dB": {
        "dmean": 0.0108359130099,
        "dmean2": 0.0209140200168,
        "dvar": 0.0107183940709,
        "dvar2": 0.0204768776894,
        "max": 1,
        "mean": 0.0317092016339,
        "median": 0,
        "min": 0,
        "stdev": 0.175224721432,
        "var": 0.0307037048042
    },
    "spectral_centroid": {
        "dmean": 237.069168091,
        "dmean2": 367.859710693,
        "dvar": 184627.078125,
        "dvar2": 310753.03125,
        "max": 11306.0527344,
        "mean": 792.857727051,
        "median": 689.327636719,
        "min": 119.233970642,
        "stdev": 618.17578125,
        "var": 382141.3125
    },
    "spectral_complexity": {
        "dmean": 2.11455106735,
        "dmean2": 3.23392724991,
        "dvar": 11.0704622269,
        "dvar2": 20.2659931183,
        "max": 51,
        "mean": 9.29698371887,
        "median": 9,
        "min": 0,
        "stdev": 5.09536457062,
        "var": 25.9627418518
    },
    "spectral_decrease": {
        "dmean": 4.48031345357e-09,
        "dmean2": 6.9758159249e-09,
        "dvar": 4.74451575683e-17,
        "dvar2": 1.13593656262e-16,
        "max": -3.74250257727e-29,
        "mean": -1.7456857293e-08,
        "median": -1.60589621601e-08,
        "min": -5.39759241747e-08,
        "stdev": 9.90469484208e-09,
        "var": 9.81029721392e-17
    },
    "spectral_energy": {
        "dmean": 0.0172783341259,
        "dmean2": 0.02686117962,
        "dvar": 0.00069470750168,
        "dvar2": 0.00165897852276,
        "max": 0.207257583737,
        "mean": 0.0669331550598,
        "median": 0.0613940618932,
        "min": 1.06203512147e-20,
        "stdev": 0.0378324575722,
        "var": 0.00143129494973
    },
    "spectral_energyband_high": {
        "dmean": 0.000278476276435,
        "dmean2": 0.000464795972221,
        "dvar": 4.66723122372e-07,
        "dvar2": 1.1742249626e-06,
        "max": 0.00719492603093,
        "mean": 0.000312876276439,
        "median": 9.92209388642e-05,
        "min": 8.06492615407e-21,
        "stdev": 0.000698759162333,
        "var": 4.88264390697e-07
    },
    "spectral_energyband_low": {
        "dmean": 0.0127418059856,
        "dmean2": 0.020174190402,
        "dvar": 0.000556057610083,
        "dvar2": 0.00137041974813,
        "max": 0.189454302192,
        "mean": 0.053908187896,
        "median": 0.0503438040614,
        "min": 8.19117759904e-23,
        "stdev": 0.0333933271468,
        "var": 0.00111511431169
    },
    "spectral_energyband_middle_high": {
        "dmean": 0.000752606138121,
        "dmean2": 0.00110667583067,
        "dvar": 1.46270099322e-06,
        "dvar2": 3.08293988383e-06,
        "max": 0.0178298391402,
        "mean": 0.00162227114197,
        "median": 0.000992932240479,
        "min": 1.38081394959e-21,
        "stdev": 0.00197332515381,
        "var": 3.89401202483e-06
    },
    "spectral_energyband_middle_low": {
        "dmean": 0.0105012860149,
        "dmean2": 0.0172991119325,
        "dvar": 0.000470454950118,
        "dvar2": 0.00123905716464,
        "max": 0.142227739096,
        "mean": 0.0125422040001,
        "median": 0.00495885172859,
        "min": 2.93381106697e-22,
        "stdev": 0.0211469084024,
        "var": 0.000447191705462
    },
    "spectral_entropy": {
        "dmean": 0.29639300704,
        "dmean2": 0.443587452173,
        "dvar": 0.103886216879,
        "dvar2": 0.226752206683,
        "max": 9.77952384949,
        "mean": 7.00353097916,
        "median": 7.13696575165,
        "min": 3.94733190536,
        "stdev": 0.715624570847,
        "var": 0.512118518353
    },
    "spectral_flux": {
        "dmean": 0.0428468361497,
        "dmean2": 0.0661235004663,
        "dvar": 0.00357846799307,
        "dvar2": 0.00587272131816,
        "max": 0.46393802762,
        "mean": 0.0906464159489,
        "median": 0.0509520731866,
        "min": 1.03055085299e-10,
        "stdev": 0.0901693701744,
        "var": 0.00813051499426
    },
    "spectral_kurtosis": {
        "dmean": 5.5788936615,
        "dmean2": 8.76543140411,
        "dvar": 232.81980896,
        "dvar2": 503.957885742,
        "max": 415.513031006,
        "mean": 11.6702661514,
        "median": 4.33215236664,
        "min": -1.20131850243,
        "stdev": 32.9334564209,
        "var": 1084.61242676
    },
    "spectral_rms": {
        "dmean": 0.000999272568151,
        "dmean2": 0.00153605081141,
        "dvar": 2.04464208764e-06,
        "dvar2": 4.97870678373e-06,
        "max": 0.0142197934911,
        "mean": 0.0076653198339,
        "median": 0.0077392924577,
        "min": 3.2189001898e-12,
        "stdev": 0.00255800783634,
        "var": 6.54340419715e-06
    },
    "spectral_rolloff": {
        "dmean": 153.782241821,
        "dmean2": 244.53742981,
        "dvar": 328990.90625,
        "dvar2": 441347.71875,
        "max": 18432.421875,
        "mean": 364.563964844,
        "median": 129.19921875,
        "min": 64.599609375,
        "stdev": 755.917480469,
        "var": 571411.25
    },
    "spectral_skewness": {
        "dmean": 0.525915443897,
        "dmean2": 0.811763525009,
        "dvar": 0.567081153393,
        "dvar2": 1.27344477177,
        "max": 16.5011711121,
        "mean": 2.15331315994,
        "median": 1.81183981895,
        "min": -0.0122404545546,
        "stdev": 1.63574659824,
        "var": 2.6756670475
    },
    "spectral_spread": {
        "dmean": 882526.5,
        "dmean2": 1380657.875,
        "dvar": 1.90395973632e+12,
        "dvar2": 3.62444908134e+12,
        "max": 42242044,
        "mean": 4588343.5,
        "median": 4626816,
        "min": 300526.96875,
        "stdev": 2191841.25,
        "var": 4.80416838451e+12
    },
    "spectral_strongpeak": {
        "dmean": 0.199132815003,
        "dmean2": 0.319154918194,
        "dvar": 0.171748459339,
        "dvar2": 0.424440562725,
        "max": 6.2131729126,
        "mean": 0.615189552307,
        "median": 0.549818456173,
        "min": 0,
        "stdev": 0.521457850933,
        "var": 0.271918267012
    },
    "zerocrossingrate": {
        "dmean": 0.00564773613587,
        "dmean2": 0.00739494571462,
        "dvar": 0.000227926662774,
        "dvar2": 0.000240901077632,
        "max": 0.5009765625,
        "mean": 0.0206267666072,
        "median": 0.01318359375,
        "min": 0.0009765625,
        "stdev": 0.0246096234769,
        "var": 0.000605633598752
    },
    "barkbands": {
        "dmean": [0.000772872415837, 0.0105020646006, 0.0053011844866, 0.00350452493876, 0.00354151101783, 0.00259397062473, 0.00106117187534, 0.000475191714941, 0.000496553780977, 0.000497629167512, 7.34550048946e-05, 6.43539387966e-05, 7.39302558941e-05, 8.91537420102e-05, 0.000143810291775, 6.61420926917e-05, 5.4971773352e-05, 0.000100543766166, 4.5285498345e-05, 5.19196364621e-05, 5.64810870856e-05, 8.02970316727e-05, 5.18497035955e-05, 4.87912511744e-05, 3.95667811972e-05, 3.22619303006e-06, 5.18332221588e-09],
        "dmean2": [0.00115538784303, 0.0174312721938, 0.00910316966474, 0.00642416346818, 0.00551304733381, 0.00464942678809, 0.00183369091246, 0.000769012083765, 0.000754857785068, 0.000705348502379, 0.000117342751764, 0.000106057312223, 0.000120269985928, 0.000153940127348, 0.000230236357311, 0.000106498227979, 8.98321304703e-05, 0.000173241074663, 7.51686966396e-05, 7.96315725893e-05, 8.94125187187e-05, 0.000138572140713, 9.41388425417e-05, 8.80533989402e-05, 7.18541050446e-05, 5.02559805682e-06, 9.47990042022e-09],
        "dvar": [1.11220185772e-06, 0.000410621607443, 0.00027769364533, 0.000169083898072, 0.000118552830827, 8.6130683485e-05, 6.57128293824e-06, 9.55483187681e-07, 1.10809514808e-06, 7.41681901673e-07, 2.95516642268e-08, 6.93481965186e-08, 3.83765090817e-08, 2.85638588338e-08, 1.88646325228e-07, 5.56954802278e-08, 2.62511345994e-08, 1.46064365936e-07, 3.70000563521e-08, 5.14983149458e-08, 2.38411921316e-08, 3.36590950667e-08, 1.97042453465e-08, 1.46786334199e-08, 1.10788498375e-08, 4.31384442057e-11, 1.61000462429e-16],
        "dvar2": [2.59096736954e-06, 0.00121557014063, 0.000704197271261, 0.000483890122268, 0.000279649277218, 0.000245538976742, 1.72299678525e-05, 2.3965433229e-06, 2.57632018474e-06, 1.4577916545e-06, 6.66787443038e-08, 1.69702914832e-07, 9.82922045978e-08, 8.04045257041e-08, 4.60692433535e-07, 1.32741448056e-07, 6.30828651538e-08, 4.18022267468e-07, 8.93719018791e-08, 1.07204897404e-07, 5.47978622478e-08, 8.76987442666e-08, 5.45988925182e-08, 4.03108479929e-08, 3.05685112778e-08, 9.01380220464e-11, 4.71913501014e-16],
        "max": [0.013414170593, 0.151781007648, 0.108369290829, 0.121381506324, 0.125738412142, 0.0854070261121, 0.028091583401, 0.0142890866846, 0.0194047763944, 0.0136877596378, 0.00236768252216, 0.00673660356551, 0.00507025513798, 0.00189029285684, 0.0090476712212, 0.00279460591264, 0.00244534481317, 0.00442408537492, 0.00369668751955, 0.00532342353836, 0.0030503901653, 0.00123927032109, 0.000863996450789, 0.000844550260808, 0.000595191144384, 7.37700247555e-05, 2.01296060709e-07],
        "mean": [0.00472938641906, 0.0433290824294, 0.00459166849032, 0.00224120100029, 0.00414234865457, 0.00256810593419, 0.00149612303358, 0.000808038923424, 0.000836090999655, 0.00095008086646, 9.96452872641e-05, 7.91365091573e-05, 0.00011739150068, 0.000126440965687, 0.000179988332093, 6.84974293108e-05, 7.48798411223e-05, 0.00010317289707, 4.81131282868e-05, 6.34254247416e-05, 6.38818382868e-05, 8.64006869961e-05, 4.37548842456e-05, 4.93067673233e-05, 3.27509733324e-05, 4.31506850873e-06, 4.43159642316e-09],
        "median": [0.00436439365149, 0.0405096821487, 0.000684119469952, 0.000216385349631, 0.000228613527725, 0.00058708403958, 0.000436360132881, 0.000241848276346, 0.00025016150903, 0.000303932785755, 1.18672514873e-05, 1.09877883006e-05, 2.03212312044e-05, 3.98306874558e-05, 4.65522352897e-05, 1.45412386701e-05, 2.07736520679e-05, 3.04774566757e-05, 7.31121645003e-06, 1.08031281343e-05, 1.6961752408e-05, 2.7661146305e-05, 8.2780388766e-06, 1.86440829566e-05, 4.76265677207e-06, 1.10037558443e-06, 1.07958653128e-09],
        "min": [1.38234021242e-23, 4.01830851426e-23, 2.93577899094e-23, 1.26096078818e-23, 8.08408310473e-23, 4.21097800848e-23, 7.75922008654e-23, 9.22572986428e-24, 5.27277879157e-23, 4.20216548554e-23, 3.20705405675e-23, 1.06535867198e-22, 1.55936268215e-22, 1.6921649543e-22, 8.28326417241e-23, 6.74689760606e-23, 1.42354910705e-22, 2.13485602382e-22, 2.05994629713e-22, 3.4010282638e-22, 4.26162603404e-22, 6.53959934899e-22, 7.82943665882e-22, 8.4264203386e-22, 1.49429480936e-21, 1.54611920954e-21, 2.33979204007e-21],
        "stdev": [0.00317919696681, 0.026872748509, 0.014556825161, 0.00981463771313, 0.0137954698876, 0.00734983384609, 0.00275790458545, 0.00136120070238, 0.00145332049578, 0.00145291152876, 0.0002312654251, 0.000265537761152, 0.000259016029304, 0.000214657891775, 0.000469634687761, 0.000235848914599, 0.000172758300323, 0.000310305302264, 0.000217706168769, 0.000273091602139, 0.000171408086317, 0.000178408343345, 0.000121256780403, 0.000108909960545, 9.15569980862e-05, 8.76362628333e-06, 1.31438087081e-08],
        "var": [1.01072928373e-05, 0.000722144613974, 0.00021190114785, 9.63271086221e-05, 0.000190314982319, 5.40200562682e-05, 7.60603779781e-06, 1.85286739907e-06, 2.11214046431e-06, 2.1109519821e-06, 5.34836956945e-08, 7.05103033738e-08, 6.70893101073e-08, 4.60780107403e-08, 2.20556728436e-07, 5.5624713724e-08, 2.98454310155e-08, 9.62893835776e-08, 4.73959751446e-08, 7.45790273982e-08, 2.93807325136e-08, 3.182953634e-08, 1.47032075404e-08, 1.18613794342e-08, 8.38268388037e-09, 7.6801148774e-11, 1.72759701721e-16]
    },
    "erbbands": {
        "dmean": [0.416874468327, 2.09075641632, 5.34103631973, 9.56311321259, 11.0193758011, 13.9610776901, 11.7850322723, 23.1109352112, 19.9361038208, 9.39286613464, 10.8891143799, 13.1792020798, 12.643986702, 11.1509466171, 2.66749978065, 3.12042737007, 3.15457653999, 4.65484523773, 9.04889583588, 3.4024348259, 2.86042928696, 3.09421443939, 6.32980775833, 2.52638363838, 2.49428677559, 2.6106801033, 2.03013396263, 2.49915552139, 3.16606211662, 2.19760560989, 1.27401852608, 1.05068302155, 0.865296185017, 0.477098405361, 0.252675235271, 0.0382311120629, 0.00202545523643, 8.85895860847e-05, 1.23375975818e-05, 1.96968521777e-05],
        "dmean2": [0.661234617233, 3.38840270042, 8.14616775513, 17.667016983, 19.0972099304, 20.626958847, 21.6620559692, 41.056186676, 33.790561676, 16.0471019745, 17.1652069092, 19.6300811768, 18.4073791504, 15.4328069687, 4.03700685501, 5.11917257309, 5.1120057106, 7.84325838089, 14.515879631, 5.4706492424, 4.58644390106, 5.11402511597, 11.0677614212, 4.10465717316, 4.01099729538, 3.92612266541, 3.10731911659, 4.10943889618, 5.46789073944, 3.91153144836, 2.31313419342, 1.90981602669, 1.56630218029, 0.849786639214, 0.466181188822, 0.0651999264956, 0.00306643475778, 0.000145875004819, 1.98230900423e-05, 3.04659952235e-05],
        "dvar": [0.480483263731, 21.6332092285, 233.171554565, 1235.90649414, 975.90838623, 2042.61975098, 1732.33654785, 6652.39794922, 2227.25561523, 405.170196533, 499.387634277, 845.883972168, 622.276916504, 672.16998291, 29.906873703, 169.825698853, 87.0348815918, 73.7638549805, 779.567565918, 74.5251998901, 86.2943115234, 73.1751937866, 656.260375977, 48.02709198, 151.594223022, 138.857299805, 62.2237815857, 32.3463973999, 52.4123573303, 31.2378044128, 11.9885063171, 6.92510843277, 4.77896261215, 1.53368699551, 0.464721530676, 0.00731491018087, 2.14606479858e-05, 4.26425330602e-08, 3.22713827883e-10, 8.25258195114e-10],
        "dvar2": [1.50222539902, 57.4008102417, 538.676513672, 3414.61157227, 2634.08374023, 4552.34716797, 5000.80712891, 18968.5058594, 5794.31201172, 1093.58398438, 1200.21875, 1982.04992676, 1339.21630859, 1259.18847656, 59.9985733032, 411.644134521, 223.885986328, 209.478149414, 1983.37023926, 185.762557983, 222.791320801, 183.934631348, 1888.55749512, 118.077957153, 353.00604248, 287.7706604, 138.202484131, 80.3751144409, 139.17074585, 83.4508285522, 33.2129516602, 19.3105888367, 13.0762834549, 4.10805845261, 1.30868124962, 0.0183488000184, 3.75430026907e-05, 1.00043124007e-07, 7.46942674379e-10, 1.95177007889e-09],
        "max": [5.60305738449, 37.1778945923, 106.170791626, 313.287750244, 224.164123535, 553.762634277, 424.287353516, 691.961547852, 503.171966553, 226.367385864, 379.360839844, 543.439758301, 367.811889648, 470.288635254, 94.5317687988, 336.999298096, 255.301895142, 98.9036407471, 589.45135498, 104.48828125, 132.448547363, 127.501159668, 298.201141357, 85.1773605347, 273.165588379, 297.014007568, 170.561447144, 72.9595870972, 50.0327758789, 31.9084434509, 23.1303005219, 18.7742729187, 13.3057174683, 8.13581562042, 4.03406667709, 0.642668485641, 0.0621745102108, 0.0030395523645, 0.000139554962516, 0.000227928176173],
        "mean": [2.14509940147, 6.09942722321, 5.6634054184, 7.26726770401, 10.4599218369, 16.0964756012, 9.15502643585, 22.9631843567, 29.7768878937, 13.589220047, 19.9236507416, 23.4994430542, 24.183134079, 19.7829227448, 4.3094625473, 4.24803686142, 4.80640172958, 7.3954744339, 11.2454881668, 4.49505615234, 3.24341511726, 4.03693294525, 6.50993919373, 3.08066654205, 2.67273187637, 3.12733030319, 2.39561343193, 2.83121228218, 3.43969869614, 1.97287511826, 1.13190197945, 1.0411349535, 0.817886650562, 0.412788838148, 0.206332042813, 0.0442822501063, 0.00302687962539, 0.000115383110824, 3.70086054318e-05, 7.4291448982e-05],
        "median": [2.26790571213, 4.44667720795, 1.39602053165, 1.14729619026, 0.674654781818, 0.8118288517, 1.84294676781, 5.80363035202, 6.9800901413, 5.99308347702, 7.34128570557, 9.1933631897, 7.62764501572, 4.71811676025, 1.21259260178, 0.923407077789, 1.15137267113, 2.15777254105, 3.37344741821, 1.51099383831, 0.807124733925, 1.2345174551, 2.07912135124, 0.849643290043, 0.331658869982, 0.519538700581, 0.505932927132, 0.874715089798, 1.17580389977, 0.402707755566, 0.260285794735, 0.399550437927, 0.225228354335, 0.05805895105, 0.0363175310194, 0.0109889945015, 0.000735009962227, 3.57926837751e-05, 3.18044694723e-05, 6.87484352966e-05],
        "min": [1.43882847188e-21, 8.30678277919e-21, 3.00281490382e-20, 4.1953382516e-20, 6.18470730167e-20, 3.43634969789e-19, 4.28541673397e-19, 4.07243246039e-19, 1.13081328301e-18, 6.61938050306e-19, 1.99093132283e-19, 1.16843014855e-18, 1.62743029231e-18, 1.09364288821e-18, 2.23686594837e-18, 4.63544818803e-18, 5.97127953004e-18, 8.12365807782e-18, 6.88756900126e-18, 4.50639601836e-18, 3.16082317707e-18, 8.03366248154e-18, 1.14040553823e-17, 1.13880626724e-17, 1.31410387157e-17, 1.3216227779e-17, 1.4832809184e-17, 1.77762983066e-17, 2.42580624255e-17, 2.07168956057e-17, 2.5454663554e-17, 1.59694413725e-17, 1.59720436827e-17, 1.43114752943e-17, 1.15063660436e-17, 5.14642577655e-18, 3.16515594912e-18, 1.45279333645e-18, 2.90993169756e-19, 3.49823986831e-20],
        "stdev": [1.09908735752, 5.60645532608, 14.8576879501, 27.5781879425, 30.8414611816, 57.8375434875, 31.1763534546, 65.0145263672, 52.9824180603, 20.2497158051, 34.0746154785, 39.1264190674, 38.0852279663, 43.8065338135, 8.51207637787, 13.2453193665, 11.1132497787, 12.3081493378, 29.1033267975, 9.08190631866, 9.21684551239, 8.72265052795, 20.3875083923, 7.90149736404, 13.7811450958, 13.8152999878, 8.92941856384, 6.0905122757, 6.94432163239, 5.01409578323, 3.04476284981, 2.30324459076, 1.9657086134, 1.12456941605, 0.57515001297, 0.0924634113908, 0.00684477621689, 0.000248977798037, 2.32625989156e-05, 4.14663954871e-05],
        "var": [1.20799303055, 31.4323406219, 220.750900269, 760.55645752, 951.195739746, 3345.18164062, 971.965026855, 4226.88818359, 2807.13647461, 410.050994873, 1161.07946777, 1530.87670898, 1450.48461914, 1919.0123291, 72.4554367065, 175.438491821, 123.504310608, 151.490539551, 847.003601074, 82.4810180664, 84.9502334595, 76.0846405029, 415.650512695, 62.4336624146, 189.919967651, 190.862518311, 79.7345199585, 37.0943374634, 48.2236061096, 25.1411552429, 9.27058029175, 5.30493545532, 3.86401057243, 1.26465642452, 0.330797553062, 0.00854948256165, 4.68509606435e-05, 6.19899367393e-08, 5.41148514888e-10, 1.71946201721e-09]
    },
    "gfcc": {
        "mean": [-63.9315185547, 126.067047119, -89.5823822021, 35.926448822, -58.0123786926, 19.9309940338, -26.4398555756, 19.1310214996, 5.54428625107, 8.32287693024, -5.34752082825, -3.20117068291, 5.17010545731],
        "cov": [[6462.53759766, -1560.93078613, -416.084564209, 751.364074707, -1254.66772461, 1070.31188965, -47.25963974, 443.149810791, -290.340698242, 350.49420166, 119.894096375, 361.992889404, -2.42418384552], [-1560.93078613, 2479.28759766, 1356.50366211, 31.2874565125, 1509.24060059, -61.4804916382, 493.225860596, -143.497528076, 379.066619873, -164.534896851, 84.5849914551, -255.267562866, 85.2674179077], [-416.084564209, 1356.50366211, 1737.92883301, 510.056732178, 1021.04748535, 305.898651123, 421.761901855, 181.279983521, 314.384979248, 112.877891541, 57.1783027649, -79.9530639648, 102.287940979], [751.364074707, 31.2874565125, 510.056732178, 700.620666504, 207.73135376, 212.030639648, 207.112380981, 131.681762695, 38.5378875732, 64.0922775269, 40.7672843933, -28.2538585663, 11.7217674255], [-1254.66772461, 1509.24060059, 1021.04748535, 207.73135376, 1266.81518555, -29.3543205261, 376.146820068, 40.6247177124, 291.826293945, -24.4045848846, 59.8007507324, -161.744140625, 46.5088615417], [1070.31188965, -61.4804916382, 305.898651123, 212.030639648, -29.3543205261, 642.460876465, 256.01171875, 146.188766479, 66.2763671875, 142.765884399, 97.6415100098, 75.347328186, 33.7463226318], [-47.25963974, 493.225860596, 421.761901855, 207.112380981, 376.146820068, 256.01171875, 432.302337646, 94.2899398804, 116.857574463, 75.8088531494, 128.608947754, -25.6027545929, 20.7187309265], [443.149810791, -143.497528076, 181.279983521, 131.681762695, 40.6247177124, 146.188766479, 94.2899398804, 334.855804443, 104.024330139, 115.904693604, 63.9506416321, 112.975883484, 43.1517753601], [-290.340698242, 379.066619873, 314.384979248, 38.5378875732, 291.826293945, 66.2763671875, 116.857574463, 104.024330139, 252.112762451, 40.7560806274, 25.6202373505, 6.50890016556, 56.7308425903], [350.49420166, -164.534896851, 112.877891541, 64.0922775269, -24.4045848846, 142.765884399, 75.8088531494, 115.904693604, 40.7560806274, 244.902328491, 75.7551040649, 53.751953125, 12.4497098923], [119.894096375, 84.5849914551, 57.1783027649, 40.7672843933, 59.8007507324, 97.6415100098, 128.608947754, 63.9506416321, 25.6202373505, 75.7551040649, 141.959381104, 41.1845321655, 2.26231217384], [361.992889404, -255.267562866, -79.9530639648, -28.2538585663, -161.744140625, 75.347328186, -25.6027545929, 112.975883484, 6.50890016556, 53.751953125, 41.1845321655, 150.870422363, 34.9955482483], [-2.42418384552, 85.2674179077, 102.287940979, 11.7217674255, 46.5088615417, 33.7463226318, 20.7187309265, 43.1517753601, 56.7308425903, 12.4497098923, 2.26231217384, 34.9955482483, 95.3425292969]],
        "icov": [[0.000763870892115, -0.00165266287513, 0.00103112135548, -0.00162566360086, 0.00128663133364, -0.00140263210051, 0.00123359775171, -0.00134006270673, 0.00117666320875, -0.00139393878635, 0.00114423118066, -0.00111444678623, 0.000662127917167], [-0.00165266287513, 0.00768696749583, -0.00416660355404, 0.00542058655992, -0.00530695309862, 0.00347121828236, -0.00397255690768, 0.0050691915676, -0.00394200766459, 0.00590818934143, -0.00549615593627, 0.00414702435955, -0.00300153298303], [0.00103112135548, -0.00416660355404, 0.00400191172957, -0.00376673648134, 0.00164368643891, -0.00270119705237, 0.00238492665812, -0.00285099050961, 0.00199618423358, -0.00378143507987, 0.00371943903156, -0.00243444810621, 0.000959861790761], [-0.00162566360086, 0.00542058655992, -0.00376673648134, 0.00654337508604, -0.00358716840856, 0.00299012335017, -0.00377146154642, 0.00292229815386, -0.00239459029399, 0.00443165376782, -0.00377232348546, 0.00416524196044, -0.00205719284713], [0.00128663133364, -0.00530695309862, 0.00164368643891, -0.00358716840856, 0.00650815339759, -0.00151886139065, 0.00150893279351, -0.0036957198754, 0.00145464634988, -0.00338790472597, 0.00292005739175, -0.00125515728723, 0.00213236128911], [-0.00140263210051, 0.00347121828236, -0.00270119705237, 0.00299012335017, -0.00151886139065, 0.00557452766225, -0.00437320815399, 0.00276519381441, -0.00263026263565, 0.00236364244483, -0.0022884204518, 0.00134564377367, -0.00132627866697], [0.00123359775171, -0.00397255690768, 0.00238492665812, -0.00377146154642, 0.00150893279351, -0.00437320815399, 0.00873346067965, -0.00329156406224, 0.0020528587047, -0.00290277623571, -0.00135126872919, -0.000340651487932, 0.00120751187205], [-0.00134006270673, 0.0050691915676, -0.00285099050961, 0.00292229815386, -0.0036957198754, 0.00276519381441, -0.00329156406224, 0.00932896416634, -0.00454199593514, 0.0026897911448, -0.00328172836453, -0.00156654848251, -0.00154687603936], [0.00117666320875, -0.00394200766459, 0.00199618423358, -0.00239459029399, 0.00145464634988, -0.00263026263565, 0.0020528587047, -0.00454199593514, 0.00956237595528, -0.00357261789031, 0.00342898769304, -0.00210648449138, -0.000992344110273], [-0.00139393878635, 0.00590818934143, -0.00378143507987, 0.00443165376782, -0.00338790472597, 0.00236364244483, -0.00290277623571, 0.0026897911448, -0.00357261789031, 0.0105802118778, -0.00687834341079, 0.00356933102012, -0.00198047608137], [0.00114423118066, -0.00549615593627, 0.00371943903156, -0.00377232348546, 0.00292005739175, -0.0022884204518, -0.00135126872919, -0.00328172836453, 0.00342898769304, -0.00687834341079, 0.0171638894826, -0.00754308653995, 0.00380161916837], [-0.00111444678623, 0.00414702435955, -0.00243444810621, 0.00416524196044, -0.00125515728723, 0.00134564377367, -0.000340651487932, -0.00156654848251, -0.00210648449138, 0.00356933102012, -0.00754308653995, 0.0171907357872, -0.00606196653098], [0.000662127917167, -0.00300153298303, 0.000959861790761, -0.00205719284713, 0.00213236128911, -0.00132627866697, 0.00120751187205, -0.00154687603936, -0.000992344110273, -0.00198047608137, 0.00380161916837, -0.00606196653098, 0.0152636989951]]
    },
    "melbands": {
        "dmean": [0.00315681030042, 0.00234431982972, 0.00156543438789, 0.000936010386795, 0.000422918616096, 0.000518095446751, 0.000277328159427, 9.72094057943e-05, 9.18823425309e-05, 7.59810282034e-05, 6.2677427195e-05, 4.8554593377e-05, 1.01604318843e-05, 7.72818111727e-06, 7.12538258085e-06, 6.80754055793e-06, 8.99025144463e-06, 1.45482244989e-05, 6.65086554363e-06, 5.43370151718e-06, 2.69152883448e-06, 2.24428868023e-06, 6.90930392011e-06, 4.14776786783e-06, 1.89919956028e-06, 1.76183004896e-06, 1.86131774171e-06, 1.71225781287e-06, 1.19157698464e-06, 1.36637800097e-06, 1.51195138187e-06, 1.79465837391e-06, 1.60278375461e-06, 1.09454833819e-06, 6.41763904241e-07, 7.82648157838e-07, 6.2038645865e-07, 6.13010570305e-07, 5.34461321422e-07, 3.80075476869e-07],
        "dmean2": [0.00514147663489, 0.00346020702273, 0.00284388684668, 0.00140776857734, 0.000748169724829, 0.00091655011056, 0.000470632076031, 0.00016538707132, 0.000141706332215, 0.000114582726383, 9.14949050639e-05, 6.73870381434e-05, 1.59068440553e-05, 1.25856477098e-05, 1.16040964713e-05, 1.14395606943e-05, 1.52572283696e-05, 2.36372088693e-05, 1.07353289422e-05, 8.56320275489e-06, 4.34945650341e-06, 3.61257866643e-06, 1.20827735373e-05, 7.12743621989e-06, 3.13475061375e-06, 2.90622938337e-06, 3.04122727357e-06, 2.55587474385e-06, 1.84455325325e-06, 2.16630542127e-06, 2.54524229604e-06, 3.05499884234e-06, 2.80281369669e-06, 1.97493886844e-06, 1.143664349e-06, 1.45245712702e-06, 1.11076417397e-06, 1.10207724902e-06, 9.76666910901e-07, 6.66055655074e-07],
        "dvar": [3.1182586099e-05, 3.32697527483e-05, 2.89349954983e-05, 8.41806286189e-06, 1.61057425885e-06, 3.14801513923e-06, 4.26640752949e-07, 4.15790353259e-08, 3.1372742626e-08, 2.77085607792e-08, 1.53056749497e-08, 1.35133788604e-08, 5.22226872857e-10, 8.70899519168e-10, 5.00144481386e-10, 2.52690646185e-10, 2.99471752951e-10, 2.09181316713e-09, 3.34441807581e-10, 4.16314427376e-10, 7.35105448735e-11, 4.29081180309e-11, 5.26465315787e-10, 2.10512801635e-10, 3.19344481414e-11, 6.48850626006e-11, 8.49119455304e-11, 6.36365890538e-11, 2.77472628207e-11, 1.56031975534e-11, 1.04427065953e-11, 1.50374730029e-11, 1.53881126591e-11, 8.06345615278e-12, 2.7758060607e-12, 4.55781332814e-12, 2.25893132325e-12, 2.21053644139e-12, 2.07217511379e-12, 9.63094296154e-13],
        "dvar2": [9.67104570009e-05, 6.73250760883e-05, 7.83238938311e-05, 1.96516066353e-05, 4.55276813227e-06, 8.94768072612e-06, 1.10123278318e-06, 1.12463254709e-07, 7.49532915734e-08, 6.59880896592e-08, 3.27928937338e-08, 2.51484308933e-08, 1.16020659746e-09, 2.12279904765e-09, 1.24166510407e-09, 6.82077061498e-10, 8.41720637634e-10, 5.4832813845e-09, 8.50604475744e-10, 9.6371965963e-10, 1.97990915329e-10, 1.04046528338e-10, 1.47297718467e-09, 5.94066407178e-10, 8.01884253443e-11, 1.6655003765e-10, 1.6997345198e-10, 1.33212954556e-10, 6.36584326918e-11, 3.54697451965e-11, 2.65903757346e-11, 3.90391503846e-11, 4.14598008702e-11, 2.14747681443e-11, 7.40442429592e-12, 1.29569480145e-11, 6.3136488225e-12, 6.00388228716e-12, 5.77211889397e-12, 2.56211436615e-12],
        "max": [0.0452909432352, 0.0418951921165, 0.0481377542019, 0.0338630154729, 0.0121207414195, 0.0152570810169, 0.00681740418077, 0.00196685711853, 0.00292918668129, 0.00316703086719, 0.00177857384551, 0.00213963794522, 0.000345430627931, 0.000747130543459, 0.000459673668956, 0.000330001668772, 0.000224722869461, 0.000958233838901, 0.000315455836244, 0.000264139816863, 0.000141085183714, 9.73222195171e-05, 0.000241407062276, 0.000156648340635, 7.66496086726e-05, 0.000149481624248, 0.000193485087948, 0.000199859961867, 0.000116162584163, 7.7085729572e-05, 2.92283311865e-05, 3.08496746584e-05, 3.71235000785e-05, 1.68011592905e-05, 1.12464231279e-05, 1.3594290067e-05, 1.20672702906e-05, 1.01432278825e-05, 9.02805095393e-06, 7.6626884038e-06],
        "mean": [0.0149243408814, 0.00431565195322, 0.00128555006813, 0.00109412660822, 0.000348437839421, 0.000534271122888, 0.00042282207869, 0.000141579512274, 0.000172635845956, 0.000130599291879, 0.0001172115808, 8.36020481074e-05, 1.45826197695e-05, 9.72846009972e-06, 1.00154684333e-05, 1.07355181171e-05, 1.3829368072e-05, 1.78159079951e-05, 8.53035180626e-06, 5.80929554417e-06, 3.01905743072e-06, 2.94697497338e-06, 7.79367564974e-06, 4.26033557233e-06, 2.27392661145e-06, 1.74581020929e-06, 2.13584326048e-06, 2.04345292332e-06, 1.45112426253e-06, 1.45181661537e-06, 1.69560291852e-06, 2.01053467208e-06, 1.53622363541e-06, 9.21701541756e-07, 5.94799757891e-07, 6.52078483654e-07, 6.38428616639e-07, 5.98860424361e-07, 4.45024767259e-07, 3.23523977386e-07],
        "median": [0.0149520067498, 0.00219769869, 0.000197937042685, 5.04681484017e-05, 5.78568469791e-05, 0.000130862506921, 0.000106996252725, 6.4148385718e-05, 6.11162249697e-05, 5.00476817251e-05, 3.26239169226e-05, 1.41346308737e-05, 2.13288626583e-06, 1.40491033562e-06, 2.28061435337e-06, 1.9990727651e-06, 3.51279140887e-06, 5.22192522112e-06, 2.58370641859e-06, 1.39102019148e-06, 6.30838258076e-07, 8.61740488745e-07, 2.17643946598e-06, 1.27996008814e-06, 5.18563240348e-07, 1.99732170358e-07, 2.67847013902e-07, 3.41741724696e-07, 2.27628987659e-07, 3.87659241596e-07, 4.96763789215e-07, 6.93897334259e-07, 4.20366063736e-07, 1.2808628469e-07, 1.25497820136e-07, 1.80699387897e-07, 2.62722949174e-07, 1.84453924135e-07, 6.23984064418e-08, 3.42422907806e-08],
        "min": [1.22201575081e-23, 1.366957267e-23, 7.41990340107e-24, 1.32995921723e-23, 1.73743443154e-23, 1.00932622899e-23, 1.56188432336e-23, 5.58481887574e-24, 1.60659382375e-24, 8.25794899487e-24, 8.21155687389e-24, 4.18792173415e-24, 6.17009174183e-24, 1.22555884068e-23, 9.06474307505e-24, 1.72959772954e-23, 1.48913273079e-23, 1.30058195823e-23, 5.23278023046e-24, 6.72572158169e-24, 2.47237448508e-24, 6.49232130566e-24, 1.2788403206e-23, 9.20888373965e-24, 9.0512125328e-24, 9.19620753376e-24, 1.105316165e-23, 8.34447047009e-24, 9.45455948022e-24, 1.03377807715e-23, 8.98337838356e-24, 1.24935790644e-23, 1.5213853089e-23, 9.9923685578e-24, 1.56954905369e-23, 1.20561328155e-23, 8.8360286328e-24, 1.21916441307e-23, 9.42415993638e-24, 1.2892734005e-23],
        "stdev": [0.00820726808161, 0.00653634220362, 0.00432650092989, 0.00373660540208, 0.00101362925489, 0.00143839907832, 0.000743816548493, 0.000205514894333, 0.000267526018433, 0.000217309308937, 0.00019028771203, 0.000196260778466, 3.29104259436e-05, 3.02587704937e-05, 2.4581746402e-05, 2.25137009693e-05, 2.45092342084e-05, 4.61821873614e-05, 1.96824712475e-05, 2.05756441574e-05, 8.44113401399e-06, 6.91075138093e-06, 1.97134322661e-05, 1.20631666505e-05, 6.31228385828e-06, 8.89569764695e-06, 1.07905534605e-05, 9.20814909477e-06, 5.8765472204e-06, 4.30279578723e-06, 3.50898949364e-06, 3.88474109059e-06, 3.59805062544e-06, 2.51701158049e-06, 1.5747427824e-06, 1.7723525616e-06, 1.33159767302e-06, 1.36600465339e-06, 1.24756945752e-06, 8.95379514532e-07],
        "var": [6.73592439853e-05, 4.27237682743e-05, 1.87186105904e-05, 1.39622206916e-05, 1.02744422747e-06, 2.06899198929e-06, 5.53263078018e-07, 4.22363690689e-08, 7.15701702347e-08, 4.72233345761e-08, 3.62094141337e-08, 3.85182907792e-08, 1.08309616831e-09, 9.15593156847e-10, 6.04262251347e-10, 5.06866770777e-10, 6.00702543263e-10, 2.13279438555e-09, 3.873996679e-10, 4.23357127133e-10, 7.12527398194e-11, 4.7758484667e-11, 3.88619386671e-10, 1.45519998829e-10, 3.98449294392e-11, 7.91334359151e-11, 1.16436041364e-10, 8.47900083478e-11, 3.45338098395e-11, 1.85140531378e-11, 1.23130065172e-11, 1.50912130015e-11, 1.29459680823e-11, 6.3353476111e-12, 2.47981496448e-12, 3.14123358401e-12, 1.77315237146e-12, 1.86596875104e-12, 1.55642946448e-12, 8.01704514407e-13]
    },
    "melbands128": {
