{
"lowlevel": {
    "average_loudness": 0.970788180828,
    "barkbands_crest": {
        "dmean": 2.53477931023,
        "dmean2": 4.12446737289,
        "dvar": 5.00253486633,
        "dvar2": 12.2834625244,
        "max": 24.6387023926,
        "mean": 11.9481067657,
        "median": 11.0806570053,
        "min": 3.96279740334,
        "stdev": 4.28034257889,
        "var": 18.3213329315
    },
    "barkbands_flatness_db": {
        "dmean": 0.0293176602572,
        "dmean2": 0.0408901721239,
        "dvar": 0.000886579800863,
        "dvar2": 0.00172471848782,
        "max": 0.414505004883,
        "mean": 0.230767264962,
        "median": 0.23207873106,
        "min": 0.0464599356055,
        "stdev": 0.0614847764373,
        "var": 0.00378037756309
    },
    "barkbands_kurtosis": {
        "dmean": 5.2116932869,
        "dmean2": 8.25006866455,
        "dvar": 53.5252075195,
        "dvar2": 125.40322113,
        "max": 102.348052979,
        "mean": 9.66115570068,
        "median": 6.50312042236,
        "min": -1.89567291737,
        "stdev": 10.6198301315,
        "var": 112.780799866
    },
    "barkbands_skewness": {
        "dmean": 0.651705861092,
        "dmean2": 1.01595473289,
        "dvar": 0.505728185177,
        "dvar2": 1.24207127094,
        "max": 6.90830612183,
        "mean": 1.4268437624,
        "median": 1.29299104214,
        "min": -2.37570762634,
        "stdev": 1.19439792633,
        "var": 1.42658650875
    },
    "barkbands_spread": {
        "dmean": 3.35187458992,
        "dmean2": 4.76890707016,
        "dvar": 66.4257202148,
        "dvar2": 103.632720947,
        "max": 109.669570923,
        "mean": 8.5800037384,
        "median": 5.16909742355,
        "min": 0.699672520161,
        "stdev": 12.9825134277,
        "var": 168.545654297
    },
    "dissonance": {
        "dmean": 0.0452925786376,
        "dmean2": 0.0734625756741,
        "dvar": 0.00138365488965,
        "dvar2": 0.00367753952742,
        "max": 0.499999850988,
        "mean": 0.391969144344,
        "median": 0.396281242371,
        "min": 0.186176463962,
        "stdev": 0.059580732137,
        "var": 0.00354986381717
    },
    "dynamic_complexity": 2.06976532936,
    "erbbands_crest": {
        "dmean": 3.32750678062,
        "dmean2": 5.39825534821,
        "dvar": 9.57781600952,
        "dvar2": 24.0629348755,
        "max": 31.6940670013,
        "mean": 14.4756727219,
        "median": 13.1936016083,
        "min": 3.47499036789,
        "stdev": 6.06607675552,
        "var": 36.7972869873
    },
    "erbbands_flatness_db": {
        "dmean": 0.0273260548711,
        "dmean2": 0.0385742001235,
        "dvar": 0.000752031046432,
        "dvar2": 0.00144262157846,
        "max": 0.427007287741,
        "mean": 0.222471758723,
        "median": 0.22873236239,
        "min": 0.068692676723,
        "stdev": 0.0575207360089,
        "var": 0.00330863520503
    },
    "erbbands_kurtosis": {
        "dmean": 3.75718092918,
        "dmean2": 5.98596954346,
        "dvar": 22.0962486267,
        "dvar2": 52.1899223328,
        "max": 70.2153015137,
        "mean": 7.48525476456,
        "median": 5.26355934143,
        "min": -1.86628556252,
        "stdev": 8.20188236237,
        "var": 67.2708816528
    },
    "erbbands_skewness": {
        "dmean": 0.578427195549,
        "dmean2": 0.897886991501,
        "dvar": 0.326220631599,
        "dvar2": 0.717935919762,
        "max": 5.84972524643,
        "mean": 1.66601765156,
        "median": 1.62940037251,
        "min": -2.57094860077,
        "stdev": 1.09026026726,
        "var": 1.18866741657
    },
    "erbbands_spread": {
        "dmean": 6.6117181778,
        "dmean2": 9.90955066681,
        "dvar": 157.643585205,
        "dvar2": 305.642974854,
        "max": 140.03678894,
        "mean": 18.3144721985,
        "median": 11.9017467499,
        "min": 0.92885774374,
        "stdev": 20.2399616241,
        "var": 409.656036377
    },
    "hfc": {
        "dmean": 4.68599414825,
        "dmean2": 7.01092004776,
        "dvar": 68.0779647827,
        "dvar2": 137.568572998,
        "max": 153.69670105,
        "mean": 14.6846084595,
        "median": 12.5566215515,
        "min": 1.20207474803e-16,
        "stdev": 12.078619957,
        "var": 145.893066406
    },
    "loudness_ebu128": {
        "integrated": -8.40579509735,
        "loudness_range": 1.70151901245,
        "momentary": {
            "dmean": 0.438483893871,
            "dmean2": 0.455237805843,
            "dvar": 0.129238963127,
            "dvar2": 0.132387876511,
            "max": -5.7632226944,
            "mean": -8.65594291687,
            "median": -8.27074146271,
            "min": -13.6376590729,
            "stdev": 1.54542791843,
            "var": 2.38834738731
        },
        "short_term": {
            "dmean": 0.0644809454679,
            "dmean2": 0.0530152060091,
            "dvar": 0.00248938961886,
            "dvar2": 0.00188744976185,
            "max": -7.16379308701,
            "mean": -8.45285797119,
            "median": -8.3657169342,
            "min": -10.4529724121,
            "stdev": 0.628882527351,
            "var": 0.395493209362
        }
    },
    "melbands_crest": {
        "dmean": 3.04135847092,
        "dmean2": 5.05046987534,
        "dvar": 7.35093688965,
        "dvar2": 18.5180568695,
        "max": 30.1460933685,
        "mean": 14.3939809799,
        "median": 13.5446710587,
        "min": 2.97311472893,
        "stdev": 4.92582368851,
        "var": 24.2637405396
    },
    "melbands_flatness_db": {
        "dmean": 0.0322992503643,
        "dmean2": 0.0442395210266,
        "dvar": 0.00125778943766,
        "dvar2": 0.00229725893587,
        "max": 0.529760122299,
        "mean": 0.33173006773,
        "median": 0.330677688122,
        "min": 0.0105425771326,
        "stdev": 0.0747259408236,
        "var": 0.00558396661654
    },
    "melbands_kurtosis": {
        "dmean": 5.37452173233,
        "dmean2": 8.7811384201,
        "dvar": 80.5970687866,
        "dvar2": 212.005172729,
        "max": 166.038406372,
        "mean": 9.83205127716,
        "median": 6.53528404236,
        "min": -1.07423377037,
        "stdev": 11.7751169205,
        "var": 138.653381348
    },
    "melbands_skewness": {
        "dmean": 0.601765751839,
        "dmean2": 0.933337211609,
        "dvar": 0.435634404421,
        "dvar2": 0.951642870903,
        "max": 9.44874286652,
        "mean": 1.53881835938,
        "median": 1.39292407036,
        "min": -1.69562244415,
        "stdev": 1.27109730244,
        "var": 1.61568844318
    },
    "melbands_spread": {
        "dmean": 2.96901965141,
        "dmean2": 4.22317075729,
        "dvar": 50.3933830261,
        "dvar2": 73.9157333374,
        "max": 144.812088013,
        "mean": 8.80324745178,
        "median": 6.38264560699,
        "min": 0.956325173378,
        "stdev": 10.0059022903,
        "var": 100.11807251
    },
    "pitch_salience": {
        "dmean": 0.0642337799072,
        "dmean2": 0.105033375323,
        "dvar": 0.00337091390975,
        "dvar2": 0.0079656355083,
        "max": 0.896034955978,
        "mean": 0.558462202549,
        "median": 0.567412436008,
        "min": 0.225717365742,
        "stdev": 0.105563268065,
        "var": 0.0111436042935
    },
    "silence_rate_20dB": {
        "dmean": 0,
        "dmean2": 0,
        "dvar": 0,
        "dvar2": 0,
        "max": 1,
        "mean": 1,
        "median": 1,
        "min": 1,
        "stdev": 0,
        "var": 0
    },
    "silence_rate_30dB": {
        "dmean": 0,
        "dmean2": 0,
        "dvar": 0,
        "dvar2": 0,
        "max": 1,
        "mean": 1,
        "median": 1,
        "min": 1,
        "stdev": 0,
        "var": 0
    },
    "silence_rate_60dB": {
        "dmean": 0.000773993786424,
        "dmean2": 0.00154918665066,
        "dvar": 0.000773391744588,
        "dvar2": 0.00154677091632,
        "max": 1,
        "mean": 0.00154679035768,
        "median": 0,
        "min": 0,
        "stdev": 0.0392987206578,
        "var": 0.00154438940808
    },
    "spectral_centroid": {
        "dmean": 120.087585449,
        "dmean2": 167.961929321,
        "dvar": 156038.765625,
        "dvar2": 198074.34375,
        "max": 11373.3496094,
        "mean": 527.7578125,
        "median": 423.244476318,
        "min": 210.788009644,
        "stdev": 491.899993896,
        "var": 241965.59375
    },
    "spectral_complexity": {
        "dmean": 1.92105257511,
        "dmean2": 3.0178155899,
        "dvar": 4.75074577332,
        "dvar2": 9.661236763,
        "max": 37,
        "mean": 10.0935811996,
        "median": 10,
        "min": 0,
        "stdev": 3.4856569767,
        "var": 12.149805069
    },
    "spectral_decrease": {
        "dmean": 2.23222107465e-09,
        "dmean2": 3.54637230693e-09,
        "dvar": 5.61786661333e-18,
        "dvar2": 1.30831766047e-17,
        "max": 1.68715600868e-29,
        "mean": -8.86687612223e-09,
        "median": -8.56828652473e-09,
        "min": -2.74308433745e-08,
        "stdev": 4.42780656584e-09,
        "var": 1.96054709193e-17
    },
    "spectral_energy": {
        "dmean": 0.0087042786181,
        "dmean2": 0.0138504849747,
        "dvar": 8.47533010528e-05,
        "dvar2": 0.000198417124921,
        "max": 0.105699509382,
        "mean": 0.0347976237535,
        "median": 0.0335864908993,
        "min": 1.08394999549e-20,
        "stdev": 0.0171962846071,
        "var": 0.00029571223422
    },
    "spectral_energyband_high": {
        "dmean": 0.000223204653594,
        "dmean2": 0.000325737346429,
        "dvar": 7.36716117444e-07,
        "dvar2": 1.36155063046e-06,
        "max": 0.0142557956278,
        "mean": 0.000307833281113,
        "median": 5.4113992519e-05,
        "min": 7.98186316496e-21,
        "stdev": 0.00113921577577,
        "var": 1.29781255964e-06
    },
    "spectral_energyband_low": {
        "dmean": 0.0019380566664,
        "dmean2": 0.00299763353541,
        "dvar": 7.70441965869e-06,
        "dvar2": 1.82883595699e-05,
        "max": 0.0328328721225,
        "mean": 0.0062168375589,
        "median": 0.00487852515653,
        "min": 4.32356139698e-23,
        "stdev": 0.0048915068619,
        "var": 2.39268374571e-05
    },
    "spectral_energyband_middle_high": {
        "dmean": 0.000705489539541,
        "dmean2": 0.000956533942372,
        "dvar": 1.35865934681e-06,
        "dvar2": 2.59617218035e-06,
        "max": 0.0189319886267,
        "mean": 0.00165435660165,
        "median": 0.000819862005301,
        "min": 1.63825836522e-21,
        "stdev": 0.00238100229762,
        "var": 5.66917242395e-06
    },
    "spectral_energyband_middle_low": {
        "dmean": 0.00809047557414,
        "dmean2": 0.0128794582561,
        "dvar": 8.13747465145e-05,
        "dvar2": 0.000190018239664,
        "max": 0.102914698422,
        "mean": 0.0273495800793,
        "median": 0.0253743436188,
        "min": 3.18042211259e-22,
        "stdev": 0.0170403979719,
        "var": 0.00029037517379
    },
    "spectral_entropy": {
        "dmean": 0.301563799381,
        "dmean2": 0.418241113424,
        "dvar": 0.113494209945,
        "dvar2": 0.19464802742,
        "max": 9.81798744202,
        "mean": 6.42955780029,
        "median": 6.31289863586,
        "min": 4.65444326401,
        "stdev": 0.708540380001,
        "var": 0.50202947855
    },
    "spectral_flux": {
        "dmean": 0.0276970397681,
        "dmean2": 0.0443604104221,
        "dvar": 0.000678589509334,
        "dvar2": 0.00172746449243,
        "max": 0.239664793015,
        "mean": 0.07956520468,
        "median": 0.0729735195637,
        "min": 1.04112919674e-10,
        "stdev": 0.0382366254926,
        "var": 0.00146203942131
    },
    "spectral_kurtosis": {
        "dmean": 6.92365789413,
        "dmean2": 10.6676540375,
        "dvar": 86.4358139038,
        "dvar2": 175.553863525,
        "max": 115.325332642,
        "mean": 17.5923881531,
        "median": 13.3836574554,
        "min": -1.19032764435,
        "stdev": 15.3081712723,
        "var": 234.340118408
    },
    "spectral_rms": {
        "dmean": 0.000728792278096,
        "dmean2": 0.0011501214467,
        "dvar": 5.24080178366e-07,
        "dvar2": 1.15714351523e-06,
        "max": 0.010154874064,
        "mean": 0.00563205918297,
        "median": 0.00572427362204,
        "min": 3.251941251e-12,
        "stdev": 0.0014929077588,
        "var": 2.22877361011e-06
    },
    "spectral_rolloff": {
        "dmean": 251.63104248,
        "dmean2": 412.048858643,
        "dvar": 1214411.875,
        "dvar2": 2127094.75,
        "max": 19143.0175781,
        "mean": 719.905456543,
        "median": 452.197265625,
        "min": 172.265625,
        "stdev": 1332.85290527,
        "var": 1776496.875
    },
    "spectral_skewness": {
        "dmean": 0.603280246258,
        "dmean2": 0.879680275917,
        "dvar": 0.437905997038,
        "dvar2": 0.838341057301,
        "max": 9.35525226593,
        "mean": 3.32115316391,
        "median": 3.23133230209,
        "min": -0.120192453265,
        "stdev": 1.35227024555,
        "var": 1.82863497734
    },
    "spectral_spread": {
        "dmean": 981680.125,
        "dmean2": 1443064.625,
        "dvar": 2.62692641178e+12,
        "dvar2": 3.71843897754e+12,
        "max": 40094000,
        "mean": 3958320.75,
        "median": 3501970,
        "min": 837469.75,
        "stdev": 2420696.5,
        "var": 5.85977141658e+12
    },
    "spectral_strongpeak": {
        "dmean": 0.481287896633,
        "dmean2": 0.792275488377,
        "dvar": 0.311794400215,
        "dvar2": 0.71113306284,
        "max": 4.54202270508,
        "mean": 1.35047459602,
        "median": 1.04620397091,
        "min": 0,
        "stdev": 1.0208209753,
        "var": 1.04207539558
    },
    "zerocrossingrate": {
        "dmean": 0.00812882464379,
        "dmean2": 0.00917938537896,
        "dvar": 0.000410768028814,
        "dvar2": 0.000396584277041,
        "max": 0.5,
        "mean": 0.0305468440056,
        "median": 0.0224609375,
        "min": 0.00634765625,
        "stdev": 0.0328955538571,
        "var": 0.00108211743645
    },
    "barkbands": {
        "dmean": [0.00013581069652, 0.00139253167436, 0.000608889968134, 0.00108377088327, 0.00461454223841, 0.00193368515465, 0.00403414294124, 0.000821036752313, 0.000803722883575, 0.000446202728199, 0.000134227593662, 0.000142569304444, 9.44261264522e-05, 7.56584340706e-05, 5.00842506881e-05, 3.02950174955e-05, 2.53330290434e-05, 1.48044791786e-05, 1.34867732413e-05, 2.70745131274e-05, 2.99597213598e-05, 2.92008990073e-05, 2.54028673226e-05, 5.70835472899e-05, 6.18580306764e-05, 2.63807087322e-05, 2.34733875004e-06],
        "dmean2": [0.00021952005045, 0.00218148343265, 0.000984195736237, 0.00168099615257, 0.00749011756852, 0.00295423530042, 0.0065201651305, 0.00120881432667, 0.00113644113299, 0.000653121329378, 0.000213127626921, 0.000210618920391, 0.000147091282997, 0.000109234402771, 7.48956081225e-05, 4.53883185401e-05, 3.9873393689e-05, 2.29457764362e-05, 1.9861427063e-05, 3.88507614844e-05, 4.36519148934e-05, 4.51331288787e-05, 3.68567416444e-05, 8.21416033432e-05, 9.38765952014e-05, 4.09982094425e-05, 3.75124614038e-06],
        "dvar": [4.79703317069e-08, 3.56773307431e-06, 2.17986962525e-06, 4.33588274973e-06, 3.77093456336e-05, 1.26238564917e-05, 4.30423242506e-05, 3.74387741431e-06, 3.01921340906e-06, 9.29228917812e-07, 1.24037811133e-07, 2.04447815122e-07, 4.76792934023e-08, 3.92118195691e-08, 2.42559927699e-08, 1.10580948842e-08, 2.75303002617e-09, 6.15373352275e-09, 3.19935145043e-09, 1.18905534308e-08, 1.35022624193e-08, 1.81412875833e-08, 8.89431017725e-09, 7.52232836021e-08, 9.29317138798e-08, 2.82274967844e-08, 1.19043233604e-10],
        "dvar2": [1.28382481535e-07, 1.00221668617e-05, 4.63584865429e-06, 9.37865661399e-06, 9.24910054891e-05, 2.43739286816e-05, 0.0001090289079, 6.31346983937e-06, 5.36872403245e-06, 1.94175072465e-06, 2.82874026425e-07, 3.69244446574e-07, 1.06245053644e-07, 8.03169157848e-08, 4.75672692346e-08, 2.43550903889e-08, 6.69639410589e-09, 1.50349439565e-08, 6.73285116548e-09, 2.25478888893e-08, 2.77667400184e-08, 4.44805117183e-08, 1.68919882526e-08, 1.34351381575e-07, 1.84493075039e-07, 6.6560069456e-08, 2.60857030421e-10],
        "max": [0.00210117269307, 0.0187255069613, 0.0249795354903, 0.0256950743496, 0.0942966267467, 0.06068116799, 0.0692194923759, 0.0308261681348, 0.0317432917655, 0.0169586520642, 0.00522905495018, 0.0108812758699, 0.00270300474949, 0.0043009785004, 0.00332675781101, 0.00212841224857, 0.000790446705651, 0.00162978610024, 0.00117996975314, 0.0024998462759, 0.00268932105973, 0.002905376954, 0.00178153556772, 0.0063636219129, 0.00420662714168, 0.00484301010147, 0.000255485443631],
        "mean": [0.00030588026857, 0.00396868772805, 0.001286001876, 0.00198990246281, 0.00965698808432, 0.00366289890371, 0.00862612761557, 0.00148983031977, 0.00175527587999, 0.000811500300188, 0.00018342443218, 0.000261708511971, 0.000162962111062, 0.000117249968753, 7.55026412662e-05, 4.46895428468e-05, 3.94050111936e-05, 1.7674996343e-05, 1.84235650522e-05, 3.41804225172e-05, 3.97319163312e-05, 3.85756211472e-05, 3.2162763091e-05, 7.31258332962e-05, 7.47237136238e-05, 2.87331240543e-05, 2.26811380344e-06],
        "median": [0.000232023638091, 0.00338764116168, 0.000606758811045, 0.000589698145632, 0.00623355945572, 0.00177311827429, 0.00394989643246, 0.000376884650905, 0.00040177241317, 0.000229494267842, 4.04370912293e-05, 4.82170726173e-05, 4.966025881e-05, 2.9788874599e-05, 1.70559105754e-05, 1.03227494037e-05, 1.29915279103e-05, 4.25427015216e-06, 2.88354294753e-06, 5.65628988625e-06, 6.52236803944e-06, 5.96316340307e-06, 3.72223462364e-06, 7.51517200115e-06, 8.14195027488e-06, 3.74522210222e-06, 1.85790128171e-07],
        "min": [7.61167233168e-24, 2.27458828125e-23, 4.31769526951e-24, 1.37355608847e-23, 4.45947676669e-23, 1.15923946215e-23, 1.02056978458e-23, 2.18934886277e-23, 9.62559998615e-23, 1.58046553178e-22, 9.52961202229e-23, 1.18985998171e-22, 6.15272946551e-23, 5.69069174006e-23, 1.15149218542e-22, 3.16830167499e-22, 1.53875094576e-22, 2.24717012676e-22, 3.0173732725e-22, 2.60799535724e-22, 4.3811698894e-22, 6.02396855934e-22, 6.81957100675e-22, 8.34057864059e-22, 1.33092724422e-21, 1.56216835116e-21, 2.65633301747e-21],
        "stdev": [0.000307754729874, 0.00281861703843, 0.00238815043122, 0.00344115681946, 0.0103672780097, 0.00559463212267, 0.0108473831788, 0.00342915020883, 0.00349272834137, 0.00177308893763, 0.000429406936746, 0.00079564540647, 0.000323149230098, 0.000299459847156, 0.000208188866964, 0.000129915773869, 6.85205232003e-05, 7.58479218348e-05, 7.0270310971e-05, 0.000129029212985, 0.000138509029057, 0.000155542657012, 0.000124463957036, 0.00035760764149, 0.000380886165658, 0.000175100751221, 1.14818967631e-05],
        "var": [9.47129663587e-08, 7.94460174802e-06, 5.70326255911e-06, 1.18415609904e-05, 0.000107480460429, 3.12999109155e-05, 0.000117665724247, 1.175907164e-05, 1.21991506603e-05, 3.14384419653e-06, 1.84390316349e-07, 6.33051627119e-07, 1.04425424752e-07, 8.96761918057e-08, 4.33426059487e-08, 1.68781095766e-08, 4.69506211687e-09, 5.75290748372e-09, 4.93791629808e-09, 1.66485385478e-08, 1.91847497888e-08, 2.41935182999e-08, 1.5491277594e-08, 1.27883225787e-07, 1.45074281477e-07, 3.06602707667e-08, 1.31833946537e-10]
    },
    "erbbands": {
        "dmean": [0.055655784905, 0.264535754919, 0.596230447292, 1.97207951546, 12.6517047882, 15.7668209076, 10.5498275757, 19.8348693848, 63.2249298096, 30.1139678955, 14.338640213, 18.2865276337, 17.1823348999, 9.00671577454, 5.05028295517, 5.02930879593, 4.31772422791, 3.28860735893, 3.23399400711, 1.92952537537, 1.50223815441, 1.41926574707, 0.757296800613, 0.696498453617, 0.905331254005, 1.2759064436, 1.27421021461, 1.13217997551, 1.12257063389, 0.692623078823, 0.785077095032, 1.04432141781, 1.08076167107, 0.7895206213, 0.405709952116, 0.146392136812, 0.0415213368833, 0.00838638935238, 0.000273799290881, 1.49858897203e-05],
        "dmean2": [0.0863673910499, 0.422381192446, 0.955798268318, 3.04902982712, 20.53191185, 25.4568519592, 17.2835521698, 30.3238983154, 104.502288818, 44.0699729919, 20.347366333, 26.5063095093, 25.4039344788, 12.9220190048, 7.58755779266, 7.42887115479, 6.43114233017, 4.75655889511, 4.59881973267, 2.85716891289, 2.19654178619, 2.21411204338, 1.15386068821, 1.06993412971, 1.34579539299, 1.85948908329, 1.88554644585, 1.59972703457, 1.75768053532, 1.0314707756, 1.12945902348, 1.5078369379, 1.56738173962, 1.22215044498, 0.614035010338, 0.222536787391, 0.0627837330103, 0.0130358412862, 0.000443889672169, 2.34165854636e-05],
        "dvar": [0.00661300634965, 0.130578696728, 1.49174749851, 15.8686885834, 323.159729004, 620.405212402, 313.860321045, 1450.86413574, 12415.8369141, 2478.63574219, 1246.27661133, 2363.56542969, 1308.59643555, 333.70916748, 179.429916382, 199.946273804, 83.3122177124, 63.8309860229, 96.238861084, 28.0691490173, 27.1149101257, 9.1486492157, 6.57919311523, 18.5370750427, 16.7198181152, 23.2489967346, 26.1882076263, 15.6019268036, 28.9161510468, 7.51750993729, 8.66600990295, 24.8147506714, 27.8564338684, 16.7441673279, 3.61705780029, 0.792401373386, 0.0650139898062, 0.00154980190564, 1.97561280402e-06, 1.26255628174e-09],
        "dvar2": [0.0181602202356, 0.367636233568, 3.4966814518, 33.5955467224, 784.927307129, 1530.75439453, 716.836975098, 2727.53637695, 31809.1347656, 4410.39160156, 2014.3861084, 4047.72607422, 2857.04980469, 604.681396484, 380.411468506, 351.573913574, 172.861923218, 128.149215698, 172.563919067, 58.5113182068, 66.6900100708, 21.8586463928, 13.8437194824, 45.861328125, 32.8523178101, 43.3919792175, 55.4331550598, 29.4603233337, 74.202835083, 16.9513282776, 16.7684345245, 52.4410896301, 46.9087638855, 34.8437004089, 7.6425948143, 1.91848635674, 0.144262298942, 0.00330585800111, 4.75804290545e-06, 2.85919932175e-09],
        "max": [0.754342317581, 4.21633386612, 18.8369922638, 61.7043075562, 259.924316406, 293.035522461, 336.518585205, 735.065612793, 1202.06445312, 865.018310547, 599.065307617, 944.469238281, 525.494140625, 455.116790771, 218.098098755, 265.910003662, 141.648117065, 157.342849731, 205.622711182, 86.576789856, 118.948905945, 42.0657463074, 56.8612823486, 113.771018982, 77.5438461304, 104.424606323, 115.596511841, 78.310218811, 119.062698364, 52.8933143616, 48.3802528381, 117.48613739, 103.958633423, 66.1419296265, 31.9827480316, 24.4047584534, 7.60313653946, 0.897172272205, 0.0343574658036, 0.000931723217946],
        "mean": [0.133632853627, 0.807851672173, 1.43147480488, 4.35601472855, 22.7817249298, 32.0682106018, 20.9763774872, 41.6609954834, 131.089675903, 66.7234268188, 31.7419586182, 36.2022018433, 33.9055519104, 17.7456893921, 8.80314064026, 9.66103649139, 8.44959259033, 5.47948741913, 5.44605493546, 3.33131289482, 2.32867908478, 2.31454491615, 1.08507835865, 0.859383225441, 1.19650936127, 1.60811769962, 1.65375435352, 1.51143598557, 1.46554780006, 0.890430808067, 0.968603551388, 1.27173173428, 1.37992250919, 0.928134977818, 0.464182525873, 0.160005062819, 0.0458021424711, 0.00866251159459, 0.000284126144834, 4.65336815978e-05],
        "median": [0.107753530145, 0.680573403835, 0.878850519657, 1.85346341133, 13.6799621582, 16.6234912872, 9.61918544769, 19.4794044495, 51.4174613953, 29.3489761353, 10.3628034592, 8.8146276474, 9.75568675995, 6.14244699478, 2.22342276573, 2.17470550537, 2.7750415802, 1.70915949345, 1.39524817467, 0.820737421513, 0.681558966637, 0.805162549019, 0.360206991434, 0.152213945985, 0.177972882986, 0.259180903435, 0.286149948835, 0.259332835674, 0.225593090057, 0.131719589233, 0.110309377313, 0.131373733282, 0.13138513267, 0.0788531824946, 0.0620744116604, 0.0213575996459, 0.00552527140826, 0.000993687426671, 4.56544294138e-05, 4.19530770159e-05],
        "min": [1.49540199142e-21, 1.78973732951e-21, 5.04265578453e-21, 3.04955093155e-20, 6.39560992354e-20, 2.15337046658e-19, 1.06037329624e-19, 1.17773445703e-19, 1.2074821983e-19, 2.33849490939e-19, 7.47782544084e-19, 1.94082627894e-18, 6.14529723781e-18, 2.45921085625e-18, 4.78418891065e-18, 5.07570969239e-18, 3.02761028891e-18, 2.88511436633e-18, 4.12470882754e-18, 1.10059068837e-17, 1.45398797137e-17, 9.68967724069e-18, 1.13200982045e-17, 1.07732036066e-17, 1.75667271353e-17, 1.18624267654e-17, 1.74830942123e-17, 2.11436248488e-17, 1.75363447914e-17, 2.45041288054e-17, 1.6159214803e-17, 2.09510439673e-17, 1.1904513715e-17, 1.50027435147e-17, 8.64098096882e-18, 5.31824897416e-18, 3.03398826503e-18, 1.19594476066e-18, 2.97920884935e-19, 4.59872289395e-20],
        "stdev": [0.111345872283, 0.589127361774, 1.8791424036, 6.80191373825, 27.1481647491, 43.5245399475, 32.4013252258, 62.6822319031, 181.040786743, 108.976982117, 63.9876976013, 84.6640167236, 62.7503166199, 37.4534988403, 18.8170318604, 26.3472423553, 15.5363874435, 12.4251995087, 14.5825653076, 7.71727371216, 6.02441358566, 4.02518510818, 3.02790689468, 4.19463968277, 5.05343532562, 5.76580142975, 5.87812995911, 5.19410467148, 5.96934318542, 3.30315518379, 3.78767752647, 5.93671178818, 7.03304672241, 4.96446418762, 2.31331801414, 0.91704916954, 0.281737864017, 0.0439618825912, 0.00141736352816, 4.28184648626e-05],
        "var": [0.0123979030177, 0.3470710814, 3.53117632866, 46.2660293579, 737.022888184, 1894.38574219, 1049.84594727, 3929.06225586, 32775.765625, 11875.9833984, 4094.42529297, 7167.99511719, 3937.60205078, 1402.76464844, 354.080688477, 694.177185059, 241.379348755, 154.385574341, 212.651199341, 59.556312561, 36.2935562134, 16.2021141052, 9.16822052002, 17.5950031281, 25.5372104645, 33.2444648743, 34.5524139404, 26.9787254333, 35.6330604553, 10.9108343124, 14.3465003967, 35.2445487976, 49.4637489319, 24.645904541, 5.35143995285, 0.840979218483, 0.0793762207031, 0.00193264696281, 2.00891940949e-06, 1.83342085958e-09]
    },
    "gfcc": {
        "mean": [-45.7998886108, 137.861495972, -62.7850990295, 3.36300706863, -68.1002120972, 7.84222507477, -41.7464523315, 5.50651836395, -19.9208374023, 10.4580221176, -14.4790363312, 1.07357406616, -3.67742967606],
        "cov": [[4252.04492188, -1560.59912109, -410.687896729, 350.168426514, -439.525115967, 197.241333008, -175.478546143, 175.471099854, -137.360046387, 207.809143066, -215.889465332, 53.0641937256, -183.434921265], [-1560.59912109, 1555.75939941, -5.92475605011, -458.203216553, 254.722564697, -188.637008667, 170.456710815, -93.0851364136, 75.9651489258, -218.509796143, 106.049484253, -42.2959403992, 109.435539246], [-410.687896729, -5.92475605011, 507.100799561, -7.04045772552, -31.5011482239, 43.02866745, -1.36479008198, -15.7262420654, -28.4615821838, -14.0271701813, -15.1342639923, 15.8446807861, -6.73528289795], [350.168426514, -458.203216553, -7.04045772552, 486.583435059, 8.71451950073, 11.0725545883, -79.5295410156, -4.37236833572, 25.6163444519, 41.7515335083, -37.8524169922, -5.64398765564, 6.39720535278], [-439.525115967, 254.722564697, -31.5011482239, 8.71451950073, 224.620407104, -35.5541801453, -32.4196166992, -18.5425796509, 30.7574558258, -37.6201171875, 5.06609916687, -2.52505111694, 24.0741634369], [197.241333008, -188.637008667, 43.02866745, 11.0725545883, -35.5541801453, 154.493209839, 30.7645339966, 15.2781009674, -38.8760032654, 27.9163417816, -5.8158698082, 0.275567770004, -29.7090396881], [-175.478546143, 170.456710815, -1.36479008198, -79.5295410156, -32.4196166992, 30.7645339966, 231.942016602, 32.4356498718, -55.6522712708, -37.113609314, 16.7790527344, 2.75975060463, -10.2492313385], [175.471099854, -93.0851364136, -15.7262420654, -4.37236833572, -18.5425796509, 15.2781009674, 32.4356498718, 114.476890564, 14.280872345, 12.4426832199, -22.0191612244, 19.9987335205, -0.0491282679141], [-137.360046387, 75.9651489258, -28.4615821838, 25.6163444519, 30.7574558258, -38.8760032654, -55.6522712708, 14.280872345, 135.186355591, 26.2990512848, -7.02222490311, -6.44588708878, 42.6295547485], [207.809143066, -218.509796143, -14.0271701813, 41.7515335083, -37.6201171875, 27.9163417816, -37.113609314, 12.4426832199, 26.2990512848, 146.658370972, 21.5125617981, -22.0406684875, -10.0946178436], [-215.889465332, 106.049484253, -15.1342639923, -37.8524169922, 5.06609916687, -5.8158698082, 16.7790527344, -22.0191612244, -7.02222490311, 21.5125617981, 109.972206116, 3.07634878159, -3.80843019485], [53.0641937256, -42.2959403992, 15.8446807861, -5.64398765564, -2.52505111694, 0.275567770004, 2.75975060463, 19.9987335205, -6.44588708878, -22.0406684875, 3.07634878159, 73.1702880859, 10.7384090424], [-183.434921265, 109.435539246, -6.73528289795, 6.39720535278, 24.0741634369, -29.7090396881, -10.2492313385, -0.0491282679141, 42.6295547485, -10.0946178436, -3.80843019485, 10.7384090424, 95.2970657349]],
        "icov": [[0.000689807871822, -0.000185779805179, 0.000767874356825, -0.000423942692578, 0.00127354997676, -0.000493550556712, 0.000910477188881, -0.000700089731254, 0.000969415064901, -0.000811879057437, 0.00140741048381, -0.000952728965785, 0.000889784714673], [-0.000185779805179, 0.00381668959744, -0.000715213769581, 0.00287161511369, -0.00328029342927, 0.00238862680271, -0.00301666627638, 0.00207689474337, -0.00310638011433, 0.00423565134406, -0.00321464403532, 0.00363583466969, -0.00243380805477], [0.000767874356825, -0.000715213769581, 0.0030179915484, -0.000784372328781, 0.00207377807237, -0.00144732568879, 0.00152324559167, -0.000556014536414, 0.00165077066049, -0.00125168589875, 0.00227493024431, -0.0020163054578, 0.00120087817777], [-0.000423942692578, 0.00287161511369, -0.000784372328781, 0.00456599472091, -0.0030599066522, 0.00172538147308, -0.00199778005481, 0.00201505981386, -0.00270776101388, 0.00278697209433, -0.00207632733509, 0.0029255009722, -0.00228471378796], [0.00127354997676, -0.00328029342927, 0.00207377807237, -0.0030599066522, 0.00982127524912, -0.00242119166069, 0.00452574295923, -0.00244090566412, 0.00305690080859, -0.00282171065919, 0.00408491538838, -0.00381591147743, 0.00274685560726], [-0.000493550556712, 0.00238862680271, -0.00144732568879, 0.00172538147308, -0.00242119166069, 0.00980282016098, -0.00321632344276, 0.000978453201242, -0.000507805554662, 0.000914922100492, -0.00185798457824, 0.00231560901739, -0.000599973544013], [0.000910477188881, -0.00301666627638, 0.00152324559167, -0.00199778005481, 0.00452574295923, -0.00321632344276, 0.0091721797362, -0.00473516574129, 0.00543439527974, -0.00211018673144, 0.0023862964008, -0.00232208170928, 0.00199909019284], [-0.000700089731254, 0.00207689474337, -0.000556014536414, 0.00201505981386, -0.00244090566412, 0.000978453201242, -0.00473516574129, 0.0131405573338, -0.00475631235167, 0.000837957544718, 0.000295325822663, -0.00153630401473, -0.00108667265158], [0.000969415064901, -0.00310638011433, 0.00165077066049, -0.00270776101388, 0.00305690080859, -0.000507805554662, 0.00543439527974, -0.00475631235167, 0.0146232629195, -0.0061367158778, 0.00439910078421, -0.00240806723014, -0.00136120757088], [-0.000811879057437, 0.00423565134406, -0.00125168589875, 0.00278697209433, -0.00282171065919, 0.000914922100492, -0.00211018673144, 0.000837957544718, -0.0061367158778, 0.0151372160763, -0.00789809040725, 0.00803552474827, -0.00280334008858], [0.00140741048381, -0.00321464403532, 0.00227493024431, -0.00207632733509, 0.00408491538838, -0.00185798457824, 0.0023862964008, 0.000295325822663, 0.00439910078421, -0.00789809040725, 0.0161162372679, -0.00680367415771, 0.00395269412547], [-0.000952728965785, 0.00363583466969, -0.0020163054578, 0.0029255009722, -0.00381591147743, 0.00231560901739, -0.00232208170928, -0.00153630401473, -0.00240806723014, 0.00803552474827, -0.00680367415771, 0.0208050701767, -0.00560057768598], [0.000889784714673, -0.00243380805477, 0.00120087817777, -0.00228471378796, 0.00274685560726, -0.000599973544013, 0.00199909019284, -0.00108667265158, -0.00136120757088, -0.00280334008858, 0.00395269412547, -0.00560057768598, 0.0156738664955]]
    },
    "melbands": {
        "dmean": [0.000427799037425, 0.000284859328531, 0.000609063950833, 0.00109679263551, 0.000405748927733, 0.000446045451099, 0.000902359897736, 0.000283768575173, 0.000111948997073, 0.000117148178106, 8.8094289822e-05, 4.17062365159e-05, 1.8311855456e-05, 1.36854105222e-05, 1.64272805705e-05, 7.36062202122e-06, 6.38532492303e-06, 5.95173651163e-06, 3.37799860972e-06, 2.27793657359e-06, 1.72604870841e-06, 1.6503063307e-06, 9.81940729616e-07, 6.64294191211e-07, 5.67148561004e-07, 5.59570707992e-07, 8.85014969754e-07, 8.46862462822e-07, 8.22833783332e-07, 8.02002716682e-07, 6.3489517288e-07, 6.51620780445e-07, 5.89115302319e-07, 3.23214237596e-07, 3.98144322844e-07, 6.11138204931e-07, 6.67791539399e-07, 7.02055842794e-07, 9.25443600863e-07, 5.95331471231e-07],
        "dmean2": [0.000667850545142, 0.000452572945505, 0.000956907635555, 0.00175282766577, 0.000668586988468, 0.000683427264448, 0.00147888204083, 0.000405904575018, 0.000160301133292, 0.000170529194293, 0.000130687083583, 6.07766705798e-05, 2.81576139969e-05, 2.07356697501e-05, 2.55036029557e-05, 1.1029417692e-05, 9.33456703933e-06, 8.60116688273e-06, 5.12444648848e-06, 3.40674432664e-06, 2.65537869382e-06, 2.56127509601e-06, 1.55162024384e-06, 1.03271054286e-06, 8.92085665782e-07, 8.47727562814e-07, 1.32394552566e-06, 1.26063662265e-06, 1.21864900393e-06, 1.18063906029e-06, 9.22292315408e-07, 1.03040997601e-06, 9.49013838181e-07, 4.77345167837e-07, 5.95624555899e-07, 8.69027815043e-07, 9.88414171843e-07, 1.01695650301e-06, 1.41325665481e-06, 9.49489219693e-07],
        "dvar": [3.63488680932e-07, 2.39902021804e-07, 7.7941984955e-07, 2.31054650612e-06, 4.85027271679e-07, 6.57445013985e-07, 2.39009159486e-06, 2.43620661422e-07, 6.55725003185e-08, 8.314332689e-08, 3.45471704577e-08, 8.15971024082e-09, 2.28429208882e-09, 2.80122125496e-09, 1.91981808229e-09, 2.77252304448e-10, 2.73761874281e-10, 2.98487151662e-10, 8.77190542425e-11, 5.50327769466e-11, 4.02026363588e-11, 1.2894945528e-11, 7.46564442211e-12, 1.52002629233e-11, 1.23774757804e-11, 5.1674133722e-12, 2.09106031102e-11, 8.69380522434e-12, 1.11506403069e-11, 8.80529590214e-12, 4.93615868666e-12, 8.97203318584e-12, 8.18131326574e-12, 1.31316604726e-12, 2.25590726655e-12, 6.1545057245e-12, 1.1741564318e-11, 1.12024599666e-11, 2.26611663462e-11, 1.04684403507e-11],
        "dvar2": [1.01877071756e-06, 5.62295326745e-07, 1.77009451363e-06, 5.59546833756e-06, 1.14701924758e-06, 1.2345765299e-06, 6.12671874478e-06, 4.29391064927e-07, 1.09458255793e-07, 1.45413082464e-07, 7.51683870703e-08, 1.50105261554e-08, 4.93728080642e-09, 5.26862997674e-09, 3.52646711832e-09, 5.94505222828e-10, 5.79154169067e-10, 5.37197508699e-10, 1.84019965932e-10, 1.09807572757e-10, 1.05514111337e-10, 3.10069123155e-11, 1.64858335316e-11, 3.89002510759e-11, 3.03622821329e-11, 1.0715638446e-11, 4.51219756004e-11, 1.58146881007e-11, 2.4388545003e-11, 1.79787278815e-11, 9.20079464006e-12, 2.26779966334e-11, 2.0829941938e-11, 2.75984313527e-12, 4.6507572099e-12, 1.08288326223e-11, 2.70930777813e-11, 1.92878421568e-11, 4.4267589594e-11, 2.29815107916e-11],
        "max": [0.0059624100104, 0.00686097098514, 0.0119531545788, 0.0249304585159, 0.0126165375113, 0.0145289544016, 0.0165424700826, 0.0079402923584, 0.003905499354, 0.00534127699211, 0.00259652454406, 0.00202244706452, 0.000774252403062, 0.00153064669576, 0.000860128959175, 0.000216409680434, 0.000338625250151, 0.000334229029249, 0.000155281886691, 0.000168397877133, 0.000148193124915, 4.81278366351e-05, 5.71358687012e-05, 8.40450375108e-05, 9.48281158344e-05, 4.32114611613e-05, 0.000114552509331, 5.45584043721e-05, 7.49376849853e-05, 6.22218140052e-05, 4.37178423454e-05, 6.39746358502e-05, 5.84867266298e-05, 2.02757255465e-05, 2.48151482083e-05, 5.49960641365e-05, 7.91417915025e-05, 6.70998706482e-05, 6.98812436895e-05, 5.72450153413e-05],
        "mean": [0.0011630213121, 0.000865287787747, 0.00125634495635, 0.00220914720558, 0.000836062594317, 0.000960411329288, 0.00189525680616, 0.00060742063215, 0.000239671862801, 0.000233478465816, 0.000170853527379, 7.96802924015e-05, 2.7926374969e-05, 2.45509618253e-05, 2.95709141938e-05, 1.32874292831e-05, 9.78360549198e-06, 9.56295025389e-06, 5.12485166837e-06, 3.62621790373e-06, 2.47523939834e-06, 2.58270938502e-06, 1.41065402204e-06, 7.48256979932e-07, 6.62405966523e-07, 7.46151442854e-07, 1.0460842077e-06, 1.06413290268e-06, 1.00613146969e-06, 1.022226229e-06, 8.22241986498e-07, 8.54358347624e-07, 6.89023067935e-07, 4.15502626083e-07, 4.82180496419e-07, 7.48131981254e-07, 7.7500885709e-07, 8.81083394688e-07, 1.09492498268e-06, 6.71545251407e-07],
        "median": [0.00095440109726, 0.000630018184893, 0.000707235943992, 0.00134768430144, 0.000395705283154, 0.000416622468038, 0.000853333272971, 0.000195576634724, 6.40877042315e-05, 5.23880225956e-05, 4.62177376903e-05, 2.39667206188e-05, 6.53788174532e-06, 4.73713953397e-06, 6.52308062854e-06, 4.44186480308e-06, 2.45188903136e-06, 2.06397317015e-06, 1.13405133106e-06, 7.19523370663e-07, 6.42057784717e-07, 7.92438129338e-07, 4.77165997381e-07, 1.58768386882e-07, 9.40816278217e-08, 1.10419485111e-07, 1.19275441079e-07, 1.78209234036e-07, 1.59002240707e-07, 1.53942110614e-07, 1.26902421016e-07, 1.20590371466e-07, 9.48737408635e-08, 5.23288434806e-08, 5.55436976413e-08, 6.42852597821e-08, 7.96923984581e-08, 8.78057946352e-08, 6.90434944772e-08, 5.58069430667e-08],
        "min": [9.33383851818e-24, 2.55701689363e-24, 5.51538846646e-24, 1.04166652843e-23, 5.01010372957e-24, 2.38711794832e-24, 1.97664324819e-24, 3.22498210411e-24, 6.64078571689e-24, 1.44549688981e-23, 3.0182588162e-23, 8.428889631e-24, 1.55384867064e-23, 1.54359363664e-23, 8.57617390631e-24, 5.28110348293e-24, 5.45024157189e-24, 5.51595329087e-24, 1.05608627469e-23, 2.29366151799e-23, 1.42081074996e-23, 9.25015773107e-24, 1.07437719807e-23, 1.0299632247e-23, 7.62870226091e-24, 1.49874610532e-23, 9.37598341204e-24, 7.21781064779e-24, 1.14015896789e-23, 8.8916496375e-24, 1.42162895649e-23, 1.04379203525e-23, 9.3085003059e-24, 1.50546893573e-23, 7.75947646633e-24, 1.20860732423e-23, 1.28722701642e-23, 8.03768798608e-24, 7.58499778903e-24, 1.52864140927e-23],
        "stdev": [0.000863837776706, 0.000826454430353, 0.00151242420543, 0.00246228976175, 0.00130221620202, 0.00135700672399, 0.00250167353079, 0.0010583398398, 0.000480479764519, 0.000509332690854, 0.000323902146192, 0.000179683571332, 6.23693122179e-05, 8.37290644995e-05, 8.22515212349e-05, 2.50569410127e-05, 2.44868224399e-05, 2.63624333456e-05, 1.24595244415e-05, 1.02965304905e-05, 6.78685410094e-06, 4.74327680422e-06, 3.393121915e-06, 3.59467298949e-06, 3.45211401509e-06, 2.86738600153e-06, 5.0323897085e-06, 3.56966484105e-06, 3.73488660443e-06, 3.5348136862e-06, 3.01122486235e-06, 3.44276168107e-06, 3.00610213344e-06, 1.45835895182e-06, 1.84803138836e-06, 3.31692763211e-06, 3.81996005672e-06, 4.42868031314e-06, 5.93521917835e-06, 3.7603117562e-06],
        "var": [7.46215732761e-07, 6.83026883053e-07, 2.2874271508e-06, 6.06287039773e-06, 1.69576696862e-06, 1.84146733773e-06, 6.2583703766e-06, 1.12008331143e-06, 2.30860791817e-07, 2.59419778104e-07, 1.04912601273e-07, 3.22861879454e-08, 3.88993148803e-09, 7.0105565797e-09, 6.76531275445e-09, 6.27850271773e-10, 5.99604477181e-10, 6.94977853044e-10, 1.55239751609e-10, 1.06018548107e-10, 4.60613908126e-11, 2.24986730635e-11, 1.1513275576e-11, 1.29216741473e-11, 1.19170914456e-11, 8.22190232563e-12, 2.53249470006e-11, 1.27425067026e-11, 1.39493772436e-11, 1.24949078861e-11, 9.0674750694e-12, 1.18526083046e-11, 9.0366499006e-12, 2.12681088019e-12, 3.41522014662e-12, 1.10020091995e-11, 1.45920948935e-11, 1.96132086266e-11, 3.52268249293e-11, 1.41399444237e-11]
    },
    "melbands128": {
