{
"lowlevel": {
    "average_loudness": 0.972443342209,
    "barkbands_crest": {
        "dmean": 3.40693736076,
        "dmean2": 5.42109441757,
        "dvar": 9.70272350311,
        "dvar2": 21.9555568695,
        "max": 25.3677539825,
        "mean": 11.0449781418,
        "median": 9.95229816437,
        "min": 2.60294675827,
        "stdev": 4.78446722031,
        "var": 22.8911247253
    },
    "barkbands_flatness_db": {
        "dmean": 0.0317247733474,
        "dmean2": 0.0475488938391,
        "dvar": 0.00101693568286,
        "dvar2": 0.00231660483405,
        "max": 0.349290400743,
        "mean": 0.13156992197,
        "median": 0.128881618381,
        "min": 0.0230728201568,
        "stdev": 0.0571692101657,
        "var": 0.00326831848361
    },
    "barkbands_kurtosis": {
        "dmean": 5.97186470032,
        "dmean2": 9.25310134888,
        "dvar": 172.520355225,
        "dvar2": 409.435119629,
        "max": 327.084197998,
        "mean": 7.17629051208,
        "median": 1.53530168533,
        "min": -1.90884077549,
        "stdev": 18.803571701,
        "var": 353.574279785
    },
    "barkbands_skewness": {
        "dmean": 0.845181405544,
        "dmean2": 1.23068284988,
        "dvar": 0.884461283684,
        "dvar2": 1.86332511902,
        "max": 16.7738952637,
        "mean": 1.84504806995,
        "median": 1.40664088726,
        "min": -1.5151566267,
        "stdev": 1.66185534,
        "var": 2.76176309586
    },
    "barkbands_spread": {
        "dmean": 8.8938293457,
        "dmean2": 13.3026189804,
        "dvar": 97.4218444824,
        "dvar2": 187.908508301,
        "max": 121.077758789,
        "mean": 26.0135669708,
        "median": 23.5743865967,
        "min": 0.889168798923,
        "stdev": 17.1767311096,
        "var": 295.04006958
    },
    "dissonance": {
        "dmean": 0.0229289550334,
        "dmean2": 0.0372761562467,
        "dvar": 0.000519451801665,
        "dvar2": 0.00124619330745,
        "max": 0.499798089266,
        "mean": 0.456851303577,
        "median": 0.465097159147,
        "min": 0.221088930964,
        "stdev": 0.0331345386803,
        "var": 0.00109789753333
    },
    "dynamic_complexity": 2.38480019569,
    "erbbands_crest": {
        "dmean": 3.12899374962,
        "dmean2": 4.87199640274,
        "dvar": 8.60373973846,
        "dvar2": 19.6231460571,
        "max": 26.9108867645,
        "mean": 9.31473064423,
        "median": 8.6071062088,
        "min": 2.35609960556,
        "stdev": 4.32414770126,
        "var": 18.6982517242
    },
    "erbbands_flatness_db": {
        "dmean": 0.0225744694471,
        "dmean2": 0.0312221627682,
        "dvar": 0.000427639111876,
        "dvar2": 0.000751815445255,
        "max": 0.258694291115,
        "mean": 0.133372694254,
        "median": 0.130076602101,
        "min": 0.0506423935294,
        "stdev": 0.0417168997228,
        "var": 0.00174029986374
    },
    "erbbands_kurtosis": {
        "dmean": 0.988966226578,
        "dmean2": 1.56635332108,
        "dvar": 1.73669528961,
        "dvar2": 3.84839105606,
        "max": 15.1300945282,
        "mean": 0.259371548891,
        "median": -0.324511289597,
        "min": -1.8541880846,
        "stdev": 1.85311436653,
        "var": 3.43403291702
    },
    "erbbands_skewness": {
        "dmean": 0.448022842407,
        "dmean2": 0.679295539856,
        "dvar": 0.173518940806,
        "dvar2": 0.370893895626,
        "max": 3.57585644722,
        "mean": 0.340400964022,
        "median": 0.291860818863,
        "min": -2.3339984417,
        "stdev": 0.758508265018,
        "var": 0.575334787369
    },
    "erbbands_spread": {
        "dmean": 11.7847881317,
        "dmean2": 17.7661476135,
        "dvar": 174.824005127,
        "dvar2": 402.891326904,
        "max": 151.475280762,
        "mean": 44.8563652039,
        "median": 42.7403640747,
        "min": 7.04325723648,
        "stdev": 20.8286647797,
        "var": 433.833282471
    },
    "hfc": {
        "dmean": 11.4843940735,
        "dmean2": 17.0651493073,
        "dvar": 242.512435913,
        "dvar2": 562.866882324,
        "max": 171.291870117,
        "mean": 23.7113170624,
        "median": 20.0176792145,
        "min": 0.000127065883134,
        "stdev": 19.8585662842,
        "var": 394.362670898
    },
    "loudness_ebu128": {
        "integrated": -7.40328025818,
        "loudness_range": 1.64439916611,
        "momentary": {
            "dmean": 0.629753410816,
            "dmean2": 0.974230349064,
            "dvar": 0.206399396062,
            "dvar2": 0.45514023304,
            "max": -5.54379272461,
            "mean": -7.51499462128,
            "median": -7.37335300446,
            "min": -11.0901050568,
            "stdev": 1.00499486923,
            "var": 1.01001465321
        },
        "short_term": {
            "dmean": 0.0873574465513,
            "dmean2": 0.129326328635,
            "dvar": 0.00287698325701,
            "dvar2": 0.00727284373716,
            "max": -6.56833219528,
            "mean": -7.38967704773,
            "median": -7.23125600815,
            "min": -8.86461734772,
            "stdev": 0.566070556641,
            "var": 0.320435881615
        }
    },
    "melbands_crest": {
        "dmean": 4.45143699646,
        "dmean2": 6.97588777542,
        "dvar": 16.1088466644,
        "dvar2": 36.763130188,
        "max": 36.3396377563,
        "mean": 16.2621574402,
        "median": 14.6232261658,
        "min": 4.50641393661,
        "stdev": 7.09407997131,
        "var": 50.3259735107
    },
    "melbands_flatness_db": {
        "dmean": 0.0395114272833,
        "dmean2": 0.0585712641478,
        "dvar": 0.00158189714421,
        "dvar2": 0.00357805867679,
        "max": 0.465982615948,
        "mean": 0.208990365267,
        "median": 0.202584773302,
        "min": 0.056807924062,
        "stdev": 0.0740283727646,
        "var": 0.00548020005226
    },
    "melbands_kurtosis": {
        "dmean": 15.3062582016,
        "dmean2": 23.5207939148,
        "dvar": 1026.38317871,
        "dvar2": 2364.875,
        "max": 769.094726562,
        "mean": 20.9079666138,
        "median": 8.2853679657,
        "min": -0.991114616394,
        "stdev": 44.8214416504,
        "var": 2008.96154785
    },
    "melbands_skewness": {
        "dmean": 1.17158567905,
        "dmean2": 1.73120093346,
        "dvar": 1.91010713577,
        "dvar2": 4.10574769974,
        "max": 21.5002174377,
        "mean": 3.07497692108,
        "median": 2.56326603889,
        "min": -0.196269139647,
        "stdev": 2.25957798958,
        "var": 5.10569238663
    },
    "melbands_spread": {
        "dmean": 9.66554355621,
        "dmean2": 14.7470588684,
        "dvar": 126.200111389,
        "dvar2": 294.486236572,
        "max": 122.697677612,
        "mean": 23.9975070953,
        "median": 22.0531406403,
        "min": 0.498524546623,
        "stdev": 16.4448451996,
        "var": 270.432922363
    },
    "pitch_salience": {
        "dmean": 0.102274864912,
        "dmean2": 0.158717051148,
        "dvar": 0.00972333922982,
        "dvar2": 0.0234232209623,
        "max": 0.863298654556,
        "mean": 0.504698336124,
        "median": 0.504688620567,
        "min": 0.0754677802324,
        "stdev": 0.14905667305,
        "var": 0.022217893973
    },
    "silence_rate_20dB": {
        "dmean": 0,
        "dmean2": 0,
        "dvar": 0,
        "dvar2": 0,
        "max": 1,
        "mean": 1,
        "median": 1,
        "min": 1,
        "stdev": 0,
        "var": 0
    },
    "silence_rate_30dB": {
        "dmean": 0.0030959751457,
        "dmean2": 0.00619674660265,
        "dvar": 0.00308636226691,
        "dvar2": 0.00925664044917,
        "max": 1,
        "mean": 0.998453199863,
        "median": 1,
        "min": 0,
        "stdev": 0.0392987653613,
        "var": 0.00154439290054
    },
    "silence_rate_60dB": {
        "dmean": 0.0348297208548,
        "dmean2": 0.068938806653,
        "dvar": 0.0336165614426,
        "dvar2": 0.0719326138496,
        "max": 1,
        "mean": 0.0378963649273,
        "median": 0,
        "min": 0,
        "stdev": 0.190944314003,
        "var": 0.0364597290754
    },
    "spectral_centroid": {
        "dmean": 341.493560791,
        "dmean2": 516.23828125,
        "dvar": 118605.414062,
        "dvar2": 246290.046875,
        "max": 3813.92895508,
        "mean": 1467.42089844,
        "median": 1476.98205566,
        "min": 211.655532837,
        "stdev": 623.546691895,
        "var": 388810.5
    },
    "spectral_complexity": {
        "dmean": 6.23142433167,
        "dmean2": 9.31216144562,
        "dvar": 57.9842720032,
        "dvar2": 113.83215332,
        "max": 54,
        "mean": 16.7563800812,
        "median": 15,
        "min": 0,
        "stdev": 10.7587003708,
        "var": 115.749633789
    },
    "spectral_decrease": {
        "dmean": 3.35116867589e-09,
        "dmean2": 4.79050621394e-09,
        "dvar": 1.68871916447e-17,
        "dvar2": 3.41006167054e-17,
        "max": -2.2068730239e-14,
        "mean": -7.7999500192e-09,
        "median": -6.36791908093e-09,
        "min": -3.5137471599e-08,
        "stdev": 5.83871040405e-09,
        "var": 3.40905416456e-17
    },
    "spectral_energy": {
        "dmean": 0.0132572967559,
        "dmean2": 0.0187411401421,
        "dvar": 0.000247917021625,
        "dvar2": 0.000494406034704,
        "max": 0.134725213051,
        "mean": 0.0315895117819,
        "median": 0.0262810140848,
        "min": 9.48179135207e-08,
        "stdev": 0.0228261351585,
        "var": 0.000521032430697
    },
    "spectral_energyband_high": {
        "dmean": 0.000741460593417,
        "dmean2": 0.00114145677071,
        "dvar": 1.59798730692e-06,
        "dvar2": 3.79290054298e-06,
        "max": 0.0115885864943,
        "mean": 0.00103177386336,
        "median": 0.000461020274088,
        "min": 3.91412680045e-09,
        "stdev": 0.00142504146788,
        "var": 2.03074318961e-06
    },
    "spectral_energyband_low": {
        "dmean": 0.00938626285642,
        "dmean2": 0.0144987348467,
        "dvar": 0.000237420405028,
        "dvar2": 0.00053838925669,
        "max": 0.125517353415,
        "mean": 0.0144541300833,
        "median": 0.00826885923743,
        "min": 2.74378102461e-08,
        "stdev": 0.0186219699681,
        "var": 0.000346777786035
    },
    "spectral_energyband_middle_high": {
        "dmean": 0.00262017315254,
        "dmean2": 0.003930978477,
        "dvar": 1.1803522284e-05,
        "dvar2": 2.74212507065e-05,
        "max": 0.0318272486329,
        "mean": 0.00529299490154,
        "median": 0.00395851954818,
        "min": 3.25424487357e-08,
        "stdev": 0.00520034646615,
        "var": 2.70436030405e-05
    },
    "spectral_energyband_middle_low": {
        "dmean": 0.0061728223227,
        "dmean2": 0.00962018966675,
        "dvar": 8.34202728583e-05,
        "dvar2": 0.000209173100302,
        "max": 0.0708803012967,
        "mean": 0.0115237887949,
        "median": 0.00830307323486,
        "min": 3.15537107554e-08,
        "stdev": 0.0109441159293,
        "var": 0.000119773663755
    },
    "spectral_entropy": {
        "dmean": 0.265542089939,
        "dmean2": 0.364436030388,
        "dvar": 0.0631853863597,
        "dvar2": 0.126900911331,
        "max": 8.82530021667,
        "mean": 7.57697916031,
        "median": 7.58717298508,
        "min": 5.97034454346,
        "stdev": 0.499850273132,
        "var": 0.249850288033
    },
    "spectral_flux": {
        "dmean": 0.0394639708102,
        "dmean2": 0.0574566796422,
        "dvar": 0.00140972272493,
        "dvar2": 0.00258067436516,
        "max": 0.309230953455,
        "mean": 0.104112066329,
        "median": 0.0932478308678,
        "min": 0.000307925161906,
        "stdev": 0.0590492486954,
        "var": 0.00348681397736
    },
    "spectral_kurtosis": {
        "dmean": 1.32984721661,
        "dmean2": 2.01942539215,
        "dvar": 2.31917595863,
        "dvar2": 5.51805496216,
        "max": 22.7918453217,
        "mean": 3.99351406097,
        "median": 3.65028715134,
        "min": -1.55846726894,
        "stdev": 2.22698664665,
        "var": 4.95946979523
    },
    "spectral_rms": {
        "dmean": 0.00114054162987,
        "dmean2": 0.00155846832786,
        "dvar": 1.37336667194e-06,
        "dvar2": 2.55251939052e-06,
        "max": 0.0114646945149,
        "mean": 0.00518232537434,
        "median": 0.00506359711289,
        "min": 9.6179664979e-06,
        "stdev": 0.00199062027968,
        "var": 3.9625692807e-06
    },
    "spectral_rolloff": {
        "dmean": 772.229980469,
        "dmean2": 1259.60009766,
        "dvar": 1666000.625,
        "dvar2": 2994545.5,
        "max": 14147.3144531,
        "mean": 1632.90930176,
        "median": 990.52734375,
        "min": 64.599609375,
        "stdev": 1979.92041016,
        "var": 3920085
    },
    "spectral_skewness": {
        "dmean": 0.223543390632,
        "dmean2": 0.337556868792,
        "dvar": 0.0538684315979,
        "dvar2": 0.120775289834,
        "max": 3.79274010658,
        "mean": 1.61144423485,
        "median": 1.59655070305,
        "min": -0.00127116742078,
        "stdev": 0.390785872936,
        "var": 0.152713596821
    },
    "spectral_spread": {
        "dmean": 814275.75,
        "dmean2": 1182259.25,
        "dvar": 1.28981191885e+12,
        "dvar2": 2.28503453696e+12,
        "max": 21657290,
        "mean": 5707025.5,
        "median": 5257571.5,
        "min": 2509775.75,
        "stdev": 2040964.25,
        "var": 4.16553526886e+12
    },
    "spectral_strongpeak": {
        "dmean": 0.576899051666,
        "dmean2": 0.963310360909,
        "dvar": 1.07323288918,
        "dvar2": 2.43263959885,
        "max": 11.8043689728,
        "mean": 0.91052532196,
        "median": 0.37981531024,
        "min": 0,
        "stdev": 1.35905086994,
        "var": 1.84701919556
    },
    "zerocrossingrate": {
        "dmean": 0.0154953710735,
        "dmean2": 0.0177971143275,
        "dvar": 0.000393818598241,
        "dvar2": 0.00037098111352,
        "max": 0.43505859375,
        "mean": 0.0653303712606,
        "median": 0.05615234375,
        "min": 0.001953125,
        "stdev": 0.0484100840986,
        "var": 0.00234353612177
    },
    "barkbands": {
        "dmean": [0.000573389930651, 0.00716182310134, 0.00299681024626, 0.00146810221486, 0.00273693492636, 0.00128864124417, 0.000932589289732, 0.000851595250424, 0.00150695745833, 0.000487016921397, 0.000499638495967, 0.000421821197961, 0.000283470901195, 0.000283264846075, 0.000340669532306, 0.000412991212215, 0.000336012570187, 0.000448099133791, 0.000291389616905, 0.000191418730537, 0.000106952713395, 0.000135031790705, 0.000120348799101, 0.000129713967908, 0.000127124862047, 9.25678832573e-05, 1.3226928786e-05],
        "dmean2": [0.000865059089847, 0.0110447425395, 0.00529380328953, 0.0025788822677, 0.00444528227672, 0.00209508370608, 0.00154085387476, 0.00135179329664, 0.00215321127325, 0.000748296035454, 0.000719628005754, 0.000623601779807, 0.000477866095025, 0.000446291320259, 0.000543785106856, 0.000678040145431, 0.000547898584045, 0.000697979528923, 0.000453681335784, 0.000308331800625, 0.000168200014741, 0.000218941451749, 0.000185620810953, 0.000206467884709, 0.000203065297683, 0.000143849290907, 2.18450568354e-05],
        "dvar": [1.05208061996e-06, 0.000190402919543, 4.60061201011e-05, 1.12838824862e-05, 2.73207260761e-05, 3.42432895195e-06, 2.963713996e-06, 3.14884050567e-06, 1.20545237223e-05, 1.5216733118e-06, 1.79106632459e-06, 1.03039906207e-06, 3.17837219654e-07, 3.42869753922e-07, 4.32545135709e-07, 6.09342237112e-07, 4.31815692536e-07, 5.28086104623e-07, 1.91785744619e-07, 7.93162442392e-08, 2.89545472043e-08, 7.12025922667e-08, 4.53981243709e-08, 5.17046494508e-08, 5.94759086425e-08, 5.42105134116e-08, 1.45284939634e-09],
        "dvar2": [2.42531518779e-06, 0.000453214888694, 0.000126859085867, 3.08394664899e-05, 6.82652243995e-05, 8.41278506414e-06, 6.9266434366e-06, 6.47143724564e-06, 2.12170089071e-05, 2.92706090477e-06, 3.15833858622e-06, 1.80555309726e-06, 8.13914539322e-07, 7.92751563949e-07, 1.04362447928e-06, 1.50961875534e-06, 1.04422224467e-06, 1.1868069123e-06, 4.14531058368e-07, 1.80034191999e-07, 6.25894855943e-08, 1.6620568033e-07, 1.10484769777e-07, 1.25979767063e-07, 1.44403216495e-07, 1.23023454535e-07, 3.66366159632e-09],
        "max": [0.0143107539043, 0.118778496981, 0.0713958442211, 0.0267718881369, 0.0428164191544, 0.0197460670024, 0.0219257716089, 0.0242130458355, 0.0603352561593, 0.0246506556869, 0.0157897137105, 0.0158040784299, 0.00813810154796, 0.00679063843563, 0.00872604828328, 0.0068000247702, 0.00801410526037, 0.0101193450391, 0.00504549918696, 0.00337942736223, 0.00120238948148, 0.00204794923775, 0.0018555248389, 0.00307011930272, 0.00232396507636, 0.0040916306898, 0.000458474532934],
        "mean": [0.000956746167503, 0.0100061222911, 0.00285696052015, 0.00131287355907, 0.00312037952244, 0.00205032667145, 0.00125727604609, 0.00126817706041, 0.00234248791821, 0.000678136362694, 0.00068021111656, 0.000747680780478, 0.000290016178042, 0.00032901976374, 0.000415948685259, 0.000486742588691, 0.00043233553879, 0.000717043236364, 0.000444604840595, 0.000312595162541, 0.000123486679513, 0.000141501761391, 0.000144978563185, 0.000184383548913, 0.000163820339367, 0.000111680448754, 1.39875692184e-05],
        "median": [0.000354227726348, 0.00475185271353, 0.00100415665656, 0.000353988609277, 0.00129099783953, 0.00107285706326, 0.00037447019713, 0.000259901746176, 0.000658887205645, 0.000144299614476, 0.000121491953905, 0.000150371124619, 9.35233183554e-05, 8.82957101567e-05, 0.0001325038902, 0.000137965296744, 0.00013363819744, 0.000221497553866, 0.000191291270312, 0.000164208962815, 3.4642580431e-05, 3.83431761293e-05, 5.88749389863e-05, 9.06942295842e-05, 5.63998910366e-05, 2.79894193227e-05, 1.79884818863e-06],
        "min": [6.25145002431e-09, 1.25779759941e-08, 8.45687964102e-09, 5.45081224601e-09, 2.54443444092e-09, 2.20331508594e-09, 4.76036410291e-09, 7.0586936296e-09, 8.57710080737e-09, 1.67844005361e-09, 6.00876326473e-09, 3.00757840854e-09, 8.07731825869e-10, 5.31323152142e-10, 2.17979723161e-09, 6.62865318191e-10, 7.75007447107e-10, 6.88707146868e-10, 1.40797293824e-08, 3.37888250712e-09, 5.387526536e-10, 2.22269119776e-10, 1.98505226146e-10, 1.18710485886e-09, 5.52758561145e-10, 3.39388045445e-10, 6.60234020233e-12],
        "stdev": [0.00150202738587, 0.0155697325245, 0.00570438243449, 0.00292234332301, 0.00534417806193, 0.0025097115431, 0.00225078803487, 0.00277836900204, 0.00481810979545, 0.00200092373416, 0.00183252047282, 0.00190781266429, 0.000552793033421, 0.000674639537465, 0.000816466286778, 0.000883282453287, 0.000873526209034, 0.00115108652972, 0.000621333078016, 0.00039640662726, 0.000195414642803, 0.000264523958322, 0.000221909431275, 0.000262150657363, 0.00028333926457, 0.000282351102214, 4.02355362894e-05],
        "var": [2.25608619076e-06, 0.000242416557739, 3.25399814756e-05, 8.54009067552e-06, 2.85602400254e-05, 6.29865189694e-06, 5.06604692418e-06, 7.71933446231e-06, 2.32141828747e-05, 4.00369572162e-06, 3.35813138008e-06, 3.63974913853e-06, 3.05580158511e-07, 4.55138490452e-07, 6.66617154366e-07, 7.80187917826e-07, 7.63048035424e-07, 1.32500031214e-06, 3.86054807677e-07, 1.57138217105e-07, 3.81868829891e-08, 6.99729199027e-08, 4.92437983723e-08, 6.87229615437e-08, 8.02811470635e-08, 7.9722141777e-08, 1.61889823769e-09]
    },
    "erbbands": {
        "dmean": [0.264924138784, 1.48415136337, 3.34378552437, 4.09981155396, 6.19703388214, 11.153295517, 10.7900400162, 10.1284446716, 12.5643606186, 15.943315506, 23.3229827881, 24.8235836029, 25.8350524902, 13.3895759583, 19.0548877716, 12.5508852005, 11.7786159515, 14.6328220367, 12.6571960449, 18.7812652588, 24.1413593292, 18.9612827301, 23.9242935181, 16.6640434265, 11.4969520569, 8.61486434937, 4.85036087036, 4.58302879333, 4.56035041809, 4.11688375473, 3.32534074783, 2.60886836052, 2.18102097511, 1.5860427618, 0.880946576595, 0.423012465239, 0.16381303966, 0.0396467670798, 0.00140498799738, 4.09103813581e-05],
        "dmean2": [0.394773870707, 2.33392834663, 5.83717250824, 7.14395713806, 10.882569313, 17.9106884003, 18.1370620728, 16.0463695526, 20.5478649139, 26.0463600159, 34.4666023254, 36.5585899353, 38.2280540466, 19.3562469482, 28.0576190948, 18.1703128815, 19.2892856598, 23.2851295471, 20.842798233, 30.0380973816, 38.8821182251, 30.4262962341, 37.3144378662, 25.4877433777, 17.7230243683, 13.8772583008, 7.72053813934, 7.21160697937, 7.33140134811, 6.37215805054, 5.14693880081, 4.09408998489, 3.52018260956, 2.55210971832, 1.40223288536, 0.675597131252, 0.251874774694, 0.0628521367908, 0.00227248296142, 6.00227540417e-05],
        "dvar": [0.226446434855, 10.4142208099, 52.4429168701, 82.8916397095, 187.631530762, 477.282073975, 446.604431152, 214.706802368, 576.885620117, 1017.40637207, 3022.38842773, 3018.33251953, 4411.82177734, 778.505737305, 2242.20825195, 731.029052734, 485.750427246, 926.800964355, 511.490020752, 1312.14123535, 2525.09643555, 1399.85009766, 1551.7779541, 648.29107666, 305.690643311, 152.115768433, 59.6225166321, 67.6584320068, 74.1832809448, 55.1416778564, 34.368221283, 19.0062236786, 15.1696949005, 8.82996082306, 3.32394218445, 1.00440061092, 0.18521541357, 0.0125856045634, 1.66983827512e-05, 6.50178488826e-09],
        "dvar2": [0.519043087959, 25.5467414856, 140.041152954, 227.99055481, 533.442321777, 1097.02453613, 1175.60668945, 509.031036377, 1329.8416748, 2245.61035156, 5645.78564453, 5436.13183594, 8959.73925781, 1523.13024902, 4246.08154297, 1285.04797363, 1207.98010254, 2189.01147461, 1256.33459473, 3038.24072266, 6363.46142578, 3439.92871094, 3630.84594727, 1424.50598145, 668.97442627, 343.84954834, 141.290664673, 146.334487915, 171.119522095, 131.763122559, 83.2171707153, 45.1742630005, 37.7613449097, 22.1721057892, 7.95712280273, 2.3263194561, 0.420834034681, 0.0301648061723, 4.08990017604e-05, 1.52510644114e-08],
        "max": [4.57168531418, 27.3355445862, 69.0628814697, 72.5595092773, 111.979438782, 222.576568604, 214.311981201, 181.071838379, 374.3984375, 528.960266113, 781.455383301, 709.801879883, 1449.81018066, 462.216766357, 840.71307373, 434.012268066, 328.080413818, 411.72644043, 239.868408203, 548.055541992, 468.6456604, 493.496948242, 423.307891846, 362.554779053, 188.636077881, 140.551040649, 67.6669845581, 57.8209609985, 61.0448875427, 65.0217285156, 50.6786460876, 61.6884460449, 42.409198761, 27.9891262054, 20.8736534119, 17.9741859436, 7.27958917618, 1.47730755806, 0.0523304082453, 0.00110566255171],
        "mean": [0.409646868706, 1.75603747368, 3.31887078285, 4.04171419144, 6.40714216232, 12.1880970001, 14.4095630646, 16.8623256683, 17.1288166046, 21.4309902191, 37.6249313354, 38.8574638367, 39.290813446, 20.9781246185, 30.9525909424, 22.2782039642, 13.6886234283, 16.7681922913, 16.1356487274, 23.5488033295, 30.4334278107, 26.2021579742, 38.6025009155, 29.6089057922, 19.1260852814, 14.437256813, 6.36764764786, 4.9382185936, 4.77218770981, 4.62432003021, 4.14271879196, 3.72363352776, 3.02585697174, 2.03768777847, 1.0686994791, 0.506818056107, 0.195602044463, 0.0462465137243, 0.00155089446343, 7.18401206541e-05],
        "median": [0.179107487202, 0.764986872673, 1.40045106411, 1.50448179245, 1.8240544796, 4.33661460876, 6.34404039383, 9.73017024994, 6.52915334702, 8.05512237549, 7.57448768616, 13.0823450089, 12.1372280121, 8.03343391418, 6.27263212204, 6.04348278046, 5.3172121048, 5.01444673538, 6.01247787476, 9.1193780899, 9.38602542877, 10.3755311966, 12.4847354889, 14.5871219635, 10.6906890869, 7.8384885788, 2.70748329163, 1.16727769375, 1.31117117405, 1.48457205296, 1.78085577488, 1.83189857006, 1.35026693344, 0.756575405598, 0.309866935015, 0.127356037498, 0.0509962141514, 0.00909775402397, 0.000251748162555, 4.45935766038e-05],
        "min": [4.17842898059e-07, 2.68208600573e-06, 8.88079284778e-06, 1.58080656547e-05, 1.52203556354e-05, 5.91343587075e-06, 3.72094359591e-06, 2.42695514316e-05, 5.67179304198e-05, 9.98341565719e-05, 0.000178490154212, 0.000196702560061, 0.000101787998574, 9.56569710979e-05, 0.000267826369964, 8.95663761185e-05, 3.88048574678e-05, 3.66551939806e-05, 5.96585814492e-05, 8.83772881934e-05, 5.52707533643e-05, 3.70558555005e-05, 4.21116455982e-05, 0.000404488731874, 0.000600820116233, 0.000164808108821, 3.71268179151e-05, 1.50461328303e-05, 6.22807647233e-06, 7.84310122981e-06, 5.1736842579e-06, 1.46024631249e-05, 2.46672971116e-05, 8.13199767435e-06, 2.26784663937e-06, 1.03411468899e-06, 6.51266930163e-07, 2.00946530526e-07, 1.08271187571e-08, 8.44058045679e-10],
        "stdev": [0.610059738159, 3.22267603874, 6.29249811172, 7.84428071976, 12.0816841125, 23.3364639282, 21.3729667664, 20.747800827, 29.7211704254, 38.5537071228, 90.4352493286, 76.6097259521, 83.0327072144, 39.1767959595, 71.9320526123, 49.0167808533, 22.972869873, 33.0729064941, 27.1256599426, 44.387638092, 56.8014068604, 45.5510787964, 60.2146034241, 39.3160972595, 24.3551025391, 18.2178936005, 8.73449325562, 8.90533828735, 8.73752307892, 7.64679479599, 6.18938064575, 5.0612988472, 4.51695156097, 3.29955363274, 2.10054326057, 1.17922627926, 0.523798286915, 0.128712579608, 0.00444602500647, 9.83895806712e-05],
        "var": [0.372172862291, 10.385641098, 39.5955314636, 61.5327377319, 145.967102051, 544.590515137, 456.803741455, 430.471252441, 883.348022461, 1486.38830566, 8178.53417969, 5869.04980469, 6894.43066406, 1534.82128906, 5174.22070312, 2402.64477539, 527.752746582, 1093.81713867, 735.801452637, 1970.2623291, 3226.3996582, 2074.90087891, 3625.79858398, 1545.75537109, 593.171020508, 331.891662598, 76.2913742065, 79.3050460815, 76.3443145752, 58.4734687805, 38.3084335327, 25.6167469025, 20.4028530121, 10.8870534897, 4.41228151321, 1.39057469368, 0.274364650249, 0.0165669266135, 1.97671379283e-05, 9.68050972716e-09]
    },
    "gfcc": {
        "mean": [14.9063024521, 72.9355316162, -94.0872268677, 31.3795642853, -52.7375831604, 13.505821228, -39.8012466431, 25.891582489, -23.1775474548, 4.23601913452, -11.6006164551, 6.54800844193, -10.585111618],
        "cov": [[4704.02294922, -694.691345215, -688.145568848, -11.3148736954, -130.795028687, -76.8377532959, -111.85144043, -78.2304611206, -207.522186279, -98.3760681152, -166.907440186, -5.82417488098, -105.048667908], [-694.691345215, 909.886901855, 26.1949596405, 31.4109420776, 110.138534546, 32.8403396606, 131.649200439, 9.9695892334, 153.560836792, -8.58478069305, 34.015953064, -71.3767776489, -9.80165195465], [-688.145568848, 26.1949596405, 736.3984375, 172.825531006, 75.015007019, 73.8708877563, 10.387172699, -26.8510818481, 71.6948013306, 90.5257568359, -25.7104530334, 37.5588035583, -23.9777488708], [-11.3148736954, 31.4109420776, 172.825531006, 347.897644043, 60.0606079102, -24.5582466125, -19.4785518646, 41.1880760193, 75.8695907593, -19.4974899292, -13.1684007645, 12.3685369492, 11.6934728622], [-130.795028687, 110.138534546, 75.015007019, 60.0606079102, 204.297653198, 112.572273254, 75.0020446777, 52.5267562866, 60.2794342041, 24.59815979, 16.9138221741, 4.15010547638, 27.9521903992], [-76.8377532959, 32.8403396606, 73.8708877563, -24.5582466125, 112.572273254, 293.299285889, 150.045181274, -56.2941703796, 4.1666636467, 75.7328033447, -5.54785490036, -20.2338294983, 15.5562610626], [-111.85144043, 131.649200439, 10.387172699, -19.4785518646, 75.0020446777, 150.045181274, 218.015670776, 10.1910600662, 15.523856163, 54.552406311, 10.310251236, -12.0336971283, -3.28421759605], [-78.2304611206, 9.9695892334, -26.8510818481, 41.1880760193, 52.5267562866, -56.2941703796, 10.1910600662, 217.072341919, 72.7471847534, -41.4886512756, 77.4574508667, 6.98947572708, 32.4288215637], [-207.522186279, 153.560836792, 71.6948013306, 75.8695907593, 60.2794342041, 4.1666636467, 15.523856163, 72.7471847534, 201.759963989, 35.1873321533, -24.998003006, 24.4390563965, -1.41237461567], [-98.3760681152, -8.58478069305, 90.5257568359, -19.4974899292, 24.59815979, 75.7328033447, 54.552406311, -41.4886512756, 35.1873321533, 120.871299744, -0.0541747882962, 15.4681892395, -13.0980148315], [-166.907440186, 34.015953064, -25.7104530334, -13.1684007645, 16.9138221741, -5.54785490036, 10.310251236, 77.4574508667, -24.998003006, -0.0541747882962, 154.711013794, 12.1097230911, 32.1463279724], [-5.82417488098, -71.3767776489, 37.5588035583, 12.3685369492, 4.15010547638, -20.2338294983, -12.0336971283, 6.98947572708, 24.4390563965, 15.4681892395, 12.1097230911, 113.163772583, 21.9778556824], [-105.048667908, -9.80165195465, -23.9777488708, 11.6934728622, 27.9521903992, 15.5562610626, -3.28421759605, 32.4288215637, -1.41237461567, -13.0980148315, 32.1463279724, 21.9778556824, 98.4986495972]],
        "icov": [[0.000325791566866, 0.000166126381373, 0.000383641192457, -0.000236368039623, -6.59911092953e-05, -0.000129994150484, 0.000122519239085, -0.000146315433085, 0.000312586838845, -7.57784000598e-05, 0.000389894004911, -0.000171247476828, 0.000482322036987], [0.000166126381373, 0.00241789175197, -6.51176233077e-05, 0.000362719467375, -0.0012385660084, 0.00154993426986, -0.00227728066966, 0.00293989176862, -0.00326100969687, 0.00241428124718, -0.00213381298818, 0.00202867551707, -6.02460677328e-05], [0.000383641192457, -6.51176233077e-05, 0.00234010117128, -0.00129677075893, -0.000230138874031, -0.000783002993558, 0.000960013538133, -0.000630296010058, 0.000881898624357, -0.00176837469917, 0.000912111834623, -0.000934588548262, 0.00124311924446], [-0.000236368039623, 0.000362719467375, -0.00129677075893, 0.00417542131618, -0.00120811723173, 0.00114228925668, -0.000634967174847, 0.00107458233833, -0.00218503270298, 0.00210452405736, -0.000737681111787, 0.000746594159864, -0.00091719586635], [-6.59911092953e-05, -0.0012385660084, -0.000230138874031, -0.00120811723173, 0.00897814240307, -0.00413972884417, 0.000628842331935, -0.00361109082587, 0.000524822971784, -0.00102043233346, 0.00108494283631, -0.00125280441716, -0.000993131659925], [-0.000129994150484, 0.00154993426986, -0.000783002993558, 0.00114228925668, -0.00413972884417, 0.00929973181337, -0.00570643972605, 0.00514005869627, -0.00252856290899, 0.000175240071258, -0.00205237767659, 0.00323360553011, -0.00255175959319], [0.000122519239085, -0.00227728066966, 0.000960013538133, -0.000634967174847, 0.000628842331935, -0.00570643972605, 0.0105404397473, -0.00534035358578, 0.00427489727736, -0.00476115755737, 0.00287822308019, -0.00224779732525, 0.0020359531045], [-0.000146315433085, 0.00293989176862, -0.000630296010058, 0.00107458233833, -0.00361109082587, 0.00514005869627, -0.00534035358578, 0.0142678422853, -0.00914874207228, 0.00751000968739, -0.00837133638561, 0.00378443370573, -0.00205185287632], [0.000312586838845, -0.00326100969687, 0.000881898624357, -0.00218503270298, 0.000524822971784, -0.00252856290899, 0.00427489727736, -0.00914874207228, 0.0140004279092, -0.00788760650903, 0.00744167529047, -0.00460640247911, 0.00163896603044], [-7.57784000598e-05, 0.00241428124718, -0.00176837469917, 0.00210452405736, -0.00102043233346, 0.000175240071258, -0.00476115755737, 0.00751000968739, -0.00788760650903, 0.0171706676483, -0.00557268271223, 0.000746075296775, 0.000932175666094], [0.000389894004911, -0.00213381298818, 0.000912111834623, -0.000737681111787, 0.00108494283631, -0.00205237767659, 0.00287822308019, -0.00837133638561, 0.00744167529047, -0.00557268271223, 0.012853121385, -0.0032103266567, -0.000731377629563], [-0.000171247476828, 0.00202867551707, -0.000934588548262, 0.000746594159864, -0.00125280441716, 0.00323360553011, -0.00224779732525, 0.00378443370573, -0.00460640247911, 0.000746075296775, -0.0032103266567, 0.0123953586444, -0.00345784192905], [0.000482322036987, -6.02460677328e-05, 0.00124311924446, -0.00091719586635, -0.000993131659925, -0.00255175959319, 0.0020359531045, -0.00205185287632, 0.00163896603044, 0.000932175666094, -0.000731377629563, -0.00345784192905, 0.0136582832783]]
    },
    "melbands": {
        "dmean": [0.00212167343125, 0.00166067364626, 0.000733467517421, 0.000618300342467, 0.000380473182304, 0.000228036617045, 0.000189148049685, 0.00017542646674, 0.000215208841837, 0.000167849982972, 0.000131293068989, 5.58698666282e-05, 7.11665779818e-05, 4.75642264064e-05, 2.85380137939e-05, 3.21534062095e-05, 2.64947830146e-05, 1.99979913305e-05, 3.08188973577e-05, 2.3977152523e-05, 2.98655086226e-05, 2.07956836675e-05, 1.97254030354e-05, 2.50972661888e-05, 1.36826220114e-05, 1.08121366793e-05, 7.80236132414e-06, 5.84880035603e-06, 3.31527326125e-06, 2.65840185421e-06, 2.81446682493e-06, 2.734032023e-06, 2.47324123848e-06, 2.34150775213e-06, 2.08199958251e-06, 1.59480543971e-06, 1.65813139574e-06, 1.60246486303e-06, 1.45352635172e-06, 1.3667041685e-06],
        "dmean2": [0.00322014442645, 0.00271874014288, 0.00127511331812, 0.00100924796425, 0.000615438388195, 0.000362422520993, 0.000309903785819, 0.000282261928078, 0.000307525653625, 0.000247461081017, 0.000193473300897, 8.23230948299e-05, 0.000101696052297, 6.83584585204e-05, 4.36617920059e-05, 5.39511020179e-05, 4.18683484895e-05, 3.28352180077e-05, 4.95559870615e-05, 3.93948794226e-05, 4.83336662001e-05, 3.36699922627e-05, 3.13877062581e-05, 3.90295390389e-05, 2.1049139832e-05, 1.66709978657e-05, 1.24589705592e-05, 9.39053188631e-06, 5.39622260476e-06, 4.11902465203e-06, 4.45460227638e-06, 4.51867072115e-06, 3.97201620217e-06, 3.66952235709e-06, 3.27350835505e-06, 2.51761753134e-06, 2.62663070316e-06, 2.60558135778e-06, 2.34211279349e-06, 2.22946437134e-06],
        "dvar": [1.52656084538e-05, 1.08657695819e-05, 2.43742260864e-06, 1.57905412834e-06, 5.20268429227e-07, 1.02425367743e-07, 1.24188318296e-07, 1.17980398784e-07, 3.00775013784e-07, 1.43780937378e-07, 1.14773463622e-07, 1.42596210395e-08, 3.5498164408e-08, 1.64844564665e-08, 5.47282485996e-09, 5.24357579579e-09, 3.01093749933e-09, 1.79629322528e-09, 3.66991925738e-09, 1.91035898212e-09, 4.31756053132e-09, 1.77975667537e-09, 1.24107013555e-09, 2.05691552679e-09, 4.77703876456e-10, 2.93466806411e-10, 1.84080903298e-10, 7.67114080591e-11, 2.94968528769e-11, 1.90700979313e-11, 2.93644865368e-11, 2.91033308564e-11, 2.08124576601e-11, 1.88614089625e-11, 1.56111113619e-11, 6.95179851185e-12, 8.39641203787e-12, 8.42678964802e-12, 6.85413141174e-12, 7.0426251636e-12],
        "dvar2": [3.58094221156e-05, 2.72701581707e-05, 6.70524968882e-06, 4.05719083574e-06, 1.33280389036e-06, 2.45150346245e-07, 2.94586300242e-07, 2.57315548424e-07, 5.3116343679e-07, 2.58625959759e-07, 2.30385722944e-07, 2.76316072245e-08, 6.21453111194e-08, 2.46240166035e-08, 1.24935910506e-08, 1.38237963299e-08, 7.05479452634e-09, 4.25575130691e-09, 8.83510509198e-09, 4.66340166483e-09, 1.09746505217e-08, 4.40414016367e-09, 2.91053758872e-09, 4.21334300782e-09, 1.02643415989e-09, 6.1493327097e-10, 4.15904727324e-10, 1.77498668541e-10, 7.2344782942e-11, 4.4472557581e-11, 6.49049564094e-11, 6.72958772041e-11, 5.024012803e-11, 4.6210844179e-11, 3.89011080293e-11, 1.68574494641e-11, 1.98980606297e-11, 2.1381460838e-11, 1.69691604518e-11, 1.79616391205e-11],
        "max": [0.0359295383096, 0.027321614325, 0.0122895166278, 0.0107383392751, 0.00665731588379, 0.00381453079171, 0.00517506897449, 0.00498082954437, 0.00895087607205, 0.00681837182492, 0.00727590266615, 0.00197050930001, 0.00246460083872, 0.00236881547607, 0.00136671366636, 0.00104448839556, 0.000707938626874, 0.000575008860324, 0.000733402033802, 0.000369321962353, 0.00059241760755, 0.000586554466281, 0.000526543823071, 0.000784025411122, 0.000373576564016, 0.000215645355638, 0.000220398433157, 0.000113429508929, 5.08256343892e-05, 3.27600064338e-05, 4.47459169663e-05, 3.85014318454e-05, 3.64162042388e-05, 3.65823980246e-05, 3.63158287655e-05, 2.62271369138e-05, 4.77401590615e-05, 3.34422911692e-05, 2.68818985205e-05, 2.15883846977e-05],
        "mean": [0.00314470613375, 0.00186187284999, 0.000763212679885, 0.000666516250931, 0.000517720996868, 0.000381968624424, 0.00026144264848, 0.000239340763073, 0.000340761878761, 0.0002604558249, 0.000198194553377, 8.38145570015e-05, 0.000105083679955, 9.08186339075e-05, 3.49230176653e-05, 3.25959008478e-05, 2.99626099149e-05, 2.36088872043e-05, 3.65178493666e-05, 2.72068500635e-05, 3.56792625098e-05, 2.53920916293e-05, 2.8297676181e-05, 3.9656759327e-05, 2.21591944864e-05, 1.62326050486e-05, 1.1862325664e-05, 9.29670841288e-06, 4.11642349718e-06, 2.87160105472e-06, 2.86042768494e-06, 2.74592343885e-06, 2.63594188255e-06, 2.56006637755e-06, 2.4695762022e-06, 2.1207458758e-06, 2.3754587346e-06, 2.1499192826e-06, 1.92813240574e-06, 1.65652227224e-06],
        "median": [0.00147216988262, 0.000906632747501, 0.000303819455439, 0.000237976055359, 0.000240271707298, 0.000223990005907, 0.000103510312329, 7.39615934435e-05, 5.7266872318e-05, 7.96222593635e-05, 5.22669652128e-05, 2.66068054771e-05, 2.03144518309e-05, 1.52554566739e-05, 9.5336472441e-06, 8.59366082295e-06, 8.24798644317e-06, 7.56220970288e-06, 1.06855504782e-05, 9.21294940781e-06, 8.71770316735e-06, 8.76015838003e-06, 8.02691829449e-06, 1.06096767922e-05, 9.71912959358e-06, 7.09713867764e-06, 5.65985237699e-06, 4.25391044701e-06, 1.602737143e-06, 7.03730904661e-07, 6.02047919074e-07, 6.96619565588e-07, 7.11996278824e-07, 8.30982628486e-07, 9.7229280982e-07, 1.02758781395e-06, 1.11022779947e-06, 9.63930460784e-07, 7.42427289424e-07, 5.52933954623e-07],
        "min": [3.91243926146e-09, 4.29910196331e-09, 2.72046296601e-09, 7.43444417139e-10, 1.20879528609e-10, 5.404431902e-10, 9.00531871295e-10, 1.17798359955e-09, 1.51907864065e-09, 1.20354881616e-09, 4.63654920013e-10, 3.13293446741e-10, 9.01363761407e-10, 4.8079107362e-10, 6.65899765884e-11, 8.74398747852e-11, 6.24247251113e-11, 6.37006489224e-11, 1.88739412987e-10, 4.19955285824e-11, 7.9210360493e-11, 4.33802577193e-11, 3.06434981556e-11, 3.06813949247e-11, 3.26566967912e-10, 7.17957471252e-10, 1.76087436299e-10, 7.99637162041e-11, 1.99215002133e-11, 1.93425900297e-11, 5.27799462122e-12, 3.52075183244e-12, 3.98416672917e-12, 4.15893101208e-12, 1.95851429692e-12, 3.99680028657e-12, 1.26066058634e-11, 2.30182851946e-11, 8.99550919864e-12, 5.85893052824e-12],
        "stdev": [0.00470645027235, 0.00315574975684, 0.00137005944271, 0.00124543195125, 0.000753261847422, 0.000454240333056, 0.000436002126662, 0.000452288339147, 0.000906185188796, 0.00050094362814, 0.000432950648246, 0.000178008078365, 0.000268688512733, 0.000267067021923, 8.57413833728e-05, 6.93202891853e-05, 6.04139859206e-05, 4.98477456858e-05, 7.37442678655e-05, 4.72556857858e-05, 7.19481759006e-05, 4.6742723498e-05, 5.45443617739e-05, 7.57392845117e-05, 3.17096819344e-05, 2.37040076172e-05, 1.79540074896e-05, 1.30236212499e-05, 5.94909761276e-06, 4.80105018141e-06, 5.66561129745e-06, 5.35507251698e-06, 4.56874022348e-06, 4.35638594354e-06, 3.98040947402e-06, 2.88880551125e-06, 3.4055146898e-06, 3.2713364817e-06, 3.08696849061e-06, 2.81815027847e-06],
        "var": [2.21506761591e-05, 9.95875598164e-06, 1.8770628003e-06, 1.551100695e-06, 5.67403446894e-07, 2.06334277664e-07, 1.90097864561e-07, 2.04564742035e-07, 8.21171624921e-07, 2.50944538038e-07, 1.8744626118e-07, 3.16868771222e-08, 7.21935222714e-08, 7.13247985118e-08, 7.35158511844e-09, 4.80530237823e-09, 3.64984975576e-09, 2.48479792297e-09, 5.43821654375e-09, 2.2330999272e-09, 5.17654008547e-09, 2.1848822751e-09, 2.97508728764e-09, 5.73643932356e-09, 1.00550401338e-09, 5.61879986982e-10, 3.22346399573e-10, 1.69614711165e-10, 3.53917624374e-11, 2.30500809412e-11, 3.20991531966e-11, 2.8676803987e-11, 2.08733880874e-11, 1.89780986065e-11, 1.58436597175e-11, 8.34519692933e-12, 1.15975302278e-11, 1.07016418296e-11, 9.52937381782e-12, 7.94197086568e-12]
    },
    "melbands128": {
