{
"lowlevel": {
    "average_loudness": 0.968855857849,
    "barkbands_crest": {
        "dmean": 3.57174825668,
        "dmean2": 5.64116668701,
        "dvar": 10.6931648254,
        "dvar2": 25.8617954254,
        "max": 26.0438537598,
        "mean": 13.0024757385,
        "median": 12.1619653702,
        "min": 3.01950669289,
        "stdev": 5.1615023613,
        "var": 26.6411075592
    },
    "barkbands_flatness_db": {
        "dmean": 0.047217220068,
        "dmean2": 0.0667974203825,
        "dvar": 0.00194000906777,
        "dvar2": 0.00374302244745,
        "max": 0.443018943071,
        "mean": 0.19080761075,
        "median": 0.177435681224,
        "min": 0.0341996140778,
        "stdev": 0.0802199244499,
        "var": 0.00643523642793
    },
    "barkbands_kurtosis": {
        "dmean": 18.8441333771,
        "dmean2": 29.1999568939,
        "dvar": 1258.68579102,
        "dvar2": 3069.59008789,
        "max": 399.179107666,
        "mean": 26.6718273163,
        "median": 12.5696372986,
        "min": -1.93951129913,
        "stdev": 45.7460327148,
        "var": 2092.69946289
    },
    "barkbands_skewness": {
        "dmean": 1.43104279041,
        "dmean2": 2.16172075272,
        "dvar": 2.41723823547,
        "dvar2": 5.71900129318,
        "max": 17.7023868561,
        "mean": 3.58454370499,
        "median": 3.07636618614,
        "min": -1.90658962727,
        "stdev": 2.455098629,
        "var": 6.02750968933
    },
    "barkbands_spread": {
        "dmean": 10.0911283493,
        "dmean2": 15.7418622971,
        "dvar": 182.116287231,
        "dvar2": 395.015838623,
        "max": 117.003852844,
        "mean": 16.2415466309,
        "median": 10.4792432785,
        "min": 0.307045608759,
        "stdev": 17.3651943207,
        "var": 301.549987793
    },
    "dissonance": {
        "dmean": 0.0269787088037,
        "dmean2": 0.0423863194883,
        "dvar": 0.000561186054256,
        "dvar2": 0.00124709052034,
        "max": 0.4998665452,
        "mean": 0.45071002841,
        "median": 0.459079504013,
        "min": 0.304540395737,
        "stdev": 0.033757597208,
        "var": 0.00113957526628
    },
    "dynamic_complexity": 1.96046066284,
    "erbbands_crest": {
        "dmean": 3.16953802109,
        "dmean2": 5.09630250931,
        "dvar": 8.121925354,
        "dvar2": 18.6347827911,
        "max": 25.8694000244,
        "mean": 9.1663351059,
        "median": 8.20584201813,
        "min": 2.86694097519,
        "stdev": 4.01614046097,
        "var": 16.1293830872
    },
    "erbbands_flatness_db": {
        "dmean": 0.0272999256849,
        "dmean2": 0.0410559885204,
        "dvar": 0.000647950859275,
        "dvar2": 0.00125488906633,
        "max": 0.291471540928,
        "mean": 0.134141460061,
        "median": 0.130124405026,
        "min": 0.0624987594783,
        "stdev": 0.0374470427632,
        "var": 0.00140228110831
    },
    "erbbands_kurtosis": {
        "dmean": 2.18448281288,
        "dmean2": 3.58828663826,
        "dvar": 13.5884904861,
        "dvar2": 30.6316204071,
        "max": 65.1097259521,
        "mean": 1.6290384531,
        "median": 0.429959774017,
        "min": -1.82083630562,
        "stdev": 4.09842586517,
        "var": 16.7970962524
    },
    "erbbands_skewness": {
        "dmean": 0.704838752747,
        "dmean2": 1.07875359058,
        "dvar": 0.520324707031,
        "dvar2": 1.03478491306,
        "max": 7.06707143784,
        "mean": 0.913438081741,
        "median": 0.975752949715,
        "min": -4.74914455414,
        "stdev": 1.06398427486,
        "var": 1.13206243515
    },
    "erbbands_spread": {
        "dmean": 18.5267066956,
        "dmean2": 29.8876724243,
        "dvar": 348.88861084,
        "dvar2": 830.954772949,
        "max": 159.462371826,
        "mean": 52.6383781433,
        "median": 48.5548248291,
        "min": 4.41672039032,
        "stdev": 25.7749004364,
        "var": 664.34552002
    },
    "hfc": {
        "dmean": 17.5987358093,
        "dmean2": 28.3713970184,
        "dvar": 721.524841309,
        "dvar2": 1816.00488281,
        "max": 157.448745728,
        "mean": 23.8286266327,
        "median": 15.0739545822,
        "min": 1.16280325657e-16,
        "stdev": 27.0897941589,
        "var": 733.856933594
    },
    "loudness_ebu128": {
        "integrated": -8.49768257141,
        "loudness_range": 1.30919075012,
        "momentary": {
            "dmean": 0.635781288147,
            "dmean2": 0.931791245937,
            "dvar": 0.279113769531,
            "dvar2": 0.718591451645,
            "max": -5.65634059906,
            "mean": -8.64476108551,
            "median": -8.57372379303,
            "min": -13.0901031494,
            "stdev": 1.15008413792,
            "var": 1.32269358635
        },
        "short_term": {
            "dmean": 0.0681779906154,
            "dmean2": 0.0945940390229,
            "dvar": 0.00287465262227,
            "dvar2": 0.00456252787262,
            "max": -7.68919944763,
            "mean": -8.48064517975,
            "median": -8.32742214203,
            "min": -9.47709655762,
            "stdev": 0.479964077473,
            "var": 0.230365514755
        }
    },
    "melbands_crest": {
        "dmean": 4.27563905716,
        "dmean2": 6.50270795822,
        "dvar": 14.2619724274,
        "dvar2": 30.8842258453,
        "max": 38.6231956482,
        "mean": 18.6461372375,
        "median": 17.8669757843,
        "min": 2.08174490929,
        "stdev": 6.9836564064,
        "var": 48.7714538574
    },
    "melbands_flatness_db": {
        "dmean": 0.0577014535666,
        "dmean2": 0.0814946815372,
        "dvar": 0.00305026536807,
        "dvar2": 0.00596828758717,
        "max": 0.564567625523,
        "mean": 0.277370721102,
        "median": 0.265123397112,
        "min": 0.00684603955597,
        "stdev": 0.102073922753,
        "var": 0.0104190856218
    },
    "melbands_kurtosis": {
        "dmean": 36.8720741272,
        "dmean2": 57.7444381714,
        "dvar": 3605.91918945,
        "dvar2": 8228.53613281,
        "max": 970.108947754,
        "mean": 58.8371200562,
        "median": 31.2616119385,
        "min": -1.75865805149,
        "stdev": 82.8430099487,
        "var": 6862.96435547
    },
    "melbands_skewness": {
        "dmean": 1.73866450787,
        "dmean2": 2.70256495476,
        "dvar": 3.40962719917,
        "dvar2": 7.5268945694,
        "max": 23.7665462494,
        "mean": 5.02379989624,
        "median": 4.32085943222,
        "min": 0.00765603967011,
        "stdev": 2.92404818535,
        "var": 8.55005836487
    },
    "melbands_spread": {
        "dmean": 9.03870487213,
        "dmean2": 14.3194875717,
        "dvar": 265.364990234,
        "dvar2": 616.127197266,
        "max": 229.9790802,
        "mean": 12.5591812134,
        "median": 7.44509744644,
        "min": 0.249521315098,
        "stdev": 17.9183616638,
        "var": 321.067687988
    },
    "pitch_salience": {
        "dmean": 0.102582514286,
        "dmean2": 0.16161736846,
        "dvar": 0.00831206701696,
        "dvar2": 0.0192939955741,
        "max": 0.873640835285,
        "mean": 0.494949042797,
        "median": 0.511675179005,
        "min": 0.0533177740872,
        "stdev": 0.151250138879,
        "var": 0.0228766053915
    },
    "silence_rate_20dB": {
        "dmean": 0,
        "dmean2": 0,
        "dvar": 0,
        "dvar2": 0,
        "max": 1,
        "mean": 1,
        "median": 1,
        "min": 1,
        "stdev": 0,
        "var": 0
    },
    "silence_rate_30dB": {
        "dmean": 0.111455105245,
        "dmean2": 0.223082885146,
        "dvar": 0.0990319177508,
        "dvar2": 0.184159725904,
        "max": 1,
        "mean": 0.832946658134,
        "median": 1,
        "min": 0,
        "stdev": 0.373025029898,
        "var": 0.139147669077
    },
    "silence_rate_60dB": {
        "dmean": 0.00851393211633,
        "dmean2": 0.0162664595991,
        "dvar": 0.0084414370358,
        "dvar2": 0.0206495057791,
        "max": 1,
        "mean": 0.00696055684239,
        "median": 0,
        "min": 0,
        "stdev": 0.0831389948726,
        "var": 0.00691209267825
    },
    "spectral_centroid": {
        "dmean": 448.800933838,
        "dmean2": 708.047241211,
        "dvar": 405582.5,
        "dvar2": 782983.6875,
        "max": 11173.0253906,
        "mean": 898.924316406,
        "median": 632.318054199,
        "min": 143.335601807,
        "stdev": 787.248291016,
        "var": 619759.875
    },
    "spectral_complexity": {
        "dmean": 7.08359146118,
        "dmean2": 11.4167308807,
        "dvar": 86.7034912109,
        "dvar2": 195.809707642,
        "max": 57,
        "mean": 14.2266044617,
        "median": 11,
        "min": 0,
        "stdev": 10.5874948502,
        "var": 112.095039368
    },
    "spectral_decrease": {
        "dmean": 6.74244260424e-09,
        "dmean2": 9.79043512928e-09,
        "dvar": 7.06561466503e-17,
        "dvar2": 1.41295987916e-16,
        "max": 5.59097041558e-29,
        "mean": -1.50223389284e-08,
        "median": -1.06270423572e-08,
        "min": -7.562037041e-08,
        "stdev": 1.30809976184e-08,
        "var": 1.71112500572e-16
    },
    "spectral_energy": {
        "dmean": 0.0264019370079,
        "dmean2": 0.0385331213474,
        "dvar": 0.00104627688415,
        "dvar2": 0.00210397224873,
        "max": 0.287404179573,
        "mean": 0.058859102428,
        "median": 0.0419761575758,
        "min": 1.03359561804e-20,
        "stdev": 0.0500570833683,
        "var": 0.00250571174547
    },
    "spectral_energyband_high": {
        "dmean": 0.00148400582839,
        "dmean2": 0.00241076759994,
        "dvar": 6.66372625346e-06,
        "dvar2": 1.61757852766e-05,
        "max": 0.0147411674261,
        "mean": 0.00149309507105,
        "median": 0.000462462718133,
        "min": 7.65372287778e-21,
        "stdev": 0.00262246537022,
        "var": 6.8773251769e-06
    },
    "spectral_energyband_low": {
        "dmean": 0.0200736112893,
        "dmean2": 0.0288853868842,
        "dvar": 0.00100225920323,
        "dvar2": 0.00193881383166,
        "max": 0.275173813105,
        "mean": 0.0389662347734,
        "median": 0.0186013616621,
        "min": 2.92031416175e-23,
        "stdev": 0.0480000972748,
        "var": 0.00230400939472
    },
    "spectral_energyband_middle_high": {
        "dmean": 0.00274936459027,
        "dmean2": 0.00466989120468,
        "dvar": 2.51506480708e-05,
        "dvar2": 6.40567595838e-05,
        "max": 0.0555872730911,
        "mean": 0.0027838035021,
        "median": 0.000899149337783,
        "min": 1.3419677628e-21,
        "stdev": 0.00480130780488,
        "var": 2.30525583902e-05
    },
    "spectral_energyband_middle_low": {
        "dmean": 0.0101287374273,
        "dmean2": 0.0166743565351,
        "dvar": 0.000188136968063,
        "dvar2": 0.000481136579765,
        "max": 0.126997813582,
        "mean": 0.0181383844465,
        "median": 0.0148103898391,
        "min": 3.56434317089e-22,
        "stdev": 0.0160059407353,
        "var": 0.000256190134678
    },
    "spectral_entropy": {
        "dmean": 0.418650716543,
        "dmean2": 0.612013697624,
        "dvar": 0.16263577342,
        "dvar2": 0.295635730028,
        "max": 9.80016422272,
        "mean": 7.42988681793,
        "median": 7.43169975281,
        "min": 4.98989725113,
        "stdev": 0.620375335217,
        "var": 0.384865581989
    },
    "spectral_flux": {
        "dmean": 0.0539567433298,
        "dmean2": 0.0796770751476,
        "dvar": 0.0034376848489,
        "dvar2": 0.00590759236366,
        "max": 0.471779942513,
        "mean": 0.127803847194,
        "median": 0.10778670013,
        "min": 1.01665904861e-10,
        "stdev": 0.0812595635653,
        "var": 0.00660311710089
    },
    "spectral_kurtosis": {
        "dmean": 2.31547641754,
        "dmean2": 3.50515937805,
        "dvar": 13.7909584045,
        "dvar2": 30.876247406,
        "max": 45.1600074768,
        "mean": 3.99499702454,
        "median": 2.86502170563,
        "min": -1.21246576309,
        "stdev": 4.32487916946,
        "var": 18.704580307
    },
    "spectral_rms": {
        "dmean": 0.00166738883127,
        "dmean2": 0.00240944651887,
        "dvar": 3.06798597194e-06,
        "dvar2": 5.88123748457e-06,
        "max": 0.0167449787259,
        "mean": 0.00696309050545,
        "median": 0.00639940239489,
        "min": 3.17550933465e-12,
        "stdev": 0.00298980716616,
        "var": 8.9389468485e-06
    },
    "spectral_rolloff": {
        "dmean": 729.264343262,
        "dmean2": 1268.8927002,
        "dvar": 2201510.5,
        "dvar2": 5128517.5,
        "max": 18626.2207031,
        "mean": 860.911437988,
        "median": 366.064453125,
        "min": 43.06640625,
        "stdev": 1533.17248535,
        "var": 2350618
    },
    "spectral_skewness": {
        "dmean": 0.418035298586,
        "dmean2": 0.61294901371,
        "dvar": 0.218345046043,
        "dvar2": 0.445056974888,
        "max": 5.40851402283,
        "mean": 1.66447675228,
        "median": 1.59223711491,
        "min": -0.155532896519,
        "stdev": 0.683246314526,
        "var": 0.466825515032
    },
    "spectral_spread": {
        "dmean": 1162197.75,
        "dmean2": 1782444.5,
        "dvar": 2.04147746406e+12,
        "dvar2": 3.33706428416e+12,
        "max": 40706844,
        "mean": 6197240,
        "median": 6134887,
        "min": 1755858.25,
        "stdev": 1905564.375,
        "var": 3.63117569638e+12
    },
    "spectral_strongpeak": {
        "dmean": 0.310234099627,
        "dmean2": 0.518989801407,
        "dvar": 0.149865075946,
        "dvar2": 0.38043910265,
        "max": 2.89147639275,
        "mean": 0.598946928978,
        "median": 0.459876477718,
        "min": 0,
        "stdev": 0.484800428152,
        "var": 0.235031440854
    },
    "zerocrossingrate": {
        "dmean": 0.016585689038,
        "dmean2": 0.0199196804315,
        "dvar": 0.000468381273095,
        "dvar2": 0.000593531760387,
        "max": 0.51171875,
        "mean": 0.0449634157121,
        "median": 0.037109375,
        "min": 0.001953125,
        "stdev": 0.0368059612811,
        "var": 0.00135467888322
    },
    "barkbands": {
        "dmean": [0.0014805898536, 0.016380270943, 0.0054690525867, 0.00397962704301, 0.00411117309704, 0.00289371865802, 0.00145268195774, 0.00098161585629, 0.000586621346883, 0.000350261077983, 0.000270798511337, 0.00053257169202, 0.00055426399922, 0.000237252665102, 0.000364276318578, 0.000170847692061, 0.000182744130143, 0.000203654359211, 0.000231074678595, 0.000235517713008, 0.000252560246736, 0.000213615232497, 0.000375387433451, 0.000309921830194, 0.000217156703002, 7.73690917413e-05, 4.32500564784e-06],
        "dmean2": [0.00179639679845, 0.0233142059296, 0.0097579266876, 0.00692599825561, 0.00684606516734, 0.00487028900534, 0.0023997228127, 0.00160868582316, 0.00102078379132, 0.000585115689319, 0.000456465524621, 0.000911420735065, 0.0010042617796, 0.000391108886106, 0.000623363419436, 0.000295364763588, 0.000310673553031, 0.000352869858034, 0.000402798759751, 0.000410672480939, 0.000445014273282, 0.000355301541276, 0.000625064771157, 0.000491881743073, 0.000349738344084, 0.000125605540234, 7.21770311429e-06],
        "dvar": [7.83861651144e-06, 0.000859422027133, 0.000132484550704, 3.63421604561e-05, 4.69272381451e-05, 2.68586081802e-05, 8.29011878523e-06, 3.71980718228e-06, 4.97453129356e-06, 1.32497427785e-06, 4.4233595986e-07, 1.43783279327e-06, 1.84467398867e-06, 4.39630468918e-07, 3.94732495579e-07, 9.61439283742e-08, 8.39608915726e-08, 1.33449844952e-07, 1.68655276411e-07, 2.02183542797e-07, 2.53643094084e-07, 1.48925494159e-07, 6.22030711384e-07, 2.80274718989e-07, 1.2770537694e-07, 1.71762675194e-08, 7.45310063666e-11],
        "dvar2": [1.38164223245e-05, 0.00180466636084, 0.00037144246744, 9.87601160887e-05, 0.000120788266941, 6.95484413882e-05, 2.04919124371e-05, 9.21246646612e-06, 1.43882498378e-05, 3.52129609382e-06, 1.09324048481e-06, 3.53916288987e-06, 5.06221886099e-06, 1.03904585558e-06, 9.89306727206e-07, 2.5831621997e-07, 2.05253215313e-07, 3.5184748981e-07, 4.46218706429e-07, 5.42282180049e-07, 6.86170835706e-07, 3.58178368742e-07, 1.50975563429e-06, 6.29065368685e-07, 3.04149153862e-07, 4.14654941494e-08, 1.86907767041e-10],
        "max": [0.0473319105804, 0.229141920805, 0.0946422591805, 0.0606868565083, 0.0636688247323, 0.0425765030086, 0.0332064330578, 0.0189810823649, 0.0253646094352, 0.012064917013, 0.0105640264228, 0.0168494321406, 0.013931768015, 0.0119954161346, 0.00627541122958, 0.00291271694005, 0.00276877172291, 0.0029676980339, 0.00232582911849, 0.00320904678665, 0.00313085177913, 0.00412632944062, 0.00917094387114, 0.00427210098132, 0.00303300586529, 0.000760331633501, 6.93086331012e-05],
        "mean": [0.00302892620675, 0.0277410950512, 0.00573613215238, 0.00509675964713, 0.00552639178932, 0.00386684318073, 0.00177618057933, 0.00121783523355, 0.000535027997103, 0.000324559980072, 0.000290226686047, 0.000426923768828, 0.000407251674915, 0.000232633727137, 0.000332591036567, 0.000167754056747, 0.000187435754924, 0.000176417917828, 0.000199196205358, 0.000204385825782, 0.00020580716955, 0.000206096563488, 0.000336709344992, 0.000335741409799, 0.000225900308578, 7.09019877831e-05, 3.4325953493e-06],
        "median": [0.000568605377339, 0.0105974618345, 0.00244135106914, 0.00260753184557, 0.00329720787704, 0.00161423184909, 0.000469547550892, 0.000390017434256, 0.000101910249214, 6.01273422944e-05, 9.96825983748e-05, 6.5097672632e-05, 5.06813703396e-05, 5.06481410412e-05, 5.9449022956e-05, 4.90812963108e-05, 6.48586210446e-05, 4.39146533608e-05, 6.06637258898e-05, 6.34956450085e-05, 3.81072059099e-05, 5.54849393666e-05, 5.80439555051e-05, 8.89056318556e-05, 7.05472921254e-05, 1.48165245264e-05, 4.42547758439e-07],
        "min": [5.76167399651e-24, 1.05236853101e-23, 4.91998583748e-24, 3.43244487023e-23, 4.59204484181e-23, 2.3537555218e-23, 2.99711955275e-23, 9.17114794716e-23, 1.21826276083e-22, 2.41139080394e-23, 2.13224543065e-23, 6.72665985285e-23, 9.85011484849e-23, 1.58908632997e-22, 1.65421670579e-22, 1.27688888382e-22, 1.28873782705e-22, 2.09441181941e-22, 2.50352593958e-22, 2.25382584088e-22, 3.09059748743e-22, 4.51230053374e-22, 5.37894287178e-22, 9.99668570955e-22, 1.50681621549e-21, 1.6416706872e-21, 2.24300080124e-21],
        "stdev": [0.00495137553662, 0.0414238609374, 0.00996572058648, 0.00698242057115, 0.00713754585013, 0.00562560884282, 0.0033378242515, 0.00217364332639, 0.0017864293186, 0.00103082438, 0.000652251532301, 0.00112625595648, 0.00113574229181, 0.000667633779813, 0.000643639301416, 0.000298547471175, 0.000298097904306, 0.000329400965711, 0.000362832215615, 0.000388643151382, 0.000434327987023, 0.000400459306547, 0.000773247971665, 0.000598554208409, 0.000370670633856, 0.000128636995214, 7.87880617281e-06],
        "var": [2.45161209023e-05, 0.00171593634877, 9.93155917968e-05, 4.87541983603e-05, 5.09445635544e-05, 3.16474761348e-05, 1.11410708996e-05, 4.72472493129e-06, 3.1913298244e-06, 1.0625988125e-06, 4.25432062912e-07, 1.26845259274e-06, 1.28991052861e-06, 4.45734855248e-07, 4.14271539739e-07, 8.91305873552e-08, 8.88623645778e-08, 1.08504998764e-07, 1.31647226453e-07, 1.51043494157e-07, 1.88640811416e-07, 1.60367662261e-07, 5.97912446665e-07, 3.58267129741e-07, 1.37396725108e-07, 1.65474780545e-08, 6.20755877256e-11]
    },
    "erbbands": {
        "dmean": [0.645035028458, 3.41536593437, 5.85638952255, 10.0487012863, 14.0255384445, 13.2950820923, 18.2308578491, 25.9352817535, 19.6068840027, 24.8191242218, 16.2391090393, 13.9837493896, 11.3036813736, 10.8618583679, 13.0242357254, 21.5562515259, 25.7859458923, 14.78028965, 15.4231386185, 16.2162055969, 8.72817802429, 10.0757331848, 11.6784029007, 10.5501613617, 11.6488952637, 10.3668632507, 11.499083519, 8.78900146484, 7.22587251663, 11.1648435593, 9.71876621246, 6.6988530159, 5.18351984024, 2.88907408714, 1.33239710331, 0.474292635918, 0.109810642898, 0.0170581191778, 0.000469164107926, 4.25039361289e-05],
        "dmean2": [0.856386959553, 5.29689502716, 10.1549091339, 17.7564334869, 23.9113235474, 21.9491615295, 30.1841678619, 43.2142982483, 32.418926239, 40.0530929565, 27.0253009796, 24.180141449, 19.2894554138, 18.6920585632, 21.9466400146, 36.7121772766, 46.5093269348, 24.8877868652, 25.9548740387, 28.0342636108, 14.9926109314, 17.1432380676, 20.2178382874, 18.3012962341, 20.3826560974, 17.9275341034, 20.4902458191, 15.0399913788, 12.0691175461, 18.8330421448, 15.948636055, 10.60526371, 8.33498859406, 4.68482923508, 2.13457322121, 0.777349114418, 0.179038435221, 0.0278004109859, 0.000761011615396, 6.37679986539e-05],
        "dvar": [1.21529388428, 48.1738090515, 162.563247681, 259.349365234, 497.515106201, 682.226257324, 1123.76721191, 2359.65478516, 1585.31835938, 1987.76086426, 1407.51599121, 2649.7734375, 1817.98620605, 1013.04302979, 1005.88739014, 2279.18310547, 3914.84057617, 1241.74108887, 867.747680664, 839.317810059, 235.70324707, 257.529968262, 441.817108154, 368.082855225, 411.383422852, 393.325317383, 537.27734375, 291.14352417, 174.353805542, 510.173095703, 440.440124512, 152.292785645, 75.0360031128, 21.2006149292, 5.37527799606, 0.674052715302, 0.0342954173684, 0.000895326083992, 7.18266335298e-07, 2.55941912108e-09],
        "dvar2": [2.16215848923, 115.862487793, 442.596832275, 719.113342285, 1292.45690918, 1766.60168457, 2936.96728516, 5964.32128906, 4182.26123047, 4491.81640625, 3860.87133789, 7616.02246094, 5103.34960938, 2541.27172852, 2530.22998047, 5643.16455078, 10658.4511719, 2924.82299805, 2035.8963623, 2247.19311523, 624.212646484, 634.994506836, 1164.01037598, 970.934265137, 1093.6619873, 1049.20336914, 1466.35571289, 769.921447754, 412.467987061, 1294.04870605, 1031.65344238, 329.562316895, 177.312942505, 49.3368110657, 13.1390151978, 1.64583611488, 0.0833333134651, 0.00203441036865, 1.68728740846e-06, 5.53404522208e-09],
        "max": [12.3461923599, 48.3729782104, 101.904396057, 142.89289856, 210.783279419, 307.619720459, 334.948944092, 471.946929932, 344.531616211, 474.18081665, 383.029174805, 591.708740234, 453.481811523, 475.410552979, 581.061096191, 721.536987305, 749.887817383, 504.02557373, 324.717712402, 265.669586182, 145.216491699, 135.819244385, 188.660873413, 109.821098328, 116.003479004, 171.267166138, 172.211685181, 131.856399536, 144.329544067, 200.608840942, 311.656066895, 145.201675415, 63.9222793579, 39.7215919495, 22.3191165924, 5.76971960068, 1.04987454414, 0.182453498244, 0.00697493134066, 0.00040394536336],
        "mean": [1.16294538975, 4.7337269783, 6.92012643814, 12.8500747681, 18.6770553589, 17.3953342438, 22.6469230652, 34.1370582581, 24.2662601471, 32.940071106, 19.7102108002, 13.3652029037, 10.7171926498, 10.8810720444, 12.7395954132, 17.5393428802, 19.2545642853, 14.098285675, 14.8861160278, 14.7237167358, 8.71935558319, 10.5251913071, 10.671579361, 8.87936878204, 10.3791570663, 9.15311145782, 9.15672206879, 7.4530749321, 7.00081634521, 10.1190357208, 8.97508621216, 6.95659685135, 5.55233955383, 3.1289961338, 1.28869783878, 0.437177211046, 0.100808791816, 0.0155833140016, 0.00044297502609, 8.27490948723e-05],
        "median": [0.346156060696, 1.49519348145, 2.84789633751, 7.12176895142, 10.573132515, 8.41430664062, 10.9394273758, 11.66842556, 8.74834632874, 9.72364711761, 8.214884758, 3.01585769653, 2.08828353882, 2.86028051376, 3.36619234085, 2.8515894413, 2.83111572266, 3.31851196289, 3.1431684494, 3.24656391144, 2.66929101944, 3.69272947311, 2.99433350563, 2.34837603569, 3.47801494598, 2.96781468391, 2.05052304268, 1.23907530308, 1.68172311783, 2.30828094482, 1.48298704624, 1.48383820057, 1.59287679195, 1.04115259647, 0.320388227701, 0.0948600918055, 0.0226839724928, 0.00310055864975, 0.0001137468862, 6.01656356594e-05],
        "min": [4.50165280478e-22, 1.85323939544e-21, 5.58628066024e-21, 5.21007689817e-20, 1.8568254415e-19, 1.40142542041e-19, 7.40651833613e-20, 2.43581425942e-19, 3.30323927673e-19, 7.81725228436e-19, 2.36799765011e-18, 2.84621992034e-18, 1.94223269278e-18, 1.08900550691e-18, 1.36534638703e-18, 2.61876903333e-18, 4.44276266819e-18, 6.62806093641e-18, 6.39509130714e-18, 1.03337696965e-17, 7.25688611961e-18, 7.27756398056e-18, 1.14639060355e-17, 1.36339531612e-17, 1.00758498184e-17, 1.04153263961e-17, 1.54066309924e-17, 9.98813062314e-18, 1.72495248771e-17, 1.38140394795e-17, 1.7959229299e-17, 2.00051827892e-17, 1.62178834151e-17, 1.42947447392e-17, 1.21407937211e-17, 5.65836909843e-18, 3.20792656346e-18, 1.32142826638e-18, 3.30128997391e-19, 3.09575187681e-20],
        "stdev": [1.7441213131, 8.07644939423, 11.6733999252, 17.0672111511, 23.9866352081, 27.1329669952, 34.865901947, 53.767868042, 41.6459732056, 55.8527870178, 34.6900482178, 42.1920089722, 35.4502258301, 29.6295928955, 30.6585044861, 45.0366516113, 52.9076652527, 36.0217094421, 31.306219101, 27.6227703094, 14.6893014908, 16.3810157776, 19.1739635468, 16.8168983459, 18.0405693054, 17.2519741058, 19.4726905823, 15.6054153442, 14.0331583023, 21.1009483337, 21.412651062, 14.2058134079, 9.34782028198, 4.94890117645, 2.31496858597, 0.798225224018, 0.180664569139, 0.0295827258378, 0.000823634734843, 6.70639055897e-05],
        "var": [3.04195928574, 65.2290420532, 136.268264771, 291.289672852, 575.358642578, 736.197937012, 1215.63122559, 2890.98364258, 1734.38708496, 3119.53369141, 1203.39953613, 1780.16552734, 1256.71850586, 877.912780762, 939.943847656, 2028.30004883, 2799.22119141, 1297.56347656, 980.079345703, 763.01739502, 215.77557373, 268.33770752, 367.640869141, 282.808074951, 325.462127686, 297.630584717, 379.185699463, 243.52897644, 196.929519653, 445.25, 458.501586914, 201.805145264, 87.3817367554, 24.4916248322, 5.3590798378, 0.637163519859, 0.0326396860182, 0.000875137629919, 6.78374192375e-07, 4.49756720755e-09]
    },
    "gfcc": {
        "mean": [2.47949314117, 87.0369567871, -71.9348297119, 43.2868804932, -59.655632019, 18.302116394, -48.1106948853, 9.35405445099, -24.2622737885, 5.04561281204, -11.7633628845, -1.25545072556, -13.3667221069],
        "cov": [[6225.30126953, -1470.31506348, -843.398803711, 137.089645386, -368.096038818, 220.122940063, -320.129577637, 157.00592041, -316.708770752, 188.741577148, -172.60748291, 76.3944015503, -168.242965698], [-1470.31506348, 1403.09851074, 314.676086426, -221.338241577, 267.714935303, -99.8867950439, 210.295837402, 3.9022796154, 189.961471558, -64.8647842407, 182.751403809, -70.4654846191, 103.622764587], [-843.398803711, 314.676086426, 831.852172852, 310.38861084, 221.864593506, 159.250793457, 233.874465942, 98.6576080322, 219.016616821, 81.4957275391, 141.596496582, 81.7564849854, 109.162849426], [137.089645386, -221.338241577, 310.38861084, 500.421569824, 109.863761902, 140.820587158, 121.413322449, 56.3344802856, 131.212371826, 77.838394165, 61.8856468201, 66.5148696899, 59.2010383606], [-368.096038818, 267.714935303, 221.864593506, 109.863761902, 387.724975586, 142.680633545, 193.601333618, 99.7992706299, 119.247802734, 48.6589126587, 94.4882965088, 24.8311462402, 48.2577819824], [220.122940063, -99.8867950439, 159.250793457, 140.820587158, 142.680633545, 294.441741943, 199.576583862, 78.6273117065, 56.0264778137, 64.2710952759, 64.2847976685, 41.0162887573, 28.5735874176], [-320.129577637, 210.295837402, 233.874465942, 121.413322449, 193.601333618, 199.576583862, 337.970672607, 69.6013946533, 101.925842285, 47.7799224854, 85.4791717529, 44.9846458435, 36.4847450256], [157.00592041, 3.9022796154, 98.6576080322, 56.3344802856, 99.7992706299, 78.6273117065, 69.6013946533, 189.06741333, 104.051589966, 69.9796981812, 50.7524108887, 11.5496368408, 46.5646133423], [-316.708770752, 189.961471558, 219.016616821, 131.212371826, 119.247802734, 56.0264778137, 101.925842285, 104.051589966, 234.011444092, 82.1380157471, 81.1125259399, 20.0150947571, 59.2532043457], [188.741577148, -64.8647842407, 81.4957275391, 77.838394165, 48.6589126587, 64.2710952759, 47.7799224854, 69.9796981812, 82.1380157471, 141.341156006, 55.3983459473, 19.9628829956, 25.1421432495], [-172.60748291, 182.751403809, 141.596496582, 61.8856468201, 94.4882965088, 64.2847976685, 85.4791717529, 50.7524108887, 81.1125259399, 55.3983459473, 145.063339233, 40.4847106934, 53.0820388794], [76.3944015503, -70.4654846191, 81.7564849854, 66.5148696899, 24.8311462402, 41.0162887573, 44.9846458435, 11.5496368408, 20.0150947571, 19.9628829956, 40.4847106934, 122.20059967, 26.7269191742], [-168.242965698, 103.622764587, 109.162849426, 59.2010383606, 48.2577819824, 28.5735874176, 36.4847450256, 46.5646133423, 59.2532043457, 25.1421432495, 53.0820388794, 26.7269191742, 103.312995911]],
        "icov": [[0.000359658297384, -0.000280137785012, 0.000435130030382, -0.000523598806467, 0.000342973711668, -0.000757581728976, 0.000615126919001, -0.000793388811871, 0.000701399287209, -0.00076744647231, 0.000462717027403, -0.000635077012703, 0.000607665569987], [-0.000280137785012, 0.00352070713416, -0.00123890815303, 0.00285134115256, -0.00165322050452, 0.00333705241792, -0.00290978397243, 0.00236149108969, -0.0028087515384, 0.00314876530319, -0.00394143909216, 0.00334309996106, -0.00249490933493], [0.000435130030382, -0.00123890815303, 0.00291766203009, -0.00204489240423, 0.000520977540873, -0.0016274577938, 0.00079107307829, -0.00119015085511, 0.000456767767901, -0.00131427880842, 0.00101192004513, -0.00187429529615, 0.000526770192664], [-0.000523598806467, 0.00285134115256, -0.00204489240423, 0.00563614349812, -0.00156230188441, 0.00205186777748, -0.00237395009026, 0.00302340043709, -0.00366423209198, 0.00233346316963, -0.00258470396511, 0.00218681129627, -0.00284763402306], [0.000342973711668, -0.00165322050452, 0.000520977540873, -0.00156230188441, 0.00514554884285, -0.00239187432453, 0.000196653723833, -0.00248926272616, 0.00103340437636, -0.00116896850523, 0.00080206640996, -0.00131614529528, 0.00149216561113], [-0.000757581728976, 0.00333705241792, -0.0016274577938, 0.00205186777748, -0.00239187432453, 0.0107513722032, -0.00668774172664, 0.00160643982235, -0.00145303609315, 0.0022517410107, -0.00424270657822, 0.00341796129942, -0.00267444760539], [0.000615126919001, -0.00290978397243, 0.00079107307829, -0.00237395009026, 0.000196653723833, -0.00668774172664, 0.00926681607962, -0.00216796295717, 0.00167043041438, -0.0024360504467, 0.00266384752467, -0.00374664086848, 0.00314242811874], [-0.000793388811871, 0.00236149108969, -0.00119015085511, 0.00302340043709, -0.00248926272616, 0.00160643982235, -0.00216796295717, 0.0112409517169, -0.00535865966231, 0.000846285372972, -0.00238659931347, 0.00321529386565, -0.00445608980954], [0.000701399287209, -0.0028087515384, 0.000456767767901, -0.00366423209198, 0.00103340437636, -0.00145303609315, 0.00167043041438, -0.00535865966231, 0.0116801047698, -0.00561831984669, 0.00202430109493, -0.00219783047214, 0.00151779456064], [-0.00076744647231, 0.00314876530319, -0.00131427880842, 0.00233346316963, -0.00116896850523, 0.0022517410107, -0.0024360504467, 0.000846285372972, -0.00561831984669, 0.0143953738734, -0.00627642590553, 0.00325633934699, -0.00185286009219], [0.000462717027403, -0.00394143909216, 0.00101192004513, -0.00258470396511, 0.00080206640996, -0.00424270657822, 0.00266384752467, -0.00238659931347, 0.00202430109493, -0.00627642590553, 0.0162010863423, -0.00591789837927, -0.000374334485969], [-0.000635077012703, 0.00334309996106, -0.00187429529615, 0.00218681129627, -0.00131614529528, 0.00341796129942, -0.00374664086848, 0.00321529386565, -0.00219783047214, 0.00325633934699, -0.00591789837927, 0.0134498244151, -0.00408739037812], [0.000607665569987, -0.00249490933493, 0.000526770192664, -0.00284763402306, 0.00149216561113, -0.00267444760539, 0.00314242811874, -0.00445608980954, 0.00151779456064, -0.00185286009219, -0.000374334485969, -0.00408739037812, 0.0160179641098]]
    },
    "melbands": {
        "dmean": [0.0049601229839, 0.00324667897075, 0.001778776641, 0.000923655054066, 0.000621367187705, 0.00056111777667, 0.000307599344524, 0.000264420261374, 0.000123074278235, 8.77821003087e-05, 5.61895685678e-05, 4.47502497991e-05, 3.71292517229e-05, 5.65948466829e-05, 6.11220675637e-05, 5.27710544702e-05, 2.50655284617e-05, 2.31778667512e-05, 2.95777736028e-05, 1.46993961607e-05, 9.73565147433e-06, 1.08081676444e-05, 1.08730437205e-05, 9.45459396462e-06, 8.56897258927e-06, 9.1266583695e-06, 8.2006199591e-06, 6.64069602863e-06, 7.12631026545e-06, 7.27163387637e-06, 4.36680466009e-06, 4.04569800594e-06, 4.38038932771e-06, 7.26023881725e-06, 6.01960164204e-06, 4.59731109004e-06, 4.06738081438e-06, 3.94220387534e-06, 3.0292953852e-06, 2.25474377658e-06],
        "dmean2": [0.00686129648238, 0.00526081304997, 0.00308385700919, 0.00155180692673, 0.00101922184695, 0.000935906136874, 0.000505380216055, 0.000426098238677, 0.000207313918509, 0.000152144028107, 9.58871096373e-05, 7.73032516008e-05, 6.23035884928e-05, 9.65203362284e-05, 0.000108569627628, 9.5920964668e-05, 4.17159717472e-05, 3.86545689253e-05, 5.10233767272e-05, 2.52263616858e-05, 1.68268070411e-05, 1.84423333849e-05, 1.86001088878e-05, 1.65838173416e-05, 1.48728349814e-05, 1.61075076903e-05, 1.42395474541e-05, 1.15402954179e-05, 1.26625564008e-05, 1.30714652187e-05, 7.35329740564e-06, 6.8008253038e-06, 7.28743270884e-06, 1.24891830637e-05, 9.9550561572e-06, 7.37422078601e-06, 6.47950764687e-06, 6.37618995825e-06, 4.9669879445e-06, 3.64346055903e-06],
        "dvar": [7.34225686756e-05, 4.05094579037e-05, 6.77967318552e-06, 2.47486536864e-06, 1.2430367633e-06, 1.06731806682e-06, 3.66105581406e-07, 2.17837964556e-07, 9.79577166049e-08, 1.08523103393e-07, 4.4306244007e-08, 1.7863522217e-08, 8.22702617143e-09, 1.63640230255e-08, 2.34328059179e-08, 1.55810280233e-08, 4.76032058216e-09, 2.3927513304e-09, 2.70435762673e-09, 7.64552587906e-10, 3.03497615928e-10, 3.02264963059e-10, 3.44301309685e-10, 3.03353481224e-10, 2.50474085917e-10, 2.75285599871e-10, 2.05261724284e-10, 1.71829994677e-10, 1.99516084209e-10, 2.47513315399e-10, 7.70752489609e-11, 6.15174439167e-11, 6.23008034051e-11, 2.55897053547e-10, 1.97784913447e-10, 8.66506588704e-11, 5.44599122743e-11, 4.56088673773e-11, 2.50602628926e-11, 1.26227969049e-11],
        "dvar2": [0.00014254252892, 0.000101485376945, 1.84855907719e-05, 6.40879079583e-06, 3.20240064866e-06, 2.73199339063e-06, 9.49777074766e-07, 4.873872399e-07, 2.7373124567e-07, 3.1119455457e-07, 1.23920926853e-07, 4.48740848924e-08, 2.05284358401e-08, 4.02377651199e-08, 6.12048296489e-08, 4.28572732858e-08, 1.10979385681e-08, 5.54939205699e-09, 7.07582170634e-09, 2.06578576467e-09, 8.02678923328e-10, 7.48589856769e-10, 8.79422701328e-10, 8.03789368398e-10, 6.60794641227e-10, 7.38196226369e-10, 5.39196687299e-10, 4.60750965159e-10, 5.42300260253e-10, 6.83130163548e-10, 1.99856020622e-10, 1.48506457132e-10, 1.53340423692e-10, 6.60785537399e-10, 4.82596518303e-10, 1.95259808322e-10, 1.2032540242e-10, 1.08819703248e-10, 6.07698266708e-11, 2.90713720458e-11],
        "max": [0.0800034925342, 0.0452137626708, 0.0225143618882, 0.0159820280969, 0.00884548854083, 0.00947270542383, 0.00590604543686, 0.00454456545413, 0.00324800168164, 0.00370032759383, 0.00225147628225, 0.00192815694027, 0.00153473345563, 0.00169715017546, 0.00218835705891, 0.00095085677458, 0.00114830164239, 0.000620491278823, 0.000441856129328, 0.000300961051835, 0.000141496784636, 0.000141923359479, 0.000145773941767, 0.000134862479172, 9.34361742111e-05, 0.000106485123979, 9.62854755926e-05, 0.000128833315102, 0.000127727733343, 9.69171596807e-05, 9.81211487669e-05, 0.000101618999906, 7.50765611883e-05, 0.000159483999596, 0.000231551835896, 0.000128044484882, 8.10949932202e-05, 5.61988381378e-05, 4.59373841295e-05, 3.076219582e-05],
        "mean": [0.00889575481415, 0.00440626777709, 0.00241168681532, 0.00126817123964, 0.000795413157903, 0.000744854274672, 0.00038070694427, 0.0003505575296, 0.000140922464198, 8.08099139249e-05, 5.19754248671e-05, 4.31167209172e-05, 3.75599665858e-05, 4.7928049753e-05, 4.43673234258e-05, 4.01854267693e-05, 2.41958932747e-05, 2.19844732783e-05, 2.556518848e-05, 1.45382336996e-05, 9.26359825826e-06, 1.07809901237e-05, 1.09722823254e-05, 7.87842873251e-06, 7.05855018168e-06, 7.66417269915e-06, 7.32488024369e-06, 5.7823053794e-06, 5.73397619519e-06, 5.45147031517e-06, 3.89637352782e-06, 3.83149063055e-06, 4.20590140493e-06, 6.3103911998e-06, 5.38854555998e-06, 4.31994658356e-06, 4.25986627306e-06, 4.17083538196e-06, 3.12683732773e-06, 2.45183377956e-06],
        "median": [0.00316692865454, 0.00183285307139, 0.00145148858428, 0.000757963745855, 0.000414459645981, 0.00027992791729, 0.000121667500935, 0.000102985315607, 5.73273937334e-05, 1.54068784468e-05, 9.8329019238e-06, 1.03840548036e-05, 1.18992320495e-05, 8.36925300973e-06, 5.76391721552e-06, 5.43779333384e-06, 5.16960017194e-06, 4.55253393739e-06, 4.37380231233e-06, 3.88382250094e-06, 2.6547500056e-06, 3.38830614055e-06, 3.68993369193e-06, 1.79060975825e-06, 1.71782096459e-06, 2.16087414628e-06, 2.30921909861e-06, 1.79121605015e-06, 1.36089522584e-06, 8.26601990411e-07, 6.1996331624e-07, 7.69296207181e-07, 1.24998791762e-06, 1.25599785861e-06, 8.53011897561e-07, 6.36216100247e-07, 9.2720694056e-07, 1.07837877295e-06, 9.76786509455e-07, 7.62104775731e-07],
        "min": [3.99417355152e-24, 3.00032635122e-24, 1.45386875506e-23, 1.11281286795e-23, 3.41898469438e-24, 5.35216012896e-24, 5.47443120269e-24, 8.7604029044e-24, 1.85409370656e-23, 1.92534283466e-23, 9.43767470141e-24, 4.12529919448e-24, 3.63150106123e-24, 6.76560165589e-24, 9.09505268875e-24, 8.47300352169e-24, 1.39915052277e-23, 1.06875435531e-23, 1.49107301307e-23, 1.04940470171e-23, 7.44881988641e-24, 6.19661245661e-24, 1.09004302901e-23, 9.72112110212e-24, 1.12768818138e-23, 9.76874700156e-24, 5.22392211135e-24, 7.42118056687e-24, 8.60690319402e-24, 1.02198894535e-23, 4.31164865067e-24, 1.11668578057e-23, 7.32550514971e-24, 7.35243764987e-24, 1.00607864641e-23, 1.06309845927e-23, 1.26393266387e-23, 1.17819697299e-23, 9.31570970571e-24, 1.35045477018e-23],
        "stdev": [0.0129860555753, 0.00669329520315, 0.00283442973159, 0.00165363238193, 0.00115749810357, 0.00113217520993, 0.000658513687085, 0.000588773342315, 0.000274284131592, 0.00027140515158, 0.000175712746568, 0.000123871228425, 8.83733155206e-05, 0.000120867058286, 0.000133481036755, 0.000105273822555, 6.97218274581e-05, 5.15640604135e-05, 4.9967373343e-05, 2.70079326583e-05, 1.63201821124e-05, 1.74817741936e-05, 1.83169850061e-05, 1.53119926836e-05, 1.38261502798e-05, 1.43750339703e-05, 1.29019326778e-05, 1.13036121547e-05, 1.20050217447e-05, 1.28456849779e-05, 8.44029818836e-06, 8.25898223411e-06, 7.8902921814e-06, 1.43704855873e-05, 1.36661101351e-05, 1.01495461422e-05, 8.42039025883e-06, 7.26607777324e-06, 5.15131796419e-06, 3.8817784116e-06],
        "var": [0.000168637634488, 4.48001992481e-05, 8.03399143479e-06, 2.7345001854e-06, 1.33980176997e-06, 1.28182080061e-06, 4.33640309438e-07, 3.46654047689e-07, 7.52317816932e-08, 7.36607503882e-08, 3.08749683597e-08, 1.53440815609e-08, 7.80984255044e-09, 1.46088456887e-08, 1.78171877252e-08, 1.10825775224e-08, 4.86113327369e-09, 2.65885224948e-09, 2.4967383716e-09, 7.29428462076e-10, 2.66348332278e-10, 3.05612424256e-10, 3.35511923799e-10, 2.34457120385e-10, 1.91162419227e-10, 2.06641592726e-10, 1.66459873663e-10, 1.2777164049e-10, 1.44120548828e-10, 1.65011629361e-10, 7.12386330481e-11, 6.82107842431e-11, 6.22567067343e-11, 2.06510863965e-10, 1.86762563748e-10, 1.03013285402e-10, 7.09029709944e-11, 5.27958857188e-11, 2.65360754204e-11, 1.50682036293e-11]
    },
    "melbands128": {
