{
"lowlevel": {
    "average_loudness": 0.76139318943,
    "barkbands_crest": {
        "dmean": 1.86429452896,
        "dmean2": 2.99245977402,
        "dvar": 3.28074193001,
        "dvar2": 7.69433736801,
        "max": 26.4126167297,
        "mean": 11.4861936569,
        "median": 10.6525259018,
        "min": 4.56673002243,
        "stdev": 4.18935108185,
        "var": 17.550661087
    },
    "barkbands_flatness_db": {
        "dmean": 0.0226475875825,
        "dmean2": 0.0353259891272,
        "dvar": 0.000601267034654,
        "dvar2": 0.0012489365181,
        "max": 0.574355959892,
        "mean": 0.285757511854,
        "median": 0.27242410183,
        "min": 0.0709611400962,
        "stdev": 0.0909172073007,
        "var": 0.00826593860984
    },
    "barkbands_kurtosis": {
        "dmean": 4.73900985718,
        "dmean2": 7.28986883163,
        "dvar": 101.261665344,
        "dvar2": 232.454467773,
        "max": 221.765182495,
        "mean": 12.9172344208,
        "median": 7.75985336304,
        "min": -1.66710984707,
        "stdev": 16.5638179779,
        "var": 274.360046387
    },
    "barkbands_skewness": {
        "dmean": 0.518441438675,
        "dmean2": 0.788262546062,
        "dvar": 0.446579933167,
        "dvar2": 0.943244159222,
        "max": 12.3312425613,
        "mean": 2.39144873619,
        "median": 2.16441273689,
        "min": -1.65789461136,
        "stdev": 1.40360295773,
        "var": 1.9701012373
    },
    "barkbands_spread": {
        "dmean": 1.9625043869,
        "dmean2": 2.95417761803,
        "dvar": 23.9256458282,
        "dvar2": 44.4276771545,
        "max": 92.1231307983,
        "mean": 6.66094303131,
        "median": 5.36825704575,
        "min": 0.27464723587,
        "stdev": 8.2355222702,
        "var": 67.8238220215
    },
    "dissonance": {
        "dmean": 0.0330915078521,
        "dmean2": 0.055754467845,
        "dvar": 0.000701164128259,
        "dvar2": 0.00187084020581,
        "max": 0.495489656925,
        "mean": 0.40978255868,
        "median": 0.414853692055,
        "min": 0.268368422985,
        "stdev": 0.0441816858947,
        "var": 0.00195202126633
    },
    "dynamic_complexity": 7.09481287003,
    "erbbands_crest": {
        "dmean": 2.23944473267,
        "dmean2": 3.37611722946,
        "dvar": 4.21918106079,
        "dvar2": 9.81165599823,
        "max": 29.401676178,
        "mean": 13.0489416122,
        "median": 11.7079982758,
        "min": 3.39848828316,
        "stdev": 5.26886177063,
        "var": 27.7609062195
    },
    "erbbands_flatness_db": {
        "dmean": 0.0167062785476,
        "dmean2": 0.0252127815038,
        "dvar": 0.000377107266104,
        "dvar2": 0.000784551550169,
        "max": 0.449413448572,
        "mean": 0.272075295448,
        "median": 0.262200146914,
        "min": 0.080028437078,
        "stdev": 0.0814722776413,
        "var": 0.00663773203269
    },
    "erbbands_kurtosis": {
        "dmean": 1.70402181149,
        "dmean2": 2.44543266296,
        "dvar": 5.18392515182,
        "dvar2": 11.0798425674,
        "max": 41.7327766418,
        "mean": 3.9342341423,
        "median": 2.34905529022,
        "min": -1.77138376236,
        "stdev": 5.52752923965,
        "var": 30.5535812378
    },
    "erbbands_skewness": {
        "dmean": 0.340728521347,
        "dmean2": 0.494541317225,
        "dvar": 0.119330726564,
        "dvar2": 0.256743311882,
        "max": 5.9051027298,
        "mean": 1.44896090031,
        "median": 1.37204289436,
        "min": -3.06303286552,
        "stdev": 0.931671023369,
        "var": 0.868010878563
    },
    "erbbands_spread": {
        "dmean": 4.35608291626,
        "dmean2": 6.47464227676,
        "dvar": 66.7683944702,
        "dvar2": 140.646438599,
        "max": 126.516563416,
        "mean": 19.8383026123,
        "median": 17.4955654144,
        "min": 1.97779154778,
        "stdev": 13.7881059647,
        "var": 190.111862183
    },
    "hfc": {
        "dmean": 2.4870891571,
        "dmean2": 3.59188532829,
        "dvar": 69.6101150513,
        "dvar2": 128.549819946,
        "max": 181.278640747,
        "mean": 8.39436340332,
        "median": 4.64069795609,
        "min": 1.19718750027e-16,
        "stdev": 12.5928325653,
        "var": 158.579421997
    },
    "loudness_ebu128": {
        "integrated": -15.3253183365,
        "loudness_range": 5.5497674942,
        "momentary": {
            "dmean": 0.991433918476,
            "dmean2": 1.05822694302,
            "dvar": 1.62724816799,
            "dvar2": 2.19579291344,
            "max": -10.7263345718,
            "mean": -19.3860702515,
            "median": -16.4390640259,
            "min": -55.6287765503,
            "stdev": 9.49269104004,
            "var": 90.1111831665
        },
        "short_term": {
            "dmean": 0.134233608842,
            "dmean2": 0.11620311439,
            "dvar": 0.0175025817007,
            "dvar2": 0.0177318695933,
            "max": -12.9789543152,
            "mean": -15.9169797897,
            "median": -15.5657052994,
            "min": -20.608789444,
            "stdev": 1.97659790516,
            "var": 3.90693950653
        }
    },
    "melbands_crest": {
        "dmean": 2.56218028069,
        "dmean2": 4.23810386658,
        "dvar": 7.49610185623,
        "dvar2": 18.8303813934,
        "max": 30.1506290436,
        "mean": 16.1278152466,
        "median": 14.7810306549,
        "min": 2.74149799347,
        "stdev": 5.69804096222,
        "var": 32.4676704407
    },
    "melbands_flatness_db": {
        "dmean": 0.0236162282526,
        "dmean2": 0.0355860814452,
        "dvar": 0.000818978820462,
        "dvar2": 0.0015505583724,
        "max": 0.689797341824,
        "mean": 0.374964147806,
        "median": 0.351440757513,
        "min": 0.00728165218607,
        "stdev": 0.104793794453,
        "var": 0.0109817394987
    },
    "melbands_kurtosis": {
        "dmean": 4.92299175262,
        "dmean2": 7.50172138214,
        "dvar": 58.4840507507,
        "dvar2": 120.608512878,
        "max": 128.484634399,
        "mean": 15.1976852417,
        "median": 10.5980157852,
        "min": -1.56294941902,
        "stdev": 14.9056892395,
        "var": 222.17956543
    },
    "melbands_skewness": {
        "dmean": 0.493040293455,
        "dmean2": 0.743677616119,
        "dvar": 0.32843798399,
        "dvar2": 0.670195281506,
        "max": 8.39788627625,
        "mean": 2.50256752968,
        "median": 2.29559516907,
        "min": -0.097174026072,
        "stdev": 1.26355743408,
        "var": 1.59657740593
    },
    "melbands_spread": {
        "dmean": 2.20612597466,
        "dmean2": 3.08624339104,
        "dvar": 58.1472358704,
        "dvar2": 83.7206115723,
        "max": 192.388763428,
        "mean": 7.52755641937,
        "median": 6.13755655289,
        "min": 0.545270502567,
        "stdev": 10.8771772385,
        "var": 118.312980652
    },
    "pitch_salience": {
        "dmean": 0.0592134967446,
        "dmean2": 0.0964986905456,
        "dvar": 0.00394836207852,
        "dvar2": 0.00971442181617,
        "max": 0.820942342281,
        "mean": 0.497729033232,
        "median": 0.525834977627,
        "min": 0.0891344323754,
        "stdev": 0.137358441949,
        "var": 0.0188673399389
    },
    "silence_rate_20dB": {
        "dmean": 0,
        "dmean2": 0,
        "dvar": 0,
        "dvar2": 0,
        "max": 1,
        "mean": 1,
        "median": 1,
        "min": 1,
        "stdev": 0,
        "var": 0
    },
    "silence_rate_30dB": {
        "dmean": 0.00546448072419,
        "dmean2": 0.010943912901,
        "dvar": 0.00543459970504,
        "dvar2": 0.0135602364317,
        "max": 1,
        "mean": 0.994542956352,
        "median": 1,
        "min": 0,
        "stdev": 0.0736699029803,
        "var": 0.00542725482956
    },
    "silence_rate_60dB": {
        "dmean": 0.024590164423,
        "dmean2": 0.0478796176612,
        "dvar": 0.0239854510874,
        "dvar2": 0.0455872640014,
        "max": 1,
        "mean": 0.208731234074,
        "median": 0,
        "min": 0,
        "stdev": 0.406404346228,
        "var": 0.165164500475
    },
    "spectral_centroid": {
        "dmean": 87.3110427856,
        "dmean2": 120.115219116,
        "dvar": 137550,
        "dvar2": 129467.296875,
        "max": 10956.1210938,
        "mean": 541.631469727,
        "median": 442.993377686,
        "min": 170.255157471,
        "stdev": 501.519165039,
        "var": 251521.484375
    },
    "spectral_complexity": {
        "dmean": 1.33333337307,
        "dmean2": 2.14774274826,
        "dvar": 2.71129584312,
        "dvar2": 6.1423330307,
        "max": 24,
        "mean": 8.28512954712,
        "median": 9,
        "min": 0,
        "stdev": 5.05271482468,
        "var": 25.5299263
    },
    "spectral_decrease": {
        "dmean": 1.58349722224e-09,
        "dmean2": 2.45879161476e-09,
        "dvar": 6.38365264004e-18,
        "dvar2": 1.50742350807e-17,
        "max": -4.73847768778e-29,
        "mean": -5.59382984378e-09,
        "median": -4.19972678856e-09,
        "min": -4.1751494706e-08,
        "stdev": 5.61687985012e-09,
        "var": 3.15493369247e-17
    },
    "spectral_energy": {
        "dmean": 0.00617183046415,
        "dmean2": 0.00957758910954,
        "dvar": 9.66546213022e-05,
        "dvar2": 0.000226843010751,
        "max": 0.161806508899,
        "mean": 0.0218738019466,
        "median": 0.0166425313801,
        "min": 1.10376896832e-20,
        "stdev": 0.021920748055,
        "var": 0.000480519229313
    },
    "spectral_energyband_high": {
        "dmean": 0.000120656150102,
        "dmean2": 0.000180870294571,
        "dvar": 1.12994268875e-06,
        "dvar2": 2.05017136068e-06,
        "max": 0.0243745688349,
        "mean": 0.000196374108782,
        "median": 2.89388026431e-06,
        "min": 8.02639359313e-21,
        "stdev": 0.00128621107433,
        "var": 1.65433891652e-06
    },
    "spectral_energyband_low": {
        "dmean": 0.00209431839176,
        "dmean2": 0.00345788174309,
        "dvar": 1.35953041536e-05,
        "dvar2": 3.28210990119e-05,
        "max": 0.0366191118956,
        "mean": 0.00522424466908,
        "median": 0.00349107384682,
        "min": 7.47249817757e-23,
        "stdev": 0.00605308264494,
        "var": 3.66398089682e-05
    },
    "spectral_energyband_middle_high": {
        "dmean": 0.000248639640631,
        "dmean2": 0.00034856115235,
        "dvar": 1.90650382592e-07,
        "dvar2": 3.79341003054e-07,
        "max": 0.00602053059265,
        "mean": 0.000775544089265,
        "median": 0.000372929411242,
        "min": 1.69798611669e-21,
        "stdev": 0.000981570454314,
        "var": 9.63480488281e-07
    },
    "spectral_energyband_middle_low": {
        "dmean": 0.0050845714286,
        "dmean2": 0.0079708583653,
        "dvar": 8.41829823912e-05,
        "dvar2": 0.000203219940886,
        "max": 0.159246847034,
        "mean": 0.0167066100985,
        "median": 0.00877414271235,
        "min": 4.98408529832e-22,
        "stdev": 0.0207769013941,
        "var": 0.000431679654866
    },
    "spectral_entropy": {
        "dmean": 0.189966008067,
        "dmean2": 0.278411567211,
        "dvar": 0.0491575188935,
        "dvar2": 0.095366306603,
        "max": 9.81096935272,
        "mean": 6.10411453247,
        "median": 6.20160627365,
        "min": 3.93790960312,
        "stdev": 0.724772810936,
        "var": 0.525295615196
    },
    "spectral_flux": {
        "dmean": 0.0178562514484,
        "dmean2": 0.0287541784346,
        "dvar": 0.000552599667571,
        "dvar2": 0.00136792869307,
        "max": 0.224630132318,
        "mean": 0.0479890480638,
        "median": 0.0422729924321,
        "min": 1.05060411759e-10,
        "stdev": 0.038751617074,
        "var": 0.00150168791879
    },
    "spectral_kurtosis": {
        "dmean": 10.5744190216,
        "dmean2": 18.5850086212,
        "dvar": 171.6277771,
        "dvar2": 454.320739746,
        "max": 228.399276733,
        "mean": 29.2431049347,
        "median": 18.130569458,
        "min": -1.21432483196,
        "stdev": 29.8902606964,
        "var": 893.42767334
    },
    "spectral_rms": {
        "dmean": 0.000580301159061,
        "dmean2": 0.000883579312358,
        "dvar": 5.67755307657e-07,
        "dvar2": 1.16881301437e-06,
        "max": 0.0125642353669,
        "mean": 0.00392941152677,
        "median": 0.00402946863323,
        "min": 3.28153585034e-12,
        "stdev": 0.0024289926514,
        "var": 5.90000490774e-06
    },
    "spectral_rolloff": {
        "dmean": 154.850479126,
        "dmean2": 260.430725098,
        "dvar": 573423.9375,
        "dvar2": 902323.125,
        "max": 18540.0878906,
        "mean": 679.427124023,
        "median": 495.263671875,
        "min": 107.666015625,
        "stdev": 1238.64929199,
        "var": 1534252
    },
    "spectral_skewness": {
        "dmean": 0.730102539062,
        "dmean2": 1.26028490067,
        "dvar": 0.597977042198,
        "dvar2": 1.68984973431,
        "max": 12.2751741409,
        "mean": 3.67455387115,
        "median": 3.18640065193,
        "min": 0.0136038921773,
        "stdev": 1.73994839191,
        "var": 3.02742028236
    },
    "spectral_spread": {
        "dmean": 525866.0625,
        "dmean2": 788793.8125,
        "dvar": 1.44394590618e+12,
        "dvar2": 1.42286310605e+12,
        "max": 41378412,
        "mean": 2908428.75,
        "median": 1965548.75,
        "min": 669419.625,
        "stdev": 2510294.25,
        "var": 6.30157737984e+12
    },
    "spectral_strongpeak": {
        "dmean": 0.255227297544,
        "dmean2": 0.423641562462,
        "dvar": 0.137926891446,
        "dvar2": 0.350296616554,
        "max": 4.09314680099,
        "mean": 0.698070883751,
        "median": 0.488353818655,
        "min": 0,
        "stdev": 0.636685013771,
        "var": 0.405367791653
    },
    "zerocrossingrate": {
        "dmean": 0.00530638964847,
        "dmean2": 0.00588475773111,
        "dvar": 0.000173945343704,
        "dvar2": 0.000123784979223,
        "max": 0.49462890625,
        "mean": 0.0296006351709,
        "median": 0.02392578125,
        "min": 0.001953125,
        "stdev": 0.0346151404083,
        "var": 0.00119820784312
    },
    "barkbands": {
        "dmean": [1.25586975628e-05, 0.000755082874093, 0.000954267743509, 0.00152526248712, 0.00263615115546, 0.00167833070736, 0.000712696812116, 0.000434703630162, 0.000287015980575, 8.96615310921e-05, 7.05054626451e-05, 8.55022954056e-05, 5.67962051718e-05, 3.30692455464e-05, 2.67358391284e-05, 2.4451626814e-05, 1.79120670509e-05, 1.10696928459e-05, 1.31841024995e-05, 1.93716041395e-05, 1.13637688628e-05, 1.65225610544e-05, 4.35894180555e-05, 2.18272307393e-05, 2.43431459239e-05, 1.27443399833e-05, 7.92004072991e-07],
        "dmean2": [2.25625935855e-05, 0.00115988194011, 0.00159575010184, 0.00256958347745, 0.00406819209456, 0.00260633206926, 0.00102889293339, 0.000649345340207, 0.000382384547265, 0.000118194402603, 9.79942997219e-05, 0.000127003222588, 8.68703136803e-05, 5.18512097187e-05, 4.25425678259e-05, 3.7588950363e-05, 2.73819332506e-05, 1.64941848197e-05, 2.09809131775e-05, 2.80132026091e-05, 1.91768594959e-05, 2.75809197774e-05, 6.52670423733e-05, 3.35309487127e-05, 3.21559564327e-05, 1.98799789359e-05, 1.34424726639e-06],
        "dvar": [2.60941290797e-09, 3.60879676009e-06, 3.55516704076e-06, 1.16943201647e-05, 2.65289872914e-05, 1.16825622172e-05, 9.09868776944e-06, 8.10936171547e-07, 2.84066913991e-07, 3.45408075475e-08, 2.49686369358e-08, 5.91946758277e-08, 3.003741611e-08, 1.0796518346e-08, 5.26376009446e-09, 3.07934966415e-09, 3.20006643406e-09, 5.76184877588e-10, 1.87224369341e-09, 1.37388580512e-08, 7.20103621177e-09, 4.68875924753e-08, 2.89706434842e-07, 1.34091351356e-08, 2.83233099196e-08, 3.56778984134e-09, 2.61778602267e-11],
        "dvar2": [7.66029106813e-09, 7.75621901994e-06, 1.01459299913e-05, 3.4839980799e-05, 6.14714153926e-05, 3.03349497699e-05, 2.0848479835e-05, 1.73217813426e-06, 5.21675701748e-07, 6.58590337821e-08, 5.17746236994e-08, 1.20120219549e-07, 6.5716626807e-08, 2.21188845018e-08, 1.30184272251e-08, 7.07820779766e-09, 6.1387255279e-09, 1.15002662948e-09, 4.60358728915e-09, 2.89257364727e-08, 1.6665758551e-08, 9.244032384e-08, 5.46732621842e-07, 2.40336603952e-08, 5.45927889561e-08, 6.51705711618e-09, 6.42611103219e-11],
        "max": [0.000574368576054, 0.0209641829133, 0.0168412663043, 0.0370761007071, 0.0761198326945, 0.0463996343315, 0.0645693391562, 0.016910277307, 0.0105598298833, 0.00308858999051, 0.00263716257177, 0.00330877862871, 0.00263522611931, 0.00206040614285, 0.00100967485923, 0.000803092785645, 0.000847456685733, 0.000407809886383, 0.000639055331703, 0.00298584974371, 0.00156917795539, 0.00490584969521, 0.0129533074796, 0.00264391442761, 0.00474096275866, 0.00116539758164, 8.72843811521e-05],
        "mean": [1.12673224066e-05, 0.0017437399365, 0.00246029091068, 0.00278791505843, 0.00600357633084, 0.00463045947254, 0.00145151885226, 0.000965604267549, 0.000809349410702, 0.000198330715648, 0.000133739551529, 0.000160146679264, 7.9584417108e-05, 5.69639232708e-05, 3.81442987418e-05, 5.65050359e-05, 3.27741545334e-05, 2.2773474484e-05, 2.15803302126e-05, 2.64820573648e-05, 1.45904514284e-05, 1.95910961338e-05, 5.3336196288e-05, 3.66420863429e-05, 3.67987086065e-05, 2.13054790947e-05, 8.05543550086e-07],
        "median": [5.89597448197e-07, 0.000214716492337, 0.00101242028177, 0.000812369573396, 0.00250433618203, 0.0013032797724, 0.000503246032167, 0.000447250669822, 0.000283002504148, 5.34825558134e-05, 2.42784481088e-05, 2.14883129956e-05, 1.05783119579e-05, 1.80542701855e-05, 1.07298283183e-05, 3.12936390401e-05, 3.94685594074e-06, 7.36810807211e-06, 3.00326200886e-06, 1.71155602402e-06, 1.1404175666e-06, 1.62518844604e-07, 1.13351141806e-07, 5.06617396923e-08, 2.70332858321e-08, 1.58675828033e-08, 1.17155762869e-09],
        "min": [5.33086877313e-24, 5.14816558981e-23, 1.79573219907e-23, 3.30167082258e-24, 1.58463002316e-23, 7.92339592486e-23, 5.87687616655e-23, 7.76162137913e-23, 2.55966935953e-22, 1.18325462847e-22, 6.17931912673e-23, 1.0669101405e-22, 7.60524390417e-23, 1.86514195597e-22, 1.38287165224e-22, 2.0766266032e-22, 1.58905061035e-22, 2.36114020651e-22, 2.64383362371e-22, 2.97516050505e-22, 3.52743836448e-22, 4.89159343977e-22, 7.15437114799e-22, 7.49134627341e-22, 1.26293818795e-21, 1.64784576414e-21, 2.92881067333e-21],
        "stdev": [4.60535447928e-05, 0.00298049859703, 0.00299031799659, 0.00514740170911, 0.00990653503686, 0.00746662681922, 0.00336006004363, 0.00163389358204, 0.00123791571241, 0.000352884613676, 0.000289939547656, 0.000392784597352, 0.000208352968912, 0.000146286518429, 8.49842617754e-05, 8.68471179274e-05, 8.60776854097e-05, 3.94997186959e-05, 5.44971662748e-05, 0.000135346650495, 9.51114343479e-05, 0.000240309382207, 0.000607497582678, 0.000157613729243, 0.000219170964556, 8.24939634185e-05, 5.60902071811e-06],
        "var": [2.12092898799e-09, 8.88337126526e-06, 8.94200184121e-06, 2.649574526e-05, 9.81394332484e-05, 5.57505154575e-05, 1.12900033855e-05, 2.66960842055e-06, 1.53243524892e-06, 1.24527559819e-07, 8.40649363454e-08, 1.54279746312e-07, 4.34109601599e-08, 2.13997459753e-08, 7.22232451622e-09, 7.54242179823e-09, 7.40936778598e-09, 1.5602277248e-09, 2.96994095983e-09, 1.83187172098e-08, 9.04618513431e-09, 5.77486005682e-08, 3.69053339e-07, 2.48420892746e-08, 4.80359112487e-08, 6.8052536939e-09, 3.14611149632e-11]
    },
    "erbbands": {
        "dmean": [0.00788791012019, 0.217685654759, 1.09727072716, 2.99346995354, 8.00930595398, 8.52725505829, 9.79968166351, 15.4629240036, 12.1861248016, 9.63027667999, 8.84931564331, 5.02910757065, 5.19658660889, 3.03405928612, 3.21806287766, 2.89118671417, 2.58052182198, 1.41018772125, 1.66706502438, 1.19317805767, 1.41668784618, 0.905746102333, 0.688073933125, 0.517138779163, 0.74922055006, 0.882396280766, 0.732986867428, 0.279921740294, 0.519436836243, 1.24305653572, 1.14723348618, 0.540269672871, 0.38644605875, 0.366632968187, 0.123740442097, 0.0634438544512, 0.0236112959683, 0.00300020771101, 8.39117055875e-05, 8.70993972057e-06],
        "dmean2": [0.0118290139362, 0.341865777969, 1.82131791115, 5.01855993271, 12.8623476028, 13.3459672928, 15.1231203079, 24.4280433655, 19.2446098328, 14.0205945969, 13.7792243958, 6.82192754745, 6.98832511902, 4.01214504242, 4.47245407104, 4.19098091125, 3.99365639687, 2.18117213249, 2.62231874466, 1.84679889679, 2.19208455086, 1.32292687893, 0.989313602448, 0.803973972797, 1.15562498569, 1.31371593475, 1.18893122673, 0.461795955896, 0.807127654552, 2.04282355309, 1.62628126144, 0.846488177776, 0.570197701454, 0.525807917118, 0.174984276295, 0.0972891524434, 0.0357568860054, 0.00482923025265, 0.000139003605, 1.33305948111e-05],
        "dvar": [0.000651064503472, 0.304554432631, 5.14519548416, 37.5803260803, 336.492279053, 319.008148193, 259.94342041, 1231.62695312, 2247.72753906, 764.712158203, 300.256011963, 87.0767745972, 103.163963318, 41.1288299561, 45.9322166443, 68.7244644165, 73.6097335815, 16.7846298218, 24.7034130096, 5.93455553055, 10.1864175797, 8.47200489044, 2.25123596191, 2.08401441574, 7.15671110153, 31.0461101532, 27.717124939, 5.7120141983, 41.2312088013, 292.054382324, 179.952377319, 17.0751876831, 2.53160142899, 10.1440982819, 0.470012485981, 0.095496982336, 0.0100012021139, 0.000380962912459, 2.9402843893e-07, 3.80011216938e-10],
        "dvar2": [0.00139688153286, 0.680470645428, 13.9276418686, 106.750099182, 905.089233398, 701.44354248, 701.24395752, 3059.45166016, 5484.69628906, 1249.76904297, 735.74810791, 162.27281189, 191.223602295, 77.9591293335, 90.0778121948, 128.508636475, 169.542724609, 33.6782455444, 54.5049171448, 13.8973169327, 21.0875434875, 15.8877944946, 4.62254905701, 4.76422071457, 17.4395885468, 68.13256073, 70.464302063, 10.519030571, 84.4404678345, 552.554077148, 346.129547119, 30.1518573761, 5.0992064476, 23.8113269806, 0.855579972267, 0.164756953716, 0.0200111083686, 0.000758128531743, 6.71715156386e-07, 7.71941732758e-10],
        "max": [0.311791032553, 6.15503025055, 20.2607822418, 88.7807312012, 324.076751709, 302.454986572, 214.876373291, 544.238342285, 945.642456055, 487.055328369, 226.158035278, 167.692840576, 172.097625732, 113.00869751, 132.06578064, 171.496124268, 136.659713745, 74.1536712646, 66.750289917, 33.1901855469, 45.0849189758, 48.0835876465, 22.8606052399, 20.7304458618, 44.4159469604, 138.598587036, 94.3305053711, 44.1279029846, 149.828918457, 381.546264648, 335.477386475, 101.728378296, 28.0123119354, 82.7380905151, 13.4857130051, 5.93105173111, 1.81584715843, 0.418420165777, 0.00948893092573, 0.000335950928275],
        "mean": [0.0130111305043, 0.533701121807, 2.89511489868, 5.74967432022, 18.0526485443, 18.1748065948, 21.5306625366, 42.8727264404, 27.3859806061, 22.7707920074, 20.6194648743, 15.0766382217, 14.6636333466, 6.75789022446, 6.65850734711, 6.17329311371, 3.85546445847, 2.60934829712, 2.67347478867, 2.33243060112, 3.1248497963, 1.77338159084, 1.5676381588, 0.943289339542, 1.29406702518, 1.21533024311, 0.841810941696, 0.410951048136, 0.585305571556, 1.52113926411, 1.40089273453, 0.799961149693, 0.610520541668, 0.484035253525, 0.222734972835, 0.105949901044, 0.0396228060126, 0.00411090767011, 0.00011840701336, 2.84122452285e-05],
        "median": [0.00196853396483, 0.103501535952, 1.2696634531, 3.03986549377, 3.33071756363, 6.65275907516, 12.3809738159, 5.98060131073, 4.90912532806, 12.3760585785, 8.46597194672, 4.95056009293, 5.81150054932, 2.38993883133, 1.58794569969, 0.948785424232, 0.547012329102, 0.842007696629, 0.668308079243, 1.04024076462, 1.54114186764, 0.40309792757, 0.503009855747, 0.19105130434, 0.161466673017, 0.077645458281, 0.0801098495722, 0.0154900653288, 0.00773233827204, 0.00494971452281, 0.00290560512803, 0.00147660402581, 0.000686826417223, 0.000334628042765, 0.000192139152205, 9.88135434454e-05, 2.71964327112e-05, 4.08668211094e-06, 8.53931578604e-06, 1.85890185094e-05],
        "min": [2.15869805095e-21, 7.67329410032e-21, 2.38927323306e-20, 1.62108546159e-20, 1.88316536021e-20, 3.97644784382e-20, 3.69056789102e-19, 5.41489644674e-19, 9.8570502066e-19, 1.46029906993e-18, 2.32940946774e-18, 5.14196851382e-18, 3.38961409667e-18, 4.78192284936e-18, 3.31649856836e-18, 3.39363336727e-18, 4.32126348469e-18, 8.86142212052e-18, 6.61536040528e-18, 9.61552877058e-18, 1.119051788e-17, 8.04885117195e-18, 1.092870529e-17, 1.55207719908e-17, 1.20910173005e-17, 1.49695024346e-17, 1.37494821686e-17, 1.41094943323e-17, 1.50973200372e-17, 2.31568219867e-17, 1.72946790124e-17, 1.31898870396e-17, 1.4258732604e-17, 1.28451620009e-17, 9.67514202296e-18, 6.14355354108e-18, 3.31150177707e-18, 1.30222506167e-18, 3.95839759964e-19, 4.34562242862e-20],
        "stdev": [0.0304723829031, 0.872666537762, 3.76631307602, 8.66450595856, 34.5424995422, 37.2553100586, 26.996137619, 81.8700637817, 58.3005943298, 43.3346138, 32.8658905029, 22.1678314209, 24.0624980927, 11.5247936249, 13.0787372589, 16.1393165588, 10.2149581909, 5.99713754654, 6.56913042068, 3.53515696526, 5.17983341217, 4.50364780426, 2.71183156967, 1.97689378262, 3.65799713135, 6.22972774506, 5.10262775421, 3.13764095306, 6.96447372437, 19.1373729706, 15.1728343964, 5.11770963669, 2.22885560989, 3.45949554443, 1.01787900925, 0.439032107592, 0.139531314373, 0.0241175424308, 0.000610015180428, 3.37262972607e-05],
        "var": [0.000928566150833, 0.761546909809, 14.1851148605, 75.0736618042, 1193.18432617, 1387.95825195, 728.791442871, 6702.70751953, 3398.95947266, 1877.88879395, 1080.16674805, 491.412719727, 579.003845215, 132.820861816, 171.053375244, 260.477539062, 104.345367432, 35.9656600952, 43.1534729004, 12.497335434, 26.8306751251, 20.2828445435, 7.35403060913, 3.90810894966, 13.3809432983, 38.8095092773, 26.0368080139, 9.84479141235, 48.5038948059, 366.239044189, 230.214889526, 26.1909542084, 4.96779680252, 11.9681100845, 1.0360776186, 0.19274918735, 0.0194689892232, 0.000581655825954, 3.72118506675e-07, 1.13746312369e-09]
    },
    "gfcc": {
        "mean": [-172.076034546, 160.761444092, -110.328170776, -8.08192157745, -47.544670105, -25.1637649536, -37.4704208374, 9.78157806396, -17.5055809021, -6.63873720169, -19.2929229736, -13.5277252197, -4.04831171036],
        "cov": [[32984.4335938, 407.82901001, 5888.86816406, 3296.67041016, -1745.99047852, 2885.13208008, -2563.44580078, -1395.21508789, -2711.56396484, -1238.00463867, 648.153381348, 478.946899414, -1233.72387695], [407.82901001, 4361.21582031, 420.767791748, 895.506774902, 1612.26794434, -583.173522949, 922.369506836, -721.379699707, 428.64654541, -412.938568115, 174.934204102, -89.1904907227, 770.456359863], [5888.86816406, 420.767791748, 2243.61206055, 808.67767334, -0.633032202721, 657.728271484, -478.690795898, -266.497650146, -543.374511719, -273.316070557, 143.410583496, 96.5726852417, -181.423049927], [3296.67041016, 895.506774902, 808.67767334, 826.956726074, 219.08493042, 188.129074097, -21.0609092712, -325.688842773, -109.669494629, -197.689437866, 77.6144561768, 43.4779167175, 88.2543334961], [-1745.99047852, 1612.26794434, -0.633032202721, 219.08493042, 892.819519043, -340.304290771, 525.231140137, -165.860137939, 341.79309082, -44.7403450012, 12.4517335892, -64.0008773804, 371.125030518], [2885.13208008, -583.173522949, 657.728271484, 188.129074097, -340.304290771, 589.60369873, -308.498748779, -9.01332187653, -289.730072021, -40.0094070435, 62.2415809631, 64.3103790283, -257.756072998], [-2563.44580078, 922.369506836, -478.690795898, -21.0609092712, 525.231140137, -308.498748779, 621.004455566, -15.6576490402, 364.041290283, 48.1419715881, -39.1966781616, -40.9437179565, 292.506652832], [-1395.21508789, -721.379699707, -266.497650146, -325.688842773, -165.860137939, -9.01332187653, -15.6576490402, 334.492218018, 61.2250061035, 132.85345459, -63.7801780701, -5.3720998764, -62.7669754028], [-2711.56396484, 428.64654541, -543.374511719, -109.669494629, 341.79309082, -289.730072021, 364.041290283, 61.2250061035, 431.335479736, 104.245857239, -58.8980407715, -47.9336967468, 200.362701416], [-1238.00463867, -412.938568115, -273.316070557, -197.689437866, -44.7403450012, -40.0094070435, 48.1419715881, 132.85345459, 104.245857239, 195.74508667, -22.9338760376, -18.3776569366, -20.91056633], [648.153381348, 174.934204102, 143.410583496, 77.6144561768, 12.4517335892, 62.2415809631, -39.1966781616, -63.7801780701, -58.8980407715, -22.9338760376, 119.527549744, 26.7465000153, -20.0123500824], [478.946899414, -89.1904907227, 96.5726852417, 43.4779167175, -64.0008773804, 64.3103790283, -40.9437179565, -5.3720998764, -47.9336967468, -18.3776569366, 26.7465000153, 80.0199890137, -24.0607585907], [-1233.72387695, 770.456359863, -181.423049927, 88.2543334961, 371.125030518, -257.756072998, 292.506652832, -62.7669754028, 200.362701416, -20.91056633, -20.0123500824, -24.0607585907, 277.058013916]],
        "icov": [[0.000284959707642, -0.000576016318519, 8.01383357611e-05, -0.000774623651523, 0.000565970723983, -0.000533876998816, 0.000559182546567, -0.000235294690356, 0.000855244055856, -0.000409717205912, 0.000527439988218, -0.000442530348664, 0.000621717656031], [-0.000576016318519, 0.00342889269814, -0.000470070488518, 0.00139999540988, -0.00293683959171, 0.00152399158105, -0.00225748261437, 0.00218772492371, -0.00209355726838, 0.00366567983292, -0.00365708791651, 0.00243688421324, -0.00288505502976], [8.01383357611e-05, -0.000470070488518, 0.00168015784584, -0.00113900681026, -0.00111994170584, -0.00127297244035, 0.00137669104151, -0.000910687551368, 0.00161910522729, -0.000317669298965, 0.000738095550332, -0.000820123241283, 0.000570407486521], [-0.000774623651523, 0.00139999540988, -0.00113900681026, 0.00555952638388, -0.00108286808245, 0.000413441564888, -0.00140109774657, 0.00277133192867, -0.00322370952927, 0.00164300086908, -0.00116933044046, 0.000608229835052, -0.00349340471439], [0.000565970723983, -0.00293683959171, -0.00111994170584, -0.00108286808245, 0.00778048345819, -0.000301656400552, -0.00059100711951, -0.000731381878722, -0.000165640725754, -0.00262716249563, 0.00141405349132, 0.000247537187533, 9.93688299786e-05], [-0.000533876998816, 0.00152399158105, -0.00127297244035, 0.000413441564888, -0.000301656400552, 0.00612464407459, -0.00251817400567, 0.000256799452472, -0.00141023832839, 0.000886212859768, -0.00219600670971, 0.00052896514535, 0.00221227202564], [0.000559182546567, -0.00225748261437, 0.00137669104151, -0.00140109774657, -0.00059100711951, -0.00251817400567, 0.00745535083115, -0.00149415421765, 0.000719403848052, -0.00252170744352, 0.00297343172133, -0.00275418208912, -0.00038010001299], [-0.000235294690356, 0.00218772492371, -0.000910687551368, 0.00277133192867, -0.000731381878722, 0.000256799452472, -0.00149415421765, 0.00799650605768, -0.00222460576333, 0.000419948308263, -0.000463180040242, 0.00063591072103, -0.0023406802211], [0.000855244055856, -0.00209355726838, 0.00161910522729, -0.00322370952927, -0.000165640725754, -0.00141023832839, 0.000719403848052, -0.00222460576333, 0.0103937843814, -0.00413035973907, 0.00338112423196, -0.00179974152707, 0.00162333773915], [-0.000409717205912, 0.00366567983292, -0.000317669298965, 0.00164300086908, -0.00262716249563, 0.000886212859768, -0.00252170744352, 0.000419948308263, -0.00413035973907, 0.0131316147745, -0.0052597457543, 0.00373394414783, -0.00172602816019], [0.000527439988218, -0.00365708791651, 0.000738095550332, -0.00116933044046, 0.00141405349132, -0.00219600670971, 0.00297343172133, -0.000463180040242, 0.00338112423196, -0.0052597457543, 0.0151490503922, -0.00617314735427, 0.00390894385055], [-0.000442530348664, 0.00243688421324, -0.000820123241283, 0.000608229835052, 0.000247537187533, 0.00052896514535, -0.00275418208912, 0.00063591072103, -0.00179974152707, 0.00373394414783, -0.00617314735427, 0.0176901649684, -0.00359186250716], [0.000621717656031, -0.00288505502976, 0.000570407486521, -0.00349340471439, 9.93688299786e-05, 0.00221227202564, -0.00038010001299, -0.0023406802211, 0.00162333773915, -0.00172602816019, 0.00390894385055, -0.00359186250716, 0.0163492783904]]
    },
    "melbands": {
        "dmean": [0.000131819353555, 0.000472457206342, 0.000620374106802, 0.000612513686065, 0.000326933484757, 0.000331671413733, 0.00018538783479, 9.92570348899e-05, 6.25343236607e-05, 3.63699618902e-05, 2.63952188106e-05, 1.28658866743e-05, 1.10193059299e-05, 1.1278756574e-05, 5.63673847864e-06, 4.40490612164e-06, 2.71104272542e-06, 3.06511037707e-06, 1.65944948094e-06, 1.49480229084e-06, 1.73759679001e-06, 8.65420304308e-07, 9.47475996327e-07, 6.13533416072e-07, 4.04637660267e-07, 5.4868536381e-07, 6.13672511918e-07, 6.16983356849e-07, 5.63103469631e-07, 2.27775004191e-07, 1.52515852392e-07, 2.34634285334e-07, 4.46976343937e-07, 8.3929791117e-07, 8.08183642675e-07, 3.84747835369e-07, 3.21357674693e-07, 2.67179871116e-07, 3.35066715706e-07, 2.9326346862e-07],
        "dmean2": [0.000199638670892, 0.000775116728619, 0.0010484411614, 0.000954716524575, 0.000502794748172, 0.000522127957083, 0.000290599360596, 0.000146120102727, 9.66259394772e-05, 4.90144957439e-05, 3.54738840542e-05, 1.69086179085e-05, 1.52070451804e-05, 1.67618218256e-05, 9.07583489607e-06, 6.54422592561e-06, 4.21530739914e-06, 4.85832879349e-06, 2.58950331045e-06, 2.30822797676e-06, 2.67210680249e-06, 1.2744454807e-06, 1.38010523187e-06, 9.3523999567e-07, 6.31233149306e-07, 8.78452340203e-07, 9.51553772666e-07, 9.54479560278e-07, 9.1902808208e-07, 3.75938583375e-07, 2.38300472688e-07, 3.46359058767e-07, 7.86632767813e-07, 1.35560628678e-06, 1.11310362172e-06, 5.97686323545e-07, 5.1054917094e-07, 4.10651864513e-07, 5.49048763787e-07, 4.02528911536e-07],
        "dvar": [1.11703315042e-07, 9.32879061111e-07, 1.66863696904e-06, 1.7721210952e-06, 2.44753834977e-07, 5.3683521628e-07, 5.15196347806e-07, 6.82830503251e-08, 1.4472389509e-08, 4.6141215293e-09, 2.64603072786e-09, 8.15246370411e-10, 5.32619448546e-10, 1.09026121464e-09, 2.9704022575e-10, 1.78583675625e-10, 7.75102274031e-11, 8.93435880833e-11, 1.67623484537e-11, 1.19458835185e-11, 1.41546132454e-11, 1.04881632892e-11, 5.35214364147e-12, 2.35721121442e-12, 1.3580927832e-12, 3.73854766589e-12, 5.49827587973e-12, 2.07028387489e-11, 1.58410038559e-11, 3.28622220581e-12, 1.82037891705e-12, 7.22233080633e-12, 3.89992413363e-11, 1.27585067511e-10, 9.25014162489e-11, 1.39100640728e-11, 3.99684972618e-12, 1.49894582423e-12, 4.44590458198e-12, 6.17200821701e-12],
        "dvar2": [2.27316576229e-07, 2.36933260567e-06, 4.8930273806e-06, 4.06474282499e-06, 6.56261249787e-07, 1.36729795486e-06, 1.2566880514e-06, 1.11065602937e-07, 3.5009257715e-08, 8.38331537523e-09, 4.83847584221e-09, 1.54489032678e-09, 1.08730291437e-09, 2.34824693024e-09, 7.32116256508e-10, 3.85918519363e-10, 1.66442248872e-10, 1.92567364832e-10, 4.06642809703e-11, 2.78217362343e-11, 2.86362773771e-11, 2.07047781697e-11, 1.08239996827e-11, 4.86921310563e-12, 3.11345654119e-12, 9.27241703558e-12, 1.34307244146e-11, 4.86246494458e-11, 4.02036841318e-11, 7.15175618379e-12, 3.29783314372e-12, 1.55492650006e-11, 7.71605487837e-11, 2.39654740497e-10, 1.85234355632e-10, 2.55662470361e-11, 7.03011737366e-12, 3.38404174474e-12, 1.15484921973e-11, 1.29774663238e-11],
        "max": [0.00332822371274, 0.00949440058321, 0.0182942505926, 0.0207704640925, 0.00624932581559, 0.0109281614423, 0.0146676385775, 0.00456014415249, 0.00173091969918, 0.00140688649844, 0.000885538640432, 0.000503670889884, 0.000372647336917, 0.000504599011037, 0.000258197629591, 0.000203507224796, 0.00017285226204, 0.000123541962239, 5.37482737855e-05, 5.14944731549e-05, 5.17736771144e-05, 5.62519380765e-05, 3.80330129701e-05, 2.92644072033e-05, 1.8890166757e-05, 2.661540384e-05, 4.05472092098e-05, 0.000109170439828, 7.81456110417e-05, 3.74094306608e-05, 2.70757518592e-05, 6.37974007986e-05, 0.000138141243951, 0.000254289305303, 0.000241432586336, 8.99724400369e-05, 4.8747551773e-05, 2.5446564905e-05, 4.89264748467e-05, 6.82287281961e-05],
        "mean": [0.000280800537439, 0.00123862619512, 0.00140846520662, 0.00135585735552, 0.000728802231606, 0.00092011509696, 0.000417287024902, 0.00023979866819, 0.000148505860125, 0.000103367121483, 7.28977684048e-05, 2.62407593254e-05, 2.20287165575e-05, 2.1430749257e-05, 9.62914964475e-06, 6.83400867274e-06, 4.63975356979e-06, 4.74767966807e-06, 2.76887089967e-06, 3.06536026073e-06, 3.64745073966e-06, 1.51812048443e-06, 1.94770996131e-06, 1.18976151953e-06, 6.68614575261e-07, 9.02174974726e-07, 9.51325432652e-07, 7.84335838944e-07, 6.1502544213e-07, 2.9988078154e-07, 2.03003509114e-07, 2.50375336464e-07, 5.28198711436e-07, 1.01351065496e-06, 9.38396567562e-07, 5.11802909386e-07, 4.7118129487e-07, 4.08401348295e-07, 4.40702507376e-07, 3.84990585189e-07],
        "median": [3.36647317454e-05, 0.000629110611044, 0.000570203643292, 0.000378566095605, 0.000391696550651, 0.000152176697156, 8.75910627656e-05, 0.000128333675093, 5.66010421608e-05, 3.5967612348e-05, 2.7434214644e-05, 8.38964842842e-06, 5.177400908e-06, 2.76843343272e-06, 8.2754684172e-07, 1.29590034703e-06, 1.44959869885e-06, 1.0444163081e-06, 9.3736917961e-07, 1.60732452059e-06, 1.59627495577e-06, 1.9216668079e-07, 4.43504518444e-07, 3.52672969939e-07, 1.19237967056e-07, 1.20721196595e-07, 8.72756871217e-08, 3.72674548998e-08, 5.87195820856e-08, 1.3321075798e-08, 1.78631143211e-09, 2.27413066156e-09, 3.03068103946e-09, 2.30310881477e-09, 1.65375513284e-09, 1.19583931646e-09, 7.46984529787e-10, 5.09868258725e-10, 3.60863172677e-10, 2.27522958807e-10],
        "min": [1.40651027947e-23, 1.19644340462e-23, 2.83853097956e-24, 1.73099906205e-24, 9.70157786206e-24, 1.41054435637e-23, 1.44926212291e-23, 1.59994559986e-23, 2.4911257088e-23, 3.23231464511e-23, 1.71470356233e-23, 2.01862185017e-23, 9.73405132122e-24, 1.03906391853e-23, 8.52046533805e-24, 1.0788052321e-23, 1.68285519655e-23, 1.06230273528e-23, 1.09167407782e-23, 1.50069364512e-23, 1.24997866109e-23, 7.89362384098e-24, 8.94229450762e-24, 1.23105365131e-23, 1.27873839977e-23, 9.41396785349e-24, 8.83119607089e-24, 1.0224157191e-23, 7.17491002518e-24, 1.06488996239e-23, 7.4869668332e-24, 8.48081797781e-24, 9.52507496768e-24, 1.47633220042e-23, 9.31087556609e-24, 9.97002565038e-24, 7.72265717244e-24, 9.39704284276e-24, 1.14920002384e-23, 1.04629927187e-23],
        "stdev": [0.000503497838508, 0.00161273835693, 0.00218473025598, 0.00258383830078, 0.000882885418832, 0.00168529094663, 0.000867584894877, 0.0004328021314, 0.000233457438299, 0.000156647351105, 0.00012162332132, 4.98734552821e-05, 4.35426481999e-05, 5.20456196682e-05, 2.55786035268e-05, 1.6469937691e-05, 1.18868611025e-05, 1.24762709675e-05, 5.33307093065e-06, 5.07318736709e-06, 6.18703143118e-06, 4.60533101432e-06, 4.17905448558e-06, 2.25691724154e-06, 1.58014438512e-06, 2.41181896854e-06, 3.32167292072e-06, 4.64556660518e-06, 3.79985158361e-06, 2.17478600462e-06, 1.7043673779e-06, 2.85968872049e-06, 6.85186523697e-06, 1.26631330204e-05, 1.06461966425e-05, 4.32777505921e-06, 2.58923068941e-06, 1.59683418133e-06, 2.22562130148e-06, 2.93072139357e-06],
        "var": [2.53510080483e-07, 2.60092497228e-06, 4.77304593005e-06, 6.67621998218e-06, 7.79486640567e-07, 2.84020552499e-06, 7.52703499529e-07, 1.87317695577e-07, 5.4502372393e-08, 2.45383908748e-08, 1.47922314397e-08, 2.48736164998e-09, 1.89596227607e-09, 2.70874656039e-09, 6.5426497553e-10, 2.71258820961e-10, 1.41297473721e-10, 1.55657334244e-10, 2.84416466073e-11, 2.57372300555e-11, 3.82793588494e-11, 2.12090726925e-11, 1.74644968626e-11, 5.09367591509e-12, 2.49685623739e-12, 5.81687085652e-12, 1.10335109105e-11, 2.15812871046e-11, 1.44388728404e-11, 4.72969450063e-12, 2.90486818627e-12, 8.17781953266e-12, 4.69480600229e-11, 1.60354937662e-10, 1.1334150285e-10, 1.87296358978e-11, 6.70411556131e-12, 2.54987957832e-12, 4.95339056231e-12, 8.58912854035e-12]
