{
"lowlevel": {
    "average_loudness": 0.900381445885,
    "barkbands_crest": {
        "dmean": 2.32553720474,
        "dmean2": 3.29499292374,
        "dvar": 6.22055482864,
        "dvar2": 11.3312797546,
        "max": 25.9996623993,
        "mean": 13.0835285187,
        "median": 13.0516958237,
        "min": 2.97747349739,
        "stdev": 5.39169883728,
        "var": 29.0704154968
    },
    "barkbands_flatness_db": {
        "dmean": 0.0277823004872,
        "dmean2": 0.0377818830311,
        "dvar": 0.000819623470306,
        "dvar2": 0.00133724778425,
        "max": 0.409024596214,
        "mean": 0.181021302938,
        "median": 0.179123327136,
        "min": 0.0337995365262,
        "stdev": 0.0637499094009,
        "var": 0.00406405050308
    },
    "barkbands_kurtosis": {
        "dmean": 8.98432159424,
        "dmean2": 13.0831632614,
        "dvar": 355.579589844,
        "dvar2": 701.902709961,
        "max": 286.911804199,
        "mean": 15.1554584503,
        "median": 6.73563671112,
        "min": -1.91987657547,
        "stdev": 25.5378322601,
        "var": 652.180908203
    },
    "barkbands_skewness": {
        "dmean": 0.957219481468,
        "dmean2": 1.26109588146,
        "dvar": 1.21646404266,
        "dvar2": 1.97143161297,
        "max": 14.1225709915,
        "mean": 2.7276263237,
        "median": 2.49903488159,
        "min": -4.54723119736,
        "stdev": 2.33325099945,
        "var": 5.44406032562
    },
    "barkbands_spread": {
        "dmean": 8.38758087158,
        "dmean2": 12.3919773102,
        "dvar": 125.621444702,
        "dvar2": 253.246078491,
        "max": 124.680030823,
        "mean": 21.1462230682,
        "median": 16.4612865448,
        "min": 0.535241305828,
        "stdev": 17.3690032959,
        "var": 301.682281494
    },
    "dissonance": {
        "dmean": 0.0244696754962,
        "dmean2": 0.0402484759688,
        "dvar": 0.000653422088362,
        "dvar2": 0.00165046751499,
        "max": 0.499999910593,
        "mean": 0.44998845458,
        "median": 0.45522326231,
        "min": 0.180283546448,
        "stdev": 0.0337298251688,
        "var": 0.00113770109601
    },
    "dynamic_complexity": 2.65684390068,
    "erbbands_crest": {
        "dmean": 2.77122783661,
        "dmean2": 4.47124862671,
        "dvar": 6.53066110611,
        "dvar2": 15.8267755508,
        "max": 28.5569057465,
        "mean": 8.99510574341,
        "median": 8.21290016174,
        "min": 2.82384252548,
        "stdev": 3.79365038872,
        "var": 14.3917837143
    },
    "erbbands_flatness_db": {
        "dmean": 0.0170775707811,
        "dmean2": 0.0245523545891,
        "dvar": 0.000268809119007,
        "dvar2": 0.00052240974037,
        "max": 0.262112796307,
        "mean": 0.140518903732,
        "median": 0.137058064342,
        "min": 0.0585156753659,
        "stdev": 0.0366434715688,
        "var": 0.00134274410084
    },
    "erbbands_kurtosis": {
        "dmean": 1.23146402836,
        "dmean2": 1.91133701801,
        "dvar": 2.89830112457,
        "dvar2": 6.50693130493,
        "max": 21.6469306946,
        "mean": 0.728362679482,
        "median": 0.0578560829163,
        "min": -1.86218452454,
        "stdev": 2.34747719765,
        "var": 5.51064872742
    },
    "erbbands_skewness": {
        "dmean": 0.476001054049,
        "dmean2": 0.682930648327,
        "dvar": 0.252015173435,
        "dvar2": 0.464099705219,
        "max": 4.1902217865,
        "mean": 0.235379457474,
        "median": 0.237983703613,
        "min": -3.41618561745,
        "stdev": 0.912571966648,
        "var": 0.832787632942
    },
    "erbbands_spread": {
        "dmean": 14.5813913345,
        "dmean2": 22.1148071289,
        "dvar": 308.809997559,
        "dvar2": 649.38659668,
        "max": 194.216995239,
        "mean": 49.9322166443,
        "median": 42.8807868958,
        "min": 7.87534713745,
        "stdev": 27.8404426575,
        "var": 775.090270996
    },
    "hfc": {
        "dmean": 10.8538150787,
        "dmean2": 16.3671321869,
        "dvar": 347.755371094,
        "dvar2": 793.95098877,
        "max": 203.352310181,
        "mean": 23.2942810059,
        "median": 16.3553199768,
        "min": 1.18570345404e-16,
        "stdev": 23.45195961,
        "var": 549.994445801
    },
    "loudness_ebu128": {
        "integrated": -11.0172290802,
        "loudness_range": 7.58348178864,
        "momentary": {
            "dmean": 0.75671929121,
            "dmean2": 1.09968733788,
            "dvar": 0.724844992161,
            "dvar2": 1.16672706604,
            "max": -7.41157245636,
            "mean": -12.1511144638,
            "median": -11.261089325,
            "min": -21.3837032318,
            "stdev": 3.3855919838,
            "var": 11.4622325897
        },
        "short_term": {
            "dmean": 0.101802788675,
            "dmean2": 0.115725636482,
            "dvar": 0.0144166918471,
            "dvar2": 0.0179915819317,
            "max": -8.88016319275,
            "mean": -11.6804475784,
            "median": -10.2173566818,
            "min": -17.0873203278,
            "stdev": 2.90243196487,
            "var": 8.42411136627
        }
    },
    "melbands_crest": {
        "dmean": 3.01852869987,
        "dmean2": 4.49059724808,
        "dvar": 12.6316976547,
        "dvar2": 28.0953025818,
        "max": 37.9519615173,
        "mean": 22.607591629,
        "median": 24.305934906,
        "min": 2.21789765358,
        "stdev": 10.1086425781,
        "var": 102.184661865
    },
    "melbands_flatness_db": {
        "dmean": 0.0340588949621,
        "dmean2": 0.0437740795314,
        "dvar": 0.00139693415258,
        "dvar2": 0.00206315354444,
        "max": 0.543369889259,
        "mean": 0.239775881171,
        "median": 0.240813747048,
        "min": 0.00579135678709,
        "stdev": 0.0968864187598,
        "var": 0.00938697811216
    },
    "melbands_kurtosis": {
        "dmean": 21.6380348206,
        "dmean2": 30.8542728424,
        "dvar": 1731.69311523,
        "dvar2": 3451.35864258,
        "max": 474.10723877,
        "mean": 44.0577011108,
        "median": 20.8675384521,
        "min": -1.84880959988,
        "stdev": 64.6812973022,
        "var": 4183.67041016
    },
    "melbands_skewness": {
        "dmean": 1.28029465675,
        "dmean2": 1.73376262188,
        "dvar": 2.32078838348,
        "dvar2": 4.03609466553,
        "max": 18.8882255554,
        "mean": 4.59613800049,
        "median": 3.99700713158,
        "min": -1.28010571003,
        "stdev": 3.32834935188,
        "var": 11.0779094696
    },
    "melbands_spread": {
        "dmean": 10.9172706604,
        "dmean2": 15.550538063,
        "dvar": 482.680786133,
        "dvar2": 872.735168457,
        "max": 224.535949707,
        "mean": 24.6506385803,
        "median": 13.2070207596,
        "min": 0.519492149353,
        "stdev": 35.8296775818,
        "var": 1283.76574707
    },
    "pitch_salience": {
        "dmean": 0.0737054944038,
        "dmean2": 0.108341895044,
        "dvar": 0.00855874083936,
        "dvar2": 0.017952369526,
        "max": 0.860824406147,
        "mean": 0.423954486847,
        "median": 0.384640008211,
        "min": 0.0721826031804,
        "stdev": 0.197056293488,
        "var": 0.0388311818242
    },
    "silence_rate_20dB": {
        "dmean": 0.0030959751457,
        "dmean2": 0.00619674660265,
        "dvar": 0.00308638461865,
        "dvar2": 0.00770754320547,
        "max": 1,
        "mean": 0.997679829597,
        "median": 1,
        "min": 0,
        "stdev": 0.0481124147773,
        "var": 0.00231480458751
    },
    "silence_rate_30dB": {
        "dmean": 0.119195044041,
        "dmean2": 0.238574743271,
        "dvar": 0.104986973107,
        "dvar2": 0.249820411205,
        "max": 1,
        "mean": 0.839907169342,
        "median": 1,
        "min": 0,
        "stdev": 0.36669254303,
        "var": 0.134463429451
    },
    "silence_rate_60dB": {
        "dmean": 0.0386996902525,
        "dmean2": 0.076684743166,
        "dvar": 0.0372030436993,
        "dvar2": 0.0878466665745,
        "max": 1,
        "mean": 0.0556844547391,
        "median": 0,
        "min": 0,
        "stdev": 0.229309678078,
        "var": 0.0525829270482
    },
    "spectral_centroid": {
        "dmean": 406.802764893,
        "dmean2": 580.776123047,
        "dvar": 339929.5,
        "dvar2": 531503.1875,
        "max": 11088.671875,
        "mean": 1535.64379883,
        "median": 1368.46606445,
        "min": 157.19758606,
        "stdev": 955.879211426,
        "var": 913705.0625
    },
    "spectral_complexity": {
        "dmean": 3.33900928497,
        "dmean2": 4.69326114655,
        "dvar": 26.1745357513,
        "dvar2": 38.6123771667,
        "max": 60,
        "mean": 12.9234342575,
        "median": 12,
        "min": 0,
        "stdev": 8.57078742981,
        "var": 73.458404541
    },
    "spectral_decrease": {
        "dmean": 4.23303081476e-09,
        "dmean2": 5.20883336463e-09,
        "dvar": 8.94891301391e-17,
        "dvar2": 1.23908095575e-16,
        "max": 3.74316852773e-29,
        "mean": -1.5573091261e-08,
        "median": -9.10490349781e-09,
        "min": -1.09818799388e-07,
        "stdev": 1.79569159542e-08,
        "var": 3.22450858171e-16
    },
    "spectral_energy": {
        "dmean": 0.0164301395416,
        "dmean2": 0.0202736370265,
        "dvar": 0.00129349646159,
        "dvar2": 0.0017828255659,
        "max": 0.419409900904,
        "mean": 0.0608892664313,
        "median": 0.037371519953,
        "min": 1.0613408229e-20,
        "stdev": 0.0685748308897,
        "var": 0.00470250705257
    },
    "spectral_energyband_high": {
        "dmean": 0.00108047947288,
        "dmean2": 0.00168595067225,
        "dvar": 4.29927104051e-06,
        "dvar2": 1.01518289739e-05,
        "max": 0.02295810543,
        "mean": 0.0015351792099,
        "median": 0.000611584691796,
        "min": 7.99898111844e-21,
        "stdev": 0.0023971258197,
        "var": 5.74621253691e-06
    },
    "spectral_energyband_low": {
        "dmean": 0.0141084510833,
        "dmean2": 0.0183925591409,
        "dvar": 0.00156843091827,
        "dvar2": 0.00270045921206,
        "max": 0.398957639933,
        "mean": 0.0478824079037,
        "median": 0.0228173471987,
        "min": 5.82931668921e-23,
        "stdev": 0.0648140907288,
        "var": 0.0042008664459
    },
    "spectral_energyband_middle_high": {
        "dmean": 0.00153536058497,
        "dmean2": 0.00221556657925,
        "dvar": 5.71983127884e-06,
        "dvar2": 1.06535180748e-05,
        "max": 0.0267691649497,
        "mean": 0.00380515796132,
        "median": 0.00270247412845,
        "min": 1.26177910515e-21,
        "stdev": 0.00412958068773,
        "var": 1.70534367498e-05
    },
    "spectral_energyband_middle_low": {
        "dmean": 0.00570970680565,
        "dmean2": 0.00996792968363,
        "dvar": 0.000391403067624,
        "dvar2": 0.00111948652193,
        "max": 0.179698288441,
        "mean": 0.00783587060869,
        "median": 0.00535116624087,
        "min": 3.01595736184e-22,
        "stdev": 0.0154719818383,
        "var": 0.000239382236032
    },
    "spectral_entropy": {
        "dmean": 0.242319867015,
        "dmean2": 0.330569773912,
        "dvar": 0.0619767308235,
        "dvar2": 0.108873359859,
        "max": 9.80814266205,
        "mean": 7.67061281204,
        "median": 7.61865711212,
        "min": 5.97762298584,
        "stdev": 0.507789552212,
        "var": 0.257850199938
    },
    "spectral_flux": {
        "dmean": 0.034478764981,
        "dmean2": 0.0489188991487,
        "dvar": 0.00296973017976,
        "dvar2": 0.00479043554515,
        "max": 0.605221509933,
        "mean": 0.0950634628534,
        "median": 0.0687820613384,
        "min": 1.03021396969e-10,
        "stdev": 0.0936679840088,
        "var": 0.00877369102091
    },
    "spectral_kurtosis": {
        "dmean": 1.13189351559,
        "dmean2": 1.6994484663,
        "dvar": 1.7937734127,
        "dvar2": 4.17107200623,
        "max": 20.0428771973,
        "mean": 2.782995224,
        "median": 2.58538150787,
        "min": -1.29423952103,
        "stdev": 2.21539711952,
        "var": 4.90798425674
    },
    "spectral_rms": {
        "dmean": 0.000928398512769,
        "dmean2": 0.00114995252807,
        "dvar": 2.44350849243e-06,
        "dvar2": 3.2009095321e-06,
        "max": 0.0202282071114,
        "mean": 0.00656107580289,
        "median": 0.00603821314871,
        "min": 3.21784786317e-12,
        "stdev": 0.00404431018978,
        "var": 1.63564436662e-05
    },
    "spectral_rolloff": {
        "dmean": 798.198547363,
        "dmean2": 1252.11206055,
        "dvar": 3317028.75,
        "dvar2": 5652359,
        "max": 18841.5527344,
        "mean": 1824.78039551,
        "median": 559.86328125,
        "min": 43.06640625,
        "stdev": 3035.4921875,
        "var": 9214213
    },
    "spectral_skewness": {
        "dmean": 0.25346198678,
        "dmean2": 0.365387558937,
        "dvar": 0.0718375891447,
        "dvar2": 0.14720082283,
        "max": 3.70274066925,
        "mean": 1.43423318863,
        "median": 1.49710857868,
        "min": -0.111612029374,
        "stdev": 0.516315579414,
        "var": 0.26658180356
    },
    "spectral_spread": {
        "dmean": 1054395.375,
        "dmean2": 1533972,
        "dvar": 2.17872859136e+12,
        "dvar2": 3.09846920397e+12,
        "max": 40868108,
        "mean": 6999930,
        "median": 6474738.5,
        "min": 2030932.25,
        "stdev": 2543308.75,
        "var": 6.46841997722e+12
    },
    "spectral_strongpeak": {
        "dmean": 0.30769264698,
        "dmean2": 0.48220539093,
        "dvar": 0.29860830307,
        "dvar2": 0.738807797432,
        "max": 6.27588844299,
        "mean": 0.714111447334,
        "median": 0.454706162214,
        "min": 0,
        "stdev": 0.629668295383,
        "var": 0.396482169628
    },
    "zerocrossingrate": {
        "dmean": 0.0207666922361,
        "dmean2": 0.0217014737427,
        "dvar": 0.0010025013471,
        "dvar2": 0.000877635204233,
        "max": 0.50927734375,
        "mean": 0.0736202001572,
        "median": 0.04638671875,
        "min": 0.00048828125,
        "stdev": 0.0804621651769,
        "var": 0.00647416012362
    },
    "barkbands": {
        "dmean": [0.00186562503222, 0.0110218860209, 0.00597719615325, 0.00204801675864, 0.00177824869752, 0.00124490889721, 0.00075680820737, 0.000455920351669, 0.000564138812479, 0.000445805140771, 0.000431695720181, 0.000280949170701, 0.000273354409728, 0.000266298651695, 0.00028335818206, 0.000148903593072, 0.000166151570738, 0.000193362371647, 0.000123520876514, 0.000110454049718, 0.000163442862686, 0.000205985881621, 0.000296978425467, 0.000221556139877, 0.000167456397321, 8.30440985737e-05, 2.15744489651e-06],
        "dmean2": [0.00272480864078, 0.0141033772379, 0.010400518775, 0.00380485760979, 0.00318407849409, 0.00202433438972, 0.00126357236877, 0.000814475934021, 0.00086212932365, 0.000679318676703, 0.000618837191723, 0.000436934817117, 0.000416882860009, 0.000404550024541, 0.00043330254266, 0.000232921927818, 0.000254264334217, 0.000301446154481, 0.000183541735169, 0.000180684466613, 0.000253525417065, 0.000322043866618, 0.000498576904647, 0.000359899975592, 0.000255577499047, 0.000125964390463, 3.66294216292e-06],
        "dvar": [9.58762393566e-06, 0.00102647277527, 0.000703980913386, 9.05877241166e-05, 4.28467501479e-05, 5.40515566172e-06, 4.05435775974e-06, 2.48881542575e-06, 1.16277431061e-06, 1.0879052752e-06, 6.99889369571e-07, 4.40155957904e-07, 2.77399493598e-07, 2.52687954116e-07, 2.55109853242e-07, 1.17045864556e-07, 1.06584387538e-07, 2.15192869746e-07, 1.08167178325e-07, 7.00341189486e-08, 1.07030821539e-07, 1.88742674823e-07, 4.91301648253e-07, 1.78813422735e-07, 8.05951501093e-08, 2.92366202359e-08, 2.68101929546e-11],
        "dvar2": [2.059133476e-05, 0.00164670066442, 0.00188893789891, 0.000263275403995, 0.000125369464513, 1.44792484207e-05, 1.11109211502e-05, 7.17977218301e-06, 2.63335982709e-06, 2.4727953587e-06, 1.36116648264e-06, 9.27221265101e-07, 5.68929124256e-07, 5.96558436428e-07, 6.00235807724e-07, 2.74544703416e-07, 2.30929941836e-07, 5.33182912932e-07, 2.10612896012e-07, 1.77684839286e-07, 2.37058586094e-07, 4.31067462614e-07, 1.28846897951e-06, 4.32925276073e-07, 1.66142456237e-07, 6.54910294884e-08, 7.38447983317e-11],
        "max": [0.0436252206564, 0.306851267815, 0.243407353759, 0.081125035882, 0.0544969514012, 0.0270469207317, 0.028802216053, 0.0178620442748, 0.0145231382921, 0.0133970985189, 0.0128590157256, 0.00957001652569, 0.00666647823527, 0.00636451644823, 0.00470462488011, 0.00357509288006, 0.00438934704289, 0.00477855373174, 0.00768383964896, 0.00258245551959, 0.00408170046285, 0.00416087452322, 0.00729609979317, 0.00500757806003, 0.00347579456866, 0.00266387616284, 8.21044304757e-05],
        "mean": [0.00934510584921, 0.0335678271949, 0.00484491279349, 0.00163261522539, 0.00193621020298, 0.00192503735889, 0.000954930786975, 0.000472949381219, 0.000837501429487, 0.000598110898864, 0.00067630346166, 0.000339520862326, 0.000430863525253, 0.000387845066143, 0.000413980626035, 0.000194312844542, 0.000278904510196, 0.000277571205515, 0.000195279470063, 0.00015854393132, 0.000239766319282, 0.000223176757572, 0.000283610192128, 0.00029617085238, 0.000264859554591, 0.00011123657896, 2.169999334e-06],
        "median": [0.00104522448964, 0.0141690047458, 0.00015668728156, 0.000125660328194, 0.000782480230555, 0.000989378313534, 0.000289717805572, 0.000146557489643, 0.000313263270073, 7.20515963621e-05, 0.000117814961413, 4.68611651741e-05, 8.52967641549e-05, 7.50137041905e-05, 7.11060420144e-05, 4.20520227635e-05, 7.4663606938e-05, 6.41224905849e-05, 5.243978012e-05, 4.98635672557e-05, 8.15188686829e-05, 4.57955757156e-05, 3.63337530871e-05, 0.000110603679786, 0.000123373116367, 3.58885845344e-05, 5.82173925068e-07],
        "min": [5.99004015667e-24, 1.96529406411e-23, 2.31973289759e-23, 1.2278754885e-23, 1.82544685388e-23, 9.8858161687e-23, 4.43268010837e-23, 5.13640493589e-23, 5.18854990391e-23, 9.1403520796e-23, 3.16674042459e-23, 7.59903146677e-23, 6.07457859335e-23, 1.22439441887e-22, 1.64149786986e-22, 1.17442594965e-22, 1.39771586877e-22, 1.36302264969e-22, 2.68162271164e-22, 2.85969701694e-22, 5.37909231359e-22, 7.62910334934e-22, 5.44154586347e-22, 8.80110175311e-22, 1.1389595459e-21, 1.71079126031e-21, 2.42199695046e-21],
        "stdev": [0.0134403659031, 0.0502481944859, 0.0217691082507, 0.00709718512371, 0.00502634001896, 0.00258541689254, 0.00185817258898, 0.00126134266611, 0.00136115623172, 0.00140929489862, 0.00136830459815, 0.000810337252915, 0.000811117643025, 0.000674377428368, 0.000732943182811, 0.000412756489823, 0.00049962347839, 0.000566463044379, 0.000442408665549, 0.000293760240311, 0.000403245387133, 0.000482064933749, 0.000657249358483, 0.000471640465548, 0.000393319030991, 0.000217312743189, 5.06352489538e-06],
        "var": [0.000180643430213, 0.00252488115802, 0.000473894091556, 5.03700393892e-05, 2.5264094802e-05, 6.68438087814e-06, 3.45280523106e-06, 1.5909852209e-06, 1.8527462089e-06, 1.98611201085e-06, 1.87225748505e-06, 6.56646477637e-07, 6.57911868984e-07, 4.54784924386e-07, 5.37205721685e-07, 1.70367911778e-07, 2.49623639093e-07, 3.20880388927e-07, 1.95725419871e-07, 8.62950741976e-08, 1.62606838217e-07, 2.32386597077e-07, 4.3197670152e-07, 2.22444739961e-07, 1.5469986181e-07, 4.72248302685e-08, 2.56392858333e-11]
    },
    "erbbands": {
        "dmean": [0.368241667747, 2.68489956856, 7.1218252182, 6.46864700317, 6.01528930664, 6.02239131927, 6.54428768158, 12.1943912506, 10.9260540009, 8.98714351654, 11.390080452, 12.4092483521, 12.8397169113, 16.610496521, 12.1919822693, 10.1354265213, 11.6868391037, 11.4076471329, 15.5139503479, 9.96942234039, 7.66104269028, 10.1438045502, 10.7253913879, 8.28910827637, 4.06865310669, 4.93455314636, 7.81491041183, 5.40973806381, 7.57990789413, 9.34641933441, 7.60393953323, 5.14828062057, 3.65035843849, 2.17548203468, 1.11601758003, 0.515661656857, 0.118215247989, 0.0111595960334, 0.000260954286205, 2.72093930107e-05],
        "dmean2": [0.431208282709, 3.34958553314, 11.5105514526, 11.6285648346, 11.1467494965, 10.5372304916, 10.694026947, 19.8521652222, 18.2922115326, 15.1407413483, 19.6001873016, 18.5108299255, 19.8190288544, 24.6759338379, 17.6766033173, 15.9475803375, 17.549697876, 17.4409122467, 22.9045200348, 14.9313936234, 12.0071411133, 15.408285141, 16.3524875641, 12.3980054855, 6.0284576416, 7.96403980255, 12.352191925, 8.67756748199, 11.9267082214, 15.5301866531, 12.6657791138, 8.52761363983, 5.82915353775, 3.33757328987, 1.7061868906, 0.794777750969, 0.177165880799, 0.0164977852255, 0.000390440487536, 3.67710563296e-05],
        "dvar": [0.667205929756, 73.6654510498, 881.446289062, 843.777099609, 642.311218262, 464.83215332, 190.839752197, 605.987365723, 874.164306641, 614.6640625, 1261.19433594, 628.307250977, 773.761291504, 1029.88232422, 556.483764648, 608.755126953, 528.757568359, 536.540344238, 694.647277832, 324.391326904, 322.472351074, 386.918762207, 680.589355469, 498.933135986, 107.184318542, 129.290542603, 322.375854492, 129.676681519, 303.954925537, 462.041259766, 294.104370117, 116.01676178, 43.7373390198, 13.3484811783, 3.80810141563, 1.03306531906, 0.067275442183, 0.000504597905092, 2.57458168562e-07, 1.94220417526e-09],
        "dvar2": [1.16986906528, 120.936180115, 2214.67285156, 2343.71020508, 1897.15563965, 1344.9979248, 494.753540039, 1632.33496094, 2421.8137207, 1692.34338379, 3543.61157227, 1449.01330566, 1794.53930664, 2235.46044922, 1235.75512695, 1267.32287598, 1086.12609863, 1317.88879395, 1553.46630859, 741.017089844, 731.570129395, 842.911376953, 1639.06567383, 1034.25622559, 218.843597412, 318.350158691, 814.260742188, 275.879394531, 714.547424316, 1196.87414551, 759.014831543, 293.233306885, 102.454238892, 29.1760444641, 7.96663284302, 2.30605602264, 0.151855781674, 0.00112061493564, 5.7019195765e-07, 2.98367242024e-09],
        "max": [9.86321735382, 78.7484893799, 271.381317139, 227.940567017, 228.892608643, 195.488128662, 157.481246948, 261.098419189, 438.444915771, 302.795257568, 398.554504395, 393.713226318, 344.749420166, 529.296142578, 319.046051025, 345.794433594, 312.664855957, 328.29196167, 359.417510986, 230.603363037, 234.510818481, 291.799713135, 256.654388428, 560.534545898, 119.537361145, 108.689224243, 217.123260498, 102.590332031, 185.262924194, 179.233840942, 181.993133545, 118.910865784, 78.3053283691, 41.2076301575, 23.9514560699, 16.1743450165, 3.58294844627, 0.27468919754, 0.00590813159943, 0.000461798568722],
        "mean": [1.63174319267, 4.88175582886, 6.64862155914, 5.38865280151, 5.53035259247, 6.89200353622, 10.2279615402, 17.7662639618, 14.2926168442, 10.7792863846, 12.8137645721, 18.5430717468, 17.457950592, 28.741399765, 18.2657089233, 13.3413391113, 19.2958641052, 17.8714027405, 25.401468277, 14.6291189194, 10.7920923233, 17.9505271912, 16.6614742279, 12.9058303833, 6.56385564804, 7.38498020172, 11.5493202209, 7.39551019669, 8.02975177765, 8.83690452576, 7.6085896492, 5.95225477219, 5.15281820297, 3.37264275551, 1.65163004398, 0.670763909817, 0.165113136172, 0.0170326251537, 0.000420656957431, 8.77244092408e-05],
        "median": [0.642136752605, 0.8118750453, 0.263379245996, 0.492217421532, 1.83483231068, 2.26794981956, 4.69185495377, 8.41322994232, 5.9689207077, 4.10183191299, 4.80931138992, 6.31498718262, 5.60678386688, 6.40741157532, 4.65439414978, 2.60288095474, 4.64858675003, 6.09064102173, 8.68071079254, 4.10669565201, 3.43668222427, 5.77573013306, 4.68790769577, 4.42372512817, 2.2620511055, 2.50816893578, 4.04197216034, 2.3853199482, 1.74751150608, 1.09234297276, 1.0060005188, 1.64510464668, 2.15155029297, 1.64416182041, 0.621437430382, 0.204038009048, 0.0550261773169, 0.00695914961398, 0.000190636754269, 7.55555884098e-05],
        "min": [2.14896943961e-22, 5.50058426411e-21, 1.78202524354e-20, 5.66071940289e-20, 5.22515032613e-20, 5.9837095214e-20, 2.32562837346e-19, 1.02630955917e-18, 4.6195777974e-19, 1.34875738324e-18, 1.01339933776e-18, 1.24204684492e-18, 2.64699264263e-18, 1.6516178806e-18, 2.24865926916e-18, 2.51828168495e-18, 2.77345387583e-18, 3.34154187499e-18, 8.49335652644e-18, 9.48491695186e-18, 6.31577254462e-18, 8.09010432345e-18, 7.05075850123e-18, 9.97461449193e-18, 1.28347072651e-17, 1.17413953525e-17, 2.55297880972e-17, 1.99765143636e-17, 3.01727131708e-17, 2.02250804833e-17, 1.41149884659e-17, 1.60490442715e-17, 1.48240278347e-17, 1.21222441958e-17, 9.07253846518e-18, 7.35162973261e-18, 2.89037544182e-18, 1.19891485605e-18, 3.28037962351e-19, 3.76771624795e-20],
        "stdev": [1.82293570042, 11.9783296585, 26.8125190735, 22.9506950378, 18.8953304291, 17.1518688202, 15.2411317825, 26.6034507751, 26.4150848389, 22.3727149963, 29.7042160034, 31.6980686188, 33.7665100098, 56.6137390137, 34.0958251953, 29.8331947327, 35.4044723511, 28.58801651, 39.4995269775, 24.6508674622, 21.8844566345, 31.0067157745, 33.8347167969, 28.5134277344, 13.1224937439, 13.1132192612, 19.8195762634, 13.8835020065, 18.5592498779, 20.3407726288, 16.6973285675, 11.1437511444, 7.70821905136, 4.80929327011, 2.7105345726, 1.29633688927, 0.326498389244, 0.0300551690161, 0.000681882607751, 8.03751609055e-05],
        "var": [3.3230946064, 143.480392456, 718.911132812, 526.734375, 357.033477783, 294.18661499, 232.29208374, 707.743591309, 697.756713867, 500.538391113, 882.340393066, 1004.76751709, 1140.17724609, 3205.11523438, 1162.52526855, 890.01953125, 1253.4765625, 817.274719238, 1560.21276855, 607.665283203, 478.929473877, 961.416381836, 1144.78808594, 813.015563965, 172.19984436, 171.95652771, 392.815582275, 192.75163269, 344.445739746, 413.747039795, 278.800811768, 124.183197021, 59.4166374207, 23.1293010712, 7.34699821472, 1.68048942089, 0.106601200998, 0.000903313164599, 4.64963875402e-07, 6.46016617978e-09]
    },
    "gfcc": {
        "mean": [-2.67884969711, 52.9504737854, -96.8946914673, 21.2848892212, -66.7300796509, 16.3657341003, -48.9681892395, 15.9759111404, -26.5323944092, 11.2981805801, -14.9394483566, 4.80736303329, -3.62096643448],
        "cov": [[5169.21679688, 288.840759277, 61.399810791, 894.278442383, 594.356567383, 792.456359863, 478.484130859, 472.764068604, 291.350799561, 184.035461426, 315.670654297, 156.205200195, 108.654251099], [288.840759277, 2079.32641602, 385.139373779, 412.325500488, 888.47454834, 358.521026611, 566.67175293, 242.313339233, 241.617858887, 22.0596981049, 365.771484375, -58.9132080078, 193.623413086], [61.399810791, 385.139373779, 1233.96484375, 734.621154785, 254.702926636, 363.430755615, 279.507751465, 205.247436523, 384.658966064, 68.5926818848, 147.626831055, 127.289558411, -43.6525688171], [894.278442383, 412.325500488, 734.621154785, 1014.65240479, 514.917114258, 399.6015625, 442.117492676, 335.465087891, 451.718811035, 121.285095215, 244.84916687, 142.827529907, 33.385723114], [594.356567383, 888.47454834, 254.702926636, 514.917114258, 781.147338867, 380.747070312, 458.760650635, 304.531158447, 269.089050293, 97.9603652954, 291.767089844, 50.6374740601, 151.172271729], [792.456359863, 358.521026611, 363.430755615, 399.6015625, 380.747070312, 489.545959473, 347.279205322, 206.250152588, 225.418701172, 93.636100769, 210.848327637, 86.7441864014, 63.5044631958], [478.484130859, 566.67175293, 279.507751465, 442.117492676, 458.760650635, 347.279205322, 489.055541992, 243.543701172, 240.315811157, 97.2140045166, 243.557373047, 91.4530029297, 89.1181716919], [472.764068604, 242.313339233, 205.247436523, 335.465087891, 304.531158447, 206.250152588, 243.543701172, 286.664276123, 232.047836304, 72.0784912109, 153.166351318, 89.7579956055, 89.4954376221], [291.350799561, 241.617858887, 384.658966064, 451.718811035, 269.089050293, 225.418701172, 240.315811157, 232.047836304, 399.339752197, 87.1966018677, 135.150039673, 132.422424316, 38.3103981018], [184.035461426, 22.0596981049, 68.5926818848, 121.285095215, 97.9603652954, 93.636100769, 97.2140045166, 72.0784912109, 87.1966018677, 151.718185425, 96.3452529907, 27.6133136749, 53.218170166], [315.670654297, 365.771484375, 147.626831055, 244.84916687, 291.767089844, 210.848327637, 243.557373047, 153.166351318, 135.150039673, 96.3452529907, 236.080612183, 65.8741378784, 80.0741729736], [156.205200195, -58.9132080078, 127.289558411, 142.827529907, 50.6374740601, 86.7441864014, 91.4530029297, 89.7579956055, 132.422424316, 27.6133136749, 65.8741378784, 155.040802002, 21.6131439209], [108.654251099, 193.623413086, -43.6525688171, 33.385723114, 151.172271729, 63.5044631958, 89.1181716919, 89.4954376221, 38.3103981018, 53.218170166, 80.0741729736, 21.6131439209, 150.415939331]],
        "icov": [[0.000420437863795, -0.000249457225436, 0.000551016652025, -0.000726084923372, 0.000373687391402, -0.00105526496191, 0.000575416022912, -0.000757822592277, 0.000627417408396, -0.000412876281189, 0.000423783640144, -0.000424019963248, 0.000340012193192], [-0.000249457225436, 0.0019168938743, -0.00102082942612, 0.00127051305026, -0.00182698224671, 0.00146578275599, -0.00158411485609, 0.00173981604166, -0.00149210228119, 0.00216391962022, -0.00207450427115, 0.00231096334755, -0.00135814351961], [0.000551016652025, -0.00102082942612, 0.00270506925881, -0.00236727762967, 0.00155233987607, -0.00249441410415, 0.00148676661775, -0.00113152572885, 0.000541059416719, -0.000976681010798, 0.00111540593207, -0.0012607407989, 0.00130697037093], [-0.000726084923372, 0.00127051305026, -0.00236727762967, 0.00504664937034, -0.00232308986597, 0.00243841321208, -0.0023683886975, 0.000962526188232, -0.00288814352825, 0.00106653978582, -0.00153426709585, 0.00165005528834, 0.00015561953478], [0.000373687391402, -0.00182698224671, 0.00155233987607, -0.00232308986597, 0.00630861986428, -0.00244095455855, -4.00631506636e-07, -0.00274613779038, 0.000847874500323, -0.000476717803394, -0.00021832875791, 0.0002261067566, -0.000591198448092], [-0.00105526496191, 0.00146578275599, -0.00249441410415, 0.00243841321208, -0.00244095455855, 0.00806364603341, -0.00392626039684, 0.00227113929577, -0.00209804787301, 0.00139789760578, -0.00292099709623, 0.00163286842871, -0.00100578751881], [0.000575416022912, -0.00158411485609, 0.00148676661775, -0.0023683886975, -4.00631506636e-07, -0.00392626039684, 0.00885710678995, -0.00281941983849, 0.00163105095271, -0.00179554731585, -0.000584686698858, -0.00266133085825, 0.00158208725043], [-0.000757822592277, 0.00173981604166, -0.00113152572885, 0.000962526188232, -0.00274613779038, 0.00227113929577, -0.00281941983849, 0.0128079820424, -0.00526067707688, 0.00277173123322, -0.00288619147614, 0.00121706642676, -0.00466241920367], [0.000627417408396, -0.00149210228119, 0.000541059416719, -0.00288814352825, 0.000847874500323, -0.00209804787301, 0.00163105095271, -0.00526067707688, 0.0095834909007, -0.00382444867864, 0.00346057279967, -0.00529665360227, 0.00229393248446], [-0.000412876281189, 0.00216391962022, -0.000976681010798, 0.00106653978582, -0.000476717803394, 0.00139789760578, -0.00179554731585, 0.00277173123322, -0.00382444867864, 0.0128172021359, -0.00667657610029, 0.00430967984721, -0.00432953145355], [0.000423783640144, -0.00207450427115, 0.00111540593207, -0.00153426709585, -0.00021832875791, -0.00292099709623, -0.000584686698858, -0.00288619147614, 0.00346057279967, -0.00667657610029, 0.0150945698842, -0.00528062693775, 0.000748813094106], [-0.000424019963248, 0.00231096334755, -0.0012607407989, 0.00165005528834, 0.0002261067566, 0.00163286842871, -0.00266133085825, 0.00121706642676, -0.00529665360227, 0.00430967984721, -0.00528062693775, 0.0135347805917, -0.00277401483618], [0.000340012193192, -0.00135814351961, 0.00130697037093, 0.00015561953478, -0.000591198448092, -0.00100578751881, 0.00158208725043, -0.00466241920367, 0.00229393248446, -0.00432953145355, 0.000748813094106, -0.00277401483618, 0.0122987097129]]
    },
    "melbands": {
        "dmean": [0.00308710918762, 0.00322140287608, 0.00106159469578, 0.000421686534537, 0.000231099358643, 0.000256502447883, 0.00016743352171, 9.88961692201e-05, 9.38027515076e-05, 8.1606391177e-05, 6.70356894261e-05, 6.9070563768e-05, 4.62396565126e-05, 3.08257185679e-05, 2.70100990747e-05, 3.1668725569e-05, 2.2101759896e-05, 2.73468522209e-05, 2.1678455596e-05, 1.10019736894e-05, 8.42933059175e-06, 1.12292000267e-05, 1.0878199646e-05, 8.43765610625e-06, 7.30381361791e-06, 3.90514378523e-06, 2.44204034061e-06, 3.806136192e-06, 5.35090384801e-06, 4.21038839704e-06, 3.08518360725e-06, 4.11494056607e-06, 4.57555006506e-06, 5.61741444471e-06, 4.34183903053e-06, 3.96918812839e-06, 3.08806784233e-06, 2.80617064163e-06, 2.16223361349e-06, 1.83439340162e-06],
        "dmean2": [0.00373639212921, 0.00457183178514, 0.0018746185815, 0.000768271333072, 0.000381500314688, 0.000418000505306, 0.000280385866063, 0.000168904094608, 0.000159727947903, 0.000121853765449, 0.000104136030131, 0.000104770770122, 6.7091328674e-05, 4.73583495477e-05, 4.19605930801e-05, 4.72454157716e-05, 3.35534605256e-05, 4.00070130127e-05, 3.37257843057e-05, 1.69040285982e-05, 1.34240117404e-05, 1.68589031091e-05, 1.72383588506e-05, 1.27444745885e-05, 1.09797510959e-05, 5.910173968e-06, 3.78058848582e-06, 6.34096295471e-06, 8.78705486684e-06, 6.41892393105e-06, 5.05072648593e-06, 6.48715240459e-06, 7.37960226616e-06, 9.47367516346e-06, 7.2452439781e-06, 6.69116298013e-06, 5.14760404258e-06, 4.53466554973e-06, 3.45824673786e-06, 2.81741949948e-06],
        "dvar": [5.84474291827e-05, 0.000139190218761, 2.08476831176e-05, 2.75355387203e-06, 2.94045378268e-07, 2.53532675742e-07, 2.0600367634e-07, 7.96141605974e-08, 7.39298542385e-08, 2.80924012941e-08, 2.22365041935e-08, 1.74641883177e-08, 7.20164372581e-09, 4.91135887515e-09, 5.20799137149e-09, 4.37318226076e-09, 2.30749130914e-09, 2.37269404124e-09, 1.75707903782e-09, 6.13728345922e-10, 4.25171092777e-10, 4.74497163783e-10, 7.34432348271e-10, 3.67930713674e-10, 4.3872339095e-10, 1.08278462585e-10, 3.09681551236e-11, 7.93766302687e-11, 1.67263036754e-10, 8.14249223602e-11, 4.74166400588e-11, 9.63564505962e-11, 9.61704951785e-11, 1.77784911792e-10, 9.13162739868e-11, 8.38840177875e-11, 3.7643672901e-11, 2.83249933924e-11, 1.22189871068e-11, 1.05838072681e-11],
        "dvar2": [8.70387011673e-05, 0.00029445454129, 5.69514813833e-05, 8.11872723716e-06, 7.97052507551e-07, 6.83892153575e-07, 5.71030113861e-07, 2.22473673261e-07, 2.00054046218e-07, 6.48111395662e-08, 5.04566415316e-08, 3.94050054808e-08, 1.57910324816e-08, 1.00121910762e-08, 1.09122169079e-08, 8.41641423222e-09, 5.58925394856e-09, 5.20591125763e-09, 4.27589474938e-09, 1.40204381438e-09, 9.61978052771e-10, 1.02294317461e-09, 1.80289039253e-09, 8.46155645551e-10, 9.14647968475e-10, 2.30687607905e-10, 7.02063338021e-11, 2.01496860863e-10, 4.51500420384e-10, 1.75951059278e-10, 1.06373333753e-10, 2.21208010243e-10, 2.36467401216e-10, 4.66312100045e-10, 2.31555732921e-10, 2.22032711661e-10, 9.4138426221e-11, 6.79167277973e-11, 2.83106038612e-11, 2.31496800895e-11],
        "max": [0.0911295190454, 0.107088141143, 0.0356523431838, 0.0134611865506, 0.00603758404031, 0.00570126576349, 0.0066938623786, 0.00338462879881, 0.00288012158126, 0.00271280133165, 0.00189263036009, 0.00208142073825, 0.00131294620223, 0.000848666357342, 0.00129837938584, 0.000924635794945, 0.000715111440513, 0.000708115810994, 0.000411705987062, 0.00027443151339, 0.000281939457636, 0.000407974701375, 0.000252481055213, 0.000233814440435, 0.000568261661101, 0.00012954135309, 5.63424655411e-05, 8.43667294248e-05, 0.000131902314024, 0.000127273844555, 6.03228727414e-05, 0.000100698853203, 9.16547869565e-05, 0.000121886107081, 9.79075412033e-05, 9.88735919236e-05, 6.41645674477e-05, 7.30959582143e-05, 3.21452025673e-05, 4.48832870461e-05],
        "mean": [0.0120336879045, 0.0042457729578, 0.000940099183936, 0.000441635231255, 0.000344531290466, 0.000384322920581, 0.000214771134779, 0.000113917260023, 0.000106961655547, 0.000120849210361, 8.77359270817e-05, 0.000116788731248, 6.96665083524e-05, 3.87373911508e-05, 3.49473448296e-05, 4.85945638502e-05, 3.05484536511e-05, 4.20159412897e-05, 3.08174385282e-05, 1.41922037074e-05, 1.07163741632e-05, 1.90530427062e-05, 1.61827356351e-05, 1.19749192891e-05, 1.07390369521e-05, 5.98289580012e-06, 3.40514907293e-06, 5.30397619514e-06, 7.52905680201e-06, 5.8523082771e-06, 3.81814106731e-06, 4.41070915258e-06, 4.54779683423e-06, 5.09748224431e-06, 4.35561787526e-06, 3.91810272049e-06, 3.65153255188e-06, 3.69378085452e-06, 3.27117481902e-06, 2.72713805316e-06],
        "median": [0.00562336761504, 0.000333089206833, 0.000147225349792, 0.000179844792001, 0.000167161866557, 0.000193983403733, 8.34665333969e-05, 4.56190027762e-05, 3.63486433343e-05, 4.14738606196e-05, 1.95051579794e-05, 2.13319290197e-05, 1.45433778016e-05, 6.46099988444e-06, 4.84137854073e-06, 9.1834608611e-06, 7.38853941584e-06, 1.09444290501e-05, 4.87344414069e-06, 3.14755493491e-06, 2.51305345955e-06, 4.69646693091e-06, 4.25650250691e-06, 2.83026861325e-06, 2.75236106972e-06, 1.62149274274e-06, 9.64388163993e-07, 1.61200819093e-06, 2.56779071606e-06, 1.87860678125e-06, 1.00831152849e-06, 9.20918466818e-07, 6.62295235543e-07, 5.54949451725e-07, 5.15419344538e-07, 6.09222183812e-07, 1.14187673717e-06, 1.42663952829e-06, 1.62277149229e-06, 1.27807481931e-06],
        "min": [4.32244539545e-24, 1.02151610212e-23, 8.60659396054e-24, 4.59363605315e-24, 7.13558767564e-24, 2.15633913596e-23, 7.34437549142e-24, 1.41042413397e-23, 9.1483220991e-24, 6.70106257866e-24, 1.35938751553e-23, 7.38338308546e-24, 5.61085089118e-24, 1.05118957839e-23, 3.20702743269e-24, 7.30985730479e-24, 5.70394002787e-24, 1.46349648686e-23, 1.28241338718e-23, 1.13338636036e-23, 6.04452914598e-24, 9.19606790538e-24, 4.64488676844e-24, 8.57179493943e-24, 7.59583279357e-24, 1.19343808122e-23, 5.3832175828e-24, 8.59297506587e-24, 1.65684881908e-23, 1.19993166865e-23, 1.17862769105e-23, 1.61446979131e-23, 1.62027312544e-23, 1.07098762053e-23, 8.09171785834e-24, 8.5003990832e-24, 1.00960761567e-23, 9.77754437837e-24, 1.17088454794e-23, 9.49957030575e-24],
        "stdev": [0.0144782699645, 0.0133003285155, 0.00368858221918, 0.00125130277593, 0.00052776269149, 0.000541488931049, 0.000402647099691, 0.000244909024332, 0.000242913301918, 0.000209740624996, 0.000184076372534, 0.000227234777412, 0.000127020291984, 8.72617820278e-05, 8.93453761819e-05, 0.000100780620414, 5.72138378629e-05, 7.2055561759e-05, 5.93098084209e-05, 2.98314716929e-05, 2.44560669671e-05, 3.52365859726e-05, 3.32523195539e-05, 2.40930967266e-05, 2.63299061771e-05, 1.28201545522e-05, 6.68345910526e-06, 9.8978762253e-06, 1.33258563437e-05, 1.08428284875e-05, 8.02994054538e-06, 1.06231773316e-05, 1.00229253803e-05, 1.22736864796e-05, 9.48071556195e-06, 8.69564064487e-06, 6.51184882372e-06, 5.92091328144e-06, 4.42305554316e-06, 4.18171157435e-06],
        "var": [0.000209620295209, 0.000176898727659, 1.36056387419e-05, 1.56575868004e-06, 2.78533462961e-07, 2.93210291602e-07, 1.62124678127e-07, 5.99804295121e-08, 5.90068722772e-08, 4.39911289618e-08, 3.38841097403e-08, 5.16356415403e-08, 1.61341553451e-08, 7.61461826926e-09, 7.98259591761e-09, 1.01567332322e-08, 3.27342331019e-09, 5.19200415994e-09, 3.51765327977e-09, 8.89916751401e-10, 5.98099181293e-10, 1.24161692039e-09, 1.10571685141e-09, 5.80477332868e-10, 6.9326394625e-10, 1.64356361854e-10, 4.46686229671e-11, 9.79679601332e-11, 1.77578438065e-10, 1.17566928415e-10, 6.44799422189e-11, 1.12851894496e-10, 1.00459036922e-10, 1.50643386654e-10, 8.98839683239e-11, 7.5614167705e-11, 4.24041739222e-11, 3.50572140762e-11, 1.95634220629e-11, 1.74867117314e-11]
    },
    "melbands128": {
