{
"lowlevel": {
    "average_loudness": 0.957346200943,
    "barkbands_crest": {
        "dmean": 2.85675311089,
        "dmean2": 4.4367017746,
        "dvar": 8.37575340271,
        "dvar2": 16.8052597046,
        "max": 24.8699245453,
        "mean": 12.5452766418,
        "median": 11.7226133347,
        "min": 2.3410089016,
        "stdev": 5.67184114456,
        "var": 32.1697807312
    },
    "barkbands_flatness_db": {
        "dmean": 0.0330826565623,
        "dmean2": 0.0484194010496,
        "dvar": 0.0012933294056,
        "dvar2": 0.0024412535131,
        "max": 0.405643284321,
        "mean": 0.156536146998,
        "median": 0.146588936448,
        "min": 0.0172370038927,
        "stdev": 0.0643523782492,
        "var": 0.00414122873917
    },
    "barkbands_kurtosis": {
        "dmean": 7.27464532852,
        "dmean2": 11.3618860245,
        "dvar": 207.745697021,
        "dvar2": 446.427154541,
        "max": 194.048980713,
        "mean": 8.29174900055,
        "median": 1.66679763794,
        "min": -1.84835135937,
        "stdev": 17.0842151642,
        "var": 291.870391846
    },
    "barkbands_skewness": {
        "dmean": 0.95147383213,
        "dmean2": 1.38558721542,
        "dvar": 1.334821105,
        "dvar2": 2.50325894356,
        "max": 11.8446960449,
        "mean": 1.96124827862,
        "median": 1.45431411266,
        "min": -2.94246554375,
        "stdev": 1.93241214752,
        "var": 3.73421669006
    },
    "barkbands_spread": {
        "dmean": 9.00900554657,
        "dmean2": 14.1621837616,
        "dvar": 136.357299805,
        "dvar2": 309.719421387,
        "max": 110.509414673,
        "mean": 24.1051120758,
        "median": 21.9980735779,
        "min": 0.71925753355,
        "stdev": 16.4668865204,
        "var": 271.158325195
    },
    "dissonance": {
        "dmean": 0.0224858168513,
        "dmean2": 0.0369831733406,
        "dvar": 0.000549884338398,
        "dvar2": 0.00134039239492,
        "max": 0.500000059605,
        "mean": 0.457065790892,
        "median": 0.464804172516,
        "min": 0.177520856261,
        "stdev": 0.0321749150753,
        "var": 0.00103522522841
    },
    "dynamic_complexity": 4.00271844864,
    "erbbands_crest": {
        "dmean": 2.71393966675,
        "dmean2": 4.37011909485,
        "dvar": 6.77831935883,
        "dvar2": 17.0358543396,
        "max": 33.0448226929,
        "mean": 8.67067432404,
        "median": 7.95190477371,
        "min": 2.52787280083,
        "stdev": 3.81434202194,
        "var": 14.54920578
    },
    "erbbands_flatness_db": {
        "dmean": 0.0239329971373,
        "dmean2": 0.0358699634671,
        "dvar": 0.000565562047996,
        "dvar2": 0.00108077644836,
        "max": 0.398920714855,
        "mean": 0.158093690872,
        "median": 0.149739518762,
        "min": 0.0472057275474,
        "stdev": 0.0583244524896,
        "var": 0.00340174185112
    },
    "erbbands_kurtosis": {
        "dmean": 1.05725288391,
        "dmean2": 1.63893818855,
        "dvar": 2.41004014015,
        "dvar2": 5.05335378647,
        "max": 30.9030799866,
        "mean": 0.315613955259,
        "median": -0.262905359268,
        "min": -1.66213583946,
        "stdev": 2.23919343948,
        "var": 5.01398706436
    },
    "erbbands_skewness": {
        "dmean": 0.451837182045,
        "dmean2": 0.670898079872,
        "dvar": 0.215351939201,
        "dvar2": 0.456878304482,
        "max": 3.08845639229,
        "mean": 0.0884074494243,
        "median": 0.064487978816,
        "min": -2.8042576313,
        "stdev": 0.835539400578,
        "var": 0.698126137257
    },
    "erbbands_spread": {
        "dmean": 11.4159145355,
        "dmean2": 17.7629508972,
        "dvar": 158.655075073,
        "dvar2": 349.225952148,
        "max": 122.529785156,
        "mean": 42.7613105774,
        "median": 39.6773452759,
        "min": 2.43851494789,
        "stdev": 20.119550705,
        "var": 404.796356201
    },
    "hfc": {
        "dmean": 11.8900766373,
        "dmean2": 17.3642578125,
        "dvar": 552.760498047,
        "dvar2": 1303.26098633,
        "max": 226.287918091,
        "mean": 20.6023197174,
        "median": 14.244020462,
        "min": 1.15945774113e-16,
        "stdev": 26.3677196503,
        "var": 695.256591797
    },
    "loudness_ebu128": {
        "integrated": -10.5174751282,
        "loudness_range": 2.41567611694,
        "momentary": {
            "dmean": 1.07124495506,
            "dmean2": 1.35232794285,
            "dvar": 2.23235821724,
            "dvar2": 4.04128503799,
            "max": -7.35162067413,
            "mean": -11.5214481354,
            "median": -10.6583576202,
            "min": -41.797492981,
            "stdev": 4.07942438126,
            "var": 16.6417045593
        },
        "short_term": {
            "dmean": 0.135351315141,
            "dmean2": 0.178148284554,
            "dvar": 0.0196842961013,
            "dvar2": 0.0286648906767,
            "max": -9.67219924927,
            "mean": -10.8119707108,
            "median": -10.5075359344,
            "min": -15.9394817352,
            "stdev": 1.1852209568,
            "var": 1.40474867821
        }
    },
    "melbands_crest": {
        "dmean": 3.5842051506,
        "dmean2": 5.49556779861,
        "dvar": 12.2363557816,
        "dvar2": 25.1493988037,
        "max": 35.6709365845,
        "mean": 19.3284797668,
        "median": 19.2861404419,
        "min": 2.27702903748,
        "stdev": 8.43334293365,
        "var": 71.1212692261
    },
    "melbands_flatness_db": {
        "dmean": 0.0393744856119,
        "dmean2": 0.0563715584576,
        "dvar": 0.00202547782101,
        "dvar2": 0.0036769809667,
        "max": 0.51542288065,
        "mean": 0.217409566045,
        "median": 0.208638578653,
        "min": 0.00532987201586,
        "stdev": 0.0869130566716,
        "var": 0.00755387963727
    },
    "melbands_kurtosis": {
        "dmean": 19.0111885071,
        "dmean2": 28.859577179,
        "dvar": 1403.63549805,
        "dvar2": 2914.9074707,
        "max": 403.036376953,
        "mean": 26.0269985199,
        "median": 8.73558712006,
        "min": -1.78357434273,
        "stdev": 45.7285499573,
        "var": 2091.1003418
    },
    "melbands_skewness": {
        "dmean": 1.24845552444,
        "dmean2": 1.81496715546,
        "dvar": 2.51380348206,
        "dvar2": 4.4946064949,
        "max": 16.624546051,
        "mean": 3.42343759537,
        "median": 2.54980254173,
        "min": -1.34032511711,
        "stdev": 2.73074555397,
        "var": 7.45697164536
    },
    "melbands_spread": {
        "dmean": 11.780081749,
        "dmean2": 17.5276165009,
        "dvar": 367.380645752,
        "dvar2": 731.722900391,
        "max": 232.65788269,
        "mean": 26.8887786865,
        "median": 20.7149963379,
        "min": 0.518198490143,
        "stdev": 27.0258216858,
        "var": 730.395080566
    },
    "pitch_salience": {
        "dmean": 0.0827837958932,
        "dmean2": 0.131035655737,
        "dvar": 0.00730997696519,
        "dvar2": 0.0154032586142,
        "max": 0.957056581974,
        "mean": 0.486534446478,
        "median": 0.484089851379,
        "min": 0.109637863934,
        "stdev": 0.176813527942,
        "var": 0.0312630236149
    },
    "silence_rate_20dB": {
        "dmean": 0,
        "dmean2": 0,
        "dvar": 0,
        "dvar2": 0,
        "max": 1,
        "mean": 1,
        "median": 1,
        "min": 1,
        "stdev": 0,
        "var": 0
    },
    "silence_rate_30dB": {
        "dmean": 0.0386996902525,
        "dmean2": 0.0774593353271,
        "dvar": 0.0372024029493,
        "dvar2": 0.0761060938239,
        "max": 1,
        "mean": 0.928074240685,
        "median": 1,
        "min": 0,
        "stdev": 0.258364021778,
        "var": 0.0667519643903
    },
    "silence_rate_60dB": {
        "dmean": 0.0704334378242,
        "dmean2": 0.140975981951,
        "dvar": 0.0654715895653,
        "dvar2": 0.138141036034,
        "max": 1,
        "mean": 0.151585459709,
        "median": 0,
        "min": 0,
        "stdev": 0.358620047569,
        "var": 0.128608331084
    },
    "spectral_centroid": {
        "dmean": 444.740814209,
        "dmean2": 660.171630859,
        "dvar": 274729,
        "dvar2": 471585.75,
        "max": 11653.4033203,
        "mean": 1725.62060547,
        "median": 1699.55761719,
        "min": 219.388946533,
        "stdev": 830.336853027,
        "var": 689459.25
    },
    "spectral_complexity": {
        "dmean": 4.80185747147,
        "dmean2": 6.49651432037,
        "dvar": 34.0458908081,
        "dvar2": 50.8370399475,
        "max": 59,
        "mean": 14.6597061157,
        "median": 14,
        "min": 0,
        "stdev": 10.1573190689,
        "var": 103.171127319
    },
    "spectral_decrease": {
        "dmean": 3.59048168974e-09,
        "dmean2": 5.78505243709e-09,
        "dvar": 6.55671197636e-17,
        "dvar2": 1.66133693847e-16,
        "max": -1.07626646786e-28,
        "mean": -7.95574361945e-09,
        "median": -5.61059065873e-09,
        "min": -6.98323177062e-08,
        "stdev": 1.05375219661e-08,
        "var": 1.11039362235e-16
    },
    "spectral_energy": {
        "dmean": 0.0144392875955,
        "dmean2": 0.02310901694,
        "dvar": 0.000979980803095,
        "dvar2": 0.00247742491774,
        "max": 0.268758833408,
        "mean": 0.0318954847753,
        "median": 0.0233430489898,
        "min": 1.09228400172e-20,
        "stdev": 0.04076314345,
        "var": 0.00166163383983
    },
    "spectral_energyband_high": {
        "dmean": 0.000804328767117,
        "dmean2": 0.00117706914898,
        "dvar": 4.46972808277e-06,
        "dvar2": 1.04061791717e-05,
        "max": 0.0212466008961,
        "mean": 0.00106638320722,
        "median": 0.000491834653076,
        "min": 7.78627776315e-21,
        "stdev": 0.00222055613995,
        "var": 4.93086918141e-06
    },
    "spectral_energyband_low": {
        "dmean": 0.00952115561813,
        "dmean2": 0.0157312639058,
        "dvar": 0.00073184206849,
        "dvar2": 0.00185047707055,
        "max": 0.235602900386,
        "mean": 0.0195873677731,
        "median": 0.00431037740782,
        "min": 5.45288299375e-23,
        "stdev": 0.0348178111017,
        "var": 0.00121227989439
    },
    "spectral_energyband_middle_high": {
        "dmean": 0.0028156330809,
        "dmean2": 0.00409674737602,
        "dvar": 2.68945550488e-05,
        "dvar2": 6.33633535472e-05,
        "max": 0.0570716783404,
        "mean": 0.00476682465523,
        "median": 0.00222550565377,
        "min": 1.88435035298e-21,
        "stdev": 0.00652642920613,
        "var": 4.25942780566e-05
    },
    "spectral_energyband_middle_low": {
        "dmean": 0.00553913321346,
        "dmean2": 0.00976679846644,
        "dvar": 0.000310126080876,
        "dvar2": 0.000905629363842,
        "max": 0.158099681139,
        "mean": 0.00717484951019,
        "median": 0.00491910474375,
        "min": 3.45842527839e-22,
        "stdev": 0.0137276956812,
        "var": 0.000188449630514
    },
    "spectral_entropy": {
        "dmean": 0.265383571386,
        "dmean2": 0.393114358187,
        "dvar": 0.0774584710598,
        "dvar2": 0.164385735989,
        "max": 9.79909420013,
        "mean": 7.55451822281,
        "median": 7.51233673096,
        "min": 5.84098577499,
        "stdev": 0.482248067856,
        "var": 0.232563197613
    },
    "spectral_flux": {
        "dmean": 0.0367453172803,
        "dmean2": 0.0567311197519,
        "dvar": 0.00294845132157,
        "dvar2": 0.00520275719464,
        "max": 0.486112356186,
        "mean": 0.0853122621775,
        "median": 0.0678042992949,
        "min": 1.04512391796e-10,
        "stdev": 0.0767717808485,
        "var": 0.00589390657842
    },
    "spectral_kurtosis": {
        "dmean": 2.09418296814,
        "dmean2": 3.43515539169,
        "dvar": 8.21807765961,
        "dvar2": 21.8210086823,
        "max": 37.6902427673,
        "mean": 4.59239435196,
        "median": 3.78458309174,
        "min": -1.17575538158,
        "stdev": 3.89859032631,
        "var": 15.1990060806
    },
    "spectral_rms": {
        "dmean": 0.00107169698458,
        "dmean2": 0.00155920686666,
        "dvar": 2.70235022981e-06,
        "dvar2": 5.7096490309e-06,
        "max": 0.0161927063018,
        "mean": 0.00472168298438,
        "median": 0.0047721802257,
        "min": 3.26441868329e-12,
        "stdev": 0.00297039817087,
        "var": 8.8232654889e-06
    },
    "spectral_rolloff": {
        "dmean": 896.029724121,
        "dmean2": 1478.78515625,
        "dvar": 2699401.5,
        "dvar2": 5705913,
        "max": 18130.9570312,
        "mean": 1831.88745117,
        "median": 1205.859375,
        "min": 64.599609375,
        "stdev": 2196.99536133,
        "var": 4826788.5
    },
    "spectral_skewness": {
        "dmean": 0.298716634512,
        "dmean2": 0.474730819464,
        "dvar": 0.0962861403823,
        "dvar2": 0.238090440631,
        "max": 4.21599292755,
        "mean": 1.48302268982,
        "median": 1.44117021561,
        "min": -0.0461606122553,
        "stdev": 0.4739125669,
        "var": 0.224593132734
    },
    "spectral_spread": {
        "dmean": 990167.75,
        "dmean2": 1445528.25,
        "dvar": 2.14314398515e+12,
        "dvar2": 3.1472966697e+12,
        "max": 39715736,
        "mean": 4996222.5,
        "median": 4659128.5,
        "min": 1239391.875,
        "stdev": 2269454,
        "var": 5.1504218112e+12
    },
    "spectral_strongpeak": {
        "dmean": 0.346768379211,
        "dmean2": 0.549481213093,
        "dvar": 0.539802074432,
        "dvar2": 1.3116850853,
        "max": 9.3155374527,
        "mean": 0.665538907051,
        "median": 0.388725250959,
        "min": 0,
        "stdev": 0.849943220615,
        "var": 0.722403466702
    },
    "zerocrossingrate": {
        "dmean": 0.0185225643218,
        "dmean2": 0.0206988137215,
        "dvar": 0.000756631721742,
        "dvar2": 0.000873126147781,
        "max": 0.4833984375,
        "mean": 0.0651770532131,
        "median": 0.05126953125,
        "min": 0.001953125,
        "stdev": 0.053689237684,
        "var": 0.00288253440522
    },
    "barkbands": {
        "dmean": [0.000651703216136, 0.00669058132917, 0.00284025305882, 0.00226367544383, 0.00166821060702, 0.000654554227367, 0.000934902986046, 0.000585590838455, 0.000657584110741, 0.000265184615273, 0.000294686469715, 0.000590157113038, 0.000515393854585, 0.00031690360629, 0.000449884566478, 0.000225599098485, 0.000257189851254, 0.000188409205293, 0.000385706138331, 0.00044360110769, 0.000220307643758, 0.000207472214242, 0.000118483818369, 9.17982688406e-05, 9.42755796132e-05, 6.68263310217e-05, 8.50719152368e-06],
        "dmean2": [0.00104923173785, 0.0104370778427, 0.00517854187638, 0.00434551248327, 0.00301525136456, 0.00109410472214, 0.00150019023567, 0.000952718313783, 0.00100029364694, 0.000379375909688, 0.000438110932009, 0.000922491075471, 0.000778384099249, 0.000507086457219, 0.000722136523109, 0.000363019382348, 0.000407772837207, 0.000286637514364, 0.000570811564103, 0.000693600042723, 0.00035320900497, 0.000318612554111, 0.000173280510353, 0.00013765975018, 0.000138834555401, 9.97098686639e-05, 1.37891647682e-05],
        "dvar": [2.57163537754e-06, 0.000333430070896, 0.000200877693715, 0.000128652070998, 3.6465946323e-05, 1.95833240468e-06, 2.97639257951e-06, 1.51362519318e-06, 1.64065613717e-06, 2.8039195854e-07, 7.42549048027e-07, 1.90982382264e-06, 1.28214276174e-06, 5.21157062394e-07, 1.58608906986e-06, 2.37975214645e-07, 2.86126777382e-07, 1.27561278873e-07, 4.64300853764e-07, 7.72560895257e-07, 5.5475067029e-07, 5.51323864784e-07, 7.52545119553e-08, 1.90529938493e-08, 2.64906514502e-08, 1.44748630859e-08, 3.80296377722e-10],
        "dvar2": [7.43282771509e-06, 0.000713855493814, 0.000580971653108, 0.000378919387003, 0.000106663435872, 4.78457423014e-06, 6.77724210618e-06, 3.46426486431e-06, 3.69487179341e-06, 5.03111266426e-07, 1.44733746765e-06, 4.45366868007e-06, 2.68772146228e-06, 1.25309304622e-06, 4.04031698054e-06, 5.96624261107e-07, 6.98031101365e-07, 3.04327954836e-07, 9.89836166809e-07, 1.8777287778e-06, 1.42336898534e-06, 1.38288737617e-06, 1.6077001419e-07, 3.43347608123e-08, 4.7382506807e-08, 2.88773627233e-08, 9.08079667017e-10],
        "max": [0.015917815268, 0.18063634634, 0.130115658045, 0.0980233028531, 0.0683774799109, 0.0131071768701, 0.0207719691098, 0.0139497350901, 0.0180669222027, 0.0111748287454, 0.0130754224956, 0.0168588459492, 0.0159307979047, 0.00614798953757, 0.011414963752, 0.00539968162775, 0.00470982864499, 0.00310936174355, 0.00834809150547, 0.00957555882633, 0.00753890257329, 0.00785935390741, 0.00281901471317, 0.00155040167738, 0.00150880357251, 0.000975883507635, 0.000138819188578],
        "mean": [0.00138580799103, 0.0152896651998, 0.00223986641504, 0.00149708567187, 0.00177248509135, 0.000827604206279, 0.00130887737032, 0.000700335833244, 0.00101771077607, 0.000457949267002, 0.000340803118888, 0.000789767887909, 0.000673653383274, 0.00033333626925, 0.000466863595648, 0.000272243894869, 0.000327151996316, 0.000240524270339, 0.000476612069178, 0.000521262525581, 0.000237740110606, 0.00022386474302, 0.000148866136442, 0.000140452364576, 0.000122086537885, 7.60365292081e-05, 6.85138275003e-06],
        "median": [0.00036460586125, 0.00227821641602, 0.000190777878743, 0.000209668607567, 0.000838719832245, 0.000313509430271, 0.000315578276059, 0.000148794497363, 0.000225618161494, 0.000153342276462, 2.83695608232e-05, 0.000117635943752, 7.47509257053e-05, 8.40874999994e-05, 6.96837669238e-05, 7.11219981895e-05, 9.65691797319e-05, 9.43484628806e-05, 0.000130577842356, 0.000107539337478, 6.67101194267e-05, 4.76266686746e-05, 4.21317490691e-05, 6.13066586084e-05, 3.55986194336e-05, 1.93022951862e-05, 1.71943995042e-07],
        "min": [1.12446702565e-23, 1.18589893755e-23, 1.41776906008e-23, 5.08460895994e-23, 6.27993297094e-23, 4.28458945945e-23, 3.80789785382e-23, 8.78098365433e-23, 5.68742838027e-23, 7.85136661333e-23, 1.67543365626e-22, 6.1055827202e-23, 9.84369415181e-23, 1.25766996025e-22, 1.6578137853e-22, 1.18098005849e-22, 2.11277473423e-22, 3.74225566504e-22, 2.69626826145e-22, 3.04863488354e-22, 4.87279507373e-22, 5.15844350077e-22, 6.37236689554e-22, 9.74148756588e-22, 1.2521914033e-21, 1.73771724133e-21, 2.27463258368e-21],
        "stdev": [0.00206686020829, 0.0261567048728, 0.0111107071862, 0.0082565061748, 0.00465863803402, 0.00144989788532, 0.00237771985121, 0.00149773468729, 0.00188426719978, 0.000978204421699, 0.00106856424827, 0.00183468323667, 0.0014712556731, 0.000737875758205, 0.00124819658231, 0.000547750969417, 0.000573529920075, 0.000392025947804, 0.000811484467704, 0.00096729589859, 0.000695234863088, 0.000706094549969, 0.000314158009132, 0.000200129739824, 0.000217699387576, 0.000138815623359, 1.83931824722e-05],
        "var": [4.27191116614e-06, 0.000684173253831, 0.000123447811347, 6.81698948028e-05, 2.17029082705e-05, 2.10220377994e-06, 5.65355185245e-06, 2.24320933739e-06, 3.55046267941e-06, 9.56883923209e-07, 1.14182944344e-06, 3.36606240126e-06, 2.16459329749e-06, 5.44460647234e-07, 1.55799477852e-06, 3.00031103961e-07, 3.28936550886e-07, 1.53684339921e-07, 6.58507076423e-07, 9.35661375934e-07, 4.83351527691e-07, 4.98569534102e-07, 9.86952528592e-08, 4.00519120092e-08, 4.73930228395e-08, 1.92697768853e-08, 3.38309158465e-10]
    },
    "erbbands": {
        "dmean": [0.303874254227, 1.2178992033, 2.90533208847, 5.953373909, 7.34476423264, 4.73762702942, 3.0066318512, 6.86910438538, 13.9926376343, 10.5678110123, 14.3953504562, 13.3356437683, 8.92870140076, 8.88167762756, 14.8068475723, 23.9668140411, 22.8087120056, 16.0163497925, 18.5169620514, 21.9112205505, 12.3230848312, 14.9676551819, 10.1148109436, 11.6536436081, 28.3307552338, 17.8734207153, 9.73443031311, 7.39383220673, 7.9267783165, 5.15347909927, 3.03313922882, 1.9384239912, 1.6733455658, 1.08822989464, 0.653172791004, 0.333797127008, 0.118483364582, 0.0287276431918, 0.000774553860538, 3.32099698426e-05],
        "dmean2": [0.460290133953, 1.92999088764, 5.19239091873, 11.2917222977, 13.602560997, 8.51117324829, 5.28084039688, 11.283577919, 22.5011119843, 16.7500400543, 22.7897090912, 20.8279838562, 12.636264801, 12.9644794464, 21.0979003906, 37.970790863, 34.349521637, 25.3924732208, 30.0972652435, 34.6644935608, 19.9153633118, 23.7241649628, 15.4255905151, 17.0832271576, 41.7777709961, 27.9507465363, 15.4130277634, 11.7813014984, 12.3853311539, 7.48522996902, 4.45846271515, 2.97852802277, 2.47463703156, 1.62711977959, 0.954551815987, 0.491082251072, 0.176887586713, 0.0450620688498, 0.00121249561198, 5.04055278725e-05],
        "dvar": [0.559971690178, 15.9486942291, 179.225494385, 952.371520996, 844.466430664, 286.074035645, 98.7763824463, 201.760955811, 652.78918457, 862.044006348, 762.145141602, 887.092285156, 375.130615234, 341.293060303, 1510.2722168, 3415.87182617, 2564.22753906, 1368.89733887, 2214.97338867, 4451.69677734, 687.855773926, 957.713439941, 323.208709717, 522.739562988, 2477.71630859, 1391.68359375, 774.124450684, 815.000671387, 876.322387695, 184.800765991, 47.1366119385, 11.3622627258, 6.18779993057, 3.93128585815, 1.15892219543, 0.317467093468, 0.0492831170559, 0.00373139581643, 2.83997178485e-06, 3.55694940168e-09],
        "dvar2": [1.28794515133, 36.6086807251, 509.749816895, 2789.59814453, 2458.63183594, 829.977355957, 268.405975342, 477.707977295, 1580.82409668, 1701.58056641, 1708.6229248, 2095.97607422, 842.606628418, 726.711242676, 2895.95678711, 8368.80859375, 5493.05371094, 3239.4465332, 5733.45996094, 11674.5449219, 1748.14770508, 2373.39648438, 779.310302734, 1147.20715332, 5332.28027344, 3503.56787109, 1930.65881348, 2122.70654297, 2255.57446289, 410.296478271, 99.8489151001, 21.9360046387, 11.5412483215, 7.11950302124, 2.12474107742, 0.608887016773, 0.107255756855, 0.00856445077807, 6.45627278573e-06, 8.14712208808e-09],
        "max": [7.14133644104, 41.2840499878, 120.733657837, 270.665588379, 265.093444824, 173.365188599, 100.463638306, 153.439117432, 259.04296875, 585.866882324, 268.349822998, 469.067352295, 398.354644775, 331.055480957, 546.668212891, 851.157531738, 794.704956055, 334.791351318, 396.366363525, 648.134094238, 235.573562622, 271.565307617, 176.708908081, 186.999176025, 534.515625, 305.301147461, 289.886810303, 284.304168701, 308.325592041, 131.459381104, 72.1505737305, 38.8209075928, 40.182598114, 18.5621585846, 9.26274681091, 4.15664672852, 1.90707278252, 0.393904358149, 0.0127540118992, 0.000419211399276],
        "mean": [0.7181828022, 2.33114171028, 2.5760602951, 4.09557437897, 6.62239789963, 4.84267091751, 3.59387350082, 9.15837574005, 19.3870067596, 15.0992240906, 19.0866260529, 19.3281612396, 14.7286062241, 15.7723436356, 20.0595664978, 31.9636230469, 31.3374633789, 17.6727542877, 21.060634613, 22.7408561707, 15.8213806152, 19.3421955109, 13.7555332184, 14.8831796646, 35.5745353699, 21.3463363647, 11.3894367218, 7.55778503418, 8.19724941254, 6.38195991516, 3.82448649406, 2.72700881958, 2.49242568016, 1.41880977154, 0.834263086319, 0.399462163448, 0.127523228526, 0.0255308933556, 0.000703891448211, 5.64060756005e-05],
        "median": [0.104722231627, 0.345165759325, 0.281666904688, 0.6094648242, 2.6031024456, 1.68263530731, 1.33331406116, 3.70108699799, 6.62595319748, 3.93284869194, 5.08237743378, 4.13822078705, 4.2643995285, 5.1091003418, 3.17569756508, 4.22933292389, 3.43257904053, 4.78496980667, 4.71644163132, 2.98914909363, 5.18975019455, 6.78547525406, 5.81752300262, 5.14776039124, 9.32022762299, 5.2054681778, 3.73078489304, 1.45877945423, 1.62401211262, 1.70946979523, 1.04904127121, 0.872548937798, 1.01197934151, 0.382411748171, 0.24185436964, 0.109564267099, 0.0265195053071, 0.00251322612166, 8.23256123113e-05, 3.4071123082e-05],
        "min": [3.23327049209e-22, 2.59321021061e-21, 1.15493695545e-20, 1.1057030523e-19, 2.50904352507e-19, 1.12574680176e-19, 2.40688284202e-19, 4.08239791882e-19, 5.31910272795e-19, 6.40119093698e-19, 2.4344159106e-18, 1.62498742117e-18, 1.27545181018e-18, 3.5445752175e-18, 7.39643148895e-18, 2.77662487271e-18, 4.03895501343e-18, 7.76705720703e-18, 5.75352133865e-18, 7.71076177608e-18, 9.29636774867e-18, 1.19402272379e-17, 2.38917487999e-17, 1.29070863959e-17, 1.65697776282e-17, 1.29234662264e-17, 1.83306747531e-17, 1.68704280024e-17, 2.21474366463e-17, 1.46761792263e-17, 1.74407938501e-17, 2.09356914952e-17, 1.70787749463e-17, 1.24850307232e-17, 9.13190356338e-18, 5.75559177173e-18, 3.48230754253e-18, 1.24651031151e-18, 3.4909955756e-19, 3.14930148172e-20],
        "stdev": [1.10178947449, 4.98595380783, 10.9584884644, 22.9003105164, 22.0508270264, 13.437379837, 8.85092449188, 15.4219999313, 32.1078872681, 44.2286529541, 33.599899292, 39.8024024963, 30.7313575745, 33.0383872986, 50.7632331848, 72.9069824219, 67.3335952759, 37.6049995422, 46.8527793884, 64.083366394, 28.9897766113, 32.540184021, 20.2189159393, 26.1310749054, 59.7850837708, 39.6681976318, 26.9356479645, 26.4636974335, 27.4823703766, 14.8855009079, 7.99068498611, 4.52196264267, 3.58846092224, 2.65809488297, 1.40783023834, 0.679913043976, 0.243906229734, 0.0606825947762, 0.00168005737942, 7.13549452485e-05],
        "var": [1.21394002438, 24.8597373962, 120.088478088, 524.424255371, 486.238983154, 180.563171387, 78.3388595581, 237.838088989, 1030.91638184, 1956.17382812, 1128.95324707, 1584.23120117, 944.416381836, 1091.53491211, 2576.90600586, 5315.42822266, 4533.81347656, 1414.1361084, 2195.18286133, 4106.67822266, 840.407104492, 1058.86364746, 408.804534912, 682.833068848, 3574.25634766, 1573.5657959, 725.529174805, 700.327270508, 755.280700684, 221.578140259, 63.8510475159, 20.4481468201, 12.8770513535, 7.06546831131, 1.98198592663, 0.462281733751, 0.0594902522862, 0.00368237728253, 2.82259270534e-06, 5.09152808803e-09]
    },
    "gfcc": {
        "mean": [-34.9224319458, 75.4636993408, -117.271339417, 31.7956905365, -56.846950531, 10.6390619278, -35.150680542, 14.2743768692, -26.1576061249, 6.59859037399, -11.5535488129, 0.0357704684138, -12.1620101929],
        "cov": [[14530.6005859, -3249.01342773, 1852.66015625, 794.608337402, -424.389526367, 843.027954102, -443.554321289, 1147.5814209, -50.7523994446, 1164.70922852, 11.5548820496, 561.973876953, -450.484466553], [-3249.01342773, 2521.82177734, -457.49307251, 28.1879634857, 636.246154785, -98.9457550049, 516.35345459, -183.462020874, 363.068267822, -273.897003174, 260.540496826, -111.951911926, 350.676635742], [1852.66015625, -457.49307251, 1739.39379883, 544.790222168, 199.05708313, 399.319335938, -72.4728775024, 312.533416748, 74.894744873, 280.299713135, 6.02394914627, 222.35508728, -14.6045694351], [794.608337402, 28.1879634857, 544.790222168, 606.317687988, 222.539093018, 103.394805908, -56.2440490723, 133.199203491, 231.924438477, 150.003234863, 69.5334243774, 77.7094039917, 118.920822144], [-424.389526367, 636.246154785, 199.05708313, 222.539093018, 523.670410156, 142.380828857, 183.995407104, 107.163146973, 265.421813965, 80.2411346436, 106.119544983, 34.4558753967, 154.459640503], [843.027954102, -98.9457550049, 399.319335938, 103.394805908, 142.380828857, 500.923187256, 292.372039795, 179.381225586, 90.443901062, 101.364372253, 37.9368858337, 94.9500808716, 73.1819610596], [-443.554321289, 516.35345459, -72.4728775024, -56.2440490723, 183.995407104, 292.372039795, 597.571838379, 89.4443893433, 89.8166809082, -45.883769989, 91.7141342163, 36.9727172852, 112.299003601], [1147.5814209, -183.462020874, 312.533416748, 133.199203491, 107.163146973, 179.381225586, 89.4443893433, 309.469512939, 55.414390564, 148.646347046, 59.757396698, 65.9531784058, 16.8578453064], [-50.7523994446, 363.068267822, 74.894744873, 231.924438477, 265.421813965, 90.443901062, 89.8166809082, 55.414390564, 353.053222656, 80.572013855, 64.6343154907, 38.1157073975, 136.171295166], [1164.70922852, -273.897003174, 280.299713135, 150.003234863, 80.2411346436, 101.364372253, -45.883769989, 148.646347046, 80.572013855, 243.573410034, 33.7313156128, 69.5615692139, -21.9666976929], [11.5548820496, 260.540496826, 6.02394914627, 69.5334243774, 106.119544983, 37.9368858337, 91.7141342163, 59.757396698, 64.6343154907, 33.7313156128, 149.038864136, 16.5530967712, 44.6980819702], [561.973876953, -111.951911926, 222.35508728, 77.7094039917, 34.4558753967, 94.9500808716, 36.9727172852, 65.9531784058, 38.1157073975, 69.5615692139, 16.5530967712, 145.496643066, 19.3056030273], [-450.484466553, 350.676635742, -14.6045694351, 118.920822144, 154.459640503, 73.1819610596, 112.299003601, 16.8578453064, 136.171295166, -21.9666976929, 44.6980819702, 19.3056030273, 185.456192017]],
        "icov": [[0.000197746121557, -1.89735601452e-05, 0.000110212691652, -0.000236781765125, 0.000300594751025, -0.000295189034659, 0.00016458533355, -0.000466067867819, 3.51218295691e-05, -0.000487622019136, 8.05204617791e-05, -0.000370572059182, 0.000421182456193], [-1.89735601452e-05, 0.00165207486134, -0.00035613545333, 0.000559049425647, -0.0014562366996, 0.00121457350906, -0.00106229120865, 0.00102790747769, -0.000642861763481, 0.00126162101515, -0.00188286253251, 0.000897156365681, -0.0012912544189], [0.000110212691652, -0.00035613545333, 0.0015676736366, -0.00142398476601, -8.55664620758e-05, -0.00141773663927, 0.00081447645789, -0.000868758477736, 0.000872514792718, -0.000402221572585, 0.00093524431577, -0.00153646338731, 0.00144042482134], [-0.000236781765125, 0.000559049425647, -0.00142398476601, 0.00437663402408, -0.000677790027112, 0.0012454247335, 0.000108890875708, 0.000678920419887, -0.00189379393123, 0.000280635023955, -0.00161140551791, 0.00112718355376, -0.0029106377624], [0.000300594751025, -0.0014562366996, -8.55664620758e-05, -0.000677790027112, 0.0056800856255, -0.00106110051274, 0.000348958477844, -0.00172343140002, -0.00142827245872, -0.0023804709781, 0.000685342180077, -0.000338703335728, 0.000181790950592], [-0.000295189034659, 0.00121457350906, -0.00141773663927, 0.0012454247335, -0.00106110051274, 0.00595638109371, -0.00330658745952, 0.000627424858976, -0.000788077304605, 0.000317586527672, -0.000605955254287, 0.000989442924038, -0.00278606452048], [0.00016458533355, -0.00106229120865, 0.00081447645789, 0.000108890875708, 0.000348958477844, -0.00330658745952, 0.00453003589064, -0.00164660229348, 0.000282474095002, 0.000573549827095, -0.000116963528853, -0.00153612100985, 0.000872171600349], [-0.000466067867819, 0.00102790747769, -0.000868758477736, 0.000678920419887, -0.00172343140002, 0.000627424858976, -0.00164660229348, 0.00755786290392, 0.000246672076173, -0.000993330380879, -0.00245731160976, 0.00149508251343, -0.0019438250456], [3.51218295691e-05, -0.000642861763481, 0.000872514792718, -0.00189379393123, -0.00142827245872, -0.000788077304605, 0.000282474095002, 0.000246672076173, 0.0067092445679, -0.00227462197654, 0.00105725915637, -0.000878948252648, -0.00146797474008], [-0.000487622019136, 0.00126162101515, -0.000402221572585, 0.000280635023955, -0.0023804709781, 0.000317586527672, 0.000573549827095, -0.000993330380879, -0.00227462197654, 0.0108897006139, -0.00247007794678, -0.000539206783287, 0.00143005768768], [8.05204617791e-05, -0.00188286253251, 0.00093524431577, -0.00161140551791, 0.000685342180077, -0.000605955254287, -0.000116963528853, -0.00245731160976, 0.00105725915637, -0.00247007794678, 0.0113458149135, -0.00149473361671, 0.00117751536891], [-0.000370572059182, 0.000897156365681, -0.00153646338731, 0.00112718355376, -0.000338703335728, 0.000989442924038, -0.00153612100985, 0.00149508251343, -0.000878948252648, -0.000539206783287, -0.00149473361671, 0.0109375556931, -0.00295124971308], [0.000421182456193, -0.0012912544189, 0.00144042482134, -0.0029106377624, 0.000181790950592, -0.00278606452048, 0.000872171600349, -0.0019438250456, -0.00146797474008, 0.00143005768768, 0.00117751536891, -0.00295124971308, 0.0127038564533]]
    },
    "melbands": {
        "dmean": [0.00215769768693, 0.00144722464029, 0.0010575063061, 0.000426434911788, 0.000118896103231, 0.000154248846229, 0.000200707174372, 0.000115543720312, 0.000124837024487, 8.03964721854e-05, 4.61379931949e-05, 3.73800467059e-05, 4.37583403254e-05, 5.8693360188e-05, 8.11058926047e-05, 4.06832223234e-05, 2.88687278953e-05, 3.0447705285e-05, 3.42361090588e-05, 2.09927857213e-05, 1.39883341035e-05, 1.67711350514e-05, 1.24335774672e-05, 7.98302789917e-06, 9.0734602054e-06, 1.85306435014e-05, 2.39238506765e-05, 9.04473381524e-06, 6.23488904239e-06, 5.55933593205e-06, 4.12905501435e-06, 4.87177248942e-06, 3.45542434843e-06, 2.75617708212e-06, 1.8089635887e-06, 1.41350244576e-06, 1.19621802241e-06, 1.34831248033e-06, 9.28570329961e-07, 9.85571091405e-07],
        "dmean2": [0.00326578342356, 0.0024525965564, 0.00199245964177, 0.00077835819684, 0.000209430596442, 0.00025321598514, 0.000324368709698, 0.000183260082849, 0.000196011256776, 0.000124075493659, 6.59381912556e-05, 5.59439613426e-05, 6.37615958112e-05, 9.20140155358e-05, 0.000124956161017, 6.45034378977e-05, 4.63003816549e-05, 5.059752948e-05, 5.31876466994e-05, 3.44194340869e-05, 2.27620130318e-05, 2.69303654932e-05, 1.9641185645e-05, 1.1905570318e-05, 1.35299733302e-05, 2.71579265245e-05, 3.67076754628e-05, 1.45304848047e-05, 9.90777607512e-06, 8.98350117495e-06, 6.61953981762e-06, 7.92296850705e-06, 4.99374164065e-06, 4.09307813243e-06, 2.66408255811e-06, 2.17737670027e-06, 1.8508451376e-06, 2.02016644835e-06, 1.36140499762e-06, 1.49157813212e-06],
        "dvar": [3.0031265851e-05, 3.27101006405e-05, 2.66616425506e-05, 2.49734853242e-06, 1.60730635912e-07, 9.39815052448e-08, 1.24827664649e-07, 8.65494058644e-08, 5.18466549693e-08, 2.95145454743e-08, 1.03824318032e-08, 6.2446963156e-09, 1.57013992919e-08, 1.95867038144e-08, 3.98356583275e-08, 1.03614867797e-08, 4.67810901128e-09, 5.83278714217e-09, 8.20430567927e-09, 3.99243171856e-09, 8.20641554711e-10, 1.34953304087e-09, 4.73904360199e-10, 2.28801894098e-10, 3.69298702729e-10, 1.19767451512e-09, 2.16952034116e-09, 4.2285647206e-10, 2.87724899461e-10, 3.63336305487e-10, 2.80020256982e-10, 3.98974353555e-10, 8.97415475265e-11, 4.96687344032e-11, 1.75200375041e-11, 7.69619003943e-12, 4.29627080439e-12, 3.94030988393e-12, 2.53335113304e-12, 3.71079686076e-12],
        "dvar2": [6.36151453364e-05, 8.85805056896e-05, 7.77287859819e-05, 7.31163299861e-06, 4.46251277708e-07, 2.24757854994e-07, 3.05701064462e-07, 1.76018417619e-07, 1.13453964445e-07, 6.90957406846e-08, 2.40666526707e-08, 1.29078516764e-08, 3.0221155356e-08, 5.02024661841e-08, 8.21388184136e-08, 2.45629703244e-08, 1.13028608695e-08, 1.513667236e-08, 1.9527149675e-08, 1.0683263163e-08, 2.02675987104e-09, 3.36397265599e-09, 1.17422449541e-09, 5.3041460113e-10, 8.17845735579e-10, 2.67687361166e-09, 4.91748997078e-09, 1.07154563e-09, 7.09107106367e-10, 9.61307700109e-10, 7.28019533547e-10, 1.06695163815e-09, 1.85870693836e-10, 1.15643279675e-10, 3.78562285686e-11, 1.51844578578e-11, 8.9194511152e-12, 7.84433802636e-12, 5.00281890567e-12, 7.11136097925e-12],
        "max": [0.0516586787999, 0.0541805103421, 0.0445026569068, 0.0171034708619, 0.00363614922389, 0.00307347578928, 0.00338835897855, 0.00545280566439, 0.00199005869217, 0.00262882956304, 0.00200919620693, 0.00152303162031, 0.00200293050148, 0.00191481644288, 0.00254951859824, 0.00159219757188, 0.000583820568863, 0.000632591545582, 0.00100336351898, 0.000560940650757, 0.000278072227957, 0.000350178772351, 0.000172791056684, 0.000137488081236, 0.000163151955348, 0.000444017379778, 0.00068488373654, 0.000171897641849, 0.00019436320872, 0.000189187994692, 0.000170346960658, 0.000203625575523, 9.95025839075e-05, 6.94043774274e-05, 4.55993213109e-05, 2.53108009929e-05, 2.37463791564e-05, 2.7195603252e-05, 2.6247869755e-05, 2.30245241255e-05],
        "mean": [0.0051496909, 0.00179797131568, 0.000794089864939, 0.00042685813969, 0.000135588765261, 0.00020765158115, 0.000280931766611, 0.000157344344188, 0.000167903679539, 0.000119998512673, 7.38314993214e-05, 6.55330513837e-05, 5.60875887459e-05, 7.64766300563e-05, 0.000102870551927, 5.04553790961e-05, 3.01226937154e-05, 3.2696294511e-05, 3.63504041161e-05, 2.17113647523e-05, 1.79162634595e-05, 2.06893346331e-05, 1.57656468218e-05, 1.01432351585e-05, 1.09195661935e-05, 2.26936681429e-05, 2.81803313555e-05, 1.02265976238e-05, 7.16617205399e-06, 5.71917371417e-06, 3.95959341404e-06, 4.6263967306e-06, 4.28024077337e-06, 3.29188378601e-06, 2.22988774112e-06, 1.79648736776e-06, 1.6246621044e-06, 1.91567028196e-06, 1.30970329337e-06, 1.17258719001e-06],
        "median": [0.000738180417102, 0.000226638047025, 0.000177141133463, 0.000195496773813, 4.71023668069e-05, 8.55618854985e-05, 9.92770146695e-05, 2.86212871288e-05, 3.24175016431e-05, 2.58110176219e-05, 2.07573884836e-05, 2.18255936488e-05, 6.73817112329e-06, 1.35410045914e-05, 8.08127424534e-06, 8.0308818724e-06, 7.42775864637e-06, 7.26078542357e-06, 5.05416574015e-06, 3.40136921295e-06, 6.01053670835e-06, 5.83018572797e-06, 6.26005339655e-06, 3.88791067962e-06, 3.09600886794e-06, 5.88735292695e-06, 5.04130366608e-06, 2.17334218178e-06, 2.08468532037e-06, 1.29433578877e-06, 4.57603647419e-07, 7.52465780351e-07, 9.99303551907e-07, 8.87171097474e-07, 5.50382537767e-07, 4.12869184174e-07, 4.71623195608e-07, 7.98837561433e-07, 4.23617535716e-07, 2.00013332119e-07],
        "min": [3.20238123918e-24, 6.69166330097e-24, 2.34211619469e-23, 1.25673422922e-23, 7.86691853276e-24, 8.51865411341e-24, 8.57925835245e-24, 8.31918668922e-24, 1.92424111152e-23, 8.88576000198e-24, 6.37728803074e-24, 1.34567048656e-23, 2.58468334998e-23, 9.05155095413e-24, 7.15991377937e-24, 1.22777198995e-23, 1.35664511948e-23, 7.90974105814e-24, 1.22399255735e-23, 7.80538580443e-24, 1.11476237991e-23, 1.2790955171e-23, 1.41674148987e-23, 2.09858347365e-23, 8.72459571905e-24, 1.28574040805e-23, 1.30985919914e-23, 6.72300080043e-24, 9.67721625958e-24, 1.28706821872e-23, 8.77744782198e-24, 1.30007148634e-23, 9.0655169476e-24, 7.95895414571e-24, 7.84983417214e-24, 1.49841052389e-23, 1.22860226605e-23, 1.20303410082e-23, 1.23296135364e-23, 9.73273471237e-24],
        "stdev": [0.00826783291996, 0.00541678396985, 0.00386566156521, 0.00120937812608, 0.000347019406036, 0.000333491509082, 0.000446441408712, 0.000433017441537, 0.000287634029519, 0.000243020811467, 0.000156784240971, 0.000142848788528, 0.0001583530684, 0.000169822946191, 0.000260106113274, 0.000112041911052, 6.76727649989e-05, 7.52289124648e-05, 9.75645671133e-05, 5.92502110521e-05, 3.24457287206e-05, 3.8152331399e-05, 2.38684442593e-05, 1.7161220967e-05, 2.14332649193e-05, 3.99937962356e-05, 5.31865407538e-05, 2.14051906369e-05, 1.6870242689e-05, 1.73837488546e-05, 1.53965956997e-05, 1.75923050847e-05, 1.06143179437e-05, 7.51084689909e-06, 4.81993902213e-06, 3.44093837157e-06, 2.74716785498e-06, 2.7535290883e-06, 2.22388121074e-06, 2.43638078246e-06],
        "var": [6.83570542606e-05, 2.93415469059e-05, 1.49433390106e-05, 1.46259549183e-06, 1.20422470218e-07, 1.11216586163e-07, 1.99309923232e-07, 1.87504099358e-07, 8.27333295206e-08, 5.90591113792e-08, 2.45812987743e-08, 2.04057784003e-08, 2.50756961861e-08, 2.88398336323e-08, 6.76551863421e-08, 1.25533903272e-08, 4.57960291911e-09, 5.65938940156e-09, 9.51884526756e-09, 3.51058737635e-09, 1.05272524031e-09, 1.45560041798e-09, 5.69702673925e-10, 2.94507473964e-10, 4.59384807971e-10, 1.59950386269e-09, 2.82880829872e-09, 4.58182214391e-10, 2.84605117251e-10, 3.02194713697e-10, 2.3705518104e-10, 3.0948918428e-10, 1.12663753327e-10, 5.64128223302e-11, 2.32318105725e-11, 1.18400575802e-11, 7.54693096211e-12, 7.58192206934e-12, 4.94564762407e-12, 5.93595181689e-12]
    },
    "melbands128": {
