{
"lowlevel": {
    "average_loudness": 0.965584635735,
    "barkbands_crest": {
        "dmean": 3.28178930283,
        "dmean2": 5.13060188293,
        "dvar": 9.45180416107,
        "dvar2": 20.3164100647,
        "max": 25.4826545715,
        "mean": 11.698515892,
        "median": 10.692155838,
        "min": 2.5812997818,
        "stdev": 5.14997911453,
        "var": 26.5222835541
    },
    "barkbands_flatness_db": {
        "dmean": 0.0329260826111,
        "dmean2": 0.0467955581844,
        "dvar": 0.00115889043082,
        "dvar2": 0.00216903188266,
        "max": 0.565321743488,
        "mean": 0.170655205846,
        "median": 0.163580939174,
        "min": 0.0165734384209,
        "stdev": 0.0668449029326,
        "var": 0.00446824077517
    },
    "barkbands_kurtosis": {
        "dmean": 5.22129058838,
        "dmean2": 8.09061813354,
        "dvar": 103.913902283,
        "dvar2": 245.263290405,
        "max": 112.416465759,
        "mean": 6.0509095192,
        "median": 1.78138875961,
        "min": -1.89567124844,
        "stdev": 12.6049261093,
        "var": 158.884155273
    },
    "barkbands_skewness": {
        "dmean": 0.807741343975,
        "dmean2": 1.2018340826,
        "dvar": 0.813414275646,
        "dvar2": 1.70274579525,
        "max": 10.0387439728,
        "mean": 1.6750382185,
        "median": 1.36521208286,
        "min": -2.17640781403,
        "stdev": 1.58171975613,
        "var": 2.50183725357
    },
    "barkbands_spread": {
        "dmean": 9.63562202454,
        "dmean2": 14.6092615128,
        "dvar": 141.141571045,
        "dvar2": 315.864776611,
        "max": 104.416168213,
        "mean": 24.4056243896,
        "median": 20.1508598328,
        "min": 0.205007135868,
        "stdev": 17.8953380585,
        "var": 320.243103027
    },
    "dissonance": {
        "dmean": 0.0277369376272,
        "dmean2": 0.0460776127875,
        "dvar": 0.000782143324614,
        "dvar2": 0.00216613616794,
        "max": 0.499992102385,
        "mean": 0.446929305792,
        "median": 0.456735342741,
        "min": 0.156841576099,
        "stdev": 0.0410465635359,
        "var": 0.00168482039589
    },
    "dynamic_complexity": 1.95726191998,
    "erbbands_crest": {
        "dmean": 3.15107703209,
        "dmean2": 5.14722776413,
        "dvar": 9.36846446991,
        "dvar2": 22.0307025909,
        "max": 32.0632209778,
        "mean": 9.7465467453,
        "median": 9.00145626068,
        "min": 2.84025001526,
        "stdev": 4.35438394547,
        "var": 18.9606590271
    },
    "erbbands_flatness_db": {
        "dmean": 0.0253227837384,
        "dmean2": 0.0369785130024,
        "dvar": 0.000708348816261,
        "dvar2": 0.00144350866321,
        "max": 0.545008003712,
        "mean": 0.173610076308,
        "median": 0.164922058582,
        "min": 0.0638075694442,
        "stdev": 0.0570403598249,
        "var": 0.0032536026556
    },
    "erbbands_kurtosis": {
        "dmean": 1.4438123703,
        "dmean2": 2.38843131065,
        "dvar": 7.16328382492,
        "dvar2": 17.576292038,
        "max": 52.768661499,
        "mean": 0.771771490574,
        "median": -0.0944514274597,
        "min": -1.78905892372,
        "stdev": 3.39623260498,
        "var": 11.5343952179
    },
    "erbbands_skewness": {
        "dmean": 0.549912810326,
        "dmean2": 0.852452278137,
        "dvar": 0.289188712835,
        "dvar2": 0.675903856754,
        "max": 5.28105163574,
        "mean": 0.389837801456,
        "median": 0.364337444305,
        "min": -2.22227120399,
        "stdev": 0.900206565857,
        "var": 0.810371816158
    },
    "erbbands_spread": {
        "dmean": 13.9450960159,
        "dmean2": 20.9196796417,
        "dvar": 229.301681519,
        "dvar2": 496.852294922,
        "max": 157.114257812,
        "mean": 42.526424408,
        "median": 35.5030670166,
        "min": 0.68672990799,
        "stdev": 25.2095661163,
        "var": 635.522216797
    },
    "hfc": {
        "dmean": 10.9740190506,
        "dmean2": 17.0424594879,
        "dvar": 201.032089233,
        "dvar2": 433.634887695,
        "max": 117.775688171,
        "mean": 24.4928855896,
        "median": 20.3856525421,
        "min": 0.000233228740399,
        "stdev": 19.5358200073,
        "var": 381.648254395
    },
    "loudness_ebu128": {
        "integrated": -9.38170623779,
        "loudness_range": 0.744187355042,
        "momentary": {
            "dmean": 0.463512063026,
            "dmean2": 0.550910949707,
            "dvar": 0.166466206312,
            "dvar2": 0.211543917656,
            "max": -6.93454551697,
            "mean": -9.58469200134,
            "median": -9.38177776337,
            "min": -16.7804031372,
            "stdev": 1.41348910332,
            "var": 1.99795150757
        },
        "short_term": {
            "dmean": 0.079158231616,
            "dmean2": 0.113896839321,
            "dvar": 0.00439860252663,
            "dvar2": 0.00822226330638,
            "max": -8.82696247101,
            "mean": -9.31555461884,
            "median": -9.2594575882,
            "min": -10.3797988892,
            "stdev": 0.296654015779,
            "var": 0.0880035981536
        }
    },
    "melbands_crest": {
        "dmean": 4.31610822678,
        "dmean2": 6.4743437767,
        "dvar": 13.9266233444,
        "dvar2": 32.4401397705,
        "max": 34.9596443176,
        "mean": 17.5174007416,
        "median": 16.8940582275,
        "min": 2.83295202255,
        "stdev": 7.04001188278,
        "var": 49.5617675781
    },
    "melbands_flatness_db": {
        "dmean": 0.0411881022155,
        "dmean2": 0.0571474805474,
        "dvar": 0.0017892884789,
        "dvar2": 0.00327479490079,
        "max": 0.662096858025,
        "mean": 0.21796131134,
        "median": 0.203573286533,
        "min": 0.0254193339497,
        "stdev": 0.0919346809387,
        "var": 0.0084519861266
    },
    "melbands_kurtosis": {
        "dmean": 12.7602853775,
        "dmean2": 19.0690879822,
        "dvar": 656.774291992,
        "dvar2": 1336.50732422,
        "max": 522.712585449,
        "mean": 18.7563896179,
        "median": 7.60456943512,
        "min": -1.57778799534,
        "stdev": 37.7483329773,
        "var": 1424.93652344
    },
    "melbands_skewness": {
        "dmean": 1.08593320847,
        "dmean2": 1.57733619213,
        "dvar": 1.47822570801,
        "dvar2": 3.0679962635,
        "max": 21.0251159668,
        "mean": 2.91039991379,
        "median": 2.37781476974,
        "min": -1.42704892159,
        "stdev": 2.20819354057,
        "var": 4.87611913681
    },
    "melbands_spread": {
        "dmean": 12.1023483276,
        "dmean2": 18.7333641052,
        "dvar": 280.089141846,
        "dvar2": 634.366638184,
        "max": 153.172073364,
        "mean": 27.3297843933,
        "median": 20.4045505524,
        "min": 0.409738898277,
        "stdev": 25.1041851044,
        "var": 630.220153809
    },
    "pitch_salience": {
        "dmean": 0.0944686532021,
        "dmean2": 0.145540490746,
        "dvar": 0.00801500119269,
        "dvar2": 0.0186339244246,
        "max": 0.857708215714,
        "mean": 0.498063355684,
        "median": 0.499081552029,
        "min": 0.0945371761918,
        "stdev": 0.140875577927,
        "var": 0.0198459271342
    },
    "silence_rate_20dB": {
        "dmean": 0,
        "dmean2": 0,
        "dvar": 0,
        "dvar2": 0,
        "max": 1,
        "mean": 1,
        "median": 1,
        "min": 1,
        "stdev": 0,
        "var": 0
    },
    "silence_rate_30dB": {
        "dmean": 0.061919502914,
        "dmean2": 0.123934932053,
        "dvar": 0.058085847646,
        "dvar2": 0.133362308145,
        "max": 1,
        "mean": 0.932714641094,
        "median": 1,
        "min": 0,
        "stdev": 0.250514894724,
        "var": 0.0627577155828
    },
    "silence_rate_60dB": {
        "dmean": 0.0170278642327,
        "dmean2": 0.0325329191983,
        "dvar": 0.0167378913611,
        "dvar2": 0.0376706682146,
        "max": 1,
        "mean": 0.0170146953315,
        "median": 0,
        "min": 0,
        "stdev": 0.129327073693,
        "var": 0.0167254917324
    },
    "spectral_centroid": {
        "dmean": 401.162353516,
        "dmean2": 604.584838867,
        "dvar": 196055.84375,
        "dvar2": 419424.21875,
        "max": 4314.77392578,
        "mean": 1416.74645996,
        "median": 1318.64489746,
        "min": 222.633651733,
        "stdev": 736.815185547,
        "var": 542896.625
    },
    "spectral_complexity": {
        "dmean": 4.34829711914,
        "dmean2": 5.88303661346,
        "dvar": 28.1913223267,
        "dvar2": 39.6973991394,
        "max": 53,
        "mean": 15.0881671906,
        "median": 14,
        "min": 0,
        "stdev": 9.30168247223,
        "var": 86.5213012695
    },
    "spectral_decrease": {
        "dmean": 3.60288909818e-09,
        "dmean2": 5.49637091396e-09,
        "dvar": 3.70939054096e-17,
        "dvar2": 8.69529811461e-17,
        "max": -3.94649753415e-13,
        "mean": -8.71212080256e-09,
        "median": -5.7599383041e-09,
        "min": -4.9105228328e-08,
        "stdev": 8.90034446144e-09,
        "var": 7.92161358838e-17
    },
    "spectral_energy": {
        "dmean": 0.0141852516681,
        "dmean2": 0.0216256696731,
        "dvar": 0.000549999938812,
        "dvar2": 0.00129113905132,
        "max": 0.189893394709,
        "mean": 0.0351031757891,
        "median": 0.0237433314323,
        "min": 1.5106529645e-06,
        "stdev": 0.0339566878974,
        "var": 0.00115305674262
    },
    "spectral_energyband_high": {
        "dmean": 0.000930938345846,
        "dmean2": 0.00144887564238,
        "dvar": 1.99000260181e-06,
        "dvar2": 4.92983053846e-06,
        "max": 0.011507909745,
        "mean": 0.001337861293,
        "median": 0.000646747474093,
        "min": 7.51894280171e-09,
        "stdev": 0.00179172528442,
        "var": 3.21027937389e-06
    },
    "spectral_energyband_low": {
        "dmean": 0.00827797967941,
        "dmean2": 0.0121601400897,
        "dvar": 0.00028462195769,
        "dvar2": 0.000539769418538,
        "max": 0.130878895521,
        "mean": 0.0175750143826,
        "median": 0.00376605964266,
        "min": 5.41428057943e-09,
        "stdev": 0.0283316951245,
        "var": 0.000802684982773
    },
    "spectral_energyband_middle_high": {
        "dmean": 0.00255335937254,
        "dmean2": 0.00353937014006,
        "dvar": 1.09177026388e-05,
        "dvar2": 1.97569861484e-05,
        "max": 0.045811612159,
        "mean": 0.0055482131429,
        "median": 0.00385907501914,
        "min": 2.24738023746e-08,
        "stdev": 0.00552552193403,
        "var": 3.05313951685e-05
    },
    "spectral_energyband_middle_low": {
        "dmean": 0.00890665128827,
        "dmean2": 0.0152397630736,
        "dvar": 0.000399277487304,
        "dvar2": 0.00115218898281,
        "max": 0.140807956457,
        "mean": 0.0118088386953,
        "median": 0.0076773869805,
        "min": 3.05698250713e-07,
        "stdev": 0.0165163669735,
        "var": 0.000272790406598
    },
    "spectral_entropy": {
        "dmean": 0.305286079645,
        "dmean2": 0.452567309141,
        "dvar": 0.101055808365,
        "dvar2": 0.213722258806,
        "max": 8.77514648438,
        "mean": 7.50938558578,
        "median": 7.50674533844,
        "min": 3.89185905457,
        "stdev": 0.611105442047,
        "var": 0.373449891806
    },
    "spectral_flux": {
        "dmean": 0.0399914719164,
        "dmean2": 0.061311878264,
        "dvar": 0.0024956096895,
        "dvar2": 0.00428520515561,
        "max": 0.42275595665,
        "mean": 0.106236837804,
        "median": 0.086831189692,
        "min": 0.00122908619232,
        "stdev": 0.0710146129131,
        "var": 0.0050430749543
    },
    "spectral_kurtosis": {
        "dmean": 2.81243538857,
        "dmean2": 4.47601747513,
        "dvar": 102.905799866,
        "dvar2": 289.980987549,
        "max": 259.73135376,
        "mean": 5.24344825745,
        "median": 3.3847117424,
        "min": -1.14288771152,
        "stdev": 12.7058467865,
        "var": 161.438552856
    },
    "spectral_rms": {
        "dmean": 0.00110403180588,
        "dmean2": 0.00161280087195,
        "dvar": 2.05803121389e-06,
        "dvar2": 4.24923746323e-06,
        "max": 0.0136110922322,
        "mean": 0.00528977625072,
        "median": 0.00481292279437,
        "min": 3.83902042813e-05,
        "stdev": 0.00250305328518,
        "var": 6.26527571512e-06
    },
    "spectral_rolloff": {
        "dmean": 1111.72729492,
        "dmean2": 1893.2043457,
        "dvar": 3623930.5,
        "dvar2": 8636570,
        "max": 11154.1992188,
        "mean": 2109.65380859,
        "median": 1119.7265625,
        "min": 64.599609375,
        "stdev": 2554.1965332,
        "var": 6523919.5
    },
    "spectral_skewness": {
        "dmean": 0.36328086257,
        "dmean2": 0.553282320499,
        "dvar": 0.285694181919,
        "dvar2": 0.690505743027,
        "max": 12.4587011337,
        "mean": 1.63278245926,
        "median": 1.52886915207,
        "min": -0.0133309233934,
        "stdev": 0.884522080421,
        "var": 0.7823792696
    },
    "spectral_spread": {
        "dmean": 1169564.25,
        "dmean2": 1711326.25,
        "dvar": 1.76717273498e+12,
        "dvar2": 3.41375555994e+12,
        "max": 15978882,
        "mean": 5724923,
        "median": 5095271,
        "min": 460173.90625,
        "stdev": 2454990.75,
        "var": 6.02697944269e+12
    },
    "spectral_strongpeak": {
        "dmean": 0.521332144737,
        "dmean2": 0.83745265007,
        "dvar": 0.672374069691,
        "dvar2": 1.49199426174,
        "max": 6.87113714218,
        "mean": 0.955870807171,
        "median": 0.60540419817,
        "min": 0,
        "stdev": 1.06707394123,
        "var": 1.13864672184
    },
    "zerocrossingrate": {
        "dmean": 0.0202020704746,
        "dmean2": 0.0224098786712,
        "dvar": 0.000512133294251,
        "dvar2": 0.000558790517971,
        "max": 0.35205078125,
        "mean": 0.075725890696,
        "median": 0.0595703125,
        "min": 0.0029296875,
        "stdev": 0.058349058032,
        "var": 0.00340461242013
    },
    "barkbands": {
        "dmean": [0.00074399827281, 0.00710582453758, 0.00280927028507, 0.00273771188222, 0.0030547385104, 0.00202659517527, 0.000786072516348, 0.00114450952969, 0.00124407280236, 0.000879645638634, 0.000368745415471, 0.000577459170017, 0.000327389774611, 0.000500246067531, 0.00045712600695, 0.000236298670643, 0.0003158361651, 0.000186183548067, 0.000146460341057, 0.000162627125974, 0.00013667854364, 0.000137123235618, 0.000255342922173, 0.000204464420676, 0.000190014747204, 6.13140582573e-05, 3.17436547448e-06],
        "dmean2": [0.00104547908995, 0.0103751970455, 0.00492091616616, 0.00507945148274, 0.00538628734648, 0.0034228018485, 0.00135655654594, 0.00185839948244, 0.00195429520682, 0.00131427461747, 0.000582832552027, 0.000891216041055, 0.000541331071872, 0.000766735232901, 0.000694773567375, 0.000358559045708, 0.000479020032799, 0.000278816587524, 0.000216524815187, 0.000249970995355, 0.000200609734748, 0.000219436362386, 0.000426902261097, 0.000325355911627, 0.000309829018079, 0.000100334757008, 5.49917876924e-06],
        "dvar": [2.15444174501e-06, 0.000234232458752, 8.95106786629e-05, 9.18992300285e-05, 5.91805146541e-05, 1.93369796762e-05, 3.67187612937e-06, 6.22262587058e-06, 6.92011462888e-06, 3.39045777764e-06, 1.1690754036e-06, 1.66688346326e-06, 6.01115857535e-07, 1.26152542634e-06, 8.07734295449e-07, 1.89359155911e-07, 2.4775545171e-07, 1.34004437768e-07, 5.07444646303e-08, 6.83736374185e-08, 4.91404001934e-08, 6.22733651312e-08, 1.8070709018e-07, 9.97678171188e-08, 9.90332935658e-08, 1.61972852908e-08, 6.58085461125e-11],
        "dvar2": [5.03698402099e-06, 0.00046083793859, 0.000248020747676, 0.00026663360768, 0.000173505875864, 4.6341559937e-05, 9.59414956014e-06, 1.45609437823e-05, 1.65932087839e-05, 7.02030456523e-06, 2.95011045637e-06, 3.40024689649e-06, 1.54240183292e-06, 2.93954099106e-06, 1.84516784429e-06, 4.19643924943e-07, 5.36210166047e-07, 3.02651983475e-07, 9.62395461102e-08, 1.53030143224e-07, 1.05075308454e-07, 1.387384998e-07, 5.11365954026e-07, 2.47045363722e-07, 2.60786606532e-07, 4.09174845117e-08, 1.78563774877e-10],
        "max": [0.0125310057774, 0.12500873208, 0.0709003731608, 0.0782363414764, 0.0618806481361, 0.0540820471942, 0.0179341677576, 0.0280073266476, 0.0317778475583, 0.0341208763421, 0.0158465784043, 0.0185563080013, 0.0083172172308, 0.0124254534021, 0.0101318890229, 0.00595009466633, 0.00527103850618, 0.00410129968077, 0.00254172086716, 0.00259296689183, 0.00260315090418, 0.00233711139299, 0.00334990210831, 0.00293425144628, 0.00291531044059, 0.00109563523438, 9.7879434179e-05],
        "mean": [0.00131428509485, 0.0129339536652, 0.00227454979904, 0.00213052798063, 0.00321672274731, 0.00237073306926, 0.000746102479752, 0.00141358037945, 0.00172043801285, 0.00122891238425, 0.000442287389887, 0.000771865597926, 0.000385934603401, 0.000644832965918, 0.000701654702425, 0.000352267525159, 0.000489079684485, 0.000277565151919, 0.000244645547355, 0.000231533340411, 0.000219782930799, 0.000159859482665, 0.000274148100289, 0.000260942528257, 0.000227692988119, 6.66447667754e-05, 2.62010848928e-06],
        "median": [0.000197182831471, 0.00177997048013, 0.000211468272028, 0.000174451881321, 0.00150506780483, 0.000674335344229, 0.000111202753033, 0.000375325442292, 0.000705644488335, 0.000347687600879, 6.14229938947e-05, 0.000150831561768, 0.000114966162073, 0.000178746558959, 0.000141165102832, 9.49874665821e-05, 0.000200991504244, 7.72664207034e-05, 0.000118602220027, 9.57125012064e-05, 9.70565743046e-05, 4.75720044051e-05, 8.52664161357e-05, 8.62982997205e-05, 6.68965294608e-05, 1.57611229952e-05, 2.02879689937e-07],
        "min": [1.79670389677e-10, 6.52975895576e-10, 5.03335650937e-10, 3.82389764297e-09, 1.0253622662e-07, 1.2821958606e-08, 3.21592743546e-08, 1.98501854953e-08, 4.93119101108e-09, 2.15284501337e-09, 9.9083896643e-09, 1.78606551771e-09, 1.0910778947e-09, 4.74953576468e-10, 6.33503416392e-10, 4.95720409166e-10, 8.60346516252e-10, 5.30007537858e-10, 3.33479510672e-09, 1.79583992121e-09, 6.68514077429e-10, 1.43190892476e-09, 7.89698695325e-10, 7.76022190951e-10, 3.50164369722e-10, 3.46219060365e-11, 7.80177788692e-13],
        "stdev": [0.0021501025185, 0.0234971605241, 0.00768606737256, 0.0072950059548, 0.00630587292835, 0.00463894102722, 0.00188849621918, 0.00273527950048, 0.00309724151157, 0.00246188929304, 0.0012083571637, 0.00166581256781, 0.000818944128696, 0.00132943049539, 0.00139331608079, 0.000601620937232, 0.000689716194756, 0.000496808730531, 0.000334603711963, 0.000342254439602, 0.000319723971188, 0.000294349971227, 0.000459828646854, 0.000402060482884, 0.000387594394851, 0.000130851360154, 7.23778293832e-06],
        "var": [4.62294110548e-06, 0.000552116543986, 5.90756317251e-05, 5.32171106897e-05, 3.97640360461e-05, 2.15197724174e-05, 3.56641794497e-06, 7.48175443732e-06, 9.5929044619e-06, 6.06089906796e-06, 1.46012700952e-06, 2.77493154499e-06, 6.70669464853e-07, 1.76738535629e-06, 1.94132962861e-06, 3.61947769534e-07, 4.75708390013e-07, 2.46818927963e-07, 1.11959636229e-07, 1.17138093003e-07, 1.02223424392e-07, 8.66418972123e-08, 2.11442383602e-07, 1.61652621955e-07, 1.50229425344e-07, 1.71220779777e-08, 5.23855021861e-11]
    },
    "erbbands": {
        "dmean": [0.327811330557, 1.38683736324, 2.63574790955, 7.04625749588, 9.71419811249, 9.90841388702, 11.9735212326, 19.5478725433, 15.4727926254, 11.9521608353, 28.7754325867, 25.0899715424, 26.3600883484, 19.8240299225, 16.992898941, 18.3482627869, 14.8992843628, 18.0288543701, 21.7306404114, 22.539150238, 14.6281280518, 19.9206027985, 10.7539558411, 7.39416456223, 7.66530418396, 7.62592506409, 6.02442598343, 4.94862270355, 4.44265222549, 6.68578958511, 7.58229255676, 4.62673807144, 3.15975046158, 2.28342485428, 1.34393262863, 0.424399077892, 0.0790792554617, 0.0115629211068, 0.000353316689143, 2.60925899056e-05],
        "dmean2": [0.442888587713, 1.95051014423, 4.16450786591, 12.8635568619, 17.5909442902, 17.2973995209, 20.6445159912, 32.9769287109, 26.0483398438, 19.7227268219, 45.9255828857, 39.0292854309, 39.7630310059, 29.5971813202, 26.1873283386, 28.6190662384, 23.8903656006, 27.669878006, 33.0254707336, 33.7700195312, 21.7946929932, 30.1863193512, 16.0169620514, 10.5503206253, 11.2791833878, 11.5130224228, 8.75438690186, 7.69112634659, 7.08513021469, 11.1680450439, 12.8771934509, 7.46880435944, 4.94981956482, 3.67601275444, 2.23971605301, 0.699802100658, 0.125946298242, 0.0190228428692, 0.000588867813349, 4.10902575823e-05],
        "dvar": [0.443279266357, 10.9978189468, 64.6976776123, 613.156677246, 888.650085449, 518.265869141, 596.956237793, 2255.78710938, 1240.83190918, 512.811462402, 4311.77783203, 2968.79052734, 2696.73901367, 1843.14477539, 1226.49035645, 1641.42602539, 1231.56091309, 1647.14746094, 1949.10424805, 2246.25146484, 714.337890625, 1040.34997559, 428.682617188, 160.919342041, 150.011260986, 139.796432495, 79.9901657104, 79.6737823486, 62.7915115356, 141.3409729, 157.436355591, 52.7896614075, 23.0568275452, 13.5579118729, 5.50827693939, 0.721539795399, 0.0249878074974, 0.000670611334499, 8.01979012977e-07, 1.31997646147e-09],
        "dvar2": [0.93767541647, 23.3410377502, 162.288726807, 1765.5892334, 2597.88354492, 1506.18469238, 1668.75158691, 5335.97998047, 3224.59716797, 1245.82568359, 10369.4824219, 7265.12841797, 5363.7265625, 4408.35498047, 2836.2355957, 3643.94848633, 3089.55395508, 3814.99145508, 4437.69628906, 5202.4296875, 1572.76025391, 2230.99487305, 964.39666748, 295.904205322, 305.27532959, 302.755523682, 164.27696228, 174.295455933, 133.993347168, 351.487945557, 460.058776855, 137.380813599, 54.9722251892, 34.5440216064, 15.1687736511, 1.85904741287, 0.0605758912861, 0.00169104686938, 2.1145183382e-06, 3.22568349809e-09],
        "max": [6.27248907089, 30.5045471191, 60.6554450989, 184.998962402, 231.174804688, 216.202255249, 222.616699219, 645.717834473, 329.139099121, 242.975524902, 758.752685547, 738.563598633, 764.316040039, 544.678039551, 444.589752197, 407.598480225, 403.287353516, 701.048950195, 465.466888428, 654.207336426, 367.17175293, 339.942718506, 260.952270508, 142.266036987, 183.406417847, 121.867416382, 90.171546936, 116.114730835, 72.0598373413, 96.9734420776, 97.8822937012, 60.6847343445, 52.7014122009, 37.8757476807, 19.7492408752, 7.22176980972, 1.50481438637, 0.261491149664, 0.00982368458062, 0.000263041874859],
        "mean": [0.562306582928, 2.14523553848, 2.59045267105, 5.5261554718, 8.00163078308, 10.3370428085, 14.248041153, 23.2646770477, 16.1735706329, 13.8162508011, 38.0825614929, 35.3229598999, 38.3690376282, 28.8702964783, 23.4891395569, 23.4044532776, 18.8845024109, 24.6272792816, 31.5649986267, 36.5109558105, 24.264881134, 32.2592582703, 16.8337440491, 11.8647460938, 12.2955732346, 11.4261569977, 9.57805252075, 7.54547643661, 5.50526952744, 7.38733148575, 8.00166416168, 5.56527233124, 4.09838676453, 2.83302640915, 1.48011660576, 0.460106521845, 0.0880623981357, 0.0116758905351, 0.000355228025001, 5.53281570319e-05],
        "median": [0.097248904407, 0.155766308308, 0.269093692303, 0.470750749111, 1.04722845554, 4.83046531677, 7.58162736893, 5.42829990387, 2.7943508625, 5.20301055908, 12.006067276, 15.8156681061, 13.4304161072, 9.50322628021, 6.32585000992, 4.79582595825, 5.88179969788, 8.04553413391, 8.41612434387, 7.19062519073, 7.65908193588, 13.257185936, 5.68130588531, 4.90929174423, 6.13552045822, 4.72698259354, 4.51413345337, 3.07919001579, 1.80223786831, 2.0667078495, 2.53637981415, 1.7293305397, 1.46234107018, 0.86414784193, 0.354122042656, 0.109227009118, 0.0210874099284, 0.00199807737954, 7.71883569541e-05, 4.16463626607e-05],
        "min": [1.36484374025e-07, 8.45992474297e-07, 4.24959944212e-06, 3.96360337618e-05, 0.000422907120083, 0.000309250201099, 0.000137157039717, 0.000117606250569, 0.000366165098967, 0.000538698397577, 0.000351378548658, 0.000122974524857, 4.67078716611e-05, 0.000216437372728, 0.000334195356118, 6.29761343589e-05, 5.08183657075e-05, 2.78051302303e-05, 2.96759499179e-05, 3.36910343322e-05, 2.58242289419e-05, 4.53579195892e-05, 3.58074939868e-05, 3.87456857425e-05, 0.000262322864728, 6.95241542417e-05, 3.16889709211e-05, 2.90487878374e-05, 5.49100332137e-05, 4.43246608484e-05, 2.39611690631e-05, 2.59760363406e-05, 1.40718939292e-05, 6.49837966193e-06, 2.04939146897e-06, 4.97162204738e-07, 1.30206785798e-07, 3.49380329112e-08, 1.79693486757e-08, 3.36798233747e-09],
        "stdev": [0.997281610966, 4.50162744522, 7.48338270187, 19.0646514893, 23.2961616516, 19.2868843079, 22.1458187103, 51.0093612671, 35.7409858704, 23.5605888367, 70.3195343018, 63.1772155762, 68.5298690796, 53.6143264771, 44.2644996643, 47.6531524658, 38.6428260803, 47.430229187, 57.8025512695, 75.9285888672, 38.8039283752, 45.5796089172, 28.6620674133, 17.9020175934, 17.2672023773, 16.2243232727, 13.3273639679, 12.0079851151, 9.67638969421, 13.2741756439, 13.3161849976, 8.76548194885, 6.40188217163, 4.73059558868, 2.65311121941, 0.878787755966, 0.171893388033, 0.0261286273599, 0.000834767241031, 4.58183603769e-05],
        "var": [0.994570553303, 20.2646484375, 56.0010147095, 363.460906982, 542.711120605, 371.983886719, 490.437316895, 2601.95483398, 1277.41796875, 555.101379395, 4944.83691406, 3991.36035156, 4696.34277344, 2874.49584961, 1959.34606934, 2270.82299805, 1493.26794434, 2249.62670898, 3341.13500977, 5765.15039062, 1505.74487305, 2077.50073242, 821.514099121, 320.482208252, 298.15625, 263.228668213, 177.618621826, 144.191711426, 93.632522583, 176.203735352, 177.320770264, 76.8336715698, 40.9840927124, 22.3785324097, 7.03899908066, 0.772267878056, 0.02954733558, 0.000682705198415, 6.96836366387e-07, 2.09932227158e-09]
    },
    "gfcc": {
        "mean": [-7.41312074661, 60.0335960388, -122.733047485, 15.901099205, -73.248626709, 12.3931283951, -49.4618453979, 13.6153821945, -25.2523479462, 2.54364037514, -17.8981838226, -0.192787826061, -2.94735431671],
        "cov": [[4968.54003906, -936.84552002, 242.54927063, 844.915527344, 134.267913818, 656.733947754, 120.023483276, 464.902282715, 19.0221481323, 282.028625488, -32.4824142456, 192.454818726, -164.253387451], [-936.84552002, 3874.40356445, 1287.85351562, 897.099182129, 1616.40466309, 450.976257324, 877.754577637, 69.6518707275, 379.167663574, -6.99666690826, 345.870849609, -172.966339111, 178.029327393], [242.54927063, 1287.85351562, 2022.80395508, 989.851196289, 789.317199707, 643.74407959, 456.508422852, 116.474250793, 44.438205719, -2.49432730675, 112.132583618, -48.6656341553, -102.058021545], [844.915527344, 897.099182129, 989.851196289, 1165.60290527, 779.09387207, 422.332244873, 393.579559326, 250.133560181, 151.075393677, 95.4322128296, 94.4545974731, -76.5926132202, 3.18021655083], [134.267913818, 1616.40466309, 789.317199707, 779.09387207, 1137.84216309, 409.714599609, 481.354003906, 202.903488159, 246.402145386, 124.16633606, 129.736663818, -77.8018112183, 86.0110626221], [656.733947754, 450.976257324, 643.74407959, 422.332244873, 409.714599609, 575.28314209, 399.328887939, 175.030761719, 86.3001251221, 49.3075752258, 55.5220718384, 40.7769927979, -16.1876544952], [120.023483276, 877.754577637, 456.508422852, 393.579559326, 481.354003906, 399.328887939, 617.034606934, 211.256378174, 146.264816284, 23.82721138, 106.562980652, 14.9304161072, 31.7478466034], [464.902282715, 69.6518707275, 116.474250793, 250.133560181, 202.903488159, 175.030761719, 211.256378174, 293.159545898, 111.409179688, 58.2566947937, 16.0808315277, 19.5859661102, 21.2829914093], [19.0221481323, 379.167663574, 44.438205719, 151.075393677, 246.402145386, 86.3001251221, 146.264816284, 111.409179688, 234.898605347, 80.9880599976, 41.5644302368, -6.40640211105, 43.673625946], [282.028625488, -6.99666690826, -2.49432730675, 95.4322128296, 124.16633606, 49.3075752258, 23.82721138, 58.2566947937, 80.9880599976, 192.478408813, 67.9096374512, 18.056060791, 24.4059238434], [-32.4824142456, 345.870849609, 112.132583618, 94.4545974731, 129.736663818, 55.5220718384, 106.562980652, 16.0808315277, 41.5644302368, 67.9096374512, 217.335525513, 76.3222503662, 32.0799369812], [192.454818726, -172.966339111, -48.6656341553, -76.5926132202, -77.8018112183, 40.7769927979, 14.9304161072, 19.5859661102, -6.40640211105, 18.056060791, 76.3222503662, 188.251937866, 40.1149253845], [-164.253387451, 178.029327393, -102.058021545, 3.18021655083, 86.0110626221, -16.1876544952, 31.7478466034, 21.2829914093, 43.673625946, 24.4059238434, 32.0799369812, 40.1149253845, 143.900222778]],
        "icov": [[0.000499121146277, -0.000206317665288, 0.000402115372708, -0.000654622795992, 0.000357832788723, -0.000826143776067, 0.000567340175621, -0.000569437339436, 0.00045512948418, -0.000745263823774, 0.000554811616894, -0.000846042123158, 0.000877293699887], [-0.000206317665288, 0.00169888383243, -0.000655110052321, 0.000811342615634, -0.00204679160379, 0.00110942253377, -0.00145050871652, 0.00145337695722, -0.00119214213919, 0.00194232480135, -0.00197259802371, 0.00167308805976, -0.00136086693965], [0.000402115372708, -0.000655110052321, 0.00176085834391, -0.00143850746099, 0.000497911707498, -0.00183582073078, 0.000963362690527, -0.000256988889305, 0.000987695530057, -0.000540100969374, 0.000653648166917, -0.00116126879584, 0.00184130354319], [-0.000654622795992, 0.000811342615634, -0.00143850746099, 0.00340706692077, -0.00196092878468, 0.00127259700093, -0.000960090954322, -0.00012408522889, -0.000714487279765, 0.00123335863464, -0.0016202959232, 0.00228042481467, -0.00156793813221], [0.000357832788723, -0.00204679160379, 0.000497911707498, -0.00196092878468, 0.00513173779473, -0.00180284166709, 0.00108642794657, -0.00147062644828, 0.000332281779265, -0.00295802368782, 0.00202518212609, -0.000916555931326, 0.000249721779255], [-0.000826143776067, 0.00110942253377, -0.00183582073078, 0.00127259700093, -0.00180284166709, 0.00660663936287, -0.00379696581513, 0.000973736925516, -0.000871787720826, 0.000831533048768, -0.000321634928696, 0.000160774652613, -0.000980775919743], [0.000567340175621, -0.00145050871652, 0.000963362690527, -0.000960090954322, 0.00108642794657, -0.00379696581513, 0.00595160759985, -0.00305483676493, 0.000491764047183, -0.000262446352281, 0.000165208461112, -0.00126467819791, 0.00141980382614], [-0.000569437339436, 0.00145337695722, -0.000256988889305, -0.00012408522889, -0.00147062644828, 0.000973736925516, -0.00305483676493, 0.00771697890013, -0.00273557193577, 0.00115202751476, -0.000530248042196, 0.00076659489423, -0.00156704173423], [0.00045512948418, -0.00119214213919, 0.000987695530057, -0.000714487279765, 0.000332281779265, -0.000871787720826, 0.000491764047183, -0.00273557193577, 0.00812882650644, -0.00354737602174, 0.00161876436323, -0.00124041165691, 0.000829565804452], [-0.000745263823774, 0.00194232480135, -0.000540100969374, 0.00123335863464, -0.00295802368782, 0.000831533048768, -0.000262446352281, 0.00115202751476, -0.00354737602174, 0.0104335369542, -0.00510770455003, 0.00283802859485, -0.0022602872923], [0.000554811616894, -0.00197259802371, 0.000653648166917, -0.0016202959232, 0.00202518212609, -0.000321634928696, 0.000165208461112, -0.000530248042196, 0.00161876436323, -0.00510770455003, 0.0100686103106, -0.00591598358005, 0.00214800494723], [-0.000846042123158, 0.00167308805976, -0.00116126879584, 0.00228042481467, -0.000916555931326, 0.000160774652613, -0.00126467819791, 0.00076659489423, -0.00124041165691, 0.00283802859485, -0.00591598358005, 0.0111113870516, -0.00506156729534], [0.000877293699887, -0.00136086693965, 0.00184130354319, -0.00156793813221, 0.000249721779255, -0.000980775919743, 0.00141980382614, -0.00156704173423, 0.000829565804452, -0.0022602872923, 0.00214800494723, -0.00506156729534, 0.011697480455]]
    },
    "melbands": {
        "dmean": [0.00232097669505, 0.00127907772548, 0.00124969764147, 0.000660489837173, 0.000437504786532, 0.000421497534262, 0.000217848661123, 0.000158743569045, 0.000246968556894, 0.000154304128955, 0.000139842697536, 9.12299001357e-05, 5.22801601619e-05, 7.08904844942e-05, 3.43550455e-05, 3.60136873496e-05, 3.69402223441e-05, 4.11008368246e-05, 3.69017398043e-05, 1.83950305654e-05, 1.76486282726e-05, 2.38297543547e-05, 1.25330461742e-05, 7.59099384595e-06, 6.13363727098e-06, 6.05874947723e-06, 5.7750871747e-06, 5.40441715202e-06, 4.1257248995e-06, 3.55960787601e-06, 2.96108896691e-06, 2.64782488557e-06, 2.61655713985e-06, 4.28261637353e-06, 4.65586799692e-06, 3.67929692402e-06, 2.5447166081e-06, 2.17156252802e-06, 2.28111321121e-06, 1.86263321211e-06],
        "dmean2": [0.00318478513509, 0.00183279986959, 0.00229241908528, 0.00117301510181, 0.000756710825954, 0.000710172287654, 0.000365364190657, 0.000257714506006, 0.000396565708797, 0.00023981409322, 0.000212263868889, 0.000136781251058, 8.12518046587e-05, 0.000109066575533, 5.47606941836e-05, 5.7802280935e-05, 5.69564108446e-05, 6.33915915387e-05, 5.51666962565e-05, 2.77289855148e-05, 2.71421340585e-05, 3.61907586921e-05, 1.94732820091e-05, 1.12823290692e-05, 9.00386567082e-06, 9.07587309484e-06, 8.96725759958e-06, 8.27729581943e-06, 6.10269080425e-06, 5.3622438827e-06, 4.68611824544e-06, 4.20281367042e-06, 4.29591182183e-06, 7.17495959179e-06, 8.06192292657e-06, 6.16410898147e-06, 4.02704336011e-06, 3.39148755302e-06, 3.66676476915e-06, 3.02685816678e-06],
        "dvar": [2.21526934183e-05, 1.10960081656e-05, 1.85570806934e-05, 3.24520692629e-06, 7.78693333814e-07, 9.52445304847e-07, 2.36095388573e-07, 1.01073005965e-07, 3.4864291365e-07, 1.00818233761e-07, 7.67968515447e-08, 3.66944519214e-08, 1.50821986011e-08, 2.84049530563e-08, 1.00508845691e-08, 6.45920872344e-09, 8.11640088472e-09, 8.6750162609e-09, 5.53127632585e-09, 1.18941212435e-09, 1.07929309934e-09, 1.56468316082e-09, 4.95009699897e-10, 2.48829234994e-10, 1.16631593272e-10, 9.15497747056e-11, 1.18215687239e-10, 7.56938400848e-11, 4.03907948754e-11, 3.24189841638e-11, 3.11960006438e-11, 2.36683103672e-11, 2.32661806487e-11, 5.828591082e-11, 6.09077024927e-11, 3.7638184236e-11, 1.57702566284e-11, 1.13276714397e-11, 1.22621955992e-11, 9.76379480738e-12],
        "dvar2": [4.33608292951e-05, 2.30522746278e-05, 5.34679529665e-05, 9.48131582845e-06, 2.19703315452e-06, 2.26333690989e-06, 6.11791676874e-07, 2.36663282749e-07, 8.48600791414e-07, 2.42558741093e-07, 1.53650859147e-07, 8.4769922637e-08, 3.76440247862e-08, 5.85817154786e-08, 2.66038711061e-08, 1.56728425793e-08, 1.91810940464e-08, 1.99322158778e-08, 1.22926779866e-08, 2.67978683688e-09, 2.47788811691e-09, 3.43603678843e-09, 1.14900000625e-09, 5.41848899083e-10, 2.20025775377e-10, 1.98520463957e-10, 2.6721391766e-10, 1.74665504282e-10, 8.53162471226e-11, 7.47303191551e-11, 6.96987884075e-11, 5.18115376991e-11, 5.39636287045e-11, 1.50823464828e-10, 1.80759088253e-10, 1.04773183185e-10, 3.85575911477e-11, 2.61275289598e-11, 3.15396597728e-11, 2.48722657054e-11],
        "max": [0.0406989343464, 0.0264951139688, 0.0339449159801, 0.0136631391943, 0.00767124630511, 0.0128012960777, 0.00418286584318, 0.0033456524834, 0.00742063205689, 0.00433184579015, 0.00434535555542, 0.00275329011492, 0.00175741675775, 0.00251653045416, 0.00177722761873, 0.000993939465843, 0.00153394264635, 0.00109361519571, 0.000820239481982, 0.000429278705269, 0.00036598261795, 0.000462043448351, 0.00022584781982, 0.000199508605874, 0.000125934398966, 0.000134219255415, 0.000171854291693, 9.60178804235e-05, 6.6562613938e-05, 6.6316279117e-05, 6.24768581474e-05, 4.34110988863e-05, 4.67098434456e-05, 6.10478309682e-05, 5.94461344008e-05, 6.64100880385e-05, 3.42847488355e-05, 3.71002897737e-05, 3.91184985347e-05, 2.89596500807e-05],
        "mean": [0.00424122484401, 0.00179713894613, 0.00102581619285, 0.000631084840279, 0.000521752168424, 0.000497769273352, 0.000227409909712, 0.000190552062122, 0.000334183074301, 0.000209548772546, 0.000198149529751, 0.000130335422, 6.7714630859e-05, 9.46315558394e-05, 3.7130957935e-05, 4.42601885879e-05, 4.69867482025e-05, 5.32279736944e-05, 5.67651222809e-05, 2.90331154247e-05, 2.6504498237e-05, 3.63883809769e-05, 1.89565525943e-05, 1.10241762741e-05, 9.42263250181e-06, 9.61463319982e-06, 8.04491901363e-06, 7.53332187742e-06, 6.11636642134e-06, 5.21824449606e-06, 4.0852210077e-06, 3.13388090944e-06, 2.95899917546e-06, 4.61513445771e-06, 4.81146116726e-06, 3.93156142309e-06, 3.17729222843e-06, 2.83028862214e-06, 2.77171943708e-06, 2.26844258577e-06],
        "median": [0.000690830347594, 0.000162026597536, 0.000104513019323, 0.000222918402869, 0.00028947435203, 0.000132462388137, 3.70333145838e-05, 5.37156847713e-05, 0.000117822564789, 8.50269643706e-05, 5.92681608396e-05, 4.14556234318e-05, 1.51458698383e-05, 1.92732986761e-05, 5.11198595632e-06, 1.36700900839e-05, 1.40985812322e-05, 1.33108196678e-05, 1.14701069833e-05, 6.12862686467e-06, 8.18026182969e-06, 1.30934322442e-05, 5.81840231462e-06, 3.16419072988e-06, 3.61827073903e-06, 4.62048865302e-06, 2.86803697236e-06, 2.92283721137e-06, 2.54692963608e-06, 2.05359015126e-06, 1.42585577123e-06, 9.26127711409e-07, 7.68672236973e-07, 1.25047938582e-06, 1.46349475472e-06, 1.14526699235e-06, 1.00724400909e-06, 1.00948102499e-06, 9.5240528708e-07, 6.16429474576e-07],
        "min": [1.58075108558e-10, 9.62735668963e-10, 3.692208983e-09, 2.63048729465e-08, 6.19591800088e-09, 2.70676747682e-09, 5.92543658584e-09, 5.71869707144e-09, 2.49065679192e-09, 6.36070696114e-10, 1.94361693406e-10, 7.80769338071e-10, 1.31674471326e-09, 2.93664065287e-10, 1.30825475453e-10, 8.92575527378e-11, 4.65806629379e-11, 4.42289052605e-11, 5.17424471325e-11, 3.96029112282e-11, 2.98695165823e-11, 4.20403468981e-11, 5.66864159779e-11, 1.69152920837e-11, 2.21749580503e-11, 1.45648354488e-10, 1.71474362487e-10, 2.32557601648e-11, 2.014858419e-11, 1.13958746953e-11, 2.16740514425e-11, 1.32868317043e-11, 2.0218073743e-11, 2.29757064069e-11, 1.21229467437e-11, 1.5215020216e-11, 1.16079949472e-11, 8.06000318571e-12, 5.77310291586e-12, 3.30211791071e-12],
        "stdev": [0.00743595138192, 0.00403306540102, 0.00333542842418, 0.00144453626126, 0.000797180691734, 0.00104730541352, 0.000495443702675, 0.000352159549948, 0.000632612034678, 0.000373393122572, 0.000367760920199, 0.000244066788582, 0.000139710246003, 0.000216601096326, 9.9467135442e-05, 9.23191546462e-05, 0.000101714002085, 0.000114170346933, 0.000115562303108, 5.56552877242e-05, 4.416541924e-05, 5.36531078978e-05, 3.05544599541e-05, 2.01666898647e-05, 1.48719964272e-05, 1.33216144604e-05, 1.32810455398e-05, 1.14822223622e-05, 8.98077269085e-06, 7.85264364822e-06, 7.12532118996e-06, 5.81525819143e-06, 5.55165979677e-06, 8.32238038129e-06, 8.07663218438e-06, 6.67063022775e-06, 4.99580210089e-06, 4.48116588814e-06, 4.48819992016e-06, 3.92359697798e-06],
        "var": [5.52933743165e-05, 1.62656178873e-05, 1.11250828922e-05, 2.08668484447e-06, 6.35497087842e-07, 1.09684856398e-06, 2.45464462978e-07, 1.24016338532e-07, 4.00197961881e-07, 1.39422425605e-07, 1.35248100719e-07, 5.95685953897e-08, 1.95189535646e-08, 4.6916035501e-08, 9.89371073956e-09, 8.5228260005e-09, 1.03457384881e-08, 1.30348682958e-08, 1.33546462777e-08, 3.09751113647e-09, 1.9505843607e-09, 2.87865598025e-09, 9.33574995088e-10, 4.06695371824e-10, 2.21176271742e-10, 1.77465403484e-10, 1.76386169559e-10, 1.31841440543e-10, 8.06542749254e-11, 6.16640072337e-11, 5.07702005437e-11, 3.38172302661e-11, 3.08209256727e-11, 6.92620127918e-11, 6.5231993418e-11, 4.44973086156e-11, 2.49580391076e-11, 2.00808467077e-11, 2.01439368658e-11, 1.5394612668e-11]
    },
    "melbands128": {
