{
"lowlevel": {
    "average_loudness": 0.934085130692,
    "barkbands_crest": {
        "dmean": 2.62192845345,
        "dmean2": 3.92928004265,
        "dvar": 11.0269041061,
        "dvar2": 22.2036952972,
        "max": 26.550989151,
        "mean": 15.1357564926,
        "median": 15.4705476761,
        "min": 2.52179312706,
        "stdev": 6.06776475906,
        "var": 36.8177719116
    },
    "barkbands_flatness_db": {
        "dmean": 0.033532153815,
        "dmean2": 0.0465695187449,
        "dvar": 0.00202773092315,
        "dvar2": 0.00396780576557,
        "max": 0.68487238884,
        "mean": 0.248843044043,
        "median": 0.223109573126,
        "min": 0.0358625538647,
        "stdev": 0.123263269663,
        "var": 0.0151938330382
    },
    "barkbands_kurtosis": {
        "dmean": 13.6322965622,
        "dmean2": 21.2719135284,
        "dvar": 1210.60241699,
        "dvar2": 2902.66894531,
        "max": 440.331878662,
        "mean": 28.5147094727,
        "median": 6.73135852814,
        "min": -1.9042122364,
        "stdev": 50.2607765198,
        "var": 2526.14550781
    },
    "barkbands_skewness": {
        "dmean": 1.07699465752,
        "dmean2": 1.54117226601,
        "dvar": 2.46430063248,
        "dvar2": 5.26835250854,
        "max": 17.7090950012,
        "mean": 2.90300941467,
        "median": 2.10571503639,
        "min": -5.05552625656,
        "stdev": 3.12184762955,
        "var": 9.74593257904
    },
    "barkbands_spread": {
        "dmean": 5.45444297791,
        "dmean2": 8.09158325195,
        "dvar": 92.7040176392,
        "dvar2": 187.910125732,
        "max": 113.515830994,
        "mean": 13.7824630737,
        "median": 9.78293418884,
        "min": 0.189184814692,
        "stdev": 15.024928093,
        "var": 225.748458862
    },
    "dissonance": {
        "dmean": 0.0249148029834,
        "dmean2": 0.0402839034796,
        "dvar": 0.0010371345561,
        "dvar2": 0.00261440803297,
        "max": 0.500000059605,
        "mean": 0.449746549129,
        "median": 0.461942046881,
        "min": 0.084730155766,
        "stdev": 0.0456665977836,
        "var": 0.00208543799818
    },
    "dynamic_complexity": 4.47208929062,
    "erbbands_crest": {
        "dmean": 3.23713493347,
        "dmean2": 4.92875909805,
        "dvar": 11.2806921005,
        "dvar2": 24.0111217499,
        "max": 32.7972831726,
        "mean": 12.2456483841,
        "median": 10.7111949921,
        "min": 2.73493337631,
        "stdev": 6.16682720184,
        "var": 38.0297584534
    },
    "erbbands_flatness_db": {
        "dmean": 0.0236574038863,
        "dmean2": 0.0330650880933,
        "dvar": 0.000724597310182,
        "dvar2": 0.00138414732646,
        "max": 0.397916853428,
        "mean": 0.207772284746,
        "median": 0.206764355302,
        "min": 0.0599646195769,
        "stdev": 0.0683238878846,
        "var": 0.00466815335676
    },
    "erbbands_kurtosis": {
        "dmean": 1.68098902702,
        "dmean2": 2.57601237297,
        "dvar": 6.2995595932,
        "dvar2": 14.5473136902,
        "max": 30.017578125,
        "mean": 1.89976549149,
        "median": 0.572124242783,
        "min": -1.75674295425,
        "stdev": 3.78794717789,
        "var": 14.3485431671
    },
    "erbbands_skewness": {
        "dmean": 0.515726208687,
        "dmean2": 0.720323979855,
        "dvar": 0.323210984468,
        "dvar2": 0.620777487755,
        "max": 5.20045471191,
        "mean": 0.664694309235,
        "median": 0.611310899258,
        "min": -3.31218123436,
        "stdev": 1.16452980042,
        "var": 1.35612952709
    },
    "erbbands_spread": {
        "dmean": 8.74096775055,
        "dmean2": 13.455496788,
        "dvar": 121.605323792,
        "dvar2": 275.71270752,
        "max": 149.680023193,
        "mean": 33.3416748047,
        "median": 27.6921882629,
        "min": 3.34538650513,
        "stdev": 21.7488269806,
        "var": 473.011505127
    },
    "hfc": {
        "dmean": 6.8390789032,
        "dmean2": 10.4109630585,
        "dvar": 155.708099365,
        "dvar2": 341.717285156,
        "max": 172.920135498,
        "mean": 17.2100410461,
        "median": 15.1158514023,
        "min": 1.16378978526e-16,
        "stdev": 16.8696346283,
        "var": 284.584594727
    },
    "loudness_ebu128": {
        "integrated": -16.1634349823,
        "loudness_range": 3.34495449066,
        "momentary": {
            "dmean": 1.18926799297,
            "dmean2": 1.47327184677,
            "dvar": 4.03762149811,
            "dvar2": 5.53475809097,
            "max": -12.7440242767,
            "mean": -17.6510944366,
            "median": -16.3694572449,
            "min": -50.2646026611,
            "stdev": 4.74921226501,
            "var": 22.555015564
        },
        "short_term": {
            "dmean": 0.119977213442,
            "dmean2": 0.13834092021,
            "dvar": 0.0152952298522,
            "dvar2": 0.0208166223019,
            "max": -14.5503158569,
            "mean": -16.4918937683,
            "median": -16.5110836029,
            "min": -18.8866596222,
            "stdev": 1.27035236359,
            "var": 1.61379504204
        }
    },
    "melbands_crest": {
        "dmean": 3.25112652779,
        "dmean2": 4.84165334702,
        "dvar": 18.0561923981,
        "dvar2": 37.3559684753,
        "max": 38.6950874329,
        "mean": 23.4970149994,
        "median": 23.629776001,
        "min": 2.73925685883,
        "stdev": 10.1955299377,
        "var": 103.948822021
    },
    "melbands_flatness_db": {
        "dmean": 0.0388999544084,
        "dmean2": 0.05136186257,
        "dvar": 0.00295519758947,
        "dvar2": 0.00516971107572,
        "max": 0.822165846825,
        "mean": 0.303806781769,
        "median": 0.271061956882,
        "min": 0.00565038574859,
        "stdev": 0.166791170835,
        "var": 0.0278192944825
    },
    "melbands_kurtosis": {
        "dmean": 30.0060558319,
        "dmean2": 47.4433746338,
        "dvar": 5347.70263672,
        "dvar2": 13098.3515625,
        "max": 1000.20245361,
        "mean": 76.4795608521,
        "median": 14.5438232422,
        "min": -1.82663297653,
        "stdev": 134.393234253,
        "var": 18061.5429688
    },
    "melbands_skewness": {
        "dmean": 1.3612126112,
        "dmean2": 1.97497284412,
        "dvar": 3.9967455864,
        "dvar2": 8.60252952576,
        "max": 24.2710647583,
        "mean": 4.89455223083,
        "median": 3.32943415642,
        "min": -2.84335684776,
        "stdev": 4.69165992737,
        "var": 22.0116729736
    },
    "melbands_spread": {
        "dmean": 9.63608932495,
        "dmean2": 13.8870925903,
        "dvar": 491.734191895,
        "dvar2": 895.587890625,
        "max": 238.118667603,
        "mean": 21.2434558868,
        "median": 10.5872077942,
        "min": 0.0501232519746,
        "stdev": 35.0902175903,
        "var": 1231.32348633
    },
    "pitch_salience": {
        "dmean": 0.0863918587565,
        "dmean2": 0.126650393009,
        "dvar": 0.0129212345928,
        "dvar2": 0.0271946694702,
        "max": 0.94598710537,
        "mean": 0.399531424046,
        "median": 0.393913179636,
        "min": 0.0147477518767,
        "stdev": 0.220120489597,
        "var": 0.0484530292451
    },
    "silence_rate_20dB": {
        "dmean": 0,
        "dmean2": 0,
        "dvar": 0,
        "dvar2": 0,
        "max": 1,
        "mean": 1,
        "median": 1,
        "min": 1,
        "stdev": 0,
        "var": 0
    },
    "silence_rate_30dB": {
        "dmean": 0.0541795678437,
        "dmean2": 0.108443066478,
        "dvar": 0.0512453280389,
        "dvar2": 0.107526615262,
        "max": 1,
        "mean": 0.766434669495,
        "median": 1,
        "min": 0,
        "stdev": 0.423097014427,
        "var": 0.179011076689
    },
    "silence_rate_60dB": {
        "dmean": 0.0386996902525,
        "dmean2": 0.0774593353271,
        "dvar": 0.037202000618,
        "dvar2": 0.0792051851749,
        "max": 1,
        "mean": 0.150812059641,
        "median": 0,
        "min": 0,
        "stdev": 0.357865989208,
        "var": 0.128068059683
    },
    "spectral_centroid": {
        "dmean": 347.829071045,
        "dmean2": 477.032440186,
        "dvar": 374329.875,
        "dvar2": 544494.0625,
        "max": 11205.6884766,
        "mean": 1333.87243652,
        "median": 1006.37408447,
        "min": 60.8749809265,
        "stdev": 1146.37402344,
        "var": 1314173.375
    },
    "spectral_complexity": {
        "dmean": 3.23839020729,
        "dmean2": 5.03020906448,
        "dvar": 28.3797264099,
        "dvar2": 52.1812171936,
        "max": 59,
        "mean": 9.31709194183,
        "median": 8,
        "min": 0,
        "stdev": 8.12116622925,
        "var": 65.9533462524
    },
    "spectral_decrease": {
        "dmean": 3.65735242092e-09,
        "dmean2": 5.06580022375e-09,
        "dvar": 6.63267362637e-17,
        "dvar2": 1.19623405881e-16,
        "max": -1.64567644297e-29,
        "mean": -1.40847191687e-08,
        "median": -6.79989442531e-09,
        "min": -8.68777334517e-08,
        "stdev": 1.60774025204e-08,
        "var": 2.58482850585e-16
    },
    "spectral_energy": {
        "dmean": 0.0141551131383,
        "dmean2": 0.0197483487427,
        "dvar": 0.000962756341323,
        "dvar2": 0.00173821253702,
        "max": 0.331827908754,
        "mean": 0.0547200478613,
        "median": 0.0275008641183,
        "min": 1.06180134602e-20,
        "stdev": 0.0609363988042,
        "var": 0.00371324480511
    },
    "spectral_energyband_high": {
        "dmean": 0.000444500590675,
        "dmean2": 0.000636363460217,
        "dvar": 1.02412786873e-06,
        "dvar2": 1.89103138837e-06,
        "max": 0.0108358105645,
        "mean": 0.000679876597133,
        "median": 0.000160671232152,
        "min": 7.61906045582e-21,
        "stdev": 0.00139265123289,
        "var": 1.93947744265e-06
    },
    "spectral_energyband_low": {
        "dmean": 0.0110358651727,
        "dmean2": 0.015290194191,
        "dvar": 0.00101820228156,
        "dvar2": 0.00201385235414,
        "max": 0.293917536736,
        "mean": 0.0408432222903,
        "median": 0.00222958647646,
        "min": 1.23266319577e-22,
        "stdev": 0.0602232962847,
        "var": 0.0036268455442
    },
    "spectral_energyband_middle_high": {
        "dmean": 0.00185184751172,
        "dmean2": 0.00286332308315,
        "dvar": 1.21616321849e-05,
        "dvar2": 2.73350815405e-05,
        "max": 0.0417865775526,
        "mean": 0.00344705022871,
        "median": 0.0015114734415,
        "min": 1.57737587285e-21,
        "stdev": 0.00468036485836,
        "var": 2.19058147195e-05
    },
    "spectral_energyband_middle_low": {
        "dmean": 0.0068287695758,
        "dmean2": 0.0110479434952,
        "dvar": 0.000355633732397,
        "dvar2": 0.000999428681098,
        "max": 0.167113438249,
        "mean": 0.0103076230735,
        "median": 0.00539811514318,
        "min": 3.43117890625e-22,
        "stdev": 0.0168166067451,
        "var": 0.000282798282569
    },
    "spectral_entropy": {
        "dmean": 0.267025709152,
        "dmean2": 0.360849946737,
        "dvar": 0.125291734934,
        "dvar2": 0.23032361269,
        "max": 9.79817962646,
        "mean": 7.29193401337,
        "median": 7.35452127457,
        "min": 4.59192276001,
        "stdev": 0.769471168518,
        "var": 0.592085897923
    },
    "spectral_flux": {
        "dmean": 0.0367711521685,
        "dmean2": 0.0543896406889,
        "dvar": 0.00343427597545,
        "dvar2": 0.00534005230293,
        "max": 0.568231284618,
        "mean": 0.0808843970299,
        "median": 0.0510031580925,
        "min": 1.03043747146e-10,
        "stdev": 0.0951783657074,
        "var": 0.00905892066658
    },
    "spectral_kurtosis": {
        "dmean": 3.11897444725,
        "dmean2": 4.86286306381,
        "dvar": 59.0635566711,
        "dvar2": 141.443618774,
        "max": 120.134368896,
        "mean": 8.06681442261,
        "median": 4.00910663605,
        "min": -1.23965930939,
        "stdev": 13.8439950943,
        "var": 191.656204224
    },
    "spectral_rms": {
        "dmean": 0.000933191156946,
        "dmean2": 0.00125653424766,
        "dvar": 2.55513009506e-06,
        "dvar2": 4.24660902354e-06,
        "max": 0.017992625013,
        "mean": 0.00605846522376,
        "median": 0.00517977913842,
        "min": 3.21854587253e-12,
        "stdev": 0.00408416474238,
        "var": 1.6680400222e-05
    },
    "spectral_rolloff": {
        "dmean": 582.26361084,
        "dmean2": 906.430664062,
        "dvar": 1923224,
        "dvar2": 3426745.5,
        "max": 18626.2207031,
        "mean": 1524.26245117,
        "median": 602.9296875,
        "min": 21.533203125,
        "stdev": 2340.23217773,
        "var": 5476687
    },
    "spectral_skewness": {
        "dmean": 0.327666521072,
        "dmean2": 0.491339117289,
        "dvar": 0.280345827341,
        "dvar2": 0.634955406189,
        "max": 9.45372867584,
        "mean": 1.85883402824,
        "median": 1.63950228691,
        "min": -0.0355641916394,
        "stdev": 1.08881282806,
        "var": 1.18551325798
    },
    "spectral_spread": {
        "dmean": 651170.4375,
        "dmean2": 913871.3125,
        "dvar": 2.08828301312e+12,
        "dvar2": 2.81100366643e+12,
        "max": 41518584,
        "mean": 4585233,
        "median": 4398616.5,
        "min": 710000.8125,
        "stdev": 2153700.75,
        "var": 4.63842731622e+12
    },
    "spectral_strongpeak": {
        "dmean": 0.437421441078,
        "dmean2": 0.671858310699,
        "dvar": 0.581721842289,
        "dvar2": 1.3288449049,
        "max": 8.43790817261,
        "mean": 1.10058498383,
        "median": 0.535317420959,
        "min": 0,
        "stdev": 1.26680719852,
        "var": 1.60480034351
    },
    "zerocrossingrate": {
        "dmean": 0.0152984717861,
        "dmean2": 0.0155024565756,
        "dvar": 0.00081384414807,
        "dvar2": 0.000746674370021,
        "max": 0.5107421875,
        "mean": 0.0570197701454,
        "median": 0.03564453125,
        "min": 0,
        "stdev": 0.0702044516802,
        "var": 0.00492866523564
    },
    "barkbands": {
        "dmean": [0.00125400943216, 0.00953763071448, 0.00405219709501, 0.00163230730686, 0.00194535707124, 0.00085660739569, 0.00111535121687, 0.00199091038667, 0.000538859632798, 0.000279858533759, 0.00028344563907, 0.000374102819478, 0.000310543749947, 0.000454407767393, 0.000259035150521, 0.000145275276736, 0.000220719419303, 0.000102574631455, 0.000151060870849, 0.000120000622701, 7.25136924302e-05, 0.000111033026769, 0.00011298598838, 8.04798037279e-05, 3.84647210012e-05, 2.38512766373e-05, 1.97519284484e-06],
        "dmean2": [0.00155618425924, 0.0137663828209, 0.00744512211531, 0.0029597452376, 0.00346866203472, 0.0015172206331, 0.00172342685983, 0.00259660650045, 0.000826800940558, 0.000435121561168, 0.000445646524895, 0.000595909368712, 0.000478002650198, 0.0007070498541, 0.000408337888075, 0.000238356267801, 0.000358865538146, 0.00016132973542, 0.00023856574262, 0.000190115664736, 0.000110168060928, 0.000162288954016, 0.000169345425093, 0.000119792879559, 5.43387395737e-05, 3.42159291904e-05, 2.95260656458e-06],
        "dvar": [1.03269430838e-05, 0.000851789314765, 0.000386662955862, 5.88583825447e-05, 6.94920454407e-05, 1.27420180434e-05, 1.09248994704e-05, 2.31264184549e-05, 3.54628218702e-06, 5.65111463402e-07, 1.07844982722e-06, 1.61128173204e-06, 5.23926871665e-07, 1.01297587207e-06, 5.10883069182e-07, 2.85533303668e-07, 2.80497829408e-07, 2.87234939833e-07, 2.41864825057e-07, 1.35012498959e-07, 5.03610202429e-08, 7.39219743195e-08, 6.76503191244e-08, 3.53870284187e-08, 8.67057181608e-09, 3.20534310205e-09, 3.13328807344e-11],
        "dvar2": [1.51901140271e-05, 0.00195200217422, 0.00110104656778, 0.000172625805135, 0.000201305752853, 3.61877901014e-05, 2.31825961237e-05, 4.20846045017e-05, 6.48692412142e-06, 1.06725201476e-06, 2.25954659072e-06, 3.86190959034e-06, 1.07756250145e-06, 2.29085117098e-06, 1.18429136364e-06, 7.22082916127e-07, 7.14277462066e-07, 6.71360339766e-07, 5.82660220516e-07, 2.80232313798e-07, 1.04787893918e-07, 1.43957223031e-07, 1.26843687553e-07, 7.00104223483e-08, 1.56335850932e-08, 5.5847206859e-09, 6.97982782683e-11],
        "max": [0.0661177411675, 0.268405407667, 0.200702011585, 0.0825627297163, 0.0859377682209, 0.041136495769, 0.0451006516814, 0.065625756979, 0.0391767248511, 0.0151518974453, 0.0215688087046, 0.0211703237146, 0.0114179803059, 0.0119439186528, 0.00821614079177, 0.0105122998357, 0.00617761258036, 0.00983628444374, 0.0102968486026, 0.0049622906372, 0.00266452785581, 0.00363001367077, 0.0031982397195, 0.00248180353083, 0.00137762329541, 0.000656335847452, 7.27678561816e-05],
        "mean": [0.00694635044783, 0.0306151695549, 0.002792540472, 0.00153249118011, 0.0019101469079, 0.00065885100048, 0.0015313726617, 0.00366941606626, 0.000872943375725, 0.000401351135224, 0.000361631653504, 0.000487792713102, 0.000437932758359, 0.000602696090937, 0.000330240261974, 0.000158135095262, 0.000315696379403, 9.4160248409e-05, 0.000209753401577, 0.000159223782248, 8.76171397977e-05, 0.000169912484125, 0.000168225931702, 0.000114486661914, 5.32796766493e-05, 3.63163999282e-05, 2.31979197451e-06],
        "median": [4.03581179853e-05, 0.000758526904974, 2.56929833995e-05, 2.20013025682e-05, 0.000153435845277, 2.6937257644e-05, 5.55677470402e-05, 0.000180148737854, 8.15287712612e-05, 9.96604940156e-05, 4.3584521336e-05, 6.06224130024e-05, 7.86453892943e-05, 8.70328804012e-05, 4.82953109895e-05, 3.01868731185e-05, 7.48851016397e-05, 1.30526022986e-05, 4.62306124973e-05, 3.06253714371e-05, 1.2065478586e-05, 4.53144311905e-05, 3.87312029488e-05, 2.32404909184e-05, 7.19444915376e-06, 6.07487027082e-06, 2.56337216342e-07],
        "min": [6.65114188285e-24, 4.60222209412e-23, 5.86324338793e-23, 1.36454051273e-23, 2.88230211017e-23, 3.38520819477e-23, 6.79967808042e-23, 1.82145711096e-23, 1.6598409685e-22, 5.31902907535e-23, 7.15903199065e-23, 9.5357455736e-23, 1.07659343967e-22, 4.92323767991e-23, 2.07796463752e-22, 1.30839295915e-22, 1.10666961365e-22, 3.36693180221e-22, 2.98768382969e-22, 3.13870714792e-22, 3.20459659726e-22, 5.31426788958e-22, 4.8362792704e-22, 1.00947841603e-21, 1.27736790541e-21, 1.82396556242e-21, 2.25075541753e-21],
        "stdev": [0.0126315839589, 0.0480401478708, 0.015059845522, 0.00593620399013, 0.00658502290025, 0.00280609424226, 0.00457268999889, 0.00813389383256, 0.00326061621308, 0.00112835108303, 0.00147412298247, 0.00155945890583, 0.0010657798266, 0.00137623003684, 0.000840349122882, 0.000506249605678, 0.000618299294729, 0.000518567219842, 0.000513716717251, 0.000429244566476, 0.000258998567006, 0.000363129685866, 0.000360372214345, 0.000248394266237, 0.000128477156977, 8.21346329758e-05, 6.52402059131e-06],
        "var": [0.000159556904691, 0.00230785575695, 0.000226798947551, 3.52385177393e-05, 4.33625282312e-05, 7.87416502135e-06, 2.09094923775e-05, 6.61602316541e-05, 1.06316174424e-05, 1.27317628085e-06, 2.17303863792e-06, 2.43191220761e-06, 1.13588657769e-06, 1.89400907402e-06, 7.06186654043e-07, 2.56288672063e-07, 3.82294047085e-07, 2.68911975354e-07, 2.63904837539e-07, 1.84250907864e-07, 6.70802506875e-08, 1.31863174602e-07, 1.2986814113e-07, 6.16997084535e-08, 1.65063802626e-08, 6.74609790252e-09, 4.25628421397e-11]
    },
    "erbbands": {
        "dmean": [0.342304468155, 2.11043810844, 4.40515613556, 5.47486162186, 4.8709769249, 7.45958375931, 7.23902130127, 7.04342889786, 14.687541008, 25.5545902252, 39.7260437012, 13.6803750992, 7.10773992538, 8.56517314911, 13.9215784073, 16.3080711365, 12.6196584702, 21.4381961823, 18.7719993591, 8.72532558441, 9.9727230072, 11.0472402573, 6.06194114685, 5.36506175995, 8.94153881073, 5.21069288254, 2.81936740875, 3.21129393578, 4.25758361816, 3.20092082024, 3.41238856316, 2.32517409325, 1.00229597092, 0.44862139225, 0.276223361492, 0.137053221464, 0.037842579186, 0.00628887815401, 0.000205632677535, 1.90232949535e-05],
        "dmean2": [0.446913182735, 3.18513464928, 7.55844116211, 10.1582489014, 8.58035469055, 13.4646320343, 13.128405571, 12.5127296448, 22.3051986694, 36.6911010742, 51.6444969177, 20.3400402069, 10.9749259949, 13.6145277023, 22.4409236908, 25.1111335754, 19.2994766235, 33.5855369568, 29.4622020721, 14.006401062, 15.9528417587, 17.8823032379, 9.49274921417, 8.54251003265, 14.0716238022, 8.17370605469, 4.273478508, 4.8694486618, 6.32509374619, 4.59527826309, 5.17636823654, 3.50370192528, 1.4871366024, 0.634389460087, 0.391996234655, 0.197162002325, 0.0542638599873, 0.00889752525836, 0.000299939303659, 2.74361391348e-05],
        "dvar": [0.708526015282, 56.3826255798, 382.403045654, 716.924621582, 437.75189209, 1083.15039062, 939.297607422, 943.109802246, 2218.16918945, 4309.93945312, 11030.4931641, 2028.18127441, 465.338226318, 605.952880859, 2657.72900391, 2497.37451172, 936.670349121, 1987.7142334, 2194.68652344, 798.727905273, 1085.03356934, 897.82409668, 768.071166992, 605.126586914, 644.330383301, 309.847717285, 101.985343933, 81.0894470215, 114.10761261, 50.3000907898, 63.6525840759, 28.1236152649, 6.42746400833, 1.18564546108, 0.475181519985, 0.111937388778, 0.00814967602491, 0.000239031738602, 3.10654343139e-07, 1.20947241111e-09],
        "dvar2": [1.70248842239, 123.618537903, 1010.62182617, 2085.87182617, 1258.0715332, 3148.28125, 2702.10961914, 2698.6484375, 4830.87207031, 9037.47753906, 17551.6523438, 3563.44189453, 963.411682129, 1084.21362305, 5913.50292969, 5220.11035156, 1921.76953125, 4528.98583984, 5074.88525391, 1939.85144043, 2790.18139648, 2293.9753418, 1755.62194824, 1431.47875977, 1536.40966797, 642.334655762, 212.258575439, 169.502090454, 232.451293945, 101.202308655, 118.901321411, 53.7556762695, 13.2733516693, 2.1836180687, 0.873407423496, 0.197761312127, 0.0150965331122, 0.000465248129331, 6.52654591704e-07, 2.26676077908e-09],
        "max": [9.78817176819, 67.7487335205, 185.076156616, 256.359283447, 227.104095459, 334.927459717, 376.645904541, 424.987182617, 654.430969238, 1023.39038086, 1671.06762695, 1049.5612793, 589.715759277, 613.122497559, 1044.53845215, 859.864562988, 544.325622559, 670.68927002, 484.420684814, 419.228271484, 683.105163574, 371.272796631, 505.320739746, 504.077331543, 535.503234863, 248.689285278, 136.232910156, 108.369110107, 133.521728516, 78.6791229248, 106.501533508, 62.3265686035, 30.7025814056, 16.1087913513, 10.384721756, 3.99912977219, 1.08748352528, 0.178787082434, 0.00756095908582, 0.000361813232303],
        "mean": [1.64474499226, 3.79159641266, 3.65672874451, 4.58869981766, 5.08852481842, 6.89120721817, 6.15425825119, 5.60563993454, 19.7043209076, 39.2518768311, 79.8561096191, 27.4019813538, 10.1784200668, 12.7510871887, 18.0795669556, 23.3347568512, 18.703037262, 29.9582309723, 26.4129333496, 10.5706996918, 13.2047138214, 14.1727132797, 6.23281908035, 5.81039857864, 13.7673273087, 7.37325811386, 3.30093336105, 4.14757013321, 6.41659927368, 4.55443000793, 5.09258747101, 3.4244081974, 1.39281868935, 0.601011097431, 0.392718285322, 0.207480803132, 0.0548662208021, 0.00878923665732, 0.000284688285319, 6.90732194926e-05],
        "median": [0.0151683073491, 0.113790214062, 0.0781928375363, 0.123119913042, 0.297409683466, 0.464497625828, 0.482664734125, 0.396298319101, 0.919151961803, 4.3494310379, 5.43158817291, 2.9723072052, 3.21210074425, 3.01053166389, 2.95916986465, 3.06251835823, 4.23420476913, 5.53086328506, 3.82104063034, 2.00241589546, 3.12160539627, 3.64958500862, 1.08504831791, 1.15482699871, 3.73796510696, 1.78161251545, 0.507041275501, 0.660719633102, 1.67478072643, 1.19665873051, 1.14983463287, 0.754167556763, 0.244360595942, 0.0778094008565, 0.0595092028379, 0.0354421623051, 0.00885147042572, 0.00128449208569, 7.13638874004e-05, 4.35785877926e-05],
        "min": [2.2026040547e-21, 7.60539581985e-21, 5.79462378819e-20, 6.59195804403e-20, 6.3802179018e-20, 1.08632272753e-19, 1.35832439911e-19, 2.79480883581e-19, 9.3411955612e-19, 7.48506430517e-19, 6.67279982702e-19, 4.71150289586e-18, 1.60356168554e-18, 2.1959138906e-18, 3.21765834337e-18, 4.33489418041e-18, 4.51471704173e-18, 3.67004486794e-18, 5.07083594422e-18, 1.01810671923e-17, 8.56411190167e-18, 7.5784244586e-18, 1.65578943515e-17, 1.46346051287e-17, 1.57214129202e-17, 1.68091521169e-17, 1.3619489081e-17, 1.44561392572e-17, 1.82845528165e-17, 1.58872146565e-17, 1.46468358213e-17, 1.75348260878e-17, 1.83614673786e-17, 1.15119743281e-17, 1.09630547921e-17, 5.49150112628e-18, 3.62765641104e-18, 1.37884318289e-18, 3.1307553169e-19, 3.34180967471e-20],
        "stdev": [2.47523832321, 8.64363098145, 16.5847873688, 20.3750572205, 17.5361042023, 25.5835189819, 23.967622757, 24.0367488861, 65.5689544678, 98.7093582153, 192.836425781, 86.2421951294, 29.5000534058, 39.2763786316, 65.4784927368, 70.7180862427, 45.2666015625, 58.670337677, 60.2747268677, 29.0975513458, 33.234752655, 30.7208404541, 27.6036663055, 23.8793258667, 28.2273616791, 20.4466724396, 11.1785726547, 10.8342971802, 14.0065879822, 9.28152370453, 11.2343378067, 7.25691747665, 3.17758011818, 1.45946800709, 0.949030280113, 0.482845306396, 0.125300094485, 0.020785830915, 0.00068574649049, 6.6692562541e-05],
        "var": [6.12680530548, 74.712348938, 275.055175781, 415.142974854, 307.514923096, 654.516479492, 574.446899414, 577.765319824, 4299.28759766, 9743.53808594, 37185.8867188, 7437.71630859, 870.253173828, 1542.6340332, 4287.43310547, 5001.04736328, 2049.06518555, 3442.20849609, 3633.04248047, 846.667541504, 1104.54882812, 943.770080566, 761.962341309, 570.222229004, 796.783996582, 418.066375732, 124.960487366, 117.381988525, 196.184509277, 86.1466751099, 126.210342407, 52.662853241, 10.0970153809, 2.13004684448, 0.900658488274, 0.233139589429, 0.0157001130283, 0.000432050757809, 4.70248266993e-07, 4.44789760579e-09]
    },
    "gfcc": {
        "mean": [-91.8213882446, 67.2914886475, -126.075080872, 10.9608669281, -60.6638450623, 18.5969486237, -27.5757255554, 8.36336994171, -7.28926038742, 7.46479034424, -9.64424228668, -0.68125629425, -14.2342605591],
        "cov": [[19314.0410156, -2187.16748047, 163.398635864, 692.739624023, -1000.02313232, 445.622497559, -1137.42797852, 638.130065918, -327.335601807, 427.558197021, -354.223205566, 119.533958435, -846.742248535], [-2187.16748047, 6533.22753906, 2730.43994141, 670.345947266, 2410.56982422, 251.174926758, 1173.37646484, -412.733978271, 374.448608398, -618.851013184, 413.830291748, -288.005706787, 501.260253906], [163.398635864, 2730.43994141, 3098.26074219, 1187.95153809, 1743.41003418, 759.567382812, 793.482116699, -7.21408510208, 70.5065231323, -211.278015137, 137.576644897, 22.4827518463, 253.962585449], [692.739624023, 670.345947266, 1187.95153809, 1200.83813477, 692.072692871, 552.565185547, 428.216827393, 81.0880966187, 101.247276306, -29.2069549561, 79.0296020508, -17.6761188507, 70.0182342529], [-1000.02313232, 2410.56982422, 1743.41003418, 692.072692871, 1608.82592773, 514.677307129, 821.333679199, 138.804794312, 311.066009521, -76.8378753662, 253.530929565, -71.0526351929, 257.236968994], [445.622497559, 251.174926758, 759.567382812, 552.565185547, 514.677307129, 591.480712891, 434.211303711, 262.293182373, 114.486427307, 79.0601501465, 116.010856628, 47.293926239, -4.09896469116], [-1137.42797852, 1173.37646484, 793.482116699, 428.216827393, 821.333679199, 434.211303711, 781.650024414, 240.443588257, 262.68927002, -0.157026693225, 228.888809204, -48.7074966431, 117.149559021], [638.130065918, -412.733978271, -7.21408510208, 81.0880966187, 138.804794312, 262.293182373, 240.443588257, 507.786560059, 224.89642334, 240.353286743, 122.467079163, 58.4311027527, -65.2782211304], [-327.335601807, 374.448608398, 70.5065231323, 101.247276306, 311.066009521, 114.486427307, 262.68927002, 224.89642334, 353.248901367, 141.818145752, 139.623565674, -38.5130271912, 35.0345153809], [427.558197021, -618.851013184, -211.278015137, -29.2069549561, -76.8378753662, 79.0601501465, -0.157026693225, 240.353286743, 141.818145752, 289.163269043, 78.8048171997, 68.2952423096, -61.3376197815], [-354.223205566, 413.830291748, 137.576644897, 79.0296020508, 253.530929565, 116.010856628, 228.888809204, 122.467079163, 139.623565674, 78.8048171997, 196.10736084, 47.1938056946, 44.7068061829], [119.533958435, -288.005706787, 22.4827518463, -17.6761188507, -71.0526351929, 47.293926239, -48.7074966431, 58.4311027527, -38.5130271912, 68.2952423096, 47.1938056946, 170.462905884, 18.9549846649], [-846.742248535, 501.260253906, 253.962585449, 70.0182342529, 257.236968994, -4.09896469116, 117.149559021, -65.2782211304, 35.0345153809, -61.3376197815, 44.7068061829, 18.9549846649, 168.176864624]],
        "icov": [[9.94602887658e-05, -8.43421366881e-05, -2.1128273147e-05, -0.000110343375127, 6.20965438429e-05, -0.000102791833342, 0.0003305846476, -0.000284118665149, 0.000113031426736, -8.65723704919e-05, 6.3334024162e-05, 3.28693677147e-05, 0.000316287885653], [-8.43421366881e-05, 0.000996170332655, -0.000431487598689, 0.000374970317353, -0.000841498025693, 0.000686809013132, -0.00032144744182, 0.000867145950906, -0.000874845718499, 0.00168713787571, -0.00180897908285, 0.000514103157911, 0.000186570061487], [-2.1128273147e-05, -0.000431487598689, 0.001737478422, -0.000639972975478, -0.00139565824065, -0.000567461305764, -8.70021249284e-05, 0.000139152922202, 0.000861630949657, -0.000504181429278, 0.00198209448718, -0.00169860338792, 0.000359081517672], [-0.000110343375127, 0.000374970317353, -0.000639972975478, 0.00215487228706, 9.22138133319e-05, -0.00159032247029, -4.2329171265e-05, 0.000972979760263, -0.000832707912195, 0.000556926941499, -0.000830261211377, 0.0010714934906, -0.000900036131497], [6.20965438429e-05, -0.000841498025693, -0.00139565824065, 9.22138133319e-05, 0.00475788209587, -0.00120363663882, -0.00044472006266, -0.000990412430838, -0.000365764077287, -0.00131725799292, -0.000522313232068, 0.00218151183799, -0.00300276419148], [-0.000102791833342, 0.000686809013132, -0.000567461305764, -0.00159032247029, -0.00120363663882, 0.00755605613813, -0.00330673134886, -0.000790218589827, 0.000516613421496, 0.000271185243037, 0.000252358760918, -0.00254588713869, 0.0031874589622], [0.0003305846476, -0.00032144744182, -8.70021249284e-05, -4.2329171265e-05, -0.00044472006266, -0.00330673134886, 0.00696043064818, -0.00247337901965, -0.000199330752366, 0.00172052904963, -0.00376448128372, 0.00323466933332, -0.00113223388325], [-0.000284118665149, 0.000867145950906, 0.000139152922202, 0.000972979760263, -0.000990412430838, -0.000790218589827, -0.00247337901965, 0.00699189864099, -0.00291452440433, -0.00114943785593, 5.58171595912e-05, -0.00195206748322, 0.00169529684354], [0.000113031426736, -0.000874845718499, 0.000861630949657, -0.000832707912195, -0.000365764077287, 0.000516613421496, -0.000199330752366, -0.00291452440433, 0.00865878723562, -0.00446096714586, -0.000691039022058, 0.00302242278121, -0.00178596854676], [-8.65723704919e-05, 0.00168713787571, -0.000504181429278, 0.000556926941499, -0.00131725799292, 0.000271185243037, 0.00172052904963, -0.00114943785593, -0.00446096714586, 0.0117315435782, -0.00505981594324, -0.0012479100842, 0.00213555013761], [6.3334024162e-05, -0.00180897908285, 0.00198209448718, -0.000830261211377, -0.000522313232068, 0.000252358760918, -0.00376448128372, 5.58171595912e-05, -0.000691039022058, -0.00505981594324, 0.0169939529151, -0.00779491709545, 0.00117172172759], [3.28693677147e-05, 0.000514103157911, -0.00169860338792, 0.0010714934906, 0.00218151183799, -0.00254588713869, 0.00323466933332, -0.00195206748322, 0.00302242278121, -0.0012479100842, -0.00779491709545, 0.0142954960465, -0.00628146203235], [0.000316287885653, 0.000186570061487, 0.000359081517672, -0.000900036131497, -0.00300276419148, 0.0031874589622, -0.00113223388325, 0.00169529684354, -0.00178596854676, 0.00213555013761, 0.00117172172759, -0.00628146203235, 0.0144797256216]]
    },
    "melbands": {
        "dmean": [0.00277564139105, 0.00215771212243, 0.000895404315088, 0.000427834107541, 0.000278388208244, 0.00016150160809, 0.000224757372052, 0.000310403353069, 0.000289451651042, 7.08921288606e-05, 3.49260735675e-05, 3.48472676706e-05, 4.21005388489e-05, 4.57706337329e-05, 3.62780738214e-05, 2.99438434013e-05, 4.25108773925e-05, 3.45191292581e-05, 1.50841369759e-05, 9.59748558671e-06, 1.35159843921e-05, 1.33301364258e-05, 6.86508292347e-06, 4.9853465498e-06, 4.13594807469e-06, 6.65742163619e-06, 6.18289004706e-06, 3.02292232846e-06, 1.74083129423e-06, 1.76926937456e-06, 1.90999458027e-06, 2.56674366028e-06, 2.21026357394e-06, 1.68190763361e-06, 2.01406214728e-06, 2.02811429517e-06, 1.295841912e-06, 7.65138452152e-07, 4.8992359325e-07, 3.55348930725e-07],
        "dmean2": [0.00373599445447, 0.00311279064044, 0.00164696446154, 0.00076089304639, 0.000505120435264, 0.000286489026621, 0.00033986926428, 0.000438489660155, 0.000383063452318, 0.000108695036033, 5.39750108146e-05, 5.58548599656e-05, 6.87652718625e-05, 7.30161409592e-05, 5.67926435906e-05, 4.63562646473e-05, 6.63258688292e-05, 5.42776688235e-05, 2.3648759452e-05, 1.56259266078e-05, 2.1658715923e-05, 2.19042358367e-05, 1.10817563836e-05, 7.83356608736e-06, 6.64903200231e-06, 1.07336809378e-05, 9.70068231254e-06, 4.81948563902e-06, 2.67480959337e-06, 2.6645059279e-06, 2.97065548693e-06, 3.90199102185e-06, 3.30160196427e-06, 2.50753441833e-06, 3.06468496092e-06, 3.04006130136e-06, 1.99293049263e-06, 1.15911166176e-06, 7.23120933799e-07, 5.03312605815e-07],
        "dvar": [5.53069330635e-05, 6.555840082e-05, 1.81073519343e-05, 3.43320380125e-06, 1.40509519042e-06, 4.68229586659e-07, 5.09901497026e-07, 6.09616563452e-07, 5.71936823235e-07, 6.59305072759e-08, 1.14458806877e-08, 1.09420046357e-08, 2.3893965917e-08, 2.49691627374e-08, 8.47325232201e-09, 4.70290251187e-09, 7.98390686896e-09, 7.9500042105e-09, 1.97477501018e-09, 9.08216057915e-10, 1.8494875631e-09, 1.28163857305e-09, 5.82951409367e-10, 7.27816029666e-10, 3.60228374907e-10, 4.51923692912e-10, 2.20202342471e-10, 1.37068717487e-10, 4.33291527657e-11, 2.9483308156e-11, 2.90646656048e-11, 4.5201661858e-11, 2.73784935695e-11, 1.40383746294e-11, 2.26367188882e-11, 2.27008221249e-11, 8.77345938954e-12, 3.68503621714e-12, 1.7420518153e-12, 7.90843681774e-13],
        "dvar2": [0.000131204680656, 0.000143367273267, 5.23390590388e-05, 9.93118374026e-06, 4.06037543144e-06, 1.32653019591e-06, 1.08951962829e-06, 1.28031263102e-06, 9.08082597562e-07, 1.13504839305e-07, 2.38333548452e-08, 1.92778077945e-08, 5.24609511388e-08, 6.11739494616e-08, 1.92085725104e-08, 9.98689753118e-09, 1.79825487834e-08, 1.81346013761e-08, 4.79625228422e-09, 2.23820673106e-09, 4.80012651849e-09, 3.33234040362e-09, 1.3027098289e-09, 1.73504355327e-09, 8.53969839287e-10, 1.11543796422e-09, 4.71793104584e-10, 2.92635526922e-10, 9.2109000982e-11, 6.25584792302e-11, 6.2445083826e-11, 9.55715853679e-11, 5.5397856441e-11, 2.95732292821e-11, 4.43732550703e-11, 4.59291805976e-11, 1.71993877474e-11, 7.83568088886e-12, 3.69788791602e-12, 1.51687234821e-12],
        "max": [0.072347573936, 0.0730812400579, 0.0402187779546, 0.0189561992884, 0.01395361498, 0.00920217577368, 0.0102535989136, 0.0129925496876, 0.0116731496528, 0.00570173980668, 0.00290925754234, 0.00264758197591, 0.00294272392057, 0.00299905496649, 0.00112926575821, 0.000859297870193, 0.00141461356543, 0.00104307197034, 0.00056721403962, 0.000361314596375, 0.000893666932825, 0.000463761098217, 0.000384538638173, 0.000474284752272, 0.000384581508115, 0.000422914861701, 0.000250700686593, 0.000150372754433, 9.36102878768e-05, 7.5145282608e-05, 6.91719906172e-05, 9.53558337642e-05, 6.86364946887e-05, 3.79943958251e-05, 7.41160183679e-05, 6.61415688228e-05, 4.06625113101e-05, 2.34271301451e-05, 2.25780240726e-05, 1.42872613651e-05],
        "mean": [0.011257244274, 0.00273712468334, 0.00079778424697, 0.000426809448982, 0.000241442583501, 0.000127560066176, 0.000303439446725, 0.000486490054755, 0.000608965463471, 0.000125155376736, 4.61359704786e-05, 5.05954230903e-05, 5.33655656909e-05, 6.09364724369e-05, 4.79572881886e-05, 4.22990960942e-05, 5.7842451497e-05, 4.65960220026e-05, 1.84040745808e-05, 1.05713925223e-05, 1.8073073079e-05, 1.74921187863e-05, 7.38743483453e-06, 4.52484664493e-06, 4.16115562984e-06, 9.30892201723e-06, 9.53500875767e-06, 3.75278659703e-06, 1.88924150279e-06, 2.10507846532e-06, 2.42021974373e-06, 3.6544388422e-06, 3.28900569002e-06, 2.23262645704e-06, 2.85964551949e-06, 2.9232610359e-06, 1.81221616913e-06, 1.04758953512e-06, 6.14889643202e-07, 4.65376729153e-07],
        "median": [0.000175929118996, 0.000106779669295, 3.05506146105e-05, 3.42400198861e-05, 1.58867587743e-05, 6.57766122458e-06, 1.06499182948e-05, 4.89967897011e-05, 3.75463387172e-05, 1.43132328958e-05, 1.17136860354e-05, 9.79680044111e-06, 7.47033982407e-06, 7.98318433226e-06, 7.76534398028e-06, 8.13509814179e-06, 9.18745354284e-06, 5.23776679984e-06, 3.02759940496e-06, 1.96330688595e-06, 3.8748935367e-06, 4.47171623819e-06, 9.92027935354e-07, 6.18435990418e-07, 6.90522767854e-07, 2.12199165617e-06, 2.43900103669e-06, 6.06776552559e-07, 2.37202854692e-07, 2.71737434332e-07, 3.69600883232e-07, 8.60926093083e-07, 9.11146742055e-07, 5.01251065543e-07, 6.02333386723e-07, 6.43413500256e-07, 3.94961404027e-07, 1.74227977823e-07, 8.13232574615e-08, 5.33702255723e-08],
        "min": [1.48189871851e-23, 2.23070110919e-23, 1.05844701983e-23, 7.16529381074e-24, 4.49990517811e-24, 6.30610161709e-24, 1.51497802285e-23, 7.40214377551e-24, 7.73951591885e-24, 2.90479569002e-23, 6.77312975551e-24, 8.45416631213e-24, 1.04598001986e-23, 1.01382612825e-23, 1.03548596101e-23, 1.14494309373e-23, 5.92045355293e-24, 5.42874274564e-24, 1.7972360835e-23, 7.77013161058e-24, 1.06747647953e-23, 7.45210628094e-24, 8.75502839505e-24, 1.90551229145e-23, 1.06713608604e-23, 1.10832188282e-23, 1.06077810381e-23, 1.13713297634e-23, 9.75969245609e-24, 5.11141595234e-24, 9.98580996824e-24, 9.68937102841e-24, 1.15315513576e-23, 7.70756862991e-24, 7.97032320908e-24, 9.21878078857e-24, 1.06957847829e-23, 1.45844998588e-23, 8.72019229748e-24, 9.78456760701e-24],
        "stdev": [0.0167415756732, 0.00846789032221, 0.00328083825298, 0.00147383555304, 0.000925695931073, 0.000545668182895, 0.00100238155574, 0.0011851277668, 0.00145468616392, 0.000461169693153, 0.000145374695421, 0.000165108111105, 0.000205802527489, 0.000184201417142, 0.000122369354358, 9.67147425399e-05, 0.000117364252219, 0.0001180712934, 4.76442328363e-05, 3.11077237711e-05, 4.46411795565e-05, 3.70433335775e-05, 2.53939560935e-05, 2.57884476014e-05, 1.83708671102e-05, 2.18822569877e-05, 1.91720828298e-05, 1.28620285977e-05, 7.08222796675e-06, 6.29185797152e-06, 6.38070969217e-06, 8.48427862365e-06, 6.88252885084e-06, 4.68470716442e-06, 6.58531098452e-06, 6.31786951999e-06, 3.95138340537e-06, 2.38803022512e-06, 1.56429018716e-06, 1.16963906294e-06],
        "var": [0.000280280364677, 7.17051734682e-05, 1.07638998088e-05, 2.17219121623e-06, 8.56913004554e-07, 2.97753786072e-07, 1.00476881926e-06, 1.4045278931e-06, 2.11611200029e-06, 2.12677491618e-07, 2.11338022638e-08, 2.72606861529e-08, 4.23546815398e-08, 3.3930160015e-08, 1.49742600541e-08, 9.35374178113e-09, 1.37743683126e-08, 1.3940830712e-08, 2.26997287633e-09, 9.67690372278e-10, 1.99283478608e-09, 1.37220856899e-09, 6.44853004328e-10, 6.65044019854e-10, 3.37488731406e-10, 4.78833139805e-10, 3.67568725457e-10, 1.65431779386e-10, 5.0157954179e-11, 3.95874756587e-11, 4.07134534419e-11, 7.19829890139e-11, 4.73692023106e-11, 2.19464828255e-11, 4.33663209509e-11, 3.99154771735e-11, 1.5613432422e-11, 5.70268832156e-12, 2.44700375414e-12, 1.36805540854e-12]
    },
    "melbands128": {
