{
"lowlevel": {
    "average_loudness": 0.955055475235,
    "barkbands_crest": {
        "dmean": 3.02591013908,
        "dmean2": 4.72639513016,
        "dvar": 9.41625118256,
        "dvar2": 21.0195331573,
        "max": 26.2103710175,
        "mean": 12.8371734619,
        "median": 12.0615940094,
        "min": 2.73836302757,
        "stdev": 5.03655815125,
        "var": 25.3669185638
    },
    "barkbands_flatness_db": {
        "dmean": 0.037671007216,
        "dmean2": 0.0535796768963,
        "dvar": 0.00135233649053,
        "dvar2": 0.00249537057243,
        "max": 0.442014664412,
        "mean": 0.201084852219,
        "median": 0.190749645233,
        "min": 0.0262141656131,
        "stdev": 0.077428586781,
        "var": 0.00599518604577
    },
    "barkbands_kurtosis": {
        "dmean": 9.99784088135,
        "dmean2": 15.5360412598,
        "dvar": 520.623535156,
        "dvar2": 1224.76843262,
        "max": 384.161499023,
        "mean": 13.8778095245,
        "median": 6.21765041351,
        "min": -1.91985440254,
        "stdev": 27.040309906,
        "var": 731.178344727
    },
    "barkbands_skewness": {
        "dmean": 0.964077532291,
        "dmean2": 1.41133880615,
        "dvar": 1.37158501148,
        "dvar2": 2.72787380219,
        "max": 17.1817054749,
        "mean": 2.46298646927,
        "median": 2.07586598396,
        "min": -2.76263594627,
        "stdev": 2.00077605247,
        "var": 4.00310468674
    },
    "barkbands_spread": {
        "dmean": 7.65702533722,
        "dmean2": 11.7572507858,
        "dvar": 138.491897583,
        "dvar2": 314.749603271,
        "max": 115.611953735,
        "mean": 16.3205680847,
        "median": 10.5427732468,
        "min": 0.338053554296,
        "stdev": 16.6151447296,
        "var": 276.063018799
    },
    "dissonance": {
        "dmean": 0.0324510447681,
        "dmean2": 0.0534705370665,
        "dvar": 0.000812069803942,
        "dvar2": 0.00203643669374,
        "max": 0.497544199228,
        "mean": 0.429570138454,
        "median": 0.437860459089,
        "min": 0.257110714912,
        "stdev": 0.0427076630294,
        "var": 0.00182394438889
    },
    "dynamic_complexity": 2.11234068871,
    "erbbands_crest": {
        "dmean": 3.21284794807,
        "dmean2": 5.21965408325,
        "dvar": 8.86230754852,
        "dvar2": 20.371011734,
        "max": 26.9109764099,
        "mean": 10.7458143234,
        "median": 9.8894739151,
        "min": 2.92841506004,
        "stdev": 4.60407161713,
        "var": 21.1974773407
    },
    "erbbands_flatness_db": {
        "dmean": 0.0299844890833,
        "dmean2": 0.0439910553396,
        "dvar": 0.000889121729415,
        "dvar2": 0.00176498910878,
        "max": 0.353462576866,
        "mean": 0.176787018776,
        "median": 0.172549337149,
        "min": 0.0667372718453,
        "stdev": 0.0514746531844,
        "var": 0.00264963996597
    },
    "erbbands_kurtosis": {
        "dmean": 2.29398322105,
        "dmean2": 3.68555283546,
        "dvar": 15.5427980423,
        "dvar2": 36.4503860474,
        "max": 76.2788696289,
        "mean": 2.23042297363,
        "median": 1.20008897781,
        "min": -1.86696302891,
        "stdev": 4.71104335785,
        "var": 22.1939315796
    },
    "erbbands_skewness": {
        "dmean": 0.598141252995,
        "dmean2": 0.923494517803,
        "dvar": 0.369745790958,
        "dvar2": 0.868564009666,
        "max": 6.48273801804,
        "mean": 0.914843380451,
        "median": 0.850728273392,
        "min": -2.95457696915,
        "stdev": 0.980960428715,
        "var": 0.962283313274
    },
    "erbbands_spread": {
        "dmean": 14.7914419174,
        "dmean2": 23.4798870087,
        "dvar": 384.552886963,
        "dvar2": 880.437255859,
        "max": 166.032165527,
        "mean": 37.0214691162,
        "median": 30.4414558411,
        "min": 2.18309140205,
        "stdev": 25.844865799,
        "var": 667.957092285
    },
    "hfc": {
        "dmean": 10.9036140442,
        "dmean2": 17.3676757812,
        "dvar": 375.55090332,
        "dvar2": 934.524597168,
        "max": 158.948547363,
        "mean": 18.0808811188,
        "median": 12.120965004,
        "min": 1.24600743533e-16,
        "stdev": 20.6542606354,
        "var": 426.598449707
    },
    "loudness_ebu128": {
        "integrated": -11.6465511322,
        "loudness_range": 2.07548332214,
        "momentary": {
            "dmean": 0.752864122391,
            "dmean2": 1.00762081146,
            "dvar": 0.402724266052,
            "dvar2": 0.72479724884,
            "max": -8.39397525787,
            "mean": -11.9980106354,
            "median": -11.7810258865,
            "min": -16.2360897064,
            "stdev": 1.78389918804,
            "var": 3.18229627609
        },
        "short_term": {
            "dmean": 0.106874972582,
            "dmean2": 0.128319948912,
            "dvar": 0.00769574986771,
            "dvar2": 0.0111434934661,
            "max": -10.2867593765,
            "mean": -11.7540721893,
            "median": -11.6956567764,
            "min": -13.142745018,
            "stdev": 0.711682021618,
            "var": 0.506491303444
        }
    },
    "melbands_crest": {
        "dmean": 3.14244675636,
        "dmean2": 4.82872962952,
        "dvar": 9.0907125473,
        "dvar2": 19.4460525513,
        "max": 33.6229705811,
        "mean": 15.6027908325,
        "median": 15.1932792664,
        "min": 2.37311697006,
        "stdev": 5.21566724777,
        "var": 27.2031860352
    },
    "melbands_flatness_db": {
        "dmean": 0.0447073057294,
        "dmean2": 0.061752833426,
        "dvar": 0.00199779774994,
        "dvar2": 0.00336615974084,
        "max": 0.585865139961,
        "mean": 0.276904821396,
        "median": 0.266012042761,
        "min": 0.006790779531,
        "stdev": 0.104926533997,
        "var": 0.0110095776618
    },
    "melbands_kurtosis": {
        "dmean": 17.8301296234,
        "dmean2": 27.8316764832,
        "dvar": 1800.05126953,
        "dvar2": 3980.74169922,
        "max": 633.754211426,
        "mean": 26.1828422546,
        "median": 12.4117774963,
        "min": -1.87099325657,
        "stdev": 49.4658737183,
        "var": 2446.87255859
    },
    "melbands_skewness": {
        "dmean": 1.15669989586,
        "dmean2": 1.73962938786,
        "dvar": 2.09587836266,
        "dvar2": 4.26667356491,
        "max": 18.6355266571,
        "mean": 3.25682735443,
        "median": 2.74216580391,
        "min": -0.713422119617,
        "stdev": 2.27281808853,
        "var": 5.16570234299
    },
    "melbands_spread": {
        "dmean": 7.86228275299,
        "dmean2": 11.8407230377,
        "dvar": 247.233474731,
        "dvar2": 541.684082031,
        "max": 239.642959595,
        "mean": 16.5172405243,
        "median": 9.45935535431,
        "min": 0.494902521372,
        "stdev": 21.2757282257,
        "var": 452.656616211
    },
    "pitch_salience": {
        "dmean": 0.0826492160559,
        "dmean2": 0.128904819489,
        "dvar": 0.00706492550671,
        "dvar2": 0.0163966268301,
        "max": 0.823238790035,
        "mean": 0.490861535072,
        "median": 0.494954228401,
        "min": 0.0927831679583,
        "stdev": 0.12927390635,
        "var": 0.0167117416859
    },
    "silence_rate_20dB": {
        "dmean": 0,
        "dmean2": 0,
        "dvar": 0,
        "dvar2": 0,
        "max": 1,
        "mean": 1,
        "median": 1,
        "min": 1,
        "stdev": 0,
        "var": 0
    },
    "silence_rate_30dB": {
        "dmean": 0.0495356023312,
        "dmean2": 0.0991479456425,
        "dvar": 0.0470811165869,
        "dvar2": 0.0893160775304,
        "max": 1,
        "mean": 0.929621040821,
        "median": 1,
        "min": 0,
        "stdev": 0.255783051252,
        "var": 0.0654249638319
    },
    "silence_rate_60dB": {
        "dmean": 0.0193498451263,
        "dmean2": 0.0387296676636,
        "dvar": 0.0189752168953,
        "dvar2": 0.0449749790132,
        "max": 1,
        "mean": 0.0247486457229,
        "median": 0,
        "min": 0,
        "stdev": 0.155357465148,
        "var": 0.0241359435022
    },
    "spectral_centroid": {
        "dmean": 300.390258789,
        "dmean2": 443.106567383,
        "dvar": 229715.859375,
        "dvar2": 422378.96875,
        "max": 10851.3623047,
        "mean": 957.577453613,
        "median": 696.327026367,
        "min": 163.60496521,
        "stdev": 730.656433105,
        "var": 533858.8125
    },
    "spectral_complexity": {
        "dmean": 3.34752321243,
        "dmean2": 4.91092157364,
        "dvar": 19.2593421936,
        "dvar2": 38.0919532776,
        "max": 49,
        "mean": 11.8507347107,
        "median": 10,
        "min": 0,
        "stdev": 6.68286323547,
        "var": 44.6606636047
    },
    "spectral_decrease": {
        "dmean": 4.03301303464e-09,
        "dmean2": 6.16187723068e-09,
        "dvar": 5.10354622252e-17,
        "dvar2": 1.1721734262e-16,
        "max": 1.41568513902e-28,
        "mean": -9.31972987672e-09,
        "median": -6.35900843093e-09,
        "min": -6.3467204825e-08,
        "stdev": 9.69422764285e-09,
        "var": 9.39780474175e-17
    },
    "spectral_energy": {
        "dmean": 0.0159679856151,
        "dmean2": 0.0243697483093,
        "dvar": 0.000758921203669,
        "dvar2": 0.00175316992681,
        "max": 0.243662670255,
        "mean": 0.0368147976696,
        "median": 0.0255297031254,
        "min": 1.07673429867e-20,
        "stdev": 0.0371515788138,
        "var": 0.00138023972977
    },
    "spectral_energyband_high": {
        "dmean": 0.000793777639046,
        "dmean2": 0.00130238314159,
        "dvar": 3.38128234034e-06,
        "dvar2": 8.5443698481e-06,
        "max": 0.0147989727557,
        "mean": 0.000805128773209,
        "median": 0.000220328103751,
        "min": 8.12943654832e-21,
        "stdev": 0.00174431048799,
        "var": 3.04261902784e-06
    },
    "spectral_energyband_low": {
        "dmean": 0.00940584205091,
        "dmean2": 0.013667342253,
        "dvar": 0.000465809600428,
        "dvar2": 0.000967115396634,
        "max": 0.177327409387,
        "mean": 0.0192702375352,
        "median": 0.00132033624686,
        "min": 7.62886744838e-23,
        "stdev": 0.030503353104,
        "var": 0.000930454523768
    },
    "spectral_energyband_middle_high": {
        "dmean": 0.00193360366393,
        "dmean2": 0.00305004091933,
        "dvar": 1.59214960149e-05,
        "dvar2": 4.0306156734e-05,
        "max": 0.0441321991384,
        "mean": 0.00333407637663,
        "median": 0.00122702214867,
        "min": 1.23842993307e-21,
        "stdev": 0.00535180931911,
        "var": 2.86418617179e-05
    },
    "spectral_energyband_middle_low": {
        "dmean": 0.00978744402528,
        "dmean2": 0.0168413370848,
        "dvar": 0.000496467924677,
        "dvar2": 0.00143056618981,
        "max": 0.18820104003,
        "mean": 0.0149806085974,
        "median": 0.0101721584797,
        "min": 2.42680751261e-22,
        "stdev": 0.0189485065639,
        "var": 0.000359045923688
    },
    "spectral_entropy": {
        "dmean": 0.407717436552,
        "dmean2": 0.590617716312,
        "dvar": 0.172210112214,
        "dvar2": 0.330852091312,
        "max": 9.81066131592,
        "mean": 7.06764411926,
        "median": 7.05815601349,
        "min": 4.9066119194,
        "stdev": 0.741455316544,
        "var": 0.549755990505
    },
    "spectral_flux": {
        "dmean": 0.0456258133054,
        "dmean2": 0.0729715377092,
        "dvar": 0.00358202471398,
        "dvar2": 0.00667691929266,
        "max": 0.49956703186,
        "mean": 0.0952103883028,
        "median": 0.0741728767753,
        "min": 1.03765808446e-10,
        "stdev": 0.0779625847936,
        "var": 0.00607816455886
    },
    "spectral_kurtosis": {
        "dmean": 4.52745199203,
        "dmean2": 7.10171747208,
        "dvar": 49.3427658081,
        "dvar2": 106.331512451,
        "max": 86.8426132202,
        "mean": 8.27077960968,
        "median": 5.79846954346,
        "min": -1.32667779922,
        "stdev": 9.29326915741,
        "var": 86.3648529053
    },
    "spectral_rms": {
        "dmean": 0.00118899368681,
        "dmean2": 0.00176877679769,
        "dvar": 2.57616125054e-06,
        "dvar2": 5.55207543584e-06,
        "max": 0.0154181607068,
        "mean": 0.00538291689008,
        "median": 0.00499069411308,
        "min": 3.24109944612e-12,
        "stdev": 0.00263459654525,
        "var": 6.94109940014e-06
    },
    "spectral_rolloff": {
        "dmean": 760.980712891,
        "dmean2": 1268.00854492,
        "dvar": 2950976.75,
        "dvar2": 6499491,
        "max": 19207.6171875,
        "mean": 1356.92407227,
        "median": 559.86328125,
        "min": 64.599609375,
        "stdev": 2139.35644531,
        "var": 4576845.5
    },
    "spectral_skewness": {
        "dmean": 0.560378432274,
        "dmean2": 0.836871445179,
        "dvar": 0.409592866898,
        "dvar2": 0.820110082626,
        "max": 7.87160634995,
        "mean": 2.17367315292,
        "median": 2.02322435379,
        "min": -0.135452657938,
        "stdev": 1.02236151695,
        "var": 1.04522299767
    },
    "spectral_spread": {
        "dmean": 1407722.25,
        "dmean2": 2046375.75,
        "dvar": 3.76291039642e+12,
        "dvar2": 6.02903570022e+12,
        "max": 41304988,
        "mean": 5402145,
        "median": 4742708.5,
        "min": 1099907,
        "stdev": 2854036,
        "var": 8.1455218688e+12
    },
    "spectral_strongpeak": {
        "dmean": 0.462502062321,
        "dmean2": 0.786408901215,
        "dvar": 0.573644280434,
        "dvar2": 1.53248596191,
        "max": 8.02005290985,
        "mean": 0.883819460869,
        "median": 0.561751186848,
        "min": 2.91064594649e-09,
        "stdev": 0.936697363853,
        "var": 0.877401947975
    },
    "zerocrossingrate": {
        "dmean": 0.0172576438636,
        "dmean2": 0.0200350377709,
        "dvar": 0.000706426857505,
        "dvar2": 0.000841908622533,
        "max": 0.5,
        "mean": 0.0536323897541,
        "median": 0.03759765625,
        "min": 0.001953125,
        "stdev": 0.0531419217587,
        "var": 0.00282406387851
    },
    "barkbands": {
        "dmean": [0.000261962384684, 0.00783087965101, 0.00288205314428, 0.00298780226149, 0.00438665738329, 0.00148473645095, 0.000762200565077, 0.000825041846838, 0.00108876731247, 0.000612701987848, 0.00018533434195, 0.000618839112576, 0.000218153480091, 0.000251186022069, 0.000330093549564, 0.000166939935298, 0.000100328550616, 8.3075130533e-05, 0.000160113340826, 8.08694530861e-05, 0.000107576153823, 0.000144637815538, 0.000140570569783, 0.000154748413479, 0.000168601327459, 7.75598673499e-05, 1.2281259842e-05],
        "dmean2": [0.000407966086641, 0.0113933654502, 0.00521871540695, 0.00564995920286, 0.00752117810771, 0.00236717518419, 0.00128298939671, 0.00129955355078, 0.0017393596936, 0.00100874481723, 0.000285491114482, 0.000972046516836, 0.000338953366736, 0.000387306470657, 0.000551088654902, 0.000269157520961, 0.000163897144375, 0.000135572830914, 0.000261951878201, 0.000126317783725, 0.000180671529961, 0.000250354496529, 0.00023660818988, 0.000251276243944, 0.00028287951136, 0.000121151322674, 2.11405204027e-05],
        "dvar": [2.98473338489e-07, 0.000365066167433, 9.00197119336e-05, 0.000157166025019, 8.94839758985e-05, 7.15694795872e-06, 1.94917447516e-06, 3.91893763663e-06, 5.30693750989e-06, 2.38132452068e-06, 1.95363966782e-07, 4.45346768174e-06, 4.69009933113e-07, 2.95042639209e-07, 7.09273876964e-07, 2.04570739015e-07, 6.31901855286e-08, 4.25930863912e-08, 1.26378125742e-07, 2.56645122931e-08, 5.81060852767e-08, 1.94766371919e-07, 1.15411317836e-07, 1.28214750816e-07, 1.6606436759e-07, 3.71294213153e-08, 2.62176991228e-09],
        "dvar2": [7.10101062396e-07, 0.000758192269132, 0.000262448680587, 0.000461058138171, 0.000251611811109, 1.75211662281e-05, 5.21002675669e-06, 8.77649108588e-06, 1.36032549563e-05, 5.94213315708e-06, 3.8281319803e-07, 1.10205000965e-05, 1.1416173038e-06, 7.1086361686e-07, 1.84999976227e-06, 5.19600973803e-07, 1.56963608333e-07, 1.11623457144e-07, 3.36827497449e-07, 6.25116740594e-08, 1.55183386141e-07, 5.1670343737e-07, 2.87429287482e-07, 3.08688697714e-07, 4.24899724294e-07, 8.44727523486e-08, 7.05521507882e-09],
        "max": [0.0052766869776, 0.164808884263, 0.0726101100445, 0.104850918055, 0.074215605855, 0.0340554378927, 0.0170096363872, 0.0367245674133, 0.0265819691122, 0.0205048136413, 0.00780626619235, 0.0400661304593, 0.00618699984625, 0.00811665691435, 0.0110791763291, 0.00554628763348, 0.00280396360904, 0.00189735693857, 0.00349401659332, 0.00169681967236, 0.00171800237149, 0.00447743292898, 0.00257062655874, 0.00383232790045, 0.00317667494528, 0.00204946775921, 0.000486007833388],
        "mean": [0.000548787822481, 0.0137870227918, 0.0034697924275, 0.00253345887177, 0.00588645087555, 0.00216980767436, 0.00115560146514, 0.00148274633102, 0.00144293368794, 0.000812142388895, 0.000256326660747, 0.000864774512593, 0.000224013230763, 0.000316664867569, 0.000371478759916, 0.000186129385838, 0.000125796868815, 9.87718012766e-05, 0.000222853821469, 0.00011507927411, 0.000117006129585, 0.000110514178232, 0.000115421076771, 0.000149502389831, 0.000166635742062, 7.56661174819e-05, 9.40948939387e-06],
        "median": [8.65230504132e-06, 7.17870134395e-05, 0.000579003244638, 0.0007206122973, 0.00192971271463, 0.000835055834614, 0.000584444904234, 0.000493338447995, 0.000331675837515, 0.000144738005474, 3.43606698152e-05, 9.9967001006e-05, 3.52323440893e-05, 6.39122372377e-05, 5.57539060537e-05, 3.21075967804e-05, 2.71423359663e-05, 2.20857891691e-05, 4.49009166914e-05, 3.70655398001e-05, 2.21950795094e-05, 8.20689638203e-06, 6.66406094751e-06, 2.59353528236e-05, 4.40362891823e-05, 1.02216326923e-05, 4.47452805474e-07],
        "min": [6.95063324106e-23, 3.18302882456e-23, 3.23410961921e-24, 1.67754963364e-23, 4.27320146342e-23, 6.90282700803e-23, 1.28973867066e-23, 3.52813653793e-23, 4.20193072053e-23, 5.83178613939e-23, 6.56459942393e-23, 6.18201576885e-23, 7.50582344874e-23, 6.88766573252e-23, 8.75718340527e-23, 8.15560691419e-23, 1.5259621852e-22, 2.44526963458e-22, 2.13366957702e-22, 2.47356058478e-22, 4.30823925695e-22, 5.41330792473e-22, 6.4720728555e-22, 9.4987910374e-22, 1.32753400637e-21, 1.94298748216e-21, 2.34663324379e-21],
        "stdev": [0.000949302280787, 0.0247676335275, 0.00768221123144, 0.00918249040842, 0.00968048162758, 0.0033803305123, 0.00152973434888, 0.0031560335774, 0.00268547306769, 0.00186086690519, 0.000681930570863, 0.00286621111445, 0.00067940633744, 0.000723119243048, 0.000938692712225, 0.00048050712212, 0.000296838057693, 0.00020641964511, 0.000403282581829, 0.000184590884601, 0.000236087842495, 0.000370471534552, 0.000319069920806, 0.000365609041182, 0.000384561222745, 0.000209093326703, 4.3428484787e-05],
        "var": [9.01174814771e-07, 0.000613435695414, 5.90163726883e-05, 8.43181333039e-05, 9.37117292779e-05, 1.14266340461e-05, 2.34008712141e-06, 9.96054768621e-06, 7.21176593288e-06, 3.46282581631e-06, 4.65029330599e-07, 8.21516550786e-06, 4.61592975398e-07, 5.22901473232e-07, 8.81143989773e-07, 2.30887081898e-07, 8.81128272567e-08, 4.260907005e-08, 1.62636851542e-07, 3.40737926763e-08, 5.5737466198e-08, 1.37249159593e-07, 1.01805618158e-07, 1.33669971092e-07, 1.47887334379e-07, 4.37200178283e-08, 1.88603332951e-09]
    },
    "erbbands": {
        "dmean": [0.223336085677, 1.79422152042, 2.94700288773, 7.56321430206, 11.932226181, 14.0302791595, 17.1467418671, 11.5043992996, 12.7611913681, 9.37541103363, 19.7466812134, 20.1388072968, 27.2408237457, 11.450802803, 14.5396337509, 19.4983234406, 8.967918396, 11.4105920792, 12.9936618805, 14.5645389557, 9.25122833252, 4.71898651123, 3.5396296978, 6.60514354706, 7.39072036743, 3.64567184448, 4.20925951004, 4.04875802994, 5.20351934433, 5.583132267, 3.64690494537, 3.59450364113, 2.4832136631, 1.89371979237, 1.16604542732, 0.411537200212, 0.130069807172, 0.0338597558439, 0.00130847806577, 4.32264678238e-05],
        "dmean2": [0.333012342453, 2.58543038368, 5.03971719742, 14.1394672394, 21.8819522858, 23.5618076324, 28.0526599884, 18.1740818024, 21.374124527, 14.6832561493, 32.0388793945, 32.5171394348, 43.6171684265, 19.008354187, 22.4594211578, 30.49792099, 13.3975992203, 18.6381511688, 20.7136192322, 24.1694488525, 14.5192346573, 7.31439638138, 5.55725955963, 10.9099903107, 11.9597358704, 5.72046327591, 6.82122850418, 6.96982479095, 9.12015724182, 9.52250671387, 6.10025501251, 5.93433475494, 4.04198455811, 3.14694333076, 1.95235300064, 0.663998365402, 0.19988630712, 0.0551623441279, 0.00218243687414, 6.85126942699e-05],
        "dvar": [0.289342403412, 20.1881313324, 78.8820114136, 861.761230469, 1812.11010742, 776.916137695, 1536.91577148, 426.689727783, 627.821044922, 270.946166992, 2197.50244141, 1616.45178223, 6607.98681641, 795.643371582, 1760.84594727, 3323.74194336, 669.467773438, 929.269470215, 759.411254883, 1414.03857422, 677.301452637, 103.830482483, 63.4177207947, 229.061462402, 303.377288818, 50.7983856201, 69.7210845947, 105.177604675, 283.251861572, 253.53427124, 73.8401489258, 74.2876663208, 31.7697677612, 20.6583023071, 7.61978673935, 0.885685801506, 0.121127843857, 0.0152006046847, 2.77037906926e-05, 1.05177901943e-08],
        "dvar2": [0.558698952198, 42.1673469543, 221.386962891, 2508.67919922, 5260.33935547, 2040.69128418, 3876.3984375, 1014.73535156, 1716.35400391, 584.249755859, 5296.51855469, 3998.83544922, 17290.0273438, 2143.02392578, 3908.1940918, 8616.203125, 1483.62524414, 2516.45947266, 1842.71862793, 3716.47338867, 1706.02319336, 249.635864258, 156.892745972, 611.553283691, 818.54083252, 124.851165771, 179.06413269, 285.114807129, 768.378051758, 664.515625, 182.709960938, 181.267868042, 77.2374801636, 52.6549568176, 19.5049343109, 2.12234926224, 0.273153454065, 0.0386148355901, 7.28530867491e-05, 2.66379309721e-08],
        "max": [4.24536895752, 37.9898147583, 75.394493103, 247.414291382, 368.993408203, 329.131744385, 554.571777344, 219.692962646, 299.014678955, 255.113098145, 715.097290039, 409.66217041, 1249.39172363, 225.544647217, 940.866271973, 832.446960449, 291.670196533, 299.956085205, 301.581756592, 445.332397461, 339.40435791, 108.820907593, 80.8508987427, 188.610076904, 140.80078125, 71.9535064697, 74.9137115479, 76.7869491577, 157.565368652, 154.901626587, 67.7710876465, 82.2272262573, 67.5864868164, 35.9657173157, 21.5256195068, 8.38833141327, 3.78991484642, 1.11297345161, 0.0515778698027, 0.000954665301833],
        "mean": [0.407649934292, 3.01249837875, 4.19783115387, 7.42742490768, 12.1376724243, 19.1624546051, 23.8192520142, 18.0362052917, 19.3236217499, 18.243637085, 32.9076385498, 28.0833930969, 37.5941200256, 14.3618745804, 21.9784984589, 26.9770851135, 11.2133464813, 13.5606765747, 16.6693401337, 16.7994232178, 11.544834137, 6.91327095032, 4.98868989944, 8.97923660278, 10.1087703705, 5.34520292282, 5.34108018875, 3.77918958664, 3.93494153023, 4.20762491226, 3.04636454582, 3.1653034687, 2.50416898727, 1.86659288406, 1.13925695419, 0.393790483475, 0.12685406208, 0.0297538097948, 0.00106164289173, 6.61323792883e-05],
        "median": [0.00347055564635, 0.0137381013483, 0.387146294117, 2.08010959625, 4.16392660141, 4.07534790039, 8.92200279236, 6.78386116028, 10.9860877991, 7.77236318588, 13.9366455078, 7.45517444611, 7.99685668945, 3.96873092651, 2.92607975006, 3.90157413483, 2.32274770737, 2.58168005943, 3.87826871872, 3.24238085747, 1.77994430065, 1.77945959568, 1.33477759361, 2.02648806572, 2.01330113411, 1.78653931618, 1.48492693901, 0.6418197155, 0.331399470568, 0.122021585703, 0.215644478798, 0.335698068142, 0.530366003513, 0.487408161163, 0.281176328659, 0.0669449418783, 0.0143047710881, 0.00286079756916, 9.48459273786e-05, 4.04566671932e-05],
        "min": [2.09154112302e-21, 3.13406152712e-21, 5.41217974004e-21, 2.96407732487e-20, 3.45131934053e-20, 1.08227232134e-19, 7.25341806149e-19, 4.21015234551e-19, 1.64184934286e-19, 7.96331583692e-19, 4.1041452726e-19, 8.5269019056e-19, 1.59261777585e-18, 2.28522768327e-18, 2.58918884783e-18, 2.6746072402e-18, 3.65537316542e-18, 2.81913120284e-18, 3.42497317273e-18, 6.15928899788e-18, 7.46998687056e-18, 6.37586721612e-18, 1.24389584175e-17, 8.57613249033e-18, 1.5671166661e-17, 1.0769289388e-17, 1.12005962486e-17, 2.30113755109e-17, 1.53828545129e-17, 2.17410543919e-17, 1.99750055861e-17, 1.61303776324e-17, 1.8036908176e-17, 1.65656715036e-17, 7.82266359653e-18, 5.45781874532e-18, 4.26818619991e-18, 1.28532234963e-18, 3.18712819264e-19, 3.9807155788e-20],
        "stdev": [0.729901373386, 5.60117483139, 8.04745006561, 22.1284198761, 32.9577331543, 33.6651153564, 47.5700798035, 28.1561603546, 25.4535884857, 29.0968322754, 63.6056900024, 50.2803649902, 89.4377975464, 28.323600769, 66.365737915, 77.0849151611, 27.971162796, 31.9213180542, 34.5982627869, 40.4835968018, 30.1039886475, 13.5583267212, 9.06055450439, 16.3011474609, 18.5689201355, 8.20129966736, 9.28240394592, 9.13361263275, 13.748175621, 13.7106800079, 8.21901512146, 8.45069217682, 5.77405500412, 4.34523677826, 2.60882735252, 0.988727509975, 0.378076225519, 0.114090047777, 0.00458672503009, 9.85352380667e-05],
        "var": [0.53275603056, 31.3731575012, 64.7614593506, 489.666992188, 1086.21228027, 1133.33996582, 2262.91259766, 792.76940918, 647.885131836, 846.625671387, 4045.68359375, 2528.11523438, 7999.11914062, 802.226318359, 4404.41113281, 5942.08398438, 782.385986328, 1018.97052002, 1197.03967285, 1638.92175293, 906.25012207, 183.828216553, 82.0936431885, 265.727386475, 344.80480957, 67.2613143921, 86.1630172729, 83.4228820801, 189.01234436, 187.982757568, 67.5522079468, 71.4141921997, 33.3397102356, 18.8810844421, 6.80598068237, 0.977582097054, 0.142941638827, 0.0130165396258, 2.10380476346e-05, 9.70919256105e-09]
    },
    "gfcc": {
        "mean": [-28.6569652557, 90.9159545898, -92.0547790527, 9.76022911072, -63.9644126892, 2.25784826279, -48.5705528259, 12.4263830185, -35.6038742065, 4.25966835022, -19.1739692688, -9.20438289642, -7.87989807129],
        "cov": [[5600.15039062, -1722.07043457, -432.422790527, 386.296264648, -251.157165527, 442.299194336, 105.279251099, 356.921905518, -34.2060050964, 376.040130615, -42.749961853, 120.211387634, -41.7158126831], [-1722.07043457, 2884.71313477, 697.279418945, 189.407913208, 958.898498535, 23.6211986542, 512.36138916, 122.32447052, 337.032440186, 33.1026344299, 300.77935791, -137.925811768, 233.625076294], [-432.422790527, 697.279418945, 1618.15527344, 605.776184082, 307.504821777, 490.650634766, 327.627838135, 204.516738892, 443.770019531, 93.5893478394, 143.064147949, 149.301681519, -76.807472229], [386.296264648, 189.407913208, 605.776184082, 764.446594238, 265.313842773, 259.01651001, 253.604415894, 249.865203857, 334.005218506, 135.165893555, 103.410339355, 91.8343276978, 42.0215911865], [-251.157165527, 958.898498535, 307.504821777, 265.313842773, 697.526977539, 169.641738892, 316.842773438, 185.712722778, 223.244003296, 148.260559082, 173.745025635, -14.7998867035, 105.603851318], [442.299194336, 23.6211986542, 490.650634766, 259.01651001, 169.641738892, 493.883850098, 245.010818481, 140.098892212, 186.277374268, 99.4567337036, 79.4076004028, 65.8921585083, -39.5937004089], [105.279251099, 512.36138916, 327.627838135, 253.604415894, 316.842773438, 245.010818481, 434.311187744, 244.525680542, 240.151046753, 136.879089355, 123.537597656, 41.8095054626, 42.4228248596], [356.921905518, 122.32447052, 204.516738892, 249.865203857, 185.712722778, 140.098892212, 244.525680542, 414.596557617, 226.609283447, 124.25227356, 95.0477371216, 36.9380760193, 32.3972892761], [-34.2060050964, 337.032440186, 443.770019531, 334.005218506, 223.244003296, 186.277374268, 240.151046753, 226.609283447, 433.920379639, 130.663574219, 115.134918213, 96.7844696045, -5.97813558578], [376.040130615, 33.1026344299, 93.5893478394, 135.165893555, 148.260559082, 99.4567337036, 136.879089355, 124.25227356, 130.663574219, 235.12322998, 96.6722946167, 24.3698730469, 24.8938999176], [-42.749961853, 300.77935791, 143.064147949, 103.410339355, 173.745025635, 79.4076004028, 123.537597656, 95.0477371216, 115.134918213, 96.6722946167, 152.459915161, 30.3366451263, 39.6909637451], [120.211387634, -137.925811768, 149.301681519, 91.8343276978, -14.7998867035, 65.8921585083, 41.8095054626, 36.9380760193, 96.7844696045, 24.3698730469, 30.3366451263, 159.344650269, -5.86437892914], [-41.7158126831, 233.625076294, -76.807472229, 42.0215911865, 105.603851318, -39.5937004089, 42.4228248596, 32.3972892761, -5.97813558578, 24.8938999176, 39.6909637451, -5.86437892914, 156.433319092]],
        "icov": [[0.000325802189764, 3.94544877054e-05, 0.000228897595662, -0.000249193020863, 0.000128732543089, -0.000410636683227, 7.76663364377e-05, -0.000269468146143, 0.000298039842164, -0.000555662612896, 0.000290411146125, -0.000207416538615, 6.95457783877e-05], [3.94544877054e-05, 0.00170085730497, -0.000834612757899, 0.000684224127326, -0.0014431187883, 0.00128095119726, -0.00154127727728, 0.00094089913182, -0.000900480663404, 0.00155703746714, -0.00172079214826, 0.00193853524979, -0.00137458066456], [0.000228897595662, -0.000834612757899, 0.00187011063099, -0.00112414907198, 0.00067829946056, -0.00166594481561, 0.000809250341263, -0.000411847227952, 0.000106587678601, -0.000659182784148, 0.000666051753797, -0.00140359764919, 0.00140131008811], [-0.000249193020863, 0.000684224127326, -0.00112414907198, 0.00305410777219, -0.000917817058507, 0.000530176970642, -0.000526612100657, 3.39221514878e-05, -0.00156881276052, 0.000706670456566, -0.000238274689764, 0.000728443439584, -0.00165573286358], [0.000128732543089, -0.0014431187883, 0.00067829946056, -0.000917817058507, 0.00419072154909, -0.00129246537108, 6.99045631336e-05, -0.000631584960502, 0.000466727360617, -0.00173799635377, -7.21655305824e-05, -0.000404198537581, 2.23827501031e-05], [-0.000410636683227, 0.00128095119726, -0.00166594481561, 0.000530176970642, -0.00129246537108, 0.0053255003877, -0.00291936798021, 0.00117345934268, -0.000584703229833, 0.00141380983405, -0.00184102775529, 0.00133716163691, 5.60709668207e-05], [7.76663364377e-05, -0.00154127727728, 0.000809250341263, -0.000526612100657, 6.99045631336e-05, -0.00291936798021, 0.00721040228382, -0.00259684538469, 3.49515794369e-05, -0.00199882150628, 0.00134422397241, -0.00187427503988, 0.00056575704366], [-0.000269468146143, 0.00094089913182, -0.000411847227952, 3.39221514878e-05, -0.000631584960502, 0.00117345934268, -0.00259684538469, 0.00509440666065, -0.00197275099345, 0.000880725157913, -0.00166249147151, 0.00168210046832, -0.00104648340493], [0.000298039842164, -0.000900480663404, 0.000106587678601, -0.00156881276052, 0.000466727360617, -0.000584703229833, 3.49515794369e-05, -0.00197275099345, 0.00640373630449, -0.00213579460979, 0.000338096084306, -0.00301232701167, 0.00221995380707], [-0.000555662612896, 0.00155703746714, -0.000659182784148, 0.000706670456566, -0.00173799635377, 0.00141380983405, -0.00199882150628, 0.000880725157913, -0.00213579460979, 0.00914825685322, -0.00510928127915, 0.00237646955065, -0.00124822475482], [0.000290411146125, -0.00172079214826, 0.000666051753797, -0.000238274689764, -7.21655305824e-05, -0.00184102775529, 0.00134422397241, -0.00166249147151, 0.000338096084306, -0.00510928127915, 0.0143467364833, -0.00357616366819, -0.000347298249835], [-0.000207416538615, 0.00193853524979, -0.00140359764919, 0.000728443439584, -0.000404198537581, 0.00133716163691, -0.00187427503988, 0.00168210046832, -0.00301232701167, 0.00237646955065, -0.00357616366819, 0.0105809420347, -0.00225329957902], [6.95457783877e-05, -0.00137458066456, 0.00140131008811, -0.00165573286358, 2.23827501031e-05, 5.60709668207e-05, 0.00056575704366, -0.00104648340493, 0.00221995380707, -0.00124822475482, -0.000347298249835, -0.00225329957902, 0.00994620937854]]
    },
    "melbands": {
        "dmean": [0.00213495502248, 0.00164941092953, 0.00139016273897, 0.000923303712625, 0.000623106549028, 0.000261419831077, 0.000184140531928, 0.000121798824694, 0.000156639274792, 0.000142269520438, 0.000136284696055, 4.95317253808e-05, 3.48835674231e-05, 8.05635063443e-05, 2.8661766919e-05, 2.03879408218e-05, 2.13478706428e-05, 2.07789944398e-05, 2.88302126137e-05, 1.07121604742e-05, 1.18611305879e-05, 5.43086707694e-06, 3.91885168938e-06, 3.65334699381e-06, 5.58233432457e-06, 7.54740767661e-06, 3.42273256138e-06, 2.38872303271e-06, 2.74811782219e-06, 2.32308366321e-06, 2.36147707255e-06, 2.61099899035e-06, 3.29856766257e-06, 3.00707688439e-06, 1.98093334802e-06, 2.23034749069e-06, 2.27975374401e-06, 1.71563931417e-06, 1.85422175036e-06, 1.49204515765e-06],
        "dmean2": [0.00309769879095, 0.00250741653144, 0.00258253398351, 0.00160560023505, 0.00101483531762, 0.00041487737326, 0.000308092829073, 0.000187860088772, 0.000254229904385, 0.000227803902817, 0.000218185785343, 8.27428084449e-05, 5.37478117622e-05, 0.000125350430608, 4.52327622043e-05, 3.14224562317e-05, 3.47830718965e-05, 3.21589322994e-05, 4.75737106171e-05, 1.81894229172e-05, 1.82530966413e-05, 8.55505004438e-06, 6.16880970483e-06, 5.82940219829e-06, 9.25714084588e-06, 1.2235504073e-05, 5.47311401533e-06, 3.79107109438e-06, 4.42237751486e-06, 3.87910813515e-06, 4.12119425164e-06, 4.54834389529e-06, 5.74273281018e-06, 5.11771258971e-06, 3.34512174049e-06, 3.70506063518e-06, 3.78951267521e-06, 2.78838979284e-06, 3.08043968289e-06, 2.49124445872e-06],
        "dvar": [2.68666608463e-05, 1.78301870619e-05, 2.90283496724e-05, 5.6074522945e-06, 1.77308754701e-06, 2.18484103698e-07, 1.20837128748e-07, 5.50655130382e-08, 1.24651307942e-07, 8.57515374264e-08, 1.59734923955e-07, 1.52097054951e-08, 7.64997132308e-09, 8.7229054202e-08, 7.29848448344e-09, 3.38949956991e-09, 3.04401015505e-09, 2.20931606343e-09, 7.14654868617e-09, 8.28465462899e-10, 1.29899280221e-09, 1.52049775548e-10, 7.98532767687e-11, 8.3922764571e-11, 1.54446247458e-10, 3.16043691218e-10, 6.22570675568e-11, 1.92926768311e-11, 2.81597575119e-11, 2.46437609902e-11, 4.04577552016e-11, 6.99454938413e-11, 1.01779383532e-10, 7.13289982635e-11, 2.2926334442e-11, 2.89785175023e-11, 3.13263685825e-11, 1.55705934257e-11, 2.04469011167e-11, 1.21689160484e-11],
        "dvar2": [5.3255509556e-05, 4.37548551417e-05, 8.45626491355e-05, 1.59335213539e-05, 4.48301989309e-06, 5.30496208739e-07, 3.26937595219e-07, 1.14717586541e-07, 3.10849515017e-07, 2.15273971094e-07, 4.16553575633e-07, 4.0448689731e-08, 1.59858206672e-08, 2.19892001496e-07, 1.85166815214e-08, 8.24087909024e-09, 8.13809197808e-09, 5.03277952646e-09, 1.87039965738e-08, 2.25038387924e-09, 3.13622550152e-09, 3.5375730123e-10, 1.98850561017e-10, 2.14515794017e-10, 4.15237205731e-10, 8.51222592413e-10, 1.58254853666e-10, 4.79340941939e-11, 7.25622339992e-11, 6.38504041306e-11, 1.10736760039e-10, 1.89705529063e-10, 2.70533762059e-10, 1.86602497343e-10, 5.76880279657e-11, 7.22844770151e-11, 7.68011695906e-11, 3.7003618919e-11, 5.2696364633e-11, 3.07865469229e-11],
        "max": [0.0446560755372, 0.0388392582536, 0.0448052585125, 0.019679909572, 0.0184256508946, 0.00470900023356, 0.00406512804329, 0.00459362287074, 0.00464063743129, 0.0032895328477, 0.00610399479046, 0.00103800382931, 0.0017401840305, 0.00533388508484, 0.00138657097705, 0.000529899785761, 0.00053556956118, 0.000715831061825, 0.00124476081692, 0.000501130474731, 0.000547250849195, 0.000168140337337, 8.803216042e-05, 0.000123554404126, 0.00016444711946, 0.000151990563609, 8.39143394842e-05, 3.86500723835e-05, 4.73184372822e-05, 3.88364824175e-05, 5.30782235728e-05, 7.5356940215e-05, 0.000107288156869, 7.60999319027e-05, 3.52799834218e-05, 6.12589865341e-05, 5.15243409609e-05, 5.482139386e-05, 3.54955955117e-05, 2.8936758099e-05],
        "mean": [0.00385464122519, 0.00283051631413, 0.00137258658651, 0.00113441154826, 0.000886309077032, 0.000406179577112, 0.000275518483249, 0.00024554724223, 0.000250394339673, 0.000188204328879, 0.000188122692634, 6.08295231359e-05, 5.2261952078e-05, 0.000111927394755, 3.50574118784e-05, 2.19484882109e-05, 2.49923268711e-05, 2.57452793448e-05, 3.30301081704e-05, 1.10922110252e-05, 1.47225910041e-05, 7.09471260052e-06, 5.34335549673e-06, 4.55643930763e-06, 7.32470880394e-06, 1.01557261587e-05, 4.44082024842e-06, 3.33829757437e-06, 3.42096927852e-06, 2.67232758233e-06, 2.0055326786e-06, 2.02015871764e-06, 2.3758716452e-06, 2.28657245316e-06, 1.61531045251e-06, 1.87776117855e-06, 1.99695818992e-06, 1.7225886495e-06, 1.79009919066e-06, 1.46951924762e-06],
        "median": [2.64455848082e-05, 0.00018139203894, 0.000469558028271, 0.000331093964633, 0.000327146117343, 0.000164190118085, 0.000152328546392, 9.43207996897e-05, 0.000101067365904, 4.18705931224e-05, 3.5647994082e-05, 1.24727857838e-05, 6.64819708618e-06, 9.84949838312e-06, 7.21035576134e-06, 3.61159050044e-06, 4.31222179031e-06, 5.28704595126e-06, 4.49896242571e-06, 2.60612273451e-06, 1.50936671162e-06, 1.74066428826e-06, 1.33855098738e-06, 9.77921672529e-07, 1.63033178069e-06, 1.6914113985e-06, 1.02468504792e-06, 1.18511457003e-06, 1.00373893019e-06, 4.9905565902e-07, 2.81082350284e-07, 1.77972637516e-07, 8.1068982638e-08, 5.06726820504e-08, 9.10792863351e-08, 1.73526018443e-07, 1.87871378898e-07, 3.08828305151e-07, 4.4764627205e-07, 3.6114863633e-07],
        "min": [1.67611027804e-23, 3.28574095989e-24, 5.4003378366e-24, 4.01492729864e-24, 2.11995576661e-23, 9.81117982965e-24, 2.38190259166e-24, 9.27708786466e-24, 3.51954355498e-24, 5.74566958647e-24, 7.82486830221e-24, 8.72326412184e-24, 8.84959782923e-24, 7.98591662259e-24, 7.0606829661e-24, 7.17534232095e-24, 5.02974597168e-24, 5.7944598446e-24, 7.07679702781e-24, 7.37415577945e-24, 1.05845790611e-23, 7.29728996171e-24, 8.67797246183e-24, 1.07238216884e-23, 5.80852207909e-24, 1.07203648999e-23, 1.01755578372e-23, 6.44975318793e-24, 5.00693921405e-24, 1.21759402766e-23, 1.34085875058e-23, 7.77906703805e-24, 1.09626611603e-23, 1.21021667936e-23, 1.19350631769e-23, 8.07748365216e-24, 1.13335961797e-23, 1.28745965151e-23, 1.186801e-23, 1.50746049397e-23],
        "stdev": [0.00692038331181, 0.00481197750196, 0.00402163667604, 0.0021704013925, 0.00166278751567, 0.000619551981799, 0.000357759738108, 0.000436281203292, 0.000451754865935, 0.000350201327819, 0.000445150421001, 0.000129608568386, 0.000142522389069, 0.000401586323278, 9.21360770008e-05, 5.92515534663e-05, 5.99084123678e-05, 6.33005111013e-05, 9.49163513724e-05, 2.73609002761e-05, 4.33345085185e-05, 1.56671721925e-05, 1.05744866232e-05, 9.41547841649e-06, 1.34312149385e-05, 1.99601090571e-05, 8.35110949993e-06, 5.07411277795e-06, 5.82696657148e-06, 5.40661130799e-06, 5.40439077668e-06, 6.86545945427e-06, 8.43504858494e-06, 7.34681134418e-06, 4.49509434475e-06, 5.1252418416e-06, 5.4596175687e-06, 4.1019497985e-06, 4.28901194027e-06, 3.36772427545e-06],
        "var": [4.78917063447e-05, 2.31551275647e-05, 1.61735606525e-05, 4.71064231533e-06, 2.76486230177e-06, 3.83844678709e-07, 1.27992038301e-07, 1.90341296502e-07, 2.04082454047e-07, 1.2264096938e-07, 1.98158886633e-07, 1.67983795762e-08, 2.03126315768e-08, 1.61271586308e-07, 8.48905656881e-09, 3.51074658234e-09, 3.58901797171e-09, 4.0069543239e-09, 9.00911434343e-09, 7.4861883359e-10, 1.87787962957e-09, 2.45460263226e-10, 1.11819761783e-10, 8.86512321885e-11, 1.80397530247e-10, 3.98405947122e-10, 6.97410323935e-11, 2.5746618379e-11, 3.39535413674e-11, 2.9231447124e-11, 2.92074420205e-11, 4.71345323882e-11, 7.11500372508e-11, 5.39756399298e-11, 2.02058734328e-11, 2.62681057461e-11, 2.98074238902e-11, 1.68259919886e-11, 1.83956218314e-11, 1.13415665748e-11]
    },
    "melbands128": {
