{
"lowlevel": {
    "average_loudness": 0.972400784492,
    "barkbands_crest": {
        "dmean": 2.90452694893,
        "dmean2": 4.57944059372,
        "dvar": 8.57077312469,
        "dvar2": 21.4184951782,
        "max": 26.8132324219,
        "mean": 11.975525856,
        "median": 10.3705596924,
        "min": 3.17596626282,
        "stdev": 5.62983989716,
        "var": 31.6950950623
    },
    "barkbands_flatness_db": {
        "dmean": 0.0244320593774,
        "dmean2": 0.0345736145973,
        "dvar": 0.000640042882878,
        "dvar2": 0.00134569150396,
        "max": 0.528168857098,
        "mean": 0.17194083333,
        "median": 0.15297819674,
        "min": 0.0358637832105,
        "stdev": 0.0802876874804,
        "var": 0.00644611241296
    },
    "barkbands_kurtosis": {
        "dmean": 8.70721149445,
        "dmean2": 15.1130161285,
        "dvar": 2124.71557617,
        "dvar2": 5549.76123047,
        "max": 1092.89733887,
        "mean": 12.2878332138,
        "median": 0.413463830948,
        "min": -1.93434596062,
        "stdev": 64.7541732788,
        "var": 4193.10302734
    },
    "barkbands_skewness": {
        "dmean": 0.8020581007,
        "dmean2": 1.24842905998,
        "dvar": 1.76315641403,
        "dvar2": 4.88786268234,
        "max": 17.8826255798,
        "mean": 1.27599847317,
        "median": 1.01124989986,
        "min": -3.0870218277,
        "stdev": 2.0195453167,
        "var": 4.07856369019
    },
    "barkbands_spread": {
        "dmean": 5.21447992325,
        "dmean2": 7.89793300629,
        "dvar": 49.3840332031,
        "dvar2": 97.7593231201,
        "max": 90.4893188477,
        "mean": 22.7499084473,
        "median": 24.0082855225,
        "min": 0.0590632818639,
        "stdev": 14.3673753738,
        "var": 206.421478271
    },
    "dissonance": {
        "dmean": 0.0241918880492,
        "dmean2": 0.0394552648067,
        "dvar": 0.000947581836954,
        "dvar2": 0.00246148183942,
        "max": 0.499839097261,
        "mean": 0.4499168396,
        "median": 0.470133066177,
        "min": 0.120781704783,
        "stdev": 0.051514737308,
        "var": 0.00265376828611
    },
    "dynamic_complexity": 3.10942220688,
    "erbbands_crest": {
        "dmean": 3.30656194687,
        "dmean2": 5.24512624741,
        "dvar": 9.34714317322,
        "dvar2": 21.2637252808,
        "max": 31.5181598663,
        "mean": 13.2150888443,
        "median": 11.4992895126,
        "min": 3.10854578018,
        "stdev": 6.37581825256,
        "var": 40.651058197
    },
    "erbbands_flatness_db": {
        "dmean": 0.0238953605294,
        "dmean2": 0.0312129668891,
        "dvar": 0.000612643547356,
        "dvar2": 0.000985029386356,
        "max": 0.459940880537,
        "mean": 0.203280493617,
        "median": 0.197212055326,
        "min": 0.0665748491883,
        "stdev": 0.0682000368834,
        "var": 0.00465124519542
    },
    "erbbands_kurtosis": {
        "dmean": 2.85021090508,
        "dmean2": 4.5094704628,
        "dvar": 144.41734314,
        "dvar2": 337.763122559,
        "max": 319.015991211,
        "mean": 6.05299139023,
        "median": 1.48759222031,
        "min": -1.90917921066,
        "stdev": 23.5777568817,
        "var": 555.910644531
    },
    "erbbands_skewness": {
        "dmean": 0.521603643894,
        "dmean2": 0.781230509281,
        "dvar": 0.52770870924,
        "dvar2": 1.15408015251,
        "max": 15.019701004,
        "mean": 0.0235271323472,
        "median": -0.381884306669,
        "min": -3.65091562271,
        "stdev": 1.97262907028,
        "var": 3.8912653923
    },
    "erbbands_spread": {
        "dmean": 7.09842252731,
        "dmean2": 10.4183082581,
        "dvar": 86.6222763062,
        "dvar2": 160.941131592,
        "max": 154.794296265,
        "mean": 25.2278118134,
        "median": 23.321521759,
        "min": 0.489642262459,
        "stdev": 16.6733951569,
        "var": 278.00213623
    },
    "hfc": {
        "dmean": 8.28472137451,
        "dmean2": 11.8969068527,
        "dvar": 164.768615723,
        "dvar2": 365.05255127,
        "max": 251.682495117,
        "mean": 27.6458568573,
        "median": 23.5998344421,
        "min": 1.12521722833e-16,
        "stdev": 23.5419979095,
        "var": 554.225646973
    },
    "loudness_ebu128": {
        "integrated": -8.52422809601,
        "loudness_range": 2.20537281036,
        "momentary": {
            "dmean": 1.06952440739,
            "dmean2": 1.0782790184,
            "dvar": 1.15567839146,
            "dvar2": 2.05142760277,
            "max": -5.84267997742,
            "mean": -9.12237071991,
            "median": -8.5272769928,
            "min": -25.1097393036,
            "stdev": 2.57120752335,
            "var": 6.61110782623
        },
        "short_term": {
            "dmean": 0.119664795697,
            "dmean2": 0.107405282557,
            "dvar": 0.00627559004351,
            "dvar2": 0.00840755086392,
            "max": -7.37985420227,
            "mean": -8.53371429443,
            "median": -8.27312660217,
            "min": -10.8296089172,
            "stdev": 0.771528959274,
            "var": 0.595256924629
        }
    },
    "melbands_crest": {
        "dmean": 3.49685645103,
        "dmean2": 5.53175592422,
        "dvar": 13.583981514,
        "dvar2": 32.2270851135,
        "max": 34.7438621521,
        "mean": 15.5018024445,
        "median": 14.8195972443,
        "min": 2.16580796242,
        "stdev": 5.46737289429,
        "var": 29.892168045
    },
    "melbands_flatness_db": {
        "dmean": 0.0277891922742,
        "dmean2": 0.0410379320383,
        "dvar": 0.000940091384109,
        "dvar2": 0.00187775481027,
        "max": 0.641624629498,
        "mean": 0.235840946436,
        "median": 0.215173050761,
        "min": 0.00518302479759,
        "stdev": 0.0896131172776,
        "var": 0.00803051050752
    },
    "melbands_kurtosis": {
        "dmean": 7.33014822006,
        "dmean2": 11.9354057312,
        "dvar": 342.732574463,
        "dvar2": 886.424377441,
        "max": 309.058746338,
        "mean": 10.8180112839,
        "median": 4.47832918167,
        "min": -1.835059762,
        "stdev": 23.982208252,
        "var": 575.14630127
    },
    "melbands_skewness": {
        "dmean": 0.864534258842,
        "dmean2": 1.31089806557,
        "dvar": 1.16334962845,
        "dvar2": 2.70348191261,
        "max": 15.8989534378,
        "mean": 2.08877515793,
        "median": 2.01594591141,
        "min": -2.24011349678,
        "stdev": 1.73745620251,
        "var": 3.01875400543
    },
    "melbands_spread": {
        "dmean": 8.15700531006,
        "dmean2": 12.5163459778,
        "dvar": 141.522415161,
        "dvar2": 262.055114746,
        "max": 240.556976318,
        "mean": 26.4287204742,
        "median": 25.1285667419,
        "min": 0.308141738176,
        "stdev": 20.5426464081,
        "var": 422.000335693
    },
    "pitch_salience": {
        "dmean": 0.0756888762116,
        "dmean2": 0.117673061788,
        "dvar": 0.00600425852463,
        "dvar2": 0.0139287756756,
        "max": 0.945650160313,
        "mean": 0.491312533617,
        "median": 0.504363238811,
        "min": 0.0520977266133,
        "stdev": 0.139923229814,
        "var": 0.0195785090327
    },
    "silence_rate_20dB": {
        "dmean": 0,
        "dmean2": 0,
        "dvar": 0,
        "dvar2": 0,
        "max": 1,
        "mean": 1,
        "median": 1,
        "min": 1,
        "stdev": 0,
        "var": 0
    },
    "silence_rate_30dB": {
        "dmean": 0.061919502914,
        "dmean2": 0.123934932053,
        "dvar": 0.0580856613815,
        "dvar2": 0.155051290989,
        "max": 1,
        "mean": 0.961330235004,
        "median": 1,
        "min": 0,
        "stdev": 0.192806720734,
        "var": 0.0371744297445
    },
    "silence_rate_60dB": {
        "dmean": 0.0348297208548,
        "dmean2": 0.0697133988142,
        "dvar": 0.0336165614426,
        "dvar2": 0.0756976976991,
        "max": 1,
        "mean": 0.0742459371686,
        "median": 0,
        "min": 0,
        "stdev": 0.262173622847,
        "var": 0.068735010922
    },
    "spectral_centroid": {
        "dmean": 205.601593018,
        "dmean2": 296.601074219,
        "dvar": 156289.765625,
        "dvar2": 210679.890625,
        "max": 11700.2255859,
        "mean": 1368.04431152,
        "median": 1456.23620605,
        "min": 232.244827271,
        "stdev": 671.446777344,
        "var": 450840.75
    },
    "spectral_complexity": {
        "dmean": 3.5317337513,
        "dmean2": 5.02788543701,
        "dvar": 19.9766235352,
        "dvar2": 29.3826942444,
        "max": 52,
        "mean": 19.6805877686,
        "median": 20,
        "min": 0,
        "stdev": 12.3955450058,
        "var": 153.649536133
    },
    "spectral_decrease": {
        "dmean": 2.92721136219e-09,
        "dmean2": 4.1814471885e-09,
        "dvar": 2.38593233199e-17,
        "dvar2": 4.59100691701e-17,
        "max": -5.98910587593e-29,
        "mean": -8.48085779381e-09,
        "median": -7.63043406238e-09,
        "min": -4.12101570646e-08,
        "stdev": 7.6012653949e-09,
        "var": 5.77792407662e-17
    },
    "spectral_energy": {
        "dmean": 0.0115434322506,
        "dmean2": 0.0164212044328,
        "dvar": 0.000352225848474,
        "dvar2": 0.000667139596771,
        "max": 0.161830723286,
        "mean": 0.0345162637532,
        "median": 0.0312974713743,
        "min": 1.04321086565e-20,
        "stdev": 0.0301546659321,
        "var": 0.000909303838853
    },
    "spectral_energyband_high": {
        "dmean": 0.000339703343343,
        "dmean2": 0.000476277811686,
        "dvar": 9.66210450315e-07,
        "dvar2": 2.18964351006e-06,
        "max": 0.0249458756298,
        "mean": 0.000660609977785,
        "median": 0.000155755100423,
        "min": 7.48262493016e-21,
        "stdev": 0.00141716166399,
        "var": 2.00834733732e-06
    },
    "spectral_energyband_low": {
        "dmean": 0.00843761023134,
        "dmean2": 0.0129674654454,
        "dvar": 0.000335047749104,
        "dvar2": 0.00073477125261,
        "max": 0.144162714481,
        "mean": 0.0153236547485,
        "median": 0.00555370934308,
        "min": 6.46620953639e-23,
        "stdev": 0.0226710569113,
        "var": 0.00051397678908
    },
    "spectral_energyband_middle_high": {
        "dmean": 0.00363814318553,
        "dmean2": 0.00532592833042,
        "dvar": 2.79699870589e-05,
        "dvar2": 6.17184196017e-05,
        "max": 0.0563412196934,
        "mean": 0.0104252528399,
        "median": 0.00800233520567,
        "min": 1.62540101794e-21,
        "stdev": 0.0104032661766,
        "var": 0.000108227948658
    },
    "spectral_energyband_middle_low": {
        "dmean": 0.00383745739236,
        "dmean2": 0.00598137453198,
        "dvar": 4.87470788357e-05,
        "dvar2": 0.000121507182484,
        "max": 0.0698232427239,
        "mean": 0.00871196761727,
        "median": 0.00660415133461,
        "min": 3.79285231998e-22,
        "stdev": 0.00844173692167,
        "var": 7.12629262125e-05
    },
    "spectral_entropy": {
        "dmean": 0.211291283369,
        "dmean2": 0.266869425774,
        "dvar": 0.0744591578841,
        "dvar2": 0.104482978582,
        "max": 9.78554439545,
        "mean": 7.21159553528,
        "median": 7.42870616913,
        "min": 3.38798332214,
        "stdev": 0.81679803133,
        "var": 0.667159020901
    },
    "spectral_flux": {
        "dmean": 0.0300853718072,
        "dmean2": 0.0453724265099,
        "dvar": 0.00160696497187,
        "dvar2": 0.00322389090434,
        "max": 0.353254109621,
        "mean": 0.0912071168423,
        "median": 0.0754076242447,
        "min": 1.02137694136e-10,
        "stdev": 0.0660778135061,
        "var": 0.00436627771705
    },
    "spectral_kurtosis": {
        "dmean": 3.32386994362,
        "dmean2": 5.45426464081,
        "dvar": 23.1666469574,
        "dvar2": 58.0232086182,
        "max": 69.0682525635,
        "mean": 9.07870006561,
        "median": 7.03691864014,
        "min": -1.22711348534,
        "stdev": 8.46058177948,
        "var": 71.581451416
    },
    "spectral_rms": {
        "dmean": 0.0008822598611,
        "dmean2": 0.0012084703194,
        "dvar": 1.45232138493e-06,
        "dvar2": 2.31203557632e-06,
        "max": 0.0125651760027,
        "mean": 0.00521092908457,
        "median": 0.00552576873451,
        "min": 3.19024559374e-12,
        "stdev": 0.00255355937406,
        "var": 6.52066546536e-06
    },
    "spectral_rolloff": {
        "dmean": 480.914276123,
        "dmean2": 790.024597168,
        "dvar": 1217473.25,
        "dvar2": 2011930,
        "max": 18217.0898438,
        "mean": 1698.38806152,
        "median": 1571.92382812,
        "min": 64.599609375,
        "stdev": 1629.05737305,
        "var": 2653828
    },
    "spectral_skewness": {
        "dmean": 0.364241242409,
        "dmean2": 0.5647970438,
        "dvar": 0.192432895303,
        "dvar2": 0.402002304792,
        "max": 7.46659851074,
        "mean": 2.08150863647,
        "median": 1.8727414608,
        "min": -0.202460065484,
        "stdev": 0.953039348125,
        "var": 0.908284008503
    },
    "spectral_spread": {
        "dmean": 691798.1875,
        "dmean2": 885873.8125,
        "dvar": 1.22854191923e+12,
        "dvar2": 1.59132719514e+12,
        "max": 41648588,
        "mean": 4017818.75,
        "median": 3428462.5,
        "min": 1430030.625,
        "stdev": 2279120.5,
        "var": 5.19439070003e+12
    },
    "spectral_strongpeak": {
        "dmean": 0.81499260664,
        "dmean2": 1.36973977089,
        "dvar": 2.28818464279,
        "dvar2": 5.00921344757,
        "max": 13.3090591431,
        "mean": 1.48761367798,
        "median": 0.560985267162,
        "min": 0,
        "stdev": 2.2382144928,
        "var": 5.0096039772
    },
    "zerocrossingrate": {
        "dmean": 0.010498424992,
        "dmean2": 0.0120689813048,
        "dvar": 0.000501140253618,
        "dvar2": 0.000477312423754,
        "max": 0.5048828125,
        "mean": 0.0586156509817,
        "median": 0.0537109375,
        "min": 0.0029296875,
        "stdev": 0.0441730059683,
        "var": 0.00195125432219
    },
    "barkbands": {
        "dmean": [0.000714396766853, 0.00793919339776, 0.00141255569179, 0.000502195907757, 0.00138580717612, 0.000742569973227, 0.000533823214937, 0.00039155932609, 0.00143388670404, 0.000792437174823, 0.000433088280261, 0.000671062502079, 0.000797134416644, 0.00151858013123, 0.000577491766308, 0.000693430076353, 0.000419682473876, 0.000221283000428, 0.000114265341836, 7.50259423512e-05, 4.99985508213e-05, 5.88549955864e-05, 6.29784772173e-05, 8.06534953881e-05, 7.69337639213e-05, 5.95596866333e-05, 5.19341529071e-06],
        "dmean2": [0.00107215135358, 0.0126874418929, 0.00215484458022, 0.000821658817586, 0.00229728268459, 0.00117115012836, 0.00090673181694, 0.000622754858341, 0.00226606032811, 0.00114237458911, 0.000625837652478, 0.000960809411481, 0.0011922280537, 0.00233667390421, 0.000879103143234, 0.00113342748955, 0.000659788900521, 0.000349784153514, 0.000190401959117, 0.000121608805784, 7.98093242338e-05, 9.41994221648e-05, 9.71246699919e-05, 0.000116643983347, 0.000102188721939, 8.31162906252e-05, 7.60728789828e-06],
        "dvar": [2.45801106757e-06, 0.000335745804477, 5.94379525864e-06, 9.23954075915e-07, 1.12941579573e-05, 1.95838902073e-06, 3.41644908985e-06, 3.37331266564e-06, 1.92425322894e-05, 6.5418671511e-06, 1.39650376241e-06, 4.41908650828e-06, 6.56369138596e-06, 1.53918572323e-05, 1.02956380488e-06, 9.54416236709e-07, 3.3388846532e-07, 1.03532507012e-07, 3.78423443692e-08, 1.64550648662e-08, 1.60914055414e-08, 2.74579878834e-08, 2.78103549078e-08, 1.72170871338e-07, 5.07748865175e-08, 3.80671529854e-08, 2.11954870322e-10],
        "dvar2": [5.20478124599e-06, 0.000790135236457, 1.33765533974e-05, 2.48419974014e-06, 3.01330765069e-05, 5.1063934734e-06, 9.42477799981e-06, 7.63965908845e-06, 4.59528091596e-05, 1.43829247463e-05, 3.01652312373e-06, 8.66437494551e-06, 1.54033423314e-05, 3.62715873052e-05, 2.12587588067e-06, 2.41484804064e-06, 8.42360975639e-07, 2.51384562944e-07, 9.66722382145e-08, 4.15048120317e-08, 4.0915693944e-08, 7.18949735301e-08, 6.76843114888e-08, 4.38062414787e-07, 9.9717773594e-08, 8.23458492505e-08, 4.33963254221e-10],
        "max": [0.0122148972005, 0.138206362724, 0.02575500682, 0.0100835692137, 0.0504645220935, 0.0177753716707, 0.0269206743687, 0.0443532429636, 0.059827145189, 0.0462075024843, 0.0301039293408, 0.0471210107207, 0.0405501462519, 0.0517902262509, 0.0250377450138, 0.00892139971256, 0.00682626944035, 0.00414688372985, 0.0020855308976, 0.00170378119219, 0.0013890323462, 0.00230150274001, 0.00301717058755, 0.0120103703812, 0.00572504382581, 0.00446776114404, 0.00014764656953],
        "mean": [0.000933126080781, 0.0097418371588, 0.0043631750159, 0.00075395294698, 0.00286346604116, 0.00139530096203, 0.000545001239516, 0.000494145439006, 0.00189674261492, 0.00117557053454, 0.000782980991062, 0.00111491244752, 0.0013941610232, 0.00242917682044, 0.00106876459904, 0.00132755923551, 0.000827231677249, 0.000444194796728, 0.000213538049138, 0.000143833458424, 7.64313081163e-05, 9.34043346206e-05, 0.000110661334475, 0.000118509626191, 0.000118393320008, 8.39298809296e-05, 6.27180270385e-06],
        "median": [6.73490285408e-05, 0.00313994195312, 0.000581468571909, 0.00028074340662, 0.00166771409567, 0.000772851286456, 0.000153842251166, 9.70839173533e-05, 0.000410715030739, 0.000194050182472, 0.000191712810192, 0.000196984459762, 0.000268440548098, 0.000435530091636, 0.000650765432511, 0.00077329413034, 0.00051794439787, 0.000262498768279, 0.000124593585497, 0.000106679697637, 2.35631596297e-05, 2.45507053478e-05, 1.93853702513e-05, 1.1758123037e-05, 1.07549458335e-05, 6.36143613519e-06, 8.93986111805e-08],
        "min": [3.02202239269e-24, 4.70983408119e-23, 6.82729925615e-24, 2.06026108419e-23, 5.01929601016e-23, 2.64124830564e-23, 2.8201644833e-23, 7.45700116286e-23, 1.71070545749e-22, 3.58969924298e-23, 1.18445798845e-22, 1.29822144975e-22, 3.21560720223e-23, 9.95972170701e-23, 1.35149644523e-22, 1.39471933329e-22, 2.41132917813e-22, 2.50947685382e-22, 2.21488388006e-22, 3.63619691354e-22, 3.00067718922e-22, 6.18648854707e-22, 5.87249514863e-22, 7.41634718455e-22, 1.33825393188e-21, 1.85216967481e-21, 2.11247408357e-21],
        "stdev": [0.00206948048435, 0.0190005339682, 0.0054689431563, 0.00108017527964, 0.00374376913533, 0.00194407929666, 0.00159269804135, 0.00197723926976, 0.005229012575, 0.00335707794875, 0.00216642208397, 0.00322196539491, 0.00431571342051, 0.00565915415064, 0.00169273966458, 0.00153422472067, 0.000925514788833, 0.000529036682565, 0.000260884320596, 0.000171519437572, 0.000144117628224, 0.000182301722816, 0.00025947537506, 0.000460042094346, 0.000321916595567, 0.000252621714026, 1.81208579306e-05],
        "var": [4.2827496145e-06, 0.000361020269338, 2.99093408103e-05, 1.1667787021e-06, 1.40158072099e-05, 3.77944411412e-06, 2.53668690675e-06, 3.909474799e-06, 2.73425739579e-05, 1.12699726742e-05, 4.69338465336e-06, 1.03810616565e-05, 1.86253819265e-05, 3.20260260196e-05, 2.86536737804e-06, 2.35384550251e-06, 8.56577628383e-07, 2.79879799336e-07, 6.8060636238e-08, 2.94189188565e-08, 2.07698924726e-08, 3.32339205045e-08, 6.73274769269e-08, 2.11638734982e-07, 1.03630299009e-07, 6.38177368728e-08, 3.28365501456e-10]
    },
    "erbbands": {
        "dmean": [0.355821460485, 1.42304873466, 1.61816012859, 1.55024397373, 2.84208774567, 6.22303915024, 4.28545093536, 6.76214981079, 8.65149497986, 6.68381690979, 10.0854883194, 31.1843795776, 32.6459312439, 15.0886583328, 17.4277133942, 29.7878780365, 37.3719024658, 74.4256134033, 36.5564918518, 37.0359077454, 39.2910728455, 20.6143932343, 11.4965181351, 8.86860656738, 3.99359107018, 3.97057914734, 1.94026660919, 2.18117594719, 2.26956868172, 1.80057585239, 1.7883130312, 1.42960476875, 1.4831507206, 0.817125618458, 0.623514175415, 0.332841902971, 0.0930906459689, 0.0158911701292, 0.000548186479136, 2.38412194449e-05],
        "dmean2": [0.575330555439, 2.36101698875, 2.56963539124, 2.52971434593, 4.83287286758, 10.1006174088, 6.76342439651, 10.8463172913, 14.5304431915, 10.9262952805, 15.971247673, 49.7137374878, 47.5025482178, 22.8102207184, 24.8279800415, 41.8735771179, 56.3950538635, 110.965492249, 58.170337677, 57.4993286133, 64.0791549683, 31.7886180878, 18.0570049286, 14.3239450455, 6.41130161285, 6.48882579803, 3.04324817657, 3.51941108704, 3.64085960388, 2.86675238609, 2.74367785454, 2.12541484833, 2.14443325996, 1.08426439762, 0.869095802307, 0.468303561211, 0.126084670424, 0.0219312645495, 0.000799000787083, 3.06394431391e-05],
        "dvar": [0.628950536251, 12.5430612564, 8.67201900482, 6.21457481384, 55.5903282166, 207.704727173, 55.8725891113, 216.864456177, 900.795776367, 641.04486084, 1120.55615234, 10600.2001953, 10940.0898438, 3243.43432617, 2087.6484375, 9264.44335938, 12799.2734375, 39131.9492188, 6231.74365234, 3528.27392578, 3341.5144043, 868.963500977, 257.4715271, 241.32762146, 35.8314819336, 44.1240081787, 22.8297290802, 38.0983352661, 44.6945533752, 18.0516338348, 24.8606891632, 46.0522041321, 53.5464515686, 6.50550794601, 3.45887088776, 1.50758302212, 0.0762756690383, 0.00169668032322, 2.24399536819e-06, 1.89370319426e-09],
        "dvar2": [1.48454213142, 32.0449485779, 21.3760261536, 16.6018238068, 152.904586792, 547.395874023, 132.98336792, 585.278686523, 2473.59033203, 1465.38391113, 2604.49584961, 26149.5839844, 25532.1796875, 7751.04199219, 4584.76611328, 18567.6035156, 28890.6210938, 91070.484375, 14808.1591797, 7348.02392578, 8432.24121094, 2120.25561523, 625.355102539, 603.663879395, 90.4993972778, 108.587966919, 57.5529022217, 99.8661117554, 118.376075745, 41.2909965515, 61.2825088501, 114.744941711, 136.133163452, 13.4182739258, 7.27922487259, 3.33560204506, 0.153758466244, 0.00316874915734, 4.39427367382e-06, 3.44536466024e-09],
        "max": [5.96735143661, 28.997882843, 27.2004489899, 18.2636547089, 94.8077087402, 219.381515503, 114.725906372, 197.536956787, 479.188232422, 636.77935791, 488.578735352, 1510.23522949, 2272.20825195, 1147.39819336, 968.00579834, 2318.36865234, 1926.09448242, 2982.64819336, 1482.37817383, 1231.99511719, 520.062072754, 456.17098999, 180.439941406, 172.060470581, 62.0343894958, 107.220726013, 52.6621627808, 76.4423599243, 99.4103317261, 76.1289901733, 100.882125854, 195.568344116, 212.283889771, 72.6197433472, 38.2636833191, 29.8706417084, 5.94262361526, 0.457049310207, 0.0163124352694, 0.000618897669483],
        "mean": [0.40666243434, 1.75899124146, 4.65163612366, 3.55849480629, 4.32269477844, 13.8753938675, 9.00448226929, 11.9000835419, 9.30338382721, 9.21828365326, 13.1026725769, 40.3525390625, 53.8923835754, 25.5436820984, 31.6912879944, 53.9309387207, 73.5181732178, 118.756202698, 61.448387146, 72.2403411865, 76.6532745361, 44.4722366333, 25.6180915833, 17.5980739594, 8.89972114563, 7.35067558289, 3.16239023209, 3.28481721878, 3.46285104752, 3.29260730743, 3.02993893623, 2.18987059593, 2.12914180756, 1.24886858463, 0.906694948673, 0.471312731504, 0.128502801061, 0.0211794301867, 0.000711225555278, 5.92977121414e-05],
        "median": [0.111380808055, 0.527973353863, 0.763085186481, 1.51818978786, 2.61244726181, 7.33915948868, 6.18763113022, 6.34140491486, 2.71339058876, 2.66016602516, 3.81334161758, 9.49748516083, 8.20721912384, 9.50281047821, 10.6958990097, 12.0036993027, 18.7331123352, 20.5672016144, 30.6788139343, 45.7551002502, 41.6063194275, 30.2570133209, 17.385093689, 9.46405124664, 6.54727888107, 5.36528921127, 1.38502371311, 0.96503251791, 0.925146281719, 0.676562070847, 0.506067335606, 0.254616498947, 0.195064172149, 0.106593668461, 0.0735951066017, 0.0415621474385, 0.00664184661582, 0.000630208349321, 3.86816827813e-05, 4.1390365368e-05],
        "min": [1.06636960039e-21, 1.10874481513e-20, 1.37597488242e-20, 3.84113369719e-20, 9.68110410817e-20, 2.11307384606e-19, 1.68475468424e-19, 2.13329711956e-19, 3.24174951342e-19, 9.53713190084e-19, 1.97131594953e-18, 3.24893776464e-18, 2.32949363336e-18, 1.94046728256e-18, 7.15324369758e-18, 3.8572428716e-18, 2.12456666764e-18, 4.16968966848e-18, 5.64860547207e-18, 6.9945987279e-18, 8.97103761375e-18, 1.64818417116e-17, 1.36213949051e-17, 1.69063458389e-17, 9.01312290896e-18, 1.84468886661e-17, 1.00344916149e-17, 1.59636792323e-17, 2.38372045104e-17, 1.99635838762e-17, 1.53714046788e-17, 1.46667212432e-17, 1.31819039195e-17, 1.45108886876e-17, 1.02210084354e-17, 6.70955104804e-18, 3.43415508432e-18, 1.25175928948e-18, 3.10430233941e-19, 2.95905769565e-20],
        "stdev": [0.828359305859, 3.36516022682, 5.86854553223, 4.03947114944, 6.73980236053, 18.6698818207, 10.3907680511, 17.7777328491, 26.5787963867, 29.4200706482, 37.4384384155, 112.397186279, 147.258743286, 71.1209716797, 71.1067810059, 148.510040283, 206.588317871, 283.168518066, 105.687965393, 100.419082642, 90.7857437134, 50.3901367188, 27.7335853577, 21.5265045166, 9.60006904602, 8.94854736328, 5.49743461609, 6.5585694313, 6.99071788788, 6.77865839005, 7.52170181274, 8.43314838409, 7.90852880478, 3.48464989662, 2.51977705956, 1.55790960789, 0.36642408371, 0.0553841739893, 0.00192472455092, 7.01214958099e-05],
        "var": [0.686179101467, 11.324303627, 34.4398269653, 16.3173274994, 45.4249343872, 348.56451416, 107.968063354, 316.047790527, 706.432373047, 865.540527344, 1401.63659668, 12633.1269531, 21685.1367188, 5058.19238281, 5056.17480469, 22055.2324219, 42678.7304688, 80184.4140625, 11169.9453125, 10083.9921875, 8242.05078125, 2539.16577148, 769.151794434, 463.390411377, 92.1613311768, 80.0764923096, 30.221786499, 43.0148353577, 48.870136261, 45.9502067566, 56.5759963989, 71.1179885864, 62.5448265076, 12.1427841187, 6.34927606583, 2.42708230019, 0.134266614914, 0.00306740659289, 3.70456450582e-06, 4.91702367711e-09]
    },
    "gfcc": {
        "mean": [-24.6201686859, 97.7228622437, -124.975662231, 22.2635726929, -38.8621406555, 17.8317661285, -47.2017097473, 5.31531238556, -21.4879264832, 1.06375312805, -17.3919200897, 3.84399247169, -2.77155566216],
        "cov": [[12636.3896484, -2116.36401367, -1015.43902588, 911.026977539, 767.31640625, 1191.65527344, 468.040496826, 1214.43078613, 89.824256897, 342.296478271, -286.084289551, 203.799972534, -620.656860352], [-2116.36401367, 2139.76147461, -231.246643066, 176.965545654, 414.84588623, -466.298187256, 232.249923706, -120.35710144, 154.724807739, -293.118011475, 161.100006104, -214.412734985, 182.497680664], [-1015.43902588, -231.246643066, 1273.93688965, 208.218505859, -48.1564292908, 33.7809257507, -71.621421814, -69.1608963013, -63.5179290771, 50.7097702026, -87.0137786865, 75.0355987549, 19.9162006378], [911.026977539, 176.965545654, 208.218505859, 915.257263184, 449.495849609, -93.0567016602, 122.933197021, 176.459686279, 96.480178833, -87.3510513306, 1.04170095921, -53.8054084778, -4.09668445587], [767.31640625, 414.84588623, -48.1564292908, 449.495849609, 571.034057617, -18.6385726929, 198.501754761, 218.675552368, 75.4065704346, -64.8407440186, 6.54222345352, -51.1352081299, -28.189825058], [1191.65527344, -466.298187256, 33.7809257507, -93.0567016602, -18.6385726929, 408.042266846, 106.390518188, 87.0473861694, -11.0126962662, 89.7621536255, -56.9806518555, 69.5410308838, -80.3255844116], [468.040496826, 232.249923706, -71.621421814, 122.933197021, 198.501754761, 106.390518188, 277.252380371, 124.442581177, 62.3273162842, -28.2722949982, 0.624353289604, -20.041469574, -24.9684619904], [1214.43078613, -120.35710144, -69.1608963013, 176.459686279, 218.675552368, 87.0473861694, 124.442581177, 352.279083252, 69.4134674072, 16.9851818085, -51.3193740845, -3.47994542122, -99.9364776611], [89.824256897, 154.724807739, -63.5179290771, 96.480178833, 75.4065704346, -11.0126962662, 62.3273162842, 69.4134674072, 138.520263672, -2.50393891335, 9.74382209778, -28.6991786957, 2.54627275467], [342.296478271, -293.118011475, 50.7097702026, -87.3510513306, -64.8407440186, 89.7621536255, -28.2722949982, 16.9851818085, -2.50393891335, 130.407211304, -0.751141250134, 43.6640396118, -21.4122142792], [-286.084289551, 161.100006104, -87.0137786865, 1.04170095921, 6.54222345352, -56.9806518555, 0.624353289604, -51.3193740845, 9.74382209778, -0.751141250134, 104.557250977, 14.4549741745, 36.9238319397], [203.799972534, -214.412734985, 75.0355987549, -53.8054084778, -51.1352081299, 69.5410308838, -20.041469574, -3.47994542122, -28.6991786957, 43.6640396118, 14.4549741745, 105.427337646, -7.20670080185], [-620.656860352, 182.497680664, 19.9162006378, -4.09668445587, -28.189825058, -80.3255844116, -24.9684619904, -99.9364776611, 2.54627275467, -21.4122142792, 36.9238319397, -7.20670080185, 122.928009033]],
        "icov": [[0.000281474145595, -1.70193088707e-05, 0.000386762432754, -0.000472014857223, 1.19537980936e-05, -0.000579236191697, 0.000136409318657, -0.000431325635873, 0.000305154244415, -0.00053522142116, 0.000479573820485, -0.000428963365266, 0.000400577264372], [-1.70193088707e-05, 0.00187848962378, -0.00033854067442, 0.00105109147262, -0.00141671998426, 0.00133288523648, -0.00136400444899, 0.000832220131997, -0.00136692251544, 0.00235191546381, -0.00182357174344, 0.00168475590181, -0.000754749926273], [0.000386762432754, -0.00033854067442, 0.00167605269235, -0.00134742574301, 0.000389476539567, -0.000842275912873, 0.000326126872096, -0.000257038627751, 0.000949023349676, -0.00174109137151, 0.00239423010498, -0.00184122880455, 0.000385078776162], [-0.000472014857223, 0.00105109147262, -0.00134742574301, 0.00351768359542, -0.00230599148199, 0.00182707654312, -0.000592465745285, 0.000805125222541, -0.00206918991171, 0.00300818588585, -0.00218322267756, 0.00181105302181, -0.00108002522029], [1.19537980936e-05, -0.00141671998426, 0.000389476539567, -0.00230599148199, 0.00528397178277, -0.000708713487256, -0.000755940214731, -0.00223151431419, 0.00169957045, -0.00139312224928, 0.000547469593585, -0.000558352272492, 0.00032953947084], [-0.000579236191697, 0.00133288523648, -0.000842275912873, 0.00182707654312, -0.000708713487256, 0.00690084742382, -0.00387999555096, 0.00182320550084, -0.00117216724902, 0.000109489054012, 0.000494408654049, -0.000629658752587, 0.000192825507838], [0.000136409318657, -0.00136400444899, 0.000326126872096, -0.000592465745285, -0.000755940214731, -0.00387999555096, 0.00788111798465, -0.00182465149555, -0.000553233723622, 0.000380646815756, -0.000241646004724, -0.000203878167667, 0.000188227772014], [-0.000431325635873, 0.000832220131997, -0.000257038627751, 0.000805125222541, -0.00223151431419, 0.00182320550084, -0.00182465149555, 0.00721997208893, -0.00296082627028, 0.000395982176997, 0.00142959330697, -0.000267143564997, 0.00251907319762], [0.000305154244415, -0.00136692251544, 0.000949023349676, -0.00206918991171, 0.00169957045, -0.00117216724902, -0.000553233723622, -0.00296082627028, 0.0112105403095, -0.00386412395164, 0.000573420431465, 0.000827275740448, -0.00057732447749], [-0.00053522142116, 0.00235191546381, -0.00174109137151, 0.00300818588585, -0.00139312224928, 0.000109489054012, 0.000380646815756, 0.000395982176997, -0.00386412395164, 0.0156648177654, -0.00550169637427, 0.00106674153358, -0.00113659491763], [0.000479573820485, -0.00182357174344, 0.00239423010498, -0.00218322267756, 0.000547469593585, 0.000494408654049, -0.000241646004724, 0.00142959330697, 0.000573420431465, -0.00550169637427, 0.0177739392966, -0.00755127659068, -0.000521957350429], [-0.000428963365266, 0.00168475590181, -0.00184122880455, 0.00181105302181, -0.000558352272492, -0.000629658752587, -0.000203878167667, -0.000267143564997, 0.000827275740448, 0.00106674153358, -0.00755127659068, 0.01677595824, -0.00168605009094], [0.000400577264372, -0.000754749926273, 0.000385078776162, -0.00108002522029, 0.00032953947084, 0.000192825507838, 0.000188227772014, 0.00251907319762, -0.00057732447749, -0.00113659491763, -0.000521957350429, -0.00168605009094, 0.0133390892297]]
    },
    "melbands": {
        "dmean": [0.0025544250384, 0.000996862072498, 0.000281598302536, 0.000322339474224, 0.000172539963387, 0.000150734063936, 0.000121832126752, 7.89526529843e-05, 0.000102425277873, 0.000207952791243, 0.000160724564921, 6.10072238487e-05, 6.1491766246e-05, 6.91246677889e-05, 8.97384161362e-05, 8.10412020655e-05, 0.000156750567839, 7.09105224814e-05, 4.55045665149e-05, 4.52968015452e-05, 4.91850478284e-05, 2.47935404332e-05, 1.61774823937e-05, 1.16231758511e-05, 7.44177714296e-06, 3.81728114007e-06, 2.95698123409e-06, 2.58919203588e-06, 1.15394254863e-06, 1.24194309592e-06, 1.44276293668e-06, 1.49503807734e-06, 9.05773845261e-07, 1.19444337088e-06, 1.17051297366e-06, 8.40422046622e-07, 9.3890679409e-07, 1.10323867375e-06, 9.08500510377e-07, 6.56533757137e-07],
        "dmean2": [0.00411449419335, 0.00165754009504, 0.000463417294668, 0.000536623469088, 0.000274693593383, 0.000242304304265, 0.000205839867704, 0.000128197338199, 0.000163582139066, 0.000326410401613, 0.00023306060757, 9.26167849684e-05, 8.7192740466e-05, 0.000102853824501, 0.000128166764625, 0.000128344356199, 0.000232980033616, 0.000113363326818, 6.87991196173e-05, 7.23710472812e-05, 8.01315982244e-05, 3.85047060263e-05, 2.55332961387e-05, 1.85473563761e-05, 1.21978018797e-05, 6.26838664175e-06, 4.77428966406e-06, 4.2447791202e-06, 1.85218834758e-06, 1.98223597181e-06, 2.38045095102e-06, 2.44898478741e-06, 1.41893133332e-06, 1.89935735762e-06, 1.82458370546e-06, 1.21915570617e-06, 1.43418026255e-06, 1.62668061421e-06, 1.29368243051e-06, 8.79914693996e-07],
        "dvar": [3.40537262673e-05, 4.58033582618e-06, 2.60164284782e-07, 6.78622711803e-07, 9.0098957628e-08, 1.01549865406e-07, 1.79206537609e-07, 1.14725338562e-07, 1.22131481817e-07, 4.31568167869e-07, 2.69045045798e-07, 5.59107320441e-08, 2.76998353144e-08, 4.7465679387e-08, 6.13192554511e-08, 7.93707073399e-08, 1.8075745345e-07, 3.31320855196e-08, 8.75288375113e-09, 4.02854727355e-09, 5.31353672173e-09, 1.35800271028e-09, 4.90834983768e-10, 3.55792673101e-10, 1.9098098103e-10, 3.26900589931e-11, 2.15196385017e-11, 1.91893098633e-11, 8.73461199202e-12, 8.9082751592e-12, 1.83455559771e-11, 2.08746544356e-11, 4.74671127057e-12, 8.78038267094e-12, 1.06903730659e-11, 7.40117255676e-12, 2.56656969982e-11, 3.31429328426e-11, 1.18100329863e-11, 3.37335259552e-12],
        "dvar2": [7.89348341641e-05, 1.1699843526e-05, 7.20087655282e-07, 1.81329028237e-06, 2.31260855799e-07, 2.71502273108e-07, 4.90307286327e-07, 2.5532446557e-07, 2.85306867909e-07, 1.04533012291e-06, 6.27773260931e-07, 1.30053138037e-07, 5.59717996396e-08, 1.05207853096e-07, 1.08292240952e-07, 2.08552577874e-07, 4.11819740975e-07, 7.75534232389e-08, 1.72245453456e-08, 9.80239267534e-09, 1.33517188416e-08, 3.34584426831e-09, 1.2266395677e-09, 8.78526806858e-10, 4.86255535836e-10, 8.47038897356e-11, 5.40489701606e-11, 4.69212481369e-11, 2.22003890965e-11, 2.21810226436e-11, 4.90304775946e-11, 5.58998264344e-11, 1.17973677702e-11, 2.08426227666e-11, 2.78400965475e-11, 1.55163139282e-11, 6.62195437373e-11, 8.55758519602e-11, 2.77651061864e-11, 6.65905742006e-12],
        "max": [0.0420255810022, 0.0173833016306, 0.00509564392269, 0.0122394803911, 0.00357415224425, 0.00406371289864, 0.00654328567907, 0.00887767598033, 0.00574868824333, 0.00816866848618, 0.0110629256815, 0.00463311653584, 0.00452157109976, 0.00394343398511, 0.00447340216488, 0.00513380439952, 0.0067093949765, 0.00354229938239, 0.0026816315949, 0.000611929106526, 0.000647344801109, 0.000603333231993, 0.000202685143449, 0.000291466480121, 0.000154773500981, 6.23389860266e-05, 5.67348397453e-05, 7.34422792448e-05, 3.85300263588e-05, 3.41690392816e-05, 5.55429942324e-05, 7.62717536418e-05, 2.64809277724e-05, 5.997772314e-05, 6.37369666947e-05, 6.1203725636e-05, 0.000143597091665, 0.000164079407114, 0.000102581281681, 4.57731330243e-05],
        "mean": [0.00313112325966, 0.00221915706061, 0.000651823007502, 0.000649045919999, 0.000406753853895, 0.000270457385341, 0.000130214903038, 0.000105483763036, 0.000131209017127, 0.000270131626166, 0.000261593871983, 9.35561256483e-05, 0.000110076383862, 0.000114746260806, 0.000168201120687, 0.000129709223984, 0.000244723982178, 0.000104786246084, 8.31421857583e-05, 8.95783377928e-05, 8.88361173565e-05, 4.81448769278e-05, 2.89735617116e-05, 2.18932673306e-05, 1.33824905788e-05, 7.45630632082e-06, 5.72313865632e-06, 4.42291229774e-06, 1.75671061697e-06, 1.86740965091e-06, 1.98049337996e-06, 2.12736927097e-06, 1.50428422785e-06, 2.00801787287e-06, 1.85112241979e-06, 1.38339203204e-06, 1.31188585328e-06, 1.53193559527e-06, 1.29904378809e-06, 9.66624838838e-07],
        "median": [0.000962617225014, 0.000512536789756, 0.000318893609801, 0.000374823517632, 0.000263114838162, 0.0001454812882, 3.50900663761e-05, 2.64858863375e-05, 3.22905361827e-05, 6.05756358709e-05, 3.4481719922e-05, 2.98245595332e-05, 2.84509933408e-05, 2.48411324719e-05, 4.07475563406e-05, 2.72277757176e-05, 3.49428228219e-05, 3.87748368667e-05, 5.03857554577e-05, 5.95240853727e-05, 4.36757836724e-05, 2.78664429061e-05, 1.91820272448e-05, 1.11853414637e-05, 6.98233225194e-06, 4.87113038616e-06, 4.07945935876e-06, 3.04839659293e-06, 7.03431169313e-07, 5.69607095713e-07, 5.16615216384e-07, 5.69732947042e-07, 3.71499965013e-07, 3.833457356e-07, 2.95277970963e-07, 1.8964627202e-07, 1.24709387705e-07, 1.16311476006e-07, 1.26383000065e-07, 7.71477672856e-08],
        "min": [1.16560399193e-23, 1.03061758482e-23, 8.26622020146e-24, 1.11362026709e-23, 6.85092169596e-24, 5.1625704266e-24, 4.97852247209e-24, 1.11157372524e-23, 1.75817737127e-23, 2.28058772621e-23, 1.1710816054e-23, 6.57436441753e-24, 2.08936500288e-23, 1.65954735447e-23, 5.1423065621e-24, 4.88063903325e-24, 7.77524974013e-24, 8.63621174323e-24, 1.05639803252e-23, 8.78655443227e-24, 9.08813043431e-24, 1.66476850926e-23, 1.19059163442e-23, 1.23337850329e-23, 1.45193289039e-23, 6.06471057452e-24, 1.01850060243e-23, 1.19771552171e-23, 5.62388957866e-24, 7.18519992683e-24, 9.43327837958e-24, 1.39053221738e-23, 1.06952207474e-23, 1.12258638125e-23, 9.8065176617e-24, 7.39623915163e-24, 9.84338902041e-24, 9.85992354498e-24, 8.64217316509e-24, 1.34404843077e-23],
        "stdev": [0.00616904720664, 0.00282277190126, 0.000735007808544, 0.000864076078869, 0.000439502298832, 0.000395973183913, 0.000374890310923, 0.000387247622712, 0.000409330154071, 0.000745319004636, 0.000732913962565, 0.000289058923954, 0.000295282166917, 0.000311622512527, 0.000451413652627, 0.000383029517252, 0.000619370490313, 0.000235556042753, 0.000156600624905, 0.000103113350633, 0.000110604582005, 5.96731442783e-05, 3.27900561388e-05, 2.99157982226e-05, 1.75200784724e-05, 8.63537024998e-06, 6.58366207062e-06, 5.65772415939e-06, 3.26527174366e-06, 3.51836865775e-06, 4.30791396866e-06, 4.56515044789e-06, 2.76587547887e-06, 4.58858676211e-06, 4.57842270407e-06, 4.33051718574e-06, 5.67601637158e-06, 6.04703427598e-06, 4.13180805481e-06, 2.57834813056e-06],
        "var": [3.80571436835e-05, 7.96804124548e-06, 5.40236499091e-07, 7.46627506487e-07, 1.93162279061e-07, 1.56794754957e-07, 1.40542738336e-07, 1.49960712292e-07, 1.67551164054e-07, 5.55500378141e-07, 5.37162861747e-07, 8.35550579836e-08, 8.71915588618e-08, 9.7108589614e-08, 2.03774277452e-07, 1.46711613525e-07, 3.83619777722e-07, 5.5486648165e-08, 2.45237536944e-08, 1.06323634341e-08, 1.22333734254e-08, 3.56088425413e-09, 1.07518782766e-09, 8.94954998998e-10, 3.06953157336e-10, 7.45696213111e-11, 4.33446091519e-11, 3.20098426931e-11, 1.06619990614e-11, 1.2378918203e-11, 1.8558122053e-11, 2.0840600079e-11, 7.65006721165e-12, 2.10551263924e-11, 2.09619561292e-11, 1.87533773233e-11, 3.22171594958e-11, 3.65666247282e-11, 1.70718369996e-11, 6.64787929566e-12]
    },
    "melbands128": {
