{
"lowlevel": {
    "average_loudness": 0.924175977707,
    "barkbands_crest": {
        "dmean": 2.93202137947,
        "dmean2": 4.45476722717,
        "dvar": 8.61608409882,
        "dvar2": 18.349275589,
        "max": 25.2960891724,
        "mean": 14.0270233154,
        "median": 14.1568441391,
        "min": 2.35609650612,
        "stdev": 5.49821949005,
        "var": 30.2304172516
    },
    "barkbands_flatness_db": {
        "dmean": 0.0323980785906,
        "dmean2": 0.0448280014098,
        "dvar": 0.00123257318046,
        "dvar2": 0.0021803851705,
        "max": 0.396902471781,
        "mean": 0.160682946444,
        "median": 0.159517541528,
        "min": 0.0261232256889,
        "stdev": 0.063663713634,
        "var": 0.00405306881294
    },
    "barkbands_kurtosis": {
        "dmean": 8.00814437866,
        "dmean2": 12.5249137878,
        "dvar": 352.3828125,
        "dvar2": 729.197692871,
        "max": 238.609725952,
        "mean": 10.815404892,
        "median": 3.65293979645,
        "min": -1.91582930088,
        "stdev": 23.8290367126,
        "var": 567.822998047
    },
    "barkbands_skewness": {
        "dmean": 0.918867647648,
        "dmean2": 1.34086477757,
        "dvar": 1.4044470787,
        "dvar2": 2.69469690323,
        "max": 13.1629714966,
        "mean": 2.34513545036,
        "median": 1.90500354767,
        "min": -1.7396696806,
        "stdev": 2.01487565041,
        "var": 4.0597243309
    },
    "barkbands_spread": {
        "dmean": 9.05309104919,
        "dmean2": 13.6032762527,
        "dvar": 135.456848145,
        "dvar2": 263.319763184,
        "max": 106.015571594,
        "mean": 22.9012756348,
        "median": 18.2736797333,
        "min": 0.693305790424,
        "stdev": 17.0675735474,
        "var": 291.302093506
    },
    "dissonance": {
        "dmean": 0.0194387435913,
        "dmean2": 0.0318032093346,
        "dvar": 0.000410845124861,
        "dvar2": 0.00103888357989,
        "max": 0.499984115362,
        "mean": 0.458600074053,
        "median": 0.467138975859,
        "min": 0.270465373993,
        "stdev": 0.0325882732868,
        "var": 0.00106199563015
    },
    "dynamic_complexity": 2.48184919357,
    "erbbands_crest": {
        "dmean": 2.9889895916,
        "dmean2": 4.62682962418,
        "dvar": 8.53442287445,
        "dvar2": 17.9444656372,
        "max": 31.0012512207,
        "mean": 11.3602848053,
        "median": 8.59401798248,
        "min": 2.72209596634,
        "stdev": 7.22869682312,
        "var": 52.2540550232
    },
    "erbbands_flatness_db": {
        "dmean": 0.019102210179,
        "dmean2": 0.0283270496875,
        "dvar": 0.000352531671524,
        "dvar2": 0.000674830633216,
        "max": 0.316829353571,
        "mean": 0.159795790911,
        "median": 0.147126421332,
        "min": 0.0652933046222,
        "stdev": 0.0582067482173,
        "var": 0.00338802533224
    },
    "erbbands_kurtosis": {
        "dmean": 1.21386384964,
        "dmean2": 1.97067964077,
        "dvar": 2.53757858276,
        "dvar2": 6.19078922272,
        "max": 15.3143539429,
        "mean": 0.589753448963,
        "median": -0.00394773483276,
        "min": -1.82600688934,
        "stdev": 2.07216572762,
        "var": 4.2938709259
    },
    "erbbands_skewness": {
        "dmean": 0.46653932333,
        "dmean2": 0.718398869038,
        "dvar": 0.200256422162,
        "dvar2": 0.428356647491,
        "max": 3.48696351051,
        "mean": 0.335119992495,
        "median": 0.179921194911,
        "min": -2.57167863846,
        "stdev": 1.00395274162,
        "var": 1.00792109966
    },
    "erbbands_spread": {
        "dmean": 13.0102233887,
        "dmean2": 19.3404655457,
        "dvar": 248.38470459,
        "dvar2": 497.709381104,
        "max": 177.237854004,
        "mean": 47.9841499329,
        "median": 38.2289199829,
        "min": 3.54112362862,
        "stdev": 29.7759513855,
        "var": 886.607299805
    },
    "hfc": {
        "dmean": 13.2319698334,
        "dmean2": 19.5198459625,
        "dvar": 882.17175293,
        "dvar2": 1798.88781738,
        "max": 252.62713623,
        "mean": 21.8971061707,
        "median": 11.1479043961,
        "min": 0.000219365305384,
        "stdev": 33.6247406006,
        "var": 1130.62329102
    },
    "loudness_ebu128": {
        "integrated": -9.50528240204,
        "loudness_range": 5.63008785248,
        "momentary": {
            "dmean": 0.410488069057,
            "dmean2": 0.517239630222,
            "dvar": 0.133698984981,
            "dvar2": 0.181261584163,
            "max": -5.98308420181,
            "mean": -10.2372779846,
            "median": -8.98106479645,
            "min": -15.4728431702,
            "stdev": 2.64312028885,
            "var": 6.98608541489
        },
        "short_term": {
            "dmean": 0.0902275368571,
            "dmean2": 0.0871229618788,
            "dvar": 0.00660393852741,
            "dvar2": 0.00464612897485,
            "max": -7.35614776611,
            "mean": -10.308801651,
            "median": -8.84997177124,
            "min": -13.6583375931,
            "stdev": 2.3768157959,
            "var": 5.64925336838
        }
    },
    "melbands_crest": {
        "dmean": 3.09369850159,
        "dmean2": 4.70409250259,
        "dvar": 8.79044151306,
        "dvar2": 19.2260913849,
        "max": 32.2568283081,
        "mean": 18.9417114258,
        "median": 19.1838226318,
        "min": 3.03917050362,
        "stdev": 5.67870426178,
        "var": 32.2476844788
    },
    "melbands_flatness_db": {
        "dmean": 0.0389733761549,
        "dmean2": 0.0531951412559,
        "dvar": 0.00193505280185,
        "dvar2": 0.00325486017391,
        "max": 0.516529262066,
        "mean": 0.220325022936,
        "median": 0.222366273403,
        "min": 0.0265982858837,
        "stdev": 0.0808050706983,
        "var": 0.00652945926413
    },
    "melbands_kurtosis": {
        "dmean": 22.7186584473,
        "dmean2": 34.2591819763,
        "dvar": 2122.11791992,
        "dvar2": 4027.89892578,
        "max": 678.20703125,
        "mean": 39.2520599365,
        "median": 15.3423118591,
        "min": -1.70065557957,
        "stdev": 69.6426773071,
        "var": 4850.10253906
    },
    "melbands_skewness": {
        "dmean": 1.29530143738,
        "dmean2": 1.89961504936,
        "dvar": 2.69669318199,
        "dvar2": 5.16775417328,
        "max": 19.6601066589,
        "mean": 4.20750284195,
        "median": 3.39674115181,
        "min": -1.30932152271,
        "stdev": 3.20260381699,
        "var": 10.2566709518
    },
    "melbands_spread": {
        "dmean": 9.50732135773,
        "dmean2": 14.2215461731,
        "dvar": 207.827835083,
        "dvar2": 366.921417236,
        "max": 191.698272705,
        "mean": 20.9732990265,
        "median": 14.6614255905,
        "min": 0.576220631599,
        "stdev": 20.9782218933,
        "var": 440.085784912
    },
    "pitch_salience": {
        "dmean": 0.0825194865465,
        "dmean2": 0.124276645482,
        "dvar": 0.00637285830453,
        "dvar2": 0.0134914554656,
        "max": 0.846853137016,
        "mean": 0.427587002516,
        "median": 0.414825886488,
        "min": 0.105153538287,
        "stdev": 0.141021832824,
        "var": 0.0198871567845
    },
    "silence_rate_20dB": {
        "dmean": 0,
        "dmean2": 0,
        "dvar": 0,
        "dvar2": 0,
        "max": 1,
        "mean": 1,
        "median": 1,
        "min": 1,
        "stdev": 0,
        "var": 0
    },
    "silence_rate_30dB": {
        "dmean": 0.0294117648154,
        "dmean2": 0.0588690936565,
        "dvar": 0.0285469833761,
        "dvar2": 0.0708947256207,
        "max": 1,
        "mean": 0.974477946758,
        "median": 1,
        "min": 0,
        "stdev": 0.157705172896,
        "var": 0.0248709209263
    },
    "silence_rate_60dB": {
        "dmean": 0.0317337475717,
        "dmean2": 0.062742061913,
        "dvar": 0.0307267569005,
        "dvar2": 0.0665516555309,
        "max": 1,
        "mean": 0.0433101318777,
        "median": 0,
        "min": 0,
        "stdev": 0.203555613756,
        "var": 0.0414348877966
    },
    "spectral_centroid": {
        "dmean": 349.656890869,
        "dmean2": 514.47064209,
        "dvar": 177910.203125,
        "dvar2": 299453.53125,
        "max": 4334.79345703,
        "mean": 1377.31945801,
        "median": 1177.62756348,
        "min": 172.071243286,
        "stdev": 722.70123291,
        "var": 522297.0625
    },
    "spectral_complexity": {
        "dmean": 4.5859131813,
        "dmean2": 6.62974452972,
        "dvar": 43.956325531,
        "dvar2": 68.7227096558,
        "max": 61,
        "mean": 15.5645780563,
        "median": 12,
        "min": 0,
        "stdev": 11.6294240952,
        "var": 135.243515015
    },
    "spectral_decrease": {
        "dmean": 2.69000999253e-09,
        "dmean2": 4.28869428859e-09,
        "dvar": 2.17498489762e-17,
        "dvar2": 5.06066782654e-17,
        "max": -3.5427617193e-14,
        "mean": -7.87405252112e-09,
        "median": -6.18152684595e-09,
        "min": -4.92083387371e-08,
        "stdev": 7.09097403018e-09,
        "var": 5.0281913922e-17
    },
    "spectral_energy": {
        "dmean": 0.0109714251012,
        "dmean2": 0.0172900781035,
        "dvar": 0.00034586340189,
        "dvar2": 0.000794569437858,
        "max": 0.188006073236,
        "mean": 0.031704608351,
        "median": 0.0249130483717,
        "min": 1.53607786046e-07,
        "stdev": 0.0282791554928,
        "var": 0.000799710687716
    },
    "spectral_energyband_high": {
        "dmean": 0.00130903813988,
        "dmean2": 0.00193505850621,
        "dvar": 8.69689301908e-06,
        "dvar2": 1.77501915459e-05,
        "max": 0.0245546586812,
        "mean": 0.00151416298468,
        "median": 0.00044715940021,
        "min": 2.1882041068e-08,
        "stdev": 0.00327100022696,
        "var": 1.06994421003e-05
    },
    "spectral_energyband_low": {
        "dmean": 0.00787416473031,
        "dmean2": 0.013004318811,
        "dvar": 0.000271580676781,
        "dvar2": 0.000645300198812,
        "max": 0.177072703838,
        "mean": 0.0194611493498,
        "median": 0.0132187698036,
        "min": 7.38196277439e-08,
        "stdev": 0.0242434833199,
        "var": 0.000587746442761
    },
    "spectral_energyband_middle_high": {
        "dmean": 0.0019133501919,
        "dmean2": 0.00282690208405,
        "dvar": 1.89191978279e-05,
        "dvar2": 3.98628908442e-05,
        "max": 0.0422135666013,
        "mean": 0.00368811702356,
        "median": 0.00186996383127,
        "min": 2.24898801804e-08,
        "stdev": 0.00538056669757,
        "var": 2.8950498745e-05
    },
    "spectral_energyband_middle_low": {
        "dmean": 0.00432548671961,
        "dmean2": 0.00699602160603,
        "dvar": 9.35735370149e-05,
        "dvar2": 0.000240878740442,
        "max": 0.100712545216,
        "mean": 0.00800111237913,
        "median": 0.00633982103318,
        "min": 2.96488202878e-08,
        "stdev": 0.00902263727039,
        "var": 8.14079758129e-05
    },
    "spectral_entropy": {
        "dmean": 0.235498309135,
        "dmean2": 0.330006420612,
        "dvar": 0.061532240361,
        "dvar2": 0.119169853628,
        "max": 8.60336971283,
        "mean": 7.64624023438,
        "median": 7.67157697678,
        "min": 6.08275938034,
        "stdev": 0.485110968351,
        "var": 0.235332652926
    },
    "spectral_flux": {
        "dmean": 0.0293494947255,
        "dmean2": 0.0452532880008,
        "dvar": 0.00141684955452,
        "dvar2": 0.00306264357641,
        "max": 0.351374298334,
        "mean": 0.081130348146,
        "median": 0.0606821104884,
        "min": 0.000391928304452,
        "stdev": 0.0596153698862,
        "var": 0.00355399237014
    },
    "spectral_kurtosis": {
        "dmean": 1.35714960098,
        "dmean2": 2.19970631599,
        "dvar": 2.49999213219,
        "dvar2": 6.72649145126,
        "max": 21.4141941071,
        "mean": 3.06122112274,
        "median": 2.35456705093,
        "min": -0.638581514359,
        "stdev": 2.55980062485,
        "var": 6.55257892609
    },
    "spectral_rms": {
        "dmean": 0.000867219525389,
        "dmean2": 0.00131494074594,
        "dvar": 1.35101595333e-06,
        "dvar2": 2.7569226404e-06,
        "max": 0.0135432844982,
        "mean": 0.00506862392649,
        "median": 0.00493005197495,
        "min": 1.22417832245e-05,
        "stdev": 0.00228918995708,
        "var": 5.2403911468e-06
    },
    "spectral_rolloff": {
        "dmean": 749.646240234,
        "dmean2": 1245.85791016,
        "dvar": 1621389.125,
        "dvar2": 3155468.5,
        "max": 10077.5390625,
        "mean": 1354.8770752,
        "median": 645.99609375,
        "min": 64.599609375,
        "stdev": 1625.95812988,
        "var": 2643740
    },
    "spectral_skewness": {
        "dmean": 0.230968818069,
        "dmean2": 0.347132354975,
        "dvar": 0.0476384460926,
        "dvar2": 0.10318094492,
        "max": 3.2223751545,
        "mean": 1.328358531,
        "median": 1.26812148094,
        "min": 0.187044888735,
        "stdev": 0.425389021635,
        "var": 0.180955812335
    },
    "spectral_spread": {
        "dmean": 791722.25,
        "dmean2": 1144865.375,
        "dvar": 741828526080,
        "dvar2": 1.51963054899e+12,
        "max": 13617957,
        "mean": 5324663.5,
        "median": 5001305.5,
        "min": 2056299.25,
        "stdev": 1782426.375,
        "var": 3.17704372224e+12
    },
    "spectral_strongpeak": {
        "dmean": 0.287906885147,
        "dmean2": 0.466067105532,
        "dvar": 0.127007946372,
        "dvar2": 0.279058843851,
        "max": 4.24986457825,
        "mean": 0.806249856949,
        "median": 0.563440442085,
        "min": 0,
        "stdev": 0.666034698486,
        "var": 0.443602234125
    },
    "zerocrossingrate": {
        "dmean": 0.0168952122331,
        "dmean2": 0.01904296875,
        "dvar": 0.000338851474226,
        "dvar2": 0.000400474149501,
        "max": 0.30029296875,
        "mean": 0.0588165558875,
        "median": 0.04736328125,
        "min": 0.00244140625,
        "stdev": 0.0374683588743,
        "var": 0.00140387797728
    },
    "barkbands": {
        "dmean": [0.000194021034986, 0.00620930129662, 0.00314889126457, 0.00136758212466, 0.00150271342136, 0.000707261729985, 0.0011665552156, 0.000549175427295, 0.000304879824398, 0.000252238794928, 0.000291993055725, 0.000311457260977, 0.00034653567127, 0.000306712812744, 0.000287557078991, 0.000237001513597, 0.000260020635324, 0.000205029020435, 0.000182670308277, 0.000200459835469, 0.000235526560573, 0.000243475558818, 0.000285599817289, 0.000247610121733, 0.000190785111045, 5.34312275704e-05, 2.08620917874e-06],
        "dmean2": [0.000298672239296, 0.0103341294453, 0.00503614079207, 0.00237373728305, 0.00272803404368, 0.00110623671208, 0.00180731515866, 0.000812899437733, 0.000489764322992, 0.000404736143537, 0.000464848097181, 0.000518694752827, 0.000553077377845, 0.000476999266539, 0.000456876994576, 0.000363922503311, 0.000401896482799, 0.000324019958498, 0.000276447710348, 0.000311238283757, 0.000358713441528, 0.000358642195351, 0.000428677856689, 0.000375698728021, 0.000299101084238, 8.48262716318e-05, 3.50786103809e-06],
        "dvar": [3.2894377e-07, 0.000186768738786, 8.7026062829e-05, 2.79826399492e-05, 3.7586378312e-05, 1.38754307955e-06, 3.9012097659e-06, 1.30303931201e-06, 4.14605551669e-07, 3.25625393316e-07, 6.07944116382e-07, 4.55106146546e-07, 7.40216535178e-07, 4.06719408375e-07, 3.77854263434e-07, 3.22083621995e-07, 3.7703983935e-07, 2.52574579918e-07, 2.65850957248e-07, 3.43801730196e-07, 4.74257831229e-07, 2.5675467441e-07, 4.19497666826e-07, 2.50284358572e-07, 1.71916624936e-07, 1.26672832224e-08, 3.88830218023e-11],
        "dvar2": [6.25665961707e-07, 0.000500630936585, 0.000206634387723, 7.56941444706e-05, 0.000107975196443, 2.97766518997e-06, 9.02346801013e-06, 2.75856018561e-06, 1.05036463083e-06, 8.10976018784e-07, 1.22717983686e-06, 1.17262800359e-06, 1.86684724213e-06, 9.83909785646e-07, 8.95368089004e-07, 7.65635434163e-07, 7.65112076806e-07, 5.69379380977e-07, 5.21963158917e-07, 7.60531122523e-07, 1.06492257146e-06, 4.9637264965e-07, 8.86022576196e-07, 5.15164856552e-07, 4.05949322158e-07, 2.96332824945e-08, 9.76339842307e-11],
        "max": [0.00792279001325, 0.164944469929, 0.112891063094, 0.0679111778736, 0.0516867749393, 0.0152142699808, 0.0238335058093, 0.0190250780433, 0.00769281666726, 0.007002747152, 0.0166077967733, 0.00684685539454, 0.015857104212, 0.00620521232486, 0.00680101336911, 0.00705476664007, 0.00613811425865, 0.00607983861119, 0.0062914788723, 0.00601079221815, 0.00729272374883, 0.00481308577582, 0.00625063059852, 0.00404340773821, 0.00371256726794, 0.000827093666885, 9.05202177819e-05],
        "mean": [0.000320823310176, 0.0130976140499, 0.0051471311599, 0.00166008493397, 0.00134232454002, 0.00105092860758, 0.00252716126852, 0.000845338858198, 0.000442307587946, 0.000314404023811, 0.000354711635737, 0.000380110664992, 0.000497647211887, 0.000412328285165, 0.000414012611145, 0.00033390338649, 0.000386576255551, 0.000306905567413, 0.000241407222347, 0.000258887070231, 0.000276135921013, 0.000290997122647, 0.00031840975862, 0.000259558757534, 0.000176059344085, 4.71822095278e-05, 1.68746021245e-06],
        "median": [7.36198999221e-05, 0.00554915890098, 0.00200825813226, 0.000547271280084, 0.000347877125023, 0.000358313147444, 0.000476942630485, 0.000143960613059, 0.000127900508232, 5.81183339818e-05, 9.70642067841e-05, 0.000123762627481, 0.000111231325718, 0.000128138475702, 0.000143415411003, 0.000116062474262, 0.000139653289807, 0.000112479749077, 6.12023941358e-05, 6.16431934759e-05, 7.38051749067e-05, 8.88202703209e-05, 6.70342997182e-05, 5.84171866649e-05, 2.44908387685e-05, 3.53443283529e-06, 1.01760988969e-07],
        "min": [7.21278903271e-09, 3.5407758503e-08, 5.71022518159e-09, 5.98078786496e-09, 1.40227216505e-08, 2.02290606488e-09, 3.31187882674e-10, 2.23576948621e-10, 5.21597903758e-11, 1.73141168069e-10, 4.24662194298e-10, 2.11667530725e-10, 3.43452460916e-10, 1.95974081407e-09, 6.28762653054e-10, 6.16673989651e-10, 5.85790171925e-09, 3.65087204912e-09, 4.81725903612e-09, 7.15312964417e-09, 3.60033114433e-09, 5.80525227889e-09, 3.09412051536e-09, 2.33296182373e-09, 3.22751314563e-09, 4.09225070497e-10, 5.77668067461e-13],
        "stdev": [0.000893731485121, 0.0176090598106, 0.0102649163455, 0.00453990232199, 0.00473484303802, 0.00184976030141, 0.0038265127223, 0.00176452239975, 0.000852745492011, 0.000672922586091, 0.000938262382988, 0.000738872215152, 0.00130832917057, 0.00074350083014, 0.000735118752345, 0.000633134040982, 0.000733259599656, 0.000590160489082, 0.000596945406869, 0.000639859121293, 0.000712129927706, 0.000586031179409, 0.000706466380507, 0.000551988312509, 0.000411335931858, 0.00011194201943, 5.58468900635e-06],
        "var": [7.98755934284e-07, 0.000310078990879, 0.000105368504592, 2.06107142731e-05, 2.24187406275e-05, 3.42161320077e-06, 1.46421989484e-05, 3.11353915095e-06, 7.27174835902e-07, 4.52824821195e-07, 8.80336244791e-07, 5.45932152818e-07, 1.71172530372e-06, 5.52793494535e-07, 5.4039958286e-07, 4.00858738203e-07, 5.37669620826e-07, 3.4828943285e-07, 3.56343832664e-07, 4.09419669722e-07, 5.07129072957e-07, 3.4343253219e-07, 4.99094767292e-07, 3.04691070596e-07, 1.69197249988e-07, 1.25310162247e-08, 3.11887494997e-11]
    },
    "erbbands": {
        "dmean": [0.1603436023, 1.49137401581, 3.21264076233, 4.34255933762, 5.53086423874, 4.59580373764, 3.75673437119, 6.52803230286, 11.8133134842, 21.6836338043, 6.57757472992, 6.64008617401, 8.39030647278, 8.54861736298, 11.9936618805, 11.542681694, 16.2036800385, 15.3872671127, 15.341794014, 13.8385677338, 12.0262088776, 14.7700605392, 11.352845192, 10.1215324402, 9.09608364105, 9.23585128784, 10.1467704773, 9.2213344574, 8.8966255188, 8.58304595947, 8.33442306519, 5.65049123764, 3.7689678669, 2.90554070473, 0.934035003185, 0.358850985765, 0.067016929388, 0.00776589894667, 0.00027312032762, 2.25705152843e-05],
        "dmean2": [0.253745704889, 2.49867653847, 5.17091464996, 7.02749490738, 9.92017364502, 8.3008480072, 6.44633293152, 10.0466022491, 18.6419487, 32.5998420715, 9.98725509644, 10.7697248459, 13.5507040024, 13.411822319, 19.4751472473, 18.7214698792, 25.980178833, 24.8613758087, 23.7614974976, 21.1557712555, 18.5543689728, 22.5631828308, 18.0202140808, 15.0511035919, 13.638302803, 14.4338054657, 15.9107179642, 13.9645681381, 13.198802948, 12.7207231522, 12.5885229111, 8.53154945374, 5.78059196472, 4.66026067734, 1.41749513149, 0.567394077778, 0.104023136199, 0.0124922236428, 0.000438114366261, 3.43202555086e-05],
        "dvar": [0.167293861508, 10.301486969, 66.6366653442, 223.5234375, 511.203887939, 332.829772949, 95.4008865356, 135.450881958, 596.227722168, 1614.2947998, 184.722183228, 208.800720215, 396.082427979, 521.456054688, 992.737609863, 519.64465332, 1853.03833008, 1043.82006836, 1333.45996094, 697.34777832, 801.864868164, 1199.21325684, 827.781066895, 854.790710449, 653.644470215, 698.263183594, 971.673278809, 607.642272949, 365.130859375, 321.023345947, 393.344055176, 144.896286011, 57.5045547485, 43.5722923279, 3.60804271698, 0.574282646179, 0.0198843479156, 0.000365943240467, 5.35714548278e-07, 1.64734570429e-09],
        "dvar2": [0.43209913373, 27.3323402405, 152.352050781, 562.046875, 1453.41101074, 956.972595215, 258.129730225, 269.079772949, 1432.84362793, 3291.72924805, 424.702301025, 516.818908691, 1035.01379395, 1162.9342041, 2356.07446289, 1249.16174316, 4734.80029297, 2625.64624023, 3106.66699219, 1587.17565918, 1768.20239258, 2502.23828125, 1868.48339844, 1904.47094727, 1296.51989746, 1606.21777344, 2254.04931641, 1286.07775879, 732.965270996, 634.843505859, 864.620056152, 309.872741699, 121.458633423, 105.931861877, 7.96699666977, 1.33922040462, 0.0452875606716, 0.000869851792231, 1.33455068863e-06, 3.6486751398e-09],
        "max": [4.70623636246, 37.0584373474, 94.4198608398, 195.03843689, 219.063430786, 184.689224243, 131.767059326, 183.811477661, 259.046356201, 614.385559082, 310.490142822, 166.570144653, 316.156616211, 473.93371582, 576.762878418, 230.616638184, 840.807617188, 311.453186035, 387.611236572, 285.933959961, 282.942230225, 351.920349121, 297.625732422, 297.72644043, 280.871643066, 282.213623047, 323.565338135, 259.42401123, 203.344436646, 167.984954834, 188.680404663, 122.791740417, 68.5096054077, 67.760345459, 14.7180194855, 5.73767805099, 1.22967970371, 0.195749729872, 0.00898941513151, 0.00035781992483],
        "mean": [0.303555727005, 3.13751626015, 6.28620100021, 6.1744799614, 5.3240737915, 4.27454710007, 4.22496080399, 10.1828022003, 24.0371284485, 47.3972434998, 10.5301332474, 9.43946361542, 12.2266769409, 11.0445251465, 15.060590744, 15.7407598495, 24.1411495209, 22.05560112, 20.5151309967, 22.3043518066, 17.8301048279, 22.4737892151, 17.3226070404, 13.8701467514, 12.077955246, 12.0195274353, 11.4066209793, 11.2164039612, 10.7720966339, 9.43526935577, 9.1918258667, 5.88873434067, 3.91133642197, 2.65894126892, 0.878030240536, 0.319123089314, 0.0597455054522, 0.0068152975291, 0.000245692965109, 4.76242566947e-05],
        "median": [0.136229604483, 1.24453771114, 2.84650707245, 2.87484717369, 1.85205554962, 0.899610877037, 1.47592115402, 3.9613609314, 5.72801446915, 8.39234161377, 4.17747020721, 2.82913708687, 2.8795478344, 3.15708899498, 4.09131765366, 5.84415149689, 5.4102306366, 7.91212463379, 6.06275224686, 9.2145318985, 6.45976352692, 8.51326847076, 7.01269817352, 4.00992441177, 2.90359044075, 3.17439103127, 2.652364254, 3.22580099106, 3.41969943047, 2.03197050095, 1.85817217827, 1.05325376987, 0.921492934227, 0.460901468992, 0.0800566524267, 0.0231462083757, 0.00453450996429, 0.000594953482505, 3.4262859117e-05, 3.24114625982e-05],
        "min": [1.35137474899e-06, 6.91732657288e-06, 1.97551999008e-05, 3.60152262147e-05, 4.71570347145e-05, 4.53691973235e-05, 3.0502304071e-05, 1.26158447529e-05, 4.97793871546e-06, 5.72042472413e-06, 3.89062961403e-06, 1.28790645704e-06, 2.66840675067e-06, 1.1181510672e-05, 1.72194449988e-05, 6.77344860378e-06, 1.35418713398e-05, 9.89427353488e-05, 4.00444077968e-05, 3.10231262119e-05, 6.923708861e-05, 0.000336490687914, 0.000259122054558, 0.000143170487718, 0.000316344609018, 0.000248574622674, 0.000235244340729, 0.000127372928546, 0.000250651326496, 8.56547048897e-05, 9.79986944003e-05, 9.00286104297e-05, 2.6793060897e-05, 5.13892882736e-05, 1.09389948193e-05, 3.14892940878e-06, 7.07678054823e-07, 8.08079718695e-08, 2.74174927206e-09, 3.42298828171e-10],
        "stdev": [0.516476631165, 4.1574344635, 10.0717544556, 14.4080858231, 17.7874336243, 14.2261333466, 9.1220293045, 19.1585674286, 41.8761558533, 82.816619873, 18.1693344116, 17.9884281158, 25.1015625, 27.684469223, 34.6560516357, 28.2191772461, 66.4681625366, 36.4090881348, 41.5655784607, 34.9562644958, 32.22057724, 41.0548057556, 32.6898841858, 32.4363365173, 30.0379066467, 28.361951828, 31.2075862885, 26.5931377411, 21.797082901, 20.3555221558, 20.905166626, 13.1021785736, 8.21558094025, 6.3294839859, 2.00170731544, 0.754963994026, 0.14343085885, 0.0183007307351, 0.000674738374073, 5.17895095982e-05],
        "var": [0.266748130322, 17.2842617035, 101.440246582, 207.592926025, 316.39276123, 202.382873535, 83.2114105225, 367.050720215, 1753.61254883, 6858.59228516, 330.124725342, 323.583526611, 630.088439941, 766.42980957, 1201.04187012, 796.321960449, 4418.01660156, 1325.6217041, 1727.69726562, 1221.94055176, 1038.16564941, 1685.49707031, 1068.62854004, 1052.1159668, 902.275817871, 804.400268555, 973.913391113, 707.195007324, 475.112823486, 414.347259521, 437.026000977, 171.66708374, 67.4957733154, 40.0623664856, 4.00683259964, 0.569970607758, 0.0205724127591, 0.000334916723659, 4.55271873534e-07, 2.68215316623e-09]
    },
    "gfcc": {
        "mean": [-12.448302269, 75.2967987061, -117.248214722, 46.6039352417, -58.6132545471, 25.7868690491, -38.7956237793, 15.1381931305, -8.80663299561, 12.2642297745, -5.84951305389, 3.70053076744, -8.42415714264],
        "cov": [[4828.36279297, -890.178527832, 1036.92687988, 746.830505371, 309.752410889, 713.066711426, -35.0494651794, 14.8006105423, -544.631530762, -248.779220581, -555.017028809, -110.622192383, -297.551574707], [-890.178527832, 1158.3885498, -193.83416748, -228.568862915, 209.649307251, -73.2699050903, 200.421127319, 29.9655818939, 218.085281372, -51.1729812622, 156.137832642, -58.2425498962, 74.4698181152], [1036.92687988, -193.83416748, 1685.16833496, 952.459655762, 508.283813477, 554.456848145, 50.9042053223, -65.1273117065, -361.854766846, -296.366912842, -361.215454102, -134.912750244, -102.582489014], [746.830505371, -228.568862915, 952.459655762, 901.906738281, 427.38269043, 342.49395752, 22.9812355042, -56.7073631287, -206.123962402, -203.089035034, -250.921951294, -108.529373169, -58.108039856], [309.752410889, 209.649307251, 508.283813477, 427.38269043, 481.178009033, 255.721176147, 80.3425674438, -17.4244651794, -83.7323074341, -142.056518555, -125.875808716, -94.5458679199, -36.8322029114], [713.066711426, -73.2699050903, 554.456848145, 342.49395752, 255.721176147, 387.205413818, 98.5943222046, -19.6979236603, -160.995544434, -139.824493408, -150.787185669, -69.567276001, -76.5894470215], [-35.0494651794, 200.421127319, 50.9042053223, 22.9812355042, 80.3425674438, 98.5943222046, 202.452514648, 45.9214286804, 1.81283581257, -37.5976295471, 11.5154323578, -23.4873504639, -22.5401878357], [14.8006105423, 29.9655818939, -65.1273117065, -56.7073631287, -17.4244651794, -19.6979236603, 45.9214286804, 136.437805176, 75.0707244873, 44.2308425903, 18.0105667114, -2.02787351608, -3.83628225327], [-544.631530762, 218.085281372, -361.854766846, -206.123962402, -83.7323074341, -160.995544434, 1.81283581257, 75.0707244873, 258.292572021, 134.555007935, 117.641197205, 3.30723309517, 41.7274780273], [-248.779220581, -51.1729812622, -296.366912842, -203.089035034, -142.056518555, -139.824493408, -37.5976295471, 44.2308425903, 134.555007935, 203.560684204, 114.747039795, 21.9693908691, -2.56557488441], [-555.017028809, 156.137832642, -361.215454102, -250.921951294, -125.875808716, -150.787185669, 11.5154323578, 18.0105667114, 117.641197205, 114.747039795, 201.302444458, 54.100643158, 31.7331256866], [-110.622192383, -58.2425498962, -134.912750244, -108.529373169, -94.5458679199, -69.567276001, -23.4873504639, -2.02787351608, 3.30723309517, 21.9693908691, 54.100643158, 103.978385925, 35.5244789124], [-297.551574707, 74.4698181152, -102.582489014, -58.108039856, -36.8322029114, -76.5894470215, -22.5401878357, -3.83628225327, 41.7274780273, -2.56557488441, 31.7331256866, 35.5244789124, 103.245201111]],
        "icov": [[0.000488854362629, -0.00022095690656, 0.000336682627676, -0.000300515908748, 0.000282014138065, -0.000862870772835, 0.000572346616536, -0.000677612842992, 0.000862509128638, -0.000555968203116, 0.00111881492194, -0.000428541243309, 0.000735090405215], [-0.00022095690656, 0.00350614544004, -0.00116598699242, 0.00238133524545, -0.00284641003236, 0.00210822373629, -0.00275176856667, 0.00174286321271, -0.00362237147056, 0.00373189314269, -0.00308090844192, 0.00229570735246, -0.00125772831962], [0.000336682627676, -0.00116598699242, 0.00262291287072, -0.00222945422865, 0.000913608295377, -0.00235633691773, 0.00147673452739, -0.00137412140612, 0.00255624926649, -0.00145363248885, 0.0020353263244, -0.000679048011079, 0.000550740689505], [-0.000300515908748, 0.00238133524545, -0.00222945422865, 0.00517239002511, -0.00349360774271, 0.00186172081158, -0.00170304544736, 0.00182327022776, -0.00274574942887, 0.00259871594608, -0.00127508677542, 0.00182378373574, -0.00111840211321], [0.000282014138065, -0.00284641003236, 0.000913608295377, -0.00349360774271, 0.00714195752516, -0.00345554482192, 0.00187000073493, -0.00138764979783, 0.00184277829248, -0.00150436244439, 0.00185810658149, -0.000178183137905, 0.000856540573295], [-0.000862870772835, 0.00210822373629, -0.00235633691773, 0.00186172081158, -0.00345554482192, 0.0100789433345, -0.00497703626752, 0.00225554057397, -0.00176827504765, 0.00292503484525, -0.00165481539443, 0.00175262067933, 0.000633355753962], [0.000572346616536, -0.00275176856667, 0.00147673452739, -0.00170304544736, 0.00187000073493, -0.00497703626752, 0.0104131624103, -0.00488692615181, 0.00302657182328, -0.000495596672408, -8.56228944031e-05, -0.000903375388589, 0.00231152563356], [-0.000677612842992, 0.00174286321271, -0.00137412140612, 0.00182327022776, -0.00138764979783, 0.00225554057397, -0.00488692615181, 0.0120617691427, -0.00601767515764, 0.000502457318362, -9.5095623692e-05, 7.3774914199e-05, -0.000541242654435], [0.000862509128638, -0.00362237147056, 0.00255624926649, -0.00274574942887, 0.00184277829248, -0.00176827504765, 0.00302657182328, -0.00601767515764, 0.0146097540855, -0.00820982363075, 0.00270255701616, 0.000708687119186, -0.00130733917467], [-0.000555968203116, 0.00373189314269, -0.00145363248885, 0.00259871594608, -0.00150436244439, 0.00292503484525, -0.000495596672408, 0.000502457318362, -0.00820982363075, 0.0161417648196, -0.0081799980253, 0.00308539182879, 0.00243962043896], [0.00111881492194, -0.00308090844192, 0.0020353263244, -0.00127508677542, 0.00185810658149, -0.00165481539443, -8.56228944031e-05, -9.5095623692e-05, 0.00270255701616, -0.0081799980253, 0.0169727094471, -0.00649795029312, 0.00188793020789], [-0.000428541243309, 0.00229570735246, -0.000679048011079, 0.00182378373574, -0.000178183137905, 0.00175262067933, -0.000903375388589, 7.3774914199e-05, 0.000708687119186, 0.00308539182879, -0.00649795029312, 0.0168680865318, -0.00551358796656], [0.000735090405215, -0.00125772831962, 0.000550740689505, -0.00111840211321, 0.000856540573295, 0.000633355753962, 0.00231152563356, -0.000541242654435, -0.00130733917467, 0.00243962043896, 0.00188793020789, -0.00551358796656, 0.0157949160784]]
    },
    "melbands": {
        "dmean": [0.0015987129882, 0.0015646131942, 0.00071569881402, 0.000366789026884, 0.000136682210723, 0.000147458311403, 0.000193635700271, 0.000216143787839, 4.24385943916e-05, 4.54152577731e-05, 4.26194856118e-05, 3.39949765475e-05, 4.04527745559e-05, 3.48546236637e-05, 3.25851942762e-05, 3.57912722393e-05, 2.88191604341e-05, 2.58188083535e-05, 2.06443091884e-05, 1.8034799723e-05, 1.45364447235e-05, 1.60483687068e-05, 1.44457735587e-05, 8.68234292284e-06, 8.68482948135e-06, 6.6223419708e-06, 6.56646079733e-06, 6.27459985481e-06, 6.97858104104e-06, 5.40623750567e-06, 5.38481890544e-06, 5.18750630363e-06, 4.72737792734e-06, 4.98922963743e-06, 5.43610576642e-06, 3.73182865587e-06, 3.28187093146e-06, 2.46592071562e-06, 3.05658477373e-06, 2.22811513595e-06],
        "dmean2": [0.00261678453535, 0.00253576692194, 0.00115484802518, 0.000670451670885, 0.000234689941863, 0.000225956158829, 0.000303203589283, 0.000324047810864, 6.62320308038e-05, 7.39183378755e-05, 6.90511878929e-05, 5.38045605936e-05, 6.59339784761e-05, 5.73620272917e-05, 5.29771205038e-05, 5.81459935347e-05, 4.67913669127e-05, 3.99783166358e-05, 3.25790715578e-05, 2.79371142824e-05, 2.2666694349e-05, 2.48516735155e-05, 2.31819412875e-05, 1.38383165904e-05, 1.29986819957e-05, 1.02370086097e-05, 9.92503464659e-06, 9.99148505798e-06, 1.11621338874e-05, 8.12917096482e-06, 8.24331891636e-06, 7.80404843681e-06, 7.04246667738e-06, 7.51470042815e-06, 8.37094648887e-06, 5.57594967177e-06, 5.0549124353e-06, 3.74950241167e-06, 4.9652189773e-06, 3.5648033645e-06],
        "dvar": [1.34598803925e-05, 1.15529992399e-05, 5.73868874199e-06, 2.35538914239e-06, 1.54374347971e-07, 6.45188009685e-08, 1.28460243332e-07, 1.57124972588e-07, 8.40815506109e-09, 9.95844207097e-09, 1.00462154151e-08, 8.42389180633e-09, 1.08991828895e-08, 6.24072971078e-09, 6.21132789647e-09, 7.14593140216e-09, 3.7083442983e-09, 3.67106101073e-09, 1.88183557626e-09, 1.94409865983e-09, 1.13571607674e-09, 1.3258810716e-09, 1.39488931516e-09, 4.13421880063e-10, 6.47206066517e-10, 3.26802307438e-10, 3.69830555069e-10, 3.09515940655e-10, 4.91423124416e-10, 2.11742082201e-10, 2.0491025543e-10, 1.24547566704e-10, 9.70508881593e-11, 1.08418385381e-10, 1.76971937105e-10, 7.36140107205e-11, 4.62530430623e-11, 2.55937718935e-11, 4.29090860066e-11, 2.65925163834e-11],
        "dvar2": [3.61112324754e-05, 2.54722690443e-05, 1.38917275763e-05, 6.75513456372e-06, 4.28459145496e-07, 1.32969091737e-07, 3.0817321317e-07, 3.17857995924e-07, 1.9741134949e-08, 2.4823856748e-08, 2.61979984373e-08, 1.91049718268e-08, 2.33539179106e-08, 1.61611577454e-08, 1.50882755179e-08, 1.81971664404e-08, 9.2968805987e-09, 8.45587422305e-09, 4.48533565844e-09, 4.78581752006e-09, 2.49896392468e-09, 2.6632613892e-09, 3.36817773672e-09, 9.12342534853e-10, 1.48053669324e-09, 6.71508737504e-10, 7.67600039087e-10, 7.35553173925e-10, 1.17384058029e-09, 4.69051353313e-10, 4.25558588368e-10, 2.57736054721e-10, 1.89833246345e-10, 2.21412013723e-10, 4.0612954666e-10, 1.5296566791e-10, 1.01280893394e-10, 5.24080535913e-11, 1.00823273341e-10, 6.53820747543e-11],
        "max": [0.0452216900885, 0.0354450307786, 0.0281429477036, 0.0129483724013, 0.00552433962002, 0.00360722816549, 0.00357507937588, 0.00578615767881, 0.00208708504215, 0.0011181186419, 0.00158183975145, 0.00175694713835, 0.00157993834, 0.000931993185077, 0.00143320742063, 0.00130662298761, 0.000570633041207, 0.000675202871207, 0.000558803207241, 0.000582163629588, 0.000328282883856, 0.000390659639379, 0.000452450156445, 0.000215348176425, 0.000263192137936, 0.000206340831937, 0.00020276979194, 0.00019222809351, 0.000212741782889, 0.000152884720592, 0.000160942960065, 0.000128707120894, 8.80164225237e-05, 9.69256579992e-05, 0.000129574371385, 8.66558184498e-05, 6.44743267912e-05, 4.6462235332e-05, 5.89562514506e-05, 5.32702069904e-05],
        "mean": [0.00325027550571, 0.00362116913311, 0.00106111273635, 0.000332245981554, 0.000152909618919, 0.000231044497923, 0.000406635372201, 0.000455498142401, 5.96651552769e-05, 6.35898322798e-05, 5.99392915319e-05, 4.17880910391e-05, 5.1141181757e-05, 4.33285131294e-05, 4.42549135187e-05, 5.17792941537e-05, 3.89769556932e-05, 3.21084371535e-05, 3.09975512209e-05, 2.6093028282e-05, 1.98281504709e-05, 2.34865983657e-05, 2.02130486286e-05, 1.27185212477e-05, 1.11032086352e-05, 8.58564453665e-06, 8.37234347273e-06, 7.8710836533e-06, 7.37059781386e-06, 6.41186488792e-06, 6.47362776363e-06, 6.18516105533e-06, 5.40877908861e-06, 5.32985450263e-06, 5.8854902818e-06, 4.05235869039e-06, 3.30866396325e-06, 2.60879164671e-06, 2.88121827907e-06, 1.99956730285e-06],
        "median": [0.00140525214374, 0.00221184641123, 0.000526084098965, 8.97981663002e-05, 5.19441746292e-05, 8.07575197541e-05, 9.62156918831e-05, 8.10876736068e-05, 2.31152353081e-05, 1.69118284248e-05, 1.36830794872e-05, 1.08507983896e-05, 1.42099916047e-05, 1.12542684292e-05, 1.36386734084e-05, 1.33000239657e-05, 1.306600916e-05, 8.65855054144e-06, 1.07710247903e-05, 9.44997736951e-06, 6.26851579e-06, 8.39815947984e-06, 7.70041515352e-06, 5.00781607116e-06, 2.72289480563e-06, 2.20518359129e-06, 1.84719783647e-06, 2.03773447538e-06, 1.57623298946e-06, 1.74507260908e-06, 1.84848340723e-06, 1.95426696337e-06, 1.28653653064e-06, 1.06422976387e-06, 1.24541475088e-06, 7.1522390499e-07, 5.79964023473e-07, 5.51657706183e-07, 5.93202287291e-07, 2.80404236719e-07],
        "min": [1.21907683948e-08, 9.94208626537e-09, 6.54119425292e-09, 3.35522165607e-09, 1.24998278395e-09, 2.91489360427e-10, 7.27723437066e-11, 6.11651354565e-11, 2.71998413376e-11, 6.70542571121e-12, 1.32223754515e-11, 4.23853764586e-11, 5.9920762796e-11, 3.25062338158e-11, 4.25614361463e-12, 6.20350298908e-11, 2.03776245877e-10, 6.75081171519e-11, 5.47874731693e-11, 2.24233548396e-11, 8.98227395241e-11, 2.98233882035e-10, 4.52192117084e-10, 9.02571489769e-11, 1.00775374157e-10, 2.62060900758e-10, 2.40823666564e-10, 1.44975351168e-10, 1.98480273883e-10, 7.53696133282e-11, 6.18227968818e-11, 1.62570887308e-10, 8.75489333807e-11, 2.97351969436e-11, 4.83299268661e-11, 8.01186755828e-11, 4.20899218256e-11, 1.11226193186e-11, 3.13612642799e-11, 4.80948059156e-11],
        "stdev": [0.00461155315861, 0.00486848922446, 0.00238107796758, 0.00118260306772, 0.000344643893186, 0.000417643575929, 0.000643026200123, 0.000796810607426, 0.000115869916044, 0.000127062608954, 0.000124999991385, 0.000110324734123, 0.000124218277051, 8.90661176527e-05, 0.000105131250166, 0.0001258537377, 6.83445323375e-05, 6.98849689797e-05, 5.39312495675e-05, 4.90037018608e-05, 3.83059050364e-05, 4.42936070613e-05, 3.98084303015e-05, 2.35436091316e-05, 2.75168658845e-05, 2.07958764804e-05, 2.21229056478e-05, 1.83862975973e-05, 2.14268675336e-05, 1.56185451488e-05, 1.55138859554e-05, 1.25603037304e-05, 1.12047755465e-05, 1.16524834084e-05, 1.35172285809e-05, 9.47525768424e-06, 7.27382121113e-06, 5.57940848012e-06, 6.43857174509e-06, 4.90913316753e-06],
        "var": [2.12664235733e-05, 2.37021868088e-05, 5.66953258385e-06, 1.39854989811e-06, 1.1877940409e-07, 1.74426148192e-07, 4.13482695194e-07, 6.34907109998e-07, 1.3425838219e-08, 1.6144907633e-08, 1.56249981842e-08, 1.21715473256e-08, 1.54301798005e-08, 7.93277354916e-09, 1.10525792962e-08, 1.58391646465e-08, 4.67097471812e-09, 4.883909277e-09, 2.90857959939e-09, 2.40136266427e-09, 1.46734224771e-09, 1.96192351254e-09, 1.58471114009e-09, 5.54301493594e-10, 7.57177875954e-10, 4.32468477696e-10, 4.89422946615e-10, 3.38055944349e-10, 4.59110666151e-10, 2.43938924616e-10, 2.40680669839e-10, 1.57761220754e-10, 1.25547003349e-10, 1.35780359178e-10, 1.82715467756e-10, 8.97805094158e-11, 5.29084727419e-11, 3.11297966571e-11, 4.1455203853e-11, 2.40995903789e-11]
    },
    "melbands128": {
