{
"lowlevel": {
    "average_loudness": 0.968970417976,
    "barkbands_crest": {
        "dmean": 2.8165037632,
        "dmean2": 4.72994852066,
        "dvar": 6.21762561798,
        "dvar2": 15.9233217239,
        "max": 24.2398033142,
        "mean": 10.6541404724,
        "median": 10.0646295547,
        "min": 3.17657661438,
        "stdev": 3.70313811302,
        "var": 13.7132320404
    },
    "barkbands_flatness_db": {
        "dmean": 0.0321538634598,
        "dmean2": 0.0459410473704,
        "dvar": 0.000772488012444,
        "dvar2": 0.00178427610081,
        "max": 0.291221886873,
        "mean": 0.145287632942,
        "median": 0.143081188202,
        "min": 0.0387075990438,
        "stdev": 0.043025393039,
        "var": 0.00185118452646
    },
    "barkbands_kurtosis": {
        "dmean": 7.3394575119,
        "dmean2": 11.1936073303,
        "dvar": 78.678314209,
        "dvar2": 174.850845337,
        "max": 69.291885376,
        "mean": 9.97557735443,
        "median": 7.58510494232,
        "min": -1.93296873569,
        "stdev": 10.6580371857,
        "var": 113.593765259
    },
    "barkbands_skewness": {
        "dmean": 0.952120959759,
        "dmean2": 1.41531205177,
        "dvar": 0.805818617344,
        "dvar2": 1.88091003895,
        "max": 7.45919036865,
        "mean": 2.57500886917,
        "median": 2.59640097618,
        "min": -1.96068906784,
        "stdev": 1.40354847908,
        "var": 1.96994841099
    },
    "barkbands_spread": {
        "dmean": 14.6517076492,
        "dmean2": 21.3522224426,
        "dvar": 296.003875732,
        "dvar2": 687.173095703,
        "max": 109.32460022,
        "mean": 27.6046142578,
        "median": 18.7460002899,
        "min": 1.82719016075,
        "stdev": 23.075958252,
        "var": 532.49987793
    },
    "dissonance": {
        "dmean": 0.0257150568068,
        "dmean2": 0.0408068224788,
        "dvar": 0.000987918116152,
        "dvar2": 0.00235447729938,
        "max": 0.499924659729,
        "mean": 0.44943934679,
        "median": 0.461861401796,
        "min": 0.0245709903538,
        "stdev": 0.0436161234975,
        "var": 0.00190236617345
    },
    "dynamic_complexity": 2.99949645996,
    "erbbands_crest": {
        "dmean": 3.15666031837,
        "dmean2": 4.89095544815,
        "dvar": 9.64681148529,
        "dvar2": 21.0193309784,
        "max": 29.8592376709,
        "mean": 10.0580558777,
        "median": 9.08876132965,
        "min": 2.4879450798,
        "stdev": 5.17494392395,
        "var": 26.7800445557
    },
    "erbbands_flatness_db": {
        "dmean": 0.0243145842105,
        "dmean2": 0.0324114076793,
        "dvar": 0.000479900569189,
        "dvar2": 0.000785213138442,
        "max": 0.312151044607,
        "mean": 0.128337740898,
        "median": 0.121346630156,
        "min": 0.0516159683466,
        "stdev": 0.0400883555412,
        "var": 0.0016070761485
    },
    "erbbands_kurtosis": {
        "dmean": 2.34843659401,
        "dmean2": 3.57515192032,
        "dvar": 11.3913297653,
        "dvar2": 25.951007843,
        "max": 47.8516082764,
        "mean": 1.84636867046,
        "median": 0.511556148529,
        "min": -1.83214485645,
        "stdev": 4.23213100433,
        "var": 17.9109344482
    },
    "erbbands_skewness": {
        "dmean": 0.732752561569,
        "dmean2": 1.01359450817,
        "dvar": 0.542285978794,
        "dvar2": 1.09784388542,
        "max": 5.04707241058,
        "mean": 0.82275813818,
        "median": 0.959493219852,
        "min": -4.08523035049,
        "stdev": 1.31190252304,
        "var": 1.72108817101
    },
    "erbbands_spread": {
        "dmean": 22.5873336792,
        "dmean2": 31.4802112579,
        "dvar": 409.956573486,
        "dvar2": 842.555175781,
        "max": 155.071899414,
        "mean": 63.6979026794,
        "median": 59.3197479248,
        "min": 3.69218444824,
        "stdev": 33.480381012,
        "var": 1120.93591309
    },
    "hfc": {
        "dmean": 25.4410953522,
        "dmean2": 41.7648048401,
        "dvar": 2262.4921875,
        "dvar2": 5868.02587891,
        "max": 293.768493652,
        "mean": 28.0868282318,
        "median": 11.5437602997,
        "min": 1.2233598919e-16,
        "stdev": 44.4915847778,
        "var": 1979.50097656
    },
    "loudness_ebu128": {
        "integrated": -17.378484726,
        "loudness_range": 1.98634338379,
        "momentary": {
            "dmean": 0.922581136227,
            "dmean2": 1.55094611645,
            "dvar": 0.458266437054,
            "dvar2": 1.23188734055,
            "max": -13.522693634,
            "mean": -17.6287746429,
            "median": -17.7278594971,
            "min": -21.6641254425,
            "stdev": 1.43559527397,
            "var": 2.06093382835
        },
        "short_term": {
            "dmean": 0.109188713133,
            "dmean2": 0.163504093885,
            "dvar": 0.00733124790713,
            "dvar2": 0.013541216962,
            "max": -15.9466457367,
            "mean": -17.4285144806,
            "median": -17.4923553467,
            "min": -18.7230052948,
            "stdev": 0.67903316021,
            "var": 0.461086004972
        }
    },
    "melbands_crest": {
        "dmean": 4.14764642715,
        "dmean2": 6.76899862289,
        "dvar": 17.4220943451,
        "dvar2": 34.3730430603,
        "max": 35.8548583984,
        "mean": 15.5733757019,
        "median": 14.0977725983,
        "min": 2.97763776779,
        "stdev": 5.9695019722,
        "var": 35.6349563599
    },
    "melbands_flatness_db": {
        "dmean": 0.0396228581667,
        "dmean2": 0.0564717799425,
        "dvar": 0.0011877771467,
        "dvar2": 0.00275602680631,
        "max": 0.373925685883,
        "mean": 0.222369596362,
        "median": 0.224131047726,
        "min": 0.00831533037126,
        "stdev": 0.0564026683569,
        "var": 0.00318126101047
    },
    "melbands_kurtosis": {
        "dmean": 21.6926307678,
        "dmean2": 34.0190429688,
        "dvar": 1022.89465332,
        "dvar2": 2590.52563477,
        "max": 365.764038086,
        "mean": 38.4380531311,
        "median": 28.21052742,
        "min": -1.70036590099,
        "stdev": 38.2884941101,
        "var": 1466.00878906
    },
    "melbands_skewness": {
        "dmean": 1.40330910683,
        "dmean2": 2.10753512383,
        "dvar": 2.02129364014,
        "dvar2": 4.92095947266,
        "max": 16.5940742493,
        "mean": 4.54384374619,
        "median": 4.23287916183,
        "min": -0.375133633614,
        "stdev": 2.27232289314,
        "var": 5.1634516716
    },
    "melbands_spread": {
        "dmean": 9.27105045319,
        "dmean2": 14.593120575,
        "dvar": 226.244430542,
        "dvar2": 484.163299561,
        "max": 206.177902222,
        "mean": 19.7648696899,
        "median": 11.1568965912,
        "min": 1.71158051491,
        "stdev": 28.1477108002,
        "var": 792.293640137
    },
    "pitch_salience": {
        "dmean": 0.0896951779723,
        "dmean2": 0.145523771644,
        "dvar": 0.00704121217132,
        "dvar2": 0.015076847747,
        "max": 0.851836264133,
        "mean": 0.586591482162,
        "median": 0.606469035149,
        "min": 0.148768678308,
        "stdev": 0.121672235429,
        "var": 0.0148041322827
    },
    "silence_rate_20dB": {
        "dmean": 0,
        "dmean2": 0,
        "dvar": 0,
        "dvar2": 0,
        "max": 1,
        "mean": 1,
        "median": 1,
        "min": 1,
        "stdev": 0,
        "var": 0
    },
    "silence_rate_30dB": {
        "dmean": 0.0386996902525,
        "dmean2": 0.0774593353271,
        "dvar": 0.0372021719813,
        "dvar2": 0.0946966260672,
        "max": 1,
        "mean": 0.972931146622,
        "median": 1,
        "min": 0,
        "stdev": 0.162283539772,
        "var": 0.0263359472156
    },
    "silence_rate_60dB": {
        "dmean": 0.0270897839218,
        "dmean2": 0.0542215332389,
        "dvar": 0.0263561122119,
        "dvar2": 0.0652241110802,
        "max": 1,
        "mean": 0.0371229685843,
        "median": 0,
        "min": 0,
        "stdev": 0.189062282443,
        "var": 0.0357445441186
    },
    "spectral_centroid": {
        "dmean": 404.363433838,
        "dmean2": 599.235656738,
        "dvar": 324874.1875,
        "dvar2": 648652.375,
        "max": 11216.1953125,
        "mean": 1096.0657959,
        "median": 754.994873047,
        "min": 254.32371521,
        "stdev": 873.604431152,
        "var": 763184.75
    },
    "spectral_complexity": {
        "dmean": 4.50464391708,
        "dmean2": 7.18822622299,
        "dvar": 46.737575531,
        "dvar2": 106.964645386,
        "max": 50,
        "mean": 10.5228147507,
        "median": 8,
        "min": 0,
        "stdev": 7.83879566193,
        "var": 61.4467201233
    },
    "spectral_decrease": {
        "dmean": 4.46401582366e-09,
        "dmean2": 6.65545396572e-09,
        "dvar": 4.6042193075e-17,
        "dvar2": 9.36195671924e-17,
        "max": 2.1477547938e-29,
        "mean": -6.73404354501e-09,
        "median": -3.3929055121e-09,
        "min": -5.02985813e-08,
        "stdev": 8.0026314464e-09,
        "var": 6.4042109734e-17
    },
    "spectral_energy": {
        "dmean": 0.018621571362,
        "dmean2": 0.0276733245701,
        "dvar": 0.000812944956124,
        "dvar2": 0.00167446618434,
        "max": 0.211053848267,
        "mean": 0.0279633626342,
        "median": 0.0144491773099,
        "min": 1.10151837466e-20,
        "stdev": 0.0331744216383,
        "var": 0.00110054237302
    },
    "spectral_energyband_high": {
        "dmean": 0.0023325108923,
        "dmean2": 0.00386290811002,
        "dvar": 2.09341887967e-05,
        "dvar2": 5.48309108126e-05,
        "max": 0.0302900094539,
        "mean": 0.00224357005209,
        "median": 0.000592493510339,
        "min": 7.97792597911e-21,
        "stdev": 0.00428983801976,
        "var": 1.84027103387e-05
    },
    "spectral_energyband_low": {
        "dmean": 0.0099730361253,
        "dmean2": 0.0148544963449,
        "dvar": 0.000378960423404,
        "dvar2": 0.000770802958868,
        "max": 0.122698180377,
        "mean": 0.010327225551,
        "median": 0.00225310819224,
        "min": 1.39901793103e-22,
        "stdev": 0.0209774784744,
        "var": 0.000440054631326
    },
    "spectral_energyband_middle_high": {
        "dmean": 0.00114550499711,
        "dmean2": 0.00187195406761,
        "dvar": 5.8473383433e-06,
        "dvar2": 1.54621793627e-05,
        "max": 0.0265173446387,
        "mean": 0.0015667231055,
        "median": 0.000788993842434,
        "min": 1.32366719954e-21,
        "stdev": 0.00251565501094,
        "var": 6.32851970295e-06
    },
    "spectral_energyband_middle_low": {
        "dmean": 0.00811048410833,
        "dmean2": 0.0127886189148,
        "dvar": 0.000208366953302,
        "dvar2": 0.000463804608444,
        "max": 0.108877539635,
        "mean": 0.0151471924037,
        "median": 0.00910404324532,
        "min": 4.73843678922e-22,
        "stdev": 0.0174777712673,
        "var": 0.000305472494802
    },
    "spectral_entropy": {
        "dmean": 0.369975179434,
        "dmean2": 0.466519653797,
        "dvar": 0.103688523173,
        "dvar2": 0.185361653566,
        "max": 9.79782962799,
        "mean": 7.70373296738,
        "median": 7.74073696136,
        "min": 5.92591190338,
        "stdev": 0.546317815781,
        "var": 0.298463135958
    },
    "spectral_flux": {
        "dmean": 0.0449694469571,
        "dmean2": 0.0722074061632,
        "dvar": 0.00313688092865,
        "dvar2": 0.00712495390326,
        "max": 0.363885462284,
        "mean": 0.0925784856081,
        "median": 0.063402466476,
        "min": 1.04953247482e-10,
        "stdev": 0.0704486444592,
        "var": 0.00496301194653
    },
    "spectral_kurtosis": {
        "dmean": 1.20879709721,
        "dmean2": 1.54304909706,
        "dvar": 1.44797515869,
        "dvar2": 2.530397892,
        "max": 15.3081016541,
        "mean": 1.95728695393,
        "median": 1.52560043335,
        "min": -1.14190161228,
        "stdev": 1.84355700016,
        "var": 3.39870262146
    },
    "spectral_rms": {
        "dmean": 0.00149529438931,
        "dmean2": 0.00212099519558,
        "dvar": 3.65221853826e-06,
        "dvar2": 6.7169689828e-06,
        "max": 0.0143494317308,
        "mean": 0.00454054074362,
        "median": 0.00375456502661,
        "min": 3.27818848456e-12,
        "stdev": 0.00258163106628,
        "var": 6.6648185566e-06
    },
    "spectral_rolloff": {
        "dmean": 1328.05944824,
        "dmean2": 2373.55541992,
        "dvar": 5780595.5,
        "dvar2": 14229580,
        "max": 19229.1503906,
        "mean": 1808.7076416,
        "median": 538.330078125,
        "min": 64.599609375,
        "stdev": 2764.71411133,
        "var": 7643644.5
    },
    "spectral_skewness": {
        "dmean": 0.32401189208,
        "dmean2": 0.408040732145,
        "dvar": 0.0811239331961,
        "dvar2": 0.13582521677,
        "max": 3.43558454514,
        "mean": 1.29362535477,
        "median": 1.25210869312,
        "min": -0.117002174258,
        "stdev": 0.504799485207,
        "var": 0.254822522402
    },
    "spectral_spread": {
        "dmean": 1333648.5,
        "dmean2": 1695059.125,
        "dvar": 1.53357071155e+12,
        "dvar2": 2.17292432998e+12,
        "max": 40034120,
        "mean": 8153018.5,
        "median": 7869537,
        "min": 2962832.5,
        "stdev": 2138238.25,
        "var": 4.57206294118e+12
    },
    "spectral_strongpeak": {
        "dmean": 0.350751250982,
        "dmean2": 0.574841320515,
        "dvar": 0.231321394444,
        "dvar2": 0.487466514111,
        "max": 6.92696714401,
        "mean": 0.671588540077,
        "median": 0.368938922882,
        "min": 0,
        "stdev": 0.792103946209,
        "var": 0.627428650856
    },
    "zerocrossingrate": {
        "dmean": 0.0247455034405,
        "dmean2": 0.0295135956258,
        "dvar": 0.000589182134718,
        "dvar2": 0.000721767311916,
        "max": 0.49609375,
        "mean": 0.0857905969024,
        "median": 0.0693359375,
        "min": 0.0068359375,
        "stdev": 0.0561528094113,
        "var": 0.00315313786268
    },
    "barkbands": {
        "dmean": [0.00149894913193, 0.00652597658336, 0.00154554774053, 0.0021574657876, 0.00346696865745, 0.00245410576463, 0.00112377724145, 0.00121335557196, 0.000333162548486, 0.000258729152847, 0.000181102514034, 0.000192391773453, 0.00014397832274, 7.98155379016e-05, 9.6425144875e-05, 8.09077610029e-05, 9.81802659226e-05, 0.000115061106044, 9.90314365481e-05, 0.000125790087623, 0.000150051389937, 0.000345312000718, 0.000338386802468, 0.000441767944722, 0.000568328832742, 0.00043871437083, 7.66098455642e-05],
        "dmean2": [0.00210442673415, 0.00973002519459, 0.00258700270206, 0.00368481921032, 0.00576032791287, 0.00389013020322, 0.00175709614996, 0.00174027425237, 0.000539706379641, 0.00043846515473, 0.000316637801006, 0.000310793955578, 0.000237505068071, 0.000131933848024, 0.000162159238243, 0.000130702857859, 0.000160161303938, 0.000193679356016, 0.000157172282343, 0.000208417593967, 0.000231030746363, 0.000565195339732, 0.000547661213204, 0.000739761686418, 0.000976623734459, 0.000759713642765, 0.00013519928325],
        "dvar": [1.37341703521e-05, 0.000225611263886, 2.20753154281e-05, 1.44980094774e-05, 5.7356646721e-05, 2.52657719102e-05, 1.24031093947e-05, 1.25738642964e-05, 1.06164588942e-06, 6.96979952863e-07, 3.31304249812e-07, 5.67159190723e-07, 1.48975345837e-07, 4.93912324373e-08, 4.91929341706e-08, 3.10369188128e-08, 5.46629301823e-08, 6.04117929015e-08, 3.12529131463e-08, 5.52279040278e-08, 5.08672854949e-08, 3.38668655786e-07, 4.11560421298e-07, 6.43744897388e-07, 1.85037720257e-06, 1.07078926703e-06, 3.26349294255e-08],
        "dvar2": [2.8124288292e-05, 0.000450144289061, 5.67570787098e-05, 3.35287040798e-05, 0.000143987883348, 6.2677776441e-05, 2.93716784654e-05, 2.38510838244e-05, 2.75708680419e-06, 1.92515312847e-06, 9.15128737233e-07, 9.08837478164e-07, 4.0019395442e-07, 1.29332363485e-07, 1.24155874914e-07, 7.26228819303e-08, 1.39966473967e-07, 1.54072154146e-07, 7.86030938116e-08, 1.43226884575e-07, 1.23973109112e-07, 8.53714425375e-07, 1.08543576971e-06, 1.69032932718e-06, 4.96292113894e-06, 2.86633098767e-06, 8.91561668936e-08],
        "max": [0.0226924046874, 0.0873292312026, 0.0552941560745, 0.0496063642204, 0.0574705041945, 0.0481617860496, 0.0635503083467, 0.0671320334077, 0.00976113788784, 0.00766487326473, 0.00684345373884, 0.0255090557039, 0.00571032706648, 0.00376462796703, 0.00249847164378, 0.00233201915398, 0.00588849559426, 0.00322421104647, 0.00176450086292, 0.00205315067433, 0.00291552487761, 0.00484848022461, 0.00577769381925, 0.00579252652824, 0.0107416287065, 0.00635817134753, 0.00104066694621],
        "mean": [0.00137023208663, 0.00600153254345, 0.00168459408451, 0.0026143414434, 0.00434630457312, 0.00382466986775, 0.00168542482425, 0.00224011810496, 0.000338727579219, 0.000264716363745, 0.000163694916409, 0.000286197202513, 0.000159788309247, 8.7635788077e-05, 0.000115644630569, 9.39232486417e-05, 0.000133747365908, 0.000119137090223, 0.000123531441204, 0.000143042474519, 0.000190414881217, 0.00035307026701, 0.000355945841875, 0.00040469202213, 0.000460691255284, 0.000346701825038, 5.48704774701e-05],
        "median": [6.14936743659e-06, 0.000344276457326, 0.000661317666527, 0.00123454187997, 0.00203189975582, 0.00166974822059, 0.000316868099617, 0.00014701570035, 4.77349349239e-05, 3.28966525558e-05, 1.5225234165e-05, 2.5315075618e-05, 2.23874449148e-05, 1.61018615472e-05, 2.14524316107e-05, 2.12592385651e-05, 3.33323441737e-05, 3.14627905027e-05, 3.51635317202e-05, 3.40383521689e-05, 6.32413793937e-05, 8.62954548211e-05, 9.60982360994e-05, 0.000121325792861, 9.17289507925e-05, 5.4857449868e-05, 5.89802402828e-06],
        "min": [2.68325342321e-25, 5.08733620987e-23, 5.4835677897e-23, 5.60451405042e-23, 6.49887531984e-23, 1.53798026021e-22, 5.48803084915e-23, 3.15463677395e-23, 9.88337448643e-23, 5.06250823282e-23, 4.28583522859e-23, 4.46697630954e-23, 1.27308240907e-22, 8.84776230767e-23, 7.7787099996e-23, 9.31532963253e-23, 8.70868171246e-23, 3.14497158703e-22, 3.00714963517e-22, 2.61037759096e-22, 5.93525566007e-22, 5.86088008688e-22, 6.40573381856e-22, 5.95771787482e-22, 1.53798997898e-21, 1.66622084636e-21, 2.49203972091e-21],
        "stdev": [0.00400463212281, 0.0159774385393, 0.00421420112252, 0.00408497313038, 0.00718883844092, 0.00592952920124, 0.00414816336706, 0.00621077278629, 0.000995270092972, 0.000729378371034, 0.000523461785633, 0.00130412552971, 0.000411720277043, 0.000225299692829, 0.00026892698952, 0.000212141909287, 0.000355265307007, 0.000233689759625, 0.00019699758559, 0.000259002583334, 0.000310073868604, 0.000629468180705, 0.00065283238655, 0.00074266421143, 0.00115591986105, 0.00088757451158, 0.000149998741108],
        "var": [1.60370800586e-05, 0.000255278515397, 1.77594920387e-05, 1.66870067915e-05, 5.16793988936e-05, 3.51593153027e-05, 1.72072577698e-05, 3.85737002944e-05, 9.90562625702e-07, 5.31992839115e-07, 2.7401222269e-07, 1.70074338257e-06, 1.69513583614e-07, 5.07599544619e-08, 7.23217254972e-08, 4.50041923727e-08, 1.26213436147e-07, 5.46109006905e-08, 3.88080501068e-08, 6.70823396831e-08, 9.61457971016e-08, 3.96230177557e-07, 4.26190098324e-07, 5.51550101591e-07, 1.33615060349e-06, 7.87788508205e-07, 2.24996234977e-08]
    },
    "erbbands": {
        "dmean": [0.367212116718, 0.756255090237, 1.4839502573, 4.80930900574, 9.62287425995, 12.6580314636, 15.3689746857, 20.8415660858, 17.0845546722, 22.1316928864, 20.7167720795, 8.301404953, 8.48655796051, 7.72086572647, 6.85675144196, 8.7393245697, 6.86955881119, 4.82049942017, 4.18303346634, 4.51491165161, 5.07877254486, 5.51715993881, 6.70497703552, 4.61004304886, 5.25553894043, 5.61733484268, 5.54114341736, 7.24068498611, 12.2865772247, 12.9633998871, 8.71747303009, 6.83610153198, 9.54728603363, 7.50455760956, 3.03938221931, 1.66538226604, 0.866115629673, 0.225002482533, 0.00827118009329, 0.000185545475688],
        "dmean2": [0.551791906357, 1.1117811203, 2.39410948753, 8.21376514435, 15.7854270935, 21.5420284271, 24.6771125793, 33.3914718628, 26.1308040619, 33.4805259705, 28.5249137878, 12.8753423691, 14.9356946945, 13.2402477264, 11.6741418839, 13.8065252304, 11.2252149582, 7.90875101089, 6.84662818909, 7.44405221939, 8.26177787781, 8.99002552032, 11.2782917023, 7.19521474838, 8.57881832123, 9.20664310455, 8.78187465668, 11.3683271408, 20.0369663239, 21.7189731598, 14.0271968842, 11.1211147308, 16.1191577911, 12.8528633118, 5.2147231102, 2.84809398651, 1.50910568237, 0.394229084253, 0.0145837794989, 0.000316611403832],
        "dvar": [0.844860613346, 2.54021334648, 22.5615692139, 80.5269546509, 440.417510986, 955.110107422, 1453.47241211, 1790.41723633, 2633.71875, 5060.47460938, 3846.80566406, 518.246887207, 1102.16137695, 532.708984375, 427.79473877, 1400.57861328, 328.802246094, 149.193969727, 105.319404602, 96.6978530884, 129.37588501, 123.690635681, 228.673034668, 59.6826515198, 88.1122283936, 103.202903748, 68.9159088135, 138.117645264, 432.013549805, 727.463439941, 248.70123291, 117.732055664, 359.821746826, 343.62902832, 45.0562820435, 14.0545425415, 4.34518861771, 0.286486983299, 0.000398083240725, 1.74823412635e-07],
        "dvar2": [1.69123375416, 5.24780988693, 54.9810905457, 203.994232178, 993.157165527, 2527.97583008, 3510.28930664, 4376.35351562, 6473.29296875, 10289.8554688, 6945.20507812, 1273.88549805, 3198.93432617, 1444.4609375, 1161.69604492, 2158.95605469, 877.941711426, 389.307220459, 259.926239014, 239.980056763, 327.933807373, 320.211883545, 581.909179688, 141.2605896, 237.255401611, 265.368408203, 165.449462891, 341.336303711, 1086.38623047, 1951.95617676, 643.782531738, 299.909484863, 954.670410156, 925.309326172, 120.24646759, 37.4190444946, 11.7110824585, 0.780464410782, 0.0010890715057, 4.68211283078e-07],
        "max": [4.74289608002, 11.6439580917, 57.7173423767, 95.8805007935, 201.236221313, 261.235137939, 438.041564941, 486.825836182, 1027.73132324, 1358.26281738, 1473.04858398, 262.947509766, 374.897369385, 246.303024292, 258.399963379, 1293.21899414, 263.450286865, 187.631256104, 152.874435425, 83.9648284912, 224.910812378, 163.177627563, 224.798797607, 91.3497924805, 74.490272522, 102.675270081, 116.594032288, 121.738670349, 250.061523438, 187.517562866, 129.724395752, 73.2256393433, 127.616539001, 147.562240601, 39.5456848145, 24.6352310181, 12.7314968109, 3.09811115265, 0.125391691923, 0.00251300097443],
        "mean": [0.322491914034, 0.757587432861, 1.71960818768, 6.10481119156, 11.1548442841, 15.3468523026, 22.0253238678, 33.0395927429, 28.9554080963, 33.0232200623, 40.4356918335, 10.8463554382, 7.96351003647, 7.7903418541, 7.24605894089, 14.0719470978, 8.19145584106, 5.72088384628, 5.71571588516, 5.12671232224, 6.47780323029, 6.67749404907, 6.95825719833, 5.99127340317, 6.13422393799, 6.5537571907, 6.87438392639, 8.91178703308, 12.5198173523, 12.5046300888, 9.38380622864, 7.03702783585, 8.12648296356, 6.02819108963, 2.55354213715, 1.38240253925, 0.65613847971, 0.165219455957, 0.0059430738911, 0.000156487425556],
        "median": [0.00403120741248, 0.105617709458, 0.711930036545, 2.9786465168, 4.92685461044, 7.33189105988, 9.7091178894, 13.8347034454, 7.78178977966, 3.62786412239, 3.09226560593, 1.68059504032, 0.955916464329, 0.894065916538, 0.876902401447, 1.2327657938, 1.41256272793, 1.32859325409, 1.09217095375, 1.26164352894, 1.53797125816, 1.97577595711, 1.86347675323, 1.8963675499, 1.77108061314, 1.61504340172, 2.10499167442, 2.83641529083, 3.02490758896, 2.99007630348, 2.57836031914, 2.25104856491, 2.19061994553, 1.25953316689, 0.517655730247, 0.26253259182, 0.0889378041029, 0.020198572427, 0.00066204048926, 3.77950600523e-05],
        "min": [5.94591449619e-22, 1.47703486597e-20, 5.69429905835e-20, 1.46377377134e-19, 1.36585070871e-19, 3.43871827787e-19, 4.168468388e-19, 1.68050954164e-18, 7.14940423537e-19, 8.80226154272e-19, 6.99435181449e-19, 2.04270184318e-18, 2.05853408011e-18, 2.31488479656e-18, 1.11376167847e-18, 2.16438011129e-18, 5.48757325914e-18, 4.87202060245e-18, 5.43195942502e-18, 4.18929757131e-18, 5.3067532316e-18, 5.94932491581e-18, 1.73075218186e-17, 1.66079238893e-17, 1.20397048056e-17, 1.21967830952e-17, 2.15879118276e-17, 2.11090635885e-17, 2.36033721317e-17, 2.00735856628e-17, 1.62208116345e-17, 1.31228969905e-17, 1.10993088098e-17, 1.74299098076e-17, 1.0540768336e-17, 6.76477693446e-18, 3.40224493783e-18, 1.21513555767e-18, 2.65946993838e-19, 3.92519043394e-20],
        "stdev": [0.964306652546, 1.72291362286, 4.46691465378, 9.14099311829, 21.3618946075, 27.4425964355, 40.8058700562, 52.5196685791, 62.8864135742, 96.9194869995, 120.178421021, 25.7605323792, 26.6416988373, 20.743434906, 20.7717952728, 65.9329071045, 19.7263584137, 12.7111549377, 14.482170105, 10.0852127075, 15.1989164352, 12.9146604538, 14.3592433929, 8.93960189819, 10.2487726212, 11.6692771912, 11.0669622421, 14.9902257919, 22.8453178406, 24.9742889404, 16.9370174408, 11.6599626541, 16.634979248, 15.5523738861, 5.88079786301, 3.30815672874, 1.75872993469, 0.445833265781, 0.0164877716452, 0.000358311168384],
        "var": [0.929887294769, 2.96843123436, 19.9533252716, 83.5577545166, 456.330566406, 753.096069336, 1665.11889648, 2758.31542969, 3954.70117188, 9393.38769531, 14442.8535156, 663.604980469, 709.780090332, 430.29006958, 431.467468262, 4347.1484375, 389.129241943, 161.573471069, 209.73324585, 101.711524963, 231.007064819, 166.788452148, 206.187866211, 79.9164886475, 105.037330627, 136.172027588, 122.477645874, 224.706878662, 521.908569336, 623.715087891, 286.862548828, 135.954727173, 276.722564697, 241.876327515, 34.583782196, 10.943901062, 3.09313082695, 0.198767289519, 0.000271846627584, 1.2838690111e-07]
    },
    "gfcc": {
        "mean": [-7.00624227524, 46.6425628662, -56.8943367004, 38.2120246887, -72.1291732788, 5.44936132431, -55.7196311951, 0.488064497709, -31.7262039185, 4.99314832687, -21.1180210114, 5.52050685883, -19.3609600067],
        "cov": [[5864.64355469, -583.786010742, -488.630218506, -69.2750015259, -18.2052364349, 150.728103638, 148.993423462, 184.30821228, 143.186706543, 146.847808838, 68.1340866089, 84.525932312, -16.2903671265], [-583.786010742, 1276.5357666, -317.995330811, -620.285583496, -190.3150177, -67.1657714844, 56.9480628967, 19.4507675171, 40.8442764282, -34.8058891296, 39.5379447937, -51.3397407532, -36.4492835999], [-488.630218506, -317.995330811, 688.809448242, 262.637664795, 76.1703948975, 73.6782302856, 18.3857288361, 45.3384361267, 25.2386512756, 82.672706604, 35.0039405823, 82.9828720093, 61.9093284607], [-69.2750015259, -620.285583496, 262.637664795, 741.515625, 305.170776367, 9.48149967194, -101.21762085, -27.1079940796, 10.3458013535, 0.233623728156, -45.7860527039, 17.3136405945, 61.1011161804], [-18.2052364349, -190.3150177, 76.1703948975, 305.170776367, 337.836212158, 78.8219146729, -24.3250160217, -23.7585086823, -3.43985724449, 27.4377441406, 10.8621234894, 27.9597969055, 46.799949646], [150.728103638, -67.1657714844, 73.6782302856, 9.48149967194, 78.8219146729, 184.040374756, 114.199699402, 15.2413063049, -41.0101470947, 19.9739513397, 40.6399040222, 30.9724693298, 8.48472309113], [148.993423462, 56.9480628967, 18.3857288361, -101.21762085, -24.3250160217, 114.199699402, 202.383850098, 81.006362915, -28.173740387, -18.769285202, 34.6520347595, 38.9601593018, 3.82092547417], [184.30821228, 19.4507675171, 45.3384361267, -27.1079940796, -23.7585086823, 15.2413063049, 81.006362915, 143.581985474, 90.2281188965, 11.8341331482, 0.966479539871, 34.6482925415, 25.8860301971], [143.186706543, 40.8442764282, 25.2386512756, 10.3458013535, -3.43985724449, -41.0101470947, -28.173740387, 90.2281188965, 196.627868652, 97.3703231812, -7.74450492859, -7.40439748764, 15.9792833328], [146.847808838, -34.8058891296, 82.672706604, 0.233623728156, 27.4377441406, 19.9739513397, -18.769285202, 11.8341331482, 97.3703231812, 173.738891602, 75.2954864502, 4.52026510239, -3.28790426254], [68.1340866089, 39.5379447937, 35.0039405823, -45.7860527039, 10.8621234894, 40.6399040222, 34.6520347595, 0.966479539871, -7.74450492859, 75.2954864502, 116.258430481, 51.6232414246, 5.16174125671], [84.525932312, -51.3397407532, 82.9828720093, 17.3136405945, 27.9597969055, 30.9724693298, 38.9601593018, 34.6482925415, -7.40439748764, 4.52026510239, 51.6232414246, 105.965904236, 61.1473121643], [-16.2903671265, -36.4492835999, 61.9093284607, 61.1011161804, 46.799949646, 8.48472309113, 3.82092547417, 25.8860301971, 15.9792833328, -3.28790426254, 5.16174125671, 61.1473121643, 81.9341506958]],
        "icov": [[0.000251735153142, 0.000186536388355, 0.000370788649889, 8.57824306877e-06, 9.69754910329e-05, -0.000268094881903, 5.50252007088e-05, -0.000347570487065, -4.7287749112e-06, -0.000372500420781, 0.00019894928846, -0.000490717007779, 0.00026574646472], [0.000186536388355, 0.00197004480287, 0.000121375829622, 0.00182420364581, -0.000808407145087, 0.000613602576777, -0.000507789140102, 0.000643447740003, -0.00195641093887, 0.00230003404431, -0.00266250153072, 0.0022824795451, -0.00138182460796], [0.000370788649889, 0.000121375829622, 0.00284070614725, -0.00117005081847, 0.00110377336387, -0.0012992718257, 0.000456156092696, -0.00158379646018, 0.00138813164085, -0.00304100080393, 0.00192762189545, -0.00276850629598, 0.000388961023418], [8.57824306877e-06, 0.00182420364581, -0.00117005081847, 0.00473810127005, -0.00343110878021, 0.00135496188886, 0.000380060722819, 0.000603082240559, -0.00184136501048, 0.0031099782791, -0.00206925463863, 0.00300949439406, -0.00185652053915], [9.69754910329e-05, -0.000808407145087, 0.00110377336387, -0.00343110878021, 0.00685892114416, -0.0040149372071, 0.00147656735498, 4.85118216602e-05, 0.000692881003488, -0.00200975430198, 0.000935150019359, -0.0015107721556, -0.00134902878199], [-0.000268094881903, 0.000613602576777, -0.0012992718257, 0.00135496188886, -0.0040149372071, 0.0134846754372, -0.00850740913302, 0.00264689070173, 0.00146282988135, -0.00178404257167, -0.000320469029248, 0.00147929461673, -0.000792371458374], [5.50252007088e-05, -0.000507789140102, 0.000456156092696, 0.000380060722819, 0.00147656735498, -0.00850740913302, 0.0157811474055, -0.0112155741081, 0.00507221324369, 0.000737111258786, -0.00158859684598, -0.000543723348528, 0.00154823809862], [-0.000347570487065, 0.000643447740003, -0.00158379646018, 0.000603082240559, 4.85118216602e-05, 0.00264689070173, -0.0112155741081, 0.0241090599447, -0.0157296117395, 0.00763713521883, -0.00172595167533, -0.00298182643019, -0.000723396020476], [-4.7287749112e-06, -0.00195641093887, 0.00138813164085, -0.00184136501048, 0.000692881003488, 0.00146282988135, 0.00507221324369, -0.0157296117395, 0.0225306600332, -0.016947131604, 0.010680927895, -0.00132076686714, -0.00112251983956], [-0.000372500420781, 0.00230003404431, -0.00304100080393, 0.0031099782791, -0.00200975430198, -0.00178404257167, 0.000737111258786, 0.00763713521883, -0.016947131604, 0.0261920820922, -0.0207001306117, 0.0108771221712, -0.00264415354468], [0.00019894928846, -0.00266250153072, 0.00192762189545, -0.00206925463863, 0.000935150019359, -0.000320469029248, -0.00158859684598, -0.00172595167533, 0.010680927895, -0.0207001306117, 0.031537823379, -0.0210580788553, 0.00987517368048], [-0.000490717007779, 0.0022824795451, -0.00276850629598, 0.00300949439406, -0.0015107721556, 0.00147929461673, -0.000543723348528, -0.00298182643019, -0.00132076686714, 0.0108771221712, -0.0210580788553, 0.0366711765528, -0.0229043457657], [0.00026574646472, -0.00138182460796, 0.000388961023418, -0.00185652053915, -0.00134902878199, -0.000792371458374, 0.00154823809862, -0.000723396020476, -0.00112251983956, -0.00264415354468, 0.00987517368048, -0.0229043457657, 0.0303267296404]]
    },
    "melbands": {
        "dmean": [0.00242830114439, 0.000773508101702, 0.000933563453145, 0.00078672595555, 0.000507114571519, 0.000456702196971, 0.000258980784565, 0.000252810568782, 0.000147603495861, 4.93836087117e-05, 4.21134136559e-05, 3.12310476147e-05, 2.32115016843e-05, 2.19180983549e-05, 1.67232556123e-05, 1.49968655023e-05, 8.56627684698e-06, 6.12704707237e-06, 7.53788708607e-06, 5.32868671144e-06, 6.34165644442e-06, 5.77995388085e-06, 6.57205055177e-06, 5.0908315643e-06, 3.77925948669e-06, 3.77225819648e-06, 4.37658536612e-06, 3.6380461097e-06, 3.71272062694e-06, 3.37545361617e-06, 4.50090692539e-06, 6.97945324646e-06, 7.35758385417e-06, 7.43434156902e-06, 5.40382416148e-06, 3.99850478061e-06, 4.20613423557e-06, 6.22282277618e-06, 8.14250506664e-06, 5.67404413232e-06],
        "dmean2": [0.00361144100316, 0.00119223515503, 0.00157760526054, 0.00131502025761, 0.000829842756502, 0.000723685487173, 0.000398373493226, 0.000380900193704, 0.000202091701794, 7.9041790741e-05, 7.42416450521e-05, 5.32055419171e-05, 4.05162827519e-05, 3.46809683833e-05, 2.79851647065e-05, 2.42500464083e-05, 1.41322507261e-05, 1.00702436612e-05, 1.28335414047e-05, 8.73239332577e-06, 1.03139191197e-05, 9.41661073739e-06, 1.12867364805e-05, 8.55215603224e-06, 5.93315053266e-06, 6.11514178672e-06, 7.52825917516e-06, 5.94865969106e-06, 5.99522036282e-06, 5.28150985701e-06, 7.21407786841e-06, 1.15476050269e-05, 1.23890758914e-05, 1.26126669784e-05, 8.80746392795e-06, 6.2911481109e-06, 6.94297568771e-06, 1.04974096757e-05, 1.39973644764e-05, 9.71502413449e-06],
        "dvar": [3.43165629602e-05, 4.04098591389e-06, 3.11707435685e-06, 2.99043199448e-06, 1.44820501191e-06, 8.37212041915e-07, 5.88284137848e-07, 6.67814504141e-07, 2.16097376438e-07, 2.40993092149e-08, 2.71686602105e-08, 8.90307738644e-09, 5.82688963746e-09, 6.97771396219e-09, 2.82000800489e-09, 1.38468181365e-09, 5.79597869699e-10, 2.3943477756e-10, 3.23257837165e-10, 1.54176754696e-10, 2.53719489862e-10, 1.54357637783e-10, 2.04429348449e-10, 1.21642529383e-10, 4.35476862903e-11, 5.24312399053e-11, 8.72878852531e-11, 4.20053332395e-11, 3.7010419035e-11, 2.59308755024e-11, 5.97405389047e-11, 1.47516651672e-10, 1.7725063084e-10, 2.78439576951e-10, 1.14578548038e-10, 3.59953178375e-11, 4.70507278971e-11, 1.40028919016e-10, 4.23837770436e-10, 1.8759094278e-10],
        "dvar2": [6.82147147018e-05, 9.71913686953e-06, 7.2487896432e-06, 7.61182354836e-06, 3.34703781846e-06, 2.04269167625e-06, 1.42716942264e-06, 1.33423759507e-06, 3.93351825778e-07, 6.27530738484e-08, 7.88073819535e-08, 2.36790835828e-08, 1.59848827508e-08, 1.09724096475e-08, 5.94432059131e-09, 3.46973383358e-09, 1.50276668887e-09, 5.94178706237e-10, 8.56264614768e-10, 3.43335415653e-10, 6.4751670692e-10, 3.93130639154e-10, 5.49643386361e-10, 2.98504859719e-10, 1.02210254149e-10, 1.35368494192e-10, 2.39056080487e-10, 1.0521215843e-10, 9.00099508816e-11, 6.60065682667e-11, 1.48657322563e-10, 3.67893826514e-10, 4.58861088015e-10, 7.58247520327e-10, 3.03481517694e-10, 8.79645939422e-11, 1.22527030189e-10, 3.74255404445e-10, 1.14628739833e-09, 5.04322583694e-10],
        "max": [0.0313085131347, 0.0245500449091, 0.0206394102424, 0.0134269064292, 0.0123555613682, 0.0098137203604, 0.014832822606, 0.0164984539151, 0.0115009527653, 0.00148676231038, 0.00185867119581, 0.00113738852087, 0.00101614452433, 0.00294571067207, 0.00134036631789, 0.000491207581945, 0.000392266665585, 0.000231910395087, 0.000170389408595, 0.000223674971494, 0.000391014706111, 0.000258796004346, 0.000107667670818, 0.000180497052497, 8.96428973647e-05, 8.89271395863e-05, 0.000121483572002, 6.27604313195e-05, 7.44913777453e-05, 7.1078487963e-05, 8.10297642602e-05, 0.000153920758748, 0.000111111563456, 0.000136208589538, 9.88089304883e-05, 5.01629510836e-05, 5.08797638759e-05, 8.51711229188e-05, 0.000187902114703, 9.44371277001e-05],
        "mean": [0.00218537077308, 0.000927063520066, 0.00118131760973, 0.00094513624208, 0.000751838320866, 0.000727093662135, 0.000423255347414, 0.00038620797568, 0.000286241236608, 5.42505586054e-05, 3.852158261e-05, 3.14413264277e-05, 2.16342959902e-05, 3.3680928027e-05, 2.3099109967e-05, 1.70144048752e-05, 9.67660162132e-06, 8.42445842864e-06, 7.69062626205e-06, 6.80384891893e-06, 8.1976504589e-06, 7.41853955333e-06, 6.31516741123e-06, 5.46822457181e-06, 4.83573057863e-06, 4.34884032074e-06, 4.67232212031e-06, 4.22104085374e-06, 4.35143920186e-06, 4.17915407525e-06, 5.41195277037e-06, 7.03310843164e-06, 7.12487280907e-06, 7.00825876265e-06, 5.63785670238e-06, 4.48737273473e-06, 4.12721419707e-06, 5.36121206096e-06, 6.4557452788e-06, 4.55578901892e-06],
        "median": [6.30060676485e-05, 0.000374068244128, 0.0005706025986, 0.000445775629487, 0.000332594790962, 0.000306616246235, 9.91349006654e-05, 3.48893481714e-05, 2.12785107578e-05, 8.36101662571e-06, 4.22554967372e-06, 3.28564169649e-06, 2.17440015149e-06, 2.88644241664e-06, 2.83091299025e-06, 2.40389681494e-06, 1.79029837e-06, 1.60547574524e-06, 1.51600443132e-06, 1.48657329646e-06, 1.7833469883e-06, 1.93387518266e-06, 1.71082695033e-06, 1.5953522734e-06, 1.47797402406e-06, 1.2193929706e-06, 1.06252252863e-06, 9.95305754259e-07, 1.24452253658e-06, 1.36865230616e-06, 1.69798761362e-06, 1.76094408744e-06, 1.58558748353e-06, 1.69370616732e-06, 1.46479430896e-06, 1.39801989008e-06, 1.32547006615e-06, 1.58453451604e-06, 1.38525297189e-06, 9.76633714345e-07],
        "min": [1.02427048886e-23, 2.77365892413e-23, 2.36479279027e-23, 1.84931857373e-23, 1.48469112834e-23, 3.41835076576e-23, 1.12089861334e-23, 9.06188739857e-24, 5.90104244707e-24, 1.44556488962e-23, 1.03063628082e-23, 9.20979802944e-24, 4.49195227689e-24, 4.98019367392e-24, 5.91147552697e-24, 1.493850119e-23, 7.63967689382e-24, 9.30313762947e-24, 4.92214692193e-24, 6.66412416677e-24, 5.76471939404e-24, 5.63832218335e-24, 1.01126722124e-23, 1.6582291679e-23, 1.36058579524e-23, 9.58561688671e-24, 7.53235631197e-24, 8.57320621159e-24, 9.94983633324e-24, 1.87748264354e-23, 9.57569932741e-24, 1.37133071186e-23, 1.09996050943e-23, 1.14651963225e-23, 8.81710070424e-24, 9.54865954216e-24, 7.7874944391e-24, 7.12241527624e-24, 1.00434764893e-23, 1.58645891828e-23],
        "stdev": [0.00621584663168, 0.00196232646704, 0.00183410861064, 0.00160720339045, 0.00130176672246, 0.00114217808004, 0.000942999322433, 0.00115398701746, 0.000879490980878, 0.000151906860992, 0.000132081258926, 8.5885549197e-05, 7.03722398612e-05, 0.00014886961435, 7.76340821176e-05, 4.24858553743e-05, 2.54293772741e-05, 2.16044500121e-05, 1.70264083863e-05, 1.67632369994e-05, 2.28793087445e-05, 1.69760460267e-05, 1.26399581859e-05, 1.09398524728e-05, 7.57461930334e-06, 7.70124188421e-06, 9.24873529584e-06, 7.58371470511e-06, 7.41735311749e-06, 6.85868644723e-06, 9.38674293138e-06, 1.3173030311e-05, 1.34428428282e-05, 1.48230601553e-05, 1.08777539936e-05, 7.37933987693e-06, 7.0339310696e-06, 1.04354639916e-05, 1.70784423972e-05, 1.15668990475e-05],
        "var": [3.86367464671e-05, 3.85072553399e-06, 3.36395441991e-06, 2.58310274148e-06, 1.69459667632e-06, 1.3045707874e-06, 8.89247758096e-07, 1.33168600769e-06, 7.73504382323e-07, 2.3075692468e-08, 1.74454584112e-08, 7.37632754877e-09, 4.95225238595e-09, 2.21621618834e-08, 6.0270504143e-09, 1.80504799996e-09, 6.46653230962e-10, 4.66752247963e-10, 2.89898605121e-10, 2.81006107272e-10, 5.23462773128e-10, 2.88186169373e-10, 1.59768545616e-10, 1.19680362842e-10, 5.73748583366e-11, 5.9309127054e-11, 8.5539110517e-11, 5.7512730689e-11, 5.50171262714e-11, 4.70415789655e-11, 8.81109421536e-11, 1.7352873305e-10, 1.80710016395e-10, 2.19723114703e-10, 1.1832552993e-10, 5.44546595316e-11, 4.94761835668e-11, 1.08898903783e-10, 2.91673185604e-10, 1.33793143231e-10]
    },
    "melbands128": {
