{
"lowlevel": {
    "average_loudness": 0.976887047291,
    "barkbands_crest": {
        "dmean": 2.88908457756,
        "dmean2": 4.28207206726,
        "dvar": 6.58096027374,
        "dvar2": 14.5752305984,
        "max": 23.8964519501,
        "mean": 10.6776218414,
        "median": 9.99207115173,
        "min": 2.49366545677,
        "stdev": 4.67495155334,
        "var": 21.855173111
    },
    "barkbands_flatness_db": {
        "dmean": 0.0349924229085,
        "dmean2": 0.0467568524182,
        "dvar": 0.000925270374864,
        "dvar2": 0.00205011805519,
        "max": 0.300108462572,
        "mean": 0.118162326515,
        "median": 0.112636312842,
        "min": 0.0229854881763,
        "stdev": 0.0513513199985,
        "var": 0.00263695814647
    },
    "barkbands_kurtosis": {
        "dmean": 5.86516571045,
        "dmean2": 8.58004188538,
        "dvar": 75.4735794067,
        "dvar2": 159.559310913,
        "max": 105.688690186,
        "mean": 6.36351823807,
        "median": 2.2917265892,
        "min": -1.86532604694,
        "stdev": 11.6642780304,
        "var": 136.055374146
    },
    "barkbands_skewness": {
        "dmean": 0.970734596252,
        "dmean2": 1.30173325539,
        "dvar": 0.844501137733,
        "dvar2": 1.67196404934,
        "max": 9.42748641968,
        "mean": 1.8225029707,
        "median": 1.54536545277,
        "min": -3.05164074898,
        "stdev": 1.62143695354,
        "var": 2.62905788422
    },
    "barkbands_spread": {
        "dmean": 15.3032503128,
        "dmean2": 22.0412273407,
        "dvar": 227.933700562,
        "dvar2": 408.920074463,
        "max": 108.491348267,
        "mean": 33.7331771851,
        "median": 27.8554344177,
        "min": 1.9515529871,
        "stdev": 22.1461524963,
        "var": 490.452087402
    },
    "dissonance": {
        "dmean": 0.0229587871581,
        "dmean2": 0.036548294127,
        "dvar": 0.00054041587282,
        "dvar2": 0.00133968191221,
        "max": 0.499061256647,
        "mean": 0.461099505424,
        "median": 0.470394223928,
        "min": 0.302857279778,
        "stdev": 0.0318617448211,
        "var": 0.00101517071016
    },
    "dynamic_complexity": 2.29869437218,
    "erbbands_crest": {
        "dmean": 2.77265810966,
        "dmean2": 4.17001247406,
        "dvar": 6.9750084877,
        "dvar2": 13.9096431732,
        "max": 29.3077411652,
        "mean": 8.25489997864,
        "median": 7.17470359802,
        "min": 2.59122443199,
        "stdev": 4.51663541794,
        "var": 20.3999958038
    },
    "erbbands_flatness_db": {
        "dmean": 0.0205537639558,
        "dmean2": 0.0283337309957,
        "dvar": 0.000360473146429,
        "dvar2": 0.000652102578897,
        "max": 0.259561210871,
        "mean": 0.11334361881,
        "median": 0.103025913239,
        "min": 0.0541094616055,
        "stdev": 0.0393456034362,
        "var": 0.00154807651415
    },
    "erbbands_kurtosis": {
        "dmean": 1.54051458836,
        "dmean2": 2.4082710743,
        "dvar": 4.093998909,
        "dvar2": 8.65726947784,
        "max": 31.5671768188,
        "mean": 0.669566988945,
        "median": -0.312517881393,
        "min": -1.75509989262,
        "stdev": 2.7270014286,
        "var": 7.4365363121
    },
    "erbbands_skewness": {
        "dmean": 0.656817317009,
        "dmean2": 0.868194699287,
        "dvar": 0.344965070486,
        "dvar2": 0.626769840717,
        "max": 4.36302375793,
        "mean": 0.409675657749,
        "median": 0.483878880739,
        "min": -5.38000011444,
        "stdev": 1.05179405212,
        "var": 1.1062707901
    },
    "erbbands_spread": {
        "dmean": 17.5746593475,
        "dmean2": 26.3718109131,
        "dvar": 217.279800415,
        "dvar2": 509.966583252,
        "max": 135.290878296,
        "mean": 58.1948051453,
        "median": 58.702091217,
        "min": 8.75421237946,
        "stdev": 25.8195037842,
        "var": 666.646728516
    },
    "hfc": {
        "dmean": 38.7564926147,
        "dmean2": 58.8597450256,
        "dvar": 2730.14599609,
        "dvar2": 6325.07226562,
        "max": 403.616149902,
        "mean": 48.8111114502,
        "median": 25.8411750793,
        "min": 1.20831460152e-16,
        "stdev": 58.0439605713,
        "var": 3369.10131836
    },
    "loudness_ebu128": {
        "integrated": -11.1456022263,
        "loudness_range": 1.56324291229,
        "momentary": {
            "dmean": 0.615945577621,
            "dmean2": 0.944241881371,
            "dvar": 0.207904830575,
            "dvar2": 0.462048381567,
            "max": -8.34497737885,
            "mean": -11.3305244446,
            "median": -11.3362226486,
            "min": -14.4007949829,
            "stdev": 1.26116645336,
            "var": 1.59054076672
        },
        "short_term": {
            "dmean": 0.0784036293626,
            "dmean2": 0.0930126830935,
            "dvar": 0.00286785815842,
            "dvar2": 0.00445672636852,
            "max": -9.95624065399,
            "mean": -11.2027082443,
            "median": -11.1633358002,
            "min": -12.2563467026,
            "stdev": 0.554902613163,
            "var": 0.307916939259
        }
    },
    "melbands_crest": {
        "dmean": 3.9972641468,
        "dmean2": 5.5980219841,
        "dvar": 16.6118850708,
        "dvar2": 29.8717346191,
        "max": 37.1865615845,
        "mean": 17.2609062195,
        "median": 15.4506025314,
        "min": 3.59477901459,
        "stdev": 8.21379089355,
        "var": 67.4663543701
    },
    "melbands_flatness_db": {
        "dmean": 0.0461972877383,
        "dmean2": 0.058074042201,
        "dvar": 0.00140564399771,
        "dvar2": 0.00301756849512,
        "max": 0.407597273588,
        "mean": 0.1794347018,
        "median": 0.172696754336,
        "min": 0.0119556924328,
        "stdev": 0.0733178928494,
        "var": 0.00537551380694
    },
    "melbands_kurtosis": {
        "dmean": 19.1301403046,
        "dmean2": 29.5482006073,
        "dvar": 1402.96801758,
        "dvar2": 3579.30126953,
        "max": 568.55657959,
        "mean": 26.2646999359,
        "median": 12.8728981018,
        "min": -1.93181931973,
        "stdev": 41.696105957,
        "var": 1738.56530762
    },
    "melbands_skewness": {
        "dmean": 1.39549529552,
        "dmean2": 2.03635668755,
        "dvar": 2.89470934868,
        "dvar2": 6.62751913071,
        "max": 21.3943538666,
        "mean": 3.53748631477,
        "median": 3.02079916,
        "min": -0.45091933012,
        "stdev": 2.51451730728,
        "var": 6.32279777527
    },
    "melbands_spread": {
        "dmean": 17.3473243713,
        "dmean2": 24.5746517181,
        "dvar": 550.088012695,
        "dvar2": 1012.48101807,
        "max": 238.741012573,
        "mean": 31.9346218109,
        "median": 21.096118927,
        "min": 1.2286221981,
        "stdev": 34.2741546631,
        "var": 1174.71777344
    },
    "pitch_salience": {
        "dmean": 0.0856073722243,
        "dmean2": 0.119405955076,
        "dvar": 0.00637584039941,
        "dvar2": 0.0123902214691,
        "max": 0.876076579094,
        "mean": 0.528235971928,
        "median": 0.540016591549,
        "min": 0.0773314833641,
        "stdev": 0.164003521204,
        "var": 0.0268971566111
    },
    "silence_rate_20dB": {
        "dmean": 0,
        "dmean2": 0,
        "dvar": 0,
        "dvar2": 0,
        "max": 1,
        "mean": 1,
        "median": 1,
        "min": 1,
        "stdev": 0,
        "var": 0
    },
    "silence_rate_30dB": {
        "dmean": 0.0866873040795,
        "dmean2": 0.173508912325,
        "dvar": 0.0791727527976,
        "dvar2": 0.14340403676,
        "max": 1,
        "mean": 0.898685216904,
        "median": 1,
        "min": 0,
        "stdev": 0.30174317956,
        "var": 0.0910489410162
    },
    "silence_rate_60dB": {
        "dmean": 0.0154798757285,
        "dmean2": 0.0294345468283,
        "dvar": 0.0152406785637,
        "dvar2": 0.0378628484905,
        "max": 1,
        "mean": 0.0116009283811,
        "median": 0,
        "min": 0,
        "stdev": 0.107080511749,
        "var": 0.0114662367851
    },
    "spectral_centroid": {
        "dmean": 602.944763184,
        "dmean2": 801.108276367,
        "dvar": 358414.625,
        "dvar2": 521571.1875,
        "max": 11145.3164062,
        "mean": 1685.12524414,
        "median": 1411.92553711,
        "min": 364.801849365,
        "stdev": 929.020263672,
        "var": 863078.6875
    },
    "spectral_complexity": {
        "dmean": 9.10835933685,
        "dmean2": 13.6979084015,
        "dvar": 103.987991333,
        "dvar2": 200.952865601,
        "max": 56,
        "mean": 18.4578495026,
        "median": 15,
        "min": 0,
        "stdev": 12.3274087906,
        "var": 151.964996338
    },
    "spectral_decrease": {
        "dmean": 5.39322764226e-09,
        "dmean2": 7.35097227533e-09,
        "dvar": 8.79792608234e-17,
        "dvar2": 1.60288570941e-16,
        "max": 8.996757244e-29,
        "mean": -1.04905968357e-08,
        "median": -6.70628130806e-09,
        "min": -7.95025059119e-08,
        "stdev": 1.21557794941e-08,
        "var": 1.47762978589e-16
    },
    "spectral_energy": {
        "dmean": 0.0230485238135,
        "dmean2": 0.0317028388381,
        "dvar": 0.00131560594309,
        "dvar2": 0.00235357880592,
        "max": 0.303679078817,
        "mean": 0.0440212115645,
        "median": 0.0292847380042,
        "min": 1.0620213082e-20,
        "stdev": 0.0476263724267,
        "var": 0.00226827152073
    },
    "spectral_energyband_high": {
        "dmean": 0.00410446291789,
        "dmean2": 0.00628152908757,
        "dvar": 3.2766674849e-05,
        "dvar2": 7.53422791604e-05,
        "max": 0.0459638908505,
        "mean": 0.00425710715353,
        "median": 0.00163397809956,
        "min": 7.61262961124e-21,
        "stdev": 0.00637182360515,
        "var": 4.06001381634e-05
    },
    "spectral_energyband_low": {
        "dmean": 0.0165777914226,
        "dmean2": 0.02307513915,
        "dvar": 0.00134815345518,
        "dvar2": 0.00261649605818,
        "max": 0.290005922318,
        "mean": 0.0232650805265,
        "median": 0.0083775613457,
        "min": 2.92928540351e-23,
        "stdev": 0.0433718673885,
        "var": 0.00188111886382
    },
    "spectral_energyband_middle_high": {
        "dmean": 0.00326404045336,
        "dmean2": 0.00489025888965,
        "dvar": 2.54368533206e-05,
        "dvar2": 4.7028195695e-05,
        "max": 0.0709969550371,
        "mean": 0.00594035722315,
        "median": 0.00252636754885,
        "min": 1.64421382329e-21,
        "stdev": 0.00887230969965,
        "var": 7.8717872384e-05
    },
    "spectral_energyband_middle_low": {
        "dmean": 0.0039592711255,
        "dmean2": 0.00616340339184,
        "dvar": 2.88987866952e-05,
        "dvar2": 6.46643529763e-05,
        "max": 0.0727155804634,
        "mean": 0.0107915252447,
        "median": 0.00821056589484,
        "min": 2.95147296844e-22,
        "stdev": 0.00904714688659,
        "var": 8.18508706288e-05
    },
    "spectral_entropy": {
        "dmean": 0.285157561302,
        "dmean2": 0.349880456924,
        "dvar": 0.0557890161872,
        "dvar2": 0.0981892347336,
        "max": 9.8148727417,
        "mean": 8.03996562958,
        "median": 8.0783405304,
        "min": 6.72793340683,
        "stdev": 0.398482173681,
        "var": 0.15878804028
    },
    "spectral_flux": {
        "dmean": 0.0439060628414,
        "dmean2": 0.0670290961862,
        "dvar": 0.00250676902942,
        "dvar2": 0.00536511885002,
        "max": 0.374828845263,
        "mean": 0.10627336055,
        "median": 0.0861235707998,
        "min": 1.03054419165e-10,
        "stdev": 0.0689365491271,
        "var": 0.0047522475943
    },
    "spectral_kurtosis": {
        "dmean": 0.782370865345,
        "dmean2": 1.09085893631,
        "dvar": 0.55069309473,
        "dvar2": 1.13339149952,
        "max": 6.25884914398,
        "mean": 1.53320240974,
        "median": 1.26388549805,
        "min": -1.18226885796,
        "stdev": 1.0887503624,
        "var": 1.1853774786
    },
    "spectral_rms": {
        "dmean": 0.00149425282143,
        "dmean2": 0.00197435356677,
        "dvar": 3.21790503222e-06,
        "dvar2": 4.99397310705e-06,
        "max": 0.017212562263,
        "mean": 0.00588651513681,
        "median": 0.00534513546154,
        "min": 3.21887915627e-12,
        "stdev": 0.00288035930134,
        "var": 8.29646978673e-06
    },
    "spectral_rolloff": {
        "dmean": 1522.59204102,
        "dmean2": 2340.38061523,
        "dvar": 4859920,
        "dvar2": 7641769.5,
        "max": 18798.4863281,
        "mean": 2574.12792969,
        "median": 1012.06054688,
        "min": 43.06640625,
        "stdev": 3121.12915039,
        "var": 9741447
    },
    "spectral_skewness": {
        "dmean": 0.238177195191,
        "dmean2": 0.315951168537,
        "dvar": 0.0401228368282,
        "dvar2": 0.0766809731722,
        "max": 2.40029335022,
        "mean": 1.13557350636,
        "median": 1.10198962688,
        "min": -0.232626795769,
        "stdev": 0.338873237371,
        "var": 0.114835076034
    },
    "spectral_spread": {
        "dmean": 891460.5625,
        "dmean2": 1182246.125,
        "dvar": 1.18020636672e+12,
        "dvar2": 1.45279955763e+12,
        "max": 40044944,
        "mean": 7479293.5,
        "median": 7489648,
        "min": 3671581.5,
        "stdev": 1552711.25,
        "var": 2.4109121536e+12
    },
    "spectral_strongpeak": {
        "dmean": 0.454845875502,
        "dmean2": 0.725170314312,
        "dvar": 0.971122741699,
        "dvar2": 2.21414327621,
        "max": 12.0486536026,
        "mean": 0.919194638729,
        "median": 0.346605062485,
        "min": 0,
        "stdev": 1.44582152367,
        "var": 2.09039974213
    },
    "zerocrossingrate": {
        "dmean": 0.0328081920743,
        "dmean2": 0.0353241786361,
        "dvar": 0.000894177064765,
        "dvar2": 0.00109887949657,
        "max": 0.49658203125,
        "mean": 0.0998892039061,
        "median": 0.080078125,
        "min": 0.00634765625,
        "stdev": 0.0654910281301,
        "var": 0.00428907480091
    },
    "barkbands": {
        "dmean": [0.00384285207838, 0.0134338568896, 0.000341928709531, 0.000338283192832, 0.000964767765254, 0.00130551459733, 0.00072147033643, 0.000804669631179, 0.00124787189998, 0.001013273024, 0.000773489591666, 0.000453395565273, 0.00045855960343, 0.00044326231, 0.000330414623022, 0.000177962370799, 0.000205368793104, 0.000252757541602, 0.00034071932896, 0.000333831936587, 0.00050691870274, 0.000833136029541, 0.000746095902286, 0.00084900757065, 0.000705890124664, 0.000372036680346, 6.72855676385e-05],
        "dmean2": [0.00487914867699, 0.0191832948476, 0.000572876946535, 0.000571287528146, 0.00161402858794, 0.00213661394082, 0.00108527077828, 0.00119589152746, 0.00199945643544, 0.00160563190002, 0.00108186027501, 0.000718452036381, 0.000700136588421, 0.000665871193632, 0.000505275151227, 0.000290042167762, 0.000341472274158, 0.000406079430832, 0.000514217361342, 0.000510924379341, 0.000768289261032, 0.00130942941178, 0.001152786077, 0.00134215259459, 0.00110650493298, 0.000569714349695, 0.000111297791591],
        "dvar": [7.01945245964e-05, 0.000927122368012, 3.57637418347e-07, 3.48502339875e-07, 1.59805028943e-06, 5.50823824597e-06, 2.29889383263e-06, 4.42431610281e-06, 1.0328886674e-05, 7.18956016499e-06, 4.00714316129e-06, 1.00960403415e-06, 2.51191454481e-06, 1.4917847011e-06, 5.50599168037e-07, 1.48344312834e-07, 1.34749811309e-07, 2.14949793076e-07, 1.97666949475e-07, 2.03767669404e-07, 4.13571427771e-07, 1.46814568325e-06, 1.39484620831e-06, 1.60341471656e-06, 1.28467593186e-06, 4.13011377987e-07, 1.39328939497e-08],
        "dvar2": [0.000138494666317, 0.00187521567568, 9.21816194932e-07, 9.46662169099e-07, 4.58453405372e-06, 1.45207013702e-05, 5.84629970035e-06, 7.6339692896e-06, 2.17563610931e-05, 1.55221714522e-05, 6.29700753052e-06, 2.3400250484e-06, 5.2765503824e-06, 2.84048564936e-06, 1.14089141334e-06, 3.27978256109e-07, 3.50998391241e-07, 4.32811191331e-07, 4.26373560458e-07, 4.66437143132e-07, 9.78036382548e-07, 3.5477403344e-06, 3.10866971631e-06, 3.85660678148e-06, 3.01673640024e-06, 9.03004433894e-07, 3.42023227518e-08],
        "max": [0.070077508688, 0.232622995973, 0.00778024923056, 0.0081670647487, 0.0151423588395, 0.0320271961391, 0.0268428623676, 0.0551303401589, 0.0635053217411, 0.0489537082613, 0.0457099936903, 0.0128305181861, 0.0460973791778, 0.0229199789464, 0.0126469964162, 0.00703998841345, 0.00463991472498, 0.0106554646045, 0.00443237088621, 0.0052248230204, 0.00447001727298, 0.0111584691331, 0.0195588506758, 0.0113635165617, 0.00785485934466, 0.00604311050847, 0.000895393488463],
        "mean": [0.00480401236564, 0.0179692655802, 0.000611145340372, 0.000570038740989, 0.00224758125842, 0.00254893233068, 0.00137876509689, 0.00118510366883, 0.0020790733397, 0.00145693775266, 0.00126004323829, 0.000647170003504, 0.000626243301667, 0.000681968289427, 0.00043864219333, 0.000184947406524, 0.000239391709329, 0.00030406928272, 0.00036565240589, 0.000341679115081, 0.000527996569872, 0.000823946844321, 0.000820721033961, 0.00083693995839, 0.000644951767754, 0.00037143449299, 5.45840557606e-05],
        "median": [0.000237208485487, 0.00672751106322, 0.000320550811011, 0.000347762019373, 0.00146185408812, 0.00187455606647, 0.00065728998743, 0.000284010195173, 0.000314298202284, 0.000209619218367, 0.000141285869176, 0.000119376163639, 9.83329300652e-05, 0.000159656250617, 9.48496890487e-05, 5.27721713297e-05, 7.96851600171e-05, 0.000128511834191, 0.000150538879097, 0.000136027607368, 0.000223815935897, 0.000299000268569, 0.00027434004005, 0.000333743781084, 0.00020942298579, 0.000109178690764, 1.19063206512e-05],
        "min": [4.93279851631e-25, 1.8945786793e-23, 8.11383672926e-24, 6.17638882401e-24, 2.43903864317e-23, 3.77254047696e-23, 1.06755498696e-22, 8.26751598438e-23, 2.56488641225e-23, 3.66555989416e-23, 2.40942685583e-23, 6.29990124926e-23, 1.03418011222e-22, 4.02635868202e-22, 1.2952977419e-22, 1.26524390846e-22, 1.86673166847e-22, 8.24074015199e-23, 2.41186232188e-22, 4.11611767396e-22, 3.50658946495e-22, 3.79418013066e-22, 6.0512250289e-22, 7.89594331293e-22, 1.32643348861e-21, 1.61213896608e-21, 2.68320467437e-21],
        "stdev": [0.0105187762529, 0.0344929508865, 0.000793574319687, 0.000695169961546, 0.00212737219408, 0.00269229151309, 0.00204511382617, 0.00347805768251, 0.0057064620778, 0.0036051471252, 0.00363623443991, 0.00141973828431, 0.00228651729412, 0.00182370864786, 0.00102812412661, 0.000476454297313, 0.000425884238211, 0.000558642961551, 0.000489491445478, 0.000477289955597, 0.000676832278259, 0.00128818338271, 0.00160605844576, 0.00139838119503, 0.00112084392458, 0.000695878115948, 0.000113028669148],
        "var": [0.000110644650704, 0.00118976354133, 6.29760165793e-07, 4.83261260342e-07, 4.52571293863e-06, 7.24843312128e-06, 4.18249010181e-06, 1.20968852571e-05, 3.25637120113e-05, 1.29970858325e-05, 1.32222003231e-05, 2.01565694624e-06, 5.22816162629e-06, 3.32591321239e-06, 1.05703918507e-06, 2.27008683851e-07, 1.81377373565e-07, 3.12081965603e-07, 2.3960186013e-07, 2.27805699637e-07, 4.58101936829e-07, 1.65941628438e-06, 2.57942383541e-06, 1.95546999748e-06, 1.25629117065e-06, 4.84246356791e-07, 1.27754802293e-08]
    },
    "erbbands": {
        "dmean": [0.814618349075, 1.39739096165, 0.467523574829, 0.765526950359, 2.43439936638, 3.54127192497, 6.28293132782, 11.9083108902, 10.2688989639, 16.2050743103, 17.0861854553, 27.557641983, 32.6271934509, 28.5323295593, 27.6580276489, 18.800157547, 20.4668235779, 24.5466003418, 16.4604244232, 13.630859375, 9.4714050293, 11.1559553146, 13.9852552414, 15.173828125, 17.9034900665, 15.9990329742, 17.7859039307, 22.4706268311, 31.734369278, 25.2722530365, 20.7933082581, 16.5909385681, 15.0194129944, 8.54789543152, 4.6128988266, 1.51222455502, 0.743403196335, 0.196390271187, 0.00650173285976, 0.000165594305145],
        "dmean2": [1.15739667416, 2.12247920036, 0.76979893446, 1.29137480259, 4.07857513428, 5.98937416077, 9.97916030884, 19.6632194519, 16.3223648071, 24.4828224182, 24.6050643921, 43.971496582, 50.9111328125, 45.9440689087, 36.6578979492, 29.0761013031, 31.2973079681, 35.3183746338, 23.6852035522, 22.0995540619, 15.1739835739, 18.3942642212, 22.3061447144, 23.3661842346, 26.9262104034, 24.4141864777, 27.4021873474, 34.0258293152, 50.7276344299, 38.6191978455, 32.4191093445, 25.9518489838, 24.1651916504, 13.5370292664, 7.18692970276, 2.30382585526, 1.14514541626, 0.311315000057, 0.0105314590037, 0.000252518279012],
        "dvar": [3.49888777733, 10.1771707535, 0.748599946499, 1.4005767107, 17.0682983398, 21.1102428436, 186.706878662, 463.711975098, 684.386779785, 1847.86804199, 1963.62805176, 6747.42480469, 7121.54345703, 5349.94287109, 5279.23193359, 1546.3347168, 5487.19482422, 4516.83984375, 1710.3326416, 1015.95715332, 324.78213501, 389.688781738, 700.913818359, 384.814331055, 609.583618164, 450.113433838, 536.98223877, 818.101196289, 2407.3605957, 1336.76098633, 1110.48864746, 560.018005371, 570.259155273, 188.593048096, 55.4172744751, 6.65915679932, 1.81812429428, 0.115281045437, 0.000118604308227, 6.45968327717e-08],
        "dvar2": [7.04925251007, 21.8069076538, 1.85568189621, 4.08529281616, 44.7273597717, 59.320640564, 519.395935059, 1214.85107422, 1814.6171875, 4344.24902344, 2510.60620117, 13154.5751953, 14514.7792969, 12785.1787109, 7451.83105469, 3429.7746582, 11586.1533203, 7886.17138672, 3419.40625, 2236.66918945, 754.204223633, 955.42010498, 1351.25256348, 850.022766113, 1372.24829102, 1026.43103027, 1253.5423584, 1914.71789551, 5984.63476562, 3057.38891602, 2492.33276367, 1236.51208496, 1448.95385742, 463.463592529, 125.345649719, 15.0026836395, 3.96283793449, 0.264333933592, 0.000278885680018, 1.46233276155e-07],
        "max": [14.1553859711, 25.6555404663, 9.97242641449, 11.3797206879, 52.1547927856, 73.9642105103, 304.279388428, 289.666229248, 586.353942871, 629.445129395, 1521.9329834, 1814.13208008, 1809.85461426, 1681.59118652, 1416.24145508, 664.862304688, 2307.56420898, 1318.16687012, 906.970581055, 541.495849609, 358.380737305, 304.333221436, 654.296691895, 253.613937378, 311.643188477, 176.054473877, 140.437423706, 224.492736816, 350.612854004, 542.952209473, 493.129669189, 241.650741577, 230.885025024, 90.6280593872, 47.537361145, 21.207239151, 13.5855026245, 2.71001648903, 0.0936265811324, 0.00215440313332],
        "mean": [0.989927828312, 2.14049744606, 1.07183468342, 1.48577809334, 4.62961149216, 7.53609275818, 14.4166202545, 20.3888454437, 19.4637069702, 27.3298492432, 28.3235988617, 48.007144928, 53.3197669983, 39.8151626587, 48.3244743347, 28.7942199707, 30.1807956696, 39.3836250305, 24.9692840576, 16.4803009033, 10.3623008728, 13.4780340195, 17.3276824951, 16.5536613464, 18.6232948303, 16.3739528656, 17.9990062714, 23.7057914734, 29.789812088, 28.5103359222, 21.9657897949, 16.9092788696, 14.3400115967, 7.8228969574, 4.22716712952, 1.4934425354, 0.735411703587, 0.176604941487, 0.00561771355569, 0.0001831085101],
        "median": [0.223930105567, 0.688337922096, 0.396700978279, 1.01531505585, 2.22092843056, 4.9279999733, 9.87387180328, 13.8814516068, 12.3851146698, 6.52375984192, 8.22549819946, 8.02672386169, 10.5817165375, 7.51255846024, 8.43689632416, 6.0102391243, 5.8249297142, 8.32824897766, 6.04722833633, 4.26291322708, 3.59366226196, 4.83900642395, 7.31675338745, 7.50893211365, 7.45162343979, 6.50724220276, 6.68105268478, 10.4080820084, 10.2322235107, 10.9254407883, 6.93403100967, 6.1149353981, 5.84425973892, 2.99470639229, 1.1196988821, 0.474517822266, 0.197550714016, 0.0429729111493, 0.00127843976952, 7.64478681958e-05],
        "min": [6.22433367568e-22, 3.484081105e-21, 1.2263946975e-20, 1.18791432003e-20, 3.93209060659e-20, 8.50421544332e-20, 1.11330729782e-19, 4.8111688539e-19, 1.25076698294e-18, 2.10065453049e-18, 1.36591724505e-18, 7.84592391535e-19, 8.62194495798e-19, 1.06168093954e-18, 2.44685174392e-18, 1.54800017059e-18, 3.79419681967e-18, 1.79509095164e-17, 1.31435417643e-17, 6.02014894704e-18, 6.74625470618e-18, 1.1338909946e-17, 5.58659505027e-18, 9.56221780728e-18, 1.29901096868e-17, 2.05094651779e-17, 1.49876458142e-17, 1.28342250188e-17, 1.21315979542e-17, 1.52598196686e-17, 1.75783936907e-17, 1.76603391652e-17, 1.39302624915e-17, 1.4066992138e-17, 9.3762750502e-18, 5.04672445655e-18, 2.97906057722e-18, 1.44922901519e-18, 3.62297146685e-19, 3.9755036947e-20],
        "stdev": [2.12155294418, 3.58315205574, 1.46245718002, 1.53567874432, 6.49771404266, 7.99669265747, 16.5565376282, 23.5430297852, 27.8355979919, 60.4058570862, 81.1123809814, 150.303848267, 124.29006958, 93.0373764038, 132.211685181, 58.9322814941, 107.285346985, 110.360572815, 61.2253952026, 39.9710388184, 20.5420360565, 23.9320049286, 32.9730262756, 21.2570457458, 26.6973667145, 22.6609554291, 24.0735626221, 30.3483066559, 48.365234375, 49.5243606567, 43.7657012939, 28.4659957886, 24.4273071289, 13.1330080032, 7.5693860054, 2.71200799942, 1.45662045479, 0.349378556013, 0.0109405219555, 0.00026946287835],
        "var": [4.50098657608, 12.8389778137, 2.13878083229, 2.35830903053, 42.220287323, 63.9470939636, 274.118927002, 554.274291992, 774.820495605, 3648.86767578, 6579.21875, 22591.2460938, 15448.0205078, 8655.953125, 17479.9296875, 3473.01391602, 11510.1455078, 12179.4560547, 3748.54907227, 1597.68383789, 421.975250244, 572.740844727, 1087.22045898, 451.861999512, 712.749389648, 513.518859863, 579.536376953, 921.019714355, 2339.19604492, 2452.66235352, 1915.43652344, 810.312927246, 596.693359375, 172.475906372, 57.2956008911, 7.35498762131, 2.12174320221, 0.122065380216, 0.000119695010653, 7.26102484805e-08]
    },
    "gfcc": {
        "mean": [42.4590988159, 39.7124252319, -82.8093490601, 29.3786945343, -74.0860137939, 18.003276825, -39.5048065186, 10.0597286224, -25.751537323, 11.0298166275, -12.7718458176, 12.4141769409, -9.64206123352],
        "cov": [[4565.37548828, -750.905029297, -638.585144043, -113.719261169, 27.1072883606, 319.621612549, 286.398376465, 272.779937744, 87.9866104126, 79.4440536499, -48.0926971436, 20.5488204956, -13.9807214737], [-750.905029297, 1236.27026367, 86.5262374878, 17.399225235, 245.571136475, 206.047988892, 191.606796265, 104.004631042, 108.581596375, 61.9738121033, 143.290405273, 45.6567420959, 158.578842163], [-638.585144043, 86.5262374878, 926.7890625, 514.951843262, 198.489654541, 59.2281303406, 63.5044822693, 108.196716309, 91.1795883179, 100.570793152, 115.193519592, 106.351005554, 67.8151397705], [-113.719261169, 17.399225235, 514.951843262, 584.820007324, 240.352706909, 43.9648361206, 16.2910919189, 114.856559753, 122.924072266, 89.8262634277, 93.4978713989, 73.2825775146, 83.1258773804], [27.1072883606, 245.571136475, 198.489654541, 240.352706909, 314.558013916, 171.990203857, 118.616523743, 103.133964539, 88.202293396, 80.3254547119, 79.6469955444, 61.8121070862, 96.2888412476], [319.621612549, 206.047988892, 59.2281303406, 43.9648361206, 171.990203857, 264.412628174, 193.02142334, 91.8475494385, 63.3433456421, 59.2663459778, 63.8644371033, 34.6748695374, 65.7380371094], [286.398376465, 191.606796265, 63.5044822693, 16.2910919189, 118.616523743, 193.02142334, 253.110702515, 149.021987915, 82.2694854736, 64.1119232178, 60.131893158, 38.8007583618, 61.3714981079], [272.779937744, 104.004631042, 108.196716309, 114.856559753, 103.133964539, 91.8475494385, 149.021987915, 189.058105469, 123.8307724, 55.6758956909, 39.1586608887, 38.1281890869, 57.8318786621], [87.9866104126, 108.581596375, 91.1795883179, 122.924072266, 88.202293396, 63.3433456421, 82.2694854736, 123.8307724, 164.681640625, 75.9067764282, 37.8152160645, 27.5995845795, 55.9636116028], [79.4440536499, 61.9738121033, 100.570793152, 89.8262634277, 80.3254547119, 59.2663459778, 64.1119232178, 55.6758956909, 75.9067764282, 99.8478164673, 60.8577842712, 30.3746433258, 35.4418029785], [-48.0926971436, 143.290405273, 115.193519592, 93.4978713989, 79.6469955444, 63.8644371033, 60.131893158, 39.1586608887, 37.8152160645, 60.8577842712, 109.383728027, 58.5841674805, 44.5790863037], [20.5488204956, 45.6567420959, 106.351005554, 73.2825775146, 61.8121070862, 34.6748695374, 38.8007583618, 38.1281890869, 27.5995845795, 30.3746433258, 58.5841674805, 78.5735015869, 45.0079956055], [-13.9807214737, 158.578842163, 67.8151397705, 83.1258773804, 96.2888412476, 65.7380371094, 61.3714981079, 57.8318786621, 55.9636116028, 35.4418029785, 44.5790863037, 45.0079956055, 89.5217895508]],
        "icov": [[0.000490275677294, 0.000312489893986, 0.000649042194709, -0.000399292184738, 0.000411830493249, -0.00108783843461, 0.000330321956426, -0.00125403597485, 0.000730781292077, -0.000861673150212, 0.000558057159651, -0.000736374349799, 0.000318274192978], [0.000312489893986, 0.00180582934991, -3.37790661433e-05, 0.000976065115537, -0.00110174366273, -0.000183867581654, -0.000213631938095, -0.00031687572482, -0.000687028688844, 0.00138013320975, -0.00268230191432, 0.00220872065984, -0.0022512418218], [0.000649042194709, -3.37790661433e-05, 0.00341496709734, -0.00322181172669, 0.00144495035056, -0.0015127917286, -0.000403825863032, -0.00145759875886, 0.00191859947518, -0.00243937340565, 0.00187222275417, -0.00359126343392, 0.00198066025041], [-0.000399292184738, 0.000976065115537, -0.00322181172669, 0.00706160068512, -0.00453041354194, 0.00197700108401, 0.00263571878895, -0.00100575760007, -0.00265913945623, 0.00249377754517, -0.00462852139026, 0.00420125946403, -0.00277622672729], [0.000411830493249, -0.00110174366273, 0.00144495035056, -0.00453041354194, 0.0107364561409, -0.00646056653932, 0.00185251899529, -0.00256436737254, 0.00329055287875, -0.00487261684611, 0.00413053156808, -0.00396813824773, -0.0014790132409], [-0.00108783843461, -0.000183867581654, -0.0015127917286, 0.00197700108401, -0.00646056653932, 0.0154805323109, -0.0106674060225, 0.00763262156397, -0.00386066548526, 0.00406364677474, -0.00394931528717, 0.00424785772339, -0.00193485198542], [0.000330321956426, -0.000213631938095, -0.000403825863032, 0.00263571878895, 0.00185251899529, -0.0106674060225, 0.0192510206252, -0.014231483452, 0.00504662049934, -0.00478216633201, -0.000688160420395, -0.000253670179518, -0.000665894767735], [-0.00125403597485, -0.00031687572482, -0.00145759875886, -0.00100575760007, -0.00256436737254, 0.00763262156397, -0.014231483452, 0.0247489139438, -0.0136262066662, 0.00731258001179, -0.000230948047829, -0.000339468038874, -0.000765826553106], [0.000730781292077, -0.000687028688844, 0.00191859947518, -0.00265913945623, 0.00329055287875, -0.00386066548526, 0.00504662049934, -0.0136262066662, 0.020485682413, -0.0133055532351, 0.00555974151939, -0.00135981733911, -0.00263810320757], [-0.000861673150212, 0.00138013320975, -0.00243937340565, 0.00249377754517, -0.00487261684611, 0.00406364677474, -0.00478216633201, 0.00731258001179, -0.0133055532351, 0.0279464162886, -0.014644487761, 0.00662604952231, -0.00102074211463], [0.000558057159651, -0.00268230191432, 0.00187222275417, -0.00462852139026, 0.00413053156808, -0.00394931528717, -0.000688160420395, -0.000230948047829, 0.00555974151939, -0.014644487761, 0.0289137102664, -0.0178153142333, 0.00367729109712], [-0.000736374349799, 0.00220872065984, -0.00359126343392, 0.00420125946403, -0.00396813824773, 0.00424785772339, -0.000253670179518, -0.000339468038874, -0.00135981733911, 0.00662604952231, -0.0178153142333, 0.0327928252518, -0.0130547955632], [0.000318274192978, -0.0022512418218, 0.00198066025041, -0.00277622672729, -0.0014790132409, -0.00193485198542, -0.000665894767735, -0.000765826553106, -0.00263810320757, -0.00102074211463, 0.00367729109712, -0.0130547955632, 0.0270339008421]]
    },
    "melbands": {
        "dmean": [0.00523023400456, 0.00061896443367, 0.000162478623679, 0.000209595949855, 0.000194807958906, 0.000262183311861, 0.00015543140762, 0.000176706947968, 0.000148221995914, 0.000177433525096, 0.000162230528076, 0.000115683651529, 0.000106985033199, 5.61789966014e-05, 5.4829808505e-05, 3.76192037947e-05, 4.90172642458e-05, 2.72156248684e-05, 2.06224376598e-05, 1.55529760377e-05, 1.08070689748e-05, 1.18031794045e-05, 1.28734600366e-05, 1.24872958622e-05, 1.25810720419e-05, 1.36939233926e-05, 1.21986950035e-05, 1.02980429801e-05, 1.07899195427e-05, 1.15772127174e-05, 1.32191316879e-05, 1.85809367395e-05, 1.61392690643e-05, 1.37168708534e-05, 1.28846586449e-05, 1.03292550193e-05, 1.00933575595e-05, 1.14584863695e-05, 8.32512978377e-06, 6.94500886311e-06],
        "dmean2": [0.00736835598946, 0.000971565663349, 0.000270518881734, 0.000348066765582, 0.000309325667331, 0.000430591288023, 0.000244680966716, 0.00026629207423, 0.000215225401917, 0.000285511778202, 0.000254237034824, 0.0001883724035, 0.000143720404594, 8.50905707921e-05, 8.65968468133e-05, 5.66287053516e-05, 7.11871834937e-05, 3.9756680053e-05, 3.28665410052e-05, 2.55765935435e-05, 1.75818331627e-05, 1.96562396013e-05, 2.11587939702e-05, 2.02824448934e-05, 1.96091987164e-05, 2.10202251765e-05, 1.90771024791e-05, 1.5758574591e-05, 1.66498102772e-05, 1.77471847564e-05, 2.01307902898e-05, 3.01989657601e-05, 2.5219969757e-05, 2.08953733818e-05, 2.02425362659e-05, 1.6153904653e-05, 1.57102913363e-05, 1.85659810086e-05, 1.32911882247e-05, 1.10735645649e-05],
        "dvar": [0.000140783638926, 1.73989315044e-06, 6.05465189096e-08, 8.1937912455e-08, 1.43831144328e-07, 2.36575800727e-07, 1.32606743364e-07, 2.20140108809e-07, 1.42639791534e-07, 2.36716857671e-07, 1.81075819228e-07, 9.54891277161e-08, 8.06257958175e-08, 1.58093769187e-08, 2.64195900712e-08, 1.2447337383e-08, 2.04424086547e-08, 5.22743626163e-09, 2.08941020041e-09, 1.39176714598e-09, 4.10510597737e-10, 4.53182436022e-10, 6.45142606004e-10, 4.98905694535e-10, 2.6683300014e-10, 3.76958048109e-10, 3.35517114092e-10, 1.86594378837e-10, 2.02588432141e-10, 2.4735691273e-10, 2.77859346642e-10, 8.99898655593e-10, 5.38687427998e-10, 4.5699041773e-10, 4.65032706787e-10, 2.42723952049e-10, 2.15152576311e-10, 3.60389218468e-10, 1.77290959691e-10, 1.285534873e-10],
        "dvar2": [0.000279193976894, 3.75679269382e-06, 1.63229202599e-07, 2.39507045308e-07, 3.97493892024e-07, 6.20404875917e-07, 3.53681912202e-07, 5.16975489973e-07, 2.08605925422e-07, 4.85456325805e-07, 3.72072236132e-07, 2.29112032457e-07, 1.22883108133e-07, 3.49329631888e-08, 5.87394772822e-08, 2.3291296003e-08, 3.69150150448e-08, 1.06766453456e-08, 4.49149917259e-09, 3.06473335598e-09, 9.576821558e-10, 1.11712439299e-09, 1.37273681311e-09, 1.09893460998e-09, 6.02723981835e-10, 8.48637882189e-10, 8.07622690946e-10, 4.25802948456e-10, 4.69407179793e-10, 6.06653005608e-10, 6.49211517878e-10, 2.27391550034e-09, 1.25847188226e-09, 1.0433132136e-09, 1.07029984875e-09, 5.34623012527e-10, 4.91345408804e-10, 9.31154264805e-10, 4.49281084558e-10, 3.15727360922e-10],
        "max": [0.0917885601521, 0.0139491902664, 0.00323461205699, 0.00328484969214, 0.00808804668486, 0.00708036310971, 0.00792399048805, 0.00795362982899, 0.01158272475, 0.0102473227307, 0.00915772281587, 0.0071500283666, 0.00672365818173, 0.00151592353359, 0.00421992270276, 0.00294009014033, 0.00294805597514, 0.00165556685533, 0.000716920301784, 0.000619398837443, 0.000425168283982, 0.000314498931402, 0.000447490456281, 0.00048827752471, 0.000178790549398, 0.000214151543332, 0.000291769625619, 8.54221652844e-05, 8.48039853736e-05, 0.000121182332805, 0.000118009957077, 0.000234611448832, 0.000292032404104, 0.000393226247979, 0.000324355642078, 0.00016144545225, 0.00015535998682, 0.000225704498007, 9.09803566174e-05, 7.64147698646e-05],
        "mean": [0.00679983524606, 0.00119626859669, 0.000337985344231, 0.000440602249, 0.000464984826976, 0.000467122561531, 0.00030077638803, 0.00028566137189, 0.000253261532634, 0.000297515885904, 0.000258795596892, 0.000152062668349, 0.000181943076313, 8.34400634631e-05, 7.3102870374e-05, 5.55406732019e-05, 7.60717812227e-05, 3.94179405703e-05, 2.58061209024e-05, 1.68494188983e-05, 1.13557580335e-05, 1.31861834234e-05, 1.68711576407e-05, 1.41790205817e-05, 1.31005563162e-05, 1.42151520777e-05, 1.21279317682e-05, 1.03805159597e-05, 1.07302585093e-05, 1.19501755762e-05, 1.39244912134e-05, 1.68140140886e-05, 1.65035380633e-05, 1.5842868379e-05, 1.33254552566e-05, 1.04937935248e-05, 1.01052601167e-05, 1.08255107989e-05, 7.89491332398e-06, 6.12885969531e-06],
        "median": [0.00210647843778, 0.000430973770563, 0.000221185997361, 0.000272086821496, 0.000321227591485, 0.000324517779518, 0.000182101299288, 6.68323409627e-05, 5.42766210856e-05, 5.04940835526e-05, 4.49938052043e-05, 2.49572658504e-05, 2.49622444244e-05, 1.47460978042e-05, 1.36470844154e-05, 1.03309585029e-05, 1.50908444994e-05, 8.96637266123e-06, 5.97539155933e-06, 4.55851159131e-06, 3.89395381717e-06, 4.45437353847e-06, 5.47520266991e-06, 6.11017685515e-06, 5.48076559426e-06, 5.67194274481e-06, 4.90597631142e-06, 3.87597719964e-06, 3.69574968317e-06, 5.14240855409e-06, 6.03313810643e-06, 5.52396795683e-06, 5.68662335354e-06, 6.24929180049e-06, 3.97017129217e-06, 3.24988081957e-06, 3.69830218006e-06, 4.13156476498e-06, 3.5752018448e-06, 2.1292985366e-06],
        "min": [4.45536885241e-24, 5.81240288032e-24, 3.06335949299e-24, 4.04285770786e-24, 4.37174999089e-24, 1.06989780919e-23, 1.8799964277e-23, 2.22702391297e-23, 8.79386480627e-24, 4.71148398378e-24, 4.21420657951e-24, 4.24810551033e-24, 6.23164064181e-24, 7.12382102637e-24, 2.72898285172e-24, 1.63357363585e-23, 3.51006341905e-23, 2.51864165049e-23, 7.96797634788e-24, 8.57683576061e-24, 6.64466691254e-24, 1.32357291489e-23, 6.94972021345e-24, 3.82243774359e-24, 8.10344190911e-24, 9.07400114663e-24, 1.30247964203e-23, 1.32558103921e-23, 8.74352680305e-24, 8.8808603869e-24, 6.67896421812e-24, 5.75733841698e-24, 9.60675047036e-24, 7.78523119716e-24, 9.29503681683e-24, 1.19793600833e-23, 1.05777080826e-23, 8.25811465566e-24, 1.30495453534e-23, 1.1115853215e-23],
        "stdev": [0.0136717492715, 0.00170578213874, 0.00035298729199, 0.000456385343568, 0.000497059023473, 0.000535029685125, 0.00040681756218, 0.000663538579829, 0.000722587690689, 0.000841582252178, 0.000620114267804, 0.000388852116885, 0.000522177258972, 0.000187182900845, 0.000218783156015, 0.000179404756636, 0.000221856200369, 0.000101709083538, 5.95298406552e-05, 4.72516840091e-05, 2.16123935388e-05, 2.40797071456e-05, 3.48441608367e-05, 2.4321336241e-05, 1.72629024746e-05, 2.05232572625e-05, 1.84860036825e-05, 1.46495904119e-05, 1.48411108967e-05, 1.58998336701e-05, 1.77898054972e-05, 2.84079396806e-05, 2.65280668827e-05, 2.9866987461e-05, 2.76779355772e-05, 1.93658797798e-05, 1.71598931047e-05, 1.97380813916e-05, 1.25748829305e-05, 1.07719661173e-05],
        "var": [0.000186916717212, 2.90969251182e-06, 1.24600035178e-07, 2.08287588066e-07, 2.47067646342e-07, 2.86256778281e-07, 1.65500537719e-07, 4.40283457692e-07, 5.22133007053e-07, 7.08260643023e-07, 3.84541692711e-07, 1.51205966858e-07, 2.72669069545e-07, 3.50374378399e-08, 4.78660702186e-08, 3.21860689212e-08, 4.92201763791e-08, 1.0344737511e-08, 3.54380214063e-09, 2.23272178523e-09, 4.67095584433e-10, 5.7983229329e-10, 1.21411558585e-09, 5.91527438143e-10, 2.98007785116e-10, 4.21204099377e-10, 3.41732336873e-10, 2.14610509919e-10, 2.20258575268e-10, 2.52804721601e-10, 3.16477205553e-10, 8.07011069082e-10, 7.03738345376e-10, 8.92036944311e-10, 7.66068097846e-10, 3.75037306766e-10, 2.9446195482e-10, 3.89591858774e-10, 1.58127677619e-10, 1.16035257791e-10]
    },
    "melbands128": {
