{
"lowlevel": {
    "average_loudness": 0.969202637672,
    "barkbands_crest": {
        "dmean": 2.87065005302,
        "dmean2": 4.7213768959,
        "dvar": 5.9996175766,
        "dvar2": 15.421423912,
        "max": 25.4015083313,
        "mean": 12.0401620865,
        "median": 11.1913900375,
        "min": 4.05926704407,
        "stdev": 4.73674869537,
        "var": 22.436788559
    },
    "barkbands_flatness_db": {
        "dmean": 0.0336613096297,
        "dmean2": 0.0476147569716,
        "dvar": 0.00127367931418,
        "dvar2": 0.00229676673189,
        "max": 0.550029158592,
        "mean": 0.213847532868,
        "median": 0.190155759454,
        "min": 0.0589655563235,
        "stdev": 0.0923476368189,
        "var": 0.0085280854255
    },
    "barkbands_kurtosis": {
        "dmean": 10.9469032288,
        "dmean2": 16.9272861481,
        "dvar": 834.94329834,
        "dvar2": 1929.00622559,
        "max": 678.444030762,
        "mean": 15.2762451172,
        "median": 5.3815908432,
        "min": -1.91675662994,
        "stdev": 32.3000335693,
        "var": 1043.29211426
    },
    "barkbands_skewness": {
        "dmean": 0.967053592205,
        "dmean2": 1.4527951479,
        "dvar": 1.34135556221,
        "dvar2": 2.9009077549,
        "max": 20.3635902405,
        "mean": 2.37499403954,
        "median": 1.97322785854,
        "min": -1.95427405834,
        "stdev": 2.02996706963,
        "var": 4.12076616287
    },
    "barkbands_spread": {
        "dmean": 4.70577001572,
        "dmean2": 7.00558567047,
        "dvar": 56.883228302,
        "dvar2": 110.014961243,
        "max": 112.107170105,
        "mean": 13.2739419937,
        "median": 11.1334123611,
        "min": 0.198884546757,
        "stdev": 13.3533802032,
        "var": 178.312759399
    },
    "dissonance": {
        "dmean": 0.0343519859016,
        "dmean2": 0.0575540065765,
        "dvar": 0.00113375356887,
        "dvar2": 0.00297400052659,
        "max": 0.499999821186,
        "mean": 0.431019037962,
        "median": 0.440552830696,
        "min": 0.135265126824,
        "stdev": 0.0474464930594,
        "var": 0.00225116987713
    },
    "dynamic_complexity": 2.14016127586,
    "erbbands_crest": {
        "dmean": 3.78174161911,
        "dmean2": 5.97892332077,
        "dvar": 12.0246305466,
        "dvar2": 28.4656887054,
        "max": 29.9585514069,
        "mean": 12.0904436111,
        "median": 10.9612169266,
        "min": 2.38699173927,
        "stdev": 5.63709926605,
        "var": 31.7768878937
    },
    "erbbands_flatness_db": {
        "dmean": 0.0248861256987,
        "dmean2": 0.0355053171515,
        "dvar": 0.000534454127774,
        "dvar2": 0.001046131365,
        "max": 0.354886978865,
        "mean": 0.176124691963,
        "median": 0.172645628452,
        "min": 0.0678609162569,
        "stdev": 0.0520609132946,
        "var": 0.00271033868194
    },
    "erbbands_kurtosis": {
        "dmean": 2.80227899551,
        "dmean2": 4.3072013855,
        "dvar": 22.618516922,
        "dvar2": 47.902885437,
        "max": 56.8012046814,
        "mean": 3.63122296333,
        "median": 1.83611297607,
        "min": -1.86692690849,
        "stdev": 6.1090669632,
        "var": 37.3206977844
    },
    "erbbands_skewness": {
        "dmean": 0.613632678986,
        "dmean2": 0.910790145397,
        "dvar": 0.386671841145,
        "dvar2": 0.790028393269,
        "max": 5.60405302048,
        "mean": 0.808050990105,
        "median": 0.657935082912,
        "min": -2.48961043358,
        "stdev": 1.08244049549,
        "var": 1.17167747021
    },
    "erbbands_spread": {
        "dmean": 11.2046747208,
        "dmean2": 16.684797287,
        "dvar": 203.29258728,
        "dvar2": 412.240692139,
        "max": 216.059371948,
        "mean": 32.3401908875,
        "median": 24.8979263306,
        "min": 2.18818235397,
        "stdev": 26.5034923553,
        "var": 702.435058594
    },
    "hfc": {
        "dmean": 8.64558506012,
        "dmean2": 11.9554128647,
        "dvar": 137.351043701,
        "dvar2": 264.935089111,
        "max": 157.00378418,
        "mean": 21.5180244446,
        "median": 15.0967950821,
        "min": 1.20352065974e-16,
        "stdev": 20.1386756897,
        "var": 405.56628418
    },
    "loudness_ebu128": {
        "integrated": -9.1332359314,
        "loudness_range": 1.68378162384,
        "momentary": {
            "dmean": 0.495102405548,
            "dmean2": 0.607722401619,
            "dvar": 0.134338334203,
            "dvar2": 0.216928914189,
            "max": -6.78759860992,
            "mean": -9.30760955811,
            "median": -9.26161956787,
            "min": -12.6682891846,
            "stdev": 1.25020587444,
            "var": 1.56301486492
        },
        "short_term": {
            "dmean": 0.0624916553497,
            "dmean2": 0.0741502270103,
            "dvar": 0.00219029025175,
            "dvar2": 0.00399903673679,
            "max": -7.90733957291,
            "mean": -9.18239498138,
            "median": -9.25621318817,
            "min": -10.4469881058,
            "stdev": 0.56816637516,
            "var": 0.322813034058
        }
    },
    "melbands_crest": {
        "dmean": 3.31877017021,
        "dmean2": 5.3582201004,
        "dvar": 7.9189863205,
        "dvar2": 19.7614135742,
        "max": 35.3808670044,
        "mean": 16.2741641998,
        "median": 15.6145181656,
        "min": 1.76712298393,
        "stdev": 6.00400114059,
        "var": 36.0480308533
    },
    "melbands_flatness_db": {
        "dmean": 0.0400462597609,
        "dmean2": 0.0552911683917,
        "dvar": 0.0017480708193,
        "dvar2": 0.00312505033799,
        "max": 0.698204815388,
        "mean": 0.307717829943,
        "median": 0.280823260546,
        "min": 0.00490601314232,
        "stdev": 0.112228304148,
        "var": 0.0125951925293
    },
    "melbands_kurtosis": {
        "dmean": 19.4404811859,
        "dmean2": 30.7305088043,
        "dvar": 1526.31896973,
        "dvar2": 3550.10571289,
        "max": 562.615966797,
        "mean": 29.4695949554,
        "median": 12.3083534241,
        "min": -1.6563423872,
        "stdev": 50.7175521851,
        "var": 2572.27001953
    },
    "melbands_skewness": {
        "dmean": 1.19863772392,
        "dmean2": 1.83005142212,
        "dvar": 2.0008585453,
        "dvar2": 4.57920694351,
        "max": 20.5928077698,
        "mean": 3.2539088726,
        "median": 2.68469643593,
        "min": -0.690992474556,
        "stdev": 2.58506989479,
        "var": 6.68258619308
    },
    "melbands_spread": {
        "dmean": 4.9637556076,
        "dmean2": 7.38793373108,
        "dvar": 69.366065979,
        "dvar2": 135.948471069,
        "max": 139.046325684,
        "mean": 13.4839944839,
        "median": 10.4884433746,
        "min": 0.288109391928,
        "stdev": 13.488368988,
        "var": 181.936096191
    },
    "pitch_salience": {
        "dmean": 0.0762664303184,
        "dmean2": 0.123213104904,
        "dvar": 0.00441002752632,
        "dvar2": 0.0111112715676,
        "max": 0.793660461903,
        "mean": 0.482978880405,
        "median": 0.479063868523,
        "min": 0.129850566387,
        "stdev": 0.118041358888,
        "var": 0.013933762908
    },
    "silence_rate_20dB": {
        "dmean": 0,
        "dmean2": 0,
        "dvar": 0,
        "dvar2": 0,
        "max": 1,
        "mean": 1,
        "median": 1,
        "min": 1,
        "stdev": 0,
        "var": 0
    },
    "silence_rate_30dB": {
        "dmean": 0.0526315793395,
        "dmean2": 0.105344690382,
        "dvar": 0.0498612448573,
        "dvar2": 0.129878476262,
        "max": 1,
        "mean": 0.964423835278,
        "median": 1,
        "min": 0,
        "stdev": 0.185231477022,
        "var": 0.0343106985092
    },
    "silence_rate_60dB": {
        "dmean": 0.000773993786424,
        "dmean2": 0.00154918665066,
        "dvar": 0.000773391744588,
        "dvar2": 0.00154677091632,
        "max": 1,
        "mean": 0.00154679035768,
        "median": 0,
        "min": 0,
        "stdev": 0.0392987206578,
        "var": 0.00154438940808
    },
    "spectral_centroid": {
        "dmean": 200.738891602,
        "dmean2": 295.404907227,
        "dvar": 160182.5,
        "dvar2": 243273.765625,
        "max": 11109.7734375,
        "mean": 712.741577148,
        "median": 647.765014648,
        "min": 115.512069702,
        "stdev": 541.985473633,
        "var": 293748.28125
    },
    "spectral_complexity": {
        "dmean": 3.69040250778,
        "dmean2": 5.34159564972,
        "dvar": 19.5496044159,
        "dvar2": 35.7849617004,
        "max": 47,
        "mean": 12.6952819824,
        "median": 12,
        "min": 0,
        "stdev": 6.73680925369,
        "var": 45.384601593
    },
    "spectral_decrease": {
        "dmean": 4.26270485576e-09,
        "dmean2": 6.49304743305e-09,
        "dvar": 2.65583640279e-17,
        "dvar2": 6.04306855017e-17,
        "max": 3.99434951478e-29,
        "mean": -1.27337766997e-08,
        "median": -1.10247810881e-08,
        "min": -4.86605742367e-08,
        "stdev": 7.34762428678e-09,
        "var": 5.39875804959e-17
    },
    "spectral_energy": {
        "dmean": 0.0166186876595,
        "dmean2": 0.0251339934766,
        "dvar": 0.000391201145248,
        "dvar2": 0.000884527107701,
        "max": 0.187582910061,
        "mean": 0.0500120036304,
        "median": 0.0438062213361,
        "min": 1.07655351447e-20,
        "stdev": 0.0284297633916,
        "var": 0.000808251439594
    },
    "spectral_energyband_high": {
        "dmean": 0.000400173594244,
        "dmean2": 0.000566866714507,
        "dvar": 1.34254366913e-06,
        "dvar2": 2.63157107838e-06,
        "max": 0.0175241772085,
        "mean": 0.000645684136543,
        "median": 0.000171107400092,
        "min": 7.79254543344e-21,
        "stdev": 0.00173292297404,
        "var": 3.00302190226e-06
    },
    "spectral_energyband_low": {
        "dmean": 0.0125338798389,
        "dmean2": 0.0201234556735,
        "dvar": 0.000273081823252,
        "dvar2": 0.000659193028696,
        "max": 0.15825855732,
        "mean": 0.0298186130822,
        "median": 0.0236991550773,
        "min": 9.60183823351e-23,
        "stdev": 0.0246413256973,
        "var": 0.000607194961049
    },
    "spectral_energyband_middle_high": {
        "dmean": 0.00318954116665,
        "dmean2": 0.00454136775807,
        "dvar": 2.7492931622e-05,
        "dvar2": 5.34724531462e-05,
        "max": 0.0656293034554,
        "mean": 0.00627920636907,
        "median": 0.00231422460638,
        "min": 1.48696105351e-21,
        "stdev": 0.0092540467158,
        "var": 8.56373735587e-05
    },
    "spectral_energyband_middle_low": {
        "dmean": 0.00815299060196,
        "dmean2": 0.0123837022111,
        "dvar": 0.000157332702656,
        "dvar2": 0.000404230377171,
        "max": 0.127984389663,
        "mean": 0.0172939524055,
        "median": 0.0127936610952,
        "min": 3.19286364813e-22,
        "stdev": 0.0147450501099,
        "var": 0.000217416498344
    },
    "spectral_entropy": {
        "dmean": 0.299612253904,
        "dmean2": 0.417949736118,
        "dvar": 0.100907079875,
        "dvar2": 0.180960193276,
        "max": 9.80956935883,
        "mean": 7.02117776871,
        "median": 7.10661029816,
        "min": 4.39414930344,
        "stdev": 0.677647769451,
        "var": 0.459206461906
    },
    "spectral_flux": {
        "dmean": 0.0365974754095,
        "dmean2": 0.0580068230629,
        "dvar": 0.0013721777359,
        "dvar2": 0.00311319367029,
        "max": 0.336997687817,
        "mean": 0.106670878828,
        "median": 0.0967518091202,
        "min": 1.03757100134e-10,
        "stdev": 0.0525357238948,
        "var": 0.00276000238955
    },
    "spectral_kurtosis": {
        "dmean": 3.73953485489,
        "dmean2": 5.6170592308,
        "dvar": 46.5437049866,
        "dvar2": 99.3083572388,
        "max": 111.856521606,
        "mean": 9.0643119812,
        "median": 6.20762825012,
        "min": -1.39863991737,
        "stdev": 11.1755914688,
        "var": 124.893852234
    },
    "spectral_rms": {
        "dmean": 0.00113935593981,
        "dmean2": 0.00168869073968,
        "dvar": 1.36224491598e-06,
        "dvar2": 2.92449681183e-06,
        "max": 0.0135280350223,
        "mean": 0.00670973071828,
        "median": 0.00653741369024,
        "min": 3.24082731137e-12,
        "stdev": 0.001942080562,
        "var": 3.77167702936e-06
    },
    "spectral_rolloff": {
        "dmean": 306.914123535,
        "dmean2": 505.571746826,
        "dvar": 1034781.125,
        "dvar2": 1908179.75,
        "max": 19035.3515625,
        "mean": 786.05279541,
        "median": 538.330078125,
        "min": 64.599609375,
        "stdev": 1312.79589844,
        "var": 1723433.125
    },
    "spectral_skewness": {
        "dmean": 0.438679069281,
        "dmean2": 0.634205341339,
        "dvar": 0.32514116168,
        "dvar2": 0.646364569664,
        "max": 9.11385345459,
        "mean": 2.34694123268,
        "median": 2.20972585678,
        "min": -0.067025847733,
        "stdev": 1.04273438454,
        "var": 1.08729505539
    },
    "spectral_spread": {
        "dmean": 841457.75,
        "dmean2": 1183178.375,
        "dvar": 1.56004148838e+12,
        "dvar2": 1.99070462771e+12,
        "max": 41119920,
        "mean": 4955616,
        "median": 4721530.5,
        "min": 937162.5,
        "stdev": 2373440,
        "var": 5.63321765888e+12
    },
    "spectral_strongpeak": {
        "dmean": 0.761397540569,
        "dmean2": 1.30124914646,
        "dvar": 1.85184800625,
        "dvar2": 4.53652000427,
        "max": 11.6132831573,
        "mean": 1.15733289719,
        "median": 0.497492045164,
        "min": 0,
        "stdev": 1.63705873489,
        "var": 2.67996120453
    },
    "zerocrossingrate": {
        "dmean": 0.00873728655279,
        "dmean2": 0.0101064005867,
        "dvar": 0.00031989053241,
        "dvar2": 0.000349953537807,
        "max": 0.4912109375,
        "mean": 0.0351494513452,
        "median": 0.03076171875,
        "min": 0.0009765625,
        "stdev": 0.0334744565189,
        "var": 0.00112053926568
    },
    "barkbands": {
        "dmean": [0.000347447319655, 0.0085470341146, 0.00524003477767, 0.00411850912496, 0.00231130886823, 0.000709357089363, 0.000768197642174, 0.00210406421684, 0.00132326467428, 0.000611167401075, 0.00106096942909, 0.000830459524877, 0.000931481190491, 0.000767886289395, 0.000234273771639, 0.000126656639623, 0.000112819412607, 5.96033823967e-05, 5.46775954717e-05, 6.04447086516e-05, 5.72345634282e-05, 6.70571098453e-05, 6.89754015184e-05, 0.000128527506604, 9.89011314232e-05, 2.39791806962e-05, 5.97789721724e-07],
        "dmean2": [0.000508341938257, 0.0137182893232, 0.00910364557058, 0.00669607473537, 0.00375644862652, 0.00114322686568, 0.00122123234905, 0.00318973814137, 0.00198078877293, 0.000864449364599, 0.00155433954205, 0.0012930794619, 0.00143903854769, 0.00122499791905, 0.000365025218343, 0.000209525518585, 0.0001858042815, 9.1540372523e-05, 7.88394463598e-05, 9.28684094106e-05, 8.59659339767e-05, 0.000104596503661, 0.000100669254607, 0.000180197035661, 0.000140831791214, 3.41455852322e-05, 1.03632100945e-06],
        "dvar": [3.30949546878e-07, 0.000137609138619, 7.50756371417e-05, 8.15001840238e-05, 1.29875697894e-05, 1.09332313514e-06, 2.58352565652e-06, 2.77757408185e-05, 7.60076272854e-06, 2.08556116377e-06, 9.84658709058e-06, 7.54361190047e-06, 5.07532104166e-06, 6.00840303377e-06, 5.65559446386e-07, 1.36042231702e-07, 5.4904532476e-08, 1.05942339346e-08, 1.25742234403e-08, 2.54042067382e-08, 3.77375464211e-08, 6.52728502359e-08, 4.75369503761e-08, 1.85574563716e-07, 1.13092610832e-07, 6.86613876866e-09, 5.92920677833e-12],
        "dvar2": [5.98842234467e-07, 0.000349683046807, 0.000206226846785, 0.000223444469157, 3.34304313583e-05, 2.55596023635e-06, 5.97651114731e-06, 5.99379345658e-05, 1.61882326211e-05, 3.70873704014e-06, 1.93009145733e-05, 1.82429266715e-05, 1.15362290671e-05, 1.40246556839e-05, 1.23627239645e-06, 3.10338350573e-07, 1.45065570223e-07, 2.39443078698e-08, 2.71199986912e-08, 6.3970603037e-08, 8.71010783499e-08, 1.61089019457e-07, 9.51871541588e-08, 3.64430491118e-07, 2.37059239794e-07, 1.288173479e-08, 1.66225453541e-11],
        "max": [0.0122526558116, 0.141076385975, 0.063175342977, 0.0903176218271, 0.0329402722418, 0.012099946849, 0.0191873628646, 0.0647998601198, 0.0382948257029, 0.0211947839707, 0.0591763071716, 0.0552114397287, 0.0281757805496, 0.0343934856355, 0.0141410082579, 0.00655650068074, 0.00245675444603, 0.001351639512, 0.00168261863291, 0.00323829776607, 0.00359186553396, 0.00510668521747, 0.00340871093795, 0.00853101164103, 0.00557860266417, 0.00225664046593, 4.35430956713e-05],
        "mean": [0.000860371161252, 0.0180820953101, 0.00703684287146, 0.00605268729851, 0.00338072679006, 0.00119541515596, 0.000992394401692, 0.00329533079639, 0.00192706752568, 0.000897661899216, 0.00160247262102, 0.0010282715084, 0.00128780072555, 0.00098083447665, 0.000277163751889, 0.000151907588588, 0.000125891383504, 8.05056697573e-05, 7.11702232365e-05, 7.40431059967e-05, 6.49278736091e-05, 8.39998829179e-05, 0.00010917835607, 0.000182406467502, 0.000136721253511, 3.34821379511e-05, 6.49190781132e-07],
        "median": [0.000310858333251, 0.0114932674915, 0.00408345507458, 0.00332126673311, 0.00204669800587, 0.000684932863805, 0.000355032098014, 0.000398640957428, 0.000415642512962, 0.000147339858813, 0.000134766436531, 0.000135174355819, 0.000275412807241, 9.16065328056e-05, 5.68245268369e-05, 3.90548520954e-05, 3.47542300005e-05, 2.61847908405e-05, 2.12050617847e-05, 2.22215658141e-05, 1.1511442608e-05, 1.39704143294e-05, 2.71113822237e-05, 3.39673279086e-05, 2.4890907298e-05, 8.39597942104e-06, 2.30451760785e-07],
        "min": [6.66287508441e-23, 2.36080304735e-23, 1.25494201613e-23, 4.8949658517e-23, 2.83031333662e-23, 1.95111428934e-23, 4.75923065781e-23, 6.29099469409e-23, 9.41258608472e-23, 3.26457369188e-23, 8.92268137448e-23, 2.51211840189e-23, 1.21648473146e-22, 1.0022372409e-22, 1.14891898425e-22, 1.17548289705e-22, 2.50802661193e-22, 1.6843293567e-22, 2.92224598745e-22, 3.59006079371e-22, 5.93446907109e-22, 4.89157879851e-22, 7.69894619088e-22, 7.01071263517e-22, 1.05170330039e-21, 1.63062087899e-21, 2.65410128579e-21],
        "stdev": [0.00154187669978, 0.018817525357, 0.00867082737386, 0.00879529770464, 0.00403169123456, 0.00145213189535, 0.00204095500521, 0.0079909209162, 0.0038479687646, 0.00231164810248, 0.0050326003693, 0.00325471186079, 0.00290127564222, 0.00301660131663, 0.000889849441592, 0.000418588635512, 0.000237465195823, 0.000137205686769, 0.00013699309784, 0.000158206006745, 0.000202521710889, 0.000297276943456, 0.000315921730362, 0.000627068453468, 0.00045747886179, 0.000116318195069, 1.98298857867e-06],
        "var": [2.37738390751e-06, 0.000354099232936, 7.51832412789e-05, 7.73572610342e-05, 1.62545329658e-05, 2.10868711292e-06, 4.1654971028e-06, 6.38548153802e-05, 1.48068638737e-05, 5.34371656613e-06, 2.53270682151e-05, 1.05931494545e-05, 8.41739984025e-06, 9.09988284548e-06, 7.91832007963e-07, 1.75216456455e-07, 5.63897195605e-08, 1.88253999056e-08, 1.87671105323e-08, 2.50291396497e-08, 4.10150455821e-08, 8.83735893353e-08, 9.98065345925e-08, 3.9321486156e-07, 2.0928690958e-07, 1.35299229598e-08, 3.93224385345e-12]
    },
    "erbbands": {
        "dmean": [0.265172272921, 1.93592739105, 4.83774232864, 11.2801141739, 8.36267375946, 9.28869819641, 7.01523256302, 5.88558912277, 7.06547355652, 22.9362812042, 49.2878570557, 30.372877121, 22.7624931335, 21.7224178314, 39.6843681335, 38.2354316711, 42.6242790222, 40.5898246765, 21.3653068542, 7.26785230637, 6.65593242645, 5.88136100769, 3.33844685555, 2.84384202957, 2.86623287201, 2.76407313347, 2.20699095726, 2.41886115074, 2.61227655411, 2.20030355453, 1.86273097992, 1.96264123917, 2.58045983315, 1.48587429523, 0.471611887217, 0.166107401252, 0.0327538959682, 0.00309204566292, 8.91956005944e-05, 2.15138188651e-05],
        "dmean2": [0.415492087603, 3.14400243759, 8.23128223419, 18.7934684753, 13.7299451828, 14.9361810684, 11.3320732117, 9.78245449066, 11.6159801483, 35.3018379211, 74.8901901245, 44.4651031494, 32.6254653931, 31.5398712158, 57.0880966187, 58.6121902466, 64.9772949219, 63.8235397339, 33.0660552979, 11.0256509781, 10.8934488297, 9.57543087006, 5.14655399323, 4.18748855591, 4.22309207916, 4.22681999207, 3.29122543335, 3.63987374306, 4.07896614075, 3.15551161766, 2.71856856346, 2.72839927673, 3.76380085945, 2.16803598404, 0.684177219868, 0.236924603581, 0.0485738255084, 0.00489875813946, 0.000140255055157, 3.16366676998e-05],
        "dvar": [0.154385894537, 6.63261985779, 51.2846679688, 587.503845215, 285.849975586, 177.597167969, 164.423553467, 76.5116119385, 235.444442749, 2511.765625, 18756.7714844, 4143.88720703, 3086.07226562, 2466.02490234, 12420.3525391, 15451.7324219, 10574.8056641, 16913.2109375, 3771.78979492, 309.232055664, 306.790313721, 165.093811035, 35.0252990723, 27.6719932556, 43.9366569519, 55.8151054382, 51.0859489441, 81.6000289917, 124.299247742, 25.1297569275, 38.8884620667, 49.6278991699, 71.5419235229, 24.9752063751, 3.30428242683, 0.412760972977, 0.0115903513506, 0.000116272480227, 1.01562960708e-07, 6.19612638975e-10],
        "dvar2": [0.371542930603, 17.1253643036, 138.120758057, 1573.65283203, 797.752807617, 449.048522949, 416.157684326, 185.562561035, 547.458618164, 5519.93457031, 40441.7265625, 8991.27929688, 5968.09521484, 4670.84179688, 24084.71875, 37208.3789062, 23768.7421875, 40262.5273438, 8753.46972656, 629.957336426, 752.262573242, 437.169067383, 82.9831619263, 57.0636177063, 94.6207580566, 142.857162476, 119.714492798, 188.735855103, 313.225585938, 44.0694847107, 75.5908126831, 100.360313416, 140.462081909, 54.8134803772, 6.47209358215, 0.737309396267, 0.0253206100315, 0.000306543748593, 2.72572179938e-07, 1.30796051767e-09],
        "max": [4.94404840469, 30.1558456421, 52.2222976685, 258.296203613, 188.76121521, 112.140304565, 180.958618164, 96.9738311768, 319.907501221, 674.729614258, 1732.41357422, 1161.88208008, 837.594665527, 852.399963379, 2031.08898926, 2325.53222656, 1335.45703125, 1896.19702148, 889.680969238, 308.508026123, 349.673614502, 158.186645508, 94.5675888062, 81.0016555786, 120.766311646, 157.869735718, 142.833297729, 164.238220215, 216.696075439, 85.1316833496, 100.129264832, 117.546104431, 183.876739502, 105.920837402, 34.5211715698, 17.565908432, 2.65462517738, 0.176729038358, 0.00579537916929, 0.000384995801141],
        "mean": [0.671865999699, 3.49110531807, 7.52808618546, 16.6821460724, 12.2652931213, 12.762090683, 11.1924638748, 9.53554058075, 9.73789691925, 32.1303215027, 80.2443313599, 48.171913147, 35.9554748535, 33.5542030334, 60.1485824585, 52.7427597046, 62.1852340698, 53.5976791382, 26.8387947083, 9.75987148285, 7.92501401901, 6.70774173737, 4.6129283905, 3.97415471077, 3.77715229988, 3.42783021927, 2.63228607178, 2.72845172882, 3.03141665459, 3.55774116516, 2.81432342529, 2.67796850204, 3.69474387169, 2.04343008995, 0.669717848301, 0.23473970592, 0.044232442975, 0.00423813331872, 0.000138451592647, 6.30697904853e-05],
        "median": [0.322686672211, 2.30731534958, 4.75958108902, 9.11016845703, 7.21145200729, 6.81294345856, 6.68111371994, 5.45285272598, 4.39468288422, 9.64017868042, 13.7689571381, 12.9814558029, 7.18504858017, 6.12705802917, 8.19714641571, 9.28311347961, 16.1569843292, 6.79215049744, 4.21395349503, 2.65870857239, 2.32014703751, 1.97357106209, 1.6375939846, 1.28270375729, 1.20004022121, 1.07015943527, 0.581992208958, 0.449347048998, 0.401030778885, 0.974714040756, 0.599583804607, 0.426599949598, 0.730168163776, 0.3812674582, 0.115736328065, 0.044555876404, 0.0134516507387, 0.00226926081814, 7.84985240898e-05, 5.45035618416e-05],
        "min": [7.06878844879e-22, 5.7483082978e-21, 1.56933901348e-20, 1.09999873725e-19, 9.41996318879e-20, 1.17018436599e-19, 6.94540133379e-20, 2.42488797901e-19, 8.1882593327e-19, 6.75472844777e-19, 1.45363706068e-18, 2.17544509955e-18, 1.73478137862e-18, 1.37809437764e-18, 3.26350875793e-18, 1.81074137427e-18, 5.37307161003e-18, 6.37993156806e-18, 4.85790848761e-18, 4.86913208775e-18, 9.63546465052e-18, 1.43593773235e-17, 8.16126998027e-18, 1.36828023123e-17, 1.7070928311e-17, 1.56870534919e-17, 1.59612390495e-17, 2.70581233929e-17, 2.06126079828e-17, 1.7634938103e-17, 2.15767779766e-17, 1.43146864094e-17, 1.41151886436e-17, 1.19575194486e-17, 7.222566396e-18, 5.20709782012e-18, 3.02874538751e-18, 1.29775745918e-18, 3.83748576607e-19, 3.88697856705e-20],
        "stdev": [0.811251580715, 3.54902434349, 7.87534856796, 24.1306018829, 16.1061344147, 15.6750202179, 14.8490772247, 11.81599617, 21.0481433868, 66.3288497925, 206.739761353, 88.6074142456, 90.4703521729, 78.6294174194, 171.383331299, 147.455932617, 133.584899902, 158.976760864, 73.0381011963, 22.5847473145, 18.6988067627, 12.7981529236, 7.27527427673, 7.60181045532, 7.66966104507, 7.32282018661, 7.33404970169, 9.64586448669, 12.4290838242, 8.05206489563, 9.10096645355, 10.0082654953, 12.3657073975, 6.6173658371, 2.53998541832, 0.927451491356, 0.132995933294, 0.0100891254842, 0.000294821395073, 3.82759535569e-05],
        "var": [0.658129155636, 12.595574379, 62.0211181641, 582.285949707, 259.407562256, 245.706253052, 220.49508667, 139.617767334, 443.02432251, 4399.51611328, 42741.328125, 7851.27392578, 8184.88476562, 6182.58544922, 29372.2480469, 21743.25, 17844.9257812, 25273.6113281, 5334.56396484, 510.070800781, 349.645385742, 163.792724609, 52.9296150208, 57.7875213623, 58.8237037659, 53.6236953735, 53.7882843018, 93.0426940918, 154.482131958, 64.8357467651, 82.827583313, 100.165374756, 152.910720825, 43.7895278931, 6.45152616501, 0.860166311264, 0.0176879186183, 0.000101790457848, 8.69196554731e-08, 1.46504863796e-09]
    },
    "gfcc": {
        "mean": [-16.1142978668, 119.483299255, -78.1283111572, 25.0750904083, -47.5229377747, 33.5898780823, -32.3354187012, 11.7469396591, -23.0654735565, 1.88109374046, -10.9024410248, -7.32495117188, -14.4823961258],
        "cov": [[7373.0625, -1952.20239258, -1540.51196289, -463.562805176, -1040.01708984, 578.240112305, -687.006103516, 404.567443848, -410.034698486, 265.437164307, -300.577484131, 101.266311646, -288.33807373], [-1952.20239258, 1506.11120605, 207.210357666, -66.7495498657, 527.592346191, -328.946868896, 368.181854248, -145.976135254, 223.998641968, -189.032943726, 186.357910156, -97.1022338867, 112.24394989], [-1540.51196289, 207.210357666, 890.852050781, 294.735321045, 176.363235474, -87.6511764526, 113.544540405, -47.1702613831, 81.0531234741, 15.5722808838, 39.4725189209, 52.6677742004, 88.0127105713], [-463.562805176, -66.7495498657, 294.735321045, 613.247619629, 140.191802979, -70.6139144897, 44.0063323975, -44.5978507996, 108.117103577, -15.6383829117, -12.7960090637, -37.4373168945, 79.1717529297], [-1040.01708984, 527.592346191, 176.363235474, 140.191802979, 466.773651123, -110.31149292, 111.26725769, -80.1962585449, 109.1561203, -69.3991928101, 41.9602737427, -9.94503307343, 107.877029419], [578.240112305, -328.946868896, -87.6511764526, -70.6139144897, -110.31149292, 323.690063477, 14.1383390427, 56.463924408, -75.8699798584, 16.2640628815, -10.6393737793, 23.6356124878, -16.3648052216], [-687.006103516, 368.181854248, 113.544540405, 44.0063323975, 111.26725769, 14.1383390427, 345.075073242, -0.0997085794806, 15.1077709198, -71.1654586792, 86.4238586426, -11.2300806046, 11.9652891159], [404.567443848, -145.976135254, -47.1702613831, -44.5978507996, -80.1962585449, 56.463924408, -0.0997085794806, 157.746246338, -8.83251857758, 8.92446517944, -9.01199245453, 7.58447170258, -22.6052265167], [-410.034698486, 223.998641968, 81.0531234741, 108.117103577, 109.1561203, -75.8699798584, 15.1077709198, -8.83251857758, 185.416702271, -4.35098218918, 2.0521914959, -43.1372642517, 48.7222976685], [265.437164307, -189.032943726, 15.5722808838, -15.6383829117, -69.3991928101, 16.2640628815, -71.1654586792, 8.92446517944, -4.35098218918, 127.449676514, -4.69800901413, 28.0479660034, -2.03559136391], [-300.577484131, 186.357910156, 39.4725189209, -12.7960090637, 41.9602737427, -10.6393737793, 86.4238586426, -9.01199245453, 2.0521914959, -4.69800901413, 129.000213623, 25.4021511078, 9.13129806519], [101.266311646, -97.1022338867, 52.6677742004, -37.4373168945, -9.94503307343, 23.6356124878, -11.2300806046, 7.58447170258, -43.1372642517, 28.0479660034, 25.4021511078, 123.686340332, 17.2814712524], [-288.33807373, 112.24394989, 88.0127105713, 79.1717529297, 107.877029419, -16.3648052216, 11.9652891159, -22.6052265167, 48.7222976685, -2.03559136391, 9.13129806519, 17.2814712524, 109.701652527]],
        "icov": [[0.000564101559576, -0.000634112569969, 0.000886027351953, -0.000731075415388, 0.000723855220713, -0.000819042616058, 0.000852488679811, -0.00103264651261, 0.000768069061451, -0.000972116715275, 0.00105374422856, -0.00100350601133, 0.000519690278452], [-0.000634112569969, 0.00619617663324, -0.00152262893971, 0.00418679369614, -0.00355303636752, 0.00443373434246, -0.00415626401082, 0.00325341289863, -0.00431063631549, 0.00477513857186, -0.00546388421208, 0.00451381830499, -0.00278056645766], [0.000886027351953, -0.00152262893971, 0.00301570328884, -0.00210251682438, 0.00121389585547, -0.00136630691122, 0.00112057686783, -0.00169213034678, 0.00132978672627, -0.00239428319037, 0.00214971299283, -0.00281610386446, 0.000745876692235], [-0.000731075415388, 0.00418679369614, -0.00210251682438, 0.00525632081553, -0.00264914799482, 0.0032647436019, -0.00314711360261, 0.00285684689879, -0.00367910624482, 0.00360860209912, -0.00356033421122, 0.00411430792883, -0.00293877813965], [0.000723855220713, -0.00355303636752, 0.00121389585547, -0.00264914799482, 0.00613895105198, -0.00219042692333, 0.00202359771356, -0.00123891572002, 0.00159818434622, -0.00156225601677, 0.00316416076384, -0.00314546166919, -0.000870336545631], [-0.000819042616058, 0.00443373434246, -0.00136630691122, 0.0032647436019, -0.00219042692333, 0.00732909748331, -0.00397883215919, 0.00184501707554, -0.00203271163628, 0.00336212594993, -0.00375399063341, 0.00340962898917, -0.00314722256735], [0.000852488679811, -0.00415626401082, 0.00112057686783, -0.00314711360261, 0.00202359771356, -0.00397883215919, 0.00760833034292, -0.0032812920399, 0.00329553242773, -0.00158310448751, 0.00125801959075, -0.00268914550543, 0.0026018912904], [-0.00103264651261, 0.00325341289863, -0.00169213034678, 0.00285684689879, -0.00123891572002, 0.00184501707554, -0.0032812920399, 0.0101631386206, -0.0039924075827, 0.00332283345051, -0.00302158715203, 0.00223532295786, -0.00106734712608], [0.000768069061451, -0.00431063631549, 0.00132978672627, -0.00367910624482, 0.00159818434622, -0.00203271163628, 0.00329553242773, -0.0039924075827, 0.0115728676319, -0.00478475075215, 0.00379332737066, -0.00021281647787, -0.000550226483028], [-0.000972116715275, 0.00477513857186, -0.00239428319037, 0.00360860209912, -0.00156225601677, 0.00336212594993, -0.00158310448751, 0.00332283345051, -0.00478475075215, 0.0144079551101, -0.00562326982617, 0.00213779346086, -0.00270539778285], [0.00105374422856, -0.00546388421208, 0.00214971299283, -0.00356033421122, 0.00316416076384, -0.00375399063341, 0.00125801959075, -0.00302158715203, 0.00379332737066, -0.00562326982617, 0.0155873503536, -0.00686390558258, 0.00276830745861], [-0.00100350601133, 0.00451381830499, -0.00281610386446, 0.00411430792883, -0.00314546166919, 0.00340962898917, -0.00268914550543, 0.00223532295786, -0.00021281647787, 0.00213779346086, -0.00686390558258, 0.0152000794187, -0.00529925664887], [0.000519690278452, -0.00278056645766, 0.000745876692235, -0.00293877813965, -0.000870336545631, -0.00314722256735, 0.0026018912904, -0.00106734712608, -0.000550226483028, -0.00270539778285, 0.00276830745861, -0.00529925664887, 0.0155302807689]]
    },
    "melbands": {
        "dmean": [0.00238883192651, 0.002246564487, 0.00174022570718, 0.000549819669686, 0.000289845251245, 0.000130850530695, 0.000119987438666, 0.000283581815893, 0.000388956337702, 0.000178689384484, 0.000112059708044, 8.36608887766e-05, 0.000153069820954, 8.87859350769e-05, 0.000117074974696, 7.64012947911e-05, 8.20069981273e-05, 3.96666764573e-05, 1.27015700855e-05, 9.62832018558e-06, 7.95485811977e-06, 6.88617319611e-06, 3.78188155992e-06, 3.00114265883e-06, 2.33353307522e-06, 2.08826645576e-06, 2.29800798479e-06, 1.77991114469e-06, 1.46143861457e-06, 1.26471172734e-06, 1.50369419316e-06, 1.56131306994e-06, 1.21056598346e-06, 1.37790573262e-06, 1.10868677439e-06, 1.07785615455e-06, 1.30918385821e-06, 1.94025938072e-06, 1.74113745288e-06, 1.13462579066e-06],
        "dmean2": [0.0037880258169, 0.00371700548567, 0.00288943527266, 0.000880254257936, 0.000469624035759, 0.00021593098063, 0.000195466316654, 0.000434380955994, 0.000586500333156, 0.000266020157142, 0.000161030242452, 0.000121220065921, 0.000223669077968, 0.000134827379952, 0.000179280657903, 0.00011651168461, 0.00012998598686, 6.26989130978e-05, 1.91359704331e-05, 1.53657365445e-05, 1.30686803459e-05, 1.14473969006e-05, 6.1435130192e-06, 4.75699926028e-06, 3.48947014572e-06, 3.12062866215e-06, 3.61989441444e-06, 2.74804369838e-06, 2.21424261326e-06, 1.93324240172e-06, 2.30559226111e-06, 2.50398761636e-06, 1.85309056633e-06, 1.98889279091e-06, 1.61764978657e-06, 1.63871368386e-06, 1.91797926163e-06, 2.8838524031e-06, 2.57449255514e-06, 1.68139843026e-06],
        "dvar": [1.17490217235e-05, 8.80409515958e-06, 1.31207234517e-05, 7.98267137725e-07, 2.28189776408e-07, 3.69335886319e-08, 5.89481743418e-08, 3.60196736438e-07, 1.07987921183e-06, 1.54484595782e-07, 7.63420544558e-08, 3.7415532006e-08, 2.12209386063e-07, 7.98067247842e-08, 8.52384118843e-08, 3.59593919086e-08, 7.80060176453e-08, 1.50110626151e-08, 1.15864995376e-09, 9.82120385018e-10, 4.66726990389e-10, 2.8082444703e-10, 4.3105425479e-11, 3.58964143132e-11, 2.1927465052e-11, 2.49182462858e-11, 4.16968889971e-11, 2.10309165916e-11, 1.82267933385e-11, 2.02084009249e-11, 3.7674380976e-11, 5.23134556507e-11, 1.58957846885e-11, 9.83101100527e-12, 1.11260809593e-11, 2.46127354608e-11, 2.18038590655e-11, 4.70029744293e-11, 2.9186316558e-11, 1.63430709937e-11],
        "dvar2": [2.94218498311e-05, 2.26624870265e-05, 3.52293354808e-05, 2.12771851693e-06, 5.80561618335e-07, 8.96819116747e-08, 1.35474280683e-07, 7.76387309998e-07, 2.28437806982e-06, 3.41504204471e-07, 1.46334741657e-07, 7.03132059243e-08, 4.21517484028e-07, 1.87996874956e-07, 1.99907560727e-07, 8.61425704102e-08, 1.84416663274e-07, 3.53985107893e-08, 2.32993135896e-09, 2.11118789117e-09, 1.18252474479e-09, 7.51922468734e-10, 1.0285947788e-10, 8.77298511615e-11, 4.60170790362e-11, 5.42244096846e-11, 1.02889800846e-10, 5.34856187118e-11, 4.16654558077e-11, 4.70671383812e-11, 8.93322429918e-11, 1.38592470833e-10, 3.45182563088e-11, 1.85885230819e-11, 2.20256434619e-11, 5.14781342553e-11, 4.79487560767e-11, 9.52077097716e-11, 6.11696734931e-11, 3.66444583011e-11],
        "max": [0.0399707406759, 0.0223172921687, 0.0369725935161, 0.00894322246313, 0.00624056905508, 0.00214732065797, 0.00456195138395, 0.00754186976701, 0.0121453264728, 0.006568741519, 0.004129961133, 0.00366837601177, 0.00930269714445, 0.00418220786378, 0.0062920213677, 0.00238191545941, 0.0043203192763, 0.00179484055843, 0.000683897233102, 0.000677890144289, 0.000438207847765, 0.000216118205572, 6.37658886262e-05, 9.72843481577e-05, 7.59035610827e-05, 8.50403885124e-05, 0.000113069807412, 9.24105042941e-05, 7.8203243902e-05, 8.64500252646e-05, 0.000119181524497, 0.000150989086251, 7.41511175875e-05, 5.44311806152e-05, 5.48400203115e-05, 0.00010451056005, 7.77100794949e-05, 0.000145190686453, 0.000127580715343, 8.10516430647e-05],
        "mean": [0.00543712358922, 0.00413659540936, 0.00267379055731, 0.000824600807391, 0.000452352047432, 0.000213464096305, 0.000157860602485, 0.000405836646678, 0.000635594886262, 0.000271225697361, 0.000171551291714, 0.00012182372302, 0.000232416379731, 0.000110852721264, 0.000165809644386, 0.000103329388367, 0.00010327804921, 4.75345586892e-05, 1.59162809723e-05, 1.14342919915e-05, 8.84145174496e-06, 7.33733531888e-06, 4.84970041725e-06, 3.96985069528e-06, 3.10533778247e-06, 2.58967088484e-06, 2.83808230961e-06, 2.12556506085e-06, 1.70921862264e-06, 1.42106841849e-06, 1.63764252648e-06, 1.70393013832e-06, 1.62580818142e-06, 2.16329453906e-06, 1.61065361226e-06, 1.46624734043e-06, 1.69499719505e-06, 2.71790190709e-06, 2.38392362917e-06, 1.49331685861e-06],
        "median": [0.00304601737298, 0.0031984585803, 0.00161610438954, 0.000504438066855, 0.000274766411167, 0.000120698307001, 6.60280129523e-05, 0.000103638543806, 0.000109451641038, 6.57940399833e-05, 2.48773776548e-05, 2.0993189537e-05, 2.34059043578e-05, 1.69291870407e-05, 3.3624972275e-05, 2.44288657996e-05, 9.73520309344e-06, 6.61154672343e-06, 3.64129869013e-06, 2.74598369288e-06, 2.46519766733e-06, 1.95152051674e-06, 1.63128561326e-06, 1.16486751267e-06, 8.77711045177e-07, 7.94312313701e-07, 7.87687724824e-07, 5.96657173446e-07, 3.26051292632e-07, 2.42070456125e-07, 2.32737065176e-07, 1.6264364433e-07, 3.24943727037e-07, 6.01750059559e-07, 3.51554945155e-07, 1.61348964411e-07, 2.478520571e-07, 4.85477301027e-07, 4.34847805764e-07, 2.49818697284e-07],
        "min": [1.04188362295e-23, 9.54604131282e-24, 1.72206962992e-23, 7.92634342475e-24, 2.62524823433e-24, 6.40012792053e-24, 1.06812137332e-23, 9.25670527659e-24, 1.1799176364e-23, 1.38596471274e-23, 8.03001473605e-24, 4.64074406539e-24, 1.25980707911e-23, 3.53712923671e-24, 8.11551858071e-24, 1.31605459714e-23, 1.14241976436e-23, 6.65491658228e-24, 7.47233109683e-24, 6.10825964079e-24, 1.1905361775e-23, 1.78419779046e-23, 5.87487750857e-24, 9.4762334336e-24, 1.12736411732e-23, 9.72717718729e-24, 1.51354876466e-23, 9.89631922057e-24, 7.85991344792e-24, 1.41672161057e-23, 1.54676438417e-23, 1.09289476118e-23, 9.97542145898e-24, 1.0715685377e-23, 1.3247434267e-23, 1.1121547213e-23, 7.48432257145e-24, 9.27053243053e-24, 1.21817526038e-23, 8.83774519413e-24],
        "stdev": [0.00603006081656, 0.0036583263427, 0.00354880536906, 0.000947935273871, 0.000557945633773, 0.000262543500867, 0.000330939103151, 0.000825318100397, 0.00157143571414, 0.000537099607754, 0.000452103035059, 0.000302217027638, 0.000734453380574, 0.00032603222644, 0.000374434253899, 0.000229372482863, 0.000339633144904, 0.000144183301018, 4.40774092567e-05, 3.6065637687e-05, 2.19849243877e-05, 1.57888571266e-05, 7.96712356532e-06, 7.38982726034e-06, 6.5578401518e-06, 5.60880380363e-06, 6.51704704069e-06, 4.56986663266e-06, 4.54585506304e-06, 4.58074146081e-06, 6.44963847662e-06, 7.54058100938e-06, 5.2133286772e-06, 4.77679714095e-06, 4.70399254482e-06, 6.97278983353e-06, 6.13286783846e-06, 9.86693885352e-06, 7.36338870411e-06, 5.16657200933e-06],
        "var": [3.63616345567e-05, 1.33833518703e-05, 1.25940196085e-05, 8.98581333786e-07, 3.11303352873e-07, 6.89290970968e-08, 1.09520684077e-07, 6.81149970205e-07, 2.46941021942e-06, 2.88475973775e-07, 2.04397153425e-07, 9.1335131458e-08, 5.39421762369e-07, 1.06297015634e-07, 1.40201009913e-07, 5.26117389654e-08, 1.15350665908e-07, 2.07888231074e-08, 1.9428181286e-09, 1.30073019022e-09, 4.83336926038e-10, 2.49288006904e-10, 6.34750585427e-11, 5.46095495213e-11, 4.30052694844e-11, 3.14586794115e-11, 4.24719044656e-11, 2.08836802018e-11, 2.06647962631e-11, 2.09831908793e-11, 4.15978362867e-11, 5.68603601703e-11, 2.71787956724e-11, 2.28177893247e-11, 2.2127546323e-11, 4.86197956895e-11, 3.76120662393e-11, 9.73564770468e-11, 5.42194900088e-11, 2.66934686161e-11]
    },
    "melbands128": {
