{
"lowlevel": {
    "average_loudness": 0.947372496128,
    "barkbands_crest": {
        "dmean": 2.25618767738,
        "dmean2": 3.48333382607,
        "dvar": 7.16418790817,
        "dvar2": 15.5654935837,
        "max": 24.5323238373,
        "mean": 13.4828519821,
        "median": 13.4053163528,
        "min": 2.97492671013,
        "stdev": 5.50746917725,
        "var": 30.3322181702
    },
    "barkbands_flatness_db": {
        "dmean": 0.0355764888227,
        "dmean2": 0.0497745908797,
        "dvar": 0.00162459549028,
        "dvar2": 0.0025372125674,
        "max": 0.561587572098,
        "mean": 0.200307637453,
        "median": 0.196178719401,
        "min": 0.0464035980403,
        "stdev": 0.0840730592608,
        "var": 0.00706827873364
    },
    "barkbands_kurtosis": {
        "dmean": 11.4962644577,
        "dmean2": 17.7054615021,
        "dvar": 493.920074463,
        "dvar2": 1028.83874512,
        "max": 239.785415649,
        "mean": 19.588640213,
        "median": 7.39134597778,
        "min": -1.86482810974,
        "stdev": 30.7566204071,
        "var": 945.969726562
    },
    "barkbands_skewness": {
        "dmean": 1.02403640747,
        "dmean2": 1.54801177979,
        "dvar": 1.55702424049,
        "dvar2": 3.04554009438,
        "max": 13.263841629,
        "mean": 2.97856211662,
        "median": 2.57006168365,
        "min": -1.63272082806,
        "stdev": 2.43197917938,
        "var": 5.91452312469
    },
    "barkbands_spread": {
        "dmean": 7.52091217041,
        "dmean2": 11.6051454544,
        "dvar": 135.145095825,
        "dvar2": 282.664978027,
        "max": 106.789337158,
        "mean": 16.1312828064,
        "median": 11.3203430176,
        "min": 0.370598822832,
        "stdev": 15.8336238861,
        "var": 250.703643799
    },
    "dissonance": {
        "dmean": 0.0304526537657,
        "dmean2": 0.0505301877856,
        "dvar": 0.000857394712511,
        "dvar2": 0.00224853050895,
        "max": 0.499651163816,
        "mean": 0.447000861168,
        "median": 0.455511271954,
        "min": 0.0962994843721,
        "stdev": 0.0402449145913,
        "var": 0.00161965319421
    },
    "dynamic_complexity": 2.94902563095,
    "erbbands_crest": {
        "dmean": 3.16419291496,
        "dmean2": 5.13152885437,
        "dvar": 8.84300708771,
        "dvar2": 21.1024665833,
        "max": 31.1728343964,
        "mean": 9.70726585388,
        "median": 8.33508014679,
        "min": 2.82274532318,
        "stdev": 4.83811807632,
        "var": 23.4073867798
    },
    "erbbands_flatness_db": {
        "dmean": 0.0247577819973,
        "dmean2": 0.0380898192525,
        "dvar": 0.000701640849002,
        "dvar2": 0.00143058574758,
        "max": 0.381859838963,
        "mean": 0.159920632839,
        "median": 0.149881258607,
        "min": 0.053526237607,
        "stdev": 0.0550868958235,
        "var": 0.00303456629626
    },
    "erbbands_kurtosis": {
        "dmean": 1.55612659454,
        "dmean2": 2.51420640945,
        "dvar": 4.34925079346,
        "dvar2": 10.6604242325,
        "max": 32.7129974365,
        "mean": 1.56870317459,
        "median": 0.885730981827,
        "min": -1.74524986744,
        "stdev": 2.69688391685,
        "var": 7.27318239212
    },
    "erbbands_skewness": {
        "dmean": 0.499997645617,
        "dmean2": 0.765784144402,
        "dvar": 0.249391511083,
        "dvar2": 0.565053462982,
        "max": 3.89716410637,
        "mean": 0.57002222538,
        "median": 0.545180797577,
        "min": -2.29985618591,
        "stdev": 0.8353099823,
        "var": 0.697742760181
    },
    "erbbands_spread": {
        "dmean": 12.8690547943,
        "dmean2": 20.7345905304,
        "dvar": 241.880172729,
        "dvar2": 545.28326416,
        "max": 170.479660034,
        "mean": 37.2291603088,
        "median": 32.7403450012,
        "min": 4.46466398239,
        "stdev": 22.4495639801,
        "var": 503.982940674
    },
    "hfc": {
        "dmean": 19.4355583191,
        "dmean2": 31.4033355713,
        "dvar": 2018.59912109,
        "dvar2": 4686.82519531,
        "max": 337.185760498,
        "mean": 24.7290592194,
        "median": 11.7342643738,
        "min": 5.17967309861e-05,
        "stdev": 44.1689491272,
        "var": 1950.89611816
    },
    "loudness_ebu128": {
        "integrated": -7.58454799652,
        "loudness_range": 2.0065407753,
        "momentary": {
            "dmean": 0.829455792904,
            "dmean2": 0.874012649059,
            "dvar": 1.65779435635,
            "dvar2": 2.71691513062,
            "max": -5.30194854736,
            "mean": -8.1976146698,
            "median": -7.56341362,
            "min": -39.3788146973,
            "stdev": 3.14725494385,
            "var": 9.90521335602
        },
        "short_term": {
            "dmean": 0.0892862901092,
            "dmean2": 0.0842676982284,
            "dvar": 0.00473157549277,
            "dvar2": 0.0048974538222,
            "max": -6.51529693604,
            "mean": -7.61058568954,
            "median": -7.44567966461,
            "min": -10.2894716263,
            "stdev": 0.778657257557,
            "var": 0.606307089329
        }
    },
    "melbands_crest": {
        "dmean": 3.05376076698,
        "dmean2": 4.28490018845,
        "dvar": 13.0444059372,
        "dvar2": 25.388628006,
        "max": 38.3365592957,
        "mean": 23.9647789001,
        "median": 28.522901535,
        "min": 3.5645840168,
        "stdev": 10.7841510773,
        "var": 116.297904968
    },
    "melbands_flatness_db": {
        "dmean": 0.0436439067125,
        "dmean2": 0.0600283592939,
        "dvar": 0.00261453050189,
        "dvar2": 0.00405426742509,
        "max": 0.699363470078,
        "mean": 0.281613022089,
        "median": 0.287795186043,
        "min": 0.0351554639637,
        "stdev": 0.111329361796,
        "var": 0.0123942261562
    },
    "melbands_kurtosis": {
        "dmean": 27.3475570679,
        "dmean2": 42.6741409302,
        "dvar": 3319.15087891,
        "dvar2": 7180.11083984,
        "max": 671.052978516,
        "mean": 48.3598403931,
        "median": 17.4021110535,
        "min": -1.48832726479,
        "stdev": 79.7914657593,
        "var": 6366.67773438
    },
    "melbands_skewness": {
        "dmean": 1.39477288723,
        "dmean2": 2.13118243217,
        "dvar": 3.59357643127,
        "dvar2": 7.10375022888,
        "max": 20.9560165405,
        "mean": 4.48548364639,
        "median": 3.55582261086,
        "min": -0.679701566696,
        "stdev": 3.67629337311,
        "var": 13.5151329041
    },
    "melbands_spread": {
        "dmean": 9.07389259338,
        "dmean2": 14.0633382797,
        "dvar": 307.222229004,
        "dvar2": 698.009277344,
        "max": 195.470962524,
        "mean": 17.7288856506,
        "median": 10.0889978409,
        "min": 0.206218421459,
        "stdev": 22.7830734253,
        "var": 519.06842041
    },
    "pitch_salience": {
        "dmean": 0.0764869526029,
        "dmean2": 0.113616473973,
        "dvar": 0.00666339788586,
        "dvar2": 0.0141988983378,
        "max": 0.836465001106,
        "mean": 0.418699890375,
        "median": 0.37616404891,
        "min": 0.080412492156,
        "stdev": 0.203696340322,
        "var": 0.0414922013879
    },
    "silence_rate_20dB": {
        "dmean": 0,
        "dmean2": 0,
        "dvar": 0,
        "dvar2": 0,
        "max": 1,
        "mean": 1,
        "median": 1,
        "min": 1,
        "stdev": 0,
        "var": 0
    },
    "silence_rate_30dB": {
        "dmean": 0.061919502914,
        "dmean2": 0.123934932053,
        "dvar": 0.0580857098103,
        "dvar2": 0.111672706902,
        "max": 1,
        "mean": 0.63805103302,
        "median": 1,
        "min": 0,
        "stdev": 0.48056486249,
        "var": 0.230942592025
    },
    "silence_rate_60dB": {
        "dmean": 0.0139318881556,
        "dmean2": 0.0271107666194,
        "dvar": 0.0137380668893,
        "dvar2": 0.0279251560569,
        "max": 1,
        "mean": 0.0371229685843,
        "median": 0,
        "min": 0,
        "stdev": 0.189061447978,
        "var": 0.0357442311943
    },
    "spectral_centroid": {
        "dmean": 370.106018066,
        "dmean2": 549.915710449,
        "dvar": 229021.875,
        "dvar2": 425139.25,
        "max": 4238.92626953,
        "mean": 1184.66381836,
        "median": 955.956726074,
        "min": 155.513046265,
        "stdev": 723.703491211,
        "var": 523746.75
    },
    "spectral_complexity": {
        "dmean": 4.99071216583,
        "dmean2": 7.42757558823,
        "dvar": 61.7416610718,
        "dvar2": 111.499572754,
        "max": 62,
        "mean": 15.0038671494,
        "median": 12,
        "min": 0,
        "stdev": 10.1889677048,
        "var": 103.815071106
    },
    "spectral_decrease": {
        "dmean": 3.48763351532e-09,
        "dmean2": 5.13973352767e-09,
        "dvar": 4.44453440635e-17,
        "dvar2": 1.01852303923e-16,
        "max": -1.74238556661e-14,
        "mean": -1.6795342006e-08,
        "median": -9.8214991695e-09,
        "min": -5.38626032665e-08,
        "stdev": 1.51796442083e-08,
        "var": 2.30421575485e-16
    },
    "spectral_energy": {
        "dmean": 0.0143040418625,
        "dmean2": 0.0213040523231,
        "dvar": 0.000708136474714,
        "dvar2": 0.0016346037155,
        "max": 0.208166494966,
        "mean": 0.0656324774027,
        "median": 0.0393969938159,
        "min": 7.04599827372e-08,
        "stdev": 0.0581665411592,
        "var": 0.00338334660046
    },
    "spectral_energyband_high": {
        "dmean": 0.00157859059982,
        "dmean2": 0.00259383581579,
        "dvar": 1.48727503984e-05,
        "dvar2": 3.45857697539e-05,
        "max": 0.028227865696,
        "mean": 0.00146622397006,
        "median": 0.000230522040511,
        "min": 1.16633114278e-09,
        "stdev": 0.00378152751364,
        "var": 1.42999506352e-05
    },
    "spectral_energyband_low": {
        "dmean": 0.00984160229564,
        "dmean2": 0.0123626906425,
        "dvar": 0.000356088334229,
        "dvar2": 0.000688227941282,
        "max": 0.150418102741,
        "mean": 0.0518071465194,
        "median": 0.0249499324709,
        "min": 2.08919885836e-08,
        "stdev": 0.0538619458675,
        "var": 0.00290110940114
    },
    "spectral_energyband_middle_high": {
        "dmean": 0.0036101595033,
        "dmean2": 0.00568400789052,
        "dvar": 8.28723786981e-05,
        "dvar2": 0.000194440595806,
        "max": 0.0719574466348,
        "mean": 0.00453343149275,
        "median": 0.00202979287133,
        "min": 1.57944679557e-08,
        "stdev": 0.00883752480149,
        "var": 7.81018461566e-05
    },
    "spectral_energyband_middle_low": {
        "dmean": 0.00527355121449,
        "dmean2": 0.00884875189513,
        "dvar": 0.000191277897102,
        "dvar2": 0.000525947893038,
        "max": 0.110739499331,
        "mean": 0.00845798943192,
        "median": 0.00510982563719,
        "min": 3.21279287618e-08,
        "stdev": 0.0126774609089,
        "var": 0.000160718016559
    },
    "spectral_entropy": {
        "dmean": 0.291806071997,
        "dmean2": 0.437622129917,
        "dvar": 0.103867039084,
        "dvar2": 0.19903460145,
        "max": 8.79157924652,
        "mean": 7.44170475006,
        "median": 7.42898893356,
        "min": 5.50604963303,
        "stdev": 0.518954753876,
        "var": 0.269314050674
    },
    "spectral_flux": {
        "dmean": 0.0376573689282,
        "dmean2": 0.0591089613736,
        "dvar": 0.0036400265526,
        "dvar2": 0.00600187294185,
        "max": 0.418929159641,
        "mean": 0.0914628654718,
        "median": 0.0661346688867,
        "min": 0.00026544299908,
        "stdev": 0.0783039852977,
        "var": 0.00613151397556
    },
    "spectral_kurtosis": {
        "dmean": 3.40304660797,
        "dmean2": 5.38884830475,
        "dvar": 38.8328170776,
        "dvar2": 89.8887023926,
        "max": 88.2279281616,
        "mean": 6.72353553772,
        "median": 4.54228115082,
        "min": -1.1949942112,
        "stdev": 8.27215385437,
        "var": 68.4285354614
    },
    "spectral_rms": {
        "dmean": 0.000939359888434,
        "dmean2": 0.00133392319549,
        "dvar": 2.51991264122e-06,
        "dvar2": 5.22906339029e-06,
        "max": 0.0142509387806,
        "mean": 0.00698002055287,
        "median": 0.00619968445972,
        "min": 8.29104646982e-06,
        "stdev": 0.00391292478889,
        "var": 1.53109813255e-05
    },
    "spectral_rolloff": {
        "dmean": 604.730712891,
        "dmean2": 1019.98431396,
        "dvar": 1924295.75,
        "dvar2": 4090918,
        "max": 14599.5117188,
        "mean": 1104.34313965,
        "median": 409.130859375,
        "min": 43.06640625,
        "stdev": 1822.36889648,
        "var": 3321028.5
    },
    "spectral_skewness": {
        "dmean": 0.423637837172,
        "dmean2": 0.651973366737,
        "dvar": 0.276972800493,
        "dvar2": 0.610608816147,
        "max": 7.59397935867,
        "mean": 2.01026153564,
        "median": 1.90926706791,
        "min": 0.0725743249059,
        "stdev": 0.771909713745,
        "var": 0.595844566822
    },
    "spectral_spread": {
        "dmean": 1202925.625,
        "dmean2": 1824765.25,
        "dvar": 2.42534029722e+12,
        "dvar2": 4.29068386304e+12,
        "max": 24390416,
        "mean": 5324437,
        "median": 5094524.5,
        "min": 832342.375,
        "stdev": 2318674.5,
        "var": 5.37625152717e+12
    },
    "spectral_strongpeak": {
        "dmean": 0.275821834803,
        "dmean2": 0.446350246668,
        "dvar": 0.30766171217,
        "dvar2": 0.802801132202,
        "max": 6.07130527496,
        "mean": 0.679966509342,
        "median": 0.492617487907,
        "min": 0,
        "stdev": 0.708349645138,
        "var": 0.501759231091
    },
    "zerocrossingrate": {
        "dmean": 0.0147603042424,
        "dmean2": 0.0173042938113,
        "dvar": 0.000455678760773,
        "dvar2": 0.000560731743462,
        "max": 0.4013671875,
        "mean": 0.0436941869557,
        "median": 0.029296875,
        "min": 0.00146484375,
        "stdev": 0.0471825823188,
        "var": 0.00222619599663
    },
    "barkbands": {
        "dmean": [0.00245094345883, 0.00731433648616, 0.00294969254173, 0.00162767106667, 0.00167923502158, 0.000799933739472, 0.000715142348781, 0.000755326764192, 0.000820514047518, 0.00059346226044, 0.000243571121246, 0.000300183775835, 0.000360645790352, 0.000488811812829, 0.000999149284326, 0.000539339846, 0.00037616683403, 0.00020313897403, 0.000274674850516, 0.000305217457935, 0.000247621646849, 0.000171912703081, 0.00041492850869, 0.000317014317261, 0.000197434477741, 0.000101013538369, 7.9275077951e-06],
        "dmean2": [0.00315758422948, 0.00827019196004, 0.00555001944304, 0.00280189164914, 0.00288269203156, 0.00143944844604, 0.00122256798204, 0.00123070401605, 0.00129681150429, 0.000868693226948, 0.00038130916073, 0.000481858965941, 0.000582955079153, 0.000783467723522, 0.00169714284129, 0.0009011295042, 0.000620265142061, 0.000343446939951, 0.000440904783318, 0.000500695547089, 0.000420500145992, 0.000284268782707, 0.000696648552548, 0.000527826952748, 0.000325956993038, 0.000155843619723, 1.20411623357e-05],
        "dvar": [1.72364416358e-05, 0.000191851882846, 0.000116167437227, 2.89224626613e-05, 2.17477863771e-05, 6.15290218775e-06, 3.3675873965e-06, 1.66451582118e-06, 5.14841394761e-06, 2.06141680792e-06, 1.67530274098e-07, 2.45883626349e-07, 6.46374132884e-07, 1.32144850795e-06, 9.70332803263e-06, 3.05870480588e-06, 1.22657684187e-06, 2.90119913871e-07, 6.06665025771e-07, 9.34344598136e-07, 8.27821622806e-07, 2.30934773526e-07, 9.96205244519e-07, 4.84477311602e-07, 2.4892429451e-07, 8.19777739025e-08, 2.56709808966e-09],
        "dvar2": [3.17828707921e-05, 0.000287903560093, 0.000343093328411, 8.05525487522e-05, 5.94476514379e-05, 1.77138172148e-05, 9.36702053878e-06, 3.94239577872e-06, 1.14039321488e-05, 3.17794933835e-06, 3.83624154665e-07, 5.90495346842e-07, 1.63525794505e-06, 2.97784913528e-06, 2.42401201831e-05, 7.35516459827e-06, 2.94172923532e-06, 7.51964876144e-07, 1.47281639329e-06, 2.25388021136e-06, 2.03408126254e-06, 5.22953541804e-07, 2.55701775131e-06, 1.19614890082e-06, 5.41169640655e-07, 1.70609382621e-07, 5.9813416442e-09],
        "max": [0.0643980354071, 0.135441482067, 0.0733500495553, 0.044304728508, 0.037413790822, 0.0208260659128, 0.0204667411745, 0.0139124188572, 0.049583312124, 0.0389761701226, 0.0053149368614, 0.00479200808331, 0.0128938136622, 0.0104086194187, 0.024988329038, 0.014971290715, 0.0097268121317, 0.00402244087309, 0.00694266334176, 0.00877612922341, 0.00836155004799, 0.00409271614626, 0.00993555691093, 0.00576898781583, 0.00637860829011, 0.00408214470372, 0.00140197272412],
        "mean": [0.0108937155455, 0.0380289591849, 0.00260024657473, 0.00170877808705, 0.0021289405413, 0.000833539641462, 0.000860908825416, 0.00121816270985, 0.00116294121835, 0.000947393826209, 0.000323007494444, 0.000368279026588, 0.000386319443351, 0.000500292459037, 0.000815454404801, 0.000463304924779, 0.000349470385117, 0.000192638806766, 0.00026375343441, 0.000259033520706, 0.000185310040251, 0.000147013779497, 0.000374298746465, 0.000310878647724, 0.000196772452909, 0.000105497245386, 7.60762350183e-06],
        "median": [0.00410194834694, 0.0150408558547, 0.000586982176173, 0.000288494979031, 0.000945156672969, 0.000306794303469, 0.000360998004908, 0.000537021318451, 0.000323782907799, 0.000363032420864, 0.000127429841086, 0.000134751084261, 9.61810146691e-05, 7.44771023165e-05, 6.0739392211e-05, 5.5909040384e-05, 4.8797679483e-05, 4.03363046644e-05, 4.63173273602e-05, 2.04425414267e-05, 2.6286497814e-06, 9.44222392718e-06, 5.19243258168e-05, 6.40276339254e-05, 2.54627993854e-05, 1.43555580507e-05, 2.22891102908e-07],
        "min": [1.00492765151e-11, 7.76975372929e-10, 4.08801614782e-09, 3.91623089513e-09, 3.51739859461e-09, 2.14132023224e-09, 2.43038500436e-09, 4.06316713608e-09, 1.42647946788e-08, 4.54499371472e-09, 5.78119774275e-10, 4.60173454897e-10, 3.6502616485e-09, 4.86819740075e-09, 4.37826191968e-10, 6.59248711177e-10, 4.41922443084e-10, 4.67638150425e-10, 2.89818058441e-10, 5.6597365683e-10, 1.32932873043e-10, 1.56016172204e-10, 1.60191748755e-10, 1.65192193258e-10, 1.14390483197e-10, 7.80516623555e-11, 8.03723786743e-13],
        "stdev": [0.0151059729978, 0.0421802774072, 0.00814822409302, 0.00461725704372, 0.00419632811099, 0.00201704562642, 0.00167689810041, 0.00179629446939, 0.00294449320063, 0.00231984537095, 0.000508337281644, 0.000594417448156, 0.000861753011122, 0.00117471220437, 0.00275563495234, 0.00159762124531, 0.00103264395148, 0.00047528493451, 0.000725515536033, 0.000886538764462, 0.000806389783975, 0.000466171331936, 0.00092151662102, 0.000686103769112, 0.00054225162603, 0.00033162854379, 5.31766127096e-05],
        "var": [0.000228190416237, 0.00177917582914, 6.63935570628e-05, 2.13190633076e-05, 1.76091707544e-05, 4.06847311751e-06, 2.811987315e-06, 3.22667392538e-06, 8.67004018801e-06, 5.38168205821e-06, 2.58406771536e-07, 3.53332126224e-07, 7.42618226468e-07, 1.3799486851e-06, 7.59352451496e-06, 2.55239365288e-06, 1.06635354769e-06, 2.25895760764e-07, 5.26372787135e-07, 7.85950987847e-07, 6.50264439628e-07, 2.17315715645e-07, 8.49192872465e-07, 4.70738399372e-07, 2.94036851756e-07, 1.09977492002e-07, 2.82775203253e-09]
    },
    "erbbands": {
        "dmean": [0.441734045744, 1.25263702869, 3.11088395119, 4.87390565872, 5.15510511398, 5.6909122467, 6.07974004745, 6.86417484283, 10.3009290695, 11.1491937637, 17.2724742889, 19.9239997864, 21.5097141266, 10.1638879776, 9.88714122772, 12.7658672333, 16.3410282135, 22.3075466156, 40.7887153625, 49.9678153992, 19.9892864227, 22.529882431, 12.2915287018, 11.8388910294, 14.8797245026, 13.3880414963, 12.2225122452, 8.45861911774, 6.07967805862, 8.64087104797, 11.8057193756, 8.2021818161, 4.66454601288, 2.52834105492, 1.27058529854, 0.483516544104, 0.182931274176, 0.0344016514719, 0.000880460604094, 4.14251699112e-05],
        "dmean2": [0.434391409159, 1.87381577492, 5.84528207779, 8.65890789032, 8.95031356812, 9.87247467041, 10.6600217819, 12.416762352, 17.979719162, 17.91979599, 28.3291969299, 31.435218811, 30.6889514923, 15.5753412247, 15.3017673492, 20.4678821564, 26.0887145996, 35.0322494507, 67.456237793, 84.1900863647, 32.5752906799, 36.9946212769, 20.35912323, 19.2560348511, 23.9028778076, 21.9312667847, 20.1737308502, 14.439956665, 9.96522140503, 14.2908782959, 19.9946308136, 13.9436693192, 7.65078306198, 4.19906949997, 2.06147170067, 0.761054694653, 0.28430557251, 0.0517360903323, 0.00132895400748, 6.21417639195e-05],
        "dvar": [0.550886511803, 10.3461971283, 132.510864258, 271.559875488, 285.136016846, 222.961181641, 288.199157715, 487.883087158, 944.551879883, 389.72946167, 1176.80944824, 3792.07080078, 2794.42114258, 434.985473633, 271.886260986, 456.318267822, 1401.04199219, 2639.83154297, 13722.9365234, 28410.2539062, 3515.68920898, 4587.71337891, 1042.99365234, 1216.83935547, 1758.92456055, 1779.55725098, 1948.9876709, 925.765014648, 312.238891602, 399.461914062, 829.468261719, 387.99005127, 97.8411178589, 35.377746582, 12.4628276825, 1.65602552891, 0.275448143482, 0.021111689508, 1.76576795639e-05, 1.01269002073e-08],
        "dvar2": [0.61079877615, 25.1719818115, 386.489044189, 776.267700195, 770.299499512, 628.323242188, 817.612976074, 1414.88977051, 2679.47338867, 952.817749023, 2989.80322266, 7752.39208984, 4152.88476562, 955.647338867, 655.646057129, 1012.39923096, 3497.51245117, 5941.50048828, 33714.75, 70504.3359375, 7746.24804688, 11155.6464844, 2571.70166016, 3065.51196289, 4333.78222656, 4328.93896484, 4570.66845703, 2288.44897461, 715.881958008, 977.975097656, 2134.31787109, 1006.8236084, 226.815643311, 79.5018997192, 25.8124427795, 3.45491957664, 0.606071293354, 0.0448885038495, 4.0434733819e-05, 2.15558895178e-08],
        "max": [7.43489742279, 24.9576911926, 76.9266967773, 125.769714355, 140.390869141, 126.294586182, 164.00970459, 196.954483032, 350.871307373, 246.826782227, 495.980041504, 1436.20263672, 1429.98779297, 298.527252197, 164.123077393, 246.361557007, 549.684692383, 501.999053955, 868.096862793, 1343.66467285, 466.67791748, 604.761413574, 256.016906738, 310.838806152, 377.649475098, 388.533355713, 383.38873291, 307.593292236, 144.403533936, 161.855117798, 277.25579834, 180.39201355, 88.758895874, 70.5894851685, 57.4469413757, 19.1775283813, 7.32045173645, 3.36269211769, 0.106030233204, 0.0020968252793],
        "mean": [2.29502391815, 3.7877805233, 2.90194678307, 5.17285919189, 5.63526916504, 7.49993371964, 6.89878416061, 7.14088487625, 11.9351835251, 17.3719558716, 26.9233226776, 29.8156204224, 35.3104438782, 16.057056427, 13.3738460541, 16.2992458344, 18.2729034424, 24.4566993713, 36.0349884033, 41.0084877014, 19.5121650696, 20.6283283234, 12.2724590302, 10.9436302185, 14.2202453613, 11.3606100082, 9.56423664093, 6.3434214592, 5.01052856445, 8.09808158875, 10.5794458389, 7.26921796799, 4.87128353119, 2.59689593315, 1.1943602562, 0.501198768616, 0.18214148283, 0.0348479747772, 0.000912856077775, 0.000100489305623],
        "median": [0.908734619617, 1.21805870533, 0.628690838814, 1.22325861454, 1.43462526798, 3.22720360756, 2.90054154396, 2.74234461784, 4.69282007217, 7.36450529099, 12.2138738632, 8.92863178253, 14.0113801956, 8.15378093719, 5.68640804291, 6.17271137238, 5.03925228119, 4.91129875183, 3.78287816048, 3.66751432419, 3.05657672882, 2.83669114113, 2.56581926346, 2.10722947121, 2.57629942894, 0.974987208843, 0.242951124907, 0.098000317812, 0.24920861423, 1.12149524689, 1.56987464428, 1.14005088806, 0.949242770672, 0.41683703661, 0.117788352072, 0.0645641461015, 0.022669063881, 0.00273563782685, 0.000102961705124, 6.32516457699e-05],
        "min": [2.69716089463e-08, 7.03032981164e-07, 5.81077938477e-06, 1.08508338599e-05, 1.35331220008e-05, 1.07626201498e-05, 8.42083773023e-06, 2.16276785068e-05, 3.74048322556e-05, 3.46436863765e-05, 0.000152885651914, 0.000330141920131, 0.000202914627152, 8.86635680217e-05, 2.03322415473e-05, 2.51411256613e-05, 0.000149701256305, 0.000287173956167, 7.10147141945e-05, 2.14652663999e-05, 4.71492603538e-05, 2.21500758926e-05, 2.09715017263e-05, 1.73999360413e-05, 2.40098161157e-05, 2.36070245592e-05, 9.02340798348e-06, 5.32294961886e-06, 4.45073919764e-06, 6.3719830905e-06, 4.64995719085e-06, 3.59220939572e-06, 2.48225069299e-06, 1.36315816235e-06, 7.74558316152e-07, 4.55697517054e-07, 2.10092096609e-07, 9.04471662011e-08, 1.23749952508e-08, 1.55189239237e-09],
        "stdev": [2.53818750381, 5.18987607956, 8.8016166687, 13.5821657181, 14.6582803726, 13.5747776031, 14.4493627548, 17.7525215149, 26.2757320404, 28.2715911865, 42.975643158, 80.9945373535, 87.0064926147, 26.1597423553, 19.5786190033, 27.1919879913, 40.6256523132, 53.4366378784, 106.704788208, 149.425018311, 58.4697494507, 62.386390686, 29.8092632294, 31.3298816681, 38.8111228943, 38.5158805847, 40.6180419922, 26.8446769714, 16.8658695221, 19.4692516327, 26.5040187836, 17.8713550568, 10.5065975189, 6.49677181244, 3.860268116, 1.45826351643, 0.590168237686, 0.169944956899, 0.00468018837273, 0.000131574372062],
        "var": [6.4423956871, 26.9348144531, 77.468460083, 184.475234985, 214.865188599, 184.274581909, 208.784072876, 315.152008057, 690.414123535, 799.282836914, 1846.90588379, 6560.11523438, 7570.12988281, 684.33215332, 383.322357178, 739.404174805, 1650.44372559, 2855.47436523, 11385.9111328, 22327.8378906, 3418.71142578, 3892.06176758, 888.592224121, 981.561462402, 1506.30334473, 1483.47302246, 1649.82519531, 720.63671875, 284.457580566, 379.051727295, 702.463012695, 319.385314941, 110.388595581, 42.2080421448, 14.9016704559, 2.12653231621, 0.348298549652, 0.0288812890649, 2.19041612581e-05, 1.73118142044e-08]
    },
    "gfcc": {
        "mean": [-23.196346283, 92.2085723877, -94.0839080811, 12.8790750504, -52.8360900879, 26.8018112183, -41.0761566162, 23.4923744202, -13.7088594437, -2.87690711021, -6.36385393143, -0.843748688698, -13.7299804688],
        "cov": [[7989.20214844, -2402.67773438, 768.028625488, 1174.35888672, -44.1500968933, 704.950622559, -135.571350098, 301.829345703, -179.222457886, 461.147338867, -197.30279541, 300.564666748, -224.894973755], [-2402.67773438, 2617.75439453, 380.544006348, -130.708267212, 585.618286133, -126.299514771, 537.388183594, -2.21011972427, 412.80670166, -131.714599609, 298.057037354, -53.0028190613, 351.23034668], [768.028625488, 380.544006348, 1524.42211914, 591.605773926, 226.589294434, 417.846893311, 247.180999756, 160.591506958, 190.93977356, 152.650985718, 113.04724884, 166.953170776, 119.858322144], [1174.35888672, -130.708267212, 591.605773926, 813.51739502, 358.668579102, 245.620452881, 169.267349243, 109.619499207, 112.321983337, 221.820220947, 35.9535331726, 68.8602371216, 138.444869995], [-44.1500968933, 585.618286133, 226.589294434, 358.668579102, 740.214050293, 130.113372803, 276.317016602, 90.1518630981, 229.825485229, 162.751144409, 79.7616653442, -21.3391780853, 202.623519897], [704.950622559, -126.299514771, 417.846893311, 245.620452881, 130.113372803, 369.630706787, 105.995674133, 76.9645843506, 93.960975647, 114.354316711, 22.4078159332, 68.3146438599, 10.4460287094], [-135.571350098, 537.388183594, 247.180999756, 169.267349243, 276.317016602, 105.995674133, 404.938537598, 54.8725280762, 178.77507019, 86.5442733765, 90.6494522095, 83.4666061401, 154.449874878], [301.829345703, -2.21011972427, 160.591506958, 109.619499207, 90.1518630981, 76.9645843506, 54.8725280762, 227.932128906, 23.9055328369, 25.3354740143, 69.6306381226, 20.0418891907, 20.0506038666], [-179.222457886, 412.80670166, 190.93977356, 112.321983337, 229.825485229, 93.960975647, 178.77507019, 23.9055328369, 303.696533203, 85.7227096558, 28.4538059235, 31.6296405792, 112.145957947], [461.147338867, -131.714599609, 152.650985718, 221.820220947, 162.751144409, 114.354316711, 86.5442733765, 25.3354740143, 85.7227096558, 201.708709717, -6.52483510971, 54.1015014648, 62.7167854309], [-197.30279541, 298.057037354, 113.04724884, 35.9535331726, 79.7616653442, 22.4078159332, 90.6494522095, 69.6306381226, 28.4538059235, -6.52483510971, 166.443191528, 27.1578998566, 21.9704265594], [300.564666748, -53.0028190613, 166.953170776, 68.8602371216, -21.3391780853, 68.3146438599, 83.4666061401, 20.0418891907, 31.6296405792, 54.1015014648, 27.1578998566, 155.756149292, 24.3332443237], [-224.894973755, 351.23034668, 119.858322144, 138.444869995, 202.623519897, 10.4460287094, 154.449874878, 20.0506038666, 112.145957947, 62.7167854309, 21.9704265594, 24.3332443237, 217.240951538]],
        "icov": [[0.000265062699327, 0.000111007677333, 3.05965077132e-05, -0.000315506185871, 7.31396130504e-06, -0.00020717458392, 9.38814446272e-06, -0.000233544182265, 0.000110282504465, -0.000111017259769, 0.000272549630608, -0.00032541793189, 0.000281140353763], [0.000111007677333, 0.00170670473017, -0.000685200735461, 0.000736345769837, -0.000796110776719, 0.000837848638184, -0.00110398442484, 0.000810553261545, -0.00113684567623, 0.00162884360179, -0.0018350671744, 0.000947395223193, -0.00112722814083], [3.05965077132e-05, -0.000685200735461, 0.00158589228522, -0.00112046615686, 0.000572600576561, -0.0013863244094, 0.00044769293163, -0.000556449056603, 0.000146276594023, -0.000128763174871, 0.000438908900833, -0.00108427961823, 0.000282945140498], [-0.000315506185871, 0.000736345769837, -0.00112046615686, 0.00346955913119, -0.0011463300325, 0.000405463040806, -0.000432356318925, 0.000442954944447, -1.2192765098e-05, -0.000773367239162, -0.0011333366856, 0.00108042312786, -0.0015706717968], [7.31396130504e-06, -0.000796110776719, 0.000572600576561, -0.0011463300325, 0.00345184165053, -0.000692414236255, -0.000453212385764, -0.000762898183893, -0.000356191332685, -0.00189929513726, 0.000106485436845, 0.00152246514335, -0.000533432525117], [-0.00020717458392, 0.000837848638184, -0.0013863244094, 0.000405463040806, -0.000692414236255, 0.00565451290458, -0.00113524566405, -2.89870895358e-05, -0.00130565394647, -0.000397338269977, -0.000672296038829, 0.000403458980145, 0.000932635273784], [9.38814446272e-06, -0.00110398442484, 0.00044769293163, -0.000432356318925, -0.000453212385764, -0.00113524566405, 0.0059118247591, -0.000438751681941, -0.000426109880209, -0.000829867261928, -0.000255351129454, -0.00277239317074, -0.00106621906161], [-0.000233544182265, 0.000810553261545, -0.000556449056603, 0.000442954944447, -0.000762898183893, -2.89870895358e-05, -0.000438751681941, 0.00624520098791, -0.000464496464701, 0.00117789907381, -0.00334455189295, 0.000882010906935, -0.000939869729336], [0.000110282504465, -0.00113684567623, 0.000146276594023, -1.2192765098e-05, -0.000356191332685, -0.00130565394647, -0.000426109880209, -0.000464496464701, 0.00635792128742, -0.00222816248424, 0.00180675298907, -0.000752992928028, -0.000117171453894], [-0.000111017259769, 0.00162884360179, -0.000128763174871, -0.000773367239162, -0.00189929513726, -0.000397338269977, -0.000829867261928, 0.00117789907381, -0.00222816248424, 0.0110748372972, -0.000572124845348, -0.00156928563956, -0.00172600871883], [0.000272549630608, -0.0018350671744, 0.000438908900833, -0.0011333366856, 0.000106485436845, -0.000672296038829, -0.000255351129454, -0.00334455189295, 0.00180675298907, -0.000572124845348, 0.0109125925228, -0.00271802255884, 0.00258567952551], [-0.00032541793189, 0.000947395223193, -0.00108427961823, 0.00108042312786, 0.00152246514335, 0.000403458980145, -0.00277239317074, 0.000882010906935, -0.000752992928028, -0.00156928563956, -0.00271802255884, 0.0108826197684, -0.00161100574769], [0.000281140353763, -0.00112722814083, 0.000282945140498, -0.0015706717968, -0.000533432525117, 0.000932635273784, -0.00106621906161, -0.000939869729336, -0.000117171453894, -0.00172600871883, 0.00258567952551, -0.00161100574769, 0.00933677796274]]
    },
    "melbands": {
        "dmean": [0.00283818994649, 0.00150170887355, 0.000824940565508, 0.000369769899407, 0.000225795170991, 0.000159389048349, 0.000151010739501, 0.000128202838823, 0.00014534908405, 0.000126171609736, 0.000107993881102, 4.20601281803e-05, 3.34471951646e-05, 3.22088089888e-05, 3.56278069376e-05, 3.65048908861e-05, 4.33445093222e-05, 5.74592413614e-05, 8.19091656012e-05, 4.8643178161e-05, 1.84612872545e-05, 2.31655121752e-05, 1.61640655278e-05, 9.59131921263e-06, 9.45841293287e-06, 1.19027527035e-05, 9.72421366896e-06, 9.06362856767e-06, 8.98498910828e-06, 5.65961272514e-06, 4.76340164823e-06, 3.45148828274e-06, 3.26022086483e-06, 5.62379364055e-06, 6.85776694809e-06, 6.76846229908e-06, 4.53570328318e-06, 3.52545498572e-06, 2.68373855761e-06, 2.02598107535e-06],
        "dmean2": [0.00283548352309, 0.00260789343156, 0.00146001356188, 0.00063883443363, 0.000397519994294, 0.000287904666038, 0.000261309643975, 0.000206245618756, 0.000239681772655, 0.000196602937649, 0.000154657114763, 6.53406023048e-05, 5.24934221175e-05, 5.16174841323e-05, 5.77450300625e-05, 5.73787037865e-05, 6.93576366757e-05, 9.32387192734e-05, 0.000140034346259, 8.08614131529e-05, 3.00623705698e-05, 3.80538731406e-05, 2.65148610197e-05, 1.64234479598e-05, 1.54048666445e-05, 1.89758047782e-05, 1.57386020874e-05, 1.51313070091e-05, 1.47168038893e-05, 9.62078956945e-06, 8.10002529761e-06, 5.66090966458e-06, 5.44248587175e-06, 9.35521620704e-06, 1.16087157949e-05, 1.16308656288e-05, 7.67510937294e-06, 5.7725978877e-06, 4.39044561062e-06, 3.36080302077e-06],
        "dvar": [2.18965360546e-05, 2.44195380219e-05, 8.00153975433e-06, 1.1604570318e-06, 3.73953668031e-07, 2.48034524475e-07, 1.877678244e-07, 4.76739039357e-08, 9.84570860396e-08, 1.5734829617e-07, 7.1054905959e-08, 7.66760255289e-09, 3.03592262441e-09, 2.94180080296e-09, 5.13656805978e-09, 7.08593672627e-09, 1.04648414379e-08, 2.38550548204e-08, 7.39085663781e-08, 2.54263810007e-08, 2.80755307891e-09, 4.63200056089e-09, 2.00872452005e-09, 7.52064632792e-10, 7.77797715124e-10, 1.1357452756e-09, 7.4954797924e-10, 8.78418338068e-10, 1.07401765259e-09, 4.34678071315e-10, 2.94033464243e-10, 1.1228689506e-10, 7.27334928396e-11, 1.62331398323e-10, 2.54895882179e-10, 3.39654082637e-10, 1.05411436524e-10, 5.72056811643e-11, 3.48964537822e-11, 2.46731957781e-11],
        "dvar2": [2.55786344496e-05, 6.82706522639e-05, 2.26857973757e-05, 3.17239346259e-06, 1.06413870071e-06, 7.17793909644e-07, 5.30556633294e-07, 1.16007598194e-07, 2.54895724083e-07, 3.32895893962e-07, 1.05343126222e-07, 1.71341252297e-08, 7.17060988364e-09, 7.21931403547e-09, 1.2507979541e-08, 1.71265579496e-08, 2.35277806127e-08, 5.64328637154e-08, 1.8779077493e-07, 6.06970900208e-08, 6.02145178163e-09, 1.10694795552e-08, 5.01788610663e-09, 1.97796579116e-09, 1.95783744772e-09, 2.73255440497e-09, 1.88724924577e-09, 2.13524353754e-09, 2.4859450054e-09, 1.08430153745e-09, 7.36709804272e-10, 2.51118043026e-10, 1.80889234147e-10, 3.98633293042e-10, 6.51672882324e-10, 8.95267304735e-10, 2.72489891762e-10, 1.39189659798e-10, 7.80346204321e-11, 5.66162915161e-11],
        "max": [0.048056140542, 0.035255946219, 0.0218667853624, 0.00791702978313, 0.00580204417929, 0.00411614216864, 0.00487587787211, 0.00310435285792, 0.0049687223509, 0.00959285162389, 0.00726496428251, 0.00128798605874, 0.000550526252482, 0.000576026679482, 0.000745788798667, 0.00181920966133, 0.00100968091283, 0.00129913340788, 0.00215867627412, 0.00132358842529, 0.000442631746409, 0.000602192129008, 0.000431235734141, 0.000217509528738, 0.000252395926509, 0.000306422938593, 0.000260753877228, 0.00028176716296, 0.000296554644592, 0.000177644280484, 0.000188325066119, 8.72358796187e-05, 6.89889202476e-05, 0.000104559585452, 0.000141743439599, 0.000194169435417, 8.59632855281e-05, 6.3188803324e-05, 6.35835313005e-05, 6.81155215716e-05],
        "mean": [0.0150130670518, 0.00233921245672, 0.000882901134901, 0.00046095091966, 0.000272790930467, 0.000168581667822, 0.000177672845894, 0.000202806986636, 0.000218618122744, 0.000183143682079, 0.000173529959284, 6.44318351988e-05, 4.41320116806e-05, 4.06113249483e-05, 3.87959407817e-05, 4.08699852414e-05, 4.58021531813e-05, 5.29104145244e-05, 6.518966984e-05, 4.12932240579e-05, 1.87108253158e-05, 2.11285623664e-05, 1.54340632434e-05, 8.79254912434e-06, 8.53952951729e-06, 1.13182832138e-05, 8.94593904377e-06, 7.33851129553e-06, 7.04342892277e-06, 4.17438968725e-06, 3.50375376001e-06, 2.84322868538e-06, 2.72163219961e-06, 5.34446235179e-06, 6.19305819782e-06, 5.62759214517e-06, 4.06014760301e-06, 3.53948234988e-06, 2.84674433715e-06, 1.9753244942e-06],
        "median": [0.00621554302052, 0.000594856450334, 0.000218204208068, 0.000163605320267, 0.00012507775682, 6.2315397372e-05, 7.14034831617e-05, 8.58594212332e-05, 9.26678039832e-05, 4.75133601867e-05, 6.74449765938e-05, 3.22028536175e-05, 1.68965707417e-05, 1.68292554008e-05, 1.14023441711e-05, 9.90808712231e-06, 7.85700649431e-06, 5.77668879487e-06, 4.68112693852e-06, 4.3240092964e-06, 3.08280823447e-06, 2.6344730486e-06, 2.56506109508e-06, 1.78125719685e-06, 1.42589658481e-06, 1.72427041889e-06, 1.36505900628e-06, 4.23264594929e-07, 1.22119814705e-07, 5.86237725031e-08, 4.46739747417e-08, 7.55341034164e-08, 2.75945296835e-07, 7.04167064214e-07, 9.06244508769e-07, 6.26999167253e-07, 6.89699106715e-07, 6.80119342178e-07, 5.07681249928e-07, 2.56992365166e-07],
        "min": [1.3214628003e-10, 2.89277712895e-09, 1.95492289023e-09, 8.79924022534e-10, 3.16028647696e-10, 4.85684936713e-10, 5.54174373057e-10, 4.11284728496e-10, 1.50818779687e-09, 2.07740469271e-09, 9.72662728138e-10, 3.80849268788e-10, 6.66485130973e-11, 5.41249024766e-11, 1.30405589105e-10, 4.51181675354e-10, 5.45446798839e-10, 1.29574073693e-10, 3.33827410159e-11, 2.6737030992e-11, 6.24653176406e-11, 2.72400279416e-11, 9.66023441795e-12, 2.75364141211e-11, 1.17463547569e-11, 1.2569777684e-11, 2.44179797909e-11, 1.34642323332e-11, 6.45267216395e-12, 2.43952124127e-12, 1.15230459723e-12, 2.18900527045e-12, 3.46609589988e-12, 3.28929483477e-12, 2.76422851622e-12, 2.92777195716e-12, 1.68578193939e-12, 1.93262615113e-12, 1.31103689103e-12, 1.11774825506e-12],
        "stdev": [0.0162799563259, 0.00448098219931, 0.00233735470101, 0.000961962738074, 0.000529038894456, 0.000403853162425, 0.000375483039534, 0.000323795859003, 0.000376586947823, 0.000517620239407, 0.000437701120973, 0.000107826570456, 6.58062926959e-05, 6.32816008874e-05, 7.36298025004e-05, 9.51613401412e-05, 0.000105317885755, 0.000147384373122, 0.000236105013755, 0.000146182515891, 5.40082910447e-05, 6.37002740405e-05, 4.09084314015e-05, 2.35532006627e-05, 2.50955927186e-05, 3.16027690133e-05, 2.51835699601e-05, 2.68435233011e-05, 3.04172881442e-05, 1.82791372936e-05, 1.49762672663e-05, 1.02078229247e-05, 7.92711580289e-06, 1.24398893604e-05, 1.48682893268e-05, 1.62268443091e-05, 9.47019088926e-06, 7.74301042838e-06, 6.5618392e-06, 5.34536457053e-06],
        "var": [0.000265036971541, 2.00792019314e-05, 5.46322735318e-06, 9.25372262373e-07, 2.79882129917e-07, 1.630973685e-07, 1.40987523878e-07, 1.04843756787e-07, 1.41817736221e-07, 2.67930715836e-07, 1.91582273601e-07, 1.1626569929e-08, 4.33046842829e-09, 4.00456068306e-09, 5.42134737103e-09, 9.05568064979e-09, 1.10918563223e-08, 2.17221529653e-08, 5.57455805961e-08, 2.13693294171e-08, 2.91689539189e-09, 4.05772482281e-09, 1.67349967217e-09, 5.54753298854e-10, 6.29788776685e-10, 9.98735094626e-10, 6.34212182771e-10, 7.20574766522e-10, 9.25211462999e-10, 3.34126865065e-10, 2.24288587702e-10, 1.04199648909e-10, 6.28391644275e-11, 1.54750851022e-10, 2.21066040473e-10, 2.63310456772e-10, 8.96845098186e-11, 5.99542082647e-11, 4.30577344612e-11, 2.85729235411e-11]
    },
    "melbands128": {
