{
"lowlevel": {
    "average_loudness": 0.929708719254,
    "barkbands_crest": {
        "dmean": 2.25139951706,
        "dmean2": 3.55538868904,
        "dvar": 4.67063522339,
        "dvar2": 11.1834173203,
        "max": 25.862033844,
        "mean": 10.7895326614,
        "median": 9.97814464569,
        "min": 3.32207345963,
        "stdev": 4.48839759827,
        "var": 20.1457118988
    },
    "barkbands_flatness_db": {
        "dmean": 0.0153268603608,
        "dmean2": 0.0218980740756,
        "dvar": 0.000240560999373,
        "dvar2": 0.000431510707131,
        "max": 0.319110840559,
        "mean": 0.162867128849,
        "median": 0.163215532899,
        "min": 0.0484145432711,
        "stdev": 0.044387947768,
        "var": 0.00197028997354
    },
    "barkbands_kurtosis": {
        "dmean": 1.6433545351,
        "dmean2": 2.4638364315,
        "dvar": 5.97485256195,
        "dvar2": 11.7884092331,
        "max": 58.9985809326,
        "mean": 3.14148855209,
        "median": 1.39740562439,
        "min": -1.80862271786,
        "stdev": 5.95804595947,
        "var": 35.4983100891
    },
    "barkbands_skewness": {
        "dmean": 0.36119133234,
        "dmean2": 0.515403449535,
        "dvar": 0.134973049164,
        "dvar2": 0.287876874208,
        "max": 5.91308450699,
        "mean": 0.925708055496,
        "median": 0.812097012997,
        "min": -1.88592541218,
        "stdev": 1.14132153988,
        "var": 1.30261480808
    },
    "barkbands_spread": {
        "dmean": 3.67974185944,
        "dmean2": 5.35468864441,
        "dvar": 37.0158653259,
        "dvar2": 66.698425293,
        "max": 87.5076446533,
        "mean": 17.6732997894,
        "median": 14.4793748856,
        "min": 1.42058205605,
        "stdev": 13.2534685135,
        "var": 175.654418945
    },
    "dissonance": {
        "dmean": 0.0315554477274,
        "dmean2": 0.0535203926265,
        "dvar": 0.00121797691099,
        "dvar2": 0.00325533328578,
        "max": 0.499908477068,
        "mean": 0.435455262661,
        "median": 0.446277111769,
        "min": 0.00378208607435,
        "stdev": 0.0434315465391,
        "var": 0.00188629922923
    },
    "dynamic_complexity": 3.15561914444,
    "erbbands_crest": {
        "dmean": 2.74823498726,
        "dmean2": 4.2354221344,
        "dvar": 6.49558639526,
        "dvar2": 14.9578123093,
        "max": 30.6886997223,
        "mean": 12.4951448441,
        "median": 11.0547332764,
        "min": 3.0216319561,
        "stdev": 5.54396772385,
        "var": 30.7355766296
    },
    "erbbands_flatness_db": {
        "dmean": 0.0156380459666,
        "dmean2": 0.0213848073035,
        "dvar": 0.000269990821835,
        "dvar2": 0.000417149509303,
        "max": 0.369154572487,
        "mean": 0.210329860449,
        "median": 0.207293048501,
        "min": 0.0714635401964,
        "stdev": 0.0543681792915,
        "var": 0.0029558991082
    },
    "erbbands_kurtosis": {
        "dmean": 1.12053322792,
        "dmean2": 1.71034181118,
        "dvar": 2.65397453308,
        "dvar2": 5.13838434219,
        "max": 38.9015960693,
        "mean": 1.77141678333,
        "median": 0.673076152802,
        "min": -1.77049541473,
        "stdev": 4.02081537247,
        "var": 16.1669559479
    },
    "erbbands_skewness": {
        "dmean": 0.327995121479,
        "dmean2": 0.489244371653,
        "dvar": 0.0925206691027,
        "dvar2": 0.194268330932,
        "max": 5.58151578903,
        "mean": 0.531147539616,
        "median": 0.444102823734,
        "min": -2.37753367424,
        "stdev": 0.927991807461,
        "var": 0.86116874218
    },
    "erbbands_spread": {
        "dmean": 5.34593915939,
        "dmean2": 7.86798381805,
        "dvar": 67.1341018677,
        "dvar2": 115.599365234,
        "max": 126.515899658,
        "mean": 27.0551891327,
        "median": 22.8925476074,
        "min": 2.66097474098,
        "stdev": 19.637544632,
        "var": 385.633178711
    },
    "hfc": {
        "dmean": 5.20033359528,
        "dmean2": 7.27772712708,
        "dvar": 38.2393722534,
        "dvar2": 74.3062667847,
        "max": 101.932136536,
        "mean": 24.0790863037,
        "median": 20.7740535736,
        "min": 1.16807947774e-16,
        "stdev": 19.1039676666,
        "var": 364.961608887
    },
    "loudness_ebu128": {
        "integrated": -10.3174152374,
        "loudness_range": 3.63327407837,
        "momentary": {
            "dmean": 0.687677502632,
            "dmean2": 0.630171179771,
            "dvar": 0.470963358879,
            "dvar2": 0.533479452133,
            "max": -4.98789072037,
            "mean": -11.0116147995,
            "median": -10.8971977234,
            "min": -18.6806278229,
            "stdev": 2.5754172802,
            "var": 6.63277387619
        },
        "short_term": {
            "dmean": 0.111954949796,
            "dmean2": 0.0747732073069,
            "dvar": 0.0102616539225,
            "dvar2": 0.0055011017248,
            "max": -8.13391399384,
            "mean": -10.4819583893,
            "median": -10.2062940598,
            "min": -13.7588100433,
            "stdev": 1.28681862354,
            "var": 1.65590214729
        }
    },
    "melbands_crest": {
        "dmean": 2.51373648643,
        "dmean2": 3.87213945389,
        "dvar": 6.19696044922,
        "dvar2": 13.7381334305,
        "max": 31.0340747833,
        "mean": 12.6382246017,
        "median": 11.7786369324,
        "min": 2.50094246864,
        "stdev": 4.76476716995,
        "var": 22.703004837
    },
    "melbands_flatness_db": {
        "dmean": 0.0159326773137,
        "dmean2": 0.0223077237606,
        "dvar": 0.000260559754679,
        "dvar2": 0.000449203827884,
        "max": 0.381854742765,
        "mean": 0.212548494339,
        "median": 0.21130259335,
        "min": 0.00666536996141,
        "stdev": 0.0485196262598,
        "var": 0.00235415413044
    },
    "melbands_kurtosis": {
        "dmean": 2.69376921654,
        "dmean2": 4.1283121109,
        "dvar": 16.5864562988,
        "dvar2": 34.3338775635,
        "max": 71.4317550659,
        "mean": 6.56919002533,
        "median": 3.47293949127,
        "min": -1.43101561069,
        "stdev": 9.19265460968,
        "var": 84.5048904419
    },
    "melbands_skewness": {
        "dmean": 0.414623051882,
        "dmean2": 0.606985449791,
        "dvar": 0.199824184179,
        "dvar2": 0.403866142035,
        "max": 5.6866812706,
        "mean": 1.45394647121,
        "median": 1.34860754013,
        "min": -0.991145014763,
        "stdev": 1.33570301533,
        "var": 1.7841026783
    },
    "melbands_spread": {
        "dmean": 4.72223234177,
        "dmean2": 6.7829413414,
        "dvar": 42.9920082092,
        "dvar2": 70.4151611328,
        "max": 137.57131958,
        "mean": 24.1241569519,
        "median": 20.372253418,
        "min": 1.9281771183,
        "stdev": 15.5578289032,
        "var": 242.046035767
    },
    "pitch_salience": {
        "dmean": 0.0547411888838,
        "dmean2": 0.0845844894648,
        "dvar": 0.00224013766274,
        "dvar2": 0.00516000203788,
        "max": 0.947014808655,
        "mean": 0.561080873013,
        "median": 0.565209984779,
        "min": 0.190053448081,
        "stdev": 0.10601580143,
        "var": 0.0112393507734
    },
    "silence_rate_20dB": {
        "dmean": 0,
        "dmean2": 0,
        "dvar": 0,
        "dvar2": 0,
        "max": 1,
        "mean": 1,
        "median": 1,
        "min": 1,
        "stdev": 0,
        "var": 0
    },
    "silence_rate_30dB": {
        "dmean": 0.0030959751457,
        "dmean2": 0.00619674660265,
        "dvar": 0.00308635598049,
        "dvar2": 0.00925654359162,
        "max": 1,
        "mean": 0.997679829597,
        "median": 1,
        "min": 0,
        "stdev": 0.048113130033,
        "var": 0.00231487327255
    },
    "silence_rate_60dB": {
        "dmean": 0.0131578948349,
        "dmean2": 0.0263361725956,
        "dvar": 0.0129851102829,
        "dvar2": 0.0287414807826,
        "max": 1,
        "mean": 0.0425367355347,
        "median": 0,
        "min": 0,
        "stdev": 0.201807975769,
        "var": 0.0407264567912
    },
    "spectral_centroid": {
        "dmean": 170.773971558,
        "dmean2": 239.359344482,
        "dvar": 93445.03125,
        "dvar2": 109590.46875,
        "max": 11227,
        "mean": 1389.91821289,
        "median": 1343.9317627,
        "min": 293.410247803,
        "stdev": 620.152648926,
        "var": 384589.34375
    },
    "spectral_complexity": {
        "dmean": 2.04411768913,
        "dmean2": 3.18280410767,
        "dvar": 3.87343883514,
        "dvar2": 8.1385269165,
        "max": 28,
        "mean": 14.3472547531,
        "median": 15,
        "min": 0,
        "stdev": 4.46184444427,
        "var": 19.9080543518
    },
    "spectral_decrease": {
        "dmean": 1.16567255848e-09,
        "dmean2": 1.67055469458e-09,
        "dvar": 2.00679992985e-18,
        "dvar2": 3.66870442176e-18,
        "max": -4.84076412805e-29,
        "mean": -5.65430235966e-09,
        "median": -4.870105208e-09,
        "min": -2.84099499481e-08,
        "stdev": 4.24333634896e-09,
        "var": 1.80059021379e-17
    },
    "spectral_energy": {
        "dmean": 0.00479901116341,
        "dmean2": 0.00687991874292,
        "dvar": 3.40624646924e-05,
        "dvar2": 6.22908992227e-05,
        "max": 0.116471119225,
        "mean": 0.0235246997327,
        "median": 0.0199059695005,
        "min": 1.07775308792e-20,
        "stdev": 0.017555270344,
        "var": 0.000308187532937
    },
    "spectral_energyband_high": {
        "dmean": 0.000119348282169,
        "dmean2": 0.000169994775206,
        "dvar": 8.72311147759e-08,
        "dvar2": 1.69518855841e-07,
        "max": 0.00499047990888,
        "mean": 0.000292138953228,
        "median": 0.000148052538862,
        "min": 7.70187141334e-21,
        "stdev": 0.000485994882183,
        "var": 2.36191027625e-07
    },
    "spectral_energyband_low": {
        "dmean": 0.000481992727146,
        "dmean2": 0.000659199315123,
        "dvar": 1.21165612654e-06,
        "dvar2": 2.15004502024e-06,
        "max": 0.0194733217359,
        "mean": 0.00262727425434,
        "median": 0.00124821695499,
        "min": 1.17686990385e-22,
        "stdev": 0.00353099242784,
        "var": 1.24679072542e-05
    },
    "spectral_energyband_middle_high": {
        "dmean": 0.00329145602882,
        "dmean2": 0.00458251824602,
        "dvar": 2.75649799732e-05,
        "dvar2": 5.0021950301e-05,
        "max": 0.114355266094,
        "mean": 0.0131948152557,
        "median": 0.00606159493327,
        "min": 1.67867863875e-21,
        "stdev": 0.0168708730489,
        "var": 0.000284626352368
    },
    "spectral_energyband_middle_low": {
        "dmean": 0.00270622130483,
        "dmean2": 0.00378761440516,
        "dvar": 1.81240266102e-05,
        "dvar2": 2.92504737445e-05,
        "max": 0.0828533321619,
        "mean": 0.00827332679182,
        "median": 0.00600309157744,
        "min": 3.18271271222e-22,
        "stdev": 0.00787063501775,
        "var": 6.19468919467e-05
    },
    "spectral_entropy": {
        "dmean": 0.149117693305,
        "dmean2": 0.21036170423,
        "dvar": 0.0265388935804,
        "dvar2": 0.0380939021707,
        "max": 9.80831718445,
        "mean": 7.03174257278,
        "median": 6.9955291748,
        "min": 5.56706047058,
        "stdev": 0.463967561722,
        "var": 0.215265899897
    },
    "spectral_flux": {
        "dmean": 0.0254814513028,
        "dmean2": 0.0410329066217,
        "dvar": 0.000657263735775,
        "dvar2": 0.00169124593958,
        "max": 0.310567766428,
        "mean": 0.0726793929935,
        "median": 0.0654105246067,
        "min": 1.03814887242e-10,
        "stdev": 0.0392790809274,
        "var": 0.00154284620658
    },
    "spectral_kurtosis": {
        "dmean": 2.08573889732,
        "dmean2": 3.60768580437,
        "dvar": 3.77856755257,
        "dvar2": 10.8441772461,
        "max": 26.6818981171,
        "mean": 6.70687866211,
        "median": 6.46955490112,
        "min": -1.22398459911,
        "stdev": 3.19911456108,
        "var": 10.234333992
    },
    "spectral_rms": {
        "dmean": 0.000497625151183,
        "dmean2": 0.000693066569511,
        "dvar": 3.04808082774e-07,
        "dvar2": 4.62146203972e-07,
        "max": 0.0106597542763,
        "mean": 0.00446563819423,
        "median": 0.00440686475486,
        "min": 3.24263229115e-12,
        "stdev": 0.00173465022817,
        "var": 3.00901160699e-06
    },
    "spectral_rolloff": {
        "dmean": 393.097320557,
        "dmean2": 650.90222168,
        "dvar": 1002637.75,
        "dvar2": 1734791.625,
        "max": 18733.8867188,
        "mean": 1695.140625,
        "median": 1335.05859375,
        "min": 193.798828125,
        "stdev": 1608.95739746,
        "var": 2588744
    },
    "spectral_skewness": {
        "dmean": 0.242081746459,
        "dmean2": 0.398810654879,
        "dvar": 0.0505398549139,
        "dvar2": 0.118236891925,
        "max": 3.57646965981,
        "mean": 1.82126057148,
        "median": 1.82856571674,
        "min": -0.0285971891135,
        "stdev": 0.428897678852,
        "var": 0.183953225613
    },
    "spectral_spread": {
        "dmean": 466190.71875,
        "dmean2": 654307.5625,
        "dvar": 1.52443486208e+12,
        "dvar2": 1.6915356713e+12,
        "max": 40375744,
        "mean": 3907240,
        "median": 3321290.75,
        "min": 2063544.625,
        "stdev": 2191817.25,
        "var": 4.80406247834e+12
    },
    "spectral_strongpeak": {
        "dmean": 0.815934479237,
        "dmean2": 1.29398858547,
        "dvar": 1.05302917957,
        "dvar2": 2.45686078072,
        "max": 10.4980268478,
        "mean": 2.57581019402,
        "median": 1.59218990803,
        "min": 6.24039531161e-09,
        "stdev": 2.49378252029,
        "var": 6.21895074844
    },
    "zerocrossingrate": {
        "dmean": 0.00807780493051,
        "dmean2": 0.00924292579293,
        "dvar": 0.000362400634913,
        "dvar2": 0.000396052229917,
        "max": 0.49755859375,
        "mean": 0.0589838474989,
        "median": 0.052734375,
        "min": 0.00830078125,
        "stdev": 0.0365307889879,
        "var": 0.00133449863642
    },
    "barkbands": {
        "dmean": [9.31992326514e-06, 0.000171732739545, 0.000299883628031, 0.000238304535742, 0.000539343280252, 0.000682703510392, 0.000438634684542, 0.000453297107015, 0.00114901456982, 0.00134370371234, 0.000658228993416, 0.000949606881477, 0.00107105332427, 0.000513713341206, 0.000168722501257, 0.0001161714099, 0.00015283828543, 0.000148699531564, 0.000250958430115, 7.23831399227e-05, 2.25224230235e-05, 7.70729366195e-06, 2.33119317272e-05, 3.12299453071e-05, 2.51724995906e-05, 7.51596417103e-06, 1.27551095375e-06],
        "dmean2": [1.52315378728e-05, 0.000265146925813, 0.000390605360735, 0.000388836517232, 0.000815057836007, 0.000995618407615, 0.00059787457576, 0.000647395150736, 0.00161184719764, 0.00185548746958, 0.000954490387812, 0.00132673000917, 0.00165890762582, 0.000794840103481, 0.000252575264312, 0.000181105016964, 0.000225716808927, 0.000218774861423, 0.000382782454835, 0.000107099622255, 3.29293143295e-05, 1.15766370072e-05, 3.2816104067e-05, 4.75744018331e-05, 3.6249650293e-05, 1.09100037662e-05, 2.02617138712e-06],
        "dvar": [6.31742824719e-10, 1.55102313215e-07, 4.51305453453e-07, 3.37670599038e-07, 1.01237390027e-06, 1.0945162785e-06, 8.56883445977e-07, 2.22994481192e-06, 8.83255688677e-06, 1.65268847923e-05, 3.39076450473e-06, 5.29670342075e-06, 5.69490293856e-06, 1.47294417729e-06, 2.63872152573e-07, 8.53371986409e-08, 8.1320955303e-08, 8.98316798725e-08, 2.01506381359e-07, 1.98568024246e-08, 2.45413533939e-09, 1.13696108084e-09, 1.18950813643e-08, 1.17248468712e-08, 1.32791395657e-08, 1.12564468857e-09, 3.43706209327e-11],
        "dvar2": [1.67043090471e-09, 3.51593826053e-07, 8.18891408016e-07, 9.78043999567e-07, 2.81197594632e-06, 2.15836598727e-06, 1.96539190256e-06, 4.3326094783e-06, 1.64719222084e-05, 2.89560557576e-05, 5.99362510911e-06, 9.84106281976e-06, 1.41112468555e-05, 3.23517178913e-06, 5.70675013023e-07, 1.93244673596e-07, 1.74015738708e-07, 1.82717101893e-07, 4.49314939033e-07, 3.84123133301e-08, 5.01472552372e-09, 1.98414684682e-09, 2.34489636597e-08, 2.42001334527e-08, 2.67262070253e-08, 2.0829760139e-09, 7.86934961639e-11],
        "max": [0.000410426961025, 0.00485536176711, 0.013028582558, 0.00827770493925, 0.0147456489503, 0.0240544341505, 0.0186627879739, 0.024643311277, 0.055095653981, 0.1109194085, 0.0289406068623, 0.03983765468, 0.0345738381147, 0.0187002383173, 0.00682984851301, 0.00349237443879, 0.00374808814377, 0.00408360268921, 0.00778515730053, 0.00365218590014, 0.00103060354013, 0.00110254215542, 0.002673774492, 0.00226515578106, 0.00186255516019, 0.000636182609014, 8.8635199063e-05],
        "mean": [1.68448732438e-05, 0.000639786478132, 0.0015378985554, 0.000754686712753, 0.00142580666579, 0.00164101202972, 0.000877296552062, 0.000689417123795, 0.00211409735493, 0.004190527834, 0.00120278482791, 0.00223188218661, 0.00267949909903, 0.00121629179921, 0.000270798424026, 0.000196541965124, 0.000347881228663, 0.000295686360914, 0.000799816974904, 0.000181986310054, 4.47298007202e-05, 1.2107281691e-05, 3.97283256461e-05, 5.86903952353e-05, 4.45153164037e-05, 1.27758112285e-05, 1.62303956586e-06],
        "median": [2.73548016594e-06, 0.000199318601517, 0.000633548945189, 0.000224183721002, 0.000815748528112, 0.000937189441174, 0.000426534883445, 9.67053128988e-05, 0.00048258312745, 0.000190791630303, 0.00020132723148, 0.000180981092853, 0.000168298254721, 0.00016248213069, 3.92126603401e-05, 5.68636314711e-05, 7.640630065e-05, 0.000137627634103, 0.000274558580713, 6.12307703705e-05, 1.47141763591e-05, 3.67481766261e-06, 1.53648870764e-05, 2.1165695216e-05, 5.74909881834e-06, 3.08580524688e-06, 3.74454629082e-07],
        "min": [5.41148294235e-23, 6.18962480559e-23, 1.18198437308e-23, 2.02316663562e-23, 4.26215267758e-23, 6.57440149399e-23, 2.03096247463e-23, 3.36804226593e-23, 1.34911168716e-22, 1.56810796259e-23, 8.24449449881e-23, 1.46344413805e-22, 6.92598417767e-23, 4.36331525343e-23, 1.28094261913e-22, 2.78527247127e-22, 1.93428592986e-22, 2.57224064692e-22, 1.98701225681e-22, 3.52788643747e-22, 4.55866889422e-22, 5.92242234465e-22, 6.57603992654e-22, 9.46382064414e-22, 1.11873330375e-21, 1.53495075666e-21, 2.56160488341e-21],
        "stdev": [3.39615035045e-05, 0.000937170814723, 0.00221426179633, 0.00121538573876, 0.00173345685471, 0.00254339235835, 0.00131488475017, 0.00214100885205, 0.00476893316954, 0.0135432519019, 0.00282783643343, 0.00486260186881, 0.00586131261662, 0.00268207583576, 0.000730534782633, 0.000409388012486, 0.000607756839599, 0.000469408987556, 0.00120480766054, 0.000291145785013, 9.36832657317e-05, 4.55411936855e-05, 0.000132909030071, 0.000154654218932, 0.000172651809407, 5.0606973673e-05, 7.03230443833e-06],
        "var": [1.15338361084e-09, 8.78289142747e-07, 4.90295542477e-06, 1.47716241372e-06, 3.00487272398e-06, 6.46884473099e-06, 1.72892202954e-06, 4.58391878055e-06, 2.27427226491e-05, 0.000183419673704, 7.99665849627e-06, 2.36448977375e-05, 3.43549836543e-05, 7.19353056411e-06, 5.33681031811e-07, 1.67598543044e-07, 3.69368365227e-07, 2.20344787749e-07, 1.45156138842e-06, 8.47658725434e-08, 8.77655370601e-09, 2.07400030483e-09, 1.76648118355e-08, 2.39179271944e-08, 2.9808646218e-08, 2.56106580387e-09, 4.94533025641e-11]
    },
    "erbbands": {
        "dmean": [0.00339621352032, 0.0467420481145, 0.253042250872, 0.605112195015, 1.05153596401, 2.23804950714, 4.044008255, 5.47020864487, 6.98773908615, 5.05995368958, 13.6490106583, 26.9952106476, 39.1590881348, 31.9367256165, 26.7163677216, 36.8066825867, 49.1787261963, 18.6673755646, 17.4750804901, 8.29272460938, 5.46135568619, 7.77328634262, 5.31099462509, 12.3232736588, 9.06285095215, 3.36172485352, 1.34969830513, 0.417943149805, 0.250008076429, 0.360273033381, 0.769397675991, 0.819194972515, 0.426244527102, 0.381003022194, 0.123950250447, 0.0388750210404, 0.0124948341399, 0.00352150690742, 0.000129565014504, 7.78361754783e-06],
        "dmean2": [0.00502958009019, 0.0727362334728, 0.346842199564, 0.896462142467, 1.72077512741, 3.27890324593, 5.94351625443, 7.8044462204, 8.96360874176, 7.52793741226, 19.5091896057, 36.0195388794, 53.2107543945, 43.6712112427, 37.310634613, 49.8232421875, 76.4871673584, 27.9917182922, 25.8354434967, 12.0179834366, 8.10088253021, 11.4601545334, 7.9093875885, 17.8300971985, 13.8342914581, 4.95541954041, 1.92262685299, 0.605926454067, 0.369015514851, 0.54377412796, 1.11169672012, 1.25800645351, 0.619346380234, 0.547005236149, 0.179635673761, 0.0560930632055, 0.0186968743801, 0.00549103179947, 0.000199760790565, 1.12800862553e-05],
        "dvar": [7.43079726817e-05, 0.0114276502281, 0.373239129782, 1.68739795685, 5.36985874176, 23.197971344, 33.9732208252, 108.060791016, 202.531478882, 215.026870728, 1782.98010254, 5334.86572266, 12924.7578125, 9627.12402344, 5167.53320312, 4670.32617188, 12162.2890625, 1860.94348145, 1754.65649414, 743.26385498, 157.605758667, 237.616409302, 90.7113342285, 442.091705322, 420.751068115, 42.2235412598, 7.30145835876, 0.807899594307, 1.15459167957, 3.39997982979, 13.4272851944, 8.72905921936, 2.61070108414, 3.03073763847, 0.382806301117, 0.0359089337289, 0.00297118793242, 0.000242127265665, 3.89733685324e-07, 1.65563410204e-10],
        "dvar2": [0.000153993445565, 0.026004659012, 0.715155124664, 3.9261701107, 15.8929109573, 66.5614929199, 81.1991119385, 201.076324463, 381.194274902, 502.917358398, 3492.46557617, 9584.01269531, 19721.3125, 14941.8046875, 9353.30566406, 7720.56103516, 32488.1699219, 3826.54736328, 3371.57348633, 1519.26452637, 316.093841553, 522.105957031, 198.981201172, 939.764892578, 976.949584961, 86.7829971313, 14.0155935287, 1.65228915215, 2.20615005493, 5.27434444427, 28.1845550537, 21.4377098083, 4.60409069061, 6.41607236862, 0.800237178802, 0.0715313926339, 0.0056252409704, 0.000464554759674, 8.73703015714e-07, 3.39767103341e-10],
        "max": [0.130805954337, 1.40164971352, 10.763794899, 25.0264129639, 34.232711792, 73.3657836914, 90.1318130493, 281.926757812, 325.101593018, 257.505004883, 740.137512207, 1726.76525879, 3044.28833008, 2212.79833984, 1507.5501709, 1106.8807373, 1592.86083984, 655.412719727, 688.348449707, 466.792144775, 220.915649414, 212.309906006, 212.260574341, 301.37210083, 342.605072021, 150.96156311, 49.29920578, 17.8941478729, 36.7489051819, 50.3622016907, 83.5892868042, 54.6926841736, 43.6292991638, 28.6337528229, 14.7661514282, 3.57284545898, 0.98388081789, 0.292079627514, 0.0107293631881, 0.000227541575441],
        "mean": [0.0138571904972, 0.180593982339, 1.39390015602, 2.50202798843, 2.93730163574, 5.42830896378, 9.28999710083, 14.2133197784, 15.4939365387, 9.94406890869, 23.0384368896, 48.2849197388, 112.826599121, 76.7393341064, 54.5642204285, 99.7740020752, 139.884048462, 42.6786613464, 42.054523468, 14.8786506653, 12.1395521164, 18.7355556488, 16.2210502625, 40.4930839539, 24.5020008087, 8.78593540192, 3.41479277611, 0.864664316177, 0.417523056269, 0.612997531891, 1.2976616621, 1.46734845638, 0.793874800205, 0.670107007027, 0.205848872662, 0.0616267025471, 0.021640593186, 0.00558791542426, 0.000187230107258, 3.29653666995e-05],
        "median": [0.00436847563833, 0.0656639263034, 0.582027316093, 1.07068860531, 1.28978979588, 3.13407993317, 6.17422819138, 7.84892177582, 7.97622680664, 3.27531433105, 6.14478635788, 12.5236692429, 11.060552597, 15.0791826248, 14.2813634872, 16.4050731659, 14.1977291107, 9.44007873535, 6.47354364395, 3.6362798214, 3.73617339134, 4.81400823593, 7.95242357254, 17.5541419983, 9.8026008606, 4.28483533859, 1.2188256979, 0.421543121338, 0.143268555403, 0.164184838533, 0.514722645283, 0.52505928278, 0.260153025389, 0.0976820364594, 0.0289812348783, 0.0125650288537, 0.00483190082014, 0.0014413879253, 5.3634543292e-05, 2.87083730655e-05],
        "min": [3.53316870058e-21, 7.57433696499e-21, 1.50411679153e-20, 3.40063287914e-20, 1.5101917869e-19, 1.42527045253e-19, 2.86330662836e-19, 5.21606239001e-19, 3.13575691618e-19, 5.62682063666e-19, 7.14560075552e-19, 2.7629253142e-18, 1.79330357978e-18, 1.87445661531e-18, 3.54832069131e-18, 5.88336925608e-18, 3.72877427784e-18, 2.73437434817e-18, 2.31040044367e-18, 1.59316971211e-17, 1.13521704784e-17, 1.07772551373e-17, 1.33172893976e-17, 1.05496406753e-17, 1.34043261688e-17, 1.8086988999e-17, 1.56959655358e-17, 1.9679141279e-17, 2.1164216683e-17, 1.98680312806e-17, 1.88092500227e-17, 2.01105391295e-17, 1.39472908316e-17, 1.08150903785e-17, 9.19597945517e-18, 4.88191409617e-18, 3.28060988991e-18, 1.55472463199e-18, 3.23783875858e-19, 3.50672525505e-20],
        "stdev": [0.0211453847587, 0.256620079279, 1.94360589981, 3.57921624184, 4.31923961639, 7.12420082092, 10.0408143997, 26.8624725342, 23.8955364227, 23.5601768494, 61.9594573975, 108.388237, 334.894958496, 216.406585693, 141.330764771, 169.318969727, 273.986999512, 75.8345794678, 94.7777557373, 36.1676750183, 23.6090488434, 31.6318054199, 21.5604629517, 56.2975006104, 36.9962272644, 13.1015558243, 5.78816986084, 1.46064150333, 1.44655072689, 2.57864332199, 4.23539543152, 3.5633494854, 2.51432991028, 2.56835031509, 0.84011220932, 0.264796644449, 0.083324983716, 0.0223093628883, 0.000759209506214, 2.52794943663e-05],
        "var": [0.000447127298685, 0.0658538714051, 3.77760386467, 12.8107881546, 18.6558322906, 50.754234314, 100.817947388, 721.592407227, 570.996643066, 555.08190918, 3838.97436523, 11748.0097656, 112154.640625, 46831.8125, 19974.3867188, 28668.9121094, 75068.875, 5750.88330078, 8982.82226562, 1308.10070801, 557.387207031, 1000.57116699, 464.853546143, 3169.40844727, 1368.72094727, 171.650772095, 33.502910614, 2.13347363472, 2.0925090313, 6.6494011879, 17.9385738373, 12.6974601746, 6.32185459137, 6.59642362595, 0.705788493156, 0.070117264986, 0.00694305310026, 0.000497707689647, 5.76399031615e-07, 6.3905286618e-10]
    },
    "gfcc": {
        "mean": [-22.797203064, 97.8313980103, -135.415298462, 7.75403404236, -56.0965766907, 5.021068573, -39.2747688293, 10.3396787643, -38.16248703, -8.2709274292, -0.189252242446, -7.15618896484, -14.3934402466],
        "cov": [[3381.88818359, -248.201065063, -419.189147949, 112.373497009, 70.4132919312, 164.713912964, 30.257522583, 226.945465088, -106.547142029, -62.3732147217, 85.2410964966, -85.3599777222, -136.025543213], [-248.201065063, 1052.36767578, 38.5769577026, 259.274353027, 309.486114502, -85.0767593384, 163.798461914, -64.1992797852, 120.893684387, -82.0066299438, 85.7208480835, -51.837387085, -50.6470413208], [-419.189147949, 38.5769577026, 911.573059082, 325.746582031, -37.0834007263, 4.6602807045, -182.721282959, 41.1301803589, 92.2299880981, 36.942363739, -178.964981079, 77.7944793701, 10.3934545517], [112.373497009, 259.274353027, 325.746582031, 529.47277832, 147.505310059, -82.7462615967, -90.5624465942, 139.918228149, 146.512573242, -52.2617263794, -52.6062316895, -6.6304769516, -21.3152942657], [70.4132919312, 309.486114502, -37.0834007263, 147.505310059, 373.28817749, 28.5110931396, 84.7031097412, 35.1189537048, -6.26880216599, -5.5414481163, 65.0091552734, -39.105140686, -35.6003189087], [164.713912964, -85.0767593384, 4.6602807045, -82.7462615967, 28.5110931396, 233.075027466, 93.5280532837, -66.6767730713, -51.4378433228, 44.2290611267, -0.945944607258, -28.2073841095, 3.58760046959], [30.257522583, 163.798461914, -182.721282959, -90.5624465942, 84.7031097412, 93.5280532837, 323.822174072, -40.4352722168, -59.7648735046, -17.6174106598, 54.7098922729, -26.9320449829, -4.37427949905], [226.945465088, -64.1992797852, 41.1301803589, 139.918228149, 35.1189537048, -66.6767730713, -40.4352722168, 231.656509399, 36.938911438, -52.5284080505, 13.9028501511, -17.2733211517, -16.483839035], [-106.547142029, 120.893684387, 92.2299880981, 146.512573242, -6.26880216599, -51.4378433228, -59.7648735046, 36.938911438, 188.390304565, 14.3438873291, -38.6791992188, -9.65107917786, 14.904384613], [-62.3732147217, -82.0066299438, 36.942363739, -52.2617263794, -5.5414481163, 44.2290611267, -17.6174106598, -52.5284080505, 14.3438873291, 156.941879272, -11.4685659409, 19.9420776367, 56.1718215942], [85.2410964966, 85.7208480835, -178.964981079, -52.6062316895, 65.0091552734, -0.945944607258, 54.7098922729, 13.9028501511, -38.6791992188, -11.4685659409, 175.362197876, 15.6325101852, -48.827457428], [-85.3599777222, -51.837387085, 77.7944793701, -6.6304769516, -39.105140686, -28.2073841095, -26.9320449829, -17.2733211517, -9.65107917786, 19.9420776367, 15.6325101852, 114.081825256, -13.2763729095], [-136.025543213, -50.6470413208, 10.3934545517, -21.3152942657, -35.6003189087, 3.58760046959, -4.37427949905, -16.483839035, 14.904384613, 56.1718215942, -48.827457428, -13.2763729095, 183.91960144]],
        "icov": [[0.000438859220594, -7.29878229322e-05, 0.000445823010523, -0.000420041295001, 0.000232427788433, -0.000645765278023, 0.000216451691813, -0.000575404090341, 0.000449368730187, -0.000220180736505, 0.000221235008212, -6.50424553896e-05, 0.000326636771206], [-7.29878229322e-05, 0.00271214987151, -0.000859374064021, -0.000467892474262, -0.00171272491571, 0.00198263395578, -0.00161763140932, 0.00265449262224, -0.00195313151926, 0.00142993498594, -0.00188030826394, 0.00148428813554, -0.000154034554726], [0.000445823010523, -0.000859374064021, 0.0029237435665, -0.00166632165201, 0.000950855086558, -0.00211936351843, 0.00131819443777, -0.0014398166677, 0.00127583718859, -0.00108124106191, 0.00260944291949, -0.00224085408263, 0.000620276492555], [-0.000420041295001, -0.000467892474262, -0.00166632165201, 0.00521193025634, -0.00194893358275, 0.000843407586217, 0.000395326147554, -0.00128065946046, -0.00263782031834, 0.00146158586722, 0.000430818152381, -0.000229122349992, -0.000375171744963], [0.000232427788433, -0.00171272491571, 0.000950855086558, -0.00194893358275, 0.00535986525938, -0.00170680705924, 0.000136720133014, -0.0017496526707, 0.00246459455229, -0.00216162833385, -0.000217862281715, 0.000523383670952, 0.000778277695645], [-0.000645765278023, 0.00198263395578, -0.00211936351843, 0.000843407586217, -0.00170680705924, 0.00867417640984, -0.00309685384855, 0.00361988996156, -0.000763817399275, -0.000625451095402, -0.00170844385866, 0.00357847730629, 9.47532098508e-05], [0.000216451691813, -0.00161763140932, 0.00131819443777, 0.000395326147554, 0.000136720133014, -0.00309685384855, 0.00546443229541, -0.00143347471021, 0.00150251586456, 0.000245836126851, 0.000864793721121, -0.00116144586354, -0.000276780105196], [-0.000575404090341, 0.00265449262224, -0.0014398166677, -0.00128065946046, -0.0017496526707, 0.00361988996156, -0.00143347471021, 0.00903506297618, -0.00230341893621, 0.00273739825934, -0.00323945097625, 0.00269582262263, -0.000710039807018], [0.000449368730187, -0.00195313151926, 0.00127583718859, -0.00263782031834, 0.00246459455229, -0.000763817399275, 0.00150251586456, -0.00230341893621, 0.0096942987293, -0.00327449571341, 0.0020909612067, 0.000254526326898, 0.000525910407305], [-0.000220180736505, 0.00142993498594, -0.00108124106191, 0.00146158586722, -0.00216162833385, -0.000625451095402, 0.000245836126851, 0.00273739825934, -0.00327449571341, 0.0102717718109, -0.00153909879737, -0.00133482657839, -0.00307036656886], [0.000221235008212, -0.00188030826394, 0.00260944291949, 0.000430818152381, -0.000217862281715, -0.00170844385866, 0.000864793721121, -0.00323945097625, 0.0020909612067, -0.00153909879737, 0.0106705790386, -0.00399682717398, 0.00211464334279], [-6.50424553896e-05, 0.00148428813554, -0.00224085408263, -0.000229122349992, 0.000523383670952, 0.00357847730629, -0.00116144586354, 0.00269582262263, 0.000254526326898, -0.00133482657839, -0.00399682717398, 0.0130200386047, 0.000972029811237], [0.000326636771206, -0.000154034554726, 0.000620276492555, -0.000375171744963, 0.000778277695645, 9.47532098508e-05, -0.000276780105196, -0.000710039807018, 0.000525910407305, -0.00307036656886, 0.00211464334279, 0.000972029811237, 0.00716305011883]]
    },
    "melbands": {
        "dmean": [3.83850565413e-05, 0.000103353740997, 0.00011175689724, 0.000108443164208, 0.000130404310767, 0.000126911356347, 9.71031840891e-05, 5.95103119849e-05, 0.000133314795676, 0.000168082115124, 0.000201333852601, 0.000155198664288, 9.32117691264e-05, 7.62015843065e-05, 0.000164376790053, 6.16829493083e-05, 4.01846809837e-05, 3.81646314054e-05, 1.38196292028e-05, 8.41907422e-06, 7.44341832615e-06, 9.09360642254e-06, 7.35004368835e-06, 5.84901590628e-06, 1.19422156786e-05, 1.12681009341e-05, 3.60492981599e-06, 2.27372947847e-06, 1.05887227164e-06, 5.22236575762e-07, 1.81555989798e-07, 1.32890122018e-07, 1.82596735954e-07, 2.25071318027e-07, 4.33054310633e-07, 5.72298915813e-07, 4.99034342738e-07, 3.16624635843e-07, 3.20983446045e-07, 3.36550272095e-07],
        "dmean2": [5.79453517275e-05, 0.000144359626574, 0.000170418730704, 0.000169366510818, 0.000193812404177, 0.000180487797479, 0.000126452039694, 8.85255285539e-05, 0.000196330453036, 0.000224126051762, 0.000278867868474, 0.000210003185202, 0.000131299442728, 9.8612777947e-05, 0.000243948161369, 9.75160000962e-05, 6.01072460995e-05, 5.71192613279e-05, 2.02774517675e-05, 1.25599754028e-05, 1.15247758004e-05, 1.30290236484e-05, 1.09490310933e-05, 8.68426377565e-06, 1.73340940819e-05, 1.6682970454e-05, 5.47406398255e-06, 3.36247558153e-06, 1.53447786033e-06, 7.90056844835e-07, 2.79997664165e-07, 1.98265837525e-07, 2.66674476279e-07, 3.41597313991e-07, 6.47939202736e-07, 8.95404696166e-07, 7.61935041282e-07, 4.75371336961e-07, 4.65684422579e-07, 4.93076981911e-07],
        "dvar": [8.24554824419e-09, 5.84245469781e-08, 6.20690130404e-08, 4.94353891156e-08, 3.44724533363e-08, 4.76312216335e-08, 3.85262204361e-08, 2.9548175462e-08, 1.52580156509e-07, 2.02502562274e-07, 3.41993626307e-07, 2.3926185122e-07, 5.94707714185e-08, 4.39386802498e-08, 9.86306147865e-08, 2.19468674345e-08, 9.41897759787e-09, 9.08831232493e-09, 2.19760676323e-09, 7.19628023838e-10, 3.68216540592e-10, 3.91636112429e-10, 2.14274417654e-10, 1.07810538275e-10, 4.15038253765e-10, 7.32431781891e-10, 5.82350348499e-11, 2.13426828294e-11, 4.84659664832e-12, 1.90800652188e-12, 1.23420737064e-13, 1.79335130188e-13, 1.24774127662e-12, 1.28103192117e-12, 5.04507416746e-12, 7.32728374503e-12, 2.37715294497e-12, 1.35243834361e-12, 2.14305569818e-12, 2.44797411508e-12],
        "dvar2": [1.8500978527e-08, 1.09192399123e-07, 1.54588462919e-07, 1.4796400194e-07, 8.28318889035e-08, 8.70463310321e-08, 7.41655838965e-08, 6.43062421091e-08, 2.97312396924e-07, 3.53717410917e-07, 5.60102648706e-07, 3.69371264242e-07, 9.71594289467e-08, 6.52282210467e-08, 2.00472769052e-07, 5.42982014906e-08, 1.91716900133e-08, 1.78657160177e-08, 4.59084903426e-09, 1.44146128367e-09, 7.94017296357e-10, 8.46486825079e-10, 4.96527652327e-10, 2.11891920676e-10, 9.10062414317e-10, 1.70154212942e-09, 1.2350315215e-10, 4.720917407e-11, 9.64145777105e-12, 3.79369712727e-12, 2.74259402081e-13, 3.36347865792e-13, 2.4467734696e-12, 2.10105392286e-12, 1.05949511317e-11, 1.93135733101e-11, 5.27496536035e-12, 2.49602335328e-12, 4.391113341e-12, 5.23473495453e-12],
        "max": [0.0011127992766, 0.00438173534349, 0.00468957610428, 0.00339444680139, 0.00236094254069, 0.00573148299009, 0.00439318781719, 0.00278301863, 0.00664900708944, 0.0103519456461, 0.0149536896497, 0.0106137534603, 0.00451116682962, 0.00539887836203, 0.00382898026146, 0.00192663434427, 0.00139828794636, 0.00163707591128, 0.000677730946336, 0.000500467373058, 0.000338362995535, 0.000284869951429, 0.000241516725509, 0.000165804623975, 0.00028552004369, 0.000456644629594, 0.000159717645147, 8.90205992619e-05, 3.23964086419e-05, 3.37247438438e-05, 4.35917127106e-06, 1.29780128191e-05, 3.70633570128e-05, 2.75309721474e-05, 5.40013606951e-05, 6.79102231516e-05, 2.26484298764e-05, 3.06538495352e-05, 3.36537414114e-05, 2.58064446825e-05],
        "mean": [0.000147761311382, 0.000563910696656, 0.000440723524662, 0.000291886681225, 0.000318264035741, 0.000328401918523, 0.000212187122088, 0.000108442778583, 0.000234617546084, 0.000289974268526, 0.000600746425334, 0.000367004366126, 0.000180480696145, 0.00016431385302, 0.000452139851404, 0.000161289033713, 8.16146639409e-05, 8.83753309608e-05, 2.24584000534e-05, 1.37844999699e-05, 1.47080845636e-05, 1.84233649634e-05, 1.80720962817e-05, 1.42056078403e-05, 3.60869853466e-05, 2.77455783362e-05, 8.6396585175e-06, 5.08352923134e-06, 2.40429062615e-06, 1.00287354599e-06, 3.22895260751e-07, 2.12550403944e-07, 2.56386954334e-07, 3.6783163182e-07, 6.94316668159e-07, 9.33342960252e-07, 8.82413473846e-07, 5.52411279386e-07, 5.39193251825e-07, 5.80549738061e-07],
        "median": [4.85435848532e-05, 0.000267120369244, 0.000195017841179, 0.000163427597727, 0.000218423592742, 0.000190841194126, 0.000110381792183, 2.63954698312e-05, 5.65264308534e-05, 6.18803824182e-05, 3.60160811397e-05, 4.64994336653e-05, 2.90613188554e-05, 1.7954977011e-05, 4.13349916926e-05, 1.14343920359e-05, 1.10264409159e-05, 1.1019131307e-05, 3.42608336723e-06, 3.94725202568e-06, 3.1011354622e-06, 4.56665111415e-06, 4.22943639933e-06, 8.309039913e-06, 1.43116185427e-05, 8.41493329062e-06, 3.99031796405e-06, 1.54030544763e-06, 7.03533714841e-07, 3.16334421768e-07, 1.50595113269e-07, 7.04024429865e-08, 5.13944300451e-08, 8.34142426243e-08, 2.51166994758e-07, 3.11477180048e-07, 3.01674674574e-07, 1.85720963941e-07, 1.00860340524e-07, 6.6304636448e-08],
        "min": [2.72112993863e-23, 8.11602581827e-24, 1.04336739143e-23, 9.6133358812e-24, 9.49513532975e-24, 1.21120977636e-23, 4.54104309102e-24, 6.1855912809e-24, 5.48598959267e-24, 2.07952885403e-23, 9.18862026958e-24, 6.91133345294e-24, 1.15371514811e-23, 1.69506802554e-23, 8.93037008618e-24, 8.57274157251e-24, 4.41582956612e-24, 2.04871101669e-24, 1.3259241937e-23, 2.4944417645e-23, 1.1017834092e-23, 9.41585559763e-24, 1.3632101777e-23, 1.20522003439e-23, 7.72021801452e-24, 8.55960546072e-24, 1.33355153202e-23, 1.06777593113e-23, 8.15934059286e-24, 1.12662077369e-23, 1.12078967165e-23, 1.2034436774e-23, 1.11964369342e-23, 1.19106108555e-23, 1.11066251201e-23, 1.02288430248e-23, 1.28514600136e-23, 1.00428998319e-23, 8.75714333114e-24, 9.29514567964e-24],
        "stdev": [0.0002160253498, 0.00076478626579, 0.000625279964879, 0.000373030750779, 0.000320482824463, 0.000563258654438, 0.000326268869685, 0.000293823657557, 0.000606109097134, 0.000683619175106, 0.00183043081779, 0.00113919412252, 0.000429206847912, 0.000474120839499, 0.0007570105372, 0.000360057572834, 0.000174062835868, 0.000220642818022, 6.38933124719e-05, 3.41386221407e-05, 3.36125340255e-05, 3.51463240804e-05, 3.06794972857e-05, 1.84319378604e-05, 5.20442990819e-05, 4.8980487918e-05, 1.33949897645e-05, 8.60478030518e-06, 4.37091284766e-06, 2.52589120464e-06, 5.03896728787e-07, 6.17761259036e-07, 1.38325231092e-06, 1.57022907388e-06, 2.55210397881e-06, 2.7072010198e-06, 2.09124755202e-06, 1.71595377196e-06, 2.13814246308e-06, 2.27618852477e-06],
        "var": [4.66669511923e-08, 5.8489803223e-07, 3.90975003484e-07, 1.39151936196e-07, 1.02709243777e-07, 3.17260344218e-07, 1.06451366833e-07, 8.63323350586e-08, 3.67368272691e-07, 4.67335183885e-07, 3.3504768453e-06, 1.29776321955e-06, 1.84218507115e-07, 2.24790582593e-07, 5.73064994569e-07, 1.29641449576e-07, 3.02978726552e-08, 4.86832512081e-08, 4.08235534266e-09, 1.16544540685e-09, 1.1298024738e-09, 1.2352640022e-09, 9.41231648177e-10, 3.39736322408e-10, 2.70860889273e-09, 2.39908803934e-09, 1.79425752034e-10, 7.40422514967e-11, 1.9104879137e-11, 6.38012689555e-12, 2.53911935965e-13, 3.81628946109e-13, 1.91338698358e-12, 2.4656192886e-12, 6.51323439627e-12, 7.32893780386e-12, 4.37331637917e-12, 2.9444975104e-12, 4.57165338572e-12, 5.18103442093e-12]
    },
