{
"lowlevel": {
    "average_loudness": 0.976393461227,
    "barkbands_crest": {
        "dmean": 2.94155526161,
        "dmean2": 4.56371545792,
        "dvar": 7.10230636597,
        "dvar2": 14.8479423523,
        "max": 25.2546539307,
        "mean": 10.6435394287,
        "median": 9.66052055359,
        "min": 2.44380712509,
        "stdev": 4.57783126831,
        "var": 20.9565410614
    },
    "barkbands_flatness_db": {
        "dmean": 0.0330071747303,
        "dmean2": 0.0442193634808,
        "dvar": 0.000911765033379,
        "dvar2": 0.00171221396886,
        "max": 0.388734251261,
        "mean": 0.140523895621,
        "median": 0.13559602201,
        "min": 0.0177707150578,
        "stdev": 0.0610606707633,
        "var": 0.00372840533964
    },
    "barkbands_kurtosis": {
        "dmean": 7.61256694794,
        "dmean2": 11.2708463669,
        "dvar": 239.051757812,
        "dvar2": 522.066833496,
        "max": 352.364257812,
        "mean": 10.8926067352,
        "median": 5.43187046051,
        "min": -1.90168058872,
        "stdev": 18.6862659454,
        "var": 349.176513672
    },
    "barkbands_skewness": {
        "dmean": 0.95555305481,
        "dmean2": 1.34607875347,
        "dvar": 0.981689810753,
        "dvar2": 1.84406983852,
        "max": 16.3581142426,
        "mean": 2.40826201439,
        "median": 2.15830254555,
        "min": -3.26436877251,
        "stdev": 1.77798521519,
        "var": 3.16123127937
    },
    "barkbands_spread": {
        "dmean": 10.4515962601,
        "dmean2": 15.6866016388,
        "dvar": 172.011383057,
        "dvar2": 365.595275879,
        "max": 104.490753174,
        "mean": 22.9411849976,
        "median": 15.913187027,
        "min": 0.711907088757,
        "stdev": 19.6539974213,
        "var": 386.279632568
    },
    "dissonance": {
        "dmean": 0.0229110307992,
        "dmean2": 0.0365982279181,
        "dvar": 0.000733233348001,
        "dvar2": 0.00181700964458,
        "max": 0.499999880791,
        "mean": 0.457196593285,
        "median": 0.464985519648,
        "min": 0.0603256747127,
        "stdev": 0.0352149456739,
        "var": 0.0012400924461
    },
    "dynamic_complexity": 2.25605368614,
    "erbbands_crest": {
        "dmean": 2.89311695099,
        "dmean2": 4.65421485901,
        "dvar": 6.71116113663,
        "dvar2": 15.4248390198,
        "max": 24.3230838776,
        "mean": 8.39913654327,
        "median": 7.48590993881,
        "min": 2.42027020454,
        "stdev": 4.00326395035,
        "var": 16.0261230469
    },
    "erbbands_flatness_db": {
        "dmean": 0.0221943128854,
        "dmean2": 0.0320123545825,
        "dvar": 0.000417200120864,
        "dvar2": 0.000837704632431,
        "max": 0.264017641544,
        "mean": 0.126388534904,
        "median": 0.121117606759,
        "min": 0.0471205487847,
        "stdev": 0.038179770112,
        "var": 0.00145769491792
    },
    "erbbands_kurtosis": {
        "dmean": 1.36655294895,
        "dmean2": 2.17982387543,
        "dvar": 3.66428399086,
        "dvar2": 9.11982345581,
        "max": 18.6956958771,
        "mean": 0.720991849899,
        "median": 0.0533831119537,
        "min": -1.70019757748,
        "stdev": 2.39130067825,
        "var": 5.71831893921
    },
    "erbbands_skewness": {
        "dmean": 0.534173965454,
        "dmean2": 0.784474372864,
        "dvar": 0.269039332867,
        "dvar2": 0.560009717941,
        "max": 4.06955814362,
        "mean": 0.497237414122,
        "median": 0.557111620903,
        "min": -2.60002851486,
        "stdev": 0.882098078728,
        "var": 0.778096973896
    },
    "erbbands_spread": {
        "dmean": 14.8582925797,
        "dmean2": 22.6008777618,
        "dvar": 218.623214722,
        "dvar2": 482.787719727,
        "max": 178.366882324,
        "mean": 50.1192703247,
        "median": 46.280216217,
        "min": 6.47799491882,
        "stdev": 23.1111717224,
        "var": 534.126220703
    },
    "hfc": {
        "dmean": 14.0070343018,
        "dmean2": 19.2364635468,
        "dvar": 582.300231934,
        "dvar2": 1235.74841309,
        "max": 307.585083008,
        "mean": 24.7688083649,
        "median": 15.2912664413,
        "min": 1.27528684969e-16,
        "stdev": 30.9490795135,
        "var": 957.84552002
    },
    "loudness_ebu128": {
        "integrated": -7.32229137421,
        "loudness_range": 2.16681051254,
        "momentary": {
            "dmean": 0.655954837799,
            "dmean2": 0.940995752811,
            "dvar": 0.271795749664,
            "dvar2": 0.560032069683,
            "max": -4.57956695557,
            "mean": -7.52095890045,
            "median": -7.43562507629,
            "min": -11.6954011917,
            "stdev": 1.34767723083,
            "var": 1.81623399258
        },
        "short_term": {
            "dmean": 0.0892210677266,
            "dmean2": 0.121407210827,
            "dvar": 0.00495822401717,
            "dvar2": 0.00777231249958,
            "max": -6.04329633713,
            "mean": -7.42357206345,
            "median": -7.40192508698,
            "min": -9.69467926025,
            "stdev": 0.862684547901,
            "var": 0.744224667549
        }
    },
    "melbands_crest": {
        "dmean": 3.89393401146,
        "dmean2": 6.00600147247,
        "dvar": 12.5252695084,
        "dvar2": 28.1558380127,
        "max": 36.0344924927,
        "mean": 16.3510284424,
        "median": 15.085899353,
        "min": 1.88512480259,
        "stdev": 6.53683614731,
        "var": 42.7302284241
    },
    "melbands_flatness_db": {
        "dmean": 0.0405719764531,
        "dmean2": 0.0541616939008,
        "dvar": 0.00152585247997,
        "dvar2": 0.00270944461226,
        "max": 0.503848552704,
        "mean": 0.213463708758,
        "median": 0.213497564197,
        "min": 0.00431150756776,
        "stdev": 0.0794022455812,
        "var": 0.00630471715704
    },
    "melbands_kurtosis": {
        "dmean": 19.604511261,
        "dmean2": 28.4018936157,
        "dvar": 1447.69775391,
        "dvar2": 2840.75317383,
        "max": 743.860839844,
        "mean": 31.825340271,
        "median": 16.4469261169,
        "min": -1.82239472866,
        "stdev": 50.8635292053,
        "var": 2587.09863281
    },
    "melbands_skewness": {
        "dmean": 1.28984451294,
        "dmean2": 1.82982969284,
        "dvar": 1.91796267033,
        "dvar2": 3.55030703545,
        "max": 21.7157478333,
        "mean": 3.87521672249,
        "median": 3.34200978279,
        "min": -1.88034319878,
        "stdev": 2.5250723362,
        "var": 6.37599086761
    },
    "melbands_spread": {
        "dmean": 11.7139196396,
        "dmean2": 17.5321159363,
        "dvar": 425.010070801,
        "dvar2": 878.137512207,
        "max": 226.721298218,
        "mean": 21.4624137878,
        "median": 12.5297145844,
        "min": 0.394594013691,
        "stdev": 26.9288349152,
        "var": 725.16217041
    },
    "pitch_salience": {
        "dmean": 0.0862945839763,
        "dmean2": 0.133155420423,
        "dvar": 0.00692798383534,
        "dvar2": 0.014970597811,
        "max": 0.902330935001,
        "mean": 0.539689064026,
        "median": 0.544333040714,
        "min": 0.0850776731968,
        "stdev": 0.136288225651,
        "var": 0.0185744799674
    },
    "silence_rate_20dB": {
        "dmean": 0,
        "dmean2": 0,
        "dvar": 0,
        "dvar2": 0,
        "max": 1,
        "mean": 1,
        "median": 1,
        "min": 1,
        "stdev": 0,
        "var": 0
    },
    "silence_rate_30dB": {
        "dmean": 0.0479876175523,
        "dmean2": 0.0960495769978,
        "dvar": 0.0456851869822,
        "dvar2": 0.0976671129465,
        "max": 1,
        "mean": 0.950502693653,
        "median": 1,
        "min": 0,
        "stdev": 0.21690236032,
        "var": 0.0470466315746
    },
    "silence_rate_60dB": {
        "dmean": 0.0332817323506,
        "dmean2": 0.0666150301695,
        "dvar": 0.0321734920144,
        "dvar2": 0.0730230733752,
        "max": 1,
        "mean": 0.0332559943199,
        "median": 0,
        "min": 0,
        "stdev": 0.179304942489,
        "var": 0.0321502611041
    },
    "spectral_centroid": {
        "dmean": 441.650054932,
        "dmean2": 643.257141113,
        "dvar": 353905.21875,
        "dvar2": 603288.3125,
        "max": 11227.703125,
        "mean": 1262.29516602,
        "median": 987.771789551,
        "min": 189.498397827,
        "stdev": 888.104736328,
        "var": 788730
    },
    "spectral_complexity": {
        "dmean": 5.49535608292,
        "dmean2": 7.4438419342,
        "dvar": 36.4403572083,
        "dvar2": 56.0639343262,
        "max": 62,
        "mean": 16.8105182648,
        "median": 15,
        "min": 0,
        "stdev": 10.9355573654,
        "var": 119.586418152
    },
    "spectral_decrease": {
        "dmean": 3.37774075376e-09,
        "dmean2": 4.89843543505e-09,
        "dvar": 2.44458274615e-17,
        "dvar2": 4.79085044428e-17,
        "max": 1.34485413012e-28,
        "mean": -9.53996526221e-09,
        "median": -7.28989046905e-09,
        "min": -4.26455670777e-08,
        "stdev": 8.13803158195e-09,
        "var": 6.6227560617e-17
    },
    "spectral_energy": {
        "dmean": 0.0134605532512,
        "dmean2": 0.0194145608693,
        "dvar": 0.000365624960978,
        "dvar2": 0.000713607412763,
        "max": 0.164849162102,
        "mean": 0.038252659142,
        "median": 0.0301094055176,
        "min": 1.10596414733e-20,
        "stdev": 0.031470425427,
        "var": 0.00099038775079
    },
    "spectral_energyband_high": {
        "dmean": 0.00132277945522,
        "dmean2": 0.00190549727995,
        "dvar": 6.63779383103e-06,
        "dvar2": 1.46776037582e-05,
        "max": 0.0273895096034,
        "mean": 0.00169765402097,
        "median": 0.000542058609426,
        "min": 8.13283089689e-21,
        "stdev": 0.00316038075835,
        "var": 9.98800624075e-06
    },
    "spectral_energyband_low": {
        "dmean": 0.00930170156062,
        "dmean2": 0.0136549146846,
        "dvar": 0.000274603429716,
        "dvar2": 0.000511395395733,
        "max": 0.14183229208,
        "mean": 0.0210586003959,
        "median": 0.0107445186004,
        "min": 5.60977101949e-23,
        "stdev": 0.0275340471417,
        "var": 0.000758123758715
    },
    "spectral_energyband_middle_high": {
        "dmean": 0.00200653774664,
        "dmean2": 0.00285931467079,
        "dvar": 1.15712346087e-05,
        "dvar2": 2.39361797867e-05,
        "max": 0.0442577041686,
        "mean": 0.00372063089162,
        "median": 0.0022880951874,
        "min": 1.40647946972e-21,
        "stdev": 0.00480760913342,
        "var": 2.31131034525e-05
    },
    "spectral_energyband_middle_low": {
        "dmean": 0.00735755683854,
        "dmean2": 0.0117428712547,
        "dvar": 0.00015783222625,
        "dvar2": 0.000433295906987,
        "max": 0.116887830198,
        "mean": 0.0135007165372,
        "median": 0.0108702220023,
        "min": 2.81270211157e-22,
        "stdev": 0.0125149274245,
        "var": 0.000156623398652
    },
    "spectral_entropy": {
        "dmean": 0.254345625639,
        "dmean2": 0.353780269623,
        "dvar": 0.0635778084397,
        "dvar2": 0.123281158507,
        "max": 9.79957771301,
        "mean": 7.72856378555,
        "median": 7.75394630432,
        "min": 5.82961273193,
        "stdev": 0.467893958092,
        "var": 0.218924745917
    },
    "spectral_flux": {
        "dmean": 0.0352750830352,
        "dmean2": 0.0510848648846,
        "dvar": 0.0015706862323,
        "dvar2": 0.00266265706159,
        "max": 0.401580154896,
        "mean": 0.105793453753,
        "median": 0.0914624109864,
        "min": 1.05164828235e-10,
        "stdev": 0.0633925795555,
        "var": 0.0040186191909
    },
    "spectral_kurtosis": {
        "dmean": 1.20751583576,
        "dmean2": 1.85279250145,
        "dvar": 1.96320056915,
        "dvar2": 4.36493396759,
        "max": 23.5888347626,
        "mean": 3.12432646751,
        "median": 2.79021406174,
        "min": -1.15914201736,
        "stdev": 2.09210634232,
        "var": 4.37690925598
    },
    "spectral_rms": {
        "dmean": 0.00107661506627,
        "dmean2": 0.00145949982107,
        "dvar": 1.51687936523e-06,
        "dvar2": 2.61089166997e-06,
        "max": 0.0126818157732,
        "mean": 0.00561912963167,
        "median": 0.00541987363249,
        "min": 3.28479734732e-12,
        "stdev": 0.00239687901922,
        "var": 5.7450292843e-06
    },
    "spectral_rolloff": {
        "dmean": 921.945922852,
        "dmean2": 1497.81738281,
        "dvar": 2984902.25,
        "dvar2": 6194950.5,
        "max": 19293.75,
        "mean": 1458.41088867,
        "median": 559.86328125,
        "min": 64.599609375,
        "stdev": 2162.36694336,
        "var": 4675831
    },
    "spectral_skewness": {
        "dmean": 0.238160580397,
        "dmean2": 0.352227896452,
        "dvar": 0.0531569458544,
        "dvar2": 0.10681502521,
        "max": 3.91574311256,
        "mean": 1.46528792381,
        "median": 1.44275546074,
        "min": -0.017028177157,
        "stdev": 0.415028482676,
        "var": 0.172248646617
    },
    "spectral_spread": {
        "dmean": 999568.25,
        "dmean2": 1494113.75,
        "dvar": 1.51525274419e+12,
        "dvar2": 2.79131009843e+12,
        "max": 39595208,
        "mean": 5961708,
        "median": 5665725.5,
        "min": 2454980.5,
        "stdev": 1893488.5,
        "var": 3.58529866138e+12
    },
    "spectral_strongpeak": {
        "dmean": 0.352797925472,
        "dmean2": 0.578499555588,
        "dvar": 0.221507996321,
        "dvar2": 0.550140917301,
        "max": 4.94002342224,
        "mean": 0.628913164139,
        "median": 0.435696959496,
        "min": 0,
        "stdev": 0.594806909561,
        "var": 0.353795289993
    },
    "zerocrossingrate": {
        "dmean": 0.01999194175,
        "dmean2": 0.0218088869005,
        "dvar": 0.000652619288303,
        "dvar2": 0.000706243561581,
        "max": 0.51708984375,
        "mean": 0.0644682273269,
        "median": 0.048828125,
        "min": 0.0009765625,
        "stdev": 0.0510642826557,
        "var": 0.0026075609494
    },
    "barkbands": {
        "dmean": [0.00114831177052, 0.00695206131786, 0.00387778109871, 0.00321439257823, 0.0025195912458, 0.0023102008272, 0.000876666978002, 0.00102546392009, 0.000499699905049, 0.000319603423122, 0.000509893230628, 0.00039168263902, 0.000220082423766, 0.000194412888959, 0.000203680552659, 0.000248926429776, 0.000233898172155, 0.000211650447454, 0.00027585864882, 0.000269363023108, 0.00027828826569, 0.000243997536018, 0.00022475302103, 0.000204923489946, 0.000222259695875, 0.000103610625956, 1.22558385556e-05],
        "dmean2": [0.00186367460992, 0.00979546085, 0.00672444328666, 0.00549324974418, 0.00421219412237, 0.00355520355515, 0.00144692871254, 0.00161250145175, 0.000809423625469, 0.000469262799015, 0.000811465550214, 0.000630521040875, 0.000347577879438, 0.00031090984703, 0.000317566678859, 0.000387046049582, 0.000348849047441, 0.00032305586501, 0.000423045508796, 0.000415137124946, 0.000440848147264, 0.000369898130884, 0.000338241952704, 0.000302822998492, 0.000325661734678, 0.000157435555593, 2.07135872188e-05],
        "dvar": [7.23729044694e-06, 0.000220311354497, 9.61550686043e-05, 3.51393027813e-05, 2.39898199652e-05, 1.08436388473e-05, 3.85371549783e-06, 3.88677426599e-06, 9.76867681857e-07, 5.02443754158e-07, 8.51322283779e-07, 5.76975594413e-07, 1.27963801333e-07, 1.83618752203e-07, 4.06795379604e-07, 3.51825065081e-07, 2.83444336446e-07, 3.30114971803e-07, 5.08416462708e-07, 4.8793407359e-07, 4.55546683042e-07, 2.74709464065e-07, 2.26748625209e-07, 1.73939071146e-07, 1.48260994592e-07, 3.72882134059e-08, 1.95343741183e-09],
        "dvar2": [1.89420788956e-05, 0.000420759402914, 0.000269624521025, 9.93983630906e-05, 6.53429451631e-05, 2.43120412051e-05, 9.5429850262e-06, 8.47613773658e-06, 2.31345552493e-06, 8.61581042955e-07, 2.08330106943e-06, 1.43657052831e-06, 3.04349271119e-07, 4.49926773172e-07, 1.01975399502e-06, 7.63703098983e-07, 5.73802367398e-07, 7.89036278093e-07, 1.24847508687e-06, 1.14765714443e-06, 1.10720441171e-06, 6.32037881587e-07, 5.28383736764e-07, 3.89992806049e-07, 3.31873025061e-07, 8.76887185086e-08, 5.20912912805e-09],
        "max": [0.0231901016086, 0.126525998116, 0.0822801068425, 0.0532673150301, 0.0504547320306, 0.0297832079232, 0.0342435277998, 0.0183108057827, 0.0154698854312, 0.0142333181575, 0.0124912140891, 0.00849332287908, 0.00365491164848, 0.00532112503424, 0.00782683864236, 0.00668066833168, 0.00639982335269, 0.00844310224056, 0.00801858957857, 0.00733652850613, 0.00699993409216, 0.00505460472777, 0.00495820865035, 0.0060833026655, 0.00359714170918, 0.00189926777966, 0.000616076576989],
        "mean": [0.0014562944416, 0.012921567075, 0.00499386666343, 0.00391325587407, 0.00325975660235, 0.00337092531845, 0.000943943683524, 0.00130550505128, 0.000648114888463, 0.000471593666589, 0.000639757548925, 0.000488797319122, 0.000288218201604, 0.000246224197326, 0.00022795239056, 0.000345574720996, 0.000320438382914, 0.000243280141149, 0.000328903493937, 0.000296186248306, 0.00032323267078, 0.000300213461742, 0.000273926852969, 0.000257804174908, 0.000264981819782, 0.000113214817247, 9.15047439776e-06],
        "median": [0.000164851022419, 0.0047744801268, 0.00195444189012, 0.00203301943839, 0.00173409364652, 0.00139909388963, 0.000265430513537, 0.000371411646483, 0.000245086237555, 0.00013148074504, 0.000201519898837, 0.000162868149346, 0.0001131673489, 8.02751892479e-05, 7.16023496352e-05, 0.000122214420117, 0.00011472668848, 7.199634274e-05, 0.000127425373648, 8.70340372785e-05, 8.05379531812e-05, 9.45266510826e-05, 8.71331067174e-05, 7.79216716182e-05, 6.21197468718e-05, 2.46637155215e-05, 2.57583138819e-07],
        "min": [1.38516748991e-23, 2.52197916321e-23, 1.98665862624e-23, 9.90645766092e-24, 7.10636637444e-23, 6.24954794213e-23, 5.96242970945e-23, 1.0789039186e-23, 5.11507634583e-23, 7.22533606528e-23, 5.84824745767e-23, 5.33329168052e-23, 1.77812138423e-22, 1.01900861307e-22, 1.4104126166e-22, 1.59201571761e-22, 1.58177895363e-22, 1.45741395907e-22, 2.28537447107e-22, 3.18336450065e-22, 5.1503847502e-22, 3.94410964591e-22, 7.60153436465e-22, 8.9553277204e-22, 1.06862536393e-21, 1.96733619781e-21, 2.602240131e-21],
        "stdev": [0.00333553529344, 0.022092172876, 0.00861150119454, 0.00554628111422, 0.00475354725495, 0.00470620626584, 0.00195520161651, 0.0024280231446, 0.00118304928765, 0.00117434910499, 0.00112931802869, 0.000849426491186, 0.000441055948613, 0.000491443497594, 0.000639067089651, 0.000755502900574, 0.000688043073751, 0.000603891094215, 0.000705017417204, 0.000724269950297, 0.000743111595511, 0.000581577070989, 0.000547203060705, 0.000513756764121, 0.000479911657749, 0.0002139298158, 3.78813310817e-05],
        "var": [1.11257950266e-05, 0.000488064077217, 7.41579497117e-05, 3.07612317556e-05, 2.25962121476e-05, 2.21483787755e-05, 3.82281359634e-06, 5.89529690842e-06, 1.39960570777e-06, 1.37909580644e-06, 1.27535929551e-06, 7.21525395875e-07, 1.94530358044e-07, 2.4151671596e-07, 4.08406776842e-07, 5.70784607135e-07, 4.73403304113e-07, 3.64684439091e-07, 4.97049597925e-07, 5.24566985405e-07, 5.52214885374e-07, 3.38231899377e-07, 2.99431178519e-07, 2.63946020596e-07, 2.30315194472e-07, 4.57659652398e-08, 1.43499512273e-09]
    },
    "erbbands": {
        "dmean": [0.281811594963, 1.55302989483, 4.11345815659, 7.58935546875, 10.7236948013, 7.14888191223, 11.5572137833, 22.1556091309, 12.7549324036, 18.2934131622, 18.1915817261, 11.7435617447, 7.53848266602, 14.2692079544, 20.4655437469, 13.4554700851, 9.60732936859, 9.16617774963, 8.60468101501, 11.3903722763, 14.6816177368, 12.5647096634, 9.65995788574, 13.6481246948, 14.3921852112, 13.205994606, 11.1385393143, 10.7484121323, 8.89986801147, 7.88335227966, 6.27234077454, 4.54701042175, 3.32375574112, 2.38068318367, 1.62322020531, 0.668080449104, 0.130415022373, 0.036474134773, 0.00129994319286, 4.13264460803e-05],
        "dmean2": [0.392631024122, 2.21200585365, 6.80878353119, 13.1567554474, 18.0189781189, 12.0494842529, 18.1616973877, 34.5241241455, 20.1865692139, 29.1804218292, 29.0184898376, 18.7805957794, 11.6096897125, 21.9516544342, 32.2460441589, 21.3308162689, 15.2587900162, 14.3800182343, 12.6538248062, 16.9593906403, 22.0550441742, 18.218328476, 14.8034601212, 20.8668231964, 22.2350444794, 20.3466072083, 17.3547706604, 16.7477684021, 13.6434192657, 12.3019962311, 9.33449077606, 6.71342468262, 4.9016160965, 3.5150475502, 2.42896080017, 1.00803589821, 0.200437068939, 0.0599288865924, 0.00216230074875, 6.19133934379e-05],
        "dvar": [0.354931026697, 13.277425766, 100.312110901, 240.626571655, 389.606994629, 258.752166748, 373.189178467, 1181.17492676, 924.043640137, 976.398193359, 1247.42602539, 557.807678223, 164.109268188, 745.80657959, 1352.93005371, 665.486022949, 227.30708313, 311.475921631, 427.086242676, 980.803222656, 1086.56604004, 798.581298828, 586.674682617, 1421.42602539, 1502.62915039, 1185.67443848, 726.812744141, 647.018371582, 369.886230469, 295.024017334, 183.986984253, 94.4493179321, 41.8601646423, 17.8718948364, 8.12241458893, 1.3487225771, 0.0729437023401, 0.0128497704864, 2.05222586374e-05, 7.45456407714e-09],
        "dvar2": [0.632852852345, 28.2159423828, 265.400024414, 686.18548584, 1072.43530273, 676.09185791, 839.876281738, 2638.03344727, 2287.43603516, 2280.19360352, 2773.12353516, 1341.30786133, 334.227111816, 1562.76367188, 3152.52587891, 1668.20385742, 526.642883301, 754.2734375, 927.017822266, 2196.54882812, 2337.01611328, 1578.98034668, 1348.30065918, 3488.42333984, 3804.21142578, 2729.59423828, 1701.86022949, 1601.14294434, 862.592163086, 718.67755127, 431.778137207, 205.678985596, 96.9549789429, 40.4071731567, 18.8104877472, 3.07923007011, 0.17831659317, 0.033793695271, 5.4814528994e-05, 1.84471247167e-08],
        "max": [6.64436626434, 33.0831565857, 86.4522628784, 137.479385376, 229.580368042, 199.086135864, 283.748046875, 313.282104492, 491.98916626, 334.355407715, 446.499633789, 307.875610352, 253.743530273, 469.680084229, 537.299194336, 423.922668457, 159.069259644, 202.531509399, 282.396270752, 358.891906738, 405.910919189, 337.185424805, 368.289215088, 457.073577881, 459.121795654, 425.676818848, 312.37322998, 297.314422607, 190.910934448, 176.946990967, 153.388092041, 146.934539795, 70.5625534058, 40.6048622131, 24.9656009674, 11.2935676575, 2.88348770142, 1.66399431229, 0.0644915550947, 0.00114876870066],
        "mean": [0.512307405472, 2.34786653519, 5.67153930664, 9.56331062317, 13.6506137848, 9.1406211853, 16.6571502686, 30.9640407562, 14.7854089737, 23.6118774414, 23.3562812805, 15.4967403412, 11.4532356262, 21.0711097717, 27.9224185944, 18.3726005554, 13.4681749344, 12.495677948, 11.3576822281, 14.6046171188, 20.5819473267, 17.40076828, 12.6640167236, 15.7036733627, 16.5440578461, 14.5768880844, 13.2746992111, 12.1396617889, 10.90097332, 9.32128429413, 7.64563083649, 5.74951696396, 4.09613418579, 2.89325690269, 1.84893286228, 0.756350755692, 0.137338593602, 0.030818797648, 0.0010504295351, 7.27053266019e-05],
        "median": [0.145829737186, 0.870405137539, 2.26674628258, 5.74484634399, 7.03352308273, 3.87919902802, 5.99444961548, 11.1850528717, 5.89258384705, 7.59572267532, 8.70344829559, 5.34441232681, 5.12939405441, 6.6783156395, 8.94969463348, 7.11241149902, 5.6974363327, 4.60054302216, 4.08556079865, 4.93347597122, 7.54763555527, 6.43395137787, 4.23998022079, 5.6077132225, 6.17802810669, 4.18202114105, 3.42952871323, 3.02716779709, 3.51351451874, 2.66238379478, 2.52106690407, 1.72380506992, 1.14347207546, 0.71509540081, 0.409893929958, 0.182537704706, 0.025033487007, 0.00273788976483, 8.76187114045e-05, 4.55900553789e-05],
        "min": [7.77685333658e-22, 5.6943129524e-21, 2.64753953826e-20, 2.23998328837e-20, 2.24770046343e-19, 1.55020419334e-19, 1.66847641602e-19, 6.65621330477e-19, 7.95071529125e-19, 6.25132700649e-19, 4.19657701919e-19, 1.41435446018e-18, 1.93058144026e-18, 3.02477326621e-18, 1.84967428416e-18, 2.40008047055e-18, 8.21380670252e-18, 6.05895405752e-18, 5.16604401914e-18, 6.87578788139e-18, 1.03134136088e-17, 1.0527500359e-17, 7.62206154463e-18, 1.12559983245e-17, 1.01219163339e-17, 1.44958389635e-17, 2.55142734976e-17, 1.4378106347e-17, 1.46802936227e-17, 1.67616355538e-17, 2.28850269811e-17, 1.55464625662e-17, 1.61642341349e-17, 1.11565248927e-17, 8.32369020227e-18, 7.15510981704e-18, 4.05866714102e-18, 1.04061264934e-18, 3.46520537657e-19, 4.4705580435e-20],
        "stdev": [0.954666554928, 4.38810062408, 9.53670120239, 13.4909906387, 19.0529022217, 17.1566238403, 29.2472991943, 46.3232460022, 29.5370159149, 39.1173286438, 42.0307006836, 28.5999641418, 18.912607193, 41.8846549988, 47.1842193604, 29.969209671, 19.0927772522, 21.5429763794, 25.2375164032, 36.6035461426, 43.2873077393, 37.442035675, 27.9773693085, 37.3074264526, 37.0235214233, 36.3780708313, 31.1057319641, 26.9109973907, 21.0468025208, 18.8557949066, 15.3252277374, 12.0046157837, 7.85565042496, 5.38051271439, 3.35927891731, 1.33516228199, 0.286612898111, 0.101327799261, 0.00391102069989, 9.220487118e-05],
        "var": [0.911388278008, 19.2554283142, 90.9486694336, 182.006835938, 363.013061523, 294.349731445, 855.40447998, 2145.84326172, 872.435302734, 1530.16552734, 1766.57971191, 817.957946777, 357.686737061, 1754.32421875, 2226.35058594, 898.153503418, 364.534118652, 464.099853516, 636.932189941, 1339.81958008, 1873.79101562, 1401.90612793, 782.733154297, 1391.84399414, 1370.74108887, 1323.36401367, 967.566589355, 724.201782227, 442.967895508, 355.541015625, 234.862594604, 144.110794067, 61.7112464905, 28.9499187469, 11.2847547531, 1.78265821934, 0.0821469500661, 0.010267322883, 1.52960838022e-05, 8.50173886846e-09]
    },
    "gfcc": {
        "mean": [14.2772512436, 75.7337112427, -91.5922927856, 40.5749359131, -62.3076972961, 21.3186435699, -41.3081130981, 12.8938865662, -30.1318664551, 3.72593402863, -17.1787967682, 4.16169309616, -13.0116157532],
        "cov": [[5712.47998047, -877.722900391, -124.210983276, 176.578170776, -75.1582489014, 141.199371338, -13.8061418533, 197.475082397, 113.539535522, 286.235717773, -128.484405518, 110.516098022, -115.072235107], [-877.722900391, 1525.70141602, 5.24085903168, -152.534545898, 136.027832031, -82.0164871216, 68.1234512329, -99.9943008423, 97.6334152222, -141.483642578, 110.750572205, -48.3887062073, 104.533103943], [-124.210983276, 5.24085903168, 613.815673828, 252.291046143, 176.320861816, 101.614753723, 38.2595558167, 35.4099807739, 42.584022522, 64.1394577026, 28.5337505341, 45.1001281738, 44.1149978638], [176.578170776, -152.534545898, 252.291046143, 500.987945557, 221.363800049, 72.3180389404, 27.2050514221, 32.4864997864, 51.0033149719, 44.0273475647, 31.4957408905, 13.8435592651, 61.6101379395], [-75.1582489014, 136.027832031, 176.320861816, 221.363800049, 356.821777344, 105.962654114, 35.0141448975, 31.1724739075, 88.9804534912, 44.268989563, 45.1664009094, 33.2232666016, 54.8824005127], [141.199371338, -82.0164871216, 101.614753723, 72.3180389404, 105.962654114, 199.892486572, 127.826820374, 83.6393966675, 46.8586235046, 58.1951141357, 20.7663536072, 29.4942455292, 7.05434036255], [-13.8061418533, 68.1234512329, 38.2595558167, 27.2050514221, 35.0141448975, 127.826820374, 292.565704346, 116.648071289, 44.0250854492, 8.64849567413, 24.1183834076, 12.0135478973, 7.22153759003], [197.475082397, -99.9943008423, 35.4099807739, 32.4864997864, 31.1724739075, 83.6393966675, 116.648071289, 145.516296387, 53.8479652405, 48.6929283142, 15.9265174866, 21.1942806244, -4.937292099], [113.539535522, 97.6334152222, 42.584022522, 51.0033149719, 88.9804534912, 46.8586235046, 44.0250854492, 53.8479652405, 144.766571045, 69.8126068115, 41.5074119568, 22.2556724548, 29.7591876984], [286.235717773, -141.483642578, 64.1394577026, 44.0273475647, 44.268989563, 58.1951141357, 8.64849567413, 48.6929283142, 69.8126068115, 140.829101562, 42.6970252991, 29.6493320465, -0.847810268402], [-128.484405518, 110.750572205, 28.5337505341, 31.4957408905, 45.1664009094, 20.7663536072, 24.1183834076, 15.9265174866, 41.5074119568, 42.6970252991, 108.628684998, 27.647403717, 27.2116413116], [110.516098022, -48.3887062073, 45.1001281738, 13.8435592651, 33.2232666016, 29.4942455292, 12.0135478973, 21.1942806244, 22.2556724548, 29.6493320465, 27.647403717, 77.3788146973, 28.1596431732], [-115.072235107, 104.533103943, 44.1149978638, 61.6101379395, 54.8824005127, 7.05434036255, 7.22153759003, -4.937292099, 29.7591876984, -0.847810268402, 27.2116413116, 28.1596431732, 85.4979858398]],
        "icov": [[0.000254771643085, -7.19396557542e-05, 0.000184889533557, -0.000291028583888, 0.000205832155189, -0.000110230779683, 0.000126589569845, -0.000213332183193, -5.05414645886e-05, -0.000576046761125, 0.000649950699881, -0.000617402140051, 0.000407495099353], [-7.19396557542e-05, 0.00162564846687, -0.00047863839427, 0.00128496182151, -0.00100546714384, 0.00074567925185, -0.000830325705465, 0.00125871435739, -0.00169935659505, 0.00227658054791, -0.00211245473474, 0.00198186514899, -0.00140300986823], [0.000184889533557, -0.00047863839427, 0.00251208175905, -0.00138755666558, 5.01100294059e-06, -0.000772601750214, 0.000257859006524, -0.000283331231913, 0.000775271619204, -0.00156598188914, 0.00121248140931, -0.00166463572532, 0.000437124428572], [-0.000291028583888, 0.00128496182151, -0.00138755666558, 0.00452371314168, -0.00253111426719, 0.000861902022734, -0.000674050301313, 0.000505748728756, -0.000581081898417, 0.00161292904522, -0.00213807402179, 0.00337699963711, -0.00308032194152], [0.000205832155189, -0.00100546714384, 5.01100294059e-06, -0.00253111426719, 0.00597678311169, -0.00294498028234, 0.00134831212927, -0.000163467382663, -0.00151485810056, -0.000439132651081, 0.000938932353165, -0.00199112249538, 0.00049065699568], [-0.000110230779683, 0.00074567925185, -0.000772601750214, 0.000861902022734, -0.00294498028234, 0.0105068739504, -0.00397646659985, -0.00106824876275, 0.00052852567751, -0.00194273982197, -2.81878164969e-05, -0.000276062608464, -8.81364831002e-05], [0.000126589569845, -0.000830325705465, 0.000257859006524, -0.000674050301313, 0.00134831212927, -0.00397646659985, 0.0071159247309, -0.00481962831691, -1.38089562824e-05, 0.00155317725148, -0.000168813450728, -0.000204052194022, 0.000262611283688], [-0.000213332183193, 0.00125871435739, -0.000283331231913, 0.000505748728756, -0.000163467382663, -0.00106824876275, -0.00481962831691, 0.0142174335197, -0.00402544811368, -6.89731969032e-05, -0.000987448031083, -0.000411608052673, 0.00122714461759], [-5.05414645886e-05, -0.00169935659505, 0.000775271619204, -0.000581081898417, -0.00151485810056, 0.00052852567751, -1.38089562824e-05, -0.00402544811368, 0.0141764478758, -0.0073546054773, 0.000969968445133, -0.000509062956553, -0.0024224689696], [-0.000576046761125, 0.00227658054791, -0.00156598188914, 0.00161292904522, -0.000439132651081, -0.00194273982197, 0.00155317725148, -6.89731969032e-05, -0.0073546054773, 0.0172524210066, -0.0074151577428, 0.00135327037424, 0.00103930954356], [0.000649950699881, -0.00211245473474, 0.00121248140931, -0.00213807402179, 0.000938932353165, -2.81878164969e-05, -0.000168813450728, -0.000987448031083, 0.000969968445133, -0.0074151577428, 0.0162601321936, -0.00595464743674, 0.000104408063635], [-0.000617402140051, 0.00198186514899, -0.00166463572532, 0.00337699963711, -0.00199112249538, -0.000276062608464, -0.000204052194022, -0.000411608052673, -0.000509062956553, 0.00135327037424, -0.00595464743674, 0.021357756108, -0.00848284829408], [0.000407495099353, -0.00140300986823, 0.000437124428572, -0.00308032194152, 0.00049065699568, -8.81364831002e-05, 0.000262611283688, 0.00122714461759, -0.0024224689696, 0.00103930954356, 0.000104408063635, -0.00848284829408, 0.0193093195558]]
    },
    "melbands": {
        "dmean": [0.0021096309647, 0.00183523457963, 0.00137861084659, 0.00060017890064, 0.000372466369299, 0.000464612850919, 0.000196524677449, 0.000212473954889, 0.000133114066557, 7.22923796275e-05, 3.89074375562e-05, 5.7719029428e-05, 7.25542777218e-05, 4.81504685013e-05, 2.92886361422e-05, 1.92171009985e-05, 1.79213548108e-05, 1.35961263368e-05, 1.69306476892e-05, 1.54556473717e-05, 1.86678098544e-05, 1.45054791574e-05, 9.68599852058e-06, 1.00074012153e-05, 1.1237734725e-05, 1.1846706002e-05, 9.73192072706e-06, 8.65306719788e-06, 6.76286754242e-06, 7.66023094911e-06, 5.72955559619e-06, 5.34192486157e-06, 4.55758254247e-06, 4.40179246652e-06, 3.82347616323e-06, 3.05004073198e-06, 2.87386433229e-06, 2.3806057925e-06, 2.35327115661e-06, 1.86807130831e-06],
        "dmean2": [0.00296904798597, 0.0028139911592, 0.00235473271459, 0.00101795431692, 0.000587401795201, 0.000721475749742, 0.000311484822305, 0.000341692735674, 0.000211270758882, 0.000116976123536, 6.03190273978e-05, 8.80689622136e-05, 0.00011379596981, 7.71597478888e-05, 4.73166946904e-05, 3.09162060148e-05, 2.84512279904e-05, 2.06931563298e-05, 2.58537947957e-05, 2.46199015237e-05, 2.7847574529e-05, 2.09996778722e-05, 1.51552440002e-05, 1.57262056746e-05, 1.74744618562e-05, 1.85600219993e-05, 1.53617329488e-05, 1.34081001306e-05, 1.06879779196e-05, 1.23870358948e-05, 8.89600232767e-06, 8.20521472633e-06, 7.09553296474e-06, 6.96823508406e-06, 5.78688241148e-06, 4.54990049548e-06, 4.37458129454e-06, 3.56301325155e-06, 3.53247082785e-06, 2.7773508009e-06],
        "dvar": [1.90788068721e-05, 1.71670890268e-05, 7.37018262953e-06, 1.4364704839e-06, 3.73963644051e-07, 4.93207096497e-07, 1.96951475573e-07, 1.36750841762e-07, 5.93476308097e-08, 2.14237037e-08, 4.64458516092e-09, 1.33353674769e-08, 1.70747149753e-08, 8.73738859042e-09, 3.40854255931e-09, 1.05766229108e-09, 1.34756827919e-09, 9.91148829677e-10, 2.99641333967e-09, 1.49397849647e-09, 1.6686975135e-09, 1.06316189186e-09, 6.40836272936e-10, 7.49963091629e-10, 9.95410753823e-10, 9.336845741e-10, 8.18968559635e-10, 4.85728790522e-10, 2.89683776966e-10, 3.92538529459e-10, 1.76933606655e-10, 1.36986547106e-10, 1.07709743902e-10, 9.40669694915e-11, 7.37583466526e-11, 3.864464998e-11, 4.71728316132e-11, 2.28775991207e-11, 2.08200921781e-11, 1.08047269048e-11],
        "dvar2": [3.46018205164e-05, 3.94236267311e-05, 2.08499368455e-05, 3.93065556636e-06, 8.87154271823e-07, 1.09871848508e-06, 4.87302486363e-07, 3.05311885995e-07, 1.31808846504e-07, 5.15600682149e-08, 9.40172117936e-09, 2.65636863617e-08, 4.06085050031e-08, 2.13146567063e-08, 8.30170598931e-09, 2.57313348406e-09, 3.34362271204e-09, 2.11020600993e-09, 7.47605621854e-09, 3.3600295879e-09, 3.64389651786e-09, 2.17694662297e-09, 1.50518497666e-09, 1.85024806587e-09, 2.43627540364e-09, 2.36286545885e-09, 2.09717909705e-09, 1.09318998298e-09, 7.0000449881e-10, 9.72093405771e-10, 4.38626662769e-10, 3.21555920779e-10, 2.66247079939e-10, 2.30202704121e-10, 1.76195863455e-10, 8.95188159711e-11, 1.0549169871e-10, 5.35549972425e-11, 4.96467277011e-11, 2.42455916455e-11],
        "max": [0.044813759625, 0.0364987812936, 0.0228560399264, 0.013112208806, 0.00749839143828, 0.0061027626507, 0.00752520514652, 0.00415858346969, 0.00334623921663, 0.0018911609659, 0.00132758764084, 0.00216151145287, 0.0020485711284, 0.00112417037599, 0.000987010891549, 0.000334727170411, 0.000442138407379, 0.000372904760297, 0.000604384229518, 0.000442354386905, 0.00053357280558, 0.00044193409849, 0.000355834315997, 0.000409473112086, 0.000420871016104, 0.000349040637957, 0.000318680482451, 0.000304394372506, 0.00018650473794, 0.000274539343081, 0.000169909166289, 0.000109728171083, 0.000117332449008, 8.89073562576e-05, 9.63720667642e-05, 6.95863855071e-05, 0.000129665611894, 5.85048692301e-05, 4.72404572065e-05, 2.91402120638e-05],
        "mean": [0.00400394154713, 0.00293711246923, 0.00184757565148, 0.000769022502936, 0.000544996873941, 0.00066007609712, 0.000221496651648, 0.000278871244518, 0.000171501204022, 9.26675638766e-05, 5.69981821172e-05, 8.37994084577e-05, 9.5414921816e-05, 6.07501315244e-05, 3.76215211872e-05, 2.57879655692e-05, 2.30475870922e-05, 1.8172124328e-05, 1.84405362234e-05, 2.05488777283e-05, 2.51363198913e-05, 1.91392173292e-05, 1.2608364159e-05, 1.13472942758e-05, 1.26410295707e-05, 1.34111469379e-05, 1.03556849353e-05, 9.39671645028e-06, 7.95052983449e-06, 8.44373971631e-06, 6.41079941488e-06, 6.35838978269e-06, 5.42894122191e-06, 5.02736929775e-06, 4.55923373011e-06, 3.70358566215e-06, 3.51910784957e-06, 2.86735848931e-06, 2.77762660517e-06, 2.27485566029e-06],
        "median": [0.00133525254205, 0.00134029577021, 0.00113367824815, 0.000420435186243, 0.000203938063351, 0.000255511462456, 7.962390373e-05, 8.4249972133e-05, 6.44649626338e-05, 3.32982526743e-05, 2.47542484431e-05, 2.54086407949e-05, 3.14168755722e-05, 1.8004759113e-05, 1.51680214913e-05, 1.04254058897e-05, 7.74558520789e-06, 6.07050878898e-06, 5.65132540942e-06, 7.16467820894e-06, 8.65429228725e-06, 6.61800959278e-06, 4.12313829656e-06, 3.33162506649e-06, 4.33330160376e-06, 5.05155912833e-06, 3.29420754497e-06, 2.52102290688e-06, 2.08011965697e-06, 1.83665451914e-06, 1.66513348177e-06, 1.9757269456e-06, 1.69443842424e-06, 1.30113244268e-06, 1.46379966282e-06, 1.21073048831e-06, 9.9888461591e-07, 7.79438209975e-07, 7.22139873233e-07, 5.45809541563e-07],
        "min": [7.6029853954e-24, 1.09232141708e-23, 9.77090769158e-24, 1.65911284988e-23, 5.27749326099e-24, 1.42298642834e-23, 1.28153980261e-23, 5.57724738877e-24, 3.70743602311e-24, 8.59764433357e-24, 9.27144277602e-24, 1.2087753516e-23, 6.15667440113e-24, 5.39553367369e-24, 1.01648758717e-23, 1.86446864741e-23, 1.08719248013e-23, 6.98638646833e-24, 1.36675074322e-23, 5.59543181593e-24, 1.32956936217e-23, 1.11817838428e-23, 7.29677325782e-24, 7.3153193777e-24, 9.44264215853e-24, 7.92278802865e-24, 7.37218914922e-24, 9.72546220369e-24, 1.82482822915e-23, 1.08239928238e-23, 7.23513008896e-24, 7.69673283651e-24, 8.19782990528e-24, 1.05885762193e-23, 1.36886141945e-23, 1.08143466327e-23, 9.68955719959e-24, 1.26661234548e-23, 8.8641428466e-24, 9.61550367097e-24],
        "stdev": [0.00699318991974, 0.00461457110941, 0.0024343249388, 0.00112286687363, 0.000878797087353, 0.000959626049735, 0.000436761853052, 0.000472850981168, 0.00030411183252, 0.000171960811713, 0.000100775243482, 0.000181060779141, 0.000168418715475, 0.000107271465822, 6.40271100565e-05, 3.95009592467e-05, 4.25317157351e-05, 3.97428921133e-05, 5.42846282769e-05, 4.71644452773e-05, 5.30242214154e-05, 4.18343297497e-05, 2.90544521704e-05, 2.8043270504e-05, 3.10128925776e-05, 2.92692020594e-05, 2.66081387963e-05, 2.37621952692e-05, 1.91171930055e-05, 2.05986143555e-05, 1.40232978083e-05, 1.25694023154e-05, 1.09155935206e-05, 1.05989247459e-05, 9.40979680308e-06, 7.33304204914e-06, 8.06182924862e-06, 5.63408821108e-06, 5.46293995285e-06, 4.19008620156e-06],
        "var": [4.89047051815e-05, 2.1294268663e-05, 5.92593823967e-06, 1.26082989027e-06, 7.72284295181e-07, 9.20882200717e-07, 1.90760928831e-07, 2.23588045856e-07, 9.24840151129e-08, 2.9570522031e-08, 1.01556496546e-08, 3.27830065316e-08, 2.83648642352e-08, 1.15071676632e-08, 4.0994709849e-09, 1.56032575749e-09, 1.80894677015e-09, 1.57949753277e-09, 2.94682078739e-09, 2.22448504061e-09, 2.81156808946e-09, 1.75011105608e-09, 8.44161240909e-10, 7.86425036203e-10, 9.61799528909e-10, 8.56686166451e-10, 7.07993053073e-10, 5.64641944312e-10, 3.65467073271e-10, 4.24302926127e-10, 1.96652888418e-10, 1.57989885063e-10, 1.19150175837e-10, 1.12337202041e-10, 8.85442830167e-11, 5.37735064809e-11, 6.49930873009e-11, 3.17429520169e-11, 2.98437108359e-11, 1.75568240501e-11]
    },
    "melbands128": {
