{
"lowlevel": {
    "average_loudness": 0.986462235451,
    "barkbands_crest": {
        "dmean": 3.09859132767,
        "dmean2": 4.42656707764,
        "dvar": 11.1195850372,
        "dvar2": 21.6770935059,
        "max": 26.2408809662,
        "mean": 13.5088701248,
        "median": 12.3098831177,
        "min": 2.87079238892,
        "stdev": 6.18278455734,
        "var": 38.2268257141
    },
    "barkbands_flatness_db": {
        "dmean": 0.0381732955575,
        "dmean2": 0.0524963513017,
        "dvar": 0.00179835536983,
        "dvar2": 0.00310537265614,
        "max": 0.503655195236,
        "mean": 0.196286782622,
        "median": 0.18422845006,
        "min": 0.0370339304209,
        "stdev": 0.0901844277978,
        "var": 0.00813323166221
    },
    "barkbands_kurtosis": {
        "dmean": 16.7021083832,
        "dmean2": 25.4060649872,
        "dvar": 3261.62695312,
        "dvar2": 7650.09082031,
        "max": 973.75970459,
        "mean": 21.1210918427,
        "median": 3.42148065567,
        "min": -1.83007442951,
        "stdev": 65.0314865112,
        "var": 4229.09423828
    },
    "barkbands_skewness": {
        "dmean": 1.23693799973,
        "dmean2": 1.69220519066,
        "dvar": 3.03377556801,
        "dvar2": 5.82645797729,
        "max": 23.1581611633,
        "mean": 2.6349465847,
        "median": 1.71633410454,
        "min": -1.78666841984,
        "stdev": 3.083776474,
        "var": 9.50967788696
    },
    "barkbands_spread": {
        "dmean": 8.62019538879,
        "dmean2": 12.7834644318,
        "dvar": 165.332946777,
        "dvar2": 408.195495605,
        "max": 90.8098068237,
        "mean": 18.0015277863,
        "median": 13.8850078583,
        "min": 0.173416763544,
        "stdev": 15.2834653854,
        "var": 233.584320068
    },
    "dissonance": {
        "dmean": 0.0330695547163,
        "dmean2": 0.0542425438762,
        "dvar": 0.00108491641004,
        "dvar2": 0.00273151369765,
        "max": 0.500000059605,
        "mean": 0.437583833933,
        "median": 0.449810057878,
        "min": 0.177364304662,
        "stdev": 0.0475734993815,
        "var": 0.00226323795505
    },
    "dynamic_complexity": 4.22296094894,
    "erbbands_crest": {
        "dmean": 2.75661826134,
        "dmean2": 4.29933834076,
        "dvar": 5.95462179184,
        "dvar2": 13.7336378098,
        "max": 26.541135788,
        "mean": 9.87891483307,
        "median": 9.40480422974,
        "min": 2.87797522545,
        "stdev": 3.85073423386,
        "var": 14.8281536102
    },
    "erbbands_flatness_db": {
        "dmean": 0.0282353330404,
        "dmean2": 0.0361867547035,
        "dvar": 0.000764595519286,
        "dvar2": 0.00129171076696,
        "max": 0.365271300077,
        "mean": 0.171636223793,
        "median": 0.175358906388,
        "min": 0.0557770729065,
        "stdev": 0.0556133054197,
        "var": 0.00309283961542
    },
    "erbbands_kurtosis": {
        "dmean": 1.54540646076,
        "dmean2": 2.35105824471,
        "dvar": 3.53624200821,
        "dvar2": 8.20115566254,
        "max": 18.983007431,
        "mean": 1.45931220055,
        "median": 0.596654176712,
        "min": -1.86249601841,
        "stdev": 2.87978482246,
        "var": 8.29316043854
    },
    "erbbands_skewness": {
        "dmean": 0.49923619628,
        "dmean2": 0.711237847805,
        "dvar": 0.22534789145,
        "dvar2": 0.493817210197,
        "max": 3.67111563683,
        "mean": 0.396300852299,
        "median": 0.403809785843,
        "min": -3.50723648071,
        "stdev": 0.844987571239,
        "var": 0.714004039764
    },
    "erbbands_spread": {
        "dmean": 16.1170444489,
        "dmean2": 23.4472846985,
        "dvar": 645.614257812,
        "dvar2": 1361.06835938,
        "max": 206.417663574,
        "mean": 39.506816864,
        "median": 29.4123210907,
        "min": 4.07833337784,
        "stdev": 33.7587585449,
        "var": 1139.65368652
    },
    "hfc": {
        "dmean": 17.8798522949,
        "dmean2": 27.1298751831,
        "dvar": 1687.48278809,
        "dvar2": 4333.78662109,
        "max": 313.186828613,
        "mean": 18.7555999756,
        "median": 4.91967964172,
        "min": 1.12952915542e-16,
        "stdev": 38.4214515686,
        "var": 1476.20800781
    },
    "loudness_ebu128": {
        "integrated": -9.57484722137,
        "loudness_range": 0.874268531799,
        "momentary": {
            "dmean": 1.14152336121,
            "dmean2": 1.94219064713,
            "dvar": 1.17248570919,
            "dvar2": 2.5555434227,
            "max": -7.24148178101,
            "mean": -9.80111312866,
            "median": -9.66167449951,
            "min": -16.4305744171,
            "stdev": 1.52968776226,
            "var": 2.33994460106
        },
        "short_term": {
            "dmean": 0.167291462421,
            "dmean2": 0.256781846285,
            "dvar": 0.015966353938,
            "dvar2": 0.0324634201825,
            "max": -9.09138202667,
            "mean": -9.60519123077,
            "median": -9.54502391815,
            "min": -10.7369804382,
            "stdev": 0.340765625238,
            "var": 0.116121210158
        }
    },
    "melbands_crest": {
        "dmean": 4.21597957611,
        "dmean2": 6.09732437134,
        "dvar": 20.3481903076,
        "dvar2": 40.4442405701,
        "max": 37.4000930786,
        "mean": 21.1504878998,
        "median": 20.9189357758,
        "min": 2.03492546082,
        "stdev": 8.94592189789,
        "var": 80.029510498
    },
    "melbands_flatness_db": {
        "dmean": 0.0477633215487,
        "dmean2": 0.0650472342968,
        "dvar": 0.00312280654907,
        "dvar2": 0.00609521009028,
        "max": 0.6374964118,
        "mean": 0.277929574251,
        "median": 0.263889402151,
        "min": 0.00591994635761,
        "stdev": 0.114302411675,
        "var": 0.0130650419742
    },
    "melbands_kurtosis": {
        "dmean": 39.4915924072,
        "dmean2": 54.8465270996,
        "dvar": 9556.21484375,
        "dvar2": 16278.8476562,
        "max": 1661.7277832,
        "mean": 56.4272880554,
        "median": 8.99219894409,
        "min": -1.64976036549,
        "stdev": 143.816680908,
        "var": 20683.2382812
    },
    "melbands_skewness": {
        "dmean": 1.77153015137,
        "dmean2": 2.47208213806,
        "dvar": 6.86924028397,
        "dvar2": 13.0268888474,
        "max": 29.7586345673,
        "mean": 4.22877883911,
        "median": 2.52794027328,
        "min": -1.00734508038,
        "stdev": 4.55495500565,
        "var": 20.7476158142
    },
    "melbands_spread": {
        "dmean": 10.2273797989,
        "dmean2": 16.3984508514,
        "dvar": 359.709777832,
        "dvar2": 935.623474121,
        "max": 219.480209351,
        "mean": 17.9728527069,
        "median": 13.0410785675,
        "min": 0.185566529632,
        "stdev": 18.9564380646,
        "var": 359.3465271
    },
    "pitch_salience": {
        "dmean": 0.0955319404602,
        "dmean2": 0.143345102668,
        "dvar": 0.0126176038757,
        "dvar2": 0.0252719298005,
        "max": 0.912559211254,
        "mean": 0.444418370724,
        "median": 0.448845505714,
        "min": 0.0317633487284,
        "stdev": 0.206101700664,
        "var": 0.0424779132009
    },
    "silence_rate_20dB": {
        "dmean": 0,
        "dmean2": 0,
        "dvar": 0,
        "dvar2": 0,
        "max": 1,
        "mean": 1,
        "median": 1,
        "min": 1,
        "stdev": 0,
        "var": 0
    },
    "silence_rate_30dB": {
        "dmean": 0.0325077399611,
        "dmean2": 0.0650658383965,
        "dvar": 0.031450919807,
        "dvar2": 0.0732263177633,
        "max": 1,
        "mean": 0.973704576492,
        "median": 1,
        "min": 0,
        "stdev": 0.160013407469,
        "var": 0.0256042927504
    },
    "silence_rate_60dB": {
        "dmean": 0.0588235296309,
        "dmean2": 0.116963595152,
        "dvar": 0.0553635507822,
        "dvar2": 0.112578697503,
        "max": 1,
        "mean": 0.0982211902738,
        "median": 0,
        "min": 0,
        "stdev": 0.297616004944,
        "var": 0.0885752886534
    },
    "spectral_centroid": {
        "dmean": 425.250061035,
        "dmean2": 644.507019043,
        "dvar": 414936.53125,
        "dvar2": 882126.8125,
        "max": 11378.8994141,
        "mean": 1148.78894043,
        "median": 931.392089844,
        "min": 118.827888489,
        "stdev": 814.176879883,
        "var": 662884
    },
    "spectral_complexity": {
        "dmean": 5.34829711914,
        "dmean2": 7.81719589233,
        "dvar": 68.7530517578,
        "dvar2": 139.907699585,
        "max": 57,
        "mean": 11.5761795044,
        "median": 9,
        "min": 0,
        "stdev": 10.8321838379,
        "var": 117.336212158
    },
    "spectral_decrease": {
        "dmean": 3.4039253638e-09,
        "dmean2": 4.83769113657e-09,
        "dvar": 3.32298205136e-17,
        "dvar2": 6.80807694439e-17,
        "max": -8.51105576761e-29,
        "mean": -6.05851280255e-09,
        "median": -2.86007595385e-09,
        "min": -3.62368126616e-08,
        "stdev": 7.46499217996e-09,
        "var": 5.5726105694e-17
    },
    "spectral_energy": {
        "dmean": 0.0138030108064,
        "dmean2": 0.0194775033742,
        "dvar": 0.000538012187462,
        "dvar2": 0.00110563973431,
        "max": 0.146608024836,
        "mean": 0.0245674271137,
        "median": 0.0113508040085,
        "min": 1.05663922201e-20,
        "stdev": 0.0303357280791,
        "var": 0.000920256366953
    },
    "spectral_energyband_high": {
        "dmean": 0.00136413704604,
        "dmean2": 0.00214443728328,
        "dvar": 1.13474534373e-05,
        "dvar2": 2.92586501018e-05,
        "max": 0.0256667081267,
        "mean": 0.00117463548668,
        "median": 8.11769205029e-05,
        "min": 6.90302092897e-21,
        "stdev": 0.00304630934261,
        "var": 9.2800009952e-06
    },
    "spectral_energyband_low": {
        "dmean": 0.00857690628618,
        "dmean2": 0.0136851388961,
        "dvar": 0.00045734050218,
        "dvar2": 0.000983254169114,
        "max": 0.134920120239,
        "mean": 0.0138327842578,
        "median": 0.00709213595837,
        "min": 1.34399620818e-22,
        "stdev": 0.0254564490169,
        "var": 0.000648030836601
    },
    "spectral_energyband_middle_high": {
        "dmean": 0.00211937422864,
        "dmean2": 0.0033653867431,
        "dvar": 1.69263330463e-05,
        "dvar2": 4.33734421676e-05,
        "max": 0.029115755111,
        "mean": 0.00277093797922,
        "median": 0.000950493791606,
        "min": 1.95712730271e-21,
        "stdev": 0.00440149754286,
        "var": 1.93731812033e-05
    },
    "spectral_energyband_middle_low": {
        "dmean": 0.00501321954653,
        "dmean2": 0.00676655955613,
        "dvar": 7.29667299311e-05,
        "dvar2": 0.00012958793377,
        "max": 0.0683150887489,
        "mean": 0.00762980524451,
        "median": 0.00242293812335,
        "min": 4.07021505695e-22,
        "stdev": 0.01220922824,
        "var": 0.00014906526485
    },
    "spectral_entropy": {
        "dmean": 0.280566990376,
        "dmean2": 0.382813513279,
        "dvar": 0.0899562835693,
        "dvar2": 0.144246220589,
        "max": 9.78905105591,
        "mean": 7.36777114868,
        "median": 7.33296298981,
        "min": 5.53310918808,
        "stdev": 0.579512834549,
        "var": 0.33583509922
    },
    "spectral_flux": {
        "dmean": 0.038691714406,
        "dmean2": 0.0594718679786,
        "dvar": 0.00286683137529,
        "dvar2": 0.00573260430247,
        "max": 0.349614500999,
        "mean": 0.0792595371604,
        "median": 0.0478002801538,
        "min": 1.02792954704e-10,
        "stdev": 0.0770515576005,
        "var": 0.00593694252893
    },
    "spectral_kurtosis": {
        "dmean": 3.28667449951,
        "dmean2": 5.03787612915,
        "dvar": 23.9002323151,
        "dvar2": 50.0825233459,
        "max": 88.5712432861,
        "mean": 6.16476774216,
        "median": 3.98881578445,
        "min": -1.27553093433,
        "stdev": 7.55000352859,
        "var": 57.0025558472
    },
    "spectral_rms": {
        "dmean": 0.00119437871035,
        "dmean2": 0.00154647720046,
        "dvar": 2.67930613518e-06,
        "dvar2": 4.76167133456e-06,
        "max": 0.0119596077129,
        "mean": 0.00418480997905,
        "median": 0.00332775525749,
        "min": 3.21071251183e-12,
        "stdev": 0.0025407851208,
        "var": 6.45558884571e-06
    },
    "spectral_rolloff": {
        "dmean": 861.013061523,
        "dmean2": 1515.5814209,
        "dvar": 3898712.25,
        "dvar2": 10129404,
        "max": 19207.6171875,
        "mean": 1139.66333008,
        "median": 602.9296875,
        "min": 43.06640625,
        "stdev": 1733.63708496,
        "var": 3005497.75
    },
    "spectral_skewness": {
        "dmean": 0.432026922703,
        "dmean2": 0.618921995163,
        "dvar": 0.195126652718,
        "dvar2": 0.396613538265,
        "max": 7.35142755508,
        "mean": 1.8029551506,
        "median": 1.65657746792,
        "min": -0.0419392734766,
        "stdev": 0.848371982574,
        "var": 0.71973502636
    },
    "spectral_spread": {
        "dmean": 1205409.25,
        "dmean2": 1611827,
        "dvar": 3.25038505984e+12,
        "dvar2": 4.54889150874e+12,
        "max": 42211648,
        "mean": 5021306.5,
        "median": 4319211.5,
        "min": 899847.6875,
        "stdev": 2810806.5,
        "var": 7.90063375974e+12
    },
    "spectral_strongpeak": {
        "dmean": 0.245043113828,
        "dmean2": 0.376096785069,
        "dvar": 0.179868847132,
        "dvar2": 0.408710211515,
        "max": 4.15371990204,
        "mean": 0.44252410531,
        "median": 0.226364552975,
        "min": 0,
        "stdev": 0.557289779186,
        "var": 0.310571879148
    },
    "zerocrossingrate": {
        "dmean": 0.0141816977412,
        "dmean2": 0.0169226713479,
        "dvar": 0.000536740233656,
        "dvar2": 0.000680392200593,
        "max": 0.49365234375,
        "mean": 0.0413165986538,
        "median": 0.03271484375,
        "min": 0.001953125,
        "stdev": 0.0354165062308,
        "var": 0.0012543288758
    },
    "barkbands": {
        "dmean": [0.000186916557141, 0.0062779081054, 0.00391009775922, 0.00178788020276, 0.00109601696022, 0.00175989186391, 0.00050060742069, 0.000560320913792, 0.00036148930667, 0.00030719480128, 0.000177296155016, 0.00037364216405, 0.000244922208367, 0.000209192352486, 0.000226579242735, 0.00012763137056, 0.000280447275145, 0.000256304570939, 0.000274182180874, 0.000317336671287, 0.000203144809348, 0.000106598017737, 0.000123798949062, 0.00020662676252, 0.000301249499898, 0.000336922239512, 1.3497476175e-05],
        "dmean2": [0.000254800484981, 0.00944079179317, 0.00689596589655, 0.00304495566525, 0.00162321596872, 0.00247696856968, 0.000775385589805, 0.000759194779675, 0.00047579681268, 0.000401452940423, 0.000266974122496, 0.000579394749366, 0.000368870678358, 0.00029233796522, 0.000366713327821, 0.000209734542295, 0.000522333488334, 0.000454032589914, 0.000497676373925, 0.000572956865653, 0.000345112057403, 0.00016169124865, 0.000185263066669, 0.000339609949151, 0.000498629000504, 0.000560380110983, 2.20811998588e-05],
        "dvar": [9.43701508049e-08, 0.00027532238164, 0.000199895686819, 1.89033835341e-05, 5.16768841408e-06, 1.69097420439e-05, 1.11033693884e-06, 8.77078377925e-07, 4.13892252027e-07, 4.66944527489e-07, 1.58728695965e-07, 7.71747693307e-07, 2.14123431874e-07, 1.74917275331e-07, 2.10275217682e-07, 7.89699825532e-08, 8.84306643911e-07, 5.12974224876e-07, 5.59709121717e-07, 8.00088969299e-07, 2.44228800739e-07, 4.55072850514e-08, 6.82889265136e-08, 3.98514288236e-07, 9.12983011858e-07, 1.12310794975e-06, 3.03692537784e-09],
        "dvar2": [1.6548675319e-07, 0.000510719662998, 0.000544508860912, 5.07265176566e-05, 1.01410014395e-05, 3.07735899696e-05, 2.96768257613e-06, 1.53077837695e-06, 6.92390472068e-07, 7.58004887302e-07, 3.27797465616e-07, 1.85218834758e-06, 4.77866933579e-07, 3.3457146742e-07, 5.33543300207e-07, 2.05124209174e-07, 2.57995361608e-06, 1.45216176861e-06, 1.57214412866e-06, 2.24962309403e-06, 6.64118374516e-07, 1.08277035338e-07, 1.54051491563e-07, 1.06068716832e-06, 2.40336225943e-06, 2.89308013635e-06, 7.60713980696e-09],
        "max": [0.00346198235638, 0.131459385157, 0.102818697691, 0.0317084528506, 0.019488228485, 0.0472387671471, 0.00741950562224, 0.0173923522234, 0.00851527228951, 0.013471648097, 0.00756797520444, 0.0101721668616, 0.00502011971548, 0.00848974101245, 0.00524646090344, 0.00213661766611, 0.00888053327799, 0.00750627275556, 0.00527705391869, 0.00549355754629, 0.00380365876481, 0.0015759532107, 0.00216125417501, 0.00545377377421, 0.00829382427037, 0.00796910189092, 0.000715739850421],
        "mean": [0.000690513057634, 0.00973895378411, 0.00268562091514, 0.00142413633876, 0.00126229180023, 0.00249229883775, 0.00064495409606, 0.000970678112935, 0.000574904319365, 0.000509950739797, 0.000248690514127, 0.000460143521195, 0.000342148297932, 0.000296971207717, 0.000248498894507, 0.000113977621368, 0.00019170390442, 0.00019626217545, 0.000183244366781, 0.000211145699723, 0.00019389881345, 0.000111918023322, 0.00012526732462, 0.000163141870871, 0.000224642324611, 0.000251242745435, 1.02278872873e-05],
        "median": [0.00068647559965, 0.00542942015454, 0.000118451782328, 0.000221111025894, 0.0001937445777, 0.000293015997158, 0.000121988079627, 0.000364972016541, 0.00011238186562, 9.59964381764e-05, 5.37238665856e-05, 5.86909118283e-05, 6.44000610919e-05, 4.10108732467e-05, 3.42485182045e-05, 1.37723936859e-05, 1.94692602236e-05, 1.85673125088e-05, 5.79822290092e-06, 8.85645295057e-06, 2.45548126259e-05, 1.42404624057e-05, 9.33040337259e-06, 3.3385254028e-06, 3.13963641929e-06, 1.17925321774e-06, 1.92580547065e-08],
        "min": [1.66285741483e-23, 7.51277804648e-23, 4.40456163472e-23, 1.81016661814e-23, 1.24204003825e-22, 4.51932669694e-23, 3.5367266021e-23, 5.33610381187e-23, 1.1600212233e-22, 8.85431616407e-23, 1.28138576963e-22, 1.59892765375e-22, 8.12603662093e-23, 2.29028535109e-22, 1.01770307983e-22, 1.77005506059e-22, 2.20432122187e-22, 2.47840053043e-22, 2.51382076372e-22, 3.73252301474e-22, 3.3260352334e-22, 4.74258884816e-22, 6.94535860151e-22, 8.27290573452e-22, 1.01892636959e-21, 1.40389251082e-21, 2.32464106393e-21],
        "stdev": [0.000600968312938, 0.0199570283294, 0.0116921868175, 0.00366754294373, 0.00262822746299, 0.00562130846083, 0.00119661714416, 0.00156045379117, 0.00105122546665, 0.00116643856745, 0.000551826902665, 0.00107994920108, 0.000606187561061, 0.000666500709485, 0.0004943429376, 0.000260218017502, 0.000694480026141, 0.000566047674511, 0.00058733439073, 0.000702653545886, 0.000454802036984, 0.000224113522563, 0.000271975295618, 0.000541751447599, 0.000824737595394, 0.000924310705159, 4.88268233312e-05],
        "var": [3.61162904028e-07, 0.000398282980314, 0.000136707240017, 1.3450870938e-05, 6.90757906341e-06, 3.15991092066e-05, 1.43189254231e-06, 2.43501585828e-06, 1.10507505724e-06, 1.36057894906e-06, 3.04512923321e-07, 1.16629018976e-06, 3.67463371731e-07, 4.44223189788e-07, 2.44374945169e-07, 6.77134153193e-08, 4.8230253924e-07, 3.20409981214e-07, 3.44961705423e-07, 4.93722041028e-07, 2.06844902095e-07, 5.02268697744e-08, 7.39705541264e-08, 2.93494622383e-07, 6.80192101754e-07, 8.54350275858e-07, 2.38405850617e-09]
    },
    "erbbands": {
        "dmean": [0.176184013486, 1.47795581818, 3.90644836426, 5.55982637405, 4.31653404236, 4.07766151428, 6.51861429214, 19.3785533905, 8.33990383148, 6.67580318451, 13.2975416183, 10.3871364594, 10.3812360764, 6.12537288666, 11.6334133148, 12.700003624, 11.551659584, 11.0630664825, 12.9194335938, 8.81503105164, 7.12200069427, 15.5817604065, 12.5165987015, 16.934463501, 14.0046710968, 14.8866462708, 9.06593132019, 6.7719244957, 3.91347169876, 3.95860528946, 3.59094834328, 4.11158657074, 3.58378624916, 2.98750948906, 2.46527290344, 1.45102059841, 0.558518707752, 0.111615583301, 0.00217440444976, 8.23861337267e-05],
        "dmean2": [0.231834352016, 2.32568311691, 6.42445611954, 9.75297164917, 6.90085601807, 6.1105670929, 8.79070663452, 27.6482772827, 12.2953634262, 9.62675762177, 17.9609775543, 13.3290691376, 13.2027463913, 8.0811920166, 18.7167053223, 18.5469379425, 16.9099254608, 15.5283241272, 20.2141208649, 14.3943586349, 11.9253644943, 28.8784942627, 22.3488883972, 30.9945030212, 25.1772155762, 26.8659477234, 15.8472280502, 10.9041023254, 6.00125312805, 5.88675260544, 5.34019470215, 6.55331850052, 6.00058078766, 4.9556221962, 4.11910152435, 2.44565701485, 0.905147612095, 0.183493927121, 0.00355225033127, 0.000128700950881],
        "dvar": [0.165787562728, 17.4805984497, 165.907180786, 279.420898438, 76.8613586426, 83.114692688, 211.576019287, 2164.41943359, 284.637207031, 131.389129639, 611.229736328, 343.102783203, 619.200378418, 174.986785889, 873.414855957, 710.82220459, 442.021270752, 489.206573486, 814.78125, 341.373046875, 285.844573975, 2764.13769531, 1274.97363281, 2436.84741211, 1328.27294922, 1867.00756836, 453.049438477, 293.466796875, 61.628742218, 64.8704833984, 59.4580459595, 141.533187866, 124.218910217, 86.8155975342, 67.5275802612, 25.8494529724, 2.76168894768, 0.170791149139, 6.29789938102e-05, 5.769584277e-08],
        "dvar2": [0.290338307619, 33.2107391357, 434.892578125, 774.60736084, 170.02053833, 154.529632568, 426.428344727, 4335.296875, 739.916320801, 295.743743896, 1026.31713867, 549.950317383, 1014.83074951, 283.989440918, 2233.60986328, 1485.43029785, 931.600036621, 873.351745605, 2031.99829102, 891.015563965, 769.418273926, 8063.56445312, 3618.40234375, 6948.453125, 3678.16503906, 5258.234375, 1259.11962891, 777.657165527, 143.86907959, 147.475280762, 137.836715698, 376.989837646, 331.361846924, 227.380203247, 180.73210144, 68.85962677, 6.93403863907, 0.447175741196, 0.00016374225379, 1.47781051396e-07],
        "max": [3.67577028275, 29.9858970642, 92.0876159668, 129.26574707, 79.2054367065, 71.2660751343, 185.182388306, 524.25958252, 130.097671509, 107.541816711, 476.866790771, 238.96786499, 541.969848633, 242.461700439, 362.906066895, 373.800994873, 226.069839478, 481.738983154, 415.253112793, 176.035324097, 118.015838623, 513.685058594, 401.876678467, 396.197265625, 213.500305176, 283.120269775, 141.38973999, 137.371139526, 58.8800125122, 58.9461593628, 75.1611480713, 105.117897034, 88.2057418823, 75.8864364624, 71.637840271, 44.1567115784, 13.2696266174, 4.65259361267, 0.08882586658, 0.00242911814712],
        "mean": [0.367558628321, 1.82690370083, 3.17006731033, 4.13282871246, 4.29846048355, 4.363322258, 9.7495508194, 24.5061531067, 11.8256292343, 10.5469236374, 22.4928150177, 17.4217338562, 16.4130096436, 11.1591491699, 13.5466451645, 18.1512832642, 17.9006214142, 17.6519374847, 14.4795351028, 9.22035694122, 6.58820486069, 10.8976955414, 10.0156812668, 11.159907341, 9.29639434814, 9.85155296326, 8.1049785614, 6.60792016983, 4.18471193314, 4.10692739487, 3.48462796211, 3.38790273666, 2.73436450958, 2.24905800819, 1.79376029968, 1.06189358234, 0.428884834051, 0.082839101553, 0.00163407705259, 8.00283887656e-05],
        "median": [0.296953588724, 0.465694457293, 0.170859783888, 0.490198105574, 0.886906147003, 0.360643804073, 0.901673734188, 2.69623732567, 1.83925032616, 3.78442907333, 6.61220121384, 4.455037117, 3.22197628021, 2.56566143036, 2.46821808815, 2.68159580231, 3.6452498436, 3.61319923401, 2.03065061569, 1.29816484451, 0.877677261829, 1.18308627605, 1.30913186073, 0.514434576035, 0.301115304232, 0.406714588404, 1.0027064085, 0.754930794239, 0.528801977634, 0.377391040325, 0.251526713371, 0.113196708262, 0.0427816398442, 0.0384959764779, 0.019901888445, 0.006465442013, 0.00182698050048, 0.00020069925813, 1.15296916192e-05, 1.38271716423e-05],
        "min": [2.29221865353e-21, 1.67607956295e-20, 4.67791671343e-20, 6.17749919812e-20, 2.10911061695e-19, 3.44824248714e-19, 7.36586964686e-19, 2.30596370536e-19, 4.76431889496e-19, 8.74513644962e-19, 9.09047194765e-19, 2.95805887506e-18, 2.85221863414e-18, 3.94533140298e-18, 4.34025058847e-18, 8.24687903777e-18, 3.84603374712e-18, 1.09975366431e-17, 6.68846538705e-18, 5.57228689362e-18, 1.16867336033e-17, 1.08506450827e-17, 1.32388710211e-17, 1.24149205489e-17, 1.75732651709e-17, 1.5623398635e-17, 1.12837345176e-17, 1.97454282245e-17, 1.39743065504e-17, 1.77734428791e-17, 1.82454668782e-17, 1.80316985925e-17, 1.29769955654e-17, 1.01669587998e-17, 8.06434012892e-18, 5.2286322266e-18, 2.75140661737e-18, 1.10232528612e-18, 3.09108812912e-19, 3.57317790816e-20],
        "stdev": [0.521520853043, 4.83700847626, 11.5642738342, 13.3889608383, 9.08965969086, 10.4925813675, 20.1051654816, 59.6103019714, 21.307636261, 15.5253572464, 41.2078514099, 30.6512069702, 40.125617981, 24.9915332794, 30.301240921, 40.100566864, 30.1382064819, 37.1682624817, 29.8345680237, 19.1266784668, 14.9347610474, 38.8717498779, 28.0344791412, 37.8812255859, 29.3068084717, 33.8421554565, 18.712097168, 16.3233585358, 8.50766181946, 8.55061244965, 7.81720638275, 10.3648300171, 9.45233821869, 8.07427120209, 6.96041202545, 4.2751698494, 1.49292242527, 0.353670924902, 0.00684654666111, 0.000219190260395],
        "var": [0.271984010935, 23.3966522217, 133.732437134, 179.264282227, 82.6219100952, 110.094261169, 404.217651367, 3553.38818359, 454.015380859, 241.036712646, 1698.08703613, 939.496520996, 1610.06530762, 624.576782227, 918.165222168, 1608.05541992, 908.311462402, 1381.4798584, 890.101501465, 365.829803467, 223.047073364, 1511.01293945, 785.932006836, 1434.98730469, 858.889038086, 1145.29150391, 350.142608643, 266.452056885, 72.3803100586, 73.1129684448, 61.1087150574, 107.429695129, 89.3466949463, 65.193862915, 48.4473381042, 18.2770786285, 2.22881746292, 0.125083118677, 4.68752041343e-05, 4.804437026e-08]
    },
    "gfcc": {
        "mean": [-72.0471725464, 103.087608337, -100.083076477, 25.5333461761, -55.9210586548, 22.5320739746, -23.3156738281, 8.55651855469, -13.232796669, 11.825220108, -13.0085916519, 2.59888982773, -11.1338357925],
        "cov": [[12506.2802734, -3836.46704102, -42.3712310791, 277.583221436, -787.097167969, -12.0887947083, -1319.89379883, 188.725662231, -955.258300781, 354.015808105, -571.984375, 400.097930908, -517.806396484], [-3836.46704102, 2872.66088867, -412.187438965, -495.94329834, 72.7361450195, -251.220367432, 652.86529541, -256.141693115, 607.58026123, -125.218833923, 356.289123535, -40.3743553162, 344.513519287], [-42.3712310791, -412.187438965, 1326.90722656, 262.667022705, 271.852813721, 285.427459717, 51.1670265198, 204.587478638, -64.4175872803, -4.54436922073, 54.0951766968, 16.9011821747, -11.002245903], [277.583221436, -495.94329834, 262.667022705, 544.976989746, 145.482818604, 54.2209739685, 2.88708949089, 116.967887878, 20.1546497345, 47.6408576965, 1.7655684948, -11.7925386429, 51.8417892456], [-787.097167969, 72.7361450195, 271.852813721, 145.482818604, 628.157592773, 169.973327637, 217.876647949, 167.349731445, 127.674560547, 29.9277820587, 27.1443595886, -53.3518295288, 40.4636192322], [-12.0887947083, -251.220367432, 285.427459717, 54.2209739685, 169.973327637, 514.924499512, 293.491699219, 119.512916565, 47.2011909485, 64.3586807251, 34.9371376038, 1.04852998257, -43.6842384338], [-1319.89379883, 652.86529541, 51.1670265198, 2.88708949089, 217.876647949, 293.491699219, 655.067810059, 2.62046861649, 219.188705444, 23.5361328125, 150.930770874, -9.70917606354, 74.9725265503], [188.725662231, -256.141693115, 204.587478638, 116.967887878, 167.349731445, 119.512916565, 2.62046861649, 292.204467773, 47.435962677, 60.7462921143, -9.44087600708, -9.95326137543, 35.1880302429], [-955.258300781, 607.58026123, -64.4175872803, 20.1546497345, 127.674560547, 47.2011909485, 219.188705444, 47.435962677, 359.825042725, 67.0672836304, 71.3348464966, -33.6382064819, 107.026100159], [354.015808105, -125.218833923, -4.54436922073, 47.6408576965, 29.9277820587, 64.3586807251, 23.5361328125, 60.7462921143, 67.0672836304, 203.496063232, -0.963913738728, -8.23182964325, 6.38693857193], [-571.984375, 356.289123535, 54.0951766968, 1.7655684948, 27.1443595886, 34.9371376038, 150.930770874, -9.44087600708, 71.3348464966, -0.963913738728, 164.18321228, 17.3315753937, 46.5795860291], [400.097930908, -40.3743553162, 16.9011821747, -11.7925386429, -53.3518295288, 1.04852998257, -9.70917606354, -9.95326137543, -33.6382064819, -8.23182964325, 17.3315753937, 114.135658264, 8.68680477142], [-517.806396484, 344.513519287, -11.002245903, 51.8417892456, 40.4636192322, -43.6842384338, 74.9725265503, 35.1880302429, 107.026100159, 6.38693857193, 46.5795860291, 8.68680477142, 175.109695435]],
        "icov": [[0.000199263246031, 0.000127790553961, 4.30559157394e-05, -2.71341959888e-05, 0.000121594850498, -1.1156284927e-05, 0.00012540674652, -9.00778613868e-05, 0.000115266171633, -0.000331698829541, 0.000224984498345, -0.00064174173167, 0.000195715794689], [0.000127790553961, 0.00315969623625, -0.000222211834625, 0.0027362620458, -0.000145408936078, 0.00214210036211, -0.00172917346936, 0.00150588899851, -0.00329999253154, 0.0013643844286, -0.00291664083488, 0.00067498156568, -0.00294735375792], [4.30559157394e-05, -0.000222211834625, 0.00112754444126, -0.000582740001846, -0.000266693154117, -0.000760955153964, 0.00047640450066, -0.00049648998538, 0.000614385819063, 9.49642999331e-05, -0.000305236055283, -0.000365396379493, 0.000295805104543], [-2.71341959888e-05, 0.0027362620458, -0.000582740001846, 0.00472358614206, -0.000499049609061, 0.00196285010315, -0.00152389111463, 0.00106139190029, -0.00285779708065, 0.0010137836216, -0.00265567470342, 0.00124953698833, -0.00350037636235], [0.000121594850498, -0.000145408936078, -0.000266693154117, -0.000499049609061, 0.00252653495409, -7.47969461372e-05, -0.000588394177612, -0.00122695136815, -6.69231521897e-05, -7.93277213234e-05, 0.000750217295717, 0.000357539625838, 0.000499121611938], [-1.1156284927e-05, 0.00214210036211, -0.000760955153964, 0.00196285010315, -7.47969461372e-05, 0.00549456523731, -0.00347844301723, -0.000268281961326, -0.00206971121952, 0.000316640449455, -0.00148053641897, 0.00036933546653, -0.00031616538763], [0.00012540674652, -0.00172917346936, 0.00047640450066, -0.00152389111463, -0.000588394177612, -0.00347844301723, 0.00486279418692, 0.000251966295764, 0.000881925807334, -0.000724839395843, -0.000130355896545, -0.000932191032916, 0.000957835000008], [-9.00778613868e-05, 0.00150588899851, -0.00049648998538, 0.00106139190029, -0.00122695136815, -0.000268281961326, 0.000251966295764, 0.0062360484153, -0.00219546910375, 4.5124823373e-05, -0.00130267173517, 0.000813693390228, -0.00307254702784], [0.000115266171633, -0.00329999253154, 0.000614385819063, -0.00285779708065, -6.69231521897e-05, -0.00206971121952, 0.000881925807334, -0.00219546910375, 0.00855745188892, -0.00319615472108, 0.00279497657903, -0.000328808586346, 0.00143983587623], [-0.000331698829541, 0.0013643844286, 9.49642999331e-05, 0.0010137836216, -7.93277213234e-05, 0.000316640449455, -0.000724839395843, 4.5124823373e-05, -0.00319615472108, 0.00723274284974, -0.00187066337094, 0.00161271984689, -0.00145346997306], [0.000224984498345, -0.00291664083488, -0.000305236055283, -0.00265567470342, 0.000750217295717, -0.00148053641897, -0.000130355896545, -0.00130267173517, 0.00279497657903, -0.00187066337094, 0.0120318876579, -0.00312021025456, 0.00225968565792], [-0.00064174173167, 0.00067498156568, -0.000365396379493, 0.00124953698833, 0.000357539625838, 0.00036933546653, -0.000932191032916, 0.000813693390228, -0.000328808586346, 0.00161271984689, -0.00312021025456, 0.0123109314591, -0.00301198172383], [0.000195715794689, -0.00294735375792, 0.000295805104543, -0.00350037636235, 0.000499121611938, -0.00031616538763, 0.000957835000008, -0.00307254702784, 0.00143983587623, -0.00145346997306, 0.00225968565792, -0.00301198172383, 0.011877451092]]
    },
    "melbands": {
        "dmean": [0.00170407281257, 0.00173264613841, 0.000923697079998, 0.000293302669888, 0.000203324816539, 0.000391007983126, 0.00012619124027, 7.56941299187e-05, 0.000100067431049, 6.55366675346e-05, 5.07750373799e-05, 2.50963184953e-05, 3.26057452185e-05, 4.20403521275e-05, 2.39100099861e-05, 2.78281022474e-05, 2.15773579839e-05, 2.11870992644e-05, 1.31278320623e-05, 1.09873417387e-05, 7.70303176978e-06, 1.64550929185e-05, 1.41176205943e-05, 1.22439378174e-05, 1.42097796925e-05, 9.11086954147e-06, 1.25836459119e-05, 9.09348091227e-06, 5.54250073037e-06, 4.88961313749e-06, 3.55081533598e-06, 2.17489991883e-06, 2.17359911403e-06, 2.17627280108e-06, 2.10110692933e-06, 1.83446240953e-06, 2.97600695376e-06, 2.579237389e-06, 2.32375282394e-06, 2.59464945884e-06],
        "dmean2": [0.0024543448817, 0.00274206139147, 0.00158522650599, 0.000448552018497, 0.000267943367362, 0.000558942323551, 0.000188163889106, 0.000105934144813, 0.000135542388307, 8.36277104099e-05, 6.52602902846e-05, 3.36029079335e-05, 5.22014379385e-05, 6.42682789476e-05, 3.40199876518e-05, 4.16781876993e-05, 3.08446578856e-05, 3.34217111231e-05, 2.13473322219e-05, 1.85044973477e-05, 1.31776405397e-05, 3.05981593556e-05, 2.60856886598e-05, 2.17581746256e-05, 2.61029617832e-05, 1.62989799719e-05, 2.31496615015e-05, 1.63808890647e-05, 9.61943442235e-06, 8.61747685121e-06, 5.4739261941e-06, 3.39745793099e-06, 3.43101828548e-06, 3.21590846397e-06, 3.13184273182e-06, 2.78652328234e-06, 4.86314502268e-06, 4.36002073911e-06, 3.77061815016e-06, 4.35688843936e-06],
        "dvar": [1.85099288501e-05, 2.5236788133e-05, 6.31477223578e-06, 3.87749707897e-07, 1.89616770285e-07, 8.54288316532e-07, 6.90288999294e-08, 1.42215226262e-08, 3.45187380901e-08, 1.44264697965e-08, 1.51089949441e-08, 3.39159544893e-09, 6.24589224785e-09, 1.08703819279e-08, 2.24431850882e-09, 2.89563395484e-09, 2.28851959605e-09, 2.44129272353e-09, 6.78337552795e-10, 5.86180992634e-10, 3.64872715375e-10, 2.99505154011e-09, 2.40256259332e-09, 1.02658814782e-09, 1.77173598015e-09, 6.07320527202e-10, 1.3254479736e-09, 7.07656655496e-10, 1.78763781555e-10, 1.46609294149e-10, 7.61339949418e-11, 1.93460959058e-11, 2.2977857464e-11, 1.91685799178e-11, 2.02762858587e-11, 1.74896781086e-11, 8.96398857919e-11, 6.44916620107e-11, 5.4122095694e-11, 6.51951964636e-11],
        "dvar2": [3.4046908695e-05, 5.91090793023e-05, 1.7115202354e-05, 7.50492120005e-07, 3.57171614951e-07, 1.67490827607e-06, 1.83735068049e-07, 2.9757103448e-08, 5.87247654948e-08, 2.3404551186e-08, 2.48393110525e-08, 5.47349099378e-09, 1.54315529244e-08, 2.61199524232e-08, 4.56534188231e-09, 6.29718899248e-09, 4.13707024194e-09, 6.1638232296e-09, 1.78567427511e-09, 1.56210400171e-09, 9.71943747707e-10, 8.73885497299e-09, 6.99140478844e-09, 2.90032531325e-09, 5.06315522841e-09, 1.69302527553e-09, 3.73171360479e-09, 1.98994509759e-09, 4.9686194048e-10, 4.1276326801e-10, 1.9054523237e-10, 4.46093439965e-11, 5.74650257934e-11, 4.19712736788e-11, 4.64635725728e-11, 4.31471108842e-11, 2.43170872327e-10, 1.73709241436e-10, 1.40135986149e-10, 1.7192031132e-10],
        "max": [0.0365826487541, 0.0337037295103, 0.0187226943672, 0.0055737812072, 0.00528699532151, 0.0100770695135, 0.00189103092998, 0.00126431707758, 0.00351633760147, 0.00158348085824, 0.00266546197236, 0.00107381481212, 0.000943581864703, 0.00136784510687, 0.000888105772901, 0.000589109491557, 0.00107325683348, 0.000757184636313, 0.000200622933335, 0.000153875080287, 0.000138236922794, 0.000483453739434, 0.000597507576458, 0.00027565099299, 0.000331832299707, 0.000179159193067, 0.000223619950702, 0.000179127295269, 0.000103257138107, 9.47003063629e-05, 7.01458120602e-05, 3.33151947416e-05, 3.19307619066e-05, 3.27726629621e-05, 4.79734953842e-05, 3.4384054743e-05, 8.67036360432e-05, 6.36636395939e-05, 5.75191043026e-05, 6.35037067696e-05],
        "mean": [0.00295653846115, 0.00186370476149, 0.000731116742827, 0.00030594211421, 0.000305131834466, 0.000512353377417, 0.000171827996382, 0.000125570310047, 0.000166851532413, 0.000106510604382, 7.94758452685e-05, 4.49102408311e-05, 3.95433671656e-05, 4.83282965433e-05, 3.90977438656e-05, 3.90130007872e-05, 3.26832705468e-05, 2.30071163969e-05, 1.42815570143e-05, 1.01190553323e-05, 7.12687369742e-06, 1.11684439617e-05, 1.04199325506e-05, 9.09705067897e-06, 9.12968698685e-06, 6.31598049949e-06, 7.81307335274e-06, 6.10428787695e-06, 4.85466898681e-06, 4.64377535536e-06, 3.48554999619e-06, 2.33922582993e-06, 2.14433794099e-06, 2.29768102145e-06, 2.02792534765e-06, 1.72752538674e-06, 2.32021557167e-06, 1.92282413991e-06, 1.82173198482e-06, 1.91884214473e-06],
        "median": [0.00204611569643, 0.000260397355305, 0.000105259350676, 4.52704334748e-05, 2.9013152016e-05, 5.92427022639e-05, 2.52058325714e-05, 5.05790594616e-05, 4.59464827145e-05, 2.1843930881e-05, 1.40639276651e-05, 9.24918367673e-06, 7.8876309999e-06, 6.54012728774e-06, 6.32184037386e-06, 7.46990644984e-06, 4.96994289279e-06, 2.86594763566e-06, 2.05546893994e-06, 1.16614796752e-06, 8.64860624006e-07, 1.07009054773e-06, 1.38324423915e-06, 8.22385800348e-07, 2.94181148774e-07, 1.9504621207e-07, 1.96719341261e-07, 2.29198064972e-07, 5.49494757252e-07, 6.11516213667e-07, 3.33890369575e-07, 2.67620748673e-07, 2.65370829311e-07, 1.76447358058e-07, 1.37239425158e-07, 1.06638808006e-07, 4.24358255202e-08, 2.44146196593e-08, 2.66570197027e-08, 3.01700495697e-08],
        "min": [2.14856222962e-23, 2.31159816394e-23, 1.49336449623e-23, 1.95390212378e-23, 2.55658696443e-23, 5.85932906012e-24, 7.06134876471e-24, 1.08853819795e-23, 7.02476770681e-24, 1.97784247453e-23, 1.42453732888e-23, 1.56354377116e-23, 1.49662690939e-23, 1.9219641434e-23, 1.55621099351e-23, 6.11306695915e-24, 2.36529087704e-23, 1.19022631294e-23, 7.16306212324e-24, 9.29422034579e-24, 1.56182594766e-23, 1.19800235154e-23, 1.05407799259e-23, 1.26451287106e-23, 9.07680318057e-24, 1.17467281578e-23, 1.61172786857e-23, 8.19676888736e-24, 6.46752898514e-24, 7.45502269971e-24, 1.40894549309e-23, 8.83878017964e-24, 6.25364907221e-24, 1.14882144949e-23, 1.07134032024e-23, 1.02879736717e-23, 1.13559793191e-23, 8.57967092671e-24, 9.86895758007e-24, 8.21751356259e-24],
        "stdev": [0.00523346243426, 0.0052928510122, 0.00207958044484, 0.000697478128131, 0.000623415689915, 0.00120751420036, 0.00031595423934, 0.000176545712748, 0.00030748534482, 0.000198490946786, 0.000197652800125, 0.000108403830382, 8.87833011802e-05, 0.000111188914161, 9.05561828404e-05, 7.07753570168e-05, 7.79484398663e-05, 4.99329798913e-05, 2.74723151961e-05, 2.24348659685e-05, 1.68096721609e-05, 4.04186794185e-05, 3.64800071111e-05, 2.5649638701e-05, 3.21305706166e-05, 1.96056898858e-05, 2.82678593067e-05, 2.09144218388e-05, 1.16168957902e-05, 1.09752299977e-05, 8.69931500347e-06, 4.83160192744e-06, 4.61280342279e-06, 4.79505752082e-06, 4.60200453745e-06, 4.02928890253e-06, 8.00333418738e-06, 6.7130977186e-06, 6.46436819807e-06, 6.9356037784e-06],
        "var": [2.73891291727e-05, 2.80142703559e-05, 4.32465458289e-06, 4.86475755679e-07, 3.88647094951e-07, 1.45809042351e-06, 9.98270834884e-08, 3.11683869825e-08, 9.4547239371e-08, 3.93986532288e-08, 3.90666308192e-08, 1.17513900832e-08, 7.88247422889e-09, 1.2362974644e-08, 8.20042167504e-09, 5.00915087187e-09, 6.07595973534e-09, 2.49330245339e-09, 7.54728057828e-10, 5.03323216439e-10, 2.82565082443e-10, 1.63366964401e-09, 1.33079103293e-09, 6.57903953538e-10, 1.03237352e-09, 3.84383108676e-10, 7.99071919744e-10, 4.37413022469e-10, 1.34952257702e-10, 1.20455673214e-10, 7.56780749178e-11, 2.33443767789e-11, 2.1277956827e-11, 2.29925765927e-11, 2.11784444148e-11, 1.62351677241e-11, 6.40533528995e-11, 4.50656838236e-11, 4.17880556547e-11, 4.81026017629e-11]
    },
    "melbands128": {
