{
"lowlevel": {
    "average_loudness": 0.962187826633,
    "barkbands_crest": {
        "dmean": 3.27567481995,
        "dmean2": 5.01499700546,
        "dvar": 12.3707485199,
        "dvar2": 23.8334102631,
        "max": 25.6385917664,
        "mean": 12.5402879715,
        "median": 11.038813591,
        "min": 3.34298634529,
        "stdev": 5.87699699402,
        "var": 34.5390930176
    },
    "barkbands_flatness_db": {
        "dmean": 0.0419575758278,
        "dmean2": 0.0595178343356,
        "dvar": 0.00187480426393,
        "dvar2": 0.00330464355648,
        "max": 0.504575550556,
        "mean": 0.195806786418,
        "median": 0.181972578168,
        "min": 0.0409550145268,
        "stdev": 0.0758658871055,
        "var": 0.00575563265011
    },
    "barkbands_kurtosis": {
        "dmean": 13.4770526886,
        "dmean2": 20.4362373352,
        "dvar": 924.352233887,
        "dvar2": 2029.29333496,
        "max": 374.414306641,
        "mean": 15.2948265076,
        "median": 4.62350702286,
        "min": -1.86045122147,
        "stdev": 33.7931251526,
        "var": 1141.9753418
    },
    "barkbands_skewness": {
        "dmean": 1.18638014793,
        "dmean2": 1.68100142479,
        "dvar": 2.11308026314,
        "dvar2": 4.06070947647,
        "max": 15.1029872894,
        "mean": 2.48601508141,
        "median": 1.94371032715,
        "min": -1.91447079182,
        "stdev": 2.22273731232,
        "var": 4.94056081772
    },
    "barkbands_spread": {
        "dmean": 6.2770075798,
        "dmean2": 9.55245685577,
        "dvar": 83.1720657349,
        "dvar2": 164.180343628,
        "max": 109.500839233,
        "mean": 14.3568248749,
        "median": 11.8398723602,
        "min": 0.209607601166,
        "stdev": 12.7774629593,
        "var": 163.263565063
    },
    "dissonance": {
        "dmean": 0.032975461334,
        "dmean2": 0.0547105185688,
        "dvar": 0.00116098381113,
        "dvar2": 0.00299469567835,
        "max": 0.499999880791,
        "mean": 0.439794450998,
        "median": 0.447198718786,
        "min": 0.0145722832531,
        "stdev": 0.0408896356821,
        "var": 0.0016719623236
    },
    "dynamic_complexity": 2.54852819443,
    "erbbands_crest": {
        "dmean": 2.87567353249,
        "dmean2": 4.55193805695,
        "dvar": 6.72404384613,
        "dvar2": 15.5732917786,
        "max": 30.3927516937,
        "mean": 9.40637397766,
        "median": 8.60133647919,
        "min": 2.90493392944,
        "stdev": 3.98111462593,
        "var": 15.8492736816
    },
    "erbbands_flatness_db": {
        "dmean": 0.0269888434559,
        "dmean2": 0.0377077944577,
        "dvar": 0.000709781772457,
        "dvar2": 0.00131906569004,
        "max": 0.327886492014,
        "mean": 0.17167031765,
        "median": 0.168996959925,
        "min": 0.0619481801987,
        "stdev": 0.0480532087386,
        "var": 0.00230911071412
    },
    "erbbands_kurtosis": {
        "dmean": 1.54633843899,
        "dmean2": 2.40169334412,
        "dvar": 5.57189655304,
        "dvar2": 14.1007699966,
        "max": 36.9986915588,
        "mean": 1.72314524651,
        "median": 1.07577371597,
        "min": -1.75626957417,
        "stdev": 2.83554959297,
        "var": 8.04034137726
    },
    "erbbands_skewness": {
        "dmean": 0.46417081356,
        "dmean2": 0.712203919888,
        "dvar": 0.216508448124,
        "dvar2": 0.493142277002,
        "max": 5.22524261475,
        "mean": 0.640983462334,
        "median": 0.617388725281,
        "min": -2.42548274994,
        "stdev": 0.774641990662,
        "var": 0.600070238113
    },
    "erbbands_spread": {
        "dmean": 10.9460544586,
        "dmean2": 16.1083698273,
        "dvar": 150.428604126,
        "dvar2": 336.49597168,
        "max": 135.513214111,
        "mean": 32.8917236328,
        "median": 28.867559433,
        "min": 5.09164237976,
        "stdev": 19.0488624573,
        "var": 362.859130859
    },
    "hfc": {
        "dmean": 9.80927276611,
        "dmean2": 15.8184671402,
        "dvar": 335.980194092,
        "dvar2": 901.213867188,
        "max": 128.940811157,
        "mean": 16.8027954102,
        "median": 12.8028240204,
        "min": 1.21185586099e-16,
        "stdev": 17.9190425873,
        "var": 321.092071533
    },
    "loudness_ebu128": {
        "integrated": -7.71638298035,
        "loudness_range": 1.4235534668,
        "momentary": {
            "dmean": 0.686879336834,
            "dmean2": 0.781546354294,
            "dvar": 0.343450754881,
            "dvar2": 0.407117605209,
            "max": -5.50459003448,
            "mean": -7.94586992264,
            "median": -7.57844352722,
            "min": -15.8455820084,
            "stdev": 1.53936767578,
            "var": 2.36965274811
        },
        "short_term": {
            "dmean": 0.0746967494488,
            "dmean2": 0.0888577252626,
            "dvar": 0.00325811398216,
            "dvar2": 0.0046363840811,
            "max": -6.79907417297,
            "mean": -7.67561912537,
            "median": -7.60551548004,
            "min": -9.06626033783,
            "stdev": 0.501788198948,
            "var": 0.251791417599
        }
    },
    "melbands_crest": {
        "dmean": 4.22703790665,
        "dmean2": 6.56009960175,
        "dvar": 19.8612518311,
        "dvar2": 42.8230705261,
        "max": 35.3473052979,
        "mean": 18.4755325317,
        "median": 17.1268367767,
        "min": 2.07798528671,
        "stdev": 7.90204954147,
        "var": 62.4423866272
    },
    "melbands_flatness_db": {
        "dmean": 0.0506373532116,
        "dmean2": 0.0699379220605,
        "dvar": 0.00277944328263,
        "dvar2": 0.00490221008658,
        "max": 0.631156206131,
        "mean": 0.267089128494,
        "median": 0.243992000818,
        "min": 0.00657262653112,
        "stdev": 0.0978049635887,
        "var": 0.00956581160426
    },
    "melbands_kurtosis": {
        "dmean": 21.2963600159,
        "dmean2": 32.2081031799,
        "dvar": 1873.63098145,
        "dvar2": 4393.31787109,
        "max": 680.142333984,
        "mean": 26.879655838,
        "median": 10.6798143387,
        "min": -1.31250715256,
        "stdev": 47.8277282715,
        "var": 2287.49169922
    },
    "melbands_skewness": {
        "dmean": 1.33619856834,
        "dmean2": 1.97854602337,
        "dvar": 2.51398634911,
        "dvar2": 5.10849428177,
        "max": 18.3384342194,
        "mean": 3.25127792358,
        "median": 2.67529416084,
        "min": -0.214185252786,
        "stdev": 2.46607637405,
        "var": 6.08153295517
    },
    "melbands_spread": {
        "dmean": 7.12804698944,
        "dmean2": 11.0349931717,
        "dvar": 127.324714661,
        "dvar2": 296.167938232,
        "max": 150.17666626,
        "mean": 15.1122484207,
        "median": 12.2408466339,
        "min": 0.216524854302,
        "stdev": 13.4320812225,
        "var": 180.420806885
    },
    "pitch_salience": {
        "dmean": 0.108308799565,
        "dmean2": 0.169633865356,
        "dvar": 0.014064932242,
        "dvar2": 0.0289893746376,
        "max": 0.958848237991,
        "mean": 0.485424011946,
        "median": 0.517542541027,
        "min": 0.0550220012665,
        "stdev": 0.182364329696,
        "var": 0.0332567468286
    },
    "silence_rate_20dB": {
        "dmean": 0,
        "dmean2": 0,
        "dvar": 0,
        "dvar2": 0,
        "max": 1,
        "mean": 1,
        "median": 1,
        "min": 1,
        "stdev": 0,
        "var": 0
    },
    "silence_rate_30dB": {
        "dmean": 0.0804953575134,
        "dmean2": 0.161115407944,
        "dvar": 0.0740155875683,
        "dvar2": 0.138253971934,
        "max": 1,
        "mean": 0.895591676235,
        "median": 1,
        "min": 0,
        "stdev": 0.3057911098,
        "var": 0.0935082063079
    },
    "silence_rate_60dB": {
        "dmean": 0.0139318881556,
        "dmean2": 0.0271107666194,
        "dvar": 0.0137381600216,
        "dvar2": 0.032573249191,
        "max": 1,
        "mean": 0.0193348806351,
        "median": 0,
        "min": 0,
        "stdev": 0.137699127197,
        "var": 0.0189610477537
    },
    "spectral_centroid": {
        "dmean": 291.390625,
        "dmean2": 435.677368164,
        "dvar": 207497.28125,
        "dvar2": 357289.5625,
        "max": 10996.3876953,
        "mean": 921.474121094,
        "median": 834.489562988,
        "min": 137.683944702,
        "stdev": 615.478820801,
        "var": 378814.15625
    },
    "spectral_complexity": {
        "dmean": 4.86377716064,
        "dmean2": 7.76762199402,
        "dvar": 52.6814880371,
        "dvar2": 118.809761047,
        "max": 49,
        "mean": 13.8901777267,
        "median": 12,
        "min": 0,
        "stdev": 8.41850376129,
        "var": 70.8712081909
    },
    "spectral_decrease": {
        "dmean": 5.32439070611e-09,
        "dmean2": 7.18369053132e-09,
        "dvar": 8.18361345211e-17,
        "dvar2": 1.16097604768e-16,
        "max": -1.82087768816e-29,
        "mean": -1.12972458055e-08,
        "median": -5.94486104788e-09,
        "min": -6.06930754543e-08,
        "stdev": 1.29479795774e-08,
        "var": 1.6765017399e-16
    },
    "spectral_energy": {
        "dmean": 0.0205049626529,
        "dmean2": 0.0277774147689,
        "dvar": 0.00119200255722,
        "dvar2": 0.00169936753809,
        "max": 0.230769068003,
        "mean": 0.0441624745727,
        "median": 0.0240589436144,
        "min": 1.10606197114e-20,
        "stdev": 0.0494121797383,
        "var": 0.00244156364352
    },
    "spectral_energyband_high": {
        "dmean": 0.000426641869126,
        "dmean2": 0.000687569321599,
        "dvar": 7.50480694478e-07,
        "dvar2": 1.85372346095e-06,
        "max": 0.00646214000881,
        "mean": 0.000462818046799,
        "median": 0.000158673545229,
        "min": 8.22562214393e-21,
        "stdev": 0.00088860822143,
        "var": 7.89624607478e-07
    },
    "spectral_energyband_low": {
        "dmean": 0.0168978311121,
        "dmean2": 0.0237966813147,
        "dvar": 0.00126583920792,
        "dvar2": 0.00193202577066,
        "max": 0.22220915556,
        "mean": 0.0276028718799,
        "median": 0.00655769556761,
        "min": 4.7881809064e-23,
        "stdev": 0.047833763063,
        "var": 0.00228806887753
    },
    "spectral_energyband_middle_high": {
        "dmean": 0.00363755924627,
        "dmean2": 0.0060877641663,
        "dvar": 6.35486721876e-05,
        "dvar2": 0.00017731609114,
        "max": 0.0569301135838,
        "mean": 0.00549263646826,
        "median": 0.00231341668405,
        "min": 1.49362686505e-21,
        "stdev": 0.00799165386707,
        "var": 6.38665296719e-05
    },
    "spectral_energyband_middle_low": {
        "dmean": 0.0083549246192,
        "dmean2": 0.0141732981429,
        "dvar": 0.000237813859712,
        "dvar2": 0.00063875829801,
        "max": 0.108752220869,
        "mean": 0.0117781562731,
        "median": 0.00805626250803,
        "min": 3.45763035904e-22,
        "stdev": 0.0138573935255,
        "var": 0.000192027364392
    },
    "spectral_entropy": {
        "dmean": 0.321023225784,
        "dmean2": 0.459928840399,
        "dvar": 0.106403596699,
        "dvar2": 0.202778145671,
        "max": 9.79960441589,
        "mean": 7.2098326683,
        "median": 7.21291351318,
        "min": 5.3855843544,
        "stdev": 0.544993042946,
        "var": 0.297017395496
    },
    "spectral_flux": {
        "dmean": 0.0539286397398,
        "dmean2": 0.0780580937862,
        "dvar": 0.00449344143271,
        "dvar2": 0.00684710592031,
        "max": 0.488642513752,
        "mean": 0.113926969469,
        "median": 0.0681601092219,
        "min": 1.05169484232e-10,
        "stdev": 0.104865923524,
        "var": 0.0109968613833
    },
    "spectral_kurtosis": {
        "dmean": 3.49651956558,
        "dmean2": 5.47475481033,
        "dvar": 39.1736030579,
        "dvar2": 91.0382003784,
        "max": 82.4454498291,
        "mean": 7.43661260605,
        "median": 5.39479446411,
        "min": -1.25029528141,
        "stdev": 7.24953269958,
        "var": 52.555721283
    },
    "spectral_rms": {
        "dmean": 0.00136961403769,
        "dmean2": 0.00182881625369,
        "dvar": 3.81194195143e-06,
        "dvar2": 5.09806750415e-06,
        "max": 0.0150046842173,
        "mean": 0.00577483279631,
        "median": 0.00484480522573,
        "min": 3.28494284725e-12,
        "stdev": 0.00312036578543,
        "var": 9.73668193183e-06
    },
    "spectral_rolloff": {
        "dmean": 501.780822754,
        "dmean2": 818.046447754,
        "dvar": 1439560.875,
        "dvar2": 3054355.75,
        "max": 18798.4863281,
        "mean": 939.418334961,
        "median": 624.462890625,
        "min": 64.599609375,
        "stdev": 1284.16137695,
        "var": 1649070.375
    },
    "spectral_skewness": {
        "dmean": 0.417435586452,
        "dmean2": 0.622412860394,
        "dvar": 0.268557369709,
        "dvar2": 0.550013661385,
        "max": 6.58738470078,
        "mean": 2.14496803284,
        "median": 2.04441523552,
        "min": -0.0110977189615,
        "stdev": 0.752876639366,
        "var": 0.566823244095
    },
    "spectral_spread": {
        "dmean": 937923.4375,
        "dmean2": 1387850.25,
        "dvar": 1.65214538957e+12,
        "dvar2": 2.65165550387e+12,
        "max": 42664836,
        "mean": 4751149.5,
        "median": 4711457,
        "min": 807598.9375,
        "stdev": 1928041.875,
        "var": 3.71734557491e+12
    },
    "spectral_strongpeak": {
        "dmean": 0.402346551418,
        "dmean2": 0.677652299404,
        "dvar": 0.402170181274,
        "dvar2": 0.937799274921,
        "max": 5.42220640182,
        "mean": 0.810309171677,
        "median": 0.480113595724,
        "min": 0,
        "stdev": 0.919083058834,
        "var": 0.844713628292
    },
    "zerocrossingrate": {
        "dmean": 0.0110471742228,
        "dmean2": 0.0131087061018,
        "dvar": 0.000346739398083,
        "dvar2": 0.000399022712372,
        "max": 0.48095703125,
        "mean": 0.0380900911987,
        "median": 0.03369140625,
        "min": 0.001953125,
        "stdev": 0.0301754642278,
        "var": 0.000910558621399
    },
    "barkbands": {
        "dmean": [0.000647327920888, 0.0145634235814, 0.00674855383113, 0.00347593612969, 0.00340005150065, 0.00140869792085, 0.000755866291001, 0.000409876694903, 0.000684518832713, 0.000721860153135, 0.00110095599666, 0.000749038066715, 0.000536704901606, 0.000310461007757, 0.00017547555035, 0.000219496476348, 0.000342238607118, 0.000216451007873, 0.000143607874634, 0.000129981373902, 7.39317692933e-05, 7.53432541387e-05, 8.35290193208e-05, 7.91642087279e-05, 6.83891121298e-05, 1.9685136067e-05, 6.24176607289e-07],
        "dmean2": [0.001043145312, 0.0211494974792, 0.0122496280819, 0.0065393242985, 0.00582575332373, 0.00227703526616, 0.00129188969731, 0.00064378004754, 0.00100137898698, 0.00110969087109, 0.00195198575966, 0.00119825883303, 0.000856331957038, 0.000529853161424, 0.000301248917822, 0.000393958966015, 0.000623156840447, 0.000372973183403, 0.000252986152191, 0.000228804798098, 0.000122923025629, 0.000124667421915, 0.000138136761962, 0.000126628874568, 0.000110797154775, 3.20711587847e-05, 1.1096376511e-06],
        "dvar": [2.08051051231e-06, 0.00114663958084, 0.00039189265226, 8.01951173344e-05, 4.11970249843e-05, 6.86977909936e-06, 1.70545433775e-06, 6.74090188113e-07, 1.19563344469e-06, 2.05356150218e-06, 8.17366435513e-06, 1.72206739535e-06, 8.65278252604e-07, 3.92818634509e-07, 1.78566082809e-07, 3.75300686528e-07, 9.50265757638e-07, 2.67382432639e-07, 1.38042807407e-07, 1.1065314709e-07, 2.76184479731e-08, 2.97237896518e-08, 2.98002813537e-08, 2.19075246832e-08, 2.63163020264e-08, 2.13606154986e-09, 3.7418254259e-12],
        "dvar2": [5.18156548424e-06, 0.00214676838368, 0.00109545630403, 0.00022896892915, 0.000109658103611, 1.63031854754e-05, 4.44544866696e-06, 1.43289707921e-06, 1.9422755031e-06, 3.90511286241e-06, 2.27661530516e-05, 4.43792896476e-06, 2.07721518564e-06, 1.06068159766e-06, 4.84202814732e-07, 1.04680589175e-06, 2.69999168268e-06, 7.24447545508e-07, 3.8357103449e-07, 3.10503907031e-07, 6.95185136124e-08, 7.5332501126e-08, 7.66925367657e-08, 5.41474278748e-08, 6.64959145524e-08, 5.08085351569e-09, 1.05530298042e-11],
        "max": [0.0143696833402, 0.208354532719, 0.124228715897, 0.0626490786672, 0.0539035759866, 0.0479118265212, 0.0131096029654, 0.0145453289151, 0.0181851238012, 0.0290235560387, 0.0212177950889, 0.0112655805424, 0.00980159640312, 0.00743033410981, 0.00372611777857, 0.00480339583009, 0.0071210982278, 0.00452161347494, 0.00353281269781, 0.00267895380966, 0.00118297454901, 0.00133864674717, 0.00146734993905, 0.0013371250825, 0.00267440173775, 0.000595517165493, 2.77885774267e-05],
        "mean": [0.00134725112002, 0.0206561852247, 0.00449364352971, 0.002458141651, 0.00435318052769, 0.00202999543399, 0.000869112904184, 0.000605537148658, 0.00134148553479, 0.00101686140988, 0.00115839741193, 0.0011570120696, 0.000803297269158, 0.000355967291398, 0.000164571407367, 0.000180006943992, 0.000288878829451, 0.000216824570089, 0.00013515392493, 0.000118971758639, 6.45203253953e-05, 7.08067891537e-05, 8.68661372806e-05, 8.63150271471e-05, 8.08793993201e-05, 2.21437239816e-05, 4.84763006625e-07],
        "median": [0.000651996117085, 0.00315601564944, 0.000247647200013, 0.000485434837174, 0.0023775883019, 0.0011029773159, 0.000314887671266, 0.000195332046133, 0.00043773240759, 0.000227545388043, 0.000266789458692, 0.000265056471108, 0.000238017935771, 0.000102353282273, 4.07422812714e-05, 2.80890581053e-05, 3.91189241782e-05, 6.04988163104e-05, 4.81497845612e-05, 3.35429031111e-05, 8.69236373546e-06, 1.22427045426e-05, 2.68958483503e-05, 2.79104770016e-05, 3.15339530061e-05, 6.28838142802e-06, 5.06261912392e-08],
        "min": [6.67116553921e-24, 1.34612991915e-23, 2.90263452669e-23, 6.3750181821e-25, 2.67378881798e-23, 1.31782256065e-22, 3.9314571374e-23, 2.75017737488e-23, 1.07935609367e-22, 1.31595062527e-22, 9.93381299053e-23, 4.31486499436e-23, 8.66083067213e-23, 7.77043705752e-23, 8.64182227976e-23, 9.25893112652e-23, 2.5523605948e-22, 1.59323535968e-22, 2.58642979336e-22, 4.41264253651e-22, 4.10865871011e-22, 4.55408668521e-22, 7.39265712359e-22, 9.83422024788e-22, 1.48681029904e-21, 1.86005232639e-21, 2.29931350443e-21],
        "stdev": [0.0017427172279, 0.0402690321207, 0.0154891945422, 0.00681682163849, 0.00621973350644, 0.00305712618865, 0.00136313878465, 0.00117134384345, 0.00231517269276, 0.00239315791987, 0.00258828955702, 0.00186422537081, 0.00130681367591, 0.00065297994297, 0.000364852981875, 0.000496458786074, 0.000771782419179, 0.000460265146103, 0.000307965470711, 0.00027552380925, 0.000162263138918, 0.000168436861713, 0.000166656274814, 0.000154407869559, 0.000164392229635, 4.97775945405e-05, 1.55754287334e-06],
        "var": [3.03706315208e-06, 0.00162159500178, 0.000239915141719, 4.64690601802e-05, 3.86850842915e-05, 9.34602121561e-06, 1.85814735687e-06, 1.3720464267e-06, 5.36002426088e-06, 5.72720500713e-06, 6.69924293106e-06, 3.47533637068e-06, 1.70776195318e-06, 4.26382769092e-07, 1.33117694645e-07, 2.46471330456e-07, 5.95648089075e-07, 2.11843996567e-07, 9.48427327785e-08, 7.59133769179e-08, 2.63293244984e-08, 2.83709766791e-08, 2.77743144039e-08, 2.38417907639e-08, 2.70248055045e-08, 2.47780884699e-09, 2.42593987433e-12]
    },
    "erbbands": {
        "dmean": [0.481645524502, 3.38619947433, 7.7145075798, 9.65910816193, 11.5110502243, 12.5223426819, 9.02969551086, 13.6503257751, 9.51999282837, 10.4136838913, 9.59875869751, 14.9990568161, 19.7725372314, 32.8754692078, 39.3436698914, 26.5016002655, 23.3039035797, 16.8270320892, 10.2079772949, 9.84355640411, 14.77891922, 17.5536556244, 13.8347845078, 8.42327213287, 6.90036582947, 5.94818925858, 3.59859848022, 2.47554254532, 2.43241453171, 2.70303702354, 2.38338518143, 1.76003551483, 1.330732584, 0.878779947758, 0.428805083036, 0.137586191297, 0.027817549184, 0.00286881555803, 8.36390099721e-05, 2.46350919042e-05],
        "dmean2": [0.725005686283, 4.95848608017, 13.3026952744, 17.8387374878, 19.83070755, 21.6787281036, 14.8768815994, 22.3665981293, 16.0384159088, 17.5640392303, 14.4816532135, 22.7550525665, 29.3132724762, 54.0513305664, 70.3508911133, 41.1505203247, 36.5638084412, 27.8778896332, 17.1710700989, 17.2365436554, 26.7972984314, 31.8294620514, 23.9788093567, 14.9779691696, 12.2266530991, 10.4193077087, 6.10205125809, 3.98653149605, 3.94828343391, 4.52120304108, 3.93038868904, 2.86662840843, 2.09520554543, 1.41016495228, 0.698821127415, 0.224126502872, 0.0458811894059, 0.00475101545453, 0.000137740280479, 3.40575752489e-05],
        "dvar": [1.47113871574, 63.4851722717, 433.017913818, 700.817749023, 553.986206055, 647.863830566, 281.339599609, 864.002624512, 232.132400513, 352.249816895, 296.805267334, 625.720825195, 1283.69628906, 4384.32226562, 12335.4384766, 1826.9798584, 1594.73400879, 930.645874023, 473.056274414, 653.265014648, 1728.4206543, 2468.92651367, 1244.24438477, 504.416442871, 283.142303467, 237.479049683, 72.5209655762, 30.3955764771, 31.5434188843, 34.0598220825, 23.5038967133, 12.6025485992, 5.62270689011, 2.97688627243, 1.59530627728, 0.111776649952, 0.0037922472693, 4.41559495812e-05, 4.08074036784e-08, 1.48303724856e-09],
        "dvar2": [3.07653522491, 133.568618774, 1151.13378906, 1988.07165527, 1426.24328613, 1810.22119141, 703.206787109, 2046.22619629, 618.636413574, 909.706542969, 629.922668457, 1072.36303711, 2364.87768555, 11269.1845703, 35049.3398438, 4256.66552734, 3789.33813477, 2532.34863281, 1207.39831543, 1791.34997559, 4879.52392578, 6982.58935547, 3413.48681641, 1399.08703613, 795.244689941, 664.27557373, 190.450576782, 71.9539718628, 76.413520813, 89.0459442139, 60.6289291382, 32.0671081543, 13.7078924179, 7.29042100906, 4.19753170013, 0.260101377964, 0.00955506879836, 0.000112831199658, 1.09575559293e-07, 2.23451390724e-09],
        "max": [9.19861316681, 52.564956665, 126.486274719, 189.914382935, 178.191818237, 263.034942627, 224.628799438, 620.923950195, 129.991607666, 164.938964844, 303.65145874, 519.834655762, 583.426757812, 986.672302246, 904.6796875, 527.773132324, 434.723876953, 322.587493896, 337.879455566, 242.707687378, 282.658752441, 337.6690979, 325.404052734, 236.116989136, 141.495956421, 119.397644043, 57.6193275452, 57.9097099304, 60.9447021484, 41.2575836182, 40.4242210388, 27.3090400696, 23.0004673004, 19.6509056091, 24.905916214, 3.72774910927, 0.994068145752, 0.0716058760881, 0.00242393976077, 0.000249180273386],
        "mean": [0.713084697723, 4.10146713257, 5.96561861038, 6.8096780777, 12.0334482193, 15.9465389252, 11.7795648575, 19.2260303497, 12.7405805588, 12.9767055511, 15.9109172821, 28.3401584625, 33.4855079651, 43.7845878601, 39.6520309448, 44.6314697266, 38.154083252, 23.7330207825, 11.615568161, 9.05242538452, 12.4809999466, 15.6540374756, 13.4139385223, 7.90028190613, 6.73552513123, 5.43258285522, 3.12720417976, 2.27644300461, 2.30194187164, 2.73544239998, 2.45297503471, 1.68356359005, 1.56959247589, 1.08207428455, 0.457667708397, 0.154548168182, 0.0306935757399, 0.00290842563845, 9.94108122541e-05, 5.38212188985e-05],
        "median": [0.182702079415, 0.307793229818, 0.379707992077, 1.25148403645, 4.68467760086, 8.07084178925, 6.10897493362, 9.83567810059, 6.98814821243, 5.45305204391, 6.2831401825, 9.63486099243, 11.4211063385, 14.2714834213, 10.5159416199, 11.1295289993, 11.5973100662, 8.00955867767, 3.83117723465, 2.19180822372, 1.70846569538, 2.79334115982, 3.43792057037, 2.58689594269, 2.80492353439, 1.51962828636, 0.472028017044, 0.280408829451, 0.348972409964, 0.772459089756, 0.733120799065, 0.440884619951, 0.542936563492, 0.444696396589, 0.138725191355, 0.0411508604884, 0.00852285325527, 0.000760010792874, 4.36607806478e-05, 3.23984168062e-05],
        "min": [4.49101820247e-22, 3.23359239783e-21, 3.00671169999e-20, 1.56980898778e-20, 2.76843553907e-20, 9.00992265057e-20, 6.97789195427e-19, 8.89290399425e-19, 5.39706450068e-19, 6.69581095768e-19, 1.14659423474e-18, 2.99457166127e-18, 3.14393297615e-18, 4.04496406699e-18, 2.96516766524e-18, 2.11119301829e-18, 2.90135957318e-18, 3.25073688248e-18, 4.09052889744e-18, 6.48501452513e-18, 8.22636330422e-18, 1.11499761038e-17, 6.8923244626e-18, 1.51075175198e-17, 1.49482951781e-17, 2.30082735836e-17, 1.45950129559e-17, 1.90367710132e-17, 1.59259002394e-17, 1.84130387811e-17, 2.00810865366e-17, 1.92268025241e-17, 1.7492092283e-17, 1.39718547871e-17, 1.2041630482e-17, 7.50060661529e-18, 3.17331691305e-18, 1.0683298173e-18, 3.09901691379e-19, 3.78480980606e-20],
        "stdev": [1.34801626205, 8.95194149017, 17.6559276581, 20.295923233, 21.7649383545, 24.0723190308, 17.840177536, 33.4072799683, 16.3481693268, 19.9630241394, 25.3415241241, 49.9753074646, 63.5357704163, 83.5531005859, 90.6244888306, 74.3522338867, 59.919708252, 37.020740509, 22.0672206879, 21.277513504, 33.3203735352, 39.5736503601, 30.5811595917, 18.5051574707, 13.9406776428, 12.8002386093, 7.74653482437, 5.83939313889, 5.80356216431, 5.46307468414, 4.72619438171, 3.47237443924, 2.60806441307, 1.88133263588, 1.18478894234, 0.370363414288, 0.0634061470628, 0.00655502453446, 0.000186509321793, 5.50618606212e-05],
        "var": [1.8171479702, 80.137260437, 311.731811523, 411.924499512, 473.712524414, 579.476501465, 318.271911621, 1116.04626465, 267.262664795, 398.522369385, 642.192871094, 2497.53125, 4036.79418945, 6981.12060547, 8212.79785156, 5528.25439453, 3590.37158203, 1370.53527832, 486.962188721, 452.732543945, 1110.24731445, 1566.07385254, 935.207275391, 342.440887451, 194.342498779, 163.846099854, 60.0088043213, 34.0985107422, 33.6813354492, 29.8451824188, 22.3369140625, 12.0573835373, 6.80199956894, 3.53941249847, 1.40372490883, 0.13716904819, 0.0040203393437, 4.29683459515e-05, 3.47857245231e-08, 3.03180858197e-09]
    },
    "gfcc": {
        "mean": [-26.3421516418, 105.126182556, -105.243133545, 14.108382225, -61.5665855408, 20.7499752045, -43.8022994995, 9.88741016388, -33.2892303467, -5.5657992363, -5.46836423874, 0.939116001129, -9.71456241608],
        "cov": [[7015.15966797, -1622.41369629, -373.819061279, 278.141998291, -337.368408203, 567.455322266, -197.181121826, 415.575958252, -238.83052063, 196.920211792, -367.219146729, 161.596481323, -230.779968262], [-1622.41369629, 1819.22912598, 470.250396729, -5.91859102249, 566.698059082, 19.3424720764, 389.256896973, -35.1031799316, 354.68927002, -109.254318237, 316.775787354, -40.9397087097, 174.795440674], [-373.819061279, 470.250396729, 1159.57287598, 574.619995117, 375.795349121, 282.289337158, 334.485565186, 174.530609131, 290.035491943, 207.328536987, 165.348678589, 108.132156372, 150.60647583], [278.141998291, -5.91859102249, 574.619995117, 696.248962402, 264.563598633, 181.736541748, 187.527664185, 140.938201904, 228.404800415, 152.892227173, 66.8146972656, 107.915611267, 138.109680176], [-337.368408203, 566.698059082, 375.795349121, 264.563598633, 544.753356934, 221.163696289, 328.85446167, 180.581619263, 285.630187988, 95.9202270508, 164.595230103, 73.7067260742, 146.647247314], [567.455322266, 19.3424720764, 282.289337158, 181.736541748, 221.163696289, 392.330932617, 262.941864014, 203.523986816, 141.056808472, 129.337860107, 59.8669013977, 99.0668029785, 58.0644721985], [-197.181121826, 389.256896973, 334.485565186, 187.527664185, 328.85446167, 262.941864014, 421.126800537, 157.089096069, 225.101196289, 104.077812195, 126.32661438, 98.8329238892, 111.564994812], [415.575958252, -35.1031799316, 174.530609131, 140.938201904, 180.581619263, 203.523986816, 157.089096069, 301.401062012, 152.820388794, 121.183944702, 82.8769683838, 77.3088684082, 57.8673095703], [-238.83052063, 354.68927002, 290.035491943, 228.404800415, 285.630187988, 141.056808472, 225.101196289, 152.820388794, 320.679229736, 90.9143371582, 123.72051239, 81.8855895996, 109.795059204], [196.920211792, -109.254318237, 207.328536987, 152.892227173, 95.9202270508, 129.337860107, 104.077812195, 121.183944702, 90.9143371582, 184.572738647, 49.9971008301, 65.2682037354, 43.6331100464], [-367.219146729, 316.775787354, 165.348678589, 66.8146972656, 164.595230103, 59.8669013977, 126.32661438, 82.8769683838, 123.72051239, 49.9971008301, 176.253341675, 37.7315635681, 76.8520507812], [161.596481323, -40.9397087097, 108.132156372, 107.915611267, 73.7067260742, 99.0668029785, 98.8329238892, 77.3088684082, 81.8855895996, 65.2682037354, 37.7315635681, 143.374511719, 61.5143508911], [-230.779968262, 174.795440674, 150.60647583, 138.109680176, 146.647247314, 58.0644721985, 111.564994812, 57.8673095703, 109.795059204, 43.6331100464, 76.8520507812, 61.5143508911, 147.911209106]],
        "icov": [[0.000309648428811, -0.000187257988728, 0.000296741753118, -0.000418068870204, 0.000227831405937, -0.000674721610267, 0.000391491310438, -0.000529053562786, 0.000332821335178, -0.000238706925302, 0.000575523125008, -0.000358858698746, 0.000416895520175], [-0.000187257988728, 0.00278785545379, -0.00128242361825, 0.00173996028025, -0.00187206885312, 0.00108353991527, -0.00134337379131, 0.00195400812663, -0.00194838421885, 0.00288438727148, -0.00287919375114, 0.00166271789931, -0.000826211238746], [0.000296741753118, -0.00128242361825, 0.00259447540157, -0.00220244796947, 0.00085538480198, -0.00132929324172, 0.00037865669583, -0.000686519837473, 0.000905181048438, -0.00209828326479, 0.000737538037356, -0.000524566217791, 0.000832004472613], [-0.000418068870204, 0.00173996028025, -0.00220244796947, 0.00450393138453, -0.00173683871981, 0.00119186448865, -0.000424177036621, 0.00159086310305, -0.00234779668972, 0.00110112712719, -0.000712191336788, 0.000728951708879, -0.00223490432836], [0.000227831405937, -0.00187206885312, 0.00085538480198, -0.00173683871981, 0.00642635067925, -0.00154368241783, -0.000908064946998, -0.00192016048823, -0.000556782470085, -0.00121730321553, 0.000779090682045, 0.000289842922939, -0.000763650925364], [-0.000674721610267, 0.00108353991527, -0.00132929324172, 0.00119186448865, -0.00154368241783, 0.00811252649873, -0.00415095267817, -0.00103745318484, 3.28356618411e-05, 0.00017957277305, -0.000453430140624, -0.000212713159272, 3.67541069863e-05], [0.000391491310438, -0.00134337379131, 0.00037865669583, -0.000424177036621, -0.000908064946998, -0.00415095267817, 0.00792195368558, -0.000461863528471, -0.000427565013524, -0.00140029913746, 0.000955740688369, -0.00205117906444, 3.10399627779e-05], [-0.000529053562786, 0.00195400812663, -0.000686519837473, 0.00159086310305, -0.00192016048823, -0.00103745318484, -0.000461863528471, 0.00858874619007, -0.00322279310785, -7.07119615981e-05, -0.0037794932723, 0.00102045095991, -0.000669311964884], [0.000332821335178, -0.00194838421885, 0.000905181048438, -0.00234779668972, -0.000556782470085, 3.28356618411e-05, -0.000427565013524, -0.00322279310785, 0.00942065101117, -0.00208635744639, 0.000897644669749, -0.0023710145615, 0.000356992008165], [-0.000238706925302, 0.00288438727148, -0.00209828326479, 0.00110112712719, -0.00121730321553, 0.00017957277305, -0.00140029913746, -7.07119615981e-05, -0.00208635744639, 0.0123008731753, -0.00380834611133, 0.000222948176088, -0.000646422035061], [0.000575523125008, -0.00287919375114, 0.000737538037356, -0.000712191336788, 0.000779090682045, -0.000453430140624, 0.000955740688369, -0.0037794932723, 0.000897644669749, -0.00380834611133, 0.0136401997879, -0.00194925547112, -0.00144158687908], [-0.000358858698746, 0.00166271789931, -0.000524566217791, 0.000728951708879, 0.000289842922939, -0.000212713159272, -0.00205117906444, 0.00102045095991, -0.0023710145615, 0.000222948176088, -0.00194925547112, 0.0120598189533, -0.00403579697013], [0.000416895520175, -0.000826211238746, 0.000832004472613, -0.00223490432836, -0.000763650925364, 3.67541069863e-05, 3.10399627779e-05, -0.000669311964884, 0.000356992008165, -0.000646422035061, -0.00144158687908, -0.00403579697013, 0.0129615934566]]
    },
    "melbands": {
        "dmean": [0.00413337582722, 0.00369505654089, 0.00171932473313, 0.000829008233268, 0.00035087557626, 0.000282343506115, 0.000154460547492, 0.000108200962131, 7.87073877291e-05, 0.000102281766885, 0.00010280116112, 0.000129829844809, 0.000138803108712, 9.18856239878e-05, 5.81528838666e-05, 6.0178408603e-05, 2.94325818686e-05, 1.85998160305e-05, 1.48534863911e-05, 1.43667748489e-05, 1.8638169422e-05, 1.8055912733e-05, 1.71797910298e-05, 9.03405361896e-06, 6.82564586896e-06, 5.08964103574e-06, 5.04045374328e-06, 3.76054140361e-06, 2.30091723097e-06, 2.0475920337e-06, 1.23936638374e-06, 1.18706009289e-06, 1.89903119008e-06, 1.41964096656e-06, 1.45098078974e-06, 1.24325242723e-06, 1.02611011243e-06, 9.57298539106e-07, 8.70467204095e-07, 7.31401371468e-07],
        "dmean2": [0.00596301723272, 0.00563375325873, 0.00307912519202, 0.00141150073614, 0.000586362497415, 0.000459792034235, 0.000260458968114, 0.000180388000445, 0.000118751857372, 0.000152605309268, 0.000151196712977, 0.00021019212727, 0.000249649106991, 0.00014978866966, 9.17428915272e-05, 9.40119207371e-05, 4.9943340855e-05, 3.12533738906e-05, 2.55534159805e-05, 2.58512009168e-05, 3.37892997777e-05, 3.28585665557e-05, 3.06436995743e-05, 1.54340123117e-05, 1.22654573715e-05, 8.85552981345e-06, 9.11073493626e-06, 6.48867444397e-06, 3.92806259697e-06, 3.49811398337e-06, 1.93946675608e-06, 1.8791444063e-06, 3.30418060912e-06, 2.33143919104e-06, 2.41344901042e-06, 2.03141166821e-06, 1.6801819811e-06, 1.51619565258e-06, 1.39617429795e-06, 1.17616502848e-06],
        "dvar": [9.49557143031e-05, 7.57469242672e-05, 1.8631139028e-05, 2.36778964791e-06, 4.25070822985e-07, 3.31452781666e-07, 6.30981418226e-08, 3.56973934856e-08, 1.94927682884e-08, 2.99293212436e-08, 3.7607101433e-08, 6.15796693637e-08, 1.47527785543e-07, 3.43646107126e-08, 9.62753610168e-09, 1.21574750267e-08, 3.18750048578e-09, 1.71074998612e-09, 1.33500821509e-09, 1.64561675398e-09, 2.73543476759e-09, 2.49984388745e-09, 2.31849295318e-09, 4.36307295848e-10, 3.59967000652e-10, 1.38970543406e-10, 1.67062905176e-10, 9.21664827791e-11, 2.99175163809e-11, 2.39116417639e-11, 8.19054719881e-12, 8.04333075838e-12, 2.21758618413e-11, 8.38332268188e-12, 8.72347853675e-12, 6.59795308666e-12, 4.23640072675e-12, 3.12994725624e-12, 2.14258515444e-12, 2.26507918324e-12],
        "dvar2": [0.000180728631676, 0.000175088149263, 5.22091504536e-05, 6.26269911663e-06, 1.11232020572e-06, 7.83056975706e-07, 1.68289830071e-07, 8.88819897682e-08, 4.09289242498e-08, 4.87019242712e-08, 6.79459404296e-08, 1.55014788561e-07, 4.17618593929e-07, 9.09451998155e-08, 2.23272120792e-08, 2.73042459753e-08, 8.55287307644e-09, 4.32010338614e-09, 3.64607943837e-09, 4.60755655851e-09, 7.74070674225e-09, 7.07515601661e-09, 6.52975717941e-09, 1.1692603552e-09, 1.00527042246e-09, 3.86917164974e-10, 4.7493292632e-10, 2.55290871776e-10, 7.88845863631e-11, 6.1846985866e-11, 1.88905696641e-11, 1.82949575628e-11, 6.02766309088e-11, 2.15194684988e-11, 2.27495088739e-11, 1.67838382081e-11, 1.0754928198e-11, 7.7081440189e-12, 5.19538795665e-12, 5.49088769244e-12],
        "max": [0.0667352303863, 0.0534720122814, 0.0307500381023, 0.0129346726462, 0.00621487759054, 0.0118295606226, 0.00216981559061, 0.00188863603398, 0.00198194477707, 0.00355855422094, 0.00338828633539, 0.00383648602292, 0.00278591481037, 0.0017341444036, 0.00115045846906, 0.00134656694718, 0.00053914997261, 0.00071421841858, 0.000319126673276, 0.000372899288777, 0.00036474497756, 0.000342562765582, 0.000368488923414, 0.000217611857806, 0.000212187776924, 0.000104120772448, 0.000102198166132, 7.64741998864e-05, 4.46399353677e-05, 3.45107546309e-05, 3.83273909392e-05, 3.74896480935e-05, 3.0889397749e-05, 2.28506833082e-05, 2.62866360572e-05, 1.96086893993e-05, 1.61521293194e-05, 1.66855024872e-05, 1.42650924317e-05, 1.50519181261e-05],
        "mean": [0.00606612768024, 0.00381958065554, 0.0013399948366, 0.0010303145973, 0.000460748065962, 0.000406895007472, 0.000200581984245, 0.000143081764691, 0.000128749146825, 0.000194691863726, 0.000170224520843, 0.000178486909135, 0.000136324510095, 0.000125592428958, 9.32767361519e-05, 9.06932036742e-05, 3.63215403922e-05, 2.02888277272e-05, 1.36209582706e-05, 1.16082419481e-05, 1.54332283273e-05, 1.60030322149e-05, 1.51016110976e-05, 9.10353082872e-06, 6.10320830674e-06, 5.05596835865e-06, 4.5683150347e-06, 3.3496269225e-06, 2.00640283765e-06, 1.67135112861e-06, 1.18141315397e-06, 1.16300611808e-06, 1.62866399478e-06, 1.50346647843e-06, 1.50183268488e-06, 1.15010959689e-06, 9.75531065706e-07, 1.09143456939e-06, 1.05988999621e-06, 8.71159897997e-07],
        "median": [0.00135167874396, 0.000270507764071, 0.000317841651849, 0.00055843766313, 0.000255049846601, 0.000219268069486, 0.000108591593744, 5.48733296455e-05, 4.50589250249e-05, 6.12482836004e-05, 5.32275007572e-05, 5.44290596736e-05, 3.57335338776e-05, 2.86085851258e-05, 2.28087901633e-05, 2.31548019656e-05, 1.10288838187e-05, 6.19697857474e-06, 3.65171285921e-06, 1.751373361e-06, 1.87617854408e-06, 2.51019423558e-06, 3.04570949083e-06, 2.51609776569e-06, 1.84270413683e-06, 1.95384723156e-06, 1.54568601829e-06, 7.07804872491e-07, 2.91363335236e-07, 1.46987147787e-07, 1.44162797255e-07, 1.56662480322e-07, 2.85506757791e-07, 4.27222175858e-07, 4.73635310527e-07, 2.36679184695e-07, 2.26682516313e-07, 3.20815985333e-07, 3.82307177915e-07, 2.99595598108e-07],
        "min": [3.9724017794e-24, 1.10908550017e-23, 3.10070377381e-24, 3.98821844055e-24, 1.96368273683e-23, 2.18687310171e-23, 8.64654187678e-24, 6.04097887748e-24, 1.16477008707e-23, 1.76780510308e-23, 1.61453574008e-23, 1.78463324168e-23, 1.17236366214e-23, 5.75259894066e-24, 7.72214520171e-24, 6.51908104529e-24, 5.62217341176e-24, 7.35336377257e-24, 6.56899503578e-24, 7.93091329597e-24, 1.16251717921e-23, 1.46113305959e-23, 5.20035331409e-24, 8.49991866691e-24, 1.27363273422e-23, 8.82857626383e-24, 1.37889651903e-23, 1.49978787503e-23, 8.8802166764e-24, 8.98790092313e-24, 1.19987266186e-23, 9.06570627421e-24, 7.9846370902e-24, 1.20532850276e-23, 1.20055045115e-23, 1.00082412281e-23, 1.26976857796e-23, 1.29583317336e-23, 1.06810188845e-23, 1.24949264388e-23],
        "stdev": [0.0114469835535, 0.00894466042519, 0.00340743991546, 0.00150261924136, 0.000652952934615, 0.000662394333631, 0.00025994805037, 0.000221249749302, 0.000210348851397, 0.000360053469194, 0.000343033636454, 0.000338684621966, 0.000317991420161, 0.000224116694881, 0.000160899755429, 0.000166034820722, 6.36448385194e-05, 4.25891157647e-05, 3.08957569359e-05, 3.27346897393e-05, 4.20501201006e-05, 3.99638520321e-05, 3.89857304981e-05, 1.89233178389e-05, 1.53937544383e-05, 1.0072673831e-05, 1.04184628071e-05, 8.13070710137e-06, 4.93512925459e-06, 4.53218353869e-06, 3.13710506816e-06, 3.12037809636e-06, 4.07674406233e-06, 2.82886139757e-06, 2.86848580799e-06, 2.4936475711e-06, 2.02049886866e-06, 1.90874675354e-06, 1.69248619386e-06, 1.63212837379e-06],
        "var": [0.000131033433718, 8.00069537945e-05, 1.16106475616e-05, 2.25786448027e-06, 4.26347526172e-07, 4.38766249999e-07, 6.7572983653e-08, 4.89514491164e-08, 4.42466365769e-08, 1.29638493718e-07, 1.17672065869e-07, 1.14707269461e-07, 1.01118544649e-07, 5.02282944126e-08, 2.58887329352e-08, 2.7567562455e-08, 4.05066558073e-09, 1.81383275066e-09, 9.54547774157e-10, 1.07155995188e-09, 1.76821246534e-09, 1.5971094447e-09, 1.51988710506e-09, 3.58091972741e-10, 2.36967695466e-10, 1.01458751123e-10, 1.08544367938e-10, 6.61083965348e-11, 2.43554985208e-11, 2.05406889414e-11, 9.8414288871e-12, 9.73676000937e-12, 1.66198426549e-11, 8.00245720384e-12, 8.22821064755e-12, 6.2182780626e-12, 4.082415829e-12, 3.64331394914e-12, 2.86450962776e-12, 2.66384288759e-12]
    },
    "melbands128": {
