{
"lowlevel": {
    "average_loudness": 0.976173937321,
    "barkbands_crest": {
        "dmean": 2.21879482269,
        "dmean2": 3.60088992119,
        "dvar": 3.84944844246,
        "dvar2": 10.2537555695,
        "max": 23.235502243,
        "mean": 9.75810432434,
        "median": 9.24720668793,
        "min": 3.35858774185,
        "stdev": 3.23577141762,
        "var": 10.4702167511
    },
    "barkbands_flatness_db": {
        "dmean": 0.0240590758622,
        "dmean2": 0.0344975404441,
        "dvar": 0.00061911920784,
        "dvar2": 0.001161233522,
        "max": 0.437019079924,
        "mean": 0.190489247441,
        "median": 0.179287299514,
        "min": 0.0576411485672,
        "stdev": 0.0542211718857,
        "var": 0.00293993554078
    },
    "barkbands_kurtosis": {
        "dmean": 6.19644069672,
        "dmean2": 9.80004119873,
        "dvar": 115.316802979,
        "dvar2": 281.980163574,
        "max": 176.810852051,
        "mean": 10.751376152,
        "median": 5.53613090515,
        "min": -1.94183468819,
        "stdev": 15.1064929962,
        "var": 228.206130981
    },
    "barkbands_skewness": {
        "dmean": 0.686172366142,
        "dmean2": 1.03228712082,
        "dvar": 0.611046493053,
        "dvar2": 1.42387402058,
        "max": 9.72948074341,
        "mean": 2.27734684944,
        "median": 2.07770872116,
        "min": -2.12589621544,
        "stdev": 1.43375170231,
        "var": 2.05564403534
    },
    "barkbands_spread": {
        "dmean": 6.08652257919,
        "dmean2": 8.7369184494,
        "dvar": 89.8436737061,
        "dvar2": 162.792785645,
        "max": 112.251731873,
        "mean": 18.3506755829,
        "median": 15.1548805237,
        "min": 0.579384684563,
        "stdev": 16.8621730804,
        "var": 284.332885742
    },
    "dissonance": {
        "dmean": 0.0318442732096,
        "dmean2": 0.052547480911,
        "dvar": 0.000858740182593,
        "dvar2": 0.0021784233395,
        "max": 0.499228596687,
        "mean": 0.424198389053,
        "median": 0.433662384748,
        "min": 0.222953170538,
        "stdev": 0.0473870709538,
        "var": 0.00224553444423
    },
    "dynamic_complexity": 2.19612836838,
    "erbbands_crest": {
        "dmean": 3.26870179176,
        "dmean2": 5.25739479065,
        "dvar": 9.04484367371,
        "dvar2": 23.4337348938,
        "max": 31.8437843323,
        "mean": 12.0759983063,
        "median": 11.4963207245,
        "min": 3.44811153412,
        "stdev": 4.54230880737,
        "var": 20.6325683594
    },
    "erbbands_flatness_db": {
        "dmean": 0.0206195842475,
        "dmean2": 0.0295785237104,
        "dvar": 0.000462250725832,
        "dvar2": 0.000888735346962,
        "max": 0.360719829798,
        "mean": 0.170478597283,
        "median": 0.165216863155,
        "min": 0.0650487616658,
        "stdev": 0.0416462086141,
        "var": 0.00173440680373
    },
    "erbbands_kurtosis": {
        "dmean": 2.20957970619,
        "dmean2": 3.45370674133,
        "dvar": 19.0773677826,
        "dvar2": 41.6600914001,
        "max": 83.7367172241,
        "mean": 2.45093464851,
        "median": 0.666682958603,
        "min": -1.90903115273,
        "stdev": 6.33140611649,
        "var": 40.0867042542
    },
    "erbbands_skewness": {
        "dmean": 0.54910749197,
        "dmean2": 0.813352763653,
        "dvar": 0.38945299387,
        "dvar2": 0.815922796726,
        "max": 6.74099159241,
        "mean": 1.01417994499,
        "median": 0.896454155445,
        "min": -2.72712802887,
        "stdev": 1.09371435642,
        "var": 1.19621121883
    },
    "erbbands_spread": {
        "dmean": 13.0331726074,
        "dmean2": 19.801738739,
        "dvar": 328.13848877,
        "dvar2": 686.33770752,
        "max": 167.801345825,
        "mean": 45.0905265808,
        "median": 37.852558136,
        "min": 2.21830606461,
        "stdev": 30.1615161896,
        "var": 909.717102051
    },
    "hfc": {
        "dmean": 6.30156946182,
        "dmean2": 8.92796421051,
        "dvar": 68.1230316162,
        "dvar2": 142.843078613,
        "max": 89.8578643799,
        "mean": 21.3143730164,
        "median": 19.4031200409,
        "min": 1.21421087728e-16,
        "stdev": 15.0826196671,
        "var": 227.485427856
    },
    "loudness_ebu128": {
        "integrated": -9.57675647736,
        "loudness_range": 1.74489498138,
        "momentary": {
            "dmean": 0.632280826569,
            "dmean2": 0.760921478271,
            "dvar": 0.956130027771,
            "dvar2": 0.873751282692,
            "max": -7.86327028275,
            "mean": -10.0097799301,
            "median": -9.4250087738,
            "min": -30.3580932617,
            "stdev": 2.50770449638,
            "var": 6.28858184814
        },
        "short_term": {
            "dmean": 0.0722878947854,
            "dmean2": 0.0825798884034,
            "dvar": 0.00308846030384,
            "dvar2": 0.00456736469641,
            "max": -8.64898300171,
            "mean": -9.65455245972,
            "median": -9.450507164,
            "min": -11.6147871017,
            "stdev": 0.600827276707,
            "var": 0.360993415117
        }
    },
    "melbands_crest": {
        "dmean": 2.51995110512,
        "dmean2": 4.07487916946,
        "dvar": 4.96491575241,
        "dvar2": 13.0396175385,
        "max": 31.2118759155,
        "mean": 12.7792224884,
        "median": 12.2012357712,
        "min": 3.23524689674,
        "stdev": 3.76422071457,
        "var": 14.1693572998
    },
    "melbands_flatness_db": {
        "dmean": 0.0280019883066,
        "dmean2": 0.0386425219476,
        "dvar": 0.000850814860314,
        "dvar2": 0.00143944181036,
        "max": 0.557959020138,
        "mean": 0.258451730013,
        "median": 0.2435593009,
        "min": 0.0117085520178,
        "stdev": 0.0690574645996,
        "var": 0.00476893363521
    },
    "melbands_kurtosis": {
        "dmean": 12.7552165985,
        "dmean2": 19.9446353912,
        "dvar": 424.70690918,
        "dvar2": 982.965820312,
        "max": 327.701599121,
        "mean": 27.1333198547,
        "median": 14.787902832,
        "min": -1.41112947464,
        "stdev": 37.5077972412,
        "var": 1406.83483887
    },
    "melbands_skewness": {
        "dmean": 0.889025449753,
        "dmean2": 1.32673919201,
        "dvar": 1.10597777367,
        "dvar2": 2.21784090996,
        "max": 15.4768505096,
        "mean": 3.37375807762,
        "median": 2.90268516541,
        "min": -0.369780153036,
        "stdev": 2.1711397171,
        "var": 4.71384811401
    },
    "melbands_spread": {
        "dmean": 4.9173913002,
        "dmean2": 6.90920686722,
        "dvar": 62.1089401245,
        "dvar2": 96.2418746948,
        "max": 163.815063477,
        "mean": 15.9100866318,
        "median": 12.3811807632,
        "min": 0.775248348713,
        "stdev": 14.3773202896,
        "var": 206.707336426
    },
    "pitch_salience": {
        "dmean": 0.0650769621134,
        "dmean2": 0.104067780077,
        "dvar": 0.00336863240227,
        "dvar2": 0.0077772163786,
        "max": 0.899860441685,
        "mean": 0.523168206215,
        "median": 0.521571815014,
        "min": 0.127003848553,
        "stdev": 0.116826459765,
        "var": 0.0136484215036
    },
    "silence_rate_20dB": {
        "dmean": 0,
        "dmean2": 0,
        "dvar": 0,
        "dvar2": 0,
        "max": 1,
        "mean": 1,
        "median": 1,
        "min": 1,
        "stdev": 0,
        "var": 0
    },
    "silence_rate_30dB": {
        "dmean": 0.00773993786424,
        "dmean2": 0.0154918665066,
        "dvar": 0.00768010830507,
        "dvar2": 0.0229979772121,
        "max": 1,
        "mean": 0.996133029461,
        "median": 1,
        "min": 0,
        "stdev": 0.0620647147298,
        "var": 0.00385202886537
    },
    "silence_rate_60dB": {
        "dmean": 0.00386996893212,
        "dmean2": 0.00774593325332,
        "dvar": 0.00385483982973,
        "dvar2": 0.0076860152185,
        "max": 1,
        "mean": 0.0255220420659,
        "median": 0,
        "min": 0,
        "stdev": 0.157706812024,
        "var": 0.0248714406043
    },
    "spectral_centroid": {
        "dmean": 226.99961853,
        "dmean2": 318.562713623,
        "dvar": 159508.46875,
        "dvar2": 218541.40625,
        "max": 11464.5087891,
        "mean": 931.669372559,
        "median": 799.855285645,
        "min": 190.189910889,
        "stdev": 655.253173828,
        "var": 429356.75
    },
    "spectral_complexity": {
        "dmean": 1.94736838341,
        "dmean2": 2.98528265953,
        "dvar": 5.66907310486,
        "dvar2": 12.4839248657,
        "max": 39,
        "mean": 11.0734729767,
        "median": 11,
        "min": 0,
        "stdev": 4.61478567123,
        "var": 21.2962474823
    },
    "spectral_decrease": {
        "dmean": 2.53372922643e-09,
        "dmean2": 3.9336867097e-09,
        "dvar": 1.14424208463e-17,
        "dvar2": 2.65870473428e-17,
        "max": 2.41519123144e-29,
        "mean": -8.50350634352e-09,
        "median": -7.89345300234e-09,
        "min": -3.97435861998e-08,
        "stdev": 4.95555330104e-09,
        "var": 2.4557510079e-17
    },
    "spectral_energy": {
        "dmean": 0.00992980506271,
        "dmean2": 0.0153731619939,
        "dvar": 0.000173266700585,
        "dvar2": 0.000404197664466,
        "max": 0.15463103354,
        "mean": 0.0340274870396,
        "median": 0.0316284745932,
        "min": 1.09220879614e-20,
        "stdev": 0.0194325596094,
        "var": 0.000377624382963
    },
    "spectral_energyband_high": {
        "dmean": 0.000476267450722,
        "dmean2": 0.000671636546031,
        "dvar": 6.91221146099e-07,
        "dvar2": 1.28379042508e-06,
        "max": 0.00960864406079,
        "mean": 0.00104445056058,
        "median": 0.000596574333031,
        "min": 8.23557416067e-21,
        "stdev": 0.00139814370777,
        "var": 1.95480583898e-06
    },
    "spectral_energyband_low": {
        "dmean": 0.0042840577662,
        "dmean2": 0.0072559597902,
        "dvar": 4.9149570259e-05,
        "dvar2": 0.000131528824568,
        "max": 0.0827361047268,
        "mean": 0.00882295332849,
        "median": 0.00649524759501,
        "min": 1.3193216488e-22,
        "stdev": 0.00800766982138,
        "var": 6.41227816232e-05
    },
    "spectral_energyband_middle_high": {
        "dmean": 0.00182140944526,
        "dmean2": 0.00241824192926,
        "dvar": 9.53040489549e-06,
        "dvar2": 1.88968224393e-05,
        "max": 0.0524273663759,
        "mean": 0.00506367534399,
        "median": 0.00233701639809,
        "min": 1.17558904617e-21,
        "stdev": 0.00657553551719,
        "var": 4.32376655226e-05
    },
    "spectral_energyband_middle_low": {
        "dmean": 0.00765259051695,
        "dmean2": 0.0117299919948,
        "dvar": 9.92880304693e-05,
        "dvar2": 0.000237834727159,
        "max": 0.1086146608,
        "mean": 0.0220424477011,
        "median": 0.0192057304084,
        "min": 3.0120620298e-22,
        "stdev": 0.0148565676063,
        "var": 0.000220717614866
    },
    "spectral_entropy": {
        "dmean": 0.283039003611,
        "dmean2": 0.395802885294,
        "dvar": 0.089978672564,
        "dvar2": 0.152909323573,
        "max": 9.80265617371,
        "mean": 6.92201709747,
        "median": 6.92486429214,
        "min": 4.62974071503,
        "stdev": 0.618428826332,
        "var": 0.382454246283
    },
    "spectral_flux": {
        "dmean": 0.0292834825814,
        "dmean2": 0.043912447989,
        "dvar": 0.000745176745113,
        "dvar2": 0.00158662814647,
        "max": 0.305694669485,
        "mean": 0.0873543843627,
        "median": 0.0805036947131,
        "min": 1.0450879051e-10,
        "stdev": 0.0439864508808,
        "var": 0.00193480786402
    },
    "spectral_kurtosis": {
        "dmean": 2.07173395157,
        "dmean2": 3.11825871468,
        "dvar": 11.4440317154,
        "dvar2": 24.3965702057,
        "max": 61.4653778076,
        "mean": 4.46631765366,
        "median": 3.08071899414,
        "min": -1.37023079395,
        "stdev": 5.02046585083,
        "var": 25.2050762177
    },
    "spectral_rms": {
        "dmean": 0.000801947084256,
        "dmean2": 0.00121063296683,
        "dvar": 8.02029546776e-07,
        "dvar2": 1.73513546997e-06,
        "max": 0.012282489799,
        "mean": 0.00550782727078,
        "median": 0.00555491214618,
        "min": 3.26430635994e-12,
        "stdev": 0.00169155839831,
        "var": 2.86136992145e-06
    },
    "spectral_rolloff": {
        "dmean": 462.914337158,
        "dmean2": 782.836791992,
        "dvar": 1759363,
        "dvar2": 3452312,
        "max": 18733.8867188,
        "mean": 1128.57043457,
        "median": 581.396484375,
        "min": 129.19921875,
        "stdev": 1758.08789062,
        "var": 3090873
    },
    "spectral_skewness": {
        "dmean": 0.32214692235,
        "dmean2": 0.460529208183,
        "dvar": 0.147837296128,
        "dvar2": 0.2659111619,
        "max": 6.53103017807,
        "mean": 1.71781909466,
        "median": 1.55880224705,
        "min": -0.0846508964896,
        "stdev": 0.772893249989,
        "var": 0.597364008427
    },
    "spectral_spread": {
        "dmean": 901194.625,
        "dmean2": 1190072.625,
        "dvar": 2.03171587686e+12,
        "dvar2": 2.87036276736e+12,
        "max": 40709176,
        "mean": 5801816,
        "median": 5358803,
        "min": 999275.125,
        "stdev": 2667395.25,
        "var": 7.11499762893e+12
    },
    "spectral_strongpeak": {
        "dmean": 0.624949336052,
        "dmean2": 1.06310915947,
        "dvar": 0.693117439747,
        "dvar2": 1.57608044147,
        "max": 7.68177556992,
        "mean": 1.18537199497,
        "median": 0.713459134102,
        "min": 0,
        "stdev": 1.20576131344,
        "var": 1.45386040211
    },
    "zerocrossingrate": {
        "dmean": 0.0120959207416,
        "dmean2": 0.0130943339318,
        "dvar": 0.000463704403955,
        "dvar2": 0.000442588876467,
        "max": 0.505859375,
        "mean": 0.0525810569525,
        "median": 0.04541015625,
        "min": 0.00048828125,
        "stdev": 0.0412227474153,
        "var": 0.00169931503478
    },
    "barkbands": {
        "dmean": [1.12874822662e-05, 0.0017069716705, 0.00206862506457, 0.00286203809083, 0.00318048615009, 0.00211472786032, 0.00203433888964, 0.00013253056386, 0.000725054531358, 0.00106099748518, 0.000318225793308, 0.000188869104022, 0.000237174332142, 0.000233587765251, 0.000278765277471, 0.000220953661483, 6.79421209497e-05, 9.39891979215e-05, 0.000178900663741, 0.000129348482005, 0.000137818249641, 5.50320510229e-05, 0.000115808041301, 0.000109467699076, 7.38797825761e-05, 3.25305554725e-05, 2.36573396251e-06],
        "dmean2": [1.9695771698e-05, 0.00295360968448, 0.00349794561043, 0.00454442994669, 0.00524147693068, 0.00323807471432, 0.00313949328847, 0.000175513458089, 0.00104974093847, 0.00145397090819, 0.000437021546531, 0.000306335801724, 0.000334544398356, 0.000331126502715, 0.00041150135803, 0.000340819562552, 9.81733392109e-05, 0.000149670202518, 0.000274461577646, 0.000189995291294, 0.000214924948523, 8.07107644505e-05, 0.000175371693331, 0.000158225375344, 0.000109659056761, 4.45138612122e-05, 3.77505875804e-06],
        "dvar": [8.16273493243e-10, 5.97658436163e-06, 1.25215483422e-05, 2.27067193919e-05, 1.86204524653e-05, 1.54256867972e-05, 2.66083334282e-05, 3.10700386308e-07, 1.09544653242e-05, 6.68953953209e-06, 1.57089084496e-06, 5.43484020454e-07, 8.06820253274e-07, 4.64851922288e-07, 4.6856629865e-07, 3.19962879303e-07, 4.5395157855e-08, 5.21540748366e-08, 1.1101486308e-07, 5.81711532277e-08, 7.31593914338e-08, 2.62696282505e-08, 4.34996465515e-08, 4.88155720291e-08, 4.68973553325e-08, 1.59942405986e-08, 1.62846069962e-10],
        "dvar2": [2.23671681177e-09, 1.69153627212e-05, 3.50951559085e-05, 5.42365341971e-05, 4.94049854751e-05, 3.67627981177e-05, 6.63854443701e-05, 4.42798352651e-07, 2.40110912273e-05, 1.46985121319e-05, 2.48009359893e-06, 1.34391143547e-06, 1.43796921748e-06, 7.43393172797e-07, 9.81574885373e-07, 6.63163461923e-07, 9.70895115415e-08, 1.26121591393e-07, 2.49816025644e-07, 1.26624044583e-07, 1.78651603733e-07, 4.82901363341e-08, 9.07652690785e-08, 8.96515217619e-08, 8.84655761979e-08, 2.95974409426e-08, 4.01286615048e-10],
        "max": [0.000380038283765, 0.0242113806307, 0.0420889742672, 0.053176254034, 0.0512868836522, 0.0462323203683, 0.0644445642829, 0.0144968554378, 0.0708057358861, 0.0457014031708, 0.0334868840873, 0.0143124833703, 0.0196937676519, 0.0105698583648, 0.0100767575204, 0.00751157896593, 0.00630881125107, 0.00280020735227, 0.00542268110439, 0.00292598688975, 0.00335050653666, 0.00299802608788, 0.00266277370974, 0.0030770348385, 0.00308552547358, 0.00279916101135, 0.000279826257611],
        "mean": [1.46706452142e-05, 0.00321784312837, 0.00339385215193, 0.00549567211419, 0.00726298056543, 0.00398051878437, 0.00294140563346, 0.000311092910124, 0.000946715299506, 0.00247286399826, 0.000653640250675, 0.000271519907983, 0.000380524346838, 0.000377321761334, 0.000386642263038, 0.00026416577748, 0.000107873842353, 0.000121614568343, 0.00030827120645, 0.000240587789449, 0.000225407595281, 7.54899592721e-05, 0.000211239937926, 0.000202620256459, 0.00011901963444, 4.17026712967e-05, 2.23064785132e-06],
        "median": [6.60558089294e-06, 0.00239616725594, 0.00240148161538, 0.00391579745337, 0.00511437002569, 0.00220317067578, 0.00107930565719, 4.79521113448e-05, 7.57070156396e-05, 0.000173438136699, 7.42460688343e-05, 4.24786267104e-05, 3.61557395081e-05, 3.13471100526e-05, 6.46996340947e-05, 2.8788104828e-05, 2.45579922193e-05, 2.61349996435e-05, 9.56215735641e-05, 7.86754098954e-05, 6.0926158767e-05, 2.08467463381e-05, 9.65598374023e-05, 8.17953769001e-05, 3.11752446578e-05, 5.66889366382e-06, 1.86269517144e-07],
        "min": [1.3711677332e-23, 2.59162422154e-23, 8.68009781088e-23, 6.88973885898e-23, 5.13842473535e-23, 5.23341305467e-23, 1.2703195973e-23, 1.26205856702e-23, 6.34359846361e-23, 9.06402379168e-23, 3.53482071416e-23, 7.32063109372e-23, 1.24994884215e-22, 7.77253795188e-23, 9.04464368804e-23, 1.98749579699e-22, 9.21242746061e-23, 1.97438455009e-22, 1.1284540391e-22, 2.9842512119e-22, 3.27845518257e-22, 8.64880439297e-22, 7.13309184595e-22, 1.00095912215e-21, 1.27759590514e-21, 1.75822792779e-21, 2.27969320843e-21],
        "stdev": [2.66241186182e-05, 0.00307603203692, 0.00367876794189, 0.00585265690461, 0.00676203519106, 0.00545143941417, 0.00545583479106, 0.00132981117349, 0.00368693913333, 0.00461705727503, 0.00265694595873, 0.000899240782019, 0.00132479483727, 0.00110190047417, 0.000901248597074, 0.000696584349498, 0.000309985422064, 0.000272955367109, 0.000540643522982, 0.000388337153709, 0.000391735840822, 0.000213387844269, 0.000316023419145, 0.000363431288861, 0.000333455245709, 0.000170291852555, 1.25656888486e-05],
        "var": [7.08843650443e-10, 9.46197360463e-06, 1.35333339131e-05, 3.4253593185e-05, 4.5725122618e-05, 2.97181904898e-05, 2.97661354125e-05, 1.76839785127e-06, 1.35935206345e-05, 2.13172170334e-05, 7.0593619057e-06, 8.0863395624e-07, 1.7550813709e-06, 1.21418474919e-06, 8.12249083992e-07, 4.85229747937e-07, 9.60909645187e-08, 7.45046264683e-08, 2.92295425197e-07, 1.50805746557e-07, 1.53456966245e-07, 4.55343744932e-08, 9.98707960775e-08, 1.32082305981e-07, 1.11192399288e-07, 2.89993167257e-08, 1.57896529185e-10]
    },
    "erbbands": {
        "dmean": [0.0211542844772, 0.486719846725, 2.11416625977, 5.9072265625, 10.2532234192, 13.3032331467, 7.91895294189, 23.562335968, 36.3331108093, 8.16926002502, 3.06610798836, 21.3193073273, 33.3235435486, 21.162405014, 10.2693319321, 7.70489883423, 10.3437452316, 9.87292385101, 14.456237793, 11.2259922028, 8.17085266113, 2.80201363564, 3.21258306503, 10.1548891068, 5.45074272156, 5.81348657608, 6.48243761063, 4.01118898392, 1.93900001049, 2.10693001747, 3.75555515289, 2.90028762817, 1.51464772224, 0.940068602562, 0.480198860168, 0.18969194591, 0.0518098436296, 0.00846344977617, 0.000251320045209, 1.63538334164e-05],
        "dmean2": [0.0363545566797, 0.847054421902, 3.6490457058, 9.54938602448, 16.2841148376, 22.2567768097, 12.704668045, 37.0671157837, 55.7498626709, 12.325299263, 4.45208501816, 30.6783657074, 45.1408042908, 26.9210186005, 14.2861680984, 11.8448266983, 14.1008119583, 13.5816392899, 20.4965209961, 16.4955711365, 12.1507368088, 3.97303366661, 4.9528222084, 15.6752490997, 7.93140983582, 8.23945045471, 9.71135425568, 5.88914489746, 2.84990644455, 2.99612021446, 5.76634263992, 4.26557683945, 2.1855006218, 1.38577854633, 0.675356864929, 0.269395977259, 0.0709990113974, 0.0122446315363, 0.000376513286028, 2.41183752223e-05],
        "dvar": [0.00112506502774, 0.490679234266, 11.6415815353, 101.093185425, 250.067245483, 470.544555664, 139.918563843, 2227.00610352, 7096.71679688, 645.975891113, 116.554069519, 10443.9873047, 6043.55859375, 2444.796875, 1410.9185791, 748.227966309, 1143.11035156, 702.220947266, 1401.10437012, 767.439453125, 478.659393311, 57.1935768127, 62.808921814, 539.300842285, 100.050621033, 155.069061279, 141.166549683, 66.9024200439, 32.1228370667, 28.332321167, 43.8670921326, 30.0297603607, 12.5526742935, 6.86868190765, 2.15386414528, 0.526901483536, 0.0400437675416, 0.00153675896581, 1.61653736086e-06, 9.45017730736e-10],
        "dvar2": [0.00296725891531, 1.38559901714, 32.1626930237, 257.642059326, 635.096252441, 1255.35205078, 350.730255127, 5372.90771484, 17913.765625, 1518.8458252, 235.264450073, 23532.6875, 12546.2753906, 4122.62060547, 2214.20751953, 1700.45117188, 1841.02734375, 1270.39746094, 2828.7355957, 1621.63781738, 1025.21398926, 129.634979248, 159.599456787, 1212.66442871, 182.665176392, 323.993377686, 335.880096436, 145.4165802, 61.0370635986, 50.6123161316, 101.106636047, 61.4633407593, 21.999704361, 13.6947784424, 3.9639980793, 0.952565729618, 0.0797469988465, 0.00320623978041, 3.77251899408e-06, 2.0916024468e-09],
        "max": [0.463566213846, 7.06668376923, 36.2501106262, 111.222328186, 180.220291138, 302.277862549, 153.766464233, 550.354492188, 879.367126465, 447.300811768, 190.65020752, 2213.51831055, 1278.02575684, 1222.13537598, 896.961303711, 560.51574707, 651.588684082, 397.233825684, 559.565002441, 338.600921631, 289.739959717, 155.410049438, 125.290756226, 377.497070312, 212.685134888, 201.957214355, 163.344207764, 137.902297974, 109.982849121, 89.9373016357, 88.5431060791, 77.5757369995, 55.9702072144, 43.1978263855, 25.0423774719, 14.4341430664, 4.46743774414, 1.09351551533, 0.0289818998426, 0.00072732323315],
        "mean": [0.0629781708121, 0.860547721386, 3.42269134521, 11.3489713669, 22.025177002, 27.0623760223, 16.8318691254, 42.2802581787, 56.9179458618, 16.0138969421, 5.21421480179, 27.7759933472, 70.1651229858, 49.4642677307, 19.458158493, 13.7579450607, 18.3224430084, 18.4565868378, 21.9803333282, 19.6479263306, 12.0600233078, 5.05314731598, 5.17665863037, 15.6726026535, 12.4933681488, 11.9693288803, 11.7035541534, 6.53465032578, 2.73554110527, 3.44178533554, 6.77114582062, 5.61765003204, 2.61468338966, 1.5068012476, 0.705320298672, 0.244276627898, 0.066044934094, 0.0102352919057, 0.000296799873468, 4.95329877594e-05],
        "median": [0.0587665811181, 0.612257182598, 2.48616981506, 7.824447155, 16.4475574493, 14.8756341934, 10.782002449, 22.9743518829, 25.413110733, 5.13722467422, 1.36310720444, 3.80801558495, 13.4304113388, 5.05331373215, 5.46263217926, 3.01605558395, 2.89900040627, 3.0269446373, 5.13555383682, 3.50337195396, 1.90711736679, 1.36365818977, 1.38096308708, 3.95457696915, 4.38604593277, 4.3181219101, 3.3384001255, 2.06866669655, 0.848475396633, 1.13923871517, 3.09332251549, 2.54286789894, 0.948145568371, 0.416572034359, 0.155413255095, 0.0354588553309, 0.0104552991688, 0.00155398470815, 6.25599714112e-05, 4.27108971053e-05],
        "min": [2.81495030205e-22, 9.137069358e-21, 9.35649775629e-20, 1.3231233404e-19, 3.08123434008e-19, 1.00052580957e-19, 8.73170885259e-20, 5.50956778483e-19, 3.37205346586e-19, 1.63634497287e-19, 7.7890609351e-19, 1.23002604947e-18, 2.75541389385e-18, 1.7858831493e-18, 1.3903668428e-18, 3.95290755021e-18, 5.02409982602e-18, 5.53904829507e-18, 3.31911039114e-18, 6.90876922677e-18, 1.16056202724e-17, 5.11043018501e-18, 1.00976873866e-17, 7.20586561943e-18, 7.36873417332e-18, 1.18870138819e-17, 1.30518322497e-17, 2.15721722349e-17, 3.03852919708e-17, 1.74856584722e-17, 2.25961705481e-17, 2.22461920853e-17, 1.58544748479e-17, 1.53464271331e-17, 8.67534618736e-18, 6.25171815952e-18, 3.49272174644e-18, 1.33137170113e-18, 3.38139104251e-19, 3.20380460615e-20],
        "stdev": [0.0521393157542, 0.850773215294, 3.52338504791, 11.7105751038, 20.7869415283, 31.9895572662, 19.8342075348, 61.2906684875, 92.6909408569, 34.2675857544, 15.1158123016, 109.248764038, 139.18901062, 119.68170929, 58.5032615662, 37.9968414307, 54.2941017151, 46.5955276489, 52.2960853577, 45.7195701599, 29.2359046936, 11.8520822525, 9.90915775299, 33.4191322327, 23.3057022095, 20.4520454407, 18.993938446, 12.1483259201, 7.4623465538, 7.6979174614, 9.68802261353, 8.50532722473, 5.84074115753, 4.06235599518, 2.11450600624, 0.977555572987, 0.260665982962, 0.0468510948122, 0.00136638083495, 4.22633129347e-05],
        "var": [0.00271850824356, 0.723815083504, 12.4142427444, 137.137573242, 432.096954346, 1023.33178711, 393.395782471, 3756.54589844, 8591.61035156, 1174.26733398, 228.487792969, 11935.2919922, 19373.5820312, 14323.7119141, 3422.63183594, 1443.7598877, 2947.84960938, 2171.14331055, 2734.88061523, 2090.27905273, 854.738098145, 140.471862793, 98.19140625, 1116.83850098, 543.155761719, 418.28616333, 360.769683838, 147.581832886, 55.6866188049, 59.2579345703, 93.8577880859, 72.3405990601, 34.1142578125, 16.5027351379, 4.47113609314, 0.955614864826, 0.0679467469454, 0.00219502509572, 1.86699674032e-06, 1.78618764224e-09]
    },
    "gfcc": {
        "mean": [-8.12658214569, 97.4848175049, -81.5261383057, 43.2066268921, -68.0870513916, 17.5076828003, -44.9499893188, -0.604790687561, -34.0004615784, -3.22699689865, -11.6973562241, -6.64580535889, -4.84834384918],
        "cov": [[6923.74511719, -551.083435059, -1086.20385742, 161.853179932, -364.403930664, 52.1757202148, -135.682479858, 390.730621338, -65.7735290527, 40.7703399658, -25.7227840424, 29.5161571503, 175.376831055], [-551.083435059, 1259.69921875, -196.969238281, -294.80090332, 111.302810669, -140.614776611, 106.815689087, -172.100067139, 19.8704566956, -117.644805908, 139.630401611, -147.104797363, 53.7343444824], [-1086.20385742, -196.969238281, 1032.89233398, 83.7952194214, -48.7415390015, 31.8502559662, -127.86857605, -127.787490845, -15.7046489716, -8.72120761871, -62.8203735352, 180.645370483, -95.9643630981], [161.853179932, -294.80090332, 83.7952194214, 496.576568604, 49.5292778015, -83.0957794189, -39.9346351624, 70.9601821899, 100.820022583, -40.4049987793, -74.9920120239, 102.408279419, 56.7853851318], [-364.403930664, 111.302810669, -48.7415390015, 49.5292778015, 194.920394897, -21.5049533844, 25.6582145691, 8.55389785767, 1.71674358845, -10.9737052917, -4.54400157928, -10.565829277, 1.47787284851], [52.1757202148, -140.614776611, 31.8502559662, -83.0957794189, -21.5049533844, 225.320983887, 76.6818313599, 7.51318979263, -68.1438827515, 49.3586158752, 15.8171329498, -47.943359375, -21.0398368835], [-135.682479858, 106.815689087, -127.86857605, -39.9346351624, 25.6582145691, 76.6818313599, 222.154144287, 0.152249291539, -57.18699646, 20.7077407837, 38.6913986206, -46.5664138794, 6.0635061264], [390.730621338, -172.100067139, -127.787490845, 70.9601821899, 8.55389785767, 7.51318979263, 0.152249291539, 156.336029053, 43.3373603821, 4.62551641464, -19.0929889679, 7.81204509735, 32.7925643921], [-65.7735290527, 19.8704566956, -15.7046489716, 100.820022583, 1.71674358845, -68.1438827515, -57.18699646, 43.3373603821, 175.948379517, -32.994342804, -34.8016242981, 35.8830337524, 26.018579483], [40.7703399658, -117.644805908, -8.72120761871, -40.4049987793, -10.9737052917, 49.3586158752, 20.7077407837, 4.62551641464, -32.994342804, 117.019073486, 25.347448349, -24.849905014, -27.6676750183], [-25.7227840424, 139.630401611, -62.8203735352, -74.9920120239, -4.54400157928, 15.8171329498, 38.6913986206, -19.0929889679, -34.8016242981, 25.347448349, 118.827301025, -27.5615997314, -13.6297998428], [29.5161571503, -147.104797363, 180.645370483, 102.408279419, -10.565829277, -47.943359375, -46.5664138794, 7.81204509735, 35.8830337524, -24.849905014, -27.5615997314, 183.849563599, 10.1448469162], [175.376831055, 53.7343444824, -95.9643630981, 56.7853851318, 1.47787284851, -21.0398368835, 6.0635061264, 32.7925643921, 26.018579483, -27.6676750183, -13.6297998428, 10.1448469162, 118.77771759]],
        "icov": [[0.000317617610563, -0.00031744223088, 0.000503016402945, -0.000398917240091, 0.00085374963237, -0.000443339522462, 0.000642681261525, -0.000745062658098, 0.000750289065763, -0.000293643184705, 0.000389383989386, -0.000588907918427, 0.000217725319089], [-0.00031744223088, 0.00333668547682, -0.000861300621182, 0.00228404533118, -0.00256935390644, 0.002633030992, -0.00226823473349, 0.00337210879661, -0.00266287941486, 0.00305318878964, -0.00325943063945, 0.00269521959126, -0.0024551495444], [0.000503016402945, -0.000861300621182, 0.00258201244287, -0.00120882783085, 0.00172958965413, -0.00187941966578, 0.00201598834246, -1.29346390167e-05, 0.00160301849246, -0.000731032516342, 0.00156085263006, -0.00278753368184, 0.00175293255597], [-0.000398917240091, 0.00228404533118, -0.00120882783085, 0.00464801397175, -0.00283714476973, 0.00258403853513, -0.00217492738739, 0.00153992243577, -0.0029749579262, 0.00199693767354, -0.00129314663354, 0.00118478923105, -0.00259690242819], [0.00085374963237, -0.00256935390644, 0.00172958965413, -0.00283714476973, 0.00885754730552, -0.00175630894955, 0.0018401814159, -0.00360681721941, 0.00342134991661, -0.00190169923007, 0.00288595817983, -0.00226998724975, 0.00246870773844], [-0.000443339522462, 0.002633030992, -0.00187941966578, 0.00258403853513, -0.00175630894955, 0.008884023875, -0.00414950028062, 0.00120053091086, -0.00104145368095, 0.000832430727314, -0.00208161352202, 0.00381072890013, -0.0019567834679], [0.000642681261525, -0.00226823473349, 0.00201598834246, -0.00217492738739, 0.0018401814159, -0.00414950028062, 0.00840594060719, -0.00237271562219, 0.00375856505707, -0.00195642793551, 0.00112389819697, -0.00233308132738, 0.00126300065313], [-0.000745062658098, 0.00337210879661, -1.29346390167e-05, 0.00153992243577, -0.00360681721941, 0.00120053091086, -0.00237271562219, 0.0130370873958, -0.00505182193592, 0.00198808638379, -0.00240429770201, 0.00199824036099, -0.00326960161328], [0.000750289065763, -0.00266287941486, 0.00160301849246, -0.0029749579262, 0.00342134991661, -0.00104145368095, 0.00375856505707, -0.00505182193592, 0.010914879851, -0.00146024581045, 0.00351068284363, -0.00297347153537, 0.00171580479946], [-0.000293643184705, 0.00305318878964, -0.000731032516342, 0.00199693767354, -0.00190169923007, 0.000832430727314, -0.00195642793551, 0.00198808638379, -0.00146024581045, 0.0132798198611, -0.00457954453304, 0.00302507611923, -0.000141539552715], [0.000389383989386, -0.00325943063945, 0.00156085263006, -0.00129314663354, 0.00288595817983, -0.00208161352202, 0.00112389819697, -0.00240429770201, 0.00351068284363, -0.00457954453304, 0.0136469397694, -0.00289555150084, 0.00295821973123], [-0.000588907918427, 0.00269521959126, -0.00278753368184, 0.00118478923105, -0.00226998724975, 0.00381072890013, -0.00233308132738, 0.00199824036099, -0.00297347153537, 0.00302507611923, -0.00289555150084, 0.010665579699, -0.00278487149626], [0.000217725319089, -0.0024551495444, 0.00175293255597, -0.00259690242819, 0.00246870773844, -0.0019567834679, 0.00126300065313, -0.00326960161328, 0.00171580479946, -0.000141539552715, 0.00295821973123, -0.00278487149626, 0.0124954562634]]
    },
    "melbands": {
        "dmean": [0.000331133953296, 0.000919854850508, 0.00110138591845, 0.000732800748665, 0.000364575273125, 0.00050981977256, 0.00049643003149, 6.90933593432e-05, 2.93624671031e-05, 0.000137662733323, 0.000170069935848, 9.77665768005e-05, 3.87477812183e-05, 2.01684815693e-05, 2.57718184002e-05, 2.40164026764e-05, 2.08095170819e-05, 2.64955397142e-05, 1.65369783645e-05, 1.69475097209e-05, 9.23159586819e-06, 3.48836465491e-06, 2.24933182835e-06, 4.37053449787e-06, 9.6287467386e-06, 5.27110705661e-06, 2.7787361887e-06, 4.69663609692e-06, 5.02976581629e-06, 3.74350634047e-06, 2.01044144887e-06, 1.15764225939e-06, 1.03375805338e-06, 1.29726242903e-06, 2.27396458286e-06, 2.22093285629e-06, 1.79190567451e-06, 1.15775503673e-06, 1.04924049538e-06, 7.31041666313e-07],
        "dmean2": [0.000571278389543, 0.00159323017579, 0.00172576622572, 0.00119191629346, 0.000599815452006, 0.00079928257037, 0.000764401571359, 0.000101687830465, 4.5329972636e-05, 0.00019814434927, 0.000231437152252, 0.000127115243231, 5.53274112463e-05, 3.08974995278e-05, 3.84274680982e-05, 3.21563820762e-05, 2.86058402708e-05, 3.79772718588e-05, 2.38593056565e-05, 2.52726167673e-05, 1.34676402013e-05, 5.10190648129e-06, 3.28720557263e-06, 6.95469907441e-06, 1.49764664457e-05, 8.01950409368e-06, 3.96360155719e-06, 6.79427012074e-06, 7.60229113439e-06, 5.83386099606e-06, 3.03798174173e-06, 1.68638212017e-06, 1.6053896843e-06, 1.85996771052e-06, 3.5307152757e-06, 3.38196878147e-06, 2.69138013209e-06, 1.70318514847e-06, 1.535864385e-06, 1.07649327674e-06],
        "dvar": [2.28148394399e-07, 2.13428415918e-06, 3.22459368363e-06, 1.10663734176e-06, 2.57656211033e-07, 9.19925298604e-07, 1.40589111197e-06, 4.80957176308e-08, 1.50760364193e-08, 3.99952938324e-07, 1.65740544844e-07, 5.08665074506e-08, 2.17887343723e-08, 5.74895242522e-09, 9.10631925422e-09, 9.83675718658e-09, 3.38666361621e-09, 4.40242420296e-09, 1.67036728893e-09, 2.03478833782e-09, 7.802861135e-10, 1.05903091852e-10, 3.80734159477e-11, 1.15646360543e-10, 5.26013232971e-10, 1.13127368584e-10, 2.28882589964e-11, 1.1347079526e-10, 9.62706858676e-11, 6.19591877804e-11, 2.41254117378e-11, 1.25479895571e-11, 8.45786548437e-12, 9.96997102931e-12, 1.76622067666e-11, 1.29305195024e-11, 1.35283711317e-11, 7.35004591912e-12, 7.11787703431e-12, 4.65633217747e-12],
        "dvar2": [6.3441666498e-07, 5.8257010096e-06, 7.89615023677e-06, 2.82128166873e-06, 6.66479877509e-07, 2.20313313548e-06, 3.54518465429e-06, 1.08100635998e-07, 3.28996776489e-08, 8.8937218834e-07, 3.47643890564e-07, 9.41101561125e-08, 3.7910368178e-08, 1.40877274291e-08, 2.07360599802e-08, 1.7027492305e-08, 5.77928771506e-09, 8.4991320648e-09, 3.62499852358e-09, 4.12946832284e-09, 1.59952961987e-09, 2.31270461115e-10, 9.09514061287e-11, 2.9429439441e-10, 1.179155662e-09, 2.48504966605e-10, 4.37355013316e-11, 2.3841612018e-10, 2.13194767396e-10, 1.42205178189e-10, 5.46460030004e-11, 2.49896908722e-11, 1.59642854491e-11, 1.80197523569e-11, 4.317442584e-11, 2.59726684604e-11, 2.9339981833e-11, 1.31817664423e-11, 1.52714160762e-11, 9.65265194164e-12],
        "max": [0.0047735562548, 0.0155141875148, 0.0178149398416, 0.0127238538116, 0.00557104498148, 0.0106767807156, 0.0133191505447, 0.0037647318095, 0.00211457116529, 0.0138609493151, 0.00689014978707, 0.00449461862445, 0.00325786601752, 0.00142965978011, 0.00176977401134, 0.00255053117871, 0.000907433044631, 0.000940010591876, 0.00059115269687, 0.000802948314231, 0.000496202614158, 0.000237271611695, 8.35397149785e-05, 0.000123119432828, 0.00037036332651, 0.000192975596292, 6.57473501633e-05, 0.000177716749022, 0.000159441959113, 0.000107986583316, 0.00010265425226, 7.02265388099e-05, 4.78639449284e-05, 4.74822008982e-05, 6.36117620161e-05, 3.84076702176e-05, 5.2962328482e-05, 4.16405309807e-05, 5.66937778785e-05, 3.17084814014e-05],
        "mean": [0.000755447195843, 0.00162313098554, 0.00237193354405, 0.00173150678165, 0.000753817905206, 0.000945169886108, 0.000790213467553, 0.000137963681482, 4.08825217164e-05, 0.000177388894372, 0.000354909047019, 0.00021032942459, 7.37613445381e-05, 3.00043648167e-05, 4.10898755945e-05, 3.61777019862e-05, 3.61319398507e-05, 3.72012254957e-05, 2.45255341724e-05, 2.3827809855e-05, 1.26016675495e-05, 5.91410980633e-06, 3.369604201e-06, 5.80632331548e-06, 1.38234718179e-05, 9.78365642368e-06, 6.03151693213e-06, 8.42193730932e-06, 8.40125994728e-06, 6.04126898907e-06, 2.76732043858e-06, 1.45681940467e-06, 1.4333161289e-06, 2.0209467948e-06, 3.75998297386e-06, 4.24711925007e-06, 3.15149873131e-06, 1.88662602341e-06, 1.56713645083e-06, 1.13277644687e-06],
        "median": [0.000620171078481, 0.00118329748511, 0.00178175407927, 0.00123035081197, 0.000479517650092, 0.000510515412316, 0.000368897482986, 2.60650103883e-05, 5.82954680795e-06, 1.824507126e-05, 5.43102833035e-05, 1.47748169184e-05, 1.15912280307e-05, 8.71807424119e-06, 5.26314261151e-06, 3.56132773049e-06, 3.40195333592e-06, 6.04226534051e-06, 4.89150170324e-06, 2.72075953944e-06, 1.80300628472e-06, 1.3609344478e-06, 8.79839149093e-07, 1.32622471938e-06, 2.41520706368e-06, 2.71466592494e-06, 2.43365911956e-06, 2.43146382672e-06, 1.88310025351e-06, 1.27874034206e-06, 8.28440306577e-07, 3.3959148027e-07, 3.4781558611e-07, 6.03880494054e-07, 1.60059471455e-06, 1.97074859898e-06, 1.28155363655e-06, 6.1424532305e-07, 4.49649945722e-07, 2.84375119008e-07],
        "min": [4.71863382459e-24, 3.41796517054e-23, 3.23292774781e-23, 1.40362194415e-23, 2.95442411286e-24, 1.16964122427e-23, 5.14981967336e-24, 1.60218379547e-24, 8.63540079422e-24, 7.50733443292e-24, 1.39543609231e-23, 7.49880605767e-24, 4.31391189261e-24, 6.86877914027e-24, 1.1851307448e-23, 1.19967528886e-23, 9.69503978288e-24, 4.81596111649e-24, 6.90740650336e-24, 1.08350518649e-23, 1.45349799043e-23, 5.18930018951e-24, 6.8351476333e-24, 9.29437811798e-24, 5.46378394705e-24, 4.64114677888e-24, 6.9454595757e-24, 8.70411136792e-24, 8.32247860578e-24, 8.35451582486e-24, 1.58298966579e-23, 1.95156441338e-23, 1.20867942612e-23, 8.77159526292e-24, 1.38839377324e-23, 1.14284322489e-23, 1.51774976453e-23, 9.58087188837e-24, 1.46589209966e-23, 1.18253720681e-23],
        "stdev": [0.000668199441861, 0.00155578437261, 0.00221383315511, 0.00165745022241, 0.000813685997855, 0.00127386348322, 0.00129156303592, 0.000358735735063, 0.000140816220664, 0.000691294844728, 0.000719512696378, 0.000502555631101, 0.00026004386018, 7.81663475209e-05, 0.000131530687213, 0.000145069541759, 0.000102576617792, 9.28623558138e-05, 5.39296634088e-05, 6.31618677289e-05, 3.68153851014e-05, 1.61071984621e-05, 7.67669735069e-06, 1.23939316836e-05, 3.25735272781e-05, 2.03512081498e-05, 9.83467725746e-06, 1.57506565301e-05, 1.61711432156e-05, 1.16351629913e-05, 6.29443184152e-06, 4.46491367256e-06, 3.83916813007e-06, 4.58166732642e-06, 5.78898016101e-06, 5.78371100346e-06, 5.38732683708e-06, 4.27383065471e-06, 4.25685129812e-06, 3.12507791023e-06],
        "var": [4.46490474815e-07, 2.42046485255e-06, 4.90105730933e-06, 2.74714125226e-06, 6.6208485805e-07, 1.62272806392e-06, 1.66813504165e-06, 1.2869132604e-07, 1.98292067211e-08, 4.77888534078e-07, 5.1769853826e-07, 2.52562188052e-07, 6.76228069096e-08, 6.10997830108e-09, 1.7300322952e-08, 2.10451709393e-08, 1.05219628566e-08, 8.6234175356e-09, 2.908408403e-09, 3.98942168189e-09, 1.35537270296e-09, 2.59441856887e-10, 5.89316859201e-11, 1.53609541753e-10, 1.06103459352e-09, 4.14171696939e-10, 9.67208813041e-11, 2.48083165122e-10, 2.61505872512e-10, 1.35377015154e-10, 3.96198698849e-11, 1.9935454329e-11, 1.47392133221e-11, 2.09916736771e-11, 3.35122901651e-11, 3.34513146349e-11, 2.90232907152e-11, 1.82656268582e-11, 1.81207843869e-11, 9.76611153058e-12]
    },
    "melbands128": {
